0 1 0

1 1 0.000453438

2 1 0.000905086

3 1 0.00135316

4 1 0.0017959

5 1 0.00223155

6 1 0.00265839

7 1 0.00307474

8 1 0.00347895

9 1 0.00386944

10 1 0.00424465

11 1 0.00460312

12 1 0.00494341

13 1 0.0052642

14 1 0.00556421

15 1 0.00584226

16 1 0.00609726

17 1 0.00632819

18 1 0.00653415

19 1 0.00671432

20 1 0.00686799

21 1 0.00699456

22 1 0.00709352

23 1 0.00716449

24 1 0.00720718

25 1 0.00722143

26 1 0.00720718

27 1 0.00716449

28 1 0.00709352

29 1 0.00699456

30 1 0.00686799

31 1 0.00671432

32 1 0.00653415

33 1 0.00632819

34 1 0.00609726

35 1 0.00584226

36 1 0.00556421

37 1 0.0052642

38 1 0.00494341

39 1 0.00460312

40 1 0.00424465

41 1 0.00386944

42 1 0.00347895

43 1 0.00307474

44 1 0.00265839

45 1 0.00223155

46 1 0.0017959

47 1 0.00135316

48 1 0.000905086

49 1 0.000453438

50 1 0

0 2 0

1 2 0.000905086

2 2 0.0018066

3 2 0.00270098

4 2 0.00358471

5 2 0.00445428

6 2 0.00530628

7 2 0.00613734

8 2 0.00694417

9 2 0.0077236

10 2 0.00847255

11 2 0.00918806

12 2 0.00986731

13 2 0.0105076

14 2 0.0111065

15 2 0.0116615

16 2 0.0121705

17 2 0.0126314

18 2 0.0130425

19 2 0.0134021

20 2 0.0137089

21 2 0.0139615

22 2 0.0141591

23 2 0.0143007

24 2 0.0143859

25 2 0.0144144

26 2 0.0143859

27 2 0.0143007

28 2 0.0141591

29 2 0.0139615

30 2 0.0137089

31 2 0.0134021

32 2 0.0130425

33 2 0.0126314

34 2 0.0121705

35 2 0.0116615

36 2 0.0111065

37 2 0.0105076

38 2 0.00986731

39 2 0.00918806

40 2 0.00847255

41 2 0.0077236

42 2 0.00694417

43 2 0.00613734

44 2 0.00530628

45 2 0.00445428

46 2 0.00358471

47 2 0.00270098

48 2 0.0018066

49 2 0.000905086

50 2 0

0 3 0

1 3 0.00135316

2 3 0.00270098

3 3 0.00403815

4 3 0.00535937

5 3 0.00665944

6 3 0.00793324

7 3 0.00917572

8 3 0.010382

9 3 0.0115473

10 3 0.012667

11 3 0.0137368

12 3 0.0147523

13 3 0.0157096

14 3 0.0166049

15 3 0.0174347

16 3 0.0181956

17 3 0.0188848

18 3 0.0194994

19 3 0.0200371

20 3 0.0204957

21 3 0.0208734

22 3 0.0211687

23 3 0.0213805

24 3 0.0215079

25 3 0.0215504

26 3 0.0215079

27 3 0.0213805

28 3 0.0211687

29 3 0.0208734

30 3 0.0204957

31 3 0.0200371

32 3 0.0194994

33 3 0.0188848

34 3 0.0181956

35 3 0.0174347

36 3 0.0166049

37 3 0.0157096

38 3 0.0147523

39 3 0.0137368

40 3 0.012667

41 3 0.0115473

42 3 0.010382

43 3 0.00917572

44 3 0.00793324

45 3 0.00665944

46 3 0.00535937

47 3 0.00403815

48 3 0.00270098

49 3 0.00135316

50 3 0

0 4 0

1 4 0.0017959

2 4 0.00358471

3 4 0.00535937

4 4 0.00711288

5 4 0.00883832

6 4 0.0105289

7 4 0.0121779

8 4 0.0137788

9 4 0.0153254

10 4 0.0168115

11 4 0.0182312

12 4 0.019579

13 4 0.0208495

14 4 0.0220378

15 4 0.023139

16 4 0.024149

17 4 0.0250636

18 4 0.0258793

19 4 0.0265929

20 4 0.0272016

21 4 0.0277028

22 4 0.0280948

23 4 0.0283759

24 4 0.028545

25 4 0.0286014

26 4 0.028545

27 4 0.0283759

28 4 0.0280948

29 4 0.0277028

30 4 0.0272016

31 4 0.0265929

32 4 0.0258793

33 4 0.0250636

34 4 0.024149

35 4 0.023139

36 4 0.0220378

37 4 0.0208495

38 4 0.019579

39 4 0.0182312

40 4 0.0168115

41 4 0.0153254

42 4 0.0137788

43 4 0.0121779

44 4 0.0105289

45 4 0.00883832

46 4 0.00711288

47 4 0.00535937

48 4 0.00358471

49 4 0.0017959

50 4 0

0 5 0

1 5 0.00223155

2 5 0.00445428

3 5 0.00665944

4 5 0.00883832

5 5 0.0109823

6 5 0.013083

7 5 0.015132

8 5 0.0171213

9 5 0.019043

10 5 0.0208896

11 5 0.0226538

12 5 0.0243285

13 5 0.0259072

14 5 0.0273837

15 5 0.0287521

16 5 0.030007

17 5 0.0311435

18 5 0.0321571

19 5 0.0330438

20 5 0.0338001

21 5 0.034423

22 5 0.03491

23 5 0.0352593

24 5 0.0354694

25 5 0.0355395

26 5 0.0354694

27 5 0.0352593

28 5 0.03491

29 5 0.034423

30 5 0.0338001

31 5 0.0330438

32 5 0.0321571

33 5 0.0311435

34 5 0.030007

35 5 0.0287521

36 5 0.0273837

37 5 0.0259072

38 5 0.0243285

39 5 0.0226538

40 5 0.0208896

41 5 0.019043

42 5 0.0171213

43 5 0.015132

44 5 0.013083

45 5 0.0109823

46 5 0.00883832

47 5 0.00665944

48 5 0.00445428

49 5 0.00223155

50 5 0

0 6 0

1 6 0.00265839

2 6 0.00530628

3 6 0.00793324

4 6 0.0105289

5 6 0.013083

6 6 0.0155854

7 6 0.0180264

8 6 0.0203962

9 6 0.0226855

10 6 0.0248853

11 6 0.0269869

12 6 0.0289819

13 6 0.0308626

14 6 0.0326215

15 6 0.0342517

16 6 0.0357466

17 6 0.0371005

18 6 0.038308

19 6 0.0393643

20 6 0.0402653

21 6 0.0410073

22 6 0.0415875

23 6 0.0420036

24 6 0.0422539

25 6 0.0423374

26 6 0.0422539

27 6 0.0420036

28 6 0.0415875

29 6 0.0410073

30 6 0.0402653

31 6 0.0393643

32 6 0.038308

33 6 0.0371005

34 6 0.0357466

35 6 0.0342517

36 6 0.0326215

37 6 0.0308626

38 6 0.0289819

39 6 0.0269869

40 6 0.0248853

41 6 0.0226855

42 6 0.0203962

43 6 0.0180264

44 6 0.0155854

45 6 0.013083

46 6 0.0105289

47 6 0.00793324

48 6 0.00530628

49 6 0.00265839

50 6 0

0 7 0

1 7 0.00307474

2 7 0.00613734

3 7 0.00917572

4 7 0.0121779

5 7 0.015132

6 7 0.0180264

7 7 0.0208496

8 7 0.0235906

9 7 0.0262385

10 7 0.0287828

11 7 0.0312135

12 7 0.033521

13 7 0.0356963

14 7 0.0377306

15 7 0.0396161

16 7 0.0413452

17 7 0.0429111

18 7 0.0443077

19 7 0.0455295

20 7 0.0465715

21 7 0.0474297

22 7 0.0481008

23 7 0.048582

24 7 0.0488715

25 7 0.0489682

26 7 0.0488715

27 7 0.048582

28 7 0.0481008

29 7 0.0474297

30 7 0.0465715

31 7 0.0455295

32 7 0.0443077

33 7 0.0429111

34 7 0.0413452

35 7 0.0396161

36 7 0.0377306

37 7 0.0356963

38 7 0.033521

39 7 0.0312135

40 7 0.0287828

41 7 0.0262385

42 7 0.0235906

43 7 0.0208496

44 7 0.0180264

45 7 0.015132

46 7 0.0121779

47 7 0.00917572

48 7 0.00613734

49 7 0.00307474

50 7 0

0 8 0

1 8 0.00347895

2 8 0.00694417

3 8 0.010382

4 8 0.0137788

5 8 0.0171213

6 8 0.0203962

7 8 0.0235906

8 8 0.0266919

9 8 0.0296879

10 8 0.0325667

11 8 0.0353169

12 8 0.0379278

13 8 0.040389

14 8 0.0426908

15 8 0.0448241

16 8 0.0467806

17 8 0.0485524

18 8 0.0501326

19 8 0.0515149

20 8 0.0526939

21 8 0.053665

22 8 0.0544243

23 8 0.0549688

24 8 0.0552964

25 8 0.0554057

26 8 0.0552964

27 8 0.0549688

28 8 0.0544243

29 8 0.053665

30 8 0.0526939

31 8 0.0515149

32 8 0.0501326

33 8 0.0485524

34 8 0.0467806

35 8 0.0448241

36 8 0.0426908

37 8 0.040389

38 8 0.0379278

39 8 0.0353169

40 8 0.0325667

41 8 0.0296879

42 8 0.0266919

43 8 0.0235906

44 8 0.0203962

45 8 0.0171213

46 8 0.0137788

47 8 0.010382

48 8 0.00694417

49 8 0.00347895

50 8 0

0 9 0

1 9 0.00386944

2 9 0.0077236

3 9 0.0115473

4 9 0.0153254

5 9 0.019043

6 9 0.0226855

7 9 0.0262385

8 9 0.0296879

9 9 0.0330201

10 9 0.036222

11 9 0.039281

12 9 0.0421849

13 9 0.0449224

14 9 0.0474825

15 9 0.0498553

16 9 0.0520313

17 9 0.054002

18 9 0.0557596

19 9 0.0572971

20 9 0.0586084

21 9 0.0596885

22 9 0.060533

23 9 0.0611386

24 9 0.061503

25 9 0.0616246

26 9 0.061503

27 9 0.0611386

28 9 0.060533

29 9 0.0596885

30 9 0.0586084

31 9 0.0572971

32 9 0.0557596

33 9 0.054002

34 9 0.0520313

35 9 0.0498553

36 9 0.0474825

37 9 0.0449224

38 9 0.0421849

39 9 0.039281

40 9 0.036222

41 9 0.0330201

42 9 0.0296879

43 9 0.0262385

44 9 0.0226855

45 9 0.019043

46 9 0.0153254

47 9 0.0115473

48 9 0.0077236

49 9 0.00386944

50 9 0

0 10 0

1 10 0.00424465

2 10 0.00847255

3 10 0.012667

4 10 0.0168115

5 10 0.0208896

6 10 0.0248853

7 10 0.0287828

8 10 0.0325667

9 10 0.036222

10 10 0.0397344

11 10 0.04309

12 10 0.0462755

13 10 0.0492784

14 10 0.0520869

15 10 0.0546897

16 10 0.0570767

17 10 0.0592385

18 10 0.0611665

19 10 0.0628531

20 10 0.0642916

21 10 0.0654764

22 10 0.0664028

23 10 0.0670672

24 10 0.0674668

25 10 0.0676002

26 10 0.0674668

27 10 0.0670672

28 10 0.0664028

29 10 0.0654764

30 10 0.0642916

31 10 0.0628531

32 10 0.0611665

33 10 0.0592385

34 10 0.0570767

35 10 0.0546897

36 10 0.0520869

37 10 0.0492784

38 10 0.0462755

39 10 0.04309

40 10 0.0397344

41 10 0.036222

42 10 0.0325667

43 10 0.0287828

44 10 0.0248853

45 10 0.0208896

46 10 0.0168115

47 10 0.012667

48 10 0.00847255

49 10 0.00424465

50 10 0

0 11 0

1 11 0.00460312

2 11 0.00918806

3 11 0.0137368

4 11 0.0182312

5 11 0.0226538

6 11 0.0269869

7 11 0.0312135

8 11 0.0353169

9 11 0.039281

10 11 0.04309

11 11 0.046729

12 11 0.0501835

13 11 0.05344

14 11 0.0564856

15 11 0.0593083

16 11 0.0618969

17 11 0.0642412

18 11 0.066332

19 11 0.0681611

20 11 0.0697211

21 11 0.0710059

22 11 0.0720106

23 11 0.072731

24 11 0.0731644

25 11 0.0733091

26 11 0.0731644

27 11 0.072731

28 11 0.0720106

29 11 0.0710059

30 11 0.0697211

31 11 0.0681611

32 11 0.066332

33 11 0.0642412

34 11 0.0618969

35 11 0.0593083

36 11 0.0564856

37 11 0.05344

38 11 0.0501835

39 11 0.046729

40 11 0.04309

41 11 0.039281

42 11 0.0353169

43 11 0.0312135

44 11 0.0269869

45 11 0.0226538

46 11 0.0182312

47 11 0.0137368

48 11 0.00918806

49 11 0.00460312

50 11 0

0 12 0

1 12 0.00494341

2 12 0.00986731

3 12 0.0147523

4 12 0.019579

5 12 0.0243285

6 12 0.0289819

7 12 0.033521

8 12 0.0379278

9 12 0.0421849

10 12 0.0462755

11 12 0.0501835

12 12 0.0538935

13 12 0.0573907

14 12 0.0606615

15 12 0.0636928

16 12 0.0664728

17 12 0.0689904

18 12 0.0712358

19 12 0.0732

20 12 0.0748754

21 12 0.0762552

22 12 0.0773341

23 12 0.0781078

24 12 0.0785733

25 12 0.0787286

26 12 0.0785733

27 12 0.0781078

28 12 0.0773341

29 12 0.0762552

30 12 0.0748754

31 12 0.0732

32 12 0.0712358

33 12 0.0689904

34 12 0.0664728

35 12 0.0636928

36 12 0.0606615

37 12 0.0573907

38 12 0.0538935

39 12 0.0501835

40 12 0.0462755

41 12 0.0421849

42 12 0.0379278

43 12 0.033521

44 12 0.0289819

45 12 0.0243285

46 12 0.019579

47 12 0.0147523

48 12 0.00986731

49 12 0.00494341

50 12 0

0 13 0

1 13 0.0052642

2 13 0.0105076

3 13 0.0157096

4 13 0.0208495

5 13 0.0259072

6 13 0.0308626

7 13 0.0356963

8 13 0.040389

9 13 0.0449224

10 13 0.0492784

11 13 0.05344

12 13 0.0573907

13 13 0.0611149

14 13 0.0645979

15 13 0.0678259

16 13 0.0707863

17 13 0.0734673

18 13 0.0758584

19 13 0.0779501

20 13 0.0797342

21 13 0.0812036

22 13 0.0823525

23 13 0.0831764

24 13 0.083672

25 13 0.0838375

26 13 0.083672

27 13 0.0831764

28 13 0.0823525

29 13 0.0812036

30 13 0.0797342

31 13 0.0779501

32 13 0.0758584

33 13 0.0734673

34 13 0.0707863

35 13 0.0678259

36 13 0.0645979

37 13 0.0611149

38 13 0.0573907

39 13 0.05344

40 13 0.0492784

41 13 0.0449224

42 13 0.040389

43 13 0.0356963

44 13 0.0308626

45 13 0.0259072

46 13 0.0208495

47 13 0.0157096

48 13 0.0105076

49 13 0.0052642

50 13 0

0 14 0

1 14 0.00556421

2 14 0.0111065

3 14 0.0166049

4 14 0.0220378

5 14 0.0273837

6 14 0.0326215

7 14 0.0377306

8 14 0.0426908

9 14 0.0474825

10 14 0.0520869

11 14 0.0564856

12 14 0.0606615

13 14 0.0645979

14 14 0.0682794

15 14 0.0716914

16 14 0.0748205

17 14 0.0776543

18 14 0.0801817

19 14 0.0823926

20 14 0.0842783

21 14 0.0858314

22 14 0.0870458

23 14 0.0879167

24 14 0.0884406

25 14 0.0886155

26 14 0.0884406

27 14 0.0879167

28 14 0.0870458

29 14 0.0858314

30 14 0.0842783

31 14 0.0823926

32 14 0.0801817

33 14 0.0776543

34 14 0.0748205

35 14 0.0716914

36 14 0.0682794

37 14 0.0645979

38 14 0.0606615

39 14 0.0564856

40 14 0.0520869

41 14 0.0474825

42 14 0.0426908

43 14 0.0377306

44 14 0.0326215

45 14 0.0273837

46 14 0.0220378

47 14 0.0166049

48 14 0.0111065

49 14 0.00556421

50 14 0

0 15 0

1 15 0.00584226

2 15 0.0116615

3 15 0.0174347

4 15 0.023139

5 15 0.0287521

6 15 0.0342517

7 15 0.0396161

8 15 0.0448241

9 15 0.0498553

10 15 0.0546897

11 15 0.0593083

12 15 0.0636928

13 15 0.0678259

14 15 0.0716914

15 15 0.0752739

16 15 0.0785594

17 15 0.0815348

18 15 0.0841885

19 15 0.0865099

20 15 0.0884898

21 15 0.0901206

22 15 0.0913956

23 15 0.09231

24 15 0.0928601

25 15 0.0930437

26 15 0.0928601

27 15 0.09231

28 15 0.0913956

29 15 0.0901206

30 15 0.0884898

31 15 0.0865099

32 15 0.0841885

33 15 0.0815348

34 15 0.0785594

35 15 0.0752739

36 15 0.0716914

37 15 0.0678259

38 15 0.0636928

39 15 0.0593083

40 15 0.0546897

41 15 0.0498553

42 15 0.0448241

43 15 0.0396161

44 15 0.0342517

45 15 0.0287521

46 15 0.023139

47 15 0.0174347

48 15 0.0116615

49 15 0.00584226

50 15 0

0 16 0

1 16 0.00609726

2 16 0.0121705

3 16 0.0181956

4 16 0.024149

5 16 0.030007

6 16 0.0357466

7 16 0.0413452

8 16 0.0467806

9 16 0.0520313

10 16 0.0570767

11 16 0.0618969

12 16 0.0664728

13 16 0.0707863

14 16 0.0748205

15 16 0.0785594

16 16 0.0819883

17 16 0.0850936

18 16 0.087863

19 16 0.0902857

20 16 0.0923521

21 16 0.094054

22 16 0.0953848

23 16 0.0963391

24 16 0.0969131

25 16 0.0971048

26 16 0.0969131

27 16 0.0963391

28 16 0.0953848

29 16 0.094054

30 16 0.0923521

31 16 0.0902857

32 16 0.087863

33 16 0.0850936

34 16 0.0819883

35 16 0.0785594

36 16 0.0748205

37 16 0.0707863

38 16 0.0664728

39 16 0.0618969

40 16 0.0570767

41 16 0.0520313

42 16 0.0467806

43 16 0.0413452

44 16 0.0357466

45 16 0.030007

46 16 0.024149

47 16 0.0181956

48 16 0.0121705

49 16 0.00609726

50 16 0

0 17 0

1 17 0.00632819

2 17 0.0126314

3 17 0.0188848

4 17 0.0250636

5 17 0.0311435

6 17 0.0371005

7 17 0.0429111

8 17 0.0485524

9 17 0.054002

10 17 0.0592385

11 17 0.0642412

12 17 0.0689904

13 17 0.0734673

14 17 0.0776543

15 17 0.0815348

16 17 0.0850936

17 17 0.0883165

18 17 0.0911908

19 17 0.0937053

20 17 0.0958499

21 17 0.0976163

22 17 0.0989974

23 17 0.0999879

24 17 0.100584

25 17 0.100783

26 17 0.100584

27 17 0.0999879

28 17 0.0989974

29 17 0.0976163

30 17 0.0958499

31 17 0.0937053

32 17 0.0911908

33 17 0.0883165

34 17 0.0850936

35 17 0.0815348

36 17 0.0776543

37 17 0.0734673

38 17 0.0689904

39 17 0.0642412

40 17 0.0592385

41 17 0.054002

42 17 0.0485524

43 17 0.0429111

44 17 0.0371005

45 17 0.0311435

46 17 0.0250636

47 17 0.0188848

48 17 0.0126314

49 17 0.00632819

50 17 0

0 18 0

1 18 0.00653415

2 18 0.0130425

3 18 0.0194994

4 18 0.0258793

5 18 0.0321571

6 18 0.038308

7 18 0.0443077

8 18 0.0501326

9 18 0.0557596

10 18 0.0611665

11 18 0.066332

12 18 0.0712358

13 18 0.0758584

14 18 0.0801817

15 18 0.0841885

16 18 0.087863

17 18 0.0911908

18 18 0.0941587

19 18 0.096755

20 18 0.0989695

21 18 0.100793

22 18 0.102219

23 18 0.103242

24 18 0.103857

25 18 0.104063

26 18 0.103857

27 18 0.103242

28 18 0.102219

29 18 0.100793

30 18 0.0989695

31 18 0.096755

32 18 0.0941587

33 18 0.0911908

34 18 0.087863

35 18 0.0841885

36 18 0.0801817

37 18 0.0758584

38 18 0.0712358

39 18 0.066332

40 18 0.0611665

41 18 0.0557596

42 18 0.0501326

43 18 0.0443077

44 18 0.038308

45 18 0.0321571

46 18 0.0258793

47 18 0.0194994

48 18 0.0130425

49 18 0.00653415

50 18 0

0 19 0

1 19 0.00671432

2 19 0.0134021

3 19 0.0200371

4 19 0.0265929

5 19 0.0330438

6 19 0.0393643

7 19 0.0455295

8 19 0.0515149

9 19 0.0572971

10 19 0.0628531

11 19 0.0681611

12 19 0.0732

13 19 0.0779501

14 19 0.0823926

15 19 0.0865099

16 19 0.0902857

17 19 0.0937053

18 19 0.096755

19 19 0.0994229

20 19 0.101698

21 19 0.103573

22 19 0.105038

23 19 0.106089

24 19 0.106721

25 19 0.106932

26 19 0.106721

27 19 0.106089

28 19 0.105038

29 19 0.103573

30 19 0.101698

31 19 0.0994229

32 19 0.096755

33 19 0.0937053

34 19 0.0902857

35 19 0.0865099

36 19 0.0823926

37 19 0.0779501

38 19 0.0732

39 19 0.0681611

40 19 0.0628531

41 19 0.0572971

42 19 0.0515149

43 19 0.0455295

44 19 0.0393643

45 19 0.0330438

46 19 0.0265929

47 19 0.0200371

48 19 0.0134021

49 19 0.00671432

50 19 0

0 20 0

1 20 0.00686799

2 20 0.0137089

3 20 0.0204957

4 20 0.0272016

5 20 0.0338001

6 20 0.0402653

7 20 0.0465715

8 20 0.0526939

9 20 0.0586084

10 20 0.0642916

11 20 0.0697211

12 20 0.0748754

13 20 0.0797342

14 20 0.0842783

15 20 0.0884898

16 20 0.0923521

17 20 0.0958499

18 20 0.0989695

19 20 0.101698

20 20 0.104026

21 20 0.105943

22 20 0.107442

23 20 0.108517

24 20 0.109164

25 20 0.109379

26 20 0.109164

27 20 0.108517

28 20 0.107442

29 20 0.105943

30 20 0.104026

31 20 0.101698

32 20 0.0989695

33 20 0.0958499

34 20 0.0923521

35 20 0.0884898

36 20 0.0842783

37 20 0.0797342

38 20 0.0748754

39 20 0.0697211

40 20 0.0642916

41 20 0.0586084

42 20 0.0526939

43 20 0.0465715

44 20 0.0402653

45 20 0.0338001

46 20 0.0272016

47 20 0.0204957

48 20 0.0137089

49 20 0.00686799

50 20 0

0 21 0

1 21 0.00699456

2 21 0.0139615

3 21 0.0208734

4 21 0.0277028

5 21 0.034423

6 21 0.0410073

7 21 0.0474297

8 21 0.053665

9 21 0.0596885

10 21 0.0654764

11 21 0.0710059

12 21 0.0762552

13 21 0.0812036

14 21 0.0858314

15 21 0.0901206

16 21 0.094054

17 21 0.0976163

18 21 0.100793

19 21 0.103573

20 21 0.105943

21 21 0.107895

22 21 0.109422

23 21 0.110517

24 21 0.111175

25 21 0.111395

26 21 0.111175

27 21 0.110517

28 21 0.109422

29 21 0.107895

30 21 0.105943

31 21 0.103573

32 21 0.100793

33 21 0.0976163

34 21 0.094054

35 21 0.0901206

36 21 0.0858314

37 21 0.0812036

38 21 0.0762552

39 21 0.0710059

40 21 0.0654764

41 21 0.0596885

42 21 0.053665

43 21 0.0474297

44 21 0.0410073

45 21 0.034423

46 21 0.0277028

47 21 0.0208734

48 21 0.0139615

49 21 0.00699456

50 21 0

0 22 0

1 22 0.00709352

2 22 0.0141591

3 22 0.0211687

4 22 0.0280948

5 22 0.03491

6 22 0.0415875

7 22 0.0481008

8 22 0.0544243

9 22 0.060533

10 22 0.0664028

11 22 0.0720106

12 22 0.0773341

13 22 0.0823525

14 22 0.0870458

15 22 0.0913956

16 22 0.0953848

17 22 0.0989974

18 22 0.102219

19 22 0.105038

20 22 0.107442

21 22 0.109422

22 22 0.11097

23 22 0.11208

24 22 0.112748

25 22 0.112971

26 22 0.112748

27 22 0.11208

28 22 0.11097

29 22 0.109422

30 22 0.107442

31 22 0.105038

32 22 0.102219

33 22 0.0989974

34 22 0.0953848

35 22 0.0913956

36 22 0.0870458

37 22 0.0823525

38 22 0.0773341

39 22 0.0720106

40 22 0.0664028

41 22 0.060533

42 22 0.0544243

43 22 0.0481008

44 22 0.0415875

45 22 0.03491

46 22 0.0280948

47 22 0.0211687

48 22 0.0141591

49 22 0.00709352

50 22 0

0 23 0

1 23 0.00716449

2 23 0.0143007

3 23 0.0213805

4 23 0.0283759

5 23 0.0352593

6 23 0.0420036

7 23 0.048582

8 23 0.0549688

9 23 0.0611386

10 23 0.0670672

11 23 0.072731

12 23 0.0781078

13 23 0.0831764

14 23 0.0879167

15 23 0.09231

16 23 0.0963391

17 23 0.0999879

18 23 0.103242

19 23 0.106089

20 23 0.108517

21 23 0.110517

22 23 0.11208

23 23 0.113202

24 23 0.113876

25 23 0.114101

26 23 0.113876

27 23 0.113202

28 23 0.11208

29 23 0.110517

30 23 0.108517

31 23 0.106089

32 23 0.103242

33 23 0.0999879

34 23 0.0963391

35 23 0.09231

36 23 0.0879167

37 23 0.0831764

38 23 0.0781078

39 23 0.072731

40 23 0.0670672

41 23 0.0611386

42 23 0.0549688

43 23 0.048582

44 23 0.0420036

45 23 0.0352593

46 23 0.0283759

47 23 0.0213805

48 23 0.0143007

49 23 0.00716449

50 23 0

0 24 0

1 24 0.00720718

2 24 0.0143859

3 24 0.0215079

4 24 0.028545

5 24 0.0354694

6 24 0.0422539

7 24 0.0488715

8 24 0.0552964

9 24 0.061503

10 24 0.0674668

11 24 0.0731644

12 24 0.0785733

13 24 0.083672

14 24 0.0884406

15 24 0.0928601

16 24 0.0969131

17 24 0.100584

18 24 0.103857

19 24 0.106721

20 24 0.109164

21 24 0.111175

22 24 0.112748

23 24 0.113876

24 24 0.114555

25 24 0.114781

26 24 0.114555

27 24 0.113876

28 24 0.112748

29 24 0.111175

30 24 0.109164

31 24 0.106721

32 24 0.103857

33 24 0.100584

34 24 0.0969131

35 24 0.0928601

36 24 0.0884406

37 24 0.083672

38 24 0.0785733

39 24 0.0731644

40 24 0.0674668

41 24 0.061503

42 24 0.0552964

43 24 0.0488715

44 24 0.0422539

45 24 0.0354694

46 24 0.028545

47 24 0.0215079

48 24 0.0143859

49 24 0.00720718

50 24 0

0 25 0

1 25 0.00722143

2 25 0.0144144

3 25 0.0215504

4 25 0.0286014

5 25 0.0355395

6 25 0.0423374

7 25 0.0489682

8 25 0.0554057

9 25 0.0616246

10 25 0.0676002

11 25 0.0733091

12 25 0.0787286

13 25 0.0838375

14 25 0.0886155

15 25 0.0930437

16 25 0.0971048

17 25 0.100783

18 25 0.104063

19 25 0.106932

20 25 0.109379

21 25 0.111395

22 25 0.112971

23 25 0.114101

24 25 0.114781

25 25 0.115008

26 25 0.114781

27 25 0.114101

28 25 0.112971

29 25 0.111395

30 25 0.109379

31 25 0.106932

32 25 0.104063

33 25 0.100783

34 25 0.0971048

35 25 0.0930437

36 25 0.0886155

37 25 0.0838375

38 25 0.0787286

39 25 0.0733091

40 25 0.0676002

41 25 0.0616246

42 25 0.0554057

43 25 0.0489682

44 25 0.0423374

45 25 0.0355395

46 25 0.0286014

47 25 0.0215504

48 25 0.0144144

49 25 0.00722143

50 25 0

0 26 0

1 26 0.00720718

2 26 0.0143859

3 26 0.0215079

4 26 0.028545

5 26 0.0354694

6 26 0.0422539

7 26 0.0488715

8 26 0.0552964

9 26 0.061503

10 26 0.0674668

11 26 0.0731644

12 26 0.0785733

13 26 0.083672

14 26 0.0884406

15 26 0.0928601

16 26 0.0969131

17 26 0.100584

18 26 0.103857

19 26 0.106721

20 26 0.109164

21 26 0.111175

22 26 0.112748

23 26 0.113876

24 26 0.114555

25 26 0.114781

26 26 0.114555

27 26 0.113876

28 26 0.112748

29 26 0.111175

30 26 0.109164

31 26 0.106721

32 26 0.103857

33 26 0.100584

34 26 0.0969131

35 26 0.0928601

36 26 0.0884406

37 26 0.083672

38 26 0.0785733

39 26 0.0731644

40 26 0.0674668

41 26 0.061503

42 26 0.0552964

43 26 0.0488715

44 26 0.0422539

45 26 0.0354694

46 26 0.028545

47 26 0.0215079

48 26 0.0143859

49 26 0.00720718

50 26 0

0 27 0

1 27 0.00716449

2 27 0.0143007

3 27 0.0213805

4 27 0.0283759

5 27 0.0352593

6 27 0.0420036

7 27 0.048582

8 27 0.0549688

9 27 0.0611386

10 27 0.0670672

11 27 0.072731

12 27 0.0781078

13 27 0.0831764

14 27 0.0879167

15 27 0.09231

16 27 0.0963391

17 27 0.0999879

18 27 0.103242

19 27 0.106089

20 27 0.108517

21 27 0.110517

22 27 0.11208

23 27 0.113202

24 27 0.113876

25 27 0.114101

26 27 0.113876

27 27 0.113202

28 27 0.11208

29 27 0.110517

30 27 0.108517

31 27 0.106089

32 27 0.103242

33 27 0.0999879

34 27 0.0963391

35 27 0.09231

36 27 0.0879167

37 27 0.0831764

38 27 0.0781078

39 27 0.072731

40 27 0.0670672

41 27 0.0611386

42 27 0.0549688

43 27 0.048582

44 27 0.0420036

45 27 0.0352593

46 27 0.0283759

47 27 0.0213805

48 27 0.0143007

49 27 0.00716449

50 27 0

0 28 0

1 28 0.00709352

2 28 0.0141591

3 28 0.0211687

4 28 0.0280948

5 28 0.03491

6 28 0.0415875

7 28 0.0481008

8 28 0.0544243

9 28 0.060533

10 28 0.0664028

11 28 0.0720106

12 28 0.0773341

13 28 0.0823525

14 28 0.0870458

15 28 0.0913956

16 28 0.0953848

17 28 0.0989974

18 28 0.102219

19 28 0.105038

20 28 0.107442

21 28 0.109422

22 28 0.11097

23 28 0.11208

24 28 0.112748

25 28 0.112971

26 28 0.112748

27 28 0.11208

28 28 0.11097

29 28 0.109422

30 28 0.107442

31 28 0.105038

32 28 0.102219

33 28 0.0989974

34 28 0.0953848

35 28 0.0913956

36 28 0.0870458

37 28 0.0823525

38 28 0.0773341

39 28 0.0720106

40 28 0.0664028

41 28 0.060533

42 28 0.0544243

43 28 0.0481008

44 28 0.0415875

45 28 0.03491

46 28 0.0280948

47 28 0.0211687

48 28 0.0141591

49 28 0.00709352

50 28 0

0 29 0

1 29 0.00699456

2 29 0.0139615

3 29 0.0208734

4 29 0.0277028

5 29 0.034423

6 29 0.0410073

7 29 0.0474297

8 29 0.053665

9 29 0.0596885

10 29 0.0654764

11 29 0.0710059

12 29 0.0762552

13 29 0.0812036

14 29 0.0858314

15 29 0.0901206

16 29 0.094054

17 29 0.0976163

18 29 0.100793

19 29 0.103573

20 29 0.105943

21 29 0.107895

22 29 0.109422

23 29 0.110517

24 29 0.111175

25 29 0.111395

26 29 0.111175

27 29 0.110517

28 29 0.109422

29 29 0.107895

30 29 0.105943

31 29 0.103573

32 29 0.100793

33 29 0.0976163

34 29 0.094054

35 29 0.0901206

36 29 0.0858314

37 29 0.0812036

38 29 0.0762552

39 29 0.0710059

40 29 0.0654764

41 29 0.0596885

42 29 0.053665

43 29 0.0474297

44 29 0.0410073

45 29 0.034423

46 29 0.0277028

47 29 0.0208734

48 29 0.0139615

49 29 0.00699456

50 29 0

0 30 0

1 30 0.00686799

2 30 0.0137089

3 30 0.0204957

4 30 0.0272016

5 30 0.0338001

6 30 0.0402653

7 30 0.0465715

8 30 0.0526939

9 30 0.0586084

10 30 0.0642916

11 30 0.0697211

12 30 0.0748754

13 30 0.0797342

14 30 0.0842783

15 30 0.0884898

16 30 0.0923521

17 30 0.0958499

18 30 0.0989695

19 30 0.101698

20 30 0.104026

21 30 0.105943

22 30 0.107442

23 30 0.108517

24 30 0.109164

25 30 0.109379

26 30 0.109164

27 30 0.108517

28 30 0.107442

29 30 0.105943

30 30 0.104026

31 30 0.101698

32 30 0.0989695

33 30 0.0958499

34 30 0.0923521

35 30 0.0884898

36 30 0.0842783

37 30 0.0797342

38 30 0.0748754

39 30 0.0697211

40 30 0.0642916

41 30 0.0586084

42 30 0.0526939

43 30 0.0465715

44 30 0.0402653

45 30 0.0338001

46 30 0.0272016

47 30 0.0204957

48 30 0.0137089

49 30 0.00686799

50 30 0

0 31 0

1 31 0.00671432

2 31 0.0134021

3 31 0.0200371

4 31 0.0265929

5 31 0.0330438

6 31 0.0393643

7 31 0.0455295

8 31 0.0515149

9 31 0.0572971

10 31 0.0628531

11 31 0.0681611

12 31 0.0732

13 31 0.0779501

14 31 0.0823926

15 31 0.0865099

16 31 0.0902857

17 31 0.0937053

18 31 0.096755

19 31 0.0994229

20 31 0.101698

21 31 0.103573

22 31 0.105038

23 31 0.106089

24 31 0.106721

25 31 0.106932

26 31 0.106721

27 31 0.106089

28 31 0.105038

29 31 0.103573

30 31 0.101698

31 31 0.0994229

32 31 0.096755

33 31 0.0937053

34 31 0.0902857

35 31 0.0865099

36 31 0.0823926

37 31 0.0779501

38 31 0.0732

39 31 0.0681611

40 31 0.0628531

41 31 0.0572971

42 31 0.0515149

43 31 0.0455295

44 31 0.0393643

45 31 0.0330438

46 31 0.0265929

47 31 0.0200371

48 31 0.0134021

49 31 0.00671432

50 31 0

0 32 0

1 32 0.00653415

2 32 0.0130425

3 32 0.0194994

4 32 0.0258793

5 32 0.0321571

6 32 0.038308

7 32 0.0443077

8 32 0.0501326

9 32 0.0557596

10 32 0.0611665

11 32 0.066332

12 32 0.0712358

13 32 0.0758584

14 32 0.0801817

15 32 0.0841885

16 32 0.087863

17 32 0.0911908

18 32 0.0941587

19 32 0.096755

20 32 0.0989695

21 32 0.100793

22 32 0.102219

23 32 0.103242

24 32 0.103857

25 32 0.104063

26 32 0.103857

27 32 0.103242

28 32 0.102219

29 32 0.100793

30 32 0.0989695

31 32 0.096755

32 32 0.0941587

33 32 0.0911908

34 32 0.087863

35 32 0.0841885

36 32 0.0801817

37 32 0.0758584

38 32 0.0712358

39 32 0.066332

40 32 0.0611665

41 32 0.0557596

42 32 0.0501326

43 32 0.0443077

44 32 0.038308

45 32 0.0321571

46 32 0.0258793

47 32 0.0194994

48 32 0.0130425

49 32 0.00653415

50 32 0

0 33 0

1 33 0.00632819

2 33 0.0126314

3 33 0.0188848

4 33 0.0250636

5 33 0.0311435

6 33 0.0371005

7 33 0.0429111

8 33 0.0485524

9 33 0.054002

10 33 0.0592385

11 33 0.0642412

12 33 0.0689904

13 33 0.0734673

14 33 0.0776543

15 33 0.0815348

16 33 0.0850936

17 33 0.0883165

18 33 0.0911908

19 33 0.0937053

20 33 0.0958499

21 33 0.0976163

22 33 0.0989974

23 33 0.0999879

24 33 0.100584

25 33 0.100783

26 33 0.100584

27 33 0.0999879

28 33 0.0989974

29 33 0.0976163

30 33 0.0958499

31 33 0.0937053

32 33 0.0911908

33 33 0.0883165

34 33 0.0850936

35 33 0.0815348

36 33 0.0776543

37 33 0.0734673

38 33 0.0689904

39 33 0.0642412

40 33 0.0592385

41 33 0.054002

42 33 0.0485524

43 33 0.0429111

44 33 0.0371005

45 33 0.0311435

46 33 0.0250636

47 33 0.0188848

48 33 0.0126314

49 33 0.00632819

50 33 0

0 34 0

1 34 0.00609726

2 34 0.0121705

3 34 0.0181956

4 34 0.024149

5 34 0.030007

6 34 0.0357466

7 34 0.0413452

8 34 0.0467806

9 34 0.0520313

10 34 0.0570767

11 34 0.0618969

12 34 0.0664728

13 34 0.0707863

14 34 0.0748205

15 34 0.0785594

16 34 0.0819883

17 34 0.0850936

18 34 0.087863

19 34 0.0902857

20 34 0.0923521

21 34 0.094054

22 34 0.0953848

23 34 0.0963391

24 34 0.0969131

25 34 0.0971048

26 34 0.0969131

27 34 0.0963391

28 34 0.0953848

29 34 0.094054

30 34 0.0923521

31 34 0.0902857

32 34 0.087863

33 34 0.0850936

34 34 0.0819883

35 34 0.0785594

36 34 0.0748205

37 34 0.0707863

38 34 0.0664728

39 34 0.0618969

40 34 0.0570767

41 34 0.0520313

42 34 0.0467806

43 34 0.0413452

44 34 0.0357466

45 34 0.030007

46 34 0.024149

47 34 0.0181956

48 34 0.0121705

49 34 0.00609726

50 34 0

0 35 0

1 35 0.00584226

2 35 0.0116615

3 35 0.0174347

4 35 0.023139

5 35 0.0287521

6 35 0.0342517

7 35 0.0396161

8 35 0.0448241

9 35 0.0498553

10 35 0.0546897

11 35 0.0593083

12 35 0.0636928

13 35 0.0678259

14 35 0.0716914

15 35 0.0752739

16 35 0.0785594

17 35 0.0815348

18 35 0.0841885

19 35 0.0865099

20 35 0.0884898

21 35 0.0901206

22 35 0.0913956

23 35 0.09231

24 35 0.0928601

25 35 0.0930437

26 35 0.0928601

27 35 0.09231

28 35 0.0913956

29 35 0.0901206

30 35 0.0884898

31 35 0.0865099

32 35 0.0841885

33 35 0.0815348

34 35 0.0785594

35 35 0.0752739

36 35 0.0716914

37 35 0.0678259

38 35 0.0636928

39 35 0.0593083

40 35 0.0546897

41 35 0.0498553

42 35 0.0448241

43 35 0.0396161

44 35 0.0342517

45 35 0.0287521

46 35 0.023139

47 35 0.0174347

48 35 0.0116615

49 35 0.00584226

50 35 0

0 36 0

1 36 0.00556421

2 36 0.0111065

3 36 0.0166049

4 36 0.0220378

5 36 0.0273837

6 36 0.0326215

7 36 0.0377306

8 36 0.0426908

9 36 0.0474825

10 36 0.0520869

11 36 0.0564856

12 36 0.0606615

13 36 0.0645979

14 36 0.0682794

15 36 0.0716914

16 36 0.0748205

17 36 0.0776543

18 36 0.0801817

19 36 0.0823926

20 36 0.0842783

21 36 0.0858314

22 36 0.0870458

23 36 0.0879167

24 36 0.0884406

25 36 0.0886155

26 36 0.0884406

27 36 0.0879167

28 36 0.0870458

29 36 0.0858314

30 36 0.0842783

31 36 0.0823926

32 36 0.0801817

33 36 0.0776543

34 36 0.0748205

35 36 0.0716914

36 36 0.0682794

37 36 0.0645979

38 36 0.0606615

39 36 0.0564856

40 36 0.0520869

41 36 0.0474825

42 36 0.0426908

43 36 0.0377306

44 36 0.0326215

45 36 0.0273837

46 36 0.0220378

47 36 0.0166049

48 36 0.0111065

49 36 0.00556421

50 36 0

0 37 0

1 37 0.0052642

2 37 0.0105076

3 37 0.0157096

4 37 0.0208495

5 37 0.0259072

6 37 0.0308626

7 37 0.0356963

8 37 0.040389

9 37 0.0449224

10 37 0.0492784

11 37 0.05344

12 37 0.0573907

13 37 0.0611149

14 37 0.0645979

15 37 0.0678259

16 37 0.0707863

17 37 0.0734673

18 37 0.0758584

19 37 0.0779501

20 37 0.0797342

21 37 0.0812036

22 37 0.0823525

23 37 0.0831764

24 37 0.083672

25 37 0.0838375

26 37 0.083672

27 37 0.0831764

28 37 0.0823525

29 37 0.0812036

30 37 0.0797342

31 37 0.0779501

32 37 0.0758584

33 37 0.0734673

34 37 0.0707863

35 37 0.0678259

36 37 0.0645979

37 37 0.0611149

38 37 0.0573907

39 37 0.05344

40 37 0.0492784

41 37 0.0449224

42 37 0.040389

43 37 0.0356963

44 37 0.0308626

45 37 0.0259072

46 37 0.0208495

47 37 0.0157096

48 37 0.0105076

49 37 0.0052642

50 37 0

0 38 0

1 38 0.00494341

2 38 0.00986731

3 38 0.0147523

4 38 0.019579

5 38 0.0243285

6 38 0.0289819

7 38 0.033521

8 38 0.0379278

9 38 0.0421849

10 38 0.0462755

11 38 0.0501835

12 38 0.0538935

13 38 0.0573907

14 38 0.0606615

15 38 0.0636928

16 38 0.0664728

17 38 0.0689904

18 38 0.0712358

19 38 0.0732

20 38 0.0748754

21 38 0.0762552

22 38 0.0773341

23 38 0.0781078

24 38 0.0785733

25 38 0.0787286

26 38 0.0785733

27 38 0.0781078

28 38 0.0773341

29 38 0.0762552

30 38 0.0748754

31 38 0.0732

32 38 0.0712358

33 38 0.0689904

34 38 0.0664728

35 38 0.0636928

36 38 0.0606615

37 38 0.0573907

38 38 0.0538935

39 38 0.0501835

40 38 0.0462755

41 38 0.0421849

42 38 0.0379278

43 38 0.033521

44 38 0.0289819

45 38 0.0243285

46 38 0.019579

47 38 0.0147523

48 38 0.00986731

49 38 0.00494341

50 38 0

0 39 0

1 39 0.00460312

2 39 0.00918806

3 39 0.0137368

4 39 0.0182312

5 39 0.0226538

6 39 0.0269869

7 39 0.0312135

8 39 0.0353169

9 39 0.039281

10 39 0.04309

11 39 0.046729

12 39 0.0501835

13 39 0.05344

14 39 0.0564856

15 39 0.0593083

16 39 0.0618969

17 39 0.0642412

18 39 0.066332

19 39 0.0681611

20 39 0.0697211

21 39 0.0710059

22 39 0.0720106

23 39 0.072731

24 39 0.0731644

25 39 0.0733091

26 39 0.0731644

27 39 0.072731

28 39 0.0720106

29 39 0.0710059

30 39 0.0697211

31 39 0.0681611

32 39 0.066332

33 39 0.0642412

34 39 0.0618969

35 39 0.0593083

36 39 0.0564856

37 39 0.05344

38 39 0.0501835

39 39 0.046729

40 39 0.04309

41 39 0.039281

42 39 0.0353169

43 39 0.0312135

44 39 0.0269869

45 39 0.0226538

46 39 0.0182312

47 39 0.0137368

48 39 0.00918806

49 39 0.00460312

50 39 0

0 40 0

1 40 0.00424465

2 40 0.00847255

3 40 0.012667

4 40 0.0168115

5 40 0.0208896

6 40 0.0248853

7 40 0.0287828

8 40 0.0325667

9 40 0.036222

10 40 0.0397344

11 40 0.04309

12 40 0.0462755

13 40 0.0492784

14 40 0.0520869

15 40 0.0546897

16 40 0.0570767

17 40 0.0592385

18 40 0.0611665

19 40 0.0628531

20 40 0.0642916

21 40 0.0654764

22 40 0.0664028

23 40 0.0670672

24 40 0.0674668

25 40 0.0676002

26 40 0.0674668

27 40 0.0670672

28 40 0.0664028

29 40 0.0654764

30 40 0.0642916

31 40 0.0628531

32 40 0.0611665

33 40 0.0592385

34 40 0.0570767

35 40 0.0546897

36 40 0.0520869

37 40 0.0492784

38 40 0.0462755

39 40 0.04309

40 40 0.0397344

41 40 0.036222

42 40 0.0325667

43 40 0.0287828

44 40 0.0248853

45 40 0.0208896

46 40 0.0168115

47 40 0.012667

48 40 0.00847255

49 40 0.00424465

50 40 0

0 41 0

1 41 0.00386944

2 41 0.0077236

3 41 0.0115473

4 41 0.0153254

5 41 0.019043

6 41 0.0226855

7 41 0.0262385

8 41 0.0296879

9 41 0.0330201

10 41 0.036222

11 41 0.039281

12 41 0.0421849

13 41 0.0449224

14 41 0.0474825

15 41 0.0498553

16 41 0.0520313

17 41 0.054002

18 41 0.0557596

19 41 0.0572971

20 41 0.0586084

21 41 0.0596885

22 41 0.060533

23 41 0.0611386

24 41 0.061503

25 41 0.0616246

26 41 0.061503

27 41 0.0611386

28 41 0.060533

29 41 0.0596885

30 41 0.0586084

31 41 0.0572971

32 41 0.0557596

33 41 0.054002

34 41 0.0520313

35 41 0.0498553

36 41 0.0474825

37 41 0.0449224

38 41 0.0421849

39 41 0.039281

40 41 0.036222

41 41 0.0330201

42 41 0.0296879

43 41 0.0262385

44 41 0.0226855

45 41 0.019043

46 41 0.0153254

47 41 0.0115473

48 41 0.0077236

49 41 0.00386944

50 41 0

0 42 0

1 42 0.00347895

2 42 0.00694417

3 42 0.010382

4 42 0.0137788

5 42 0.0171213

6 42 0.0203962

7 42 0.0235906

8 42 0.0266919

9 42 0.0296879

10 42 0.0325667

11 42 0.0353169

12 42 0.0379278

13 42 0.040389

14 42 0.0426908

15 42 0.0448241

16 42 0.0467806

17 42 0.0485524

18 42 0.0501326

19 42 0.0515149

20 42 0.0526939

21 42 0.053665

22 42 0.0544243

23 42 0.0549688

24 42 0.0552964

25 42 0.0554057

26 42 0.0552964

27 42 0.0549688

28 42 0.0544243

29 42 0.053665

30 42 0.0526939

31 42 0.0515149

32 42 0.0501326

33 42 0.0485524

34 42 0.0467806

35 42 0.0448241

36 42 0.0426908

37 42 0.040389

38 42 0.0379278

39 42 0.0353169

40 42 0.0325667

41 42 0.0296879

42 42 0.0266919

43 42 0.0235906

44 42 0.0203962

45 42 0.0171213

46 42 0.0137788

47 42 0.010382

48 42 0.00694417

49 42 0.00347895

50 42 0

0 43 0

1 43 0.00307474

2 43 0.00613734

3 43 0.00917572

4 43 0.0121779

5 43 0.015132

6 43 0.0180264

7 43 0.0208496

8 43 0.0235906

9 43 0.0262385

10 43 0.0287828

11 43 0.0312135

12 43 0.033521

13 43 0.0356963

14 43 0.0377306

15 43 0.0396161

16 43 0.0413452

17 43 0.0429111

18 43 0.0443077

19 43 0.0455295

20 43 0.0465715

21 43 0.0474297

22 43 0.0481008

23 43 0.048582

24 43 0.0488715

25 43 0.0489682

26 43 0.0488715

27 43 0.048582

28 43 0.0481008

29 43 0.0474297

30 43 0.0465715

31 43 0.0455295

32 43 0.0443077

33 43 0.0429111

34 43 0.0413452

35 43 0.0396161

36 43 0.0377306

37 43 0.0356963

38 43 0.033521

39 43 0.0312135

40 43 0.0287828

41 43 0.0262385

42 43 0.0235906

43 43 0.0208496

44 43 0.0180264

45 43 0.015132

46 43 0.0121779

47 43 0.00917572

48 43 0.00613734

49 43 0.00307474

50 43 0

0 44 0

1 44 0.00265839

2 44 0.00530628

3 44 0.00793324

4 44 0.0105289

5 44 0.013083

6 44 0.0155854

7 44 0.0180264

8 44 0.0203962

9 44 0.0226855

10 44 0.0248853

11 44 0.0269869

12 44 0.0289819

13 44 0.0308626

14 44 0.0326215

15 44 0.0342517

16 44 0.0357466

17 44 0.0371005

18 44 0.038308

19 44 0.0393643

20 44 0.0402653

21 44 0.0410073

22 44 0.0415875

23 44 0.0420036

24 44 0.0422539

25 44 0.0423374

26 44 0.0422539

27 44 0.0420036

28 44 0.0415875

29 44 0.0410073

30 44 0.0402653

31 44 0.0393643

32 44 0.038308

33 44 0.0371005

34 44 0.0357466

35 44 0.0342517

36 44 0.0326215

37 44 0.0308626

38 44 0.0289819

39 44 0.0269869

40 44 0.0248853

41 44 0.0226855

42 44 0.0203962

43 44 0.0180264

44 44 0.0155854

45 44 0.013083

46 44 0.0105289

47 44 0.00793324

48 44 0.00530628

49 44 0.00265839

50 44 0

0 45 0

1 45 0.00223155

2 45 0.00445428

3 45 0.00665944

4 45 0.00883832

5 45 0.0109823

6 45 0.013083

7 45 0.015132

8 45 0.0171213

9 45 0.019043

10 45 0.0208896

11 45 0.0226538

12 45 0.0243285

13 45 0.0259072

14 45 0.0273837

15 45 0.0287521

16 45 0.030007

17 45 0.0311435

18 45 0.0321571

19 45 0.0330438

20 45 0.0338001

21 45 0.034423

22 45 0.03491

23 45 0.0352593

24 45 0.0354694

25 45 0.0355395

26 45 0.0354694

27 45 0.0352593

28 45 0.03491

29 45 0.034423

30 45 0.0338001

31 45 0.0330438

32 45 0.0321571

33 45 0.0311435

34 45 0.030007

35 45 0.0287521

36 45 0.0273837

37 45 0.0259072

38 45 0.0243285

39 45 0.0226538

40 45 0.0208896

41 45 0.019043

42 45 0.0171213

43 45 0.015132

44 45 0.013083

45 45 0.0109823

46 45 0.00883832

47 45 0.00665944

48 45 0.00445428

49 45 0.00223155

50 45 0

0 46 0

1 46 0.0017959

2 46 0.00358471

3 46 0.00535937

4 46 0.00711288

5 46 0.00883832

6 46 0.0105289

7 46 0.0121779

8 46 0.0137788

9 46 0.0153254

10 46 0.0168115

11 46 0.0182312

12 46 0.019579

13 46 0.0208495

14 46 0.0220378

15 46 0.023139

16 46 0.024149

17 46 0.0250636

18 46 0.0258793

19 46 0.0265929

20 46 0.0272016

21 46 0.0277028

22 46 0.0280948

23 46 0.0283759

24 46 0.028545

25 46 0.0286014

26 46 0.028545

27 46 0.0283759

28 46 0.0280948

29 46 0.0277028

30 46 0.0272016

31 46 0.0265929

32 46 0.0258793

33 46 0.0250636

34 46 0.024149

35 46 0.023139

36 46 0.0220378

37 46 0.0208495

38 46 0.019579

39 46 0.0182312

40 46 0.0168115

41 46 0.0153254

42 46 0.0137788

43 46 0.0121779

44 46 0.0105289

45 46 0.00883832

46 46 0.00711288

47 46 0.00535937

48 46 0.00358471

49 46 0.0017959

50 46 0

0 47 0

1 47 0.00135316

2 47 0.00270098

3 47 0.00403815

4 47 0.00535937

5 47 0.00665944

6 47 0.00793324

7 47 0.00917572

8 47 0.010382

9 47 0.0115473

10 47 0.012667

11 47 0.0137368

12 47 0.0147523

13 47 0.0157096

14 47 0.0166049

15 47 0.0174347

16 47 0.0181956

17 47 0.0188848

18 47 0.0194994

19 47 0.0200371

20 47 0.0204957

21 47 0.0208734

22 47 0.0211687

23 47 0.0213805

24 47 0.0215079

25 47 0.0215504

26 47 0.0215079

27 47 0.0213805

28 47 0.0211687

29 47 0.0208734

30 47 0.0204957

31 47 0.0200371

32 47 0.0194994

33 47 0.0188848

34 47 0.0181956

35 47 0.0174347

36 47 0.0166049

37 47 0.0157096

38 47 0.0147523

39 47 0.0137368

40 47 0.012667

41 47 0.0115473

42 47 0.010382

43 47 0.00917572

44 47 0.00793324

45 47 0.00665944

46 47 0.00535937

47 47 0.00403815

48 47 0.00270098

49 47 0.00135316

50 47 0

0 48 0

1 48 0.000905086

2 48 0.0018066

3 48 0.00270098

4 48 0.00358471

5 48 0.00445428

6 48 0.00530628

7 48 0.00613734

8 48 0.00694417

9 48 0.0077236

10 48 0.00847255

11 48 0.00918806

12 48 0.00986731

13 48 0.0105076

14 48 0.0111065

15 48 0.0116615

16 48 0.0121705

17 48 0.0126314

18 48 0.0130425

19 48 0.0134021

20 48 0.0137089

21 48 0.0139615

22 48 0.0141591

23 48 0.0143007

24 48 0.0143859

25 48 0.0144144

26 48 0.0143859

27 48 0.0143007

28 48 0.0141591

29 48 0.0139615

30 48 0.0137089

31 48 0.0134021

32 48 0.0130425

33 48 0.0126314

34 48 0.0121705

35 48 0.0116615

36 48 0.0111065

37 48 0.0105076

38 48 0.00986731

39 48 0.00918806

40 48 0.00847255

41 48 0.0077236

42 48 0.00694417

43 48 0.00613734

44 48 0.00530628

45 48 0.00445428

46 48 0.00358471

47 48 0.00270098

48 48 0.0018066

49 48 0.000905086

50 48 0

0 49 0

1 49 0.000453438

2 49 0.000905086

3 49 0.00135316

4 49 0.0017959

5 49 0.00223155

6 49 0.00265839

7 49 0.00307474

8 49 0.00347895

9 49 0.00386944

10 49 0.00424465

11 49 0.00460312

12 49 0.00494341

13 49 0.0052642

14 49 0.00556421

15 49 0.00584226

16 49 0.00609726

17 49 0.00632819

18 49 0.00653415

19 49 0.00671432

20 49 0.00686799

