0 1 0

1 1 0.000300789

2 1 0.000600391

3 1 0.000897623

4 1 0.00119131

5 1 0.0014803

6 1 0.00176345

7 1 0.00203963

8 1 0.00230777

9 1 0.0025668

10 1 0.0028157

11 1 0.00305349

12 1 0.00327922

13 1 0.00349202

14 1 0.00369103

15 1 0.00387548

16 1 0.00404463

17 1 0.00419782

18 1 0.00433444

19 1 0.00445396

20 1 0.0045559

21 1 0.00463986

22 1 0.0047055

23 1 0.00475258

24 1 0.0047809

25 1 0.00479036

26 1 0.0047809

27 1 0.00475258

28 1 0.0047055

29 1 0.00463986

30 1 0.0045559

31 1 0.00445396

32 1 0.00433444

33 1 0.00419782

34 1 0.00404463

35 1 0.00387548

36 1 0.00369103

37 1 0.00349202

38 1 0.00327922

39 1 0.00305349

40 1 0.0028157

41 1 0.0025668

42 1 0.00230777

43 1 0.00203963

44 1 0.00176345

45 1 0.0014803

46 1 0.00119131

47 1 0.000897623

48 1 0.000600391

49 1 0.000300789

50 1 0

0 2 0

1 2 0.000600391

2 2 0.00119841

3 2 0.0017917

4 2 0.00237792

5 2 0.00295476

6 2 0.00351994

7 2 0.00407122

8 2 0.00460643

9 2 0.00512347

10 2 0.00562029

11 2 0.00609492

12 2 0.00654551

13 2 0.00697026

14 2 0.0073675

15 2 0.00773566

16 2 0.0080733

17 2 0.00837907

18 2 0.00865178

19 2 0.00889034

20 2 0.00909382

21 2 0.0092614

22 2 0.00939244

23 2 0.00948641

24 2 0.00954294

25 2 0.0095618

26 2 0.00954294

27 2 0.00948641

28 2 0.00939244

29 2 0.0092614

30 2 0.00909382

31 2 0.00889034

32 2 0.00865178

33 2 0.00837907

34 2 0.0080733

35 2 0.00773566

36 2 0.0073675

37 2 0.00697026

38 2 0.00654551

39 2 0.00609492

40 2 0.00562029

41 2 0.00512347

42 2 0.00460643

43 2 0.00407122

44 2 0.00351994

45 2 0.00295476

46 2 0.00237792

47 2 0.0017917

48 2 0.00119841

49 2 0.000600391

50 2 0

0 3 0

1 3 0.000897623

2 3 0.0017917

3 3 0.00267871

4 3 0.00355515

5 3 0.00441756

6 3 0.00526253

7 3 0.00608674

8 3 0.00688692

9 3 0.00765992

10 3 0.00840269

11 3 0.00911231

12 3 0.00978596

13 3 0.010421

14 3 0.0110149

15 3 0.0115653

16 3 0.0120701

17 3 0.0125273

18 3 0.012935

19 3 0.0132916

20 3 0.0135958

21 3 0.0138464

22 3 0.0140423

23 3 0.0141828

24 3 0.0142673

25 3 0.0142955

26 3 0.0142673

27 3 0.0141828

28 3 0.0140423

29 3 0.0138464

30 3 0.0135958

31 3 0.0132916

32 3 0.012935

33 3 0.0125273

34 3 0.0120701

35 3 0.0115653

36 3 0.0110149

37 3 0.010421

38 3 0.00978596

39 3 0.00911231

40 3 0.00840269

41 3 0.00765992

42 3 0.00688692

43 3 0.00608674

44 3 0.00526253

45 3 0.00441756

46 3 0.00355515

47 3 0.00267871

48 3 0.0017917

49 3 0.000897623

50 3 0

0 4 0

1 4 0.00119131

2 4 0.00237792

3 4 0.00355515

4 4 0.00471835

5 4 0.00586292

6 4 0.00698436

7 4 0.00807823

8 4 0.00914022

9 4 0.0101661

10 4 0.0111519

11 4 0.0120937

12 4 0.0129878

13 4 0.0138306

14 4 0.0146188

15 4 0.0153493

16 4 0.0160193

17 4 0.016626

18 4 0.0171671

19 4 0.0176405

20 4 0.0180442

21 4 0.0183767

22 4 0.0186368

23 4 0.0188232

24 4 0.0189354

25 4 0.0189728

26 4 0.0189354

27 4 0.0188232

28 4 0.0186368

29 4 0.0183767

30 4 0.0180442

31 4 0.0176405

32 4 0.0171671

33 4 0.016626

34 4 0.0160193

35 4 0.0153493

36 4 0.0146188

37 4 0.0138306

38 4 0.0129878

39 4 0.0120937

40 4 0.0111519

41 4 0.0101661

42 4 0.00914022

43 4 0.00807823

44 4 0.00698436

45 4 0.00586292

46 4 0.00471835

47 4 0.00355515

48 4 0.00237792

49 4 0.00119131

50 4 0

0 5 0

1 5 0.0014803

2 5 0.00295476

3 5 0.00441756

4 5 0.00586292

5 5 0.00728515

6 5 0.00867862

7 5 0.0100378

8 5 0.0113575

9 5 0.0126322

10 5 0.0138572

11 5 0.0150274

12 5 0.0161384

13 5 0.0171856

14 5 0.018165

15 5 0.0190728

16 5 0.0199052

17 5 0.0206591

18 5 0.0213315

19 5 0.0219197

20 5 0.0224214

21 5 0.0228346

22 5 0.0231577

23 5 0.0233893

24 5 0.0235287

25 5 0.0235752

26 5 0.0235287

27 5 0.0233893

28 5 0.0231577

29 5 0.0228346

30 5 0.0224214

31 5 0.0219197

32 5 0.0213315

33 5 0.0206591

34 5 0.0199052

35 5 0.0190728

36 5 0.018165

37 5 0.0171856

38 5 0.0161384

39 5 0.0150274

40 5 0.0138572

41 5 0.0126322

42 5 0.0113575

43 5 0.0100378

44 5 0.00867862

45 5 0.00728515

46 5 0.00586292

47 5 0.00441756

48 5 0.00295476

49 5 0.0014803

50 5 0

0 6 0

1 6 0.00176345

2 6 0.00351994

3 6 0.00526253

4 6 0.00698436

5 6 0.00867862

6 6 0.0103386

7 6 0.0119578

8 6 0.0135299

9 6 0.0150485

10 6 0.0165077

11 6 0.0179018

12 6 0.0192252

13 6 0.0204728

14 6 0.0216396

15 6 0.0227209

16 6 0.0237126

17 6 0.0246107

18 6 0.0254117

19 6 0.0261124

20 6 0.0267101

21 6 0.0272023

22 6 0.0275872

23 6 0.0278632

24 6 0.0280292

25 6 0.0280846

26 6 0.0280292

27 6 0.0278632

28 6 0.0275872

29 6 0.0272023

30 6 0.0267101

31 6 0.0261124

32 6 0.0254117

33 6 0.0246107

34 6 0.0237126

35 6 0.0227209

36 6 0.0216396

37 6 0.0204728

38 6 0.0192252

39 6 0.0179018

40 6 0.0165077

41 6 0.0150485

42 6 0.0135299

43 6 0.0119578

44 6 0.0103386

45 6 0.00867862

46 6 0.00698436

47 6 0.00526253

48 6 0.00351994

49 6 0.00176345

50 6 0

0 7 0

1 7 0.00203963

2 7 0.00407122

3 7 0.00608674

4 7 0.00807823

5 7 0.0100378

6 7 0.0119578

7 7 0.0138307

8 7 0.0156489

9 7 0.0174053

10 7 0.0190931

11 7 0.0207055

12 7 0.0222362

13 7 0.0236792

14 7 0.0250287

15 7 0.0262794

16 7 0.0274264

17 7 0.0284652

18 7 0.0293916

19 7 0.0302021

20 7 0.0308933

21 7 0.0314626

22 7 0.0319078

23 7 0.032227

24 7 0.0324191

25 7 0.0324832

26 7 0.0324191

27 7 0.032227

28 7 0.0319078

29 7 0.0314626

30 7 0.0308933

31 7 0.0302021

32 7 0.0293916

33 7 0.0284652

34 7 0.0274264

35 7 0.0262794

36 7 0.0250287

37 7 0.0236792

38 7 0.0222362

39 7 0.0207055

40 7 0.0190931

41 7 0.0174053

42 7 0.0156489

43 7 0.0138307

44 7 0.0119578

45 7 0.0100378

46 7 0.00807823

47 7 0.00608674

48 7 0.00407122

49 7 0.00203963

50 7 0

0 8 0

1 8 0.00230777

2 8 0.00460643

3 8 0.00688692

4 8 0.00914022

5 8 0.0113575

6 8 0.0135299

7 8 0.0156489

8 8 0.0177061

9 8 0.0196935

10 8 0.0216032

11 8 0.0234276

12 8 0.0251595

13 8 0.0267921

14 8 0.0283191

15 8 0.0297342

16 8 0.031032

17 8 0.0322073

18 8 0.0332556

19 8 0.0341725

20 8 0.0349547

21 8 0.0355988

22 8 0.0361025

23 8 0.0364637

24 8 0.036681

25 8 0.0367535

26 8 0.036681

27 8 0.0364637

28 8 0.0361025

29 8 0.0355988

30 8 0.0349547

31 8 0.0341725

32 8 0.0332556

33 8 0.0322073

34 8 0.031032

35 8 0.0297342

36 8 0.0283191

37 8 0.0267921

38 8 0.0251595

39 8 0.0234276

40 8 0.0216032

41 8 0.0196935

42 8 0.0177061

43 8 0.0156489

44 8 0.0135299

45 8 0.0113575

46 8 0.00914022

47 8 0.00688692

48 8 0.00460643

49 8 0.00230777

50 8 0

0 9 0

1 9 0.0025668

2 9 0.00512347

3 9 0.00765992

4 9 0.0101661

5 9 0.0126322

6 9 0.0150485

7 9 0.0174053

8 9 0.0196935

9 9 0.021904

10 9 0.024028

11 9 0.0260571

12 9 0.0279835

13 9 0.0297994

14 9 0.0314977

15 9 0.0330716

16 9 0.0345151

17 9 0.0358224

18 9 0.0369882

19 9 0.0380081

20 9 0.038878

21 9 0.0395945

22 9 0.0401547

23 9 0.0405565

24 9 0.0407981

25 9 0.0408788

26 9 0.0407981

27 9 0.0405565

28 9 0.0401547

29 9 0.0395945

30 9 0.038878

31 9 0.0380081

32 9 0.0369882

33 9 0.0358224

34 9 0.0345151

35 9 0.0330716

36 9 0.0314977

37 9 0.0297994

38 9 0.0279835

39 9 0.0260571

40 9 0.024028

41 9 0.021904

42 9 0.0196935

43 9 0.0174053

44 9 0.0150485

45 9 0.0126322

46 9 0.0101661

47 9 0.00765992

48 9 0.00512347

49 9 0.0025668

50 9 0

0 10 0

1 10 0.0028157

2 10 0.00562029

3 10 0.00840269

4 10 0.0111519

5 10 0.0138572

6 10 0.0165077

7 10 0.0190931

8 10 0.0216032

9 10 0.024028

10 10 0.0263579

11 10 0.0285838

12 10 0.030697

13 10 0.032689

14 10 0.0345519

15 10 0.0362786

16 10 0.037862

17 10 0.039296

18 10 0.0405749

19 10 0.0416937

20 10 0.042648

21 10 0.0434339

22 10 0.0440485

23 10 0.0444892

24 10 0.0447543

25 10 0.0448428

26 10 0.0447543

27 10 0.0444892

28 10 0.0440485

29 10 0.0434339

30 10 0.042648

31 10 0.0416937

32 10 0.0405749

33 10 0.039296

34 10 0.037862

35 10 0.0362786

36 10 0.0345519

37 10 0.032689

38 10 0.030697

39 10 0.0285838

40 10 0.0263579

41 10 0.024028

42 10 0.0216032

43 10 0.0190931

44 10 0.0165077

45 10 0.0138572

46 10 0.0111519

47 10 0.00840269

48 10 0.00562029

49 10 0.0028157

50 10 0

0 11 0

1 11 0.00305349

2 11 0.00609492

3 11 0.00911231

4 11 0.0120937

5 11 0.0150274

6 11 0.0179018

7 11 0.0207055

8 11 0.0234276

9 11 0.0260571

10 11 0.0285838

11 11 0.0309978

12 11 0.0332894

13 11 0.0354496

14 11 0.0374699

15 11 0.0393423

16 11 0.0410595

17 11 0.0426146

18 11 0.0440015

19 11 0.0452148

20 11 0.0462496

21 11 0.047102

22 11 0.0477684

23 11 0.0482463

24 11 0.0485338

25 11 0.0486297

26 11 0.0485338

27 11 0.0482463

28 11 0.0477684

29 11 0.047102

30 11 0.0462496

31 11 0.0452148

32 11 0.0440015

33 11 0.0426146

34 11 0.0410595

35 11 0.0393423

36 11 0.0374699

37 11 0.0354496

38 11 0.0332894

39 11 0.0309978

40 11 0.0285838

41 11 0.0260571

42 11 0.0234276

43 11 0.0207055

44 11 0.0179018

45 11 0.0150274

46 11 0.0120937

47 11 0.00911231

48 11 0.00609492

49 11 0.00305349

50 11 0

0 12 0

1 12 0.00327922

2 12 0.00654551

3 12 0.00978596

4 12 0.0129878

5 12 0.0161384

6 12 0.0192252

7 12 0.0222362

8 12 0.0251595

9 12 0.0279835

10 12 0.030697

11 12 0.0332894

12 12 0.0357504

13 12 0.0380703

14 12 0.0402399

15 12 0.0422508

16 12 0.0440949

17 12 0.045765

18 12 0.0472544

19 12 0.0485574

20 12 0.0496688

21 12 0.0505841

22 12 0.0512998

23 12 0.051813

24 12 0.0521218

25 12 0.0522248

26 12 0.0521218

27 12 0.051813

28 12 0.0512998

29 12 0.0505841

30 12 0.0496688

31 12 0.0485574

32 12 0.0472544

33 12 0.045765

34 12 0.0440949

35 12 0.0422508

36 12 0.0402399

37 12 0.0380703

38 12 0.0357504

39 12 0.0332894

40 12 0.030697

41 12 0.0279835

42 12 0.0251595

43 12 0.0222362

44 12 0.0192252

45 12 0.0161384

46 12 0.0129878

47 12 0.00978596

48 12 0.00654551

49 12 0.00327922

50 12 0

0 13 0

1 13 0.00349202

2 13 0.00697026

3 13 0.010421

4 13 0.0138306

5 13 0.0171856

6 13 0.0204728

7 13 0.0236792

8 13 0.0267921

9 13 0.0297994

10 13 0.032689

11 13 0.0354496

12 13 0.0380703

13 13 0.0405407

14 13 0.0428512

15 13 0.0449925

16 13 0.0469563

17 13 0.0487347

18 13 0.0503209

19 13 0.0517084

20 13 0.0528919

21 13 0.0538666

22 13 0.0546287

23 13 0.0551753

24 13 0.055504

25 13 0.0556138

26 13 0.055504

27 13 0.0551753

28 13 0.0546287

29 13 0.0538666

30 13 0.0528919

31 13 0.0517084

32 13 0.0503209

33 13 0.0487347

34 13 0.0469563

35 13 0.0449925

36 13 0.0428512

37 13 0.0405407

38 13 0.0380703

39 13 0.0354496

40 13 0.032689

41 13 0.0297994

42 13 0.0267921

43 13 0.0236792

44 13 0.0204728

45 13 0.0171856

46 13 0.0138306

47 13 0.010421

48 13 0.00697026

49 13 0.00349202

50 13 0

0 14 0

1 14 0.00369103

2 14 0.0073675

3 14 0.0110149

4 14 0.0146188

5 14 0.018165

6 14 0.0216396

7 14 0.0250287

8 14 0.0283191

9 14 0.0314977

10 14 0.0345519

11 14 0.0374699

12 14 0.0402399

13 14 0.0428512

14 14 0.0452933

15 14 0.0475567

16 14 0.0496324

17 14 0.0515122

18 14 0.0531887

19 14 0.0546553

20 14 0.0559062

21 14 0.0569365

22 14 0.0577421

23 14 0.0583197

24 14 0.0586673

25 14 0.0587833

26 14 0.0586673

27 14 0.0583197

28 14 0.0577421

29 14 0.0569365

30 14 0.0559062

31 14 0.0546553

32 14 0.0531887

33 14 0.0515122

34 14 0.0496324

35 14 0.0475567

36 14 0.0452933

37 14 0.0428512

38 14 0.0402399

39 14 0.0374699

40 14 0.0345519

41 14 0.0314977

42 14 0.0283191

43 14 0.0250287

44 14 0.0216396

45 14 0.018165

46 14 0.0146188

47 14 0.0110149

48 14 0.0073675

49 14 0.00369103

50 14 0

0 15 0

1 15 0.00387548

2 15 0.00773566

3 15 0.0115653

4 15 0.0153493

5 15 0.0190728

6 15 0.0227209

7 15 0.0262794

8 15 0.0297342

9 15 0.0330716

10 15 0.0362786

11 15 0.0393423

12 15 0.0422508

13 15 0.0449925

14 15 0.0475567

15 15 0.0499331

16 15 0.0521126

17 15 0.0540863

18 15 0.0558466

19 15 0.0573865

20 15 0.0586999

21 15 0.0597817

22 15 0.0606275

23 15 0.0612341

24 15 0.061599

25 15 0.0617208

26 15 0.061599

27 15 0.0612341

28 15 0.0606275

29 15 0.0597817

30 15 0.0586999

31 15 0.0573865

32 15 0.0558466

33 15 0.0540863

34 15 0.0521126

35 15 0.0499331

36 15 0.0475567

37 15 0.0449925

38 15 0.0422508

39 15 0.0393423

40 15 0.0362786

41 15 0.0330716

42 15 0.0297342

43 15 0.0262794

44 15 0.0227209

45 15 0.0190728

46 15 0.0153493

47 15 0.0115653

48 15 0.00773566

49 15 0.00387548

50 15 0

0 16 0

1 16 0.00404463

2 16 0.0080733

3 16 0.0120701

4 16 0.0160193

5 16 0.0199052

6 16 0.0237126

7 16 0.0274264

8 16 0.031032

9 16 0.0345151

10 16 0.037862

11 16 0.0410595

12 16 0.0440949

13 16 0.0469563

14 16 0.0496324

15 16 0.0521126

16 16 0.0543871

17 16 0.056447

18 16 0.0582841

19 16 0.0598912

20 16 0.061262

21 16 0.062391

22 16 0.0632737

23 16 0.0639067

24 16 0.0642876

25 16 0.0644147

26 16 0.0642876

27 16 0.0639067

28 16 0.0632737

29 16 0.062391

30 16 0.061262

31 16 0.0598912

32 16 0.0582841

33 16 0.056447

34 16 0.0543871

35 16 0.0521126

36 16 0.0496324

37 16 0.0469563

38 16 0.0440949

39 16 0.0410595

40 16 0.037862

41 16 0.0345151

42 16 0.031032

43 16 0.0274264

44 16 0.0237126

45 16 0.0199052

46 16 0.0160193

47 16 0.0120701

48 16 0.0080733

49 16 0.00404463

50 16 0

0 17 0

1 17 0.00419782

2 17 0.00837907

3 17 0.0125273

4 17 0.016626

5 17 0.0206591

6 17 0.0246107

7 17 0.0284652

8 17 0.0322073

9 17 0.0358224

10 17 0.039296

11 17 0.0426146

12 17 0.045765

13 17 0.0487347

14 17 0.0515122

15 17 0.0540863

16 17 0.056447

17 17 0.0585849

18 17 0.0604916

19 17 0.0621596

20 17 0.0635823

21 17 0.064754

22 17 0.0656702

23 17 0.0663272

24 17 0.0667224

25 17 0.0668544

26 17 0.0667224

27 17 0.0663272

28 17 0.0656702

29 17 0.064754

30 17 0.0635823

31 17 0.0621596

32 17 0.0604916

33 17 0.0585849

34 17 0.056447

35 17 0.0540863

36 17 0.0515122

37 17 0.0487347

38 17 0.045765

39 17 0.0426146

40 17 0.039296

41 17 0.0358224

42 17 0.0322073

43 17 0.0284652

44 17 0.0246107

45 17 0.0206591

46 17 0.016626

47 17 0.0125273

48 17 0.00837907

49 17 0.00419782

50 17 0

0 18 0

1 18 0.00433444

2 18 0.00865178

3 18 0.012935

4 18 0.0171671

5 18 0.0213315

6 18 0.0254117

7 18 0.0293916

8 18 0.0332556

9 18 0.0369882

10 18 0.0405749

11 18 0.0440015

12 18 0.0472544

13 18 0.0503209

14 18 0.0531887

15 18 0.0558466

16 18 0.0582841

17 18 0.0604916

18 18 0.0624604

19 18 0.0641827

20 18 0.0656516

21 18 0.0668615

22 18 0.0678075

23 18 0.0684859

24 18 0.068894

25 18 0.0690302

26 18 0.068894

27 18 0.0684859

28 18 0.0678075

29 18 0.0668615

30 18 0.0656516

31 18 0.0641827

32 18 0.0624604

33 18 0.0604916

34 18 0.0582841

35 18 0.0558466

36 18 0.0531887

37 18 0.0503209

38 18 0.0472544

39 18 0.0440015

40 18 0.0405749

41 18 0.0369882

42 18 0.0332556

43 18 0.0293916

44 18 0.0254117

45 18 0.0213315

46 18 0.0171671

47 18 0.012935

48 18 0.00865178

49 18 0.00433444

50 18 0

0 19 0

1 19 0.00445396

2 19 0.00889034

3 19 0.0132916

4 19 0.0176405

5 19 0.0219197

6 19 0.0261124

7 19 0.0302021

8 19 0.0341725

9 19 0.0380081

10 19 0.0416937

11 19 0.0452148

12 19 0.0485574

13 19 0.0517084

14 19 0.0546553

15 19 0.0573865

16 19 0.0598912

17 19 0.0621596

18 19 0.0641827

19 19 0.0659524

20 19 0.0674619

21 19 0.0687051

22 19 0.0696772

23 19 0.0703743

24 19 0.0707937

25 19 0.0709336

26 19 0.0707937

27 19 0.0703743

28 19 0.0696772

29 19 0.0687051

30 19 0.0674619

31 19 0.0659524

32 19 0.0641827

33 19 0.0621596

34 19 0.0598912

35 19 0.0573865

36 19 0.0546553

37 19 0.0517084

38 19 0.0485574

39 19 0.0452148

40 19 0.0416937

41 19 0.0380081

42 19 0.0341725

43 19 0.0302021

44 19 0.0261124

45 19 0.0219197

46 19 0.0176405

47 19 0.0132916

48 19 0.00889034

49 19 0.00445396

50 19 0

0 20 0

1 20 0.0045559

2 20 0.00909382

3 20 0.0135958

4 20 0.0180442

5 20 0.0224214

6 20 0.0267101

7 20 0.0308933

8 20 0.0349547

9 20 0.038878

10 20 0.042648

11 20 0.0462496

12 20 0.0496688

13 20 0.0528919

14 20 0.0559062

15 20 0.0586999

16 20 0.061262

17 20 0.0635823

18 20 0.0656516

19 20 0.0674619

20 20 0.0690059

21 20 0.0702776

22 20 0.0712719

23 20 0.071985

24 20 0.0724139

25 20 0.0725571

26 20 0.0724139

27 20 0.071985

28 20 0.0712719

29 20 0.0702776

30 20 0.0690059

31 20 0.0674619

32 20 0.0656516

33 20 0.0635823

34 20 0.061262

35 20 0.0586999

36 20 0.0559062

37 20 0.0528919

38 20 0.0496688

39 20 0.0462496

40 20 0.042648

41 20 0.038878

42 20 0.0349547

43 20 0.0308933

44 20 0.0267101

45 20 0.0224214

46 20 0.0180442

47 20 0.0135958

48 20 0.00909382

49 20 0.0045559

50 20 0

0 21 0

1 21 0.00463986

2 21 0.0092614

3 21 0.0138464

4 21 0.0183767

5 21 0.0228346

6 21 0.0272023

7 21 0.0314626

8 21 0.0355988

9 21 0.0395945

10 21 0.0434339

11 21 0.047102

12 21 0.0505841

13 21 0.0538666

14 21 0.0569365

15 21 0.0597817

16 21 0.062391

17 21 0.064754

18 21 0.0668615

19 21 0.0687051

20 21 0.0702776

21 21 0.0715727

22 21 0.0725854

23 21 0.0733116

24 21 0.0737484

25 21 0.0738942

26 21 0.0737484

27 21 0.0733116

28 21 0.0725854

29 21 0.0715727

30 21 0.0702776

31 21 0.0687051

32 21 0.0668615

33 21 0.064754

34 21 0.062391

35 21 0.0597817

36 21 0.0569365

37 21 0.0538666

38 21 0.0505841

39 21 0.047102

40 21 0.0434339

41 21 0.0395945

42 21 0.0355988

43 21 0.0314626

44 21 0.0272023

45 21 0.0228346

46 21 0.0183767

47 21 0.0138464

48 21 0.0092614

49 21 0.00463986

50 21 0

0 22 0

1 22 0.0047055

2 22 0.00939244

3 22 0.0140423

4 22 0.0186368

5 22 0.0231577

6 22 0.0275872

7 22 0.0319078

8 22 0.0361025

9 22 0.0401547

10 22 0.0440485

11 22 0.0477684

12 22 0.0512998

13 22 0.0546287

14 22 0.0577421

15 22 0.0606275

16 22 0.0632737

17 22 0.0656702

18 22 0.0678075

19 22 0.0696772

20 22 0.0712719

21 22 0.0725854

22 22 0.0736123

23 22 0.0743488

24 22 0.0747919

25 22 0.0749397

26 22 0.0747919

27 22 0.0743488

28 22 0.0736123

29 22 0.0725854

30 22 0.0712719

31 22 0.0696772

32 22 0.0678075

33 22 0.0656702

34 22 0.0632737

35 22 0.0606275

36 22 0.0577421

37 22 0.0546287

38 22 0.0512998

39 22 0.0477684

40 22 0.0440485

41 22 0.0401547

42 22 0.0361025

43 22 0.0319078

44 22 0.0275872

45 22 0.0231577

46 22 0.0186368

47 22 0.0140423

48 22 0.00939244

49 22 0.0047055

50 22 0

0 23 0

1 23 0.00475258

2 23 0.00948641

3 23 0.0141828

4 23 0.0188232

5 23 0.0233893

6 23 0.0278632

7 23 0.032227

8 23 0.0364637

9 23 0.0405565

10 23 0.0444892

11 23 0.0482463

12 23 0.051813

13 23 0.0551753

14 23 0.0583197

15 23 0.0612341

16 23 0.0639067

17 23 0.0663272

18 23 0.0684859

19 23 0.0703743

20 23 0.071985

21 23 0.0733116

22 23 0.0743488

23 23 0.0750926

24 23 0.0755401

25 23 0.0756895

26 23 0.0755401

27 23 0.0750926

28 23 0.0743488

29 23 0.0733116

30 23 0.071985

31 23 0.0703743

32 23 0.0684859

33 23 0.0663272

34 23 0.0639067

35 23 0.0612341

36 23 0.0583197

37 23 0.0551753

38 23 0.051813

39 23 0.0482463

40 23 0.0444892

41 23 0.0405565

42 23 0.0364637

43 23 0.032227

44 23 0.0278632

45 23 0.0233893

46 23 0.0188232

47 23 0.0141828

48 23 0.00948641

49 23 0.00475258

50 23 0

0 24 0

1 24 0.0047809

2 24 0.00954294

3 24 0.0142673

4 24 0.0189354

5 24 0.0235287

6 24 0.0280292

7 24 0.0324191

8 24 0.036681

9 24 0.0407981

10 24 0.0447543

11 24 0.0485338

12 24 0.0521218

13 24 0.055504

14 24 0.0586673

15 24 0.061599

16 24 0.0642876

17 24 0.0667224

18 24 0.068894

19 24 0.0707937

20 24 0.0724139

21 24 0.0737484

22 24 0.0747919

23 24 0.0755401

24 24 0.0759903

25 24 0.0761405

26 24 0.0759903

27 24 0.0755401

28 24 0.0747919

29 24 0.0737484

30 24 0.0724139

31 24 0.0707937

32 24 0.068894

33 24 0.0667224

34 24 0.0642876

35 24 0.061599

36 24 0.0586673

37 24 0.055504

38 24 0.0521218

39 24 0.0485338

40 24 0.0447543

41 24 0.0407981

42 24 0.036681

43 24 0.0324191

44 24 0.0280292

45 24 0.0235287

46 24 0.0189354

47 24 0.0142673

48 24 0.00954294

49 24 0.0047809

50 24 0

0 25 0

1 25 0.00479036

2 25 0.0095618

3 25 0.0142955

4 25 0.0189728

5 25 0.0235752

6 25 0.0280846

7 25 0.0324832

8 25 0.0367535

9 25 0.0408788

10 25 0.0448428

11 25 0.0486297

12 25 0.0522248

13 25 0.0556138

14 25 0.0587833

15 25 0.0617208

16 25 0.0644147

17 25 0.0668544

18 25 0.0690302

19 25 0.0709336

20 25 0.0725571

21 25 0.0738942

22 25 0.0749397

23 25 0.0756895

24 25 0.0761405

25 25 0.0762911

26 25 0.0761405

27 25 0.0756895

28 25 0.0749397

29 25 0.0738942

30 25 0.0725571

31 25 0.0709336

32 25 0.0690302

33 25 0.0668544

34 25 0.0644147

35 25 0.0617208

36 25 0.0587833

37 25 0.0556138

38 25 0.0522248

39 25 0.0486297

40 25 0.0448428

41 25 0.0408788

42 25 0.0367535

43 25 0.0324832

44 25 0.0280846

45 25 0.0235752

46 25 0.0189728

47 25 0.0142955

48 25 0.0095618

49 25 0.00479036

50 25 0

0 26 0

1 26 0.0047809

2 26 0.00954294

3 26 0.0142673

4 26 0.0189354

5 26 0.0235287

6 26 0.0280292

7 26 0.0324191

8 26 0.036681

9 26 0.0407981

10 26 0.0447543

11 26 0.0485338

12 26 0.0521218

13 26 0.055504

14 26 0.0586673

15 26 0.061599

16 26 0.0642876

17 26 0.0667224

18 26 0.068894

19 26 0.0707937

20 26 0.0724139

21 26 0.0737484

22 26 0.0747919

23 26 0.0755401

24 26 0.0759903

25 26 0.0761405

26 26 0.0759903

27 26 0.0755401

28 26 0.0747919

29 26 0.0737484

30 26 0.0724139

31 26 0.0707937

32 26 0.068894

33 26 0.0667224

34 26 0.0642876

35 26 0.061599

36 26 0.0586673

37 26 0.055504

38 26 0.0521218

39 26 0.0485338

40 26 0.0447543

41 26 0.0407981

42 26 0.036681

43 26 0.0324191

44 26 0.0280292

45 26 0.0235287

46 26 0.0189354

47 26 0.0142673

48 26 0.00954294

49 26 0.0047809

50 26 0

0 27 0

1 27 0.00475258

2 27 0.00948641

3 27 0.0141828

4 27 0.0188232

5 27 0.0233893

6 27 0.0278632

7 27 0.032227

8 27 0.0364637

9 27 0.0405565

10 27 0.0444892

11 27 0.0482463

12 27 0.051813

13 27 0.0551753

14 27 0.0583197

15 27 0.0612341

16 27 0.0639067

17 27 0.0663272

18 27 0.0684859

19 27 0.0703743

20 27 0.071985

21 27 0.0733116

22 27 0.0743488

23 27 0.0750926

24 27 0.0755401

25 27 0.0756895

26 27 0.0755401

27 27 0.0750926

28 27 0.0743488

29 27 0.0733116

30 27 0.071985

31 27 0.0703743

32 27 0.0684859

33 27 0.0663272

34 27 0.0639067

35 27 0.0612341

36 27 0.0583197

37 27 0.0551753

38 27 0.051813

39 27 0.0482463

40 27 0.0444892

41 27 0.0405565

42 27 0.0364637

43 27 0.032227

44 27 0.0278632

45 27 0.0233893

46 27 0.0188232

47 27 0.0141828

48 27 0.00948641

49 27 0.00475258

50 27 0

0 28 0

1 28 0.0047055

2 28 0.00939244

3 28 0.0140423

4 28 0.0186368

5 28 0.0231577

6 28 0.0275872

7 28 0.0319078

8 28 0.0361025

9 28 0.0401547

10 28 0.0440485

11 28 0.0477684

12 28 0.0512998

13 28 0.0546287

14 28 0.0577421

15 28 0.0606275

16 28 0.0632737

17 28 0.0656702

18 28 0.0678075

19 28 0.0696772

20 28 0.0712719

21 28 0.0725854

22 28 0.0736123

23 28 0.0743488

24 28 0.0747919

25 28 0.0749397

26 28 0.0747919

27 28 0.0743488

28 28 0.0736123

29 28 0.0725854

30 28 0.0712719

31 28 0.0696772

32 28 0.0678075

33 28 0.0656702

34 28 0.0632737

35 28 0.0606275

36 28 0.0577421

37 28 0.0546287

38 28 0.0512998

39 28 0.0477684

40 28 0.0440485

41 28 0.0401547

42 28 0.0361025

43 28 0.0319078

44 28 0.0275872

45 28 0.0231577

46 28 0.0186368

47 28 0.0140423

48 28 0.00939244

49 28 0.0047055

50 28 0

0 29 0

1 29 0.00463986

2 29 0.0092614

3 29 0.0138464

4 29 0.0183767

5 29 0.0228346

6 29 0.0272023

7 29 0.0314626

8 29 0.0355988

9 29 0.0395945

10 29 0.0434339

11 29 0.047102

12 29 0.0505841

13 29 0.0538666

14 29 0.0569365

15 29 0.0597817

16 29 0.062391

17 29 0.064754

18 29 0.0668615

19 29 0.0687051

20 29 0.0702776

21 29 0.0715727

22 29 0.0725854

23 29 0.0733116

24 29 0.0737484

25 29 0.0738942

26 29 0.0737484

27 29 0.0733116

28 29 0.0725854

29 29 0.0715727

30 29 0.0702776

31 29 0.0687051

32 29 0.0668615

33 29 0.064754

34 29 0.062391

35 29 0.0597817

36 29 0.0569365

37 29 0.0538666

38 29 0.0505841

39 29 0.047102

40 29 0.0434339

41 29 0.0395945

42 29 0.0355988

43 29 0.0314626

44 29 0.0272023

45 29 0.0228346

46 29 0.0183767

47 29 0.0138464

48 29 0.0092614

49 29 0.00463986

50 29 0

0 30 0

1 30 0.0045559

2 30 0.00909382

3 30 0.0135958

4 30 0.0180442

5 30 0.0224214

6 30 0.0267101

7 30 0.0308933

8 30 0.0349547

9 30 0.038878

10 30 0.042648

11 30 0.0462496

12 30 0.0496688

13 30 0.0528919

14 30 0.0559062

15 30 0.0586999

16 30 0.061262

17 30 0.0635823

18 30 0.0656516

19 30 0.0674619

20 30 0.0690059

21 30 0.0702776

22 30 0.0712719

23 30 0.071985

24 30 0.0724139

25 30 0.0725571

26 30 0.0724139

27 30 0.071985

28 30 0.0712719

29 30 0.0702776

30 30 0.0690059

31 30 0.0674619

32 30 0.0656516

33 30 0.0635823

34 30 0.061262

35 30 0.0586999

36 30 0.0559062

37 30 0.0528919

38 30 0.0496688

39 30 0.0462496

40 30 0.042648

41 30 0.038878

42 30 0.0349547

43 30 0.0308933

44 30 0.0267101

45 30 0.0224214

46 30 0.0180442

47 30 0.0135958

48 30 0.00909382

49 30 0.0045559

50 30 0

0 31 0

1 31 0.00445396

2 31 0.00889034

3 31 0.0132916

4 31 0.0176405

5 31 0.0219197

6 31 0.0261124

7 31 0.0302021

8 31 0.0341725

9 31 0.0380081

10 31 0.0416937

11 31 0.0452148

12 31 0.0485574

13 31 0.0517084

14 31 0.0546553

15 31 0.0573865

16 31 0.0598912

17 31 0.0621596

18 31 0.0641827

19 31 0.0659524

20 31 0.0674619

21 31 0.0687051

22 31 0.0696772

23 31 0.0703743

24 31 0.0707937

25 31 0.0709336

26 31 0.0707937

27 31 0.0703743

28 31 0.0696772

29 31 0.0687051

30 31 0.0674619

31 31 0.0659524

32 31 0.0641827

33 31 0.0621596

34 31 0.0598912

35 31 0.0573865

36 31 0.0546553

37 31 0.0517084

38 31 0.0485574

39 31 0.0452148

40 31 0.0416937

41 31 0.0380081

42 31 0.0341725

43 31 0.0302021

44 31 0.0261124

45 31 0.0219197

46 31 0.0176405

47 31 0.0132916

48 31 0.00889034

49 31 0.00445396

50 31 0

0 32 0

1 32 0.00433444

2 32 0.00865178

3 32 0.012935

4 32 0.0171671

5 32 0.0213315

6 32 0.0254117

7 32 0.0293916

8 32 0.0332556

9 32 0.0369882

10 32 0.0405749

11 32 0.0440015

12 32 0.0472544

13 32 0.0503209

14 32 0.0531887

15 32 0.0558466

16 32 0.0582841

17 32 0.0604916

18 32 0.0624604

19 32 0.0641827

20 32 0.0656516

21 32 0.0668615

22 32 0.0678075

23 32 0.0684859

24 32 0.068894

25 32 0.0690302

26 32 0.068894

27 32 0.0684859

28 32 0.0678075

29 32 0.0668615

30 32 0.0656516

31 32 0.0641827

32 32 0.0624604

33 32 0.0604916

34 32 0.0582841

35 32 0.0558466

36 32 0.0531887

37 32 0.0503209

38 32 0.0472544

39 32 0.0440015

40 32 0.0405749

41 32 0.0369882

42 32 0.0332556

43 32 0.0293916

44 32 0.0254117

45 32 0.0213315

46 32 0.0171671

47 32 0.012935

48 32 0.00865178

49 32 0.00433444

50 32 0

0 33 0

1 33 0.00419782

2 33 0.00837907

3 33 0.0125273

4 33 0.016626

5 33 0.0206591

6 33 0.0246107

7 33 0.0284652

8 33 0.0322073

9 33 0.0358224

10 33 0.039296

11 33 0.0426146

12 33 0.045765

13 33 0.0487347

14 33 0.0515122

15 33 0.0540863

16 33 0.056447

17 33 0.0585849

18 33 0.0604916

19 33 0.0621596

20 33 0.0635823

21 33 0.064754

22 33 0.0656702

23 33 0.0663272

24 33 0.0667224

25 33 0.0668544

26 33 0.0667224

27 33 0.0663272

28 33 0.0656702

29 33 0.064754

30 33 0.0635823

31 33 0.0621596

32 33 0.0604916

33 33 0.0585849

34 33 0.056447

35 33 0.0540863

36 33 0.0515122

37 33 0.0487347

38 33 0.045765

39 33 0.0426146

40 33 0.039296

41 33 0.0358224

42 33 0.0322073

43 33 0.0284652

44 33 0.0246107

45 33 0.0206591

46 33 0.016626

47 33 0.0125273

48 33 0.00837907

49 33 0.00419782

50 33 0

0 34 0

1 34 0.00404463

2 34 0.0080733

3 34 0.0120701

4 34 0.0160193

5 34 0.0199052

6 34 0.0237126

7 34 0.0274264

8 34 0.031032

9 34 0.0345151

10 34 0.037862

11 34 0.0410595

12 34 0.0440949

13 34 0.0469563

14 34 0.0496324

15 34 0.0521126

16 34 0.0543871

17 34 0.056447

18 34 0.0582841

19 34 0.0598912

20 34 0.061262

21 34 0.062391

22 34 0.0632737

23 34 0.0639067

24 34 0.0642876

25 34 0.0644147

26 34 0.0642876

27 34 0.0639067

28 34 0.0632737

29 34 0.062391

30 34 0.061262

31 34 0.0598912

32 34 0.0582841

33 34 0.056447

34 34 0.0543871

35 34 0.0521126

36 34 0.0496324

37 34 0.0469563

38 34 0.0440949

39 34 0.0410595

40 34 0.037862

41 34 0.0345151

42 34 0.031032

43 34 0.0274264

44 34 0.0237126

45 34 0.0199052

46 34 0.0160193

47 34 0.0120701

48 34 0.0080733

49 34 0.00404463

50 34 0

0 35 0

1 35 0.00387548

2 35 0.00773566

3 35 0.0115653

4 35 0.0153493

5 35 0.0190728

6 35 0.0227209

7 35 0.0262794

8 35 0.0297342

9 35 0.0330716

10 35 0.0362786

11 35 0.0393423

12 35 0.0422508

13 35 0.0449925

14 35 0.0475567

15 35 0.0499331

16 35 0.0521126

17 35 0.0540863

18 35 0.0558466

19 35 0.0573865

20 35 0.0586999

21 35 0.0597817

22 35 0.0606275

23 35 0.0612341

24 35 0.061599

25 35 0.0617208

26 35 0.061599

27 35 0.0612341

28 35 0.0606275

29 35 0.0597817

30 35 0.0586999

31 35 0.0573865

32 35 0.0558466

33 35 0.0540863

34 35 0.0521126

35 35 0.0499331

36 35 0.0475567

37 35 0.0449925

38 35 0.0422508

39 35 0.0393423

40 35 0.0362786

41 35 0.0330716

42 35 0.0297342

43 35 0.0262794

44 35 0.0227209

45 35 0.0190728

46 35 0.0153493

47 35 0.0115653

48 35 0.00773566

49 35 0.00387548

50 35 0

0 36 0

1 36 0.00369103

2 36 0.0073675

3 36 0.0110149

4 36 0.0146188

5 36 0.018165

6 36 0.0216396

7 36 0.0250287

8 36 0.0283191

9 36 0.0314977

10 36 0.0345519

11 36 0.0374699

12 36 0.0402399

13 36 0.0428512

14 36 0.0452933

15 36 0.0475567

16 36 0.0496324

17 36 0.0515122

18 36 0.0531887

19 36 0.0546553

20 36 0.0559062

21 36 0.0569365

22 36 0.0577421

23 36 0.0583197

24 36 0.0586673

25 36 0.0587833

26 36 0.0586673

27 36 0.0583197

28 36 0.0577421

29 36 0.0569365

30 36 0.0559062

31 36 0.0546553

32 36 0.0531887

33 36 0.0515122

34 36 0.0496324

35 36 0.0475567

36 36 0.0452933

37 36 0.0428512

38 36 0.0402399

39 36 0.0374699

40 36 0.0345519

41 36 0.0314977

42 36 0.0283191

43 36 0.0250287

44 36 0.0216396

45 36 0.018165

46 36 0.0146188

47 36 0.0110149

48 36 0.0073675

49 36 0.00369103

50 36 0

0 37 0

1 37 0.00349202

2 37 0.00697026

3 37 0.010421

4 37 0.0138306

5 37 0.0171856

6 37 0.0204728

7 37 0.0236792

8 37 0.0267921

9 37 0.0297994

10 37 0.032689

11 37 0.0354496

12 37 0.0380703

13 37 0.0405407

14 37 0.0428512

15 37 0.0449925

16 37 0.0469563

17 37 0.0487347

18 37 0.0503209

19 37 0.0517084

20 37 0.0528919

21 37 0.0538666

22 37 0.0546287

23 37 0.0551753

24 37 0.055504

25 37 0.0556138

26 37 0.055504

27 37 0.0551753

28 37 0.0546287

29 37 0.0538666

30 37 0.0528919

31 37 0.0517084

32 37 0.0503209

33 37 0.0487347

34 37 0.0469563

35 37 0.0449925

36 37 0.0428512

37 37 0.0405407

38 37 0.0380703

39 37 0.0354496

40 37 0.032689

41 37 0.0297994

42 37 0.0267921

43 37 0.0236792

44 37 0.0204728

45 37 0.0171856

46 37 0.0138306

47 37 0.010421

48 37 0.00697026

49 37 0.00349202

50 37 0

0 38 0

1 38 0.00327922

2 38 0.00654551

3 38 0.00978596

4 38 0.0129878

5 38 0.0161384

6 38 0.0192252

7 38 0.0222362

8 38 0.0251595

9 38 0.0279835

10 38 0.030697

11 38 0.0332894

12 38 0.0357504

13 38 0.0380703

14 38 0.0402399

15 38 0.0422508

16 38 0.0440949

17 38 0.045765

18 38 0.0472544

19 38 0.0485574

20 38 0.0496688

21 38 0.0505841

22 38 0.0512998

23 38 0.051813

24 38 0.0521218

25 38 0.0522248

26 38 0.0521218

27 38 0.051813

28 38 0.0512998

29 38 0.0505841

30 38 0.0496688

31 38 0.0485574

32 38 0.0472544

33 38 0.045765

34 38 0.0440949

35 38 0.0422508

36 38 0.0402399

37 38 0.0380703

38 38 0.0357504

39 38 0.0332894

40 38 0.030697

41 38 0.0279835

42 38 0.0251595

43 38 0.0222362

44 38 0.0192252

45 38 0.0161384

46 38 0.0129878

47 38 0.00978596

48 38 0.00654551

49 38 0.00327922

50 38 0

0 39 0

1 39 0.00305349

2 39 0.00609492

3 39 0.00911231

4 39 0.0120937

5 39 0.0150274

6 39 0.0179018

7 39 0.0207055

8 39 0.0234276

9 39 0.0260571

10 39 0.0285838

11 39 0.0309978

12 39 0.0332894

13 39 0.0354496

14 39 0.0374699

15 39 0.0393423

16 39 0.0410595

17 39 0.0426146

18 39 0.0440015

19 39 0.0452148

20 39 0.0462496

21 39 0.047102

22 39 0.0477684

23 39 0.0482463

24 39 0.0485338

25 39 0.0486297

26 39 0.0485338

27 39 0.0482463

28 39 0.0477684

29 39 0.047102

30 39 0.0462496

31 39 0.0452148

32 39 0.0440015

33 39 0.0426146

34 39 0.0410595

35 39 0.0393423

36 39 0.0374699

37 39 0.0354496

38 39 0.0332894

39 39 0.0309978

40 39 0.0285838

41 39 0.0260571

42 39 0.0234276

43 39 0.0207055

44 39 0.0179018

45 39 0.0150274

46 39 0.0120937

47 39 0.00911231

48 39 0.00609492

49 39 0.00305349

50 39 0

0 40 0

1 40 0.0028157

2 40 0.00562029

3 40 0.00840269

4 40 0.0111519

5 40 0.0138572

6 40 0.0165077

7 40 0.0190931

8 40 0.0216032

9 40 0.024028

10 40 0.0263579

11 40 0.0285838

12 40 0.030697

13 40 0.032689

14 40 0.0345519

15 40 0.0362786

16 40 0.037862

17 40 0.039296

18 40 0.0405749

19 40 0.0416937

20 40 0.042648

21 40 0.0434339

22 40 0.0440485

23 40 0.0444892

24 40 0.0447543

25 40 0.0448428

26 40 0.0447543

27 40 0.0444892

28 40 0.0440485

29 40 0.0434339

30 40 0.042648

31 40 0.0416937

32 40 0.0405749

33 40 0.039296

34 40 0.037862

35 40 0.0362786

36 40 0.0345519

37 40 0.032689

38 40 0.030697

39 40 0.0285838

40 40 0.0263579

41 40 0.024028

42 40 0.0216032

43 40 0.0190931

44 40 0.0165077

45 40 0.0138572

46 40 0.0111519

47 40 0.00840269

48 40 0.00562029

49 40 0.0028157

50 40 0

0 41 0

1 41 0.0025668

2 41 0.00512347

3 41 0.00765992

4 41 0.0101661

5 41 0.0126322

6 41 0.0150485

7 41 0.0174053

8 41 0.0196935

9 41 0.021904

10 41 0.024028

11 41 0.0260571

12 41 0.0279835

13 41 0.0297994

14 41 0.0314977

15 41 0.0330716

16 41 0.0345151

17 41 0.0358224

18 41 0.0369882

19 41 0.0380081

20 41 0.038878

21 41 0.0395945

22 41 0.0401547

23 41 0.0405565

24 41 0.0407981

25 41 0.0408788

26 41 0.0407981

27 41 0.0405565

28 41 0.0401547

29 41 0.0395945

30 41 0.038878

31 41 0.0380081

32 41 0.0369882

33 41 0.0358224

34 41 0.0345151

35 41 0.0330716

36 41 0.0314977

37 41 0.0297994

38 41 0.0279835

39 41 0.0260571

40 41 0.024028

41 41 0.021904

42 41 0.0196935

43 41 0.0174053

44 41 0.0150485

45 41 0.0126322

46 41 0.0101661

47 41 0.00765992

48 41 0.00512347

49 41 0.0025668

50 41 0

0 42 0

1 42 0.00230777

2 42 0.00460643

3 42 0.00688692

4 42 0.00914022

5 42 0.0113575

6 42 0.0135299

7 42 0.0156489

8 42 0.0177061

9 42 0.0196935

10 42 0.0216032

11 42 0.0234276

12 42 0.0251595

13 42 0.0267921

14 42 0.0283191

15 42 0.0297342

16 42 0.031032

17 42 0.0322073

18 42 0.0332556

19 42 0.0341725

20 42 0.0349547

21 42 0.0355988

22 42 0.0361025

23 42 0.0364637

24 42 0.036681

25 42 0.0367535

26 42 0.036681

27 42 0.0364637

28 42 0.0361025

29 42 0.0355988

30 42 0.0349547

31 42 0.0341725

32 42 0.0332556

33 42 0.0322073

34 42 0.031032

35 42 0.0297342

36 42 0.0283191

37 42 0.0267921

38 42 0.0251595

39 42 0.0234276

40 42 0.0216032

41 42 0.0196935

42 42 0.0177061

43 42 0.0156489

44 42 0.0135299

45 42 0.0113575

46 42 0.00914022

47 42 0.00688692

48 42 0.00460643

49 42 0.00230777

50 42 0

0 43 0

1 43 0.00203963

2 43 0.00407122

3 43 0.00608674

4 43 0.00807823

5 43 0.0100378

6 43 0.0119578

7 43 0.0138307

8 43 0.0156489

9 43 0.0174053

10 43 0.0190931

11 43 0.0207055

12 43 0.0222362

13 43 0.0236792

14 43 0.0250287

15 43 0.0262794

16 43 0.0274264

17 43 0.0284652

18 43 0.0293916

19 43 0.0302021

20 43 0.0308933

21 43 0.0314626

22 43 0.0319078

23 43 0.032227

24 43 0.0324191

25 43 0.0324832

26 43 0.0324191

27 43 0.032227

28 43 0.0319078

29 43 0.0314626

30 43 0.0308933

31 43 0.0302021

32 43 0.0293916

33 43 0.0284652

34 43 0.0274264

35 43 0.0262794

36 43 0.0250287

37 43 0.0236792

38 43 0.0222362

39 43 0.0207055

40 43 0.0190931

41 43 0.0174053

42 43 0.0156489

43 43 0.0138307

44 43 0.0119578

45 43 0.0100378

46 43 0.00807823

47 43 0.00608674

48 43 0.00407122

49 43 0.00203963

50 43 0

0 44 0

1 44 0.00176345

2 44 0.00351994

3 44 0.00526253

4 44 0.00698436

5 44 0.00867862

6 44 0.0103386

7 44 0.0119578

8 44 0.0135299

9 44 0.0150485

10 44 0.0165077

11 44 0.0179018

12 44 0.0192252

13 44 0.0204728

14 44 0.0216396

15 44 0.0227209

16 44 0.0237126

17 44 0.0246107

18 44 0.0254117

19 44 0.0261124

20 44 0.0267101

21 44 0.0272023

22 44 0.0275872

23 44 0.0278632

24 44 0.0280292

25 44 0.0280846

26 44 0.0280292

27 44 0.0278632

28 44 0.0275872

29 44 0.0272023

30 44 0.0267101

31 44 0.0261124

32 44 0.0254117

33 44 0.0246107

34 44 0.0237126

35 44 0.0227209

36 44 0.0216396

37 44 0.0204728

38 44 0.0192252

39 44 0.0179018

40 44 0.0165077

41 44 0.0150485

42 44 0.0135299

43 44 0.0119578

44 44 0.0103386

45 44 0.00867862

46 44 0.00698436

47 44 0.00526253

48 44 0.00351994

49 44 0.00176345

50 44 0

0 45 0

1 45 0.0014803

2 45 0.00295476

3 45 0.00441756

4 45 0.00586292

5 45 0.00728515

6 45 0.00867862

7 45 0.0100378

8 45 0.0113575

9 45 0.0126322

10 45 0.0138572

11 45 0.0150274

12 45 0.0161384

13 45 0.0171856

14 45 0.018165

15 45 0.0190728

16 45 0.0199052

17 45 0.0206591

18 45 0.0213315

19 45 0.0219197

20 45 0.0224214

21 45 0.0228346

22 45 0.0231577

23 45 0.0233893

24 45 0.0235287

25 45 0.0235752

26 45 0.0235287

27 45 0.0233893

28 45 0.0231577

29 45 0.0228346

30 45 0.0224214

31 45 0.0219197

32 45 0.0213315

33 45 0.0206591

34 45 0.0199052

35 45 0.0190728

36 45 0.018165

37 45 0.0171856

38 45 0.0161384

39 45 0.0150274

40 45 0.0138572

41 45 0.0126322

42 45 0.0113575

43 45 0.0100378

44 45 0.00867862

45 45 0.00728515

46 45 0.00586292

47 45 0.00441756

48 45 0.00295476

49 45 0.0014803

50 45 0

0 46 0

1 46 0.00119131

2 46 0.00237792

3 46 0.00355515

4 46 0.00471835

5 46 0.00586292

6 46 0.00698436

7 46 0.00807823

8 46 0.00914022

9 46 0.0101661

10 46 0.0111519

11 46 0.0120937

12 46 0.0129878

13 46 0.0138306

14 46 0.0146188

15 46 0.0153493

16 46 0.0160193

17 46 0.016626

18 46 0.0171671

19 46 0.0176405

20 46 0.0180442

21 46 0.0183767

22 46 0.0186368

23 46 0.0188232

24 46 0.0189354

25 46 0.0189728

26 46 0.0189354

27 46 0.0188232

28 46 0.0186368

29 46 0.0183767

30 46 0.0180442

31 46 0.0176405

32 46 0.0171671

33 46 0.016626

34 46 0.0160193

35 46 0.0153493

36 46 0.0146188

37 46 0.0138306

38 46 0.0129878

39 46 0.0120937

40 46 0.0111519

41 46 0.0101661

42 46 0.00914022

43 46 0.00807823

44 46 0.00698436

45 46 0.00586292

46 46 0.00471835

47 46 0.00355515

48 46 0.00237792

49 46 0.00119131

50 46 0

0 47 0

1 47 0.000897623

2 47 0.0017917

3 47 0.00267871

4 47 0.00355515

5 47 0.00441756

6 47 0.00526253

7 47 0.00608674

8 47 0.00688692

9 47 0.00765992

10 47 0.00840269

11 47 0.00911231

12 47 0.00978596

13 47 0.010421

14 47 0.0110149

15 47 0.0115653

16 47 0.0120701

17 47 0.0125273

18 47 0.012935

19 47 0.0132916

20 47 0.0135958

21 47 0.0138464

22 47 0.0140423

23 47 0.0141828

24 47 0.0142673

25 47 0.0142955

26 47 0.0142673

27 47 0.0141828

28 47 0.0140423

29 47 0.0138464

30 47 0.0135958

31 47 0.0132916

32 47 0.012935

33 47 0.0125273

34 47 0.0120701

35 47 0.0115653

36 47 0.0110149

37 47 0.010421

38 47 0.00978596

39 47 0.00911231

40 47 0.00840269

41 47 0.00765992

42 47 0.00688692

43 47 0.00608674

44 47 0.00526253

45 47 0.00441756

46 47 0.00355515

47 47 0.00267871

48 47 0.0017917

49 47 0.000897623

50 47 0

0 48 0

1 48 0.000600391

2 48 0.00119841

3 48 0.0017917

4 48 0.00237792

5 48 0.00295476

6 48 0.00351994

7 48 0.00407122

8 48 0.00460643

9 48 0.00512347

10 48 0.00562029

11 48 0.00609492

12 48 0.00654551

13 48 0.00697026

14 48 0.0073675

15 48 0.00773566

16 48 0.0080733

17 48 0.00837907

18 48 0.00865178

19 48 0.00889034

20 48 0.00909382

21 48 0.0092614

22 48 0.00939244

23 48 0.00948641

24 48 0.00954294

25 48 0.0095618

26 48 0.00954294

27 48 0.00948641

28 48 0.00939244

29 48 0.0092614

30 48 0.00909382

31 48 0.00889034

32 48 0.00865178

33 48 0.00837907

34 48 0.0080733

35 48 0.00773566

36 48 0.0073675

37 48 0.00697026

38 48 0.00654551

39 48 0.00609492

40 48 0.00562029

41 48 0.00512347

42 48 0.00460643

43 48 0.00407122

44 48 0.00351994

