0 1 0

1 1 0.000522663

2 1 0.00104326

3 1 0.00155975

4 1 0.00207007

5 1 0.00257223

6 1 0.00306424

7 1 0.00354415

8 1 0.00401007

9 1 0.00446017

10 1 0.00489267

11 1 0.00530586

12 1 0.00569811

13 1 0.00606787

14 1 0.00641368

15 1 0.00673418

16 1 0.00702811

17 1 0.0072943

18 1 0.0075317

19 1 0.00773938

20 1 0.00791651

21 1 0.0080624

22 1 0.00817647

23 1 0.00825827

24 1 0.00830748

25 1 0.00832391

26 1 0.00830748

27 1 0.00825827

28 1 0.00817647

29 1 0.0080624

30 1 0.00791651

31 1 0.00773938

32 1 0.0075317

33 1 0.0072943

34 1 0.00702811

35 1 0.00673418

36 1 0.00641368

37 1 0.00606787

38 1 0.00569811

39 1 0.00530586

40 1 0.00489267

41 1 0.00446017

42 1 0.00401007

43 1 0.00354415

44 1 0.00306424

45 1 0.00257223

46 1 0.00207007

47 1 0.00155975

48 1 0.00104326

49 1 0.000522663

50 1 0

0 2 0

1 2 0.00104326

2 2 0.00208241

3 2 0.00311333

4 2 0.00413197

5 2 0.00513431

6 2 0.00611638

7 2 0.00707431

8 2 0.00800432

9 2 0.00890275

10 2 0.00976603

11 2 0.0105908

12 2 0.0113737

13 2 0.0121118

14 2 0.0128021

15 2 0.0134418

16 2 0.0140285

17 2 0.0145598

18 2 0.0150337

19 2 0.0154482

20 2 0.0158018

21 2 0.016093

22 2 0.0163207

23 2 0.016484

24 2 0.0165822

25 2 0.016615

26 2 0.0165822

27 2 0.016484

28 2 0.0163207

29 2 0.016093

30 2 0.0158018

31 2 0.0154482

32 2 0.0150337

33 2 0.0145598

34 2 0.0140285

35 2 0.0134418

36 2 0.0128021

37 2 0.0121118

38 2 0.0113737

39 2 0.0105908

40 2 0.00976603

41 2 0.00890275

42 2 0.00800432

43 2 0.00707431

44 2 0.00611638

45 2 0.00513431

46 2 0.00413197

47 2 0.00311333

48 2 0.00208241

49 2 0.00104326

50 2 0

0 3 0

1 3 0.00155975

2 3 0.00311333

3 3 0.00465464

4 3 0.00617757

5 3 0.00767612

6 3 0.00914438

7 3 0.0105766

8 3 0.011967

9 3 0.0133102

10 3 0.0146009

11 3 0.0158339

12 3 0.0170045

13 3 0.0181079

14 3 0.0191399

15 3 0.0200964

16 3 0.0209735

17 3 0.0217679

18 3 0.0224763

19 3 0.0230961

20 3 0.0236247

21 3 0.02406

22 3 0.0244005

23 3 0.0246446

24 3 0.0247914

25 3 0.0248405

26 3 0.0247914

27 3 0.0246446

28 3 0.0244005

29 3 0.02406

30 3 0.0236247

31 3 0.0230961

32 3 0.0224763

33 3 0.0217679

34 3 0.0209735

35 3 0.0200964

36 3 0.0191399

37 3 0.0181079

38 3 0.0170045

39 3 0.0158339

40 3 0.0146009

41 3 0.0133102

42 3 0.011967

43 3 0.0105766

44 3 0.00914438

45 3 0.00767612

46 3 0.00617757

47 3 0.00465464

48 3 0.00311333

49 3 0.00155975

50 3 0

0 4 0

1 4 0.00207007

2 4 0.00413197

3 4 0.00617757

4 4 0.00819879

5 4 0.0101876

6 4 0.0121363

7 4 0.0140371

8 4 0.0158824

9 4 0.0176651

10 4 0.0193781

11 4 0.0210145

12 4 0.0225681

13 4 0.0240326

14 4 0.0254022

15 4 0.0266716

16 4 0.0278357

17 4 0.02889

18 4 0.0298303

19 4 0.0306528

20 4 0.0313543

21 4 0.0319322

22 4 0.032384

23 4 0.0327079

24 4 0.0329029

25 4 0.0329679

26 4 0.0329029

27 4 0.0327079

28 4 0.032384

29 4 0.0319322

30 4 0.0313543

31 4 0.0306528

32 4 0.0298303

33 4 0.02889

34 4 0.0278357

35 4 0.0266716

36 4 0.0254022

37 4 0.0240326

38 4 0.0225681

39 4 0.0210145

40 4 0.0193781

41 4 0.0176651

42 4 0.0158824

43 4 0.0140371

44 4 0.0121363

45 4 0.0101876

46 4 0.00819879

47 4 0.00617757

48 4 0.00413197

49 4 0.00207007

50 4 0

0 5 0

1 5 0.00257223

2 5 0.00513431

3 5 0.00767612

4 5 0.0101876

5 5 0.012659

6 5 0.0150803

7 5 0.0174422

8 5 0.0197352

9 5 0.0219503

10 5 0.0240788

11 5 0.0261122

12 5 0.0280426

13 5 0.0298624

14 5 0.0315643

15 5 0.0331416

16 5 0.0345881

17 5 0.0358981

18 5 0.0370665

19 5 0.0380885

20 5 0.0389603

21 5 0.0396783

22 5 0.0402396

23 5 0.0406422

24 5 0.0408844

25 5 0.0409653

26 5 0.0408844

27 5 0.0406422

28 5 0.0402396

29 5 0.0396783

30 5 0.0389603

31 5 0.0380885

32 5 0.0370665

33 5 0.0358981

34 5 0.0345881

35 5 0.0331416

36 5 0.0315643

37 5 0.0298624

38 5 0.0280426

39 5 0.0261122

40 5 0.0240788

41 5 0.0219503

42 5 0.0197352

43 5 0.0174422

44 5 0.0150803

45 5 0.012659

46 5 0.0101876

47 5 0.00767612

48 5 0.00513431

49 5 0.00257223

50 5 0

0 6 0

1 6 0.00306424

2 6 0.00611638

3 6 0.00914438

4 6 0.0121363

5 6 0.0150803

6 6 0.0179648

7 6 0.0207784

8 6 0.02351

9 6 0.0261488

10 6 0.0286845

11 6 0.0311069

12 6 0.0334065

13 6 0.0355743

14 6 0.0376018

15 6 0.0394808

16 6 0.041204

17 6 0.0427646

18 6 0.0441564

19 6 0.045374

20 6 0.0464124

21 6 0.0472678

22 6 0.0479365

23 6 0.0484161

24 6 0.0487046

25 6 0.0488009

26 6 0.0487046

27 6 0.0484161

28 6 0.0479365

29 6 0.0472678

30 6 0.0464124

31 6 0.045374

32 6 0.0441564

33 6 0.0427646

34 6 0.041204

35 6 0.0394808

36 6 0.0376018

37 6 0.0355743

38 6 0.0334065

39 6 0.0311069

40 6 0.0286845

41 6 0.0261488

42 6 0.02351

43 6 0.0207784

44 6 0.0179648

45 6 0.0150803

46 6 0.0121363

47 6 0.00914438

48 6 0.00611638

49 6 0.00306424

50 6 0

0 7 0

1 7 0.00354415

2 7 0.00707431

3 7 0.0105766

4 7 0.0140371

5 7 0.0174422

6 7 0.0207784

7 7 0.0240327

8 7 0.0271921

9 7 0.0302442

10 7 0.033177

11 7 0.0359788

12 7 0.0386386

13 7 0.0411459

14 7 0.0434909

15 7 0.0456642

16 7 0.0476572

17 7 0.0494623

18 7 0.0510721

19 7 0.0524803

20 7 0.0536814

21 7 0.0546707

22 7 0.0554442

23 7 0.0559989

24 7 0.0563326

25 7 0.056444

26 7 0.0563326

27 7 0.0559989

28 7 0.0554442

29 7 0.0546707

30 7 0.0536814

31 7 0.0524803

32 7 0.0510721

33 7 0.0494623

34 7 0.0476572

35 7 0.0456642

36 7 0.0434909

37 7 0.0411459

38 7 0.0386386

39 7 0.0359788

40 7 0.033177

41 7 0.0302442

42 7 0.0271921

43 7 0.0240327

44 7 0.0207784

45 7 0.0174422

46 7 0.0140371

47 7 0.0105766

48 7 0.00707431

49 7 0.00354415

50 7 0

0 8 0

1 8 0.00401007

2 8 0.00800432

3 8 0.011967

4 8 0.0158824

5 8 0.0197352

6 8 0.02351

7 8 0.0271921

8 8 0.0307669

9 8 0.0342202

10 8 0.0375385

11 8 0.0407087

12 8 0.0437181

13 8 0.0465551

14 8 0.0492083

15 8 0.0516673

16 8 0.0539224

17 8 0.0559647

18 8 0.0577862

19 8 0.0593795

20 8 0.0607386

21 8 0.0618579

22 8 0.0627331

23 8 0.0633607

24 8 0.0637383

25 8 0.0638643

26 8 0.0637383

27 8 0.0633607

28 8 0.0627331

29 8 0.0618579

30 8 0.0607386

31 8 0.0593795

32 8 0.0577862

33 8 0.0559647

34 8 0.0539224

35 8 0.0516673

36 8 0.0492083

37 8 0.0465551

38 8 0.0437181

39 8 0.0407087

40 8 0.0375385

41 8 0.0342202

42 8 0.0307669

43 8 0.0271921

44 8 0.02351

45 8 0.0197352

46 8 0.0158824

47 8 0.011967

48 8 0.00800432

49 8 0.00401007

50 8 0

0 9 0

1 9 0.00446017

2 9 0.00890275

3 9 0.0133102

4 9 0.0176651

5 9 0.0219503

6 9 0.0261488

7 9 0.0302442

8 9 0.0342202

9 9 0.0380612

10 9 0.0417519

11 9 0.0452779

12 9 0.0486252

13 9 0.0517805

14 9 0.0547316

15 9 0.0574666

16 9 0.0599748

17 9 0.0622463

18 9 0.0642722

19 9 0.0660444

20 9 0.067556

21 9 0.068801

22 9 0.0697744

23 9 0.0704725

24 9 0.0708924

25 9 0.0710326

26 9 0.0708924

27 9 0.0704725

28 9 0.0697744

29 9 0.068801

30 9 0.067556

31 9 0.0660444

32 9 0.0642722

33 9 0.0622463

34 9 0.0599748

35 9 0.0574666

36 9 0.0547316

37 9 0.0517805

38 9 0.0486252

39 9 0.0452779

40 9 0.0417519

41 9 0.0380612

42 9 0.0342202

43 9 0.0302442

44 9 0.0261488

45 9 0.0219503

46 9 0.0176651

47 9 0.0133102

48 9 0.00890275

49 9 0.00446017

50 9 0

0 10 0

1 10 0.00489267

2 10 0.00976603

3 10 0.0146009

4 10 0.0193781

5 10 0.0240788

6 10 0.0286845

7 10 0.033177

8 10 0.0375385

9 10 0.0417519

10 10 0.0458005

11 10 0.0496684

12 10 0.0533403

13 10 0.0568016

14 10 0.0600388

15 10 0.063039

16 10 0.0657905

17 10 0.0682823

18 10 0.0705046

19 10 0.0724487

20 10 0.0741068

21 10 0.0754725

22 10 0.0765404

23 10 0.0773061

24 10 0.0777668

25 10 0.0779205

26 10 0.0777668

27 10 0.0773061

28 10 0.0765404

29 10 0.0754725

30 10 0.0741068

31 10 0.0724487

32 10 0.0705046

33 10 0.0682823

34 10 0.0657905

35 10 0.063039

36 10 0.0600388

37 10 0.0568016

38 10 0.0533403

39 10 0.0496684

40 10 0.0458005

41 10 0.0417519

42 10 0.0375385

43 10 0.033177

44 10 0.0286845

45 10 0.0240788

46 10 0.0193781

47 10 0.0146009

48 10 0.00976603

49 10 0.00489267

50 10 0

0 11 0

1 11 0.00530586

2 11 0.0105908

3 11 0.0158339

4 11 0.0210145

5 11 0.0261122

6 11 0.0311069

7 11 0.0359788

8 11 0.0407087

9 11 0.0452779

10 11 0.0496684

11 11 0.0538629

12 11 0.0578449

13 11 0.0615986

14 11 0.0651091

15 11 0.0683627

16 11 0.0713465

17 11 0.0740488

18 11 0.0764588

19 11 0.078567

20 11 0.0803652

21 11 0.0818462

22 11 0.0830042

23 11 0.0838347

24 11 0.0843342

25 11 0.084501

26 11 0.0843342

27 11 0.0838347

28 11 0.0830042

29 11 0.0818462

30 11 0.0803652

31 11 0.078567

32 11 0.0764588

33 11 0.0740488

34 11 0.0713465

35 11 0.0683627

36 11 0.0651091

37 11 0.0615986

38 11 0.0578449

39 11 0.0538629

40 11 0.0496684

41 11 0.0452779

42 11 0.0407087

43 11 0.0359788

44 11 0.0311069

45 11 0.0261122

46 11 0.0210145

47 11 0.0158339

48 11 0.0105908

49 11 0.00530586

50 11 0

0 12 0

1 12 0.00569811

2 12 0.0113737

3 12 0.0170045

4 12 0.0225681

5 12 0.0280426

6 12 0.0334065

7 12 0.0386386

8 12 0.0437181

9 12 0.0486252

10 12 0.0533403

11 12 0.0578449

12 12 0.0621212

13 12 0.0661524

14 12 0.0699225

15 12 0.0734166

16 12 0.076621

17 12 0.079523

18 12 0.0821112

19 12 0.0843753

20 12 0.0863064

21 12 0.0878969

22 12 0.0891405

23 12 0.0900323

24 12 0.0905688

25 12 0.0907479

26 12 0.0905688

27 12 0.0900323

28 12 0.0891405

29 12 0.0878969

30 12 0.0863064

31 12 0.0843753

32 12 0.0821112

33 12 0.079523

34 12 0.076621

35 12 0.0734166

36 12 0.0699225

37 12 0.0661524

38 12 0.0621212

39 12 0.0578449

40 12 0.0533403

41 12 0.0486252

42 12 0.0437181

43 12 0.0386386

44 12 0.0334065

45 12 0.0280426

46 12 0.0225681

47 12 0.0170045

48 12 0.0113737

49 12 0.00569811

50 12 0

0 13 0

1 13 0.00606787

2 13 0.0121118

3 13 0.0181079

4 13 0.0240326

5 13 0.0298624

6 13 0.0355743

7 13 0.0411459

8 13 0.0465551

9 13 0.0517805

10 13 0.0568016

11 13 0.0615986

12 13 0.0661524

13 13 0.0704451

14 13 0.0744599

15 13 0.0781807

16 13 0.0815931

17 13 0.0846834

18 13 0.0874395

19 13 0.0898505

20 13 0.091907

21 13 0.0936007

22 13 0.094925

23 13 0.0958747

24 13 0.096446

25 13 0.0966367

26 13 0.096446

27 13 0.0958747

28 13 0.094925

29 13 0.0936007

30 13 0.091907

31 13 0.0898505

32 13 0.0874395

33 13 0.0846834

34 13 0.0815931

35 13 0.0781807

36 13 0.0744599

37 13 0.0704451

38 13 0.0661524

39 13 0.0615986

40 13 0.0568016

41 13 0.0517805

42 13 0.0465551

43 13 0.0411459

44 13 0.0355743

45 13 0.0298624

46 13 0.0240326

47 13 0.0181079

48 13 0.0121118

49 13 0.00606787

50 13 0

0 14 0

1 14 0.00641368

2 14 0.0128021

3 14 0.0191399

4 14 0.0254022

5 14 0.0315643

6 14 0.0376018

7 14 0.0434909

8 14 0.0492083

9 14 0.0547316

10 14 0.0600388

11 14 0.0651091

12 14 0.0699225

13 14 0.0744599

14 14 0.0787034

15 14 0.0826363

16 14 0.0862431

17 14 0.0895096

18 14 0.0924228

19 14 0.0949712

20 14 0.0971448

21 14 0.0989351

22 14 0.100335

23 14 0.101339

24 14 0.101943

25 14 0.102144

26 14 0.101943

27 14 0.101339

28 14 0.100335

29 14 0.0989351

30 14 0.0971448

31 14 0.0949712

32 14 0.0924228

33 14 0.0895096

34 14 0.0862431

35 14 0.0826363

36 14 0.0787034

37 14 0.0744599

38 14 0.0699225

39 14 0.0651091

40 14 0.0600388

41 14 0.0547316

42 14 0.0492083

43 14 0.0434909

44 14 0.0376018

45 14 0.0315643

46 14 0.0254022

47 14 0.0191399

48 14 0.0128021

49 14 0.00641368

50 14 0

0 15 0

1 15 0.00673418

2 15 0.0134418

3 15 0.0200964

4 15 0.0266716

5 15 0.0331416

6 15 0.0394808

7 15 0.0456642

8 15 0.0516673

9 15 0.0574666

10 15 0.063039

11 15 0.0683627

12 15 0.0734166

13 15 0.0781807

14 15 0.0826363

15 15 0.0867658

16 15 0.0905528

17 15 0.0939825

18 15 0.0970413

19 15 0.0997171

20 15 0.101999

21 15 0.103879

22 15 0.105349

23 15 0.106403

24 15 0.107037

25 15 0.107248

26 15 0.107037

27 15 0.106403

28 15 0.105349

29 15 0.103879

30 15 0.101999

31 15 0.0997171

32 15 0.0970413

33 15 0.0939825

34 15 0.0905528

35 15 0.0867658

36 15 0.0826363

37 15 0.0781807

38 15 0.0734166

39 15 0.0683627

40 15 0.063039

41 15 0.0574666

42 15 0.0516673

43 15 0.0456642

44 15 0.0394808

45 15 0.0331416

46 15 0.0266716

47 15 0.0200964

48 15 0.0134418

49 15 0.00673418

50 15 0

0 16 0

1 16 0.00702811

2 16 0.0140285

3 16 0.0209735

4 16 0.0278357

5 16 0.0345881

6 16 0.041204

7 16 0.0476572

8 16 0.0539224

9 16 0.0599748

10 16 0.0657905

11 16 0.0713465

12 16 0.076621

13 16 0.0815931

14 16 0.0862431

15 16 0.0905528

16 16 0.0945052

17 16 0.0980845

18 16 0.101277

19 16 0.104069

20 16 0.106451

21 16 0.108413

22 16 0.109947

23 16 0.111047

24 16 0.111709

25 16 0.111929

26 16 0.111709

27 16 0.111047

28 16 0.109947

29 16 0.108413

30 16 0.106451

31 16 0.104069

32 16 0.101277

33 16 0.0980845

34 16 0.0945052

35 16 0.0905528

36 16 0.0862431

37 16 0.0815931

38 16 0.076621

39 16 0.0713465

40 16 0.0657905

41 16 0.0599748

42 16 0.0539224

43 16 0.0476572

44 16 0.041204

45 16 0.0345881

46 16 0.0278357

47 16 0.0209735

48 16 0.0140285

49 16 0.00702811

50 16 0

0 17 0

1 17 0.0072943

2 17 0.0145598

3 17 0.0217679

4 17 0.02889

5 17 0.0358981

6 17 0.0427646

7 17 0.0494623

8 17 0.0559647

9 17 0.0622463

10 17 0.0682823

11 17 0.0740488

12 17 0.079523

13 17 0.0846834

14 17 0.0895096

15 17 0.0939825

16 17 0.0980845

17 17 0.101799

18 17 0.105113

19 17 0.108011

20 17 0.110483

21 17 0.112519

22 17 0.114111

23 17 0.115253

24 17 0.11594

25 17 0.116169

26 17 0.11594

27 17 0.115253

28 17 0.114111

29 17 0.112519

30 17 0.110483

31 17 0.108011

32 17 0.105113

33 17 0.101799

34 17 0.0980845

35 17 0.0939825

36 17 0.0895096

37 17 0.0846834

38 17 0.079523

39 17 0.0740488

40 17 0.0682823

41 17 0.0622463

42 17 0.0559647

43 17 0.0494623

44 17 0.0427646

45 17 0.0358981

46 17 0.02889

47 17 0.0217679

48 17 0.0145598

49 17 0.0072943

50 17 0

0 18 0

1 18 0.0075317

2 18 0.0150337

3 18 0.0224763

4 18 0.0298303

5 18 0.0370665

6 18 0.0441564

7 18 0.0510721

8 18 0.0577862

9 18 0.0642722

10 18 0.0705046

11 18 0.0764588

12 18 0.0821112

13 18 0.0874395

14 18 0.0924228

15 18 0.0970413

16 18 0.101277

17 18 0.105113

18 18 0.108534

19 18 0.111526

20 18 0.114079

21 18 0.116181

22 18 0.117825

23 18 0.119004

24 18 0.119713

25 18 0.11995

26 18 0.119713

27 18 0.119004

28 18 0.117825

29 18 0.116181

30 18 0.114079

31 18 0.111526

32 18 0.108534

33 18 0.105113

34 18 0.101277

35 18 0.0970413

36 18 0.0924228

37 18 0.0874395

38 18 0.0821112

39 18 0.0764588

40 18 0.0705046

41 18 0.0642722

42 18 0.0577862

43 18 0.0510721

44 18 0.0441564

45 18 0.0370665

46 18 0.0298303

47 18 0.0224763

48 18 0.0150337

49 18 0.0075317

50 18 0

0 19 0

1 19 0.00773938

2 19 0.0154482

3 19 0.0230961

4 19 0.0306528

5 19 0.0380885

6 19 0.045374

7 19 0.0524803

8 19 0.0593795

9 19 0.0660444

10 19 0.0724487

11 19 0.078567

12 19 0.0843753

13 19 0.0898505

14 19 0.0949712

15 19 0.0997171

16 19 0.104069

17 19 0.108011

18 19 0.111526

19 19 0.114602

20 19 0.117224

21 19 0.119385

22 19 0.121074

23 19 0.122285

24 19 0.123014

25 19 0.123257

26 19 0.123014

27 19 0.122285

28 19 0.121074

29 19 0.119385

30 19 0.117224

31 19 0.114602

32 19 0.111526

33 19 0.108011

34 19 0.104069

35 19 0.0997171

36 19 0.0949712

37 19 0.0898505

38 19 0.0843753

39 19 0.078567

40 19 0.0724487

41 19 0.0660444

42 19 0.0593795

43 19 0.0524803

44 19 0.045374

45 19 0.0380885

46 19 0.0306528

47 19 0.0230961

48 19 0.0154482

49 19 0.00773938

50 19 0

0 20 0

1 20 0.00791651

2 20 0.0158018

3 20 0.0236247

4 20 0.0313543

5 20 0.0389603

6 20 0.0464124

7 20 0.0536814

8 20 0.0607386

9 20 0.067556

10 20 0.0741068

11 20 0.0803652

12 20 0.0863064

13 20 0.091907

14 20 0.0971448

15 20 0.101999

16 20 0.106451

17 20 0.110483

18 20 0.114079

19 20 0.117224

20 20 0.119907

21 20 0.122117

22 20 0.123845

23 20 0.125084

24 20 0.125829

25 20 0.126078

26 20 0.125829

27 20 0.125084

28 20 0.123845

29 20 0.122117

30 20 0.119907

31 20 0.117224

32 20 0.114079

33 20 0.110483

34 20 0.106451

35 20 0.101999

36 20 0.0971448

37 20 0.091907

38 20 0.0863064

39 20 0.0803652

40 20 0.0741068

41 20 0.067556

42 20 0.0607386

43 20 0.0536814

44 20 0.0464124

45 20 0.0389603

46 20 0.0313543

47 20 0.0236247

48 20 0.0158018

49 20 0.00791651

50 20 0

0 21 0

1 21 0.0080624

2 21 0.016093

3 21 0.02406

4 21 0.0319322

5 21 0.0396783

6 21 0.0472678

7 21 0.0546707

8 21 0.0618579

9 21 0.068801

10 21 0.0754725

11 21 0.0818462

12 21 0.0878969

13 21 0.0936007

14 21 0.0989351

15 21 0.103879

16 21 0.108413

17 21 0.112519

18 21 0.116181

19 21 0.119385

20 21 0.122117

21 21 0.124368

22 21 0.126127

23 21 0.127389

24 21 0.128148

25 21 0.128402

26 21 0.128148

27 21 0.127389

28 21 0.126127

29 21 0.124368

30 21 0.122117

31 21 0.119385

32 21 0.116181

33 21 0.112519

34 21 0.108413

35 21 0.103879

36 21 0.0989351

37 21 0.0936007

38 21 0.0878969

39 21 0.0818462

40 21 0.0754725

41 21 0.068801

42 21 0.0618579

43 21 0.0546707

44 21 0.0472678

45 21 0.0396783

46 21 0.0319322

47 21 0.02406

48 21 0.016093

49 21 0.0080624

50 21 0

0 22 0

1 22 0.00817647

2 22 0.0163207

3 22 0.0244005

4 22 0.032384

5 22 0.0402396

6 22 0.0479365

7 22 0.0554442

8 22 0.0627331

9 22 0.0697744

10 22 0.0765404

11 22 0.0830042

12 22 0.0891405

13 22 0.094925

14 22 0.100335

15 22 0.105349

16 22 0.109947

17 22 0.114111

18 22 0.117825

19 22 0.121074

20 22 0.123845

21 22 0.126127

22 22 0.127912

23 22 0.129191

24 22 0.129961

25 22 0.130218

26 22 0.129961

27 22 0.129191

28 22 0.127912

29 22 0.126127

30 22 0.123845

31 22 0.121074

32 22 0.117825

33 22 0.114111

34 22 0.109947

35 22 0.105349

36 22 0.100335

37 22 0.094925

38 22 0.0891405

39 22 0.0830042

40 22 0.0765404

41 22 0.0697744

42 22 0.0627331

43 22 0.0554442

44 22 0.0479365

45 22 0.0402396

46 22 0.032384

47 22 0.0244005

48 22 0.0163207

49 22 0.00817647

50 22 0

0 23 0

1 23 0.00825827

2 23 0.016484

3 23 0.0246446

4 23 0.0327079

5 23 0.0406422

6 23 0.0484161

7 23 0.0559989

8 23 0.0633607

9 23 0.0704725

10 23 0.0773061

11 23 0.0838347

12 23 0.0900323

13 23 0.0958747

14 23 0.101339

15 23 0.106403

16 23 0.111047

17 23 0.115253

18 23 0.119004

19 23 0.122285

20 23 0.125084

21 23 0.127389

22 23 0.129191

23 23 0.130484

24 23 0.131261

25 23 0.131521

26 23 0.131261

27 23 0.130484

28 23 0.129191

29 23 0.127389

30 23 0.125084

31 23 0.122285

32 23 0.119004

33 23 0.115253

34 23 0.111047

35 23 0.106403

36 23 0.101339

37 23 0.0958747

38 23 0.0900323

39 23 0.0838347

40 23 0.0773061

41 23 0.0704725

42 23 0.0633607

43 23 0.0559989

44 23 0.0484161

45 23 0.0406422

46 23 0.0327079

47 23 0.0246446

48 23 0.016484

49 23 0.00825827

50 23 0

0 24 0

1 24 0.00830748

2 24 0.0165822

3 24 0.0247914

4 24 0.0329029

5 24 0.0408844

6 24 0.0487046

7 24 0.0563326

8 24 0.0637383

9 24 0.0708924

10 24 0.0777668

11 24 0.0843342

12 24 0.0905688

13 24 0.096446

14 24 0.101943

15 24 0.107037

16 24 0.111709

17 24 0.11594

18 24 0.119713

19 24 0.123014

20 24 0.125829

21 24 0.128148

22 24 0.129961

23 24 0.131261

24 24 0.132044

25 24 0.132305

26 24 0.132044

27 24 0.131261

28 24 0.129961

29 24 0.128148

30 24 0.125829

31 24 0.123014

32 24 0.119713

33 24 0.11594

34 24 0.111709

35 24 0.107037

36 24 0.101943

37 24 0.096446

38 24 0.0905688

39 24 0.0843342

40 24 0.0777668

41 24 0.0708924

42 24 0.0637383

43 24 0.0563326

44 24 0.0487046

45 24 0.0408844

46 24 0.0329029

47 24 0.0247914

48 24 0.0165822

49 24 0.00830748

50 24 0

0 25 0

1 25 0.00832391

2 25 0.016615

3 25 0.0248405

4 25 0.0329679

5 25 0.0409653

6 25 0.0488009

7 25 0.056444

8 25 0.0638643

9 25 0.0710326

10 25 0.0779205

11 25 0.084501

12 25 0.0907479

13 25 0.0966367

14 25 0.102144

15 25 0.107248

16 25 0.111929

17 25 0.116169

18 25 0.11995

19 25 0.123257

20 25 0.126078

21 25 0.128402

22 25 0.130218

23 25 0.131521

24 25 0.132305

25 25 0.132566

26 25 0.132305

27 25 0.131521

28 25 0.130218

29 25 0.128402

30 25 0.126078

31 25 0.123257

32 25 0.11995

33 25 0.116169

34 25 0.111929

35 25 0.107248

36 25 0.102144

37 25 0.0966367

38 25 0.0907479

39 25 0.084501

40 25 0.0779205

41 25 0.0710326

42 25 0.0638643

43 25 0.056444

44 25 0.0488009

45 25 0.0409653

46 25 0.0329679

47 25 0.0248405

48 25 0.016615

49 25 0.00832391

50 25 0

0 26 0

1 26 0.00830748

2 26 0.0165822

3 26 0.0247914

4 26 0.0329029

5 26 0.0408844

6 26 0.0487046

7 26 0.0563326

8 26 0.0637383

9 26 0.0708924

10 26 0.0777668

11 26 0.0843342

12 26 0.0905688

13 26 0.096446

14 26 0.101943

15 26 0.107037

16 26 0.111709

17 26 0.11594

18 26 0.119713

19 26 0.123014

20 26 0.125829

21 26 0.128148

22 26 0.129961

23 26 0.131261

24 26 0.132044

25 26 0.132305

26 26 0.132044

27 26 0.131261

28 26 0.129961

29 26 0.128148

30 26 0.125829

31 26 0.123014

32 26 0.119713

33 26 0.11594

34 26 0.111709

35 26 0.107037

36 26 0.101943

37 26 0.096446

38 26 0.0905688

39 26 0.0843342

40 26 0.0777668

41 26 0.0708924

42 26 0.0637383

43 26 0.0563326

44 26 0.0487046

45 26 0.0408844

46 26 0.0329029

47 26 0.0247914

48 26 0.0165822

49 26 0.00830748

50 26 0

0 27 0

1 27 0.00825827

2 27 0.016484

3 27 0.0246446

4 27 0.0327079

5 27 0.0406422

6 27 0.0484161

7 27 0.0559989

8 27 0.0633607

9 27 0.0704725

10 27 0.0773061

11 27 0.0838347

12 27 0.0900323

13 27 0.0958747

14 27 0.101339

15 27 0.106403

16 27 0.111047

17 27 0.115253

18 27 0.119004

19 27 0.122285

20 27 0.125084

21 27 0.127389

22 27 0.129191

23 27 0.130484

24 27 0.131261

25 27 0.131521

26 27 0.131261

27 27 0.130484

28 27 0.129191

29 27 0.127389

30 27 0.125084

31 27 0.122285

32 27 0.119004

33 27 0.115253

34 27 0.111047

35 27 0.106403

36 27 0.101339

37 27 0.0958747

38 27 0.0900323

39 27 0.0838347

40 27 0.0773061

41 27 0.0704725

42 27 0.0633607

43 27 0.0559989

44 27 0.0484161

45 27 0.0406422

46 27 0.0327079

47 27 0.0246446

48 27 0.016484

49 27 0.00825827

50 27 0

0 28 0

1 28 0.00817647

2 28 0.0163207

3 28 0.0244005

4 28 0.032384

5 28 0.0402396

6 28 0.0479365

7 28 0.0554442

8 28 0.0627331

9 28 0.0697744

10 28 0.0765404

11 28 0.0830042

12 28 0.0891405

13 28 0.094925

14 28 0.100335

15 28 0.105349

16 28 0.109947

17 28 0.114111

18 28 0.117825

19 28 0.121074

20 28 0.123845

21 28 0.126127

22 28 0.127912

23 28 0.129191

24 28 0.129961

25 28 0.130218

26 28 0.129961

27 28 0.129191

28 28 0.127912

29 28 0.126127

30 28 0.123845

31 28 0.121074

32 28 0.117825

33 28 0.114111

34 28 0.109947

35 28 0.105349

36 28 0.100335

37 28 0.094925

38 28 0.0891405

39 28 0.0830042

40 28 0.0765404

41 28 0.0697744

42 28 0.0627331

43 28 0.0554442

44 28 0.0479365

45 28 0.0402396

46 28 0.032384

47 28 0.0244005

48 28 0.0163207

49 28 0.00817647

50 28 0

0 29 0

1 29 0.0080624

2 29 0.016093

3 29 0.02406

4 29 0.0319322

5 29 0.0396783

6 29 0.0472678

7 29 0.0546707

8 29 0.0618579

9 29 0.068801

10 29 0.0754725

11 29 0.0818462

12 29 0.0878969

13 29 0.0936007

14 29 0.0989351

15 29 0.103879

16 29 0.108413

17 29 0.112519

18 29 0.116181

19 29 0.119385

20 29 0.122117

21 29 0.124368

22 29 0.126127

23 29 0.127389

24 29 0.128148

25 29 0.128402

26 29 0.128148

27 29 0.127389

28 29 0.126127

29 29 0.124368

30 29 0.122117

31 29 0.119385

32 29 0.116181

33 29 0.112519

34 29 0.108413

35 29 0.103879

36 29 0.0989351

37 29 0.0936007

38 29 0.0878969

39 29 0.0818462

40 29 0.0754725

41 29 0.068801

42 29 0.0618579

43 29 0.0546707

44 29 0.0472678

45 29 0.0396783

46 29 0.0319322

47 29 0.02406

48 29 0.016093

49 29 0.0080624

50 29 0

0 30 0

1 30 0.00791651

2 30 0.0158018

3 30 0.0236247

4 30 0.0313543

5 30 0.0389603

6 30 0.0464124

7 30 0.0536814

8 30 0.0607386

9 30 0.067556

10 30 0.0741068

11 30 0.0803652

12 30 0.0863064

13 30 0.091907

14 30 0.0971448

15 30 0.101999

16 30 0.106451

17 30 0.110483

18 30 0.114079

19 30 0.117224

20 30 0.119907

21 30 0.122117

22 30 0.123845

23 30 0.125084

24 30 0.125829

25 30 0.126078

26 30 0.125829

27 30 0.125084

28 30 0.123845

29 30 0.122117

30 30 0.119907

31 30 0.117224

32 30 0.114079

33 30 0.110483

34 30 0.106451

35 30 0.101999

36 30 0.0971448

37 30 0.091907

38 30 0.0863064

39 30 0.0803652

40 30 0.0741068

41 30 0.067556

42 30 0.0607386

43 30 0.0536814

44 30 0.0464124

45 30 0.0389603

46 30 0.0313543

47 30 0.0236247

48 30 0.0158018

49 30 0.00791651

50 30 0

0 31 0

1 31 0.00773938

2 31 0.0154482

3 31 0.0230961

4 31 0.0306528

5 31 0.0380885

6 31 0.045374

7 31 0.0524803

8 31 0.0593795

9 31 0.0660444

10 31 0.0724487

11 31 0.078567

12 31 0.0843753

13 31 0.0898505

14 31 0.0949712

15 31 0.0997171

16 31 0.104069

17 31 0.108011

18 31 0.111526

19 31 0.114602

20 31 0.117224

21 31 0.119385

22 31 0.121074

23 31 0.122285

24 31 0.123014

25 31 0.123257

26 31 0.123014

27 31 0.122285

28 31 0.121074

29 31 0.119385

30 31 0.117224

31 31 0.114602

32 31 0.111526

33 31 0.108011

34 31 0.104069

35 31 0.0997171

36 31 0.0949712

37 31 0.0898505

38 31 0.0843753

39 31 0.078567

40 31 0.0724487

41 31 0.0660444

42 31 0.0593795

43 31 0.0524803

44 31 0.045374

45 31 0.0380885

46 31 0.0306528

47 31 0.0230961

48 31 0.0154482

49 31 0.00773938

50 31 0

0 32 0

1 32 0.0075317

2 32 0.0150337

3 32 0.0224763

4 32 0.0298303

5 32 0.0370665

6 32 0.0441564

7 32 0.0510721

8 32 0.0577862

9 32 0.0642722

10 32 0.0705046

11 32 0.0764588

12 32 0.0821112

13 32 0.0874395

14 32 0.0924228

15 32 0.0970413

16 32 0.101277

17 32 0.105113

18 32 0.108534

19 32 0.111526

20 32 0.114079

21 32 0.116181

22 32 0.117825

23 32 0.119004

24 32 0.119713

25 32 0.11995

26 32 0.119713

27 32 0.119004

28 32 0.117825

29 32 0.116181

30 32 0.114079

31 32 0.111526

32 32 0.108534

33 32 0.105113

34 32 0.101277

35 32 0.0970413

36 32 0.0924228

37 32 0.0874395

38 32 0.0821112

39 32 0.0764588

40 32 0.0705046

41 32 0.0642722

42 32 0.0577862

43 32 0.0510721

44 32 0.0441564

45 32 0.0370665

46 32 0.0298303

47 32 0.0224763

48 32 0.0150337

49 32 0.0075317

50 32 0

0 33 0

1 33 0.0072943

2 33 0.0145598

3 33 0.0217679

4 33 0.02889

5 33 0.0358981

6 33 0.0427646

7 33 0.0494623

8 33 0.0559647

9 33 0.0622463

10 33 0.0682823

11 33 0.0740488

12 33 0.079523

13 33 0.0846834

14 33 0.0895096

15 33 0.0939825

16 33 0.0980845

17 33 0.101799

18 33 0.105113

19 33 0.108011

20 33 0.110483

21 33 0.112519

22 33 0.114111

23 33 0.115253

24 33 0.11594

25 33 0.116169

26 33 0.11594

27 33 0.115253

28 33 0.114111

29 33 0.112519

30 33 0.110483

31 33 0.108011

32 33 0.105113

33 33 0.101799

34 33 0.0980845

35 33 0.0939825

36 33 0.0895096

37 33 0.0846834

38 33 0.079523

39 33 0.0740488

40 33 0.0682823

41 33 0.0622463

42 33 0.0559647

43 33 0.0494623

44 33 0.0427646

45 33 0.0358981

46 33 0.02889

47 33 0.0217679

48 33 0.0145598

49 33 0.0072943

50 33 0

0 34 0

1 34 0.00702811

2 34 0.0140285

3 34 0.0209735

4 34 0.0278357

5 34 0.0345881

6 34 0.041204

7 34 0.0476572

8 34 0.0539224

9 34 0.0599748

10 34 0.0657905

11 34 0.0713465

12 34 0.076621

13 34 0.0815931

14 34 0.0862431

15 34 0.0905528

16 34 0.0945052

17 34 0.0980845

18 34 0.101277

19 34 0.104069

20 34 0.106451

21 34 0.108413

22 34 0.109947

23 34 0.111047

24 34 0.111709

25 34 0.111929

26 34 0.111709

27 34 0.111047

28 34 0.109947

29 34 0.108413

30 34 0.106451

31 34 0.104069

32 34 0.101277

33 34 0.0980845

34 34 0.0945052

35 34 0.0905528

36 34 0.0862431

37 34 0.0815931

38 34 0.076621

39 34 0.0713465

40 34 0.0657905

41 34 0.0599748

42 34 0.0539224

43 34 0.0476572

44 34 0.041204

45 34 0.0345881

46 34 0.0278357

47 34 0.0209735

48 34 0.0140285

49 34 0.00702811

50 34 0

0 35 0

1 35 0.00673418

2 35 0.0134418

3 35 0.0200964

4 35 0.0266716

5 35 0.0331416

6 35 0.0394808

7 35 0.0456642

8 35 0.0516673

9 35 0.0574666

10 35 0.063039

11 35 0.0683627

12 35 0.0734166

13 35 0.0781807

14 35 0.0826363

15 35 0.0867658

16 35 0.0905528

17 35 0.0939825

18 35 0.0970413

19 35 0.0997171

20 35 0.101999

21 35 0.103879

22 35 0.105349

23 35 0.106403

24 35 0.107037

25 35 0.107248

26 35 0.107037

27 35 0.106403

28 35 0.105349

29 35 0.103879

30 35 0.101999

31 35 0.0997171

32 35 0.0970413

33 35 0.0939825

34 35 0.0905528

35 35 0.0867658

36 35 0.0826363

37 35 0.0781807

38 35 0.0734166

39 35 0.0683627

40 35 0.063039

41 35 0.0574666

42 35 0.0516673

43 35 0.0456642

44 35 0.0394808

45 35 0.0331416

46 35 0.0266716

47 35 0.0200964

48 35 0.0134418

49 35 0.00673418

50 35 0

0 36 0

1 36 0.00641368

2 36 0.0128021

3 36 0.0191399

4 36 0.0254022

5 36 0.0315643

6 36 0.0376018

7 36 0.0434909

8 36 0.0492083

9 36 0.0547316

10 36 0.0600388

11 36 0.0651091

12 36 0.0699225

13 36 0.0744599

14 36 0.0787034

15 36 0.0826363

16 36 0.0862431

17 36 0.0895096

18 36 0.0924228

19 36 0.0949712

20 36 0.0971448

21 36 0.0989351

22 36 0.100335

23 36 0.101339

24 36 0.101943

25 36 0.102144

26 36 0.101943

27 36 0.101339

28 36 0.100335

29 36 0.0989351

30 36 0.0971448

31 36 0.0949712

32 36 0.0924228

33 36 0.0895096

34 36 0.0862431

35 36 0.0826363

36 36 0.0787034

37 36 0.0744599

38 36 0.0699225

39 36 0.0651091

40 36 0.0600388

41 36 0.0547316

42 36 0.0492083

43 36 0.0434909

44 36 0.0376018

45 36 0.0315643

46 36 0.0254022

47 36 0.0191399

48 36 0.0128021

49 36 0.00641368

50 36 0

0 37 0

1 37 0.00606787

2 37 0.0121118

3 37 0.0181079

4 37 0.0240326

5 37 0.0298624

6 37 0.0355743

7 37 0.0411459

8 37 0.0465551

9 37 0.0517805

10 37 0.0568016

11 37 0.0615986

12 37 0.0661524

13 37 0.0704451

14 37 0.0744599

15 37 0.0781807

16 37 0.0815931

17 37 0.0846834

18 37 0.0874395

19 37 0.0898505

20 37 0.091907

21 37 0.0936007

22 37 0.094925

23 37 0.0958747

24 37 0.096446

25 37 0.0966367

26 37 0.096446

27 37 0.0958747

28 37 0.094925

29 37 0.0936007

30 37 0.091907

31 37 0.0898505

32 37 0.0874395

33 37 0.0846834

34 37 0.0815931

35 37 0.0781807

36 37 0.0744599

37 37 0.0704451

38 37 0.0661524

39 37 0.0615986

40 37 0.0568016

41 37 0.0517805

42 37 0.0465551

43 37 0.0411459

44 37 0.0355743

45 37 0.0298624

46 37 0.0240326

47 37 0.0181079

48 37 0.0121118

49 37 0.00606787

50 37 0

0 38 0

1 38 0.00569811

2 38 0.0113737

3 38 0.0170045

4 38 0.0225681

5 38 0.0280426

6 38 0.0334065

7 38 0.0386386

8 38 0.0437181

9 38 0.0486252

10 38 0.0533403

11 38 0.0578449

12 38 0.0621212

13 38 0.0661524

14 38 0.0699225

15 38 0.0734166

16 38 0.076621

17 38 0.079523

18 38 0.0821112

19 38 0.0843753

20 38 0.0863064

21 38 0.0878969

22 38 0.0891405

23 38 0.0900323

24 38 0.0905688

25 38 0.0907479

26 38 0.0905688

27 38 0.0900323

28 38 0.0891405

29 38 0.0878969

30 38 0.0863064

31 38 0.0843753

32 38 0.0821112

33 38 0.079523

34 38 0.076621

35 38 0.0734166

36 38 0.0699225

37 38 0.0661524

38 38 0.0621212

39 38 0.0578449

40 38 0.0533403

41 38 0.0486252

42 38 0.0437181

43 38 0.0386386

44 38 0.0334065

45 38 0.0280426

46 38 0.0225681

47 38 0.0170045

48 38 0.0113737

49 38 0.00569811

50 38 0

0 39 0

1 39 0.00530586

2 39 0.0105908

3 39 0.0158339

4 39 0.0210145

5 39 0.0261122

6 39 0.0311069

7 39 0.0359788

8 39 0.0407087

9 39 0.0452779

10 39 0.0496684

11 39 0.0538629

12 39 0.0578449

13 39 0.0615986

14 39 0.0651091

15 39 0.0683627

16 39 0.0713465

17 39 0.0740488

18 39 0.0764588

19 39 0.078567

20 39 0.0803652

21 39 0.0818462

22 39 0.0830042

23 39 0.0838347

24 39 0.0843342

25 39 0.084501

26 39 0.0843342

27 39 0.0838347

28 39 0.0830042

29 39 0.0818462

30 39 0.0803652

31 39 0.078567

32 39 0.0764588

33 39 0.0740488

34 39 0.0713465

35 39 0.0683627

36 39 0.0651091

37 39 0.0615986

38 39 0.0578449

39 39 0.0538629

40 39 0.0496684

41 39 0.0452779

42 39 0.0407087

43 39 0.0359788

44 39 0.0311069

45 39 0.0261122

46 39 0.0210145

47 39 0.0158339

48 39 0.0105908

49 39 0.00530586

50 39 0

0 40 0

1 40 0.00489267

2 40 0.00976603

3 40 0.0146009

4 40 0.0193781

5 40 0.0240788

6 40 0.0286845

7 40 0.033177

8 40 0.0375385

9 40 0.0417519

10 40 0.0458005

11 40 0.0496684

12 40 0.0533403

13 40 0.0568016

14 40 0.0600388

15 40 0.063039

16 40 0.0657905

17 40 0.0682823

18 40 0.0705046

19 40 0.0724487

20 40 0.0741068

21 40 0.0754725

22 40 0.0765404

23 40 0.0773061

24 40 0.0777668

25 40 0.0779205

26 40 0.0777668

27 40 0.0773061

28 40 0.0765404

29 40 0.0754725

30 40 0.0741068

31 40 0.0724487

32 40 0.0705046

33 40 0.0682823

34 40 0.0657905

35 40 0.063039

36 40 0.0600388

37 40 0.0568016

38 40 0.0533403

39 40 0.0496684

40 40 0.0458005

41 40 0.0417519

42 40 0.0375385

43 40 0.033177

44 40 0.0286845

45 40 0.0240788

46 40 0.0193781

47 40 0.0146009

48 40 0.00976603

49 40 0.00489267

50 40 0

0 41 0

1 41 0.00446017

2 41 0.00890275

3 41 0.0133102

4 41 0.0176651

5 41 0.0219503

6 41 0.0261488

7 41 0.0302442

8 41 0.0342202

9 41 0.0380612

10 41 0.0417519

11 41 0.0452779

12 41 0.0486252

13 41 0.0517805

14 41 0.0547316

15 41 0.0574666

16 41 0.0599748

17 41 0.0622463

18 41 0.0642722

19 41 0.0660444

20 41 0.067556

21 41 0.068801

22 41 0.0697744

23 41 0.0704725

24 41 0.0708924

25 41 0.0710326

26 41 0.0708924

27 41 0.0704725

28 41 0.0697744

29 41 0.068801

30 41 0.067556

31 41 0.0660444

32 41 0.0642722

33 41 0.0622463

34 41 0.0599748

35 41 0.0574666

36 41 0.0547316

37 41 0.0517805

38 41 0.0486252

39 41 0.0452779

40 41 0.0417519

41 41 0.0380612

42 41 0.0342202

43 41 0.0302442

44 41 0.0261488

45 41 0.0219503

46 41 0.0176651

47 41 0.0133102

48 41 0.00890275

49 41 0.00446017

50 41 0

0 42 0

1 42 0.00401007

2 42 0.00800432

3 42 0.011967

4 42 0.0158824

5 42 0.0197352

6 42 0.02351

7 42 0.0271921

8 42 0.0307669

9 42 0.0342202

10 42 0.0375385

11 42 0.0407087

12 42 0.0437181

13 42 0.0465551

14 42 0.0492083

15 42 0.0516673

16 42 0.0539224

17 42 0.0559647

18 42 0.0577862

19 42 0.0593795

20 42 0.0607386

21 42 0.0618579

22 42 0.0627331

23 42 0.0633607

24 42 0.0637383

25 42 0.0638643

26 42 0.0637383

27 42 0.0633607

28 42 0.0627331

29 42 0.0618579

30 42 0.0607386

31 42 0.0593795

32 42 0.0577862

33 42 0.0559647

34 42 0.0539224

35 42 0.0516673

36 42 0.0492083

37 42 0.0465551

38 42 0.0437181

39 42 0.0407087

40 42 0.0375385

41 42 0.0342202

42 42 0.0307669

43 42 0.0271921

44 42 0.02351

45 42 0.0197352

46 42 0.0158824

47 42 0.011967

48 42 0.00800432

49 42 0.00401007

50 42 0

0 43 0

1 43 0.00354415

2 43 0.00707431

3 43 0.0105766

4 43 0.0140371

5 43 0.0174422

6 43 0.0207784

7 43 0.0240327

8 43 0.0271921

9 43 0.0302442

10 43 0.033177

11 43 0.0359788

12 43 0.0386386

13 43 0.0411459

14 43 0.0434909

15 43 0.0456642

16 43 0.0476572

17 43 0.0494623

18 43 0.0510721

19 43 0.0524803

20 43 0.0536814

21 43 0.0546707

22 43 0.0554442

23 43 0.0559989

24 43 0.0563326

25 43 0.056444

26 43 0.0563326

27 43 0.0559989

28 43 0.0554442

29 43 0.0546707

30 43 0.0536814

31 43 0.0524803

32 43 0.0510721

33 43 0.0494623

34 43 0.0476572

35 43 0.0456642

36 43 0.0434909

37 43 0.0411459

38 43 0.0386386

39 43 0.0359788

40 43 0.033177

41 43 0.0302442

42 43 0.0271921

43 43 0.0240327

44 43 0.0207784

45 43 0.0174422

46 43 0.0140371

47 43 0.0105766

48 43 0.00707431

49 43 0.00354415

50 43 0

0 44 0

1 44 0.00306424

2 44 0.00611638

3 44 0.00914438

4 44 0.0121363

5 44 0.0150803

6 44 0.0179648

7 44 0.0207784

8 44 0.02351

9 44 0.0261488

10 44 0.0286845

11 44 0.0311069

12 44 0.0334065

13 44 0.0355743

14 44 0.0376018

15 44 0.0394808

16 44 0.041204

17 44 0.0427646

18 44 0.0441564

19 44 0.045374

20 44 0.0464124

21 44 0.0472678

22 44 0.0479365

23 44 0.0484161

24 44 0.0487046

25 44 0.0488009

26 44 0.0487046

27 44 0.0484161

28 44 0.0479365

29 44 0.0472678

30 44 0.0464124

31 44 0.045374

32 44 0.0441564

33 44 0.0427646

34 44 0.041204

35 44 0.0394808

36 44 0.0376018

37 44 0.0355743

38 44 0.0334065

39 44 0.0311069

40 44 0.0286845

41 44 0.0261488

42 44 0.02351

43 44 0.0207784

44 44 0.0179648

45 44 0.0150803

46 44 0.0121363

47 44 0.00914438

48 44 0.00611638

49 44 0.00306424

50 44 0

0 45 0

1 45 0.00257223

2 45 0.00513431

3 45 0.00767612

4 45 0.0101876

5 45 0.012659

6 45 0.0150803

7 45 0.0174422

8 45 0.0197352

9 45 0.0219503

10 45 0.0240788

11 45 0.0261122

12 45 0.0280426

13 45 0.0298624

14 45 0.0315643

15 45 0.0331416

16 45 0.0345881

17 45 0.0358981

18 45 0.0370665

19 45 0.0380885

20 45 0.0389603

21 45 0.0396783

22 45 0.0402396

23 45 0.0406422

24 45 0.0408844

25 45 0.0409653

26 45 0.0408844

27 45 0.0406422

28 45 0.0402396

29 45 0.0396783

30 45 0.0389603

31 45 0.0380885

32 45 0.0370665

33 45 0.0358981

34 45 0.0345881

35 45 0.0331416

36 45 0.0315643

37 45 0.0298624

38 45 0.0280426

39 45 0.0261122

40 45 0.0240788

41 45 0.0219503

42 45 0.0197352

43 45 0.0174422

44 45 0.0150803

45 45 0.012659

46 45 0.0101876

47 45 0.00767612

48 45 0.00513431

49 45 0.00257223

50 45 0

0 46 0

1 46 0.00207007

2 46 0.00413197

3 46 0.00617757

4 46 0.00819879

5 46 0.0101876

6 46 0.0121363

7 46 0.0140371

8 46 0.0158824

9 46 0.0176651

10 46 0.0193781

11 46 0.0210145

12 46 0.0225681

13 46 0.0240326

14 46 0.0254022

15 46 0.0266716

16 46 0.0278357

17 46 0.02889

18 46 0.0298303

19 46 0.0306528

20 46 0.0313543

21 46 0.0319322

22 46 0.032384

23 46 0.0327079

24 46 0.0329029

25 46 0.0329679

26 46 0.0329029

27 46 0.0327079

28 46 0.032384

29 46 0.0319322

30 46 0.0313543

31 46 0.0306528

32 46 0.0298303

33 46 0.02889

34 46 0.0278357

35 46 0.0266716

36 46 0.0254022

37 46 0.0240326

38 46 0.0225681

39 46 0.0210145

40 46 0.0193781

41 46 0.0176651

42 46 0.0158824

43 46 0.0140371

44 46 0.0121363

45 46 0.0101876

46 46 0.00819879

47 46 0.00617757

48 46 0.00413197

49 46 0.00207007

50 46 0

0 47 0

1 47 0.00155975

2 47 0.00311333

3 47 0.00465464

4 47 0.00617757

5 47 0.00767612

6 47 0.00914438

7 47 0.0105766

8 47 0.011967

9 47 0.0133102

10 47 0.0146009

11 47 0.0158339

12 47 0.0170045

13 47 0.0181079

14 47 0.0191399

15 47 0.0200964

16 47 0.0209735

17 47 0.0217679

18 47 0.0224763

19 47 0.0230961

20 47 0.0236247

21 47 0.02406

22 47 0.0244005

23 47 0.0246446

24 47 0.0247914

25 47 0.0248405

26 47 0.0247914

27 47 0.0246446

28 47 0.0244005

29 47 0.02406

30 47 0.0236247

31 47 0.0230961

32 47 0.0224763

33 47 0.0217679

34 47 0.0209735

35 47 0.0200964

36 47 0.0191399

37 47 0.0181079

38 47 0.0170045

39 47 0.0158339

40 47 0.0146009

41 47 0.0133102

42 47 0.011967

43 47 0.0105766

44 47 0.00914438

45 47 0.00767612

46 47 0.00617757

47 47 0.00465464

48 47 0.00311333

49 47 0.00155975

50 47 0

0 48 0

1 48 0.00104326

2 48 0.00208241

3 48 0.00311333

4 48 0.00413197

5 48 0.00513431

6 48 0.00611638

7 48 0.00707431

8 48 0.00800432

9 48 0.00890275

10 48 0.00976603

11 48 0.0105908

12 48 0.0113737

13 48 0.0121118

14 48 0.0128021

15 48 0.0134418

16 48 0.0140285

17 48 0.0145598

18 48 0.0150337

19 48 0.0154482

20 48 0.0158018

21 48 0.016093

22 48 0.0163207

23 48 0.016484

24 48 0.0165822

25 48 0.016615

26 48 0.0165822

27 48 0.016484

28 48 0.0163207

29 48 0.016093

30 48 0.0158018

31 48 0.0154482

32 48 0.0150337

33 48 0.0145598

34 48 0.0140285

35 48 0.0134418

36 48 0.0128021

37 48 0.0121118

38 48 0.0113737

39 48 0.0105908

40 48 0.00976603

41 48 0.00890275

42 48 0.00800432

43 48 0.00707431

44 48 0.00611638

45 48 0.00513431

46 48 0.00413197

47 48 0.00311333

48 48 0.00208241

49 48 0.00104326

50 48 0

0 49 0

1 49 0.000522663

2 49 0.00104326

3 49 0.00155975

4 49 0.00207007

5 49 0.00257223

6 49 0.00306424

7 49 0.00354415

8 49 0.00401007

9 49 0.00446017

10 49 0.00489267

11 49 0.00530586

12 49 0.00569811

13 49 0.00606787

14 49 0.00641368

15 49 0.00673418

16 49 0.00702811

17 49 0.0072943

18 49 0.0075317

19 49 0.00773938

20 49 0.00791651

21 49 0.0080624

22 49 0.00817647

23 49 0.00825827

24 49 0.00830748

25 49 0.00832391

26 49 0.00830748

27 49 0.00825827

