0 1 0

1 1 0.00193762

2 1 0.00386759

3 1 0.0057823

4 1 0.00767419

5 1 0.00953579

6 1 0.0113598

7 1 0.0131389

8 1 0.0148662

9 1 0.0165348

10 1 0.0181382

11 1 0.0196699

12 1 0.0211241

13 1 0.0224949

14 1 0.0237769

15 1 0.024965

16 1 0.0260547

17 1 0.0270415

18 1 0.0279216

19 1 0.0286915

20 1 0.0293482

21 1 0.029889

22 1 0.0303119

23 1 0.0306152

24 1 0.0307976

25 1 0.0308585

26 1 0.0307976

27 1 0.0306152

28 1 0.0303119

29 1 0.029889

30 1 0.0293482

31 1 0.0286915

32 1 0.0279216

33 1 0.0270415

34 1 0.0260547

35 1 0.024965

36 1 0.0237769

37 1 0.0224949

38 1 0.0211241

39 1 0.0196699

40 1 0.0181382

41 1 0.0165348

42 1 0.0148662

43 1 0.0131389

44 1 0.0113598

45 1 0.00953579

46 1 0.00767419

47 1 0.0057823

48 1 0.00386759

49 1 0.00193762

50 1 0

0 2 0

1 2 0.00386759

2 2 0.00771992

3 2 0.0115418

4 2 0.0153181

5 2 0.019034

6 2 0.0226747

7 2 0.0262259

8 2 0.0296737

9 2 0.0330043

10 2 0.0362047

11 2 0.0392622

12 2 0.0421648

13 2 0.044901

14 2 0.0474599

15 2 0.0498315

16 2 0.0520065

17 2 0.0539763

18 2 0.055733

19 2 0.0572697

20 2 0.0585805

21 2 0.05966

22 2 0.0605042

23 2 0.0611095

24 2 0.0614736

25 2 0.0615952

26 2 0.0614736

27 2 0.0611095

28 2 0.0605042

29 2 0.05966

30 2 0.0585805

31 2 0.0572697

32 2 0.055733

33 2 0.0539763

34 2 0.0520065

35 2 0.0498315

36 2 0.0474599

37 2 0.044901

38 2 0.0421648

39 2 0.0392622

40 2 0.0362047

41 2 0.0330043

42 2 0.0296737

43 2 0.0262259

44 2 0.0226747

45 2 0.019034

46 2 0.0153181

47 2 0.0115418

48 2 0.00771992

49 2 0.00386759

50 2 0

0 3 0

1 3 0.0057823

2 3 0.0115418

3 3 0.0172557

4 3 0.0229015

5 3 0.028457

6 3 0.0339001

7 3 0.0392095

8 3 0.0443641

9 3 0.0493436

10 3 0.0541284

11 3 0.0586996

12 3 0.0630391

13 3 0.0671298

14 3 0.0709556

15 3 0.0745014

16 3 0.0777531

17 3 0.080698

18 3 0.0833244

19 3 0.085622

20 3 0.0875816

21 3 0.0891956

22 3 0.0904576

23 3 0.0913626

24 3 0.0919071

25 3 0.0920888

26 3 0.0919071

27 3 0.0913626

28 3 0.0904576

29 3 0.0891956

30 3 0.0875816

31 3 0.085622

32 3 0.0833244

33 3 0.080698

34 3 0.0777531

35 3 0.0745014

36 3 0.0709556

37 3 0.0671298

38 3 0.0630391

39 3 0.0586996

40 3 0.0541284

41 3 0.0493436

42 3 0.0443641

43 3 0.0392095

44 3 0.0339001

45 3 0.028457

46 3 0.0229015

47 3 0.0172557

48 3 0.0115418

49 3 0.0057823

50 3 0

0 4 0

1 4 0.00767419

2 4 0.0153181

3 4 0.0229015

4 4 0.0303946

5 4 0.0377677

6 4 0.0449918

7 4 0.0520383

8 4 0.0588794

9 4 0.0654882

10 4 0.0718385

11 4 0.0779053

12 4 0.0836646

13 4 0.0890938

14 4 0.0941713

15 4 0.0988772

16 4 0.103193

17 4 0.107101

18 4 0.110587

19 4 0.113636

20 4 0.116237

21 4 0.118379

22 4 0.120054

23 4 0.121255

24 4 0.121978

25 4 0.122219

26 4 0.121978

27 4 0.121255

28 4 0.120054

29 4 0.118379

30 4 0.116237

31 4 0.113636

32 4 0.110587

33 4 0.107101

34 4 0.103193

35 4 0.0988772

36 4 0.0941713

37 4 0.0890938

38 4 0.0836646

39 4 0.0779053

40 4 0.0718385

41 4 0.0654882

42 4 0.0588794

43 4 0.0520383

44 4 0.0449918

45 4 0.0377677

46 4 0.0303946

47 4 0.0229015

48 4 0.0153181

49 4 0.00767419

50 4 0

0 5 0

1 5 0.00953579

2 5 0.019034

3 5 0.028457

4 5 0.0377677

5 5 0.0469294

6 5 0.0559059

7 5 0.0646617

8 5 0.0731624

9 5 0.0813743

10 5 0.0892651

11 5 0.0968035

12 5 0.10396

13 5 0.110706

14 5 0.117015

15 5 0.122863

16 5 0.128225

17 5 0.133082

18 5 0.137413

19 5 0.141202

20 5 0.144434

21 5 0.147096

22 5 0.149177

23 5 0.150669

24 5 0.151567

25 5 0.151867

26 5 0.151567

27 5 0.150669

28 5 0.149177

29 5 0.147096

30 5 0.144434

31 5 0.141202

32 5 0.137413

33 5 0.133082

34 5 0.128225

35 5 0.122863

36 5 0.117015

37 5 0.110706

38 5 0.10396

39 5 0.0968035

40 5 0.0892651

41 5 0.0813743

42 5 0.0731624

43 5 0.0646617

44 5 0.0559059

45 5 0.0469294

46 5 0.0377677

47 5 0.028457

48 5 0.019034

49 5 0.00953579

50 5 0

0 6 0

1 6 0.0113598

2 6 0.0226747

3 6 0.0339001

4 6 0.0449918

5 6 0.0559059

6 6 0.0665994

7 6 0.07703

8 6 0.0871566

9 6 0.0969393

10 6 0.106339

11 6 0.11532

12 6 0.123845

13 6 0.131882

14 6 0.139398

15 6 0.146364

16 6 0.152752

17 6 0.158537

18 6 0.163697

19 6 0.168211

20 6 0.172061

21 6 0.175231

22 6 0.177711

23 6 0.179489

24 6 0.180558

25 6 0.180915

26 6 0.180558

27 6 0.179489

28 6 0.177711

29 6 0.175231

30 6 0.172061

31 6 0.168211

32 6 0.163697

33 6 0.158537

34 6 0.152752

35 6 0.146364

36 6 0.139398

37 6 0.131882

38 6 0.123845

39 6 0.11532

40 6 0.106339

41 6 0.0969393

42 6 0.0871566

43 6 0.07703

44 6 0.0665994

45 6 0.0559059

46 6 0.0449918

47 6 0.0339001

48 6 0.0226747

49 6 0.0113598

50 6 0

0 7 0

1 7 0.0131389

2 7 0.0262259

3 7 0.0392095

4 7 0.0520383

5 7 0.0646617

6 7 0.07703

7 7 0.0890942

8 7 0.100807

9 7 0.112122

10 7 0.122994

11 7 0.133381

12 7 0.143241

13 7 0.152537

14 7 0.16123

15 7 0.169287

16 7 0.176675

17 7 0.183367

18 7 0.189335

19 7 0.194556

20 7 0.199008

21 7 0.202676

22 7 0.205543

23 7 0.2076

24 7 0.208837

25 7 0.20925

26 7 0.208837

27 7 0.2076

28 7 0.205543

29 7 0.202676

30 7 0.199008

31 7 0.194556

32 7 0.189335

33 7 0.183367

34 7 0.176675

35 7 0.169287

36 7 0.16123

37 7 0.152537

38 7 0.143241

39 7 0.133381

40 7 0.122994

41 7 0.112122

42 7 0.100807

43 7 0.0890942

44 7 0.07703

45 7 0.0646617

46 7 0.0520383

47 7 0.0392095

48 7 0.0262259

49 7 0.0131389

50 7 0

0 8 0

1 8 0.0148662

2 8 0.0296737

3 8 0.0443641

4 8 0.0588794

5 8 0.0731624

6 8 0.0871566

7 8 0.100807

8 8 0.114059

9 8 0.126862

10 8 0.139163

11 8 0.150916

12 8 0.162072

13 8 0.172589

14 8 0.182426

15 8 0.191542

16 8 0.199902

17 8 0.207473

18 8 0.214225

19 8 0.220132

20 8 0.225171

21 8 0.22932

22 8 0.232565

23 8 0.234892

24 8 0.236291

25 8 0.236758

26 8 0.236291

27 8 0.234892

28 8 0.232565

29 8 0.22932

30 8 0.225171

31 8 0.220132

32 8 0.214225

33 8 0.207473

34 8 0.199902

35 8 0.191542

36 8 0.182426

37 8 0.172589

38 8 0.162072

39 8 0.150916

40 8 0.139163

41 8 0.126862

42 8 0.114059

43 8 0.100807

44 8 0.0871566

45 8 0.0731624

46 8 0.0588794

47 8 0.0443641

48 8 0.0296737

49 8 0.0148662

50 8 0

0 9 0

1 9 0.0165348

2 9 0.0330043

3 9 0.0493436

4 9 0.0654882

5 9 0.0813743

6 9 0.0969393

7 9 0.112122

8 9 0.126862

9 9 0.141101

10 9 0.154783

11 9 0.167855

12 9 0.180264

13 9 0.191961

14 9 0.202901

15 9 0.213041

16 9 0.222339

17 9 0.23076

18 9 0.238271

19 9 0.244841

20 9 0.250444

21 9 0.25506

22 9 0.258668

23 9 0.261256

24 9 0.262813

25 9 0.263333

26 9 0.262813

27 9 0.261256

28 9 0.258668

29 9 0.25506

30 9 0.250444

31 9 0.244841

32 9 0.238271

33 9 0.23076

34 9 0.222339

35 9 0.213041

36 9 0.202901

37 9 0.191961

38 9 0.180264

39 9 0.167855

40 9 0.154783

41 9 0.141101

42 9 0.126862

43 9 0.112122

44 9 0.0969393

45 9 0.0813743

46 9 0.0654882

47 9 0.0493436

48 9 0.0330043

49 9 0.0165348

50 9 0

0 10 0

1 10 0.0181382

2 10 0.0362047

3 10 0.0541284

4 10 0.0718385

5 10 0.0892651

6 10 0.106339

7 10 0.122994

8 10 0.139163

9 10 0.154783

10 10 0.169792

11 10 0.184131

12 10 0.197744

13 10 0.210576

14 10 0.222576

15 10 0.233699

16 10 0.243899

17 10 0.253137

18 10 0.261375

19 10 0.268582

20 10 0.27473

21 10 0.279792

22 10 0.283751

23 10 0.28659

24 10 0.288298

25 10 0.288868

26 10 0.288298

27 10 0.28659

28 10 0.283751

29 10 0.279792

30 10 0.27473

31 10 0.268582

32 10 0.261375

33 10 0.253137

34 10 0.243899

35 10 0.233699

36 10 0.222576

37 10 0.210576

38 10 0.197744

39 10 0.184131

40 10 0.169792

41 10 0.154783

42 10 0.139163

43 10 0.122994

44 10 0.106339

45 10 0.0892651

46 10 0.0718385

47 10 0.0541284

48 10 0.0362047

49 10 0.0181382

50 10 0

0 11 0

1 11 0.0196699

2 11 0.0392622

3 11 0.0586996

4 11 0.0779053

5 11 0.0968035

6 11 0.11532

7 11 0.133381

8 11 0.150916

9 11 0.167855

10 11 0.184131

11 11 0.199681

12 11 0.214443

13 11 0.228359

14 11 0.241373

15 11 0.253435

16 11 0.264497

17 11 0.274514

18 11 0.283449

19 11 0.291264

20 11 0.297931

21 11 0.303421

22 11 0.307714

23 11 0.310793

24 11 0.312645

25 11 0.313263

26 11 0.312645

27 11 0.310793

28 11 0.307714

29 11 0.303421

30 11 0.297931

31 11 0.291264

32 11 0.283449

33 11 0.274514

34 11 0.264497

35 11 0.253435

36 11 0.241373

37 11 0.228359

38 11 0.214443

39 11 0.199681

40 11 0.184131

41 11 0.167855

42 11 0.150916

43 11 0.133381

44 11 0.11532

45 11 0.0968035

46 11 0.0779053

47 11 0.0586996

48 11 0.0392622

49 11 0.0196699

50 11 0

0 12 0

1 12 0.0211241

2 12 0.0421648

3 12 0.0630391

4 12 0.0836646

5 12 0.10396

6 12 0.123845

7 12 0.143241

8 12 0.162072

9 12 0.180264

10 12 0.197744

11 12 0.214443

12 12 0.230296

13 12 0.245241

14 12 0.259217

15 12 0.272171

16 12 0.28405

17 12 0.294808

18 12 0.304403

19 12 0.312797

20 12 0.319956

21 12 0.325852

22 12 0.330463

23 12 0.333769

24 12 0.335758

25 12 0.336422

26 12 0.335758

27 12 0.333769

28 12 0.330463

29 12 0.325852

30 12 0.319956

31 12 0.312797

32 12 0.304403

33 12 0.294808

34 12 0.28405

35 12 0.272171

36 12 0.259217

37 12 0.245241

38 12 0.230296

39 12 0.214443

40 12 0.197744

41 12 0.180264

42 12 0.162072

43 12 0.143241

44 12 0.123845

45 12 0.10396

46 12 0.0836646

47 12 0.0630391

48 12 0.0421648

49 12 0.0211241

50 12 0

0 13 0

1 13 0.0224949

2 13 0.044901

3 13 0.0671298

4 13 0.0890938

5 13 0.110706

6 13 0.131882

7 13 0.152537

8 13 0.172589

9 13 0.191961

10 13 0.210576

11 13 0.228359

12 13 0.245241

13 13 0.261155

14 13 0.276038

15 13 0.289832

16 13 0.302483

17 13 0.313939

18 13 0.324157

19 13 0.333095

20 13 0.340718

21 13 0.346997

22 13 0.351907

23 13 0.355428

24 13 0.357546

25 13 0.358253

26 13 0.357546

27 13 0.355428

28 13 0.351907

29 13 0.346997

30 13 0.340718

31 13 0.333095

32 13 0.324157

33 13 0.313939

34 13 0.302483

35 13 0.289832

36 13 0.276038

37 13 0.261155

38 13 0.245241

39 13 0.228359

40 13 0.210576

41 13 0.191961

42 13 0.172589

43 13 0.152537

44 13 0.131882

45 13 0.110706

46 13 0.0890938

47 13 0.0671298

48 13 0.044901

49 13 0.0224949

50 13 0

0 14 0

1 14 0.0237769

2 14 0.0474599

3 14 0.0709556

4 14 0.0941713

5 14 0.117015

6 14 0.139398

7 14 0.16123

8 14 0.182426

9 14 0.202901

10 14 0.222576

11 14 0.241373

12 14 0.259217

13 14 0.276038

14 14 0.29177

15 14 0.30635

16 14 0.319721

17 14 0.331831

18 14 0.342631

19 14 0.352078

20 14 0.360136

21 14 0.366773

22 14 0.371962

23 14 0.375684

24 14 0.377922

25 14 0.37867

26 14 0.377922

27 14 0.375684

28 14 0.371962

29 14 0.366773

30 14 0.360136

31 14 0.352078

32 14 0.342631

33 14 0.331831

34 14 0.319721

35 14 0.30635

36 14 0.29177

37 14 0.276038

38 14 0.259217

39 14 0.241373

40 14 0.222576

41 14 0.202901

42 14 0.182426

43 14 0.16123

44 14 0.139398

45 14 0.117015

46 14 0.0941713

47 14 0.0709556

48 14 0.0474599

49 14 0.0237769

50 14 0

0 15 0

1 15 0.024965

2 15 0.0498315

3 15 0.0745014

4 15 0.0988772

5 15 0.122863

6 15 0.146364

7 15 0.169287

8 15 0.191542

9 15 0.213041

10 15 0.233699

11 15 0.253435

12 15 0.272171

13 15 0.289832

14 15 0.30635

15 15 0.321659

16 15 0.335698

17 15 0.348413

18 15 0.359752

19 15 0.369672

20 15 0.378133

21 15 0.385101

22 15 0.39055

23 15 0.394457

24 15 0.396808

25 15 0.397592

26 15 0.396808

27 15 0.394457

28 15 0.39055

29 15 0.385101

30 15 0.378133

31 15 0.369672

32 15 0.359752

33 15 0.348413

34 15 0.335698

35 15 0.321659

36 15 0.30635

37 15 0.289832

38 15 0.272171

39 15 0.253435

40 15 0.233699

41 15 0.213041

42 15 0.191542

43 15 0.169287

44 15 0.146364

45 15 0.122863

46 15 0.0988772

47 15 0.0745014

48 15 0.0498315

49 15 0.024965

50 15 0

0 16 0

1 16 0.0260547

2 16 0.0520065

3 16 0.0777531

4 16 0.103193

5 16 0.128225

6 16 0.152752

7 16 0.176675

8 16 0.199902

9 16 0.222339

10 16 0.243899

11 16 0.264497

12 16 0.28405

13 16 0.302483

14 16 0.319721

15 16 0.335698

16 16 0.350351

17 16 0.36362

18 16 0.375454

19 16 0.385807

20 16 0.394637

21 16 0.40191

22 16 0.407596

23 16 0.411674

24 16 0.414127

25 16 0.414946

26 16 0.414127

27 16 0.411674

28 16 0.407596

29 16 0.40191

30 16 0.394637

31 16 0.385807

32 16 0.375454

33 16 0.36362

34 16 0.350351

35 16 0.335698

36 16 0.319721

37 16 0.302483

38 16 0.28405

39 16 0.264497

40 16 0.243899

41 16 0.222339

42 16 0.199902

43 16 0.176675

44 16 0.152752

45 16 0.128225

46 16 0.103193

47 16 0.0777531

48 16 0.0520065

49 16 0.0260547

50 16 0

0 17 0

1 17 0.0270415

2 17 0.0539763

3 17 0.080698

4 17 0.107101

5 17 0.133082

6 17 0.158537

7 17 0.183367

8 17 0.207473

9 17 0.23076

10 17 0.253137

11 17 0.274514

12 17 0.294808

13 17 0.313939

14 17 0.331831

15 17 0.348413

16 17 0.36362

17 17 0.377392

18 17 0.389675

19 17 0.400419

20 17 0.409584

21 17 0.417132

22 17 0.423034

23 17 0.427266

24 17 0.429812

25 17 0.430662

26 17 0.429812

27 17 0.427266

28 17 0.423034

29 17 0.417132

30 17 0.409584

31 17 0.400419

32 17 0.389675

33 17 0.377392

34 17 0.36362

35 17 0.348413

36 17 0.331831

37 17 0.313939

38 17 0.294808

39 17 0.274514

40 17 0.253137

41 17 0.23076

42 17 0.207473

43 17 0.183367

44 17 0.158537

45 17 0.133082

46 17 0.107101

47 17 0.080698

48 17 0.0539763

49 17 0.0270415

50 17 0

0 18 0

1 18 0.0279216

2 18 0.055733

3 18 0.0833244

4 18 0.110587

5 18 0.137413

6 18 0.163697

7 18 0.189335

8 18 0.214225

9 18 0.238271

10 18 0.261375

11 18 0.283449

12 18 0.304403

13 18 0.324157

14 18 0.342631

15 18 0.359752

16 18 0.375454

17 18 0.389675

18 18 0.402357

19 18 0.413452

20 18 0.422914

21 18 0.430708

22 18 0.436802

23 18 0.441172

24 18 0.443801

25 18 0.444678

26 18 0.443801

27 18 0.441172

28 18 0.436802

29 18 0.430708

30 18 0.422914

31 18 0.413452

32 18 0.402357

33 18 0.389675

34 18 0.375454

35 18 0.359752

36 18 0.342631

37 18 0.324157

38 18 0.304403

39 18 0.283449

40 18 0.261375

41 18 0.238271

42 18 0.214225

43 18 0.189335

44 18 0.163697

45 18 0.137413

46 18 0.110587

47 18 0.0833244

48 18 0.055733

49 18 0.0279216

50 18 0

0 19 0

1 19 0.0286915

2 19 0.0572697

3 19 0.085622

4 19 0.113636

5 19 0.141202

6 19 0.168211

7 19 0.194556

8 19 0.220132

9 19 0.244841

10 19 0.268582

11 19 0.291264

12 19 0.312797

13 19 0.333095

14 19 0.352078

15 19 0.369672

16 19 0.385807

17 19 0.400419

18 19 0.413452

19 19 0.424852

20 19 0.434576

21 19 0.442584

22 19 0.448846

23 19 0.453337

24 19 0.456038

25 19 0.45694

26 19 0.456038

27 19 0.453337

28 19 0.448846

29 19 0.442584

30 19 0.434576

31 19 0.424852

32 19 0.413452

33 19 0.400419

34 19 0.385807

35 19 0.369672

36 19 0.352078

37 19 0.333095

38 19 0.312797

39 19 0.291264

40 19 0.268582

41 19 0.244841

42 19 0.220132

43 19 0.194556

44 19 0.168211

45 19 0.141202

46 19 0.113636

47 19 0.085622

48 19 0.0572697

49 19 0.0286915

50 19 0

0 20 0

1 20 0.0293482

2 20 0.0585805

3 20 0.0875816

4 20 0.116237

5 20 0.144434

6 20 0.172061

7 20 0.199008

8 20 0.225171

9 20 0.250444

10 20 0.27473

11 20 0.297931

12 20 0.319956

13 20 0.340718

14 20 0.360136

15 20 0.378133

16 20 0.394637

17 20 0.409584

18 20 0.422914

19 20 0.434576

20 20 0.444522

21 20 0.452714

22 20 0.459119

23 20 0.463712

24 20 0.466476

25 20 0.467398

26 20 0.466476

27 20 0.463712

28 20 0.459119

29 20 0.452714

30 20 0.444522

31 20 0.434576

32 20 0.422914

33 20 0.409584

34 20 0.394637

35 20 0.378133

36 20 0.360136

37 20 0.340718

38 20 0.319956

39 20 0.297931

40 20 0.27473

41 20 0.250444

42 20 0.225171

43 20 0.199008

44 20 0.172061

45 20 0.144434

46 20 0.116237

47 20 0.0875816

48 20 0.0585805

49 20 0.0293482

50 20 0

0 21 0

1 21 0.029889

2 21 0.05966

3 21 0.0891956

4 21 0.118379

5 21 0.147096

6 21 0.175231

7 21 0.202676

8 21 0.22932

9 21 0.25506

10 21 0.279792

11 21 0.303421

12 21 0.325852

13 21 0.346997

14 21 0.366773

15 21 0.385101

16 21 0.40191

17 21 0.417132

18 21 0.430708

19 21 0.442584

20 21 0.452714

21 21 0.461057

22 21 0.46758

23 21 0.472258

24 21 0.475072

25 21 0.476011

26 21 0.475072

27 21 0.472258

28 21 0.46758

29 21 0.461057

30 21 0.452714

31 21 0.442584

32 21 0.430708

33 21 0.417132

34 21 0.40191

35 21 0.385101

36 21 0.366773

37 21 0.346997

38 21 0.325852

39 21 0.303421

40 21 0.279792

41 21 0.25506

42 21 0.22932

43 21 0.202676

44 21 0.175231

45 21 0.147096

46 21 0.118379

47 21 0.0891956

48 21 0.05966

49 21 0.029889

50 21 0

0 22 0

1 22 0.0303119

2 22 0.0605042

3 22 0.0904576

4 22 0.120054

5 22 0.149177

6 22 0.177711

7 22 0.205543

8 22 0.232565

9 22 0.258668

10 22 0.283751

11 22 0.307714

12 22 0.330463

13 22 0.351907

14 22 0.371962

15 22 0.39055

16 22 0.407596

17 22 0.423034

18 22 0.436802

19 22 0.448846

20 22 0.459119

21 22 0.46758

22 22 0.474196

23 22 0.47894

24 22 0.481794

25 22 0.482746

26 22 0.481794

27 22 0.47894

28 22 0.474196

29 22 0.46758

30 22 0.459119

31 22 0.448846

32 22 0.436802

33 22 0.423034

34 22 0.407596

35 22 0.39055

36 22 0.371962

37 22 0.351907

38 22 0.330463

39 22 0.307714

40 22 0.283751

41 22 0.258668

42 22 0.232565

43 22 0.205543

44 22 0.177711

45 22 0.149177

46 22 0.120054

47 22 0.0904576

48 22 0.0605042

49 22 0.0303119

50 22 0

0 23 0

1 23 0.0306152

2 23 0.0611095

3 23 0.0913626

4 23 0.121255

5 23 0.150669

6 23 0.179489

7 23 0.2076

8 23 0.234892

9 23 0.261256

10 23 0.28659

11 23 0.310793

12 23 0.333769

13 23 0.355428

14 23 0.375684

15 23 0.394457

16 23 0.411674

17 23 0.427266

18 23 0.441172

19 23 0.453337

20 23 0.463712

21 23 0.472258

22 23 0.47894

23 23 0.483731

24 23 0.486614

25 23 0.487576

26 23 0.486614

27 23 0.483731

28 23 0.47894

29 23 0.472258

30 23 0.463712

31 23 0.453337

32 23 0.441172

33 23 0.427266

34 23 0.411674

35 23 0.394457

36 23 0.375684

37 23 0.355428

38 23 0.333769

39 23 0.310793

40 23 0.28659

41 23 0.261256

42 23 0.234892

43 23 0.2076

44 23 0.179489

45 23 0.150669

46 23 0.121255

47 23 0.0913626

48 23 0.0611095

49 23 0.0306152

50 23 0

0 24 0

1 24 0.0307976

2 24 0.0614736

3 24 0.0919071

4 24 0.121978

5 24 0.151567

6 24 0.180558

7 24 0.208837

8 24 0.236291

9 24 0.262813

10 24 0.288298

11 24 0.312645

12 24 0.335758

13 24 0.357546

14 24 0.377922

15 24 0.396808

16 24 0.414127

17 24 0.429812

18 24 0.443801

19 24 0.456038

20 24 0.466476

21 24 0.475072

22 24 0.481794

23 24 0.486614

24 24 0.489514

25 24 0.490481

26 24 0.489514

27 24 0.486614

28 24 0.481794

29 24 0.475072

30 24 0.466476

31 24 0.456038

32 24 0.443801

33 24 0.429812

34 24 0.414127

35 24 0.396808

36 24 0.377922

37 24 0.357546

38 24 0.335758

39 24 0.312645

40 24 0.288298

41 24 0.262813

42 24 0.236291

43 24 0.208837

44 24 0.180558

45 24 0.151567

46 24 0.121978

47 24 0.0919071

48 24 0.0614736

49 24 0.0307976

50 24 0

0 25 0

1 25 0.0308585

2 25 0.0615952

3 25 0.0920888

4 25 0.122219

5 25 0.151867

6 25 0.180915

7 25 0.20925

8 25 0.236758

9 25 0.263333

10 25 0.288868

11 25 0.313263

12 25 0.336422

13 25 0.358253

14 25 0.37867

15 25 0.397592

16 25 0.414946

17 25 0.430662

18 25 0.444678

19 25 0.45694

20 25 0.467398

21 25 0.476011

22 25 0.482746

23 25 0.487576

24 25 0.490481

25 25 0.491451

26 25 0.490481

27 25 0.487576

28 25 0.482746

29 25 0.476011

30 25 0.467398

31 25 0.45694

32 25 0.444678

33 25 0.430662

34 25 0.414946

35 25 0.397592

36 25 0.37867

37 25 0.358253

38 25 0.336422

39 25 0.313263

40 25 0.288868

41 25 0.263333

42 25 0.236758

43 25 0.20925

44 25 0.180915

45 25 0.151867

46 25 0.122219

47 25 0.0920888

48 25 0.0615952

49 25 0.0308585

50 25 0

0 26 0

1 26 0.0307976

2 26 0.0614736

3 26 0.0919071

4 26 0.121978

5 26 0.151567

6 26 0.180558

7 26 0.208837

8 26 0.236291

9 26 0.262813

10 26 0.288298

11 26 0.312645

12 26 0.335758

13 26 0.357546

14 26 0.377922

15 26 0.396808

16 26 0.414127

17 26 0.429812

18 26 0.443801

19 26 0.456038

20 26 0.466476

21 26 0.475072

22 26 0.481794

23 26 0.486614

24 26 0.489514

25 26 0.490481

26 26 0.489514

27 26 0.486614

28 26 0.481794

29 26 0.475072

30 26 0.466476

31 26 0.456038

32 26 0.443801

33 26 0.429812

34 26 0.414127

35 26 0.396808

36 26 0.377922

37 26 0.357546

38 26 0.335758

39 26 0.312645

40 26 0.288298

41 26 0.262813

42 26 0.236291

43 26 0.208837

44 26 0.180558

45 26 0.151567

46 26 0.121978

47 26 0.0919071

48 26 0.0614736

49 26 0.0307976

50 26 0

0 27 0

1 27 0.0306152

2 27 0.0611095

3 27 0.0913626

4 27 0.121255

5 27 0.150669

6 27 0.179489

7 27 0.2076

8 27 0.234892

9 27 0.261256

10 27 0.28659

11 27 0.310793

12 27 0.333769

13 27 0.355428

14 27 0.375684

15 27 0.394457

16 27 0.411674

17 27 0.427266

18 27 0.441172

19 27 0.453337

20 27 0.463712

21 27 0.472258

22 27 0.47894

23 27 0.483731

24 27 0.486614

25 27 0.487576

26 27 0.486614

27 27 0.483731

28 27 0.47894

29 27 0.472258

30 27 0.463712

31 27 0.453337

32 27 0.441172

33 27 0.427266

34 27 0.411674

35 27 0.394457

36 27 0.375684

37 27 0.355428

38 27 0.333769

39 27 0.310793

40 27 0.28659

41 27 0.261256

42 27 0.234892

43 27 0.2076

44 27 0.179489

45 27 0.150669

46 27 0.121255

47 27 0.0913626

48 27 0.0611095

49 27 0.0306152

50 27 0

0 28 0

1 28 0.0303119

2 28 0.0605042

3 28 0.0904576

4 28 0.120054

5 28 0.149177

6 28 0.177711

7 28 0.205543

8 28 0.232565

9 28 0.258668

10 28 0.283751

11 28 0.307714

12 28 0.330463

13 28 0.351907

14 28 0.371962

15 28 0.39055

16 28 0.407596

17 28 0.423034

18 28 0.436802

19 28 0.448846

20 28 0.459119

21 28 0.46758

22 28 0.474196

23 28 0.47894

24 28 0.481794

25 28 0.482746

26 28 0.481794

27 28 0.47894

28 28 0.474196

29 28 0.46758

30 28 0.459119

31 28 0.448846

32 28 0.436802

33 28 0.423034

34 28 0.407596

35 28 0.39055

36 28 0.371962

37 28 0.351907

38 28 0.330463

39 28 0.307714

40 28 0.283751

41 28 0.258668

42 28 0.232565

43 28 0.205543

44 28 0.177711

45 28 0.149177

46 28 0.120054

47 28 0.0904576

48 28 0.0605042

49 28 0.0303119

50 28 0

0 29 0

1 29 0.029889

2 29 0.05966

3 29 0.0891956

4 29 0.118379

5 29 0.147096

6 29 0.175231

7 29 0.202676

8 29 0.22932

9 29 0.25506

10 29 0.279792

11 29 0.303421

12 29 0.325852

13 29 0.346997

14 29 0.366773

15 29 0.385101

16 29 0.40191

17 29 0.417132

18 29 0.430708

19 29 0.442584

20 29 0.452714

21 29 0.461057

22 29 0.46758

23 29 0.472258

24 29 0.475072

25 29 0.476011

26 29 0.475072

27 29 0.472258

28 29 0.46758

29 29 0.461057

30 29 0.452714

31 29 0.442584

32 29 0.430708

33 29 0.417132

34 29 0.40191

35 29 0.385101

36 29 0.366773

37 29 0.346997

38 29 0.325852

39 29 0.303421

40 29 0.279792

41 29 0.25506

42 29 0.22932

43 29 0.202676

44 29 0.175231

45 29 0.147096

46 29 0.118379

47 29 0.0891956

48 29 0.05966

49 29 0.029889

50 29 0

0 30 0

1 30 0.0293482

2 30 0.0585805

3 30 0.0875816

4 30 0.116237

5 30 0.144434

6 30 0.172061

7 30 0.199008

8 30 0.225171

9 30 0.250444

10 30 0.27473

11 30 0.297931

12 30 0.319956

13 30 0.340718

14 30 0.360136

15 30 0.378133

16 30 0.394637

17 30 0.409584

18 30 0.422914

19 30 0.434576

20 30 0.444522

21 30 0.452714

22 30 0.459119

23 30 0.463712

24 30 0.466476

25 30 0.467398

26 30 0.466476

27 30 0.463712

28 30 0.459119

29 30 0.452714

30 30 0.444522

31 30 0.434576

32 30 0.422914

33 30 0.409584

34 30 0.394637

35 30 0.378133

36 30 0.360136

37 30 0.340718

38 30 0.319956

39 30 0.297931

40 30 0.27473

41 30 0.250444

42 30 0.225171

43 30 0.199008

44 30 0.172061

45 30 0.144434

46 30 0.116237

47 30 0.0875816

48 30 0.0585805

49 30 0.0293482

50 30 0

0 31 0

1 31 0.0286915

2 31 0.0572697

3 31 0.085622

4 31 0.113636

5 31 0.141202

6 31 0.168211

7 31 0.194556

8 31 0.220132

9 31 0.244841

10 31 0.268582

11 31 0.291264

12 31 0.312797

13 31 0.333095

14 31 0.352078

15 31 0.369672

16 31 0.385807

17 31 0.400419

18 31 0.413452

19 31 0.424852

20 31 0.434576

21 31 0.442584

22 31 0.448846

23 31 0.453337

24 31 0.456038

25 31 0.45694

26 31 0.456038

27 31 0.453337

28 31 0.448846

29 31 0.442584

30 31 0.434576

31 31 0.424852

32 31 0.413452

33 31 0.400419

34 31 0.385807

35 31 0.369672

36 31 0.352078

37 31 0.333095

38 31 0.312797

39 31 0.291264

40 31 0.268582

41 31 0.244841

42 31 0.220132

43 31 0.194556

44 31 0.168211

45 31 0.141202

46 31 0.113636

47 31 0.085622

48 31 0.0572697

49 31 0.0286915

50 31 0

0 32 0

1 32 0.0279216

2 32 0.055733

3 32 0.0833244

4 32 0.110587

5 32 0.137413

6 32 0.163697

7 32 0.189335

8 32 0.214225

9 32 0.238271

10 32 0.261375

11 32 0.283449

12 32 0.304403

13 32 0.324157

14 32 0.342631

15 32 0.359752

16 32 0.375454

17 32 0.389675

18 32 0.402357

19 32 0.413452

20 32 0.422914

21 32 0.430708

22 32 0.436802

23 32 0.441172

24 32 0.443801

25 32 0.444678

26 32 0.443801

27 32 0.441172

28 32 0.436802

29 32 0.430708

30 32 0.422914

31 32 0.413452

32 32 0.402357

33 32 0.389675

34 32 0.375454

35 32 0.359752

36 32 0.342631

37 32 0.324157

38 32 0.304403

39 32 0.283449

40 32 0.261375

41 32 0.238271

42 32 0.214225

43 32 0.189335

44 32 0.163697

45 32 0.137413

46 32 0.110587

47 32 0.0833244

48 32 0.055733

49 32 0.0279216

50 32 0

0 33 0

1 33 0.0270415

2 33 0.0539763

3 33 0.080698

4 33 0.107101

5 33 0.133082

6 33 0.158537

7 33 0.183367

8 33 0.207473

9 33 0.23076

10 33 0.253137

11 33 0.274514

12 33 0.294808

13 33 0.313939

14 33 0.331831

15 33 0.348413

16 33 0.36362

17 33 0.377392

18 33 0.389675

19 33 0.400419

20 33 0.409584

21 33 0.417132

22 33 0.423034

23 33 0.427266

24 33 0.429812

25 33 0.430662

26 33 0.429812

27 33 0.427266

28 33 0.423034

29 33 0.417132

30 33 0.409584

31 33 0.400419

32 33 0.389675

33 33 0.377392

34 33 0.36362

35 33 0.348413

36 33 0.331831

37 33 0.313939

38 33 0.294808

39 33 0.274514

40 33 0.253137

41 33 0.23076

42 33 0.207473

43 33 0.183367

44 33 0.158537

45 33 0.133082

46 33 0.107101

47 33 0.080698

48 33 0.0539763

49 33 0.0270415

50 33 0

0 34 0

1 34 0.0260547

2 34 0.0520065

3 34 0.0777531

4 34 0.103193

5 34 0.128225

6 34 0.152752

7 34 0.176675

8 34 0.199902

9 34 0.222339

10 34 0.243899

11 34 0.264497

12 34 0.28405

13 34 0.302483

14 34 0.319721

15 34 0.335698

16 34 0.350351

17 34 0.36362

18 34 0.375454

19 34 0.385807

20 34 0.394637

21 34 0.40191

22 34 0.407596

23 34 0.411674

24 34 0.414127

25 34 0.414946

26 34 0.414127

27 34 0.411674

28 34 0.407596

29 34 0.40191

30 34 0.394637

31 34 0.385807

32 34 0.375454

33 34 0.36362

34 34 0.350351

35 34 0.335698

36 34 0.319721

37 34 0.302483

38 34 0.28405

39 34 0.264497

40 34 0.243899

41 34 0.222339

42 34 0.199902

43 34 0.176675

44 34 0.152752

45 34 0.128225

46 34 0.103193

47 34 0.0777531

48 34 0.0520065

49 34 0.0260547

50 34 0

0 35 0

1 35 0.024965

2 35 0.0498315

3 35 0.0745014

4 35 0.0988772

5 35 0.122863

6 35 0.146364

7 35 0.169287

8 35 0.191542

9 35 0.213041

10 35 0.233699

11 35 0.253435

12 35 0.272171

13 35 0.289832

14 35 0.30635

15 35 0.321659

16 35 0.335698

17 35 0.348413

18 35 0.359752

19 35 0.369672

20 35 0.378133

21 35 0.385101

22 35 0.39055

23 35 0.394457

24 35 0.396808

25 35 0.397592

26 35 0.396808

27 35 0.394457

28 35 0.39055

29 35 0.385101

30 35 0.378133

31 35 0.369672

32 35 0.359752

33 35 0.348413

34 35 0.335698

35 35 0.321659

36 35 0.30635

37 35 0.289832

38 35 0.272171

39 35 0.253435

40 35 0.233699

41 35 0.213041

42 35 0.191542

43 35 0.169287

44 35 0.146364

45 35 0.122863

46 35 0.0988772

47 35 0.0745014

48 35 0.0498315

49 35 0.024965

50 35 0

0 36 0

1 36 0.0237769

2 36 0.0474599

3 36 0.0709556

4 36 0.0941713

5 36 0.117015

6 36 0.139398

7 36 0.16123

8 36 0.182426

9 36 0.202901

10 36 0.222576

11 36 0.241373

12 36 0.259217

13 36 0.276038

14 36 0.29177

15 36 0.30635

16 36 0.319721

17 36 0.331831

18 36 0.342631

19 36 0.352078

20 36 0.360136

21 36 0.366773

22 36 0.371962

23 36 0.375684

24 36 0.377922

25 36 0.37867

26 36 0.377922

27 36 0.375684

28 36 0.371962

29 36 0.366773

30 36 0.360136

31 36 0.352078

32 36 0.342631

33 36 0.331831

34 36 0.319721

35 36 0.30635

36 36 0.29177

37 36 0.276038

38 36 0.259217

39 36 0.241373

40 36 0.222576

41 36 0.202901

42 36 0.182426

43 36 0.16123

44 36 0.139398

45 36 0.117015

46 36 0.0941713

47 36 0.0709556

48 36 0.0474599

49 36 0.0237769

50 36 0

0 37 0

1 37 0.0224949

2 37 0.044901

3 37 0.0671298

4 37 0.0890938

5 37 0.110706

6 37 0.131882

7 37 0.152537

8 37 0.172589

9 37 0.191961

10 37 0.210576

11 37 0.228359

12 37 0.245241

13 37 0.261155

14 37 0.276038

15 37 0.289832

16 37 0.302483

17 37 0.313939

18 37 0.324157

19 37 0.333095

20 37 0.340718

21 37 0.346997

22 37 0.351907

23 37 0.355428

24 37 0.357546

25 37 0.358253

26 37 0.357546

27 37 0.355428

28 37 0.351907

29 37 0.346997

30 37 0.340718

31 37 0.333095

32 37 0.324157

33 37 0.313939

34 37 0.302483

35 37 0.289832

36 37 0.276038

37 37 0.261155

38 37 0.245241

39 37 0.228359

40 37 0.210576

41 37 0.191961

42 37 0.172589

43 37 0.152537

44 37 0.131882

45 37 0.110706

46 37 0.0890938

47 37 0.0671298

48 37 0.044901

49 37 0.0224949

50 37 0

0 38 0

1 38 0.0211241

2 38 0.0421648

3 38 0.0630391

4 38 0.0836646

5 38 0.10396

6 38 0.123845

7 38 0.143241

8 38 0.162072

9 38 0.180264

10 38 0.197744

11 38 0.214443

12 38 0.230296

13 38 0.245241

14 38 0.259217

15 38 0.272171

16 38 0.28405

17 38 0.294808

18 38 0.304403

19 38 0.312797

20 38 0.319956

21 38 0.325852

22 38 0.330463

23 38 0.333769

24 38 0.335758

25 38 0.336422

26 38 0.335758

27 38 0.333769

28 38 0.330463

29 38 0.325852

30 38 0.319956

31 38 0.312797

32 38 0.304403

33 38 0.294808

34 38 0.28405

35 38 0.272171

36 38 0.259217

37 38 0.245241

38 38 0.230296

39 38 0.214443

40 38 0.197744

41 38 0.180264

42 38 0.162072

43 38 0.143241

44 38 0.123845

45 38 0.10396

46 38 0.0836646

47 38 0.0630391

48 38 0.0421648

49 38 0.0211241

50 38 0

0 39 0

1 39 0.0196699

2 39 0.0392622

3 39 0.0586996

4 39 0.0779053

5 39 0.0968035

6 39 0.11532

7 39 0.133381

8 39 0.150916

9 39 0.167855

10 39 0.184131

11 39 0.199681

12 39 0.214443

13 39 0.228359

14 39 0.241373

15 39 0.253435

16 39 0.264497

17 39 0.274514

18 39 0.283449

19 39 0.291264

20 39 0.297931

21 39 0.303421

22 39 0.307714

23 39 0.310793

24 39 0.312645

25 39 0.313263

26 39 0.312645

27 39 0.310793

28 39 0.307714

29 39 0.303421

30 39 0.297931

31 39 0.291264

32 39 0.283449

33 39 0.274514

34 39 0.264497

35 39 0.253435

36 39 0.241373

37 39 0.228359

38 39 0.214443

39 39 0.199681

40 39 0.184131

41 39 0.167855

42 39 0.150916

43 39 0.133381

44 39 0.11532

45 39 0.0968035

46 39 0.0779053

47 39 0.0586996

48 39 0.0392622

49 39 0.0196699

50 39 0

0 40 0

1 40 0.0181382

2 40 0.0362047

3 40 0.0541284

4 40 0.0718385

5 40 0.0892651

6 40 0.106339

7 40 0.122994

8 40 0.139163

9 40 0.154783

10 40 0.169792

11 40 0.184131

12 40 0.197744

13 40 0.210576

14 40 0.222576

15 40 0.233699

16 40 0.243899

17 40 0.253137

18 40 0.261375

19 40 0.268582

20 40 0.27473

21 40 0.279792

22 40 0.283751

23 40 0.28659

24 40 0.288298

25 40 0.288868

26 40 0.288298

27 40 0.28659

28 40 0.283751

29 40 0.279792

30 40 0.27473

31 40 0.268582

32 40 0.261375

33 40 0.253137

34 40 0.243899

35 40 0.233699

36 40 0.222576

37 40 0.210576

38 40 0.197744

39 40 0.184131

40 40 0.169792

41 40 0.154783

42 40 0.139163

43 40 0.122994

44 40 0.106339

45 40 0.0892651

46 40 0.0718385

47 40 0.0541284

48 40 0.0362047

49 40 0.0181382

50 40 0

0 41 0

1 41 0.0165348

2 41 0.0330043

3 41 0.0493436

4 41 0.0654882

5 41 0.0813743

6 41 0.0969393

7 41 0.112122

8 41 0.126862

9 41 0.141101

10 41 0.154783

11 41 0.167855

12 41 0.180264

13 41 0.191961

14 41 0.202901

15 41 0.213041

16 41 0.222339

17 41 0.23076

18 41 0.238271

19 41 0.244841

20 41 0.250444

21 41 0.25506

22 41 0.258668

23 41 0.261256

24 41 0.262813

25 41 0.263333

26 41 0.262813

27 41 0.261256

28 41 0.258668

29 41 0.25506

30 41 0.250444

31 41 0.244841

32 41 0.238271

33 41 0.23076

34 41 0.222339

35 41 0.213041

36 41 0.202901

37 41 0.191961

38 41 0.180264

39 41 0.167855

40 41 0.154783

41 41 0.141101

42 41 0.126862

43 41 0.112122

44 41 0.0969393

45 41 0.0813743

46 41 0.0654882

47 41 0.0493436

48 41 0.0330043

49 41 0.0165348

50 41 0

0 42 0

1 42 0.0148662

2 42 0.0296737

3 42 0.0443641

4 42 0.0588794

5 42 0.0731624

6 42 0.0871566

7 42 0.100807

8 42 0.114059

9 42 0.126862

10 42 0.139163

11 42 0.150916

12 42 0.162072

13 42 0.172589

14 42 0.182426

15 42 0.191542

16 42 0.199902

17 42 0.207473

18 42 0.214225

19 42 0.220132

20 42 0.225171

21 42 0.22932

22 42 0.232565

23 42 0.234892

24 42 0.236291

25 42 0.236758

26 42 0.236291

27 42 0.234892

28 42 0.232565

29 42 0.22932

30 42 0.225171

31 42 0.220132

32 42 0.214225

33 42 0.207473

34 42 0.199902

35 42 0.191542

36 42 0.182426

37 42 0.172589

38 42 0.162072

39 42 0.150916

40 42 0.139163

41 42 0.126862

42 42 0.114059

43 42 0.100807

44 42 0.0871566

45 42 0.0731624

46 42 0.0588794

47 42 0.0443641

48 42 0.0296737

49 42 0.0148662

50 42 0

0 43 0

1 43 0.0131389

2 43 0.0262259

3 43 0.0392095

4 43 0.0520383

5 43 0.0646617

6 43 0.07703

7 43 0.0890942

8 43 0.100807

9 43 0.112122

10 43 0.122994

11 43 0.133381

12 43 0.143241

13 43 0.152537

14 43 0.16123

15 43 0.169287

16 43 0.176675

17 43 0.183367

18 43 0.189335

19 43 0.194556

20 43 0.199008

21 43 0.202676

22 43 0.205543

23 43 0.2076

24 43 0.208837

25 43 0.20925

26 43 0.208837

27 43 0.2076

28 43 0.205543

29 43 0.202676

30 43 0.199008

31 43 0.194556

32 43 0.189335

33 43 0.183367

34 43 0.176675

35 43 0.169287

36 43 0.16123

37 43 0.152537

38 43 0.143241

39 43 0.133381

40 43 0.122994

41 43 0.112122

42 43 0.100807

43 43 0.0890942

44 43 0.07703

45 43 0.0646617

46 43 0.0520383

47 43 0.0392095

48 43 0.0262259

49 43 0.0131389

50 43 0

0 44 0

1 44 0.0113598

2 44 0.0226747

3 44 0.0339001

4 44 0.0449918

5 44 0.0559059

6 44 0.0665994

7 44 0.07703

8 44 0.0871566

9 44 0.0969393

10 44 0.106339

11 44 0.11532

12 44 0.123845

13 44 0.131882

14 44 0.139398

15 44 0.146364

16 44 0.152752

17 44 0.158537

18 44 0.163697

19 44 0.168211

20 44 0.172061

21 44 0.175231

22 44 0.177711

23 44 0.179489

24 44 0.180558

25 44 0.180915

26 44 0.180558

27 44 0.179489

28 44 0.177711

29 44 0.175231

30 44 0.172061

31 44 0.168211

32 44 0.163697

33 44 0.158537

34 44 0.152752

35 44 0.146364

36 44 0.139398

37 44 0.131882

38 44 0.123845

39 44 0.11532

40 44 0.106339

41 44 0.0969393

42 44 0.0871566

43 44 0.07703

44 44 0.0665994

45 44 0.0559059

46 44 0.0449918

47 44 0.0339001

48 44 0.0226747

49 44 0.0113598

50 44 0

0 45 0

1 45 0.00953579

2 45 0.019034

3 45 0.028457

4 45 0.0377677

5 45 0.0469294

6 45 0.0559059

7 45 0.0646617

8 45 0.0731624

9 45 0.0813743

10 45 0.0892651

11 45 0.0968035

12 45 0.10396

13 45 0.110706

14 45 0.117015

15 45 0.122863

16 45 0.128225

17 45 0.133082

18 45 0.137413

19 45 0.141202

20 45 0.144434

21 45 0.147096

22 45 0.149177

23 45 0.150669

24 45 0.151567

25 45 0.151867

26 45 0.151567

27 45 0.150669

28 45 0.149177

29 45 0.147096

30 45 0.144434

31 45 0.141202

32 45 0.137413

33 45 0.133082

34 45 0.128225

35 45 0.122863

36 45 0.117015

37 45 0.110706

38 45 0.10396

39 45 0.0968035

40 45 0.0892651

41 45 0.0813743

42 45 0.0731624

43 45 0.0646617

44 45 0.0559059

45 45 0.0469294

46 45 0.0377677

47 45 0.028457

48 45 0.019034

49 45 0.00953579

50 45 0

0 46 0

1 46 0.00767419

2 46 0.0153181

3 46 0.0229015

4 46 0.0303946

5 46 0.0377677

6 46 0.0449918

7 46 0.0520383

8 46 0.0588794

9 46 0.0654882

10 46 0.0718385

11 46 0.0779053

12 46 0.0836646

13 46 0.0890938

14 46 0.0941713

15 46 0.0988772

16 46 0.103193

17 46 0.107101

18 46 0.110587

19 46 0.113636

20 46 0.116237

21 46 0.118379

22 46 0.120054

23 46 0.121255

24 46 0.121978

25 46 0.122219

26 46 0.121978

27 46 0.121255

28 46 0.120054

29 46 0.118379

30 46 0.116237

31 46 0.113636

32 46 0.110587

33 46 0.107101

34 46 0.103193

35 46 0.0988772

36 46 0.0941713

37 46 0.0890938

38 46 0.0836646

39 46 0.0779053

40 46 0.0718385

41 46 0.0654882

42 46 0.0588794

43 46 0.0520383

44 46 0.0449918

45 46 0.0377677

46 46 0.0303946

47 46 0.0229015

48 46 0.0153181

49 46 0.00767419

50 46 0

0 47 0

1 47 0.0057823

2 47 0.0115418

3 47 0.0172557

4 47 0.0229015

5 47 0.028457

6 47 0.0339001

7 47 0.0392095

8 47 0.0443641

9 47 0.0493436

10 47 0.0541284

11 47 0.0586996

12 47 0.0630391

13 47 0.0671298

14 47 0.0709556

15 47 0.0745014

16 47 0.0777531

17 47 0.080698

18 47 0.0833244

19 47 0.085622

20 47 0.0875816

21 47 0.0891956

22 47 0.0904576

23 47 0.0913626

24 47 0.0919071

25 47 0.0920888

26 47 0.0919071

27 47 0.0913626

28 47 0.0904576

29 47 0.0891956

30 47 0.0875816

31 47 0.085622

32 47 0.0833244

33 47 0.080698

34 47 0.0777531

35 47 0.0745014

36 47 0.0709556

37 47 0.0671298

38 47 0.0630391

39 47 0.0586996

40 47 0.0541284

41 47 0.0493436

42 47 0.0443641

43 47 0.0392095

44 47 0.0339001

45 47 0.028457

46 47 0.0229015

47 47 0.0172557

48 47 0.0115418

49 47 0.0057823

50 47 0

0 48 0

1 48 0.00386759

2 48 0.00771992

3 48 0.0115418

4 48 0.0153181

5 48 0.019034

6 48 0.0226747

7 48 0.0262259

8 48 0.0296737

9 48 0.0330043

10 48 0.0362047

11 48 0.0392622

12 48 0.0421648

13 48 0.044901

14 48 0.0474599

15 48 0.0498315

16 48 0.0520065

17 48 0.0539763

18 48 0.055733

19 48 0.0572697

20 48 0.0585805

21 48 0.05966

22 48 0.0605042

23 48 0.0611095

24 48 0.0614736

25 48 0.0615952

26 48 0.0614736

27 48 0.0611095

28 48 0.0605042

29 48 0.05966

30 48 0.0585805

31 48 0.0572697

32 48 0.055733

33 48 0.0539763

34 48 0.0520065

35 48 0.0498315

36 48 0.0474599

37 48 0.044901

38 48 0.0421648

39 48 0.0392622

40 48 0.0362047

41 48 0.0330043

42 48 0.0296737

43 48 0.0262259

44 48 0.0226747

45 48 0.019034

46 48 0.0153181

47 48 0.0115418

48 48 0.00771992

49 48 0.00386759

50 48 0

0 49 0

1 49 0.00193762

2 49 0.00386759

3 49 0.0057823

4 49 0.00767419

5 49 0.00953579

6 49 0.0113598

7 49 0.0131389

8 49 0.0148662

9 49 0.0165348

10 49 0.0181382

11 49 0.0196699

12 49 0.0211241

13 49 0.0224949

14 49 0.0237769

15 49 0.024965

16 49 0.0260547

17 49 0.0270415

18 49 0.0279216

19 49 0.0286915

20 49 0.0293482

21 49 0.029889

22 49 0.0303119

23 49 0.0306152

24 49 0.0307976

25 49 0.0308585

26 49 0.0307976

27 49 0.0306152

28 49 0.0303119

29 49 0.029889

30 49 0.0293482

31 49 0.0286915

32 49 0.0279216

33 49 0.0270415

34 49 0.0260547

35 49 0.024965

36 49 0.0237769

37 49 0.0224949

38 49 0.0211241

39 49 0.0196699

40 49 0.0181382

41 49 0.0165348

42 49 0.0148662

43 49 0.0131389

44 49 0.0113598

45 49 0.00953579

46 49 0.00767419

47 49 0.0057823

48 49 0.00386759

49 49 0.00193762

50 49 0

