0 1 0

1 1 0.00106351

2 1 0.00212282

3 1 0.00317375

4 1 0.00421216

5 1 0.00523395

6 1 0.00623508

7 1 0.0072116

8 1 0.00815966

9 1 0.00907552

10 1 0.00995556

11 1 0.0107963

12 1 0.0115945

13 1 0.0123468

14 1 0.0130505

15 1 0.0137026

16 1 0.0143007

17 1 0.0148424

18 1 0.0153254

19 1 0.015748

20 1 0.0161084

21 1 0.0164053

22 1 0.0166374

23 1 0.0168038

24 1 0.016904

25 1 0.0169374

26 1 0.016904

27 1 0.0168038

28 1 0.0166374

29 1 0.0164053

30 1 0.0161084

31 1 0.015748

32 1 0.0153254

33 1 0.0148424

34 1 0.0143007

35 1 0.0137026

36 1 0.0130505

37 1 0.0123468

38 1 0.0115945

39 1 0.0107963

40 1 0.00995556

41 1 0.00907552

42 1 0.00815966

43 1 0.0072116

44 1 0.00623508

45 1 0.00523395

46 1 0.00421216

47 1 0.00317375

48 1 0.00212282

49 1 0.00106351

50 1 0

0 2 0

1 2 0.00212282

2 2 0.00423726

3 2 0.00633498

4 2 0.0084077

5 2 0.0104472

6 2 0.0124455

7 2 0.0143947

8 2 0.0162871

9 2 0.0181152

10 2 0.0198718

11 2 0.02155

12 2 0.0231431

13 2 0.0246449

14 2 0.0260495

15 2 0.0273512

16 2 0.028545

17 2 0.0296261

18 2 0.0305904

19 2 0.0314339

20 2 0.0321533

21 2 0.0327458

22 2 0.0332091

23 2 0.0335414

24 2 0.0337413

25 2 0.033808

26 2 0.0337413

27 2 0.0335414

28 2 0.0332091

29 2 0.0327458

30 2 0.0321533

31 2 0.0314339

32 2 0.0305904

33 2 0.0296261

34 2 0.028545

35 2 0.0273512

36 2 0.0260495

37 2 0.0246449

38 2 0.0231431

39 2 0.02155

40 2 0.0198718

41 2 0.0181152

42 2 0.0162871

43 2 0.0143947

44 2 0.0124455

45 2 0.0104472

46 2 0.0084077

47 2 0.00633498

48 2 0.00423726

49 2 0.00212282

50 2 0

0 3 0

1 3 0.00317375

2 3 0.00633498

3 3 0.00947121

4 3 0.0125701

5 3 0.0156193

6 3 0.0186069

7 3 0.0215211

8 3 0.0243503

9 3 0.0270834

10 3 0.0297097

11 3 0.0322187

12 3 0.0346005

13 3 0.0368458

14 3 0.0389457

15 3 0.0408918

16 3 0.0426766

17 3 0.044293

18 3 0.0457346

19 3 0.0469957

20 3 0.0480713

21 3 0.0489571

22 3 0.0496498

23 3 0.0501465

24 3 0.0504454

25 3 0.0505451

26 3 0.0504454

27 3 0.0501465

28 3 0.0496498

29 3 0.0489571

30 3 0.0480713

31 3 0.0469957

32 3 0.0457346

33 3 0.044293

34 3 0.0426766

35 3 0.0408918

36 3 0.0389457

37 3 0.0368458

38 3 0.0346005

39 3 0.0322187

40 3 0.0297097

41 3 0.0270834

42 3 0.0243503

43 3 0.0215211

44 3 0.0186069

45 3 0.0156193

46 3 0.0125701

47 3 0.00947121

48 3 0.00633498

49 3 0.00317375

50 3 0

0 4 0

1 4 0.00421216

2 4 0.0084077

3 4 0.0125701

4 4 0.0166828

5 4 0.0207297

6 4 0.0246948

7 4 0.0285625

8 4 0.0323174

9 4 0.0359447

10 4 0.0394303

11 4 0.0427602

12 4 0.0459213

13 4 0.0489012

14 4 0.0516882

15 4 0.0542711

16 4 0.0566399

17 4 0.0587851

18 4 0.0606983

19 4 0.062372

20 4 0.0637995

21 4 0.0649752

22 4 0.0658945

23 4 0.0665538

24 4 0.0669504

25 4 0.0670828

26 4 0.0669504

27 4 0.0665538

28 4 0.0658945

29 4 0.0649752

30 4 0.0637995

31 4 0.062372

32 4 0.0606983

33 4 0.0587851

34 4 0.0566399

35 4 0.0542711

36 4 0.0516882

37 4 0.0489012

38 4 0.0459213

39 4 0.0427602

40 4 0.0394303

41 4 0.0359447

42 4 0.0323174

43 4 0.0285625

44 4 0.0246948

45 4 0.0207297

46 4 0.0166828

47 4 0.0125701

48 4 0.0084077

49 4 0.00421216

50 4 0

0 5 0

1 5 0.00523395

2 5 0.0104472

3 5 0.0156193

4 5 0.0207297

5 5 0.0257583

6 5 0.0306853

7 5 0.0354911

8 5 0.0401569

9 5 0.0446642

10 5 0.0489952

11 5 0.0531329

12 5 0.0570609

13 5 0.0607637

14 5 0.0642267

15 5 0.0674362

16 5 0.0703795

17 5 0.0730451

18 5 0.0754225

19 5 0.0775022

20 5 0.079276

21 5 0.0807369

22 5 0.0818792

23 5 0.0826984

24 5 0.0831912

25 5 0.0833557

26 5 0.0831912

27 5 0.0826984

28 5 0.0818792

29 5 0.0807369

30 5 0.079276

31 5 0.0775022

32 5 0.0754225

33 5 0.0730451

34 5 0.0703795

35 5 0.0674362

36 5 0.0642267

37 5 0.0607637

38 5 0.0570609

39 5 0.0531329

40 5 0.0489952

41 5 0.0446642

42 5 0.0401569

43 5 0.0354911

44 5 0.0306853

45 5 0.0257583

46 5 0.0207297

47 5 0.0156193

48 5 0.0104472

49 5 0.00523395

50 5 0

0 6 0

1 6 0.00623508

2 6 0.0124455

3 6 0.0186069

4 6 0.0246948

5 6 0.0306853

6 6 0.0365546

7 6 0.0422797

8 6 0.047838

9 6 0.0532074

10 6 0.0583669

11 6 0.063296

12 6 0.0679753

13 6 0.0723863

14 6 0.0765117

15 6 0.0803351

16 6 0.0838414

17 6 0.0870169

18 6 0.089849

19 6 0.0923265

20 6 0.0944396

21 6 0.0961799

22 6 0.0975408

23 6 0.0985166

24 6 0.0991037

25 6 0.0992996

26 6 0.0991037

27 6 0.0985166

28 6 0.0975408

29 6 0.0961799

30 6 0.0944396

31 6 0.0923265

32 6 0.089849

33 6 0.0870169

34 6 0.0838414

35 6 0.0803351

36 6 0.0765117

37 6 0.0723863

38 6 0.0679753

39 6 0.063296

40 6 0.0583669

41 6 0.0532074

42 6 0.047838

43 6 0.0422797

44 6 0.0365546

45 6 0.0306853

46 6 0.0246948

47 6 0.0186069

48 6 0.0124455

49 6 0.00623508

50 6 0

0 7 0

1 7 0.0072116

2 7 0.0143947

3 7 0.0215211

4 7 0.0285625

5 7 0.0354911

6 7 0.0422797

7 7 0.0489015

8 7 0.0553302

9 7 0.0615406

10 7 0.0675081

11 7 0.0732092

12 7 0.0786214

13 7 0.0837233

14 7 0.0884947

15 7 0.092917

16 7 0.0969725

17 7 0.100645

18 7 0.103921

19 7 0.106786

20 7 0.10923

21 7 0.111243

22 7 0.112817

23 7 0.113946

24 7 0.114625

25 7 0.114852

26 7 0.114625

27 7 0.113946

28 7 0.112817

29 7 0.111243

30 7 0.10923

31 7 0.106786

32 7 0.103921

33 7 0.100645

34 7 0.0969725

35 7 0.092917

36 7 0.0884947

37 7 0.0837233

38 7 0.0786214

39 7 0.0732092

40 7 0.0675081

41 7 0.0615406

42 7 0.0553302

43 7 0.0489015

44 7 0.0422797

45 7 0.0354911

46 7 0.0285625

47 7 0.0215211

48 7 0.0143947

49 7 0.0072116

50 7 0

0 8 0

1 8 0.00815966

2 8 0.0162871

3 8 0.0243503

4 8 0.0323174

5 8 0.0401569

6 8 0.047838

7 8 0.0553302

8 8 0.0626041

9 8 0.0696309

10 8 0.076383

11 8 0.0828335

12 8 0.0889572

13 8 0.0947298

14 8 0.100129

15 8 0.105132

16 8 0.109721

17 8 0.113876

18 8 0.117583

19 8 0.120825

20 8 0.12359

21 8 0.125868

22 8 0.127649

23 8 0.128926

24 8 0.129694

25 8 0.12995

26 8 0.129694

27 8 0.128926

28 8 0.127649

29 8 0.125868

30 8 0.12359

31 8 0.120825

32 8 0.117583

33 8 0.113876

34 8 0.109721

35 8 0.105132

36 8 0.100129

37 8 0.0947298

38 8 0.0889572

39 8 0.0828335

40 8 0.076383

41 8 0.0696309

42 8 0.0626041

43 8 0.0553302

44 8 0.047838

45 8 0.0401569

46 8 0.0323174

47 8 0.0243503

48 8 0.0162871

49 8 0.00815966

50 8 0

0 9 0

1 9 0.00907552

2 9 0.0181152

3 9 0.0270834

4 9 0.0359447

5 9 0.0446642

6 9 0.0532074

7 9 0.0615406

8 9 0.0696309

9 9 0.0774465

10 9 0.0849564

11 9 0.092131

12 9 0.098942

13 9 0.105363

14 9 0.111367

15 9 0.116932

16 9 0.122036

17 9 0.126658

18 9 0.13078

19 9 0.134387

20 9 0.137462

21 9 0.139996

22 9 0.141976

23 9 0.143397

24 9 0.144251

25 9 0.144536

26 9 0.144251

27 9 0.143397

28 9 0.141976

29 9 0.139996

30 9 0.137462

31 9 0.134387

32 9 0.13078

33 9 0.126658

34 9 0.122036

35 9 0.116932

36 9 0.111367

37 9 0.105363

38 9 0.098942

39 9 0.092131

40 9 0.0849564

41 9 0.0774465

42 9 0.0696309

43 9 0.0615406

44 9 0.0532074

45 9 0.0446642

46 9 0.0359447

47 9 0.0270834

48 9 0.0181152

49 9 0.00907552

50 9 0

0 10 0

1 10 0.00995556

2 10 0.0198718

3 10 0.0297097

4 10 0.0394303

5 10 0.0489952

6 10 0.0583669

7 10 0.0675081

8 10 0.076383

9 10 0.0849564

10 10 0.0931945

11 10 0.101065

12 10 0.108536

13 10 0.115579

14 10 0.122166

15 10 0.128271

16 10 0.13387

17 10 0.13894

18 10 0.143462

19 10 0.147418

20 10 0.150792

21 10 0.153571

22 10 0.155744

23 10 0.157302

24 10 0.158239

25 10 0.158552

26 10 0.158239

27 10 0.157302

28 10 0.155744

29 10 0.153571

30 10 0.150792

31 10 0.147418

32 10 0.143462

33 10 0.13894

34 10 0.13387

35 10 0.128271

36 10 0.122166

37 10 0.115579

38 10 0.108536

39 10 0.101065

40 10 0.0931945

41 10 0.0849564

42 10 0.076383

43 10 0.0675081

44 10 0.0583669

45 10 0.0489952

46 10 0.0394303

47 10 0.0297097

48 10 0.0198718

49 10 0.00995556

50 10 0

0 11 0

1 11 0.0107963

2 11 0.02155

3 11 0.0322187

4 11 0.0427602

5 11 0.0531329

6 11 0.063296

7 11 0.0732092

8 11 0.0828335

9 11 0.092131

10 11 0.101065

11 11 0.1096

12 11 0.117702

13 11 0.12534

14 11 0.132483

15 11 0.139104

16 11 0.145175

17 11 0.150674

18 11 0.155578

19 11 0.159867

20 11 0.163526

21 11 0.16654

22 11 0.168896

23 11 0.170586

24 11 0.171602

25 11 0.171942

26 11 0.171602

27 11 0.170586

28 11 0.168896

29 11 0.16654

30 11 0.163526

31 11 0.159867

32 11 0.155578

33 11 0.150674

34 11 0.145175

35 11 0.139104

36 11 0.132483

37 11 0.12534

38 11 0.117702

39 11 0.1096

40 11 0.101065

41 11 0.092131

42 11 0.0828335

43 11 0.0732092

44 11 0.063296

45 11 0.0531329

46 11 0.0427602

47 11 0.0322187

48 11 0.02155

49 11 0.0107963

50 11 0

0 12 0

1 12 0.0115945

2 12 0.0231431

3 12 0.0346005

4 12 0.0459213

5 12 0.0570609

6 12 0.0679753

7 12 0.0786214

8 12 0.0889572

9 12 0.098942

10 12 0.108536

11 12 0.117702

12 12 0.126404

13 12 0.134606

14 12 0.142278

15 12 0.149387

16 12 0.155908

17 12 0.161813

18 12 0.167079

19 12 0.171686

20 12 0.175615

21 12 0.178852

22 12 0.181382

23 12 0.183197

24 12 0.184289

25 12 0.184653

26 12 0.184289

27 12 0.183197

28 12 0.181382

29 12 0.178852

30 12 0.175615

31 12 0.171686

32 12 0.167079

33 12 0.161813

34 12 0.155908

35 12 0.149387

36 12 0.142278

37 12 0.134606

38 12 0.126404

39 12 0.117702

40 12 0.108536

41 12 0.098942

42 12 0.0889572

43 12 0.0786214

44 12 0.0679753

45 12 0.0570609

46 12 0.0459213

47 12 0.0346005

48 12 0.0231431

49 12 0.0115945

50 12 0

0 13 0

1 13 0.0123468

2 13 0.0246449

3 13 0.0368458

4 13 0.0489012

5 13 0.0607637

6 13 0.0723863

7 13 0.0837233

8 13 0.0947298

9 13 0.105363

10 13 0.115579

11 13 0.12534

12 13 0.134606

13 13 0.143341

14 13 0.15151

15 13 0.159081

16 13 0.166025

17 13 0.172313

18 13 0.177921

19 13 0.182827

20 13 0.187011

21 13 0.190458

22 13 0.193152

23 13 0.195085

24 13 0.196247

25 13 0.196635

26 13 0.196247

27 13 0.195085

28 13 0.193152

29 13 0.190458

30 13 0.187011

31 13 0.182827

32 13 0.177921

33 13 0.172313

34 13 0.166025

35 13 0.159081

36 13 0.15151

37 13 0.143341

38 13 0.134606

39 13 0.12534

40 13 0.115579

41 13 0.105363

42 13 0.0947298

43 13 0.0837233

44 13 0.0723863

45 13 0.0607637

46 13 0.0489012

47 13 0.0368458

48 13 0.0246449

49 13 0.0123468

50 13 0

0 14 0

1 14 0.0130505

2 14 0.0260495

3 14 0.0389457

4 14 0.0516882

5 14 0.0642267

6 14 0.0765117

7 14 0.0884947

8 14 0.100129

9 14 0.111367

10 14 0.122166

11 14 0.132483

12 14 0.142278

13 14 0.15151

14 14 0.160145

15 14 0.168148

16 14 0.175487

17 14 0.182133

18 14 0.188061

19 14 0.193246

20 14 0.197669

21 14 0.201312

22 14 0.20416

23 14 0.206203

24 14 0.207432

25 14 0.207842

26 14 0.207432

27 14 0.206203

28 14 0.20416

29 14 0.201312

30 14 0.197669

31 14 0.193246

32 14 0.188061

33 14 0.182133

34 14 0.175487

35 14 0.168148

36 14 0.160145

37 14 0.15151

38 14 0.142278

39 14 0.132483

40 14 0.122166

41 14 0.111367

42 14 0.100129

43 14 0.0884947

44 14 0.0765117

45 14 0.0642267

46 14 0.0516882

47 14 0.0389457

48 14 0.0260495

49 14 0.0130505

50 14 0

0 15 0

1 15 0.0137026

2 15 0.0273512

3 15 0.0408918

4 15 0.0542711

5 15 0.0674362

6 15 0.0803351

7 15 0.092917

8 15 0.105132

9 15 0.116932

10 15 0.128271

11 15 0.139104

12 15 0.149387

13 15 0.159081

14 15 0.168148

15 15 0.17655

16 15 0.184256

17 15 0.191235

18 15 0.197459

19 15 0.202903

20 15 0.207547

21 15 0.211372

22 15 0.214363

23 15 0.216507

24 15 0.217797

25 15 0.218228

26 15 0.217797

27 15 0.216507

28 15 0.214363

29 15 0.211372

30 15 0.207547

31 15 0.202903

32 15 0.197459

33 15 0.191235

34 15 0.184256

35 15 0.17655

36 15 0.168148

37 15 0.159081

38 15 0.149387

39 15 0.139104

40 15 0.128271

41 15 0.116932

42 15 0.105132

43 15 0.092917

44 15 0.0803351

45 15 0.0674362

46 15 0.0542711

47 15 0.0408918

48 15 0.0273512

49 15 0.0137026

50 15 0

0 16 0

1 16 0.0143007

2 16 0.028545

3 16 0.0426766

4 16 0.0566399

5 16 0.0703795

6 16 0.0838414

7 16 0.0969725

8 16 0.109721

9 16 0.122036

10 16 0.13387

11 16 0.145175

12 16 0.155908

13 16 0.166025

14 16 0.175487

15 16 0.184256

16 16 0.192298

17 16 0.199581

18 16 0.206077

19 16 0.211759

20 16 0.216606

21 16 0.220598

22 16 0.223719

23 16 0.225957

24 16 0.227304

25 16 0.227753

26 16 0.227304

27 16 0.225957

28 16 0.223719

29 16 0.220598

30 16 0.216606

31 16 0.211759

32 16 0.206077

33 16 0.199581

34 16 0.192298

35 16 0.184256

36 16 0.175487

37 16 0.166025

38 16 0.155908

39 16 0.145175

40 16 0.13387

41 16 0.122036

42 16 0.109721

43 16 0.0969725

44 16 0.0838414

45 16 0.0703795

46 16 0.0566399

47 16 0.0426766

48 16 0.028545

49 16 0.0143007

50 16 0

0 17 0

1 17 0.0148424

2 17 0.0296261

3 17 0.044293

4 17 0.0587851

5 17 0.0730451

6 17 0.0870169

7 17 0.100645

8 17 0.113876

9 17 0.126658

10 17 0.13894

11 17 0.150674

12 17 0.161813

13 17 0.172313

14 17 0.182133

15 17 0.191235

16 17 0.199581

17 17 0.207141

18 17 0.213882

19 17 0.21978

20 17 0.22481

21 17 0.228953

22 17 0.232192

23 17 0.234515

24 17 0.235913

25 17 0.236379

26 17 0.235913

27 17 0.234515

28 17 0.232192

29 17 0.228953

30 17 0.22481

31 17 0.21978

32 17 0.213882

33 17 0.207141

34 17 0.199581

35 17 0.191235

36 17 0.182133

37 17 0.172313

38 17 0.161813

39 17 0.150674

40 17 0.13894

41 17 0.126658

42 17 0.113876

43 17 0.100645

44 17 0.0870169

45 17 0.0730451

46 17 0.0587851

47 17 0.044293

48 17 0.0296261

49 17 0.0148424

50 17 0

0 18 0

1 18 0.0153254

2 18 0.0305904

3 18 0.0457346

4 18 0.0606983

5 18 0.0754225

6 18 0.089849

7 18 0.103921

8 18 0.117583

9 18 0.13078

10 18 0.143462

11 18 0.155578

12 18 0.167079

13 18 0.177921

14 18 0.188061

15 18 0.197459

16 18 0.206077

17 18 0.213882

18 18 0.220843

19 18 0.226933

20 18 0.232127

21 18 0.236404

22 18 0.239749

23 18 0.242148

24 18 0.243591

25 18 0.244072

26 18 0.243591

27 18 0.242148

28 18 0.239749

29 18 0.236404

30 18 0.232127

31 18 0.226933

32 18 0.220843

33 18 0.213882

34 18 0.206077

35 18 0.197459

36 18 0.188061

37 18 0.177921

38 18 0.167079

39 18 0.155578

40 18 0.143462

41 18 0.13078

42 18 0.117583

43 18 0.103921

44 18 0.089849

45 18 0.0754225

46 18 0.0606983

47 18 0.0457346

48 18 0.0305904

49 18 0.0153254

50 18 0

0 19 0

1 19 0.015748

2 19 0.0314339

3 19 0.0469957

4 19 0.062372

5 19 0.0775022

6 19 0.0923265

7 19 0.106786

8 19 0.120825

9 19 0.134387

10 19 0.147418

11 19 0.159867

12 19 0.171686

13 19 0.182827

14 19 0.193246

15 19 0.202903

16 19 0.211759

17 19 0.21978

18 19 0.226933

19 19 0.23319

20 19 0.238527

21 19 0.242923

22 19 0.24636

23 19 0.248825

24 19 0.250307

25 19 0.250802

26 19 0.250307

27 19 0.248825

28 19 0.24636

29 19 0.242923

30 19 0.238527

31 19 0.23319

32 19 0.226933

33 19 0.21978

34 19 0.211759

35 19 0.202903

36 19 0.193246

37 19 0.182827

38 19 0.171686

39 19 0.159867

40 19 0.147418

41 19 0.134387

42 19 0.120825

43 19 0.106786

44 19 0.0923265

45 19 0.0775022

46 19 0.062372

47 19 0.0469957

48 19 0.0314339

49 19 0.015748

50 19 0

0 20 0

1 20 0.0161084

2 20 0.0321533

3 20 0.0480713

4 20 0.0637995

5 20 0.079276

6 20 0.0944396

7 20 0.10923

8 20 0.12359

9 20 0.137462

10 20 0.150792

11 20 0.163526

12 20 0.175615

13 20 0.187011

14 20 0.197669

15 20 0.207547

16 20 0.216606

17 20 0.22481

18 20 0.232127

19 20 0.238527

20 20 0.243986

21 20 0.248483

22 20 0.251998

23 20 0.254519

24 20 0.256036

25 20 0.256542

26 20 0.256036

27 20 0.254519

28 20 0.251998

29 20 0.248483

30 20 0.243986

31 20 0.238527

32 20 0.232127

33 20 0.22481

34 20 0.216606

35 20 0.207547

36 20 0.197669

37 20 0.187011

38 20 0.175615

39 20 0.163526

40 20 0.150792

41 20 0.137462

42 20 0.12359

43 20 0.10923

44 20 0.0944396

45 20 0.079276

46 20 0.0637995

47 20 0.0480713

48 20 0.0321533

49 20 0.0161084

50 20 0

0 21 0

1 21 0.0164053

2 21 0.0327458

3 21 0.0489571

4 21 0.0649752

5 21 0.0807369

6 21 0.0961799

7 21 0.111243

8 21 0.125868

9 21 0.139996

10 21 0.153571

11 21 0.16654

12 21 0.178852

13 21 0.190458

14 21 0.201312

15 21 0.211372

16 21 0.220598

17 21 0.228953

18 21 0.236404

19 21 0.242923

20 21 0.248483

21 21 0.253062

22 21 0.256642

23 21 0.25921

24 21 0.260755

25 21 0.26127

26 21 0.260755

27 21 0.25921

28 21 0.256642

29 21 0.253062

30 21 0.248483

31 21 0.242923

32 21 0.236404

33 21 0.228953

34 21 0.220598

35 21 0.211372

36 21 0.201312

37 21 0.190458

38 21 0.178852

39 21 0.16654

40 21 0.153571

41 21 0.139996

42 21 0.125868

43 21 0.111243

44 21 0.0961799

45 21 0.0807369

46 21 0.0649752

47 21 0.0489571

48 21 0.0327458

49 21 0.0164053

50 21 0

0 22 0

1 22 0.0166374

2 22 0.0332091

3 22 0.0496498

4 22 0.0658945

5 22 0.0818792

6 22 0.0975408

7 22 0.112817

8 22 0.127649

9 22 0.141976

10 22 0.155744

11 22 0.168896

12 22 0.181382

13 22 0.193152

14 22 0.20416

15 22 0.214363

16 22 0.223719

17 22 0.232192

18 22 0.239749

19 22 0.24636

20 22 0.251998

21 22 0.256642

22 22 0.260273

23 22 0.262877

24 22 0.264444

25 22 0.264967

26 22 0.264444

27 22 0.262877

28 22 0.260273

29 22 0.256642

30 22 0.251998

31 22 0.24636

32 22 0.239749

33 22 0.232192

34 22 0.223719

35 22 0.214363

36 22 0.20416

37 22 0.193152

38 22 0.181382

39 22 0.168896

40 22 0.155744

41 22 0.141976

42 22 0.127649

43 22 0.112817

44 22 0.0975408

45 22 0.0818792

46 22 0.0658945

47 22 0.0496498

48 22 0.0332091

49 22 0.0166374

50 22 0

0 23 0

1 23 0.0168038

2 23 0.0335414

3 23 0.0501465

4 23 0.0665538

5 23 0.0826984

6 23 0.0985166

7 23 0.113946

8 23 0.128926

9 23 0.143397

10 23 0.157302

11 23 0.170586

12 23 0.183197

13 23 0.195085

14 23 0.206203

15 23 0.216507

16 23 0.225957

17 23 0.234515

18 23 0.242148

19 23 0.248825

20 23 0.254519

21 23 0.25921

22 23 0.262877

23 23 0.265507

24 23 0.26709

25 23 0.267618

26 23 0.26709

27 23 0.265507

28 23 0.262877

29 23 0.25921

30 23 0.254519

31 23 0.248825

32 23 0.242148

33 23 0.234515

34 23 0.225957

35 23 0.216507

36 23 0.206203

37 23 0.195085

38 23 0.183197

39 23 0.170586

40 23 0.157302

41 23 0.143397

42 23 0.128926

43 23 0.113946

44 23 0.0985166

45 23 0.0826984

46 23 0.0665538

47 23 0.0501465

48 23 0.0335414

49 23 0.0168038

50 23 0

0 24 0

1 24 0.016904

2 24 0.0337413

3 24 0.0504454

4 24 0.0669504

5 24 0.0831912

6 24 0.0991037

7 24 0.114625

8 24 0.129694

9 24 0.144251

10 24 0.158239

11 24 0.171602

12 24 0.184289

13 24 0.196247

14 24 0.207432

15 24 0.217797

16 24 0.227304

17 24 0.235913

18 24 0.243591

19 24 0.250307

20 24 0.256036

21 24 0.260755

22 24 0.264444

23 24 0.26709

24 24 0.268681

25 24 0.269212

26 24 0.268681

27 24 0.26709

28 24 0.264444

29 24 0.260755

30 24 0.256036

31 24 0.250307

32 24 0.243591

33 24 0.235913

34 24 0.227304

35 24 0.217797

36 24 0.207432

37 24 0.196247

38 24 0.184289

39 24 0.171602

40 24 0.158239

41 24 0.144251

42 24 0.129694

43 24 0.114625

44 24 0.0991037

45 24 0.0831912

46 24 0.0669504

47 24 0.0504454

48 24 0.0337413

49 24 0.016904

50 24 0

0 25 0

1 25 0.0169374

2 25 0.033808

3 25 0.0505451

4 25 0.0670828

5 25 0.0833557

6 25 0.0992996

7 25 0.114852

8 25 0.12995

9 25 0.144536

10 25 0.158552

11 25 0.171942

12 25 0.184653

13 25 0.196635

14 25 0.207842

15 25 0.218228

16 25 0.227753

17 25 0.236379

18 25 0.244072

19 25 0.250802

20 25 0.256542

21 25 0.26127

22 25 0.264967

23 25 0.267618

24 25 0.269212

25 25 0.269745

26 25 0.269212

27 25 0.267618

28 25 0.264967

29 25 0.26127

30 25 0.256542

31 25 0.250802

32 25 0.244072

33 25 0.236379

34 25 0.227753

35 25 0.218228

36 25 0.207842

37 25 0.196635

38 25 0.184653

39 25 0.171942

40 25 0.158552

41 25 0.144536

42 25 0.12995

43 25 0.114852

44 25 0.0992996

45 25 0.0833557

46 25 0.0670828

47 25 0.0505451

48 25 0.033808

49 25 0.0169374

50 25 0

0 26 0

1 26 0.016904

2 26 0.0337413

3 26 0.0504454

4 26 0.0669504

5 26 0.0831912

6 26 0.0991037

7 26 0.114625

8 26 0.129694

9 26 0.144251

10 26 0.158239

11 26 0.171602

12 26 0.184289

13 26 0.196247

14 26 0.207432

15 26 0.217797

16 26 0.227304

17 26 0.235913

18 26 0.243591

19 26 0.250307

20 26 0.256036

21 26 0.260755

22 26 0.264444

23 26 0.26709

24 26 0.268681

25 26 0.269212

26 26 0.268681

27 26 0.26709

28 26 0.264444

29 26 0.260755

30 26 0.256036

31 26 0.250307

32 26 0.243591

33 26 0.235913

34 26 0.227304

35 26 0.217797

36 26 0.207432

37 26 0.196247

38 26 0.184289

39 26 0.171602

40 26 0.158239

41 26 0.144251

42 26 0.129694

43 26 0.114625

44 26 0.0991037

45 26 0.0831912

46 26 0.0669504

47 26 0.0504454

48 26 0.0337413

49 26 0.016904

50 26 0

0 27 0

1 27 0.0168038

2 27 0.0335414

3 27 0.0501465

4 27 0.0665538

5 27 0.0826984

6 27 0.0985166

7 27 0.113946

8 27 0.128926

9 27 0.143397

10 27 0.157302

11 27 0.170586

12 27 0.183197

13 27 0.195085

14 27 0.206203

15 27 0.216507

16 27 0.225957

17 27 0.234515

18 27 0.242148

19 27 0.248825

20 27 0.254519

21 27 0.25921

22 27 0.262877

23 27 0.265507

24 27 0.26709

25 27 0.267618

26 27 0.26709

27 27 0.265507

28 27 0.262877

29 27 0.25921

30 27 0.254519

31 27 0.248825

32 27 0.242148

33 27 0.234515

34 27 0.225957

35 27 0.216507

36 27 0.206203

37 27 0.195085

38 27 0.183197

39 27 0.170586

40 27 0.157302

41 27 0.143397

42 27 0.128926

43 27 0.113946

44 27 0.0985166

45 27 0.0826984

46 27 0.0665538

47 27 0.0501465

48 27 0.0335414

49 27 0.0168038

50 27 0

0 28 0

1 28 0.0166374

2 28 0.0332091

3 28 0.0496498

4 28 0.0658945

5 28 0.0818792

6 28 0.0975408

7 28 0.112817

8 28 0.127649

9 28 0.141976

10 28 0.155744

11 28 0.168896

12 28 0.181382

13 28 0.193152

14 28 0.20416

15 28 0.214363

16 28 0.223719

17 28 0.232192

18 28 0.239749

19 28 0.24636

20 28 0.251998

21 28 0.256642

22 28 0.260273

23 28 0.262877

24 28 0.264444

25 28 0.264967

26 28 0.264444

27 28 0.262877

28 28 0.260273

29 28 0.256642

30 28 0.251998

31 28 0.24636

32 28 0.239749

33 28 0.232192

34 28 0.223719

35 28 0.214363

36 28 0.20416

37 28 0.193152

38 28 0.181382

39 28 0.168896

40 28 0.155744

41 28 0.141976

42 28 0.127649

43 28 0.112817

44 28 0.0975408

45 28 0.0818792

46 28 0.0658945

47 28 0.0496498

48 28 0.0332091

49 28 0.0166374

50 28 0

0 29 0

1 29 0.0164053

2 29 0.0327458

3 29 0.0489571

4 29 0.0649752

5 29 0.0807369

6 29 0.0961799

7 29 0.111243

8 29 0.125868

9 29 0.139996

10 29 0.153571

11 29 0.16654

12 29 0.178852

13 29 0.190458

14 29 0.201312

15 29 0.211372

16 29 0.220598

17 29 0.228953

18 29 0.236404

19 29 0.242923

20 29 0.248483

21 29 0.253062

22 29 0.256642

23 29 0.25921

24 29 0.260755

25 29 0.26127

26 29 0.260755

27 29 0.25921

28 29 0.256642

29 29 0.253062

30 29 0.248483

31 29 0.242923

32 29 0.236404

33 29 0.228953

34 29 0.220598

35 29 0.211372

36 29 0.201312

37 29 0.190458

38 29 0.178852

39 29 0.16654

40 29 0.153571

41 29 0.139996

42 29 0.125868

43 29 0.111243

44 29 0.0961799

45 29 0.0807369

46 29 0.0649752

47 29 0.0489571

48 29 0.0327458

49 29 0.0164053

50 29 0

0 30 0

1 30 0.0161084

2 30 0.0321533

3 30 0.0480713

4 30 0.0637995

5 30 0.079276

6 30 0.0944396

7 30 0.10923

8 30 0.12359

9 30 0.137462

10 30 0.150792

11 30 0.163526

12 30 0.175615

13 30 0.187011

14 30 0.197669

15 30 0.207547

16 30 0.216606

17 30 0.22481

18 30 0.232127

19 30 0.238527

20 30 0.243986

21 30 0.248483

22 30 0.251998

23 30 0.254519

24 30 0.256036

25 30 0.256542

26 30 0.256036

27 30 0.254519

28 30 0.251998

29 30 0.248483

30 30 0.243986

31 30 0.238527

32 30 0.232127

33 30 0.22481

34 30 0.216606

35 30 0.207547

36 30 0.197669

37 30 0.187011

38 30 0.175615

39 30 0.163526

40 30 0.150792

41 30 0.137462

42 30 0.12359

43 30 0.10923

44 30 0.0944396

45 30 0.079276

46 30 0.0637995

47 30 0.0480713

48 30 0.0321533

49 30 0.0161084

50 30 0

0 31 0

1 31 0.015748

2 31 0.0314339

3 31 0.0469957

4 31 0.062372

5 31 0.0775022

6 31 0.0923265

7 31 0.106786

8 31 0.120825

9 31 0.134387

10 31 0.147418

11 31 0.159867

12 31 0.171686

13 31 0.182827

14 31 0.193246

15 31 0.202903

16 31 0.211759

17 31 0.21978

18 31 0.226933

19 31 0.23319

20 31 0.238527

21 31 0.242923

22 31 0.24636

23 31 0.248825

24 31 0.250307

25 31 0.250802

26 31 0.250307

27 31 0.248825

28 31 0.24636

29 31 0.242923

30 31 0.238527

31 31 0.23319

32 31 0.226933

33 31 0.21978

34 31 0.211759

35 31 0.202903

36 31 0.193246

37 31 0.182827

38 31 0.171686

39 31 0.159867

40 31 0.147418

41 31 0.134387

42 31 0.120825

43 31 0.106786

44 31 0.0923265

45 31 0.0775022

46 31 0.062372

47 31 0.0469957

48 31 0.0314339

49 31 0.015748

50 31 0

0 32 0

1 32 0.0153254

2 32 0.0305904

3 32 0.0457346

4 32 0.0606983

5 32 0.0754225

6 32 0.089849

7 32 0.103921

8 32 0.117583

9 32 0.13078

10 32 0.143462

11 32 0.155578

12 32 0.167079

13 32 0.177921

14 32 0.188061

15 32 0.197459

16 32 0.206077

17 32 0.213882

18 32 0.220843

19 32 0.226933

20 32 0.232127

21 32 0.236404

22 32 0.239749

23 32 0.242148

24 32 0.243591

25 32 0.244072

26 32 0.243591

27 32 0.242148

28 32 0.239749

29 32 0.236404

30 32 0.232127

31 32 0.226933

32 32 0.220843

33 32 0.213882

34 32 0.206077

35 32 0.197459

36 32 0.188061

37 32 0.177921

38 32 0.167079

39 32 0.155578

40 32 0.143462

41 32 0.13078

42 32 0.117583

43 32 0.103921

44 32 0.089849

45 32 0.0754225

46 32 0.0606983

47 32 0.0457346

48 32 0.0305904

49 32 0.0153254

50 32 0

0 33 0

1 33 0.0148424

2 33 0.0296261

3 33 0.044293

4 33 0.0587851

5 33 0.0730451

6 33 0.0870169

7 33 0.100645

8 33 0.113876

9 33 0.126658

10 33 0.13894

11 33 0.150674

12 33 0.161813

13 33 0.172313

14 33 0.182133

15 33 0.191235

16 33 0.199581

17 33 0.207141

18 33 0.213882

19 33 0.21978

20 33 0.22481

21 33 0.228953

22 33 0.232192

23 33 0.234515

24 33 0.235913

25 33 0.236379

26 33 0.235913

27 33 0.234515

28 33 0.232192

29 33 0.228953

30 33 0.22481

31 33 0.21978

32 33 0.213882

33 33 0.207141

34 33 0.199581

35 33 0.191235

36 33 0.182133

37 33 0.172313

38 33 0.161813

39 33 0.150674

40 33 0.13894

41 33 0.126658

42 33 0.113876

43 33 0.100645

44 33 0.0870169

45 33 0.0730451

46 33 0.0587851

47 33 0.044293

48 33 0.0296261

49 33 0.0148424

50 33 0

0 34 0

1 34 0.0143007

2 34 0.028545

3 34 0.0426766

4 34 0.0566399

5 34 0.0703795

6 34 0.0838414

7 34 0.0969725

8 34 0.109721

9 34 0.122036

10 34 0.13387

11 34 0.145175

12 34 0.155908

13 34 0.166025

14 34 0.175487

15 34 0.184256

16 34 0.192298

17 34 0.199581

18 34 0.206077

19 34 0.211759

20 34 0.216606

21 34 0.220598

22 34 0.223719

23 34 0.225957

24 34 0.227304

25 34 0.227753

26 34 0.227304

27 34 0.225957

28 34 0.223719

29 34 0.220598

30 34 0.216606

31 34 0.211759

32 34 0.206077

33 34 0.199581

34 34 0.192298

35 34 0.184256

36 34 0.175487

37 34 0.166025

38 34 0.155908

39 34 0.145175

40 34 0.13387

41 34 0.122036

42 34 0.109721

43 34 0.0969725

44 34 0.0838414

45 34 0.0703795

46 34 0.0566399

47 34 0.0426766

48 34 0.028545

49 34 0.0143007

50 34 0

0 35 0

1 35 0.0137026

2 35 0.0273512

3 35 0.0408918

4 35 0.0542711

5 35 0.0674362

6 35 0.0803351

7 35 0.092917

8 35 0.105132

9 35 0.116932

10 35 0.128271

11 35 0.139104

12 35 0.149387

13 35 0.159081

14 35 0.168148

15 35 0.17655

16 35 0.184256

17 35 0.191235

18 35 0.197459

19 35 0.202903

20 35 0.207547

21 35 0.211372

22 35 0.214363

23 35 0.216507

24 35 0.217797

25 35 0.218228

26 35 0.217797

27 35 0.216507

28 35 0.214363

29 35 0.211372

30 35 0.207547

31 35 0.202903

32 35 0.197459

33 35 0.191235

34 35 0.184256

35 35 0.17655

36 35 0.168148

37 35 0.159081

38 35 0.149387

39 35 0.139104

40 35 0.128271

41 35 0.116932

42 35 0.105132

43 35 0.092917

44 35 0.0803351

45 35 0.0674362

46 35 0.0542711

47 35 0.0408918

48 35 0.0273512

49 35 0.0137026

50 35 0

0 36 0

1 36 0.0130505

2 36 0.0260495

3 36 0.0389457

4 36 0.0516882

5 36 0.0642267

6 36 0.0765117

7 36 0.0884947

8 36 0.100129

9 36 0.111367

10 36 0.122166

11 36 0.132483

12 36 0.142278

13 36 0.15151

14 36 0.160145

15 36 0.168148

16 36 0.175487

17 36 0.182133

18 36 0.188061

19 36 0.193246

20 36 0.197669

21 36 0.201312

22 36 0.20416

23 36 0.206203

24 36 0.207432

25 36 0.207842

26 36 0.207432

27 36 0.206203

28 36 0.20416

29 36 0.201312

30 36 0.197669

31 36 0.193246

32 36 0.188061

33 36 0.182133

34 36 0.175487

35 36 0.168148

36 36 0.160145

37 36 0.15151

38 36 0.142278

39 36 0.132483

40 36 0.122166

41 36 0.111367

42 36 0.100129

43 36 0.0884947

44 36 0.0765117

45 36 0.0642267

46 36 0.0516882

47 36 0.0389457

48 36 0.0260495

49 36 0.0130505

50 36 0

0 37 0

1 37 0.0123468

2 37 0.0246449

3 37 0.0368458

4 37 0.0489012

5 37 0.0607637

6 37 0.0723863

7 37 0.0837233

8 37 0.0947298

9 37 0.105363

10 37 0.115579

11 37 0.12534

12 37 0.134606

13 37 0.143341

14 37 0.15151

15 37 0.159081

16 37 0.166025

17 37 0.172313

18 37 0.177921

19 37 0.182827

20 37 0.187011

21 37 0.190458

22 37 0.193152

23 37 0.195085

24 37 0.196247

25 37 0.196635

26 37 0.196247

27 37 0.195085

28 37 0.193152

29 37 0.190458

30 37 0.187011

31 37 0.182827

32 37 0.177921

33 37 0.172313

34 37 0.166025

35 37 0.159081

36 37 0.15151

37 37 0.143341

38 37 0.134606

39 37 0.12534

40 37 0.115579

41 37 0.105363

42 37 0.0947298

43 37 0.0837233

44 37 0.0723863

45 37 0.0607637

46 37 0.0489012

47 37 0.0368458

48 37 0.0246449

49 37 0.0123468

50 37 0

0 38 0

1 38 0.0115945

2 38 0.0231431

3 38 0.0346005

4 38 0.0459213

5 38 0.0570609

6 38 0.0679753

7 38 0.0786214

8 38 0.0889572

9 38 0.098942

10 38 0.108536

11 38 0.117702

12 38 0.126404

13 38 0.134606

14 38 0.142278

15 38 0.149387

16 38 0.155908

17 38 0.161813

18 38 0.167079

19 38 0.171686

20 38 0.175615

21 38 0.178852

22 38 0.181382

23 38 0.183197

24 38 0.184289

25 38 0.184653

26 38 0.184289

27 38 0.183197

28 38 0.181382

29 38 0.178852

30 38 0.175615

31 38 0.171686

32 38 0.167079

33 38 0.161813

34 38 0.155908

35 38 0.149387

36 38 0.142278

37 38 0.134606

38 38 0.126404

39 38 0.117702

40 38 0.108536

41 38 0.098942

42 38 0.0889572

43 38 0.0786214

44 38 0.0679753

45 38 0.0570609

46 38 0.0459213

47 38 0.0346005

48 38 0.0231431

49 38 0.0115945

50 38 0

0 39 0

1 39 0.0107963

2 39 0.02155

3 39 0.0322187

4 39 0.0427602

5 39 0.0531329

6 39 0.063296

7 39 0.0732092

8 39 0.0828335

9 39 0.092131

10 39 0.101065

11 39 0.1096

12 39 0.117702

13 39 0.12534

14 39 0.132483

15 39 0.139104

16 39 0.145175

17 39 0.150674

18 39 0.155578

19 39 0.159867

20 39 0.163526

21 39 0.16654

22 39 0.168896

23 39 0.170586

24 39 0.171602

25 39 0.171942

26 39 0.171602

27 39 0.170586

28 39 0.168896

29 39 0.16654

30 39 0.163526

31 39 0.159867

32 39 0.155578

33 39 0.150674

34 39 0.145175

35 39 0.139104

36 39 0.132483

37 39 0.12534

38 39 0.117702

39 39 0.1096

40 39 0.101065

41 39 0.092131

42 39 0.0828335

43 39 0.0732092

44 39 0.063296

45 39 0.0531329

46 39 0.0427602

47 39 0.0322187

48 39 0.02155

49 39 0.0107963

50 39 0

0 40 0

1 40 0.00995556

2 40 0.0198718

3 40 0.0297097

4 40 0.0394303

5 40 0.0489952

6 40 0.0583669

7 40 0.0675081

8 40 0.076383

9 40 0.0849564

10 40 0.0931945

11 40 0.101065

12 40 0.108536

13 40 0.115579

14 40 0.122166

15 40 0.128271

16 40 0.13387

17 40 0.13894

18 40 0.143462

19 40 0.147418

20 40 0.150792

21 40 0.153571

22 40 0.155744

23 40 0.157302

24 40 0.158239

25 40 0.158552

26 40 0.158239

27 40 0.157302

28 40 0.155744

29 40 0.153571

30 40 0.150792

31 40 0.147418

32 40 0.143462

33 40 0.13894

34 40 0.13387

35 40 0.128271

36 40 0.122166

37 40 0.115579

38 40 0.108536

39 40 0.101065

40 40 0.0931945

41 40 0.0849564

42 40 0.076383

43 40 0.0675081

44 40 0.0583669

45 40 0.0489952

46 40 0.0394303

47 40 0.0297097

48 40 0.0198718

49 40 0.00995556

50 40 0

0 41 0

1 41 0.00907552

2 41 0.0181152

3 41 0.0270834

4 41 0.0359447

5 41 0.0446642

6 41 0.0532074

7 41 0.0615406

8 41 0.0696309

9 41 0.0774465

10 41 0.0849564

11 41 0.092131

12 41 0.098942

13 41 0.105363

14 41 0.111367

15 41 0.116932

16 41 0.122036

17 41 0.126658

18 41 0.13078

19 41 0.134387

20 41 0.137462

21 41 0.139996

22 41 0.141976

23 41 0.143397

24 41 0.144251

25 41 0.144536

26 41 0.144251

27 41 0.143397

28 41 0.141976

29 41 0.139996

30 41 0.137462

31 41 0.134387

32 41 0.13078

33 41 0.126658

34 41 0.122036

35 41 0.116932

36 41 0.111367

37 41 0.105363

38 41 0.098942

39 41 0.092131

40 41 0.0849564

41 41 0.0774465

42 41 0.0696309

43 41 0.0615406

44 41 0.0532074

45 41 0.0446642

46 41 0.0359447

47 41 0.0270834

48 41 0.0181152

49 41 0.00907552

50 41 0

0 42 0

1 42 0.00815966

2 42 0.0162871

3 42 0.0243503

4 42 0.0323174

5 42 0.0401569

6 42 0.047838

7 42 0.0553302

8 42 0.0626041

9 42 0.0696309

10 42 0.076383

11 42 0.0828335

12 42 0.0889572

13 42 0.0947298

14 42 0.100129

15 42 0.105132

16 42 0.109721

17 42 0.113876

18 42 0.117583

19 42 0.120825

20 42 0.12359

21 42 0.125868

22 42 0.127649

23 42 0.128926

24 42 0.129694

25 42 0.12995

26 42 0.129694

27 42 0.128926

28 42 0.127649

29 42 0.125868

30 42 0.12359

31 42 0.120825

32 42 0.117583

33 42 0.113876

34 42 0.109721

35 42 0.105132

36 42 0.100129

37 42 0.0947298

38 42 0.0889572

39 42 0.0828335

40 42 0.076383

41 42 0.0696309

42 42 0.0626041

43 42 0.0553302

44 42 0.047838

45 42 0.0401569

46 42 0.0323174

47 42 0.0243503

48 42 0.0162871

49 42 0.00815966

50 42 0

0 43 0

1 43 0.0072116

2 43 0.0143947

3 43 0.0215211

4 43 0.0285625

5 43 0.0354911

6 43 0.0422797

7 43 0.0489015

8 43 0.0553302

9 43 0.0615406

10 43 0.0675081

11 43 0.0732092

12 43 0.0786214

13 43 0.0837233

14 43 0.0884947

15 43 0.092917

16 43 0.0969725

17 43 0.100645

18 43 0.103921

19 43 0.106786

20 43 0.10923

21 43 0.111243

22 43 0.112817

23 43 0.113946

24 43 0.114625

25 43 0.114852

26 43 0.114625

27 43 0.113946

28 43 0.112817

29 43 0.111243

30 43 0.10923

31 43 0.106786

32 43 0.103921

33 43 0.100645

34 43 0.0969725

35 43 0.092917

36 43 0.0884947

37 43 0.0837233

38 43 0.0786214

39 43 0.0732092

40 43 0.0675081

41 43 0.0615406

42 43 0.0553302

43 43 0.0489015

44 43 0.0422797

45 43 0.0354911

46 43 0.0285625

47 43 0.0215211

48 43 0.0143947

49 43 0.0072116

50 43 0

0 44 0

1 44 0.00623508

2 44 0.0124455

3 44 0.0186069

4 44 0.0246948

5 44 0.0306853

6 44 0.0365546

7 44 0.0422797

8 44 0.047838

9 44 0.0532074

10 44 0.0583669

11 44 0.063296

12 44 0.0679753

13 44 0.0723863

14 44 0.0765117

15 44 0.0803351

16 44 0.0838414

17 44 0.0870169

18 44 0.089849

19 44 0.0923265

20 44 0.0944396

21 44 0.0961799

22 44 0.0975408

23 44 0.0985166

24 44 0.0991037

25 44 0.0992996

26 44 0.0991037

27 44 0.0985166

28 44 0.0975408

29 44 0.0961799

30 44 0.0944396

31 44 0.0923265

32 44 0.089849

33 44 0.0870169

34 44 0.0838414

35 44 0.0803351

36 44 0.0765117

37 44 0.0723863

38 44 0.0679753

39 44 0.063296

40 44 0.0583669

41 44 0.0532074

42 44 0.047838

43 44 0.0422797

44 44 0.0365546

45 44 0.0306853

46 44 0.0246948

47 44 0.0186069

48 44 0.0124455

49 44 0.00623508

50 44 0

0 45 0

1 45 0.00523395

2 45 0.0104472

3 45 0.0156193

4 45 0.0207297

5 45 0.0257583

6 45 0.0306853

7 45 0.0354911

8 45 0.0401569

9 45 0.0446642

10 45 0.0489952

11 45 0.0531329

12 45 0.0570609

13 45 0.0607637

14 45 0.0642267

15 45 0.0674362

16 45 0.0703795

17 45 0.0730451

18 45 0.0754225

19 45 0.0775022

20 45 0.079276

21 45 0.0807369

22 45 0.0818792

23 45 0.0826984

24 45 0.0831912

25 45 0.0833557

26 45 0.0831912

27 45 0.0826984

28 45 0.0818792

29 45 0.0807369

30 45 0.079276

31 45 0.0775022

32 45 0.0754225

33 45 0.0730451

34 45 0.0703795

35 45 0.0674362

36 45 0.0642267

37 45 0.0607637

38 45 0.0570609

39 45 0.0531329

40 45 0.0489952

41 45 0.0446642

42 45 0.0401569

43 45 0.0354911

44 45 0.0306853

45 45 0.0257583

46 45 0.0207297

47 45 0.0156193

48 45 0.0104472

49 45 0.00523395

50 45 0

0 46 0

1 46 0.00421216

2 46 0.0084077

3 46 0.0125701

4 46 0.0166828

5 46 0.0207297

6 46 0.0246948

7 46 0.0285625

8 46 0.0323174

9 46 0.0359447

10 46 0.0394303

11 46 0.0427602

12 46 0.0459213

13 46 0.0489012

14 46 0.0516882

15 46 0.0542711

16 46 0.0566399

17 46 0.0587851

18 46 0.0606983

19 46 0.062372

20 46 0.0637995

21 46 0.0649752

22 46 0.0658945

23 46 0.0665538

24 46 0.0669504

25 46 0.0670828

26 46 0.0669504

27 46 0.0665538

28 46 0.0658945

29 46 0.0649752

30 46 0.0637995

31 46 0.062372

32 46 0.0606983

33 46 0.0587851

34 46 0.0566399

35 46 0.0542711

36 46 0.0516882

37 46 0.0489012

38 46 0.0459213

39 46 0.0427602

40 46 0.0394303

41 46 0.0359447

42 46 0.0323174

43 46 0.0285625

44 46 0.0246948

45 46 0.0207297

46 46 0.0166828

47 46 0.0125701

48 46 0.0084077

49 46 0.00421216

50 46 0

0 47 0

1 47 0.00317375

2 47 0.00633498

3 47 0.00947121

4 47 0.0125701

5 47 0.0156193

6 47 0.0186069

7 47 0.0215211

8 47 0.0243503

9 47 0.0270834

10 47 0.0297097

11 47 0.0322187

12 47 0.0346005

13 47 0.0368458

14 47 0.0389457

15 47 0.0408918

16 47 0.0426766

17 47 0.044293

18 47 0.0457346

19 47 0.0469957

20 47 0.0480713

21 47 0.0489571

22 47 0.0496498

23 47 0.0501465

24 47 0.0504454

25 47 0.0505451

26 47 0.0504454

27 47 0.0501465

28 47 0.0496498

29 47 0.0489571

30 47 0.0480713

31 47 0.0469957

32 47 0.0457346

33 47 0.044293

34 47 0.0426766

35 47 0.0408918

36 47 0.0389457

37 47 0.0368458

38 47 0.0346005

39 47 0.0322187

40 47 0.0297097

41 47 0.0270834

42 47 0.0243503

43 47 0.0215211

44 47 0.0186069

45 47 0.0156193

46 47 0.0125701

47 47 0.00947121

48 47 0.00633498

49 47 0.00317375

50 47 0

0 48 0

1 48 0.00212282

2 48 0.00423726

3 48 0.00633498

4 48 0.0084077

5 48 0.0104472

6 48 0.0124455

7 48 0.0143947

8 48 0.0162871

9 48 0.0181152

10 48 0.0198718

11 48 0.02155

12 48 0.0231431

13 48 0.0246449

14 48 0.0260495

15 48 0.0273512

16 48 0.028545

17 48 0.0296261

18 48 0.0305904

19 48 0.0314339

20 48 0.0321533

21 48 0.0327458

22 48 0.0332091

23 48 0.0335414

24 48 0.0337413

25 48 0.033808

26 48 0.0337413

27 48 0.0335414

28 48 0.0332091

29 48 0.0327458

30 48 0.0321533

31 48 0.0314339

32 48 0.0305904

33 48 0.0296261

34 48 0.028545

35 48 0.0273512

36 48 0.0260495

37 48 0.0246449

38 48 0.0231431

39 48 0.02155

40 48 0.0198718

41 48 0.0181152

42 48 0.0162871

43 48 0.0143947

44 48 0.0124455

45 48 0.0104472

46 48 0.0084077

47 48 0.00633498

48 48 0.00423726

49 48 0.00212282

50 48 0

0 49 0

1 49 0.00106351

2 49 0.00212282

3 49 0.00317375

4 49 0.00421216

5 49 0.00523395

6 49 0.00623508

7 49 0.0072116

8 49 0.00815966

9 49 0.00907552

10 49 0.00995556

11 49 0.0107963

12 49 0.0115945

13 49 0.0123468

14 49 0.0130505

15 49 0.0137026

16 49 0.0143007

17 49 0.0148424

18 49 0.0153254

19 49 0.015748

20 49 0.0161084

21 49 0.0164053

22 49 0.0166374

23 49 0.0168038

24 49 0.016904

25 49 0.0169374

26 49 0.016904

27 49 0.0168038

28 49 0.0166374

29 49 0.0164053

30 49 0.0161084

31 49 0.015748

32 49 0.0153254

33 49 0.0148424

34 49 0.0143007

35 49 0.0137026

36 49 0.0130505

37 49 0.0123468

38 49 0.0115945

39 49 0.0107963

40 49 0.00995556

41 49 0.00907552

42 49 0.00815966

43 49 0.0072116

44 49 0.00623508

45 49 0.00523395

46 49 0.00421216

47 49 0.00317375

48 49 0.00212282

49 49 0.00106351

50 49 0

