0 1 0

1 1 0.00203159

2 1 0.00405517

3 1 0.00606274

4 1 0.00804638

5 1 0.00999827

6 1 0.0119107

7 1 0.0137761

8 1 0.0155872

9 1 0.0173367

10 1 0.0190178

11 1 0.0206239

12 1 0.0221486

13 1 0.0235858

14 1 0.02493

15 1 0.0261758

16 1 0.0273183

17 1 0.028353

18 1 0.0292758

19 1 0.030083

20 1 0.0307715

21 1 0.0313386

22 1 0.031782

23 1 0.0321

24 1 0.0322912

25 1 0.0323551

26 1 0.0322912

27 1 0.0321

28 1 0.031782

29 1 0.0313386

30 1 0.0307715

31 1 0.030083

32 1 0.0292758

33 1 0.028353

34 1 0.0273183

35 1 0.0261758

36 1 0.02493

37 1 0.0235858

38 1 0.0221486

39 1 0.0206239

40 1 0.0190178

41 1 0.0173367

42 1 0.0155872

43 1 0.0137761

44 1 0.0119107

45 1 0.00999827

46 1 0.00804638

47 1 0.00606274

48 1 0.00405517

49 1 0.00203159

50 1 0

0 2 0

1 2 0.00405517

2 2 0.00809433

3 2 0.0121015

4 2 0.016061

5 2 0.0199571

6 2 0.0237744

7 2 0.0274979

8 2 0.0311128

9 2 0.034605

10 2 0.0379606

11 2 0.0411664

12 2 0.0442097

13 2 0.0470786

14 2 0.0497616

15 2 0.0522483

16 2 0.0545288

17 2 0.0565941

18 2 0.058436

19 2 0.0600473

20 2 0.0614216

21 2 0.0625535

22 2 0.0634385

23 2 0.0640732

24 2 0.064455

25 2 0.0645825

26 2 0.064455

27 2 0.0640732

28 2 0.0634385

29 2 0.0625535

30 2 0.0614216

31 2 0.0600473

32 2 0.058436

33 2 0.0565941

34 2 0.0545288

35 2 0.0522483

36 2 0.0497616

37 2 0.0470786

38 2 0.0442097

39 2 0.0411664

40 2 0.0379606

41 2 0.034605

42 2 0.0311128

43 2 0.0274979

44 2 0.0237744

45 2 0.0199571

46 2 0.016061

47 2 0.0121015

48 2 0.00809433

49 2 0.00405517

50 2 0

0 3 0

1 3 0.00606274

2 3 0.0121015

3 3 0.0180926

4 3 0.0240122

5 3 0.0298371

6 3 0.0355443

7 3 0.0411111

8 3 0.0465157

9 3 0.0517367

10 3 0.0567536

11 3 0.0615465

12 3 0.0660964

13 3 0.0703856

14 3 0.0743969

15 3 0.0781146

16 3 0.0815241

17 3 0.0846118

18 3 0.0873656

19 3 0.0897746

20 3 0.0918292

21 3 0.0935215

22 3 0.0948447

23 3 0.0957936

24 3 0.0963645

25 3 0.096555

26 3 0.0963645

27 3 0.0957936

28 3 0.0948447

29 3 0.0935215

30 3 0.0918292

31 3 0.0897746

32 3 0.0873656

33 3 0.0846118

34 3 0.0815241

35 3 0.0781146

36 3 0.0743969

37 3 0.0703856

38 3 0.0660964

39 3 0.0615465

40 3 0.0567536

41 3 0.0517367

42 3 0.0465157

43 3 0.0411111

44 3 0.0355443

45 3 0.0298371

46 3 0.0240122

47 3 0.0180926

48 3 0.0121015

49 3 0.00606274

50 3 0

0 4 0

1 4 0.00804638

2 4 0.016061

3 4 0.0240122

4 4 0.0318687

5 4 0.0395994

6 4 0.0471739

7 4 0.0545621

8 4 0.061735

9 4 0.0686643

10 4 0.0753226

11 4 0.0816836

12 4 0.0877223

13 4 0.0934147

14 4 0.0987385

15 4 0.103673

16 4 0.108198

17 4 0.112296

18 4 0.11595

19 4 0.119148

20 4 0.121875

21 4 0.12412

22 4 0.125877

23 4 0.127136

24 4 0.127894

25 4 0.128146

26 4 0.127894

27 4 0.127136

28 4 0.125877

29 4 0.12412

30 4 0.121875

31 4 0.119148

32 4 0.11595

33 4 0.112296

34 4 0.108198

35 4 0.103673

36 4 0.0987385

37 4 0.0934147

38 4 0.0877223

39 4 0.0816836

40 4 0.0753226

41 4 0.0686643

42 4 0.061735

43 4 0.0545621

44 4 0.0471739

45 4 0.0395994

46 4 0.0318687

47 4 0.0240122

48 4 0.016061

49 4 0.00804638

50 4 0

0 5 0

1 5 0.00999827

2 5 0.0199571

3 5 0.0298371

4 5 0.0395994

5 5 0.0492054

6 5 0.0586173

7 5 0.0677978

8 5 0.0767107

9 5 0.0853209

10 5 0.0935943

11 5 0.101498

12 5 0.109002

13 5 0.116075

14 5 0.12269

15 5 0.128822

16 5 0.134444

17 5 0.139536

18 5 0.144078

19 5 0.14805

20 5 0.151439

21 5 0.15423

22 5 0.156412

23 5 0.157977

24 5 0.158918

25 5 0.159232

26 5 0.158918

27 5 0.157977

28 5 0.156412

29 5 0.15423

30 5 0.151439

31 5 0.14805

32 5 0.144078

33 5 0.139536

34 5 0.134444

35 5 0.128822

36 5 0.12269

37 5 0.116075

38 5 0.109002

39 5 0.101498

40 5 0.0935943

41 5 0.0853209

42 5 0.0767107

43 5 0.0677978

44 5 0.0586173

45 5 0.0492054

46 5 0.0395994

47 5 0.0298371

48 5 0.0199571

49 5 0.00999827

50 5 0

0 6 0

1 6 0.0119107

2 6 0.0237744

3 6 0.0355443

4 6 0.0471739

5 6 0.0586173

6 6 0.0698293

7 6 0.0807658

8 6 0.0913836

9 6 0.101641

10 6 0.111497

11 6 0.120913

12 6 0.129851

13 6 0.138278

14 6 0.146158

15 6 0.153462

16 6 0.16016

17 6 0.166226

18 6 0.171636

19 6 0.176369

20 6 0.180405

21 6 0.18373

22 6 0.18633

23 6 0.188194

24 6 0.189315

25 6 0.189689

26 6 0.189315

27 6 0.188194

28 6 0.18633

29 6 0.18373

30 6 0.180405

31 6 0.176369

32 6 0.171636

33 6 0.166226

34 6 0.16016

35 6 0.153462

36 6 0.146158

37 6 0.138278

38 6 0.129851

39 6 0.120913

40 6 0.111497

41 6 0.101641

42 6 0.0913836

43 6 0.0807658

44 6 0.0698293

45 6 0.0586173

46 6 0.0471739

47 6 0.0355443

48 6 0.0237744

49 6 0.0119107

50 6 0

0 7 0

1 7 0.0137761

2 7 0.0274979

3 7 0.0411111

4 7 0.0545621

5 7 0.0677978

6 7 0.0807658

7 7 0.0934152

8 7 0.105696

9 7 0.117559

10 7 0.128959

11 7 0.13985

12 7 0.150188

13 7 0.159934

14 7 0.169049

15 7 0.177497

16 7 0.185244

17 7 0.19226

18 7 0.198517

19 7 0.203991

20 7 0.20866

21 7 0.212505

22 7 0.215512

23 7 0.217668

24 7 0.218965

25 7 0.219398

26 7 0.218965

27 7 0.217668

28 7 0.215512

29 7 0.212505

30 7 0.20866

31 7 0.203991

32 7 0.198517

33 7 0.19226

34 7 0.185244

35 7 0.177497

36 7 0.169049

37 7 0.159934

38 7 0.150188

39 7 0.13985

40 7 0.128959

41 7 0.117559

42 7 0.105696

43 7 0.0934152

44 7 0.0807658

45 7 0.0677978

46 7 0.0545621

47 7 0.0411111

48 7 0.0274979

49 7 0.0137761

50 7 0

0 8 0

1 8 0.0155872

2 8 0.0311128

3 8 0.0465157

4 8 0.061735

5 8 0.0767107

6 8 0.0913836

7 8 0.105696

8 8 0.119591

9 8 0.133014

10 8 0.145912

11 8 0.158235

12 8 0.169933

13 8 0.18096

14 8 0.191273

15 8 0.200831

16 8 0.209597

17 8 0.217535

18 8 0.224615

19 8 0.230809

20 8 0.236091

21 8 0.240442

22 8 0.243844

23 8 0.246284

24 8 0.247751

25 8 0.248241

26 8 0.247751

27 8 0.246284

28 8 0.243844

29 8 0.240442

30 8 0.236091

31 8 0.230809

32 8 0.224615

33 8 0.217535

34 8 0.209597

35 8 0.200831

36 8 0.191273

37 8 0.18096

38 8 0.169933

39 8 0.158235

40 8 0.145912

41 8 0.133014

42 8 0.119591

43 8 0.105696

44 8 0.0913836

45 8 0.0767107

46 8 0.061735

47 8 0.0465157

48 8 0.0311128

49 8 0.0155872

50 8 0

0 9 0

1 9 0.0173367

2 9 0.034605

3 9 0.0517367

4 9 0.0686643

5 9 0.0853209

6 9 0.101641

7 9 0.117559

8 9 0.133014

9 9 0.147944

10 9 0.16229

11 9 0.175995

12 9 0.189006

13 9 0.201271

14 9 0.212742

15 9 0.223373

16 9 0.233122

17 9 0.241952

18 9 0.249826

19 9 0.256715

20 9 0.262591

21 9 0.26743

22 9 0.271214

23 9 0.273927

24 9 0.275559

25 9 0.276104

26 9 0.275559

27 9 0.273927

28 9 0.271214

29 9 0.26743

30 9 0.262591

31 9 0.256715

32 9 0.249826

33 9 0.241952

34 9 0.233122

35 9 0.223373

36 9 0.212742

37 9 0.201271

38 9 0.189006

39 9 0.175995

40 9 0.16229

41 9 0.147944

42 9 0.133014

43 9 0.117559

44 9 0.101641

45 9 0.0853209

46 9 0.0686643

47 9 0.0517367

48 9 0.034605

49 9 0.0173367

50 9 0

0 10 0

1 10 0.0190178

2 10 0.0379606

3 10 0.0567536

4 10 0.0753226

5 10 0.0935943

6 10 0.111497

7 10 0.128959

8 10 0.145912

9 10 0.16229

10 10 0.178027

11 10 0.193061

12 10 0.207334

13 10 0.220788

14 10 0.233371

15 10 0.245033

16 10 0.255728

17 10 0.265414

18 10 0.274052

19 10 0.281608

20 10 0.288054

21 10 0.293362

22 10 0.297513

23 10 0.300489

24 10 0.30228

25 10 0.302878

26 10 0.30228

27 10 0.300489

28 10 0.297513

29 10 0.293362

30 10 0.288054

31 10 0.281608

32 10 0.274052

33 10 0.265414

34 10 0.255728

35 10 0.245033

36 10 0.233371

37 10 0.220788

38 10 0.207334

39 10 0.193061

40 10 0.178027

41 10 0.16229

42 10 0.145912

43 10 0.128959

44 10 0.111497

45 10 0.0935943

46 10 0.0753226

47 10 0.0567536

48 10 0.0379606

49 10 0.0190178

50 10 0

0 11 0

1 11 0.0206239

2 11 0.0411664

3 11 0.0615465

4 11 0.0816836

5 11 0.101498

6 11 0.120913

7 11 0.13985

8 11 0.158235

9 11 0.175995

10 11 0.193061

11 11 0.209366

12 11 0.224843

13 11 0.239434

14 11 0.253079

15 11 0.265726

16 11 0.277324

17 11 0.287828

18 11 0.297196

19 11 0.30539

20 11 0.31238

21 11 0.318137

22 11 0.322638

23 11 0.325866

24 11 0.327808

25 11 0.328456

26 11 0.327808

27 11 0.325866

28 11 0.322638

29 11 0.318137

30 11 0.31238

31 11 0.30539

32 11 0.297196

33 11 0.287828

34 11 0.277324

35 11 0.265726

36 11 0.253079

37 11 0.239434

38 11 0.224843

39 11 0.209366

40 11 0.193061

41 11 0.175995

42 11 0.158235

43 11 0.13985

44 11 0.120913

45 11 0.101498

46 11 0.0816836

47 11 0.0615465

48 11 0.0411664

49 11 0.0206239

50 11 0

0 12 0

1 12 0.0221486

2 12 0.0442097

3 12 0.0660964

4 12 0.0877223

5 12 0.109002

6 12 0.129851

7 12 0.150188

8 12 0.169933

9 12 0.189006

10 12 0.207334

11 12 0.224843

12 12 0.241466

13 12 0.257135

14 12 0.271789

15 12 0.285371

16 12 0.297826

17 12 0.309106

18 12 0.319167

19 12 0.327967

20 12 0.335473

21 12 0.341656

22 12 0.34649

23 12 0.349956

24 12 0.352042

25 12 0.352738

26 12 0.352042

27 12 0.349956

28 12 0.34649

29 12 0.341656

30 12 0.335473

31 12 0.327967

32 12 0.319167

33 12 0.309106

34 12 0.297826

35 12 0.285371

36 12 0.271789

37 12 0.257135

38 12 0.241466

39 12 0.224843

40 12 0.207334

41 12 0.189006

42 12 0.169933

43 12 0.150188

44 12 0.129851

45 12 0.109002

46 12 0.0877223

47 12 0.0660964

48 12 0.0442097

49 12 0.0221486

50 12 0

0 13 0

1 13 0.0235858

2 13 0.0470786

3 13 0.0703856

4 13 0.0934147

5 13 0.116075

6 13 0.138278

7 13 0.159934

8 13 0.18096

9 13 0.201271

10 13 0.220788

11 13 0.239434

12 13 0.257135

13 13 0.273821

14 13 0.289426

15 13 0.303889

16 13 0.317153

17 13 0.329165

18 13 0.339878

19 13 0.34925

20 13 0.357243

21 13 0.363826

22 13 0.368974

23 13 0.372665

24 13 0.374886

25 13 0.375627

26 13 0.374886

27 13 0.372665

28 13 0.368974

29 13 0.363826

30 13 0.357243

31 13 0.34925

32 13 0.339878

33 13 0.329165

34 13 0.317153

35 13 0.303889

36 13 0.289426

37 13 0.273821

38 13 0.257135

39 13 0.239434

40 13 0.220788

41 13 0.201271

42 13 0.18096

43 13 0.159934

44 13 0.138278

45 13 0.116075

46 13 0.0934147

47 13 0.0703856

48 13 0.0470786

49 13 0.0235858

50 13 0

0 14 0

1 14 0.02493

2 14 0.0497616

3 14 0.0743969

4 14 0.0987385

5 14 0.12269

6 14 0.146158

7 14 0.169049

8 14 0.191273

9 14 0.212742

10 14 0.233371

11 14 0.253079

12 14 0.271789

13 14 0.289426

14 14 0.305921

15 14 0.321208

16 14 0.335228

17 14 0.347924

18 14 0.359248

19 14 0.369154

20 14 0.377602

21 14 0.384561

22 14 0.390002

23 14 0.393904

24 14 0.396251

25 14 0.397035

26 14 0.396251

27 14 0.393904

28 14 0.390002

29 14 0.384561

30 14 0.377602

31 14 0.369154

32 14 0.359248

33 14 0.347924

34 14 0.335228

35 14 0.321208

36 14 0.305921

37 14 0.289426

38 14 0.271789

39 14 0.253079

40 14 0.233371

41 14 0.212742

42 14 0.191273

43 14 0.169049

44 14 0.146158

45 14 0.12269

46 14 0.0987385

47 14 0.0743969

48 14 0.0497616

49 14 0.02493

50 14 0

0 15 0

1 15 0.0261758

2 15 0.0522483

3 15 0.0781146

4 15 0.103673

5 15 0.128822

6 15 0.153462

7 15 0.177497

8 15 0.200831

9 15 0.223373

10 15 0.245033

11 15 0.265726

12 15 0.285371

13 15 0.303889

14 15 0.321208

15 15 0.337259

16 15 0.351979

17 15 0.365311

18 15 0.3772

19 15 0.387601

20 15 0.396472

21 15 0.403778

22 15 0.409491

23 15 0.413588

24 15 0.416053

25 15 0.416875

26 15 0.416053

27 15 0.413588

28 15 0.409491

29 15 0.403778

30 15 0.396472

31 15 0.387601

32 15 0.3772

33 15 0.365311

34 15 0.351979

35 15 0.337259

36 15 0.321208

37 15 0.303889

38 15 0.285371

39 15 0.265726

40 15 0.245033

41 15 0.223373

42 15 0.200831

43 15 0.177497

44 15 0.153462

45 15 0.128822

46 15 0.103673

47 15 0.0781146

48 15 0.0522483

49 15 0.0261758

50 15 0

0 16 0

1 16 0.0273183

2 16 0.0545288

3 16 0.0815241

4 16 0.108198

5 16 0.134444

6 16 0.16016

7 16 0.185244

8 16 0.209597

9 16 0.233122

10 16 0.255728

11 16 0.277324

12 16 0.297826

13 16 0.317153

14 16 0.335228

15 16 0.351979

16 16 0.367342

17 16 0.381255

18 16 0.393663

19 16 0.404518

20 16 0.413777

21 16 0.421402

22 16 0.427364

23 16 0.43164

24 16 0.434212

25 16 0.43507

26 16 0.434212

27 16 0.43164

28 16 0.427364

29 16 0.421402

30 16 0.413777

31 16 0.404518

32 16 0.393663

33 16 0.381255

34 16 0.367342

35 16 0.351979

36 16 0.335228

37 16 0.317153

38 16 0.297826

39 16 0.277324

40 16 0.255728

41 16 0.233122

42 16 0.209597

43 16 0.185244

44 16 0.16016

45 16 0.134444

46 16 0.108198

47 16 0.0815241

48 16 0.0545288

49 16 0.0273183

50 16 0

0 17 0

1 17 0.028353

2 17 0.0565941

3 17 0.0846118

4 17 0.112296

5 17 0.139536

6 17 0.166226

7 17 0.19226

8 17 0.217535

9 17 0.241952

10 17 0.265414

11 17 0.287828

12 17 0.309106

13 17 0.329165

14 17 0.347924

15 17 0.365311

16 17 0.381255

17 17 0.395695

18 17 0.408573

19 17 0.419839

20 17 0.429448

21 17 0.437362

22 17 0.44355

23 17 0.447988

24 17 0.450658

25 17 0.451549

26 17 0.450658

27 17 0.447988

28 17 0.44355

29 17 0.437362

30 17 0.429448

31 17 0.419839

32 17 0.408573

33 17 0.395695

34 17 0.381255

35 17 0.365311

36 17 0.347924

37 17 0.329165

38 17 0.309106

39 17 0.287828

40 17 0.265414

41 17 0.241952

42 17 0.217535

43 17 0.19226

44 17 0.166226

45 17 0.139536

46 17 0.112296

47 17 0.0846118

48 17 0.0565941

49 17 0.028353

50 17 0

0 18 0

1 18 0.0292758

2 18 0.058436

3 18 0.0873656

4 18 0.11595

5 18 0.144078

6 18 0.171636

7 18 0.198517

8 18 0.224615

9 18 0.249826

10 18 0.274052

11 18 0.297196

12 18 0.319167

13 18 0.339878

14 18 0.359248

15 18 0.3772

16 18 0.393663

17 18 0.408573

18 18 0.421871

19 18 0.433503

20 18 0.443425

21 18 0.451597

22 18 0.457986

23 18 0.462568

24 18 0.465325

25 18 0.466245

26 18 0.465325

27 18 0.462568

28 18 0.457986

29 18 0.451597

30 18 0.443425

31 18 0.433503

32 18 0.421871

33 18 0.408573

34 18 0.393663

35 18 0.3772

36 18 0.359248

37 18 0.339878

38 18 0.319167

39 18 0.297196

40 18 0.274052

41 18 0.249826

42 18 0.224615

43 18 0.198517

44 18 0.171636

45 18 0.144078

46 18 0.11595

47 18 0.0873656

48 18 0.058436

49 18 0.0292758

50 18 0

0 19 0

1 19 0.030083

2 19 0.0600473

3 19 0.0897746

4 19 0.119148

5 19 0.14805

6 19 0.176369

7 19 0.203991

8 19 0.230809

9 19 0.256715

10 19 0.281608

11 19 0.30539

12 19 0.327967

13 19 0.34925

14 19 0.369154

15 19 0.387601

16 19 0.404518

17 19 0.419839

18 19 0.433503

19 19 0.445457

20 19 0.455652

21 19 0.464049

22 19 0.470615

23 19 0.475323

24 19 0.478155

25 19 0.479101

26 19 0.478155

27 19 0.475323

28 19 0.470615

29 19 0.464049

30 19 0.455652

31 19 0.445457

32 19 0.433503

33 19 0.419839

34 19 0.404518

35 19 0.387601

36 19 0.369154

37 19 0.34925

38 19 0.327967

39 19 0.30539

40 19 0.281608

41 19 0.256715

42 19 0.230809

43 19 0.203991

44 19 0.176369

45 19 0.14805

46 19 0.119148

47 19 0.0897746

48 19 0.0600473

49 19 0.030083

50 19 0

0 20 0

1 20 0.0307715

2 20 0.0614216

3 20 0.0918292

4 20 0.121875

5 20 0.151439

6 20 0.180405

7 20 0.20866

8 20 0.236091

9 20 0.262591

10 20 0.288054

11 20 0.31238

12 20 0.335473

13 20 0.357243

14 20 0.377602

15 20 0.396472

16 20 0.413777

17 20 0.429448

18 20 0.443425

19 20 0.455652

20 20 0.466081

21 20 0.47467

22 20 0.481386

23 20 0.486202

24 20 0.489099

25 20 0.490066

26 20 0.489099

27 20 0.486202

28 20 0.481386

29 20 0.47467

30 20 0.466081

31 20 0.455652

32 20 0.443425

33 20 0.429448

34 20 0.413777

35 20 0.396472

36 20 0.377602

37 20 0.357243

38 20 0.335473

39 20 0.31238

40 20 0.288054

41 20 0.262591

42 20 0.236091

43 20 0.20866

44 20 0.180405

45 20 0.151439

46 20 0.121875

47 20 0.0918292

48 20 0.0614216

49 20 0.0307715

50 20 0

0 21 0

1 21 0.0313386

2 21 0.0625535

3 21 0.0935215

4 21 0.12412

5 21 0.15423

6 21 0.18373

7 21 0.212505

8 21 0.240442

9 21 0.26743

10 21 0.293362

11 21 0.318137

12 21 0.341656

13 21 0.363826

14 21 0.384561

15 21 0.403778

16 21 0.421402

17 21 0.437362

18 21 0.451597

19 21 0.464049

20 21 0.47467

21 21 0.483417

22 21 0.490257

23 21 0.495162

24 21 0.498113

25 21 0.499097

26 21 0.498113

27 21 0.495162

28 21 0.490257

29 21 0.483417

30 21 0.47467

31 21 0.464049

32 21 0.451597

33 21 0.437362

34 21 0.421402

35 21 0.403778

36 21 0.384561

37 21 0.363826

38 21 0.341656

39 21 0.318137

40 21 0.293362

41 21 0.26743

42 21 0.240442

43 21 0.212505

44 21 0.18373

45 21 0.15423

46 21 0.12412

47 21 0.0935215

48 21 0.0625535

49 21 0.0313386

50 21 0

0 22 0

1 22 0.031782

2 22 0.0634385

3 22 0.0948447

4 22 0.125877

5 22 0.156412

6 22 0.18633

7 22 0.215512

8 22 0.243844

9 22 0.271214

10 22 0.297513

11 22 0.322638

12 22 0.34649

13 22 0.368974

14 22 0.390002

15 22 0.409491

16 22 0.427364

17 22 0.44355

18 22 0.457986

19 22 0.470615

20 22 0.481386

21 22 0.490257

22 22 0.497193

23 22 0.502168

24 22 0.50516

25 22 0.506159

26 22 0.50516

27 22 0.502168

28 22 0.497193

29 22 0.490257

30 22 0.481386

31 22 0.470615

32 22 0.457986

33 22 0.44355

34 22 0.427364

35 22 0.409491

36 22 0.390002

37 22 0.368974

38 22 0.34649

39 22 0.322638

40 22 0.297513

41 22 0.271214

42 22 0.243844

43 22 0.215512

44 22 0.18633

45 22 0.156412

46 22 0.125877

47 22 0.0948447

48 22 0.0634385

49 22 0.031782

50 22 0

0 23 0

1 23 0.0321

2 23 0.0640732

3 23 0.0957936

4 23 0.127136

5 23 0.157977

6 23 0.188194

7 23 0.217668

8 23 0.246284

9 23 0.273927

10 23 0.300489

11 23 0.325866

12 23 0.349956

13 23 0.372665

14 23 0.393904

15 23 0.413588

16 23 0.43164

17 23 0.447988

18 23 0.462568

19 23 0.475323

20 23 0.486202

21 23 0.495162

22 23 0.502168

23 23 0.507192

24 23 0.510214

25 23 0.511223

26 23 0.510214

27 23 0.507192

28 23 0.502168

29 23 0.495162

30 23 0.486202

31 23 0.475323

32 23 0.462568

33 23 0.447988

34 23 0.43164

35 23 0.413588

36 23 0.393904

37 23 0.372665

38 23 0.349956

39 23 0.325866

40 23 0.300489

41 23 0.273927

42 23 0.246284

43 23 0.217668

44 23 0.188194

45 23 0.157977

46 23 0.127136

47 23 0.0957936

48 23 0.0640732

49 23 0.0321

50 23 0

0 24 0

1 24 0.0322912

2 24 0.064455

3 24 0.0963645

4 24 0.127894

5 24 0.158918

6 24 0.189315

7 24 0.218965

8 24 0.247751

9 24 0.275559

10 24 0.30228

11 24 0.327808

12 24 0.352042

13 24 0.374886

14 24 0.396251

15 24 0.416053

16 24 0.434212

17 24 0.450658

18 24 0.465325

19 24 0.478155

20 24 0.489099

21 24 0.498113

22 24 0.50516

23 24 0.510214

24 24 0.513254

25 24 0.514269

26 24 0.513254

27 24 0.510214

28 24 0.50516

29 24 0.498113

30 24 0.489099

31 24 0.478155

32 24 0.465325

33 24 0.450658

34 24 0.434212

35 24 0.416053

36 24 0.396251

37 24 0.374886

38 24 0.352042

39 24 0.327808

40 24 0.30228

41 24 0.275559

42 24 0.247751

43 24 0.218965

44 24 0.189315

45 24 0.158918

46 24 0.127894

47 24 0.0963645

48 24 0.064455

49 24 0.0322912

50 24 0

0 25 0

1 25 0.0323551

2 25 0.0645825

3 25 0.096555

4 25 0.128146

5 25 0.159232

6 25 0.189689

7 25 0.219398

8 25 0.248241

9 25 0.276104

10 25 0.302878

11 25 0.328456

12 25 0.352738

13 25 0.375627

14 25 0.397035

15 25 0.416875

16 25 0.43507

17 25 0.451549

18 25 0.466245

19 25 0.479101

20 25 0.490066

21 25 0.499097

22 25 0.506159

23 25 0.511223

24 25 0.514269

25 25 0.515286

26 25 0.514269

27 25 0.511223

28 25 0.506159

29 25 0.499097

30 25 0.490066

31 25 0.479101

32 25 0.466245

33 25 0.451549

34 25 0.43507

35 25 0.416875

36 25 0.397035

37 25 0.375627

38 25 0.352738

39 25 0.328456

40 25 0.302878

41 25 0.276104

42 25 0.248241

43 25 0.219398

44 25 0.189689

45 25 0.159232

46 25 0.128146

47 25 0.096555

48 25 0.0645825

49 25 0.0323551

50 25 0

0 26 0

1 26 0.0322912

2 26 0.064455

3 26 0.0963645

4 26 0.127894

5 26 0.158918

6 26 0.189315

7 26 0.218965

8 26 0.247751

9 26 0.275559

10 26 0.30228

11 26 0.327808

12 26 0.352042

13 26 0.374886

14 26 0.396251

15 26 0.416053

16 26 0.434212

17 26 0.450658

18 26 0.465325

19 26 0.478155

20 26 0.489099

21 26 0.498113

22 26 0.50516

23 26 0.510214

24 26 0.513254

25 26 0.514269

26 26 0.513254

27 26 0.510214

28 26 0.50516

29 26 0.498113

30 26 0.489099

31 26 0.478155

32 26 0.465325

33 26 0.450658

34 26 0.434212

35 26 0.416053

36 26 0.396251

37 26 0.374886

38 26 0.352042

39 26 0.327808

40 26 0.30228

41 26 0.275559

42 26 0.247751

43 26 0.218965

44 26 0.189315

45 26 0.158918

46 26 0.127894

47 26 0.0963645

48 26 0.064455

49 26 0.0322912

50 26 0

0 27 0

1 27 0.0321

2 27 0.0640732

3 27 0.0957936

4 27 0.127136

5 27 0.157977

6 27 0.188194

7 27 0.217668

8 27 0.246284

9 27 0.273927

10 27 0.300489

11 27 0.325866

12 27 0.349956

13 27 0.372665

14 27 0.393904

15 27 0.413588

16 27 0.43164

17 27 0.447988

18 27 0.462568

19 27 0.475323

20 27 0.486202

21 27 0.495162

22 27 0.502168

23 27 0.507192

24 27 0.510214

25 27 0.511223

26 27 0.510214

27 27 0.507192

28 27 0.502168

29 27 0.495162

30 27 0.486202

31 27 0.475323

32 27 0.462568

33 27 0.447988

34 27 0.43164

35 27 0.413588

36 27 0.393904

37 27 0.372665

38 27 0.349956

39 27 0.325866

40 27 0.300489

41 27 0.273927

42 27 0.246284

43 27 0.217668

44 27 0.188194

45 27 0.157977

46 27 0.127136

47 27 0.0957936

48 27 0.0640732

49 27 0.0321

50 27 0

0 28 0

1 28 0.031782

2 28 0.0634385

3 28 0.0948447

4 28 0.125877

5 28 0.156412

6 28 0.18633

7 28 0.215512

8 28 0.243844

9 28 0.271214

10 28 0.297513

11 28 0.322638

12 28 0.34649

13 28 0.368974

14 28 0.390002

15 28 0.409491

16 28 0.427364

17 28 0.44355

18 28 0.457986

19 28 0.470615

20 28 0.481386

21 28 0.490257

22 28 0.497193

23 28 0.502168

24 28 0.50516

25 28 0.506159

26 28 0.50516

27 28 0.502168

28 28 0.497193

29 28 0.490257

30 28 0.481386

31 28 0.470615

32 28 0.457986

33 28 0.44355

34 28 0.427364

35 28 0.409491

36 28 0.390002

37 28 0.368974

38 28 0.34649

39 28 0.322638

40 28 0.297513

41 28 0.271214

42 28 0.243844

43 28 0.215512

44 28 0.18633

45 28 0.156412

46 28 0.125877

47 28 0.0948447

48 28 0.0634385

49 28 0.031782

50 28 0

0 29 0

1 29 0.0313386

2 29 0.0625535

3 29 0.0935215

4 29 0.12412

5 29 0.15423

6 29 0.18373

7 29 0.212505

8 29 0.240442

9 29 0.26743

10 29 0.293362

11 29 0.318137

12 29 0.341656

13 29 0.363826

14 29 0.384561

15 29 0.403778

16 29 0.421402

17 29 0.437362

18 29 0.451597

19 29 0.464049

20 29 0.47467

21 29 0.483417

22 29 0.490257

23 29 0.495162

24 29 0.498113

25 29 0.499097

26 29 0.498113

27 29 0.495162

28 29 0.490257

29 29 0.483417

30 29 0.47467

31 29 0.464049

32 29 0.451597

33 29 0.437362

34 29 0.421402

35 29 0.403778

36 29 0.384561

37 29 0.363826

38 29 0.341656

39 29 0.318137

40 29 0.293362

41 29 0.26743

42 29 0.240442

43 29 0.212505

44 29 0.18373

45 29 0.15423

46 29 0.12412

47 29 0.0935215

48 29 0.0625535

49 29 0.0313386

50 29 0

0 30 0

1 30 0.0307715

2 30 0.0614216

3 30 0.0918292

4 30 0.121875

5 30 0.151439

6 30 0.180405

7 30 0.20866

8 30 0.236091

9 30 0.262591

10 30 0.288054

11 30 0.31238

12 30 0.335473

13 30 0.357243

14 30 0.377602

15 30 0.396472

16 30 0.413777

17 30 0.429448

18 30 0.443425

19 30 0.455652

20 30 0.466081

21 30 0.47467

22 30 0.481386

23 30 0.486202

24 30 0.489099

25 30 0.490066

26 30 0.489099

27 30 0.486202

28 30 0.481386

29 30 0.47467

30 30 0.466081

31 30 0.455652

32 30 0.443425

33 30 0.429448

34 30 0.413777

35 30 0.396472

36 30 0.377602

37 30 0.357243

38 30 0.335473

39 30 0.31238

40 30 0.288054

41 30 0.262591

42 30 0.236091

43 30 0.20866

44 30 0.180405

45 30 0.151439

46 30 0.121875

47 30 0.0918292

48 30 0.0614216

49 30 0.0307715

50 30 0

0 31 0

1 31 0.030083

2 31 0.0600473

3 31 0.0897746

4 31 0.119148

5 31 0.14805

6 31 0.176369

7 31 0.203991

8 31 0.230809

9 31 0.256715

10 31 0.281608

11 31 0.30539

12 31 0.327967

13 31 0.34925

14 31 0.369154

15 31 0.387601

16 31 0.404518

17 31 0.419839

18 31 0.433503

19 31 0.445457

20 31 0.455652

21 31 0.464049

22 31 0.470615

23 31 0.475323

24 31 0.478155

25 31 0.479101

26 31 0.478155

27 31 0.475323

28 31 0.470615

29 31 0.464049

30 31 0.455652

31 31 0.445457

32 31 0.433503

33 31 0.419839

34 31 0.404518

35 31 0.387601

36 31 0.369154

37 31 0.34925

38 31 0.327967

39 31 0.30539

40 31 0.281608

41 31 0.256715

42 31 0.230809

43 31 0.203991

44 31 0.176369

45 31 0.14805

46 31 0.119148

47 31 0.0897746

48 31 0.0600473

49 31 0.030083

50 31 0

0 32 0

1 32 0.0292758

2 32 0.058436

3 32 0.0873656

4 32 0.11595

5 32 0.144078

6 32 0.171636

7 32 0.198517

8 32 0.224615

9 32 0.249826

10 32 0.274052

11 32 0.297196

12 32 0.319167

13 32 0.339878

14 32 0.359248

15 32 0.3772

16 32 0.393663

17 32 0.408573

18 32 0.421871

19 32 0.433503

20 32 0.443425

21 32 0.451597

22 32 0.457986

23 32 0.462568

24 32 0.465325

25 32 0.466245

26 32 0.465325

27 32 0.462568

28 32 0.457986

29 32 0.451597

30 32 0.443425

31 32 0.433503

32 32 0.421871

33 32 0.408573

34 32 0.393663

35 32 0.3772

36 32 0.359248

37 32 0.339878

38 32 0.319167

39 32 0.297196

40 32 0.274052

41 32 0.249826

42 32 0.224615

43 32 0.198517

44 32 0.171636

45 32 0.144078

46 32 0.11595

47 32 0.0873656

48 32 0.058436

49 32 0.0292758

50 32 0

0 33 0

1 33 0.028353

2 33 0.0565941

3 33 0.0846118

4 33 0.112296

5 33 0.139536

6 33 0.166226

7 33 0.19226

8 33 0.217535

9 33 0.241952

10 33 0.265414

11 33 0.287828

12 33 0.309106

13 33 0.329165

14 33 0.347924

15 33 0.365311

16 33 0.381255

17 33 0.395695

18 33 0.408573

19 33 0.419839

20 33 0.429448

21 33 0.437362

22 33 0.44355

23 33 0.447988

24 33 0.450658

25 33 0.451549

26 33 0.450658

27 33 0.447988

28 33 0.44355

29 33 0.437362

30 33 0.429448

31 33 0.419839

32 33 0.408573

33 33 0.395695

34 33 0.381255

35 33 0.365311

36 33 0.347924

37 33 0.329165

38 33 0.309106

39 33 0.287828

40 33 0.265414

41 33 0.241952

42 33 0.217535

43 33 0.19226

44 33 0.166226

45 33 0.139536

46 33 0.112296

47 33 0.0846118

48 33 0.0565941

49 33 0.028353

50 33 0

0 34 0

1 34 0.0273183

2 34 0.0545288

3 34 0.0815241

4 34 0.108198

5 34 0.134444

6 34 0.16016

7 34 0.185244

8 34 0.209597

9 34 0.233122

10 34 0.255728

11 34 0.277324

12 34 0.297826

13 34 0.317153

14 34 0.335228

15 34 0.351979

16 34 0.367342

17 34 0.381255

18 34 0.393663

19 34 0.404518

20 34 0.413777

21 34 0.421402

22 34 0.427364

23 34 0.43164

24 34 0.434212

25 34 0.43507

26 34 0.434212

27 34 0.43164

28 34 0.427364

29 34 0.421402

30 34 0.413777

31 34 0.404518

32 34 0.393663

33 34 0.381255

34 34 0.367342

35 34 0.351979

36 34 0.335228

37 34 0.317153

38 34 0.297826

39 34 0.277324

40 34 0.255728

41 34 0.233122

42 34 0.209597

43 34 0.185244

44 34 0.16016

45 34 0.134444

46 34 0.108198

47 34 0.0815241

48 34 0.0545288

49 34 0.0273183

50 34 0

0 35 0

1 35 0.0261758

2 35 0.0522483

3 35 0.0781146

4 35 0.103673

5 35 0.128822

6 35 0.153462

7 35 0.177497

8 35 0.200831

9 35 0.223373

10 35 0.245033

11 35 0.265726

12 35 0.285371

13 35 0.303889

14 35 0.321208

15 35 0.337259

16 35 0.351979

17 35 0.365311

18 35 0.3772

19 35 0.387601

20 35 0.396472

21 35 0.403778

22 35 0.409491

23 35 0.413588

24 35 0.416053

25 35 0.416875

26 35 0.416053

27 35 0.413588

28 35 0.409491

29 35 0.403778

30 35 0.396472

31 35 0.387601

32 35 0.3772

33 35 0.365311

34 35 0.351979

35 35 0.337259

36 35 0.321208

37 35 0.303889

38 35 0.285371

39 35 0.265726

40 35 0.245033

41 35 0.223373

42 35 0.200831

43 35 0.177497

44 35 0.153462

45 35 0.128822

46 35 0.103673

47 35 0.0781146

48 35 0.0522483

49 35 0.0261758

50 35 0

0 36 0

1 36 0.02493

2 36 0.0497616

3 36 0.0743969

4 36 0.0987385

5 36 0.12269

6 36 0.146158

7 36 0.169049

8 36 0.191273

9 36 0.212742

10 36 0.233371

11 36 0.253079

12 36 0.271789

13 36 0.289426

14 36 0.305921

15 36 0.321208

16 36 0.335228

17 36 0.347924

18 36 0.359248

19 36 0.369154

20 36 0.377602

21 36 0.384561

22 36 0.390002

23 36 0.393904

24 36 0.396251

25 36 0.397035

26 36 0.396251

27 36 0.393904

28 36 0.390002

29 36 0.384561

30 36 0.377602

31 36 0.369154

32 36 0.359248

33 36 0.347924

34 36 0.335228

35 36 0.321208

36 36 0.305921

37 36 0.289426

38 36 0.271789

39 36 0.253079

40 36 0.233371

41 36 0.212742

42 36 0.191273

43 36 0.169049

44 36 0.146158

45 36 0.12269

46 36 0.0987385

47 36 0.0743969

48 36 0.0497616

49 36 0.02493

50 36 0

0 37 0

1 37 0.0235858

2 37 0.0470786

3 37 0.0703856

4 37 0.0934147

5 37 0.116075

6 37 0.138278

7 37 0.159934

8 37 0.18096

9 37 0.201271

10 37 0.220788

11 37 0.239434

12 37 0.257135

13 37 0.273821

14 37 0.289426

15 37 0.303889

16 37 0.317153

17 37 0.329165

18 37 0.339878

19 37 0.34925

20 37 0.357243

21 37 0.363826

22 37 0.368974

23 37 0.372665

24 37 0.374886

25 37 0.375627

26 37 0.374886

27 37 0.372665

28 37 0.368974

29 37 0.363826

30 37 0.357243

31 37 0.34925

32 37 0.339878

33 37 0.329165

34 37 0.317153

35 37 0.303889

36 37 0.289426

37 37 0.273821

38 37 0.257135

39 37 0.239434

40 37 0.220788

41 37 0.201271

42 37 0.18096

43 37 0.159934

44 37 0.138278

45 37 0.116075

46 37 0.0934147

47 37 0.0703856

48 37 0.0470786

49 37 0.0235858

50 37 0

0 38 0

1 38 0.0221486

2 38 0.0442097

3 38 0.0660964

4 38 0.0877223

5 38 0.109002

6 38 0.129851

7 38 0.150188

8 38 0.169933

9 38 0.189006

10 38 0.207334

11 38 0.224843

12 38 0.241466

13 38 0.257135

14 38 0.271789

15 38 0.285371

16 38 0.297826

17 38 0.309106

18 38 0.319167

19 38 0.327967

20 38 0.335473

21 38 0.341656

22 38 0.34649

23 38 0.349956

24 38 0.352042

25 38 0.352738

26 38 0.352042

27 38 0.349956

28 38 0.34649

29 38 0.341656

30 38 0.335473

31 38 0.327967

32 38 0.319167

33 38 0.309106

34 38 0.297826

35 38 0.285371

36 38 0.271789

37 38 0.257135

38 38 0.241466

39 38 0.224843

40 38 0.207334

41 38 0.189006

42 38 0.169933

43 38 0.150188

44 38 0.129851

45 38 0.109002

46 38 0.0877223

47 38 0.0660964

48 38 0.0442097

49 38 0.0221486

50 38 0

0 39 0

1 39 0.0206239

2 39 0.0411664

3 39 0.0615465

4 39 0.0816836

5 39 0.101498

6 39 0.120913

7 39 0.13985

8 39 0.158235

9 39 0.175995

10 39 0.193061

11 39 0.209366

12 39 0.224843

13 39 0.239434

14 39 0.253079

15 39 0.265726

16 39 0.277324

17 39 0.287828

18 39 0.297196

19 39 0.30539

20 39 0.31238

21 39 0.318137

22 39 0.322638

23 39 0.325866

24 39 0.327808

25 39 0.328456

26 39 0.327808

27 39 0.325866

28 39 0.322638

29 39 0.318137

30 39 0.31238

31 39 0.30539

32 39 0.297196

33 39 0.287828

34 39 0.277324

35 39 0.265726

36 39 0.253079

37 39 0.239434

38 39 0.224843

39 39 0.209366

40 39 0.193061

41 39 0.175995

42 39 0.158235

43 39 0.13985

44 39 0.120913

45 39 0.101498

46 39 0.0816836

47 39 0.0615465

48 39 0.0411664

49 39 0.0206239

50 39 0

0 40 0

1 40 0.0190178

2 40 0.0379606

3 40 0.0567536

4 40 0.0753226

5 40 0.0935943

6 40 0.111497

7 40 0.128959

8 40 0.145912

9 40 0.16229

10 40 0.178027

11 40 0.193061

12 40 0.207334

13 40 0.220788

14 40 0.233371

15 40 0.245033

16 40 0.255728

17 40 0.265414

18 40 0.274052

19 40 0.281608

20 40 0.288054

21 40 0.293362

22 40 0.297513

23 40 0.300489

24 40 0.30228

25 40 0.302878

26 40 0.30228

27 40 0.300489

28 40 0.297513

29 40 0.293362

30 40 0.288054

31 40 0.281608

32 40 0.274052

33 40 0.265414

34 40 0.255728

35 40 0.245033

36 40 0.233371

37 40 0.220788

38 40 0.207334

39 40 0.193061

40 40 0.178027

41 40 0.16229

42 40 0.145912

43 40 0.128959

44 40 0.111497

45 40 0.0935943

46 40 0.0753226

47 40 0.0567536

48 40 0.0379606

49 40 0.0190178

50 40 0

0 41 0

1 41 0.0173367

2 41 0.034605

3 41 0.0517367

4 41 0.0686643

5 41 0.0853209

6 41 0.101641

7 41 0.117559

8 41 0.133014

9 41 0.147944

10 41 0.16229

11 41 0.175995

12 41 0.189006

13 41 0.201271

14 41 0.212742

15 41 0.223373

16 41 0.233122

17 41 0.241952

18 41 0.249826

19 41 0.256715

20 41 0.262591

21 41 0.26743

22 41 0.271214

23 41 0.273927

24 41 0.275559

25 41 0.276104

26 41 0.275559

27 41 0.273927

28 41 0.271214

29 41 0.26743

30 41 0.262591

31 41 0.256715

32 41 0.249826

33 41 0.241952

34 41 0.233122

35 41 0.223373

36 41 0.212742

37 41 0.201271

38 41 0.189006

39 41 0.175995

40 41 0.16229

41 41 0.147944

42 41 0.133014

43 41 0.117559

44 41 0.101641

45 41 0.0853209

46 41 0.0686643

47 41 0.0517367

48 41 0.034605

49 41 0.0173367

50 41 0

0 42 0

1 42 0.0155872

2 42 0.0311128

3 42 0.0465157

4 42 0.061735

5 42 0.0767107

6 42 0.0913836

7 42 0.105696

8 42 0.119591

9 42 0.133014

10 42 0.145912

11 42 0.158235

12 42 0.169933

13 42 0.18096

14 42 0.191273

15 42 0.200831

16 42 0.209597

17 42 0.217535

18 42 0.224615

19 42 0.230809

20 42 0.236091

21 42 0.240442

22 42 0.243844

23 42 0.246284

24 42 0.247751

25 42 0.248241

26 42 0.247751

27 42 0.246284

28 42 0.243844

29 42 0.240442

30 42 0.236091

31 42 0.230809

32 42 0.224615

33 42 0.217535

34 42 0.209597

35 42 0.200831

36 42 0.191273

37 42 0.18096

38 42 0.169933

39 42 0.158235

40 42 0.145912

41 42 0.133014

42 42 0.119591

43 42 0.105696

44 42 0.0913836

45 42 0.0767107

46 42 0.061735

47 42 0.0465157

48 42 0.0311128

49 42 0.0155872

50 42 0

0 43 0

1 43 0.0137761

2 43 0.0274979

3 43 0.0411111

4 43 0.0545621

5 43 0.0677978

6 43 0.0807658

7 43 0.0934152

8 43 0.105696

9 43 0.117559

10 43 0.128959

11 43 0.13985

12 43 0.150188

13 43 0.159934

14 43 0.169049

15 43 0.177497

16 43 0.185244

17 43 0.19226

18 43 0.198517

19 43 0.203991

20 43 0.20866

21 43 0.212505

22 43 0.215512

23 43 0.217668

24 43 0.218965

25 43 0.219398

26 43 0.218965

27 43 0.217668

28 43 0.215512

29 43 0.212505

30 43 0.20866

31 43 0.203991

32 43 0.198517

33 43 0.19226

34 43 0.185244

35 43 0.177497

36 43 0.169049

37 43 0.159934

38 43 0.150188

39 43 0.13985

40 43 0.128959

41 43 0.117559

42 43 0.105696

43 43 0.0934152

44 43 0.0807658

45 43 0.0677978

46 43 0.0545621

47 43 0.0411111

48 43 0.0274979

49 43 0.0137761

50 43 0

0 44 0

1 44 0.0119107

2 44 0.0237744

3 44 0.0355443

4 44 0.0471739

5 44 0.0586173

6 44 0.0698293

7 44 0.0807658

8 44 0.0913836

9 44 0.101641

10 44 0.111497

11 44 0.120913

12 44 0.129851

13 44 0.138278

14 44 0.146158

15 44 0.153462

16 44 0.16016

17 44 0.166226

18 44 0.171636

19 44 0.176369

20 44 0.180405

21 44 0.18373

22 44 0.18633

23 44 0.188194

24 44 0.189315

25 44 0.189689

26 44 0.189315

27 44 0.188194

28 44 0.18633

29 44 0.18373

30 44 0.180405

31 44 0.176369

32 44 0.171636

33 44 0.166226

34 44 0.16016

35 44 0.153462

36 44 0.146158

37 44 0.138278

38 44 0.129851

39 44 0.120913

40 44 0.111497

41 44 0.101641

42 44 0.0913836

43 44 0.0807658

44 44 0.0698293

45 44 0.0586173

46 44 0.0471739

47 44 0.0355443

48 44 0.0237744

49 44 0.0119107

50 44 0

0 45 0

1 45 0.00999827

2 45 0.0199571

3 45 0.0298371

4 45 0.0395994

5 45 0.0492054

6 45 0.0586173

7 45 0.0677978

8 45 0.0767107

9 45 0.0853209

10 45 0.0935943

11 45 0.101498

12 45 0.109002

13 45 0.116075

14 45 0.12269

15 45 0.128822

16 45 0.134444

17 45 0.139536

18 45 0.144078

19 45 0.14805

20 45 0.151439

21 45 0.15423

22 45 0.156412

23 45 0.157977

24 45 0.158918

25 45 0.159232

26 45 0.158918

27 45 0.157977

28 45 0.156412

29 45 0.15423

30 45 0.151439

31 45 0.14805

32 45 0.144078

33 45 0.139536

34 45 0.134444

35 45 0.128822

36 45 0.12269

37 45 0.116075

38 45 0.109002

39 45 0.101498

40 45 0.0935943

41 45 0.0853209

42 45 0.0767107

43 45 0.0677978

44 45 0.0586173

45 45 0.0492054

46 45 0.0395994

47 45 0.0298371

48 45 0.0199571

49 45 0.00999827

50 45 0

0 46 0

1 46 0.00804638

2 46 0.016061

3 46 0.0240122

4 46 0.0318687

5 46 0.0395994

6 46 0.0471739

7 46 0.0545621

8 46 0.061735

9 46 0.0686643

10 46 0.0753226

11 46 0.0816836

12 46 0.0877223

13 46 0.0934147

14 46 0.0987385

15 46 0.103673

16 46 0.108198

17 46 0.112296

18 46 0.11595

19 46 0.119148

20 46 0.121875

21 46 0.12412

22 46 0.125877

23 46 0.127136

24 46 0.127894

25 46 0.128146

26 46 0.127894

27 46 0.127136

28 46 0.125877

29 46 0.12412

30 46 0.121875

31 46 0.119148

32 46 0.11595

33 46 0.112296

34 46 0.108198

35 46 0.103673

36 46 0.0987385

37 46 0.0934147

38 46 0.0877223

39 46 0.0816836

40 46 0.0753226

41 46 0.0686643

42 46 0.061735

43 46 0.0545621

44 46 0.0471739

45 46 0.0395994

46 46 0.0318687

47 46 0.0240122

48 46 0.016061

49 46 0.00804638

50 46 0

0 47 0

1 47 0.00606274

2 47 0.0121015

3 47 0.0180926

4 47 0.0240122

5 47 0.0298371

6 47 0.0355443

7 47 0.0411111

8 47 0.0465157

9 47 0.0517367

10 47 0.0567536

11 47 0.0615465

12 47 0.0660964

13 47 0.0703856

14 47 0.0743969

15 47 0.0781146

16 47 0.0815241

17 47 0.0846118

18 47 0.0873656

19 47 0.0897746

20 47 0.0918292

21 47 0.0935215

22 47 0.0948447

23 47 0.0957936

24 47 0.0963645

25 47 0.096555

26 47 0.0963645

27 47 0.0957936

28 47 0.0948447

29 47 0.0935215

30 47 0.0918292

31 47 0.0897746

32 47 0.0873656

33 47 0.0846118

34 47 0.0815241

35 47 0.0781146

36 47 0.0743969

37 47 0.0703856

38 47 0.0660964

39 47 0.0615465

40 47 0.0567536

41 47 0.0517367

42 47 0.0465157

43 47 0.0411111

44 47 0.0355443

45 47 0.0298371

46 47 0.0240122

47 47 0.0180926

48 47 0.0121015

49 47 0.00606274

50 47 0

0 48 0

1 48 0.00405517

2 48 0.00809433

3 48 0.0121015

4 48 0.016061

5 48 0.0199571

6 48 0.0237744

7 48 0.0274979

8 48 0.0311128

9 48 0.034605

10 48 0.0379606

11 48 0.0411664

12 48 0.0442097

13 48 0.0470786

14 48 0.0497616

15 48 0.0522483

16 48 0.0545288

17 48 0.0565941

18 48 0.058436

19 48 0.0600473

20 48 0.0614216

21 48 0.0625535

22 48 0.0634385

23 48 0.0640732

24 48 0.064455

25 48 0.0645825

26 48 0.064455

27 48 0.0640732

28 48 0.0634385

29 48 0.0625535

30 48 0.0614216

31 48 0.0600473

32 48 0.058436

33 48 0.0565941

34 48 0.0545288

35 48 0.0522483

36 48 0.0497616

37 48 0.0470786

38 48 0.0442097

39 48 0.0411664

40 48 0.0379606

41 48 0.034605

42 48 0.0311128

43 48 0.0274979

44 48 0.0237744

45 48 0.0199571

46 48 0.016061

47 48 0.0121015

48 48 0.00809433

49 48 0.00405517

50 48 0

0 49 0

1 49 0.00203159

2 49 0.00405517

3 49 0.00606274

4 49 0.00804638

5 49 0.00999827

6 49 0.0119107

7 49 0.0137761

8 49 0.0155872

9 49 0.0173367

10 49 0.0190178

11 49 0.0206239

12 49 0.0221486

13 49 0.0235858

14 49 0.02493

15 49 0.0261758

16 49 0.0273183

17 49 0.028353

18 49 0.0292758

19 49 0.030083

20 49 0.0307715

21 49 0.0313386

22 49 0.031782

23 49 0.0321

24 49 0.0322912

25 49 0.0323551

26 49 0.0322912

27 49 0.0321

28 49 0.031782

29 49 0.0313386

30 49 0.0307715

31 49 0.030083

32 49 0.0292758

33 49 0.028353

34 49 0.0273183

35 49 0.0261758

36 49 0.02493

37 49 0.0235858

38 49 0.0221486

39 49 0.0206239

40 49 0.0190178

41 49 0.0173367

42 49 0.0155872

43 49 0.0137761

44 49 0.0119107

45 49 0.00999827

46 49 0.00804638

47 49 0.00606274

48 49 0.00405517

49 49 0.00203159

50 49 0

