0 1 0

1 1 0.000341279

2 1 0.000681211

3 1 0.00101846

4 1 0.00135168

5 1 0.00167957

6 1 0.00200083

7 1 0.0023142

8 1 0.00261843

9 1 0.00291233

10 1 0.00319473

11 1 0.00346453

12 1 0.00372065

13 1 0.00396209

14 1 0.00418789

15 1 0.00439717

16 1 0.00458909

17 1 0.0047629

18 1 0.00491792

19 1 0.00505352

20 1 0.00516918

21 1 0.00526444

22 1 0.00533893

23 1 0.00539234

24 1 0.00542448

25 1 0.0054352

26 1 0.00542448

27 1 0.00539234

28 1 0.00533893

29 1 0.00526444

30 1 0.00516918

31 1 0.00505352

32 1 0.00491792

33 1 0.0047629

34 1 0.00458909

35 1 0.00439717

36 1 0.00418789

37 1 0.00396209

38 1 0.00372065

39 1 0.00346453

40 1 0.00319473

41 1 0.00291233

42 1 0.00261843

43 1 0.0023142

44 1 0.00200083

45 1 0.00167957

46 1 0.00135168

47 1 0.00101846

48 1 0.000681211

49 1 0.000341279

50 1 0

0 2 0

1 2 0.000681211

2 2 0.00135973

3 2 0.00203289

4 2 0.00269802

5 2 0.00335251

6 2 0.00399377

7 2 0.00461926

8 2 0.00522652

9 2 0.00581316

10 2 0.00637685

11 2 0.00691538

12 2 0.00742662

13 2 0.00790855

14 2 0.00835926

15 2 0.00877699

16 2 0.00916007

17 2 0.00950701

18 2 0.00981643

19 2 0.0100871

20 2 0.010318

21 2 0.0105081

22 2 0.0106568

23 2 0.0107634

24 2 0.0108275

25 2 0.010849

26 2 0.0108275

27 2 0.0107634

28 2 0.0106568

29 2 0.0105081

30 2 0.010318

31 2 0.0100871

32 2 0.00981643

33 2 0.00950701

34 2 0.00916007

35 2 0.00877699

36 2 0.00835926

37 2 0.00790855

38 2 0.00742662

39 2 0.00691538

40 2 0.00637685

41 2 0.00581316

42 2 0.00522652

43 2 0.00461926

44 2 0.00399377

45 2 0.00335251

46 2 0.00269802

47 2 0.00203289

48 2 0.00135973

49 2 0.000681211

50 2 0

0 3 0

1 3 0.00101846

2 3 0.00203289

3 3 0.0030393

4 3 0.00403372

5 3 0.00501222

6 3 0.00597094

7 3 0.00690609

8 3 0.00781399

9 3 0.00869105

10 3 0.00953381

11 3 0.0103389

12 3 0.0111033

13 3 0.0118238

14 3 0.0124976

15 3 0.0131222

16 3 0.0136949

17 3 0.0142136

18 3 0.0146762

19 3 0.0150809

20 3 0.015426

21 3 0.0157103

22 3 0.0159326

23 3 0.016092

24 3 0.0161879

25 3 0.0162199

26 3 0.0161879

27 3 0.016092

28 3 0.0159326

29 3 0.0157103

30 3 0.015426

31 3 0.0150809

32 3 0.0146762

33 3 0.0142136

34 3 0.0136949

35 3 0.0131222

36 3 0.0124976

37 3 0.0118238

38 3 0.0111033

39 3 0.0103389

40 3 0.00953381

41 3 0.00869105

42 3 0.00781399

43 3 0.00690609

44 3 0.00597094

45 3 0.00501222

46 3 0.00403372

47 3 0.0030393

48 3 0.00203289

49 3 0.00101846

50 3 0

0 4 0

1 4 0.00135168

2 4 0.00269802

3 4 0.00403372

4 4 0.0053535

5 4 0.00665215

6 4 0.00792455

7 4 0.00916567

8 4 0.0103706

9 4 0.0115346

10 4 0.0126531

11 4 0.0137217

12 4 0.0147361

13 4 0.0156924

14 4 0.0165867

15 4 0.0174156

16 4 0.0181757

17 4 0.0188641

18 4 0.019478

19 4 0.0200151

20 4 0.0204732

21 4 0.0208505

22 4 0.0211455

23 4 0.0213571

24 4 0.0214843

25 4 0.0215268

26 4 0.0214843

27 4 0.0213571

28 4 0.0211455

29 4 0.0208505

30 4 0.0204732

31 4 0.0200151

32 4 0.019478

33 4 0.0188641

34 4 0.0181757

35 4 0.0174156

36 4 0.0165867

37 4 0.0156924

38 4 0.0147361

39 4 0.0137217

40 4 0.0126531

41 4 0.0115346

42 4 0.0103706

43 4 0.00916567

44 4 0.00792455

45 4 0.00665215

46 4 0.0053535

47 4 0.00403372

48 4 0.00269802

49 4 0.00135168

50 4 0

0 5 0

1 5 0.00167957

2 5 0.00335251

3 5 0.00501222

4 5 0.00665215

5 5 0.00826583

6 5 0.00984688

7 5 0.0113891

8 5 0.0128863

9 5 0.0143327

10 5 0.0157225

11 5 0.0170503

12 5 0.0183108

13 5 0.019499

14 5 0.0206103

15 5 0.0216402

16 5 0.0225847

17 5 0.0234401

18 5 0.024203

19 5 0.0248704

20 5 0.0254396

21 5 0.0259084

22 5 0.026275

23 5 0.0265379

24 5 0.026696

25 5 0.0267488

26 5 0.026696

27 5 0.0265379

28 5 0.026275

29 5 0.0259084

30 5 0.0254396

31 5 0.0248704

32 5 0.024203

33 5 0.0234401

34 5 0.0225847

35 5 0.0216402

36 5 0.0206103

37 5 0.019499

38 5 0.0183108

39 5 0.0170503

40 5 0.0157225

41 5 0.0143327

42 5 0.0128863

43 5 0.0113891

44 5 0.00984688

45 5 0.00826583

46 5 0.00665215

47 5 0.00501222

48 5 0.00335251

49 5 0.00167957

50 5 0

0 6 0

1 6 0.00200083

2 6 0.00399377

3 6 0.00597094

4 6 0.00792455

5 6 0.00984688

6 6 0.0117304

7 6 0.0135675

8 6 0.0153512

9 6 0.0170742

10 6 0.0187299

11 6 0.0203116

12 6 0.0218132

13 6 0.0232287

14 6 0.0245525

15 6 0.0257795

16 6 0.0269047

17 6 0.0279237

18 6 0.0288325

19 6 0.0296275

20 6 0.0303056

21 6 0.0308641

22 6 0.0313008

23 6 0.0316139

24 6 0.0318023

25 6 0.0318652

26 6 0.0318023

27 6 0.0316139

28 6 0.0313008

29 6 0.0308641

30 6 0.0303056

31 6 0.0296275

32 6 0.0288325

33 6 0.0279237

34 6 0.0269047

35 6 0.0257795

36 6 0.0245525

37 6 0.0232287

38 6 0.0218132

39 6 0.0203116

40 6 0.0187299

41 6 0.0170742

42 6 0.0153512

43 6 0.0135675

44 6 0.0117304

45 6 0.00984688

46 6 0.00792455

47 6 0.00597094

48 6 0.00399377

49 6 0.00200083

50 6 0

0 7 0

1 7 0.0023142

2 7 0.00461926

3 7 0.00690609

4 7 0.00916567

5 7 0.0113891

6 7 0.0135675

7 7 0.0156924

8 7 0.0177554

9 7 0.0197483

10 7 0.0216633

11 7 0.0234928

12 7 0.0252295

13 7 0.0268667

14 7 0.0283979

15 7 0.029817

16 7 0.0311184

17 7 0.032297

18 7 0.0333481

19 7 0.0342677

20 7 0.035052

21 7 0.0356979

22 7 0.036203

23 7 0.0365652

24 7 0.0367831

25 7 0.0368558

26 7 0.0367831

27 7 0.0365652

28 7 0.036203

29 7 0.0356979

30 7 0.035052

31 7 0.0342677

32 7 0.0333481

33 7 0.032297

34 7 0.0311184

35 7 0.029817

36 7 0.0283979

37 7 0.0268667

38 7 0.0252295

39 7 0.0234928

40 7 0.0216633

41 7 0.0197483

42 7 0.0177554

43 7 0.0156924

44 7 0.0135675

45 7 0.0113891

46 7 0.00916567

47 7 0.00690609

48 7 0.00461926

49 7 0.0023142

50 7 0

0 8 0

1 8 0.00261843

2 8 0.00522652

3 8 0.00781399

4 8 0.0103706

5 8 0.0128863

6 8 0.0153512

7 8 0.0177554

8 8 0.0200896

9 8 0.0223445

10 8 0.0245112

11 8 0.0265812

12 8 0.0285463

13 8 0.0303987

14 8 0.0321312

15 8 0.0337368

16 8 0.0352093

17 8 0.0365429

18 8 0.0377322

19 8 0.0387726

20 8 0.03966

21 8 0.0403909

22 8 0.0409624

23 8 0.0413722

24 8 0.0416187

25 8 0.041701

26 8 0.0416187

27 8 0.0413722

28 8 0.0409624

29 8 0.0403909

30 8 0.03966

31 8 0.0387726

32 8 0.0377322

33 8 0.0365429

34 8 0.0352093

35 8 0.0337368

36 8 0.0321312

37 8 0.0303987

38 8 0.0285463

39 8 0.0265812

40 8 0.0245112

41 8 0.0223445

42 8 0.0200896

43 8 0.0177554

44 8 0.0153512

45 8 0.0128863

46 8 0.0103706

47 8 0.00781399

48 8 0.00522652

49 8 0.00261843

50 8 0

0 9 0

1 9 0.00291233

2 9 0.00581316

3 9 0.00869105

4 9 0.0115346

5 9 0.0143327

6 9 0.0170742

7 9 0.0197483

8 9 0.0223445

9 9 0.0248525

10 9 0.0272624

11 9 0.0295648

12 9 0.0317504

13 9 0.0338108

14 9 0.0357377

15 9 0.0375235

16 9 0.0391613

17 9 0.0406445

18 9 0.0419674

19 9 0.0431245

20 9 0.0441115

21 9 0.0449245

22 9 0.0455601

23 9 0.0460159

24 9 0.0462901

25 9 0.0463816

26 9 0.0462901

27 9 0.0460159

28 9 0.0455601

29 9 0.0449245

30 9 0.0441115

31 9 0.0431245

32 9 0.0419674

33 9 0.0406445

34 9 0.0391613

35 9 0.0375235

36 9 0.0357377

37 9 0.0338108

38 9 0.0317504

39 9 0.0295648

40 9 0.0272624

41 9 0.0248525

42 9 0.0223445

43 9 0.0197483

44 9 0.0170742

45 9 0.0143327

46 9 0.0115346

47 9 0.00869105

48 9 0.00581316

49 9 0.00291233

50 9 0

0 10 0

1 10 0.00319473

2 10 0.00637685

3 10 0.00953381

4 10 0.0126531

5 10 0.0157225

6 10 0.0187299

7 10 0.0216633

8 10 0.0245112

9 10 0.0272624

10 10 0.029906

11 10 0.0324316

12 10 0.0348292

13 10 0.0370893

14 10 0.0392031

15 10 0.0411621

16 10 0.0429587

17 10 0.0445858

18 10 0.0460369

19 10 0.0473063

20 10 0.048389

21 10 0.0492807

22 10 0.049978

23 10 0.050478

24 10 0.0507788

25 10 0.0508792

26 10 0.0507788

27 10 0.050478

28 10 0.049978

29 10 0.0492807

30 10 0.048389

31 10 0.0473063

32 10 0.0460369

33 10 0.0445858

34 10 0.0429587

35 10 0.0411621

36 10 0.0392031

37 10 0.0370893

38 10 0.0348292

39 10 0.0324316

40 10 0.029906

41 10 0.0272624

42 10 0.0245112

43 10 0.0216633

44 10 0.0187299

45 10 0.0157225

46 10 0.0126531

47 10 0.00953381

48 10 0.00637685

49 10 0.00319473

50 10 0

0 11 0

1 11 0.00346453

2 11 0.00691538

3 11 0.0103389

4 11 0.0137217

5 11 0.0170503

6 11 0.0203116

7 11 0.0234928

8 11 0.0265812

9 11 0.0295648

10 11 0.0324316

11 11 0.0351705

12 11 0.0377705

13 11 0.0402215

14 11 0.0425138

15 11 0.0446383

16 11 0.0465866

17 11 0.0483511

18 11 0.0499247

19 11 0.0513013

20 11 0.0524755

21 11 0.0534425

22 11 0.0541986

23 11 0.0547409

24 11 0.0550671

25 11 0.055176

26 11 0.0550671

27 11 0.0547409

28 11 0.0541986

29 11 0.0534425

30 11 0.0524755

31 11 0.0513013

32 11 0.0499247

33 11 0.0483511

34 11 0.0465866

35 11 0.0446383

36 11 0.0425138

37 11 0.0402215

38 11 0.0377705

39 11 0.0351705

40 11 0.0324316

41 11 0.0295648

42 11 0.0265812

43 11 0.0234928

44 11 0.0203116

45 11 0.0170503

46 11 0.0137217

47 11 0.0103389

48 11 0.00691538

49 11 0.00346453

50 11 0

0 12 0

1 12 0.00372065

2 12 0.00742662

3 12 0.0111033

4 12 0.0147361

5 12 0.0183108

6 12 0.0218132

7 12 0.0252295

8 12 0.0285463

9 12 0.0317504

10 12 0.0348292

11 12 0.0377705

12 12 0.0405628

13 12 0.043195

14 12 0.0456567

15 12 0.0479383

16 12 0.0500306

17 12 0.0519255

18 12 0.0536155

19 12 0.0550939

20 12 0.0563548

21 12 0.0573934

22 12 0.0582054

23 12 0.0587877

24 12 0.0591381

25 12 0.059255

26 12 0.0591381

27 12 0.0587877

28 12 0.0582054

29 12 0.0573934

30 12 0.0563548

31 12 0.0550939

32 12 0.0536155

33 12 0.0519255

34 12 0.0500306

35 12 0.0479383

36 12 0.0456567

37 12 0.043195

38 12 0.0405628

39 12 0.0377705

40 12 0.0348292

41 12 0.0317504

42 12 0.0285463

43 12 0.0252295

44 12 0.0218132

45 12 0.0183108

46 12 0.0147361

47 12 0.0111033

48 12 0.00742662

49 12 0.00372065

50 12 0

0 13 0

1 13 0.00396209

2 13 0.00790855

3 13 0.0118238

4 13 0.0156924

5 13 0.019499

6 13 0.0232287

7 13 0.0268667

8 13 0.0303987

9 13 0.0338108

10 13 0.0370893

11 13 0.0402215

12 13 0.043195

13 13 0.045998

14 13 0.0486195

15 13 0.0510491

16 13 0.0532772

17 13 0.0552951

18 13 0.0570947

19 13 0.058669

20 13 0.0600118

21 13 0.0611177

22 13 0.0619825

23 13 0.0626026

24 13 0.0629756

25 13 0.0631001

26 13 0.0629756

27 13 0.0626026

28 13 0.0619825

29 13 0.0611177

30 13 0.0600118

31 13 0.058669

32 13 0.0570947

33 13 0.0552951

34 13 0.0532772

35 13 0.0510491

36 13 0.0486195

37 13 0.045998

38 13 0.043195

39 13 0.0402215

40 13 0.0370893

41 13 0.0338108

42 13 0.0303987

43 13 0.0268667

44 13 0.0232287

45 13 0.019499

46 13 0.0156924

47 13 0.0118238

48 13 0.00790855

49 13 0.00396209

50 13 0

0 14 0

1 14 0.00418789

2 14 0.00835926

3 14 0.0124976

4 14 0.0165867

5 14 0.0206103

6 14 0.0245525

7 14 0.0283979

8 14 0.0321312

9 14 0.0357377

10 14 0.0392031

11 14 0.0425138

12 14 0.0456567

13 14 0.0486195

14 14 0.0513904

15 14 0.0539584

16 14 0.0563135

17 14 0.0584464

18 14 0.0603486

19 14 0.0620126

20 14 0.0634319

21 14 0.0646009

22 14 0.0655149

23 14 0.0661704

24 14 0.0665647

25 14 0.0666963

26 14 0.0665647

27 14 0.0661704

28 14 0.0655149

29 14 0.0646009

30 14 0.0634319

31 14 0.0620126

32 14 0.0603486

33 14 0.0584464

34 14 0.0563135

35 14 0.0539584

36 14 0.0513904

37 14 0.0486195

38 14 0.0456567

39 14 0.0425138

40 14 0.0392031

41 14 0.0357377

42 14 0.0321312

43 14 0.0283979

44 14 0.0245525

45 14 0.0206103

46 14 0.0165867

47 14 0.0124976

48 14 0.00835926

49 14 0.00418789

50 14 0

0 15 0

1 15 0.00439717

2 15 0.00877699

3 15 0.0131222

4 15 0.0174156

5 15 0.0216402

6 15 0.0257795

7 15 0.029817

8 15 0.0337368

9 15 0.0375235

10 15 0.0411621

11 15 0.0446383

12 15 0.0479383

13 15 0.0510491

14 15 0.0539584

15 15 0.0566548

16 15 0.0591276

17 15 0.0613671

18 15 0.0633643

19 15 0.0651115

20 15 0.0666017

21 15 0.0678291

22 15 0.0687888

23 15 0.069477

24 15 0.069891

25 15 0.0700292

26 15 0.069891

27 15 0.069477

28 15 0.0687888

29 15 0.0678291

30 15 0.0666017

31 15 0.0651115

32 15 0.0633643

33 15 0.0613671

34 15 0.0591276

35 15 0.0566548

36 15 0.0539584

37 15 0.0510491

38 15 0.0479383

39 15 0.0446383

40 15 0.0411621

41 15 0.0375235

42 15 0.0337368

43 15 0.029817

44 15 0.0257795

45 15 0.0216402

46 15 0.0174156

47 15 0.0131222

48 15 0.00877699

49 15 0.00439717

50 15 0

0 16 0

1 16 0.00458909

2 16 0.00916007

3 16 0.0136949

4 16 0.0181757

5 16 0.0225847

6 16 0.0269047

7 16 0.0311184

8 16 0.0352093

9 16 0.0391613

10 16 0.0429587

11 16 0.0465866

12 16 0.0500306

13 16 0.0532772

14 16 0.0563135

15 16 0.0591276

16 16 0.0617083

17 16 0.0640455

18 16 0.06613

19 16 0.0679534

20 16 0.0695087

21 16 0.0707896

22 16 0.0717912

23 16 0.0725094

24 16 0.0729415

25 16 0.0730857

26 16 0.0729415

27 16 0.0725094

28 16 0.0717912

29 16 0.0707896

30 16 0.0695087

31 16 0.0679534

32 16 0.06613

33 16 0.0640455

34 16 0.0617083

35 16 0.0591276

36 16 0.0563135

37 16 0.0532772

38 16 0.0500306

39 16 0.0465866

40 16 0.0429587

41 16 0.0391613

42 16 0.0352093

43 16 0.0311184

44 16 0.0269047

45 16 0.0225847

46 16 0.0181757

47 16 0.0136949

48 16 0.00916007

49 16 0.00458909

50 16 0

0 17 0

1 17 0.0047629

2 17 0.00950701

3 17 0.0142136

4 17 0.0188641

5 17 0.0234401

6 17 0.0279237

7 17 0.032297

8 17 0.0365429

9 17 0.0406445

10 17 0.0445858

11 17 0.0483511

12 17 0.0519255

13 17 0.0552951

14 17 0.0584464

15 17 0.0613671

16 17 0.0640455

17 17 0.0664712

18 17 0.0686346

19 17 0.0705271

20 17 0.0721413

21 17 0.0734708

22 17 0.0745103

23 17 0.0752557

24 17 0.0757042

25 17 0.0758539

26 17 0.0757042

27 17 0.0752557

28 17 0.0745103

29 17 0.0734708

30 17 0.0721413

31 17 0.0705271

32 17 0.0686346

33 17 0.0664712

34 17 0.0640455

35 17 0.0613671

36 17 0.0584464

37 17 0.0552951

38 17 0.0519255

39 17 0.0483511

40 17 0.0445858

41 17 0.0406445

42 17 0.0365429

43 17 0.032297

44 17 0.0279237

45 17 0.0234401

46 17 0.0188641

47 17 0.0142136

48 17 0.00950701

49 17 0.0047629

50 17 0

0 18 0

1 18 0.00491792

2 18 0.00981643

3 18 0.0146762

4 18 0.019478

5 18 0.024203

6 18 0.0288325

7 18 0.0333481

8 18 0.0377322

9 18 0.0419674

10 18 0.0460369

11 18 0.0499247

12 18 0.0536155

13 18 0.0570947

14 18 0.0603486

15 18 0.0633643

16 18 0.06613

17 18 0.0686346

18 18 0.0708684

19 18 0.0728225

20 18 0.0744892

21 18 0.075862

22 18 0.0769353

23 18 0.077705

24 18 0.0781681

25 18 0.0783226

26 18 0.0781681

27 18 0.077705

28 18 0.0769353

29 18 0.075862

30 18 0.0744892

31 18 0.0728225

32 18 0.0708684

33 18 0.0686346

34 18 0.06613

35 18 0.0633643

36 18 0.0603486

37 18 0.0570947

38 18 0.0536155

39 18 0.0499247

40 18 0.0460369

41 18 0.0419674

42 18 0.0377322

43 18 0.0333481

44 18 0.0288325

45 18 0.024203

46 18 0.019478

47 18 0.0146762

48 18 0.00981643

49 18 0.00491792

50 18 0

0 19 0

1 19 0.00505352

2 19 0.0100871

3 19 0.0150809

4 19 0.0200151

5 19 0.0248704

6 19 0.0296275

7 19 0.0342677

8 19 0.0387726

9 19 0.0431245

10 19 0.0473063

11 19 0.0513013

12 19 0.0550939

13 19 0.058669

14 19 0.0620126

15 19 0.0651115

16 19 0.0679534

17 19 0.0705271

18 19 0.0728225

19 19 0.0748305

20 19 0.0765432

21 19 0.0779538

22 19 0.0790567

23 19 0.0798476

24 19 0.0803234

25 19 0.0804822

26 19 0.0803234

27 19 0.0798476

28 19 0.0790567

29 19 0.0779538

30 19 0.0765432

31 19 0.0748305

32 19 0.0728225

33 19 0.0705271

34 19 0.0679534

35 19 0.0651115

36 19 0.0620126

37 19 0.058669

38 19 0.0550939

39 19 0.0513013

40 19 0.0473063

41 19 0.0431245

42 19 0.0387726

43 19 0.0342677

44 19 0.0296275

45 19 0.0248704

46 19 0.0200151

47 19 0.0150809

48 19 0.0100871

49 19 0.00505352

50 19 0

0 20 0

1 20 0.00516918

2 20 0.010318

3 20 0.015426

4 20 0.0204732

5 20 0.0254396

6 20 0.0303056

7 20 0.035052

8 20 0.03966

9 20 0.0441115

10 20 0.048389

11 20 0.0524755

12 20 0.0563548

13 20 0.0600118

14 20 0.0634319

15 20 0.0666017

16 20 0.0695087

17 20 0.0721413

18 20 0.0744892

19 20 0.0765432

20 20 0.078295

21 20 0.0797379

22 20 0.0808661

23 20 0.0816751

24 20 0.0821618

25 20 0.0823243

26 20 0.0821618

27 20 0.0816751

28 20 0.0808661

29 20 0.0797379

30 20 0.078295

31 20 0.0765432

32 20 0.0744892

33 20 0.0721413

34 20 0.0695087

35 20 0.0666017

36 20 0.0634319

37 20 0.0600118

38 20 0.0563548

39 20 0.0524755

40 20 0.048389

41 20 0.0441115

42 20 0.03966

43 20 0.035052

44 20 0.0303056

45 20 0.0254396

46 20 0.0204732

47 20 0.015426

48 20 0.010318

49 20 0.00516918

50 20 0

0 21 0

1 21 0.00526444

2 21 0.0105081

3 21 0.0157103

4 21 0.0208505

5 21 0.0259084

6 21 0.0308641

7 21 0.0356979

8 21 0.0403909

9 21 0.0449245

10 21 0.0492807

11 21 0.0534425

12 21 0.0573934

13 21 0.0611177

14 21 0.0646009

15 21 0.0678291

16 21 0.0707896

17 21 0.0734708

18 21 0.075862

19 21 0.0779538

20 21 0.0797379

21 21 0.0812074

22 21 0.0823563

23 21 0.0831803

24 21 0.0836759

25 21 0.0838414

26 21 0.0836759

27 21 0.0831803

28 21 0.0823563

29 21 0.0812074

30 21 0.0797379

31 21 0.0779538

32 21 0.075862

33 21 0.0734708

34 21 0.0707896

35 21 0.0678291

36 21 0.0646009

37 21 0.0611177

38 21 0.0573934

39 21 0.0534425

40 21 0.0492807

41 21 0.0449245

42 21 0.0403909

43 21 0.0356979

44 21 0.0308641

45 21 0.0259084

46 21 0.0208505

47 21 0.0157103

48 21 0.0105081

49 21 0.00526444

50 21 0

0 22 0

1 22 0.00533893

2 22 0.0106568

3 22 0.0159326

4 22 0.0211455

5 22 0.026275

6 22 0.0313008

7 22 0.036203

8 22 0.0409624

9 22 0.0455601

10 22 0.049978

11 22 0.0541986

12 22 0.0582054

13 22 0.0619825

14 22 0.0655149

15 22 0.0687888

16 22 0.0717912

17 22 0.0745103

18 22 0.0769353

19 22 0.0790567

20 22 0.0808661

21 22 0.0823563

22 22 0.0835216

23 22 0.0843572

24 22 0.0848598

25 22 0.0850276

26 22 0.0848598

27 22 0.0843572

28 22 0.0835216

29 22 0.0823563

30 22 0.0808661

31 22 0.0790567

32 22 0.0769353

33 22 0.0745103

34 22 0.0717912

35 22 0.0687888

36 22 0.0655149

37 22 0.0619825

38 22 0.0582054

39 22 0.0541986

40 22 0.049978

41 22 0.0455601

42 22 0.0409624

43 22 0.036203

44 22 0.0313008

45 22 0.026275

46 22 0.0211455

47 22 0.0159326

48 22 0.0106568

49 22 0.00533893

50 22 0

0 23 0

1 23 0.00539234

2 23 0.0107634

3 23 0.016092

4 23 0.0213571

5 23 0.0265379

6 23 0.0316139

7 23 0.0365652

8 23 0.0413722

9 23 0.0460159

10 23 0.050478

11 23 0.0547409

12 23 0.0587877

13 23 0.0626026

14 23 0.0661704

15 23 0.069477

16 23 0.0725094

17 23 0.0752557

18 23 0.077705

19 23 0.0798476

20 23 0.0816751

21 23 0.0831803

22 23 0.0843572

23 23 0.0852011

24 23 0.0857088

25 23 0.0858783

26 23 0.0857088

27 23 0.0852011

28 23 0.0843572

29 23 0.0831803

30 23 0.0816751

31 23 0.0798476

32 23 0.077705

33 23 0.0752557

34 23 0.0725094

35 23 0.069477

36 23 0.0661704

37 23 0.0626026

38 23 0.0587877

39 23 0.0547409

40 23 0.050478

41 23 0.0460159

42 23 0.0413722

43 23 0.0365652

44 23 0.0316139

45 23 0.0265379

46 23 0.0213571

47 23 0.016092

48 23 0.0107634

49 23 0.00539234

50 23 0

0 24 0

1 24 0.00542448

2 24 0.0108275

3 24 0.0161879

4 24 0.0214843

5 24 0.026696

6 24 0.0318023

7 24 0.0367831

8 24 0.0416187

9 24 0.0462901

10 24 0.0507788

11 24 0.0550671

12 24 0.0591381

13 24 0.0629756

14 24 0.0665647

15 24 0.069891

16 24 0.0729415

17 24 0.0757042

18 24 0.0781681

19 24 0.0803234

20 24 0.0821618

21 24 0.0836759

22 24 0.0848598

23 24 0.0857088

24 24 0.0862196

25 24 0.08639

26 24 0.0862196

27 24 0.0857088

28 24 0.0848598

29 24 0.0836759

30 24 0.0821618

31 24 0.0803234

32 24 0.0781681

33 24 0.0757042

34 24 0.0729415

35 24 0.069891

36 24 0.0665647

37 24 0.0629756

38 24 0.0591381

39 24 0.0550671

40 24 0.0507788

41 24 0.0462901

42 24 0.0416187

43 24 0.0367831

44 24 0.0318023

45 24 0.026696

46 24 0.0214843

47 24 0.0161879

48 24 0.0108275

49 24 0.00542448

50 24 0

0 25 0

1 25 0.0054352

2 25 0.010849

3 25 0.0162199

4 25 0.0215268

5 25 0.0267488

6 25 0.0318652

7 25 0.0368558

8 25 0.041701

9 25 0.0463816

10 25 0.0508792

11 25 0.055176

12 25 0.059255

13 25 0.0631001

14 25 0.0666963

15 25 0.0700292

16 25 0.0730857

17 25 0.0758539

18 25 0.0783226

19 25 0.0804822

20 25 0.0823243

21 25 0.0838414

22 25 0.0850276

23 25 0.0858783

24 25 0.08639

25 25 0.0865609

26 25 0.08639

27 25 0.0858783

28 25 0.0850276

29 25 0.0838414

30 25 0.0823243

31 25 0.0804822

32 25 0.0783226

33 25 0.0758539

34 25 0.0730857

35 25 0.0700292

36 25 0.0666963

37 25 0.0631001

38 25 0.059255

39 25 0.055176

40 25 0.0508792

41 25 0.0463816

42 25 0.041701

43 25 0.0368558

44 25 0.0318652

45 25 0.0267488

46 25 0.0215268

47 25 0.0162199

48 25 0.010849

49 25 0.0054352

50 25 0

0 26 0

1 26 0.00542448

2 26 0.0108275

3 26 0.0161879

4 26 0.0214843

5 26 0.026696

6 26 0.0318023

7 26 0.0367831

8 26 0.0416187

9 26 0.0462901

10 26 0.0507788

11 26 0.0550671

12 26 0.0591381

13 26 0.0629756

14 26 0.0665647

15 26 0.069891

16 26 0.0729415

17 26 0.0757042

18 26 0.0781681

19 26 0.0803234

20 26 0.0821618

21 26 0.0836759

22 26 0.0848598

23 26 0.0857088

24 26 0.0862196

25 26 0.08639

26 26 0.0862196

27 26 0.0857088

28 26 0.0848598

29 26 0.0836759

30 26 0.0821618

31 26 0.0803234

32 26 0.0781681

33 26 0.0757042

34 26 0.0729415

35 26 0.069891

36 26 0.0665647

37 26 0.0629756

38 26 0.0591381

39 26 0.0550671

40 26 0.0507788

41 26 0.0462901

42 26 0.0416187

43 26 0.0367831

44 26 0.0318023

45 26 0.026696

46 26 0.0214843

47 26 0.0161879

48 26 0.0108275

49 26 0.00542448

50 26 0

0 27 0

1 27 0.00539234

2 27 0.0107634

3 27 0.016092

4 27 0.0213571

5 27 0.0265379

6 27 0.0316139

7 27 0.0365652

8 27 0.0413722

9 27 0.0460159

10 27 0.050478

11 27 0.0547409

12 27 0.0587877

13 27 0.0626026

14 27 0.0661704

15 27 0.069477

16 27 0.0725094

17 27 0.0752557

18 27 0.077705

19 27 0.0798476

20 27 0.0816751

21 27 0.0831803

22 27 0.0843572

23 27 0.0852011

24 27 0.0857088

25 27 0.0858783

26 27 0.0857088

27 27 0.0852011

28 27 0.0843572

29 27 0.0831803

30 27 0.0816751

31 27 0.0798476

32 27 0.077705

33 27 0.0752557

34 27 0.0725094

35 27 0.069477

36 27 0.0661704

37 27 0.0626026

38 27 0.0587877

39 27 0.0547409

40 27 0.050478

41 27 0.0460159

42 27 0.0413722

43 27 0.0365652

44 27 0.0316139

45 27 0.0265379

46 27 0.0213571

47 27 0.016092

48 27 0.0107634

49 27 0.00539234

50 27 0

0 28 0

1 28 0.00533893

2 28 0.0106568

3 28 0.0159326

4 28 0.0211455

5 28 0.026275

6 28 0.0313008

7 28 0.036203

8 28 0.0409624

9 28 0.0455601

10 28 0.049978

11 28 0.0541986

12 28 0.0582054

13 28 0.0619825

14 28 0.0655149

15 28 0.0687888

16 28 0.0717912

17 28 0.0745103

18 28 0.0769353

19 28 0.0790567

20 28 0.0808661

21 28 0.0823563

22 28 0.0835216

23 28 0.0843572

24 28 0.0848598

25 28 0.0850276

26 28 0.0848598

27 28 0.0843572

28 28 0.0835216

29 28 0.0823563

30 28 0.0808661

31 28 0.0790567

32 28 0.0769353

33 28 0.0745103

34 28 0.0717912

35 28 0.0687888

36 28 0.0655149

37 28 0.0619825

38 28 0.0582054

39 28 0.0541986

40 28 0.049978

41 28 0.0455601

42 28 0.0409624

43 28 0.036203

44 28 0.0313008

45 28 0.026275

46 28 0.0211455

47 28 0.0159326

48 28 0.0106568

49 28 0.00533893

50 28 0

0 29 0

1 29 0.00526444

2 29 0.0105081

3 29 0.0157103

4 29 0.0208505

5 29 0.0259084

6 29 0.0308641

7 29 0.0356979

8 29 0.0403909

9 29 0.0449245

10 29 0.0492807

11 29 0.0534425

12 29 0.0573934

13 29 0.0611177

14 29 0.0646009

15 29 0.0678291

16 29 0.0707896

17 29 0.0734708

18 29 0.075862

19 29 0.0779538

20 29 0.0797379

21 29 0.0812074

22 29 0.0823563

23 29 0.0831803

24 29 0.0836759

25 29 0.0838414

26 29 0.0836759

27 29 0.0831803

28 29 0.0823563

29 29 0.0812074

30 29 0.0797379

31 29 0.0779538

32 29 0.075862

33 29 0.0734708

34 29 0.0707896

35 29 0.0678291

36 29 0.0646009

37 29 0.0611177

38 29 0.0573934

39 29 0.0534425

40 29 0.0492807

41 29 0.0449245

42 29 0.0403909

43 29 0.0356979

44 29 0.0308641

45 29 0.0259084

46 29 0.0208505

47 29 0.0157103

48 29 0.0105081

49 29 0.00526444

50 29 0

0 30 0

1 30 0.00516918

2 30 0.010318

3 30 0.015426

4 30 0.0204732

5 30 0.0254396

6 30 0.0303056

7 30 0.035052

8 30 0.03966

9 30 0.0441115

10 30 0.048389

11 30 0.0524755

12 30 0.0563548

13 30 0.0600118

14 30 0.0634319

15 30 0.0666017

16 30 0.0695087

17 30 0.0721413

18 30 0.0744892

19 30 0.0765432

20 30 0.078295

21 30 0.0797379

22 30 0.0808661

23 30 0.0816751

24 30 0.0821618

25 30 0.0823243

26 30 0.0821618

27 30 0.0816751

28 30 0.0808661

29 30 0.0797379

30 30 0.078295

31 30 0.0765432

32 30 0.0744892

33 30 0.0721413

34 30 0.0695087

35 30 0.0666017

36 30 0.0634319

37 30 0.0600118

38 30 0.0563548

39 30 0.0524755

40 30 0.048389

41 30 0.0441115

42 30 0.03966

43 30 0.035052

44 30 0.0303056

45 30 0.0254396

46 30 0.0204732

47 30 0.015426

48 30 0.010318

49 30 0.00516918

50 30 0

0 31 0

1 31 0.00505352

2 31 0.0100871

3 31 0.0150809

4 31 0.0200151

5 31 0.0248704

6 31 0.0296275

7 31 0.0342677

8 31 0.0387726

9 31 0.0431245

10 31 0.0473063

11 31 0.0513013

12 31 0.0550939

13 31 0.058669

14 31 0.0620126

15 31 0.0651115

16 31 0.0679534

17 31 0.0705271

18 31 0.0728225

19 31 0.0748305

20 31 0.0765432

21 31 0.0779538

22 31 0.0790567

23 31 0.0798476

24 31 0.0803234

25 31 0.0804822

26 31 0.0803234

27 31 0.0798476

28 31 0.0790567

29 31 0.0779538

30 31 0.0765432

31 31 0.0748305

32 31 0.0728225

33 31 0.0705271

34 31 0.0679534

35 31 0.0651115

36 31 0.0620126

37 31 0.058669

38 31 0.0550939

39 31 0.0513013

40 31 0.0473063

41 31 0.0431245

42 31 0.0387726

43 31 0.0342677

44 31 0.0296275

45 31 0.0248704

46 31 0.0200151

47 31 0.0150809

48 31 0.0100871

49 31 0.00505352

50 31 0

0 32 0

1 32 0.00491792

2 32 0.00981643

3 32 0.0146762

4 32 0.019478

5 32 0.024203

6 32 0.0288325

7 32 0.0333481

8 32 0.0377322

9 32 0.0419674

10 32 0.0460369

11 32 0.0499247

12 32 0.0536155

13 32 0.0570947

14 32 0.0603486

15 32 0.0633643

16 32 0.06613

17 32 0.0686346

18 32 0.0708684

19 32 0.0728225

20 32 0.0744892

21 32 0.075862

22 32 0.0769353

23 32 0.077705

24 32 0.0781681

25 32 0.0783226

26 32 0.0781681

27 32 0.077705

28 32 0.0769353

29 32 0.075862

30 32 0.0744892

31 32 0.0728225

32 32 0.0708684

33 32 0.0686346

34 32 0.06613

35 32 0.0633643

36 32 0.0603486

37 32 0.0570947

38 32 0.0536155

39 32 0.0499247

40 32 0.0460369

41 32 0.0419674

42 32 0.0377322

43 32 0.0333481

44 32 0.0288325

45 32 0.024203

46 32 0.019478

47 32 0.0146762

48 32 0.00981643

49 32 0.00491792

50 32 0

0 33 0

1 33 0.0047629

2 33 0.00950701

3 33 0.0142136

4 33 0.0188641

5 33 0.0234401

6 33 0.0279237

7 33 0.032297

8 33 0.0365429

9 33 0.0406445

10 33 0.0445858

11 33 0.0483511

12 33 0.0519255

13 33 0.0552951

14 33 0.0584464

15 33 0.0613671

16 33 0.0640455

17 33 0.0664712

18 33 0.0686346

19 33 0.0705271

20 33 0.0721413

21 33 0.0734708

22 33 0.0745103

23 33 0.0752557

24 33 0.0757042

25 33 0.0758539

26 33 0.0757042

27 33 0.0752557

28 33 0.0745103

29 33 0.0734708

30 33 0.0721413

31 33 0.0705271

32 33 0.0686346

33 33 0.0664712

34 33 0.0640455

35 33 0.0613671

36 33 0.0584464

37 33 0.0552951

38 33 0.0519255

39 33 0.0483511

40 33 0.0445858

41 33 0.0406445

42 33 0.0365429

43 33 0.032297

44 33 0.0279237

45 33 0.0234401

46 33 0.0188641

47 33 0.0142136

48 33 0.00950701

49 33 0.0047629

50 33 0

0 34 0

1 34 0.00458909

2 34 0.00916007

3 34 0.0136949

4 34 0.0181757

5 34 0.0225847

6 34 0.0269047

7 34 0.0311184

8 34 0.0352093

9 34 0.0391613

10 34 0.0429587

11 34 0.0465866

12 34 0.0500306

13 34 0.0532772

14 34 0.0563135

15 34 0.0591276

16 34 0.0617083

17 34 0.0640455

18 34 0.06613

19 34 0.0679534

20 34 0.0695087

21 34 0.0707896

22 34 0.0717912

23 34 0.0725094

24 34 0.0729415

25 34 0.0730857

26 34 0.0729415

27 34 0.0725094

28 34 0.0717912

29 34 0.0707896

30 34 0.0695087

31 34 0.0679534

32 34 0.06613

33 34 0.0640455

34 34 0.0617083

35 34 0.0591276

36 34 0.0563135

37 34 0.0532772

38 34 0.0500306

39 34 0.0465866

40 34 0.0429587

41 34 0.0391613

42 34 0.0352093

43 34 0.0311184

44 34 0.0269047

45 34 0.0225847

46 34 0.0181757

47 34 0.0136949

48 34 0.00916007

49 34 0.00458909

50 34 0

0 35 0

1 35 0.00439717

2 35 0.00877699

3 35 0.0131222

4 35 0.0174156

5 35 0.0216402

6 35 0.0257795

7 35 0.029817

8 35 0.0337368

9 35 0.0375235

10 35 0.0411621

11 35 0.0446383

12 35 0.0479383

13 35 0.0510491

14 35 0.0539584

15 35 0.0566548

16 35 0.0591276

17 35 0.0613671

18 35 0.0633643

19 35 0.0651115

20 35 0.0666017

21 35 0.0678291

22 35 0.0687888

23 35 0.069477

24 35 0.069891

25 35 0.0700292

26 35 0.069891

27 35 0.069477

28 35 0.0687888

29 35 0.0678291

30 35 0.0666017

31 35 0.0651115

32 35 0.0633643

33 35 0.0613671

34 35 0.0591276

35 35 0.0566548

36 35 0.0539584

37 35 0.0510491

38 35 0.0479383

39 35 0.0446383

40 35 0.0411621

41 35 0.0375235

42 35 0.0337368

43 35 0.029817

44 35 0.0257795

45 35 0.0216402

46 35 0.0174156

47 35 0.0131222

48 35 0.00877699

49 35 0.00439717

50 35 0

0 36 0

1 36 0.00418789

2 36 0.00835926

3 36 0.0124976

4 36 0.0165867

5 36 0.0206103

6 36 0.0245525

7 36 0.0283979

8 36 0.0321312

9 36 0.0357377

10 36 0.0392031

11 36 0.0425138

12 36 0.0456567

13 36 0.0486195

14 36 0.0513904

15 36 0.0539584

16 36 0.0563135

17 36 0.0584464

18 36 0.0603486

19 36 0.0620126

20 36 0.0634319

21 36 0.0646009

22 36 0.0655149

23 36 0.0661704

24 36 0.0665647

25 36 0.0666963

26 36 0.0665647

27 36 0.0661704

28 36 0.0655149

29 36 0.0646009

30 36 0.0634319

31 36 0.0620126

32 36 0.0603486

33 36 0.0584464

34 36 0.0563135

35 36 0.0539584

36 36 0.0513904

37 36 0.0486195

38 36 0.0456567

39 36 0.0425138

40 36 0.0392031

41 36 0.0357377

42 36 0.0321312

43 36 0.0283979

44 36 0.0245525

45 36 0.0206103

46 36 0.0165867

47 36 0.0124976

48 36 0.00835926

49 36 0.00418789

50 36 0

0 37 0

1 37 0.00396209

2 37 0.00790855

3 37 0.0118238

4 37 0.0156924

5 37 0.019499

6 37 0.0232287

7 37 0.0268667

8 37 0.0303987

9 37 0.0338108

10 37 0.0370893

11 37 0.0402215

12 37 0.043195

13 37 0.045998

14 37 0.0486195

15 37 0.0510491

16 37 0.0532772

17 37 0.0552951

18 37 0.0570947

19 37 0.058669

20 37 0.0600118

21 37 0.0611177

22 37 0.0619825

23 37 0.0626026

24 37 0.0629756

25 37 0.0631001

26 37 0.0629756

27 37 0.0626026

28 37 0.0619825

29 37 0.0611177

30 37 0.0600118

31 37 0.058669

32 37 0.0570947

33 37 0.0552951

34 37 0.0532772

35 37 0.0510491

36 37 0.0486195

37 37 0.045998

38 37 0.043195

39 37 0.0402215

40 37 0.0370893

41 37 0.0338108

42 37 0.0303987

43 37 0.0268667

44 37 0.0232287

45 37 0.019499

46 37 0.0156924

47 37 0.0118238

48 37 0.00790855

49 37 0.00396209

50 37 0

0 38 0

1 38 0.00372065

2 38 0.00742662

3 38 0.0111033

4 38 0.0147361

5 38 0.0183108

6 38 0.0218132

7 38 0.0252295

8 38 0.0285463

9 38 0.0317504

10 38 0.0348292

11 38 0.0377705

12 38 0.0405628

13 38 0.043195

14 38 0.0456567

15 38 0.0479383

16 38 0.0500306

17 38 0.0519255

18 38 0.0536155

19 38 0.0550939

20 38 0.0563548

21 38 0.0573934

22 38 0.0582054

23 38 0.0587877

24 38 0.0591381

25 38 0.059255

26 38 0.0591381

27 38 0.0587877

28 38 0.0582054

29 38 0.0573934

30 38 0.0563548

31 38 0.0550939

32 38 0.0536155

33 38 0.0519255

34 38 0.0500306

35 38 0.0479383

36 38 0.0456567

37 38 0.043195

38 38 0.0405628

39 38 0.0377705

40 38 0.0348292

41 38 0.0317504

42 38 0.0285463

43 38 0.0252295

44 38 0.0218132

45 38 0.0183108

46 38 0.0147361

47 38 0.0111033

48 38 0.00742662

49 38 0.00372065

50 38 0

0 39 0

1 39 0.00346453

2 39 0.00691538

3 39 0.0103389

4 39 0.0137217

5 39 0.0170503

6 39 0.0203116

7 39 0.0234928

8 39 0.0265812

9 39 0.0295648

10 39 0.0324316

11 39 0.0351705

12 39 0.0377705

13 39 0.0402215

14 39 0.0425138

15 39 0.0446383

16 39 0.0465866

17 39 0.0483511

18 39 0.0499247

19 39 0.0513013

20 39 0.0524755

21 39 0.0534425

22 39 0.0541986

23 39 0.0547409

24 39 0.0550671

25 39 0.055176

26 39 0.0550671

27 39 0.0547409

28 39 0.0541986

29 39 0.0534425

30 39 0.0524755

31 39 0.0513013

32 39 0.0499247

33 39 0.0483511

34 39 0.0465866

35 39 0.0446383

36 39 0.0425138

37 39 0.0402215

38 39 0.0377705

39 39 0.0351705

40 39 0.0324316

41 39 0.0295648

42 39 0.0265812

43 39 0.0234928

44 39 0.0203116

45 39 0.0170503

46 39 0.0137217

47 39 0.0103389

48 39 0.00691538

49 39 0.00346453

50 39 0

0 40 0

1 40 0.00319473

2 40 0.00637685

3 40 0.00953381

4 40 0.0126531

5 40 0.0157225

6 40 0.0187299

7 40 0.0216633

8 40 0.0245112

9 40 0.0272624

10 40 0.029906

11 40 0.0324316

12 40 0.0348292

13 40 0.0370893

14 40 0.0392031

15 40 0.0411621

16 40 0.0429587

17 40 0.0445858

18 40 0.0460369

19 40 0.0473063

20 40 0.048389

21 40 0.0492807

22 40 0.049978

23 40 0.050478

24 40 0.0507788

25 40 0.0508792

26 40 0.0507788

27 40 0.050478

28 40 0.049978

29 40 0.0492807

30 40 0.048389

31 40 0.0473063

32 40 0.0460369

33 40 0.0445858

34 40 0.0429587

35 40 0.0411621

36 40 0.0392031

37 40 0.0370893

38 40 0.0348292

39 40 0.0324316

40 40 0.029906

41 40 0.0272624

42 40 0.0245112

43 40 0.0216633

44 40 0.0187299

45 40 0.0157225

46 40 0.0126531

47 40 0.00953381

48 40 0.00637685

49 40 0.00319473

50 40 0

0 41 0

1 41 0.00291233

2 41 0.00581316

3 41 0.00869105

4 41 0.0115346

5 41 0.0143327

6 41 0.0170742

7 41 0.0197483

8 41 0.0223445

9 41 0.0248525

10 41 0.0272624

11 41 0.0295648

12 41 0.0317504

13 41 0.0338108

14 41 0.0357377

15 41 0.0375235

16 41 0.0391613

17 41 0.0406445

18 41 0.0419674

19 41 0.0431245

20 41 0.0441115

21 41 0.0449245

22 41 0.0455601

23 41 0.0460159

24 41 0.0462901

25 41 0.0463816

26 41 0.0462901

27 41 0.0460159

28 41 0.0455601

29 41 0.0449245

30 41 0.0441115

31 41 0.0431245

32 41 0.0419674

33 41 0.0406445

34 41 0.0391613

35 41 0.0375235

36 41 0.0357377

37 41 0.0338108

38 41 0.0317504

39 41 0.0295648

40 41 0.0272624

41 41 0.0248525

42 41 0.0223445

43 41 0.0197483

44 41 0.0170742

45 41 0.0143327

46 41 0.0115346

47 41 0.00869105

48 41 0.00581316

49 41 0.00291233

50 41 0

0 42 0

1 42 0.00261843

2 42 0.00522652

3 42 0.00781399

4 42 0.0103706

5 42 0.0128863

6 42 0.0153512

7 42 0.0177554

8 42 0.0200896

9 42 0.0223445

10 42 0.0245112

11 42 0.0265812

12 42 0.0285463

13 42 0.0303987

14 42 0.0321312

15 42 0.0337368

16 42 0.0352093

17 42 0.0365429

18 42 0.0377322

19 42 0.0387726

20 42 0.03966

21 42 0.0403909

22 42 0.0409624

23 42 0.0413722

24 42 0.0416187

25 42 0.041701

26 42 0.0416187

27 42 0.0413722

28 42 0.0409624

29 42 0.0403909

30 42 0.03966

31 42 0.0387726

32 42 0.0377322

33 42 0.0365429

34 42 0.0352093

35 42 0.0337368

36 42 0.0321312

37 42 0.0303987

38 42 0.0285463

39 42 0.0265812

40 42 0.0245112

41 42 0.0223445

42 42 0.0200896

43 42 0.0177554

44 42 0.0153512

45 42 0.0128863

46 42 0.0103706

47 42 0.00781399

48 42 0.00522652

49 42 0.00261843

50 42 0

0 43 0

1 43 0.0023142

2 43 0.00461926

3 43 0.00690609

4 43 0.00916567

5 43 0.0113891

6 43 0.0135675

7 43 0.0156924

8 43 0.0177554

9 43 0.0197483

10 43 0.0216633

11 43 0.0234928

12 43 0.0252295

13 43 0.0268667

14 43 0.0283979

15 43 0.029817

16 43 0.0311184

17 43 0.032297

18 43 0.0333481

19 43 0.0342677

20 43 0.035052

21 43 0.0356979

22 43 0.036203

23 43 0.0365652

24 43 0.0367831

25 43 0.0368558

26 43 0.0367831

27 43 0.0365652

28 43 0.036203

29 43 0.0356979

30 43 0.035052

31 43 0.0342677

32 43 0.0333481

33 43 0.032297

34 43 0.0311184

35 43 0.029817

36 43 0.0283979

37 43 0.0268667

38 43 0.0252295

39 43 0.0234928

40 43 0.0216633

41 43 0.0197483

42 43 0.0177554

43 43 0.0156924

44 43 0.0135675

45 43 0.0113891

46 43 0.00916567

47 43 0.00690609

48 43 0.00461926

49 43 0.0023142

50 43 0

0 44 0

1 44 0.00200083

2 44 0.00399377

3 44 0.00597094

4 44 0.00792455

5 44 0.00984688

6 44 0.0117304

7 44 0.0135675

8 44 0.0153512

9 44 0.0170742

10 44 0.0187299

11 44 0.0203116

12 44 0.0218132

13 44 0.0232287

14 44 0.0245525

15 44 0.0257795

16 44 0.0269047

17 44 0.0279237

18 44 0.0288325

19 44 0.0296275

20 44 0.0303056

21 44 0.0308641

22 44 0.0313008

23 44 0.0316139

24 44 0.0318023

25 44 0.0318652

26 44 0.0318023

27 44 0.0316139

28 44 0.0313008

29 44 0.0308641

30 44 0.0303056

31 44 0.0296275

32 44 0.0288325

33 44 0.0279237

34 44 0.0269047

35 44 0.0257795

36 44 0.0245525

37 44 0.0232287

38 44 0.0218132

39 44 0.0203116

40 44 0.0187299

41 44 0.0170742

42 44 0.0153512

43 44 0.0135675

44 44 0.0117304

45 44 0.00984688

46 44 0.00792455

47 44 0.00597094

48 44 0.00399377

49 44 0.00200083

50 44 0

0 45 0

1 45 0.00167957

2 45 0.00335251

3 45 0.00501222

4 45 0.00665215

5 45 0.00826583

6 45 0.00984688

7 45 0.0113891

8 45 0.0128863

9 45 0.0143327

10 45 0.0157225

11 45 0.0170503

12 45 0.0183108

13 45 0.019499

14 45 0.0206103

15 45 0.0216402

16 45 0.0225847

17 45 0.0234401

18 45 0.024203

19 45 0.0248704

20 45 0.0254396

21 45 0.0259084

22 45 0.026275

23 45 0.0265379

24 45 0.026696

25 45 0.0267488

26 45 0.026696

27 45 0.0265379

28 45 0.026275

29 45 0.0259084

30 45 0.0254396

31 45 0.0248704

32 45 0.024203

33 45 0.0234401

34 45 0.0225847

35 45 0.0216402

36 45 0.0206103

37 45 0.019499

38 45 0.0183108

39 45 0.0170503

40 45 0.0157225

41 45 0.0143327

42 45 0.0128863

43 45 0.0113891

44 45 0.00984688

45 45 0.00826583

46 45 0.00665215

47 45 0.00501222

48 45 0.00335251

49 45 0.00167957

50 45 0

0 46 0

1 46 0.00135168

2 46 0.00269802

3 46 0.00403372

4 46 0.0053535

5 46 0.00665215

6 46 0.00792455

7 46 0.00916567

8 46 0.0103706

9 46 0.0115346

10 46 0.0126531

11 46 0.0137217

12 46 0.0147361

13 46 0.0156924

14 46 0.0165867

15 46 0.0174156

16 46 0.0181757

17 46 0.0188641

18 46 0.019478

19 46 0.0200151

20 46 0.0204732

21 46 0.0208505

22 46 0.0211455

23 46 0.0213571

24 46 0.0214843

25 46 0.0215268

26 46 0.0214843

27 46 0.0213571

28 46 0.0211455

29 46 0.0208505

30 46 0.0204732

31 46 0.0200151

32 46 0.019478

33 46 0.0188641

34 46 0.0181757

35 46 0.0174156

36 46 0.0165867

37 46 0.0156924

38 46 0.0147361

39 46 0.0137217

40 46 0.0126531

41 46 0.0115346

42 46 0.0103706

43 46 0.00916567

44 46 0.00792455

45 46 0.00665215

46 46 0.0053535

47 46 0.00403372

48 46 0.00269802

49 46 0.00135168

50 46 0

0 47 0

1 47 0.00101846

2 47 0.00203289

3 47 0.0030393

4 47 0.00403372

5 47 0.00501222

6 47 0.00597094

7 47 0.00690609

8 47 0.00781399

9 47 0.00869105

10 47 0.00953381

11 47 0.0103389

12 47 0.0111033

13 47 0.0118238

14 47 0.0124976

15 47 0.0131222

16 47 0.0136949

17 47 0.0142136

18 47 0.0146762

19 47 0.0150809

20 47 0.015426

21 47 0.0157103

22 47 0.0159326

23 47 0.016092

24 47 0.0161879

25 47 0.0162199

26 47 0.0161879

27 47 0.016092

28 47 0.0159326

29 47 0.0157103

30 47 0.015426

31 47 0.0150809

32 47 0.0146762

33 47 0.0142136

34 47 0.0136949

35 47 0.0131222

36 47 0.0124976

37 47 0.0118238

38 47 0.0111033

39 47 0.0103389

40 47 0.00953381

41 47 0.00869105

42 47 0.00781399

43 47 0.00690609

44 47 0.00597094

45 47 0.00501222

46 47 0.00403372

47 47 0.0030393

48 47 0.00203289

49 47 0.00101846

50 47 0

0 48 0

1 48 0.000681211

2 48 0.00135973

3 48 0.00203289

4 48 0.00269802

5 48 0.00335251

6 48 0.00399377

7 48 0.00461926

8 48 0.00522652

9 48 0.00581316

10 48 0.00637685

11 48 0.00691538

12 48 0.00742662

13 48 0.00790855

14 48 0.00835926

15 48 0.00877699

16 48 0.00916007

17 48 0.00950701

18 48 0.00981643

19 48 0.0100871

20 48 0.010318

21 48 0.0105081

22 48 0.0106568

23 48 0.0107634

24 48 0.0108275

25 48 0.010849

26 48 0.0108275

27 48 0.0107634

28 48 0.0106568

29 48 0.0105081

30 48 0.010318

31 48 0.0100871

32 48 0.00981643

33 48 0.00950701

34 48 0.00916007

35 48 0.00877699

36 48 0.00835926

37 48 0.00790855

38 48 0.00742662

39 48 0.00691538

40 48 0.00637685

41 48 0.00581316

42 48 0.00522652

43 48 0.00461926

44 48 0.00399377

45 48 0.00335251

46 48 0.00269802

47 48 0.00203289

