0 1 0

1 1 0.00145835

2 1 0.00291094

3 1 0.00435204

4 1 0.00577597

5 1 0.0071771

6 1 0.00854991

7 1 0.00988897

8 1 0.011189

9 1 0.0124449

10 1 0.0136517

11 1 0.0148045

12 1 0.015899

13 1 0.0169307

14 1 0.0178956

15 1 0.0187899

16 1 0.01961

17 1 0.0203527

18 1 0.0210151

19 1 0.0215946

20 1 0.0220888

21 1 0.0224959

22 1 0.0228142

23 1 0.0230424

24 1 0.0231798

25 1 0.0232256

26 1 0.0231798

27 1 0.0230424

28 1 0.0228142

29 1 0.0224959

30 1 0.0220888

31 1 0.0215946

32 1 0.0210151

33 1 0.0203527

34 1 0.01961

35 1 0.0187899

36 1 0.0178956

37 1 0.0169307

38 1 0.015899

39 1 0.0148045

40 1 0.0136517

41 1 0.0124449

42 1 0.011189

43 1 0.00988897

44 1 0.00854991

45 1 0.0071771

46 1 0.00577597

47 1 0.00435204

48 1 0.00291094

49 1 0.00145835

50 1 0

0 2 0

1 2 0.00291094

2 2 0.00581039

3 2 0.00868691

4 2 0.0115291

5 2 0.0143259

6 2 0.0170661

7 2 0.0197389

8 2 0.0223339

9 2 0.0248407

10 2 0.0272494

11 2 0.0295507

12 2 0.0317353

13 2 0.0337946

14 2 0.0357206

15 2 0.0375056

16 2 0.0391426

17 2 0.0406252

18 2 0.0419473

19 2 0.043104

20 2 0.0440905

21 2 0.044903

22 2 0.0455384

23 2 0.045994

24 2 0.046268

25 2 0.0463595

26 2 0.046268

27 2 0.045994

28 2 0.0455384

29 2 0.044903

30 2 0.0440905

31 2 0.043104

32 2 0.0419473

33 2 0.0406252

34 2 0.0391426

35 2 0.0375056

36 2 0.0357206

37 2 0.0337946

38 2 0.0317353

39 2 0.0295507

40 2 0.0272494

41 2 0.0248407

42 2 0.0223339

43 2 0.0197389

44 2 0.0170661

45 2 0.0143259

46 2 0.0115291

47 2 0.00868691

48 2 0.00581039

49 2 0.00291094

50 2 0

0 3 0

1 3 0.00435204

2 3 0.00868691

3 3 0.0129875

4 3 0.0172368

5 3 0.0214181

6 3 0.0255149

7 3 0.029511

8 3 0.0333906

9 3 0.0371384

10 3 0.0407397

11 3 0.0441802

12 3 0.0474463

13 3 0.0505252

14 3 0.0534046

15 3 0.0560734

16 3 0.0585208

17 3 0.0607372

18 3 0.062714

19 3 0.0644433

20 3 0.0659182

21 3 0.067133

22 3 0.0680828

23 3 0.0687639

24 3 0.0691737

25 3 0.0693105

26 3 0.0691737

27 3 0.0687639

28 3 0.0680828

29 3 0.067133

30 3 0.0659182

31 3 0.0644433

32 3 0.062714

33 3 0.0607372

34 3 0.0585208

35 3 0.0560734

36 3 0.0534046

37 3 0.0505252

38 3 0.0474463

39 3 0.0441802

40 3 0.0407397

41 3 0.0371384

42 3 0.0333906

43 3 0.029511

44 3 0.0255149

45 3 0.0214181

46 3 0.0172368

47 3 0.0129875

48 3 0.00868691

49 3 0.00435204

50 3 0

0 4 0

1 4 0.00577597

2 4 0.0115291

3 4 0.0172368

4 4 0.0228765

5 4 0.0284258

6 4 0.033863

7 4 0.0391665

8 4 0.0443155

9 4 0.0492896

10 4 0.0540691

11 4 0.0586353

12 4 0.0629701

13 4 0.0670563

14 4 0.0708779

15 4 0.0744198

16 4 0.077668

17 4 0.0806096

18 4 0.0832331

19 4 0.0855282

20 4 0.0874857

21 4 0.0890979

22 4 0.0903586

23 4 0.0912626

24 4 0.0918064

25 4 0.0919879

26 4 0.0918064

27 4 0.0912626

28 4 0.0903586

29 4 0.0890979

30 4 0.0874857

31 4 0.0855282

32 4 0.0832331

33 4 0.0806096

34 4 0.077668

35 4 0.0744198

36 4 0.0708779

37 4 0.0670563

38 4 0.0629701

39 4 0.0586353

40 4 0.0540691

41 4 0.0492896

42 4 0.0443155

43 4 0.0391665

44 4 0.033863

45 4 0.0284258

46 4 0.0228765

47 4 0.0172368

48 4 0.0115291

49 4 0.00577597

50 4 0

0 5 0

1 5 0.0071771

2 5 0.0143259

3 5 0.0214181

4 5 0.0284258

5 5 0.0353214

6 5 0.0420775

7 5 0.0486676

8 5 0.0550656

9 5 0.0612462

10 5 0.0671852

11 5 0.072859

12 5 0.0782453

13 5 0.0833228

14 5 0.0880714

15 5 0.0924725

16 5 0.0965086

17 5 0.100164

18 5 0.103424

19 5 0.106276

20 5 0.108708

21 5 0.110711

22 5 0.112278

23 5 0.113401

24 5 0.114077

25 5 0.114302

26 5 0.114077

27 5 0.113401

28 5 0.112278

29 5 0.110711

30 5 0.108708

31 5 0.106276

32 5 0.103424

33 5 0.100164

34 5 0.0965086

35 5 0.0924725

36 5 0.0880714

37 5 0.0833228

38 5 0.0782453

39 5 0.072859

40 5 0.0671852

41 5 0.0612462

42 5 0.0550656

43 5 0.0486676

44 5 0.0420775

45 5 0.0353214

46 5 0.0284258

47 5 0.0214181

48 5 0.0143259

49 5 0.0071771

50 5 0

0 6 0

1 6 0.00854991

2 6 0.0170661

3 6 0.0255149

4 6 0.033863

5 6 0.0420775

6 6 0.0501259

7 6 0.0579765

8 6 0.0655983

9 6 0.0729612

10 6 0.0800361

11 6 0.0867952

12 6 0.0932118

13 6 0.0992605

14 6 0.104917

15 6 0.11016

16 6 0.114968

17 6 0.119323

18 6 0.123206

19 6 0.126604

20 6 0.129501

21 6 0.131888

22 6 0.133754

23 6 0.135092

24 6 0.135897

25 6 0.136166

26 6 0.135897

27 6 0.135092

28 6 0.133754

29 6 0.131888

30 6 0.129501

31 6 0.126604

32 6 0.123206

33 6 0.119323

34 6 0.114968

35 6 0.11016

36 6 0.104917

37 6 0.0992605

38 6 0.0932118

39 6 0.0867952

40 6 0.0800361

41 6 0.0729612

42 6 0.0655983

43 6 0.0579765

44 6 0.0501259

45 6 0.0420775

46 6 0.033863

47 6 0.0255149

48 6 0.0170661

49 6 0.00854991

50 6 0

0 7 0

1 7 0.00988897

2 7 0.0197389

3 7 0.029511

4 7 0.0391665

5 7 0.0486676

6 7 0.0579765

7 7 0.0670566

8 7 0.0758721

9 7 0.0843882

10 7 0.0925712

11 7 0.100389

12 7 0.10781

13 7 0.114806

14 7 0.121349

15 7 0.127413

16 7 0.132974

17 7 0.138011

18 7 0.142503

19 7 0.146432

20 7 0.149783

21 7 0.152544

22 7 0.154702

23 7 0.15625

24 7 0.157181

25 7 0.157492

26 7 0.157181

27 7 0.15625

28 7 0.154702

29 7 0.152544

30 7 0.149783

31 7 0.146432

32 7 0.142503

33 7 0.138011

34 7 0.132974

35 7 0.127413

36 7 0.121349

37 7 0.114806

38 7 0.10781

39 7 0.100389

40 7 0.0925712

41 7 0.0843882

42 7 0.0758721

43 7 0.0670566

44 7 0.0579765

45 7 0.0486676

46 7 0.0391665

47 7 0.029511

48 7 0.0197389

49 7 0.00988897

50 7 0

0 8 0

1 8 0.011189

2 8 0.0223339

3 8 0.0333906

4 8 0.0443155

5 8 0.0550656

6 8 0.0655983

7 8 0.0758721

8 8 0.0858465

9 8 0.0954821

10 8 0.104741

11 8 0.113586

12 8 0.121983

13 8 0.129899

14 8 0.137302

15 8 0.144163

16 8 0.150456

17 8 0.156154

18 8 0.161236

19 8 0.165682

20 8 0.169474

21 8 0.172598

22 8 0.17504

23 8 0.176791

24 8 0.177844

25 8 0.178196

26 8 0.177844

27 8 0.176791

28 8 0.17504

29 8 0.172598

30 8 0.169474

31 8 0.165682

32 8 0.161236

33 8 0.156154

34 8 0.150456

35 8 0.144163

36 8 0.137302

37 8 0.129899

38 8 0.121983

39 8 0.113586

40 8 0.104741

41 8 0.0954821

42 8 0.0858465

43 8 0.0758721

44 8 0.0655983

45 8 0.0550656

46 8 0.0443155

47 8 0.0333906

48 8 0.0223339

49 8 0.011189

50 8 0

0 9 0

1 9 0.0124449

2 9 0.0248407

3 9 0.0371384

4 9 0.0492896

5 9 0.0612462

6 9 0.0729612

7 9 0.0843882

8 9 0.0954821

9 9 0.106199

10 9 0.116497

11 9 0.126336

12 9 0.135675

13 9 0.144479

14 9 0.152713

15 9 0.160345

16 9 0.167343

17 9 0.173681

18 9 0.179334

19 9 0.184279

20 9 0.188497

21 9 0.19197

22 9 0.194686

23 9 0.196634

24 9 0.197806

25 9 0.198197

26 9 0.197806

27 9 0.196634

28 9 0.194686

29 9 0.19197

30 9 0.188497

31 9 0.184279

32 9 0.179334

33 9 0.173681

34 9 0.167343

35 9 0.160345

36 9 0.152713

37 9 0.144479

38 9 0.135675

39 9 0.126336

40 9 0.116497

41 9 0.106199

42 9 0.0954821

43 9 0.0843882

44 9 0.0729612

45 9 0.0612462

46 9 0.0492896

47 9 0.0371384

48 9 0.0248407

49 9 0.0124449

50 9 0

0 10 0

1 10 0.0136517

2 10 0.0272494

3 10 0.0407397

4 10 0.0540691

5 10 0.0671852

6 10 0.0800361

7 10 0.0925712

8 10 0.104741

9 10 0.116497

10 10 0.127794

11 10 0.138586

12 10 0.148831

13 10 0.158489

14 10 0.167522

15 10 0.175893

16 10 0.18357

17 10 0.190523

18 10 0.196724

19 10 0.202148

20 10 0.206775

21 10 0.210585

22 10 0.213565

23 10 0.215702

24 10 0.216987

25 10 0.217416

26 10 0.216987

27 10 0.215702

28 10 0.213565

29 10 0.210585

30 10 0.206775

31 10 0.202148

32 10 0.196724

33 10 0.190523

34 10 0.18357

35 10 0.175893

36 10 0.167522

37 10 0.158489

38 10 0.148831

39 10 0.138586

40 10 0.127794

41 10 0.116497

42 10 0.104741

43 10 0.0925712

44 10 0.0800361

45 10 0.0671852

46 10 0.0540691

47 10 0.0407397

48 10 0.0272494

49 10 0.0136517

50 10 0

0 11 0

1 11 0.0148045

2 11 0.0295507

3 11 0.0441802

4 11 0.0586353

5 11 0.072859

6 11 0.0867952

7 11 0.100389

8 11 0.113586

9 11 0.126336

10 11 0.138586

11 11 0.15029

12 11 0.1614

13 11 0.171874

14 11 0.181669

15 11 0.190747

16 11 0.199073

17 11 0.206613

18 11 0.213337

19 11 0.21922

20 11 0.224237

21 11 0.228369

22 11 0.231601

23 11 0.233918

24 11 0.235312

25 11 0.235777

26 11 0.235312

27 11 0.233918

28 11 0.231601

29 11 0.228369

30 11 0.224237

31 11 0.21922

32 11 0.213337

33 11 0.206613

34 11 0.199073

35 11 0.190747

36 11 0.181669

37 11 0.171874

38 11 0.1614

39 11 0.15029

40 11 0.138586

41 11 0.126336

42 11 0.113586

43 11 0.100389

44 11 0.0867952

45 11 0.072859

46 11 0.0586353

47 11 0.0441802

48 11 0.0295507

49 11 0.0148045

50 11 0

0 12 0

1 12 0.015899

2 12 0.0317353

3 12 0.0474463

4 12 0.0629701

5 12 0.0782453

6 12 0.0932118

7 12 0.10781

8 12 0.121983

9 12 0.135675

10 12 0.148831

11 12 0.1614

12 12 0.173332

13 12 0.18458

14 12 0.195099

15 12 0.204849

16 12 0.21379

17 12 0.221887

18 12 0.229109

19 12 0.235426

20 12 0.240814

21 12 0.245252

22 12 0.248722

23 12 0.251211

24 12 0.252708

25 12 0.253207

26 12 0.252708

27 12 0.251211

28 12 0.248722

29 12 0.245252

30 12 0.240814

31 12 0.235426

32 12 0.229109

33 12 0.221887

34 12 0.21379

35 12 0.204849

36 12 0.195099

37 12 0.18458

38 12 0.173332

39 12 0.1614

40 12 0.148831

41 12 0.135675

42 12 0.121983

43 12 0.10781

44 12 0.0932118

45 12 0.0782453

46 12 0.0629701

47 12 0.0474463

48 12 0.0317353

49 12 0.015899

50 12 0

0 13 0

1 13 0.0169307

2 13 0.0337946

3 13 0.0505252

4 13 0.0670563

5 13 0.0833228

6 13 0.0992605

7 13 0.114806

8 13 0.129899

9 13 0.144479

10 13 0.158489

11 13 0.171874

12 13 0.18458

13 13 0.196558

14 13 0.20776

15 13 0.218142

16 13 0.227663

17 13 0.236286

18 13 0.243976

19 13 0.250703

20 13 0.256441

21 13 0.261167

22 13 0.264862

23 13 0.267512

24 13 0.269106

25 13 0.269638

26 13 0.269106

27 13 0.267512

28 13 0.264862

29 13 0.261167

30 13 0.256441

31 13 0.250703

32 13 0.243976

33 13 0.236286

34 13 0.227663

35 13 0.218142

36 13 0.20776

37 13 0.196558

38 13 0.18458

39 13 0.171874

40 13 0.158489

41 13 0.144479

42 13 0.129899

43 13 0.114806

44 13 0.0992605

45 13 0.0833228

46 13 0.0670563

47 13 0.0505252

48 13 0.0337946

49 13 0.0169307

50 13 0

0 14 0

1 14 0.0178956

2 14 0.0357206

3 14 0.0534046

4 14 0.0708779

5 14 0.0880714

6 14 0.104917

7 14 0.121349

8 14 0.137302

9 14 0.152713

10 14 0.167522

11 14 0.181669

12 14 0.195099

13 14 0.20776

14 14 0.2196

15 14 0.230574

16 14 0.240638

17 14 0.249752

18 14 0.25788

19 14 0.264991

20 14 0.271056

21 14 0.276051

22 14 0.279957

23 14 0.282758

24 14 0.284443

25 14 0.285005

26 14 0.284443

27 14 0.282758

28 14 0.279957

29 14 0.276051

30 14 0.271056

31 14 0.264991

32 14 0.25788

33 14 0.249752

34 14 0.240638

35 14 0.230574

36 14 0.2196

37 14 0.20776

38 14 0.195099

39 14 0.181669

40 14 0.167522

41 14 0.152713

42 14 0.137302

43 14 0.121349

44 14 0.104917

45 14 0.0880714

46 14 0.0708779

47 14 0.0534046

48 14 0.0357206

49 14 0.0178956

50 14 0

0 15 0

1 15 0.0187899

2 15 0.0375056

3 15 0.0560734

4 15 0.0744198

5 15 0.0924725

6 15 0.11016

7 15 0.127413

8 15 0.144163

9 15 0.160345

10 15 0.175893

11 15 0.190747

12 15 0.204849

13 15 0.218142

14 15 0.230574

15 15 0.242096

16 15 0.252663

17 15 0.262232

18 15 0.270767

19 15 0.278233

20 15 0.284601

21 15 0.289846

22 15 0.293947

23 15 0.296888

24 15 0.298657

25 15 0.299247

26 15 0.298657

27 15 0.296888

28 15 0.293947

29 15 0.289846

30 15 0.284601

31 15 0.278233

32 15 0.270767

33 15 0.262232

34 15 0.252663

35 15 0.242096

36 15 0.230574

37 15 0.218142

38 15 0.204849

39 15 0.190747

40 15 0.175893

41 15 0.160345

42 15 0.144163

43 15 0.127413

44 15 0.11016

45 15 0.0924725

46 15 0.0744198

47 15 0.0560734

48 15 0.0375056

49 15 0.0187899

50 15 0

0 16 0

1 16 0.01961

2 16 0.0391426

3 16 0.0585208

4 16 0.077668

5 16 0.0965086

6 16 0.114968

7 16 0.132974

8 16 0.150456

9 16 0.167343

10 16 0.18357

11 16 0.199073

12 16 0.21379

13 16 0.227663

14 16 0.240638

15 16 0.252663

16 16 0.263691

17 16 0.273678

18 16 0.282585

19 16 0.290377

20 16 0.297023

21 16 0.302497

22 16 0.306777

23 16 0.309846

24 16 0.311692

25 16 0.312308

26 16 0.311692

27 16 0.309846

28 16 0.306777

29 16 0.302497

30 16 0.297023

31 16 0.290377

32 16 0.282585

33 16 0.273678

34 16 0.263691

35 16 0.252663

36 16 0.240638

37 16 0.227663

38 16 0.21379

39 16 0.199073

40 16 0.18357

41 16 0.167343

42 16 0.150456

43 16 0.132974

44 16 0.114968

45 16 0.0965086

46 16 0.077668

47 16 0.0585208

48 16 0.0391426

49 16 0.01961

50 16 0

0 17 0

1 17 0.0203527

2 17 0.0406252

3 17 0.0607372

4 17 0.0806096

5 17 0.100164

6 17 0.119323

7 17 0.138011

8 17 0.156154

9 17 0.173681

10 17 0.190523

11 17 0.206613

12 17 0.221887

13 17 0.236286

14 17 0.249752

15 17 0.262232

16 17 0.273678

17 17 0.284044

18 17 0.293288

19 17 0.301375

20 17 0.308273

21 17 0.313954

22 17 0.318396

23 17 0.321581

24 17 0.323497

25 17 0.324137

26 17 0.323497

27 17 0.321581

28 17 0.318396

29 17 0.313954

30 17 0.308273

31 17 0.301375

32 17 0.293288

33 17 0.284044

34 17 0.273678

35 17 0.262232

36 17 0.249752

37 17 0.236286

38 17 0.221887

39 17 0.206613

40 17 0.190523

41 17 0.173681

42 17 0.156154

43 17 0.138011

44 17 0.119323

45 17 0.100164

46 17 0.0806096

47 17 0.0607372

48 17 0.0406252

49 17 0.0203527

50 17 0

0 18 0

1 18 0.0210151

2 18 0.0419473

3 18 0.062714

4 18 0.0832331

5 18 0.103424

6 18 0.123206

7 18 0.142503

8 18 0.161236

9 18 0.179334

10 18 0.196724

11 18 0.213337

12 18 0.229109

13 18 0.243976

14 18 0.25788

15 18 0.270767

16 18 0.282585

17 18 0.293288

18 18 0.302833

19 18 0.311184

20 18 0.318306

21 18 0.324172

22 18 0.328758

23 18 0.332047

24 18 0.334026

25 18 0.334687

26 18 0.334026

27 18 0.332047

28 18 0.328758

29 18 0.324172

30 18 0.318306

31 18 0.311184

32 18 0.302833

33 18 0.293288

34 18 0.282585

35 18 0.270767

36 18 0.25788

37 18 0.243976

38 18 0.229109

39 18 0.213337

40 18 0.196724

41 18 0.179334

42 18 0.161236

43 18 0.142503

44 18 0.123206

45 18 0.103424

46 18 0.0832331

47 18 0.062714

48 18 0.0419473

49 18 0.0210151

50 18 0

0 19 0

1 19 0.0215946

2 19 0.043104

3 19 0.0644433

4 19 0.0855282

5 19 0.106276

6 19 0.126604

7 19 0.146432

8 19 0.165682

9 19 0.184279

10 19 0.202148

11 19 0.21922

12 19 0.235426

13 19 0.250703

14 19 0.264991

15 19 0.278233

16 19 0.290377

17 19 0.301375

18 19 0.311184

19 19 0.319764

20 19 0.327083

21 19 0.33311

22 19 0.337823

23 19 0.341203

24 19 0.343236

25 19 0.343915

26 19 0.343236

27 19 0.341203

28 19 0.337823

29 19 0.33311

30 19 0.327083

31 19 0.319764

32 19 0.311184

33 19 0.301375

34 19 0.290377

35 19 0.278233

36 19 0.264991

37 19 0.250703

38 19 0.235426

39 19 0.21922

40 19 0.202148

41 19 0.184279

42 19 0.165682

43 19 0.146432

44 19 0.126604

45 19 0.106276

46 19 0.0855282

47 19 0.0644433

48 19 0.043104

49 19 0.0215946

50 19 0

0 20 0

1 20 0.0220888

2 20 0.0440905

3 20 0.0659182

4 20 0.0874857

5 20 0.108708

6 20 0.129501

7 20 0.149783

8 20 0.169474

9 20 0.188497

10 20 0.206775

11 20 0.224237

12 20 0.240814

13 20 0.256441

14 20 0.271056

15 20 0.284601

16 20 0.297023

17 20 0.308273

18 20 0.318306

19 20 0.327083

20 20 0.334569

21 20 0.340734

22 20 0.345555

23 20 0.349012

24 20 0.351092

25 20 0.351786

26 20 0.351092

27 20 0.349012

28 20 0.345555

29 20 0.340734

30 20 0.334569

31 20 0.327083

32 20 0.318306

33 20 0.308273

34 20 0.297023

35 20 0.284601

36 20 0.271056

37 20 0.256441

38 20 0.240814

39 20 0.224237

40 20 0.206775

41 20 0.188497

42 20 0.169474

43 20 0.149783

44 20 0.129501

45 20 0.108708

46 20 0.0874857

47 20 0.0659182

48 20 0.0440905

49 20 0.0220888

50 20 0

0 21 0

1 21 0.0224959

2 21 0.044903

3 21 0.067133

4 21 0.0890979

5 21 0.110711

6 21 0.131888

7 21 0.152544

8 21 0.172598

9 21 0.19197

10 21 0.210585

11 21 0.228369

12 21 0.245252

13 21 0.261167

14 21 0.276051

15 21 0.289846

16 21 0.302497

17 21 0.313954

18 21 0.324172

19 21 0.33311

20 21 0.340734

21 21 0.347014

22 21 0.351923

23 21 0.355444

24 21 0.357562

25 21 0.358269

26 21 0.357562

27 21 0.355444

28 21 0.351923

29 21 0.347014

30 21 0.340734

31 21 0.33311

32 21 0.324172

33 21 0.313954

34 21 0.302497

35 21 0.289846

36 21 0.276051

37 21 0.261167

38 21 0.245252

39 21 0.228369

40 21 0.210585

41 21 0.19197

42 21 0.172598

43 21 0.152544

44 21 0.131888

45 21 0.110711

46 21 0.0890979

47 21 0.067133

48 21 0.044903

49 21 0.0224959

50 21 0

0 22 0

1 22 0.0228142

2 22 0.0455384

3 22 0.0680828

4 22 0.0903586

5 22 0.112278

6 22 0.133754

7 22 0.154702

8 22 0.17504

9 22 0.194686

10 22 0.213565

11 22 0.231601

12 22 0.248722

13 22 0.264862

14 22 0.279957

15 22 0.293947

16 22 0.306777

17 22 0.318396

18 22 0.328758

19 22 0.337823

20 22 0.345555

21 22 0.351923

22 22 0.356903

23 22 0.360473

24 22 0.362621

25 22 0.363338

26 22 0.362621

27 22 0.360473

28 22 0.356903

29 22 0.351923

30 22 0.345555

31 22 0.337823

32 22 0.328758

33 22 0.318396

34 22 0.306777

35 22 0.293947

36 22 0.279957

37 22 0.264862

38 22 0.248722

39 22 0.231601

40 22 0.213565

41 22 0.194686

42 22 0.17504

43 22 0.154702

44 22 0.133754

45 22 0.112278

46 22 0.0903586

47 22 0.0680828

48 22 0.0455384

49 22 0.0228142

50 22 0

0 23 0

1 23 0.0230424

2 23 0.045994

3 23 0.0687639

4 23 0.0912626

5 23 0.113401

6 23 0.135092

7 23 0.15625

8 23 0.176791

9 23 0.196634

10 23 0.215702

11 23 0.233918

12 23 0.251211

13 23 0.267512

14 23 0.282758

15 23 0.296888

16 23 0.309846

17 23 0.321581

18 23 0.332047

19 23 0.341203

20 23 0.349012

21 23 0.355444

22 23 0.360473

23 23 0.36408

24 23 0.366249

25 23 0.366973

26 23 0.366249

27 23 0.36408

28 23 0.360473

29 23 0.355444

30 23 0.349012

31 23 0.341203

32 23 0.332047

33 23 0.321581

34 23 0.309846

35 23 0.296888

36 23 0.282758

37 23 0.267512

38 23 0.251211

39 23 0.233918

40 23 0.215702

41 23 0.196634

42 23 0.176791

43 23 0.15625

44 23 0.135092

45 23 0.113401

46 23 0.0912626

47 23 0.0687639

48 23 0.045994

49 23 0.0230424

50 23 0

0 24 0

1 24 0.0231798

2 24 0.046268

3 24 0.0691737

4 24 0.0918064

5 24 0.114077

6 24 0.135897

7 24 0.157181

8 24 0.177844

9 24 0.197806

10 24 0.216987

11 24 0.235312

12 24 0.252708

13 24 0.269106

14 24 0.284443

15 24 0.298657

16 24 0.311692

17 24 0.323497

18 24 0.334026

19 24 0.343236

20 24 0.351092

21 24 0.357562

22 24 0.362621

23 24 0.366249

24 24 0.368432

25 24 0.36916

26 24 0.368432

27 24 0.366249

28 24 0.362621

29 24 0.357562

30 24 0.351092

31 24 0.343236

32 24 0.334026

33 24 0.323497

34 24 0.311692

35 24 0.298657

36 24 0.284443

37 24 0.269106

38 24 0.252708

39 24 0.235312

40 24 0.216987

41 24 0.197806

42 24 0.177844

43 24 0.157181

44 24 0.135897

45 24 0.114077

46 24 0.0918064

47 24 0.0691737

48 24 0.046268

49 24 0.0231798

50 24 0

0 25 0

1 25 0.0232256

2 25 0.0463595

3 25 0.0693105

4 25 0.0919879

5 25 0.114302

6 25 0.136166

7 25 0.157492

8 25 0.178196

9 25 0.198197

10 25 0.217416

11 25 0.235777

12 25 0.253207

13 25 0.269638

14 25 0.285005

15 25 0.299247

16 25 0.312308

17 25 0.324137

18 25 0.334687

19 25 0.343915

20 25 0.351786

21 25 0.358269

22 25 0.363338

23 25 0.366973

24 25 0.36916

25 25 0.36989

26 25 0.36916

27 25 0.366973

28 25 0.363338

29 25 0.358269

30 25 0.351786

31 25 0.343915

32 25 0.334687

33 25 0.324137

34 25 0.312308

35 25 0.299247

36 25 0.285005

37 25 0.269638

38 25 0.253207

39 25 0.235777

40 25 0.217416

41 25 0.198197

42 25 0.178196

43 25 0.157492

44 25 0.136166

45 25 0.114302

46 25 0.0919879

47 25 0.0693105

48 25 0.0463595

49 25 0.0232256

50 25 0

0 26 0

1 26 0.0231798

2 26 0.046268

3 26 0.0691737

4 26 0.0918064

5 26 0.114077

6 26 0.135897

7 26 0.157181

8 26 0.177844

9 26 0.197806

10 26 0.216987

11 26 0.235312

12 26 0.252708

13 26 0.269106

14 26 0.284443

15 26 0.298657

16 26 0.311692

17 26 0.323497

18 26 0.334026

19 26 0.343236

20 26 0.351092

21 26 0.357562

22 26 0.362621

23 26 0.366249

24 26 0.368432

25 26 0.36916

26 26 0.368432

27 26 0.366249

28 26 0.362621

29 26 0.357562

30 26 0.351092

31 26 0.343236

32 26 0.334026

33 26 0.323497

34 26 0.311692

35 26 0.298657

36 26 0.284443

37 26 0.269106

38 26 0.252708

39 26 0.235312

40 26 0.216987

41 26 0.197806

42 26 0.177844

43 26 0.157181

44 26 0.135897

45 26 0.114077

46 26 0.0918064

47 26 0.0691737

48 26 0.046268

49 26 0.0231798

50 26 0

0 27 0

1 27 0.0230424

2 27 0.045994

3 27 0.0687639

4 27 0.0912626

5 27 0.113401

6 27 0.135092

7 27 0.15625

8 27 0.176791

9 27 0.196634

10 27 0.215702

11 27 0.233918

12 27 0.251211

13 27 0.267512

14 27 0.282758

15 27 0.296888

16 27 0.309846

17 27 0.321581

18 27 0.332047

19 27 0.341203

20 27 0.349012

21 27 0.355444

22 27 0.360473

23 27 0.36408

24 27 0.366249

25 27 0.366973

26 27 0.366249

27 27 0.36408

28 27 0.360473

29 27 0.355444

30 27 0.349012

31 27 0.341203

32 27 0.332047

33 27 0.321581

34 27 0.309846

35 27 0.296888

36 27 0.282758

37 27 0.267512

38 27 0.251211

39 27 0.233918

40 27 0.215702

41 27 0.196634

42 27 0.176791

43 27 0.15625

44 27 0.135092

45 27 0.113401

46 27 0.0912626

47 27 0.0687639

48 27 0.045994

49 27 0.0230424

50 27 0

0 28 0

1 28 0.0228142

2 28 0.0455384

3 28 0.0680828

4 28 0.0903586

5 28 0.112278

6 28 0.133754

7 28 0.154702

8 28 0.17504

9 28 0.194686

10 28 0.213565

11 28 0.231601

12 28 0.248722

13 28 0.264862

14 28 0.279957

15 28 0.293947

16 28 0.306777

17 28 0.318396

18 28 0.328758

19 28 0.337823

20 28 0.345555

21 28 0.351923

22 28 0.356903

23 28 0.360473

24 28 0.362621

25 28 0.363338

26 28 0.362621

27 28 0.360473

28 28 0.356903

29 28 0.351923

30 28 0.345555

31 28 0.337823

32 28 0.328758

33 28 0.318396

34 28 0.306777

35 28 0.293947

36 28 0.279957

37 28 0.264862

38 28 0.248722

39 28 0.231601

40 28 0.213565

41 28 0.194686

42 28 0.17504

43 28 0.154702

44 28 0.133754

45 28 0.112278

46 28 0.0903586

47 28 0.0680828

48 28 0.0455384

49 28 0.0228142

50 28 0

0 29 0

1 29 0.0224959

2 29 0.044903

3 29 0.067133

4 29 0.0890979

5 29 0.110711

6 29 0.131888

7 29 0.152544

8 29 0.172598

9 29 0.19197

10 29 0.210585

11 29 0.228369

12 29 0.245252

13 29 0.261167

14 29 0.276051

15 29 0.289846

16 29 0.302497

17 29 0.313954

18 29 0.324172

19 29 0.33311

20 29 0.340734

21 29 0.347014

22 29 0.351923

23 29 0.355444

24 29 0.357562

25 29 0.358269

26 29 0.357562

27 29 0.355444

28 29 0.351923

29 29 0.347014

30 29 0.340734

31 29 0.33311

32 29 0.324172

33 29 0.313954

34 29 0.302497

35 29 0.289846

36 29 0.276051

37 29 0.261167

38 29 0.245252

39 29 0.228369

40 29 0.210585

41 29 0.19197

42 29 0.172598

43 29 0.152544

44 29 0.131888

45 29 0.110711

46 29 0.0890979

47 29 0.067133

48 29 0.044903

49 29 0.0224959

50 29 0

0 30 0

1 30 0.0220888

2 30 0.0440905

3 30 0.0659182

4 30 0.0874857

5 30 0.108708

6 30 0.129501

7 30 0.149783

8 30 0.169474

9 30 0.188497

10 30 0.206775

11 30 0.224237

12 30 0.240814

13 30 0.256441

14 30 0.271056

15 30 0.284601

16 30 0.297023

17 30 0.308273

18 30 0.318306

19 30 0.327083

20 30 0.334569

21 30 0.340734

22 30 0.345555

23 30 0.349012

24 30 0.351092

25 30 0.351786

26 30 0.351092

27 30 0.349012

28 30 0.345555

29 30 0.340734

30 30 0.334569

31 30 0.327083

32 30 0.318306

33 30 0.308273

34 30 0.297023

35 30 0.284601

36 30 0.271056

37 30 0.256441

38 30 0.240814

39 30 0.224237

40 30 0.206775

41 30 0.188497

42 30 0.169474

43 30 0.149783

44 30 0.129501

45 30 0.108708

46 30 0.0874857

47 30 0.0659182

48 30 0.0440905

49 30 0.0220888

50 30 0

0 31 0

1 31 0.0215946

2 31 0.043104

3 31 0.0644433

4 31 0.0855282

5 31 0.106276

6 31 0.126604

7 31 0.146432

8 31 0.165682

9 31 0.184279

10 31 0.202148

11 31 0.21922

12 31 0.235426

13 31 0.250703

14 31 0.264991

15 31 0.278233

16 31 0.290377

17 31 0.301375

18 31 0.311184

19 31 0.319764

20 31 0.327083

21 31 0.33311

22 31 0.337823

23 31 0.341203

24 31 0.343236

25 31 0.343915

26 31 0.343236

27 31 0.341203

28 31 0.337823

29 31 0.33311

30 31 0.327083

31 31 0.319764

32 31 0.311184

33 31 0.301375

34 31 0.290377

35 31 0.278233

36 31 0.264991

37 31 0.250703

38 31 0.235426

39 31 0.21922

40 31 0.202148

41 31 0.184279

42 31 0.165682

43 31 0.146432

44 31 0.126604

45 31 0.106276

46 31 0.0855282

47 31 0.0644433

48 31 0.043104

49 31 0.0215946

50 31 0

0 32 0

1 32 0.0210151

2 32 0.0419473

3 32 0.062714

4 32 0.0832331

5 32 0.103424

6 32 0.123206

7 32 0.142503

8 32 0.161236

9 32 0.179334

10 32 0.196724

11 32 0.213337

12 32 0.229109

13 32 0.243976

14 32 0.25788

15 32 0.270767

16 32 0.282585

17 32 0.293288

18 32 0.302833

19 32 0.311184

20 32 0.318306

21 32 0.324172

22 32 0.328758

23 32 0.332047

24 32 0.334026

25 32 0.334687

26 32 0.334026

27 32 0.332047

28 32 0.328758

29 32 0.324172

30 32 0.318306

31 32 0.311184

32 32 0.302833

33 32 0.293288

34 32 0.282585

35 32 0.270767

36 32 0.25788

37 32 0.243976

38 32 0.229109

39 32 0.213337

40 32 0.196724

41 32 0.179334

42 32 0.161236

43 32 0.142503

44 32 0.123206

45 32 0.103424

46 32 0.0832331

47 32 0.062714

48 32 0.0419473

49 32 0.0210151

50 32 0

0 33 0

1 33 0.0203527

2 33 0.0406252

3 33 0.0607372

4 33 0.0806096

5 33 0.100164

6 33 0.119323

7 33 0.138011

8 33 0.156154

9 33 0.173681

10 33 0.190523

11 33 0.206613

12 33 0.221887

13 33 0.236286

14 33 0.249752

15 33 0.262232

16 33 0.273678

17 33 0.284044

18 33 0.293288

19 33 0.301375

20 33 0.308273

21 33 0.313954

22 33 0.318396

23 33 0.321581

24 33 0.323497

25 33 0.324137

26 33 0.323497

27 33 0.321581

28 33 0.318396

29 33 0.313954

30 33 0.308273

31 33 0.301375

32 33 0.293288

33 33 0.284044

34 33 0.273678

35 33 0.262232

36 33 0.249752

37 33 0.236286

38 33 0.221887

39 33 0.206613

40 33 0.190523

41 33 0.173681

42 33 0.156154

43 33 0.138011

44 33 0.119323

45 33 0.100164

46 33 0.0806096

47 33 0.0607372

48 33 0.0406252

49 33 0.0203527

50 33 0

0 34 0

1 34 0.01961

2 34 0.0391426

3 34 0.0585208

4 34 0.077668

5 34 0.0965086

6 34 0.114968

7 34 0.132974

8 34 0.150456

9 34 0.167343

10 34 0.18357

11 34 0.199073

12 34 0.21379

13 34 0.227663

14 34 0.240638

15 34 0.252663

16 34 0.263691

17 34 0.273678

18 34 0.282585

19 34 0.290377

20 34 0.297023

21 34 0.302497

22 34 0.306777

23 34 0.309846

24 34 0.311692

25 34 0.312308

26 34 0.311692

27 34 0.309846

28 34 0.306777

29 34 0.302497

30 34 0.297023

31 34 0.290377

32 34 0.282585

33 34 0.273678

34 34 0.263691

35 34 0.252663

36 34 0.240638

37 34 0.227663

38 34 0.21379

39 34 0.199073

40 34 0.18357

41 34 0.167343

42 34 0.150456

43 34 0.132974

44 34 0.114968

45 34 0.0965086

46 34 0.077668

47 34 0.0585208

48 34 0.0391426

49 34 0.01961

50 34 0

0 35 0

1 35 0.0187899

2 35 0.0375056

3 35 0.0560734

4 35 0.0744198

5 35 0.0924725

6 35 0.11016

7 35 0.127413

8 35 0.144163

9 35 0.160345

10 35 0.175893

11 35 0.190747

12 35 0.204849

13 35 0.218142

14 35 0.230574

15 35 0.242096

16 35 0.252663

17 35 0.262232

18 35 0.270767

19 35 0.278233

20 35 0.284601

21 35 0.289846

22 35 0.293947

23 35 0.296888

24 35 0.298657

25 35 0.299247

26 35 0.298657

27 35 0.296888

28 35 0.293947

29 35 0.289846

30 35 0.284601

31 35 0.278233

32 35 0.270767

33 35 0.262232

34 35 0.252663

35 35 0.242096

36 35 0.230574

37 35 0.218142

38 35 0.204849

39 35 0.190747

40 35 0.175893

41 35 0.160345

42 35 0.144163

43 35 0.127413

44 35 0.11016

45 35 0.0924725

46 35 0.0744198

47 35 0.0560734

48 35 0.0375056

49 35 0.0187899

50 35 0

0 36 0

1 36 0.0178956

2 36 0.0357206

3 36 0.0534046

4 36 0.0708779

5 36 0.0880714

6 36 0.104917

7 36 0.121349

8 36 0.137302

9 36 0.152713

10 36 0.167522

11 36 0.181669

12 36 0.195099

13 36 0.20776

14 36 0.2196

15 36 0.230574

16 36 0.240638

17 36 0.249752

18 36 0.25788

19 36 0.264991

20 36 0.271056

21 36 0.276051

22 36 0.279957

23 36 0.282758

24 36 0.284443

25 36 0.285005

26 36 0.284443

27 36 0.282758

28 36 0.279957

29 36 0.276051

30 36 0.271056

31 36 0.264991

32 36 0.25788

33 36 0.249752

34 36 0.240638

35 36 0.230574

36 36 0.2196

37 36 0.20776

38 36 0.195099

39 36 0.181669

40 36 0.167522

41 36 0.152713

42 36 0.137302

43 36 0.121349

44 36 0.104917

45 36 0.0880714

46 36 0.0708779

47 36 0.0534046

48 36 0.0357206

49 36 0.0178956

50 36 0

0 37 0

1 37 0.0169307

2 37 0.0337946

3 37 0.0505252

4 37 0.0670563

5 37 0.0833228

6 37 0.0992605

7 37 0.114806

8 37 0.129899

9 37 0.144479

10 37 0.158489

11 37 0.171874

12 37 0.18458

13 37 0.196558

14 37 0.20776

15 37 0.218142

16 37 0.227663

17 37 0.236286

18 37 0.243976

19 37 0.250703

20 37 0.256441

21 37 0.261167

22 37 0.264862

23 37 0.267512

24 37 0.269106

25 37 0.269638

26 37 0.269106

27 37 0.267512

28 37 0.264862

29 37 0.261167

30 37 0.256441

31 37 0.250703

32 37 0.243976

33 37 0.236286

34 37 0.227663

35 37 0.218142

36 37 0.20776

37 37 0.196558

38 37 0.18458

39 37 0.171874

40 37 0.158489

41 37 0.144479

42 37 0.129899

43 37 0.114806

44 37 0.0992605

45 37 0.0833228

46 37 0.0670563

47 37 0.0505252

48 37 0.0337946

49 37 0.0169307

50 37 0

0 38 0

1 38 0.015899

2 38 0.0317353

3 38 0.0474463

4 38 0.0629701

5 38 0.0782453

6 38 0.0932118

7 38 0.10781

8 38 0.121983

9 38 0.135675

10 38 0.148831

11 38 0.1614

12 38 0.173332

13 38 0.18458

14 38 0.195099

15 38 0.204849

16 38 0.21379

17 38 0.221887

18 38 0.229109

19 38 0.235426

20 38 0.240814

21 38 0.245252

22 38 0.248722

23 38 0.251211

24 38 0.252708

25 38 0.253207

26 38 0.252708

27 38 0.251211

28 38 0.248722

29 38 0.245252

30 38 0.240814

31 38 0.235426

32 38 0.229109

33 38 0.221887

34 38 0.21379

35 38 0.204849

36 38 0.195099

37 38 0.18458

38 38 0.173332

39 38 0.1614

40 38 0.148831

41 38 0.135675

42 38 0.121983

43 38 0.10781

44 38 0.0932118

45 38 0.0782453

46 38 0.0629701

47 38 0.0474463

48 38 0.0317353

49 38 0.015899

50 38 0

0 39 0

1 39 0.0148045

2 39 0.0295507

3 39 0.0441802

4 39 0.0586353

5 39 0.072859

6 39 0.0867952

7 39 0.100389

8 39 0.113586

9 39 0.126336

10 39 0.138586

11 39 0.15029

12 39 0.1614

13 39 0.171874

14 39 0.181669

15 39 0.190747

16 39 0.199073

17 39 0.206613

18 39 0.213337

19 39 0.21922

20 39 0.224237

21 39 0.228369

22 39 0.231601

23 39 0.233918

24 39 0.235312

25 39 0.235777

26 39 0.235312

27 39 0.233918

28 39 0.231601

29 39 0.228369

30 39 0.224237

31 39 0.21922

32 39 0.213337

33 39 0.206613

34 39 0.199073

35 39 0.190747

36 39 0.181669

37 39 0.171874

38 39 0.1614

39 39 0.15029

40 39 0.138586

41 39 0.126336

42 39 0.113586

43 39 0.100389

44 39 0.0867952

45 39 0.072859

46 39 0.0586353

47 39 0.0441802

48 39 0.0295507

49 39 0.0148045

50 39 0

0 40 0

1 40 0.0136517

2 40 0.0272494

3 40 0.0407397

4 40 0.0540691

5 40 0.0671852

6 40 0.0800361

7 40 0.0925712

8 40 0.104741

9 40 0.116497

10 40 0.127794

11 40 0.138586

12 40 0.148831

13 40 0.158489

14 40 0.167522

15 40 0.175893

16 40 0.18357

17 40 0.190523

18 40 0.196724

19 40 0.202148

20 40 0.206775

21 40 0.210585

22 40 0.213565

23 40 0.215702

24 40 0.216987

25 40 0.217416

26 40 0.216987

27 40 0.215702

28 40 0.213565

29 40 0.210585

30 40 0.206775

31 40 0.202148

32 40 0.196724

33 40 0.190523

34 40 0.18357

35 40 0.175893

36 40 0.167522

37 40 0.158489

38 40 0.148831

39 40 0.138586

40 40 0.127794

41 40 0.116497

42 40 0.104741

43 40 0.0925712

44 40 0.0800361

45 40 0.0671852

46 40 0.0540691

47 40 0.0407397

48 40 0.0272494

49 40 0.0136517

50 40 0

0 41 0

1 41 0.0124449

2 41 0.0248407

3 41 0.0371384

4 41 0.0492896

5 41 0.0612462

6 41 0.0729612

7 41 0.0843882

8 41 0.0954821

9 41 0.106199

10 41 0.116497

11 41 0.126336

12 41 0.135675

13 41 0.144479

14 41 0.152713

15 41 0.160345

16 41 0.167343

17 41 0.173681

18 41 0.179334

19 41 0.184279

20 41 0.188497

21 41 0.19197

22 41 0.194686

23 41 0.196634

24 41 0.197806

25 41 0.198197

26 41 0.197806

27 41 0.196634

28 41 0.194686

29 41 0.19197

30 41 0.188497

31 41 0.184279

32 41 0.179334

33 41 0.173681

34 41 0.167343

35 41 0.160345

36 41 0.152713

37 41 0.144479

38 41 0.135675

39 41 0.126336

40 41 0.116497

41 41 0.106199

42 41 0.0954821

43 41 0.0843882

44 41 0.0729612

45 41 0.0612462

46 41 0.0492896

47 41 0.0371384

48 41 0.0248407

49 41 0.0124449

50 41 0

0 42 0

1 42 0.011189

2 42 0.0223339

3 42 0.0333906

4 42 0.0443155

5 42 0.0550656

6 42 0.0655983

7 42 0.0758721

8 42 0.0858465

9 42 0.0954821

10 42 0.104741

11 42 0.113586

12 42 0.121983

13 42 0.129899

14 42 0.137302

15 42 0.144163

16 42 0.150456

17 42 0.156154

18 42 0.161236

19 42 0.165682

20 42 0.169474

21 42 0.172598

22 42 0.17504

23 42 0.176791

24 42 0.177844

25 42 0.178196

26 42 0.177844

27 42 0.176791

28 42 0.17504

29 42 0.172598

30 42 0.169474

31 42 0.165682

32 42 0.161236

33 42 0.156154

34 42 0.150456

35 42 0.144163

36 42 0.137302

37 42 0.129899

38 42 0.121983

39 42 0.113586

40 42 0.104741

41 42 0.0954821

42 42 0.0858465

43 42 0.0758721

44 42 0.0655983

45 42 0.0550656

46 42 0.0443155

47 42 0.0333906

48 42 0.0223339

49 42 0.011189

50 42 0

0 43 0

1 43 0.00988897

2 43 0.0197389

3 43 0.029511

4 43 0.0391665

5 43 0.0486676

6 43 0.0579765

7 43 0.0670566

8 43 0.0758721

9 43 0.0843882

10 43 0.0925712

11 43 0.100389

12 43 0.10781

13 43 0.114806

14 43 0.121349

15 43 0.127413

16 43 0.132974

17 43 0.138011

18 43 0.142503

19 43 0.146432

20 43 0.149783

21 43 0.152544

22 43 0.154702

23 43 0.15625

24 43 0.157181

25 43 0.157492

26 43 0.157181

27 43 0.15625

28 43 0.154702

29 43 0.152544

30 43 0.149783

31 43 0.146432

32 43 0.142503

33 43 0.138011

34 43 0.132974

35 43 0.127413

36 43 0.121349

37 43 0.114806

38 43 0.10781

39 43 0.100389

40 43 0.0925712

41 43 0.0843882

42 43 0.0758721

43 43 0.0670566

44 43 0.0579765

45 43 0.0486676

46 43 0.0391665

47 43 0.029511

48 43 0.0197389

49 43 0.00988897

50 43 0

0 44 0

1 44 0.00854991

2 44 0.0170661

3 44 0.0255149

4 44 0.033863

5 44 0.0420775

6 44 0.0501259

7 44 0.0579765

8 44 0.0655983

9 44 0.0729612

10 44 0.0800361

11 44 0.0867952

12 44 0.0932118

13 44 0.0992605

14 44 0.104917

15 44 0.11016

16 44 0.114968

17 44 0.119323

18 44 0.123206

19 44 0.126604

20 44 0.129501

21 44 0.131888

22 44 0.133754

23 44 0.135092

24 44 0.135897

25 44 0.136166

26 44 0.135897

27 44 0.135092

28 44 0.133754

29 44 0.131888

30 44 0.129501

31 44 0.126604

32 44 0.123206

33 44 0.119323

34 44 0.114968

35 44 0.11016

36 44 0.104917

37 44 0.0992605

38 44 0.0932118

39 44 0.0867952

40 44 0.0800361

41 44 0.0729612

42 44 0.0655983

43 44 0.0579765

44 44 0.0501259

45 44 0.0420775

46 44 0.033863

47 44 0.0255149

48 44 0.0170661

49 44 0.00854991

50 44 0

0 45 0

1 45 0.0071771

2 45 0.0143259

3 45 0.0214181

4 45 0.0284258

5 45 0.0353214

6 45 0.0420775

7 45 0.0486676

8 45 0.0550656

9 45 0.0612462

10 45 0.0671852

11 45 0.072859

12 45 0.0782453

13 45 0.0833228

14 45 0.0880714

15 45 0.0924725

16 45 0.0965086

17 45 0.100164

18 45 0.103424

19 45 0.106276

20 45 0.108708

21 45 0.110711

22 45 0.112278

23 45 0.113401

24 45 0.114077

25 45 0.114302

26 45 0.114077

27 45 0.113401

28 45 0.112278

29 45 0.110711

30 45 0.108708

31 45 0.106276

32 45 0.103424

33 45 0.100164

34 45 0.0965086

35 45 0.0924725

36 45 0.0880714

37 45 0.0833228

38 45 0.0782453

39 45 0.072859

40 45 0.0671852

41 45 0.0612462

42 45 0.0550656

43 45 0.0486676

44 45 0.0420775

45 45 0.0353214

46 45 0.0284258

47 45 0.0214181

48 45 0.0143259

49 45 0.0071771

50 45 0

0 46 0

1 46 0.00577597

2 46 0.0115291

3 46 0.0172368

4 46 0.0228765

5 46 0.0284258

6 46 0.033863

7 46 0.0391665

8 46 0.0443155

9 46 0.0492896

10 46 0.0540691

11 46 0.0586353

12 46 0.0629701

13 46 0.0670563

14 46 0.0708779

15 46 0.0744198

16 46 0.077668

17 46 0.0806096

18 46 0.0832331

19 46 0.0855282

20 46 0.0874857

21 46 0.0890979

22 46 0.0903586

23 46 0.0912626

24 46 0.0918064

25 46 0.0919879

26 46 0.0918064

27 46 0.0912626

28 46 0.0903586

29 46 0.0890979

30 46 0.0874857

31 46 0.0855282

32 46 0.0832331

33 46 0.0806096

34 46 0.077668

35 46 0.0744198

36 46 0.0708779

37 46 0.0670563

38 46 0.0629701

39 46 0.0586353

40 46 0.0540691

41 46 0.0492896

42 46 0.0443155

43 46 0.0391665

44 46 0.033863

45 46 0.0284258

46 46 0.0228765

47 46 0.0172368

48 46 0.0115291

49 46 0.00577597

50 46 0

0 47 0

1 47 0.00435204

2 47 0.00868691

3 47 0.0129875

4 47 0.0172368

5 47 0.0214181

6 47 0.0255149

7 47 0.029511

8 47 0.0333906

9 47 0.0371384

10 47 0.0407397

11 47 0.0441802

12 47 0.0474463

13 47 0.0505252

14 47 0.0534046

15 47 0.0560734

16 47 0.0585208

17 47 0.0607372

18 47 0.062714

19 47 0.0644433

20 47 0.0659182

21 47 0.067133

22 47 0.0680828

23 47 0.0687639

24 47 0.0691737

25 47 0.0693105

26 47 0.0691737

27 47 0.0687639

28 47 0.0680828

29 47 0.067133

30 47 0.0659182

31 47 0.0644433

32 47 0.062714

33 47 0.0607372

34 47 0.0585208

35 47 0.0560734

36 47 0.0534046

37 47 0.0505252

38 47 0.0474463

39 47 0.0441802

40 47 0.0407397

41 47 0.0371384

42 47 0.0333906

43 47 0.029511

44 47 0.0255149

45 47 0.0214181

46 47 0.0172368

47 47 0.0129875

48 47 0.00868691

49 47 0.00435204

50 47 0

0 48 0

1 48 0.00291094

2 48 0.00581039

3 48 0.00868691

4 48 0.0115291

5 48 0.0143259

6 48 0.0170661

7 48 0.0197389

8 48 0.0223339

9 48 0.0248407

10 48 0.0272494

11 48 0.0295507

12 48 0.0317353

13 48 0.0337946

14 48 0.0357206

15 48 0.0375056

16 48 0.0391426

17 48 0.0406252

18 48 0.0419473

19 48 0.043104

20 48 0.0440905

21 48 0.044903

22 48 0.0455384

23 48 0.045994

24 48 0.046268

25 48 0.0463595

26 48 0.046268

27 48 0.045994

28 48 0.0455384

29 48 0.044903

30 48 0.0440905

31 48 0.043104

32 48 0.0419473

33 48 0.0406252

34 48 0.0391426

35 48 0.0375056

36 48 0.0357206

37 48 0.0337946

38 48 0.0317353

39 48 0.0295507

40 48 0.0272494

41 48 0.0248407

42 48 0.0223339

43 48 0.0197389

44 48 0.0170661

45 48 0.0143259

46 48 0.0115291

47 48 0.00868691

48 48 0.00581039

49 48 0.00291094

50 48 0

0 49 0

1 49 0.00145835

2 49 0.00291094

3 49 0.00435204

4 49 0.00577597

5 49 0.0071771

6 49 0.00854991

7 49 0.00988897

8 49 0.011189

9 49 0.0124449

10 49 0.0136517

11 49 0.0148045

12 49 0.015899

13 49 0.0169307

14 49 0.0178956

15 49 0.0187899

16 49 0.01961

17 49 0.0203527

18 49 0.0210151

19 49 0.0215946

20 49 0.0220888

21 49 0.0224959

22 49 0.0228142

23 49 0.0230424

24 49 0.0231798

25 49 0.0232256

26 49 0.0231798

27 49 0.0230424

28 49 0.0228142

29 49 0.0224959

30 49 0.0220888

31 49 0.0215946

32 49 0.0210151

33 49 0.0203527

34 49 0.01961

35 49 0.0187899

36 49 0.0178956

37 49 0.0169307

38 49 0.015899

39 49 0.0148045

40 49 0.0136517

41 49 0.0124449

42 49 0.011189

43 49 0.00988897

44 49 0.00854991

45 49 0.0071771

46 49 0.00577597

47 49 0.00435204

48 49 0.00291094

49 49 0.00145835

50 49 0

