0 1 0

1 1 0.000539428

2 1 0.00107673

3 1 0.00160978

4 1 0.00213647

5 1 0.00265474

6 1 0.00316253

7 1 0.00365783

8 1 0.0041387

9 1 0.00460324

10 1 0.00504961

11 1 0.00547605

12 1 0.00588088

13 1 0.00626251

14 1 0.00661941

15 1 0.00695019

16 1 0.00725355

17 1 0.00752827

18 1 0.00777329

19 1 0.00798763

20 1 0.00817044

21 1 0.00832101

22 1 0.00843874

23 1 0.00852317

24 1 0.00857396

25 1 0.00859091

26 1 0.00857396

27 1 0.00852317

28 1 0.00843874

29 1 0.00832101

30 1 0.00817044

31 1 0.00798763

32 1 0.00777329

33 1 0.00752827

34 1 0.00725355

35 1 0.00695019

36 1 0.00661941

37 1 0.00626251

38 1 0.00588088

39 1 0.00547605

40 1 0.00504961

41 1 0.00460324

42 1 0.0041387

43 1 0.00365783

44 1 0.00316253

45 1 0.00265474

46 1 0.00213647

47 1 0.00160978

48 1 0.00107673

49 1 0.000539428

50 1 0

0 2 0

1 2 0.00107673

2 2 0.0021492

3 2 0.0032132

4 2 0.00426451

5 2 0.005299

6 2 0.00631257

7 2 0.00730123

8 2 0.00826107

9 2 0.00918832

10 2 0.0100793

11 2 0.0109305

12 2 0.0117386

13 2 0.0125003

14 2 0.0132127

15 2 0.013873

16 2 0.0144785

17 2 0.0150268

18 2 0.0155159

19 2 0.0159437

20 2 0.0163086

21 2 0.0166092

22 2 0.0168442

23 2 0.0170127

24 2 0.0171141

25 2 0.0171479

26 2 0.0171141

27 2 0.0170127

28 2 0.0168442

29 2 0.0166092

30 2 0.0163086

31 2 0.0159437

32 2 0.0155159

33 2 0.0150268

34 2 0.0144785

35 2 0.013873

36 2 0.0132127

37 2 0.0125003

38 2 0.0117386

39 2 0.0109305

40 2 0.0100793

41 2 0.00918832

42 2 0.00826107

43 2 0.00730123

44 2 0.00631257

45 2 0.005299

46 2 0.00426451

47 2 0.0032132

48 2 0.0021492

49 2 0.00107673

50 2 0

0 3 0

1 3 0.00160978

2 3 0.0032132

3 3 0.00480394

4 3 0.00637573

5 3 0.00792235

6 3 0.0094377

7 3 0.0109158

8 3 0.0123508

9 3 0.0137371

10 3 0.0150692

11 3 0.0163418

12 3 0.0175499

13 3 0.0186888

14 3 0.0197538

15 3 0.020741

16 3 0.0216463

17 3 0.0224661

18 3 0.0231973

19 3 0.0238369

20 3 0.0243825

21 3 0.0248318

22 3 0.0251831

23 3 0.0254351

24 3 0.0255867

25 3 0.0256373

26 3 0.0255867

27 3 0.0254351

28 3 0.0251831

29 3 0.0248318

30 3 0.0243825

31 3 0.0238369

32 3 0.0231973

33 3 0.0224661

34 3 0.0216463

35 3 0.020741

36 3 0.0197538

37 3 0.0186888

38 3 0.0175499

39 3 0.0163418

40 3 0.0150692

41 3 0.0137371

42 3 0.0123508

43 3 0.0109158

44 3 0.0094377

45 3 0.00792235

46 3 0.00637573

47 3 0.00480394

48 3 0.0032132

49 3 0.00160978

50 3 0

0 4 0

1 4 0.00213647

2 4 0.00426451

3 4 0.00637573

4 4 0.00846178

5 4 0.0105144

6 4 0.0125256

7 4 0.0144873

8 4 0.0163919

9 4 0.0182317

10 4 0.0199996

11 4 0.0216886

12 4 0.023292

13 4 0.0248035

14 4 0.026217

15 4 0.0275271

16 4 0.0287286

17 4 0.0298167

18 4 0.0307871

19 4 0.031636

20 4 0.0323601

21 4 0.0329564

22 4 0.0334227

23 4 0.0337571

24 4 0.0339583

25 4 0.0340254

26 4 0.0339583

27 4 0.0337571

28 4 0.0334227

29 4 0.0329564

30 4 0.0323601

31 4 0.031636

32 4 0.0307871

33 4 0.0298167

34 4 0.0287286

35 4 0.0275271

36 4 0.026217

37 4 0.0248035

38 4 0.023292

39 4 0.0216886

40 4 0.0199996

41 4 0.0182317

42 4 0.0163919

43 4 0.0144873

44 4 0.0125256

45 4 0.0105144

46 4 0.00846178

47 4 0.00637573

48 4 0.00426451

49 4 0.00213647

50 4 0

0 5 0

1 5 0.00265474

2 5 0.005299

3 5 0.00792235

4 5 0.0105144

5 5 0.013065

6 5 0.015564

7 5 0.0180016

8 5 0.0203682

9 5 0.0226544

10 5 0.0248511

11 5 0.0269498

12 5 0.0289422

13 5 0.0308203

14 5 0.0325767

15 5 0.0342047

16 5 0.0356976

17 5 0.0370496

18 5 0.0382554

19 5 0.0393103

20 5 0.04021

21 5 0.040951

22 5 0.0415304

23 5 0.0419459

24 5 0.0421959

25 5 0.0422793

26 5 0.0421959

27 5 0.0419459

28 5 0.0415304

29 5 0.040951

30 5 0.04021

31 5 0.0393103

32 5 0.0382554

33 5 0.0370496

34 5 0.0356976

35 5 0.0342047

36 5 0.0325767

37 5 0.0308203

38 5 0.0289422

39 5 0.0269498

40 5 0.0248511

41 5 0.0226544

42 5 0.0203682

43 5 0.0180016

44 5 0.015564

45 5 0.013065

46 5 0.0105144

47 5 0.00792235

48 5 0.005299

49 5 0.00265474

50 5 0

0 6 0

1 6 0.00316253

2 6 0.00631257

3 6 0.0094377

4 6 0.0125256

5 6 0.015564

6 6 0.0185411

7 6 0.0214449

8 6 0.0242641

9 6 0.0269876

10 6 0.0296046

11 6 0.0321047

12 6 0.0344781

13 6 0.0367155

14 6 0.0388079

15 6 0.0407472

16 6 0.0425257

17 6 0.0441363

18 6 0.0455728

19 6 0.0468294

20 6 0.0479012

21 6 0.0487839

22 6 0.0494742

23 6 0.0499691

24 6 0.0502669

25 6 0.0503663

26 6 0.0502669

27 6 0.0499691

28 6 0.0494742

29 6 0.0487839

30 6 0.0479012

31 6 0.0468294

32 6 0.0455728

33 6 0.0441363

34 6 0.0425257

35 6 0.0407472

36 6 0.0388079

37 6 0.0367155

38 6 0.0344781

39 6 0.0321047

40 6 0.0296046

41 6 0.0269876

42 6 0.0242641

43 6 0.0214449

44 6 0.0185411

45 6 0.015564

46 6 0.0125256

47 6 0.0094377

48 6 0.00631257

49 6 0.00316253

50 6 0

0 7 0

1 7 0.00365783

2 7 0.00730123

3 7 0.0109158

4 7 0.0144873

5 7 0.0180016

6 7 0.0214449

7 7 0.0248036

8 7 0.0280643

9 7 0.0312143

10 7 0.0342412

11 7 0.0371328

12 7 0.039878

13 7 0.0424657

14 7 0.0448859

15 7 0.0471289

16 7 0.0491859

17 7 0.0510488

18 7 0.0527103

19 7 0.0541637

20 7 0.0554034

21 7 0.0564244

22 7 0.0572227

23 7 0.0577952

24 7 0.0581396

25 7 0.0582545

26 7 0.0581396

27 7 0.0577952

28 7 0.0572227

29 7 0.0564244

30 7 0.0554034

31 7 0.0541637

32 7 0.0527103

33 7 0.0510488

34 7 0.0491859

35 7 0.0471289

36 7 0.0448859

37 7 0.0424657

38 7 0.039878

39 7 0.0371328

40 7 0.0342412

41 7 0.0312143

42 7 0.0280643

43 7 0.0248036

44 7 0.0214449

45 7 0.0180016

46 7 0.0144873

47 7 0.0109158

48 7 0.00730123

49 7 0.00365783

50 7 0

0 8 0

1 8 0.0041387

2 8 0.00826107

3 8 0.0123508

4 8 0.0163919

5 8 0.0203682

6 8 0.0242641

7 8 0.0280643

8 8 0.0317538

9 8 0.0353179

10 8 0.0387426

11 8 0.0420145

12 8 0.0451205

13 8 0.0480484

14 8 0.0507867

15 8 0.0533246

16 8 0.0556521

17 8 0.0577599

18 8 0.0596398

19 8 0.0612842

20 8 0.0626869

21 8 0.0638421

22 8 0.0647454

23 8 0.0653931

24 8 0.0657828

25 8 0.0659129

26 8 0.0657828

27 8 0.0653931

28 8 0.0647454

29 8 0.0638421

30 8 0.0626869

31 8 0.0612842

32 8 0.0596398

33 8 0.0577599

34 8 0.0556521

35 8 0.0533246

36 8 0.0507867

37 8 0.0480484

38 8 0.0451205

39 8 0.0420145

40 8 0.0387426

41 8 0.0353179

42 8 0.0317538

43 8 0.0280643

44 8 0.0242641

45 8 0.0203682

46 8 0.0163919

47 8 0.0123508

48 8 0.00826107

49 8 0.0041387

50 8 0

0 9 0

1 9 0.00460324

2 9 0.00918832

3 9 0.0137371

4 9 0.0182317

5 9 0.0226544

6 9 0.0269876

7 9 0.0312143

8 9 0.0353179

9 9 0.039282

10 9 0.0430912

11 9 0.0467302

12 9 0.0501849

13 9 0.0534415

14 9 0.0564872

15 9 0.0593099

16 9 0.0618986

17 9 0.064243

18 9 0.0663339

19 9 0.0681629

20 9 0.069723

21 9 0.0710079

22 9 0.0720126

23 9 0.072733

24 9 0.0731664

25 9 0.0733111

26 9 0.0731664

27 9 0.072733

28 9 0.0720126

29 9 0.0710079

30 9 0.069723

31 9 0.0681629

32 9 0.0663339

33 9 0.064243

34 9 0.0618986

35 9 0.0593099

36 9 0.0564872

37 9 0.0534415

38 9 0.0501849

39 9 0.0467302

40 9 0.0430912

41 9 0.039282

42 9 0.0353179

43 9 0.0312143

44 9 0.0269876

45 9 0.0226544

46 9 0.0182317

47 9 0.0137371

48 9 0.00918832

49 9 0.00460324

50 9 0

0 10 0

1 10 0.00504961

2 10 0.0100793

3 10 0.0150692

4 10 0.0199996

5 10 0.0248511

6 10 0.0296046

7 10 0.0342412

8 10 0.0387426

9 10 0.0430912

10 10 0.0472697

11 10 0.0512616

12 10 0.0550513

13 10 0.0586236

14 10 0.0619647

15 10 0.0650611

16 10 0.0679008

17 10 0.0704726

18 10 0.0727662

19 10 0.0747726

20 10 0.0764839

21 10 0.0778934

22 10 0.0789955

23 10 0.0797858

24 10 0.0802613

25 10 0.08042

26 10 0.0802613

27 10 0.0797858

28 10 0.0789955

29 10 0.0778934

30 10 0.0764839

31 10 0.0747726

32 10 0.0727662

33 10 0.0704726

34 10 0.0679008

35 10 0.0650611

36 10 0.0619647

37 10 0.0586236

38 10 0.0550513

39 10 0.0512616

40 10 0.0472697

41 10 0.0430912

42 10 0.0387426

43 10 0.0342412

44 10 0.0296046

45 10 0.0248511

46 10 0.0199996

47 10 0.0150692

48 10 0.0100793

49 10 0.00504961

50 10 0

0 11 0

1 11 0.00547605

2 11 0.0109305

3 11 0.0163418

4 11 0.0216886

5 11 0.0269498

6 11 0.0321047

7 11 0.0371328

8 11 0.0420145

9 11 0.0467302

10 11 0.0512616

11 11 0.0555907

12 11 0.0597004

13 11 0.0635744

14 11 0.0671976

15 11 0.0705556

16 11 0.0736351

17 11 0.076424

18 11 0.0789113

19 11 0.0810872

20 11 0.082943

21 11 0.0844716

22 11 0.0856667

23 11 0.0865238

24 11 0.0870394

25 11 0.0872115

26 11 0.0870394

27 11 0.0865238

28 11 0.0856667

29 11 0.0844716

30 11 0.082943

31 11 0.0810872

32 11 0.0789113

33 11 0.076424

34 11 0.0736351

35 11 0.0705556

36 11 0.0671976

37 11 0.0635744

38 11 0.0597004

39 11 0.0555907

40 11 0.0512616

41 11 0.0467302

42 11 0.0420145

43 11 0.0371328

44 11 0.0321047

45 11 0.0269498

46 11 0.0216886

47 11 0.0163418

48 11 0.0109305

49 11 0.00547605

50 11 0

0 12 0

1 12 0.00588088

2 12 0.0117386

3 12 0.0175499

4 12 0.023292

5 12 0.0289422

6 12 0.0344781

7 12 0.039878

8 12 0.0451205

9 12 0.0501849

10 12 0.0550513

11 12 0.0597004

12 12 0.0641139

13 12 0.0682743

14 12 0.0721653

15 12 0.0757716

16 12 0.0790787

17 12 0.0820738

18 12 0.084745

19 12 0.0870818

20 12 0.0890748

21 12 0.0907163

22 12 0.0919998

23 12 0.0929203

24 12 0.093474

25 12 0.0936588

26 12 0.093474

27 12 0.0929203

28 12 0.0919998

29 12 0.0907163

30 12 0.0890748

31 12 0.0870818

32 12 0.084745

33 12 0.0820738

34 12 0.0790787

35 12 0.0757716

36 12 0.0721653

37 12 0.0682743

38 12 0.0641139

39 12 0.0597004

40 12 0.0550513

41 12 0.0501849

42 12 0.0451205

43 12 0.039878

44 12 0.0344781

45 12 0.0289422

46 12 0.023292

47 12 0.0175499

48 12 0.0117386

49 12 0.00588088

50 12 0

0 13 0

1 13 0.00626251

2 13 0.0125003

3 13 0.0186888

4 13 0.0248035

5 13 0.0308203

6 13 0.0367155

7 13 0.0424657

8 13 0.0480484

9 13 0.0534415

10 13 0.0586236

11 13 0.0635744

12 13 0.0682743

13 13 0.0727048

14 13 0.0768483

15 13 0.0806885

16 13 0.0842103

17 13 0.0873998

18 13 0.0902443

19 13 0.0927326

20 13 0.094855

21 13 0.0966031

22 13 0.0979699

23 13 0.09895

24 13 0.0995397

25 13 0.0997365

26 13 0.0995397

27 13 0.09895

28 13 0.0979699

29 13 0.0966031

30 13 0.094855

31 13 0.0927326

32 13 0.0902443

33 13 0.0873998

34 13 0.0842103

35 13 0.0806885

36 13 0.0768483

37 13 0.0727048

38 13 0.0682743

39 13 0.0635744

40 13 0.0586236

41 13 0.0534415

42 13 0.0480484

43 13 0.0424657

44 13 0.0367155

45 13 0.0308203

46 13 0.0248035

47 13 0.0186888

48 13 0.0125003

49 13 0.00626251

50 13 0

0 14 0

1 14 0.00661941

2 14 0.0132127

3 14 0.0197538

4 14 0.026217

5 14 0.0325767

6 14 0.0388079

7 14 0.0448859

8 14 0.0507867

9 14 0.0564872

10 14 0.0619647

11 14 0.0671976

12 14 0.0721653

13 14 0.0768483

14 14 0.0812279

15 14 0.085287

16 14 0.0890095

17 14 0.0923808

18 14 0.0953874

19 14 0.0980176

20 14 0.100261

21 14 0.102109

22 14 0.103553

23 14 0.104589

24 14 0.105213

25 14 0.105421

26 14 0.105213

27 14 0.104589

28 14 0.103553

29 14 0.102109

30 14 0.100261

31 14 0.0980176

32 14 0.0953874

33 14 0.0923808

34 14 0.0890095

35 14 0.085287

36 14 0.0812279

37 14 0.0768483

38 14 0.0721653

39 14 0.0671976

40 14 0.0619647

41 14 0.0564872

42 14 0.0507867

43 14 0.0448859

44 14 0.0388079

45 14 0.0325767

46 14 0.026217

47 14 0.0197538

48 14 0.0132127

49 14 0.00661941

50 14 0

0 15 0

1 15 0.00695019

2 15 0.013873

3 15 0.020741

4 15 0.0275271

5 15 0.0342047

6 15 0.0407472

7 15 0.0471289

8 15 0.0533246

9 15 0.0593099

10 15 0.0650611

11 15 0.0705556

12 15 0.0757716

13 15 0.0806885

14 15 0.085287

15 15 0.089549

16 15 0.0934575

17 15 0.0969972

18 15 0.100154

19 15 0.102916

20 15 0.105271

21 15 0.107211

22 15 0.108728

23 15 0.109816

24 15 0.11047

25 15 0.110689

26 15 0.11047

27 15 0.109816

28 15 0.108728

29 15 0.107211

30 15 0.105271

31 15 0.102916

32 15 0.100154

33 15 0.0969972

34 15 0.0934575

35 15 0.089549

36 15 0.085287

37 15 0.0806885

38 15 0.0757716

39 15 0.0705556

40 15 0.0650611

41 15 0.0593099

42 15 0.0533246

43 15 0.0471289

44 15 0.0407472

45 15 0.0342047

46 15 0.0275271

47 15 0.020741

48 15 0.013873

49 15 0.00695019

50 15 0

0 16 0

1 16 0.00725355

2 16 0.0144785

3 16 0.0216463

4 16 0.0287286

5 16 0.0356976

6 16 0.0425257

7 16 0.0491859

8 16 0.0556521

9 16 0.0618986

10 16 0.0679008

11 16 0.0736351

12 16 0.0790787

13 16 0.0842103

14 16 0.0890095

15 16 0.0934575

16 16 0.0975366

17 16 0.101231

18 16 0.104525

19 16 0.107408

20 16 0.109866

21 16 0.111891

22 16 0.113474

23 16 0.114609

24 16 0.115292

25 16 0.11552

26 16 0.115292

27 16 0.114609

28 16 0.113474

29 16 0.111891

30 16 0.109866

31 16 0.107408

32 16 0.104525

33 16 0.101231

34 16 0.0975366

35 16 0.0934575

36 16 0.0890095

37 16 0.0842103

38 16 0.0790787

39 16 0.0736351

40 16 0.0679008

41 16 0.0618986

42 16 0.0556521

43 16 0.0491859

44 16 0.0425257

45 16 0.0356976

46 16 0.0287286

47 16 0.0216463

48 16 0.0144785

49 16 0.00725355

50 16 0

0 17 0

1 17 0.00752827

2 17 0.0150268

3 17 0.0224661

4 17 0.0298167

5 17 0.0370496

6 17 0.0441363

7 17 0.0510488

8 17 0.0577599

9 17 0.064243

10 17 0.0704726

11 17 0.076424

12 17 0.0820738

13 17 0.0873998

14 17 0.0923808

15 17 0.0969972

16 17 0.101231

17 17 0.105065

18 17 0.108484

19 17 0.111476

20 17 0.114027

21 17 0.116128

22 17 0.117771

23 17 0.11895

24 17 0.119658

25 17 0.119895

26 17 0.119658

27 17 0.11895

28 17 0.117771

29 17 0.116128

30 17 0.114027

31 17 0.111476

32 17 0.108484

33 17 0.105065

34 17 0.101231

35 17 0.0969972

36 17 0.0923808

37 17 0.0873998

38 17 0.0820738

39 17 0.076424

40 17 0.0704726

41 17 0.064243

42 17 0.0577599

43 17 0.0510488

44 17 0.0441363

45 17 0.0370496

46 17 0.0298167

47 17 0.0224661

48 17 0.0150268

49 17 0.00752827

50 17 0

0 18 0

1 18 0.00777329

2 18 0.0155159

3 18 0.0231973

4 18 0.0307871

5 18 0.0382554

6 18 0.0455728

7 18 0.0527103

8 18 0.0596398

9 18 0.0663339

10 18 0.0727662

11 18 0.0789113

12 18 0.084745

13 18 0.0902443

14 18 0.0953874

15 18 0.100154

16 18 0.104525

17 18 0.108484

18 18 0.112015

19 18 0.115104

20 18 0.117738

21 18 0.119908

22 18 0.121604

23 18 0.122821

24 18 0.123553

25 18 0.123797

26 18 0.123553

27 18 0.122821

28 18 0.121604

29 18 0.119908

30 18 0.117738

31 18 0.115104

32 18 0.112015

33 18 0.108484

34 18 0.104525

35 18 0.100154

36 18 0.0953874

37 18 0.0902443

38 18 0.084745

39 18 0.0789113

40 18 0.0727662

41 18 0.0663339

42 18 0.0596398

43 18 0.0527103

44 18 0.0455728

45 18 0.0382554

46 18 0.0307871

47 18 0.0231973

48 18 0.0155159

49 18 0.00777329

50 18 0

0 19 0

1 19 0.00798763

2 19 0.0159437

3 19 0.0238369

4 19 0.031636

5 19 0.0393103

6 19 0.0468294

7 19 0.0541637

8 19 0.0612842

9 19 0.0681629

10 19 0.0747726

11 19 0.0810872

12 19 0.0870818

13 19 0.0927326

14 19 0.0980176

15 19 0.102916

16 19 0.107408

17 19 0.111476

18 19 0.115104

19 19 0.118278

20 19 0.120985

21 19 0.123214

22 19 0.124957

23 19 0.126208

24 19 0.12696

25 19 0.127211

26 19 0.12696

27 19 0.126208

28 19 0.124957

29 19 0.123214

30 19 0.120985

31 19 0.118278

32 19 0.115104

33 19 0.111476

34 19 0.107408

35 19 0.102916

36 19 0.0980176

37 19 0.0927326

38 19 0.0870818

39 19 0.0810872

40 19 0.0747726

41 19 0.0681629

42 19 0.0612842

43 19 0.0541637

44 19 0.0468294

45 19 0.0393103

46 19 0.031636

47 19 0.0238369

48 19 0.0159437

49 19 0.00798763

50 19 0

0 20 0

1 20 0.00817044

2 20 0.0163086

3 20 0.0243825

4 20 0.0323601

5 20 0.04021

6 20 0.0479012

7 20 0.0554034

8 20 0.0626869

9 20 0.069723

10 20 0.0764839

11 20 0.082943

12 20 0.0890748

13 20 0.094855

14 20 0.100261

15 20 0.105271

16 20 0.109866

17 20 0.114027

18 20 0.117738

19 20 0.120985

20 20 0.123754

21 20 0.126034

22 20 0.127817

23 20 0.129096

24 20 0.129865

25 20 0.130122

26 20 0.129865

27 20 0.129096

28 20 0.127817

29 20 0.126034

30 20 0.123754

31 20 0.120985

32 20 0.117738

33 20 0.114027

34 20 0.109866

35 20 0.105271

36 20 0.100261

37 20 0.094855

38 20 0.0890748

39 20 0.082943

40 20 0.0764839

41 20 0.069723

42 20 0.0626869

43 20 0.0554034

44 20 0.0479012

45 20 0.04021

46 20 0.0323601

47 20 0.0243825

48 20 0.0163086

49 20 0.00817044

50 20 0

0 21 0

1 21 0.00832101

2 21 0.0166092

3 21 0.0248318

4 21 0.0329564

5 21 0.040951

6 21 0.0487839

7 21 0.0564244

8 21 0.0638421

9 21 0.0710079

10 21 0.0778934

11 21 0.0844716

12 21 0.0907163

13 21 0.0966031

14 21 0.102109

15 21 0.107211

16 21 0.111891

17 21 0.116128

18 21 0.119908

19 21 0.123214

20 21 0.126034

21 21 0.128357

22 21 0.130173

23 21 0.131475

24 21 0.132259

25 21 0.13252

26 21 0.132259

27 21 0.131475

28 21 0.130173

29 21 0.128357

30 21 0.126034

31 21 0.123214

32 21 0.119908

33 21 0.116128

34 21 0.111891

35 21 0.107211

36 21 0.102109

37 21 0.0966031

38 21 0.0907163

39 21 0.0844716

40 21 0.0778934

41 21 0.0710079

42 21 0.0638421

43 21 0.0564244

44 21 0.0487839

45 21 0.040951

46 21 0.0329564

47 21 0.0248318

48 21 0.0166092

49 21 0.00832101

50 21 0

0 22 0

1 22 0.00843874

2 22 0.0168442

3 22 0.0251831

4 22 0.0334227

5 22 0.0415304

6 22 0.0494742

7 22 0.0572227

8 22 0.0647454

9 22 0.0720126

10 22 0.0789955

11 22 0.0856667

12 22 0.0919998

13 22 0.0979699

14 22 0.103553

15 22 0.108728

16 22 0.113474

17 22 0.117771

18 22 0.121604

19 22 0.124957

20 22 0.127817

21 22 0.130173

22 22 0.132015

23 22 0.133335

24 22 0.13413

25 22 0.134395

26 22 0.13413

27 22 0.133335

28 22 0.132015

29 22 0.130173

30 22 0.127817

31 22 0.124957

32 22 0.121604

33 22 0.117771

34 22 0.113474

35 22 0.108728

36 22 0.103553

37 22 0.0979699

38 22 0.0919998

39 22 0.0856667

40 22 0.0789955

41 22 0.0720126

42 22 0.0647454

43 22 0.0572227

44 22 0.0494742

45 22 0.0415304

46 22 0.0334227

47 22 0.0251831

48 22 0.0168442

49 22 0.00843874

50 22 0

0 23 0

1 23 0.00852317

2 23 0.0170127

3 23 0.0254351

4 23 0.0337571

5 23 0.0419459

6 23 0.0499691

7 23 0.0577952

8 23 0.0653931

9 23 0.072733

10 23 0.0797858

11 23 0.0865238

12 23 0.0929203

13 23 0.09895

14 23 0.104589

15 23 0.109816

16 23 0.114609

17 23 0.11895

18 23 0.122821

19 23 0.126208

20 23 0.129096

21 23 0.131475

22 23 0.133335

23 23 0.134669

24 23 0.135472

25 23 0.13574

26 23 0.135472

27 23 0.134669

28 23 0.133335

29 23 0.131475

30 23 0.129096

31 23 0.126208

32 23 0.122821

33 23 0.11895

34 23 0.114609

35 23 0.109816

36 23 0.104589

37 23 0.09895

38 23 0.0929203

39 23 0.0865238

40 23 0.0797858

41 23 0.072733

42 23 0.0653931

43 23 0.0577952

44 23 0.0499691

45 23 0.0419459

46 23 0.0337571

47 23 0.0254351

48 23 0.0170127

49 23 0.00852317

50 23 0

0 24 0

1 24 0.00857396

2 24 0.0171141

3 24 0.0255867

4 24 0.0339583

5 24 0.0421959

6 24 0.0502669

7 24 0.0581396

8 24 0.0657828

9 24 0.0731664

10 24 0.0802613

11 24 0.0870394

12 24 0.093474

13 24 0.0995397

14 24 0.105213

15 24 0.11047

16 24 0.115292

17 24 0.119658

18 24 0.123553

19 24 0.12696

20 24 0.129865

21 24 0.132259

22 24 0.13413

23 24 0.135472

24 24 0.136279

25 24 0.136549

26 24 0.136279

27 24 0.135472

28 24 0.13413

29 24 0.132259

30 24 0.129865

31 24 0.12696

32 24 0.123553

33 24 0.119658

34 24 0.115292

35 24 0.11047

36 24 0.105213

37 24 0.0995397

38 24 0.093474

39 24 0.0870394

40 24 0.0802613

41 24 0.0731664

42 24 0.0657828

43 24 0.0581396

44 24 0.0502669

45 24 0.0421959

46 24 0.0339583

47 24 0.0255867

48 24 0.0171141

49 24 0.00857396

50 24 0

0 25 0

1 25 0.00859091

2 25 0.0171479

3 25 0.0256373

4 25 0.0340254

5 25 0.0422793

6 25 0.0503663

7 25 0.0582545

8 25 0.0659129

9 25 0.0733111

10 25 0.08042

11 25 0.0872115

12 25 0.0936588

13 25 0.0997365

14 25 0.105421

15 25 0.110689

16 25 0.11552

17 25 0.119895

18 25 0.123797

19 25 0.127211

20 25 0.130122

21 25 0.13252

22 25 0.134395

23 25 0.13574

24 25 0.136549

25 25 0.136819

26 25 0.136549

27 25 0.13574

28 25 0.134395

29 25 0.13252

30 25 0.130122

31 25 0.127211

32 25 0.123797

33 25 0.119895

34 25 0.11552

35 25 0.110689

36 25 0.105421

37 25 0.0997365

38 25 0.0936588

39 25 0.0872115

40 25 0.08042

41 25 0.0733111

42 25 0.0659129

43 25 0.0582545

44 25 0.0503663

45 25 0.0422793

46 25 0.0340254

47 25 0.0256373

48 25 0.0171479

49 25 0.00859091

50 25 0

0 26 0

1 26 0.00857396

2 26 0.0171141

3 26 0.0255867

4 26 0.0339583

5 26 0.0421959

6 26 0.0502669

7 26 0.0581396

8 26 0.0657828

9 26 0.0731664

10 26 0.0802613

11 26 0.0870394

12 26 0.093474

13 26 0.0995397

14 26 0.105213

15 26 0.11047

16 26 0.115292

17 26 0.119658

18 26 0.123553

19 26 0.12696

20 26 0.129865

21 26 0.132259

22 26 0.13413

23 26 0.135472

24 26 0.136279

25 26 0.136549

26 26 0.136279

27 26 0.135472

28 26 0.13413

29 26 0.132259

30 26 0.129865

31 26 0.12696

32 26 0.123553

33 26 0.119658

34 26 0.115292

35 26 0.11047

36 26 0.105213

37 26 0.0995397

38 26 0.093474

39 26 0.0870394

40 26 0.0802613

41 26 0.0731664

42 26 0.0657828

43 26 0.0581396

44 26 0.0502669

45 26 0.0421959

46 26 0.0339583

47 26 0.0255867

48 26 0.0171141

49 26 0.00857396

50 26 0

0 27 0

1 27 0.00852317

2 27 0.0170127

3 27 0.0254351

4 27 0.0337571

5 27 0.0419459

6 27 0.0499691

7 27 0.0577952

8 27 0.0653931

9 27 0.072733

10 27 0.0797858

11 27 0.0865238

12 27 0.0929203

13 27 0.09895

14 27 0.104589

15 27 0.109816

16 27 0.114609

17 27 0.11895

18 27 0.122821

19 27 0.126208

20 27 0.129096

21 27 0.131475

22 27 0.133335

23 27 0.134669

24 27 0.135472

25 27 0.13574

26 27 0.135472

27 27 0.134669

28 27 0.133335

29 27 0.131475

30 27 0.129096

31 27 0.126208

32 27 0.122821

33 27 0.11895

34 27 0.114609

35 27 0.109816

36 27 0.104589

37 27 0.09895

38 27 0.0929203

39 27 0.0865238

40 27 0.0797858

41 27 0.072733

42 27 0.0653931

43 27 0.0577952

44 27 0.0499691

45 27 0.0419459

46 27 0.0337571

47 27 0.0254351

48 27 0.0170127

49 27 0.00852317

50 27 0

0 28 0

1 28 0.00843874

2 28 0.0168442

3 28 0.0251831

4 28 0.0334227

5 28 0.0415304

6 28 0.0494742

7 28 0.0572227

8 28 0.0647454

9 28 0.0720126

10 28 0.0789955

11 28 0.0856667

12 28 0.0919998

13 28 0.0979699

14 28 0.103553

15 28 0.108728

16 28 0.113474

17 28 0.117771

18 28 0.121604

19 28 0.124957

20 28 0.127817

21 28 0.130173

22 28 0.132015

23 28 0.133335

24 28 0.13413

25 28 0.134395

26 28 0.13413

27 28 0.133335

28 28 0.132015

29 28 0.130173

30 28 0.127817

31 28 0.124957

32 28 0.121604

33 28 0.117771

34 28 0.113474

35 28 0.108728

36 28 0.103553

37 28 0.0979699

38 28 0.0919998

39 28 0.0856667

40 28 0.0789955

41 28 0.0720126

42 28 0.0647454

43 28 0.0572227

44 28 0.0494742

45 28 0.0415304

46 28 0.0334227

47 28 0.0251831

48 28 0.0168442

49 28 0.00843874

50 28 0

0 29 0

1 29 0.00832101

2 29 0.0166092

3 29 0.0248318

4 29 0.0329564

5 29 0.040951

6 29 0.0487839

7 29 0.0564244

8 29 0.0638421

9 29 0.0710079

10 29 0.0778934

11 29 0.0844716

12 29 0.0907163

13 29 0.0966031

14 29 0.102109

15 29 0.107211

16 29 0.111891

17 29 0.116128

18 29 0.119908

19 29 0.123214

20 29 0.126034

21 29 0.128357

22 29 0.130173

23 29 0.131475

24 29 0.132259

25 29 0.13252

26 29 0.132259

27 29 0.131475

28 29 0.130173

29 29 0.128357

30 29 0.126034

31 29 0.123214

32 29 0.119908

33 29 0.116128

34 29 0.111891

35 29 0.107211

36 29 0.102109

37 29 0.0966031

38 29 0.0907163

39 29 0.0844716

40 29 0.0778934

41 29 0.0710079

42 29 0.0638421

43 29 0.0564244

44 29 0.0487839

45 29 0.040951

46 29 0.0329564

47 29 0.0248318

48 29 0.0166092

49 29 0.00832101

50 29 0

0 30 0

1 30 0.00817044

2 30 0.0163086

3 30 0.0243825

4 30 0.0323601

5 30 0.04021

6 30 0.0479012

7 30 0.0554034

8 30 0.0626869

9 30 0.069723

10 30 0.0764839

11 30 0.082943

12 30 0.0890748

13 30 0.094855

14 30 0.100261

15 30 0.105271

16 30 0.109866

17 30 0.114027

18 30 0.117738

19 30 0.120985

20 30 0.123754

21 30 0.126034

22 30 0.127817

23 30 0.129096

24 30 0.129865

25 30 0.130122

26 30 0.129865

27 30 0.129096

28 30 0.127817

29 30 0.126034

30 30 0.123754

31 30 0.120985

32 30 0.117738

33 30 0.114027

34 30 0.109866

35 30 0.105271

36 30 0.100261

37 30 0.094855

38 30 0.0890748

39 30 0.082943

40 30 0.0764839

41 30 0.069723

42 30 0.0626869

43 30 0.0554034

44 30 0.0479012

45 30 0.04021

46 30 0.0323601

47 30 0.0243825

48 30 0.0163086

49 30 0.00817044

50 30 0

0 31 0

1 31 0.00798763

2 31 0.0159437

3 31 0.0238369

4 31 0.031636

5 31 0.0393103

6 31 0.0468294

7 31 0.0541637

8 31 0.0612842

9 31 0.0681629

10 31 0.0747726

11 31 0.0810872

12 31 0.0870818

13 31 0.0927326

14 31 0.0980176

15 31 0.102916

16 31 0.107408

17 31 0.111476

18 31 0.115104

19 31 0.118278

20 31 0.120985

21 31 0.123214

22 31 0.124957

23 31 0.126208

24 31 0.12696

25 31 0.127211

26 31 0.12696

27 31 0.126208

28 31 0.124957

29 31 0.123214

30 31 0.120985

31 31 0.118278

32 31 0.115104

33 31 0.111476

34 31 0.107408

35 31 0.102916

36 31 0.0980176

37 31 0.0927326

38 31 0.0870818

39 31 0.0810872

40 31 0.0747726

41 31 0.0681629

42 31 0.0612842

43 31 0.0541637

44 31 0.0468294

45 31 0.0393103

46 31 0.031636

47 31 0.0238369

48 31 0.0159437

49 31 0.00798763

50 31 0

0 32 0

1 32 0.00777329

2 32 0.0155159

3 32 0.0231973

4 32 0.0307871

5 32 0.0382554

6 32 0.0455728

7 32 0.0527103

8 32 0.0596398

9 32 0.0663339

10 32 0.0727662

11 32 0.0789113

12 32 0.084745

13 32 0.0902443

14 32 0.0953874

15 32 0.100154

16 32 0.104525

17 32 0.108484

18 32 0.112015

19 32 0.115104

20 32 0.117738

21 32 0.119908

22 32 0.121604

23 32 0.122821

24 32 0.123553

25 32 0.123797

26 32 0.123553

27 32 0.122821

28 32 0.121604

29 32 0.119908

30 32 0.117738

31 32 0.115104

32 32 0.112015

33 32 0.108484

34 32 0.104525

35 32 0.100154

36 32 0.0953874

37 32 0.0902443

38 32 0.084745

39 32 0.0789113

40 32 0.0727662

41 32 0.0663339

42 32 0.0596398

43 32 0.0527103

44 32 0.0455728

45 32 0.0382554

46 32 0.0307871

47 32 0.0231973

48 32 0.0155159

49 32 0.00777329

50 32 0

0 33 0

1 33 0.00752827

2 33 0.0150268

3 33 0.0224661

4 33 0.0298167

5 33 0.0370496

6 33 0.0441363

7 33 0.0510488

8 33 0.0577599

9 33 0.064243

10 33 0.0704726

11 33 0.076424

12 33 0.0820738

13 33 0.0873998

14 33 0.0923808

15 33 0.0969972

16 33 0.101231

17 33 0.105065

18 33 0.108484

19 33 0.111476

20 33 0.114027

21 33 0.116128

22 33 0.117771

23 33 0.11895

24 33 0.119658

25 33 0.119895

26 33 0.119658

27 33 0.11895

28 33 0.117771

29 33 0.116128

30 33 0.114027

31 33 0.111476

32 33 0.108484

33 33 0.105065

34 33 0.101231

35 33 0.0969972

36 33 0.0923808

37 33 0.0873998

38 33 0.0820738

39 33 0.076424

40 33 0.0704726

41 33 0.064243

42 33 0.0577599

43 33 0.0510488

44 33 0.0441363

45 33 0.0370496

46 33 0.0298167

47 33 0.0224661

48 33 0.0150268

49 33 0.00752827

50 33 0

0 34 0

1 34 0.00725355

2 34 0.0144785

3 34 0.0216463

4 34 0.0287286

5 34 0.0356976

6 34 0.0425257

7 34 0.0491859

8 34 0.0556521

9 34 0.0618986

10 34 0.0679008

11 34 0.0736351

12 34 0.0790787

13 34 0.0842103

14 34 0.0890095

15 34 0.0934575

16 34 0.0975366

17 34 0.101231

18 34 0.104525

19 34 0.107408

20 34 0.109866

21 34 0.111891

22 34 0.113474

23 34 0.114609

24 34 0.115292

25 34 0.11552

26 34 0.115292

27 34 0.114609

28 34 0.113474

29 34 0.111891

30 34 0.109866

31 34 0.107408

32 34 0.104525

33 34 0.101231

34 34 0.0975366

35 34 0.0934575

36 34 0.0890095

37 34 0.0842103

38 34 0.0790787

39 34 0.0736351

40 34 0.0679008

41 34 0.0618986

42 34 0.0556521

43 34 0.0491859

44 34 0.0425257

45 34 0.0356976

46 34 0.0287286

47 34 0.0216463

48 34 0.0144785

49 34 0.00725355

50 34 0

0 35 0

1 35 0.00695019

2 35 0.013873

3 35 0.020741

4 35 0.0275271

5 35 0.0342047

6 35 0.0407472

7 35 0.0471289

8 35 0.0533246

9 35 0.0593099

10 35 0.0650611

11 35 0.0705556

12 35 0.0757716

13 35 0.0806885

14 35 0.085287

15 35 0.089549

16 35 0.0934575

17 35 0.0969972

18 35 0.100154

19 35 0.102916

20 35 0.105271

21 35 0.107211

22 35 0.108728

23 35 0.109816

24 35 0.11047

25 35 0.110689

26 35 0.11047

27 35 0.109816

28 35 0.108728

29 35 0.107211

30 35 0.105271

31 35 0.102916

32 35 0.100154

33 35 0.0969972

34 35 0.0934575

35 35 0.089549

36 35 0.085287

37 35 0.0806885

38 35 0.0757716

39 35 0.0705556

40 35 0.0650611

41 35 0.0593099

42 35 0.0533246

43 35 0.0471289

44 35 0.0407472

45 35 0.0342047

46 35 0.0275271

47 35 0.020741

48 35 0.013873

49 35 0.00695019

50 35 0

0 36 0

1 36 0.00661941

2 36 0.0132127

3 36 0.0197538

4 36 0.026217

5 36 0.0325767

6 36 0.0388079

7 36 0.0448859

8 36 0.0507867

9 36 0.0564872

10 36 0.0619647

11 36 0.0671976

12 36 0.0721653

13 36 0.0768483

14 36 0.0812279

15 36 0.085287

16 36 0.0890095

17 36 0.0923808

18 36 0.0953874

19 36 0.0980176

20 36 0.100261

21 36 0.102109

22 36 0.103553

23 36 0.104589

24 36 0.105213

25 36 0.105421

26 36 0.105213

27 36 0.104589

28 36 0.103553

29 36 0.102109

30 36 0.100261

31 36 0.0980176

32 36 0.0953874

33 36 0.0923808

34 36 0.0890095

35 36 0.085287

36 36 0.0812279

37 36 0.0768483

38 36 0.0721653

39 36 0.0671976

40 36 0.0619647

41 36 0.0564872

42 36 0.0507867

43 36 0.0448859

44 36 0.0388079

45 36 0.0325767

46 36 0.026217

47 36 0.0197538

48 36 0.0132127

49 36 0.00661941

50 36 0

0 37 0

1 37 0.00626251

2 37 0.0125003

3 37 0.0186888

4 37 0.0248035

5 37 0.0308203

6 37 0.0367155

7 37 0.0424657

8 37 0.0480484

9 37 0.0534415

10 37 0.0586236

11 37 0.0635744

12 37 0.0682743

13 37 0.0727048

14 37 0.0768483

15 37 0.0806885

16 37 0.0842103

17 37 0.0873998

18 37 0.0902443

19 37 0.0927326

20 37 0.094855

21 37 0.0966031

22 37 0.0979699

23 37 0.09895

24 37 0.0995397

25 37 0.0997365

26 37 0.0995397

27 37 0.09895

28 37 0.0979699

29 37 0.0966031

30 37 0.094855

31 37 0.0927326

32 37 0.0902443

33 37 0.0873998

34 37 0.0842103

35 37 0.0806885

36 37 0.0768483

37 37 0.0727048

38 37 0.0682743

39 37 0.0635744

40 37 0.0586236

41 37 0.0534415

42 37 0.0480484

43 37 0.0424657

44 37 0.0367155

45 37 0.0308203

46 37 0.0248035

47 37 0.0186888

48 37 0.0125003

49 37 0.00626251

50 37 0

0 38 0

1 38 0.00588088

2 38 0.0117386

3 38 0.0175499

4 38 0.023292

5 38 0.0289422

6 38 0.0344781

7 38 0.039878

8 38 0.0451205

9 38 0.0501849

10 38 0.0550513

11 38 0.0597004

12 38 0.0641139

13 38 0.0682743

14 38 0.0721653

15 38 0.0757716

16 38 0.0790787

17 38 0.0820738

18 38 0.084745

19 38 0.0870818

20 38 0.0890748

21 38 0.0907163

22 38 0.0919998

23 38 0.0929203

24 38 0.093474

25 38 0.0936588

26 38 0.093474

27 38 0.0929203

28 38 0.0919998

29 38 0.0907163

30 38 0.0890748

31 38 0.0870818

32 38 0.084745

33 38 0.0820738

34 38 0.0790787

35 38 0.0757716

36 38 0.0721653

37 38 0.0682743

38 38 0.0641139

39 38 0.0597004

40 38 0.0550513

41 38 0.0501849

42 38 0.0451205

43 38 0.039878

44 38 0.0344781

45 38 0.0289422

46 38 0.023292

47 38 0.0175499

48 38 0.0117386

49 38 0.00588088

50 38 0

0 39 0

1 39 0.00547605

2 39 0.0109305

3 39 0.0163418

4 39 0.0216886

5 39 0.0269498

6 39 0.0321047

7 39 0.0371328

8 39 0.0420145

9 39 0.0467302

10 39 0.0512616

11 39 0.0555907

12 39 0.0597004

13 39 0.0635744

14 39 0.0671976

15 39 0.0705556

16 39 0.0736351

17 39 0.076424

18 39 0.0789113

19 39 0.0810872

20 39 0.082943

21 39 0.0844716

22 39 0.0856667

23 39 0.0865238

24 39 0.0870394

25 39 0.0872115

26 39 0.0870394

27 39 0.0865238

28 39 0.0856667

29 39 0.0844716

30 39 0.082943

31 39 0.0810872

32 39 0.0789113

33 39 0.076424

34 39 0.0736351

35 39 0.0705556

36 39 0.0671976

37 39 0.0635744

38 39 0.0597004

39 39 0.0555907

40 39 0.0512616

41 39 0.0467302

42 39 0.0420145

43 39 0.0371328

44 39 0.0321047

45 39 0.0269498

46 39 0.0216886

47 39 0.0163418

48 39 0.0109305

49 39 0.00547605

50 39 0

0 40 0

1 40 0.00504961

2 40 0.0100793

3 40 0.0150692

4 40 0.0199996

5 40 0.0248511

6 40 0.0296046

7 40 0.0342412

8 40 0.0387426

9 40 0.0430912

10 40 0.0472697

11 40 0.0512616

12 40 0.0550513

13 40 0.0586236

14 40 0.0619647

15 40 0.0650611

16 40 0.0679008

17 40 0.0704726

18 40 0.0727662

19 40 0.0747726

20 40 0.0764839

21 40 0.0778934

22 40 0.0789955

23 40 0.0797858

24 40 0.0802613

25 40 0.08042

26 40 0.0802613

27 40 0.0797858

28 40 0.0789955

29 40 0.0778934

30 40 0.0764839

31 40 0.0747726

32 40 0.0727662

33 40 0.0704726

34 40 0.0679008

35 40 0.0650611

36 40 0.0619647

37 40 0.0586236

38 40 0.0550513

39 40 0.0512616

40 40 0.0472697

41 40 0.0430912

42 40 0.0387426

43 40 0.0342412

44 40 0.0296046

45 40 0.0248511

46 40 0.0199996

47 40 0.0150692

48 40 0.0100793

49 40 0.00504961

50 40 0

0 41 0

1 41 0.00460324

2 41 0.00918832

3 41 0.0137371

4 41 0.0182317

5 41 0.0226544

6 41 0.0269876

7 41 0.0312143

8 41 0.0353179

9 41 0.039282

10 41 0.0430912

11 41 0.0467302

12 41 0.0501849

13 41 0.0534415

14 41 0.0564872

15 41 0.0593099

16 41 0.0618986

17 41 0.064243

18 41 0.0663339

19 41 0.0681629

20 41 0.069723

21 41 0.0710079

22 41 0.0720126

23 41 0.072733

24 41 0.0731664

25 41 0.0733111

26 41 0.0731664

27 41 0.072733

28 41 0.0720126

29 41 0.0710079

30 41 0.069723

31 41 0.0681629

32 41 0.0663339

33 41 0.064243

34 41 0.0618986

35 41 0.0593099

36 41 0.0564872

37 41 0.0534415

38 41 0.0501849

39 41 0.0467302

40 41 0.0430912

41 41 0.039282

42 41 0.0353179

43 41 0.0312143

44 41 0.0269876

45 41 0.0226544

46 41 0.0182317

47 41 0.0137371

48 41 0.00918832

49 41 0.00460324

50 41 0

0 42 0

1 42 0.0041387

2 42 0.00826107

3 42 0.0123508

4 42 0.0163919

5 42 0.0203682

6 42 0.0242641

7 42 0.0280643

8 42 0.0317538

9 42 0.0353179

10 42 0.0387426

11 42 0.0420145

12 42 0.0451205

13 42 0.0480484

14 42 0.0507867

15 42 0.0533246

16 42 0.0556521

17 42 0.0577599

18 42 0.0596398

19 42 0.0612842

20 42 0.0626869

21 42 0.0638421

22 42 0.0647454

23 42 0.0653931

24 42 0.0657828

25 42 0.0659129

26 42 0.0657828

27 42 0.0653931

28 42 0.0647454

29 42 0.0638421

30 42 0.0626869

31 42 0.0612842

32 42 0.0596398

33 42 0.0577599

34 42 0.0556521

35 42 0.0533246

36 42 0.0507867

37 42 0.0480484

38 42 0.0451205

39 42 0.0420145

40 42 0.0387426

41 42 0.0353179

42 42 0.0317538

43 42 0.0280643

44 42 0.0242641

45 42 0.0203682

46 42 0.0163919

47 42 0.0123508

48 42 0.00826107

49 42 0.0041387

50 42 0

0 43 0

1 43 0.00365783

2 43 0.00730123

3 43 0.0109158

4 43 0.0144873

5 43 0.0180016

6 43 0.0214449

7 43 0.0248036

8 43 0.0280643

9 43 0.0312143

10 43 0.0342412

11 43 0.0371328

12 43 0.039878

13 43 0.0424657

14 43 0.0448859

15 43 0.0471289

16 43 0.0491859

17 43 0.0510488

18 43 0.0527103

19 43 0.0541637

20 43 0.0554034

21 43 0.0564244

22 43 0.0572227

23 43 0.0577952

24 43 0.0581396

25 43 0.0582545

26 43 0.0581396

27 43 0.0577952

28 43 0.0572227

29 43 0.0564244

30 43 0.0554034

31 43 0.0541637

32 43 0.0527103

33 43 0.0510488

34 43 0.0491859

35 43 0.0471289

36 43 0.0448859

37 43 0.0424657

38 43 0.039878

39 43 0.0371328

40 43 0.0342412

41 43 0.0312143

42 43 0.0280643

43 43 0.0248036

44 43 0.0214449

45 43 0.0180016

46 43 0.0144873

47 43 0.0109158

48 43 0.00730123

49 43 0.00365783

50 43 0

0 44 0

1 44 0.00316253

2 44 0.00631257

3 44 0.0094377

4 44 0.0125256

5 44 0.015564

6 44 0.0185411

7 44 0.0214449

8 44 0.0242641

9 44 0.0269876

10 44 0.0296046

11 44 0.0321047

12 44 0.0344781

13 44 0.0367155

14 44 0.0388079

15 44 0.0407472

16 44 0.0425257

17 44 0.0441363

18 44 0.0455728

19 44 0.0468294

20 44 0.0479012

21 44 0.0487839

22 44 0.0494742

23 44 0.0499691

24 44 0.0502669

25 44 0.0503663

26 44 0.0502669

27 44 0.0499691

28 44 0.0494742

29 44 0.0487839

30 44 0.0479012

31 44 0.0468294

32 44 0.0455728

33 44 0.0441363

34 44 0.0425257

35 44 0.0407472

36 44 0.0388079

37 44 0.0367155

38 44 0.0344781

39 44 0.0321047

40 44 0.0296046

41 44 0.0269876

42 44 0.0242641

43 44 0.0214449

44 44 0.0185411

45 44 0.015564

46 44 0.0125256

47 44 0.0094377

48 44 0.00631257

49 44 0.00316253

50 44 0

0 45 0

1 45 0.00265474

2 45 0.005299

3 45 0.00792235

4 45 0.0105144

5 45 0.013065

6 45 0.015564

7 45 0.0180016

8 45 0.0203682

9 45 0.0226544

10 45 0.0248511

11 45 0.0269498

12 45 0.0289422

13 45 0.0308203

14 45 0.0325767

15 45 0.0342047

16 45 0.0356976

17 45 0.0370496

18 45 0.0382554

19 45 0.0393103

20 45 0.04021

21 45 0.040951

22 45 0.0415304

23 45 0.0419459

24 45 0.0421959

25 45 0.0422793

26 45 0.0421959

27 45 0.0419459

28 45 0.0415304

29 45 0.040951

30 45 0.04021

31 45 0.0393103

32 45 0.0382554

33 45 0.0370496

34 45 0.0356976

35 45 0.0342047

36 45 0.0325767

37 45 0.0308203

38 45 0.0289422

39 45 0.0269498

40 45 0.0248511

41 45 0.0226544

42 45 0.0203682

43 45 0.0180016

44 45 0.015564

45 45 0.013065

46 45 0.0105144

47 45 0.00792235

48 45 0.005299

49 45 0.00265474

50 45 0

0 46 0

1 46 0.00213647

2 46 0.00426451

3 46 0.00637573

4 46 0.00846178

5 46 0.0105144

6 46 0.0125256

7 46 0.0144873

8 46 0.0163919

9 46 0.0182317

10 46 0.0199996

11 46 0.0216886

12 46 0.023292

13 46 0.0248035

14 46 0.026217

15 46 0.0275271

16 46 0.0287286

17 46 0.0298167

18 46 0.0307871

19 46 0.031636

20 46 0.0323601

21 46 0.0329564

22 46 0.0334227

23 46 0.0337571

24 46 0.0339583

25 46 0.0340254

26 46 0.0339583

27 46 0.0337571

28 46 0.0334227

29 46 0.0329564

30 46 0.0323601

31 46 0.031636

32 46 0.0307871

33 46 0.0298167

34 46 0.0287286

35 46 0.0275271

36 46 0.026217

37 46 0.0248035

38 46 0.023292

39 46 0.0216886

40 46 0.0199996

41 46 0.0182317

42 46 0.0163919

43 46 0.0144873

44 46 0.0125256

45 46 0.0105144

46 46 0.00846178

47 46 0.00637573

48 46 0.00426451

49 46 0.00213647

50 46 0

0 47 0

1 47 0.00160978

2 47 0.0032132

3 47 0.00480394

4 47 0.00637573

5 47 0.00792235

6 47 0.0094377

7 47 0.0109158

8 47 0.0123508

9 47 0.0137371

10 47 0.0150692

11 47 0.0163418

12 47 0.0175499

13 47 0.0186888

14 47 0.0197538

15 47 0.020741

16 47 0.0216463

17 47 0.0224661

18 47 0.0231973

19 47 0.0238369

20 47 0.0243825

21 47 0.0248318

22 47 0.0251831

23 47 0.0254351

24 47 0.0255867

25 47 0.0256373

26 47 0.0255867

27 47 0.0254351

28 47 0.0251831

29 47 0.0248318

30 47 0.0243825

31 47 0.0238369

32 47 0.0231973

33 47 0.0224661

34 47 0.0216463

35 47 0.020741

36 47 0.0197538

37 47 0.0186888

38 47 0.0175499

39 47 0.0163418

40 47 0.0150692

41 47 0.0137371

42 47 0.0123508

43 47 0.0109158

44 47 0.0094377

45 47 0.00792235

46 47 0.00637573

47 47 0.00480394

48 47 0.0032132

49 47 0.00160978

50 47 0

0 48 0

1 48 0.00107673

2 48 0.0021492

3 48 0.0032132

4 48 0.00426451

5 48 0.005299

6 48 0.00631257

7 48 0.00730123

8 48 0.00826107

9 48 0.00918832

10 48 0.0100793

11 48 0.0109305

12 48 0.0117386

13 48 0.0125003

14 48 0.0132127

15 48 0.013873

16 48 0.0144785

17 48 0.0150268

18 48 0.0155159

19 48 0.0159437

20 48 0.0163086

21 48 0.0166092

22 48 0.0168442

23 48 0.0170127

24 48 0.0171141

25 48 0.0171479

26 48 0.0171141

27 48 0.0170127

28 48 0.0168442

29 48 0.0166092

30 48 0.0163086

31 48 0.0159437

32 48 0.0155159

33 48 0.0150268

34 48 0.0144785

35 48 0.013873

36 48 0.0132127

37 48 0.0125003

38 48 0.0117386

39 48 0.0109305

40 48 0.0100793

41 48 0.00918832

42 48 0.00826107

43 48 0.00730123

44 48 0.00631257

45 48 0.005299

46 48 0.00426451

47 48 0.0032132

48 48 0.0021492

49 48 0.00107673

50 48 0

0 49 0

1 49 0.000539428

2 49 0.00107673

3 49 0.00160978

4 49 0.00213647

5 49 0.00265474

6 49 0.00316253

7 49 0.00365783

8 49 0.0041387

9 49 0.00460324

10 49 0.00504961

11 49 0.00547605

12 49 0.00588088

13 49 0.00626251

14 49 0.00661941

15 49 0.00695019

16 49 0.00725355

17 49 0.00752827

18 49 0.00777329

19 49 0.00798763

20 49 0.00817044

21 49 0.00832101

22 49 0.00843874

23 49 0.00852317

24 49 0.00857396

25 49 0.00859091

26 49 0.00857396

27 49 0.00852317

28 49 0.00843874

29 49 0.00832101

30 49 0.00817044

31 49 0.00798763

32 49 0.00777329

