0 1 0

1 1 0.00041246

2 1 0.000823292

3 1 0.00123087

4 1 0.0016336

5 1 0.00202988

6 1 0.00241814

7 1 0.00279687

8 1 0.00316455

9 1 0.00351975

10 1 0.00386106

11 1 0.00418712

12 1 0.00449667

13 1 0.00478847

14 1 0.00506136

15 1 0.00531429

16 1 0.00554624

17 1 0.0057563

18 1 0.00594365

19 1 0.00610754

20 1 0.00624732

21 1 0.00636245

22 1 0.00645247

23 1 0.00651703

24 1 0.00655586

25 1 0.00656882

26 1 0.00655586

27 1 0.00651703

28 1 0.00645247

29 1 0.00636245

30 1 0.00624732

31 1 0.00610754

32 1 0.00594365

33 1 0.0057563

34 1 0.00554624

35 1 0.00531429

36 1 0.00506136

37 1 0.00478847

38 1 0.00449667

39 1 0.00418712

40 1 0.00386106

41 1 0.00351975

42 1 0.00316455

43 1 0.00279687

44 1 0.00241814

45 1 0.00202988

46 1 0.0016336

47 1 0.00123087

48 1 0.000823292

49 1 0.00041246

50 1 0

0 2 0

1 2 0.000823292

2 2 0.00164333

3 2 0.00245689

4 2 0.00326075

5 2 0.00405174

6 2 0.00482675

7 2 0.0055827

8 2 0.00631662

9 2 0.00702561

10 2 0.00770688

11 2 0.00835772

12 2 0.00897559

13 2 0.00955803

14 2 0.0101028

15 2 0.0106076

16 2 0.0110706

17 2 0.0114899

18 2 0.0118638

19 2 0.012191

20 2 0.01247

21 2 0.0126998

22 2 0.0128795

23 2 0.0130083

24 2 0.0130858

25 2 0.0131117

26 2 0.0130858

27 2 0.0130083

28 2 0.0128795

29 2 0.0126998

30 2 0.01247

31 2 0.012191

32 2 0.0118638

33 2 0.0114899

34 2 0.0110706

35 2 0.0106076

36 2 0.0101028

37 2 0.00955803

38 2 0.00897559

39 2 0.00835772

40 2 0.00770688

41 2 0.00702561

42 2 0.00631662

43 2 0.0055827

44 2 0.00482675

45 2 0.00405174

46 2 0.00326075

47 2 0.00245689

48 2 0.00164333

49 2 0.000823292

50 2 0

0 3 0

1 3 0.00123087

2 3 0.00245689

3 3 0.00367321

4 3 0.00487504

5 3 0.00605762

6 3 0.0072163

7 3 0.0083465

8 3 0.00944376

9 3 0.0105037

10 3 0.0115223

11 3 0.0124953

12 3 0.0134191

13 3 0.0142899

14 3 0.0151043

15 3 0.0158591

16 3 0.0165513

17 3 0.0171781

18 3 0.0177372

19 3 0.0182263

20 3 0.0186434

21 3 0.018987

22 3 0.0192557

23 3 0.0194483

24 3 0.0195642

25 3 0.0196029

26 3 0.0195642

27 3 0.0194483

28 3 0.0192557

29 3 0.018987

30 3 0.0186434

31 3 0.0182263

32 3 0.0177372

33 3 0.0171781

34 3 0.0165513

35 3 0.0158591

36 3 0.0151043

37 3 0.0142899

38 3 0.0134191

39 3 0.0124953

40 3 0.0115223

41 3 0.0105037

42 3 0.00944376

43 3 0.0083465

44 3 0.0072163

45 3 0.00605762

46 3 0.00487504

47 3 0.00367321

48 3 0.00245689

49 3 0.00123087

50 3 0

0 4 0

1 4 0.0016336

2 4 0.00326075

3 4 0.00487504

4 4 0.00647008

5 4 0.00803959

6 4 0.00957737

7 4 0.0110774

8 4 0.0125336

9 4 0.0139404

10 4 0.0152922

11 4 0.0165836

12 4 0.0178096

13 4 0.0189653

14 4 0.0200462

15 4 0.0210479

16 4 0.0219666

17 4 0.0227986

18 4 0.0235406

19 4 0.0241897

20 4 0.0247433

21 4 0.0251993

22 4 0.0255558

23 4 0.0258115

24 4 0.0259653

25 4 0.0260167

26 4 0.0259653

27 4 0.0258115

28 4 0.0255558

29 4 0.0251993

30 4 0.0247433

31 4 0.0241897

32 4 0.0235406

33 4 0.0227986

34 4 0.0219666

35 4 0.0210479

36 4 0.0200462

37 4 0.0189653

38 4 0.0178096

39 4 0.0165836

40 4 0.0152922

41 4 0.0139404

42 4 0.0125336

43 4 0.0110774

44 4 0.00957737

45 4 0.00803959

46 4 0.00647008

47 4 0.00487504

48 4 0.00326075

49 4 0.0016336

50 4 0

0 5 0

1 5 0.00202988

2 5 0.00405174

3 5 0.00605762

4 5 0.00803959

5 5 0.00998983

6 5 0.0119006

7 5 0.0137645

8 5 0.015574

9 5 0.0173221

10 5 0.0190018

11 5 0.0206065

12 5 0.0221299

13 5 0.0235659

14 5 0.024909

15 5 0.0261537

16 5 0.0272952

17 5 0.028329

18 5 0.029251

19 5 0.0300576

20 5 0.0307455

21 5 0.0313121

22 5 0.0317552

23 5 0.0320729

24 5 0.032264

25 5 0.0323278

26 5 0.032264

27 5 0.0320729

28 5 0.0317552

29 5 0.0313121

30 5 0.0307455

31 5 0.0300576

32 5 0.029251

33 5 0.028329

34 5 0.0272952

35 5 0.0261537

36 5 0.024909

37 5 0.0235659

38 5 0.0221299

39 5 0.0206065

40 5 0.0190018

41 5 0.0173221

42 5 0.015574

43 5 0.0137645

44 5 0.0119006

45 5 0.00998983

46 5 0.00803959

47 5 0.00605762

48 5 0.00405174

49 5 0.00202988

50 5 0

0 6 0

1 6 0.00241814

2 6 0.00482675

3 6 0.0072163

4 6 0.00957737

5 6 0.0119006

6 6 0.014177

7 6 0.0163973

8 6 0.018553

9 6 0.0206354

10 6 0.0226364

11 6 0.024548

12 6 0.0263628

13 6 0.0280735

14 6 0.0296735

15 6 0.0311563

16 6 0.0325162

17 6 0.0337477

18 6 0.0348461

19 6 0.0358069

20 6 0.0366264

21 6 0.0373014

22 6 0.0378292

23 6 0.0382076

24 6 0.0384353

25 6 0.0385113

26 6 0.0384353

27 6 0.0382076

28 6 0.0378292

29 6 0.0373014

30 6 0.0366264

31 6 0.0358069

32 6 0.0348461

33 6 0.0337477

34 6 0.0325162

35 6 0.0311563

36 6 0.0296735

37 6 0.0280735

38 6 0.0263628

39 6 0.024548

40 6 0.0226364

41 6 0.0206354

42 6 0.018553

43 6 0.0163973

44 6 0.014177

45 6 0.0119006

46 6 0.00957737

47 6 0.0072163

48 6 0.00482675

49 6 0.00241814

50 6 0

0 7 0

1 7 0.00279687

2 7 0.0055827

3 7 0.0083465

4 7 0.0110774

5 7 0.0137645

6 7 0.0163973

7 7 0.0189654

8 7 0.0214587

9 7 0.0238673

10 7 0.0261816

11 7 0.0283927

12 7 0.0304917

13 7 0.0324703

14 7 0.0343209

15 7 0.0360359

16 7 0.0376088

17 7 0.0390332

18 7 0.0403036

19 7 0.0414149

20 7 0.0423628

21 7 0.0431435

22 7 0.0437539

23 7 0.0441916

24 7 0.044455

25 7 0.0445428

26 7 0.044455

27 7 0.0441916

28 7 0.0437539

29 7 0.0431435

30 7 0.0423628

31 7 0.0414149

32 7 0.0403036

33 7 0.0390332

34 7 0.0376088

35 7 0.0360359

36 7 0.0343209

37 7 0.0324703

38 7 0.0304917

39 7 0.0283927

40 7 0.0261816

41 7 0.0238673

42 7 0.0214587

43 7 0.0189654

44 7 0.0163973

45 7 0.0137645

46 7 0.0110774

47 7 0.0083465

48 7 0.0055827

49 7 0.00279687

50 7 0

0 8 0

1 8 0.00316455

2 8 0.00631662

3 8 0.00944376

4 8 0.0125336

5 8 0.015574

6 8 0.018553

7 8 0.0214587

8 8 0.0242797

9 8 0.0270049

10 8 0.0296236

11 8 0.0321253

12 8 0.0345002

13 8 0.036739

14 8 0.0388328

15 8 0.0407733

16 8 0.0425529

17 8 0.0441646

18 8 0.045602

19 8 0.0468594

20 8 0.0479319

21 8 0.0488152

22 8 0.0495059

23 8 0.0500012

24 8 0.0502991

25 8 0.0503986

26 8 0.0502991

27 8 0.0500012

28 8 0.0495059

29 8 0.0488152

30 8 0.0479319

31 8 0.0468594

32 8 0.045602

33 8 0.0441646

34 8 0.0425529

35 8 0.0407733

36 8 0.0388328

37 8 0.036739

38 8 0.0345002

39 8 0.0321253

40 8 0.0296236

41 8 0.0270049

42 8 0.0242797

43 8 0.0214587

44 8 0.018553

45 8 0.015574

46 8 0.0125336

47 8 0.00944376

48 8 0.00631662

49 8 0.00316455

50 8 0

0 9 0

1 9 0.00351975

2 9 0.00702561

3 9 0.0105037

4 9 0.0139404

5 9 0.0173221

6 9 0.0206354

7 9 0.0238673

8 9 0.0270049

9 9 0.030036

10 9 0.0329486

11 9 0.0357311

12 9 0.0383726

13 9 0.0408627

14 9 0.0431915

15 9 0.0453498

16 9 0.0473292

17 9 0.0491218

18 9 0.0507205

19 9 0.052119

20 9 0.0533119

21 9 0.0542944

22 9 0.0550626

23 9 0.0556134

24 9 0.0559448

25 9 0.0560555

26 9 0.0559448

27 9 0.0556134

28 9 0.0550626

29 9 0.0542944

30 9 0.0533119

31 9 0.052119

32 9 0.0507205

33 9 0.0491218

34 9 0.0473292

35 9 0.0453498

36 9 0.0431915

37 9 0.0408627

38 9 0.0383726

39 9 0.0357311

40 9 0.0329486

41 9 0.030036

42 9 0.0270049

43 9 0.0238673

44 9 0.0206354

45 9 0.0173221

46 9 0.0139404

47 9 0.0105037

48 9 0.00702561

49 9 0.00351975

50 9 0

0 10 0

1 10 0.00386106

2 10 0.00770688

3 10 0.0115223

4 10 0.0152922

5 10 0.0190018

6 10 0.0226364

7 10 0.0261816

8 10 0.0296236

9 10 0.0329486

10 10 0.0361435

11 10 0.0391959

12 10 0.0420935

13 10 0.0448251

14 10 0.0473797

15 10 0.0497473

16 10 0.0519186

17 10 0.053885

18 10 0.0556388

19 10 0.057173

20 10 0.0584815

21 10 0.0595592

22 10 0.0604019

23 10 0.0610062

24 10 0.0613697

25 10 0.0614911

26 10 0.0613697

27 10 0.0610062

28 10 0.0604019

29 10 0.0595592

30 10 0.0584815

31 10 0.057173

32 10 0.0556388

33 10 0.053885

34 10 0.0519186

35 10 0.0497473

36 10 0.0473797

37 10 0.0448251

38 10 0.0420935

39 10 0.0391959

40 10 0.0361435

41 10 0.0329486

42 10 0.0296236

43 10 0.0261816

44 10 0.0226364

45 10 0.0190018

46 10 0.0152922

47 10 0.0115223

48 10 0.00770688

49 10 0.00386106

50 10 0

0 11 0

1 11 0.00418712

2 11 0.00835772

3 11 0.0124953

4 11 0.0165836

5 11 0.0206065

6 11 0.024548

7 11 0.0283927

8 11 0.0321253

9 11 0.0357311

10 11 0.0391959

11 11 0.042506

12 11 0.0456484

13 11 0.0486106

14 11 0.0513809

15 11 0.0539485

16 11 0.0563032

17 11 0.0584357

18 11 0.0603375

19 11 0.0620012

20 11 0.0634203

21 11 0.064589

22 11 0.0655029

23 11 0.0661582

24 11 0.0665524

25 11 0.066684

26 11 0.0665524

27 11 0.0661582

28 11 0.0655029

29 11 0.064589

30 11 0.0634203

31 11 0.0620012

32 11 0.0603375

33 11 0.0584357

34 11 0.0563032

35 11 0.0539485

36 11 0.0513809

37 11 0.0486106

38 11 0.0456484

39 11 0.042506

40 11 0.0391959

41 11 0.0357311

42 11 0.0321253

43 11 0.0283927

44 11 0.024548

45 11 0.0206065

46 11 0.0165836

47 11 0.0124953

48 11 0.00835772

49 11 0.00418712

50 11 0

0 12 0

1 12 0.00449667

2 12 0.00897559

3 12 0.0134191

4 12 0.0178096

5 12 0.0221299

6 12 0.0263628

7 12 0.0304917

8 12 0.0345002

9 12 0.0383726

10 12 0.0420935

11 12 0.0456484

12 12 0.049023

13 12 0.0522042

14 12 0.0551794

15 12 0.0579368

16 12 0.0604655

17 12 0.0627557

18 12 0.0647981

19 12 0.0665848

20 12 0.0681088

21 12 0.0693639

22 12 0.0703453

23 12 0.0710491

24 12 0.0714725

25 12 0.0716138

26 12 0.0714725

27 12 0.0710491

28 12 0.0703453

29 12 0.0693639

30 12 0.0681088

31 12 0.0665848

32 12 0.0647981

33 12 0.0627557

34 12 0.0604655

35 12 0.0579368

36 12 0.0551794

37 12 0.0522042

38 12 0.049023

39 12 0.0456484

40 12 0.0420935

41 12 0.0383726

42 12 0.0345002

43 12 0.0304917

44 12 0.0263628

45 12 0.0221299

46 12 0.0178096

47 12 0.0134191

48 12 0.00897559

49 12 0.00449667

50 12 0

0 13 0

1 13 0.00478847

2 13 0.00955803

3 13 0.0142899

4 13 0.0189653

5 13 0.0235659

6 13 0.0280735

7 13 0.0324703

8 13 0.036739

9 13 0.0408627

10 13 0.0448251

11 13 0.0486106

12 13 0.0522042

13 13 0.0555918

14 13 0.0587601

15 13 0.0616964

16 13 0.0643893

17 13 0.066828

18 13 0.069003

19 13 0.0709056

20 13 0.0725285

21 13 0.0738651

22 13 0.0749102

23 13 0.0756596

24 13 0.0761105

25 13 0.076261

26 13 0.0761105

27 13 0.0756596

28 13 0.0749102

29 13 0.0738651

30 13 0.0725285

31 13 0.0709056

32 13 0.069003

33 13 0.066828

34 13 0.0643893

35 13 0.0616964

36 13 0.0587601

37 13 0.0555918

38 13 0.0522042

39 13 0.0486106

40 13 0.0448251

41 13 0.0408627

42 13 0.036739

43 13 0.0324703

44 13 0.0280735

45 13 0.0235659

46 13 0.0189653

47 13 0.0142899

48 13 0.00955803

49 13 0.00478847

50 13 0

0 14 0

1 14 0.00506136

2 14 0.0101028

3 14 0.0151043

4 14 0.0200462

5 14 0.024909

6 14 0.0296735

7 14 0.0343209

8 14 0.0388328

9 14 0.0431915

10 14 0.0473797

11 14 0.0513809

12 14 0.0551794

13 14 0.0587601

14 14 0.0621089

15 14 0.0652125

16 14 0.0680589

17 14 0.0706366

18 14 0.0729355

19 14 0.0749466

20 14 0.0766619

21 14 0.0780747

22 14 0.0791794

23 14 0.0799715

24 14 0.0804481

25 14 0.0806071

26 14 0.0804481

27 14 0.0799715

28 14 0.0791794

29 14 0.0780747

30 14 0.0766619

31 14 0.0749466

32 14 0.0729355

33 14 0.0706366

34 14 0.0680589

35 14 0.0652125

36 14 0.0621089

37 14 0.0587601

38 14 0.0551794

39 14 0.0513809

40 14 0.0473797

41 14 0.0431915

42 14 0.0388328

43 14 0.0343209

44 14 0.0296735

45 14 0.024909

46 14 0.0200462

47 14 0.0151043

48 14 0.0101028

49 14 0.00506136

50 14 0

0 15 0

1 15 0.00531429

2 15 0.0106076

3 15 0.0158591

4 15 0.0210479

5 15 0.0261537

6 15 0.0311563

7 15 0.0360359

8 15 0.0407733

9 15 0.0453498

10 15 0.0497473

11 15 0.0539485

12 15 0.0579368

13 15 0.0616964

14 15 0.0652125

15 15 0.0684713

16 15 0.0714599

17 15 0.0741664

18 15 0.0765802

19 15 0.0786918

20 15 0.0804929

21 15 0.0819762

22 15 0.0831361

23 15 0.0839678

24 15 0.0844682

25 15 0.0846352

26 15 0.0844682

27 15 0.0839678

28 15 0.0831361

29 15 0.0819762

30 15 0.0804929

31 15 0.0786918

32 15 0.0765802

33 15 0.0741664

34 15 0.0714599

35 15 0.0684713

36 15 0.0652125

37 15 0.0616964

38 15 0.0579368

39 15 0.0539485

40 15 0.0497473

41 15 0.0453498

42 15 0.0407733

43 15 0.0360359

44 15 0.0311563

45 15 0.0261537

46 15 0.0210479

47 15 0.0158591

48 15 0.0106076

49 15 0.00531429

50 15 0

0 16 0

1 16 0.00554624

2 16 0.0110706

3 16 0.0165513

4 16 0.0219666

5 16 0.0272952

6 16 0.0325162

7 16 0.0376088

8 16 0.0425529

9 16 0.0473292

10 16 0.0519186

11 16 0.0563032

12 16 0.0604655

13 16 0.0643893

14 16 0.0680589

15 16 0.0714599

16 16 0.0745789

17 16 0.0774035

18 16 0.0799227

19 16 0.0821265

20 16 0.0840061

21 16 0.0855542

22 16 0.0867647

23 16 0.0876328

24 16 0.088155

25 16 0.0883293

26 16 0.088155

27 16 0.0876328

28 16 0.0867647

29 16 0.0855542

30 16 0.0840061

31 16 0.0821265

32 16 0.0799227

33 16 0.0774035

34 16 0.0745789

35 16 0.0714599

36 16 0.0680589

37 16 0.0643893

38 16 0.0604655

39 16 0.0563032

40 16 0.0519186

41 16 0.0473292

42 16 0.0425529

43 16 0.0376088

44 16 0.0325162

45 16 0.0272952

46 16 0.0219666

47 16 0.0165513

48 16 0.0110706

49 16 0.00554624

50 16 0

0 17 0

1 17 0.0057563

2 17 0.0114899

3 17 0.0171781

4 17 0.0227986

5 17 0.028329

6 17 0.0337477

7 17 0.0390332

8 17 0.0441646

9 17 0.0491218

10 17 0.053885

11 17 0.0584357

12 17 0.0627557

13 17 0.066828

14 17 0.0706366

15 17 0.0741664

16 17 0.0774035

17 17 0.0803352

18 17 0.0829498

19 17 0.085237

20 17 0.0871878

21 17 0.0887946

22 17 0.0900509

23 17 0.0909518

24 17 0.0914938

25 17 0.0916747

26 17 0.0914938

27 17 0.0909518

28 17 0.0900509

29 17 0.0887946

30 17 0.0871878

31 17 0.085237

32 17 0.0829498

33 17 0.0803352

34 17 0.0774035

35 17 0.0741664

36 17 0.0706366

37 17 0.066828

38 17 0.0627557

39 17 0.0584357

40 17 0.053885

41 17 0.0491218

42 17 0.0441646

43 17 0.0390332

44 17 0.0337477

45 17 0.028329

46 17 0.0227986

47 17 0.0171781

48 17 0.0114899

49 17 0.0057563

50 17 0

0 18 0

1 18 0.00594365

2 18 0.0118638

3 18 0.0177372

4 18 0.0235406

5 18 0.029251

6 18 0.0348461

7 18 0.0403036

8 18 0.045602

9 18 0.0507205

10 18 0.0556388

11 18 0.0603375

12 18 0.0647981

13 18 0.069003

14 18 0.0729355

15 18 0.0765802

16 18 0.0799227

17 18 0.0829498

18 18 0.0856495

19 18 0.0880111

20 18 0.0900255

21 18 0.0916845

22 18 0.0929817

23 18 0.093912

24 18 0.0944716

25 18 0.0946584

26 18 0.0944716

27 18 0.093912

28 18 0.0929817

29 18 0.0916845

30 18 0.0900255

31 18 0.0880111

32 18 0.0856495

33 18 0.0829498

34 18 0.0799227

35 18 0.0765802

36 18 0.0729355

37 18 0.069003

38 18 0.0647981

39 18 0.0603375

40 18 0.0556388

41 18 0.0507205

42 18 0.045602

43 18 0.0403036

44 18 0.0348461

45 18 0.029251

46 18 0.0235406

47 18 0.0177372

48 18 0.0118638

49 18 0.00594365

50 18 0

0 19 0

1 19 0.00610754

2 19 0.012191

3 19 0.0182263

4 19 0.0241897

5 19 0.0300576

6 19 0.0358069

7 19 0.0414149

8 19 0.0468594

9 19 0.052119

10 19 0.057173

11 19 0.0620012

12 19 0.0665848

13 19 0.0709056

14 19 0.0749466

15 19 0.0786918

16 19 0.0821265

17 19 0.085237

18 19 0.0880111

19 19 0.0904379

20 19 0.0925078

21 19 0.0942126

22 19 0.0955456

23 19 0.0965015

24 19 0.0970765

25 19 0.0972684

26 19 0.0970765

27 19 0.0965015

28 19 0.0955456

29 19 0.0942126

30 19 0.0925078

31 19 0.0904379

32 19 0.0880111

33 19 0.085237

34 19 0.0821265

35 19 0.0786918

36 19 0.0749466

37 19 0.0709056

38 19 0.0665848

39 19 0.0620012

40 19 0.057173

41 19 0.052119

42 19 0.0468594

43 19 0.0414149

44 19 0.0358069

45 19 0.0300576

46 19 0.0241897

47 19 0.0182263

48 19 0.012191

49 19 0.00610754

50 19 0

0 20 0

1 20 0.00624732

2 20 0.01247

3 20 0.0186434

4 20 0.0247433

5 20 0.0307455

6 20 0.0366264

7 20 0.0423628

8 20 0.0479319

9 20 0.0533119

10 20 0.0584815

11 20 0.0634203

12 20 0.0681088

13 20 0.0725285

14 20 0.0766619

15 20 0.0804929

16 20 0.0840061

17 20 0.0871878

18 20 0.0900255

19 20 0.0925078

20 20 0.094625

21 20 0.0963688

22 20 0.0977323

23 20 0.0987101

24 20 0.0992983

25 20 0.0994947

26 20 0.0992983

27 20 0.0987101

28 20 0.0977323

29 20 0.0963688

30 20 0.094625

31 20 0.0925078

32 20 0.0900255

33 20 0.0871878

34 20 0.0840061

35 20 0.0804929

36 20 0.0766619

37 20 0.0725285

38 20 0.0681088

39 20 0.0634203

40 20 0.0584815

41 20 0.0533119

42 20 0.0479319

43 20 0.0423628

44 20 0.0366264

45 20 0.0307455

46 20 0.0247433

47 20 0.0186434

48 20 0.01247

49 20 0.00624732

50 20 0

0 21 0

1 21 0.00636245

2 21 0.0126998

3 21 0.018987

4 21 0.0251993

5 21 0.0313121

6 21 0.0373014

7 21 0.0431435

8 21 0.0488152

9 21 0.0542944

10 21 0.0595592

11 21 0.064589

12 21 0.0693639

13 21 0.0738651

14 21 0.0780747

15 21 0.0819762

16 21 0.0855542

17 21 0.0887946

18 21 0.0916845

19 21 0.0942126

20 21 0.0963688

21 21 0.0981448

22 21 0.0995334

23 21 0.100529

24 21 0.101128

25 21 0.101328

26 21 0.101128

27 21 0.100529

28 21 0.0995334

29 21 0.0981448

30 21 0.0963688

31 21 0.0942126

32 21 0.0916845

33 21 0.0887946

34 21 0.0855542

35 21 0.0819762

36 21 0.0780747

37 21 0.0738651

38 21 0.0693639

39 21 0.064589

40 21 0.0595592

41 21 0.0542944

42 21 0.0488152

43 21 0.0431435

44 21 0.0373014

45 21 0.0313121

46 21 0.0251993

47 21 0.018987

48 21 0.0126998

49 21 0.00636245

50 21 0

0 22 0

1 22 0.00645247

2 22 0.0128795

3 22 0.0192557

4 22 0.0255558

5 22 0.0317552

6 22 0.0378292

7 22 0.0437539

8 22 0.0495059

9 22 0.0550626

10 22 0.0604019

11 22 0.0655029

12 22 0.0703453

13 22 0.0749102

14 22 0.0791794

15 22 0.0831361

16 22 0.0867647

17 22 0.0900509

18 22 0.0929817

19 22 0.0955456

20 22 0.0977323

21 22 0.0995334

22 22 0.100942

23 22 0.101952

24 22 0.102559

25 22 0.102762

26 22 0.102559

27 22 0.101952

28 22 0.100942

29 22 0.0995334

30 22 0.0977323

31 22 0.0955456

32 22 0.0929817

33 22 0.0900509

34 22 0.0867647

35 22 0.0831361

36 22 0.0791794

37 22 0.0749102

38 22 0.0703453

39 22 0.0655029

40 22 0.0604019

41 22 0.0550626

42 22 0.0495059

43 22 0.0437539

44 22 0.0378292

45 22 0.0317552

46 22 0.0255558

47 22 0.0192557

48 22 0.0128795

49 22 0.00645247

50 22 0

0 23 0

1 23 0.00651703

2 23 0.0130083

3 23 0.0194483

4 23 0.0258115

5 23 0.0320729

6 23 0.0382076

7 23 0.0441916

8 23 0.0500012

9 23 0.0556134

10 23 0.0610062

11 23 0.0661582

12 23 0.0710491

13 23 0.0756596

14 23 0.0799715

15 23 0.0839678

16 23 0.0876328

17 23 0.0909518

18 23 0.093912

19 23 0.0965015

20 23 0.0987101

21 23 0.100529

22 23 0.101952

23 23 0.102972

24 23 0.103585

25 23 0.10379

26 23 0.103585

27 23 0.102972

28 23 0.101952

29 23 0.100529

30 23 0.0987101

31 23 0.0965015

32 23 0.093912

33 23 0.0909518

34 23 0.0876328

35 23 0.0839678

36 23 0.0799715

37 23 0.0756596

38 23 0.0710491

39 23 0.0661582

40 23 0.0610062

41 23 0.0556134

42 23 0.0500012

43 23 0.0441916

44 23 0.0382076

45 23 0.0320729

46 23 0.0258115

47 23 0.0194483

48 23 0.0130083

49 23 0.00651703

50 23 0

0 24 0

1 24 0.00655586

2 24 0.0130858

3 24 0.0195642

4 24 0.0259653

5 24 0.032264

6 24 0.0384353

7 24 0.044455

8 24 0.0502991

9 24 0.0559448

10 24 0.0613697

11 24 0.0665524

12 24 0.0714725

13 24 0.0761105

14 24 0.0804481

15 24 0.0844682

16 24 0.088155

17 24 0.0914938

18 24 0.0944716

19 24 0.0970765

20 24 0.0992983

21 24 0.101128

22 24 0.102559

23 24 0.103585

24 24 0.104202

25 24 0.104408

26 24 0.104202

27 24 0.103585

28 24 0.102559

29 24 0.101128

30 24 0.0992983

31 24 0.0970765

32 24 0.0944716

33 24 0.0914938

34 24 0.088155

35 24 0.0844682

36 24 0.0804481

37 24 0.0761105

38 24 0.0714725

39 24 0.0665524

40 24 0.0613697

41 24 0.0559448

42 24 0.0502991

43 24 0.044455

44 24 0.0384353

45 24 0.032264

46 24 0.0259653

47 24 0.0195642

48 24 0.0130858

49 24 0.00655586

50 24 0

0 25 0

1 25 0.00656882

2 25 0.0131117

3 25 0.0196029

4 25 0.0260167

5 25 0.0323278

6 25 0.0385113

7 25 0.0445428

8 25 0.0503986

9 25 0.0560555

10 25 0.0614911

11 25 0.066684

12 25 0.0716138

13 25 0.076261

14 25 0.0806071

15 25 0.0846352

16 25 0.0883293

17 25 0.0916747

18 25 0.0946584

19 25 0.0972684

20 25 0.0994947

21 25 0.101328

22 25 0.102762

23 25 0.10379

24 25 0.104408

25 25 0.104615

26 25 0.104408

27 25 0.10379

28 25 0.102762

29 25 0.101328

30 25 0.0994947

31 25 0.0972684

32 25 0.0946584

33 25 0.0916747

34 25 0.0883293

35 25 0.0846352

36 25 0.0806071

37 25 0.076261

38 25 0.0716138

39 25 0.066684

40 25 0.0614911

41 25 0.0560555

42 25 0.0503986

43 25 0.0445428

44 25 0.0385113

45 25 0.0323278

46 25 0.0260167

47 25 0.0196029

48 25 0.0131117

49 25 0.00656882

50 25 0

0 26 0

1 26 0.00655586

2 26 0.0130858

3 26 0.0195642

4 26 0.0259653

5 26 0.032264

6 26 0.0384353

7 26 0.044455

8 26 0.0502991

9 26 0.0559448

10 26 0.0613697

11 26 0.0665524

12 26 0.0714725

13 26 0.0761105

14 26 0.0804481

15 26 0.0844682

16 26 0.088155

17 26 0.0914938

18 26 0.0944716

19 26 0.0970765

20 26 0.0992983

21 26 0.101128

22 26 0.102559

23 26 0.103585

24 26 0.104202

25 26 0.104408

26 26 0.104202

27 26 0.103585

28 26 0.102559

29 26 0.101128

30 26 0.0992983

31 26 0.0970765

32 26 0.0944716

33 26 0.0914938

34 26 0.088155

35 26 0.0844682

36 26 0.0804481

37 26 0.0761105

38 26 0.0714725

39 26 0.0665524

40 26 0.0613697

41 26 0.0559448

42 26 0.0502991

43 26 0.044455

44 26 0.0384353

45 26 0.032264

46 26 0.0259653

47 26 0.0195642

48 26 0.0130858

49 26 0.00655586

50 26 0

0 27 0

1 27 0.00651703

2 27 0.0130083

3 27 0.0194483

4 27 0.0258115

5 27 0.0320729

6 27 0.0382076

7 27 0.0441916

8 27 0.0500012

9 27 0.0556134

10 27 0.0610062

11 27 0.0661582

12 27 0.0710491

13 27 0.0756596

14 27 0.0799715

15 27 0.0839678

16 27 0.0876328

17 27 0.0909518

18 27 0.093912

19 27 0.0965015

20 27 0.0987101

21 27 0.100529

22 27 0.101952

23 27 0.102972

24 27 0.103585

25 27 0.10379

26 27 0.103585

27 27 0.102972

28 27 0.101952

29 27 0.100529

30 27 0.0987101

31 27 0.0965015

32 27 0.093912

33 27 0.0909518

34 27 0.0876328

35 27 0.0839678

36 27 0.0799715

37 27 0.0756596

38 27 0.0710491

39 27 0.0661582

40 27 0.0610062

41 27 0.0556134

42 27 0.0500012

43 27 0.0441916

44 27 0.0382076

45 27 0.0320729

46 27 0.0258115

47 27 0.0194483

48 27 0.0130083

49 27 0.00651703

50 27 0

0 28 0

1 28 0.00645247

2 28 0.0128795

3 28 0.0192557

4 28 0.0255558

5 28 0.0317552

6 28 0.0378292

7 28 0.0437539

8 28 0.0495059

9 28 0.0550626

10 28 0.0604019

11 28 0.0655029

12 28 0.0703453

13 28 0.0749102

14 28 0.0791794

15 28 0.0831361

16 28 0.0867647

17 28 0.0900509

18 28 0.0929817

19 28 0.0955456

20 28 0.0977323

21 28 0.0995334

22 28 0.100942

23 28 0.101952

24 28 0.102559

25 28 0.102762

26 28 0.102559

27 28 0.101952

28 28 0.100942

29 28 0.0995334

30 28 0.0977323

31 28 0.0955456

32 28 0.0929817

33 28 0.0900509

34 28 0.0867647

35 28 0.0831361

36 28 0.0791794

37 28 0.0749102

38 28 0.0703453

39 28 0.0655029

40 28 0.0604019

41 28 0.0550626

42 28 0.0495059

43 28 0.0437539

44 28 0.0378292

45 28 0.0317552

46 28 0.0255558

47 28 0.0192557

48 28 0.0128795

49 28 0.00645247

50 28 0

0 29 0

1 29 0.00636245

2 29 0.0126998

3 29 0.018987

4 29 0.0251993

5 29 0.0313121

6 29 0.0373014

7 29 0.0431435

8 29 0.0488152

9 29 0.0542944

10 29 0.0595592

11 29 0.064589

12 29 0.0693639

13 29 0.0738651

14 29 0.0780747

15 29 0.0819762

16 29 0.0855542

17 29 0.0887946

18 29 0.0916845

19 29 0.0942126

20 29 0.0963688

21 29 0.0981448

22 29 0.0995334

23 29 0.100529

24 29 0.101128

25 29 0.101328

26 29 0.101128

27 29 0.100529

28 29 0.0995334

29 29 0.0981448

30 29 0.0963688

31 29 0.0942126

32 29 0.0916845

33 29 0.0887946

34 29 0.0855542

35 29 0.0819762

36 29 0.0780747

37 29 0.0738651

38 29 0.0693639

39 29 0.064589

40 29 0.0595592

41 29 0.0542944

42 29 0.0488152

43 29 0.0431435

44 29 0.0373014

45 29 0.0313121

46 29 0.0251993

47 29 0.018987

48 29 0.0126998

49 29 0.00636245

50 29 0

0 30 0

1 30 0.00624732

2 30 0.01247

3 30 0.0186434

4 30 0.0247433

5 30 0.0307455

6 30 0.0366264

7 30 0.0423628

8 30 0.0479319

9 30 0.0533119

10 30 0.0584815

11 30 0.0634203

12 30 0.0681088

13 30 0.0725285

14 30 0.0766619

15 30 0.0804929

16 30 0.0840061

17 30 0.0871878

18 30 0.0900255

19 30 0.0925078

20 30 0.094625

21 30 0.0963688

22 30 0.0977323

23 30 0.0987101

24 30 0.0992983

25 30 0.0994947

26 30 0.0992983

27 30 0.0987101

28 30 0.0977323

29 30 0.0963688

30 30 0.094625

31 30 0.0925078

32 30 0.0900255

33 30 0.0871878

34 30 0.0840061

35 30 0.0804929

36 30 0.0766619

37 30 0.0725285

38 30 0.0681088

39 30 0.0634203

40 30 0.0584815

41 30 0.0533119

42 30 0.0479319

43 30 0.0423628

44 30 0.0366264

45 30 0.0307455

46 30 0.0247433

47 30 0.0186434

48 30 0.01247

49 30 0.00624732

50 30 0

0 31 0

1 31 0.00610754

2 31 0.012191

3 31 0.0182263

4 31 0.0241897

5 31 0.0300576

6 31 0.0358069

7 31 0.0414149

8 31 0.0468594

9 31 0.052119

10 31 0.057173

11 31 0.0620012

12 31 0.0665848

13 31 0.0709056

14 31 0.0749466

15 31 0.0786918

16 31 0.0821265

17 31 0.085237

18 31 0.0880111

19 31 0.0904379

20 31 0.0925078

21 31 0.0942126

22 31 0.0955456

23 31 0.0965015

24 31 0.0970765

25 31 0.0972684

26 31 0.0970765

27 31 0.0965015

28 31 0.0955456

29 31 0.0942126

30 31 0.0925078

31 31 0.0904379

32 31 0.0880111

33 31 0.085237

34 31 0.0821265

35 31 0.0786918

36 31 0.0749466

37 31 0.0709056

38 31 0.0665848

39 31 0.0620012

40 31 0.057173

41 31 0.052119

42 31 0.0468594

43 31 0.0414149

44 31 0.0358069

45 31 0.0300576

46 31 0.0241897

47 31 0.0182263

48 31 0.012191

49 31 0.00610754

50 31 0

0 32 0

1 32 0.00594365

2 32 0.0118638

3 32 0.0177372

4 32 0.0235406

5 32 0.029251

6 32 0.0348461

7 32 0.0403036

8 32 0.045602

9 32 0.0507205

10 32 0.0556388

11 32 0.0603375

12 32 0.0647981

13 32 0.069003

14 32 0.0729355

15 32 0.0765802

16 32 0.0799227

17 32 0.0829498

18 32 0.0856495

19 32 0.0880111

20 32 0.0900255

21 32 0.0916845

22 32 0.0929817

23 32 0.093912

24 32 0.0944716

25 32 0.0946584

26 32 0.0944716

27 32 0.093912

28 32 0.0929817

29 32 0.0916845

30 32 0.0900255

31 32 0.0880111

32 32 0.0856495

33 32 0.0829498

34 32 0.0799227

35 32 0.0765802

36 32 0.0729355

37 32 0.069003

38 32 0.0647981

39 32 0.0603375

40 32 0.0556388

41 32 0.0507205

42 32 0.045602

43 32 0.0403036

44 32 0.0348461

45 32 0.029251

46 32 0.0235406

47 32 0.0177372

48 32 0.0118638

49 32 0.00594365

50 32 0

0 33 0

1 33 0.0057563

2 33 0.0114899

3 33 0.0171781

4 33 0.0227986

5 33 0.028329

6 33 0.0337477

7 33 0.0390332

8 33 0.0441646

9 33 0.0491218

10 33 0.053885

11 33 0.0584357

12 33 0.0627557

13 33 0.066828

14 33 0.0706366

15 33 0.0741664

16 33 0.0774035

17 33 0.0803352

18 33 0.0829498

19 33 0.085237

20 33 0.0871878

21 33 0.0887946

22 33 0.0900509

23 33 0.0909518

24 33 0.0914938

25 33 0.0916747

26 33 0.0914938

27 33 0.0909518

28 33 0.0900509

29 33 0.0887946

30 33 0.0871878

31 33 0.085237

32 33 0.0829498

33 33 0.0803352

34 33 0.0774035

35 33 0.0741664

36 33 0.0706366

37 33 0.066828

38 33 0.0627557

39 33 0.0584357

40 33 0.053885

41 33 0.0491218

42 33 0.0441646

43 33 0.0390332

44 33 0.0337477

45 33 0.028329

46 33 0.0227986

47 33 0.0171781

48 33 0.0114899

49 33 0.0057563

50 33 0

0 34 0

1 34 0.00554624

2 34 0.0110706

3 34 0.0165513

4 34 0.0219666

5 34 0.0272952

6 34 0.0325162

7 34 0.0376088

8 34 0.0425529

9 34 0.0473292

10 34 0.0519186

11 34 0.0563032

12 34 0.0604655

13 34 0.0643893

14 34 0.0680589

15 34 0.0714599

16 34 0.0745789

17 34 0.0774035

18 34 0.0799227

19 34 0.0821265

20 34 0.0840061

21 34 0.0855542

22 34 0.0867647

23 34 0.0876328

24 34 0.088155

25 34 0.0883293

26 34 0.088155

27 34 0.0876328

28 34 0.0867647

29 34 0.0855542

30 34 0.0840061

31 34 0.0821265

32 34 0.0799227

33 34 0.0774035

34 34 0.0745789

35 34 0.0714599

36 34 0.0680589

37 34 0.0643893

38 34 0.0604655

39 34 0.0563032

40 34 0.0519186

41 34 0.0473292

42 34 0.0425529

43 34 0.0376088

44 34 0.0325162

45 34 0.0272952

46 34 0.0219666

47 34 0.0165513

48 34 0.0110706

49 34 0.00554624

50 34 0

0 35 0

1 35 0.00531429

2 35 0.0106076

3 35 0.0158591

4 35 0.0210479

5 35 0.0261537

6 35 0.0311563

7 35 0.0360359

8 35 0.0407733

9 35 0.0453498

10 35 0.0497473

11 35 0.0539485

12 35 0.0579368

13 35 0.0616964

14 35 0.0652125

15 35 0.0684713

16 35 0.0714599

17 35 0.0741664

18 35 0.0765802

19 35 0.0786918

20 35 0.0804929

21 35 0.0819762

22 35 0.0831361

23 35 0.0839678

24 35 0.0844682

25 35 0.0846352

26 35 0.0844682

27 35 0.0839678

28 35 0.0831361

29 35 0.0819762

30 35 0.0804929

31 35 0.0786918

32 35 0.0765802

33 35 0.0741664

34 35 0.0714599

35 35 0.0684713

36 35 0.0652125

37 35 0.0616964

38 35 0.0579368

39 35 0.0539485

40 35 0.0497473

41 35 0.0453498

42 35 0.0407733

43 35 0.0360359

44 35 0.0311563

45 35 0.0261537

46 35 0.0210479

47 35 0.0158591

48 35 0.0106076

49 35 0.00531429

50 35 0

0 36 0

1 36 0.00506136

2 36 0.0101028

3 36 0.0151043

4 36 0.0200462

5 36 0.024909

6 36 0.0296735

7 36 0.0343209

8 36 0.0388328

9 36 0.0431915

10 36 0.0473797

11 36 0.0513809

12 36 0.0551794

13 36 0.0587601

14 36 0.0621089

15 36 0.0652125

16 36 0.0680589

17 36 0.0706366

18 36 0.0729355

19 36 0.0749466

20 36 0.0766619

21 36 0.0780747

22 36 0.0791794

23 36 0.0799715

24 36 0.0804481

25 36 0.0806071

26 36 0.0804481

27 36 0.0799715

28 36 0.0791794

29 36 0.0780747

30 36 0.0766619

31 36 0.0749466

32 36 0.0729355

33 36 0.0706366

34 36 0.0680589

35 36 0.0652125

36 36 0.0621089

37 36 0.0587601

38 36 0.0551794

39 36 0.0513809

40 36 0.0473797

41 36 0.0431915

42 36 0.0388328

43 36 0.0343209

44 36 0.0296735

45 36 0.024909

46 36 0.0200462

47 36 0.0151043

48 36 0.0101028

49 36 0.00506136

50 36 0

0 37 0

1 37 0.00478847

2 37 0.00955803

3 37 0.0142899

4 37 0.0189653

5 37 0.0235659

6 37 0.0280735

7 37 0.0324703

8 37 0.036739

9 37 0.0408627

10 37 0.0448251

11 37 0.0486106

12 37 0.0522042

13 37 0.0555918

14 37 0.0587601

15 37 0.0616964

16 37 0.0643893

17 37 0.066828

18 37 0.069003

19 37 0.0709056

20 37 0.0725285

21 37 0.0738651

22 37 0.0749102

23 37 0.0756596

24 37 0.0761105

25 37 0.076261

26 37 0.0761105

27 37 0.0756596

28 37 0.0749102

29 37 0.0738651

30 37 0.0725285

31 37 0.0709056

32 37 0.069003

33 37 0.066828

34 37 0.0643893

35 37 0.0616964

36 37 0.0587601

37 37 0.0555918

38 37 0.0522042

39 37 0.0486106

40 37 0.0448251

41 37 0.0408627

42 37 0.036739

43 37 0.0324703

44 37 0.0280735

45 37 0.0235659

46 37 0.0189653

47 37 0.0142899

48 37 0.00955803

49 37 0.00478847

50 37 0

0 38 0

1 38 0.00449667

2 38 0.00897559

3 38 0.0134191

4 38 0.0178096

5 38 0.0221299

6 38 0.0263628

7 38 0.0304917

8 38 0.0345002

9 38 0.0383726

10 38 0.0420935

11 38 0.0456484

12 38 0.049023

13 38 0.0522042

14 38 0.0551794

15 38 0.0579368

16 38 0.0604655

17 38 0.0627557

18 38 0.0647981

19 38 0.0665848

20 38 0.0681088

21 38 0.0693639

22 38 0.0703453

23 38 0.0710491

24 38 0.0714725

25 38 0.0716138

26 38 0.0714725

27 38 0.0710491

28 38 0.0703453

29 38 0.0693639

30 38 0.0681088

31 38 0.0665848

32 38 0.0647981

33 38 0.0627557

34 38 0.0604655

35 38 0.0579368

36 38 0.0551794

37 38 0.0522042

38 38 0.049023

39 38 0.0456484

40 38 0.0420935

41 38 0.0383726

42 38 0.0345002

43 38 0.0304917

44 38 0.0263628

45 38 0.0221299

46 38 0.0178096

47 38 0.0134191

48 38 0.00897559

49 38 0.00449667

50 38 0

0 39 0

1 39 0.00418712

2 39 0.00835772

3 39 0.0124953

4 39 0.0165836

5 39 0.0206065

6 39 0.024548

7 39 0.0283927

8 39 0.0321253

9 39 0.0357311

10 39 0.0391959

11 39 0.042506

12 39 0.0456484

13 39 0.0486106

14 39 0.0513809

15 39 0.0539485

16 39 0.0563032

17 39 0.0584357

18 39 0.0603375

19 39 0.0620012

20 39 0.0634203

21 39 0.064589

22 39 0.0655029

23 39 0.0661582

24 39 0.0665524

25 39 0.066684

26 39 0.0665524

27 39 0.0661582

28 39 0.0655029

29 39 0.064589

30 39 0.0634203

31 39 0.0620012

32 39 0.0603375

33 39 0.0584357

34 39 0.0563032

35 39 0.0539485

36 39 0.0513809

37 39 0.0486106

38 39 0.0456484

39 39 0.042506

40 39 0.0391959

41 39 0.0357311

42 39 0.0321253

43 39 0.0283927

44 39 0.024548

45 39 0.0206065

46 39 0.0165836

47 39 0.0124953

48 39 0.00835772

49 39 0.00418712

50 39 0

0 40 0

1 40 0.00386106

2 40 0.00770688

3 40 0.0115223

4 40 0.0152922

5 40 0.0190018

6 40 0.0226364

7 40 0.0261816

8 40 0.0296236

9 40 0.0329486

10 40 0.0361435

11 40 0.0391959

12 40 0.0420935

13 40 0.0448251

14 40 0.0473797

15 40 0.0497473

16 40 0.0519186

17 40 0.053885

18 40 0.0556388

19 40 0.057173

20 40 0.0584815

21 40 0.0595592

22 40 0.0604019

23 40 0.0610062

24 40 0.0613697

25 40 0.0614911

26 40 0.0613697

27 40 0.0610062

28 40 0.0604019

29 40 0.0595592

30 40 0.0584815

31 40 0.057173

32 40 0.0556388

33 40 0.053885

34 40 0.0519186

35 40 0.0497473

36 40 0.0473797

37 40 0.0448251

38 40 0.0420935

39 40 0.0391959

40 40 0.0361435

41 40 0.0329486

42 40 0.0296236

43 40 0.0261816

44 40 0.0226364

45 40 0.0190018

46 40 0.0152922

47 40 0.0115223

48 40 0.00770688

49 40 0.00386106

50 40 0

0 41 0

1 41 0.00351975

2 41 0.00702561

3 41 0.0105037

4 41 0.0139404

5 41 0.0173221

6 41 0.0206354

7 41 0.0238673

8 41 0.0270049

9 41 0.030036

10 41 0.0329486

11 41 0.0357311

12 41 0.0383726

13 41 0.0408627

14 41 0.0431915

15 41 0.0453498

16 41 0.0473292

17 41 0.0491218

18 41 0.0507205

19 41 0.052119

20 41 0.0533119

21 41 0.0542944

22 41 0.0550626

23 41 0.0556134

24 41 0.0559448

25 41 0.0560555

26 41 0.0559448

27 41 0.0556134

28 41 0.0550626

29 41 0.0542944

30 41 0.0533119

31 41 0.052119

32 41 0.0507205

33 41 0.0491218

34 41 0.0473292

35 41 0.0453498

36 41 0.0431915

37 41 0.0408627

38 41 0.0383726

39 41 0.0357311

40 41 0.0329486

41 41 0.030036

42 41 0.0270049

43 41 0.0238673

44 41 0.0206354

45 41 0.0173221

46 41 0.0139404

47 41 0.0105037

48 41 0.00702561

49 41 0.00351975

50 41 0

0 42 0

1 42 0.00316455

2 42 0.00631662

3 42 0.00944376

4 42 0.0125336

5 42 0.015574

6 42 0.018553

7 42 0.0214587

8 42 0.0242797

9 42 0.0270049

10 42 0.0296236

11 42 0.0321253

12 42 0.0345002

13 42 0.036739

14 42 0.0388328

15 42 0.0407733

16 42 0.0425529

17 42 0.0441646

18 42 0.045602

19 42 0.0468594

20 42 0.0479319

21 42 0.0488152

22 42 0.0495059

23 42 0.0500012

24 42 0.0502991

25 42 0.0503986

26 42 0.0502991

27 42 0.0500012

28 42 0.0495059

29 42 0.0488152

30 42 0.0479319

31 42 0.0468594

32 42 0.045602

33 42 0.0441646

34 42 0.0425529

35 42 0.0407733

36 42 0.0388328

37 42 0.036739

38 42 0.0345002

39 42 0.0321253

40 42 0.0296236

41 42 0.0270049

42 42 0.0242797

43 42 0.0214587

44 42 0.018553

45 42 0.015574

46 42 0.0125336

47 42 0.00944376

48 42 0.00631662

49 42 0.00316455

50 42 0

0 43 0

1 43 0.00279687

2 43 0.0055827

3 43 0.0083465

4 43 0.0110774

5 43 0.0137645

6 43 0.0163973

7 43 0.0189654

8 43 0.0214587

9 43 0.0238673

10 43 0.0261816

11 43 0.0283927

12 43 0.0304917

13 43 0.0324703

14 43 0.0343209

15 43 0.0360359

16 43 0.0376088

17 43 0.0390332

18 43 0.0403036

19 43 0.0414149

20 43 0.0423628

21 43 0.0431435

22 43 0.0437539

23 43 0.0441916

24 43 0.044455

25 43 0.0445428

26 43 0.044455

27 43 0.0441916

28 43 0.0437539

29 43 0.0431435

30 43 0.0423628

31 43 0.0414149

32 43 0.0403036

33 43 0.0390332

34 43 0.0376088

35 43 0.0360359

36 43 0.0343209

37 43 0.0324703

38 43 0.0304917

39 43 0.0283927

40 43 0.0261816

41 43 0.0238673

42 43 0.0214587

43 43 0.0189654

44 43 0.0163973

45 43 0.0137645

46 43 0.0110774

47 43 0.0083465

48 43 0.0055827

49 43 0.00279687

50 43 0

0 44 0

1 44 0.00241814

2 44 0.00482675

3 44 0.0072163

4 44 0.00957737

5 44 0.0119006

6 44 0.014177

7 44 0.0163973

8 44 0.018553

9 44 0.0206354

10 44 0.0226364

11 44 0.024548

12 44 0.0263628

13 44 0.0280735

14 44 0.0296735

15 44 0.0311563

16 44 0.0325162

17 44 0.0337477

18 44 0.0348461

19 44 0.0358069

20 44 0.0366264

21 44 0.0373014

22 44 0.0378292

23 44 0.0382076

24 44 0.0384353

25 44 0.0385113

26 44 0.0384353

27 44 0.0382076

28 44 0.0378292

29 44 0.0373014

30 44 0.0366264

31 44 0.0358069

32 44 0.0348461

33 44 0.0337477

34 44 0.0325162

35 44 0.0311563

36 44 0.0296735

37 44 0.0280735

38 44 0.0263628

39 44 0.024548

40 44 0.0226364

41 44 0.0206354

42 44 0.018553

43 44 0.0163973

44 44 0.014177

45 44 0.0119006

46 44 0.00957737

47 44 0.0072163

48 44 0.00482675

49 44 0.00241814

50 44 0

0 45 0

1 45 0.00202988

2 45 0.00405174

3 45 0.00605762

4 45 0.00803959

5 45 0.00998983

6 45 0.0119006

7 45 0.0137645

8 45 0.015574

9 45 0.0173221

10 45 0.0190018

11 45 0.0206065

12 45 0.0221299

13 45 0.0235659

14 45 0.024909

15 45 0.0261537

16 45 0.0272952

17 45 0.028329

18 45 0.029251

19 45 0.0300576

20 45 0.0307455

21 45 0.0313121

22 45 0.0317552

23 45 0.0320729

24 45 0.032264

25 45 0.0323278

26 45 0.032264

27 45 0.0320729

28 45 0.0317552

29 45 0.0313121

30 45 0.0307455

31 45 0.0300576

32 45 0.029251

33 45 0.028329

34 45 0.0272952

35 45 0.0261537

36 45 0.024909

37 45 0.0235659

38 45 0.0221299

39 45 0.0206065

40 45 0.0190018

41 45 0.0173221

42 45 0.015574

43 45 0.0137645

44 45 0.0119006

45 45 0.00998983

46 45 0.00803959

47 45 0.00605762

48 45 0.00405174

49 45 0.00202988

50 45 0

0 46 0

1 46 0.0016336

2 46 0.00326075

3 46 0.00487504

4 46 0.00647008

5 46 0.00803959

6 46 0.00957737

7 46 0.0110774

8 46 0.0125336

9 46 0.0139404

10 46 0.0152922

11 46 0.0165836

12 46 0.0178096

13 46 0.0189653

14 46 0.0200462

15 46 0.0210479

16 46 0.0219666

17 46 0.0227986

18 46 0.0235406

19 46 0.0241897

20 46 0.0247433

21 46 0.0251993

22 46 0.0255558

23 46 0.0258115

24 46 0.0259653

25 46 0.0260167

26 46 0.0259653

27 46 0.0258115

28 46 0.0255558

29 46 0.0251993

30 46 0.0247433

31 46 0.0241897

32 46 0.0235406

33 46 0.0227986

34 46 0.0219666

35 46 0.0210479

36 46 0.0200462

37 46 0.0189653

38 46 0.0178096

39 46 0.0165836

40 46 0.0152922

41 46 0.0139404

42 46 0.0125336

43 46 0.0110774

44 46 0.00957737

45 46 0.00803959

46 46 0.00647008

47 46 0.00487504

48 46 0.00326075

49 46 0.0016336

50 46 0

0 47 0

1 47 0.00123087

2 47 0.00245689

3 47 0.00367321

4 47 0.00487504

5 47 0.00605762

6 47 0.0072163

7 47 0.0083465

8 47 0.00944376

9 47 0.0105037

10 47 0.0115223

11 47 0.0124953

12 47 0.0134191

13 47 0.0142899

14 47 0.0151043

15 47 0.0158591

16 47 0.0165513

17 47 0.0171781

18 47 0.0177372

19 47 0.0182263

20 47 0.0186434

21 47 0.018987

22 47 0.0192557

23 47 0.0194483

24 47 0.0195642

25 47 0.0196029

26 47 0.0195642

27 47 0.0194483

28 47 0.0192557

29 47 0.018987

30 47 0.0186434

31 47 0.0182263

32 47 0.0177372

33 47 0.0171781

34 47 0.0165513

35 47 0.0158591

36 47 0.0151043

37 47 0.0142899

38 47 0.0134191

39 47 0.0124953

40 47 0.0115223

41 47 0.0105037

42 47 0.00944376

43 47 0.0083465

44 47 0.0072163

45 47 0.00605762

46 47 0.00487504

47 47 0.00367321

48 47 0.00245689

49 47 0.00123087

50 47 0

0 48 0

1 48 0.000823292

2 48 0.00164333

3 48 0.00245689

4 48 0.00326075

5 48 0.00405174

6 48 0.00482675

7 48 0.0055827

8 48 0.00631662

9 48 0.00702561

10 48 0.00770688

11 48 0.00835772

12 48 0.00897559

13 48 0.00955803

14 48 0.0101028

15 48 0.0106076

16 48 0.0110706

17 48 0.0114899

18 48 0.0118638

19 48 0.012191

20 48 0.01247

21 48 0.0126998

22 48 0.0128795

23 48 0.0130083

24 48 0.0130858

25 48 0.0131117

26 48 0.0130858

27 48 0.0130083

28 48 0.0128795

29 48 0.0126998

30 48 0.01247

31 48 0.012191

32 48 0.0118638

33 48 0.0114899

34 48 0.0110706

35 48 0.0106076

36 48 0.0101028

37 48 0.00955803

38 48 0.00897559

39 48 0.00835772

40 48 0.00770688

41 48 0.00702561

42 48 0.00631662

43 48 0.0055827

44 48 0.00482675

45 48 0.00405174

46 48 0.00326075

47 48 0.00245689

48 48 0.00164333

49 48 0.000823292

50 48 0

0 49 0

1 49 0.00041246

2 49 0.000823292

3 49 0.00123087

4 49 0.0016336

5 49 0.00202988

