0 1 0

1 1 0.00306261

2 1 0.00611314

3 1 0.00913954

4 1 0.0121299

5 1 0.0150723

6 1 0.0179553

7 1 0.0207674

8 1 0.0234976

9 1 0.026135

10 1 0.0286693

11 1 0.0310904

12 1 0.0333889

13 1 0.0355555

14 1 0.0375819

15 1 0.0394599

16 1 0.0411822

17 1 0.042742

18 1 0.044133

19 1 0.0453499

20 1 0.0463879

21 1 0.0472427

22 1 0.0479112

23 1 0.0483905

24 1 0.0486789

25 1 0.0487751

26 1 0.0486789

27 1 0.0483905

28 1 0.0479112

29 1 0.0472427

30 1 0.0463879

31 1 0.0453499

32 1 0.044133

33 1 0.042742

34 1 0.0411822

35 1 0.0394599

36 1 0.0375819

37 1 0.0355555

38 1 0.0333889

39 1 0.0310904

40 1 0.0286693

41 1 0.026135

42 1 0.0234976

43 1 0.0207674

44 1 0.0179553

45 1 0.0150723

46 1 0.0121299

47 1 0.00913954

48 1 0.00611314

49 1 0.00306261

50 1 0

0 2 0

1 2 0.00611314

2 2 0.0122022

3 2 0.018243

4 2 0.0242119

5 2 0.0300852

6 2 0.0358398

7 2 0.0414529

8 2 0.0469024

9 2 0.0521669

10 2 0.0572254

11 2 0.0620581

12 2 0.0666459

13 2 0.0709707

14 2 0.0750154

15 2 0.0787641

16 2 0.0822018

17 2 0.0853152

18 2 0.0880919

19 2 0.0905209

20 2 0.0925927

21 2 0.0942991

22 2 0.0956332

23 2 0.09659

24 2 0.0971656

25 2 0.0973577

26 2 0.0971656

27 2 0.09659

28 2 0.0956332

29 2 0.0942991

30 2 0.0925927

31 2 0.0905209

32 2 0.0880919

33 2 0.0853152

34 2 0.0822018

35 2 0.0787641

36 2 0.0750154

37 2 0.0709707

38 2 0.0666459

39 2 0.0620581

40 2 0.0572254

41 2 0.0521669

42 2 0.0469024

43 2 0.0414529

44 2 0.0358398

45 2 0.0300852

46 2 0.0242119

47 2 0.018243

48 2 0.0122022

49 2 0.00611314

50 2 0

0 3 0

1 3 0.00913954

2 3 0.018243

3 3 0.0272745

4 3 0.0361983

5 3 0.0449793

6 3 0.0535828

7 3 0.0619748

8 3 0.0701222

9 3 0.0779929

10 3 0.0855557

11 3 0.092781

12 3 0.09964

13 3 0.106106

14 3 0.112153

15 3 0.117757

16 3 0.122897

17 3 0.127552

18 3 0.131703

19 3 0.135335

20 3 0.138432

21 3 0.140983

22 3 0.142978

23 3 0.144408

24 3 0.145269

25 3 0.145556

26 3 0.145269

27 3 0.144408

28 3 0.142978

29 3 0.140983

30 3 0.138432

31 3 0.135335

32 3 0.131703

33 3 0.127552

34 3 0.122897

35 3 0.117757

36 3 0.112153

37 3 0.106106

38 3 0.09964

39 3 0.092781

40 3 0.0855557

41 3 0.0779929

42 3 0.0701222

43 3 0.0619748

44 3 0.0535828

45 3 0.0449793

46 3 0.0361983

47 3 0.0272745

48 3 0.018243

49 3 0.00913954

50 3 0

0 4 0

1 4 0.0121299

2 4 0.0242119

3 4 0.0361983

4 4 0.0480419

5 4 0.0596959

6 4 0.0711143

7 4 0.0822521

8 4 0.0930652

9 4 0.103511

10 4 0.113548

11 4 0.123138

12 4 0.132241

13 4 0.140822

14 4 0.148848

15 4 0.156286

16 4 0.163107

17 4 0.169285

18 4 0.174795

19 4 0.179614

20 4 0.183725

21 4 0.187111

22 4 0.189758

23 4 0.191657

24 4 0.192799

25 4 0.19318

26 4 0.192799

27 4 0.191657

28 4 0.189758

29 4 0.187111

30 4 0.183725

31 4 0.179614

32 4 0.174795

33 4 0.169285

34 4 0.163107

35 4 0.156286

36 4 0.148848

37 4 0.140822

38 4 0.132241

39 4 0.123138

40 4 0.113548

41 4 0.103511

42 4 0.0930652

43 4 0.0822521

44 4 0.0711143

45 4 0.0596959

46 4 0.0480419

47 4 0.0361983

48 4 0.0242119

49 4 0.0121299

50 4 0

0 5 0

1 5 0.0150723

2 5 0.0300852

3 5 0.0449793

4 5 0.0596959

5 5 0.0741769

6 5 0.0883652

7 5 0.102205

8 5 0.115641

9 5 0.128621

10 5 0.141093

11 5 0.153008

12 5 0.16432

13 5 0.174983

14 5 0.184955

15 5 0.194198

16 5 0.202674

17 5 0.21035

18 5 0.217196

19 5 0.223185

20 5 0.228293

21 5 0.2325

22 5 0.23579

23 5 0.238149

24 5 0.239568

25 5 0.240042

26 5 0.239568

27 5 0.238149

28 5 0.23579

29 5 0.2325

30 5 0.228293

31 5 0.223185

32 5 0.217196

33 5 0.21035

34 5 0.202674

35 5 0.194198

36 5 0.184955

37 5 0.174983

38 5 0.16432

39 5 0.153008

40 5 0.141093

41 5 0.128621

42 5 0.115641

43 5 0.102205

44 5 0.0883652

45 5 0.0741769

46 5 0.0596959

47 5 0.0449793

48 5 0.0300852

49 5 0.0150723

50 5 0

0 6 0

1 6 0.0179553

2 6 0.0358398

3 6 0.0535828

4 6 0.0711143

5 6 0.0883652

6 6 0.105267

7 6 0.121754

8 6 0.13776

9 6 0.153223

10 6 0.168081

11 6 0.182275

12 6 0.19575

13 6 0.208453

14 6 0.220333

15 6 0.231343

16 6 0.24144

17 6 0.250585

18 6 0.258741

19 6 0.265875

20 6 0.27196

21 6 0.276972

22 6 0.280891

23 6 0.283701

24 6 0.285392

25 6 0.285956

26 6 0.285392

27 6 0.283701

28 6 0.280891

29 6 0.276972

30 6 0.27196

31 6 0.265875

32 6 0.258741

33 6 0.250585

34 6 0.24144

35 6 0.231343

36 6 0.220333

37 6 0.208453

38 6 0.19575

39 6 0.182275

40 6 0.168081

41 6 0.153223

42 6 0.13776

43 6 0.121754

44 6 0.105267

45 6 0.0883652

46 6 0.0711143

47 6 0.0535828

48 6 0.0358398

49 6 0.0179553

50 6 0

0 7 0

1 7 0.0207674

2 7 0.0414529

3 7 0.0619748

4 7 0.0822521

5 7 0.102205

6 7 0.121754

7 7 0.140823

8 7 0.159336

9 7 0.17722

10 7 0.194405

11 7 0.210823

12 7 0.226408

13 7 0.2411

14 7 0.254841

15 7 0.267575

16 7 0.279254

17 7 0.289831

18 7 0.299264

19 7 0.307516

20 7 0.314554

21 7 0.320351

22 7 0.324883

23 7 0.328134

24 7 0.330089

25 7 0.330742

26 7 0.330089

27 7 0.328134

28 7 0.324883

29 7 0.320351

30 7 0.314554

31 7 0.307516

32 7 0.299264

33 7 0.289831

34 7 0.279254

35 7 0.267575

36 7 0.254841

37 7 0.2411

38 7 0.226408

39 7 0.210823

40 7 0.194405

41 7 0.17722

42 7 0.159336

43 7 0.140823

44 7 0.121754

45 7 0.102205

46 7 0.0822521

47 7 0.0619748

48 7 0.0414529

49 7 0.0207674

50 7 0

0 8 0

1 8 0.0234976

2 8 0.0469024

3 8 0.0701222

4 8 0.0930652

5 8 0.115641

6 8 0.13776

7 8 0.159336

8 8 0.180283

9 8 0.200518

10 8 0.219962

11 8 0.238538

12 8 0.256173

13 8 0.272796

14 8 0.288343

15 8 0.302752

16 8 0.315966

17 8 0.327933

18 8 0.338606

19 8 0.347943

20 8 0.355906

21 8 0.362465

22 8 0.367593

23 8 0.371271

24 8 0.373483

25 8 0.374222

26 8 0.373483

27 8 0.371271

28 8 0.367593

29 8 0.362465

30 8 0.355906

31 8 0.347943

32 8 0.338606

33 8 0.327933

34 8 0.315966

35 8 0.302752

36 8 0.288343

37 8 0.272796

38 8 0.256173

39 8 0.238538

40 8 0.219962

41 8 0.200518

42 8 0.180283

43 8 0.159336

44 8 0.13776

45 8 0.115641

46 8 0.0930652

47 8 0.0701222

48 8 0.0469024

49 8 0.0234976

50 8 0

0 9 0

1 9 0.026135

2 9 0.0521669

3 9 0.0779929

4 9 0.103511

5 9 0.128621

6 9 0.153223

7 9 0.17722

8 9 0.200518

9 9 0.223025

10 9 0.244651

11 9 0.265312

12 9 0.284926

13 9 0.303415

14 9 0.320707

15 9 0.336733

16 9 0.351431

17 9 0.364741

18 9 0.376612

19 9 0.386997

20 9 0.395854

21 9 0.403149

22 9 0.408853

23 9 0.412943

24 9 0.415404

25 9 0.416225

26 9 0.415404

27 9 0.412943

28 9 0.408853

29 9 0.403149

30 9 0.395854

31 9 0.386997

32 9 0.376612

33 9 0.364741

34 9 0.351431

35 9 0.336733

36 9 0.320707

37 9 0.303415

38 9 0.284926

39 9 0.265312

40 9 0.244651

41 9 0.223025

42 9 0.200518

43 9 0.17722

44 9 0.153223

45 9 0.128621

46 9 0.103511

47 9 0.0779929

48 9 0.0521669

49 9 0.026135

50 9 0

0 10 0

1 10 0.0286693

2 10 0.0572254

3 10 0.0855557

4 10 0.113548

5 10 0.141093

6 10 0.168081

7 10 0.194405

8 10 0.219962

9 10 0.244651

10 10 0.268375

11 10 0.291039

12 10 0.312555

13 10 0.332837

14 10 0.351806

15 10 0.369386

16 10 0.385509

17 10 0.40011

18 10 0.413132

19 10 0.424523

20 10 0.434239

21 10 0.442242

22 10 0.448499

23 10 0.452986

24 10 0.455685

25 10 0.456586

26 10 0.455685

27 10 0.452986

28 10 0.448499

29 10 0.442242

30 10 0.434239

31 10 0.424523

32 10 0.413132

33 10 0.40011

34 10 0.385509

35 10 0.369386

36 10 0.351806

37 10 0.332837

38 10 0.312555

39 10 0.291039

40 10 0.268375

41 10 0.244651

42 10 0.219962

43 10 0.194405

44 10 0.168081

45 10 0.141093

46 10 0.113548

47 10 0.0855557

48 10 0.0572254

49 10 0.0286693

50 10 0

0 11 0

1 11 0.0310904

2 11 0.0620581

3 11 0.092781

4 11 0.123138

5 11 0.153008

6 11 0.182275

7 11 0.210823

8 11 0.238538

9 11 0.265312

10 11 0.291039

11 11 0.315617

12 11 0.33895

13 11 0.360945

14 11 0.381516

15 11 0.400581

16 11 0.418065

17 11 0.433899

18 11 0.448021

19 11 0.460374

20 11 0.470911

21 11 0.479589

22 11 0.486375

23 11 0.491241

24 11 0.494168

25 11 0.495145

26 11 0.494168

27 11 0.491241

28 11 0.486375

29 11 0.479589

30 11 0.470911

31 11 0.460374

32 11 0.448021

33 11 0.433899

34 11 0.418065

35 11 0.400581

36 11 0.381516

37 11 0.360945

38 11 0.33895

39 11 0.315617

40 11 0.291039

41 11 0.265312

42 11 0.238538

43 11 0.210823

44 11 0.182275

45 11 0.153008

46 11 0.123138

47 11 0.092781

48 11 0.0620581

49 11 0.0310904

50 11 0

0 12 0

1 12 0.0333889

2 12 0.0666459

3 12 0.09964

4 12 0.132241

5 12 0.16432

6 12 0.19575

7 12 0.226408

8 12 0.256173

9 12 0.284926

10 12 0.312555

11 12 0.33895

12 12 0.364008

13 12 0.387629

14 12 0.40972

15 12 0.430195

16 12 0.448971

17 12 0.465976

18 12 0.481142

19 12 0.494409

20 12 0.505724

21 12 0.515044

22 12 0.522331

23 12 0.527557

24 12 0.530701

25 12 0.53175

26 12 0.530701

27 12 0.527557

28 12 0.522331

29 12 0.515044

30 12 0.505724

31 12 0.494409

32 12 0.481142

33 12 0.465976

34 12 0.448971

35 12 0.430195

36 12 0.40972

37 12 0.387629

38 12 0.364008

39 12 0.33895

40 12 0.312555

41 12 0.284926

42 12 0.256173

43 12 0.226408

44 12 0.19575

45 12 0.16432

46 12 0.132241

47 12 0.09964

48 12 0.0666459

49 12 0.0333889

50 12 0

0 13 0

1 13 0.0355555

2 13 0.0709707

3 13 0.106106

4 13 0.140822

5 13 0.174983

6 13 0.208453

7 13 0.2411

8 13 0.272796

9 13 0.303415

10 13 0.332837

11 13 0.360945

12 13 0.387629

13 13 0.412783

14 13 0.436308

15 13 0.458111

16 13 0.478106

17 13 0.496214

18 13 0.512364

19 13 0.526492

20 13 0.538542

21 13 0.548466

22 13 0.556226

23 13 0.561791

24 13 0.565139

25 13 0.566256

26 13 0.565139

27 13 0.561791

28 13 0.556226

29 13 0.548466

30 13 0.538542

31 13 0.526492

32 13 0.512364

33 13 0.496214

34 13 0.478106

35 13 0.458111

36 13 0.436308

37 13 0.412783

38 13 0.387629

39 13 0.360945

40 13 0.332837

41 13 0.303415

42 13 0.272796

43 13 0.2411

44 13 0.208453

45 13 0.174983

46 13 0.140822

47 13 0.106106

48 13 0.0709707

49 13 0.0355555

50 13 0

0 14 0

1 14 0.0375819

2 14 0.0750154

3 14 0.112153

4 14 0.148848

5 14 0.184955

6 14 0.220333

7 14 0.254841

8 14 0.288343

9 14 0.320707

10 14 0.351806

11 14 0.381516

12 14 0.40972

13 14 0.436308

14 14 0.461174

15 14 0.484219

16 14 0.505354

17 14 0.524494

18 14 0.541564

19 14 0.556497

20 14 0.569234

21 14 0.579724

22 14 0.587926

23 14 0.593808

24 14 0.597347

25 14 0.598528

26 14 0.597347

27 14 0.593808

28 14 0.587926

29 14 0.579724

30 14 0.569234

31 14 0.556497

32 14 0.541564

33 14 0.524494

34 14 0.505354

35 14 0.484219

36 14 0.461174

37 14 0.436308

38 14 0.40972

39 14 0.381516

40 14 0.351806

41 14 0.320707

42 14 0.288343

43 14 0.254841

44 14 0.220333

45 14 0.184955

46 14 0.148848

47 14 0.112153

48 14 0.0750154

49 14 0.0375819

50 14 0

0 15 0

1 15 0.0394599

2 15 0.0787641

3 15 0.117757

4 15 0.156286

5 15 0.194198

6 15 0.231343

7 15 0.267575

8 15 0.302752

9 15 0.336733

10 15 0.369386

11 15 0.400581

12 15 0.430195

13 15 0.458111

14 15 0.484219

15 15 0.508416

16 15 0.530607

17 15 0.550704

18 15 0.568627

19 15 0.584306

20 15 0.597679

21 15 0.608694

22 15 0.617306

23 15 0.623482

24 15 0.627197

25 15 0.628437

26 15 0.627197

27 15 0.623482

28 15 0.617306

29 15 0.608694

30 15 0.597679

31 15 0.584306

32 15 0.568627

33 15 0.550704

34 15 0.530607

35 15 0.508416

36 15 0.484219

37 15 0.458111

38 15 0.430195

39 15 0.400581

40 15 0.369386

41 15 0.336733

42 15 0.302752

43 15 0.267575

44 15 0.231343

45 15 0.194198

46 15 0.156286

47 15 0.117757

48 15 0.0787641

49 15 0.0394599

50 15 0

0 16 0

1 16 0.0411822

2 16 0.0822018

3 16 0.122897

4 16 0.163107

5 16 0.202674

6 16 0.24144

7 16 0.279254

8 16 0.315966

9 16 0.351431

10 16 0.385509

11 16 0.418065

12 16 0.448971

13 16 0.478106

14 16 0.505354

15 16 0.530607

16 16 0.553766

17 16 0.57474

18 16 0.593446

19 16 0.609809

20 16 0.623766

21 16 0.635261

22 16 0.644249

23 16 0.650695

24 16 0.654572

25 16 0.655866

26 16 0.654572

27 16 0.650695

28 16 0.644249

29 16 0.635261

30 16 0.623766

31 16 0.609809

32 16 0.593446

33 16 0.57474

34 16 0.553766

35 16 0.530607

36 16 0.505354

37 16 0.478106

38 16 0.448971

39 16 0.418065

40 16 0.385509

41 16 0.351431

42 16 0.315966

43 16 0.279254

44 16 0.24144

45 16 0.202674

46 16 0.163107

47 16 0.122897

48 16 0.0822018

49 16 0.0411822

50 16 0

0 17 0

1 17 0.042742

2 17 0.0853152

3 17 0.127552

4 17 0.169285

5 17 0.21035

6 17 0.250585

7 17 0.289831

8 17 0.327933

9 17 0.364741

10 17 0.40011

11 17 0.433899

12 17 0.465976

13 17 0.496214

14 17 0.524494

15 17 0.550704

16 17 0.57474

17 17 0.596508

18 17 0.615922

19 17 0.632905

20 17 0.647391

21 17 0.659321

22 17 0.66865

23 17 0.67534

24 17 0.679364

25 17 0.680707

26 17 0.679364

27 17 0.67534

28 17 0.66865

29 17 0.659321

30 17 0.647391

31 17 0.632905

32 17 0.615922

33 17 0.596508

34 17 0.57474

35 17 0.550704

36 17 0.524494

37 17 0.496214

38 17 0.465976

39 17 0.433899

40 17 0.40011

41 17 0.364741

42 17 0.327933

43 17 0.289831

44 17 0.250585

45 17 0.21035

46 17 0.169285

47 17 0.127552

48 17 0.0853152

49 17 0.042742

50 17 0

0 18 0

1 18 0.044133

2 18 0.0880919

3 18 0.131703

4 18 0.174795

5 18 0.217196

6 18 0.258741

7 18 0.299264

8 18 0.338606

9 18 0.376612

10 18 0.413132

11 18 0.448021

12 18 0.481142

13 18 0.512364

14 18 0.541564

15 18 0.568627

16 18 0.593446

17 18 0.615922

18 18 0.635968

19 18 0.653504

20 18 0.668461

21 18 0.68078

22 18 0.690412

23 18 0.697319

24 18 0.701475

25 18 0.702861

26 18 0.701475

27 18 0.697319

28 18 0.690412

29 18 0.68078

30 18 0.668461

31 18 0.653504

32 18 0.635968

33 18 0.615922

34 18 0.593446

35 18 0.568627

36 18 0.541564

37 18 0.512364

38 18 0.481142

39 18 0.448021

40 18 0.413132

41 18 0.376612

42 18 0.338606

43 18 0.299264

44 18 0.258741

45 18 0.217196

46 18 0.174795

47 18 0.131703

48 18 0.0880919

49 18 0.044133

50 18 0

0 19 0

1 19 0.0453499

2 19 0.0905209

3 19 0.135335

4 19 0.179614

5 19 0.223185

6 19 0.265875

7 19 0.307516

8 19 0.347943

9 19 0.386997

10 19 0.424523

11 19 0.460374

12 19 0.494409

13 19 0.526492

14 19 0.556497

15 19 0.584306

16 19 0.609809

17 19 0.632905

18 19 0.653504

19 19 0.671524

20 19 0.686893

21 19 0.699551

22 19 0.709449

23 19 0.716547

24 19 0.720817

25 19 0.722242

26 19 0.720817

27 19 0.716547

28 19 0.709449

29 19 0.699551

30 19 0.686893

31 19 0.671524

32 19 0.653504

33 19 0.632905

34 19 0.609809

35 19 0.584306

36 19 0.556497

37 19 0.526492

38 19 0.494409

39 19 0.460374

40 19 0.424523

41 19 0.386997

42 19 0.347943

43 19 0.307516

44 19 0.265875

45 19 0.223185

46 19 0.179614

47 19 0.135335

48 19 0.0905209

49 19 0.0453499

50 19 0

0 20 0

1 20 0.0463879

2 20 0.0925927

3 20 0.138432

4 20 0.183725

5 20 0.228293

6 20 0.27196

7 20 0.314554

8 20 0.355906

9 20 0.395854

10 20 0.434239

11 20 0.470911

12 20 0.505724

13 20 0.538542

14 20 0.569234

15 20 0.597679

16 20 0.623766

17 20 0.647391

18 20 0.668461

19 20 0.686893

20 20 0.702614

21 20 0.715562

22 20 0.725686

23 20 0.732947

24 20 0.737314

25 20 0.738772

26 20 0.737314

27 20 0.732947

28 20 0.725686

29 20 0.715562

30 20 0.702614

31 20 0.686893

32 20 0.668461

33 20 0.647391

34 20 0.623766

35 20 0.597679

36 20 0.569234

37 20 0.538542

38 20 0.505724

39 20 0.470911

40 20 0.434239

41 20 0.395854

42 20 0.355906

43 20 0.314554

44 20 0.27196

45 20 0.228293

46 20 0.183725

47 20 0.138432

48 20 0.0925927

49 20 0.0463879

50 20 0

0 21 0

1 21 0.0472427

2 21 0.0942991

3 21 0.140983

4 21 0.187111

5 21 0.2325

6 21 0.276972

7 21 0.320351

8 21 0.362465

9 21 0.403149

10 21 0.442242

11 21 0.479589

12 21 0.515044

13 21 0.548466

14 21 0.579724

15 21 0.608694

16 21 0.635261

17 21 0.659321

18 21 0.68078

19 21 0.699551

20 21 0.715562

21 21 0.728749

22 21 0.73906

23 21 0.746454

24 21 0.750902

25 21 0.752387

26 21 0.750902

27 21 0.746454

28 21 0.73906

29 21 0.728749

30 21 0.715562

31 21 0.699551

32 21 0.68078

33 21 0.659321

34 21 0.635261

35 21 0.608694

36 21 0.579724

37 21 0.548466

38 21 0.515044

39 21 0.479589

40 21 0.442242

41 21 0.403149

42 21 0.362465

43 21 0.320351

44 21 0.276972

45 21 0.2325

46 21 0.187111

47 21 0.140983

48 21 0.0942991

49 21 0.0472427

50 21 0

0 22 0

1 22 0.0479112

2 22 0.0956332

3 22 0.142978

4 22 0.189758

5 22 0.23579

6 22 0.280891

7 22 0.324883

8 22 0.367593

9 22 0.408853

10 22 0.448499

11 22 0.486375

12 22 0.522331

13 22 0.556226

14 22 0.587926

15 22 0.617306

16 22 0.644249

17 22 0.66865

18 22 0.690412

19 22 0.709449

20 22 0.725686

21 22 0.73906

22 22 0.749516

23 22 0.757015

24 22 0.761526

25 22 0.763032

26 22 0.761526

27 22 0.757015

28 22 0.749516

29 22 0.73906

30 22 0.725686

31 22 0.709449

32 22 0.690412

33 22 0.66865

34 22 0.644249

35 22 0.617306

36 22 0.587926

37 22 0.556226

38 22 0.522331

39 22 0.486375

40 22 0.448499

41 22 0.408853

42 22 0.367593

43 22 0.324883

44 22 0.280891

45 22 0.23579

46 22 0.189758

47 22 0.142978

48 22 0.0956332

49 22 0.0479112

50 22 0

0 23 0

1 23 0.0483905

2 23 0.09659

3 23 0.144408

4 23 0.191657

5 23 0.238149

6 23 0.283701

7 23 0.328134

8 23 0.371271

9 23 0.412943

10 23 0.452986

11 23 0.491241

12 23 0.527557

13 23 0.561791

14 23 0.593808

15 23 0.623482

16 23 0.650695

17 23 0.67534

18 23 0.697319

19 23 0.716547

20 23 0.732947

21 23 0.746454

22 23 0.757015

23 23 0.764589

24 23 0.769145

25 23 0.770666

26 23 0.769145

27 23 0.764589

28 23 0.757015

29 23 0.746454

30 23 0.732947

31 23 0.716547

32 23 0.697319

33 23 0.67534

34 23 0.650695

35 23 0.623482

36 23 0.593808

37 23 0.561791

38 23 0.527557

39 23 0.491241

40 23 0.452986

41 23 0.412943

42 23 0.371271

43 23 0.328134

44 23 0.283701

45 23 0.238149

46 23 0.191657

47 23 0.144408

48 23 0.09659

49 23 0.0483905

50 23 0

0 24 0

1 24 0.0486789

2 24 0.0971656

3 24 0.145269

4 24 0.192799

5 24 0.239568

6 24 0.285392

7 24 0.330089

8 24 0.373483

9 24 0.415404

10 24 0.455685

11 24 0.494168

12 24 0.530701

13 24 0.565139

14 24 0.597347

15 24 0.627197

16 24 0.654572

17 24 0.679364

18 24 0.701475

19 24 0.720817

20 24 0.737314

21 24 0.750902

22 24 0.761526

23 24 0.769145

24 24 0.773728

25 24 0.775258

26 24 0.773728

27 24 0.769145

28 24 0.761526

29 24 0.750902

30 24 0.737314

31 24 0.720817

32 24 0.701475

33 24 0.679364

34 24 0.654572

35 24 0.627197

36 24 0.597347

37 24 0.565139

38 24 0.530701

39 24 0.494168

40 24 0.455685

41 24 0.415404

42 24 0.373483

43 24 0.330089

44 24 0.285392

45 24 0.239568

46 24 0.192799

47 24 0.145269

48 24 0.0971656

49 24 0.0486789

50 24 0

0 25 0

1 25 0.0487751

2 25 0.0973577

3 25 0.145556

4 25 0.19318

5 25 0.240042

6 25 0.285956

7 25 0.330742

8 25 0.374222

9 25 0.416225

10 25 0.456586

11 25 0.495145

12 25 0.53175

13 25 0.566256

14 25 0.598528

15 25 0.628437

16 25 0.655866

17 25 0.680707

18 25 0.702861

19 25 0.722242

20 25 0.738772

21 25 0.752387

22 25 0.763032

23 25 0.770666

24 25 0.775258

25 25 0.776791

26 25 0.775258

27 25 0.770666

28 25 0.763032

29 25 0.752387

30 25 0.738772

31 25 0.722242

32 25 0.702861

33 25 0.680707

34 25 0.655866

35 25 0.628437

36 25 0.598528

37 25 0.566256

38 25 0.53175

39 25 0.495145

40 25 0.456586

41 25 0.416225

42 25 0.374222

43 25 0.330742

44 25 0.285956

45 25 0.240042

46 25 0.19318

47 25 0.145556

48 25 0.0973577

49 25 0.0487751

50 25 0

0 26 0

1 26 0.0486789

2 26 0.0971656

3 26 0.145269

4 26 0.192799

5 26 0.239568

6 26 0.285392

7 26 0.330089

8 26 0.373483

9 26 0.415404

10 26 0.455685

11 26 0.494168

12 26 0.530701

13 26 0.565139

14 26 0.597347

15 26 0.627197

16 26 0.654572

17 26 0.679364

18 26 0.701475

19 26 0.720817

20 26 0.737314

21 26 0.750902

22 26 0.761526

23 26 0.769145

24 26 0.773728

25 26 0.775258

26 26 0.773728

27 26 0.769145

28 26 0.761526

29 26 0.750902

30 26 0.737314

31 26 0.720817

32 26 0.701475

33 26 0.679364

34 26 0.654572

35 26 0.627197

36 26 0.597347

37 26 0.565139

38 26 0.530701

39 26 0.494168

40 26 0.455685

41 26 0.415404

42 26 0.373483

43 26 0.330089

44 26 0.285392

45 26 0.239568

46 26 0.192799

47 26 0.145269

48 26 0.0971656

49 26 0.0486789

50 26 0

0 27 0

1 27 0.0483905

2 27 0.09659

3 27 0.144408

4 27 0.191657

5 27 0.238149

6 27 0.283701

7 27 0.328134

8 27 0.371271

9 27 0.412943

10 27 0.452986

11 27 0.491241

12 27 0.527557

13 27 0.561791

14 27 0.593808

15 27 0.623482

16 27 0.650695

17 27 0.67534

18 27 0.697319

19 27 0.716547

20 27 0.732947

21 27 0.746454

22 27 0.757015

23 27 0.764589

24 27 0.769145

25 27 0.770666

26 27 0.769145

27 27 0.764589

28 27 0.757015

29 27 0.746454

30 27 0.732947

31 27 0.716547

32 27 0.697319

33 27 0.67534

34 27 0.650695

35 27 0.623482

36 27 0.593808

37 27 0.561791

38 27 0.527557

39 27 0.491241

40 27 0.452986

41 27 0.412943

42 27 0.371271

43 27 0.328134

44 27 0.283701

45 27 0.238149

46 27 0.191657

47 27 0.144408

48 27 0.09659

49 27 0.0483905

50 27 0

0 28 0

1 28 0.0479112

2 28 0.0956332

3 28 0.142978

4 28 0.189758

5 28 0.23579

6 28 0.280891

7 28 0.324883

8 28 0.367593

9 28 0.408853

10 28 0.448499

11 28 0.486375

12 28 0.522331

13 28 0.556226

14 28 0.587926

15 28 0.617306

16 28 0.644249

17 28 0.66865

18 28 0.690412

19 28 0.709449

20 28 0.725686

21 28 0.73906

22 28 0.749516

23 28 0.757015

24 28 0.761526

25 28 0.763032

26 28 0.761526

27 28 0.757015

28 28 0.749516

29 28 0.73906

30 28 0.725686

31 28 0.709449

32 28 0.690412

33 28 0.66865

34 28 0.644249

35 28 0.617306

36 28 0.587926

37 28 0.556226

38 28 0.522331

39 28 0.486375

40 28 0.448499

41 28 0.408853

42 28 0.367593

43 28 0.324883

44 28 0.280891

45 28 0.23579

46 28 0.189758

47 28 0.142978

48 28 0.0956332

49 28 0.0479112

50 28 0

0 29 0

1 29 0.0472427

2 29 0.0942991

3 29 0.140983

4 29 0.187111

5 29 0.2325

6 29 0.276972

7 29 0.320351

8 29 0.362465

9 29 0.403149

10 29 0.442242

11 29 0.479589

12 29 0.515044

13 29 0.548466

14 29 0.579724

15 29 0.608694

16 29 0.635261

17 29 0.659321

18 29 0.68078

19 29 0.699551

20 29 0.715562

21 29 0.728749

22 29 0.73906

23 29 0.746454

24 29 0.750902

25 29 0.752387

26 29 0.750902

27 29 0.746454

28 29 0.73906

29 29 0.728749

30 29 0.715562

31 29 0.699551

32 29 0.68078

33 29 0.659321

34 29 0.635261

35 29 0.608694

36 29 0.579724

37 29 0.548466

38 29 0.515044

39 29 0.479589

40 29 0.442242

41 29 0.403149

42 29 0.362465

43 29 0.320351

44 29 0.276972

45 29 0.2325

46 29 0.187111

47 29 0.140983

48 29 0.0942991

49 29 0.0472427

50 29 0

0 30 0

1 30 0.0463879

2 30 0.0925927

3 30 0.138432

4 30 0.183725

5 30 0.228293

6 30 0.27196

7 30 0.314554

8 30 0.355906

9 30 0.395854

10 30 0.434239

11 30 0.470911

12 30 0.505724

13 30 0.538542

14 30 0.569234

15 30 0.597679

16 30 0.623766

17 30 0.647391

18 30 0.668461

19 30 0.686893

20 30 0.702614

21 30 0.715562

22 30 0.725686

23 30 0.732947

24 30 0.737314

25 30 0.738772

26 30 0.737314

27 30 0.732947

28 30 0.725686

29 30 0.715562

30 30 0.702614

31 30 0.686893

32 30 0.668461

33 30 0.647391

34 30 0.623766

35 30 0.597679

36 30 0.569234

37 30 0.538542

38 30 0.505724

39 30 0.470911

40 30 0.434239

41 30 0.395854

42 30 0.355906

43 30 0.314554

44 30 0.27196

45 30 0.228293

46 30 0.183725

47 30 0.138432

48 30 0.0925927

49 30 0.0463879

50 30 0

0 31 0

1 31 0.0453499

2 31 0.0905209

3 31 0.135335

4 31 0.179614

5 31 0.223185

6 31 0.265875

7 31 0.307516

8 31 0.347943

9 31 0.386997

10 31 0.424523

11 31 0.460374

12 31 0.494409

13 31 0.526492

14 31 0.556497

15 31 0.584306

16 31 0.609809

17 31 0.632905

18 31 0.653504

19 31 0.671524

20 31 0.686893

21 31 0.699551

22 31 0.709449

23 31 0.716547

24 31 0.720817

25 31 0.722242

26 31 0.720817

27 31 0.716547

28 31 0.709449

29 31 0.699551

30 31 0.686893

31 31 0.671524

32 31 0.653504

33 31 0.632905

34 31 0.609809

35 31 0.584306

36 31 0.556497

37 31 0.526492

38 31 0.494409

39 31 0.460374

40 31 0.424523

41 31 0.386997

42 31 0.347943

43 31 0.307516

44 31 0.265875

45 31 0.223185

46 31 0.179614

47 31 0.135335

48 31 0.0905209

49 31 0.0453499

50 31 0

0 32 0

1 32 0.044133

2 32 0.0880919

3 32 0.131703

4 32 0.174795

5 32 0.217196

6 32 0.258741

7 32 0.299264

8 32 0.338606

9 32 0.376612

10 32 0.413132

11 32 0.448021

12 32 0.481142

13 32 0.512364

14 32 0.541564

15 32 0.568627

16 32 0.593446

17 32 0.615922

18 32 0.635968

19 32 0.653504

20 32 0.668461

21 32 0.68078

22 32 0.690412

23 32 0.697319

24 32 0.701475

25 32 0.702861

26 32 0.701475

27 32 0.697319

28 32 0.690412

29 32 0.68078

30 32 0.668461

31 32 0.653504

32 32 0.635968

33 32 0.615922

34 32 0.593446

35 32 0.568627

36 32 0.541564

37 32 0.512364

38 32 0.481142

39 32 0.448021

40 32 0.413132

41 32 0.376612

42 32 0.338606

43 32 0.299264

44 32 0.258741

45 32 0.217196

46 32 0.174795

47 32 0.131703

48 32 0.0880919

49 32 0.044133

50 32 0

0 33 0

1 33 0.042742

2 33 0.0853152

3 33 0.127552

4 33 0.169285

5 33 0.21035

6 33 0.250585

7 33 0.289831

8 33 0.327933

9 33 0.364741

10 33 0.40011

11 33 0.433899

12 33 0.465976

13 33 0.496214

14 33 0.524494

15 33 0.550704

16 33 0.57474

17 33 0.596508

18 33 0.615922

19 33 0.632905

20 33 0.647391

21 33 0.659321

22 33 0.66865

23 33 0.67534

24 33 0.679364

25 33 0.680707

26 33 0.679364

27 33 0.67534

28 33 0.66865

29 33 0.659321

30 33 0.647391

31 33 0.632905

32 33 0.615922

33 33 0.596508

34 33 0.57474

35 33 0.550704

36 33 0.524494

37 33 0.496214

38 33 0.465976

39 33 0.433899

40 33 0.40011

41 33 0.364741

42 33 0.327933

43 33 0.289831

44 33 0.250585

45 33 0.21035

46 33 0.169285

47 33 0.127552

48 33 0.0853152

49 33 0.042742

50 33 0

0 34 0

1 34 0.0411822

2 34 0.0822018

3 34 0.122897

4 34 0.163107

5 34 0.202674

6 34 0.24144

7 34 0.279254

8 34 0.315966

9 34 0.351431

10 34 0.385509

11 34 0.418065

12 34 0.448971

13 34 0.478106

14 34 0.505354

15 34 0.530607

16 34 0.553766

17 34 0.57474

18 34 0.593446

19 34 0.609809

20 34 0.623766

21 34 0.635261

22 34 0.644249

23 34 0.650695

24 34 0.654572

25 34 0.655866

26 34 0.654572

27 34 0.650695

28 34 0.644249

29 34 0.635261

30 34 0.623766

31 34 0.609809

32 34 0.593446

33 34 0.57474

34 34 0.553766

35 34 0.530607

36 34 0.505354

37 34 0.478106

38 34 0.448971

39 34 0.418065

40 34 0.385509

41 34 0.351431

42 34 0.315966

43 34 0.279254

44 34 0.24144

45 34 0.202674

46 34 0.163107

47 34 0.122897

48 34 0.0822018

49 34 0.0411822

50 34 0

0 35 0

1 35 0.0394599

2 35 0.0787641

3 35 0.117757

4 35 0.156286

5 35 0.194198

6 35 0.231343

7 35 0.267575

8 35 0.302752

9 35 0.336733

10 35 0.369386

11 35 0.400581

12 35 0.430195

13 35 0.458111

14 35 0.484219

15 35 0.508416

16 35 0.530607

17 35 0.550704

18 35 0.568627

19 35 0.584306

20 35 0.597679

21 35 0.608694

22 35 0.617306

23 35 0.623482

24 35 0.627197

25 35 0.628437

26 35 0.627197

27 35 0.623482

28 35 0.617306

29 35 0.608694

30 35 0.597679

31 35 0.584306

32 35 0.568627

33 35 0.550704

34 35 0.530607

35 35 0.508416

36 35 0.484219

37 35 0.458111

38 35 0.430195

39 35 0.400581

40 35 0.369386

41 35 0.336733

42 35 0.302752

43 35 0.267575

44 35 0.231343

45 35 0.194198

46 35 0.156286

47 35 0.117757

48 35 0.0787641

49 35 0.0394599

50 35 0

0 36 0

1 36 0.0375819

2 36 0.0750154

3 36 0.112153

4 36 0.148848

5 36 0.184955

6 36 0.220333

7 36 0.254841

8 36 0.288343

9 36 0.320707

10 36 0.351806

11 36 0.381516

12 36 0.40972

13 36 0.436308

14 36 0.461174

15 36 0.484219

16 36 0.505354

17 36 0.524494

18 36 0.541564

19 36 0.556497

20 36 0.569234

21 36 0.579724

22 36 0.587926

23 36 0.593808

24 36 0.597347

25 36 0.598528

26 36 0.597347

27 36 0.593808

28 36 0.587926

29 36 0.579724

30 36 0.569234

31 36 0.556497

32 36 0.541564

33 36 0.524494

34 36 0.505354

35 36 0.484219

36 36 0.461174

37 36 0.436308

38 36 0.40972

39 36 0.381516

40 36 0.351806

41 36 0.320707

42 36 0.288343

43 36 0.254841

44 36 0.220333

45 36 0.184955

46 36 0.148848

47 36 0.112153

48 36 0.0750154

49 36 0.0375819

50 36 0

0 37 0

1 37 0.0355555

2 37 0.0709707

3 37 0.106106

4 37 0.140822

5 37 0.174983

6 37 0.208453

7 37 0.2411

8 37 0.272796

9 37 0.303415

10 37 0.332837

11 37 0.360945

12 37 0.387629

13 37 0.412783

14 37 0.436308

15 37 0.458111

16 37 0.478106

17 37 0.496214

18 37 0.512364

19 37 0.526492

20 37 0.538542

21 37 0.548466

22 37 0.556226

23 37 0.561791

24 37 0.565139

25 37 0.566256

26 37 0.565139

27 37 0.561791

28 37 0.556226

29 37 0.548466

30 37 0.538542

31 37 0.526492

32 37 0.512364

33 37 0.496214

34 37 0.478106

35 37 0.458111

36 37 0.436308

37 37 0.412783

38 37 0.387629

39 37 0.360945

40 37 0.332837

41 37 0.303415

42 37 0.272796

43 37 0.2411

44 37 0.208453

45 37 0.174983

46 37 0.140822

47 37 0.106106

48 37 0.0709707

49 37 0.0355555

50 37 0

0 38 0

1 38 0.0333889

2 38 0.0666459

3 38 0.09964

4 38 0.132241

5 38 0.16432

6 38 0.19575

7 38 0.226408

8 38 0.256173

9 38 0.284926

10 38 0.312555

11 38 0.33895

12 38 0.364008

13 38 0.387629

14 38 0.40972

15 38 0.430195

16 38 0.448971

17 38 0.465976

18 38 0.481142

19 38 0.494409

20 38 0.505724

21 38 0.515044

22 38 0.522331

23 38 0.527557

24 38 0.530701

25 38 0.53175

26 38 0.530701

27 38 0.527557

28 38 0.522331

29 38 0.515044

30 38 0.505724

31 38 0.494409

32 38 0.481142

33 38 0.465976

34 38 0.448971

35 38 0.430195

36 38 0.40972

37 38 0.387629

38 38 0.364008

39 38 0.33895

40 38 0.312555

41 38 0.284926

42 38 0.256173

43 38 0.226408

44 38 0.19575

45 38 0.16432

46 38 0.132241

47 38 0.09964

48 38 0.0666459

49 38 0.0333889

50 38 0

0 39 0

1 39 0.0310904

2 39 0.0620581

3 39 0.092781

4 39 0.123138

5 39 0.153008

6 39 0.182275

7 39 0.210823

8 39 0.238538

9 39 0.265312

10 39 0.291039

11 39 0.315617

12 39 0.33895

13 39 0.360945

14 39 0.381516

15 39 0.400581

16 39 0.418065

17 39 0.433899

18 39 0.448021

19 39 0.460374

20 39 0.470911

21 39 0.479589

22 39 0.486375

23 39 0.491241

24 39 0.494168

25 39 0.495145

26 39 0.494168

27 39 0.491241

28 39 0.486375

29 39 0.479589

30 39 0.470911

31 39 0.460374

32 39 0.448021

33 39 0.433899

34 39 0.418065

35 39 0.400581

36 39 0.381516

37 39 0.360945

38 39 0.33895

39 39 0.315617

40 39 0.291039

41 39 0.265312

42 39 0.238538

43 39 0.210823

44 39 0.182275

45 39 0.153008

46 39 0.123138

47 39 0.092781

48 39 0.0620581

49 39 0.0310904

50 39 0

0 40 0

1 40 0.0286693

2 40 0.0572254

3 40 0.0855557

4 40 0.113548

5 40 0.141093

6 40 0.168081

7 40 0.194405

8 40 0.219962

9 40 0.244651

10 40 0.268375

11 40 0.291039

12 40 0.312555

13 40 0.332837

14 40 0.351806

15 40 0.369386

16 40 0.385509

17 40 0.40011

18 40 0.413132

19 40 0.424523

20 40 0.434239

21 40 0.442242

22 40 0.448499

23 40 0.452986

24 40 0.455685

25 40 0.456586

26 40 0.455685

27 40 0.452986

28 40 0.448499

29 40 0.442242

30 40 0.434239

31 40 0.424523

32 40 0.413132

33 40 0.40011

34 40 0.385509

35 40 0.369386

36 40 0.351806

37 40 0.332837

38 40 0.312555

39 40 0.291039

40 40 0.268375

41 40 0.244651

42 40 0.219962

43 40 0.194405

44 40 0.168081

45 40 0.141093

46 40 0.113548

47 40 0.0855557

48 40 0.0572254

49 40 0.0286693

50 40 0

0 41 0

1 41 0.026135

2 41 0.0521669

3 41 0.0779929

4 41 0.103511

5 41 0.128621

6 41 0.153223

7 41 0.17722

8 41 0.200518

9 41 0.223025

10 41 0.244651

11 41 0.265312

12 41 0.284926

13 41 0.303415

14 41 0.320707

15 41 0.336733

16 41 0.351431

17 41 0.364741

18 41 0.376612

19 41 0.386997

20 41 0.395854

21 41 0.403149

22 41 0.408853

23 41 0.412943

24 41 0.415404

25 41 0.416225

26 41 0.415404

27 41 0.412943

28 41 0.408853

29 41 0.403149

30 41 0.395854

31 41 0.386997

32 41 0.376612

33 41 0.364741

34 41 0.351431

35 41 0.336733

36 41 0.320707

37 41 0.303415

38 41 0.284926

39 41 0.265312

40 41 0.244651

41 41 0.223025

42 41 0.200518

43 41 0.17722

44 41 0.153223

45 41 0.128621

46 41 0.103511

47 41 0.0779929

48 41 0.0521669

49 41 0.026135

50 41 0

0 42 0

1 42 0.0234976

2 42 0.0469024

3 42 0.0701222

4 42 0.0930652

5 42 0.115641

6 42 0.13776

7 42 0.159336

8 42 0.180283

9 42 0.200518

10 42 0.219962

11 42 0.238538

12 42 0.256173

13 42 0.272796

14 42 0.288343

15 42 0.302752

16 42 0.315966

17 42 0.327933

18 42 0.338606

19 42 0.347943

20 42 0.355906

21 42 0.362465

22 42 0.367593

23 42 0.371271

24 42 0.373483

25 42 0.374222

26 42 0.373483

27 42 0.371271

28 42 0.367593

29 42 0.362465

30 42 0.355906

31 42 0.347943

32 42 0.338606

33 42 0.327933

34 42 0.315966

35 42 0.302752

36 42 0.288343

37 42 0.272796

38 42 0.256173

39 42 0.238538

40 42 0.219962

41 42 0.200518

42 42 0.180283

43 42 0.159336

44 42 0.13776

45 42 0.115641

46 42 0.0930652

47 42 0.0701222

48 42 0.0469024

49 42 0.0234976

50 42 0

0 43 0

1 43 0.0207674

2 43 0.0414529

3 43 0.0619748

4 43 0.0822521

5 43 0.102205

6 43 0.121754

7 43 0.140823

8 43 0.159336

9 43 0.17722

10 43 0.194405

11 43 0.210823

12 43 0.226408

13 43 0.2411

14 43 0.254841

15 43 0.267575

16 43 0.279254

17 43 0.289831

18 43 0.299264

19 43 0.307516

20 43 0.314554

21 43 0.320351

22 43 0.324883

23 43 0.328134

24 43 0.330089

25 43 0.330742

26 43 0.330089

27 43 0.328134

28 43 0.324883

29 43 0.320351

30 43 0.314554

31 43 0.307516

32 43 0.299264

33 43 0.289831

34 43 0.279254

35 43 0.267575

36 43 0.254841

37 43 0.2411

38 43 0.226408

39 43 0.210823

40 43 0.194405

41 43 0.17722

42 43 0.159336

43 43 0.140823

44 43 0.121754

45 43 0.102205

46 43 0.0822521

47 43 0.0619748

48 43 0.0414529

49 43 0.0207674

50 43 0

0 44 0

1 44 0.0179553

2 44 0.0358398

3 44 0.0535828

4 44 0.0711143

5 44 0.0883652

6 44 0.105267

7 44 0.121754

8 44 0.13776

9 44 0.153223

10 44 0.168081

11 44 0.182275

12 44 0.19575

13 44 0.208453

14 44 0.220333

15 44 0.231343

16 44 0.24144

17 44 0.250585

18 44 0.258741

19 44 0.265875

20 44 0.27196

21 44 0.276972

22 44 0.280891

23 44 0.283701

24 44 0.285392

25 44 0.285956

26 44 0.285392

27 44 0.283701

28 44 0.280891

29 44 0.276972

30 44 0.27196

31 44 0.265875

32 44 0.258741

33 44 0.250585

34 44 0.24144

35 44 0.231343

36 44 0.220333

37 44 0.208453

38 44 0.19575

39 44 0.182275

40 44 0.168081

41 44 0.153223

42 44 0.13776

43 44 0.121754

44 44 0.105267

45 44 0.0883652

46 44 0.0711143

47 44 0.0535828

48 44 0.0358398

49 44 0.0179553

50 44 0

0 45 0

1 45 0.0150723

2 45 0.0300852

3 45 0.0449793

4 45 0.0596959

5 45 0.0741769

6 45 0.0883652

7 45 0.102205

8 45 0.115641

9 45 0.128621

10 45 0.141093

11 45 0.153008

12 45 0.16432

13 45 0.174983

14 45 0.184955

15 45 0.194198

16 45 0.202674

17 45 0.21035

18 45 0.217196

19 45 0.223185

20 45 0.228293

21 45 0.2325

22 45 0.23579

23 45 0.238149

24 45 0.239568

25 45 0.240042

26 45 0.239568

27 45 0.238149

28 45 0.23579

29 45 0.2325

30 45 0.228293

31 45 0.223185

32 45 0.217196

33 45 0.21035

34 45 0.202674

35 45 0.194198

36 45 0.184955

37 45 0.174983

38 45 0.16432

39 45 0.153008

40 45 0.141093

41 45 0.128621

42 45 0.115641

43 45 0.102205

44 45 0.0883652

45 45 0.0741769

46 45 0.0596959

47 45 0.0449793

48 45 0.0300852

49 45 0.0150723

50 45 0

0 46 0

1 46 0.0121299

2 46 0.0242119

3 46 0.0361983

4 46 0.0480419

5 46 0.0596959

6 46 0.0711143

7 46 0.0822521

8 46 0.0930652

9 46 0.103511

10 46 0.113548

11 46 0.123138

12 46 0.132241

13 46 0.140822

14 46 0.148848

15 46 0.156286

16 46 0.163107

17 46 0.169285

18 46 0.174795

19 46 0.179614

20 46 0.183725

21 46 0.187111

22 46 0.189758

23 46 0.191657

24 46 0.192799

25 46 0.19318

26 46 0.192799

27 46 0.191657

28 46 0.189758

29 46 0.187111

30 46 0.183725

31 46 0.179614

32 46 0.174795

33 46 0.169285

34 46 0.163107

35 46 0.156286

36 46 0.148848

37 46 0.140822

38 46 0.132241

39 46 0.123138

40 46 0.113548

41 46 0.103511

42 46 0.0930652

43 46 0.0822521

44 46 0.0711143

45 46 0.0596959

46 46 0.0480419

47 46 0.0361983

48 46 0.0242119

49 46 0.0121299

50 46 0

0 47 0

1 47 0.00913954

2 47 0.018243

3 47 0.0272745

4 47 0.0361983

5 47 0.0449793

6 47 0.0535828

7 47 0.0619748

8 47 0.0701222

9 47 0.0779929

10 47 0.0855557

11 47 0.092781

12 47 0.09964

13 47 0.106106

14 47 0.112153

15 47 0.117757

16 47 0.122897

17 47 0.127552

18 47 0.131703

19 47 0.135335

20 47 0.138432

21 47 0.140983

22 47 0.142978

23 47 0.144408

24 47 0.145269

25 47 0.145556

26 47 0.145269

27 47 0.144408

28 47 0.142978

29 47 0.140983

30 47 0.138432

31 47 0.135335

32 47 0.131703

33 47 0.127552

34 47 0.122897

35 47 0.117757

36 47 0.112153

37 47 0.106106

38 47 0.09964

39 47 0.092781

40 47 0.0855557

41 47 0.0779929

42 47 0.0701222

43 47 0.0619748

44 47 0.0535828

45 47 0.0449793

46 47 0.0361983

47 47 0.0272745

48 47 0.018243

49 47 0.00913954

50 47 0

0 48 0

1 48 0.00611314

2 48 0.0122022

3 48 0.018243

4 48 0.0242119

5 48 0.0300852

6 48 0.0358398

7 48 0.0414529

8 48 0.0469024

9 48 0.0521669

10 48 0.0572254

11 48 0.0620581

12 48 0.0666459

13 48 0.0709707

14 48 0.0750154

15 48 0.0787641

16 48 0.0822018

17 48 0.0853152

18 48 0.0880919

19 48 0.0905209

20 48 0.0925927

21 48 0.0942991

22 48 0.0956332

23 48 0.09659

24 48 0.0971656

25 48 0.0973577

26 48 0.0971656

27 48 0.09659

28 48 0.0956332

29 48 0.0942991

30 48 0.0925927

31 48 0.0905209

32 48 0.0880919

33 48 0.0853152

34 48 0.0822018

35 48 0.0787641

36 48 0.0750154

37 48 0.0709707

38 48 0.0666459

39 48 0.0620581

40 48 0.0572254

41 48 0.0521669

42 48 0.0469024

43 48 0.0414529

44 48 0.0358398

45 48 0.0300852

46 48 0.0242119

47 48 0.018243

48 48 0.0122022

49 48 0.00611314

50 48 0

0 49 0

1 49 0.00306261

2 49 0.00611314

3 49 0.00913954

4 49 0.0121299

5 49 0.0150723

6 49 0.0179553

7 49 0.0207674

8 49 0.0234976

9 49 0.026135

10 49 0.0286693

11 49 0.0310904

12 49 0.0333889

13 49 0.0355555

14 49 0.0375819

15 49 0.0394599

16 49 0.0411822

17 49 0.042742

18 49 0.044133

19 49 0.0453499

20 49 0.0463879

21 49 0.0472427

22 49 0.0479112

23 49 0.0483905

24 49 0.0486789

25 49 0.0487751

26 49 0.0486789

27 49 0.0483905

28 49 0.0479112

29 49 0.0472427

30 49 0.0463879

31 49 0.0453499

32 49 0.044133

33 49 0.042742

34 49 0.0411822

35 49 0.0394599

36 49 0.0375819

37 49 0.0355555

38 49 0.0333889

39 49 0.0310904

40 49 0.0286693

41 49 0.026135

42 49 0.0234976

43 49 0.0207674

44 49 0.0179553

45 49 0.0150723

46 49 0.0121299

47 49 0.00913954

48 49 0.00611314

49 49 0.00306261

50 49 0

