0 1 0

1 1 0.000282383

2 1 0.000563651

3 1 0.000842694

4 1 0.00111841

5 1 0.00138972

6 1 0.00165554

7 1 0.00191482

8 1 0.00216655

9 1 0.00240973

10 1 0.0026434

11 1 0.00286663

12 1 0.00307856

13 1 0.00327833

14 1 0.00346516

15 1 0.00363832

16 1 0.00379713

17 1 0.00394094

18 1 0.0040692

19 1 0.00418141

20 1 0.00427711

21 1 0.00435593

22 1 0.00441756

23 1 0.00446175

24 1 0.00448834

25 1 0.00449722

26 1 0.00448834

27 1 0.00446175

28 1 0.00441756

29 1 0.00435593

30 1 0.00427711

31 1 0.00418141

32 1 0.0040692

33 1 0.00394094

34 1 0.00379713

35 1 0.00363832

36 1 0.00346516

37 1 0.00327833

38 1 0.00307856

39 1 0.00286663

40 1 0.0026434

41 1 0.00240973

42 1 0.00216655

43 1 0.00191482

44 1 0.00165554

45 1 0.00138972

46 1 0.00111841

47 1 0.000842694

48 1 0.000563651

49 1 0.000282383

50 1 0

0 2 0

1 2 0.000563651

2 2 0.00112508

3 2 0.00168206

4 2 0.00223241

5 2 0.00277395

6 2 0.00330454

7 2 0.00382209

8 2 0.00432455

9 2 0.00480995

10 2 0.00527636

11 2 0.00572195

12 2 0.00614496

13 2 0.00654372

14 2 0.00691665

15 2 0.00726229

16 2 0.00757926

17 2 0.00786633

18 2 0.00812235

19 2 0.00834631

20 2 0.00853733

21 2 0.00869466

22 2 0.00881768

23 2 0.0089059

24 2 0.00895897

25 2 0.00897668

26 2 0.00895897

27 2 0.0089059

28 2 0.00881768

29 2 0.00869466

30 2 0.00853733

31 2 0.00834631

32 2 0.00812235

33 2 0.00786633

34 2 0.00757926

35 2 0.00726229

36 2 0.00691665

37 2 0.00654372

38 2 0.00614496

39 2 0.00572195

40 2 0.00527636

41 2 0.00480995

42 2 0.00432455

43 2 0.00382209

44 2 0.00330454

45 2 0.00277395

46 2 0.00223241

47 2 0.00168206

48 2 0.00112508

49 2 0.000563651

50 2 0

0 3 0

1 3 0.000842694

2 3 0.00168206

3 3 0.00251479

4 3 0.0033376

5 3 0.00414723

6 3 0.0049405

7 3 0.00571427

8 3 0.00646548

9 3 0.00719118

10 3 0.0078885

11 3 0.00855469

12 3 0.00918712

13 3 0.00978329

14 3 0.0103408

15 3 0.0108576

16 3 0.0113315

17 3 0.0117607

18 3 0.0121434

19 3 0.0124783

20 3 0.0127639

21 3 0.0129991

22 3 0.013183

23 3 0.0133149

24 3 0.0133942

25 3 0.0134207

26 3 0.0133942

27 3 0.0133149

28 3 0.013183

29 3 0.0129991

30 3 0.0127639

31 3 0.0124783

32 3 0.0121434

33 3 0.0117607

34 3 0.0113315

35 3 0.0108576

36 3 0.0103408

37 3 0.00978329

38 3 0.00918712

39 3 0.00855469

40 3 0.0078885

41 3 0.00719118

42 3 0.00646548

43 3 0.00571427

44 3 0.0049405

45 3 0.00414723

46 3 0.0033376

47 3 0.00251479

48 3 0.00168206

49 3 0.000842694

50 3 0

0 4 0

1 4 0.00111841

2 4 0.00223241

3 4 0.0033376

4 4 0.00442961

5 4 0.00550415

6 4 0.00655696

7 4 0.0075839

8 4 0.0085809

9 4 0.00954404

10 4 0.0104695

11 4 0.0113537

12 4 0.012193

13 4 0.0129842

14 4 0.0137242

15 4 0.01441

16 4 0.015039

17 4 0.0156086

18 4 0.0161166

19 4 0.016561

20 4 0.01694

21 4 0.0172522

22 4 0.0174963

23 4 0.0176713

24 4 0.0177767

25 4 0.0178118

26 4 0.0177767

27 4 0.0176713

28 4 0.0174963

29 4 0.0172522

30 4 0.01694

31 4 0.016561

32 4 0.0161166

33 4 0.0156086

34 4 0.015039

35 4 0.01441

36 4 0.0137242

37 4 0.0129842

38 4 0.012193

39 4 0.0113537

40 4 0.0104695

41 4 0.00954404

42 4 0.0085809

43 4 0.0075839

44 4 0.00655696

45 4 0.00550415

46 4 0.00442961

47 4 0.0033376

48 4 0.00223241

49 4 0.00111841

50 4 0

0 5 0

1 5 0.00138972

2 5 0.00277395

3 5 0.00414723

4 5 0.00550415

5 5 0.00683934

6 5 0.00814755

7 5 0.00942359

8 5 0.0106625

9 5 0.0118592

10 5 0.0130092

11 5 0.0141078

12 5 0.0151508

13 5 0.016134

14 5 0.0170534

15 5 0.0179056

16 5 0.0186872

17 5 0.0193949

18 5 0.0200262

19 5 0.0205784

20 5 0.0210493

21 5 0.0214372

22 5 0.0217406

23 5 0.0219581

24 5 0.0220889

25 5 0.0221326

26 5 0.0220889

27 5 0.0219581

28 5 0.0217406

29 5 0.0214372

30 5 0.0210493

31 5 0.0205784

32 5 0.0200262

33 5 0.0193949

34 5 0.0186872

35 5 0.0179056

36 5 0.0170534

37 5 0.016134

38 5 0.0151508

39 5 0.0141078

40 5 0.0130092

41 5 0.0118592

42 5 0.0106625

43 5 0.00942359

44 5 0.00814755

45 5 0.00683934

46 5 0.00550415

47 5 0.00414723

48 5 0.00277395

49 5 0.00138972

50 5 0

0 6 0

1 6 0.00165554

2 6 0.00330454

3 6 0.0049405

4 6 0.00655696

5 6 0.00814755

6 6 0.00970598

7 6 0.0112261

8 6 0.0127019

9 6 0.0141276

10 6 0.0154976

11 6 0.0168063

12 6 0.0180488

13 6 0.01922

14 6 0.0203154

15 6 0.0213306

16 6 0.0222616

17 6 0.0231047

18 6 0.0238567

19 6 0.0245145

20 6 0.0250756

21 6 0.0255377

22 6 0.025899

23 6 0.0261581

24 6 0.026314

25 6 0.026366

26 6 0.026314

27 6 0.0261581

28 6 0.025899

29 6 0.0255377

30 6 0.0250756

31 6 0.0245145

32 6 0.0238567

33 6 0.0231047

34 6 0.0222616

35 6 0.0213306

36 6 0.0203154

37 6 0.01922

38 6 0.0180488

39 6 0.0168063

40 6 0.0154976

41 6 0.0141276

42 6 0.0127019

43 6 0.0112261

44 6 0.00970598

45 6 0.00814755

46 6 0.00655696

47 6 0.0049405

48 6 0.00330454

49 6 0.00165554

50 6 0

0 7 0

1 7 0.00191482

2 7 0.00382209

3 7 0.00571427

4 7 0.0075839

5 7 0.00942359

6 7 0.0112261

7 7 0.0129843

8 7 0.0146913

9 7 0.0163402

10 7 0.0179247

11 7 0.0194385

12 7 0.0208755

13 7 0.0222302

14 7 0.0234971

15 7 0.0246713

16 7 0.0257481

17 7 0.0267233

18 7 0.0275931

19 7 0.0283539

20 7 0.0290028

21 7 0.0295373

22 7 0.0299552

23 7 0.0302549

24 7 0.0304352

25 7 0.0304954

26 7 0.0304352

27 7 0.0302549

28 7 0.0299552

29 7 0.0295373

30 7 0.0290028

31 7 0.0283539

32 7 0.0275931

33 7 0.0267233

34 7 0.0257481

35 7 0.0246713

36 7 0.0234971

37 7 0.0222302

38 7 0.0208755

39 7 0.0194385

40 7 0.0179247

41 7 0.0163402

42 7 0.0146913

43 7 0.0129843

44 7 0.0112261

45 7 0.00942359

46 7 0.0075839

47 7 0.00571427

48 7 0.00382209

49 7 0.00191482

50 7 0

0 8 0

1 8 0.00216655

2 8 0.00432455

3 8 0.00646548

4 8 0.0085809

5 8 0.0106625

6 8 0.0127019

7 8 0.0146913

8 8 0.0166226

9 8 0.0184884

10 8 0.0202812

11 8 0.0219939

12 8 0.0236199

13 8 0.0251526

14 8 0.0265861

15 8 0.0279147

16 8 0.029133

17 8 0.0302365

18 8 0.0312205

19 8 0.0320814

20 8 0.0328157

21 8 0.0334204

22 8 0.0338932

23 8 0.0342323

24 8 0.0344363

25 8 0.0345044

26 8 0.0344363

27 8 0.0342323

28 8 0.0338932

29 8 0.0334204

30 8 0.0328157

31 8 0.0320814

32 8 0.0312205

33 8 0.0302365

34 8 0.029133

35 8 0.0279147

36 8 0.0265861

37 8 0.0251526

38 8 0.0236199

39 8 0.0219939

40 8 0.0202812

41 8 0.0184884

42 8 0.0166226

43 8 0.0146913

44 8 0.0127019

45 8 0.0106625

46 8 0.0085809

47 8 0.00646548

48 8 0.00432455

49 8 0.00216655

50 8 0

0 9 0

1 9 0.00240973

2 9 0.00480995

3 9 0.00719118

4 9 0.00954404

5 9 0.0118592

6 9 0.0141276

7 9 0.0163402

8 9 0.0184884

9 9 0.0205636

10 9 0.0225576

11 9 0.0244626

12 9 0.0262711

13 9 0.0279758

14 9 0.0295702

15 9 0.0310479

16 9 0.032403

17 9 0.0336303

18 9 0.0347248

19 9 0.0356823

20 9 0.036499

21 9 0.0371716

22 9 0.0376975

23 9 0.0380747

24 9 0.0383015

25 9 0.0383773

26 9 0.0383015

27 9 0.0380747

28 9 0.0376975

29 9 0.0371716

30 9 0.036499

31 9 0.0356823

32 9 0.0347248

33 9 0.0336303

34 9 0.032403

35 9 0.0310479

36 9 0.0295702

37 9 0.0279758

38 9 0.0262711

39 9 0.0244626

40 9 0.0225576

41 9 0.0205636

42 9 0.0184884

43 9 0.0163402

44 9 0.0141276

45 9 0.0118592

46 9 0.00954404

47 9 0.00719118

48 9 0.00480995

49 9 0.00240973

50 9 0

0 10 0

1 10 0.0026434

2 10 0.00527636

3 10 0.0078885

4 10 0.0104695

5 10 0.0130092

6 10 0.0154976

7 10 0.0179247

8 10 0.0202812

9 10 0.0225576

10 10 0.024745

11 10 0.0268347

12 10 0.0288185

13 10 0.0306886

14 10 0.0324376

15 10 0.0340585

16 10 0.0355451

17 10 0.0368913

18 10 0.038092

19 10 0.0391424

20 10 0.0400382

21 10 0.0407761

22 10 0.041353

23 10 0.0417667

24 10 0.0420156

25 10 0.0420987

26 10 0.0420156

27 10 0.0417667

28 10 0.041353

29 10 0.0407761

30 10 0.0400382

31 10 0.0391424

32 10 0.038092

33 10 0.0368913

34 10 0.0355451

35 10 0.0340585

36 10 0.0324376

37 10 0.0306886

38 10 0.0288185

39 10 0.0268347

40 10 0.024745

41 10 0.0225576

42 10 0.0202812

43 10 0.0179247

44 10 0.0154976

45 10 0.0130092

46 10 0.0104695

47 10 0.0078885

48 10 0.00527636

49 10 0.0026434

50 10 0

0 11 0

1 11 0.00286663

2 11 0.00572195

3 11 0.00855469

4 11 0.0113537

5 11 0.0141078

6 11 0.0168063

7 11 0.0194385

8 11 0.0219939

9 11 0.0244626

10 11 0.0268347

11 11 0.0291009

12 11 0.0312523

13 11 0.0332803

14 11 0.0351769

15 11 0.0369348

16 11 0.0385469

17 11 0.0400068

18 11 0.0413089

19 11 0.0424479

20 11 0.0434195

21 11 0.0442196

22 11 0.0448453

23 11 0.0452939

24 11 0.0455638

25 11 0.0456539

26 11 0.0455638

27 11 0.0452939

28 11 0.0448453

29 11 0.0442196

30 11 0.0434195

31 11 0.0424479

32 11 0.0413089

33 11 0.0400068

34 11 0.0385469

35 11 0.0369348

36 11 0.0351769

37 11 0.0332803

38 11 0.0312523

39 11 0.0291009

40 11 0.0268347

41 11 0.0244626

42 11 0.0219939

43 11 0.0194385

44 11 0.0168063

45 11 0.0141078

46 11 0.0113537

47 11 0.00855469

48 11 0.00572195

49 11 0.00286663

50 11 0

0 12 0

1 12 0.00307856

2 12 0.00614496

3 12 0.00918712

4 12 0.012193

5 12 0.0151508

6 12 0.0180488

7 12 0.0208755

8 12 0.0236199

9 12 0.0262711

10 12 0.0288185

11 12 0.0312523

12 12 0.0335627

13 12 0.0357406

14 12 0.0377775

15 12 0.0396653

16 12 0.0413966

17 12 0.0429644

18 12 0.0443628

19 12 0.045586

20 12 0.0466293

21 12 0.0474887

22 12 0.0481606

23 12 0.0486424

24 12 0.0489322

25 12 0.049029

26 12 0.0489322

27 12 0.0486424

28 12 0.0481606

29 12 0.0474887

30 12 0.0466293

31 12 0.045586

32 12 0.0443628

33 12 0.0429644

34 12 0.0413966

35 12 0.0396653

36 12 0.0377775

37 12 0.0357406

38 12 0.0335627

39 12 0.0312523

40 12 0.0288185

41 12 0.0262711

42 12 0.0236199

43 12 0.0208755

44 12 0.0180488

45 12 0.0151508

46 12 0.012193

47 12 0.00918712

48 12 0.00614496

49 12 0.00307856

50 12 0

0 13 0

1 13 0.00327833

2 13 0.00654372

3 13 0.00978329

4 13 0.0129842

5 13 0.016134

6 13 0.01922

7 13 0.0222302

8 13 0.0251526

9 13 0.0279758

10 13 0.0306886

11 13 0.0332803

12 13 0.0357406

13 13 0.0380599

14 13 0.0402289

15 13 0.0422392

16 13 0.0440828

17 13 0.0457525

18 13 0.0472415

19 13 0.0485442

20 13 0.0496552

21 13 0.0505703

22 13 0.0512858

23 13 0.0517989

24 13 0.0521076

25 13 0.0522106

26 13 0.0521076

27 13 0.0517989

28 13 0.0512858

29 13 0.0505703

30 13 0.0496552

31 13 0.0485442

32 13 0.0472415

33 13 0.0457525

34 13 0.0440828

35 13 0.0422392

36 13 0.0402289

37 13 0.0380599

38 13 0.0357406

39 13 0.0332803

40 13 0.0306886

41 13 0.0279758

42 13 0.0251526

43 13 0.0222302

44 13 0.01922

45 13 0.016134

46 13 0.0129842

47 13 0.00978329

48 13 0.00654372

49 13 0.00327833

50 13 0

0 14 0

1 14 0.00346516

2 14 0.00691665

3 14 0.0103408

4 14 0.0137242

5 14 0.0170534

6 14 0.0203154

7 14 0.0234971

8 14 0.0265861

9 14 0.0295702

10 14 0.0324376

11 14 0.0351769

12 14 0.0377775

13 14 0.0402289

14 14 0.0425216

15 14 0.0446465

16 14 0.0465952

17 14 0.04836

18 14 0.0499339

19 14 0.0513107

20 14 0.0524851

21 14 0.0534523

22 14 0.0542086

23 14 0.054751

24 14 0.0550772

25 14 0.0551861

26 14 0.0550772

27 14 0.054751

28 14 0.0542086

29 14 0.0534523

30 14 0.0524851

31 14 0.0513107

32 14 0.0499339

33 14 0.04836

34 14 0.0465952

35 14 0.0446465

36 14 0.0425216

37 14 0.0402289

38 14 0.0377775

39 14 0.0351769

40 14 0.0324376

41 14 0.0295702

42 14 0.0265861

43 14 0.0234971

44 14 0.0203154

45 14 0.0170534

46 14 0.0137242

47 14 0.0103408

48 14 0.00691665

49 14 0.00346516

50 14 0

0 15 0

1 15 0.00363832

2 15 0.00726229

3 15 0.0108576

4 15 0.01441

5 15 0.0179056

6 15 0.0213306

7 15 0.0246713

8 15 0.0279147

9 15 0.0310479

10 15 0.0340585

11 15 0.0369348

12 15 0.0396653

13 15 0.0422392

14 15 0.0446465

15 15 0.0468776

16 15 0.0489236

17 15 0.0507766

18 15 0.0524292

19 15 0.0538748

20 15 0.0551079

21 15 0.0561234

22 15 0.0569175

23 15 0.0574869

24 15 0.0578295

25 15 0.0579438

26 15 0.0578295

27 15 0.0574869

28 15 0.0569175

29 15 0.0561234

30 15 0.0551079

31 15 0.0538748

32 15 0.0524292

33 15 0.0507766

34 15 0.0489236

35 15 0.0468776

36 15 0.0446465

37 15 0.0422392

38 15 0.0396653

39 15 0.0369348

40 15 0.0340585

41 15 0.0310479

42 15 0.0279147

43 15 0.0246713

44 15 0.0213306

45 15 0.0179056

46 15 0.01441

47 15 0.0108576

48 15 0.00726229

49 15 0.00363832

50 15 0

0 16 0

1 16 0.00379713

2 16 0.00757926

3 16 0.0113315

4 16 0.015039

5 16 0.0186872

6 16 0.0222616

7 16 0.0257481

8 16 0.029133

9 16 0.032403

10 16 0.0355451

11 16 0.0385469

12 16 0.0413966

13 16 0.0440828

14 16 0.0465952

15 16 0.0489236

16 16 0.051059

17 16 0.0529928

18 16 0.0547175

19 16 0.0562263

20 16 0.0575131

21 16 0.058573

22 16 0.0594018

23 16 0.0599961

24 16 0.0603536

25 16 0.0604729

26 16 0.0603536

27 16 0.0599961

28 16 0.0594018

29 16 0.058573

30 16 0.0575131

31 16 0.0562263

32 16 0.0547175

33 16 0.0529928

34 16 0.051059

35 16 0.0489236

36 16 0.0465952

37 16 0.0440828

38 16 0.0413966

39 16 0.0385469

40 16 0.0355451

41 16 0.032403

42 16 0.029133

43 16 0.0257481

44 16 0.0222616

45 16 0.0186872

46 16 0.015039

47 16 0.0113315

48 16 0.00757926

49 16 0.00379713

50 16 0

0 17 0

1 17 0.00394094

2 17 0.00786633

3 17 0.0117607

4 17 0.0156086

5 17 0.0193949

6 17 0.0231047

7 17 0.0267233

8 17 0.0302365

9 17 0.0336303

10 17 0.0368913

11 17 0.0400068

12 17 0.0429644

13 17 0.0457525

14 17 0.04836

15 17 0.0507766

16 17 0.0529928

17 17 0.0549999

18 17 0.0567899

19 17 0.0583558

20 17 0.0596914

21 17 0.0607915

22 17 0.0616516

23 17 0.0622684

24 17 0.0626395

25 17 0.0627633

26 17 0.0626395

27 17 0.0622684

28 17 0.0616516

29 17 0.0607915

30 17 0.0596914

31 17 0.0583558

32 17 0.0567899

33 17 0.0549999

34 17 0.0529928

35 17 0.0507766

36 17 0.04836

37 17 0.0457525

38 17 0.0429644

39 17 0.0400068

40 17 0.0368913

41 17 0.0336303

42 17 0.0302365

43 17 0.0267233

44 17 0.0231047

45 17 0.0193949

46 17 0.0156086

47 17 0.0117607

48 17 0.00786633

49 17 0.00394094

50 17 0

0 18 0

1 18 0.0040692

2 18 0.00812235

3 18 0.0121434

4 18 0.0161166

5 18 0.0200262

6 18 0.0238567

7 18 0.0275931

8 18 0.0312205

9 18 0.0347248

10 18 0.038092

11 18 0.0413089

12 18 0.0443628

13 18 0.0472415

14 18 0.0499339

15 18 0.0524292

16 18 0.0547175

17 18 0.0567899

18 18 0.0586382

19 18 0.0602551

20 18 0.0616342

21 18 0.06277

22 18 0.0636581

23 18 0.064295

24 18 0.0646781

25 18 0.064806

26 18 0.0646781

27 18 0.064295

28 18 0.0636581

29 18 0.06277

30 18 0.0616342

31 18 0.0602551

32 18 0.0586382

33 18 0.0567899

34 18 0.0547175

35 18 0.0524292

36 18 0.0499339

37 18 0.0472415

38 18 0.0443628

39 18 0.0413089

40 18 0.038092

41 18 0.0347248

42 18 0.0312205

43 18 0.0275931

44 18 0.0238567

45 18 0.0200262

46 18 0.0161166

47 18 0.0121434

48 18 0.00812235

49 18 0.0040692

50 18 0

0 19 0

1 19 0.00418141

2 19 0.00834631

3 19 0.0124783

4 19 0.016561

5 19 0.0205784

6 19 0.0245145

7 19 0.0283539

8 19 0.0320814

9 19 0.0356823

10 19 0.0391424

11 19 0.0424479

12 19 0.045586

13 19 0.0485442

14 19 0.0513107

15 19 0.0538748

16 19 0.0562263

17 19 0.0583558

18 19 0.0602551

19 19 0.0619166

20 19 0.0633337

21 19 0.0645008

22 19 0.0654134

23 19 0.0660678

24 19 0.0664615

25 19 0.0665929

26 19 0.0664615

27 19 0.0660678

28 19 0.0654134

29 19 0.0645008

30 19 0.0633337

31 19 0.0619166

32 19 0.0602551

33 19 0.0583558

34 19 0.0562263

35 19 0.0538748

36 19 0.0513107

37 19 0.0485442

38 19 0.045586

39 19 0.0424479

40 19 0.0391424

41 19 0.0356823

42 19 0.0320814

43 19 0.0283539

44 19 0.0245145

45 19 0.0205784

46 19 0.016561

47 19 0.0124783

48 19 0.00834631

49 19 0.00418141

50 19 0

0 20 0

1 20 0.00427711

2 20 0.00853733

3 20 0.0127639

4 20 0.01694

5 20 0.0210493

6 20 0.0250756

7 20 0.0290028

8 20 0.0328157

9 20 0.036499

10 20 0.0400382

11 20 0.0434195

12 20 0.0466293

13 20 0.0496552

14 20 0.0524851

15 20 0.0551079

16 20 0.0575131

17 20 0.0596914

18 20 0.0616342

19 20 0.0633337

20 20 0.0647832

21 20 0.0659771

22 20 0.0669105

23 20 0.06758

24 20 0.0679827

25 20 0.0681171

26 20 0.0679827

27 20 0.06758

28 20 0.0669105

29 20 0.0659771

30 20 0.0647832

31 20 0.0633337

32 20 0.0616342

33 20 0.0596914

34 20 0.0575131

35 20 0.0551079

36 20 0.0524851

37 20 0.0496552

38 20 0.0466293

39 20 0.0434195

40 20 0.0400382

41 20 0.036499

42 20 0.0328157

43 20 0.0290028

44 20 0.0250756

45 20 0.0210493

46 20 0.01694

47 20 0.0127639

48 20 0.00853733

49 20 0.00427711

50 20 0

0 21 0

1 21 0.00435593

2 21 0.00869466

3 21 0.0129991

4 21 0.0172522

5 21 0.0214372

6 21 0.0255377

7 21 0.0295373

8 21 0.0334204

9 21 0.0371716

10 21 0.0407761

11 21 0.0442196

12 21 0.0474887

13 21 0.0505703

14 21 0.0534523

15 21 0.0561234

16 21 0.058573

17 21 0.0607915

18 21 0.06277

19 21 0.0645008

20 21 0.0659771

21 21 0.0671929

22 21 0.0681436

23 21 0.0688254

24 21 0.0692355

25 21 0.0693724

26 21 0.0692355

27 21 0.0688254

28 21 0.0681436

29 21 0.0671929

30 21 0.0659771

31 21 0.0645008

32 21 0.06277

33 21 0.0607915

34 21 0.058573

35 21 0.0561234

36 21 0.0534523

37 21 0.0505703

38 21 0.0474887

39 21 0.0442196

40 21 0.0407761

41 21 0.0371716

42 21 0.0334204

43 21 0.0295373

44 21 0.0255377

45 21 0.0214372

46 21 0.0172522

47 21 0.0129991

48 21 0.00869466

49 21 0.00435593

50 21 0

0 22 0

1 22 0.00441756

2 22 0.00881768

3 22 0.013183

4 22 0.0174963

5 22 0.0217406

6 22 0.025899

7 22 0.0299552

8 22 0.0338932

9 22 0.0376975

10 22 0.041353

11 22 0.0448453

12 22 0.0481606

13 22 0.0512858

14 22 0.0542086

15 22 0.0569175

16 22 0.0594018

17 22 0.0616516

18 22 0.0636581

19 22 0.0654134

20 22 0.0669105

21 22 0.0681436

22 22 0.0691077

23 22 0.0697991

24 22 0.0702151

25 22 0.0703539

26 22 0.0702151

27 22 0.0697991

28 22 0.0691077

29 22 0.0681436

30 22 0.0669105

31 22 0.0654134

32 22 0.0636581

33 22 0.0616516

34 22 0.0594018

35 22 0.0569175

36 22 0.0542086

37 22 0.0512858

38 22 0.0481606

39 22 0.0448453

40 22 0.041353

41 22 0.0376975

42 22 0.0338932

43 22 0.0299552

44 22 0.025899

45 22 0.0217406

46 22 0.0174963

47 22 0.013183

48 22 0.00881768

49 22 0.00441756

50 22 0

0 23 0

1 23 0.00446175

2 23 0.0089059

3 23 0.0133149

4 23 0.0176713

5 23 0.0219581

6 23 0.0261581

7 23 0.0302549

8 23 0.0342323

9 23 0.0380747

10 23 0.0417667

11 23 0.0452939

12 23 0.0486424

13 23 0.0517989

14 23 0.054751

15 23 0.0574869

16 23 0.0599961

17 23 0.0622684

18 23 0.064295

19 23 0.0660678

20 23 0.06758

21 23 0.0688254

22 23 0.0697991

23 23 0.0704975

24 23 0.0709176

25 23 0.0710578

26 23 0.0709176

27 23 0.0704975

28 23 0.0697991

29 23 0.0688254

30 23 0.06758

31 23 0.0660678

32 23 0.064295

33 23 0.0622684

34 23 0.0599961

35 23 0.0574869

36 23 0.054751

37 23 0.0517989

38 23 0.0486424

39 23 0.0452939

40 23 0.0417667

41 23 0.0380747

42 23 0.0342323

43 23 0.0302549

44 23 0.0261581

45 23 0.0219581

46 23 0.0176713

47 23 0.0133149

48 23 0.0089059

49 23 0.00446175

50 23 0

0 24 0

1 24 0.00448834

2 24 0.00895897

3 24 0.0133942

4 24 0.0177767

5 24 0.0220889

6 24 0.026314

7 24 0.0304352

8 24 0.0344363

9 24 0.0383015

10 24 0.0420156

11 24 0.0455638

12 24 0.0489322

13 24 0.0521076

14 24 0.0550772

15 24 0.0578295

16 24 0.0603536

17 24 0.0626395

18 24 0.0646781

19 24 0.0664615

20 24 0.0679827

21 24 0.0692355

22 24 0.0702151

23 24 0.0709176

24 24 0.0713401

25 24 0.0714812

26 24 0.0713401

27 24 0.0709176

28 24 0.0702151

29 24 0.0692355

30 24 0.0679827

31 24 0.0664615

32 24 0.0646781

33 24 0.0626395

34 24 0.0603536

35 24 0.0578295

36 24 0.0550772

37 24 0.0521076

38 24 0.0489322

39 24 0.0455638

40 24 0.0420156

41 24 0.0383015

42 24 0.0344363

43 24 0.0304352

44 24 0.026314

45 24 0.0220889

46 24 0.0177767

47 24 0.0133942

48 24 0.00895897

49 24 0.00448834

50 24 0

0 25 0

1 25 0.00449722

2 25 0.00897668

3 25 0.0134207

4 25 0.0178118

5 25 0.0221326

6 25 0.026366

7 25 0.0304954

8 25 0.0345044

9 25 0.0383773

10 25 0.0420987

11 25 0.0456539

12 25 0.049029

13 25 0.0522106

14 25 0.0551861

15 25 0.0579438

16 25 0.0604729

17 25 0.0627633

18 25 0.064806

19 25 0.0665929

20 25 0.0681171

21 25 0.0693724

22 25 0.0703539

23 25 0.0710578

24 25 0.0714812

25 25 0.0716225

26 25 0.0714812

27 25 0.0710578

28 25 0.0703539

29 25 0.0693724

30 25 0.0681171

31 25 0.0665929

32 25 0.064806

33 25 0.0627633

34 25 0.0604729

35 25 0.0579438

36 25 0.0551861

37 25 0.0522106

38 25 0.049029

39 25 0.0456539

40 25 0.0420987

41 25 0.0383773

42 25 0.0345044

43 25 0.0304954

44 25 0.026366

45 25 0.0221326

46 25 0.0178118

47 25 0.0134207

48 25 0.00897668

49 25 0.00449722

50 25 0

0 26 0

1 26 0.00448834

2 26 0.00895897

3 26 0.0133942

4 26 0.0177767

5 26 0.0220889

6 26 0.026314

7 26 0.0304352

8 26 0.0344363

9 26 0.0383015

10 26 0.0420156

11 26 0.0455638

12 26 0.0489322

13 26 0.0521076

14 26 0.0550772

15 26 0.0578295

16 26 0.0603536

17 26 0.0626395

18 26 0.0646781

19 26 0.0664615

20 26 0.0679827

21 26 0.0692355

22 26 0.0702151

23 26 0.0709176

24 26 0.0713401

25 26 0.0714812

26 26 0.0713401

27 26 0.0709176

28 26 0.0702151

29 26 0.0692355

30 26 0.0679827

31 26 0.0664615

32 26 0.0646781

33 26 0.0626395

34 26 0.0603536

35 26 0.0578295

36 26 0.0550772

37 26 0.0521076

38 26 0.0489322

39 26 0.0455638

40 26 0.0420156

41 26 0.0383015

42 26 0.0344363

43 26 0.0304352

44 26 0.026314

45 26 0.0220889

46 26 0.0177767

47 26 0.0133942

48 26 0.00895897

49 26 0.00448834

50 26 0

0 27 0

1 27 0.00446175

2 27 0.0089059

3 27 0.0133149

4 27 0.0176713

5 27 0.0219581

6 27 0.0261581

7 27 0.0302549

8 27 0.0342323

9 27 0.0380747

10 27 0.0417667

11 27 0.0452939

12 27 0.0486424

13 27 0.0517989

14 27 0.054751

15 27 0.0574869

16 27 0.0599961

17 27 0.0622684

18 27 0.064295

19 27 0.0660678

20 27 0.06758

21 27 0.0688254

22 27 0.0697991

23 27 0.0704975

24 27 0.0709176

25 27 0.0710578

26 27 0.0709176

27 27 0.0704975

28 27 0.0697991

29 27 0.0688254

30 27 0.06758

31 27 0.0660678

32 27 0.064295

33 27 0.0622684

34 27 0.0599961

35 27 0.0574869

36 27 0.054751

37 27 0.0517989

38 27 0.0486424

39 27 0.0452939

40 27 0.0417667

41 27 0.0380747

42 27 0.0342323

43 27 0.0302549

44 27 0.0261581

45 27 0.0219581

46 27 0.0176713

47 27 0.0133149

48 27 0.0089059

49 27 0.00446175

50 27 0

0 28 0

1 28 0.00441756

2 28 0.00881768

3 28 0.013183

4 28 0.0174963

5 28 0.0217406

6 28 0.025899

7 28 0.0299552

8 28 0.0338932

9 28 0.0376975

10 28 0.041353

11 28 0.0448453

12 28 0.0481606

13 28 0.0512858

14 28 0.0542086

15 28 0.0569175

16 28 0.0594018

17 28 0.0616516

18 28 0.0636581

19 28 0.0654134

20 28 0.0669105

21 28 0.0681436

22 28 0.0691077

23 28 0.0697991

24 28 0.0702151

25 28 0.0703539

26 28 0.0702151

27 28 0.0697991

28 28 0.0691077

29 28 0.0681436

30 28 0.0669105

31 28 0.0654134

32 28 0.0636581

33 28 0.0616516

34 28 0.0594018

35 28 0.0569175

36 28 0.0542086

37 28 0.0512858

38 28 0.0481606

39 28 0.0448453

40 28 0.041353

41 28 0.0376975

42 28 0.0338932

43 28 0.0299552

44 28 0.025899

45 28 0.0217406

46 28 0.0174963

47 28 0.013183

48 28 0.00881768

49 28 0.00441756

50 28 0

0 29 0

1 29 0.00435593

2 29 0.00869466

3 29 0.0129991

4 29 0.0172522

5 29 0.0214372

6 29 0.0255377

7 29 0.0295373

8 29 0.0334204

9 29 0.0371716

10 29 0.0407761

11 29 0.0442196

12 29 0.0474887

13 29 0.0505703

14 29 0.0534523

15 29 0.0561234

16 29 0.058573

17 29 0.0607915

18 29 0.06277

19 29 0.0645008

20 29 0.0659771

21 29 0.0671929

22 29 0.0681436

23 29 0.0688254

24 29 0.0692355

25 29 0.0693724

26 29 0.0692355

27 29 0.0688254

28 29 0.0681436

29 29 0.0671929

30 29 0.0659771

31 29 0.0645008

32 29 0.06277

33 29 0.0607915

34 29 0.058573

35 29 0.0561234

36 29 0.0534523

37 29 0.0505703

38 29 0.0474887

39 29 0.0442196

40 29 0.0407761

41 29 0.0371716

42 29 0.0334204

43 29 0.0295373

44 29 0.0255377

45 29 0.0214372

46 29 0.0172522

47 29 0.0129991

48 29 0.00869466

49 29 0.00435593

50 29 0

0 30 0

1 30 0.00427711

2 30 0.00853733

3 30 0.0127639

4 30 0.01694

5 30 0.0210493

6 30 0.0250756

7 30 0.0290028

8 30 0.0328157

9 30 0.036499

10 30 0.0400382

11 30 0.0434195

12 30 0.0466293

13 30 0.0496552

14 30 0.0524851

15 30 0.0551079

16 30 0.0575131

17 30 0.0596914

18 30 0.0616342

19 30 0.0633337

20 30 0.0647832

21 30 0.0659771

22 30 0.0669105

23 30 0.06758

24 30 0.0679827

25 30 0.0681171

26 30 0.0679827

27 30 0.06758

28 30 0.0669105

29 30 0.0659771

30 30 0.0647832

31 30 0.0633337

32 30 0.0616342

33 30 0.0596914

34 30 0.0575131

35 30 0.0551079

36 30 0.0524851

37 30 0.0496552

38 30 0.0466293

39 30 0.0434195

40 30 0.0400382

41 30 0.036499

42 30 0.0328157

43 30 0.0290028

44 30 0.0250756

45 30 0.0210493

46 30 0.01694

47 30 0.0127639

48 30 0.00853733

49 30 0.00427711

50 30 0

0 31 0

1 31 0.00418141

2 31 0.00834631

3 31 0.0124783

4 31 0.016561

5 31 0.0205784

6 31 0.0245145

7 31 0.0283539

8 31 0.0320814

9 31 0.0356823

10 31 0.0391424

11 31 0.0424479

12 31 0.045586

13 31 0.0485442

14 31 0.0513107

15 31 0.0538748

16 31 0.0562263

17 31 0.0583558

18 31 0.0602551

19 31 0.0619166

20 31 0.0633337

21 31 0.0645008

22 31 0.0654134

23 31 0.0660678

24 31 0.0664615

25 31 0.0665929

26 31 0.0664615

27 31 0.0660678

28 31 0.0654134

29 31 0.0645008

30 31 0.0633337

31 31 0.0619166

32 31 0.0602551

33 31 0.0583558

34 31 0.0562263

35 31 0.0538748

36 31 0.0513107

37 31 0.0485442

38 31 0.045586

39 31 0.0424479

40 31 0.0391424

41 31 0.0356823

42 31 0.0320814

43 31 0.0283539

44 31 0.0245145

45 31 0.0205784

46 31 0.016561

47 31 0.0124783

48 31 0.00834631

49 31 0.00418141

50 31 0

0 32 0

1 32 0.0040692

2 32 0.00812235

3 32 0.0121434

4 32 0.0161166

5 32 0.0200262

6 32 0.0238567

7 32 0.0275931

8 32 0.0312205

9 32 0.0347248

10 32 0.038092

11 32 0.0413089

12 32 0.0443628

13 32 0.0472415

14 32 0.0499339

15 32 0.0524292

16 32 0.0547175

17 32 0.0567899

18 32 0.0586382

19 32 0.0602551

20 32 0.0616342

21 32 0.06277

22 32 0.0636581

23 32 0.064295

24 32 0.0646781

25 32 0.064806

26 32 0.0646781

27 32 0.064295

28 32 0.0636581

29 32 0.06277

30 32 0.0616342

31 32 0.0602551

32 32 0.0586382

33 32 0.0567899

34 32 0.0547175

35 32 0.0524292

36 32 0.0499339

37 32 0.0472415

38 32 0.0443628

39 32 0.0413089

40 32 0.038092

41 32 0.0347248

42 32 0.0312205

43 32 0.0275931

44 32 0.0238567

45 32 0.0200262

46 32 0.0161166

47 32 0.0121434

48 32 0.00812235

49 32 0.0040692

50 32 0

0 33 0

1 33 0.00394094

2 33 0.00786633

3 33 0.0117607

4 33 0.0156086

5 33 0.0193949

6 33 0.0231047

7 33 0.0267233

8 33 0.0302365

9 33 0.0336303

10 33 0.0368913

11 33 0.0400068

12 33 0.0429644

13 33 0.0457525

14 33 0.04836

15 33 0.0507766

16 33 0.0529928

17 33 0.0549999

18 33 0.0567899

19 33 0.0583558

20 33 0.0596914

21 33 0.0607915

22 33 0.0616516

23 33 0.0622684

24 33 0.0626395

25 33 0.0627633

26 33 0.0626395

27 33 0.0622684

28 33 0.0616516

29 33 0.0607915

30 33 0.0596914

31 33 0.0583558

32 33 0.0567899

33 33 0.0549999

34 33 0.0529928

35 33 0.0507766

36 33 0.04836

37 33 0.0457525

38 33 0.0429644

39 33 0.0400068

40 33 0.0368913

41 33 0.0336303

42 33 0.0302365

43 33 0.0267233

44 33 0.0231047

45 33 0.0193949

46 33 0.0156086

47 33 0.0117607

48 33 0.00786633

49 33 0.00394094

50 33 0

0 34 0

1 34 0.00379713

2 34 0.00757926

3 34 0.0113315

4 34 0.015039

5 34 0.0186872

6 34 0.0222616

7 34 0.0257481

8 34 0.029133

9 34 0.032403

10 34 0.0355451

11 34 0.0385469

12 34 0.0413966

13 34 0.0440828

14 34 0.0465952

15 34 0.0489236

16 34 0.051059

17 34 0.0529928

18 34 0.0547175

19 34 0.0562263

20 34 0.0575131

21 34 0.058573

22 34 0.0594018

23 34 0.0599961

24 34 0.0603536

25 34 0.0604729

26 34 0.0603536

27 34 0.0599961

28 34 0.0594018

29 34 0.058573

30 34 0.0575131

31 34 0.0562263

32 34 0.0547175

33 34 0.0529928

34 34 0.051059

35 34 0.0489236

36 34 0.0465952

37 34 0.0440828

38 34 0.0413966

39 34 0.0385469

40 34 0.0355451

41 34 0.032403

42 34 0.029133

43 34 0.0257481

44 34 0.0222616

45 34 0.0186872

46 34 0.015039

47 34 0.0113315

48 34 0.00757926

49 34 0.00379713

50 34 0

0 35 0

1 35 0.00363832

2 35 0.00726229

3 35 0.0108576

4 35 0.01441

5 35 0.0179056

6 35 0.0213306

7 35 0.0246713

8 35 0.0279147

9 35 0.0310479

10 35 0.0340585

11 35 0.0369348

12 35 0.0396653

13 35 0.0422392

14 35 0.0446465

15 35 0.0468776

16 35 0.0489236

17 35 0.0507766

18 35 0.0524292

19 35 0.0538748

20 35 0.0551079

21 35 0.0561234

22 35 0.0569175

23 35 0.0574869

24 35 0.0578295

25 35 0.0579438

26 35 0.0578295

27 35 0.0574869

28 35 0.0569175

29 35 0.0561234

30 35 0.0551079

31 35 0.0538748

32 35 0.0524292

33 35 0.0507766

34 35 0.0489236

35 35 0.0468776

36 35 0.0446465

37 35 0.0422392

38 35 0.0396653

39 35 0.0369348

40 35 0.0340585

41 35 0.0310479

42 35 0.0279147

43 35 0.0246713

44 35 0.0213306

45 35 0.0179056

46 35 0.01441

47 35 0.0108576

48 35 0.00726229

49 35 0.00363832

50 35 0

0 36 0

1 36 0.00346516

2 36 0.00691665

3 36 0.0103408

4 36 0.0137242

5 36 0.0170534

6 36 0.0203154

7 36 0.0234971

8 36 0.0265861

9 36 0.0295702

10 36 0.0324376

11 36 0.0351769

12 36 0.0377775

13 36 0.0402289

14 36 0.0425216

15 36 0.0446465

16 36 0.0465952

17 36 0.04836

18 36 0.0499339

19 36 0.0513107

20 36 0.0524851

21 36 0.0534523

22 36 0.0542086

23 36 0.054751

24 36 0.0550772

25 36 0.0551861

26 36 0.0550772

27 36 0.054751

28 36 0.0542086

29 36 0.0534523

30 36 0.0524851

31 36 0.0513107

32 36 0.0499339

33 36 0.04836

34 36 0.0465952

35 36 0.0446465

36 36 0.0425216

37 36 0.0402289

38 36 0.0377775

39 36 0.0351769

40 36 0.0324376

41 36 0.0295702

42 36 0.0265861

43 36 0.0234971

44 36 0.0203154

45 36 0.0170534

46 36 0.0137242

47 36 0.0103408

48 36 0.00691665

49 36 0.00346516

50 36 0

0 37 0

1 37 0.00327833

2 37 0.00654372

3 37 0.00978329

4 37 0.0129842

5 37 0.016134

6 37 0.01922

7 37 0.0222302

8 37 0.0251526

9 37 0.0279758

10 37 0.0306886

11 37 0.0332803

12 37 0.0357406

13 37 0.0380599

14 37 0.0402289

15 37 0.0422392

16 37 0.0440828

17 37 0.0457525

18 37 0.0472415

19 37 0.0485442

20 37 0.0496552

21 37 0.0505703

22 37 0.0512858

23 37 0.0517989

24 37 0.0521076

25 37 0.0522106

26 37 0.0521076

27 37 0.0517989

28 37 0.0512858

29 37 0.0505703

30 37 0.0496552

31 37 0.0485442

32 37 0.0472415

33 37 0.0457525

34 37 0.0440828

35 37 0.0422392

36 37 0.0402289

37 37 0.0380599

38 37 0.0357406

39 37 0.0332803

40 37 0.0306886

41 37 0.0279758

42 37 0.0251526

43 37 0.0222302

44 37 0.01922

45 37 0.016134

46 37 0.0129842

47 37 0.00978329

48 37 0.00654372

49 37 0.00327833

50 37 0

0 38 0

1 38 0.00307856

2 38 0.00614496

3 38 0.00918712

4 38 0.012193

5 38 0.0151508

6 38 0.0180488

7 38 0.0208755

8 38 0.0236199

9 38 0.0262711

10 38 0.0288185

11 38 0.0312523

12 38 0.0335627

13 38 0.0357406

14 38 0.0377775

15 38 0.0396653

16 38 0.0413966

17 38 0.0429644

18 38 0.0443628

19 38 0.045586

20 38 0.0466293

21 38 0.0474887

22 38 0.0481606

23 38 0.0486424

24 38 0.0489322

25 38 0.049029

26 38 0.0489322

27 38 0.0486424

28 38 0.0481606

29 38 0.0474887

30 38 0.0466293

31 38 0.045586

32 38 0.0443628

33 38 0.0429644

34 38 0.0413966

35 38 0.0396653

36 38 0.0377775

37 38 0.0357406

38 38 0.0335627

39 38 0.0312523

40 38 0.0288185

41 38 0.0262711

42 38 0.0236199

43 38 0.0208755

44 38 0.0180488

45 38 0.0151508

46 38 0.012193

47 38 0.00918712

48 38 0.00614496

49 38 0.00307856

50 38 0

0 39 0

1 39 0.00286663

2 39 0.00572195

3 39 0.00855469

4 39 0.0113537

5 39 0.0141078

6 39 0.0168063

7 39 0.0194385

8 39 0.0219939

9 39 0.0244626

10 39 0.0268347

11 39 0.0291009

12 39 0.0312523

13 39 0.0332803

14 39 0.0351769

15 39 0.0369348

16 39 0.0385469

17 39 0.0400068

18 39 0.0413089

19 39 0.0424479

20 39 0.0434195

21 39 0.0442196

22 39 0.0448453

23 39 0.0452939

24 39 0.0455638

25 39 0.0456539

26 39 0.0455638

27 39 0.0452939

28 39 0.0448453

29 39 0.0442196

30 39 0.0434195

31 39 0.0424479

32 39 0.0413089

33 39 0.0400068

34 39 0.0385469

35 39 0.0369348

36 39 0.0351769

37 39 0.0332803

38 39 0.0312523

39 39 0.0291009

40 39 0.0268347

41 39 0.0244626

42 39 0.0219939

43 39 0.0194385

44 39 0.0168063

45 39 0.0141078

46 39 0.0113537

47 39 0.00855469

48 39 0.00572195

49 39 0.00286663

50 39 0

0 40 0

1 40 0.0026434

2 40 0.00527636

3 40 0.0078885

4 40 0.0104695

5 40 0.0130092

6 40 0.0154976

7 40 0.0179247

8 40 0.0202812

9 40 0.0225576

10 40 0.024745

11 40 0.0268347

12 40 0.0288185

13 40 0.0306886

14 40 0.0324376

15 40 0.0340585

16 40 0.0355451

17 40 0.0368913

18 40 0.038092

19 40 0.0391424

20 40 0.0400382

21 40 0.0407761

22 40 0.041353

23 40 0.0417667

24 40 0.0420156

25 40 0.0420987

26 40 0.0420156

27 40 0.0417667

28 40 0.041353

29 40 0.0407761

30 40 0.0400382

31 40 0.0391424

32 40 0.038092

33 40 0.0368913

34 40 0.0355451

35 40 0.0340585

36 40 0.0324376

37 40 0.0306886

38 40 0.0288185

39 40 0.0268347

40 40 0.024745

41 40 0.0225576

42 40 0.0202812

43 40 0.0179247

44 40 0.0154976

45 40 0.0130092

46 40 0.0104695

47 40 0.0078885

48 40 0.00527636

49 40 0.0026434

50 40 0

0 41 0

1 41 0.00240973

2 41 0.00480995

3 41 0.00719118

4 41 0.00954404

5 41 0.0118592

6 41 0.0141276

7 41 0.0163402

8 41 0.0184884

9 41 0.0205636

10 41 0.0225576

11 41 0.0244626

12 41 0.0262711

13 41 0.0279758

14 41 0.0295702

15 41 0.0310479

16 41 0.032403

17 41 0.0336303

18 41 0.0347248

19 41 0.0356823

20 41 0.036499

21 41 0.0371716

22 41 0.0376975

23 41 0.0380747

24 41 0.0383015

25 41 0.0383773

26 41 0.0383015

27 41 0.0380747

28 41 0.0376975

29 41 0.0371716

30 41 0.036499

31 41 0.0356823

32 41 0.0347248

33 41 0.0336303

34 41 0.032403

35 41 0.0310479

36 41 0.0295702

37 41 0.0279758

38 41 0.0262711

39 41 0.0244626

40 41 0.0225576

41 41 0.0205636

42 41 0.0184884

43 41 0.0163402

44 41 0.0141276

45 41 0.0118592

46 41 0.00954404

47 41 0.00719118

48 41 0.00480995

49 41 0.00240973

50 41 0

0 42 0

1 42 0.00216655

2 42 0.00432455

3 42 0.00646548

4 42 0.0085809

5 42 0.0106625

6 42 0.0127019

7 42 0.0146913

8 42 0.0166226

9 42 0.0184884

10 42 0.0202812

11 42 0.0219939

12 42 0.0236199

13 42 0.0251526

14 42 0.0265861

15 42 0.0279147

16 42 0.029133

17 42 0.0302365

18 42 0.0312205

19 42 0.0320814

20 42 0.0328157

21 42 0.0334204

22 42 0.0338932

23 42 0.0342323

24 42 0.0344363

25 42 0.0345044

26 42 0.0344363

27 42 0.0342323

28 42 0.0338932

29 42 0.0334204

30 42 0.0328157

31 42 0.0320814

32 42 0.0312205

33 42 0.0302365

34 42 0.029133

35 42 0.0279147

36 42 0.0265861

37 42 0.0251526

38 42 0.0236199

39 42 0.0219939

40 42 0.0202812

41 42 0.0184884

42 42 0.0166226

43 42 0.0146913

44 42 0.0127019

45 42 0.0106625

46 42 0.0085809

47 42 0.00646548

48 42 0.00432455

49 42 0.00216655

50 42 0

0 43 0

1 43 0.00191482

2 43 0.00382209

3 43 0.00571427

4 43 0.0075839

5 43 0.00942359

6 43 0.0112261

7 43 0.0129843

8 43 0.0146913

9 43 0.0163402

10 43 0.0179247

11 43 0.0194385

12 43 0.0208755

13 43 0.0222302

14 43 0.0234971

15 43 0.0246713

16 43 0.0257481

17 43 0.0267233

18 43 0.0275931

19 43 0.0283539

20 43 0.0290028

21 43 0.0295373

22 43 0.0299552

23 43 0.0302549

24 43 0.0304352

25 43 0.0304954

26 43 0.0304352

27 43 0.0302549

28 43 0.0299552

29 43 0.0295373

30 43 0.0290028

31 43 0.0283539

32 43 0.0275931

33 43 0.0267233

34 43 0.0257481

35 43 0.0246713

36 43 0.0234971

37 43 0.0222302

38 43 0.0208755

39 43 0.0194385

40 43 0.0179247

41 43 0.0163402

42 43 0.0146913

43 43 0.0129843

44 43 0.0112261

45 43 0.00942359

46 43 0.0075839

47 43 0.00571427

48 43 0.00382209

49 43 0.00191482

50 43 0

0 44 0

1 44 0.00165554

2 44 0.00330454

3 44 0.0049405

4 44 0.00655696

5 44 0.00814755

6 44 0.00970598

7 44 0.0112261

8 44 0.0127019

9 44 0.0141276

10 44 0.0154976

11 44 0.0168063

12 44 0.0180488

13 44 0.01922

14 44 0.0203154

15 44 0.0213306

16 44 0.0222616

17 44 0.0231047

18 44 0.0238567

19 44 0.0245145

20 44 0.0250756

21 44 0.0255377

22 44 0.025899

23 44 0.0261581

24 44 0.026314

25 44 0.026366

26 44 0.026314

27 44 0.0261581

28 44 0.025899

29 44 0.0255377

30 44 0.0250756

31 44 0.0245145

32 44 0.0238567

33 44 0.0231047

34 44 0.0222616

35 44 0.0213306

36 44 0.0203154

37 44 0.01922

38 44 0.0180488

39 44 0.0168063

40 44 0.0154976

41 44 0.0141276

42 44 0.0127019

43 44 0.0112261

44 44 0.00970598

45 44 0.00814755

46 44 0.00655696

47 44 0.0049405

48 44 0.00330454

49 44 0.00165554

50 44 0

0 45 0

1 45 0.00138972

2 45 0.00277395

3 45 0.00414723

4 45 0.00550415

5 45 0.00683934

6 45 0.00814755

7 45 0.00942359

8 45 0.0106625

9 45 0.0118592

10 45 0.0130092

11 45 0.0141078

12 45 0.0151508

13 45 0.016134

14 45 0.0170534

15 45 0.0179056

16 45 0.0186872

17 45 0.0193949

18 45 0.0200262

19 45 0.0205784

20 45 0.0210493

21 45 0.0214372

22 45 0.0217406

23 45 0.0219581

24 45 0.0220889

25 45 0.0221326

26 45 0.0220889

27 45 0.0219581

28 45 0.0217406

29 45 0.0214372

30 45 0.0210493

31 45 0.0205784

32 45 0.0200262

33 45 0.0193949

34 45 0.0186872

35 45 0.0179056

36 45 0.0170534

37 45 0.016134

38 45 0.0151508

39 45 0.0141078

40 45 0.0130092

41 45 0.0118592

42 45 0.0106625

43 45 0.00942359

44 45 0.00814755

45 45 0.00683934

46 45 0.00550415

47 45 0.00414723

48 45 0.00277395

49 45 0.00138972

50 45 0

0 46 0

1 46 0.00111841

2 46 0.00223241

3 46 0.0033376

4 46 0.00442961

5 46 0.00550415

6 46 0.00655696

7 46 0.0075839

8 46 0.0085809

9 46 0.00954404

10 46 0.0104695

11 46 0.0113537

12 46 0.012193

13 46 0.0129842

14 46 0.0137242

15 46 0.01441

16 46 0.015039

17 46 0.0156086

18 46 0.0161166

19 46 0.016561

20 46 0.01694

21 46 0.0172522

22 46 0.0174963

23 46 0.0176713

24 46 0.0177767

25 46 0.0178118

26 46 0.0177767

27 46 0.0176713

28 46 0.0174963

29 46 0.0172522

30 46 0.01694

31 46 0.016561

32 46 0.0161166

33 46 0.0156086

34 46 0.015039

35 46 0.01441

36 46 0.0137242

37 46 0.0129842

38 46 0.012193

39 46 0.0113537

40 46 0.0104695

41 46 0.00954404

42 46 0.0085809

43 46 0.0075839

44 46 0.00655696

45 46 0.00550415

46 46 0.00442961

47 46 0.0033376

48 46 0.00223241

49 46 0.00111841

50 46 0

0 47 0

1 47 0.000842694

2 47 0.00168206

3 47 0.00251479

4 47 0.0033376

5 47 0.00414723

6 47 0.0049405

7 47 0.00571427

8 47 0.00646548

9 47 0.00719118

10 47 0.0078885

11 47 0.00855469

12 47 0.00918712

13 47 0.00978329

14 47 0.0103408

15 47 0.0108576

16 47 0.0113315

17 47 0.0117607

18 47 0.0121434

19 47 0.0124783

20 47 0.0127639

21 47 0.0129991

22 47 0.013183

23 47 0.0133149

24 47 0.0133942

25 47 0.0134207

26 47 0.0133942

27 47 0.0133149

28 47 0.013183

29 47 0.0129991

30 47 0.0127639

31 47 0.0124783

32 47 0.0121434

33 47 0.0117607

34 47 0.0113315

35 47 0.0108576

36 47 0.0103408

37 47 0.00978329

38 47 0.00918712

39 47 0.00855469

40 47 0.0078885

41 47 0.00719118

42 47 0.00646548

43 47 0.00571427

44 47 0.0049405

45 47 0.00414723

46 47 0.0033376

47 47 0.00251479

48 47 0.00168206

49 47 0.000842694

50 47 0

0 48 0

1 48 0.000563651

2 48 0.00112508

3 48 0.00168206

4 48 0.00223241

5 48 0.00277395

6 48 0.00330454

7 48 0.00382209

8 48 0.00432455

9 48 0.00480995

10 48 0.00527636

11 48 0.00572195

12 48 0.00614496

13 48 0.00654372

14 48 0.00691665

15 48 0.00726229

16 48 0.00757926

17 48 0.00786633

18 48 0.00812235

19 48 0.00834631

20 48 0.00853733

21 48 0.00869466

22 48 0.00881768

23 48 0.0089059

24 48 0.00895897

25 48 0.00897668

26 48 0.00895897

27 48 0.0089059

28 48 0.00881768

29 48 0.00869466

30 48 0.00853733

31 48 0.00834631

32 48 0.00812235

33 48 0.00786633

34 48 0.00757926

35 48 0.00726229

36 48 0.00691665

37 48 0.00654372

38 48 0.00614496

39 48 0.00572195

40 48 0.00527636

41 48 0.00480995

42 48 0.00432455

43 48 0.00382209

44 48 0.00330454

