0 1 0

1 1 0.000178655

2 1 0.000356604

3 1 0.000533146

4 1 0.000707584

5 1 0.00087923

6 1 0.00104741

7 1 0.00121145

8 1 0.00137071

9 1 0.00152456

10 1 0.00167239

11 1 0.00181363

12 1 0.00194771

13 1 0.0020741

14 1 0.0021923

15 1 0.00230185

16 1 0.00240232

17 1 0.00249331

18 1 0.00257446

19 1 0.00264544

20 1 0.00270599

21 1 0.00275586

22 1 0.00279485

23 1 0.00282281

24 1 0.00283963

25 1 0.00284525

26 1 0.00283963

27 1 0.00282281

28 1 0.00279485

29 1 0.00275586

30 1 0.00270599

31 1 0.00264544

32 1 0.00257446

33 1 0.00249331

34 1 0.00240232

35 1 0.00230185

36 1 0.0021923

37 1 0.0020741

38 1 0.00194771

39 1 0.00181363

40 1 0.00167239

41 1 0.00152456

42 1 0.00137071

43 1 0.00121145

44 1 0.00104741

45 1 0.00087923

46 1 0.000707584

47 1 0.000533146

48 1 0.000356604

49 1 0.000178655

50 1 0

0 2 0

1 2 0.000356604

2 2 0.000711801

3 2 0.00106419

4 2 0.00141238

5 2 0.00175499

6 2 0.00209068

7 2 0.00241811

8 2 0.00273601

9 2 0.0030431

10 2 0.00333819

11 2 0.0036201

12 2 0.00388773

13 2 0.00414001

14 2 0.00437595

15 2 0.00459462

16 2 0.00479516

17 2 0.00497678

18 2 0.00513875

19 2 0.00528045

20 2 0.0054013

21 2 0.00550084

22 2 0.00557867

23 2 0.00563448

24 2 0.00566806

25 2 0.00567927

26 2 0.00566806

27 2 0.00563448

28 2 0.00557867

29 2 0.00550084

30 2 0.0054013

31 2 0.00528045

32 2 0.00513875

33 2 0.00497678

34 2 0.00479516

35 2 0.00459462

36 2 0.00437595

37 2 0.00414001

38 2 0.00388773

39 2 0.0036201

40 2 0.00333819

41 2 0.0030431

42 2 0.00273601

43 2 0.00241811

44 2 0.00209068

45 2 0.00175499

46 2 0.00141238

47 2 0.00106419

48 2 0.000711801

49 2 0.000356604

50 2 0

0 3 0

1 3 0.000533146

2 3 0.00106419

3 3 0.00159103

4 3 0.00211159

5 3 0.00262382

6 3 0.0031257

7 3 0.00361524

8 3 0.00409051

9 3 0.00454964

10 3 0.00499081

11 3 0.00541228

12 3 0.0058124

13 3 0.00618958

14 3 0.00654233

15 3 0.00686926

16 3 0.00716908

17 3 0.00744061

18 3 0.00768277

19 3 0.00789461

20 3 0.0080753

21 3 0.00822411

22 3 0.00834047

23 3 0.00842392

24 3 0.00847412

25 3 0.00849087

26 3 0.00847412

27 3 0.00842392

28 3 0.00834047

29 3 0.00822411

30 3 0.0080753

31 3 0.00789461

32 3 0.00768277

33 3 0.00744061

34 3 0.00716908

35 3 0.00686926

36 3 0.00654233

37 3 0.00618958

38 3 0.0058124

39 3 0.00541228

40 3 0.00499081

41 3 0.00454964

42 3 0.00409051

43 3 0.00361524

44 3 0.0031257

45 3 0.00262382

46 3 0.00211159

47 3 0.00159103

48 3 0.00106419

49 3 0.000533146

50 3 0

0 4 0

1 4 0.000707584

2 4 0.00141238

3 4 0.00211159

4 4 0.00280248

5 4 0.0034823

6 4 0.00414838

7 4 0.00479809

8 4 0.00542887

9 4 0.00603821

10 4 0.00662373

11 4 0.00718311

12 4 0.00771414

13 4 0.00821472

14 4 0.00868289

15 4 0.00911679

16 4 0.0095147

17 4 0.00987507

18 4 0.0101965

19 4 0.0104776

20 4 0.0107174

21 4 0.0109149

22 4 0.0110694

23 4 0.0111801

24 4 0.0112467

25 4 0.011269

26 4 0.0112467

27 4 0.0111801

28 4 0.0110694

29 4 0.0109149

30 4 0.0107174

31 4 0.0104776

32 4 0.0101965

33 4 0.00987507

34 4 0.0095147

35 4 0.00911679

36 4 0.00868289

37 4 0.00821472

38 4 0.00771414

39 4 0.00718311

40 4 0.00662373

41 4 0.00603821

42 4 0.00542887

43 4 0.00479809

44 4 0.00414838

45 4 0.0034823

46 4 0.00280248

47 4 0.00211159

48 4 0.00141238

49 4 0.000707584

50 4 0

0 5 0

1 5 0.00087923

2 5 0.00175499

3 5 0.00262382

4 5 0.0034823

5 5 0.00432704

6 5 0.0051547

7 5 0.00596201

8 5 0.0067458

9 5 0.00750296

10 5 0.00823051

11 5 0.00892559

12 5 0.00958543

13 5 0.0102074

14 5 0.0107892

15 5 0.0113283

16 5 0.0118228

17 5 0.0122706

18 5 0.0126699

19 5 0.0130193

20 5 0.0133173

21 5 0.0135627

22 5 0.0137546

23 5 0.0138922

24 5 0.013975

25 5 0.0140026

26 5 0.013975

27 5 0.0138922

28 5 0.0137546

29 5 0.0135627

30 5 0.0133173

31 5 0.0130193

32 5 0.0126699

33 5 0.0122706

34 5 0.0118228

35 5 0.0113283

36 5 0.0107892

37 5 0.0102074

38 5 0.00958543

39 5 0.00892559

40 5 0.00823051

41 5 0.00750296

42 5 0.0067458

43 5 0.00596201

44 5 0.0051547

45 5 0.00432704

46 5 0.0034823

47 5 0.00262382

48 5 0.00175499

49 5 0.00087923

50 5 0

0 6 0

1 6 0.00104741

2 6 0.00209068

3 6 0.0031257

4 6 0.00414838

5 6 0.0051547

6 6 0.00614067

7 6 0.0071024

8 6 0.00803611

9 6 0.0089381

10 6 0.00980482

11 6 0.0106328

12 6 0.0114189

13 6 0.0121599

14 6 0.0128529

15 6 0.0134952

16 6 0.0140842

17 6 0.0146176

18 6 0.0150934

19 6 0.0155096

20 6 0.0158645

21 6 0.0161569

22 6 0.0163855

23 6 0.0165494

24 6 0.016648

25 6 0.0166809

26 6 0.016648

27 6 0.0165494

28 6 0.0163855

29 6 0.0161569

30 6 0.0158645

31 6 0.0155096

32 6 0.0150934

33 6 0.0146176

34 6 0.0140842

35 6 0.0134952

36 6 0.0128529

37 6 0.0121599

38 6 0.0114189

39 6 0.0106328

40 6 0.00980482

41 6 0.0089381

42 6 0.00803611

43 6 0.0071024

44 6 0.00614067

45 6 0.0051547

46 6 0.00414838

47 6 0.0031257

48 6 0.00209068

49 6 0.00104741

50 6 0

0 7 0

1 7 0.00121145

2 7 0.00241811

3 7 0.00361524

4 7 0.00479809

5 7 0.00596201

6 7 0.0071024

7 7 0.00821476

8 7 0.0092947

9 7 0.010338

10 7 0.0113404

11 7 0.0122981

12 7 0.0132073

13 7 0.0140643

14 7 0.0148659

15 7 0.0156088

16 7 0.01629

17 7 0.016907

18 7 0.0174573

19 7 0.0179386

20 7 0.0183492

21 7 0.0186873

22 7 0.0189517

23 7 0.0191413

24 7 0.0192554

25 7 0.0192935

26 7 0.0192554

27 7 0.0191413

28 7 0.0189517

29 7 0.0186873

30 7 0.0183492

31 7 0.0179386

32 7 0.0174573

33 7 0.016907

34 7 0.01629

35 7 0.0156088

36 7 0.0148659

37 7 0.0140643

38 7 0.0132073

39 7 0.0122981

40 7 0.0113404

41 7 0.010338

42 7 0.0092947

43 7 0.00821476

44 7 0.0071024

45 7 0.00596201

46 7 0.00479809

47 7 0.00361524

48 7 0.00241811

49 7 0.00121145

50 7 0

0 8 0

1 8 0.00137071

2 8 0.00273601

3 8 0.00409051

4 8 0.00542887

5 8 0.0067458

6 8 0.00803611

7 8 0.0092947

8 8 0.0105166

9 8 0.011697

10 8 0.0128313

11 8 0.0139149

12 8 0.0149436

13 8 0.0159133

14 8 0.0168202

15 8 0.0176607

16 8 0.0184316

17 8 0.0191297

18 8 0.0197522

19 8 0.0202969

20 8 0.0207614

21 8 0.021144

22 8 0.0214432

23 8 0.0216577

24 8 0.0217868

25 8 0.0218299

26 8 0.0217868

27 8 0.0216577

28 8 0.0214432

29 8 0.021144

30 8 0.0207614

31 8 0.0202969

32 8 0.0197522

33 8 0.0191297

34 8 0.0184316

35 8 0.0176607

36 8 0.0168202

37 8 0.0159133

38 8 0.0149436

39 8 0.0139149

40 8 0.0128313

41 8 0.011697

42 8 0.0105166

43 8 0.0092947

44 8 0.00803611

45 8 0.0067458

46 8 0.00542887

47 8 0.00409051

48 8 0.00273601

49 8 0.00137071

50 8 0

0 9 0

1 9 0.00152456

2 9 0.0030431

3 9 0.00454964

4 9 0.00603821

5 9 0.00750296

6 9 0.0089381

7 9 0.010338

8 9 0.011697

9 9 0.0130099

10 9 0.0142715

11 9 0.0154767

12 9 0.0166209

13 9 0.0176994

14 9 0.0187081

15 9 0.019643

16 9 0.0205004

17 9 0.0212768

18 9 0.0219693

19 9 0.0225751

20 9 0.0230917

21 9 0.0235173

22 9 0.02385

23 9 0.0240886

24 9 0.0242322

25 9 0.0242801

26 9 0.0242322

27 9 0.0240886

28 9 0.02385

29 9 0.0235173

30 9 0.0230917

31 9 0.0225751

32 9 0.0219693

33 9 0.0212768

34 9 0.0205004

35 9 0.019643

36 9 0.0187081

37 9 0.0176994

38 9 0.0166209

39 9 0.0154767

40 9 0.0142715

41 9 0.0130099

42 9 0.011697

43 9 0.010338

44 9 0.0089381

45 9 0.00750296

46 9 0.00603821

47 9 0.00454964

48 9 0.0030431

49 9 0.00152456

50 9 0

0 10 0

1 10 0.00167239

2 10 0.00333819

3 10 0.00499081

4 10 0.00662373

5 10 0.00823051

6 10 0.00980482

7 10 0.0113404

8 10 0.0128313

9 10 0.0142715

10 10 0.0156554

11 10 0.0169775

12 10 0.0182326

13 10 0.0194157

14 10 0.0205222

15 10 0.0215478

16 10 0.0224883

17 10 0.02334

18 10 0.0240996

19 10 0.0247641

20 10 0.0253309

21 10 0.0257977

22 10 0.0261627

23 10 0.0264245

24 10 0.0265819

25 10 0.0266345

26 10 0.0265819

27 10 0.0264245

28 10 0.0261627

29 10 0.0257977

30 10 0.0253309

31 10 0.0247641

32 10 0.0240996

33 10 0.02334

34 10 0.0224883

35 10 0.0215478

36 10 0.0205222

37 10 0.0194157

38 10 0.0182326

39 10 0.0169775

40 10 0.0156554

41 10 0.0142715

42 10 0.0128313

43 10 0.0113404

44 10 0.00980482

45 10 0.00823051

46 10 0.00662373

47 10 0.00499081

48 10 0.00333819

49 10 0.00167239

50 10 0

0 11 0

1 11 0.00181363

2 11 0.0036201

3 11 0.00541228

4 11 0.00718311

5 11 0.00892559

6 11 0.0106328

7 11 0.0122981

8 11 0.0139149

9 11 0.0154767

10 11 0.0169775

11 11 0.0184112

12 11 0.0197723

13 11 0.0210554

14 11 0.0222554

15 11 0.0233675

16 11 0.0243874

17 11 0.0253111

18 11 0.0261348

19 11 0.0268555

20 11 0.0274701

21 11 0.0279764

22 11 0.0283722

23 11 0.028656

24 11 0.0288268

25 11 0.0288838

26 11 0.0288268

27 11 0.028656

28 11 0.0283722

29 11 0.0279764

30 11 0.0274701

31 11 0.0268555

32 11 0.0261348

33 11 0.0253111

34 11 0.0243874

35 11 0.0233675

36 11 0.0222554

37 11 0.0210554

38 11 0.0197723

39 11 0.0184112

40 11 0.0169775

41 11 0.0154767

42 11 0.0139149

43 11 0.0122981

44 11 0.0106328

45 11 0.00892559

46 11 0.00718311

47 11 0.00541228

48 11 0.0036201

49 11 0.00181363

50 11 0

0 12 0

1 12 0.00194771

2 12 0.00388773

3 12 0.0058124

4 12 0.00771414

5 12 0.00958543

6 12 0.0114189

7 12 0.0132073

8 12 0.0149436

9 12 0.0166209

10 12 0.0182326

11 12 0.0197723

12 12 0.021234

13 12 0.022612

14 12 0.0239006

15 12 0.025095

16 12 0.0261903

17 12 0.0271823

18 12 0.0280669

19 12 0.0288408

20 12 0.0295009

21 12 0.0300446

22 12 0.0304697

23 12 0.0307745

24 12 0.0309579

25 12 0.0310191

26 12 0.0309579

27 12 0.0307745

28 12 0.0304697

29 12 0.0300446

30 12 0.0295009

31 12 0.0288408

32 12 0.0280669

33 12 0.0271823

34 12 0.0261903

35 12 0.025095

36 12 0.0239006

37 12 0.022612

38 12 0.021234

39 12 0.0197723

40 12 0.0182326

41 12 0.0166209

42 12 0.0149436

43 12 0.0132073

44 12 0.0114189

45 12 0.00958543

46 12 0.00771414

47 12 0.0058124

48 12 0.00388773

49 12 0.00194771

50 12 0

0 13 0

1 13 0.0020741

2 13 0.00414001

3 13 0.00618958

4 13 0.00821472

5 13 0.0102074

6 13 0.0121599

7 13 0.0140643

8 13 0.0159133

9 13 0.0176994

10 13 0.0194157

11 13 0.0210554

12 13 0.022612

13 13 0.0240793

14 13 0.0254516

15 13 0.0267234

16 13 0.0278898

17 13 0.0289462

18 13 0.0298882

19 13 0.0307124

20 13 0.0314153

21 13 0.0319942

22 13 0.0324469

23 13 0.0327715

24 13 0.0329668

25 13 0.033032

26 13 0.0329668

27 13 0.0327715

28 13 0.0324469

29 13 0.0319942

30 13 0.0314153

31 13 0.0307124

32 13 0.0298882

33 13 0.0289462

34 13 0.0278898

35 13 0.0267234

36 13 0.0254516

37 13 0.0240793

38 13 0.022612

39 13 0.0210554

40 13 0.0194157

41 13 0.0176994

42 13 0.0159133

43 13 0.0140643

44 13 0.0121599

45 13 0.0102074

46 13 0.00821472

47 13 0.00618958

48 13 0.00414001

49 13 0.0020741

50 13 0

0 14 0

1 14 0.0021923

2 14 0.00437595

3 14 0.00654233

4 14 0.00868289

5 14 0.0107892

6 14 0.0128529

7 14 0.0148659

8 14 0.0168202

9 14 0.0187081

10 14 0.0205222

11 14 0.0222554

12 14 0.0239006

13 14 0.0254516

14 14 0.0269021

15 14 0.0282464

16 14 0.0294793

17 14 0.0305958

18 14 0.0315916

19 14 0.0324627

20 14 0.0332057

21 14 0.0338176

22 14 0.0342961

23 14 0.0346392

24 14 0.0348456

25 14 0.0349145

26 14 0.0348456

27 14 0.0346392

28 14 0.0342961

29 14 0.0338176

30 14 0.0332057

31 14 0.0324627

32 14 0.0315916

33 14 0.0305958

34 14 0.0294793

35 14 0.0282464

36 14 0.0269021

37 14 0.0254516

38 14 0.0239006

39 14 0.0222554

40 14 0.0205222

41 14 0.0187081

42 14 0.0168202

43 14 0.0148659

44 14 0.0128529

45 14 0.0107892

46 14 0.00868289

47 14 0.00654233

48 14 0.00437595

49 14 0.0021923

50 14 0

0 15 0

1 15 0.00230185

2 15 0.00459462

3 15 0.00686926

4 15 0.00911679

5 15 0.0113283

6 15 0.0134952

7 15 0.0156088

8 15 0.0176607

9 15 0.019643

10 15 0.0215478

11 15 0.0233675

12 15 0.025095

13 15 0.0267234

14 15 0.0282464

15 15 0.029658

16 15 0.0309524

17 15 0.0321247

18 15 0.0331703

19 15 0.0340849

20 15 0.034865

21 15 0.0355075

22 15 0.0360099

23 15 0.0363702

24 15 0.0365869

25 15 0.0366593

26 15 0.0365869

27 15 0.0363702

28 15 0.0360099

29 15 0.0355075

30 15 0.034865

31 15 0.0340849

32 15 0.0331703

33 15 0.0321247

34 15 0.0309524

35 15 0.029658

36 15 0.0282464

37 15 0.0267234

38 15 0.025095

39 15 0.0233675

40 15 0.0215478

41 15 0.019643

42 15 0.0176607

43 15 0.0156088

44 15 0.0134952

45 15 0.0113283

46 15 0.00911679

47 15 0.00686926

48 15 0.00459462

49 15 0.00230185

50 15 0

0 16 0

1 16 0.00240232

2 16 0.00479516

3 16 0.00716908

4 16 0.0095147

5 16 0.0118228

6 16 0.0140842

7 16 0.01629

8 16 0.0184316

9 16 0.0205004

10 16 0.0224883

11 16 0.0243874

12 16 0.0261903

13 16 0.0278898

14 16 0.0294793

15 16 0.0309524

16 16 0.0323034

17 16 0.0335269

18 16 0.0346181

19 16 0.0355726

20 16 0.0363868

21 16 0.0370573

22 16 0.0375816

23 16 0.0379576

24 16 0.0381838

25 16 0.0382593

26 16 0.0381838

27 16 0.0379576

28 16 0.0375816

29 16 0.0370573

30 16 0.0363868

31 16 0.0355726

32 16 0.0346181

33 16 0.0335269

34 16 0.0323034

35 16 0.0309524

36 16 0.0294793

37 16 0.0278898

38 16 0.0261903

39 16 0.0243874

40 16 0.0224883

41 16 0.0205004

42 16 0.0184316

43 16 0.01629

44 16 0.0140842

45 16 0.0118228

46 16 0.0095147

47 16 0.00716908

48 16 0.00479516

49 16 0.00240232

50 16 0

0 17 0

1 17 0.00249331

2 17 0.00497678

3 17 0.00744061

4 17 0.00987507

5 17 0.0122706

6 17 0.0146176

7 17 0.016907

8 17 0.0191297

9 17 0.0212768

10 17 0.02334

11 17 0.0253111

12 17 0.0271823

13 17 0.0289462

14 17 0.0305958

15 17 0.0321247

16 17 0.0335269

17 17 0.0347967

18 17 0.0359292

19 17 0.0369199

20 17 0.0377649

21 17 0.0384609

22 17 0.039005

23 17 0.0393953

24 17 0.03963

25 17 0.0397084

26 17 0.03963

27 17 0.0393953

28 17 0.039005

29 17 0.0384609

30 17 0.0377649

31 17 0.0369199

32 17 0.0359292

33 17 0.0347967

34 17 0.0335269

35 17 0.0321247

36 17 0.0305958

37 17 0.0289462

38 17 0.0271823

39 17 0.0253111

40 17 0.02334

41 17 0.0212768

42 17 0.0191297

43 17 0.016907

44 17 0.0146176

45 17 0.0122706

46 17 0.00987507

47 17 0.00744061

48 17 0.00497678

49 17 0.00249331

50 17 0

0 18 0

1 18 0.00257446

2 18 0.00513875

3 18 0.00768277

4 18 0.0101965

5 18 0.0126699

6 18 0.0150934

7 18 0.0174573

8 18 0.0197522

9 18 0.0219693

10 18 0.0240996

11 18 0.0261348

12 18 0.0280669

13 18 0.0298882

14 18 0.0315916

15 18 0.0331703

16 18 0.0346181

17 18 0.0359292

18 18 0.0370986

19 18 0.0381215

20 18 0.038994

21 18 0.0397126

22 18 0.0402745

23 18 0.0406774

24 18 0.0409198

25 18 0.0410007

26 18 0.0409198

27 18 0.0406774

28 18 0.0402745

29 18 0.0397126

30 18 0.038994

31 18 0.0381215

32 18 0.0370986

33 18 0.0359292

34 18 0.0346181

35 18 0.0331703

36 18 0.0315916

37 18 0.0298882

38 18 0.0280669

39 18 0.0261348

40 18 0.0240996

41 18 0.0219693

42 18 0.0197522

43 18 0.0174573

44 18 0.0150934

45 18 0.0126699

46 18 0.0101965

47 18 0.00768277

48 18 0.00513875

49 18 0.00257446

50 18 0

0 19 0

1 19 0.00264544

2 19 0.00528045

3 19 0.00789461

4 19 0.0104776

5 19 0.0130193

6 19 0.0155096

7 19 0.0179386

8 19 0.0202969

9 19 0.0225751

10 19 0.0247641

11 19 0.0268555

12 19 0.0288408

13 19 0.0307124

14 19 0.0324627

15 19 0.0340849

16 19 0.0355726

17 19 0.0369199

18 19 0.0381215

19 19 0.0391727

20 19 0.0400692

21 19 0.0408076

22 19 0.041385

23 19 0.041799

24 19 0.0420481

25 19 0.0421313

26 19 0.0420481

27 19 0.041799

28 19 0.041385

29 19 0.0408076

30 19 0.0400692

31 19 0.0391727

32 19 0.0381215

33 19 0.0369199

34 19 0.0355726

35 19 0.0340849

36 19 0.0324627

37 19 0.0307124

38 19 0.0288408

39 19 0.0268555

40 19 0.0247641

41 19 0.0225751

42 19 0.0202969

43 19 0.0179386

44 19 0.0155096

45 19 0.0130193

46 19 0.0104776

47 19 0.00789461

48 19 0.00528045

49 19 0.00264544

50 19 0

0 20 0

1 20 0.00270599

2 20 0.0054013

3 20 0.0080753

4 20 0.0107174

5 20 0.0133173

6 20 0.0158645

7 20 0.0183492

8 20 0.0207614

9 20 0.0230917

10 20 0.0253309

11 20 0.0274701

12 20 0.0295009

13 20 0.0314153

14 20 0.0332057

15 20 0.034865

16 20 0.0363868

17 20 0.0377649

18 20 0.038994

19 20 0.0400692

20 20 0.0409863

21 20 0.0417416

22 20 0.0423322

23 20 0.0427557

24 20 0.0430105

25 20 0.0430955

26 20 0.0430105

27 20 0.0427557

28 20 0.0423322

29 20 0.0417416

30 20 0.0409863

31 20 0.0400692

32 20 0.038994

33 20 0.0377649

34 20 0.0363868

35 20 0.034865

36 20 0.0332057

37 20 0.0314153

38 20 0.0295009

39 20 0.0274701

40 20 0.0253309

41 20 0.0230917

42 20 0.0207614

43 20 0.0183492

44 20 0.0158645

45 20 0.0133173

46 20 0.0107174

47 20 0.0080753

48 20 0.0054013

49 20 0.00270599

50 20 0

0 21 0

1 21 0.00275586

2 21 0.00550084

3 21 0.00822411

4 21 0.0109149

5 21 0.0135627

6 21 0.0161569

7 21 0.0186873

8 21 0.021144

9 21 0.0235173

10 21 0.0257977

11 21 0.0279764

12 21 0.0300446

13 21 0.0319942

14 21 0.0338176

15 21 0.0355075

16 21 0.0370573

17 21 0.0384609

18 21 0.0397126

19 21 0.0408076

20 21 0.0417416

21 21 0.0425108

22 21 0.0431123

23 21 0.0435436

24 21 0.0438031

25 21 0.0438897

26 21 0.0438031

27 21 0.0435436

28 21 0.0431123

29 21 0.0425108

30 21 0.0417416

31 21 0.0408076

32 21 0.0397126

33 21 0.0384609

34 21 0.0370573

35 21 0.0355075

36 21 0.0338176

37 21 0.0319942

38 21 0.0300446

39 21 0.0279764

40 21 0.0257977

41 21 0.0235173

42 21 0.021144

43 21 0.0186873

44 21 0.0161569

45 21 0.0135627

46 21 0.0109149

47 21 0.00822411

48 21 0.00550084

49 21 0.00275586

50 21 0

0 22 0

1 22 0.00279485

2 22 0.00557867

3 22 0.00834047

4 22 0.0110694

5 22 0.0137546

6 22 0.0163855

7 22 0.0189517

8 22 0.0214432

9 22 0.02385

10 22 0.0261627

11 22 0.0283722

12 22 0.0304697

13 22 0.0324469

14 22 0.0342961

15 22 0.0360099

16 22 0.0375816

17 22 0.039005

18 22 0.0402745

19 22 0.041385

20 22 0.0423322

21 22 0.0431123

22 22 0.0437223

23 22 0.0441597

24 22 0.0444229

25 22 0.0445107

26 22 0.0444229

27 22 0.0441597

28 22 0.0437223

29 22 0.0431123

30 22 0.0423322

31 22 0.041385

32 22 0.0402745

33 22 0.039005

34 22 0.0375816

35 22 0.0360099

36 22 0.0342961

37 22 0.0324469

38 22 0.0304697

39 22 0.0283722

40 22 0.0261627

41 22 0.02385

42 22 0.0214432

43 22 0.0189517

44 22 0.0163855

45 22 0.0137546

46 22 0.0110694

47 22 0.00834047

48 22 0.00557867

49 22 0.00279485

50 22 0

0 23 0

1 23 0.00282281

2 23 0.00563448

3 23 0.00842392

4 23 0.0111801

5 23 0.0138922

6 23 0.0165494

7 23 0.0191413

8 23 0.0216577

9 23 0.0240886

10 23 0.0264245

11 23 0.028656

12 23 0.0307745

13 23 0.0327715

14 23 0.0346392

15 23 0.0363702

16 23 0.0379576

17 23 0.0393953

18 23 0.0406774

19 23 0.041799

20 23 0.0427557

21 23 0.0435436

22 23 0.0441597

23 23 0.0446015

24 23 0.0448673

25 23 0.044956

26 23 0.0448673

27 23 0.0446015

28 23 0.0441597

29 23 0.0435436

30 23 0.0427557

31 23 0.041799

32 23 0.0406774

33 23 0.0393953

34 23 0.0379576

35 23 0.0363702

36 23 0.0346392

37 23 0.0327715

38 23 0.0307745

39 23 0.028656

40 23 0.0264245

41 23 0.0240886

42 23 0.0216577

43 23 0.0191413

44 23 0.0165494

45 23 0.0138922

46 23 0.0111801

47 23 0.00842392

48 23 0.00563448

49 23 0.00282281

50 23 0

0 24 0

1 24 0.00283963

2 24 0.00566806

3 24 0.00847412

4 24 0.0112467

5 24 0.013975

6 24 0.016648

7 24 0.0192554

8 24 0.0217868

9 24 0.0242322

10 24 0.0265819

11 24 0.0288268

12 24 0.0309579

13 24 0.0329668

14 24 0.0348456

15 24 0.0365869

16 24 0.0381838

17 24 0.03963

18 24 0.0409198

19 24 0.0420481

20 24 0.0430105

21 24 0.0438031

22 24 0.0444229

23 24 0.0448673

24 24 0.0451347

25 24 0.0452239

26 24 0.0451347

27 24 0.0448673

28 24 0.0444229

29 24 0.0438031

30 24 0.0430105

31 24 0.0420481

32 24 0.0409198

33 24 0.03963

34 24 0.0381838

35 24 0.0365869

36 24 0.0348456

37 24 0.0329668

38 24 0.0309579

39 24 0.0288268

40 24 0.0265819

41 24 0.0242322

42 24 0.0217868

43 24 0.0192554

44 24 0.016648

45 24 0.013975

46 24 0.0112467

47 24 0.00847412

48 24 0.00566806

49 24 0.00283963

50 24 0

0 25 0

1 25 0.00284525

2 25 0.00567927

3 25 0.00849087

4 25 0.011269

5 25 0.0140026

6 25 0.0166809

7 25 0.0192935

8 25 0.0218299

9 25 0.0242801

10 25 0.0266345

11 25 0.0288838

12 25 0.0310191

13 25 0.033032

14 25 0.0349145

15 25 0.0366593

16 25 0.0382593

17 25 0.0397084

18 25 0.0410007

19 25 0.0421313

20 25 0.0430955

21 25 0.0438897

22 25 0.0445107

23 25 0.044956

24 25 0.0452239

25 25 0.0453133

26 25 0.0452239

27 25 0.044956

28 25 0.0445107

29 25 0.0438897

30 25 0.0430955

31 25 0.0421313

32 25 0.0410007

33 25 0.0397084

34 25 0.0382593

35 25 0.0366593

36 25 0.0349145

37 25 0.033032

38 25 0.0310191

39 25 0.0288838

40 25 0.0266345

41 25 0.0242801

42 25 0.0218299

43 25 0.0192935

44 25 0.0166809

45 25 0.0140026

46 25 0.011269

47 25 0.00849087

48 25 0.00567927

49 25 0.00284525

50 25 0

0 26 0

1 26 0.00283963

2 26 0.00566806

3 26 0.00847412

4 26 0.0112467

5 26 0.013975

6 26 0.016648

7 26 0.0192554

8 26 0.0217868

9 26 0.0242322

10 26 0.0265819

11 26 0.0288268

12 26 0.0309579

13 26 0.0329668

14 26 0.0348456

15 26 0.0365869

16 26 0.0381838

17 26 0.03963

18 26 0.0409198

19 26 0.0420481

20 26 0.0430105

21 26 0.0438031

22 26 0.0444229

23 26 0.0448673

24 26 0.0451347

25 26 0.0452239

26 26 0.0451347

27 26 0.0448673

28 26 0.0444229

29 26 0.0438031

30 26 0.0430105

31 26 0.0420481

32 26 0.0409198

33 26 0.03963

34 26 0.0381838

35 26 0.0365869

36 26 0.0348456

37 26 0.0329668

38 26 0.0309579

39 26 0.0288268

40 26 0.0265819

41 26 0.0242322

42 26 0.0217868

43 26 0.0192554

44 26 0.016648

45 26 0.013975

46 26 0.0112467

47 26 0.00847412

48 26 0.00566806

49 26 0.00283963

50 26 0

0 27 0

1 27 0.00282281

2 27 0.00563448

3 27 0.00842392

4 27 0.0111801

5 27 0.0138922

6 27 0.0165494

7 27 0.0191413

8 27 0.0216577

9 27 0.0240886

10 27 0.0264245

11 27 0.028656

12 27 0.0307745

13 27 0.0327715

14 27 0.0346392

15 27 0.0363702

16 27 0.0379576

17 27 0.0393953

18 27 0.0406774

19 27 0.041799

20 27 0.0427557

21 27 0.0435436

22 27 0.0441597

23 27 0.0446015

24 27 0.0448673

25 27 0.044956

26 27 0.0448673

27 27 0.0446015

28 27 0.0441597

29 27 0.0435436

30 27 0.0427557

31 27 0.041799

32 27 0.0406774

33 27 0.0393953

34 27 0.0379576

35 27 0.0363702

36 27 0.0346392

37 27 0.0327715

38 27 0.0307745

39 27 0.028656

40 27 0.0264245

41 27 0.0240886

42 27 0.0216577

43 27 0.0191413

44 27 0.0165494

45 27 0.0138922

46 27 0.0111801

47 27 0.00842392

48 27 0.00563448

49 27 0.00282281

50 27 0

0 28 0

1 28 0.00279485

2 28 0.00557867

3 28 0.00834047

4 28 0.0110694

5 28 0.0137546

6 28 0.0163855

7 28 0.0189517

8 28 0.0214432

9 28 0.02385

10 28 0.0261627

11 28 0.0283722

12 28 0.0304697

13 28 0.0324469

14 28 0.0342961

15 28 0.0360099

16 28 0.0375816

17 28 0.039005

18 28 0.0402745

19 28 0.041385

20 28 0.0423322

21 28 0.0431123

22 28 0.0437223

23 28 0.0441597

24 28 0.0444229

25 28 0.0445107

26 28 0.0444229

27 28 0.0441597

28 28 0.0437223

29 28 0.0431123

30 28 0.0423322

31 28 0.041385

32 28 0.0402745

33 28 0.039005

34 28 0.0375816

35 28 0.0360099

36 28 0.0342961

37 28 0.0324469

38 28 0.0304697

39 28 0.0283722

40 28 0.0261627

41 28 0.02385

42 28 0.0214432

43 28 0.0189517

44 28 0.0163855

45 28 0.0137546

46 28 0.0110694

47 28 0.00834047

48 28 0.00557867

49 28 0.00279485

50 28 0

0 29 0

1 29 0.00275586

2 29 0.00550084

3 29 0.00822411

4 29 0.0109149

5 29 0.0135627

6 29 0.0161569

7 29 0.0186873

8 29 0.021144

9 29 0.0235173

10 29 0.0257977

11 29 0.0279764

12 29 0.0300446

13 29 0.0319942

14 29 0.0338176

15 29 0.0355075

16 29 0.0370573

17 29 0.0384609

18 29 0.0397126

19 29 0.0408076

20 29 0.0417416

21 29 0.0425108

22 29 0.0431123

23 29 0.0435436

24 29 0.0438031

25 29 0.0438897

26 29 0.0438031

27 29 0.0435436

28 29 0.0431123

29 29 0.0425108

30 29 0.0417416

31 29 0.0408076

32 29 0.0397126

33 29 0.0384609

34 29 0.0370573

35 29 0.0355075

36 29 0.0338176

37 29 0.0319942

38 29 0.0300446

39 29 0.0279764

40 29 0.0257977

41 29 0.0235173

42 29 0.021144

43 29 0.0186873

44 29 0.0161569

45 29 0.0135627

46 29 0.0109149

47 29 0.00822411

48 29 0.00550084

49 29 0.00275586

50 29 0

0 30 0

1 30 0.00270599

2 30 0.0054013

3 30 0.0080753

4 30 0.0107174

5 30 0.0133173

6 30 0.0158645

7 30 0.0183492

8 30 0.0207614

9 30 0.0230917

10 30 0.0253309

11 30 0.0274701

12 30 0.0295009

13 30 0.0314153

14 30 0.0332057

15 30 0.034865

16 30 0.0363868

17 30 0.0377649

18 30 0.038994

19 30 0.0400692

20 30 0.0409863

21 30 0.0417416

22 30 0.0423322

23 30 0.0427557

24 30 0.0430105

25 30 0.0430955

26 30 0.0430105

27 30 0.0427557

28 30 0.0423322

29 30 0.0417416

30 30 0.0409863

31 30 0.0400692

32 30 0.038994

33 30 0.0377649

34 30 0.0363868

35 30 0.034865

36 30 0.0332057

37 30 0.0314153

38 30 0.0295009

39 30 0.0274701

40 30 0.0253309

41 30 0.0230917

42 30 0.0207614

43 30 0.0183492

44 30 0.0158645

45 30 0.0133173

46 30 0.0107174

47 30 0.0080753

48 30 0.0054013

49 30 0.00270599

50 30 0

0 31 0

1 31 0.00264544

2 31 0.00528045

3 31 0.00789461

4 31 0.0104776

5 31 0.0130193

6 31 0.0155096

7 31 0.0179386

8 31 0.0202969

9 31 0.0225751

10 31 0.0247641

11 31 0.0268555

12 31 0.0288408

13 31 0.0307124

14 31 0.0324627

15 31 0.0340849

16 31 0.0355726

17 31 0.0369199

18 31 0.0381215

19 31 0.0391727

20 31 0.0400692

21 31 0.0408076

22 31 0.041385

23 31 0.041799

24 31 0.0420481

25 31 0.0421313

26 31 0.0420481

27 31 0.041799

28 31 0.041385

29 31 0.0408076

30 31 0.0400692

31 31 0.0391727

32 31 0.0381215

33 31 0.0369199

34 31 0.0355726

35 31 0.0340849

36 31 0.0324627

37 31 0.0307124

38 31 0.0288408

39 31 0.0268555

40 31 0.0247641

41 31 0.0225751

42 31 0.0202969

43 31 0.0179386

44 31 0.0155096

45 31 0.0130193

46 31 0.0104776

47 31 0.00789461

48 31 0.00528045

49 31 0.00264544

50 31 0

0 32 0

1 32 0.00257446

2 32 0.00513875

3 32 0.00768277

4 32 0.0101965

5 32 0.0126699

6 32 0.0150934

7 32 0.0174573

8 32 0.0197522

9 32 0.0219693

10 32 0.0240996

11 32 0.0261348

12 32 0.0280669

13 32 0.0298882

14 32 0.0315916

15 32 0.0331703

16 32 0.0346181

17 32 0.0359292

18 32 0.0370986

19 32 0.0381215

20 32 0.038994

21 32 0.0397126

22 32 0.0402745

23 32 0.0406774

24 32 0.0409198

25 32 0.0410007

26 32 0.0409198

27 32 0.0406774

28 32 0.0402745

29 32 0.0397126

30 32 0.038994

31 32 0.0381215

32 32 0.0370986

33 32 0.0359292

34 32 0.0346181

35 32 0.0331703

36 32 0.0315916

37 32 0.0298882

38 32 0.0280669

39 32 0.0261348

40 32 0.0240996

41 32 0.0219693

42 32 0.0197522

43 32 0.0174573

44 32 0.0150934

45 32 0.0126699

46 32 0.0101965

47 32 0.00768277

48 32 0.00513875

49 32 0.00257446

50 32 0

0 33 0

1 33 0.00249331

2 33 0.00497678

3 33 0.00744061

4 33 0.00987507

5 33 0.0122706

6 33 0.0146176

7 33 0.016907

8 33 0.0191297

9 33 0.0212768

10 33 0.02334

11 33 0.0253111

12 33 0.0271823

13 33 0.0289462

14 33 0.0305958

15 33 0.0321247

16 33 0.0335269

17 33 0.0347967

18 33 0.0359292

19 33 0.0369199

20 33 0.0377649

21 33 0.0384609

22 33 0.039005

23 33 0.0393953

24 33 0.03963

25 33 0.0397084

26 33 0.03963

27 33 0.0393953

28 33 0.039005

29 33 0.0384609

30 33 0.0377649

31 33 0.0369199

32 33 0.0359292

33 33 0.0347967

34 33 0.0335269

35 33 0.0321247

36 33 0.0305958

37 33 0.0289462

38 33 0.0271823

39 33 0.0253111

40 33 0.02334

41 33 0.0212768

42 33 0.0191297

43 33 0.016907

44 33 0.0146176

45 33 0.0122706

46 33 0.00987507

47 33 0.00744061

48 33 0.00497678

49 33 0.00249331

50 33 0

0 34 0

1 34 0.00240232

2 34 0.00479516

3 34 0.00716908

4 34 0.0095147

5 34 0.0118228

6 34 0.0140842

7 34 0.01629

8 34 0.0184316

9 34 0.0205004

10 34 0.0224883

11 34 0.0243874

12 34 0.0261903

13 34 0.0278898

14 34 0.0294793

15 34 0.0309524

16 34 0.0323034

17 34 0.0335269

18 34 0.0346181

19 34 0.0355726

20 34 0.0363868

21 34 0.0370573

22 34 0.0375816

23 34 0.0379576

24 34 0.0381838

25 34 0.0382593

26 34 0.0381838

27 34 0.0379576

28 34 0.0375816

29 34 0.0370573

30 34 0.0363868

31 34 0.0355726

32 34 0.0346181

33 34 0.0335269

34 34 0.0323034

35 34 0.0309524

36 34 0.0294793

37 34 0.0278898

38 34 0.0261903

39 34 0.0243874

40 34 0.0224883

41 34 0.0205004

42 34 0.0184316

43 34 0.01629

44 34 0.0140842

45 34 0.0118228

46 34 0.0095147

47 34 0.00716908

48 34 0.00479516

49 34 0.00240232

50 34 0

0 35 0

1 35 0.00230185

2 35 0.00459462

3 35 0.00686926

4 35 0.00911679

5 35 0.0113283

6 35 0.0134952

7 35 0.0156088

8 35 0.0176607

9 35 0.019643

10 35 0.0215478

11 35 0.0233675

12 35 0.025095

13 35 0.0267234

14 35 0.0282464

15 35 0.029658

16 35 0.0309524

17 35 0.0321247

18 35 0.0331703

19 35 0.0340849

20 35 0.034865

21 35 0.0355075

22 35 0.0360099

23 35 0.0363702

24 35 0.0365869

25 35 0.0366593

26 35 0.0365869

27 35 0.0363702

28 35 0.0360099

29 35 0.0355075

30 35 0.034865

31 35 0.0340849

32 35 0.0331703

33 35 0.0321247

34 35 0.0309524

35 35 0.029658

36 35 0.0282464

37 35 0.0267234

38 35 0.025095

39 35 0.0233675

40 35 0.0215478

41 35 0.019643

42 35 0.0176607

43 35 0.0156088

44 35 0.0134952

45 35 0.0113283

46 35 0.00911679

47 35 0.00686926

48 35 0.00459462

49 35 0.00230185

50 35 0

0 36 0

1 36 0.0021923

2 36 0.00437595

3 36 0.00654233

4 36 0.00868289

5 36 0.0107892

6 36 0.0128529

7 36 0.0148659

8 36 0.0168202

9 36 0.0187081

10 36 0.0205222

11 36 0.0222554

12 36 0.0239006

13 36 0.0254516

14 36 0.0269021

15 36 0.0282464

16 36 0.0294793

17 36 0.0305958

18 36 0.0315916

19 36 0.0324627

20 36 0.0332057

21 36 0.0338176

22 36 0.0342961

23 36 0.0346392

24 36 0.0348456

25 36 0.0349145

26 36 0.0348456

27 36 0.0346392

28 36 0.0342961

29 36 0.0338176

30 36 0.0332057

31 36 0.0324627

32 36 0.0315916

33 36 0.0305958

34 36 0.0294793

35 36 0.0282464

36 36 0.0269021

37 36 0.0254516

38 36 0.0239006

39 36 0.0222554

40 36 0.0205222

41 36 0.0187081

42 36 0.0168202

43 36 0.0148659

44 36 0.0128529

45 36 0.0107892

46 36 0.00868289

47 36 0.00654233

48 36 0.00437595

49 36 0.0021923

50 36 0

0 37 0

1 37 0.0020741

2 37 0.00414001

3 37 0.00618958

4 37 0.00821472

5 37 0.0102074

6 37 0.0121599

7 37 0.0140643

8 37 0.0159133

9 37 0.0176994

10 37 0.0194157

11 37 0.0210554

12 37 0.022612

13 37 0.0240793

14 37 0.0254516

15 37 0.0267234

16 37 0.0278898

17 37 0.0289462

18 37 0.0298882

19 37 0.0307124

20 37 0.0314153

21 37 0.0319942

22 37 0.0324469

23 37 0.0327715

24 37 0.0329668

25 37 0.033032

26 37 0.0329668

27 37 0.0327715

28 37 0.0324469

29 37 0.0319942

30 37 0.0314153

31 37 0.0307124

32 37 0.0298882

33 37 0.0289462

34 37 0.0278898

35 37 0.0267234

36 37 0.0254516

37 37 0.0240793

38 37 0.022612

39 37 0.0210554

40 37 0.0194157

41 37 0.0176994

42 37 0.0159133

43 37 0.0140643

44 37 0.0121599

45 37 0.0102074

46 37 0.00821472

47 37 0.00618958

48 37 0.00414001

49 37 0.0020741

50 37 0

0 38 0

1 38 0.00194771

2 38 0.00388773

3 38 0.0058124

4 38 0.00771414

5 38 0.00958543

6 38 0.0114189

7 38 0.0132073

8 38 0.0149436

9 38 0.0166209

10 38 0.0182326

11 38 0.0197723

12 38 0.021234

13 38 0.022612

14 38 0.0239006

15 38 0.025095

16 38 0.0261903

17 38 0.0271823

18 38 0.0280669

19 38 0.0288408

20 38 0.0295009

21 38 0.0300446

22 38 0.0304697

23 38 0.0307745

24 38 0.0309579

25 38 0.0310191

26 38 0.0309579

27 38 0.0307745

28 38 0.0304697

29 38 0.0300446

30 38 0.0295009

31 38 0.0288408

32 38 0.0280669

33 38 0.0271823

34 38 0.0261903

35 38 0.025095

36 38 0.0239006

37 38 0.022612

38 38 0.021234

39 38 0.0197723

40 38 0.0182326

41 38 0.0166209

42 38 0.0149436

43 38 0.0132073

44 38 0.0114189

45 38 0.00958543

46 38 0.00771414

47 38 0.0058124

48 38 0.00388773

49 38 0.00194771

50 38 0

0 39 0

1 39 0.00181363

2 39 0.0036201

3 39 0.00541228

4 39 0.00718311

5 39 0.00892559

6 39 0.0106328

7 39 0.0122981

8 39 0.0139149

9 39 0.0154767

10 39 0.0169775

11 39 0.0184112

12 39 0.0197723

13 39 0.0210554

14 39 0.0222554

15 39 0.0233675

16 39 0.0243874

17 39 0.0253111

18 39 0.0261348

19 39 0.0268555

20 39 0.0274701

21 39 0.0279764

22 39 0.0283722

23 39 0.028656

24 39 0.0288268

25 39 0.0288838

26 39 0.0288268

27 39 0.028656

28 39 0.0283722

29 39 0.0279764

30 39 0.0274701

31 39 0.0268555

32 39 0.0261348

33 39 0.0253111

34 39 0.0243874

35 39 0.0233675

36 39 0.0222554

37 39 0.0210554

38 39 0.0197723

39 39 0.0184112

40 39 0.0169775

41 39 0.0154767

42 39 0.0139149

43 39 0.0122981

44 39 0.0106328

45 39 0.00892559

46 39 0.00718311

47 39 0.00541228

48 39 0.0036201

49 39 0.00181363

50 39 0

0 40 0

1 40 0.00167239

2 40 0.00333819

3 40 0.00499081

4 40 0.00662373

5 40 0.00823051

6 40 0.00980482

7 40 0.0113404

8 40 0.0128313

9 40 0.0142715

10 40 0.0156554

11 40 0.0169775

12 40 0.0182326

13 40 0.0194157

14 40 0.0205222

15 40 0.0215478

16 40 0.0224883

17 40 0.02334

18 40 0.0240996

19 40 0.0247641

20 40 0.0253309

21 40 0.0257977

22 40 0.0261627

23 40 0.0264245

24 40 0.0265819

25 40 0.0266345

26 40 0.0265819

27 40 0.0264245

28 40 0.0261627

29 40 0.0257977

30 40 0.0253309

31 40 0.0247641

32 40 0.0240996

33 40 0.02334

34 40 0.0224883

35 40 0.0215478

36 40 0.0205222

37 40 0.0194157

38 40 0.0182326

39 40 0.0169775

40 40 0.0156554

41 40 0.0142715

42 40 0.0128313

43 40 0.0113404

44 40 0.00980482

45 40 0.00823051

46 40 0.00662373

47 40 0.00499081

48 40 0.00333819

49 40 0.00167239

50 40 0

0 41 0

1 41 0.00152456

2 41 0.0030431

3 41 0.00454964

4 41 0.00603821

5 41 0.00750296

6 41 0.0089381

7 41 0.010338

8 41 0.011697

9 41 0.0130099

10 41 0.0142715

11 41 0.0154767

12 41 0.0166209

13 41 0.0176994

14 41 0.0187081

15 41 0.019643

16 41 0.0205004

17 41 0.0212768

18 41 0.0219693

19 41 0.0225751

20 41 0.0230917

21 41 0.0235173

22 41 0.02385

23 41 0.0240886

24 41 0.0242322

25 41 0.0242801

26 41 0.0242322

27 41 0.0240886

28 41 0.02385

29 41 0.0235173

30 41 0.0230917

31 41 0.0225751

32 41 0.0219693

33 41 0.0212768

34 41 0.0205004

35 41 0.019643

36 41 0.0187081

37 41 0.0176994

38 41 0.0166209

39 41 0.0154767

40 41 0.0142715

41 41 0.0130099

42 41 0.011697

43 41 0.010338

44 41 0.0089381

45 41 0.00750296

46 41 0.00603821

47 41 0.00454964

48 41 0.0030431

49 41 0.00152456

50 41 0

0 42 0

1 42 0.00137071

2 42 0.00273601

3 42 0.00409051

4 42 0.00542887

5 42 0.0067458

6 42 0.00803611

7 42 0.0092947

8 42 0.0105166

9 42 0.011697

10 42 0.0128313

11 42 0.0139149

12 42 0.0149436

13 42 0.0159133

14 42 0.0168202

15 42 0.0176607

16 42 0.0184316

17 42 0.0191297

18 42 0.0197522

19 42 0.0202969

20 42 0.0207614

21 42 0.021144

22 42 0.0214432

23 42 0.0216577

24 42 0.0217868

25 42 0.0218299

26 42 0.0217868

27 42 0.0216577

28 42 0.0214432

29 42 0.021144

30 42 0.0207614

31 42 0.0202969

32 42 0.0197522

33 42 0.0191297

34 42 0.0184316

35 42 0.0176607

36 42 0.0168202

37 42 0.0159133

38 42 0.0149436

39 42 0.0139149

40 42 0.0128313

41 42 0.011697

42 42 0.0105166

43 42 0.0092947

44 42 0.00803611

45 42 0.0067458

46 42 0.00542887

47 42 0.00409051

48 42 0.00273601

49 42 0.00137071

50 42 0

0 43 0

1 43 0.00121145

2 43 0.00241811

3 43 0.00361524

4 43 0.00479809

5 43 0.00596201

6 43 0.0071024

7 43 0.00821476

8 43 0.0092947

9 43 0.010338

10 43 0.0113404

11 43 0.0122981

12 43 0.0132073

13 43 0.0140643

14 43 0.0148659

15 43 0.0156088

16 43 0.01629

17 43 0.016907

18 43 0.0174573

19 43 0.0179386

20 43 0.0183492

21 43 0.0186873

22 43 0.0189517

23 43 0.0191413

24 43 0.0192554

25 43 0.0192935

26 43 0.0192554

27 43 0.0191413

28 43 0.0189517

29 43 0.0186873

30 43 0.0183492

31 43 0.0179386

32 43 0.0174573

33 43 0.016907

34 43 0.01629

35 43 0.0156088

36 43 0.0148659

37 43 0.0140643

38 43 0.0132073

39 43 0.0122981

40 43 0.0113404

41 43 0.010338

42 43 0.0092947

43 43 0.00821476

44 43 0.0071024

45 43 0.00596201

46 43 0.00479809

47 43 0.00361524

48 43 0.00241811

49 43 0.00121145

50 43 0

0 44 0

1 44 0.00104741

2 44 0.00209068

3 44 0.0031257

4 44 0.00414838

5 44 0.0051547

6 44 0.00614067

7 44 0.0071024

8 44 0.00803611

9 44 0.0089381

10 44 0.00980482

11 44 0.0106328

12 44 0.0114189

13 44 0.0121599

14 44 0.0128529

15 44 0.0134952

16 44 0.0140842

17 44 0.0146176

18 44 0.0150934

19 44 0.0155096

20 44 0.0158645

21 44 0.0161569

22 44 0.0163855

23 44 0.0165494

24 44 0.016648

25 44 0.0166809

26 44 0.016648

27 44 0.0165494

28 44 0.0163855

29 44 0.0161569

30 44 0.0158645

31 44 0.0155096

32 44 0.0150934

33 44 0.0146176

34 44 0.0140842

35 44 0.0134952

36 44 0.0128529

37 44 0.0121599

38 44 0.0114189

39 44 0.0106328

40 44 0.00980482

41 44 0.0089381

42 44 0.00803611

43 44 0.0071024

44 44 0.00614067

45 44 0.0051547

46 44 0.00414838

47 44 0.0031257

48 44 0.00209068

49 44 0.00104741

50 44 0

0 45 0

1 45 0.00087923

2 45 0.00175499

3 45 0.00262382

4 45 0.0034823

5 45 0.00432704

6 45 0.0051547

7 45 0.00596201

8 45 0.0067458

9 45 0.00750296

10 45 0.00823051

11 45 0.00892559

12 45 0.00958543

13 45 0.0102074

14 45 0.0107892

15 45 0.0113283

16 45 0.0118228

17 45 0.0122706

18 45 0.0126699

19 45 0.0130193

20 45 0.0133173

21 45 0.0135627

22 45 0.0137546

23 45 0.0138922

24 45 0.013975

25 45 0.0140026

26 45 0.013975

27 45 0.0138922

28 45 0.0137546

29 45 0.0135627

30 45 0.0133173

31 45 0.0130193

32 45 0.0126699

33 45 0.0122706

34 45 0.0118228

35 45 0.0113283

36 45 0.0107892

37 45 0.0102074

38 45 0.00958543

39 45 0.00892559

40 45 0.00823051

41 45 0.00750296

42 45 0.0067458

43 45 0.00596201

44 45 0.0051547

45 45 0.00432704

46 45 0.0034823

47 45 0.00262382

48 45 0.00175499

49 45 0.00087923

50 45 0

0 46 0

1 46 0.000707584

2 46 0.00141238

3 46 0.00211159

4 46 0.00280248

5 46 0.0034823

6 46 0.00414838

7 46 0.00479809

8 46 0.00542887

9 46 0.00603821

10 46 0.00662373

11 46 0.00718311

12 46 0.00771414

13 46 0.00821472

14 46 0.00868289

15 46 0.00911679

16 46 0.0095147

17 46 0.00987507

18 46 0.0101965

19 46 0.0104776

20 46 0.0107174

21 46 0.0109149

22 46 0.0110694

23 46 0.0111801

24 46 0.0112467

25 46 0.011269

26 46 0.0112467

27 46 0.0111801

28 46 0.0110694

29 46 0.0109149

30 46 0.0107174

31 46 0.0104776

32 46 0.0101965

33 46 0.00987507

34 46 0.0095147

35 46 0.00911679

36 46 0.00868289

37 46 0.00821472

38 46 0.00771414

39 46 0.00718311

40 46 0.00662373

41 46 0.00603821

42 46 0.00542887

43 46 0.00479809

44 46 0.00414838

45 46 0.0034823

46 46 0.00280248

47 46 0.00211159

48 46 0.00141238

49 46 0.000707584

50 46 0

0 47 0

1 47 0.000533146

2 47 0.00106419

3 47 0.00159103

4 47 0.00211159

5 47 0.00262382

6 47 0.0031257

7 47 0.00361524

8 47 0.00409051

9 47 0.00454964

10 47 0.00499081

11 47 0.00541228

12 47 0.0058124

13 47 0.00618958

14 47 0.00654233

15 47 0.00686926

16 47 0.00716908

17 47 0.00744061

18 47 0.00768277

19 47 0.00789461

20 47 0.0080753

21 47 0.00822411

22 47 0.00834047

23 47 0.00842392

24 47 0.00847412

25 47 0.00849087

26 47 0.00847412

27 47 0.00842392

28 47 0.00834047

29 47 0.00822411

30 47 0.0080753

31 47 0.00789461

32 47 0.00768277

33 47 0.00744061

34 47 0.00716908

35 47 0.00686926

36 47 0.00654233

37 47 0.00618958

38 47 0.0058124

39 47 0.00541228

40 47 0.00499081

41 47 0.00454964

42 47 0.00409051

43 47 0.00361524

44 47 0.0031257

45 47 0.00262382

46 47 0.00211159

47 47 0.00159103

48 47 0.00106419

49 47 0.000533146

50 47 0

0 48 0

1 48 0.000356604

2 48 0.000711801

3 48 0.00106419

4 48 0.00141238

5 48 0.00175499

6 48 0.00209068

7 48 0.00241811

8 48 0.00273601

9 48 0.0030431

10 48 0.00333819

11 48 0.0036201

12 48 0.00388773

13 48 0.00414001

14 48 0.00437595

15 48 0.00459462

16 48 0.00479516

17 48 0.00497678

18 48 0.00513875

19 48 0.00528045

20 48 0.0054013

21 48 0.00550084

22 48 0.00557867

23 48 0.00563448

24 48 0.00566806

25 48 0.00567927

26 48 0.00566806

27 48 0.00563448

28 48 0.00557867

29 48 0.00550084

30 48 0.0054013

31 48 0.00528045

