0 1 0

1 1 0.00024888

2 1 0.000496778

3 1 0.000742715

4 1 0.000985721

5 1 0.00122484

6 1 0.00145912

7 1 0.00168764

8 1 0.00190951

9 1 0.00212383

10 1 0.00232978

11 1 0.00252653

12 1 0.00271331

13 1 0.00288938

14 1 0.00305405

15 1 0.00320666

16 1 0.00334662

17 1 0.00347338

18 1 0.00358642

19 1 0.00368531

20 1 0.00376966

21 1 0.00383913

22 1 0.00389345

23 1 0.0039324

24 1 0.00395583

25 1 0.00396365

26 1 0.00395583

27 1 0.0039324

28 1 0.00389345

29 1 0.00383913

30 1 0.00376966

31 1 0.00368531

32 1 0.00358642

33 1 0.00347338

34 1 0.00334662

35 1 0.00320666

36 1 0.00305405

37 1 0.00288938

38 1 0.00271331

39 1 0.00252653

40 1 0.00232978

41 1 0.00212383

42 1 0.00190951

43 1 0.00168764

44 1 0.00145912

45 1 0.00122484

46 1 0.000985721

47 1 0.000742715

48 1 0.000496778

49 1 0.00024888

50 1 0

0 2 0

1 2 0.000496778

2 2 0.000991595

3 2 0.0014825

4 2 0.00196755

5 2 0.00244484

6 2 0.00291248

7 2 0.00336862

8 2 0.00381147

9 2 0.00423928

10 2 0.00465036

11 2 0.00504309

12 2 0.00541591

13 2 0.00576736

14 2 0.00609604

15 2 0.00640067

16 2 0.00668004

17 2 0.00693305

18 2 0.00715869

19 2 0.00735608

20 2 0.00752444

21 2 0.00766311

22 2 0.00777153

23 2 0.00784928

24 2 0.00789605

25 2 0.00791167

26 2 0.00789605

27 2 0.00784928

28 2 0.00777153

29 2 0.00766311

30 2 0.00752444

31 2 0.00735608

32 2 0.00715869

33 2 0.00693305

34 2 0.00668004

35 2 0.00640067

36 2 0.00609604

37 2 0.00576736

38 2 0.00541591

39 2 0.00504309

40 2 0.00465036

41 2 0.00423928

42 2 0.00381147

43 2 0.00336862

44 2 0.00291248

45 2 0.00244484

46 2 0.00196755

47 2 0.0014825

48 2 0.000991595

49 2 0.000496778

50 2 0

0 3 0

1 3 0.000742715

2 3 0.0014825

3 3 0.00221643

4 3 0.00294162

5 3 0.00365519

6 3 0.00435434

7 3 0.00503631

8 3 0.0056984

9 3 0.006338

10 3 0.00695259

11 3 0.00753974

12 3 0.00809713

13 3 0.00862257

14 3 0.00911398

15 3 0.00956942

16 3 0.0099871

17 3 0.0103654

18 3 0.0107027

19 3 0.0109978

20 3 0.0112495

21 3 0.0114568

22 3 0.0116189

23 3 0.0117352

24 3 0.0118051

25 3 0.0118285

26 3 0.0118051

27 3 0.0117352

28 3 0.0116189

29 3 0.0114568

30 3 0.0112495

31 3 0.0109978

32 3 0.0107027

33 3 0.0103654

34 3 0.0099871

35 3 0.00956942

36 3 0.00911398

37 3 0.00862257

38 3 0.00809713

39 3 0.00753974

40 3 0.00695259

41 3 0.006338

42 3 0.0056984

43 3 0.00503631

44 3 0.00435434

45 3 0.00365519

46 3 0.00294162

47 3 0.00221643

48 3 0.0014825

49 3 0.000742715

50 3 0

0 4 0

1 4 0.000985721

2 4 0.00196755

3 4 0.00294162

4 4 0.00390407

5 4 0.00485112

6 4 0.00577903

7 4 0.00668412

8 4 0.00756284

9 4 0.00841171

10 4 0.00922738

11 4 0.0100066

12 4 0.0107464

13 4 0.0114438

14 4 0.0120959

15 4 0.0127004

16 4 0.0132547

17 4 0.0137568

18 4 0.0142045

19 4 0.0145962

20 4 0.0149302

21 4 0.0152054

22 4 0.0154205

23 4 0.0155748

24 4 0.0156676

25 4 0.0156986

26 4 0.0156676

27 4 0.0155748

28 4 0.0154205

29 4 0.0152054

30 4 0.0149302

31 4 0.0145962

32 4 0.0142045

33 4 0.0137568

34 4 0.0132547

35 4 0.0127004

36 4 0.0120959

37 4 0.0114438

38 4 0.0107464

39 4 0.0100066

40 4 0.00922738

41 4 0.00841171

42 4 0.00756284

43 4 0.00668412

44 4 0.00577903

45 4 0.00485112

46 4 0.00390407

47 4 0.00294162

48 4 0.00196755

49 4 0.000985721

50 4 0

0 5 0

1 5 0.00122484

2 5 0.00244484

3 5 0.00365519

4 5 0.00485112

5 5 0.00602791

6 5 0.0071809

7 5 0.00830555

8 5 0.00939743

9 5 0.0104522

10 5 0.0114658

11 5 0.012434

12 5 0.0133533

13 5 0.0142198

14 5 0.0150302

15 5 0.0157813

16 5 0.0164701

17 5 0.0170939

18 5 0.0176502

19 5 0.0181369

20 5 0.018552

21 5 0.0188939

22 5 0.0191612

23 5 0.0193529

24 5 0.0194682

25 5 0.0195067

26 5 0.0194682

27 5 0.0193529

28 5 0.0191612

29 5 0.0188939

30 5 0.018552

31 5 0.0181369

32 5 0.0176502

33 5 0.0170939

34 5 0.0164701

35 5 0.0157813

36 5 0.0150302

37 5 0.0142198

38 5 0.0133533

39 5 0.012434

40 5 0.0114658

41 5 0.0104522

42 5 0.00939743

43 5 0.00830555

44 5 0.0071809

45 5 0.00602791

46 5 0.00485112

47 5 0.00365519

48 5 0.00244484

49 5 0.00122484

50 5 0

0 6 0

1 6 0.00145912

2 6 0.00291248

3 6 0.00435434

4 6 0.00577903

5 6 0.0071809

6 6 0.00855443

7 6 0.00989421

8 6 0.0111949

9 6 0.0124515

10 6 0.0136589

11 6 0.0148124

12 6 0.0159074

13 6 0.0169397

14 6 0.0179051

15 6 0.0187998

16 6 0.0196204

17 6 0.0203635

18 6 0.0210263

19 6 0.021606

20 6 0.0221005

21 6 0.0225078

22 6 0.0228263

23 6 0.0230546

24 6 0.023192

25 6 0.0232379

26 6 0.023192

27 6 0.0230546

28 6 0.0228263

29 6 0.0225078

30 6 0.0221005

31 6 0.021606

32 6 0.0210263

33 6 0.0203635

34 6 0.0196204

35 6 0.0187998

36 6 0.0179051

37 6 0.0169397

38 6 0.0159074

39 6 0.0148124

40 6 0.0136589

41 6 0.0124515

42 6 0.0111949

43 6 0.00989421

44 6 0.00855443

45 6 0.0071809

46 6 0.00577903

47 6 0.00435434

48 6 0.00291248

49 6 0.00145912

50 6 0

0 7 0

1 7 0.00168764

2 7 0.00336862

3 7 0.00503631

4 7 0.00668412

5 7 0.00830555

6 7 0.00989421

7 7 0.0114438

8 7 0.0129483

9 7 0.0144016

10 7 0.0157981

11 7 0.0171323

12 7 0.0183988

13 7 0.0195927

14 7 0.0207093

15 7 0.0217442

16 7 0.0226933

17 7 0.0235528

18 7 0.0243193

19 7 0.0249899

20 7 0.0255619

21 7 0.0260329

22 7 0.0264013

23 7 0.0266654

24 7 0.0268243

25 7 0.0268773

26 7 0.0268243

27 7 0.0266654

28 7 0.0264013

29 7 0.0260329

30 7 0.0255619

31 7 0.0249899

32 7 0.0243193

33 7 0.0235528

34 7 0.0226933

35 7 0.0217442

36 7 0.0207093

37 7 0.0195927

38 7 0.0183988

39 7 0.0171323

40 7 0.0157981

41 7 0.0144016

42 7 0.0129483

43 7 0.0114438

44 7 0.00989421

45 7 0.00830555

46 7 0.00668412

47 7 0.00503631

48 7 0.00336862

49 7 0.00168764

50 7 0

0 8 0

1 8 0.00190951

2 8 0.00381147

3 8 0.0056984

4 8 0.00756284

5 8 0.00939743

6 8 0.0111949

7 8 0.0129483

8 8 0.0146505

9 8 0.0162949

10 8 0.017875

11 8 0.0193845

12 8 0.0208176

13 8 0.0221685

14 8 0.0234319

15 8 0.0246028

16 8 0.0256766

17 8 0.0266491

18 8 0.0275164

19 8 0.0282752

20 8 0.0289223

21 8 0.0294553

22 8 0.0298721

23 8 0.0301709

24 8 0.0303507

25 8 0.0304107

26 8 0.0303507

27 8 0.0301709

28 8 0.0298721

29 8 0.0294553

30 8 0.0289223

31 8 0.0282752

32 8 0.0275164

33 8 0.0266491

34 8 0.0256766

35 8 0.0246028

36 8 0.0234319

37 8 0.0221685

38 8 0.0208176

39 8 0.0193845

40 8 0.017875

41 8 0.0162949

42 8 0.0146505

43 8 0.0129483

44 8 0.0111949

45 8 0.00939743

46 8 0.00756284

47 8 0.0056984

48 8 0.00381147

49 8 0.00190951

50 8 0

0 9 0

1 9 0.00212383

2 9 0.00423928

3 9 0.006338

4 9 0.00841171

5 9 0.0104522

6 9 0.0124515

7 9 0.0144016

8 9 0.0162949

9 9 0.0181239

10 9 0.0198813

11 9 0.0215603

12 9 0.0231542

13 9 0.0246567

14 9 0.0260619

15 9 0.0273643

16 9 0.0285586

17 9 0.0296403

18 9 0.030605

19 9 0.0314488

20 9 0.0321686

21 9 0.0327614

22 9 0.033225

23 9 0.0335574

24 9 0.0337573

25 9 0.0338241

26 9 0.0337573

27 9 0.0335574

28 9 0.033225

29 9 0.0327614

30 9 0.0321686

31 9 0.0314488

32 9 0.030605

33 9 0.0296403

34 9 0.0285586

35 9 0.0273643

36 9 0.0260619

37 9 0.0246567

38 9 0.0231542

39 9 0.0215603

40 9 0.0198813

41 9 0.0181239

42 9 0.0162949

43 9 0.0144016

44 9 0.0124515

45 9 0.0104522

46 9 0.00841171

47 9 0.006338

48 9 0.00423928

49 9 0.00212383

50 9 0

0 10 0

1 10 0.00232978

2 10 0.00465036

3 10 0.00695259

4 10 0.00922738

5 10 0.0114658

6 10 0.0136589

7 10 0.0157981

8 10 0.017875

9 10 0.0198813

10 10 0.0218092

11 10 0.023651

12 10 0.0253994

13 10 0.0270476

14 10 0.0285891

15 10 0.0300177

16 10 0.0313279

17 10 0.0325145

18 10 0.0335727

19 10 0.0344984

20 10 0.035288

21 10 0.0359383

22 10 0.0364468

23 10 0.0368114

24 10 0.0370308

25 10 0.037104

26 10 0.0370308

27 10 0.0368114

28 10 0.0364468

29 10 0.0359383

30 10 0.035288

31 10 0.0344984

32 10 0.0335727

33 10 0.0325145

34 10 0.0313279

35 10 0.0300177

36 10 0.0285891

37 10 0.0270476

38 10 0.0253994

39 10 0.023651

40 10 0.0218092

41 10 0.0198813

42 10 0.017875

43 10 0.0157981

44 10 0.0136589

45 10 0.0114658

46 10 0.00922738

47 10 0.00695259

48 10 0.00465036

49 10 0.00232978

50 10 0

0 11 0

1 11 0.00252653

2 11 0.00504309

3 11 0.00753974

4 11 0.0100066

5 11 0.012434

6 11 0.0148124

7 11 0.0171323

8 11 0.0193845

9 11 0.0215603

10 11 0.023651

11 11 0.0256483

12 11 0.0275444

13 11 0.0293318

14 11 0.0310035

15 11 0.0325528

16 11 0.0339736

17 11 0.0352603

18 11 0.0364079

19 11 0.0374118

20 11 0.0382681

21 11 0.0389733

22 11 0.0395247

23 11 0.0399201

24 11 0.040158

25 11 0.0402374

26 11 0.040158

27 11 0.0399201

28 11 0.0395247

29 11 0.0389733

30 11 0.0382681

31 11 0.0374118

32 11 0.0364079

33 11 0.0352603

34 11 0.0339736

35 11 0.0325528

36 11 0.0310035

37 11 0.0293318

38 11 0.0275444

39 11 0.0256483

40 11 0.023651

41 11 0.0215603

42 11 0.0193845

43 11 0.0171323

44 11 0.0148124

45 11 0.012434

46 11 0.0100066

47 11 0.00753974

48 11 0.00504309

49 11 0.00252653

50 11 0

0 12 0

1 12 0.00271331

2 12 0.00541591

3 12 0.00809713

4 12 0.0107464

5 12 0.0133533

6 12 0.0159074

7 12 0.0183988

8 12 0.0208176

9 12 0.0231542

10 12 0.0253994

11 12 0.0275444

12 12 0.0295807

13 12 0.0315002

14 12 0.0332955

15 12 0.0349593

16 12 0.0364852

17 12 0.037867

18 12 0.0390995

19 12 0.0401776

20 12 0.0410971

21 12 0.0418545

22 12 0.0424467

23 12 0.0428713

24 12 0.0431268

25 12 0.0432121

26 12 0.0431268

27 12 0.0428713

28 12 0.0424467

29 12 0.0418545

30 12 0.0410971

31 12 0.0401776

32 12 0.0390995

33 12 0.037867

34 12 0.0364852

35 12 0.0349593

36 12 0.0332955

37 12 0.0315002

38 12 0.0295807

39 12 0.0275444

40 12 0.0253994

41 12 0.0231542

42 12 0.0208176

43 12 0.0183988

44 12 0.0159074

45 12 0.0133533

46 12 0.0107464

47 12 0.00809713

48 12 0.00541591

49 12 0.00271331

50 12 0

0 13 0

1 13 0.00288938

2 13 0.00576736

3 13 0.00862257

4 13 0.0114438

5 13 0.0142198

6 13 0.0169397

7 13 0.0195927

8 13 0.0221685

9 13 0.0246567

10 13 0.0270476

11 13 0.0293318

12 13 0.0315002

13 13 0.0335444

14 13 0.0354561

15 13 0.0372279

16 13 0.0388527

17 13 0.0403243

18 13 0.0416367

19 13 0.0427848

20 13 0.043764

21 13 0.0445705

22 13 0.0452011

23 13 0.0456533

24 13 0.0459254

25 13 0.0460162

26 13 0.0459254

27 13 0.0456533

28 13 0.0452011

29 13 0.0445705

30 13 0.043764

31 13 0.0427848

32 13 0.0416367

33 13 0.0403243

34 13 0.0388527

35 13 0.0372279

36 13 0.0354561

37 13 0.0335444

38 13 0.0315002

39 13 0.0293318

40 13 0.0270476

41 13 0.0246567

42 13 0.0221685

43 13 0.0195927

44 13 0.0169397

45 13 0.0142198

46 13 0.0114438

47 13 0.00862257

48 13 0.00576736

49 13 0.00288938

50 13 0

0 14 0

1 14 0.00305405

2 14 0.00609604

3 14 0.00911398

4 14 0.0120959

5 14 0.0150302

6 14 0.0179051

7 14 0.0207093

8 14 0.0234319

9 14 0.0260619

10 14 0.0285891

11 14 0.0310035

12 14 0.0332955

13 14 0.0354561

14 14 0.0374768

15 14 0.0393495

16 14 0.041067

17 14 0.0426224

18 14 0.0440096

19 14 0.0452231

20 14 0.0462581

21 14 0.0471106

22 14 0.0477772

23 14 0.0482552

24 14 0.0485427

25 14 0.0486387

26 14 0.0485427

27 14 0.0482552

28 14 0.0477772

29 14 0.0471106

30 14 0.0462581

31 14 0.0452231

32 14 0.0440096

33 14 0.0426224

34 14 0.041067

35 14 0.0393495

36 14 0.0374768

37 14 0.0354561

38 14 0.0332955

39 14 0.0310035

40 14 0.0285891

41 14 0.0260619

42 14 0.0234319

43 14 0.0207093

44 14 0.0179051

45 14 0.0150302

46 14 0.0120959

47 14 0.00911398

48 14 0.00609604

49 14 0.00305405

50 14 0

0 15 0

1 15 0.00320666

2 15 0.00640067

3 15 0.00956942

4 15 0.0127004

5 15 0.0157813

6 15 0.0187998

7 15 0.0217442

8 15 0.0246028

9 15 0.0273643

10 15 0.0300177

11 15 0.0325528

12 15 0.0349593

13 15 0.0372279

14 15 0.0393495

15 15 0.0413159

16 15 0.0431192

17 15 0.0447523

18 15 0.0462088

19 15 0.047483

20 15 0.0485697

21 15 0.0494648

22 15 0.0501647

23 15 0.0506665

24 15 0.0509685

25 15 0.0510692

26 15 0.0509685

27 15 0.0506665

28 15 0.0501647

29 15 0.0494648

30 15 0.0485697

31 15 0.047483

32 15 0.0462088

33 15 0.0447523

34 15 0.0431192

35 15 0.0413159

36 15 0.0393495

37 15 0.0372279

38 15 0.0349593

39 15 0.0325528

40 15 0.0300177

41 15 0.0273643

42 15 0.0246028

43 15 0.0217442

44 15 0.0187998

45 15 0.0157813

46 15 0.0127004

47 15 0.00956942

48 15 0.00640067

49 15 0.00320666

50 15 0

0 16 0

1 16 0.00334662

2 16 0.00668004

3 16 0.0099871

4 16 0.0132547

5 16 0.0164701

6 16 0.0196204

7 16 0.0226933

8 16 0.0256766

9 16 0.0285586

10 16 0.0313279

11 16 0.0339736

12 16 0.0364852

13 16 0.0388527

14 16 0.041067

15 16 0.0431192

16 16 0.0450012

17 16 0.0467056

18 16 0.0482257

19 16 0.0495555

20 16 0.0506896

21 16 0.0516238

22 16 0.0523542

23 16 0.052878

24 16 0.0531931

25 16 0.0532982

26 16 0.0531931

27 16 0.052878

28 16 0.0523542

29 16 0.0516238

30 16 0.0506896

31 16 0.0495555

32 16 0.0482257

33 16 0.0467056

34 16 0.0450012

35 16 0.0431192

36 16 0.041067

37 16 0.0388527

38 16 0.0364852

39 16 0.0339736

40 16 0.0313279

41 16 0.0285586

42 16 0.0256766

43 16 0.0226933

44 16 0.0196204

45 16 0.0164701

46 16 0.0132547

47 16 0.0099871

48 16 0.00668004

49 16 0.00334662

50 16 0

0 17 0

1 17 0.00347338

2 17 0.00693305

3 17 0.0103654

4 17 0.0137568

5 17 0.0170939

6 17 0.0203635

7 17 0.0235528

8 17 0.0266491

9 17 0.0296403

10 17 0.0325145

11 17 0.0352603

12 17 0.037867

13 17 0.0403243

14 17 0.0426224

15 17 0.0447523

16 17 0.0467056

17 17 0.0484746

18 17 0.0500522

19 17 0.0514324

20 17 0.0526095

21 17 0.053579

22 17 0.0543371

23 17 0.0548807

24 17 0.0552077

25 17 0.0553169

26 17 0.0552077

27 17 0.0548807

28 17 0.0543371

29 17 0.053579

30 17 0.0526095

31 17 0.0514324

32 17 0.0500522

33 17 0.0484746

34 17 0.0467056

35 17 0.0447523

36 17 0.0426224

37 17 0.0403243

38 17 0.037867

39 17 0.0352603

40 17 0.0325145

41 17 0.0296403

42 17 0.0266491

43 17 0.0235528

44 17 0.0203635

45 17 0.0170939

46 17 0.0137568

47 17 0.0103654

48 17 0.00693305

49 17 0.00347338

50 17 0

0 18 0

1 18 0.00358642

2 18 0.00715869

3 18 0.0107027

4 18 0.0142045

5 18 0.0176502

6 18 0.0210263

7 18 0.0243193

8 18 0.0275164

9 18 0.030605

10 18 0.0335727

11 18 0.0364079

12 18 0.0390995

13 18 0.0416367

14 18 0.0440096

15 18 0.0462088

16 18 0.0482257

17 18 0.0500522

18 18 0.0516812

19 18 0.0531063

20 18 0.0543217

21 18 0.0553228

22 18 0.0561056

23 18 0.0566669

24 18 0.0570045

25 18 0.0571173

26 18 0.0570045

27 18 0.0566669

28 18 0.0561056

29 18 0.0553228

30 18 0.0543217

31 18 0.0531063

32 18 0.0516812

33 18 0.0500522

34 18 0.0482257

35 18 0.0462088

36 18 0.0440096

37 18 0.0416367

38 18 0.0390995

39 18 0.0364079

40 18 0.0335727

41 18 0.030605

42 18 0.0275164

43 18 0.0243193

44 18 0.0210263

45 18 0.0176502

46 18 0.0142045

47 18 0.0107027

48 18 0.00715869

49 18 0.00358642

50 18 0

0 19 0

1 19 0.00368531

2 19 0.00735608

3 19 0.0109978

4 19 0.0145962

5 19 0.0181369

6 19 0.021606

7 19 0.0249899

8 19 0.0282752

9 19 0.0314488

10 19 0.0344984

11 19 0.0374118

12 19 0.0401776

13 19 0.0427848

14 19 0.0452231

15 19 0.047483

16 19 0.0495555

17 19 0.0514324

18 19 0.0531063

19 19 0.0545706

20 19 0.0558196

21 19 0.0568483

22 19 0.0576526

23 19 0.0582294

24 19 0.0585764

25 19 0.0586922

26 19 0.0585764

27 19 0.0582294

28 19 0.0576526

29 19 0.0568483

30 19 0.0558196

31 19 0.0545706

32 19 0.0531063

33 19 0.0514324

34 19 0.0495555

35 19 0.047483

36 19 0.0452231

37 19 0.0427848

38 19 0.0401776

39 19 0.0374118

40 19 0.0344984

41 19 0.0314488

42 19 0.0282752

43 19 0.0249899

44 19 0.021606

45 19 0.0181369

46 19 0.0145962

47 19 0.0109978

48 19 0.00735608

49 19 0.00368531

50 19 0

0 20 0

1 20 0.00376966

2 20 0.00752444

3 20 0.0112495

4 20 0.0149302

5 20 0.018552

6 20 0.0221005

7 20 0.0255619

8 20 0.0289223

9 20 0.0321686

10 20 0.035288

11 20 0.0382681

12 20 0.0410971

13 20 0.043764

14 20 0.0462581

15 20 0.0485697

16 20 0.0506896

17 20 0.0526095

18 20 0.0543217

19 20 0.0558196

20 20 0.0570971

21 20 0.0581494

22 20 0.0589721

23 20 0.0595621

24 20 0.059917

25 20 0.0600355

26 20 0.059917

27 20 0.0595621

28 20 0.0589721

29 20 0.0581494

30 20 0.0570971

31 20 0.0558196

32 20 0.0543217

33 20 0.0526095

34 20 0.0506896

35 20 0.0485697

36 20 0.0462581

37 20 0.043764

38 20 0.0410971

39 20 0.0382681

40 20 0.035288

41 20 0.0321686

42 20 0.0289223

43 20 0.0255619

44 20 0.0221005

45 20 0.018552

46 20 0.0149302

47 20 0.0112495

48 20 0.00752444

49 20 0.00376966

50 20 0

0 21 0

1 21 0.00383913

2 21 0.00766311

3 21 0.0114568

4 21 0.0152054

5 21 0.0188939

6 21 0.0225078

7 21 0.0260329

8 21 0.0294553

9 21 0.0327614

10 21 0.0359383

11 21 0.0389733

12 21 0.0418545

13 21 0.0445705

14 21 0.0471106

15 21 0.0494648

16 21 0.0516238

17 21 0.053579

18 21 0.0553228

19 21 0.0568483

20 21 0.0581494

21 21 0.059221

22 21 0.0600589

23 21 0.0606597

24 21 0.0610212

25 21 0.0611419

26 21 0.0610212

27 21 0.0606597

28 21 0.0600589

29 21 0.059221

30 21 0.0581494

31 21 0.0568483

32 21 0.0553228

33 21 0.053579

34 21 0.0516238

35 21 0.0494648

36 21 0.0471106

37 21 0.0445705

38 21 0.0418545

39 21 0.0389733

40 21 0.0359383

41 21 0.0327614

42 21 0.0294553

43 21 0.0260329

44 21 0.0225078

45 21 0.0188939

46 21 0.0152054

47 21 0.0114568

48 21 0.00766311

49 21 0.00383913

50 21 0

0 22 0

1 22 0.00389345

2 22 0.00777153

3 22 0.0116189

4 22 0.0154205

5 22 0.0191612

6 22 0.0228263

7 22 0.0264013

8 22 0.0298721

9 22 0.033225

10 22 0.0364468

11 22 0.0395247

12 22 0.0424467

13 22 0.0452011

14 22 0.0477772

15 22 0.0501647

16 22 0.0523542

17 22 0.0543371

18 22 0.0561056

19 22 0.0576526

20 22 0.0589721

21 22 0.0600589

22 22 0.0609086

23 22 0.061518

24 22 0.0618846

25 22 0.0620069

26 22 0.0618846

27 22 0.061518

28 22 0.0609086

29 22 0.0600589

30 22 0.0589721

31 22 0.0576526

32 22 0.0561056

33 22 0.0543371

34 22 0.0523542

35 22 0.0501647

36 22 0.0477772

37 22 0.0452011

38 22 0.0424467

39 22 0.0395247

40 22 0.0364468

41 22 0.033225

42 22 0.0298721

43 22 0.0264013

44 22 0.0228263

45 22 0.0191612

46 22 0.0154205

47 22 0.0116189

48 22 0.00777153

49 22 0.00389345

50 22 0

0 23 0

1 23 0.0039324

2 23 0.00784928

3 23 0.0117352

4 23 0.0155748

5 23 0.0193529

6 23 0.0230546

7 23 0.0266654

8 23 0.0301709

9 23 0.0335574

10 23 0.0368114

11 23 0.0399201

12 23 0.0428713

13 23 0.0456533

14 23 0.0482552

15 23 0.0506665

16 23 0.052878

17 23 0.0548807

18 23 0.0566669

19 23 0.0582294

20 23 0.0595621

21 23 0.0606597

22 23 0.061518

23 23 0.0621335

24 23 0.0625037

25 23 0.0626273

26 23 0.0625037

27 23 0.0621335

28 23 0.061518

29 23 0.0606597

30 23 0.0595621

31 23 0.0582294

32 23 0.0566669

33 23 0.0548807

34 23 0.052878

35 23 0.0506665

36 23 0.0482552

37 23 0.0456533

38 23 0.0428713

39 23 0.0399201

40 23 0.0368114

41 23 0.0335574

42 23 0.0301709

43 23 0.0266654

44 23 0.0230546

45 23 0.0193529

46 23 0.0155748

47 23 0.0117352

48 23 0.00784928

49 23 0.0039324

50 23 0

0 24 0

1 24 0.00395583

2 24 0.00789605

3 24 0.0118051

4 24 0.0156676

5 24 0.0194682

6 24 0.023192

7 24 0.0268243

8 24 0.0303507

9 24 0.0337573

10 24 0.0370308

11 24 0.040158

12 24 0.0431268

13 24 0.0459254

14 24 0.0485427

15 24 0.0509685

16 24 0.0531931

17 24 0.0552077

18 24 0.0570045

19 24 0.0585764

20 24 0.059917

21 24 0.0610212

22 24 0.0618846

23 24 0.0625037

24 24 0.0628762

25 24 0.0630005

26 24 0.0628762

27 24 0.0625037

28 24 0.0618846

29 24 0.0610212

30 24 0.059917

31 24 0.0585764

32 24 0.0570045

33 24 0.0552077

34 24 0.0531931

35 24 0.0509685

36 24 0.0485427

37 24 0.0459254

38 24 0.0431268

39 24 0.040158

40 24 0.0370308

41 24 0.0337573

42 24 0.0303507

43 24 0.0268243

44 24 0.023192

45 24 0.0194682

46 24 0.0156676

47 24 0.0118051

48 24 0.00789605

49 24 0.00395583

50 24 0

0 25 0

1 25 0.00396365

2 25 0.00791167

3 25 0.0118285

4 25 0.0156986

5 25 0.0195067

6 25 0.0232379

7 25 0.0268773

8 25 0.0304107

9 25 0.0338241

10 25 0.037104

11 25 0.0402374

12 25 0.0432121

13 25 0.0460162

14 25 0.0486387

15 25 0.0510692

16 25 0.0532982

17 25 0.0553169

18 25 0.0571173

19 25 0.0586922

20 25 0.0600355

21 25 0.0611419

22 25 0.0620069

23 25 0.0626273

24 25 0.0630005

25 25 0.0631251

26 25 0.0630005

27 25 0.0626273

28 25 0.0620069

29 25 0.0611419

30 25 0.0600355

31 25 0.0586922

32 25 0.0571173

33 25 0.0553169

34 25 0.0532982

35 25 0.0510692

36 25 0.0486387

37 25 0.0460162

38 25 0.0432121

39 25 0.0402374

40 25 0.037104

41 25 0.0338241

42 25 0.0304107

43 25 0.0268773

44 25 0.0232379

45 25 0.0195067

46 25 0.0156986

47 25 0.0118285

48 25 0.00791167

49 25 0.00396365

50 25 0

0 26 0

1 26 0.00395583

2 26 0.00789605

3 26 0.0118051

4 26 0.0156676

5 26 0.0194682

6 26 0.023192

7 26 0.0268243

8 26 0.0303507

9 26 0.0337573

10 26 0.0370308

11 26 0.040158

12 26 0.0431268

13 26 0.0459254

14 26 0.0485427

15 26 0.0509685

16 26 0.0531931

17 26 0.0552077

18 26 0.0570045

19 26 0.0585764

20 26 0.059917

21 26 0.0610212

22 26 0.0618846

23 26 0.0625037

24 26 0.0628762

25 26 0.0630005

26 26 0.0628762

27 26 0.0625037

28 26 0.0618846

29 26 0.0610212

30 26 0.059917

31 26 0.0585764

32 26 0.0570045

33 26 0.0552077

34 26 0.0531931

35 26 0.0509685

36 26 0.0485427

37 26 0.0459254

38 26 0.0431268

39 26 0.040158

40 26 0.0370308

41 26 0.0337573

42 26 0.0303507

43 26 0.0268243

44 26 0.023192

45 26 0.0194682

46 26 0.0156676

47 26 0.0118051

48 26 0.00789605

49 26 0.00395583

50 26 0

0 27 0

1 27 0.0039324

2 27 0.00784928

3 27 0.0117352

4 27 0.0155748

5 27 0.0193529

6 27 0.0230546

7 27 0.0266654

8 27 0.0301709

9 27 0.0335574

10 27 0.0368114

11 27 0.0399201

12 27 0.0428713

13 27 0.0456533

14 27 0.0482552

15 27 0.0506665

16 27 0.052878

17 27 0.0548807

18 27 0.0566669

19 27 0.0582294

20 27 0.0595621

21 27 0.0606597

22 27 0.061518

23 27 0.0621335

24 27 0.0625037

25 27 0.0626273

26 27 0.0625037

27 27 0.0621335

28 27 0.061518

29 27 0.0606597

30 27 0.0595621

31 27 0.0582294

32 27 0.0566669

33 27 0.0548807

34 27 0.052878

35 27 0.0506665

36 27 0.0482552

37 27 0.0456533

38 27 0.0428713

39 27 0.0399201

40 27 0.0368114

41 27 0.0335574

42 27 0.0301709

43 27 0.0266654

44 27 0.0230546

45 27 0.0193529

46 27 0.0155748

47 27 0.0117352

48 27 0.00784928

49 27 0.0039324

50 27 0

0 28 0

1 28 0.00389345

2 28 0.00777153

3 28 0.0116189

4 28 0.0154205

5 28 0.0191612

6 28 0.0228263

7 28 0.0264013

8 28 0.0298721

9 28 0.033225

10 28 0.0364468

11 28 0.0395247

12 28 0.0424467

13 28 0.0452011

14 28 0.0477772

15 28 0.0501647

16 28 0.0523542

17 28 0.0543371

18 28 0.0561056

19 28 0.0576526

20 28 0.0589721

21 28 0.0600589

22 28 0.0609086

23 28 0.061518

24 28 0.0618846

25 28 0.0620069

26 28 0.0618846

27 28 0.061518

28 28 0.0609086

29 28 0.0600589

30 28 0.0589721

31 28 0.0576526

32 28 0.0561056

33 28 0.0543371

34 28 0.0523542

35 28 0.0501647

36 28 0.0477772

37 28 0.0452011

38 28 0.0424467

39 28 0.0395247

40 28 0.0364468

41 28 0.033225

42 28 0.0298721

43 28 0.0264013

44 28 0.0228263

45 28 0.0191612

46 28 0.0154205

47 28 0.0116189

48 28 0.00777153

49 28 0.00389345

50 28 0

0 29 0

1 29 0.00383913

2 29 0.00766311

3 29 0.0114568

4 29 0.0152054

5 29 0.0188939

6 29 0.0225078

7 29 0.0260329

8 29 0.0294553

9 29 0.0327614

10 29 0.0359383

11 29 0.0389733

12 29 0.0418545

13 29 0.0445705

14 29 0.0471106

15 29 0.0494648

16 29 0.0516238

17 29 0.053579

18 29 0.0553228

19 29 0.0568483

20 29 0.0581494

21 29 0.059221

22 29 0.0600589

23 29 0.0606597

24 29 0.0610212

25 29 0.0611419

26 29 0.0610212

27 29 0.0606597

28 29 0.0600589

29 29 0.059221

30 29 0.0581494

31 29 0.0568483

32 29 0.0553228

33 29 0.053579

34 29 0.0516238

35 29 0.0494648

36 29 0.0471106

37 29 0.0445705

38 29 0.0418545

39 29 0.0389733

40 29 0.0359383

41 29 0.0327614

42 29 0.0294553

43 29 0.0260329

44 29 0.0225078

45 29 0.0188939

46 29 0.0152054

47 29 0.0114568

48 29 0.00766311

49 29 0.00383913

50 29 0

0 30 0

1 30 0.00376966

2 30 0.00752444

3 30 0.0112495

4 30 0.0149302

5 30 0.018552

6 30 0.0221005

7 30 0.0255619

8 30 0.0289223

9 30 0.0321686

10 30 0.035288

11 30 0.0382681

12 30 0.0410971

13 30 0.043764

14 30 0.0462581

15 30 0.0485697

16 30 0.0506896

17 30 0.0526095

18 30 0.0543217

19 30 0.0558196

20 30 0.0570971

21 30 0.0581494

22 30 0.0589721

23 30 0.0595621

24 30 0.059917

25 30 0.0600355

26 30 0.059917

27 30 0.0595621

28 30 0.0589721

29 30 0.0581494

30 30 0.0570971

31 30 0.0558196

32 30 0.0543217

33 30 0.0526095

34 30 0.0506896

35 30 0.0485697

36 30 0.0462581

37 30 0.043764

38 30 0.0410971

39 30 0.0382681

40 30 0.035288

41 30 0.0321686

42 30 0.0289223

43 30 0.0255619

44 30 0.0221005

45 30 0.018552

46 30 0.0149302

47 30 0.0112495

48 30 0.00752444

49 30 0.00376966

50 30 0

0 31 0

1 31 0.00368531

2 31 0.00735608

3 31 0.0109978

4 31 0.0145962

5 31 0.0181369

6 31 0.021606

7 31 0.0249899

8 31 0.0282752

9 31 0.0314488

10 31 0.0344984

11 31 0.0374118

12 31 0.0401776

13 31 0.0427848

14 31 0.0452231

15 31 0.047483

16 31 0.0495555

17 31 0.0514324

18 31 0.0531063

19 31 0.0545706

20 31 0.0558196

21 31 0.0568483

22 31 0.0576526

23 31 0.0582294

24 31 0.0585764

25 31 0.0586922

26 31 0.0585764

27 31 0.0582294

28 31 0.0576526

29 31 0.0568483

30 31 0.0558196

31 31 0.0545706

32 31 0.0531063

33 31 0.0514324

34 31 0.0495555

35 31 0.047483

36 31 0.0452231

37 31 0.0427848

38 31 0.0401776

39 31 0.0374118

40 31 0.0344984

41 31 0.0314488

42 31 0.0282752

43 31 0.0249899

44 31 0.021606

45 31 0.0181369

46 31 0.0145962

47 31 0.0109978

48 31 0.00735608

49 31 0.00368531

50 31 0

0 32 0

1 32 0.00358642

2 32 0.00715869

3 32 0.0107027

4 32 0.0142045

5 32 0.0176502

6 32 0.0210263

7 32 0.0243193

8 32 0.0275164

9 32 0.030605

10 32 0.0335727

11 32 0.0364079

12 32 0.0390995

13 32 0.0416367

14 32 0.0440096

15 32 0.0462088

16 32 0.0482257

17 32 0.0500522

18 32 0.0516812

19 32 0.0531063

20 32 0.0543217

21 32 0.0553228

22 32 0.0561056

23 32 0.0566669

24 32 0.0570045

25 32 0.0571173

26 32 0.0570045

27 32 0.0566669

28 32 0.0561056

29 32 0.0553228

30 32 0.0543217

31 32 0.0531063

32 32 0.0516812

33 32 0.0500522

34 32 0.0482257

35 32 0.0462088

36 32 0.0440096

37 32 0.0416367

38 32 0.0390995

39 32 0.0364079

40 32 0.0335727

41 32 0.030605

42 32 0.0275164

43 32 0.0243193

44 32 0.0210263

45 32 0.0176502

46 32 0.0142045

47 32 0.0107027

48 32 0.00715869

49 32 0.00358642

50 32 0

0 33 0

1 33 0.00347338

2 33 0.00693305

3 33 0.0103654

4 33 0.0137568

5 33 0.0170939

6 33 0.0203635

7 33 0.0235528

8 33 0.0266491

9 33 0.0296403

10 33 0.0325145

11 33 0.0352603

12 33 0.037867

13 33 0.0403243

14 33 0.0426224

15 33 0.0447523

16 33 0.0467056

17 33 0.0484746

18 33 0.0500522

19 33 0.0514324

20 33 0.0526095

21 33 0.053579

22 33 0.0543371

23 33 0.0548807

24 33 0.0552077

25 33 0.0553169

26 33 0.0552077

27 33 0.0548807

28 33 0.0543371

29 33 0.053579

30 33 0.0526095

31 33 0.0514324

32 33 0.0500522

33 33 0.0484746

34 33 0.0467056

35 33 0.0447523

36 33 0.0426224

37 33 0.0403243

38 33 0.037867

39 33 0.0352603

40 33 0.0325145

41 33 0.0296403

42 33 0.0266491

43 33 0.0235528

44 33 0.0203635

45 33 0.0170939

46 33 0.0137568

47 33 0.0103654

48 33 0.00693305

49 33 0.00347338

50 33 0

0 34 0

1 34 0.00334662

2 34 0.00668004

3 34 0.0099871

4 34 0.0132547

5 34 0.0164701

6 34 0.0196204

7 34 0.0226933

8 34 0.0256766

9 34 0.0285586

10 34 0.0313279

11 34 0.0339736

12 34 0.0364852

13 34 0.0388527

14 34 0.041067

15 34 0.0431192

16 34 0.0450012

17 34 0.0467056

18 34 0.0482257

19 34 0.0495555

20 34 0.0506896

21 34 0.0516238

22 34 0.0523542

23 34 0.052878

24 34 0.0531931

25 34 0.0532982

26 34 0.0531931

27 34 0.052878

28 34 0.0523542

29 34 0.0516238

30 34 0.0506896

31 34 0.0495555

32 34 0.0482257

33 34 0.0467056

34 34 0.0450012

35 34 0.0431192

36 34 0.041067

37 34 0.0388527

38 34 0.0364852

39 34 0.0339736

40 34 0.0313279

41 34 0.0285586

42 34 0.0256766

43 34 0.0226933

44 34 0.0196204

45 34 0.0164701

46 34 0.0132547

47 34 0.0099871

48 34 0.00668004

49 34 0.00334662

50 34 0

0 35 0

1 35 0.00320666

2 35 0.00640067

3 35 0.00956942

4 35 0.0127004

5 35 0.0157813

6 35 0.0187998

7 35 0.0217442

8 35 0.0246028

9 35 0.0273643

10 35 0.0300177

11 35 0.0325528

12 35 0.0349593

13 35 0.0372279

14 35 0.0393495

15 35 0.0413159

16 35 0.0431192

17 35 0.0447523

18 35 0.0462088

19 35 0.047483

20 35 0.0485697

21 35 0.0494648

22 35 0.0501647

23 35 0.0506665

24 35 0.0509685

25 35 0.0510692

26 35 0.0509685

27 35 0.0506665

28 35 0.0501647

29 35 0.0494648

30 35 0.0485697

31 35 0.047483

32 35 0.0462088

33 35 0.0447523

34 35 0.0431192

35 35 0.0413159

36 35 0.0393495

37 35 0.0372279

38 35 0.0349593

39 35 0.0325528

40 35 0.0300177

41 35 0.0273643

42 35 0.0246028

43 35 0.0217442

44 35 0.0187998

45 35 0.0157813

46 35 0.0127004

47 35 0.00956942

48 35 0.00640067

49 35 0.00320666

50 35 0

0 36 0

1 36 0.00305405

2 36 0.00609604

3 36 0.00911398

4 36 0.0120959

5 36 0.0150302

6 36 0.0179051

7 36 0.0207093

8 36 0.0234319

9 36 0.0260619

10 36 0.0285891

11 36 0.0310035

12 36 0.0332955

13 36 0.0354561

14 36 0.0374768

15 36 0.0393495

16 36 0.041067

17 36 0.0426224

18 36 0.0440096

19 36 0.0452231

20 36 0.0462581

21 36 0.0471106

22 36 0.0477772

23 36 0.0482552

24 36 0.0485427

25 36 0.0486387

26 36 0.0485427

27 36 0.0482552

28 36 0.0477772

29 36 0.0471106

30 36 0.0462581

31 36 0.0452231

32 36 0.0440096

33 36 0.0426224

34 36 0.041067

35 36 0.0393495

36 36 0.0374768

37 36 0.0354561

38 36 0.0332955

39 36 0.0310035

40 36 0.0285891

41 36 0.0260619

42 36 0.0234319

43 36 0.0207093

44 36 0.0179051

45 36 0.0150302

46 36 0.0120959

47 36 0.00911398

48 36 0.00609604

49 36 0.00305405

50 36 0

0 37 0

1 37 0.00288938

2 37 0.00576736

3 37 0.00862257

4 37 0.0114438

5 37 0.0142198

6 37 0.0169397

7 37 0.0195927

8 37 0.0221685

9 37 0.0246567

10 37 0.0270476

11 37 0.0293318

12 37 0.0315002

13 37 0.0335444

14 37 0.0354561

15 37 0.0372279

16 37 0.0388527

17 37 0.0403243

18 37 0.0416367

19 37 0.0427848

20 37 0.043764

21 37 0.0445705

22 37 0.0452011

23 37 0.0456533

24 37 0.0459254

25 37 0.0460162

26 37 0.0459254

27 37 0.0456533

28 37 0.0452011

29 37 0.0445705

30 37 0.043764

31 37 0.0427848

32 37 0.0416367

33 37 0.0403243

34 37 0.0388527

35 37 0.0372279

36 37 0.0354561

37 37 0.0335444

38 37 0.0315002

39 37 0.0293318

40 37 0.0270476

41 37 0.0246567

42 37 0.0221685

43 37 0.0195927

44 37 0.0169397

45 37 0.0142198

46 37 0.0114438

47 37 0.00862257

48 37 0.00576736

49 37 0.00288938

50 37 0

0 38 0

1 38 0.00271331

2 38 0.00541591

3 38 0.00809713

4 38 0.0107464

5 38 0.0133533

6 38 0.0159074

7 38 0.0183988

8 38 0.0208176

9 38 0.0231542

10 38 0.0253994

11 38 0.0275444

12 38 0.0295807

13 38 0.0315002

14 38 0.0332955

15 38 0.0349593

16 38 0.0364852

17 38 0.037867

18 38 0.0390995

19 38 0.0401776

20 38 0.0410971

21 38 0.0418545

22 38 0.0424467

23 38 0.0428713

24 38 0.0431268

25 38 0.0432121

26 38 0.0431268

27 38 0.0428713

28 38 0.0424467

29 38 0.0418545

30 38 0.0410971

31 38 0.0401776

32 38 0.0390995

33 38 0.037867

34 38 0.0364852

35 38 0.0349593

36 38 0.0332955

37 38 0.0315002

38 38 0.0295807

39 38 0.0275444

40 38 0.0253994

41 38 0.0231542

42 38 0.0208176

43 38 0.0183988

44 38 0.0159074

45 38 0.0133533

46 38 0.0107464

47 38 0.00809713

48 38 0.00541591

49 38 0.00271331

50 38 0

0 39 0

1 39 0.00252653

2 39 0.00504309

3 39 0.00753974

4 39 0.0100066

5 39 0.012434

6 39 0.0148124

7 39 0.0171323

8 39 0.0193845

9 39 0.0215603

10 39 0.023651

11 39 0.0256483

12 39 0.0275444

13 39 0.0293318

14 39 0.0310035

15 39 0.0325528

16 39 0.0339736

17 39 0.0352603

18 39 0.0364079

19 39 0.0374118

20 39 0.0382681

21 39 0.0389733

22 39 0.0395247

23 39 0.0399201

24 39 0.040158

25 39 0.0402374

26 39 0.040158

27 39 0.0399201

28 39 0.0395247

29 39 0.0389733

30 39 0.0382681

31 39 0.0374118

32 39 0.0364079

33 39 0.0352603

34 39 0.0339736

35 39 0.0325528

36 39 0.0310035

37 39 0.0293318

38 39 0.0275444

39 39 0.0256483

40 39 0.023651

41 39 0.0215603

42 39 0.0193845

43 39 0.0171323

44 39 0.0148124

45 39 0.012434

46 39 0.0100066

47 39 0.00753974

48 39 0.00504309

49 39 0.00252653

50 39 0

0 40 0

1 40 0.00232978

2 40 0.00465036

3 40 0.00695259

4 40 0.00922738

5 40 0.0114658

6 40 0.0136589

7 40 0.0157981

8 40 0.017875

9 40 0.0198813

10 40 0.0218092

11 40 0.023651

12 40 0.0253994

13 40 0.0270476

14 40 0.0285891

15 40 0.0300177

16 40 0.0313279

17 40 0.0325145

18 40 0.0335727

19 40 0.0344984

20 40 0.035288

21 40 0.0359383

22 40 0.0364468

23 40 0.0368114

24 40 0.0370308

25 40 0.037104

26 40 0.0370308

27 40 0.0368114

28 40 0.0364468

29 40 0.0359383

30 40 0.035288

31 40 0.0344984

32 40 0.0335727

33 40 0.0325145

34 40 0.0313279

35 40 0.0300177

36 40 0.0285891

37 40 0.0270476

38 40 0.0253994

39 40 0.023651

40 40 0.0218092

41 40 0.0198813

42 40 0.017875

43 40 0.0157981

44 40 0.0136589

45 40 0.0114658

46 40 0.00922738

47 40 0.00695259

48 40 0.00465036

49 40 0.00232978

50 40 0

0 41 0

1 41 0.00212383

2 41 0.00423928

3 41 0.006338

4 41 0.00841171

5 41 0.0104522

6 41 0.0124515

7 41 0.0144016

8 41 0.0162949

9 41 0.0181239

10 41 0.0198813

11 41 0.0215603

12 41 0.0231542

13 41 0.0246567

14 41 0.0260619

15 41 0.0273643

16 41 0.0285586

17 41 0.0296403

18 41 0.030605

19 41 0.0314488

20 41 0.0321686

21 41 0.0327614

22 41 0.033225

23 41 0.0335574

24 41 0.0337573

25 41 0.0338241

26 41 0.0337573

27 41 0.0335574

28 41 0.033225

29 41 0.0327614

30 41 0.0321686

31 41 0.0314488

32 41 0.030605

33 41 0.0296403

34 41 0.0285586

35 41 0.0273643

36 41 0.0260619

37 41 0.0246567

38 41 0.0231542

39 41 0.0215603

40 41 0.0198813

41 41 0.0181239

42 41 0.0162949

43 41 0.0144016

44 41 0.0124515

45 41 0.0104522

46 41 0.00841171

47 41 0.006338

48 41 0.00423928

49 41 0.00212383

50 41 0

0 42 0

1 42 0.00190951

2 42 0.00381147

3 42 0.0056984

4 42 0.00756284

5 42 0.00939743

6 42 0.0111949

7 42 0.0129483

8 42 0.0146505

9 42 0.0162949

10 42 0.017875

11 42 0.0193845

12 42 0.0208176

13 42 0.0221685

14 42 0.0234319

15 42 0.0246028

16 42 0.0256766

17 42 0.0266491

18 42 0.0275164

19 42 0.0282752

20 42 0.0289223

21 42 0.0294553

22 42 0.0298721

23 42 0.0301709

24 42 0.0303507

25 42 0.0304107

26 42 0.0303507

27 42 0.0301709

28 42 0.0298721

29 42 0.0294553

30 42 0.0289223

31 42 0.0282752

32 42 0.0275164

33 42 0.0266491

34 42 0.0256766

35 42 0.0246028

36 42 0.0234319

37 42 0.0221685

38 42 0.0208176

39 42 0.0193845

40 42 0.017875

41 42 0.0162949

42 42 0.0146505

43 42 0.0129483

44 42 0.0111949

45 42 0.00939743

46 42 0.00756284

47 42 0.0056984

48 42 0.00381147

49 42 0.00190951

50 42 0

0 43 0

1 43 0.00168764

2 43 0.00336862

3 43 0.00503631

4 43 0.00668412

5 43 0.00830555

6 43 0.00989421

7 43 0.0114438

8 43 0.0129483

9 43 0.0144016

10 43 0.0157981

11 43 0.0171323

12 43 0.0183988

13 43 0.0195927

14 43 0.0207093

15 43 0.0217442

16 43 0.0226933

17 43 0.0235528

18 43 0.0243193

19 43 0.0249899

20 43 0.0255619

21 43 0.0260329

22 43 0.0264013

23 43 0.0266654

24 43 0.0268243

25 43 0.0268773

26 43 0.0268243

27 43 0.0266654

28 43 0.0264013

29 43 0.0260329

30 43 0.0255619

31 43 0.0249899

32 43 0.0243193

33 43 0.0235528

34 43 0.0226933

35 43 0.0217442

36 43 0.0207093

37 43 0.0195927

38 43 0.0183988

39 43 0.0171323

40 43 0.0157981

41 43 0.0144016

42 43 0.0129483

43 43 0.0114438

44 43 0.00989421

45 43 0.00830555

46 43 0.00668412

47 43 0.00503631

48 43 0.00336862

49 43 0.00168764

50 43 0

0 44 0

1 44 0.00145912

2 44 0.00291248

3 44 0.00435434

4 44 0.00577903

5 44 0.0071809

6 44 0.00855443

7 44 0.00989421

8 44 0.0111949

9 44 0.0124515

10 44 0.0136589

11 44 0.0148124

12 44 0.0159074

13 44 0.0169397

14 44 0.0179051

15 44 0.0187998

16 44 0.0196204

17 44 0.0203635

18 44 0.0210263

19 44 0.021606

20 44 0.0221005

21 44 0.0225078

22 44 0.0228263

23 44 0.0230546

24 44 0.023192

25 44 0.0232379

26 44 0.023192

27 44 0.0230546

28 44 0.0228263

29 44 0.0225078

30 44 0.0221005

31 44 0.021606

32 44 0.0210263

33 44 0.0203635

34 44 0.0196204

35 44 0.0187998

36 44 0.0179051

37 44 0.0169397

38 44 0.0159074

39 44 0.0148124

40 44 0.0136589

41 44 0.0124515

42 44 0.0111949

43 44 0.00989421

44 44 0.00855443

45 44 0.0071809

46 44 0.00577903

47 44 0.00435434

48 44 0.00291248

49 44 0.00145912

50 44 0

0 45 0

1 45 0.00122484

2 45 0.00244484

3 45 0.00365519

4 45 0.00485112

5 45 0.00602791

6 45 0.0071809

7 45 0.00830555

8 45 0.00939743

9 45 0.0104522

10 45 0.0114658

11 45 0.012434

12 45 0.0133533

13 45 0.0142198

14 45 0.0150302

15 45 0.0157813

16 45 0.0164701

17 45 0.0170939

18 45 0.0176502

19 45 0.0181369

20 45 0.018552

21 45 0.0188939

22 45 0.0191612

23 45 0.0193529

24 45 0.0194682

25 45 0.0195067

26 45 0.0194682

27 45 0.0193529

28 45 0.0191612

29 45 0.0188939

30 45 0.018552

31 45 0.0181369

32 45 0.0176502

33 45 0.0170939

34 45 0.0164701

35 45 0.0157813

36 45 0.0150302

37 45 0.0142198

38 45 0.0133533

39 45 0.012434

40 45 0.0114658

41 45 0.0104522

42 45 0.00939743

43 45 0.00830555

44 45 0.0071809

45 45 0.00602791

46 45 0.00485112

47 45 0.00365519

48 45 0.00244484

49 45 0.00122484

50 45 0

0 46 0

1 46 0.000985721

2 46 0.00196755

3 46 0.00294162

4 46 0.00390407

5 46 0.00485112

6 46 0.00577903

7 46 0.00668412

8 46 0.00756284

9 46 0.00841171

10 46 0.00922738

11 46 0.0100066

12 46 0.0107464

13 46 0.0114438

14 46 0.0120959

15 46 0.0127004

16 46 0.0132547

17 46 0.0137568

18 46 0.0142045

19 46 0.0145962

20 46 0.0149302

21 46 0.0152054

22 46 0.0154205

23 46 0.0155748

24 46 0.0156676

25 46 0.0156986

26 46 0.0156676

27 46 0.0155748

28 46 0.0154205

29 46 0.0152054

30 46 0.0149302

31 46 0.0145962

32 46 0.0142045

33 46 0.0137568

34 46 0.0132547

35 46 0.0127004

36 46 0.0120959

37 46 0.0114438

38 46 0.0107464

39 46 0.0100066

40 46 0.00922738

41 46 0.00841171

42 46 0.00756284

43 46 0.00668412

44 46 0.00577903

45 46 0.00485112

46 46 0.00390407

47 46 0.00294162

48 46 0.00196755

49 46 0.000985721

50 46 0

0 47 0

1 47 0.000742715

2 47 0.0014825

3 47 0.00221643

4 47 0.00294162

5 47 0.00365519

6 47 0.00435434

7 47 0.00503631

8 47 0.0056984

9 47 0.006338

10 47 0.00695259

11 47 0.00753974

12 47 0.00809713

13 47 0.00862257

14 47 0.00911398

15 47 0.00956942

16 47 0.0099871

17 47 0.0103654

18 47 0.0107027

19 47 0.0109978

20 47 0.0112495

21 47 0.0114568

22 47 0.0116189

23 47 0.0117352

24 47 0.0118051

25 47 0.0118285

26 47 0.0118051

27 47 0.0117352

28 47 0.0116189

29 47 0.0114568

30 47 0.0112495

31 47 0.0109978

32 47 0.0107027

33 47 0.0103654

34 47 0.0099871

35 47 0.00956942

36 47 0.00911398

37 47 0.00862257

38 47 0.00809713

39 47 0.00753974

40 47 0.00695259

41 47 0.006338

42 47 0.0056984

43 47 0.00503631

44 47 0.00435434

45 47 0.00365519

46 47 0.00294162

47 47 0.00221643

48 47 0.0014825

49 47 0.000742715

50 47 0

0 48 0

1 48 0.000496778

2 48 0.000991595

3 48 0.0014825

4 48 0.00196755

5 48 0.00244484

6 48 0.00291248

7 48 0.00336862

8 48 0.00381147

9 48 0.00423928

10 48 0.00465036

11 48 0.00504309

12 48 0.00541591

13 48 0.00576736

14 48 0.00609604

15 48 0.00640067

16 48 0.00668004

17 48 0.00693305

18 48 0.00715869

19 48 0.00735608

20 48 0.00752444

21 48 0.00766311

22 48 0.00777153

23 48 0.00784928

24 48 0.00789605

25 48 0.00791167

26 48 0.00789605

27 48 0.00784928

28 48 0.00777153

29 48 0.00766311

30 48 0.00752444

31 48 0.00735608

32 48 0.00715869

33 48 0.00693305

34 48 0.00668004

35 48 0.00640067

