0 1 0

1 1 0.000175856

2 1 0.000351019

3 1 0.000524796

4 1 0.000696502

5 1 0.000865459

6 1 0.001031

7 1 0.00119247

8 1 0.00134924

9 1 0.00150068

10 1 0.0016462

11 1 0.00178522

12 1 0.0019172

13 1 0.00204161

14 1 0.00215796

15 1 0.0022658

16 1 0.0023647

17 1 0.00245426

18 1 0.00253413

19 1 0.00260401

20 1 0.00266361

21 1 0.00271269

22 1 0.00275108

23 1 0.0027786

24 1 0.00279516

25 1 0.00280068

26 1 0.00279516

27 1 0.0027786

28 1 0.00275108

29 1 0.00271269

30 1 0.00266361

31 1 0.00260401

32 1 0.00253413

33 1 0.00245426

34 1 0.0023647

35 1 0.0022658

36 1 0.00215796

37 1 0.00204161

38 1 0.0019172

39 1 0.00178522

40 1 0.0016462

41 1 0.00150068

42 1 0.00134924

43 1 0.00119247

44 1 0.001031

45 1 0.000865459

46 1 0.000696502

47 1 0.000524796

48 1 0.000351019

49 1 0.000175856

50 1 0

0 2 0

1 2 0.000351019

2 2 0.000700652

3 2 0.00104752

4 2 0.00139025

5 2 0.0017275

6 2 0.00205793

7 2 0.00238024

8 2 0.00269315

9 2 0.00299544

10 2 0.0032859

11 2 0.0035634

12 2 0.00382683

13 2 0.00407516

14 2 0.00430741

15 2 0.00452266

16 2 0.00472006

17 2 0.00489883

18 2 0.00505827

19 2 0.00519774

20 2 0.0053167

21 2 0.00541468

22 2 0.00549129

23 2 0.00554623

24 2 0.00557928

25 2 0.00559031

26 2 0.00557928

27 2 0.00554623

28 2 0.00549129

29 2 0.00541468

30 2 0.0053167

31 2 0.00519774

32 2 0.00505827

33 2 0.00489883

34 2 0.00472006

35 2 0.00452266

36 2 0.00430741

37 2 0.00407516

38 2 0.00382683

39 2 0.0035634

40 2 0.0032859

41 2 0.00299544

42 2 0.00269315

43 2 0.00238024

44 2 0.00205793

45 2 0.0017275

46 2 0.00139025

47 2 0.00104752

48 2 0.000700652

49 2 0.000351019

50 2 0

0 3 0

1 3 0.000524796

2 3 0.00104752

3 3 0.00156611

4 3 0.00207852

5 3 0.00258273

6 3 0.00307674

7 3 0.00355861

8 3 0.00402644

9 3 0.00447838

10 3 0.00491264

11 3 0.00532751

12 3 0.00572136

13 3 0.00609263

14 3 0.00643986

15 3 0.00676167

16 3 0.00705679

17 3 0.00732407

18 3 0.00756244

19 3 0.00777096

20 3 0.00794882

21 3 0.0080953

22 3 0.00820984

23 3 0.00829198

24 3 0.00834139

25 3 0.00835788

26 3 0.00834139

27 3 0.00829198

28 3 0.00820984

29 3 0.0080953

30 3 0.00794882

31 3 0.00777096

32 3 0.00756244

33 3 0.00732407

34 3 0.00705679

35 3 0.00676167

36 3 0.00643986

37 3 0.00609263

38 3 0.00572136

39 3 0.00532751

40 3 0.00491264

41 3 0.00447838

42 3 0.00402644

43 3 0.00355861

44 3 0.00307674

45 3 0.00258273

46 3 0.00207852

47 3 0.00156611

48 3 0.00104752

49 3 0.000524796

50 3 0

0 4 0

1 4 0.000696502

2 4 0.00139025

3 4 0.00207852

4 4 0.00275858

5 4 0.00342776

6 4 0.00408341

7 4 0.00472294

8 4 0.00534384

9 4 0.00594364

10 4 0.00651999

11 4 0.0070706

12 4 0.00759332

13 4 0.00808606

14 4 0.00854689

15 4 0.00897399

16 4 0.00936568

17 4 0.0097204

18 4 0.0100368

19 4 0.0103135

20 4 0.0105496

21 4 0.010744

22 4 0.010896

23 4 0.011005

24 4 0.0110706

25 4 0.0110925

26 4 0.0110706

27 4 0.011005

28 4 0.010896

29 4 0.010744

30 4 0.0105496

31 4 0.0103135

32 4 0.0100368

33 4 0.0097204

34 4 0.00936568

35 4 0.00897399

36 4 0.00854689

37 4 0.00808606

38 4 0.00759332

39 4 0.0070706

40 4 0.00651999

41 4 0.00594364

42 4 0.00534384

43 4 0.00472294

44 4 0.00408341

45 4 0.00342776

46 4 0.00275858

47 4 0.00207852

48 4 0.00139025

49 4 0.000696502

50 4 0

0 5 0

1 5 0.000865459

2 5 0.0017275

3 5 0.00258273

4 5 0.00342776

5 5 0.00425927

6 5 0.00507396

7 5 0.00586863

8 5 0.00664014

9 5 0.00738545

10 5 0.0081016

11 5 0.00878579

12 5 0.0094353

13 5 0.0100476

14 5 0.0106202

15 5 0.0111509

16 5 0.0116376

17 5 0.0120784

18 5 0.0124715

19 5 0.0128154

20 5 0.0131087

21 5 0.0133502

22 5 0.0135391

23 5 0.0136746

24 5 0.0137561

25 5 0.0137833

26 5 0.0137561

27 5 0.0136746

28 5 0.0135391

29 5 0.0133502

30 5 0.0131087

31 5 0.0128154

32 5 0.0124715

33 5 0.0120784

34 5 0.0116376

35 5 0.0111509

36 5 0.0106202

37 5 0.0100476

38 5 0.0094353

39 5 0.00878579

40 5 0.0081016

41 5 0.00738545

42 5 0.00664014

43 5 0.00586863

44 5 0.00507396

45 5 0.00425927

46 5 0.00342776

47 5 0.00258273

48 5 0.0017275

49 5 0.000865459

50 5 0

0 6 0

1 6 0.001031

2 6 0.00205793

3 6 0.00307674

4 6 0.00408341

5 6 0.00507396

6 6 0.00604449

7 6 0.00699116

8 6 0.00791024

9 6 0.00879811

10 6 0.00965125

11 6 0.0104663

12 6 0.01124

13 6 0.0119694

14 6 0.0126516

15 6 0.0132838

16 6 0.0138636

17 6 0.0143887

18 6 0.014857

19 6 0.0152666

20 6 0.015616

21 6 0.0159038

22 6 0.0161288

23 6 0.0162902

24 6 0.0163873

25 6 0.0164197

26 6 0.0163873

27 6 0.0162902

28 6 0.0161288

29 6 0.0159038

30 6 0.015616

31 6 0.0152666

32 6 0.014857

33 6 0.0143887

34 6 0.0138636

35 6 0.0132838

36 6 0.0126516

37 6 0.0119694

38 6 0.01124

39 6 0.0104663

40 6 0.00965125

41 6 0.00879811

42 6 0.00791024

43 6 0.00699116

44 6 0.00604449

45 6 0.00507396

46 6 0.00408341

47 6 0.00307674

48 6 0.00205793

49 6 0.001031

50 6 0

0 7 0

1 7 0.00119247

2 7 0.00238024

3 7 0.00355861

4 7 0.00472294

5 7 0.00586863

6 7 0.00699116

7 7 0.0080861

8 7 0.00914912

9 7 0.010176

10 7 0.0111628

11 7 0.0121055

12 7 0.0130004

13 7 0.0138441

14 7 0.014633

15 7 0.0153643

16 7 0.0160349

17 7 0.0166422

18 7 0.0171838

19 7 0.0176577

20 7 0.0180618

21 7 0.0183946

22 7 0.0186549

23 7 0.0188415

24 7 0.0189538

25 7 0.0189913

26 7 0.0189538

27 7 0.0188415

28 7 0.0186549

29 7 0.0183946

30 7 0.0180618

31 7 0.0176577

32 7 0.0171838

33 7 0.0166422

34 7 0.0160349

35 7 0.0153643

36 7 0.014633

37 7 0.0138441

38 7 0.0130004

39 7 0.0121055

40 7 0.0111628

41 7 0.010176

42 7 0.00914912

43 7 0.0080861

44 7 0.00699116

45 7 0.00586863

46 7 0.00472294

47 7 0.00355861

48 7 0.00238024

49 7 0.00119247

50 7 0

0 8 0

1 8 0.00134924

2 8 0.00269315

3 8 0.00402644

4 8 0.00534384

5 8 0.00664014

6 8 0.00791024

7 8 0.00914912

8 8 0.0103519

9 8 0.0115138

10 8 0.0126303

11 8 0.0136969

12 8 0.0147095

13 8 0.015664

14 8 0.0165568

15 8 0.0173841

16 8 0.0181429

17 8 0.01883

18 8 0.0194429

19 8 0.019979

20 8 0.0204363

21 8 0.0208129

22 8 0.0211073

23 8 0.0213185

24 8 0.0214455

25 8 0.021488

26 8 0.0214455

27 8 0.0213185

28 8 0.0211073

29 8 0.0208129

30 8 0.0204363

31 8 0.019979

32 8 0.0194429

33 8 0.01883

34 8 0.0181429

35 8 0.0173841

36 8 0.0165568

37 8 0.015664

38 8 0.0147095

39 8 0.0136969

40 8 0.0126303

41 8 0.0115138

42 8 0.0103519

43 8 0.00914912

44 8 0.00791024

45 8 0.00664014

46 8 0.00534384

47 8 0.00402644

48 8 0.00269315

49 8 0.00134924

50 8 0

0 9 0

1 9 0.00150068

2 9 0.00299544

3 9 0.00447838

4 9 0.00594364

5 9 0.00738545

6 9 0.00879811

7 9 0.010176

8 9 0.0115138

9 9 0.0128062

10 9 0.014048

11 9 0.0152343

12 9 0.0163605

13 9 0.0174222

14 9 0.0184151

15 9 0.0193354

16 9 0.0201793

17 9 0.0209436

18 9 0.0216252

19 9 0.0222215

20 9 0.0227301

21 9 0.023149

22 9 0.0234765

23 9 0.0237113

24 9 0.0238526

25 9 0.0238998

26 9 0.0238526

27 9 0.0237113

28 9 0.0234765

29 9 0.023149

30 9 0.0227301

31 9 0.0222215

32 9 0.0216252

33 9 0.0209436

34 9 0.0201793

35 9 0.0193354

36 9 0.0184151

37 9 0.0174222

38 9 0.0163605

39 9 0.0152343

40 9 0.014048

41 9 0.0128062

42 9 0.0115138

43 9 0.010176

44 9 0.00879811

45 9 0.00738545

46 9 0.00594364

47 9 0.00447838

48 9 0.00299544

49 9 0.00150068

50 9 0

0 10 0

1 10 0.0016462

2 10 0.0032859

3 10 0.00491264

4 10 0.00651999

5 10 0.0081016

6 10 0.00965125

7 10 0.0111628

8 10 0.0126303

9 10 0.014048

10 10 0.0154102

11 10 0.0167116

12 10 0.017947

13 10 0.0191116

14 10 0.0202008

15 10 0.0212103

16 10 0.022136

17 10 0.0229744

18 10 0.0237222

19 10 0.0243763

20 10 0.0249342

21 10 0.0253937

22 10 0.025753

23 10 0.0260106

24 10 0.0261656

25 10 0.0262173

26 10 0.0261656

27 10 0.0260106

28 10 0.025753

29 10 0.0253937

30 10 0.0249342

31 10 0.0243763

32 10 0.0237222

33 10 0.0229744

34 10 0.022136

35 10 0.0212103

36 10 0.0202008

37 10 0.0191116

38 10 0.017947

39 10 0.0167116

40 10 0.0154102

41 10 0.014048

42 10 0.0126303

43 10 0.0111628

44 10 0.00965125

45 10 0.0081016

46 10 0.00651999

47 10 0.00491264

48 10 0.0032859

49 10 0.0016462

50 10 0

0 11 0

1 11 0.00178522

2 11 0.0035634

3 11 0.00532751

4 11 0.0070706

5 11 0.00878579

6 11 0.0104663

7 11 0.0121055

8 11 0.0136969

9 11 0.0152343

10 11 0.0167116

11 11 0.0181229

12 11 0.0194626

13 11 0.0207256

14 11 0.0219068

15 11 0.0230015

16 11 0.0240054

17 11 0.0249146

18 11 0.0257255

19 11 0.0264349

20 11 0.0270399

21 11 0.0275382

22 11 0.0279278

23 11 0.0282072

24 11 0.0283753

25 11 0.0284314

26 11 0.0283753

27 11 0.0282072

28 11 0.0279278

29 11 0.0275382

30 11 0.0270399

31 11 0.0264349

32 11 0.0257255

33 11 0.0249146

34 11 0.0240054

35 11 0.0230015

36 11 0.0219068

37 11 0.0207256

38 11 0.0194626

39 11 0.0181229

40 11 0.0167116

41 11 0.0152343

42 11 0.0136969

43 11 0.0121055

44 11 0.0104663

45 11 0.00878579

46 11 0.0070706

47 11 0.00532751

48 11 0.0035634

49 11 0.00178522

50 11 0

0 12 0

1 12 0.0019172

2 12 0.00382683

3 12 0.00572136

4 12 0.00759332

5 12 0.0094353

6 12 0.01124

7 12 0.0130004

8 12 0.0147095

9 12 0.0163605

10 12 0.017947

11 12 0.0194626

12 12 0.0209015

13 12 0.0222578

14 12 0.0235263

15 12 0.0247019

16 12 0.0257801

17 12 0.0267565

18 12 0.0276273

19 12 0.0283891

20 12 0.0290389

21 12 0.029574

22 12 0.0299924

23 12 0.0302925

24 12 0.030473

25 12 0.0305333

26 12 0.030473

27 12 0.0302925

28 12 0.0299924

29 12 0.029574

30 12 0.0290389

31 12 0.0283891

32 12 0.0276273

33 12 0.0267565

34 12 0.0257801

35 12 0.0247019

36 12 0.0235263

37 12 0.0222578

38 12 0.0209015

39 12 0.0194626

40 12 0.017947

41 12 0.0163605

42 12 0.0147095

43 12 0.0130004

44 12 0.01124

45 12 0.0094353

46 12 0.00759332

47 12 0.00572136

48 12 0.00382683

49 12 0.0019172

50 12 0

0 13 0

1 13 0.00204161

2 13 0.00407516

3 13 0.00609263

4 13 0.00808606

5 13 0.0100476

6 13 0.0119694

7 13 0.0138441

8 13 0.015664

9 13 0.0174222

10 13 0.0191116

11 13 0.0207256

12 13 0.0222578

13 13 0.0237021

14 13 0.025053

15 13 0.0263049

16 13 0.027453

17 13 0.0284928

18 13 0.0294201

19 13 0.0302313

20 13 0.0309232

21 13 0.0314931

22 13 0.0319387

23 13 0.0322582

24 13 0.0324505

25 13 0.0325146

26 13 0.0324505

27 13 0.0322582

28 13 0.0319387

29 13 0.0314931

30 13 0.0309232

31 13 0.0302313

32 13 0.0294201

33 13 0.0284928

34 13 0.027453

35 13 0.0263049

36 13 0.025053

37 13 0.0237021

38 13 0.0222578

39 13 0.0207256

40 13 0.0191116

41 13 0.0174222

42 13 0.015664

43 13 0.0138441

44 13 0.0119694

45 13 0.0100476

46 13 0.00808606

47 13 0.00609263

48 13 0.00407516

49 13 0.00204161

50 13 0

0 14 0

1 14 0.00215796

2 14 0.00430741

3 14 0.00643986

4 14 0.00854689

5 14 0.0106202

6 14 0.0126516

7 14 0.014633

8 14 0.0165568

9 14 0.0184151

10 14 0.0202008

11 14 0.0219068

12 14 0.0235263

13 14 0.025053

14 14 0.0264807

15 14 0.027804

16 14 0.0290176

17 14 0.0301166

18 14 0.0310968

19 14 0.0319543

20 14 0.0326856

21 14 0.0332879

22 14 0.0337589

23 14 0.0340967

24 14 0.0342999

25 14 0.0343677

26 14 0.0342999

27 14 0.0340967

28 14 0.0337589

29 14 0.0332879

30 14 0.0326856

31 14 0.0319543

32 14 0.0310968

33 14 0.0301166

34 14 0.0290176

35 14 0.027804

36 14 0.0264807

37 14 0.025053

38 14 0.0235263

39 14 0.0219068

40 14 0.0202008

41 14 0.0184151

42 14 0.0165568

43 14 0.014633

44 14 0.0126516

45 14 0.0106202

46 14 0.00854689

47 14 0.00643986

48 14 0.00430741

49 14 0.00215796

50 14 0

0 15 0

1 15 0.0022658

2 15 0.00452266

3 15 0.00676167

4 15 0.00897399

5 15 0.0111509

6 15 0.0132838

7 15 0.0153643

8 15 0.0173841

9 15 0.0193354

10 15 0.0212103

11 15 0.0230015

12 15 0.0247019

13 15 0.0263049

14 15 0.027804

15 15 0.0291934

16 15 0.0304676

17 15 0.0316216

18 15 0.0326508

19 15 0.0335511

20 15 0.0343189

21 15 0.0349514

22 15 0.0354459

23 15 0.0358005

24 15 0.0360139

25 15 0.0360851

26 15 0.0360139

27 15 0.0358005

28 15 0.0354459

29 15 0.0349514

30 15 0.0343189

31 15 0.0335511

32 15 0.0326508

33 15 0.0316216

34 15 0.0304676

35 15 0.0291934

36 15 0.027804

37 15 0.0263049

38 15 0.0247019

39 15 0.0230015

40 15 0.0212103

41 15 0.0193354

42 15 0.0173841

43 15 0.0153643

44 15 0.0132838

45 15 0.0111509

46 15 0.00897399

47 15 0.00676167

48 15 0.00452266

49 15 0.0022658

50 15 0

0 16 0

1 16 0.0023647

2 16 0.00472006

3 16 0.00705679

4 16 0.00936568

5 16 0.0116376

6 16 0.0138636

7 16 0.0160349

8 16 0.0181429

9 16 0.0201793

10 16 0.022136

11 16 0.0240054

12 16 0.0257801

13 16 0.027453

14 16 0.0290176

15 16 0.0304676

16 16 0.0317974

17 16 0.0330018

18 16 0.0340758

19 16 0.0350154

20 16 0.0358169

21 16 0.0364769

22 16 0.036993

23 16 0.0373631

24 16 0.0375858

25 16 0.0376601

26 16 0.0375858

27 16 0.0373631

28 16 0.036993

29 16 0.0364769

30 16 0.0358169

31 16 0.0350154

32 16 0.0340758

33 16 0.0330018

34 16 0.0317974

35 16 0.0304676

36 16 0.0290176

37 16 0.027453

38 16 0.0257801

39 16 0.0240054

40 16 0.022136

41 16 0.0201793

42 16 0.0181429

43 16 0.0160349

44 16 0.0138636

45 16 0.0116376

46 16 0.00936568

47 16 0.00705679

48 16 0.00472006

49 16 0.0023647

50 16 0

0 17 0

1 17 0.00245426

2 17 0.00489883

3 17 0.00732407

4 17 0.0097204

5 17 0.0120784

6 17 0.0143887

7 17 0.0166422

8 17 0.01883

9 17 0.0209436

10 17 0.0229744

11 17 0.0249146

12 17 0.0267565

13 17 0.0284928

14 17 0.0301166

15 17 0.0316216

16 17 0.0330018

17 17 0.0342517

18 17 0.0353665

19 17 0.0363417

20 17 0.0371734

21 17 0.0378585

22 17 0.0383941

23 17 0.0387782

24 17 0.0390093

25 17 0.0390864

26 17 0.0390093

27 17 0.0387782

28 17 0.0383941

29 17 0.0378585

30 17 0.0371734

31 17 0.0363417

32 17 0.0353665

33 17 0.0342517

34 17 0.0330018

35 17 0.0316216

36 17 0.0301166

37 17 0.0284928

38 17 0.0267565

39 17 0.0249146

40 17 0.0229744

41 17 0.0209436

42 17 0.01883

43 17 0.0166422

44 17 0.0143887

45 17 0.0120784

46 17 0.0097204

47 17 0.00732407

48 17 0.00489883

49 17 0.00245426

50 17 0

0 18 0

1 18 0.00253413

2 18 0.00505827

3 18 0.00756244

4 18 0.0100368

5 18 0.0124715

6 18 0.014857

7 18 0.0171838

8 18 0.0194429

9 18 0.0216252

10 18 0.0237222

11 18 0.0257255

12 18 0.0276273

13 18 0.0294201

14 18 0.0310968

15 18 0.0326508

16 18 0.0340758

17 18 0.0353665

18 18 0.0365175

19 18 0.0375244

20 18 0.0383833

21 18 0.0390906

22 18 0.0396437

23 18 0.0400403

24 18 0.0402789

25 18 0.0403585

26 18 0.0402789

27 18 0.0400403

28 18 0.0396437

29 18 0.0390906

30 18 0.0383833

31 18 0.0375244

32 18 0.0365175

33 18 0.0353665

34 18 0.0340758

35 18 0.0326508

36 18 0.0310968

37 18 0.0294201

38 18 0.0276273

39 18 0.0257255

40 18 0.0237222

41 18 0.0216252

42 18 0.0194429

43 18 0.0171838

44 18 0.014857

45 18 0.0124715

46 18 0.0100368

47 18 0.00756244

48 18 0.00505827

49 18 0.00253413

50 18 0

0 19 0

1 19 0.00260401

2 19 0.00519774

3 19 0.00777096

4 19 0.0103135

5 19 0.0128154

6 19 0.0152666

7 19 0.0176577

8 19 0.019979

9 19 0.0222215

10 19 0.0243763

11 19 0.0264349

12 19 0.0283891

13 19 0.0302313

14 19 0.0319543

15 19 0.0335511

16 19 0.0350154

17 19 0.0363417

18 19 0.0375244

19 19 0.0385591

20 19 0.0394416

21 19 0.0401685

22 19 0.0407368

23 19 0.0411444

24 19 0.0413895

25 19 0.0414714

26 19 0.0413895

27 19 0.0411444

28 19 0.0407368

29 19 0.0401685

30 19 0.0394416

31 19 0.0385591

32 19 0.0375244

33 19 0.0363417

34 19 0.0350154

35 19 0.0335511

36 19 0.0319543

37 19 0.0302313

38 19 0.0283891

39 19 0.0264349

40 19 0.0243763

41 19 0.0222215

42 19 0.019979

43 19 0.0176577

44 19 0.0152666

45 19 0.0128154

46 19 0.0103135

47 19 0.00777096

48 19 0.00519774

49 19 0.00260401

50 19 0

0 20 0

1 20 0.00266361

2 20 0.0053167

3 20 0.00794882

4 20 0.0105496

5 20 0.0131087

6 20 0.015616

7 20 0.0180618

8 20 0.0204363

9 20 0.0227301

10 20 0.0249342

11 20 0.0270399

12 20 0.0290389

13 20 0.0309232

14 20 0.0326856

15 20 0.0343189

16 20 0.0358169

17 20 0.0371734

18 20 0.0383833

19 20 0.0394416

20 20 0.0403443

21 20 0.0410878

22 20 0.0416692

23 20 0.0420861

24 20 0.0423368

25 20 0.0424205

26 20 0.0423368

27 20 0.0420861

28 20 0.0416692

29 20 0.0410878

30 20 0.0403443

31 20 0.0394416

32 20 0.0383833

33 20 0.0371734

34 20 0.0358169

35 20 0.0343189

36 20 0.0326856

37 20 0.0309232

38 20 0.0290389

39 20 0.0270399

40 20 0.0249342

41 20 0.0227301

42 20 0.0204363

43 20 0.0180618

44 20 0.015616

45 20 0.0131087

46 20 0.0105496

47 20 0.00794882

48 20 0.0053167

49 20 0.00266361

50 20 0

0 21 0

1 21 0.00271269

2 21 0.00541468

3 21 0.0080953

4 21 0.010744

5 21 0.0133502

6 21 0.0159038

7 21 0.0183946

8 21 0.0208129

9 21 0.023149

10 21 0.0253937

11 21 0.0275382

12 21 0.029574

13 21 0.0314931

14 21 0.0332879

15 21 0.0349514

16 21 0.0364769

17 21 0.0378585

18 21 0.0390906

19 21 0.0401685

20 21 0.0410878

21 21 0.041845

22 21 0.0424371

23 21 0.0428616

24 21 0.0431171

25 21 0.0432023

26 21 0.0431171

27 21 0.0428616

28 21 0.0424371

29 21 0.041845

30 21 0.0410878

31 21 0.0401685

32 21 0.0390906

33 21 0.0378585

34 21 0.0364769

35 21 0.0349514

36 21 0.0332879

37 21 0.0314931

38 21 0.029574

39 21 0.0275382

40 21 0.0253937

41 21 0.023149

42 21 0.0208129

43 21 0.0183946

44 21 0.0159038

45 21 0.0133502

46 21 0.010744

47 21 0.0080953

48 21 0.00541468

49 21 0.00271269

50 21 0

0 22 0

1 22 0.00275108

2 22 0.00549129

3 22 0.00820984

4 22 0.010896

5 22 0.0135391

6 22 0.0161288

7 22 0.0186549

8 22 0.0211073

9 22 0.0234765

10 22 0.025753

11 22 0.0279278

12 22 0.0299924

13 22 0.0319387

14 22 0.0337589

15 22 0.0354459

16 22 0.036993

17 22 0.0383941

18 22 0.0396437

19 22 0.0407368

20 22 0.0416692

21 22 0.0424371

22 22 0.0430375

23 22 0.0434681

24 22 0.0437271

25 22 0.0438136

26 22 0.0437271

27 22 0.0434681

28 22 0.0430375

29 22 0.0424371

30 22 0.0416692

31 22 0.0407368

32 22 0.0396437

33 22 0.0383941

34 22 0.036993

35 22 0.0354459

36 22 0.0337589

37 22 0.0319387

38 22 0.0299924

39 22 0.0279278

40 22 0.025753

41 22 0.0234765

42 22 0.0211073

43 22 0.0186549

44 22 0.0161288

45 22 0.0135391

46 22 0.010896

47 22 0.00820984

48 22 0.00549129

49 22 0.00275108

50 22 0

0 23 0

1 23 0.0027786

2 23 0.00554623

3 23 0.00829198

4 23 0.011005

5 23 0.0136746

6 23 0.0162902

7 23 0.0188415

8 23 0.0213185

9 23 0.0237113

10 23 0.0260106

11 23 0.0282072

12 23 0.0302925

13 23 0.0322582

14 23 0.0340967

15 23 0.0358005

16 23 0.0373631

17 23 0.0387782

18 23 0.0400403

19 23 0.0411444

20 23 0.0420861

21 23 0.0428616

22 23 0.0434681

23 23 0.043903

24 23 0.0441646

25 23 0.0442519

26 23 0.0441646

27 23 0.043903

28 23 0.0434681

29 23 0.0428616

30 23 0.0420861

31 23 0.0411444

32 23 0.0400403

33 23 0.0387782

34 23 0.0373631

35 23 0.0358005

36 23 0.0340967

37 23 0.0322582

38 23 0.0302925

39 23 0.0282072

40 23 0.0260106

41 23 0.0237113

42 23 0.0213185

43 23 0.0188415

44 23 0.0162902

45 23 0.0136746

46 23 0.011005

47 23 0.00829198

48 23 0.00554623

49 23 0.0027786

50 23 0

0 24 0

1 24 0.00279516

2 24 0.00557928

3 24 0.00834139

4 24 0.0110706

5 24 0.0137561

6 24 0.0163873

7 24 0.0189538

8 24 0.0214455

9 24 0.0238526

10 24 0.0261656

11 24 0.0283753

12 24 0.030473

13 24 0.0324505

14 24 0.0342999

15 24 0.0360139

16 24 0.0375858

17 24 0.0390093

18 24 0.0402789

19 24 0.0413895

20 24 0.0423368

21 24 0.0431171

22 24 0.0437271

23 24 0.0441646

24 24 0.0444277

25 24 0.0445156

26 24 0.0444277

27 24 0.0441646

28 24 0.0437271

29 24 0.0431171

30 24 0.0423368

31 24 0.0413895

32 24 0.0402789

33 24 0.0390093

34 24 0.0375858

35 24 0.0360139

36 24 0.0342999

37 24 0.0324505

38 24 0.030473

39 24 0.0283753

40 24 0.0261656

41 24 0.0238526

42 24 0.0214455

43 24 0.0189538

44 24 0.0163873

45 24 0.0137561

46 24 0.0110706

47 24 0.00834139

48 24 0.00557928

49 24 0.00279516

50 24 0

0 25 0

1 25 0.00280068

2 25 0.00559031

3 25 0.00835788

4 25 0.0110925

5 25 0.0137833

6 25 0.0164197

7 25 0.0189913

8 25 0.021488

9 25 0.0238998

10 25 0.0262173

11 25 0.0284314

12 25 0.0305333

13 25 0.0325146

14 25 0.0343677

15 25 0.0360851

16 25 0.0376601

17 25 0.0390864

18 25 0.0403585

19 25 0.0414714

20 25 0.0424205

21 25 0.0432023

22 25 0.0438136

23 25 0.0442519

24 25 0.0445156

25 25 0.0446036

26 25 0.0445156

27 25 0.0442519

28 25 0.0438136

29 25 0.0432023

30 25 0.0424205

31 25 0.0414714

32 25 0.0403585

33 25 0.0390864

34 25 0.0376601

35 25 0.0360851

36 25 0.0343677

37 25 0.0325146

38 25 0.0305333

39 25 0.0284314

40 25 0.0262173

41 25 0.0238998

42 25 0.021488

43 25 0.0189913

44 25 0.0164197

45 25 0.0137833

46 25 0.0110925

47 25 0.00835788

48 25 0.00559031

49 25 0.00280068

50 25 0

0 26 0

1 26 0.00279516

2 26 0.00557928

3 26 0.00834139

4 26 0.0110706

5 26 0.0137561

6 26 0.0163873

7 26 0.0189538

8 26 0.0214455

9 26 0.0238526

10 26 0.0261656

11 26 0.0283753

12 26 0.030473

13 26 0.0324505

14 26 0.0342999

15 26 0.0360139

16 26 0.0375858

17 26 0.0390093

18 26 0.0402789

19 26 0.0413895

20 26 0.0423368

21 26 0.0431171

22 26 0.0437271

23 26 0.0441646

24 26 0.0444277

25 26 0.0445156

26 26 0.0444277

27 26 0.0441646

28 26 0.0437271

29 26 0.0431171

30 26 0.0423368

31 26 0.0413895

32 26 0.0402789

33 26 0.0390093

34 26 0.0375858

35 26 0.0360139

36 26 0.0342999

37 26 0.0324505

38 26 0.030473

39 26 0.0283753

40 26 0.0261656

41 26 0.0238526

42 26 0.0214455

43 26 0.0189538

44 26 0.0163873

45 26 0.0137561

46 26 0.0110706

47 26 0.00834139

48 26 0.00557928

49 26 0.00279516

50 26 0

0 27 0

1 27 0.0027786

2 27 0.00554623

3 27 0.00829198

4 27 0.011005

5 27 0.0136746

6 27 0.0162902

7 27 0.0188415

8 27 0.0213185

9 27 0.0237113

10 27 0.0260106

11 27 0.0282072

12 27 0.0302925

13 27 0.0322582

14 27 0.0340967

15 27 0.0358005

16 27 0.0373631

17 27 0.0387782

18 27 0.0400403

19 27 0.0411444

20 27 0.0420861

21 27 0.0428616

22 27 0.0434681

23 27 0.043903

24 27 0.0441646

25 27 0.0442519

26 27 0.0441646

27 27 0.043903

28 27 0.0434681

29 27 0.0428616

30 27 0.0420861

31 27 0.0411444

32 27 0.0400403

33 27 0.0387782

34 27 0.0373631

35 27 0.0358005

36 27 0.0340967

37 27 0.0322582

38 27 0.0302925

39 27 0.0282072

40 27 0.0260106

41 27 0.0237113

42 27 0.0213185

43 27 0.0188415

44 27 0.0162902

45 27 0.0136746

46 27 0.011005

47 27 0.00829198

48 27 0.00554623

49 27 0.0027786

50 27 0

0 28 0

1 28 0.00275108

2 28 0.00549129

3 28 0.00820984

4 28 0.010896

5 28 0.0135391

6 28 0.0161288

7 28 0.0186549

8 28 0.0211073

9 28 0.0234765

10 28 0.025753

11 28 0.0279278

12 28 0.0299924

13 28 0.0319387

14 28 0.0337589

15 28 0.0354459

16 28 0.036993

17 28 0.0383941

18 28 0.0396437

19 28 0.0407368

20 28 0.0416692

21 28 0.0424371

22 28 0.0430375

23 28 0.0434681

24 28 0.0437271

25 28 0.0438136

26 28 0.0437271

27 28 0.0434681

28 28 0.0430375

29 28 0.0424371

30 28 0.0416692

31 28 0.0407368

32 28 0.0396437

33 28 0.0383941

34 28 0.036993

35 28 0.0354459

36 28 0.0337589

37 28 0.0319387

38 28 0.0299924

39 28 0.0279278

40 28 0.025753

41 28 0.0234765

42 28 0.0211073

43 28 0.0186549

44 28 0.0161288

45 28 0.0135391

46 28 0.010896

47 28 0.00820984

48 28 0.00549129

49 28 0.00275108

50 28 0

0 29 0

1 29 0.00271269

2 29 0.00541468

3 29 0.0080953

4 29 0.010744

5 29 0.0133502

6 29 0.0159038

7 29 0.0183946

8 29 0.0208129

9 29 0.023149

10 29 0.0253937

11 29 0.0275382

12 29 0.029574

13 29 0.0314931

14 29 0.0332879

15 29 0.0349514

16 29 0.0364769

17 29 0.0378585

18 29 0.0390906

19 29 0.0401685

20 29 0.0410878

21 29 0.041845

22 29 0.0424371

23 29 0.0428616

24 29 0.0431171

25 29 0.0432023

26 29 0.0431171

27 29 0.0428616

28 29 0.0424371

29 29 0.041845

30 29 0.0410878

31 29 0.0401685

32 29 0.0390906

33 29 0.0378585

34 29 0.0364769

35 29 0.0349514

36 29 0.0332879

37 29 0.0314931

38 29 0.029574

39 29 0.0275382

40 29 0.0253937

41 29 0.023149

42 29 0.0208129

43 29 0.0183946

44 29 0.0159038

45 29 0.0133502

46 29 0.010744

47 29 0.0080953

48 29 0.00541468

49 29 0.00271269

50 29 0

0 30 0

1 30 0.00266361

2 30 0.0053167

3 30 0.00794882

4 30 0.0105496

5 30 0.0131087

6 30 0.015616

7 30 0.0180618

8 30 0.0204363

9 30 0.0227301

10 30 0.0249342

11 30 0.0270399

12 30 0.0290389

13 30 0.0309232

14 30 0.0326856

15 30 0.0343189

16 30 0.0358169

17 30 0.0371734

18 30 0.0383833

19 30 0.0394416

20 30 0.0403443

21 30 0.0410878

22 30 0.0416692

23 30 0.0420861

24 30 0.0423368

25 30 0.0424205

26 30 0.0423368

27 30 0.0420861

28 30 0.0416692

29 30 0.0410878

30 30 0.0403443

31 30 0.0394416

32 30 0.0383833

33 30 0.0371734

34 30 0.0358169

35 30 0.0343189

36 30 0.0326856

37 30 0.0309232

38 30 0.0290389

39 30 0.0270399

40 30 0.0249342

41 30 0.0227301

42 30 0.0204363

43 30 0.0180618

44 30 0.015616

45 30 0.0131087

46 30 0.0105496

47 30 0.00794882

48 30 0.0053167

49 30 0.00266361

50 30 0

0 31 0

1 31 0.00260401

2 31 0.00519774

3 31 0.00777096

4 31 0.0103135

5 31 0.0128154

6 31 0.0152666

7 31 0.0176577

8 31 0.019979

9 31 0.0222215

10 31 0.0243763

11 31 0.0264349

12 31 0.0283891

13 31 0.0302313

14 31 0.0319543

15 31 0.0335511

16 31 0.0350154

17 31 0.0363417

18 31 0.0375244

19 31 0.0385591

20 31 0.0394416

21 31 0.0401685

22 31 0.0407368

23 31 0.0411444

24 31 0.0413895

25 31 0.0414714

26 31 0.0413895

27 31 0.0411444

28 31 0.0407368

29 31 0.0401685

30 31 0.0394416

31 31 0.0385591

32 31 0.0375244

33 31 0.0363417

34 31 0.0350154

35 31 0.0335511

36 31 0.0319543

37 31 0.0302313

38 31 0.0283891

39 31 0.0264349

40 31 0.0243763

41 31 0.0222215

42 31 0.019979

43 31 0.0176577

44 31 0.0152666

45 31 0.0128154

46 31 0.0103135

47 31 0.00777096

48 31 0.00519774

49 31 0.00260401

50 31 0

0 32 0

1 32 0.00253413

2 32 0.00505827

3 32 0.00756244

4 32 0.0100368

5 32 0.0124715

6 32 0.014857

7 32 0.0171838

8 32 0.0194429

9 32 0.0216252

10 32 0.0237222

11 32 0.0257255

12 32 0.0276273

13 32 0.0294201

14 32 0.0310968

15 32 0.0326508

16 32 0.0340758

17 32 0.0353665

18 32 0.0365175

19 32 0.0375244

20 32 0.0383833

21 32 0.0390906

22 32 0.0396437

23 32 0.0400403

24 32 0.0402789

25 32 0.0403585

26 32 0.0402789

27 32 0.0400403

28 32 0.0396437

29 32 0.0390906

30 32 0.0383833

31 32 0.0375244

32 32 0.0365175

33 32 0.0353665

34 32 0.0340758

35 32 0.0326508

36 32 0.0310968

37 32 0.0294201

38 32 0.0276273

39 32 0.0257255

40 32 0.0237222

41 32 0.0216252

42 32 0.0194429

43 32 0.0171838

44 32 0.014857

45 32 0.0124715

46 32 0.0100368

47 32 0.00756244

48 32 0.00505827

49 32 0.00253413

50 32 0

0 33 0

1 33 0.00245426

2 33 0.00489883

3 33 0.00732407

4 33 0.0097204

5 33 0.0120784

6 33 0.0143887

7 33 0.0166422

8 33 0.01883

9 33 0.0209436

10 33 0.0229744

11 33 0.0249146

12 33 0.0267565

13 33 0.0284928

14 33 0.0301166

15 33 0.0316216

16 33 0.0330018

17 33 0.0342517

18 33 0.0353665

19 33 0.0363417

20 33 0.0371734

21 33 0.0378585

22 33 0.0383941

23 33 0.0387782

24 33 0.0390093

25 33 0.0390864

26 33 0.0390093

27 33 0.0387782

28 33 0.0383941

29 33 0.0378585

30 33 0.0371734

31 33 0.0363417

32 33 0.0353665

33 33 0.0342517

34 33 0.0330018

35 33 0.0316216

36 33 0.0301166

37 33 0.0284928

38 33 0.0267565

39 33 0.0249146

40 33 0.0229744

41 33 0.0209436

42 33 0.01883

43 33 0.0166422

44 33 0.0143887

45 33 0.0120784

46 33 0.0097204

47 33 0.00732407

48 33 0.00489883

49 33 0.00245426

50 33 0

0 34 0

1 34 0.0023647

2 34 0.00472006

3 34 0.00705679

4 34 0.00936568

5 34 0.0116376

6 34 0.0138636

7 34 0.0160349

8 34 0.0181429

9 34 0.0201793

10 34 0.022136

11 34 0.0240054

12 34 0.0257801

13 34 0.027453

14 34 0.0290176

15 34 0.0304676

16 34 0.0317974

17 34 0.0330018

18 34 0.0340758

19 34 0.0350154

20 34 0.0358169

21 34 0.0364769

22 34 0.036993

23 34 0.0373631

24 34 0.0375858

25 34 0.0376601

26 34 0.0375858

27 34 0.0373631

28 34 0.036993

29 34 0.0364769

30 34 0.0358169

31 34 0.0350154

32 34 0.0340758

33 34 0.0330018

34 34 0.0317974

35 34 0.0304676

36 34 0.0290176

37 34 0.027453

38 34 0.0257801

39 34 0.0240054

40 34 0.022136

41 34 0.0201793

42 34 0.0181429

43 34 0.0160349

44 34 0.0138636

45 34 0.0116376

46 34 0.00936568

47 34 0.00705679

48 34 0.00472006

49 34 0.0023647

50 34 0

0 35 0

1 35 0.0022658

2 35 0.00452266

3 35 0.00676167

4 35 0.00897399

5 35 0.0111509

6 35 0.0132838

7 35 0.0153643

8 35 0.0173841

9 35 0.0193354

10 35 0.0212103

11 35 0.0230015

12 35 0.0247019

13 35 0.0263049

14 35 0.027804

15 35 0.0291934

16 35 0.0304676

17 35 0.0316216

18 35 0.0326508

19 35 0.0335511

20 35 0.0343189

21 35 0.0349514

22 35 0.0354459

23 35 0.0358005

24 35 0.0360139

25 35 0.0360851

26 35 0.0360139

27 35 0.0358005

28 35 0.0354459

29 35 0.0349514

30 35 0.0343189

31 35 0.0335511

32 35 0.0326508

33 35 0.0316216

34 35 0.0304676

35 35 0.0291934

36 35 0.027804

37 35 0.0263049

38 35 0.0247019

39 35 0.0230015

40 35 0.0212103

41 35 0.0193354

42 35 0.0173841

43 35 0.0153643

44 35 0.0132838

45 35 0.0111509

46 35 0.00897399

47 35 0.00676167

48 35 0.00452266

49 35 0.0022658

50 35 0

0 36 0

1 36 0.00215796

2 36 0.00430741

3 36 0.00643986

4 36 0.00854689

5 36 0.0106202

6 36 0.0126516

7 36 0.014633

8 36 0.0165568

9 36 0.0184151

10 36 0.0202008

11 36 0.0219068

12 36 0.0235263

13 36 0.025053

14 36 0.0264807

15 36 0.027804

16 36 0.0290176

17 36 0.0301166

18 36 0.0310968

19 36 0.0319543

20 36 0.0326856

21 36 0.0332879

22 36 0.0337589

23 36 0.0340967

24 36 0.0342999

25 36 0.0343677

26 36 0.0342999

27 36 0.0340967

28 36 0.0337589

29 36 0.0332879

30 36 0.0326856

31 36 0.0319543

32 36 0.0310968

33 36 0.0301166

34 36 0.0290176

35 36 0.027804

36 36 0.0264807

37 36 0.025053

38 36 0.0235263

39 36 0.0219068

40 36 0.0202008

41 36 0.0184151

42 36 0.0165568

43 36 0.014633

44 36 0.0126516

45 36 0.0106202

46 36 0.00854689

47 36 0.00643986

48 36 0.00430741

49 36 0.00215796

50 36 0

0 37 0

1 37 0.00204161

2 37 0.00407516

3 37 0.00609263

4 37 0.00808606

5 37 0.0100476

6 37 0.0119694

7 37 0.0138441

8 37 0.015664

9 37 0.0174222

10 37 0.0191116

11 37 0.0207256

12 37 0.0222578

13 37 0.0237021

14 37 0.025053

15 37 0.0263049

16 37 0.027453

17 37 0.0284928

18 37 0.0294201

19 37 0.0302313

20 37 0.0309232

21 37 0.0314931

22 37 0.0319387

23 37 0.0322582

24 37 0.0324505

25 37 0.0325146

26 37 0.0324505

27 37 0.0322582

28 37 0.0319387

29 37 0.0314931

30 37 0.0309232

31 37 0.0302313

32 37 0.0294201

33 37 0.0284928

34 37 0.027453

35 37 0.0263049

36 37 0.025053

37 37 0.0237021

38 37 0.0222578

39 37 0.0207256

40 37 0.0191116

41 37 0.0174222

42 37 0.015664

43 37 0.0138441

44 37 0.0119694

45 37 0.0100476

46 37 0.00808606

47 37 0.00609263

48 37 0.00407516

49 37 0.00204161

50 37 0

0 38 0

1 38 0.0019172

2 38 0.00382683

3 38 0.00572136

4 38 0.00759332

5 38 0.0094353

6 38 0.01124

7 38 0.0130004

8 38 0.0147095

9 38 0.0163605

10 38 0.017947

11 38 0.0194626

12 38 0.0209015

13 38 0.0222578

14 38 0.0235263

15 38 0.0247019

16 38 0.0257801

17 38 0.0267565

18 38 0.0276273

19 38 0.0283891

20 38 0.0290389

21 38 0.029574

22 38 0.0299924

23 38 0.0302925

24 38 0.030473

25 38 0.0305333

26 38 0.030473

27 38 0.0302925

28 38 0.0299924

29 38 0.029574

30 38 0.0290389

31 38 0.0283891

32 38 0.0276273

33 38 0.0267565

34 38 0.0257801

35 38 0.0247019

36 38 0.0235263

37 38 0.0222578

38 38 0.0209015

39 38 0.0194626

40 38 0.017947

41 38 0.0163605

42 38 0.0147095

43 38 0.0130004

44 38 0.01124

45 38 0.0094353

46 38 0.00759332

47 38 0.00572136

48 38 0.00382683

49 38 0.0019172

50 38 0

0 39 0

1 39 0.00178522

2 39 0.0035634

3 39 0.00532751

4 39 0.0070706

5 39 0.00878579

6 39 0.0104663

7 39 0.0121055

8 39 0.0136969

9 39 0.0152343

10 39 0.0167116

11 39 0.0181229

12 39 0.0194626

13 39 0.0207256

14 39 0.0219068

15 39 0.0230015

16 39 0.0240054

17 39 0.0249146

18 39 0.0257255

19 39 0.0264349

20 39 0.0270399

21 39 0.0275382

22 39 0.0279278

23 39 0.0282072

24 39 0.0283753

25 39 0.0284314

26 39 0.0283753

27 39 0.0282072

28 39 0.0279278

29 39 0.0275382

30 39 0.0270399

31 39 0.0264349

32 39 0.0257255

33 39 0.0249146

34 39 0.0240054

35 39 0.0230015

36 39 0.0219068

37 39 0.0207256

38 39 0.0194626

39 39 0.0181229

40 39 0.0167116

41 39 0.0152343

42 39 0.0136969

43 39 0.0121055

44 39 0.0104663

45 39 0.00878579

46 39 0.0070706

47 39 0.00532751

48 39 0.0035634

49 39 0.00178522

50 39 0

0 40 0

1 40 0.0016462

2 40 0.0032859

3 40 0.00491264

4 40 0.00651999

5 40 0.0081016

6 40 0.00965125

7 40 0.0111628

8 40 0.0126303

9 40 0.014048

10 40 0.0154102

11 40 0.0167116

12 40 0.017947

13 40 0.0191116

14 40 0.0202008

15 40 0.0212103

16 40 0.022136

17 40 0.0229744

18 40 0.0237222

19 40 0.0243763

20 40 0.0249342

21 40 0.0253937

22 40 0.025753

23 40 0.0260106

24 40 0.0261656

25 40 0.0262173

26 40 0.0261656

27 40 0.0260106

28 40 0.025753

29 40 0.0253937

30 40 0.0249342

31 40 0.0243763

32 40 0.0237222

33 40 0.0229744

34 40 0.022136

35 40 0.0212103

36 40 0.0202008

37 40 0.0191116

38 40 0.017947

39 40 0.0167116

40 40 0.0154102

41 40 0.014048

42 40 0.0126303

43 40 0.0111628

44 40 0.00965125

45 40 0.0081016

46 40 0.00651999

47 40 0.00491264

48 40 0.0032859

49 40 0.0016462

50 40 0

0 41 0

1 41 0.00150068

2 41 0.00299544

3 41 0.00447838

4 41 0.00594364

5 41 0.00738545

6 41 0.00879811

7 41 0.010176

8 41 0.0115138

9 41 0.0128062

10 41 0.014048

11 41 0.0152343

12 41 0.0163605

13 41 0.0174222

14 41 0.0184151

15 41 0.0193354

16 41 0.0201793

17 41 0.0209436

18 41 0.0216252

19 41 0.0222215

20 41 0.0227301

21 41 0.023149

22 41 0.0234765

23 41 0.0237113

24 41 0.0238526

25 41 0.0238998

26 41 0.0238526

27 41 0.0237113

28 41 0.0234765

29 41 0.023149

30 41 0.0227301

31 41 0.0222215

32 41 0.0216252

33 41 0.0209436

34 41 0.0201793

35 41 0.0193354

36 41 0.0184151

37 41 0.0174222

38 41 0.0163605

39 41 0.0152343

40 41 0.014048

41 41 0.0128062

42 41 0.0115138

43 41 0.010176

44 41 0.00879811

45 41 0.00738545

46 41 0.00594364

47 41 0.00447838

48 41 0.00299544

49 41 0.00150068

50 41 0

0 42 0

1 42 0.00134924

2 42 0.00269315

3 42 0.00402644

4 42 0.00534384

5 42 0.00664014

6 42 0.00791024

7 42 0.00914912

8 42 0.0103519

9 42 0.0115138

10 42 0.0126303

11 42 0.0136969

12 42 0.0147095

13 42 0.015664

14 42 0.0165568

15 42 0.0173841

16 42 0.0181429

17 42 0.01883

18 42 0.0194429

19 42 0.019979

20 42 0.0204363

21 42 0.0208129

22 42 0.0211073

23 42 0.0213185

24 42 0.0214455

25 42 0.021488

26 42 0.0214455

27 42 0.0213185

28 42 0.0211073

29 42 0.0208129

30 42 0.0204363

31 42 0.019979

32 42 0.0194429

33 42 0.01883

34 42 0.0181429

35 42 0.0173841

36 42 0.0165568

37 42 0.015664

38 42 0.0147095

39 42 0.0136969

40 42 0.0126303

41 42 0.0115138

42 42 0.0103519

43 42 0.00914912

44 42 0.00791024

45 42 0.00664014

46 42 0.00534384

47 42 0.00402644

48 42 0.00269315

49 42 0.00134924

50 42 0

0 43 0

1 43 0.00119247

2 43 0.00238024

3 43 0.00355861

4 43 0.00472294

5 43 0.00586863

6 43 0.00699116

7 43 0.0080861

8 43 0.00914912

9 43 0.010176

10 43 0.0111628

11 43 0.0121055

12 43 0.0130004

13 43 0.0138441

14 43 0.014633

15 43 0.0153643

16 43 0.0160349

17 43 0.0166422

18 43 0.0171838

19 43 0.0176577

20 43 0.0180618

21 43 0.0183946

22 43 0.0186549

23 43 0.0188415

24 43 0.0189538

25 43 0.0189913

26 43 0.0189538

27 43 0.0188415

28 43 0.0186549

29 43 0.0183946

30 43 0.0180618

31 43 0.0176577

32 43 0.0171838

33 43 0.0166422

34 43 0.0160349

35 43 0.0153643

36 43 0.014633

37 43 0.0138441

38 43 0.0130004

39 43 0.0121055

40 43 0.0111628

41 43 0.010176

42 43 0.00914912

43 43 0.0080861

44 43 0.00699116

45 43 0.00586863

46 43 0.00472294

47 43 0.00355861

48 43 0.00238024

49 43 0.00119247

50 43 0

0 44 0

1 44 0.001031

2 44 0.00205793

3 44 0.00307674

4 44 0.00408341

5 44 0.00507396

6 44 0.00604449

7 44 0.00699116

8 44 0.00791024

9 44 0.00879811

10 44 0.00965125

11 44 0.0104663

12 44 0.01124

13 44 0.0119694

14 44 0.0126516

15 44 0.0132838

16 44 0.0138636

17 44 0.0143887

18 44 0.014857

19 44 0.0152666

20 44 0.015616

21 44 0.0159038

22 44 0.0161288

23 44 0.0162902

24 44 0.0163873

25 44 0.0164197

26 44 0.0163873

27 44 0.0162902

28 44 0.0161288

29 44 0.0159038

30 44 0.015616

31 44 0.0152666

32 44 0.014857

33 44 0.0143887

34 44 0.0138636

35 44 0.0132838

36 44 0.0126516

37 44 0.0119694

38 44 0.01124

39 44 0.0104663

40 44 0.00965125

41 44 0.00879811

42 44 0.00791024

43 44 0.00699116

44 44 0.00604449

45 44 0.00507396

46 44 0.00408341

47 44 0.00307674

48 44 0.00205793

49 44 0.001031

50 44 0

0 45 0

1 45 0.000865459

2 45 0.0017275

3 45 0.00258273

4 45 0.00342776

5 45 0.00425927

6 45 0.00507396

7 45 0.00586863

8 45 0.00664014

9 45 0.00738545

10 45 0.0081016

11 45 0.00878579

12 45 0.0094353

13 45 0.0100476

14 45 0.0106202

15 45 0.0111509

16 45 0.0116376

17 45 0.0120784

18 45 0.0124715

19 45 0.0128154

20 45 0.0131087

21 45 0.0133502

22 45 0.0135391

23 45 0.0136746

24 45 0.0137561

25 45 0.0137833

26 45 0.0137561

27 45 0.0136746

28 45 0.0135391

29 45 0.0133502

30 45 0.0131087

31 45 0.0128154

32 45 0.0124715

33 45 0.0120784

34 45 0.0116376

35 45 0.0111509

36 45 0.0106202

37 45 0.0100476

38 45 0.0094353

39 45 0.00878579

40 45 0.0081016

41 45 0.00738545

42 45 0.00664014

43 45 0.00586863

44 45 0.00507396

45 45 0.00425927

46 45 0.00342776

47 45 0.00258273

48 45 0.0017275

49 45 0.000865459

50 45 0

0 46 0

1 46 0.000696502

2 46 0.00139025

3 46 0.00207852

4 46 0.00275858

5 46 0.00342776

6 46 0.00408341

7 46 0.00472294

8 46 0.00534384

9 46 0.00594364

10 46 0.00651999

11 46 0.0070706

12 46 0.00759332

13 46 0.00808606

14 46 0.00854689

15 46 0.00897399

16 46 0.00936568

17 46 0.0097204

18 46 0.0100368

19 46 0.0103135

20 46 0.0105496

21 46 0.010744

22 46 0.010896

23 46 0.011005

24 46 0.0110706

25 46 0.0110925

26 46 0.0110706

27 46 0.011005

28 46 0.010896

29 46 0.010744

30 46 0.0105496

31 46 0.0103135

32 46 0.0100368

33 46 0.0097204

34 46 0.00936568

35 46 0.00897399

36 46 0.00854689

37 46 0.00808606

38 46 0.00759332

39 46 0.0070706

40 46 0.00651999

41 46 0.00594364

42 46 0.00534384

43 46 0.00472294

44 46 0.00408341

45 46 0.00342776

46 46 0.00275858

47 46 0.00207852

48 46 0.00139025

49 46 0.000696502

50 46 0

0 47 0

1 47 0.000524796

2 47 0.00104752

3 47 0.00156611

4 47 0.00207852

5 47 0.00258273

6 47 0.00307674

7 47 0.00355861

8 47 0.00402644

9 47 0.00447838

10 47 0.00491264

11 47 0.00532751

12 47 0.00572136

13 47 0.00609263

14 47 0.00643986

15 47 0.00676167

16 47 0.00705679

17 47 0.00732407

18 47 0.00756244

19 47 0.00777096

20 47 0.00794882

21 47 0.0080953

22 47 0.00820984

23 47 0.00829198

24 47 0.00834139

25 47 0.00835788

26 47 0.00834139

27 47 0.00829198

28 47 0.00820984

29 47 0.0080953

30 47 0.00794882

31 47 0.00777096

32 47 0.00756244

33 47 0.00732407

34 47 0.00705679

35 47 0.00676167

36 47 0.00643986

37 47 0.00609263

38 47 0.00572136

39 47 0.00532751

40 47 0.00491264

41 47 0.00447838

42 47 0.00402644

43 47 0.00355861

44 47 0.00307674

45 47 0.00258273

46 47 0.00207852

47 47 0.00156611

48 47 0.00104752

49 47 0.000524796

50 47 0

0 48 0

1 48 0.000351019

2 48 0.000700652

3 48 0.00104752

4 48 0.00139025

5 48 0.0017275

6 48 0.00205793

7 48 0.00238024

8 48 0.00269315

9 48 0.00299544

10 48 0.0032859

11 48 0.0035634

12 48 0.00382683

13 48 0.00407516

14 48 0.00430741

15 48 0.00452266

16 48 0.00472006

17 48 0.00489883

18 48 0.00505827

19 48 0.00519774

20 48 0.0053167

21 48 0.00541468

22 48 0.00549129

23 48 0.00554623

24 48 0.00557928

25 48 0.00559031

26 48 0.00557928

27 48 0.00554623

28 48 0.00549129

29 48 0.00541468

30 48 0.0053167

