0 1 0

1 1 0.000800448

2 1 0.00159774

3 1 0.00238872

4 1 0.00317028

5 1 0.00393932

6 1 0.00469282

7 1 0.0054278

8 1 0.00614135

9 1 0.00683067

10 1 0.00749304

11 1 0.00812583

12 1 0.00872655

13 1 0.00929283

14 1 0.00982244

15 1 0.0103133

16 1 0.0107634

17 1 0.0111711

18 1 0.0115347

19 1 0.0118527

20 1 0.012124

21 1 0.0123474

22 1 0.0125221

23 1 0.0126474

24 1 0.0127228

25 1 0.0127479

26 1 0.0127228

27 1 0.0126474

28 1 0.0125221

29 1 0.0123474

30 1 0.012124

31 1 0.0118527

32 1 0.0115347

33 1 0.0111711

34 1 0.0107634

35 1 0.0103133

36 1 0.00982244

37 1 0.00929283

38 1 0.00872655

39 1 0.00812583

40 1 0.00749304

41 1 0.00683067

42 1 0.00614135

43 1 0.0054278

44 1 0.00469282

45 1 0.00393932

46 1 0.00317028

47 1 0.00238872

48 1 0.00159774

49 1 0.000800448

50 1 0

0 2 0

1 2 0.00159774

2 2 0.00318917

3 2 0.00476801

4 2 0.00632804

5 2 0.0078631

6 2 0.00936712

7 2 0.0108342

8 2 0.0122585

9 2 0.0136344

10 2 0.0149565

11 2 0.0162196

12 2 0.0174187

13 2 0.018549

14 2 0.0196061

15 2 0.0205859

16 2 0.0214844

17 2 0.0222981

18 2 0.0230238

19 2 0.0236586

20 2 0.0242001

21 2 0.0246461

22 2 0.0249948

23 2 0.0252449

24 2 0.0253953

25 2 0.0254455

26 2 0.0253953

27 2 0.0252449

28 2 0.0249948

29 2 0.0246461

30 2 0.0242001

31 2 0.0236586

32 2 0.0230238

33 2 0.0222981

34 2 0.0214844

35 2 0.0205859

36 2 0.0196061

37 2 0.018549

38 2 0.0174187

39 2 0.0162196

40 2 0.0149565

41 2 0.0136344

42 2 0.0122585

43 2 0.0108342

44 2 0.00936712

45 2 0.0078631

46 2 0.00632804

47 2 0.00476801

48 2 0.00318917

49 2 0.00159774

50 2 0

0 3 0

1 3 0.00238872

2 3 0.00476801

3 3 0.00712849

4 3 0.00946083

5 3 0.0117558

6 3 0.0140045

7 3 0.0161978

8 3 0.0183272

9 3 0.0203843

10 3 0.0223609

11 3 0.0242493

12 3 0.026042

13 3 0.0277319

14 3 0.0293124

15 3 0.0307772

16 3 0.0321205

17 3 0.0333371

18 3 0.0344221

19 3 0.0353712

20 3 0.0361808

21 3 0.0368475

22 3 0.0373689

23 3 0.0377427

24 3 0.0379676

25 3 0.0380427

26 3 0.0379676

27 3 0.0377427

28 3 0.0373689

29 3 0.0368475

30 3 0.0361808

31 3 0.0353712

32 3 0.0344221

33 3 0.0333371

34 3 0.0321205

35 3 0.0307772

36 3 0.0293124

37 3 0.0277319

38 3 0.026042

39 3 0.0242493

40 3 0.0223609

41 3 0.0203843

42 3 0.0183272

43 3 0.0161978

44 3 0.0140045

45 3 0.0117558

46 3 0.00946083

47 3 0.00712849

48 3 0.00476801

49 3 0.00238872

50 3 0

0 4 0

1 4 0.00317028

2 4 0.00632804

3 4 0.00946083

4 4 0.0125563

5 4 0.0156022

6 4 0.0185865

7 4 0.0214975

8 4 0.0243236

9 4 0.0270538

10 4 0.0296771

11 4 0.0321834

12 4 0.0345626

13 4 0.0368054

14 4 0.038903

15 4 0.0408471

16 4 0.0426299

17 4 0.0442445

18 4 0.0456845

19 4 0.0469442

20 4 0.0480186

21 4 0.0489035

22 4 0.0495954

23 4 0.0500916

24 4 0.0503901

25 4 0.0504897

26 4 0.0503901

27 4 0.0500916

28 4 0.0495954

29 4 0.0489035

30 4 0.0480186

31 4 0.0469442

32 4 0.0456845

33 4 0.0442445

34 4 0.0426299

35 4 0.0408471

36 4 0.038903

37 4 0.0368054

38 4 0.0345626

39 4 0.0321834

40 4 0.0296771

41 4 0.0270538

42 4 0.0243236

43 4 0.0214975

44 4 0.0185865

45 4 0.0156022

46 4 0.0125563

47 4 0.00946083

48 4 0.00632804

49 4 0.00317028

50 4 0

0 5 0

1 5 0.00393932

2 5 0.0078631

3 5 0.0117558

4 5 0.0156022

5 5 0.019387

6 5 0.0230952

7 5 0.0267123

8 5 0.030224

9 5 0.0336164

10 5 0.0368762

11 5 0.0399904

12 5 0.0429468

13 5 0.0457337

14 5 0.0483401

15 5 0.0507557

16 5 0.052971

17 5 0.0549773

18 5 0.0567666

19 5 0.0583319

20 5 0.0596669

21 5 0.0607665

22 5 0.0616263

23 5 0.0622428

24 5 0.0626137

25 5 0.0627375

26 5 0.0626137

27 5 0.0622428

28 5 0.0616263

29 5 0.0607665

30 5 0.0596669

31 5 0.0583319

32 5 0.0567666

33 5 0.0549773

34 5 0.052971

35 5 0.0507557

36 5 0.0483401

37 5 0.0457337

38 5 0.0429468

39 5 0.0399904

40 5 0.0368762

41 5 0.0336164

42 5 0.030224

43 5 0.0267123

44 5 0.0230952

45 5 0.019387

46 5 0.0156022

47 5 0.0117558

48 5 0.0078631

49 5 0.00393932

50 5 0

0 6 0

1 6 0.00469282

2 6 0.00936712

3 6 0.0140045

4 6 0.0185865

5 6 0.0230952

6 6 0.0275128

7 6 0.0318218

8 6 0.0360052

9 6 0.0400465

10 6 0.0439297

11 6 0.0476396

12 6 0.0511615

13 6 0.0544814

14 6 0.0575864

15 6 0.0604641

16 6 0.0631031

17 6 0.0654932

18 6 0.0676247

19 6 0.0694894

20 6 0.0710798

21 6 0.0723897

22 6 0.0734139

23 6 0.0741484

24 6 0.0745902

25 6 0.0747377

26 6 0.0745902

27 6 0.0741484

28 6 0.0734139

29 6 0.0723897

30 6 0.0710798

31 6 0.0694894

32 6 0.0676247

33 6 0.0654932

34 6 0.0631031

35 6 0.0604641

36 6 0.0575864

37 6 0.0544814

38 6 0.0511615

39 6 0.0476396

40 6 0.0439297

41 6 0.0400465

42 6 0.0360052

43 6 0.0318218

44 6 0.0275128

45 6 0.0230952

46 6 0.0185865

47 6 0.0140045

48 6 0.00936712

49 6 0.00469282

50 6 0

0 7 0

1 7 0.0054278

2 7 0.0108342

3 7 0.0161978

4 7 0.0214975

5 7 0.0267123

6 7 0.0318218

7 7 0.0368056

8 7 0.0416442

9 7 0.0463184

10 7 0.0508099

11 7 0.0551008

12 7 0.0591743

13 7 0.0630142

14 7 0.0666054

15 7 0.0699338

16 7 0.0729862

17 7 0.0757505

18 7 0.0782159

19 7 0.0803726

20 7 0.0822121

21 7 0.0837272

22 7 0.0849118

23 7 0.0857613

24 7 0.0862724

25 7 0.0864429

26 7 0.0862724

27 7 0.0857613

28 7 0.0849118

29 7 0.0837272

30 7 0.0822121

31 7 0.0803726

32 7 0.0782159

33 7 0.0757505

34 7 0.0729862

35 7 0.0699338

36 7 0.0666054

37 7 0.0630142

38 7 0.0591743

39 7 0.0551008

40 7 0.0508099

41 7 0.0463184

42 7 0.0416442

43 7 0.0368056

44 7 0.0318218

45 7 0.0267123

46 7 0.0214975

47 7 0.0161978

48 7 0.0108342

49 7 0.0054278

50 7 0

0 8 0

1 8 0.00614135

2 8 0.0122585

3 8 0.0183272

4 8 0.0243236

5 8 0.030224

6 8 0.0360052

7 8 0.0416442

8 8 0.0471189

9 8 0.0524076

10 8 0.0574895

11 8 0.0623445

12 8 0.0669535

13 8 0.0712983

14 8 0.0753616

15 8 0.0791275

16 8 0.0825812

17 8 0.0857089

18 8 0.0884984

19 8 0.0909387

20 8 0.09302

21 8 0.0947342

22 8 0.0960746

23 8 0.0970358

24 8 0.097614

25 8 0.097807

26 8 0.097614

27 8 0.0970358

28 8 0.0960746

29 8 0.0947342

30 8 0.09302

31 8 0.0909387

32 8 0.0884984

33 8 0.0857089

34 8 0.0825812

35 8 0.0791275

36 8 0.0753616

37 8 0.0712983

38 8 0.0669535

39 8 0.0623445

40 8 0.0574895

41 8 0.0524076

42 8 0.0471189

43 8 0.0416442

44 8 0.0360052

45 8 0.030224

46 8 0.0243236

47 8 0.0183272

48 8 0.0122585

49 8 0.00614135

50 8 0

0 9 0

1 9 0.00683067

2 9 0.0136344

3 9 0.0203843

4 9 0.0270538

5 9 0.0336164

6 9 0.0400465

7 9 0.0463184

8 9 0.0524076

9 9 0.05829

10 9 0.0639423

11 9 0.0693422

12 9 0.0744685

13 9 0.0793009

14 9 0.0838204

15 9 0.088009

16 9 0.0918503

17 9 0.0953291

18 9 0.0984317

19 9 0.101146

20 9 0.103461

21 9 0.105367

22 9 0.106858

23 9 0.107927

24 9 0.10857

25 9 0.108785

26 9 0.10857

27 9 0.107927

28 9 0.106858

29 9 0.105367

30 9 0.103461

31 9 0.101146

32 9 0.0984317

33 9 0.0953291

34 9 0.0918503

35 9 0.088009

36 9 0.0838204

37 9 0.0793009

38 9 0.0744685

39 9 0.0693422

40 9 0.0639423

41 9 0.05829

42 9 0.0524076

43 9 0.0463184

44 9 0.0400465

45 9 0.0336164

46 9 0.0270538

47 9 0.0203843

48 9 0.0136344

49 9 0.00683067

50 9 0

0 10 0

1 10 0.00749304

2 10 0.0149565

3 10 0.0223609

4 10 0.0296771

5 10 0.0368762

6 10 0.0439297

7 10 0.0508099

8 10 0.0574895

9 10 0.0639423

10 10 0.0701427

11 10 0.0760663

12 10 0.0816896

13 10 0.0869906

14 10 0.0919483

15 10 0.0965431

16 10 0.100757

17 10 0.104573

18 10 0.107977

19 10 0.110954

20 10 0.113493

21 10 0.115585

22 10 0.11722

23 10 0.118393

24 10 0.119098

25 10 0.119334

26 10 0.119098

27 10 0.118393

28 10 0.11722

29 10 0.115585

30 10 0.113493

31 10 0.110954

32 10 0.107977

33 10 0.104573

34 10 0.100757

35 10 0.0965431

36 10 0.0919483

37 10 0.0869906

38 10 0.0816896

39 10 0.0760663

40 10 0.0701427

41 10 0.0639423

42 10 0.0574895

43 10 0.0508099

44 10 0.0439297

45 10 0.0368762

46 10 0.0296771

47 10 0.0223609

48 10 0.0149565

49 10 0.00749304

50 10 0

0 11 0

1 11 0.00812583

2 11 0.0162196

3 11 0.0242493

4 11 0.0321834

5 11 0.0399904

6 11 0.0476396

7 11 0.0551008

8 11 0.0623445

9 11 0.0693422

10 11 0.0760663

11 11 0.0824901

12 11 0.0885884

13 11 0.094337

14 11 0.0997134

15 11 0.104696

16 11 0.109266

17 11 0.113404

18 11 0.117095

19 11 0.120324

20 11 0.123078

21 11 0.125346

22 11 0.127119

23 11 0.128391

24 11 0.129156

25 11 0.129412

26 11 0.129156

27 11 0.128391

28 11 0.127119

29 11 0.125346

30 11 0.123078

31 11 0.120324

32 11 0.117095

33 11 0.113404

34 11 0.109266

35 11 0.104696

36 11 0.0997134

37 11 0.094337

38 11 0.0885884

39 11 0.0824901

40 11 0.0760663

41 11 0.0693422

42 11 0.0623445

43 11 0.0551008

44 11 0.0476396

45 11 0.0399904

46 11 0.0321834

47 11 0.0242493

48 11 0.0162196

49 11 0.00812583

50 11 0

0 12 0

1 12 0.00872655

2 12 0.0174187

3 12 0.026042

4 12 0.0345626

5 12 0.0429468

6 12 0.0511615

7 12 0.0591743

8 12 0.0669535

9 12 0.0744685

10 12 0.0816896

11 12 0.0885884

12 12 0.0951375

13 12 0.101311

14 12 0.107085

15 12 0.112436

16 12 0.117344

17 12 0.121788

18 12 0.125752

19 12 0.129219

20 12 0.132177

21 12 0.134612

22 12 0.136517

23 12 0.137883

24 12 0.138704

25 12 0.138979

26 12 0.138704

27 12 0.137883

28 12 0.136517

29 12 0.134612

30 12 0.132177

31 12 0.129219

32 12 0.125752

33 12 0.121788

34 12 0.117344

35 12 0.112436

36 12 0.107085

37 12 0.101311

38 12 0.0951375

39 12 0.0885884

40 12 0.0816896

41 12 0.0744685

42 12 0.0669535

43 12 0.0591743

44 12 0.0511615

45 12 0.0429468

46 12 0.0345626

47 12 0.026042

48 12 0.0174187

49 12 0.00872655

50 12 0

0 13 0

1 13 0.00929283

2 13 0.018549

3 13 0.0277319

4 13 0.0368054

5 13 0.0457337

6 13 0.0544814

7 13 0.0630142

8 13 0.0712983

9 13 0.0793009

10 13 0.0869906

11 13 0.094337

12 13 0.101311

13 13 0.107885

14 13 0.114034

15 13 0.119732

16 13 0.124958

17 13 0.129691

18 13 0.133912

19 13 0.137604

20 13 0.140754

21 13 0.143348

22 13 0.145376

23 13 0.14683

24 13 0.147705

25 13 0.147997

26 13 0.147705

27 13 0.14683

28 13 0.145376

29 13 0.143348

30 13 0.140754

31 13 0.137604

32 13 0.133912

33 13 0.129691

34 13 0.124958

35 13 0.119732

36 13 0.114034

37 13 0.107885

38 13 0.101311

39 13 0.094337

40 13 0.0869906

41 13 0.0793009

42 13 0.0712983

43 13 0.0630142

44 13 0.0544814

45 13 0.0457337

46 13 0.0368054

47 13 0.0277319

48 13 0.018549

49 13 0.00929283

50 13 0

0 14 0

1 14 0.00982244

2 14 0.0196061

3 14 0.0293124

4 14 0.038903

5 14 0.0483401

6 14 0.0575864

7 14 0.0666054

8 14 0.0753616

9 14 0.0838204

10 14 0.0919483

11 14 0.0997134

12 14 0.107085

13 14 0.114034

14 14 0.120533

15 14 0.126556

16 14 0.13208

17 14 0.137082

18 14 0.141544

19 14 0.145447

20 14 0.148776

21 14 0.151517

22 14 0.153661

23 14 0.155198

24 14 0.156123

25 14 0.156432

26 14 0.156123

27 14 0.155198

28 14 0.153661

29 14 0.151517

30 14 0.148776

31 14 0.145447

32 14 0.141544

33 14 0.137082

34 14 0.13208

35 14 0.126556

36 14 0.120533

37 14 0.114034

38 14 0.107085

39 14 0.0997134

40 14 0.0919483

41 14 0.0838204

42 14 0.0753616

43 14 0.0666054

44 14 0.0575864

45 14 0.0483401

46 14 0.038903

47 14 0.0293124

48 14 0.0196061

49 14 0.00982244

50 14 0

0 15 0

1 15 0.0103133

2 15 0.0205859

3 15 0.0307772

4 15 0.0408471

5 15 0.0507557

6 15 0.0604641

7 15 0.0699338

8 15 0.0791275

9 15 0.088009

10 15 0.0965431

11 15 0.104696

12 15 0.112436

13 15 0.119732

14 15 0.126556

15 15 0.13288

16 15 0.13868

17 15 0.143932

18 15 0.148617

19 15 0.152715

20 15 0.15621

21 15 0.159089

22 15 0.16134

23 15 0.162954

24 15 0.163925

25 15 0.164249

26 15 0.163925

27 15 0.162954

28 15 0.16134

29 15 0.159089

30 15 0.15621

31 15 0.152715

32 15 0.148617

33 15 0.143932

34 15 0.13868

35 15 0.13288

36 15 0.126556

37 15 0.119732

38 15 0.112436

39 15 0.104696

40 15 0.0965431

41 15 0.088009

42 15 0.0791275

43 15 0.0699338

44 15 0.0604641

45 15 0.0507557

46 15 0.0408471

47 15 0.0307772

48 15 0.0205859

49 15 0.0103133

50 15 0

0 16 0

1 16 0.0107634

2 16 0.0214844

3 16 0.0321205

4 16 0.0426299

5 16 0.052971

6 16 0.0631031

7 16 0.0729862

8 16 0.0825812

9 16 0.0918503

10 16 0.100757

11 16 0.109266

12 16 0.117344

13 16 0.124958

14 16 0.13208

15 16 0.13868

16 16 0.144733

17 16 0.150215

18 16 0.155104

19 16 0.15938

20 16 0.163028

21 16 0.166032

22 16 0.168382

23 16 0.170066

24 16 0.17108

25 16 0.171418

26 16 0.17108

27 16 0.170066

28 16 0.168382

29 16 0.166032

30 16 0.163028

31 16 0.15938

32 16 0.155104

33 16 0.150215

34 16 0.144733

35 16 0.13868

36 16 0.13208

37 16 0.124958

38 16 0.117344

39 16 0.109266

40 16 0.100757

41 16 0.0918503

42 16 0.0825812

43 16 0.0729862

44 16 0.0631031

45 16 0.052971

46 16 0.0426299

47 16 0.0321205

48 16 0.0214844

49 16 0.0107634

50 16 0

0 17 0

1 17 0.0111711

2 17 0.0222981

3 17 0.0333371

4 17 0.0442445

5 17 0.0549773

6 17 0.0654932

7 17 0.0757505

8 17 0.0857089

9 17 0.0953291

10 17 0.104573

11 17 0.113404

12 17 0.121788

13 17 0.129691

14 17 0.137082

15 17 0.143932

16 17 0.150215

17 17 0.155904

18 17 0.160978

19 17 0.165417

20 17 0.169203

21 17 0.172321

22 17 0.174759

23 17 0.176507

24 17 0.177559

25 17 0.17791

26 17 0.177559

27 17 0.176507

28 17 0.174759

29 17 0.172321

30 17 0.169203

31 17 0.165417

32 17 0.160978

33 17 0.155904

34 17 0.150215

35 17 0.143932

36 17 0.137082

37 17 0.129691

38 17 0.121788

39 17 0.113404

40 17 0.104573

41 17 0.0953291

42 17 0.0857089

43 17 0.0757505

44 17 0.0654932

45 17 0.0549773

46 17 0.0442445

47 17 0.0333371

48 17 0.0222981

49 17 0.0111711

50 17 0

0 18 0

1 18 0.0115347

2 18 0.0230238

3 18 0.0344221

4 18 0.0456845

5 18 0.0567666

6 18 0.0676247

7 18 0.0782159

8 18 0.0884984

9 18 0.0984317

10 18 0.107977

11 18 0.117095

12 18 0.125752

13 18 0.133912

14 18 0.141544

15 18 0.148617

16 18 0.155104

17 18 0.160978

18 18 0.166217

19 18 0.170801

20 18 0.17471

21 18 0.177929

22 18 0.180447

23 18 0.182252

24 18 0.183338

25 18 0.183701

26 18 0.183338

27 18 0.182252

28 18 0.180447

29 18 0.177929

30 18 0.17471

31 18 0.170801

32 18 0.166217

33 18 0.160978

34 18 0.155104

35 18 0.148617

36 18 0.141544

37 18 0.133912

38 18 0.125752

39 18 0.117095

40 18 0.107977

41 18 0.0984317

42 18 0.0884984

43 18 0.0782159

44 18 0.0676247

45 18 0.0567666

46 18 0.0456845

47 18 0.0344221

48 18 0.0230238

49 18 0.0115347

50 18 0

0 19 0

1 19 0.0118527

2 19 0.0236586

3 19 0.0353712

4 19 0.0469442

5 19 0.0583319

6 19 0.0694894

7 19 0.0803726

8 19 0.0909387

9 19 0.101146

10 19 0.110954

11 19 0.120324

12 19 0.129219

13 19 0.137604

14 19 0.145447

15 19 0.152715

16 19 0.15938

17 19 0.165417

18 19 0.170801

19 19 0.17551

20 19 0.179527

21 19 0.182835

22 19 0.185422

23 19 0.187277

24 19 0.188393

25 19 0.188766

26 19 0.188393

27 19 0.187277

28 19 0.185422

29 19 0.182835

30 19 0.179527

31 19 0.17551

32 19 0.170801

33 19 0.165417

34 19 0.15938

35 19 0.152715

36 19 0.145447

37 19 0.137604

38 19 0.129219

39 19 0.120324

40 19 0.110954

41 19 0.101146

42 19 0.0909387

43 19 0.0803726

44 19 0.0694894

45 19 0.0583319

46 19 0.0469442

47 19 0.0353712

48 19 0.0236586

49 19 0.0118527

50 19 0

0 20 0

1 20 0.012124

2 20 0.0242001

3 20 0.0361808

4 20 0.0480186

5 20 0.0596669

6 20 0.0710798

7 20 0.0822121

8 20 0.09302

9 20 0.103461

10 20 0.113493

11 20 0.123078

12 20 0.132177

13 20 0.140754

14 20 0.148776

15 20 0.15621

16 20 0.163028

17 20 0.169203

18 20 0.17471

19 20 0.179527

20 20 0.183636

21 20 0.18702

22 20 0.189666

23 20 0.191564

24 20 0.192705

25 20 0.193086

26 20 0.192705

27 20 0.191564

28 20 0.189666

29 20 0.18702

30 20 0.183636

31 20 0.179527

32 20 0.17471

33 20 0.169203

34 20 0.163028

35 20 0.15621

36 20 0.148776

37 20 0.140754

38 20 0.132177

39 20 0.123078

40 20 0.113493

41 20 0.103461

42 20 0.09302

43 20 0.0822121

44 20 0.0710798

45 20 0.0596669

46 20 0.0480186

47 20 0.0361808

48 20 0.0242001

49 20 0.012124

50 20 0

0 21 0

1 21 0.0123474

2 21 0.0246461

3 21 0.0368475

4 21 0.0489035

5 21 0.0607665

6 21 0.0723897

7 21 0.0837272

8 21 0.0947342

9 21 0.105367

10 21 0.115585

11 21 0.125346

12 21 0.134612

13 21 0.143348

14 21 0.151517

15 21 0.159089

16 21 0.166032

17 21 0.172321

18 21 0.177929

19 21 0.182835

20 21 0.18702

21 21 0.190467

22 21 0.193161

23 21 0.195094

24 21 0.196257

25 21 0.196645

26 21 0.196257

27 21 0.195094

28 21 0.193161

29 21 0.190467

30 21 0.18702

31 21 0.182835

32 21 0.177929

33 21 0.172321

34 21 0.166032

35 21 0.159089

36 21 0.151517

37 21 0.143348

38 21 0.134612

39 21 0.125346

40 21 0.115585

41 21 0.105367

42 21 0.0947342

43 21 0.0837272

44 21 0.0723897

45 21 0.0607665

46 21 0.0489035

47 21 0.0368475

48 21 0.0246461

49 21 0.0123474

50 21 0

0 22 0

1 22 0.0125221

2 22 0.0249948

3 22 0.0373689

4 22 0.0495954

5 22 0.0616263

6 22 0.0734139

7 22 0.0849118

8 22 0.0960746

9 22 0.106858

10 22 0.11722

11 22 0.127119

12 22 0.136517

13 22 0.145376

14 22 0.153661

15 22 0.16134

16 22 0.168382

17 22 0.174759

18 22 0.180447

19 22 0.185422

20 22 0.189666

21 22 0.193161

22 22 0.195894

23 22 0.197854

24 22 0.199033

25 22 0.199427

26 22 0.199033

27 22 0.197854

28 22 0.195894

29 22 0.193161

30 22 0.189666

31 22 0.185422

32 22 0.180447

33 22 0.174759

34 22 0.168382

35 22 0.16134

36 22 0.153661

37 22 0.145376

38 22 0.136517

39 22 0.127119

40 22 0.11722

41 22 0.106858

42 22 0.0960746

43 22 0.0849118

44 22 0.0734139

45 22 0.0616263

46 22 0.0495954

47 22 0.0373689

48 22 0.0249948

49 22 0.0125221

50 22 0

0 23 0

1 23 0.0126474

2 23 0.0252449

3 23 0.0377427

4 23 0.0500916

5 23 0.0622428

6 23 0.0741484

7 23 0.0857613

8 23 0.0970358

9 23 0.107927

10 23 0.118393

11 23 0.128391

12 23 0.137883

13 23 0.14683

14 23 0.155198

15 23 0.162954

16 23 0.170066

17 23 0.176507

18 23 0.182252

19 23 0.187277

20 23 0.191564

21 23 0.195094

22 23 0.197854

23 23 0.199834

24 23 0.201025

25 23 0.201422

26 23 0.201025

27 23 0.199834

28 23 0.197854

29 23 0.195094

30 23 0.191564

31 23 0.187277

32 23 0.182252

33 23 0.176507

34 23 0.170066

35 23 0.162954

36 23 0.155198

37 23 0.14683

38 23 0.137883

39 23 0.128391

40 23 0.118393

41 23 0.107927

42 23 0.0970358

43 23 0.0857613

44 23 0.0741484

45 23 0.0622428

46 23 0.0500916

47 23 0.0377427

48 23 0.0252449

49 23 0.0126474

50 23 0

0 24 0

1 24 0.0127228

2 24 0.0253953

3 24 0.0379676

4 24 0.0503901

5 24 0.0626137

6 24 0.0745902

7 24 0.0862724

8 24 0.097614

9 24 0.10857

10 24 0.119098

11 24 0.129156

12 24 0.138704

13 24 0.147705

14 24 0.156123

15 24 0.163925

16 24 0.17108

17 24 0.177559

18 24 0.183338

19 24 0.188393

20 24 0.192705

21 24 0.196257

22 24 0.199033

23 24 0.201025

24 24 0.202222

25 24 0.202622

26 24 0.202222

27 24 0.201025

28 24 0.199033

29 24 0.196257

30 24 0.192705

31 24 0.188393

32 24 0.183338

33 24 0.177559

34 24 0.17108

35 24 0.163925

36 24 0.156123

37 24 0.147705

38 24 0.138704

39 24 0.129156

40 24 0.119098

41 24 0.10857

42 24 0.097614

43 24 0.0862724

44 24 0.0745902

45 24 0.0626137

46 24 0.0503901

47 24 0.0379676

48 24 0.0253953

49 24 0.0127228

50 24 0

0 25 0

1 25 0.0127479

2 25 0.0254455

3 25 0.0380427

4 25 0.0504897

5 25 0.0627375

6 25 0.0747377

7 25 0.0864429

8 25 0.097807

9 25 0.108785

10 25 0.119334

11 25 0.129412

12 25 0.138979

13 25 0.147997

14 25 0.156432

15 25 0.164249

16 25 0.171418

17 25 0.17791

18 25 0.183701

19 25 0.188766

20 25 0.193086

21 25 0.196645

22 25 0.199427

23 25 0.201422

24 25 0.202622

25 25 0.203023

26 25 0.202622

27 25 0.201422

28 25 0.199427

29 25 0.196645

30 25 0.193086

31 25 0.188766

32 25 0.183701

33 25 0.17791

34 25 0.171418

35 25 0.164249

36 25 0.156432

37 25 0.147997

38 25 0.138979

39 25 0.129412

40 25 0.119334

41 25 0.108785

42 25 0.097807

43 25 0.0864429

44 25 0.0747377

45 25 0.0627375

46 25 0.0504897

47 25 0.0380427

48 25 0.0254455

49 25 0.0127479

50 25 0

0 26 0

1 26 0.0127228

2 26 0.0253953

3 26 0.0379676

4 26 0.0503901

5 26 0.0626137

6 26 0.0745902

7 26 0.0862724

8 26 0.097614

9 26 0.10857

10 26 0.119098

11 26 0.129156

12 26 0.138704

13 26 0.147705

14 26 0.156123

15 26 0.163925

16 26 0.17108

17 26 0.177559

18 26 0.183338

19 26 0.188393

20 26 0.192705

21 26 0.196257

22 26 0.199033

23 26 0.201025

24 26 0.202222

25 26 0.202622

26 26 0.202222

27 26 0.201025

28 26 0.199033

29 26 0.196257

30 26 0.192705

31 26 0.188393

32 26 0.183338

33 26 0.177559

34 26 0.17108

35 26 0.163925

36 26 0.156123

37 26 0.147705

38 26 0.138704

39 26 0.129156

40 26 0.119098

41 26 0.10857

42 26 0.097614

43 26 0.0862724

44 26 0.0745902

45 26 0.0626137

46 26 0.0503901

47 26 0.0379676

48 26 0.0253953

49 26 0.0127228

50 26 0

0 27 0

1 27 0.0126474

2 27 0.0252449

3 27 0.0377427

4 27 0.0500916

5 27 0.0622428

6 27 0.0741484

7 27 0.0857613

8 27 0.0970358

9 27 0.107927

10 27 0.118393

11 27 0.128391

12 27 0.137883

13 27 0.14683

14 27 0.155198

15 27 0.162954

16 27 0.170066

17 27 0.176507

18 27 0.182252

19 27 0.187277

20 27 0.191564

21 27 0.195094

22 27 0.197854

23 27 0.199834

24 27 0.201025

25 27 0.201422

26 27 0.201025

27 27 0.199834

28 27 0.197854

29 27 0.195094

30 27 0.191564

31 27 0.187277

32 27 0.182252

33 27 0.176507

34 27 0.170066

35 27 0.162954

36 27 0.155198

37 27 0.14683

38 27 0.137883

39 27 0.128391

40 27 0.118393

41 27 0.107927

42 27 0.0970358

43 27 0.0857613

44 27 0.0741484

45 27 0.0622428

46 27 0.0500916

47 27 0.0377427

48 27 0.0252449

49 27 0.0126474

50 27 0

0 28 0

1 28 0.0125221

2 28 0.0249948

3 28 0.0373689

4 28 0.0495954

5 28 0.0616263

6 28 0.0734139

7 28 0.0849118

8 28 0.0960746

9 28 0.106858

10 28 0.11722

11 28 0.127119

12 28 0.136517

13 28 0.145376

14 28 0.153661

15 28 0.16134

16 28 0.168382

17 28 0.174759

18 28 0.180447

19 28 0.185422

20 28 0.189666

21 28 0.193161

22 28 0.195894

23 28 0.197854

24 28 0.199033

25 28 0.199427

26 28 0.199033

27 28 0.197854

28 28 0.195894

29 28 0.193161

30 28 0.189666

31 28 0.185422

32 28 0.180447

33 28 0.174759

34 28 0.168382

35 28 0.16134

36 28 0.153661

37 28 0.145376

38 28 0.136517

39 28 0.127119

40 28 0.11722

41 28 0.106858

42 28 0.0960746

43 28 0.0849118

44 28 0.0734139

45 28 0.0616263

46 28 0.0495954

47 28 0.0373689

48 28 0.0249948

49 28 0.0125221

50 28 0

0 29 0

1 29 0.0123474

2 29 0.0246461

3 29 0.0368475

4 29 0.0489035

5 29 0.0607665

6 29 0.0723897

7 29 0.0837272

8 29 0.0947342

9 29 0.105367

10 29 0.115585

11 29 0.125346

12 29 0.134612

13 29 0.143348

14 29 0.151517

15 29 0.159089

16 29 0.166032

17 29 0.172321

18 29 0.177929

19 29 0.182835

20 29 0.18702

21 29 0.190467

22 29 0.193161

23 29 0.195094

24 29 0.196257

25 29 0.196645

26 29 0.196257

27 29 0.195094

28 29 0.193161

29 29 0.190467

30 29 0.18702

31 29 0.182835

32 29 0.177929

33 29 0.172321

34 29 0.166032

35 29 0.159089

36 29 0.151517

37 29 0.143348

38 29 0.134612

39 29 0.125346

40 29 0.115585

41 29 0.105367

42 29 0.0947342

43 29 0.0837272

44 29 0.0723897

45 29 0.0607665

46 29 0.0489035

47 29 0.0368475

48 29 0.0246461

49 29 0.0123474

50 29 0

0 30 0

1 30 0.012124

2 30 0.0242001

3 30 0.0361808

4 30 0.0480186

5 30 0.0596669

6 30 0.0710798

7 30 0.0822121

8 30 0.09302

9 30 0.103461

10 30 0.113493

11 30 0.123078

12 30 0.132177

13 30 0.140754

14 30 0.148776

15 30 0.15621

16 30 0.163028

17 30 0.169203

18 30 0.17471

19 30 0.179527

20 30 0.183636

21 30 0.18702

22 30 0.189666

23 30 0.191564

24 30 0.192705

25 30 0.193086

26 30 0.192705

27 30 0.191564

28 30 0.189666

29 30 0.18702

30 30 0.183636

31 30 0.179527

32 30 0.17471

33 30 0.169203

34 30 0.163028

35 30 0.15621

36 30 0.148776

37 30 0.140754

38 30 0.132177

39 30 0.123078

40 30 0.113493

41 30 0.103461

42 30 0.09302

43 30 0.0822121

44 30 0.0710798

45 30 0.0596669

46 30 0.0480186

47 30 0.0361808

48 30 0.0242001

49 30 0.012124

50 30 0

0 31 0

1 31 0.0118527

2 31 0.0236586

3 31 0.0353712

4 31 0.0469442

5 31 0.0583319

6 31 0.0694894

7 31 0.0803726

8 31 0.0909387

9 31 0.101146

10 31 0.110954

11 31 0.120324

12 31 0.129219

13 31 0.137604

14 31 0.145447

15 31 0.152715

16 31 0.15938

17 31 0.165417

18 31 0.170801

19 31 0.17551

20 31 0.179527

21 31 0.182835

22 31 0.185422

23 31 0.187277

24 31 0.188393

25 31 0.188766

26 31 0.188393

27 31 0.187277

28 31 0.185422

29 31 0.182835

30 31 0.179527

31 31 0.17551

32 31 0.170801

33 31 0.165417

34 31 0.15938

35 31 0.152715

36 31 0.145447

37 31 0.137604

38 31 0.129219

39 31 0.120324

40 31 0.110954

41 31 0.101146

42 31 0.0909387

43 31 0.0803726

44 31 0.0694894

45 31 0.0583319

46 31 0.0469442

47 31 0.0353712

48 31 0.0236586

49 31 0.0118527

50 31 0

0 32 0

1 32 0.0115347

2 32 0.0230238

3 32 0.0344221

4 32 0.0456845

5 32 0.0567666

6 32 0.0676247

7 32 0.0782159

8 32 0.0884984

9 32 0.0984317

10 32 0.107977

11 32 0.117095

12 32 0.125752

13 32 0.133912

14 32 0.141544

15 32 0.148617

16 32 0.155104

17 32 0.160978

18 32 0.166217

19 32 0.170801

20 32 0.17471

21 32 0.177929

22 32 0.180447

23 32 0.182252

24 32 0.183338

25 32 0.183701

26 32 0.183338

27 32 0.182252

28 32 0.180447

29 32 0.177929

30 32 0.17471

31 32 0.170801

32 32 0.166217

33 32 0.160978

34 32 0.155104

35 32 0.148617

36 32 0.141544

37 32 0.133912

38 32 0.125752

39 32 0.117095

40 32 0.107977

41 32 0.0984317

42 32 0.0884984

43 32 0.0782159

44 32 0.0676247

45 32 0.0567666

46 32 0.0456845

47 32 0.0344221

48 32 0.0230238

49 32 0.0115347

50 32 0

0 33 0

1 33 0.0111711

2 33 0.0222981

3 33 0.0333371

4 33 0.0442445

5 33 0.0549773

6 33 0.0654932

7 33 0.0757505

8 33 0.0857089

9 33 0.0953291

10 33 0.104573

11 33 0.113404

12 33 0.121788

13 33 0.129691

14 33 0.137082

15 33 0.143932

16 33 0.150215

17 33 0.155904

18 33 0.160978

19 33 0.165417

20 33 0.169203

21 33 0.172321

22 33 0.174759

23 33 0.176507

24 33 0.177559

25 33 0.17791

26 33 0.177559

27 33 0.176507

28 33 0.174759

29 33 0.172321

30 33 0.169203

31 33 0.165417

32 33 0.160978

33 33 0.155904

34 33 0.150215

35 33 0.143932

36 33 0.137082

37 33 0.129691

38 33 0.121788

39 33 0.113404

40 33 0.104573

41 33 0.0953291

42 33 0.0857089

43 33 0.0757505

44 33 0.0654932

45 33 0.0549773

46 33 0.0442445

47 33 0.0333371

48 33 0.0222981

49 33 0.0111711

50 33 0

0 34 0

1 34 0.0107634

2 34 0.0214844

3 34 0.0321205

4 34 0.0426299

5 34 0.052971

6 34 0.0631031

7 34 0.0729862

8 34 0.0825812

9 34 0.0918503

10 34 0.100757

11 34 0.109266

12 34 0.117344

13 34 0.124958

14 34 0.13208

15 34 0.13868

16 34 0.144733

17 34 0.150215

18 34 0.155104

19 34 0.15938

20 34 0.163028

21 34 0.166032

22 34 0.168382

23 34 0.170066

24 34 0.17108

25 34 0.171418

26 34 0.17108

27 34 0.170066

28 34 0.168382

29 34 0.166032

30 34 0.163028

31 34 0.15938

32 34 0.155104

33 34 0.150215

34 34 0.144733

35 34 0.13868

36 34 0.13208

37 34 0.124958

38 34 0.117344

39 34 0.109266

40 34 0.100757

41 34 0.0918503

42 34 0.0825812

43 34 0.0729862

44 34 0.0631031

45 34 0.052971

46 34 0.0426299

47 34 0.0321205

48 34 0.0214844

49 34 0.0107634

50 34 0

0 35 0

1 35 0.0103133

2 35 0.0205859

3 35 0.0307772

4 35 0.0408471

5 35 0.0507557

6 35 0.0604641

7 35 0.0699338

8 35 0.0791275

9 35 0.088009

10 35 0.0965431

11 35 0.104696

12 35 0.112436

13 35 0.119732

14 35 0.126556

15 35 0.13288

16 35 0.13868

17 35 0.143932

18 35 0.148617

19 35 0.152715

20 35 0.15621

21 35 0.159089

22 35 0.16134

23 35 0.162954

24 35 0.163925

25 35 0.164249

26 35 0.163925

27 35 0.162954

28 35 0.16134

29 35 0.159089

30 35 0.15621

31 35 0.152715

32 35 0.148617

33 35 0.143932

34 35 0.13868

35 35 0.13288

36 35 0.126556

37 35 0.119732

38 35 0.112436

39 35 0.104696

40 35 0.0965431

41 35 0.088009

42 35 0.0791275

43 35 0.0699338

44 35 0.0604641

45 35 0.0507557

46 35 0.0408471

47 35 0.0307772

48 35 0.0205859

49 35 0.0103133

50 35 0

0 36 0

1 36 0.00982244

2 36 0.0196061

3 36 0.0293124

4 36 0.038903

5 36 0.0483401

6 36 0.0575864

7 36 0.0666054

8 36 0.0753616

9 36 0.0838204

10 36 0.0919483

11 36 0.0997134

12 36 0.107085

13 36 0.114034

14 36 0.120533

15 36 0.126556

16 36 0.13208

17 36 0.137082

18 36 0.141544

19 36 0.145447

20 36 0.148776

21 36 0.151517

22 36 0.153661

23 36 0.155198

24 36 0.156123

25 36 0.156432

26 36 0.156123

27 36 0.155198

28 36 0.153661

29 36 0.151517

30 36 0.148776

31 36 0.145447

32 36 0.141544

33 36 0.137082

34 36 0.13208

35 36 0.126556

36 36 0.120533

37 36 0.114034

38 36 0.107085

39 36 0.0997134

40 36 0.0919483

41 36 0.0838204

42 36 0.0753616

43 36 0.0666054

44 36 0.0575864

45 36 0.0483401

46 36 0.038903

47 36 0.0293124

48 36 0.0196061

49 36 0.00982244

50 36 0

0 37 0

1 37 0.00929283

2 37 0.018549

3 37 0.0277319

4 37 0.0368054

5 37 0.0457337

6 37 0.0544814

7 37 0.0630142

8 37 0.0712983

9 37 0.0793009

10 37 0.0869906

11 37 0.094337

12 37 0.101311

13 37 0.107885

14 37 0.114034

15 37 0.119732

16 37 0.124958

17 37 0.129691

18 37 0.133912

19 37 0.137604

20 37 0.140754

21 37 0.143348

22 37 0.145376

23 37 0.14683

24 37 0.147705

25 37 0.147997

26 37 0.147705

27 37 0.14683

28 37 0.145376

29 37 0.143348

30 37 0.140754

31 37 0.137604

32 37 0.133912

33 37 0.129691

34 37 0.124958

35 37 0.119732

36 37 0.114034

37 37 0.107885

38 37 0.101311

39 37 0.094337

40 37 0.0869906

41 37 0.0793009

42 37 0.0712983

43 37 0.0630142

44 37 0.0544814

45 37 0.0457337

46 37 0.0368054

47 37 0.0277319

48 37 0.018549

49 37 0.00929283

50 37 0

0 38 0

1 38 0.00872655

2 38 0.0174187

3 38 0.026042

4 38 0.0345626

5 38 0.0429468

6 38 0.0511615

7 38 0.0591743

8 38 0.0669535

9 38 0.0744685

10 38 0.0816896

11 38 0.0885884

12 38 0.0951375

13 38 0.101311

14 38 0.107085

15 38 0.112436

16 38 0.117344

17 38 0.121788

18 38 0.125752

19 38 0.129219

20 38 0.132177

21 38 0.134612

22 38 0.136517

23 38 0.137883

24 38 0.138704

25 38 0.138979

26 38 0.138704

27 38 0.137883

28 38 0.136517

29 38 0.134612

30 38 0.132177

31 38 0.129219

32 38 0.125752

33 38 0.121788

34 38 0.117344

35 38 0.112436

36 38 0.107085

37 38 0.101311

38 38 0.0951375

39 38 0.0885884

40 38 0.0816896

41 38 0.0744685

42 38 0.0669535

43 38 0.0591743

44 38 0.0511615

45 38 0.0429468

46 38 0.0345626

47 38 0.026042

48 38 0.0174187

49 38 0.00872655

50 38 0

0 39 0

1 39 0.00812583

2 39 0.0162196

3 39 0.0242493

4 39 0.0321834

5 39 0.0399904

6 39 0.0476396

7 39 0.0551008

8 39 0.0623445

9 39 0.0693422

10 39 0.0760663

11 39 0.0824901

12 39 0.0885884

13 39 0.094337

14 39 0.0997134

15 39 0.104696

16 39 0.109266

17 39 0.113404

18 39 0.117095

19 39 0.120324

20 39 0.123078

21 39 0.125346

22 39 0.127119

23 39 0.128391

24 39 0.129156

25 39 0.129412

26 39 0.129156

27 39 0.128391

28 39 0.127119

29 39 0.125346

30 39 0.123078

31 39 0.120324

32 39 0.117095

33 39 0.113404

34 39 0.109266

35 39 0.104696

36 39 0.0997134

37 39 0.094337

38 39 0.0885884

39 39 0.0824901

40 39 0.0760663

41 39 0.0693422

42 39 0.0623445

43 39 0.0551008

44 39 0.0476396

45 39 0.0399904

46 39 0.0321834

47 39 0.0242493

48 39 0.0162196

49 39 0.00812583

50 39 0

0 40 0

1 40 0.00749304

2 40 0.0149565

3 40 0.0223609

4 40 0.0296771

5 40 0.0368762

6 40 0.0439297

7 40 0.0508099

8 40 0.0574895

9 40 0.0639423

10 40 0.0701427

11 40 0.0760663

12 40 0.0816896

13 40 0.0869906

14 40 0.0919483

15 40 0.0965431

16 40 0.100757

17 40 0.104573

18 40 0.107977

19 40 0.110954

20 40 0.113493

21 40 0.115585

22 40 0.11722

23 40 0.118393

24 40 0.119098

25 40 0.119334

26 40 0.119098

27 40 0.118393

28 40 0.11722

29 40 0.115585

30 40 0.113493

31 40 0.110954

32 40 0.107977

33 40 0.104573

34 40 0.100757

35 40 0.0965431

36 40 0.0919483

37 40 0.0869906

38 40 0.0816896

39 40 0.0760663

40 40 0.0701427

41 40 0.0639423

42 40 0.0574895

43 40 0.0508099

44 40 0.0439297

45 40 0.0368762

46 40 0.0296771

47 40 0.0223609

48 40 0.0149565

49 40 0.00749304

50 40 0

0 41 0

1 41 0.00683067

2 41 0.0136344

3 41 0.0203843

4 41 0.0270538

5 41 0.0336164

6 41 0.0400465

7 41 0.0463184

8 41 0.0524076

9 41 0.05829

10 41 0.0639423

11 41 0.0693422

12 41 0.0744685

13 41 0.0793009

14 41 0.0838204

15 41 0.088009

16 41 0.0918503

17 41 0.0953291

18 41 0.0984317

19 41 0.101146

20 41 0.103461

21 41 0.105367

22 41 0.106858

23 41 0.107927

24 41 0.10857

25 41 0.108785

26 41 0.10857

27 41 0.107927

28 41 0.106858

29 41 0.105367

30 41 0.103461

31 41 0.101146

32 41 0.0984317

33 41 0.0953291

34 41 0.0918503

35 41 0.088009

36 41 0.0838204

37 41 0.0793009

38 41 0.0744685

39 41 0.0693422

40 41 0.0639423

41 41 0.05829

42 41 0.0524076

43 41 0.0463184

44 41 0.0400465

45 41 0.0336164

46 41 0.0270538

47 41 0.0203843

48 41 0.0136344

49 41 0.00683067

50 41 0

0 42 0

1 42 0.00614135

2 42 0.0122585

3 42 0.0183272

4 42 0.0243236

5 42 0.030224

6 42 0.0360052

7 42 0.0416442

8 42 0.0471189

9 42 0.0524076

10 42 0.0574895

11 42 0.0623445

12 42 0.0669535

13 42 0.0712983

14 42 0.0753616

15 42 0.0791275

16 42 0.0825812

17 42 0.0857089

18 42 0.0884984

19 42 0.0909387

20 42 0.09302

21 42 0.0947342

22 42 0.0960746

23 42 0.0970358

24 42 0.097614

25 42 0.097807

26 42 0.097614

27 42 0.0970358

28 42 0.0960746

29 42 0.0947342

30 42 0.09302

31 42 0.0909387

32 42 0.0884984

33 42 0.0857089

34 42 0.0825812

35 42 0.0791275

36 42 0.0753616

37 42 0.0712983

38 42 0.0669535

39 42 0.0623445

40 42 0.0574895

41 42 0.0524076

42 42 0.0471189

43 42 0.0416442

44 42 0.0360052

45 42 0.030224

46 42 0.0243236

47 42 0.0183272

48 42 0.0122585

49 42 0.00614135

50 42 0

0 43 0

1 43 0.0054278

2 43 0.0108342

3 43 0.0161978

4 43 0.0214975

5 43 0.0267123

6 43 0.0318218

7 43 0.0368056

8 43 0.0416442

9 43 0.0463184

10 43 0.0508099

11 43 0.0551008

12 43 0.0591743

13 43 0.0630142

14 43 0.0666054

15 43 0.0699338

16 43 0.0729862

17 43 0.0757505

18 43 0.0782159

19 43 0.0803726

20 43 0.0822121

21 43 0.0837272

22 43 0.0849118

23 43 0.0857613

24 43 0.0862724

25 43 0.0864429

26 43 0.0862724

27 43 0.0857613

28 43 0.0849118

29 43 0.0837272

30 43 0.0822121

31 43 0.0803726

32 43 0.0782159

33 43 0.0757505

34 43 0.0729862

35 43 0.0699338

36 43 0.0666054

37 43 0.0630142

38 43 0.0591743

39 43 0.0551008

40 43 0.0508099

41 43 0.0463184

42 43 0.0416442

43 43 0.0368056

44 43 0.0318218

45 43 0.0267123

46 43 0.0214975

47 43 0.0161978

48 43 0.0108342

49 43 0.0054278

50 43 0

0 44 0

1 44 0.00469282

2 44 0.00936712

3 44 0.0140045

4 44 0.0185865

5 44 0.0230952

6 44 0.0275128

7 44 0.0318218

8 44 0.0360052

9 44 0.0400465

10 44 0.0439297

11 44 0.0476396

12 44 0.0511615

13 44 0.0544814

14 44 0.0575864

15 44 0.0604641

16 44 0.0631031

17 44 0.0654932

18 44 0.0676247

19 44 0.0694894

20 44 0.0710798

21 44 0.0723897

22 44 0.0734139

23 44 0.0741484

24 44 0.0745902

25 44 0.0747377

26 44 0.0745902

27 44 0.0741484

28 44 0.0734139

29 44 0.0723897

30 44 0.0710798

31 44 0.0694894

32 44 0.0676247

33 44 0.0654932

34 44 0.0631031

35 44 0.0604641

36 44 0.0575864

37 44 0.0544814

38 44 0.0511615

39 44 0.0476396

40 44 0.0439297

41 44 0.0400465

42 44 0.0360052

43 44 0.0318218

44 44 0.0275128

45 44 0.0230952

46 44 0.0185865

47 44 0.0140045

48 44 0.00936712

49 44 0.00469282

50 44 0

0 45 0

1 45 0.00393932

2 45 0.0078631

3 45 0.0117558

4 45 0.0156022

5 45 0.019387

6 45 0.0230952

7 45 0.0267123

8 45 0.030224

9 45 0.0336164

10 45 0.0368762

11 45 0.0399904

12 45 0.0429468

13 45 0.0457337

14 45 0.0483401

15 45 0.0507557

16 45 0.052971

17 45 0.0549773

18 45 0.0567666

19 45 0.0583319

20 45 0.0596669

21 45 0.0607665

22 45 0.0616263

23 45 0.0622428

24 45 0.0626137

25 45 0.0627375

26 45 0.0626137

27 45 0.0622428

28 45 0.0616263

29 45 0.0607665

30 45 0.0596669

31 45 0.0583319

32 45 0.0567666

33 45 0.0549773

34 45 0.052971

35 45 0.0507557

36 45 0.0483401

37 45 0.0457337

38 45 0.0429468

39 45 0.0399904

40 45 0.0368762

41 45 0.0336164

42 45 0.030224

43 45 0.0267123

44 45 0.0230952

45 45 0.019387

46 45 0.0156022

47 45 0.0117558

48 45 0.0078631

49 45 0.00393932

50 45 0

0 46 0

1 46 0.00317028

2 46 0.00632804

3 46 0.00946083

4 46 0.0125563

5 46 0.0156022

6 46 0.0185865

7 46 0.0214975

8 46 0.0243236

9 46 0.0270538

10 46 0.0296771

11 46 0.0321834

12 46 0.0345626

13 46 0.0368054

14 46 0.038903

15 46 0.0408471

16 46 0.0426299

17 46 0.0442445

18 46 0.0456845

19 46 0.0469442

20 46 0.0480186

21 46 0.0489035

22 46 0.0495954

23 46 0.0500916

24 46 0.0503901

25 46 0.0504897

26 46 0.0503901

27 46 0.0500916

28 46 0.0495954

29 46 0.0489035

30 46 0.0480186

31 46 0.0469442

32 46 0.0456845

33 46 0.0442445

34 46 0.0426299

35 46 0.0408471

36 46 0.038903

37 46 0.0368054

38 46 0.0345626

39 46 0.0321834

40 46 0.0296771

41 46 0.0270538

42 46 0.0243236

43 46 0.0214975

44 46 0.0185865

45 46 0.0156022

46 46 0.0125563

47 46 0.00946083

48 46 0.00632804

49 46 0.00317028

50 46 0

0 47 0

1 47 0.00238872

2 47 0.00476801

3 47 0.00712849

4 47 0.00946083

5 47 0.0117558

6 47 0.0140045

7 47 0.0161978

8 47 0.0183272

9 47 0.0203843

10 47 0.0223609

11 47 0.0242493

12 47 0.026042

13 47 0.0277319

14 47 0.0293124

15 47 0.0307772

16 47 0.0321205

17 47 0.0333371

18 47 0.0344221

19 47 0.0353712

20 47 0.0361808

21 47 0.0368475

22 47 0.0373689

23 47 0.0377427

24 47 0.0379676

25 47 0.0380427

26 47 0.0379676

27 47 0.0377427

28 47 0.0373689

29 47 0.0368475

30 47 0.0361808

31 47 0.0353712

32 47 0.0344221

33 47 0.0333371

34 47 0.0321205

35 47 0.0307772

36 47 0.0293124

37 47 0.0277319

38 47 0.026042

39 47 0.0242493

40 47 0.0223609

41 47 0.0203843

42 47 0.0183272

43 47 0.0161978

44 47 0.0140045

45 47 0.0117558

46 47 0.00946083

47 47 0.00712849

48 47 0.00476801

49 47 0.00238872

50 47 0

0 48 0

1 48 0.00159774

2 48 0.00318917

3 48 0.00476801

4 48 0.00632804

5 48 0.0078631

6 48 0.00936712

7 48 0.0108342

8 48 0.0122585

9 48 0.0136344

10 48 0.0149565

11 48 0.0162196

12 48 0.0174187

13 48 0.018549

14 48 0.0196061

15 48 0.0205859

16 48 0.0214844

17 48 0.0222981

18 48 0.0230238

19 48 0.0236586

20 48 0.0242001

21 48 0.0246461

22 48 0.0249948

23 48 0.0252449

24 48 0.0253953

25 48 0.0254455

26 48 0.0253953

27 48 0.0252449

28 48 0.0249948

29 48 0.0246461

30 48 0.0242001

31 48 0.0236586

32 48 0.0230238

33 48 0.0222981

34 48 0.0214844

35 48 0.0205859

36 48 0.0196061

37 48 0.018549

38 48 0.0174187

39 48 0.0162196

40 48 0.0149565

41 48 0.0136344

42 48 0.0122585

43 48 0.0108342

44 48 0.00936712

45 48 0.0078631

46 48 0.00632804

47 48 0.00476801

48 48 0.00318917

49 48 0.00159774

50 48 0

0 49 0

1 49 0.000800448

2 49 0.00159774

3 49 0.00238872

4 49 0.00317028

5 49 0.00393932

6 49 0.00469282

7 49 0.0054278

8 49 0.00614135

9 49 0.00683067

10 49 0.00749304

11 49 0.00812583

12 49 0.00872655

13 49 0.00929283

14 49 0.00982244

15 49 0.0103133

16 49 0.0107634

17 49 0.0111711

18 49 0.0115347

19 49 0.0118527

20 49 0.012124

21 49 0.0123474

22 49 0.0125221

23 49 0.0126474

24 49 0.0127228

25 49 0.0127479

26 49 0.0127228

27 49 0.0126474

28 49 0.0125221

29 49 0.0123474

30 49 0.012124

31 49 0.0118527

32 49 0.0115347

33 49 0.0111711

34 49 0.0107634

35 49 0.0103133

36 49 0.00982244

37 49 0.00929283

38 49 0.00872655

39 49 0.00812583

40 49 0.00749304

41 49 0.00683067

42 49 0.00614135

43 49 0.0054278

44 49 0.00469282

45 49 0.00393932

46 49 0.00317028

47 49 0.00238872

48 49 0.00159774

49 49 0.000800448

50 49 0

