0 1 0

1 1 0.00059302

2 1 0.0011837

3 1 0.00176971

4 1 0.00234873

5 1 0.00291849

6 1 0.00347672

7 1 0.00402124

8 1 0.00454988

9 1 0.00506057

10 1 0.00555129

11 1 0.0060201

12 1 0.00646515

13 1 0.00688469

14 1 0.00727705

15 1 0.0076407

16 1 0.00797419

17 1 0.00827621

18 1 0.00854557

19 1 0.0087812

20 1 0.00898218

21 1 0.00914771

22 1 0.00927713

23 1 0.00936995

24 1 0.00942578

25 1 0.00944442

26 1 0.00942578

27 1 0.00936995

28 1 0.00927713

29 1 0.00914771

30 1 0.00898218

31 1 0.0087812

32 1 0.00854557

33 1 0.00827621

34 1 0.00797419

35 1 0.0076407

36 1 0.00727705

37 1 0.00688469

38 1 0.00646515

39 1 0.0060201

40 1 0.00555129

41 1 0.00506057

42 1 0.00454988

43 1 0.00402124

44 1 0.00347672

45 1 0.00291849

46 1 0.00234873

47 1 0.00176971

48 1 0.0011837

49 1 0.00059302

50 1 0

0 2 0

1 2 0.0011837

2 2 0.00236273

3 2 0.00353243

4 2 0.00468819

5 2 0.00582545

6 2 0.00693972

7 2 0.00802661

8 2 0.00908181

9 2 0.0101012

10 2 0.0110807

11 2 0.0120164

12 2 0.0129048

13 2 0.0137422

14 2 0.0145254

15 2 0.0152512

16 2 0.0159169

17 2 0.0165198

18 2 0.0170574

19 2 0.0175277

20 2 0.0179289

21 2 0.0182593

22 2 0.0185177

23 2 0.0187029

24 2 0.0188144

25 2 0.0188516

26 2 0.0188144

27 2 0.0187029

28 2 0.0185177

29 2 0.0182593

30 2 0.0179289

31 2 0.0175277

32 2 0.0170574

33 2 0.0165198

34 2 0.0159169

35 2 0.0152512

36 2 0.0145254

37 2 0.0137422

38 2 0.0129048

39 2 0.0120164

40 2 0.0110807

41 2 0.0101012

42 2 0.00908181

43 2 0.00802661

44 2 0.00693972

45 2 0.00582545

46 2 0.00468819

47 2 0.00353243

48 2 0.00236273

49 2 0.0011837

50 2 0

0 3 0

1 3 0.00176971

2 3 0.00353243

3 3 0.00528121

4 3 0.00700915

5 3 0.00870943

6 3 0.0103753

7 3 0.0120003

8 3 0.0135779

9 3 0.0151019

10 3 0.0165663

11 3 0.0179654

12 3 0.0192935

13 3 0.0205455

14 3 0.0217164

15 3 0.0228016

16 3 0.0237968

17 3 0.0246981

18 3 0.0255019

19 3 0.0262051

20 3 0.0268049

21 3 0.0272989

22 3 0.0276851

23 3 0.0279621

24 3 0.0281287

25 3 0.0281843

26 3 0.0281287

27 3 0.0279621

28 3 0.0276851

29 3 0.0272989

30 3 0.0268049

31 3 0.0262051

32 3 0.0255019

33 3 0.0246981

34 3 0.0237968

35 3 0.0228016

36 3 0.0217164

37 3 0.0205455

38 3 0.0192935

39 3 0.0179654

40 3 0.0165663

41 3 0.0151019

42 3 0.0135779

43 3 0.0120003

44 3 0.0103753

45 3 0.00870943

46 3 0.00700915

47 3 0.00528121

48 3 0.00353243

49 3 0.00176971

50 3 0

0 4 0

1 4 0.00234873

2 4 0.00468819

3 4 0.00700915

4 4 0.00930245

5 4 0.011559

6 4 0.01377

7 4 0.0159266

8 4 0.0180204

9 4 0.020043

10 4 0.0219866

11 4 0.0238434

12 4 0.0256061

13 4 0.0272677

14 4 0.0288217

15 4 0.030262

16 4 0.0315828

17 4 0.032779

18 4 0.0338458

19 4 0.0347791

20 4 0.0355751

21 4 0.0362307

22 4 0.0367433

23 4 0.0371109

24 4 0.037332

25 4 0.0374058

26 4 0.037332

27 4 0.0371109

28 4 0.0367433

29 4 0.0362307

30 4 0.0355751

31 4 0.0347791

32 4 0.0338458

33 4 0.032779

34 4 0.0315828

35 4 0.030262

36 4 0.0288217

37 4 0.0272677

38 4 0.0256061

39 4 0.0238434

40 4 0.0219866

41 4 0.020043

42 4 0.0180204

43 4 0.0159266

44 4 0.01377

45 4 0.011559

46 4 0.00930245

47 4 0.00700915

48 4 0.00468819

49 4 0.00234873

50 4 0

0 5 0

1 5 0.00291849

2 5 0.00582545

3 5 0.00870943

4 5 0.011559

5 5 0.014363

6 5 0.0171103

7 5 0.0197901

8 5 0.0223918

9 5 0.0249051

10 5 0.0273201

11 5 0.0296273

12 5 0.0318176

13 5 0.0338823

14 5 0.0358132

15 5 0.0376029

16 5 0.0392441

17 5 0.0407305

18 5 0.0420561

19 5 0.0432158

20 5 0.0442048

21 5 0.0450195

22 5 0.0456564

23 5 0.0461132

24 5 0.046388

25 5 0.0464797

26 5 0.046388

27 5 0.0461132

28 5 0.0456564

29 5 0.0450195

30 5 0.0442048

31 5 0.0432158

32 5 0.0420561

33 5 0.0407305

34 5 0.0392441

35 5 0.0376029

36 5 0.0358132

37 5 0.0338823

38 5 0.0318176

39 5 0.0296273

40 5 0.0273201

41 5 0.0249051

42 5 0.0223918

43 5 0.0197901

44 5 0.0171103

45 5 0.014363

46 5 0.011559

47 5 0.00870943

48 5 0.00582545

49 5 0.00291849

50 5 0

0 6 0

1 6 0.00347672

2 6 0.00693972

3 6 0.0103753

4 6 0.01377

5 6 0.0171103

6 6 0.0203831

7 6 0.0235755

8 6 0.0266748

9 6 0.0296688

10 6 0.0325458

11 6 0.0352943

12 6 0.0379035

13 6 0.0403631

14 6 0.0426635

15 6 0.0447954

16 6 0.0467506

17 6 0.0485213

18 6 0.0501004

19 6 0.0514819

20 6 0.0526602

21 6 0.0536306

22 6 0.0543894

23 6 0.0549336

24 6 0.0552609

25 6 0.0553702

26 6 0.0552609

27 6 0.0549336

28 6 0.0543894

29 6 0.0536306

30 6 0.0526602

31 6 0.0514819

32 6 0.0501004

33 6 0.0485213

34 6 0.0467506

35 6 0.0447954

36 6 0.0426635

37 6 0.0403631

38 6 0.0379035

39 6 0.0352943

40 6 0.0325458

41 6 0.0296688

42 6 0.0266748

43 6 0.0235755

44 6 0.0203831

45 6 0.0171103

46 6 0.01377

47 6 0.0103753

48 6 0.00693972

49 6 0.00347672

50 6 0

0 7 0

1 7 0.00402124

2 7 0.00802661

3 7 0.0120003

4 7 0.0159266

5 7 0.0197901

6 7 0.0235755

7 7 0.0272678

8 7 0.0308525

9 7 0.0343155

10 7 0.037643

11 7 0.040822

12 7 0.0438399

13 7 0.0466847

14 7 0.0493453

15 7 0.0518112

16 7 0.0540726

17 7 0.0561205

18 7 0.057947

19 7 0.0595449

20 7 0.0609077

21 7 0.0620301

22 7 0.0629078

23 7 0.0635371

24 7 0.0639158

25 7 0.0640421

26 7 0.0639158

27 7 0.0635371

28 7 0.0629078

29 7 0.0620301

30 7 0.0609077

31 7 0.0595449

32 7 0.057947

33 7 0.0561205

34 7 0.0540726

35 7 0.0518112

36 7 0.0493453

37 7 0.0466847

38 7 0.0438399

39 7 0.040822

40 7 0.037643

41 7 0.0343155

42 7 0.0308525

43 7 0.0272678

44 7 0.0235755

45 7 0.0197901

46 7 0.0159266

47 7 0.0120003

48 7 0.00802661

49 7 0.00402124

50 7 0

0 8 0

1 8 0.00454988

2 8 0.00908181

3 8 0.0135779

4 8 0.0180204

5 8 0.0223918

6 8 0.0266748

7 8 0.0308525

8 8 0.0349085

9 8 0.0388267

10 8 0.0425917

11 8 0.0461886

12 8 0.0496032

13 8 0.052822

14 8 0.0558324

15 8 0.0586224

16 8 0.0611811

17 8 0.0634983

18 8 0.065565

19 8 0.0673728

20 8 0.0689148

21 8 0.0701848

22 8 0.0711778

23 8 0.0718899

24 8 0.0723183

25 8 0.0724613

26 8 0.0723183

27 8 0.0718899

28 8 0.0711778

29 8 0.0701848

30 8 0.0689148

31 8 0.0673728

32 8 0.065565

33 8 0.0634983

34 8 0.0611811

35 8 0.0586224

36 8 0.0558324

37 8 0.052822

38 8 0.0496032

39 8 0.0461886

40 8 0.0425917

41 8 0.0388267

42 8 0.0349085

43 8 0.0308525

44 8 0.0266748

45 8 0.0223918

46 8 0.0180204

47 8 0.0135779

48 8 0.00908181

49 8 0.00454988

50 8 0

0 9 0

1 9 0.00506057

2 9 0.0101012

3 9 0.0151019

4 9 0.020043

5 9 0.0249051

6 9 0.0296688

7 9 0.0343155

8 9 0.0388267

9 9 0.0431847

10 9 0.0473723

11 9 0.0513729

12 9 0.0551708

13 9 0.0587509

14 9 0.0620992

15 9 0.0652024

16 9 0.0680482

17 9 0.0706255

18 9 0.0729241

19 9 0.0749349

20 9 0.07665

21 9 0.0780625

22 9 0.079167

23 9 0.079959

24 9 0.0804355

25 9 0.0805945

26 9 0.0804355

27 9 0.079959

28 9 0.079167

29 9 0.0780625

30 9 0.07665

31 9 0.0749349

32 9 0.0729241

33 9 0.0706255

34 9 0.0680482

35 9 0.0652024

36 9 0.0620992

37 9 0.0587509

38 9 0.0551708

39 9 0.0513729

40 9 0.0473723

41 9 0.0431847

42 9 0.0388267

43 9 0.0343155

44 9 0.0296688

45 9 0.0249051

46 9 0.020043

47 9 0.0151019

48 9 0.0101012

49 9 0.00506057

50 9 0

0 10 0

1 10 0.00555129

2 10 0.0110807

3 10 0.0165663

4 10 0.0219866

5 10 0.0273201

6 10 0.0325458

7 10 0.037643

8 10 0.0425917

9 10 0.0473723

10 10 0.0519659

11 10 0.0563545

12 10 0.0605206

13 10 0.0644479

14 10 0.0681208

15 10 0.0715249

16 10 0.0746468

17 10 0.077474

18 10 0.0799955

19 10 0.0822013

20 10 0.0840826

21 10 0.0856321

22 10 0.0868437

23 10 0.0877126

24 10 0.0882352

25 10 0.0884097

26 10 0.0882352

27 10 0.0877126

28 10 0.0868437

29 10 0.0856321

30 10 0.0840826

31 10 0.0822013

32 10 0.0799955

33 10 0.077474

34 10 0.0746468

35 10 0.0715249

36 10 0.0681208

37 10 0.0644479

38 10 0.0605206

39 10 0.0563545

40 10 0.0519659

41 10 0.0473723

42 10 0.0425917

43 10 0.037643

44 10 0.0325458

45 10 0.0273201

46 10 0.0219866

47 10 0.0165663

48 10 0.0110807

49 10 0.00555129

50 10 0

0 11 0

1 11 0.0060201

2 11 0.0120164

3 11 0.0179654

4 11 0.0238434

5 11 0.0296273

6 11 0.0352943

7 11 0.040822

8 11 0.0461886

9 11 0.0513729

10 11 0.0563545

11 11 0.0611136

12 11 0.0656316

13 11 0.0698905

14 11 0.0738737

15 11 0.0775653

16 11 0.0809507

17 11 0.0840167

18 11 0.0867511

19 11 0.0891432

20 11 0.0911834

21 11 0.0928638

22 11 0.0941777

23 11 0.0951199

24 11 0.0956867

25 11 0.0958759

26 11 0.0956867

27 11 0.0951199

28 11 0.0941777

29 11 0.0928638

30 11 0.0911834

31 11 0.0891432

32 11 0.0867511

33 11 0.0840167

34 11 0.0809507

35 11 0.0775653

36 11 0.0738737

37 11 0.0698905

38 11 0.0656316

39 11 0.0611136

40 11 0.0563545

41 11 0.0513729

42 11 0.0461886

43 11 0.040822

44 11 0.0352943

45 11 0.0296273

46 11 0.0238434

47 11 0.0179654

48 11 0.0120164

49 11 0.0060201

50 11 0

0 12 0

1 12 0.00646515

2 12 0.0129048

3 12 0.0192935

4 12 0.0256061

5 12 0.0318176

6 12 0.0379035

7 12 0.0438399

8 12 0.0496032

9 12 0.0551708

10 12 0.0605206

11 12 0.0656316

12 12 0.0704836

13 12 0.0750574

14 12 0.079335

15 12 0.0832995

16 12 0.0869352

17 12 0.0902279

18 12 0.0931644

19 12 0.0957333

20 12 0.0979244

21 12 0.099729

22 12 0.10114

23 12 0.102152

24 12 0.102761

25 12 0.102964

26 12 0.102761

27 12 0.102152

28 12 0.10114

29 12 0.099729

30 12 0.0979244

31 12 0.0957333

32 12 0.0931644

33 12 0.0902279

34 12 0.0869352

35 12 0.0832995

36 12 0.079335

37 12 0.0750574

38 12 0.0704836

39 12 0.0656316

40 12 0.0605206

41 12 0.0551708

42 12 0.0496032

43 12 0.0438399

44 12 0.0379035

45 12 0.0318176

46 12 0.0256061

47 12 0.0192935

48 12 0.0129048

49 12 0.00646515

50 12 0

0 13 0

1 13 0.00688469

2 13 0.0137422

3 13 0.0205455

4 13 0.0272677

5 13 0.0338823

6 13 0.0403631

7 13 0.0466847

8 13 0.052822

9 13 0.0587509

10 13 0.0644479

11 13 0.0698905

12 13 0.0750574

13 13 0.079928

14 13 0.0844832

15 13 0.0887049

16 13 0.0925766

17 13 0.0960829

18 13 0.09921

19 13 0.101946

20 13 0.104279

21 13 0.106201

22 13 0.107703

23 13 0.108781

24 13 0.109429

25 13 0.109645

26 13 0.109429

27 13 0.108781

28 13 0.107703

29 13 0.106201

30 13 0.104279

31 13 0.101946

32 13 0.09921

33 13 0.0960829

34 13 0.0925766

35 13 0.0887049

36 13 0.0844832

37 13 0.079928

38 13 0.0750574

39 13 0.0698905

40 13 0.0644479

41 13 0.0587509

42 13 0.052822

43 13 0.0466847

44 13 0.0403631

45 13 0.0338823

46 13 0.0272677

47 13 0.0205455

48 13 0.0137422

49 13 0.00688469

50 13 0

0 14 0

1 14 0.00727705

2 14 0.0145254

3 14 0.0217164

4 14 0.0288217

5 14 0.0358132

6 14 0.0426635

7 14 0.0493453

8 14 0.0558324

9 14 0.0620992

10 14 0.0681208

11 14 0.0738737

12 14 0.079335

13 14 0.0844832

14 14 0.0892979

15 14 0.0937603

16 14 0.0978526

17 14 0.101559

18 14 0.104864

19 14 0.107756

20 14 0.110222

21 14 0.112253

22 14 0.113841

23 14 0.11498

24 14 0.115665

25 14 0.115894

26 14 0.115665

27 14 0.11498

28 14 0.113841

29 14 0.112253

30 14 0.110222

31 14 0.107756

32 14 0.104864

33 14 0.101559

34 14 0.0978526

35 14 0.0937603

36 14 0.0892979

37 14 0.0844832

38 14 0.079335

39 14 0.0738737

40 14 0.0681208

41 14 0.0620992

42 14 0.0558324

43 14 0.0493453

44 14 0.0426635

45 14 0.0358132

46 14 0.0288217

47 14 0.0217164

48 14 0.0145254

49 14 0.00727705

50 14 0

0 15 0

1 15 0.0076407

2 15 0.0152512

3 15 0.0228016

4 15 0.030262

5 15 0.0376029

6 15 0.0447954

7 15 0.0518112

8 15 0.0586224

9 15 0.0652024

10 15 0.0715249

11 15 0.0775653

12 15 0.0832995

13 15 0.0887049

14 15 0.0937603

15 15 0.0984456

16 15 0.102742

17 15 0.106634

18 15 0.110104

19 15 0.11314

20 15 0.11573

21 15 0.117863

22 15 0.11953

23 15 0.120726

24 15 0.121445

25 15 0.121686

26 15 0.121445

27 15 0.120726

28 15 0.11953

29 15 0.117863

30 15 0.11573

31 15 0.11314

32 15 0.110104

33 15 0.106634

34 15 0.102742

35 15 0.0984456

36 15 0.0937603

37 15 0.0887049

38 15 0.0832995

39 15 0.0775653

40 15 0.0715249

41 15 0.0652024

42 15 0.0586224

43 15 0.0518112

44 15 0.0447954

45 15 0.0376029

46 15 0.030262

47 15 0.0228016

48 15 0.0152512

49 15 0.0076407

50 15 0

0 16 0

1 16 0.00797419

2 16 0.0159169

3 16 0.0237968

4 16 0.0315828

5 16 0.0392441

6 16 0.0467506

7 16 0.0540726

8 16 0.0611811

9 16 0.0680482

10 16 0.0746468

11 16 0.0809507

12 16 0.0869352

13 16 0.0925766

14 16 0.0978526

15 16 0.102742

16 16 0.107227

17 16 0.111288

18 16 0.11491

19 16 0.118079

20 16 0.120781

21 16 0.123007

22 16 0.124747

23 16 0.125995

24 16 0.126746

25 16 0.126997

26 16 0.126746

27 16 0.125995

28 16 0.124747

29 16 0.123007

30 16 0.120781

31 16 0.118079

32 16 0.11491

33 16 0.111288

34 16 0.107227

35 16 0.102742

36 16 0.0978526

37 16 0.0925766

38 16 0.0869352

39 16 0.0809507

40 16 0.0746468

41 16 0.0680482

42 16 0.0611811

43 16 0.0540726

44 16 0.0467506

45 16 0.0392441

46 16 0.0315828

47 16 0.0237968

48 16 0.0159169

49 16 0.00797419

50 16 0

0 17 0

1 17 0.00827621

2 17 0.0165198

3 17 0.0246981

4 17 0.032779

5 17 0.0407305

6 17 0.0485213

7 17 0.0561205

8 17 0.0634983

9 17 0.0706255

10 17 0.077474

11 17 0.0840167

12 17 0.0902279

13 17 0.0960829

14 17 0.101559

15 17 0.106634

16 17 0.111288

17 17 0.115503

18 17 0.119262

19 17 0.122551

20 17 0.125356

21 17 0.127666

22 17 0.129472

23 17 0.130767

24 17 0.131547

25 17 0.131807

26 17 0.131547

27 17 0.130767

28 17 0.129472

29 17 0.127666

30 17 0.125356

31 17 0.122551

32 17 0.119262

33 17 0.115503

34 17 0.111288

35 17 0.106634

36 17 0.101559

37 17 0.0960829

38 17 0.0902279

39 17 0.0840167

40 17 0.077474

41 17 0.0706255

42 17 0.0634983

43 17 0.0561205

44 17 0.0485213

45 17 0.0407305

46 17 0.032779

47 17 0.0246981

48 17 0.0165198

49 17 0.00827621

50 17 0

0 18 0

1 18 0.00854557

2 18 0.0170574

3 18 0.0255019

4 18 0.0338458

5 18 0.0420561

6 18 0.0501004

7 18 0.057947

8 18 0.065565

9 18 0.0729241

10 18 0.0799955

11 18 0.0867511

12 18 0.0931644

13 18 0.09921

14 18 0.104864

15 18 0.110104

16 18 0.11491

17 18 0.119262

18 18 0.123144

19 18 0.126539

20 18 0.129435

21 18 0.131821

22 18 0.133686

23 18 0.135023

24 18 0.135828

25 18 0.136096

26 18 0.135828

27 18 0.135023

28 18 0.133686

29 18 0.131821

30 18 0.129435

31 18 0.126539

32 18 0.123144

33 18 0.119262

34 18 0.11491

35 18 0.110104

36 18 0.104864

37 18 0.09921

38 18 0.0931644

39 18 0.0867511

40 18 0.0799955

41 18 0.0729241

42 18 0.065565

43 18 0.057947

44 18 0.0501004

45 18 0.0420561

46 18 0.0338458

47 18 0.0255019

48 18 0.0170574

49 18 0.00854557

50 18 0

0 19 0

1 19 0.0087812

2 19 0.0175277

3 19 0.0262051

4 19 0.0347791

5 19 0.0432158

6 19 0.0514819

7 19 0.0595449

8 19 0.0673728

9 19 0.0749349

10 19 0.0822013

11 19 0.0891432

12 19 0.0957333

13 19 0.101946

14 19 0.107756

15 19 0.11314

16 19 0.118079

17 19 0.122551

18 19 0.126539

19 19 0.130028

20 19 0.133004

21 19 0.135456

22 19 0.137372

23 19 0.138746

24 19 0.139573

25 19 0.139849

26 19 0.139573

27 19 0.138746

28 19 0.137372

29 19 0.135456

30 19 0.133004

31 19 0.130028

32 19 0.126539

33 19 0.122551

34 19 0.118079

35 19 0.11314

36 19 0.107756

37 19 0.101946

38 19 0.0957333

39 19 0.0891432

40 19 0.0822013

41 19 0.0749349

42 19 0.0673728

43 19 0.0595449

44 19 0.0514819

45 19 0.0432158

46 19 0.0347791

47 19 0.0262051

48 19 0.0175277

49 19 0.0087812

50 19 0

0 20 0

1 20 0.00898218

2 20 0.0179289

3 20 0.0268049

4 20 0.0355751

5 20 0.0442048

6 20 0.0526602

7 20 0.0609077

8 20 0.0689148

9 20 0.07665

10 20 0.0840826

11 20 0.0911834

12 20 0.0979244

13 20 0.104279

14 20 0.110222

15 20 0.11573

16 20 0.120781

17 20 0.125356

18 20 0.129435

19 20 0.133004

20 20 0.136049

21 20 0.138556

22 20 0.140516

23 20 0.141922

24 20 0.142768

25 20 0.14305

26 20 0.142768

27 20 0.141922

28 20 0.140516

29 20 0.138556

30 20 0.136049

31 20 0.133004

32 20 0.129435

33 20 0.125356

34 20 0.120781

35 20 0.11573

36 20 0.110222

37 20 0.104279

38 20 0.0979244

39 20 0.0911834

40 20 0.0840826

41 20 0.07665

42 20 0.0689148

43 20 0.0609077

44 20 0.0526602

45 20 0.0442048

46 20 0.0355751

47 20 0.0268049

48 20 0.0179289

49 20 0.00898218

50 20 0

0 21 0

1 21 0.00914771

2 21 0.0182593

3 21 0.0272989

4 21 0.0362307

5 21 0.0450195

6 21 0.0536306

7 21 0.0620301

8 21 0.0701848

9 21 0.0780625

10 21 0.0856321

11 21 0.0928638

12 21 0.099729

13 21 0.106201

14 21 0.112253

15 21 0.117863

16 21 0.123007

17 21 0.127666

18 21 0.131821

19 21 0.135456

20 21 0.138556

21 21 0.141109

22 21 0.143106

23 21 0.144537

24 21 0.145399

25 21 0.145686

26 21 0.145399

27 21 0.144537

28 21 0.143106

29 21 0.141109

30 21 0.138556

31 21 0.135456

32 21 0.131821

33 21 0.127666

34 21 0.123007

35 21 0.117863

36 21 0.112253

37 21 0.106201

38 21 0.099729

39 21 0.0928638

40 21 0.0856321

41 21 0.0780625

42 21 0.0701848

43 21 0.0620301

44 21 0.0536306

45 21 0.0450195

46 21 0.0362307

47 21 0.0272989

48 21 0.0182593

49 21 0.00914771

50 21 0

0 22 0

1 22 0.00927713

2 22 0.0185177

3 22 0.0276851

4 22 0.0367433

5 22 0.0456564

6 22 0.0543894

7 22 0.0629078

8 22 0.0711778

9 22 0.079167

10 22 0.0868437

11 22 0.0941777

12 22 0.10114

13 22 0.107703

14 22 0.113841

15 22 0.11953

16 22 0.124747

17 22 0.129472

18 22 0.133686

19 22 0.137372

20 22 0.140516

21 22 0.143106

22 22 0.14513

23 22 0.146582

24 22 0.147456

25 22 0.147747

26 22 0.147456

27 22 0.146582

28 22 0.14513

29 22 0.143106

30 22 0.140516

31 22 0.137372

32 22 0.133686

33 22 0.129472

34 22 0.124747

35 22 0.11953

36 22 0.113841

37 22 0.107703

38 22 0.10114

39 22 0.0941777

40 22 0.0868437

41 22 0.079167

42 22 0.0711778

43 22 0.0629078

44 22 0.0543894

45 22 0.0456564

46 22 0.0367433

47 22 0.0276851

48 22 0.0185177

49 22 0.00927713

50 22 0

0 23 0

1 23 0.00936995

2 23 0.0187029

3 23 0.0279621

4 23 0.0371109

5 23 0.0461132

6 23 0.0549336

7 23 0.0635371

8 23 0.0718899

9 23 0.079959

10 23 0.0877126

11 23 0.0951199

12 23 0.102152

13 23 0.108781

14 23 0.11498

15 23 0.120726

16 23 0.125995

17 23 0.130767

18 23 0.135023

19 23 0.138746

20 23 0.141922

21 23 0.144537

22 23 0.146582

23 23 0.148049

24 23 0.148931

25 23 0.149226

26 23 0.148931

27 23 0.148049

28 23 0.146582

29 23 0.144537

30 23 0.141922

31 23 0.138746

32 23 0.135023

33 23 0.130767

34 23 0.125995

35 23 0.120726

36 23 0.11498

37 23 0.108781

38 23 0.102152

39 23 0.0951199

40 23 0.0877126

41 23 0.079959

42 23 0.0718899

43 23 0.0635371

44 23 0.0549336

45 23 0.0461132

46 23 0.0371109

47 23 0.0279621

48 23 0.0187029

49 23 0.00936995

50 23 0

0 24 0

1 24 0.00942578

2 24 0.0188144

3 24 0.0281287

4 24 0.037332

5 24 0.046388

6 24 0.0552609

7 24 0.0639158

8 24 0.0723183

9 24 0.0804355

10 24 0.0882352

11 24 0.0956867

12 24 0.102761

13 24 0.109429

14 24 0.115665

15 24 0.121445

16 24 0.126746

17 24 0.131547

18 24 0.135828

19 24 0.139573

20 24 0.142768

21 24 0.145399

22 24 0.147456

23 24 0.148931

24 24 0.149819

25 24 0.150115

26 24 0.149819

27 24 0.148931

28 24 0.147456

29 24 0.145399

30 24 0.142768

31 24 0.139573

32 24 0.135828

33 24 0.131547

34 24 0.126746

35 24 0.121445

36 24 0.115665

37 24 0.109429

38 24 0.102761

39 24 0.0956867

40 24 0.0882352

41 24 0.0804355

42 24 0.0723183

43 24 0.0639158

44 24 0.0552609

45 24 0.046388

46 24 0.037332

47 24 0.0281287

48 24 0.0188144

49 24 0.00942578

50 24 0

0 25 0

1 25 0.00944442

2 25 0.0188516

3 25 0.0281843

4 25 0.0374058

5 25 0.0464797

6 25 0.0553702

7 25 0.0640421

8 25 0.0724613

9 25 0.0805945

10 25 0.0884097

11 25 0.0958759

12 25 0.102964

13 25 0.109645

14 25 0.115894

15 25 0.121686

16 25 0.126997

17 25 0.131807

18 25 0.136096

19 25 0.139849

20 25 0.14305

21 25 0.145686

22 25 0.147747

23 25 0.149226

24 25 0.150115

25 25 0.150412

26 25 0.150115

27 25 0.149226

28 25 0.147747

29 25 0.145686

30 25 0.14305

31 25 0.139849

32 25 0.136096

33 25 0.131807

34 25 0.126997

35 25 0.121686

36 25 0.115894

37 25 0.109645

38 25 0.102964

39 25 0.0958759

40 25 0.0884097

41 25 0.0805945

42 25 0.0724613

43 25 0.0640421

44 25 0.0553702

45 25 0.0464797

46 25 0.0374058

47 25 0.0281843

48 25 0.0188516

49 25 0.00944442

50 25 0

0 26 0

1 26 0.00942578

2 26 0.0188144

3 26 0.0281287

4 26 0.037332

5 26 0.046388

6 26 0.0552609

7 26 0.0639158

8 26 0.0723183

9 26 0.0804355

10 26 0.0882352

11 26 0.0956867

12 26 0.102761

13 26 0.109429

14 26 0.115665

15 26 0.121445

16 26 0.126746

17 26 0.131547

18 26 0.135828

19 26 0.139573

20 26 0.142768

21 26 0.145399

22 26 0.147456

23 26 0.148931

24 26 0.149819

25 26 0.150115

26 26 0.149819

27 26 0.148931

28 26 0.147456

29 26 0.145399

30 26 0.142768

31 26 0.139573

32 26 0.135828

33 26 0.131547

34 26 0.126746

35 26 0.121445

36 26 0.115665

37 26 0.109429

38 26 0.102761

39 26 0.0956867

40 26 0.0882352

41 26 0.0804355

42 26 0.0723183

43 26 0.0639158

44 26 0.0552609

45 26 0.046388

46 26 0.037332

47 26 0.0281287

48 26 0.0188144

49 26 0.00942578

50 26 0

0 27 0

1 27 0.00936995

2 27 0.0187029

3 27 0.0279621

4 27 0.0371109

5 27 0.0461132

6 27 0.0549336

7 27 0.0635371

8 27 0.0718899

9 27 0.079959

10 27 0.0877126

11 27 0.0951199

12 27 0.102152

13 27 0.108781

14 27 0.11498

15 27 0.120726

16 27 0.125995

17 27 0.130767

18 27 0.135023

19 27 0.138746

20 27 0.141922

21 27 0.144537

22 27 0.146582

23 27 0.148049

24 27 0.148931

25 27 0.149226

26 27 0.148931

27 27 0.148049

28 27 0.146582

29 27 0.144537

30 27 0.141922

31 27 0.138746

32 27 0.135023

33 27 0.130767

34 27 0.125995

35 27 0.120726

36 27 0.11498

37 27 0.108781

38 27 0.102152

39 27 0.0951199

40 27 0.0877126

41 27 0.079959

42 27 0.0718899

43 27 0.0635371

44 27 0.0549336

45 27 0.0461132

46 27 0.0371109

47 27 0.0279621

48 27 0.0187029

49 27 0.00936995

50 27 0

0 28 0

1 28 0.00927713

2 28 0.0185177

3 28 0.0276851

4 28 0.0367433

5 28 0.0456564

6 28 0.0543894

7 28 0.0629078

8 28 0.0711778

9 28 0.079167

10 28 0.0868437

11 28 0.0941777

12 28 0.10114

13 28 0.107703

14 28 0.113841

15 28 0.11953

16 28 0.124747

17 28 0.129472

18 28 0.133686

19 28 0.137372

20 28 0.140516

21 28 0.143106

22 28 0.14513

23 28 0.146582

24 28 0.147456

25 28 0.147747

26 28 0.147456

27 28 0.146582

28 28 0.14513

29 28 0.143106

30 28 0.140516

31 28 0.137372

32 28 0.133686

33 28 0.129472

34 28 0.124747

35 28 0.11953

36 28 0.113841

37 28 0.107703

38 28 0.10114

39 28 0.0941777

40 28 0.0868437

41 28 0.079167

42 28 0.0711778

43 28 0.0629078

44 28 0.0543894

45 28 0.0456564

46 28 0.0367433

47 28 0.0276851

48 28 0.0185177

49 28 0.00927713

50 28 0

0 29 0

1 29 0.00914771

2 29 0.0182593

3 29 0.0272989

4 29 0.0362307

5 29 0.0450195

6 29 0.0536306

7 29 0.0620301

8 29 0.0701848

9 29 0.0780625

10 29 0.0856321

11 29 0.0928638

12 29 0.099729

13 29 0.106201

14 29 0.112253

15 29 0.117863

16 29 0.123007

17 29 0.127666

18 29 0.131821

19 29 0.135456

20 29 0.138556

21 29 0.141109

22 29 0.143106

23 29 0.144537

24 29 0.145399

25 29 0.145686

26 29 0.145399

27 29 0.144537

28 29 0.143106

29 29 0.141109

30 29 0.138556

31 29 0.135456

32 29 0.131821

33 29 0.127666

34 29 0.123007

35 29 0.117863

36 29 0.112253

37 29 0.106201

38 29 0.099729

39 29 0.0928638

40 29 0.0856321

41 29 0.0780625

42 29 0.0701848

43 29 0.0620301

44 29 0.0536306

45 29 0.0450195

46 29 0.0362307

47 29 0.0272989

48 29 0.0182593

49 29 0.00914771

50 29 0

0 30 0

1 30 0.00898218

2 30 0.0179289

3 30 0.0268049

4 30 0.0355751

5 30 0.0442048

6 30 0.0526602

7 30 0.0609077

8 30 0.0689148

9 30 0.07665

10 30 0.0840826

11 30 0.0911834

12 30 0.0979244

13 30 0.104279

14 30 0.110222

15 30 0.11573

16 30 0.120781

17 30 0.125356

18 30 0.129435

19 30 0.133004

20 30 0.136049

21 30 0.138556

22 30 0.140516

23 30 0.141922

24 30 0.142768

25 30 0.14305

26 30 0.142768

27 30 0.141922

28 30 0.140516

29 30 0.138556

30 30 0.136049

31 30 0.133004

32 30 0.129435

33 30 0.125356

34 30 0.120781

35 30 0.11573

36 30 0.110222

37 30 0.104279

38 30 0.0979244

39 30 0.0911834

40 30 0.0840826

41 30 0.07665

42 30 0.0689148

43 30 0.0609077

44 30 0.0526602

45 30 0.0442048

46 30 0.0355751

47 30 0.0268049

48 30 0.0179289

49 30 0.00898218

50 30 0

0 31 0

1 31 0.0087812

2 31 0.0175277

3 31 0.0262051

4 31 0.0347791

5 31 0.0432158

6 31 0.0514819

7 31 0.0595449

8 31 0.0673728

9 31 0.0749349

10 31 0.0822013

11 31 0.0891432

12 31 0.0957333

13 31 0.101946

14 31 0.107756

15 31 0.11314

16 31 0.118079

17 31 0.122551

18 31 0.126539

19 31 0.130028

20 31 0.133004

21 31 0.135456

22 31 0.137372

23 31 0.138746

24 31 0.139573

25 31 0.139849

26 31 0.139573

27 31 0.138746

28 31 0.137372

29 31 0.135456

30 31 0.133004

31 31 0.130028

32 31 0.126539

33 31 0.122551

34 31 0.118079

35 31 0.11314

36 31 0.107756

37 31 0.101946

38 31 0.0957333

39 31 0.0891432

40 31 0.0822013

41 31 0.0749349

42 31 0.0673728

43 31 0.0595449

44 31 0.0514819

45 31 0.0432158

46 31 0.0347791

47 31 0.0262051

48 31 0.0175277

49 31 0.0087812

50 31 0

0 32 0

1 32 0.00854557

2 32 0.0170574

3 32 0.0255019

4 32 0.0338458

5 32 0.0420561

6 32 0.0501004

7 32 0.057947

8 32 0.065565

9 32 0.0729241

10 32 0.0799955

11 32 0.0867511

12 32 0.0931644

13 32 0.09921

14 32 0.104864

15 32 0.110104

16 32 0.11491

17 32 0.119262

18 32 0.123144

19 32 0.126539

20 32 0.129435

21 32 0.131821

22 32 0.133686

23 32 0.135023

24 32 0.135828

25 32 0.136096

26 32 0.135828

27 32 0.135023

28 32 0.133686

29 32 0.131821

30 32 0.129435

31 32 0.126539

32 32 0.123144

33 32 0.119262

34 32 0.11491

35 32 0.110104

36 32 0.104864

37 32 0.09921

38 32 0.0931644

39 32 0.0867511

40 32 0.0799955

41 32 0.0729241

42 32 0.065565

43 32 0.057947

44 32 0.0501004

45 32 0.0420561

46 32 0.0338458

47 32 0.0255019

48 32 0.0170574

49 32 0.00854557

50 32 0

0 33 0

1 33 0.00827621

2 33 0.0165198

3 33 0.0246981

4 33 0.032779

5 33 0.0407305

6 33 0.0485213

7 33 0.0561205

8 33 0.0634983

9 33 0.0706255

10 33 0.077474

11 33 0.0840167

12 33 0.0902279

13 33 0.0960829

14 33 0.101559

15 33 0.106634

16 33 0.111288

17 33 0.115503

18 33 0.119262

19 33 0.122551

20 33 0.125356

21 33 0.127666

22 33 0.129472

23 33 0.130767

24 33 0.131547

25 33 0.131807

26 33 0.131547

27 33 0.130767

28 33 0.129472

29 33 0.127666

30 33 0.125356

31 33 0.122551

32 33 0.119262

33 33 0.115503

34 33 0.111288

35 33 0.106634

36 33 0.101559

37 33 0.0960829

38 33 0.0902279

39 33 0.0840167

40 33 0.077474

41 33 0.0706255

42 33 0.0634983

43 33 0.0561205

44 33 0.0485213

45 33 0.0407305

46 33 0.032779

47 33 0.0246981

48 33 0.0165198

49 33 0.00827621

50 33 0

0 34 0

1 34 0.00797419

2 34 0.0159169

3 34 0.0237968

4 34 0.0315828

5 34 0.0392441

6 34 0.0467506

7 34 0.0540726

8 34 0.0611811

9 34 0.0680482

10 34 0.0746468

11 34 0.0809507

12 34 0.0869352

13 34 0.0925766

14 34 0.0978526

15 34 0.102742

16 34 0.107227

17 34 0.111288

18 34 0.11491

19 34 0.118079

20 34 0.120781

21 34 0.123007

22 34 0.124747

23 34 0.125995

24 34 0.126746

25 34 0.126997

26 34 0.126746

27 34 0.125995

28 34 0.124747

29 34 0.123007

30 34 0.120781

31 34 0.118079

32 34 0.11491

33 34 0.111288

34 34 0.107227

35 34 0.102742

36 34 0.0978526

37 34 0.0925766

38 34 0.0869352

39 34 0.0809507

40 34 0.0746468

41 34 0.0680482

42 34 0.0611811

43 34 0.0540726

44 34 0.0467506

45 34 0.0392441

46 34 0.0315828

47 34 0.0237968

48 34 0.0159169

49 34 0.00797419

50 34 0

0 35 0

1 35 0.0076407

2 35 0.0152512

3 35 0.0228016

4 35 0.030262

5 35 0.0376029

6 35 0.0447954

7 35 0.0518112

8 35 0.0586224

9 35 0.0652024

10 35 0.0715249

11 35 0.0775653

12 35 0.0832995

13 35 0.0887049

14 35 0.0937603

15 35 0.0984456

16 35 0.102742

17 35 0.106634

18 35 0.110104

19 35 0.11314

20 35 0.11573

21 35 0.117863

22 35 0.11953

23 35 0.120726

24 35 0.121445

25 35 0.121686

26 35 0.121445

27 35 0.120726

28 35 0.11953

29 35 0.117863

30 35 0.11573

31 35 0.11314

32 35 0.110104

33 35 0.106634

34 35 0.102742

35 35 0.0984456

36 35 0.0937603

37 35 0.0887049

38 35 0.0832995

39 35 0.0775653

40 35 0.0715249

41 35 0.0652024

42 35 0.0586224

43 35 0.0518112

44 35 0.0447954

45 35 0.0376029

46 35 0.030262

47 35 0.0228016

48 35 0.0152512

49 35 0.0076407

50 35 0

0 36 0

1 36 0.00727705

2 36 0.0145254

3 36 0.0217164

4 36 0.0288217

5 36 0.0358132

6 36 0.0426635

7 36 0.0493453

8 36 0.0558324

9 36 0.0620992

10 36 0.0681208

11 36 0.0738737

12 36 0.079335

13 36 0.0844832

14 36 0.0892979

15 36 0.0937603

16 36 0.0978526

17 36 0.101559

18 36 0.104864

19 36 0.107756

20 36 0.110222

21 36 0.112253

22 36 0.113841

23 36 0.11498

24 36 0.115665

25 36 0.115894

26 36 0.115665

27 36 0.11498

28 36 0.113841

29 36 0.112253

30 36 0.110222

31 36 0.107756

32 36 0.104864

33 36 0.101559

34 36 0.0978526

35 36 0.0937603

36 36 0.0892979

37 36 0.0844832

38 36 0.079335

39 36 0.0738737

40 36 0.0681208

41 36 0.0620992

42 36 0.0558324

43 36 0.0493453

44 36 0.0426635

45 36 0.0358132

46 36 0.0288217

47 36 0.0217164

48 36 0.0145254

49 36 0.00727705

50 36 0

0 37 0

1 37 0.00688469

2 37 0.0137422

3 37 0.0205455

4 37 0.0272677

5 37 0.0338823

6 37 0.0403631

7 37 0.0466847

8 37 0.052822

9 37 0.0587509

10 37 0.0644479

11 37 0.0698905

12 37 0.0750574

13 37 0.079928

14 37 0.0844832

15 37 0.0887049

16 37 0.0925766

17 37 0.0960829

18 37 0.09921

19 37 0.101946

20 37 0.104279

21 37 0.106201

22 37 0.107703

23 37 0.108781

24 37 0.109429

25 37 0.109645

26 37 0.109429

27 37 0.108781

28 37 0.107703

29 37 0.106201

30 37 0.104279

31 37 0.101946

32 37 0.09921

33 37 0.0960829

34 37 0.0925766

35 37 0.0887049

36 37 0.0844832

37 37 0.079928

38 37 0.0750574

39 37 0.0698905

40 37 0.0644479

41 37 0.0587509

42 37 0.052822

43 37 0.0466847

44 37 0.0403631

45 37 0.0338823

46 37 0.0272677

47 37 0.0205455

48 37 0.0137422

49 37 0.00688469

50 37 0

0 38 0

1 38 0.00646515

2 38 0.0129048

3 38 0.0192935

4 38 0.0256061

5 38 0.0318176

6 38 0.0379035

7 38 0.0438399

8 38 0.0496032

9 38 0.0551708

10 38 0.0605206

11 38 0.0656316

12 38 0.0704836

13 38 0.0750574

14 38 0.079335

15 38 0.0832995

16 38 0.0869352

17 38 0.0902279

18 38 0.0931644

19 38 0.0957333

20 38 0.0979244

21 38 0.099729

22 38 0.10114

23 38 0.102152

24 38 0.102761

25 38 0.102964

26 38 0.102761

27 38 0.102152

28 38 0.10114

29 38 0.099729

30 38 0.0979244

31 38 0.0957333

32 38 0.0931644

33 38 0.0902279

34 38 0.0869352

35 38 0.0832995

36 38 0.079335

37 38 0.0750574

38 38 0.0704836

39 38 0.0656316

40 38 0.0605206

41 38 0.0551708

42 38 0.0496032

43 38 0.0438399

44 38 0.0379035

45 38 0.0318176

46 38 0.0256061

47 38 0.0192935

48 38 0.0129048

49 38 0.00646515

50 38 0

0 39 0

1 39 0.0060201

2 39 0.0120164

3 39 0.0179654

4 39 0.0238434

5 39 0.0296273

6 39 0.0352943

7 39 0.040822

8 39 0.0461886

9 39 0.0513729

10 39 0.0563545

11 39 0.0611136

12 39 0.0656316

13 39 0.0698905

14 39 0.0738737

15 39 0.0775653

16 39 0.0809507

17 39 0.0840167

18 39 0.0867511

19 39 0.0891432

20 39 0.0911834

21 39 0.0928638

22 39 0.0941777

23 39 0.0951199

24 39 0.0956867

25 39 0.0958759

26 39 0.0956867

27 39 0.0951199

28 39 0.0941777

29 39 0.0928638

30 39 0.0911834

31 39 0.0891432

32 39 0.0867511

33 39 0.0840167

34 39 0.0809507

35 39 0.0775653

36 39 0.0738737

37 39 0.0698905

38 39 0.0656316

39 39 0.0611136

40 39 0.0563545

41 39 0.0513729

42 39 0.0461886

43 39 0.040822

44 39 0.0352943

45 39 0.0296273

46 39 0.0238434

47 39 0.0179654

48 39 0.0120164

49 39 0.0060201

50 39 0

0 40 0

1 40 0.00555129

2 40 0.0110807

3 40 0.0165663

4 40 0.0219866

5 40 0.0273201

6 40 0.0325458

7 40 0.037643

8 40 0.0425917

9 40 0.0473723

10 40 0.0519659

11 40 0.0563545

12 40 0.0605206

13 40 0.0644479

14 40 0.0681208

15 40 0.0715249

16 40 0.0746468

17 40 0.077474

18 40 0.0799955

19 40 0.0822013

20 40 0.0840826

21 40 0.0856321

22 40 0.0868437

23 40 0.0877126

24 40 0.0882352

25 40 0.0884097

26 40 0.0882352

27 40 0.0877126

28 40 0.0868437

29 40 0.0856321

30 40 0.0840826

31 40 0.0822013

32 40 0.0799955

33 40 0.077474

34 40 0.0746468

35 40 0.0715249

36 40 0.0681208

37 40 0.0644479

38 40 0.0605206

39 40 0.0563545

40 40 0.0519659

41 40 0.0473723

42 40 0.0425917

43 40 0.037643

44 40 0.0325458

45 40 0.0273201

46 40 0.0219866

47 40 0.0165663

48 40 0.0110807

49 40 0.00555129

50 40 0

0 41 0

1 41 0.00506057

2 41 0.0101012

3 41 0.0151019

4 41 0.020043

5 41 0.0249051

6 41 0.0296688

7 41 0.0343155

8 41 0.0388267

9 41 0.0431847

10 41 0.0473723

11 41 0.0513729

12 41 0.0551708

13 41 0.0587509

14 41 0.0620992

15 41 0.0652024

16 41 0.0680482

17 41 0.0706255

18 41 0.0729241

19 41 0.0749349

20 41 0.07665

21 41 0.0780625

22 41 0.079167

23 41 0.079959

24 41 0.0804355

25 41 0.0805945

26 41 0.0804355

27 41 0.079959

28 41 0.079167

29 41 0.0780625

30 41 0.07665

31 41 0.0749349

32 41 0.0729241

33 41 0.0706255

34 41 0.0680482

35 41 0.0652024

36 41 0.0620992

37 41 0.0587509

38 41 0.0551708

39 41 0.0513729

40 41 0.0473723

41 41 0.0431847

42 41 0.0388267

43 41 0.0343155

44 41 0.0296688

45 41 0.0249051

46 41 0.020043

47 41 0.0151019

48 41 0.0101012

49 41 0.00506057

50 41 0

0 42 0

1 42 0.00454988

2 42 0.00908181

3 42 0.0135779

4 42 0.0180204

5 42 0.0223918

6 42 0.0266748

7 42 0.0308525

8 42 0.0349085

9 42 0.0388267

10 42 0.0425917

11 42 0.0461886

12 42 0.0496032

13 42 0.052822

14 42 0.0558324

15 42 0.0586224

16 42 0.0611811

17 42 0.0634983

18 42 0.065565

19 42 0.0673728

20 42 0.0689148

21 42 0.0701848

22 42 0.0711778

23 42 0.0718899

24 42 0.0723183

25 42 0.0724613

26 42 0.0723183

27 42 0.0718899

28 42 0.0711778

29 42 0.0701848

30 42 0.0689148

31 42 0.0673728

32 42 0.065565

33 42 0.0634983

34 42 0.0611811

35 42 0.0586224

36 42 0.0558324

37 42 0.052822

38 42 0.0496032

39 42 0.0461886

40 42 0.0425917

41 42 0.0388267

42 42 0.0349085

43 42 0.0308525

44 42 0.0266748

45 42 0.0223918

46 42 0.0180204

47 42 0.0135779

48 42 0.00908181

49 42 0.00454988

50 42 0

0 43 0

1 43 0.00402124

2 43 0.00802661

3 43 0.0120003

4 43 0.0159266

5 43 0.0197901

6 43 0.0235755

7 43 0.0272678

8 43 0.0308525

9 43 0.0343155

10 43 0.037643

11 43 0.040822

12 43 0.0438399

13 43 0.0466847

14 43 0.0493453

15 43 0.0518112

16 43 0.0540726

17 43 0.0561205

18 43 0.057947

19 43 0.0595449

20 43 0.0609077

21 43 0.0620301

22 43 0.0629078

23 43 0.0635371

24 43 0.0639158

25 43 0.0640421

26 43 0.0639158

27 43 0.0635371

28 43 0.0629078

29 43 0.0620301

30 43 0.0609077

31 43 0.0595449

32 43 0.057947

33 43 0.0561205

34 43 0.0540726

35 43 0.0518112

36 43 0.0493453

37 43 0.0466847

38 43 0.0438399

39 43 0.040822

40 43 0.037643

41 43 0.0343155

42 43 0.0308525

43 43 0.0272678

44 43 0.0235755

45 43 0.0197901

46 43 0.0159266

47 43 0.0120003

48 43 0.00802661

49 43 0.00402124

50 43 0

0 44 0

1 44 0.00347672

2 44 0.00693972

3 44 0.0103753

4 44 0.01377

5 44 0.0171103

6 44 0.0203831

7 44 0.0235755

8 44 0.0266748

9 44 0.0296688

10 44 0.0325458

11 44 0.0352943

12 44 0.0379035

13 44 0.0403631

14 44 0.0426635

15 44 0.0447954

16 44 0.0467506

17 44 0.0485213

18 44 0.0501004

19 44 0.0514819

20 44 0.0526602

21 44 0.0536306

22 44 0.0543894

23 44 0.0549336

24 44 0.0552609

25 44 0.0553702

26 44 0.0552609

27 44 0.0549336

28 44 0.0543894

29 44 0.0536306

30 44 0.0526602

31 44 0.0514819

32 44 0.0501004

33 44 0.0485213

34 44 0.0467506

35 44 0.0447954

36 44 0.0426635

37 44 0.0403631

38 44 0.0379035

39 44 0.0352943

40 44 0.0325458

41 44 0.0296688

42 44 0.0266748

43 44 0.0235755

44 44 0.0203831

45 44 0.0171103

46 44 0.01377

47 44 0.0103753

48 44 0.00693972

49 44 0.00347672

50 44 0

0 45 0

1 45 0.00291849

2 45 0.00582545

3 45 0.00870943

4 45 0.011559

5 45 0.014363

6 45 0.0171103

7 45 0.0197901

8 45 0.0223918

9 45 0.0249051

10 45 0.0273201

11 45 0.0296273

12 45 0.0318176

13 45 0.0338823

14 45 0.0358132

15 45 0.0376029

16 45 0.0392441

17 45 0.0407305

18 45 0.0420561

19 45 0.0432158

20 45 0.0442048

21 45 0.0450195

22 45 0.0456564

23 45 0.0461132

24 45 0.046388

25 45 0.0464797

26 45 0.046388

27 45 0.0461132

28 45 0.0456564

29 45 0.0450195

30 45 0.0442048

31 45 0.0432158

32 45 0.0420561

33 45 0.0407305

34 45 0.0392441

35 45 0.0376029

36 45 0.0358132

37 45 0.0338823

38 45 0.0318176

39 45 0.0296273

40 45 0.0273201

41 45 0.0249051

42 45 0.0223918

43 45 0.0197901

44 45 0.0171103

45 45 0.014363

46 45 0.011559

47 45 0.00870943

48 45 0.00582545

49 45 0.00291849

50 45 0

0 46 0

1 46 0.00234873

2 46 0.00468819

3 46 0.00700915

4 46 0.00930245

5 46 0.011559

6 46 0.01377

7 46 0.0159266

8 46 0.0180204

9 46 0.020043

10 46 0.0219866

11 46 0.0238434

12 46 0.0256061

13 46 0.0272677

14 46 0.0288217

15 46 0.030262

16 46 0.0315828

17 46 0.032779

18 46 0.0338458

19 46 0.0347791

20 46 0.0355751

21 46 0.0362307

22 46 0.0367433

23 46 0.0371109

24 46 0.037332

25 46 0.0374058

26 46 0.037332

27 46 0.0371109

28 46 0.0367433

29 46 0.0362307

30 46 0.0355751

31 46 0.0347791

32 46 0.0338458

33 46 0.032779

34 46 0.0315828

35 46 0.030262

36 46 0.0288217

37 46 0.0272677

38 46 0.0256061

39 46 0.0238434

40 46 0.0219866

41 46 0.020043

42 46 0.0180204

43 46 0.0159266

44 46 0.01377

45 46 0.011559

46 46 0.00930245

47 46 0.00700915

48 46 0.00468819

49 46 0.00234873

50 46 0

0 47 0

1 47 0.00176971

2 47 0.00353243

3 47 0.00528121

4 47 0.00700915

5 47 0.00870943

6 47 0.0103753

7 47 0.0120003

8 47 0.0135779

9 47 0.0151019

10 47 0.0165663

11 47 0.0179654

12 47 0.0192935

13 47 0.0205455

14 47 0.0217164

15 47 0.0228016

16 47 0.0237968

17 47 0.0246981

18 47 0.0255019

19 47 0.0262051

20 47 0.0268049

21 47 0.0272989

22 47 0.0276851

23 47 0.0279621

24 47 0.0281287

25 47 0.0281843

26 47 0.0281287

27 47 0.0279621

28 47 0.0276851

29 47 0.0272989

30 47 0.0268049

31 47 0.0262051

32 47 0.0255019

33 47 0.0246981

34 47 0.0237968

35 47 0.0228016

36 47 0.0217164

37 47 0.0205455

38 47 0.0192935

39 47 0.0179654

40 47 0.0165663

41 47 0.0151019

42 47 0.0135779

43 47 0.0120003

44 47 0.0103753

45 47 0.00870943

46 47 0.00700915

47 47 0.00528121

48 47 0.00353243

49 47 0.00176971

50 47 0

0 48 0

1 48 0.0011837

2 48 0.00236273

3 48 0.00353243

4 48 0.00468819

5 48 0.00582545

6 48 0.00693972

7 48 0.00802661

8 48 0.00908181

9 48 0.0101012

10 48 0.0110807

11 48 0.0120164

12 48 0.0129048

13 48 0.0137422

14 48 0.0145254

15 48 0.0152512

16 48 0.0159169

17 48 0.0165198

18 48 0.0170574

19 48 0.0175277

20 48 0.0179289

21 48 0.0182593

22 48 0.0185177

23 48 0.0187029

24 48 0.0188144

25 48 0.0188516

26 48 0.0188144

27 48 0.0187029

28 48 0.0185177

29 48 0.0182593

30 48 0.0179289

31 48 0.0175277

32 48 0.0170574

33 48 0.0165198

34 48 0.0159169

35 48 0.0152512

36 48 0.0145254

37 48 0.0137422

38 48 0.0129048

39 48 0.0120164

40 48 0.0110807

41 48 0.0101012

42 48 0.00908181

43 48 0.00802661

44 48 0.00693972

45 48 0.00582545

46 48 0.00468819

47 48 0.00353243

48 48 0.00236273

49 48 0.0011837

50 48 0

0 49 0

1 49 0.00059302

2 49 0.0011837

3 49 0.00176971

4 49 0.00234873

5 49 0.00291849

6 49 0.00347672

7 49 0.00402124

8 49 0.00454988

9 49 0.00506057

10 49 0.00555129

11 49 0.0060201

12 49 0.00646515

13 49 0.00688469

14 49 0.00727705

15 49 0.0076407

16 49 0.00797419

17 49 0.00827621

18 49 0.00854557

19 49 0.0087812

20 49 0.00898218

21 49 0.00914771

22 49 0.00927713

23 49 0.00936995

24 49 0.00942578

25 49 0.00944442

26 49 0.00942578

27 49 0.00936995

28 49 0.00927713

29 49 0.00914771

30 49 0.00898218

31 49 0.0087812

32 49 0.00854557

33 49 0.00827621

34 49 0.00797419

35 49 0.0076407

36 49 0.00727705

37 49 0.00688469

38 49 0.00646515

39 49 0.0060201

40 49 0.00555129

