0 1 0

1 1 0.00209676

2 1 0.00418524

3 1 0.00625721

4 1 0.00830448

5 1 0.010319

6 1 0.0122928

7 1 0.014218

8 1 0.0160872

9 1 0.0178928

10 1 0.0196279

11 1 0.0212855

12 1 0.022859

13 1 0.0243424

14 1 0.0257297

15 1 0.0270154

16 1 0.0281946

17 1 0.0292624

18 1 0.0302148

19 1 0.031048

20 1 0.0317586

21 1 0.0323438

22 1 0.0328014

23 1 0.0331296

24 1 0.033327

25 1 0.0333929

26 1 0.033327

27 1 0.0331296

28 1 0.0328014

29 1 0.0323438

30 1 0.0317586

31 1 0.031048

32 1 0.0302148

33 1 0.0292624

34 1 0.0281946

35 1 0.0270154

36 1 0.0257297

37 1 0.0243424

38 1 0.022859

39 1 0.0212855

40 1 0.0196279

41 1 0.0178928

42 1 0.0160872

43 1 0.014218

44 1 0.0122928

45 1 0.010319

46 1 0.00830448

47 1 0.00625721

48 1 0.00418524

49 1 0.00209676

50 1 0

0 2 0

1 2 0.00418524

2 2 0.00835397

3 2 0.0124897

4 2 0.0165762

5 2 0.0205972

6 2 0.024537

7 2 0.0283799

8 2 0.0321108

9 2 0.035715

10 2 0.0391783

11 2 0.0424869

12 2 0.0456278

13 2 0.0485887

14 2 0.0513578

15 2 0.0539243

16 2 0.0562779

17 2 0.0584094

18 2 0.0603104

19 2 0.0619734

20 2 0.0633918

21 2 0.06456

22 2 0.0654734

23 2 0.0661285

24 2 0.0665225

25 2 0.0666541

26 2 0.0665225

27 2 0.0661285

28 2 0.0654734

29 2 0.06456

30 2 0.0633918

31 2 0.0619734

32 2 0.0603104

33 2 0.0584094

34 2 0.0562779

35 2 0.0539243

36 2 0.0513578

37 2 0.0485887

38 2 0.0456278

39 2 0.0424869

40 2 0.0391783

41 2 0.035715

42 2 0.0321108

43 2 0.0283799

44 2 0.024537

45 2 0.0205972

46 2 0.0165762

47 2 0.0124897

48 2 0.00835397

49 2 0.00418524

50 2 0

0 3 0

1 3 0.00625721

2 3 0.0124897

3 3 0.018673

4 3 0.0247825

5 3 0.0307942

6 3 0.0366844

7 3 0.0424298

8 3 0.0480078

9 3 0.0533963

10 3 0.0585741

11 3 0.0635207

12 3 0.0682166

13 3 0.0726433

14 3 0.0767833

15 3 0.0806203

16 3 0.0841391

17 3 0.0873258

18 3 0.090168

19 3 0.0926542

20 3 0.0947748

21 3 0.0965214

22 3 0.097887

23 3 0.0988664

24 3 0.0994555

25 3 0.0996522

26 3 0.0994555

27 3 0.0988664

28 3 0.097887

29 3 0.0965214

30 3 0.0947748

31 3 0.0926542

32 3 0.090168

33 3 0.0873258

34 3 0.0841391

35 3 0.0806203

36 3 0.0767833

37 3 0.0726433

38 3 0.0682166

39 3 0.0635207

40 3 0.0585741

41 3 0.0533963

42 3 0.0480078

43 3 0.0424298

44 3 0.0366844

45 3 0.0307942

46 3 0.0247825

47 3 0.018673

48 3 0.0124897

49 3 0.00625721

50 3 0

0 4 0

1 4 0.00830448

2 4 0.0165762

3 4 0.0247825

4 4 0.032891

5 4 0.0408696

6 4 0.048687

7 4 0.0563123

8 4 0.0637153

9 4 0.0708668

10 4 0.0777387

11 4 0.0843038

12 4 0.0905361

13 4 0.0964112

14 4 0.101906

15 4 0.106998

16 4 0.111668

17 4 0.115898

18 4 0.11967

19 4 0.122969

20 4 0.125784

21 4 0.128102

22 4 0.129914

23 4 0.131214

24 4 0.131996

25 4 0.132257

26 4 0.131996

27 4 0.131214

28 4 0.129914

29 4 0.128102

30 4 0.125784

31 4 0.122969

32 4 0.11967

33 4 0.115898

34 4 0.111668

35 4 0.106998

36 4 0.101906

37 4 0.0964112

38 4 0.0905361

39 4 0.0843038

40 4 0.0777387

41 4 0.0708668

42 4 0.0637153

43 4 0.0563123

44 4 0.048687

45 4 0.0408696

46 4 0.032891

47 4 0.0247825

48 4 0.0165762

49 4 0.00830448

50 4 0

0 5 0

1 5 0.010319

2 5 0.0205972

3 5 0.0307942

4 5 0.0408696

5 5 0.0507838

6 5 0.0604975

7 5 0.0699725

8 5 0.0791713

9 5 0.0880577

10 5 0.0965965

11 5 0.104754

12 5 0.112498

13 5 0.119799

14 5 0.126626

15 5 0.132954

16 5 0.138757

17 5 0.144012

18 5 0.148699

19 5 0.152799

20 5 0.156296

21 5 0.159177

22 5 0.161429

23 5 0.163044

24 5 0.164016

25 5 0.16434

26 5 0.164016

27 5 0.163044

28 5 0.161429

29 5 0.159177

30 5 0.156296

31 5 0.152799

32 5 0.148699

33 5 0.144012

34 5 0.138757

35 5 0.132954

36 5 0.126626

37 5 0.119799

38 5 0.112498

39 5 0.104754

40 5 0.0965965

41 5 0.0880577

42 5 0.0791713

43 5 0.0699725

44 5 0.0604975

45 5 0.0507838

46 5 0.0408696

47 5 0.0307942

48 5 0.0205972

49 5 0.010319

50 5 0

0 6 0

1 6 0.0122928

2 6 0.024537

3 6 0.0366844

4 6 0.048687

5 6 0.0604975

6 6 0.0720692

7 6 0.0833565

8 6 0.0943149

9 6 0.104901

10 6 0.115073

11 6 0.124791

12 6 0.134017

13 6 0.142713

14 6 0.150847

15 6 0.158385

16 6 0.165298

17 6 0.171558

18 6 0.177142

19 6 0.182026

20 6 0.186192

21 6 0.189623

22 6 0.192306

23 6 0.19423

24 6 0.195388

25 6 0.195774

26 6 0.195388

27 6 0.19423

28 6 0.192306

29 6 0.189623

30 6 0.186192

31 6 0.182026

32 6 0.177142

33 6 0.171558

34 6 0.165298

35 6 0.158385

36 6 0.150847

37 6 0.142713

38 6 0.134017

39 6 0.124791

40 6 0.115073

41 6 0.104901

42 6 0.0943149

43 6 0.0833565

44 6 0.0720692

45 6 0.0604975

46 6 0.048687

47 6 0.0366844

48 6 0.024537

49 6 0.0122928

50 6 0

0 7 0

1 7 0.014218

2 7 0.0283799

3 7 0.0424298

4 7 0.0563123

5 7 0.0699725

6 7 0.0833565

7 7 0.0964116

8 7 0.109086

9 7 0.12133

10 7 0.133096

11 7 0.144336

12 7 0.155006

13 7 0.165065

14 7 0.174472

15 7 0.18319

16 7 0.191186

17 7 0.198427

18 7 0.204885

19 7 0.210535

20 7 0.215353

21 7 0.219322

22 7 0.222425

23 7 0.22465

24 7 0.225989

25 7 0.226436

26 7 0.225989

27 7 0.22465

28 7 0.222425

29 7 0.219322

30 7 0.215353

31 7 0.210535

32 7 0.204885

33 7 0.198427

34 7 0.191186

35 7 0.18319

36 7 0.174472

37 7 0.165065

38 7 0.155006

39 7 0.144336

40 7 0.133096

41 7 0.12133

42 7 0.109086

43 7 0.0964116

44 7 0.0833565

45 7 0.0699725

46 7 0.0563123

47 7 0.0424298

48 7 0.0283799

49 7 0.014218

50 7 0

0 8 0

1 8 0.0160872

2 8 0.0321108

3 8 0.0480078

4 8 0.0637153

5 8 0.0791713

6 8 0.0943149

7 8 0.109086

8 8 0.123427

9 8 0.137281

10 8 0.150593

11 8 0.16331

12 8 0.175384

13 8 0.186764

14 8 0.197408

15 8 0.207273

16 8 0.21632

17 8 0.224513

18 8 0.23182

19 8 0.238212

20 8 0.243664

21 8 0.248155

22 8 0.251666

23 8 0.254183

24 8 0.255698

25 8 0.256204

26 8 0.255698

27 8 0.254183

28 8 0.251666

29 8 0.248155

30 8 0.243664

31 8 0.238212

32 8 0.23182

33 8 0.224513

34 8 0.21632

35 8 0.207273

36 8 0.197408

37 8 0.186764

38 8 0.175384

39 8 0.16331

40 8 0.150593

41 8 0.137281

42 8 0.123427

43 8 0.109086

44 8 0.0943149

45 8 0.0791713

46 8 0.0637153

47 8 0.0480078

48 8 0.0321108

49 8 0.0160872

50 8 0

0 9 0

1 9 0.0178928

2 9 0.035715

3 9 0.0533963

4 9 0.0708668

5 9 0.0880577

6 9 0.104901

7 9 0.12133

8 9 0.137281

9 9 0.15269

10 9 0.167496

11 9 0.181641

12 9 0.195069

13 9 0.207727

14 9 0.219566

15 9 0.230538

16 9 0.2406

17 9 0.249713

18 9 0.25784

19 9 0.26495

20 9 0.271014

21 9 0.276008

22 9 0.279913

23 9 0.282714

24 9 0.284398

25 9 0.284961

26 9 0.284398

27 9 0.282714

28 9 0.279913

29 9 0.276008

30 9 0.271014

31 9 0.26495

32 9 0.25784

33 9 0.249713

34 9 0.2406

35 9 0.230538

36 9 0.219566

37 9 0.207727

38 9 0.195069

39 9 0.181641

40 9 0.167496

41 9 0.15269

42 9 0.137281

43 9 0.12133

44 9 0.104901

45 9 0.0880577

46 9 0.0708668

47 9 0.0533963

48 9 0.035715

49 9 0.0178928

50 9 0

0 10 0

1 10 0.0196279

2 10 0.0391783

3 10 0.0585741

4 10 0.0777387

5 10 0.0965965

6 10 0.115073

7 10 0.133096

8 10 0.150593

9 10 0.167496

10 10 0.183737

11 10 0.199254

12 10 0.213985

13 10 0.22787

14 10 0.240857

15 10 0.252893

16 10 0.263931

17 10 0.273927

18 10 0.282842

19 10 0.290642

20 10 0.297293

21 10 0.302772

22 10 0.307056

23 10 0.310128

24 10 0.311976

25 10 0.312593

26 10 0.311976

27 10 0.310128

28 10 0.307056

29 10 0.302772

30 10 0.297293

31 10 0.290642

32 10 0.282842

33 10 0.273927

34 10 0.263931

35 10 0.252893

36 10 0.240857

37 10 0.22787

38 10 0.213985

39 10 0.199254

40 10 0.183737

41 10 0.167496

42 10 0.150593

43 10 0.133096

44 10 0.115073

45 10 0.0965965

46 10 0.0777387

47 10 0.0585741

48 10 0.0391783

49 10 0.0196279

50 10 0

0 11 0

1 11 0.0212855

2 11 0.0424869

3 11 0.0635207

4 11 0.0843038

5 11 0.104754

6 11 0.124791

7 11 0.144336

8 11 0.16331

9 11 0.181641

10 11 0.199254

11 11 0.216081

12 11 0.232056

13 11 0.247114

14 11 0.261197

15 11 0.27425

16 11 0.28622

17 11 0.297061

18 11 0.306729

19 11 0.315186

20 11 0.3224

21 11 0.328341

22 11 0.332987

23 11 0.336318

24 11 0.338323

25 11 0.338991

26 11 0.338323

27 11 0.336318

28 11 0.332987

29 11 0.328341

30 11 0.3224

31 11 0.315186

32 11 0.306729

33 11 0.297061

34 11 0.28622

35 11 0.27425

36 11 0.261197

37 11 0.247114

38 11 0.232056

39 11 0.216081

40 11 0.199254

41 11 0.181641

42 11 0.16331

43 11 0.144336

44 11 0.124791

45 11 0.104754

46 11 0.0843038

47 11 0.0635207

48 11 0.0424869

49 11 0.0212855

50 11 0

0 12 0

1 12 0.022859

2 12 0.0456278

3 12 0.0682166

4 12 0.0905361

5 12 0.112498

6 12 0.134017

7 12 0.155006

8 12 0.175384

9 12 0.195069

10 12 0.213985

11 12 0.232056

12 12 0.249211

13 12 0.265383

14 12 0.280507

15 12 0.294524

16 12 0.307379

17 12 0.319021

18 12 0.329404

19 12 0.338487

20 12 0.346234

21 12 0.352615

22 12 0.357604

23 12 0.361182

24 12 0.363334

25 12 0.364052

26 12 0.363334

27 12 0.361182

28 12 0.357604

29 12 0.352615

30 12 0.346234

31 12 0.338487

32 12 0.329404

33 12 0.319021

34 12 0.307379

35 12 0.294524

36 12 0.280507

37 12 0.265383

38 12 0.249211

39 12 0.232056

40 12 0.213985

41 12 0.195069

42 12 0.175384

43 12 0.155006

44 12 0.134017

45 12 0.112498

46 12 0.0905361

47 12 0.0682166

48 12 0.0456278

49 12 0.022859

50 12 0

0 13 0

1 13 0.0243424

2 13 0.0485887

3 13 0.0726433

4 13 0.0964112

5 13 0.119799

6 13 0.142713

7 13 0.165065

8 13 0.186764

9 13 0.207727

10 13 0.22787

11 13 0.247114

12 13 0.265383

13 13 0.282604

14 13 0.29871

15 13 0.313637

16 13 0.327326

17 13 0.339723

18 13 0.35078

19 13 0.360452

20 13 0.368702

21 13 0.375497

22 13 0.380809

23 13 0.384619

24 13 0.386911

25 13 0.387676

26 13 0.386911

27 13 0.384619

28 13 0.380809

29 13 0.375497

30 13 0.368702

31 13 0.360452

32 13 0.35078

33 13 0.339723

34 13 0.327326

35 13 0.313637

36 13 0.29871

37 13 0.282604

38 13 0.265383

39 13 0.247114

40 13 0.22787

41 13 0.207727

42 13 0.186764

43 13 0.165065

44 13 0.142713

45 13 0.119799

46 13 0.0964112

47 13 0.0726433

48 13 0.0485887

49 13 0.0243424

50 13 0

0 14 0

1 14 0.0257297

2 14 0.0513578

3 14 0.0767833

4 14 0.101906

5 14 0.126626

6 14 0.150847

7 14 0.174472

8 14 0.197408

9 14 0.219566

10 14 0.240857

11 14 0.261197

12 14 0.280507

13 14 0.29871

14 14 0.315733

15 14 0.331511

16 14 0.345981

17 14 0.359084

18 14 0.370771

19 14 0.380995

20 14 0.389715

21 14 0.396897

22 14 0.402512

23 14 0.406539

24 14 0.408962

25 14 0.40977

26 14 0.408962

27 14 0.406539

28 14 0.402512

29 14 0.396897

30 14 0.389715

31 14 0.380995

32 14 0.370771

33 14 0.359084

34 14 0.345981

35 14 0.331511

36 14 0.315733

37 14 0.29871

38 14 0.280507

39 14 0.261197

40 14 0.240857

41 14 0.219566

42 14 0.197408

43 14 0.174472

44 14 0.150847

45 14 0.126626

46 14 0.101906

47 14 0.0767833

48 14 0.0513578

49 14 0.0257297

50 14 0

0 15 0

1 15 0.0270154

2 15 0.0539243

3 15 0.0806203

4 15 0.106998

5 15 0.132954

6 15 0.158385

7 15 0.18319

8 15 0.207273

9 15 0.230538

10 15 0.252893

11 15 0.27425

12 15 0.294524

13 15 0.313637

14 15 0.331511

15 15 0.348077

16 15 0.36327

17 15 0.377028

18 15 0.389299

19 15 0.400034

20 15 0.409189

21 15 0.41673

22 15 0.422626

23 15 0.426855

24 15 0.429398

25 15 0.430247

26 15 0.429398

27 15 0.426855

28 15 0.422626

29 15 0.41673

30 15 0.409189

31 15 0.400034

32 15 0.389299

33 15 0.377028

34 15 0.36327

35 15 0.348077

36 15 0.331511

37 15 0.313637

38 15 0.294524

39 15 0.27425

40 15 0.252893

41 15 0.230538

42 15 0.207273

43 15 0.18319

44 15 0.158385

45 15 0.132954

46 15 0.106998

47 15 0.0806203

48 15 0.0539243

49 15 0.0270154

50 15 0

0 16 0

1 16 0.0281946

2 16 0.0562779

3 16 0.0841391

4 16 0.111668

5 16 0.138757

6 16 0.165298

7 16 0.191186

8 16 0.21632

9 16 0.2406

10 16 0.263931

11 16 0.28622

12 16 0.307379

13 16 0.327326

14 16 0.345981

15 16 0.36327

16 16 0.379125

17 16 0.393485

18 16 0.406291

19 16 0.417494

20 16 0.427049

21 16 0.434919

22 16 0.441073

23 16 0.445485

24 16 0.44814

25 16 0.449026

26 16 0.44814

27 16 0.445485

28 16 0.441073

29 16 0.434919

30 16 0.427049

31 16 0.417494

32 16 0.406291

33 16 0.393485

34 16 0.379125

35 16 0.36327

36 16 0.345981

37 16 0.327326

38 16 0.307379

39 16 0.28622

40 16 0.263931

41 16 0.2406

42 16 0.21632

43 16 0.191186

44 16 0.165298

45 16 0.138757

46 16 0.111668

47 16 0.0841391

48 16 0.0562779

49 16 0.0281946

50 16 0

0 17 0

1 17 0.0292624

2 17 0.0584094

3 17 0.0873258

4 17 0.115898

5 17 0.144012

6 17 0.171558

7 17 0.198427

8 17 0.224513

9 17 0.249713

10 17 0.273927

11 17 0.297061

12 17 0.319021

13 17 0.339723

14 17 0.359084

15 17 0.377028

16 17 0.393485

17 17 0.408388

18 17 0.421679

19 17 0.433306

20 17 0.443224

21 17 0.451392

22 17 0.457778

23 17 0.462358

24 17 0.465113

25 17 0.466033

26 17 0.465113

27 17 0.462358

28 17 0.457778

29 17 0.451392

30 17 0.443224

31 17 0.433306

32 17 0.421679

33 17 0.408388

34 17 0.393485

35 17 0.377028

36 17 0.359084

37 17 0.339723

38 17 0.319021

39 17 0.297061

40 17 0.273927

41 17 0.249713

42 17 0.224513

43 17 0.198427

44 17 0.171558

45 17 0.144012

46 17 0.115898

47 17 0.0873258

48 17 0.0584094

49 17 0.0292624

50 17 0

0 18 0

1 18 0.0302148

2 18 0.0603104

3 18 0.090168

4 18 0.11967

5 18 0.148699

6 18 0.177142

7 18 0.204885

8 18 0.23182

9 18 0.25784

10 18 0.282842

11 18 0.306729

12 18 0.329404

13 18 0.35078

14 18 0.370771

15 18 0.389299

16 18 0.406291

17 18 0.421679

18 18 0.435403

19 18 0.447409

20 18 0.457649

21 18 0.466083

22 18 0.472677

23 18 0.477406

24 18 0.480251

25 18 0.4812

26 18 0.480251

27 18 0.477406

28 18 0.472677

29 18 0.466083

30 18 0.457649

31 18 0.447409

32 18 0.435403

33 18 0.421679

34 18 0.406291

35 18 0.389299

36 18 0.370771

37 18 0.35078

38 18 0.329404

39 18 0.306729

40 18 0.282842

41 18 0.25784

42 18 0.23182

43 18 0.204885

44 18 0.177142

45 18 0.148699

46 18 0.11967

47 18 0.090168

48 18 0.0603104

49 18 0.0302148

50 18 0

0 19 0

1 19 0.031048

2 19 0.0619734

3 19 0.0926542

4 19 0.122969

5 19 0.152799

6 19 0.182026

7 19 0.210535

8 19 0.238212

9 19 0.26495

10 19 0.290642

11 19 0.315186

12 19 0.338487

13 19 0.360452

14 19 0.380995

15 19 0.400034

16 19 0.417494

17 19 0.433306

18 19 0.447409

19 19 0.459746

20 19 0.470268

21 19 0.478934

22 19 0.48571

23 19 0.49057

24 19 0.493493

25 19 0.494469

26 19 0.493493

27 19 0.49057

28 19 0.48571

29 19 0.478934

30 19 0.470268

31 19 0.459746

32 19 0.447409

33 19 0.433306

34 19 0.417494

35 19 0.400034

36 19 0.380995

37 19 0.360452

38 19 0.338487

39 19 0.315186

40 19 0.290642

41 19 0.26495

42 19 0.238212

43 19 0.210535

44 19 0.182026

45 19 0.152799

46 19 0.122969

47 19 0.0926542

48 19 0.0619734

49 19 0.031048

50 19 0

0 20 0

1 20 0.0317586

2 20 0.0633918

3 20 0.0947748

4 20 0.125784

5 20 0.156296

6 20 0.186192

7 20 0.215353

8 20 0.243664

9 20 0.271014

10 20 0.297293

11 20 0.3224

12 20 0.346234

13 20 0.368702

14 20 0.389715

15 20 0.409189

16 20 0.427049

17 20 0.443224

18 20 0.457649

19 20 0.470268

20 20 0.481031

21 20 0.489896

22 20 0.496827

23 20 0.501798

24 20 0.504788

25 20 0.505786

26 20 0.504788

27 20 0.501798

28 20 0.496827

29 20 0.489896

30 20 0.481031

31 20 0.470268

32 20 0.457649

33 20 0.443224

34 20 0.427049

35 20 0.409189

36 20 0.389715

37 20 0.368702

38 20 0.346234

39 20 0.3224

40 20 0.297293

41 20 0.271014

42 20 0.243664

43 20 0.215353

44 20 0.186192

45 20 0.156296

46 20 0.125784

47 20 0.0947748

48 20 0.0633918

49 20 0.0317586

50 20 0

0 21 0

1 21 0.0323438

2 21 0.06456

3 21 0.0965214

4 21 0.128102

5 21 0.159177

6 21 0.189623

7 21 0.219322

8 21 0.248155

9 21 0.276008

10 21 0.302772

11 21 0.328341

12 21 0.352615

13 21 0.375497

14 21 0.396897

15 21 0.41673

16 21 0.434919

17 21 0.451392

18 21 0.466083

19 21 0.478934

20 21 0.489896

21 21 0.498924

22 21 0.505983

23 21 0.511045

24 21 0.51409

25 21 0.515107

26 21 0.51409

27 21 0.511045

28 21 0.505983

29 21 0.498924

30 21 0.489896

31 21 0.478934

32 21 0.466083

33 21 0.451392

34 21 0.434919

35 21 0.41673

36 21 0.396897

37 21 0.375497

38 21 0.352615

39 21 0.328341

40 21 0.302772

41 21 0.276008

42 21 0.248155

43 21 0.219322

44 21 0.189623

45 21 0.159177

46 21 0.128102

47 21 0.0965214

48 21 0.06456

49 21 0.0323438

50 21 0

0 22 0

1 22 0.0328014

2 22 0.0654734

3 22 0.097887

4 22 0.129914

5 22 0.161429

6 22 0.192306

7 22 0.222425

8 22 0.251666

9 22 0.279913

10 22 0.307056

11 22 0.332987

12 22 0.357604

13 22 0.380809

14 22 0.402512

15 22 0.422626

16 22 0.441073

17 22 0.457778

18 22 0.472677

19 22 0.48571

20 22 0.496827

21 22 0.505983

22 22 0.513142

23 22 0.518276

24 22 0.521364

25 22 0.522395

26 22 0.521364

27 22 0.518276

28 22 0.513142

29 22 0.505983

30 22 0.496827

31 22 0.48571

32 22 0.472677

33 22 0.457778

34 22 0.441073

35 22 0.422626

36 22 0.402512

37 22 0.380809

38 22 0.357604

39 22 0.332987

40 22 0.307056

41 22 0.279913

42 22 0.251666

43 22 0.222425

44 22 0.192306

45 22 0.161429

46 22 0.129914

47 22 0.097887

48 22 0.0654734

49 22 0.0328014

50 22 0

0 23 0

1 23 0.0331296

2 23 0.0661285

3 23 0.0988664

4 23 0.131214

5 23 0.163044

6 23 0.19423

7 23 0.22465

8 23 0.254183

9 23 0.282714

10 23 0.310128

11 23 0.336318

12 23 0.361182

13 23 0.384619

14 23 0.406539

15 23 0.426855

16 23 0.445485

17 23 0.462358

18 23 0.477406

19 23 0.49057

20 23 0.501798

21 23 0.511045

22 23 0.518276

23 23 0.523461

24 23 0.52658

25 23 0.527621

26 23 0.52658

27 23 0.523461

28 23 0.518276

29 23 0.511045

30 23 0.501798

31 23 0.49057

32 23 0.477406

33 23 0.462358

34 23 0.445485

35 23 0.426855

36 23 0.406539

37 23 0.384619

38 23 0.361182

39 23 0.336318

40 23 0.310128

41 23 0.282714

42 23 0.254183

43 23 0.22465

44 23 0.19423

45 23 0.163044

46 23 0.131214

47 23 0.0988664

48 23 0.0661285

49 23 0.0331296

50 23 0

0 24 0

1 24 0.033327

2 24 0.0665225

3 24 0.0994555

4 24 0.131996

5 24 0.164016

6 24 0.195388

7 24 0.225989

8 24 0.255698

9 24 0.284398

10 24 0.311976

11 24 0.338323

12 24 0.363334

13 24 0.386911

14 24 0.408962

15 24 0.429398

16 24 0.44814

17 24 0.465113

18 24 0.480251

19 24 0.493493

20 24 0.504788

21 24 0.51409

22 24 0.521364

23 24 0.52658

24 24 0.529718

25 24 0.530765

26 24 0.529718

27 24 0.52658

28 24 0.521364

29 24 0.51409

30 24 0.504788

31 24 0.493493

32 24 0.480251

33 24 0.465113

34 24 0.44814

35 24 0.429398

36 24 0.408962

37 24 0.386911

38 24 0.363334

39 24 0.338323

40 24 0.311976

41 24 0.284398

42 24 0.255698

43 24 0.225989

44 24 0.195388

45 24 0.164016

46 24 0.131996

47 24 0.0994555

48 24 0.0665225

49 24 0.033327

50 24 0

0 25 0

1 25 0.0333929

2 25 0.0666541

3 25 0.0996522

4 25 0.132257

5 25 0.16434

6 25 0.195774

7 25 0.226436

8 25 0.256204

9 25 0.284961

10 25 0.312593

11 25 0.338991

12 25 0.364052

13 25 0.387676

14 25 0.40977

15 25 0.430247

16 25 0.449026

17 25 0.466033

18 25 0.4812

19 25 0.494469

20 25 0.505786

21 25 0.515107

22 25 0.522395

23 25 0.527621

24 25 0.530765

25 25 0.531815

26 25 0.530765

27 25 0.527621

28 25 0.522395

29 25 0.515107

30 25 0.505786

31 25 0.494469

32 25 0.4812

33 25 0.466033

34 25 0.449026

35 25 0.430247

36 25 0.40977

37 25 0.387676

38 25 0.364052

39 25 0.338991

40 25 0.312593

41 25 0.284961

42 25 0.256204

43 25 0.226436

44 25 0.195774

45 25 0.16434

46 25 0.132257

47 25 0.0996522

48 25 0.0666541

49 25 0.0333929

50 25 0

0 26 0

1 26 0.033327

2 26 0.0665225

3 26 0.0994555

4 26 0.131996

5 26 0.164016

6 26 0.195388

7 26 0.225989

8 26 0.255698

9 26 0.284398

10 26 0.311976

11 26 0.338323

12 26 0.363334

13 26 0.386911

14 26 0.408962

15 26 0.429398

16 26 0.44814

17 26 0.465113

18 26 0.480251

19 26 0.493493

20 26 0.504788

21 26 0.51409

22 26 0.521364

23 26 0.52658

24 26 0.529718

25 26 0.530765

26 26 0.529718

27 26 0.52658

28 26 0.521364

29 26 0.51409

30 26 0.504788

31 26 0.493493

32 26 0.480251

33 26 0.465113

34 26 0.44814

35 26 0.429398

36 26 0.408962

37 26 0.386911

38 26 0.363334

39 26 0.338323

40 26 0.311976

41 26 0.284398

42 26 0.255698

43 26 0.225989

44 26 0.195388

45 26 0.164016

46 26 0.131996

47 26 0.0994555

48 26 0.0665225

49 26 0.033327

50 26 0

0 27 0

1 27 0.0331296

2 27 0.0661285

3 27 0.0988664

4 27 0.131214

5 27 0.163044

6 27 0.19423

7 27 0.22465

8 27 0.254183

9 27 0.282714

10 27 0.310128

11 27 0.336318

12 27 0.361182

13 27 0.384619

14 27 0.406539

15 27 0.426855

16 27 0.445485

17 27 0.462358

18 27 0.477406

19 27 0.49057

20 27 0.501798

21 27 0.511045

22 27 0.518276

23 27 0.523461

24 27 0.52658

25 27 0.527621

26 27 0.52658

27 27 0.523461

28 27 0.518276

29 27 0.511045

30 27 0.501798

31 27 0.49057

32 27 0.477406

33 27 0.462358

34 27 0.445485

35 27 0.426855

36 27 0.406539

37 27 0.384619

38 27 0.361182

39 27 0.336318

40 27 0.310128

41 27 0.282714

42 27 0.254183

43 27 0.22465

44 27 0.19423

45 27 0.163044

46 27 0.131214

47 27 0.0988664

48 27 0.0661285

49 27 0.0331296

50 27 0

0 28 0

1 28 0.0328014

2 28 0.0654734

3 28 0.097887

4 28 0.129914

5 28 0.161429

6 28 0.192306

7 28 0.222425

8 28 0.251666

9 28 0.279913

10 28 0.307056

11 28 0.332987

12 28 0.357604

13 28 0.380809

14 28 0.402512

15 28 0.422626

16 28 0.441073

17 28 0.457778

18 28 0.472677

19 28 0.48571

20 28 0.496827

21 28 0.505983

22 28 0.513142

23 28 0.518276

24 28 0.521364

25 28 0.522395

26 28 0.521364

27 28 0.518276

28 28 0.513142

29 28 0.505983

30 28 0.496827

31 28 0.48571

32 28 0.472677

33 28 0.457778

34 28 0.441073

35 28 0.422626

36 28 0.402512

37 28 0.380809

38 28 0.357604

39 28 0.332987

40 28 0.307056

41 28 0.279913

42 28 0.251666

43 28 0.222425

44 28 0.192306

45 28 0.161429

46 28 0.129914

47 28 0.097887

48 28 0.0654734

49 28 0.0328014

50 28 0

0 29 0

1 29 0.0323438

2 29 0.06456

3 29 0.0965214

4 29 0.128102

5 29 0.159177

6 29 0.189623

7 29 0.219322

8 29 0.248155

9 29 0.276008

10 29 0.302772

11 29 0.328341

12 29 0.352615

13 29 0.375497

14 29 0.396897

15 29 0.41673

16 29 0.434919

17 29 0.451392

18 29 0.466083

19 29 0.478934

20 29 0.489896

21 29 0.498924

22 29 0.505983

23 29 0.511045

24 29 0.51409

25 29 0.515107

26 29 0.51409

27 29 0.511045

28 29 0.505983

29 29 0.498924

30 29 0.489896

31 29 0.478934

32 29 0.466083

33 29 0.451392

34 29 0.434919

35 29 0.41673

36 29 0.396897

37 29 0.375497

38 29 0.352615

39 29 0.328341

40 29 0.302772

41 29 0.276008

42 29 0.248155

43 29 0.219322

44 29 0.189623

45 29 0.159177

46 29 0.128102

47 29 0.0965214

48 29 0.06456

49 29 0.0323438

50 29 0

0 30 0

1 30 0.0317586

2 30 0.0633918

3 30 0.0947748

4 30 0.125784

5 30 0.156296

6 30 0.186192

7 30 0.215353

8 30 0.243664

9 30 0.271014

10 30 0.297293

11 30 0.3224

12 30 0.346234

13 30 0.368702

14 30 0.389715

15 30 0.409189

16 30 0.427049

17 30 0.443224

18 30 0.457649

19 30 0.470268

20 30 0.481031

21 30 0.489896

22 30 0.496827

23 30 0.501798

24 30 0.504788

25 30 0.505786

26 30 0.504788

27 30 0.501798

28 30 0.496827

29 30 0.489896

30 30 0.481031

31 30 0.470268

32 30 0.457649

33 30 0.443224

34 30 0.427049

35 30 0.409189

36 30 0.389715

37 30 0.368702

38 30 0.346234

39 30 0.3224

40 30 0.297293

41 30 0.271014

42 30 0.243664

43 30 0.215353

44 30 0.186192

45 30 0.156296

46 30 0.125784

47 30 0.0947748

48 30 0.0633918

49 30 0.0317586

50 30 0

0 31 0

1 31 0.031048

2 31 0.0619734

3 31 0.0926542

4 31 0.122969

5 31 0.152799

6 31 0.182026

7 31 0.210535

8 31 0.238212

9 31 0.26495

10 31 0.290642

11 31 0.315186

12 31 0.338487

13 31 0.360452

14 31 0.380995

15 31 0.400034

16 31 0.417494

17 31 0.433306

18 31 0.447409

19 31 0.459746

20 31 0.470268

21 31 0.478934

22 31 0.48571

23 31 0.49057

24 31 0.493493

25 31 0.494469

26 31 0.493493

27 31 0.49057

28 31 0.48571

29 31 0.478934

30 31 0.470268

31 31 0.459746

32 31 0.447409

33 31 0.433306

34 31 0.417494

35 31 0.400034

36 31 0.380995

37 31 0.360452

38 31 0.338487

39 31 0.315186

40 31 0.290642

41 31 0.26495

42 31 0.238212

43 31 0.210535

44 31 0.182026

45 31 0.152799

46 31 0.122969

47 31 0.0926542

48 31 0.0619734

49 31 0.031048

50 31 0

0 32 0

1 32 0.0302148

2 32 0.0603104

3 32 0.090168

4 32 0.11967

5 32 0.148699

6 32 0.177142

7 32 0.204885

8 32 0.23182

9 32 0.25784

10 32 0.282842

11 32 0.306729

12 32 0.329404

13 32 0.35078

14 32 0.370771

15 32 0.389299

16 32 0.406291

17 32 0.421679

18 32 0.435403

19 32 0.447409

20 32 0.457649

21 32 0.466083

22 32 0.472677

23 32 0.477406

24 32 0.480251

25 32 0.4812

26 32 0.480251

27 32 0.477406

28 32 0.472677

29 32 0.466083

30 32 0.457649

31 32 0.447409

32 32 0.435403

33 32 0.421679

34 32 0.406291

35 32 0.389299

36 32 0.370771

37 32 0.35078

38 32 0.329404

39 32 0.306729

40 32 0.282842

41 32 0.25784

42 32 0.23182

43 32 0.204885

44 32 0.177142

45 32 0.148699

46 32 0.11967

47 32 0.090168

48 32 0.0603104

49 32 0.0302148

50 32 0

0 33 0

1 33 0.0292624

2 33 0.0584094

3 33 0.0873258

4 33 0.115898

5 33 0.144012

6 33 0.171558

7 33 0.198427

8 33 0.224513

9 33 0.249713

10 33 0.273927

11 33 0.297061

12 33 0.319021

13 33 0.339723

14 33 0.359084

15 33 0.377028

16 33 0.393485

17 33 0.408388

18 33 0.421679

19 33 0.433306

20 33 0.443224

21 33 0.451392

22 33 0.457778

23 33 0.462358

24 33 0.465113

25 33 0.466033

26 33 0.465113

27 33 0.462358

28 33 0.457778

29 33 0.451392

30 33 0.443224

31 33 0.433306

32 33 0.421679

33 33 0.408388

34 33 0.393485

35 33 0.377028

36 33 0.359084

37 33 0.339723

38 33 0.319021

39 33 0.297061

40 33 0.273927

41 33 0.249713

42 33 0.224513

43 33 0.198427

44 33 0.171558

45 33 0.144012

46 33 0.115898

47 33 0.0873258

48 33 0.0584094

49 33 0.0292624

50 33 0

0 34 0

1 34 0.0281946

2 34 0.0562779

3 34 0.0841391

4 34 0.111668

5 34 0.138757

6 34 0.165298

7 34 0.191186

8 34 0.21632

9 34 0.2406

10 34 0.263931

11 34 0.28622

12 34 0.307379

13 34 0.327326

14 34 0.345981

15 34 0.36327

16 34 0.379125

17 34 0.393485

18 34 0.406291

19 34 0.417494

20 34 0.427049

21 34 0.434919

22 34 0.441073

23 34 0.445485

24 34 0.44814

25 34 0.449026

26 34 0.44814

27 34 0.445485

28 34 0.441073

29 34 0.434919

30 34 0.427049

31 34 0.417494

32 34 0.406291

33 34 0.393485

34 34 0.379125

35 34 0.36327

36 34 0.345981

37 34 0.327326

38 34 0.307379

39 34 0.28622

40 34 0.263931

41 34 0.2406

42 34 0.21632

43 34 0.191186

44 34 0.165298

45 34 0.138757

46 34 0.111668

47 34 0.0841391

48 34 0.0562779

49 34 0.0281946

50 34 0

0 35 0

1 35 0.0270154

2 35 0.0539243

3 35 0.0806203

4 35 0.106998

5 35 0.132954

6 35 0.158385

7 35 0.18319

8 35 0.207273

9 35 0.230538

10 35 0.252893

11 35 0.27425

12 35 0.294524

13 35 0.313637

14 35 0.331511

15 35 0.348077

16 35 0.36327

17 35 0.377028

18 35 0.389299

19 35 0.400034

20 35 0.409189

21 35 0.41673

22 35 0.422626

23 35 0.426855

24 35 0.429398

25 35 0.430247

26 35 0.429398

27 35 0.426855

28 35 0.422626

29 35 0.41673

30 35 0.409189

31 35 0.400034

32 35 0.389299

33 35 0.377028

34 35 0.36327

35 35 0.348077

36 35 0.331511

37 35 0.313637

38 35 0.294524

39 35 0.27425

40 35 0.252893

41 35 0.230538

42 35 0.207273

43 35 0.18319

44 35 0.158385

45 35 0.132954

46 35 0.106998

47 35 0.0806203

48 35 0.0539243

49 35 0.0270154

50 35 0

0 36 0

1 36 0.0257297

2 36 0.0513578

3 36 0.0767833

4 36 0.101906

5 36 0.126626

6 36 0.150847

7 36 0.174472

8 36 0.197408

9 36 0.219566

10 36 0.240857

11 36 0.261197

12 36 0.280507

13 36 0.29871

14 36 0.315733

15 36 0.331511

16 36 0.345981

17 36 0.359084

18 36 0.370771

19 36 0.380995

20 36 0.389715

21 36 0.396897

22 36 0.402512

23 36 0.406539

24 36 0.408962

25 36 0.40977

26 36 0.408962

27 36 0.406539

28 36 0.402512

29 36 0.396897

30 36 0.389715

31 36 0.380995

32 36 0.370771

33 36 0.359084

34 36 0.345981

35 36 0.331511

36 36 0.315733

37 36 0.29871

38 36 0.280507

39 36 0.261197

40 36 0.240857

41 36 0.219566

42 36 0.197408

43 36 0.174472

44 36 0.150847

45 36 0.126626

46 36 0.101906

47 36 0.0767833

48 36 0.0513578

49 36 0.0257297

50 36 0

0 37 0

1 37 0.0243424

2 37 0.0485887

3 37 0.0726433

4 37 0.0964112

5 37 0.119799

6 37 0.142713

7 37 0.165065

8 37 0.186764

9 37 0.207727

10 37 0.22787

11 37 0.247114

12 37 0.265383

13 37 0.282604

14 37 0.29871

15 37 0.313637

16 37 0.327326

17 37 0.339723

18 37 0.35078

19 37 0.360452

20 37 0.368702

21 37 0.375497

22 37 0.380809

23 37 0.384619

24 37 0.386911

25 37 0.387676

26 37 0.386911

27 37 0.384619

28 37 0.380809

29 37 0.375497

30 37 0.368702

31 37 0.360452

32 37 0.35078

33 37 0.339723

34 37 0.327326

35 37 0.313637

36 37 0.29871

37 37 0.282604

38 37 0.265383

39 37 0.247114

40 37 0.22787

41 37 0.207727

42 37 0.186764

43 37 0.165065

44 37 0.142713

45 37 0.119799

46 37 0.0964112

47 37 0.0726433

48 37 0.0485887

49 37 0.0243424

50 37 0

0 38 0

1 38 0.022859

2 38 0.0456278

3 38 0.0682166

4 38 0.0905361

5 38 0.112498

6 38 0.134017

7 38 0.155006

8 38 0.175384

9 38 0.195069

10 38 0.213985

11 38 0.232056

12 38 0.249211

13 38 0.265383

14 38 0.280507

15 38 0.294524

16 38 0.307379

17 38 0.319021

18 38 0.329404

19 38 0.338487

20 38 0.346234

21 38 0.352615

22 38 0.357604

23 38 0.361182

24 38 0.363334

25 38 0.364052

26 38 0.363334

27 38 0.361182

28 38 0.357604

29 38 0.352615

30 38 0.346234

31 38 0.338487

32 38 0.329404

33 38 0.319021

34 38 0.307379

35 38 0.294524

36 38 0.280507

37 38 0.265383

38 38 0.249211

39 38 0.232056

40 38 0.213985

41 38 0.195069

42 38 0.175384

43 38 0.155006

44 38 0.134017

45 38 0.112498

46 38 0.0905361

47 38 0.0682166

48 38 0.0456278

49 38 0.022859

50 38 0

0 39 0

1 39 0.0212855

2 39 0.0424869

3 39 0.0635207

4 39 0.0843038

5 39 0.104754

6 39 0.124791

7 39 0.144336

8 39 0.16331

9 39 0.181641

10 39 0.199254

11 39 0.216081

12 39 0.232056

13 39 0.247114

14 39 0.261197

15 39 0.27425

16 39 0.28622

17 39 0.297061

18 39 0.306729

19 39 0.315186

20 39 0.3224

21 39 0.328341

22 39 0.332987

23 39 0.336318

24 39 0.338323

25 39 0.338991

26 39 0.338323

27 39 0.336318

28 39 0.332987

29 39 0.328341

30 39 0.3224

31 39 0.315186

32 39 0.306729

33 39 0.297061

34 39 0.28622

35 39 0.27425

36 39 0.261197

37 39 0.247114

38 39 0.232056

39 39 0.216081

40 39 0.199254

41 39 0.181641

42 39 0.16331

43 39 0.144336

44 39 0.124791

45 39 0.104754

46 39 0.0843038

47 39 0.0635207

48 39 0.0424869

49 39 0.0212855

50 39 0

0 40 0

1 40 0.0196279

2 40 0.0391783

3 40 0.0585741

4 40 0.0777387

5 40 0.0965965

6 40 0.115073

7 40 0.133096

8 40 0.150593

9 40 0.167496

10 40 0.183737

11 40 0.199254

12 40 0.213985

13 40 0.22787

14 40 0.240857

15 40 0.252893

16 40 0.263931

17 40 0.273927

18 40 0.282842

19 40 0.290642

20 40 0.297293

21 40 0.302772

22 40 0.307056

23 40 0.310128

24 40 0.311976

25 40 0.312593

26 40 0.311976

27 40 0.310128

28 40 0.307056

29 40 0.302772

30 40 0.297293

31 40 0.290642

32 40 0.282842

33 40 0.273927

34 40 0.263931

35 40 0.252893

36 40 0.240857

37 40 0.22787

38 40 0.213985

39 40 0.199254

40 40 0.183737

41 40 0.167496

42 40 0.150593

43 40 0.133096

44 40 0.115073

45 40 0.0965965

46 40 0.0777387

47 40 0.0585741

48 40 0.0391783

49 40 0.0196279

50 40 0

0 41 0

1 41 0.0178928

2 41 0.035715

3 41 0.0533963

4 41 0.0708668

5 41 0.0880577

6 41 0.104901

7 41 0.12133

8 41 0.137281

9 41 0.15269

10 41 0.167496

11 41 0.181641

12 41 0.195069

13 41 0.207727

14 41 0.219566

15 41 0.230538

16 41 0.2406

17 41 0.249713

18 41 0.25784

19 41 0.26495

20 41 0.271014

21 41 0.276008

22 41 0.279913

23 41 0.282714

24 41 0.284398

25 41 0.284961

26 41 0.284398

27 41 0.282714

28 41 0.279913

29 41 0.276008

30 41 0.271014

31 41 0.26495

32 41 0.25784

33 41 0.249713

34 41 0.2406

35 41 0.230538

36 41 0.219566

37 41 0.207727

38 41 0.195069

39 41 0.181641

40 41 0.167496

41 41 0.15269

42 41 0.137281

43 41 0.12133

44 41 0.104901

45 41 0.0880577

46 41 0.0708668

47 41 0.0533963

48 41 0.035715

49 41 0.0178928

50 41 0

0 42 0

1 42 0.0160872

2 42 0.0321108

3 42 0.0480078

4 42 0.0637153

5 42 0.0791713

6 42 0.0943149

7 42 0.109086

8 42 0.123427

9 42 0.137281

10 42 0.150593

11 42 0.16331

12 42 0.175384

13 42 0.186764

14 42 0.197408

15 42 0.207273

16 42 0.21632

17 42 0.224513

18 42 0.23182

19 42 0.238212

20 42 0.243664

21 42 0.248155

22 42 0.251666

23 42 0.254183

24 42 0.255698

25 42 0.256204

26 42 0.255698

27 42 0.254183

28 42 0.251666

29 42 0.248155

30 42 0.243664

31 42 0.238212

32 42 0.23182

33 42 0.224513

34 42 0.21632

35 42 0.207273

36 42 0.197408

37 42 0.186764

38 42 0.175384

39 42 0.16331

40 42 0.150593

41 42 0.137281

42 42 0.123427

43 42 0.109086

44 42 0.0943149

45 42 0.0791713

46 42 0.0637153

47 42 0.0480078

48 42 0.0321108

49 42 0.0160872

50 42 0

0 43 0

1 43 0.014218

2 43 0.0283799

3 43 0.0424298

4 43 0.0563123

5 43 0.0699725

6 43 0.0833565

7 43 0.0964116

8 43 0.109086

9 43 0.12133

10 43 0.133096

11 43 0.144336

12 43 0.155006

13 43 0.165065

14 43 0.174472

15 43 0.18319

16 43 0.191186

17 43 0.198427

18 43 0.204885

19 43 0.210535

20 43 0.215353

21 43 0.219322

22 43 0.222425

23 43 0.22465

24 43 0.225989

25 43 0.226436

26 43 0.225989

27 43 0.22465

28 43 0.222425

29 43 0.219322

30 43 0.215353

31 43 0.210535

32 43 0.204885

33 43 0.198427

34 43 0.191186

35 43 0.18319

36 43 0.174472

37 43 0.165065

38 43 0.155006

39 43 0.144336

40 43 0.133096

41 43 0.12133

42 43 0.109086

43 43 0.0964116

44 43 0.0833565

45 43 0.0699725

46 43 0.0563123

47 43 0.0424298

48 43 0.0283799

49 43 0.014218

50 43 0

0 44 0

1 44 0.0122928

2 44 0.024537

3 44 0.0366844

4 44 0.048687

5 44 0.0604975

6 44 0.0720692

7 44 0.0833565

8 44 0.0943149

9 44 0.104901

10 44 0.115073

11 44 0.124791

12 44 0.134017

13 44 0.142713

14 44 0.150847

15 44 0.158385

16 44 0.165298

17 44 0.171558

18 44 0.177142

19 44 0.182026

20 44 0.186192

21 44 0.189623

22 44 0.192306

23 44 0.19423

24 44 0.195388

25 44 0.195774

26 44 0.195388

27 44 0.19423

28 44 0.192306

29 44 0.189623

30 44 0.186192

31 44 0.182026

32 44 0.177142

33 44 0.171558

34 44 0.165298

35 44 0.158385

36 44 0.150847

37 44 0.142713

38 44 0.134017

39 44 0.124791

40 44 0.115073

41 44 0.104901

42 44 0.0943149

43 44 0.0833565

44 44 0.0720692

45 44 0.0604975

46 44 0.048687

47 44 0.0366844

48 44 0.024537

49 44 0.0122928

50 44 0

0 45 0

1 45 0.010319

2 45 0.0205972

3 45 0.0307942

4 45 0.0408696

5 45 0.0507838

6 45 0.0604975

7 45 0.0699725

8 45 0.0791713

9 45 0.0880577

10 45 0.0965965

11 45 0.104754

12 45 0.112498

13 45 0.119799

14 45 0.126626

15 45 0.132954

16 45 0.138757

17 45 0.144012

18 45 0.148699

19 45 0.152799

20 45 0.156296

21 45 0.159177

22 45 0.161429

23 45 0.163044

24 45 0.164016

25 45 0.16434

26 45 0.164016

27 45 0.163044

28 45 0.161429

29 45 0.159177

30 45 0.156296

31 45 0.152799

32 45 0.148699

33 45 0.144012

34 45 0.138757

35 45 0.132954

36 45 0.126626

37 45 0.119799

38 45 0.112498

39 45 0.104754

40 45 0.0965965

41 45 0.0880577

42 45 0.0791713

43 45 0.0699725

44 45 0.0604975

45 45 0.0507838

46 45 0.0408696

47 45 0.0307942

48 45 0.0205972

49 45 0.010319

50 45 0

0 46 0

1 46 0.00830448

2 46 0.0165762

3 46 0.0247825

4 46 0.032891

5 46 0.0408696

6 46 0.048687

7 46 0.0563123

8 46 0.0637153

9 46 0.0708668

10 46 0.0777387

11 46 0.0843038

12 46 0.0905361

13 46 0.0964112

14 46 0.101906

15 46 0.106998

16 46 0.111668

17 46 0.115898

18 46 0.11967

19 46 0.122969

20 46 0.125784

21 46 0.128102

22 46 0.129914

23 46 0.131214

24 46 0.131996

25 46 0.132257

26 46 0.131996

27 46 0.131214

28 46 0.129914

29 46 0.128102

30 46 0.125784

31 46 0.122969

32 46 0.11967

33 46 0.115898

34 46 0.111668

35 46 0.106998

36 46 0.101906

37 46 0.0964112

38 46 0.0905361

39 46 0.0843038

40 46 0.0777387

41 46 0.0708668

42 46 0.0637153

43 46 0.0563123

44 46 0.048687

45 46 0.0408696

46 46 0.032891

47 46 0.0247825

48 46 0.0165762

49 46 0.00830448

50 46 0

0 47 0

1 47 0.00625721

2 47 0.0124897

3 47 0.018673

4 47 0.0247825

5 47 0.0307942

6 47 0.0366844

7 47 0.0424298

8 47 0.0480078

9 47 0.0533963

10 47 0.0585741

11 47 0.0635207

12 47 0.0682166

13 47 0.0726433

14 47 0.0767833

15 47 0.0806203

16 47 0.0841391

17 47 0.0873258

18 47 0.090168

19 47 0.0926542

20 47 0.0947748

21 47 0.0965214

22 47 0.097887

23 47 0.0988664

24 47 0.0994555

25 47 0.0996522

26 47 0.0994555

27 47 0.0988664

28 47 0.097887

29 47 0.0965214

30 47 0.0947748

31 47 0.0926542

32 47 0.090168

33 47 0.0873258

34 47 0.0841391

35 47 0.0806203

36 47 0.0767833

37 47 0.0726433

38 47 0.0682166

39 47 0.0635207

40 47 0.0585741

41 47 0.0533963

42 47 0.0480078

43 47 0.0424298

44 47 0.0366844

45 47 0.0307942

46 47 0.0247825

47 47 0.018673

48 47 0.0124897

49 47 0.00625721

50 47 0

0 48 0

1 48 0.00418524

2 48 0.00835397

3 48 0.0124897

4 48 0.0165762

5 48 0.0205972

6 48 0.024537

7 48 0.0283799

8 48 0.0321108

9 48 0.035715

10 48 0.0391783

11 48 0.0424869

12 48 0.0456278

13 48 0.0485887

14 48 0.0513578

15 48 0.0539243

16 48 0.0562779

17 48 0.0584094

18 48 0.0603104

19 48 0.0619734

20 48 0.0633918

21 48 0.06456

22 48 0.0654734

23 48 0.0661285

24 48 0.0665225

25 48 0.0666541

26 48 0.0665225

27 48 0.0661285

28 48 0.0654734

29 48 0.06456

30 48 0.0633918

31 48 0.0619734

32 48 0.0603104

33 48 0.0584094

34 48 0.0562779

35 48 0.0539243

36 48 0.0513578

37 48 0.0485887

38 48 0.0456278

39 48 0.0424869

40 48 0.0391783

41 48 0.035715

42 48 0.0321108

43 48 0.0283799

44 48 0.024537

45 48 0.0205972

46 48 0.0165762

47 48 0.0124897

48 48 0.00835397

49 48 0.00418524

50 48 0

0 49 0

1 49 0.00209676

2 49 0.00418524

3 49 0.00625721

4 49 0.00830448

5 49 0.010319

6 49 0.0122928

7 49 0.014218

8 49 0.0160872

9 49 0.0178928

10 49 0.0196279

11 49 0.0212855

12 49 0.022859

13 49 0.0243424

14 49 0.0257297

15 49 0.0270154

16 49 0.0281946

17 49 0.0292624

18 49 0.0302148

19 49 0.031048

20 49 0.0317586

21 49 0.0323438

22 49 0.0328014

23 49 0.0331296

24 49 0.033327

25 49 0.0333929

26 49 0.033327

27 49 0.0331296

28 49 0.0328014

29 49 0.0323438

30 49 0.0317586

31 49 0.031048

32 49 0.0302148

33 49 0.0292624

34 49 0.0281946

35 49 0.0270154

36 49 0.0257297

37 49 0.0243424

38 49 0.022859

39 49 0.0212855

40 49 0.0196279

41 49 0.0178928

42 49 0.0160872

43 49 0.014218

44 49 0.0122928

45 49 0.010319

46 49 0.00830448

47 49 0.00625721

48 49 0.00418524

49 49 0.00209676

50 49 0

