0 1 0

1 1 0.00132655

2 1 0.00264787

3 1 0.00395874

4 1 0.00525399

5 1 0.0065285

6 1 0.00777724

7 1 0.00899529

8 1 0.0101778

9 1 0.0113202

10 1 0.0124179

11 1 0.0134666

12 1 0.0144622

13 1 0.0154007

14 1 0.0162784

15 1 0.0170918

16 1 0.0178378

17 1 0.0185134

18 1 0.019116

19 1 0.0196431

20 1 0.0200926

21 1 0.0204629

22 1 0.0207524

23 1 0.0209601

24 1 0.021085

25 1 0.0211267

26 1 0.021085

27 1 0.0209601

28 1 0.0207524

29 1 0.0204629

30 1 0.0200926

31 1 0.0196431

32 1 0.019116

33 1 0.0185134

34 1 0.0178378

35 1 0.0170918

36 1 0.0162784

37 1 0.0154007

38 1 0.0144622

39 1 0.0134666

40 1 0.0124179

41 1 0.0113202

42 1 0.0101778

43 1 0.00899529

44 1 0.00777724

45 1 0.0065285

46 1 0.00525399

47 1 0.00395874

48 1 0.00264787

49 1 0.00132655

50 1 0

0 2 0

1 2 0.00264787

2 2 0.00528529

3 2 0.00790186

4 2 0.0104872

5 2 0.0130312

6 2 0.0155238

7 2 0.0179551

8 2 0.0203155

9 2 0.0225958

10 2 0.0247869

11 2 0.0268801

12 2 0.0288673

13 2 0.0307406

14 2 0.0324925

15 2 0.0341162

16 2 0.0356053

17 2 0.0369538

18 2 0.0381565

19 2 0.0392086

20 2 0.040106

21 2 0.0408451

22 2 0.041423

23 2 0.0418374

24 2 0.0420867

25 2 0.0421699

26 2 0.0420867

27 2 0.0418374

28 2 0.041423

29 2 0.0408451

30 2 0.040106

31 2 0.0392086

32 2 0.0381565

33 2 0.0369538

34 2 0.0356053

35 2 0.0341162

36 2 0.0324925

37 2 0.0307406

38 2 0.0288673

39 2 0.0268801

40 2 0.0247869

41 2 0.0225958

42 2 0.0203155

43 2 0.0179551

44 2 0.0155238

45 2 0.0130312

46 2 0.0104872

47 2 0.00790186

48 2 0.00528529

49 2 0.00264787

50 2 0

0 3 0

1 3 0.00395874

2 3 0.00790186

3 3 0.0118138

4 3 0.0156791

5 3 0.0194825

6 3 0.0232091

7 3 0.026844

8 3 0.030373

9 3 0.0337822

10 3 0.037058

11 3 0.0401875

12 3 0.0431585

13 3 0.0459591

14 3 0.0485784

15 3 0.0510059

16 3 0.0532322

17 3 0.0552483

18 3 0.0570464

19 3 0.0586194

20 3 0.0599611

21 3 0.0610661

22 3 0.0619301

23 3 0.0625496

24 3 0.0629224

25 3 0.0630468

26 3 0.0629224

27 3 0.0625496

28 3 0.0619301

29 3 0.0610661

30 3 0.0599611

31 3 0.0586194

32 3 0.0570464

33 3 0.0552483

34 3 0.0532322

35 3 0.0510059

36 3 0.0485784

37 3 0.0459591

38 3 0.0431585

39 3 0.0401875

40 3 0.037058

41 3 0.0337822

42 3 0.030373

43 3 0.026844

44 3 0.0232091

45 3 0.0194825

46 3 0.0156791

47 3 0.0118138

48 3 0.00790186

49 3 0.00395874

50 3 0

0 4 0

1 4 0.00525399

2 4 0.0104872

3 4 0.0156791

4 4 0.0208091

5 4 0.0258569

6 4 0.0308028

7 4 0.035627

8 4 0.0403107

9 4 0.0448352

10 4 0.0491828

11 4 0.0533363

12 4 0.0572794

13 4 0.0609963

14 4 0.0644726

15 4 0.0676944

16 4 0.070649

17 4 0.0733248

18 4 0.0757112

19 4 0.0777989

20 4 0.0795795

21 4 0.081046

22 4 0.0821927

23 4 0.083015

24 4 0.0835097

25 4 0.0836748

26 4 0.0835097

27 4 0.083015

28 4 0.0821927

29 4 0.081046

30 4 0.0795795

31 4 0.0777989

32 4 0.0757112

33 4 0.0733248

34 4 0.070649

35 4 0.0676944

36 4 0.0644726

37 4 0.0609963

38 4 0.0572794

39 4 0.0533363

40 4 0.0491828

41 4 0.0448352

42 4 0.0403107

43 4 0.035627

44 4 0.0308028

45 4 0.0258569

46 4 0.0208091

47 4 0.0156791

48 4 0.0104872

49 4 0.00525399

50 4 0

0 5 0

1 5 0.0065285

2 5 0.0130312

3 5 0.0194825

4 5 0.0258569

5 5 0.0321293

6 5 0.0382749

7 5 0.0442694

8 5 0.0500892

9 5 0.0557113

10 5 0.0611136

11 5 0.0662747

12 5 0.0711742

13 5 0.0757928

14 5 0.0801123

15 5 0.0841156

16 5 0.087787

17 5 0.0911119

18 5 0.0940773

19 5 0.0966713

20 5 0.0988839

21 5 0.100706

22 5 0.102131

23 5 0.103153

24 5 0.103767

25 5 0.103973

26 5 0.103767

27 5 0.103153

28 5 0.102131

29 5 0.100706

30 5 0.0988839

31 5 0.0966713

32 5 0.0940773

33 5 0.0911119

34 5 0.087787

35 5 0.0841156

36 5 0.0801123

37 5 0.0757928

38 5 0.0711742

39 5 0.0662747

40 5 0.0611136

41 5 0.0557113

42 5 0.0500892

43 5 0.0442694

44 5 0.0382749

45 5 0.0321293

46 5 0.0258569

47 5 0.0194825

48 5 0.0130312

49 5 0.0065285

50 5 0

0 6 0

1 6 0.00777724

2 6 0.0155238

3 6 0.0232091

4 6 0.0308028

5 6 0.0382749

6 6 0.0455959

7 6 0.0527371

8 6 0.0596701

9 6 0.0663676

10 6 0.0728031

11 6 0.0789514

12 6 0.0847881

13 6 0.0902901

14 6 0.0954359

15 6 0.100205

16 6 0.104579

17 6 0.108539

18 6 0.112072

19 6 0.115162

20 6 0.117798

21 6 0.119969

22 6 0.121666

23 6 0.122883

24 6 0.123616

25 6 0.12386

26 6 0.123616

27 6 0.122883

28 6 0.121666

29 6 0.119969

30 6 0.117798

31 6 0.115162

32 6 0.112072

33 6 0.108539

34 6 0.104579

35 6 0.100205

36 6 0.0954359

37 6 0.0902901

38 6 0.0847881

39 6 0.0789514

40 6 0.0728031

41 6 0.0663676

42 6 0.0596701

43 6 0.0527371

44 6 0.0455959

45 6 0.0382749

46 6 0.0308028

47 6 0.0232091

48 6 0.0155238

49 6 0.00777724

50 6 0

0 7 0

1 7 0.00899529

2 7 0.0179551

3 7 0.026844

4 7 0.035627

5 7 0.0442694

6 7 0.0527371

7 7 0.0609966

8 7 0.0690154

9 7 0.0767619

10 7 0.0842054

11 7 0.0913166

12 7 0.0980674

13 7 0.104431

14 7 0.110383

15 7 0.115899

16 7 0.120957

17 7 0.125539

18 7 0.129624

19 7 0.133199

20 7 0.136247

21 7 0.138758

22 7 0.140721

23 7 0.142129

24 7 0.142976

25 7 0.143259

26 7 0.142976

27 7 0.142129

28 7 0.140721

29 7 0.138758

30 7 0.136247

31 7 0.133199

32 7 0.129624

33 7 0.125539

34 7 0.120957

35 7 0.115899

36 7 0.110383

37 7 0.104431

38 7 0.0980674

39 7 0.0913166

40 7 0.0842054

41 7 0.0767619

42 7 0.0690154

43 7 0.0609966

44 7 0.0527371

45 7 0.0442694

46 7 0.035627

47 7 0.026844

48 7 0.0179551

49 7 0.00899529

50 7 0

0 8 0

1 8 0.0101778

2 8 0.0203155

3 8 0.030373

4 8 0.0403107

5 8 0.0500892

6 8 0.0596701

7 8 0.0690154

8 8 0.0780884

9 8 0.0868533

10 8 0.0952753

11 8 0.103321

12 8 0.11096

13 8 0.11816

14 8 0.124894

15 8 0.131135

16 8 0.136859

17 8 0.142042

18 8 0.146665

19 8 0.150709

20 8 0.154159

21 8 0.157

22 8 0.159221

23 8 0.160814

24 8 0.161772

25 8 0.162092

26 8 0.161772

27 8 0.160814

28 8 0.159221

29 8 0.157

30 8 0.154159

31 8 0.150709

32 8 0.146665

33 8 0.142042

34 8 0.136859

35 8 0.131135

36 8 0.124894

37 8 0.11816

38 8 0.11096

39 8 0.103321

40 8 0.0952753

41 8 0.0868533

42 8 0.0780884

43 8 0.0690154

44 8 0.0596701

45 8 0.0500892

46 8 0.0403107

47 8 0.030373

48 8 0.0203155

49 8 0.0101778

50 8 0

0 9 0

1 9 0.0113202

2 9 0.0225958

3 9 0.0337822

4 9 0.0448352

5 9 0.0557113

6 9 0.0663676

7 9 0.0767619

8 9 0.0868533

9 9 0.0966019

10 9 0.105969

11 9 0.114918

12 9 0.123414

13 9 0.131423

14 9 0.138912

15 9 0.145854

16 9 0.15222

17 9 0.157986

18 9 0.163127

19 9 0.167625

20 9 0.171462

21 9 0.174622

22 9 0.177092

23 9 0.178864

24 9 0.17993

25 9 0.180286

26 9 0.17993

27 9 0.178864

28 9 0.177092

29 9 0.174622

30 9 0.171462

31 9 0.167625

32 9 0.163127

33 9 0.157986

34 9 0.15222

35 9 0.145854

36 9 0.138912

37 9 0.131423

38 9 0.123414

39 9 0.114918

40 9 0.105969

41 9 0.0966019

42 9 0.0868533

43 9 0.0767619

44 9 0.0663676

45 9 0.0557113

46 9 0.0448352

47 9 0.0337822

48 9 0.0225958

49 9 0.0113202

50 9 0

0 10 0

1 10 0.0124179

2 10 0.0247869

3 10 0.037058

4 10 0.0491828

5 10 0.0611136

6 10 0.0728031

7 10 0.0842054

8 10 0.0952753

9 10 0.105969

10 10 0.116245

11 10 0.126062

12 10 0.135381

13 10 0.144166

14 10 0.152383

15 10 0.159997

16 10 0.166981

17 10 0.173305

18 10 0.178946

19 10 0.18388

20 10 0.188088

21 10 0.191554

22 10 0.194265

23 10 0.196208

24 10 0.197377

25 10 0.197768

26 10 0.197377

27 10 0.196208

28 10 0.194265

29 10 0.191554

30 10 0.188088

31 10 0.18388

32 10 0.178946

33 10 0.173305

34 10 0.166981

35 10 0.159997

36 10 0.152383

37 10 0.144166

38 10 0.135381

39 10 0.126062

40 10 0.116245

41 10 0.105969

42 10 0.0952753

43 10 0.0842054

44 10 0.0728031

45 10 0.0611136

46 10 0.0491828

47 10 0.037058

48 10 0.0247869

49 10 0.0124179

50 10 0

0 11 0

1 11 0.0134666

2 11 0.0268801

3 11 0.0401875

4 11 0.0533363

5 11 0.0662747

6 11 0.0789514

7 11 0.0913166

8 11 0.103321

9 11 0.114918

10 11 0.126062

11 11 0.136708

12 11 0.146814

13 11 0.156341

14 11 0.165251

15 11 0.173509

16 11 0.181082

17 11 0.187941

18 11 0.194058

19 11 0.199408

20 11 0.203972

21 11 0.207731

22 11 0.21067

23 11 0.212778

24 11 0.214046

25 11 0.214469

26 11 0.214046

27 11 0.212778

28 11 0.21067

29 11 0.207731

30 11 0.203972

31 11 0.199408

32 11 0.194058

33 11 0.187941

34 11 0.181082

35 11 0.173509

36 11 0.165251

37 11 0.156341

38 11 0.146814

39 11 0.136708

40 11 0.126062

41 11 0.114918

42 11 0.103321

43 11 0.0913166

44 11 0.0789514

45 11 0.0662747

46 11 0.0533363

47 11 0.0401875

48 11 0.0268801

49 11 0.0134666

50 11 0

0 12 0

1 12 0.0144622

2 12 0.0288673

3 12 0.0431585

4 12 0.0572794

5 12 0.0711742

6 12 0.0847881

7 12 0.0980674

8 12 0.11096

9 12 0.123414

10 12 0.135381

11 12 0.146814

12 12 0.157668

13 12 0.167899

14 12 0.177468

15 12 0.186336

16 12 0.194469

17 12 0.201835

18 12 0.208404

19 12 0.21415

20 12 0.219052

21 12 0.223088

22 12 0.226245

23 12 0.228508

24 12 0.22987

25 12 0.230324

26 12 0.22987

27 12 0.228508

28 12 0.226245

29 12 0.223088

30 12 0.219052

31 12 0.21415

32 12 0.208404

33 12 0.201835

34 12 0.194469

35 12 0.186336

36 12 0.177468

37 12 0.167899

38 12 0.157668

39 12 0.146814

40 12 0.135381

41 12 0.123414

42 12 0.11096

43 12 0.0980674

44 12 0.0847881

45 12 0.0711742

46 12 0.0572794

47 12 0.0431585

48 12 0.0288673

49 12 0.0144622

50 12 0

0 13 0

1 13 0.0154007

2 13 0.0307406

3 13 0.0459591

4 13 0.0609963

5 13 0.0757928

6 13 0.0902901

7 13 0.104431

8 13 0.11816

9 13 0.131423

10 13 0.144166

11 13 0.156341

12 13 0.167899

13 13 0.178795

14 13 0.188984

15 13 0.198428

16 13 0.207089

17 13 0.214932

18 13 0.221927

19 13 0.228047

20 13 0.233266

21 13 0.237565

22 13 0.240926

23 13 0.243337

24 13 0.244787

25 13 0.245271

26 13 0.244787

27 13 0.243337

28 13 0.240926

29 13 0.237565

30 13 0.233266

31 13 0.228047

32 13 0.221927

33 13 0.214932

34 13 0.207089

35 13 0.198428

36 13 0.188984

37 13 0.178795

38 13 0.167899

39 13 0.156341

40 13 0.144166

41 13 0.131423

42 13 0.11816

43 13 0.104431

44 13 0.0902901

45 13 0.0757928

46 13 0.0609963

47 13 0.0459591

48 13 0.0307406

49 13 0.0154007

50 13 0

0 14 0

1 14 0.0162784

2 14 0.0324925

3 14 0.0485784

4 14 0.0644726

5 14 0.0801123

6 14 0.0954359

7 14 0.110383

8 14 0.124894

9 14 0.138912

10 14 0.152383

11 14 0.165251

12 14 0.177468

13 14 0.188984

14 14 0.199755

15 14 0.209737

16 14 0.218891

17 14 0.227181

18 14 0.234575

19 14 0.241043

20 14 0.24656

21 14 0.251104

22 14 0.254657

23 14 0.257205

24 14 0.258737

25 14 0.259249

26 14 0.258737

27 14 0.257205

28 14 0.254657

29 14 0.251104

30 14 0.24656

31 14 0.241043

32 14 0.234575

33 14 0.227181

34 14 0.218891

35 14 0.209737

36 14 0.199755

37 14 0.188984

38 14 0.177468

39 14 0.165251

40 14 0.152383

41 14 0.138912

42 14 0.124894

43 14 0.110383

44 14 0.0954359

45 14 0.0801123

46 14 0.0644726

47 14 0.0485784

48 14 0.0324925

49 14 0.0162784

50 14 0

0 15 0

1 15 0.0170918

2 15 0.0341162

3 15 0.0510059

4 15 0.0676944

5 15 0.0841156

6 15 0.100205

7 15 0.115899

8 15 0.131135

9 15 0.145854

10 15 0.159997

11 15 0.173509

12 15 0.186336

13 15 0.198428

14 15 0.209737

15 15 0.220218

16 15 0.229829

17 15 0.238534

18 15 0.246297

19 15 0.253089

20 15 0.258881

21 15 0.263652

22 15 0.267382

23 15 0.270057

24 15 0.271667

25 15 0.272204

26 15 0.271667

27 15 0.270057

28 15 0.267382

29 15 0.263652

30 15 0.258881

31 15 0.253089

32 15 0.246297

33 15 0.238534

34 15 0.229829

35 15 0.220218

36 15 0.209737

37 15 0.198428

38 15 0.186336

39 15 0.173509

40 15 0.159997

41 15 0.145854

42 15 0.131135

43 15 0.115899

44 15 0.100205

45 15 0.0841156

46 15 0.0676944

47 15 0.0510059

48 15 0.0341162

49 15 0.0170918

50 15 0

0 16 0

1 16 0.0178378

2 16 0.0356053

3 16 0.0532322

4 16 0.070649

5 16 0.087787

6 16 0.104579

7 16 0.120957

8 16 0.136859

9 16 0.15222

10 16 0.166981

11 16 0.181082

12 16 0.194469

13 16 0.207089

14 16 0.218891

15 16 0.229829

16 16 0.239861

17 16 0.248945

18 16 0.257048

19 16 0.264135

20 16 0.270181

21 16 0.27516

22 16 0.279053

23 16 0.281845

24 16 0.283524

25 16 0.284085

26 16 0.283524

27 16 0.281845

28 16 0.279053

29 16 0.27516

30 16 0.270181

31 16 0.264135

32 16 0.257048

33 16 0.248945

34 16 0.239861

35 16 0.229829

36 16 0.218891

37 16 0.207089

38 16 0.194469

39 16 0.181082

40 16 0.166981

41 16 0.15222

42 16 0.136859

43 16 0.120957

44 16 0.104579

45 16 0.087787

46 16 0.070649

47 16 0.0532322

48 16 0.0356053

49 16 0.0178378

50 16 0

0 17 0

1 17 0.0185134

2 17 0.0369538

3 17 0.0552483

4 17 0.0733248

5 17 0.0911119

6 17 0.108539

7 17 0.125539

8 17 0.142042

9 17 0.157986

10 17 0.173305

11 17 0.187941

12 17 0.201835

13 17 0.214932

14 17 0.227181

15 17 0.238534

16 17 0.248945

17 17 0.258374

18 17 0.266783

19 17 0.274139

20 17 0.280414

21 17 0.285581

22 17 0.289622

23 17 0.292519

24 17 0.294263

25 17 0.294844

26 17 0.294263

27 17 0.292519

28 17 0.289622

29 17 0.285581

30 17 0.280414

31 17 0.274139

32 17 0.266783

33 17 0.258374

34 17 0.248945

35 17 0.238534

36 17 0.227181

37 17 0.214932

38 17 0.201835

39 17 0.187941

40 17 0.173305

41 17 0.157986

42 17 0.142042

43 17 0.125539

44 17 0.108539

45 17 0.0911119

46 17 0.0733248

47 17 0.0552483

48 17 0.0369538

49 17 0.0185134

50 17 0

0 18 0

1 18 0.019116

2 18 0.0381565

3 18 0.0570464

4 18 0.0757112

5 18 0.0940773

6 18 0.112072

7 18 0.129624

8 18 0.146665

9 18 0.163127

10 18 0.178946

11 18 0.194058

12 18 0.208404

13 18 0.221927

14 18 0.234575

15 18 0.246297

16 18 0.257048

17 18 0.266783

18 18 0.275466

19 18 0.283062

20 18 0.28954

21 18 0.294876

22 18 0.299048

23 18 0.30204

24 18 0.30384

25 18 0.30444

26 18 0.30384

27 18 0.30204

28 18 0.299048

29 18 0.294876

30 18 0.28954

31 18 0.283062

32 18 0.275466

33 18 0.266783

34 18 0.257048

35 18 0.246297

36 18 0.234575

37 18 0.221927

38 18 0.208404

39 18 0.194058

40 18 0.178946

41 18 0.163127

42 18 0.146665

43 18 0.129624

44 18 0.112072

45 18 0.0940773

46 18 0.0757112

47 18 0.0570464

48 18 0.0381565

49 18 0.019116

50 18 0

0 19 0

1 19 0.0196431

2 19 0.0392086

3 19 0.0586194

4 19 0.0777989

5 19 0.0966713

6 19 0.115162

7 19 0.133199

8 19 0.150709

9 19 0.167625

10 19 0.18388

11 19 0.199408

12 19 0.21415

13 19 0.228047

14 19 0.241043

15 19 0.253089

16 19 0.264135

17 19 0.274139

18 19 0.283062

19 19 0.290867

20 19 0.297524

21 19 0.303007

22 19 0.307294

23 19 0.310368

24 19 0.312218

25 19 0.312835

26 19 0.312218

27 19 0.310368

28 19 0.307294

29 19 0.303007

30 19 0.297524

31 19 0.290867

32 19 0.283062

33 19 0.274139

34 19 0.264135

35 19 0.253089

36 19 0.241043

37 19 0.228047

38 19 0.21415

39 19 0.199408

40 19 0.18388

41 19 0.167625

42 19 0.150709

43 19 0.133199

44 19 0.115162

45 19 0.0966713

46 19 0.0777989

47 19 0.0586194

48 19 0.0392086

49 19 0.0196431

50 19 0

0 20 0

1 20 0.0200926

2 20 0.040106

3 20 0.0599611

4 20 0.0795795

5 20 0.0988839

6 20 0.117798

7 20 0.136247

8 20 0.154159

9 20 0.171462

10 20 0.188088

11 20 0.203972

12 20 0.219052

13 20 0.233266

14 20 0.24656

15 20 0.258881

16 20 0.270181

17 20 0.280414

18 20 0.28954

19 20 0.297524

20 20 0.304333

21 20 0.309942

22 20 0.314327

23 20 0.317472

24 20 0.319363

25 20 0.319995

26 20 0.319363

27 20 0.317472

28 20 0.314327

29 20 0.309942

30 20 0.304333

31 20 0.297524

32 20 0.28954

33 20 0.280414

34 20 0.270181

35 20 0.258881

36 20 0.24656

37 20 0.233266

38 20 0.219052

39 20 0.203972

40 20 0.188088

41 20 0.171462

42 20 0.154159

43 20 0.136247

44 20 0.117798

45 20 0.0988839

46 20 0.0795795

47 20 0.0599611

48 20 0.040106

49 20 0.0200926

50 20 0

0 21 0

1 21 0.0204629

2 21 0.0408451

3 21 0.0610661

4 21 0.081046

5 21 0.100706

6 21 0.119969

7 21 0.138758

8 21 0.157

9 21 0.174622

10 21 0.191554

11 21 0.207731

12 21 0.223088

13 21 0.237565

14 21 0.251104

15 21 0.263652

16 21 0.27516

17 21 0.285581

18 21 0.294876

19 21 0.303007

20 21 0.309942

21 21 0.315653

22 21 0.320119

23 21 0.323322

24 21 0.325249

25 21 0.325892

26 21 0.325249

27 21 0.323322

28 21 0.320119

29 21 0.315653

30 21 0.309942

31 21 0.303007

32 21 0.294876

33 21 0.285581

34 21 0.27516

35 21 0.263652

36 21 0.251104

37 21 0.237565

38 21 0.223088

39 21 0.207731

40 21 0.191554

41 21 0.174622

42 21 0.157

43 21 0.138758

44 21 0.119969

45 21 0.100706

46 21 0.081046

47 21 0.0610661

48 21 0.0408451

49 21 0.0204629

50 21 0

0 22 0

1 22 0.0207524

2 22 0.041423

3 22 0.0619301

4 22 0.0821927

5 22 0.102131

6 22 0.121666

7 22 0.140721

8 22 0.159221

9 22 0.177092

10 22 0.194265

11 22 0.21067

12 22 0.226245

13 22 0.240926

14 22 0.254657

15 22 0.267382

16 22 0.279053

17 22 0.289622

18 22 0.299048

19 22 0.307294

20 22 0.314327

21 22 0.320119

22 22 0.324649

23 22 0.327897

24 22 0.329851

25 22 0.330503

26 22 0.329851

27 22 0.327897

28 22 0.324649

29 22 0.320119

30 22 0.314327

31 22 0.307294

32 22 0.299048

33 22 0.289622

34 22 0.279053

35 22 0.267382

36 22 0.254657

37 22 0.240926

38 22 0.226245

39 22 0.21067

40 22 0.194265

41 22 0.177092

42 22 0.159221

43 22 0.140721

44 22 0.121666

45 22 0.102131

46 22 0.0821927

47 22 0.0619301

48 22 0.041423

49 22 0.0207524

50 22 0

0 23 0

1 23 0.0209601

2 23 0.0418374

3 23 0.0625496

4 23 0.083015

5 23 0.103153

6 23 0.122883

7 23 0.142129

8 23 0.160814

9 23 0.178864

10 23 0.196208

11 23 0.212778

12 23 0.228508

13 23 0.243337

14 23 0.257205

15 23 0.270057

16 23 0.281845

17 23 0.292519

18 23 0.30204

19 23 0.310368

20 23 0.317472

21 23 0.323322

22 23 0.327897

23 23 0.331177

24 23 0.333151

25 23 0.333809

26 23 0.333151

27 23 0.331177

28 23 0.327897

29 23 0.323322

30 23 0.317472

31 23 0.310368

32 23 0.30204

33 23 0.292519

34 23 0.281845

35 23 0.270057

36 23 0.257205

37 23 0.243337

38 23 0.228508

39 23 0.212778

40 23 0.196208

41 23 0.178864

42 23 0.160814

43 23 0.142129

44 23 0.122883

45 23 0.103153

46 23 0.083015

47 23 0.0625496

48 23 0.0418374

49 23 0.0209601

50 23 0

0 24 0

1 24 0.021085

2 24 0.0420867

3 24 0.0629224

4 24 0.0835097

5 24 0.103767

6 24 0.123616

7 24 0.142976

8 24 0.161772

9 24 0.17993

10 24 0.197377

11 24 0.214046

12 24 0.22987

13 24 0.244787

14 24 0.258737

15 24 0.271667

16 24 0.283524

17 24 0.294263

18 24 0.30384

19 24 0.312218

20 24 0.319363

21 24 0.325249

22 24 0.329851

23 24 0.333151

24 24 0.335136

25 24 0.335799

26 24 0.335136

27 24 0.333151

28 24 0.329851

29 24 0.325249

30 24 0.319363

31 24 0.312218

32 24 0.30384

33 24 0.294263

34 24 0.283524

35 24 0.271667

36 24 0.258737

37 24 0.244787

38 24 0.22987

39 24 0.214046

40 24 0.197377

41 24 0.17993

42 24 0.161772

43 24 0.142976

44 24 0.123616

45 24 0.103767

46 24 0.0835097

47 24 0.0629224

48 24 0.0420867

49 24 0.021085

50 24 0

0 25 0

1 25 0.0211267

2 25 0.0421699

3 25 0.0630468

4 25 0.0836748

5 25 0.103973

6 25 0.12386

7 25 0.143259

8 25 0.162092

9 25 0.180286

10 25 0.197768

11 25 0.214469

12 25 0.230324

13 25 0.245271

14 25 0.259249

15 25 0.272204

16 25 0.284085

17 25 0.294844

18 25 0.30444

19 25 0.312835

20 25 0.319995

21 25 0.325892

22 25 0.330503

23 25 0.333809

24 25 0.335799

25 25 0.336463

26 25 0.335799

27 25 0.333809

28 25 0.330503

29 25 0.325892

30 25 0.319995

31 25 0.312835

32 25 0.30444

33 25 0.294844

34 25 0.284085

35 25 0.272204

36 25 0.259249

37 25 0.245271

38 25 0.230324

39 25 0.214469

40 25 0.197768

41 25 0.180286

42 25 0.162092

43 25 0.143259

44 25 0.12386

45 25 0.103973

46 25 0.0836748

47 25 0.0630468

48 25 0.0421699

49 25 0.0211267

50 25 0

0 26 0

1 26 0.021085

2 26 0.0420867

3 26 0.0629224

4 26 0.0835097

5 26 0.103767

6 26 0.123616

7 26 0.142976

8 26 0.161772

9 26 0.17993

10 26 0.197377

11 26 0.214046

12 26 0.22987

13 26 0.244787

14 26 0.258737

15 26 0.271667

16 26 0.283524

17 26 0.294263

18 26 0.30384

19 26 0.312218

20 26 0.319363

21 26 0.325249

22 26 0.329851

23 26 0.333151

24 26 0.335136

25 26 0.335799

26 26 0.335136

27 26 0.333151

28 26 0.329851

29 26 0.325249

30 26 0.319363

31 26 0.312218

32 26 0.30384

33 26 0.294263

34 26 0.283524

35 26 0.271667

36 26 0.258737

37 26 0.244787

38 26 0.22987

39 26 0.214046

40 26 0.197377

41 26 0.17993

42 26 0.161772

43 26 0.142976

44 26 0.123616

45 26 0.103767

46 26 0.0835097

47 26 0.0629224

48 26 0.0420867

49 26 0.021085

50 26 0

0 27 0

1 27 0.0209601

2 27 0.0418374

3 27 0.0625496

4 27 0.083015

5 27 0.103153

6 27 0.122883

7 27 0.142129

8 27 0.160814

9 27 0.178864

10 27 0.196208

11 27 0.212778

12 27 0.228508

13 27 0.243337

14 27 0.257205

15 27 0.270057

16 27 0.281845

17 27 0.292519

18 27 0.30204

19 27 0.310368

20 27 0.317472

21 27 0.323322

22 27 0.327897

23 27 0.331177

24 27 0.333151

25 27 0.333809

26 27 0.333151

27 27 0.331177

28 27 0.327897

29 27 0.323322

30 27 0.317472

31 27 0.310368

32 27 0.30204

33 27 0.292519

34 27 0.281845

35 27 0.270057

36 27 0.257205

37 27 0.243337

38 27 0.228508

39 27 0.212778

40 27 0.196208

41 27 0.178864

42 27 0.160814

43 27 0.142129

44 27 0.122883

45 27 0.103153

46 27 0.083015

47 27 0.0625496

48 27 0.0418374

49 27 0.0209601

50 27 0

0 28 0

1 28 0.0207524

2 28 0.041423

3 28 0.0619301

4 28 0.0821927

5 28 0.102131

6 28 0.121666

7 28 0.140721

8 28 0.159221

9 28 0.177092

10 28 0.194265

11 28 0.21067

12 28 0.226245

13 28 0.240926

14 28 0.254657

15 28 0.267382

16 28 0.279053

17 28 0.289622

18 28 0.299048

19 28 0.307294

20 28 0.314327

21 28 0.320119

22 28 0.324649

23 28 0.327897

24 28 0.329851

25 28 0.330503

26 28 0.329851

27 28 0.327897

28 28 0.324649

29 28 0.320119

30 28 0.314327

31 28 0.307294

32 28 0.299048

33 28 0.289622

34 28 0.279053

35 28 0.267382

36 28 0.254657

37 28 0.240926

38 28 0.226245

39 28 0.21067

40 28 0.194265

41 28 0.177092

42 28 0.159221

43 28 0.140721

44 28 0.121666

45 28 0.102131

46 28 0.0821927

47 28 0.0619301

48 28 0.041423

49 28 0.0207524

50 28 0

0 29 0

1 29 0.0204629

2 29 0.0408451

3 29 0.0610661

4 29 0.081046

5 29 0.100706

6 29 0.119969

7 29 0.138758

8 29 0.157

9 29 0.174622

10 29 0.191554

11 29 0.207731

12 29 0.223088

13 29 0.237565

14 29 0.251104

15 29 0.263652

16 29 0.27516

17 29 0.285581

18 29 0.294876

19 29 0.303007

20 29 0.309942

21 29 0.315653

22 29 0.320119

23 29 0.323322

24 29 0.325249

25 29 0.325892

26 29 0.325249

27 29 0.323322

28 29 0.320119

29 29 0.315653

30 29 0.309942

31 29 0.303007

32 29 0.294876

33 29 0.285581

34 29 0.27516

35 29 0.263652

36 29 0.251104

37 29 0.237565

38 29 0.223088

39 29 0.207731

40 29 0.191554

41 29 0.174622

42 29 0.157

43 29 0.138758

44 29 0.119969

45 29 0.100706

46 29 0.081046

47 29 0.0610661

48 29 0.0408451

49 29 0.0204629

50 29 0

0 30 0

1 30 0.0200926

2 30 0.040106

3 30 0.0599611

4 30 0.0795795

5 30 0.0988839

6 30 0.117798

7 30 0.136247

8 30 0.154159

9 30 0.171462

10 30 0.188088

11 30 0.203972

12 30 0.219052

13 30 0.233266

14 30 0.24656

15 30 0.258881

16 30 0.270181

17 30 0.280414

18 30 0.28954

19 30 0.297524

20 30 0.304333

21 30 0.309942

22 30 0.314327

23 30 0.317472

24 30 0.319363

25 30 0.319995

26 30 0.319363

27 30 0.317472

28 30 0.314327

29 30 0.309942

30 30 0.304333

31 30 0.297524

32 30 0.28954

33 30 0.280414

34 30 0.270181

35 30 0.258881

36 30 0.24656

37 30 0.233266

38 30 0.219052

39 30 0.203972

40 30 0.188088

41 30 0.171462

42 30 0.154159

43 30 0.136247

44 30 0.117798

45 30 0.0988839

46 30 0.0795795

47 30 0.0599611

48 30 0.040106

49 30 0.0200926

50 30 0

0 31 0

1 31 0.0196431

2 31 0.0392086

3 31 0.0586194

4 31 0.0777989

5 31 0.0966713

6 31 0.115162

7 31 0.133199

8 31 0.150709

9 31 0.167625

10 31 0.18388

11 31 0.199408

12 31 0.21415

13 31 0.228047

14 31 0.241043

15 31 0.253089

16 31 0.264135

17 31 0.274139

18 31 0.283062

19 31 0.290867

20 31 0.297524

21 31 0.303007

22 31 0.307294

23 31 0.310368

24 31 0.312218

25 31 0.312835

26 31 0.312218

27 31 0.310368

28 31 0.307294

29 31 0.303007

30 31 0.297524

31 31 0.290867

32 31 0.283062

33 31 0.274139

34 31 0.264135

35 31 0.253089

36 31 0.241043

37 31 0.228047

38 31 0.21415

39 31 0.199408

40 31 0.18388

41 31 0.167625

42 31 0.150709

43 31 0.133199

44 31 0.115162

45 31 0.0966713

46 31 0.0777989

47 31 0.0586194

48 31 0.0392086

49 31 0.0196431

50 31 0

0 32 0

1 32 0.019116

2 32 0.0381565

3 32 0.0570464

4 32 0.0757112

5 32 0.0940773

6 32 0.112072

7 32 0.129624

8 32 0.146665

9 32 0.163127

10 32 0.178946

11 32 0.194058

12 32 0.208404

13 32 0.221927

14 32 0.234575

15 32 0.246297

16 32 0.257048

17 32 0.266783

18 32 0.275466

19 32 0.283062

20 32 0.28954

21 32 0.294876

22 32 0.299048

23 32 0.30204

24 32 0.30384

25 32 0.30444

26 32 0.30384

27 32 0.30204

28 32 0.299048

29 32 0.294876

30 32 0.28954

31 32 0.283062

32 32 0.275466

33 32 0.266783

34 32 0.257048

35 32 0.246297

36 32 0.234575

37 32 0.221927

38 32 0.208404

39 32 0.194058

40 32 0.178946

41 32 0.163127

42 32 0.146665

43 32 0.129624

44 32 0.112072

45 32 0.0940773

46 32 0.0757112

47 32 0.0570464

48 32 0.0381565

49 32 0.019116

50 32 0

0 33 0

1 33 0.0185134

2 33 0.0369538

3 33 0.0552483

4 33 0.0733248

5 33 0.0911119

6 33 0.108539

7 33 0.125539

8 33 0.142042

9 33 0.157986

10 33 0.173305

11 33 0.187941

12 33 0.201835

13 33 0.214932

14 33 0.227181

15 33 0.238534

16 33 0.248945

17 33 0.258374

18 33 0.266783

19 33 0.274139

20 33 0.280414

21 33 0.285581

22 33 0.289622

23 33 0.292519

24 33 0.294263

25 33 0.294844

26 33 0.294263

27 33 0.292519

28 33 0.289622

29 33 0.285581

30 33 0.280414

31 33 0.274139

32 33 0.266783

33 33 0.258374

34 33 0.248945

35 33 0.238534

36 33 0.227181

37 33 0.214932

38 33 0.201835

39 33 0.187941

40 33 0.173305

41 33 0.157986

42 33 0.142042

43 33 0.125539

44 33 0.108539

45 33 0.0911119

46 33 0.0733248

47 33 0.0552483

48 33 0.0369538

49 33 0.0185134

50 33 0

0 34 0

1 34 0.0178378

2 34 0.0356053

3 34 0.0532322

4 34 0.070649

5 34 0.087787

6 34 0.104579

7 34 0.120957

8 34 0.136859

9 34 0.15222

10 34 0.166981

11 34 0.181082

12 34 0.194469

13 34 0.207089

14 34 0.218891

15 34 0.229829

16 34 0.239861

17 34 0.248945

18 34 0.257048

19 34 0.264135

20 34 0.270181

21 34 0.27516

22 34 0.279053

23 34 0.281845

24 34 0.283524

25 34 0.284085

26 34 0.283524

27 34 0.281845

28 34 0.279053

29 34 0.27516

30 34 0.270181

31 34 0.264135

32 34 0.257048

33 34 0.248945

34 34 0.239861

35 34 0.229829

36 34 0.218891

37 34 0.207089

38 34 0.194469

39 34 0.181082

40 34 0.166981

41 34 0.15222

42 34 0.136859

43 34 0.120957

44 34 0.104579

45 34 0.087787

46 34 0.070649

47 34 0.0532322

48 34 0.0356053

49 34 0.0178378

50 34 0

0 35 0

1 35 0.0170918

2 35 0.0341162

3 35 0.0510059

4 35 0.0676944

5 35 0.0841156

6 35 0.100205

7 35 0.115899

8 35 0.131135

9 35 0.145854

10 35 0.159997

11 35 0.173509

12 35 0.186336

13 35 0.198428

14 35 0.209737

15 35 0.220218

16 35 0.229829

17 35 0.238534

18 35 0.246297

19 35 0.253089

20 35 0.258881

21 35 0.263652

22 35 0.267382

23 35 0.270057

24 35 0.271667

25 35 0.272204

26 35 0.271667

27 35 0.270057

28 35 0.267382

29 35 0.263652

30 35 0.258881

31 35 0.253089

32 35 0.246297

33 35 0.238534

34 35 0.229829

35 35 0.220218

36 35 0.209737

37 35 0.198428

38 35 0.186336

39 35 0.173509

40 35 0.159997

41 35 0.145854

42 35 0.131135

43 35 0.115899

44 35 0.100205

45 35 0.0841156

46 35 0.0676944

47 35 0.0510059

48 35 0.0341162

49 35 0.0170918

50 35 0

0 36 0

1 36 0.0162784

2 36 0.0324925

3 36 0.0485784

4 36 0.0644726

5 36 0.0801123

6 36 0.0954359

7 36 0.110383

8 36 0.124894

9 36 0.138912

10 36 0.152383

11 36 0.165251

12 36 0.177468

13 36 0.188984

14 36 0.199755

15 36 0.209737

16 36 0.218891

17 36 0.227181

18 36 0.234575

19 36 0.241043

20 36 0.24656

21 36 0.251104

22 36 0.254657

23 36 0.257205

24 36 0.258737

25 36 0.259249

26 36 0.258737

27 36 0.257205

28 36 0.254657

29 36 0.251104

30 36 0.24656

31 36 0.241043

32 36 0.234575

33 36 0.227181

34 36 0.218891

35 36 0.209737

36 36 0.199755

37 36 0.188984

38 36 0.177468

39 36 0.165251

40 36 0.152383

41 36 0.138912

42 36 0.124894

43 36 0.110383

44 36 0.0954359

45 36 0.0801123

46 36 0.0644726

47 36 0.0485784

48 36 0.0324925

49 36 0.0162784

50 36 0

0 37 0

1 37 0.0154007

2 37 0.0307406

3 37 0.0459591

4 37 0.0609963

5 37 0.0757928

6 37 0.0902901

7 37 0.104431

8 37 0.11816

9 37 0.131423

10 37 0.144166

11 37 0.156341

12 37 0.167899

13 37 0.178795

14 37 0.188984

15 37 0.198428

16 37 0.207089

17 37 0.214932

18 37 0.221927

19 37 0.228047

20 37 0.233266

21 37 0.237565

22 37 0.240926

23 37 0.243337

24 37 0.244787

25 37 0.245271

26 37 0.244787

27 37 0.243337

28 37 0.240926

29 37 0.237565

30 37 0.233266

31 37 0.228047

32 37 0.221927

33 37 0.214932

34 37 0.207089

35 37 0.198428

36 37 0.188984

37 37 0.178795

38 37 0.167899

39 37 0.156341

40 37 0.144166

41 37 0.131423

42 37 0.11816

43 37 0.104431

44 37 0.0902901

45 37 0.0757928

46 37 0.0609963

47 37 0.0459591

48 37 0.0307406

49 37 0.0154007

50 37 0

0 38 0

1 38 0.0144622

2 38 0.0288673

3 38 0.0431585

4 38 0.0572794

5 38 0.0711742

6 38 0.0847881

7 38 0.0980674

8 38 0.11096

9 38 0.123414

10 38 0.135381

11 38 0.146814

12 38 0.157668

13 38 0.167899

14 38 0.177468

15 38 0.186336

16 38 0.194469

17 38 0.201835

18 38 0.208404

19 38 0.21415

20 38 0.219052

21 38 0.223088

22 38 0.226245

23 38 0.228508

24 38 0.22987

25 38 0.230324

26 38 0.22987

27 38 0.228508

28 38 0.226245

29 38 0.223088

30 38 0.219052

31 38 0.21415

32 38 0.208404

33 38 0.201835

34 38 0.194469

35 38 0.186336

36 38 0.177468

37 38 0.167899

38 38 0.157668

39 38 0.146814

40 38 0.135381

41 38 0.123414

42 38 0.11096

43 38 0.0980674

44 38 0.0847881

45 38 0.0711742

46 38 0.0572794

47 38 0.0431585

48 38 0.0288673

49 38 0.0144622

50 38 0

0 39 0

1 39 0.0134666

2 39 0.0268801

3 39 0.0401875

4 39 0.0533363

5 39 0.0662747

6 39 0.0789514

7 39 0.0913166

8 39 0.103321

9 39 0.114918

10 39 0.126062

11 39 0.136708

12 39 0.146814

13 39 0.156341

14 39 0.165251

15 39 0.173509

16 39 0.181082

17 39 0.187941

18 39 0.194058

19 39 0.199408

20 39 0.203972

21 39 0.207731

22 39 0.21067

23 39 0.212778

24 39 0.214046

25 39 0.214469

26 39 0.214046

27 39 0.212778

28 39 0.21067

29 39 0.207731

30 39 0.203972

31 39 0.199408

32 39 0.194058

33 39 0.187941

34 39 0.181082

35 39 0.173509

36 39 0.165251

37 39 0.156341

38 39 0.146814

39 39 0.136708

40 39 0.126062

41 39 0.114918

42 39 0.103321

43 39 0.0913166

44 39 0.0789514

45 39 0.0662747

46 39 0.0533363

47 39 0.0401875

48 39 0.0268801

49 39 0.0134666

50 39 0

0 40 0

1 40 0.0124179

2 40 0.0247869

3 40 0.037058

4 40 0.0491828

5 40 0.0611136

6 40 0.0728031

7 40 0.0842054

8 40 0.0952753

9 40 0.105969

10 40 0.116245

11 40 0.126062

12 40 0.135381

13 40 0.144166

14 40 0.152383

15 40 0.159997

16 40 0.166981

17 40 0.173305

18 40 0.178946

19 40 0.18388

20 40 0.188088

21 40 0.191554

22 40 0.194265

23 40 0.196208

24 40 0.197377

25 40 0.197768

26 40 0.197377

27 40 0.196208

28 40 0.194265

29 40 0.191554

30 40 0.188088

31 40 0.18388

32 40 0.178946

33 40 0.173305

34 40 0.166981

35 40 0.159997

36 40 0.152383

37 40 0.144166

38 40 0.135381

39 40 0.126062

40 40 0.116245

41 40 0.105969

42 40 0.0952753

43 40 0.0842054

44 40 0.0728031

45 40 0.0611136

46 40 0.0491828

47 40 0.037058

48 40 0.0247869

49 40 0.0124179

50 40 0

0 41 0

1 41 0.0113202

2 41 0.0225958

3 41 0.0337822

4 41 0.0448352

5 41 0.0557113

6 41 0.0663676

7 41 0.0767619

8 41 0.0868533

9 41 0.0966019

10 41 0.105969

11 41 0.114918

12 41 0.123414

13 41 0.131423

14 41 0.138912

15 41 0.145854

16 41 0.15222

17 41 0.157986

18 41 0.163127

19 41 0.167625

20 41 0.171462

21 41 0.174622

22 41 0.177092

23 41 0.178864

24 41 0.17993

25 41 0.180286

26 41 0.17993

27 41 0.178864

28 41 0.177092

29 41 0.174622

30 41 0.171462

31 41 0.167625

32 41 0.163127

33 41 0.157986

34 41 0.15222

35 41 0.145854

36 41 0.138912

37 41 0.131423

38 41 0.123414

39 41 0.114918

40 41 0.105969

41 41 0.0966019

42 41 0.0868533

43 41 0.0767619

44 41 0.0663676

45 41 0.0557113

46 41 0.0448352

47 41 0.0337822

48 41 0.0225958

49 41 0.0113202

50 41 0

0 42 0

1 42 0.0101778

2 42 0.0203155

3 42 0.030373

4 42 0.0403107

5 42 0.0500892

6 42 0.0596701

7 42 0.0690154

8 42 0.0780884

9 42 0.0868533

10 42 0.0952753

11 42 0.103321

12 42 0.11096

13 42 0.11816

14 42 0.124894

15 42 0.131135

16 42 0.136859

17 42 0.142042

18 42 0.146665

19 42 0.150709

20 42 0.154159

21 42 0.157

22 42 0.159221

23 42 0.160814

24 42 0.161772

25 42 0.162092

26 42 0.161772

27 42 0.160814

28 42 0.159221

29 42 0.157

30 42 0.154159

31 42 0.150709

32 42 0.146665

33 42 0.142042

34 42 0.136859

35 42 0.131135

36 42 0.124894

37 42 0.11816

38 42 0.11096

39 42 0.103321

40 42 0.0952753

41 42 0.0868533

42 42 0.0780884

43 42 0.0690154

44 42 0.0596701

45 42 0.0500892

46 42 0.0403107

47 42 0.030373

48 42 0.0203155

49 42 0.0101778

50 42 0

0 43 0

1 43 0.00899529

2 43 0.0179551

3 43 0.026844

4 43 0.035627

5 43 0.0442694

6 43 0.0527371

7 43 0.0609966

8 43 0.0690154

9 43 0.0767619

10 43 0.0842054

11 43 0.0913166

12 43 0.0980674

13 43 0.104431

14 43 0.110383

15 43 0.115899

16 43 0.120957

17 43 0.125539

18 43 0.129624

19 43 0.133199

20 43 0.136247

21 43 0.138758

22 43 0.140721

23 43 0.142129

24 43 0.142976

25 43 0.143259

26 43 0.142976

27 43 0.142129

28 43 0.140721

29 43 0.138758

30 43 0.136247

31 43 0.133199

32 43 0.129624

33 43 0.125539

34 43 0.120957

35 43 0.115899

36 43 0.110383

37 43 0.104431

38 43 0.0980674

39 43 0.0913166

40 43 0.0842054

41 43 0.0767619

42 43 0.0690154

43 43 0.0609966

44 43 0.0527371

45 43 0.0442694

46 43 0.035627

47 43 0.026844

48 43 0.0179551

49 43 0.00899529

50 43 0

0 44 0

1 44 0.00777724

2 44 0.0155238

3 44 0.0232091

4 44 0.0308028

5 44 0.0382749

6 44 0.0455959

7 44 0.0527371

8 44 0.0596701

9 44 0.0663676

10 44 0.0728031

11 44 0.0789514

12 44 0.0847881

13 44 0.0902901

14 44 0.0954359

15 44 0.100205

16 44 0.104579

17 44 0.108539

18 44 0.112072

19 44 0.115162

20 44 0.117798

21 44 0.119969

22 44 0.121666

23 44 0.122883

24 44 0.123616

25 44 0.12386

26 44 0.123616

27 44 0.122883

28 44 0.121666

29 44 0.119969

30 44 0.117798

31 44 0.115162

32 44 0.112072

33 44 0.108539

34 44 0.104579

35 44 0.100205

36 44 0.0954359

37 44 0.0902901

38 44 0.0847881

39 44 0.0789514

40 44 0.0728031

41 44 0.0663676

42 44 0.0596701

43 44 0.0527371

44 44 0.0455959

45 44 0.0382749

46 44 0.0308028

47 44 0.0232091

48 44 0.0155238

49 44 0.00777724

50 44 0

0 45 0

1 45 0.0065285

2 45 0.0130312

3 45 0.0194825

4 45 0.0258569

5 45 0.0321293

6 45 0.0382749

7 45 0.0442694

8 45 0.0500892

9 45 0.0557113

10 45 0.0611136

11 45 0.0662747

12 45 0.0711742

13 45 0.0757928

14 45 0.0801123

15 45 0.0841156

16 45 0.087787

17 45 0.0911119

18 45 0.0940773

19 45 0.0966713

20 45 0.0988839

21 45 0.100706

22 45 0.102131

23 45 0.103153

24 45 0.103767

25 45 0.103973

26 45 0.103767

27 45 0.103153

28 45 0.102131

29 45 0.100706

30 45 0.0988839

31 45 0.0966713

32 45 0.0940773

33 45 0.0911119

34 45 0.087787

35 45 0.0841156

36 45 0.0801123

37 45 0.0757928

38 45 0.0711742

39 45 0.0662747

40 45 0.0611136

41 45 0.0557113

42 45 0.0500892

43 45 0.0442694

44 45 0.0382749

45 45 0.0321293

46 45 0.0258569

47 45 0.0194825

48 45 0.0130312

49 45 0.0065285

50 45 0

0 46 0

1 46 0.00525399

2 46 0.0104872

3 46 0.0156791

4 46 0.0208091

5 46 0.0258569

6 46 0.0308028

7 46 0.035627

8 46 0.0403107

9 46 0.0448352

10 46 0.0491828

11 46 0.0533363

12 46 0.0572794

13 46 0.0609963

14 46 0.0644726

15 46 0.0676944

16 46 0.070649

17 46 0.0733248

18 46 0.0757112

19 46 0.0777989

20 46 0.0795795

21 46 0.081046

22 46 0.0821927

23 46 0.083015

24 46 0.0835097

25 46 0.0836748

26 46 0.0835097

27 46 0.083015

28 46 0.0821927

29 46 0.081046

30 46 0.0795795

31 46 0.0777989

32 46 0.0757112

33 46 0.0733248

34 46 0.070649

35 46 0.0676944

36 46 0.0644726

37 46 0.0609963

38 46 0.0572794

39 46 0.0533363

40 46 0.0491828

41 46 0.0448352

42 46 0.0403107

43 46 0.035627

44 46 0.0308028

45 46 0.0258569

46 46 0.0208091

47 46 0.0156791

48 46 0.0104872

49 46 0.00525399

50 46 0

0 47 0

1 47 0.00395874

2 47 0.00790186

3 47 0.0118138

4 47 0.0156791

5 47 0.0194825

6 47 0.0232091

7 47 0.026844

8 47 0.030373

9 47 0.0337822

10 47 0.037058

11 47 0.0401875

12 47 0.0431585

13 47 0.0459591

14 47 0.0485784

15 47 0.0510059

16 47 0.0532322

17 47 0.0552483

18 47 0.0570464

19 47 0.0586194

20 47 0.0599611

21 47 0.0610661

22 47 0.0619301

23 47 0.0625496

24 47 0.0629224

25 47 0.0630468

26 47 0.0629224

27 47 0.0625496

28 47 0.0619301

29 47 0.0610661

30 47 0.0599611

31 47 0.0586194

32 47 0.0570464

33 47 0.0552483

34 47 0.0532322

35 47 0.0510059

36 47 0.0485784

37 47 0.0459591

38 47 0.0431585

39 47 0.0401875

40 47 0.037058

41 47 0.0337822

42 47 0.030373

43 47 0.026844

44 47 0.0232091

45 47 0.0194825

46 47 0.0156791

47 47 0.0118138

48 47 0.00790186

49 47 0.00395874

50 47 0

0 48 0

1 48 0.00264787

2 48 0.00528529

3 48 0.00790186

4 48 0.0104872

5 48 0.0130312

6 48 0.0155238

7 48 0.0179551

8 48 0.0203155

9 48 0.0225958

10 48 0.0247869

11 48 0.0268801

12 48 0.0288673

13 48 0.0307406

14 48 0.0324925

15 48 0.0341162

16 48 0.0356053

17 48 0.0369538

18 48 0.0381565

19 48 0.0392086

20 48 0.040106

21 48 0.0408451

22 48 0.041423

23 48 0.0418374

24 48 0.0420867

25 48 0.0421699

26 48 0.0420867

27 48 0.0418374

28 48 0.041423

29 48 0.0408451

30 48 0.040106

31 48 0.0392086

32 48 0.0381565

33 48 0.0369538

34 48 0.0356053

35 48 0.0341162

36 48 0.0324925

37 48 0.0307406

38 48 0.0288673

39 48 0.0268801

40 48 0.0247869

41 48 0.0225958

42 48 0.0203155

43 48 0.0179551

44 48 0.0155238

45 48 0.0130312

46 48 0.0104872

47 48 0.00790186

48 48 0.00528529

49 48 0.00264787

50 48 0

0 49 0

1 49 0.00132655

2 49 0.00264787

3 49 0.00395874

4 49 0.00525399

5 49 0.0065285

6 49 0.00777724

7 49 0.00899529

8 49 0.0101778

9 49 0.0113202

10 49 0.0124179

11 49 0.0134666

12 49 0.0144622

13 49 0.0154007

14 49 0.0162784

15 49 0.0170918

16 49 0.0178378

17 49 0.0185134

18 49 0.019116

19 49 0.0196431

20 49 0.0200926

21 49 0.0204629

22 49 0.0207524

23 49 0.0209601

24 49 0.021085

25 49 0.0211267

26 49 0.021085

27 49 0.0209601

28 49 0.0207524

29 49 0.0204629

30 49 0.0200926

31 49 0.0196431

32 49 0.019116

33 49 0.0185134

34 49 0.0178378

35 49 0.0170918

36 49 0.0162784

37 49 0.0154007

38 49 0.0144622

39 49 0.0134666

40 49 0.0124179

41 49 0.0113202

42 49 0.0101778

43 49 0.00899529

44 49 0.00777724

45 49 0.0065285

46 49 0.00525399

47 49 0.00395874

48 49 0.00264787

49 49 0.00132655

50 49 0

