0 1 0

1 1 0.000602456

2 1 0.00120253

3 1 0.00179787

4 1 0.0023861

5 1 0.00296492

6 1 0.00353204

7 1 0.00408522

8 1 0.00462228

9 1 0.0051411

10 1 0.00563962

11 1 0.00611589

12 1 0.00656802

13 1 0.00699423

14 1 0.00739284

15 1 0.00776227

16 1 0.00810107

17 1 0.0084079

18 1 0.00868154

19 1 0.00892092

20 1 0.0091251

21 1 0.00929326

22 1 0.00942475

23 1 0.00951904

24 1 0.00957576

25 1 0.0095947

26 1 0.00957576

27 1 0.00951904

28 1 0.00942475

29 1 0.00929326

30 1 0.0091251

31 1 0.00892092

32 1 0.00868154

33 1 0.0084079

34 1 0.00810107

35 1 0.00776227

36 1 0.00739284

37 1 0.00699423

38 1 0.00656802

39 1 0.00611589

40 1 0.00563962

41 1 0.0051411

42 1 0.00462228

43 1 0.00408522

44 1 0.00353204

45 1 0.00296492

46 1 0.0023861

47 1 0.00179787

48 1 0.00120253

49 1 0.000602456

50 1 0

0 2 0

1 2 0.00120253

2 2 0.00240032

3 2 0.00358864

4 2 0.00476279

5 2 0.00591815

6 2 0.00705015

7 2 0.00815432

8 2 0.00922632

9 2 0.0102619

10 2 0.011257

11 2 0.0122076

12 2 0.0131101

13 2 0.0139609

14 2 0.0147565

15 2 0.0154939

16 2 0.0161702

17 2 0.0167826

18 2 0.0173288

19 2 0.0178066

20 2 0.0182142

21 2 0.0185498

22 2 0.0188123

23 2 0.0190005

24 2 0.0191137

25 2 0.0191515

26 2 0.0191137

27 2 0.0190005

28 2 0.0188123

29 2 0.0185498

30 2 0.0182142

31 2 0.0178066

32 2 0.0173288

33 2 0.0167826

34 2 0.0161702

35 2 0.0154939

36 2 0.0147565

37 2 0.0139609

38 2 0.0131101

39 2 0.0122076

40 2 0.011257

41 2 0.0102619

42 2 0.00922632

43 2 0.00815432

44 2 0.00705015

45 2 0.00591815

46 2 0.00476279

47 2 0.00358864

48 2 0.00240032

49 2 0.00120253

50 2 0

0 3 0

1 3 0.00179787

2 3 0.00358864

3 3 0.00536525

4 3 0.00712068

5 3 0.00884801

6 3 0.0105404

7 3 0.0121912

8 3 0.0137939

9 3 0.0153422

10 3 0.0168299

11 3 0.0182512

12 3 0.0196005

13 3 0.0208724

14 3 0.0220619

15 3 0.0231644

16 3 0.0241755

17 3 0.0250911

18 3 0.0259077

19 3 0.0266221

20 3 0.0272314

21 3 0.0277332

22 3 0.0281256

23 3 0.028407

24 3 0.0285763

25 3 0.0286328

26 3 0.0285763

27 3 0.028407

28 3 0.0281256

29 3 0.0277332

30 3 0.0272314

31 3 0.0266221

32 3 0.0259077

33 3 0.0250911

34 3 0.0241755

35 3 0.0231644

36 3 0.0220619

37 3 0.0208724

38 3 0.0196005

39 3 0.0182512

40 3 0.0168299

41 3 0.0153422

42 3 0.0137939

43 3 0.0121912

44 3 0.0105404

45 3 0.00884801

46 3 0.00712068

47 3 0.00536525

48 3 0.00358864

49 3 0.00179787

50 3 0

0 4 0

1 4 0.0023861

2 4 0.00476279

3 4 0.00712068

4 4 0.00945047

5 4 0.011743

6 4 0.0139891

7 4 0.01618

8 4 0.0183071

9 4 0.020362

10 4 0.0223364

11 4 0.0242228

12 4 0.0260135

13 4 0.0277016

14 4 0.0292803

15 4 0.0307435

16 4 0.0320853

17 4 0.0333006

18 4 0.0343844

19 4 0.0353325

20 4 0.0361411

21 4 0.0368072

22 4 0.0373279

23 4 0.0377014

24 4 0.037926

25 4 0.038001

26 4 0.037926

27 4 0.0377014

28 4 0.0373279

29 4 0.0368072

30 4 0.0361411

31 4 0.0353325

32 4 0.0343844

33 4 0.0333006

34 4 0.0320853

35 4 0.0307435

36 4 0.0292803

37 4 0.0277016

38 4 0.0260135

39 4 0.0242228

40 4 0.0223364

41 4 0.020362

42 4 0.0183071

43 4 0.01618

44 4 0.0139891

45 4 0.011743

46 4 0.00945047

47 4 0.00712068

48 4 0.00476279

49 4 0.0023861

50 4 0

0 5 0

1 5 0.00296492

2 5 0.00591815

3 5 0.00884801

4 5 0.011743

5 5 0.0145916

6 5 0.0173826

7 5 0.020105

8 5 0.0227481

9 5 0.0253014

10 5 0.0277548

11 5 0.0300987

12 5 0.0323238

13 5 0.0344214

14 5 0.0363831

15 5 0.0382012

16 5 0.0398686

17 5 0.0413786

18 5 0.0427253

19 5 0.0439034

20 5 0.0449082

21 5 0.0457358

22 5 0.0463829

23 5 0.046847

24 5 0.0471261

25 5 0.0472193

26 5 0.0471261

27 5 0.046847

28 5 0.0463829

29 5 0.0457358

30 5 0.0449082

31 5 0.0439034

32 5 0.0427253

33 5 0.0413786

34 5 0.0398686

35 5 0.0382012

36 5 0.0363831

37 5 0.0344214

38 5 0.0323238

39 5 0.0300987

40 5 0.0277548

41 5 0.0253014

42 5 0.0227481

43 5 0.020105

44 5 0.0173826

45 5 0.0145916

46 5 0.011743

47 5 0.00884801

48 5 0.00591815

49 5 0.00296492

50 5 0

0 6 0

1 6 0.00353204

2 6 0.00705015

3 6 0.0105404

4 6 0.0139891

5 6 0.0173826

6 6 0.0207075

7 6 0.0239506

8 6 0.0270992

9 6 0.0301409

10 6 0.0330636

11 6 0.0358559

12 6 0.0385066

13 6 0.0410054

14 6 0.0433423

15 6 0.0455082

16 6 0.0474945

17 6 0.0492933

18 6 0.0508976

19 6 0.0523011

20 6 0.0534981

21 6 0.054484

22 6 0.0552549

23 6 0.0558077

24 6 0.0561402

25 6 0.0562512

26 6 0.0561402

27 6 0.0558077

28 6 0.0552549

29 6 0.054484

30 6 0.0534981

31 6 0.0523011

32 6 0.0508976

33 6 0.0492933

34 6 0.0474945

35 6 0.0455082

36 6 0.0433423

37 6 0.0410054

38 6 0.0385066

39 6 0.0358559

40 6 0.0330636

41 6 0.0301409

42 6 0.0270992

43 6 0.0239506

44 6 0.0207075

45 6 0.0173826

46 6 0.0139891

47 6 0.0105404

48 6 0.00705015

49 6 0.00353204

50 6 0

0 7 0

1 7 0.00408522

2 7 0.00815432

3 7 0.0121912

4 7 0.01618

5 7 0.020105

6 7 0.0239506

7 7 0.0277017

8 7 0.0313434

9 7 0.0348615

10 7 0.038242

11 7 0.0414715

12 7 0.0445374

13 7 0.0474275

14 7 0.0501305

15 7 0.0526356

16 7 0.0549329

17 7 0.0570135

18 7 0.0588691

19 7 0.0604923

20 7 0.0618768

21 7 0.0630171

22 7 0.0639087

23 7 0.0645481

24 7 0.0649328

25 7 0.0650611

26 7 0.0649328

27 7 0.0645481

28 7 0.0639087

29 7 0.0630171

30 7 0.0618768

31 7 0.0604923

32 7 0.0588691

33 7 0.0570135

34 7 0.0549329

35 7 0.0526356

36 7 0.0501305

37 7 0.0474275

38 7 0.0445374

39 7 0.0414715

40 7 0.038242

41 7 0.0348615

42 7 0.0313434

43 7 0.0277017

44 7 0.0239506

45 7 0.020105

46 7 0.01618

47 7 0.0121912

48 7 0.00815432

49 7 0.00408522

50 7 0

0 8 0

1 8 0.00462228

2 8 0.00922632

3 8 0.0137939

4 8 0.0183071

5 8 0.0227481

6 8 0.0270992

7 8 0.0313434

8 8 0.035464

9 8 0.0394445

10 8 0.0432694

11 8 0.0469235

12 8 0.0503925

13 8 0.0536625

14 8 0.0567208

15 8 0.0595552

16 8 0.0621546

17 8 0.0645087

18 8 0.0666082

19 8 0.0684449

20 8 0.0700114

21 8 0.0713016

22 8 0.0723104

23 8 0.0730338

24 8 0.073469

25 8 0.0736143

26 8 0.073469

27 8 0.0730338

28 8 0.0723104

29 8 0.0713016

30 8 0.0700114

31 8 0.0684449

32 8 0.0666082

33 8 0.0645087

34 8 0.0621546

35 8 0.0595552

36 8 0.0567208

37 8 0.0536625

38 8 0.0503925

39 8 0.0469235

40 8 0.0432694

41 8 0.0394445

42 8 0.035464

43 8 0.0313434

44 8 0.0270992

45 8 0.0227481

46 8 0.0183071

47 8 0.0137939

48 8 0.00922632

49 8 0.00462228

50 8 0

0 9 0

1 9 0.0051411

2 9 0.0102619

3 9 0.0153422

4 9 0.020362

5 9 0.0253014

6 9 0.0301409

7 9 0.0348615

8 9 0.0394445

9 9 0.0438719

10 9 0.0481261

11 9 0.0521903

12 9 0.0560486

13 9 0.0596857

14 9 0.0630873

15 9 0.0662398

16 9 0.069131

17 9 0.0717493

18 9 0.0740845

19 9 0.0761273

20 9 0.0778696

21 9 0.0793046

22 9 0.0804267

23 9 0.0812313

24 9 0.0817154

25 9 0.0818769

26 9 0.0817154

27 9 0.0812313

28 9 0.0804267

29 9 0.0793046

30 9 0.0778696

31 9 0.0761273

32 9 0.0740845

33 9 0.0717493

34 9 0.069131

35 9 0.0662398

36 9 0.0630873

37 9 0.0596857

38 9 0.0560486

39 9 0.0521903

40 9 0.0481261

41 9 0.0438719

42 9 0.0394445

43 9 0.0348615

44 9 0.0301409

45 9 0.0253014

46 9 0.020362

47 9 0.0153422

48 9 0.0102619

49 9 0.0051411

50 9 0

0 10 0

1 10 0.00563962

2 10 0.011257

3 10 0.0168299

4 10 0.0223364

5 10 0.0277548

6 10 0.0330636

7 10 0.038242

8 10 0.0432694

9 10 0.0481261

10 10 0.0527928

11 10 0.0572512

12 10 0.0614836

13 10 0.0654734

14 10 0.0692048

15 10 0.072663

16 10 0.0758345

17 10 0.0787068

18 10 0.0812684

19 10 0.0835092

20 10 0.0854205

21 10 0.0869947

22 10 0.0882256

23 10 0.0891082

24 10 0.0896392

25 10 0.0898164

26 10 0.0896392

27 10 0.0891082

28 10 0.0882256

29 10 0.0869947

30 10 0.0854205

31 10 0.0835092

32 10 0.0812684

33 10 0.0787068

34 10 0.0758345

35 10 0.072663

36 10 0.0692048

37 10 0.0654734

38 10 0.0614836

39 10 0.0572512

40 10 0.0527928

41 10 0.0481261

42 10 0.0432694

43 10 0.038242

44 10 0.0330636

45 10 0.0277548

46 10 0.0223364

47 10 0.0168299

48 10 0.011257

49 10 0.00563962

50 10 0

0 11 0

1 11 0.00611589

2 11 0.0122076

3 11 0.0182512

4 11 0.0242228

5 11 0.0300987

6 11 0.0358559

7 11 0.0414715

8 11 0.0469235

9 11 0.0521903

10 11 0.0572512

11 11 0.062086

12 11 0.0666759

13 11 0.0710026

14 11 0.0750491

15 11 0.0787995

16 11 0.0822388

17 11 0.0853536

18 11 0.0881315

19 11 0.0905616

20 11 0.0926343

21 11 0.0943414

22 11 0.0956762

23 11 0.0966334

24 11 0.0972093

25 11 0.0974015

26 11 0.0972093

27 11 0.0966334

28 11 0.0956762

29 11 0.0943414

30 11 0.0926343

31 11 0.0905616

32 11 0.0881315

33 11 0.0853536

34 11 0.0822388

35 11 0.0787995

36 11 0.0750491

37 11 0.0710026

38 11 0.0666759

39 11 0.062086

40 11 0.0572512

41 11 0.0521903

42 11 0.0469235

43 11 0.0414715

44 11 0.0358559

45 11 0.0300987

46 11 0.0242228

47 11 0.0182512

48 11 0.0122076

49 11 0.00611589

50 11 0

0 12 0

1 12 0.00656802

2 12 0.0131101

3 12 0.0196005

4 12 0.0260135

5 12 0.0323238

6 12 0.0385066

7 12 0.0445374

8 12 0.0503925

9 12 0.0560486

10 12 0.0614836

11 12 0.0666759

12 12 0.0716051

13 12 0.0762517

14 12 0.0805973

15 12 0.0846249

16 12 0.0883185

17 12 0.0916635

18 12 0.0946468

19 12 0.0972566

20 12 0.0994825

21 12 0.101316

22 12 0.102749

23 12 0.103777

24 12 0.104396

25 12 0.104602

26 12 0.104396

27 12 0.103777

28 12 0.102749

29 12 0.101316

30 12 0.0994825

31 12 0.0972566

32 12 0.0946468

33 12 0.0916635

34 12 0.0883185

35 12 0.0846249

36 12 0.0805973

37 12 0.0762517

38 12 0.0716051

39 12 0.0666759

40 12 0.0614836

41 12 0.0560486

42 12 0.0503925

43 12 0.0445374

44 12 0.0385066

45 12 0.0323238

46 12 0.0260135

47 12 0.0196005

48 12 0.0131101

49 12 0.00656802

50 12 0

0 13 0

1 13 0.00699423

2 13 0.0139609

3 13 0.0208724

4 13 0.0277016

5 13 0.0344214

6 13 0.0410054

7 13 0.0474275

8 13 0.0536625

9 13 0.0596857

10 13 0.0654734

11 13 0.0710026

12 13 0.0762517

13 13 0.0811998

14 13 0.0858274

15 13 0.0901164

16 13 0.0940496

17 13 0.0976118

18 13 0.100789

19 13 0.103568

20 13 0.105938

21 13 0.10789

22 13 0.109417

23 13 0.110512

24 13 0.11117

25 13 0.11139

26 13 0.11117

27 13 0.110512

28 13 0.109417

29 13 0.10789

30 13 0.105938

31 13 0.103568

32 13 0.100789

33 13 0.0976118

34 13 0.0940496

35 13 0.0901164

36 13 0.0858274

37 13 0.0811998

38 13 0.0762517

39 13 0.0710026

40 13 0.0654734

41 13 0.0596857

42 13 0.0536625

43 13 0.0474275

44 13 0.0410054

45 13 0.0344214

46 13 0.0277016

47 13 0.0208724

48 13 0.0139609

49 13 0.00699423

50 13 0

0 14 0

1 14 0.00739284

2 14 0.0147565

3 14 0.0220619

4 14 0.0292803

5 14 0.0363831

6 14 0.0433423

7 14 0.0501305

8 14 0.0567208

9 14 0.0630873

10 14 0.0692048

11 14 0.0750491

12 14 0.0805973

13 14 0.0858274

14 14 0.0907188

15 14 0.0952522

16 14 0.0994096

17 14 0.103175

18 14 0.106533

19 14 0.10947

20 14 0.111976

21 14 0.114039

22 14 0.115653

23 14 0.11681

24 14 0.117506

25 14 0.117738

26 14 0.117506

27 14 0.11681

28 14 0.115653

29 14 0.114039

30 14 0.111976

31 14 0.10947

32 14 0.106533

33 14 0.103175

34 14 0.0994096

35 14 0.0952522

36 14 0.0907188

37 14 0.0858274

38 14 0.0805973

39 14 0.0750491

40 14 0.0692048

41 14 0.0630873

42 14 0.0567208

43 14 0.0501305

44 14 0.0433423

45 14 0.0363831

46 14 0.0292803

47 14 0.0220619

48 14 0.0147565

49 14 0.00739284

50 14 0

0 15 0

1 15 0.00776227

2 15 0.0154939

3 15 0.0231644

4 15 0.0307435

5 15 0.0382012

6 15 0.0455082

7 15 0.0526356

8 15 0.0595552

9 15 0.0662398

10 15 0.072663

11 15 0.0787995

12 15 0.0846249

13 15 0.0901164

14 15 0.0952522

15 15 0.100012

16 15 0.104377

17 15 0.108331

18 15 0.111856

19 15 0.114941

20 15 0.117571

21 15 0.119738

22 15 0.121432

23 15 0.122647

24 15 0.123378

25 15 0.123622

26 15 0.123378

27 15 0.122647

28 15 0.121432

29 15 0.119738

30 15 0.117571

31 15 0.114941

32 15 0.111856

33 15 0.108331

34 15 0.104377

35 15 0.100012

36 15 0.0952522

37 15 0.0901164

38 15 0.0846249

39 15 0.0787995

40 15 0.072663

41 15 0.0662398

42 15 0.0595552

43 15 0.0526356

44 15 0.0455082

45 15 0.0382012

46 15 0.0307435

47 15 0.0231644

48 15 0.0154939

49 15 0.00776227

50 15 0

0 16 0

1 16 0.00810107

2 16 0.0161702

3 16 0.0241755

4 16 0.0320853

5 16 0.0398686

6 16 0.0474945

7 16 0.0549329

8 16 0.0621546

9 16 0.069131

10 16 0.0758345

11 16 0.0822388

12 16 0.0883185

13 16 0.0940496

14 16 0.0994096

15 16 0.104377

16 16 0.108933

17 16 0.113059

18 16 0.116738

19 16 0.119957

20 16 0.122703

21 16 0.124964

22 16 0.126732

23 16 0.128

24 16 0.128763

25 16 0.129017

26 16 0.128763

27 16 0.128

28 16 0.126732

29 16 0.124964

30 16 0.122703

31 16 0.119957

32 16 0.116738

33 16 0.113059

34 16 0.108933

35 16 0.104377

36 16 0.0994096

37 16 0.0940496

38 16 0.0883185

39 16 0.0822388

40 16 0.0758345

41 16 0.069131

42 16 0.0621546

43 16 0.0549329

44 16 0.0474945

45 16 0.0398686

46 16 0.0320853

47 16 0.0241755

48 16 0.0161702

49 16 0.00810107

50 16 0

0 17 0

1 17 0.0084079

2 17 0.0167826

3 17 0.0250911

4 17 0.0333006

5 17 0.0413786

6 17 0.0492933

7 17 0.0570135

8 17 0.0645087

9 17 0.0717493

10 17 0.0787068

11 17 0.0853536

12 17 0.0916635

13 17 0.0976118

14 17 0.103175

15 17 0.108331

16 17 0.113059

17 17 0.117341

18 17 0.12116

19 17 0.124501

20 17 0.12735

21 17 0.129697

22 17 0.131532

23 17 0.132848

24 17 0.13364

25 17 0.133904

26 17 0.13364

27 17 0.132848

28 17 0.131532

29 17 0.129697

30 17 0.12735

31 17 0.124501

32 17 0.12116

33 17 0.117341

34 17 0.113059

35 17 0.108331

36 17 0.103175

37 17 0.0976118

38 17 0.0916635

39 17 0.0853536

40 17 0.0787068

41 17 0.0717493

42 17 0.0645087

43 17 0.0570135

44 17 0.0492933

45 17 0.0413786

46 17 0.0333006

47 17 0.0250911

48 17 0.0167826

49 17 0.0084079

50 17 0

0 18 0

1 18 0.00868154

2 18 0.0173288

3 18 0.0259077

4 18 0.0343844

5 18 0.0427253

6 18 0.0508976

7 18 0.0588691

8 18 0.0666082

9 18 0.0740845

10 18 0.0812684

11 18 0.0881315

12 18 0.0946468

13 18 0.100789

14 18 0.106533

15 18 0.111856

16 18 0.116738

17 18 0.12116

18 18 0.125103

19 18 0.128553

20 18 0.131495

21 18 0.133918

22 18 0.135813

23 18 0.137172

24 18 0.137989

25 18 0.138262

26 18 0.137989

27 18 0.137172

28 18 0.135813

29 18 0.133918

30 18 0.131495

31 18 0.128553

32 18 0.125103

33 18 0.12116

34 18 0.116738

35 18 0.111856

36 18 0.106533

37 18 0.100789

38 18 0.0946468

39 18 0.0881315

40 18 0.0812684

41 18 0.0740845

42 18 0.0666082

43 18 0.0588691

44 18 0.0508976

45 18 0.0427253

46 18 0.0343844

47 18 0.0259077

48 18 0.0173288

49 18 0.00868154

50 18 0

0 19 0

1 19 0.00892092

2 19 0.0178066

3 19 0.0266221

4 19 0.0353325

5 19 0.0439034

6 19 0.0523011

7 19 0.0604923

8 19 0.0684449

9 19 0.0761273

10 19 0.0835092

11 19 0.0905616

12 19 0.0972566

13 19 0.103568

14 19 0.10947

15 19 0.114941

16 19 0.119957

17 19 0.124501

18 19 0.128553

19 19 0.132097

20 19 0.135121

21 19 0.137611

22 19 0.139558

23 19 0.140954

24 19 0.141794

25 19 0.142074

26 19 0.141794

27 19 0.140954

28 19 0.139558

29 19 0.137611

30 19 0.135121

31 19 0.132097

32 19 0.128553

33 19 0.124501

34 19 0.119957

35 19 0.114941

36 19 0.10947

37 19 0.103568

38 19 0.0972566

39 19 0.0905616

40 19 0.0835092

41 19 0.0761273

42 19 0.0684449

43 19 0.0604923

44 19 0.0523011

45 19 0.0439034

46 19 0.0353325

47 19 0.0266221

48 19 0.0178066

49 19 0.00892092

50 19 0

0 20 0

1 20 0.0091251

2 20 0.0182142

3 20 0.0272314

4 20 0.0361411

5 20 0.0449082

6 20 0.0534981

7 20 0.0618768

8 20 0.0700114

9 20 0.0778696

10 20 0.0854205

11 20 0.0926343

12 20 0.0994825

13 20 0.105938

14 20 0.111976

15 20 0.117571

16 20 0.122703

17 20 0.12735

18 20 0.131495

19 20 0.135121

20 20 0.138213

21 20 0.14076

22 20 0.142752

23 20 0.14418

24 20 0.145039

25 20 0.145326

26 20 0.145039

27 20 0.14418

28 20 0.142752

29 20 0.14076

30 20 0.138213

31 20 0.135121

32 20 0.131495

33 20 0.12735

34 20 0.122703

35 20 0.117571

36 20 0.111976

37 20 0.105938

38 20 0.0994825

39 20 0.0926343

40 20 0.0854205

41 20 0.0778696

42 20 0.0700114

43 20 0.0618768

44 20 0.0534981

45 20 0.0449082

46 20 0.0361411

47 20 0.0272314

48 20 0.0182142

49 20 0.0091251

50 20 0

0 21 0

1 21 0.00929326

2 21 0.0185498

3 21 0.0277332

4 21 0.0368072

5 21 0.0457358

6 21 0.054484

7 21 0.0630171

8 21 0.0713016

9 21 0.0793046

10 21 0.0869947

11 21 0.0943414

12 21 0.101316

13 21 0.10789

14 21 0.114039

15 21 0.119738

16 21 0.124964

17 21 0.129697

18 21 0.133918

19 21 0.137611

20 21 0.14076

21 21 0.143354

22 21 0.145383

23 21 0.146837

24 21 0.147712

25 21 0.148004

26 21 0.147712

27 21 0.146837

28 21 0.145383

29 21 0.143354

30 21 0.14076

31 21 0.137611

32 21 0.133918

33 21 0.129697

34 21 0.124964

35 21 0.119738

36 21 0.114039

37 21 0.10789

38 21 0.101316

39 21 0.0943414

40 21 0.0869947

41 21 0.0793046

42 21 0.0713016

43 21 0.0630171

44 21 0.054484

45 21 0.0457358

46 21 0.0368072

47 21 0.0277332

48 21 0.0185498

49 21 0.00929326

50 21 0

0 22 0

1 22 0.00942475

2 22 0.0188123

3 22 0.0281256

4 22 0.0373279

5 22 0.0463829

6 22 0.0552549

7 22 0.0639087

8 22 0.0723104

9 22 0.0804267

10 22 0.0882256

11 22 0.0956762

12 22 0.102749

13 22 0.109417

14 22 0.115653

15 22 0.121432

16 22 0.126732

17 22 0.131532

18 22 0.135813

19 22 0.139558

20 22 0.142752

21 22 0.145383

22 22 0.14744

23 22 0.148915

24 22 0.149802

25 22 0.150098

26 22 0.149802

27 22 0.148915

28 22 0.14744

29 22 0.145383

30 22 0.142752

31 22 0.139558

32 22 0.135813

33 22 0.131532

34 22 0.126732

35 22 0.121432

36 22 0.115653

37 22 0.109417

38 22 0.102749

39 22 0.0956762

40 22 0.0882256

41 22 0.0804267

42 22 0.0723104

43 22 0.0639087

44 22 0.0552549

45 22 0.0463829

46 22 0.0373279

47 22 0.0281256

48 22 0.0188123

49 22 0.00942475

50 22 0

0 23 0

1 23 0.00951904

2 23 0.0190005

3 23 0.028407

4 23 0.0377014

5 23 0.046847

6 23 0.0558077

7 23 0.0645481

8 23 0.0730338

9 23 0.0812313

10 23 0.0891082

11 23 0.0966334

12 23 0.103777

13 23 0.110512

14 23 0.11681

15 23 0.122647

16 23 0.128

17 23 0.132848

18 23 0.137172

19 23 0.140954

20 23 0.14418

21 23 0.146837

22 23 0.148915

23 23 0.150405

24 23 0.151301

25 23 0.1516

26 23 0.151301

27 23 0.150405

28 23 0.148915

29 23 0.146837

30 23 0.14418

31 23 0.140954

32 23 0.137172

33 23 0.132848

34 23 0.128

35 23 0.122647

36 23 0.11681

37 23 0.110512

38 23 0.103777

39 23 0.0966334

40 23 0.0891082

41 23 0.0812313

42 23 0.0730338

43 23 0.0645481

44 23 0.0558077

45 23 0.046847

46 23 0.0377014

47 23 0.028407

48 23 0.0190005

49 23 0.00951904

50 23 0

0 24 0

1 24 0.00957576

2 24 0.0191137

3 24 0.0285763

4 24 0.037926

5 24 0.0471261

6 24 0.0561402

7 24 0.0649328

8 24 0.073469

9 24 0.0817154

10 24 0.0896392

11 24 0.0972093

12 24 0.104396

13 24 0.11117

14 24 0.117506

15 24 0.123378

16 24 0.128763

17 24 0.13364

18 24 0.137989

19 24 0.141794

20 24 0.145039

21 24 0.147712

22 24 0.149802

23 24 0.151301

24 24 0.152202

25 24 0.152503

26 24 0.152202

27 24 0.151301

28 24 0.149802

29 24 0.147712

30 24 0.145039

31 24 0.141794

32 24 0.137989

33 24 0.13364

34 24 0.128763

35 24 0.123378

36 24 0.117506

37 24 0.11117

38 24 0.104396

39 24 0.0972093

40 24 0.0896392

41 24 0.0817154

42 24 0.073469

43 24 0.0649328

44 24 0.0561402

45 24 0.0471261

46 24 0.037926

47 24 0.0285763

48 24 0.0191137

49 24 0.00957576

50 24 0

0 25 0

1 25 0.0095947

2 25 0.0191515

3 25 0.0286328

4 25 0.038001

5 25 0.0472193

6 25 0.0562512

7 25 0.0650611

8 25 0.0736143

9 25 0.0818769

10 25 0.0898164

11 25 0.0974015

12 25 0.104602

13 25 0.11139

14 25 0.117738

15 25 0.123622

16 25 0.129017

17 25 0.133904

18 25 0.138262

19 25 0.142074

20 25 0.145326

21 25 0.148004

22 25 0.150098

23 25 0.1516

24 25 0.152503

25 25 0.152805

26 25 0.152503

27 25 0.1516

28 25 0.150098

29 25 0.148004

30 25 0.145326

31 25 0.142074

32 25 0.138262

33 25 0.133904

34 25 0.129017

35 25 0.123622

36 25 0.117738

37 25 0.11139

38 25 0.104602

39 25 0.0974015

40 25 0.0898164

41 25 0.0818769

42 25 0.0736143

43 25 0.0650611

44 25 0.0562512

45 25 0.0472193

46 25 0.038001

47 25 0.0286328

48 25 0.0191515

49 25 0.0095947

50 25 0

0 26 0

1 26 0.00957576

2 26 0.0191137

3 26 0.0285763

4 26 0.037926

5 26 0.0471261

6 26 0.0561402

7 26 0.0649328

8 26 0.073469

9 26 0.0817154

10 26 0.0896392

11 26 0.0972093

12 26 0.104396

13 26 0.11117

14 26 0.117506

15 26 0.123378

16 26 0.128763

17 26 0.13364

18 26 0.137989

19 26 0.141794

20 26 0.145039

21 26 0.147712

22 26 0.149802

23 26 0.151301

24 26 0.152202

25 26 0.152503

26 26 0.152202

27 26 0.151301

28 26 0.149802

29 26 0.147712

30 26 0.145039

31 26 0.141794

32 26 0.137989

33 26 0.13364

34 26 0.128763

35 26 0.123378

36 26 0.117506

37 26 0.11117

38 26 0.104396

39 26 0.0972093

40 26 0.0896392

41 26 0.0817154

42 26 0.073469

43 26 0.0649328

44 26 0.0561402

45 26 0.0471261

46 26 0.037926

47 26 0.0285763

48 26 0.0191137

49 26 0.00957576

50 26 0

0 27 0

1 27 0.00951904

2 27 0.0190005

3 27 0.028407

4 27 0.0377014

5 27 0.046847

6 27 0.0558077

7 27 0.0645481

8 27 0.0730338

9 27 0.0812313

10 27 0.0891082

11 27 0.0966334

12 27 0.103777

13 27 0.110512

14 27 0.11681

15 27 0.122647

16 27 0.128

17 27 0.132848

18 27 0.137172

19 27 0.140954

20 27 0.14418

21 27 0.146837

22 27 0.148915

23 27 0.150405

24 27 0.151301

25 27 0.1516

26 27 0.151301

27 27 0.150405

28 27 0.148915

29 27 0.146837

30 27 0.14418

31 27 0.140954

32 27 0.137172

33 27 0.132848

34 27 0.128

35 27 0.122647

36 27 0.11681

37 27 0.110512

38 27 0.103777

39 27 0.0966334

40 27 0.0891082

41 27 0.0812313

42 27 0.0730338

43 27 0.0645481

44 27 0.0558077

45 27 0.046847

46 27 0.0377014

47 27 0.028407

48 27 0.0190005

49 27 0.00951904

50 27 0

0 28 0

1 28 0.00942475

2 28 0.0188123

3 28 0.0281256

4 28 0.0373279

5 28 0.0463829

6 28 0.0552549

7 28 0.0639087

8 28 0.0723104

9 28 0.0804267

10 28 0.0882256

11 28 0.0956762

12 28 0.102749

13 28 0.109417

14 28 0.115653

15 28 0.121432

16 28 0.126732

17 28 0.131532

18 28 0.135813

19 28 0.139558

20 28 0.142752

21 28 0.145383

22 28 0.14744

23 28 0.148915

24 28 0.149802

25 28 0.150098

26 28 0.149802

27 28 0.148915

28 28 0.14744

29 28 0.145383

30 28 0.142752

31 28 0.139558

32 28 0.135813

33 28 0.131532

34 28 0.126732

35 28 0.121432

36 28 0.115653

37 28 0.109417

38 28 0.102749

39 28 0.0956762

40 28 0.0882256

41 28 0.0804267

42 28 0.0723104

43 28 0.0639087

44 28 0.0552549

45 28 0.0463829

46 28 0.0373279

47 28 0.0281256

48 28 0.0188123

49 28 0.00942475

50 28 0

0 29 0

1 29 0.00929326

2 29 0.0185498

3 29 0.0277332

4 29 0.0368072

5 29 0.0457358

6 29 0.054484

7 29 0.0630171

8 29 0.0713016

9 29 0.0793046

10 29 0.0869947

11 29 0.0943414

12 29 0.101316

13 29 0.10789

14 29 0.114039

15 29 0.119738

16 29 0.124964

17 29 0.129697

18 29 0.133918

19 29 0.137611

20 29 0.14076

21 29 0.143354

22 29 0.145383

23 29 0.146837

24 29 0.147712

25 29 0.148004

26 29 0.147712

27 29 0.146837

28 29 0.145383

29 29 0.143354

30 29 0.14076

31 29 0.137611

32 29 0.133918

33 29 0.129697

34 29 0.124964

35 29 0.119738

36 29 0.114039

37 29 0.10789

38 29 0.101316

39 29 0.0943414

40 29 0.0869947

41 29 0.0793046

42 29 0.0713016

43 29 0.0630171

44 29 0.054484

45 29 0.0457358

46 29 0.0368072

47 29 0.0277332

48 29 0.0185498

49 29 0.00929326

50 29 0

0 30 0

1 30 0.0091251

2 30 0.0182142

3 30 0.0272314

4 30 0.0361411

5 30 0.0449082

6 30 0.0534981

7 30 0.0618768

8 30 0.0700114

9 30 0.0778696

10 30 0.0854205

11 30 0.0926343

12 30 0.0994825

13 30 0.105938

14 30 0.111976

15 30 0.117571

16 30 0.122703

17 30 0.12735

18 30 0.131495

19 30 0.135121

20 30 0.138213

21 30 0.14076

22 30 0.142752

23 30 0.14418

24 30 0.145039

25 30 0.145326

26 30 0.145039

27 30 0.14418

28 30 0.142752

29 30 0.14076

30 30 0.138213

31 30 0.135121

32 30 0.131495

33 30 0.12735

34 30 0.122703

35 30 0.117571

36 30 0.111976

37 30 0.105938

38 30 0.0994825

39 30 0.0926343

40 30 0.0854205

41 30 0.0778696

42 30 0.0700114

43 30 0.0618768

44 30 0.0534981

45 30 0.0449082

46 30 0.0361411

47 30 0.0272314

48 30 0.0182142

49 30 0.0091251

50 30 0

0 31 0

1 31 0.00892092

2 31 0.0178066

3 31 0.0266221

4 31 0.0353325

5 31 0.0439034

6 31 0.0523011

7 31 0.0604923

8 31 0.0684449

9 31 0.0761273

10 31 0.0835092

11 31 0.0905616

12 31 0.0972566

13 31 0.103568

14 31 0.10947

15 31 0.114941

16 31 0.119957

17 31 0.124501

18 31 0.128553

19 31 0.132097

20 31 0.135121

21 31 0.137611

22 31 0.139558

23 31 0.140954

24 31 0.141794

25 31 0.142074

26 31 0.141794

27 31 0.140954

28 31 0.139558

29 31 0.137611

30 31 0.135121

31 31 0.132097

32 31 0.128553

33 31 0.124501

34 31 0.119957

35 31 0.114941

36 31 0.10947

37 31 0.103568

38 31 0.0972566

39 31 0.0905616

40 31 0.0835092

41 31 0.0761273

42 31 0.0684449

43 31 0.0604923

44 31 0.0523011

45 31 0.0439034

46 31 0.0353325

47 31 0.0266221

48 31 0.0178066

49 31 0.00892092

50 31 0

0 32 0

1 32 0.00868154

2 32 0.0173288

3 32 0.0259077

4 32 0.0343844

5 32 0.0427253

6 32 0.0508976

7 32 0.0588691

8 32 0.0666082

9 32 0.0740845

10 32 0.0812684

11 32 0.0881315

12 32 0.0946468

13 32 0.100789

14 32 0.106533

15 32 0.111856

16 32 0.116738

17 32 0.12116

18 32 0.125103

19 32 0.128553

20 32 0.131495

21 32 0.133918

22 32 0.135813

23 32 0.137172

24 32 0.137989

25 32 0.138262

26 32 0.137989

27 32 0.137172

28 32 0.135813

29 32 0.133918

30 32 0.131495

31 32 0.128553

32 32 0.125103

33 32 0.12116

34 32 0.116738

35 32 0.111856

36 32 0.106533

37 32 0.100789

38 32 0.0946468

39 32 0.0881315

40 32 0.0812684

41 32 0.0740845

42 32 0.0666082

43 32 0.0588691

44 32 0.0508976

45 32 0.0427253

46 32 0.0343844

47 32 0.0259077

48 32 0.0173288

49 32 0.00868154

50 32 0

0 33 0

1 33 0.0084079

2 33 0.0167826

3 33 0.0250911

4 33 0.0333006

5 33 0.0413786

6 33 0.0492933

7 33 0.0570135

8 33 0.0645087

9 33 0.0717493

10 33 0.0787068

11 33 0.0853536

12 33 0.0916635

13 33 0.0976118

14 33 0.103175

15 33 0.108331

16 33 0.113059

17 33 0.117341

18 33 0.12116

19 33 0.124501

20 33 0.12735

21 33 0.129697

22 33 0.131532

23 33 0.132848

24 33 0.13364

25 33 0.133904

26 33 0.13364

27 33 0.132848

28 33 0.131532

29 33 0.129697

30 33 0.12735

31 33 0.124501

32 33 0.12116

33 33 0.117341

34 33 0.113059

35 33 0.108331

36 33 0.103175

37 33 0.0976118

38 33 0.0916635

39 33 0.0853536

40 33 0.0787068

41 33 0.0717493

42 33 0.0645087

43 33 0.0570135

44 33 0.0492933

45 33 0.0413786

46 33 0.0333006

47 33 0.0250911

48 33 0.0167826

49 33 0.0084079

50 33 0

0 34 0

1 34 0.00810107

2 34 0.0161702

3 34 0.0241755

4 34 0.0320853

5 34 0.0398686

6 34 0.0474945

7 34 0.0549329

8 34 0.0621546

9 34 0.069131

10 34 0.0758345

11 34 0.0822388

12 34 0.0883185

13 34 0.0940496

14 34 0.0994096

15 34 0.104377

16 34 0.108933

17 34 0.113059

18 34 0.116738

19 34 0.119957

20 34 0.122703

21 34 0.124964

22 34 0.126732

23 34 0.128

24 34 0.128763

25 34 0.129017

26 34 0.128763

27 34 0.128

28 34 0.126732

29 34 0.124964

30 34 0.122703

31 34 0.119957

32 34 0.116738

33 34 0.113059

34 34 0.108933

35 34 0.104377

36 34 0.0994096

37 34 0.0940496

38 34 0.0883185

39 34 0.0822388

40 34 0.0758345

41 34 0.069131

42 34 0.0621546

43 34 0.0549329

44 34 0.0474945

45 34 0.0398686

46 34 0.0320853

47 34 0.0241755

48 34 0.0161702

49 34 0.00810107

50 34 0

0 35 0

1 35 0.00776227

2 35 0.0154939

3 35 0.0231644

4 35 0.0307435

5 35 0.0382012

6 35 0.0455082

7 35 0.0526356

8 35 0.0595552

9 35 0.0662398

10 35 0.072663

11 35 0.0787995

12 35 0.0846249

13 35 0.0901164

14 35 0.0952522

15 35 0.100012

16 35 0.104377

17 35 0.108331

18 35 0.111856

19 35 0.114941

20 35 0.117571

21 35 0.119738

22 35 0.121432

23 35 0.122647

24 35 0.123378

25 35 0.123622

26 35 0.123378

27 35 0.122647

28 35 0.121432

29 35 0.119738

30 35 0.117571

31 35 0.114941

32 35 0.111856

33 35 0.108331

34 35 0.104377

35 35 0.100012

36 35 0.0952522

37 35 0.0901164

38 35 0.0846249

39 35 0.0787995

40 35 0.072663

41 35 0.0662398

42 35 0.0595552

43 35 0.0526356

44 35 0.0455082

45 35 0.0382012

46 35 0.0307435

47 35 0.0231644

48 35 0.0154939

49 35 0.00776227

50 35 0

0 36 0

1 36 0.00739284

2 36 0.0147565

3 36 0.0220619

4 36 0.0292803

5 36 0.0363831

6 36 0.0433423

7 36 0.0501305

8 36 0.0567208

9 36 0.0630873

10 36 0.0692048

11 36 0.0750491

12 36 0.0805973

13 36 0.0858274

14 36 0.0907188

15 36 0.0952522

16 36 0.0994096

17 36 0.103175

18 36 0.106533

19 36 0.10947

20 36 0.111976

21 36 0.114039

22 36 0.115653

23 36 0.11681

24 36 0.117506

25 36 0.117738

26 36 0.117506

27 36 0.11681

28 36 0.115653

29 36 0.114039

30 36 0.111976

31 36 0.10947

32 36 0.106533

33 36 0.103175

34 36 0.0994096

35 36 0.0952522

36 36 0.0907188

37 36 0.0858274

38 36 0.0805973

39 36 0.0750491

40 36 0.0692048

41 36 0.0630873

42 36 0.0567208

43 36 0.0501305

44 36 0.0433423

45 36 0.0363831

46 36 0.0292803

47 36 0.0220619

48 36 0.0147565

49 36 0.00739284

50 36 0

0 37 0

1 37 0.00699423

2 37 0.0139609

3 37 0.0208724

4 37 0.0277016

5 37 0.0344214

6 37 0.0410054

7 37 0.0474275

8 37 0.0536625

9 37 0.0596857

10 37 0.0654734

11 37 0.0710026

12 37 0.0762517

13 37 0.0811998

14 37 0.0858274

15 37 0.0901164

16 37 0.0940496

17 37 0.0976118

18 37 0.100789

19 37 0.103568

20 37 0.105938

21 37 0.10789

22 37 0.109417

23 37 0.110512

24 37 0.11117

25 37 0.11139

26 37 0.11117

27 37 0.110512

28 37 0.109417

29 37 0.10789

30 37 0.105938

31 37 0.103568

32 37 0.100789

33 37 0.0976118

34 37 0.0940496

35 37 0.0901164

36 37 0.0858274

37 37 0.0811998

38 37 0.0762517

39 37 0.0710026

40 37 0.0654734

41 37 0.0596857

42 37 0.0536625

43 37 0.0474275

44 37 0.0410054

45 37 0.0344214

46 37 0.0277016

47 37 0.0208724

48 37 0.0139609

49 37 0.00699423

50 37 0

0 38 0

1 38 0.00656802

2 38 0.0131101

3 38 0.0196005

4 38 0.0260135

5 38 0.0323238

6 38 0.0385066

7 38 0.0445374

8 38 0.0503925

9 38 0.0560486

10 38 0.0614836

11 38 0.0666759

12 38 0.0716051

13 38 0.0762517

14 38 0.0805973

15 38 0.0846249

16 38 0.0883185

17 38 0.0916635

18 38 0.0946468

19 38 0.0972566

20 38 0.0994825

21 38 0.101316

22 38 0.102749

23 38 0.103777

24 38 0.104396

25 38 0.104602

26 38 0.104396

27 38 0.103777

28 38 0.102749

29 38 0.101316

30 38 0.0994825

31 38 0.0972566

32 38 0.0946468

33 38 0.0916635

34 38 0.0883185

35 38 0.0846249

36 38 0.0805973

37 38 0.0762517

38 38 0.0716051

39 38 0.0666759

40 38 0.0614836

41 38 0.0560486

42 38 0.0503925

43 38 0.0445374

44 38 0.0385066

45 38 0.0323238

46 38 0.0260135

47 38 0.0196005

48 38 0.0131101

49 38 0.00656802

50 38 0

0 39 0

1 39 0.00611589

2 39 0.0122076

3 39 0.0182512

4 39 0.0242228

5 39 0.0300987

6 39 0.0358559

7 39 0.0414715

8 39 0.0469235

9 39 0.0521903

10 39 0.0572512

11 39 0.062086

12 39 0.0666759

13 39 0.0710026

14 39 0.0750491

15 39 0.0787995

16 39 0.0822388

17 39 0.0853536

18 39 0.0881315

19 39 0.0905616

20 39 0.0926343

21 39 0.0943414

22 39 0.0956762

23 39 0.0966334

24 39 0.0972093

25 39 0.0974015

26 39 0.0972093

27 39 0.0966334

28 39 0.0956762

29 39 0.0943414

30 39 0.0926343

31 39 0.0905616

32 39 0.0881315

33 39 0.0853536

34 39 0.0822388

35 39 0.0787995

36 39 0.0750491

37 39 0.0710026

38 39 0.0666759

39 39 0.062086

40 39 0.0572512

41 39 0.0521903

42 39 0.0469235

43 39 0.0414715

44 39 0.0358559

45 39 0.0300987

46 39 0.0242228

47 39 0.0182512

48 39 0.0122076

49 39 0.00611589

50 39 0

0 40 0

1 40 0.00563962

2 40 0.011257

3 40 0.0168299

4 40 0.0223364

5 40 0.0277548

6 40 0.0330636

7 40 0.038242

8 40 0.0432694

9 40 0.0481261

10 40 0.0527928

11 40 0.0572512

12 40 0.0614836

13 40 0.0654734

14 40 0.0692048

15 40 0.072663

16 40 0.0758345

17 40 0.0787068

18 40 0.0812684

19 40 0.0835092

20 40 0.0854205

21 40 0.0869947

22 40 0.0882256

23 40 0.0891082

24 40 0.0896392

25 40 0.0898164

26 40 0.0896392

27 40 0.0891082

28 40 0.0882256

29 40 0.0869947

30 40 0.0854205

31 40 0.0835092

32 40 0.0812684

33 40 0.0787068

34 40 0.0758345

35 40 0.072663

36 40 0.0692048

37 40 0.0654734

38 40 0.0614836

39 40 0.0572512

40 40 0.0527928

41 40 0.0481261

42 40 0.0432694

43 40 0.038242

44 40 0.0330636

45 40 0.0277548

46 40 0.0223364

47 40 0.0168299

48 40 0.011257

49 40 0.00563962

50 40 0

0 41 0

1 41 0.0051411

2 41 0.0102619

3 41 0.0153422

4 41 0.020362

5 41 0.0253014

6 41 0.0301409

7 41 0.0348615

8 41 0.0394445

9 41 0.0438719

10 41 0.0481261

11 41 0.0521903

12 41 0.0560486

13 41 0.0596857

14 41 0.0630873

15 41 0.0662398

16 41 0.069131

17 41 0.0717493

18 41 0.0740845

19 41 0.0761273

20 41 0.0778696

21 41 0.0793046

22 41 0.0804267

23 41 0.0812313

24 41 0.0817154

25 41 0.0818769

26 41 0.0817154

27 41 0.0812313

28 41 0.0804267

29 41 0.0793046

30 41 0.0778696

31 41 0.0761273

32 41 0.0740845

33 41 0.0717493

34 41 0.069131

35 41 0.0662398

36 41 0.0630873

37 41 0.0596857

38 41 0.0560486

39 41 0.0521903

40 41 0.0481261

41 41 0.0438719

42 41 0.0394445

43 41 0.0348615

44 41 0.0301409

45 41 0.0253014

46 41 0.020362

47 41 0.0153422

48 41 0.0102619

49 41 0.0051411

50 41 0

0 42 0

1 42 0.00462228

2 42 0.00922632

3 42 0.0137939

4 42 0.0183071

5 42 0.0227481

6 42 0.0270992

7 42 0.0313434

8 42 0.035464

9 42 0.0394445

10 42 0.0432694

11 42 0.0469235

12 42 0.0503925

13 42 0.0536625

14 42 0.0567208

15 42 0.0595552

16 42 0.0621546

17 42 0.0645087

18 42 0.0666082

19 42 0.0684449

20 42 0.0700114

21 42 0.0713016

22 42 0.0723104

23 42 0.0730338

24 42 0.073469

25 42 0.0736143

26 42 0.073469

27 42 0.0730338

28 42 0.0723104

29 42 0.0713016

30 42 0.0700114

31 42 0.0684449

32 42 0.0666082

33 42 0.0645087

34 42 0.0621546

35 42 0.0595552

36 42 0.0567208

37 42 0.0536625

38 42 0.0503925

39 42 0.0469235

40 42 0.0432694

41 42 0.0394445

42 42 0.035464

43 42 0.0313434

44 42 0.0270992

45 42 0.0227481

46 42 0.0183071

47 42 0.0137939

48 42 0.00922632

49 42 0.00462228

50 42 0

0 43 0

1 43 0.00408522

2 43 0.00815432

3 43 0.0121912

4 43 0.01618

5 43 0.020105

6 43 0.0239506

7 43 0.0277017

8 43 0.0313434

9 43 0.0348615

10 43 0.038242

11 43 0.0414715

12 43 0.0445374

13 43 0.0474275

14 43 0.0501305

15 43 0.0526356

16 43 0.0549329

17 43 0.0570135

18 43 0.0588691

19 43 0.0604923

20 43 0.0618768

21 43 0.0630171

22 43 0.0639087

23 43 0.0645481

24 43 0.0649328

25 43 0.0650611

26 43 0.0649328

27 43 0.0645481

28 43 0.0639087

29 43 0.0630171

30 43 0.0618768

31 43 0.0604923

32 43 0.0588691

33 43 0.0570135

34 43 0.0549329

35 43 0.0526356

36 43 0.0501305

37 43 0.0474275

38 43 0.0445374

39 43 0.0414715

40 43 0.038242

41 43 0.0348615

42 43 0.0313434

43 43 0.0277017

44 43 0.0239506

45 43 0.020105

46 43 0.01618

47 43 0.0121912

48 43 0.00815432

49 43 0.00408522

50 43 0

0 44 0

1 44 0.00353204

2 44 0.00705015

3 44 0.0105404

4 44 0.0139891

5 44 0.0173826

6 44 0.0207075

7 44 0.0239506

8 44 0.0270992

9 44 0.0301409

10 44 0.0330636

11 44 0.0358559

12 44 0.0385066

13 44 0.0410054

14 44 0.0433423

15 44 0.0455082

16 44 0.0474945

17 44 0.0492933

18 44 0.0508976

19 44 0.0523011

20 44 0.0534981

21 44 0.054484

22 44 0.0552549

23 44 0.0558077

24 44 0.0561402

25 44 0.0562512

26 44 0.0561402

27 44 0.0558077

28 44 0.0552549

29 44 0.054484

30 44 0.0534981

31 44 0.0523011

32 44 0.0508976

33 44 0.0492933

34 44 0.0474945

35 44 0.0455082

36 44 0.0433423

37 44 0.0410054

38 44 0.0385066

39 44 0.0358559

40 44 0.0330636

41 44 0.0301409

42 44 0.0270992

43 44 0.0239506

44 44 0.0207075

45 44 0.0173826

46 44 0.0139891

47 44 0.0105404

48 44 0.00705015

49 44 0.00353204

50 44 0

0 45 0

1 45 0.00296492

2 45 0.00591815

3 45 0.00884801

4 45 0.011743

5 45 0.0145916

6 45 0.0173826

7 45 0.020105

8 45 0.0227481

9 45 0.0253014

10 45 0.0277548

11 45 0.0300987

12 45 0.0323238

13 45 0.0344214

14 45 0.0363831

15 45 0.0382012

16 45 0.0398686

17 45 0.0413786

18 45 0.0427253

19 45 0.0439034

20 45 0.0449082

21 45 0.0457358

22 45 0.0463829

23 45 0.046847

24 45 0.0471261

25 45 0.0472193

26 45 0.0471261

27 45 0.046847

28 45 0.0463829

29 45 0.0457358

30 45 0.0449082

31 45 0.0439034

32 45 0.0427253

33 45 0.0413786

34 45 0.0398686

35 45 0.0382012

36 45 0.0363831

37 45 0.0344214

38 45 0.0323238

39 45 0.0300987

40 45 0.0277548

41 45 0.0253014

42 45 0.0227481

43 45 0.020105

44 45 0.0173826

45 45 0.0145916

46 45 0.011743

47 45 0.00884801

48 45 0.00591815

49 45 0.00296492

50 45 0

0 46 0

1 46 0.0023861

2 46 0.00476279

3 46 0.00712068

4 46 0.00945047

5 46 0.011743

6 46 0.0139891

7 46 0.01618

8 46 0.0183071

9 46 0.020362

10 46 0.0223364

11 46 0.0242228

12 46 0.0260135

13 46 0.0277016

14 46 0.0292803

15 46 0.0307435

16 46 0.0320853

17 46 0.0333006

18 46 0.0343844

19 46 0.0353325

20 46 0.0361411

21 46 0.0368072

22 46 0.0373279

23 46 0.0377014

24 46 0.037926

25 46 0.038001

26 46 0.037926

27 46 0.0377014

28 46 0.0373279

29 46 0.0368072

30 46 0.0361411

31 46 0.0353325

32 46 0.0343844

33 46 0.0333006

34 46 0.0320853

35 46 0.0307435

36 46 0.0292803

37 46 0.0277016

38 46 0.0260135

39 46 0.0242228

40 46 0.0223364

41 46 0.020362

42 46 0.0183071

43 46 0.01618

44 46 0.0139891

45 46 0.011743

46 46 0.00945047

47 46 0.00712068

48 46 0.00476279

49 46 0.0023861

50 46 0

0 47 0

1 47 0.00179787

2 47 0.00358864

3 47 0.00536525

4 47 0.00712068

5 47 0.00884801

6 47 0.0105404

7 47 0.0121912

8 47 0.0137939

9 47 0.0153422

10 47 0.0168299

11 47 0.0182512

12 47 0.0196005

13 47 0.0208724

14 47 0.0220619

15 47 0.0231644

16 47 0.0241755

17 47 0.0250911

18 47 0.0259077

19 47 0.0266221

20 47 0.0272314

21 47 0.0277332

22 47 0.0281256

23 47 0.028407

24 47 0.0285763

25 47 0.0286328

26 47 0.0285763

27 47 0.028407

28 47 0.0281256

29 47 0.0277332

30 47 0.0272314

31 47 0.0266221

32 47 0.0259077

33 47 0.0250911

34 47 0.0241755

35 47 0.0231644

36 47 0.0220619

37 47 0.0208724

38 47 0.0196005

39 47 0.0182512

40 47 0.0168299

41 47 0.0153422

42 47 0.0137939

43 47 0.0121912

44 47 0.0105404

45 47 0.00884801

46 47 0.00712068

47 47 0.00536525

48 47 0.00358864

49 47 0.00179787

50 47 0

0 48 0

1 48 0.00120253

2 48 0.00240032

3 48 0.00358864

4 48 0.00476279

5 48 0.00591815

6 48 0.00705015

7 48 0.00815432

8 48 0.00922632

9 48 0.0102619

10 48 0.011257

11 48 0.0122076

12 48 0.0131101

13 48 0.0139609

14 48 0.0147565

15 48 0.0154939

16 48 0.0161702

17 48 0.0167826

18 48 0.0173288

19 48 0.0178066

20 48 0.0182142

21 48 0.0185498

22 48 0.0188123

23 48 0.0190005

24 48 0.0191137

25 48 0.0191515

26 48 0.0191137

27 48 0.0190005

28 48 0.0188123

29 48 0.0185498

30 48 0.0182142

31 48 0.0178066

32 48 0.0173288

33 48 0.0167826

34 48 0.0161702

35 48 0.0154939

36 48 0.0147565

37 48 0.0139609

38 48 0.0131101

39 48 0.0122076

40 48 0.011257

41 48 0.0102619

42 48 0.00922632

43 48 0.00815432

44 48 0.00705015

45 48 0.00591815

46 48 0.00476279

47 48 0.00358864

48 48 0.00240032

49 48 0.00120253

50 48 0

0 49 0

1 49 0.000602456

2 49 0.00120253

3 49 0.00179787

4 49 0.0023861

5 49 0.00296492

6 49 0.00353204

7 49 0.00408522

8 49 0.00462228

9 49 0.0051411

10 49 0.00563962

11 49 0.00611589

12 49 0.00656802

13 49 0.00699423

14 49 0.00739284

15 49 0.00776227

16 49 0.00810107

17 49 0.0084079

18 49 0.00868154

19 49 0.00892092

20 49 0.0091251

21 49 0.00929326

22 49 0.00942475

23 49 0.00951904

24 49 0.00957576

25 49 0.0095947

26 49 0.00957576

27 49 0.00951904

28 49 0.00942475

29 49 0.00929326

30 49 0.0091251

31 49 0.00892092

32 49 0.00868154

33 49 0.0084079

34 49 0.00810107

35 49 0.00776227

36 49 0.00739284

37 49 0.00699423

38 49 0.00656802

39 49 0.00611589

40 49 0.00563962

41 49 0.0051411

