0 1 0

1 1 0.00206392

2 1 0.00411969

3 1 0.00615921

4 1 0.00817441

5 1 0.0101574

6 1 0.0121002

7 1 0.0139953

8 1 0.0158352

9 1 0.0176126

10 1 0.0193204

11 1 0.0209521

12 1 0.022501

13 1 0.0239611

14 1 0.0253267

15 1 0.0265923

16 1 0.027753

17 1 0.0288041

18 1 0.0297416

19 1 0.0305617

20 1 0.0312611

21 1 0.0318372

22 1 0.0322877

23 1 0.0326107

24 1 0.032805

25 1 0.0328699

26 1 0.032805

27 1 0.0326107

28 1 0.0322877

29 1 0.0318372

30 1 0.0312611

31 1 0.0305617

32 1 0.0297416

33 1 0.0288041

34 1 0.027753

35 1 0.0265923

36 1 0.0253267

37 1 0.0239611

38 1 0.022501

39 1 0.0209521

40 1 0.0193204

41 1 0.0176126

42 1 0.0158352

43 1 0.0139953

44 1 0.0121002

45 1 0.0101574

46 1 0.00817441

47 1 0.00615921

48 1 0.00411969

49 1 0.00206392

50 1 0

0 2 0

1 2 0.00411969

2 2 0.00822313

3 2 0.0122941

4 2 0.0163166

5 2 0.0202746

6 2 0.0241527

7 2 0.0279354

8 2 0.0316079

9 2 0.0351556

10 2 0.0385646

11 2 0.0418214

12 2 0.0449132

13 2 0.0478277

14 2 0.0505534

15 2 0.0530797

16 2 0.0553964

17 2 0.0574946

18 2 0.0593658

19 2 0.0610027

20 2 0.0623989

21 2 0.0635488

22 2 0.064448

23 2 0.0650927

24 2 0.0654806

25 2 0.0656101

26 2 0.0654806

27 2 0.0650927

28 2 0.064448

29 2 0.0635488

30 2 0.0623989

31 2 0.0610027

32 2 0.0593658

33 2 0.0574946

34 2 0.0553964

35 2 0.0530797

36 2 0.0505534

37 2 0.0478277

38 2 0.0449132

39 2 0.0418214

40 2 0.0385646

41 2 0.0351556

42 2 0.0316079

43 2 0.0279354

44 2 0.0241527

45 2 0.0202746

46 2 0.0163166

47 2 0.0122941

48 2 0.00822313

49 2 0.00411969

50 2 0

0 3 0

1 3 0.00615921

2 3 0.0122941

3 3 0.0183805

4 3 0.0243943

5 3 0.0303119

6 3 0.0361098

7 3 0.0417653

8 3 0.0472559

9 3 0.05256

10 3 0.0576566

11 3 0.0625258

12 3 0.0671481

13 3 0.0715055

14 3 0.0755807

15 3 0.0793576

16 3 0.0828213

17 3 0.0859581

18 3 0.0887557

19 3 0.091203

20 3 0.0932904

21 3 0.0950096

22 3 0.0963539

23 3 0.0973179

24 3 0.0978978

25 3 0.0980913

26 3 0.0978978

27 3 0.0973179

28 3 0.0963539

29 3 0.0950096

30 3 0.0932904

31 3 0.091203

32 3 0.0887557

33 3 0.0859581

34 3 0.0828213

35 3 0.0793576

36 3 0.0755807

37 3 0.0715055

38 3 0.0671481

39 3 0.0625258

40 3 0.0576566

41 3 0.05256

42 3 0.0472559

43 3 0.0417653

44 3 0.0361098

45 3 0.0303119

46 3 0.0243943

47 3 0.0183805

48 3 0.0122941

49 3 0.00615921

50 3 0

0 4 0

1 4 0.00817441

2 4 0.0163166

3 4 0.0243943

4 4 0.0323758

5 4 0.0402295

6 4 0.0479245

7 4 0.0554303

8 4 0.0627173

9 4 0.0697569

10 4 0.0765211

11 4 0.0829833

12 4 0.0891181

13 4 0.0949011

14 4 0.10031

15 4 0.105322

16 4 0.109919

17 4 0.114082

18 4 0.117795

19 4 0.121043

20 4 0.123814

21 4 0.126095

22 4 0.12788

23 4 0.129159

24 4 0.129929

25 4 0.130185

26 4 0.129929

27 4 0.129159

28 4 0.12788

29 4 0.126095

30 4 0.123814

31 4 0.121043

32 4 0.117795

33 4 0.114082

34 4 0.109919

35 4 0.105322

36 4 0.10031

37 4 0.0949011

38 4 0.0891181

39 4 0.0829833

40 4 0.0765211

41 4 0.0697569

42 4 0.0627173

43 4 0.0554303

44 4 0.0479245

45 4 0.0402295

46 4 0.0323758

47 4 0.0243943

48 4 0.0163166

49 4 0.00817441

50 4 0

0 5 0

1 5 0.0101574

2 5 0.0202746

3 5 0.0303119

4 5 0.0402295

5 5 0.0499884

6 5 0.05955

7 5 0.0688765

8 5 0.0779313

9 5 0.0866785

10 5 0.0950836

11 5 0.103113

12 5 0.110736

13 5 0.117922

14 5 0.124643

15 5 0.130871

16 5 0.136583

17 5 0.141756

18 5 0.14637

19 5 0.150406

20 5 0.153848

21 5 0.156684

22 5 0.158901

23 5 0.16049

24 5 0.161447

25 5 0.161766

26 5 0.161447

27 5 0.16049

28 5 0.158901

29 5 0.156684

30 5 0.153848

31 5 0.150406

32 5 0.14637

33 5 0.141756

34 5 0.136583

35 5 0.130871

36 5 0.124643

37 5 0.117922

38 5 0.110736

39 5 0.103113

40 5 0.0950836

41 5 0.0866785

42 5 0.0779313

43 5 0.0688765

44 5 0.05955

45 5 0.0499884

46 5 0.0402295

47 5 0.0303119

48 5 0.0202746

49 5 0.0101574

50 5 0

0 6 0

1 6 0.0121002

2 6 0.0241527

3 6 0.0361098

4 6 0.0479245

5 6 0.05955

6 6 0.0709405

7 6 0.082051

8 6 0.0928377

9 6 0.103258

10 6 0.113271

11 6 0.122837

12 6 0.131918

13 6 0.140478

14 6 0.148484

15 6 0.155904

16 6 0.162709

17 6 0.168871

18 6 0.174367

19 6 0.179175

20 6 0.183276

21 6 0.186653

22 6 0.189294

23 6 0.191188

24 6 0.192327

25 6 0.192708

26 6 0.192327

27 6 0.191188

28 6 0.189294

29 6 0.186653

30 6 0.183276

31 6 0.179175

32 6 0.174367

33 6 0.168871

34 6 0.162709

35 6 0.155904

36 6 0.148484

37 6 0.140478

38 6 0.131918

39 6 0.122837

40 6 0.113271

41 6 0.103258

42 6 0.0928377

43 6 0.082051

44 6 0.0709405

45 6 0.05955

46 6 0.0479245

47 6 0.0361098

48 6 0.0241527

49 6 0.0121002

50 6 0

0 7 0

1 7 0.0139953

2 7 0.0279354

3 7 0.0417653

4 7 0.0554303

5 7 0.0688765

6 7 0.082051

7 7 0.0949016

8 7 0.107378

9 7 0.11943

10 7 0.131011

11 7 0.142075

12 7 0.152578

13 7 0.162479

14 7 0.171739

15 7 0.180321

16 7 0.188192

17 7 0.195319

18 7 0.201676

19 7 0.207237

20 7 0.21198

21 7 0.215887

22 7 0.218941

23 7 0.221132

24 7 0.222449

25 7 0.222889

26 7 0.222449

27 7 0.221132

28 7 0.218941

29 7 0.215887

30 7 0.21198

31 7 0.207237

32 7 0.201676

33 7 0.195319

34 7 0.188192

35 7 0.180321

36 7 0.171739

37 7 0.162479

38 7 0.152578

39 7 0.142075

40 7 0.131011

41 7 0.11943

42 7 0.107378

43 7 0.0949016

44 7 0.082051

45 7 0.0688765

46 7 0.0554303

47 7 0.0417653

48 7 0.0279354

49 7 0.0139953

50 7 0

0 8 0

1 8 0.0158352

2 8 0.0316079

3 8 0.0472559

4 8 0.0627173

5 8 0.0779313

6 8 0.0928377

7 8 0.107378

8 8 0.121494

9 8 0.135131

10 8 0.148234

11 8 0.160753

12 8 0.172637

13 8 0.183839

14 8 0.194316

15 8 0.204027

16 8 0.212932

17 8 0.220997

18 8 0.228189

19 8 0.234481

20 8 0.239848

21 8 0.244268

22 8 0.247724

23 8 0.250202

24 8 0.251693

25 8 0.252191

26 8 0.251693

27 8 0.250202

28 8 0.247724

29 8 0.244268

30 8 0.239848

31 8 0.234481

32 8 0.228189

33 8 0.220997

34 8 0.212932

35 8 0.204027

36 8 0.194316

37 8 0.183839

38 8 0.172637

39 8 0.160753

40 8 0.148234

41 8 0.135131

42 8 0.121494

43 8 0.107378

44 8 0.0928377

45 8 0.0779313

46 8 0.0627173

47 8 0.0472559

48 8 0.0316079

49 8 0.0158352

50 8 0

0 9 0

1 9 0.0176126

2 9 0.0351556

3 9 0.05256

4 9 0.0697569

5 9 0.0866785

6 9 0.103258

7 9 0.11943

8 9 0.135131

9 9 0.150298

10 9 0.164872

11 9 0.178796

12 9 0.192014

13 9 0.204474

14 9 0.216127

15 9 0.226927

16 9 0.236832

17 9 0.245802

18 9 0.253802

19 9 0.2608

20 9 0.266769

21 9 0.271685

22 9 0.275529

23 9 0.278286

24 9 0.279944

25 9 0.280497

26 9 0.279944

27 9 0.278286

28 9 0.275529

29 9 0.271685

30 9 0.266769

31 9 0.2608

32 9 0.253802

33 9 0.245802

34 9 0.236832

35 9 0.226927

36 9 0.216127

37 9 0.204474

38 9 0.192014

39 9 0.178796

40 9 0.164872

41 9 0.150298

42 9 0.135131

43 9 0.11943

44 9 0.103258

45 9 0.0866785

46 9 0.0697569

47 9 0.05256

48 9 0.0351556

49 9 0.0176126

50 9 0

0 10 0

1 10 0.0193204

2 10 0.0385646

3 10 0.0576566

4 10 0.0765211

5 10 0.0950836

6 10 0.113271

7 10 0.131011

8 10 0.148234

9 10 0.164872

10 10 0.18086

11 10 0.196133

12 10 0.210633

13 10 0.224301

14 10 0.237085

15 10 0.248932

16 10 0.259797

17 10 0.269637

18 10 0.278412

19 10 0.286089

20 10 0.292637

21 10 0.29803

22 10 0.302247

23 10 0.305271

24 10 0.30709

25 10 0.307697

26 10 0.30709

27 10 0.305271

28 10 0.302247

29 10 0.29803

30 10 0.292637

31 10 0.286089

32 10 0.278412

33 10 0.269637

34 10 0.259797

35 10 0.248932

36 10 0.237085

37 10 0.224301

38 10 0.210633

39 10 0.196133

40 10 0.18086

41 10 0.164872

42 10 0.148234

43 10 0.131011

44 10 0.113271

45 10 0.0950836

46 10 0.0765211

47 10 0.0576566

48 10 0.0385646

49 10 0.0193204

50 10 0

0 11 0

1 11 0.0209521

2 11 0.0418214

3 11 0.0625258

4 11 0.0829833

5 11 0.103113

6 11 0.122837

7 11 0.142075

8 11 0.160753

9 11 0.178796

10 11 0.196133

11 11 0.212697

12 11 0.228421

13 11 0.243244

14 11 0.257106

15 11 0.269954

16 11 0.281737

17 11 0.292408

18 11 0.301925

19 11 0.31025

20 11 0.31735

21 11 0.323199

22 11 0.327772

23 11 0.331051

24 11 0.333024

25 11 0.333682

26 11 0.333024

27 11 0.331051

28 11 0.327772

29 11 0.323199

30 11 0.31735

31 11 0.31025

32 11 0.301925

33 11 0.292408

34 11 0.281737

35 11 0.269954

36 11 0.257106

37 11 0.243244

38 11 0.228421

39 11 0.212697

40 11 0.196133

41 11 0.178796

42 11 0.160753

43 11 0.142075

44 11 0.122837

45 11 0.103113

46 11 0.0829833

47 11 0.0625258

48 11 0.0418214

49 11 0.0209521

50 11 0

0 12 0

1 12 0.022501

2 12 0.0449132

3 12 0.0671481

4 12 0.0891181

5 12 0.110736

6 12 0.131918

7 12 0.152578

8 12 0.172637

9 12 0.192014

10 12 0.210633

11 12 0.228421

12 12 0.245308

13 12 0.261226

14 12 0.276114

15 12 0.289911

16 12 0.302565

17 12 0.314025

18 12 0.324245

19 12 0.333186

20 12 0.340811

21 12 0.347092

22 12 0.352003

23 12 0.355525

24 12 0.357643

25 12 0.35835

26 12 0.357643

27 12 0.355525

28 12 0.352003

29 12 0.347092

30 12 0.340811

31 12 0.333186

32 12 0.324245

33 12 0.314025

34 12 0.302565

35 12 0.289911

36 12 0.276114

37 12 0.261226

38 12 0.245308

39 12 0.228421

40 12 0.210633

41 12 0.192014

42 12 0.172637

43 12 0.152578

44 12 0.131918

45 12 0.110736

46 12 0.0891181

47 12 0.0671481

48 12 0.0449132

49 12 0.022501

50 12 0

0 13 0

1 13 0.0239611

2 13 0.0478277

3 13 0.0715055

4 13 0.0949011

5 13 0.117922

6 13 0.140478

7 13 0.162479

8 13 0.183839

9 13 0.204474

10 13 0.224301

11 13 0.243244

12 13 0.261226

13 13 0.278178

14 13 0.294031

15 13 0.308724

16 13 0.322199

17 13 0.334402

18 13 0.345286

19 13 0.354807

20 13 0.362927

21 13 0.369615

22 13 0.374845

23 13 0.378595

24 13 0.380851

25 13 0.381604

26 13 0.380851

27 13 0.378595

28 13 0.374845

29 13 0.369615

30 13 0.362927

31 13 0.354807

32 13 0.345286

33 13 0.334402

34 13 0.322199

35 13 0.308724

36 13 0.294031

37 13 0.278178

38 13 0.261226

39 13 0.243244

40 13 0.224301

41 13 0.204474

42 13 0.183839

43 13 0.162479

44 13 0.140478

45 13 0.117922

46 13 0.0949011

47 13 0.0715055

48 13 0.0478277

49 13 0.0239611

50 13 0

0 14 0

1 14 0.0253267

2 14 0.0505534

3 14 0.0755807

4 14 0.10031

5 14 0.124643

6 14 0.148484

7 14 0.171739

8 14 0.194316

9 14 0.216127

10 14 0.237085

11 14 0.257106

12 14 0.276114

13 14 0.294031

14 14 0.310788

15 14 0.326319

16 14 0.340562

17 14 0.35346

18 14 0.364964

19 14 0.375027

20 14 0.383611

21 14 0.39068

22 14 0.396208

23 14 0.400172

24 14 0.402556

25 14 0.403352

26 14 0.402556

27 14 0.400172

28 14 0.396208

29 14 0.39068

30 14 0.383611

31 14 0.375027

32 14 0.364964

33 14 0.35346

34 14 0.340562

35 14 0.326319

36 14 0.310788

37 14 0.294031

38 14 0.276114

39 14 0.257106

40 14 0.237085

41 14 0.216127

42 14 0.194316

43 14 0.171739

44 14 0.148484

45 14 0.124643

46 14 0.10031

47 14 0.0755807

48 14 0.0505534

49 14 0.0253267

50 14 0

0 15 0

1 15 0.0265923

2 15 0.0530797

3 15 0.0793576

4 15 0.105322

5 15 0.130871

6 15 0.155904

7 15 0.180321

8 15 0.204027

9 15 0.226927

10 15 0.248932

11 15 0.269954

12 15 0.289911

13 15 0.308724

14 15 0.326319

15 15 0.342626

16 15 0.35758

17 15 0.371123

18 15 0.383202

19 15 0.393768

20 15 0.40278

21 15 0.410203

22 15 0.416007

23 15 0.420169

24 15 0.422673

25 15 0.423508

26 15 0.422673

27 15 0.420169

28 15 0.416007

29 15 0.410203

30 15 0.40278

31 15 0.393768

32 15 0.383202

33 15 0.371123

34 15 0.35758

35 15 0.342626

36 15 0.326319

37 15 0.308724

38 15 0.289911

39 15 0.269954

40 15 0.248932

41 15 0.226927

42 15 0.204027

43 15 0.180321

44 15 0.155904

45 15 0.130871

46 15 0.105322

47 15 0.0793576

48 15 0.0530797

49 15 0.0265923

50 15 0

0 16 0

1 16 0.027753

2 16 0.0553964

3 16 0.0828213

4 16 0.109919

5 16 0.136583

6 16 0.162709

7 16 0.188192

8 16 0.212932

9 16 0.236832

10 16 0.259797

11 16 0.281737

12 16 0.302565

13 16 0.322199

14 16 0.340562

15 16 0.35758

16 16 0.373187

17 16 0.387322

18 16 0.399927

19 16 0.410955

20 16 0.42036

21 16 0.428107

22 16 0.434164

23 16 0.438508

24 16 0.441121

25 16 0.441993

26 16 0.441121

27 16 0.438508

28 16 0.434164

29 16 0.428107

30 16 0.42036

31 16 0.410955

32 16 0.399927

33 16 0.387322

34 16 0.373187

35 16 0.35758

36 16 0.340562

37 16 0.322199

38 16 0.302565

39 16 0.281737

40 16 0.259797

41 16 0.236832

42 16 0.212932

43 16 0.188192

44 16 0.162709

45 16 0.136583

46 16 0.109919

47 16 0.0828213

48 16 0.0553964

49 16 0.027753

50 16 0

0 17 0

1 17 0.0288041

2 17 0.0574946

3 17 0.0859581

4 17 0.114082

5 17 0.141756

6 17 0.168871

7 17 0.195319

8 17 0.220997

9 17 0.245802

10 17 0.269637

11 17 0.292408

12 17 0.314025

13 17 0.334402

14 17 0.35346

15 17 0.371123

16 17 0.387322

17 17 0.401991

18 17 0.415075

19 17 0.42652

20 17 0.436282

21 17 0.444322

22 17 0.450608

23 17 0.455116

24 17 0.457828

25 17 0.458734

26 17 0.457828

27 17 0.455116

28 17 0.450608

29 17 0.444322

30 17 0.436282

31 17 0.42652

32 17 0.415075

33 17 0.401991

34 17 0.387322

35 17 0.371123

36 17 0.35346

37 17 0.334402

38 17 0.314025

39 17 0.292408

40 17 0.269637

41 17 0.245802

42 17 0.220997

43 17 0.195319

44 17 0.168871

45 17 0.141756

46 17 0.114082

47 17 0.0859581

48 17 0.0574946

49 17 0.0288041

50 17 0

0 18 0

1 18 0.0297416

2 18 0.0593658

3 18 0.0887557

4 18 0.117795

5 18 0.14637

6 18 0.174367

7 18 0.201676

8 18 0.228189

9 18 0.253802

10 18 0.278412

11 18 0.301925

12 18 0.324245

13 18 0.345286

14 18 0.364964

15 18 0.383202

16 18 0.399927

17 18 0.415075

18 18 0.428584

19 18 0.440401

20 18 0.450481

21 18 0.458783

22 18 0.465274

23 18 0.469929

24 18 0.472729

25 18 0.473664

26 18 0.472729

27 18 0.469929

28 18 0.465274

29 18 0.458783

30 18 0.450481

31 18 0.440401

32 18 0.428584

33 18 0.415075

34 18 0.399927

35 18 0.383202

36 18 0.364964

37 18 0.345286

38 18 0.324245

39 18 0.301925

40 18 0.278412

41 18 0.253802

42 18 0.228189

43 18 0.201676

44 18 0.174367

45 18 0.14637

46 18 0.117795

47 18 0.0887557

48 18 0.0593658

49 18 0.0297416

50 18 0

0 19 0

1 19 0.0305617

2 19 0.0610027

3 19 0.091203

4 19 0.121043

5 19 0.150406

6 19 0.179175

7 19 0.207237

8 19 0.234481

9 19 0.2608

10 19 0.286089

11 19 0.31025

12 19 0.333186

13 19 0.354807

14 19 0.375027

15 19 0.393768

16 19 0.410955

17 19 0.42652

18 19 0.440401

19 19 0.452545

20 19 0.462902

21 19 0.471433

22 19 0.478103

23 19 0.482886

24 19 0.485764

25 19 0.486724

26 19 0.485764

27 19 0.482886

28 19 0.478103

29 19 0.471433

30 19 0.462902

31 19 0.452545

32 19 0.440401

33 19 0.42652

34 19 0.410955

35 19 0.393768

36 19 0.375027

37 19 0.354807

38 19 0.333186

39 19 0.31025

40 19 0.286089

41 19 0.2608

42 19 0.234481

43 19 0.207237

44 19 0.179175

45 19 0.150406

46 19 0.121043

47 19 0.091203

48 19 0.0610027

49 19 0.0305617

50 19 0

0 20 0

1 20 0.0312611

2 20 0.0623989

3 20 0.0932904

4 20 0.123814

5 20 0.153848

6 20 0.183276

7 20 0.21198

8 20 0.239848

9 20 0.266769

10 20 0.292637

11 20 0.31735

12 20 0.340811

13 20 0.362927

14 20 0.383611

15 20 0.40278

16 20 0.42036

17 20 0.436282

18 20 0.450481

19 20 0.462902

20 20 0.473497

21 20 0.482223

22 20 0.489045

23 20 0.493938

24 20 0.496882

25 20 0.497864

26 20 0.496882

27 20 0.493938

28 20 0.489045

29 20 0.482223

30 20 0.473497

31 20 0.462902

32 20 0.450481

33 20 0.436282

34 20 0.42036

35 20 0.40278

36 20 0.383611

37 20 0.362927

38 20 0.340811

39 20 0.31735

40 20 0.292637

41 20 0.266769

42 20 0.239848

43 20 0.21198

44 20 0.183276

45 20 0.153848

46 20 0.123814

47 20 0.0932904

48 20 0.0623989

49 20 0.0312611

50 20 0

0 21 0

1 21 0.0318372

2 21 0.0635488

3 21 0.0950096

4 21 0.126095

5 21 0.156684

6 21 0.186653

7 21 0.215887

8 21 0.244268

9 21 0.271685

10 21 0.29803

11 21 0.323199

12 21 0.347092

13 21 0.369615

14 21 0.39068

15 21 0.410203

16 21 0.428107

17 21 0.444322

18 21 0.458783

19 21 0.471433

20 21 0.482223

21 21 0.491109

22 21 0.498058

23 21 0.503041

24 21 0.506038

25 21 0.507039

26 21 0.506038

27 21 0.503041

28 21 0.498058

29 21 0.491109

30 21 0.482223

31 21 0.471433

32 21 0.458783

33 21 0.444322

34 21 0.428107

35 21 0.410203

36 21 0.39068

37 21 0.369615

38 21 0.347092

39 21 0.323199

40 21 0.29803

41 21 0.271685

42 21 0.244268

43 21 0.215887

44 21 0.186653

45 21 0.156684

46 21 0.126095

47 21 0.0950096

48 21 0.0635488

49 21 0.0318372

50 21 0

0 22 0

1 22 0.0322877

2 22 0.064448

3 22 0.0963539

4 22 0.12788

5 22 0.158901

6 22 0.189294

7 22 0.218941

8 22 0.247724

9 22 0.275529

10 22 0.302247

11 22 0.327772

12 22 0.352003

13 22 0.374845

14 22 0.396208

15 22 0.416007

16 22 0.434164

17 22 0.450608

18 22 0.465274

19 22 0.478103

20 22 0.489045

21 22 0.498058

22 22 0.505105

23 22 0.510158

24 22 0.513198

25 22 0.514213

26 22 0.513198

27 22 0.510158

28 22 0.505105

29 22 0.498058

30 22 0.489045

31 22 0.478103

32 22 0.465274

33 22 0.450608

34 22 0.434164

35 22 0.416007

36 22 0.396208

37 22 0.374845

38 22 0.352003

39 22 0.327772

40 22 0.302247

41 22 0.275529

42 22 0.247724

43 22 0.218941

44 22 0.189294

45 22 0.158901

46 22 0.12788

47 22 0.0963539

48 22 0.064448

49 22 0.0322877

50 22 0

0 23 0

1 23 0.0326107

2 23 0.0650927

3 23 0.0973179

4 23 0.129159

5 23 0.16049

6 23 0.191188

7 23 0.221132

8 23 0.250202

9 23 0.278286

10 23 0.305271

11 23 0.331051

12 23 0.355525

13 23 0.378595

14 23 0.400172

15 23 0.420169

16 23 0.438508

17 23 0.455116

18 23 0.469929

19 23 0.482886

20 23 0.493938

21 23 0.503041

22 23 0.510158

23 23 0.515262

24 23 0.518333

25 23 0.519357

26 23 0.518333

27 23 0.515262

28 23 0.510158

29 23 0.503041

30 23 0.493938

31 23 0.482886

32 23 0.469929

33 23 0.455116

34 23 0.438508

35 23 0.420169

36 23 0.400172

37 23 0.378595

38 23 0.355525

39 23 0.331051

40 23 0.305271

41 23 0.278286

42 23 0.250202

43 23 0.221132

44 23 0.191188

45 23 0.16049

46 23 0.129159

47 23 0.0973179

48 23 0.0650927

49 23 0.0326107

50 23 0

0 24 0

1 24 0.032805

2 24 0.0654806

3 24 0.0978978

4 24 0.129929

5 24 0.161447

6 24 0.192327

7 24 0.222449

8 24 0.251693

9 24 0.279944

10 24 0.30709

11 24 0.333024

12 24 0.357643

13 24 0.380851

14 24 0.402556

15 24 0.422673

16 24 0.441121

17 24 0.457828

18 24 0.472729

19 24 0.485764

20 24 0.496882

21 24 0.506038

22 24 0.513198

23 24 0.518333

24 24 0.521421

25 24 0.522452

26 24 0.521421

27 24 0.518333

28 24 0.513198

29 24 0.506038

30 24 0.496882

31 24 0.485764

32 24 0.472729

33 24 0.457828

34 24 0.441121

35 24 0.422673

36 24 0.402556

37 24 0.380851

38 24 0.357643

39 24 0.333024

40 24 0.30709

41 24 0.279944

42 24 0.251693

43 24 0.222449

44 24 0.192327

45 24 0.161447

46 24 0.129929

47 24 0.0978978

48 24 0.0654806

49 24 0.032805

50 24 0

0 25 0

1 25 0.0328699

2 25 0.0656101

3 25 0.0980913

4 25 0.130185

5 25 0.161766

6 25 0.192708

7 25 0.222889

8 25 0.252191

9 25 0.280497

10 25 0.307697

11 25 0.333682

12 25 0.35835

13 25 0.381604

14 25 0.403352

15 25 0.423508

16 25 0.441993

17 25 0.458734

18 25 0.473664

19 25 0.486724

20 25 0.497864

21 25 0.507039

22 25 0.514213

23 25 0.519357

24 25 0.522452

25 25 0.523485

26 25 0.522452

27 25 0.519357

28 25 0.514213

29 25 0.507039

30 25 0.497864

31 25 0.486724

32 25 0.473664

33 25 0.458734

34 25 0.441993

35 25 0.423508

36 25 0.403352

37 25 0.381604

38 25 0.35835

39 25 0.333682

40 25 0.307697

41 25 0.280497

42 25 0.252191

43 25 0.222889

44 25 0.192708

45 25 0.161766

46 25 0.130185

47 25 0.0980913

48 25 0.0656101

49 25 0.0328699

50 25 0

0 26 0

1 26 0.032805

2 26 0.0654806

3 26 0.0978978

4 26 0.129929

5 26 0.161447

6 26 0.192327

7 26 0.222449

8 26 0.251693

9 26 0.279944

10 26 0.30709

11 26 0.333024

12 26 0.357643

13 26 0.380851

14 26 0.402556

15 26 0.422673

16 26 0.441121

17 26 0.457828

18 26 0.472729

19 26 0.485764

20 26 0.496882

21 26 0.506038

22 26 0.513198

23 26 0.518333

24 26 0.521421

25 26 0.522452

26 26 0.521421

27 26 0.518333

28 26 0.513198

29 26 0.506038

30 26 0.496882

31 26 0.485764

32 26 0.472729

33 26 0.457828

34 26 0.441121

35 26 0.422673

36 26 0.402556

37 26 0.380851

38 26 0.357643

39 26 0.333024

40 26 0.30709

41 26 0.279944

42 26 0.251693

43 26 0.222449

44 26 0.192327

45 26 0.161447

46 26 0.129929

47 26 0.0978978

48 26 0.0654806

49 26 0.032805

50 26 0

0 27 0

1 27 0.0326107

2 27 0.0650927

3 27 0.0973179

4 27 0.129159

5 27 0.16049

6 27 0.191188

7 27 0.221132

8 27 0.250202

9 27 0.278286

10 27 0.305271

11 27 0.331051

12 27 0.355525

13 27 0.378595

14 27 0.400172

15 27 0.420169

16 27 0.438508

17 27 0.455116

18 27 0.469929

19 27 0.482886

20 27 0.493938

21 27 0.503041

22 27 0.510158

23 27 0.515262

24 27 0.518333

25 27 0.519357

26 27 0.518333

27 27 0.515262

28 27 0.510158

29 27 0.503041

30 27 0.493938

31 27 0.482886

32 27 0.469929

33 27 0.455116

34 27 0.438508

35 27 0.420169

36 27 0.400172

37 27 0.378595

38 27 0.355525

39 27 0.331051

40 27 0.305271

41 27 0.278286

42 27 0.250202

43 27 0.221132

44 27 0.191188

45 27 0.16049

46 27 0.129159

47 27 0.0973179

48 27 0.0650927

49 27 0.0326107

50 27 0

0 28 0

1 28 0.0322877

2 28 0.064448

3 28 0.0963539

4 28 0.12788

5 28 0.158901

6 28 0.189294

7 28 0.218941

8 28 0.247724

9 28 0.275529

10 28 0.302247

11 28 0.327772

12 28 0.352003

13 28 0.374845

14 28 0.396208

15 28 0.416007

16 28 0.434164

17 28 0.450608

18 28 0.465274

19 28 0.478103

20 28 0.489045

21 28 0.498058

22 28 0.505105

23 28 0.510158

24 28 0.513198

25 28 0.514213

26 28 0.513198

27 28 0.510158

28 28 0.505105

29 28 0.498058

30 28 0.489045

31 28 0.478103

32 28 0.465274

33 28 0.450608

34 28 0.434164

35 28 0.416007

36 28 0.396208

37 28 0.374845

38 28 0.352003

39 28 0.327772

40 28 0.302247

41 28 0.275529

42 28 0.247724

43 28 0.218941

44 28 0.189294

45 28 0.158901

46 28 0.12788

47 28 0.0963539

48 28 0.064448

49 28 0.0322877

50 28 0

0 29 0

1 29 0.0318372

2 29 0.0635488

3 29 0.0950096

4 29 0.126095

5 29 0.156684

6 29 0.186653

7 29 0.215887

8 29 0.244268

9 29 0.271685

10 29 0.29803

11 29 0.323199

12 29 0.347092

13 29 0.369615

14 29 0.39068

15 29 0.410203

16 29 0.428107

17 29 0.444322

18 29 0.458783

19 29 0.471433

20 29 0.482223

21 29 0.491109

22 29 0.498058

23 29 0.503041

24 29 0.506038

25 29 0.507039

26 29 0.506038

27 29 0.503041

28 29 0.498058

29 29 0.491109

30 29 0.482223

31 29 0.471433

32 29 0.458783

33 29 0.444322

34 29 0.428107

35 29 0.410203

36 29 0.39068

37 29 0.369615

38 29 0.347092

39 29 0.323199

40 29 0.29803

41 29 0.271685

42 29 0.244268

43 29 0.215887

44 29 0.186653

45 29 0.156684

46 29 0.126095

47 29 0.0950096

48 29 0.0635488

49 29 0.0318372

50 29 0

0 30 0

1 30 0.0312611

2 30 0.0623989

3 30 0.0932904

4 30 0.123814

5 30 0.153848

6 30 0.183276

7 30 0.21198

8 30 0.239848

9 30 0.266769

10 30 0.292637

11 30 0.31735

12 30 0.340811

13 30 0.362927

14 30 0.383611

15 30 0.40278

16 30 0.42036

17 30 0.436282

18 30 0.450481

19 30 0.462902

20 30 0.473497

21 30 0.482223

22 30 0.489045

23 30 0.493938

24 30 0.496882

25 30 0.497864

26 30 0.496882

27 30 0.493938

28 30 0.489045

29 30 0.482223

30 30 0.473497

31 30 0.462902

32 30 0.450481

33 30 0.436282

34 30 0.42036

35 30 0.40278

36 30 0.383611

37 30 0.362927

38 30 0.340811

39 30 0.31735

40 30 0.292637

41 30 0.266769

42 30 0.239848

43 30 0.21198

44 30 0.183276

45 30 0.153848

46 30 0.123814

47 30 0.0932904

48 30 0.0623989

49 30 0.0312611

50 30 0

0 31 0

1 31 0.0305617

2 31 0.0610027

3 31 0.091203

4 31 0.121043

5 31 0.150406

6 31 0.179175

7 31 0.207237

8 31 0.234481

9 31 0.2608

10 31 0.286089

11 31 0.31025

12 31 0.333186

13 31 0.354807

14 31 0.375027

15 31 0.393768

16 31 0.410955

17 31 0.42652

18 31 0.440401

19 31 0.452545

20 31 0.462902

21 31 0.471433

22 31 0.478103

23 31 0.482886

24 31 0.485764

25 31 0.486724

26 31 0.485764

27 31 0.482886

28 31 0.478103

29 31 0.471433

30 31 0.462902

31 31 0.452545

32 31 0.440401

33 31 0.42652

34 31 0.410955

35 31 0.393768

36 31 0.375027

37 31 0.354807

38 31 0.333186

39 31 0.31025

40 31 0.286089

41 31 0.2608

42 31 0.234481

43 31 0.207237

44 31 0.179175

45 31 0.150406

46 31 0.121043

47 31 0.091203

48 31 0.0610027

49 31 0.0305617

50 31 0

0 32 0

1 32 0.0297416

2 32 0.0593658

3 32 0.0887557

4 32 0.117795

5 32 0.14637

6 32 0.174367

7 32 0.201676

8 32 0.228189

9 32 0.253802

10 32 0.278412

11 32 0.301925

12 32 0.324245

13 32 0.345286

14 32 0.364964

15 32 0.383202

16 32 0.399927

17 32 0.415075

18 32 0.428584

19 32 0.440401

20 32 0.450481

21 32 0.458783

22 32 0.465274

23 32 0.469929

24 32 0.472729

25 32 0.473664

26 32 0.472729

27 32 0.469929

28 32 0.465274

29 32 0.458783

30 32 0.450481

31 32 0.440401

32 32 0.428584

33 32 0.415075

34 32 0.399927

35 32 0.383202

36 32 0.364964

37 32 0.345286

38 32 0.324245

39 32 0.301925

40 32 0.278412

41 32 0.253802

42 32 0.228189

43 32 0.201676

44 32 0.174367

45 32 0.14637

46 32 0.117795

47 32 0.0887557

48 32 0.0593658

49 32 0.0297416

50 32 0

0 33 0

1 33 0.0288041

2 33 0.0574946

3 33 0.0859581

4 33 0.114082

5 33 0.141756

6 33 0.168871

7 33 0.195319

8 33 0.220997

9 33 0.245802

10 33 0.269637

11 33 0.292408

12 33 0.314025

13 33 0.334402

14 33 0.35346

15 33 0.371123

16 33 0.387322

17 33 0.401991

18 33 0.415075

19 33 0.42652

20 33 0.436282

21 33 0.444322

22 33 0.450608

23 33 0.455116

24 33 0.457828

25 33 0.458734

26 33 0.457828

27 33 0.455116

28 33 0.450608

29 33 0.444322

30 33 0.436282

31 33 0.42652

32 33 0.415075

33 33 0.401991

34 33 0.387322

35 33 0.371123

36 33 0.35346

37 33 0.334402

38 33 0.314025

39 33 0.292408

40 33 0.269637

41 33 0.245802

42 33 0.220997

43 33 0.195319

44 33 0.168871

45 33 0.141756

46 33 0.114082

47 33 0.0859581

48 33 0.0574946

49 33 0.0288041

50 33 0

0 34 0

1 34 0.027753

2 34 0.0553964

3 34 0.0828213

4 34 0.109919

5 34 0.136583

6 34 0.162709

7 34 0.188192

8 34 0.212932

9 34 0.236832

10 34 0.259797

11 34 0.281737

12 34 0.302565

13 34 0.322199

14 34 0.340562

15 34 0.35758

16 34 0.373187

17 34 0.387322

18 34 0.399927

19 34 0.410955

20 34 0.42036

21 34 0.428107

22 34 0.434164

23 34 0.438508

24 34 0.441121

25 34 0.441993

26 34 0.441121

27 34 0.438508

28 34 0.434164

29 34 0.428107

30 34 0.42036

31 34 0.410955

32 34 0.399927

33 34 0.387322

34 34 0.373187

35 34 0.35758

36 34 0.340562

37 34 0.322199

38 34 0.302565

39 34 0.281737

40 34 0.259797

41 34 0.236832

42 34 0.212932

43 34 0.188192

44 34 0.162709

45 34 0.136583

46 34 0.109919

47 34 0.0828213

48 34 0.0553964

49 34 0.027753

50 34 0

0 35 0

1 35 0.0265923

2 35 0.0530797

3 35 0.0793576

4 35 0.105322

5 35 0.130871

6 35 0.155904

7 35 0.180321

8 35 0.204027

9 35 0.226927

10 35 0.248932

11 35 0.269954

12 35 0.289911

13 35 0.308724

14 35 0.326319

15 35 0.342626

16 35 0.35758

17 35 0.371123

18 35 0.383202

19 35 0.393768

20 35 0.40278

21 35 0.410203

22 35 0.416007

23 35 0.420169

24 35 0.422673

25 35 0.423508

26 35 0.422673

27 35 0.420169

28 35 0.416007

29 35 0.410203

30 35 0.40278

31 35 0.393768

32 35 0.383202

33 35 0.371123

34 35 0.35758

35 35 0.342626

36 35 0.326319

37 35 0.308724

38 35 0.289911

39 35 0.269954

40 35 0.248932

41 35 0.226927

42 35 0.204027

43 35 0.180321

44 35 0.155904

45 35 0.130871

46 35 0.105322

47 35 0.0793576

48 35 0.0530797

49 35 0.0265923

50 35 0

0 36 0

1 36 0.0253267

2 36 0.0505534

3 36 0.0755807

4 36 0.10031

5 36 0.124643

6 36 0.148484

7 36 0.171739

8 36 0.194316

9 36 0.216127

10 36 0.237085

11 36 0.257106

12 36 0.276114

13 36 0.294031

14 36 0.310788

15 36 0.326319

16 36 0.340562

17 36 0.35346

18 36 0.364964

19 36 0.375027

20 36 0.383611

21 36 0.39068

22 36 0.396208

23 36 0.400172

24 36 0.402556

25 36 0.403352

26 36 0.402556

27 36 0.400172

28 36 0.396208

29 36 0.39068

30 36 0.383611

31 36 0.375027

32 36 0.364964

33 36 0.35346

34 36 0.340562

35 36 0.326319

36 36 0.310788

37 36 0.294031

38 36 0.276114

39 36 0.257106

40 36 0.237085

41 36 0.216127

42 36 0.194316

43 36 0.171739

44 36 0.148484

45 36 0.124643

46 36 0.10031

47 36 0.0755807

48 36 0.0505534

49 36 0.0253267

50 36 0

0 37 0

1 37 0.0239611

2 37 0.0478277

3 37 0.0715055

4 37 0.0949011

5 37 0.117922

6 37 0.140478

7 37 0.162479

8 37 0.183839

9 37 0.204474

10 37 0.224301

11 37 0.243244

12 37 0.261226

13 37 0.278178

14 37 0.294031

15 37 0.308724

16 37 0.322199

17 37 0.334402

18 37 0.345286

19 37 0.354807

20 37 0.362927

21 37 0.369615

22 37 0.374845

23 37 0.378595

24 37 0.380851

25 37 0.381604

26 37 0.380851

27 37 0.378595

28 37 0.374845

29 37 0.369615

30 37 0.362927

31 37 0.354807

32 37 0.345286

33 37 0.334402

34 37 0.322199

35 37 0.308724

36 37 0.294031

37 37 0.278178

38 37 0.261226

39 37 0.243244

40 37 0.224301

41 37 0.204474

42 37 0.183839

43 37 0.162479

44 37 0.140478

45 37 0.117922

46 37 0.0949011

47 37 0.0715055

48 37 0.0478277

49 37 0.0239611

50 37 0

0 38 0

1 38 0.022501

2 38 0.0449132

3 38 0.0671481

4 38 0.0891181

5 38 0.110736

6 38 0.131918

7 38 0.152578

8 38 0.172637

9 38 0.192014

10 38 0.210633

11 38 0.228421

12 38 0.245308

13 38 0.261226

14 38 0.276114

15 38 0.289911

16 38 0.302565

17 38 0.314025

18 38 0.324245

19 38 0.333186

20 38 0.340811

21 38 0.347092

22 38 0.352003

23 38 0.355525

24 38 0.357643

25 38 0.35835

26 38 0.357643

27 38 0.355525

28 38 0.352003

29 38 0.347092

30 38 0.340811

31 38 0.333186

32 38 0.324245

33 38 0.314025

34 38 0.302565

35 38 0.289911

36 38 0.276114

37 38 0.261226

38 38 0.245308

39 38 0.228421

40 38 0.210633

41 38 0.192014

42 38 0.172637

43 38 0.152578

44 38 0.131918

45 38 0.110736

46 38 0.0891181

47 38 0.0671481

48 38 0.0449132

49 38 0.022501

50 38 0

0 39 0

1 39 0.0209521

2 39 0.0418214

3 39 0.0625258

4 39 0.0829833

5 39 0.103113

6 39 0.122837

7 39 0.142075

8 39 0.160753

9 39 0.178796

10 39 0.196133

11 39 0.212697

12 39 0.228421

13 39 0.243244

14 39 0.257106

15 39 0.269954

16 39 0.281737

17 39 0.292408

18 39 0.301925

19 39 0.31025

20 39 0.31735

21 39 0.323199

22 39 0.327772

23 39 0.331051

24 39 0.333024

25 39 0.333682

26 39 0.333024

27 39 0.331051

28 39 0.327772

29 39 0.323199

30 39 0.31735

31 39 0.31025

32 39 0.301925

33 39 0.292408

34 39 0.281737

35 39 0.269954

36 39 0.257106

37 39 0.243244

38 39 0.228421

39 39 0.212697

40 39 0.196133

41 39 0.178796

42 39 0.160753

43 39 0.142075

44 39 0.122837

45 39 0.103113

46 39 0.0829833

47 39 0.0625258

48 39 0.0418214

49 39 0.0209521

50 39 0

0 40 0

1 40 0.0193204

2 40 0.0385646

3 40 0.0576566

4 40 0.0765211

5 40 0.0950836

6 40 0.113271

7 40 0.131011

8 40 0.148234

9 40 0.164872

10 40 0.18086

11 40 0.196133

12 40 0.210633

13 40 0.224301

14 40 0.237085

15 40 0.248932

16 40 0.259797

17 40 0.269637

18 40 0.278412

19 40 0.286089

20 40 0.292637

21 40 0.29803

22 40 0.302247

23 40 0.305271

24 40 0.30709

25 40 0.307697

26 40 0.30709

27 40 0.305271

28 40 0.302247

29 40 0.29803

30 40 0.292637

31 40 0.286089

32 40 0.278412

33 40 0.269637

34 40 0.259797

35 40 0.248932

36 40 0.237085

37 40 0.224301

38 40 0.210633

39 40 0.196133

40 40 0.18086

41 40 0.164872

42 40 0.148234

43 40 0.131011

44 40 0.113271

45 40 0.0950836

46 40 0.0765211

47 40 0.0576566

48 40 0.0385646

49 40 0.0193204

50 40 0

0 41 0

1 41 0.0176126

2 41 0.0351556

3 41 0.05256

4 41 0.0697569

5 41 0.0866785

6 41 0.103258

7 41 0.11943

8 41 0.135131

9 41 0.150298

10 41 0.164872

11 41 0.178796

12 41 0.192014

13 41 0.204474

14 41 0.216127

15 41 0.226927

16 41 0.236832

17 41 0.245802

18 41 0.253802

19 41 0.2608

20 41 0.266769

21 41 0.271685

22 41 0.275529

23 41 0.278286

24 41 0.279944

25 41 0.280497

26 41 0.279944

27 41 0.278286

28 41 0.275529

29 41 0.271685

30 41 0.266769

31 41 0.2608

32 41 0.253802

33 41 0.245802

34 41 0.236832

35 41 0.226927

36 41 0.216127

37 41 0.204474

38 41 0.192014

39 41 0.178796

40 41 0.164872

41 41 0.150298

42 41 0.135131

43 41 0.11943

44 41 0.103258

45 41 0.0866785

46 41 0.0697569

47 41 0.05256

48 41 0.0351556

49 41 0.0176126

50 41 0

0 42 0

1 42 0.0158352

2 42 0.0316079

3 42 0.0472559

4 42 0.0627173

5 42 0.0779313

6 42 0.0928377

7 42 0.107378

8 42 0.121494

9 42 0.135131

10 42 0.148234

11 42 0.160753

12 42 0.172637

13 42 0.183839

14 42 0.194316

15 42 0.204027

16 42 0.212932

17 42 0.220997

18 42 0.228189

19 42 0.234481

20 42 0.239848

21 42 0.244268

22 42 0.247724

23 42 0.250202

24 42 0.251693

25 42 0.252191

26 42 0.251693

27 42 0.250202

28 42 0.247724

29 42 0.244268

30 42 0.239848

31 42 0.234481

32 42 0.228189

33 42 0.220997

34 42 0.212932

35 42 0.204027

36 42 0.194316

37 42 0.183839

38 42 0.172637

39 42 0.160753

40 42 0.148234

41 42 0.135131

42 42 0.121494

43 42 0.107378

44 42 0.0928377

45 42 0.0779313

46 42 0.0627173

47 42 0.0472559

48 42 0.0316079

49 42 0.0158352

50 42 0

0 43 0

1 43 0.0139953

2 43 0.0279354

3 43 0.0417653

4 43 0.0554303

5 43 0.0688765

6 43 0.082051

7 43 0.0949016

8 43 0.107378

9 43 0.11943

10 43 0.131011

11 43 0.142075

12 43 0.152578

13 43 0.162479

14 43 0.171739

15 43 0.180321

16 43 0.188192

17 43 0.195319

18 43 0.201676

19 43 0.207237

20 43 0.21198

21 43 0.215887

22 43 0.218941

23 43 0.221132

24 43 0.222449

25 43 0.222889

26 43 0.222449

27 43 0.221132

28 43 0.218941

29 43 0.215887

30 43 0.21198

31 43 0.207237

32 43 0.201676

33 43 0.195319

34 43 0.188192

35 43 0.180321

36 43 0.171739

37 43 0.162479

38 43 0.152578

39 43 0.142075

40 43 0.131011

41 43 0.11943

42 43 0.107378

43 43 0.0949016

44 43 0.082051

45 43 0.0688765

46 43 0.0554303

47 43 0.0417653

48 43 0.0279354

49 43 0.0139953

50 43 0

0 44 0

1 44 0.0121002

2 44 0.0241527

3 44 0.0361098

4 44 0.0479245

5 44 0.05955

6 44 0.0709405

7 44 0.082051

8 44 0.0928377

9 44 0.103258

10 44 0.113271

11 44 0.122837

12 44 0.131918

13 44 0.140478

14 44 0.148484

15 44 0.155904

16 44 0.162709

17 44 0.168871

18 44 0.174367

19 44 0.179175

20 44 0.183276

21 44 0.186653

22 44 0.189294

23 44 0.191188

24 44 0.192327

25 44 0.192708

26 44 0.192327

27 44 0.191188

28 44 0.189294

29 44 0.186653

30 44 0.183276

31 44 0.179175

32 44 0.174367

33 44 0.168871

34 44 0.162709

35 44 0.155904

36 44 0.148484

37 44 0.140478

38 44 0.131918

39 44 0.122837

40 44 0.113271

41 44 0.103258

42 44 0.0928377

43 44 0.082051

44 44 0.0709405

45 44 0.05955

46 44 0.0479245

47 44 0.0361098

48 44 0.0241527

49 44 0.0121002

50 44 0

0 45 0

1 45 0.0101574

2 45 0.0202746

3 45 0.0303119

4 45 0.0402295

5 45 0.0499884

6 45 0.05955

7 45 0.0688765

8 45 0.0779313

9 45 0.0866785

10 45 0.0950836

11 45 0.103113

12 45 0.110736

13 45 0.117922

14 45 0.124643

15 45 0.130871

16 45 0.136583

17 45 0.141756

18 45 0.14637

19 45 0.150406

20 45 0.153848

21 45 0.156684

22 45 0.158901

23 45 0.16049

24 45 0.161447

25 45 0.161766

26 45 0.161447

27 45 0.16049

28 45 0.158901

29 45 0.156684

30 45 0.153848

31 45 0.150406

32 45 0.14637

33 45 0.141756

34 45 0.136583

35 45 0.130871

36 45 0.124643

37 45 0.117922

38 45 0.110736

39 45 0.103113

40 45 0.0950836

41 45 0.0866785

42 45 0.0779313

43 45 0.0688765

44 45 0.05955

45 45 0.0499884

46 45 0.0402295

47 45 0.0303119

48 45 0.0202746

49 45 0.0101574

50 45 0

0 46 0

1 46 0.00817441

2 46 0.0163166

3 46 0.0243943

4 46 0.0323758

5 46 0.0402295

6 46 0.0479245

7 46 0.0554303

8 46 0.0627173

9 46 0.0697569

10 46 0.0765211

11 46 0.0829833

12 46 0.0891181

13 46 0.0949011

14 46 0.10031

15 46 0.105322

16 46 0.109919

17 46 0.114082

18 46 0.117795

19 46 0.121043

20 46 0.123814

21 46 0.126095

22 46 0.12788

23 46 0.129159

24 46 0.129929

25 46 0.130185

26 46 0.129929

27 46 0.129159

28 46 0.12788

29 46 0.126095

30 46 0.123814

31 46 0.121043

32 46 0.117795

33 46 0.114082

34 46 0.109919

35 46 0.105322

36 46 0.10031

37 46 0.0949011

38 46 0.0891181

39 46 0.0829833

40 46 0.0765211

41 46 0.0697569

42 46 0.0627173

43 46 0.0554303

44 46 0.0479245

45 46 0.0402295

46 46 0.0323758

47 46 0.0243943

48 46 0.0163166

49 46 0.00817441

50 46 0

0 47 0

1 47 0.00615921

2 47 0.0122941

3 47 0.0183805

4 47 0.0243943

5 47 0.0303119

6 47 0.0361098

7 47 0.0417653

8 47 0.0472559

9 47 0.05256

10 47 0.0576566

11 47 0.0625258

12 47 0.0671481

13 47 0.0715055

14 47 0.0755807

15 47 0.0793576

16 47 0.0828213

17 47 0.0859581

18 47 0.0887557

19 47 0.091203

20 47 0.0932904

21 47 0.0950096

22 47 0.0963539

23 47 0.0973179

24 47 0.0978978

25 47 0.0980913

26 47 0.0978978

27 47 0.0973179

28 47 0.0963539

29 47 0.0950096

30 47 0.0932904

31 47 0.091203

32 47 0.0887557

33 47 0.0859581

34 47 0.0828213

35 47 0.0793576

36 47 0.0755807

37 47 0.0715055

38 47 0.0671481

39 47 0.0625258

40 47 0.0576566

41 47 0.05256

42 47 0.0472559

43 47 0.0417653

44 47 0.0361098

45 47 0.0303119

46 47 0.0243943

47 47 0.0183805

48 47 0.0122941

49 47 0.00615921

50 47 0

0 48 0

1 48 0.00411969

2 48 0.00822313

3 48 0.0122941

4 48 0.0163166

5 48 0.0202746

6 48 0.0241527

7 48 0.0279354

8 48 0.0316079

9 48 0.0351556

10 48 0.0385646

11 48 0.0418214

12 48 0.0449132

13 48 0.0478277

14 48 0.0505534

15 48 0.0530797

16 48 0.0553964

17 48 0.0574946

18 48 0.0593658

19 48 0.0610027

20 48 0.0623989

21 48 0.0635488

22 48 0.064448

23 48 0.0650927

24 48 0.0654806

25 48 0.0656101

26 48 0.0654806

27 48 0.0650927

28 48 0.064448

29 48 0.0635488

30 48 0.0623989

31 48 0.0610027

32 48 0.0593658

33 48 0.0574946

34 48 0.0553964

35 48 0.0530797

36 48 0.0505534

37 48 0.0478277

38 48 0.0449132

39 48 0.0418214

40 48 0.0385646

41 48 0.0351556

42 48 0.0316079

43 48 0.0279354

44 48 0.0241527

45 48 0.0202746

46 48 0.0163166

47 48 0.0122941

48 48 0.00822313

49 48 0.00411969

50 48 0

0 49 0

1 49 0.00206392

2 49 0.00411969

3 49 0.00615921

4 49 0.00817441

5 49 0.0101574

6 49 0.0121002

7 49 0.0139953

8 49 0.0158352

9 49 0.0176126

10 49 0.0193204

11 49 0.0209521

12 49 0.022501

13 49 0.0239611

14 49 0.0253267

15 49 0.0265923

16 49 0.027753

17 49 0.0288041

18 49 0.0297416

19 49 0.0305617

20 49 0.0312611

21 49 0.0318372

22 49 0.0322877

23 49 0.0326107

24 49 0.032805

25 49 0.0328699

26 49 0.032805

27 49 0.0326107

28 49 0.0322877

29 49 0.0318372

30 49 0.0312611

31 49 0.0305617

32 49 0.0297416

33 49 0.0288041

34 49 0.027753

35 49 0.0265923

36 49 0.0253267

37 49 0.0239611

38 49 0.022501

39 49 0.0209521

40 49 0.0193204

41 49 0.0176126

42 49 0.0158352

43 49 0.0139953

44 49 0.0121002

45 49 0.0101574

46 49 0.00817441

47 49 0.00615921

48 49 0.00411969

49 49 0.00206392

50 49 0

