0 1 0

1 1 0.00311135

2 1 0.00621041

3 1 0.00928497

4 1 0.0123229

5 1 0.0153122

6 1 0.018241

7 1 0.0210979

8 1 0.0238715

9 1 0.0265509

10 1 0.0291255

11 1 0.0315851

12 1 0.0339201

13 1 0.0361213

14 1 0.0381799

15 1 0.0400878

16 1 0.0418375

17 1 0.0434221

18 1 0.0448353

19 1 0.0460715

20 1 0.047126

21 1 0.0479945

22 1 0.0486735

23 1 0.0491605

24 1 0.0494534

25 1 0.0495512

26 1 0.0494534

27 1 0.0491605

28 1 0.0486735

29 1 0.0479945

30 1 0.047126

31 1 0.0460715

32 1 0.0448353

33 1 0.0434221

34 1 0.0418375

35 1 0.0400878

36 1 0.0381799

37 1 0.0361213

38 1 0.0339201

39 1 0.0315851

40 1 0.0291255

41 1 0.0265509

42 1 0.0238715

43 1 0.0210979

44 1 0.018241

45 1 0.0153122

46 1 0.0123229

47 1 0.00928497

48 1 0.00621041

49 1 0.00311135

50 1 0

0 2 0

1 2 0.00621041

2 2 0.0123963

3 2 0.0185333

4 2 0.0245971

5 2 0.0305639

6 2 0.03641

7 2 0.0421125

8 2 0.0476487

9 2 0.0529969

10 2 0.058136

11 2 0.0630456

12 2 0.0677064

13 2 0.0721

14 2 0.076209

15 2 0.0800173

16 2 0.0835098

17 2 0.0866727

18 2 0.0894936

19 2 0.0919613

20 2 0.094066

21 2 0.0957995

22 2 0.0971549

23 2 0.0981269

24 2 0.0987117

25 2 0.0989069

26 2 0.0987117

27 2 0.0981269

28 2 0.0971549

29 2 0.0957995

30 2 0.094066

31 2 0.0919613

32 2 0.0894936

33 2 0.0866727

34 2 0.0835098

35 2 0.0800173

36 2 0.076209

37 2 0.0721

38 2 0.0677064

39 2 0.0630456

40 2 0.058136

41 2 0.0529969

42 2 0.0476487

43 2 0.0421125

44 2 0.03641

45 2 0.0305639

46 2 0.0245971

47 2 0.0185333

48 2 0.0123963

49 2 0.00621041

50 2 0

0 3 0

1 3 0.00928497

2 3 0.0185333

3 3 0.0277085

4 3 0.0367743

5 3 0.045695

6 3 0.0544354

7 3 0.0629609

8 3 0.071238

9 3 0.0792339

10 3 0.0869171

11 3 0.0942573

12 3 0.101225

13 3 0.107794

14 3 0.113937

15 3 0.119631

16 3 0.124853

17 3 0.129581

18 3 0.133799

19 3 0.137488

20 3 0.140635

21 3 0.143226

22 3 0.145253

23 3 0.146706

24 3 0.14758

25 3 0.147872

26 3 0.14758

27 3 0.146706

28 3 0.145253

29 3 0.143226

30 3 0.140635

31 3 0.137488

32 3 0.133799

33 3 0.129581

34 3 0.124853

35 3 0.119631

36 3 0.113937

37 3 0.107794

38 3 0.101225

39 3 0.0942573

40 3 0.0869171

41 3 0.0792339

42 3 0.071238

43 3 0.0629609

44 3 0.0544354

45 3 0.045695

46 3 0.0367743

47 3 0.0277085

48 3 0.0185333

49 3 0.00928497

50 3 0

0 4 0

1 4 0.0123229

2 4 0.0245971

3 4 0.0367743

4 4 0.0488064

5 4 0.0606458

6 4 0.0722459

7 4 0.0835608

8 4 0.094546

9 4 0.105158

10 4 0.115355

11 4 0.125097

12 4 0.134345

13 4 0.143063

14 4 0.151216

15 4 0.158773

16 4 0.165703

17 4 0.171979

18 4 0.177576

19 4 0.182472

20 4 0.186649

21 4 0.190088

22 4 0.192778

23 4 0.194706

24 4 0.195867

25 4 0.196254

26 4 0.195867

27 4 0.194706

28 4 0.192778

29 4 0.190088

30 4 0.186649

31 4 0.182472

32 4 0.177576

33 4 0.171979

34 4 0.165703

35 4 0.158773

36 4 0.151216

37 4 0.143063

38 4 0.134345

39 4 0.125097

40 4 0.115355

41 4 0.105158

42 4 0.094546

43 4 0.0835608

44 4 0.0722459

45 4 0.0606458

46 4 0.0488064

47 4 0.0367743

48 4 0.0245971

49 4 0.0123229

50 4 0

0 5 0

1 5 0.0153122

2 5 0.0305639

3 5 0.045695

4 5 0.0606458

5 5 0.0753572

6 5 0.0897713

7 5 0.103831

8 5 0.117481

9 5 0.130667

10 5 0.143338

11 5 0.155443

12 5 0.166934

13 5 0.177767

14 5 0.187898

15 5 0.197288

16 5 0.205899

17 5 0.213697

18 5 0.220652

19 5 0.226736

20 5 0.231926

21 5 0.2362

22 5 0.239542

23 5 0.241938

24 5 0.24338

25 5 0.243861

26 5 0.24338

27 5 0.241938

28 5 0.239542

29 5 0.2362

30 5 0.231926

31 5 0.226736

32 5 0.220652

33 5 0.213697

34 5 0.205899

35 5 0.197288

36 5 0.187898

37 5 0.177767

38 5 0.166934

39 5 0.155443

40 5 0.143338

41 5 0.130667

42 5 0.117481

43 5 0.103831

44 5 0.0897713

45 5 0.0753572

46 5 0.0606458

47 5 0.045695

48 5 0.0305639

49 5 0.0153122

50 5 0

0 6 0

1 6 0.018241

2 6 0.03641

3 6 0.0544354

4 6 0.0722459

5 6 0.0897713

6 6 0.106942

7 6 0.123691

8 6 0.139952

9 6 0.155661

10 6 0.170755

11 6 0.185175

12 6 0.198865

13 6 0.21177

14 6 0.223839

15 6 0.235024

16 6 0.245282

17 6 0.254572

18 6 0.262858

19 6 0.270106

20 6 0.276288

21 6 0.281379

22 6 0.28536

23 6 0.288215

24 6 0.289933

25 6 0.290506

26 6 0.289933

27 6 0.288215

28 6 0.28536

29 6 0.281379

30 6 0.276288

31 6 0.270106

32 6 0.262858

33 6 0.254572

34 6 0.245282

35 6 0.235024

36 6 0.223839

37 6 0.21177

38 6 0.198865

39 6 0.185175

40 6 0.170755

41 6 0.155661

42 6 0.139952

43 6 0.123691

44 6 0.106942

45 6 0.0897713

46 6 0.0722459

47 6 0.0544354

48 6 0.03641

49 6 0.018241

50 6 0

0 7 0

1 7 0.0210979

2 7 0.0421125

3 7 0.0629609

4 7 0.0835608

5 7 0.103831

6 7 0.123691

7 7 0.143064

8 7 0.161871

9 7 0.18004

10 7 0.197498

11 7 0.214177

12 7 0.230011

13 7 0.244937

14 7 0.258896

15 7 0.271833

16 7 0.283698

17 7 0.294443

18 7 0.304026

19 7 0.312409

20 7 0.319559

21 7 0.325448

22 7 0.330053

23 7 0.333355

24 7 0.335341

25 7 0.336004

26 7 0.335341

27 7 0.333355

28 7 0.330053

29 7 0.325448

30 7 0.319559

31 7 0.312409

32 7 0.304026

33 7 0.294443

34 7 0.283698

35 7 0.271833

36 7 0.258896

37 7 0.244937

38 7 0.230011

39 7 0.214177

40 7 0.197498

41 7 0.18004

42 7 0.161871

43 7 0.143064

44 7 0.123691

45 7 0.103831

46 7 0.0835608

47 7 0.0629609

48 7 0.0421125

49 7 0.0210979

50 7 0

0 8 0

1 8 0.0238715

2 8 0.0476487

3 8 0.071238

4 8 0.094546

5 8 0.117481

6 8 0.139952

7 8 0.161871

8 8 0.183151

9 8 0.203709

10 8 0.223462

11 8 0.242334

12 8 0.260249

13 8 0.277137

14 8 0.292931

15 8 0.307569

16 8 0.320994

17 8 0.333151

18 8 0.343994

19 8 0.353479

20 8 0.361569

21 8 0.368232

22 8 0.373442

23 8 0.377179

24 8 0.379426

25 8 0.380176

26 8 0.379426

27 8 0.377179

28 8 0.373442

29 8 0.368232

30 8 0.361569

31 8 0.353479

32 8 0.343994

33 8 0.333151

34 8 0.320994

35 8 0.307569

36 8 0.292931

37 8 0.277137

38 8 0.260249

39 8 0.242334

40 8 0.223462

41 8 0.203709

42 8 0.183151

43 8 0.161871

44 8 0.139952

45 8 0.117481

46 8 0.094546

47 8 0.071238

48 8 0.0476487

49 8 0.0238715

50 8 0

0 9 0

1 9 0.0265509

2 9 0.0529969

3 9 0.0792339

4 9 0.105158

5 9 0.130667

6 9 0.155661

7 9 0.18004

8 9 0.203709

9 9 0.226573

10 9 0.248544

11 9 0.269534

12 9 0.28946

13 9 0.308243

14 9 0.32581

15 9 0.342091

16 9 0.357023

17 9 0.370545

18 9 0.382605

19 9 0.393154

20 9 0.402153

21 9 0.409564

22 9 0.415358

23 9 0.419514

24 9 0.422014

25 9 0.422848

26 9 0.422014

27 9 0.419514

28 9 0.415358

29 9 0.409564

30 9 0.402153

31 9 0.393154

32 9 0.382605

33 9 0.370545

34 9 0.357023

35 9 0.342091

36 9 0.32581

37 9 0.308243

38 9 0.28946

39 9 0.269534

40 9 0.248544

41 9 0.226573

42 9 0.203709

43 9 0.18004

44 9 0.155661

45 9 0.130667

46 9 0.105158

47 9 0.0792339

48 9 0.0529969

49 9 0.0265509

50 9 0

0 10 0

1 10 0.0291255

2 10 0.058136

3 10 0.0869171

4 10 0.115355

5 10 0.143338

6 10 0.170755

7 10 0.197498

8 10 0.223462

9 10 0.248544

10 10 0.272645

11 10 0.29567

12 10 0.317528

13 10 0.338133

14 10 0.357404

15 10 0.375264

16 10 0.391643

17 10 0.406476

18 10 0.419705

19 10 0.431278

20 10 0.441149

21 10 0.449279

22 10 0.455635

23 10 0.460194

24 10 0.462936

25 10 0.463851

26 10 0.462936

27 10 0.460194

28 10 0.455635

29 10 0.449279

30 10 0.441149

31 10 0.431278

32 10 0.419705

33 10 0.406476

34 10 0.391643

35 10 0.375264

36 10 0.357404

37 10 0.338133

38 10 0.317528

39 10 0.29567

40 10 0.272645

41 10 0.248544

42 10 0.223462

43 10 0.197498

44 10 0.170755

45 10 0.143338

46 10 0.115355

47 10 0.0869171

48 10 0.058136

49 10 0.0291255

50 10 0

0 11 0

1 11 0.0315851

2 11 0.0630456

3 11 0.0942573

4 11 0.125097

5 11 0.155443

6 11 0.185175

7 11 0.214177

8 11 0.242334

9 11 0.269534

10 11 0.29567

11 11 0.320639

12 11 0.344344

13 11 0.366689

14 11 0.387587

15 11 0.406955

16 11 0.424717

17 11 0.440803

18 11 0.45515

19 11 0.4677

20 11 0.478404

21 11 0.48722

22 11 0.494114

23 11 0.499057

24 11 0.502031

25 11 0.503024

26 11 0.502031

27 11 0.499057

28 11 0.494114

29 11 0.48722

30 11 0.478404

31 11 0.4677

32 11 0.45515

33 11 0.440803

34 11 0.424717

35 11 0.406955

36 11 0.387587

37 11 0.366689

38 11 0.344344

39 11 0.320639

40 11 0.29567

41 11 0.269534

42 11 0.242334

43 11 0.214177

44 11 0.185175

45 11 0.155443

46 11 0.125097

47 11 0.0942573

48 11 0.0630456

49 11 0.0315851

50 11 0

0 12 0

1 12 0.0339201

2 12 0.0677064

3 12 0.101225

4 12 0.134345

5 12 0.166934

6 12 0.198865

7 12 0.230011

8 12 0.260249

9 12 0.28946

10 12 0.317528

11 12 0.344344

12 12 0.3698

13 12 0.393797

14 12 0.41624

15 12 0.43704

16 12 0.456115

17 12 0.473391

18 12 0.488798

19 12 0.502276

20 12 0.513771

21 12 0.523239

22 12 0.530642

23 12 0.535951

24 12 0.539145

25 12 0.540211

26 12 0.539145

27 12 0.535951

28 12 0.530642

29 12 0.523239

30 12 0.513771

31 12 0.502276

32 12 0.488798

33 12 0.473391

34 12 0.456115

35 12 0.43704

36 12 0.41624

37 12 0.393797

38 12 0.3698

39 12 0.344344

40 12 0.317528

41 12 0.28946

42 12 0.260249

43 12 0.230011

44 12 0.198865

45 12 0.166934

46 12 0.134345

47 12 0.101225

48 12 0.0677064

49 12 0.0339201

50 12 0

0 13 0

1 13 0.0361213

2 13 0.0721

3 13 0.107794

4 13 0.143063

5 13 0.177767

6 13 0.21177

7 13 0.244937

8 13 0.277137

9 13 0.308243

10 13 0.338133

11 13 0.366689

12 13 0.393797

13 13 0.419351

14 13 0.44325

15 13 0.4654

16 13 0.485713

17 13 0.50411

18 13 0.520517

19 13 0.534869

20 13 0.547111

21 13 0.557193

22 13 0.565077

23 13 0.57073

24 13 0.574131

25 13 0.575266

26 13 0.574131

27 13 0.57073

28 13 0.565077

29 13 0.557193

30 13 0.547111

31 13 0.534869

32 13 0.520517

33 13 0.50411

34 13 0.485713

35 13 0.4654

36 13 0.44325

37 13 0.419351

38 13 0.393797

39 13 0.366689

40 13 0.338133

41 13 0.308243

42 13 0.277137

43 13 0.244937

44 13 0.21177

45 13 0.177767

46 13 0.143063

47 13 0.107794

48 13 0.0721

49 13 0.0361213

50 13 0

0 14 0

1 14 0.0381799

2 14 0.076209

3 14 0.113937

4 14 0.151216

5 14 0.187898

6 14 0.223839

7 14 0.258896

8 14 0.292931

9 14 0.32581

10 14 0.357404

11 14 0.387587

12 14 0.41624

13 14 0.44325

14 14 0.468512

15 14 0.491924

16 14 0.513395

17 14 0.532839

18 14 0.550181

19 14 0.565352

20 14 0.578291

21 14 0.588948

22 14 0.597281

23 14 0.603257

24 14 0.606851

25 14 0.608051

26 14 0.606851

27 14 0.603257

28 14 0.597281

29 14 0.588948

30 14 0.578291

31 14 0.565352

32 14 0.550181

33 14 0.532839

34 14 0.513395

35 14 0.491924

36 14 0.468512

37 14 0.44325

38 14 0.41624

39 14 0.387587

40 14 0.357404

41 14 0.32581

42 14 0.292931

43 14 0.258896

44 14 0.223839

45 14 0.187898

46 14 0.151216

47 14 0.113937

48 14 0.076209

49 14 0.0381799

50 14 0

0 15 0

1 15 0.0400878

2 15 0.0800173

3 15 0.119631

4 15 0.158773

5 15 0.197288

6 15 0.235024

7 15 0.271833

8 15 0.307569

9 15 0.342091

10 15 0.375264

11 15 0.406955

12 15 0.43704

13 15 0.4654

14 15 0.491924

15 15 0.516506

16 15 0.53905

17 15 0.559466

18 15 0.577675

19 15 0.593603

20 15 0.607189

21 15 0.618379

22 15 0.627128

23 15 0.633402

24 15 0.637177

25 15 0.638437

26 15 0.637177

27 15 0.633402

28 15 0.627128

29 15 0.618379

30 15 0.607189

31 15 0.593603

32 15 0.577675

33 15 0.559466

34 15 0.53905

35 15 0.516506

36 15 0.491924

37 15 0.4654

38 15 0.43704

39 15 0.406955

40 15 0.375264

41 15 0.342091

42 15 0.307569

43 15 0.271833

44 15 0.235024

45 15 0.197288

46 15 0.158773

47 15 0.119631

48 15 0.0800173

49 15 0.0400878

50 15 0

0 16 0

1 16 0.0418375

2 16 0.0835098

3 16 0.124853

4 16 0.165703

5 16 0.205899

6 16 0.245282

7 16 0.283698

8 16 0.320994

9 16 0.357023

10 16 0.391643

11 16 0.424717

12 16 0.456115

13 16 0.485713

14 16 0.513395

15 16 0.53905

16 16 0.562578

17 16 0.583885

18 16 0.602888

19 16 0.619512

20 16 0.633691

21 16 0.645369

22 16 0.6545

23 16 0.661048

24 16 0.664987

25 16 0.666302

26 16 0.664987

27 16 0.661048

28 16 0.6545

29 16 0.645369

30 16 0.633691

31 16 0.619512

32 16 0.602888

33 16 0.583885

34 16 0.562578

35 16 0.53905

36 16 0.513395

37 16 0.485713

38 16 0.456115

39 16 0.424717

40 16 0.391643

41 16 0.357023

42 16 0.320994

43 16 0.283698

44 16 0.245282

45 16 0.205899

46 16 0.165703

47 16 0.124853

48 16 0.0835098

49 16 0.0418375

50 16 0

0 17 0

1 17 0.0434221

2 17 0.0866727

3 17 0.129581

4 17 0.171979

5 17 0.213697

6 17 0.254572

7 17 0.294443

8 17 0.333151

9 17 0.370545

10 17 0.406476

11 17 0.440803

12 17 0.473391

13 17 0.50411

14 17 0.532839

15 17 0.559466

16 17 0.583885

17 17 0.606

18 17 0.625723

19 17 0.642976

20 17 0.657692

21 17 0.669812

22 17 0.679289

23 17 0.686085

24 17 0.690174

25 17 0.691538

26 17 0.690174

27 17 0.686085

28 17 0.679289

29 17 0.669812

30 17 0.657692

31 17 0.642976

32 17 0.625723

33 17 0.606

34 17 0.583885

35 17 0.559466

36 17 0.532839

37 17 0.50411

38 17 0.473391

39 17 0.440803

40 17 0.406476

41 17 0.370545

42 17 0.333151

43 17 0.294443

44 17 0.254572

45 17 0.213697

46 17 0.171979

47 17 0.129581

48 17 0.0866727

49 17 0.0434221

50 17 0

0 18 0

1 18 0.0448353

2 18 0.0894936

3 18 0.133799

4 18 0.177576

5 18 0.220652

6 18 0.262858

7 18 0.304026

8 18 0.343994

9 18 0.382605

10 18 0.419705

11 18 0.45515

12 18 0.488798

13 18 0.520517

14 18 0.550181

15 18 0.577675

16 18 0.602888

17 18 0.625723

18 18 0.646087

19 18 0.663902

20 18 0.679097

21 18 0.691612

22 18 0.701398

23 18 0.708415

24 18 0.712636

25 18 0.714045

26 18 0.712636

27 18 0.708415

28 18 0.701398

29 18 0.691612

30 18 0.679097

31 18 0.663902

32 18 0.646087

33 18 0.625723

34 18 0.602888

35 18 0.577675

36 18 0.550181

37 18 0.520517

38 18 0.488798

39 18 0.45515

40 18 0.419705

41 18 0.382605

42 18 0.343994

43 18 0.304026

44 18 0.262858

45 18 0.220652

46 18 0.177576

47 18 0.133799

48 18 0.0894936

49 18 0.0448353

50 18 0

0 19 0

1 19 0.0460715

2 19 0.0919613

3 19 0.137488

4 19 0.182472

5 19 0.226736

6 19 0.270106

7 19 0.312409

8 19 0.353479

9 19 0.393154

10 19 0.431278

11 19 0.4677

12 19 0.502276

13 19 0.534869

14 19 0.565352

15 19 0.593603

16 19 0.619512

17 19 0.642976

18 19 0.663902

19 19 0.682209

20 19 0.697823

21 19 0.710683

22 19 0.720738

23 19 0.727948

24 19 0.732286

25 19 0.733734

26 19 0.732286

27 19 0.727948

28 19 0.720738

29 19 0.710683

30 19 0.697823

31 19 0.682209

32 19 0.663902

33 19 0.642976

34 19 0.619512

35 19 0.593603

36 19 0.565352

37 19 0.534869

38 19 0.502276

39 19 0.4677

40 19 0.431278

41 19 0.393154

42 19 0.353479

43 19 0.312409

44 19 0.270106

45 19 0.226736

46 19 0.182472

47 19 0.137488

48 19 0.0919613

49 19 0.0460715

50 19 0

0 20 0

1 20 0.047126

2 20 0.094066

3 20 0.140635

4 20 0.186649

5 20 0.231926

6 20 0.276288

7 20 0.319559

8 20 0.361569

9 20 0.402153

10 20 0.441149

11 20 0.478404

12 20 0.513771

13 20 0.547111

14 20 0.578291

15 20 0.607189

16 20 0.633691

17 20 0.657692

18 20 0.679097

19 20 0.697823

20 20 0.713794

21 20 0.726948

22 20 0.737233

23 20 0.744609

24 20 0.749046

25 20 0.750527

26 20 0.749046

27 20 0.744609

28 20 0.737233

29 20 0.726948

30 20 0.713794

31 20 0.697823

32 20 0.679097

33 20 0.657692

34 20 0.633691

35 20 0.607189

36 20 0.578291

37 20 0.547111

38 20 0.513771

39 20 0.478404

40 20 0.441149

41 20 0.402153

42 20 0.361569

43 20 0.319559

44 20 0.276288

45 20 0.231926

46 20 0.186649

47 20 0.140635

48 20 0.094066

49 20 0.047126

50 20 0

0 21 0

1 21 0.0479945

2 21 0.0957995

3 21 0.143226

4 21 0.190088

5 21 0.2362

6 21 0.281379

7 21 0.325448

8 21 0.368232

9 21 0.409564

10 21 0.449279

11 21 0.48722

12 21 0.523239

13 21 0.557193

14 21 0.588948

15 21 0.618379

16 21 0.645369

17 21 0.669812

18 21 0.691612

19 21 0.710683

20 21 0.726948

21 21 0.740345

22 21 0.75082

23 21 0.758331

24 21 0.76285

25 21 0.764358

26 21 0.76285

27 21 0.758331

28 21 0.75082

29 21 0.740345

30 21 0.726948

31 21 0.710683

32 21 0.691612

33 21 0.669812

34 21 0.645369

35 21 0.618379

36 21 0.588948

37 21 0.557193

38 21 0.523239

39 21 0.48722

40 21 0.449279

41 21 0.409564

42 21 0.368232

43 21 0.325448

44 21 0.281379

45 21 0.2362

46 21 0.190088

47 21 0.143226

48 21 0.0957995

49 21 0.0479945

50 21 0

0 22 0

1 22 0.0486735

2 22 0.0971549

3 22 0.145253

4 22 0.192778

5 22 0.239542

6 22 0.28536

7 22 0.330053

8 22 0.373442

9 22 0.415358

10 22 0.455635

11 22 0.494114

12 22 0.530642

13 22 0.565077

14 22 0.597281

15 22 0.627128

16 22 0.6545

17 22 0.679289

18 22 0.701398

19 22 0.720738

20 22 0.737233

21 22 0.75082

22 22 0.761443

23 22 0.769061

24 22 0.773643

25 22 0.775173

26 22 0.773643

27 22 0.769061

28 22 0.761443

29 22 0.75082

30 22 0.737233

31 22 0.720738

32 22 0.701398

33 22 0.679289

34 22 0.6545

35 22 0.627128

36 22 0.597281

37 22 0.565077

38 22 0.530642

39 22 0.494114

40 22 0.455635

41 22 0.415358

42 22 0.373442

43 22 0.330053

44 22 0.28536

45 22 0.239542

46 22 0.192778

47 22 0.145253

48 22 0.0971549

49 22 0.0486735

50 22 0

0 23 0

1 23 0.0491605

2 23 0.0981269

3 23 0.146706

4 23 0.194706

5 23 0.241938

6 23 0.288215

7 23 0.333355

8 23 0.377179

9 23 0.419514

10 23 0.460194

11 23 0.499057

12 23 0.535951

13 23 0.57073

14 23 0.603257

15 23 0.633402

16 23 0.661048

17 23 0.686085

18 23 0.708415

19 23 0.727948

20 23 0.744609

21 23 0.758331

22 23 0.769061

23 23 0.776755

24 23 0.781383

25 23 0.782928

26 23 0.781383

27 23 0.776755

28 23 0.769061

29 23 0.758331

30 23 0.744609

31 23 0.727948

32 23 0.708415

33 23 0.686085

34 23 0.661048

35 23 0.633402

36 23 0.603257

37 23 0.57073

38 23 0.535951

39 23 0.499057

40 23 0.460194

41 23 0.419514

42 23 0.377179

43 23 0.333355

44 23 0.288215

45 23 0.241938

46 23 0.194706

47 23 0.146706

48 23 0.0981269

49 23 0.0491605

50 23 0

0 24 0

1 24 0.0494534

2 24 0.0987117

3 24 0.14758

4 24 0.195867

5 24 0.24338

6 24 0.289933

7 24 0.335341

8 24 0.379426

9 24 0.422014

10 24 0.462936

11 24 0.502031

12 24 0.539145

13 24 0.574131

14 24 0.606851

15 24 0.637177

16 24 0.664987

17 24 0.690174

18 24 0.712636

19 24 0.732286

20 24 0.749046

21 24 0.76285

22 24 0.773643

23 24 0.781383

24 24 0.78604

25 24 0.787594

26 24 0.78604

27 24 0.781383

28 24 0.773643

29 24 0.76285

30 24 0.749046

31 24 0.732286

32 24 0.712636

33 24 0.690174

34 24 0.664987

35 24 0.637177

36 24 0.606851

37 24 0.574131

38 24 0.539145

39 24 0.502031

40 24 0.462936

41 24 0.422014

42 24 0.379426

43 24 0.335341

44 24 0.289933

45 24 0.24338

46 24 0.195867

47 24 0.14758

48 24 0.0987117

49 24 0.0494534

50 24 0

0 25 0

1 25 0.0495512

2 25 0.0989069

3 25 0.147872

4 25 0.196254

5 25 0.243861

6 25 0.290506

7 25 0.336004

8 25 0.380176

9 25 0.422848

10 25 0.463851

11 25 0.503024

12 25 0.540211

13 25 0.575266

14 25 0.608051

15 25 0.638437

16 25 0.666302

17 25 0.691538

18 25 0.714045

19 25 0.733734

20 25 0.750527

21 25 0.764358

22 25 0.775173

23 25 0.782928

24 25 0.787594

25 25 0.789151

26 25 0.787594

27 25 0.782928

28 25 0.775173

29 25 0.764358

30 25 0.750527

31 25 0.733734

32 25 0.714045

33 25 0.691538

34 25 0.666302

35 25 0.638437

36 25 0.608051

37 25 0.575266

38 25 0.540211

39 25 0.503024

40 25 0.463851

41 25 0.422848

42 25 0.380176

43 25 0.336004

44 25 0.290506

45 25 0.243861

46 25 0.196254

47 25 0.147872

48 25 0.0989069

49 25 0.0495512

50 25 0

0 26 0

1 26 0.0494534

2 26 0.0987117

3 26 0.14758

4 26 0.195867

5 26 0.24338

6 26 0.289933

7 26 0.335341

8 26 0.379426

9 26 0.422014

10 26 0.462936

11 26 0.502031

12 26 0.539145

13 26 0.574131

14 26 0.606851

15 26 0.637177

16 26 0.664987

17 26 0.690174

18 26 0.712636

19 26 0.732286

20 26 0.749046

21 26 0.76285

22 26 0.773643

23 26 0.781383

24 26 0.78604

25 26 0.787594

26 26 0.78604

27 26 0.781383

28 26 0.773643

29 26 0.76285

30 26 0.749046

31 26 0.732286

32 26 0.712636

33 26 0.690174

34 26 0.664987

35 26 0.637177

36 26 0.606851

37 26 0.574131

38 26 0.539145

39 26 0.502031

40 26 0.462936

41 26 0.422014

42 26 0.379426

43 26 0.335341

44 26 0.289933

45 26 0.24338

46 26 0.195867

47 26 0.14758

48 26 0.0987117

49 26 0.0494534

50 26 0

0 27 0

1 27 0.0491605

2 27 0.0981269

3 27 0.146706

4 27 0.194706

5 27 0.241938

6 27 0.288215

7 27 0.333355

8 27 0.377179

9 27 0.419514

10 27 0.460194

11 27 0.499057

12 27 0.535951

13 27 0.57073

14 27 0.603257

15 27 0.633402

16 27 0.661048

17 27 0.686085

18 27 0.708415

19 27 0.727948

20 27 0.744609

21 27 0.758331

22 27 0.769061

23 27 0.776755

24 27 0.781383

25 27 0.782928

26 27 0.781383

27 27 0.776755

28 27 0.769061

29 27 0.758331

30 27 0.744609

31 27 0.727948

32 27 0.708415

33 27 0.686085

34 27 0.661048

35 27 0.633402

36 27 0.603257

37 27 0.57073

38 27 0.535951

39 27 0.499057

40 27 0.460194

41 27 0.419514

42 27 0.377179

43 27 0.333355

44 27 0.288215

45 27 0.241938

46 27 0.194706

47 27 0.146706

48 27 0.0981269

49 27 0.0491605

50 27 0

0 28 0

1 28 0.0486735

2 28 0.0971549

3 28 0.145253

4 28 0.192778

5 28 0.239542

6 28 0.28536

7 28 0.330053

8 28 0.373442

9 28 0.415358

10 28 0.455635

11 28 0.494114

12 28 0.530642

13 28 0.565077

14 28 0.597281

15 28 0.627128

16 28 0.6545

17 28 0.679289

18 28 0.701398

19 28 0.720738

20 28 0.737233

21 28 0.75082

22 28 0.761443

23 28 0.769061

24 28 0.773643

25 28 0.775173

26 28 0.773643

27 28 0.769061

28 28 0.761443

29 28 0.75082

30 28 0.737233

31 28 0.720738

32 28 0.701398

33 28 0.679289

34 28 0.6545

35 28 0.627128

36 28 0.597281

37 28 0.565077

38 28 0.530642

39 28 0.494114

40 28 0.455635

41 28 0.415358

42 28 0.373442

43 28 0.330053

44 28 0.28536

45 28 0.239542

46 28 0.192778

47 28 0.145253

48 28 0.0971549

49 28 0.0486735

50 28 0

0 29 0

1 29 0.0479945

2 29 0.0957995

3 29 0.143226

4 29 0.190088

5 29 0.2362

6 29 0.281379

7 29 0.325448

8 29 0.368232

9 29 0.409564

10 29 0.449279

11 29 0.48722

12 29 0.523239

13 29 0.557193

14 29 0.588948

15 29 0.618379

16 29 0.645369

17 29 0.669812

18 29 0.691612

19 29 0.710683

20 29 0.726948

21 29 0.740345

22 29 0.75082

23 29 0.758331

24 29 0.76285

25 29 0.764358

26 29 0.76285

27 29 0.758331

28 29 0.75082

29 29 0.740345

30 29 0.726948

31 29 0.710683

32 29 0.691612

33 29 0.669812

34 29 0.645369

35 29 0.618379

36 29 0.588948

37 29 0.557193

38 29 0.523239

39 29 0.48722

40 29 0.449279

41 29 0.409564

42 29 0.368232

43 29 0.325448

44 29 0.281379

45 29 0.2362

46 29 0.190088

47 29 0.143226

48 29 0.0957995

49 29 0.0479945

50 29 0

0 30 0

1 30 0.047126

2 30 0.094066

3 30 0.140635

4 30 0.186649

5 30 0.231926

6 30 0.276288

7 30 0.319559

8 30 0.361569

9 30 0.402153

10 30 0.441149

11 30 0.478404

12 30 0.513771

13 30 0.547111

14 30 0.578291

15 30 0.607189

16 30 0.633691

17 30 0.657692

18 30 0.679097

19 30 0.697823

20 30 0.713794

21 30 0.726948

22 30 0.737233

23 30 0.744609

24 30 0.749046

25 30 0.750527

26 30 0.749046

27 30 0.744609

28 30 0.737233

29 30 0.726948

30 30 0.713794

31 30 0.697823

32 30 0.679097

33 30 0.657692

34 30 0.633691

35 30 0.607189

36 30 0.578291

37 30 0.547111

38 30 0.513771

39 30 0.478404

40 30 0.441149

41 30 0.402153

42 30 0.361569

43 30 0.319559

44 30 0.276288

45 30 0.231926

46 30 0.186649

47 30 0.140635

48 30 0.094066

49 30 0.047126

50 30 0

0 31 0

1 31 0.0460715

2 31 0.0919613

3 31 0.137488

4 31 0.182472

5 31 0.226736

6 31 0.270106

7 31 0.312409

8 31 0.353479

9 31 0.393154

10 31 0.431278

11 31 0.4677

12 31 0.502276

13 31 0.534869

14 31 0.565352

15 31 0.593603

16 31 0.619512

17 31 0.642976

18 31 0.663902

19 31 0.682209

20 31 0.697823

21 31 0.710683

22 31 0.720738

23 31 0.727948

24 31 0.732286

25 31 0.733734

26 31 0.732286

27 31 0.727948

28 31 0.720738

29 31 0.710683

30 31 0.697823

31 31 0.682209

32 31 0.663902

33 31 0.642976

34 31 0.619512

35 31 0.593603

36 31 0.565352

37 31 0.534869

38 31 0.502276

39 31 0.4677

40 31 0.431278

41 31 0.393154

42 31 0.353479

43 31 0.312409

44 31 0.270106

45 31 0.226736

46 31 0.182472

47 31 0.137488

48 31 0.0919613

49 31 0.0460715

50 31 0

0 32 0

1 32 0.0448353

2 32 0.0894936

3 32 0.133799

4 32 0.177576

5 32 0.220652

6 32 0.262858

7 32 0.304026

8 32 0.343994

9 32 0.382605

10 32 0.419705

11 32 0.45515

12 32 0.488798

13 32 0.520517

14 32 0.550181

15 32 0.577675

16 32 0.602888

17 32 0.625723

18 32 0.646087

19 32 0.663902

20 32 0.679097

21 32 0.691612

22 32 0.701398

23 32 0.708415

24 32 0.712636

25 32 0.714045

26 32 0.712636

27 32 0.708415

28 32 0.701398

29 32 0.691612

30 32 0.679097

31 32 0.663902

32 32 0.646087

33 32 0.625723

34 32 0.602888

35 32 0.577675

36 32 0.550181

37 32 0.520517

38 32 0.488798

39 32 0.45515

40 32 0.419705

41 32 0.382605

42 32 0.343994

43 32 0.304026

44 32 0.262858

45 32 0.220652

46 32 0.177576

47 32 0.133799

48 32 0.0894936

49 32 0.0448353

50 32 0

0 33 0

1 33 0.0434221

2 33 0.0866727

3 33 0.129581

4 33 0.171979

5 33 0.213697

6 33 0.254572

7 33 0.294443

8 33 0.333151

9 33 0.370545

10 33 0.406476

11 33 0.440803

12 33 0.473391

13 33 0.50411

14 33 0.532839

15 33 0.559466

16 33 0.583885

17 33 0.606

18 33 0.625723

19 33 0.642976

20 33 0.657692

21 33 0.669812

22 33 0.679289

23 33 0.686085

24 33 0.690174

25 33 0.691538

26 33 0.690174

27 33 0.686085

28 33 0.679289

29 33 0.669812

30 33 0.657692

31 33 0.642976

32 33 0.625723

33 33 0.606

34 33 0.583885

35 33 0.559466

36 33 0.532839

37 33 0.50411

38 33 0.473391

39 33 0.440803

40 33 0.406476

41 33 0.370545

42 33 0.333151

43 33 0.294443

44 33 0.254572

45 33 0.213697

46 33 0.171979

47 33 0.129581

48 33 0.0866727

49 33 0.0434221

50 33 0

0 34 0

1 34 0.0418375

2 34 0.0835098

3 34 0.124853

4 34 0.165703

5 34 0.205899

6 34 0.245282

7 34 0.283698

8 34 0.320994

9 34 0.357023

10 34 0.391643

11 34 0.424717

12 34 0.456115

13 34 0.485713

14 34 0.513395

15 34 0.53905

16 34 0.562578

17 34 0.583885

18 34 0.602888

19 34 0.619512

20 34 0.633691

21 34 0.645369

22 34 0.6545

23 34 0.661048

24 34 0.664987

25 34 0.666302

26 34 0.664987

27 34 0.661048

28 34 0.6545

29 34 0.645369

30 34 0.633691

31 34 0.619512

32 34 0.602888

33 34 0.583885

34 34 0.562578

35 34 0.53905

36 34 0.513395

37 34 0.485713

38 34 0.456115

39 34 0.424717

40 34 0.391643

41 34 0.357023

42 34 0.320994

43 34 0.283698

44 34 0.245282

45 34 0.205899

46 34 0.165703

47 34 0.124853

48 34 0.0835098

49 34 0.0418375

50 34 0

0 35 0

1 35 0.0400878

2 35 0.0800173

3 35 0.119631

4 35 0.158773

5 35 0.197288

6 35 0.235024

7 35 0.271833

8 35 0.307569

9 35 0.342091

10 35 0.375264

11 35 0.406955

12 35 0.43704

13 35 0.4654

14 35 0.491924

15 35 0.516506

16 35 0.53905

17 35 0.559466

18 35 0.577675

19 35 0.593603

20 35 0.607189

21 35 0.618379

22 35 0.627128

23 35 0.633402

24 35 0.637177

25 35 0.638437

26 35 0.637177

27 35 0.633402

28 35 0.627128

29 35 0.618379

30 35 0.607189

31 35 0.593603

32 35 0.577675

33 35 0.559466

34 35 0.53905

35 35 0.516506

36 35 0.491924

37 35 0.4654

38 35 0.43704

39 35 0.406955

40 35 0.375264

41 35 0.342091

42 35 0.307569

43 35 0.271833

44 35 0.235024

45 35 0.197288

46 35 0.158773

47 35 0.119631

48 35 0.0800173

49 35 0.0400878

50 35 0

0 36 0

1 36 0.0381799

2 36 0.076209

3 36 0.113937

4 36 0.151216

5 36 0.187898

6 36 0.223839

7 36 0.258896

8 36 0.292931

9 36 0.32581

10 36 0.357404

11 36 0.387587

12 36 0.41624

13 36 0.44325

14 36 0.468512

15 36 0.491924

16 36 0.513395

17 36 0.532839

18 36 0.550181

19 36 0.565352

20 36 0.578291

21 36 0.588948

22 36 0.597281

23 36 0.603257

24 36 0.606851

25 36 0.608051

26 36 0.606851

27 36 0.603257

28 36 0.597281

29 36 0.588948

30 36 0.578291

31 36 0.565352

32 36 0.550181

33 36 0.532839

34 36 0.513395

35 36 0.491924

36 36 0.468512

37 36 0.44325

38 36 0.41624

39 36 0.387587

40 36 0.357404

41 36 0.32581

42 36 0.292931

43 36 0.258896

44 36 0.223839

45 36 0.187898

46 36 0.151216

47 36 0.113937

48 36 0.076209

49 36 0.0381799

50 36 0

0 37 0

1 37 0.0361213

2 37 0.0721

3 37 0.107794

4 37 0.143063

5 37 0.177767

6 37 0.21177

7 37 0.244937

8 37 0.277137

9 37 0.308243

10 37 0.338133

11 37 0.366689

12 37 0.393797

13 37 0.419351

14 37 0.44325

15 37 0.4654

16 37 0.485713

17 37 0.50411

18 37 0.520517

19 37 0.534869

20 37 0.547111

21 37 0.557193

22 37 0.565077

23 37 0.57073

24 37 0.574131

25 37 0.575266

26 37 0.574131

27 37 0.57073

28 37 0.565077

29 37 0.557193

30 37 0.547111

31 37 0.534869

32 37 0.520517

33 37 0.50411

34 37 0.485713

35 37 0.4654

36 37 0.44325

37 37 0.419351

38 37 0.393797

39 37 0.366689

40 37 0.338133

41 37 0.308243

42 37 0.277137

43 37 0.244937

44 37 0.21177

45 37 0.177767

46 37 0.143063

47 37 0.107794

48 37 0.0721

49 37 0.0361213

50 37 0

0 38 0

1 38 0.0339201

2 38 0.0677064

3 38 0.101225

4 38 0.134345

5 38 0.166934

6 38 0.198865

7 38 0.230011

8 38 0.260249

9 38 0.28946

10 38 0.317528

11 38 0.344344

12 38 0.3698

13 38 0.393797

14 38 0.41624

15 38 0.43704

16 38 0.456115

17 38 0.473391

18 38 0.488798

19 38 0.502276

20 38 0.513771

21 38 0.523239

22 38 0.530642

23 38 0.535951

24 38 0.539145

25 38 0.540211

26 38 0.539145

27 38 0.535951

28 38 0.530642

29 38 0.523239

30 38 0.513771

31 38 0.502276

32 38 0.488798

33 38 0.473391

34 38 0.456115

35 38 0.43704

36 38 0.41624

37 38 0.393797

38 38 0.3698

39 38 0.344344

40 38 0.317528

41 38 0.28946

42 38 0.260249

43 38 0.230011

44 38 0.198865

45 38 0.166934

46 38 0.134345

47 38 0.101225

48 38 0.0677064

49 38 0.0339201

50 38 0

0 39 0

1 39 0.0315851

2 39 0.0630456

3 39 0.0942573

4 39 0.125097

5 39 0.155443

6 39 0.185175

7 39 0.214177

8 39 0.242334

9 39 0.269534

10 39 0.29567

11 39 0.320639

12 39 0.344344

13 39 0.366689

14 39 0.387587

15 39 0.406955

16 39 0.424717

17 39 0.440803

18 39 0.45515

19 39 0.4677

20 39 0.478404

21 39 0.48722

22 39 0.494114

23 39 0.499057

24 39 0.502031

25 39 0.503024

26 39 0.502031

27 39 0.499057

28 39 0.494114

29 39 0.48722

30 39 0.478404

31 39 0.4677

32 39 0.45515

33 39 0.440803

34 39 0.424717

35 39 0.406955

36 39 0.387587

37 39 0.366689

38 39 0.344344

39 39 0.320639

40 39 0.29567

41 39 0.269534

42 39 0.242334

43 39 0.214177

44 39 0.185175

45 39 0.155443

46 39 0.125097

47 39 0.0942573

48 39 0.0630456

49 39 0.0315851

50 39 0

0 40 0

1 40 0.0291255

2 40 0.058136

3 40 0.0869171

4 40 0.115355

5 40 0.143338

6 40 0.170755

7 40 0.197498

8 40 0.223462

9 40 0.248544

10 40 0.272645

11 40 0.29567

12 40 0.317528

13 40 0.338133

14 40 0.357404

15 40 0.375264

16 40 0.391643

17 40 0.406476

18 40 0.419705

19 40 0.431278

20 40 0.441149

21 40 0.449279

22 40 0.455635

23 40 0.460194

24 40 0.462936

25 40 0.463851

26 40 0.462936

27 40 0.460194

28 40 0.455635

29 40 0.449279

30 40 0.441149

31 40 0.431278

32 40 0.419705

33 40 0.406476

34 40 0.391643

35 40 0.375264

36 40 0.357404

37 40 0.338133

38 40 0.317528

39 40 0.29567

40 40 0.272645

41 40 0.248544

42 40 0.223462

43 40 0.197498

44 40 0.170755

45 40 0.143338

46 40 0.115355

47 40 0.0869171

48 40 0.058136

49 40 0.0291255

50 40 0

0 41 0

1 41 0.0265509

2 41 0.0529969

3 41 0.0792339

4 41 0.105158

5 41 0.130667

6 41 0.155661

7 41 0.18004

8 41 0.203709

9 41 0.226573

10 41 0.248544

11 41 0.269534

12 41 0.28946

13 41 0.308243

14 41 0.32581

15 41 0.342091

16 41 0.357023

17 41 0.370545

18 41 0.382605

19 41 0.393154

20 41 0.402153

21 41 0.409564

22 41 0.415358

23 41 0.419514

24 41 0.422014

25 41 0.422848

26 41 0.422014

27 41 0.419514

28 41 0.415358

29 41 0.409564

30 41 0.402153

31 41 0.393154

32 41 0.382605

33 41 0.370545

34 41 0.357023

35 41 0.342091

36 41 0.32581

37 41 0.308243

38 41 0.28946

39 41 0.269534

40 41 0.248544

41 41 0.226573

42 41 0.203709

43 41 0.18004

44 41 0.155661

45 41 0.130667

46 41 0.105158

47 41 0.0792339

48 41 0.0529969

49 41 0.0265509

50 41 0

0 42 0

1 42 0.0238715

2 42 0.0476487

3 42 0.071238

4 42 0.094546

5 42 0.117481

6 42 0.139952

7 42 0.161871

8 42 0.183151

9 42 0.203709

10 42 0.223462

11 42 0.242334

12 42 0.260249

13 42 0.277137

14 42 0.292931

15 42 0.307569

16 42 0.320994

17 42 0.333151

18 42 0.343994

19 42 0.353479

20 42 0.361569

21 42 0.368232

22 42 0.373442

23 42 0.377179

24 42 0.379426

25 42 0.380176

26 42 0.379426

27 42 0.377179

28 42 0.373442

29 42 0.368232

30 42 0.361569

31 42 0.353479

32 42 0.343994

33 42 0.333151

34 42 0.320994

35 42 0.307569

36 42 0.292931

37 42 0.277137

38 42 0.260249

39 42 0.242334

40 42 0.223462

41 42 0.203709

42 42 0.183151

43 42 0.161871

44 42 0.139952

45 42 0.117481

46 42 0.094546

47 42 0.071238

48 42 0.0476487

49 42 0.0238715

50 42 0

0 43 0

1 43 0.0210979

2 43 0.0421125

3 43 0.0629609

4 43 0.0835608

5 43 0.103831

6 43 0.123691

7 43 0.143064

8 43 0.161871

9 43 0.18004

10 43 0.197498

11 43 0.214177

12 43 0.230011

13 43 0.244937

14 43 0.258896

15 43 0.271833

16 43 0.283698

17 43 0.294443

18 43 0.304026

19 43 0.312409

20 43 0.319559

21 43 0.325448

22 43 0.330053

23 43 0.333355

24 43 0.335341

25 43 0.336004

26 43 0.335341

27 43 0.333355

28 43 0.330053

29 43 0.325448

30 43 0.319559

31 43 0.312409

32 43 0.304026

33 43 0.294443

34 43 0.283698

35 43 0.271833

36 43 0.258896

37 43 0.244937

38 43 0.230011

39 43 0.214177

40 43 0.197498

41 43 0.18004

42 43 0.161871

43 43 0.143064

44 43 0.123691

45 43 0.103831

46 43 0.0835608

47 43 0.0629609

48 43 0.0421125

49 43 0.0210979

50 43 0

0 44 0

1 44 0.018241

2 44 0.03641

3 44 0.0544354

4 44 0.0722459

5 44 0.0897713

6 44 0.106942

7 44 0.123691

8 44 0.139952

9 44 0.155661

10 44 0.170755

11 44 0.185175

12 44 0.198865

13 44 0.21177

14 44 0.223839

15 44 0.235024

16 44 0.245282

17 44 0.254572

18 44 0.262858

19 44 0.270106

20 44 0.276288

21 44 0.281379

22 44 0.28536

23 44 0.288215

24 44 0.289933

25 44 0.290506

26 44 0.289933

27 44 0.288215

28 44 0.28536

29 44 0.281379

30 44 0.276288

31 44 0.270106

32 44 0.262858

33 44 0.254572

34 44 0.245282

35 44 0.235024

36 44 0.223839

37 44 0.21177

38 44 0.198865

39 44 0.185175

40 44 0.170755

41 44 0.155661

42 44 0.139952

43 44 0.123691

44 44 0.106942

45 44 0.0897713

46 44 0.0722459

47 44 0.0544354

48 44 0.03641

49 44 0.018241

50 44 0

0 45 0

1 45 0.0153122

2 45 0.0305639

3 45 0.045695

4 45 0.0606458

5 45 0.0753572

6 45 0.0897713

7 45 0.103831

8 45 0.117481

9 45 0.130667

10 45 0.143338

11 45 0.155443

12 45 0.166934

13 45 0.177767

14 45 0.187898

15 45 0.197288

16 45 0.205899

17 45 0.213697

18 45 0.220652

19 45 0.226736

20 45 0.231926

21 45 0.2362

22 45 0.239542

23 45 0.241938

24 45 0.24338

25 45 0.243861

26 45 0.24338

27 45 0.241938

28 45 0.239542

29 45 0.2362

30 45 0.231926

31 45 0.226736

32 45 0.220652

33 45 0.213697

34 45 0.205899

35 45 0.197288

36 45 0.187898

37 45 0.177767

38 45 0.166934

39 45 0.155443

40 45 0.143338

41 45 0.130667

42 45 0.117481

43 45 0.103831

44 45 0.0897713

45 45 0.0753572

46 45 0.0606458

47 45 0.045695

48 45 0.0305639

49 45 0.0153122

50 45 0

0 46 0

1 46 0.0123229

2 46 0.0245971

3 46 0.0367743

4 46 0.0488064

5 46 0.0606458

6 46 0.0722459

7 46 0.0835608

8 46 0.094546

9 46 0.105158

10 46 0.115355

11 46 0.125097

12 46 0.134345

13 46 0.143063

14 46 0.151216

15 46 0.158773

16 46 0.165703

17 46 0.171979

18 46 0.177576

19 46 0.182472

20 46 0.186649

21 46 0.190088

22 46 0.192778

23 46 0.194706

24 46 0.195867

25 46 0.196254

26 46 0.195867

27 46 0.194706

28 46 0.192778

29 46 0.190088

30 46 0.186649

31 46 0.182472

32 46 0.177576

33 46 0.171979

34 46 0.165703

35 46 0.158773

36 46 0.151216

37 46 0.143063

38 46 0.134345

39 46 0.125097

40 46 0.115355

41 46 0.105158

42 46 0.094546

43 46 0.0835608

44 46 0.0722459

45 46 0.0606458

46 46 0.0488064

47 46 0.0367743

48 46 0.0245971

49 46 0.0123229

50 46 0

0 47 0

1 47 0.00928497

2 47 0.0185333

3 47 0.0277085

4 47 0.0367743

5 47 0.045695

6 47 0.0544354

7 47 0.0629609

8 47 0.071238

9 47 0.0792339

10 47 0.0869171

11 47 0.0942573

12 47 0.101225

13 47 0.107794

14 47 0.113937

15 47 0.119631

16 47 0.124853

17 47 0.129581

18 47 0.133799

19 47 0.137488

20 47 0.140635

21 47 0.143226

22 47 0.145253

23 47 0.146706

24 47 0.14758

25 47 0.147872

26 47 0.14758

27 47 0.146706

28 47 0.145253

29 47 0.143226

30 47 0.140635

31 47 0.137488

32 47 0.133799

33 47 0.129581

34 47 0.124853

35 47 0.119631

36 47 0.113937

37 47 0.107794

38 47 0.101225

39 47 0.0942573

40 47 0.0869171

41 47 0.0792339

42 47 0.071238

43 47 0.0629609

44 47 0.0544354

45 47 0.045695

46 47 0.0367743

47 47 0.0277085

48 47 0.0185333

49 47 0.00928497

50 47 0

0 48 0

1 48 0.00621041

2 48 0.0123963

3 48 0.0185333

4 48 0.0245971

5 48 0.0305639

6 48 0.03641

7 48 0.0421125

8 48 0.0476487

9 48 0.0529969

10 48 0.058136

11 48 0.0630456

12 48 0.0677064

13 48 0.0721

14 48 0.076209

15 48 0.0800173

16 48 0.0835098

17 48 0.0866727

18 48 0.0894936

19 48 0.0919613

20 48 0.094066

21 48 0.0957995

22 48 0.0971549

23 48 0.0981269

24 48 0.0987117

25 48 0.0989069

26 48 0.0987117

27 48 0.0981269

28 48 0.0971549

29 48 0.0957995

30 48 0.094066

31 48 0.0919613

32 48 0.0894936

33 48 0.0866727

34 48 0.0835098

35 48 0.0800173

36 48 0.076209

37 48 0.0721

38 48 0.0677064

39 48 0.0630456

40 48 0.058136

41 48 0.0529969

42 48 0.0476487

43 48 0.0421125

44 48 0.03641

45 48 0.0305639

46 48 0.0245971

47 48 0.0185333

48 48 0.0123963

49 48 0.00621041

50 48 0

0 49 0

1 49 0.00311135

2 49 0.00621041

3 49 0.00928497

4 49 0.0123229

5 49 0.0153122

6 49 0.018241

7 49 0.0210979

8 49 0.0238715

9 49 0.0265509

10 49 0.0291255

11 49 0.0315851

12 49 0.0339201

13 49 0.0361213

14 49 0.0381799

15 49 0.0400878

16 49 0.0418375

17 49 0.0434221

18 49 0.0448353

19 49 0.0460715

20 49 0.047126

21 49 0.0479945

22 49 0.0486735

23 49 0.0491605

24 49 0.0494534

25 49 0.0495512

26 49 0.0494534

27 49 0.0491605

28 49 0.0486735

29 49 0.0479945

30 49 0.047126

31 49 0.0460715

32 49 0.0448353

33 49 0.0434221

34 49 0.0418375

35 49 0.0400878

36 49 0.0381799

37 49 0.0361213

38 49 0.0339201

39 49 0.0315851

40 49 0.0291255

41 49 0.0265509

42 49 0.0238715

43 49 0.0210979

44 49 0.018241

45 49 0.0153122

46 49 0.0123229

47 49 0.00928497

48 49 0.00621041

49 49 0.00311135

50 49 0

