0 1 0

1 1 0.000739696

2 1 0.00147647

3 1 0.00220742

4 1 0.00292966

5 1 0.00364034

6 1 0.00433665

7 1 0.00501584

8 1 0.00567524

9 1 0.00631224

10 1 0.00692433

11 1 0.00750909

12 1 0.00806422

13 1 0.00858752

14 1 0.00907694

15 1 0.00953052

16 1 0.0099465

17 1 0.0103232

18 1 0.0106592

19 1 0.0109531

20 1 0.0112038

21 1 0.0114103

22 1 0.0115717

23 1 0.0116875

24 1 0.0117571

25 1 0.0117804

26 1 0.0117571

27 1 0.0116875

28 1 0.0115717

29 1 0.0114103

30 1 0.0112038

31 1 0.0109531

32 1 0.0106592

33 1 0.0103232

34 1 0.0099465

35 1 0.00953052

36 1 0.00907694

37 1 0.00858752

38 1 0.00806422

39 1 0.00750909

40 1 0.00692433

41 1 0.00631224

42 1 0.00567524

43 1 0.00501584

44 1 0.00433665

45 1 0.00364034

46 1 0.00292966

47 1 0.00220742

48 1 0.00147647

49 1 0.000739696

50 1 0

0 2 0

1 2 0.00147647

2 2 0.00294712

3 2 0.00440613

4 2 0.00584776

5 2 0.00726631

6 2 0.00865618

7 2 0.0100119

8 2 0.0113281

9 2 0.0125996

10 2 0.0138213

11 2 0.0149886

12 2 0.0160966

13 2 0.0171412

14 2 0.018118

15 2 0.0190234

16 2 0.0198537

17 2 0.0206057

18 2 0.0212763

19 2 0.021863

20 2 0.0223634

21 2 0.0227755

22 2 0.0230978

23 2 0.0233288

24 2 0.0234679

25 2 0.0235143

26 2 0.0234679

27 2 0.0233288

28 2 0.0230978

29 2 0.0227755

30 2 0.0223634

31 2 0.021863

32 2 0.0212763

33 2 0.0206057

34 2 0.0198537

35 2 0.0190234

36 2 0.018118

37 2 0.0171412

38 2 0.0160966

39 2 0.0149886

40 2 0.0138213

41 2 0.0125996

42 2 0.0113281

43 2 0.0100119

44 2 0.00865618

45 2 0.00726631

46 2 0.00584776

47 2 0.00440613

48 2 0.00294712

49 2 0.00147647

50 2 0

0 3 0

1 3 0.00220742

2 3 0.00440613

3 3 0.00658745

4 3 0.00874278

5 3 0.0108636

6 3 0.0129415

7 3 0.0149684

8 3 0.0169362

9 3 0.0188372

10 3 0.0206638

11 3 0.0224089

12 3 0.0240655

13 3 0.0256271

14 3 0.0270877

15 3 0.0284413

16 3 0.0296826

17 3 0.0308069

18 3 0.0318095

19 3 0.0326866

20 3 0.0334347

21 3 0.0340509

22 3 0.0345326

23 3 0.0348781

24 3 0.035086

25 3 0.0351553

26 3 0.035086

27 3 0.0348781

28 3 0.0345326

29 3 0.0340509

30 3 0.0334347

31 3 0.0326866

32 3 0.0318095

33 3 0.0308069

34 3 0.0296826

35 3 0.0284413

36 3 0.0270877

37 3 0.0256271

38 3 0.0240655

39 3 0.0224089

40 3 0.0206638

41 3 0.0188372

42 3 0.0169362

43 3 0.0149684

44 3 0.0129415

45 3 0.0108636

46 3 0.00874278

47 3 0.00658745

48 3 0.00440613

49 3 0.00220742

50 3 0

0 4 0

1 4 0.00292966

2 4 0.00584776

3 4 0.00874278

4 4 0.0116033

5 4 0.014418

6 4 0.0171758

7 4 0.0198659

8 4 0.0224775

9 4 0.0250004

10 4 0.0274247

11 4 0.0297407

12 4 0.0319394

13 4 0.034012

14 4 0.0359504

15 4 0.0377469

16 4 0.0393944

17 4 0.0408864

18 4 0.0422171

19 4 0.0433812

20 4 0.0443741

21 4 0.0451918

22 4 0.0458312

23 4 0.0462898

24 4 0.0465656

25 4 0.0466577

26 4 0.0465656

27 4 0.0462898

28 4 0.0458312

29 4 0.0451918

30 4 0.0443741

31 4 0.0433812

32 4 0.0422171

33 4 0.0408864

34 4 0.0393944

35 4 0.0377469

36 4 0.0359504

37 4 0.034012

38 4 0.0319394

39 4 0.0297407

40 4 0.0274247

41 4 0.0250004

42 4 0.0224775

43 4 0.0198659

44 4 0.0171758

45 4 0.014418

46 4 0.0116033

47 4 0.00874278

48 4 0.00584776

49 4 0.00292966

50 4 0

0 5 0

1 5 0.00364034

2 5 0.00726631

3 5 0.0108636

4 5 0.014418

5 5 0.0179155

6 5 0.0213423

7 5 0.0246849

8 5 0.0279301

9 5 0.031065

10 5 0.0340774

11 5 0.0369552

12 5 0.0396872

13 5 0.0422626

14 5 0.0446712

15 5 0.0469035

16 5 0.0489507

17 5 0.0508047

18 5 0.0524582

19 5 0.0539046

20 5 0.0551383

21 5 0.0561545

22 5 0.056949

23 5 0.0575187

24 5 0.0578615

25 5 0.0579759

26 5 0.0578615

27 5 0.0575187

28 5 0.056949

29 5 0.0561545

30 5 0.0551383

31 5 0.0539046

32 5 0.0524582

33 5 0.0508047

34 5 0.0489507

35 5 0.0469035

36 5 0.0446712

37 5 0.0422626

38 5 0.0396872

39 5 0.0369552

40 5 0.0340774

41 5 0.031065

42 5 0.0279301

43 5 0.0246849

44 5 0.0213423

45 5 0.0179155

46 5 0.014418

47 5 0.0108636

48 5 0.00726631

49 5 0.00364034

50 5 0

0 6 0

1 6 0.00433665

2 6 0.00865618

3 6 0.0129415

4 6 0.0171758

5 6 0.0213423

6 6 0.0254246

7 6 0.0294066

8 6 0.0332725

9 6 0.037007

10 6 0.0405956

11 6 0.0440239

12 6 0.0472784

13 6 0.0503464

14 6 0.0532157

15 6 0.055875

16 6 0.0583138

17 6 0.0605224

18 6 0.0624921

19 6 0.0642153

20 6 0.065685

21 6 0.0668955

22 6 0.067842

23 6 0.0685207

24 6 0.068929

25 6 0.0690653

26 6 0.068929

27 6 0.0685207

28 6 0.067842

29 6 0.0668955

30 6 0.065685

31 6 0.0642153

32 6 0.0624921

33 6 0.0605224

34 6 0.0583138

35 6 0.055875

36 6 0.0532157

37 6 0.0503464

38 6 0.0472784

39 6 0.0440239

40 6 0.0405956

41 6 0.037007

42 6 0.0332725

43 6 0.0294066

44 6 0.0254246

45 6 0.0213423

46 6 0.0171758

47 6 0.0129415

48 6 0.00865618

49 6 0.00433665

50 6 0

0 7 0

1 7 0.00501584

2 7 0.0100119

3 7 0.0149684

4 7 0.0198659

5 7 0.0246849

6 7 0.0294066

7 7 0.0340122

8 7 0.0384835

9 7 0.042803

10 7 0.0469535

11 7 0.0509188

12 7 0.0546831

13 7 0.0582316

14 7 0.0615502

15 7 0.064626

16 7 0.0674467

17 7 0.0700012

18 7 0.0722795

19 7 0.0742725

20 7 0.0759724

21 7 0.0773725

22 7 0.0784672

23 7 0.0792522

24 7 0.0797245

25 7 0.0798821

26 7 0.0797245

27 7 0.0792522

28 7 0.0784672

29 7 0.0773725

30 7 0.0759724

31 7 0.0742725

32 7 0.0722795

33 7 0.0700012

34 7 0.0674467

35 7 0.064626

36 7 0.0615502

37 7 0.0582316

38 7 0.0546831

39 7 0.0509188

40 7 0.0469535

41 7 0.042803

42 7 0.0384835

43 7 0.0340122

44 7 0.0294066

45 7 0.0246849

46 7 0.0198659

47 7 0.0149684

48 7 0.0100119

49 7 0.00501584

50 7 0

0 8 0

1 8 0.00567524

2 8 0.0113281

3 8 0.0169362

4 8 0.0224775

5 8 0.0279301

6 8 0.0332725

7 8 0.0384835

8 8 0.0435427

9 8 0.04843

10 8 0.0531262

11 8 0.0576127

12 8 0.0618719

13 8 0.0658869

14 8 0.0696418

15 8 0.0731219

16 8 0.0763135

17 8 0.0792038

18 8 0.0817816

19 8 0.0840366

20 8 0.08596

21 8 0.0875441

22 8 0.0887828

23 8 0.089671

24 8 0.0902053

25 8 0.0903837

26 8 0.0902053

27 8 0.089671

28 8 0.0887828

29 8 0.0875441

30 8 0.08596

31 8 0.0840366

32 8 0.0817816

33 8 0.0792038

34 8 0.0763135

35 8 0.0731219

36 8 0.0696418

37 8 0.0658869

38 8 0.0618719

39 8 0.0576127

40 8 0.0531262

41 8 0.04843

42 8 0.0435427

43 8 0.0384835

44 8 0.0332725

45 8 0.0279301

46 8 0.0224775

47 8 0.0169362

48 8 0.0113281

49 8 0.00567524

50 8 0

0 9 0

1 9 0.00631224

2 9 0.0125996

3 9 0.0188372

4 9 0.0250004

5 9 0.031065

6 9 0.037007

7 9 0.042803

8 9 0.04843

9 9 0.0538659

10 9 0.0590892

11 9 0.0640793

12 9 0.0688165

13 9 0.0732822

14 9 0.0774586

15 9 0.0813293

16 9 0.0848791

17 9 0.0880939

18 9 0.090961

19 9 0.0934691

20 9 0.0956083

21 9 0.0973703

22 9 0.0987479

23 9 0.0997359

24 9 0.10033

25 9 0.100529

26 9 0.10033

27 9 0.0997359

28 9 0.0987479

29 9 0.0973703

30 9 0.0956083

31 9 0.0934691

32 9 0.090961

33 9 0.0880939

34 9 0.0848791

35 9 0.0813293

36 9 0.0774586

37 9 0.0732822

38 9 0.0688165

39 9 0.0640793

40 9 0.0590892

41 9 0.0538659

42 9 0.04843

43 9 0.042803

44 9 0.037007

45 9 0.031065

46 9 0.0250004

47 9 0.0188372

48 9 0.0125996

49 9 0.00631224

50 9 0

0 10 0

1 10 0.00692433

2 10 0.0138213

3 10 0.0206638

4 10 0.0274247

5 10 0.0340774

6 10 0.0405956

7 10 0.0469535

8 10 0.0531262

9 10 0.0590892

10 10 0.064819

11 10 0.070293

12 10 0.0754896

13 10 0.0803883

14 10 0.0849697

15 10 0.0892157

16 10 0.0931097

17 10 0.0966362

18 10 0.0997813

19 10 0.102533

20 10 0.104879

21 10 0.106812

22 10 0.108323

23 10 0.109407

24 10 0.110059

25 10 0.110277

26 10 0.110059

27 10 0.109407

28 10 0.108323

29 10 0.106812

30 10 0.104879

31 10 0.102533

32 10 0.0997813

33 10 0.0966362

34 10 0.0931097

35 10 0.0892157

36 10 0.0849697

37 10 0.0803883

38 10 0.0754896

39 10 0.070293

40 10 0.064819

41 10 0.0590892

42 10 0.0531262

43 10 0.0469535

44 10 0.0405956

45 10 0.0340774

46 10 0.0274247

47 10 0.0206638

48 10 0.0138213

49 10 0.00692433

50 10 0

0 11 0

1 11 0.00750909

2 11 0.0149886

3 11 0.0224089

4 11 0.0297407

5 11 0.0369552

6 11 0.0440239

7 11 0.0509188

8 11 0.0576127

9 11 0.0640793

10 11 0.070293

11 11 0.0762293

12 11 0.0818647

13 11 0.0871771

14 11 0.0921454

15 11 0.09675

16 11 0.100973

17 11 0.104797

18 11 0.108208

19 11 0.111192

20 11 0.113736

21 11 0.115832

22 11 0.117471

23 11 0.118647

24 11 0.119354

25 11 0.11959

26 11 0.119354

27 11 0.118647

28 11 0.117471

29 11 0.115832

30 11 0.113736

31 11 0.111192

32 11 0.108208

33 11 0.104797

34 11 0.100973

35 11 0.09675

36 11 0.0921454

37 11 0.0871771

38 11 0.0818647

39 11 0.0762293

40 11 0.070293

41 11 0.0640793

42 11 0.0576127

43 11 0.0509188

44 11 0.0440239

45 11 0.0369552

46 11 0.0297407

47 11 0.0224089

48 11 0.0149886

49 11 0.00750909

50 11 0

0 12 0

1 12 0.00806422

2 12 0.0160966

3 12 0.0240655

4 12 0.0319394

5 12 0.0396872

6 12 0.0472784

7 12 0.0546831

8 12 0.0618719

9 12 0.0688165

10 12 0.0754896

11 12 0.0818647

12 12 0.0879168

13 12 0.0936219

14 12 0.0989575

15 12 0.103903

16 12 0.108438

17 12 0.112545

18 12 0.116207

19 12 0.119412

20 12 0.122145

21 12 0.124396

22 12 0.126156

23 12 0.127418

24 12 0.128177

25 12 0.128431

26 12 0.128177

27 12 0.127418

28 12 0.126156

29 12 0.124396

30 12 0.122145

31 12 0.119412

32 12 0.116207

33 12 0.112545

34 12 0.108438

35 12 0.103903

36 12 0.0989575

37 12 0.0936219

38 12 0.0879168

39 12 0.0818647

40 12 0.0754896

41 12 0.0688165

42 12 0.0618719

43 12 0.0546831

44 12 0.0472784

45 12 0.0396872

46 12 0.0319394

47 12 0.0240655

48 12 0.0160966

49 12 0.00806422

50 12 0

0 13 0

1 13 0.00858752

2 13 0.0171412

3 13 0.0256271

4 13 0.034012

5 13 0.0422626

6 13 0.0503464

7 13 0.0582316

8 13 0.0658869

9 13 0.0732822

10 13 0.0803883

11 13 0.0871771

12 13 0.0936219

13 13 0.0996971

14 13 0.105379

15 13 0.110645

16 13 0.115474

17 13 0.119848

18 13 0.123748

19 13 0.127161

20 13 0.130071

21 13 0.132468

22 13 0.134342

23 13 0.135686

24 13 0.136495

25 13 0.136765

26 13 0.136495

27 13 0.135686

28 13 0.134342

29 13 0.132468

30 13 0.130071

31 13 0.127161

32 13 0.123748

33 13 0.119848

34 13 0.115474

35 13 0.110645

36 13 0.105379

37 13 0.0996971

38 13 0.0936219

39 13 0.0871771

40 13 0.0803883

41 13 0.0732822

42 13 0.0658869

43 13 0.0582316

44 13 0.0503464

45 13 0.0422626

46 13 0.034012

47 13 0.0256271

48 13 0.0171412

49 13 0.00858752

50 13 0

0 14 0

1 14 0.00907694

2 14 0.018118

3 14 0.0270877

4 14 0.0359504

5 14 0.0446712

6 14 0.0532157

7 14 0.0615502

8 14 0.0696418

9 14 0.0774586

10 14 0.0849697

11 14 0.0921454

12 14 0.0989575

13 14 0.105379

14 14 0.111385

15 14 0.116951

16 14 0.122055

17 14 0.126678

18 14 0.130801

19 14 0.134408

20 14 0.137484

21 14 0.140017

22 14 0.141998

23 14 0.143419

24 14 0.144274

25 14 0.144559

26 14 0.144274

27 14 0.143419

28 14 0.141998

29 14 0.140017

30 14 0.137484

31 14 0.134408

32 14 0.130801

33 14 0.126678

34 14 0.122055

35 14 0.116951

36 14 0.111385

37 14 0.105379

38 14 0.0989575

39 14 0.0921454

40 14 0.0849697

41 14 0.0774586

42 14 0.0696418

43 14 0.0615502

44 14 0.0532157

45 14 0.0446712

46 14 0.0359504

47 14 0.0270877

48 14 0.018118

49 14 0.00907694

50 14 0

0 15 0

1 15 0.00953052

2 15 0.0190234

3 15 0.0284413

4 15 0.0377469

5 15 0.0469035

6 15 0.055875

7 15 0.064626

8 15 0.0731219

9 15 0.0813293

10 15 0.0892157

11 15 0.09675

12 15 0.103903

13 15 0.110645

14 15 0.116951

15 15 0.122795

16 15 0.128154

17 15 0.133008

18 15 0.137337

19 15 0.141124

20 15 0.144354

21 15 0.147014

22 15 0.149094

23 15 0.150586

24 15 0.151483

25 15 0.151783

26 15 0.151483

27 15 0.150586

28 15 0.149094

29 15 0.147014

30 15 0.144354

31 15 0.141124

32 15 0.137337

33 15 0.133008

34 15 0.128154

35 15 0.122795

36 15 0.116951

37 15 0.110645

38 15 0.103903

39 15 0.09675

40 15 0.0892157

41 15 0.0813293

42 15 0.0731219

43 15 0.064626

44 15 0.055875

45 15 0.0469035

46 15 0.0377469

47 15 0.0284413

48 15 0.0190234

49 15 0.00953052

50 15 0

0 16 0

1 16 0.0099465

2 16 0.0198537

3 16 0.0296826

4 16 0.0393944

5 16 0.0489507

6 16 0.0583138

7 16 0.0674467

8 16 0.0763135

9 16 0.0848791

10 16 0.0931097

11 16 0.100973

12 16 0.108438

13 16 0.115474

14 16 0.122055

15 16 0.128154

16 16 0.133748

17 16 0.138814

18 16 0.143332

19 16 0.147284

20 16 0.150655

21 16 0.153431

22 16 0.155602

23 16 0.157159

24 16 0.158095

25 16 0.158408

26 16 0.158095

27 16 0.157159

28 16 0.155602

29 16 0.153431

30 16 0.150655

31 16 0.147284

32 16 0.143332

33 16 0.138814

34 16 0.133748

35 16 0.128154

36 16 0.122055

37 16 0.115474

38 16 0.108438

39 16 0.100973

40 16 0.0931097

41 16 0.0848791

42 16 0.0763135

43 16 0.0674467

44 16 0.0583138

45 16 0.0489507

46 16 0.0393944

47 16 0.0296826

48 16 0.0198537

49 16 0.0099465

50 16 0

0 17 0

1 17 0.0103232

2 17 0.0206057

3 17 0.0308069

4 17 0.0408864

5 17 0.0508047

6 17 0.0605224

7 17 0.0700012

8 17 0.0792038

9 17 0.0880939

10 17 0.0966362

11 17 0.104797

12 17 0.112545

13 17 0.119848

14 17 0.126678

15 17 0.133008

16 17 0.138814

17 17 0.144071

18 17 0.14876

19 17 0.152862

20 17 0.156361

21 17 0.159242

22 17 0.161495

23 17 0.163111

24 17 0.164083

25 17 0.164407

26 17 0.164083

27 17 0.163111

28 17 0.161495

29 17 0.159242

30 17 0.156361

31 17 0.152862

32 17 0.14876

33 17 0.144071

34 17 0.138814

35 17 0.133008

36 17 0.126678

37 17 0.119848

38 17 0.112545

39 17 0.104797

40 17 0.0966362

41 17 0.0880939

42 17 0.0792038

43 17 0.0700012

44 17 0.0605224

45 17 0.0508047

46 17 0.0408864

47 17 0.0308069

48 17 0.0206057

49 17 0.0103232

50 17 0

0 18 0

1 18 0.0106592

2 18 0.0212763

3 18 0.0318095

4 18 0.0422171

5 18 0.0524582

6 18 0.0624921

7 18 0.0722795

8 18 0.0817816

9 18 0.090961

10 18 0.0997813

11 18 0.108208

12 18 0.116207

13 18 0.123748

14 18 0.130801

15 18 0.137337

16 18 0.143332

17 18 0.14876

18 18 0.153602

19 18 0.157837

20 18 0.16145

21 18 0.164425

22 18 0.166751

23 18 0.16842

24 18 0.169423

25 18 0.169758

26 18 0.169423

27 18 0.16842

28 18 0.166751

29 18 0.164425

30 18 0.16145

31 18 0.157837

32 18 0.153602

33 18 0.14876

34 18 0.143332

35 18 0.137337

36 18 0.130801

37 18 0.123748

38 18 0.116207

39 18 0.108208

40 18 0.0997813

41 18 0.090961

42 18 0.0817816

43 18 0.0722795

44 18 0.0624921

45 18 0.0524582

46 18 0.0422171

47 18 0.0318095

48 18 0.0212763

49 18 0.0106592

50 18 0

0 19 0

1 19 0.0109531

2 19 0.021863

3 19 0.0326866

4 19 0.0433812

5 19 0.0539046

6 19 0.0642153

7 19 0.0742725

8 19 0.0840366

9 19 0.0934691

10 19 0.102533

11 19 0.111192

12 19 0.119412

13 19 0.127161

14 19 0.134408

15 19 0.141124

16 19 0.147284

17 19 0.152862

18 19 0.157837

19 19 0.162189

20 19 0.165901

21 19 0.168959

22 19 0.171349

23 19 0.173064

24 19 0.174095

25 19 0.174439

26 19 0.174095

27 19 0.173064

28 19 0.171349

29 19 0.168959

30 19 0.165901

31 19 0.162189

32 19 0.157837

33 19 0.152862

34 19 0.147284

35 19 0.141124

36 19 0.134408

37 19 0.127161

38 19 0.119412

39 19 0.111192

40 19 0.102533

41 19 0.0934691

42 19 0.0840366

43 19 0.0742725

44 19 0.0642153

45 19 0.0539046

46 19 0.0433812

47 19 0.0326866

48 19 0.021863

49 19 0.0109531

50 19 0

0 20 0

1 20 0.0112038

2 20 0.0223634

3 20 0.0334347

4 20 0.0443741

5 20 0.0551383

6 20 0.065685

7 20 0.0759724

8 20 0.08596

9 20 0.0956083

10 20 0.104879

11 20 0.113736

12 20 0.122145

13 20 0.130071

14 20 0.137484

15 20 0.144354

16 20 0.150655

17 20 0.156361

18 20 0.16145

19 20 0.165901

20 20 0.169698

21 20 0.172826

22 20 0.175271

23 20 0.177024

24 20 0.178079

25 20 0.178431

26 20 0.178079

27 20 0.177024

28 20 0.175271

29 20 0.172826

30 20 0.169698

31 20 0.165901

32 20 0.16145

33 20 0.156361

34 20 0.150655

35 20 0.144354

36 20 0.137484

37 20 0.130071

38 20 0.122145

39 20 0.113736

40 20 0.104879

41 20 0.0956083

42 20 0.08596

43 20 0.0759724

44 20 0.065685

45 20 0.0551383

46 20 0.0443741

47 20 0.0334347

48 20 0.0223634

49 20 0.0112038

50 20 0

0 21 0

1 21 0.0114103

2 21 0.0227755

3 21 0.0340509

4 21 0.0451918

5 21 0.0561545

6 21 0.0668955

7 21 0.0773725

8 21 0.0875441

9 21 0.0973703

10 21 0.106812

11 21 0.115832

12 21 0.124396

13 21 0.132468

14 21 0.140017

15 21 0.147014

16 21 0.153431

17 21 0.159242

18 21 0.164425

19 21 0.168959

20 21 0.172826

21 21 0.176011

22 21 0.178501

23 21 0.180287

24 21 0.181361

25 21 0.18172

26 21 0.181361

27 21 0.180287

28 21 0.178501

29 21 0.176011

30 21 0.172826

31 21 0.168959

32 21 0.164425

33 21 0.159242

34 21 0.153431

35 21 0.147014

36 21 0.140017

37 21 0.132468

38 21 0.124396

39 21 0.115832

40 21 0.106812

41 21 0.0973703

42 21 0.0875441

43 21 0.0773725

44 21 0.0668955

45 21 0.0561545

46 21 0.0451918

47 21 0.0340509

48 21 0.0227755

49 21 0.0114103

50 21 0

0 22 0

1 22 0.0115717

2 22 0.0230978

3 22 0.0345326

4 22 0.0458312

5 22 0.056949

6 22 0.067842

7 22 0.0784672

8 22 0.0887828

9 22 0.0987479

10 22 0.108323

11 22 0.117471

12 22 0.126156

13 22 0.134342

14 22 0.141998

15 22 0.149094

16 22 0.155602

17 22 0.161495

18 22 0.166751

19 22 0.171349

20 22 0.175271

21 22 0.178501

22 22 0.181026

23 22 0.182838

24 22 0.183927

25 22 0.184291

26 22 0.183927

27 22 0.182838

28 22 0.181026

29 22 0.178501

30 22 0.175271

31 22 0.171349

32 22 0.166751

33 22 0.161495

34 22 0.155602

35 22 0.149094

36 22 0.141998

37 22 0.134342

38 22 0.126156

39 22 0.117471

40 22 0.108323

41 22 0.0987479

42 22 0.0887828

43 22 0.0784672

44 22 0.067842

45 22 0.056949

46 22 0.0458312

47 22 0.0345326

48 22 0.0230978

49 22 0.0115717

50 22 0

0 23 0

1 23 0.0116875

2 23 0.0233288

3 23 0.0348781

4 23 0.0462898

5 23 0.0575187

6 23 0.0685207

7 23 0.0792522

8 23 0.089671

9 23 0.0997359

10 23 0.109407

11 23 0.118647

12 23 0.127418

13 23 0.135686

14 23 0.143419

15 23 0.150586

16 23 0.157159

17 23 0.163111

18 23 0.16842

19 23 0.173064

20 23 0.177024

21 23 0.180287

22 23 0.182838

23 23 0.184667

24 23 0.185767

25 23 0.186135

26 23 0.185767

27 23 0.184667

28 23 0.182838

29 23 0.180287

30 23 0.177024

31 23 0.173064

32 23 0.16842

33 23 0.163111

34 23 0.157159

35 23 0.150586

36 23 0.143419

37 23 0.135686

38 23 0.127418

39 23 0.118647

40 23 0.109407

41 23 0.0997359

42 23 0.089671

43 23 0.0792522

44 23 0.0685207

45 23 0.0575187

46 23 0.0462898

47 23 0.0348781

48 23 0.0233288

49 23 0.0116875

50 23 0

0 24 0

1 24 0.0117571

2 24 0.0234679

3 24 0.035086

4 24 0.0465656

5 24 0.0578615

6 24 0.068929

7 24 0.0797245

8 24 0.0902053

9 24 0.10033

10 24 0.110059

11 24 0.119354

12 24 0.128177

13 24 0.136495

14 24 0.144274

15 24 0.151483

16 24 0.158095

17 24 0.164083

18 24 0.169423

19 24 0.174095

20 24 0.178079

21 24 0.181361

22 24 0.183927

23 24 0.185767

24 24 0.186874

25 24 0.187244

26 24 0.186874

27 24 0.185767

28 24 0.183927

29 24 0.181361

30 24 0.178079

31 24 0.174095

32 24 0.169423

33 24 0.164083

34 24 0.158095

35 24 0.151483

36 24 0.144274

37 24 0.136495

38 24 0.128177

39 24 0.119354

40 24 0.110059

41 24 0.10033

42 24 0.0902053

43 24 0.0797245

44 24 0.068929

45 24 0.0578615

46 24 0.0465656

47 24 0.035086

48 24 0.0234679

49 24 0.0117571

50 24 0

0 25 0

1 25 0.0117804

2 25 0.0235143

3 25 0.0351553

4 25 0.0466577

5 25 0.0579759

6 25 0.0690653

7 25 0.0798821

8 25 0.0903837

9 25 0.100529

10 25 0.110277

11 25 0.11959

12 25 0.128431

13 25 0.136765

14 25 0.144559

15 25 0.151783

16 25 0.158408

17 25 0.164407

18 25 0.169758

19 25 0.174439

20 25 0.178431

21 25 0.18172

22 25 0.184291

23 25 0.186135

24 25 0.187244

25 25 0.187614

26 25 0.187244

27 25 0.186135

28 25 0.184291

29 25 0.18172

30 25 0.178431

31 25 0.174439

32 25 0.169758

33 25 0.164407

34 25 0.158408

35 25 0.151783

36 25 0.144559

37 25 0.136765

38 25 0.128431

39 25 0.11959

40 25 0.110277

41 25 0.100529

42 25 0.0903837

43 25 0.0798821

44 25 0.0690653

45 25 0.0579759

46 25 0.0466577

47 25 0.0351553

48 25 0.0235143

49 25 0.0117804

50 25 0

0 26 0

1 26 0.0117571

2 26 0.0234679

3 26 0.035086

4 26 0.0465656

5 26 0.0578615

6 26 0.068929

7 26 0.0797245

8 26 0.0902053

9 26 0.10033

10 26 0.110059

11 26 0.119354

12 26 0.128177

13 26 0.136495

14 26 0.144274

15 26 0.151483

16 26 0.158095

17 26 0.164083

18 26 0.169423

19 26 0.174095

20 26 0.178079

21 26 0.181361

22 26 0.183927

23 26 0.185767

24 26 0.186874

25 26 0.187244

26 26 0.186874

27 26 0.185767

28 26 0.183927

29 26 0.181361

30 26 0.178079

31 26 0.174095

32 26 0.169423

33 26 0.164083

34 26 0.158095

35 26 0.151483

36 26 0.144274

37 26 0.136495

38 26 0.128177

39 26 0.119354

40 26 0.110059

41 26 0.10033

42 26 0.0902053

43 26 0.0797245

44 26 0.068929

45 26 0.0578615

46 26 0.0465656

47 26 0.035086

48 26 0.0234679

49 26 0.0117571

50 26 0

0 27 0

1 27 0.0116875

2 27 0.0233288

3 27 0.0348781

4 27 0.0462898

5 27 0.0575187

6 27 0.0685207

7 27 0.0792522

8 27 0.089671

9 27 0.0997359

10 27 0.109407

11 27 0.118647

12 27 0.127418

13 27 0.135686

14 27 0.143419

15 27 0.150586

16 27 0.157159

17 27 0.163111

18 27 0.16842

19 27 0.173064

20 27 0.177024

21 27 0.180287

22 27 0.182838

23 27 0.184667

24 27 0.185767

25 27 0.186135

26 27 0.185767

27 27 0.184667

28 27 0.182838

29 27 0.180287

30 27 0.177024

31 27 0.173064

32 27 0.16842

33 27 0.163111

34 27 0.157159

35 27 0.150586

36 27 0.143419

37 27 0.135686

38 27 0.127418

39 27 0.118647

40 27 0.109407

41 27 0.0997359

42 27 0.089671

43 27 0.0792522

44 27 0.0685207

45 27 0.0575187

46 27 0.0462898

47 27 0.0348781

48 27 0.0233288

49 27 0.0116875

50 27 0

0 28 0

1 28 0.0115717

2 28 0.0230978

3 28 0.0345326

4 28 0.0458312

5 28 0.056949

6 28 0.067842

7 28 0.0784672

8 28 0.0887828

9 28 0.0987479

10 28 0.108323

11 28 0.117471

12 28 0.126156

13 28 0.134342

14 28 0.141998

15 28 0.149094

16 28 0.155602

17 28 0.161495

18 28 0.166751

19 28 0.171349

20 28 0.175271

21 28 0.178501

22 28 0.181026

23 28 0.182838

24 28 0.183927

25 28 0.184291

26 28 0.183927

27 28 0.182838

28 28 0.181026

29 28 0.178501

30 28 0.175271

31 28 0.171349

32 28 0.166751

33 28 0.161495

34 28 0.155602

35 28 0.149094

36 28 0.141998

37 28 0.134342

38 28 0.126156

39 28 0.117471

40 28 0.108323

41 28 0.0987479

42 28 0.0887828

43 28 0.0784672

44 28 0.067842

45 28 0.056949

46 28 0.0458312

47 28 0.0345326

48 28 0.0230978

49 28 0.0115717

50 28 0

0 29 0

1 29 0.0114103

2 29 0.0227755

3 29 0.0340509

4 29 0.0451918

5 29 0.0561545

6 29 0.0668955

7 29 0.0773725

8 29 0.0875441

9 29 0.0973703

10 29 0.106812

11 29 0.115832

12 29 0.124396

13 29 0.132468

14 29 0.140017

15 29 0.147014

16 29 0.153431

17 29 0.159242

18 29 0.164425

19 29 0.168959

20 29 0.172826

21 29 0.176011

22 29 0.178501

23 29 0.180287

24 29 0.181361

25 29 0.18172

26 29 0.181361

27 29 0.180287

28 29 0.178501

29 29 0.176011

30 29 0.172826

31 29 0.168959

32 29 0.164425

33 29 0.159242

34 29 0.153431

35 29 0.147014

36 29 0.140017

37 29 0.132468

38 29 0.124396

39 29 0.115832

40 29 0.106812

41 29 0.0973703

42 29 0.0875441

43 29 0.0773725

44 29 0.0668955

45 29 0.0561545

46 29 0.0451918

47 29 0.0340509

48 29 0.0227755

49 29 0.0114103

50 29 0

0 30 0

1 30 0.0112038

2 30 0.0223634

3 30 0.0334347

4 30 0.0443741

5 30 0.0551383

6 30 0.065685

7 30 0.0759724

8 30 0.08596

9 30 0.0956083

10 30 0.104879

11 30 0.113736

12 30 0.122145

13 30 0.130071

14 30 0.137484

15 30 0.144354

16 30 0.150655

17 30 0.156361

18 30 0.16145

19 30 0.165901

20 30 0.169698

21 30 0.172826

22 30 0.175271

23 30 0.177024

24 30 0.178079

25 30 0.178431

26 30 0.178079

27 30 0.177024

28 30 0.175271

29 30 0.172826

30 30 0.169698

31 30 0.165901

32 30 0.16145

33 30 0.156361

34 30 0.150655

35 30 0.144354

36 30 0.137484

37 30 0.130071

38 30 0.122145

39 30 0.113736

40 30 0.104879

41 30 0.0956083

42 30 0.08596

43 30 0.0759724

44 30 0.065685

45 30 0.0551383

46 30 0.0443741

47 30 0.0334347

48 30 0.0223634

49 30 0.0112038

50 30 0

0 31 0

1 31 0.0109531

2 31 0.021863

3 31 0.0326866

4 31 0.0433812

5 31 0.0539046

6 31 0.0642153

7 31 0.0742725

8 31 0.0840366

9 31 0.0934691

10 31 0.102533

11 31 0.111192

12 31 0.119412

13 31 0.127161

14 31 0.134408

15 31 0.141124

16 31 0.147284

17 31 0.152862

18 31 0.157837

19 31 0.162189

20 31 0.165901

21 31 0.168959

22 31 0.171349

23 31 0.173064

24 31 0.174095

25 31 0.174439

26 31 0.174095

27 31 0.173064

28 31 0.171349

29 31 0.168959

30 31 0.165901

31 31 0.162189

32 31 0.157837

33 31 0.152862

34 31 0.147284

35 31 0.141124

36 31 0.134408

37 31 0.127161

38 31 0.119412

39 31 0.111192

40 31 0.102533

41 31 0.0934691

42 31 0.0840366

43 31 0.0742725

44 31 0.0642153

45 31 0.0539046

46 31 0.0433812

47 31 0.0326866

48 31 0.021863

49 31 0.0109531

50 31 0

0 32 0

1 32 0.0106592

2 32 0.0212763

3 32 0.0318095

4 32 0.0422171

5 32 0.0524582

6 32 0.0624921

7 32 0.0722795

8 32 0.0817816

9 32 0.090961

10 32 0.0997813

11 32 0.108208

12 32 0.116207

13 32 0.123748

14 32 0.130801

15 32 0.137337

16 32 0.143332

17 32 0.14876

18 32 0.153602

19 32 0.157837

20 32 0.16145

21 32 0.164425

22 32 0.166751

23 32 0.16842

24 32 0.169423

25 32 0.169758

26 32 0.169423

27 32 0.16842

28 32 0.166751

29 32 0.164425

30 32 0.16145

31 32 0.157837

32 32 0.153602

33 32 0.14876

34 32 0.143332

35 32 0.137337

36 32 0.130801

37 32 0.123748

38 32 0.116207

39 32 0.108208

40 32 0.0997813

41 32 0.090961

42 32 0.0817816

43 32 0.0722795

44 32 0.0624921

45 32 0.0524582

46 32 0.0422171

47 32 0.0318095

48 32 0.0212763

49 32 0.0106592

50 32 0

0 33 0

1 33 0.0103232

2 33 0.0206057

3 33 0.0308069

4 33 0.0408864

5 33 0.0508047

6 33 0.0605224

7 33 0.0700012

8 33 0.0792038

9 33 0.0880939

10 33 0.0966362

11 33 0.104797

12 33 0.112545

13 33 0.119848

14 33 0.126678

15 33 0.133008

16 33 0.138814

17 33 0.144071

18 33 0.14876

19 33 0.152862

20 33 0.156361

21 33 0.159242

22 33 0.161495

23 33 0.163111

24 33 0.164083

25 33 0.164407

26 33 0.164083

27 33 0.163111

28 33 0.161495

29 33 0.159242

30 33 0.156361

31 33 0.152862

32 33 0.14876

33 33 0.144071

34 33 0.138814

35 33 0.133008

36 33 0.126678

37 33 0.119848

38 33 0.112545

39 33 0.104797

40 33 0.0966362

41 33 0.0880939

42 33 0.0792038

43 33 0.0700012

44 33 0.0605224

45 33 0.0508047

46 33 0.0408864

47 33 0.0308069

48 33 0.0206057

49 33 0.0103232

50 33 0

0 34 0

1 34 0.0099465

2 34 0.0198537

3 34 0.0296826

4 34 0.0393944

5 34 0.0489507

6 34 0.0583138

7 34 0.0674467

8 34 0.0763135

9 34 0.0848791

10 34 0.0931097

11 34 0.100973

12 34 0.108438

13 34 0.115474

14 34 0.122055

15 34 0.128154

16 34 0.133748

17 34 0.138814

18 34 0.143332

19 34 0.147284

20 34 0.150655

21 34 0.153431

22 34 0.155602

23 34 0.157159

24 34 0.158095

25 34 0.158408

26 34 0.158095

27 34 0.157159

28 34 0.155602

29 34 0.153431

30 34 0.150655

31 34 0.147284

32 34 0.143332

33 34 0.138814

34 34 0.133748

35 34 0.128154

36 34 0.122055

37 34 0.115474

38 34 0.108438

39 34 0.100973

40 34 0.0931097

41 34 0.0848791

42 34 0.0763135

43 34 0.0674467

44 34 0.0583138

45 34 0.0489507

46 34 0.0393944

47 34 0.0296826

48 34 0.0198537

49 34 0.0099465

50 34 0

0 35 0

1 35 0.00953052

2 35 0.0190234

3 35 0.0284413

4 35 0.0377469

5 35 0.0469035

6 35 0.055875

7 35 0.064626

8 35 0.0731219

9 35 0.0813293

10 35 0.0892157

11 35 0.09675

12 35 0.103903

13 35 0.110645

14 35 0.116951

15 35 0.122795

16 35 0.128154

17 35 0.133008

18 35 0.137337

19 35 0.141124

20 35 0.144354

21 35 0.147014

22 35 0.149094

23 35 0.150586

24 35 0.151483

25 35 0.151783

26 35 0.151483

27 35 0.150586

28 35 0.149094

29 35 0.147014

30 35 0.144354

31 35 0.141124

32 35 0.137337

33 35 0.133008

34 35 0.128154

35 35 0.122795

36 35 0.116951

37 35 0.110645

38 35 0.103903

39 35 0.09675

40 35 0.0892157

41 35 0.0813293

42 35 0.0731219

43 35 0.064626

44 35 0.055875

45 35 0.0469035

46 35 0.0377469

47 35 0.0284413

48 35 0.0190234

49 35 0.00953052

50 35 0

0 36 0

1 36 0.00907694

2 36 0.018118

3 36 0.0270877

4 36 0.0359504

5 36 0.0446712

6 36 0.0532157

7 36 0.0615502

8 36 0.0696418

9 36 0.0774586

10 36 0.0849697

11 36 0.0921454

12 36 0.0989575

13 36 0.105379

14 36 0.111385

15 36 0.116951

16 36 0.122055

17 36 0.126678

18 36 0.130801

19 36 0.134408

20 36 0.137484

21 36 0.140017

22 36 0.141998

23 36 0.143419

24 36 0.144274

25 36 0.144559

26 36 0.144274

27 36 0.143419

28 36 0.141998

29 36 0.140017

30 36 0.137484

31 36 0.134408

32 36 0.130801

33 36 0.126678

34 36 0.122055

35 36 0.116951

36 36 0.111385

37 36 0.105379

38 36 0.0989575

39 36 0.0921454

40 36 0.0849697

41 36 0.0774586

42 36 0.0696418

43 36 0.0615502

44 36 0.0532157

45 36 0.0446712

46 36 0.0359504

47 36 0.0270877

48 36 0.018118

49 36 0.00907694

50 36 0

0 37 0

1 37 0.00858752

2 37 0.0171412

3 37 0.0256271

4 37 0.034012

5 37 0.0422626

6 37 0.0503464

7 37 0.0582316

8 37 0.0658869

9 37 0.0732822

10 37 0.0803883

11 37 0.0871771

12 37 0.0936219

13 37 0.0996971

14 37 0.105379

15 37 0.110645

16 37 0.115474

17 37 0.119848

18 37 0.123748

19 37 0.127161

20 37 0.130071

21 37 0.132468

22 37 0.134342

23 37 0.135686

24 37 0.136495

25 37 0.136765

26 37 0.136495

27 37 0.135686

28 37 0.134342

29 37 0.132468

30 37 0.130071

31 37 0.127161

32 37 0.123748

33 37 0.119848

34 37 0.115474

35 37 0.110645

36 37 0.105379

37 37 0.0996971

38 37 0.0936219

39 37 0.0871771

40 37 0.0803883

41 37 0.0732822

42 37 0.0658869

43 37 0.0582316

44 37 0.0503464

45 37 0.0422626

46 37 0.034012

47 37 0.0256271

48 37 0.0171412

49 37 0.00858752

50 37 0

0 38 0

1 38 0.00806422

2 38 0.0160966

3 38 0.0240655

4 38 0.0319394

5 38 0.0396872

6 38 0.0472784

7 38 0.0546831

8 38 0.0618719

9 38 0.0688165

10 38 0.0754896

11 38 0.0818647

12 38 0.0879168

13 38 0.0936219

14 38 0.0989575

15 38 0.103903

16 38 0.108438

17 38 0.112545

18 38 0.116207

19 38 0.119412

20 38 0.122145

21 38 0.124396

22 38 0.126156

23 38 0.127418

24 38 0.128177

25 38 0.128431

26 38 0.128177

27 38 0.127418

28 38 0.126156

29 38 0.124396

30 38 0.122145

31 38 0.119412

32 38 0.116207

33 38 0.112545

34 38 0.108438

35 38 0.103903

36 38 0.0989575

37 38 0.0936219

38 38 0.0879168

39 38 0.0818647

40 38 0.0754896

41 38 0.0688165

42 38 0.0618719

43 38 0.0546831

44 38 0.0472784

45 38 0.0396872

46 38 0.0319394

47 38 0.0240655

48 38 0.0160966

49 38 0.00806422

50 38 0

0 39 0

1 39 0.00750909

2 39 0.0149886

3 39 0.0224089

4 39 0.0297407

5 39 0.0369552

6 39 0.0440239

7 39 0.0509188

8 39 0.0576127

9 39 0.0640793

10 39 0.070293

11 39 0.0762293

12 39 0.0818647

13 39 0.0871771

14 39 0.0921454

15 39 0.09675

16 39 0.100973

17 39 0.104797

18 39 0.108208

19 39 0.111192

20 39 0.113736

21 39 0.115832

22 39 0.117471

23 39 0.118647

24 39 0.119354

25 39 0.11959

26 39 0.119354

27 39 0.118647

28 39 0.117471

29 39 0.115832

30 39 0.113736

31 39 0.111192

32 39 0.108208

33 39 0.104797

34 39 0.100973

35 39 0.09675

36 39 0.0921454

37 39 0.0871771

38 39 0.0818647

39 39 0.0762293

40 39 0.070293

41 39 0.0640793

42 39 0.0576127

43 39 0.0509188

44 39 0.0440239

45 39 0.0369552

46 39 0.0297407

47 39 0.0224089

48 39 0.0149886

49 39 0.00750909

50 39 0

0 40 0

1 40 0.00692433

2 40 0.0138213

3 40 0.0206638

4 40 0.0274247

5 40 0.0340774

6 40 0.0405956

7 40 0.0469535

8 40 0.0531262

9 40 0.0590892

10 40 0.064819

11 40 0.070293

12 40 0.0754896

13 40 0.0803883

14 40 0.0849697

15 40 0.0892157

16 40 0.0931097

17 40 0.0966362

18 40 0.0997813

19 40 0.102533

20 40 0.104879

21 40 0.106812

22 40 0.108323

23 40 0.109407

24 40 0.110059

25 40 0.110277

26 40 0.110059

27 40 0.109407

28 40 0.108323

29 40 0.106812

30 40 0.104879

31 40 0.102533

32 40 0.0997813

33 40 0.0966362

34 40 0.0931097

35 40 0.0892157

36 40 0.0849697

37 40 0.0803883

38 40 0.0754896

39 40 0.070293

40 40 0.064819

41 40 0.0590892

42 40 0.0531262

43 40 0.0469535

44 40 0.0405956

45 40 0.0340774

46 40 0.0274247

47 40 0.0206638

48 40 0.0138213

49 40 0.00692433

50 40 0

0 41 0

1 41 0.00631224

2 41 0.0125996

3 41 0.0188372

4 41 0.0250004

5 41 0.031065

6 41 0.037007

7 41 0.042803

8 41 0.04843

9 41 0.0538659

10 41 0.0590892

11 41 0.0640793

12 41 0.0688165

13 41 0.0732822

14 41 0.0774586

15 41 0.0813293

16 41 0.0848791

17 41 0.0880939

18 41 0.090961

19 41 0.0934691

20 41 0.0956083

21 41 0.0973703

22 41 0.0987479

23 41 0.0997359

24 41 0.10033

25 41 0.100529

26 41 0.10033

27 41 0.0997359

28 41 0.0987479

29 41 0.0973703

30 41 0.0956083

31 41 0.0934691

32 41 0.090961

33 41 0.0880939

34 41 0.0848791

35 41 0.0813293

36 41 0.0774586

37 41 0.0732822

38 41 0.0688165

39 41 0.0640793

40 41 0.0590892

41 41 0.0538659

42 41 0.04843

43 41 0.042803

44 41 0.037007

45 41 0.031065

46 41 0.0250004

47 41 0.0188372

48 41 0.0125996

49 41 0.00631224

50 41 0

0 42 0

1 42 0.00567524

2 42 0.0113281

3 42 0.0169362

4 42 0.0224775

5 42 0.0279301

6 42 0.0332725

7 42 0.0384835

8 42 0.0435427

9 42 0.04843

10 42 0.0531262

11 42 0.0576127

12 42 0.0618719

13 42 0.0658869

14 42 0.0696418

15 42 0.0731219

16 42 0.0763135

17 42 0.0792038

18 42 0.0817816

19 42 0.0840366

20 42 0.08596

21 42 0.0875441

22 42 0.0887828

23 42 0.089671

24 42 0.0902053

25 42 0.0903837

26 42 0.0902053

27 42 0.089671

28 42 0.0887828

29 42 0.0875441

30 42 0.08596

31 42 0.0840366

32 42 0.0817816

33 42 0.0792038

34 42 0.0763135

35 42 0.0731219

36 42 0.0696418

37 42 0.0658869

38 42 0.0618719

39 42 0.0576127

40 42 0.0531262

41 42 0.04843

42 42 0.0435427

43 42 0.0384835

44 42 0.0332725

45 42 0.0279301

46 42 0.0224775

47 42 0.0169362

48 42 0.0113281

49 42 0.00567524

50 42 0

0 43 0

1 43 0.00501584

2 43 0.0100119

3 43 0.0149684

4 43 0.0198659

5 43 0.0246849

6 43 0.0294066

7 43 0.0340122

8 43 0.0384835

9 43 0.042803

10 43 0.0469535

11 43 0.0509188

12 43 0.0546831

13 43 0.0582316

14 43 0.0615502

15 43 0.064626

16 43 0.0674467

17 43 0.0700012

18 43 0.0722795

19 43 0.0742725

20 43 0.0759724

21 43 0.0773725

22 43 0.0784672

23 43 0.0792522

24 43 0.0797245

25 43 0.0798821

26 43 0.0797245

27 43 0.0792522

28 43 0.0784672

29 43 0.0773725

30 43 0.0759724

31 43 0.0742725

32 43 0.0722795

33 43 0.0700012

34 43 0.0674467

35 43 0.064626

36 43 0.0615502

37 43 0.0582316

38 43 0.0546831

39 43 0.0509188

40 43 0.0469535

41 43 0.042803

42 43 0.0384835

43 43 0.0340122

44 43 0.0294066

45 43 0.0246849

46 43 0.0198659

47 43 0.0149684

48 43 0.0100119

49 43 0.00501584

50 43 0

0 44 0

1 44 0.00433665

2 44 0.00865618

3 44 0.0129415

4 44 0.0171758

5 44 0.0213423

6 44 0.0254246

7 44 0.0294066

8 44 0.0332725

9 44 0.037007

10 44 0.0405956

11 44 0.0440239

12 44 0.0472784

13 44 0.0503464

14 44 0.0532157

15 44 0.055875

16 44 0.0583138

17 44 0.0605224

18 44 0.0624921

19 44 0.0642153

20 44 0.065685

21 44 0.0668955

22 44 0.067842

23 44 0.0685207

24 44 0.068929

25 44 0.0690653

26 44 0.068929

27 44 0.0685207

28 44 0.067842

29 44 0.0668955

30 44 0.065685

31 44 0.0642153

32 44 0.0624921

33 44 0.0605224

34 44 0.0583138

35 44 0.055875

36 44 0.0532157

37 44 0.0503464

38 44 0.0472784

39 44 0.0440239

40 44 0.0405956

41 44 0.037007

42 44 0.0332725

43 44 0.0294066

44 44 0.0254246

45 44 0.0213423

46 44 0.0171758

47 44 0.0129415

48 44 0.00865618

49 44 0.00433665

50 44 0

0 45 0

1 45 0.00364034

2 45 0.00726631

3 45 0.0108636

4 45 0.014418

5 45 0.0179155

6 45 0.0213423

7 45 0.0246849

8 45 0.0279301

9 45 0.031065

10 45 0.0340774

11 45 0.0369552

12 45 0.0396872

13 45 0.0422626

14 45 0.0446712

15 45 0.0469035

16 45 0.0489507

17 45 0.0508047

18 45 0.0524582

19 45 0.0539046

20 45 0.0551383

21 45 0.0561545

22 45 0.056949

23 45 0.0575187

24 45 0.0578615

25 45 0.0579759

26 45 0.0578615

27 45 0.0575187

28 45 0.056949

29 45 0.0561545

30 45 0.0551383

31 45 0.0539046

32 45 0.0524582

33 45 0.0508047

34 45 0.0489507

35 45 0.0469035

36 45 0.0446712

37 45 0.0422626

38 45 0.0396872

39 45 0.0369552

40 45 0.0340774

41 45 0.031065

42 45 0.0279301

43 45 0.0246849

44 45 0.0213423

45 45 0.0179155

46 45 0.014418

47 45 0.0108636

48 45 0.00726631

49 45 0.00364034

50 45 0

0 46 0

1 46 0.00292966

2 46 0.00584776

3 46 0.00874278

4 46 0.0116033

5 46 0.014418

6 46 0.0171758

7 46 0.0198659

8 46 0.0224775

9 46 0.0250004

10 46 0.0274247

11 46 0.0297407

12 46 0.0319394

13 46 0.034012

14 46 0.0359504

15 46 0.0377469

16 46 0.0393944

17 46 0.0408864

18 46 0.0422171

19 46 0.0433812

20 46 0.0443741

21 46 0.0451918

22 46 0.0458312

23 46 0.0462898

24 46 0.0465656

25 46 0.0466577

26 46 0.0465656

27 46 0.0462898

28 46 0.0458312

29 46 0.0451918

30 46 0.0443741

31 46 0.0433812

32 46 0.0422171

33 46 0.0408864

34 46 0.0393944

35 46 0.0377469

36 46 0.0359504

37 46 0.034012

38 46 0.0319394

39 46 0.0297407

40 46 0.0274247

41 46 0.0250004

42 46 0.0224775

43 46 0.0198659

44 46 0.0171758

45 46 0.014418

46 46 0.0116033

47 46 0.00874278

48 46 0.00584776

49 46 0.00292966

50 46 0

0 47 0

1 47 0.00220742

2 47 0.00440613

3 47 0.00658745

4 47 0.00874278

5 47 0.0108636

6 47 0.0129415

7 47 0.0149684

8 47 0.0169362

9 47 0.0188372

10 47 0.0206638

11 47 0.0224089

12 47 0.0240655

13 47 0.0256271

14 47 0.0270877

15 47 0.0284413

16 47 0.0296826

17 47 0.0308069

18 47 0.0318095

19 47 0.0326866

20 47 0.0334347

21 47 0.0340509

22 47 0.0345326

23 47 0.0348781

24 47 0.035086

25 47 0.0351553

26 47 0.035086

27 47 0.0348781

28 47 0.0345326

29 47 0.0340509

30 47 0.0334347

31 47 0.0326866

32 47 0.0318095

33 47 0.0308069

34 47 0.0296826

35 47 0.0284413

36 47 0.0270877

37 47 0.0256271

38 47 0.0240655

39 47 0.0224089

40 47 0.0206638

41 47 0.0188372

42 47 0.0169362

43 47 0.0149684

44 47 0.0129415

45 47 0.0108636

46 47 0.00874278

47 47 0.00658745

48 47 0.00440613

49 47 0.00220742

50 47 0

0 48 0

1 48 0.00147647

2 48 0.00294712

3 48 0.00440613

4 48 0.00584776

5 48 0.00726631

6 48 0.00865618

7 48 0.0100119

8 48 0.0113281

9 48 0.0125996

10 48 0.0138213

11 48 0.0149886

12 48 0.0160966

13 48 0.0171412

14 48 0.018118

15 48 0.0190234

16 48 0.0198537

17 48 0.0206057

18 48 0.0212763

19 48 0.021863

20 48 0.0223634

21 48 0.0227755

22 48 0.0230978

23 48 0.0233288

24 48 0.0234679

25 48 0.0235143

26 48 0.0234679

27 48 0.0233288

28 48 0.0230978

29 48 0.0227755

30 48 0.0223634

31 48 0.021863

32 48 0.0212763

33 48 0.0206057

34 48 0.0198537

35 48 0.0190234

36 48 0.018118

37 48 0.0171412

38 48 0.0160966

39 48 0.0149886

40 48 0.0138213

41 48 0.0125996

42 48 0.0113281

43 48 0.0100119

44 48 0.00865618

45 48 0.00726631

46 48 0.00584776

47 48 0.00440613

48 48 0.00294712

49 48 0.00147647

50 48 0

0 49 0

1 49 0.000739696

2 49 0.00147647

3 49 0.00220742

4 49 0.00292966

5 49 0.00364034

6 49 0.00433665

7 49 0.00501584

8 49 0.00567524

9 49 0.00631224

10 49 0.00692433

11 49 0.00750909

12 49 0.00806422

13 49 0.00858752

14 49 0.00907694

15 49 0.00953052

16 49 0.0099465

17 49 0.0103232

18 49 0.0106592

19 49 0.0109531

20 49 0.0112038

21 49 0.0114103

22 49 0.0115717

23 49 0.0116875

24 49 0.0117571

25 49 0.0117804

26 49 0.0117571

27 49 0.0116875

28 49 0.0115717

29 49 0.0114103

30 49 0.0112038

31 49 0.0109531

32 49 0.0106592

33 49 0.0103232

34 49 0.0099465

35 49 0.00953052

36 49 0.00907694

37 49 0.00858752

38 49 0.00806422

39 49 0.00750909

40 49 0.00692433

41 49 0.00631224

42 49 0.00567524

43 49 0.00501584

44 49 0.00433665

45 49 0.00364034

46 49 0.00292966

47 49 0.00220742

48 49 0.00147647

49 49 0.000739696

50 49 0

