0 1 0

1 1 0.00118777

2 1 0.00237086

3 1 0.00354458

4 1 0.00470432

5 1 0.00584549

6 1 0.0069636

7 1 0.00805422

8 1 0.00911305

9 1 0.0101359

10 1 0.0111188

11 1 0.0120578

12 1 0.0129492

13 1 0.0137895

14 1 0.0145753

15 1 0.0153037

16 1 0.0159717

17 1 0.0165766

18 1 0.0171161

19 1 0.017588

20 1 0.0179906

21 1 0.0183221

22 1 0.0185814

23 1 0.0187673

24 1 0.0188791

25 1 0.0189164

26 1 0.0188791

27 1 0.0187673

28 1 0.0185814

29 1 0.0183221

30 1 0.0179906

31 1 0.017588

32 1 0.0171161

33 1 0.0165766

34 1 0.0159717

35 1 0.0153037

36 1 0.0145753

37 1 0.0137895

38 1 0.0129492

39 1 0.0120578

40 1 0.0111188

41 1 0.0101359

42 1 0.00911305

43 1 0.00805422

44 1 0.0069636

45 1 0.00584549

46 1 0.00470432

47 1 0.00354458

48 1 0.00237086

49 1 0.00118777

50 1 0

0 2 0

1 2 0.00237086

2 2 0.00473235

3 2 0.00707518

4 2 0.00939008

5 2 0.0116679

6 2 0.0138997

7 2 0.0160766

8 2 0.0181901

9 2 0.0202318

10 2 0.0221937

11 2 0.024068

12 2 0.0258472

13 2 0.0275245

14 2 0.0290932

15 2 0.030547

16 2 0.0318803

17 2 0.0330877

18 2 0.0341646

19 2 0.0351067

20 2 0.0359102

21 2 0.0365719

22 2 0.0370894

23 2 0.0374604

24 2 0.0376837

25 2 0.0377582

26 2 0.0376837

27 2 0.0374604

28 2 0.0370894

29 2 0.0365719

30 2 0.0359102

31 2 0.0351067

32 2 0.0341646

33 2 0.0330877

34 2 0.0318803

35 2 0.030547

36 2 0.0290932

37 2 0.0275245

38 2 0.0258472

39 2 0.024068

40 2 0.0221937

41 2 0.0202318

42 2 0.0181901

43 2 0.0160766

44 2 0.0138997

45 2 0.0116679

46 2 0.00939008

47 2 0.00707518

48 2 0.00473235

49 2 0.00237086

50 2 0

0 3 0

1 3 0.00354458

2 3 0.00707518

3 3 0.0105778

4 3 0.0140388

5 3 0.0174443

6 3 0.020781

7 3 0.0240356

8 3 0.0271954

9 3 0.0302479

10 3 0.033181

11 3 0.0359832

12 3 0.0386433

13 3 0.041151

14 3 0.0434962

15 3 0.0456698

16 3 0.0476631

17 3 0.0494683

18 3 0.0510783

19 3 0.0524867

20 3 0.053688

21 3 0.0546774

22 3 0.055451

23 3 0.0560058

24 3 0.0563395

25 3 0.0564509

26 3 0.0563395

27 3 0.0560058

28 3 0.055451

29 3 0.0546774

30 3 0.053688

31 3 0.0524867

32 3 0.0510783

33 3 0.0494683

34 3 0.0476631

35 3 0.0456698

36 3 0.0434962

37 3 0.041151

38 3 0.0386433

39 3 0.0359832

40 3 0.033181

41 3 0.0302479

42 3 0.0271954

43 3 0.0240356

44 3 0.020781

45 3 0.0174443

46 3 0.0140388

47 3 0.0105778

48 3 0.00707518

49 3 0.00354458

50 3 0

0 4 0

1 4 0.00470432

2 4 0.00939008

3 4 0.0140388

4 4 0.0186321

5 4 0.0231518

6 4 0.0275802

7 4 0.0318998

8 4 0.0360934

9 4 0.0401446

10 4 0.0440374

11 4 0.0477564

12 4 0.0512869

13 4 0.054615

14 4 0.0577275

15 4 0.0606123

16 4 0.0632578

17 4 0.0656537

18 4 0.0677904

19 4 0.0696597

20 4 0.071254

21 4 0.0725671

22 4 0.0735938

23 4 0.0743301

24 4 0.074773

25 4 0.0749209

26 4 0.074773

27 4 0.0743301

28 4 0.0735938

29 4 0.0725671

30 4 0.071254

31 4 0.0696597

32 4 0.0677904

33 4 0.0656537

34 4 0.0632578

35 4 0.0606123

36 4 0.0577275

37 4 0.054615

38 4 0.0512869

39 4 0.0477564

40 4 0.0440374

41 4 0.0401446

42 4 0.0360934

43 4 0.0318998

44 4 0.0275802

45 4 0.0231518

46 4 0.0186321

47 4 0.0140388

48 4 0.00939008

49 4 0.00470432

50 4 0

0 5 0

1 5 0.00584549

2 5 0.0116679

3 5 0.0174443

4 5 0.0231518

5 5 0.028768

6 5 0.0342706

7 5 0.039638

8 5 0.0448489

9 5 0.0498829

10 5 0.05472

11 5 0.0593411

12 5 0.063728

13 5 0.0678635

14 5 0.0717311

15 5 0.0753156

16 5 0.0786028

17 5 0.0815799

18 5 0.084235

19 5 0.0865577

20 5 0.0885388

21 5 0.0901704

22 5 0.0914462

23 5 0.0923611

24 5 0.0929115

25 5 0.0930952

26 5 0.0929115

27 5 0.0923611

28 5 0.0914462

29 5 0.0901704

30 5 0.0885388

31 5 0.0865577

32 5 0.084235

33 5 0.0815799

34 5 0.0786028

35 5 0.0753156

36 5 0.0717311

37 5 0.0678635

38 5 0.063728

39 5 0.0593411

40 5 0.05472

41 5 0.0498829

42 5 0.0448489

43 5 0.039638

44 5 0.0342706

45 5 0.028768

46 5 0.0231518

47 5 0.0174443

48 5 0.0116679

49 5 0.00584549

50 5 0

0 6 0

1 6 0.0069636

2 6 0.0138997

3 6 0.020781

4 6 0.0275802

5 6 0.0342706

6 6 0.0408258

7 6 0.0472198

8 6 0.0534275

9 6 0.0594243

10 6 0.0651866

11 6 0.0706916

12 6 0.0759177

13 6 0.0808441

14 6 0.0854515

15 6 0.0897216

16 6 0.0936377

17 6 0.0971842

18 6 0.100347

19 6 0.103114

20 6 0.105474

21 6 0.107418

22 6 0.108938

23 6 0.110028

24 6 0.110683

25 6 0.110902

26 6 0.110683

27 6 0.110028

28 6 0.108938

29 6 0.107418

30 6 0.105474

31 6 0.103114

32 6 0.100347

33 6 0.0971842

34 6 0.0936377

35 6 0.0897216

36 6 0.0854515

37 6 0.0808441

38 6 0.0759177

39 6 0.0706916

40 6 0.0651866

41 6 0.0594243

42 6 0.0534275

43 6 0.0472198

44 6 0.0408258

45 6 0.0342706

46 6 0.0275802

47 6 0.020781

48 6 0.0138997

49 6 0.0069636

50 6 0

0 7 0

1 7 0.00805422

2 7 0.0160766

3 7 0.0240356

4 7 0.0318998

5 7 0.039638

6 7 0.0472198

7 7 0.0546152

8 7 0.0617951

9 7 0.0687312

10 7 0.0753959

11 7 0.0817632

12 7 0.0878077

13 7 0.0935057

14 7 0.0988347

15 7 0.103774

16 7 0.108303

17 7 0.112405

18 7 0.116063

19 7 0.119264

20 7 0.121993

21 7 0.124241

22 7 0.125999

23 7 0.12726

24 7 0.128018

25 7 0.128271

26 7 0.128018

27 7 0.12726

28 7 0.125999

29 7 0.124241

30 7 0.121993

31 7 0.119264

32 7 0.116063

33 7 0.112405

34 7 0.108303

35 7 0.103774

36 7 0.0988347

37 7 0.0935057

38 7 0.0878077

39 7 0.0817632

40 7 0.0753959

41 7 0.0687312

42 7 0.0617951

43 7 0.0546152

44 7 0.0472198

45 7 0.039638

46 7 0.0318998

47 7 0.0240356

48 7 0.0160766

49 7 0.00805422

50 7 0

0 8 0

1 8 0.00911305

2 8 0.0181901

3 8 0.0271954

4 8 0.0360934

5 8 0.0448489

6 8 0.0534275

7 8 0.0617951

8 8 0.0699189

9 8 0.0777668

10 8 0.0853077

11 8 0.092512

12 8 0.0993512

13 8 0.105798

14 8 0.111828

15 8 0.117416

16 8 0.122541

17 8 0.127182

18 8 0.131321

19 8 0.134942

20 8 0.138031

21 8 0.140575

22 8 0.142563

23 8 0.14399

24 8 0.144848

25 8 0.145134

26 8 0.144848

27 8 0.14399

28 8 0.142563

29 8 0.140575

30 8 0.138031

31 8 0.134942

32 8 0.131321

33 8 0.127182

34 8 0.122541

35 8 0.117416

36 8 0.111828

37 8 0.105798

38 8 0.0993512

39 8 0.092512

40 8 0.0853077

41 8 0.0777668

42 8 0.0699189

43 8 0.0617951

44 8 0.0534275

45 8 0.0448489

46 8 0.0360934

47 8 0.0271954

48 8 0.0181901

49 8 0.00911305

50 8 0

0 9 0

1 9 0.0101359

2 9 0.0202318

3 9 0.0302479

4 9 0.0401446

5 9 0.0498829

6 9 0.0594243

7 9 0.0687312

8 9 0.0777668

9 9 0.0864955

10 9 0.0948829

11 9 0.102896

12 9 0.110503

13 9 0.117673

14 9 0.12438

15 9 0.130595

16 9 0.136295

17 9 0.141457

18 9 0.146061

19 9 0.150089

20 9 0.153524

21 9 0.156353

22 9 0.158565

23 9 0.160152

24 9 0.161106

25 9 0.161424

26 9 0.161106

27 9 0.160152

28 9 0.158565

29 9 0.156353

30 9 0.153524

31 9 0.150089

32 9 0.146061

33 9 0.141457

34 9 0.136295

35 9 0.130595

36 9 0.12438

37 9 0.117673

38 9 0.110503

39 9 0.102896

40 9 0.0948829

41 9 0.0864955

42 9 0.0777668

43 9 0.0687312

44 9 0.0594243

45 9 0.0498829

46 9 0.0401446

47 9 0.0302479

48 9 0.0202318

49 9 0.0101359

50 9 0

0 10 0

1 10 0.0111188

2 10 0.0221937

3 10 0.033181

4 10 0.0440374

5 10 0.05472

6 10 0.0651866

7 10 0.0753959

8 10 0.0853077

9 10 0.0948829

10 10 0.104084

11 10 0.112873

12 10 0.121218

13 10 0.129084

14 10 0.136441

15 10 0.143259

16 10 0.149511

17 10 0.155174

18 10 0.160225

19 10 0.164643

20 10 0.168411

21 10 0.171514

22 10 0.173941

23 10 0.175681

24 10 0.176728

25 10 0.177078

26 10 0.176728

27 10 0.175681

28 10 0.173941

29 10 0.171514

30 10 0.168411

31 10 0.164643

32 10 0.160225

33 10 0.155174

34 10 0.149511

35 10 0.143259

36 10 0.136441

37 10 0.129084

38 10 0.121218

39 10 0.112873

40 10 0.104084

41 10 0.0948829

42 10 0.0853077

43 10 0.0753959

44 10 0.0651866

45 10 0.05472

46 10 0.0440374

47 10 0.033181

48 10 0.0221937

49 10 0.0111188

50 10 0

0 11 0

1 11 0.0120578

2 11 0.024068

3 11 0.0359832

4 11 0.0477564

5 11 0.0593411

6 11 0.0706916

7 11 0.0817632

8 11 0.092512

9 11 0.102896

10 11 0.112873

11 11 0.122406

12 11 0.131455

13 11 0.139985

14 11 0.147963

15 11 0.155357

16 11 0.162138

17 11 0.168279

18 11 0.173756

19 11 0.178547

20 11 0.182633

21 11 0.185999

22 11 0.18863

23 11 0.190518

24 11 0.191653

25 11 0.192032

26 11 0.191653

27 11 0.190518

28 11 0.18863

29 11 0.185999

30 11 0.182633

31 11 0.178547

32 11 0.173756

33 11 0.168279

34 11 0.162138

35 11 0.155357

36 11 0.147963

37 11 0.139985

38 11 0.131455

39 11 0.122406

40 11 0.112873

41 11 0.102896

42 11 0.092512

43 11 0.0817632

44 11 0.0706916

45 11 0.0593411

46 11 0.0477564

47 11 0.0359832

48 11 0.024068

49 11 0.0120578

50 11 0

0 12 0

1 12 0.0129492

2 12 0.0258472

3 12 0.0386433

4 12 0.0512869

5 12 0.063728

6 12 0.0759177

7 12 0.0878077

8 12 0.0993512

9 12 0.110503

10 12 0.121218

11 12 0.131455

12 12 0.141173

13 12 0.150334

14 12 0.158902

15 12 0.166842

16 12 0.174124

17 12 0.180719

18 12 0.186601

19 12 0.191746

20 12 0.196135

21 12 0.199749

22 12 0.202575

23 12 0.204602

24 12 0.205821

25 12 0.206228

26 12 0.205821

27 12 0.204602

28 12 0.202575

29 12 0.199749

30 12 0.196135

31 12 0.191746

32 12 0.186601

33 12 0.180719

34 12 0.174124

35 12 0.166842

36 12 0.158902

37 12 0.150334

38 12 0.141173

39 12 0.131455

40 12 0.121218

41 12 0.110503

42 12 0.0993512

43 12 0.0878077

44 12 0.0759177

45 12 0.063728

46 12 0.0512869

47 12 0.0386433

48 12 0.0258472

49 12 0.0129492

50 12 0

0 13 0

1 13 0.0137895

2 13 0.0275245

3 13 0.041151

4 13 0.054615

5 13 0.0678635

6 13 0.0808441

7 13 0.0935057

8 13 0.105798

9 13 0.117673

10 13 0.129084

11 13 0.139985

12 13 0.150334

13 13 0.160089

14 13 0.169213

15 13 0.177669

16 13 0.185423

17 13 0.192446

18 13 0.19871

19 13 0.204189

20 13 0.208862

21 13 0.212711

22 13 0.215721

23 13 0.217879

24 13 0.219177

25 13 0.219611

26 13 0.219177

27 13 0.217879

28 13 0.215721

29 13 0.212711

30 13 0.208862

31 13 0.204189

32 13 0.19871

33 13 0.192446

34 13 0.185423

35 13 0.177669

36 13 0.169213

37 13 0.160089

38 13 0.150334

39 13 0.139985

40 13 0.129084

41 13 0.117673

42 13 0.105798

43 13 0.0935057

44 13 0.0808441

45 13 0.0678635

46 13 0.054615

47 13 0.041151

48 13 0.0275245

49 13 0.0137895

50 13 0

0 14 0

1 14 0.0145753

2 14 0.0290932

3 14 0.0434962

4 14 0.0577275

5 14 0.0717311

6 14 0.0854515

7 14 0.0988347

8 14 0.111828

9 14 0.12438

10 14 0.136441

11 14 0.147963

12 14 0.158902

13 14 0.169213

14 14 0.178857

15 14 0.187794

16 14 0.195991

17 14 0.203414

18 14 0.210034

19 14 0.215826

20 14 0.220765

21 14 0.224834

22 14 0.228015

23 14 0.230296

24 14 0.231669

25 14 0.232127

26 14 0.231669

27 14 0.230296

28 14 0.228015

29 14 0.224834

30 14 0.220765

31 14 0.215826

32 14 0.210034

33 14 0.203414

34 14 0.195991

35 14 0.187794

36 14 0.178857

37 14 0.169213

38 14 0.158902

39 14 0.147963

40 14 0.136441

41 14 0.12438

42 14 0.111828

43 14 0.0988347

44 14 0.0854515

45 14 0.0717311

46 14 0.0577275

47 14 0.0434962

48 14 0.0290932

49 14 0.0145753

50 14 0

0 15 0

1 15 0.0153037

2 15 0.030547

3 15 0.0456698

4 15 0.0606123

5 15 0.0753156

6 15 0.0897216

7 15 0.103774

8 15 0.117416

9 15 0.130595

10 15 0.143259

11 15 0.155357

12 15 0.166842

13 15 0.177669

14 15 0.187794

15 15 0.197179

16 15 0.205785

17 15 0.213579

18 15 0.22053

19 15 0.226611

20 15 0.231797

21 15 0.236069

22 15 0.239409

23 15 0.241804

24 15 0.243245

25 15 0.243726

26 15 0.243245

27 15 0.241804

28 15 0.239409

29 15 0.236069

30 15 0.231797

31 15 0.226611

32 15 0.22053

33 15 0.213579

34 15 0.205785

35 15 0.197179

36 15 0.187794

37 15 0.177669

38 15 0.166842

39 15 0.155357

40 15 0.143259

41 15 0.130595

42 15 0.117416

43 15 0.103774

44 15 0.0897216

45 15 0.0753156

46 15 0.0606123

47 15 0.0456698

48 15 0.030547

49 15 0.0153037

50 15 0

0 16 0

1 16 0.0159717

2 16 0.0318803

3 16 0.0476631

4 16 0.0632578

5 16 0.0786028

6 16 0.0936377

7 16 0.108303

8 16 0.122541

9 16 0.136295

10 16 0.149511

11 16 0.162138

12 16 0.174124

13 16 0.185423

14 16 0.195991

15 16 0.205785

16 16 0.214767

17 16 0.222901

18 16 0.230156

19 16 0.236502

20 16 0.241915

21 16 0.246373

22 16 0.249859

23 16 0.252358

24 16 0.253862

25 16 0.254364

26 16 0.253862

27 16 0.252358

28 16 0.249859

29 16 0.246373

30 16 0.241915

31 16 0.236502

32 16 0.230156

33 16 0.222901

34 16 0.214767

35 16 0.205785

36 16 0.195991

37 16 0.185423

38 16 0.174124

39 16 0.162138

40 16 0.149511

41 16 0.136295

42 16 0.122541

43 16 0.108303

44 16 0.0936377

45 16 0.0786028

46 16 0.0632578

47 16 0.0476631

48 16 0.0318803

49 16 0.0159717

50 16 0

0 17 0

1 17 0.0165766

2 17 0.0330877

3 17 0.0494683

4 17 0.0656537

5 17 0.0815799

6 17 0.0971842

7 17 0.112405

8 17 0.127182

9 17 0.141457

10 17 0.155174

11 17 0.168279

12 17 0.180719

13 17 0.192446

14 17 0.203414

15 17 0.213579

16 17 0.222901

17 17 0.231343

18 17 0.238873

19 17 0.245459

20 17 0.251077

21 17 0.255704

22 17 0.259322

23 17 0.261916

24 17 0.263477

25 17 0.263998

26 17 0.263477

27 17 0.261916

28 17 0.259322

29 17 0.255704

30 17 0.251077

31 17 0.245459

32 17 0.238873

33 17 0.231343

34 17 0.222901

35 17 0.213579

36 17 0.203414

37 17 0.192446

38 17 0.180719

39 17 0.168279

40 17 0.155174

41 17 0.141457

42 17 0.127182

43 17 0.112405

44 17 0.0971842

45 17 0.0815799

46 17 0.0656537

47 17 0.0494683

48 17 0.0330877

49 17 0.0165766

50 17 0

0 18 0

1 18 0.0171161

2 18 0.0341646

3 18 0.0510783

4 18 0.0677904

5 18 0.084235

6 18 0.100347

7 18 0.116063

8 18 0.131321

9 18 0.146061

10 18 0.160225

11 18 0.173756

12 18 0.186601

13 18 0.19871

14 18 0.210034

15 18 0.22053

16 18 0.230156

17 18 0.238873

18 18 0.246647

19 18 0.253448

20 18 0.259249

21 18 0.264026

22 18 0.267762

23 18 0.270441

24 18 0.272052

25 18 0.27259

26 18 0.272052

27 18 0.270441

28 18 0.267762

29 18 0.264026

30 18 0.259249

31 18 0.253448

32 18 0.246647

33 18 0.238873

34 18 0.230156

35 18 0.22053

36 18 0.210034

37 18 0.19871

38 18 0.186601

39 18 0.173756

40 18 0.160225

41 18 0.146061

42 18 0.131321

43 18 0.116063

44 18 0.100347

45 18 0.084235

46 18 0.0677904

47 18 0.0510783

48 18 0.0341646

49 18 0.0171161

50 18 0

0 19 0

1 19 0.017588

2 19 0.0351067

3 19 0.0524867

4 19 0.0696597

5 19 0.0865577

6 19 0.103114

7 19 0.119264

8 19 0.134942

9 19 0.150089

10 19 0.164643

11 19 0.178547

12 19 0.191746

13 19 0.204189

14 19 0.215826

15 19 0.226611

16 19 0.236502

17 19 0.245459

18 19 0.253448

19 19 0.260437

20 19 0.266397

21 19 0.271307

22 19 0.275145

23 19 0.277898

24 19 0.279554

25 19 0.280107

26 19 0.279554

27 19 0.277898

28 19 0.275145

29 19 0.271307

30 19 0.266397

31 19 0.260437

32 19 0.253448

33 19 0.245459

34 19 0.236502

35 19 0.226611

36 19 0.215826

37 19 0.204189

38 19 0.191746

39 19 0.178547

40 19 0.164643

41 19 0.150089

42 19 0.134942

43 19 0.119264

44 19 0.103114

45 19 0.0865577

46 19 0.0696597

47 19 0.0524867

48 19 0.0351067

49 19 0.017588

50 19 0

0 20 0

1 20 0.0179906

2 20 0.0359102

3 20 0.053688

4 20 0.071254

5 20 0.0885388

6 20 0.105474

7 20 0.121993

8 20 0.138031

9 20 0.153524

10 20 0.168411

11 20 0.182633

12 20 0.196135

13 20 0.208862

14 20 0.220765

15 20 0.231797

16 20 0.241915

17 20 0.251077

18 20 0.259249

19 20 0.266397

20 20 0.272494

21 20 0.277516

22 20 0.281442

23 20 0.284258

24 20 0.285952

25 20 0.286517

26 20 0.285952

27 20 0.284258

28 20 0.281442

29 20 0.277516

30 20 0.272494

31 20 0.266397

32 20 0.259249

33 20 0.251077

34 20 0.241915

35 20 0.231797

36 20 0.220765

37 20 0.208862

38 20 0.196135

39 20 0.182633

40 20 0.168411

41 20 0.153524

42 20 0.138031

43 20 0.121993

44 20 0.105474

45 20 0.0885388

46 20 0.071254

47 20 0.053688

48 20 0.0359102

49 20 0.0179906

50 20 0

0 21 0

1 21 0.0183221

2 21 0.0365719

3 21 0.0546774

4 21 0.0725671

5 21 0.0901704

6 21 0.107418

7 21 0.124241

8 21 0.140575

9 21 0.156353

10 21 0.171514

11 21 0.185999

12 21 0.199749

13 21 0.212711

14 21 0.224834

15 21 0.236069

16 21 0.246373

17 21 0.255704

18 21 0.264026

19 21 0.271307

20 21 0.277516

21 21 0.28263

22 21 0.286629

23 21 0.289497

24 21 0.291222

25 21 0.291798

26 21 0.291222

27 21 0.289497

28 21 0.286629

29 21 0.28263

30 21 0.277516

31 21 0.271307

32 21 0.264026

33 21 0.255704

34 21 0.246373

35 21 0.236069

36 21 0.224834

37 21 0.212711

38 21 0.199749

39 21 0.185999

40 21 0.171514

41 21 0.156353

42 21 0.140575

43 21 0.124241

44 21 0.107418

45 21 0.0901704

46 21 0.0725671

47 21 0.0546774

48 21 0.0365719

49 21 0.0183221

50 21 0

0 22 0

1 22 0.0185814

2 22 0.0370894

3 22 0.055451

4 22 0.0735938

5 22 0.0914462

6 22 0.108938

7 22 0.125999

8 22 0.142563

9 22 0.158565

10 22 0.173941

11 22 0.18863

12 22 0.202575

13 22 0.215721

14 22 0.228015

15 22 0.239409

16 22 0.249859

17 22 0.259322

18 22 0.267762

19 22 0.275145

20 22 0.281442

21 22 0.286629

22 22 0.290684

23 22 0.293593

24 22 0.295342

25 22 0.295926

26 22 0.295342

27 22 0.293593

28 22 0.290684

29 22 0.286629

30 22 0.281442

31 22 0.275145

32 22 0.267762

33 22 0.259322

34 22 0.249859

35 22 0.239409

36 22 0.228015

37 22 0.215721

38 22 0.202575

39 22 0.18863

40 22 0.173941

41 22 0.158565

42 22 0.142563

43 22 0.125999

44 22 0.108938

45 22 0.0914462

46 22 0.0735938

47 22 0.055451

48 22 0.0370894

49 22 0.0185814

50 22 0

0 23 0

1 23 0.0187673

2 23 0.0374604

3 23 0.0560058

4 23 0.0743301

5 23 0.0923611

6 23 0.110028

7 23 0.12726

8 23 0.14399

9 23 0.160152

10 23 0.175681

11 23 0.190518

12 23 0.204602

13 23 0.217879

14 23 0.230296

15 23 0.241804

16 23 0.252358

17 23 0.261916

18 23 0.270441

19 23 0.277898

20 23 0.284258

21 23 0.289497

22 23 0.293593

23 23 0.29653

24 23 0.298297

25 23 0.298887

26 23 0.298297

27 23 0.29653

28 23 0.293593

29 23 0.289497

30 23 0.284258

31 23 0.277898

32 23 0.270441

33 23 0.261916

34 23 0.252358

35 23 0.241804

36 23 0.230296

37 23 0.217879

38 23 0.204602

39 23 0.190518

40 23 0.175681

41 23 0.160152

42 23 0.14399

43 23 0.12726

44 23 0.110028

45 23 0.0923611

46 23 0.0743301

47 23 0.0560058

48 23 0.0374604

49 23 0.0187673

50 23 0

0 24 0

1 24 0.0188791

2 24 0.0376837

3 24 0.0563395

4 24 0.074773

5 24 0.0929115

6 24 0.110683

7 24 0.128018

8 24 0.144848

9 24 0.161106

10 24 0.176728

11 24 0.191653

12 24 0.205821

13 24 0.219177

14 24 0.231669

15 24 0.243245

16 24 0.253862

17 24 0.263477

18 24 0.272052

19 24 0.279554

20 24 0.285952

21 24 0.291222

22 24 0.295342

23 24 0.298297

24 24 0.300075

25 24 0.300668

26 24 0.300075

27 24 0.298297

28 24 0.295342

29 24 0.291222

30 24 0.285952

31 24 0.279554

32 24 0.272052

33 24 0.263477

34 24 0.253862

35 24 0.243245

36 24 0.231669

37 24 0.219177

38 24 0.205821

39 24 0.191653

40 24 0.176728

41 24 0.161106

42 24 0.144848

43 24 0.128018

44 24 0.110683

45 24 0.0929115

46 24 0.074773

47 24 0.0563395

48 24 0.0376837

49 24 0.0188791

50 24 0

0 25 0

1 25 0.0189164

2 25 0.0377582

3 25 0.0564509

4 25 0.0749209

5 25 0.0930952

6 25 0.110902

7 25 0.128271

8 25 0.145134

9 25 0.161424

10 25 0.177078

11 25 0.192032

12 25 0.206228

13 25 0.219611

14 25 0.232127

15 25 0.243726

16 25 0.254364

17 25 0.263998

18 25 0.27259

19 25 0.280107

20 25 0.286517

21 25 0.291798

22 25 0.295926

23 25 0.298887

24 25 0.300668

25 25 0.301262

26 25 0.300668

27 25 0.298887

28 25 0.295926

29 25 0.291798

30 25 0.286517

31 25 0.280107

32 25 0.27259

33 25 0.263998

34 25 0.254364

35 25 0.243726

36 25 0.232127

37 25 0.219611

38 25 0.206228

39 25 0.192032

40 25 0.177078

41 25 0.161424

42 25 0.145134

43 25 0.128271

44 25 0.110902

45 25 0.0930952

46 25 0.0749209

47 25 0.0564509

48 25 0.0377582

49 25 0.0189164

50 25 0

0 26 0

1 26 0.0188791

2 26 0.0376837

3 26 0.0563395

4 26 0.074773

5 26 0.0929115

6 26 0.110683

7 26 0.128018

8 26 0.144848

9 26 0.161106

10 26 0.176728

11 26 0.191653

12 26 0.205821

13 26 0.219177

14 26 0.231669

15 26 0.243245

16 26 0.253862

17 26 0.263477

18 26 0.272052

19 26 0.279554

20 26 0.285952

21 26 0.291222

22 26 0.295342

23 26 0.298297

24 26 0.300075

25 26 0.300668

26 26 0.300075

27 26 0.298297

28 26 0.295342

29 26 0.291222

30 26 0.285952

31 26 0.279554

32 26 0.272052

33 26 0.263477

34 26 0.253862

35 26 0.243245

36 26 0.231669

37 26 0.219177

38 26 0.205821

39 26 0.191653

40 26 0.176728

41 26 0.161106

42 26 0.144848

43 26 0.128018

44 26 0.110683

45 26 0.0929115

46 26 0.074773

47 26 0.0563395

48 26 0.0376837

49 26 0.0188791

50 26 0

0 27 0

1 27 0.0187673

2 27 0.0374604

3 27 0.0560058

4 27 0.0743301

5 27 0.0923611

6 27 0.110028

7 27 0.12726

8 27 0.14399

9 27 0.160152

10 27 0.175681

11 27 0.190518

12 27 0.204602

13 27 0.217879

14 27 0.230296

15 27 0.241804

16 27 0.252358

17 27 0.261916

18 27 0.270441

19 27 0.277898

20 27 0.284258

21 27 0.289497

22 27 0.293593

23 27 0.29653

24 27 0.298297

25 27 0.298887

26 27 0.298297

27 27 0.29653

28 27 0.293593

29 27 0.289497

30 27 0.284258

31 27 0.277898

32 27 0.270441

33 27 0.261916

34 27 0.252358

35 27 0.241804

36 27 0.230296

37 27 0.217879

38 27 0.204602

39 27 0.190518

40 27 0.175681

41 27 0.160152

42 27 0.14399

43 27 0.12726

44 27 0.110028

45 27 0.0923611

46 27 0.0743301

47 27 0.0560058

48 27 0.0374604

49 27 0.0187673

50 27 0

0 28 0

1 28 0.0185814

2 28 0.0370894

3 28 0.055451

4 28 0.0735938

5 28 0.0914462

6 28 0.108938

7 28 0.125999

8 28 0.142563

9 28 0.158565

10 28 0.173941

11 28 0.18863

12 28 0.202575

13 28 0.215721

14 28 0.228015

15 28 0.239409

16 28 0.249859

17 28 0.259322

18 28 0.267762

19 28 0.275145

20 28 0.281442

21 28 0.286629

22 28 0.290684

23 28 0.293593

24 28 0.295342

25 28 0.295926

26 28 0.295342

27 28 0.293593

28 28 0.290684

29 28 0.286629

30 28 0.281442

31 28 0.275145

32 28 0.267762

33 28 0.259322

34 28 0.249859

35 28 0.239409

36 28 0.228015

37 28 0.215721

38 28 0.202575

39 28 0.18863

40 28 0.173941

41 28 0.158565

42 28 0.142563

43 28 0.125999

44 28 0.108938

45 28 0.0914462

46 28 0.0735938

47 28 0.055451

48 28 0.0370894

49 28 0.0185814

50 28 0

0 29 0

1 29 0.0183221

2 29 0.0365719

3 29 0.0546774

4 29 0.0725671

5 29 0.0901704

6 29 0.107418

7 29 0.124241

8 29 0.140575

9 29 0.156353

10 29 0.171514

11 29 0.185999

12 29 0.199749

13 29 0.212711

14 29 0.224834

15 29 0.236069

16 29 0.246373

17 29 0.255704

18 29 0.264026

19 29 0.271307

20 29 0.277516

21 29 0.28263

22 29 0.286629

23 29 0.289497

24 29 0.291222

25 29 0.291798

26 29 0.291222

27 29 0.289497

28 29 0.286629

29 29 0.28263

30 29 0.277516

31 29 0.271307

32 29 0.264026

33 29 0.255704

34 29 0.246373

35 29 0.236069

36 29 0.224834

37 29 0.212711

38 29 0.199749

39 29 0.185999

40 29 0.171514

41 29 0.156353

42 29 0.140575

43 29 0.124241

44 29 0.107418

45 29 0.0901704

46 29 0.0725671

47 29 0.0546774

48 29 0.0365719

49 29 0.0183221

50 29 0

0 30 0

1 30 0.0179906

2 30 0.0359102

3 30 0.053688

4 30 0.071254

5 30 0.0885388

6 30 0.105474

7 30 0.121993

8 30 0.138031

9 30 0.153524

10 30 0.168411

11 30 0.182633

12 30 0.196135

13 30 0.208862

14 30 0.220765

15 30 0.231797

16 30 0.241915

17 30 0.251077

18 30 0.259249

19 30 0.266397

20 30 0.272494

21 30 0.277516

22 30 0.281442

23 30 0.284258

24 30 0.285952

25 30 0.286517

26 30 0.285952

27 30 0.284258

28 30 0.281442

29 30 0.277516

30 30 0.272494

31 30 0.266397

32 30 0.259249

33 30 0.251077

34 30 0.241915

35 30 0.231797

36 30 0.220765

37 30 0.208862

38 30 0.196135

39 30 0.182633

40 30 0.168411

41 30 0.153524

42 30 0.138031

43 30 0.121993

44 30 0.105474

45 30 0.0885388

46 30 0.071254

47 30 0.053688

48 30 0.0359102

49 30 0.0179906

50 30 0

0 31 0

1 31 0.017588

2 31 0.0351067

3 31 0.0524867

4 31 0.0696597

5 31 0.0865577

6 31 0.103114

7 31 0.119264

8 31 0.134942

9 31 0.150089

10 31 0.164643

11 31 0.178547

12 31 0.191746

13 31 0.204189

14 31 0.215826

15 31 0.226611

16 31 0.236502

17 31 0.245459

18 31 0.253448

19 31 0.260437

20 31 0.266397

21 31 0.271307

22 31 0.275145

23 31 0.277898

24 31 0.279554

25 31 0.280107

26 31 0.279554

27 31 0.277898

28 31 0.275145

29 31 0.271307

30 31 0.266397

31 31 0.260437

32 31 0.253448

33 31 0.245459

34 31 0.236502

35 31 0.226611

36 31 0.215826

37 31 0.204189

38 31 0.191746

39 31 0.178547

40 31 0.164643

41 31 0.150089

42 31 0.134942

43 31 0.119264

44 31 0.103114

45 31 0.0865577

46 31 0.0696597

47 31 0.0524867

48 31 0.0351067

49 31 0.017588

50 31 0

0 32 0

1 32 0.0171161

2 32 0.0341646

3 32 0.0510783

4 32 0.0677904

5 32 0.084235

6 32 0.100347

7 32 0.116063

8 32 0.131321

9 32 0.146061

10 32 0.160225

11 32 0.173756

12 32 0.186601

13 32 0.19871

14 32 0.210034

15 32 0.22053

16 32 0.230156

17 32 0.238873

18 32 0.246647

19 32 0.253448

20 32 0.259249

21 32 0.264026

22 32 0.267762

23 32 0.270441

24 32 0.272052

25 32 0.27259

26 32 0.272052

27 32 0.270441

28 32 0.267762

29 32 0.264026

30 32 0.259249

31 32 0.253448

32 32 0.246647

33 32 0.238873

34 32 0.230156

35 32 0.22053

36 32 0.210034

37 32 0.19871

38 32 0.186601

39 32 0.173756

40 32 0.160225

41 32 0.146061

42 32 0.131321

43 32 0.116063

44 32 0.100347

45 32 0.084235

46 32 0.0677904

47 32 0.0510783

48 32 0.0341646

49 32 0.0171161

50 32 0

0 33 0

1 33 0.0165766

2 33 0.0330877

3 33 0.0494683

4 33 0.0656537

5 33 0.0815799

6 33 0.0971842

7 33 0.112405

8 33 0.127182

9 33 0.141457

10 33 0.155174

11 33 0.168279

12 33 0.180719

13 33 0.192446

14 33 0.203414

15 33 0.213579

16 33 0.222901

17 33 0.231343

18 33 0.238873

19 33 0.245459

20 33 0.251077

21 33 0.255704

22 33 0.259322

23 33 0.261916

24 33 0.263477

25 33 0.263998

26 33 0.263477

27 33 0.261916

28 33 0.259322

29 33 0.255704

30 33 0.251077

31 33 0.245459

32 33 0.238873

33 33 0.231343

34 33 0.222901

35 33 0.213579

36 33 0.203414

37 33 0.192446

38 33 0.180719

39 33 0.168279

40 33 0.155174

41 33 0.141457

42 33 0.127182

43 33 0.112405

44 33 0.0971842

45 33 0.0815799

46 33 0.0656537

47 33 0.0494683

48 33 0.0330877

49 33 0.0165766

50 33 0

0 34 0

1 34 0.0159717

2 34 0.0318803

3 34 0.0476631

4 34 0.0632578

5 34 0.0786028

6 34 0.0936377

7 34 0.108303

8 34 0.122541

9 34 0.136295

10 34 0.149511

11 34 0.162138

12 34 0.174124

13 34 0.185423

14 34 0.195991

15 34 0.205785

16 34 0.214767

17 34 0.222901

18 34 0.230156

19 34 0.236502

20 34 0.241915

21 34 0.246373

22 34 0.249859

23 34 0.252358

24 34 0.253862

25 34 0.254364

26 34 0.253862

27 34 0.252358

28 34 0.249859

29 34 0.246373

30 34 0.241915

31 34 0.236502

32 34 0.230156

33 34 0.222901

34 34 0.214767

35 34 0.205785

36 34 0.195991

37 34 0.185423

38 34 0.174124

39 34 0.162138

40 34 0.149511

41 34 0.136295

42 34 0.122541

43 34 0.108303

44 34 0.0936377

45 34 0.0786028

46 34 0.0632578

47 34 0.0476631

48 34 0.0318803

49 34 0.0159717

50 34 0

0 35 0

1 35 0.0153037

2 35 0.030547

3 35 0.0456698

4 35 0.0606123

5 35 0.0753156

6 35 0.0897216

7 35 0.103774

8 35 0.117416

9 35 0.130595

10 35 0.143259

11 35 0.155357

12 35 0.166842

13 35 0.177669

14 35 0.187794

15 35 0.197179

16 35 0.205785

17 35 0.213579

18 35 0.22053

19 35 0.226611

20 35 0.231797

21 35 0.236069

22 35 0.239409

23 35 0.241804

24 35 0.243245

25 35 0.243726

26 35 0.243245

27 35 0.241804

28 35 0.239409

29 35 0.236069

30 35 0.231797

31 35 0.226611

32 35 0.22053

33 35 0.213579

34 35 0.205785

35 35 0.197179

36 35 0.187794

37 35 0.177669

38 35 0.166842

39 35 0.155357

40 35 0.143259

41 35 0.130595

42 35 0.117416

43 35 0.103774

44 35 0.0897216

45 35 0.0753156

46 35 0.0606123

47 35 0.0456698

48 35 0.030547

49 35 0.0153037

50 35 0

0 36 0

1 36 0.0145753

2 36 0.0290932

3 36 0.0434962

4 36 0.0577275

5 36 0.0717311

6 36 0.0854515

7 36 0.0988347

8 36 0.111828

9 36 0.12438

10 36 0.136441

11 36 0.147963

12 36 0.158902

13 36 0.169213

14 36 0.178857

15 36 0.187794

16 36 0.195991

17 36 0.203414

18 36 0.210034

19 36 0.215826

20 36 0.220765

21 36 0.224834

22 36 0.228015

23 36 0.230296

24 36 0.231669

25 36 0.232127

26 36 0.231669

27 36 0.230296

28 36 0.228015

29 36 0.224834

30 36 0.220765

31 36 0.215826

32 36 0.210034

33 36 0.203414

34 36 0.195991

35 36 0.187794

36 36 0.178857

37 36 0.169213

38 36 0.158902

39 36 0.147963

40 36 0.136441

41 36 0.12438

42 36 0.111828

43 36 0.0988347

44 36 0.0854515

45 36 0.0717311

46 36 0.0577275

47 36 0.0434962

48 36 0.0290932

49 36 0.0145753

50 36 0

0 37 0

1 37 0.0137895

2 37 0.0275245

3 37 0.041151

4 37 0.054615

5 37 0.0678635

6 37 0.0808441

7 37 0.0935057

8 37 0.105798

9 37 0.117673

10 37 0.129084

11 37 0.139985

12 37 0.150334

13 37 0.160089

14 37 0.169213

15 37 0.177669

16 37 0.185423

17 37 0.192446

18 37 0.19871

19 37 0.204189

20 37 0.208862

21 37 0.212711

22 37 0.215721

23 37 0.217879

24 37 0.219177

25 37 0.219611

26 37 0.219177

27 37 0.217879

28 37 0.215721

29 37 0.212711

30 37 0.208862

31 37 0.204189

32 37 0.19871

33 37 0.192446

34 37 0.185423

35 37 0.177669

36 37 0.169213

37 37 0.160089

38 37 0.150334

39 37 0.139985

40 37 0.129084

41 37 0.117673

42 37 0.105798

43 37 0.0935057

44 37 0.0808441

45 37 0.0678635

46 37 0.054615

47 37 0.041151

48 37 0.0275245

49 37 0.0137895

50 37 0

0 38 0

1 38 0.0129492

2 38 0.0258472

3 38 0.0386433

4 38 0.0512869

5 38 0.063728

6 38 0.0759177

7 38 0.0878077

8 38 0.0993512

9 38 0.110503

10 38 0.121218

11 38 0.131455

12 38 0.141173

13 38 0.150334

14 38 0.158902

15 38 0.166842

16 38 0.174124

17 38 0.180719

18 38 0.186601

19 38 0.191746

20 38 0.196135

21 38 0.199749

22 38 0.202575

23 38 0.204602

24 38 0.205821

25 38 0.206228

26 38 0.205821

27 38 0.204602

28 38 0.202575

29 38 0.199749

30 38 0.196135

31 38 0.191746

32 38 0.186601

33 38 0.180719

34 38 0.174124

35 38 0.166842

36 38 0.158902

37 38 0.150334

38 38 0.141173

39 38 0.131455

40 38 0.121218

41 38 0.110503

42 38 0.0993512

43 38 0.0878077

44 38 0.0759177

45 38 0.063728

46 38 0.0512869

47 38 0.0386433

48 38 0.0258472

49 38 0.0129492

50 38 0

0 39 0

1 39 0.0120578

2 39 0.024068

3 39 0.0359832

4 39 0.0477564

5 39 0.0593411

6 39 0.0706916

7 39 0.0817632

8 39 0.092512

9 39 0.102896

10 39 0.112873

11 39 0.122406

12 39 0.131455

13 39 0.139985

14 39 0.147963

15 39 0.155357

16 39 0.162138

17 39 0.168279

18 39 0.173756

19 39 0.178547

20 39 0.182633

21 39 0.185999

22 39 0.18863

23 39 0.190518

24 39 0.191653

25 39 0.192032

26 39 0.191653

27 39 0.190518

28 39 0.18863

29 39 0.185999

30 39 0.182633

31 39 0.178547

32 39 0.173756

33 39 0.168279

34 39 0.162138

35 39 0.155357

36 39 0.147963

37 39 0.139985

38 39 0.131455

39 39 0.122406

40 39 0.112873

41 39 0.102896

42 39 0.092512

43 39 0.0817632

44 39 0.0706916

45 39 0.0593411

46 39 0.0477564

47 39 0.0359832

48 39 0.024068

49 39 0.0120578

50 39 0

0 40 0

1 40 0.0111188

2 40 0.0221937

3 40 0.033181

4 40 0.0440374

5 40 0.05472

6 40 0.0651866

7 40 0.0753959

8 40 0.0853077

9 40 0.0948829

10 40 0.104084

11 40 0.112873

12 40 0.121218

13 40 0.129084

14 40 0.136441

15 40 0.143259

16 40 0.149511

17 40 0.155174

18 40 0.160225

19 40 0.164643

20 40 0.168411

21 40 0.171514

22 40 0.173941

23 40 0.175681

24 40 0.176728

25 40 0.177078

26 40 0.176728

27 40 0.175681

28 40 0.173941

29 40 0.171514

30 40 0.168411

31 40 0.164643

32 40 0.160225

33 40 0.155174

34 40 0.149511

35 40 0.143259

36 40 0.136441

37 40 0.129084

38 40 0.121218

39 40 0.112873

40 40 0.104084

41 40 0.0948829

42 40 0.0853077

43 40 0.0753959

44 40 0.0651866

45 40 0.05472

46 40 0.0440374

47 40 0.033181

48 40 0.0221937

49 40 0.0111188

50 40 0

0 41 0

1 41 0.0101359

2 41 0.0202318

3 41 0.0302479

4 41 0.0401446

5 41 0.0498829

6 41 0.0594243

7 41 0.0687312

8 41 0.0777668

9 41 0.0864955

10 41 0.0948829

11 41 0.102896

12 41 0.110503

13 41 0.117673

14 41 0.12438

15 41 0.130595

16 41 0.136295

17 41 0.141457

18 41 0.146061

19 41 0.150089

20 41 0.153524

21 41 0.156353

22 41 0.158565

23 41 0.160152

24 41 0.161106

25 41 0.161424

26 41 0.161106

27 41 0.160152

28 41 0.158565

29 41 0.156353

30 41 0.153524

31 41 0.150089

32 41 0.146061

33 41 0.141457

34 41 0.136295

35 41 0.130595

36 41 0.12438

37 41 0.117673

38 41 0.110503

39 41 0.102896

40 41 0.0948829

41 41 0.0864955

42 41 0.0777668

43 41 0.0687312

44 41 0.0594243

45 41 0.0498829

46 41 0.0401446

47 41 0.0302479

48 41 0.0202318

49 41 0.0101359

50 41 0

0 42 0

1 42 0.00911305

2 42 0.0181901

3 42 0.0271954

4 42 0.0360934

5 42 0.0448489

6 42 0.0534275

7 42 0.0617951

8 42 0.0699189

9 42 0.0777668

10 42 0.0853077

11 42 0.092512

12 42 0.0993512

13 42 0.105798

14 42 0.111828

15 42 0.117416

16 42 0.122541

17 42 0.127182

18 42 0.131321

19 42 0.134942

20 42 0.138031

21 42 0.140575

22 42 0.142563

23 42 0.14399

24 42 0.144848

25 42 0.145134

26 42 0.144848

27 42 0.14399

28 42 0.142563

29 42 0.140575

30 42 0.138031

31 42 0.134942

32 42 0.131321

33 42 0.127182

34 42 0.122541

35 42 0.117416

36 42 0.111828

37 42 0.105798

38 42 0.0993512

39 42 0.092512

40 42 0.0853077

41 42 0.0777668

42 42 0.0699189

43 42 0.0617951

44 42 0.0534275

45 42 0.0448489

46 42 0.0360934

47 42 0.0271954

48 42 0.0181901

49 42 0.00911305

50 42 0

0 43 0

1 43 0.00805422

2 43 0.0160766

3 43 0.0240356

4 43 0.0318998

5 43 0.039638

6 43 0.0472198

7 43 0.0546152

8 43 0.0617951

9 43 0.0687312

10 43 0.0753959

11 43 0.0817632

12 43 0.0878077

13 43 0.0935057

14 43 0.0988347

15 43 0.103774

16 43 0.108303

17 43 0.112405

18 43 0.116063

19 43 0.119264

20 43 0.121993

21 43 0.124241

22 43 0.125999

23 43 0.12726

24 43 0.128018

25 43 0.128271

26 43 0.128018

27 43 0.12726

28 43 0.125999

29 43 0.124241

30 43 0.121993

31 43 0.119264

32 43 0.116063

33 43 0.112405

34 43 0.108303

35 43 0.103774

36 43 0.0988347

37 43 0.0935057

38 43 0.0878077

39 43 0.0817632

40 43 0.0753959

41 43 0.0687312

42 43 0.0617951

43 43 0.0546152

44 43 0.0472198

45 43 0.039638

46 43 0.0318998

47 43 0.0240356

48 43 0.0160766

49 43 0.00805422

50 43 0

0 44 0

1 44 0.0069636

2 44 0.0138997

3 44 0.020781

4 44 0.0275802

5 44 0.0342706

6 44 0.0408258

7 44 0.0472198

8 44 0.0534275

9 44 0.0594243

10 44 0.0651866

11 44 0.0706916

12 44 0.0759177

13 44 0.0808441

14 44 0.0854515

15 44 0.0897216

16 44 0.0936377

17 44 0.0971842

18 44 0.100347

19 44 0.103114

20 44 0.105474

21 44 0.107418

22 44 0.108938

23 44 0.110028

24 44 0.110683

25 44 0.110902

26 44 0.110683

27 44 0.110028

28 44 0.108938

29 44 0.107418

30 44 0.105474

31 44 0.103114

32 44 0.100347

33 44 0.0971842

34 44 0.0936377

35 44 0.0897216

36 44 0.0854515

37 44 0.0808441

38 44 0.0759177

39 44 0.0706916

40 44 0.0651866

41 44 0.0594243

42 44 0.0534275

43 44 0.0472198

44 44 0.0408258

45 44 0.0342706

46 44 0.0275802

47 44 0.020781

48 44 0.0138997

49 44 0.0069636

50 44 0

0 45 0

1 45 0.00584549

2 45 0.0116679

3 45 0.0174443

4 45 0.0231518

5 45 0.028768

6 45 0.0342706

7 45 0.039638

8 45 0.0448489

9 45 0.0498829

10 45 0.05472

11 45 0.0593411

12 45 0.063728

13 45 0.0678635

14 45 0.0717311

15 45 0.0753156

16 45 0.0786028

17 45 0.0815799

18 45 0.084235

19 45 0.0865577

20 45 0.0885388

21 45 0.0901704

22 45 0.0914462

23 45 0.0923611

24 45 0.0929115

25 45 0.0930952

26 45 0.0929115

27 45 0.0923611

28 45 0.0914462

29 45 0.0901704

30 45 0.0885388

31 45 0.0865577

32 45 0.084235

33 45 0.0815799

34 45 0.0786028

35 45 0.0753156

36 45 0.0717311

37 45 0.0678635

38 45 0.063728

39 45 0.0593411

40 45 0.05472

41 45 0.0498829

42 45 0.0448489

43 45 0.039638

44 45 0.0342706

45 45 0.028768

46 45 0.0231518

47 45 0.0174443

48 45 0.0116679

49 45 0.00584549

50 45 0

0 46 0

1 46 0.00470432

2 46 0.00939008

3 46 0.0140388

4 46 0.0186321

5 46 0.0231518

6 46 0.0275802

7 46 0.0318998

8 46 0.0360934

9 46 0.0401446

10 46 0.0440374

11 46 0.0477564

12 46 0.0512869

13 46 0.054615

14 46 0.0577275

15 46 0.0606123

16 46 0.0632578

17 46 0.0656537

18 46 0.0677904

19 46 0.0696597

20 46 0.071254

21 46 0.0725671

22 46 0.0735938

23 46 0.0743301

24 46 0.074773

25 46 0.0749209

26 46 0.074773

27 46 0.0743301

28 46 0.0735938

29 46 0.0725671

30 46 0.071254

31 46 0.0696597

32 46 0.0677904

33 46 0.0656537

34 46 0.0632578

35 46 0.0606123

36 46 0.0577275

37 46 0.054615

38 46 0.0512869

39 46 0.0477564

40 46 0.0440374

41 46 0.0401446

42 46 0.0360934

43 46 0.0318998

44 46 0.0275802

45 46 0.0231518

46 46 0.0186321

47 46 0.0140388

48 46 0.00939008

49 46 0.00470432

50 46 0

0 47 0

1 47 0.00354458

2 47 0.00707518

3 47 0.0105778

4 47 0.0140388

5 47 0.0174443

6 47 0.020781

7 47 0.0240356

8 47 0.0271954

9 47 0.0302479

10 47 0.033181

11 47 0.0359832

12 47 0.0386433

13 47 0.041151

14 47 0.0434962

15 47 0.0456698

16 47 0.0476631

17 47 0.0494683

18 47 0.0510783

19 47 0.0524867

20 47 0.053688

21 47 0.0546774

22 47 0.055451

23 47 0.0560058

24 47 0.0563395

25 47 0.0564509

26 47 0.0563395

27 47 0.0560058

28 47 0.055451

29 47 0.0546774

30 47 0.053688

31 47 0.0524867

32 47 0.0510783

33 47 0.0494683

34 47 0.0476631

35 47 0.0456698

36 47 0.0434962

37 47 0.041151

38 47 0.0386433

39 47 0.0359832

40 47 0.033181

41 47 0.0302479

42 47 0.0271954

43 47 0.0240356

44 47 0.020781

45 47 0.0174443

46 47 0.0140388

47 47 0.0105778

48 47 0.00707518

49 47 0.00354458

50 47 0

0 48 0

1 48 0.00237086

2 48 0.00473235

3 48 0.00707518

4 48 0.00939008

5 48 0.0116679

6 48 0.0138997

7 48 0.0160766

8 48 0.0181901

9 48 0.0202318

10 48 0.0221937

11 48 0.024068

12 48 0.0258472

13 48 0.0275245

14 48 0.0290932

15 48 0.030547

16 48 0.0318803

17 48 0.0330877

18 48 0.0341646

19 48 0.0351067

20 48 0.0359102

21 48 0.0365719

22 48 0.0370894

23 48 0.0374604

24 48 0.0376837

25 48 0.0377582

26 48 0.0376837

27 48 0.0374604

28 48 0.0370894

29 48 0.0365719

30 48 0.0359102

31 48 0.0351067

32 48 0.0341646

33 48 0.0330877

34 48 0.0318803

35 48 0.030547

36 48 0.0290932

37 48 0.0275245

38 48 0.0258472

39 48 0.024068

40 48 0.0221937

41 48 0.0202318

42 48 0.0181901

43 48 0.0160766

44 48 0.0138997

45 48 0.0116679

46 48 0.00939008

47 48 0.00707518

48 48 0.00473235

49 48 0.00237086

50 48 0

0 49 0

1 49 0.00118777

2 49 0.00237086

3 49 0.00354458

4 49 0.00470432

5 49 0.00584549

6 49 0.0069636

7 49 0.00805422

8 49 0.00911305

9 49 0.0101359

10 49 0.0111188

11 49 0.0120578

12 49 0.0129492

13 49 0.0137895

14 49 0.0145753

15 49 0.0153037

16 49 0.0159717

17 49 0.0165766

18 49 0.0171161

19 49 0.017588

20 49 0.0179906

21 49 0.0183221

22 49 0.0185814

23 49 0.0187673

24 49 0.0188791

25 49 0.0189164

26 49 0.0188791

27 49 0.0187673

28 49 0.0185814

29 49 0.0183221

30 49 0.0179906

31 49 0.017588

32 49 0.0171161

33 49 0.0165766

34 49 0.0159717

35 49 0.0153037

36 49 0.0145753

37 49 0.0137895

38 49 0.0129492

39 49 0.0120578

40 49 0.0111188

41 49 0.0101359

42 49 0.00911305

43 49 0.00805422

44 49 0.0069636

45 49 0.00584549

46 49 0.00470432

47 49 0.00354458

48 49 0.00237086

49 49 0.00118777

50 49 0

