0 1 0

1 1 0.00237901

2 1 0.00474863

3 1 0.00709951

4 1 0.00942238

5 1 0.0117081

6 1 0.0139475

7 1 0.016132

8 1 0.0182527

9 1 0.0203014

10 1 0.02227

11 1 0.0241508

12 1 0.0259362

13 1 0.0276192

14 1 0.0291933

15 1 0.0306521

16 1 0.0319899

17 1 0.0332016

18 1 0.0342821

19 1 0.0352274

20 1 0.0360337

21 1 0.0366977

22 1 0.037217

23 1 0.0375893

24 1 0.0378133

25 1 0.0378881

26 1 0.0378133

27 1 0.0375893

28 1 0.037217

29 1 0.0366977

30 1 0.0360337

31 1 0.0352274

32 1 0.0342821

33 1 0.0332016

34 1 0.0319899

35 1 0.0306521

36 1 0.0291933

37 1 0.0276192

38 1 0.0259362

39 1 0.0241508

40 1 0.02227

41 1 0.0203014

42 1 0.0182527

43 1 0.016132

44 1 0.0139475

45 1 0.0117081

46 1 0.00942238

47 1 0.00709951

48 1 0.00474863

49 1 0.00237901

50 1 0

0 2 0

1 2 0.00474863

2 2 0.00947853

3 2 0.014171

4 2 0.0188076

5 2 0.0233699

6 2 0.02784

7 2 0.0322002

8 2 0.0364334

9 2 0.0405228

10 2 0.0444522

11 2 0.0482062

12 2 0.05177

13 2 0.0551294

14 2 0.0582713

15 2 0.0611832

16 2 0.0638536

17 2 0.0662721

18 2 0.068429

19 2 0.0703158

20 2 0.0719252

21 2 0.0732506

22 2 0.074287

23 2 0.0750303

24 2 0.0754774

25 2 0.0756266

26 2 0.0754774

27 2 0.0750303

28 2 0.074287

29 2 0.0732506

30 2 0.0719252

31 2 0.0703158

32 2 0.068429

33 2 0.0662721

34 2 0.0638536

35 2 0.0611832

36 2 0.0582713

37 2 0.0551294

38 2 0.05177

39 2 0.0482062

40 2 0.0444522

41 2 0.0405228

42 2 0.0364334

43 2 0.0322002

44 2 0.02784

45 2 0.0233699

46 2 0.0188076

47 2 0.014171

48 2 0.00947853

49 2 0.00474863

50 2 0

0 3 0

1 3 0.00709951

2 3 0.014171

3 3 0.0211866

4 3 0.0281185

5 3 0.0349395

6 3 0.0416226

7 3 0.0481414

8 3 0.0544703

9 3 0.0605842

10 3 0.0664589

11 3 0.0720714

12 3 0.0773995

13 3 0.0824221

14 3 0.0871194

15 3 0.0914729

16 3 0.0954653

17 3 0.0990811

18 3 0.102306

19 3 0.105127

20 3 0.107533

21 3 0.109514

22 3 0.111064

23 3 0.112175

24 3 0.112844

25 3 0.113067

26 3 0.112844

27 3 0.112175

28 3 0.111064

29 3 0.109514

30 3 0.107533

31 3 0.105127

32 3 0.102306

33 3 0.0990811

34 3 0.0954653

35 3 0.0914729

36 3 0.0871194

37 3 0.0824221

38 3 0.0773995

39 3 0.0720714

40 3 0.0664589

41 3 0.0605842

42 3 0.0544703

43 3 0.0481414

44 3 0.0416226

45 3 0.0349395

46 3 0.0281185

47 3 0.0211866

48 3 0.014171

49 3 0.00709951

50 3 0

0 4 0

1 4 0.00942238

2 4 0.0188076

3 4 0.0281185

4 4 0.0373185

5 4 0.0463713

6 4 0.055241

7 4 0.0638927

8 4 0.0722922

9 4 0.0804064

10 4 0.0882034

11 4 0.0956522

12 4 0.102723

13 4 0.109389

14 4 0.115624

15 4 0.121402

16 4 0.1267

17 4 0.131499

18 4 0.135779

19 4 0.139523

20 4 0.142716

21 4 0.145346

22 4 0.147403

23 4 0.148877

24 4 0.149764

25 4 0.150061

26 4 0.149764

27 4 0.148877

28 4 0.147403

29 4 0.145346

30 4 0.142716

31 4 0.139523

32 4 0.135779

33 4 0.131499

34 4 0.1267

35 4 0.121402

36 4 0.115624

37 4 0.109389

38 4 0.102723

39 4 0.0956522

40 4 0.0882034

41 4 0.0804064

42 4 0.0722922

43 4 0.0638927

44 4 0.055241

45 4 0.0463713

46 4 0.0373185

47 4 0.0281185

48 4 0.0188076

49 4 0.00942238

50 4 0

0 5 0

1 5 0.0117081

2 5 0.0233699

3 5 0.0349395

4 5 0.0463713

5 5 0.05762

6 5 0.0686413

7 5 0.0793917

8 5 0.0898288

9 5 0.0999114

10 5 0.1096

11 5 0.118855

12 5 0.127642

13 5 0.135925

14 5 0.143672

15 5 0.150851

16 5 0.157435

17 5 0.163398

18 5 0.168716

19 5 0.173368

20 5 0.177336

21 5 0.180604

22 5 0.183159

23 5 0.184992

24 5 0.186094

25 5 0.186462

26 5 0.186094

27 5 0.184992

28 5 0.183159

29 5 0.180604

30 5 0.177336

31 5 0.173368

32 5 0.168716

33 5 0.163398

34 5 0.157435

35 5 0.150851

36 5 0.143672

37 5 0.135925

38 5 0.127642

39 5 0.118855

40 5 0.1096

41 5 0.0999114

42 5 0.0898288

43 5 0.0793917

44 5 0.0686413

45 5 0.05762

46 5 0.0463713

47 5 0.0349395

48 5 0.0233699

49 5 0.0117081

50 5 0

0 6 0

1 6 0.0139475

2 6 0.02784

3 6 0.0416226

4 6 0.055241

5 6 0.0686413

6 6 0.0817707

7 6 0.0945775

8 6 0.107011

9 6 0.119022

10 6 0.130564

11 6 0.14159

12 6 0.152057

13 6 0.161924

14 6 0.171152

15 6 0.179705

16 6 0.187549

17 6 0.194652

18 6 0.200987

19 6 0.206529

20 6 0.211256

21 6 0.215149

22 6 0.218193

23 6 0.220376

24 6 0.22169

25 6 0.222128

26 6 0.22169

27 6 0.220376

28 6 0.218193

29 6 0.215149

30 6 0.211256

31 6 0.206529

32 6 0.200987

33 6 0.194652

34 6 0.187549

35 6 0.179705

36 6 0.171152

37 6 0.161924

38 6 0.152057

39 6 0.14159

40 6 0.130564

41 6 0.119022

42 6 0.107011

43 6 0.0945775

44 6 0.0817707

45 6 0.0686413

46 6 0.055241

47 6 0.0416226

48 6 0.02784

49 6 0.0139475

50 6 0

0 7 0

1 7 0.016132

2 7 0.0322002

3 7 0.0481414

4 7 0.0638927

5 7 0.0793917

6 7 0.0945775

7 7 0.10939

8 7 0.123771

9 7 0.137663

10 7 0.151012

11 7 0.163765

12 7 0.175872

13 7 0.187284

14 7 0.197958

15 7 0.20785

16 7 0.216922

17 7 0.225138

18 7 0.232465

19 7 0.238875

20 7 0.244343

21 7 0.248845

22 7 0.252366

23 7 0.254891

24 7 0.25641

25 7 0.256917

26 7 0.25641

27 7 0.254891

28 7 0.252366

29 7 0.248845

30 7 0.244343

31 7 0.238875

32 7 0.232465

33 7 0.225138

34 7 0.216922

35 7 0.20785

36 7 0.197958

37 7 0.187284

38 7 0.175872

39 7 0.163765

40 7 0.151012

41 7 0.137663

42 7 0.123771

43 7 0.10939

44 7 0.0945775

45 7 0.0793917

46 7 0.0638927

47 7 0.0481414

48 7 0.0322002

49 7 0.016132

50 7 0

0 8 0

1 8 0.0182527

2 8 0.0364334

3 8 0.0544703

4 8 0.0722922

5 8 0.0898288

6 8 0.107011

7 8 0.123771

8 8 0.140042

9 8 0.155761

10 8 0.170865

11 8 0.185294

12 8 0.198992

13 8 0.211905

14 8 0.223982

15 8 0.235175

16 8 0.24544

17 8 0.254736

18 8 0.263026

19 8 0.270279

20 8 0.276465

21 8 0.28156

22 8 0.285543

23 8 0.2884

24 8 0.290119

25 8 0.290692

26 8 0.290119

27 8 0.2884

28 8 0.285543

29 8 0.28156

30 8 0.276465

31 8 0.270279

32 8 0.263026

33 8 0.254736

34 8 0.24544

35 8 0.235175

36 8 0.223982

37 8 0.211905

38 8 0.198992

39 8 0.185294

40 8 0.170865

41 8 0.155761

42 8 0.140042

43 8 0.123771

44 8 0.107011

45 8 0.0898288

46 8 0.0722922

47 8 0.0544703

48 8 0.0364334

49 8 0.0182527

50 8 0

0 9 0

1 9 0.0203014

2 9 0.0405228

3 9 0.0605842

4 9 0.0804064

5 9 0.0999114

6 9 0.119022

7 9 0.137663

8 9 0.155761

9 9 0.173244

10 9 0.190043

11 9 0.206092

12 9 0.221328

13 9 0.23569

14 9 0.249122

15 9 0.261571

16 9 0.272988

17 9 0.283328

18 9 0.292549

19 9 0.300615

20 9 0.307496

21 9 0.313162

22 9 0.317593

23 9 0.320771

24 9 0.322682

25 9 0.32332

26 9 0.322682

27 9 0.320771

28 9 0.317593

29 9 0.313162

30 9 0.307496

31 9 0.300615

32 9 0.292549

33 9 0.283328

34 9 0.272988

35 9 0.261571

36 9 0.249122

37 9 0.23569

38 9 0.221328

39 9 0.206092

40 9 0.190043

41 9 0.173244

42 9 0.155761

43 9 0.137663

44 9 0.119022

45 9 0.0999114

46 9 0.0804064

47 9 0.0605842

48 9 0.0405228

49 9 0.0203014

50 9 0

0 10 0

1 10 0.02227

2 10 0.0444522

3 10 0.0664589

4 10 0.0882034

5 10 0.1096

6 10 0.130564

7 10 0.151012

8 10 0.170865

9 10 0.190043

10 10 0.208471

11 10 0.226076

12 10 0.24279

13 10 0.258545

14 10 0.27328

15 10 0.286936

16 10 0.29946

17 10 0.310802

18 10 0.320917

19 10 0.329766

20 10 0.337313

21 10 0.343529

22 10 0.34839

23 10 0.351875

24 10 0.353972

25 10 0.354672

26 10 0.353972

27 10 0.351875

28 10 0.34839

29 10 0.343529

30 10 0.337313

31 10 0.329766

32 10 0.320917

33 10 0.310802

34 10 0.29946

35 10 0.286936

36 10 0.27328

37 10 0.258545

38 10 0.24279

39 10 0.226076

40 10 0.208471

41 10 0.190043

42 10 0.170865

43 10 0.151012

44 10 0.130564

45 10 0.1096

46 10 0.0882034

47 10 0.0664589

48 10 0.0444522

49 10 0.02227

50 10 0

0 11 0

1 11 0.0241508

2 11 0.0482062

3 11 0.0720714

4 11 0.0956522

5 11 0.118855

6 11 0.14159

7 11 0.163765

8 11 0.185294

9 11 0.206092

10 11 0.226076

11 11 0.245169

12 11 0.263293

13 11 0.280379

14 11 0.296358

15 11 0.311168

16 11 0.324749

17 11 0.337049

18 11 0.348018

19 11 0.357615

20 11 0.365799

21 11 0.372541

22 11 0.377812

23 11 0.381591

24 11 0.383865

25 11 0.384624

26 11 0.383865

27 11 0.381591

28 11 0.377812

29 11 0.372541

30 11 0.365799

31 11 0.357615

32 11 0.348018

33 11 0.337049

34 11 0.324749

35 11 0.311168

36 11 0.296358

37 11 0.280379

38 11 0.263293

39 11 0.245169

40 11 0.226076

41 11 0.206092

42 11 0.185294

43 11 0.163765

44 11 0.14159

45 11 0.118855

46 11 0.0956522

47 11 0.0720714

48 11 0.0482062

49 11 0.0241508

50 11 0

0 12 0

1 12 0.0259362

2 12 0.05177

3 12 0.0773995

4 12 0.102723

5 12 0.127642

6 12 0.152057

7 12 0.175872

8 12 0.198992

9 12 0.221328

10 12 0.24279

11 12 0.263293

12 12 0.282758

13 12 0.301107

14 12 0.318267

15 12 0.334171

16 12 0.348757

17 12 0.361966

18 12 0.373747

19 12 0.384052

20 12 0.392842

21 12 0.400082

22 12 0.405742

23 12 0.409801

24 12 0.412244

25 12 0.413059

26 12 0.412244

27 12 0.409801

28 12 0.405742

29 12 0.400082

30 12 0.392842

31 12 0.384052

32 12 0.373747

33 12 0.361966

34 12 0.348757

35 12 0.334171

36 12 0.318267

37 12 0.301107

38 12 0.282758

39 12 0.263293

40 12 0.24279

41 12 0.221328

42 12 0.198992

43 12 0.175872

44 12 0.152057

45 12 0.127642

46 12 0.102723

47 12 0.0773995

48 12 0.05177

49 12 0.0259362

50 12 0

0 13 0

1 13 0.0276192

2 13 0.0551294

3 13 0.0824221

4 13 0.109389

5 13 0.135925

6 13 0.161924

7 13 0.187284

8 13 0.211905

9 13 0.23569

10 13 0.258545

11 13 0.280379

12 13 0.301107

13 13 0.320646

14 13 0.33892

15 13 0.355856

16 13 0.371388

17 13 0.385455

18 13 0.398

19 13 0.408974

20 13 0.418334

21 13 0.426044

22 13 0.432072

23 13 0.436394

24 13 0.438995

25 13 0.439863

26 13 0.438995

27 13 0.436394

28 13 0.432072

29 13 0.426044

30 13 0.418334

31 13 0.408974

32 13 0.398

33 13 0.385455

34 13 0.371388

35 13 0.355856

36 13 0.33892

37 13 0.320646

38 13 0.301107

39 13 0.280379

40 13 0.258545

41 13 0.23569

42 13 0.211905

43 13 0.187284

44 13 0.161924

45 13 0.135925

46 13 0.109389

47 13 0.0824221

48 13 0.0551294

49 13 0.0276192

50 13 0

0 14 0

1 14 0.0291933

2 14 0.0582713

3 14 0.0871194

4 14 0.115624

5 14 0.143672

6 14 0.171152

7 14 0.197958

8 14 0.223982

9 14 0.249122

10 14 0.27328

11 14 0.296358

12 14 0.318267

13 14 0.33892

14 14 0.358235

15 14 0.376137

16 14 0.392554

17 14 0.407422

18 14 0.420682

19 14 0.432282

20 14 0.442176

21 14 0.450324

22 14 0.456696

23 14 0.461265

24 14 0.464013

25 14 0.464931

26 14 0.464013

27 14 0.461265

28 14 0.456696

29 14 0.450324

30 14 0.442176

31 14 0.432282

32 14 0.420682

33 14 0.407422

34 14 0.392554

35 14 0.376137

36 14 0.358235

37 14 0.33892

38 14 0.318267

39 14 0.296358

40 14 0.27328

41 14 0.249122

42 14 0.223982

43 14 0.197958

44 14 0.171152

45 14 0.143672

46 14 0.115624

47 14 0.0871194

48 14 0.0582713

49 14 0.0291933

50 14 0

0 15 0

1 15 0.0306521

2 15 0.0611832

3 15 0.0914729

4 15 0.121402

5 15 0.150851

6 15 0.179705

7 15 0.20785

8 15 0.235175

9 15 0.261571

10 15 0.286936

11 15 0.311168

12 15 0.334171

13 15 0.355856

14 15 0.376137

15 15 0.394933

16 15 0.412171

17 15 0.427782

18 15 0.441704

19 15 0.453884

20 15 0.464272

21 15 0.472828

22 15 0.479518

23 15 0.484315

24 15 0.487201

25 15 0.488164

26 15 0.487201

27 15 0.484315

28 15 0.479518

29 15 0.472828

30 15 0.464272

31 15 0.453884

32 15 0.441704

33 15 0.427782

34 15 0.412171

35 15 0.394933

36 15 0.376137

37 15 0.355856

38 15 0.334171

39 15 0.311168

40 15 0.286936

41 15 0.261571

42 15 0.235175

43 15 0.20785

44 15 0.179705

45 15 0.150851

46 15 0.121402

47 15 0.0914729

48 15 0.0611832

49 15 0.0306521

50 15 0

0 16 0

1 16 0.0319899

2 16 0.0638536

3 16 0.0954653

4 16 0.1267

5 16 0.157435

6 16 0.187549

7 16 0.216922

8 16 0.24544

9 16 0.272988

10 16 0.29946

11 16 0.324749

12 16 0.348757

13 16 0.371388

14 16 0.392554

15 16 0.412171

16 16 0.430161

17 16 0.446453

18 16 0.460983

19 16 0.473694

20 16 0.484536

21 16 0.493465

22 16 0.500447

23 16 0.505454

24 16 0.508466

25 16 0.509471

26 16 0.508466

27 16 0.505454

28 16 0.500447

29 16 0.493465

30 16 0.484536

31 16 0.473694

32 16 0.460983

33 16 0.446453

34 16 0.430161

35 16 0.412171

36 16 0.392554

37 16 0.371388

38 16 0.348757

39 16 0.324749

40 16 0.29946

41 16 0.272988

42 16 0.24544

43 16 0.216922

44 16 0.187549

45 16 0.157435

46 16 0.1267

47 16 0.0954653

48 16 0.0638536

49 16 0.0319899

50 16 0

0 17 0

1 17 0.0332016

2 17 0.0662721

3 17 0.0990811

4 17 0.131499

5 17 0.163398

6 17 0.194652

7 17 0.225138

8 17 0.254736

9 17 0.283328

10 17 0.310802

11 17 0.337049

12 17 0.361966

13 17 0.385455

14 17 0.407422

15 17 0.427782

16 17 0.446453

17 17 0.463362

18 17 0.478443

19 17 0.491635

20 17 0.502887

21 17 0.512155

22 17 0.519401

23 17 0.524598

24 17 0.527724

25 17 0.528767

26 17 0.527724

27 17 0.524598

28 17 0.519401

29 17 0.512155

30 17 0.502887

31 17 0.491635

32 17 0.478443

33 17 0.463362

34 17 0.446453

35 17 0.427782

36 17 0.407422

37 17 0.385455

38 17 0.361966

39 17 0.337049

40 17 0.310802

41 17 0.283328

42 17 0.254736

43 17 0.225138

44 17 0.194652

45 17 0.163398

46 17 0.131499

47 17 0.0990811

48 17 0.0662721

49 17 0.0332016

50 17 0

0 18 0

1 18 0.0342821

2 18 0.068429

3 18 0.102306

4 18 0.135779

5 18 0.168716

6 18 0.200987

7 18 0.232465

8 18 0.263026

9 18 0.292549

10 18 0.320917

11 18 0.348018

12 18 0.373747

13 18 0.398

14 18 0.420682

15 18 0.441704

16 18 0.460983

17 18 0.478443

18 18 0.494014

19 18 0.507636

20 18 0.519254

21 18 0.528824

22 18 0.536306

23 18 0.541671

24 18 0.544899

25 18 0.545976

26 18 0.544899

27 18 0.541671

28 18 0.536306

29 18 0.528824

30 18 0.519254

31 18 0.507636

32 18 0.494014

33 18 0.478443

34 18 0.460983

35 18 0.441704

36 18 0.420682

37 18 0.398

38 18 0.373747

39 18 0.348018

40 18 0.320917

41 18 0.292549

42 18 0.263026

43 18 0.232465

44 18 0.200987

45 18 0.168716

46 18 0.135779

47 18 0.102306

48 18 0.068429

49 18 0.0342821

50 18 0

0 19 0

1 19 0.0352274

2 19 0.0703158

3 19 0.105127

4 19 0.139523

5 19 0.173368

6 19 0.206529

7 19 0.238875

8 19 0.270279

9 19 0.300615

10 19 0.329766

11 19 0.357615

12 19 0.384052

13 19 0.408974

14 19 0.432282

15 19 0.453884

16 19 0.473694

17 19 0.491635

18 19 0.507636

19 19 0.521633

20 19 0.533572

21 19 0.543405

22 19 0.551094

23 19 0.556607

24 19 0.559924

25 19 0.561031

26 19 0.559924

27 19 0.556607

28 19 0.551094

29 19 0.543405

30 19 0.533572

31 19 0.521633

32 19 0.507636

33 19 0.491635

34 19 0.473694

35 19 0.453884

36 19 0.432282

37 19 0.408974

38 19 0.384052

39 19 0.357615

40 19 0.329766

41 19 0.300615

42 19 0.270279

43 19 0.238875

44 19 0.206529

45 19 0.173368

46 19 0.139523

47 19 0.105127

48 19 0.0703158

49 19 0.0352274

50 19 0

0 20 0

1 20 0.0360337

2 20 0.0719252

3 20 0.107533

4 20 0.142716

5 20 0.177336

6 20 0.211256

7 20 0.244343

8 20 0.276465

9 20 0.307496

10 20 0.337313

11 20 0.365799

12 20 0.392842

13 20 0.418334

14 20 0.442176

15 20 0.464272

16 20 0.484536

17 20 0.502887

18 20 0.519254

19 20 0.533572

20 20 0.545784

21 20 0.555842

22 20 0.563707

23 20 0.569346

24 20 0.572739

25 20 0.573871

26 20 0.572739

27 20 0.569346

28 20 0.563707

29 20 0.555842

30 20 0.545784

31 20 0.533572

32 20 0.519254

33 20 0.502887

34 20 0.484536

35 20 0.464272

36 20 0.442176

37 20 0.418334

38 20 0.392842

39 20 0.365799

40 20 0.337313

41 20 0.307496

42 20 0.276465

43 20 0.244343

44 20 0.211256

45 20 0.177336

46 20 0.142716

47 20 0.107533

48 20 0.0719252

49 20 0.0360337

50 20 0

0 21 0

1 21 0.0366977

2 21 0.0732506

3 21 0.109514

4 21 0.145346

5 21 0.180604

6 21 0.215149

7 21 0.248845

8 21 0.28156

9 21 0.313162

10 21 0.343529

11 21 0.372541

12 21 0.400082

13 21 0.426044

14 21 0.450324

15 21 0.472828

16 21 0.493465

17 21 0.512155

18 21 0.528824

19 21 0.543405

20 21 0.555842

21 21 0.566086

22 21 0.574095

23 21 0.579839

24 21 0.583294

25 21 0.584447

26 21 0.583294

27 21 0.579839

28 21 0.574095

29 21 0.566086

30 21 0.555842

31 21 0.543405

32 21 0.528824

33 21 0.512155

34 21 0.493465

35 21 0.472828

36 21 0.450324

37 21 0.426044

38 21 0.400082

39 21 0.372541

40 21 0.343529

41 21 0.313162

42 21 0.28156

43 21 0.248845

44 21 0.215149

45 21 0.180604

46 21 0.145346

47 21 0.109514

48 21 0.0732506

49 21 0.0366977

50 21 0

0 22 0

1 22 0.037217

2 22 0.074287

3 22 0.111064

4 22 0.147403

5 22 0.183159

6 22 0.218193

7 22 0.252366

8 22 0.285543

9 22 0.317593

10 22 0.34839

11 22 0.377812

12 22 0.405742

13 22 0.432072

14 22 0.456696

15 22 0.479518

16 22 0.500447

17 22 0.519401

18 22 0.536306

19 22 0.551094

20 22 0.563707

21 22 0.574095

22 22 0.582218

23 22 0.588042

24 22 0.591547

25 22 0.592716

26 22 0.591547

27 22 0.588042

28 22 0.582218

29 22 0.574095

30 22 0.563707

31 22 0.551094

32 22 0.536306

33 22 0.519401

34 22 0.500447

35 22 0.479518

36 22 0.456696

37 22 0.432072

38 22 0.405742

39 22 0.377812

40 22 0.34839

41 22 0.317593

42 22 0.285543

43 22 0.252366

44 22 0.218193

45 22 0.183159

46 22 0.147403

47 22 0.111064

48 22 0.074287

49 22 0.037217

50 22 0

0 23 0

1 23 0.0375893

2 23 0.0750303

3 23 0.112175

4 23 0.148877

5 23 0.184992

6 23 0.220376

7 23 0.254891

8 23 0.2884

9 23 0.320771

10 23 0.351875

11 23 0.381591

12 23 0.409801

13 23 0.436394

14 23 0.461265

15 23 0.484315

16 23 0.505454

17 23 0.524598

18 23 0.541671

19 23 0.556607

20 23 0.569346

21 23 0.579839

22 23 0.588042

23 23 0.593926

24 23 0.597465

25 23 0.598646

26 23 0.597465

27 23 0.593926

28 23 0.588042

29 23 0.579839

30 23 0.569346

31 23 0.556607

32 23 0.541671

33 23 0.524598

34 23 0.505454

35 23 0.484315

36 23 0.461265

37 23 0.436394

38 23 0.409801

39 23 0.381591

40 23 0.351875

41 23 0.320771

42 23 0.2884

43 23 0.254891

44 23 0.220376

45 23 0.184992

46 23 0.148877

47 23 0.112175

48 23 0.0750303

49 23 0.0375893

50 23 0

0 24 0

1 24 0.0378133

2 24 0.0754774

3 24 0.112844

4 24 0.149764

5 24 0.186094

6 24 0.22169

7 24 0.25641

8 24 0.290119

9 24 0.322682

10 24 0.353972

11 24 0.383865

12 24 0.412244

13 24 0.438995

14 24 0.464013

15 24 0.487201

16 24 0.508466

17 24 0.527724

18 24 0.544899

19 24 0.559924

20 24 0.572739

21 24 0.583294

22 24 0.591547

23 24 0.597465

24 24 0.601025

25 24 0.602214

26 24 0.601025

27 24 0.597465

28 24 0.591547

29 24 0.583294

30 24 0.572739

31 24 0.559924

32 24 0.544899

33 24 0.527724

34 24 0.508466

35 24 0.487201

36 24 0.464013

37 24 0.438995

38 24 0.412244

39 24 0.383865

40 24 0.353972

41 24 0.322682

42 24 0.290119

43 24 0.25641

44 24 0.22169

45 24 0.186094

46 24 0.149764

47 24 0.112844

48 24 0.0754774

49 24 0.0378133

50 24 0

0 25 0

1 25 0.0378881

2 25 0.0756266

3 25 0.113067

4 25 0.150061

5 25 0.186462

6 25 0.222128

7 25 0.256917

8 25 0.290692

9 25 0.32332

10 25 0.354672

11 25 0.384624

12 25 0.413059

13 25 0.439863

14 25 0.464931

15 25 0.488164

16 25 0.509471

17 25 0.528767

18 25 0.545976

19 25 0.561031

20 25 0.573871

21 25 0.584447

22 25 0.592716

23 25 0.598646

24 25 0.602214

25 25 0.603404

26 25 0.602214

27 25 0.598646

28 25 0.592716

29 25 0.584447

30 25 0.573871

31 25 0.561031

32 25 0.545976

33 25 0.528767

34 25 0.509471

35 25 0.488164

36 25 0.464931

37 25 0.439863

38 25 0.413059

39 25 0.384624

40 25 0.354672

41 25 0.32332

42 25 0.290692

43 25 0.256917

44 25 0.222128

45 25 0.186462

46 25 0.150061

47 25 0.113067

48 25 0.0756266

49 25 0.0378881

50 25 0

0 26 0

1 26 0.0378133

2 26 0.0754774

3 26 0.112844

4 26 0.149764

5 26 0.186094

6 26 0.22169

7 26 0.25641

8 26 0.290119

9 26 0.322682

10 26 0.353972

11 26 0.383865

12 26 0.412244

13 26 0.438995

14 26 0.464013

15 26 0.487201

16 26 0.508466

17 26 0.527724

18 26 0.544899

19 26 0.559924

20 26 0.572739

21 26 0.583294

22 26 0.591547

23 26 0.597465

24 26 0.601025

25 26 0.602214

26 26 0.601025

27 26 0.597465

28 26 0.591547

29 26 0.583294

30 26 0.572739

31 26 0.559924

32 26 0.544899

33 26 0.527724

34 26 0.508466

35 26 0.487201

36 26 0.464013

37 26 0.438995

38 26 0.412244

39 26 0.383865

40 26 0.353972

41 26 0.322682

42 26 0.290119

43 26 0.25641

44 26 0.22169

45 26 0.186094

46 26 0.149764

47 26 0.112844

48 26 0.0754774

49 26 0.0378133

50 26 0

0 27 0

1 27 0.0375893

2 27 0.0750303

3 27 0.112175

4 27 0.148877

5 27 0.184992

6 27 0.220376

7 27 0.254891

8 27 0.2884

9 27 0.320771

10 27 0.351875

11 27 0.381591

12 27 0.409801

13 27 0.436394

14 27 0.461265

15 27 0.484315

16 27 0.505454

17 27 0.524598

18 27 0.541671

19 27 0.556607

20 27 0.569346

21 27 0.579839

22 27 0.588042

23 27 0.593926

24 27 0.597465

25 27 0.598646

26 27 0.597465

27 27 0.593926

28 27 0.588042

29 27 0.579839

30 27 0.569346

31 27 0.556607

32 27 0.541671

33 27 0.524598

34 27 0.505454

35 27 0.484315

36 27 0.461265

37 27 0.436394

38 27 0.409801

39 27 0.381591

40 27 0.351875

41 27 0.320771

42 27 0.2884

43 27 0.254891

44 27 0.220376

45 27 0.184992

46 27 0.148877

47 27 0.112175

48 27 0.0750303

49 27 0.0375893

50 27 0

0 28 0

1 28 0.037217

2 28 0.074287

3 28 0.111064

4 28 0.147403

5 28 0.183159

6 28 0.218193

7 28 0.252366

8 28 0.285543

9 28 0.317593

10 28 0.34839

11 28 0.377812

12 28 0.405742

13 28 0.432072

14 28 0.456696

15 28 0.479518

16 28 0.500447

17 28 0.519401

18 28 0.536306

19 28 0.551094

20 28 0.563707

21 28 0.574095

22 28 0.582218

23 28 0.588042

24 28 0.591547

25 28 0.592716

26 28 0.591547

27 28 0.588042

28 28 0.582218

29 28 0.574095

30 28 0.563707

31 28 0.551094

32 28 0.536306

33 28 0.519401

34 28 0.500447

35 28 0.479518

36 28 0.456696

37 28 0.432072

38 28 0.405742

39 28 0.377812

40 28 0.34839

41 28 0.317593

42 28 0.285543

43 28 0.252366

44 28 0.218193

45 28 0.183159

46 28 0.147403

47 28 0.111064

48 28 0.074287

49 28 0.037217

50 28 0

0 29 0

1 29 0.0366977

2 29 0.0732506

3 29 0.109514

4 29 0.145346

5 29 0.180604

6 29 0.215149

7 29 0.248845

8 29 0.28156

9 29 0.313162

10 29 0.343529

11 29 0.372541

12 29 0.400082

13 29 0.426044

14 29 0.450324

15 29 0.472828

16 29 0.493465

17 29 0.512155

18 29 0.528824

19 29 0.543405

20 29 0.555842

21 29 0.566086

22 29 0.574095

23 29 0.579839

24 29 0.583294

25 29 0.584447

26 29 0.583294

27 29 0.579839

28 29 0.574095

29 29 0.566086

30 29 0.555842

31 29 0.543405

32 29 0.528824

33 29 0.512155

34 29 0.493465

35 29 0.472828

36 29 0.450324

37 29 0.426044

38 29 0.400082

39 29 0.372541

40 29 0.343529

41 29 0.313162

42 29 0.28156

43 29 0.248845

44 29 0.215149

45 29 0.180604

46 29 0.145346

47 29 0.109514

48 29 0.0732506

49 29 0.0366977

50 29 0

0 30 0

1 30 0.0360337

2 30 0.0719252

3 30 0.107533

4 30 0.142716

5 30 0.177336

6 30 0.211256

7 30 0.244343

8 30 0.276465

9 30 0.307496

10 30 0.337313

11 30 0.365799

12 30 0.392842

13 30 0.418334

14 30 0.442176

15 30 0.464272

16 30 0.484536

17 30 0.502887

18 30 0.519254

19 30 0.533572

20 30 0.545784

21 30 0.555842

22 30 0.563707

23 30 0.569346

24 30 0.572739

25 30 0.573871

26 30 0.572739

27 30 0.569346

28 30 0.563707

29 30 0.555842

30 30 0.545784

31 30 0.533572

32 30 0.519254

33 30 0.502887

34 30 0.484536

35 30 0.464272

36 30 0.442176

37 30 0.418334

38 30 0.392842

39 30 0.365799

40 30 0.337313

41 30 0.307496

42 30 0.276465

43 30 0.244343

44 30 0.211256

45 30 0.177336

46 30 0.142716

47 30 0.107533

48 30 0.0719252

49 30 0.0360337

50 30 0

0 31 0

1 31 0.0352274

2 31 0.0703158

3 31 0.105127

4 31 0.139523

5 31 0.173368

6 31 0.206529

7 31 0.238875

8 31 0.270279

9 31 0.300615

10 31 0.329766

11 31 0.357615

12 31 0.384052

13 31 0.408974

14 31 0.432282

15 31 0.453884

16 31 0.473694

17 31 0.491635

18 31 0.507636

19 31 0.521633

20 31 0.533572

21 31 0.543405

22 31 0.551094

23 31 0.556607

24 31 0.559924

25 31 0.561031

26 31 0.559924

27 31 0.556607

28 31 0.551094

29 31 0.543405

30 31 0.533572

31 31 0.521633

32 31 0.507636

33 31 0.491635

34 31 0.473694

35 31 0.453884

36 31 0.432282

37 31 0.408974

38 31 0.384052

39 31 0.357615

40 31 0.329766

41 31 0.300615

42 31 0.270279

43 31 0.238875

44 31 0.206529

45 31 0.173368

46 31 0.139523

47 31 0.105127

48 31 0.0703158

49 31 0.0352274

50 31 0

0 32 0

1 32 0.0342821

2 32 0.068429

3 32 0.102306

4 32 0.135779

5 32 0.168716

6 32 0.200987

7 32 0.232465

8 32 0.263026

9 32 0.292549

10 32 0.320917

11 32 0.348018

12 32 0.373747

13 32 0.398

14 32 0.420682

15 32 0.441704

16 32 0.460983

17 32 0.478443

18 32 0.494014

19 32 0.507636

20 32 0.519254

21 32 0.528824

22 32 0.536306

23 32 0.541671

24 32 0.544899

25 32 0.545976

26 32 0.544899

27 32 0.541671

28 32 0.536306

29 32 0.528824

30 32 0.519254

31 32 0.507636

32 32 0.494014

33 32 0.478443

34 32 0.460983

35 32 0.441704

36 32 0.420682

37 32 0.398

38 32 0.373747

39 32 0.348018

40 32 0.320917

41 32 0.292549

42 32 0.263026

43 32 0.232465

44 32 0.200987

45 32 0.168716

46 32 0.135779

47 32 0.102306

48 32 0.068429

49 32 0.0342821

50 32 0

0 33 0

1 33 0.0332016

2 33 0.0662721

3 33 0.0990811

4 33 0.131499

5 33 0.163398

6 33 0.194652

7 33 0.225138

8 33 0.254736

9 33 0.283328

10 33 0.310802

11 33 0.337049

12 33 0.361966

13 33 0.385455

14 33 0.407422

15 33 0.427782

16 33 0.446453

17 33 0.463362

18 33 0.478443

19 33 0.491635

20 33 0.502887

21 33 0.512155

22 33 0.519401

23 33 0.524598

24 33 0.527724

25 33 0.528767

26 33 0.527724

27 33 0.524598

28 33 0.519401

29 33 0.512155

30 33 0.502887

31 33 0.491635

32 33 0.478443

33 33 0.463362

34 33 0.446453

35 33 0.427782

36 33 0.407422

37 33 0.385455

38 33 0.361966

39 33 0.337049

40 33 0.310802

41 33 0.283328

42 33 0.254736

43 33 0.225138

44 33 0.194652

45 33 0.163398

46 33 0.131499

47 33 0.0990811

48 33 0.0662721

49 33 0.0332016

50 33 0

0 34 0

1 34 0.0319899

2 34 0.0638536

3 34 0.0954653

4 34 0.1267

5 34 0.157435

6 34 0.187549

7 34 0.216922

8 34 0.24544

9 34 0.272988

10 34 0.29946

11 34 0.324749

12 34 0.348757

13 34 0.371388

14 34 0.392554

15 34 0.412171

16 34 0.430161

17 34 0.446453

18 34 0.460983

19 34 0.473694

20 34 0.484536

21 34 0.493465

22 34 0.500447

23 34 0.505454

24 34 0.508466

25 34 0.509471

26 34 0.508466

27 34 0.505454

28 34 0.500447

29 34 0.493465

30 34 0.484536

31 34 0.473694

32 34 0.460983

33 34 0.446453

34 34 0.430161

35 34 0.412171

36 34 0.392554

37 34 0.371388

38 34 0.348757

39 34 0.324749

40 34 0.29946

41 34 0.272988

42 34 0.24544

43 34 0.216922

44 34 0.187549

45 34 0.157435

46 34 0.1267

47 34 0.0954653

48 34 0.0638536

49 34 0.0319899

50 34 0

0 35 0

1 35 0.0306521

2 35 0.0611832

3 35 0.0914729

4 35 0.121402

5 35 0.150851

6 35 0.179705

7 35 0.20785

8 35 0.235175

9 35 0.261571

10 35 0.286936

11 35 0.311168

12 35 0.334171

13 35 0.355856

14 35 0.376137

15 35 0.394933

16 35 0.412171

17 35 0.427782

18 35 0.441704

19 35 0.453884

20 35 0.464272

21 35 0.472828

22 35 0.479518

23 35 0.484315

24 35 0.487201

25 35 0.488164

26 35 0.487201

27 35 0.484315

28 35 0.479518

29 35 0.472828

30 35 0.464272

31 35 0.453884

32 35 0.441704

33 35 0.427782

34 35 0.412171

35 35 0.394933

36 35 0.376137

37 35 0.355856

38 35 0.334171

39 35 0.311168

40 35 0.286936

41 35 0.261571

42 35 0.235175

43 35 0.20785

44 35 0.179705

45 35 0.150851

46 35 0.121402

47 35 0.0914729

48 35 0.0611832

49 35 0.0306521

50 35 0

0 36 0

1 36 0.0291933

2 36 0.0582713

3 36 0.0871194

4 36 0.115624

5 36 0.143672

6 36 0.171152

7 36 0.197958

8 36 0.223982

9 36 0.249122

10 36 0.27328

11 36 0.296358

12 36 0.318267

13 36 0.33892

14 36 0.358235

15 36 0.376137

16 36 0.392554

17 36 0.407422

18 36 0.420682

19 36 0.432282

20 36 0.442176

21 36 0.450324

22 36 0.456696

23 36 0.461265

24 36 0.464013

25 36 0.464931

26 36 0.464013

27 36 0.461265

28 36 0.456696

29 36 0.450324

30 36 0.442176

31 36 0.432282

32 36 0.420682

33 36 0.407422

34 36 0.392554

35 36 0.376137

36 36 0.358235

37 36 0.33892

38 36 0.318267

39 36 0.296358

40 36 0.27328

41 36 0.249122

42 36 0.223982

43 36 0.197958

44 36 0.171152

45 36 0.143672

46 36 0.115624

47 36 0.0871194

48 36 0.0582713

49 36 0.0291933

50 36 0

0 37 0

1 37 0.0276192

2 37 0.0551294

3 37 0.0824221

4 37 0.109389

5 37 0.135925

6 37 0.161924

7 37 0.187284

8 37 0.211905

9 37 0.23569

10 37 0.258545

11 37 0.280379

12 37 0.301107

13 37 0.320646

14 37 0.33892

15 37 0.355856

16 37 0.371388

17 37 0.385455

18 37 0.398

19 37 0.408974

20 37 0.418334

21 37 0.426044

22 37 0.432072

23 37 0.436394

24 37 0.438995

25 37 0.439863

26 37 0.438995

27 37 0.436394

28 37 0.432072

29 37 0.426044

30 37 0.418334

31 37 0.408974

32 37 0.398

33 37 0.385455

34 37 0.371388

35 37 0.355856

36 37 0.33892

37 37 0.320646

38 37 0.301107

39 37 0.280379

40 37 0.258545

41 37 0.23569

42 37 0.211905

43 37 0.187284

44 37 0.161924

45 37 0.135925

46 37 0.109389

47 37 0.0824221

48 37 0.0551294

49 37 0.0276192

50 37 0

0 38 0

1 38 0.0259362

2 38 0.05177

3 38 0.0773995

4 38 0.102723

5 38 0.127642

6 38 0.152057

7 38 0.175872

8 38 0.198992

9 38 0.221328

10 38 0.24279

11 38 0.263293

12 38 0.282758

13 38 0.301107

14 38 0.318267

15 38 0.334171

16 38 0.348757

17 38 0.361966

18 38 0.373747

19 38 0.384052

20 38 0.392842

21 38 0.400082

22 38 0.405742

23 38 0.409801

24 38 0.412244

25 38 0.413059

26 38 0.412244

27 38 0.409801

28 38 0.405742

29 38 0.400082

30 38 0.392842

31 38 0.384052

32 38 0.373747

33 38 0.361966

34 38 0.348757

35 38 0.334171

36 38 0.318267

37 38 0.301107

38 38 0.282758

39 38 0.263293

40 38 0.24279

41 38 0.221328

42 38 0.198992

43 38 0.175872

44 38 0.152057

45 38 0.127642

46 38 0.102723

47 38 0.0773995

48 38 0.05177

49 38 0.0259362

50 38 0

0 39 0

1 39 0.0241508

2 39 0.0482062

3 39 0.0720714

4 39 0.0956522

5 39 0.118855

6 39 0.14159

7 39 0.163765

8 39 0.185294

9 39 0.206092

10 39 0.226076

11 39 0.245169

12 39 0.263293

13 39 0.280379

14 39 0.296358

15 39 0.311168

16 39 0.324749

17 39 0.337049

18 39 0.348018

19 39 0.357615

20 39 0.365799

21 39 0.372541

22 39 0.377812

23 39 0.381591

24 39 0.383865

25 39 0.384624

26 39 0.383865

27 39 0.381591

28 39 0.377812

29 39 0.372541

30 39 0.365799

31 39 0.357615

32 39 0.348018

33 39 0.337049

34 39 0.324749

35 39 0.311168

36 39 0.296358

37 39 0.280379

38 39 0.263293

39 39 0.245169

40 39 0.226076

41 39 0.206092

42 39 0.185294

43 39 0.163765

44 39 0.14159

45 39 0.118855

46 39 0.0956522

47 39 0.0720714

48 39 0.0482062

49 39 0.0241508

50 39 0

0 40 0

1 40 0.02227

2 40 0.0444522

3 40 0.0664589

4 40 0.0882034

5 40 0.1096

6 40 0.130564

7 40 0.151012

8 40 0.170865

9 40 0.190043

10 40 0.208471

11 40 0.226076

12 40 0.24279

13 40 0.258545

14 40 0.27328

15 40 0.286936

16 40 0.29946

17 40 0.310802

18 40 0.320917

19 40 0.329766

20 40 0.337313

21 40 0.343529

22 40 0.34839

23 40 0.351875

24 40 0.353972

25 40 0.354672

26 40 0.353972

27 40 0.351875

28 40 0.34839

29 40 0.343529

30 40 0.337313

31 40 0.329766

32 40 0.320917

33 40 0.310802

34 40 0.29946

35 40 0.286936

36 40 0.27328

37 40 0.258545

38 40 0.24279

39 40 0.226076

40 40 0.208471

41 40 0.190043

42 40 0.170865

43 40 0.151012

44 40 0.130564

45 40 0.1096

46 40 0.0882034

47 40 0.0664589

48 40 0.0444522

49 40 0.02227

50 40 0

0 41 0

1 41 0.0203014

2 41 0.0405228

3 41 0.0605842

4 41 0.0804064

5 41 0.0999114

6 41 0.119022

7 41 0.137663

8 41 0.155761

9 41 0.173244

10 41 0.190043

11 41 0.206092

12 41 0.221328

13 41 0.23569

14 41 0.249122

15 41 0.261571

16 41 0.272988

17 41 0.283328

18 41 0.292549

19 41 0.300615

20 41 0.307496

21 41 0.313162

22 41 0.317593

23 41 0.320771

24 41 0.322682

25 41 0.32332

26 41 0.322682

27 41 0.320771

28 41 0.317593

29 41 0.313162

30 41 0.307496

31 41 0.300615

32 41 0.292549

33 41 0.283328

34 41 0.272988

35 41 0.261571

36 41 0.249122

37 41 0.23569

38 41 0.221328

39 41 0.206092

40 41 0.190043

41 41 0.173244

42 41 0.155761

43 41 0.137663

44 41 0.119022

45 41 0.0999114

46 41 0.0804064

47 41 0.0605842

48 41 0.0405228

49 41 0.0203014

50 41 0

0 42 0

1 42 0.0182527

2 42 0.0364334

3 42 0.0544703

4 42 0.0722922

5 42 0.0898288

6 42 0.107011

7 42 0.123771

8 42 0.140042

9 42 0.155761

10 42 0.170865

11 42 0.185294

12 42 0.198992

13 42 0.211905

14 42 0.223982

15 42 0.235175

16 42 0.24544

17 42 0.254736

18 42 0.263026

19 42 0.270279

20 42 0.276465

21 42 0.28156

22 42 0.285543

23 42 0.2884

24 42 0.290119

25 42 0.290692

26 42 0.290119

27 42 0.2884

28 42 0.285543

29 42 0.28156

30 42 0.276465

31 42 0.270279

32 42 0.263026

33 42 0.254736

34 42 0.24544

35 42 0.235175

36 42 0.223982

37 42 0.211905

38 42 0.198992

39 42 0.185294

40 42 0.170865

41 42 0.155761

42 42 0.140042

43 42 0.123771

44 42 0.107011

45 42 0.0898288

46 42 0.0722922

47 42 0.0544703

48 42 0.0364334

49 42 0.0182527

50 42 0

0 43 0

1 43 0.016132

2 43 0.0322002

3 43 0.0481414

4 43 0.0638927

5 43 0.0793917

6 43 0.0945775

7 43 0.10939

8 43 0.123771

9 43 0.137663

10 43 0.151012

11 43 0.163765

12 43 0.175872

13 43 0.187284

14 43 0.197958

15 43 0.20785

16 43 0.216922

17 43 0.225138

18 43 0.232465

19 43 0.238875

20 43 0.244343

21 43 0.248845

22 43 0.252366

23 43 0.254891

24 43 0.25641

25 43 0.256917

26 43 0.25641

27 43 0.254891

28 43 0.252366

29 43 0.248845

30 43 0.244343

31 43 0.238875

32 43 0.232465

33 43 0.225138

34 43 0.216922

35 43 0.20785

36 43 0.197958

37 43 0.187284

38 43 0.175872

39 43 0.163765

40 43 0.151012

41 43 0.137663

42 43 0.123771

43 43 0.10939

44 43 0.0945775

45 43 0.0793917

46 43 0.0638927

47 43 0.0481414

48 43 0.0322002

49 43 0.016132

50 43 0

0 44 0

1 44 0.0139475

2 44 0.02784

3 44 0.0416226

4 44 0.055241

5 44 0.0686413

6 44 0.0817707

7 44 0.0945775

8 44 0.107011

9 44 0.119022

10 44 0.130564

11 44 0.14159

12 44 0.152057

13 44 0.161924

14 44 0.171152

15 44 0.179705

16 44 0.187549

17 44 0.194652

18 44 0.200987

19 44 0.206529

20 44 0.211256

21 44 0.215149

22 44 0.218193

23 44 0.220376

24 44 0.22169

25 44 0.222128

26 44 0.22169

27 44 0.220376

28 44 0.218193

29 44 0.215149

30 44 0.211256

31 44 0.206529

32 44 0.200987

33 44 0.194652

34 44 0.187549

35 44 0.179705

36 44 0.171152

37 44 0.161924

38 44 0.152057

39 44 0.14159

40 44 0.130564

41 44 0.119022

42 44 0.107011

43 44 0.0945775

44 44 0.0817707

45 44 0.0686413

46 44 0.055241

47 44 0.0416226

48 44 0.02784

49 44 0.0139475

50 44 0

0 45 0

1 45 0.0117081

2 45 0.0233699

3 45 0.0349395

4 45 0.0463713

5 45 0.05762

6 45 0.0686413

7 45 0.0793917

8 45 0.0898288

9 45 0.0999114

10 45 0.1096

11 45 0.118855

12 45 0.127642

13 45 0.135925

14 45 0.143672

15 45 0.150851

16 45 0.157435

17 45 0.163398

18 45 0.168716

19 45 0.173368

20 45 0.177336

21 45 0.180604

22 45 0.183159

23 45 0.184992

24 45 0.186094

25 45 0.186462

26 45 0.186094

27 45 0.184992

28 45 0.183159

29 45 0.180604

30 45 0.177336

31 45 0.173368

32 45 0.168716

33 45 0.163398

34 45 0.157435

35 45 0.150851

36 45 0.143672

37 45 0.135925

38 45 0.127642

39 45 0.118855

40 45 0.1096

41 45 0.0999114

42 45 0.0898288

43 45 0.0793917

44 45 0.0686413

45 45 0.05762

46 45 0.0463713

47 45 0.0349395

48 45 0.0233699

49 45 0.0117081

50 45 0

0 46 0

1 46 0.00942238

2 46 0.0188076

3 46 0.0281185

4 46 0.0373185

5 46 0.0463713

6 46 0.055241

7 46 0.0638927

8 46 0.0722922

9 46 0.0804064

10 46 0.0882034

11 46 0.0956522

12 46 0.102723

13 46 0.109389

14 46 0.115624

15 46 0.121402

16 46 0.1267

17 46 0.131499

18 46 0.135779

19 46 0.139523

20 46 0.142716

21 46 0.145346

22 46 0.147403

23 46 0.148877

24 46 0.149764

25 46 0.150061

26 46 0.149764

27 46 0.148877

28 46 0.147403

29 46 0.145346

30 46 0.142716

31 46 0.139523

32 46 0.135779

33 46 0.131499

34 46 0.1267

35 46 0.121402

36 46 0.115624

37 46 0.109389

38 46 0.102723

39 46 0.0956522

40 46 0.0882034

41 46 0.0804064

42 46 0.0722922

43 46 0.0638927

44 46 0.055241

45 46 0.0463713

46 46 0.0373185

47 46 0.0281185

48 46 0.0188076

49 46 0.00942238

50 46 0

0 47 0

1 47 0.00709951

2 47 0.014171

3 47 0.0211866

4 47 0.0281185

5 47 0.0349395

6 47 0.0416226

7 47 0.0481414

8 47 0.0544703

9 47 0.0605842

10 47 0.0664589

11 47 0.0720714

12 47 0.0773995

13 47 0.0824221

14 47 0.0871194

15 47 0.0914729

16 47 0.0954653

17 47 0.0990811

18 47 0.102306

19 47 0.105127

20 47 0.107533

21 47 0.109514

22 47 0.111064

23 47 0.112175

24 47 0.112844

25 47 0.113067

26 47 0.112844

27 47 0.112175

28 47 0.111064

29 47 0.109514

30 47 0.107533

31 47 0.105127

32 47 0.102306

33 47 0.0990811

34 47 0.0954653

35 47 0.0914729

36 47 0.0871194

37 47 0.0824221

38 47 0.0773995

39 47 0.0720714

40 47 0.0664589

41 47 0.0605842

42 47 0.0544703

43 47 0.0481414

44 47 0.0416226

45 47 0.0349395

46 47 0.0281185

47 47 0.0211866

48 47 0.014171

49 47 0.00709951

50 47 0

0 48 0

1 48 0.00474863

2 48 0.00947853

3 48 0.014171

4 48 0.0188076

5 48 0.0233699

6 48 0.02784

7 48 0.0322002

8 48 0.0364334

9 48 0.0405228

10 48 0.0444522

11 48 0.0482062

12 48 0.05177

13 48 0.0551294

14 48 0.0582713

15 48 0.0611832

16 48 0.0638536

17 48 0.0662721

18 48 0.068429

19 48 0.0703158

20 48 0.0719252

21 48 0.0732506

22 48 0.074287

23 48 0.0750303

24 48 0.0754774

25 48 0.0756266

26 48 0.0754774

27 48 0.0750303

28 48 0.074287

29 48 0.0732506

30 48 0.0719252

31 48 0.0703158

32 48 0.068429

33 48 0.0662721

34 48 0.0638536

35 48 0.0611832

36 48 0.0582713

37 48 0.0551294

38 48 0.05177

39 48 0.0482062

40 48 0.0444522

41 48 0.0405228

42 48 0.0364334

43 48 0.0322002

44 48 0.02784

45 48 0.0233699

46 48 0.0188076

47 48 0.014171

48 48 0.00947853

49 48 0.00474863

50 48 0

0 49 0

1 49 0.00237901

2 49 0.00474863

3 49 0.00709951

4 49 0.00942238

5 49 0.0117081

6 49 0.0139475

7 49 0.016132

8 49 0.0182527

9 49 0.0203014

10 49 0.02227

11 49 0.0241508

12 49 0.0259362

13 49 0.0276192

14 49 0.0291933

15 49 0.0306521

16 49 0.0319899

17 49 0.0332016

18 49 0.0342821

19 49 0.0352274

20 49 0.0360337

21 49 0.0366977

22 49 0.037217

23 49 0.0375893

24 49 0.0378133

25 49 0.0378881

26 49 0.0378133

27 49 0.0375893

28 49 0.037217

29 49 0.0366977

30 49 0.0360337

31 49 0.0352274

32 49 0.0342821

33 49 0.0332016

34 49 0.0319899

35 49 0.0306521

36 49 0.0291933

37 49 0.0276192

38 49 0.0259362

39 49 0.0241508

40 49 0.02227

41 49 0.0203014

42 49 0.0182527

43 49 0.016132

44 49 0.0139475

45 49 0.0117081

46 49 0.00942238

47 49 0.00709951

48 49 0.00474863

49 49 0.00237901

50 49 0

