0 1 0

1 1 0.00234175

2 1 0.00467426

3 1 0.00698832

4 1 0.0092748

5 1 0.0115247

6 1 0.0137291

7 1 0.0158793

8 1 0.0179668

9 1 0.0199835

10 1 0.0219212

11 1 0.0237725

12 1 0.0255299

13 1 0.0271866

14 1 0.028736

15 1 0.030172

16 1 0.0314889

17 1 0.0326815

18 1 0.0337452

19 1 0.0346757

20 1 0.0354693

21 1 0.036123

22 1 0.036634

23 1 0.0370006

24 1 0.037221

25 1 0.0372946

26 1 0.037221

27 1 0.0370006

28 1 0.036634

29 1 0.036123

30 1 0.0354693

31 1 0.0346757

32 1 0.0337452

33 1 0.0326815

34 1 0.0314889

35 1 0.030172

36 1 0.028736

37 1 0.0271866

38 1 0.0255299

39 1 0.0237725

40 1 0.0219212

41 1 0.0199835

42 1 0.0179668

43 1 0.0158793

44 1 0.0137291

45 1 0.0115247

46 1 0.0092748

47 1 0.00698832

48 1 0.00467426

49 1 0.00234175

50 1 0

0 2 0

1 2 0.00467426

2 2 0.00933007

3 2 0.0139491

4 2 0.018513

5 2 0.0230039

6 2 0.027404

7 2 0.0316959

8 2 0.0358628

9 2 0.0398881

10 2 0.043756

11 2 0.0474512

12 2 0.0509591

13 2 0.054266

14 2 0.0573586

15 2 0.0602249

16 2 0.0628535

17 2 0.0652341

18 2 0.0673572

19 2 0.0692145

20 2 0.0707986

21 2 0.0721034

22 2 0.0731235

23 2 0.0738551

24 2 0.0742952

25 2 0.0744421

26 2 0.0742952

27 2 0.0738551

28 2 0.0731235

29 2 0.0721034

30 2 0.0707986

31 2 0.0692145

32 2 0.0673572

33 2 0.0652341

34 2 0.0628535

35 2 0.0602249

36 2 0.0573586

37 2 0.054266

38 2 0.0509591

39 2 0.0474512

40 2 0.043756

41 2 0.0398881

42 2 0.0358628

43 2 0.0316959

44 2 0.027404

45 2 0.0230039

46 2 0.018513

47 2 0.0139491

48 2 0.00933007

49 2 0.00467426

50 2 0

0 3 0

1 3 0.00698832

2 3 0.0139491

3 3 0.0208547

4 3 0.0276781

5 3 0.0343923

6 3 0.0409707

7 3 0.0473874

8 3 0.0536171

9 3 0.0596352

10 3 0.065418

11 3 0.0709426

12 3 0.0761872

13 3 0.0811311

14 3 0.0857549

15 3 0.0900402

16 3 0.0939701

17 3 0.0975292

18 3 0.100703

19 3 0.10348

20 3 0.105849

21 3 0.107799

22 3 0.109324

23 3 0.110418

24 3 0.111076

25 3 0.111296

26 3 0.111076

27 3 0.110418

28 3 0.109324

29 3 0.107799

30 3 0.105849

31 3 0.10348

32 3 0.100703

33 3 0.0975292

34 3 0.0939701

35 3 0.0900402

36 3 0.0857549

37 3 0.0811311

38 3 0.0761872

39 3 0.0709426

40 3 0.065418

41 3 0.0596352

42 3 0.0536171

43 3 0.0473874

44 3 0.0409707

45 3 0.0343923

46 3 0.0276781

47 3 0.0208547

48 3 0.0139491

49 3 0.00698832

50 3 0

0 4 0

1 4 0.0092748

2 4 0.018513

3 4 0.0276781

4 4 0.036734

5 4 0.045645

6 4 0.0543757

7 4 0.0628919

8 4 0.0711599

9 4 0.0791471

10 4 0.0868219

11 4 0.094154

12 4 0.101115

13 4 0.107676

14 4 0.113813

15 4 0.1195

16 4 0.124716

17 4 0.129439

18 4 0.133652

19 4 0.137337

20 4 0.140481

21 4 0.14307

22 4 0.145094

23 4 0.146545

24 4 0.147419

25 4 0.14771

26 4 0.147419

27 4 0.146545

28 4 0.145094

29 4 0.14307

30 4 0.140481

31 4 0.137337

32 4 0.133652

33 4 0.129439

34 4 0.124716

35 4 0.1195

36 4 0.113813

37 4 0.107676

38 4 0.101115

39 4 0.094154

40 4 0.0868219

41 4 0.0791471

42 4 0.0711599

43 4 0.0628919

44 4 0.0543757

45 4 0.045645

46 4 0.036734

47 4 0.0276781

48 4 0.018513

49 4 0.0092748

50 4 0

0 5 0

1 5 0.0115247

2 5 0.0230039

3 5 0.0343923

4 5 0.045645

5 5 0.0567175

6 5 0.0675662

7 5 0.0781482

8 5 0.0884219

9 5 0.0983465

10 5 0.107883

11 5 0.116994

12 5 0.125643

13 5 0.133796

14 5 0.141421

15 5 0.148488

16 5 0.154969

17 5 0.160839

18 5 0.166073

19 5 0.170653

20 5 0.174559

21 5 0.177775

22 5 0.180291

23 5 0.182094

24 5 0.183179

25 5 0.183542

26 5 0.183179

27 5 0.182094

28 5 0.180291

29 5 0.177775

30 5 0.174559

31 5 0.170653

32 5 0.166073

33 5 0.160839

34 5 0.154969

35 5 0.148488

36 5 0.141421

37 5 0.133796

38 5 0.125643

39 5 0.116994

40 5 0.107883

41 5 0.0983465

42 5 0.0884219

43 5 0.0781482

44 5 0.0675662

45 5 0.0567175

46 5 0.045645

47 5 0.0343923

48 5 0.0230039

49 5 0.0115247

50 5 0

0 6 0

1 6 0.0137291

2 6 0.027404

3 6 0.0409707

4 6 0.0543757

5 6 0.0675662

6 6 0.08049

7 6 0.0930961

8 6 0.105335

9 6 0.117158

10 6 0.128519

11 6 0.139372

12 6 0.149675

13 6 0.159388

14 6 0.168472

15 6 0.176891

16 6 0.184611

17 6 0.191603

18 6 0.197839

19 6 0.203295

20 6 0.207947

21 6 0.21178

22 6 0.214776

23 6 0.216925

24 6 0.218217

25 6 0.218649

26 6 0.218217

27 6 0.216925

28 6 0.214776

29 6 0.21178

30 6 0.207947

31 6 0.203295

32 6 0.197839

33 6 0.191603

34 6 0.184611

35 6 0.176891

36 6 0.168472

37 6 0.159388

38 6 0.149675

39 6 0.139372

40 6 0.128519

41 6 0.117158

42 6 0.105335

43 6 0.0930961

44 6 0.08049

45 6 0.0675662

46 6 0.0543757

47 6 0.0409707

48 6 0.027404

49 6 0.0137291

50 6 0

0 7 0

1 7 0.0158793

2 7 0.0316959

3 7 0.0473874

4 7 0.0628919

5 7 0.0781482

6 7 0.0930961

7 7 0.107677

8 7 0.121832

9 7 0.135507

10 7 0.148647

11 7 0.1612

12 7 0.173117

13 7 0.184351

14 7 0.194857

15 7 0.204595

16 7 0.213525

17 7 0.221612

18 7 0.228824

19 7 0.235134

20 7 0.240516

21 7 0.244948

22 7 0.248414

23 7 0.250899

24 7 0.252394

25 7 0.252893

26 7 0.252394

27 7 0.250899

28 7 0.248414

29 7 0.244948

30 7 0.240516

31 7 0.235134

32 7 0.228824

33 7 0.221612

34 7 0.213525

35 7 0.204595

36 7 0.194857

37 7 0.184351

38 7 0.173117

39 7 0.1612

40 7 0.148647

41 7 0.135507

42 7 0.121832

43 7 0.107677

44 7 0.0930961

45 7 0.0781482

46 7 0.0628919

47 7 0.0473874

48 7 0.0316959

49 7 0.0158793

50 7 0

0 8 0

1 8 0.0179668

2 8 0.0358628

3 8 0.0536171

4 8 0.0711599

5 8 0.0884219

6 8 0.105335

7 8 0.121832

8 8 0.137849

9 8 0.153321

10 8 0.168188

11 8 0.182392

12 8 0.195876

13 8 0.208587

14 8 0.220474

15 8 0.231491

16 8 0.241595

17 8 0.250746

18 8 0.258906

19 8 0.266046

20 8 0.272135

21 8 0.27715

22 8 0.281071

23 8 0.283883

24 8 0.285575

25 8 0.286139

26 8 0.285575

27 8 0.283883

28 8 0.281071

29 8 0.27715

30 8 0.272135

31 8 0.266046

32 8 0.258906

33 8 0.250746

34 8 0.241595

35 8 0.231491

36 8 0.220474

37 8 0.208587

38 8 0.195876

39 8 0.182392

40 8 0.168188

41 8 0.153321

42 8 0.137849

43 8 0.121832

44 8 0.105335

45 8 0.0884219

46 8 0.0711599

47 8 0.0536171

48 8 0.0358628

49 8 0.0179668

50 8 0

0 9 0

1 9 0.0199835

2 9 0.0398881

3 9 0.0596352

4 9 0.0791471

5 9 0.0983465

6 9 0.117158

7 9 0.135507

8 9 0.153321

9 9 0.17053

10 9 0.187066

11 9 0.202864

12 9 0.217861

13 9 0.231999

14 9 0.245221

15 9 0.257475

16 9 0.268713

17 9 0.27889

18 9 0.287967

19 9 0.295907

20 9 0.30268

21 9 0.308258

22 9 0.312619

23 9 0.315747

24 9 0.317628

25 9 0.318256

26 9 0.317628

27 9 0.315747

28 9 0.312619

29 9 0.308258

30 9 0.30268

31 9 0.295907

32 9 0.287967

33 9 0.27889

34 9 0.268713

35 9 0.257475

36 9 0.245221

37 9 0.231999

38 9 0.217861

39 9 0.202864

40 9 0.187066

41 9 0.17053

42 9 0.153321

43 9 0.135507

44 9 0.117158

45 9 0.0983465

46 9 0.0791471

47 9 0.0596352

48 9 0.0398881

49 9 0.0199835

50 9 0

0 10 0

1 10 0.0219212

2 10 0.043756

3 10 0.065418

4 10 0.0868219

5 10 0.107883

6 10 0.128519

7 10 0.148647

8 10 0.168188

9 10 0.187066

10 10 0.205206

11 10 0.222536

12 10 0.238987

13 10 0.254495

14 10 0.268999

15 10 0.282442

16 10 0.294769

17 10 0.305934

18 10 0.315891

19 10 0.324601

20 10 0.33203

21 10 0.338149

22 10 0.342933

23 10 0.346364

24 10 0.348428

25 10 0.349117

26 10 0.348428

27 10 0.346364

28 10 0.342933

29 10 0.338149

30 10 0.33203

31 10 0.324601

32 10 0.315891

33 10 0.305934

34 10 0.294769

35 10 0.282442

36 10 0.268999

37 10 0.254495

38 10 0.238987

39 10 0.222536

40 10 0.205206

41 10 0.187066

42 10 0.168188

43 10 0.148647

44 10 0.128519

45 10 0.107883

46 10 0.0868219

47 10 0.065418

48 10 0.043756

49 10 0.0219212

50 10 0

0 11 0

1 11 0.0237725

2 11 0.0474512

3 11 0.0709426

4 11 0.094154

5 11 0.116994

6 11 0.139372

7 11 0.1612

8 11 0.182392

9 11 0.202864

10 11 0.222536

11 11 0.241329

12 11 0.25917

13 11 0.275988

14 11 0.291716

15 11 0.306294

16 11 0.319663

17 11 0.33177

18 11 0.342568

19 11 0.352013

20 11 0.36007

21 11 0.366706

22 11 0.371894

23 11 0.375615

24 11 0.377853

25 11 0.3786

26 11 0.377853

27 11 0.375615

28 11 0.371894

29 11 0.366706

30 11 0.36007

31 11 0.352013

32 11 0.342568

33 11 0.33177

34 11 0.319663

35 11 0.306294

36 11 0.291716

37 11 0.275988

38 11 0.25917

39 11 0.241329

40 11 0.222536

41 11 0.202864

42 11 0.182392

43 11 0.1612

44 11 0.139372

45 11 0.116994

46 11 0.094154

47 11 0.0709426

48 11 0.0474512

49 11 0.0237725

50 11 0

0 12 0

1 12 0.0255299

2 12 0.0509591

3 12 0.0761872

4 12 0.101115

5 12 0.125643

6 12 0.149675

7 12 0.173117

8 12 0.195876

9 12 0.217861

10 12 0.238987

11 12 0.25917

12 12 0.278329

13 12 0.296391

14 12 0.313282

15 12 0.328937

16 12 0.343294

17 12 0.356297

18 12 0.367893

19 12 0.378037

20 12 0.386689

21 12 0.393815

22 12 0.399387

23 12 0.403383

24 12 0.405787

25 12 0.406589

26 12 0.405787

27 12 0.403383

28 12 0.399387

29 12 0.393815

30 12 0.386689

31 12 0.378037

32 12 0.367893

33 12 0.356297

34 12 0.343294

35 12 0.328937

36 12 0.313282

37 12 0.296391

38 12 0.278329

39 12 0.25917

40 12 0.238987

41 12 0.217861

42 12 0.195876

43 12 0.173117

44 12 0.149675

45 12 0.125643

46 12 0.101115

47 12 0.0761872

48 12 0.0509591

49 12 0.0255299

50 12 0

0 13 0

1 13 0.0271866

2 13 0.054266

3 13 0.0811311

4 13 0.107676

5 13 0.133796

6 13 0.159388

7 13 0.184351

8 13 0.208587

9 13 0.231999

10 13 0.254495

11 13 0.275988

12 13 0.296391

13 13 0.315624

14 13 0.333612

15 13 0.350283

16 13 0.365571

17 13 0.379417

18 13 0.391766

19 13 0.402568

20 13 0.411782

21 13 0.419371

22 13 0.425304

23 13 0.429559

24 13 0.432119

25 13 0.432973

26 13 0.432119

27 13 0.429559

28 13 0.425304

29 13 0.419371

30 13 0.411782

31 13 0.402568

32 13 0.391766

33 13 0.379417

34 13 0.365571

35 13 0.350283

36 13 0.333612

37 13 0.315624

38 13 0.296391

39 13 0.275988

40 13 0.254495

41 13 0.231999

42 13 0.208587

43 13 0.184351

44 13 0.159388

45 13 0.133796

46 13 0.107676

47 13 0.0811311

48 13 0.054266

49 13 0.0271866

50 13 0

0 14 0

1 14 0.028736

2 14 0.0573586

3 14 0.0857549

4 14 0.113813

5 14 0.141421

6 14 0.168472

7 14 0.194857

8 14 0.220474

9 14 0.245221

10 14 0.268999

11 14 0.291716

12 14 0.313282

13 14 0.333612

14 14 0.352625

15 14 0.370246

16 14 0.386406

17 14 0.401041

18 14 0.414093

19 14 0.425511

20 14 0.43525

21 14 0.443271

22 14 0.449543

23 14 0.45404

24 14 0.456746

25 14 0.457649

26 14 0.456746

27 14 0.45404

28 14 0.449543

29 14 0.443271

30 14 0.43525

31 14 0.425511

32 14 0.414093

33 14 0.401041

34 14 0.386406

35 14 0.370246

36 14 0.352625

37 14 0.333612

38 14 0.313282

39 14 0.291716

40 14 0.268999

41 14 0.245221

42 14 0.220474

43 14 0.194857

44 14 0.168472

45 14 0.141421

46 14 0.113813

47 14 0.0857549

48 14 0.0573586

49 14 0.028736

50 14 0

0 15 0

1 15 0.030172

2 15 0.0602249

3 15 0.0900402

4 15 0.1195

5 15 0.148488

6 15 0.176891

7 15 0.204595

8 15 0.231491

9 15 0.257475

10 15 0.282442

11 15 0.306294

12 15 0.328937

13 15 0.350283

14 15 0.370246

15 15 0.388748

16 15 0.405715

17 15 0.421081

18 15 0.434786

19 15 0.446775

20 15 0.457

21 15 0.465422

22 15 0.472007

23 15 0.476729

24 15 0.47957

25 15 0.480518

26 15 0.47957

27 15 0.476729

28 15 0.472007

29 15 0.465422

30 15 0.457

31 15 0.446775

32 15 0.434786

33 15 0.421081

34 15 0.405715

35 15 0.388748

36 15 0.370246

37 15 0.350283

38 15 0.328937

39 15 0.306294

40 15 0.282442

41 15 0.257475

42 15 0.231491

43 15 0.204595

44 15 0.176891

45 15 0.148488

46 15 0.1195

47 15 0.0900402

48 15 0.0602249

49 15 0.030172

50 15 0

0 16 0

1 16 0.0314889

2 16 0.0628535

3 16 0.0939701

4 16 0.124716

5 16 0.154969

6 16 0.184611

7 16 0.213525

8 16 0.241595

9 16 0.268713

10 16 0.294769

11 16 0.319663

12 16 0.343294

13 16 0.365571

14 16 0.386406

15 16 0.405715

16 16 0.423423

17 16 0.43946

18 16 0.453763

19 16 0.466275

20 16 0.476947

21 16 0.485736

22 16 0.492609

23 16 0.497537

24 16 0.500502

25 16 0.501491

26 16 0.500502

27 16 0.497537

28 16 0.492609

29 16 0.485736

30 16 0.476947

31 16 0.466275

32 16 0.453763

33 16 0.43946

34 16 0.423423

35 16 0.405715

36 16 0.386406

37 16 0.365571

38 16 0.343294

39 16 0.319663

40 16 0.294769

41 16 0.268713

42 16 0.241595

43 16 0.213525

44 16 0.184611

45 16 0.154969

46 16 0.124716

47 16 0.0939701

48 16 0.0628535

49 16 0.0314889

50 16 0

0 17 0

1 17 0.0326815

2 17 0.0652341

3 17 0.0975292

4 17 0.129439

5 17 0.160839

6 17 0.191603

7 17 0.221612

8 17 0.250746

9 17 0.27889

10 17 0.305934

11 17 0.33177

12 17 0.356297

13 17 0.379417

14 17 0.401041

15 17 0.421081

16 17 0.43946

17 17 0.456105

18 17 0.470949

19 17 0.483935

20 17 0.495011

21 17 0.504133

22 17 0.511266

23 17 0.516381

24 17 0.519458

25 17 0.520485

26 17 0.519458

27 17 0.516381

28 17 0.511266

29 17 0.504133

30 17 0.495011

31 17 0.483935

32 17 0.470949

33 17 0.456105

34 17 0.43946

35 17 0.421081

36 17 0.401041

37 17 0.379417

38 17 0.356297

39 17 0.33177

40 17 0.305934

41 17 0.27889

42 17 0.250746

43 17 0.221612

44 17 0.191603

45 17 0.160839

46 17 0.129439

47 17 0.0975292

48 17 0.0652341

49 17 0.0326815

50 17 0

0 18 0

1 18 0.0337452

2 18 0.0673572

3 18 0.100703

4 18 0.133652

5 18 0.166073

6 18 0.197839

7 18 0.228824

8 18 0.258906

9 18 0.287967

10 18 0.315891

11 18 0.342568

12 18 0.367893

13 18 0.391766

14 18 0.414093

15 18 0.434786

16 18 0.453763

17 18 0.470949

18 18 0.486277

19 18 0.499685

20 18 0.511122

21 18 0.520541

22 18 0.527906

23 18 0.533187

24 18 0.536365

25 18 0.537425

26 18 0.536365

27 18 0.533187

28 18 0.527906

29 18 0.520541

30 18 0.511122

31 18 0.499685

32 18 0.486277

33 18 0.470949

34 18 0.453763

35 18 0.434786

36 18 0.414093

37 18 0.391766

38 18 0.367893

39 18 0.342568

40 18 0.315891

41 18 0.287967

42 18 0.258906

43 18 0.228824

44 18 0.197839

45 18 0.166073

46 18 0.133652

47 18 0.100703

48 18 0.0673572

49 18 0.0337452

50 18 0

0 19 0

1 19 0.0346757

2 19 0.0692145

3 19 0.10348

4 19 0.137337

5 19 0.170653

6 19 0.203295

7 19 0.235134

8 19 0.266046

9 19 0.295907

10 19 0.324601

11 19 0.352013

12 19 0.378037

13 19 0.402568

14 19 0.425511

15 19 0.446775

16 19 0.466275

17 19 0.483935

18 19 0.499685

19 19 0.513463

20 19 0.525215

21 19 0.534894

22 19 0.542462

23 19 0.547889

24 19 0.551154

25 19 0.552244

26 19 0.551154

27 19 0.547889

28 19 0.542462

29 19 0.534894

30 19 0.525215

31 19 0.513463

32 19 0.499685

33 19 0.483935

34 19 0.466275

35 19 0.446775

36 19 0.425511

37 19 0.402568

38 19 0.378037

39 19 0.352013

40 19 0.324601

41 19 0.295907

42 19 0.266046

43 19 0.235134

44 19 0.203295

45 19 0.170653

46 19 0.137337

47 19 0.10348

48 19 0.0692145

49 19 0.0346757

50 19 0

0 20 0

1 20 0.0354693

2 20 0.0707986

3 20 0.105849

4 20 0.140481

5 20 0.174559

6 20 0.207947

7 20 0.240516

8 20 0.272135

9 20 0.30268

10 20 0.33203

11 20 0.36007

12 20 0.386689

13 20 0.411782

14 20 0.43525

15 20 0.457

16 20 0.476947

17 20 0.495011

18 20 0.511122

19 20 0.525215

20 20 0.537236

21 20 0.547136

22 20 0.554878

23 20 0.560429

24 20 0.563769

25 20 0.564883

26 20 0.563769

27 20 0.560429

28 20 0.554878

29 20 0.547136

30 20 0.537236

31 20 0.525215

32 20 0.511122

33 20 0.495011

34 20 0.476947

35 20 0.457

36 20 0.43525

37 20 0.411782

38 20 0.386689

39 20 0.36007

40 20 0.33203

41 20 0.30268

42 20 0.272135

43 20 0.240516

44 20 0.207947

45 20 0.174559

46 20 0.140481

47 20 0.105849

48 20 0.0707986

49 20 0.0354693

50 20 0

0 21 0

1 21 0.036123

2 21 0.0721034

3 21 0.107799

4 21 0.14307

5 21 0.177775

6 21 0.21178

7 21 0.244948

8 21 0.27715

9 21 0.308258

10 21 0.338149

11 21 0.366706

12 21 0.393815

13 21 0.419371

14 21 0.443271

15 21 0.465422

16 21 0.485736

17 21 0.504133

18 21 0.520541

19 21 0.534894

20 21 0.547136

21 21 0.557219

22 21 0.565103

23 21 0.570757

24 21 0.574158

25 21 0.575293

26 21 0.574158

27 21 0.570757

28 21 0.565103

29 21 0.557219

30 21 0.547136

31 21 0.534894

32 21 0.520541

33 21 0.504133

34 21 0.485736

35 21 0.465422

36 21 0.443271

37 21 0.419371

38 21 0.393815

39 21 0.366706

40 21 0.338149

41 21 0.308258

42 21 0.27715

43 21 0.244948

44 21 0.21178

45 21 0.177775

46 21 0.14307

47 21 0.107799

48 21 0.0721034

49 21 0.036123

50 21 0

0 22 0

1 22 0.036634

2 22 0.0731235

3 22 0.109324

4 22 0.145094

5 22 0.180291

6 22 0.214776

7 22 0.248414

8 22 0.281071

9 22 0.312619

10 22 0.342933

11 22 0.371894

12 22 0.399387

13 22 0.425304

14 22 0.449543

15 22 0.472007

16 22 0.492609

17 22 0.511266

18 22 0.527906

19 22 0.542462

20 22 0.554878

21 22 0.565103

22 22 0.573099

23 22 0.578832

24 22 0.582282

25 22 0.583433

26 22 0.582282

27 22 0.578832

28 22 0.573099

29 22 0.565103

30 22 0.554878

31 22 0.542462

32 22 0.527906

33 22 0.511266

34 22 0.492609

35 22 0.472007

36 22 0.449543

37 22 0.425304

38 22 0.399387

39 22 0.371894

40 22 0.342933

41 22 0.312619

42 22 0.281071

43 22 0.248414

44 22 0.214776

45 22 0.180291

46 22 0.145094

47 22 0.109324

48 22 0.0731235

49 22 0.036634

50 22 0

0 23 0

1 23 0.0370006

2 23 0.0738551

3 23 0.110418

4 23 0.146545

5 23 0.182094

6 23 0.216925

7 23 0.250899

8 23 0.283883

9 23 0.315747

10 23 0.346364

11 23 0.375615

12 23 0.403383

13 23 0.429559

14 23 0.45404

15 23 0.476729

16 23 0.497537

17 23 0.516381

18 23 0.533187

19 23 0.547889

20 23 0.560429

21 23 0.570757

22 23 0.578832

23 23 0.584623

24 23 0.588107

25 23 0.58927

26 23 0.588107

27 23 0.584623

28 23 0.578832

29 23 0.570757

30 23 0.560429

31 23 0.547889

32 23 0.533187

33 23 0.516381

34 23 0.497537

35 23 0.476729

36 23 0.45404

37 23 0.429559

38 23 0.403383

39 23 0.375615

40 23 0.346364

41 23 0.315747

42 23 0.283883

43 23 0.250899

44 23 0.216925

45 23 0.182094

46 23 0.146545

47 23 0.110418

48 23 0.0738551

49 23 0.0370006

50 23 0

0 24 0

1 24 0.037221

2 24 0.0742952

3 24 0.111076

4 24 0.147419

5 24 0.183179

6 24 0.218217

7 24 0.252394

8 24 0.285575

9 24 0.317628

10 24 0.348428

11 24 0.377853

12 24 0.405787

13 24 0.432119

14 24 0.456746

15 24 0.47957

16 24 0.500502

17 24 0.519458

18 24 0.536365

19 24 0.551154

20 24 0.563769

21 24 0.574158

22 24 0.582282

23 24 0.588107

24 24 0.591612

25 24 0.592781

26 24 0.591612

27 24 0.588107

28 24 0.582282

29 24 0.574158

30 24 0.563769

31 24 0.551154

32 24 0.536365

33 24 0.519458

34 24 0.500502

35 24 0.47957

36 24 0.456746

37 24 0.432119

38 24 0.405787

39 24 0.377853

40 24 0.348428

41 24 0.317628

42 24 0.285575

43 24 0.252394

44 24 0.218217

45 24 0.183179

46 24 0.147419

47 24 0.111076

48 24 0.0742952

49 24 0.037221

50 24 0

0 25 0

1 25 0.0372946

2 25 0.0744421

3 25 0.111296

4 25 0.14771

5 25 0.183542

6 25 0.218649

7 25 0.252893

8 25 0.286139

9 25 0.318256

10 25 0.349117

11 25 0.3786

12 25 0.406589

13 25 0.432973

14 25 0.457649

15 25 0.480518

16 25 0.501491

17 25 0.520485

18 25 0.537425

19 25 0.552244

20 25 0.564883

21 25 0.575293

22 25 0.583433

23 25 0.58927

24 25 0.592781

25 25 0.593953

26 25 0.592781

27 25 0.58927

28 25 0.583433

29 25 0.575293

30 25 0.564883

31 25 0.552244

32 25 0.537425

33 25 0.520485

34 25 0.501491

35 25 0.480518

36 25 0.457649

37 25 0.432973

38 25 0.406589

39 25 0.3786

40 25 0.349117

41 25 0.318256

42 25 0.286139

43 25 0.252893

44 25 0.218649

45 25 0.183542

46 25 0.14771

47 25 0.111296

48 25 0.0744421

49 25 0.0372946

50 25 0

0 26 0

1 26 0.037221

2 26 0.0742952

3 26 0.111076

4 26 0.147419

5 26 0.183179

6 26 0.218217

7 26 0.252394

8 26 0.285575

9 26 0.317628

10 26 0.348428

11 26 0.377853

12 26 0.405787

13 26 0.432119

14 26 0.456746

15 26 0.47957

16 26 0.500502

17 26 0.519458

18 26 0.536365

19 26 0.551154

20 26 0.563769

21 26 0.574158

22 26 0.582282

23 26 0.588107

24 26 0.591612

25 26 0.592781

26 26 0.591612

27 26 0.588107

28 26 0.582282

29 26 0.574158

30 26 0.563769

31 26 0.551154

32 26 0.536365

33 26 0.519458

34 26 0.500502

35 26 0.47957

36 26 0.456746

37 26 0.432119

38 26 0.405787

39 26 0.377853

40 26 0.348428

41 26 0.317628

42 26 0.285575

43 26 0.252394

44 26 0.218217

45 26 0.183179

46 26 0.147419

47 26 0.111076

48 26 0.0742952

49 26 0.037221

50 26 0

0 27 0

1 27 0.0370006

2 27 0.0738551

3 27 0.110418

4 27 0.146545

5 27 0.182094

6 27 0.216925

7 27 0.250899

8 27 0.283883

9 27 0.315747

10 27 0.346364

11 27 0.375615

12 27 0.403383

13 27 0.429559

14 27 0.45404

15 27 0.476729

16 27 0.497537

17 27 0.516381

18 27 0.533187

19 27 0.547889

20 27 0.560429

21 27 0.570757

22 27 0.578832

23 27 0.584623

24 27 0.588107

25 27 0.58927

26 27 0.588107

27 27 0.584623

28 27 0.578832

29 27 0.570757

30 27 0.560429

31 27 0.547889

32 27 0.533187

33 27 0.516381

34 27 0.497537

35 27 0.476729

36 27 0.45404

37 27 0.429559

38 27 0.403383

39 27 0.375615

40 27 0.346364

41 27 0.315747

42 27 0.283883

43 27 0.250899

44 27 0.216925

45 27 0.182094

46 27 0.146545

47 27 0.110418

48 27 0.0738551

49 27 0.0370006

50 27 0

0 28 0

1 28 0.036634

2 28 0.0731235

3 28 0.109324

4 28 0.145094

5 28 0.180291

6 28 0.214776

7 28 0.248414

8 28 0.281071

9 28 0.312619

10 28 0.342933

11 28 0.371894

12 28 0.399387

13 28 0.425304

14 28 0.449543

15 28 0.472007

16 28 0.492609

17 28 0.511266

18 28 0.527906

19 28 0.542462

20 28 0.554878

21 28 0.565103

22 28 0.573099

23 28 0.578832

24 28 0.582282

25 28 0.583433

26 28 0.582282

27 28 0.578832

28 28 0.573099

29 28 0.565103

30 28 0.554878

31 28 0.542462

32 28 0.527906

33 28 0.511266

34 28 0.492609

35 28 0.472007

36 28 0.449543

37 28 0.425304

38 28 0.399387

39 28 0.371894

40 28 0.342933

41 28 0.312619

42 28 0.281071

43 28 0.248414

44 28 0.214776

45 28 0.180291

46 28 0.145094

47 28 0.109324

48 28 0.0731235

49 28 0.036634

50 28 0

0 29 0

1 29 0.036123

2 29 0.0721034

3 29 0.107799

4 29 0.14307

5 29 0.177775

6 29 0.21178

7 29 0.244948

8 29 0.27715

9 29 0.308258

10 29 0.338149

11 29 0.366706

12 29 0.393815

13 29 0.419371

14 29 0.443271

15 29 0.465422

16 29 0.485736

17 29 0.504133

18 29 0.520541

19 29 0.534894

20 29 0.547136

21 29 0.557219

22 29 0.565103

23 29 0.570757

24 29 0.574158

25 29 0.575293

26 29 0.574158

27 29 0.570757

28 29 0.565103

29 29 0.557219

30 29 0.547136

31 29 0.534894

32 29 0.520541

33 29 0.504133

34 29 0.485736

35 29 0.465422

36 29 0.443271

37 29 0.419371

38 29 0.393815

39 29 0.366706

40 29 0.338149

41 29 0.308258

42 29 0.27715

43 29 0.244948

44 29 0.21178

45 29 0.177775

46 29 0.14307

47 29 0.107799

48 29 0.0721034

49 29 0.036123

50 29 0

0 30 0

1 30 0.0354693

2 30 0.0707986

3 30 0.105849

4 30 0.140481

5 30 0.174559

6 30 0.207947

7 30 0.240516

8 30 0.272135

9 30 0.30268

10 30 0.33203

11 30 0.36007

12 30 0.386689

13 30 0.411782

14 30 0.43525

15 30 0.457

16 30 0.476947

17 30 0.495011

18 30 0.511122

19 30 0.525215

20 30 0.537236

21 30 0.547136

22 30 0.554878

23 30 0.560429

24 30 0.563769

25 30 0.564883

26 30 0.563769

27 30 0.560429

28 30 0.554878

29 30 0.547136

30 30 0.537236

31 30 0.525215

32 30 0.511122

33 30 0.495011

34 30 0.476947

35 30 0.457

36 30 0.43525

37 30 0.411782

38 30 0.386689

39 30 0.36007

40 30 0.33203

41 30 0.30268

42 30 0.272135

43 30 0.240516

44 30 0.207947

45 30 0.174559

46 30 0.140481

47 30 0.105849

48 30 0.0707986

49 30 0.0354693

50 30 0

0 31 0

1 31 0.0346757

2 31 0.0692145

3 31 0.10348

4 31 0.137337

5 31 0.170653

6 31 0.203295

7 31 0.235134

8 31 0.266046

9 31 0.295907

10 31 0.324601

11 31 0.352013

12 31 0.378037

13 31 0.402568

14 31 0.425511

15 31 0.446775

16 31 0.466275

17 31 0.483935

18 31 0.499685

19 31 0.513463

20 31 0.525215

21 31 0.534894

22 31 0.542462

23 31 0.547889

24 31 0.551154

25 31 0.552244

26 31 0.551154

27 31 0.547889

28 31 0.542462

29 31 0.534894

30 31 0.525215

31 31 0.513463

32 31 0.499685

33 31 0.483935

34 31 0.466275

35 31 0.446775

36 31 0.425511

37 31 0.402568

38 31 0.378037

39 31 0.352013

40 31 0.324601

41 31 0.295907

42 31 0.266046

43 31 0.235134

44 31 0.203295

45 31 0.170653

46 31 0.137337

47 31 0.10348

48 31 0.0692145

49 31 0.0346757

50 31 0

0 32 0

1 32 0.0337452

2 32 0.0673572

3 32 0.100703

4 32 0.133652

5 32 0.166073

6 32 0.197839

7 32 0.228824

8 32 0.258906

9 32 0.287967

10 32 0.315891

11 32 0.342568

12 32 0.367893

13 32 0.391766

14 32 0.414093

15 32 0.434786

16 32 0.453763

17 32 0.470949

18 32 0.486277

19 32 0.499685

20 32 0.511122

21 32 0.520541

22 32 0.527906

23 32 0.533187

24 32 0.536365

25 32 0.537425

26 32 0.536365

27 32 0.533187

28 32 0.527906

29 32 0.520541

30 32 0.511122

31 32 0.499685

32 32 0.486277

33 32 0.470949

34 32 0.453763

35 32 0.434786

36 32 0.414093

37 32 0.391766

38 32 0.367893

39 32 0.342568

40 32 0.315891

41 32 0.287967

42 32 0.258906

43 32 0.228824

44 32 0.197839

45 32 0.166073

46 32 0.133652

47 32 0.100703

48 32 0.0673572

49 32 0.0337452

50 32 0

0 33 0

1 33 0.0326815

2 33 0.0652341

3 33 0.0975292

4 33 0.129439

5 33 0.160839

6 33 0.191603

7 33 0.221612

8 33 0.250746

9 33 0.27889

10 33 0.305934

11 33 0.33177

12 33 0.356297

13 33 0.379417

14 33 0.401041

15 33 0.421081

16 33 0.43946

17 33 0.456105

18 33 0.470949

19 33 0.483935

20 33 0.495011

21 33 0.504133

22 33 0.511266

23 33 0.516381

24 33 0.519458

25 33 0.520485

26 33 0.519458

27 33 0.516381

28 33 0.511266

29 33 0.504133

30 33 0.495011

31 33 0.483935

32 33 0.470949

33 33 0.456105

34 33 0.43946

35 33 0.421081

36 33 0.401041

37 33 0.379417

38 33 0.356297

39 33 0.33177

40 33 0.305934

41 33 0.27889

42 33 0.250746

43 33 0.221612

44 33 0.191603

45 33 0.160839

46 33 0.129439

47 33 0.0975292

48 33 0.0652341

49 33 0.0326815

50 33 0

0 34 0

1 34 0.0314889

2 34 0.0628535

3 34 0.0939701

4 34 0.124716

5 34 0.154969

6 34 0.184611

7 34 0.213525

8 34 0.241595

9 34 0.268713

10 34 0.294769

11 34 0.319663

12 34 0.343294

13 34 0.365571

14 34 0.386406

15 34 0.405715

16 34 0.423423

17 34 0.43946

18 34 0.453763

19 34 0.466275

20 34 0.476947

21 34 0.485736

22 34 0.492609

23 34 0.497537

24 34 0.500502

25 34 0.501491

26 34 0.500502

27 34 0.497537

28 34 0.492609

29 34 0.485736

30 34 0.476947

31 34 0.466275

32 34 0.453763

33 34 0.43946

34 34 0.423423

35 34 0.405715

36 34 0.386406

37 34 0.365571

38 34 0.343294

39 34 0.319663

40 34 0.294769

41 34 0.268713

42 34 0.241595

43 34 0.213525

44 34 0.184611

45 34 0.154969

46 34 0.124716

47 34 0.0939701

48 34 0.0628535

49 34 0.0314889

50 34 0

0 35 0

1 35 0.030172

2 35 0.0602249

3 35 0.0900402

4 35 0.1195

5 35 0.148488

6 35 0.176891

7 35 0.204595

8 35 0.231491

9 35 0.257475

10 35 0.282442

11 35 0.306294

12 35 0.328937

13 35 0.350283

14 35 0.370246

15 35 0.388748

16 35 0.405715

17 35 0.421081

18 35 0.434786

19 35 0.446775

20 35 0.457

21 35 0.465422

22 35 0.472007

23 35 0.476729

24 35 0.47957

25 35 0.480518

26 35 0.47957

27 35 0.476729

28 35 0.472007

29 35 0.465422

30 35 0.457

31 35 0.446775

32 35 0.434786

33 35 0.421081

34 35 0.405715

35 35 0.388748

36 35 0.370246

37 35 0.350283

38 35 0.328937

39 35 0.306294

40 35 0.282442

41 35 0.257475

42 35 0.231491

43 35 0.204595

44 35 0.176891

45 35 0.148488

46 35 0.1195

47 35 0.0900402

48 35 0.0602249

49 35 0.030172

50 35 0

0 36 0

1 36 0.028736

2 36 0.0573586

3 36 0.0857549

4 36 0.113813

5 36 0.141421

6 36 0.168472

7 36 0.194857

8 36 0.220474

9 36 0.245221

10 36 0.268999

11 36 0.291716

12 36 0.313282

13 36 0.333612

14 36 0.352625

15 36 0.370246

16 36 0.386406

17 36 0.401041

18 36 0.414093

19 36 0.425511

20 36 0.43525

21 36 0.443271

22 36 0.449543

23 36 0.45404

24 36 0.456746

25 36 0.457649

26 36 0.456746

27 36 0.45404

28 36 0.449543

29 36 0.443271

30 36 0.43525

31 36 0.425511

32 36 0.414093

33 36 0.401041

34 36 0.386406

35 36 0.370246

36 36 0.352625

37 36 0.333612

38 36 0.313282

39 36 0.291716

40 36 0.268999

41 36 0.245221

42 36 0.220474

43 36 0.194857

44 36 0.168472

45 36 0.141421

46 36 0.113813

47 36 0.0857549

48 36 0.0573586

49 36 0.028736

50 36 0

0 37 0

1 37 0.0271866

2 37 0.054266

3 37 0.0811311

4 37 0.107676

5 37 0.133796

6 37 0.159388

7 37 0.184351

8 37 0.208587

9 37 0.231999

10 37 0.254495

11 37 0.275988

12 37 0.296391

13 37 0.315624

14 37 0.333612

15 37 0.350283

16 37 0.365571

17 37 0.379417

18 37 0.391766

19 37 0.402568

20 37 0.411782

21 37 0.419371

22 37 0.425304

23 37 0.429559

24 37 0.432119

25 37 0.432973

26 37 0.432119

27 37 0.429559

28 37 0.425304

29 37 0.419371

30 37 0.411782

31 37 0.402568

32 37 0.391766

33 37 0.379417

34 37 0.365571

35 37 0.350283

36 37 0.333612

37 37 0.315624

38 37 0.296391

39 37 0.275988

40 37 0.254495

41 37 0.231999

42 37 0.208587

43 37 0.184351

44 37 0.159388

45 37 0.133796

46 37 0.107676

47 37 0.0811311

48 37 0.054266

49 37 0.0271866

50 37 0

0 38 0

1 38 0.0255299

2 38 0.0509591

3 38 0.0761872

4 38 0.101115

5 38 0.125643

6 38 0.149675

7 38 0.173117

8 38 0.195876

9 38 0.217861

10 38 0.238987

11 38 0.25917

12 38 0.278329

13 38 0.296391

14 38 0.313282

15 38 0.328937

16 38 0.343294

17 38 0.356297

18 38 0.367893

19 38 0.378037

20 38 0.386689

21 38 0.393815

22 38 0.399387

23 38 0.403383

24 38 0.405787

25 38 0.406589

26 38 0.405787

27 38 0.403383

28 38 0.399387

29 38 0.393815

30 38 0.386689

31 38 0.378037

32 38 0.367893

33 38 0.356297

34 38 0.343294

35 38 0.328937

36 38 0.313282

37 38 0.296391

38 38 0.278329

39 38 0.25917

40 38 0.238987

41 38 0.217861

42 38 0.195876

43 38 0.173117

44 38 0.149675

45 38 0.125643

46 38 0.101115

47 38 0.0761872

48 38 0.0509591

49 38 0.0255299

50 38 0

0 39 0

1 39 0.0237725

2 39 0.0474512

3 39 0.0709426

4 39 0.094154

5 39 0.116994

6 39 0.139372

7 39 0.1612

8 39 0.182392

9 39 0.202864

10 39 0.222536

11 39 0.241329

12 39 0.25917

13 39 0.275988

14 39 0.291716

15 39 0.306294

16 39 0.319663

17 39 0.33177

18 39 0.342568

19 39 0.352013

20 39 0.36007

21 39 0.366706

22 39 0.371894

23 39 0.375615

24 39 0.377853

25 39 0.3786

26 39 0.377853

27 39 0.375615

28 39 0.371894

29 39 0.366706

30 39 0.36007

31 39 0.352013

32 39 0.342568

33 39 0.33177

34 39 0.319663

35 39 0.306294

36 39 0.291716

37 39 0.275988

38 39 0.25917

39 39 0.241329

40 39 0.222536

41 39 0.202864

42 39 0.182392

43 39 0.1612

44 39 0.139372

45 39 0.116994

46 39 0.094154

47 39 0.0709426

48 39 0.0474512

49 39 0.0237725

50 39 0

0 40 0

1 40 0.0219212

2 40 0.043756

3 40 0.065418

4 40 0.0868219

5 40 0.107883

6 40 0.128519

7 40 0.148647

8 40 0.168188

9 40 0.187066

10 40 0.205206

11 40 0.222536

12 40 0.238987

13 40 0.254495

14 40 0.268999

15 40 0.282442

16 40 0.294769

17 40 0.305934

18 40 0.315891

19 40 0.324601

20 40 0.33203

21 40 0.338149

22 40 0.342933

23 40 0.346364

24 40 0.348428

25 40 0.349117

26 40 0.348428

27 40 0.346364

28 40 0.342933

29 40 0.338149

30 40 0.33203

31 40 0.324601

32 40 0.315891

33 40 0.305934

34 40 0.294769

35 40 0.282442

36 40 0.268999

37 40 0.254495

38 40 0.238987

39 40 0.222536

40 40 0.205206

41 40 0.187066

42 40 0.168188

43 40 0.148647

44 40 0.128519

45 40 0.107883

46 40 0.0868219

47 40 0.065418

48 40 0.043756

49 40 0.0219212

50 40 0

0 41 0

1 41 0.0199835

2 41 0.0398881

3 41 0.0596352

4 41 0.0791471

5 41 0.0983465

6 41 0.117158

7 41 0.135507

8 41 0.153321

9 41 0.17053

10 41 0.187066

11 41 0.202864

12 41 0.217861

13 41 0.231999

14 41 0.245221

15 41 0.257475

16 41 0.268713

17 41 0.27889

18 41 0.287967

19 41 0.295907

20 41 0.30268

21 41 0.308258

22 41 0.312619

23 41 0.315747

24 41 0.317628

25 41 0.318256

26 41 0.317628

27 41 0.315747

28 41 0.312619

29 41 0.308258

30 41 0.30268

31 41 0.295907

32 41 0.287967

33 41 0.27889

34 41 0.268713

35 41 0.257475

36 41 0.245221

37 41 0.231999

38 41 0.217861

39 41 0.202864

40 41 0.187066

41 41 0.17053

42 41 0.153321

43 41 0.135507

44 41 0.117158

45 41 0.0983465

46 41 0.0791471

47 41 0.0596352

48 41 0.0398881

49 41 0.0199835

50 41 0

0 42 0

1 42 0.0179668

2 42 0.0358628

3 42 0.0536171

4 42 0.0711599

5 42 0.0884219

6 42 0.105335

7 42 0.121832

8 42 0.137849

9 42 0.153321

10 42 0.168188

11 42 0.182392

12 42 0.195876

13 42 0.208587

14 42 0.220474

15 42 0.231491

16 42 0.241595

17 42 0.250746

18 42 0.258906

19 42 0.266046

20 42 0.272135

21 42 0.27715

22 42 0.281071

23 42 0.283883

24 42 0.285575

25 42 0.286139

26 42 0.285575

27 42 0.283883

28 42 0.281071

29 42 0.27715

30 42 0.272135

31 42 0.266046

32 42 0.258906

33 42 0.250746

34 42 0.241595

35 42 0.231491

36 42 0.220474

37 42 0.208587

38 42 0.195876

39 42 0.182392

40 42 0.168188

41 42 0.153321

42 42 0.137849

43 42 0.121832

44 42 0.105335

45 42 0.0884219

46 42 0.0711599

47 42 0.0536171

48 42 0.0358628

49 42 0.0179668

50 42 0

0 43 0

1 43 0.0158793

2 43 0.0316959

3 43 0.0473874

4 43 0.0628919

5 43 0.0781482

6 43 0.0930961

7 43 0.107677

8 43 0.121832

9 43 0.135507

10 43 0.148647

11 43 0.1612

12 43 0.173117

13 43 0.184351

14 43 0.194857

15 43 0.204595

16 43 0.213525

17 43 0.221612

18 43 0.228824

19 43 0.235134

20 43 0.240516

21 43 0.244948

22 43 0.248414

23 43 0.250899

24 43 0.252394

25 43 0.252893

26 43 0.252394

27 43 0.250899

28 43 0.248414

29 43 0.244948

30 43 0.240516

31 43 0.235134

32 43 0.228824

33 43 0.221612

34 43 0.213525

35 43 0.204595

36 43 0.194857

37 43 0.184351

38 43 0.173117

39 43 0.1612

40 43 0.148647

41 43 0.135507

42 43 0.121832

43 43 0.107677

44 43 0.0930961

45 43 0.0781482

46 43 0.0628919

47 43 0.0473874

48 43 0.0316959

49 43 0.0158793

50 43 0

0 44 0

1 44 0.0137291

2 44 0.027404

3 44 0.0409707

4 44 0.0543757

5 44 0.0675662

6 44 0.08049

7 44 0.0930961

8 44 0.105335

9 44 0.117158

10 44 0.128519

11 44 0.139372

12 44 0.149675

13 44 0.159388

14 44 0.168472

15 44 0.176891

16 44 0.184611

17 44 0.191603

18 44 0.197839

19 44 0.203295

20 44 0.207947

21 44 0.21178

22 44 0.214776

23 44 0.216925

24 44 0.218217

25 44 0.218649

26 44 0.218217

27 44 0.216925

28 44 0.214776

29 44 0.21178

30 44 0.207947

31 44 0.203295

32 44 0.197839

33 44 0.191603

34 44 0.184611

35 44 0.176891

36 44 0.168472

37 44 0.159388

38 44 0.149675

39 44 0.139372

40 44 0.128519

41 44 0.117158

42 44 0.105335

43 44 0.0930961

44 44 0.08049

45 44 0.0675662

46 44 0.0543757

47 44 0.0409707

48 44 0.027404

49 44 0.0137291

50 44 0

0 45 0

1 45 0.0115247

2 45 0.0230039

3 45 0.0343923

4 45 0.045645

5 45 0.0567175

6 45 0.0675662

7 45 0.0781482

8 45 0.0884219

9 45 0.0983465

10 45 0.107883

11 45 0.116994

12 45 0.125643

13 45 0.133796

14 45 0.141421

15 45 0.148488

16 45 0.154969

17 45 0.160839

18 45 0.166073

19 45 0.170653

20 45 0.174559

21 45 0.177775

22 45 0.180291

23 45 0.182094

24 45 0.183179

25 45 0.183542

26 45 0.183179

27 45 0.182094

28 45 0.180291

29 45 0.177775

30 45 0.174559

31 45 0.170653

32 45 0.166073

33 45 0.160839

34 45 0.154969

35 45 0.148488

36 45 0.141421

37 45 0.133796

38 45 0.125643

39 45 0.116994

40 45 0.107883

41 45 0.0983465

42 45 0.0884219

43 45 0.0781482

44 45 0.0675662

45 45 0.0567175

46 45 0.045645

47 45 0.0343923

48 45 0.0230039

49 45 0.0115247

50 45 0

0 46 0

1 46 0.0092748

2 46 0.018513

3 46 0.0276781

4 46 0.036734

5 46 0.045645

6 46 0.0543757

7 46 0.0628919

8 46 0.0711599

9 46 0.0791471

10 46 0.0868219

11 46 0.094154

12 46 0.101115

13 46 0.107676

14 46 0.113813

15 46 0.1195

16 46 0.124716

17 46 0.129439

18 46 0.133652

19 46 0.137337

20 46 0.140481

21 46 0.14307

22 46 0.145094

23 46 0.146545

24 46 0.147419

25 46 0.14771

26 46 0.147419

27 46 0.146545

28 46 0.145094

29 46 0.14307

30 46 0.140481

31 46 0.137337

32 46 0.133652

33 46 0.129439

34 46 0.124716

35 46 0.1195

36 46 0.113813

37 46 0.107676

38 46 0.101115

39 46 0.094154

40 46 0.0868219

41 46 0.0791471

42 46 0.0711599

43 46 0.0628919

44 46 0.0543757

45 46 0.045645

46 46 0.036734

47 46 0.0276781

48 46 0.018513

49 46 0.0092748

50 46 0

0 47 0

1 47 0.00698832

2 47 0.0139491

3 47 0.0208547

4 47 0.0276781

5 47 0.0343923

6 47 0.0409707

7 47 0.0473874

8 47 0.0536171

9 47 0.0596352

10 47 0.065418

11 47 0.0709426

12 47 0.0761872

13 47 0.0811311

14 47 0.0857549

15 47 0.0900402

16 47 0.0939701

17 47 0.0975292

18 47 0.100703

19 47 0.10348

20 47 0.105849

21 47 0.107799

22 47 0.109324

23 47 0.110418

24 47 0.111076

25 47 0.111296

26 47 0.111076

27 47 0.110418

28 47 0.109324

29 47 0.107799

30 47 0.105849

31 47 0.10348

32 47 0.100703

33 47 0.0975292

34 47 0.0939701

35 47 0.0900402

36 47 0.0857549

37 47 0.0811311

38 47 0.0761872

39 47 0.0709426

40 47 0.065418

41 47 0.0596352

42 47 0.0536171

43 47 0.0473874

44 47 0.0409707

45 47 0.0343923

46 47 0.0276781

47 47 0.0208547

48 47 0.0139491

49 47 0.00698832

50 47 0

0 48 0

1 48 0.00467426

2 48 0.00933007

3 48 0.0139491

4 48 0.018513

5 48 0.0230039

6 48 0.027404

7 48 0.0316959

8 48 0.0358628

9 48 0.0398881

10 48 0.043756

11 48 0.0474512

12 48 0.0509591

13 48 0.054266

14 48 0.0573586

15 48 0.0602249

16 48 0.0628535

17 48 0.0652341

18 48 0.0673572

19 48 0.0692145

20 48 0.0707986

21 48 0.0721034

22 48 0.0731235

23 48 0.0738551

24 48 0.0742952

25 48 0.0744421

26 48 0.0742952

27 48 0.0738551

28 48 0.0731235

29 48 0.0721034

30 48 0.0707986

31 48 0.0692145

32 48 0.0673572

33 48 0.0652341

34 48 0.0628535

35 48 0.0602249

36 48 0.0573586

37 48 0.054266

38 48 0.0509591

39 48 0.0474512

40 48 0.043756

41 48 0.0398881

42 48 0.0358628

43 48 0.0316959

44 48 0.027404

45 48 0.0230039

46 48 0.018513

47 48 0.0139491

48 48 0.00933007

49 48 0.00467426

50 48 0

0 49 0

1 49 0.00234175

2 49 0.00467426

3 49 0.00698832

4 49 0.0092748

5 49 0.0115247

6 49 0.0137291

7 49 0.0158793

8 49 0.0179668

9 49 0.0199835

10 49 0.0219212

11 49 0.0237725

12 49 0.0255299

13 49 0.0271866

14 49 0.028736

15 49 0.030172

16 49 0.0314889

17 49 0.0326815

18 49 0.0337452

19 49 0.0346757

20 49 0.0354693

21 49 0.036123

22 49 0.036634

23 49 0.0370006

24 49 0.037221

25 49 0.0372946

26 49 0.037221

27 49 0.0370006

28 49 0.036634

29 49 0.036123

30 49 0.0354693

31 49 0.0346757

32 49 0.0337452

33 49 0.0326815

34 49 0.0314889

35 49 0.030172

36 49 0.028736

37 49 0.0271866

38 49 0.0255299

39 49 0.0237725

40 49 0.0219212

41 49 0.0199835

42 49 0.0179668

43 49 0.0158793

44 49 0.0137291

45 49 0.0115247

46 49 0.0092748

47 49 0.00698832

48 49 0.00467426

49 49 0.00234175

50 49 0

