0 1 0

1 1 0.00038722

2 1 0.000772912

3 1 0.00115555

4 1 0.00153363

5 1 0.00190566

6 1 0.00227017

7 1 0.00262572

8 1 0.0029709

9 1 0.00330436

10 1 0.00362478

11 1 0.0039309

12 1 0.0042215

13 1 0.00449544

14 1 0.00475164

15 1 0.00498909

16 1 0.00520685

17 1 0.00540405

18 1 0.00557993

19 1 0.00573379

20 1 0.00586503

21 1 0.00597311

22 1 0.00605762

23 1 0.00611822

24 1 0.00615468

25 1 0.00616685

26 1 0.00615468

27 1 0.00611822

28 1 0.00605762

29 1 0.00597311

30 1 0.00586503

31 1 0.00573379

32 1 0.00557993

33 1 0.00540405

34 1 0.00520685

35 1 0.00498909

36 1 0.00475164

37 1 0.00449544

38 1 0.0042215

39 1 0.0039309

40 1 0.00362478

41 1 0.00330436

42 1 0.0029709

43 1 0.00262572

44 1 0.00227017

45 1 0.00190566

46 1 0.00153363

47 1 0.00115555

48 1 0.000772912

49 1 0.00038722

50 1 0

0 2 0

1 2 0.000772912

2 2 0.00154277

3 2 0.00230655

4 2 0.00306122

5 2 0.0038038

6 2 0.00453138

7 2 0.00524107

8 2 0.00593008

9 2 0.00659569

10 2 0.00723526

11 2 0.00784629

12 2 0.00842634

13 2 0.00897314

14 2 0.00948453

15 2 0.00995849

16 2 0.0103931

17 2 0.0107868

18 2 0.0111378

19 2 0.011445

20 2 0.0117069

21 2 0.0119226

22 2 0.0120913

23 2 0.0122123

24 2 0.0122851

25 2 0.0123094

26 2 0.0122851

27 2 0.0122123

28 2 0.0120913

29 2 0.0119226

30 2 0.0117069

31 2 0.011445

32 2 0.0111378

33 2 0.0107868

34 2 0.0103931

35 2 0.00995849

36 2 0.00948453

37 2 0.00897314

38 2 0.00842634

39 2 0.00784629

40 2 0.00723526

41 2 0.00659569

42 2 0.00593008

43 2 0.00524107

44 2 0.00453138

45 2 0.0038038

46 2 0.00306122

47 2 0.00230655

48 2 0.00154277

49 2 0.000772912

50 2 0

0 3 0

1 3 0.00115555

2 3 0.00230655

3 3 0.00344843

4 3 0.00457672

5 3 0.00568693

6 3 0.00677471

7 3 0.00783574

8 3 0.00886586

9 3 0.00986098

10 3 0.0108172

11 3 0.0117307

12 3 0.0125979

13 3 0.0134154

14 3 0.01418

15 3 0.0148886

16 3 0.0155384

17 3 0.0161269

18 3 0.0166518

19 3 0.017111

20 3 0.0175026

21 3 0.0178251

22 3 0.0180773

23 3 0.0182582

24 3 0.018367

25 3 0.0184033

26 3 0.018367

27 3 0.0182582

28 3 0.0180773

29 3 0.0178251

30 3 0.0175026

31 3 0.017111

32 3 0.0166518

33 3 0.0161269

34 3 0.0155384

35 3 0.0148886

36 3 0.01418

37 3 0.0134154

38 3 0.0125979

39 3 0.0117307

40 3 0.0108172

41 3 0.00986098

42 3 0.00886586

43 3 0.00783574

44 3 0.00677471

45 3 0.00568693

46 3 0.00457672

47 3 0.00344843

48 3 0.00230655

49 3 0.00115555

50 3 0

0 4 0

1 4 0.00153363

2 4 0.00306122

3 4 0.00457672

4 4 0.00607415

5 4 0.00754762

6 4 0.0089913

7 4 0.0103995

8 4 0.0117666

9 4 0.0130874

10 4 0.0143564

11 4 0.0155688

12 4 0.0167198

13 4 0.0178048

14 4 0.0188195

15 4 0.0197599

16 4 0.0206224

17 4 0.0214034

18 4 0.0221

19 4 0.0227094

20 4 0.0232292

21 4 0.0236573

22 4 0.023992

23 4 0.024232

24 4 0.0243764

25 4 0.0244246

26 4 0.0243764

27 4 0.024232

28 4 0.023992

29 4 0.0236573

30 4 0.0232292

31 4 0.0227094

32 4 0.0221

33 4 0.0214034

34 4 0.0206224

35 4 0.0197599

36 4 0.0188195

37 4 0.0178048

38 4 0.0167198

39 4 0.0155688

40 4 0.0143564

41 4 0.0130874

42 4 0.0117666

43 4 0.0103995

44 4 0.0089913

45 4 0.00754762

46 4 0.00607415

47 4 0.00457672

48 4 0.00306122

49 4 0.00153363

50 4 0

0 5 0

1 5 0.00190566

2 5 0.0038038

3 5 0.00568693

4 5 0.00754762

5 5 0.00937852

6 5 0.0111724

7 5 0.0129222

8 5 0.014621

9 5 0.0162621

10 5 0.017839

11 5 0.0193455

12 5 0.0207757

13 5 0.0221238

14 5 0.0233847

15 5 0.0245533

16 5 0.0256249

17 5 0.0265955

18 5 0.0274611

19 5 0.0282183

20 5 0.0288641

21 5 0.029396

22 5 0.0298119

23 5 0.0301102

24 5 0.0302896

25 5 0.0303495

26 5 0.0302896

27 5 0.0301102

28 5 0.0298119

29 5 0.029396

30 5 0.0288641

31 5 0.0282183

32 5 0.0274611

33 5 0.0265955

34 5 0.0256249

35 5 0.0245533

36 5 0.0233847

37 5 0.0221238

38 5 0.0207757

39 5 0.0193455

40 5 0.017839

41 5 0.0162621

42 5 0.014621

43 5 0.0129222

44 5 0.0111724

45 5 0.00937852

46 5 0.00754762

47 5 0.00568693

48 5 0.0038038

49 5 0.00190566

50 5 0

0 6 0

1 6 0.00227017

2 6 0.00453138

3 6 0.00677471

4 6 0.0089913

5 6 0.0111724

6 6 0.0133094

7 6 0.0153939

8 6 0.0174176

9 6 0.0193726

10 6 0.0212512

11 6 0.0230458

12 6 0.0247496

13 6 0.0263556

14 6 0.0278576

15 6 0.0292497

16 6 0.0305264

17 6 0.0316826

18 6 0.0327137

19 6 0.0336158

20 6 0.0343851

21 6 0.0350188

22 6 0.0355143

23 6 0.0358696

24 6 0.0360833

25 6 0.0361547

26 6 0.0360833

27 6 0.0358696

28 6 0.0355143

29 6 0.0350188

30 6 0.0343851

31 6 0.0336158

32 6 0.0327137

33 6 0.0316826

34 6 0.0305264

35 6 0.0292497

36 6 0.0278576

37 6 0.0263556

38 6 0.0247496

39 6 0.0230458

40 6 0.0212512

41 6 0.0193726

42 6 0.0174176

43 6 0.0153939

44 6 0.0133094

45 6 0.0111724

46 6 0.0089913

47 6 0.00677471

48 6 0.00453138

49 6 0.00227017

50 6 0

0 7 0

1 7 0.00262572

2 7 0.00524107

3 7 0.00783574

4 7 0.0103995

5 7 0.0129222

6 7 0.0153939

7 7 0.0178049

8 7 0.0201455

9 7 0.0224067

10 7 0.0245795

11 7 0.0266552

12 7 0.0286258

13 7 0.0304834

14 7 0.0322206

15 7 0.0338308

16 7 0.0353074

17 7 0.0366446

18 7 0.0378373

19 7 0.0388806

20 7 0.0397704

21 7 0.0405033

22 7 0.0410764

23 7 0.0414874

24 7 0.0417346

25 7 0.0418171

26 7 0.0417346

27 7 0.0414874

28 7 0.0410764

29 7 0.0405033

30 7 0.0397704

31 7 0.0388806

32 7 0.0378373

33 7 0.0366446

34 7 0.0353074

35 7 0.0338308

36 7 0.0322206

37 7 0.0304834

38 7 0.0286258

39 7 0.0266552

40 7 0.0245795

41 7 0.0224067

42 7 0.0201455

43 7 0.0178049

44 7 0.0153939

45 7 0.0129222

46 7 0.0103995

47 7 0.00783574

48 7 0.00524107

49 7 0.00262572

50 7 0

0 8 0

1 8 0.0029709

2 8 0.00593008

3 8 0.00886586

4 8 0.0117666

5 8 0.014621

6 8 0.0174176

7 8 0.0201455

8 8 0.0227939

9 8 0.0253524

10 8 0.0278108

11 8 0.0301594

12 8 0.032389

13 8 0.0344908

14 8 0.0364565

15 8 0.0382783

16 8 0.039949

17 8 0.041462

18 8 0.0428115

19 8 0.0439919

20 8 0.0449988

21 8 0.0458281

22 8 0.0464765

23 8 0.0469414

24 8 0.0472212

25 8 0.0473145

26 8 0.0472212

27 8 0.0469414

28 8 0.0464765

29 8 0.0458281

30 8 0.0449988

31 8 0.0439919

32 8 0.0428115

33 8 0.041462

34 8 0.039949

35 8 0.0382783

36 8 0.0364565

37 8 0.0344908

38 8 0.032389

39 8 0.0301594

40 8 0.0278108

41 8 0.0253524

42 8 0.0227939

43 8 0.0201455

44 8 0.0174176

45 8 0.014621

46 8 0.0117666

47 8 0.00886586

48 8 0.00593008

49 8 0.0029709

50 8 0

0 9 0

1 9 0.00330436

2 9 0.00659569

3 9 0.00986098

4 9 0.0130874

5 9 0.0162621

6 9 0.0193726

7 9 0.0224067

8 9 0.0253524

9 9 0.028198

10 9 0.0309323

11 9 0.0335446

12 9 0.0360244

13 9 0.0383621

14 9 0.0405484

15 9 0.0425747

16 9 0.0444329

17 9 0.0461158

18 9 0.0476167

19 9 0.0489297

20 9 0.0500496

21 9 0.0509719

22 9 0.0516931

23 9 0.0522103

24 9 0.0525214

25 9 0.0526252

26 9 0.0525214

27 9 0.0522103

28 9 0.0516931

29 9 0.0509719

30 9 0.0500496

31 9 0.0489297

32 9 0.0476167

33 9 0.0461158

34 9 0.0444329

35 9 0.0425747

36 9 0.0405484

37 9 0.0383621

38 9 0.0360244

39 9 0.0335446

40 9 0.0309323

41 9 0.028198

42 9 0.0253524

43 9 0.0224067

44 9 0.0193726

45 9 0.0162621

46 9 0.0130874

47 9 0.00986098

48 9 0.00659569

49 9 0.00330436

50 9 0

0 10 0

1 10 0.00362478

2 10 0.00723526

3 10 0.0108172

4 10 0.0143564

5 10 0.017839

6 10 0.0212512

7 10 0.0245795

8 10 0.0278108

9 10 0.0309323

10 10 0.0339318

11 10 0.0367974

12 10 0.0395177

13 10 0.0420821

14 10 0.0444804

15 10 0.0467031

16 10 0.0487415

17 10 0.0505876

18 10 0.0522341

19 10 0.0536743

20 10 0.0549028

21 10 0.0559146

22 10 0.0567057

23 10 0.057273

24 10 0.0576143

25 10 0.0577282

26 10 0.0576143

27 10 0.057273

28 10 0.0567057

29 10 0.0559146

30 10 0.0549028

31 10 0.0536743

32 10 0.0522341

33 10 0.0505876

34 10 0.0487415

35 10 0.0467031

36 10 0.0444804

37 10 0.0420821

38 10 0.0395177

39 10 0.0367974

40 10 0.0339318

41 10 0.0309323

42 10 0.0278108

43 10 0.0245795

44 10 0.0212512

45 10 0.017839

46 10 0.0143564

47 10 0.0108172

48 10 0.00723526

49 10 0.00362478

50 10 0

0 11 0

1 11 0.0039309

2 11 0.00784629

3 11 0.0117307

4 11 0.0155688

5 11 0.0193455

6 11 0.0230458

7 11 0.0266552

8 11 0.0301594

9 11 0.0335446

10 11 0.0367974

11 11 0.0399049

12 11 0.042855

13 11 0.0456359

14 11 0.0482367

15 11 0.0506472

16 11 0.0528578

17 11 0.0548598

18 11 0.0566452

19 11 0.0582072

20 11 0.0595394

21 11 0.0606366

22 11 0.0614945

23 11 0.0621097

24 11 0.0624799

25 11 0.0626034

26 11 0.0624799

27 11 0.0621097

28 11 0.0614945

29 11 0.0606366

30 11 0.0595394

31 11 0.0582072

32 11 0.0566452

33 11 0.0548598

34 11 0.0528578

35 11 0.0506472

36 11 0.0482367

37 11 0.0456359

38 11 0.042855

39 11 0.0399049

40 11 0.0367974

41 11 0.0335446

42 11 0.0301594

43 11 0.0266552

44 11 0.0230458

45 11 0.0193455

46 11 0.0155688

47 11 0.0117307

48 11 0.00784629

49 11 0.0039309

50 11 0

0 12 0

1 12 0.0042215

2 12 0.00842634

3 12 0.0125979

4 12 0.0167198

5 12 0.0207757

6 12 0.0247496

7 12 0.0286258

8 12 0.032389

9 12 0.0360244

10 12 0.0395177

11 12 0.042855

12 12 0.0460231

13 12 0.0490097

14 12 0.0518028

15 12 0.0543914

16 12 0.0567654

17 12 0.0589154

18 12 0.0608329

19 12 0.0625103

20 12 0.063941

21 12 0.0651193

22 12 0.0660406

23 12 0.0667014

24 12 0.0670988

25 12 0.0672315

26 12 0.0670988

27 12 0.0667014

28 12 0.0660406

29 12 0.0651193

30 12 0.063941

31 12 0.0625103

32 12 0.0608329

33 12 0.0589154

34 12 0.0567654

35 12 0.0543914

36 12 0.0518028

37 12 0.0490097

38 12 0.0460231

39 12 0.042855

40 12 0.0395177

41 12 0.0360244

42 12 0.032389

43 12 0.0286258

44 12 0.0247496

45 12 0.0207757

46 12 0.0167198

47 12 0.0125979

48 12 0.00842634

49 12 0.0042215

50 12 0

0 13 0

1 13 0.00449544

2 13 0.00897314

3 13 0.0134154

4 13 0.0178048

5 13 0.0221238

6 13 0.0263556

7 13 0.0304834

8 13 0.0344908

9 13 0.0383621

10 13 0.0420821

11 13 0.0456359

12 13 0.0490097

13 13 0.05219

14 13 0.0551643

15 13 0.057921

16 13 0.060449

17 13 0.0627385

18 13 0.0647804

19 13 0.0665667

20 13 0.0680902

21 13 0.069345

22 13 0.0703261

23 13 0.0710297

24 13 0.071453

25 13 0.0715943

26 13 0.071453

27 13 0.0710297

28 13 0.0703261

29 13 0.069345

30 13 0.0680902

31 13 0.0665667

32 13 0.0647804

33 13 0.0627385

34 13 0.060449

35 13 0.057921

36 13 0.0551643

37 13 0.05219

38 13 0.0490097

39 13 0.0456359

40 13 0.0420821

41 13 0.0383621

42 13 0.0344908

43 13 0.0304834

44 13 0.0263556

45 13 0.0221238

46 13 0.0178048

47 13 0.0134154

48 13 0.00897314

49 13 0.00449544

50 13 0

0 14 0

1 14 0.00475164

2 14 0.00948453

3 14 0.01418

4 14 0.0188195

5 14 0.0233847

6 14 0.0278576

7 14 0.0322206

8 14 0.0364565

9 14 0.0405484

10 14 0.0444804

11 14 0.0482367

12 14 0.0518028

13 14 0.0551643

14 14 0.0583082

15 14 0.061222

16 14 0.0638941

17 14 0.0663141

18 14 0.0684723

19 14 0.0703604

20 14 0.0719707

21 14 0.073297

22 14 0.0743341

23 14 0.0750778

24 14 0.0755252

25 14 0.0756745

26 14 0.0755252

27 14 0.0750778

28 14 0.0743341

29 14 0.073297

30 14 0.0719707

31 14 0.0703604

32 14 0.0684723

33 14 0.0663141

34 14 0.0638941

35 14 0.061222

36 14 0.0583082

37 14 0.0551643

38 14 0.0518028

39 14 0.0482367

40 14 0.0444804

41 14 0.0405484

42 14 0.0364565

43 14 0.0322206

44 14 0.0278576

45 14 0.0233847

46 14 0.0188195

47 14 0.01418

48 14 0.00948453

49 14 0.00475164

50 14 0

0 15 0

1 15 0.00498909

2 15 0.00995849

3 15 0.0148886

4 15 0.0197599

5 15 0.0245533

6 15 0.0292497

7 15 0.0338308

8 15 0.0382783

9 15 0.0425747

10 15 0.0467031

11 15 0.0506472

12 15 0.0543914

13 15 0.057921

14 15 0.061222

15 15 0.0642813

16 15 0.067087

17 15 0.0696279

18 15 0.071894

19 15 0.0738764

20 15 0.0755672

21 15 0.0769598

22 15 0.0780487

23 15 0.0788295

24 15 0.0792993

25 15 0.0794561

26 15 0.0792993

27 15 0.0788295

28 15 0.0780487

29 15 0.0769598

30 15 0.0755672

31 15 0.0738764

32 15 0.071894

33 15 0.0696279

34 15 0.067087

35 15 0.0642813

36 15 0.061222

37 15 0.057921

38 15 0.0543914

39 15 0.0506472

40 15 0.0467031

41 15 0.0425747

42 15 0.0382783

43 15 0.0338308

44 15 0.0292497

45 15 0.0245533

46 15 0.0197599

47 15 0.0148886

48 15 0.00995849

49 15 0.00498909

50 15 0

0 16 0

1 16 0.00520685

2 16 0.0103931

3 16 0.0155384

4 16 0.0206224

5 16 0.0256249

6 16 0.0305264

7 16 0.0353074

8 16 0.039949

9 16 0.0444329

10 16 0.0487415

11 16 0.0528578

12 16 0.0567654

13 16 0.060449

14 16 0.0638941

15 16 0.067087

16 16 0.0700151

17 16 0.0726669

18 16 0.0750319

19 16 0.0771009

20 16 0.0788655

21 16 0.0803189

22 16 0.0814553

23 16 0.0822702

24 16 0.0827604

25 16 0.0829241

26 16 0.0827604

27 16 0.0822702

28 16 0.0814553

29 16 0.0803189

30 16 0.0788655

31 16 0.0771009

32 16 0.0750319

33 16 0.0726669

34 16 0.0700151

35 16 0.067087

36 16 0.0638941

37 16 0.060449

38 16 0.0567654

39 16 0.0528578

40 16 0.0487415

41 16 0.0444329

42 16 0.039949

43 16 0.0353074

44 16 0.0305264

45 16 0.0256249

46 16 0.0206224

47 16 0.0155384

48 16 0.0103931

49 16 0.00520685

50 16 0

0 17 0

1 17 0.00540405

2 17 0.0107868

3 17 0.0161269

4 17 0.0214034

5 17 0.0265955

6 17 0.0316826

7 17 0.0366446

8 17 0.041462

9 17 0.0461158

10 17 0.0505876

11 17 0.0548598

12 17 0.0589154

13 17 0.0627385

14 17 0.0663141

15 17 0.0696279

16 17 0.0726669

17 17 0.0754192

18 17 0.0778738

19 17 0.080021

20 17 0.0818525

21 17 0.0833609

22 17 0.0845404

23 17 0.0853862

24 17 0.085895

25 17 0.0860648

26 17 0.085895

27 17 0.0853862

28 17 0.0845404

29 17 0.0833609

30 17 0.0818525

31 17 0.080021

32 17 0.0778738

33 17 0.0754192

34 17 0.0726669

35 17 0.0696279

36 17 0.0663141

37 17 0.0627385

38 17 0.0589154

39 17 0.0548598

40 17 0.0505876

41 17 0.0461158

42 17 0.041462

43 17 0.0366446

44 17 0.0316826

45 17 0.0265955

46 17 0.0214034

47 17 0.0161269

48 17 0.0107868

49 17 0.00540405

50 17 0

0 18 0

1 18 0.00557993

2 18 0.0111378

3 18 0.0166518

4 18 0.0221

5 18 0.0274611

6 18 0.0327137

7 18 0.0378373

8 18 0.0428115

9 18 0.0476167

10 18 0.0522341

11 18 0.0566452

12 18 0.0608329

13 18 0.0647804

14 18 0.0684723

15 18 0.071894

16 18 0.0750319

17 18 0.0778738

18 18 0.0804083

19 18 0.0826254

20 18 0.0845165

21 18 0.086074

22 18 0.0872918

23 18 0.0881651

24 18 0.0886905

25 18 0.0888659

26 18 0.0886905

27 18 0.0881651

28 18 0.0872918

29 18 0.086074

30 18 0.0845165

31 18 0.0826254

32 18 0.0804083

33 18 0.0778738

34 18 0.0750319

35 18 0.071894

36 18 0.0684723

37 18 0.0647804

38 18 0.0608329

39 18 0.0566452

40 18 0.0522341

41 18 0.0476167

42 18 0.0428115

43 18 0.0378373

44 18 0.0327137

45 18 0.0274611

46 18 0.0221

47 18 0.0166518

48 18 0.0111378

49 18 0.00557993

50 18 0

0 19 0

1 19 0.00573379

2 19 0.011445

3 19 0.017111

4 19 0.0227094

5 19 0.0282183

6 19 0.0336158

7 19 0.0388806

8 19 0.0439919

9 19 0.0489297

10 19 0.0536743

11 19 0.0582072

12 19 0.0625103

13 19 0.0665667

14 19 0.0703604

15 19 0.0738764

16 19 0.0771009

17 19 0.080021

18 19 0.0826254

19 19 0.0849037

20 19 0.0868469

21 19 0.0884474

22 19 0.0896988

23 19 0.0905962

24 19 0.091136

25 19 0.0913162

26 19 0.091136

27 19 0.0905962

28 19 0.0896988

29 19 0.0884474

30 19 0.0868469

31 19 0.0849037

32 19 0.0826254

33 19 0.080021

34 19 0.0771009

35 19 0.0738764

36 19 0.0703604

37 19 0.0665667

38 19 0.0625103

39 19 0.0582072

40 19 0.0536743

41 19 0.0489297

42 19 0.0439919

43 19 0.0388806

44 19 0.0336158

45 19 0.0282183

46 19 0.0227094

47 19 0.017111

48 19 0.011445

49 19 0.00573379

50 19 0

0 20 0

1 20 0.00586503

2 20 0.0117069

3 20 0.0175026

4 20 0.0232292

5 20 0.0288641

6 20 0.0343851

7 20 0.0397704

8 20 0.0449988

9 20 0.0500496

10 20 0.0549028

11 20 0.0595394

12 20 0.063941

13 20 0.0680902

14 20 0.0719707

15 20 0.0755672

16 20 0.0788655

17 20 0.0818525

18 20 0.0845165

19 20 0.0868469

20 20 0.0888346

21 20 0.0904717

22 20 0.0917517

23 20 0.0926697

24 20 0.0932219

25 20 0.0934062

26 20 0.0932219

27 20 0.0926697

28 20 0.0917517

29 20 0.0904717

30 20 0.0888346

31 20 0.0868469

32 20 0.0845165

33 20 0.0818525

34 20 0.0788655

35 20 0.0755672

36 20 0.0719707

37 20 0.0680902

38 20 0.063941

39 20 0.0595394

40 20 0.0549028

41 20 0.0500496

42 20 0.0449988

43 20 0.0397704

44 20 0.0343851

45 20 0.0288641

46 20 0.0232292

47 20 0.0175026

48 20 0.0117069

49 20 0.00586503

50 20 0

0 21 0

1 21 0.00597311

2 21 0.0119226

3 21 0.0178251

4 21 0.0236573

5 21 0.029396

6 21 0.0350188

7 21 0.0405033

8 21 0.0458281

9 21 0.0509719

10 21 0.0559146

11 21 0.0606366

12 21 0.0651193

13 21 0.069345

14 21 0.073297

15 21 0.0769598

16 21 0.0803189

17 21 0.0833609

18 21 0.086074

19 21 0.0884474

20 21 0.0904717

21 21 0.092139

22 21 0.0934426

23 21 0.0943775

24 21 0.0949399

25 21 0.0951276

26 21 0.0949399

27 21 0.0943775

28 21 0.0934426

29 21 0.092139

30 21 0.0904717

31 21 0.0884474

32 21 0.086074

33 21 0.0833609

34 21 0.0803189

35 21 0.0769598

36 21 0.073297

37 21 0.069345

38 21 0.0651193

39 21 0.0606366

40 21 0.0559146

41 21 0.0509719

42 21 0.0458281

43 21 0.0405033

44 21 0.0350188

45 21 0.029396

46 21 0.0236573

47 21 0.0178251

48 21 0.0119226

49 21 0.00597311

50 21 0

0 22 0

1 22 0.00605762

2 22 0.0120913

3 22 0.0180773

4 22 0.023992

5 22 0.0298119

6 22 0.0355143

7 22 0.0410764

8 22 0.0464765

9 22 0.0516931

10 22 0.0567057

11 22 0.0614945

12 22 0.0660406

13 22 0.0703261

14 22 0.0743341

15 22 0.0780487

16 22 0.0814553

17 22 0.0845404

18 22 0.0872918

19 22 0.0896988

20 22 0.0917517

21 22 0.0934426

22 22 0.0947647

23 22 0.0957128

24 22 0.0962831

25 22 0.0964735

26 22 0.0962831

27 22 0.0957128

28 22 0.0947647

29 22 0.0934426

30 22 0.0917517

31 22 0.0896988

32 22 0.0872918

33 22 0.0845404

34 22 0.0814553

35 22 0.0780487

36 22 0.0743341

37 22 0.0703261

38 22 0.0660406

39 22 0.0614945

40 22 0.0567057

41 22 0.0516931

42 22 0.0464765

43 22 0.0410764

44 22 0.0355143

45 22 0.0298119

46 22 0.023992

47 22 0.0180773

48 22 0.0120913

49 22 0.00605762

50 22 0

0 23 0

1 23 0.00611822

2 23 0.0122123

3 23 0.0182582

4 23 0.024232

5 23 0.0301102

6 23 0.0358696

7 23 0.0414874

8 23 0.0469414

9 23 0.0522103

10 23 0.057273

11 23 0.0621097

12 23 0.0667014

13 23 0.0710297

14 23 0.0750778

15 23 0.0788295

16 23 0.0822702

17 23 0.0853862

18 23 0.0881651

19 23 0.0905962

20 23 0.0926697

21 23 0.0943775

22 23 0.0957128

23 23 0.0966703

24 23 0.0972464

25 23 0.0974387

26 23 0.0972464

27 23 0.0966703

28 23 0.0957128

29 23 0.0943775

30 23 0.0926697

31 23 0.0905962

32 23 0.0881651

33 23 0.0853862

34 23 0.0822702

35 23 0.0788295

36 23 0.0750778

37 23 0.0710297

38 23 0.0667014

39 23 0.0621097

40 23 0.057273

41 23 0.0522103

42 23 0.0469414

43 23 0.0414874

44 23 0.0358696

45 23 0.0301102

46 23 0.024232

47 23 0.0182582

48 23 0.0122123

49 23 0.00611822

50 23 0

0 24 0

1 24 0.00615468

2 24 0.0122851

3 24 0.018367

4 24 0.0243764

5 24 0.0302896

6 24 0.0360833

7 24 0.0417346

8 24 0.0472212

9 24 0.0525214

10 24 0.0576143

11 24 0.0624799

12 24 0.0670988

13 24 0.071453

14 24 0.0755252

15 24 0.0792993

16 24 0.0827604

17 24 0.085895

18 24 0.0886905

19 24 0.091136

20 24 0.0932219

21 24 0.0949399

22 24 0.0962831

23 24 0.0972464

24 24 0.0978259

25 24 0.0980193

26 24 0.0978259

27 24 0.0972464

28 24 0.0962831

29 24 0.0949399

30 24 0.0932219

31 24 0.091136

32 24 0.0886905

33 24 0.085895

34 24 0.0827604

35 24 0.0792993

36 24 0.0755252

37 24 0.071453

38 24 0.0670988

39 24 0.0624799

40 24 0.0576143

41 24 0.0525214

42 24 0.0472212

43 24 0.0417346

44 24 0.0360833

45 24 0.0302896

46 24 0.0243764

47 24 0.018367

48 24 0.0122851

49 24 0.00615468

50 24 0

0 25 0

1 25 0.00616685

2 25 0.0123094

3 25 0.0184033

4 25 0.0244246

5 25 0.0303495

6 25 0.0361547

7 25 0.0418171

8 25 0.0473145

9 25 0.0526252

10 25 0.0577282

11 25 0.0626034

12 25 0.0672315

13 25 0.0715943

14 25 0.0756745

15 25 0.0794561

16 25 0.0829241

17 25 0.0860648

18 25 0.0888659

19 25 0.0913162

20 25 0.0934062

21 25 0.0951276

22 25 0.0964735

23 25 0.0974387

24 25 0.0980193

25 25 0.0982131

26 25 0.0980193

27 25 0.0974387

28 25 0.0964735

29 25 0.0951276

30 25 0.0934062

31 25 0.0913162

32 25 0.0888659

33 25 0.0860648

34 25 0.0829241

35 25 0.0794561

36 25 0.0756745

37 25 0.0715943

38 25 0.0672315

39 25 0.0626034

40 25 0.0577282

41 25 0.0526252

42 25 0.0473145

43 25 0.0418171

44 25 0.0361547

45 25 0.0303495

46 25 0.0244246

47 25 0.0184033

48 25 0.0123094

49 25 0.00616685

50 25 0

0 26 0

1 26 0.00615468

2 26 0.0122851

3 26 0.018367

4 26 0.0243764

5 26 0.0302896

6 26 0.0360833

7 26 0.0417346

8 26 0.0472212

9 26 0.0525214

10 26 0.0576143

11 26 0.0624799

12 26 0.0670988

13 26 0.071453

14 26 0.0755252

15 26 0.0792993

16 26 0.0827604

17 26 0.085895

18 26 0.0886905

19 26 0.091136

20 26 0.0932219

21 26 0.0949399

22 26 0.0962831

23 26 0.0972464

24 26 0.0978259

25 26 0.0980193

26 26 0.0978259

27 26 0.0972464

28 26 0.0962831

29 26 0.0949399

30 26 0.0932219

31 26 0.091136

32 26 0.0886905

33 26 0.085895

34 26 0.0827604

35 26 0.0792993

36 26 0.0755252

37 26 0.071453

38 26 0.0670988

39 26 0.0624799

40 26 0.0576143

41 26 0.0525214

42 26 0.0472212

43 26 0.0417346

44 26 0.0360833

45 26 0.0302896

46 26 0.0243764

47 26 0.018367

48 26 0.0122851

49 26 0.00615468

50 26 0

0 27 0

1 27 0.00611822

2 27 0.0122123

3 27 0.0182582

4 27 0.024232

5 27 0.0301102

6 27 0.0358696

7 27 0.0414874

8 27 0.0469414

9 27 0.0522103

10 27 0.057273

11 27 0.0621097

12 27 0.0667014

13 27 0.0710297

14 27 0.0750778

15 27 0.0788295

16 27 0.0822702

17 27 0.0853862

18 27 0.0881651

19 27 0.0905962

20 27 0.0926697

21 27 0.0943775

22 27 0.0957128

23 27 0.0966703

24 27 0.0972464

25 27 0.0974387

26 27 0.0972464

27 27 0.0966703

28 27 0.0957128

29 27 0.0943775

30 27 0.0926697

31 27 0.0905962

32 27 0.0881651

33 27 0.0853862

34 27 0.0822702

35 27 0.0788295

36 27 0.0750778

37 27 0.0710297

38 27 0.0667014

39 27 0.0621097

40 27 0.057273

41 27 0.0522103

42 27 0.0469414

43 27 0.0414874

44 27 0.0358696

45 27 0.0301102

46 27 0.024232

47 27 0.0182582

48 27 0.0122123

49 27 0.00611822

50 27 0

0 28 0

1 28 0.00605762

2 28 0.0120913

3 28 0.0180773

4 28 0.023992

5 28 0.0298119

6 28 0.0355143

7 28 0.0410764

8 28 0.0464765

9 28 0.0516931

10 28 0.0567057

11 28 0.0614945

12 28 0.0660406

13 28 0.0703261

14 28 0.0743341

15 28 0.0780487

16 28 0.0814553

17 28 0.0845404

18 28 0.0872918

19 28 0.0896988

20 28 0.0917517

21 28 0.0934426

22 28 0.0947647

23 28 0.0957128

24 28 0.0962831

25 28 0.0964735

26 28 0.0962831

27 28 0.0957128

28 28 0.0947647

29 28 0.0934426

30 28 0.0917517

31 28 0.0896988

32 28 0.0872918

33 28 0.0845404

34 28 0.0814553

35 28 0.0780487

36 28 0.0743341

37 28 0.0703261

38 28 0.0660406

39 28 0.0614945

40 28 0.0567057

41 28 0.0516931

42 28 0.0464765

43 28 0.0410764

44 28 0.0355143

45 28 0.0298119

46 28 0.023992

47 28 0.0180773

48 28 0.0120913

49 28 0.00605762

50 28 0

0 29 0

1 29 0.00597311

2 29 0.0119226

3 29 0.0178251

4 29 0.0236573

5 29 0.029396

6 29 0.0350188

7 29 0.0405033

8 29 0.0458281

9 29 0.0509719

10 29 0.0559146

11 29 0.0606366

12 29 0.0651193

13 29 0.069345

14 29 0.073297

15 29 0.0769598

16 29 0.0803189

17 29 0.0833609

18 29 0.086074

19 29 0.0884474

20 29 0.0904717

21 29 0.092139

22 29 0.0934426

23 29 0.0943775

24 29 0.0949399

25 29 0.0951276

26 29 0.0949399

27 29 0.0943775

28 29 0.0934426

29 29 0.092139

30 29 0.0904717

31 29 0.0884474

32 29 0.086074

33 29 0.0833609

34 29 0.0803189

35 29 0.0769598

36 29 0.073297

37 29 0.069345

38 29 0.0651193

39 29 0.0606366

40 29 0.0559146

41 29 0.0509719

42 29 0.0458281

43 29 0.0405033

44 29 0.0350188

45 29 0.029396

46 29 0.0236573

47 29 0.0178251

48 29 0.0119226

49 29 0.00597311

50 29 0

0 30 0

1 30 0.00586503

2 30 0.0117069

3 30 0.0175026

4 30 0.0232292

5 30 0.0288641

6 30 0.0343851

7 30 0.0397704

8 30 0.0449988

9 30 0.0500496

10 30 0.0549028

11 30 0.0595394

12 30 0.063941

13 30 0.0680902

14 30 0.0719707

15 30 0.0755672

16 30 0.0788655

17 30 0.0818525

18 30 0.0845165

19 30 0.0868469

20 30 0.0888346

21 30 0.0904717

22 30 0.0917517

23 30 0.0926697

24 30 0.0932219

25 30 0.0934062

26 30 0.0932219

27 30 0.0926697

28 30 0.0917517

29 30 0.0904717

30 30 0.0888346

31 30 0.0868469

32 30 0.0845165

33 30 0.0818525

34 30 0.0788655

35 30 0.0755672

36 30 0.0719707

37 30 0.0680902

38 30 0.063941

39 30 0.0595394

40 30 0.0549028

41 30 0.0500496

42 30 0.0449988

43 30 0.0397704

44 30 0.0343851

45 30 0.0288641

46 30 0.0232292

47 30 0.0175026

48 30 0.0117069

49 30 0.00586503

50 30 0

0 31 0

1 31 0.00573379

2 31 0.011445

3 31 0.017111

4 31 0.0227094

5 31 0.0282183

6 31 0.0336158

7 31 0.0388806

8 31 0.0439919

9 31 0.0489297

10 31 0.0536743

11 31 0.0582072

12 31 0.0625103

13 31 0.0665667

14 31 0.0703604

15 31 0.0738764

16 31 0.0771009

17 31 0.080021

18 31 0.0826254

19 31 0.0849037

20 31 0.0868469

21 31 0.0884474

22 31 0.0896988

23 31 0.0905962

24 31 0.091136

25 31 0.0913162

26 31 0.091136

27 31 0.0905962

28 31 0.0896988

29 31 0.0884474

30 31 0.0868469

31 31 0.0849037

32 31 0.0826254

33 31 0.080021

34 31 0.0771009

35 31 0.0738764

36 31 0.0703604

37 31 0.0665667

38 31 0.0625103

39 31 0.0582072

40 31 0.0536743

41 31 0.0489297

42 31 0.0439919

43 31 0.0388806

44 31 0.0336158

45 31 0.0282183

46 31 0.0227094

47 31 0.017111

48 31 0.011445

49 31 0.00573379

50 31 0

0 32 0

1 32 0.00557993

2 32 0.0111378

3 32 0.0166518

4 32 0.0221

5 32 0.0274611

6 32 0.0327137

7 32 0.0378373

8 32 0.0428115

9 32 0.0476167

10 32 0.0522341

11 32 0.0566452

12 32 0.0608329

13 32 0.0647804

14 32 0.0684723

15 32 0.071894

16 32 0.0750319

17 32 0.0778738

18 32 0.0804083

19 32 0.0826254

20 32 0.0845165

21 32 0.086074

22 32 0.0872918

23 32 0.0881651

24 32 0.0886905

25 32 0.0888659

26 32 0.0886905

27 32 0.0881651

28 32 0.0872918

29 32 0.086074

30 32 0.0845165

31 32 0.0826254

32 32 0.0804083

33 32 0.0778738

34 32 0.0750319

35 32 0.071894

36 32 0.0684723

37 32 0.0647804

38 32 0.0608329

39 32 0.0566452

40 32 0.0522341

41 32 0.0476167

42 32 0.0428115

43 32 0.0378373

44 32 0.0327137

45 32 0.0274611

46 32 0.0221

47 32 0.0166518

48 32 0.0111378

49 32 0.00557993

50 32 0

0 33 0

1 33 0.00540405

2 33 0.0107868

3 33 0.0161269

4 33 0.0214034

5 33 0.0265955

6 33 0.0316826

7 33 0.0366446

8 33 0.041462

9 33 0.0461158

10 33 0.0505876

11 33 0.0548598

12 33 0.0589154

13 33 0.0627385

14 33 0.0663141

15 33 0.0696279

16 33 0.0726669

17 33 0.0754192

18 33 0.0778738

19 33 0.080021

20 33 0.0818525

21 33 0.0833609

22 33 0.0845404

23 33 0.0853862

24 33 0.085895

25 33 0.0860648

26 33 0.085895

27 33 0.0853862

28 33 0.0845404

29 33 0.0833609

30 33 0.0818525

31 33 0.080021

32 33 0.0778738

33 33 0.0754192

34 33 0.0726669

35 33 0.0696279

36 33 0.0663141

37 33 0.0627385

38 33 0.0589154

39 33 0.0548598

40 33 0.0505876

41 33 0.0461158

42 33 0.041462

43 33 0.0366446

44 33 0.0316826

45 33 0.0265955

46 33 0.0214034

47 33 0.0161269

48 33 0.0107868

49 33 0.00540405

50 33 0

0 34 0

1 34 0.00520685

2 34 0.0103931

3 34 0.0155384

4 34 0.0206224

5 34 0.0256249

6 34 0.0305264

7 34 0.0353074

8 34 0.039949

9 34 0.0444329

10 34 0.0487415

11 34 0.0528578

12 34 0.0567654

13 34 0.060449

14 34 0.0638941

15 34 0.067087

16 34 0.0700151

17 34 0.0726669

18 34 0.0750319

19 34 0.0771009

20 34 0.0788655

21 34 0.0803189

22 34 0.0814553

23 34 0.0822702

24 34 0.0827604

25 34 0.0829241

26 34 0.0827604

27 34 0.0822702

28 34 0.0814553

29 34 0.0803189

30 34 0.0788655

31 34 0.0771009

32 34 0.0750319

33 34 0.0726669

34 34 0.0700151

35 34 0.067087

36 34 0.0638941

37 34 0.060449

38 34 0.0567654

39 34 0.0528578

40 34 0.0487415

41 34 0.0444329

42 34 0.039949

43 34 0.0353074

44 34 0.0305264

45 34 0.0256249

46 34 0.0206224

47 34 0.0155384

48 34 0.0103931

49 34 0.00520685

50 34 0

0 35 0

1 35 0.00498909

2 35 0.00995849

3 35 0.0148886

4 35 0.0197599

5 35 0.0245533

6 35 0.0292497

7 35 0.0338308

8 35 0.0382783

9 35 0.0425747

10 35 0.0467031

11 35 0.0506472

12 35 0.0543914

13 35 0.057921

14 35 0.061222

15 35 0.0642813

16 35 0.067087

17 35 0.0696279

18 35 0.071894

19 35 0.0738764

20 35 0.0755672

21 35 0.0769598

22 35 0.0780487

23 35 0.0788295

24 35 0.0792993

25 35 0.0794561

26 35 0.0792993

27 35 0.0788295

28 35 0.0780487

29 35 0.0769598

30 35 0.0755672

31 35 0.0738764

32 35 0.071894

33 35 0.0696279

34 35 0.067087

35 35 0.0642813

36 35 0.061222

37 35 0.057921

38 35 0.0543914

39 35 0.0506472

40 35 0.0467031

41 35 0.0425747

42 35 0.0382783

43 35 0.0338308

44 35 0.0292497

45 35 0.0245533

46 35 0.0197599

47 35 0.0148886

48 35 0.00995849

49 35 0.00498909

50 35 0

0 36 0

1 36 0.00475164

2 36 0.00948453

3 36 0.01418

4 36 0.0188195

5 36 0.0233847

6 36 0.0278576

7 36 0.0322206

8 36 0.0364565

9 36 0.0405484

10 36 0.0444804

11 36 0.0482367

12 36 0.0518028

13 36 0.0551643

14 36 0.0583082

15 36 0.061222

16 36 0.0638941

17 36 0.0663141

18 36 0.0684723

19 36 0.0703604

20 36 0.0719707

21 36 0.073297

22 36 0.0743341

23 36 0.0750778

24 36 0.0755252

25 36 0.0756745

26 36 0.0755252

27 36 0.0750778

28 36 0.0743341

29 36 0.073297

30 36 0.0719707

31 36 0.0703604

32 36 0.0684723

33 36 0.0663141

34 36 0.0638941

35 36 0.061222

36 36 0.0583082

37 36 0.0551643

38 36 0.0518028

39 36 0.0482367

40 36 0.0444804

41 36 0.0405484

42 36 0.0364565

43 36 0.0322206

44 36 0.0278576

45 36 0.0233847

46 36 0.0188195

47 36 0.01418

48 36 0.00948453

49 36 0.00475164

50 36 0

0 37 0

1 37 0.00449544

2 37 0.00897314

3 37 0.0134154

4 37 0.0178048

5 37 0.0221238

6 37 0.0263556

7 37 0.0304834

8 37 0.0344908

9 37 0.0383621

10 37 0.0420821

11 37 0.0456359

12 37 0.0490097

13 37 0.05219

14 37 0.0551643

15 37 0.057921

16 37 0.060449

17 37 0.0627385

18 37 0.0647804

19 37 0.0665667

20 37 0.0680902

21 37 0.069345

22 37 0.0703261

23 37 0.0710297

24 37 0.071453

25 37 0.0715943

26 37 0.071453

27 37 0.0710297

28 37 0.0703261

29 37 0.069345

30 37 0.0680902

31 37 0.0665667

32 37 0.0647804

33 37 0.0627385

34 37 0.060449

35 37 0.057921

36 37 0.0551643

37 37 0.05219

38 37 0.0490097

39 37 0.0456359

40 37 0.0420821

41 37 0.0383621

42 37 0.0344908

43 37 0.0304834

44 37 0.0263556

45 37 0.0221238

46 37 0.0178048

47 37 0.0134154

48 37 0.00897314

49 37 0.00449544

50 37 0

0 38 0

1 38 0.0042215

2 38 0.00842634

3 38 0.0125979

4 38 0.0167198

5 38 0.0207757

6 38 0.0247496

7 38 0.0286258

8 38 0.032389

9 38 0.0360244

10 38 0.0395177

11 38 0.042855

12 38 0.0460231

13 38 0.0490097

14 38 0.0518028

15 38 0.0543914

16 38 0.0567654

17 38 0.0589154

18 38 0.0608329

19 38 0.0625103

20 38 0.063941

21 38 0.0651193

22 38 0.0660406

23 38 0.0667014

24 38 0.0670988

25 38 0.0672315

26 38 0.0670988

27 38 0.0667014

28 38 0.0660406

29 38 0.0651193

30 38 0.063941

31 38 0.0625103

32 38 0.0608329

33 38 0.0589154

34 38 0.0567654

35 38 0.0543914

36 38 0.0518028

37 38 0.0490097

38 38 0.0460231

39 38 0.042855

40 38 0.0395177

41 38 0.0360244

42 38 0.032389

43 38 0.0286258

44 38 0.0247496

45 38 0.0207757

46 38 0.0167198

47 38 0.0125979

48 38 0.00842634

49 38 0.0042215

50 38 0

0 39 0

1 39 0.0039309

2 39 0.00784629

3 39 0.0117307

4 39 0.0155688

5 39 0.0193455

6 39 0.0230458

7 39 0.0266552

8 39 0.0301594

9 39 0.0335446

10 39 0.0367974

11 39 0.0399049

12 39 0.042855

13 39 0.0456359

14 39 0.0482367

15 39 0.0506472

16 39 0.0528578

17 39 0.0548598

18 39 0.0566452

19 39 0.0582072

20 39 0.0595394

21 39 0.0606366

22 39 0.0614945

23 39 0.0621097

24 39 0.0624799

25 39 0.0626034

26 39 0.0624799

27 39 0.0621097

28 39 0.0614945

29 39 0.0606366

30 39 0.0595394

31 39 0.0582072

32 39 0.0566452

33 39 0.0548598

34 39 0.0528578

35 39 0.0506472

36 39 0.0482367

37 39 0.0456359

38 39 0.042855

39 39 0.0399049

40 39 0.0367974

41 39 0.0335446

42 39 0.0301594

43 39 0.0266552

44 39 0.0230458

45 39 0.0193455

46 39 0.0155688

47 39 0.0117307

48 39 0.00784629

49 39 0.0039309

50 39 0

0 40 0

1 40 0.00362478

2 40 0.00723526

3 40 0.0108172

4 40 0.0143564

5 40 0.017839

6 40 0.0212512

7 40 0.0245795

8 40 0.0278108

9 40 0.0309323

10 40 0.0339318

11 40 0.0367974

12 40 0.0395177

13 40 0.0420821

14 40 0.0444804

15 40 0.0467031

16 40 0.0487415

17 40 0.0505876

18 40 0.0522341

19 40 0.0536743

20 40 0.0549028

21 40 0.0559146

22 40 0.0567057

23 40 0.057273

24 40 0.0576143

25 40 0.0577282

26 40 0.0576143

27 40 0.057273

28 40 0.0567057

29 40 0.0559146

30 40 0.0549028

31 40 0.0536743

32 40 0.0522341

33 40 0.0505876

34 40 0.0487415

35 40 0.0467031

36 40 0.0444804

37 40 0.0420821

38 40 0.0395177

39 40 0.0367974

40 40 0.0339318

41 40 0.0309323

42 40 0.0278108

43 40 0.0245795

44 40 0.0212512

45 40 0.017839

46 40 0.0143564

47 40 0.0108172

48 40 0.00723526

49 40 0.00362478

50 40 0

0 41 0

1 41 0.00330436

2 41 0.00659569

3 41 0.00986098

4 41 0.0130874

5 41 0.0162621

6 41 0.0193726

7 41 0.0224067

8 41 0.0253524

9 41 0.028198

10 41 0.0309323

11 41 0.0335446

12 41 0.0360244

13 41 0.0383621

14 41 0.0405484

15 41 0.0425747

16 41 0.0444329

17 41 0.0461158

18 41 0.0476167

19 41 0.0489297

20 41 0.0500496

21 41 0.0509719

22 41 0.0516931

23 41 0.0522103

24 41 0.0525214

25 41 0.0526252

26 41 0.0525214

27 41 0.0522103

28 41 0.0516931

29 41 0.0509719

30 41 0.0500496

31 41 0.0489297

32 41 0.0476167

33 41 0.0461158

34 41 0.0444329

35 41 0.0425747

36 41 0.0405484

37 41 0.0383621

38 41 0.0360244

39 41 0.0335446

40 41 0.0309323

41 41 0.028198

42 41 0.0253524

43 41 0.0224067

44 41 0.0193726

45 41 0.0162621

46 41 0.0130874

47 41 0.00986098

48 41 0.00659569

49 41 0.00330436

50 41 0

0 42 0

1 42 0.0029709

2 42 0.00593008

3 42 0.00886586

4 42 0.0117666

5 42 0.014621

6 42 0.0174176

7 42 0.0201455

8 42 0.0227939

9 42 0.0253524

10 42 0.0278108

11 42 0.0301594

12 42 0.032389

13 42 0.0344908

14 42 0.0364565

15 42 0.0382783

16 42 0.039949

17 42 0.041462

18 42 0.0428115

19 42 0.0439919

20 42 0.0449988

21 42 0.0458281

22 42 0.0464765

23 42 0.0469414

24 42 0.0472212

25 42 0.0473145

26 42 0.0472212

27 42 0.0469414

28 42 0.0464765

29 42 0.0458281

30 42 0.0449988

31 42 0.0439919

32 42 0.0428115

33 42 0.041462

34 42 0.039949

35 42 0.0382783

36 42 0.0364565

37 42 0.0344908

38 42 0.032389

39 42 0.0301594

40 42 0.0278108

41 42 0.0253524

42 42 0.0227939

43 42 0.0201455

44 42 0.0174176

45 42 0.014621

46 42 0.0117666

47 42 0.00886586

48 42 0.00593008

49 42 0.0029709

50 42 0

0 43 0

1 43 0.00262572

2 43 0.00524107

3 43 0.00783574

4 43 0.0103995

5 43 0.0129222

6 43 0.0153939

7 43 0.0178049

8 43 0.0201455

9 43 0.0224067

10 43 0.0245795

11 43 0.0266552

12 43 0.0286258

13 43 0.0304834

14 43 0.0322206

15 43 0.0338308

16 43 0.0353074

17 43 0.0366446

18 43 0.0378373

19 43 0.0388806

20 43 0.0397704

21 43 0.0405033

22 43 0.0410764

23 43 0.0414874

24 43 0.0417346

25 43 0.0418171

26 43 0.0417346

27 43 0.0414874

28 43 0.0410764

29 43 0.0405033

30 43 0.0397704

31 43 0.0388806

32 43 0.0378373

33 43 0.0366446

34 43 0.0353074

35 43 0.0338308

36 43 0.0322206

37 43 0.0304834

38 43 0.0286258

39 43 0.0266552

40 43 0.0245795

41 43 0.0224067

42 43 0.0201455

43 43 0.0178049

44 43 0.0153939

45 43 0.0129222

46 43 0.0103995

47 43 0.00783574

48 43 0.00524107

49 43 0.00262572

50 43 0

0 44 0

1 44 0.00227017

2 44 0.00453138

3 44 0.00677471

4 44 0.0089913

5 44 0.0111724

6 44 0.0133094

7 44 0.0153939

8 44 0.0174176

9 44 0.0193726

10 44 0.0212512

11 44 0.0230458

12 44 0.0247496

13 44 0.0263556

14 44 0.0278576

15 44 0.0292497

16 44 0.0305264

17 44 0.0316826

18 44 0.0327137

19 44 0.0336158

20 44 0.0343851

21 44 0.0350188

22 44 0.0355143

23 44 0.0358696

24 44 0.0360833

25 44 0.0361547

26 44 0.0360833

27 44 0.0358696

28 44 0.0355143

29 44 0.0350188

30 44 0.0343851

31 44 0.0336158

32 44 0.0327137

33 44 0.0316826

34 44 0.0305264

35 44 0.0292497

36 44 0.0278576

37 44 0.0263556

38 44 0.0247496

39 44 0.0230458

40 44 0.0212512

41 44 0.0193726

42 44 0.0174176

43 44 0.0153939

44 44 0.0133094

45 44 0.0111724

46 44 0.0089913

47 44 0.00677471

48 44 0.00453138

49 44 0.00227017

50 44 0

0 45 0

1 45 0.00190566

2 45 0.0038038

3 45 0.00568693

4 45 0.00754762

5 45 0.00937852

6 45 0.0111724

7 45 0.0129222

8 45 0.014621

9 45 0.0162621

10 45 0.017839

11 45 0.0193455

12 45 0.0207757

13 45 0.0221238

14 45 0.0233847

15 45 0.0245533

16 45 0.0256249

17 45 0.0265955

18 45 0.0274611

19 45 0.0282183

20 45 0.0288641

21 45 0.029396

22 45 0.0298119

23 45 0.0301102

24 45 0.0302896

25 45 0.0303495

26 45 0.0302896

27 45 0.0301102

28 45 0.0298119

29 45 0.029396

30 45 0.0288641

31 45 0.0282183

32 45 0.0274611

33 45 0.0265955

34 45 0.0256249

35 45 0.0245533

36 45 0.0233847

37 45 0.0221238

38 45 0.0207757

39 45 0.0193455

40 45 0.017839

41 45 0.0162621

42 45 0.014621

43 45 0.0129222

44 45 0.0111724

45 45 0.00937852

46 45 0.00754762

47 45 0.00568693

48 45 0.0038038

49 45 0.00190566

50 45 0

0 46 0

1 46 0.00153363

2 46 0.00306122

3 46 0.00457672

4 46 0.00607415

5 46 0.00754762

6 46 0.0089913

7 46 0.0103995

8 46 0.0117666

9 46 0.0130874

10 46 0.0143564

11 46 0.0155688

12 46 0.0167198

13 46 0.0178048

14 46 0.0188195

15 46 0.0197599

16 46 0.0206224

17 46 0.0214034

18 46 0.0221

19 46 0.0227094

20 46 0.0232292

21 46 0.0236573

22 46 0.023992

23 46 0.024232

24 46 0.0243764

25 46 0.0244246

26 46 0.0243764

27 46 0.024232

28 46 0.023992

29 46 0.0236573

30 46 0.0232292

31 46 0.0227094

32 46 0.0221

33 46 0.0214034

34 46 0.0206224

35 46 0.0197599

36 46 0.0188195

37 46 0.0178048

38 46 0.0167198

39 46 0.0155688

40 46 0.0143564

41 46 0.0130874

42 46 0.0117666

43 46 0.0103995

44 46 0.0089913

45 46 0.00754762

46 46 0.00607415

47 46 0.00457672

48 46 0.00306122

49 46 0.00153363

50 46 0

0 47 0

1 47 0.00115555

2 47 0.00230655

3 47 0.00344843

4 47 0.00457672

5 47 0.00568693

6 47 0.00677471

7 47 0.00783574

8 47 0.00886586

9 47 0.00986098

10 47 0.0108172

11 47 0.0117307

12 47 0.0125979

13 47 0.0134154

14 47 0.01418

15 47 0.0148886

16 47 0.0155384

17 47 0.0161269

18 47 0.0166518

19 47 0.017111

20 47 0.0175026

21 47 0.0178251

22 47 0.0180773

23 47 0.0182582

24 47 0.018367

25 47 0.0184033

26 47 0.018367

27 47 0.0182582

28 47 0.0180773

29 47 0.0178251

30 47 0.0175026

31 47 0.017111

32 47 0.0166518

33 47 0.0161269

34 47 0.0155384

35 47 0.0148886

36 47 0.01418

37 47 0.0134154

38 47 0.0125979

39 47 0.0117307

40 47 0.0108172

41 47 0.00986098

42 47 0.00886586

43 47 0.00783574

44 47 0.00677471

45 47 0.00568693

46 47 0.00457672

47 47 0.00344843

48 47 0.00230655

49 47 0.00115555

50 47 0

0 48 0

1 48 0.000772912

2 48 0.00154277

3 48 0.00230655

4 48 0.00306122

5 48 0.0038038

6 48 0.00453138

7 48 0.00524107

8 48 0.00593008

9 48 0.00659569

10 48 0.00723526

11 48 0.00784629

12 48 0.00842634

13 48 0.00897314

14 48 0.00948453

15 48 0.00995849

16 48 0.0103931

17 48 0.0107868

18 48 0.0111378

19 48 0.011445

20 48 0.0117069

21 48 0.0119226

22 48 0.0120913

23 48 0.0122123

24 48 0.0122851

25 48 0.0123094

26 48 0.0122851

27 48 0.0122123

28 48 0.0120913

29 48 0.0119226

30 48 0.0117069

31 48 0.011445

32 48 0.0111378

33 48 0.0107868

34 48 0.0103931

35 48 0.00995849

36 48 0.00948453

37 48 0.00897314

38 48 0.00842634

39 48 0.00784629

40 48 0.00723526

41 48 0.00659569

42 48 0.00593008

43 48 0.00524107

44 48 0.00453138

45 48 0.0038038

46 48 0.00306122

47 48 0.00230655

48 48 0.00154277

49 48 0.000772912

50 48 0

0 49 0

1 49 0.00038722

2 49 0.000772912

