0 1 0

1 1 0.00213012

2 1 0.00425184

3 1 0.00635677

4 1 0.00843662

5 1 0.0104832

6 1 0.0124884

7 1 0.0144443

8 1 0.0163431

9 1 0.0181775

10 1 0.0199402

11 1 0.0216241

12 1 0.0232228

13 1 0.0247297

14 1 0.0261391

15 1 0.0274453

16 1 0.0286432

17 1 0.0297281

18 1 0.0306956

19 1 0.031542

20 1 0.0322639

21 1 0.0328585

22 1 0.0333234

23 1 0.0336568

24 1 0.0338573

25 1 0.0339243

26 1 0.0338573

27 1 0.0336568

28 1 0.0333234

29 1 0.0328585

30 1 0.0322639

31 1 0.031542

32 1 0.0306956

33 1 0.0297281

34 1 0.0286432

35 1 0.0274453

36 1 0.0261391

37 1 0.0247297

38 1 0.0232228

39 1 0.0216241

40 1 0.0199402

41 1 0.0181775

42 1 0.0163431

43 1 0.0144443

44 1 0.0124884

45 1 0.0104832

46 1 0.00843662

47 1 0.00635677

48 1 0.00425184

49 1 0.00213012

50 1 0

0 2 0

1 2 0.00425184

2 2 0.0084869

3 2 0.0126885

4 2 0.0168399

5 2 0.020925

6 2 0.0249274

7 2 0.0288315

8 2 0.0326218

9 2 0.0362833

10 2 0.0398017

11 2 0.0431629

12 2 0.0463539

13 2 0.0493619

14 2 0.052175

15 2 0.0547823

16 2 0.0571734

17 2 0.0593388

18 2 0.06127

19 2 0.0629595

20 2 0.0644005

21 2 0.0655873

22 2 0.0665152

23 2 0.0671807

24 2 0.067581

25 2 0.0677146

26 2 0.067581

27 2 0.0671807

28 2 0.0665152

29 2 0.0655873

30 2 0.0644005

31 2 0.0629595

32 2 0.06127

33 2 0.0593388

34 2 0.0571734

35 2 0.0547823

36 2 0.052175

37 2 0.0493619

38 2 0.0463539

39 2 0.0431629

40 2 0.0398017

41 2 0.0362833

42 2 0.0326218

43 2 0.0288315

44 2 0.0249274

45 2 0.020925

46 2 0.0168399

47 2 0.0126885

48 2 0.0084869

49 2 0.00425184

50 2 0

0 3 0

1 3 0.00635677

2 3 0.0126885

3 3 0.0189701

4 3 0.0251768

5 3 0.0312842

6 3 0.0372681

7 3 0.043105

8 3 0.0487717

9 3 0.0542459

10 3 0.0595061

11 3 0.0645314

12 3 0.069302

13 3 0.0737992

14 3 0.0780051

15 3 0.0819031

16 3 0.0854779

17 3 0.0887154

18 3 0.0916027

19 3 0.0941285

20 3 0.0962829

21 3 0.0980572

22 3 0.0994446

23 3 0.10044

24 3 0.101038

25 3 0.101238

26 3 0.101038

27 3 0.10044

28 3 0.0994446

29 3 0.0980572

30 3 0.0962829

31 3 0.0941285

32 3 0.0916027

33 3 0.0887154

34 3 0.0854779

35 3 0.0819031

36 3 0.0780051

37 3 0.0737992

38 3 0.069302

39 3 0.0645314

40 3 0.0595061

41 3 0.0542459

42 3 0.0487717

43 3 0.043105

44 3 0.0372681

45 3 0.0312842

46 3 0.0251768

47 3 0.0189701

48 3 0.0126885

49 3 0.00635677

50 3 0

0 4 0

1 4 0.00843662

2 4 0.0168399

3 4 0.0251768

4 4 0.0334143

5 4 0.04152

6 4 0.0494617

7 4 0.0572083

8 4 0.0647291

9 4 0.0719944

10 4 0.0789756

11 4 0.0856452

12 4 0.0919767

13 4 0.0979452

14 4 0.103527

15 4 0.108701

16 4 0.113445

17 4 0.117742

18 4 0.121574

19 4 0.124926

20 4 0.127785

21 4 0.13014

22 4 0.131981

23 4 0.133302

24 4 0.134096

25 4 0.134361

26 4 0.134096

27 4 0.133302

28 4 0.131981

29 4 0.13014

30 4 0.127785

31 4 0.124926

32 4 0.121574

33 4 0.117742

34 4 0.113445

35 4 0.108701

36 4 0.103527

37 4 0.0979452

38 4 0.0919767

39 4 0.0856452

40 4 0.0789756

41 4 0.0719944

42 4 0.0647291

43 4 0.0572083

44 4 0.0494617

45 4 0.04152

46 4 0.0334143

47 4 0.0251768

48 4 0.0168399

49 4 0.00843662

50 4 0

0 5 0

1 5 0.0104832

2 5 0.020925

3 5 0.0312842

4 5 0.04152

5 5 0.0515919

6 5 0.0614601

7 5 0.0710859

8 5 0.0804311

9 5 0.0894588

10 5 0.0981335

11 5 0.106421

12 5 0.114288

13 5 0.121705

14 5 0.128641

15 5 0.135069

16 5 0.140965

17 5 0.146304

18 5 0.151065

19 5 0.155231

20 5 0.158783

21 5 0.16171

22 5 0.163998

23 5 0.165638

24 5 0.166625

25 5 0.166955

26 5 0.166625

27 5 0.165638

28 5 0.163998

29 5 0.16171

30 5 0.158783

31 5 0.155231

32 5 0.151065

33 5 0.146304

34 5 0.140965

35 5 0.135069

36 5 0.128641

37 5 0.121705

38 5 0.114288

39 5 0.106421

40 5 0.0981335

41 5 0.0894588

42 5 0.0804311

43 5 0.0710859

44 5 0.0614601

45 5 0.0515919

46 5 0.04152

47 5 0.0312842

48 5 0.020925

49 5 0.0104832

50 5 0

0 6 0

1 6 0.0124884

2 6 0.0249274

3 6 0.0372681

4 6 0.0494617

5 6 0.0614601

6 6 0.073216

7 6 0.0846829

8 6 0.0958156

9 6 0.10657

10 6 0.116904

11 6 0.126777

12 6 0.136149

13 6 0.144984

14 6 0.153247

15 6 0.160905

16 6 0.167928

17 6 0.174288

18 6 0.17996

19 6 0.184922

20 6 0.189155

21 6 0.192641

22 6 0.195366

23 6 0.197321

24 6 0.198497

25 6 0.198889

26 6 0.198497

27 6 0.197321

28 6 0.195366

29 6 0.192641

30 6 0.189155

31 6 0.184922

32 6 0.17996

33 6 0.174288

34 6 0.167928

35 6 0.160905

36 6 0.153247

37 6 0.144984

38 6 0.136149

39 6 0.126777

40 6 0.116904

41 6 0.10657

42 6 0.0958156

43 6 0.0846829

44 6 0.073216

45 6 0.0614601

46 6 0.0494617

47 6 0.0372681

48 6 0.0249274

49 6 0.0124884

50 6 0

0 7 0

1 7 0.0144443

2 7 0.0288315

3 7 0.043105

4 7 0.0572083

5 7 0.0710859

6 7 0.0846829

7 7 0.0979457

8 7 0.110822

9 7 0.123261

10 7 0.135213

11 7 0.146632

12 7 0.157472

13 7 0.167691

14 7 0.177248

15 7 0.186105

16 7 0.194228

17 7 0.201584

18 7 0.208145

19 7 0.213885

20 7 0.21878

21 7 0.222812

22 7 0.225964

23 7 0.228225

24 7 0.229585

25 7 0.230039

26 7 0.229585

27 7 0.228225

28 7 0.225964

29 7 0.222812

30 7 0.21878

31 7 0.213885

32 7 0.208145

33 7 0.201584

34 7 0.194228

35 7 0.186105

36 7 0.177248

37 7 0.167691

38 7 0.157472

39 7 0.146632

40 7 0.135213

41 7 0.123261

42 7 0.110822

43 7 0.0979457

44 7 0.0846829

45 7 0.0710859

46 7 0.0572083

47 7 0.043105

48 7 0.0288315

49 7 0.0144443

50 7 0

0 8 0

1 8 0.0163431

2 8 0.0326218

3 8 0.0487717

4 8 0.0647291

5 8 0.0804311

6 8 0.0958156

7 8 0.110822

8 8 0.125391

9 8 0.139465

10 8 0.152989

11 8 0.165909

12 8 0.178174

13 8 0.189736

14 8 0.200549

15 8 0.210571

16 8 0.219762

17 8 0.228085

18 8 0.235509

19 8 0.242003

20 8 0.247541

21 8 0.252103

22 8 0.25567

23 8 0.258228

24 8 0.259767

25 8 0.26028

26 8 0.259767

27 8 0.258228

28 8 0.25567

29 8 0.252103

30 8 0.247541

31 8 0.242003

32 8 0.235509

33 8 0.228085

34 8 0.219762

35 8 0.210571

36 8 0.200549

37 8 0.189736

38 8 0.178174

39 8 0.165909

40 8 0.152989

41 8 0.139465

42 8 0.125391

43 8 0.110822

44 8 0.0958156

45 8 0.0804311

46 8 0.0647291

47 8 0.0487717

48 8 0.0326218

49 8 0.0163431

50 8 0

0 9 0

1 9 0.0181775

2 9 0.0362833

3 9 0.0542459

4 9 0.0719944

5 9 0.0894588

6 9 0.10657

7 9 0.123261

8 9 0.139465

9 9 0.155119

10 9 0.170161

11 9 0.184531

12 9 0.198173

13 9 0.211033

14 9 0.22306

15 9 0.234206

16 9 0.244429

17 9 0.253686

18 9 0.261943

19 9 0.269165

20 9 0.275326

21 9 0.2804

22 9 0.284367

23 9 0.287212

24 9 0.288924

25 9 0.289495

26 9 0.288924

27 9 0.287212

28 9 0.284367

29 9 0.2804

30 9 0.275326

31 9 0.269165

32 9 0.261943

33 9 0.253686

34 9 0.244429

35 9 0.234206

36 9 0.22306

37 9 0.211033

38 9 0.198173

39 9 0.184531

40 9 0.170161

41 9 0.155119

42 9 0.139465

43 9 0.123261

44 9 0.10657

45 9 0.0894588

46 9 0.0719944

47 9 0.0542459

48 9 0.0362833

49 9 0.0181775

50 9 0

0 10 0

1 10 0.0199402

2 10 0.0398017

3 10 0.0595061

4 10 0.0789756

5 10 0.0981335

6 10 0.116904

7 10 0.135213

8 10 0.152989

9 10 0.170161

10 10 0.186661

11 10 0.202425

12 10 0.217389

13 10 0.231496

14 10 0.244689

15 10 0.256917

16 10 0.268131

17 10 0.278286

18 10 0.287343

19 10 0.295266

20 10 0.302024

21 10 0.30759

22 10 0.311942

23 10 0.315063

24 10 0.31694

25 10 0.317567

26 10 0.31694

27 10 0.315063

28 10 0.311942

29 10 0.30759

30 10 0.302024

31 10 0.295266

32 10 0.287343

33 10 0.278286

34 10 0.268131

35 10 0.256917

36 10 0.244689

37 10 0.231496

38 10 0.217389

39 10 0.202425

40 10 0.186661

41 10 0.170161

42 10 0.152989

43 10 0.135213

44 10 0.116904

45 10 0.0981335

46 10 0.0789756

47 10 0.0595061

48 10 0.0398017

49 10 0.0199402

50 10 0

0 11 0

1 11 0.0216241

2 11 0.0431629

3 11 0.0645314

4 11 0.0856452

5 11 0.106421

6 11 0.126777

7 11 0.146632

8 11 0.165909

9 11 0.184531

10 11 0.202425

11 11 0.21952

12 11 0.235748

13 11 0.251046

14 11 0.265354

15 11 0.278614

16 11 0.290774

17 11 0.301787

18 11 0.311609

19 11 0.320201

20 11 0.32753

21 11 0.333566

22 11 0.338285

23 11 0.34167

24 11 0.343706

25 11 0.344385

26 11 0.343706

27 11 0.34167

28 11 0.338285

29 11 0.333566

30 11 0.32753

31 11 0.320201

32 11 0.311609

33 11 0.301787

34 11 0.290774

35 11 0.278614

36 11 0.265354

37 11 0.251046

38 11 0.235748

39 11 0.21952

40 11 0.202425

41 11 0.184531

42 11 0.165909

43 11 0.146632

44 11 0.126777

45 11 0.106421

46 11 0.0856452

47 11 0.0645314

48 11 0.0431629

49 11 0.0216241

50 11 0

0 12 0

1 12 0.0232228

2 12 0.0463539

3 12 0.069302

4 12 0.0919767

5 12 0.114288

6 12 0.136149

7 12 0.157472

8 12 0.178174

9 12 0.198173

10 12 0.217389

11 12 0.235748

12 12 0.253176

13 12 0.269605

14 12 0.28497

15 12 0.299211

16 12 0.31227

17 12 0.324098

18 12 0.334646

19 12 0.343873

20 12 0.351743

21 12 0.358226

22 12 0.363294

23 12 0.366929

24 12 0.369115

25 12 0.369845

26 12 0.369115

27 12 0.366929

28 12 0.363294

29 12 0.358226

30 12 0.351743

31 12 0.343873

32 12 0.334646

33 12 0.324098

34 12 0.31227

35 12 0.299211

36 12 0.28497

37 12 0.269605

38 12 0.253176

39 12 0.235748

40 12 0.217389

41 12 0.198173

42 12 0.178174

43 12 0.157472

44 12 0.136149

45 12 0.114288

46 12 0.0919767

47 12 0.069302

48 12 0.0463539

49 12 0.0232228

50 12 0

0 13 0

1 13 0.0247297

2 13 0.0493619

3 13 0.0737992

4 13 0.0979452

5 13 0.121705

6 13 0.144984

7 13 0.167691

8 13 0.189736

9 13 0.211033

10 13 0.231496

11 13 0.251046

12 13 0.269605

13 13 0.287101

14 13 0.303463

15 13 0.318627

16 13 0.332534

17 13 0.345129

18 13 0.356362

19 13 0.366188

20 13 0.374569

21 13 0.381472

22 13 0.386869

23 13 0.390739

24 13 0.393068

25 13 0.393845

26 13 0.393068

27 13 0.390739

28 13 0.386869

29 13 0.381472

30 13 0.374569

31 13 0.366188

32 13 0.356362

33 13 0.345129

34 13 0.332534

35 13 0.318627

36 13 0.303463

37 13 0.287101

38 13 0.269605

39 13 0.251046

40 13 0.231496

41 13 0.211033

42 13 0.189736

43 13 0.167691

44 13 0.144984

45 13 0.121705

46 13 0.0979452

47 13 0.0737992

48 13 0.0493619

49 13 0.0247297

50 13 0

0 14 0

1 14 0.0261391

2 14 0.052175

3 14 0.0780051

4 14 0.103527

5 14 0.128641

6 14 0.153247

7 14 0.177248

8 14 0.200549

9 14 0.22306

10 14 0.244689

11 14 0.265354

12 14 0.28497

13 14 0.303463

14 14 0.320757

15 14 0.336786

16 14 0.351486

17 14 0.364798

18 14 0.376671

19 14 0.387057

20 14 0.395916

21 14 0.403212

22 14 0.408917

23 14 0.413008

24 14 0.415469

25 14 0.41629

26 14 0.415469

27 14 0.413008

28 14 0.408917

29 14 0.403212

30 14 0.395916

31 14 0.387057

32 14 0.376671

33 14 0.364798

34 14 0.351486

35 14 0.336786

36 14 0.320757

37 14 0.303463

38 14 0.28497

39 14 0.265354

40 14 0.244689

41 14 0.22306

42 14 0.200549

43 14 0.177248

44 14 0.153247

45 14 0.128641

46 14 0.103527

47 14 0.0780051

48 14 0.052175

49 14 0.0261391

50 14 0

0 15 0

1 15 0.0274453

2 15 0.0547823

3 15 0.0819031

4 15 0.108701

5 15 0.135069

6 15 0.160905

7 15 0.186105

8 15 0.210571

9 15 0.234206

10 15 0.256917

11 15 0.278614

12 15 0.299211

13 15 0.318627

14 15 0.336786

15 15 0.353616

16 15 0.36905

17 15 0.383028

18 15 0.395494

19 15 0.406399

20 15 0.4157

21 15 0.423361

22 15 0.429351

23 15 0.433647

24 15 0.436231

25 15 0.437093

26 15 0.436231

27 15 0.433647

28 15 0.429351

29 15 0.423361

30 15 0.4157

31 15 0.406399

32 15 0.395494

33 15 0.383028

34 15 0.36905

35 15 0.353616

36 15 0.336786

37 15 0.318627

38 15 0.299211

39 15 0.278614

40 15 0.256917

41 15 0.234206

42 15 0.210571

43 15 0.186105

44 15 0.160905

45 15 0.135069

46 15 0.108701

47 15 0.0819031

48 15 0.0547823

49 15 0.0274453

50 15 0

0 16 0

1 16 0.0286432

2 16 0.0571734

3 16 0.0854779

4 16 0.113445

5 16 0.140965

6 16 0.167928

7 16 0.194228

8 16 0.219762

9 16 0.244429

10 16 0.268131

11 16 0.290774

12 16 0.31227

13 16 0.332534

14 16 0.351486

15 16 0.36905

16 16 0.385158

17 16 0.399746

18 16 0.412756

19 16 0.424137

20 16 0.433844

21 16 0.441839

22 16 0.448091

23 16 0.452574

24 16 0.455271

25 16 0.456171

26 16 0.455271

27 16 0.452574

28 16 0.448091

29 16 0.441839

30 16 0.433844

31 16 0.424137

32 16 0.412756

33 16 0.399746

34 16 0.385158

35 16 0.36905

36 16 0.351486

37 16 0.332534

38 16 0.31227

39 16 0.290774

40 16 0.268131

41 16 0.244429

42 16 0.219762

43 16 0.194228

44 16 0.167928

45 16 0.140965

46 16 0.113445

47 16 0.0854779

48 16 0.0571734

49 16 0.0286432

50 16 0

0 17 0

1 17 0.0297281

2 17 0.0593388

3 17 0.0887154

4 17 0.117742

5 17 0.146304

6 17 0.174288

7 17 0.201584

8 17 0.228085

9 17 0.253686

10 17 0.278286

11 17 0.301787

12 17 0.324098

13 17 0.345129

14 17 0.364798

15 17 0.383028

16 17 0.399746

17 17 0.414886

18 17 0.428389

19 17 0.440201

20 17 0.450276

21 17 0.458574

22 17 0.465062

23 17 0.469715

24 17 0.472514

25 17 0.473448

26 17 0.472514

27 17 0.469715

28 17 0.465062

29 17 0.458574

30 17 0.450276

31 17 0.440201

32 17 0.428389

33 17 0.414886

34 17 0.399746

35 17 0.383028

36 17 0.364798

37 17 0.345129

38 17 0.324098

39 17 0.301787

40 17 0.278286

41 17 0.253686

42 17 0.228085

43 17 0.201584

44 17 0.174288

45 17 0.146304

46 17 0.117742

47 17 0.0887154

48 17 0.0593388

49 17 0.0297281

50 17 0

0 18 0

1 18 0.0306956

2 18 0.06127

3 18 0.0916027

4 18 0.121574

5 18 0.151065

6 18 0.17996

7 18 0.208145

8 18 0.235509

9 18 0.261943

10 18 0.287343

11 18 0.311609

12 18 0.334646

13 18 0.356362

14 18 0.376671

15 18 0.395494

16 18 0.412756

17 18 0.428389

18 18 0.442331

19 18 0.454528

20 18 0.464931

21 18 0.473499

22 18 0.480198

23 18 0.485002

24 18 0.487892

25 18 0.488857

26 18 0.487892

27 18 0.485002

28 18 0.480198

29 18 0.473499

30 18 0.464931

31 18 0.454528

32 18 0.442331

33 18 0.428389

34 18 0.412756

35 18 0.395494

36 18 0.376671

37 18 0.356362

38 18 0.334646

39 18 0.311609

40 18 0.287343

41 18 0.261943

42 18 0.235509

43 18 0.208145

44 18 0.17996

45 18 0.151065

46 18 0.121574

47 18 0.0916027

48 18 0.06127

49 18 0.0306956

50 18 0

0 19 0

1 19 0.031542

2 19 0.0629595

3 19 0.0941285

4 19 0.124926

5 19 0.155231

6 19 0.184922

7 19 0.213885

8 19 0.242003

9 19 0.269165

10 19 0.295266

11 19 0.320201

12 19 0.343873

13 19 0.366188

14 19 0.387057

15 19 0.406399

16 19 0.424137

17 19 0.440201

18 19 0.454528

19 19 0.467061

20 19 0.477751

21 19 0.486555

22 19 0.493439

23 19 0.498376

24 19 0.501345

25 19 0.502337

26 19 0.501345

27 19 0.498376

28 19 0.493439

29 19 0.486555

30 19 0.477751

31 19 0.467061

32 19 0.454528

33 19 0.440201

34 19 0.424137

35 19 0.406399

36 19 0.387057

37 19 0.366188

38 19 0.343873

39 19 0.320201

40 19 0.295266

41 19 0.269165

42 19 0.242003

43 19 0.213885

44 19 0.184922

45 19 0.155231

46 19 0.124926

47 19 0.0941285

48 19 0.0629595

49 19 0.031542

50 19 0

0 20 0

1 20 0.0322639

2 20 0.0644005

3 20 0.0962829

4 20 0.127785

5 20 0.158783

6 20 0.189155

7 20 0.21878

8 20 0.247541

9 20 0.275326

10 20 0.302024

11 20 0.32753

12 20 0.351743

13 20 0.374569

14 20 0.395916

15 20 0.4157

16 20 0.433844

17 20 0.450276

18 20 0.464931

19 20 0.477751

20 20 0.488685

21 20 0.497691

22 20 0.504732

23 20 0.509782

24 20 0.51282

25 20 0.513834

26 20 0.51282

27 20 0.509782

28 20 0.504732

29 20 0.497691

30 20 0.488685

31 20 0.477751

32 20 0.464931

33 20 0.450276

34 20 0.433844

35 20 0.4157

36 20 0.395916

37 20 0.374569

38 20 0.351743

39 20 0.32753

40 20 0.302024

41 20 0.275326

42 20 0.247541

43 20 0.21878

44 20 0.189155

45 20 0.158783

46 20 0.127785

47 20 0.0962829

48 20 0.0644005

49 20 0.0322639

50 20 0

0 21 0

1 21 0.0328585

2 21 0.0655873

3 21 0.0980572

4 21 0.13014

5 21 0.16171

6 21 0.192641

7 21 0.222812

8 21 0.252103

9 21 0.2804

10 21 0.30759

11 21 0.333566

12 21 0.358226

13 21 0.381472

14 21 0.403212

15 21 0.423361

16 21 0.441839

17 21 0.458574

18 21 0.473499

19 21 0.486555

20 21 0.497691

21 21 0.506863

22 21 0.514034

23 21 0.519177

24 21 0.52227

25 21 0.523303

26 21 0.52227

27 21 0.519177

28 21 0.514034

29 21 0.506863

30 21 0.497691

31 21 0.486555

32 21 0.473499

33 21 0.458574

34 21 0.441839

35 21 0.423361

36 21 0.403212

37 21 0.381472

38 21 0.358226

39 21 0.333566

40 21 0.30759

41 21 0.2804

42 21 0.252103

43 21 0.222812

44 21 0.192641

45 21 0.16171

46 21 0.13014

47 21 0.0980572

48 21 0.0655873

49 21 0.0328585

50 21 0

0 22 0

1 22 0.0333234

2 22 0.0665152

3 22 0.0994446

4 22 0.131981

5 22 0.163998

6 22 0.195366

7 22 0.225964

8 22 0.25567

9 22 0.284367

10 22 0.311942

11 22 0.338285

12 22 0.363294

13 22 0.386869

14 22 0.408917

15 22 0.429351

16 22 0.448091

17 22 0.465062

18 22 0.480198

19 22 0.493439

20 22 0.504732

21 22 0.514034

22 22 0.521307

23 22 0.526522

24 22 0.52966

25 22 0.530707

26 22 0.52966

27 22 0.526522

28 22 0.521307

29 22 0.514034

30 22 0.504732

31 22 0.493439

32 22 0.480198

33 22 0.465062

34 22 0.448091

35 22 0.429351

36 22 0.408917

37 22 0.386869

38 22 0.363294

39 22 0.338285

40 22 0.311942

41 22 0.284367

42 22 0.25567

43 22 0.225964

44 22 0.195366

45 22 0.163998

46 22 0.131981

47 22 0.0994446

48 22 0.0665152

49 22 0.0333234

50 22 0

0 23 0

1 23 0.0336568

2 23 0.0671807

3 23 0.10044

4 23 0.133302

5 23 0.165638

6 23 0.197321

7 23 0.228225

8 23 0.258228

9 23 0.287212

10 23 0.315063

11 23 0.34167

12 23 0.366929

13 23 0.390739

14 23 0.413008

15 23 0.433647

16 23 0.452574

17 23 0.469715

18 23 0.485002

19 23 0.498376

20 23 0.509782

21 23 0.519177

22 23 0.526522

23 23 0.53179

24 23 0.534959

25 23 0.536017

26 23 0.534959

27 23 0.53179

28 23 0.526522

29 23 0.519177

30 23 0.509782

31 23 0.498376

32 23 0.485002

33 23 0.469715

34 23 0.452574

35 23 0.433647

36 23 0.413008

37 23 0.390739

38 23 0.366929

39 23 0.34167

40 23 0.315063

41 23 0.287212

42 23 0.258228

43 23 0.228225

44 23 0.197321

45 23 0.165638

46 23 0.133302

47 23 0.10044

48 23 0.0671807

49 23 0.0336568

50 23 0

0 24 0

1 24 0.0338573

2 24 0.067581

3 24 0.101038

4 24 0.134096

5 24 0.166625

6 24 0.198497

7 24 0.229585

8 24 0.259767

9 24 0.288924

10 24 0.31694

11 24 0.343706

12 24 0.369115

13 24 0.393068

14 24 0.415469

15 24 0.436231

16 24 0.455271

17 24 0.472514

18 24 0.487892

19 24 0.501345

20 24 0.51282

21 24 0.52227

22 24 0.52966

23 24 0.534959

24 24 0.538147

25 24 0.539211

26 24 0.538147

27 24 0.534959

28 24 0.52966

29 24 0.52227

30 24 0.51282

31 24 0.501345

32 24 0.487892

33 24 0.472514

34 24 0.455271

35 24 0.436231

36 24 0.415469

37 24 0.393068

38 24 0.369115

39 24 0.343706

40 24 0.31694

41 24 0.288924

42 24 0.259767

43 24 0.229585

44 24 0.198497

45 24 0.166625

46 24 0.134096

47 24 0.101038

48 24 0.067581

49 24 0.0338573

50 24 0

0 25 0

1 25 0.0339243

2 25 0.0677146

3 25 0.101238

4 25 0.134361

5 25 0.166955

6 25 0.198889

7 25 0.230039

8 25 0.26028

9 25 0.289495

10 25 0.317567

11 25 0.344385

12 25 0.369845

13 25 0.393845

14 25 0.41629

15 25 0.437093

16 25 0.456171

17 25 0.473448

18 25 0.488857

19 25 0.502337

20 25 0.513834

21 25 0.523303

22 25 0.530707

23 25 0.536017

24 25 0.539211

25 25 0.540277

26 25 0.539211

27 25 0.536017

28 25 0.530707

29 25 0.523303

30 25 0.513834

31 25 0.502337

32 25 0.488857

33 25 0.473448

34 25 0.456171

35 25 0.437093

36 25 0.41629

37 25 0.393845

38 25 0.369845

39 25 0.344385

40 25 0.317567

41 25 0.289495

42 25 0.26028

43 25 0.230039

44 25 0.198889

45 25 0.166955

46 25 0.134361

47 25 0.101238

48 25 0.0677146

49 25 0.0339243

50 25 0

0 26 0

1 26 0.0338573

2 26 0.067581

3 26 0.101038

4 26 0.134096

5 26 0.166625

6 26 0.198497

7 26 0.229585

8 26 0.259767

9 26 0.288924

10 26 0.31694

11 26 0.343706

12 26 0.369115

13 26 0.393068

14 26 0.415469

15 26 0.436231

16 26 0.455271

17 26 0.472514

18 26 0.487892

19 26 0.501345

20 26 0.51282

21 26 0.52227

22 26 0.52966

23 26 0.534959

24 26 0.538147

25 26 0.539211

26 26 0.538147

27 26 0.534959

28 26 0.52966

29 26 0.52227

30 26 0.51282

31 26 0.501345

32 26 0.487892

33 26 0.472514

34 26 0.455271

35 26 0.436231

36 26 0.415469

37 26 0.393068

38 26 0.369115

39 26 0.343706

40 26 0.31694

41 26 0.288924

42 26 0.259767

43 26 0.229585

44 26 0.198497

45 26 0.166625

46 26 0.134096

47 26 0.101038

48 26 0.067581

49 26 0.0338573

50 26 0

0 27 0

1 27 0.0336568

2 27 0.0671807

3 27 0.10044

4 27 0.133302

5 27 0.165638

6 27 0.197321

7 27 0.228225

8 27 0.258228

9 27 0.287212

10 27 0.315063

11 27 0.34167

12 27 0.366929

13 27 0.390739

14 27 0.413008

15 27 0.433647

16 27 0.452574

17 27 0.469715

18 27 0.485002

19 27 0.498376

20 27 0.509782

21 27 0.519177

22 27 0.526522

23 27 0.53179

24 27 0.534959

25 27 0.536017

26 27 0.534959

27 27 0.53179

28 27 0.526522

29 27 0.519177

30 27 0.509782

31 27 0.498376

32 27 0.485002

33 27 0.469715

34 27 0.452574

35 27 0.433647

36 27 0.413008

37 27 0.390739

38 27 0.366929

39 27 0.34167

40 27 0.315063

41 27 0.287212

42 27 0.258228

43 27 0.228225

44 27 0.197321

45 27 0.165638

46 27 0.133302

47 27 0.10044

48 27 0.0671807

49 27 0.0336568

50 27 0

0 28 0

1 28 0.0333234

2 28 0.0665152

3 28 0.0994446

4 28 0.131981

5 28 0.163998

6 28 0.195366

7 28 0.225964

8 28 0.25567

9 28 0.284367

10 28 0.311942

11 28 0.338285

12 28 0.363294

13 28 0.386869

14 28 0.408917

15 28 0.429351

16 28 0.448091

17 28 0.465062

18 28 0.480198

19 28 0.493439

20 28 0.504732

21 28 0.514034

22 28 0.521307

23 28 0.526522

24 28 0.52966

25 28 0.530707

26 28 0.52966

27 28 0.526522

28 28 0.521307

29 28 0.514034

30 28 0.504732

31 28 0.493439

32 28 0.480198

33 28 0.465062

34 28 0.448091

35 28 0.429351

36 28 0.408917

37 28 0.386869

38 28 0.363294

39 28 0.338285

40 28 0.311942

41 28 0.284367

42 28 0.25567

43 28 0.225964

44 28 0.195366

45 28 0.163998

46 28 0.131981

47 28 0.0994446

48 28 0.0665152

49 28 0.0333234

50 28 0

0 29 0

1 29 0.0328585

2 29 0.0655873

3 29 0.0980572

4 29 0.13014

5 29 0.16171

6 29 0.192641

7 29 0.222812

8 29 0.252103

9 29 0.2804

10 29 0.30759

11 29 0.333566

12 29 0.358226

13 29 0.381472

14 29 0.403212

15 29 0.423361

16 29 0.441839

17 29 0.458574

18 29 0.473499

19 29 0.486555

20 29 0.497691

21 29 0.506863

22 29 0.514034

23 29 0.519177

24 29 0.52227

25 29 0.523303

26 29 0.52227

27 29 0.519177

28 29 0.514034

29 29 0.506863

30 29 0.497691

31 29 0.486555

32 29 0.473499

33 29 0.458574

34 29 0.441839

35 29 0.423361

36 29 0.403212

37 29 0.381472

38 29 0.358226

39 29 0.333566

40 29 0.30759

41 29 0.2804

42 29 0.252103

43 29 0.222812

44 29 0.192641

45 29 0.16171

46 29 0.13014

47 29 0.0980572

48 29 0.0655873

49 29 0.0328585

50 29 0

0 30 0

1 30 0.0322639

2 30 0.0644005

3 30 0.0962829

4 30 0.127785

5 30 0.158783

6 30 0.189155

7 30 0.21878

8 30 0.247541

9 30 0.275326

10 30 0.302024

11 30 0.32753

12 30 0.351743

13 30 0.374569

14 30 0.395916

15 30 0.4157

16 30 0.433844

17 30 0.450276

18 30 0.464931

19 30 0.477751

20 30 0.488685

21 30 0.497691

22 30 0.504732

23 30 0.509782

24 30 0.51282

25 30 0.513834

26 30 0.51282

27 30 0.509782

28 30 0.504732

29 30 0.497691

30 30 0.488685

31 30 0.477751

32 30 0.464931

33 30 0.450276

34 30 0.433844

35 30 0.4157

36 30 0.395916

37 30 0.374569

38 30 0.351743

39 30 0.32753

40 30 0.302024

41 30 0.275326

42 30 0.247541

43 30 0.21878

44 30 0.189155

45 30 0.158783

46 30 0.127785

47 30 0.0962829

48 30 0.0644005

49 30 0.0322639

50 30 0

0 31 0

1 31 0.031542

2 31 0.0629595

3 31 0.0941285

4 31 0.124926

5 31 0.155231

6 31 0.184922

7 31 0.213885

8 31 0.242003

9 31 0.269165

10 31 0.295266

11 31 0.320201

12 31 0.343873

13 31 0.366188

14 31 0.387057

15 31 0.406399

16 31 0.424137

17 31 0.440201

18 31 0.454528

19 31 0.467061

20 31 0.477751

21 31 0.486555

22 31 0.493439

23 31 0.498376

24 31 0.501345

25 31 0.502337

26 31 0.501345

27 31 0.498376

28 31 0.493439

29 31 0.486555

30 31 0.477751

31 31 0.467061

32 31 0.454528

33 31 0.440201

34 31 0.424137

35 31 0.406399

36 31 0.387057

37 31 0.366188

38 31 0.343873

39 31 0.320201

40 31 0.295266

41 31 0.269165

42 31 0.242003

43 31 0.213885

44 31 0.184922

45 31 0.155231

46 31 0.124926

47 31 0.0941285

48 31 0.0629595

49 31 0.031542

50 31 0

0 32 0

1 32 0.0306956

2 32 0.06127

3 32 0.0916027

4 32 0.121574

5 32 0.151065

6 32 0.17996

7 32 0.208145

8 32 0.235509

9 32 0.261943

10 32 0.287343

11 32 0.311609

12 32 0.334646

13 32 0.356362

14 32 0.376671

15 32 0.395494

16 32 0.412756

17 32 0.428389

18 32 0.442331

19 32 0.454528

20 32 0.464931

21 32 0.473499

22 32 0.480198

23 32 0.485002

24 32 0.487892

25 32 0.488857

26 32 0.487892

27 32 0.485002

28 32 0.480198

29 32 0.473499

30 32 0.464931

31 32 0.454528

32 32 0.442331

33 32 0.428389

34 32 0.412756

35 32 0.395494

36 32 0.376671

37 32 0.356362

38 32 0.334646

39 32 0.311609

40 32 0.287343

41 32 0.261943

42 32 0.235509

43 32 0.208145

44 32 0.17996

45 32 0.151065

46 32 0.121574

47 32 0.0916027

48 32 0.06127

49 32 0.0306956

50 32 0

0 33 0

1 33 0.0297281

2 33 0.0593388

3 33 0.0887154

4 33 0.117742

5 33 0.146304

6 33 0.174288

7 33 0.201584

8 33 0.228085

9 33 0.253686

10 33 0.278286

11 33 0.301787

12 33 0.324098

13 33 0.345129

14 33 0.364798

15 33 0.383028

16 33 0.399746

17 33 0.414886

18 33 0.428389

19 33 0.440201

20 33 0.450276

21 33 0.458574

22 33 0.465062

23 33 0.469715

24 33 0.472514

25 33 0.473448

26 33 0.472514

27 33 0.469715

28 33 0.465062

29 33 0.458574

30 33 0.450276

31 33 0.440201

32 33 0.428389

33 33 0.414886

34 33 0.399746

35 33 0.383028

36 33 0.364798

37 33 0.345129

38 33 0.324098

39 33 0.301787

40 33 0.278286

41 33 0.253686

42 33 0.228085

43 33 0.201584

44 33 0.174288

45 33 0.146304

46 33 0.117742

47 33 0.0887154

48 33 0.0593388

49 33 0.0297281

50 33 0

0 34 0

1 34 0.0286432

2 34 0.0571734

3 34 0.0854779

4 34 0.113445

5 34 0.140965

6 34 0.167928

7 34 0.194228

8 34 0.219762

9 34 0.244429

10 34 0.268131

11 34 0.290774

12 34 0.31227

13 34 0.332534

14 34 0.351486

15 34 0.36905

16 34 0.385158

17 34 0.399746

18 34 0.412756

19 34 0.424137

20 34 0.433844

21 34 0.441839

22 34 0.448091

23 34 0.452574

24 34 0.455271

25 34 0.456171

26 34 0.455271

27 34 0.452574

28 34 0.448091

29 34 0.441839

30 34 0.433844

31 34 0.424137

32 34 0.412756

33 34 0.399746

34 34 0.385158

35 34 0.36905

36 34 0.351486

37 34 0.332534

38 34 0.31227

39 34 0.290774

40 34 0.268131

41 34 0.244429

42 34 0.219762

43 34 0.194228

44 34 0.167928

45 34 0.140965

46 34 0.113445

47 34 0.0854779

48 34 0.0571734

49 34 0.0286432

50 34 0

0 35 0

1 35 0.0274453

2 35 0.0547823

3 35 0.0819031

4 35 0.108701

5 35 0.135069

6 35 0.160905

7 35 0.186105

8 35 0.210571

9 35 0.234206

10 35 0.256917

11 35 0.278614

12 35 0.299211

13 35 0.318627

14 35 0.336786

15 35 0.353616

16 35 0.36905

17 35 0.383028

18 35 0.395494

19 35 0.406399

20 35 0.4157

21 35 0.423361

22 35 0.429351

23 35 0.433647

24 35 0.436231

25 35 0.437093

26 35 0.436231

27 35 0.433647

28 35 0.429351

29 35 0.423361

30 35 0.4157

31 35 0.406399

32 35 0.395494

33 35 0.383028

34 35 0.36905

35 35 0.353616

36 35 0.336786

37 35 0.318627

38 35 0.299211

39 35 0.278614

40 35 0.256917

41 35 0.234206

42 35 0.210571

43 35 0.186105

44 35 0.160905

45 35 0.135069

46 35 0.108701

47 35 0.0819031

48 35 0.0547823

49 35 0.0274453

50 35 0

0 36 0

1 36 0.0261391

2 36 0.052175

3 36 0.0780051

4 36 0.103527

5 36 0.128641

6 36 0.153247

7 36 0.177248

8 36 0.200549

9 36 0.22306

10 36 0.244689

11 36 0.265354

12 36 0.28497

13 36 0.303463

14 36 0.320757

15 36 0.336786

16 36 0.351486

17 36 0.364798

18 36 0.376671

19 36 0.387057

20 36 0.395916

21 36 0.403212

22 36 0.408917

23 36 0.413008

24 36 0.415469

25 36 0.41629

26 36 0.415469

27 36 0.413008

28 36 0.408917

29 36 0.403212

30 36 0.395916

31 36 0.387057

32 36 0.376671

33 36 0.364798

34 36 0.351486

35 36 0.336786

36 36 0.320757

37 36 0.303463

38 36 0.28497

39 36 0.265354

40 36 0.244689

41 36 0.22306

42 36 0.200549

43 36 0.177248

44 36 0.153247

45 36 0.128641

46 36 0.103527

47 36 0.0780051

48 36 0.052175

49 36 0.0261391

50 36 0

0 37 0

1 37 0.0247297

2 37 0.0493619

3 37 0.0737992

4 37 0.0979452

5 37 0.121705

6 37 0.144984

7 37 0.167691

8 37 0.189736

9 37 0.211033

10 37 0.231496

11 37 0.251046

12 37 0.269605

13 37 0.287101

14 37 0.303463

15 37 0.318627

16 37 0.332534

17 37 0.345129

18 37 0.356362

19 37 0.366188

20 37 0.374569

21 37 0.381472

22 37 0.386869

23 37 0.390739

24 37 0.393068

25 37 0.393845

26 37 0.393068

27 37 0.390739

28 37 0.386869

29 37 0.381472

30 37 0.374569

31 37 0.366188

32 37 0.356362

33 37 0.345129

34 37 0.332534

35 37 0.318627

36 37 0.303463

37 37 0.287101

38 37 0.269605

39 37 0.251046

40 37 0.231496

41 37 0.211033

42 37 0.189736

43 37 0.167691

44 37 0.144984

45 37 0.121705

46 37 0.0979452

47 37 0.0737992

48 37 0.0493619

49 37 0.0247297

50 37 0

0 38 0

1 38 0.0232228

2 38 0.0463539

3 38 0.069302

4 38 0.0919767

5 38 0.114288

6 38 0.136149

7 38 0.157472

8 38 0.178174

9 38 0.198173

10 38 0.217389

11 38 0.235748

12 38 0.253176

13 38 0.269605

14 38 0.28497

15 38 0.299211

16 38 0.31227

17 38 0.324098

18 38 0.334646

19 38 0.343873

20 38 0.351743

21 38 0.358226

22 38 0.363294

23 38 0.366929

24 38 0.369115

25 38 0.369845

26 38 0.369115

27 38 0.366929

28 38 0.363294

29 38 0.358226

30 38 0.351743

31 38 0.343873

32 38 0.334646

33 38 0.324098

34 38 0.31227

35 38 0.299211

36 38 0.28497

37 38 0.269605

38 38 0.253176

39 38 0.235748

40 38 0.217389

41 38 0.198173

42 38 0.178174

43 38 0.157472

44 38 0.136149

45 38 0.114288

46 38 0.0919767

47 38 0.069302

48 38 0.0463539

49 38 0.0232228

50 38 0

0 39 0

1 39 0.0216241

2 39 0.0431629

3 39 0.0645314

4 39 0.0856452

5 39 0.106421

6 39 0.126777

7 39 0.146632

8 39 0.165909

9 39 0.184531

10 39 0.202425

11 39 0.21952

12 39 0.235748

13 39 0.251046

14 39 0.265354

15 39 0.278614

16 39 0.290774

17 39 0.301787

18 39 0.311609

19 39 0.320201

20 39 0.32753

21 39 0.333566

22 39 0.338285

23 39 0.34167

24 39 0.343706

25 39 0.344385

26 39 0.343706

27 39 0.34167

28 39 0.338285

29 39 0.333566

30 39 0.32753

31 39 0.320201

32 39 0.311609

33 39 0.301787

34 39 0.290774

35 39 0.278614

36 39 0.265354

37 39 0.251046

38 39 0.235748

39 39 0.21952

40 39 0.202425

41 39 0.184531

42 39 0.165909

43 39 0.146632

44 39 0.126777

45 39 0.106421

46 39 0.0856452

47 39 0.0645314

48 39 0.0431629

49 39 0.0216241

50 39 0

0 40 0

1 40 0.0199402

2 40 0.0398017

3 40 0.0595061

4 40 0.0789756

5 40 0.0981335

6 40 0.116904

7 40 0.135213

8 40 0.152989

9 40 0.170161

10 40 0.186661

11 40 0.202425

12 40 0.217389

13 40 0.231496

14 40 0.244689

15 40 0.256917

16 40 0.268131

17 40 0.278286

18 40 0.287343

19 40 0.295266

20 40 0.302024

21 40 0.30759

22 40 0.311942

23 40 0.315063

24 40 0.31694

25 40 0.317567

26 40 0.31694

27 40 0.315063

28 40 0.311942

29 40 0.30759

30 40 0.302024

31 40 0.295266

32 40 0.287343

33 40 0.278286

34 40 0.268131

35 40 0.256917

36 40 0.244689

37 40 0.231496

38 40 0.217389

39 40 0.202425

40 40 0.186661

41 40 0.170161

42 40 0.152989

43 40 0.135213

44 40 0.116904

45 40 0.0981335

46 40 0.0789756

47 40 0.0595061

48 40 0.0398017

49 40 0.0199402

50 40 0

0 41 0

1 41 0.0181775

2 41 0.0362833

3 41 0.0542459

4 41 0.0719944

5 41 0.0894588

6 41 0.10657

7 41 0.123261

8 41 0.139465

9 41 0.155119

10 41 0.170161

11 41 0.184531

12 41 0.198173

13 41 0.211033

14 41 0.22306

15 41 0.234206

16 41 0.244429

17 41 0.253686

18 41 0.261943

19 41 0.269165

20 41 0.275326

21 41 0.2804

22 41 0.284367

23 41 0.287212

24 41 0.288924

25 41 0.289495

26 41 0.288924

27 41 0.287212

28 41 0.284367

29 41 0.2804

30 41 0.275326

31 41 0.269165

32 41 0.261943

33 41 0.253686

34 41 0.244429

35 41 0.234206

36 41 0.22306

37 41 0.211033

38 41 0.198173

39 41 0.184531

40 41 0.170161

41 41 0.155119

42 41 0.139465

43 41 0.123261

44 41 0.10657

45 41 0.0894588

46 41 0.0719944

47 41 0.0542459

48 41 0.0362833

49 41 0.0181775

50 41 0

0 42 0

1 42 0.0163431

2 42 0.0326218

3 42 0.0487717

4 42 0.0647291

5 42 0.0804311

6 42 0.0958156

7 42 0.110822

8 42 0.125391

9 42 0.139465

10 42 0.152989

11 42 0.165909

12 42 0.178174

13 42 0.189736

14 42 0.200549

15 42 0.210571

16 42 0.219762

17 42 0.228085

18 42 0.235509

19 42 0.242003

20 42 0.247541

21 42 0.252103

22 42 0.25567

23 42 0.258228

24 42 0.259767

25 42 0.26028

26 42 0.259767

27 42 0.258228

28 42 0.25567

29 42 0.252103

30 42 0.247541

31 42 0.242003

32 42 0.235509

33 42 0.228085

34 42 0.219762

35 42 0.210571

36 42 0.200549

37 42 0.189736

38 42 0.178174

39 42 0.165909

40 42 0.152989

41 42 0.139465

42 42 0.125391

43 42 0.110822

44 42 0.0958156

45 42 0.0804311

46 42 0.0647291

47 42 0.0487717

48 42 0.0326218

49 42 0.0163431

50 42 0

0 43 0

1 43 0.0144443

2 43 0.0288315

3 43 0.043105

4 43 0.0572083

5 43 0.0710859

6 43 0.0846829

7 43 0.0979457

8 43 0.110822

9 43 0.123261

10 43 0.135213

11 43 0.146632

12 43 0.157472

13 43 0.167691

14 43 0.177248

15 43 0.186105

16 43 0.194228

17 43 0.201584

18 43 0.208145

19 43 0.213885

20 43 0.21878

21 43 0.222812

22 43 0.225964

23 43 0.228225

24 43 0.229585

25 43 0.230039

26 43 0.229585

27 43 0.228225

28 43 0.225964

29 43 0.222812

30 43 0.21878

31 43 0.213885

32 43 0.208145

33 43 0.201584

34 43 0.194228

35 43 0.186105

36 43 0.177248

37 43 0.167691

38 43 0.157472

39 43 0.146632

40 43 0.135213

41 43 0.123261

42 43 0.110822

43 43 0.0979457

44 43 0.0846829

45 43 0.0710859

46 43 0.0572083

47 43 0.043105

48 43 0.0288315

49 43 0.0144443

50 43 0

0 44 0

1 44 0.0124884

2 44 0.0249274

3 44 0.0372681

4 44 0.0494617

5 44 0.0614601

6 44 0.073216

7 44 0.0846829

8 44 0.0958156

9 44 0.10657

10 44 0.116904

11 44 0.126777

12 44 0.136149

13 44 0.144984

14 44 0.153247

15 44 0.160905

16 44 0.167928

17 44 0.174288

18 44 0.17996

19 44 0.184922

20 44 0.189155

21 44 0.192641

22 44 0.195366

23 44 0.197321

24 44 0.198497

25 44 0.198889

26 44 0.198497

27 44 0.197321

28 44 0.195366

29 44 0.192641

30 44 0.189155

31 44 0.184922

32 44 0.17996

33 44 0.174288

34 44 0.167928

35 44 0.160905

36 44 0.153247

37 44 0.144984

38 44 0.136149

39 44 0.126777

40 44 0.116904

41 44 0.10657

42 44 0.0958156

43 44 0.0846829

44 44 0.073216

45 44 0.0614601

46 44 0.0494617

47 44 0.0372681

48 44 0.0249274

49 44 0.0124884

50 44 0

0 45 0

1 45 0.0104832

2 45 0.020925

3 45 0.0312842

4 45 0.04152

5 45 0.0515919

6 45 0.0614601

7 45 0.0710859

8 45 0.0804311

9 45 0.0894588

10 45 0.0981335

11 45 0.106421

12 45 0.114288

13 45 0.121705

14 45 0.128641

15 45 0.135069

16 45 0.140965

17 45 0.146304

18 45 0.151065

19 45 0.155231

20 45 0.158783

21 45 0.16171

22 45 0.163998

23 45 0.165638

24 45 0.166625

25 45 0.166955

26 45 0.166625

27 45 0.165638

28 45 0.163998

29 45 0.16171

30 45 0.158783

31 45 0.155231

32 45 0.151065

33 45 0.146304

34 45 0.140965

35 45 0.135069

36 45 0.128641

37 45 0.121705

38 45 0.114288

39 45 0.106421

40 45 0.0981335

41 45 0.0894588

42 45 0.0804311

43 45 0.0710859

44 45 0.0614601

45 45 0.0515919

46 45 0.04152

47 45 0.0312842

48 45 0.020925

49 45 0.0104832

50 45 0

0 46 0

1 46 0.00843662

2 46 0.0168399

3 46 0.0251768

4 46 0.0334143

5 46 0.04152

6 46 0.0494617

7 46 0.0572083

8 46 0.0647291

9 46 0.0719944

10 46 0.0789756

11 46 0.0856452

12 46 0.0919767

13 46 0.0979452

14 46 0.103527

15 46 0.108701

16 46 0.113445

17 46 0.117742

18 46 0.121574

19 46 0.124926

20 46 0.127785

21 46 0.13014

22 46 0.131981

23 46 0.133302

24 46 0.134096

25 46 0.134361

26 46 0.134096

27 46 0.133302

28 46 0.131981

29 46 0.13014

30 46 0.127785

31 46 0.124926

32 46 0.121574

33 46 0.117742

34 46 0.113445

35 46 0.108701

36 46 0.103527

37 46 0.0979452

38 46 0.0919767

39 46 0.0856452

40 46 0.0789756

41 46 0.0719944

42 46 0.0647291

43 46 0.0572083

44 46 0.0494617

45 46 0.04152

46 46 0.0334143

47 46 0.0251768

48 46 0.0168399

49 46 0.00843662

50 46 0

0 47 0

1 47 0.00635677

2 47 0.0126885

3 47 0.0189701

4 47 0.0251768

5 47 0.0312842

6 47 0.0372681

7 47 0.043105

8 47 0.0487717

9 47 0.0542459

10 47 0.0595061

11 47 0.0645314

12 47 0.069302

13 47 0.0737992

14 47 0.0780051

15 47 0.0819031

16 47 0.0854779

17 47 0.0887154

18 47 0.0916027

19 47 0.0941285

20 47 0.0962829

21 47 0.0980572

22 47 0.0994446

23 47 0.10044

24 47 0.101038

25 47 0.101238

26 47 0.101038

27 47 0.10044

28 47 0.0994446

29 47 0.0980572

30 47 0.0962829

31 47 0.0941285

32 47 0.0916027

33 47 0.0887154

34 47 0.0854779

35 47 0.0819031

36 47 0.0780051

37 47 0.0737992

38 47 0.069302

39 47 0.0645314

40 47 0.0595061

41 47 0.0542459

42 47 0.0487717

43 47 0.043105

44 47 0.0372681

45 47 0.0312842

46 47 0.0251768

47 47 0.0189701

48 47 0.0126885

49 47 0.00635677

50 47 0

0 48 0

1 48 0.00425184

2 48 0.0084869

3 48 0.0126885

4 48 0.0168399

5 48 0.020925

6 48 0.0249274

7 48 0.0288315

8 48 0.0326218

9 48 0.0362833

10 48 0.0398017

11 48 0.0431629

12 48 0.0463539

13 48 0.0493619

14 48 0.052175

15 48 0.0547823

16 48 0.0571734

17 48 0.0593388

18 48 0.06127

19 48 0.0629595

20 48 0.0644005

21 48 0.0655873

22 48 0.0665152

23 48 0.0671807

24 48 0.067581

25 48 0.0677146

26 48 0.067581

27 48 0.0671807

28 48 0.0665152

29 48 0.0655873

30 48 0.0644005

31 48 0.0629595

32 48 0.06127

33 48 0.0593388

34 48 0.0571734

35 48 0.0547823

36 48 0.052175

37 48 0.0493619

38 48 0.0463539

39 48 0.0431629

40 48 0.0398017

41 48 0.0362833

42 48 0.0326218

43 48 0.0288315

44 48 0.0249274

45 48 0.020925

46 48 0.0168399

47 48 0.0126885

48 48 0.0084869

49 48 0.00425184

50 48 0

0 49 0

1 49 0.00213012

2 49 0.00425184

3 49 0.00635677

4 49 0.00843662

5 49 0.0104832

6 49 0.0124884

7 49 0.0144443

8 49 0.0163431

9 49 0.0181775

10 49 0.0199402

11 49 0.0216241

12 49 0.0232228

13 49 0.0247297

14 49 0.0261391

15 49 0.0274453

16 49 0.0286432

17 49 0.0297281

18 49 0.0306956

19 49 0.031542

20 49 0.0322639

21 49 0.0328585

22 49 0.0333234

23 49 0.0336568

24 49 0.0338573

25 49 0.0339243

26 49 0.0338573

27 49 0.0336568

28 49 0.0333234

29 49 0.0328585

30 49 0.0322639

31 49 0.031542

32 49 0.0306956

33 49 0.0297281

34 49 0.0286432

35 49 0.0274453

36 49 0.0261391

37 49 0.0247297

38 49 0.0232228

39 49 0.0216241

40 49 0.0199402

41 49 0.0181775

42 49 0.0163431

43 49 0.0144443

44 49 0.0124884

45 49 0.0104832

46 49 0.00843662

47 49 0.00635677

48 49 0.00425184

49 49 0.00213012

50 49 0

