0 1 0

1 1 0.00249439

2 1 0.00497894

3 1 0.00744383

4 1 0.00987935

5 1 0.0122759

6 1 0.014624

7 1 0.0169143

8 1 0.0191379

9 1 0.021286

10 1 0.0233501

11 1 0.025322

12 1 0.027194

13 1 0.0289587

14 1 0.0306091

15 1 0.0321387

16 1 0.0335414

17 1 0.0348118

18 1 0.0359448

19 1 0.0369359

20 1 0.0377813

21 1 0.0384775

22 1 0.0390219

23 1 0.0394123

24 1 0.0396472

25 1 0.0397256

26 1 0.0396472

27 1 0.0394123

28 1 0.0390219

29 1 0.0384775

30 1 0.0377813

31 1 0.0369359

32 1 0.0359448

33 1 0.0348118

34 1 0.0335414

35 1 0.0321387

36 1 0.0306091

37 1 0.0289587

38 1 0.027194

39 1 0.025322

40 1 0.0233501

41 1 0.021286

42 1 0.0191379

43 1 0.0169143

44 1 0.014624

45 1 0.0122759

46 1 0.00987935

47 1 0.00744383

48 1 0.00497894

49 1 0.00249439

50 1 0

0 2 0

1 2 0.00497894

2 2 0.00993822

3 2 0.0148583

4 2 0.0197197

5 2 0.0245033

6 2 0.0291902

7 2 0.0337619

8 2 0.0382004

9 2 0.0424881

10 2 0.0466081

11 2 0.0505442

12 2 0.0542808

13 2 0.0578031

14 2 0.0610974

15 2 0.0641505

16 2 0.0669505

17 2 0.0694862

18 2 0.0717477

19 2 0.0737261

20 2 0.0754135

21 2 0.0768032

22 2 0.0778899

23 2 0.0786691

24 2 0.0791379

25 2 0.0792944

26 2 0.0791379

27 2 0.0786691

28 2 0.0778899

29 2 0.0768032

30 2 0.0754135

31 2 0.0737261

32 2 0.0717477

33 2 0.0694862

34 2 0.0669505

35 2 0.0641505

36 2 0.0610974

37 2 0.0578031

38 2 0.0542808

39 2 0.0505442

40 2 0.0466081

41 2 0.0424881

42 2 0.0382004

43 2 0.0337619

44 2 0.0291902

45 2 0.0245033

46 2 0.0197197

47 2 0.0148583

48 2 0.00993822

49 2 0.00497894

50 2 0

0 3 0

1 3 0.00744383

2 3 0.0148583

3 3 0.0222141

4 3 0.0294823

5 3 0.0366341

6 3 0.0436413

7 3 0.0504763

8 3 0.057112

9 3 0.0635224

10 3 0.0696821

11 3 0.0755668

12 3 0.0811532

13 3 0.0864194

14 3 0.0913446

15 3 0.0959092

16 3 0.100095

17 3 0.103886

18 3 0.107267

19 3 0.110225

20 3 0.112748

21 3 0.114826

22 3 0.11645

23 3 0.117615

24 3 0.118316

25 3 0.11855

26 3 0.118316

27 3 0.117615

28 3 0.11645

29 3 0.114826

30 3 0.112748

31 3 0.110225

32 3 0.107267

33 3 0.103886

34 3 0.100095

35 3 0.0959092

36 3 0.0913446

37 3 0.0864194

38 3 0.0811532

39 3 0.0755668

40 3 0.0696821

41 3 0.0635224

42 3 0.057112

43 3 0.0504763

44 3 0.0436413

45 3 0.0366341

46 3 0.0294823

47 3 0.0222141

48 3 0.0148583

49 3 0.00744383

50 3 0

0 4 0

1 4 0.00987935

2 4 0.0197197

3 4 0.0294823

4 4 0.0391284

5 4 0.0486202

6 4 0.0579201

7 4 0.0669914

8 4 0.0757983

9 4 0.0843061

10 4 0.0924811

11 4 0.100291

12 4 0.107705

13 4 0.114695

14 4 0.121231

15 4 0.127289

16 4 0.132845

17 4 0.137877

18 4 0.142364

19 4 0.146289

20 4 0.149638

21 4 0.152395

22 4 0.154551

23 4 0.156098

24 4 0.157028

25 4 0.157338

26 4 0.157028

27 4 0.156098

28 4 0.154551

29 4 0.152395

30 4 0.149638

31 4 0.146289

32 4 0.142364

33 4 0.137877

34 4 0.132845

35 4 0.127289

36 4 0.121231

37 4 0.114695

38 4 0.107705

39 4 0.100291

40 4 0.0924811

41 4 0.0843061

42 4 0.0757983

43 4 0.0669914

44 4 0.0579201

45 4 0.0486202

46 4 0.0391284

47 4 0.0294823

48 4 0.0197197

49 4 0.00987935

50 4 0

0 5 0

1 5 0.0122759

2 5 0.0245033

3 5 0.0366341

4 5 0.0486202

5 5 0.0604145

6 5 0.0719703

7 5 0.0832421

8 5 0.0941854

9 5 0.104757

10 5 0.114915

11 5 0.12462

12 5 0.133833

13 5 0.142517

14 5 0.150639

15 5 0.158167

16 5 0.165071

17 5 0.171323

18 5 0.176899

19 5 0.181776

20 5 0.185937

21 5 0.189363

22 5 0.192042

23 5 0.193964

24 5 0.19512

25 5 0.195505

26 5 0.19512

27 5 0.193964

28 5 0.192042

29 5 0.189363

30 5 0.185937

31 5 0.181776

32 5 0.176899

33 5 0.171323

34 5 0.165071

35 5 0.158167

36 5 0.150639

37 5 0.142517

38 5 0.133833

39 5 0.12462

40 5 0.114915

41 5 0.104757

42 5 0.0941854

43 5 0.0832421

44 5 0.0719703

45 5 0.0604145

46 5 0.0486202

47 5 0.0366341

48 5 0.0245033

49 5 0.0122759

50 5 0

0 6 0

1 6 0.014624

2 6 0.0291902

3 6 0.0436413

4 6 0.0579201

5 6 0.0719703

6 6 0.0857365

7 6 0.0991644

8 6 0.112201

9 6 0.124795

10 6 0.136896

11 6 0.148457

12 6 0.159432

13 6 0.169777

14 6 0.179453

15 6 0.188421

16 6 0.196645

17 6 0.204093

18 6 0.210735

19 6 0.216546

20 6 0.221502

21 6 0.225584

22 6 0.228776

23 6 0.231064

24 6 0.232441

25 6 0.232901

26 6 0.232441

27 6 0.231064

28 6 0.228776

29 6 0.225584

30 6 0.221502

31 6 0.216546

32 6 0.210735

33 6 0.204093

34 6 0.196645

35 6 0.188421

36 6 0.179453

37 6 0.169777

38 6 0.159432

39 6 0.148457

40 6 0.136896

41 6 0.124795

42 6 0.112201

43 6 0.0991644

44 6 0.0857365

45 6 0.0719703

46 6 0.0579201

47 6 0.0436413

48 6 0.0291902

49 6 0.014624

50 6 0

0 7 0

1 7 0.0169143

2 7 0.0337619

3 7 0.0504763

4 7 0.0669914

5 7 0.0832421

6 7 0.0991644

7 7 0.114695

8 7 0.129773

9 7 0.14434

10 7 0.158336

11 7 0.171707

12 7 0.184401

13 7 0.196368

14 7 0.207559

15 7 0.217931

16 7 0.227443

17 7 0.236057

18 7 0.24374

19 7 0.250461

20 7 0.256193

21 7 0.260914

22 7 0.264606

23 7 0.267253

24 7 0.268846

25 7 0.269377

26 7 0.268846

27 7 0.267253

28 7 0.264606

29 7 0.260914

30 7 0.256193

31 7 0.250461

32 7 0.24374

33 7 0.236057

34 7 0.227443

35 7 0.217931

36 7 0.207559

37 7 0.196368

38 7 0.184401

39 7 0.171707

40 7 0.158336

41 7 0.14434

42 7 0.129773

43 7 0.114695

44 7 0.0991644

45 7 0.0832421

46 7 0.0669914

47 7 0.0504763

48 7 0.0337619

49 7 0.0169143

50 7 0

0 8 0

1 8 0.0191379

2 8 0.0382004

3 8 0.057112

4 8 0.0757983

5 8 0.0941854

6 8 0.112201

7 8 0.129773

8 8 0.146834

9 8 0.163315

10 8 0.179151

11 8 0.194281

12 8 0.208643

13 8 0.222183

14 8 0.234845

15 8 0.246581

16 8 0.257343

17 8 0.26709

18 8 0.275783

19 8 0.283387

20 8 0.289873

21 8 0.295215

22 8 0.299392

23 8 0.302387

24 8 0.304189

25 8 0.30479

26 8 0.304189

27 8 0.302387

28 8 0.299392

29 8 0.295215

30 8 0.289873

31 8 0.283387

32 8 0.275783

33 8 0.26709

34 8 0.257343

35 8 0.246581

36 8 0.234845

37 8 0.222183

38 8 0.208643

39 8 0.194281

40 8 0.179151

41 8 0.163315

42 8 0.146834

43 8 0.129773

44 8 0.112201

45 8 0.0941854

46 8 0.0757983

47 8 0.057112

48 8 0.0382004

49 8 0.0191379

50 8 0

0 9 0

1 9 0.021286

2 9 0.0424881

3 9 0.0635224

4 9 0.0843061

5 9 0.104757

6 9 0.124795

7 9 0.14434

8 9 0.163315

9 9 0.181646

10 9 0.19926

11 9 0.216087

12 9 0.232062

13 9 0.247121

14 9 0.261205

15 9 0.274257

16 9 0.286228

17 9 0.297069

18 9 0.306737

19 9 0.315195

20 9 0.322409

21 9 0.32835

22 9 0.332996

23 9 0.336328

24 9 0.338332

25 9 0.339001

26 9 0.338332

27 9 0.336328

28 9 0.332996

29 9 0.32835

30 9 0.322409

31 9 0.315195

32 9 0.306737

33 9 0.297069

34 9 0.286228

35 9 0.274257

36 9 0.261205

37 9 0.247121

38 9 0.232062

39 9 0.216087

40 9 0.19926

41 9 0.181646

42 9 0.163315

43 9 0.14434

44 9 0.124795

45 9 0.104757

46 9 0.0843061

47 9 0.0635224

48 9 0.0424881

49 9 0.021286

50 9 0

0 10 0

1 10 0.0233501

2 10 0.0466081

3 10 0.0696821

4 10 0.0924811

5 10 0.114915

6 10 0.136896

7 10 0.158336

8 10 0.179151

9 10 0.19926

10 10 0.218582

11 10 0.237041

12 10 0.254565

13 10 0.271084

14 10 0.286533

15 10 0.300852

16 10 0.313983

17 10 0.325875

18 10 0.336481

19 10 0.345759

20 10 0.353673

21 10 0.36019

22 10 0.365286

23 10 0.368941

24 10 0.371139

25 10 0.371873

26 10 0.371139

27 10 0.368941

28 10 0.365286

29 10 0.36019

30 10 0.353673

31 10 0.345759

32 10 0.336481

33 10 0.325875

34 10 0.313983

35 10 0.300852

36 10 0.286533

37 10 0.271084

38 10 0.254565

39 10 0.237041

40 10 0.218582

41 10 0.19926

42 10 0.179151

43 10 0.158336

44 10 0.136896

45 10 0.114915

46 10 0.0924811

47 10 0.0696821

48 10 0.0466081

49 10 0.0233501

50 10 0

0 11 0

1 11 0.025322

2 11 0.0505442

3 11 0.0755668

4 11 0.100291

5 11 0.12462

6 11 0.148457

7 11 0.171707

8 11 0.194281

9 11 0.216087

10 11 0.237041

11 11 0.257059

12 11 0.276063

13 11 0.293977

14 11 0.310731

15 11 0.326259

16 11 0.340499

17 11 0.353395

18 11 0.364897

19 11 0.374959

20 11 0.38354

21 11 0.390608

22 11 0.396135

23 11 0.400098

24 11 0.402482

25 11 0.403278

26 11 0.402482

27 11 0.400098

28 11 0.396135

29 11 0.390608

30 11 0.38354

31 11 0.374959

32 11 0.364897

33 11 0.353395

34 11 0.340499

35 11 0.326259

36 11 0.310731

37 11 0.293977

38 11 0.276063

39 11 0.257059

40 11 0.237041

41 11 0.216087

42 11 0.194281

43 11 0.171707

44 11 0.148457

45 11 0.12462

46 11 0.100291

47 11 0.0755668

48 11 0.0505442

49 11 0.025322

50 11 0

0 12 0

1 12 0.027194

2 12 0.0542808

3 12 0.0811532

4 12 0.107705

5 12 0.133833

6 12 0.159432

7 12 0.184401

8 12 0.208643

9 12 0.232062

10 12 0.254565

11 12 0.276063

12 12 0.296472

13 12 0.31571

14 12 0.333703

15 12 0.350378

16 12 0.365671

17 12 0.379521

18 12 0.391873

19 12 0.402678

20 12 0.411894

21 12 0.419485

22 12 0.42542

23 12 0.429676

24 12 0.432237

25 12 0.433091

26 12 0.432237

27 12 0.429676

28 12 0.42542

29 12 0.419485

30 12 0.411894

31 12 0.402678

32 12 0.391873

33 12 0.379521

34 12 0.365671

35 12 0.350378

36 12 0.333703

37 12 0.31571

38 12 0.296472

39 12 0.276063

40 12 0.254565

41 12 0.232062

42 12 0.208643

43 12 0.184401

44 12 0.159432

45 12 0.133833

46 12 0.107705

47 12 0.0811532

48 12 0.0542808

49 12 0.027194

50 12 0

0 13 0

1 13 0.0289587

2 13 0.0578031

3 13 0.0864194

4 13 0.114695

5 13 0.142517

6 13 0.169777

7 13 0.196368

8 13 0.222183

9 13 0.247121

10 13 0.271084

11 13 0.293977

12 13 0.31571

13 13 0.336197

14 13 0.355357

15 13 0.373115

16 13 0.3894

17 13 0.404149

18 13 0.417302

19 13 0.428809

20 13 0.438623

21 13 0.446706

22 13 0.453027

23 13 0.457559

24 13 0.460286

25 13 0.461196

26 13 0.460286

27 13 0.457559

28 13 0.453027

29 13 0.446706

30 13 0.438623

31 13 0.428809

32 13 0.417302

33 13 0.404149

34 13 0.3894

35 13 0.373115

36 13 0.355357

37 13 0.336197

38 13 0.31571

39 13 0.293977

40 13 0.271084

41 13 0.247121

42 13 0.222183

43 13 0.196368

44 13 0.169777

45 13 0.142517

46 13 0.114695

47 13 0.0864194

48 13 0.0578031

49 13 0.0289587

50 13 0

0 14 0

1 14 0.0306091

2 14 0.0610974

3 14 0.0913446

4 14 0.121231

5 14 0.150639

6 14 0.179453

7 14 0.207559

8 14 0.234845

9 14 0.261205

10 14 0.286533

11 14 0.310731

12 14 0.333703

13 14 0.355357

14 14 0.375609

15 14 0.394379

16 14 0.411593

17 14 0.427182

18 14 0.441085

19 14 0.453247

20 14 0.463621

21 14 0.472164

22 14 0.478845

23 14 0.483636

24 14 0.486518

25 14 0.48748

26 14 0.486518

27 14 0.483636

28 14 0.478845

29 14 0.472164

30 14 0.463621

31 14 0.453247

32 14 0.441085

33 14 0.427182

34 14 0.411593

35 14 0.394379

36 14 0.375609

37 14 0.355357

38 14 0.333703

39 14 0.310731

40 14 0.286533

41 14 0.261205

42 14 0.234845

43 14 0.207559

44 14 0.179453

45 14 0.150639

46 14 0.121231

47 14 0.0913446

48 14 0.0610974

49 14 0.0306091

50 14 0

0 15 0

1 15 0.0321387

2 15 0.0641505

3 15 0.0959092

4 15 0.127289

5 15 0.158167

6 15 0.188421

7 15 0.217931

8 15 0.246581

9 15 0.274257

10 15 0.300852

11 15 0.326259

12 15 0.350378

13 15 0.373115

14 15 0.394379

15 15 0.414087

16 15 0.432161

17 15 0.448529

18 15 0.463126

19 15 0.475896

20 15 0.486788

21 15 0.495759

22 15 0.502774

23 15 0.507804

24 15 0.51083

25 15 0.51184

26 15 0.51083

27 15 0.507804

28 15 0.502774

29 15 0.495759

30 15 0.486788

31 15 0.475896

32 15 0.463126

33 15 0.448529

34 15 0.432161

35 15 0.414087

36 15 0.394379

37 15 0.373115

38 15 0.350378

39 15 0.326259

40 15 0.300852

41 15 0.274257

42 15 0.246581

43 15 0.217931

44 15 0.188421

45 15 0.158167

46 15 0.127289

47 15 0.0959092

48 15 0.0641505

49 15 0.0321387

50 15 0

0 16 0

1 16 0.0335414

2 16 0.0669505

3 16 0.100095

4 16 0.132845

5 16 0.165071

6 16 0.196645

7 16 0.227443

8 16 0.257343

9 16 0.286228

10 16 0.313983

11 16 0.340499

12 16 0.365671

13 16 0.3894

14 16 0.411593

15 16 0.432161

16 16 0.451023

17 16 0.468105

18 16 0.48334

19 16 0.496668

20 16 0.508035

21 16 0.517398

22 16 0.524718

23 16 0.529968

24 16 0.533126

25 16 0.53418

26 16 0.533126

27 16 0.529968

28 16 0.524718

29 16 0.517398

30 16 0.508035

31 16 0.496668

32 16 0.48334

33 16 0.468105

34 16 0.451023

35 16 0.432161

36 16 0.411593

37 16 0.3894

38 16 0.365671

39 16 0.340499

40 16 0.313983

41 16 0.286228

42 16 0.257343

43 16 0.227443

44 16 0.196645

45 16 0.165071

46 16 0.132845

47 16 0.100095

48 16 0.0669505

49 16 0.0335414

50 16 0

0 17 0

1 17 0.0348118

2 17 0.0694862

3 17 0.103886

4 17 0.137877

5 17 0.171323

6 17 0.204093

7 17 0.236057

8 17 0.26709

9 17 0.297069

10 17 0.325875

11 17 0.353395

12 17 0.379521

13 17 0.404149

14 17 0.427182

15 17 0.448529

16 17 0.468105

17 17 0.485835

18 17 0.501647

19 17 0.515479

20 17 0.527277

21 17 0.536994

22 17 0.544592

23 17 0.55004

24 17 0.553318

25 17 0.554412

26 17 0.553318

27 17 0.55004

28 17 0.544592

29 17 0.536994

30 17 0.527277

31 17 0.515479

32 17 0.501647

33 17 0.485835

34 17 0.468105

35 17 0.448529

36 17 0.427182

37 17 0.404149

38 17 0.379521

39 17 0.353395

40 17 0.325875

41 17 0.297069

42 17 0.26709

43 17 0.236057

44 17 0.204093

45 17 0.171323

46 17 0.137877

47 17 0.103886

48 17 0.0694862

49 17 0.0348118

50 17 0

0 18 0

1 18 0.0359448

2 18 0.0717477

3 18 0.107267

4 18 0.142364

5 18 0.176899

6 18 0.210735

7 18 0.24374

8 18 0.275783

9 18 0.306737

10 18 0.336481

11 18 0.364897

12 18 0.391873

13 18 0.417302

14 18 0.441085

15 18 0.463126

16 18 0.48334

17 18 0.501647

18 18 0.517973

19 18 0.532256

20 18 0.544438

21 18 0.554471

22 18 0.562316

23 18 0.567942

24 18 0.571326

25 18 0.572456

26 18 0.571326

27 18 0.567942

28 18 0.562316

29 18 0.554471

30 18 0.544438

31 18 0.532256

32 18 0.517973

33 18 0.501647

34 18 0.48334

35 18 0.463126

36 18 0.441085

37 18 0.417302

38 18 0.391873

39 18 0.364897

40 18 0.336481

41 18 0.306737

42 18 0.275783

43 18 0.24374

44 18 0.210735

45 18 0.176899

46 18 0.142364

47 18 0.107267

48 18 0.0717477

49 18 0.0359448

50 18 0

0 19 0

1 19 0.0369359

2 19 0.0737261

3 19 0.110225

4 19 0.146289

5 19 0.181776

6 19 0.216546

7 19 0.250461

8 19 0.283387

9 19 0.315195

10 19 0.345759

11 19 0.374959

12 19 0.402678

13 19 0.428809

14 19 0.453247

15 19 0.475896

16 19 0.496668

17 19 0.515479

18 19 0.532256

19 19 0.546932

20 19 0.55945

21 19 0.56976

22 19 0.577821

23 19 0.583602

24 19 0.58708

25 19 0.58824

26 19 0.58708

27 19 0.583602

28 19 0.577821

29 19 0.56976

30 19 0.55945

31 19 0.546932

32 19 0.532256

33 19 0.515479

34 19 0.496668

35 19 0.475896

36 19 0.453247

37 19 0.428809

38 19 0.402678

39 19 0.374959

40 19 0.345759

41 19 0.315195

42 19 0.283387

43 19 0.250461

44 19 0.216546

45 19 0.181776

46 19 0.146289

47 19 0.110225

48 19 0.0737261

49 19 0.0369359

50 19 0

0 20 0

1 20 0.0377813

2 20 0.0754135

3 20 0.112748

4 20 0.149638

5 20 0.185937

6 20 0.221502

7 20 0.256193

8 20 0.289873

9 20 0.322409

10 20 0.353673

11 20 0.38354

12 20 0.411894

13 20 0.438623

14 20 0.463621

15 20 0.486788

16 20 0.508035

17 20 0.527277

18 20 0.544438

19 20 0.55945

20 20 0.572254

21 20 0.5828

22 20 0.591046

23 20 0.596959

24 20 0.600516

25 20 0.601704

26 20 0.600516

27 20 0.596959

28 20 0.591046

29 20 0.5828

30 20 0.572254

31 20 0.55945

32 20 0.544438

33 20 0.527277

34 20 0.508035

35 20 0.486788

36 20 0.463621

37 20 0.438623

38 20 0.411894

39 20 0.38354

40 20 0.353673

41 20 0.322409

42 20 0.289873

43 20 0.256193

44 20 0.221502

45 20 0.185937

46 20 0.149638

47 20 0.112748

48 20 0.0754135

49 20 0.0377813

50 20 0

0 21 0

1 21 0.0384775

2 21 0.0768032

3 21 0.114826

4 21 0.152395

5 21 0.189363

6 21 0.225584

7 21 0.260914

8 21 0.295215

9 21 0.32835

10 21 0.36019

11 21 0.390608

12 21 0.419485

13 21 0.446706

14 21 0.472164

15 21 0.495759

16 21 0.517398

17 21 0.536994

18 21 0.554471

19 21 0.56976

20 21 0.5828

21 21 0.59354

22 21 0.601938

23 21 0.60796

24 21 0.611583

25 21 0.612792

26 21 0.611583

27 21 0.60796

28 21 0.601938

29 21 0.59354

30 21 0.5828

31 21 0.56976

32 21 0.554471

33 21 0.536994

34 21 0.517398

35 21 0.495759

36 21 0.472164

37 21 0.446706

38 21 0.419485

39 21 0.390608

40 21 0.36019

41 21 0.32835

42 21 0.295215

43 21 0.260914

44 21 0.225584

45 21 0.189363

46 21 0.152395

47 21 0.114826

48 21 0.0768032

49 21 0.0384775

50 21 0

0 22 0

1 22 0.0390219

2 22 0.0778899

3 22 0.11645

4 22 0.154551

5 22 0.192042

6 22 0.228776

7 22 0.264606

8 22 0.299392

9 22 0.332996

10 22 0.365286

11 22 0.396135

12 22 0.42542

13 22 0.453027

14 22 0.478845

15 22 0.502774

16 22 0.524718

17 22 0.544592

18 22 0.562316

19 22 0.577821

20 22 0.591046

21 22 0.601938

22 22 0.610455

23 22 0.616562

24 22 0.620236

25 22 0.621462

26 22 0.620236

27 22 0.616562

28 22 0.610455

29 22 0.601938

30 22 0.591046

31 22 0.577821

32 22 0.562316

33 22 0.544592

34 22 0.524718

35 22 0.502774

36 22 0.478845

37 22 0.453027

38 22 0.42542

39 22 0.396135

40 22 0.365286

41 22 0.332996

42 22 0.299392

43 22 0.264606

44 22 0.228776

45 22 0.192042

46 22 0.154551

47 22 0.11645

48 22 0.0778899

49 22 0.0390219

50 22 0

0 23 0

1 23 0.0394123

2 23 0.0786691

3 23 0.117615

4 23 0.156098

5 23 0.193964

6 23 0.231064

7 23 0.267253

8 23 0.302387

9 23 0.336328

10 23 0.368941

11 23 0.400098

12 23 0.429676

13 23 0.457559

14 23 0.483636

15 23 0.507804

16 23 0.529968

17 23 0.55004

18 23 0.567942

19 23 0.583602

20 23 0.596959

21 23 0.60796

22 23 0.616562

23 23 0.62273

24 23 0.626441

25 23 0.62768

26 23 0.626441

27 23 0.62273

28 23 0.616562

29 23 0.60796

30 23 0.596959

31 23 0.583602

32 23 0.567942

33 23 0.55004

34 23 0.529968

35 23 0.507804

36 23 0.483636

37 23 0.457559

38 23 0.429676

39 23 0.400098

40 23 0.368941

41 23 0.336328

42 23 0.302387

43 23 0.267253

44 23 0.231064

45 23 0.193964

46 23 0.156098

47 23 0.117615

48 23 0.0786691

49 23 0.0394123

50 23 0

0 24 0

1 24 0.0396472

2 24 0.0791379

3 24 0.118316

4 24 0.157028

5 24 0.19512

6 24 0.232441

7 24 0.268846

8 24 0.304189

9 24 0.338332

10 24 0.371139

11 24 0.402482

12 24 0.432237

13 24 0.460286

14 24 0.486518

15 24 0.51083

16 24 0.533126

17 24 0.553318

18 24 0.571326

19 24 0.58708

20 24 0.600516

21 24 0.611583

22 24 0.620236

23 24 0.626441

24 24 0.630174

25 24 0.63142

26 24 0.630174

27 24 0.626441

28 24 0.620236

29 24 0.611583

30 24 0.600516

31 24 0.58708

32 24 0.571326

33 24 0.553318

34 24 0.533126

35 24 0.51083

36 24 0.486518

37 24 0.460286

38 24 0.432237

39 24 0.402482

40 24 0.371139

41 24 0.338332

42 24 0.304189

43 24 0.268846

44 24 0.232441

45 24 0.19512

46 24 0.157028

47 24 0.118316

48 24 0.0791379

49 24 0.0396472

50 24 0

0 25 0

1 25 0.0397256

2 25 0.0792944

3 25 0.11855

4 25 0.157338

5 25 0.195505

6 25 0.232901

7 25 0.269377

8 25 0.30479

9 25 0.339001

10 25 0.371873

11 25 0.403278

12 25 0.433091

13 25 0.461196

14 25 0.48748

15 25 0.51184

16 25 0.53418

17 25 0.554412

18 25 0.572456

19 25 0.58824

20 25 0.601704

21 25 0.612792

22 25 0.621462

23 25 0.62768

24 25 0.63142

25 25 0.632669

26 25 0.63142

27 25 0.62768

28 25 0.621462

29 25 0.612792

30 25 0.601704

31 25 0.58824

32 25 0.572456

33 25 0.554412

34 25 0.53418

35 25 0.51184

36 25 0.48748

37 25 0.461196

38 25 0.433091

39 25 0.403278

40 25 0.371873

41 25 0.339001

42 25 0.30479

43 25 0.269377

44 25 0.232901

45 25 0.195505

46 25 0.157338

47 25 0.11855

48 25 0.0792944

49 25 0.0397256

50 25 0

0 26 0

1 26 0.0396472

2 26 0.0791379

3 26 0.118316

4 26 0.157028

5 26 0.19512

6 26 0.232441

7 26 0.268846

8 26 0.304189

9 26 0.338332

10 26 0.371139

11 26 0.402482

12 26 0.432237

13 26 0.460286

14 26 0.486518

15 26 0.51083

16 26 0.533126

17 26 0.553318

18 26 0.571326

19 26 0.58708

20 26 0.600516

21 26 0.611583

22 26 0.620236

23 26 0.626441

24 26 0.630174

25 26 0.63142

26 26 0.630174

27 26 0.626441

28 26 0.620236

29 26 0.611583

30 26 0.600516

31 26 0.58708

32 26 0.571326

33 26 0.553318

34 26 0.533126

35 26 0.51083

36 26 0.486518

37 26 0.460286

38 26 0.432237

39 26 0.402482

40 26 0.371139

41 26 0.338332

42 26 0.304189

43 26 0.268846

44 26 0.232441

45 26 0.19512

46 26 0.157028

47 26 0.118316

48 26 0.0791379

49 26 0.0396472

50 26 0

0 27 0

1 27 0.0394123

2 27 0.0786691

3 27 0.117615

4 27 0.156098

5 27 0.193964

6 27 0.231064

7 27 0.267253

8 27 0.302387

9 27 0.336328

10 27 0.368941

11 27 0.400098

12 27 0.429676

13 27 0.457559

14 27 0.483636

15 27 0.507804

16 27 0.529968

17 27 0.55004

18 27 0.567942

19 27 0.583602

20 27 0.596959

21 27 0.60796

22 27 0.616562

23 27 0.62273

24 27 0.626441

25 27 0.62768

26 27 0.626441

27 27 0.62273

28 27 0.616562

29 27 0.60796

30 27 0.596959

31 27 0.583602

32 27 0.567942

33 27 0.55004

34 27 0.529968

35 27 0.507804

36 27 0.483636

37 27 0.457559

38 27 0.429676

39 27 0.400098

40 27 0.368941

41 27 0.336328

42 27 0.302387

43 27 0.267253

44 27 0.231064

45 27 0.193964

46 27 0.156098

47 27 0.117615

48 27 0.0786691

49 27 0.0394123

50 27 0

0 28 0

1 28 0.0390219

2 28 0.0778899

3 28 0.11645

4 28 0.154551

5 28 0.192042

6 28 0.228776

7 28 0.264606

8 28 0.299392

9 28 0.332996

10 28 0.365286

11 28 0.396135

12 28 0.42542

13 28 0.453027

14 28 0.478845

15 28 0.502774

16 28 0.524718

17 28 0.544592

18 28 0.562316

19 28 0.577821

20 28 0.591046

21 28 0.601938

22 28 0.610455

23 28 0.616562

24 28 0.620236

25 28 0.621462

26 28 0.620236

27 28 0.616562

28 28 0.610455

29 28 0.601938

30 28 0.591046

31 28 0.577821

32 28 0.562316

33 28 0.544592

34 28 0.524718

35 28 0.502774

36 28 0.478845

37 28 0.453027

38 28 0.42542

39 28 0.396135

40 28 0.365286

41 28 0.332996

42 28 0.299392

43 28 0.264606

44 28 0.228776

45 28 0.192042

46 28 0.154551

47 28 0.11645

48 28 0.0778899

49 28 0.0390219

50 28 0

0 29 0

1 29 0.0384775

2 29 0.0768032

3 29 0.114826

4 29 0.152395

5 29 0.189363

6 29 0.225584

7 29 0.260914

8 29 0.295215

9 29 0.32835

10 29 0.36019

11 29 0.390608

12 29 0.419485

13 29 0.446706

14 29 0.472164

15 29 0.495759

16 29 0.517398

17 29 0.536994

18 29 0.554471

19 29 0.56976

20 29 0.5828

21 29 0.59354

22 29 0.601938

23 29 0.60796

24 29 0.611583

25 29 0.612792

26 29 0.611583

27 29 0.60796

28 29 0.601938

29 29 0.59354

30 29 0.5828

31 29 0.56976

32 29 0.554471

33 29 0.536994

34 29 0.517398

35 29 0.495759

36 29 0.472164

37 29 0.446706

38 29 0.419485

39 29 0.390608

40 29 0.36019

41 29 0.32835

42 29 0.295215

43 29 0.260914

44 29 0.225584

45 29 0.189363

46 29 0.152395

47 29 0.114826

48 29 0.0768032

49 29 0.0384775

50 29 0

0 30 0

1 30 0.0377813

2 30 0.0754135

3 30 0.112748

4 30 0.149638

5 30 0.185937

6 30 0.221502

7 30 0.256193

8 30 0.289873

9 30 0.322409

10 30 0.353673

11 30 0.38354

12 30 0.411894

13 30 0.438623

14 30 0.463621

15 30 0.486788

16 30 0.508035

17 30 0.527277

18 30 0.544438

19 30 0.55945

20 30 0.572254

21 30 0.5828

22 30 0.591046

23 30 0.596959

24 30 0.600516

25 30 0.601704

26 30 0.600516

27 30 0.596959

28 30 0.591046

29 30 0.5828

30 30 0.572254

31 30 0.55945

32 30 0.544438

33 30 0.527277

34 30 0.508035

35 30 0.486788

36 30 0.463621

37 30 0.438623

38 30 0.411894

39 30 0.38354

40 30 0.353673

41 30 0.322409

42 30 0.289873

43 30 0.256193

44 30 0.221502

45 30 0.185937

46 30 0.149638

47 30 0.112748

48 30 0.0754135

49 30 0.0377813

50 30 0

0 31 0

1 31 0.0369359

2 31 0.0737261

3 31 0.110225

4 31 0.146289

5 31 0.181776

6 31 0.216546

7 31 0.250461

8 31 0.283387

9 31 0.315195

10 31 0.345759

11 31 0.374959

12 31 0.402678

13 31 0.428809

14 31 0.453247

15 31 0.475896

16 31 0.496668

17 31 0.515479

18 31 0.532256

19 31 0.546932

20 31 0.55945

21 31 0.56976

22 31 0.577821

23 31 0.583602

24 31 0.58708

25 31 0.58824

26 31 0.58708

27 31 0.583602

28 31 0.577821

29 31 0.56976

30 31 0.55945

31 31 0.546932

32 31 0.532256

33 31 0.515479

34 31 0.496668

35 31 0.475896

36 31 0.453247

37 31 0.428809

38 31 0.402678

39 31 0.374959

40 31 0.345759

41 31 0.315195

42 31 0.283387

43 31 0.250461

44 31 0.216546

45 31 0.181776

46 31 0.146289

47 31 0.110225

48 31 0.0737261

49 31 0.0369359

50 31 0

0 32 0

1 32 0.0359448

2 32 0.0717477

3 32 0.107267

4 32 0.142364

5 32 0.176899

6 32 0.210735

7 32 0.24374

8 32 0.275783

9 32 0.306737

10 32 0.336481

11 32 0.364897

12 32 0.391873

13 32 0.417302

14 32 0.441085

15 32 0.463126

16 32 0.48334

17 32 0.501647

18 32 0.517973

19 32 0.532256

20 32 0.544438

21 32 0.554471

22 32 0.562316

23 32 0.567942

24 32 0.571326

25 32 0.572456

26 32 0.571326

27 32 0.567942

28 32 0.562316

29 32 0.554471

30 32 0.544438

31 32 0.532256

32 32 0.517973

33 32 0.501647

34 32 0.48334

35 32 0.463126

36 32 0.441085

37 32 0.417302

38 32 0.391873

39 32 0.364897

40 32 0.336481

41 32 0.306737

42 32 0.275783

43 32 0.24374

44 32 0.210735

45 32 0.176899

46 32 0.142364

47 32 0.107267

48 32 0.0717477

49 32 0.0359448

50 32 0

0 33 0

1 33 0.0348118

2 33 0.0694862

3 33 0.103886

4 33 0.137877

5 33 0.171323

6 33 0.204093

7 33 0.236057

8 33 0.26709

9 33 0.297069

10 33 0.325875

11 33 0.353395

12 33 0.379521

13 33 0.404149

14 33 0.427182

15 33 0.448529

16 33 0.468105

17 33 0.485835

18 33 0.501647

19 33 0.515479

20 33 0.527277

21 33 0.536994

22 33 0.544592

23 33 0.55004

24 33 0.553318

25 33 0.554412

26 33 0.553318

27 33 0.55004

28 33 0.544592

29 33 0.536994

30 33 0.527277

31 33 0.515479

32 33 0.501647

33 33 0.485835

34 33 0.468105

35 33 0.448529

36 33 0.427182

37 33 0.404149

38 33 0.379521

39 33 0.353395

40 33 0.325875

41 33 0.297069

42 33 0.26709

43 33 0.236057

44 33 0.204093

45 33 0.171323

46 33 0.137877

47 33 0.103886

48 33 0.0694862

49 33 0.0348118

50 33 0

0 34 0

1 34 0.0335414

2 34 0.0669505

3 34 0.100095

4 34 0.132845

5 34 0.165071

6 34 0.196645

7 34 0.227443

8 34 0.257343

9 34 0.286228

10 34 0.313983

11 34 0.340499

12 34 0.365671

13 34 0.3894

14 34 0.411593

15 34 0.432161

16 34 0.451023

17 34 0.468105

18 34 0.48334

19 34 0.496668

20 34 0.508035

21 34 0.517398

22 34 0.524718

23 34 0.529968

24 34 0.533126

25 34 0.53418

26 34 0.533126

27 34 0.529968

28 34 0.524718

29 34 0.517398

30 34 0.508035

31 34 0.496668

32 34 0.48334

33 34 0.468105

34 34 0.451023

35 34 0.432161

36 34 0.411593

37 34 0.3894

38 34 0.365671

39 34 0.340499

40 34 0.313983

41 34 0.286228

42 34 0.257343

43 34 0.227443

44 34 0.196645

45 34 0.165071

46 34 0.132845

47 34 0.100095

48 34 0.0669505

49 34 0.0335414

50 34 0

0 35 0

1 35 0.0321387

2 35 0.0641505

3 35 0.0959092

4 35 0.127289

5 35 0.158167

6 35 0.188421

7 35 0.217931

8 35 0.246581

9 35 0.274257

10 35 0.300852

11 35 0.326259

12 35 0.350378

13 35 0.373115

14 35 0.394379

15 35 0.414087

16 35 0.432161

17 35 0.448529

18 35 0.463126

19 35 0.475896

20 35 0.486788

21 35 0.495759

22 35 0.502774

23 35 0.507804

24 35 0.51083

25 35 0.51184

26 35 0.51083

27 35 0.507804

28 35 0.502774

29 35 0.495759

30 35 0.486788

31 35 0.475896

32 35 0.463126

33 35 0.448529

34 35 0.432161

35 35 0.414087

36 35 0.394379

37 35 0.373115

38 35 0.350378

39 35 0.326259

40 35 0.300852

41 35 0.274257

42 35 0.246581

43 35 0.217931

44 35 0.188421

45 35 0.158167

46 35 0.127289

47 35 0.0959092

48 35 0.0641505

49 35 0.0321387

50 35 0

0 36 0

1 36 0.0306091

2 36 0.0610974

3 36 0.0913446

4 36 0.121231

5 36 0.150639

6 36 0.179453

7 36 0.207559

8 36 0.234845

9 36 0.261205

10 36 0.286533

11 36 0.310731

12 36 0.333703

13 36 0.355357

14 36 0.375609

15 36 0.394379

16 36 0.411593

17 36 0.427182

18 36 0.441085

19 36 0.453247

20 36 0.463621

21 36 0.472164

22 36 0.478845

23 36 0.483636

24 36 0.486518

25 36 0.48748

26 36 0.486518

27 36 0.483636

28 36 0.478845

29 36 0.472164

30 36 0.463621

31 36 0.453247

32 36 0.441085

33 36 0.427182

34 36 0.411593

35 36 0.394379

36 36 0.375609

37 36 0.355357

38 36 0.333703

39 36 0.310731

40 36 0.286533

41 36 0.261205

42 36 0.234845

43 36 0.207559

44 36 0.179453

45 36 0.150639

46 36 0.121231

47 36 0.0913446

48 36 0.0610974

49 36 0.0306091

50 36 0

0 37 0

1 37 0.0289587

2 37 0.0578031

3 37 0.0864194

4 37 0.114695

5 37 0.142517

6 37 0.169777

7 37 0.196368

8 37 0.222183

9 37 0.247121

10 37 0.271084

11 37 0.293977

12 37 0.31571

13 37 0.336197

14 37 0.355357

15 37 0.373115

16 37 0.3894

17 37 0.404149

18 37 0.417302

19 37 0.428809

20 37 0.438623

21 37 0.446706

22 37 0.453027

23 37 0.457559

24 37 0.460286

25 37 0.461196

26 37 0.460286

27 37 0.457559

28 37 0.453027

29 37 0.446706

30 37 0.438623

31 37 0.428809

32 37 0.417302

33 37 0.404149

34 37 0.3894

35 37 0.373115

36 37 0.355357

37 37 0.336197

38 37 0.31571

39 37 0.293977

40 37 0.271084

41 37 0.247121

42 37 0.222183

43 37 0.196368

44 37 0.169777

45 37 0.142517

46 37 0.114695

47 37 0.0864194

48 37 0.0578031

49 37 0.0289587

50 37 0

0 38 0

1 38 0.027194

2 38 0.0542808

3 38 0.0811532

4 38 0.107705

5 38 0.133833

6 38 0.159432

7 38 0.184401

8 38 0.208643

9 38 0.232062

10 38 0.254565

11 38 0.276063

12 38 0.296472

13 38 0.31571

14 38 0.333703

15 38 0.350378

16 38 0.365671

17 38 0.379521

18 38 0.391873

19 38 0.402678

20 38 0.411894

21 38 0.419485

22 38 0.42542

23 38 0.429676

24 38 0.432237

25 38 0.433091

26 38 0.432237

27 38 0.429676

28 38 0.42542

29 38 0.419485

30 38 0.411894

31 38 0.402678

32 38 0.391873

33 38 0.379521

34 38 0.365671

35 38 0.350378

36 38 0.333703

37 38 0.31571

38 38 0.296472

39 38 0.276063

40 38 0.254565

41 38 0.232062

42 38 0.208643

43 38 0.184401

44 38 0.159432

45 38 0.133833

46 38 0.107705

47 38 0.0811532

48 38 0.0542808

49 38 0.027194

50 38 0

0 39 0

1 39 0.025322

2 39 0.0505442

3 39 0.0755668

4 39 0.100291

5 39 0.12462

6 39 0.148457

7 39 0.171707

8 39 0.194281

9 39 0.216087

10 39 0.237041

11 39 0.257059

12 39 0.276063

13 39 0.293977

14 39 0.310731

15 39 0.326259

16 39 0.340499

17 39 0.353395

18 39 0.364897

19 39 0.374959

20 39 0.38354

21 39 0.390608

22 39 0.396135

23 39 0.400098

24 39 0.402482

25 39 0.403278

26 39 0.402482

27 39 0.400098

28 39 0.396135

29 39 0.390608

30 39 0.38354

31 39 0.374959

32 39 0.364897

33 39 0.353395

34 39 0.340499

35 39 0.326259

36 39 0.310731

37 39 0.293977

38 39 0.276063

39 39 0.257059

40 39 0.237041

41 39 0.216087

42 39 0.194281

43 39 0.171707

44 39 0.148457

45 39 0.12462

46 39 0.100291

47 39 0.0755668

48 39 0.0505442

49 39 0.025322

50 39 0

0 40 0

1 40 0.0233501

2 40 0.0466081

3 40 0.0696821

4 40 0.0924811

5 40 0.114915

6 40 0.136896

7 40 0.158336

8 40 0.179151

9 40 0.19926

10 40 0.218582

11 40 0.237041

12 40 0.254565

13 40 0.271084

14 40 0.286533

15 40 0.300852

16 40 0.313983

17 40 0.325875

18 40 0.336481

19 40 0.345759

20 40 0.353673

21 40 0.36019

22 40 0.365286

23 40 0.368941

24 40 0.371139

25 40 0.371873

26 40 0.371139

27 40 0.368941

28 40 0.365286

29 40 0.36019

30 40 0.353673

31 40 0.345759

32 40 0.336481

33 40 0.325875

34 40 0.313983

35 40 0.300852

36 40 0.286533

37 40 0.271084

38 40 0.254565

39 40 0.237041

40 40 0.218582

41 40 0.19926

42 40 0.179151

43 40 0.158336

44 40 0.136896

45 40 0.114915

46 40 0.0924811

47 40 0.0696821

48 40 0.0466081

49 40 0.0233501

50 40 0

0 41 0

1 41 0.021286

2 41 0.0424881

3 41 0.0635224

4 41 0.0843061

5 41 0.104757

6 41 0.124795

7 41 0.14434

8 41 0.163315

9 41 0.181646

10 41 0.19926

11 41 0.216087

12 41 0.232062

13 41 0.247121

14 41 0.261205

15 41 0.274257

16 41 0.286228

17 41 0.297069

18 41 0.306737

19 41 0.315195

20 41 0.322409

21 41 0.32835

22 41 0.332996

23 41 0.336328

24 41 0.338332

25 41 0.339001

26 41 0.338332

27 41 0.336328

28 41 0.332996

29 41 0.32835

30 41 0.322409

31 41 0.315195

32 41 0.306737

33 41 0.297069

34 41 0.286228

35 41 0.274257

36 41 0.261205

37 41 0.247121

38 41 0.232062

39 41 0.216087

40 41 0.19926

41 41 0.181646

42 41 0.163315

43 41 0.14434

44 41 0.124795

45 41 0.104757

46 41 0.0843061

47 41 0.0635224

48 41 0.0424881

49 41 0.021286

50 41 0

0 42 0

1 42 0.0191379

2 42 0.0382004

3 42 0.057112

4 42 0.0757983

5 42 0.0941854

6 42 0.112201

7 42 0.129773

8 42 0.146834

9 42 0.163315

10 42 0.179151

11 42 0.194281

12 42 0.208643

13 42 0.222183

14 42 0.234845

15 42 0.246581

16 42 0.257343

17 42 0.26709

18 42 0.275783

19 42 0.283387

20 42 0.289873

21 42 0.295215

22 42 0.299392

23 42 0.302387

24 42 0.304189

25 42 0.30479

26 42 0.304189

27 42 0.302387

28 42 0.299392

29 42 0.295215

30 42 0.289873

31 42 0.283387

32 42 0.275783

33 42 0.26709

34 42 0.257343

35 42 0.246581

36 42 0.234845

37 42 0.222183

38 42 0.208643

39 42 0.194281

40 42 0.179151

41 42 0.163315

42 42 0.146834

43 42 0.129773

44 42 0.112201

45 42 0.0941854

46 42 0.0757983

47 42 0.057112

48 42 0.0382004

49 42 0.0191379

50 42 0

0 43 0

1 43 0.0169143

2 43 0.0337619

3 43 0.0504763

4 43 0.0669914

5 43 0.0832421

6 43 0.0991644

7 43 0.114695

8 43 0.129773

9 43 0.14434

10 43 0.158336

11 43 0.171707

12 43 0.184401

13 43 0.196368

14 43 0.207559

15 43 0.217931

16 43 0.227443

17 43 0.236057

18 43 0.24374

19 43 0.250461

20 43 0.256193

21 43 0.260914

22 43 0.264606

23 43 0.267253

24 43 0.268846

25 43 0.269377

26 43 0.268846

27 43 0.267253

28 43 0.264606

29 43 0.260914

30 43 0.256193

31 43 0.250461

32 43 0.24374

33 43 0.236057

34 43 0.227443

35 43 0.217931

36 43 0.207559

37 43 0.196368

38 43 0.184401

39 43 0.171707

40 43 0.158336

41 43 0.14434

42 43 0.129773

43 43 0.114695

44 43 0.0991644

45 43 0.0832421

46 43 0.0669914

47 43 0.0504763

48 43 0.0337619

49 43 0.0169143

50 43 0

0 44 0

1 44 0.014624

2 44 0.0291902

3 44 0.0436413

4 44 0.0579201

5 44 0.0719703

6 44 0.0857365

7 44 0.0991644

8 44 0.112201

9 44 0.124795

10 44 0.136896

11 44 0.148457

12 44 0.159432

13 44 0.169777

14 44 0.179453

15 44 0.188421

16 44 0.196645

17 44 0.204093

18 44 0.210735

19 44 0.216546

20 44 0.221502

21 44 0.225584

22 44 0.228776

23 44 0.231064

24 44 0.232441

25 44 0.232901

26 44 0.232441

27 44 0.231064

28 44 0.228776

29 44 0.225584

30 44 0.221502

31 44 0.216546

32 44 0.210735

33 44 0.204093

34 44 0.196645

35 44 0.188421

36 44 0.179453

37 44 0.169777

38 44 0.159432

39 44 0.148457

40 44 0.136896

41 44 0.124795

42 44 0.112201

43 44 0.0991644

44 44 0.0857365

45 44 0.0719703

46 44 0.0579201

47 44 0.0436413

48 44 0.0291902

49 44 0.014624

50 44 0

0 45 0

1 45 0.0122759

2 45 0.0245033

3 45 0.0366341

4 45 0.0486202

5 45 0.0604145

6 45 0.0719703

7 45 0.0832421

8 45 0.0941854

9 45 0.104757

10 45 0.114915

11 45 0.12462

12 45 0.133833

13 45 0.142517

14 45 0.150639

15 45 0.158167

16 45 0.165071

17 45 0.171323

18 45 0.176899

19 45 0.181776

20 45 0.185937

21 45 0.189363

22 45 0.192042

23 45 0.193964

24 45 0.19512

25 45 0.195505

26 45 0.19512

27 45 0.193964

28 45 0.192042

29 45 0.189363

30 45 0.185937

31 45 0.181776

32 45 0.176899

33 45 0.171323

34 45 0.165071

35 45 0.158167

36 45 0.150639

37 45 0.142517

38 45 0.133833

39 45 0.12462

40 45 0.114915

41 45 0.104757

42 45 0.0941854

43 45 0.0832421

44 45 0.0719703

45 45 0.0604145

46 45 0.0486202

47 45 0.0366341

48 45 0.0245033

49 45 0.0122759

50 45 0

0 46 0

1 46 0.00987935

2 46 0.0197197

3 46 0.0294823

4 46 0.0391284

5 46 0.0486202

6 46 0.0579201

7 46 0.0669914

8 46 0.0757983

9 46 0.0843061

10 46 0.0924811

11 46 0.100291

12 46 0.107705

13 46 0.114695

14 46 0.121231

15 46 0.127289

16 46 0.132845

17 46 0.137877

18 46 0.142364

19 46 0.146289

20 46 0.149638

21 46 0.152395

22 46 0.154551

23 46 0.156098

24 46 0.157028

25 46 0.157338

26 46 0.157028

27 46 0.156098

28 46 0.154551

29 46 0.152395

30 46 0.149638

31 46 0.146289

32 46 0.142364

33 46 0.137877

34 46 0.132845

35 46 0.127289

36 46 0.121231

37 46 0.114695

38 46 0.107705

39 46 0.100291

40 46 0.0924811

41 46 0.0843061

42 46 0.0757983

43 46 0.0669914

44 46 0.0579201

45 46 0.0486202

46 46 0.0391284

47 46 0.0294823

48 46 0.0197197

49 46 0.00987935

50 46 0

0 47 0

1 47 0.00744383

2 47 0.0148583

3 47 0.0222141

4 47 0.0294823

5 47 0.0366341

6 47 0.0436413

7 47 0.0504763

8 47 0.057112

9 47 0.0635224

10 47 0.0696821

11 47 0.0755668

12 47 0.0811532

13 47 0.0864194

14 47 0.0913446

15 47 0.0959092

16 47 0.100095

17 47 0.103886

18 47 0.107267

19 47 0.110225

20 47 0.112748

21 47 0.114826

22 47 0.11645

23 47 0.117615

24 47 0.118316

25 47 0.11855

26 47 0.118316

27 47 0.117615

28 47 0.11645

29 47 0.114826

30 47 0.112748

31 47 0.110225

32 47 0.107267

33 47 0.103886

34 47 0.100095

35 47 0.0959092

36 47 0.0913446

37 47 0.0864194

38 47 0.0811532

39 47 0.0755668

40 47 0.0696821

41 47 0.0635224

42 47 0.057112

43 47 0.0504763

44 47 0.0436413

45 47 0.0366341

46 47 0.0294823

47 47 0.0222141

48 47 0.0148583

49 47 0.00744383

50 47 0

0 48 0

1 48 0.00497894

2 48 0.00993822

3 48 0.0148583

4 48 0.0197197

5 48 0.0245033

6 48 0.0291902

7 48 0.0337619

8 48 0.0382004

9 48 0.0424881

10 48 0.0466081

11 48 0.0505442

12 48 0.0542808

13 48 0.0578031

14 48 0.0610974

15 48 0.0641505

16 48 0.0669505

17 48 0.0694862

18 48 0.0717477

19 48 0.0737261

20 48 0.0754135

21 48 0.0768032

22 48 0.0778899

23 48 0.0786691

24 48 0.0791379

25 48 0.0792944

26 48 0.0791379

27 48 0.0786691

28 48 0.0778899

29 48 0.0768032

30 48 0.0754135

31 48 0.0737261

32 48 0.0717477

33 48 0.0694862

34 48 0.0669505

35 48 0.0641505

36 48 0.0610974

37 48 0.0578031

38 48 0.0542808

39 48 0.0505442

40 48 0.0466081

41 48 0.0424881

42 48 0.0382004

43 48 0.0337619

44 48 0.0291902

45 48 0.0245033

46 48 0.0197197

47 48 0.0148583

48 48 0.00993822

49 48 0.00497894

50 48 0

0 49 0

1 49 0.00249439

2 49 0.00497894

3 49 0.00744383

4 49 0.00987935

5 49 0.0122759

6 49 0.014624

7 49 0.0169143

8 49 0.0191379

9 49 0.021286

10 49 0.0233501

11 49 0.025322

12 49 0.027194

13 49 0.0289587

14 49 0.0306091

15 49 0.0321387

16 49 0.0335414

17 49 0.0348118

18 49 0.0359448

19 49 0.0369359

20 49 0.0377813

21 49 0.0384775

22 49 0.0390219

23 49 0.0394123

24 49 0.0396472

25 49 0.0397256

26 49 0.0396472

27 49 0.0394123

28 49 0.0390219

29 49 0.0384775

30 49 0.0377813

31 49 0.0369359

32 49 0.0359448

33 49 0.0348118

34 49 0.0335414

35 49 0.0321387

36 49 0.0306091

37 49 0.0289587

38 49 0.027194

39 49 0.025322

40 49 0.0233501

41 49 0.021286

42 49 0.0191379

43 49 0.0169143

44 49 0.014624

45 49 0.0122759

46 49 0.00987935

47 49 0.00744383

48 49 0.00497894

49 49 0.00249439

50 49 0

