0 1 0

1 1 0.000215917

2 1 0.000430981

3 1 0.000644345

4 1 0.000855165

5 1 0.00106261

6 1 0.00126586

7 1 0.00146412

8 1 0.0016566

9 1 0.00184254

10 1 0.00202121

11 1 0.0021919

12 1 0.00235394

13 1 0.00250669

14 1 0.00264955

15 1 0.00278195

16 1 0.00290337

17 1 0.00301334

18 1 0.00311141

19 1 0.0031972

20 1 0.00327038

21 1 0.00333065

22 1 0.00337777

23 1 0.00341157

24 1 0.0034319

25 1 0.00343868

26 1 0.0034319

27 1 0.00341157

28 1 0.00337777

29 1 0.00333065

30 1 0.00327038

31 1 0.0031972

32 1 0.00311141

33 1 0.00301334

34 1 0.00290337

35 1 0.00278195

36 1 0.00264955

37 1 0.00250669

38 1 0.00235394

39 1 0.0021919

40 1 0.00202121

41 1 0.00184254

42 1 0.0016566

43 1 0.00146412

44 1 0.00126586

45 1 0.00106261

46 1 0.000855165

47 1 0.000644345

48 1 0.000430981

49 1 0.000215917

50 1 0

0 2 0

1 2 0.000430981

2 2 0.000860261

3 2 0.00128615

4 2 0.00170696

5 2 0.00212103

6 2 0.00252673

7 2 0.00292246

8 2 0.00330666

9 2 0.0036778

10 2 0.00403444

11 2 0.00437515

12 2 0.00469859

13 2 0.00500349

14 2 0.00528864

15 2 0.00555292

16 2 0.00579529

17 2 0.00601479

18 2 0.00621054

19 2 0.00638179

20 2 0.00652785

21 2 0.00664815

22 2 0.00674221

23 2 0.00680967

24 2 0.00685025

25 2 0.00686379

26 2 0.00685025

27 2 0.00680967

28 2 0.00674221

29 2 0.00664815

30 2 0.00652785

31 2 0.00638179

32 2 0.00621054

33 2 0.00601479

34 2 0.00579529

35 2 0.00555292

36 2 0.00528864

37 2 0.00500349

38 2 0.00469859

39 2 0.00437515

40 2 0.00403444

41 2 0.0036778

42 2 0.00330666

43 2 0.00292246

44 2 0.00252673

45 2 0.00212103

46 2 0.00170696

47 2 0.00128615

48 2 0.000860261

49 2 0.000430981

50 2 0

0 3 0

1 3 0.000644345

2 3 0.00128615

3 3 0.00192287

4 3 0.00255201

5 3 0.00317107

6 3 0.00377763

7 3 0.00436927

8 3 0.00494367

9 3 0.00549855

10 3 0.00603174

11 3 0.00654113

12 3 0.00702469

13 3 0.00748054

14 3 0.00790686

15 3 0.00830198

16 3 0.00866434

17 3 0.0089925

18 3 0.00928517

19 3 0.00954119

20 3 0.00975956

21 3 0.00993942

22 3 0.01008

23 3 0.0101809

24 3 0.0102416

25 3 0.0102618

26 3 0.0102416

27 3 0.0101809

28 3 0.01008

29 3 0.00993942

30 3 0.00975956

31 3 0.00954119

32 3 0.00928517

33 3 0.0089925

34 3 0.00866434

35 3 0.00830198

36 3 0.00790686

37 3 0.00748054

38 3 0.00702469

39 3 0.00654113

40 3 0.00603174

41 3 0.00549855

42 3 0.00494367

43 3 0.00436927

44 3 0.00377763

45 3 0.00317107

46 3 0.00255201

47 3 0.00192287

48 3 0.00128615

49 3 0.000644345

50 3 0

0 4 0

1 4 0.000855165

2 4 0.00170696

3 4 0.00255201

4 4 0.00338699

5 4 0.00420861

6 4 0.00501361

7 4 0.00579883

8 4 0.00656117

9 4 0.00729761

10 4 0.00800525

11 4 0.00868129

12 4 0.00932308

13 4 0.00992807

14 4 0.0104939

15 4 0.0110183

16 4 0.0114992

17 4 0.0119347

18 4 0.0123231

19 4 0.0126629

20 4 0.0129528

21 4 0.0131915

22 4 0.0133781

23 4 0.0135119

24 4 0.0135925

25 4 0.0136193

26 4 0.0135925

27 4 0.0135119

28 4 0.0133781

29 4 0.0131915

30 4 0.0129528

31 4 0.0126629

32 4 0.0123231

33 4 0.0119347

34 4 0.0114992

35 4 0.0110183

36 4 0.0104939

37 4 0.00992807

38 4 0.00932308

39 4 0.00868129

40 4 0.00800525

41 4 0.00729761

42 4 0.00656117

43 4 0.00579883

44 4 0.00501361

45 4 0.00420861

46 4 0.00338699

47 4 0.00255201

48 4 0.00170696

49 4 0.000855165

50 4 0

0 5 0

1 5 0.00106261

2 5 0.00212103

3 5 0.00317107

4 5 0.00420861

5 5 0.00522953

6 5 0.00622981

7 5 0.00720551

8 5 0.00815277

9 5 0.00906786

10 5 0.00994716

11 5 0.0107872

12 5 0.0115847

13 5 0.0123364

14 5 0.0130395

15 5 0.0136911

16 5 0.0142887

17 5 0.0148298

18 5 0.0153125

19 5 0.0157347

20 5 0.0160948

21 5 0.0163914

22 5 0.0166234

23 5 0.0167897

24 5 0.0168897

25 5 0.0169231

26 5 0.0168897

27 5 0.0167897

28 5 0.0166234

29 5 0.0163914

30 5 0.0160948

31 5 0.0157347

32 5 0.0153125

33 5 0.0148298

34 5 0.0142887

35 5 0.0136911

36 5 0.0130395

37 5 0.0123364

38 5 0.0115847

39 5 0.0107872

40 5 0.00994716

41 5 0.00906786

42 5 0.00815277

43 5 0.00720551

44 5 0.00622981

45 5 0.00522953

46 5 0.00420861

47 5 0.00317107

48 5 0.00212103

49 5 0.00106261

50 5 0

0 6 0

1 6 0.00126586

2 6 0.00252673

3 6 0.00377763

4 6 0.00501361

5 6 0.00622981

6 6 0.00742143

7 6 0.00858375

8 6 0.0097122

9 6 0.0108023

10 6 0.0118498

11 6 0.0128505

12 6 0.0138005

13 6 0.0146961

14 6 0.0155336

15 6 0.0163099

16 6 0.0170217

17 6 0.0176664

18 6 0.0182414

19 6 0.0187444

20 6 0.0191734

21 6 0.0195267

22 6 0.019803

23 6 0.0200011

24 6 0.0201203

25 6 0.0201601

26 6 0.0201203

27 6 0.0200011

28 6 0.019803

29 6 0.0195267

30 6 0.0191734

31 6 0.0187444

32 6 0.0182414

33 6 0.0176664

34 6 0.0170217

35 6 0.0163099

36 6 0.0155336

37 6 0.0146961

38 6 0.0138005

39 6 0.0128505

40 6 0.0118498

41 6 0.0108023

42 6 0.0097122

43 6 0.00858375

44 6 0.00742143

45 6 0.00622981

46 6 0.00501361

47 6 0.00377763

48 6 0.00252673

49 6 0.00126586

50 6 0

0 7 0

1 7 0.00146412

2 7 0.00292246

3 7 0.00436927

4 7 0.00579883

5 7 0.00720551

6 7 0.00858375

7 7 0.00992812

8 7 0.0112333

9 7 0.0124942

10 7 0.0137057

11 7 0.0148631

12 7 0.0159619

13 7 0.0169977

14 7 0.0179665

15 7 0.0188643

16 7 0.0196876

17 7 0.0204333

18 7 0.0210983

19 7 0.0216801

20 7 0.0221763

21 7 0.022585

22 7 0.0229045

23 7 0.0231337

24 7 0.0232715

25 7 0.0233175

26 7 0.0232715

27 7 0.0231337

28 7 0.0229045

29 7 0.022585

30 7 0.0221763

31 7 0.0216801

32 7 0.0210983

33 7 0.0204333

34 7 0.0196876

35 7 0.0188643

36 7 0.0179665

37 7 0.0169977

38 7 0.0159619

39 7 0.0148631

40 7 0.0137057

41 7 0.0124942

42 7 0.0112333

43 7 0.00992812

44 7 0.00858375

45 7 0.00720551

46 7 0.00579883

47 7 0.00436927

48 7 0.00292246

49 7 0.00146412

50 7 0

0 8 0

1 8 0.0016566

2 8 0.00330666

3 8 0.00494367

4 8 0.00656117

5 8 0.00815277

6 8 0.0097122

7 8 0.0112333

8 8 0.0127101

9 8 0.0141367

10 8 0.0155075

11 8 0.0168171

12 8 0.0180604

13 8 0.0192323

14 8 0.0203284

15 8 0.0213442

16 8 0.0222758

17 8 0.0231195

18 8 0.023872

19 8 0.0245302

20 8 0.0250916

21 8 0.0255541

22 8 0.0259156

23 8 0.0261749

24 8 0.0263309

25 8 0.0263829

26 8 0.0263309

27 8 0.0261749

28 8 0.0259156

29 8 0.0255541

30 8 0.0250916

31 8 0.0245302

32 8 0.023872

33 8 0.0231195

34 8 0.0222758

35 8 0.0213442

36 8 0.0203284

37 8 0.0192323

38 8 0.0180604

39 8 0.0168171

40 8 0.0155075

41 8 0.0141367

42 8 0.0127101

43 8 0.0112333

44 8 0.0097122

45 8 0.00815277

46 8 0.00656117

47 8 0.00494367

48 8 0.00330666

49 8 0.0016566

50 8 0

0 9 0

1 9 0.00184254

2 9 0.0036778

3 9 0.00549855

4 9 0.00729761

5 9 0.00906786

6 9 0.0108023

7 9 0.0124942

8 9 0.0141367

9 9 0.0157234

10 9 0.0172481

11 9 0.0187047

12 9 0.0200875

13 9 0.021391

14 9 0.0226101

15 9 0.02374

16 9 0.0247761

17 9 0.0257145

18 9 0.0265514

19 9 0.0272835

20 9 0.027908

21 9 0.0284223

22 9 0.0288244

23 9 0.0291128

24 9 0.0292863

25 9 0.0293442

26 9 0.0292863

27 9 0.0291128

28 9 0.0288244

29 9 0.0284223

30 9 0.027908

31 9 0.0272835

32 9 0.0265514

33 9 0.0257145

34 9 0.0247761

35 9 0.02374

36 9 0.0226101

37 9 0.021391

38 9 0.0200875

39 9 0.0187047

40 9 0.0172481

41 9 0.0157234

42 9 0.0141367

43 9 0.0124942

44 9 0.0108023

45 9 0.00906786

46 9 0.00729761

47 9 0.00549855

48 9 0.0036778

49 9 0.00184254

50 9 0

0 10 0

1 10 0.00202121

2 10 0.00403444

3 10 0.00603174

4 10 0.00800525

5 10 0.00994716

6 10 0.0118498

7 10 0.0137057

8 10 0.0155075

9 10 0.0172481

10 10 0.0189206

11 10 0.0205185

12 10 0.0220353

13 10 0.0234653

14 10 0.0248026

15 10 0.026042

16 10 0.0271786

17 10 0.028208

18 10 0.0291261

19 10 0.0299292

20 10 0.0306142

21 10 0.0311784

22 10 0.0316195

23 10 0.0319358

24 10 0.0321262

25 10 0.0321897

26 10 0.0321262

27 10 0.0319358

28 10 0.0316195

29 10 0.0311784

30 10 0.0306142

31 10 0.0299292

32 10 0.0291261

33 10 0.028208

34 10 0.0271786

35 10 0.026042

36 10 0.0248026

37 10 0.0234653

38 10 0.0220353

39 10 0.0205185

40 10 0.0189206

41 10 0.0172481

42 10 0.0155075

43 10 0.0137057

44 10 0.0118498

45 10 0.00994716

46 10 0.00800525

47 10 0.00603174

48 10 0.00403444

49 10 0.00202121

50 10 0

0 11 0

1 11 0.0021919

2 11 0.00437515

3 11 0.00654113

4 11 0.00868129

5 11 0.0107872

6 11 0.0128505

7 11 0.0148631

8 11 0.0168171

9 11 0.0187047

10 11 0.0205185

11 11 0.0222513

12 11 0.0238962

13 11 0.0254469

14 11 0.0268972

15 11 0.0282412

16 11 0.0294739

17 11 0.0305902

18 11 0.0315858

19 11 0.0324567

20 11 0.0331996

21 11 0.0338114

22 11 0.0342898

23 11 0.0346328

24 11 0.0348392

25 11 0.0349081

26 11 0.0348392

27 11 0.0346328

28 11 0.0342898

29 11 0.0338114

30 11 0.0331996

31 11 0.0324567

32 11 0.0315858

33 11 0.0305902

34 11 0.0294739

35 11 0.0282412

36 11 0.0268972

37 11 0.0254469

38 11 0.0238962

39 11 0.0222513

40 11 0.0205185

41 11 0.0187047

42 11 0.0168171

43 11 0.0148631

44 11 0.0128505

45 11 0.0107872

46 11 0.00868129

47 11 0.00654113

48 11 0.00437515

49 11 0.0021919

50 11 0

0 12 0

1 12 0.00235394

2 12 0.00469859

3 12 0.00702469

4 12 0.00932308

5 12 0.0115847

6 12 0.0138005

7 12 0.0159619

8 12 0.0180604

9 12 0.0200875

10 12 0.0220353

11 12 0.0238962

12 12 0.0256628

13 12 0.0273281

14 12 0.0288856

15 12 0.0303291

16 12 0.0316528

17 12 0.0328517

18 12 0.0339209

19 12 0.0348562

20 12 0.0356539

21 12 0.036311

22 12 0.0368247

23 12 0.0371932

24 12 0.0374148

25 12 0.0374888

26 12 0.0374148

27 12 0.0371932

28 12 0.0368247

29 12 0.036311

30 12 0.0356539

31 12 0.0348562

32 12 0.0339209

33 12 0.0328517

34 12 0.0316528

35 12 0.0303291

36 12 0.0288856

37 12 0.0273281

38 12 0.0256628

39 12 0.0238962

40 12 0.0220353

41 12 0.0200875

42 12 0.0180604

43 12 0.0159619

44 12 0.0138005

45 12 0.0115847

46 12 0.00932308

47 12 0.00702469

48 12 0.00469859

49 12 0.00235394

50 12 0

0 13 0

1 13 0.00250669

2 13 0.00500349

3 13 0.00748054

4 13 0.00992807

5 13 0.0123364

6 13 0.0146961

7 13 0.0169977

8 13 0.0192323

9 13 0.021391

10 13 0.0234653

11 13 0.0254469

12 13 0.0273281

13 13 0.0291015

14 13 0.03076

15 13 0.0322972

16 13 0.0337068

17 13 0.0349835

18 13 0.036122

19 13 0.0371181

20 13 0.0379676

21 13 0.0386673

22 13 0.0392144

23 13 0.0396067

24 13 0.0398427

25 13 0.0399215

26 13 0.0398427

27 13 0.0396067

28 13 0.0392144

29 13 0.0386673

30 13 0.0379676

31 13 0.0371181

32 13 0.036122

33 13 0.0349835

34 13 0.0337068

35 13 0.0322972

36 13 0.03076

37 13 0.0291015

38 13 0.0273281

39 13 0.0254469

40 13 0.0234653

41 13 0.021391

42 13 0.0192323

43 13 0.0169977

44 13 0.0146961

45 13 0.0123364

46 13 0.00992807

47 13 0.00748054

48 13 0.00500349

49 13 0.00250669

50 13 0

0 14 0

1 14 0.00264955

2 14 0.00528864

3 14 0.00790686

4 14 0.0104939

5 14 0.0130395

6 14 0.0155336

7 14 0.0179665

8 14 0.0203284

9 14 0.0226101

10 14 0.0248026

11 14 0.0268972

12 14 0.0288856

13 14 0.03076

14 14 0.0325131

15 14 0.0341378

16 14 0.0356278

17 14 0.0369772

18 14 0.0381807

19 14 0.0392335

20 14 0.0401314

21 14 0.040871

22 14 0.0414492

23 14 0.0418639

24 14 0.0421134

25 14 0.0421966

26 14 0.0421134

27 14 0.0418639

28 14 0.0414492

29 14 0.040871

30 14 0.0401314

31 14 0.0392335

32 14 0.0381807

33 14 0.0369772

34 14 0.0356278

35 14 0.0341378

36 14 0.0325131

37 14 0.03076

38 14 0.0288856

39 14 0.0268972

40 14 0.0248026

41 14 0.0226101

42 14 0.0203284

43 14 0.0179665

44 14 0.0155336

45 14 0.0130395

46 14 0.0104939

47 14 0.00790686

48 14 0.00528864

49 14 0.00264955

50 14 0

0 15 0

1 15 0.00278195

2 15 0.00555292

3 15 0.00830198

4 15 0.0110183

5 15 0.0136911

6 15 0.0163099

7 15 0.0188643

8 15 0.0213442

9 15 0.02374

10 15 0.026042

11 15 0.0282412

12 15 0.0303291

13 15 0.0322972

14 15 0.0341378

15 15 0.0358437

16 15 0.0374082

17 15 0.038825

18 15 0.0400886

19 15 0.041194

20 15 0.0421368

21 15 0.0429133

22 15 0.0435205

23 15 0.0439559

24 15 0.0442179

25 15 0.0443053

26 15 0.0442179

27 15 0.0439559

28 15 0.0435205

29 15 0.0429133

30 15 0.0421368

31 15 0.041194

32 15 0.0400886

33 15 0.038825

34 15 0.0374082

35 15 0.0358437

36 15 0.0341378

37 15 0.0322972

38 15 0.0303291

39 15 0.0282412

40 15 0.026042

41 15 0.02374

42 15 0.0213442

43 15 0.0188643

44 15 0.0163099

45 15 0.0136911

46 15 0.0110183

47 15 0.00830198

48 15 0.00555292

49 15 0.00278195

50 15 0

0 16 0

1 16 0.00290337

2 16 0.00579529

3 16 0.00866434

4 16 0.0114992

5 16 0.0142887

6 16 0.0170217

7 16 0.0196876

8 16 0.0222758

9 16 0.0247761

10 16 0.0271786

11 16 0.0294739

12 16 0.0316528

13 16 0.0337068

14 16 0.0356278

15 16 0.0374082

16 16 0.0390409

17 16 0.0405196

18 16 0.0418384

19 16 0.042992

20 16 0.043976

21 16 0.0447864

22 16 0.04542

23 16 0.0458745

24 16 0.0461478

25 16 0.0462391

26 16 0.0461478

27 16 0.0458745

28 16 0.04542

29 16 0.0447864

30 16 0.043976

31 16 0.042992

32 16 0.0418384

33 16 0.0405196

34 16 0.0390409

35 16 0.0374082

36 16 0.0356278

37 16 0.0337068

38 16 0.0316528

39 16 0.0294739

40 16 0.0271786

41 16 0.0247761

42 16 0.0222758

43 16 0.0196876

44 16 0.0170217

45 16 0.0142887

46 16 0.0114992

47 16 0.00866434

48 16 0.00579529

49 16 0.00290337

50 16 0

0 17 0

1 17 0.00301334

2 17 0.00601479

3 17 0.0089925

4 17 0.0119347

5 17 0.0148298

6 17 0.0176664

7 17 0.0204333

8 17 0.0231195

9 17 0.0257145

10 17 0.028208

11 17 0.0305902

12 17 0.0328517

13 17 0.0349835

14 17 0.0369772

15 17 0.038825

16 17 0.0405196

17 17 0.0420543

18 17 0.043423

19 17 0.0446203

20 17 0.0456415

21 17 0.0464826

22 17 0.0471403

23 17 0.0476119

24 17 0.0478957

25 17 0.0479904

26 17 0.0478957

27 17 0.0476119

28 17 0.0471403

29 17 0.0464826

30 17 0.0456415

31 17 0.0446203

32 17 0.043423

33 17 0.0420543

34 17 0.0405196

35 17 0.038825

36 17 0.0369772

37 17 0.0349835

38 17 0.0328517

39 17 0.0305902

40 17 0.028208

41 17 0.0257145

42 17 0.0231195

43 17 0.0204333

44 17 0.0176664

45 17 0.0148298

46 17 0.0119347

47 17 0.0089925

48 17 0.00601479

49 17 0.00301334

50 17 0

0 18 0

1 18 0.00311141

2 18 0.00621054

3 18 0.00928517

4 18 0.0123231

5 18 0.0153125

6 18 0.0182414

7 18 0.0210983

8 18 0.023872

9 18 0.0265514

10 18 0.0291261

11 18 0.0315858

12 18 0.0339209

13 18 0.036122

14 18 0.0381807

15 18 0.0400886

16 18 0.0418384

17 18 0.043423

18 18 0.0448362

19 18 0.0460725

20 18 0.047127

21 18 0.0479955

22 18 0.0486745

23 18 0.0491615

24 18 0.0494545

25 18 0.0495523

26 18 0.0494545

27 18 0.0491615

28 18 0.0486745

29 18 0.0479955

30 18 0.047127

31 18 0.0460725

32 18 0.0448362

33 18 0.043423

34 18 0.0418384

35 18 0.0400886

36 18 0.0381807

37 18 0.036122

38 18 0.0339209

39 18 0.0315858

40 18 0.0291261

41 18 0.0265514

42 18 0.023872

43 18 0.0210983

44 18 0.0182414

45 18 0.0153125

46 18 0.0123231

47 18 0.00928517

48 18 0.00621054

49 18 0.00311141

50 18 0

0 19 0

1 19 0.0031972

2 19 0.00638179

3 19 0.00954119

4 19 0.0126629

5 19 0.0157347

6 19 0.0187444

7 19 0.0216801

8 19 0.0245302

9 19 0.0272835

10 19 0.0299292

11 19 0.0324567

12 19 0.0348562

13 19 0.0371181

14 19 0.0392335

15 19 0.041194

16 19 0.042992

17 19 0.0446203

18 19 0.0460725

19 19 0.0473429

20 19 0.0484265

21 19 0.0493189

22 19 0.0500167

23 19 0.0505171

24 19 0.0508181

25 19 0.0509186

26 19 0.0508181

27 19 0.0505171

28 19 0.0500167

29 19 0.0493189

30 19 0.0484265

31 19 0.0473429

32 19 0.0460725

33 19 0.0446203

34 19 0.042992

35 19 0.041194

36 19 0.0392335

37 19 0.0371181

38 19 0.0348562

39 19 0.0324567

40 19 0.0299292

41 19 0.0272835

42 19 0.0245302

43 19 0.0216801

44 19 0.0187444

45 19 0.0157347

46 19 0.0126629

47 19 0.00954119

48 19 0.00638179

49 19 0.0031972

50 19 0

0 20 0

1 20 0.00327038

2 20 0.00652785

3 20 0.00975956

4 20 0.0129528

5 20 0.0160948

6 20 0.0191734

7 20 0.0221763

8 20 0.0250916

9 20 0.027908

10 20 0.0306142

11 20 0.0331996

12 20 0.0356539

13 20 0.0379676

14 20 0.0401314

15 20 0.0421368

16 20 0.043976

17 20 0.0456415

18 20 0.047127

19 20 0.0484265

20 20 0.0495348

21 20 0.0504477

22 20 0.0511614

23 20 0.0516733

24 20 0.0519812

25 20 0.052084

26 20 0.0519812

27 20 0.0516733

28 20 0.0511614

29 20 0.0504477

30 20 0.0495348

31 20 0.0484265

32 20 0.047127

33 20 0.0456415

34 20 0.043976

35 20 0.0421368

36 20 0.0401314

37 20 0.0379676

38 20 0.0356539

39 20 0.0331996

40 20 0.0306142

41 20 0.027908

42 20 0.0250916

43 20 0.0221763

44 20 0.0191734

45 20 0.0160948

46 20 0.0129528

47 20 0.00975956

48 20 0.00652785

49 20 0.00327038

50 20 0

0 21 0

1 21 0.00333065

2 21 0.00664815

3 21 0.00993942

4 21 0.0131915

5 21 0.0163914

6 21 0.0195267

7 21 0.022585

8 21 0.0255541

9 21 0.0284223

10 21 0.0311784

11 21 0.0338114

12 21 0.036311

13 21 0.0386673

14 21 0.040871

15 21 0.0429133

16 21 0.0447864

17 21 0.0464826

18 21 0.0479955

19 21 0.0493189

20 21 0.0504477

21 21 0.0513773

22 21 0.0521043

23 21 0.0526255

24 21 0.0529391

25 21 0.0530438

26 21 0.0529391

27 21 0.0526255

28 21 0.0521043

29 21 0.0513773

30 21 0.0504477

31 21 0.0493189

32 21 0.0479955

33 21 0.0464826

34 21 0.0447864

35 21 0.0429133

36 21 0.040871

37 21 0.0386673

38 21 0.036311

39 21 0.0338114

40 21 0.0311784

41 21 0.0284223

42 21 0.0255541

43 21 0.022585

44 21 0.0195267

45 21 0.0163914

46 21 0.0131915

47 21 0.00993942

48 21 0.00664815

49 21 0.00333065

50 21 0

0 22 0

1 22 0.00337777

2 22 0.00674221

3 22 0.01008

4 22 0.0133781

5 22 0.0166234

6 22 0.019803

7 22 0.0229045

8 22 0.0259156

9 22 0.0288244

10 22 0.0316195

11 22 0.0342898

12 22 0.0368247

13 22 0.0392144

14 22 0.0414492

15 22 0.0435205

16 22 0.04542

17 22 0.0471403

18 22 0.0486745

19 22 0.0500167

20 22 0.0511614

21 22 0.0521043

22 22 0.0528415

23 22 0.0533701

24 22 0.0536882

25 22 0.0537943

26 22 0.0536882

27 22 0.0533701

28 22 0.0528415

29 22 0.0521043

30 22 0.0511614

31 22 0.0500167

32 22 0.0486745

33 22 0.0471403

34 22 0.04542

35 22 0.0435205

36 22 0.0414492

37 22 0.0392144

38 22 0.0368247

39 22 0.0342898

40 22 0.0316195

41 22 0.0288244

42 22 0.0259156

43 22 0.0229045

44 22 0.019803

45 22 0.0166234

46 22 0.0133781

47 22 0.01008

48 22 0.00674221

49 22 0.00337777

50 22 0

0 23 0

1 23 0.00341157

2 23 0.00680967

3 23 0.0101809

4 23 0.0135119

5 23 0.0167897

6 23 0.0200011

7 23 0.0231337

8 23 0.0261749

9 23 0.0291128

10 23 0.0319358

11 23 0.0346328

12 23 0.0371932

13 23 0.0396067

14 23 0.0418639

15 23 0.0439559

16 23 0.0458745

17 23 0.0476119

18 23 0.0491615

19 23 0.0505171

20 23 0.0516733

21 23 0.0526255

22 23 0.0533701

23 23 0.0539041

24 23 0.0542253

25 23 0.0543325

26 23 0.0542253

27 23 0.0539041

28 23 0.0533701

29 23 0.0526255

30 23 0.0516733

31 23 0.0505171

32 23 0.0491615

33 23 0.0476119

34 23 0.0458745

35 23 0.0439559

36 23 0.0418639

37 23 0.0396067

38 23 0.0371932

39 23 0.0346328

40 23 0.0319358

41 23 0.0291128

42 23 0.0261749

43 23 0.0231337

44 23 0.0200011

45 23 0.0167897

46 23 0.0135119

47 23 0.0101809

48 23 0.00680967

49 23 0.00341157

50 23 0

0 24 0

1 24 0.0034319

2 24 0.00685025

3 24 0.0102416

4 24 0.0135925

5 24 0.0168897

6 24 0.0201203

7 24 0.0232715

8 24 0.0263309

9 24 0.0292863

10 24 0.0321262

11 24 0.0348392

12 24 0.0374148

13 24 0.0398427

14 24 0.0421134

15 24 0.0442179

16 24 0.0461478

17 24 0.0478957

18 24 0.0494545

19 24 0.0508181

20 24 0.0519812

21 24 0.0529391

22 24 0.0536882

23 24 0.0542253

24 24 0.0545484

25 24 0.0546563

26 24 0.0545484

27 24 0.0542253

28 24 0.0536882

29 24 0.0529391

30 24 0.0519812

31 24 0.0508181

32 24 0.0494545

33 24 0.0478957

34 24 0.0461478

35 24 0.0442179

36 24 0.0421134

37 24 0.0398427

38 24 0.0374148

39 24 0.0348392

40 24 0.0321262

41 24 0.0292863

42 24 0.0263309

43 24 0.0232715

44 24 0.0201203

45 24 0.0168897

46 24 0.0135925

47 24 0.0102416

48 24 0.00685025

49 24 0.0034319

50 24 0

0 25 0

1 25 0.00343868

2 25 0.00686379

3 25 0.0102618

4 25 0.0136193

5 25 0.0169231

6 25 0.0201601

7 25 0.0233175

8 25 0.0263829

9 25 0.0293442

10 25 0.0321897

11 25 0.0349081

12 25 0.0374888

13 25 0.0399215

14 25 0.0421966

15 25 0.0443053

16 25 0.0462391

17 25 0.0479904

18 25 0.0495523

19 25 0.0509186

20 25 0.052084

21 25 0.0530438

22 25 0.0537943

23 25 0.0543325

24 25 0.0546563

25 25 0.0547643

26 25 0.0546563

27 25 0.0543325

28 25 0.0537943

29 25 0.0530438

30 25 0.052084

31 25 0.0509186

32 25 0.0495523

33 25 0.0479904

34 25 0.0462391

35 25 0.0443053

36 25 0.0421966

37 25 0.0399215

38 25 0.0374888

39 25 0.0349081

40 25 0.0321897

41 25 0.0293442

42 25 0.0263829

43 25 0.0233175

44 25 0.0201601

45 25 0.0169231

46 25 0.0136193

47 25 0.0102618

48 25 0.00686379

49 25 0.00343868

50 25 0

0 26 0

1 26 0.0034319

2 26 0.00685025

3 26 0.0102416

4 26 0.0135925

5 26 0.0168897

6 26 0.0201203

7 26 0.0232715

8 26 0.0263309

9 26 0.0292863

10 26 0.0321262

11 26 0.0348392

12 26 0.0374148

13 26 0.0398427

14 26 0.0421134

15 26 0.0442179

16 26 0.0461478

17 26 0.0478957

18 26 0.0494545

19 26 0.0508181

20 26 0.0519812

21 26 0.0529391

22 26 0.0536882

23 26 0.0542253

24 26 0.0545484

25 26 0.0546563

26 26 0.0545484

27 26 0.0542253

28 26 0.0536882

29 26 0.0529391

30 26 0.0519812

31 26 0.0508181

32 26 0.0494545

33 26 0.0478957

34 26 0.0461478

35 26 0.0442179

36 26 0.0421134

37 26 0.0398427

38 26 0.0374148

39 26 0.0348392

40 26 0.0321262

41 26 0.0292863

42 26 0.0263309

43 26 0.0232715

44 26 0.0201203

45 26 0.0168897

46 26 0.0135925

47 26 0.0102416

48 26 0.00685025

49 26 0.0034319

50 26 0

0 27 0

1 27 0.00341157

2 27 0.00680967

3 27 0.0101809

4 27 0.0135119

5 27 0.0167897

6 27 0.0200011

7 27 0.0231337

8 27 0.0261749

9 27 0.0291128

10 27 0.0319358

11 27 0.0346328

12 27 0.0371932

13 27 0.0396067

14 27 0.0418639

15 27 0.0439559

16 27 0.0458745

17 27 0.0476119

18 27 0.0491615

19 27 0.0505171

20 27 0.0516733

21 27 0.0526255

22 27 0.0533701

23 27 0.0539041

24 27 0.0542253

25 27 0.0543325

26 27 0.0542253

27 27 0.0539041

28 27 0.0533701

29 27 0.0526255

30 27 0.0516733

31 27 0.0505171

32 27 0.0491615

33 27 0.0476119

34 27 0.0458745

35 27 0.0439559

36 27 0.0418639

37 27 0.0396067

38 27 0.0371932

39 27 0.0346328

40 27 0.0319358

41 27 0.0291128

42 27 0.0261749

43 27 0.0231337

44 27 0.0200011

45 27 0.0167897

46 27 0.0135119

47 27 0.0101809

48 27 0.00680967

49 27 0.00341157

50 27 0

0 28 0

1 28 0.00337777

2 28 0.00674221

3 28 0.01008

4 28 0.0133781

5 28 0.0166234

6 28 0.019803

7 28 0.0229045

8 28 0.0259156

9 28 0.0288244

10 28 0.0316195

11 28 0.0342898

12 28 0.0368247

13 28 0.0392144

14 28 0.0414492

15 28 0.0435205

16 28 0.04542

17 28 0.0471403

18 28 0.0486745

19 28 0.0500167

20 28 0.0511614

21 28 0.0521043

22 28 0.0528415

23 28 0.0533701

24 28 0.0536882

25 28 0.0537943

26 28 0.0536882

27 28 0.0533701

28 28 0.0528415

29 28 0.0521043

30 28 0.0511614

31 28 0.0500167

32 28 0.0486745

33 28 0.0471403

34 28 0.04542

35 28 0.0435205

36 28 0.0414492

37 28 0.0392144

38 28 0.0368247

39 28 0.0342898

40 28 0.0316195

41 28 0.0288244

42 28 0.0259156

43 28 0.0229045

44 28 0.019803

45 28 0.0166234

46 28 0.0133781

47 28 0.01008

48 28 0.00674221

49 28 0.00337777

50 28 0

0 29 0

1 29 0.00333065

2 29 0.00664815

3 29 0.00993942

4 29 0.0131915

5 29 0.0163914

6 29 0.0195267

7 29 0.022585

8 29 0.0255541

9 29 0.0284223

10 29 0.0311784

11 29 0.0338114

12 29 0.036311

13 29 0.0386673

14 29 0.040871

15 29 0.0429133

16 29 0.0447864

17 29 0.0464826

18 29 0.0479955

19 29 0.0493189

20 29 0.0504477

21 29 0.0513773

22 29 0.0521043

23 29 0.0526255

24 29 0.0529391

25 29 0.0530438

26 29 0.0529391

27 29 0.0526255

28 29 0.0521043

29 29 0.0513773

30 29 0.0504477

31 29 0.0493189

32 29 0.0479955

33 29 0.0464826

34 29 0.0447864

35 29 0.0429133

36 29 0.040871

37 29 0.0386673

38 29 0.036311

39 29 0.0338114

40 29 0.0311784

41 29 0.0284223

42 29 0.0255541

43 29 0.022585

44 29 0.0195267

45 29 0.0163914

46 29 0.0131915

47 29 0.00993942

48 29 0.00664815

49 29 0.00333065

50 29 0

0 30 0

1 30 0.00327038

2 30 0.00652785

3 30 0.00975956

4 30 0.0129528

5 30 0.0160948

6 30 0.0191734

7 30 0.0221763

8 30 0.0250916

9 30 0.027908

10 30 0.0306142

11 30 0.0331996

12 30 0.0356539

13 30 0.0379676

14 30 0.0401314

15 30 0.0421368

16 30 0.043976

17 30 0.0456415

18 30 0.047127

19 30 0.0484265

20 30 0.0495348

21 30 0.0504477

22 30 0.0511614

23 30 0.0516733

24 30 0.0519812

25 30 0.052084

26 30 0.0519812

27 30 0.0516733

28 30 0.0511614

29 30 0.0504477

30 30 0.0495348

31 30 0.0484265

32 30 0.047127

33 30 0.0456415

34 30 0.043976

35 30 0.0421368

36 30 0.0401314

37 30 0.0379676

38 30 0.0356539

39 30 0.0331996

40 30 0.0306142

41 30 0.027908

42 30 0.0250916

43 30 0.0221763

44 30 0.0191734

45 30 0.0160948

46 30 0.0129528

47 30 0.00975956

48 30 0.00652785

49 30 0.00327038

50 30 0

0 31 0

1 31 0.0031972

2 31 0.00638179

3 31 0.00954119

4 31 0.0126629

5 31 0.0157347

6 31 0.0187444

7 31 0.0216801

8 31 0.0245302

9 31 0.0272835

10 31 0.0299292

11 31 0.0324567

12 31 0.0348562

13 31 0.0371181

14 31 0.0392335

15 31 0.041194

16 31 0.042992

17 31 0.0446203

18 31 0.0460725

19 31 0.0473429

20 31 0.0484265

21 31 0.0493189

22 31 0.0500167

23 31 0.0505171

24 31 0.0508181

25 31 0.0509186

26 31 0.0508181

27 31 0.0505171

28 31 0.0500167

29 31 0.0493189

30 31 0.0484265

31 31 0.0473429

32 31 0.0460725

33 31 0.0446203

34 31 0.042992

35 31 0.041194

36 31 0.0392335

37 31 0.0371181

38 31 0.0348562

39 31 0.0324567

40 31 0.0299292

41 31 0.0272835

42 31 0.0245302

43 31 0.0216801

44 31 0.0187444

45 31 0.0157347

46 31 0.0126629

47 31 0.00954119

48 31 0.00638179

49 31 0.0031972

50 31 0

0 32 0

1 32 0.00311141

2 32 0.00621054

3 32 0.00928517

4 32 0.0123231

5 32 0.0153125

6 32 0.0182414

7 32 0.0210983

8 32 0.023872

9 32 0.0265514

10 32 0.0291261

11 32 0.0315858

12 32 0.0339209

13 32 0.036122

14 32 0.0381807

15 32 0.0400886

16 32 0.0418384

17 32 0.043423

18 32 0.0448362

19 32 0.0460725

20 32 0.047127

21 32 0.0479955

22 32 0.0486745

23 32 0.0491615

24 32 0.0494545

25 32 0.0495523

26 32 0.0494545

27 32 0.0491615

28 32 0.0486745

29 32 0.0479955

30 32 0.047127

31 32 0.0460725

32 32 0.0448362

33 32 0.043423

34 32 0.0418384

35 32 0.0400886

36 32 0.0381807

37 32 0.036122

38 32 0.0339209

39 32 0.0315858

40 32 0.0291261

41 32 0.0265514

42 32 0.023872

43 32 0.0210983

44 32 0.0182414

45 32 0.0153125

46 32 0.0123231

47 32 0.00928517

48 32 0.00621054

49 32 0.00311141

50 32 0

0 33 0

1 33 0.00301334

2 33 0.00601479

3 33 0.0089925

4 33 0.0119347

5 33 0.0148298

6 33 0.0176664

7 33 0.0204333

8 33 0.0231195

9 33 0.0257145

10 33 0.028208

11 33 0.0305902

12 33 0.0328517

13 33 0.0349835

14 33 0.0369772

15 33 0.038825

16 33 0.0405196

17 33 0.0420543

18 33 0.043423

19 33 0.0446203

20 33 0.0456415

21 33 0.0464826

22 33 0.0471403

23 33 0.0476119

24 33 0.0478957

25 33 0.0479904

26 33 0.0478957

27 33 0.0476119

28 33 0.0471403

29 33 0.0464826

30 33 0.0456415

31 33 0.0446203

32 33 0.043423

33 33 0.0420543

34 33 0.0405196

35 33 0.038825

36 33 0.0369772

37 33 0.0349835

38 33 0.0328517

39 33 0.0305902

40 33 0.028208

41 33 0.0257145

42 33 0.0231195

43 33 0.0204333

44 33 0.0176664

45 33 0.0148298

46 33 0.0119347

47 33 0.0089925

48 33 0.00601479

49 33 0.00301334

50 33 0

0 34 0

1 34 0.00290337

2 34 0.00579529

3 34 0.00866434

4 34 0.0114992

5 34 0.0142887

6 34 0.0170217

7 34 0.0196876

8 34 0.0222758

9 34 0.0247761

10 34 0.0271786

11 34 0.0294739

12 34 0.0316528

13 34 0.0337068

14 34 0.0356278

15 34 0.0374082

16 34 0.0390409

17 34 0.0405196

18 34 0.0418384

19 34 0.042992

20 34 0.043976

21 34 0.0447864

22 34 0.04542

23 34 0.0458745

24 34 0.0461478

25 34 0.0462391

26 34 0.0461478

27 34 0.0458745

28 34 0.04542

29 34 0.0447864

30 34 0.043976

31 34 0.042992

32 34 0.0418384

33 34 0.0405196

34 34 0.0390409

35 34 0.0374082

36 34 0.0356278

37 34 0.0337068

38 34 0.0316528

39 34 0.0294739

40 34 0.0271786

41 34 0.0247761

42 34 0.0222758

43 34 0.0196876

44 34 0.0170217

45 34 0.0142887

46 34 0.0114992

47 34 0.00866434

48 34 0.00579529

49 34 0.00290337

50 34 0

0 35 0

1 35 0.00278195

2 35 0.00555292

3 35 0.00830198

4 35 0.0110183

5 35 0.0136911

6 35 0.0163099

7 35 0.0188643

8 35 0.0213442

9 35 0.02374

10 35 0.026042

11 35 0.0282412

12 35 0.0303291

13 35 0.0322972

14 35 0.0341378

15 35 0.0358437

16 35 0.0374082

17 35 0.038825

18 35 0.0400886

19 35 0.041194

20 35 0.0421368

21 35 0.0429133

22 35 0.0435205

23 35 0.0439559

24 35 0.0442179

25 35 0.0443053

26 35 0.0442179

27 35 0.0439559

28 35 0.0435205

29 35 0.0429133

30 35 0.0421368

31 35 0.041194

32 35 0.0400886

33 35 0.038825

34 35 0.0374082

35 35 0.0358437

36 35 0.0341378

37 35 0.0322972

38 35 0.0303291

39 35 0.0282412

40 35 0.026042

41 35 0.02374

42 35 0.0213442

43 35 0.0188643

44 35 0.0163099

45 35 0.0136911

46 35 0.0110183

47 35 0.00830198

48 35 0.00555292

49 35 0.00278195

50 35 0

0 36 0

1 36 0.00264955

2 36 0.00528864

3 36 0.00790686

4 36 0.0104939

5 36 0.0130395

6 36 0.0155336

7 36 0.0179665

8 36 0.0203284

9 36 0.0226101

10 36 0.0248026

11 36 0.0268972

12 36 0.0288856

13 36 0.03076

14 36 0.0325131

15 36 0.0341378

16 36 0.0356278

17 36 0.0369772

18 36 0.0381807

19 36 0.0392335

20 36 0.0401314

21 36 0.040871

22 36 0.0414492

23 36 0.0418639

24 36 0.0421134

25 36 0.0421966

26 36 0.0421134

27 36 0.0418639

28 36 0.0414492

29 36 0.040871

30 36 0.0401314

31 36 0.0392335

32 36 0.0381807

33 36 0.0369772

34 36 0.0356278

35 36 0.0341378

36 36 0.0325131

37 36 0.03076

38 36 0.0288856

39 36 0.0268972

40 36 0.0248026

41 36 0.0226101

42 36 0.0203284

43 36 0.0179665

44 36 0.0155336

45 36 0.0130395

46 36 0.0104939

47 36 0.00790686

48 36 0.00528864

49 36 0.00264955

50 36 0

0 37 0

1 37 0.00250669

2 37 0.00500349

3 37 0.00748054

4 37 0.00992807

5 37 0.0123364

6 37 0.0146961

7 37 0.0169977

8 37 0.0192323

9 37 0.021391

10 37 0.0234653

11 37 0.0254469

12 37 0.0273281

13 37 0.0291015

14 37 0.03076

15 37 0.0322972

16 37 0.0337068

17 37 0.0349835

18 37 0.036122

19 37 0.0371181

20 37 0.0379676

21 37 0.0386673

22 37 0.0392144

23 37 0.0396067

24 37 0.0398427

25 37 0.0399215

26 37 0.0398427

27 37 0.0396067

28 37 0.0392144

29 37 0.0386673

30 37 0.0379676

31 37 0.0371181

32 37 0.036122

33 37 0.0349835

34 37 0.0337068

35 37 0.0322972

36 37 0.03076

37 37 0.0291015

38 37 0.0273281

39 37 0.0254469

40 37 0.0234653

41 37 0.021391

42 37 0.0192323

43 37 0.0169977

44 37 0.0146961

45 37 0.0123364

46 37 0.00992807

47 37 0.00748054

48 37 0.00500349

49 37 0.00250669

50 37 0

0 38 0

1 38 0.00235394

2 38 0.00469859

3 38 0.00702469

4 38 0.00932308

5 38 0.0115847

6 38 0.0138005

7 38 0.0159619

8 38 0.0180604

9 38 0.0200875

10 38 0.0220353

11 38 0.0238962

12 38 0.0256628

13 38 0.0273281

14 38 0.0288856

15 38 0.0303291

16 38 0.0316528

17 38 0.0328517

18 38 0.0339209

19 38 0.0348562

20 38 0.0356539

21 38 0.036311

22 38 0.0368247

23 38 0.0371932

24 38 0.0374148

25 38 0.0374888

26 38 0.0374148

27 38 0.0371932

28 38 0.0368247

29 38 0.036311

30 38 0.0356539

31 38 0.0348562

32 38 0.0339209

33 38 0.0328517

34 38 0.0316528

35 38 0.0303291

36 38 0.0288856

37 38 0.0273281

38 38 0.0256628

39 38 0.0238962

40 38 0.0220353

41 38 0.0200875

42 38 0.0180604

43 38 0.0159619

44 38 0.0138005

45 38 0.0115847

46 38 0.00932308

47 38 0.00702469

48 38 0.00469859

49 38 0.00235394

50 38 0

0 39 0

1 39 0.0021919

2 39 0.00437515

3 39 0.00654113

4 39 0.00868129

5 39 0.0107872

6 39 0.0128505

7 39 0.0148631

8 39 0.0168171

9 39 0.0187047

10 39 0.0205185

11 39 0.0222513

12 39 0.0238962

13 39 0.0254469

14 39 0.0268972

15 39 0.0282412

16 39 0.0294739

17 39 0.0305902

18 39 0.0315858

19 39 0.0324567

20 39 0.0331996

21 39 0.0338114

22 39 0.0342898

23 39 0.0346328

24 39 0.0348392

25 39 0.0349081

26 39 0.0348392

27 39 0.0346328

28 39 0.0342898

29 39 0.0338114

30 39 0.0331996

31 39 0.0324567

32 39 0.0315858

33 39 0.0305902

34 39 0.0294739

35 39 0.0282412

36 39 0.0268972

37 39 0.0254469

38 39 0.0238962

39 39 0.0222513

40 39 0.0205185

41 39 0.0187047

42 39 0.0168171

43 39 0.0148631

44 39 0.0128505

45 39 0.0107872

46 39 0.00868129

47 39 0.00654113

48 39 0.00437515

49 39 0.0021919

50 39 0

0 40 0

1 40 0.00202121

2 40 0.00403444

3 40 0.00603174

4 40 0.00800525

5 40 0.00994716

6 40 0.0118498

7 40 0.0137057

8 40 0.0155075

9 40 0.0172481

10 40 0.0189206

11 40 0.0205185

12 40 0.0220353

13 40 0.0234653

14 40 0.0248026

15 40 0.026042

16 40 0.0271786

17 40 0.028208

18 40 0.0291261

19 40 0.0299292

20 40 0.0306142

21 40 0.0311784

22 40 0.0316195

23 40 0.0319358

24 40 0.0321262

25 40 0.0321897

26 40 0.0321262

27 40 0.0319358

28 40 0.0316195

29 40 0.0311784

30 40 0.0306142

31 40 0.0299292

32 40 0.0291261

33 40 0.028208

34 40 0.0271786

35 40 0.026042

36 40 0.0248026

37 40 0.0234653

38 40 0.0220353

39 40 0.0205185

40 40 0.0189206

41 40 0.0172481

42 40 0.0155075

43 40 0.0137057

44 40 0.0118498

45 40 0.00994716

46 40 0.00800525

47 40 0.00603174

48 40 0.00403444

49 40 0.00202121

50 40 0

0 41 0

1 41 0.00184254

2 41 0.0036778

3 41 0.00549855

4 41 0.00729761

5 41 0.00906786

6 41 0.0108023

7 41 0.0124942

8 41 0.0141367

9 41 0.0157234

10 41 0.0172481

11 41 0.0187047

12 41 0.0200875

13 41 0.021391

14 41 0.0226101

15 41 0.02374

16 41 0.0247761

17 41 0.0257145

18 41 0.0265514

19 41 0.0272835

20 41 0.027908

21 41 0.0284223

22 41 0.0288244

23 41 0.0291128

24 41 0.0292863

25 41 0.0293442

26 41 0.0292863

27 41 0.0291128

28 41 0.0288244

29 41 0.0284223

30 41 0.027908

31 41 0.0272835

32 41 0.0265514

33 41 0.0257145

34 41 0.0247761

35 41 0.02374

36 41 0.0226101

37 41 0.021391

38 41 0.0200875

39 41 0.0187047

40 41 0.0172481

41 41 0.0157234

42 41 0.0141367

43 41 0.0124942

44 41 0.0108023

45 41 0.00906786

46 41 0.00729761

47 41 0.00549855

48 41 0.0036778

49 41 0.00184254

50 41 0

0 42 0

1 42 0.0016566

2 42 0.00330666

3 42 0.00494367

4 42 0.00656117

5 42 0.00815277

6 42 0.0097122

7 42 0.0112333

8 42 0.0127101

9 42 0.0141367

10 42 0.0155075

11 42 0.0168171

12 42 0.0180604

13 42 0.0192323

14 42 0.0203284

15 42 0.0213442

16 42 0.0222758

17 42 0.0231195

18 42 0.023872

19 42 0.0245302

20 42 0.0250916

21 42 0.0255541

22 42 0.0259156

23 42 0.0261749

24 42 0.0263309

25 42 0.0263829

26 42 0.0263309

27 42 0.0261749

28 42 0.0259156

29 42 0.0255541

30 42 0.0250916

31 42 0.0245302

32 42 0.023872

33 42 0.0231195

34 42 0.0222758

35 42 0.0213442

36 42 0.0203284

37 42 0.0192323

38 42 0.0180604

39 42 0.0168171

40 42 0.0155075

41 42 0.0141367

42 42 0.0127101

43 42 0.0112333

44 42 0.0097122

45 42 0.00815277

46 42 0.00656117

47 42 0.00494367

48 42 0.00330666

49 42 0.0016566

50 42 0

0 43 0

1 43 0.00146412

2 43 0.00292246

3 43 0.00436927

4 43 0.00579883

5 43 0.00720551

6 43 0.00858375

7 43 0.00992812

8 43 0.0112333

9 43 0.0124942

10 43 0.0137057

11 43 0.0148631

12 43 0.0159619

13 43 0.0169977

14 43 0.0179665

15 43 0.0188643

16 43 0.0196876

17 43 0.0204333

18 43 0.0210983

19 43 0.0216801

20 43 0.0221763

21 43 0.022585

22 43 0.0229045

23 43 0.0231337

24 43 0.0232715

25 43 0.0233175

26 43 0.0232715

27 43 0.0231337

28 43 0.0229045

29 43 0.022585

30 43 0.0221763

31 43 0.0216801

32 43 0.0210983

33 43 0.0204333

34 43 0.0196876

35 43 0.0188643

36 43 0.0179665

37 43 0.0169977

38 43 0.0159619

39 43 0.0148631

40 43 0.0137057

41 43 0.0124942

42 43 0.0112333

43 43 0.00992812

44 43 0.00858375

45 43 0.00720551

46 43 0.00579883

47 43 0.00436927

48 43 0.00292246

49 43 0.00146412

50 43 0

0 44 0

1 44 0.00126586

2 44 0.00252673

3 44 0.00377763

4 44 0.00501361

5 44 0.00622981

6 44 0.00742143

7 44 0.00858375

8 44 0.0097122

9 44 0.0108023

10 44 0.0118498

11 44 0.0128505

12 44 0.0138005

13 44 0.0146961

14 44 0.0155336

15 44 0.0163099

16 44 0.0170217

17 44 0.0176664

18 44 0.0182414

19 44 0.0187444

20 44 0.0191734

21 44 0.0195267

22 44 0.019803

23 44 0.0200011

24 44 0.0201203

25 44 0.0201601

26 44 0.0201203

27 44 0.0200011

28 44 0.019803

29 44 0.0195267

30 44 0.0191734

31 44 0.0187444

32 44 0.0182414

33 44 0.0176664

34 44 0.0170217

35 44 0.0163099

36 44 0.0155336

37 44 0.0146961

38 44 0.0138005

39 44 0.0128505

40 44 0.0118498

41 44 0.0108023

42 44 0.0097122

43 44 0.00858375

44 44 0.00742143

45 44 0.00622981

46 44 0.00501361

47 44 0.00377763

48 44 0.00252673

49 44 0.00126586

50 44 0

0 45 0

1 45 0.00106261

2 45 0.00212103

3 45 0.00317107

4 45 0.00420861

5 45 0.00522953

6 45 0.00622981

7 45 0.00720551

8 45 0.00815277

9 45 0.00906786

10 45 0.00994716

11 45 0.0107872

12 45 0.0115847

13 45 0.0123364

14 45 0.0130395

15 45 0.0136911

16 45 0.0142887

17 45 0.0148298

18 45 0.0153125

19 45 0.0157347

20 45 0.0160948

21 45 0.0163914

22 45 0.0166234

23 45 0.0167897

24 45 0.0168897

25 45 0.0169231

26 45 0.0168897

27 45 0.0167897

28 45 0.0166234

29 45 0.0163914

30 45 0.0160948

31 45 0.0157347

32 45 0.0153125

33 45 0.0148298

34 45 0.0142887

35 45 0.0136911

36 45 0.0130395

37 45 0.0123364

38 45 0.0115847

39 45 0.0107872

40 45 0.00994716

41 45 0.00906786

42 45 0.00815277

43 45 0.00720551

44 45 0.00622981

45 45 0.00522953

46 45 0.00420861

47 45 0.00317107

48 45 0.00212103

49 45 0.00106261

50 45 0

0 46 0

1 46 0.000855165

2 46 0.00170696

3 46 0.00255201

4 46 0.00338699

5 46 0.00420861

6 46 0.00501361

7 46 0.00579883

8 46 0.00656117

9 46 0.00729761

10 46 0.00800525

11 46 0.00868129

12 46 0.00932308

13 46 0.00992807

14 46 0.0104939

15 46 0.0110183

16 46 0.0114992

17 46 0.0119347

18 46 0.0123231

19 46 0.0126629

20 46 0.0129528

21 46 0.0131915

22 46 0.0133781

23 46 0.0135119

24 46 0.0135925

25 46 0.0136193

26 46 0.0135925

27 46 0.0135119

28 46 0.0133781

29 46 0.0131915

30 46 0.0129528

31 46 0.0126629

32 46 0.0123231

33 46 0.0119347

34 46 0.0114992

35 46 0.0110183

36 46 0.0104939

37 46 0.00992807

38 46 0.00932308

39 46 0.00868129

40 46 0.00800525

41 46 0.00729761

42 46 0.00656117

43 46 0.00579883

44 46 0.00501361

45 46 0.00420861

46 46 0.00338699

47 46 0.00255201

48 46 0.00170696

49 46 0.000855165

50 46 0

0 47 0

1 47 0.000644345

2 47 0.00128615

3 47 0.00192287

4 47 0.00255201

5 47 0.00317107

6 47 0.00377763

7 47 0.00436927

8 47 0.00494367

9 47 0.00549855

10 47 0.00603174

11 47 0.00654113

12 47 0.00702469

13 47 0.00748054

14 47 0.00790686

15 47 0.00830198

16 47 0.00866434

17 47 0.0089925

18 47 0.00928517

19 47 0.00954119

20 47 0.00975956

21 47 0.00993942

22 47 0.01008

23 47 0.0101809

24 47 0.0102416

25 47 0.0102618

26 47 0.0102416

27 47 0.0101809

28 47 0.01008

29 47 0.00993942

30 47 0.00975956

31 47 0.00954119

32 47 0.00928517

33 47 0.0089925

34 47 0.00866434

35 47 0.00830198

36 47 0.00790686

37 47 0.00748054

38 47 0.00702469

39 47 0.00654113

40 47 0.00603174

41 47 0.00549855

42 47 0.00494367

43 47 0.00436927

44 47 0.00377763

45 47 0.00317107

46 47 0.00255201

47 47 0.00192287

48 47 0.00128615

49 47 0.000644345

50 47 0

0 48 0

1 48 0.000430981

2 48 0.000860261

3 48 0.00128615

4 48 0.00170696

5 48 0.00212103

6 48 0.00252673

7 48 0.00292246

8 48 0.00330666

9 48 0.0036778

10 48 0.00403444

11 48 0.00437515

12 48 0.00469859

13 48 0.00500349

14 48 0.00528864

15 48 0.00555292

16 48 0.00579529

17 48 0.00601479

18 48 0.00621054

19 48 0.00638179

20 48 0.00652785

21 48 0.00664815

22 48 0.00674221

23 48 0.00680967

24 48 0.00685025

25 48 0.00686379

26 48 0.00685025

27 48 0.00680967

28 48 0.00674221

29 48 0.00664815

30 48 0.00652785

31 48 0.00638179

32 48 0.00621054

