0 1 0

1 1 0.000498487

2 1 0.000995006

3 1 0.0014876

4 1 0.00197432

5 1 0.00245325

6 1 0.0029225

7 1 0.00338021

8 1 0.00382459

9 1 0.00425387

10 1 0.00466636

11 1 0.00506043

12 1 0.00543454

13 1 0.0057872

14 1 0.00611701

15 1 0.00642269

16 1 0.00670302

17 1 0.0069569

18 1 0.00718332

19 1 0.00738139

20 1 0.00755033

21 1 0.00768947

22 1 0.00779826

23 1 0.00787628

24 1 0.00792322

25 1 0.00793888

26 1 0.00792322

27 1 0.00787628

28 1 0.00779826

29 1 0.00768947

30 1 0.00755033

31 1 0.00738139

32 1 0.00718332

33 1 0.0069569

34 1 0.00670302

35 1 0.00642269

36 1 0.00611701

37 1 0.0057872

38 1 0.00543454

39 1 0.00506043

40 1 0.00466636

41 1 0.00425387

42 1 0.00382459

43 1 0.00338021

44 1 0.0029225

45 1 0.00245325

46 1 0.00197432

47 1 0.0014876

48 1 0.000995006

49 1 0.000498487

50 1 0

0 2 0

1 2 0.000995006

2 2 0.00198608

3 2 0.00296933

4 2 0.00394085

5 2 0.00489682

6 2 0.00583346

7 2 0.00674708

8 2 0.00763408

9 2 0.00849094

10 2 0.0093143

11 2 0.0101009

12 2 0.0108476

13 2 0.0115516

14 2 0.0122099

15 2 0.01282

16 2 0.0133796

17 2 0.0138863

18 2 0.0143383

19 2 0.0147336

20 2 0.0150709

21 2 0.0153486

22 2 0.0155658

23 2 0.0157215

24 2 0.0158152

25 2 0.0158464

26 2 0.0158152

27 2 0.0157215

28 2 0.0155658

29 2 0.0153486

30 2 0.0150709

31 2 0.0147336

32 2 0.0143383

33 2 0.0138863

34 2 0.0133796

35 2 0.01282

36 2 0.0122099

37 2 0.0115516

38 2 0.0108476

39 2 0.0101009

40 2 0.0093143

41 2 0.00849094

42 2 0.00763408

43 2 0.00674708

44 2 0.00583346

45 2 0.00489682

46 2 0.00394085

47 2 0.00296933

48 2 0.00198608

49 2 0.000995006

50 2 0

0 3 0

1 3 0.0014876

2 3 0.00296933

3 3 0.00443933

4 3 0.00589182

5 3 0.00732106

6 3 0.0087214

7 3 0.0100873

8 3 0.0114134

9 3 0.0126945

10 3 0.0139255

11 3 0.0151015

12 3 0.0162179

13 3 0.0172703

14 3 0.0182546

15 3 0.0191668

16 3 0.0200034

17 3 0.020761

18 3 0.0214367

19 3 0.0220278

20 3 0.0225319

21 3 0.0229471

22 3 0.0232718

23 3 0.0235046

24 3 0.0236447

25 3 0.0236914

26 3 0.0236447

27 3 0.0235046

28 3 0.0232718

29 3 0.0229471

30 3 0.0225319

31 3 0.0220278

32 3 0.0214367

33 3 0.020761

34 3 0.0200034

35 3 0.0191668

36 3 0.0182546

37 3 0.0172703

38 3 0.0162179

39 3 0.0151015

40 3 0.0139255

41 3 0.0126945

42 3 0.0114134

43 3 0.0100873

44 3 0.0087214

45 3 0.00732106

46 3 0.00589182

47 3 0.00443933

48 3 0.00296933

49 3 0.0014876

50 3 0

0 4 0

1 4 0.00197432

2 4 0.00394085

3 4 0.00589182

4 4 0.00781955

5 4 0.00971641

6 4 0.0115749

7 4 0.0133878

8 4 0.0151478

9 4 0.016848

10 4 0.0184817

11 4 0.0200425

12 4 0.0215242

13 4 0.0229209

14 4 0.0242272

15 4 0.0254379

16 4 0.0265482

17 4 0.0275537

18 4 0.0284504

19 4 0.0292349

20 4 0.029904

21 4 0.0304551

22 4 0.030886

23 4 0.031195

24 4 0.0313809

25 4 0.031443

26 4 0.0313809

27 4 0.031195

28 4 0.030886

29 4 0.0304551

30 4 0.029904

31 4 0.0292349

32 4 0.0284504

33 4 0.0275537

34 4 0.0265482

35 4 0.0254379

36 4 0.0242272

37 4 0.0229209

38 4 0.0215242

39 4 0.0200425

40 4 0.0184817

41 4 0.016848

42 4 0.0151478

43 4 0.0133878

44 4 0.0115749

45 4 0.00971641

46 4 0.00781955

47 4 0.00589182

48 4 0.00394085

49 4 0.00197432

50 4 0

0 5 0

1 5 0.00245325

2 5 0.00489682

3 5 0.00732106

4 5 0.00971641

5 5 0.0120734

6 5 0.0143828

7 5 0.0166354

8 5 0.0188223

9 5 0.020935

10 5 0.022965

11 5 0.0249044

12 5 0.0267455

13 5 0.0284811

14 5 0.0301042

15 5 0.0316086

16 5 0.0329882

17 5 0.0342376

18 5 0.0353519

19 5 0.0363267

20 5 0.0371581

21 5 0.0378429

22 5 0.0383783

23 5 0.0387623

24 5 0.0389933

25 5 0.0390704

26 5 0.0389933

27 5 0.0387623

28 5 0.0383783

29 5 0.0378429

30 5 0.0371581

31 5 0.0363267

32 5 0.0353519

33 5 0.0342376

34 5 0.0329882

35 5 0.0316086

36 5 0.0301042

37 5 0.0284811

38 5 0.0267455

39 5 0.0249044

40 5 0.022965

41 5 0.020935

42 5 0.0188223

43 5 0.0166354

44 5 0.0143828

45 5 0.0120734

46 5 0.00971641

47 5 0.00732106

48 5 0.00489682

49 5 0.00245325

50 5 0

0 6 0

1 6 0.0029225

2 6 0.00583346

3 6 0.0087214

4 6 0.0115749

5 6 0.0143828

6 6 0.0171338

7 6 0.0198173

8 6 0.0224226

9 6 0.0249393

10 6 0.0273576

11 6 0.029668

12 6 0.0318613

13 6 0.0339288

14 6 0.0358625

15 6 0.0376546

16 6 0.0392981

17 6 0.0407865

18 6 0.0421139

19 6 0.0432752

20 6 0.0442656

21 6 0.0450814

22 6 0.0457192

23 6 0.0461766

24 6 0.0464518

25 6 0.0465436

26 6 0.0464518

27 6 0.0461766

28 6 0.0457192

29 6 0.0450814

30 6 0.0442656

31 6 0.0432752

32 6 0.0421139

33 6 0.0407865

34 6 0.0392981

35 6 0.0376546

36 6 0.0358625

37 6 0.0339288

38 6 0.0318613

39 6 0.029668

40 6 0.0273576

41 6 0.0249393

42 6 0.0224226

43 6 0.0198173

44 6 0.0171338

45 6 0.0143828

46 6 0.0115749

47 6 0.0087214

48 6 0.00583346

49 6 0.0029225

50 6 0

0 7 0

1 7 0.00338021

2 7 0.00674708

3 7 0.0100873

4 7 0.0133878

5 7 0.0166354

6 7 0.0198173

7 7 0.022921

8 7 0.0259343

9 7 0.0288452

10 7 0.0316423

11 7 0.0343145

12 7 0.0368513

13 7 0.0392427

14 7 0.0414792

15 7 0.0435519

16 7 0.0454528

17 7 0.0471744

18 7 0.0487097

19 7 0.0500528

20 7 0.0511984

21 7 0.0521419

22 7 0.0528796

23 7 0.0534087

24 7 0.0537269

25 7 0.0538332

26 7 0.0537269

27 7 0.0534087

28 7 0.0528796

29 7 0.0521419

30 7 0.0511984

31 7 0.0500528

32 7 0.0487097

33 7 0.0471744

34 7 0.0454528

35 7 0.0435519

36 7 0.0414792

37 7 0.0392427

38 7 0.0368513

39 7 0.0343145

40 7 0.0316423

41 7 0.0288452

42 7 0.0259343

43 7 0.022921

44 7 0.0198173

45 7 0.0166354

46 7 0.0133878

47 7 0.0100873

48 7 0.00674708

49 7 0.00338021

50 7 0

0 8 0

1 8 0.00382459

2 8 0.00763408

3 8 0.0114134

4 8 0.0151478

5 8 0.0188223

6 8 0.0224226

7 8 0.0259343

8 8 0.0293437

9 8 0.0326373

10 8 0.0358021

11 8 0.0388257

12 8 0.0416959

13 8 0.0444017

14 8 0.0469322

15 8 0.0492774

16 8 0.0514282

17 8 0.0533761

18 8 0.0551132

19 8 0.0566329

20 8 0.0579291

21 8 0.0589966

22 8 0.0598314

23 8 0.0604299

24 8 0.0607901

25 8 0.0609102

26 8 0.0607901

27 8 0.0604299

28 8 0.0598314

29 8 0.0589966

30 8 0.0579291

31 8 0.0566329

32 8 0.0551132

33 8 0.0533761

34 8 0.0514282

35 8 0.0492774

36 8 0.0469322

37 8 0.0444017

38 8 0.0416959

39 8 0.0388257

40 8 0.0358021

41 8 0.0326373

42 8 0.0293437

43 8 0.0259343

44 8 0.0224226

45 8 0.0188223

46 8 0.0151478

47 8 0.0114134

48 8 0.00763408

49 8 0.00382459

50 8 0

0 9 0

1 9 0.00425387

2 9 0.00849094

3 9 0.0126945

4 9 0.016848

5 9 0.020935

6 9 0.0249393

7 9 0.0288452

8 9 0.0326373

9 9 0.0363006

10 9 0.0398207

11 9 0.0431835

12 9 0.046376

13 9 0.0493854

14 9 0.0521999

15 9 0.0548084

16 9 0.0572006

17 9 0.0593671

18 9 0.0612993

19 9 0.0629895

20 9 0.0644312

21 9 0.0656186

22 9 0.066547

23 9 0.0672127

24 9 0.0676133

25 9 0.0677469

26 9 0.0676133

27 9 0.0672127

28 9 0.066547

29 9 0.0656186

30 9 0.0644312

31 9 0.0629895

32 9 0.0612993

33 9 0.0593671

34 9 0.0572006

35 9 0.0548084

36 9 0.0521999

37 9 0.0493854

38 9 0.046376

39 9 0.0431835

40 9 0.0398207

41 9 0.0363006

42 9 0.0326373

43 9 0.0288452

44 9 0.0249393

45 9 0.020935

46 9 0.016848

47 9 0.0126945

48 9 0.00849094

49 9 0.00425387

50 9 0

0 10 0

1 10 0.00466636

2 10 0.0093143

3 10 0.0139255

4 10 0.0184817

5 10 0.022965

6 10 0.0273576

7 10 0.0316423

8 10 0.0358021

9 10 0.0398207

10 10 0.043682

11 10 0.047371

12 10 0.050873

13 10 0.0541742

14 10 0.0572617

15 10 0.0601231

16 10 0.0627473

17 10 0.0651239

18 10 0.0672434

19 10 0.0690975

20 10 0.070679

21 10 0.0719815

22 10 0.0729999

23 10 0.0737303

24 10 0.0741696

25 10 0.0743163

26 10 0.0741696

27 10 0.0737303

28 10 0.0729999

29 10 0.0719815

30 10 0.070679

31 10 0.0690975

32 10 0.0672434

33 10 0.0651239

34 10 0.0627473

35 10 0.0601231

36 10 0.0572617

37 10 0.0541742

38 10 0.050873

39 10 0.047371

40 10 0.043682

41 10 0.0398207

42 10 0.0358021

43 10 0.0316423

44 10 0.0273576

45 10 0.022965

46 10 0.0184817

47 10 0.0139255

48 10 0.0093143

49 10 0.00466636

50 10 0

0 11 0

1 11 0.00506043

2 11 0.0101009

3 11 0.0151015

4 11 0.0200425

5 11 0.0249044

6 11 0.029668

7 11 0.0343145

8 11 0.0388257

9 11 0.0431835

10 11 0.047371

11 11 0.0513715

12 11 0.0551692

13 11 0.0587493

14 11 0.0620975

15 11 0.0652006

16 11 0.0680464

17 11 0.0706236

18 11 0.0729221

19 11 0.0749329

20 11 0.0766479

21 11 0.0780604

22 11 0.0791648

23 11 0.0799568

24 11 0.0804333

25 11 0.0805923

26 11 0.0804333

27 11 0.0799568

28 11 0.0791648

29 11 0.0780604

30 11 0.0766479

31 11 0.0749329

32 11 0.0729221

33 11 0.0706236

34 11 0.0680464

35 11 0.0652006

36 11 0.0620975

37 11 0.0587493

38 11 0.0551692

39 11 0.0513715

40 11 0.047371

41 11 0.0431835

42 11 0.0388257

43 11 0.0343145

44 11 0.029668

45 11 0.0249044

46 11 0.0200425

47 11 0.0151015

48 11 0.0101009

49 11 0.00506043

50 11 0

0 12 0

1 12 0.00543454

2 12 0.0108476

3 12 0.0162179

4 12 0.0215242

5 12 0.0267455

6 12 0.0318613

7 12 0.0368513

8 12 0.0416959

9 12 0.046376

10 12 0.050873

11 12 0.0551692

12 12 0.0592478

13 12 0.0630925

14 12 0.0666882

15 12 0.0700207

16 12 0.0730768

17 12 0.0758446

18 12 0.0783131

19 12 0.0804724

20 12 0.0823142

21 12 0.0838312

22 12 0.0850173

23 12 0.0858678

24 12 0.0863795

25 12 0.0865503

26 12 0.0863795

27 12 0.0858678

28 12 0.0850173

29 12 0.0838312

30 12 0.0823142

31 12 0.0804724

32 12 0.0783131

33 12 0.0758446

34 12 0.0730768

35 12 0.0700207

36 12 0.0666882

37 12 0.0630925

38 12 0.0592478

39 12 0.0551692

40 12 0.050873

41 12 0.046376

42 12 0.0416959

43 12 0.0368513

44 12 0.0318613

45 12 0.0267455

46 12 0.0215242

47 12 0.0162179

48 12 0.0108476

49 12 0.00543454

50 12 0

0 13 0

1 13 0.0057872

2 13 0.0115516

3 13 0.0172703

4 13 0.0229209

5 13 0.0284811

6 13 0.0339288

7 13 0.0392427

8 13 0.0444017

9 13 0.0493854

10 13 0.0541742

11 13 0.0587493

12 13 0.0630925

13 13 0.0671866

14 13 0.0710157

15 13 0.0745644

16 13 0.0778189

17 13 0.0807663

18 13 0.0833949

19 13 0.0856945

20 13 0.0876558

21 13 0.0892711

22 13 0.0905342

23 13 0.09144

24 13 0.0919849

25 13 0.0921667

26 13 0.0919849

27 13 0.09144

28 13 0.0905342

29 13 0.0892711

30 13 0.0876558

31 13 0.0856945

32 13 0.0833949

33 13 0.0807663

34 13 0.0778189

35 13 0.0745644

36 13 0.0710157

37 13 0.0671866

38 13 0.0630925

39 13 0.0587493

40 13 0.0541742

41 13 0.0493854

42 13 0.0444017

43 13 0.0392427

44 13 0.0339288

45 13 0.0284811

46 13 0.0229209

47 13 0.0172703

48 13 0.0115516

49 13 0.0057872

50 13 0

0 14 0

1 14 0.00611701

2 14 0.0122099

3 14 0.0182546

4 14 0.0242272

5 14 0.0301042

6 14 0.0358625

7 14 0.0414792

8 14 0.0469322

9 14 0.0521999

10 14 0.0572617

11 14 0.0620975

12 14 0.0666882

13 14 0.0710157

14 14 0.0750629

15 14 0.0788139

16 14 0.0822539

17 14 0.0853693

18 14 0.0881477

19 14 0.0905783

20 14 0.0926513

21 14 0.0943588

22 14 0.0956938

23 14 0.0966512

24 14 0.0972272

25 14 0.0974194

26 14 0.0972272

27 14 0.0966512

28 14 0.0956938

29 14 0.0943588

30 14 0.0926513

31 14 0.0905783

32 14 0.0881477

33 14 0.0853693

34 14 0.0822539

35 14 0.0788139

36 14 0.0750629

37 14 0.0710157

38 14 0.0666882

39 14 0.0620975

40 14 0.0572617

41 14 0.0521999

42 14 0.0469322

43 14 0.0414792

44 14 0.0358625

45 14 0.0301042

46 14 0.0242272

47 14 0.0182546

48 14 0.0122099

49 14 0.00611701

50 14 0

0 15 0

1 15 0.00642269

2 15 0.01282

3 15 0.0191668

4 15 0.0254379

5 15 0.0316086

6 15 0.0376546

7 15 0.0435519

8 15 0.0492774

9 15 0.0548084

10 15 0.0601231

11 15 0.0652006

12 15 0.0700207

13 15 0.0745644

14 15 0.0788139

15 15 0.0827524

16 15 0.0863643

17 15 0.0896353

18 15 0.0925526

19 15 0.0951046

20 15 0.0972813

21 15 0.099074

22 15 0.100476

23 15 0.101481

24 15 0.102086

25 15 0.102288

26 15 0.102086

27 15 0.101481

28 15 0.100476

29 15 0.099074

30 15 0.0972813

31 15 0.0951046

32 15 0.0925526

33 15 0.0896353

34 15 0.0863643

35 15 0.0827524

36 15 0.0788139

37 15 0.0745644

38 15 0.0700207

39 15 0.0652006

40 15 0.0601231

41 15 0.0548084

42 15 0.0492774

43 15 0.0435519

44 15 0.0376546

45 15 0.0316086

46 15 0.0254379

47 15 0.0191668

48 15 0.01282

49 15 0.00642269

50 15 0

0 16 0

1 16 0.00670302

2 16 0.0133796

3 16 0.0200034

4 16 0.0265482

5 16 0.0329882

6 16 0.0392981

7 16 0.0454528

8 16 0.0514282

9 16 0.0572006

10 16 0.0627473

11 16 0.0680464

12 16 0.0730768

13 16 0.0778189

14 16 0.0822539

15 16 0.0863643

16 16 0.0901338

17 16 0.0935476

18 16 0.0965922

19 16 0.0992556

20 16 0.101527

21 16 0.103398

22 16 0.104861

23 16 0.10591

24 16 0.106541

25 16 0.106752

26 16 0.106541

27 16 0.10591

28 16 0.104861

29 16 0.103398

30 16 0.101527

31 16 0.0992556

32 16 0.0965922

33 16 0.0935476

34 16 0.0901338

35 16 0.0863643

36 16 0.0822539

37 16 0.0778189

38 16 0.0730768

39 16 0.0680464

40 16 0.0627473

41 16 0.0572006

42 16 0.0514282

43 16 0.0454528

44 16 0.0392981

45 16 0.0329882

46 16 0.0265482

47 16 0.0200034

48 16 0.0133796

49 16 0.00670302

50 16 0

0 17 0

1 17 0.0069569

2 17 0.0138863

3 17 0.020761

4 17 0.0275537

5 17 0.0342376

6 17 0.0407865

7 17 0.0471744

8 17 0.0533761

9 17 0.0593671

10 17 0.0651239

11 17 0.0706236

12 17 0.0758446

13 17 0.0807663

14 17 0.0853693

15 17 0.0896353

16 17 0.0935476

17 17 0.0970907

18 17 0.100251

19 17 0.103015

20 17 0.105373

21 17 0.107314

22 17 0.108833

23 17 0.109922

24 17 0.110577

25 17 0.110795

26 17 0.110577

27 17 0.109922

28 17 0.108833

29 17 0.107314

30 17 0.105373

31 17 0.103015

32 17 0.100251

33 17 0.0970907

34 17 0.0935476

35 17 0.0896353

36 17 0.0853693

37 17 0.0807663

38 17 0.0758446

39 17 0.0706236

40 17 0.0651239

41 17 0.0593671

42 17 0.0533761

43 17 0.0471744

44 17 0.0407865

45 17 0.0342376

46 17 0.0275537

47 17 0.020761

48 17 0.0138863

49 17 0.0069569

50 17 0

0 18 0

1 18 0.00718332

2 18 0.0143383

3 18 0.0214367

4 18 0.0284504

5 18 0.0353519

6 18 0.0421139

7 18 0.0487097

8 18 0.0551132

9 18 0.0612993

10 18 0.0672434

11 18 0.0729221

12 18 0.0783131

13 18 0.0833949

14 18 0.0881477

15 18 0.0925526

16 18 0.0965922

17 18 0.100251

18 18 0.103513

19 18 0.106368

20 18 0.108802

21 18 0.110807

22 18 0.112375

23 18 0.113499

24 18 0.114176

25 18 0.114401

26 18 0.114176

27 18 0.113499

28 18 0.112375

29 18 0.110807

30 18 0.108802

31 18 0.106368

32 18 0.103513

33 18 0.100251

34 18 0.0965922

35 18 0.0925526

36 18 0.0881477

37 18 0.0833949

38 18 0.0783131

39 18 0.0729221

40 18 0.0672434

41 18 0.0612993

42 18 0.0551132

43 18 0.0487097

44 18 0.0421139

45 18 0.0353519

46 18 0.0284504

47 18 0.0214367

48 18 0.0143383

49 18 0.00718332

50 18 0

0 19 0

1 19 0.00738139

2 19 0.0147336

3 19 0.0220278

4 19 0.0292349

5 19 0.0363267

6 19 0.0432752

7 19 0.0500528

8 19 0.0566329

9 19 0.0629895

10 19 0.0690975

11 19 0.0749329

12 19 0.0804724

13 19 0.0856945

14 19 0.0905783

15 19 0.0951046

16 19 0.0992556

17 19 0.103015

18 19 0.106368

19 19 0.109301

20 19 0.111802

21 19 0.113863

22 19 0.115474

23 19 0.116629

24 19 0.117324

25 19 0.117556

26 19 0.117324

27 19 0.116629

28 19 0.115474

29 19 0.113863

30 19 0.111802

31 19 0.109301

32 19 0.106368

33 19 0.103015

34 19 0.0992556

35 19 0.0951046

36 19 0.0905783

37 19 0.0856945

38 19 0.0804724

39 19 0.0749329

40 19 0.0690975

41 19 0.0629895

42 19 0.0566329

43 19 0.0500528

44 19 0.0432752

45 19 0.0363267

46 19 0.0292349

47 19 0.0220278

48 19 0.0147336

49 19 0.00738139

50 19 0

0 20 0

1 20 0.00755033

2 20 0.0150709

3 20 0.0225319

4 20 0.029904

5 20 0.0371581

6 20 0.0442656

7 20 0.0511984

8 20 0.0579291

9 20 0.0644312

10 20 0.070679

11 20 0.0766479

12 20 0.0823142

13 20 0.0876558

14 20 0.0926513

15 20 0.0972813

16 20 0.101527

17 20 0.105373

18 20 0.108802

19 20 0.111802

20 20 0.114361

21 20 0.116469

22 20 0.118116

23 20 0.119298

24 20 0.120009

25 20 0.120246

26 20 0.120009

27 20 0.119298

28 20 0.118116

29 20 0.116469

30 20 0.114361

31 20 0.111802

32 20 0.108802

33 20 0.105373

34 20 0.101527

35 20 0.0972813

36 20 0.0926513

37 20 0.0876558

38 20 0.0823142

39 20 0.0766479

40 20 0.070679

41 20 0.0644312

42 20 0.0579291

43 20 0.0511984

44 20 0.0442656

45 20 0.0371581

46 20 0.029904

47 20 0.0225319

48 20 0.0150709

49 20 0.00755033

50 20 0

0 21 0

1 21 0.00768947

2 21 0.0153486

3 21 0.0229471

4 21 0.0304551

5 21 0.0378429

6 21 0.0450814

7 21 0.0521419

8 21 0.0589966

9 21 0.0656186

10 21 0.0719815

11 21 0.0780604

12 21 0.0838312

13 21 0.0892711

14 21 0.0943588

15 21 0.099074

16 21 0.103398

17 21 0.107314

18 21 0.110807

19 21 0.113863

20 21 0.116469

21 21 0.118615

22 21 0.120293

23 21 0.121497

24 21 0.122221

25 21 0.122462

26 21 0.122221

27 21 0.121497

28 21 0.120293

29 21 0.118615

30 21 0.116469

31 21 0.113863

32 21 0.110807

33 21 0.107314

34 21 0.103398

35 21 0.099074

36 21 0.0943588

37 21 0.0892711

38 21 0.0838312

39 21 0.0780604

40 21 0.0719815

41 21 0.0656186

42 21 0.0589966

43 21 0.0521419

44 21 0.0450814

45 21 0.0378429

46 21 0.0304551

47 21 0.0229471

48 21 0.0153486

49 21 0.00768947

50 21 0

0 22 0

1 22 0.00779826

2 22 0.0155658

3 22 0.0232718

4 22 0.030886

5 22 0.0383783

6 22 0.0457192

7 22 0.0528796

8 22 0.0598314

9 22 0.066547

10 22 0.0729999

11 22 0.0791648

12 22 0.0850173

13 22 0.0905342

14 22 0.0956938

15 22 0.100476

16 22 0.104861

17 22 0.108833

18 22 0.112375

19 22 0.115474

20 22 0.118116

21 22 0.120293

22 22 0.121995

23 22 0.123216

24 22 0.12395

25 22 0.124195

26 22 0.12395

27 22 0.123216

28 22 0.121995

29 22 0.120293

30 22 0.118116

31 22 0.115474

32 22 0.112375

33 22 0.108833

34 22 0.104861

35 22 0.100476

36 22 0.0956938

37 22 0.0905342

38 22 0.0850173

39 22 0.0791648

40 22 0.0729999

41 22 0.066547

42 22 0.0598314

43 22 0.0528796

44 22 0.0457192

45 22 0.0383783

46 22 0.030886

47 22 0.0232718

48 22 0.0155658

49 22 0.00779826

50 22 0

0 23 0

1 23 0.00787628

2 23 0.0157215

3 23 0.0235046

4 23 0.031195

5 23 0.0387623

6 23 0.0461766

7 23 0.0534087

8 23 0.0604299

9 23 0.0672127

10 23 0.0737303

11 23 0.0799568

12 23 0.0858678

13 23 0.09144

14 23 0.0966512

15 23 0.101481

16 23 0.10591

17 23 0.109922

18 23 0.113499

19 23 0.116629

20 23 0.119298

21 23 0.121497

22 23 0.123216

23 23 0.124448

24 23 0.12519

25 23 0.125437

26 23 0.12519

27 23 0.124448

28 23 0.123216

29 23 0.121497

30 23 0.119298

31 23 0.116629

32 23 0.113499

33 23 0.109922

34 23 0.10591

35 23 0.101481

36 23 0.0966512

37 23 0.09144

38 23 0.0858678

39 23 0.0799568

40 23 0.0737303

41 23 0.0672127

42 23 0.0604299

43 23 0.0534087

44 23 0.0461766

45 23 0.0387623

46 23 0.031195

47 23 0.0235046

48 23 0.0157215

49 23 0.00787628

50 23 0

0 24 0

1 24 0.00792322

2 24 0.0158152

3 24 0.0236447

4 24 0.0313809

5 24 0.0389933

6 24 0.0464518

7 24 0.0537269

8 24 0.0607901

9 24 0.0676133

10 24 0.0741696

11 24 0.0804333

12 24 0.0863795

13 24 0.0919849

14 24 0.0972272

15 24 0.102086

16 24 0.106541

17 24 0.110577

18 24 0.114176

19 24 0.117324

20 24 0.120009

21 24 0.122221

22 24 0.12395

23 24 0.12519

24 24 0.125936

25 24 0.126185

26 24 0.125936

27 24 0.12519

28 24 0.12395

29 24 0.122221

30 24 0.120009

31 24 0.117324

32 24 0.114176

33 24 0.110577

34 24 0.106541

35 24 0.102086

36 24 0.0972272

37 24 0.0919849

38 24 0.0863795

39 24 0.0804333

40 24 0.0741696

41 24 0.0676133

42 24 0.0607901

43 24 0.0537269

44 24 0.0464518

45 24 0.0389933

46 24 0.0313809

47 24 0.0236447

48 24 0.0158152

49 24 0.00792322

50 24 0

0 25 0

1 25 0.00793888

2 25 0.0158464

3 25 0.0236914

4 25 0.031443

5 25 0.0390704

6 25 0.0465436

7 25 0.0538332

8 25 0.0609102

9 25 0.0677469

10 25 0.0743163

11 25 0.0805923

12 25 0.0865503

13 25 0.0921667

14 25 0.0974194

15 25 0.102288

16 25 0.106752

17 25 0.110795

18 25 0.114401

19 25 0.117556

20 25 0.120246

21 25 0.122462

22 25 0.124195

23 25 0.125437

24 25 0.126185

25 25 0.126434

26 25 0.126185

27 25 0.125437

28 25 0.124195

29 25 0.122462

30 25 0.120246

31 25 0.117556

32 25 0.114401

33 25 0.110795

34 25 0.106752

35 25 0.102288

36 25 0.0974194

37 25 0.0921667

38 25 0.0865503

39 25 0.0805923

40 25 0.0743163

41 25 0.0677469

42 25 0.0609102

43 25 0.0538332

44 25 0.0465436

45 25 0.0390704

46 25 0.031443

47 25 0.0236914

48 25 0.0158464

49 25 0.00793888

50 25 0

0 26 0

1 26 0.00792322

2 26 0.0158152

3 26 0.0236447

4 26 0.0313809

5 26 0.0389933

6 26 0.0464518

7 26 0.0537269

8 26 0.0607901

9 26 0.0676133

10 26 0.0741696

11 26 0.0804333

12 26 0.0863795

13 26 0.0919849

14 26 0.0972272

15 26 0.102086

16 26 0.106541

17 26 0.110577

18 26 0.114176

19 26 0.117324

20 26 0.120009

21 26 0.122221

22 26 0.12395

23 26 0.12519

24 26 0.125936

25 26 0.126185

26 26 0.125936

27 26 0.12519

28 26 0.12395

29 26 0.122221

30 26 0.120009

31 26 0.117324

32 26 0.114176

33 26 0.110577

34 26 0.106541

35 26 0.102086

36 26 0.0972272

37 26 0.0919849

38 26 0.0863795

39 26 0.0804333

40 26 0.0741696

41 26 0.0676133

42 26 0.0607901

43 26 0.0537269

44 26 0.0464518

45 26 0.0389933

46 26 0.0313809

47 26 0.0236447

48 26 0.0158152

49 26 0.00792322

50 26 0

0 27 0

1 27 0.00787628

2 27 0.0157215

3 27 0.0235046

4 27 0.031195

5 27 0.0387623

6 27 0.0461766

7 27 0.0534087

8 27 0.0604299

9 27 0.0672127

10 27 0.0737303

11 27 0.0799568

12 27 0.0858678

13 27 0.09144

14 27 0.0966512

15 27 0.101481

16 27 0.10591

17 27 0.109922

18 27 0.113499

19 27 0.116629

20 27 0.119298

21 27 0.121497

22 27 0.123216

23 27 0.124448

24 27 0.12519

25 27 0.125437

26 27 0.12519

27 27 0.124448

28 27 0.123216

29 27 0.121497

30 27 0.119298

31 27 0.116629

32 27 0.113499

33 27 0.109922

34 27 0.10591

35 27 0.101481

36 27 0.0966512

37 27 0.09144

38 27 0.0858678

39 27 0.0799568

40 27 0.0737303

41 27 0.0672127

42 27 0.0604299

43 27 0.0534087

44 27 0.0461766

45 27 0.0387623

46 27 0.031195

47 27 0.0235046

48 27 0.0157215

49 27 0.00787628

50 27 0

0 28 0

1 28 0.00779826

2 28 0.0155658

3 28 0.0232718

4 28 0.030886

5 28 0.0383783

6 28 0.0457192

7 28 0.0528796

8 28 0.0598314

9 28 0.066547

10 28 0.0729999

11 28 0.0791648

12 28 0.0850173

13 28 0.0905342

14 28 0.0956938

15 28 0.100476

16 28 0.104861

17 28 0.108833

18 28 0.112375

19 28 0.115474

20 28 0.118116

21 28 0.120293

22 28 0.121995

23 28 0.123216

24 28 0.12395

25 28 0.124195

26 28 0.12395

27 28 0.123216

28 28 0.121995

29 28 0.120293

30 28 0.118116

31 28 0.115474

32 28 0.112375

33 28 0.108833

34 28 0.104861

35 28 0.100476

36 28 0.0956938

37 28 0.0905342

38 28 0.0850173

39 28 0.0791648

40 28 0.0729999

41 28 0.066547

42 28 0.0598314

43 28 0.0528796

44 28 0.0457192

45 28 0.0383783

46 28 0.030886

47 28 0.0232718

48 28 0.0155658

49 28 0.00779826

50 28 0

0 29 0

1 29 0.00768947

2 29 0.0153486

3 29 0.0229471

4 29 0.0304551

5 29 0.0378429

6 29 0.0450814

7 29 0.0521419

8 29 0.0589966

9 29 0.0656186

10 29 0.0719815

11 29 0.0780604

12 29 0.0838312

13 29 0.0892711

14 29 0.0943588

15 29 0.099074

16 29 0.103398

17 29 0.107314

18 29 0.110807

19 29 0.113863

20 29 0.116469

21 29 0.118615

22 29 0.120293

23 29 0.121497

24 29 0.122221

25 29 0.122462

26 29 0.122221

27 29 0.121497

28 29 0.120293

29 29 0.118615

30 29 0.116469

31 29 0.113863

32 29 0.110807

33 29 0.107314

34 29 0.103398

35 29 0.099074

36 29 0.0943588

37 29 0.0892711

38 29 0.0838312

39 29 0.0780604

40 29 0.0719815

41 29 0.0656186

42 29 0.0589966

43 29 0.0521419

44 29 0.0450814

45 29 0.0378429

46 29 0.0304551

47 29 0.0229471

48 29 0.0153486

49 29 0.00768947

50 29 0

0 30 0

1 30 0.00755033

2 30 0.0150709

3 30 0.0225319

4 30 0.029904

5 30 0.0371581

6 30 0.0442656

7 30 0.0511984

8 30 0.0579291

9 30 0.0644312

10 30 0.070679

11 30 0.0766479

12 30 0.0823142

13 30 0.0876558

14 30 0.0926513

15 30 0.0972813

16 30 0.101527

17 30 0.105373

18 30 0.108802

19 30 0.111802

20 30 0.114361

21 30 0.116469

22 30 0.118116

23 30 0.119298

24 30 0.120009

25 30 0.120246

26 30 0.120009

27 30 0.119298

28 30 0.118116

29 30 0.116469

30 30 0.114361

31 30 0.111802

32 30 0.108802

33 30 0.105373

34 30 0.101527

35 30 0.0972813

36 30 0.0926513

37 30 0.0876558

38 30 0.0823142

39 30 0.0766479

40 30 0.070679

41 30 0.0644312

42 30 0.0579291

43 30 0.0511984

44 30 0.0442656

45 30 0.0371581

46 30 0.029904

47 30 0.0225319

48 30 0.0150709

49 30 0.00755033

50 30 0

0 31 0

1 31 0.00738139

2 31 0.0147336

3 31 0.0220278

4 31 0.0292349

5 31 0.0363267

6 31 0.0432752

7 31 0.0500528

8 31 0.0566329

9 31 0.0629895

10 31 0.0690975

11 31 0.0749329

12 31 0.0804724

13 31 0.0856945

14 31 0.0905783

15 31 0.0951046

16 31 0.0992556

17 31 0.103015

18 31 0.106368

19 31 0.109301

20 31 0.111802

21 31 0.113863

22 31 0.115474

23 31 0.116629

24 31 0.117324

25 31 0.117556

26 31 0.117324

27 31 0.116629

28 31 0.115474

29 31 0.113863

30 31 0.111802

31 31 0.109301

32 31 0.106368

33 31 0.103015

34 31 0.0992556

35 31 0.0951046

36 31 0.0905783

37 31 0.0856945

38 31 0.0804724

39 31 0.0749329

40 31 0.0690975

41 31 0.0629895

42 31 0.0566329

43 31 0.0500528

44 31 0.0432752

45 31 0.0363267

46 31 0.0292349

47 31 0.0220278

48 31 0.0147336

49 31 0.00738139

50 31 0

0 32 0

1 32 0.00718332

2 32 0.0143383

3 32 0.0214367

4 32 0.0284504

5 32 0.0353519

6 32 0.0421139

7 32 0.0487097

8 32 0.0551132

9 32 0.0612993

10 32 0.0672434

11 32 0.0729221

12 32 0.0783131

13 32 0.0833949

14 32 0.0881477

15 32 0.0925526

16 32 0.0965922

17 32 0.100251

18 32 0.103513

19 32 0.106368

20 32 0.108802

21 32 0.110807

22 32 0.112375

23 32 0.113499

24 32 0.114176

25 32 0.114401

26 32 0.114176

27 32 0.113499

28 32 0.112375

29 32 0.110807

30 32 0.108802

31 32 0.106368

32 32 0.103513

33 32 0.100251

34 32 0.0965922

35 32 0.0925526

36 32 0.0881477

37 32 0.0833949

38 32 0.0783131

39 32 0.0729221

40 32 0.0672434

41 32 0.0612993

42 32 0.0551132

43 32 0.0487097

44 32 0.0421139

45 32 0.0353519

46 32 0.0284504

47 32 0.0214367

48 32 0.0143383

49 32 0.00718332

50 32 0

0 33 0

1 33 0.0069569

2 33 0.0138863

3 33 0.020761

4 33 0.0275537

5 33 0.0342376

6 33 0.0407865

7 33 0.0471744

8 33 0.0533761

9 33 0.0593671

10 33 0.0651239

11 33 0.0706236

12 33 0.0758446

13 33 0.0807663

14 33 0.0853693

15 33 0.0896353

16 33 0.0935476

17 33 0.0970907

18 33 0.100251

19 33 0.103015

20 33 0.105373

21 33 0.107314

22 33 0.108833

23 33 0.109922

24 33 0.110577

25 33 0.110795

26 33 0.110577

27 33 0.109922

28 33 0.108833

29 33 0.107314

30 33 0.105373

31 33 0.103015

32 33 0.100251

33 33 0.0970907

34 33 0.0935476

35 33 0.0896353

36 33 0.0853693

37 33 0.0807663

38 33 0.0758446

39 33 0.0706236

40 33 0.0651239

41 33 0.0593671

42 33 0.0533761

43 33 0.0471744

44 33 0.0407865

45 33 0.0342376

46 33 0.0275537

47 33 0.020761

48 33 0.0138863

49 33 0.0069569

50 33 0

0 34 0

1 34 0.00670302

2 34 0.0133796

3 34 0.0200034

4 34 0.0265482

5 34 0.0329882

6 34 0.0392981

7 34 0.0454528

8 34 0.0514282

9 34 0.0572006

10 34 0.0627473

11 34 0.0680464

12 34 0.0730768

13 34 0.0778189

14 34 0.0822539

15 34 0.0863643

16 34 0.0901338

17 34 0.0935476

18 34 0.0965922

19 34 0.0992556

20 34 0.101527

21 34 0.103398

22 34 0.104861

23 34 0.10591

24 34 0.106541

25 34 0.106752

26 34 0.106541

27 34 0.10591

28 34 0.104861

29 34 0.103398

30 34 0.101527

31 34 0.0992556

32 34 0.0965922

33 34 0.0935476

34 34 0.0901338

35 34 0.0863643

36 34 0.0822539

37 34 0.0778189

38 34 0.0730768

39 34 0.0680464

40 34 0.0627473

41 34 0.0572006

42 34 0.0514282

43 34 0.0454528

44 34 0.0392981

45 34 0.0329882

46 34 0.0265482

47 34 0.0200034

48 34 0.0133796

49 34 0.00670302

50 34 0

0 35 0

1 35 0.00642269

2 35 0.01282

3 35 0.0191668

4 35 0.0254379

5 35 0.0316086

6 35 0.0376546

7 35 0.0435519

8 35 0.0492774

9 35 0.0548084

10 35 0.0601231

11 35 0.0652006

12 35 0.0700207

13 35 0.0745644

14 35 0.0788139

15 35 0.0827524

16 35 0.0863643

17 35 0.0896353

18 35 0.0925526

19 35 0.0951046

20 35 0.0972813

21 35 0.099074

22 35 0.100476

23 35 0.101481

24 35 0.102086

25 35 0.102288

26 35 0.102086

27 35 0.101481

28 35 0.100476

29 35 0.099074

30 35 0.0972813

31 35 0.0951046

32 35 0.0925526

33 35 0.0896353

34 35 0.0863643

35 35 0.0827524

36 35 0.0788139

37 35 0.0745644

38 35 0.0700207

39 35 0.0652006

40 35 0.0601231

41 35 0.0548084

42 35 0.0492774

43 35 0.0435519

44 35 0.0376546

45 35 0.0316086

46 35 0.0254379

47 35 0.0191668

48 35 0.01282

49 35 0.00642269

50 35 0

0 36 0

1 36 0.00611701

2 36 0.0122099

3 36 0.0182546

4 36 0.0242272

5 36 0.0301042

6 36 0.0358625

7 36 0.0414792

8 36 0.0469322

9 36 0.0521999

10 36 0.0572617

11 36 0.0620975

12 36 0.0666882

13 36 0.0710157

14 36 0.0750629

15 36 0.0788139

16 36 0.0822539

17 36 0.0853693

18 36 0.0881477

19 36 0.0905783

20 36 0.0926513

21 36 0.0943588

22 36 0.0956938

23 36 0.0966512

24 36 0.0972272

25 36 0.0974194

26 36 0.0972272

27 36 0.0966512

28 36 0.0956938

29 36 0.0943588

30 36 0.0926513

31 36 0.0905783

32 36 0.0881477

33 36 0.0853693

34 36 0.0822539

35 36 0.0788139

36 36 0.0750629

37 36 0.0710157

38 36 0.0666882

39 36 0.0620975

40 36 0.0572617

41 36 0.0521999

42 36 0.0469322

43 36 0.0414792

44 36 0.0358625

45 36 0.0301042

46 36 0.0242272

47 36 0.0182546

48 36 0.0122099

49 36 0.00611701

50 36 0

0 37 0

1 37 0.0057872

2 37 0.0115516

3 37 0.0172703

4 37 0.0229209

5 37 0.0284811

6 37 0.0339288

7 37 0.0392427

8 37 0.0444017

9 37 0.0493854

10 37 0.0541742

11 37 0.0587493

12 37 0.0630925

13 37 0.0671866

14 37 0.0710157

15 37 0.0745644

16 37 0.0778189

17 37 0.0807663

18 37 0.0833949

19 37 0.0856945

20 37 0.0876558

21 37 0.0892711

22 37 0.0905342

23 37 0.09144

24 37 0.0919849

25 37 0.0921667

26 37 0.0919849

27 37 0.09144

28 37 0.0905342

29 37 0.0892711

30 37 0.0876558

31 37 0.0856945

32 37 0.0833949

33 37 0.0807663

34 37 0.0778189

35 37 0.0745644

36 37 0.0710157

37 37 0.0671866

38 37 0.0630925

39 37 0.0587493

40 37 0.0541742

41 37 0.0493854

42 37 0.0444017

43 37 0.0392427

44 37 0.0339288

45 37 0.0284811

46 37 0.0229209

47 37 0.0172703

48 37 0.0115516

49 37 0.0057872

50 37 0

0 38 0

1 38 0.00543454

2 38 0.0108476

3 38 0.0162179

4 38 0.0215242

5 38 0.0267455

6 38 0.0318613

7 38 0.0368513

8 38 0.0416959

9 38 0.046376

10 38 0.050873

11 38 0.0551692

12 38 0.0592478

13 38 0.0630925

14 38 0.0666882

15 38 0.0700207

16 38 0.0730768

17 38 0.0758446

18 38 0.0783131

19 38 0.0804724

20 38 0.0823142

21 38 0.0838312

22 38 0.0850173

23 38 0.0858678

24 38 0.0863795

25 38 0.0865503

26 38 0.0863795

27 38 0.0858678

28 38 0.0850173

29 38 0.0838312

30 38 0.0823142

31 38 0.0804724

32 38 0.0783131

33 38 0.0758446

34 38 0.0730768

35 38 0.0700207

36 38 0.0666882

37 38 0.0630925

38 38 0.0592478

39 38 0.0551692

40 38 0.050873

41 38 0.046376

42 38 0.0416959

43 38 0.0368513

44 38 0.0318613

45 38 0.0267455

46 38 0.0215242

47 38 0.0162179

48 38 0.0108476

49 38 0.00543454

50 38 0

0 39 0

1 39 0.00506043

2 39 0.0101009

3 39 0.0151015

4 39 0.0200425

5 39 0.0249044

6 39 0.029668

7 39 0.0343145

8 39 0.0388257

9 39 0.0431835

10 39 0.047371

11 39 0.0513715

12 39 0.0551692

13 39 0.0587493

14 39 0.0620975

15 39 0.0652006

16 39 0.0680464

17 39 0.0706236

18 39 0.0729221

19 39 0.0749329

20 39 0.0766479

21 39 0.0780604

22 39 0.0791648

23 39 0.0799568

24 39 0.0804333

25 39 0.0805923

26 39 0.0804333

27 39 0.0799568

28 39 0.0791648

29 39 0.0780604

30 39 0.0766479

31 39 0.0749329

32 39 0.0729221

33 39 0.0706236

34 39 0.0680464

35 39 0.0652006

36 39 0.0620975

37 39 0.0587493

38 39 0.0551692

39 39 0.0513715

40 39 0.047371

41 39 0.0431835

42 39 0.0388257

43 39 0.0343145

44 39 0.029668

45 39 0.0249044

46 39 0.0200425

47 39 0.0151015

48 39 0.0101009

49 39 0.00506043

50 39 0

0 40 0

1 40 0.00466636

2 40 0.0093143

3 40 0.0139255

4 40 0.0184817

5 40 0.022965

6 40 0.0273576

7 40 0.0316423

8 40 0.0358021

9 40 0.0398207

10 40 0.043682

11 40 0.047371

12 40 0.050873

13 40 0.0541742

14 40 0.0572617

15 40 0.0601231

16 40 0.0627473

17 40 0.0651239

18 40 0.0672434

19 40 0.0690975

20 40 0.070679

21 40 0.0719815

22 40 0.0729999

23 40 0.0737303

24 40 0.0741696

25 40 0.0743163

26 40 0.0741696

27 40 0.0737303

28 40 0.0729999

29 40 0.0719815

30 40 0.070679

31 40 0.0690975

32 40 0.0672434

33 40 0.0651239

34 40 0.0627473

35 40 0.0601231

36 40 0.0572617

37 40 0.0541742

38 40 0.050873

39 40 0.047371

40 40 0.043682

41 40 0.0398207

42 40 0.0358021

43 40 0.0316423

44 40 0.0273576

45 40 0.022965

46 40 0.0184817

47 40 0.0139255

48 40 0.0093143

49 40 0.00466636

50 40 0

0 41 0

1 41 0.00425387

2 41 0.00849094

3 41 0.0126945

4 41 0.016848

5 41 0.020935

6 41 0.0249393

7 41 0.0288452

8 41 0.0326373

9 41 0.0363006

10 41 0.0398207

11 41 0.0431835

12 41 0.046376

13 41 0.0493854

14 41 0.0521999

15 41 0.0548084

16 41 0.0572006

17 41 0.0593671

18 41 0.0612993

19 41 0.0629895

20 41 0.0644312

21 41 0.0656186

22 41 0.066547

23 41 0.0672127

24 41 0.0676133

25 41 0.0677469

26 41 0.0676133

27 41 0.0672127

28 41 0.066547

29 41 0.0656186

30 41 0.0644312

31 41 0.0629895

32 41 0.0612993

33 41 0.0593671

34 41 0.0572006

35 41 0.0548084

36 41 0.0521999

37 41 0.0493854

38 41 0.046376

39 41 0.0431835

40 41 0.0398207

41 41 0.0363006

42 41 0.0326373

43 41 0.0288452

44 41 0.0249393

45 41 0.020935

46 41 0.016848

47 41 0.0126945

48 41 0.00849094

49 41 0.00425387

50 41 0

0 42 0

1 42 0.00382459

2 42 0.00763408

3 42 0.0114134

4 42 0.0151478

5 42 0.0188223

6 42 0.0224226

7 42 0.0259343

8 42 0.0293437

9 42 0.0326373

10 42 0.0358021

11 42 0.0388257

12 42 0.0416959

13 42 0.0444017

14 42 0.0469322

15 42 0.0492774

16 42 0.0514282

17 42 0.0533761

18 42 0.0551132

19 42 0.0566329

20 42 0.0579291

21 42 0.0589966

22 42 0.0598314

23 42 0.0604299

24 42 0.0607901

25 42 0.0609102

26 42 0.0607901

27 42 0.0604299

28 42 0.0598314

29 42 0.0589966

30 42 0.0579291

31 42 0.0566329

32 42 0.0551132

33 42 0.0533761

34 42 0.0514282

35 42 0.0492774

36 42 0.0469322

37 42 0.0444017

38 42 0.0416959

39 42 0.0388257

40 42 0.0358021

41 42 0.0326373

42 42 0.0293437

43 42 0.0259343

44 42 0.0224226

45 42 0.0188223

46 42 0.0151478

47 42 0.0114134

48 42 0.00763408

49 42 0.00382459

50 42 0

0 43 0

1 43 0.00338021

2 43 0.00674708

3 43 0.0100873

4 43 0.0133878

5 43 0.0166354

6 43 0.0198173

7 43 0.022921

8 43 0.0259343

9 43 0.0288452

10 43 0.0316423

11 43 0.0343145

12 43 0.0368513

13 43 0.0392427

14 43 0.0414792

15 43 0.0435519

16 43 0.0454528

17 43 0.0471744

18 43 0.0487097

19 43 0.0500528

20 43 0.0511984

21 43 0.0521419

22 43 0.0528796

23 43 0.0534087

24 43 0.0537269

25 43 0.0538332

26 43 0.0537269

27 43 0.0534087

28 43 0.0528796

29 43 0.0521419

30 43 0.0511984

31 43 0.0500528

32 43 0.0487097

33 43 0.0471744

34 43 0.0454528

35 43 0.0435519

36 43 0.0414792

37 43 0.0392427

38 43 0.0368513

39 43 0.0343145

40 43 0.0316423

41 43 0.0288452

42 43 0.0259343

43 43 0.022921

44 43 0.0198173

45 43 0.0166354

46 43 0.0133878

47 43 0.0100873

48 43 0.00674708

49 43 0.00338021

50 43 0

0 44 0

1 44 0.0029225

2 44 0.00583346

3 44 0.0087214

4 44 0.0115749

5 44 0.0143828

6 44 0.0171338

7 44 0.0198173

8 44 0.0224226

9 44 0.0249393

10 44 0.0273576

11 44 0.029668

12 44 0.0318613

13 44 0.0339288

14 44 0.0358625

15 44 0.0376546

16 44 0.0392981

17 44 0.0407865

18 44 0.0421139

19 44 0.0432752

20 44 0.0442656

21 44 0.0450814

22 44 0.0457192

23 44 0.0461766

24 44 0.0464518

25 44 0.0465436

26 44 0.0464518

27 44 0.0461766

28 44 0.0457192

29 44 0.0450814

30 44 0.0442656

31 44 0.0432752

32 44 0.0421139

33 44 0.0407865

34 44 0.0392981

35 44 0.0376546

36 44 0.0358625

37 44 0.0339288

38 44 0.0318613

39 44 0.029668

40 44 0.0273576

41 44 0.0249393

42 44 0.0224226

43 44 0.0198173

44 44 0.0171338

45 44 0.0143828

46 44 0.0115749

47 44 0.0087214

48 44 0.00583346

49 44 0.0029225

50 44 0

0 45 0

1 45 0.00245325

2 45 0.00489682

3 45 0.00732106

4 45 0.00971641

5 45 0.0120734

6 45 0.0143828

7 45 0.0166354

8 45 0.0188223

9 45 0.020935

10 45 0.022965

11 45 0.0249044

12 45 0.0267455

13 45 0.0284811

14 45 0.0301042

15 45 0.0316086

16 45 0.0329882

17 45 0.0342376

18 45 0.0353519

19 45 0.0363267

20 45 0.0371581

21 45 0.0378429

22 45 0.0383783

23 45 0.0387623

24 45 0.0389933

25 45 0.0390704

26 45 0.0389933

27 45 0.0387623

28 45 0.0383783

29 45 0.0378429

30 45 0.0371581

31 45 0.0363267

32 45 0.0353519

33 45 0.0342376

34 45 0.0329882

35 45 0.0316086

36 45 0.0301042

37 45 0.0284811

38 45 0.0267455

39 45 0.0249044

40 45 0.022965

41 45 0.020935

42 45 0.0188223

43 45 0.0166354

44 45 0.0143828

45 45 0.0120734

46 45 0.00971641

47 45 0.00732106

48 45 0.00489682

49 45 0.00245325

50 45 0

0 46 0

1 46 0.00197432

2 46 0.00394085

3 46 0.00589182

4 46 0.00781955

5 46 0.00971641

6 46 0.0115749

7 46 0.0133878

8 46 0.0151478

9 46 0.016848

10 46 0.0184817

11 46 0.0200425

12 46 0.0215242

13 46 0.0229209

14 46 0.0242272

15 46 0.0254379

16 46 0.0265482

17 46 0.0275537

18 46 0.0284504

19 46 0.0292349

20 46 0.029904

21 46 0.0304551

22 46 0.030886

23 46 0.031195

24 46 0.0313809

25 46 0.031443

26 46 0.0313809

27 46 0.031195

28 46 0.030886

29 46 0.0304551

30 46 0.029904

31 46 0.0292349

32 46 0.0284504

33 46 0.0275537

34 46 0.0265482

35 46 0.0254379

36 46 0.0242272

37 46 0.0229209

38 46 0.0215242

39 46 0.0200425

40 46 0.0184817

41 46 0.016848

42 46 0.0151478

43 46 0.0133878

44 46 0.0115749

45 46 0.00971641

46 46 0.00781955

47 46 0.00589182

48 46 0.00394085

49 46 0.00197432

50 46 0

0 47 0

1 47 0.0014876

2 47 0.00296933

3 47 0.00443933

4 47 0.00589182

5 47 0.00732106

6 47 0.0087214

7 47 0.0100873

8 47 0.0114134

9 47 0.0126945

10 47 0.0139255

11 47 0.0151015

12 47 0.0162179

13 47 0.0172703

14 47 0.0182546

15 47 0.0191668

16 47 0.0200034

17 47 0.020761

18 47 0.0214367

19 47 0.0220278

20 47 0.0225319

21 47 0.0229471

22 47 0.0232718

23 47 0.0235046

24 47 0.0236447

25 47 0.0236914

26 47 0.0236447

27 47 0.0235046

28 47 0.0232718

29 47 0.0229471

30 47 0.0225319

31 47 0.0220278

32 47 0.0214367

33 47 0.020761

34 47 0.0200034

35 47 0.0191668

36 47 0.0182546

37 47 0.0172703

38 47 0.0162179

39 47 0.0151015

40 47 0.0139255

41 47 0.0126945

42 47 0.0114134

43 47 0.0100873

44 47 0.0087214

45 47 0.00732106

46 47 0.00589182

47 47 0.00443933

48 47 0.00296933

49 47 0.0014876

50 47 0

0 48 0

1 48 0.000995006

2 48 0.00198608

3 48 0.00296933

4 48 0.00394085

5 48 0.00489682

6 48 0.00583346

7 48 0.00674708

8 48 0.00763408

9 48 0.00849094

10 48 0.0093143

11 48 0.0101009

12 48 0.0108476

13 48 0.0115516

14 48 0.0122099

15 48 0.01282

16 48 0.0133796

17 48 0.0138863

18 48 0.0143383

19 48 0.0147336

20 48 0.0150709

21 48 0.0153486

22 48 0.0155658

23 48 0.0157215

24 48 0.0158152

25 48 0.0158464

26 48 0.0158152

27 48 0.0157215

28 48 0.0155658

29 48 0.0153486

30 48 0.0150709

31 48 0.0147336

32 48 0.0143383

33 48 0.0138863

34 48 0.0133796

35 48 0.01282

36 48 0.0122099

37 48 0.0115516

38 48 0.0108476

39 48 0.0101009

40 48 0.0093143

41 48 0.00849094

42 48 0.00763408

43 48 0.00674708

44 48 0.00583346

45 48 0.00489682

46 48 0.00394085

47 48 0.00296933

48 48 0.00198608

49 48 0.000995006

50 48 0

0 49 0

1 49 0.000498487

2 49 0.000995006

3 49 0.0014876

4 49 0.00197432

5 49 0.00245325

6 49 0.0029225

7 49 0.00338021

8 49 0.00382459

9 49 0.00425387

10 49 0.00466636

11 49 0.00506043

12 49 0.00543454

13 49 0.0057872

14 49 0.00611701

15 49 0.00642269

16 49 0.00670302

17 49 0.0069569

18 49 0.00718332

19 49 0.00738139

20 49 0.00755033

21 49 0.00768947

22 49 0.00779826

