0 1 0

1 1 0.00143551

2 1 0.00286535

3 1 0.00428388

4 1 0.0056855

5 1 0.00706469

6 1 0.008416

7 1 0.00973409

8 1 0.0110138

9 1 0.01225

10 1 0.0134378

11 1 0.0145727

12 1 0.01565

13 1 0.0166655

14 1 0.0176153

15 1 0.0184956

16 1 0.0193029

17 1 0.020034

18 1 0.020686

19 1 0.0212564

20 1 0.0217429

21 1 0.0221436

22 1 0.0224569

23 1 0.0226815

24 1 0.0228167

25 1 0.0228618

26 1 0.0228167

27 1 0.0226815

28 1 0.0224569

29 1 0.0221436

30 1 0.0217429

31 1 0.0212564

32 1 0.020686

33 1 0.020034

34 1 0.0193029

35 1 0.0184956

36 1 0.0176153

37 1 0.0166655

38 1 0.01565

39 1 0.0145727

40 1 0.0134378

41 1 0.01225

42 1 0.0110138

43 1 0.00973409

44 1 0.008416

45 1 0.00706469

46 1 0.0056855

47 1 0.00428388

48 1 0.00286535

49 1 0.00143551

50 1 0

0 2 0

1 2 0.00286535

2 2 0.00571938

3 2 0.00855085

4 2 0.0113486

5 2 0.0141015

6 2 0.0167988

7 2 0.0194298

8 2 0.0219841

9 2 0.0244516

10 2 0.0268226

11 2 0.0290878

12 2 0.0312382

13 2 0.0332653

14 2 0.0351611

15 2 0.0369182

16 2 0.0385296

17 2 0.0399889

18 2 0.0412903

19 2 0.0424289

20 2 0.0433999

21 2 0.0441997

22 2 0.0448251

23 2 0.0452736

24 2 0.0455434

25 2 0.0456334

26 2 0.0455434

27 2 0.0452736

28 2 0.0448251

29 2 0.0441997

30 2 0.0433999

31 2 0.0424289

32 2 0.0412903

33 2 0.0399889

34 2 0.0385296

35 2 0.0369182

36 2 0.0351611

37 2 0.0332653

38 2 0.0312382

39 2 0.0290878

40 2 0.0268226

41 2 0.0244516

42 2 0.0219841

43 2 0.0194298

44 2 0.0167988

45 2 0.0141015

46 2 0.0113486

47 2 0.00855085

48 2 0.00571938

49 2 0.00286535

50 2 0

0 3 0

1 3 0.00428388

2 3 0.00855085

3 3 0.0127841

4 3 0.0169668

5 3 0.0210827

6 3 0.0251153

7 3 0.0290488

8 3 0.0328676

9 3 0.0365567

10 3 0.0401016

11 3 0.0434882

12 3 0.0467032

13 3 0.0497338

14 3 0.0525682

15 3 0.0551951

16 3 0.0576042

17 3 0.0597859

18 3 0.0617317

19 3 0.0634339

20 3 0.0648857

21 3 0.0660815

22 3 0.0670165

23 3 0.0676869

24 3 0.0680903

25 3 0.0682249

26 3 0.0680903

27 3 0.0676869

28 3 0.0670165

29 3 0.0660815

30 3 0.0648857

31 3 0.0634339

32 3 0.0617317

33 3 0.0597859

34 3 0.0576042

35 3 0.0551951

36 3 0.0525682

37 3 0.0497338

38 3 0.0467032

39 3 0.0434882

40 3 0.0401016

41 3 0.0365567

42 3 0.0328676

43 3 0.0290488

44 3 0.0251153

45 3 0.0210827

46 3 0.0169668

47 3 0.0127841

48 3 0.00855085

49 3 0.00428388

50 3 0

0 4 0

1 4 0.0056855

2 4 0.0113486

3 4 0.0169668

4 4 0.0225182

5 4 0.0279806

6 4 0.0333326

7 4 0.0385531

8 4 0.0436214

9 4 0.0485176

10 4 0.0532223

11 4 0.0577169

12 4 0.0619838

13 4 0.066006

14 4 0.0697678

15 4 0.0732542

16 4 0.0764515

17 4 0.0793471

18 4 0.0819295

19 4 0.0841886

20 4 0.0861155

21 4 0.0877024

22 4 0.0889433

23 4 0.0898332

24 4 0.0903685

25 4 0.0905471

26 4 0.0903685

27 4 0.0898332

28 4 0.0889433

29 4 0.0877024

30 4 0.0861155

31 4 0.0841886

32 4 0.0819295

33 4 0.0793471

34 4 0.0764515

35 4 0.0732542

36 4 0.0697678

37 4 0.066006

38 4 0.0619838

39 4 0.0577169

40 4 0.0532223

41 4 0.0485176

42 4 0.0436214

43 4 0.0385531

44 4 0.0333326

45 4 0.0279806

46 4 0.0225182

47 4 0.0169668

48 4 0.0113486

49 4 0.0056855

50 4 0

0 5 0

1 5 0.00706469

2 5 0.0141015

3 5 0.0210827

4 5 0.0279806

5 5 0.0347681

6 5 0.0414184

7 5 0.0479053

8 5 0.0542031

9 5 0.060287

10 5 0.0661329

11 5 0.0717179

12 5 0.0770198

13 5 0.0820177

14 5 0.086692

15 5 0.0910242

16 5 0.0949971

17 5 0.0985951

18 5 0.101804

19 5 0.104611

20 5 0.107005

21 5 0.108977

22 5 0.110519

23 5 0.111625

24 5 0.11229

25 5 0.112512

26 5 0.11229

27 5 0.111625

28 5 0.110519

29 5 0.108977

30 5 0.107005

31 5 0.104611

32 5 0.101804

33 5 0.0985951

34 5 0.0949971

35 5 0.0910242

36 5 0.086692

37 5 0.0820177

38 5 0.0770198

39 5 0.0717179

40 5 0.0661329

41 5 0.060287

42 5 0.0542031

43 5 0.0479053

44 5 0.0414184

45 5 0.0347681

46 5 0.0279806

47 5 0.0210827

48 5 0.0141015

49 5 0.00706469

50 5 0

0 6 0

1 6 0.008416

2 6 0.0167988

3 6 0.0251153

4 6 0.0333326

5 6 0.0414184

6 6 0.0493408

7 6 0.0570684

8 6 0.0645708

9 6 0.0718184

10 6 0.0787826

11 6 0.0854358

12 6 0.0917518

13 6 0.0977058

14 6 0.103274

15 6 0.108435

16 6 0.113168

17 6 0.117454

18 6 0.121277

19 6 0.124621

20 6 0.127473

21 6 0.129822

22 6 0.131659

23 6 0.132976

24 6 0.133768

25 6 0.134033

26 6 0.133768

27 6 0.132976

28 6 0.131659

29 6 0.129822

30 6 0.127473

31 6 0.124621

32 6 0.121277

33 6 0.117454

34 6 0.113168

35 6 0.108435

36 6 0.103274

37 6 0.0977058

38 6 0.0917518

39 6 0.0854358

40 6 0.0787826

41 6 0.0718184

42 6 0.0645708

43 6 0.0570684

44 6 0.0493408

45 6 0.0414184

46 6 0.0333326

47 6 0.0251153

48 6 0.0167988

49 6 0.008416

50 6 0

0 7 0

1 7 0.00973409

2 7 0.0194298

3 7 0.0290488

4 7 0.0385531

5 7 0.0479053

6 7 0.0570684

7 7 0.0660063

8 7 0.0746838

9 7 0.0830664

10 7 0.0911213

11 7 0.0988165

12 7 0.106122

13 7 0.113008

14 7 0.119449

15 7 0.125418

16 7 0.130892

17 7 0.135849

18 7 0.140271

19 7 0.144138

20 7 0.147437

21 7 0.150154

22 7 0.152279

23 7 0.153802

24 7 0.154719

25 7 0.155025

26 7 0.154719

27 7 0.153802

28 7 0.152279

29 7 0.150154

30 7 0.147437

31 7 0.144138

32 7 0.140271

33 7 0.135849

34 7 0.130892

35 7 0.125418

36 7 0.119449

37 7 0.113008

38 7 0.106122

39 7 0.0988165

40 7 0.0911213

41 7 0.0830664

42 7 0.0746838

43 7 0.0660063

44 7 0.0570684

45 7 0.0479053

46 7 0.0385531

47 7 0.0290488

48 7 0.0194298

49 7 0.00973409

50 7 0

0 8 0

1 8 0.0110138

2 8 0.0219841

3 8 0.0328676

4 8 0.0436214

5 8 0.0542031

6 8 0.0645708

7 8 0.0746838

8 8 0.0845019

9 8 0.0939866

10 8 0.1031

11 8 0.111807

12 8 0.120073

13 8 0.127865

14 8 0.135152

15 8 0.141906

16 8 0.148099

17 8 0.153708

18 8 0.158711

19 8 0.163087

20 8 0.16682

21 8 0.169894

22 8 0.172298

23 8 0.174022

24 8 0.175059

25 8 0.175405

26 8 0.175059

27 8 0.174022

28 8 0.172298

29 8 0.169894

30 8 0.16682

31 8 0.163087

32 8 0.158711

33 8 0.153708

34 8 0.148099

35 8 0.141906

36 8 0.135152

37 8 0.127865

38 8 0.120073

39 8 0.111807

40 8 0.1031

41 8 0.0939866

42 8 0.0845019

43 8 0.0746838

44 8 0.0645708

45 8 0.0542031

46 8 0.0436214

47 8 0.0328676

48 8 0.0219841

49 8 0.0110138

50 8 0

0 9 0

1 9 0.01225

2 9 0.0244516

3 9 0.0365567

4 9 0.0485176

5 9 0.060287

6 9 0.0718184

7 9 0.0830664

8 9 0.0939866

9 9 0.104536

10 9 0.114673

11 9 0.124357

12 9 0.13355

13 9 0.142216

14 9 0.150322

15 9 0.157833

16 9 0.164722

17 9 0.170961

18 9 0.176525

19 9 0.181393

20 9 0.185544

21 9 0.188964

22 9 0.191637

23 9 0.193554

24 9 0.194708

25 9 0.195093

26 9 0.194708

27 9 0.193554

28 9 0.191637

29 9 0.188964

30 9 0.185544

31 9 0.181393

32 9 0.176525

33 9 0.170961

34 9 0.164722

35 9 0.157833

36 9 0.150322

37 9 0.142216

38 9 0.13355

39 9 0.124357

40 9 0.114673

41 9 0.104536

42 9 0.0939866

43 9 0.0830664

44 9 0.0718184

45 9 0.060287

46 9 0.0485176

47 9 0.0365567

48 9 0.0244516

49 9 0.01225

50 9 0

0 10 0

1 10 0.0134378

2 10 0.0268226

3 10 0.0401016

4 10 0.0532223

5 10 0.0661329

6 10 0.0787826

7 10 0.0911213

8 10 0.1031

9 10 0.114673

10 10 0.125792

11 10 0.136416

12 10 0.1465

13 10 0.156007

14 10 0.164898

15 10 0.173138

16 10 0.180695

17 10 0.187539

18 10 0.193643

19 10 0.198982

20 10 0.203536

21 10 0.207287

22 10 0.21022

23 10 0.212323

24 10 0.213588

25 10 0.214011

26 10 0.213588

27 10 0.212323

28 10 0.21022

29 10 0.207287

30 10 0.203536

31 10 0.198982

32 10 0.193643

33 10 0.187539

34 10 0.180695

35 10 0.173138

36 10 0.164898

37 10 0.156007

38 10 0.1465

39 10 0.136416

40 10 0.125792

41 10 0.114673

42 10 0.1031

43 10 0.0911213

44 10 0.0787826

45 10 0.0661329

46 10 0.0532223

47 10 0.0401016

48 10 0.0268226

49 10 0.0134378

50 10 0

0 11 0

1 11 0.0145727

2 11 0.0290878

3 11 0.0434882

4 11 0.0577169

5 11 0.0717179

6 11 0.0854358

7 11 0.0988165

8 11 0.111807

9 11 0.124357

10 11 0.136416

11 11 0.147936

12 11 0.158872

13 11 0.169182

14 11 0.178824

15 11 0.18776

16 11 0.195955

17 11 0.203377

18 11 0.209996

19 11 0.215786

20 11 0.220725

21 11 0.224793

22 11 0.227973

23 11 0.230254

24 11 0.231626

25 11 0.232084

26 11 0.231626

27 11 0.230254

28 11 0.227973

29 11 0.224793

30 11 0.220725

31 11 0.215786

32 11 0.209996

33 11 0.203377

34 11 0.195955

35 11 0.18776

36 11 0.178824

37 11 0.169182

38 11 0.158872

39 11 0.147936

40 11 0.136416

41 11 0.124357

42 11 0.111807

43 11 0.0988165

44 11 0.0854358

45 11 0.0717179

46 11 0.0577169

47 11 0.0434882

48 11 0.0290878

49 11 0.0145727

50 11 0

0 12 0

1 12 0.01565

2 12 0.0312382

3 12 0.0467032

4 12 0.0619838

5 12 0.0770198

6 12 0.0917518

7 12 0.106122

8 12 0.120073

9 12 0.13355

10 12 0.1465

11 12 0.158872

12 12 0.170617

13 12 0.181689

14 12 0.192044

15 12 0.20164

16 12 0.210441

17 12 0.218412

18 12 0.22552

19 12 0.231739

20 12 0.237043

21 12 0.241411

22 12 0.244827

23 12 0.247276

24 12 0.248749

25 12 0.249241

26 12 0.248749

27 12 0.247276

28 12 0.244827

29 12 0.241411

30 12 0.237043

31 12 0.231739

32 12 0.22552

33 12 0.218412

34 12 0.210441

35 12 0.20164

36 12 0.192044

37 12 0.181689

38 12 0.170617

39 12 0.158872

40 12 0.1465

41 12 0.13355

42 12 0.120073

43 12 0.106122

44 12 0.0917518

45 12 0.0770198

46 12 0.0619838

47 12 0.0467032

48 12 0.0312382

49 12 0.01565

50 12 0

0 13 0

1 13 0.0166655

2 13 0.0332653

3 13 0.0497338

4 13 0.066006

5 13 0.0820177

6 13 0.0977058

7 13 0.113008

8 13 0.127865

9 13 0.142216

10 13 0.156007

11 13 0.169182

12 13 0.181689

13 13 0.193479

14 13 0.204506

15 13 0.214725

16 13 0.224097

17 13 0.232585

18 13 0.240155

19 13 0.246777

20 13 0.252425

21 13 0.257077

22 13 0.260714

23 13 0.263322

24 13 0.264891

25 13 0.265415

26 13 0.264891

27 13 0.263322

28 13 0.260714

29 13 0.257077

30 13 0.252425

31 13 0.246777

32 13 0.240155

33 13 0.232585

34 13 0.224097

35 13 0.214725

36 13 0.204506

37 13 0.193479

38 13 0.181689

39 13 0.169182

40 13 0.156007

41 13 0.142216

42 13 0.127865

43 13 0.113008

44 13 0.0977058

45 13 0.0820177

46 13 0.066006

47 13 0.0497338

48 13 0.0332653

49 13 0.0166655

50 13 0

0 14 0

1 14 0.0176153

2 14 0.0351611

3 14 0.0525682

4 14 0.0697678

5 14 0.086692

6 14 0.103274

7 14 0.119449

8 14 0.135152

9 14 0.150322

10 14 0.164898

11 14 0.178824

12 14 0.192044

13 14 0.204506

14 14 0.216161

15 14 0.226963

16 14 0.236869

17 14 0.24584

18 14 0.253841

19 14 0.260841

20 14 0.266811

21 14 0.271728

22 14 0.275572

23 14 0.278329

24 14 0.279988

25 14 0.280541

26 14 0.279988

27 14 0.278329

28 14 0.275572

29 14 0.271728

30 14 0.266811

31 14 0.260841

32 14 0.253841

33 14 0.24584

34 14 0.236869

35 14 0.226963

36 14 0.216161

37 14 0.204506

38 14 0.192044

39 14 0.178824

40 14 0.164898

41 14 0.150322

42 14 0.135152

43 14 0.119449

44 14 0.103274

45 14 0.086692

46 14 0.0697678

47 14 0.0525682

48 14 0.0351611

49 14 0.0176153

50 14 0

0 15 0

1 15 0.0184956

2 15 0.0369182

3 15 0.0551951

4 15 0.0732542

5 15 0.0910242

6 15 0.108435

7 15 0.125418

8 15 0.141906

9 15 0.157833

10 15 0.173138

11 15 0.18776

12 15 0.20164

13 15 0.214725

14 15 0.226963

15 15 0.238304

16 15 0.248706

17 15 0.258125

18 15 0.266526

19 15 0.273875

20 15 0.280144

21 15 0.285306

22 15 0.289343

23 15 0.292238

24 15 0.293979

25 15 0.29456

26 15 0.293979

27 15 0.292238

28 15 0.289343

29 15 0.285306

30 15 0.280144

31 15 0.273875

32 15 0.266526

33 15 0.258125

34 15 0.248706

35 15 0.238304

36 15 0.226963

37 15 0.214725

38 15 0.20164

39 15 0.18776

40 15 0.173138

41 15 0.157833

42 15 0.141906

43 15 0.125418

44 15 0.108435

45 15 0.0910242

46 15 0.0732542

47 15 0.0551951

48 15 0.0369182

49 15 0.0184956

50 15 0

0 16 0

1 16 0.0193029

2 16 0.0385296

3 16 0.0576042

4 16 0.0764515

5 16 0.0949971

6 16 0.113168

7 16 0.130892

8 16 0.148099

9 16 0.164722

10 16 0.180695

11 16 0.195955

12 16 0.210441

13 16 0.224097

14 16 0.236869

15 16 0.248706

16 16 0.259561

17 16 0.269392

18 16 0.278159

19 16 0.285829

20 16 0.292371

21 16 0.297759

22 16 0.301972

23 16 0.304993

24 16 0.30681

25 16 0.307417

26 16 0.30681

27 16 0.304993

28 16 0.301972

29 16 0.297759

30 16 0.292371

31 16 0.285829

32 16 0.278159

33 16 0.269392

34 16 0.259561

35 16 0.248706

36 16 0.236869

37 16 0.224097

38 16 0.210441

39 16 0.195955

40 16 0.180695

41 16 0.164722

42 16 0.148099

43 16 0.130892

44 16 0.113168

45 16 0.0949971

46 16 0.0764515

47 16 0.0576042

48 16 0.0385296

49 16 0.0193029

50 16 0

0 17 0

1 17 0.020034

2 17 0.0399889

3 17 0.0597859

4 17 0.0793471

5 17 0.0985951

6 17 0.117454

7 17 0.135849

8 17 0.153708

9 17 0.170961

10 17 0.187539

11 17 0.203377

12 17 0.218412

13 17 0.232585

14 17 0.24584

15 17 0.258125

16 17 0.269392

17 17 0.279595

18 17 0.288694

19 17 0.296655

20 17 0.303444

21 17 0.309036

22 17 0.313409

23 17 0.316544

24 17 0.318431

25 17 0.31906

26 17 0.318431

27 17 0.316544

28 17 0.313409

29 17 0.309036

30 17 0.303444

31 17 0.296655

32 17 0.288694

33 17 0.279595

34 17 0.269392

35 17 0.258125

36 17 0.24584

37 17 0.232585

38 17 0.218412

39 17 0.203377

40 17 0.187539

41 17 0.170961

42 17 0.153708

43 17 0.135849

44 17 0.117454

45 17 0.0985951

46 17 0.0793471

47 17 0.0597859

48 17 0.0399889

49 17 0.020034

50 17 0

0 18 0

1 18 0.020686

2 18 0.0412903

3 18 0.0617317

4 18 0.0819295

5 18 0.101804

6 18 0.121277

7 18 0.140271

8 18 0.158711

9 18 0.176525

10 18 0.193643

11 18 0.209996

12 18 0.22552

13 18 0.240155

14 18 0.253841

15 18 0.266526

16 18 0.278159

17 18 0.288694

18 18 0.29809

19 18 0.30631

20 18 0.31332

21 18 0.319094

22 18 0.323609

23 18 0.326847

24 18 0.328794

25 18 0.329444

26 18 0.328794

27 18 0.326847

28 18 0.323609

29 18 0.319094

30 18 0.31332

31 18 0.30631

32 18 0.29809

33 18 0.288694

34 18 0.278159

35 18 0.266526

36 18 0.253841

37 18 0.240155

38 18 0.22552

39 18 0.209996

40 18 0.193643

41 18 0.176525

42 18 0.158711

43 18 0.140271

44 18 0.121277

45 18 0.101804

46 18 0.0819295

47 18 0.0617317

48 18 0.0412903

49 18 0.020686

50 18 0

0 19 0

1 19 0.0212564

2 19 0.0424289

3 19 0.0634339

4 19 0.0841886

5 19 0.104611

6 19 0.124621

7 19 0.144138

8 19 0.163087

9 19 0.181393

10 19 0.198982

11 19 0.215786

12 19 0.231739

13 19 0.246777

14 19 0.260841

15 19 0.273875

16 19 0.285829

17 19 0.296655

18 19 0.30631

19 19 0.314756

20 19 0.32196

21 19 0.327893

22 19 0.332532

23 19 0.335859

24 19 0.33786

25 19 0.338528

26 19 0.33786

27 19 0.335859

28 19 0.332532

29 19 0.327893

30 19 0.32196

31 19 0.314756

32 19 0.30631

33 19 0.296655

34 19 0.285829

35 19 0.273875

36 19 0.260841

37 19 0.246777

38 19 0.231739

39 19 0.215786

40 19 0.198982

41 19 0.181393

42 19 0.163087

43 19 0.144138

44 19 0.124621

45 19 0.104611

46 19 0.0841886

47 19 0.0634339

48 19 0.0424289

49 19 0.0212564

50 19 0

0 20 0

1 20 0.0217429

2 20 0.0433999

3 20 0.0648857

4 20 0.0861155

5 20 0.107005

6 20 0.127473

7 20 0.147437

8 20 0.16682

9 20 0.185544

10 20 0.203536

11 20 0.220725

12 20 0.237043

13 20 0.252425

14 20 0.266811

15 20 0.280144

16 20 0.292371

17 20 0.303444

18 20 0.31332

19 20 0.32196

20 20 0.329328

21 20 0.335398

22 20 0.340143

23 20 0.343546

24 20 0.345593

25 20 0.346276

26 20 0.345593

27 20 0.343546

28 20 0.340143

29 20 0.335398

30 20 0.329328

31 20 0.32196

32 20 0.31332

33 20 0.303444

34 20 0.292371

35 20 0.280144

36 20 0.266811

37 20 0.252425

38 20 0.237043

39 20 0.220725

40 20 0.203536

41 20 0.185544

42 20 0.16682

43 20 0.147437

44 20 0.127473

45 20 0.107005

46 20 0.0861155

47 20 0.0648857

48 20 0.0433999

49 20 0.0217429

50 20 0

0 21 0

1 21 0.0221436

2 21 0.0441997

3 21 0.0660815

4 21 0.0877024

5 21 0.108977

6 21 0.129822

7 21 0.150154

8 21 0.169894

9 21 0.188964

10 21 0.207287

11 21 0.224793

12 21 0.241411

13 21 0.257077

14 21 0.271728

15 21 0.285306

16 21 0.297759

17 21 0.309036

18 21 0.319094

19 21 0.327893

20 21 0.335398

21 21 0.341578

22 21 0.346411

23 21 0.349877

24 21 0.351962

25 21 0.352658

26 21 0.351962

27 21 0.349877

28 21 0.346411

29 21 0.341578

30 21 0.335398

31 21 0.327893

32 21 0.319094

33 21 0.309036

34 21 0.297759

35 21 0.285306

36 21 0.271728

37 21 0.257077

38 21 0.241411

39 21 0.224793

40 21 0.207287

41 21 0.188964

42 21 0.169894

43 21 0.150154

44 21 0.129822

45 21 0.108977

46 21 0.0877024

47 21 0.0660815

48 21 0.0441997

49 21 0.0221436

50 21 0

0 22 0

1 22 0.0224569

2 22 0.0448251

3 22 0.0670165

4 22 0.0889433

5 22 0.110519

6 22 0.131659

7 22 0.152279

8 22 0.172298

9 22 0.191637

10 22 0.21022

11 22 0.227973

12 22 0.244827

13 22 0.260714

14 22 0.275572

15 22 0.289343

16 22 0.301972

17 22 0.313409

18 22 0.323609

19 22 0.332532

20 22 0.340143

21 22 0.346411

22 22 0.351313

23 22 0.354827

24 22 0.356942

25 22 0.357647

26 22 0.356942

27 22 0.354827

28 22 0.351313

29 22 0.346411

30 22 0.340143

31 22 0.332532

32 22 0.323609

33 22 0.313409

34 22 0.301972

35 22 0.289343

36 22 0.275572

37 22 0.260714

38 22 0.244827

39 22 0.227973

40 22 0.21022

41 22 0.191637

42 22 0.172298

43 22 0.152279

44 22 0.131659

45 22 0.110519

46 22 0.0889433

47 22 0.0670165

48 22 0.0448251

49 22 0.0224569

50 22 0

0 23 0

1 23 0.0226815

2 23 0.0452736

3 23 0.0676869

4 23 0.0898332

5 23 0.111625

6 23 0.132976

7 23 0.153802

8 23 0.174022

9 23 0.193554

10 23 0.212323

11 23 0.230254

12 23 0.247276

13 23 0.263322

14 23 0.278329

15 23 0.292238

16 23 0.304993

17 23 0.316544

18 23 0.326847

19 23 0.335859

20 23 0.343546

21 23 0.349877

22 23 0.354827

23 23 0.358377

24 23 0.360513

25 23 0.361226

26 23 0.360513

27 23 0.358377

28 23 0.354827

29 23 0.349877

30 23 0.343546

31 23 0.335859

32 23 0.326847

33 23 0.316544

34 23 0.304993

35 23 0.292238

36 23 0.278329

37 23 0.263322

38 23 0.247276

39 23 0.230254

40 23 0.212323

41 23 0.193554

42 23 0.174022

43 23 0.153802

44 23 0.132976

45 23 0.111625

46 23 0.0898332

47 23 0.0676869

48 23 0.0452736

49 23 0.0226815

50 23 0

0 24 0

1 24 0.0228167

2 24 0.0455434

3 24 0.0680903

4 24 0.0903685

5 24 0.11229

6 24 0.133768

7 24 0.154719

8 24 0.175059

9 24 0.194708

10 24 0.213588

11 24 0.231626

12 24 0.248749

13 24 0.264891

14 24 0.279988

15 24 0.293979

16 24 0.30681

17 24 0.318431

18 24 0.328794

19 24 0.33786

20 24 0.345593

21 24 0.351962

22 24 0.356942

23 24 0.360513

24 24 0.362661

25 24 0.363378

26 24 0.362661

27 24 0.360513

28 24 0.356942

29 24 0.351962

30 24 0.345593

31 24 0.33786

32 24 0.328794

33 24 0.318431

34 24 0.30681

35 24 0.293979

36 24 0.279988

37 24 0.264891

38 24 0.248749

39 24 0.231626

40 24 0.213588

41 24 0.194708

42 24 0.175059

43 24 0.154719

44 24 0.133768

45 24 0.11229

46 24 0.0903685

47 24 0.0680903

48 24 0.0455434

49 24 0.0228167

50 24 0

0 25 0

1 25 0.0228618

2 25 0.0456334

3 25 0.0682249

4 25 0.0905471

5 25 0.112512

6 25 0.134033

7 25 0.155025

8 25 0.175405

9 25 0.195093

10 25 0.214011

11 25 0.232084

12 25 0.249241

13 25 0.265415

14 25 0.280541

15 25 0.29456

16 25 0.307417

17 25 0.31906

18 25 0.329444

19 25 0.338528

20 25 0.346276

21 25 0.352658

22 25 0.357647

23 25 0.361226

24 25 0.363378

25 25 0.364097

26 25 0.363378

27 25 0.361226

28 25 0.357647

29 25 0.352658

30 25 0.346276

31 25 0.338528

32 25 0.329444

33 25 0.31906

34 25 0.307417

35 25 0.29456

36 25 0.280541

37 25 0.265415

38 25 0.249241

39 25 0.232084

40 25 0.214011

41 25 0.195093

42 25 0.175405

43 25 0.155025

44 25 0.134033

45 25 0.112512

46 25 0.0905471

47 25 0.0682249

48 25 0.0456334

49 25 0.0228618

50 25 0

0 26 0

1 26 0.0228167

2 26 0.0455434

3 26 0.0680903

4 26 0.0903685

5 26 0.11229

6 26 0.133768

7 26 0.154719

8 26 0.175059

9 26 0.194708

10 26 0.213588

11 26 0.231626

12 26 0.248749

13 26 0.264891

14 26 0.279988

15 26 0.293979

16 26 0.30681

17 26 0.318431

18 26 0.328794

19 26 0.33786

20 26 0.345593

21 26 0.351962

22 26 0.356942

23 26 0.360513

24 26 0.362661

25 26 0.363378

26 26 0.362661

27 26 0.360513

28 26 0.356942

29 26 0.351962

30 26 0.345593

31 26 0.33786

32 26 0.328794

33 26 0.318431

34 26 0.30681

35 26 0.293979

36 26 0.279988

37 26 0.264891

38 26 0.248749

39 26 0.231626

40 26 0.213588

41 26 0.194708

42 26 0.175059

43 26 0.154719

44 26 0.133768

45 26 0.11229

46 26 0.0903685

47 26 0.0680903

48 26 0.0455434

49 26 0.0228167

50 26 0

0 27 0

1 27 0.0226815

2 27 0.0452736

3 27 0.0676869

4 27 0.0898332

5 27 0.111625

6 27 0.132976

7 27 0.153802

8 27 0.174022

9 27 0.193554

10 27 0.212323

11 27 0.230254

12 27 0.247276

13 27 0.263322

14 27 0.278329

15 27 0.292238

16 27 0.304993

17 27 0.316544

18 27 0.326847

19 27 0.335859

20 27 0.343546

21 27 0.349877

22 27 0.354827

23 27 0.358377

24 27 0.360513

25 27 0.361226

26 27 0.360513

27 27 0.358377

28 27 0.354827

29 27 0.349877

30 27 0.343546

31 27 0.335859

32 27 0.326847

33 27 0.316544

34 27 0.304993

35 27 0.292238

36 27 0.278329

37 27 0.263322

38 27 0.247276

39 27 0.230254

40 27 0.212323

41 27 0.193554

42 27 0.174022

43 27 0.153802

44 27 0.132976

45 27 0.111625

46 27 0.0898332

47 27 0.0676869

48 27 0.0452736

49 27 0.0226815

50 27 0

0 28 0

1 28 0.0224569

2 28 0.0448251

3 28 0.0670165

4 28 0.0889433

5 28 0.110519

6 28 0.131659

7 28 0.152279

8 28 0.172298

9 28 0.191637

10 28 0.21022

11 28 0.227973

12 28 0.244827

13 28 0.260714

14 28 0.275572

15 28 0.289343

16 28 0.301972

17 28 0.313409

18 28 0.323609

19 28 0.332532

20 28 0.340143

21 28 0.346411

22 28 0.351313

23 28 0.354827

24 28 0.356942

25 28 0.357647

26 28 0.356942

27 28 0.354827

28 28 0.351313

29 28 0.346411

30 28 0.340143

31 28 0.332532

32 28 0.323609

33 28 0.313409

34 28 0.301972

35 28 0.289343

36 28 0.275572

37 28 0.260714

38 28 0.244827

39 28 0.227973

40 28 0.21022

41 28 0.191637

42 28 0.172298

43 28 0.152279

44 28 0.131659

45 28 0.110519

46 28 0.0889433

47 28 0.0670165

48 28 0.0448251

49 28 0.0224569

50 28 0

0 29 0

1 29 0.0221436

2 29 0.0441997

3 29 0.0660815

4 29 0.0877024

5 29 0.108977

6 29 0.129822

7 29 0.150154

8 29 0.169894

9 29 0.188964

10 29 0.207287

11 29 0.224793

12 29 0.241411

13 29 0.257077

14 29 0.271728

15 29 0.285306

16 29 0.297759

17 29 0.309036

18 29 0.319094

19 29 0.327893

20 29 0.335398

21 29 0.341578

22 29 0.346411

23 29 0.349877

24 29 0.351962

25 29 0.352658

26 29 0.351962

27 29 0.349877

28 29 0.346411

29 29 0.341578

30 29 0.335398

31 29 0.327893

32 29 0.319094

33 29 0.309036

34 29 0.297759

35 29 0.285306

36 29 0.271728

37 29 0.257077

38 29 0.241411

39 29 0.224793

40 29 0.207287

41 29 0.188964

42 29 0.169894

43 29 0.150154

44 29 0.129822

45 29 0.108977

46 29 0.0877024

47 29 0.0660815

48 29 0.0441997

49 29 0.0221436

50 29 0

0 30 0

1 30 0.0217429

2 30 0.0433999

3 30 0.0648857

4 30 0.0861155

5 30 0.107005

6 30 0.127473

7 30 0.147437

8 30 0.16682

9 30 0.185544

10 30 0.203536

11 30 0.220725

12 30 0.237043

13 30 0.252425

14 30 0.266811

15 30 0.280144

16 30 0.292371

17 30 0.303444

18 30 0.31332

19 30 0.32196

20 30 0.329328

21 30 0.335398

22 30 0.340143

23 30 0.343546

24 30 0.345593

25 30 0.346276

26 30 0.345593

27 30 0.343546

28 30 0.340143

29 30 0.335398

30 30 0.329328

31 30 0.32196

32 30 0.31332

33 30 0.303444

34 30 0.292371

35 30 0.280144

36 30 0.266811

37 30 0.252425

38 30 0.237043

39 30 0.220725

40 30 0.203536

41 30 0.185544

42 30 0.16682

43 30 0.147437

44 30 0.127473

45 30 0.107005

46 30 0.0861155

47 30 0.0648857

48 30 0.0433999

49 30 0.0217429

50 30 0

0 31 0

1 31 0.0212564

2 31 0.0424289

3 31 0.0634339

4 31 0.0841886

5 31 0.104611

6 31 0.124621

7 31 0.144138

8 31 0.163087

9 31 0.181393

10 31 0.198982

11 31 0.215786

12 31 0.231739

13 31 0.246777

14 31 0.260841

15 31 0.273875

16 31 0.285829

17 31 0.296655

18 31 0.30631

19 31 0.314756

20 31 0.32196

21 31 0.327893

22 31 0.332532

23 31 0.335859

24 31 0.33786

25 31 0.338528

26 31 0.33786

27 31 0.335859

28 31 0.332532

29 31 0.327893

30 31 0.32196

31 31 0.314756

32 31 0.30631

33 31 0.296655

34 31 0.285829

35 31 0.273875

36 31 0.260841

37 31 0.246777

38 31 0.231739

39 31 0.215786

40 31 0.198982

41 31 0.181393

42 31 0.163087

43 31 0.144138

44 31 0.124621

45 31 0.104611

46 31 0.0841886

47 31 0.0634339

48 31 0.0424289

49 31 0.0212564

50 31 0

0 32 0

1 32 0.020686

2 32 0.0412903

3 32 0.0617317

4 32 0.0819295

5 32 0.101804

6 32 0.121277

7 32 0.140271

8 32 0.158711

9 32 0.176525

10 32 0.193643

11 32 0.209996

12 32 0.22552

13 32 0.240155

14 32 0.253841

15 32 0.266526

16 32 0.278159

17 32 0.288694

18 32 0.29809

19 32 0.30631

20 32 0.31332

21 32 0.319094

22 32 0.323609

23 32 0.326847

24 32 0.328794

25 32 0.329444

26 32 0.328794

27 32 0.326847

28 32 0.323609

29 32 0.319094

30 32 0.31332

31 32 0.30631

32 32 0.29809

33 32 0.288694

34 32 0.278159

35 32 0.266526

36 32 0.253841

37 32 0.240155

38 32 0.22552

39 32 0.209996

40 32 0.193643

41 32 0.176525

42 32 0.158711

43 32 0.140271

44 32 0.121277

45 32 0.101804

46 32 0.0819295

47 32 0.0617317

48 32 0.0412903

49 32 0.020686

50 32 0

0 33 0

1 33 0.020034

2 33 0.0399889

3 33 0.0597859

4 33 0.0793471

5 33 0.0985951

6 33 0.117454

7 33 0.135849

8 33 0.153708

9 33 0.170961

10 33 0.187539

11 33 0.203377

12 33 0.218412

13 33 0.232585

14 33 0.24584

15 33 0.258125

16 33 0.269392

17 33 0.279595

18 33 0.288694

19 33 0.296655

20 33 0.303444

21 33 0.309036

22 33 0.313409

23 33 0.316544

24 33 0.318431

25 33 0.31906

26 33 0.318431

27 33 0.316544

28 33 0.313409

29 33 0.309036

30 33 0.303444

31 33 0.296655

32 33 0.288694

33 33 0.279595

34 33 0.269392

35 33 0.258125

36 33 0.24584

37 33 0.232585

38 33 0.218412

39 33 0.203377

40 33 0.187539

41 33 0.170961

42 33 0.153708

43 33 0.135849

44 33 0.117454

45 33 0.0985951

46 33 0.0793471

47 33 0.0597859

48 33 0.0399889

49 33 0.020034

50 33 0

0 34 0

1 34 0.0193029

2 34 0.0385296

3 34 0.0576042

4 34 0.0764515

5 34 0.0949971

6 34 0.113168

7 34 0.130892

8 34 0.148099

9 34 0.164722

10 34 0.180695

11 34 0.195955

12 34 0.210441

13 34 0.224097

14 34 0.236869

15 34 0.248706

16 34 0.259561

17 34 0.269392

18 34 0.278159

19 34 0.285829

20 34 0.292371

21 34 0.297759

22 34 0.301972

23 34 0.304993

24 34 0.30681

25 34 0.307417

26 34 0.30681

27 34 0.304993

28 34 0.301972

29 34 0.297759

30 34 0.292371

31 34 0.285829

32 34 0.278159

33 34 0.269392

34 34 0.259561

35 34 0.248706

36 34 0.236869

37 34 0.224097

38 34 0.210441

39 34 0.195955

40 34 0.180695

41 34 0.164722

42 34 0.148099

43 34 0.130892

44 34 0.113168

45 34 0.0949971

46 34 0.0764515

47 34 0.0576042

48 34 0.0385296

49 34 0.0193029

50 34 0

0 35 0

1 35 0.0184956

2 35 0.0369182

3 35 0.0551951

4 35 0.0732542

5 35 0.0910242

6 35 0.108435

7 35 0.125418

8 35 0.141906

9 35 0.157833

10 35 0.173138

11 35 0.18776

12 35 0.20164

13 35 0.214725

14 35 0.226963

15 35 0.238304

16 35 0.248706

17 35 0.258125

18 35 0.266526

19 35 0.273875

20 35 0.280144

21 35 0.285306

22 35 0.289343

23 35 0.292238

24 35 0.293979

25 35 0.29456

26 35 0.293979

27 35 0.292238

28 35 0.289343

29 35 0.285306

30 35 0.280144

31 35 0.273875

32 35 0.266526

33 35 0.258125

34 35 0.248706

35 35 0.238304

36 35 0.226963

37 35 0.214725

38 35 0.20164

39 35 0.18776

40 35 0.173138

41 35 0.157833

42 35 0.141906

43 35 0.125418

44 35 0.108435

45 35 0.0910242

46 35 0.0732542

47 35 0.0551951

48 35 0.0369182

49 35 0.0184956

50 35 0

0 36 0

1 36 0.0176153

2 36 0.0351611

3 36 0.0525682

4 36 0.0697678

5 36 0.086692

6 36 0.103274

7 36 0.119449

8 36 0.135152

9 36 0.150322

10 36 0.164898

11 36 0.178824

12 36 0.192044

13 36 0.204506

14 36 0.216161

15 36 0.226963

16 36 0.236869

17 36 0.24584

18 36 0.253841

19 36 0.260841

20 36 0.266811

21 36 0.271728

22 36 0.275572

23 36 0.278329

24 36 0.279988

25 36 0.280541

26 36 0.279988

27 36 0.278329

28 36 0.275572

29 36 0.271728

30 36 0.266811

31 36 0.260841

32 36 0.253841

33 36 0.24584

34 36 0.236869

35 36 0.226963

36 36 0.216161

37 36 0.204506

38 36 0.192044

39 36 0.178824

40 36 0.164898

41 36 0.150322

42 36 0.135152

43 36 0.119449

44 36 0.103274

45 36 0.086692

46 36 0.0697678

47 36 0.0525682

48 36 0.0351611

49 36 0.0176153

50 36 0

0 37 0

1 37 0.0166655

2 37 0.0332653

3 37 0.0497338

4 37 0.066006

5 37 0.0820177

6 37 0.0977058

7 37 0.113008

8 37 0.127865

9 37 0.142216

10 37 0.156007

11 37 0.169182

12 37 0.181689

13 37 0.193479

14 37 0.204506

15 37 0.214725

16 37 0.224097

17 37 0.232585

18 37 0.240155

19 37 0.246777

20 37 0.252425

21 37 0.257077

22 37 0.260714

23 37 0.263322

24 37 0.264891

25 37 0.265415

26 37 0.264891

27 37 0.263322

28 37 0.260714

29 37 0.257077

30 37 0.252425

31 37 0.246777

32 37 0.240155

33 37 0.232585

34 37 0.224097

35 37 0.214725

36 37 0.204506

37 37 0.193479

38 37 0.181689

39 37 0.169182

40 37 0.156007

41 37 0.142216

42 37 0.127865

43 37 0.113008

44 37 0.0977058

45 37 0.0820177

46 37 0.066006

47 37 0.0497338

48 37 0.0332653

49 37 0.0166655

50 37 0

0 38 0

1 38 0.01565

2 38 0.0312382

3 38 0.0467032

4 38 0.0619838

5 38 0.0770198

6 38 0.0917518

7 38 0.106122

8 38 0.120073

9 38 0.13355

10 38 0.1465

11 38 0.158872

12 38 0.170617

13 38 0.181689

14 38 0.192044

15 38 0.20164

16 38 0.210441

17 38 0.218412

18 38 0.22552

19 38 0.231739

20 38 0.237043

21 38 0.241411

22 38 0.244827

23 38 0.247276

24 38 0.248749

25 38 0.249241

26 38 0.248749

27 38 0.247276

28 38 0.244827

29 38 0.241411

30 38 0.237043

31 38 0.231739

32 38 0.22552

33 38 0.218412

34 38 0.210441

35 38 0.20164

36 38 0.192044

37 38 0.181689

38 38 0.170617

39 38 0.158872

40 38 0.1465

41 38 0.13355

42 38 0.120073

43 38 0.106122

44 38 0.0917518

45 38 0.0770198

46 38 0.0619838

47 38 0.0467032

48 38 0.0312382

49 38 0.01565

50 38 0

0 39 0

1 39 0.0145727

2 39 0.0290878

3 39 0.0434882

4 39 0.0577169

5 39 0.0717179

6 39 0.0854358

7 39 0.0988165

8 39 0.111807

9 39 0.124357

10 39 0.136416

11 39 0.147936

12 39 0.158872

13 39 0.169182

14 39 0.178824

15 39 0.18776

16 39 0.195955

17 39 0.203377

18 39 0.209996

19 39 0.215786

20 39 0.220725

21 39 0.224793

22 39 0.227973

23 39 0.230254

24 39 0.231626

25 39 0.232084

26 39 0.231626

27 39 0.230254

28 39 0.227973

29 39 0.224793

30 39 0.220725

31 39 0.215786

32 39 0.209996

33 39 0.203377

34 39 0.195955

35 39 0.18776

36 39 0.178824

37 39 0.169182

38 39 0.158872

39 39 0.147936

40 39 0.136416

41 39 0.124357

42 39 0.111807

43 39 0.0988165

44 39 0.0854358

45 39 0.0717179

46 39 0.0577169

47 39 0.0434882

48 39 0.0290878

49 39 0.0145727

50 39 0

0 40 0

1 40 0.0134378

2 40 0.0268226

3 40 0.0401016

4 40 0.0532223

5 40 0.0661329

6 40 0.0787826

7 40 0.0911213

8 40 0.1031

9 40 0.114673

10 40 0.125792

11 40 0.136416

12 40 0.1465

13 40 0.156007

14 40 0.164898

15 40 0.173138

16 40 0.180695

17 40 0.187539

18 40 0.193643

19 40 0.198982

20 40 0.203536

21 40 0.207287

22 40 0.21022

23 40 0.212323

24 40 0.213588

25 40 0.214011

26 40 0.213588

27 40 0.212323

28 40 0.21022

29 40 0.207287

30 40 0.203536

31 40 0.198982

32 40 0.193643

33 40 0.187539

34 40 0.180695

35 40 0.173138

36 40 0.164898

37 40 0.156007

38 40 0.1465

39 40 0.136416

40 40 0.125792

41 40 0.114673

42 40 0.1031

43 40 0.0911213

44 40 0.0787826

45 40 0.0661329

46 40 0.0532223

47 40 0.0401016

48 40 0.0268226

49 40 0.0134378

50 40 0

0 41 0

1 41 0.01225

2 41 0.0244516

3 41 0.0365567

4 41 0.0485176

5 41 0.060287

6 41 0.0718184

7 41 0.0830664

8 41 0.0939866

9 41 0.104536

10 41 0.114673

11 41 0.124357

12 41 0.13355

13 41 0.142216

14 41 0.150322

15 41 0.157833

16 41 0.164722

17 41 0.170961

18 41 0.176525

19 41 0.181393

20 41 0.185544

21 41 0.188964

22 41 0.191637

23 41 0.193554

24 41 0.194708

25 41 0.195093

26 41 0.194708

27 41 0.193554

28 41 0.191637

29 41 0.188964

30 41 0.185544

31 41 0.181393

32 41 0.176525

33 41 0.170961

34 41 0.164722

35 41 0.157833

36 41 0.150322

37 41 0.142216

38 41 0.13355

39 41 0.124357

40 41 0.114673

41 41 0.104536

42 41 0.0939866

43 41 0.0830664

44 41 0.0718184

45 41 0.060287

46 41 0.0485176

47 41 0.0365567

48 41 0.0244516

49 41 0.01225

50 41 0

0 42 0

1 42 0.0110138

2 42 0.0219841

3 42 0.0328676

4 42 0.0436214

5 42 0.0542031

6 42 0.0645708

7 42 0.0746838

8 42 0.0845019

9 42 0.0939866

10 42 0.1031

11 42 0.111807

12 42 0.120073

13 42 0.127865

14 42 0.135152

15 42 0.141906

16 42 0.148099

17 42 0.153708

18 42 0.158711

19 42 0.163087

20 42 0.16682

21 42 0.169894

22 42 0.172298

23 42 0.174022

24 42 0.175059

25 42 0.175405

26 42 0.175059

27 42 0.174022

28 42 0.172298

29 42 0.169894

30 42 0.16682

31 42 0.163087

32 42 0.158711

33 42 0.153708

34 42 0.148099

35 42 0.141906

36 42 0.135152

37 42 0.127865

38 42 0.120073

39 42 0.111807

40 42 0.1031

41 42 0.0939866

42 42 0.0845019

43 42 0.0746838

44 42 0.0645708

45 42 0.0542031

46 42 0.0436214

47 42 0.0328676

48 42 0.0219841

49 42 0.0110138

50 42 0

0 43 0

1 43 0.00973409

2 43 0.0194298

3 43 0.0290488

4 43 0.0385531

5 43 0.0479053

6 43 0.0570684

7 43 0.0660063

8 43 0.0746838

9 43 0.0830664

10 43 0.0911213

11 43 0.0988165

12 43 0.106122

13 43 0.113008

14 43 0.119449

15 43 0.125418

16 43 0.130892

17 43 0.135849

18 43 0.140271

19 43 0.144138

20 43 0.147437

21 43 0.150154

22 43 0.152279

23 43 0.153802

24 43 0.154719

25 43 0.155025

26 43 0.154719

27 43 0.153802

28 43 0.152279

29 43 0.150154

30 43 0.147437

31 43 0.144138

32 43 0.140271

33 43 0.135849

34 43 0.130892

35 43 0.125418

36 43 0.119449

37 43 0.113008

38 43 0.106122

39 43 0.0988165

40 43 0.0911213

41 43 0.0830664

42 43 0.0746838

43 43 0.0660063

44 43 0.0570684

45 43 0.0479053

46 43 0.0385531

47 43 0.0290488

48 43 0.0194298

49 43 0.00973409

50 43 0

0 44 0

1 44 0.008416

2 44 0.0167988

3 44 0.0251153

4 44 0.0333326

5 44 0.0414184

6 44 0.0493408

7 44 0.0570684

8 44 0.0645708

9 44 0.0718184

10 44 0.0787826

11 44 0.0854358

12 44 0.0917518

13 44 0.0977058

14 44 0.103274

15 44 0.108435

16 44 0.113168

17 44 0.117454

18 44 0.121277

19 44 0.124621

20 44 0.127473

21 44 0.129822

22 44 0.131659

23 44 0.132976

24 44 0.133768

25 44 0.134033

26 44 0.133768

27 44 0.132976

28 44 0.131659

29 44 0.129822

30 44 0.127473

31 44 0.124621

32 44 0.121277

33 44 0.117454

34 44 0.113168

35 44 0.108435

36 44 0.103274

37 44 0.0977058

38 44 0.0917518

39 44 0.0854358

40 44 0.0787826

41 44 0.0718184

42 44 0.0645708

43 44 0.0570684

44 44 0.0493408

45 44 0.0414184

46 44 0.0333326

47 44 0.0251153

48 44 0.0167988

49 44 0.008416

50 44 0

0 45 0

1 45 0.00706469

2 45 0.0141015

3 45 0.0210827

4 45 0.0279806

5 45 0.0347681

6 45 0.0414184

7 45 0.0479053

8 45 0.0542031

9 45 0.060287

10 45 0.0661329

11 45 0.0717179

12 45 0.0770198

13 45 0.0820177

14 45 0.086692

15 45 0.0910242

16 45 0.0949971

17 45 0.0985951

18 45 0.101804

19 45 0.104611

20 45 0.107005

21 45 0.108977

22 45 0.110519

23 45 0.111625

24 45 0.11229

25 45 0.112512

26 45 0.11229

27 45 0.111625

28 45 0.110519

29 45 0.108977

30 45 0.107005

31 45 0.104611

32 45 0.101804

33 45 0.0985951

34 45 0.0949971

35 45 0.0910242

36 45 0.086692

37 45 0.0820177

38 45 0.0770198

39 45 0.0717179

40 45 0.0661329

41 45 0.060287

42 45 0.0542031

43 45 0.0479053

44 45 0.0414184

45 45 0.0347681

46 45 0.0279806

47 45 0.0210827

48 45 0.0141015

49 45 0.00706469

50 45 0

0 46 0

1 46 0.0056855

2 46 0.0113486

3 46 0.0169668

4 46 0.0225182

5 46 0.0279806

6 46 0.0333326

7 46 0.0385531

8 46 0.0436214

9 46 0.0485176

10 46 0.0532223

11 46 0.0577169

12 46 0.0619838

13 46 0.066006

14 46 0.0697678

15 46 0.0732542

16 46 0.0764515

17 46 0.0793471

18 46 0.0819295

19 46 0.0841886

20 46 0.0861155

21 46 0.0877024

22 46 0.0889433

23 46 0.0898332

24 46 0.0903685

25 46 0.0905471

26 46 0.0903685

27 46 0.0898332

28 46 0.0889433

29 46 0.0877024

30 46 0.0861155

31 46 0.0841886

32 46 0.0819295

33 46 0.0793471

34 46 0.0764515

35 46 0.0732542

36 46 0.0697678

37 46 0.066006

38 46 0.0619838

39 46 0.0577169

40 46 0.0532223

41 46 0.0485176

42 46 0.0436214

43 46 0.0385531

44 46 0.0333326

45 46 0.0279806

46 46 0.0225182

47 46 0.0169668

48 46 0.0113486

49 46 0.0056855

50 46 0

0 47 0

1 47 0.00428388

2 47 0.00855085

3 47 0.0127841

4 47 0.0169668

5 47 0.0210827

6 47 0.0251153

7 47 0.0290488

8 47 0.0328676

9 47 0.0365567

10 47 0.0401016

11 47 0.0434882

12 47 0.0467032

13 47 0.0497338

14 47 0.0525682

15 47 0.0551951

16 47 0.0576042

17 47 0.0597859

18 47 0.0617317

19 47 0.0634339

20 47 0.0648857

21 47 0.0660815

22 47 0.0670165

23 47 0.0676869

24 47 0.0680903

25 47 0.0682249

26 47 0.0680903

27 47 0.0676869

28 47 0.0670165

29 47 0.0660815

30 47 0.0648857

31 47 0.0634339

32 47 0.0617317

33 47 0.0597859

34 47 0.0576042

35 47 0.0551951

36 47 0.0525682

37 47 0.0497338

38 47 0.0467032

39 47 0.0434882

40 47 0.0401016

41 47 0.0365567

42 47 0.0328676

43 47 0.0290488

44 47 0.0251153

45 47 0.0210827

46 47 0.0169668

47 47 0.0127841

48 47 0.00855085

49 47 0.00428388

50 47 0

0 48 0

1 48 0.00286535

2 48 0.00571938

3 48 0.00855085

4 48 0.0113486

5 48 0.0141015

6 48 0.0167988

7 48 0.0194298

8 48 0.0219841

9 48 0.0244516

10 48 0.0268226

11 48 0.0290878

12 48 0.0312382

13 48 0.0332653

14 48 0.0351611

15 48 0.0369182

16 48 0.0385296

17 48 0.0399889

18 48 0.0412903

19 48 0.0424289

20 48 0.0433999

21 48 0.0441997

22 48 0.0448251

23 48 0.0452736

24 48 0.0455434

25 48 0.0456334

26 48 0.0455434

27 48 0.0452736

28 48 0.0448251

29 48 0.0441997

30 48 0.0433999

31 48 0.0424289

32 48 0.0412903

33 48 0.0399889

34 48 0.0385296

35 48 0.0369182

36 48 0.0351611

37 48 0.0332653

38 48 0.0312382

39 48 0.0290878

40 48 0.0268226

41 48 0.0244516

42 48 0.0219841

43 48 0.0194298

44 48 0.0167988

45 48 0.0141015

46 48 0.0113486

47 48 0.00855085

48 48 0.00571938

49 48 0.00286535

50 48 0

0 49 0

1 49 0.00143551

2 49 0.00286535

3 49 0.00428388

4 49 0.0056855

5 49 0.00706469

6 49 0.008416

7 49 0.00973409

8 49 0.0110138

9 49 0.01225

10 49 0.0134378

11 49 0.0145727

12 49 0.01565

13 49 0.0166655

14 49 0.0176153

15 49 0.0184956

16 49 0.0193029

17 49 0.020034

18 49 0.020686

19 49 0.0212564

20 49 0.0217429

21 49 0.0221436

22 49 0.0224569

23 49 0.0226815

24 49 0.0228167

25 49 0.0228618

26 49 0.0228167

27 49 0.0226815

28 49 0.0224569

29 49 0.0221436

30 49 0.0217429

31 49 0.0212564

32 49 0.020686

33 49 0.020034

34 49 0.0193029

35 49 0.0184956

36 49 0.0176153

37 49 0.0166655

38 49 0.01565

39 49 0.0145727

40 49 0.0134378

41 49 0.01225

42 49 0.0110138

43 49 0.00973409

44 49 0.008416

45 49 0.00706469

46 49 0.0056855

47 49 0.00428388

48 49 0.00286535

49 49 0.00143551

50 49 0

