0 1 0

1 1 0.00056559

2 1 0.00112895

3 1 0.00168785

4 1 0.00224009

5 1 0.00278349

6 1 0.00331591

7 1 0.00383523

8 1 0.00433943

9 1 0.00482649

10 1 0.00529451

11 1 0.00574164

12 1 0.0061661

13 1 0.00656623

14 1 0.00694045

15 1 0.00728727

16 1 0.00760534

17 1 0.00789339

18 1 0.00815029

19 1 0.00837502

20 1 0.0085667

21 1 0.00872457

22 1 0.00884801

23 1 0.00893654

24 1 0.00898979

25 1 0.00900756

26 1 0.00898979

27 1 0.00893654

28 1 0.00884801

29 1 0.00872457

30 1 0.0085667

31 1 0.00837502

32 1 0.00815029

33 1 0.00789339

34 1 0.00760534

35 1 0.00728727

36 1 0.00694045

37 1 0.00656623

38 1 0.0061661

39 1 0.00574164

40 1 0.00529451

41 1 0.00482649

42 1 0.00433943

43 1 0.00383523

44 1 0.00331591

45 1 0.00278349

46 1 0.00224009

47 1 0.00168785

48 1 0.00112895

49 1 0.00056559

50 1 0

0 2 0

1 2 0.00112895

2 2 0.00225344

3 2 0.00336904

4 2 0.00447134

5 2 0.00555599

6 2 0.00661872

7 2 0.00765533

8 2 0.00866173

9 2 0.00963394

10 2 0.0105681

11 2 0.0114606

12 2 0.0123079

13 2 0.0131065

14 2 0.0138535

15 2 0.0145458

16 2 0.0151807

17 2 0.0157556

18 2 0.0162684

19 2 0.016717

20 2 0.0170996

21 2 0.0174147

22 2 0.0176611

23 2 0.0178378

24 2 0.0179441

25 2 0.0179796

26 2 0.0179441

27 2 0.0178378

28 2 0.0176611

29 2 0.0174147

30 2 0.0170996

31 2 0.016717

32 2 0.0162684

33 2 0.0157556

34 2 0.0151807

35 2 0.0145458

36 2 0.0138535

37 2 0.0131065

38 2 0.0123079

39 2 0.0114606

40 2 0.0105681

41 2 0.00963394

42 2 0.00866173

43 2 0.00765533

44 2 0.00661872

45 2 0.00555599

46 2 0.00447134

47 2 0.00336904

48 2 0.00225344

49 2 0.00112895

50 2 0

0 3 0

1 3 0.00168785

2 3 0.00336904

3 3 0.00503693

4 3 0.00668494

5 3 0.00830657

6 3 0.00989542

7 3 0.0114452

8 3 0.0129498

9 3 0.0144034

10 3 0.0158

11 3 0.0171344

12 3 0.0184011

13 3 0.0195951

14 3 0.0207119

15 3 0.0217469

16 3 0.0226961

17 3 0.0235557

18 3 0.0243223

19 3 0.024993

20 3 0.025565

21 3 0.0260361

22 3 0.0264045

23 3 0.0266687

24 3 0.0268276

25 3 0.0268806

26 3 0.0268276

27 3 0.0266687

28 3 0.0264045

29 3 0.0260361

30 3 0.025565

31 3 0.024993

32 3 0.0243223

33 3 0.0235557

34 3 0.0226961

35 3 0.0217469

36 3 0.0207119

37 3 0.0195951

38 3 0.0184011

39 3 0.0171344

40 3 0.0158

41 3 0.0144034

42 3 0.0129498

43 3 0.0114452

44 3 0.00989542

45 3 0.00830657

46 3 0.00668494

47 3 0.00503693

48 3 0.00336904

49 3 0.00168785

50 3 0

0 4 0

1 4 0.00224009

2 4 0.00447134

3 4 0.00668494

4 4 0.00887216

5 4 0.0110244

6 4 0.0131331

7 4 0.0151899

8 4 0.0171869

9 4 0.0191159

10 4 0.0209696

11 4 0.0227405

12 4 0.0244216

13 4 0.0260064

14 4 0.0274885

15 4 0.0288622

16 4 0.0301219

17 4 0.0312628

18 4 0.0322803

19 4 0.0331703

20 4 0.0339295

21 4 0.0345548

22 4 0.0350437

23 4 0.0353943

24 4 0.0356052

25 4 0.0356756

26 4 0.0356052

27 4 0.0353943

28 4 0.0350437

29 4 0.0345548

30 4 0.0339295

31 4 0.0331703

32 4 0.0322803

33 4 0.0312628

34 4 0.0301219

35 4 0.0288622

36 4 0.0274885

37 4 0.0260064

38 4 0.0244216

39 4 0.0227405

40 4 0.0209696

41 4 0.0191159

42 4 0.0171869

43 4 0.0151899

44 4 0.0131331

45 4 0.0110244

46 4 0.00887216

47 4 0.00668494

48 4 0.00447134

49 4 0.00224009

50 4 0

0 5 0

1 5 0.00278349

2 5 0.00555599

3 5 0.00830657

4 5 0.0110244

5 5 0.0136987

6 5 0.0163189

7 5 0.0188747

8 5 0.021356

9 5 0.0237531

10 5 0.0260564

11 5 0.0282569

12 5 0.0303458

13 5 0.032315

14 5 0.0341567

15 5 0.0358635

16 5 0.0374289

17 5 0.0388465

18 5 0.0401108

19 5 0.0412168

20 5 0.0421601

21 5 0.0429371

22 5 0.0435446

23 5 0.0439802

24 5 0.0442423

25 5 0.0443298

26 5 0.0442423

27 5 0.0439802

28 5 0.0435446

29 5 0.0429371

30 5 0.0421601

31 5 0.0412168

32 5 0.0401108

33 5 0.0388465

34 5 0.0374289

35 5 0.0358635

36 5 0.0341567

37 5 0.032315

38 5 0.0303458

39 5 0.0282569

40 5 0.0260564

41 5 0.0237531

42 5 0.021356

43 5 0.0188747

44 5 0.0163189

45 5 0.0136987

46 5 0.0110244

47 5 0.00830657

48 5 0.00555599

49 5 0.00278349

50 5 0

0 6 0

1 6 0.00331591

2 6 0.00661872

3 6 0.00989542

4 6 0.0131331

5 6 0.0163189

6 6 0.0194403

7 6 0.022485

8 6 0.0254409

9 6 0.0282965

10 6 0.0310404

11 6 0.0336617

12 6 0.0361503

13 6 0.0384961

14 6 0.04069

15 6 0.0427234

16 6 0.0445881

17 6 0.0462769

18 6 0.047783

19 6 0.0491006

20 6 0.0502244

21 6 0.0511499

22 6 0.0518736

23 6 0.0523926

24 6 0.0527048

25 6 0.052809

26 6 0.0527048

27 6 0.0523926

28 6 0.0518736

29 6 0.0511499

30 6 0.0502244

31 6 0.0491006

32 6 0.047783

33 6 0.0462769

34 6 0.0445881

35 6 0.0427234

36 6 0.04069

37 6 0.0384961

38 6 0.0361503

39 6 0.0336617

40 6 0.0310404

41 6 0.0282965

42 6 0.0254409

43 6 0.022485

44 6 0.0194403

45 6 0.0163189

46 6 0.0131331

47 6 0.00989542

48 6 0.00661872

49 6 0.00331591

50 6 0

0 7 0

1 7 0.00383523

2 7 0.00765533

3 7 0.0114452

4 7 0.0151899

5 7 0.0188747

6 7 0.022485

7 7 0.0260065

8 7 0.0294254

9 7 0.0327282

10 7 0.0359018

11 7 0.0389337

12 7 0.041812

13 7 0.0445253

14 7 0.0470628

15 7 0.0494146

16 7 0.0515714

17 7 0.0535247

18 7 0.0552667

19 7 0.0567906

20 7 0.0580904

21 7 0.0591609

22 7 0.0599979

23 7 0.0605982

24 7 0.0609593

25 7 0.0610798

26 7 0.0609593

27 7 0.0605982

28 7 0.0599979

29 7 0.0591609

30 7 0.0580904

31 7 0.0567906

32 7 0.0552667

33 7 0.0535247

34 7 0.0515714

35 7 0.0494146

36 7 0.0470628

37 7 0.0445253

38 7 0.041812

39 7 0.0389337

40 7 0.0359018

41 7 0.0327282

42 7 0.0294254

43 7 0.0260065

44 7 0.022485

45 7 0.0188747

46 7 0.0151899

47 7 0.0114452

48 7 0.00765533

49 7 0.00383523

50 7 0

0 8 0

1 8 0.00433943

2 8 0.00866173

3 8 0.0129498

4 8 0.0171869

5 8 0.021356

6 8 0.0254409

7 8 0.0294254

8 8 0.0332938

9 8 0.0370308

10 8 0.0406216

11 8 0.0440521

12 8 0.0473088

13 8 0.0503787

14 8 0.0532498

15 8 0.0559108

16 8 0.0583511

17 8 0.0605612

18 8 0.0625322

19 8 0.0642565

20 8 0.0657271

21 8 0.0669384

22 8 0.0678855

23 8 0.0685646

24 8 0.0689732

25 8 0.0691096

26 8 0.0689732

27 8 0.0685646

28 8 0.0678855

29 8 0.0669384

30 8 0.0657271

31 8 0.0642565

32 8 0.0625322

33 8 0.0605612

34 8 0.0583511

35 8 0.0559108

36 8 0.0532498

37 8 0.0503787

38 8 0.0473088

39 8 0.0440521

40 8 0.0406216

41 8 0.0370308

42 8 0.0332938

43 8 0.0294254

44 8 0.0254409

45 8 0.021356

46 8 0.0171869

47 8 0.0129498

48 8 0.00866173

49 8 0.00433943

50 8 0

0 9 0

1 9 0.00482649

2 9 0.00963394

3 9 0.0144034

4 9 0.0191159

5 9 0.0237531

6 9 0.0282965

7 9 0.0327282

8 9 0.0370308

9 9 0.0411872

10 9 0.0451811

11 9 0.0489966

12 9 0.0526188

13 9 0.0560333

14 9 0.0592267

15 9 0.0621864

16 9 0.0649006

17 9 0.0673587

18 9 0.069551

19 9 0.0714688

20 9 0.0731045

21 9 0.0744517

22 9 0.0755051

23 9 0.0762605

24 9 0.0767149

25 9 0.0768666

26 9 0.0767149

27 9 0.0762605

28 9 0.0755051

29 9 0.0744517

30 9 0.0731045

31 9 0.0714688

32 9 0.069551

33 9 0.0673587

34 9 0.0649006

35 9 0.0621864

36 9 0.0592267

37 9 0.0560333

38 9 0.0526188

39 9 0.0489966

40 9 0.0451811

41 9 0.0411872

42 9 0.0370308

43 9 0.0327282

44 9 0.0282965

45 9 0.0237531

46 9 0.0191159

47 9 0.0144034

48 9 0.00963394

49 9 0.00482649

50 9 0

0 10 0

1 10 0.00529451

2 10 0.0105681

3 10 0.0158

4 10 0.0209696

5 10 0.0260564

6 10 0.0310404

7 10 0.0359018

8 10 0.0406216

9 10 0.0451811

10 10 0.0495622

11 10 0.0537478

12 10 0.0577212

13 10 0.0614668

14 10 0.0649699

15 10 0.0682165

16 10 0.0711939

17 10 0.0738904

18 10 0.0762952

19 10 0.078399

20 10 0.0801933

21 10 0.0816712

22 10 0.0828267

23 10 0.0836554

24 10 0.0841539

25 10 0.0843203

26 10 0.0841539

27 10 0.0836554

28 10 0.0828267

29 10 0.0816712

30 10 0.0801933

31 10 0.078399

32 10 0.0762952

33 10 0.0738904

34 10 0.0711939

35 10 0.0682165

36 10 0.0649699

37 10 0.0614668

38 10 0.0577212

39 10 0.0537478

40 10 0.0495622

41 10 0.0451811

42 10 0.0406216

43 10 0.0359018

44 10 0.0310404

45 10 0.0260564

46 10 0.0209696

47 10 0.0158

48 10 0.0105681

49 10 0.00529451

50 10 0

0 11 0

1 11 0.00574164

2 11 0.0114606

3 11 0.0171344

4 11 0.0227405

5 11 0.0282569

6 11 0.0336617

7 11 0.0389337

8 11 0.0440521

9 11 0.0489966

10 11 0.0537478

11 11 0.0582868

12 11 0.0625958

13 11 0.0666577

14 11 0.0704566

15 11 0.0739774

16 11 0.0772063

17 11 0.0801305

18 11 0.0827384

19 11 0.0850198

20 11 0.0869657

21 11 0.0885683

22 11 0.0898215

23 11 0.0907201

24 11 0.0912607

25 11 0.0914411

26 11 0.0912607

27 11 0.0907201

28 11 0.0898215

29 11 0.0885683

30 11 0.0869657

31 11 0.0850198

32 11 0.0827384

33 11 0.0801305

34 11 0.0772063

35 11 0.0739774

36 11 0.0704566

37 11 0.0666577

38 11 0.0625958

39 11 0.0582868

40 11 0.0537478

41 11 0.0489966

42 11 0.0440521

43 11 0.0389337

44 11 0.0336617

45 11 0.0282569

46 11 0.0227405

47 11 0.0171344

48 11 0.0114606

49 11 0.00574164

50 11 0

0 12 0

1 12 0.0061661

2 12 0.0123079

3 12 0.0184011

4 12 0.0244216

5 12 0.0303458

6 12 0.0361503

7 12 0.041812

8 12 0.0473088

9 12 0.0526188

10 12 0.0577212

11 12 0.0625958

12 12 0.0672233

13 12 0.0715856

14 12 0.0756653

15 12 0.0794464

16 12 0.082914

17 12 0.0860543

18 12 0.0888551

19 12 0.0913051

20 12 0.0933948

21 12 0.095116

22 12 0.0964617

23 12 0.0974268

24 12 0.0980074

25 12 0.0982011

26 12 0.0980074

27 12 0.0974268

28 12 0.0964617

29 12 0.095116

30 12 0.0933948

31 12 0.0913051

32 12 0.0888551

33 12 0.0860543

34 12 0.082914

35 12 0.0794464

36 12 0.0756653

37 12 0.0715856

38 12 0.0672233

39 12 0.0625958

40 12 0.0577212

41 12 0.0526188

42 12 0.0473088

43 12 0.041812

44 12 0.0361503

45 12 0.0303458

46 12 0.0244216

47 12 0.0184011

48 12 0.0123079

49 12 0.0061661

50 12 0

0 13 0

1 13 0.00656623

2 13 0.0131065

3 13 0.0195951

4 13 0.0260064

5 13 0.032315

6 13 0.0384961

7 13 0.0445253

8 13 0.0503787

9 13 0.0560333

10 13 0.0614668

11 13 0.0666577

12 13 0.0715856

13 13 0.0762309

14 13 0.0805753

15 13 0.0846018

16 13 0.0882944

17 13 0.0916385

18 13 0.094621

19 13 0.0972301

20 13 0.0994554

21 13 0.101288

22 13 0.102721

23 13 0.103749

24 13 0.104367

25 13 0.104574

26 13 0.104367

27 13 0.103749

28 13 0.102721

29 13 0.101288

30 13 0.0994554

31 13 0.0972301

32 13 0.094621

33 13 0.0916385

34 13 0.0882944

35 13 0.0846018

36 13 0.0805753

37 13 0.0762309

38 13 0.0715856

39 13 0.0666577

40 13 0.0614668

41 13 0.0560333

42 13 0.0503787

43 13 0.0445253

44 13 0.0384961

45 13 0.032315

46 13 0.0260064

47 13 0.0195951

48 13 0.0131065

49 13 0.00656623

50 13 0

0 14 0

1 14 0.00694045

2 14 0.0138535

3 14 0.0207119

4 14 0.0274885

5 14 0.0341567

6 14 0.04069

7 14 0.0470628

8 14 0.0532498

9 14 0.0592267

10 14 0.0649699

11 14 0.0704566

12 14 0.0756653

13 14 0.0805753

14 14 0.0851674

15 14 0.0894234

16 14 0.0933264

17 14 0.0968611

18 14 0.100014

19 14 0.102771

20 14 0.105123

21 14 0.107061

22 14 0.108576

23 14 0.109662

24 14 0.110315

25 14 0.110533

26 14 0.110315

27 14 0.109662

28 14 0.108576

29 14 0.107061

30 14 0.105123

31 14 0.102771

32 14 0.100014

33 14 0.0968611

34 14 0.0933264

35 14 0.0894234

36 14 0.0851674

37 14 0.0805753

38 14 0.0756653

39 14 0.0704566

40 14 0.0649699

41 14 0.0592267

42 14 0.0532498

43 14 0.0470628

44 14 0.04069

45 14 0.0341567

46 14 0.0274885

47 14 0.0207119

48 14 0.0138535

49 14 0.00694045

50 14 0

0 15 0

1 15 0.00728727

2 15 0.0145458

3 15 0.0217469

4 15 0.0288622

5 15 0.0358635

6 15 0.0427234

7 15 0.0494146

8 15 0.0559108

9 15 0.0621864

10 15 0.0682165

11 15 0.0739774

12 15 0.0794464

13 15 0.0846018

14 15 0.0894234

15 15 0.093892

16 15 0.0979901

17 15 0.101701

18 15 0.105011

19 15 0.107907

20 15 0.110377

21 15 0.112411

22 15 0.114001

23 15 0.115142

24 15 0.115828

25 15 0.116057

26 15 0.115828

27 15 0.115142

28 15 0.114001

29 15 0.112411

30 15 0.110377

31 15 0.107907

32 15 0.105011

33 15 0.101701

34 15 0.0979901

35 15 0.093892

36 15 0.0894234

37 15 0.0846018

38 15 0.0794464

39 15 0.0739774

40 15 0.0682165

41 15 0.0621864

42 15 0.0559108

43 15 0.0494146

44 15 0.0427234

45 15 0.0358635

46 15 0.0288622

47 15 0.0217469

48 15 0.0145458

49 15 0.00728727

50 15 0

0 16 0

1 16 0.00760534

2 16 0.0151807

3 16 0.0226961

4 16 0.0301219

5 16 0.0374289

6 16 0.0445881

7 16 0.0515714

8 16 0.0583511

9 16 0.0649006

10 16 0.0711939

11 16 0.0772063

12 16 0.082914

13 16 0.0882944

14 16 0.0933264

15 16 0.0979901

16 16 0.102267

17 16 0.10614

18 16 0.109595

19 16 0.112617

20 16 0.115194

21 16 0.117317

22 16 0.118977

23 16 0.120167

24 16 0.120883

25 16 0.121122

26 16 0.120883

27 16 0.120167

28 16 0.118977

29 16 0.117317

30 16 0.115194

31 16 0.112617

32 16 0.109595

33 16 0.10614

34 16 0.102267

35 16 0.0979901

36 16 0.0933264

37 16 0.0882944

38 16 0.082914

39 16 0.0772063

40 16 0.0711939

41 16 0.0649006

42 16 0.0583511

43 16 0.0515714

44 16 0.0445881

45 16 0.0374289

46 16 0.0301219

47 16 0.0226961

48 16 0.0151807

49 16 0.00760534

50 16 0

0 17 0

1 17 0.00789339

2 17 0.0157556

3 17 0.0235557

4 17 0.0312628

5 17 0.0388465

6 17 0.0462769

7 17 0.0535247

8 17 0.0605612

9 17 0.0673587

10 17 0.0738904

11 17 0.0801305

12 17 0.0860543

13 17 0.0916385

14 17 0.0968611

15 17 0.101701

16 17 0.10614

17 17 0.11016

18 17 0.113746

19 17 0.116882

20 17 0.119557

21 17 0.12176

22 17 0.123483

23 17 0.124719

24 17 0.125462

25 17 0.12571

26 17 0.125462

27 17 0.124719

28 17 0.123483

29 17 0.12176

30 17 0.119557

31 17 0.116882

32 17 0.113746

33 17 0.11016

34 17 0.10614

35 17 0.101701

36 17 0.0968611

37 17 0.0916385

38 17 0.0860543

39 17 0.0801305

40 17 0.0738904

41 17 0.0673587

42 17 0.0605612

43 17 0.0535247

44 17 0.0462769

45 17 0.0388465

46 17 0.0312628

47 17 0.0235557

48 17 0.0157556

49 17 0.00789339

50 17 0

0 18 0

1 18 0.00815029

2 18 0.0162684

3 18 0.0243223

4 18 0.0322803

5 18 0.0401108

6 18 0.047783

7 18 0.0552667

8 18 0.0625322

9 18 0.069551

10 18 0.0762952

11 18 0.0827384

12 18 0.0888551

13 18 0.094621

14 18 0.100014

15 18 0.105011

16 18 0.109595

17 18 0.113746

18 18 0.117448

19 18 0.120686

20 18 0.123448

21 18 0.125723

22 18 0.127502

23 18 0.128778

24 18 0.129545

25 18 0.129801

26 18 0.129545

27 18 0.128778

28 18 0.127502

29 18 0.125723

30 18 0.123448

31 18 0.120686

32 18 0.117448

33 18 0.113746

34 18 0.109595

35 18 0.105011

36 18 0.100014

37 18 0.094621

38 18 0.0888551

39 18 0.0827384

40 18 0.0762952

41 18 0.069551

42 18 0.0625322

43 18 0.0552667

44 18 0.047783

45 18 0.0401108

46 18 0.0322803

47 18 0.0243223

48 18 0.0162684

49 18 0.00815029

50 18 0

0 19 0

1 19 0.00837502

2 19 0.016717

3 19 0.024993

4 19 0.0331703

5 19 0.0412168

6 19 0.0491006

7 19 0.0567906

8 19 0.0642565

9 19 0.0714688

10 19 0.078399

11 19 0.0850198

12 19 0.0913051

13 19 0.0972301

14 19 0.102771

15 19 0.107907

16 19 0.112617

17 19 0.116882

18 19 0.120686

19 19 0.124014

20 19 0.126852

21 19 0.12919

22 19 0.131018

23 19 0.132329

24 19 0.133117

25 19 0.13338

26 19 0.133117

27 19 0.132329

28 19 0.131018

29 19 0.12919

30 19 0.126852

31 19 0.124014

32 19 0.120686

33 19 0.116882

34 19 0.112617

35 19 0.107907

36 19 0.102771

37 19 0.0972301

38 19 0.0913051

39 19 0.0850198

40 19 0.078399

41 19 0.0714688

42 19 0.0642565

43 19 0.0567906

44 19 0.0491006

45 19 0.0412168

46 19 0.0331703

47 19 0.024993

48 19 0.016717

49 19 0.00837502

50 19 0

0 20 0

1 20 0.0085667

2 20 0.0170996

3 20 0.025565

4 20 0.0339295

5 20 0.0421601

6 20 0.0502244

7 20 0.0580904

8 20 0.0657271

9 20 0.0731045

10 20 0.0801933

11 20 0.0869657

12 20 0.0933948

13 20 0.0994554

14 20 0.105123

15 20 0.110377

16 20 0.115194

17 20 0.119557

18 20 0.123448

19 20 0.126852

20 20 0.129756

21 20 0.132147

22 20 0.134016

23 20 0.135357

24 20 0.136164

25 20 0.136433

26 20 0.136164

27 20 0.135357

28 20 0.134016

29 20 0.132147

30 20 0.129756

31 20 0.126852

32 20 0.123448

33 20 0.119557

34 20 0.115194

35 20 0.110377

36 20 0.105123

37 20 0.0994554

38 20 0.0933948

39 20 0.0869657

40 20 0.0801933

41 20 0.0731045

42 20 0.0657271

43 20 0.0580904

44 20 0.0502244

45 20 0.0421601

46 20 0.0339295

47 20 0.025565

48 20 0.0170996

49 20 0.0085667

50 20 0

0 21 0

1 21 0.00872457

2 21 0.0174147

3 21 0.0260361

4 21 0.0345548

5 21 0.0429371

6 21 0.0511499

7 21 0.0591609

8 21 0.0669384

9 21 0.0744517

10 21 0.0816712

11 21 0.0885683

12 21 0.095116

13 21 0.101288

14 21 0.107061

15 21 0.112411

16 21 0.117317

17 21 0.12176

18 21 0.125723

19 21 0.12919

20 21 0.132147

21 21 0.134582

22 21 0.136486

23 21 0.137852

24 21 0.138673

25 21 0.138947

26 21 0.138673

27 21 0.137852

28 21 0.136486

29 21 0.134582

30 21 0.132147

31 21 0.12919

32 21 0.125723

33 21 0.12176

34 21 0.117317

35 21 0.112411

36 21 0.107061

37 21 0.101288

38 21 0.095116

39 21 0.0885683

40 21 0.0816712

41 21 0.0744517

42 21 0.0669384

43 21 0.0591609

44 21 0.0511499

45 21 0.0429371

46 21 0.0345548

47 21 0.0260361

48 21 0.0174147

49 21 0.00872457

50 21 0

0 22 0

1 22 0.00884801

2 22 0.0176611

3 22 0.0264045

4 22 0.0350437

5 22 0.0435446

6 22 0.0518736

7 22 0.0599979

8 22 0.0678855

9 22 0.0755051

10 22 0.0828267

11 22 0.0898215

12 22 0.0964617

13 22 0.102721

14 22 0.108576

15 22 0.114001

16 22 0.118977

17 22 0.123483

18 22 0.127502

19 22 0.131018

20 22 0.134016

21 22 0.136486

22 22 0.138417

23 22 0.139802

24 22 0.140635

25 22 0.140913

26 22 0.140635

27 22 0.139802

28 22 0.138417

29 22 0.136486

30 22 0.134016

31 22 0.131018

32 22 0.127502

33 22 0.123483

34 22 0.118977

35 22 0.114001

36 22 0.108576

37 22 0.102721

38 22 0.0964617

39 22 0.0898215

40 22 0.0828267

41 22 0.0755051

42 22 0.0678855

43 22 0.0599979

44 22 0.0518736

45 22 0.0435446

46 22 0.0350437

47 22 0.0264045

48 22 0.0176611

49 22 0.00884801

50 22 0

0 23 0

1 23 0.00893654

2 23 0.0178378

3 23 0.0266687

4 23 0.0353943

5 23 0.0439802

6 23 0.0523926

7 23 0.0605982

8 23 0.0685646

9 23 0.0762605

10 23 0.0836554

11 23 0.0907201

12 23 0.0974268

13 23 0.103749

14 23 0.109662

15 23 0.115142

16 23 0.120167

17 23 0.124719

18 23 0.128778

19 23 0.132329

20 23 0.135357

21 23 0.137852

22 23 0.139802

23 23 0.141201

24 23 0.142042

25 23 0.142323

26 23 0.142042

27 23 0.141201

28 23 0.139802

29 23 0.137852

30 23 0.135357

31 23 0.132329

32 23 0.128778

33 23 0.124719

34 23 0.120167

35 23 0.115142

36 23 0.109662

37 23 0.103749

38 23 0.0974268

39 23 0.0907201

40 23 0.0836554

41 23 0.0762605

42 23 0.0685646

43 23 0.0605982

44 23 0.0523926

45 23 0.0439802

46 23 0.0353943

47 23 0.0266687

48 23 0.0178378

49 23 0.00893654

50 23 0

0 24 0

1 24 0.00898979

2 24 0.0179441

3 24 0.0268276

4 24 0.0356052

5 24 0.0442423

6 24 0.0527048

7 24 0.0609593

8 24 0.0689732

9 24 0.0767149

10 24 0.0841539

11 24 0.0912607

12 24 0.0980074

13 24 0.104367

14 24 0.110315

15 24 0.115828

16 24 0.120883

17 24 0.125462

18 24 0.129545

19 24 0.133117

20 24 0.136164

21 24 0.138673

22 24 0.140635

23 24 0.142042

24 24 0.142889

25 24 0.143171

26 24 0.142889

27 24 0.142042

28 24 0.140635

29 24 0.138673

30 24 0.136164

31 24 0.133117

32 24 0.129545

33 24 0.125462

34 24 0.120883

35 24 0.115828

36 24 0.110315

37 24 0.104367

38 24 0.0980074

39 24 0.0912607

40 24 0.0841539

41 24 0.0767149

42 24 0.0689732

43 24 0.0609593

44 24 0.0527048

45 24 0.0442423

46 24 0.0356052

47 24 0.0268276

48 24 0.0179441

49 24 0.00898979

50 24 0

0 25 0

1 25 0.00900756

2 25 0.0179796

3 25 0.0268806

4 25 0.0356756

5 25 0.0443298

6 25 0.052809

7 25 0.0610798

8 25 0.0691096

9 25 0.0768666

10 25 0.0843203

11 25 0.0914411

12 25 0.0982011

13 25 0.104574

14 25 0.110533

15 25 0.116057

16 25 0.121122

17 25 0.12571

18 25 0.129801

19 25 0.13338

20 25 0.136433

21 25 0.138947

22 25 0.140913

23 25 0.142323

24 25 0.143171

25 25 0.143454

26 25 0.143171

27 25 0.142323

28 25 0.140913

29 25 0.138947

30 25 0.136433

31 25 0.13338

32 25 0.129801

33 25 0.12571

34 25 0.121122

35 25 0.116057

36 25 0.110533

37 25 0.104574

38 25 0.0982011

39 25 0.0914411

40 25 0.0843203

41 25 0.0768666

42 25 0.0691096

43 25 0.0610798

44 25 0.052809

45 25 0.0443298

46 25 0.0356756

47 25 0.0268806

48 25 0.0179796

49 25 0.00900756

50 25 0

0 26 0

1 26 0.00898979

2 26 0.0179441

3 26 0.0268276

4 26 0.0356052

5 26 0.0442423

6 26 0.0527048

7 26 0.0609593

8 26 0.0689732

9 26 0.0767149

10 26 0.0841539

11 26 0.0912607

12 26 0.0980074

13 26 0.104367

14 26 0.110315

15 26 0.115828

16 26 0.120883

17 26 0.125462

18 26 0.129545

19 26 0.133117

20 26 0.136164

21 26 0.138673

22 26 0.140635

23 26 0.142042

24 26 0.142889

25 26 0.143171

26 26 0.142889

27 26 0.142042

28 26 0.140635

29 26 0.138673

30 26 0.136164

31 26 0.133117

32 26 0.129545

33 26 0.125462

34 26 0.120883

35 26 0.115828

36 26 0.110315

37 26 0.104367

38 26 0.0980074

39 26 0.0912607

40 26 0.0841539

41 26 0.0767149

42 26 0.0689732

43 26 0.0609593

44 26 0.0527048

45 26 0.0442423

46 26 0.0356052

47 26 0.0268276

48 26 0.0179441

49 26 0.00898979

50 26 0

0 27 0

1 27 0.00893654

2 27 0.0178378

3 27 0.0266687

4 27 0.0353943

5 27 0.0439802

6 27 0.0523926

7 27 0.0605982

8 27 0.0685646

9 27 0.0762605

10 27 0.0836554

11 27 0.0907201

12 27 0.0974268

13 27 0.103749

14 27 0.109662

15 27 0.115142

16 27 0.120167

17 27 0.124719

18 27 0.128778

19 27 0.132329

20 27 0.135357

21 27 0.137852

22 27 0.139802

23 27 0.141201

24 27 0.142042

25 27 0.142323

26 27 0.142042

27 27 0.141201

28 27 0.139802

29 27 0.137852

30 27 0.135357

31 27 0.132329

32 27 0.128778

33 27 0.124719

34 27 0.120167

35 27 0.115142

36 27 0.109662

37 27 0.103749

38 27 0.0974268

39 27 0.0907201

40 27 0.0836554

41 27 0.0762605

42 27 0.0685646

43 27 0.0605982

44 27 0.0523926

45 27 0.0439802

46 27 0.0353943

47 27 0.0266687

48 27 0.0178378

49 27 0.00893654

50 27 0

0 28 0

1 28 0.00884801

2 28 0.0176611

3 28 0.0264045

4 28 0.0350437

5 28 0.0435446

6 28 0.0518736

7 28 0.0599979

8 28 0.0678855

9 28 0.0755051

10 28 0.0828267

11 28 0.0898215

12 28 0.0964617

13 28 0.102721

14 28 0.108576

15 28 0.114001

16 28 0.118977

17 28 0.123483

18 28 0.127502

19 28 0.131018

20 28 0.134016

21 28 0.136486

22 28 0.138417

23 28 0.139802

24 28 0.140635

25 28 0.140913

26 28 0.140635

27 28 0.139802

28 28 0.138417

29 28 0.136486

30 28 0.134016

31 28 0.131018

32 28 0.127502

33 28 0.123483

34 28 0.118977

35 28 0.114001

36 28 0.108576

37 28 0.102721

38 28 0.0964617

39 28 0.0898215

40 28 0.0828267

41 28 0.0755051

42 28 0.0678855

43 28 0.0599979

44 28 0.0518736

45 28 0.0435446

46 28 0.0350437

47 28 0.0264045

48 28 0.0176611

49 28 0.00884801

50 28 0

0 29 0

1 29 0.00872457

2 29 0.0174147

3 29 0.0260361

4 29 0.0345548

5 29 0.0429371

6 29 0.0511499

7 29 0.0591609

8 29 0.0669384

9 29 0.0744517

10 29 0.0816712

11 29 0.0885683

12 29 0.095116

13 29 0.101288

14 29 0.107061

15 29 0.112411

16 29 0.117317

17 29 0.12176

18 29 0.125723

19 29 0.12919

20 29 0.132147

21 29 0.134582

22 29 0.136486

23 29 0.137852

24 29 0.138673

25 29 0.138947

26 29 0.138673

27 29 0.137852

28 29 0.136486

29 29 0.134582

30 29 0.132147

31 29 0.12919

32 29 0.125723

33 29 0.12176

34 29 0.117317

35 29 0.112411

36 29 0.107061

37 29 0.101288

38 29 0.095116

39 29 0.0885683

40 29 0.0816712

41 29 0.0744517

42 29 0.0669384

43 29 0.0591609

44 29 0.0511499

45 29 0.0429371

46 29 0.0345548

47 29 0.0260361

48 29 0.0174147

49 29 0.00872457

50 29 0

0 30 0

1 30 0.0085667

2 30 0.0170996

3 30 0.025565

4 30 0.0339295

5 30 0.0421601

6 30 0.0502244

7 30 0.0580904

8 30 0.0657271

9 30 0.0731045

10 30 0.0801933

11 30 0.0869657

12 30 0.0933948

13 30 0.0994554

14 30 0.105123

15 30 0.110377

16 30 0.115194

17 30 0.119557

18 30 0.123448

19 30 0.126852

20 30 0.129756

21 30 0.132147

22 30 0.134016

23 30 0.135357

24 30 0.136164

25 30 0.136433

26 30 0.136164

27 30 0.135357

28 30 0.134016

29 30 0.132147

30 30 0.129756

31 30 0.126852

32 30 0.123448

33 30 0.119557

34 30 0.115194

35 30 0.110377

36 30 0.105123

37 30 0.0994554

38 30 0.0933948

39 30 0.0869657

40 30 0.0801933

41 30 0.0731045

42 30 0.0657271

43 30 0.0580904

44 30 0.0502244

45 30 0.0421601

46 30 0.0339295

47 30 0.025565

48 30 0.0170996

49 30 0.0085667

50 30 0

0 31 0

1 31 0.00837502

2 31 0.016717

3 31 0.024993

4 31 0.0331703

5 31 0.0412168

6 31 0.0491006

7 31 0.0567906

8 31 0.0642565

9 31 0.0714688

10 31 0.078399

11 31 0.0850198

12 31 0.0913051

13 31 0.0972301

14 31 0.102771

15 31 0.107907

16 31 0.112617

17 31 0.116882

18 31 0.120686

19 31 0.124014

20 31 0.126852

21 31 0.12919

22 31 0.131018

23 31 0.132329

24 31 0.133117

25 31 0.13338

26 31 0.133117

27 31 0.132329

28 31 0.131018

29 31 0.12919

30 31 0.126852

31 31 0.124014

32 31 0.120686

33 31 0.116882

34 31 0.112617

35 31 0.107907

36 31 0.102771

37 31 0.0972301

38 31 0.0913051

39 31 0.0850198

40 31 0.078399

41 31 0.0714688

42 31 0.0642565

43 31 0.0567906

44 31 0.0491006

45 31 0.0412168

46 31 0.0331703

47 31 0.024993

48 31 0.016717

49 31 0.00837502

50 31 0

0 32 0

1 32 0.00815029

2 32 0.0162684

3 32 0.0243223

4 32 0.0322803

5 32 0.0401108

6 32 0.047783

7 32 0.0552667

8 32 0.0625322

9 32 0.069551

10 32 0.0762952

11 32 0.0827384

12 32 0.0888551

13 32 0.094621

14 32 0.100014

15 32 0.105011

16 32 0.109595

17 32 0.113746

18 32 0.117448

19 32 0.120686

20 32 0.123448

21 32 0.125723

22 32 0.127502

23 32 0.128778

24 32 0.129545

25 32 0.129801

26 32 0.129545

27 32 0.128778

28 32 0.127502

29 32 0.125723

30 32 0.123448

31 32 0.120686

32 32 0.117448

33 32 0.113746

34 32 0.109595

35 32 0.105011

36 32 0.100014

37 32 0.094621

38 32 0.0888551

39 32 0.0827384

40 32 0.0762952

41 32 0.069551

42 32 0.0625322

43 32 0.0552667

44 32 0.047783

45 32 0.0401108

46 32 0.0322803

47 32 0.0243223

48 32 0.0162684

49 32 0.00815029

50 32 0

0 33 0

1 33 0.00789339

2 33 0.0157556

3 33 0.0235557

4 33 0.0312628

5 33 0.0388465

6 33 0.0462769

7 33 0.0535247

8 33 0.0605612

9 33 0.0673587

10 33 0.0738904

11 33 0.0801305

12 33 0.0860543

13 33 0.0916385

14 33 0.0968611

15 33 0.101701

16 33 0.10614

17 33 0.11016

18 33 0.113746

19 33 0.116882

20 33 0.119557

21 33 0.12176

22 33 0.123483

23 33 0.124719

24 33 0.125462

25 33 0.12571

26 33 0.125462

27 33 0.124719

28 33 0.123483

29 33 0.12176

30 33 0.119557

31 33 0.116882

32 33 0.113746

33 33 0.11016

34 33 0.10614

35 33 0.101701

36 33 0.0968611

37 33 0.0916385

38 33 0.0860543

39 33 0.0801305

40 33 0.0738904

41 33 0.0673587

42 33 0.0605612

43 33 0.0535247

44 33 0.0462769

45 33 0.0388465

46 33 0.0312628

47 33 0.0235557

48 33 0.0157556

49 33 0.00789339

50 33 0

0 34 0

1 34 0.00760534

2 34 0.0151807

3 34 0.0226961

4 34 0.0301219

5 34 0.0374289

6 34 0.0445881

7 34 0.0515714

8 34 0.0583511

9 34 0.0649006

10 34 0.0711939

11 34 0.0772063

12 34 0.082914

13 34 0.0882944

14 34 0.0933264

15 34 0.0979901

16 34 0.102267

17 34 0.10614

18 34 0.109595

19 34 0.112617

20 34 0.115194

21 34 0.117317

22 34 0.118977

23 34 0.120167

24 34 0.120883

25 34 0.121122

26 34 0.120883

27 34 0.120167

28 34 0.118977

29 34 0.117317

30 34 0.115194

31 34 0.112617

32 34 0.109595

33 34 0.10614

34 34 0.102267

35 34 0.0979901

36 34 0.0933264

37 34 0.0882944

38 34 0.082914

39 34 0.0772063

40 34 0.0711939

41 34 0.0649006

42 34 0.0583511

43 34 0.0515714

44 34 0.0445881

45 34 0.0374289

46 34 0.0301219

47 34 0.0226961

48 34 0.0151807

49 34 0.00760534

50 34 0

0 35 0

1 35 0.00728727

2 35 0.0145458

3 35 0.0217469

4 35 0.0288622

5 35 0.0358635

6 35 0.0427234

7 35 0.0494146

8 35 0.0559108

9 35 0.0621864

10 35 0.0682165

11 35 0.0739774

12 35 0.0794464

13 35 0.0846018

14 35 0.0894234

15 35 0.093892

16 35 0.0979901

17 35 0.101701

18 35 0.105011

19 35 0.107907

20 35 0.110377

21 35 0.112411

22 35 0.114001

23 35 0.115142

24 35 0.115828

25 35 0.116057

26 35 0.115828

27 35 0.115142

28 35 0.114001

29 35 0.112411

30 35 0.110377

31 35 0.107907

32 35 0.105011

33 35 0.101701

34 35 0.0979901

35 35 0.093892

36 35 0.0894234

37 35 0.0846018

38 35 0.0794464

39 35 0.0739774

40 35 0.0682165

41 35 0.0621864

42 35 0.0559108

43 35 0.0494146

44 35 0.0427234

45 35 0.0358635

46 35 0.0288622

47 35 0.0217469

48 35 0.0145458

49 35 0.00728727

50 35 0

0 36 0

1 36 0.00694045

2 36 0.0138535

3 36 0.0207119

4 36 0.0274885

5 36 0.0341567

6 36 0.04069

7 36 0.0470628

8 36 0.0532498

9 36 0.0592267

10 36 0.0649699

11 36 0.0704566

12 36 0.0756653

13 36 0.0805753

14 36 0.0851674

15 36 0.0894234

16 36 0.0933264

17 36 0.0968611

18 36 0.100014

19 36 0.102771

20 36 0.105123

21 36 0.107061

22 36 0.108576

23 36 0.109662

24 36 0.110315

25 36 0.110533

26 36 0.110315

27 36 0.109662

28 36 0.108576

29 36 0.107061

30 36 0.105123

31 36 0.102771

32 36 0.100014

33 36 0.0968611

34 36 0.0933264

35 36 0.0894234

36 36 0.0851674

37 36 0.0805753

38 36 0.0756653

39 36 0.0704566

40 36 0.0649699

41 36 0.0592267

42 36 0.0532498

43 36 0.0470628

44 36 0.04069

45 36 0.0341567

46 36 0.0274885

47 36 0.0207119

48 36 0.0138535

49 36 0.00694045

50 36 0

0 37 0

1 37 0.00656623

2 37 0.0131065

3 37 0.0195951

4 37 0.0260064

5 37 0.032315

6 37 0.0384961

7 37 0.0445253

8 37 0.0503787

9 37 0.0560333

10 37 0.0614668

11 37 0.0666577

12 37 0.0715856

13 37 0.0762309

14 37 0.0805753

15 37 0.0846018

16 37 0.0882944

17 37 0.0916385

18 37 0.094621

19 37 0.0972301

20 37 0.0994554

21 37 0.101288

22 37 0.102721

23 37 0.103749

24 37 0.104367

25 37 0.104574

26 37 0.104367

27 37 0.103749

28 37 0.102721

29 37 0.101288

30 37 0.0994554

31 37 0.0972301

32 37 0.094621

33 37 0.0916385

34 37 0.0882944

35 37 0.0846018

36 37 0.0805753

37 37 0.0762309

38 37 0.0715856

39 37 0.0666577

40 37 0.0614668

41 37 0.0560333

42 37 0.0503787

43 37 0.0445253

44 37 0.0384961

45 37 0.032315

46 37 0.0260064

47 37 0.0195951

48 37 0.0131065

49 37 0.00656623

50 37 0

0 38 0

1 38 0.0061661

2 38 0.0123079

3 38 0.0184011

4 38 0.0244216

5 38 0.0303458

6 38 0.0361503

7 38 0.041812

8 38 0.0473088

9 38 0.0526188

10 38 0.0577212

11 38 0.0625958

12 38 0.0672233

13 38 0.0715856

14 38 0.0756653

15 38 0.0794464

16 38 0.082914

17 38 0.0860543

18 38 0.0888551

19 38 0.0913051

20 38 0.0933948

21 38 0.095116

22 38 0.0964617

23 38 0.0974268

24 38 0.0980074

25 38 0.0982011

26 38 0.0980074

27 38 0.0974268

28 38 0.0964617

29 38 0.095116

30 38 0.0933948

31 38 0.0913051

32 38 0.0888551

33 38 0.0860543

34 38 0.082914

35 38 0.0794464

36 38 0.0756653

37 38 0.0715856

38 38 0.0672233

39 38 0.0625958

40 38 0.0577212

41 38 0.0526188

42 38 0.0473088

43 38 0.041812

44 38 0.0361503

45 38 0.0303458

46 38 0.0244216

47 38 0.0184011

48 38 0.0123079

49 38 0.0061661

50 38 0

0 39 0

1 39 0.00574164

2 39 0.0114606

3 39 0.0171344

4 39 0.0227405

5 39 0.0282569

6 39 0.0336617

7 39 0.0389337

8 39 0.0440521

9 39 0.0489966

10 39 0.0537478

11 39 0.0582868

12 39 0.0625958

13 39 0.0666577

14 39 0.0704566

15 39 0.0739774

16 39 0.0772063

17 39 0.0801305

18 39 0.0827384

19 39 0.0850198

20 39 0.0869657

21 39 0.0885683

22 39 0.0898215

23 39 0.0907201

24 39 0.0912607

25 39 0.0914411

26 39 0.0912607

27 39 0.0907201

28 39 0.0898215

29 39 0.0885683

30 39 0.0869657

31 39 0.0850198

32 39 0.0827384

33 39 0.0801305

34 39 0.0772063

35 39 0.0739774

36 39 0.0704566

37 39 0.0666577

38 39 0.0625958

39 39 0.0582868

40 39 0.0537478

41 39 0.0489966

42 39 0.0440521

43 39 0.0389337

44 39 0.0336617

45 39 0.0282569

46 39 0.0227405

47 39 0.0171344

48 39 0.0114606

49 39 0.00574164

50 39 0

0 40 0

1 40 0.00529451

2 40 0.0105681

3 40 0.0158

4 40 0.0209696

5 40 0.0260564

6 40 0.0310404

7 40 0.0359018

8 40 0.0406216

9 40 0.0451811

10 40 0.0495622

11 40 0.0537478

12 40 0.0577212

13 40 0.0614668

14 40 0.0649699

15 40 0.0682165

16 40 0.0711939

17 40 0.0738904

18 40 0.0762952

19 40 0.078399

20 40 0.0801933

21 40 0.0816712

22 40 0.0828267

23 40 0.0836554

24 40 0.0841539

25 40 0.0843203

26 40 0.0841539

27 40 0.0836554

28 40 0.0828267

29 40 0.0816712

30 40 0.0801933

31 40 0.078399

32 40 0.0762952

33 40 0.0738904

34 40 0.0711939

35 40 0.0682165

36 40 0.0649699

37 40 0.0614668

38 40 0.0577212

39 40 0.0537478

40 40 0.0495622

41 40 0.0451811

42 40 0.0406216

43 40 0.0359018

44 40 0.0310404

45 40 0.0260564

46 40 0.0209696

47 40 0.0158

48 40 0.0105681

49 40 0.00529451

50 40 0

0 41 0

1 41 0.00482649

2 41 0.00963394

3 41 0.0144034

4 41 0.0191159

5 41 0.0237531

6 41 0.0282965

7 41 0.0327282

8 41 0.0370308

9 41 0.0411872

10 41 0.0451811

11 41 0.0489966

12 41 0.0526188

13 41 0.0560333

14 41 0.0592267

15 41 0.0621864

16 41 0.0649006

17 41 0.0673587

18 41 0.069551

19 41 0.0714688

20 41 0.0731045

21 41 0.0744517

22 41 0.0755051

23 41 0.0762605

24 41 0.0767149

25 41 0.0768666

26 41 0.0767149

27 41 0.0762605

28 41 0.0755051

29 41 0.0744517

30 41 0.0731045

31 41 0.0714688

32 41 0.069551

33 41 0.0673587

34 41 0.0649006

35 41 0.0621864

36 41 0.0592267

37 41 0.0560333

38 41 0.0526188

39 41 0.0489966

40 41 0.0451811

41 41 0.0411872

42 41 0.0370308

43 41 0.0327282

44 41 0.0282965

45 41 0.0237531

46 41 0.0191159

47 41 0.0144034

48 41 0.00963394

49 41 0.00482649

50 41 0

0 42 0

1 42 0.00433943

2 42 0.00866173

3 42 0.0129498

4 42 0.0171869

5 42 0.021356

6 42 0.0254409

7 42 0.0294254

8 42 0.0332938

9 42 0.0370308

10 42 0.0406216

11 42 0.0440521

12 42 0.0473088

13 42 0.0503787

14 42 0.0532498

15 42 0.0559108

16 42 0.0583511

17 42 0.0605612

18 42 0.0625322

19 42 0.0642565

20 42 0.0657271

21 42 0.0669384

22 42 0.0678855

23 42 0.0685646

24 42 0.0689732

25 42 0.0691096

26 42 0.0689732

27 42 0.0685646

28 42 0.0678855

29 42 0.0669384

30 42 0.0657271

31 42 0.0642565

32 42 0.0625322

33 42 0.0605612

34 42 0.0583511

35 42 0.0559108

36 42 0.0532498

37 42 0.0503787

38 42 0.0473088

39 42 0.0440521

40 42 0.0406216

41 42 0.0370308

42 42 0.0332938

43 42 0.0294254

44 42 0.0254409

45 42 0.021356

46 42 0.0171869

47 42 0.0129498

48 42 0.00866173

49 42 0.00433943

50 42 0

0 43 0

1 43 0.00383523

2 43 0.00765533

3 43 0.0114452

4 43 0.0151899

5 43 0.0188747

6 43 0.022485

7 43 0.0260065

8 43 0.0294254

9 43 0.0327282

10 43 0.0359018

11 43 0.0389337

12 43 0.041812

13 43 0.0445253

14 43 0.0470628

15 43 0.0494146

16 43 0.0515714

17 43 0.0535247

18 43 0.0552667

19 43 0.0567906

20 43 0.0580904

21 43 0.0591609

22 43 0.0599979

23 43 0.0605982

24 43 0.0609593

25 43 0.0610798

26 43 0.0609593

27 43 0.0605982

28 43 0.0599979

29 43 0.0591609

30 43 0.0580904

31 43 0.0567906

32 43 0.0552667

33 43 0.0535247

34 43 0.0515714

35 43 0.0494146

36 43 0.0470628

37 43 0.0445253

38 43 0.041812

39 43 0.0389337

40 43 0.0359018

41 43 0.0327282

42 43 0.0294254

43 43 0.0260065

44 43 0.022485

45 43 0.0188747

46 43 0.0151899

47 43 0.0114452

48 43 0.00765533

49 43 0.00383523

50 43 0

0 44 0

1 44 0.00331591

2 44 0.00661872

3 44 0.00989542

4 44 0.0131331

5 44 0.0163189

6 44 0.0194403

7 44 0.022485

8 44 0.0254409

9 44 0.0282965

10 44 0.0310404

11 44 0.0336617

12 44 0.0361503

13 44 0.0384961

14 44 0.04069

15 44 0.0427234

16 44 0.0445881

17 44 0.0462769

18 44 0.047783

19 44 0.0491006

20 44 0.0502244

21 44 0.0511499

22 44 0.0518736

23 44 0.0523926

24 44 0.0527048

25 44 0.052809

26 44 0.0527048

27 44 0.0523926

28 44 0.0518736

29 44 0.0511499

30 44 0.0502244

31 44 0.0491006

32 44 0.047783

33 44 0.0462769

34 44 0.0445881

35 44 0.0427234

36 44 0.04069

37 44 0.0384961

38 44 0.0361503

39 44 0.0336617

40 44 0.0310404

41 44 0.0282965

42 44 0.0254409

43 44 0.022485

44 44 0.0194403

45 44 0.0163189

46 44 0.0131331

47 44 0.00989542

48 44 0.00661872

49 44 0.00331591

50 44 0

0 45 0

1 45 0.00278349

2 45 0.00555599

3 45 0.00830657

4 45 0.0110244

5 45 0.0136987

6 45 0.0163189

7 45 0.0188747

8 45 0.021356

9 45 0.0237531

10 45 0.0260564

11 45 0.0282569

12 45 0.0303458

13 45 0.032315

14 45 0.0341567

15 45 0.0358635

16 45 0.0374289

17 45 0.0388465

18 45 0.0401108

19 45 0.0412168

20 45 0.0421601

21 45 0.0429371

22 45 0.0435446

23 45 0.0439802

24 45 0.0442423

25 45 0.0443298

26 45 0.0442423

27 45 0.0439802

28 45 0.0435446

29 45 0.0429371

30 45 0.0421601

31 45 0.0412168

32 45 0.0401108

33 45 0.0388465

34 45 0.0374289

35 45 0.0358635

36 45 0.0341567

37 45 0.032315

38 45 0.0303458

39 45 0.0282569

40 45 0.0260564

41 45 0.0237531

42 45 0.021356

43 45 0.0188747

44 45 0.0163189

45 45 0.0136987

46 45 0.0110244

47 45 0.00830657

48 45 0.00555599

49 45 0.00278349

50 45 0

0 46 0

1 46 0.00224009

2 46 0.00447134

3 46 0.00668494

4 46 0.00887216

5 46 0.0110244

6 46 0.0131331

7 46 0.0151899

8 46 0.0171869

9 46 0.0191159

10 46 0.0209696

11 46 0.0227405

12 46 0.0244216

13 46 0.0260064

14 46 0.0274885

15 46 0.0288622

16 46 0.0301219

17 46 0.0312628

18 46 0.0322803

19 46 0.0331703

20 46 0.0339295

21 46 0.0345548

22 46 0.0350437

23 46 0.0353943

24 46 0.0356052

25 46 0.0356756

26 46 0.0356052

27 46 0.0353943

28 46 0.0350437

29 46 0.0345548

30 46 0.0339295

31 46 0.0331703

32 46 0.0322803

33 46 0.0312628

34 46 0.0301219

35 46 0.0288622

36 46 0.0274885

37 46 0.0260064

38 46 0.0244216

39 46 0.0227405

40 46 0.0209696

41 46 0.0191159

42 46 0.0171869

43 46 0.0151899

44 46 0.0131331

45 46 0.0110244

46 46 0.00887216

47 46 0.00668494

48 46 0.00447134

49 46 0.00224009

50 46 0

0 47 0

1 47 0.00168785

2 47 0.00336904

3 47 0.00503693

4 47 0.00668494

5 47 0.00830657

6 47 0.00989542

7 47 0.0114452

8 47 0.0129498

9 47 0.0144034

10 47 0.0158

11 47 0.0171344

12 47 0.0184011

13 47 0.0195951

14 47 0.0207119

15 47 0.0217469

16 47 0.0226961

17 47 0.0235557

18 47 0.0243223

19 47 0.024993

20 47 0.025565

21 47 0.0260361

22 47 0.0264045

23 47 0.0266687

24 47 0.0268276

25 47 0.0268806

26 47 0.0268276

27 47 0.0266687

28 47 0.0264045

29 47 0.0260361

30 47 0.025565

31 47 0.024993

32 47 0.0243223

33 47 0.0235557

34 47 0.0226961

35 47 0.0217469

36 47 0.0207119

37 47 0.0195951

38 47 0.0184011

39 47 0.0171344

40 47 0.0158

41 47 0.0144034

42 47 0.0129498

43 47 0.0114452

44 47 0.00989542

45 47 0.00830657

46 47 0.00668494

47 47 0.00503693

48 47 0.00336904

49 47 0.00168785

50 47 0

0 48 0

1 48 0.00112895

2 48 0.00225344

3 48 0.00336904

4 48 0.00447134

5 48 0.00555599

6 48 0.00661872

7 48 0.00765533

8 48 0.00866173

9 48 0.00963394

10 48 0.0105681

11 48 0.0114606

12 48 0.0123079

13 48 0.0131065

14 48 0.0138535

15 48 0.0145458

16 48 0.0151807

17 48 0.0157556

18 48 0.0162684

19 48 0.016717

20 48 0.0170996

21 48 0.0174147

22 48 0.0176611

23 48 0.0178378

24 48 0.0179441

25 48 0.0179796

26 48 0.0179441

27 48 0.0178378

28 48 0.0176611

29 48 0.0174147

30 48 0.0170996

31 48 0.016717

32 48 0.0162684

33 48 0.0157556

34 48 0.0151807

35 48 0.0145458

36 48 0.0138535

37 48 0.0131065

38 48 0.0123079

39 48 0.0114606

40 48 0.0105681

41 48 0.00963394

42 48 0.00866173

43 48 0.00765533

44 48 0.00661872

45 48 0.00555599

46 48 0.00447134

47 48 0.00336904

48 48 0.00225344

49 48 0.00112895

50 48 0

0 49 0

1 49 0.00056559

2 49 0.00112895

3 49 0.00168785

4 49 0.00224009

5 49 0.00278349

6 49 0.00331591

7 49 0.00383523

8 49 0.00433943

9 49 0.00482649

10 49 0.00529451

11 49 0.00574164

12 49 0.0061661

13 49 0.00656623

14 49 0.00694045

15 49 0.00728727

16 49 0.00760534

17 49 0.00789339

18 49 0.00815029

19 49 0.00837502

20 49 0.0085667

21 49 0.00872457

22 49 0.00884801

23 49 0.00893654

24 49 0.00898979

25 49 0.00900756

26 49 0.00898979

27 49 0.00893654

28 49 0.00884801

29 49 0.00872457

30 49 0.0085667

31 49 0.00837502

32 49 0.00815029

