0 1 0

1 1 0.00184799

2 1 0.0036887

3 1 0.00551484

4 1 0.00731922

5 1 0.00909471

6 1 0.0108343

7 1 0.0125312

8 1 0.0141785

9 1 0.01577

10 1 0.0172992

11 1 0.0187601

12 1 0.020147

13 1 0.0214544

14 1 0.0226771

15 1 0.0238103

16 1 0.0248495

17 1 0.0257907

18 1 0.0266301

19 1 0.0273643

20 1 0.0279906

21 1 0.0285065

22 1 0.0289098

23 1 0.029199

24 1 0.029373

25 1 0.0294311

26 1 0.029373

27 1 0.029199

28 1 0.0289098

29 1 0.0285065

30 1 0.0279906

31 1 0.0273643

32 1 0.0266301

33 1 0.0257907

34 1 0.0248495

35 1 0.0238103

36 1 0.0226771

37 1 0.0214544

38 1 0.020147

39 1 0.0187601

40 1 0.0172992

41 1 0.01577

42 1 0.0141785

43 1 0.0125312

44 1 0.0108343

45 1 0.00909471

46 1 0.00731922

47 1 0.00551484

48 1 0.0036887

49 1 0.00184799

50 1 0

0 2 0

1 2 0.0036887

2 2 0.00736283

3 2 0.0110079

4 2 0.0146096

5 2 0.0181535

6 2 0.0216259

7 2 0.0250129

8 2 0.0283011

9 2 0.0314777

10 2 0.0345301

11 2 0.0374461

12 2 0.0402144

13 2 0.042824

14 2 0.0452646

15 2 0.0475266

16 2 0.0496009

17 2 0.0514796

18 2 0.053155

19 2 0.0546207

20 2 0.0558708

21 2 0.0569004

22 2 0.0577055

23 2 0.0582828

24 2 0.0586301

25 2 0.0587461

26 2 0.0586301

27 2 0.0582828

28 2 0.0577055

29 2 0.0569004

30 2 0.0558708

31 2 0.0546207

32 2 0.053155

33 2 0.0514796

34 2 0.0496009

35 2 0.0475266

36 2 0.0452646

37 2 0.042824

38 2 0.0402144

39 2 0.0374461

40 2 0.0345301

41 2 0.0314777

42 2 0.0283011

43 2 0.0250129

44 2 0.0216259

45 2 0.0181535

46 2 0.0146096

47 2 0.0110079

48 2 0.00736283

49 2 0.0036887

50 2 0

0 3 0

1 3 0.00551484

2 3 0.0110079

3 3 0.0164575

4 3 0.0218422

5 3 0.0271407

6 3 0.0323321

7 3 0.0373958

8 3 0.042312

9 3 0.0470612

10 3 0.0516247

11 3 0.0559844

12 3 0.0601232

13 3 0.0640247

14 3 0.0676735

15 3 0.0710553

16 3 0.0741566

17 3 0.0769653

18 3 0.0794702

19 3 0.0816615

20 3 0.0835305

21 3 0.0850699

22 3 0.0862735

23 3 0.0871366

24 3 0.0876559

25 3 0.0878292

26 3 0.0876559

27 3 0.0871366

28 3 0.0862735

29 3 0.0850699

30 3 0.0835305

31 3 0.0816615

32 3 0.0794702

33 3 0.0769653

34 3 0.0741566

35 3 0.0710553

36 3 0.0676735

37 3 0.0640247

38 3 0.0601232

39 3 0.0559844

40 3 0.0516247

41 3 0.0470612

42 3 0.042312

43 3 0.0373958

44 3 0.0323321

45 3 0.0271407

46 3 0.0218422

47 3 0.0164575

48 3 0.0110079

49 3 0.00551484

50 3 0

0 4 0

1 4 0.00731922

2 4 0.0146096

3 4 0.0218422

4 4 0.0289887

5 4 0.0360208

6 4 0.0429107

7 4 0.0496312

8 4 0.0561559

9 4 0.062459

10 4 0.0685156

11 4 0.0743017

12 4 0.0797947

13 4 0.0849727

14 4 0.0898154

15 4 0.0943036

16 4 0.0984196

17 4 0.102147

18 4 0.105472

19 4 0.10838

20 4 0.110861

21 4 0.112904

22 4 0.114501

23 4 0.115646

24 4 0.116336

25 4 0.116566

26 4 0.116336

27 4 0.115646

28 4 0.114501

29 4 0.112904

30 4 0.110861

31 4 0.10838

32 4 0.105472

33 4 0.102147

34 4 0.0984196

35 4 0.0943036

36 4 0.0898154

37 4 0.0849727

38 4 0.0797947

39 4 0.0743017

40 4 0.0685156

41 4 0.062459

42 4 0.0561559

43 4 0.0496312

44 4 0.0429107

45 4 0.0360208

46 4 0.0289887

47 4 0.0218422

48 4 0.0146096

49 4 0.00731922

50 4 0

0 5 0

1 5 0.00909471

2 5 0.0181535

3 5 0.0271407

4 5 0.0360208

5 5 0.0447587

6 5 0.0533199

7 5 0.0616708

8 5 0.0697782

9 5 0.0776103

10 5 0.0851361

11 5 0.0923258

12 5 0.0991512

13 5 0.105585

14 5 0.111603

15 5 0.11718

16 5 0.122294

17 5 0.126926

18 5 0.131057

19 5 0.134671

20 5 0.137753

21 5 0.140292

22 5 0.142277

23 5 0.1437

24 5 0.144556

25 5 0.144842

26 5 0.144556

27 5 0.1437

28 5 0.142277

29 5 0.140292

30 5 0.137753

31 5 0.134671

32 5 0.131057

33 5 0.126926

34 5 0.122294

35 5 0.11718

36 5 0.111603

37 5 0.105585

38 5 0.0991512

39 5 0.0923258

40 5 0.0851361

41 5 0.0776103

42 5 0.0697782

43 5 0.0616708

44 5 0.0533199

45 5 0.0447587

46 5 0.0360208

47 5 0.0271407

48 5 0.0181535

49 5 0.00909471

50 5 0

0 6 0

1 6 0.0108343

2 6 0.0216259

3 6 0.0323321

4 6 0.0429107

5 6 0.0533199

6 6 0.0635188

7 6 0.0734669

8 6 0.0831251

9 6 0.0924553

10 6 0.101421

11 6 0.109986

12 6 0.118117

13 6 0.125781

14 6 0.13295

15 6 0.139593

16 6 0.145686

17 6 0.151204

18 6 0.156125

19 6 0.16043

20 6 0.164102

21 6 0.167126

22 6 0.169491

23 6 0.171186

24 6 0.172206

25 6 0.172547

26 6 0.172206

27 6 0.171186

28 6 0.169491

29 6 0.167126

30 6 0.164102

31 6 0.16043

32 6 0.156125

33 6 0.151204

34 6 0.145686

35 6 0.139593

36 6 0.13295

37 6 0.125781

38 6 0.118117

39 6 0.109986

40 6 0.101421

41 6 0.0924553

42 6 0.0831251

43 6 0.0734669

44 6 0.0635188

45 6 0.0533199

46 6 0.0429107

47 6 0.0323321

48 6 0.0216259

49 6 0.0108343

50 6 0

0 7 0

1 7 0.0125312

2 7 0.0250129

3 7 0.0373958

4 7 0.0496312

5 7 0.0616708

6 7 0.0734669

7 7 0.0849731

8 7 0.096144

9 7 0.106935

10 7 0.117305

11 7 0.127211

12 7 0.136616

13 7 0.145481

14 7 0.153772

15 7 0.161456

16 7 0.168503

17 7 0.174885

18 7 0.180577

19 7 0.185556

20 7 0.189803

21 7 0.193301

22 7 0.196036

23 7 0.197997

24 7 0.199177

25 7 0.199571

26 7 0.199177

27 7 0.197997

28 7 0.196036

29 7 0.193301

30 7 0.189803

31 7 0.185556

32 7 0.180577

33 7 0.174885

34 7 0.168503

35 7 0.161456

36 7 0.153772

37 7 0.145481

38 7 0.136616

39 7 0.127211

40 7 0.117305

41 7 0.106935

42 7 0.096144

43 7 0.0849731

44 7 0.0734669

45 7 0.0616708

46 7 0.0496312

47 7 0.0373958

48 7 0.0250129

49 7 0.0125312

50 7 0

0 8 0

1 8 0.0141785

2 8 0.0283011

3 8 0.042312

4 8 0.0561559

5 8 0.0697782

6 8 0.0831251

7 8 0.096144

8 8 0.108783

9 8 0.120993

10 8 0.132726

11 8 0.143935

12 8 0.154576

13 8 0.164606

14 8 0.173987

15 8 0.182682

16 8 0.190655

17 8 0.197876

18 8 0.204316

19 8 0.20995

20 8 0.214755

21 8 0.218713

22 8 0.221807

23 8 0.224027

24 8 0.225361

25 8 0.225807

26 8 0.225361

27 8 0.224027

28 8 0.221807

29 8 0.218713

30 8 0.214755

31 8 0.20995

32 8 0.204316

33 8 0.197876

34 8 0.190655

35 8 0.182682

36 8 0.173987

37 8 0.164606

38 8 0.154576

39 8 0.143935

40 8 0.132726

41 8 0.120993

42 8 0.108783

43 8 0.096144

44 8 0.0831251

45 8 0.0697782

46 8 0.0561559

47 8 0.042312

48 8 0.0283011

49 8 0.0141785

50 8 0

0 9 0

1 9 0.01577

2 9 0.0314777

3 9 0.0470612

4 9 0.062459

5 9 0.0776103

6 9 0.0924553

7 9 0.106935

8 9 0.120993

9 9 0.134574

10 9 0.147624

11 9 0.16009

12 9 0.171925

13 9 0.183082

14 9 0.193516

15 9 0.203186

16 9 0.212055

17 9 0.220086

18 9 0.227249

19 9 0.233515

20 9 0.23886

21 9 0.243262

22 9 0.246704

23 9 0.249172

24 9 0.250657

25 9 0.251152

26 9 0.250657

27 9 0.249172

28 9 0.246704

29 9 0.243262

30 9 0.23886

31 9 0.233515

32 9 0.227249

33 9 0.220086

34 9 0.212055

35 9 0.203186

36 9 0.193516

37 9 0.183082

38 9 0.171925

39 9 0.16009

40 9 0.147624

41 9 0.134574

42 9 0.120993

43 9 0.106935

44 9 0.0924553

45 9 0.0776103

46 9 0.062459

47 9 0.0470612

48 9 0.0314777

49 9 0.01577

50 9 0

0 10 0

1 10 0.0172992

2 10 0.0345301

3 10 0.0516247

4 10 0.0685156

5 10 0.0851361

6 10 0.101421

7 10 0.117305

8 10 0.132726

9 10 0.147624

10 10 0.161938

11 10 0.175614

12 10 0.188597

13 10 0.200835

14 10 0.212281

15 10 0.222889

16 10 0.232617

17 10 0.241428

18 10 0.249285

19 10 0.256159

20 10 0.262022

21 10 0.266851

22 10 0.270626

23 10 0.273334

24 10 0.274962

25 10 0.275506

26 10 0.274962

27 10 0.273334

28 10 0.270626

29 10 0.266851

30 10 0.262022

31 10 0.256159

32 10 0.249285

33 10 0.241428

34 10 0.232617

35 10 0.222889

36 10 0.212281

37 10 0.200835

38 10 0.188597

39 10 0.175614

40 10 0.161938

41 10 0.147624

42 10 0.132726

43 10 0.117305

44 10 0.101421

45 10 0.0851361

46 10 0.0685156

47 10 0.0516247

48 10 0.0345301

49 10 0.0172992

50 10 0

0 11 0

1 11 0.0187601

2 11 0.0374461

3 11 0.0559844

4 11 0.0743017

5 11 0.0923258

6 11 0.109986

7 11 0.127211

8 11 0.143935

9 11 0.16009

10 11 0.175614

11 11 0.190445

12 11 0.204524

13 11 0.217796

14 11 0.230208

15 11 0.241712

16 11 0.252262

17 11 0.261816

18 11 0.270338

19 11 0.277792

20 11 0.28415

21 11 0.289386

22 11 0.293481

23 11 0.296417

24 11 0.298183

25 11 0.298773

26 11 0.298183

27 11 0.296417

28 11 0.293481

29 11 0.289386

30 11 0.28415

31 11 0.277792

32 11 0.270338

33 11 0.261816

34 11 0.252262

35 11 0.241712

36 11 0.230208

37 11 0.217796

38 11 0.204524

39 11 0.190445

40 11 0.175614

41 11 0.16009

42 11 0.143935

43 11 0.127211

44 11 0.109986

45 11 0.0923258

46 11 0.0743017

47 11 0.0559844

48 11 0.0374461

49 11 0.0187601

50 11 0

0 12 0

1 12 0.020147

2 12 0.0402144

3 12 0.0601232

4 12 0.0797947

5 12 0.0991512

6 12 0.118117

7 12 0.136616

8 12 0.154576

9 12 0.171925

10 12 0.188597

11 12 0.204524

12 12 0.219644

13 12 0.233897

14 12 0.247227

15 12 0.259581

16 12 0.270911

17 12 0.281172

18 12 0.290323

19 12 0.298328

20 12 0.305156

21 12 0.31078

22 12 0.315177

23 12 0.31833

24 12 0.320227

25 12 0.32086

26 12 0.320227

27 12 0.31833

28 12 0.315177

29 12 0.31078

30 12 0.305156

31 12 0.298328

32 12 0.290323

33 12 0.281172

34 12 0.270911

35 12 0.259581

36 12 0.247227

37 12 0.233897

38 12 0.219644

39 12 0.204524

40 12 0.188597

41 12 0.171925

42 12 0.154576

43 12 0.136616

44 12 0.118117

45 12 0.0991512

46 12 0.0797947

47 12 0.0601232

48 12 0.0402144

49 12 0.020147

50 12 0

0 13 0

1 13 0.0214544

2 13 0.042824

3 13 0.0640247

4 13 0.0849727

5 13 0.105585

6 13 0.125781

7 13 0.145481

8 13 0.164606

9 13 0.183082

10 13 0.200835

11 13 0.217796

12 13 0.233897

13 13 0.249075

14 13 0.26327

15 13 0.276426

16 13 0.288491

17 13 0.299418

18 13 0.309163

19 13 0.317687

20 13 0.324958

21 13 0.330947

22 13 0.335629

23 13 0.338987

24 13 0.341007

25 13 0.341681

26 13 0.341007

27 13 0.338987

28 13 0.335629

29 13 0.330947

30 13 0.324958

31 13 0.317687

32 13 0.309163

33 13 0.299418

34 13 0.288491

35 13 0.276426

36 13 0.26327

37 13 0.249075

38 13 0.233897

39 13 0.217796

40 13 0.200835

41 13 0.183082

42 13 0.164606

43 13 0.145481

44 13 0.125781

45 13 0.105585

46 13 0.0849727

47 13 0.0640247

48 13 0.042824

49 13 0.0214544

50 13 0

0 14 0

1 14 0.0226771

2 14 0.0452646

3 14 0.0676735

4 14 0.0898154

5 14 0.111603

6 14 0.13295

7 14 0.153772

8 14 0.173987

9 14 0.193516

10 14 0.212281

11 14 0.230208

12 14 0.247227

13 14 0.26327

14 14 0.278274

15 14 0.29218

16 14 0.304933

17 14 0.316482

18 14 0.326782

19 14 0.335793

20 14 0.343478

21 14 0.349808

22 14 0.354757

23 14 0.358306

24 14 0.360441

25 14 0.361154

26 14 0.360441

27 14 0.358306

28 14 0.354757

29 14 0.349808

30 14 0.343478

31 14 0.335793

32 14 0.326782

33 14 0.316482

34 14 0.304933

35 14 0.29218

36 14 0.278274

37 14 0.26327

38 14 0.247227

39 14 0.230208

40 14 0.212281

41 14 0.193516

42 14 0.173987

43 14 0.153772

44 14 0.13295

45 14 0.111603

46 14 0.0898154

47 14 0.0676735

48 14 0.0452646

49 14 0.0226771

50 14 0

0 15 0

1 15 0.0238103

2 15 0.0475266

3 15 0.0710553

4 15 0.0943036

5 15 0.11718

6 15 0.139593

7 15 0.161456

8 15 0.182682

9 15 0.203186

10 15 0.222889

11 15 0.241712

12 15 0.259581

13 15 0.276426

14 15 0.29218

15 15 0.306781

16 15 0.32017

17 15 0.332297

18 15 0.343112

19 15 0.352573

20 15 0.360642

21 15 0.367288

22 15 0.372485

23 15 0.376211

24 15 0.378453

25 15 0.379202

26 15 0.378453

27 15 0.376211

28 15 0.372485

29 15 0.367288

30 15 0.360642

31 15 0.352573

32 15 0.343112

33 15 0.332297

34 15 0.32017

35 15 0.306781

36 15 0.29218

37 15 0.276426

38 15 0.259581

39 15 0.241712

40 15 0.222889

41 15 0.203186

42 15 0.182682

43 15 0.161456

44 15 0.139593

45 15 0.11718

46 15 0.0943036

47 15 0.0710553

48 15 0.0475266

49 15 0.0238103

50 15 0

0 16 0

1 16 0.0248495

2 16 0.0496009

3 16 0.0741566

4 16 0.0984196

5 16 0.122294

6 16 0.145686

7 16 0.168503

8 16 0.190655

9 16 0.212055

10 16 0.232617

11 16 0.252262

12 16 0.270911

13 16 0.288491

14 16 0.304933

15 16 0.32017

16 16 0.334145

17 16 0.346801

18 16 0.358088

19 16 0.367961

20 16 0.376383

21 16 0.383319

22 16 0.388743

23 16 0.392632

24 16 0.394972

25 16 0.395752

26 16 0.394972

27 16 0.392632

28 16 0.388743

29 16 0.383319

30 16 0.376383

31 16 0.367961

32 16 0.358088

33 16 0.346801

34 16 0.334145

35 16 0.32017

36 16 0.304933

37 16 0.288491

38 16 0.270911

39 16 0.252262

40 16 0.232617

41 16 0.212055

42 16 0.190655

43 16 0.168503

44 16 0.145686

45 16 0.122294

46 16 0.0984196

47 16 0.0741566

48 16 0.0496009

49 16 0.0248495

50 16 0

0 17 0

1 17 0.0257907

2 17 0.0514796

3 17 0.0769653

4 17 0.102147

5 17 0.126926

6 17 0.151204

7 17 0.174885

8 17 0.197876

9 17 0.220086

10 17 0.241428

11 17 0.261816

12 17 0.281172

13 17 0.299418

14 17 0.316482

15 17 0.332297

16 17 0.346801

17 17 0.359936

18 17 0.37165

19 17 0.381898

20 17 0.390638

21 17 0.397837

22 17 0.403466

23 17 0.407503

24 17 0.409931

25 17 0.410742

26 17 0.409931

27 17 0.407503

28 17 0.403466

29 17 0.397837

30 17 0.390638

31 17 0.381898

32 17 0.37165

33 17 0.359936

34 17 0.346801

35 17 0.332297

36 17 0.316482

37 17 0.299418

38 17 0.281172

39 17 0.261816

40 17 0.241428

41 17 0.220086

42 17 0.197876

43 17 0.174885

44 17 0.151204

45 17 0.126926

46 17 0.102147

47 17 0.0769653

48 17 0.0514796

49 17 0.0257907

50 17 0

0 18 0

1 18 0.0266301

2 18 0.053155

3 18 0.0794702

4 18 0.105472

5 18 0.131057

6 18 0.156125

7 18 0.180577

8 18 0.204316

9 18 0.227249

10 18 0.249285

11 18 0.270338

12 18 0.290323

13 18 0.309163

14 18 0.326782

15 18 0.343112

16 18 0.358088

17 18 0.37165

18 18 0.383746

19 18 0.394327

20 18 0.403352

21 18 0.410785

22 18 0.416597

23 18 0.420765

24 18 0.423273

25 18 0.42411

26 18 0.423273

27 18 0.420765

28 18 0.416597

29 18 0.410785

30 18 0.403352

31 18 0.394327

32 18 0.383746

33 18 0.37165

34 18 0.358088

35 18 0.343112

36 18 0.326782

37 18 0.309163

38 18 0.290323

39 18 0.270338

40 18 0.249285

41 18 0.227249

42 18 0.204316

43 18 0.180577

44 18 0.156125

45 18 0.131057

46 18 0.105472

47 18 0.0794702

48 18 0.053155

49 18 0.0266301

50 18 0

0 19 0

1 19 0.0273643

2 19 0.0546207

3 19 0.0816615

4 19 0.10838

5 19 0.134671

6 19 0.16043

7 19 0.185556

8 19 0.20995

9 19 0.233515

10 19 0.256159

11 19 0.277792

12 19 0.298328

13 19 0.317687

14 19 0.335793

15 19 0.352573

16 19 0.367961

17 19 0.381898

18 19 0.394327

19 19 0.4052

20 19 0.414474

21 19 0.422112

22 19 0.428085

23 19 0.432367

24 19 0.434944

25 19 0.435804

26 19 0.434944

27 19 0.432367

28 19 0.428085

29 19 0.422112

30 19 0.414474

31 19 0.4052

32 19 0.394327

33 19 0.381898

34 19 0.367961

35 19 0.352573

36 19 0.335793

37 19 0.317687

38 19 0.298328

39 19 0.277792

40 19 0.256159

41 19 0.233515

42 19 0.20995

43 19 0.185556

44 19 0.16043

45 19 0.134671

46 19 0.10838

47 19 0.0816615

48 19 0.0546207

49 19 0.0273643

50 19 0

0 20 0

1 20 0.0279906

2 20 0.0558708

3 20 0.0835305

4 20 0.110861

5 20 0.137753

6 20 0.164102

7 20 0.189803

8 20 0.214755

9 20 0.23886

10 20 0.262022

11 20 0.28415

12 20 0.305156

13 20 0.324958

14 20 0.343478

15 20 0.360642

16 20 0.376383

17 20 0.390638

18 20 0.403352

19 20 0.414474

20 20 0.42396

21 20 0.431773

22 20 0.437882

23 20 0.442263

24 20 0.444899

25 20 0.445778

26 20 0.444899

27 20 0.442263

28 20 0.437882

29 20 0.431773

30 20 0.42396

31 20 0.414474

32 20 0.403352

33 20 0.390638

34 20 0.376383

35 20 0.360642

36 20 0.343478

37 20 0.324958

38 20 0.305156

39 20 0.28415

40 20 0.262022

41 20 0.23886

42 20 0.214755

43 20 0.189803

44 20 0.164102

45 20 0.137753

46 20 0.110861

47 20 0.0835305

48 20 0.0558708

49 20 0.0279906

50 20 0

0 21 0

1 21 0.0285065

2 21 0.0569004

3 21 0.0850699

4 21 0.112904

5 21 0.140292

6 21 0.167126

7 21 0.193301

8 21 0.218713

9 21 0.243262

10 21 0.266851

11 21 0.289386

12 21 0.31078

13 21 0.330947

14 21 0.349808

15 21 0.367288

16 21 0.383319

17 21 0.397837

18 21 0.410785

19 21 0.422112

20 21 0.431773

21 21 0.43973

22 21 0.445952

23 21 0.450413

24 21 0.453097

25 21 0.453993

26 21 0.453097

27 21 0.450413

28 21 0.445952

29 21 0.43973

30 21 0.431773

31 21 0.422112

32 21 0.410785

33 21 0.397837

34 21 0.383319

35 21 0.367288

36 21 0.349808

37 21 0.330947

38 21 0.31078

39 21 0.289386

40 21 0.266851

41 21 0.243262

42 21 0.218713

43 21 0.193301

44 21 0.167126

45 21 0.140292

46 21 0.112904

47 21 0.0850699

48 21 0.0569004

49 21 0.0285065

50 21 0

0 22 0

1 22 0.0289098

2 22 0.0577055

3 22 0.0862735

4 22 0.114501

5 22 0.142277

6 22 0.169491

7 22 0.196036

8 22 0.221807

9 22 0.246704

10 22 0.270626

11 22 0.293481

12 22 0.315177

13 22 0.335629

14 22 0.354757

15 22 0.372485

16 22 0.388743

17 22 0.403466

18 22 0.416597

19 22 0.428085

20 22 0.437882

21 22 0.445952

22 22 0.452261

23 22 0.456786

24 22 0.459508

25 22 0.460417

26 22 0.459508

27 22 0.456786

28 22 0.452261

29 22 0.445952

30 22 0.437882

31 22 0.428085

32 22 0.416597

33 22 0.403466

34 22 0.388743

35 22 0.372485

36 22 0.354757

37 22 0.335629

38 22 0.315177

39 22 0.293481

40 22 0.270626

41 22 0.246704

42 22 0.221807

43 22 0.196036

44 22 0.169491

45 22 0.142277

46 22 0.114501

47 22 0.0862735

48 22 0.0577055

49 22 0.0289098

50 22 0

0 23 0

1 23 0.029199

2 23 0.0582828

3 23 0.0871366

4 23 0.115646

5 23 0.1437

6 23 0.171186

7 23 0.197997

8 23 0.224027

9 23 0.249172

10 23 0.273334

11 23 0.296417

12 23 0.31833

13 23 0.338987

14 23 0.358306

15 23 0.376211

16 23 0.392632

17 23 0.407503

18 23 0.420765

19 23 0.432367

20 23 0.442263

21 23 0.450413

22 23 0.456786

23 23 0.461356

24 23 0.464105

25 23 0.465023

26 23 0.464105

27 23 0.461356

28 23 0.456786

29 23 0.450413

30 23 0.442263

31 23 0.432367

32 23 0.420765

33 23 0.407503

34 23 0.392632

35 23 0.376211

36 23 0.358306

37 23 0.338987

38 23 0.31833

39 23 0.296417

40 23 0.273334

41 23 0.249172

42 23 0.224027

43 23 0.197997

44 23 0.171186

45 23 0.1437

46 23 0.115646

47 23 0.0871366

48 23 0.0582828

49 23 0.029199

50 23 0

0 24 0

1 24 0.029373

2 24 0.0586301

3 24 0.0876559

4 24 0.116336

5 24 0.144556

6 24 0.172206

7 24 0.199177

8 24 0.225361

9 24 0.250657

10 24 0.274962

11 24 0.298183

12 24 0.320227

13 24 0.341007

14 24 0.360441

15 24 0.378453

16 24 0.394972

17 24 0.409931

18 24 0.423273

19 24 0.434944

20 24 0.444899

21 24 0.453097

22 24 0.459508

23 24 0.464105

24 24 0.466871

25 24 0.467794

26 24 0.466871

27 24 0.464105

28 24 0.459508

29 24 0.453097

30 24 0.444899

31 24 0.434944

32 24 0.423273

33 24 0.409931

34 24 0.394972

35 24 0.378453

36 24 0.360441

37 24 0.341007

38 24 0.320227

39 24 0.298183

40 24 0.274962

41 24 0.250657

42 24 0.225361

43 24 0.199177

44 24 0.172206

45 24 0.144556

46 24 0.116336

47 24 0.0876559

48 24 0.0586301

49 24 0.029373

50 24 0

0 25 0

1 25 0.0294311

2 25 0.0587461

3 25 0.0878292

4 25 0.116566

5 25 0.144842

6 25 0.172547

7 25 0.199571

8 25 0.225807

9 25 0.251152

10 25 0.275506

11 25 0.298773

12 25 0.32086

13 25 0.341681

14 25 0.361154

15 25 0.379202

16 25 0.395752

17 25 0.410742

18 25 0.42411

19 25 0.435804

20 25 0.445778

21 25 0.453993

22 25 0.460417

23 25 0.465023

24 25 0.467794

25 25 0.468719

26 25 0.467794

27 25 0.465023

28 25 0.460417

29 25 0.453993

30 25 0.445778

31 25 0.435804

32 25 0.42411

33 25 0.410742

34 25 0.395752

35 25 0.379202

36 25 0.361154

37 25 0.341681

38 25 0.32086

39 25 0.298773

40 25 0.275506

41 25 0.251152

42 25 0.225807

43 25 0.199571

44 25 0.172547

45 25 0.144842

46 25 0.116566

47 25 0.0878292

48 25 0.0587461

49 25 0.0294311

50 25 0

0 26 0

1 26 0.029373

2 26 0.0586301

3 26 0.0876559

4 26 0.116336

5 26 0.144556

6 26 0.172206

7 26 0.199177

8 26 0.225361

9 26 0.250657

10 26 0.274962

11 26 0.298183

12 26 0.320227

13 26 0.341007

14 26 0.360441

15 26 0.378453

16 26 0.394972

17 26 0.409931

18 26 0.423273

19 26 0.434944

20 26 0.444899

21 26 0.453097

22 26 0.459508

23 26 0.464105

24 26 0.466871

25 26 0.467794

26 26 0.466871

27 26 0.464105

28 26 0.459508

29 26 0.453097

30 26 0.444899

31 26 0.434944

32 26 0.423273

33 26 0.409931

34 26 0.394972

35 26 0.378453

36 26 0.360441

37 26 0.341007

38 26 0.320227

39 26 0.298183

40 26 0.274962

41 26 0.250657

42 26 0.225361

43 26 0.199177

44 26 0.172206

45 26 0.144556

46 26 0.116336

47 26 0.0876559

48 26 0.0586301

49 26 0.029373

50 26 0

0 27 0

1 27 0.029199

2 27 0.0582828

3 27 0.0871366

4 27 0.115646

5 27 0.1437

6 27 0.171186

7 27 0.197997

8 27 0.224027

9 27 0.249172

10 27 0.273334

11 27 0.296417

12 27 0.31833

13 27 0.338987

14 27 0.358306

15 27 0.376211

16 27 0.392632

17 27 0.407503

18 27 0.420765

19 27 0.432367

20 27 0.442263

21 27 0.450413

22 27 0.456786

23 27 0.461356

24 27 0.464105

25 27 0.465023

26 27 0.464105

27 27 0.461356

28 27 0.456786

29 27 0.450413

30 27 0.442263

31 27 0.432367

32 27 0.420765

33 27 0.407503

34 27 0.392632

35 27 0.376211

36 27 0.358306

37 27 0.338987

38 27 0.31833

39 27 0.296417

40 27 0.273334

41 27 0.249172

42 27 0.224027

43 27 0.197997

44 27 0.171186

45 27 0.1437

46 27 0.115646

47 27 0.0871366

48 27 0.0582828

49 27 0.029199

50 27 0

0 28 0

1 28 0.0289098

2 28 0.0577055

3 28 0.0862735

4 28 0.114501

5 28 0.142277

6 28 0.169491

7 28 0.196036

8 28 0.221807

9 28 0.246704

10 28 0.270626

11 28 0.293481

12 28 0.315177

13 28 0.335629

14 28 0.354757

15 28 0.372485

16 28 0.388743

17 28 0.403466

18 28 0.416597

19 28 0.428085

20 28 0.437882

21 28 0.445952

22 28 0.452261

23 28 0.456786

24 28 0.459508

25 28 0.460417

26 28 0.459508

27 28 0.456786

28 28 0.452261

29 28 0.445952

30 28 0.437882

31 28 0.428085

32 28 0.416597

33 28 0.403466

34 28 0.388743

35 28 0.372485

36 28 0.354757

37 28 0.335629

38 28 0.315177

39 28 0.293481

40 28 0.270626

41 28 0.246704

42 28 0.221807

43 28 0.196036

44 28 0.169491

45 28 0.142277

46 28 0.114501

47 28 0.0862735

48 28 0.0577055

49 28 0.0289098

50 28 0

0 29 0

1 29 0.0285065

2 29 0.0569004

3 29 0.0850699

4 29 0.112904

5 29 0.140292

6 29 0.167126

7 29 0.193301

8 29 0.218713

9 29 0.243262

10 29 0.266851

11 29 0.289386

12 29 0.31078

13 29 0.330947

14 29 0.349808

15 29 0.367288

16 29 0.383319

17 29 0.397837

18 29 0.410785

19 29 0.422112

20 29 0.431773

21 29 0.43973

22 29 0.445952

23 29 0.450413

24 29 0.453097

25 29 0.453993

26 29 0.453097

27 29 0.450413

28 29 0.445952

29 29 0.43973

30 29 0.431773

31 29 0.422112

32 29 0.410785

33 29 0.397837

34 29 0.383319

35 29 0.367288

36 29 0.349808

37 29 0.330947

38 29 0.31078

39 29 0.289386

40 29 0.266851

41 29 0.243262

42 29 0.218713

43 29 0.193301

44 29 0.167126

45 29 0.140292

46 29 0.112904

47 29 0.0850699

48 29 0.0569004

49 29 0.0285065

50 29 0

0 30 0

1 30 0.0279906

2 30 0.0558708

3 30 0.0835305

4 30 0.110861

5 30 0.137753

6 30 0.164102

7 30 0.189803

8 30 0.214755

9 30 0.23886

10 30 0.262022

11 30 0.28415

12 30 0.305156

13 30 0.324958

14 30 0.343478

15 30 0.360642

16 30 0.376383

17 30 0.390638

18 30 0.403352

19 30 0.414474

20 30 0.42396

21 30 0.431773

22 30 0.437882

23 30 0.442263

24 30 0.444899

25 30 0.445778

26 30 0.444899

27 30 0.442263

28 30 0.437882

29 30 0.431773

30 30 0.42396

31 30 0.414474

32 30 0.403352

33 30 0.390638

34 30 0.376383

35 30 0.360642

36 30 0.343478

37 30 0.324958

38 30 0.305156

39 30 0.28415

40 30 0.262022

41 30 0.23886

42 30 0.214755

43 30 0.189803

44 30 0.164102

45 30 0.137753

46 30 0.110861

47 30 0.0835305

48 30 0.0558708

49 30 0.0279906

50 30 0

0 31 0

1 31 0.0273643

2 31 0.0546207

3 31 0.0816615

4 31 0.10838

5 31 0.134671

6 31 0.16043

7 31 0.185556

8 31 0.20995

9 31 0.233515

10 31 0.256159

11 31 0.277792

12 31 0.298328

13 31 0.317687

14 31 0.335793

15 31 0.352573

16 31 0.367961

17 31 0.381898

18 31 0.394327

19 31 0.4052

20 31 0.414474

21 31 0.422112

22 31 0.428085

23 31 0.432367

24 31 0.434944

25 31 0.435804

26 31 0.434944

27 31 0.432367

28 31 0.428085

29 31 0.422112

30 31 0.414474

31 31 0.4052

32 31 0.394327

33 31 0.381898

34 31 0.367961

35 31 0.352573

36 31 0.335793

37 31 0.317687

38 31 0.298328

39 31 0.277792

40 31 0.256159

41 31 0.233515

42 31 0.20995

43 31 0.185556

44 31 0.16043

45 31 0.134671

46 31 0.10838

47 31 0.0816615

48 31 0.0546207

49 31 0.0273643

50 31 0

0 32 0

1 32 0.0266301

2 32 0.053155

3 32 0.0794702

4 32 0.105472

5 32 0.131057

6 32 0.156125

7 32 0.180577

8 32 0.204316

9 32 0.227249

10 32 0.249285

11 32 0.270338

12 32 0.290323

13 32 0.309163

14 32 0.326782

15 32 0.343112

16 32 0.358088

17 32 0.37165

18 32 0.383746

19 32 0.394327

20 32 0.403352

21 32 0.410785

22 32 0.416597

23 32 0.420765

24 32 0.423273

25 32 0.42411

26 32 0.423273

27 32 0.420765

28 32 0.416597

29 32 0.410785

30 32 0.403352

31 32 0.394327

32 32 0.383746

33 32 0.37165

34 32 0.358088

35 32 0.343112

36 32 0.326782

37 32 0.309163

38 32 0.290323

39 32 0.270338

40 32 0.249285

41 32 0.227249

42 32 0.204316

43 32 0.180577

44 32 0.156125

45 32 0.131057

46 32 0.105472

47 32 0.0794702

48 32 0.053155

49 32 0.0266301

50 32 0

0 33 0

1 33 0.0257907

2 33 0.0514796

3 33 0.0769653

4 33 0.102147

5 33 0.126926

6 33 0.151204

7 33 0.174885

8 33 0.197876

9 33 0.220086

10 33 0.241428

11 33 0.261816

12 33 0.281172

13 33 0.299418

14 33 0.316482

15 33 0.332297

16 33 0.346801

17 33 0.359936

18 33 0.37165

19 33 0.381898

20 33 0.390638

21 33 0.397837

22 33 0.403466

23 33 0.407503

24 33 0.409931

25 33 0.410742

26 33 0.409931

27 33 0.407503

28 33 0.403466

29 33 0.397837

30 33 0.390638

31 33 0.381898

32 33 0.37165

33 33 0.359936

34 33 0.346801

35 33 0.332297

36 33 0.316482

37 33 0.299418

38 33 0.281172

39 33 0.261816

40 33 0.241428

41 33 0.220086

42 33 0.197876

43 33 0.174885

44 33 0.151204

45 33 0.126926

46 33 0.102147

47 33 0.0769653

48 33 0.0514796

49 33 0.0257907

50 33 0

0 34 0

1 34 0.0248495

2 34 0.0496009

3 34 0.0741566

4 34 0.0984196

5 34 0.122294

6 34 0.145686

7 34 0.168503

8 34 0.190655

9 34 0.212055

10 34 0.232617

11 34 0.252262

12 34 0.270911

13 34 0.288491

14 34 0.304933

15 34 0.32017

16 34 0.334145

17 34 0.346801

18 34 0.358088

19 34 0.367961

20 34 0.376383

21 34 0.383319

22 34 0.388743

23 34 0.392632

24 34 0.394972

25 34 0.395752

26 34 0.394972

27 34 0.392632

28 34 0.388743

29 34 0.383319

30 34 0.376383

31 34 0.367961

32 34 0.358088

33 34 0.346801

34 34 0.334145

35 34 0.32017

36 34 0.304933

37 34 0.288491

38 34 0.270911

39 34 0.252262

40 34 0.232617

41 34 0.212055

42 34 0.190655

43 34 0.168503

44 34 0.145686

45 34 0.122294

46 34 0.0984196

47 34 0.0741566

48 34 0.0496009

49 34 0.0248495

50 34 0

0 35 0

1 35 0.0238103

2 35 0.0475266

3 35 0.0710553

4 35 0.0943036

5 35 0.11718

6 35 0.139593

7 35 0.161456

8 35 0.182682

9 35 0.203186

10 35 0.222889

11 35 0.241712

12 35 0.259581

13 35 0.276426

14 35 0.29218

15 35 0.306781

16 35 0.32017

17 35 0.332297

18 35 0.343112

19 35 0.352573

20 35 0.360642

21 35 0.367288

22 35 0.372485

23 35 0.376211

24 35 0.378453

25 35 0.379202

26 35 0.378453

27 35 0.376211

28 35 0.372485

29 35 0.367288

30 35 0.360642

31 35 0.352573

32 35 0.343112

33 35 0.332297

34 35 0.32017

35 35 0.306781

36 35 0.29218

37 35 0.276426

38 35 0.259581

39 35 0.241712

40 35 0.222889

41 35 0.203186

42 35 0.182682

43 35 0.161456

44 35 0.139593

45 35 0.11718

46 35 0.0943036

47 35 0.0710553

48 35 0.0475266

49 35 0.0238103

50 35 0

0 36 0

1 36 0.0226771

2 36 0.0452646

3 36 0.0676735

4 36 0.0898154

5 36 0.111603

6 36 0.13295

7 36 0.153772

8 36 0.173987

9 36 0.193516

10 36 0.212281

11 36 0.230208

12 36 0.247227

13 36 0.26327

14 36 0.278274

15 36 0.29218

16 36 0.304933

17 36 0.316482

18 36 0.326782

19 36 0.335793

20 36 0.343478

21 36 0.349808

22 36 0.354757

23 36 0.358306

24 36 0.360441

25 36 0.361154

26 36 0.360441

27 36 0.358306

28 36 0.354757

29 36 0.349808

30 36 0.343478

31 36 0.335793

32 36 0.326782

33 36 0.316482

34 36 0.304933

35 36 0.29218

36 36 0.278274

37 36 0.26327

38 36 0.247227

39 36 0.230208

40 36 0.212281

41 36 0.193516

42 36 0.173987

43 36 0.153772

44 36 0.13295

45 36 0.111603

46 36 0.0898154

47 36 0.0676735

48 36 0.0452646

49 36 0.0226771

50 36 0

0 37 0

1 37 0.0214544

2 37 0.042824

3 37 0.0640247

4 37 0.0849727

5 37 0.105585

6 37 0.125781

7 37 0.145481

8 37 0.164606

9 37 0.183082

10 37 0.200835

11 37 0.217796

12 37 0.233897

13 37 0.249075

14 37 0.26327

15 37 0.276426

16 37 0.288491

17 37 0.299418

18 37 0.309163

19 37 0.317687

20 37 0.324958

21 37 0.330947

22 37 0.335629

23 37 0.338987

24 37 0.341007

25 37 0.341681

26 37 0.341007

27 37 0.338987

28 37 0.335629

29 37 0.330947

30 37 0.324958

31 37 0.317687

32 37 0.309163

33 37 0.299418

34 37 0.288491

35 37 0.276426

36 37 0.26327

37 37 0.249075

38 37 0.233897

39 37 0.217796

40 37 0.200835

41 37 0.183082

42 37 0.164606

43 37 0.145481

44 37 0.125781

45 37 0.105585

46 37 0.0849727

47 37 0.0640247

48 37 0.042824

49 37 0.0214544

50 37 0

0 38 0

1 38 0.020147

2 38 0.0402144

3 38 0.0601232

4 38 0.0797947

5 38 0.0991512

6 38 0.118117

7 38 0.136616

8 38 0.154576

9 38 0.171925

10 38 0.188597

11 38 0.204524

12 38 0.219644

13 38 0.233897

14 38 0.247227

15 38 0.259581

16 38 0.270911

17 38 0.281172

18 38 0.290323

19 38 0.298328

20 38 0.305156

21 38 0.31078

22 38 0.315177

23 38 0.31833

24 38 0.320227

25 38 0.32086

26 38 0.320227

27 38 0.31833

28 38 0.315177

29 38 0.31078

30 38 0.305156

31 38 0.298328

32 38 0.290323

33 38 0.281172

34 38 0.270911

35 38 0.259581

36 38 0.247227

37 38 0.233897

38 38 0.219644

39 38 0.204524

40 38 0.188597

41 38 0.171925

42 38 0.154576

43 38 0.136616

44 38 0.118117

45 38 0.0991512

46 38 0.0797947

47 38 0.0601232

48 38 0.0402144

49 38 0.020147

50 38 0

0 39 0

1 39 0.0187601

2 39 0.0374461

3 39 0.0559844

4 39 0.0743017

5 39 0.0923258

6 39 0.109986

7 39 0.127211

8 39 0.143935

9 39 0.16009

10 39 0.175614

11 39 0.190445

12 39 0.204524

13 39 0.217796

14 39 0.230208

15 39 0.241712

16 39 0.252262

17 39 0.261816

18 39 0.270338

19 39 0.277792

20 39 0.28415

21 39 0.289386

22 39 0.293481

23 39 0.296417

24 39 0.298183

25 39 0.298773

26 39 0.298183

27 39 0.296417

28 39 0.293481

29 39 0.289386

30 39 0.28415

31 39 0.277792

32 39 0.270338

33 39 0.261816

34 39 0.252262

35 39 0.241712

36 39 0.230208

37 39 0.217796

38 39 0.204524

39 39 0.190445

40 39 0.175614

41 39 0.16009

42 39 0.143935

43 39 0.127211

44 39 0.109986

45 39 0.0923258

46 39 0.0743017

47 39 0.0559844

48 39 0.0374461

49 39 0.0187601

50 39 0

0 40 0

1 40 0.0172992

2 40 0.0345301

3 40 0.0516247

4 40 0.0685156

5 40 0.0851361

6 40 0.101421

7 40 0.117305

8 40 0.132726

9 40 0.147624

10 40 0.161938

11 40 0.175614

12 40 0.188597

13 40 0.200835

14 40 0.212281

15 40 0.222889

16 40 0.232617

17 40 0.241428

18 40 0.249285

19 40 0.256159

20 40 0.262022

21 40 0.266851

22 40 0.270626

23 40 0.273334

24 40 0.274962

25 40 0.275506

26 40 0.274962

27 40 0.273334

28 40 0.270626

29 40 0.266851

30 40 0.262022

31 40 0.256159

32 40 0.249285

33 40 0.241428

34 40 0.232617

35 40 0.222889

36 40 0.212281

37 40 0.200835

38 40 0.188597

39 40 0.175614

40 40 0.161938

41 40 0.147624

42 40 0.132726

43 40 0.117305

44 40 0.101421

45 40 0.0851361

46 40 0.0685156

47 40 0.0516247

48 40 0.0345301

49 40 0.0172992

50 40 0

0 41 0

1 41 0.01577

2 41 0.0314777

3 41 0.0470612

4 41 0.062459

5 41 0.0776103

6 41 0.0924553

7 41 0.106935

8 41 0.120993

9 41 0.134574

10 41 0.147624

11 41 0.16009

12 41 0.171925

13 41 0.183082

14 41 0.193516

15 41 0.203186

16 41 0.212055

17 41 0.220086

18 41 0.227249

19 41 0.233515

20 41 0.23886

21 41 0.243262

22 41 0.246704

23 41 0.249172

24 41 0.250657

25 41 0.251152

26 41 0.250657

27 41 0.249172

28 41 0.246704

29 41 0.243262

30 41 0.23886

31 41 0.233515

32 41 0.227249

33 41 0.220086

34 41 0.212055

35 41 0.203186

36 41 0.193516

37 41 0.183082

38 41 0.171925

39 41 0.16009

40 41 0.147624

41 41 0.134574

42 41 0.120993

43 41 0.106935

44 41 0.0924553

45 41 0.0776103

46 41 0.062459

47 41 0.0470612

48 41 0.0314777

49 41 0.01577

50 41 0

0 42 0

1 42 0.0141785

2 42 0.0283011

3 42 0.042312

4 42 0.0561559

5 42 0.0697782

6 42 0.0831251

7 42 0.096144

8 42 0.108783

9 42 0.120993

10 42 0.132726

11 42 0.143935

12 42 0.154576

13 42 0.164606

14 42 0.173987

15 42 0.182682

16 42 0.190655

17 42 0.197876

18 42 0.204316

19 42 0.20995

20 42 0.214755

21 42 0.218713

22 42 0.221807

23 42 0.224027

24 42 0.225361

25 42 0.225807

26 42 0.225361

27 42 0.224027

28 42 0.221807

29 42 0.218713

30 42 0.214755

31 42 0.20995

32 42 0.204316

33 42 0.197876

34 42 0.190655

35 42 0.182682

36 42 0.173987

37 42 0.164606

38 42 0.154576

39 42 0.143935

40 42 0.132726

41 42 0.120993

42 42 0.108783

43 42 0.096144

44 42 0.0831251

45 42 0.0697782

46 42 0.0561559

47 42 0.042312

48 42 0.0283011

49 42 0.0141785

50 42 0

0 43 0

1 43 0.0125312

2 43 0.0250129

3 43 0.0373958

4 43 0.0496312

5 43 0.0616708

6 43 0.0734669

7 43 0.0849731

8 43 0.096144

9 43 0.106935

10 43 0.117305

11 43 0.127211

12 43 0.136616

13 43 0.145481

14 43 0.153772

15 43 0.161456

16 43 0.168503

17 43 0.174885

18 43 0.180577

19 43 0.185556

20 43 0.189803

21 43 0.193301

22 43 0.196036

23 43 0.197997

24 43 0.199177

25 43 0.199571

26 43 0.199177

27 43 0.197997

28 43 0.196036

29 43 0.193301

30 43 0.189803

31 43 0.185556

32 43 0.180577

33 43 0.174885

34 43 0.168503

35 43 0.161456

36 43 0.153772

37 43 0.145481

38 43 0.136616

39 43 0.127211

40 43 0.117305

41 43 0.106935

42 43 0.096144

43 43 0.0849731

44 43 0.0734669

45 43 0.0616708

46 43 0.0496312

47 43 0.0373958

48 43 0.0250129

49 43 0.0125312

50 43 0

0 44 0

1 44 0.0108343

2 44 0.0216259

3 44 0.0323321

4 44 0.0429107

5 44 0.0533199

6 44 0.0635188

7 44 0.0734669

8 44 0.0831251

9 44 0.0924553

10 44 0.101421

11 44 0.109986

12 44 0.118117

13 44 0.125781

14 44 0.13295

15 44 0.139593

16 44 0.145686

17 44 0.151204

18 44 0.156125

19 44 0.16043

20 44 0.164102

21 44 0.167126

22 44 0.169491

23 44 0.171186

24 44 0.172206

25 44 0.172547

26 44 0.172206

27 44 0.171186

28 44 0.169491

29 44 0.167126

30 44 0.164102

31 44 0.16043

32 44 0.156125

33 44 0.151204

34 44 0.145686

35 44 0.139593

36 44 0.13295

37 44 0.125781

38 44 0.118117

39 44 0.109986

40 44 0.101421

41 44 0.0924553

42 44 0.0831251

43 44 0.0734669

44 44 0.0635188

45 44 0.0533199

46 44 0.0429107

47 44 0.0323321

48 44 0.0216259

49 44 0.0108343

50 44 0

0 45 0

1 45 0.00909471

2 45 0.0181535

3 45 0.0271407

4 45 0.0360208

5 45 0.0447587

6 45 0.0533199

7 45 0.0616708

8 45 0.0697782

9 45 0.0776103

10 45 0.0851361

11 45 0.0923258

12 45 0.0991512

13 45 0.105585

14 45 0.111603

15 45 0.11718

16 45 0.122294

17 45 0.126926

18 45 0.131057

19 45 0.134671

20 45 0.137753

21 45 0.140292

22 45 0.142277

23 45 0.1437

24 45 0.144556

25 45 0.144842

26 45 0.144556

27 45 0.1437

28 45 0.142277

29 45 0.140292

30 45 0.137753

31 45 0.134671

32 45 0.131057

33 45 0.126926

34 45 0.122294

35 45 0.11718

36 45 0.111603

37 45 0.105585

38 45 0.0991512

39 45 0.0923258

40 45 0.0851361

41 45 0.0776103

42 45 0.0697782

43 45 0.0616708

44 45 0.0533199

45 45 0.0447587

46 45 0.0360208

47 45 0.0271407

48 45 0.0181535

49 45 0.00909471

50 45 0

0 46 0

1 46 0.00731922

2 46 0.0146096

3 46 0.0218422

4 46 0.0289887

5 46 0.0360208

6 46 0.0429107

7 46 0.0496312

8 46 0.0561559

9 46 0.062459

10 46 0.0685156

11 46 0.0743017

12 46 0.0797947

13 46 0.0849727

14 46 0.0898154

15 46 0.0943036

16 46 0.0984196

17 46 0.102147

18 46 0.105472

19 46 0.10838

20 46 0.110861

21 46 0.112904

22 46 0.114501

23 46 0.115646

24 46 0.116336

25 46 0.116566

26 46 0.116336

27 46 0.115646

28 46 0.114501

29 46 0.112904

30 46 0.110861

31 46 0.10838

32 46 0.105472

33 46 0.102147

34 46 0.0984196

35 46 0.0943036

36 46 0.0898154

37 46 0.0849727

38 46 0.0797947

39 46 0.0743017

40 46 0.0685156

41 46 0.062459

42 46 0.0561559

43 46 0.0496312

44 46 0.0429107

45 46 0.0360208

46 46 0.0289887

47 46 0.0218422

48 46 0.0146096

49 46 0.00731922

50 46 0

0 47 0

1 47 0.00551484

2 47 0.0110079

3 47 0.0164575

4 47 0.0218422

5 47 0.0271407

6 47 0.0323321

7 47 0.0373958

8 47 0.042312

9 47 0.0470612

10 47 0.0516247

11 47 0.0559844

12 47 0.0601232

13 47 0.0640247

14 47 0.0676735

15 47 0.0710553

16 47 0.0741566

17 47 0.0769653

18 47 0.0794702

19 47 0.0816615

20 47 0.0835305

21 47 0.0850699

22 47 0.0862735

23 47 0.0871366

24 47 0.0876559

25 47 0.0878292

26 47 0.0876559

27 47 0.0871366

28 47 0.0862735

29 47 0.0850699

30 47 0.0835305

31 47 0.0816615

32 47 0.0794702

33 47 0.0769653

34 47 0.0741566

35 47 0.0710553

36 47 0.0676735

37 47 0.0640247

38 47 0.0601232

39 47 0.0559844

40 47 0.0516247

41 47 0.0470612

42 47 0.042312

43 47 0.0373958

44 47 0.0323321

45 47 0.0271407

46 47 0.0218422

47 47 0.0164575

48 47 0.0110079

49 47 0.00551484

50 47 0

0 48 0

1 48 0.0036887

2 48 0.00736283

3 48 0.0110079

4 48 0.0146096

5 48 0.0181535

6 48 0.0216259

7 48 0.0250129

8 48 0.0283011

9 48 0.0314777

10 48 0.0345301

11 48 0.0374461

12 48 0.0402144

13 48 0.042824

14 48 0.0452646

15 48 0.0475266

16 48 0.0496009

17 48 0.0514796

18 48 0.053155

19 48 0.0546207

20 48 0.0558708

21 48 0.0569004

22 48 0.0577055

23 48 0.0582828

24 48 0.0586301

25 48 0.0587461

26 48 0.0586301

27 48 0.0582828

28 48 0.0577055

29 48 0.0569004

30 48 0.0558708

31 48 0.0546207

32 48 0.053155

33 48 0.0514796

34 48 0.0496009

35 48 0.0475266

36 48 0.0452646

37 48 0.042824

38 48 0.0402144

39 48 0.0374461

40 48 0.0345301

41 48 0.0314777

42 48 0.0283011

43 48 0.0250129

44 48 0.0216259

45 48 0.0181535

46 48 0.0146096

47 48 0.0110079

48 48 0.00736283

49 48 0.0036887

50 48 0

0 49 0

1 49 0.00184799

2 49 0.0036887

3 49 0.00551484

4 49 0.00731922

5 49 0.00909471

6 49 0.0108343

7 49 0.0125312

8 49 0.0141785

9 49 0.01577

10 49 0.0172992

11 49 0.0187601

12 49 0.020147

13 49 0.0214544

14 49 0.0226771

15 49 0.0238103

16 49 0.0248495

17 49 0.0257907

18 49 0.0266301

19 49 0.0273643

20 49 0.0279906

21 49 0.0285065

22 49 0.0289098

23 49 0.029199

24 49 0.029373

25 49 0.0294311

26 49 0.029373

27 49 0.029199

28 49 0.0289098

29 49 0.0285065

30 49 0.0279906

31 49 0.0273643

32 49 0.0266301

33 49 0.0257907

34 49 0.0248495

35 49 0.0238103

36 49 0.0226771

37 49 0.0214544

38 49 0.020147

39 49 0.0187601

40 49 0.0172992

41 49 0.01577

42 49 0.0141785

43 49 0.0125312

44 49 0.0108343

45 49 0.00909471

46 49 0.00731922

47 49 0.00551484

48 49 0.0036887

49 49 0.00184799

50 49 0

