0 1 0

1 1 0.000631674

2 1 0.00126086

3 1 0.00188506

4 1 0.00250183

5 1 0.00310872

6 1 0.00370334

7 1 0.00428335

8 1 0.00484646

9 1 0.00539043

10 1 0.00591314

11 1 0.0064125

12 1 0.00688656

13 1 0.00733345

14 1 0.00775139

15 1 0.00813873

16 1 0.00849396

17 1 0.00881567

18 1 0.00910259

19 1 0.00935358

20 1 0.00956766

21 1 0.00974397

22 1 0.00988184

23 1 0.0099807

24 1 0.0100402

25 1 0.01006

26 1 0.0100402

27 1 0.0099807

28 1 0.00988184

29 1 0.00974397

30 1 0.00956766

31 1 0.00935358

32 1 0.00910259

33 1 0.00881567

34 1 0.00849396

35 1 0.00813873

36 1 0.00775139

37 1 0.00733345

38 1 0.00688656

39 1 0.0064125

40 1 0.00591314

41 1 0.00539043

42 1 0.00484646

43 1 0.00428335

44 1 0.00370334

45 1 0.00310872

46 1 0.00250183

47 1 0.00188506

48 1 0.00126086

49 1 0.000631674

50 1 0

0 2 0

1 2 0.00126086

2 2 0.00251674

3 2 0.00376268

4 2 0.00499378

5 2 0.00620517

6 2 0.00739207

7 2 0.0085498

8 2 0.00967379

9 2 0.0107596

10 2 0.0118029

11 2 0.0127997

12 2 0.0137459

13 2 0.0146379

14 2 0.0154722

15 2 0.0162453

16 2 0.0169544

17 2 0.0175965

18 2 0.0181692

19 2 0.0186702

20 2 0.0190976

21 2 0.0194495

22 2 0.0197247

23 2 0.019922

24 2 0.0200407

25 2 0.0200804

26 2 0.0200407

27 2 0.019922

28 2 0.0197247

29 2 0.0194495

30 2 0.0190976

31 2 0.0186702

32 2 0.0181692

33 2 0.0175965

34 2 0.0169544

35 2 0.0162453

36 2 0.0154722

37 2 0.0146379

38 2 0.0137459

39 2 0.0127997

40 2 0.0118029

41 2 0.0107596

42 2 0.00967379

43 2 0.0085498

44 2 0.00739207

45 2 0.00620517

46 2 0.00499378

47 2 0.00376268

48 2 0.00251674

49 2 0.00126086

50 2 0

0 3 0

1 3 0.00188506

2 3 0.00376268

3 3 0.00562546

4 3 0.00746603

5 3 0.00927713

6 3 0.0110516

7 3 0.0127825

8 3 0.0144629

9 3 0.0160863

10 3 0.0176462

11 3 0.0191364

12 3 0.0205511

13 3 0.0218847

14 3 0.0231319

15 3 0.0242879

16 3 0.0253479

17 3 0.026308

18 3 0.0271642

19 3 0.0279132

20 3 0.0285521

21 3 0.0290783

22 3 0.0294897

23 3 0.0297847

24 3 0.0299622

25 3 0.0300214

26 3 0.0299622

27 3 0.0297847

28 3 0.0294897

29 3 0.0290783

30 3 0.0285521

31 3 0.0279132

32 3 0.0271642

33 3 0.026308

34 3 0.0253479

35 3 0.0242879

36 3 0.0231319

37 3 0.0218847

38 3 0.0205511

39 3 0.0191364

40 3 0.0176462

41 3 0.0160863

42 3 0.0144629

43 3 0.0127825

44 3 0.0110516

45 3 0.00927713

46 3 0.00746603

47 3 0.00562546

48 3 0.00376268

49 3 0.00188506

50 3 0

0 4 0

1 4 0.00250183

2 4 0.00499378

3 4 0.00746603

4 4 0.00990881

5 4 0.0123125

6 4 0.0146676

7 4 0.0169648

8 4 0.019195

9 4 0.0213495

10 4 0.0234197

11 4 0.0253975

12 4 0.0272751

13 4 0.029045

14 4 0.0307004

15 4 0.0322345

16 4 0.0336414

17 4 0.0349156

18 4 0.036052

19 4 0.037046

20 4 0.0378939

21 4 0.0385923

22 4 0.0391383

23 4 0.0395299

24 4 0.0397654

25 4 0.039844

26 4 0.0397654

27 4 0.0395299

28 4 0.0391383

29 4 0.0385923

30 4 0.0378939

31 4 0.037046

32 4 0.036052

33 4 0.0349156

34 4 0.0336414

35 4 0.0322345

36 4 0.0307004

37 4 0.029045

38 4 0.0272751

39 4 0.0253975

40 4 0.0234197

41 4 0.0213495

42 4 0.019195

43 4 0.0169648

44 4 0.0146676

45 4 0.0123125

46 4 0.00990881

47 4 0.00746603

48 4 0.00499378

49 4 0.00250183

50 4 0

0 5 0

1 5 0.00310872

2 5 0.00620517

3 5 0.00927713

4 5 0.0123125

5 5 0.0152992

6 5 0.0182256

7 5 0.0210801

8 5 0.0238513

9 5 0.0265285

10 5 0.0291009

11 5 0.0315585

12 5 0.0338915

13 5 0.0360908

14 5 0.0381476

15 5 0.0400539

16 5 0.0418022

17 5 0.0433854

18 5 0.0447974

19 5 0.0460327

20 5 0.0470862

21 5 0.047954

22 5 0.0486324

23 5 0.049119

24 5 0.0494117

25 5 0.0495094

26 5 0.0494117

27 5 0.049119

28 5 0.0486324

29 5 0.047954

30 5 0.0470862

31 5 0.0460327

32 5 0.0447974

33 5 0.0433854

34 5 0.0418022

35 5 0.0400539

36 5 0.0381476

37 5 0.0360908

38 5 0.0338915

39 5 0.0315585

40 5 0.0291009

41 5 0.0265285

42 5 0.0238513

43 5 0.0210801

44 5 0.0182256

45 5 0.0152992

46 5 0.0123125

47 5 0.00927713

48 5 0.00620517

49 5 0.00310872

50 5 0

0 6 0

1 6 0.00370334

2 6 0.00739207

3 6 0.0110516

4 6 0.0146676

5 6 0.0182256

6 6 0.0217117

7 6 0.0251122

8 6 0.0284135

9 6 0.0316027

10 6 0.0346672

11 6 0.0375948

12 6 0.0403741

13 6 0.0429941

14 6 0.0454444

15 6 0.0477153

16 6 0.0497979

17 6 0.051684

18 6 0.0533661

19 6 0.0548376

20 6 0.0560927

21 6 0.0571264

22 6 0.0579347

23 6 0.0585143

24 6 0.058863

25 6 0.0589793

26 6 0.058863

27 6 0.0585143

28 6 0.0579347

29 6 0.0571264

30 6 0.0560927

31 6 0.0548376

32 6 0.0533661

33 6 0.051684

34 6 0.0497979

35 6 0.0477153

36 6 0.0454444

37 6 0.0429941

38 6 0.0403741

39 6 0.0375948

40 6 0.0346672

41 6 0.0316027

42 6 0.0284135

43 6 0.0251122

44 6 0.0217117

45 6 0.0182256

46 6 0.0146676

47 6 0.0110516

48 6 0.00739207

49 6 0.00370334

50 6 0

0 7 0

1 7 0.00428335

2 7 0.0085498

3 7 0.0127825

4 7 0.0169648

5 7 0.0210801

6 7 0.0251122

7 7 0.0290452

8 7 0.0328636

9 7 0.0365523

10 7 0.0400967

11 7 0.0434829

12 7 0.0466974

13 7 0.0497277

14 7 0.0525617

15 7 0.0551883

16 7 0.0575971

17 7 0.0597786

18 7 0.0617242

19 7 0.0634261

20 7 0.0648778

21 7 0.0660734

22 7 0.0670082

23 7 0.0676786

24 7 0.0680819

25 7 0.0682165

26 7 0.0680819

27 7 0.0676786

28 7 0.0670082

29 7 0.0660734

30 7 0.0648778

31 7 0.0634261

32 7 0.0617242

33 7 0.0597786

34 7 0.0575971

35 7 0.0551883

36 7 0.0525617

37 7 0.0497277

38 7 0.0466974

39 7 0.0434829

40 7 0.0400967

41 7 0.0365523

42 7 0.0328636

43 7 0.0290452

44 7 0.0251122

45 7 0.0210801

46 7 0.0169648

47 7 0.0127825

48 7 0.0085498

49 7 0.00428335

50 7 0

0 8 0

1 8 0.00484646

2 8 0.00967379

3 8 0.0144629

4 8 0.019195

5 8 0.0238513

6 8 0.0284135

7 8 0.0328636

8 8 0.0371839

9 8 0.0413575

10 8 0.0453679

11 8 0.0491993

12 8 0.0528364

13 8 0.0562651

14 8 0.0594717

15 8 0.0624436

16 8 0.065169

17 8 0.0676373

18 8 0.0698386

19 8 0.0717643

20 8 0.0734068

21 8 0.0747596

22 8 0.0758174

23 8 0.0765759

24 8 0.0770322

25 8 0.0771845

26 8 0.0770322

27 8 0.0765759

28 8 0.0758174

29 8 0.0747596

30 8 0.0734068

31 8 0.0717643

32 8 0.0698386

33 8 0.0676373

34 8 0.065169

35 8 0.0624436

36 8 0.0594717

37 8 0.0562651

38 8 0.0528364

39 8 0.0491993

40 8 0.0453679

41 8 0.0413575

42 8 0.0371839

43 8 0.0328636

44 8 0.0284135

45 8 0.0238513

46 8 0.019195

47 8 0.0144629

48 8 0.00967379

49 8 0.00484646

50 8 0

0 9 0

1 9 0.00539043

2 9 0.0107596

3 9 0.0160863

4 9 0.0213495

5 9 0.0265285

6 9 0.0316027

7 9 0.0365523

8 9 0.0413575

9 9 0.0459996

10 9 0.0504601

11 9 0.0547215

12 9 0.0587669

13 9 0.0625804

14 9 0.0661469

15 9 0.0694524

16 9 0.0724838

17 9 0.0752291

18 9 0.0776775

19 9 0.0798193

20 9 0.0816462

21 9 0.0831508

22 9 0.0843273

23 9 0.0851709

24 9 0.0856785

25 9 0.0858479

26 9 0.0856785

27 9 0.0851709

28 9 0.0843273

29 9 0.0831508

30 9 0.0816462

31 9 0.0798193

32 9 0.0776775

33 9 0.0752291

34 9 0.0724838

35 9 0.0694524

36 9 0.0661469

37 9 0.0625804

38 9 0.0587669

39 9 0.0547215

40 9 0.0504601

41 9 0.0459996

42 9 0.0413575

43 9 0.0365523

44 9 0.0316027

45 9 0.0265285

46 9 0.0213495

47 9 0.0160863

48 9 0.0107596

49 9 0.00539043

50 9 0

0 10 0

1 10 0.00591314

2 10 0.0118029

3 10 0.0176462

4 10 0.0234197

5 10 0.0291009

6 10 0.0346672

7 10 0.0400967

8 10 0.0453679

9 10 0.0504601

10 10 0.0553532

11 10 0.0600278

12 10 0.0644655

13 10 0.0686488

14 10 0.0725611

15 10 0.0761871

16 10 0.0795124

17 10 0.0825239

18 10 0.0852098

19 10 0.0875593

20 10 0.0895633

21 10 0.0912138

22 10 0.0925044

23 10 0.0934299

24 10 0.0939866

25 10 0.0941724

26 10 0.0939866

27 10 0.0934299

28 10 0.0925044

29 10 0.0912138

30 10 0.0895633

31 10 0.0875593

32 10 0.0852098

33 10 0.0825239

34 10 0.0795124

35 10 0.0761871

36 10 0.0725611

37 10 0.0686488

38 10 0.0644655

39 10 0.0600278

40 10 0.0553532

41 10 0.0504601

42 10 0.0453679

43 10 0.0400967

44 10 0.0346672

45 10 0.0291009

46 10 0.0234197

47 10 0.0176462

48 10 0.0118029

49 10 0.00591314

50 10 0

0 11 0

1 11 0.0064125

2 11 0.0127997

3 11 0.0191364

4 11 0.0253975

5 11 0.0315585

6 11 0.0375948

7 11 0.0434829

8 11 0.0491993

9 11 0.0547215

10 11 0.0600278

11 11 0.0650971

12 11 0.0699096

13 11 0.0744462

14 11 0.0786889

15 11 0.0826211

16 11 0.0862273

17 11 0.0894931

18 11 0.0924058

19 11 0.0949537

20 11 0.097127

21 11 0.0989169

22 11 0.100316

23 11 0.10132

24 11 0.101924

25 11 0.102125

26 11 0.101924

27 11 0.10132

28 11 0.100316

29 11 0.0989169

30 11 0.097127

31 11 0.0949537

32 11 0.0924058

33 11 0.0894931

34 11 0.0862273

35 11 0.0826211

36 11 0.0786889

37 11 0.0744462

38 11 0.0699096

39 11 0.0650971

40 11 0.0600278

41 11 0.0547215

42 11 0.0491993

43 11 0.0434829

44 11 0.0375948

45 11 0.0315585

46 11 0.0253975

47 11 0.0191364

48 11 0.0127997

49 11 0.0064125

50 11 0

0 12 0

1 12 0.00688656

2 12 0.0137459

3 12 0.0205511

4 12 0.0272751

5 12 0.0338915

6 12 0.0403741

7 12 0.0466974

8 12 0.0528364

9 12 0.0587669

10 12 0.0644655

11 12 0.0699096

12 12 0.0750779

13 12 0.0799498

14 12 0.0845062

15 12 0.0887291

16 12 0.0926018

17 12 0.0961091

18 12 0.0992371

19 12 0.101973

20 12 0.104307

21 12 0.10623

22 12 0.107733

23 12 0.10881

24 12 0.109459

25 12 0.109675

26 12 0.109459

27 12 0.10881

28 12 0.107733

29 12 0.10623

30 12 0.104307

31 12 0.101973

32 12 0.0992371

33 12 0.0961091

34 12 0.0926018

35 12 0.0887291

36 12 0.0845062

37 12 0.0799498

38 12 0.0750779

39 12 0.0699096

40 12 0.0644655

41 12 0.0587669

42 12 0.0528364

43 12 0.0466974

44 12 0.0403741

45 12 0.0338915

46 12 0.0272751

47 12 0.0205511

48 12 0.0137459

49 12 0.00688656

50 12 0

0 13 0

1 13 0.00733345

2 13 0.0146379

3 13 0.0218847

4 13 0.029045

5 13 0.0360908

6 13 0.0429941

7 13 0.0497277

8 13 0.0562651

9 13 0.0625804

10 13 0.0686488

11 13 0.0744462

12 13 0.0799498

13 13 0.0851379

14 13 0.08999

15 13 0.0944869

16 13 0.098611

17 13 0.102346

18 13 0.105677

19 13 0.108591

20 13 0.111076

21 13 0.113123

22 13 0.114724

23 13 0.115871

24 13 0.116562

25 13 0.116792

26 13 0.116562

27 13 0.115871

28 13 0.114724

29 13 0.113123

30 13 0.111076

31 13 0.108591

32 13 0.105677

33 13 0.102346

34 13 0.098611

35 13 0.0944869

36 13 0.08999

37 13 0.0851379

38 13 0.0799498

39 13 0.0744462

40 13 0.0686488

41 13 0.0625804

42 13 0.0562651

43 13 0.0497277

44 13 0.0429941

45 13 0.0360908

46 13 0.029045

47 13 0.0218847

48 13 0.0146379

49 13 0.00733345

50 13 0

0 14 0

1 14 0.00775139

2 14 0.0154722

3 14 0.0231319

4 14 0.0307004

5 14 0.0381476

6 14 0.0454444

7 14 0.0525617

8 14 0.0594717

9 14 0.0661469

10 14 0.0725611

11 14 0.0786889

12 14 0.0845062

13 14 0.08999

14 14 0.0951186

15 14 0.0998718

16 14 0.104231

17 14 0.108179

18 14 0.111699

19 14 0.114779

20 14 0.117406

21 14 0.11957

22 14 0.121262

23 14 0.122475

24 14 0.123205

25 14 0.123448

26 14 0.123205

27 14 0.122475

28 14 0.121262

29 14 0.11957

30 14 0.117406

31 14 0.114779

32 14 0.111699

33 14 0.108179

34 14 0.104231

35 14 0.0998718

36 14 0.0951186

37 14 0.08999

38 14 0.0845062

39 14 0.0786889

40 14 0.0725611

41 14 0.0661469

42 14 0.0594717

43 14 0.0525617

44 14 0.0454444

45 14 0.0381476

46 14 0.0307004

47 14 0.0231319

48 14 0.0154722

49 14 0.00775139

50 14 0

0 15 0

1 15 0.00813873

2 15 0.0162453

3 15 0.0242879

4 15 0.0322345

5 15 0.0400539

6 15 0.0477153

7 15 0.0551883

8 15 0.0624436

9 15 0.0694524

10 15 0.0761871

11 15 0.0826211

12 15 0.0887291

13 15 0.0944869

14 15 0.0998718

15 15 0.104863

16 15 0.109439

17 15 0.113584

18 15 0.117281

19 15 0.120515

20 15 0.123273

21 15 0.125545

22 15 0.127321

23 15 0.128595

24 15 0.129361

25 15 0.129617

26 15 0.129361

27 15 0.128595

28 15 0.127321

29 15 0.125545

30 15 0.123273

31 15 0.120515

32 15 0.117281

33 15 0.113584

34 15 0.109439

35 15 0.104863

36 15 0.0998718

37 15 0.0944869

38 15 0.0887291

39 15 0.0826211

40 15 0.0761871

41 15 0.0694524

42 15 0.0624436

43 15 0.0551883

44 15 0.0477153

45 15 0.0400539

46 15 0.0322345

47 15 0.0242879

48 15 0.0162453

49 15 0.00813873

50 15 0

0 16 0

1 16 0.00849396

2 16 0.0169544

3 16 0.0253479

4 16 0.0336414

5 16 0.0418022

6 16 0.0497979

7 16 0.0575971

8 16 0.065169

9 16 0.0724838

10 16 0.0795124

11 16 0.0862273

12 16 0.0926018

13 16 0.098611

14 16 0.104231

15 16 0.109439

16 16 0.114216

17 16 0.118542

18 16 0.1224

19 16 0.125775

20 16 0.128654

21 16 0.131025

22 16 0.132879

23 16 0.134208

24 16 0.135008

25 16 0.135275

26 16 0.135008

27 16 0.134208

28 16 0.132879

29 16 0.131025

30 16 0.128654

31 16 0.125775

32 16 0.1224

33 16 0.118542

34 16 0.114216

35 16 0.109439

36 16 0.104231

37 16 0.098611

38 16 0.0926018

39 16 0.0862273

40 16 0.0795124

41 16 0.0724838

42 16 0.065169

43 16 0.0575971

44 16 0.0497979

45 16 0.0418022

46 16 0.0336414

47 16 0.0253479

48 16 0.0169544

49 16 0.00849396

50 16 0

0 17 0

1 17 0.00881567

2 17 0.0175965

3 17 0.026308

4 17 0.0349156

5 17 0.0433854

6 17 0.051684

7 17 0.0597786

8 17 0.0676373

9 17 0.0752291

10 17 0.0825239

11 17 0.0894931

12 17 0.0961091

13 17 0.102346

14 17 0.108179

15 17 0.113584

16 17 0.118542

17 17 0.123032

18 17 0.127036

19 17 0.130539

20 17 0.133527

21 17 0.135987

22 17 0.137911

23 17 0.139291

24 17 0.140121

25 17 0.140398

26 17 0.140121

27 17 0.139291

28 17 0.137911

29 17 0.135987

30 17 0.133527

31 17 0.130539

32 17 0.127036

33 17 0.123032

34 17 0.118542

35 17 0.113584

36 17 0.108179

37 17 0.102346

38 17 0.0961091

39 17 0.0894931

40 17 0.0825239

41 17 0.0752291

42 17 0.0676373

43 17 0.0597786

44 17 0.051684

45 17 0.0433854

46 17 0.0349156

47 17 0.026308

48 17 0.0175965

49 17 0.00881567

50 17 0

0 18 0

1 18 0.00910259

2 18 0.0181692

3 18 0.0271642

4 18 0.036052

5 18 0.0447974

6 18 0.0533661

7 18 0.0617242

8 18 0.0698386

9 18 0.0776775

10 18 0.0852098

11 18 0.0924058

12 18 0.0992371

13 18 0.105677

14 18 0.111699

15 18 0.117281

16 18 0.1224

17 18 0.127036

18 18 0.131171

19 18 0.134787

20 18 0.137872

21 18 0.140413

22 18 0.1424

23 18 0.143824

24 18 0.144681

25 18 0.144968

26 18 0.144681

27 18 0.143824

28 18 0.1424

29 18 0.140413

30 18 0.137872

31 18 0.134787

32 18 0.131171

33 18 0.127036

34 18 0.1224

35 18 0.117281

36 18 0.111699

37 18 0.105677

38 18 0.0992371

39 18 0.0924058

40 18 0.0852098

41 18 0.0776775

42 18 0.0698386

43 18 0.0617242

44 18 0.0533661

45 18 0.0447974

46 18 0.036052

47 18 0.0271642

48 18 0.0181692

49 18 0.00910259

50 18 0

0 19 0

1 19 0.00935358

2 19 0.0186702

3 19 0.0279132

4 19 0.037046

5 19 0.0460327

6 19 0.0548376

7 19 0.0634261

8 19 0.0717643

9 19 0.0798193

10 19 0.0875593

11 19 0.0949537

12 19 0.101973

13 19 0.108591

14 19 0.114779

15 19 0.120515

16 19 0.125775

17 19 0.130539

18 19 0.134787

19 19 0.138504

20 19 0.141674

21 19 0.144285

22 19 0.146326

23 19 0.14779

24 19 0.148671

25 19 0.148965

26 19 0.148671

27 19 0.14779

28 19 0.146326

29 19 0.144285

30 19 0.141674

31 19 0.138504

32 19 0.134787

33 19 0.130539

34 19 0.125775

35 19 0.120515

36 19 0.114779

37 19 0.108591

38 19 0.101973

39 19 0.0949537

40 19 0.0875593

41 19 0.0798193

42 19 0.0717643

43 19 0.0634261

44 19 0.0548376

45 19 0.0460327

46 19 0.037046

47 19 0.0279132

48 19 0.0186702

49 19 0.00935358

50 19 0

0 20 0

1 20 0.00956766

2 20 0.0190976

3 20 0.0285521

4 20 0.0378939

5 20 0.0470862

6 20 0.0560927

7 20 0.0648778

8 20 0.0734068

9 20 0.0816462

10 20 0.0895633

11 20 0.097127

12 20 0.104307

13 20 0.111076

14 20 0.117406

15 20 0.123273

16 20 0.128654

17 20 0.133527

18 20 0.137872

19 20 0.141674

20 20 0.144916

21 20 0.147587

22 20 0.149675

23 20 0.151173

24 20 0.152074

25 20 0.152374

26 20 0.152074

27 20 0.151173

28 20 0.149675

29 20 0.147587

30 20 0.144916

31 20 0.141674

32 20 0.137872

33 20 0.133527

34 20 0.128654

35 20 0.123273

36 20 0.117406

37 20 0.111076

38 20 0.104307

39 20 0.097127

40 20 0.0895633

41 20 0.0816462

42 20 0.0734068

43 20 0.0648778

44 20 0.0560927

45 20 0.0470862

46 20 0.0378939

47 20 0.0285521

48 20 0.0190976

49 20 0.00956766

50 20 0

0 21 0

1 21 0.00974397

2 21 0.0194495

3 21 0.0290783

4 21 0.0385923

5 21 0.047954

6 21 0.0571264

7 21 0.0660734

8 21 0.0747596

9 21 0.0831508

10 21 0.0912138

11 21 0.0989169

12 21 0.10623

13 21 0.113123

14 21 0.11957

15 21 0.125545

16 21 0.131025

17 21 0.135987

18 21 0.140413

19 21 0.144285

20 21 0.147587

21 21 0.150307

22 21 0.152434

23 21 0.153959

24 21 0.154876

25 21 0.155182

26 21 0.154876

27 21 0.153959

28 21 0.152434

29 21 0.150307

30 21 0.147587

31 21 0.144285

32 21 0.140413

33 21 0.135987

34 21 0.131025

35 21 0.125545

36 21 0.11957

37 21 0.113123

38 21 0.10623

39 21 0.0989169

40 21 0.0912138

41 21 0.0831508

42 21 0.0747596

43 21 0.0660734

44 21 0.0571264

45 21 0.047954

46 21 0.0385923

47 21 0.0290783

48 21 0.0194495

49 21 0.00974397

50 21 0

0 22 0

1 22 0.00988184

2 22 0.0197247

3 22 0.0294897

4 22 0.0391383

5 22 0.0486324

6 22 0.0579347

7 22 0.0670082

8 22 0.0758174

9 22 0.0843273

10 22 0.0925044

11 22 0.100316

12 22 0.107733

13 22 0.114724

14 22 0.121262

15 22 0.127321

16 22 0.132879

17 22 0.137911

18 22 0.1424

19 22 0.146326

20 22 0.149675

21 22 0.152434

22 22 0.15459

23 22 0.156137

24 22 0.157067

25 22 0.157378

26 22 0.157067

27 22 0.156137

28 22 0.15459

29 22 0.152434

30 22 0.149675

31 22 0.146326

32 22 0.1424

33 22 0.137911

34 22 0.132879

35 22 0.127321

36 22 0.121262

37 22 0.114724

38 22 0.107733

39 22 0.100316

40 22 0.0925044

41 22 0.0843273

42 22 0.0758174

43 22 0.0670082

44 22 0.0579347

45 22 0.0486324

46 22 0.0391383

47 22 0.0294897

48 22 0.0197247

49 22 0.00988184

50 22 0

0 23 0

1 23 0.0099807

2 23 0.019922

3 23 0.0297847

4 23 0.0395299

5 23 0.049119

6 23 0.0585143

7 23 0.0676786

8 23 0.0765759

9 23 0.0851709

10 23 0.0934299

11 23 0.10132

12 23 0.10881

13 23 0.115871

14 23 0.122475

15 23 0.128595

16 23 0.134208

17 23 0.139291

18 23 0.143824

19 23 0.14779

20 23 0.151173

21 23 0.153959

22 23 0.156137

23 23 0.157699

24 23 0.158639

25 23 0.158952

26 23 0.158639

27 23 0.157699

28 23 0.156137

29 23 0.153959

30 23 0.151173

31 23 0.14779

32 23 0.143824

33 23 0.139291

34 23 0.134208

35 23 0.128595

36 23 0.122475

37 23 0.115871

38 23 0.10881

39 23 0.10132

40 23 0.0934299

41 23 0.0851709

42 23 0.0765759

43 23 0.0676786

44 23 0.0585143

45 23 0.049119

46 23 0.0395299

47 23 0.0297847

48 23 0.019922

49 23 0.0099807

50 23 0

0 24 0

1 24 0.0100402

2 24 0.0200407

3 24 0.0299622

4 24 0.0397654

5 24 0.0494117

6 24 0.058863

7 24 0.0680819

8 24 0.0770322

9 24 0.0856785

10 24 0.0939866

11 24 0.101924

12 24 0.109459

13 24 0.116562

14 24 0.123205

15 24 0.129361

16 24 0.135008

17 24 0.140121

18 24 0.144681

19 24 0.148671

20 24 0.152074

21 24 0.154876

22 24 0.157067

23 24 0.158639

24 24 0.159584

25 24 0.1599

26 24 0.159584

27 24 0.158639

28 24 0.157067

29 24 0.154876

30 24 0.152074

31 24 0.148671

32 24 0.144681

33 24 0.140121

34 24 0.135008

35 24 0.129361

36 24 0.123205

37 24 0.116562

38 24 0.109459

39 24 0.101924

40 24 0.0939866

41 24 0.0856785

42 24 0.0770322

43 24 0.0680819

44 24 0.058863

45 24 0.0494117

46 24 0.0397654

47 24 0.0299622

48 24 0.0200407

49 24 0.0100402

50 24 0

0 25 0

1 25 0.01006

2 25 0.0200804

3 25 0.0300214

4 25 0.039844

5 25 0.0495094

6 25 0.0589793

7 25 0.0682165

8 25 0.0771845

9 25 0.0858479

10 25 0.0941724

11 25 0.102125

12 25 0.109675

13 25 0.116792

14 25 0.123448

15 25 0.129617

16 25 0.135275

17 25 0.140398

18 25 0.144968

19 25 0.148965

20 25 0.152374

21 25 0.155182

22 25 0.157378

23 25 0.158952

24 25 0.1599

25 25 0.160216

26 25 0.1599

27 25 0.158952

28 25 0.157378

29 25 0.155182

30 25 0.152374

31 25 0.148965

32 25 0.144968

33 25 0.140398

34 25 0.135275

35 25 0.129617

36 25 0.123448

37 25 0.116792

38 25 0.109675

39 25 0.102125

40 25 0.0941724

41 25 0.0858479

42 25 0.0771845

43 25 0.0682165

44 25 0.0589793

45 25 0.0495094

46 25 0.039844

47 25 0.0300214

48 25 0.0200804

49 25 0.01006

50 25 0

0 26 0

1 26 0.0100402

2 26 0.0200407

3 26 0.0299622

4 26 0.0397654

5 26 0.0494117

6 26 0.058863

7 26 0.0680819

8 26 0.0770322

9 26 0.0856785

10 26 0.0939866

11 26 0.101924

12 26 0.109459

13 26 0.116562

14 26 0.123205

15 26 0.129361

16 26 0.135008

17 26 0.140121

18 26 0.144681

19 26 0.148671

20 26 0.152074

21 26 0.154876

22 26 0.157067

23 26 0.158639

24 26 0.159584

25 26 0.1599

26 26 0.159584

27 26 0.158639

28 26 0.157067

29 26 0.154876

30 26 0.152074

31 26 0.148671

32 26 0.144681

33 26 0.140121

34 26 0.135008

35 26 0.129361

36 26 0.123205

37 26 0.116562

38 26 0.109459

39 26 0.101924

40 26 0.0939866

41 26 0.0856785

42 26 0.0770322

43 26 0.0680819

44 26 0.058863

45 26 0.0494117

46 26 0.0397654

47 26 0.0299622

48 26 0.0200407

49 26 0.0100402

50 26 0

0 27 0

1 27 0.0099807

2 27 0.019922

3 27 0.0297847

4 27 0.0395299

5 27 0.049119

6 27 0.0585143

7 27 0.0676786

8 27 0.0765759

9 27 0.0851709

10 27 0.0934299

11 27 0.10132

12 27 0.10881

13 27 0.115871

14 27 0.122475

15 27 0.128595

16 27 0.134208

17 27 0.139291

18 27 0.143824

19 27 0.14779

20 27 0.151173

21 27 0.153959

22 27 0.156137

23 27 0.157699

24 27 0.158639

25 27 0.158952

26 27 0.158639

27 27 0.157699

28 27 0.156137

29 27 0.153959

30 27 0.151173

31 27 0.14779

32 27 0.143824

33 27 0.139291

34 27 0.134208

35 27 0.128595

36 27 0.122475

37 27 0.115871

38 27 0.10881

39 27 0.10132

40 27 0.0934299

41 27 0.0851709

42 27 0.0765759

43 27 0.0676786

44 27 0.0585143

45 27 0.049119

46 27 0.0395299

47 27 0.0297847

48 27 0.019922

49 27 0.0099807

50 27 0

0 28 0

1 28 0.00988184

2 28 0.0197247

3 28 0.0294897

4 28 0.0391383

5 28 0.0486324

6 28 0.0579347

7 28 0.0670082

8 28 0.0758174

9 28 0.0843273

10 28 0.0925044

11 28 0.100316

12 28 0.107733

13 28 0.114724

14 28 0.121262

15 28 0.127321

16 28 0.132879

17 28 0.137911

18 28 0.1424

19 28 0.146326

20 28 0.149675

21 28 0.152434

22 28 0.15459

23 28 0.156137

24 28 0.157067

25 28 0.157378

26 28 0.157067

27 28 0.156137

28 28 0.15459

29 28 0.152434

30 28 0.149675

31 28 0.146326

32 28 0.1424

33 28 0.137911

34 28 0.132879

35 28 0.127321

36 28 0.121262

37 28 0.114724

38 28 0.107733

39 28 0.100316

40 28 0.0925044

41 28 0.0843273

42 28 0.0758174

43 28 0.0670082

44 28 0.0579347

45 28 0.0486324

46 28 0.0391383

47 28 0.0294897

48 28 0.0197247

49 28 0.00988184

50 28 0

0 29 0

1 29 0.00974397

2 29 0.0194495

3 29 0.0290783

4 29 0.0385923

5 29 0.047954

6 29 0.0571264

7 29 0.0660734

8 29 0.0747596

9 29 0.0831508

10 29 0.0912138

11 29 0.0989169

12 29 0.10623

13 29 0.113123

14 29 0.11957

15 29 0.125545

16 29 0.131025

17 29 0.135987

18 29 0.140413

19 29 0.144285

20 29 0.147587

21 29 0.150307

22 29 0.152434

23 29 0.153959

24 29 0.154876

25 29 0.155182

26 29 0.154876

27 29 0.153959

28 29 0.152434

29 29 0.150307

30 29 0.147587

31 29 0.144285

32 29 0.140413

33 29 0.135987

34 29 0.131025

35 29 0.125545

36 29 0.11957

37 29 0.113123

38 29 0.10623

39 29 0.0989169

40 29 0.0912138

41 29 0.0831508

42 29 0.0747596

43 29 0.0660734

44 29 0.0571264

45 29 0.047954

46 29 0.0385923

47 29 0.0290783

48 29 0.0194495

49 29 0.00974397

50 29 0

0 30 0

1 30 0.00956766

2 30 0.0190976

3 30 0.0285521

4 30 0.0378939

5 30 0.0470862

6 30 0.0560927

7 30 0.0648778

8 30 0.0734068

9 30 0.0816462

10 30 0.0895633

11 30 0.097127

12 30 0.104307

13 30 0.111076

14 30 0.117406

15 30 0.123273

16 30 0.128654

17 30 0.133527

18 30 0.137872

19 30 0.141674

20 30 0.144916

21 30 0.147587

22 30 0.149675

23 30 0.151173

24 30 0.152074

25 30 0.152374

26 30 0.152074

27 30 0.151173

28 30 0.149675

29 30 0.147587

30 30 0.144916

31 30 0.141674

32 30 0.137872

33 30 0.133527

34 30 0.128654

35 30 0.123273

36 30 0.117406

37 30 0.111076

38 30 0.104307

39 30 0.097127

40 30 0.0895633

41 30 0.0816462

42 30 0.0734068

43 30 0.0648778

44 30 0.0560927

45 30 0.0470862

46 30 0.0378939

47 30 0.0285521

48 30 0.0190976

49 30 0.00956766

50 30 0

0 31 0

1 31 0.00935358

2 31 0.0186702

3 31 0.0279132

4 31 0.037046

5 31 0.0460327

6 31 0.0548376

7 31 0.0634261

8 31 0.0717643

9 31 0.0798193

10 31 0.0875593

11 31 0.0949537

12 31 0.101973

13 31 0.108591

14 31 0.114779

15 31 0.120515

16 31 0.125775

17 31 0.130539

18 31 0.134787

19 31 0.138504

20 31 0.141674

21 31 0.144285

22 31 0.146326

23 31 0.14779

24 31 0.148671

25 31 0.148965

26 31 0.148671

27 31 0.14779

28 31 0.146326

29 31 0.144285

30 31 0.141674

31 31 0.138504

32 31 0.134787

33 31 0.130539

34 31 0.125775

35 31 0.120515

36 31 0.114779

37 31 0.108591

38 31 0.101973

39 31 0.0949537

40 31 0.0875593

41 31 0.0798193

42 31 0.0717643

43 31 0.0634261

44 31 0.0548376

45 31 0.0460327

46 31 0.037046

47 31 0.0279132

48 31 0.0186702

49 31 0.00935358

50 31 0

0 32 0

1 32 0.00910259

2 32 0.0181692

3 32 0.0271642

4 32 0.036052

5 32 0.0447974

6 32 0.0533661

7 32 0.0617242

8 32 0.0698386

9 32 0.0776775

10 32 0.0852098

11 32 0.0924058

12 32 0.0992371

13 32 0.105677

14 32 0.111699

15 32 0.117281

16 32 0.1224

17 32 0.127036

18 32 0.131171

19 32 0.134787

20 32 0.137872

21 32 0.140413

22 32 0.1424

23 32 0.143824

24 32 0.144681

25 32 0.144968

26 32 0.144681

27 32 0.143824

28 32 0.1424

29 32 0.140413

30 32 0.137872

31 32 0.134787

32 32 0.131171

33 32 0.127036

34 32 0.1224

35 32 0.117281

36 32 0.111699

37 32 0.105677

38 32 0.0992371

39 32 0.0924058

40 32 0.0852098

41 32 0.0776775

42 32 0.0698386

43 32 0.0617242

44 32 0.0533661

45 32 0.0447974

46 32 0.036052

47 32 0.0271642

48 32 0.0181692

49 32 0.00910259

50 32 0

0 33 0

1 33 0.00881567

2 33 0.0175965

3 33 0.026308

4 33 0.0349156

5 33 0.0433854

6 33 0.051684

7 33 0.0597786

8 33 0.0676373

9 33 0.0752291

10 33 0.0825239

11 33 0.0894931

12 33 0.0961091

13 33 0.102346

14 33 0.108179

15 33 0.113584

16 33 0.118542

17 33 0.123032

18 33 0.127036

19 33 0.130539

20 33 0.133527

21 33 0.135987

22 33 0.137911

23 33 0.139291

24 33 0.140121

25 33 0.140398

26 33 0.140121

27 33 0.139291

28 33 0.137911

29 33 0.135987

30 33 0.133527

31 33 0.130539

32 33 0.127036

33 33 0.123032

34 33 0.118542

35 33 0.113584

36 33 0.108179

37 33 0.102346

38 33 0.0961091

39 33 0.0894931

40 33 0.0825239

41 33 0.0752291

42 33 0.0676373

43 33 0.0597786

44 33 0.051684

45 33 0.0433854

46 33 0.0349156

47 33 0.026308

48 33 0.0175965

49 33 0.00881567

50 33 0

0 34 0

1 34 0.00849396

2 34 0.0169544

3 34 0.0253479

4 34 0.0336414

5 34 0.0418022

6 34 0.0497979

7 34 0.0575971

8 34 0.065169

9 34 0.0724838

10 34 0.0795124

11 34 0.0862273

12 34 0.0926018

13 34 0.098611

14 34 0.104231

15 34 0.109439

16 34 0.114216

17 34 0.118542

18 34 0.1224

19 34 0.125775

20 34 0.128654

21 34 0.131025

22 34 0.132879

23 34 0.134208

24 34 0.135008

25 34 0.135275

26 34 0.135008

27 34 0.134208

28 34 0.132879

29 34 0.131025

30 34 0.128654

31 34 0.125775

32 34 0.1224

33 34 0.118542

34 34 0.114216

35 34 0.109439

36 34 0.104231

37 34 0.098611

38 34 0.0926018

39 34 0.0862273

40 34 0.0795124

41 34 0.0724838

42 34 0.065169

43 34 0.0575971

44 34 0.0497979

45 34 0.0418022

46 34 0.0336414

47 34 0.0253479

48 34 0.0169544

49 34 0.00849396

50 34 0

0 35 0

1 35 0.00813873

2 35 0.0162453

3 35 0.0242879

4 35 0.0322345

5 35 0.0400539

6 35 0.0477153

7 35 0.0551883

8 35 0.0624436

9 35 0.0694524

10 35 0.0761871

11 35 0.0826211

12 35 0.0887291

13 35 0.0944869

14 35 0.0998718

15 35 0.104863

16 35 0.109439

17 35 0.113584

18 35 0.117281

19 35 0.120515

20 35 0.123273

21 35 0.125545

22 35 0.127321

23 35 0.128595

24 35 0.129361

25 35 0.129617

26 35 0.129361

27 35 0.128595

28 35 0.127321

29 35 0.125545

30 35 0.123273

31 35 0.120515

32 35 0.117281

33 35 0.113584

34 35 0.109439

35 35 0.104863

36 35 0.0998718

37 35 0.0944869

38 35 0.0887291

39 35 0.0826211

40 35 0.0761871

41 35 0.0694524

42 35 0.0624436

43 35 0.0551883

44 35 0.0477153

45 35 0.0400539

46 35 0.0322345

47 35 0.0242879

48 35 0.0162453

49 35 0.00813873

50 35 0

0 36 0

1 36 0.00775139

2 36 0.0154722

3 36 0.0231319

4 36 0.0307004

5 36 0.0381476

6 36 0.0454444

7 36 0.0525617

8 36 0.0594717

9 36 0.0661469

10 36 0.0725611

11 36 0.0786889

12 36 0.0845062

13 36 0.08999

14 36 0.0951186

15 36 0.0998718

16 36 0.104231

17 36 0.108179

18 36 0.111699

19 36 0.114779

20 36 0.117406

21 36 0.11957

22 36 0.121262

23 36 0.122475

24 36 0.123205

25 36 0.123448

26 36 0.123205

27 36 0.122475

28 36 0.121262

29 36 0.11957

30 36 0.117406

31 36 0.114779

32 36 0.111699

33 36 0.108179

34 36 0.104231

35 36 0.0998718

36 36 0.0951186

37 36 0.08999

38 36 0.0845062

39 36 0.0786889

40 36 0.0725611

41 36 0.0661469

42 36 0.0594717

43 36 0.0525617

44 36 0.0454444

45 36 0.0381476

46 36 0.0307004

47 36 0.0231319

48 36 0.0154722

49 36 0.00775139

50 36 0

0 37 0

1 37 0.00733345

2 37 0.0146379

3 37 0.0218847

4 37 0.029045

5 37 0.0360908

6 37 0.0429941

7 37 0.0497277

8 37 0.0562651

9 37 0.0625804

10 37 0.0686488

11 37 0.0744462

12 37 0.0799498

13 37 0.0851379

14 37 0.08999

15 37 0.0944869

16 37 0.098611

17 37 0.102346

18 37 0.105677

19 37 0.108591

20 37 0.111076

21 37 0.113123

22 37 0.114724

23 37 0.115871

24 37 0.116562

25 37 0.116792

26 37 0.116562

27 37 0.115871

28 37 0.114724

29 37 0.113123

30 37 0.111076

31 37 0.108591

32 37 0.105677

33 37 0.102346

34 37 0.098611

35 37 0.0944869

36 37 0.08999

37 37 0.0851379

38 37 0.0799498

39 37 0.0744462

40 37 0.0686488

41 37 0.0625804

42 37 0.0562651

43 37 0.0497277

44 37 0.0429941

45 37 0.0360908

46 37 0.029045

47 37 0.0218847

48 37 0.0146379

49 37 0.00733345

50 37 0

0 38 0

1 38 0.00688656

2 38 0.0137459

3 38 0.0205511

4 38 0.0272751

5 38 0.0338915

6 38 0.0403741

7 38 0.0466974

8 38 0.0528364

9 38 0.0587669

10 38 0.0644655

11 38 0.0699096

12 38 0.0750779

13 38 0.0799498

14 38 0.0845062

15 38 0.0887291

16 38 0.0926018

17 38 0.0961091

18 38 0.0992371

19 38 0.101973

20 38 0.104307

21 38 0.10623

22 38 0.107733

23 38 0.10881

24 38 0.109459

25 38 0.109675

26 38 0.109459

27 38 0.10881

28 38 0.107733

29 38 0.10623

30 38 0.104307

31 38 0.101973

32 38 0.0992371

33 38 0.0961091

34 38 0.0926018

35 38 0.0887291

36 38 0.0845062

37 38 0.0799498

38 38 0.0750779

39 38 0.0699096

40 38 0.0644655

41 38 0.0587669

42 38 0.0528364

43 38 0.0466974

44 38 0.0403741

45 38 0.0338915

46 38 0.0272751

47 38 0.0205511

48 38 0.0137459

49 38 0.00688656

50 38 0

0 39 0

1 39 0.0064125

2 39 0.0127997

3 39 0.0191364

4 39 0.0253975

5 39 0.0315585

6 39 0.0375948

7 39 0.0434829

8 39 0.0491993

9 39 0.0547215

10 39 0.0600278

11 39 0.0650971

12 39 0.0699096

13 39 0.0744462

14 39 0.0786889

15 39 0.0826211

16 39 0.0862273

17 39 0.0894931

18 39 0.0924058

19 39 0.0949537

20 39 0.097127

21 39 0.0989169

22 39 0.100316

23 39 0.10132

24 39 0.101924

25 39 0.102125

26 39 0.101924

27 39 0.10132

28 39 0.100316

29 39 0.0989169

30 39 0.097127

31 39 0.0949537

32 39 0.0924058

33 39 0.0894931

34 39 0.0862273

35 39 0.0826211

36 39 0.0786889

37 39 0.0744462

38 39 0.0699096

39 39 0.0650971

40 39 0.0600278

41 39 0.0547215

42 39 0.0491993

43 39 0.0434829

44 39 0.0375948

45 39 0.0315585

46 39 0.0253975

47 39 0.0191364

48 39 0.0127997

49 39 0.0064125

50 39 0

0 40 0

1 40 0.00591314

2 40 0.0118029

3 40 0.0176462

4 40 0.0234197

5 40 0.0291009

6 40 0.0346672

7 40 0.0400967

8 40 0.0453679

9 40 0.0504601

10 40 0.0553532

11 40 0.0600278

12 40 0.0644655

13 40 0.0686488

14 40 0.0725611

15 40 0.0761871

16 40 0.0795124

17 40 0.0825239

18 40 0.0852098

19 40 0.0875593

20 40 0.0895633

21 40 0.0912138

22 40 0.0925044

23 40 0.0934299

24 40 0.0939866

25 40 0.0941724

26 40 0.0939866

27 40 0.0934299

28 40 0.0925044

29 40 0.0912138

30 40 0.0895633

31 40 0.0875593

32 40 0.0852098

33 40 0.0825239

34 40 0.0795124

35 40 0.0761871

36 40 0.0725611

37 40 0.0686488

38 40 0.0644655

39 40 0.0600278

40 40 0.0553532

41 40 0.0504601

42 40 0.0453679

43 40 0.0400967

44 40 0.0346672

45 40 0.0291009

46 40 0.0234197

47 40 0.0176462

48 40 0.0118029

49 40 0.00591314

50 40 0

0 41 0

1 41 0.00539043

2 41 0.0107596

3 41 0.0160863

4 41 0.0213495

5 41 0.0265285

6 41 0.0316027

7 41 0.0365523

8 41 0.0413575

9 41 0.0459996

10 41 0.0504601

11 41 0.0547215

12 41 0.0587669

13 41 0.0625804

14 41 0.0661469

15 41 0.0694524

16 41 0.0724838

17 41 0.0752291

18 41 0.0776775

19 41 0.0798193

20 41 0.0816462

21 41 0.0831508

22 41 0.0843273

23 41 0.0851709

24 41 0.0856785

25 41 0.0858479

26 41 0.0856785

27 41 0.0851709

28 41 0.0843273

29 41 0.0831508

30 41 0.0816462

31 41 0.0798193

32 41 0.0776775

33 41 0.0752291

34 41 0.0724838

35 41 0.0694524

36 41 0.0661469

37 41 0.0625804

38 41 0.0587669

39 41 0.0547215

40 41 0.0504601

41 41 0.0459996

42 41 0.0413575

43 41 0.0365523

44 41 0.0316027

45 41 0.0265285

46 41 0.0213495

47 41 0.0160863

48 41 0.0107596

49 41 0.00539043

50 41 0

0 42 0

1 42 0.00484646

2 42 0.00967379

3 42 0.0144629

4 42 0.019195

5 42 0.0238513

6 42 0.0284135

7 42 0.0328636

8 42 0.0371839

9 42 0.0413575

10 42 0.0453679

11 42 0.0491993

12 42 0.0528364

13 42 0.0562651

14 42 0.0594717

15 42 0.0624436

16 42 0.065169

17 42 0.0676373

18 42 0.0698386

19 42 0.0717643

20 42 0.0734068

21 42 0.0747596

22 42 0.0758174

23 42 0.0765759

24 42 0.0770322

25 42 0.0771845

26 42 0.0770322

27 42 0.0765759

28 42 0.0758174

29 42 0.0747596

30 42 0.0734068

31 42 0.0717643

32 42 0.0698386

33 42 0.0676373

34 42 0.065169

35 42 0.0624436

36 42 0.0594717

37 42 0.0562651

38 42 0.0528364

39 42 0.0491993

40 42 0.0453679

41 42 0.0413575

42 42 0.0371839

43 42 0.0328636

44 42 0.0284135

45 42 0.0238513

46 42 0.019195

47 42 0.0144629

48 42 0.00967379

49 42 0.00484646

50 42 0

0 43 0

1 43 0.00428335

2 43 0.0085498

3 43 0.0127825

4 43 0.0169648

5 43 0.0210801

6 43 0.0251122

7 43 0.0290452

8 43 0.0328636

9 43 0.0365523

10 43 0.0400967

11 43 0.0434829

12 43 0.0466974

13 43 0.0497277

14 43 0.0525617

15 43 0.0551883

16 43 0.0575971

17 43 0.0597786

18 43 0.0617242

19 43 0.0634261

20 43 0.0648778

21 43 0.0660734

22 43 0.0670082

23 43 0.0676786

24 43 0.0680819

25 43 0.0682165

26 43 0.0680819

27 43 0.0676786

28 43 0.0670082

29 43 0.0660734

30 43 0.0648778

31 43 0.0634261

32 43 0.0617242

33 43 0.0597786

34 43 0.0575971

35 43 0.0551883

36 43 0.0525617

37 43 0.0497277

38 43 0.0466974

39 43 0.0434829

40 43 0.0400967

41 43 0.0365523

42 43 0.0328636

43 43 0.0290452

44 43 0.0251122

45 43 0.0210801

46 43 0.0169648

47 43 0.0127825

48 43 0.0085498

49 43 0.00428335

50 43 0

0 44 0

1 44 0.00370334

2 44 0.00739207

3 44 0.0110516

4 44 0.0146676

5 44 0.0182256

6 44 0.0217117

7 44 0.0251122

8 44 0.0284135

9 44 0.0316027

10 44 0.0346672

11 44 0.0375948

12 44 0.0403741

13 44 0.0429941

14 44 0.0454444

15 44 0.0477153

16 44 0.0497979

17 44 0.051684

18 44 0.0533661

19 44 0.0548376

20 44 0.0560927

21 44 0.0571264

22 44 0.0579347

23 44 0.0585143

24 44 0.058863

25 44 0.0589793

26 44 0.058863

27 44 0.0585143

28 44 0.0579347

29 44 0.0571264

30 44 0.0560927

31 44 0.0548376

32 44 0.0533661

33 44 0.051684

34 44 0.0497979

35 44 0.0477153

36 44 0.0454444

37 44 0.0429941

38 44 0.0403741

39 44 0.0375948

40 44 0.0346672

41 44 0.0316027

42 44 0.0284135

43 44 0.0251122

44 44 0.0217117

45 44 0.0182256

46 44 0.0146676

47 44 0.0110516

48 44 0.00739207

49 44 0.00370334

50 44 0

0 45 0

1 45 0.00310872

2 45 0.00620517

3 45 0.00927713

4 45 0.0123125

5 45 0.0152992

6 45 0.0182256

7 45 0.0210801

8 45 0.0238513

9 45 0.0265285

10 45 0.0291009

11 45 0.0315585

12 45 0.0338915

13 45 0.0360908

14 45 0.0381476

15 45 0.0400539

16 45 0.0418022

17 45 0.0433854

18 45 0.0447974

19 45 0.0460327

20 45 0.0470862

21 45 0.047954

22 45 0.0486324

23 45 0.049119

24 45 0.0494117

25 45 0.0495094

26 45 0.0494117

27 45 0.049119

28 45 0.0486324

29 45 0.047954

30 45 0.0470862

31 45 0.0460327

32 45 0.0447974

33 45 0.0433854

34 45 0.0418022

35 45 0.0400539

36 45 0.0381476

37 45 0.0360908

38 45 0.0338915

39 45 0.0315585

40 45 0.0291009

41 45 0.0265285

42 45 0.0238513

43 45 0.0210801

44 45 0.0182256

45 45 0.0152992

46 45 0.0123125

47 45 0.00927713

48 45 0.00620517

49 45 0.00310872

50 45 0

0 46 0

1 46 0.00250183

2 46 0.00499378

3 46 0.00746603

4 46 0.00990881

5 46 0.0123125

6 46 0.0146676

7 46 0.0169648

8 46 0.019195

9 46 0.0213495

10 46 0.0234197

11 46 0.0253975

12 46 0.0272751

13 46 0.029045

14 46 0.0307004

15 46 0.0322345

16 46 0.0336414

17 46 0.0349156

18 46 0.036052

19 46 0.037046

20 46 0.0378939

21 46 0.0385923

22 46 0.0391383

23 46 0.0395299

24 46 0.0397654

25 46 0.039844

26 46 0.0397654

27 46 0.0395299

28 46 0.0391383

29 46 0.0385923

30 46 0.0378939

31 46 0.037046

32 46 0.036052

33 46 0.0349156

34 46 0.0336414

35 46 0.0322345

36 46 0.0307004

37 46 0.029045

38 46 0.0272751

39 46 0.0253975

40 46 0.0234197

41 46 0.0213495

42 46 0.019195

43 46 0.0169648

44 46 0.0146676

45 46 0.0123125

46 46 0.00990881

47 46 0.00746603

48 46 0.00499378

49 46 0.00250183

50 46 0

0 47 0

1 47 0.00188506

2 47 0.00376268

3 47 0.00562546

4 47 0.00746603

5 47 0.00927713

6 47 0.0110516

7 47 0.0127825

8 47 0.0144629

9 47 0.0160863

10 47 0.0176462

11 47 0.0191364

12 47 0.0205511

13 47 0.0218847

14 47 0.0231319

15 47 0.0242879

16 47 0.0253479

17 47 0.026308

18 47 0.0271642

19 47 0.0279132

20 47 0.0285521

21 47 0.0290783

22 47 0.0294897

23 47 0.0297847

24 47 0.0299622

25 47 0.0300214

26 47 0.0299622

27 47 0.0297847

28 47 0.0294897

29 47 0.0290783

30 47 0.0285521

31 47 0.0279132

32 47 0.0271642

33 47 0.026308

34 47 0.0253479

35 47 0.0242879

36 47 0.0231319

37 47 0.0218847

38 47 0.0205511

39 47 0.0191364

40 47 0.0176462

41 47 0.0160863

42 47 0.0144629

43 47 0.0127825

44 47 0.0110516

45 47 0.00927713

46 47 0.00746603

47 47 0.00562546

48 47 0.00376268

49 47 0.00188506

50 47 0

0 48 0

1 48 0.00126086

2 48 0.00251674

3 48 0.00376268

4 48 0.00499378

5 48 0.00620517

6 48 0.00739207

7 48 0.0085498

8 48 0.00967379

9 48 0.0107596

10 48 0.0118029

11 48 0.0127997

12 48 0.0137459

13 48 0.0146379

14 48 0.0154722

15 48 0.0162453

16 48 0.0169544

17 48 0.0175965

18 48 0.0181692

19 48 0.0186702

20 48 0.0190976

21 48 0.0194495

22 48 0.0197247

23 48 0.019922

24 48 0.0200407

25 48 0.0200804

26 48 0.0200407

27 48 0.019922

28 48 0.0197247

29 48 0.0194495

30 48 0.0190976

31 48 0.0186702

32 48 0.0181692

33 48 0.0175965

34 48 0.0169544

35 48 0.0162453

36 48 0.0154722

37 48 0.0146379

38 48 0.0137459

39 48 0.0127997

40 48 0.0118029

41 48 0.0107596

42 48 0.00967379

43 48 0.0085498

44 48 0.00739207

45 48 0.00620517

46 48 0.00499378

47 48 0.00376268

48 48 0.00251674

49 48 0.00126086

50 48 0

0 49 0

1 49 0.000631674

2 49 0.00126086

3 49 0.00188506

4 49 0.00250183

5 49 0.00310872

6 49 0.00370334

7 49 0.00428335

8 49 0.00484646

9 49 0.00539043

10 49 0.00591314

11 49 0.0064125

12 49 0.00688656

13 49 0.00733345

14 49 0.00775139

15 49 0.00813873

16 49 0.00849396

17 49 0.00881567

18 49 0.00910259

19 49 0.00935358

20 49 0.00956766

21 49 0.00974397

22 49 0.00988184

23 49 0.0099807

24 49 0.0100402

25 49 0.01006

26 49 0.0100402

27 49 0.0099807

28 49 0.00988184

29 49 0.00974397

30 49 0.00956766

31 49 0.00935358

32 49 0.00910259

33 49 0.00881567

34 49 0.00849396

35 49 0.00813873

36 49 0.00775139

37 49 0.00733345

38 49 0.00688656

39 49 0.0064125

40 49 0.00591314

41 49 0.00539043

42 49 0.00484646

43 49 0.00428335

