0 1 0

1 1 0.00296743

2 1 0.00592315

3 1 0.00885549

4 1 0.0117529

5 1 0.0146039

6 1 0.0173973

7 1 0.020122

8 1 0.0227673

9 1 0.0253227

10 1 0.0277783

11 1 0.0301241

12 1 0.0323511

13 1 0.0344505

14 1 0.0364138

15 1 0.0382335

16 1 0.0399023

17 1 0.0414135

18 1 0.0427614

19 1 0.0439405

20 1 0.0449462

21 1 0.0457745

22 1 0.0464221

23 1 0.0468865

24 1 0.0471659

25 1 0.0472592

26 1 0.0471659

27 1 0.0468865

28 1 0.0464221

29 1 0.0457745

30 1 0.0449462

31 1 0.0439405

32 1 0.0427614

33 1 0.0414135

34 1 0.0399023

35 1 0.0382335

36 1 0.0364138

37 1 0.0344505

38 1 0.0323511

39 1 0.0301241

40 1 0.0277783

41 1 0.0253227

42 1 0.0227673

43 1 0.020122

44 1 0.0173973

45 1 0.0146039

46 1 0.0117529

47 1 0.00885549

48 1 0.00592315

49 1 0.00296743

50 1 0

0 2 0

1 2 0.00592315

2 2 0.0118229

3 2 0.017676

4 2 0.0234594

5 2 0.0291501

6 2 0.0347259

7 2 0.0401646

8 2 0.0454447

9 2 0.0505455

10 2 0.0554469

11 2 0.0601294

12 2 0.0645746

13 2 0.068765

14 2 0.072684

15 2 0.0763161

16 2 0.079647

17 2 0.0826636

18 2 0.085354

19 2 0.0877076

20 2 0.0897149

21 2 0.0913683

22 2 0.092661

23 2 0.093588

24 2 0.0941457

25 2 0.0943319

26 2 0.0941457

27 2 0.093588

28 2 0.092661

29 2 0.0913683

30 2 0.0897149

31 2 0.0877076

32 2 0.085354

33 2 0.0826636

34 2 0.079647

35 2 0.0763161

36 2 0.072684

37 2 0.068765

38 2 0.0645746

39 2 0.0601294

40 2 0.0554469

41 2 0.0505455

42 2 0.0454447

43 2 0.0401646

44 2 0.0347259

45 2 0.0291501

46 2 0.0234594

47 2 0.017676

48 2 0.0118229

49 2 0.00592315

50 2 0

0 3 0

1 3 0.00885549

2 3 0.017676

3 3 0.0264268

4 3 0.0350733

5 3 0.0435814

6 3 0.0519174

7 3 0.0600486

8 3 0.0679428

9 3 0.0755689

10 3 0.0828967

11 3 0.0898973

12 3 0.0965432

13 3 0.102808

14 3 0.108667

15 3 0.114097

16 3 0.119077

17 3 0.123588

18 3 0.12761

19 3 0.131128

20 3 0.13413

21 3 0.136601

22 3 0.138534

23 3 0.13992

24 3 0.140754

25 3 0.141032

26 3 0.140754

27 3 0.13992

28 3 0.138534

29 3 0.136601

30 3 0.13413

31 3 0.131128

32 3 0.12761

33 3 0.123588

34 3 0.119077

35 3 0.114097

36 3 0.108667

37 3 0.102808

38 3 0.0965432

39 3 0.0898973

40 3 0.0828967

41 3 0.0755689

42 3 0.0679428

43 3 0.0600486

44 3 0.0519174

45 3 0.0435814

46 3 0.0350733

47 3 0.0264268

48 3 0.017676

49 3 0.00885549

50 3 0

0 4 0

1 4 0.0117529

2 4 0.0234594

3 4 0.0350733

4 4 0.0465488

5 4 0.0578406

6 4 0.0689041

7 4 0.0796957

8 4 0.0901728

9 4 0.100294

10 4 0.110019

11 4 0.119311

12 4 0.128131

13 4 0.136445

14 4 0.144222

15 4 0.151429

16 4 0.158038

17 4 0.164024

18 4 0.169362

19 4 0.174032

20 4 0.178015

21 4 0.181296

22 4 0.183861

23 4 0.1857

24 4 0.186807

25 4 0.187176

26 4 0.186807

27 4 0.1857

28 4 0.183861

29 4 0.181296

30 4 0.178015

31 4 0.174032

32 4 0.169362

33 4 0.164024

34 4 0.158038

35 4 0.151429

36 4 0.144222

37 4 0.136445

38 4 0.128131

39 4 0.119311

40 4 0.110019

41 4 0.100294

42 4 0.0901728

43 4 0.0796957

44 4 0.0689041

45 4 0.0578406

46 4 0.0465488

47 4 0.0350733

48 4 0.0234594

49 4 0.0117529

50 4 0

0 5 0

1 5 0.0146039

2 5 0.0291501

3 5 0.0435814

4 5 0.0578406

5 5 0.0718715

6 5 0.0856188

7 5 0.0990282

8 5 0.112047

9 5 0.124623

10 5 0.136708

11 5 0.148253

12 5 0.159213

13 5 0.169544

14 5 0.179207

15 5 0.188162

16 5 0.196375

17 5 0.203812

18 5 0.210446

19 5 0.216248

20 5 0.221198

21 5 0.225274

22 5 0.228462

23 5 0.230747

24 5 0.232122

25 5 0.232581

26 5 0.232122

27 5 0.230747

28 5 0.228462

29 5 0.225274

30 5 0.221198

31 5 0.216248

32 5 0.210446

33 5 0.203812

34 5 0.196375

35 5 0.188162

36 5 0.179207

37 5 0.169544

38 5 0.159213

39 5 0.148253

40 5 0.136708

41 5 0.124623

42 5 0.112047

43 5 0.0990282

44 5 0.0856188

45 5 0.0718715

46 5 0.0578406

47 5 0.0435814

48 5 0.0291501

49 5 0.0146039

50 5 0

0 6 0

1 6 0.0173973

2 6 0.0347259

3 6 0.0519174

4 6 0.0689041

5 6 0.0856188

6 6 0.101996

7 6 0.11797

8 6 0.133479

9 6 0.148461

10 6 0.162857

11 6 0.17661

12 6 0.189666

13 6 0.201974

14 6 0.213485

15 6 0.224153

16 6 0.233937

17 6 0.242797

18 6 0.250699

19 6 0.257612

20 6 0.263508

21 6 0.268364

22 6 0.272161

23 6 0.274884

24 6 0.276522

25 6 0.277068

26 6 0.276522

27 6 0.274884

28 6 0.272161

29 6 0.268364

30 6 0.263508

31 6 0.257612

32 6 0.250699

33 6 0.242797

34 6 0.233937

35 6 0.224153

36 6 0.213485

37 6 0.201974

38 6 0.189666

39 6 0.17661

40 6 0.162857

41 6 0.148461

42 6 0.133479

43 6 0.11797

44 6 0.101996

45 6 0.0856188

46 6 0.0689041

47 6 0.0519174

48 6 0.0347259

49 6 0.0173973

50 6 0

0 7 0

1 7 0.020122

2 7 0.0401646

3 7 0.0600486

4 7 0.0796957

5 7 0.0990282

6 7 0.11797

7 7 0.136446

8 7 0.154384

9 7 0.171712

10 7 0.188363

11 7 0.20427

12 7 0.219371

13 7 0.233607

14 7 0.24692

15 7 0.259259

16 7 0.270575

17 7 0.280823

18 7 0.289963

19 7 0.297958

20 7 0.304778

21 7 0.310394

22 7 0.314786

23 7 0.317935

24 7 0.31983

25 7 0.320462

26 7 0.31983

27 7 0.317935

28 7 0.314786

29 7 0.310394

30 7 0.304778

31 7 0.297958

32 7 0.289963

33 7 0.280823

34 7 0.270575

35 7 0.259259

36 7 0.24692

37 7 0.233607

38 7 0.219371

39 7 0.20427

40 7 0.188363

41 7 0.171712

42 7 0.154384

43 7 0.136446

44 7 0.11797

45 7 0.0990282

46 7 0.0796957

47 7 0.0600486

48 7 0.0401646

49 7 0.020122

50 7 0

0 8 0

1 8 0.0227673

2 8 0.0454447

3 8 0.0679428

4 8 0.0901728

5 8 0.112047

6 8 0.133479

7 8 0.154384

8 8 0.17468

9 8 0.194286

10 8 0.213126

11 8 0.231124

12 8 0.248211

13 8 0.264318

14 8 0.279381

15 8 0.293342

16 8 0.306146

17 8 0.317741

18 8 0.328082

19 8 0.337129

20 8 0.344845

21 8 0.3512

22 8 0.356169

23 8 0.359732

24 8 0.361876

25 8 0.362591

26 8 0.361876

27 8 0.359732

28 8 0.356169

29 8 0.3512

30 8 0.344845

31 8 0.337129

32 8 0.328082

33 8 0.317741

34 8 0.306146

35 8 0.293342

36 8 0.279381

37 8 0.264318

38 8 0.248211

39 8 0.231124

40 8 0.213126

41 8 0.194286

42 8 0.17468

43 8 0.154384

44 8 0.133479

45 8 0.112047

46 8 0.0901728

47 8 0.0679428

48 8 0.0454447

49 8 0.0227673

50 8 0

0 9 0

1 9 0.0253227

2 9 0.0505455

3 9 0.0755689

4 9 0.100294

5 9 0.124623

6 9 0.148461

7 9 0.171712

8 9 0.194286

9 9 0.216093

10 9 0.237047

11 9 0.257066

12 9 0.27607

13 9 0.293985

14 9 0.31074

15 9 0.326268

16 9 0.340508

17 9 0.353405

18 9 0.364907

19 9 0.374969

20 9 0.383551

21 9 0.390619

22 9 0.396146

23 9 0.400109

24 9 0.402493

25 9 0.403289

26 9 0.402493

27 9 0.400109

28 9 0.396146

29 9 0.390619

30 9 0.383551

31 9 0.374969

32 9 0.364907

33 9 0.353405

34 9 0.340508

35 9 0.326268

36 9 0.31074

37 9 0.293985

38 9 0.27607

39 9 0.257066

40 9 0.237047

41 9 0.216093

42 9 0.194286

43 9 0.171712

44 9 0.148461

45 9 0.124623

46 9 0.100294

47 9 0.0755689

48 9 0.0505455

49 9 0.0253227

50 9 0

0 10 0

1 10 0.0277783

2 10 0.0554469

3 10 0.0828967

4 10 0.110019

5 10 0.136708

6 10 0.162857

7 10 0.188363

8 10 0.213126

9 10 0.237047

10 10 0.260034

11 10 0.281994

12 10 0.302841

13 10 0.322493

14 10 0.340872

15 10 0.357906

16 10 0.373527

17 10 0.387674

18 10 0.400292

19 10 0.411329

20 10 0.420743

21 10 0.428497

22 10 0.43456

23 10 0.438907

24 10 0.441523

25 10 0.442396

26 10 0.441523

27 10 0.438907

28 10 0.43456

29 10 0.428497

30 10 0.420743

31 10 0.411329

32 10 0.400292

33 10 0.387674

34 10 0.373527

35 10 0.357906

36 10 0.340872

37 10 0.322493

38 10 0.302841

39 10 0.281994

40 10 0.260034

41 10 0.237047

42 10 0.213126

43 10 0.188363

44 10 0.162857

45 10 0.136708

46 10 0.110019

47 10 0.0828967

48 10 0.0554469

49 10 0.0277783

50 10 0

0 11 0

1 11 0.0301241

2 11 0.0601294

3 11 0.0898973

4 11 0.119311

5 11 0.148253

6 11 0.17661

7 11 0.20427

8 11 0.231124

9 11 0.257066

10 11 0.281994

11 11 0.305808

12 11 0.328416

13 11 0.349727

14 11 0.369658

15 11 0.388131

16 11 0.405072

17 11 0.420414

18 11 0.434096

19 11 0.446066

20 11 0.456275

21 11 0.464684

22 11 0.471258

23 11 0.475973

24 11 0.478809

25 11 0.479756

26 11 0.478809

27 11 0.475973

28 11 0.471258

29 11 0.464684

30 11 0.456275

31 11 0.446066

32 11 0.434096

33 11 0.420414

34 11 0.405072

35 11 0.388131

36 11 0.369658

37 11 0.349727

38 11 0.328416

39 11 0.305808

40 11 0.281994

41 11 0.257066

42 11 0.231124

43 11 0.20427

44 11 0.17661

45 11 0.148253

46 11 0.119311

47 11 0.0898973

48 11 0.0601294

49 11 0.0301241

50 11 0

0 12 0

1 12 0.0323511

2 12 0.0645746

3 12 0.0965432

4 12 0.128131

5 12 0.159213

6 12 0.189666

7 12 0.219371

8 12 0.248211

9 12 0.27607

10 12 0.302841

11 12 0.328416

12 12 0.352695

13 12 0.375582

14 12 0.396986

15 12 0.416824

16 12 0.435017

17 12 0.451494

18 12 0.466188

19 12 0.479043

20 12 0.490007

21 12 0.499037

22 12 0.506097

23 12 0.511161

24 12 0.514207

25 12 0.515223

26 12 0.514207

27 12 0.511161

28 12 0.506097

29 12 0.499037

30 12 0.490007

31 12 0.479043

32 12 0.466188

33 12 0.451494

34 12 0.435017

35 12 0.416824

36 12 0.396986

37 12 0.375582

38 12 0.352695

39 12 0.328416

40 12 0.302841

41 12 0.27607

42 12 0.248211

43 12 0.219371

44 12 0.189666

45 12 0.159213

46 12 0.128131

47 12 0.0965432

48 12 0.0645746

49 12 0.0323511

50 12 0

0 13 0

1 13 0.0344505

2 13 0.068765

3 13 0.102808

4 13 0.136445

5 13 0.169544

6 13 0.201974

7 13 0.233607

8 13 0.264318

9 13 0.293985

10 13 0.322493

11 13 0.349727

12 13 0.375582

13 13 0.399954

14 13 0.422748

15 13 0.443873

16 13 0.463247

17 13 0.480792

18 13 0.49644

19 13 0.510128

20 13 0.521804

21 13 0.53142

22 13 0.538939

23 13 0.544331

24 13 0.547574

25 13 0.548657

26 13 0.547574

27 13 0.544331

28 13 0.538939

29 13 0.53142

30 13 0.521804

31 13 0.510128

32 13 0.49644

33 13 0.480792

34 13 0.463247

35 13 0.443873

36 13 0.422748

37 13 0.399954

38 13 0.375582

39 13 0.349727

40 13 0.322493

41 13 0.293985

42 13 0.264318

43 13 0.233607

44 13 0.201974

45 13 0.169544

46 13 0.136445

47 13 0.102808

48 13 0.068765

49 13 0.0344505

50 13 0

0 14 0

1 14 0.0364138

2 14 0.072684

3 14 0.108667

4 14 0.144222

5 14 0.179207

6 14 0.213485

7 14 0.24692

8 14 0.279381

9 14 0.31074

10 14 0.340872

11 14 0.369658

12 14 0.396986

13 14 0.422748

14 14 0.44684

15 14 0.46917

16 14 0.489647

17 14 0.508193

18 14 0.524732

19 14 0.539201

20 14 0.551542

21 14 0.561706

22 14 0.569654

23 14 0.575353

24 14 0.578781

25 14 0.579926

26 14 0.578781

27 14 0.575353

28 14 0.569654

29 14 0.561706

30 14 0.551542

31 14 0.539201

32 14 0.524732

33 14 0.508193

34 14 0.489647

35 14 0.46917

36 14 0.44684

37 14 0.422748

38 14 0.396986

39 14 0.369658

40 14 0.340872

41 14 0.31074

42 14 0.279381

43 14 0.24692

44 14 0.213485

45 14 0.179207

46 14 0.144222

47 14 0.108667

48 14 0.072684

49 14 0.0364138

50 14 0

0 15 0

1 15 0.0382335

2 15 0.0763161

3 15 0.114097

4 15 0.151429

5 15 0.188162

6 15 0.224153

7 15 0.259259

8 15 0.293342

9 15 0.326268

10 15 0.357906

11 15 0.388131

12 15 0.416824

13 15 0.443873

14 15 0.46917

15 15 0.492615

16 15 0.514116

17 15 0.533588

18 15 0.550954

19 15 0.566146

20 15 0.579103

21 15 0.589776

22 15 0.59812

23 15 0.604104

24 15 0.607704

25 15 0.608905

26 15 0.607704

27 15 0.604104

28 15 0.59812

29 15 0.589776

30 15 0.579103

31 15 0.566146

32 15 0.550954

33 15 0.533588

34 15 0.514116

35 15 0.492615

36 15 0.46917

37 15 0.443873

38 15 0.416824

39 15 0.388131

40 15 0.357906

41 15 0.326268

42 15 0.293342

43 15 0.259259

44 15 0.224153

45 15 0.188162

46 15 0.151429

47 15 0.114097

48 15 0.0763161

49 15 0.0382335

50 15 0

0 16 0

1 16 0.0399023

2 16 0.079647

3 16 0.119077

4 16 0.158038

5 16 0.196375

6 16 0.233937

7 16 0.270575

8 16 0.306146

9 16 0.340508

10 16 0.373527

11 16 0.405072

12 16 0.435017

13 16 0.463247

14 16 0.489647

15 16 0.514116

16 16 0.536555

17 16 0.556877

18 16 0.575001

19 16 0.590856

20 16 0.604379

21 16 0.615517

22 16 0.624226

23 16 0.630471

24 16 0.634228

25 16 0.635482

26 16 0.634228

27 16 0.630471

28 16 0.624226

29 16 0.615517

30 16 0.604379

31 16 0.590856

32 16 0.575001

33 16 0.556877

34 16 0.536555

35 16 0.514116

36 16 0.489647

37 16 0.463247

38 16 0.435017

39 16 0.405072

40 16 0.373527

41 16 0.340508

42 16 0.306146

43 16 0.270575

44 16 0.233937

45 16 0.196375

46 16 0.158038

47 16 0.119077

48 16 0.079647

49 16 0.0399023

50 16 0

0 17 0

1 17 0.0414135

2 17 0.0826636

3 17 0.123588

4 17 0.164024

5 17 0.203812

6 17 0.242797

7 17 0.280823

8 17 0.317741

9 17 0.353405

10 17 0.387674

11 17 0.420414

12 17 0.451494

13 17 0.480792

14 17 0.508193

15 17 0.533588

16 17 0.556877

17 17 0.577969

18 17 0.596779

19 17 0.613235

20 17 0.62727

21 17 0.63883

22 17 0.647868

23 17 0.65435

24 17 0.658249

25 17 0.659551

26 17 0.658249

27 17 0.65435

28 17 0.647868

29 17 0.63883

30 17 0.62727

31 17 0.613235

32 17 0.596779

33 17 0.577969

34 17 0.556877

35 17 0.533588

36 17 0.508193

37 17 0.480792

38 17 0.451494

39 17 0.420414

40 17 0.387674

41 17 0.353405

42 17 0.317741

43 17 0.280823

44 17 0.242797

45 17 0.203812

46 17 0.164024

47 17 0.123588

48 17 0.0826636

49 17 0.0414135

50 17 0

0 18 0

1 18 0.0427614

2 18 0.085354

3 18 0.12761

4 18 0.169362

5 18 0.210446

6 18 0.250699

7 18 0.289963

8 18 0.328082

9 18 0.364907

10 18 0.400292

11 18 0.434096

12 18 0.466188

13 18 0.49644

14 18 0.524732

15 18 0.550954

16 18 0.575001

17 18 0.596779

18 18 0.616202

19 18 0.633193

20 18 0.647685

21 18 0.659621

22 18 0.668954

23 18 0.675647

24 18 0.679673

25 18 0.681017

26 18 0.679673

27 18 0.675647

28 18 0.668954

29 18 0.659621

30 18 0.647685

31 18 0.633193

32 18 0.616202

33 18 0.596779

34 18 0.575001

35 18 0.550954

36 18 0.524732

37 18 0.49644

38 18 0.466188

39 18 0.434096

40 18 0.400292

41 18 0.364907

42 18 0.328082

43 18 0.289963

44 18 0.250699

45 18 0.210446

46 18 0.169362

47 18 0.12761

48 18 0.085354

49 18 0.0427614

50 18 0

0 19 0

1 19 0.0439405

2 19 0.0877076

3 19 0.131128

4 19 0.174032

5 19 0.216248

6 19 0.257612

7 19 0.297958

8 19 0.337129

9 19 0.374969

10 19 0.411329

11 19 0.446066

12 19 0.479043

13 19 0.510128

14 19 0.539201

15 19 0.566146

16 19 0.590856

17 19 0.613235

18 19 0.633193

19 19 0.650653

20 19 0.665544

21 19 0.67781

22 19 0.6874

23 19 0.694277

24 19 0.698414

25 19 0.699795

26 19 0.698414

27 19 0.694277

28 19 0.6874

29 19 0.67781

30 19 0.665544

31 19 0.650653

32 19 0.633193

33 19 0.613235

34 19 0.590856

35 19 0.566146

36 19 0.539201

37 19 0.510128

38 19 0.479043

39 19 0.446066

40 19 0.411329

41 19 0.374969

42 19 0.337129

43 19 0.297958

44 19 0.257612

45 19 0.216248

46 19 0.174032

47 19 0.131128

48 19 0.0877076

49 19 0.0439405

50 19 0

0 20 0

1 20 0.0449462

2 20 0.0897149

3 20 0.13413

4 20 0.178015

5 20 0.221198

6 20 0.263508

7 20 0.304778

8 20 0.344845

9 20 0.383551

10 20 0.420743

11 20 0.456275

12 20 0.490007

13 20 0.521804

14 20 0.551542

15 20 0.579103

16 20 0.604379

17 20 0.62727

18 20 0.647685

19 20 0.665544

20 20 0.680777

21 20 0.693323

22 20 0.703132

23 20 0.710167

24 20 0.714399

25 20 0.715811

26 20 0.714399

27 20 0.710167

28 20 0.703132

29 20 0.693323

30 20 0.680777

31 20 0.665544

32 20 0.647685

33 20 0.62727

34 20 0.604379

35 20 0.579103

36 20 0.551542

37 20 0.521804

38 20 0.490007

39 20 0.456275

40 20 0.420743

41 20 0.383551

42 20 0.344845

43 20 0.304778

44 20 0.263508

45 20 0.221198

46 20 0.178015

47 20 0.13413

48 20 0.0897149

49 20 0.0449462

50 20 0

0 21 0

1 21 0.0457745

2 21 0.0913683

3 21 0.136601

4 21 0.181296

5 21 0.225274

6 21 0.268364

7 21 0.310394

8 21 0.3512

9 21 0.390619

10 21 0.428497

11 21 0.464684

12 21 0.499037

13 21 0.53142

14 21 0.561706

15 21 0.589776

16 21 0.615517

17 21 0.63883

18 21 0.659621

19 21 0.67781

20 21 0.693323

21 21 0.7061

22 21 0.71609

23 21 0.723254

24 21 0.727564

25 21 0.729003

26 21 0.727564

27 21 0.723254

28 21 0.71609

29 21 0.7061

30 21 0.693323

31 21 0.67781

32 21 0.659621

33 21 0.63883

34 21 0.615517

35 21 0.589776

36 21 0.561706

37 21 0.53142

38 21 0.499037

39 21 0.464684

40 21 0.428497

41 21 0.390619

42 21 0.3512

43 21 0.310394

44 21 0.268364

45 21 0.225274

46 21 0.181296

47 21 0.136601

48 21 0.0913683

49 21 0.0457745

50 21 0

0 22 0

1 22 0.0464221

2 22 0.092661

3 22 0.138534

4 22 0.183861

5 22 0.228462

6 22 0.272161

7 22 0.314786

8 22 0.356169

9 22 0.396146

10 22 0.43456

11 22 0.471258

12 22 0.506097

13 22 0.538939

14 22 0.569654

15 22 0.59812

16 22 0.624226

17 22 0.647868

18 22 0.668954

19 22 0.6874

20 22 0.703132

21 22 0.71609

22 22 0.726222

23 22 0.733487

24 22 0.737858

25 22 0.739317

26 22 0.737858

27 22 0.733487

28 22 0.726222

29 22 0.71609

30 22 0.703132

31 22 0.6874

32 22 0.668954

33 22 0.647868

34 22 0.624226

35 22 0.59812

36 22 0.569654

37 22 0.538939

38 22 0.506097

39 22 0.471258

40 22 0.43456

41 22 0.396146

42 22 0.356169

43 22 0.314786

44 22 0.272161

45 22 0.228462

46 22 0.183861

47 22 0.138534

48 22 0.092661

49 22 0.0464221

50 22 0

0 23 0

1 23 0.0468865

2 23 0.093588

3 23 0.13992

4 23 0.1857

5 23 0.230747

6 23 0.274884

7 23 0.317935

8 23 0.359732

9 23 0.400109

10 23 0.438907

11 23 0.475973

12 23 0.511161

13 23 0.544331

14 23 0.575353

15 23 0.604104

16 23 0.630471

17 23 0.65435

18 23 0.675647

19 23 0.694277

20 23 0.710167

21 23 0.723254

22 23 0.733487

23 23 0.740826

24 23 0.74524

25 23 0.746714

26 23 0.74524

27 23 0.740826

28 23 0.733487

29 23 0.723254

30 23 0.710167

31 23 0.694277

32 23 0.675647

33 23 0.65435

34 23 0.630471

35 23 0.604104

36 23 0.575353

37 23 0.544331

38 23 0.511161

39 23 0.475973

40 23 0.438907

41 23 0.400109

42 23 0.359732

43 23 0.317935

44 23 0.274884

45 23 0.230747

46 23 0.1857

47 23 0.13992

48 23 0.093588

49 23 0.0468865

50 23 0

0 24 0

1 24 0.0471659

2 24 0.0941457

3 24 0.140754

4 24 0.186807

5 24 0.232122

6 24 0.276522

7 24 0.31983

8 24 0.361876

9 24 0.402493

10 24 0.441523

11 24 0.478809

12 24 0.514207

13 24 0.547574

14 24 0.578781

15 24 0.607704

16 24 0.634228

17 24 0.658249

18 24 0.679673

19 24 0.698414

20 24 0.714399

21 24 0.727564

22 24 0.737858

23 24 0.74524

24 24 0.749681

25 24 0.751163

26 24 0.749681

27 24 0.74524

28 24 0.737858

29 24 0.727564

30 24 0.714399

31 24 0.698414

32 24 0.679673

33 24 0.658249

34 24 0.634228

35 24 0.607704

36 24 0.578781

37 24 0.547574

38 24 0.514207

39 24 0.478809

40 24 0.441523

41 24 0.402493

42 24 0.361876

43 24 0.31983

44 24 0.276522

45 24 0.232122

46 24 0.186807

47 24 0.140754

48 24 0.0941457

49 24 0.0471659

50 24 0

0 25 0

1 25 0.0472592

2 25 0.0943319

3 25 0.141032

4 25 0.187176

5 25 0.232581

6 25 0.277068

7 25 0.320462

8 25 0.362591

9 25 0.403289

10 25 0.442396

11 25 0.479756

12 25 0.515223

13 25 0.548657

14 25 0.579926

15 25 0.608905

16 25 0.635482

17 25 0.659551

18 25 0.681017

19 25 0.699795

20 25 0.715811

21 25 0.729003

22 25 0.739317

23 25 0.746714

24 25 0.751163

25 25 0.752648

26 25 0.751163

27 25 0.746714

28 25 0.739317

29 25 0.729003

30 25 0.715811

31 25 0.699795

32 25 0.681017

33 25 0.659551

34 25 0.635482

35 25 0.608905

36 25 0.579926

37 25 0.548657

38 25 0.515223

39 25 0.479756

40 25 0.442396

41 25 0.403289

42 25 0.362591

43 25 0.320462

44 25 0.277068

45 25 0.232581

46 25 0.187176

47 25 0.141032

48 25 0.0943319

49 25 0.0472592

50 25 0

0 26 0

1 26 0.0471659

2 26 0.0941457

3 26 0.140754

4 26 0.186807

5 26 0.232122

6 26 0.276522

7 26 0.31983

8 26 0.361876

9 26 0.402493

10 26 0.441523

11 26 0.478809

12 26 0.514207

13 26 0.547574

14 26 0.578781

15 26 0.607704

16 26 0.634228

17 26 0.658249

18 26 0.679673

19 26 0.698414

20 26 0.714399

21 26 0.727564

22 26 0.737858

23 26 0.74524

24 26 0.749681

25 26 0.751163

26 26 0.749681

27 26 0.74524

28 26 0.737858

29 26 0.727564

30 26 0.714399

31 26 0.698414

32 26 0.679673

33 26 0.658249

34 26 0.634228

35 26 0.607704

36 26 0.578781

37 26 0.547574

38 26 0.514207

39 26 0.478809

40 26 0.441523

41 26 0.402493

42 26 0.361876

43 26 0.31983

44 26 0.276522

45 26 0.232122

46 26 0.186807

47 26 0.140754

48 26 0.0941457

49 26 0.0471659

50 26 0

0 27 0

1 27 0.0468865

2 27 0.093588

3 27 0.13992

4 27 0.1857

5 27 0.230747

6 27 0.274884

7 27 0.317935

8 27 0.359732

9 27 0.400109

10 27 0.438907

11 27 0.475973

12 27 0.511161

13 27 0.544331

14 27 0.575353

15 27 0.604104

16 27 0.630471

17 27 0.65435

18 27 0.675647

19 27 0.694277

20 27 0.710167

21 27 0.723254

22 27 0.733487

23 27 0.740826

24 27 0.74524

25 27 0.746714

26 27 0.74524

27 27 0.740826

28 27 0.733487

29 27 0.723254

30 27 0.710167

31 27 0.694277

32 27 0.675647

33 27 0.65435

34 27 0.630471

35 27 0.604104

36 27 0.575353

37 27 0.544331

38 27 0.511161

39 27 0.475973

40 27 0.438907

41 27 0.400109

42 27 0.359732

43 27 0.317935

44 27 0.274884

45 27 0.230747

46 27 0.1857

47 27 0.13992

48 27 0.093588

49 27 0.0468865

50 27 0

0 28 0

1 28 0.0464221

2 28 0.092661

3 28 0.138534

4 28 0.183861

5 28 0.228462

6 28 0.272161

7 28 0.314786

8 28 0.356169

9 28 0.396146

10 28 0.43456

11 28 0.471258

12 28 0.506097

13 28 0.538939

14 28 0.569654

15 28 0.59812

16 28 0.624226

17 28 0.647868

18 28 0.668954

19 28 0.6874

20 28 0.703132

21 28 0.71609

22 28 0.726222

23 28 0.733487

24 28 0.737858

25 28 0.739317

26 28 0.737858

27 28 0.733487

28 28 0.726222

29 28 0.71609

30 28 0.703132

31 28 0.6874

32 28 0.668954

33 28 0.647868

34 28 0.624226

35 28 0.59812

36 28 0.569654

37 28 0.538939

38 28 0.506097

39 28 0.471258

40 28 0.43456

41 28 0.396146

42 28 0.356169

43 28 0.314786

44 28 0.272161

45 28 0.228462

46 28 0.183861

47 28 0.138534

48 28 0.092661

49 28 0.0464221

50 28 0

0 29 0

1 29 0.0457745

2 29 0.0913683

3 29 0.136601

4 29 0.181296

5 29 0.225274

6 29 0.268364

7 29 0.310394

8 29 0.3512

9 29 0.390619

10 29 0.428497

11 29 0.464684

12 29 0.499037

13 29 0.53142

14 29 0.561706

15 29 0.589776

16 29 0.615517

17 29 0.63883

18 29 0.659621

19 29 0.67781

20 29 0.693323

21 29 0.7061

22 29 0.71609

23 29 0.723254

24 29 0.727564

25 29 0.729003

26 29 0.727564

27 29 0.723254

28 29 0.71609

29 29 0.7061

30 29 0.693323

31 29 0.67781

32 29 0.659621

33 29 0.63883

34 29 0.615517

35 29 0.589776

36 29 0.561706

37 29 0.53142

38 29 0.499037

39 29 0.464684

40 29 0.428497

41 29 0.390619

42 29 0.3512

43 29 0.310394

44 29 0.268364

45 29 0.225274

46 29 0.181296

47 29 0.136601

48 29 0.0913683

49 29 0.0457745

50 29 0

0 30 0

1 30 0.0449462

2 30 0.0897149

3 30 0.13413

4 30 0.178015

5 30 0.221198

6 30 0.263508

7 30 0.304778

8 30 0.344845

9 30 0.383551

10 30 0.420743

11 30 0.456275

12 30 0.490007

13 30 0.521804

14 30 0.551542

15 30 0.579103

16 30 0.604379

17 30 0.62727

18 30 0.647685

19 30 0.665544

20 30 0.680777

21 30 0.693323

22 30 0.703132

23 30 0.710167

24 30 0.714399

25 30 0.715811

26 30 0.714399

27 30 0.710167

28 30 0.703132

29 30 0.693323

30 30 0.680777

31 30 0.665544

32 30 0.647685

33 30 0.62727

34 30 0.604379

35 30 0.579103

36 30 0.551542

37 30 0.521804

38 30 0.490007

39 30 0.456275

40 30 0.420743

41 30 0.383551

42 30 0.344845

43 30 0.304778

44 30 0.263508

45 30 0.221198

46 30 0.178015

47 30 0.13413

48 30 0.0897149

49 30 0.0449462

50 30 0

0 31 0

1 31 0.0439405

2 31 0.0877076

3 31 0.131128

4 31 0.174032

5 31 0.216248

6 31 0.257612

7 31 0.297958

8 31 0.337129

9 31 0.374969

10 31 0.411329

11 31 0.446066

12 31 0.479043

13 31 0.510128

14 31 0.539201

15 31 0.566146

16 31 0.590856

17 31 0.613235

18 31 0.633193

19 31 0.650653

20 31 0.665544

21 31 0.67781

22 31 0.6874

23 31 0.694277

24 31 0.698414

25 31 0.699795

26 31 0.698414

27 31 0.694277

28 31 0.6874

29 31 0.67781

30 31 0.665544

31 31 0.650653

32 31 0.633193

33 31 0.613235

34 31 0.590856

35 31 0.566146

36 31 0.539201

37 31 0.510128

38 31 0.479043

39 31 0.446066

40 31 0.411329

41 31 0.374969

42 31 0.337129

43 31 0.297958

44 31 0.257612

45 31 0.216248

46 31 0.174032

47 31 0.131128

48 31 0.0877076

49 31 0.0439405

50 31 0

0 32 0

1 32 0.0427614

2 32 0.085354

3 32 0.12761

4 32 0.169362

5 32 0.210446

6 32 0.250699

7 32 0.289963

8 32 0.328082

9 32 0.364907

10 32 0.400292

11 32 0.434096

12 32 0.466188

13 32 0.49644

14 32 0.524732

15 32 0.550954

16 32 0.575001

17 32 0.596779

18 32 0.616202

19 32 0.633193

20 32 0.647685

21 32 0.659621

22 32 0.668954

23 32 0.675647

24 32 0.679673

25 32 0.681017

26 32 0.679673

27 32 0.675647

28 32 0.668954

29 32 0.659621

30 32 0.647685

31 32 0.633193

32 32 0.616202

33 32 0.596779

34 32 0.575001

35 32 0.550954

36 32 0.524732

37 32 0.49644

38 32 0.466188

39 32 0.434096

40 32 0.400292

41 32 0.364907

42 32 0.328082

43 32 0.289963

44 32 0.250699

45 32 0.210446

46 32 0.169362

47 32 0.12761

48 32 0.085354

49 32 0.0427614

50 32 0

0 33 0

1 33 0.0414135

2 33 0.0826636

3 33 0.123588

4 33 0.164024

5 33 0.203812

6 33 0.242797

7 33 0.280823

8 33 0.317741

9 33 0.353405

10 33 0.387674

11 33 0.420414

12 33 0.451494

13 33 0.480792

14 33 0.508193

15 33 0.533588

16 33 0.556877

17 33 0.577969

18 33 0.596779

19 33 0.613235

20 33 0.62727

21 33 0.63883

22 33 0.647868

23 33 0.65435

24 33 0.658249

25 33 0.659551

26 33 0.658249

27 33 0.65435

28 33 0.647868

29 33 0.63883

30 33 0.62727

31 33 0.613235

32 33 0.596779

33 33 0.577969

34 33 0.556877

35 33 0.533588

36 33 0.508193

37 33 0.480792

38 33 0.451494

39 33 0.420414

40 33 0.387674

41 33 0.353405

42 33 0.317741

43 33 0.280823

44 33 0.242797

45 33 0.203812

46 33 0.164024

47 33 0.123588

48 33 0.0826636

49 33 0.0414135

50 33 0

0 34 0

1 34 0.0399023

2 34 0.079647

3 34 0.119077

4 34 0.158038

5 34 0.196375

6 34 0.233937

7 34 0.270575

8 34 0.306146

9 34 0.340508

10 34 0.373527

11 34 0.405072

12 34 0.435017

13 34 0.463247

14 34 0.489647

15 34 0.514116

16 34 0.536555

17 34 0.556877

18 34 0.575001

19 34 0.590856

20 34 0.604379

21 34 0.615517

22 34 0.624226

23 34 0.630471

24 34 0.634228

25 34 0.635482

26 34 0.634228

27 34 0.630471

28 34 0.624226

29 34 0.615517

30 34 0.604379

31 34 0.590856

32 34 0.575001

33 34 0.556877

34 34 0.536555

35 34 0.514116

36 34 0.489647

37 34 0.463247

38 34 0.435017

39 34 0.405072

40 34 0.373527

41 34 0.340508

42 34 0.306146

43 34 0.270575

44 34 0.233937

45 34 0.196375

46 34 0.158038

47 34 0.119077

48 34 0.079647

49 34 0.0399023

50 34 0

0 35 0

1 35 0.0382335

2 35 0.0763161

3 35 0.114097

4 35 0.151429

5 35 0.188162

6 35 0.224153

7 35 0.259259

8 35 0.293342

9 35 0.326268

10 35 0.357906

11 35 0.388131

12 35 0.416824

13 35 0.443873

14 35 0.46917

15 35 0.492615

16 35 0.514116

17 35 0.533588

18 35 0.550954

19 35 0.566146

20 35 0.579103

21 35 0.589776

22 35 0.59812

23 35 0.604104

24 35 0.607704

25 35 0.608905

26 35 0.607704

27 35 0.604104

28 35 0.59812

29 35 0.589776

30 35 0.579103

31 35 0.566146

32 35 0.550954

33 35 0.533588

34 35 0.514116

35 35 0.492615

36 35 0.46917

37 35 0.443873

38 35 0.416824

39 35 0.388131

40 35 0.357906

41 35 0.326268

42 35 0.293342

43 35 0.259259

44 35 0.224153

45 35 0.188162

46 35 0.151429

47 35 0.114097

48 35 0.0763161

49 35 0.0382335

50 35 0

0 36 0

1 36 0.0364138

2 36 0.072684

3 36 0.108667

4 36 0.144222

5 36 0.179207

6 36 0.213485

7 36 0.24692

8 36 0.279381

9 36 0.31074

10 36 0.340872

11 36 0.369658

12 36 0.396986

13 36 0.422748

14 36 0.44684

15 36 0.46917

16 36 0.489647

17 36 0.508193

18 36 0.524732

19 36 0.539201

20 36 0.551542

21 36 0.561706

22 36 0.569654

23 36 0.575353

24 36 0.578781

25 36 0.579926

26 36 0.578781

27 36 0.575353

28 36 0.569654

29 36 0.561706

30 36 0.551542

31 36 0.539201

32 36 0.524732

33 36 0.508193

34 36 0.489647

35 36 0.46917

36 36 0.44684

37 36 0.422748

38 36 0.396986

39 36 0.369658

40 36 0.340872

41 36 0.31074

42 36 0.279381

43 36 0.24692

44 36 0.213485

45 36 0.179207

46 36 0.144222

47 36 0.108667

48 36 0.072684

49 36 0.0364138

50 36 0

0 37 0

1 37 0.0344505

2 37 0.068765

3 37 0.102808

4 37 0.136445

5 37 0.169544

6 37 0.201974

7 37 0.233607

8 37 0.264318

9 37 0.293985

10 37 0.322493

11 37 0.349727

12 37 0.375582

13 37 0.399954

14 37 0.422748

15 37 0.443873

16 37 0.463247

17 37 0.480792

18 37 0.49644

19 37 0.510128

20 37 0.521804

21 37 0.53142

22 37 0.538939

23 37 0.544331

24 37 0.547574

25 37 0.548657

26 37 0.547574

27 37 0.544331

28 37 0.538939

29 37 0.53142

30 37 0.521804

31 37 0.510128

32 37 0.49644

33 37 0.480792

34 37 0.463247

35 37 0.443873

36 37 0.422748

37 37 0.399954

38 37 0.375582

39 37 0.349727

40 37 0.322493

41 37 0.293985

42 37 0.264318

43 37 0.233607

44 37 0.201974

45 37 0.169544

46 37 0.136445

47 37 0.102808

48 37 0.068765

49 37 0.0344505

50 37 0

0 38 0

1 38 0.0323511

2 38 0.0645746

3 38 0.0965432

4 38 0.128131

5 38 0.159213

6 38 0.189666

7 38 0.219371

8 38 0.248211

9 38 0.27607

10 38 0.302841

11 38 0.328416

12 38 0.352695

13 38 0.375582

14 38 0.396986

15 38 0.416824

16 38 0.435017

17 38 0.451494

18 38 0.466188

19 38 0.479043

20 38 0.490007

21 38 0.499037

22 38 0.506097

23 38 0.511161

24 38 0.514207

25 38 0.515223

26 38 0.514207

27 38 0.511161

28 38 0.506097

29 38 0.499037

30 38 0.490007

31 38 0.479043

32 38 0.466188

33 38 0.451494

34 38 0.435017

35 38 0.416824

36 38 0.396986

37 38 0.375582

38 38 0.352695

39 38 0.328416

40 38 0.302841

41 38 0.27607

42 38 0.248211

43 38 0.219371

44 38 0.189666

45 38 0.159213

46 38 0.128131

47 38 0.0965432

48 38 0.0645746

49 38 0.0323511

50 38 0

0 39 0

1 39 0.0301241

2 39 0.0601294

3 39 0.0898973

4 39 0.119311

5 39 0.148253

6 39 0.17661

7 39 0.20427

8 39 0.231124

9 39 0.257066

10 39 0.281994

11 39 0.305808

12 39 0.328416

13 39 0.349727

14 39 0.369658

15 39 0.388131

16 39 0.405072

17 39 0.420414

18 39 0.434096

19 39 0.446066

20 39 0.456275

21 39 0.464684

22 39 0.471258

23 39 0.475973

24 39 0.478809

25 39 0.479756

26 39 0.478809

27 39 0.475973

28 39 0.471258

29 39 0.464684

30 39 0.456275

31 39 0.446066

32 39 0.434096

33 39 0.420414

34 39 0.405072

35 39 0.388131

36 39 0.369658

37 39 0.349727

38 39 0.328416

39 39 0.305808

40 39 0.281994

41 39 0.257066

42 39 0.231124

43 39 0.20427

44 39 0.17661

45 39 0.148253

46 39 0.119311

47 39 0.0898973

48 39 0.0601294

49 39 0.0301241

50 39 0

0 40 0

1 40 0.0277783

2 40 0.0554469

3 40 0.0828967

4 40 0.110019

5 40 0.136708

6 40 0.162857

7 40 0.188363

8 40 0.213126

9 40 0.237047

10 40 0.260034

11 40 0.281994

12 40 0.302841

13 40 0.322493

14 40 0.340872

15 40 0.357906

16 40 0.373527

17 40 0.387674

18 40 0.400292

19 40 0.411329

20 40 0.420743

21 40 0.428497

22 40 0.43456

23 40 0.438907

24 40 0.441523

25 40 0.442396

26 40 0.441523

27 40 0.438907

28 40 0.43456

29 40 0.428497

30 40 0.420743

31 40 0.411329

32 40 0.400292

33 40 0.387674

34 40 0.373527

35 40 0.357906

36 40 0.340872

37 40 0.322493

38 40 0.302841

39 40 0.281994

40 40 0.260034

41 40 0.237047

42 40 0.213126

43 40 0.188363

44 40 0.162857

45 40 0.136708

46 40 0.110019

47 40 0.0828967

48 40 0.0554469

49 40 0.0277783

50 40 0

0 41 0

1 41 0.0253227

2 41 0.0505455

3 41 0.0755689

4 41 0.100294

5 41 0.124623

6 41 0.148461

7 41 0.171712

8 41 0.194286

9 41 0.216093

10 41 0.237047

11 41 0.257066

12 41 0.27607

13 41 0.293985

14 41 0.31074

15 41 0.326268

16 41 0.340508

17 41 0.353405

18 41 0.364907

19 41 0.374969

20 41 0.383551

21 41 0.390619

22 41 0.396146

23 41 0.400109

24 41 0.402493

25 41 0.403289

26 41 0.402493

27 41 0.400109

28 41 0.396146

29 41 0.390619

30 41 0.383551

31 41 0.374969

32 41 0.364907

33 41 0.353405

34 41 0.340508

35 41 0.326268

36 41 0.31074

37 41 0.293985

38 41 0.27607

39 41 0.257066

40 41 0.237047

41 41 0.216093

42 41 0.194286

43 41 0.171712

44 41 0.148461

45 41 0.124623

46 41 0.100294

47 41 0.0755689

48 41 0.0505455

49 41 0.0253227

50 41 0

0 42 0

1 42 0.0227673

2 42 0.0454447

3 42 0.0679428

4 42 0.0901728

5 42 0.112047

6 42 0.133479

7 42 0.154384

8 42 0.17468

9 42 0.194286

10 42 0.213126

11 42 0.231124

12 42 0.248211

13 42 0.264318

14 42 0.279381

15 42 0.293342

16 42 0.306146

17 42 0.317741

18 42 0.328082

19 42 0.337129

20 42 0.344845

21 42 0.3512

22 42 0.356169

23 42 0.359732

24 42 0.361876

25 42 0.362591

26 42 0.361876

27 42 0.359732

28 42 0.356169

29 42 0.3512

30 42 0.344845

31 42 0.337129

32 42 0.328082

33 42 0.317741

34 42 0.306146

35 42 0.293342

36 42 0.279381

37 42 0.264318

38 42 0.248211

39 42 0.231124

40 42 0.213126

41 42 0.194286

42 42 0.17468

43 42 0.154384

44 42 0.133479

45 42 0.112047

46 42 0.0901728

47 42 0.0679428

48 42 0.0454447

49 42 0.0227673

50 42 0

0 43 0

1 43 0.020122

2 43 0.0401646

3 43 0.0600486

4 43 0.0796957

5 43 0.0990282

6 43 0.11797

7 43 0.136446

8 43 0.154384

9 43 0.171712

10 43 0.188363

11 43 0.20427

12 43 0.219371

13 43 0.233607

14 43 0.24692

15 43 0.259259

16 43 0.270575

17 43 0.280823

18 43 0.289963

19 43 0.297958

20 43 0.304778

21 43 0.310394

22 43 0.314786

23 43 0.317935

24 43 0.31983

25 43 0.320462

26 43 0.31983

27 43 0.317935

28 43 0.314786

29 43 0.310394

30 43 0.304778

31 43 0.297958

32 43 0.289963

33 43 0.280823

34 43 0.270575

35 43 0.259259

36 43 0.24692

37 43 0.233607

38 43 0.219371

39 43 0.20427

40 43 0.188363

41 43 0.171712

42 43 0.154384

43 43 0.136446

44 43 0.11797

45 43 0.0990282

46 43 0.0796957

47 43 0.0600486

48 43 0.0401646

49 43 0.020122

50 43 0

0 44 0

1 44 0.0173973

2 44 0.0347259

3 44 0.0519174

4 44 0.0689041

5 44 0.0856188

6 44 0.101996

7 44 0.11797

8 44 0.133479

9 44 0.148461

10 44 0.162857

11 44 0.17661

12 44 0.189666

13 44 0.201974

14 44 0.213485

15 44 0.224153

16 44 0.233937

17 44 0.242797

18 44 0.250699

19 44 0.257612

20 44 0.263508

21 44 0.268364

22 44 0.272161

23 44 0.274884

24 44 0.276522

25 44 0.277068

26 44 0.276522

27 44 0.274884

28 44 0.272161

29 44 0.268364

30 44 0.263508

31 44 0.257612

32 44 0.250699

33 44 0.242797

34 44 0.233937

35 44 0.224153

36 44 0.213485

37 44 0.201974

38 44 0.189666

39 44 0.17661

40 44 0.162857

41 44 0.148461

42 44 0.133479

43 44 0.11797

44 44 0.101996

45 44 0.0856188

46 44 0.0689041

47 44 0.0519174

48 44 0.0347259

49 44 0.0173973

50 44 0

0 45 0

1 45 0.0146039

2 45 0.0291501

3 45 0.0435814

4 45 0.0578406

5 45 0.0718715

6 45 0.0856188

7 45 0.0990282

8 45 0.112047

9 45 0.124623

10 45 0.136708

11 45 0.148253

12 45 0.159213

13 45 0.169544

14 45 0.179207

15 45 0.188162

16 45 0.196375

17 45 0.203812

18 45 0.210446

19 45 0.216248

20 45 0.221198

21 45 0.225274

22 45 0.228462

23 45 0.230747

24 45 0.232122

25 45 0.232581

26 45 0.232122

27 45 0.230747

28 45 0.228462

29 45 0.225274

30 45 0.221198

31 45 0.216248

32 45 0.210446

33 45 0.203812

34 45 0.196375

35 45 0.188162

36 45 0.179207

37 45 0.169544

38 45 0.159213

39 45 0.148253

40 45 0.136708

41 45 0.124623

42 45 0.112047

43 45 0.0990282

44 45 0.0856188

45 45 0.0718715

46 45 0.0578406

47 45 0.0435814

48 45 0.0291501

49 45 0.0146039

50 45 0

0 46 0

1 46 0.0117529

2 46 0.0234594

3 46 0.0350733

4 46 0.0465488

5 46 0.0578406

6 46 0.0689041

7 46 0.0796957

8 46 0.0901728

9 46 0.100294

10 46 0.110019

11 46 0.119311

12 46 0.128131

13 46 0.136445

14 46 0.144222

15 46 0.151429

16 46 0.158038

17 46 0.164024

18 46 0.169362

19 46 0.174032

20 46 0.178015

21 46 0.181296

22 46 0.183861

23 46 0.1857

24 46 0.186807

25 46 0.187176

26 46 0.186807

27 46 0.1857

28 46 0.183861

29 46 0.181296

30 46 0.178015

31 46 0.174032

32 46 0.169362

33 46 0.164024

34 46 0.158038

35 46 0.151429

36 46 0.144222

37 46 0.136445

38 46 0.128131

39 46 0.119311

40 46 0.110019

41 46 0.100294

42 46 0.0901728

43 46 0.0796957

44 46 0.0689041

45 46 0.0578406

46 46 0.0465488

47 46 0.0350733

48 46 0.0234594

49 46 0.0117529

50 46 0

0 47 0

1 47 0.00885549

2 47 0.017676

3 47 0.0264268

4 47 0.0350733

5 47 0.0435814

6 47 0.0519174

7 47 0.0600486

8 47 0.0679428

9 47 0.0755689

10 47 0.0828967

11 47 0.0898973

12 47 0.0965432

13 47 0.102808

14 47 0.108667

15 47 0.114097

16 47 0.119077

17 47 0.123588

18 47 0.12761

19 47 0.131128

20 47 0.13413

21 47 0.136601

22 47 0.138534

23 47 0.13992

24 47 0.140754

25 47 0.141032

26 47 0.140754

27 47 0.13992

28 47 0.138534

29 47 0.136601

30 47 0.13413

31 47 0.131128

32 47 0.12761

33 47 0.123588

34 47 0.119077

35 47 0.114097

36 47 0.108667

37 47 0.102808

38 47 0.0965432

39 47 0.0898973

40 47 0.0828967

41 47 0.0755689

42 47 0.0679428

43 47 0.0600486

44 47 0.0519174

45 47 0.0435814

46 47 0.0350733

47 47 0.0264268

48 47 0.017676

49 47 0.00885549

50 47 0

0 48 0

1 48 0.00592315

2 48 0.0118229

3 48 0.017676

4 48 0.0234594

5 48 0.0291501

6 48 0.0347259

7 48 0.0401646

8 48 0.0454447

9 48 0.0505455

10 48 0.0554469

11 48 0.0601294

12 48 0.0645746

13 48 0.068765

14 48 0.072684

15 48 0.0763161

16 48 0.079647

17 48 0.0826636

18 48 0.085354

19 48 0.0877076

20 48 0.0897149

21 48 0.0913683

22 48 0.092661

23 48 0.093588

24 48 0.0941457

25 48 0.0943319

26 48 0.0941457

27 48 0.093588

28 48 0.092661

29 48 0.0913683

30 48 0.0897149

31 48 0.0877076

32 48 0.085354

33 48 0.0826636

34 48 0.079647

35 48 0.0763161

36 48 0.072684

37 48 0.068765

38 48 0.0645746

39 48 0.0601294

40 48 0.0554469

41 48 0.0505455

42 48 0.0454447

43 48 0.0401646

44 48 0.0347259

45 48 0.0291501

46 48 0.0234594

47 48 0.017676

48 48 0.0118229

49 48 0.00592315

50 48 0

0 49 0

1 49 0.00296743

2 49 0.00592315

3 49 0.00885549

4 49 0.0117529

5 49 0.0146039

6 49 0.0173973

7 49 0.020122

8 49 0.0227673

9 49 0.0253227

10 49 0.0277783

11 49 0.0301241

12 49 0.0323511

13 49 0.0344505

14 49 0.0364138

15 49 0.0382335

16 49 0.0399023

17 49 0.0414135

18 49 0.0427614

19 49 0.0439405

20 49 0.0449462

21 49 0.0457745

22 49 0.0464221

23 49 0.0468865

24 49 0.0471659

25 49 0.0472592

26 49 0.0471659

27 49 0.0468865

28 49 0.0464221

29 49 0.0457745

30 49 0.0449462

31 49 0.0439405

32 49 0.0427614

33 49 0.0414135

34 49 0.0399023

35 49 0.0382335

36 49 0.0364138

37 49 0.0344505

38 49 0.0323511

39 49 0.0301241

40 49 0.0277783

41 49 0.0253227

42 49 0.0227673

43 49 0.020122

44 49 0.0173973

45 49 0.0146039

46 49 0.0117529

47 49 0.00885549

48 49 0.00592315

49 49 0.00296743

50 49 0

