0 1 0

1 1 0.00148155

2 1 0.00295726

3 1 0.00442129

4 1 0.00586787

5 1 0.0072913

6 1 0.00868595

7 1 0.0100463

8 1 0.011367

9 1 0.0126429

10 1 0.0138689

11 1 0.0150401

12 1 0.016152

13 1 0.0172001

14 1 0.0181804

15 1 0.0190889

16 1 0.019922

17 1 0.0206766

18 1 0.0213495

19 1 0.0219382

20 1 0.0224403

21 1 0.0228539

22 1 0.0231772

23 1 0.0234091

24 1 0.0235486

25 1 0.0235951

26 1 0.0235486

27 1 0.0234091

28 1 0.0231772

29 1 0.0228539

30 1 0.0224403

31 1 0.0219382

32 1 0.0213495

33 1 0.0206766

34 1 0.019922

35 1 0.0190889

36 1 0.0181804

37 1 0.0172001

38 1 0.016152

39 1 0.0150401

40 1 0.0138689

41 1 0.0126429

42 1 0.011367

43 1 0.0100463

44 1 0.00868595

45 1 0.0072913

46 1 0.00586787

47 1 0.00442129

48 1 0.00295726

49 1 0.00148155

50 1 0

0 2 0

1 2 0.00295726

2 2 0.00590284

3 2 0.00882513

4 2 0.0117126

5 2 0.0145538

6 2 0.0173376

7 2 0.020053

8 2 0.0226892

9 2 0.0252359

10 2 0.027683

11 2 0.0300209

12 2 0.0322402

13 2 0.0343324

14 2 0.036289

15 2 0.0381024

16 2 0.0397655

17 2 0.0412716

18 2 0.0426148

19 2 0.0437898

20 2 0.0447921

21 2 0.0456175

22 2 0.046263

23 2 0.0467258

24 2 0.0470042

25 2 0.0470972

26 2 0.0470042

27 2 0.0467258

28 2 0.046263

29 2 0.0456175

30 2 0.0447921

31 2 0.0437898

32 2 0.0426148

33 2 0.0412716

34 2 0.0397655

35 2 0.0381024

36 2 0.036289

37 2 0.0343324

38 2 0.0322402

39 2 0.0300209

40 2 0.027683

41 2 0.0252359

42 2 0.0226892

43 2 0.020053

44 2 0.0173376

45 2 0.0145538

46 2 0.0117126

47 2 0.00882513

48 2 0.00590284

49 2 0.00295726

50 2 0

0 3 0

1 3 0.00442129

2 3 0.00882513

3 3 0.0131941

4 3 0.0175111

5 3 0.0217589

6 3 0.0259209

7 3 0.0299805

8 3 0.0339219

9 3 0.0377294

10 3 0.0413879

11 3 0.0448831

12 3 0.0482012

13 3 0.0513291

14 3 0.0542544

15 3 0.0569656

16 3 0.0594519

17 3 0.0617037

18 3 0.0637119

19 3 0.0654687

20 3 0.0669671

21 3 0.0682012

22 3 0.0691661

23 3 0.0698581

24 3 0.0702744

25 3 0.0704133

26 3 0.0702744

27 3 0.0698581

28 3 0.0691661

29 3 0.0682012

30 3 0.0669671

31 3 0.0654687

32 3 0.0637119

33 3 0.0617037

34 3 0.0594519

35 3 0.0569656

36 3 0.0542544

37 3 0.0513291

38 3 0.0482012

39 3 0.0448831

40 3 0.0413879

41 3 0.0377294

42 3 0.0339219

43 3 0.0299805

44 3 0.0259209

45 3 0.0217589

46 3 0.0175111

47 3 0.0131941

48 3 0.00882513

49 3 0.00442129

50 3 0

0 4 0

1 4 0.00586787

2 4 0.0117126

3 4 0.0175111

4 4 0.0232405

5 4 0.0288781

6 4 0.0344018

7 4 0.0397898

8 4 0.0450207

9 4 0.0500739

10 4 0.0549295

11 4 0.0595683

12 4 0.063972

13 4 0.0681233

14 4 0.0720057

15 4 0.0756039

16 4 0.0789038

17 4 0.0818923

18 4 0.0845575

19 4 0.0868891

20 4 0.0888778

21 4 0.0905156

22 4 0.0917963

23 4 0.0927147

24 4 0.0932672

25 4 0.0934516

26 4 0.0932672

27 4 0.0927147

28 4 0.0917963

29 4 0.0905156

30 4 0.0888778

31 4 0.0868891

32 4 0.0845575

33 4 0.0818923

34 4 0.0789038

35 4 0.0756039

36 4 0.0720057

37 4 0.0681233

38 4 0.063972

39 4 0.0595683

40 4 0.0549295

41 4 0.0500739

42 4 0.0450207

43 4 0.0397898

44 4 0.0344018

45 4 0.0288781

46 4 0.0232405

47 4 0.0175111

48 4 0.0117126

49 4 0.00586787

50 4 0

0 5 0

1 5 0.0072913

2 5 0.0145538

3 5 0.0217589

4 5 0.0288781

5 5 0.0358834

6 5 0.042747

7 5 0.0494419

8 5 0.0559417

9 5 0.0622208

10 5 0.0682542

11 5 0.0740183

12 5 0.0794903

13 5 0.0846486

14 5 0.0894728

15 5 0.0939439

16 5 0.0980443

17 5 0.101758

18 5 0.105069

19 5 0.107967

20 5 0.110438

21 5 0.112473

22 5 0.114064

23 5 0.115205

24 5 0.115892

25 5 0.116121

26 5 0.115892

27 5 0.115205

28 5 0.114064

29 5 0.112473

30 5 0.110438

31 5 0.107967

32 5 0.105069

33 5 0.101758

34 5 0.0980443

35 5 0.0939439

36 5 0.0894728

37 5 0.0846486

38 5 0.0794903

39 5 0.0740183

40 5 0.0682542

41 5 0.0622208

42 5 0.0559417

43 5 0.0494419

44 5 0.042747

45 5 0.0358834

46 5 0.0288781

47 5 0.0217589

48 5 0.0145538

49 5 0.0072913

50 5 0

0 6 0

1 6 0.00868595

2 6 0.0173376

3 6 0.0259209

4 6 0.0344018

5 6 0.042747

6 6 0.0509235

7 6 0.058899

8 6 0.0666421

9 6 0.0741221

10 6 0.0813096

11 6 0.0881763

12 6 0.0946949

13 6 0.10084

14 6 0.106587

15 6 0.111913

16 6 0.116798

17 6 0.121221

18 6 0.125167

19 6 0.128618

20 6 0.131562

21 6 0.133986

22 6 0.135882

23 6 0.137241

24 6 0.138059

25 6 0.138332

26 6 0.138059

27 6 0.137241

28 6 0.135882

29 6 0.133986

30 6 0.131562

31 6 0.128618

32 6 0.125167

33 6 0.121221

34 6 0.116798

35 6 0.111913

36 6 0.106587

37 6 0.10084

38 6 0.0946949

39 6 0.0881763

40 6 0.0813096

41 6 0.0741221

42 6 0.0666421

43 6 0.058899

44 6 0.0509235

45 6 0.042747

46 6 0.0344018

47 6 0.0259209

48 6 0.0173376

49 6 0.00868595

50 6 0

0 7 0

1 7 0.0100463

2 7 0.020053

3 7 0.0299805

4 7 0.0397898

5 7 0.0494419

6 7 0.058899

7 7 0.0681236

8 7 0.0770794

9 7 0.0857309

10 7 0.0940442

11 7 0.101986

12 7 0.109526

13 7 0.116633

14 7 0.12328

15 7 0.129441

16 7 0.13509

17 7 0.140207

18 7 0.14477

19 7 0.148762

20 7 0.152167

21 7 0.154971

22 7 0.157163

23 7 0.158736

24 7 0.159682

25 7 0.159997

26 7 0.159682

27 7 0.158736

28 7 0.157163

29 7 0.154971

30 7 0.152167

31 7 0.148762

32 7 0.14477

33 7 0.140207

34 7 0.13509

35 7 0.129441

36 7 0.12328

37 7 0.116633

38 7 0.109526

39 7 0.101986

40 7 0.0940442

41 7 0.0857309

42 7 0.0770794

43 7 0.0681236

44 7 0.058899

45 7 0.0494419

46 7 0.0397898

47 7 0.0299805

48 7 0.020053

49 7 0.0100463

50 7 0

0 8 0

1 8 0.011367

2 8 0.0226892

3 8 0.0339219

4 8 0.0450207

5 8 0.0559417

6 8 0.0666421

7 8 0.0770794

8 8 0.0872125

9 8 0.0970014

10 8 0.106408

11 8 0.115394

12 8 0.123924

13 8 0.131966

14 8 0.139487

15 8 0.146457

16 8 0.15285

17 8 0.158639

18 8 0.163802

19 8 0.168319

20 8 0.172171

21 8 0.175344

22 8 0.177825

23 8 0.179604

24 8 0.180674

25 8 0.181031

26 8 0.180674

27 8 0.179604

28 8 0.177825

29 8 0.175344

30 8 0.172171

31 8 0.168319

32 8 0.163802

33 8 0.158639

34 8 0.15285

35 8 0.146457

36 8 0.139487

37 8 0.131966

38 8 0.123924

39 8 0.115394

40 8 0.106408

41 8 0.0970014

42 8 0.0872125

43 8 0.0770794

44 8 0.0666421

45 8 0.0559417

46 8 0.0450207

47 8 0.0339219

48 8 0.0226892

49 8 0.011367

50 8 0

0 9 0

1 9 0.0126429

2 9 0.0252359

3 9 0.0377294

4 9 0.0500739

5 9 0.0622208

6 9 0.0741221

7 9 0.0857309

8 9 0.0970014

9 9 0.107889

10 9 0.118351

11 9 0.128346

12 9 0.137834

13 9 0.146778

14 9 0.155143

15 9 0.162896

16 9 0.170006

17 9 0.176445

18 9 0.182188

19 9 0.187211

20 9 0.191496

21 9 0.195025

22 9 0.197784

23 9 0.199763

24 9 0.200953

25 9 0.201351

26 9 0.200953

27 9 0.199763

28 9 0.197784

29 9 0.195025

30 9 0.191496

31 9 0.187211

32 9 0.182188

33 9 0.176445

34 9 0.170006

35 9 0.162896

36 9 0.155143

37 9 0.146778

38 9 0.137834

39 9 0.128346

40 9 0.118351

41 9 0.107889

42 9 0.0970014

43 9 0.0857309

44 9 0.0741221

45 9 0.0622208

46 9 0.0500739

47 9 0.0377294

48 9 0.0252359

49 9 0.0126429

50 9 0

0 10 0

1 10 0.0138689

2 10 0.027683

3 10 0.0413879

4 10 0.0549295

5 10 0.0682542

6 10 0.0813096

7 10 0.0940442

8 10 0.106408

9 10 0.118351

10 10 0.129827

11 10 0.140791

12 10 0.1512

13 10 0.161011

14 10 0.170187

15 10 0.178692

16 10 0.186491

17 10 0.193555

18 10 0.199854

19 10 0.205365

20 10 0.210065

21 10 0.213936

22 10 0.216963

23 10 0.219134

24 10 0.22044

25 10 0.220875

26 10 0.22044

27 10 0.219134

28 10 0.216963

29 10 0.213936

30 10 0.210065

31 10 0.205365

32 10 0.199854

33 10 0.193555

34 10 0.186491

35 10 0.178692

36 10 0.170187

37 10 0.161011

38 10 0.1512

39 10 0.140791

40 10 0.129827

41 10 0.118351

42 10 0.106408

43 10 0.0940442

44 10 0.0813096

45 10 0.0682542

46 10 0.0549295

47 10 0.0413879

48 10 0.027683

49 10 0.0138689

50 10 0

0 11 0

1 11 0.0150401

2 11 0.0300209

3 11 0.0448831

4 11 0.0595683

5 11 0.0740183

6 11 0.0881763

7 11 0.101986

8 11 0.115394

9 11 0.128346

10 11 0.140791

11 11 0.152681

12 11 0.163968

13 11 0.174609

14 11 0.18456

15 11 0.193783

16 11 0.202241

17 11 0.2099

18 11 0.216732

19 11 0.222708

20 11 0.227805

21 11 0.232003

22 11 0.235286

23 11 0.23764

24 11 0.239056

25 11 0.239528

26 11 0.239056

27 11 0.23764

28 11 0.235286

29 11 0.232003

30 11 0.227805

31 11 0.222708

32 11 0.216732

33 11 0.2099

34 11 0.202241

35 11 0.193783

36 11 0.18456

37 11 0.174609

38 11 0.163968

39 11 0.152681

40 11 0.140791

41 11 0.128346

42 11 0.115394

43 11 0.101986

44 11 0.0881763

45 11 0.0740183

46 11 0.0595683

47 11 0.0448831

48 11 0.0300209

49 11 0.0150401

50 11 0

0 12 0

1 12 0.016152

2 12 0.0322402

3 12 0.0482012

4 12 0.063972

5 12 0.0794903

6 12 0.0946949

7 12 0.109526

8 12 0.123924

9 12 0.137834

10 12 0.1512

11 12 0.163968

12 12 0.17609

13 12 0.187517

14 12 0.198204

15 12 0.208108

16 12 0.217192

17 12 0.225418

18 12 0.232754

19 12 0.239172

20 12 0.244646

21 12 0.249155

22 12 0.25268

23 12 0.255208

24 12 0.256729

25 12 0.257236

26 12 0.256729

27 12 0.255208

28 12 0.25268

29 12 0.249155

30 12 0.244646

31 12 0.239172

32 12 0.232754

33 12 0.225418

34 12 0.217192

35 12 0.208108

36 12 0.198204

37 12 0.187517

38 12 0.17609

39 12 0.163968

40 12 0.1512

41 12 0.137834

42 12 0.123924

43 12 0.109526

44 12 0.0946949

45 12 0.0794903

46 12 0.063972

47 12 0.0482012

48 12 0.0322402

49 12 0.016152

50 12 0

0 13 0

1 13 0.0172001

2 13 0.0343324

3 13 0.0513291

4 13 0.0681233

5 13 0.0846486

6 13 0.10084

7 13 0.116633

8 13 0.131966

9 13 0.146778

10 13 0.161011

11 13 0.174609

12 13 0.187517

13 13 0.199685

14 13 0.211066

15 13 0.221613

16 13 0.231286

17 13 0.240046

18 13 0.247858

19 13 0.254692

20 13 0.260522

21 13 0.265323

22 13 0.269077

23 13 0.271769

24 13 0.273388

25 13 0.273929

26 13 0.273388

27 13 0.271769

28 13 0.269077

29 13 0.265323

30 13 0.260522

31 13 0.254692

32 13 0.247858

33 13 0.240046

34 13 0.231286

35 13 0.221613

36 13 0.211066

37 13 0.199685

38 13 0.187517

39 13 0.174609

40 13 0.161011

41 13 0.146778

42 13 0.131966

43 13 0.116633

44 13 0.10084

45 13 0.0846486

46 13 0.0681233

47 13 0.0513291

48 13 0.0343324

49 13 0.0172001

50 13 0

0 14 0

1 14 0.0181804

2 14 0.036289

3 14 0.0542544

4 14 0.0720057

5 14 0.0894728

6 14 0.106587

7 14 0.12328

8 14 0.139487

9 14 0.155143

10 14 0.170187

11 14 0.18456

12 14 0.198204

13 14 0.211066

14 14 0.223094

15 14 0.234243

16 14 0.244467

17 14 0.253726

18 14 0.261984

19 14 0.269208

20 14 0.275369

21 14 0.280444

22 14 0.284412

23 14 0.287257

24 14 0.288969

25 14 0.28954

26 14 0.288969

27 14 0.287257

28 14 0.284412

29 14 0.280444

30 14 0.275369

31 14 0.269208

32 14 0.261984

33 14 0.253726

34 14 0.244467

35 14 0.234243

36 14 0.223094

37 14 0.211066

38 14 0.198204

39 14 0.18456

40 14 0.170187

41 14 0.155143

42 14 0.139487

43 14 0.12328

44 14 0.106587

45 14 0.0894728

46 14 0.0720057

47 14 0.0542544

48 14 0.036289

49 14 0.0181804

50 14 0

0 15 0

1 15 0.0190889

2 15 0.0381024

3 15 0.0569656

4 15 0.0756039

5 15 0.0939439

6 15 0.111913

7 15 0.129441

8 15 0.146457

9 15 0.162896

10 15 0.178692

11 15 0.193783

12 15 0.208108

13 15 0.221613

14 15 0.234243

15 15 0.245948

16 15 0.256683

17 15 0.266405

18 15 0.275075

19 15 0.28266

20 15 0.28913

21 15 0.294458

22 15 0.298624

23 15 0.301612

24 15 0.303409

25 15 0.304009

26 15 0.303409

27 15 0.301612

28 15 0.298624

29 15 0.294458

30 15 0.28913

31 15 0.28266

32 15 0.275075

33 15 0.266405

34 15 0.256683

35 15 0.245948

36 15 0.234243

37 15 0.221613

38 15 0.208108

39 15 0.193783

40 15 0.178692

41 15 0.162896

42 15 0.146457

43 15 0.129441

44 15 0.111913

45 15 0.0939439

46 15 0.0756039

47 15 0.0569656

48 15 0.0381024

49 15 0.0190889

50 15 0

0 16 0

1 16 0.019922

2 16 0.0397655

3 16 0.0594519

4 16 0.0789038

5 16 0.0980443

6 16 0.116798

7 16 0.13509

8 16 0.15285

9 16 0.170006

10 16 0.186491

11 16 0.202241

12 16 0.217192

13 16 0.231286

14 16 0.244467

15 16 0.256683

16 16 0.267887

17 16 0.278033

18 16 0.287082

19 16 0.294997

20 16 0.301749

21 16 0.30731

22 16 0.311658

23 16 0.314776

24 16 0.316652

25 16 0.317278

26 16 0.316652

27 16 0.314776

28 16 0.311658

29 16 0.30731

30 16 0.301749

31 16 0.294997

32 16 0.287082

33 16 0.278033

34 16 0.267887

35 16 0.256683

36 16 0.244467

37 16 0.231286

38 16 0.217192

39 16 0.202241

40 16 0.186491

41 16 0.170006

42 16 0.15285

43 16 0.13509

44 16 0.116798

45 16 0.0980443

46 16 0.0789038

47 16 0.0594519

48 16 0.0397655

49 16 0.019922

50 16 0

0 17 0

1 17 0.0206766

2 17 0.0412716

3 17 0.0617037

4 17 0.0818923

5 17 0.101758

6 17 0.121221

7 17 0.140207

8 17 0.158639

9 17 0.176445

10 17 0.193555

11 17 0.2099

12 17 0.225418

13 17 0.240046

14 17 0.253726

15 17 0.266405

16 17 0.278033

17 17 0.288563

18 17 0.297955

19 17 0.30617

20 17 0.313178

21 17 0.318949

22 17 0.323462

23 17 0.326698

24 17 0.328645

25 17 0.329295

26 17 0.328645

27 17 0.326698

28 17 0.323462

29 17 0.318949

30 17 0.313178

31 17 0.30617

32 17 0.297955

33 17 0.288563

34 17 0.278033

35 17 0.266405

36 17 0.253726

37 17 0.240046

38 17 0.225418

39 17 0.2099

40 17 0.193555

41 17 0.176445

42 17 0.158639

43 17 0.140207

44 17 0.121221

45 17 0.101758

46 17 0.0818923

47 17 0.0617037

48 17 0.0412716

49 17 0.0206766

50 17 0

0 18 0

1 18 0.0213495

2 18 0.0426148

3 18 0.0637119

4 18 0.0845575

5 18 0.105069

6 18 0.125167

7 18 0.14477

8 18 0.163802

9 18 0.182188

10 18 0.199854

11 18 0.216732

12 18 0.232754

13 18 0.247858

14 18 0.261984

15 18 0.275075

16 18 0.287082

17 18 0.297955

18 18 0.307652

19 18 0.316135

20 18 0.323371

21 18 0.32933

22 18 0.333989

23 18 0.337331

24 18 0.339341

25 18 0.340012

26 18 0.339341

27 18 0.337331

28 18 0.333989

29 18 0.32933

30 18 0.323371

31 18 0.316135

32 18 0.307652

33 18 0.297955

34 18 0.287082

35 18 0.275075

36 18 0.261984

37 18 0.247858

38 18 0.232754

39 18 0.216732

40 18 0.199854

41 18 0.182188

42 18 0.163802

43 18 0.14477

44 18 0.125167

45 18 0.105069

46 18 0.0845575

47 18 0.0637119

48 18 0.0426148

49 18 0.0213495

50 18 0

0 19 0

1 19 0.0219382

2 19 0.0437898

3 19 0.0654687

4 19 0.0868891

5 19 0.107967

6 19 0.128618

7 19 0.148762

8 19 0.168319

9 19 0.187211

10 19 0.205365

11 19 0.222708

12 19 0.239172

13 19 0.254692

14 19 0.269208

15 19 0.28266

16 19 0.294997

17 19 0.30617

18 19 0.316135

19 19 0.324852

20 19 0.332287

21 19 0.338411

22 19 0.343199

23 19 0.346632

24 19 0.348698

25 19 0.349387

26 19 0.348698

27 19 0.346632

28 19 0.343199

29 19 0.338411

30 19 0.332287

31 19 0.324852

32 19 0.316135

33 19 0.30617

34 19 0.294997

35 19 0.28266

36 19 0.269208

37 19 0.254692

38 19 0.239172

39 19 0.222708

40 19 0.205365

41 19 0.187211

42 19 0.168319

43 19 0.148762

44 19 0.128618

45 19 0.107967

46 19 0.0868891

47 19 0.0654687

48 19 0.0437898

49 19 0.0219382

50 19 0

0 20 0

1 20 0.0224403

2 20 0.0447921

3 20 0.0669671

4 20 0.0888778

5 20 0.110438

6 20 0.131562

7 20 0.152167

8 20 0.172171

9 20 0.191496

10 20 0.210065

11 20 0.227805

12 20 0.244646

13 20 0.260522

14 20 0.275369

15 20 0.28913

16 20 0.301749

17 20 0.313178

18 20 0.323371

19 20 0.332287

20 20 0.339892

21 20 0.346156

22 20 0.351054

23 20 0.354566

24 20 0.356679

25 20 0.357384

26 20 0.356679

27 20 0.354566

28 20 0.351054

29 20 0.346156

30 20 0.339892

31 20 0.332287

32 20 0.323371

33 20 0.313178

34 20 0.301749

35 20 0.28913

36 20 0.275369

37 20 0.260522

38 20 0.244646

39 20 0.227805

40 20 0.210065

41 20 0.191496

42 20 0.172171

43 20 0.152167

44 20 0.131562

45 20 0.110438

46 20 0.0888778

47 20 0.0669671

48 20 0.0447921

49 20 0.0224403

50 20 0

0 21 0

1 21 0.0228539

2 21 0.0456175

3 21 0.0682012

4 21 0.0905156

5 21 0.112473

6 21 0.133986

7 21 0.154971

8 21 0.175344

9 21 0.195025

10 21 0.213936

11 21 0.232003

12 21 0.249155

13 21 0.265323

14 21 0.280444

15 21 0.294458

16 21 0.30731

17 21 0.318949

18 21 0.32933

19 21 0.338411

20 21 0.346156

21 21 0.352535

22 21 0.357523

23 21 0.3611

24 21 0.363252

25 21 0.36397

26 21 0.363252

27 21 0.3611

28 21 0.357523

29 21 0.352535

30 21 0.346156

31 21 0.338411

32 21 0.32933

33 21 0.318949

34 21 0.30731

35 21 0.294458

36 21 0.280444

37 21 0.265323

38 21 0.249155

39 21 0.232003

40 21 0.213936

41 21 0.195025

42 21 0.175344

43 21 0.154971

44 21 0.133986

45 21 0.112473

46 21 0.0905156

47 21 0.0682012

48 21 0.0456175

49 21 0.0228539

50 21 0

0 22 0

1 22 0.0231772

2 22 0.046263

3 22 0.0691661

4 22 0.0917963

5 22 0.114064

6 22 0.135882

7 22 0.157163

8 22 0.177825

9 22 0.197784

10 22 0.216963

11 22 0.235286

12 22 0.25268

13 22 0.269077

14 22 0.284412

15 22 0.298624

16 22 0.311658

17 22 0.323462

18 22 0.333989

19 22 0.343199

20 22 0.351054

21 22 0.357523

22 22 0.362581

23 22 0.366209

24 22 0.368391

25 22 0.36912

26 22 0.368391

27 22 0.366209

28 22 0.362581

29 22 0.357523

30 22 0.351054

31 22 0.343199

32 22 0.333989

33 22 0.323462

34 22 0.311658

35 22 0.298624

36 22 0.284412

37 22 0.269077

38 22 0.25268

39 22 0.235286

40 22 0.216963

41 22 0.197784

42 22 0.177825

43 22 0.157163

44 22 0.135882

45 22 0.114064

46 22 0.0917963

47 22 0.0691661

48 22 0.046263

49 22 0.0231772

50 22 0

0 23 0

1 23 0.0234091

2 23 0.0467258

3 23 0.0698581

4 23 0.0927147

5 23 0.115205

6 23 0.137241

7 23 0.158736

8 23 0.179604

9 23 0.199763

10 23 0.219134

11 23 0.23764

12 23 0.255208

13 23 0.271769

14 23 0.287257

15 23 0.301612

16 23 0.314776

17 23 0.326698

18 23 0.337331

19 23 0.346632

20 23 0.354566

21 23 0.3611

22 23 0.366209

23 23 0.369873

24 23 0.372077

25 23 0.372813

26 23 0.372077

27 23 0.369873

28 23 0.366209

29 23 0.3611

30 23 0.354566

31 23 0.346632

32 23 0.337331

33 23 0.326698

34 23 0.314776

35 23 0.301612

36 23 0.287257

37 23 0.271769

38 23 0.255208

39 23 0.23764

40 23 0.219134

41 23 0.199763

42 23 0.179604

43 23 0.158736

44 23 0.137241

45 23 0.115205

46 23 0.0927147

47 23 0.0698581

48 23 0.0467258

49 23 0.0234091

50 23 0

0 24 0

1 24 0.0235486

2 24 0.0470042

3 24 0.0702744

4 24 0.0932672

5 24 0.115892

6 24 0.138059

7 24 0.159682

8 24 0.180674

9 24 0.200953

10 24 0.22044

11 24 0.239056

12 24 0.256729

13 24 0.273388

14 24 0.288969

15 24 0.303409

16 24 0.316652

17 24 0.328645

18 24 0.339341

19 24 0.348698

20 24 0.356679

21 24 0.363252

22 24 0.368391

23 24 0.372077

24 24 0.374294

25 24 0.375034

26 24 0.374294

27 24 0.372077

28 24 0.368391

29 24 0.363252

30 24 0.356679

31 24 0.348698

32 24 0.339341

33 24 0.328645

34 24 0.316652

35 24 0.303409

36 24 0.288969

37 24 0.273388

38 24 0.256729

39 24 0.239056

40 24 0.22044

41 24 0.200953

42 24 0.180674

43 24 0.159682

44 24 0.138059

45 24 0.115892

46 24 0.0932672

47 24 0.0702744

48 24 0.0470042

49 24 0.0235486

50 24 0

0 25 0

1 25 0.0235951

2 25 0.0470972

3 25 0.0704133

4 25 0.0934516

5 25 0.116121

6 25 0.138332

7 25 0.159997

8 25 0.181031

9 25 0.201351

10 25 0.220875

11 25 0.239528

12 25 0.257236

13 25 0.273929

14 25 0.28954

15 25 0.304009

16 25 0.317278

17 25 0.329295

18 25 0.340012

19 25 0.349387

20 25 0.357384

21 25 0.36397

22 25 0.36912

23 25 0.372813

24 25 0.375034

25 25 0.375776

26 25 0.375034

27 25 0.372813

28 25 0.36912

29 25 0.36397

30 25 0.357384

31 25 0.349387

32 25 0.340012

33 25 0.329295

34 25 0.317278

35 25 0.304009

36 25 0.28954

37 25 0.273929

38 25 0.257236

39 25 0.239528

40 25 0.220875

41 25 0.201351

42 25 0.181031

43 25 0.159997

44 25 0.138332

45 25 0.116121

46 25 0.0934516

47 25 0.0704133

48 25 0.0470972

49 25 0.0235951

50 25 0

0 26 0

1 26 0.0235486

2 26 0.0470042

3 26 0.0702744

4 26 0.0932672

5 26 0.115892

6 26 0.138059

7 26 0.159682

8 26 0.180674

9 26 0.200953

10 26 0.22044

11 26 0.239056

12 26 0.256729

13 26 0.273388

14 26 0.288969

15 26 0.303409

16 26 0.316652

17 26 0.328645

18 26 0.339341

19 26 0.348698

20 26 0.356679

21 26 0.363252

22 26 0.368391

23 26 0.372077

24 26 0.374294

25 26 0.375034

26 26 0.374294

27 26 0.372077

28 26 0.368391

29 26 0.363252

30 26 0.356679

31 26 0.348698

32 26 0.339341

33 26 0.328645

34 26 0.316652

35 26 0.303409

36 26 0.288969

37 26 0.273388

38 26 0.256729

39 26 0.239056

40 26 0.22044

41 26 0.200953

42 26 0.180674

43 26 0.159682

44 26 0.138059

45 26 0.115892

46 26 0.0932672

47 26 0.0702744

48 26 0.0470042

49 26 0.0235486

50 26 0

0 27 0

1 27 0.0234091

2 27 0.0467258

3 27 0.0698581

4 27 0.0927147

5 27 0.115205

6 27 0.137241

7 27 0.158736

8 27 0.179604

9 27 0.199763

10 27 0.219134

11 27 0.23764

12 27 0.255208

13 27 0.271769

14 27 0.287257

15 27 0.301612

16 27 0.314776

17 27 0.326698

18 27 0.337331

19 27 0.346632

20 27 0.354566

21 27 0.3611

22 27 0.366209

23 27 0.369873

24 27 0.372077

25 27 0.372813

26 27 0.372077

27 27 0.369873

28 27 0.366209

29 27 0.3611

30 27 0.354566

31 27 0.346632

32 27 0.337331

33 27 0.326698

34 27 0.314776

35 27 0.301612

36 27 0.287257

37 27 0.271769

38 27 0.255208

39 27 0.23764

40 27 0.219134

41 27 0.199763

42 27 0.179604

43 27 0.158736

44 27 0.137241

45 27 0.115205

46 27 0.0927147

47 27 0.0698581

48 27 0.0467258

49 27 0.0234091

50 27 0

0 28 0

1 28 0.0231772

2 28 0.046263

3 28 0.0691661

4 28 0.0917963

5 28 0.114064

6 28 0.135882

7 28 0.157163

8 28 0.177825

9 28 0.197784

10 28 0.216963

11 28 0.235286

12 28 0.25268

13 28 0.269077

14 28 0.284412

15 28 0.298624

16 28 0.311658

17 28 0.323462

18 28 0.333989

19 28 0.343199

20 28 0.351054

21 28 0.357523

22 28 0.362581

23 28 0.366209

24 28 0.368391

25 28 0.36912

26 28 0.368391

27 28 0.366209

28 28 0.362581

29 28 0.357523

30 28 0.351054

31 28 0.343199

32 28 0.333989

33 28 0.323462

34 28 0.311658

35 28 0.298624

36 28 0.284412

37 28 0.269077

38 28 0.25268

39 28 0.235286

40 28 0.216963

41 28 0.197784

42 28 0.177825

43 28 0.157163

44 28 0.135882

45 28 0.114064

46 28 0.0917963

47 28 0.0691661

48 28 0.046263

49 28 0.0231772

50 28 0

0 29 0

1 29 0.0228539

2 29 0.0456175

3 29 0.0682012

4 29 0.0905156

5 29 0.112473

6 29 0.133986

7 29 0.154971

8 29 0.175344

9 29 0.195025

10 29 0.213936

11 29 0.232003

12 29 0.249155

13 29 0.265323

14 29 0.280444

15 29 0.294458

16 29 0.30731

17 29 0.318949

18 29 0.32933

19 29 0.338411

20 29 0.346156

21 29 0.352535

22 29 0.357523

23 29 0.3611

24 29 0.363252

25 29 0.36397

26 29 0.363252

27 29 0.3611

28 29 0.357523

29 29 0.352535

30 29 0.346156

31 29 0.338411

32 29 0.32933

33 29 0.318949

34 29 0.30731

35 29 0.294458

36 29 0.280444

37 29 0.265323

38 29 0.249155

39 29 0.232003

40 29 0.213936

41 29 0.195025

42 29 0.175344

43 29 0.154971

44 29 0.133986

45 29 0.112473

46 29 0.0905156

47 29 0.0682012

48 29 0.0456175

49 29 0.0228539

50 29 0

0 30 0

1 30 0.0224403

2 30 0.0447921

3 30 0.0669671

4 30 0.0888778

5 30 0.110438

6 30 0.131562

7 30 0.152167

8 30 0.172171

9 30 0.191496

10 30 0.210065

11 30 0.227805

12 30 0.244646

13 30 0.260522

14 30 0.275369

15 30 0.28913

16 30 0.301749

17 30 0.313178

18 30 0.323371

19 30 0.332287

20 30 0.339892

21 30 0.346156

22 30 0.351054

23 30 0.354566

24 30 0.356679

25 30 0.357384

26 30 0.356679

27 30 0.354566

28 30 0.351054

29 30 0.346156

30 30 0.339892

31 30 0.332287

32 30 0.323371

33 30 0.313178

34 30 0.301749

35 30 0.28913

36 30 0.275369

37 30 0.260522

38 30 0.244646

39 30 0.227805

40 30 0.210065

41 30 0.191496

42 30 0.172171

43 30 0.152167

44 30 0.131562

45 30 0.110438

46 30 0.0888778

47 30 0.0669671

48 30 0.0447921

49 30 0.0224403

50 30 0

0 31 0

1 31 0.0219382

2 31 0.0437898

3 31 0.0654687

4 31 0.0868891

5 31 0.107967

6 31 0.128618

7 31 0.148762

8 31 0.168319

9 31 0.187211

10 31 0.205365

11 31 0.222708

12 31 0.239172

13 31 0.254692

14 31 0.269208

15 31 0.28266

16 31 0.294997

17 31 0.30617

18 31 0.316135

19 31 0.324852

20 31 0.332287

21 31 0.338411

22 31 0.343199

23 31 0.346632

24 31 0.348698

25 31 0.349387

26 31 0.348698

27 31 0.346632

28 31 0.343199

29 31 0.338411

30 31 0.332287

31 31 0.324852

32 31 0.316135

33 31 0.30617

34 31 0.294997

35 31 0.28266

36 31 0.269208

37 31 0.254692

38 31 0.239172

39 31 0.222708

40 31 0.205365

41 31 0.187211

42 31 0.168319

43 31 0.148762

44 31 0.128618

45 31 0.107967

46 31 0.0868891

47 31 0.0654687

48 31 0.0437898

49 31 0.0219382

50 31 0

0 32 0

1 32 0.0213495

2 32 0.0426148

3 32 0.0637119

4 32 0.0845575

5 32 0.105069

6 32 0.125167

7 32 0.14477

8 32 0.163802

9 32 0.182188

10 32 0.199854

11 32 0.216732

12 32 0.232754

13 32 0.247858

14 32 0.261984

15 32 0.275075

16 32 0.287082

17 32 0.297955

18 32 0.307652

19 32 0.316135

20 32 0.323371

21 32 0.32933

22 32 0.333989

23 32 0.337331

24 32 0.339341

25 32 0.340012

26 32 0.339341

27 32 0.337331

28 32 0.333989

29 32 0.32933

30 32 0.323371

31 32 0.316135

32 32 0.307652

33 32 0.297955

34 32 0.287082

35 32 0.275075

36 32 0.261984

37 32 0.247858

38 32 0.232754

39 32 0.216732

40 32 0.199854

41 32 0.182188

42 32 0.163802

43 32 0.14477

44 32 0.125167

45 32 0.105069

46 32 0.0845575

47 32 0.0637119

48 32 0.0426148

49 32 0.0213495

50 32 0

0 33 0

1 33 0.0206766

2 33 0.0412716

3 33 0.0617037

4 33 0.0818923

5 33 0.101758

6 33 0.121221

7 33 0.140207

8 33 0.158639

9 33 0.176445

10 33 0.193555

11 33 0.2099

12 33 0.225418

13 33 0.240046

14 33 0.253726

15 33 0.266405

16 33 0.278033

17 33 0.288563

18 33 0.297955

19 33 0.30617

20 33 0.313178

21 33 0.318949

22 33 0.323462

23 33 0.326698

24 33 0.328645

25 33 0.329295

26 33 0.328645

27 33 0.326698

28 33 0.323462

29 33 0.318949

30 33 0.313178

31 33 0.30617

32 33 0.297955

33 33 0.288563

34 33 0.278033

35 33 0.266405

36 33 0.253726

37 33 0.240046

38 33 0.225418

39 33 0.2099

40 33 0.193555

41 33 0.176445

42 33 0.158639

43 33 0.140207

44 33 0.121221

45 33 0.101758

46 33 0.0818923

47 33 0.0617037

48 33 0.0412716

49 33 0.0206766

50 33 0

0 34 0

1 34 0.019922

2 34 0.0397655

3 34 0.0594519

4 34 0.0789038

5 34 0.0980443

6 34 0.116798

7 34 0.13509

8 34 0.15285

9 34 0.170006

10 34 0.186491

11 34 0.202241

12 34 0.217192

13 34 0.231286

14 34 0.244467

15 34 0.256683

16 34 0.267887

17 34 0.278033

18 34 0.287082

19 34 0.294997

20 34 0.301749

21 34 0.30731

22 34 0.311658

23 34 0.314776

24 34 0.316652

25 34 0.317278

26 34 0.316652

27 34 0.314776

28 34 0.311658

29 34 0.30731

30 34 0.301749

31 34 0.294997

32 34 0.287082

33 34 0.278033

34 34 0.267887

35 34 0.256683

36 34 0.244467

37 34 0.231286

38 34 0.217192

39 34 0.202241

40 34 0.186491

41 34 0.170006

42 34 0.15285

43 34 0.13509

44 34 0.116798

45 34 0.0980443

46 34 0.0789038

47 34 0.0594519

48 34 0.0397655

49 34 0.019922

50 34 0

0 35 0

1 35 0.0190889

2 35 0.0381024

3 35 0.0569656

4 35 0.0756039

5 35 0.0939439

6 35 0.111913

7 35 0.129441

8 35 0.146457

9 35 0.162896

10 35 0.178692

11 35 0.193783

12 35 0.208108

13 35 0.221613

14 35 0.234243

15 35 0.245948

16 35 0.256683

17 35 0.266405

18 35 0.275075

19 35 0.28266

20 35 0.28913

21 35 0.294458

22 35 0.298624

23 35 0.301612

24 35 0.303409

25 35 0.304009

26 35 0.303409

27 35 0.301612

28 35 0.298624

29 35 0.294458

30 35 0.28913

31 35 0.28266

32 35 0.275075

33 35 0.266405

34 35 0.256683

35 35 0.245948

36 35 0.234243

37 35 0.221613

38 35 0.208108

39 35 0.193783

40 35 0.178692

41 35 0.162896

42 35 0.146457

43 35 0.129441

44 35 0.111913

45 35 0.0939439

46 35 0.0756039

47 35 0.0569656

48 35 0.0381024

49 35 0.0190889

50 35 0

0 36 0

1 36 0.0181804

2 36 0.036289

3 36 0.0542544

4 36 0.0720057

5 36 0.0894728

6 36 0.106587

7 36 0.12328

8 36 0.139487

9 36 0.155143

10 36 0.170187

11 36 0.18456

12 36 0.198204

13 36 0.211066

14 36 0.223094

15 36 0.234243

16 36 0.244467

17 36 0.253726

18 36 0.261984

19 36 0.269208

20 36 0.275369

21 36 0.280444

22 36 0.284412

23 36 0.287257

24 36 0.288969

25 36 0.28954

26 36 0.288969

27 36 0.287257

28 36 0.284412

29 36 0.280444

30 36 0.275369

31 36 0.269208

32 36 0.261984

33 36 0.253726

34 36 0.244467

35 36 0.234243

36 36 0.223094

37 36 0.211066

38 36 0.198204

39 36 0.18456

40 36 0.170187

41 36 0.155143

42 36 0.139487

43 36 0.12328

44 36 0.106587

45 36 0.0894728

46 36 0.0720057

47 36 0.0542544

48 36 0.036289

49 36 0.0181804

50 36 0

0 37 0

1 37 0.0172001

2 37 0.0343324

3 37 0.0513291

4 37 0.0681233

5 37 0.0846486

6 37 0.10084

7 37 0.116633

8 37 0.131966

9 37 0.146778

10 37 0.161011

11 37 0.174609

12 37 0.187517

13 37 0.199685

14 37 0.211066

15 37 0.221613

16 37 0.231286

17 37 0.240046

18 37 0.247858

19 37 0.254692

20 37 0.260522

21 37 0.265323

22 37 0.269077

23 37 0.271769

24 37 0.273388

25 37 0.273929

26 37 0.273388

27 37 0.271769

28 37 0.269077

29 37 0.265323

30 37 0.260522

31 37 0.254692

32 37 0.247858

33 37 0.240046

34 37 0.231286

35 37 0.221613

36 37 0.211066

37 37 0.199685

38 37 0.187517

39 37 0.174609

40 37 0.161011

41 37 0.146778

42 37 0.131966

43 37 0.116633

44 37 0.10084

45 37 0.0846486

46 37 0.0681233

47 37 0.0513291

48 37 0.0343324

49 37 0.0172001

50 37 0

0 38 0

1 38 0.016152

2 38 0.0322402

3 38 0.0482012

4 38 0.063972

5 38 0.0794903

6 38 0.0946949

7 38 0.109526

8 38 0.123924

9 38 0.137834

10 38 0.1512

11 38 0.163968

12 38 0.17609

13 38 0.187517

14 38 0.198204

15 38 0.208108

16 38 0.217192

17 38 0.225418

18 38 0.232754

19 38 0.239172

20 38 0.244646

21 38 0.249155

22 38 0.25268

23 38 0.255208

24 38 0.256729

25 38 0.257236

26 38 0.256729

27 38 0.255208

28 38 0.25268

29 38 0.249155

30 38 0.244646

31 38 0.239172

32 38 0.232754

33 38 0.225418

34 38 0.217192

35 38 0.208108

36 38 0.198204

37 38 0.187517

38 38 0.17609

39 38 0.163968

40 38 0.1512

41 38 0.137834

42 38 0.123924

43 38 0.109526

44 38 0.0946949

45 38 0.0794903

46 38 0.063972

47 38 0.0482012

48 38 0.0322402

49 38 0.016152

50 38 0

0 39 0

1 39 0.0150401

2 39 0.0300209

3 39 0.0448831

4 39 0.0595683

5 39 0.0740183

6 39 0.0881763

7 39 0.101986

8 39 0.115394

9 39 0.128346

10 39 0.140791

11 39 0.152681

12 39 0.163968

13 39 0.174609

14 39 0.18456

15 39 0.193783

16 39 0.202241

17 39 0.2099

18 39 0.216732

19 39 0.222708

20 39 0.227805

21 39 0.232003

22 39 0.235286

23 39 0.23764

24 39 0.239056

25 39 0.239528

26 39 0.239056

27 39 0.23764

28 39 0.235286

29 39 0.232003

30 39 0.227805

31 39 0.222708

32 39 0.216732

33 39 0.2099

34 39 0.202241

35 39 0.193783

36 39 0.18456

37 39 0.174609

38 39 0.163968

39 39 0.152681

40 39 0.140791

41 39 0.128346

42 39 0.115394

43 39 0.101986

44 39 0.0881763

45 39 0.0740183

46 39 0.0595683

47 39 0.0448831

48 39 0.0300209

49 39 0.0150401

50 39 0

0 40 0

1 40 0.0138689

2 40 0.027683

3 40 0.0413879

4 40 0.0549295

5 40 0.0682542

6 40 0.0813096

7 40 0.0940442

8 40 0.106408

9 40 0.118351

10 40 0.129827

11 40 0.140791

12 40 0.1512

13 40 0.161011

14 40 0.170187

15 40 0.178692

16 40 0.186491

17 40 0.193555

18 40 0.199854

19 40 0.205365

20 40 0.210065

21 40 0.213936

22 40 0.216963

23 40 0.219134

24 40 0.22044

25 40 0.220875

26 40 0.22044

27 40 0.219134

28 40 0.216963

29 40 0.213936

30 40 0.210065

31 40 0.205365

32 40 0.199854

33 40 0.193555

34 40 0.186491

35 40 0.178692

36 40 0.170187

37 40 0.161011

38 40 0.1512

39 40 0.140791

40 40 0.129827

41 40 0.118351

42 40 0.106408

43 40 0.0940442

44 40 0.0813096

45 40 0.0682542

46 40 0.0549295

47 40 0.0413879

48 40 0.027683

49 40 0.0138689

50 40 0

0 41 0

1 41 0.0126429

2 41 0.0252359

3 41 0.0377294

4 41 0.0500739

5 41 0.0622208

6 41 0.0741221

7 41 0.0857309

8 41 0.0970014

9 41 0.107889

10 41 0.118351

11 41 0.128346

12 41 0.137834

13 41 0.146778

14 41 0.155143

15 41 0.162896

16 41 0.170006

17 41 0.176445

18 41 0.182188

19 41 0.187211

20 41 0.191496

21 41 0.195025

22 41 0.197784

23 41 0.199763

24 41 0.200953

25 41 0.201351

26 41 0.200953

27 41 0.199763

28 41 0.197784

29 41 0.195025

30 41 0.191496

31 41 0.187211

32 41 0.182188

33 41 0.176445

34 41 0.170006

35 41 0.162896

36 41 0.155143

37 41 0.146778

38 41 0.137834

39 41 0.128346

40 41 0.118351

41 41 0.107889

42 41 0.0970014

43 41 0.0857309

44 41 0.0741221

45 41 0.0622208

46 41 0.0500739

47 41 0.0377294

48 41 0.0252359

49 41 0.0126429

50 41 0

0 42 0

1 42 0.011367

2 42 0.0226892

3 42 0.0339219

4 42 0.0450207

5 42 0.0559417

6 42 0.0666421

7 42 0.0770794

8 42 0.0872125

9 42 0.0970014

10 42 0.106408

11 42 0.115394

12 42 0.123924

13 42 0.131966

14 42 0.139487

15 42 0.146457

16 42 0.15285

17 42 0.158639

18 42 0.163802

19 42 0.168319

20 42 0.172171

21 42 0.175344

22 42 0.177825

23 42 0.179604

24 42 0.180674

25 42 0.181031

26 42 0.180674

27 42 0.179604

28 42 0.177825

29 42 0.175344

30 42 0.172171

31 42 0.168319

32 42 0.163802

33 42 0.158639

34 42 0.15285

35 42 0.146457

36 42 0.139487

37 42 0.131966

38 42 0.123924

39 42 0.115394

40 42 0.106408

41 42 0.0970014

42 42 0.0872125

43 42 0.0770794

44 42 0.0666421

45 42 0.0559417

46 42 0.0450207

47 42 0.0339219

48 42 0.0226892

49 42 0.011367

50 42 0

0 43 0

1 43 0.0100463

2 43 0.020053

3 43 0.0299805

4 43 0.0397898

5 43 0.0494419

6 43 0.058899

7 43 0.0681236

8 43 0.0770794

9 43 0.0857309

10 43 0.0940442

11 43 0.101986

12 43 0.109526

13 43 0.116633

14 43 0.12328

15 43 0.129441

16 43 0.13509

17 43 0.140207

18 43 0.14477

19 43 0.148762

20 43 0.152167

21 43 0.154971

22 43 0.157163

23 43 0.158736

24 43 0.159682

25 43 0.159997

26 43 0.159682

27 43 0.158736

28 43 0.157163

29 43 0.154971

30 43 0.152167

31 43 0.148762

32 43 0.14477

33 43 0.140207

34 43 0.13509

35 43 0.129441

36 43 0.12328

37 43 0.116633

38 43 0.109526

39 43 0.101986

40 43 0.0940442

41 43 0.0857309

42 43 0.0770794

43 43 0.0681236

44 43 0.058899

45 43 0.0494419

46 43 0.0397898

47 43 0.0299805

48 43 0.020053

49 43 0.0100463

50 43 0

0 44 0

1 44 0.00868595

2 44 0.0173376

3 44 0.0259209

4 44 0.0344018

5 44 0.042747

6 44 0.0509235

7 44 0.058899

8 44 0.0666421

9 44 0.0741221

10 44 0.0813096

11 44 0.0881763

12 44 0.0946949

13 44 0.10084

14 44 0.106587

15 44 0.111913

16 44 0.116798

17 44 0.121221

18 44 0.125167

19 44 0.128618

20 44 0.131562

21 44 0.133986

22 44 0.135882

23 44 0.137241

24 44 0.138059

25 44 0.138332

26 44 0.138059

27 44 0.137241

28 44 0.135882

29 44 0.133986

30 44 0.131562

31 44 0.128618

32 44 0.125167

33 44 0.121221

34 44 0.116798

35 44 0.111913

36 44 0.106587

37 44 0.10084

38 44 0.0946949

39 44 0.0881763

40 44 0.0813096

41 44 0.0741221

42 44 0.0666421

43 44 0.058899

44 44 0.0509235

45 44 0.042747

46 44 0.0344018

47 44 0.0259209

48 44 0.0173376

49 44 0.00868595

50 44 0

0 45 0

1 45 0.0072913

2 45 0.0145538

3 45 0.0217589

4 45 0.0288781

5 45 0.0358834

6 45 0.042747

7 45 0.0494419

8 45 0.0559417

9 45 0.0622208

10 45 0.0682542

11 45 0.0740183

12 45 0.0794903

13 45 0.0846486

14 45 0.0894728

15 45 0.0939439

16 45 0.0980443

17 45 0.101758

18 45 0.105069

19 45 0.107967

20 45 0.110438

21 45 0.112473

22 45 0.114064

23 45 0.115205

24 45 0.115892

25 45 0.116121

26 45 0.115892

27 45 0.115205

28 45 0.114064

29 45 0.112473

30 45 0.110438

31 45 0.107967

32 45 0.105069

33 45 0.101758

34 45 0.0980443

35 45 0.0939439

36 45 0.0894728

37 45 0.0846486

38 45 0.0794903

39 45 0.0740183

40 45 0.0682542

41 45 0.0622208

42 45 0.0559417

43 45 0.0494419

44 45 0.042747

45 45 0.0358834

46 45 0.0288781

47 45 0.0217589

48 45 0.0145538

49 45 0.0072913

50 45 0

0 46 0

1 46 0.00586787

2 46 0.0117126

3 46 0.0175111

4 46 0.0232405

5 46 0.0288781

6 46 0.0344018

7 46 0.0397898

8 46 0.0450207

9 46 0.0500739

10 46 0.0549295

11 46 0.0595683

12 46 0.063972

13 46 0.0681233

14 46 0.0720057

15 46 0.0756039

16 46 0.0789038

17 46 0.0818923

18 46 0.0845575

19 46 0.0868891

20 46 0.0888778

21 46 0.0905156

22 46 0.0917963

23 46 0.0927147

24 46 0.0932672

25 46 0.0934516

26 46 0.0932672

27 46 0.0927147

28 46 0.0917963

29 46 0.0905156

30 46 0.0888778

31 46 0.0868891

32 46 0.0845575

33 46 0.0818923

34 46 0.0789038

35 46 0.0756039

36 46 0.0720057

37 46 0.0681233

38 46 0.063972

39 46 0.0595683

40 46 0.0549295

41 46 0.0500739

42 46 0.0450207

43 46 0.0397898

44 46 0.0344018

45 46 0.0288781

46 46 0.0232405

47 46 0.0175111

48 46 0.0117126

49 46 0.00586787

50 46 0

0 47 0

1 47 0.00442129

2 47 0.00882513

3 47 0.0131941

4 47 0.0175111

5 47 0.0217589

6 47 0.0259209

7 47 0.0299805

8 47 0.0339219

9 47 0.0377294

10 47 0.0413879

11 47 0.0448831

12 47 0.0482012

13 47 0.0513291

14 47 0.0542544

15 47 0.0569656

16 47 0.0594519

17 47 0.0617037

18 47 0.0637119

19 47 0.0654687

20 47 0.0669671

21 47 0.0682012

22 47 0.0691661

23 47 0.0698581

24 47 0.0702744

25 47 0.0704133

26 47 0.0702744

27 47 0.0698581

28 47 0.0691661

29 47 0.0682012

30 47 0.0669671

31 47 0.0654687

32 47 0.0637119

33 47 0.0617037

34 47 0.0594519

35 47 0.0569656

36 47 0.0542544

37 47 0.0513291

38 47 0.0482012

39 47 0.0448831

40 47 0.0413879

41 47 0.0377294

42 47 0.0339219

43 47 0.0299805

44 47 0.0259209

45 47 0.0217589

46 47 0.0175111

47 47 0.0131941

48 47 0.00882513

49 47 0.00442129

50 47 0

0 48 0

1 48 0.00295726

2 48 0.00590284

3 48 0.00882513

4 48 0.0117126

5 48 0.0145538

6 48 0.0173376

7 48 0.020053

8 48 0.0226892

9 48 0.0252359

10 48 0.027683

11 48 0.0300209

12 48 0.0322402

13 48 0.0343324

14 48 0.036289

15 48 0.0381024

16 48 0.0397655

17 48 0.0412716

18 48 0.0426148

19 48 0.0437898

20 48 0.0447921

21 48 0.0456175

22 48 0.046263

23 48 0.0467258

24 48 0.0470042

25 48 0.0470972

26 48 0.0470042

27 48 0.0467258

28 48 0.046263

29 48 0.0456175

30 48 0.0447921

31 48 0.0437898

32 48 0.0426148

33 48 0.0412716

34 48 0.0397655

35 48 0.0381024

36 48 0.036289

37 48 0.0343324

38 48 0.0322402

39 48 0.0300209

40 48 0.027683

41 48 0.0252359

42 48 0.0226892

43 48 0.020053

44 48 0.0173376

45 48 0.0145538

46 48 0.0117126

47 48 0.00882513

48 48 0.00590284

49 48 0.00295726

50 48 0

0 49 0

1 49 0.00148155

2 49 0.00295726

3 49 0.00442129

4 49 0.00586787

5 49 0.0072913

6 49 0.00868595

7 49 0.0100463

8 49 0.011367

9 49 0.0126429

10 49 0.0138689

11 49 0.0150401

12 49 0.016152

13 49 0.0172001

14 49 0.0181804

15 49 0.0190889

16 49 0.019922

17 49 0.0206766

18 49 0.0213495

19 49 0.0219382

20 49 0.0224403

21 49 0.0228539

22 49 0.0231772

23 49 0.0234091

24 49 0.0235486

25 49 0.0235951

26 49 0.0235486

27 49 0.0234091

28 49 0.0231772

29 49 0.0228539

30 49 0.0224403

31 49 0.0219382

32 49 0.0213495

33 49 0.0206766

34 49 0.019922

35 49 0.0190889

36 49 0.0181804

37 49 0.0172001

38 49 0.016152

39 49 0.0150401

40 49 0.0138689

41 49 0.0126429

42 49 0.011367

43 49 0.0100463

44 49 0.00868595

45 49 0.0072913

46 49 0.00586787

47 49 0.00442129

48 49 0.00295726

49 49 0.00148155

50 49 0

