0 1 0

1 1 0.00029144

2 1 0.000581731

3 1 0.000869725

4 1 0.00115429

5 1 0.00143429

6 1 0.00170864

7 1 0.00197624

8 1 0.00223605

9 1 0.00248702

10 1 0.00272819

11 1 0.00295859

12 1 0.00317731

13 1 0.00338349

14 1 0.00357632

15 1 0.00375503

16 1 0.00391892

17 1 0.00406735

18 1 0.00419973

19 1 0.00431553

20 1 0.0044143

21 1 0.00449565

22 1 0.00455926

23 1 0.00460487

24 1 0.00463231

25 1 0.00464147

26 1 0.00463231

27 1 0.00460487

28 1 0.00455926

29 1 0.00449565

30 1 0.0044143

31 1 0.00431553

32 1 0.00419973

33 1 0.00406735

34 1 0.00391892

35 1 0.00375503

36 1 0.00357632

37 1 0.00338349

38 1 0.00317731

39 1 0.00295859

40 1 0.00272819

41 1 0.00248702

42 1 0.00223605

43 1 0.00197624

44 1 0.00170864

45 1 0.00143429

46 1 0.00115429

47 1 0.000869725

48 1 0.000581731

49 1 0.00029144

50 1 0

0 2 0

1 2 0.000581731

2 2 0.00116117

3 2 0.00173602

4 2 0.00230402

5 2 0.00286293

6 2 0.00341054

7 2 0.00394469

8 2 0.00446327

9 2 0.00496423

10 2 0.00544561

11 2 0.00590549

12 2 0.00634207

13 2 0.00675362

14 2 0.00713852

15 2 0.00749524

16 2 0.00782238

17 2 0.00811865

18 2 0.00838288

19 2 0.00861403

20 2 0.00881118

21 2 0.00897356

22 2 0.00910052

23 2 0.00919157

24 2 0.00924634

25 2 0.00926463

26 2 0.00924634

27 2 0.00919157

28 2 0.00910052

29 2 0.00897356

30 2 0.00881118

31 2 0.00861403

32 2 0.00838288

33 2 0.00811865

34 2 0.00782238

35 2 0.00749524

36 2 0.00713852

37 2 0.00675362

38 2 0.00634207

39 2 0.00590549

40 2 0.00544561

41 2 0.00496423

42 2 0.00446327

43 2 0.00394469

44 2 0.00341054

45 2 0.00286293

46 2 0.00230402

47 2 0.00173602

48 2 0.00116117

49 2 0.000581731

50 2 0

0 3 0

1 3 0.000869725

2 3 0.00173602

3 3 0.00259546

4 3 0.00344466

5 3 0.00428026

6 3 0.00509897

7 3 0.00589756

8 3 0.00667287

9 3 0.00742185

10 3 0.00814154

11 3 0.0088291

12 3 0.00948181

13 3 0.0100971

14 3 0.0106725

15 3 0.0112059

16 3 0.011695

17 3 0.0121379

18 3 0.012533

19 3 0.0128785

20 3 0.0131733

21 3 0.0134161

22 3 0.0136059

23 3 0.013742

24 3 0.0138239

25 3 0.0138512

26 3 0.0138239

27 3 0.013742

28 3 0.0136059

29 3 0.0134161

30 3 0.0131733

31 3 0.0128785

32 3 0.012533

33 3 0.0121379

34 3 0.011695

35 3 0.0112059

36 3 0.0106725

37 3 0.0100971

38 3 0.00948181

39 3 0.0088291

40 3 0.00814154

41 3 0.00742185

42 3 0.00667287

43 3 0.00589756

44 3 0.00509897

45 3 0.00428026

46 3 0.00344466

47 3 0.00259546

48 3 0.00173602

49 3 0.000869725

50 3 0

0 4 0

1 4 0.00115429

2 4 0.00230402

3 4 0.00344466

4 4 0.0045717

5 4 0.0056807

6 4 0.00676729

7 4 0.00782716

8 4 0.00885615

9 4 0.00985018

10 4 0.0108053

11 4 0.0117179

12 4 0.0125841

13 4 0.0134007

14 4 0.0141645

15 4 0.0148723

16 4 0.0155214

17 4 0.0161093

18 4 0.0166336

19 4 0.0170922

20 4 0.0174834

21 4 0.0178056

22 4 0.0180575

23 4 0.0182382

24 4 0.0183469

25 4 0.0183831

26 4 0.0183469

27 4 0.0182382

28 4 0.0180575

29 4 0.0178056

30 4 0.0174834

31 4 0.0170922

32 4 0.0166336

33 4 0.0161093

34 4 0.0155214

35 4 0.0148723

36 4 0.0141645

37 4 0.0134007

38 4 0.0125841

39 4 0.0117179

40 4 0.0108053

41 4 0.00985018

42 4 0.00885615

43 4 0.00782716

44 4 0.00676729

45 4 0.0056807

46 4 0.0045717

47 4 0.00344466

48 4 0.00230402

49 4 0.00115429

50 4 0

0 5 0

1 5 0.00143429

2 5 0.00286293

3 5 0.00428026

4 5 0.0056807

5 5 0.00705873

6 5 0.00840889

7 5 0.00972587

8 5 0.0110045

9 5 0.0122396

10 5 0.0134265

11 5 0.0145604

12 5 0.0156368

13 5 0.0166515

14 5 0.0176005

15 5 0.01848

16 5 0.0192866

17 5 0.0200171

18 5 0.0206685

19 5 0.0212384

20 5 0.0217245

21 5 0.0221249

22 5 0.0224379

23 5 0.0226624

24 5 0.0227974

25 5 0.0228425

26 5 0.0227974

27 5 0.0226624

28 5 0.0224379

29 5 0.0221249

30 5 0.0217245

31 5 0.0212384

32 5 0.0206685

33 5 0.0200171

34 5 0.0192866

35 5 0.01848

36 5 0.0176005

37 5 0.0166515

38 5 0.0156368

39 5 0.0145604

40 5 0.0134265

41 5 0.0122396

42 5 0.0110045

43 5 0.00972587

44 5 0.00840889

45 5 0.00705873

46 5 0.0056807

47 5 0.00428026

48 5 0.00286293

49 5 0.00143429

50 5 0

0 6 0

1 6 0.00170864

2 6 0.00341054

3 6 0.00509897

4 6 0.00676729

5 6 0.00840889

6 6 0.0100173

7 6 0.0115862

8 6 0.0131094

9 6 0.0145808

10 6 0.0159947

11 6 0.0173454

12 6 0.0186277

13 6 0.0198365

14 6 0.020967

15 6 0.0220148

16 6 0.0229756

17 6 0.0238458

18 6 0.0246219

19 6 0.0253008

20 6 0.0258799

21 6 0.0263568

22 6 0.0267298

23 6 0.0269972

24 6 0.0271581

25 6 0.0272117

26 6 0.0271581

27 6 0.0269972

28 6 0.0267298

29 6 0.0263568

30 6 0.0258799

31 6 0.0253008

32 6 0.0246219

33 6 0.0238458

34 6 0.0229756

35 6 0.0220148

36 6 0.020967

37 6 0.0198365

38 6 0.0186277

39 6 0.0173454

40 6 0.0159947

41 6 0.0145808

42 6 0.0131094

43 6 0.0115862

44 6 0.0100173

45 6 0.00840889

46 6 0.00676729

47 6 0.00509897

48 6 0.00341054

49 6 0.00170864

50 6 0

0 7 0

1 7 0.00197624

2 7 0.00394469

3 7 0.00589756

4 7 0.00782716

5 7 0.00972587

6 7 0.0115862

7 7 0.0134008

8 7 0.0151625

9 7 0.0168644

10 7 0.0184997

11 7 0.020062

12 7 0.0215451

13 7 0.0229433

14 7 0.0242508

15 7 0.0254627

16 7 0.026574

17 7 0.0275805

18 7 0.0284781

19 7 0.0292634

20 7 0.0299332

21 7 0.0304848

22 7 0.0309161

23 7 0.0312254

24 7 0.0314115

25 7 0.0314736

26 7 0.0314115

27 7 0.0312254

28 7 0.0309161

29 7 0.0304848

30 7 0.0299332

31 7 0.0292634

32 7 0.0284781

33 7 0.0275805

34 7 0.026574

35 7 0.0254627

36 7 0.0242508

37 7 0.0229433

38 7 0.0215451

39 7 0.020062

40 7 0.0184997

41 7 0.0168644

42 7 0.0151625

43 7 0.0134008

44 7 0.0115862

45 7 0.00972587

46 7 0.00782716

47 7 0.00589756

48 7 0.00394469

49 7 0.00197624

50 7 0

0 8 0

1 8 0.00223605

2 8 0.00446327

3 8 0.00667287

4 8 0.00885615

5 8 0.0110045

6 8 0.0131094

7 8 0.0151625

8 8 0.0171558

9 8 0.0190814

10 8 0.0209317

11 8 0.0226994

12 8 0.0243775

13 8 0.0259595

14 8 0.0274389

15 8 0.0288101

16 8 0.0300675

17 8 0.0312063

18 8 0.032222

19 8 0.0331105

20 8 0.0338683

21 8 0.0344924

22 8 0.0349804

23 8 0.0353304

24 8 0.0355409

25 8 0.0356112

26 8 0.0355409

27 8 0.0353304

28 8 0.0349804

29 8 0.0344924

30 8 0.0338683

31 8 0.0331105

32 8 0.032222

33 8 0.0312063

34 8 0.0300675

35 8 0.0288101

36 8 0.0274389

37 8 0.0259595

38 8 0.0243775

39 8 0.0226994

40 8 0.0209317

41 8 0.0190814

42 8 0.0171558

43 8 0.0151625

44 8 0.0131094

45 8 0.0110045

46 8 0.00885615

47 8 0.00667287

48 8 0.00446327

49 8 0.00223605

50 8 0

0 9 0

1 9 0.00248702

2 9 0.00496423

3 9 0.00742185

4 9 0.00985018

5 9 0.0122396

6 9 0.0145808

7 9 0.0168644

8 9 0.0190814

9 9 0.0212232

10 9 0.0232812

11 9 0.0252473

12 9 0.0271137

13 9 0.0288732

14 9 0.0305187

15 9 0.0320438

16 9 0.0334424

17 9 0.034709

18 9 0.0358387

19 9 0.0368269

20 9 0.0376697

21 9 0.0383639

22 9 0.0389067

23 9 0.039296

24 9 0.0395301

25 9 0.0396083

26 9 0.0395301

27 9 0.039296

28 9 0.0389067

29 9 0.0383639

30 9 0.0376697

31 9 0.0368269

32 9 0.0358387

33 9 0.034709

34 9 0.0334424

35 9 0.0320438

36 9 0.0305187

37 9 0.0288732

38 9 0.0271137

39 9 0.0252473

40 9 0.0232812

41 9 0.0212232

42 9 0.0190814

43 9 0.0168644

44 9 0.0145808

45 9 0.0122396

46 9 0.00985018

47 9 0.00742185

48 9 0.00496423

49 9 0.00248702

50 9 0

0 10 0

1 10 0.00272819

2 10 0.00544561

3 10 0.00814154

4 10 0.0108053

5 10 0.0134265

6 10 0.0159947

7 10 0.0184997

8 10 0.0209317

9 10 0.0232812

10 10 0.0255387

11 10 0.0276955

12 10 0.0297429

13 10 0.031673

14 10 0.0334781

15 10 0.035151

16 10 0.0366853

17 10 0.0380747

18 10 0.0393139

19 10 0.0403979

20 10 0.0413225

21 10 0.042084

22 10 0.0426795

23 10 0.0431064

24 10 0.0433633

25 10 0.0434491

26 10 0.0433633

27 10 0.0431064

28 10 0.0426795

29 10 0.042084

30 10 0.0413225

31 10 0.0403979

32 10 0.0393139

33 10 0.0380747

34 10 0.0366853

35 10 0.035151

36 10 0.0334781

37 10 0.031673

38 10 0.0297429

39 10 0.0276955

40 10 0.0255387

41 10 0.0232812

42 10 0.0209317

43 10 0.0184997

44 10 0.0159947

45 10 0.0134265

46 10 0.0108053

47 10 0.00814154

48 10 0.00544561

49 10 0.00272819

50 10 0

0 11 0

1 11 0.00295859

2 11 0.00590549

3 11 0.0088291

4 11 0.0117179

5 11 0.0145604

6 11 0.0173454

7 11 0.020062

8 11 0.0226994

9 11 0.0252473

10 11 0.0276955

11 11 0.0300344

12 11 0.0322547

13 11 0.0343478

14 11 0.0363053

15 11 0.0381195

16 11 0.0397833

17 11 0.0412901

18 11 0.042634

19 11 0.0438095

20 11 0.0448122

21 11 0.045638

22 11 0.0462838

23 11 0.0467468

24 11 0.0470254

25 11 0.0471183

26 11 0.0470254

27 11 0.0467468

28 11 0.0462838

29 11 0.045638

30 11 0.0448122

31 11 0.0438095

32 11 0.042634

33 11 0.0412901

34 11 0.0397833

35 11 0.0381195

36 11 0.0363053

37 11 0.0343478

38 11 0.0322547

39 11 0.0300344

40 11 0.0276955

41 11 0.0252473

42 11 0.0226994

43 11 0.020062

44 11 0.0173454

45 11 0.0145604

46 11 0.0117179

47 11 0.0088291

48 11 0.00590549

49 11 0.00295859

50 11 0

0 12 0

1 12 0.00317731

2 12 0.00634207

3 12 0.00948181

4 12 0.0125841

5 12 0.0156368

6 12 0.0186277

7 12 0.0215451

8 12 0.0243775

9 12 0.0271137

10 12 0.0297429

11 12 0.0322547

12 12 0.0346392

13 12 0.036887

14 12 0.0389893

15 12 0.0409376

16 12 0.0427244

17 12 0.0443426

18 12 0.0457858

19 12 0.0470483

20 12 0.0481251

21 12 0.0490119

22 12 0.0497054

23 12 0.0502027

24 12 0.0505018

25 12 0.0506017

26 12 0.0505018

27 12 0.0502027

28 12 0.0497054

29 12 0.0490119

30 12 0.0481251

31 12 0.0470483

32 12 0.0457858

33 12 0.0443426

34 12 0.0427244

35 12 0.0409376

36 12 0.0389893

37 12 0.036887

38 12 0.0346392

39 12 0.0322547

40 12 0.0297429

41 12 0.0271137

42 12 0.0243775

43 12 0.0215451

44 12 0.0186277

45 12 0.0156368

46 12 0.0125841

47 12 0.00948181

48 12 0.00634207

49 12 0.00317731

50 12 0

0 13 0

1 13 0.00338349

2 13 0.00675362

3 13 0.0100971

4 13 0.0134007

5 13 0.0166515

6 13 0.0198365

7 13 0.0229433

8 13 0.0259595

9 13 0.0288732

10 13 0.031673

11 13 0.0343478

12 13 0.036887

13 13 0.0392807

14 13 0.0415194

15 13 0.0435941

16 13 0.0454969

17 13 0.0472201

18 13 0.0487569

19 13 0.0501013

20 13 0.051248

21 13 0.0521924

22 13 0.0529309

23 13 0.0534604

24 13 0.053779

25 13 0.0538853

26 13 0.053779

27 13 0.0534604

28 13 0.0529309

29 13 0.0521924

30 13 0.051248

31 13 0.0501013

32 13 0.0487569

33 13 0.0472201

34 13 0.0454969

35 13 0.0435941

36 13 0.0415194

37 13 0.0392807

38 13 0.036887

39 13 0.0343478

40 13 0.031673

41 13 0.0288732

42 13 0.0259595

43 13 0.0229433

44 13 0.0198365

45 13 0.0166515

46 13 0.0134007

47 13 0.0100971

48 13 0.00675362

49 13 0.00338349

50 13 0

0 14 0

1 14 0.00357632

2 14 0.00713852

3 14 0.0106725

4 14 0.0141645

5 14 0.0176005

6 14 0.020967

7 14 0.0242508

8 14 0.0274389

9 14 0.0305187

10 14 0.0334781

11 14 0.0363053

12 14 0.0389893

13 14 0.0415194

14 14 0.0438856

15 14 0.0460786

16 14 0.0480898

17 14 0.0499112

18 14 0.0515356

19 14 0.0529566

20 14 0.0541687

21 14 0.0551669

22 14 0.0559474

23 14 0.0565072

24 14 0.0568439

25 14 0.0569563

26 14 0.0568439

27 14 0.0565072

28 14 0.0559474

29 14 0.0551669

30 14 0.0541687

31 14 0.0529566

32 14 0.0515356

33 14 0.0499112

34 14 0.0480898

35 14 0.0460786

36 14 0.0438856

37 14 0.0415194

38 14 0.0389893

39 14 0.0363053

40 14 0.0334781

41 14 0.0305187

42 14 0.0274389

43 14 0.0242508

44 14 0.020967

45 14 0.0176005

46 14 0.0141645

47 14 0.0106725

48 14 0.00713852

49 14 0.00357632

50 14 0

0 15 0

1 15 0.00375503

2 15 0.00749524

3 15 0.0112059

4 15 0.0148723

5 15 0.01848

6 15 0.0220148

7 15 0.0254627

8 15 0.0288101

9 15 0.0320438

10 15 0.035151

11 15 0.0381195

12 15 0.0409376

13 15 0.0435941

14 15 0.0460786

15 15 0.0483812

16 15 0.0504929

17 15 0.0524053

18 15 0.0541109

19 15 0.055603

20 15 0.0568756

21 15 0.0579237

22 15 0.0587432

23 15 0.0593309

24 15 0.0596845

25 15 0.0598025

26 15 0.0596845

27 15 0.0593309

28 15 0.0587432

29 15 0.0579237

30 15 0.0568756

31 15 0.055603

32 15 0.0541109

33 15 0.0524053

34 15 0.0504929

35 15 0.0483812

36 15 0.0460786

37 15 0.0435941

38 15 0.0409376

39 15 0.0381195

40 15 0.035151

41 15 0.0320438

42 15 0.0288101

43 15 0.0254627

44 15 0.0220148

45 15 0.01848

46 15 0.0148723

47 15 0.0112059

48 15 0.00749524

49 15 0.00375503

50 15 0

0 16 0

1 16 0.00391892

2 16 0.00782238

3 16 0.011695

4 16 0.0155214

5 16 0.0192866

6 16 0.0229756

7 16 0.026574

8 16 0.0300675

9 16 0.0334424

10 16 0.0366853

11 16 0.0397833

12 16 0.0427244

13 16 0.0454969

14 16 0.0480898

15 16 0.0504929

16 16 0.0526968

17 16 0.0546926

18 16 0.0564727

19 16 0.0580298

20 16 0.059358

21 16 0.0604519

22 16 0.0613072

23 16 0.0619205

24 16 0.0622895

25 16 0.0624127

26 16 0.0622895

27 16 0.0619205

28 16 0.0613072

29 16 0.0604519

30 16 0.059358

31 16 0.0580298

32 16 0.0564727

33 16 0.0546926

34 16 0.0526968

35 16 0.0504929

36 16 0.0480898

37 16 0.0454969

38 16 0.0427244

39 16 0.0397833

40 16 0.0366853

41 16 0.0334424

42 16 0.0300675

43 16 0.026574

44 16 0.0229756

45 16 0.0192866

46 16 0.0155214

47 16 0.011695

48 16 0.00782238

49 16 0.00391892

50 16 0

0 17 0

1 17 0.00406735

2 17 0.00811865

3 17 0.0121379

4 17 0.0161093

5 17 0.0200171

6 17 0.0238458

7 17 0.0275805

8 17 0.0312063

9 17 0.034709

10 17 0.0380747

11 17 0.0412901

12 17 0.0443426

13 17 0.0472201

14 17 0.0499112

15 17 0.0524053

16 17 0.0546926

17 17 0.0567641

18 17 0.0586116

19 17 0.0602277

20 17 0.0616062

21 17 0.0627415

22 17 0.0636292

23 17 0.0642658

24 17 0.0646487

25 17 0.0647765

26 17 0.0646487

27 17 0.0642658

28 17 0.0636292

29 17 0.0627415

30 17 0.0616062

31 17 0.0602277

32 17 0.0586116

33 17 0.0567641

34 17 0.0546926

35 17 0.0524053

36 17 0.0499112

37 17 0.0472201

38 17 0.0443426

39 17 0.0412901

40 17 0.0380747

41 17 0.034709

42 17 0.0312063

43 17 0.0275805

44 17 0.0238458

45 17 0.0200171

46 17 0.0161093

47 17 0.0121379

48 17 0.00811865

49 17 0.00406735

50 17 0

0 18 0

1 18 0.00419973

2 18 0.00838288

3 18 0.012533

4 18 0.0166336

5 18 0.0206685

6 18 0.0246219

7 18 0.0284781

8 18 0.032222

9 18 0.0358387

10 18 0.0393139

11 18 0.042634

12 18 0.0457858

13 18 0.0487569

14 18 0.0515356

15 18 0.0541109

16 18 0.0564727

17 18 0.0586116

18 18 0.0605191

19 18 0.0621879

20 18 0.0636112

21 18 0.0647835

22 18 0.0657001

23 18 0.0663574

24 18 0.0667528

25 18 0.0668848

26 18 0.0667528

27 18 0.0663574

28 18 0.0657001

29 18 0.0647835

30 18 0.0636112

31 18 0.0621879

32 18 0.0605191

33 18 0.0586116

34 18 0.0564727

35 18 0.0541109

36 18 0.0515356

37 18 0.0487569

38 18 0.0457858

39 18 0.042634

40 18 0.0393139

41 18 0.0358387

42 18 0.032222

43 18 0.0284781

44 18 0.0246219

45 18 0.0206685

46 18 0.0166336

47 18 0.012533

48 18 0.00838288

49 18 0.00419973

50 18 0

0 19 0

1 19 0.00431553

2 19 0.00861403

3 19 0.0128785

4 19 0.0170922

5 19 0.0212384

6 19 0.0253008

7 19 0.0292634

8 19 0.0331105

9 19 0.0368269

10 19 0.0403979

11 19 0.0438095

12 19 0.0470483

13 19 0.0501013

14 19 0.0529566

15 19 0.055603

16 19 0.0580298

17 19 0.0602277

18 19 0.0621879

19 19 0.0639026

20 19 0.0653652

21 19 0.0665698

22 19 0.0675116

23 19 0.0681871

24 19 0.0685934

25 19 0.068729

26 19 0.0685934

27 19 0.0681871

28 19 0.0675116

29 19 0.0665698

30 19 0.0653652

31 19 0.0639026

32 19 0.0621879

33 19 0.0602277

34 19 0.0580298

35 19 0.055603

36 19 0.0529566

37 19 0.0501013

38 19 0.0470483

39 19 0.0438095

40 19 0.0403979

41 19 0.0368269

42 19 0.0331105

43 19 0.0292634

44 19 0.0253008

45 19 0.0212384

46 19 0.0170922

47 19 0.0128785

48 19 0.00861403

49 19 0.00431553

50 19 0

0 20 0

1 20 0.0044143

2 20 0.00881118

3 20 0.0131733

4 20 0.0174834

5 20 0.0217245

6 20 0.0258799

7 20 0.0299332

8 20 0.0338683

9 20 0.0376697

10 20 0.0413225

11 20 0.0448122

12 20 0.0481251

13 20 0.051248

14 20 0.0541687

15 20 0.0568756

16 20 0.059358

17 20 0.0616062

18 20 0.0636112

19 20 0.0653652

20 20 0.0668612

21 20 0.0680934

22 20 0.0690568

23 20 0.0697477

24 20 0.0701633

25 20 0.070302

26 20 0.0701633

27 20 0.0697477

28 20 0.0690568

29 20 0.0680934

30 20 0.0668612

31 20 0.0653652

32 20 0.0636112

33 20 0.0616062

34 20 0.059358

35 20 0.0568756

36 20 0.0541687

37 20 0.051248

38 20 0.0481251

39 20 0.0448122

40 20 0.0413225

41 20 0.0376697

42 20 0.0338683

43 20 0.0299332

44 20 0.0258799

45 20 0.0217245

46 20 0.0174834

47 20 0.0131733

48 20 0.00881118

49 20 0.0044143

50 20 0

0 21 0

1 21 0.00449565

2 21 0.00897356

3 21 0.0134161

4 21 0.0178056

5 21 0.0221249

6 21 0.0263568

7 21 0.0304848

8 21 0.0344924

9 21 0.0383639

10 21 0.042084

11 21 0.045638

12 21 0.0490119

13 21 0.0521924

14 21 0.0551669

15 21 0.0579237

16 21 0.0604519

17 21 0.0627415

18 21 0.0647835

19 21 0.0665698

20 21 0.0680934

21 21 0.0693482

22 21 0.0703294

23 21 0.071033

24 21 0.0714563

25 21 0.0715976

26 21 0.0714563

27 21 0.071033

28 21 0.0703294

29 21 0.0693482

30 21 0.0680934

31 21 0.0665698

32 21 0.0647835

33 21 0.0627415

34 21 0.0604519

35 21 0.0579237

36 21 0.0551669

37 21 0.0521924

38 21 0.0490119

39 21 0.045638

40 21 0.042084

41 21 0.0383639

42 21 0.0344924

43 21 0.0304848

44 21 0.0263568

45 21 0.0221249

46 21 0.0178056

47 21 0.0134161

48 21 0.00897356

49 21 0.00449565

50 21 0

0 22 0

1 22 0.00455926

2 22 0.00910052

3 22 0.0136059

4 22 0.0180575

5 22 0.0224379

6 22 0.0267298

7 22 0.0309161

8 22 0.0349804

9 22 0.0389067

10 22 0.0426795

11 22 0.0462838

12 22 0.0497054

13 22 0.0529309

14 22 0.0559474

15 22 0.0587432

16 22 0.0613072

17 22 0.0636292

18 22 0.0657001

19 22 0.0675116

20 22 0.0690568

21 22 0.0703294

22 22 0.0713245

23 22 0.0720381

24 22 0.0724673

25 22 0.0726106

26 22 0.0724673

27 22 0.0720381

28 22 0.0713245

29 22 0.0703294

30 22 0.0690568

31 22 0.0675116

32 22 0.0657001

33 22 0.0636292

34 22 0.0613072

35 22 0.0587432

36 22 0.0559474

37 22 0.0529309

38 22 0.0497054

39 22 0.0462838

40 22 0.0426795

41 22 0.0389067

42 22 0.0349804

43 22 0.0309161

44 22 0.0267298

45 22 0.0224379

46 22 0.0180575

47 22 0.0136059

48 22 0.00910052

49 22 0.00455926

50 22 0

0 23 0

1 23 0.00460487

2 23 0.00919157

3 23 0.013742

4 23 0.0182382

5 23 0.0226624

6 23 0.0269972

7 23 0.0312254

8 23 0.0353304

9 23 0.039296

10 23 0.0431064

11 23 0.0467468

12 23 0.0502027

13 23 0.0534604

14 23 0.0565072

15 23 0.0593309

16 23 0.0619205

17 23 0.0642658

18 23 0.0663574

19 23 0.0681871

20 23 0.0697477

21 23 0.071033

22 23 0.0720381

23 23 0.0727588

24 23 0.0731924

25 23 0.0733371

26 23 0.0731924

27 23 0.0727588

28 23 0.0720381

29 23 0.071033

30 23 0.0697477

31 23 0.0681871

32 23 0.0663574

33 23 0.0642658

34 23 0.0619205

35 23 0.0593309

36 23 0.0565072

37 23 0.0534604

38 23 0.0502027

39 23 0.0467468

40 23 0.0431064

41 23 0.039296

42 23 0.0353304

43 23 0.0312254

44 23 0.0269972

45 23 0.0226624

46 23 0.0182382

47 23 0.013742

48 23 0.00919157

49 23 0.00460487

50 23 0

0 24 0

1 24 0.00463231

2 24 0.00924634

3 24 0.0138239

4 24 0.0183469

5 24 0.0227974

6 24 0.0271581

7 24 0.0314115

8 24 0.0355409

9 24 0.0395301

10 24 0.0433633

11 24 0.0470254

12 24 0.0505018

13 24 0.053779

14 24 0.0568439

15 24 0.0596845

16 24 0.0622895

17 24 0.0646487

18 24 0.0667528

19 24 0.0685934

20 24 0.0701633

21 24 0.0714563

22 24 0.0724673

23 24 0.0731924

24 24 0.0736285

25 24 0.0737741

26 24 0.0736285

27 24 0.0731924

28 24 0.0724673

29 24 0.0714563

30 24 0.0701633

31 24 0.0685934

32 24 0.0667528

33 24 0.0646487

34 24 0.0622895

35 24 0.0596845

36 24 0.0568439

37 24 0.053779

38 24 0.0505018

39 24 0.0470254

40 24 0.0433633

41 24 0.0395301

42 24 0.0355409

43 24 0.0314115

44 24 0.0271581

45 24 0.0227974

46 24 0.0183469

47 24 0.0138239

48 24 0.00924634

49 24 0.00463231

50 24 0

0 25 0

1 25 0.00464147

2 25 0.00926463

3 25 0.0138512

4 25 0.0183831

5 25 0.0228425

6 25 0.0272117

7 25 0.0314736

8 25 0.0356112

9 25 0.0396083

10 25 0.0434491

11 25 0.0471183

12 25 0.0506017

13 25 0.0538853

14 25 0.0569563

15 25 0.0598025

16 25 0.0624127

17 25 0.0647765

18 25 0.0668848

19 25 0.068729

20 25 0.070302

21 25 0.0715976

22 25 0.0726106

23 25 0.0733371

24 25 0.0737741

25 25 0.0739199

26 25 0.0737741

27 25 0.0733371

28 25 0.0726106

29 25 0.0715976

30 25 0.070302

31 25 0.068729

32 25 0.0668848

33 25 0.0647765

34 25 0.0624127

35 25 0.0598025

36 25 0.0569563

37 25 0.0538853

38 25 0.0506017

39 25 0.0471183

40 25 0.0434491

41 25 0.0396083

42 25 0.0356112

43 25 0.0314736

44 25 0.0272117

45 25 0.0228425

46 25 0.0183831

47 25 0.0138512

48 25 0.00926463

49 25 0.00464147

50 25 0

0 26 0

1 26 0.00463231

2 26 0.00924634

3 26 0.0138239

4 26 0.0183469

5 26 0.0227974

6 26 0.0271581

7 26 0.0314115

8 26 0.0355409

9 26 0.0395301

10 26 0.0433633

11 26 0.0470254

12 26 0.0505018

13 26 0.053779

14 26 0.0568439

15 26 0.0596845

16 26 0.0622895

17 26 0.0646487

18 26 0.0667528

19 26 0.0685934

20 26 0.0701633

21 26 0.0714563

22 26 0.0724673

23 26 0.0731924

24 26 0.0736285

25 26 0.0737741

26 26 0.0736285

27 26 0.0731924

28 26 0.0724673

29 26 0.0714563

30 26 0.0701633

31 26 0.0685934

32 26 0.0667528

33 26 0.0646487

34 26 0.0622895

35 26 0.0596845

36 26 0.0568439

37 26 0.053779

38 26 0.0505018

39 26 0.0470254

40 26 0.0433633

41 26 0.0395301

42 26 0.0355409

43 26 0.0314115

44 26 0.0271581

45 26 0.0227974

46 26 0.0183469

47 26 0.0138239

48 26 0.00924634

49 26 0.00463231

50 26 0

0 27 0

1 27 0.00460487

2 27 0.00919157

3 27 0.013742

4 27 0.0182382

5 27 0.0226624

6 27 0.0269972

7 27 0.0312254

8 27 0.0353304

9 27 0.039296

10 27 0.0431064

11 27 0.0467468

12 27 0.0502027

13 27 0.0534604

14 27 0.0565072

15 27 0.0593309

16 27 0.0619205

17 27 0.0642658

18 27 0.0663574

19 27 0.0681871

20 27 0.0697477

21 27 0.071033

22 27 0.0720381

23 27 0.0727588

24 27 0.0731924

25 27 0.0733371

26 27 0.0731924

27 27 0.0727588

28 27 0.0720381

29 27 0.071033

30 27 0.0697477

31 27 0.0681871

32 27 0.0663574

33 27 0.0642658

34 27 0.0619205

35 27 0.0593309

36 27 0.0565072

37 27 0.0534604

38 27 0.0502027

39 27 0.0467468

40 27 0.0431064

41 27 0.039296

42 27 0.0353304

43 27 0.0312254

44 27 0.0269972

45 27 0.0226624

46 27 0.0182382

47 27 0.013742

48 27 0.00919157

49 27 0.00460487

50 27 0

0 28 0

1 28 0.00455926

2 28 0.00910052

3 28 0.0136059

4 28 0.0180575

5 28 0.0224379

6 28 0.0267298

7 28 0.0309161

8 28 0.0349804

9 28 0.0389067

10 28 0.0426795

11 28 0.0462838

12 28 0.0497054

13 28 0.0529309

14 28 0.0559474

15 28 0.0587432

16 28 0.0613072

17 28 0.0636292

18 28 0.0657001

19 28 0.0675116

20 28 0.0690568

21 28 0.0703294

22 28 0.0713245

23 28 0.0720381

24 28 0.0724673

25 28 0.0726106

26 28 0.0724673

27 28 0.0720381

28 28 0.0713245

29 28 0.0703294

30 28 0.0690568

31 28 0.0675116

32 28 0.0657001

33 28 0.0636292

34 28 0.0613072

35 28 0.0587432

36 28 0.0559474

37 28 0.0529309

38 28 0.0497054

39 28 0.0462838

40 28 0.0426795

41 28 0.0389067

42 28 0.0349804

43 28 0.0309161

44 28 0.0267298

45 28 0.0224379

46 28 0.0180575

47 28 0.0136059

48 28 0.00910052

49 28 0.00455926

50 28 0

0 29 0

1 29 0.00449565

2 29 0.00897356

3 29 0.0134161

4 29 0.0178056

5 29 0.0221249

6 29 0.0263568

7 29 0.0304848

8 29 0.0344924

9 29 0.0383639

10 29 0.042084

11 29 0.045638

12 29 0.0490119

13 29 0.0521924

14 29 0.0551669

15 29 0.0579237

16 29 0.0604519

17 29 0.0627415

18 29 0.0647835

19 29 0.0665698

20 29 0.0680934

21 29 0.0693482

22 29 0.0703294

23 29 0.071033

24 29 0.0714563

25 29 0.0715976

26 29 0.0714563

27 29 0.071033

28 29 0.0703294

29 29 0.0693482

30 29 0.0680934

31 29 0.0665698

32 29 0.0647835

33 29 0.0627415

34 29 0.0604519

35 29 0.0579237

36 29 0.0551669

37 29 0.0521924

38 29 0.0490119

39 29 0.045638

40 29 0.042084

41 29 0.0383639

42 29 0.0344924

43 29 0.0304848

44 29 0.0263568

45 29 0.0221249

46 29 0.0178056

47 29 0.0134161

48 29 0.00897356

49 29 0.00449565

50 29 0

0 30 0

1 30 0.0044143

2 30 0.00881118

3 30 0.0131733

4 30 0.0174834

5 30 0.0217245

6 30 0.0258799

7 30 0.0299332

8 30 0.0338683

9 30 0.0376697

10 30 0.0413225

11 30 0.0448122

12 30 0.0481251

13 30 0.051248

14 30 0.0541687

15 30 0.0568756

16 30 0.059358

17 30 0.0616062

18 30 0.0636112

19 30 0.0653652

20 30 0.0668612

21 30 0.0680934

22 30 0.0690568

23 30 0.0697477

24 30 0.0701633

25 30 0.070302

26 30 0.0701633

27 30 0.0697477

28 30 0.0690568

29 30 0.0680934

30 30 0.0668612

31 30 0.0653652

32 30 0.0636112

33 30 0.0616062

34 30 0.059358

35 30 0.0568756

36 30 0.0541687

37 30 0.051248

38 30 0.0481251

39 30 0.0448122

40 30 0.0413225

41 30 0.0376697

42 30 0.0338683

43 30 0.0299332

44 30 0.0258799

45 30 0.0217245

46 30 0.0174834

47 30 0.0131733

48 30 0.00881118

49 30 0.0044143

50 30 0

0 31 0

1 31 0.00431553

2 31 0.00861403

3 31 0.0128785

4 31 0.0170922

5 31 0.0212384

6 31 0.0253008

7 31 0.0292634

8 31 0.0331105

9 31 0.0368269

10 31 0.0403979

11 31 0.0438095

12 31 0.0470483

13 31 0.0501013

14 31 0.0529566

15 31 0.055603

16 31 0.0580298

17 31 0.0602277

18 31 0.0621879

19 31 0.0639026

20 31 0.0653652

21 31 0.0665698

22 31 0.0675116

23 31 0.0681871

24 31 0.0685934

25 31 0.068729

26 31 0.0685934

27 31 0.0681871

28 31 0.0675116

29 31 0.0665698

30 31 0.0653652

31 31 0.0639026

32 31 0.0621879

33 31 0.0602277

34 31 0.0580298

35 31 0.055603

36 31 0.0529566

37 31 0.0501013

38 31 0.0470483

39 31 0.0438095

40 31 0.0403979

41 31 0.0368269

42 31 0.0331105

43 31 0.0292634

44 31 0.0253008

45 31 0.0212384

46 31 0.0170922

47 31 0.0128785

48 31 0.00861403

49 31 0.00431553

50 31 0

0 32 0

1 32 0.00419973

2 32 0.00838288

3 32 0.012533

4 32 0.0166336

5 32 0.0206685

6 32 0.0246219

7 32 0.0284781

8 32 0.032222

9 32 0.0358387

10 32 0.0393139

11 32 0.042634

12 32 0.0457858

13 32 0.0487569

14 32 0.0515356

15 32 0.0541109

16 32 0.0564727

17 32 0.0586116

18 32 0.0605191

19 32 0.0621879

20 32 0.0636112

21 32 0.0647835

22 32 0.0657001

23 32 0.0663574

24 32 0.0667528

25 32 0.0668848

26 32 0.0667528

27 32 0.0663574

28 32 0.0657001

29 32 0.0647835

30 32 0.0636112

31 32 0.0621879

32 32 0.0605191

33 32 0.0586116

34 32 0.0564727

35 32 0.0541109

36 32 0.0515356

37 32 0.0487569

38 32 0.0457858

39 32 0.042634

40 32 0.0393139

41 32 0.0358387

42 32 0.032222

43 32 0.0284781

44 32 0.0246219

45 32 0.0206685

46 32 0.0166336

47 32 0.012533

48 32 0.00838288

49 32 0.00419973

50 32 0

0 33 0

1 33 0.00406735

2 33 0.00811865

3 33 0.0121379

4 33 0.0161093

5 33 0.0200171

6 33 0.0238458

7 33 0.0275805

8 33 0.0312063

9 33 0.034709

10 33 0.0380747

11 33 0.0412901

12 33 0.0443426

13 33 0.0472201

14 33 0.0499112

15 33 0.0524053

16 33 0.0546926

17 33 0.0567641

18 33 0.0586116

19 33 0.0602277

20 33 0.0616062

21 33 0.0627415

22 33 0.0636292

23 33 0.0642658

24 33 0.0646487

25 33 0.0647765

26 33 0.0646487

27 33 0.0642658

28 33 0.0636292

29 33 0.0627415

30 33 0.0616062

31 33 0.0602277

32 33 0.0586116

33 33 0.0567641

34 33 0.0546926

35 33 0.0524053

36 33 0.0499112

37 33 0.0472201

38 33 0.0443426

39 33 0.0412901

40 33 0.0380747

41 33 0.034709

42 33 0.0312063

43 33 0.0275805

44 33 0.0238458

45 33 0.0200171

46 33 0.0161093

47 33 0.0121379

48 33 0.00811865

49 33 0.00406735

50 33 0

0 34 0

1 34 0.00391892

2 34 0.00782238

3 34 0.011695

4 34 0.0155214

5 34 0.0192866

6 34 0.0229756

7 34 0.026574

8 34 0.0300675

9 34 0.0334424

10 34 0.0366853

11 34 0.0397833

12 34 0.0427244

13 34 0.0454969

14 34 0.0480898

15 34 0.0504929

16 34 0.0526968

17 34 0.0546926

18 34 0.0564727

19 34 0.0580298

20 34 0.059358

21 34 0.0604519

22 34 0.0613072

23 34 0.0619205

24 34 0.0622895

25 34 0.0624127

26 34 0.0622895

27 34 0.0619205

28 34 0.0613072

29 34 0.0604519

30 34 0.059358

31 34 0.0580298

32 34 0.0564727

33 34 0.0546926

34 34 0.0526968

35 34 0.0504929

36 34 0.0480898

37 34 0.0454969

38 34 0.0427244

39 34 0.0397833

40 34 0.0366853

41 34 0.0334424

42 34 0.0300675

43 34 0.026574

44 34 0.0229756

45 34 0.0192866

46 34 0.0155214

47 34 0.011695

48 34 0.00782238

49 34 0.00391892

50 34 0

0 35 0

1 35 0.00375503

2 35 0.00749524

3 35 0.0112059

4 35 0.0148723

5 35 0.01848

6 35 0.0220148

7 35 0.0254627

8 35 0.0288101

9 35 0.0320438

10 35 0.035151

11 35 0.0381195

12 35 0.0409376

13 35 0.0435941

14 35 0.0460786

15 35 0.0483812

16 35 0.0504929

17 35 0.0524053

18 35 0.0541109

19 35 0.055603

20 35 0.0568756

21 35 0.0579237

22 35 0.0587432

23 35 0.0593309

24 35 0.0596845

25 35 0.0598025

26 35 0.0596845

27 35 0.0593309

28 35 0.0587432

29 35 0.0579237

30 35 0.0568756

31 35 0.055603

32 35 0.0541109

33 35 0.0524053

34 35 0.0504929

35 35 0.0483812

36 35 0.0460786

37 35 0.0435941

38 35 0.0409376

39 35 0.0381195

40 35 0.035151

41 35 0.0320438

42 35 0.0288101

43 35 0.0254627

44 35 0.0220148

45 35 0.01848

46 35 0.0148723

47 35 0.0112059

48 35 0.00749524

49 35 0.00375503

50 35 0

0 36 0

1 36 0.00357632

2 36 0.00713852

3 36 0.0106725

4 36 0.0141645

5 36 0.0176005

6 36 0.020967

7 36 0.0242508

8 36 0.0274389

9 36 0.0305187

10 36 0.0334781

11 36 0.0363053

12 36 0.0389893

13 36 0.0415194

14 36 0.0438856

15 36 0.0460786

16 36 0.0480898

17 36 0.0499112

18 36 0.0515356

19 36 0.0529566

20 36 0.0541687

21 36 0.0551669

22 36 0.0559474

23 36 0.0565072

24 36 0.0568439

25 36 0.0569563

26 36 0.0568439

27 36 0.0565072

28 36 0.0559474

29 36 0.0551669

30 36 0.0541687

31 36 0.0529566

32 36 0.0515356

33 36 0.0499112

34 36 0.0480898

35 36 0.0460786

36 36 0.0438856

37 36 0.0415194

38 36 0.0389893

39 36 0.0363053

40 36 0.0334781

41 36 0.0305187

42 36 0.0274389

43 36 0.0242508

44 36 0.020967

45 36 0.0176005

46 36 0.0141645

47 36 0.0106725

48 36 0.00713852

49 36 0.00357632

50 36 0

0 37 0

1 37 0.00338349

2 37 0.00675362

3 37 0.0100971

4 37 0.0134007

5 37 0.0166515

6 37 0.0198365

7 37 0.0229433

8 37 0.0259595

9 37 0.0288732

10 37 0.031673

11 37 0.0343478

12 37 0.036887

13 37 0.0392807

14 37 0.0415194

15 37 0.0435941

16 37 0.0454969

17 37 0.0472201

18 37 0.0487569

19 37 0.0501013

20 37 0.051248

21 37 0.0521924

22 37 0.0529309

23 37 0.0534604

24 37 0.053779

25 37 0.0538853

26 37 0.053779

27 37 0.0534604

28 37 0.0529309

29 37 0.0521924

30 37 0.051248

31 37 0.0501013

32 37 0.0487569

33 37 0.0472201

34 37 0.0454969

35 37 0.0435941

36 37 0.0415194

37 37 0.0392807

38 37 0.036887

39 37 0.0343478

40 37 0.031673

41 37 0.0288732

42 37 0.0259595

43 37 0.0229433

44 37 0.0198365

45 37 0.0166515

46 37 0.0134007

47 37 0.0100971

48 37 0.00675362

49 37 0.00338349

50 37 0

0 38 0

1 38 0.00317731

2 38 0.00634207

3 38 0.00948181

4 38 0.0125841

5 38 0.0156368

6 38 0.0186277

7 38 0.0215451

8 38 0.0243775

9 38 0.0271137

10 38 0.0297429

11 38 0.0322547

12 38 0.0346392

13 38 0.036887

14 38 0.0389893

15 38 0.0409376

16 38 0.0427244

17 38 0.0443426

18 38 0.0457858

19 38 0.0470483

20 38 0.0481251

21 38 0.0490119

22 38 0.0497054

23 38 0.0502027

24 38 0.0505018

25 38 0.0506017

26 38 0.0505018

27 38 0.0502027

28 38 0.0497054

29 38 0.0490119

30 38 0.0481251

31 38 0.0470483

32 38 0.0457858

33 38 0.0443426

34 38 0.0427244

35 38 0.0409376

36 38 0.0389893

37 38 0.036887

38 38 0.0346392

39 38 0.0322547

40 38 0.0297429

41 38 0.0271137

42 38 0.0243775

43 38 0.0215451

44 38 0.0186277

45 38 0.0156368

46 38 0.0125841

47 38 0.00948181

48 38 0.00634207

49 38 0.00317731

50 38 0

0 39 0

1 39 0.00295859

2 39 0.00590549

3 39 0.0088291

4 39 0.0117179

5 39 0.0145604

6 39 0.0173454

7 39 0.020062

8 39 0.0226994

9 39 0.0252473

10 39 0.0276955

11 39 0.0300344

12 39 0.0322547

13 39 0.0343478

14 39 0.0363053

15 39 0.0381195

16 39 0.0397833

17 39 0.0412901

18 39 0.042634

19 39 0.0438095

20 39 0.0448122

21 39 0.045638

22 39 0.0462838

23 39 0.0467468

24 39 0.0470254

25 39 0.0471183

26 39 0.0470254

27 39 0.0467468

28 39 0.0462838

29 39 0.045638

30 39 0.0448122

31 39 0.0438095

32 39 0.042634

33 39 0.0412901

34 39 0.0397833

35 39 0.0381195

36 39 0.0363053

37 39 0.0343478

38 39 0.0322547

39 39 0.0300344

40 39 0.0276955

41 39 0.0252473

42 39 0.0226994

43 39 0.020062

44 39 0.0173454

45 39 0.0145604

46 39 0.0117179

47 39 0.0088291

48 39 0.00590549

49 39 0.00295859

50 39 0

0 40 0

1 40 0.00272819

2 40 0.00544561

3 40 0.00814154

4 40 0.0108053

5 40 0.0134265

6 40 0.0159947

7 40 0.0184997

8 40 0.0209317

9 40 0.0232812

10 40 0.0255387

11 40 0.0276955

12 40 0.0297429

13 40 0.031673

14 40 0.0334781

15 40 0.035151

16 40 0.0366853

17 40 0.0380747

18 40 0.0393139

19 40 0.0403979

20 40 0.0413225

21 40 0.042084

22 40 0.0426795

23 40 0.0431064

24 40 0.0433633

25 40 0.0434491

26 40 0.0433633

27 40 0.0431064

28 40 0.0426795

29 40 0.042084

30 40 0.0413225

31 40 0.0403979

32 40 0.0393139

33 40 0.0380747

34 40 0.0366853

35 40 0.035151

36 40 0.0334781

37 40 0.031673

38 40 0.0297429

39 40 0.0276955

40 40 0.0255387

41 40 0.0232812

42 40 0.0209317

43 40 0.0184997

44 40 0.0159947

45 40 0.0134265

46 40 0.0108053

47 40 0.00814154

48 40 0.00544561

49 40 0.00272819

50 40 0

0 41 0

1 41 0.00248702

2 41 0.00496423

3 41 0.00742185

4 41 0.00985018

5 41 0.0122396

6 41 0.0145808

7 41 0.0168644

8 41 0.0190814

9 41 0.0212232

10 41 0.0232812

11 41 0.0252473

12 41 0.0271137

13 41 0.0288732

14 41 0.0305187

15 41 0.0320438

16 41 0.0334424

17 41 0.034709

18 41 0.0358387

19 41 0.0368269

20 41 0.0376697

21 41 0.0383639

22 41 0.0389067

23 41 0.039296

24 41 0.0395301

25 41 0.0396083

26 41 0.0395301

27 41 0.039296

28 41 0.0389067

29 41 0.0383639

30 41 0.0376697

31 41 0.0368269

32 41 0.0358387

33 41 0.034709

34 41 0.0334424

35 41 0.0320438

36 41 0.0305187

37 41 0.0288732

38 41 0.0271137

39 41 0.0252473

40 41 0.0232812

41 41 0.0212232

42 41 0.0190814

43 41 0.0168644

44 41 0.0145808

45 41 0.0122396

46 41 0.00985018

47 41 0.00742185

48 41 0.00496423

49 41 0.00248702

50 41 0

0 42 0

1 42 0.00223605

2 42 0.00446327

3 42 0.00667287

4 42 0.00885615

5 42 0.0110045

6 42 0.0131094

7 42 0.0151625

8 42 0.0171558

9 42 0.0190814

10 42 0.0209317

11 42 0.0226994

12 42 0.0243775

13 42 0.0259595

14 42 0.0274389

15 42 0.0288101

16 42 0.0300675

17 42 0.0312063

18 42 0.032222

19 42 0.0331105

20 42 0.0338683

21 42 0.0344924

22 42 0.0349804

23 42 0.0353304

24 42 0.0355409

25 42 0.0356112

26 42 0.0355409

27 42 0.0353304

28 42 0.0349804

29 42 0.0344924

30 42 0.0338683

31 42 0.0331105

32 42 0.032222

33 42 0.0312063

34 42 0.0300675

35 42 0.0288101

36 42 0.0274389

37 42 0.0259595

38 42 0.0243775

39 42 0.0226994

40 42 0.0209317

41 42 0.0190814

42 42 0.0171558

43 42 0.0151625

44 42 0.0131094

45 42 0.0110045

46 42 0.00885615

47 42 0.00667287

48 42 0.00446327

49 42 0.00223605

50 42 0

0 43 0

1 43 0.00197624

2 43 0.00394469

3 43 0.00589756

4 43 0.00782716

5 43 0.00972587

6 43 0.0115862

7 43 0.0134008

8 43 0.0151625

9 43 0.0168644

10 43 0.0184997

11 43 0.020062

12 43 0.0215451

13 43 0.0229433

14 43 0.0242508

15 43 0.0254627

16 43 0.026574

17 43 0.0275805

18 43 0.0284781

19 43 0.0292634

20 43 0.0299332

21 43 0.0304848

22 43 0.0309161

23 43 0.0312254

24 43 0.0314115

25 43 0.0314736

26 43 0.0314115

27 43 0.0312254

28 43 0.0309161

29 43 0.0304848

30 43 0.0299332

31 43 0.0292634

32 43 0.0284781

33 43 0.0275805

34 43 0.026574

35 43 0.0254627

36 43 0.0242508

37 43 0.0229433

38 43 0.0215451

39 43 0.020062

40 43 0.0184997

41 43 0.0168644

42 43 0.0151625

43 43 0.0134008

44 43 0.0115862

45 43 0.00972587

46 43 0.00782716

47 43 0.00589756

48 43 0.00394469

49 43 0.00197624

50 43 0

0 44 0

1 44 0.00170864

2 44 0.00341054

3 44 0.00509897

4 44 0.00676729

5 44 0.00840889

6 44 0.0100173

7 44 0.0115862

8 44 0.0131094

9 44 0.0145808

10 44 0.0159947

11 44 0.0173454

12 44 0.0186277

13 44 0.0198365

14 44 0.020967

15 44 0.0220148

16 44 0.0229756

17 44 0.0238458

18 44 0.0246219

19 44 0.0253008

20 44 0.0258799

21 44 0.0263568

22 44 0.0267298

23 44 0.0269972

24 44 0.0271581

25 44 0.0272117

26 44 0.0271581

27 44 0.0269972

28 44 0.0267298

29 44 0.0263568

30 44 0.0258799

31 44 0.0253008

32 44 0.0246219

33 44 0.0238458

34 44 0.0229756

35 44 0.0220148

36 44 0.020967

37 44 0.0198365

38 44 0.0186277

39 44 0.0173454

40 44 0.0159947

41 44 0.0145808

42 44 0.0131094

43 44 0.0115862

44 44 0.0100173

45 44 0.00840889

46 44 0.00676729

47 44 0.00509897

48 44 0.00341054

49 44 0.00170864

50 44 0

0 45 0

1 45 0.00143429

2 45 0.00286293

3 45 0.00428026

4 45 0.0056807

5 45 0.00705873

6 45 0.00840889

7 45 0.00972587

8 45 0.0110045

9 45 0.0122396

10 45 0.0134265

11 45 0.0145604

12 45 0.0156368

13 45 0.0166515

14 45 0.0176005

15 45 0.01848

16 45 0.0192866

17 45 0.0200171

18 45 0.0206685

19 45 0.0212384

20 45 0.0217245

21 45 0.0221249

22 45 0.0224379

23 45 0.0226624

24 45 0.0227974

25 45 0.0228425

26 45 0.0227974

27 45 0.0226624

28 45 0.0224379

29 45 0.0221249

30 45 0.0217245

31 45 0.0212384

32 45 0.0206685

33 45 0.0200171

34 45 0.0192866

35 45 0.01848

36 45 0.0176005

37 45 0.0166515

38 45 0.0156368

39 45 0.0145604

40 45 0.0134265

41 45 0.0122396

42 45 0.0110045

43 45 0.00972587

44 45 0.00840889

45 45 0.00705873

46 45 0.0056807

47 45 0.00428026

48 45 0.00286293

49 45 0.00143429

50 45 0

0 46 0

1 46 0.00115429

2 46 0.00230402

3 46 0.00344466

4 46 0.0045717

5 46 0.0056807

6 46 0.00676729

7 46 0.00782716

8 46 0.00885615

9 46 0.00985018

10 46 0.0108053

11 46 0.0117179

12 46 0.0125841

13 46 0.0134007

14 46 0.0141645

15 46 0.0148723

16 46 0.0155214

17 46 0.0161093

18 46 0.0166336

19 46 0.0170922

20 46 0.0174834

21 46 0.0178056

22 46 0.0180575

23 46 0.0182382

24 46 0.0183469

25 46 0.0183831

26 46 0.0183469

27 46 0.0182382

28 46 0.0180575

29 46 0.0178056

30 46 0.0174834

31 46 0.0170922

32 46 0.0166336

33 46 0.0161093

34 46 0.0155214

35 46 0.0148723

36 46 0.0141645

37 46 0.0134007

38 46 0.0125841

39 46 0.0117179

40 46 0.0108053

41 46 0.00985018

42 46 0.00885615

43 46 0.00782716

44 46 0.00676729

45 46 0.0056807

46 46 0.0045717

47 46 0.00344466

48 46 0.00230402

49 46 0.00115429

50 46 0

0 47 0

1 47 0.000869725

2 47 0.00173602

3 47 0.00259546

4 47 0.00344466

5 47 0.00428026

6 47 0.00509897

7 47 0.00589756

8 47 0.00667287

9 47 0.00742185

10 47 0.00814154

11 47 0.0088291

12 47 0.00948181

13 47 0.0100971

14 47 0.0106725

15 47 0.0112059

16 47 0.011695

17 47 0.0121379

18 47 0.012533

19 47 0.0128785

20 47 0.0131733

21 47 0.0134161

22 47 0.0136059

23 47 0.013742

24 47 0.0138239

25 47 0.0138512

26 47 0.0138239

27 47 0.013742

28 47 0.0136059

29 47 0.0134161

30 47 0.0131733

31 47 0.0128785

32 47 0.012533

33 47 0.0121379

34 47 0.011695

35 47 0.0112059

36 47 0.0106725

37 47 0.0100971

38 47 0.00948181

39 47 0.0088291

40 47 0.00814154

41 47 0.00742185

42 47 0.00667287

43 47 0.00589756

44 47 0.00509897

45 47 0.00428026

46 47 0.00344466

47 47 0.00259546

48 47 0.00173602

49 47 0.000869725

50 47 0

0 48 0

1 48 0.000581731

2 48 0.00116117

3 48 0.00173602

4 48 0.00230402

5 48 0.00286293

6 48 0.00341054

7 48 0.00394469

8 48 0.00446327

9 48 0.00496423

10 48 0.00544561

11 48 0.00590549

12 48 0.00634207

13 48 0.00675362

14 48 0.00713852

15 48 0.00749524

16 48 0.00782238

17 48 0.00811865

18 48 0.00838288

19 48 0.00861403

20 48 0.00881118

21 48 0.00897356

22 48 0.00910052

23 48 0.00919157

24 48 0.00924634

25 48 0.00926463

26 48 0.00924634

27 48 0.00919157

28 48 0.00910052

29 48 0.00897356

30 48 0.00881118

31 48 0.00861403

32 48 0.00838288

33 48 0.00811865

34 48 0.00782238

35 48 0.00749524

36 48 0.00713852

37 48 0.00675362

38 48 0.00634207

39 48 0.00590549

