0 1 0

1 1 0.00199977

2 1 0.00399165

3 1 0.00596778

4 1 0.00792035

5 1 0.00984167

6 1 0.0117241

7 1 0.0135604

8 1 0.015343

9 1 0.0170652

10 1 0.01872

11 1 0.0203009

12 1 0.0218017

13 1 0.0232164

14 1 0.0245396

15 1 0.0257658

16 1 0.0268904

17 1 0.0279089

18 1 0.0288172

19 1 0.0296118

20 1 0.0302896

21 1 0.0308477

22 1 0.0312842

23 1 0.0315972

24 1 0.0317855

25 1 0.0318483

26 1 0.0317855

27 1 0.0315972

28 1 0.0312842

29 1 0.0308477

30 1 0.0302896

31 1 0.0296118

32 1 0.0288172

33 1 0.0279089

34 1 0.0268904

35 1 0.0257658

36 1 0.0245396

37 1 0.0232164

38 1 0.0218017

39 1 0.0203009

40 1 0.01872

41 1 0.0170652

42 1 0.015343

43 1 0.0135604

44 1 0.0117241

45 1 0.00984167

46 1 0.00792035

47 1 0.00596778

48 1 0.00399165

49 1 0.00199977

50 1 0

0 2 0

1 2 0.00399165

2 2 0.00796755

3 2 0.011912

4 2 0.0158095

5 2 0.0196445

6 2 0.023402

7 2 0.0270672

8 2 0.0306255

9 2 0.034063

10 2 0.0373661

11 2 0.0405216

12 2 0.0435173

13 2 0.0463412

14 2 0.0489823

15 2 0.05143

16 2 0.0536747

17 2 0.0557076

18 2 0.0575207

19 2 0.0591068

20 2 0.0604596

21 2 0.0615737

22 2 0.0624449

23 2 0.0630697

24 2 0.0634455

25 2 0.0635709

26 2 0.0634455

27 2 0.0630697

28 2 0.0624449

29 2 0.0615737

30 2 0.0604596

31 2 0.0591068

32 2 0.0575207

33 2 0.0557076

34 2 0.0536747

35 2 0.05143

36 2 0.0489823

37 2 0.0463412

38 2 0.0435173

39 2 0.0405216

40 2 0.0373661

41 2 0.034063

42 2 0.0306255

43 2 0.0270672

44 2 0.023402

45 2 0.0196445

46 2 0.0158095

47 2 0.011912

48 2 0.00796755

49 2 0.00399165

50 2 0

0 3 0

1 3 0.00596778

2 3 0.011912

3 3 0.0178092

4 3 0.0236362

5 3 0.0293698

6 3 0.0349875

7 3 0.0404672

8 3 0.0457872

9 3 0.0509264

10 3 0.0558647

11 3 0.0605825

12 3 0.0650612

13 3 0.0692831

14 3 0.0732316

15 3 0.0768911

16 3 0.0802472

17 3 0.0832865

18 3 0.0859972

19 3 0.0883685

20 3 0.090391

21 3 0.0920567

22 3 0.0933592

23 3 0.0942932

24 3 0.0948551

25 3 0.0950427

26 3 0.0948551

27 3 0.0942932

28 3 0.0933592

29 3 0.0920567

30 3 0.090391

31 3 0.0883685

32 3 0.0859972

33 3 0.0832865

34 3 0.0802472

35 3 0.0768911

36 3 0.0732316

37 3 0.0692831

38 3 0.0650612

39 3 0.0605825

40 3 0.0558647

41 3 0.0509264

42 3 0.0457872

43 3 0.0404672

44 3 0.0349875

45 3 0.0293698

46 3 0.0236362

47 3 0.0178092

48 3 0.011912

49 3 0.00596778

50 3 0

0 4 0

1 4 0.00792035

2 4 0.0158095

3 4 0.0236362

4 4 0.0313696

5 4 0.0389792

6 4 0.046435

7 4 0.0537075

8 4 0.0607681

9 4 0.0675888

10 4 0.0741428

11 4 0.0804042

12 4 0.0863483

13 4 0.0919516

14 4 0.097192

15 4 0.102049

16 4 0.106503

17 4 0.110537

18 4 0.114134

19 4 0.117281

20 4 0.119966

21 4 0.122176

22 4 0.123905

23 4 0.125145

24 4 0.12589

25 4 0.126139

26 4 0.12589

27 4 0.125145

28 4 0.123905

29 4 0.122176

30 4 0.119966

31 4 0.117281

32 4 0.114134

33 4 0.110537

34 4 0.106503

35 4 0.102049

36 4 0.097192

37 4 0.0919516

38 4 0.0863483

39 4 0.0804042

40 4 0.0741428

41 4 0.0675888

42 4 0.0607681

43 4 0.0537075

44 4 0.046435

45 4 0.0389792

46 4 0.0313696

47 4 0.0236362

48 4 0.0158095

49 4 0.00792035

50 4 0

0 5 0

1 5 0.00984167

2 5 0.0196445

3 5 0.0293698

4 5 0.0389792

5 5 0.0484348

6 5 0.0576992

7 5 0.0667359

8 5 0.0755092

9 5 0.0839845

10 5 0.0921284

11 5 0.0999087

12 5 0.107295

13 5 0.114257

14 5 0.120769

15 5 0.126804

16 5 0.132338

17 5 0.137351

18 5 0.141821

19 5 0.145731

20 5 0.149067

21 5 0.151814

22 5 0.153962

23 5 0.155502

24 5 0.156429

25 5 0.156738

26 5 0.156429

27 5 0.155502

28 5 0.153962

29 5 0.151814

30 5 0.149067

31 5 0.145731

32 5 0.141821

33 5 0.137351

34 5 0.132338

35 5 0.126804

36 5 0.120769

37 5 0.114257

38 5 0.107295

39 5 0.0999087

40 5 0.0921284

41 5 0.0839845

42 5 0.0755092

43 5 0.0667359

44 5 0.0576992

45 5 0.0484348

46 5 0.0389792

47 5 0.0293698

48 5 0.0196445

49 5 0.00984167

50 5 0

0 6 0

1 6 0.0117241

2 6 0.023402

3 6 0.0349875

4 6 0.046435

5 6 0.0576992

6 6 0.0687356

7 6 0.0795008

8 6 0.0899523

9 6 0.100049

10 6 0.10975

11 6 0.119019

12 6 0.127818

13 6 0.136112

14 6 0.143869

15 6 0.151058

16 6 0.157652

17 6 0.163623

18 6 0.168948

19 6 0.173606

20 6 0.17758

21 6 0.180852

22 6 0.183411

23 6 0.185246

24 6 0.18635

25 6 0.186718

26 6 0.18635

27 6 0.185246

28 6 0.183411

29 6 0.180852

30 6 0.17758

31 6 0.173606

32 6 0.168948

33 6 0.163623

34 6 0.157652

35 6 0.151058

36 6 0.143869

37 6 0.136112

38 6 0.127818

39 6 0.119019

40 6 0.10975

41 6 0.100049

42 6 0.0899523

43 6 0.0795008

44 6 0.0687356

45 6 0.0576992

46 6 0.046435

47 6 0.0349875

48 6 0.023402

49 6 0.0117241

50 6 0

0 7 0

1 7 0.0135604

2 7 0.0270672

3 7 0.0404672

4 7 0.0537075

5 7 0.0667359

6 7 0.0795008

7 7 0.0919521

8 7 0.10404

9 7 0.115718

10 7 0.126939

11 7 0.137659

12 7 0.147836

13 7 0.157429

14 7 0.166401

15 7 0.174717

16 7 0.182343

17 7 0.189249

18 7 0.195408

19 7 0.200796

20 7 0.205392

21 7 0.209177

22 7 0.212137

23 7 0.214259

24 7 0.215536

25 7 0.215962

26 7 0.215536

27 7 0.214259

28 7 0.212137

29 7 0.209177

30 7 0.205392

31 7 0.200796

32 7 0.195408

33 7 0.189249

34 7 0.182343

35 7 0.174717

36 7 0.166401

37 7 0.157429

38 7 0.147836

39 7 0.137659

40 7 0.126939

41 7 0.115718

42 7 0.10404

43 7 0.0919521

44 7 0.0795008

45 7 0.0667359

46 7 0.0537075

47 7 0.0404672

48 7 0.0270672

49 7 0.0135604

50 7 0

0 8 0

1 8 0.015343

2 8 0.0306255

3 8 0.0457872

4 8 0.0607681

5 8 0.0755092

6 8 0.0899523

7 8 0.10404

8 8 0.117718

9 8 0.130931

10 8 0.143627

11 8 0.155756

12 8 0.167271

13 8 0.178126

14 8 0.188277

15 8 0.197686

16 8 0.206314

17 8 0.214128

18 8 0.221097

19 8 0.227194

20 8 0.232393

21 8 0.236676

22 8 0.240025

23 8 0.242426

24 8 0.243871

25 8 0.244353

26 8 0.243871

27 8 0.242426

28 8 0.240025

29 8 0.236676

30 8 0.232393

31 8 0.227194

32 8 0.221097

33 8 0.214128

34 8 0.206314

35 8 0.197686

36 8 0.188277

37 8 0.178126

38 8 0.167271

39 8 0.155756

40 8 0.143627

41 8 0.130931

42 8 0.117718

43 8 0.10404

44 8 0.0899523

45 8 0.0755092

46 8 0.0607681

47 8 0.0457872

48 8 0.0306255

49 8 0.015343

50 8 0

0 9 0

1 9 0.0170652

2 9 0.034063

3 9 0.0509264

4 9 0.0675888

5 9 0.0839845

6 9 0.100049

7 9 0.115718

8 9 0.130931

9 9 0.145627

10 9 0.159748

11 9 0.173239

12 9 0.186046

13 9 0.198119

14 9 0.20941

15 9 0.219874

16 9 0.229471

17 9 0.238162

18 9 0.245914

19 9 0.252694

20 9 0.258478

21 9 0.263241

22 9 0.266966

23 9 0.269637

24 9 0.271243

25 9 0.27178

26 9 0.271243

27 9 0.269637

28 9 0.266966

29 9 0.263241

30 9 0.258478

31 9 0.252694

32 9 0.245914

33 9 0.238162

34 9 0.229471

35 9 0.219874

36 9 0.20941

37 9 0.198119

38 9 0.186046

39 9 0.173239

40 9 0.159748

41 9 0.145627

42 9 0.130931

43 9 0.115718

44 9 0.100049

45 9 0.0839845

46 9 0.0675888

47 9 0.0509264

48 9 0.034063

49 9 0.0170652

50 9 0

0 10 0

1 10 0.01872

2 10 0.0373661

3 10 0.0558647

4 10 0.0741428

5 10 0.0921284

6 10 0.10975

7 10 0.126939

8 10 0.143627

9 10 0.159748

10 10 0.175239

11 10 0.190038

12 10 0.204087

13 10 0.21733

14 10 0.229716

15 10 0.241195

16 10 0.251723

17 10 0.261257

18 10 0.269759

19 10 0.277198

20 10 0.283542

21 10 0.288767

22 10 0.292853

23 10 0.295783

24 10 0.297545

25 10 0.298134

26 10 0.297545

27 10 0.295783

28 10 0.292853

29 10 0.288767

30 10 0.283542

31 10 0.277198

32 10 0.269759

33 10 0.261257

34 10 0.251723

35 10 0.241195

36 10 0.229716

37 10 0.21733

38 10 0.204087

39 10 0.190038

40 10 0.175239

41 10 0.159748

42 10 0.143627

43 10 0.126939

44 10 0.10975

45 10 0.0921284

46 10 0.0741428

47 10 0.0558647

48 10 0.0373661

49 10 0.01872

50 10 0

0 11 0

1 11 0.0203009

2 11 0.0405216

3 11 0.0605825

4 11 0.0804042

5 11 0.0999087

6 11 0.119019

7 11 0.137659

8 11 0.155756

9 11 0.173239

10 11 0.190038

11 11 0.206086

12 11 0.221322

13 11 0.235684

14 11 0.249116

15 11 0.261564

16 11 0.272981

17 11 0.28332

18 11 0.292541

19 11 0.300607

20 11 0.307487

21 11 0.313154

22 11 0.317585

23 11 0.320762

24 11 0.322673

25 11 0.323311

26 11 0.322673

27 11 0.320762

28 11 0.317585

29 11 0.313154

30 11 0.307487

31 11 0.300607

32 11 0.292541

33 11 0.28332

34 11 0.272981

35 11 0.261564

36 11 0.249116

37 11 0.235684

38 11 0.221322

39 11 0.206086

40 11 0.190038

41 11 0.173239

42 11 0.155756

43 11 0.137659

44 11 0.119019

45 11 0.0999087

46 11 0.0804042

47 11 0.0605825

48 11 0.0405216

49 11 0.0203009

50 11 0

0 12 0

1 12 0.0218017

2 12 0.0435173

3 12 0.0650612

4 12 0.0863483

5 12 0.107295

6 12 0.127818

7 12 0.147836

8 12 0.167271

9 12 0.186046

10 12 0.204087

11 12 0.221322

12 12 0.237684

13 12 0.253107

14 12 0.267532

15 12 0.280901

16 12 0.293161

17 12 0.304265

18 12 0.314168

19 12 0.32283

20 12 0.330219

21 12 0.336305

22 12 0.341063

23 12 0.344475

24 12 0.346528

25 12 0.347213

26 12 0.346528

27 12 0.344475

28 12 0.341063

29 12 0.336305

30 12 0.330219

31 12 0.32283

32 12 0.314168

33 12 0.304265

34 12 0.293161

35 12 0.280901

36 12 0.267532

37 12 0.253107

38 12 0.237684

39 12 0.221322

40 12 0.204087

41 12 0.186046

42 12 0.167271

43 12 0.147836

44 12 0.127818

45 12 0.107295

46 12 0.0863483

47 12 0.0650612

48 12 0.0435173

49 12 0.0218017

50 12 0

0 13 0

1 13 0.0232164

2 13 0.0463412

3 13 0.0692831

4 13 0.0919516

5 13 0.114257

6 13 0.136112

7 13 0.157429

8 13 0.178126

9 13 0.198119

10 13 0.21733

11 13 0.235684

12 13 0.253107

13 13 0.269532

14 13 0.284893

15 13 0.299129

16 13 0.312185

17 13 0.324009

18 13 0.334554

19 13 0.343779

20 13 0.351648

21 13 0.358128

22 13 0.363195

23 13 0.366829

24 13 0.369015

25 13 0.369744

26 13 0.369015

27 13 0.366829

28 13 0.363195

29 13 0.358128

30 13 0.351648

31 13 0.343779

32 13 0.334554

33 13 0.324009

34 13 0.312185

35 13 0.299129

36 13 0.284893

37 13 0.269532

38 13 0.253107

39 13 0.235684

40 13 0.21733

41 13 0.198119

42 13 0.178126

43 13 0.157429

44 13 0.136112

45 13 0.114257

46 13 0.0919516

47 13 0.0692831

48 13 0.0463412

49 13 0.0232164

50 13 0

0 14 0

1 14 0.0245396

2 14 0.0489823

3 14 0.0732316

4 14 0.097192

5 14 0.120769

6 14 0.143869

7 14 0.166401

8 14 0.188277

9 14 0.20941

10 14 0.229716

11 14 0.249116

12 14 0.267532

13 14 0.284893

14 14 0.301129

15 14 0.316177

16 14 0.329977

17 14 0.342475

18 14 0.353621

19 14 0.363372

20 14 0.371688

21 14 0.378538

22 14 0.383894

23 14 0.387734

24 14 0.390045

25 14 0.390816

26 14 0.390045

27 14 0.387734

28 14 0.383894

29 14 0.378538

30 14 0.371688

31 14 0.363372

32 14 0.353621

33 14 0.342475

34 14 0.329977

35 14 0.316177

36 14 0.301129

37 14 0.284893

38 14 0.267532

39 14 0.249116

40 14 0.229716

41 14 0.20941

42 14 0.188277

43 14 0.166401

44 14 0.143869

45 14 0.120769

46 14 0.097192

47 14 0.0732316

48 14 0.0489823

49 14 0.0245396

50 14 0

0 15 0

1 15 0.0257658

2 15 0.05143

3 15 0.0768911

4 15 0.102049

5 15 0.126804

6 15 0.151058

7 15 0.174717

8 15 0.197686

9 15 0.219874

10 15 0.241195

11 15 0.261564

12 15 0.280901

13 15 0.299129

14 15 0.316177

15 15 0.331977

16 15 0.346466

17 15 0.359589

18 15 0.371292

19 15 0.38153

20 15 0.390262

21 15 0.397454

22 15 0.403078

23 15 0.40711

24 15 0.409536

25 15 0.410346

26 15 0.409536

27 15 0.40711

28 15 0.403078

29 15 0.397454

30 15 0.390262

31 15 0.38153

32 15 0.371292

33 15 0.359589

34 15 0.346466

35 15 0.331977

36 15 0.316177

37 15 0.299129

38 15 0.280901

39 15 0.261564

40 15 0.241195

41 15 0.219874

42 15 0.197686

43 15 0.174717

44 15 0.151058

45 15 0.126804

46 15 0.102049

47 15 0.0768911

48 15 0.05143

49 15 0.0257658

50 15 0

0 16 0

1 16 0.0268904

2 16 0.0536747

3 16 0.0802472

4 16 0.106503

5 16 0.132338

6 16 0.157652

7 16 0.182343

8 16 0.206314

9 16 0.229471

10 16 0.251723

11 16 0.272981

12 16 0.293161

13 16 0.312185

14 16 0.329977

15 16 0.346466

16 16 0.361589

17 16 0.375284

18 16 0.387498

19 16 0.398182

20 16 0.407296

21 16 0.414802

22 16 0.420671

23 16 0.424879

24 16 0.427411

25 16 0.428256

26 16 0.427411

27 16 0.424879

28 16 0.420671

29 16 0.414802

30 16 0.407296

31 16 0.398182

32 16 0.387498

33 16 0.375284

34 16 0.361589

35 16 0.346466

36 16 0.329977

37 16 0.312185

38 16 0.293161

39 16 0.272981

40 16 0.251723

41 16 0.229471

42 16 0.206314

43 16 0.182343

44 16 0.157652

45 16 0.132338

46 16 0.106503

47 16 0.0802472

48 16 0.0536747

49 16 0.0268904

50 16 0

0 17 0

1 17 0.0279089

2 17 0.0557076

3 17 0.0832865

4 17 0.110537

5 17 0.137351

6 17 0.163623

7 17 0.189249

8 17 0.214128

9 17 0.238162

10 17 0.261257

11 17 0.28332

12 17 0.304265

13 17 0.324009

14 17 0.342475

15 17 0.359589

16 17 0.375284

17 17 0.389497

18 17 0.402174

19 17 0.413264

20 17 0.422722

21 17 0.430512

22 17 0.436603

23 17 0.440971

24 17 0.443599

25 17 0.444476

26 17 0.443599

27 17 0.440971

28 17 0.436603

29 17 0.430512

30 17 0.422722

31 17 0.413264

32 17 0.402174

33 17 0.389497

34 17 0.375284

35 17 0.359589

36 17 0.342475

37 17 0.324009

38 17 0.304265

39 17 0.28332

40 17 0.261257

41 17 0.238162

42 17 0.214128

43 17 0.189249

44 17 0.163623

45 17 0.137351

46 17 0.110537

47 17 0.0832865

48 17 0.0557076

49 17 0.0279089

50 17 0

0 18 0

1 18 0.0288172

2 18 0.0575207

3 18 0.0859972

4 18 0.114134

5 18 0.141821

6 18 0.168948

7 18 0.195408

8 18 0.221097

9 18 0.245914

10 18 0.269759

11 18 0.292541

12 18 0.314168

13 18 0.334554

14 18 0.353621

15 18 0.371292

16 18 0.387498

17 18 0.402174

18 18 0.415263

19 18 0.426714

20 18 0.43648

21 18 0.444524

22 18 0.450813

23 18 0.455323

24 18 0.458037

25 18 0.458942

26 18 0.458037

27 18 0.455323

28 18 0.450813

29 18 0.444524

30 18 0.43648

31 18 0.426714

32 18 0.415263

33 18 0.402174

34 18 0.387498

35 18 0.371292

36 18 0.353621

37 18 0.334554

38 18 0.314168

39 18 0.292541

40 18 0.269759

41 18 0.245914

42 18 0.221097

43 18 0.195408

44 18 0.168948

45 18 0.141821

46 18 0.114134

47 18 0.0859972

48 18 0.0575207

49 18 0.0288172

50 18 0

0 19 0

1 19 0.0296118

2 19 0.0591068

3 19 0.0883685

4 19 0.117281

5 19 0.145731

6 19 0.173606

7 19 0.200796

8 19 0.227194

9 19 0.252694

10 19 0.277198

11 19 0.300607

12 19 0.32283

13 19 0.343779

14 19 0.363372

15 19 0.38153

16 19 0.398182

17 19 0.413264

18 19 0.426714

19 19 0.43848

20 19 0.448515

21 19 0.456781

22 19 0.463244

23 19 0.467878

24 19 0.470666

25 19 0.471597

26 19 0.470666

27 19 0.467878

28 19 0.463244

29 19 0.456781

30 19 0.448515

31 19 0.43848

32 19 0.426714

33 19 0.413264

34 19 0.398182

35 19 0.38153

36 19 0.363372

37 19 0.343779

38 19 0.32283

39 19 0.300607

40 19 0.277198

41 19 0.252694

42 19 0.227194

43 19 0.200796

44 19 0.173606

45 19 0.145731

46 19 0.117281

47 19 0.0883685

48 19 0.0591068

49 19 0.0296118

50 19 0

0 20 0

1 20 0.0302896

2 20 0.0604596

3 20 0.090391

4 20 0.119966

5 20 0.149067

6 20 0.17758

7 20 0.205392

8 20 0.232393

9 20 0.258478

10 20 0.283542

11 20 0.307487

12 20 0.330219

13 20 0.351648

14 20 0.371688

15 20 0.390262

16 20 0.407296

17 20 0.422722

18 20 0.43648

19 20 0.448515

20 20 0.458781

21 20 0.467235

22 20 0.473846

23 20 0.478587

24 20 0.481439

25 20 0.482391

26 20 0.481439

27 20 0.478587

28 20 0.473846

29 20 0.467235

30 20 0.458781

31 20 0.448515

32 20 0.43648

33 20 0.422722

34 20 0.407296

35 20 0.390262

36 20 0.371688

37 20 0.351648

38 20 0.330219

39 20 0.307487

40 20 0.283542

41 20 0.258478

42 20 0.232393

43 20 0.205392

44 20 0.17758

45 20 0.149067

46 20 0.119966

47 20 0.090391

48 20 0.0604596

49 20 0.0302896

50 20 0

0 21 0

1 21 0.0308477

2 21 0.0615737

3 21 0.0920567

4 21 0.122176

5 21 0.151814

6 21 0.180852

7 21 0.209177

8 21 0.236676

9 21 0.263241

10 21 0.288767

11 21 0.313154

12 21 0.336305

13 21 0.358128

14 21 0.378538

15 21 0.397454

16 21 0.414802

17 21 0.430512

18 21 0.444524

19 21 0.456781

20 21 0.467235

21 21 0.475846

22 21 0.482578

23 21 0.487406

24 21 0.490311

25 21 0.49128

26 21 0.490311

27 21 0.487406

28 21 0.482578

29 21 0.475846

30 21 0.467235

31 21 0.456781

32 21 0.444524

33 21 0.430512

34 21 0.414802

35 21 0.397454

36 21 0.378538

37 21 0.358128

38 21 0.336305

39 21 0.313154

40 21 0.288767

41 21 0.263241

42 21 0.236676

43 21 0.209177

44 21 0.180852

45 21 0.151814

46 21 0.122176

47 21 0.0920567

48 21 0.0615737

49 21 0.0308477

50 21 0

0 22 0

1 22 0.0312842

2 22 0.0624449

3 22 0.0933592

4 22 0.123905

5 22 0.153962

6 22 0.183411

7 22 0.212137

8 22 0.240025

9 22 0.266966

10 22 0.292853

11 22 0.317585

12 22 0.341063

13 22 0.363195

14 22 0.383894

15 22 0.403078

16 22 0.420671

17 22 0.436603

18 22 0.450813

19 22 0.463244

20 22 0.473846

21 22 0.482578

22 22 0.489406

23 22 0.494303

24 22 0.497248

25 22 0.498231

26 22 0.497248

27 22 0.494303

28 22 0.489406

29 22 0.482578

30 22 0.473846

31 22 0.463244

32 22 0.450813

33 22 0.436603

34 22 0.420671

35 22 0.403078

36 22 0.383894

37 22 0.363195

38 22 0.341063

39 22 0.317585

40 22 0.292853

41 22 0.266966

42 22 0.240025

43 22 0.212137

44 22 0.183411

45 22 0.153962

46 22 0.123905

47 22 0.0933592

48 22 0.0624449

49 22 0.0312842

50 22 0

0 23 0

1 23 0.0315972

2 23 0.0630697

3 23 0.0942932

4 23 0.125145

5 23 0.155502

6 23 0.185246

7 23 0.214259

8 23 0.242426

9 23 0.269637

10 23 0.295783

11 23 0.320762

12 23 0.344475

13 23 0.366829

14 23 0.387734

15 23 0.40711

16 23 0.424879

17 23 0.440971

18 23 0.455323

19 23 0.467878

20 23 0.478587

21 23 0.487406

22 23 0.494303

23 23 0.499248

24 23 0.502223

25 23 0.503216

26 23 0.502223

27 23 0.499248

28 23 0.494303

29 23 0.487406

30 23 0.478587

31 23 0.467878

32 23 0.455323

33 23 0.440971

34 23 0.424879

35 23 0.40711

36 23 0.387734

37 23 0.366829

38 23 0.344475

39 23 0.320762

40 23 0.295783

41 23 0.269637

42 23 0.242426

43 23 0.214259

44 23 0.185246

45 23 0.155502

46 23 0.125145

47 23 0.0942932

48 23 0.0630697

49 23 0.0315972

50 23 0

0 24 0

1 24 0.0317855

2 24 0.0634455

3 24 0.0948551

4 24 0.12589

5 24 0.156429

6 24 0.18635

7 24 0.215536

8 24 0.243871

9 24 0.271243

10 24 0.297545

11 24 0.322673

12 24 0.346528

13 24 0.369015

14 24 0.390045

15 24 0.409536

16 24 0.427411

17 24 0.443599

18 24 0.458037

19 24 0.470666

20 24 0.481439

21 24 0.490311

22 24 0.497248

23 24 0.502223

24 24 0.505216

25 24 0.506215

26 24 0.505216

27 24 0.502223

28 24 0.497248

29 24 0.490311

30 24 0.481439

31 24 0.470666

32 24 0.458037

33 24 0.443599

34 24 0.427411

35 24 0.409536

36 24 0.390045

37 24 0.369015

38 24 0.346528

39 24 0.322673

40 24 0.297545

41 24 0.271243

42 24 0.243871

43 24 0.215536

44 24 0.18635

45 24 0.156429

46 24 0.12589

47 24 0.0948551

48 24 0.0634455

49 24 0.0317855

50 24 0

0 25 0

1 25 0.0318483

2 25 0.0635709

3 25 0.0950427

4 25 0.126139

5 25 0.156738

6 25 0.186718

7 25 0.215962

8 25 0.244353

9 25 0.27178

10 25 0.298134

11 25 0.323311

12 25 0.347213

13 25 0.369744

14 25 0.390816

15 25 0.410346

16 25 0.428256

17 25 0.444476

18 25 0.458942

19 25 0.471597

20 25 0.482391

21 25 0.49128

22 25 0.498231

23 25 0.503216

24 25 0.506215

25 25 0.507215

26 25 0.506215

27 25 0.503216

28 25 0.498231

29 25 0.49128

30 25 0.482391

31 25 0.471597

32 25 0.458942

33 25 0.444476

34 25 0.428256

35 25 0.410346

36 25 0.390816

37 25 0.369744

38 25 0.347213

39 25 0.323311

40 25 0.298134

41 25 0.27178

42 25 0.244353

43 25 0.215962

44 25 0.186718

45 25 0.156738

46 25 0.126139

47 25 0.0950427

48 25 0.0635709

49 25 0.0318483

50 25 0

0 26 0

1 26 0.0317855

2 26 0.0634455

3 26 0.0948551

4 26 0.12589

5 26 0.156429

6 26 0.18635

7 26 0.215536

8 26 0.243871

9 26 0.271243

10 26 0.297545

11 26 0.322673

12 26 0.346528

13 26 0.369015

14 26 0.390045

15 26 0.409536

16 26 0.427411

17 26 0.443599

18 26 0.458037

19 26 0.470666

20 26 0.481439

21 26 0.490311

22 26 0.497248

23 26 0.502223

24 26 0.505216

25 26 0.506215

26 26 0.505216

27 26 0.502223

28 26 0.497248

29 26 0.490311

30 26 0.481439

31 26 0.470666

32 26 0.458037

33 26 0.443599

34 26 0.427411

35 26 0.409536

36 26 0.390045

37 26 0.369015

38 26 0.346528

39 26 0.322673

40 26 0.297545

41 26 0.271243

42 26 0.243871

43 26 0.215536

44 26 0.18635

45 26 0.156429

46 26 0.12589

47 26 0.0948551

48 26 0.0634455

49 26 0.0317855

50 26 0

0 27 0

1 27 0.0315972

2 27 0.0630697

3 27 0.0942932

4 27 0.125145

5 27 0.155502

6 27 0.185246

7 27 0.214259

8 27 0.242426

9 27 0.269637

10 27 0.295783

11 27 0.320762

12 27 0.344475

13 27 0.366829

14 27 0.387734

15 27 0.40711

16 27 0.424879

17 27 0.440971

18 27 0.455323

19 27 0.467878

20 27 0.478587

21 27 0.487406

22 27 0.494303

23 27 0.499248

24 27 0.502223

25 27 0.503216

26 27 0.502223

27 27 0.499248

28 27 0.494303

29 27 0.487406

30 27 0.478587

31 27 0.467878

32 27 0.455323

33 27 0.440971

34 27 0.424879

35 27 0.40711

36 27 0.387734

37 27 0.366829

38 27 0.344475

39 27 0.320762

40 27 0.295783

41 27 0.269637

42 27 0.242426

43 27 0.214259

44 27 0.185246

45 27 0.155502

46 27 0.125145

47 27 0.0942932

48 27 0.0630697

49 27 0.0315972

50 27 0

0 28 0

1 28 0.0312842

2 28 0.0624449

3 28 0.0933592

4 28 0.123905

5 28 0.153962

6 28 0.183411

7 28 0.212137

8 28 0.240025

9 28 0.266966

10 28 0.292853

11 28 0.317585

12 28 0.341063

13 28 0.363195

14 28 0.383894

15 28 0.403078

16 28 0.420671

17 28 0.436603

18 28 0.450813

19 28 0.463244

20 28 0.473846

21 28 0.482578

22 28 0.489406

23 28 0.494303

24 28 0.497248

25 28 0.498231

26 28 0.497248

27 28 0.494303

28 28 0.489406

29 28 0.482578

30 28 0.473846

31 28 0.463244

32 28 0.450813

33 28 0.436603

34 28 0.420671

35 28 0.403078

36 28 0.383894

37 28 0.363195

38 28 0.341063

39 28 0.317585

40 28 0.292853

41 28 0.266966

42 28 0.240025

43 28 0.212137

44 28 0.183411

45 28 0.153962

46 28 0.123905

47 28 0.0933592

48 28 0.0624449

49 28 0.0312842

50 28 0

0 29 0

1 29 0.0308477

2 29 0.0615737

3 29 0.0920567

4 29 0.122176

5 29 0.151814

6 29 0.180852

7 29 0.209177

8 29 0.236676

9 29 0.263241

10 29 0.288767

11 29 0.313154

12 29 0.336305

13 29 0.358128

14 29 0.378538

15 29 0.397454

16 29 0.414802

17 29 0.430512

18 29 0.444524

19 29 0.456781

20 29 0.467235

21 29 0.475846

22 29 0.482578

23 29 0.487406

24 29 0.490311

25 29 0.49128

26 29 0.490311

27 29 0.487406

28 29 0.482578

29 29 0.475846

30 29 0.467235

31 29 0.456781

32 29 0.444524

33 29 0.430512

34 29 0.414802

35 29 0.397454

36 29 0.378538

37 29 0.358128

38 29 0.336305

39 29 0.313154

40 29 0.288767

41 29 0.263241

42 29 0.236676

43 29 0.209177

44 29 0.180852

45 29 0.151814

46 29 0.122176

47 29 0.0920567

48 29 0.0615737

49 29 0.0308477

50 29 0

0 30 0

1 30 0.0302896

2 30 0.0604596

3 30 0.090391

4 30 0.119966

5 30 0.149067

6 30 0.17758

7 30 0.205392

8 30 0.232393

9 30 0.258478

10 30 0.283542

11 30 0.307487

12 30 0.330219

13 30 0.351648

14 30 0.371688

15 30 0.390262

16 30 0.407296

17 30 0.422722

18 30 0.43648

19 30 0.448515

20 30 0.458781

21 30 0.467235

22 30 0.473846

23 30 0.478587

24 30 0.481439

25 30 0.482391

26 30 0.481439

27 30 0.478587

28 30 0.473846

29 30 0.467235

30 30 0.458781

31 30 0.448515

32 30 0.43648

33 30 0.422722

34 30 0.407296

35 30 0.390262

36 30 0.371688

37 30 0.351648

38 30 0.330219

39 30 0.307487

40 30 0.283542

41 30 0.258478

42 30 0.232393

43 30 0.205392

44 30 0.17758

45 30 0.149067

46 30 0.119966

47 30 0.090391

48 30 0.0604596

49 30 0.0302896

50 30 0

0 31 0

1 31 0.0296118

2 31 0.0591068

3 31 0.0883685

4 31 0.117281

5 31 0.145731

6 31 0.173606

7 31 0.200796

8 31 0.227194

9 31 0.252694

10 31 0.277198

11 31 0.300607

12 31 0.32283

13 31 0.343779

14 31 0.363372

15 31 0.38153

16 31 0.398182

17 31 0.413264

18 31 0.426714

19 31 0.43848

20 31 0.448515

21 31 0.456781

22 31 0.463244

23 31 0.467878

24 31 0.470666

25 31 0.471597

26 31 0.470666

27 31 0.467878

28 31 0.463244

29 31 0.456781

30 31 0.448515

31 31 0.43848

32 31 0.426714

33 31 0.413264

34 31 0.398182

35 31 0.38153

36 31 0.363372

37 31 0.343779

38 31 0.32283

39 31 0.300607

40 31 0.277198

41 31 0.252694

42 31 0.227194

43 31 0.200796

44 31 0.173606

45 31 0.145731

46 31 0.117281

47 31 0.0883685

48 31 0.0591068

49 31 0.0296118

50 31 0

0 32 0

1 32 0.0288172

2 32 0.0575207

3 32 0.0859972

4 32 0.114134

5 32 0.141821

6 32 0.168948

7 32 0.195408

8 32 0.221097

9 32 0.245914

10 32 0.269759

11 32 0.292541

12 32 0.314168

13 32 0.334554

14 32 0.353621

15 32 0.371292

16 32 0.387498

17 32 0.402174

18 32 0.415263

19 32 0.426714

20 32 0.43648

21 32 0.444524

22 32 0.450813

23 32 0.455323

24 32 0.458037

25 32 0.458942

26 32 0.458037

27 32 0.455323

28 32 0.450813

29 32 0.444524

30 32 0.43648

31 32 0.426714

32 32 0.415263

33 32 0.402174

34 32 0.387498

35 32 0.371292

36 32 0.353621

37 32 0.334554

38 32 0.314168

39 32 0.292541

40 32 0.269759

41 32 0.245914

42 32 0.221097

43 32 0.195408

44 32 0.168948

45 32 0.141821

46 32 0.114134

47 32 0.0859972

48 32 0.0575207

49 32 0.0288172

50 32 0

0 33 0

1 33 0.0279089

2 33 0.0557076

3 33 0.0832865

4 33 0.110537

5 33 0.137351

6 33 0.163623

7 33 0.189249

8 33 0.214128

9 33 0.238162

10 33 0.261257

11 33 0.28332

12 33 0.304265

13 33 0.324009

14 33 0.342475

15 33 0.359589

16 33 0.375284

17 33 0.389497

18 33 0.402174

19 33 0.413264

20 33 0.422722

21 33 0.430512

22 33 0.436603

23 33 0.440971

24 33 0.443599

25 33 0.444476

26 33 0.443599

27 33 0.440971

28 33 0.436603

29 33 0.430512

30 33 0.422722

31 33 0.413264

32 33 0.402174

33 33 0.389497

34 33 0.375284

35 33 0.359589

36 33 0.342475

37 33 0.324009

38 33 0.304265

39 33 0.28332

40 33 0.261257

41 33 0.238162

42 33 0.214128

43 33 0.189249

44 33 0.163623

45 33 0.137351

46 33 0.110537

47 33 0.0832865

48 33 0.0557076

49 33 0.0279089

50 33 0

0 34 0

1 34 0.0268904

2 34 0.0536747

3 34 0.0802472

4 34 0.106503

5 34 0.132338

6 34 0.157652

7 34 0.182343

8 34 0.206314

9 34 0.229471

10 34 0.251723

11 34 0.272981

12 34 0.293161

13 34 0.312185

14 34 0.329977

15 34 0.346466

16 34 0.361589

17 34 0.375284

18 34 0.387498

19 34 0.398182

20 34 0.407296

21 34 0.414802

22 34 0.420671

23 34 0.424879

24 34 0.427411

25 34 0.428256

26 34 0.427411

27 34 0.424879

28 34 0.420671

29 34 0.414802

30 34 0.407296

31 34 0.398182

32 34 0.387498

33 34 0.375284

34 34 0.361589

35 34 0.346466

36 34 0.329977

37 34 0.312185

38 34 0.293161

39 34 0.272981

40 34 0.251723

41 34 0.229471

42 34 0.206314

43 34 0.182343

44 34 0.157652

45 34 0.132338

46 34 0.106503

47 34 0.0802472

48 34 0.0536747

49 34 0.0268904

50 34 0

0 35 0

1 35 0.0257658

2 35 0.05143

3 35 0.0768911

4 35 0.102049

5 35 0.126804

6 35 0.151058

7 35 0.174717

8 35 0.197686

9 35 0.219874

10 35 0.241195

11 35 0.261564

12 35 0.280901

13 35 0.299129

14 35 0.316177

15 35 0.331977

16 35 0.346466

17 35 0.359589

18 35 0.371292

19 35 0.38153

20 35 0.390262

21 35 0.397454

22 35 0.403078

23 35 0.40711

24 35 0.409536

25 35 0.410346

26 35 0.409536

27 35 0.40711

28 35 0.403078

29 35 0.397454

30 35 0.390262

31 35 0.38153

32 35 0.371292

33 35 0.359589

34 35 0.346466

35 35 0.331977

36 35 0.316177

37 35 0.299129

38 35 0.280901

39 35 0.261564

40 35 0.241195

41 35 0.219874

42 35 0.197686

43 35 0.174717

44 35 0.151058

45 35 0.126804

46 35 0.102049

47 35 0.0768911

48 35 0.05143

49 35 0.0257658

50 35 0

0 36 0

1 36 0.0245396

2 36 0.0489823

3 36 0.0732316

4 36 0.097192

5 36 0.120769

6 36 0.143869

7 36 0.166401

8 36 0.188277

9 36 0.20941

10 36 0.229716

11 36 0.249116

12 36 0.267532

13 36 0.284893

14 36 0.301129

15 36 0.316177

16 36 0.329977

17 36 0.342475

18 36 0.353621

19 36 0.363372

20 36 0.371688

21 36 0.378538

22 36 0.383894

23 36 0.387734

24 36 0.390045

25 36 0.390816

26 36 0.390045

27 36 0.387734

28 36 0.383894

29 36 0.378538

30 36 0.371688

31 36 0.363372

32 36 0.353621

33 36 0.342475

34 36 0.329977

35 36 0.316177

36 36 0.301129

37 36 0.284893

38 36 0.267532

39 36 0.249116

40 36 0.229716

41 36 0.20941

42 36 0.188277

43 36 0.166401

44 36 0.143869

45 36 0.120769

46 36 0.097192

47 36 0.0732316

48 36 0.0489823

49 36 0.0245396

50 36 0

0 37 0

1 37 0.0232164

2 37 0.0463412

3 37 0.0692831

4 37 0.0919516

5 37 0.114257

6 37 0.136112

7 37 0.157429

8 37 0.178126

9 37 0.198119

10 37 0.21733

11 37 0.235684

12 37 0.253107

13 37 0.269532

14 37 0.284893

15 37 0.299129

16 37 0.312185

17 37 0.324009

18 37 0.334554

19 37 0.343779

20 37 0.351648

21 37 0.358128

22 37 0.363195

23 37 0.366829

24 37 0.369015

25 37 0.369744

26 37 0.369015

27 37 0.366829

28 37 0.363195

29 37 0.358128

30 37 0.351648

31 37 0.343779

32 37 0.334554

33 37 0.324009

34 37 0.312185

35 37 0.299129

36 37 0.284893

37 37 0.269532

38 37 0.253107

39 37 0.235684

40 37 0.21733

41 37 0.198119

42 37 0.178126

43 37 0.157429

44 37 0.136112

45 37 0.114257

46 37 0.0919516

47 37 0.0692831

48 37 0.0463412

49 37 0.0232164

50 37 0

0 38 0

1 38 0.0218017

2 38 0.0435173

3 38 0.0650612

4 38 0.0863483

5 38 0.107295

6 38 0.127818

7 38 0.147836

8 38 0.167271

9 38 0.186046

10 38 0.204087

11 38 0.221322

12 38 0.237684

13 38 0.253107

14 38 0.267532

15 38 0.280901

16 38 0.293161

17 38 0.304265

18 38 0.314168

19 38 0.32283

20 38 0.330219

21 38 0.336305

22 38 0.341063

23 38 0.344475

24 38 0.346528

25 38 0.347213

26 38 0.346528

27 38 0.344475

28 38 0.341063

29 38 0.336305

30 38 0.330219

31 38 0.32283

32 38 0.314168

33 38 0.304265

34 38 0.293161

35 38 0.280901

36 38 0.267532

37 38 0.253107

38 38 0.237684

39 38 0.221322

40 38 0.204087

41 38 0.186046

42 38 0.167271

43 38 0.147836

44 38 0.127818

45 38 0.107295

46 38 0.0863483

47 38 0.0650612

48 38 0.0435173

49 38 0.0218017

50 38 0

0 39 0

1 39 0.0203009

2 39 0.0405216

3 39 0.0605825

4 39 0.0804042

5 39 0.0999087

6 39 0.119019

7 39 0.137659

8 39 0.155756

9 39 0.173239

10 39 0.190038

11 39 0.206086

12 39 0.221322

13 39 0.235684

14 39 0.249116

15 39 0.261564

16 39 0.272981

17 39 0.28332

18 39 0.292541

19 39 0.300607

20 39 0.307487

21 39 0.313154

22 39 0.317585

23 39 0.320762

24 39 0.322673

25 39 0.323311

26 39 0.322673

27 39 0.320762

28 39 0.317585

29 39 0.313154

30 39 0.307487

31 39 0.300607

32 39 0.292541

33 39 0.28332

34 39 0.272981

35 39 0.261564

36 39 0.249116

37 39 0.235684

38 39 0.221322

39 39 0.206086

40 39 0.190038

41 39 0.173239

42 39 0.155756

43 39 0.137659

44 39 0.119019

45 39 0.0999087

46 39 0.0804042

47 39 0.0605825

48 39 0.0405216

49 39 0.0203009

50 39 0

0 40 0

1 40 0.01872

2 40 0.0373661

3 40 0.0558647

4 40 0.0741428

5 40 0.0921284

6 40 0.10975

7 40 0.126939

8 40 0.143627

9 40 0.159748

10 40 0.175239

11 40 0.190038

12 40 0.204087

13 40 0.21733

14 40 0.229716

15 40 0.241195

16 40 0.251723

17 40 0.261257

18 40 0.269759

19 40 0.277198

20 40 0.283542

21 40 0.288767

22 40 0.292853

23 40 0.295783

24 40 0.297545

25 40 0.298134

26 40 0.297545

27 40 0.295783

28 40 0.292853

29 40 0.288767

30 40 0.283542

31 40 0.277198

32 40 0.269759

33 40 0.261257

34 40 0.251723

35 40 0.241195

36 40 0.229716

37 40 0.21733

38 40 0.204087

39 40 0.190038

40 40 0.175239

41 40 0.159748

42 40 0.143627

43 40 0.126939

44 40 0.10975

45 40 0.0921284

46 40 0.0741428

47 40 0.0558647

48 40 0.0373661

49 40 0.01872

50 40 0

0 41 0

1 41 0.0170652

2 41 0.034063

3 41 0.0509264

4 41 0.0675888

5 41 0.0839845

6 41 0.100049

7 41 0.115718

8 41 0.130931

9 41 0.145627

10 41 0.159748

11 41 0.173239

12 41 0.186046

13 41 0.198119

14 41 0.20941

15 41 0.219874

16 41 0.229471

17 41 0.238162

18 41 0.245914

19 41 0.252694

20 41 0.258478

21 41 0.263241

22 41 0.266966

23 41 0.269637

24 41 0.271243

25 41 0.27178

26 41 0.271243

27 41 0.269637

28 41 0.266966

29 41 0.263241

30 41 0.258478

31 41 0.252694

32 41 0.245914

33 41 0.238162

34 41 0.229471

35 41 0.219874

36 41 0.20941

37 41 0.198119

38 41 0.186046

39 41 0.173239

40 41 0.159748

41 41 0.145627

42 41 0.130931

43 41 0.115718

44 41 0.100049

45 41 0.0839845

46 41 0.0675888

47 41 0.0509264

48 41 0.034063

49 41 0.0170652

50 41 0

0 42 0

1 42 0.015343

2 42 0.0306255

3 42 0.0457872

4 42 0.0607681

5 42 0.0755092

6 42 0.0899523

7 42 0.10404

8 42 0.117718

9 42 0.130931

10 42 0.143627

11 42 0.155756

12 42 0.167271

13 42 0.178126

14 42 0.188277

15 42 0.197686

16 42 0.206314

17 42 0.214128

18 42 0.221097

19 42 0.227194

20 42 0.232393

21 42 0.236676

22 42 0.240025

23 42 0.242426

24 42 0.243871

25 42 0.244353

26 42 0.243871

27 42 0.242426

28 42 0.240025

29 42 0.236676

30 42 0.232393

31 42 0.227194

32 42 0.221097

33 42 0.214128

34 42 0.206314

35 42 0.197686

36 42 0.188277

37 42 0.178126

38 42 0.167271

39 42 0.155756

40 42 0.143627

41 42 0.130931

42 42 0.117718

43 42 0.10404

44 42 0.0899523

45 42 0.0755092

46 42 0.0607681

47 42 0.0457872

48 42 0.0306255

49 42 0.015343

50 42 0

0 43 0

1 43 0.0135604

2 43 0.0270672

3 43 0.0404672

4 43 0.0537075

5 43 0.0667359

6 43 0.0795008

7 43 0.0919521

8 43 0.10404

9 43 0.115718

10 43 0.126939

11 43 0.137659

12 43 0.147836

13 43 0.157429

14 43 0.166401

15 43 0.174717

16 43 0.182343

17 43 0.189249

18 43 0.195408

19 43 0.200796

20 43 0.205392

21 43 0.209177

22 43 0.212137

23 43 0.214259

24 43 0.215536

25 43 0.215962

26 43 0.215536

27 43 0.214259

28 43 0.212137

29 43 0.209177

30 43 0.205392

31 43 0.200796

32 43 0.195408

33 43 0.189249

34 43 0.182343

35 43 0.174717

36 43 0.166401

37 43 0.157429

38 43 0.147836

39 43 0.137659

40 43 0.126939

41 43 0.115718

42 43 0.10404

43 43 0.0919521

44 43 0.0795008

45 43 0.0667359

46 43 0.0537075

47 43 0.0404672

48 43 0.0270672

49 43 0.0135604

50 43 0

0 44 0

1 44 0.0117241

2 44 0.023402

3 44 0.0349875

4 44 0.046435

5 44 0.0576992

6 44 0.0687356

7 44 0.0795008

8 44 0.0899523

9 44 0.100049

10 44 0.10975

11 44 0.119019

12 44 0.127818

13 44 0.136112

14 44 0.143869

15 44 0.151058

16 44 0.157652

17 44 0.163623

18 44 0.168948

19 44 0.173606

20 44 0.17758

21 44 0.180852

22 44 0.183411

23 44 0.185246

24 44 0.18635

25 44 0.186718

26 44 0.18635

27 44 0.185246

28 44 0.183411

29 44 0.180852

30 44 0.17758

31 44 0.173606

32 44 0.168948

33 44 0.163623

34 44 0.157652

35 44 0.151058

36 44 0.143869

37 44 0.136112

38 44 0.127818

39 44 0.119019

40 44 0.10975

41 44 0.100049

42 44 0.0899523

43 44 0.0795008

44 44 0.0687356

45 44 0.0576992

46 44 0.046435

47 44 0.0349875

48 44 0.023402

49 44 0.0117241

50 44 0

0 45 0

1 45 0.00984167

2 45 0.0196445

3 45 0.0293698

4 45 0.0389792

5 45 0.0484348

6 45 0.0576992

7 45 0.0667359

8 45 0.0755092

9 45 0.0839845

10 45 0.0921284

11 45 0.0999087

12 45 0.107295

13 45 0.114257

14 45 0.120769

15 45 0.126804

16 45 0.132338

17 45 0.137351

18 45 0.141821

19 45 0.145731

20 45 0.149067

21 45 0.151814

22 45 0.153962

23 45 0.155502

24 45 0.156429

25 45 0.156738

26 45 0.156429

27 45 0.155502

28 45 0.153962

29 45 0.151814

30 45 0.149067

31 45 0.145731

32 45 0.141821

33 45 0.137351

34 45 0.132338

35 45 0.126804

36 45 0.120769

37 45 0.114257

38 45 0.107295

39 45 0.0999087

40 45 0.0921284

41 45 0.0839845

42 45 0.0755092

43 45 0.0667359

44 45 0.0576992

45 45 0.0484348

46 45 0.0389792

47 45 0.0293698

48 45 0.0196445

49 45 0.00984167

50 45 0

0 46 0

1 46 0.00792035

2 46 0.0158095

3 46 0.0236362

4 46 0.0313696

5 46 0.0389792

6 46 0.046435

7 46 0.0537075

8 46 0.0607681

9 46 0.0675888

10 46 0.0741428

11 46 0.0804042

12 46 0.0863483

13 46 0.0919516

14 46 0.097192

15 46 0.102049

16 46 0.106503

17 46 0.110537

18 46 0.114134

19 46 0.117281

20 46 0.119966

21 46 0.122176

22 46 0.123905

23 46 0.125145

24 46 0.12589

25 46 0.126139

26 46 0.12589

27 46 0.125145

28 46 0.123905

29 46 0.122176

30 46 0.119966

31 46 0.117281

32 46 0.114134

33 46 0.110537

34 46 0.106503

35 46 0.102049

36 46 0.097192

37 46 0.0919516

38 46 0.0863483

39 46 0.0804042

40 46 0.0741428

41 46 0.0675888

42 46 0.0607681

43 46 0.0537075

44 46 0.046435

45 46 0.0389792

46 46 0.0313696

47 46 0.0236362

48 46 0.0158095

49 46 0.00792035

50 46 0

0 47 0

1 47 0.00596778

2 47 0.011912

3 47 0.0178092

4 47 0.0236362

5 47 0.0293698

6 47 0.0349875

7 47 0.0404672

8 47 0.0457872

9 47 0.0509264

10 47 0.0558647

11 47 0.0605825

12 47 0.0650612

13 47 0.0692831

14 47 0.0732316

15 47 0.0768911

16 47 0.0802472

17 47 0.0832865

18 47 0.0859972

19 47 0.0883685

20 47 0.090391

21 47 0.0920567

22 47 0.0933592

23 47 0.0942932

24 47 0.0948551

25 47 0.0950427

26 47 0.0948551

27 47 0.0942932

28 47 0.0933592

29 47 0.0920567

30 47 0.090391

31 47 0.0883685

32 47 0.0859972

33 47 0.0832865

34 47 0.0802472

35 47 0.0768911

36 47 0.0732316

37 47 0.0692831

38 47 0.0650612

39 47 0.0605825

40 47 0.0558647

41 47 0.0509264

42 47 0.0457872

43 47 0.0404672

44 47 0.0349875

45 47 0.0293698

46 47 0.0236362

47 47 0.0178092

48 47 0.011912

49 47 0.00596778

50 47 0

0 48 0

1 48 0.00399165

2 48 0.00796755

3 48 0.011912

4 48 0.0158095

5 48 0.0196445

6 48 0.023402

7 48 0.0270672

8 48 0.0306255

9 48 0.034063

10 48 0.0373661

11 48 0.0405216

12 48 0.0435173

13 48 0.0463412

14 48 0.0489823

15 48 0.05143

16 48 0.0536747

17 48 0.0557076

18 48 0.0575207

19 48 0.0591068

20 48 0.0604596

21 48 0.0615737

22 48 0.0624449

23 48 0.0630697

24 48 0.0634455

25 48 0.0635709

26 48 0.0634455

27 48 0.0630697

28 48 0.0624449

29 48 0.0615737

30 48 0.0604596

31 48 0.0591068

32 48 0.0575207

33 48 0.0557076

34 48 0.0536747

35 48 0.05143

36 48 0.0489823

37 48 0.0463412

38 48 0.0435173

39 48 0.0405216

40 48 0.0373661

41 48 0.034063

42 48 0.0306255

43 48 0.0270672

44 48 0.023402

45 48 0.0196445

46 48 0.0158095

47 48 0.011912

48 48 0.00796755

49 48 0.00399165

50 48 0

0 49 0

1 49 0.00199977

2 49 0.00399165

3 49 0.00596778

4 49 0.00792035

5 49 0.00984167

6 49 0.0117241

7 49 0.0135604

8 49 0.015343

9 49 0.0170652

10 49 0.01872

11 49 0.0203009

12 49 0.0218017

13 49 0.0232164

14 49 0.0245396

15 49 0.0257658

16 49 0.0268904

17 49 0.0279089

18 49 0.0288172

19 49 0.0296118

20 49 0.0302896

21 49 0.0308477

22 49 0.0312842

23 49 0.0315972

24 49 0.0317855

25 49 0.0318483

26 49 0.0317855

27 49 0.0315972

28 49 0.0312842

29 49 0.0308477

30 49 0.0302896

31 49 0.0296118

32 49 0.0288172

33 49 0.0279089

34 49 0.0268904

35 49 0.0257658

36 49 0.0245396

37 49 0.0232164

38 49 0.0218017

39 49 0.0203009

40 49 0.01872

41 49 0.0170652

42 49 0.015343

43 49 0.0135604

44 49 0.0117241

45 49 0.00984167

46 49 0.00792035

47 49 0.00596778

48 49 0.00399165

49 49 0.00199977

50 49 0

