0 1 0

1 1 0.000399641

2 1 0.000797704

3 1 0.00119262

4 1 0.00158283

5 1 0.00196679

6 1 0.00234299

7 1 0.00270994

8 1 0.0030662

9 1 0.00341036

10 1 0.00374106

11 1 0.00405699

12 1 0.00435691

13 1 0.00463964

14 1 0.00490406

15 1 0.00514912

16 1 0.00537386

17 1 0.0055774

18 1 0.00575892

19 1 0.00591772

20 1 0.00605316

21 1 0.00616471

22 1 0.00625193

23 1 0.00631448

24 1 0.00635211

25 1 0.00636466

26 1 0.00635211

27 1 0.00631448

28 1 0.00625193

29 1 0.00616471

30 1 0.00605316

31 1 0.00591772

32 1 0.00575892

33 1 0.0055774

34 1 0.00537386

35 1 0.00514912

36 1 0.00490406

37 1 0.00463964

38 1 0.00435691

39 1 0.00405699

40 1 0.00374106

41 1 0.00341036

42 1 0.0030662

43 1 0.00270994

44 1 0.00234299

45 1 0.00196679

46 1 0.00158283

47 1 0.00119262

48 1 0.000797704

49 1 0.000399641

50 1 0

0 2 0

1 2 0.000797704

2 2 0.00159226

3 2 0.00238053

4 2 0.00315941

5 2 0.00392582

6 2 0.00467673

7 2 0.00540919

8 2 0.0061203

9 2 0.00680726

10 2 0.00746735

11 2 0.00809797

12 2 0.00869663

13 2 0.00926097

14 2 0.00978876

15 2 0.0102779

16 2 0.0107265

17 2 0.0111328

18 2 0.0114951

19 2 0.0118121

20 2 0.0120824

21 2 0.0123051

22 2 0.0124792

23 2 0.012604

24 2 0.0126791

25 2 0.0127042

26 2 0.0126791

27 2 0.012604

28 2 0.0124792

29 2 0.0123051

30 2 0.0120824

31 2 0.0118121

32 2 0.0114951

33 2 0.0111328

34 2 0.0107265

35 2 0.0102779

36 2 0.00978876

37 2 0.00926097

38 2 0.00869663

39 2 0.00809797

40 2 0.00746735

41 2 0.00680726

42 2 0.0061203

43 2 0.00540919

44 2 0.00467673

45 2 0.00392582

46 2 0.00315941

47 2 0.00238053

48 2 0.00159226

49 2 0.000797704

50 2 0

0 3 0

1 3 0.00119262

2 3 0.00238053

3 3 0.00355905

4 3 0.00472352

5 3 0.00586935

6 3 0.00699202

7 3 0.00808709

8 3 0.00915025

9 3 0.0101773

10 3 0.0111642

11 3 0.012107

12 3 0.013002

13 3 0.0138458

14 3 0.0146348

15 3 0.0153662

16 3 0.0160368

17 3 0.0166442

18 3 0.0171859

19 3 0.0176598

20 3 0.018064

21 3 0.0183969

22 3 0.0186572

23 3 0.0188438

24 3 0.0189561

25 3 0.0189936

26 3 0.0189561

27 3 0.0188438

28 3 0.0186572

29 3 0.0183969

30 3 0.018064

31 3 0.0176598

32 3 0.0171859

33 3 0.0166442

34 3 0.0160368

35 3 0.0153662

36 3 0.0146348

37 3 0.0138458

38 3 0.013002

39 3 0.012107

40 3 0.0111642

41 3 0.0101773

42 3 0.00915025

43 3 0.00808709

44 3 0.00699202

45 3 0.00586935

46 3 0.00472352

47 3 0.00355905

48 3 0.00238053

49 3 0.00119262

50 3 0

0 4 0

1 4 0.00158283

2 4 0.00315941

3 4 0.00472352

4 4 0.00626899

5 4 0.00778972

6 4 0.00927971

7 4 0.0107331

8 4 0.0121441

9 4 0.0135072

10 4 0.0148169

11 4 0.0160682

12 4 0.0172561

13 4 0.0183759

14 4 0.0194232

15 4 0.0203938

16 4 0.0212839

17 4 0.02209

18 4 0.0228089

19 4 0.0234379

20 4 0.0239743

21 4 0.0244161

22 4 0.0247616

23 4 0.0250093

24 4 0.0251583

25 4 0.0252081

26 4 0.0251583

27 4 0.0250093

28 4 0.0247616

29 4 0.0244161

30 4 0.0239743

31 4 0.0234379

32 4 0.0228089

33 4 0.02209

34 4 0.0212839

35 4 0.0203938

36 4 0.0194232

37 4 0.0183759

38 4 0.0172561

39 4 0.0160682

40 4 0.0148169

41 4 0.0135072

42 4 0.0121441

43 4 0.0107331

44 4 0.00927971

45 4 0.00778972

46 4 0.00626899

47 4 0.00472352

48 4 0.00315941

49 4 0.00158283

50 4 0

0 5 0

1 5 0.00196679

2 5 0.00392582

3 5 0.00586935

4 5 0.00778972

5 5 0.00967935

6 5 0.0115308

7 5 0.0133367

8 5 0.01509

9 5 0.0167837

10 5 0.0184112

11 5 0.0199661

12 5 0.0214421

13 5 0.0228335

14 5 0.0241348

15 5 0.0253409

16 5 0.0264469

17 5 0.0274486

18 5 0.0283419

19 5 0.0291234

20 5 0.02979

21 5 0.030339

22 5 0.0307682

23 5 0.031076

24 5 0.0312612

25 5 0.031323

26 5 0.0312612

27 5 0.031076

28 5 0.0307682

29 5 0.030339

30 5 0.02979

31 5 0.0291234

32 5 0.0283419

33 5 0.0274486

34 5 0.0264469

35 5 0.0253409

36 5 0.0241348

37 5 0.0228335

38 5 0.0214421

39 5 0.0199661

40 5 0.0184112

41 5 0.0167837

42 5 0.01509

43 5 0.0133367

44 5 0.0115308

45 5 0.00967935

46 5 0.00778972

47 5 0.00586935

48 5 0.00392582

49 5 0.00196679

50 5 0

0 6 0

1 6 0.00234299

2 6 0.00467673

3 6 0.00699202

4 6 0.00927971

5 6 0.0115308

6 6 0.0137363

7 6 0.0158877

8 6 0.0179763

9 6 0.019994

10 6 0.0219328

11 6 0.0237851

12 6 0.0255435

13 6 0.027201

14 6 0.0287512

15 6 0.030188

16 6 0.0315056

17 6 0.0326988

18 6 0.0337631

19 6 0.034694

20 6 0.0354881

21 6 0.0361421

22 6 0.0366534

23 6 0.0370201

24 6 0.0372407

25 6 0.0373144

26 6 0.0372407

27 6 0.0370201

28 6 0.0366534

29 6 0.0361421

30 6 0.0354881

31 6 0.034694

32 6 0.0337631

33 6 0.0326988

34 6 0.0315056

35 6 0.030188

36 6 0.0287512

37 6 0.027201

38 6 0.0255435

39 6 0.0237851

40 6 0.0219328

41 6 0.019994

42 6 0.0179763

43 6 0.0158877

44 6 0.0137363

45 6 0.0115308

46 6 0.00927971

47 6 0.00699202

48 6 0.00467673

49 6 0.00234299

50 6 0

0 7 0

1 7 0.00270994

2 7 0.00540919

3 7 0.00808709

4 7 0.0107331

5 7 0.0133367

6 7 0.0158877

7 7 0.018376

8 7 0.0207917

9 7 0.0231255

10 7 0.0253679

11 7 0.0275102

12 7 0.029544

13 7 0.0314612

14 7 0.0332542

15 7 0.0349159

16 7 0.0364399

17 7 0.0378201

18 7 0.0390509

19 7 0.0401277

20 7 0.0410461

21 7 0.0418026

22 7 0.042394

23 7 0.0428181

24 7 0.0430733

25 7 0.0431585

26 7 0.0430733

27 7 0.0428181

28 7 0.042394

29 7 0.0418026

30 7 0.0410461

31 7 0.0401277

32 7 0.0390509

33 7 0.0378201

34 7 0.0364399

35 7 0.0349159

36 7 0.0332542

37 7 0.0314612

38 7 0.029544

39 7 0.0275102

40 7 0.0253679

41 7 0.0231255

42 7 0.0207917

43 7 0.018376

44 7 0.0158877

45 7 0.0133367

46 7 0.0107331

47 7 0.00808709

48 7 0.00540919

49 7 0.00270994

50 7 0

0 8 0

1 8 0.0030662

2 8 0.0061203

3 8 0.00915025

4 8 0.0121441

5 8 0.01509

6 8 0.0179763

7 8 0.0207917

8 8 0.0235251

9 8 0.0261656

10 8 0.0287029

11 8 0.0311268

12 8 0.033428

13 8 0.0355972

14 8 0.0376259

15 8 0.0395061

16 8 0.0412304

17 8 0.042792

18 8 0.0441847

19 8 0.0454031

20 8 0.0464422

21 8 0.0472981

22 8 0.0479673

23 8 0.0484472

24 8 0.0487359

25 8 0.0488322

26 8 0.0487359

27 8 0.0484472

28 8 0.0479673

29 8 0.0472981

30 8 0.0464422

31 8 0.0454031

32 8 0.0441847

33 8 0.042792

34 8 0.0412304

35 8 0.0395061

36 8 0.0376259

37 8 0.0355972

38 8 0.033428

39 8 0.0311268

40 8 0.0287029

41 8 0.0261656

42 8 0.0235251

43 8 0.0207917

44 8 0.0179763

45 8 0.01509

46 8 0.0121441

47 8 0.00915025

48 8 0.0061203

49 8 0.0030662

50 8 0

0 9 0

1 9 0.00341036

2 9 0.00680726

3 9 0.0101773

4 9 0.0135072

5 9 0.0167837

6 9 0.019994

7 9 0.0231255

8 9 0.0261656

9 9 0.0291025

10 9 0.0319245

11 9 0.0346206

12 9 0.03718

13 9 0.0395927

14 9 0.0418491

15 9 0.0439404

16 9 0.0458582

17 9 0.0475951

18 9 0.0491441

19 9 0.0504992

20 9 0.051655

21 9 0.0526069

22 9 0.0533512

23 9 0.053885

24 9 0.0542061

25 9 0.0543133

26 9 0.0542061

27 9 0.053885

28 9 0.0533512

29 9 0.0526069

30 9 0.051655

31 9 0.0504992

32 9 0.0491441

33 9 0.0475951

34 9 0.0458582

35 9 0.0439404

36 9 0.0418491

37 9 0.0395927

38 9 0.03718

39 9 0.0346206

40 9 0.0319245

41 9 0.0291025

42 9 0.0261656

43 9 0.0231255

44 9 0.019994

45 9 0.0167837

46 9 0.0135072

47 9 0.0101773

48 9 0.00680726

49 9 0.00341036

50 9 0

0 10 0

1 10 0.00374106

2 10 0.00746735

3 10 0.0111642

4 10 0.0148169

5 10 0.0184112

6 10 0.0219328

7 10 0.0253679

8 10 0.0287029

9 10 0.0319245

10 10 0.0350202

11 10 0.0379777

12 10 0.0407853

13 10 0.0434319

14 10 0.0459071

15 10 0.0482012

16 10 0.050305

17 10 0.0522103

18 10 0.0539096

19 10 0.055396

20 10 0.0566639

21 10 0.0577081

22 10 0.0585246

23 10 0.0591101

24 10 0.0594624

25 10 0.0595799

26 10 0.0594624

27 10 0.0591101

28 10 0.0585246

29 10 0.0577081

30 10 0.0566639

31 10 0.055396

32 10 0.0539096

33 10 0.0522103

34 10 0.050305

35 10 0.0482012

36 10 0.0459071

37 10 0.0434319

38 10 0.0407853

39 10 0.0379777

40 10 0.0350202

41 10 0.0319245

42 10 0.0287029

43 10 0.0253679

44 10 0.0219328

45 10 0.0184112

46 10 0.0148169

47 10 0.0111642

48 10 0.00746735

49 10 0.00374106

50 10 0

0 11 0

1 11 0.00405699

2 11 0.00809797

3 11 0.012107

4 11 0.0160682

5 11 0.0199661

6 11 0.0237851

7 11 0.0275102

8 11 0.0311268

9 11 0.0346206

10 11 0.0379777

11 11 0.0411849

12 11 0.0442296

13 11 0.0470998

14 11 0.049784

15 11 0.0522718

16 11 0.0545533

17 11 0.0566195

18 11 0.0584622

19 11 0.0600743

20 11 0.0614492

21 11 0.0625816

22 11 0.0634671

23 11 0.064102

24 11 0.064484

25 11 0.0646115

26 11 0.064484

27 11 0.064102

28 11 0.0634671

29 11 0.0625816

30 11 0.0614492

31 11 0.0600743

32 11 0.0584622

33 11 0.0566195

34 11 0.0545533

35 11 0.0522718

36 11 0.049784

37 11 0.0470998

38 11 0.0442296

39 11 0.0411849

40 11 0.0379777

41 11 0.0346206

42 11 0.0311268

43 11 0.0275102

44 11 0.0237851

45 11 0.0199661

46 11 0.0160682

47 11 0.012107

48 11 0.00809797

49 11 0.00405699

50 11 0

0 12 0

1 12 0.00435691

2 12 0.00869663

3 12 0.013002

4 12 0.0172561

5 12 0.0214421

6 12 0.0255435

7 12 0.029544

8 12 0.033428

9 12 0.03718

10 12 0.0407853

11 12 0.0442296

12 12 0.0474994

13 12 0.0505817

14 12 0.0534644

15 12 0.0561361

16 12 0.0585863

17 12 0.0608052

18 12 0.0627842

19 12 0.0645154

20 12 0.065992

21 12 0.0672081

22 12 0.068159

23 12 0.0688409

24 12 0.0692511

25 12 0.0693881

26 12 0.0692511

27 12 0.0688409

28 12 0.068159

29 12 0.0672081

30 12 0.065992

31 12 0.0645154

32 12 0.0627842

33 12 0.0608052

34 12 0.0585863

35 12 0.0561361

36 12 0.0534644

37 12 0.0505817

38 12 0.0474994

39 12 0.0442296

40 12 0.0407853

41 12 0.03718

42 12 0.033428

43 12 0.029544

44 12 0.0255435

45 12 0.0214421

46 12 0.0172561

47 12 0.013002

48 12 0.00869663

49 12 0.00435691

50 12 0

0 13 0

1 13 0.00463964

2 13 0.00926097

3 13 0.0138458

4 13 0.0183759

5 13 0.0228335

6 13 0.027201

7 13 0.0314612

8 13 0.0355972

9 13 0.0395927

10 13 0.0434319

11 13 0.0470998

12 13 0.0505817

13 13 0.0538641

14 13 0.0569338

15 13 0.0597789

16 13 0.0623881

17 13 0.064751

18 13 0.0668584

19 13 0.0687019

20 13 0.0702743

21 13 0.0715694

22 13 0.072582

23 13 0.0733081

24 13 0.073745

25 13 0.0738908

26 13 0.073745

27 13 0.0733081

28 13 0.072582

29 13 0.0715694

30 13 0.0702743

31 13 0.0687019

32 13 0.0668584

33 13 0.064751

34 13 0.0623881

35 13 0.0597789

36 13 0.0569338

37 13 0.0538641

38 13 0.0505817

39 13 0.0470998

40 13 0.0434319

41 13 0.0395927

42 13 0.0355972

43 13 0.0314612

44 13 0.027201

45 13 0.0228335

46 13 0.0183759

47 13 0.0138458

48 13 0.00926097

49 13 0.00463964

50 13 0

0 14 0

1 14 0.00490406

2 14 0.00978876

3 14 0.0146348

4 14 0.0194232

5 14 0.0241348

6 14 0.0287512

7 14 0.0332542

8 14 0.0376259

9 14 0.0418491

10 14 0.0459071

11 14 0.049784

12 14 0.0534644

13 14 0.0569338

14 14 0.0601785

15 14 0.0631858

16 14 0.0659436

17 14 0.0684412

18 14 0.0706687

19 14 0.0726173

20 14 0.0742793

21 14 0.0756482

22 14 0.0767185

23 14 0.077486

24 14 0.0779478

25 14 0.0781019

26 14 0.0779478

27 14 0.077486

28 14 0.0767185

29 14 0.0756482

30 14 0.0742793

31 14 0.0726173

32 14 0.0706687

33 14 0.0684412

34 14 0.0659436

35 14 0.0631858

36 14 0.0601785

37 14 0.0569338

38 14 0.0534644

39 14 0.049784

40 14 0.0459071

41 14 0.0418491

42 14 0.0376259

43 14 0.0332542

44 14 0.0287512

45 14 0.0241348

46 14 0.0194232

47 14 0.0146348

48 14 0.00978876

49 14 0.00490406

50 14 0

0 15 0

1 15 0.00514912

2 15 0.0102779

3 15 0.0153662

4 15 0.0203938

5 15 0.0253409

6 15 0.030188

7 15 0.0349159

8 15 0.0395061

9 15 0.0439404

10 15 0.0482012

11 15 0.0522718

12 15 0.0561361

13 15 0.0597789

14 15 0.0631858

15 15 0.0663432

16 15 0.0692389

17 15 0.0718613

18 15 0.0742001

19 15 0.0762461

20 15 0.0779912

21 15 0.0794284

22 15 0.0805522

23 15 0.0813581

24 15 0.0818429

25 15 0.0820048

26 15 0.0818429

27 15 0.0813581

28 15 0.0805522

29 15 0.0794284

30 15 0.0779912

31 15 0.0762461

32 15 0.0742001

33 15 0.0718613

34 15 0.0692389

35 15 0.0663432

36 15 0.0631858

37 15 0.0597789

38 15 0.0561361

39 15 0.0522718

40 15 0.0482012

41 15 0.0439404

42 15 0.0395061

43 15 0.0349159

44 15 0.030188

45 15 0.0253409

46 15 0.0203938

47 15 0.0153662

48 15 0.0102779

49 15 0.00514912

50 15 0

0 16 0

1 16 0.00537386

2 16 0.0107265

3 16 0.0160368

4 16 0.0212839

5 16 0.0264469

6 16 0.0315056

7 16 0.0364399

8 16 0.0412304

9 16 0.0458582

10 16 0.050305

11 16 0.0545533

12 16 0.0585863

13 16 0.0623881

14 16 0.0659436

15 16 0.0692389

16 16 0.072261

17 16 0.0749978

18 16 0.0774387

19 16 0.079574

20 16 0.0813952

21 16 0.0828952

22 16 0.0840681

23 16 0.0849091

24 16 0.0854151

25 16 0.085584

26 16 0.0854151

27 16 0.0849091

28 16 0.0840681

29 16 0.0828952

30 16 0.0813952

31 16 0.079574

32 16 0.0774387

33 16 0.0749978

34 16 0.072261

35 16 0.0692389

36 16 0.0659436

37 16 0.0623881

38 16 0.0585863

39 16 0.0545533

40 16 0.050305

41 16 0.0458582

42 16 0.0412304

43 16 0.0364399

44 16 0.0315056

45 16 0.0264469

46 16 0.0212839

47 16 0.0160368

48 16 0.0107265

49 16 0.00537386

50 16 0

0 17 0

1 17 0.0055774

2 17 0.0111328

3 17 0.0166442

4 17 0.02209

5 17 0.0274486

6 17 0.0326988

7 17 0.0378201

8 17 0.042792

9 17 0.0475951

10 17 0.0522103

11 17 0.0566195

12 17 0.0608052

13 17 0.064751

14 17 0.0684412

15 17 0.0718613

16 17 0.0749978

17 17 0.0778384

18 17 0.0803717

19 17 0.0825878

20 17 0.0844781

21 17 0.0860349

22 17 0.0872521

23 17 0.0881251

24 17 0.0886502

25 17 0.0888255

26 17 0.0886502

27 17 0.0881251

28 17 0.0872521

29 17 0.0860349

30 17 0.0844781

31 17 0.0825878

32 17 0.0803717

33 17 0.0778384

34 17 0.0749978

35 17 0.0718613

36 17 0.0684412

37 17 0.064751

38 17 0.0608052

39 17 0.0566195

40 17 0.0522103

41 17 0.0475951

42 17 0.042792

43 17 0.0378201

44 17 0.0326988

45 17 0.0274486

46 17 0.02209

47 17 0.0166442

48 17 0.0111328

49 17 0.0055774

50 17 0

0 18 0

1 18 0.00575892

2 18 0.0114951

3 18 0.0171859

4 18 0.0228089

5 18 0.0283419

6 18 0.0337631

7 18 0.0390509

8 18 0.0441847

9 18 0.0491441

10 18 0.0539096

11 18 0.0584622

12 18 0.0627842

13 18 0.0668584

14 18 0.0706687

15 18 0.0742001

16 18 0.0774387

17 18 0.0803717

18 18 0.0829875

19 18 0.0852758

20 18 0.0872275

21 18 0.088835

22 18 0.0900919

23 18 0.0909932

24 18 0.0915354

25 18 0.0917164

26 18 0.0915354

27 18 0.0909932

28 18 0.0900919

29 18 0.088835

30 18 0.0872275

31 18 0.0852758

32 18 0.0829875

33 18 0.0803717

34 18 0.0774387

35 18 0.0742001

36 18 0.0706687

37 18 0.0668584

38 18 0.0627842

39 18 0.0584622

40 18 0.0539096

41 18 0.0491441

42 18 0.0441847

43 18 0.0390509

44 18 0.0337631

45 18 0.0283419

46 18 0.0228089

47 18 0.0171859

48 18 0.0114951

49 18 0.00575892

50 18 0

0 19 0

1 19 0.00591772

2 19 0.0118121

3 19 0.0176598

4 19 0.0234379

5 19 0.0291234

6 19 0.034694

7 19 0.0401277

8 19 0.0454031

9 19 0.0504992

10 19 0.055396

11 19 0.0600743

12 19 0.0645154

13 19 0.0687019

14 19 0.0726173

15 19 0.0762461

16 19 0.079574

17 19 0.0825878

18 19 0.0852758

19 19 0.0876271

20 19 0.0896327

21 19 0.0912845

22 19 0.092576

23 19 0.0935022

24 19 0.0940594

25 19 0.0942454

26 19 0.0940594

27 19 0.0935022

28 19 0.092576

29 19 0.0912845

30 19 0.0896327

31 19 0.0876271

32 19 0.0852758

33 19 0.0825878

34 19 0.079574

35 19 0.0762461

36 19 0.0726173

37 19 0.0687019

38 19 0.0645154

39 19 0.0600743

40 19 0.055396

41 19 0.0504992

42 19 0.0454031

43 19 0.0401277

44 19 0.034694

45 19 0.0291234

46 19 0.0234379

47 19 0.0176598

48 19 0.0118121

49 19 0.00591772

50 19 0

0 20 0

1 20 0.00605316

2 20 0.0120824

3 20 0.018064

4 20 0.0239743

5 20 0.02979

6 20 0.0354881

7 20 0.0410461

8 20 0.0464422

9 20 0.051655

10 20 0.0566639

11 20 0.0614492

12 20 0.065992

13 20 0.0702743

14 20 0.0742793

15 20 0.0779912

16 20 0.0813952

17 20 0.0844781

18 20 0.0872275

19 20 0.0896327

20 20 0.0916841

21 20 0.0933737

22 20 0.0946948

23 20 0.0956422

24 20 0.0962122

25 20 0.0964024

26 20 0.0962122

27 20 0.0956422

28 20 0.0946948

29 20 0.0933737

30 20 0.0916841

31 20 0.0896327

32 20 0.0872275

33 20 0.0844781

34 20 0.0813952

35 20 0.0779912

36 20 0.0742793

37 20 0.0702743

38 20 0.065992

39 20 0.0614492

40 20 0.0566639

41 20 0.051655

42 20 0.0464422

43 20 0.0410461

44 20 0.0354881

45 20 0.02979

46 20 0.0239743

47 20 0.018064

48 20 0.0120824

49 20 0.00605316

50 20 0

0 21 0

1 21 0.00616471

2 21 0.0123051

3 21 0.0183969

4 21 0.0244161

5 21 0.030339

6 21 0.0361421

7 21 0.0418026

8 21 0.0472981

9 21 0.0526069

10 21 0.0577081

11 21 0.0625816

12 21 0.0672081

13 21 0.0715694

14 21 0.0756482

15 21 0.0794284

16 21 0.0828952

17 21 0.0860349

18 21 0.088835

19 21 0.0912845

20 21 0.0933737

21 21 0.0950945

22 21 0.0964399

23 21 0.0974048

24 21 0.0979852

25 21 0.0981789

26 21 0.0979852

27 21 0.0974048

28 21 0.0964399

29 21 0.0950945

30 21 0.0933737

31 21 0.0912845

32 21 0.088835

33 21 0.0860349

34 21 0.0828952

35 21 0.0794284

36 21 0.0756482

37 21 0.0715694

38 21 0.0672081

39 21 0.0625816

40 21 0.0577081

41 21 0.0526069

42 21 0.0472981

43 21 0.0418026

44 21 0.0361421

45 21 0.030339

46 21 0.0244161

47 21 0.0183969

48 21 0.0123051

49 21 0.00616471

50 21 0

0 22 0

1 22 0.00625193

2 22 0.0124792

3 22 0.0186572

4 22 0.0247616

5 22 0.0307682

6 22 0.0366534

7 22 0.042394

8 22 0.0479673

9 22 0.0533512

10 22 0.0585246

11 22 0.0634671

12 22 0.068159

13 22 0.072582

14 22 0.0767185

15 22 0.0805522

16 22 0.0840681

17 22 0.0872521

18 22 0.0900919

19 22 0.092576

20 22 0.0946948

21 22 0.0964399

22 22 0.0978044

23 22 0.0987829

24 22 0.0993716

25 22 0.099568

26 22 0.0993716

27 22 0.0987829

28 22 0.0978044

29 22 0.0964399

30 22 0.0946948

31 22 0.092576

32 22 0.0900919

33 22 0.0872521

34 22 0.0840681

35 22 0.0805522

36 22 0.0767185

37 22 0.072582

38 22 0.068159

39 22 0.0634671

40 22 0.0585246

41 22 0.0533512

42 22 0.0479673

43 22 0.042394

44 22 0.0366534

45 22 0.0307682

46 22 0.0247616

47 22 0.0186572

48 22 0.0124792

49 22 0.00625193

50 22 0

0 23 0

1 23 0.00631448

2 23 0.012604

3 23 0.0188438

4 23 0.0250093

5 23 0.031076

6 23 0.0370201

7 23 0.0428181

8 23 0.0484472

9 23 0.053885

10 23 0.0591101

11 23 0.064102

12 23 0.0688409

13 23 0.0733081

14 23 0.077486

15 23 0.0813581

16 23 0.0849091

17 23 0.0881251

18 23 0.0909932

19 23 0.0935022

20 23 0.0956422

21 23 0.0974048

22 23 0.0987829

23 23 0.0997712

24 23 0.100366

25 23 0.100564

26 23 0.100366

27 23 0.0997712

28 23 0.0987829

29 23 0.0974048

30 23 0.0956422

31 23 0.0935022

32 23 0.0909932

33 23 0.0881251

34 23 0.0849091

35 23 0.0813581

36 23 0.077486

37 23 0.0733081

38 23 0.0688409

39 23 0.064102

40 23 0.0591101

41 23 0.053885

42 23 0.0484472

43 23 0.0428181

44 23 0.0370201

45 23 0.031076

46 23 0.0250093

47 23 0.0188438

48 23 0.012604

49 23 0.00631448

50 23 0

0 24 0

1 24 0.00635211

2 24 0.0126791

3 24 0.0189561

4 24 0.0251583

5 24 0.0312612

6 24 0.0372407

7 24 0.0430733

8 24 0.0487359

9 24 0.0542061

10 24 0.0594624

11 24 0.064484

12 24 0.0692511

13 24 0.073745

14 24 0.0779478

15 24 0.0818429

16 24 0.0854151

17 24 0.0886502

18 24 0.0915354

19 24 0.0940594

20 24 0.0962122

21 24 0.0979852

22 24 0.0993716

23 24 0.100366

24 24 0.100964

25 24 0.101163

26 24 0.100964

27 24 0.100366

28 24 0.0993716

29 24 0.0979852

30 24 0.0962122

31 24 0.0940594

32 24 0.0915354

33 24 0.0886502

34 24 0.0854151

35 24 0.0818429

36 24 0.0779478

37 24 0.073745

38 24 0.0692511

39 24 0.064484

40 24 0.0594624

41 24 0.0542061

42 24 0.0487359

43 24 0.0430733

44 24 0.0372407

45 24 0.0312612

46 24 0.0251583

47 24 0.0189561

48 24 0.0126791

49 24 0.00635211

50 24 0

0 25 0

1 25 0.00636466

2 25 0.0127042

3 25 0.0189936

4 25 0.0252081

5 25 0.031323

6 25 0.0373144

7 25 0.0431585

8 25 0.0488322

9 25 0.0543133

10 25 0.0595799

11 25 0.0646115

12 25 0.0693881

13 25 0.0738908

14 25 0.0781019

15 25 0.0820048

16 25 0.085584

17 25 0.0888255

18 25 0.0917164

19 25 0.0942454

20 25 0.0964024

21 25 0.0981789

22 25 0.099568

23 25 0.100564

24 25 0.101163

25 25 0.101363

26 25 0.101163

27 25 0.100564

28 25 0.099568

29 25 0.0981789

30 25 0.0964024

31 25 0.0942454

32 25 0.0917164

33 25 0.0888255

34 25 0.085584

35 25 0.0820048

36 25 0.0781019

37 25 0.0738908

38 25 0.0693881

39 25 0.0646115

40 25 0.0595799

41 25 0.0543133

42 25 0.0488322

43 25 0.0431585

44 25 0.0373144

45 25 0.031323

46 25 0.0252081

47 25 0.0189936

48 25 0.0127042

49 25 0.00636466

50 25 0

0 26 0

1 26 0.00635211

2 26 0.0126791

3 26 0.0189561

4 26 0.0251583

5 26 0.0312612

6 26 0.0372407

7 26 0.0430733

8 26 0.0487359

9 26 0.0542061

10 26 0.0594624

11 26 0.064484

12 26 0.0692511

13 26 0.073745

14 26 0.0779478

15 26 0.0818429

16 26 0.0854151

17 26 0.0886502

18 26 0.0915354

19 26 0.0940594

20 26 0.0962122

21 26 0.0979852

22 26 0.0993716

23 26 0.100366

24 26 0.100964

25 26 0.101163

26 26 0.100964

27 26 0.100366

28 26 0.0993716

29 26 0.0979852

30 26 0.0962122

31 26 0.0940594

32 26 0.0915354

33 26 0.0886502

34 26 0.0854151

35 26 0.0818429

36 26 0.0779478

37 26 0.073745

38 26 0.0692511

39 26 0.064484

40 26 0.0594624

41 26 0.0542061

42 26 0.0487359

43 26 0.0430733

44 26 0.0372407

45 26 0.0312612

46 26 0.0251583

47 26 0.0189561

48 26 0.0126791

49 26 0.00635211

50 26 0

0 27 0

1 27 0.00631448

2 27 0.012604

3 27 0.0188438

4 27 0.0250093

5 27 0.031076

6 27 0.0370201

7 27 0.0428181

8 27 0.0484472

9 27 0.053885

10 27 0.0591101

11 27 0.064102

12 27 0.0688409

13 27 0.0733081

14 27 0.077486

15 27 0.0813581

16 27 0.0849091

17 27 0.0881251

18 27 0.0909932

19 27 0.0935022

20 27 0.0956422

21 27 0.0974048

22 27 0.0987829

23 27 0.0997712

24 27 0.100366

25 27 0.100564

26 27 0.100366

27 27 0.0997712

28 27 0.0987829

29 27 0.0974048

30 27 0.0956422

31 27 0.0935022

32 27 0.0909932

33 27 0.0881251

34 27 0.0849091

35 27 0.0813581

36 27 0.077486

37 27 0.0733081

38 27 0.0688409

39 27 0.064102

40 27 0.0591101

41 27 0.053885

42 27 0.0484472

43 27 0.0428181

44 27 0.0370201

45 27 0.031076

46 27 0.0250093

47 27 0.0188438

48 27 0.012604

49 27 0.00631448

50 27 0

0 28 0

1 28 0.00625193

2 28 0.0124792

3 28 0.0186572

4 28 0.0247616

5 28 0.0307682

6 28 0.0366534

7 28 0.042394

8 28 0.0479673

9 28 0.0533512

10 28 0.0585246

11 28 0.0634671

12 28 0.068159

13 28 0.072582

14 28 0.0767185

15 28 0.0805522

16 28 0.0840681

17 28 0.0872521

18 28 0.0900919

19 28 0.092576

20 28 0.0946948

21 28 0.0964399

22 28 0.0978044

23 28 0.0987829

24 28 0.0993716

25 28 0.099568

26 28 0.0993716

27 28 0.0987829

28 28 0.0978044

29 28 0.0964399

30 28 0.0946948

31 28 0.092576

32 28 0.0900919

33 28 0.0872521

34 28 0.0840681

35 28 0.0805522

36 28 0.0767185

37 28 0.072582

38 28 0.068159

39 28 0.0634671

40 28 0.0585246

41 28 0.0533512

42 28 0.0479673

43 28 0.042394

44 28 0.0366534

45 28 0.0307682

46 28 0.0247616

47 28 0.0186572

48 28 0.0124792

49 28 0.00625193

50 28 0

0 29 0

1 29 0.00616471

2 29 0.0123051

3 29 0.0183969

4 29 0.0244161

5 29 0.030339

6 29 0.0361421

7 29 0.0418026

8 29 0.0472981

9 29 0.0526069

10 29 0.0577081

11 29 0.0625816

12 29 0.0672081

13 29 0.0715694

14 29 0.0756482

15 29 0.0794284

16 29 0.0828952

17 29 0.0860349

18 29 0.088835

19 29 0.0912845

20 29 0.0933737

21 29 0.0950945

22 29 0.0964399

23 29 0.0974048

24 29 0.0979852

25 29 0.0981789

26 29 0.0979852

27 29 0.0974048

28 29 0.0964399

29 29 0.0950945

30 29 0.0933737

31 29 0.0912845

32 29 0.088835

33 29 0.0860349

34 29 0.0828952

35 29 0.0794284

36 29 0.0756482

37 29 0.0715694

38 29 0.0672081

39 29 0.0625816

40 29 0.0577081

41 29 0.0526069

42 29 0.0472981

43 29 0.0418026

44 29 0.0361421

45 29 0.030339

46 29 0.0244161

47 29 0.0183969

48 29 0.0123051

49 29 0.00616471

50 29 0

0 30 0

1 30 0.00605316

2 30 0.0120824

3 30 0.018064

4 30 0.0239743

5 30 0.02979

6 30 0.0354881

7 30 0.0410461

8 30 0.0464422

9 30 0.051655

10 30 0.0566639

11 30 0.0614492

12 30 0.065992

13 30 0.0702743

14 30 0.0742793

15 30 0.0779912

16 30 0.0813952

17 30 0.0844781

18 30 0.0872275

19 30 0.0896327

20 30 0.0916841

21 30 0.0933737

22 30 0.0946948

23 30 0.0956422

24 30 0.0962122

25 30 0.0964024

26 30 0.0962122

27 30 0.0956422

28 30 0.0946948

29 30 0.0933737

30 30 0.0916841

31 30 0.0896327

32 30 0.0872275

33 30 0.0844781

34 30 0.0813952

35 30 0.0779912

36 30 0.0742793

37 30 0.0702743

38 30 0.065992

39 30 0.0614492

40 30 0.0566639

41 30 0.051655

42 30 0.0464422

43 30 0.0410461

44 30 0.0354881

45 30 0.02979

46 30 0.0239743

47 30 0.018064

48 30 0.0120824

49 30 0.00605316

50 30 0

0 31 0

1 31 0.00591772

2 31 0.0118121

3 31 0.0176598

4 31 0.0234379

5 31 0.0291234

6 31 0.034694

7 31 0.0401277

8 31 0.0454031

9 31 0.0504992

10 31 0.055396

11 31 0.0600743

12 31 0.0645154

13 31 0.0687019

14 31 0.0726173

15 31 0.0762461

16 31 0.079574

17 31 0.0825878

18 31 0.0852758

19 31 0.0876271

20 31 0.0896327

21 31 0.0912845

22 31 0.092576

23 31 0.0935022

24 31 0.0940594

25 31 0.0942454

26 31 0.0940594

27 31 0.0935022

28 31 0.092576

29 31 0.0912845

30 31 0.0896327

31 31 0.0876271

32 31 0.0852758

33 31 0.0825878

34 31 0.079574

35 31 0.0762461

36 31 0.0726173

37 31 0.0687019

38 31 0.0645154

39 31 0.0600743

40 31 0.055396

41 31 0.0504992

42 31 0.0454031

43 31 0.0401277

44 31 0.034694

45 31 0.0291234

46 31 0.0234379

47 31 0.0176598

48 31 0.0118121

49 31 0.00591772

50 31 0

0 32 0

1 32 0.00575892

2 32 0.0114951

3 32 0.0171859

4 32 0.0228089

5 32 0.0283419

6 32 0.0337631

7 32 0.0390509

8 32 0.0441847

9 32 0.0491441

10 32 0.0539096

11 32 0.0584622

12 32 0.0627842

13 32 0.0668584

14 32 0.0706687

15 32 0.0742001

16 32 0.0774387

17 32 0.0803717

18 32 0.0829875

19 32 0.0852758

20 32 0.0872275

21 32 0.088835

22 32 0.0900919

23 32 0.0909932

24 32 0.0915354

25 32 0.0917164

26 32 0.0915354

27 32 0.0909932

28 32 0.0900919

29 32 0.088835

30 32 0.0872275

31 32 0.0852758

32 32 0.0829875

33 32 0.0803717

34 32 0.0774387

35 32 0.0742001

36 32 0.0706687

37 32 0.0668584

38 32 0.0627842

39 32 0.0584622

40 32 0.0539096

41 32 0.0491441

42 32 0.0441847

43 32 0.0390509

44 32 0.0337631

45 32 0.0283419

46 32 0.0228089

47 32 0.0171859

48 32 0.0114951

49 32 0.00575892

50 32 0

0 33 0

1 33 0.0055774

2 33 0.0111328

3 33 0.0166442

4 33 0.02209

5 33 0.0274486

6 33 0.0326988

7 33 0.0378201

8 33 0.042792

9 33 0.0475951

10 33 0.0522103

11 33 0.0566195

12 33 0.0608052

13 33 0.064751

14 33 0.0684412

15 33 0.0718613

16 33 0.0749978

17 33 0.0778384

18 33 0.0803717

19 33 0.0825878

20 33 0.0844781

21 33 0.0860349

22 33 0.0872521

23 33 0.0881251

24 33 0.0886502

25 33 0.0888255

26 33 0.0886502

27 33 0.0881251

28 33 0.0872521

29 33 0.0860349

30 33 0.0844781

31 33 0.0825878

32 33 0.0803717

33 33 0.0778384

34 33 0.0749978

35 33 0.0718613

36 33 0.0684412

37 33 0.064751

38 33 0.0608052

39 33 0.0566195

40 33 0.0522103

41 33 0.0475951

42 33 0.042792

43 33 0.0378201

44 33 0.0326988

45 33 0.0274486

46 33 0.02209

47 33 0.0166442

48 33 0.0111328

49 33 0.0055774

50 33 0

0 34 0

1 34 0.00537386

2 34 0.0107265

3 34 0.0160368

4 34 0.0212839

5 34 0.0264469

6 34 0.0315056

7 34 0.0364399

8 34 0.0412304

9 34 0.0458582

10 34 0.050305

11 34 0.0545533

12 34 0.0585863

13 34 0.0623881

14 34 0.0659436

15 34 0.0692389

16 34 0.072261

17 34 0.0749978

18 34 0.0774387

19 34 0.079574

20 34 0.0813952

21 34 0.0828952

22 34 0.0840681

23 34 0.0849091

24 34 0.0854151

25 34 0.085584

26 34 0.0854151

27 34 0.0849091

28 34 0.0840681

29 34 0.0828952

30 34 0.0813952

31 34 0.079574

32 34 0.0774387

33 34 0.0749978

34 34 0.072261

35 34 0.0692389

36 34 0.0659436

37 34 0.0623881

38 34 0.0585863

39 34 0.0545533

40 34 0.050305

41 34 0.0458582

42 34 0.0412304

43 34 0.0364399

44 34 0.0315056

45 34 0.0264469

46 34 0.0212839

47 34 0.0160368

48 34 0.0107265

49 34 0.00537386

50 34 0

0 35 0

1 35 0.00514912

2 35 0.0102779

3 35 0.0153662

4 35 0.0203938

5 35 0.0253409

6 35 0.030188

7 35 0.0349159

8 35 0.0395061

9 35 0.0439404

10 35 0.0482012

11 35 0.0522718

12 35 0.0561361

13 35 0.0597789

14 35 0.0631858

15 35 0.0663432

16 35 0.0692389

17 35 0.0718613

18 35 0.0742001

19 35 0.0762461

20 35 0.0779912

21 35 0.0794284

22 35 0.0805522

23 35 0.0813581

24 35 0.0818429

25 35 0.0820048

26 35 0.0818429

27 35 0.0813581

28 35 0.0805522

29 35 0.0794284

30 35 0.0779912

31 35 0.0762461

32 35 0.0742001

33 35 0.0718613

34 35 0.0692389

35 35 0.0663432

36 35 0.0631858

37 35 0.0597789

38 35 0.0561361

39 35 0.0522718

40 35 0.0482012

41 35 0.0439404

42 35 0.0395061

43 35 0.0349159

44 35 0.030188

45 35 0.0253409

46 35 0.0203938

47 35 0.0153662

48 35 0.0102779

49 35 0.00514912

50 35 0

0 36 0

1 36 0.00490406

2 36 0.00978876

3 36 0.0146348

4 36 0.0194232

5 36 0.0241348

6 36 0.0287512

7 36 0.0332542

8 36 0.0376259

9 36 0.0418491

10 36 0.0459071

11 36 0.049784

12 36 0.0534644

13 36 0.0569338

14 36 0.0601785

15 36 0.0631858

16 36 0.0659436

17 36 0.0684412

18 36 0.0706687

19 36 0.0726173

20 36 0.0742793

21 36 0.0756482

22 36 0.0767185

23 36 0.077486

24 36 0.0779478

25 36 0.0781019

26 36 0.0779478

27 36 0.077486

28 36 0.0767185

29 36 0.0756482

30 36 0.0742793

31 36 0.0726173

32 36 0.0706687

33 36 0.0684412

34 36 0.0659436

35 36 0.0631858

36 36 0.0601785

37 36 0.0569338

38 36 0.0534644

39 36 0.049784

40 36 0.0459071

41 36 0.0418491

42 36 0.0376259

43 36 0.0332542

44 36 0.0287512

45 36 0.0241348

46 36 0.0194232

47 36 0.0146348

48 36 0.00978876

49 36 0.00490406

50 36 0

0 37 0

1 37 0.00463964

2 37 0.00926097

3 37 0.0138458

4 37 0.0183759

5 37 0.0228335

6 37 0.027201

7 37 0.0314612

8 37 0.0355972

9 37 0.0395927

10 37 0.0434319

11 37 0.0470998

12 37 0.0505817

13 37 0.0538641

14 37 0.0569338

15 37 0.0597789

16 37 0.0623881

17 37 0.064751

18 37 0.0668584

19 37 0.0687019

20 37 0.0702743

21 37 0.0715694

22 37 0.072582

23 37 0.0733081

24 37 0.073745

25 37 0.0738908

26 37 0.073745

27 37 0.0733081

28 37 0.072582

29 37 0.0715694

30 37 0.0702743

31 37 0.0687019

32 37 0.0668584

33 37 0.064751

34 37 0.0623881

35 37 0.0597789

36 37 0.0569338

37 37 0.0538641

38 37 0.0505817

39 37 0.0470998

40 37 0.0434319

41 37 0.0395927

42 37 0.0355972

43 37 0.0314612

44 37 0.027201

45 37 0.0228335

46 37 0.0183759

47 37 0.0138458

48 37 0.00926097

49 37 0.00463964

50 37 0

0 38 0

1 38 0.00435691

2 38 0.00869663

3 38 0.013002

4 38 0.0172561

5 38 0.0214421

6 38 0.0255435

7 38 0.029544

8 38 0.033428

9 38 0.03718

10 38 0.0407853

11 38 0.0442296

12 38 0.0474994

13 38 0.0505817

14 38 0.0534644

15 38 0.0561361

16 38 0.0585863

17 38 0.0608052

18 38 0.0627842

19 38 0.0645154

20 38 0.065992

21 38 0.0672081

22 38 0.068159

23 38 0.0688409

24 38 0.0692511

25 38 0.0693881

26 38 0.0692511

27 38 0.0688409

28 38 0.068159

29 38 0.0672081

30 38 0.065992

31 38 0.0645154

32 38 0.0627842

33 38 0.0608052

34 38 0.0585863

35 38 0.0561361

36 38 0.0534644

37 38 0.0505817

38 38 0.0474994

39 38 0.0442296

40 38 0.0407853

41 38 0.03718

42 38 0.033428

43 38 0.029544

44 38 0.0255435

45 38 0.0214421

46 38 0.0172561

47 38 0.013002

48 38 0.00869663

49 38 0.00435691

50 38 0

0 39 0

1 39 0.00405699

2 39 0.00809797

3 39 0.012107

4 39 0.0160682

5 39 0.0199661

6 39 0.0237851

7 39 0.0275102

8 39 0.0311268

9 39 0.0346206

10 39 0.0379777

11 39 0.0411849

12 39 0.0442296

13 39 0.0470998

14 39 0.049784

15 39 0.0522718

16 39 0.0545533

17 39 0.0566195

18 39 0.0584622

19 39 0.0600743

20 39 0.0614492

21 39 0.0625816

22 39 0.0634671

23 39 0.064102

24 39 0.064484

25 39 0.0646115

26 39 0.064484

27 39 0.064102

28 39 0.0634671

29 39 0.0625816

30 39 0.0614492

31 39 0.0600743

32 39 0.0584622

33 39 0.0566195

34 39 0.0545533

35 39 0.0522718

36 39 0.049784

37 39 0.0470998

38 39 0.0442296

39 39 0.0411849

40 39 0.0379777

41 39 0.0346206

42 39 0.0311268

43 39 0.0275102

44 39 0.0237851

45 39 0.0199661

46 39 0.0160682

47 39 0.012107

48 39 0.00809797

49 39 0.00405699

50 39 0

0 40 0

1 40 0.00374106

2 40 0.00746735

3 40 0.0111642

4 40 0.0148169

5 40 0.0184112

6 40 0.0219328

7 40 0.0253679

8 40 0.0287029

9 40 0.0319245

10 40 0.0350202

11 40 0.0379777

12 40 0.0407853

13 40 0.0434319

14 40 0.0459071

15 40 0.0482012

16 40 0.050305

17 40 0.0522103

18 40 0.0539096

19 40 0.055396

20 40 0.0566639

21 40 0.0577081

22 40 0.0585246

23 40 0.0591101

24 40 0.0594624

25 40 0.0595799

26 40 0.0594624

27 40 0.0591101

28 40 0.0585246

29 40 0.0577081

30 40 0.0566639

31 40 0.055396

32 40 0.0539096

33 40 0.0522103

34 40 0.050305

35 40 0.0482012

36 40 0.0459071

37 40 0.0434319

38 40 0.0407853

39 40 0.0379777

40 40 0.0350202

41 40 0.0319245

42 40 0.0287029

43 40 0.0253679

44 40 0.0219328

45 40 0.0184112

46 40 0.0148169

47 40 0.0111642

48 40 0.00746735

49 40 0.00374106

50 40 0

0 41 0

1 41 0.00341036

2 41 0.00680726

3 41 0.0101773

4 41 0.0135072

5 41 0.0167837

6 41 0.019994

7 41 0.0231255

8 41 0.0261656

9 41 0.0291025

10 41 0.0319245

11 41 0.0346206

12 41 0.03718

13 41 0.0395927

14 41 0.0418491

15 41 0.0439404

16 41 0.0458582

17 41 0.0475951

18 41 0.0491441

19 41 0.0504992

20 41 0.051655

21 41 0.0526069

22 41 0.0533512

23 41 0.053885

24 41 0.0542061

25 41 0.0543133

26 41 0.0542061

27 41 0.053885

28 41 0.0533512

29 41 0.0526069

30 41 0.051655

31 41 0.0504992

32 41 0.0491441

33 41 0.0475951

34 41 0.0458582

35 41 0.0439404

36 41 0.0418491

37 41 0.0395927

38 41 0.03718

39 41 0.0346206

40 41 0.0319245

41 41 0.0291025

42 41 0.0261656

43 41 0.0231255

44 41 0.019994

45 41 0.0167837

46 41 0.0135072

47 41 0.0101773

48 41 0.00680726

49 41 0.00341036

50 41 0

0 42 0

1 42 0.0030662

2 42 0.0061203

3 42 0.00915025

4 42 0.0121441

5 42 0.01509

6 42 0.0179763

7 42 0.0207917

8 42 0.0235251

9 42 0.0261656

10 42 0.0287029

11 42 0.0311268

12 42 0.033428

13 42 0.0355972

14 42 0.0376259

15 42 0.0395061

16 42 0.0412304

17 42 0.042792

18 42 0.0441847

19 42 0.0454031

20 42 0.0464422

21 42 0.0472981

22 42 0.0479673

23 42 0.0484472

24 42 0.0487359

25 42 0.0488322

26 42 0.0487359

27 42 0.0484472

28 42 0.0479673

29 42 0.0472981

30 42 0.0464422

31 42 0.0454031

32 42 0.0441847

33 42 0.042792

34 42 0.0412304

35 42 0.0395061

36 42 0.0376259

37 42 0.0355972

38 42 0.033428

39 42 0.0311268

40 42 0.0287029

41 42 0.0261656

42 42 0.0235251

43 42 0.0207917

44 42 0.0179763

45 42 0.01509

46 42 0.0121441

47 42 0.00915025

48 42 0.0061203

49 42 0.0030662

50 42 0

0 43 0

1 43 0.00270994

2 43 0.00540919

3 43 0.00808709

4 43 0.0107331

5 43 0.0133367

6 43 0.0158877

7 43 0.018376

8 43 0.0207917

9 43 0.0231255

10 43 0.0253679

11 43 0.0275102

12 43 0.029544

13 43 0.0314612

14 43 0.0332542

15 43 0.0349159

16 43 0.0364399

17 43 0.0378201

18 43 0.0390509

19 43 0.0401277

20 43 0.0410461

21 43 0.0418026

22 43 0.042394

23 43 0.0428181

24 43 0.0430733

25 43 0.0431585

26 43 0.0430733

27 43 0.0428181

28 43 0.042394

29 43 0.0418026

30 43 0.0410461

31 43 0.0401277

32 43 0.0390509

33 43 0.0378201

34 43 0.0364399

35 43 0.0349159

36 43 0.0332542

37 43 0.0314612

38 43 0.029544

39 43 0.0275102

40 43 0.0253679

41 43 0.0231255

42 43 0.0207917

43 43 0.018376

44 43 0.0158877

45 43 0.0133367

46 43 0.0107331

47 43 0.00808709

48 43 0.00540919

49 43 0.00270994

50 43 0

0 44 0

1 44 0.00234299

2 44 0.00467673

3 44 0.00699202

4 44 0.00927971

5 44 0.0115308

6 44 0.0137363

7 44 0.0158877

8 44 0.0179763

9 44 0.019994

10 44 0.0219328

11 44 0.0237851

12 44 0.0255435

13 44 0.027201

14 44 0.0287512

15 44 0.030188

16 44 0.0315056

17 44 0.0326988

18 44 0.0337631

19 44 0.034694

20 44 0.0354881

21 44 0.0361421

22 44 0.0366534

23 44 0.0370201

24 44 0.0372407

25 44 0.0373144

26 44 0.0372407

27 44 0.0370201

28 44 0.0366534

29 44 0.0361421

30 44 0.0354881

31 44 0.034694

32 44 0.0337631

33 44 0.0326988

34 44 0.0315056

35 44 0.030188

36 44 0.0287512

37 44 0.027201

38 44 0.0255435

39 44 0.0237851

40 44 0.0219328

41 44 0.019994

42 44 0.0179763

43 44 0.0158877

44 44 0.0137363

45 44 0.0115308

46 44 0.00927971

47 44 0.00699202

48 44 0.00467673

49 44 0.00234299

50 44 0

0 45 0

1 45 0.00196679

2 45 0.00392582

3 45 0.00586935

4 45 0.00778972

5 45 0.00967935

6 45 0.0115308

7 45 0.0133367

8 45 0.01509

9 45 0.0167837

10 45 0.0184112

11 45 0.0199661

12 45 0.0214421

13 45 0.0228335

14 45 0.0241348

15 45 0.0253409

16 45 0.0264469

17 45 0.0274486

18 45 0.0283419

19 45 0.0291234

20 45 0.02979

21 45 0.030339

22 45 0.0307682

23 45 0.031076

24 45 0.0312612

25 45 0.031323

26 45 0.0312612

27 45 0.031076

28 45 0.0307682

29 45 0.030339

30 45 0.02979

31 45 0.0291234

32 45 0.0283419

33 45 0.0274486

34 45 0.0264469

35 45 0.0253409

36 45 0.0241348

37 45 0.0228335

38 45 0.0214421

39 45 0.0199661

40 45 0.0184112

41 45 0.0167837

42 45 0.01509

43 45 0.0133367

44 45 0.0115308

45 45 0.00967935

46 45 0.00778972

47 45 0.00586935

48 45 0.00392582

49 45 0.00196679

50 45 0

0 46 0

1 46 0.00158283

2 46 0.00315941

3 46 0.00472352

4 46 0.00626899

5 46 0.00778972

6 46 0.00927971

7 46 0.0107331

8 46 0.0121441

9 46 0.0135072

10 46 0.0148169

11 46 0.0160682

12 46 0.0172561

13 46 0.0183759

14 46 0.0194232

15 46 0.0203938

16 46 0.0212839

17 46 0.02209

18 46 0.0228089

19 46 0.0234379

20 46 0.0239743

21 46 0.0244161

22 46 0.0247616

23 46 0.0250093

24 46 0.0251583

25 46 0.0252081

26 46 0.0251583

27 46 0.0250093

28 46 0.0247616

29 46 0.0244161

30 46 0.0239743

31 46 0.0234379

32 46 0.0228089

33 46 0.02209

34 46 0.0212839

35 46 0.0203938

36 46 0.0194232

37 46 0.0183759

38 46 0.0172561

39 46 0.0160682

40 46 0.0148169

41 46 0.0135072

42 46 0.0121441

43 46 0.0107331

44 46 0.00927971

45 46 0.00778972

46 46 0.00626899

47 46 0.00472352

48 46 0.00315941

49 46 0.00158283

50 46 0

0 47 0

1 47 0.00119262

2 47 0.00238053

3 47 0.00355905

4 47 0.00472352

5 47 0.00586935

6 47 0.00699202

7 47 0.00808709

8 47 0.00915025

9 47 0.0101773

10 47 0.0111642

11 47 0.012107

12 47 0.013002

13 47 0.0138458

14 47 0.0146348

15 47 0.0153662

16 47 0.0160368

17 47 0.0166442

18 47 0.0171859

19 47 0.0176598

20 47 0.018064

21 47 0.0183969

22 47 0.0186572

23 47 0.0188438

24 47 0.0189561

25 47 0.0189936

26 47 0.0189561

27 47 0.0188438

28 47 0.0186572

29 47 0.0183969

30 47 0.018064

31 47 0.0176598

32 47 0.0171859

33 47 0.0166442

34 47 0.0160368

35 47 0.0153662

36 47 0.0146348

37 47 0.0138458

38 47 0.013002

39 47 0.012107

40 47 0.0111642

41 47 0.0101773

42 47 0.00915025

43 47 0.00808709

44 47 0.00699202

45 47 0.00586935

46 47 0.00472352

47 47 0.00355905

48 47 0.00238053

49 47 0.00119262

50 47 0

0 48 0

1 48 0.000797704

2 48 0.00159226

3 48 0.00238053

4 48 0.00315941

5 48 0.00392582

6 48 0.00467673

7 48 0.00540919

8 48 0.0061203

9 48 0.00680726

10 48 0.00746735

11 48 0.00809797

12 48 0.00869663

13 48 0.00926097

14 48 0.00978876

15 48 0.0102779

16 48 0.0107265

17 48 0.0111328

18 48 0.0114951

19 48 0.0118121

20 48 0.0120824

21 48 0.0123051

22 48 0.0124792

23 48 0.012604

24 48 0.0126791

25 48 0.0127042

26 48 0.0126791

27 48 0.012604

28 48 0.0124792

29 48 0.0123051

30 48 0.0120824

31 48 0.0118121

32 48 0.0114951

33 48 0.0111328

34 48 0.0107265

35 48 0.0102779

36 48 0.00978876

37 48 0.00926097

38 48 0.00869663

39 48 0.00809797

40 48 0.00746735

41 48 0.00680726

42 48 0.0061203

43 48 0.00540919

44 48 0.00467673

45 48 0.00392582

46 48 0.00315941

47 48 0.00238053

48 48 0.00159226

49 48 0.000797704

50 48 0

0 49 0

1 49 0.000399641

2 49 0.000797704

3 49 0.00119262

4 49 0.00158283

5 49 0.00196679

6 49 0.00234299

7 49 0.00270994

