0 1 0

1 1 0.00347488

2 1 0.00693605

3 1 0.0103698

4 1 0.0137627

5 1 0.0171013

6 1 0.0203723

7 1 0.023563

8 1 0.0266607

9 1 0.0296531

10 1 0.0325286

11 1 0.0352756

12 1 0.0378834

13 1 0.0403418

14 1 0.0426409

15 1 0.0447717

16 1 0.0467259

17 1 0.0484956

18 1 0.0500739

19 1 0.0514547

20 1 0.0526323

21 1 0.0536023

22 1 0.0543607

23 1 0.0549045

24 1 0.0552317

25 1 0.0553409

26 1 0.0552317

27 1 0.0549045

28 1 0.0543607

29 1 0.0536023

30 1 0.0526323

31 1 0.0514547

32 1 0.0500739

33 1 0.0484956

34 1 0.0467259

35 1 0.0447717

36 1 0.0426409

37 1 0.0403418

38 1 0.0378834

39 1 0.0352756

40 1 0.0325286

41 1 0.0296531

42 1 0.0266607

43 1 0.023563

44 1 0.0203723

45 1 0.0171013

46 1 0.0137627

47 1 0.0103698

48 1 0.00693605

49 1 0.00347488

50 1 0

0 2 0

1 2 0.00693605

2 2 0.0138447

3 2 0.0206988

4 2 0.0274711

5 2 0.0341351

6 2 0.0406643

7 2 0.047033

8 2 0.0532161

9 2 0.0591892

10 2 0.0649287

11 2 0.070412

12 2 0.0756174

13 2 0.0805243

14 2 0.0851135

15 2 0.0893668

16 2 0.0932673

17 2 0.0967998

18 2 0.0999503

19 2 0.102706

20 2 0.105057

21 2 0.106993

22 2 0.108507

23 2 0.109592

24 2 0.110245

25 2 0.110463

26 2 0.110245

27 2 0.109592

28 2 0.108507

29 2 0.106993

30 2 0.105057

31 2 0.102706

32 2 0.0999503

33 2 0.0967998

34 2 0.0932673

35 2 0.0893668

36 2 0.0851135

37 2 0.0805243

38 2 0.0756174

39 2 0.070412

40 2 0.0649287

41 2 0.0591892

42 2 0.0532161

43 2 0.047033

44 2 0.0406643

45 2 0.0341351

46 2 0.0274711

47 2 0.0206988

48 2 0.0138447

49 2 0.00693605

50 2 0

0 3 0

1 3 0.0103698

2 3 0.0206988

3 3 0.030946

4 3 0.0410711

5 3 0.0510341

6 3 0.0607957

7 3 0.0703174

8 3 0.0795616

9 3 0.0884918

10 3 0.0970727

11 3 0.105271

12 3 0.113053

13 3 0.120389

14 3 0.12725

15 3 0.133609

16 3 0.139441

17 3 0.144722

18 3 0.149432

19 3 0.153553

20 3 0.157067

21 3 0.159961

22 3 0.162225

23 3 0.163848

24 3 0.164824

25 3 0.16515

26 3 0.164824

27 3 0.163848

28 3 0.162225

29 3 0.159961

30 3 0.157067

31 3 0.153553

32 3 0.149432

33 3 0.144722

34 3 0.139441

35 3 0.133609

36 3 0.12725

37 3 0.120389

38 3 0.113053

39 3 0.105271

40 3 0.0970727

41 3 0.0884918

42 3 0.0795616

43 3 0.0703174

44 3 0.0607957

45 3 0.0510341

46 3 0.0410711

47 3 0.030946

48 3 0.0206988

49 3 0.0103698

50 3 0

0 4 0

1 4 0.0137627

2 4 0.0274711

3 4 0.0410711

4 4 0.054509

5 4 0.0677318

6 4 0.0806873

7 4 0.0933243

8 4 0.105593

9 4 0.117445

10 4 0.128834

11 4 0.139714

12 4 0.150042

13 4 0.159779

14 4 0.168885

15 4 0.177324

16 4 0.185064

17 4 0.192073

18 4 0.198324

19 4 0.203793

20 4 0.208457

21 4 0.212299

22 4 0.215302

23 4 0.217456

24 4 0.218752

25 4 0.219185

26 4 0.218752

27 4 0.217456

28 4 0.215302

29 4 0.212299

30 4 0.208457

31 4 0.203793

32 4 0.198324

33 4 0.192073

34 4 0.185064

35 4 0.177324

36 4 0.168885

37 4 0.159779

38 4 0.150042

39 4 0.139714

40 4 0.128834

41 4 0.117445

42 4 0.105593

43 4 0.0933243

44 4 0.0806873

45 4 0.0677318

46 4 0.054509

47 4 0.0410711

48 4 0.0274711

49 4 0.0137627

50 4 0

0 5 0

1 5 0.0171013

2 5 0.0341351

3 5 0.0510341

4 5 0.0677318

5 5 0.0841621

6 5 0.10026

7 5 0.115963

8 5 0.131208

9 5 0.145935

10 5 0.160086

11 5 0.173605

12 5 0.186439

13 5 0.198538

14 5 0.209853

15 5 0.220339

16 5 0.229956

17 5 0.238666

18 5 0.246434

19 5 0.253229

20 5 0.259024

21 5 0.263798

22 5 0.26753

23 5 0.270207

24 5 0.271817

25 5 0.272354

26 5 0.271817

27 5 0.270207

28 5 0.26753

29 5 0.263798

30 5 0.259024

31 5 0.253229

32 5 0.246434

33 5 0.238666

34 5 0.229956

35 5 0.220339

36 5 0.209853

37 5 0.198538

38 5 0.186439

39 5 0.173605

40 5 0.160086

41 5 0.145935

42 5 0.131208

43 5 0.115963

44 5 0.10026

45 5 0.0841621

46 5 0.0677318

47 5 0.0510341

48 5 0.0341351

49 5 0.0171013

50 5 0

0 6 0

1 6 0.0203723

2 6 0.0406643

3 6 0.0607957

4 6 0.0806873

5 6 0.10026

6 6 0.119438

7 6 0.138144

8 6 0.156305

9 6 0.173849

10 6 0.190707

11 6 0.206812

12 6 0.222101

13 6 0.236513

14 6 0.249992

15 6 0.262485

16 6 0.273942

17 6 0.284317

18 6 0.293571

19 6 0.301665

20 6 0.30857

21 6 0.314256

22 6 0.318702

23 6 0.321891

24 6 0.323809

25 6 0.324449

26 6 0.323809

27 6 0.321891

28 6 0.318702

29 6 0.314256

30 6 0.30857

31 6 0.301665

32 6 0.293571

33 6 0.284317

34 6 0.273942

35 6 0.262485

36 6 0.249992

37 6 0.236513

38 6 0.222101

39 6 0.206812

40 6 0.190707

41 6 0.173849

42 6 0.156305

43 6 0.138144

44 6 0.119438

45 6 0.10026

46 6 0.0806873

47 6 0.0607957

48 6 0.0406643

49 6 0.0203723

50 6 0

0 7 0

1 7 0.023563

2 7 0.047033

3 7 0.0703174

4 7 0.0933243

5 7 0.115963

6 7 0.138144

7 7 0.15978

8 7 0.180785

9 7 0.201076

10 7 0.220574

11 7 0.239202

12 7 0.256886

13 7 0.273556

14 7 0.289146

15 7 0.303595

16 7 0.316846

17 7 0.328846

18 7 0.339549

19 7 0.348911

20 7 0.356897

21 7 0.363474

22 7 0.368617

23 7 0.372305

24 7 0.374523

25 7 0.375264

26 7 0.374523

27 7 0.372305

28 7 0.368617

29 7 0.363474

30 7 0.356897

31 7 0.348911

32 7 0.339549

33 7 0.328846

34 7 0.316846

35 7 0.303595

36 7 0.289146

37 7 0.273556

38 7 0.256886

39 7 0.239202

40 7 0.220574

41 7 0.201076

42 7 0.180785

43 7 0.15978

44 7 0.138144

45 7 0.115963

46 7 0.0933243

47 7 0.0703174

48 7 0.047033

49 7 0.023563

50 7 0

0 8 0

1 8 0.0266607

2 8 0.0532161

3 8 0.0795616

4 8 0.105593

5 8 0.131208

6 8 0.156305

7 8 0.180785

8 8 0.204551

9 8 0.227511

10 8 0.249572

11 8 0.270648

12 8 0.290657

13 8 0.309518

14 8 0.327158

15 8 0.343506

16 8 0.358499

17 8 0.372077

18 8 0.384187

19 8 0.39478

20 8 0.403816

21 8 0.411258

22 8 0.417076

23 8 0.421249

24 8 0.423759

25 8 0.424597

26 8 0.423759

27 8 0.421249

28 8 0.417076

29 8 0.411258

30 8 0.403816

31 8 0.39478

32 8 0.384187

33 8 0.372077

34 8 0.358499

35 8 0.343506

36 8 0.327158

37 8 0.309518

38 8 0.290657

39 8 0.270648

40 8 0.249572

41 8 0.227511

42 8 0.204551

43 8 0.180785

44 8 0.156305

45 8 0.131208

46 8 0.105593

47 8 0.0795616

48 8 0.0532161

49 8 0.0266607

50 8 0

0 9 0

1 9 0.0296531

2 9 0.0591892

3 9 0.0884918

4 9 0.117445

5 9 0.145935

6 9 0.173849

7 9 0.201076

8 9 0.227511

9 9 0.253047

10 9 0.277584

11 9 0.301027

12 9 0.323281

13 9 0.344259

14 9 0.363879

15 9 0.382062

16 9 0.398738

17 9 0.41384

18 9 0.427309

19 9 0.439092

20 9 0.449141

21 9 0.457418

22 9 0.46389

23 9 0.468531

24 9 0.471323

25 9 0.472255

26 9 0.471323

27 9 0.468531

28 9 0.46389

29 9 0.457418

30 9 0.449141

31 9 0.439092

32 9 0.427309

33 9 0.41384

34 9 0.398738

35 9 0.382062

36 9 0.363879

37 9 0.344259

38 9 0.323281

39 9 0.301027

40 9 0.277584

41 9 0.253047

42 9 0.227511

43 9 0.201076

44 9 0.173849

45 9 0.145935

46 9 0.117445

47 9 0.0884918

48 9 0.0591892

49 9 0.0296531

50 9 0

0 10 0

1 10 0.0325286

2 10 0.0649287

3 10 0.0970727

4 10 0.128834

5 10 0.160086

6 10 0.190707

7 10 0.220574

8 10 0.249572

9 10 0.277584

10 10 0.304502

11 10 0.330217

12 10 0.354629

13 10 0.377641

14 10 0.399164

15 10 0.41911

16 10 0.437403

17 10 0.45397

18 10 0.468745

19 10 0.48167

20 10 0.492694

21 10 0.501773

22 10 0.508873

23 10 0.513964

24 10 0.517027

25 10 0.518049

26 10 0.517027

27 10 0.513964

28 10 0.508873

29 10 0.501773

30 10 0.492694

31 10 0.48167

32 10 0.468745

33 10 0.45397

34 10 0.437403

35 10 0.41911

36 10 0.399164

37 10 0.377641

38 10 0.354629

39 10 0.330217

40 10 0.304502

41 10 0.277584

42 10 0.249572

43 10 0.220574

44 10 0.190707

45 10 0.160086

46 10 0.128834

47 10 0.0970727

48 10 0.0649287

49 10 0.0325286

50 10 0

0 11 0

1 11 0.0352756

2 11 0.070412

3 11 0.105271

4 11 0.139714

5 11 0.173605

6 11 0.206812

7 11 0.239202

8 11 0.270648

9 11 0.301027

10 11 0.330217

11 11 0.358104

12 11 0.384577

13 11 0.409533

14 11 0.432873

15 11 0.454504

16 11 0.474342

17 11 0.492308

18 11 0.50833

19 11 0.522347

20 11 0.534302

21 11 0.544148

22 11 0.551847

23 11 0.557368

24 11 0.56069

25 11 0.561798

26 11 0.56069

27 11 0.557368

28 11 0.551847

29 11 0.544148

30 11 0.534302

31 11 0.522347

32 11 0.50833

33 11 0.492308

34 11 0.474342

35 11 0.454504

36 11 0.432873

37 11 0.409533

38 11 0.384577

39 11 0.358104

40 11 0.330217

41 11 0.301027

42 11 0.270648

43 11 0.239202

44 11 0.206812

45 11 0.173605

46 11 0.139714

47 11 0.105271

48 11 0.070412

49 11 0.0352756

50 11 0

0 12 0

1 12 0.0378834

2 12 0.0756174

3 12 0.113053

4 12 0.150042

5 12 0.186439

6 12 0.222101

7 12 0.256886

8 12 0.290657

9 12 0.323281

10 12 0.354629

11 12 0.384577

12 12 0.413008

13 12 0.439809

14 12 0.464874

15 12 0.488105

16 12 0.509409

17 12 0.528703

18 12 0.54591

19 12 0.560963

20 12 0.573802

21 12 0.584376

22 12 0.592644

23 12 0.598573

24 12 0.60214

25 12 0.603331

26 12 0.60214

27 12 0.598573

28 12 0.592644

29 12 0.584376

30 12 0.573802

31 12 0.560963

32 12 0.54591

33 12 0.528703

34 12 0.509409

35 12 0.488105

36 12 0.464874

37 12 0.439809

38 12 0.413008

39 12 0.384577

40 12 0.354629

41 12 0.323281

42 12 0.290657

43 12 0.256886

44 12 0.222101

45 12 0.186439

46 12 0.150042

47 12 0.113053

48 12 0.0756174

49 12 0.0378834

50 12 0

0 13 0

1 13 0.0403418

2 13 0.0805243

3 13 0.120389

4 13 0.159779

5 13 0.198538

6 13 0.236513

7 13 0.273556

8 13 0.309518

9 13 0.344259

10 13 0.377641

11 13 0.409533

12 13 0.439809

13 13 0.468349

14 13 0.495041

15 13 0.519779

16 13 0.542465

17 13 0.563011

18 13 0.581335

19 13 0.597365

20 13 0.611037

21 13 0.622297

22 13 0.631102

23 13 0.637416

24 13 0.641214

25 13 0.642482

26 13 0.641214

27 13 0.637416

28 13 0.631102

29 13 0.622297

30 13 0.611037

31 13 0.597365

32 13 0.581335

33 13 0.563011

34 13 0.542465

35 13 0.519779

36 13 0.495041

37 13 0.468349

38 13 0.439809

39 13 0.409533

40 13 0.377641

41 13 0.344259

42 13 0.309518

43 13 0.273556

44 13 0.236513

45 13 0.198538

46 13 0.159779

47 13 0.120389

48 13 0.0805243

49 13 0.0403418

50 13 0

0 14 0

1 14 0.0426409

2 14 0.0851135

3 14 0.12725

4 14 0.168885

5 14 0.209853

6 14 0.249992

7 14 0.289146

8 14 0.327158

9 14 0.363879

10 14 0.399164

11 14 0.432873

12 14 0.464874

13 14 0.495041

14 14 0.523254

15 14 0.549401

16 14 0.573381

17 14 0.595098

18 14 0.614466

19 14 0.631409

20 14 0.64586

21 14 0.657762

22 14 0.667069

23 14 0.673743

24 14 0.677758

25 14 0.679098

26 14 0.677758

27 14 0.673743

28 14 0.667069

29 14 0.657762

30 14 0.64586

31 14 0.631409

32 14 0.614466

33 14 0.595098

34 14 0.573381

35 14 0.549401

36 14 0.523254

37 14 0.495041

38 14 0.464874

39 14 0.432873

40 14 0.399164

41 14 0.363879

42 14 0.327158

43 14 0.289146

44 14 0.249992

45 14 0.209853

46 14 0.168885

47 14 0.12725

48 14 0.0851135

49 14 0.0426409

50 14 0

0 15 0

1 15 0.0447717

2 15 0.0893668

3 15 0.133609

4 15 0.177324

5 15 0.220339

6 15 0.262485

7 15 0.303595

8 15 0.343506

9 15 0.382062

10 15 0.41911

11 15 0.454504

12 15 0.488105

13 15 0.519779

14 15 0.549401

15 15 0.576856

16 15 0.602034

17 15 0.624836

18 15 0.645172

19 15 0.662961

20 15 0.678135

21 15 0.690632

22 15 0.700403

23 15 0.707411

24 15 0.711626

25 15 0.713033

26 15 0.711626

27 15 0.707411

28 15 0.700403

29 15 0.690632

30 15 0.678135

31 15 0.662961

32 15 0.645172

33 15 0.624836

34 15 0.602034

35 15 0.576856

36 15 0.549401

37 15 0.519779

38 15 0.488105

39 15 0.454504

40 15 0.41911

41 15 0.382062

42 15 0.343506

43 15 0.303595

44 15 0.262485

45 15 0.220339

46 15 0.177324

47 15 0.133609

48 15 0.0893668

49 15 0.0447717

50 15 0

0 16 0

1 16 0.0467259

2 16 0.0932673

3 16 0.139441

4 16 0.185064

5 16 0.229956

6 16 0.273942

7 16 0.316846

8 16 0.358499

9 16 0.398738

10 16 0.437403

11 16 0.474342

12 16 0.509409

13 16 0.542465

14 16 0.573381

15 16 0.602034

16 16 0.628311

17 16 0.652108

18 16 0.673331

19 16 0.691898

20 16 0.707733

21 16 0.720776

22 16 0.730974

23 16 0.738287

24 16 0.742686

25 16 0.744155

26 16 0.742686

27 16 0.738287

28 16 0.730974

29 16 0.720776

30 16 0.707733

31 16 0.691898

32 16 0.673331

33 16 0.652108

34 16 0.628311

35 16 0.602034

36 16 0.573381

37 16 0.542465

38 16 0.509409

39 16 0.474342

40 16 0.437403

41 16 0.398738

42 16 0.358499

43 16 0.316846

44 16 0.273942

45 16 0.229956

46 16 0.185064

47 16 0.139441

48 16 0.0932673

49 16 0.0467259

50 16 0

0 17 0

1 17 0.0484956

2 17 0.0967998

3 17 0.144722

4 17 0.192073

5 17 0.238666

6 17 0.284317

7 17 0.328846

8 17 0.372077

9 17 0.41384

10 17 0.45397

11 17 0.492308

12 17 0.528703

13 17 0.563011

14 17 0.595098

15 17 0.624836

16 17 0.652108

17 17 0.676806

18 17 0.698834

19 17 0.718103

20 17 0.734538

21 17 0.748075

22 17 0.758659

23 17 0.766249

24 17 0.770815

25 17 0.772339

26 17 0.770815

27 17 0.766249

28 17 0.758659

29 17 0.748075

30 17 0.734538

31 17 0.718103

32 17 0.698834

33 17 0.676806

34 17 0.652108

35 17 0.624836

36 17 0.595098

37 17 0.563011

38 17 0.528703

39 17 0.492308

40 17 0.45397

41 17 0.41384

42 17 0.372077

43 17 0.328846

44 17 0.284317

45 17 0.238666

46 17 0.192073

47 17 0.144722

48 17 0.0967998

49 17 0.0484956

50 17 0

0 18 0

1 18 0.0500739

2 18 0.0999503

3 18 0.149432

4 18 0.198324

5 18 0.246434

6 18 0.293571

7 18 0.339549

8 18 0.384187

9 18 0.427309

10 18 0.468745

11 18 0.50833

12 18 0.54591

13 18 0.581335

14 18 0.614466

15 18 0.645172

16 18 0.673331

17 18 0.698834

18 18 0.721578

19 18 0.741474

20 18 0.758445

21 18 0.772422

22 18 0.783351

23 18 0.791188

24 18 0.795902

25 18 0.797476

26 18 0.795902

27 18 0.791188

28 18 0.783351

29 18 0.772422

30 18 0.758445

31 18 0.741474

32 18 0.721578

33 18 0.698834

34 18 0.673331

35 18 0.645172

36 18 0.614466

37 18 0.581335

38 18 0.54591

39 18 0.50833

40 18 0.468745

41 18 0.427309

42 18 0.384187

43 18 0.339549

44 18 0.293571

45 18 0.246434

46 18 0.198324

47 18 0.149432

48 18 0.0999503

49 18 0.0500739

50 18 0

0 19 0

1 19 0.0514547

2 19 0.102706

3 19 0.153553

4 19 0.203793

5 19 0.253229

6 19 0.301665

7 19 0.348911

8 19 0.39478

9 19 0.439092

10 19 0.48167

11 19 0.522347

12 19 0.560963

13 19 0.597365

14 19 0.631409

15 19 0.662961

16 19 0.691898

17 19 0.718103

18 19 0.741474

19 19 0.76192

20 19 0.779358

21 19 0.79372

22 19 0.80495

23 19 0.813004

24 19 0.817848

25 19 0.819465

26 19 0.817848

27 19 0.813004

28 19 0.80495

29 19 0.79372

30 19 0.779358

31 19 0.76192

32 19 0.741474

33 19 0.718103

34 19 0.691898

35 19 0.662961

36 19 0.631409

37 19 0.597365

38 19 0.560963

39 19 0.522347

40 19 0.48167

41 19 0.439092

42 19 0.39478

43 19 0.348911

44 19 0.301665

45 19 0.253229

46 19 0.203793

47 19 0.153553

48 19 0.102706

49 19 0.0514547

50 19 0

0 20 0

1 20 0.0526323

2 20 0.105057

3 20 0.157067

4 20 0.208457

5 20 0.259024

6 20 0.30857

7 20 0.356897

8 20 0.403816

9 20 0.449141

10 20 0.492694

11 20 0.534302

12 20 0.573802

13 20 0.611037

14 20 0.64586

15 20 0.678135

16 20 0.707733

17 20 0.734538

18 20 0.758445

19 20 0.779358

20 20 0.797195

21 20 0.811886

22 20 0.823374

23 20 0.831611

24 20 0.836567

25 20 0.838221

26 20 0.836567

27 20 0.831611

28 20 0.823374

29 20 0.811886

30 20 0.797195

31 20 0.779358

32 20 0.758445

33 20 0.734538

34 20 0.707733

35 20 0.678135

36 20 0.64586

37 20 0.611037

38 20 0.573802

39 20 0.534302

40 20 0.492694

41 20 0.449141

42 20 0.403816

43 20 0.356897

44 20 0.30857

45 20 0.259024

46 20 0.208457

47 20 0.157067

48 20 0.105057

49 20 0.0526323

50 20 0

0 21 0

1 21 0.0536023

2 21 0.106993

3 21 0.159961

4 21 0.212299

5 21 0.263798

6 21 0.314256

7 21 0.363474

8 21 0.411258

9 21 0.457418

10 21 0.501773

11 21 0.544148

12 21 0.584376

13 21 0.622297

14 21 0.657762

15 21 0.690632

16 21 0.720776

17 21 0.748075

18 21 0.772422

19 21 0.79372

20 21 0.811886

21 21 0.826848

22 21 0.838547

23 21 0.846937

24 21 0.851983

25 21 0.853668

26 21 0.851983

27 21 0.846937

28 21 0.838547

29 21 0.826848

30 21 0.811886

31 21 0.79372

32 21 0.772422

33 21 0.748075

34 21 0.720776

35 21 0.690632

36 21 0.657762

37 21 0.622297

38 21 0.584376

39 21 0.544148

40 21 0.501773

41 21 0.457418

42 21 0.411258

43 21 0.363474

44 21 0.314256

45 21 0.263798

46 21 0.212299

47 21 0.159961

48 21 0.106993

49 21 0.0536023

50 21 0

0 22 0

1 22 0.0543607

2 22 0.108507

3 22 0.162225

4 22 0.215302

5 22 0.26753

6 22 0.318702

7 22 0.368617

8 22 0.417076

9 22 0.46389

10 22 0.508873

11 22 0.551847

12 22 0.592644

13 22 0.631102

14 22 0.667069

15 22 0.700403

16 22 0.730974

17 22 0.758659

18 22 0.783351

19 22 0.80495

20 22 0.823374

21 22 0.838547

22 22 0.850411

23 22 0.85892

24 22 0.864038

25 22 0.865746

26 22 0.864038

27 22 0.85892

28 22 0.850411

29 22 0.838547

30 22 0.823374

31 22 0.80495

32 22 0.783351

33 22 0.758659

34 22 0.730974

35 22 0.700403

36 22 0.667069

37 22 0.631102

38 22 0.592644

39 22 0.551847

40 22 0.508873

41 22 0.46389

42 22 0.417076

43 22 0.368617

44 22 0.318702

45 22 0.26753

46 22 0.215302

47 22 0.162225

48 22 0.108507

49 22 0.0543607

50 22 0

0 23 0

1 23 0.0549045

2 23 0.109592

3 23 0.163848

4 23 0.217456

5 23 0.270207

6 23 0.321891

7 23 0.372305

8 23 0.421249

9 23 0.468531

10 23 0.513964

11 23 0.557368

12 23 0.598573

13 23 0.637416

14 23 0.673743

15 23 0.707411

16 23 0.738287

17 23 0.766249

18 23 0.791188

19 23 0.813004

20 23 0.831611

21 23 0.846937

22 23 0.85892

23 23 0.867513

24 23 0.872682

25 23 0.874408

26 23 0.872682

27 23 0.867513

28 23 0.85892

29 23 0.846937

30 23 0.831611

31 23 0.813004

32 23 0.791188

33 23 0.766249

34 23 0.738287

35 23 0.707411

36 23 0.673743

37 23 0.637416

38 23 0.598573

39 23 0.557368

40 23 0.513964

41 23 0.468531

42 23 0.421249

43 23 0.372305

44 23 0.321891

45 23 0.270207

46 23 0.217456

47 23 0.163848

48 23 0.109592

49 23 0.0549045

50 23 0

0 24 0

1 24 0.0552317

2 24 0.110245

3 24 0.164824

4 24 0.218752

5 24 0.271817

6 24 0.323809

7 24 0.374523

8 24 0.423759

9 24 0.471323

10 24 0.517027

11 24 0.56069

12 24 0.60214

13 24 0.641214

14 24 0.677758

15 24 0.711626

16 24 0.742686

17 24 0.770815

18 24 0.795902

19 24 0.817848

20 24 0.836567

21 24 0.851983

22 24 0.864038

23 24 0.872682

24 24 0.877883

25 24 0.879618

26 24 0.877883

27 24 0.872682

28 24 0.864038

29 24 0.851983

30 24 0.836567

31 24 0.817848

32 24 0.795902

33 24 0.770815

34 24 0.742686

35 24 0.711626

36 24 0.677758

37 24 0.641214

38 24 0.60214

39 24 0.56069

40 24 0.517027

41 24 0.471323

42 24 0.423759

43 24 0.374523

44 24 0.323809

45 24 0.271817

46 24 0.218752

47 24 0.164824

48 24 0.110245

49 24 0.0552317

50 24 0

0 25 0

1 25 0.0553409

2 25 0.110463

3 25 0.16515

4 25 0.219185

5 25 0.272354

6 25 0.324449

7 25 0.375264

8 25 0.424597

9 25 0.472255

10 25 0.518049

11 25 0.561798

12 25 0.603331

13 25 0.642482

14 25 0.679098

15 25 0.713033

16 25 0.744155

17 25 0.772339

18 25 0.797476

19 25 0.819465

20 25 0.838221

21 25 0.853668

22 25 0.865746

23 25 0.874408

24 25 0.879618

25 25 0.881357

26 25 0.879618

27 25 0.874408

28 25 0.865746

29 25 0.853668

30 25 0.838221

31 25 0.819465

32 25 0.797476

33 25 0.772339

34 25 0.744155

35 25 0.713033

36 25 0.679098

37 25 0.642482

38 25 0.603331

39 25 0.561798

40 25 0.518049

41 25 0.472255

42 25 0.424597

43 25 0.375264

44 25 0.324449

45 25 0.272354

46 25 0.219185

47 25 0.16515

48 25 0.110463

49 25 0.0553409

50 25 0

0 26 0

1 26 0.0552317

2 26 0.110245

3 26 0.164824

4 26 0.218752

5 26 0.271817

6 26 0.323809

7 26 0.374523

8 26 0.423759

9 26 0.471323

10 26 0.517027

11 26 0.56069

12 26 0.60214

13 26 0.641214

14 26 0.677758

15 26 0.711626

16 26 0.742686

17 26 0.770815

18 26 0.795902

19 26 0.817848

20 26 0.836567

21 26 0.851983

22 26 0.864038

23 26 0.872682

24 26 0.877883

25 26 0.879618

26 26 0.877883

27 26 0.872682

28 26 0.864038

29 26 0.851983

30 26 0.836567

31 26 0.817848

32 26 0.795902

33 26 0.770815

34 26 0.742686

35 26 0.711626

36 26 0.677758

37 26 0.641214

38 26 0.60214

39 26 0.56069

40 26 0.517027

41 26 0.471323

42 26 0.423759

43 26 0.374523

44 26 0.323809

45 26 0.271817

46 26 0.218752

47 26 0.164824

48 26 0.110245

49 26 0.0552317

50 26 0

0 27 0

1 27 0.0549045

2 27 0.109592

3 27 0.163848

4 27 0.217456

5 27 0.270207

6 27 0.321891

7 27 0.372305

8 27 0.421249

9 27 0.468531

10 27 0.513964

11 27 0.557368

12 27 0.598573

13 27 0.637416

14 27 0.673743

15 27 0.707411

16 27 0.738287

17 27 0.766249

18 27 0.791188

19 27 0.813004

20 27 0.831611

21 27 0.846937

22 27 0.85892

23 27 0.867513

24 27 0.872682

25 27 0.874408

26 27 0.872682

27 27 0.867513

28 27 0.85892

29 27 0.846937

30 27 0.831611

31 27 0.813004

32 27 0.791188

33 27 0.766249

34 27 0.738287

35 27 0.707411

36 27 0.673743

37 27 0.637416

38 27 0.598573

39 27 0.557368

40 27 0.513964

41 27 0.468531

42 27 0.421249

43 27 0.372305

44 27 0.321891

45 27 0.270207

46 27 0.217456

47 27 0.163848

48 27 0.109592

49 27 0.0549045

50 27 0

0 28 0

1 28 0.0543607

2 28 0.108507

3 28 0.162225

4 28 0.215302

5 28 0.26753

6 28 0.318702

7 28 0.368617

8 28 0.417076

9 28 0.46389

10 28 0.508873

11 28 0.551847

12 28 0.592644

13 28 0.631102

14 28 0.667069

15 28 0.700403

16 28 0.730974

17 28 0.758659

18 28 0.783351

19 28 0.80495

20 28 0.823374

21 28 0.838547

22 28 0.850411

23 28 0.85892

24 28 0.864038

25 28 0.865746

26 28 0.864038

27 28 0.85892

28 28 0.850411

29 28 0.838547

30 28 0.823374

31 28 0.80495

32 28 0.783351

33 28 0.758659

34 28 0.730974

35 28 0.700403

36 28 0.667069

37 28 0.631102

38 28 0.592644

39 28 0.551847

40 28 0.508873

41 28 0.46389

42 28 0.417076

43 28 0.368617

44 28 0.318702

45 28 0.26753

46 28 0.215302

47 28 0.162225

48 28 0.108507

49 28 0.0543607

50 28 0

0 29 0

1 29 0.0536023

2 29 0.106993

3 29 0.159961

4 29 0.212299

5 29 0.263798

6 29 0.314256

7 29 0.363474

8 29 0.411258

9 29 0.457418

10 29 0.501773

11 29 0.544148

12 29 0.584376

13 29 0.622297

14 29 0.657762

15 29 0.690632

16 29 0.720776

17 29 0.748075

18 29 0.772422

19 29 0.79372

20 29 0.811886

21 29 0.826848

22 29 0.838547

23 29 0.846937

24 29 0.851983

25 29 0.853668

26 29 0.851983

27 29 0.846937

28 29 0.838547

29 29 0.826848

30 29 0.811886

31 29 0.79372

32 29 0.772422

33 29 0.748075

34 29 0.720776

35 29 0.690632

36 29 0.657762

37 29 0.622297

38 29 0.584376

39 29 0.544148

40 29 0.501773

41 29 0.457418

42 29 0.411258

43 29 0.363474

44 29 0.314256

45 29 0.263798

46 29 0.212299

47 29 0.159961

48 29 0.106993

49 29 0.0536023

50 29 0

0 30 0

1 30 0.0526323

2 30 0.105057

3 30 0.157067

4 30 0.208457

5 30 0.259024

6 30 0.30857

7 30 0.356897

8 30 0.403816

9 30 0.449141

10 30 0.492694

11 30 0.534302

12 30 0.573802

13 30 0.611037

14 30 0.64586

15 30 0.678135

16 30 0.707733

17 30 0.734538

18 30 0.758445

19 30 0.779358

20 30 0.797195

21 30 0.811886

22 30 0.823374

23 30 0.831611

24 30 0.836567

25 30 0.838221

26 30 0.836567

27 30 0.831611

28 30 0.823374

29 30 0.811886

30 30 0.797195

31 30 0.779358

32 30 0.758445

33 30 0.734538

34 30 0.707733

35 30 0.678135

36 30 0.64586

37 30 0.611037

38 30 0.573802

39 30 0.534302

40 30 0.492694

41 30 0.449141

42 30 0.403816

43 30 0.356897

44 30 0.30857

45 30 0.259024

46 30 0.208457

47 30 0.157067

48 30 0.105057

49 30 0.0526323

50 30 0

0 31 0

1 31 0.0514547

2 31 0.102706

3 31 0.153553

4 31 0.203793

5 31 0.253229

6 31 0.301665

7 31 0.348911

8 31 0.39478

9 31 0.439092

10 31 0.48167

11 31 0.522347

12 31 0.560963

13 31 0.597365

14 31 0.631409

15 31 0.662961

16 31 0.691898

17 31 0.718103

18 31 0.741474

19 31 0.76192

20 31 0.779358

21 31 0.79372

22 31 0.80495

23 31 0.813004

24 31 0.817848

25 31 0.819465

26 31 0.817848

27 31 0.813004

28 31 0.80495

29 31 0.79372

30 31 0.779358

31 31 0.76192

32 31 0.741474

33 31 0.718103

34 31 0.691898

35 31 0.662961

36 31 0.631409

37 31 0.597365

38 31 0.560963

39 31 0.522347

40 31 0.48167

41 31 0.439092

42 31 0.39478

43 31 0.348911

44 31 0.301665

45 31 0.253229

46 31 0.203793

47 31 0.153553

48 31 0.102706

49 31 0.0514547

50 31 0

0 32 0

1 32 0.0500739

2 32 0.0999503

3 32 0.149432

4 32 0.198324

5 32 0.246434

6 32 0.293571

7 32 0.339549

8 32 0.384187

9 32 0.427309

10 32 0.468745

11 32 0.50833

12 32 0.54591

13 32 0.581335

14 32 0.614466

15 32 0.645172

16 32 0.673331

17 32 0.698834

18 32 0.721578

19 32 0.741474

20 32 0.758445

21 32 0.772422

22 32 0.783351

23 32 0.791188

24 32 0.795902

25 32 0.797476

26 32 0.795902

27 32 0.791188

28 32 0.783351

29 32 0.772422

30 32 0.758445

31 32 0.741474

32 32 0.721578

33 32 0.698834

34 32 0.673331

35 32 0.645172

36 32 0.614466

37 32 0.581335

38 32 0.54591

39 32 0.50833

40 32 0.468745

41 32 0.427309

42 32 0.384187

43 32 0.339549

44 32 0.293571

45 32 0.246434

46 32 0.198324

47 32 0.149432

48 32 0.0999503

49 32 0.0500739

50 32 0

0 33 0

1 33 0.0484956

2 33 0.0967998

3 33 0.144722

4 33 0.192073

5 33 0.238666

6 33 0.284317

7 33 0.328846

8 33 0.372077

9 33 0.41384

10 33 0.45397

11 33 0.492308

12 33 0.528703

13 33 0.563011

14 33 0.595098

15 33 0.624836

16 33 0.652108

17 33 0.676806

18 33 0.698834

19 33 0.718103

20 33 0.734538

21 33 0.748075

22 33 0.758659

23 33 0.766249

24 33 0.770815

25 33 0.772339

26 33 0.770815

27 33 0.766249

28 33 0.758659

29 33 0.748075

30 33 0.734538

31 33 0.718103

32 33 0.698834

33 33 0.676806

34 33 0.652108

35 33 0.624836

36 33 0.595098

37 33 0.563011

38 33 0.528703

39 33 0.492308

40 33 0.45397

41 33 0.41384

42 33 0.372077

43 33 0.328846

44 33 0.284317

45 33 0.238666

46 33 0.192073

47 33 0.144722

48 33 0.0967998

49 33 0.0484956

50 33 0

0 34 0

1 34 0.0467259

2 34 0.0932673

3 34 0.139441

4 34 0.185064

5 34 0.229956

6 34 0.273942

7 34 0.316846

8 34 0.358499

9 34 0.398738

10 34 0.437403

11 34 0.474342

12 34 0.509409

13 34 0.542465

14 34 0.573381

15 34 0.602034

16 34 0.628311

17 34 0.652108

18 34 0.673331

19 34 0.691898

20 34 0.707733

21 34 0.720776

22 34 0.730974

23 34 0.738287

24 34 0.742686

25 34 0.744155

26 34 0.742686

27 34 0.738287

28 34 0.730974

29 34 0.720776

30 34 0.707733

31 34 0.691898

32 34 0.673331

33 34 0.652108

34 34 0.628311

35 34 0.602034

36 34 0.573381

37 34 0.542465

38 34 0.509409

39 34 0.474342

40 34 0.437403

41 34 0.398738

42 34 0.358499

43 34 0.316846

44 34 0.273942

45 34 0.229956

46 34 0.185064

47 34 0.139441

48 34 0.0932673

49 34 0.0467259

50 34 0

0 35 0

1 35 0.0447717

2 35 0.0893668

3 35 0.133609

4 35 0.177324

5 35 0.220339

6 35 0.262485

7 35 0.303595

8 35 0.343506

9 35 0.382062

10 35 0.41911

11 35 0.454504

12 35 0.488105

13 35 0.519779

14 35 0.549401

15 35 0.576856

16 35 0.602034

17 35 0.624836

18 35 0.645172

19 35 0.662961

20 35 0.678135

21 35 0.690632

22 35 0.700403

23 35 0.707411

24 35 0.711626

25 35 0.713033

26 35 0.711626

27 35 0.707411

28 35 0.700403

29 35 0.690632

30 35 0.678135

31 35 0.662961

32 35 0.645172

33 35 0.624836

34 35 0.602034

35 35 0.576856

36 35 0.549401

37 35 0.519779

38 35 0.488105

39 35 0.454504

40 35 0.41911

41 35 0.382062

42 35 0.343506

43 35 0.303595

44 35 0.262485

45 35 0.220339

46 35 0.177324

47 35 0.133609

48 35 0.0893668

49 35 0.0447717

50 35 0

0 36 0

1 36 0.0426409

2 36 0.0851135

3 36 0.12725

4 36 0.168885

5 36 0.209853

6 36 0.249992

7 36 0.289146

8 36 0.327158

9 36 0.363879

10 36 0.399164

11 36 0.432873

12 36 0.464874

13 36 0.495041

14 36 0.523254

15 36 0.549401

16 36 0.573381

17 36 0.595098

18 36 0.614466

19 36 0.631409

20 36 0.64586

21 36 0.657762

22 36 0.667069

23 36 0.673743

24 36 0.677758

25 36 0.679098

26 36 0.677758

27 36 0.673743

28 36 0.667069

29 36 0.657762

30 36 0.64586

31 36 0.631409

32 36 0.614466

33 36 0.595098

34 36 0.573381

35 36 0.549401

36 36 0.523254

37 36 0.495041

38 36 0.464874

39 36 0.432873

40 36 0.399164

41 36 0.363879

42 36 0.327158

43 36 0.289146

44 36 0.249992

45 36 0.209853

46 36 0.168885

47 36 0.12725

48 36 0.0851135

49 36 0.0426409

50 36 0

0 37 0

1 37 0.0403418

2 37 0.0805243

3 37 0.120389

4 37 0.159779

5 37 0.198538

6 37 0.236513

7 37 0.273556

8 37 0.309518

9 37 0.344259

10 37 0.377641

11 37 0.409533

12 37 0.439809

13 37 0.468349

14 37 0.495041

15 37 0.519779

16 37 0.542465

17 37 0.563011

18 37 0.581335

19 37 0.597365

20 37 0.611037

21 37 0.622297

22 37 0.631102

23 37 0.637416

24 37 0.641214

25 37 0.642482

26 37 0.641214

27 37 0.637416

28 37 0.631102

29 37 0.622297

30 37 0.611037

31 37 0.597365

32 37 0.581335

33 37 0.563011

34 37 0.542465

35 37 0.519779

36 37 0.495041

37 37 0.468349

38 37 0.439809

39 37 0.409533

40 37 0.377641

41 37 0.344259

42 37 0.309518

43 37 0.273556

44 37 0.236513

45 37 0.198538

46 37 0.159779

47 37 0.120389

48 37 0.0805243

49 37 0.0403418

50 37 0

0 38 0

1 38 0.0378834

2 38 0.0756174

3 38 0.113053

4 38 0.150042

5 38 0.186439

6 38 0.222101

7 38 0.256886

8 38 0.290657

9 38 0.323281

10 38 0.354629

11 38 0.384577

12 38 0.413008

13 38 0.439809

14 38 0.464874

15 38 0.488105

16 38 0.509409

17 38 0.528703

18 38 0.54591

19 38 0.560963

20 38 0.573802

21 38 0.584376

22 38 0.592644

23 38 0.598573

24 38 0.60214

25 38 0.603331

26 38 0.60214

27 38 0.598573

28 38 0.592644

29 38 0.584376

30 38 0.573802

31 38 0.560963

32 38 0.54591

33 38 0.528703

34 38 0.509409

35 38 0.488105

36 38 0.464874

37 38 0.439809

38 38 0.413008

39 38 0.384577

40 38 0.354629

41 38 0.323281

42 38 0.290657

43 38 0.256886

44 38 0.222101

45 38 0.186439

46 38 0.150042

47 38 0.113053

48 38 0.0756174

49 38 0.0378834

50 38 0

0 39 0

1 39 0.0352756

2 39 0.070412

3 39 0.105271

4 39 0.139714

5 39 0.173605

6 39 0.206812

7 39 0.239202

8 39 0.270648

9 39 0.301027

10 39 0.330217

11 39 0.358104

12 39 0.384577

13 39 0.409533

14 39 0.432873

15 39 0.454504

16 39 0.474342

17 39 0.492308

18 39 0.50833

19 39 0.522347

20 39 0.534302

21 39 0.544148

22 39 0.551847

23 39 0.557368

24 39 0.56069

25 39 0.561798

26 39 0.56069

27 39 0.557368

28 39 0.551847

29 39 0.544148

30 39 0.534302

31 39 0.522347

32 39 0.50833

33 39 0.492308

34 39 0.474342

35 39 0.454504

36 39 0.432873

37 39 0.409533

38 39 0.384577

39 39 0.358104

40 39 0.330217

41 39 0.301027

42 39 0.270648

43 39 0.239202

44 39 0.206812

45 39 0.173605

46 39 0.139714

47 39 0.105271

48 39 0.070412

49 39 0.0352756

50 39 0

0 40 0

1 40 0.0325286

2 40 0.0649287

3 40 0.0970727

4 40 0.128834

5 40 0.160086

6 40 0.190707

7 40 0.220574

8 40 0.249572

9 40 0.277584

10 40 0.304502

11 40 0.330217

12 40 0.354629

13 40 0.377641

14 40 0.399164

15 40 0.41911

16 40 0.437403

17 40 0.45397

18 40 0.468745

19 40 0.48167

20 40 0.492694

21 40 0.501773

22 40 0.508873

23 40 0.513964

24 40 0.517027

25 40 0.518049

26 40 0.517027

27 40 0.513964

28 40 0.508873

29 40 0.501773

30 40 0.492694

31 40 0.48167

32 40 0.468745

33 40 0.45397

34 40 0.437403

35 40 0.41911

36 40 0.399164

37 40 0.377641

38 40 0.354629

39 40 0.330217

40 40 0.304502

41 40 0.277584

42 40 0.249572

43 40 0.220574

44 40 0.190707

45 40 0.160086

46 40 0.128834

47 40 0.0970727

48 40 0.0649287

49 40 0.0325286

50 40 0

0 41 0

1 41 0.0296531

2 41 0.0591892

3 41 0.0884918

4 41 0.117445

5 41 0.145935

6 41 0.173849

7 41 0.201076

8 41 0.227511

9 41 0.253047

10 41 0.277584

11 41 0.301027

12 41 0.323281

13 41 0.344259

14 41 0.363879

15 41 0.382062

16 41 0.398738

17 41 0.41384

18 41 0.427309

19 41 0.439092

20 41 0.449141

21 41 0.457418

22 41 0.46389

23 41 0.468531

24 41 0.471323

25 41 0.472255

26 41 0.471323

27 41 0.468531

28 41 0.46389

29 41 0.457418

30 41 0.449141

31 41 0.439092

32 41 0.427309

33 41 0.41384

34 41 0.398738

35 41 0.382062

36 41 0.363879

37 41 0.344259

38 41 0.323281

39 41 0.301027

40 41 0.277584

41 41 0.253047

42 41 0.227511

43 41 0.201076

44 41 0.173849

45 41 0.145935

46 41 0.117445

47 41 0.0884918

48 41 0.0591892

49 41 0.0296531

50 41 0

0 42 0

1 42 0.0266607

2 42 0.0532161

3 42 0.0795616

4 42 0.105593

5 42 0.131208

6 42 0.156305

7 42 0.180785

8 42 0.204551

9 42 0.227511

10 42 0.249572

11 42 0.270648

12 42 0.290657

13 42 0.309518

14 42 0.327158

15 42 0.343506

16 42 0.358499

17 42 0.372077

18 42 0.384187

19 42 0.39478

20 42 0.403816

21 42 0.411258

22 42 0.417076

23 42 0.421249

24 42 0.423759

25 42 0.424597

26 42 0.423759

27 42 0.421249

28 42 0.417076

29 42 0.411258

30 42 0.403816

31 42 0.39478

32 42 0.384187

33 42 0.372077

34 42 0.358499

35 42 0.343506

36 42 0.327158

37 42 0.309518

38 42 0.290657

39 42 0.270648

40 42 0.249572

41 42 0.227511

42 42 0.204551

43 42 0.180785

44 42 0.156305

45 42 0.131208

46 42 0.105593

47 42 0.0795616

48 42 0.0532161

49 42 0.0266607

50 42 0

0 43 0

1 43 0.023563

2 43 0.047033

3 43 0.0703174

4 43 0.0933243

5 43 0.115963

6 43 0.138144

7 43 0.15978

8 43 0.180785

9 43 0.201076

10 43 0.220574

11 43 0.239202

12 43 0.256886

13 43 0.273556

14 43 0.289146

15 43 0.303595

16 43 0.316846

17 43 0.328846

18 43 0.339549

19 43 0.348911

20 43 0.356897

21 43 0.363474

22 43 0.368617

23 43 0.372305

24 43 0.374523

25 43 0.375264

26 43 0.374523

27 43 0.372305

28 43 0.368617

29 43 0.363474

30 43 0.356897

31 43 0.348911

32 43 0.339549

33 43 0.328846

34 43 0.316846

35 43 0.303595

36 43 0.289146

37 43 0.273556

38 43 0.256886

39 43 0.239202

40 43 0.220574

41 43 0.201076

42 43 0.180785

43 43 0.15978

44 43 0.138144

45 43 0.115963

46 43 0.0933243

47 43 0.0703174

48 43 0.047033

49 43 0.023563

50 43 0

0 44 0

1 44 0.0203723

2 44 0.0406643

3 44 0.0607957

4 44 0.0806873

5 44 0.10026

6 44 0.119438

7 44 0.138144

8 44 0.156305

9 44 0.173849

10 44 0.190707

11 44 0.206812

12 44 0.222101

13 44 0.236513

14 44 0.249992

15 44 0.262485

16 44 0.273942

17 44 0.284317

18 44 0.293571

19 44 0.301665

20 44 0.30857

21 44 0.314256

22 44 0.318702

23 44 0.321891

24 44 0.323809

25 44 0.324449

26 44 0.323809

27 44 0.321891

28 44 0.318702

29 44 0.314256

30 44 0.30857

31 44 0.301665

32 44 0.293571

33 44 0.284317

34 44 0.273942

35 44 0.262485

36 44 0.249992

37 44 0.236513

38 44 0.222101

39 44 0.206812

40 44 0.190707

41 44 0.173849

42 44 0.156305

43 44 0.138144

44 44 0.119438

45 44 0.10026

46 44 0.0806873

47 44 0.0607957

48 44 0.0406643

49 44 0.0203723

50 44 0

0 45 0

1 45 0.0171013

2 45 0.0341351

3 45 0.0510341

4 45 0.0677318

5 45 0.0841621

6 45 0.10026

7 45 0.115963

8 45 0.131208

9 45 0.145935

10 45 0.160086

11 45 0.173605

12 45 0.186439

13 45 0.198538

14 45 0.209853

15 45 0.220339

16 45 0.229956

17 45 0.238666

18 45 0.246434

19 45 0.253229

20 45 0.259024

21 45 0.263798

22 45 0.26753

23 45 0.270207

24 45 0.271817

25 45 0.272354

26 45 0.271817

27 45 0.270207

28 45 0.26753

29 45 0.263798

30 45 0.259024

31 45 0.253229

32 45 0.246434

33 45 0.238666

34 45 0.229956

35 45 0.220339

36 45 0.209853

37 45 0.198538

38 45 0.186439

39 45 0.173605

40 45 0.160086

41 45 0.145935

42 45 0.131208

43 45 0.115963

44 45 0.10026

45 45 0.0841621

46 45 0.0677318

47 45 0.0510341

48 45 0.0341351

49 45 0.0171013

50 45 0

0 46 0

1 46 0.0137627

2 46 0.0274711

3 46 0.0410711

4 46 0.054509

5 46 0.0677318

6 46 0.0806873

7 46 0.0933243

8 46 0.105593

9 46 0.117445

10 46 0.128834

11 46 0.139714

12 46 0.150042

13 46 0.159779

14 46 0.168885

15 46 0.177324

16 46 0.185064

17 46 0.192073

18 46 0.198324

19 46 0.203793

20 46 0.208457

21 46 0.212299

22 46 0.215302

23 46 0.217456

24 46 0.218752

25 46 0.219185

26 46 0.218752

27 46 0.217456

28 46 0.215302

29 46 0.212299

30 46 0.208457

31 46 0.203793

32 46 0.198324

33 46 0.192073

34 46 0.185064

35 46 0.177324

36 46 0.168885

37 46 0.159779

38 46 0.150042

39 46 0.139714

40 46 0.128834

41 46 0.117445

42 46 0.105593

43 46 0.0933243

44 46 0.0806873

45 46 0.0677318

46 46 0.054509

47 46 0.0410711

48 46 0.0274711

49 46 0.0137627

50 46 0

0 47 0

1 47 0.0103698

2 47 0.0206988

3 47 0.030946

4 47 0.0410711

5 47 0.0510341

6 47 0.0607957

7 47 0.0703174

8 47 0.0795616

9 47 0.0884918

10 47 0.0970727

11 47 0.105271

12 47 0.113053

13 47 0.120389

14 47 0.12725

15 47 0.133609

16 47 0.139441

17 47 0.144722

18 47 0.149432

19 47 0.153553

20 47 0.157067

21 47 0.159961

22 47 0.162225

23 47 0.163848

24 47 0.164824

25 47 0.16515

26 47 0.164824

27 47 0.163848

28 47 0.162225

29 47 0.159961

30 47 0.157067

31 47 0.153553

32 47 0.149432

33 47 0.144722

34 47 0.139441

35 47 0.133609

36 47 0.12725

37 47 0.120389

38 47 0.113053

39 47 0.105271

40 47 0.0970727

41 47 0.0884918

42 47 0.0795616

43 47 0.0703174

44 47 0.0607957

45 47 0.0510341

46 47 0.0410711

47 47 0.030946

48 47 0.0206988

49 47 0.0103698

50 47 0

0 48 0

1 48 0.00693605

2 48 0.0138447

3 48 0.0206988

4 48 0.0274711

5 48 0.0341351

6 48 0.0406643

7 48 0.047033

8 48 0.0532161

9 48 0.0591892

10 48 0.0649287

11 48 0.070412

12 48 0.0756174

13 48 0.0805243

14 48 0.0851135

15 48 0.0893668

16 48 0.0932673

17 48 0.0967998

18 48 0.0999503

19 48 0.102706

20 48 0.105057

21 48 0.106993

22 48 0.108507

23 48 0.109592

24 48 0.110245

25 48 0.110463

26 48 0.110245

27 48 0.109592

28 48 0.108507

29 48 0.106993

30 48 0.105057

31 48 0.102706

32 48 0.0999503

33 48 0.0967998

34 48 0.0932673

35 48 0.0893668

36 48 0.0851135

37 48 0.0805243

38 48 0.0756174

39 48 0.070412

40 48 0.0649287

41 48 0.0591892

42 48 0.0532161

43 48 0.047033

44 48 0.0406643

45 48 0.0341351

46 48 0.0274711

47 48 0.0206988

48 48 0.0138447

49 48 0.00693605

50 48 0

0 49 0

1 49 0.00347488

2 49 0.00693605

3 49 0.0103698

4 49 0.0137627

5 49 0.0171013

6 49 0.0203723

7 49 0.023563

8 49 0.0266607

9 49 0.0296531

10 49 0.0325286

11 49 0.0352756

12 49 0.0378834

13 49 0.0403418

14 49 0.0426409

15 49 0.0447717

16 49 0.0467259

17 49 0.0484956

18 49 0.0500739

19 49 0.0514547

20 49 0.0526323

21 49 0.0536023

22 49 0.0543607

23 49 0.0549045

24 49 0.0552317

25 49 0.0553409

26 49 0.0552317

27 49 0.0549045

28 49 0.0543607

29 49 0.0536023

30 49 0.0526323

31 49 0.0514547

32 49 0.0500739

33 49 0.0484956

34 49 0.0467259

35 49 0.0447717

36 49 0.0426409

37 49 0.0403418

38 49 0.0378834

39 49 0.0352756

40 49 0.0325286

41 49 0.0296531

42 49 0.0266607

43 49 0.023563

44 49 0.0203723

45 49 0.0171013

46 49 0.0137627

47 49 0.0103698

48 49 0.00693605

49 49 0.00347488

50 49 0

