0 1 0

1 1 0.000641726

2 1 0.00128092

3 1 0.00191506

4 1 0.00254164

5 1 0.00315819

6 1 0.00376227

7 1 0.00435151

8 1 0.00492357

9 1 0.0054762

10 1 0.00600723

11 1 0.00651454

12 1 0.00699614

13 1 0.00745013

14 1 0.00787472

15 1 0.00826824

16 1 0.00862912

17 1 0.00895594

18 1 0.00924742

19 1 0.00950241

20 1 0.00971989

21 1 0.00989902

22 1 0.0100391

23 1 0.0101395

24 1 0.0101999

25 1 0.0102201

26 1 0.0101999

27 1 0.0101395

28 1 0.0100391

29 1 0.00989902

30 1 0.00971989

31 1 0.00950241

32 1 0.00924742

33 1 0.00895594

34 1 0.00862912

35 1 0.00826824

36 1 0.00787472

37 1 0.00745013

38 1 0.00699614

39 1 0.00651454

40 1 0.00600723

41 1 0.0054762

42 1 0.00492357

43 1 0.00435151

44 1 0.00376227

45 1 0.00315819

46 1 0.00254164

47 1 0.00191506

48 1 0.00128092

49 1 0.000641726

50 1 0

0 2 0

1 2 0.00128092

2 2 0.00255678

3 2 0.00382255

4 2 0.00507324

5 2 0.00630391

6 2 0.00750969

7 2 0.00868584

8 2 0.00982771

9 2 0.0109308

10 2 0.0119907

11 2 0.0130034

12 2 0.0139647

13 2 0.0148709

14 2 0.0157184

15 2 0.0165038

16 2 0.0172242

17 2 0.0178765

18 2 0.0184584

19 2 0.0189673

20 2 0.0194014

21 2 0.019759

22 2 0.0200385

23 2 0.020239

24 2 0.0203596

25 2 0.0203999

26 2 0.0203596

27 2 0.020239

28 2 0.0200385

29 2 0.019759

30 2 0.0194014

31 2 0.0189673

32 2 0.0184584

33 2 0.0178765

34 2 0.0172242

35 2 0.0165038

36 2 0.0157184

37 2 0.0148709

38 2 0.0139647

39 2 0.0130034

40 2 0.0119907

41 2 0.0109308

42 2 0.00982771

43 2 0.00868584

44 2 0.00750969

45 2 0.00630391

46 2 0.00507324

47 2 0.00382255

48 2 0.00255678

49 2 0.00128092

50 2 0

0 3 0

1 3 0.00191506

2 3 0.00382255

3 3 0.00571497

4 3 0.00758482

5 3 0.00942475

6 3 0.0112275

7 3 0.0129859

8 3 0.0146931

9 3 0.0163423

10 3 0.0179269

11 3 0.0194409

12 3 0.0208781

13 3 0.0222329

14 3 0.0235

15 3 0.0246743

16 3 0.0257513

17 3 0.0267266

18 3 0.0275964

19 3 0.0283574

20 3 0.0290064

21 3 0.0295409

22 3 0.0299589

23 3 0.0302586

24 3 0.0304389

25 3 0.0304991

26 3 0.0304389

27 3 0.0302586

28 3 0.0299589

29 3 0.0295409

30 3 0.0290064

31 3 0.0283574

32 3 0.0275964

33 3 0.0267266

34 3 0.0257513

35 3 0.0246743

36 3 0.0235

37 3 0.0222329

38 3 0.0208781

39 3 0.0194409

40 3 0.0179269

41 3 0.0163423

42 3 0.0146931

43 3 0.0129859

44 3 0.0112275

45 3 0.00942475

46 3 0.00758482

47 3 0.00571497

48 3 0.00382255

49 3 0.00191506

50 3 0

0 4 0

1 4 0.00254164

2 4 0.00507324

3 4 0.00758482

4 4 0.0100665

5 4 0.0125084

6 4 0.014901

7 4 0.0172347

8 4 0.0195004

9 4 0.0216892

10 4 0.0237924

11 4 0.0258017

12 4 0.0277091

13 4 0.0295072

14 4 0.0311889

15 4 0.0327474

16 4 0.0341767

17 4 0.0354712

18 4 0.0366256

19 4 0.0376355

20 4 0.0384969

21 4 0.0392063

22 4 0.039761

23 4 0.0401588

24 4 0.0403981

25 4 0.040478

26 4 0.0403981

27 4 0.0401588

28 4 0.039761

29 4 0.0392063

30 4 0.0384969

31 4 0.0376355

32 4 0.0366256

33 4 0.0354712

34 4 0.0341767

35 4 0.0327474

36 4 0.0311889

37 4 0.0295072

38 4 0.0277091

39 4 0.0258017

40 4 0.0237924

41 4 0.0216892

42 4 0.0195004

43 4 0.0172347

44 4 0.014901

45 4 0.0125084

46 4 0.0100665

47 4 0.00758482

48 4 0.00507324

49 4 0.00254164

50 4 0

0 5 0

1 5 0.00315819

2 5 0.00630391

3 5 0.00942475

4 5 0.0125084

5 5 0.0155427

6 5 0.0185156

7 5 0.0214155

8 5 0.0242308

9 5 0.0269506

10 5 0.0295639

11 5 0.0320606

12 5 0.0344308

13 5 0.0366651

14 5 0.0387546

15 5 0.0406913

16 5 0.0424673

17 5 0.0440757

18 5 0.0455102

19 5 0.0467651

20 5 0.0478354

21 5 0.048717

22 5 0.0494063

23 5 0.0499006

24 5 0.0501979

25 5 0.0502972

26 5 0.0501979

27 5 0.0499006

28 5 0.0494063

29 5 0.048717

30 5 0.0478354

31 5 0.0467651

32 5 0.0455102

33 5 0.0440757

34 5 0.0424673

35 5 0.0406913

36 5 0.0387546

37 5 0.0366651

38 5 0.0344308

39 5 0.0320606

40 5 0.0295639

41 5 0.0269506

42 5 0.0242308

43 5 0.0214155

44 5 0.0185156

45 5 0.0155427

46 5 0.0125084

47 5 0.00942475

48 5 0.00630391

49 5 0.00315819

50 5 0

0 6 0

1 6 0.00376227

2 6 0.00750969

3 6 0.0112275

4 6 0.014901

5 6 0.0185156

6 6 0.0220572

7 6 0.0255118

8 6 0.0288656

9 6 0.0321056

10 6 0.0352188

11 6 0.038193

12 6 0.0410166

13 6 0.0436782

14 6 0.0461675

15 6 0.0484745

16 6 0.0505903

17 6 0.0525064

18 6 0.0542153

19 6 0.0557102

20 6 0.0569852

21 6 0.0580354

22 6 0.0588565

23 6 0.0594453

24 6 0.0597996

25 6 0.0599178

26 6 0.0597996

27 6 0.0594453

28 6 0.0588565

29 6 0.0580354

30 6 0.0569852

31 6 0.0557102

32 6 0.0542153

33 6 0.0525064

34 6 0.0505903

35 6 0.0484745

36 6 0.0461675

37 6 0.0436782

38 6 0.0410166

39 6 0.038193

40 6 0.0352188

41 6 0.0321056

42 6 0.0288656

43 6 0.0255118

44 6 0.0220572

45 6 0.0185156

46 6 0.014901

47 6 0.0112275

48 6 0.00750969

49 6 0.00376227

50 6 0

0 7 0

1 7 0.00435151

2 7 0.00868584

3 7 0.0129859

4 7 0.0172347

5 7 0.0214155

6 7 0.0255118

7 7 0.0295074

8 7 0.0333865

9 7 0.0371339

10 7 0.0407347

11 7 0.0441747

12 7 0.0474405

13 7 0.050519

14 7 0.0533981

15 7 0.0560665

16 7 0.0585136

17 7 0.0607298

18 7 0.0627063

19 7 0.0644354

20 7 0.0659101

21 7 0.0671247

22 7 0.0680745

23 7 0.0687555

24 7 0.0691652

25 7 0.069302

26 7 0.0691652

27 7 0.0687555

28 7 0.0680745

29 7 0.0671247

30 7 0.0659101

31 7 0.0644354

32 7 0.0627063

33 7 0.0607298

34 7 0.0585136

35 7 0.0560665

36 7 0.0533981

37 7 0.050519

38 7 0.0474405

39 7 0.0441747

40 7 0.0407347

41 7 0.0371339

42 7 0.0333865

43 7 0.0295074

44 7 0.0255118

45 7 0.0214155

46 7 0.0172347

47 7 0.0129859

48 7 0.00868584

49 7 0.00435151

50 7 0

0 8 0

1 8 0.00492357

2 8 0.00982771

3 8 0.0146931

4 8 0.0195004

5 8 0.0242308

6 8 0.0288656

7 8 0.0333865

8 8 0.0377756

9 8 0.0420156

10 8 0.0460898

11 8 0.0499821

12 8 0.0536772

13 8 0.0571604

14 8 0.060418

15 8 0.0634372

16 8 0.066206

17 8 0.0687135

18 8 0.0709499

19 8 0.0729062

20 8 0.0745749

21 8 0.0759492

22 8 0.0770238

23 8 0.0777944

24 8 0.0782579

25 8 0.0784127

26 8 0.0782579

27 8 0.0777944

28 8 0.0770238

29 8 0.0759492

30 8 0.0745749

31 8 0.0729062

32 8 0.0709499

33 8 0.0687135

34 8 0.066206

35 8 0.0634372

36 8 0.060418

37 8 0.0571604

38 8 0.0536772

39 8 0.0499821

40 8 0.0460898

41 8 0.0420156

42 8 0.0377756

43 8 0.0333865

44 8 0.0288656

45 8 0.0242308

46 8 0.0195004

47 8 0.0146931

48 8 0.00982771

49 8 0.00492357

50 8 0

0 9 0

1 9 0.0054762

2 9 0.0109308

3 9 0.0163423

4 9 0.0216892

5 9 0.0269506

6 9 0.0321056

7 9 0.0371339

8 9 0.0420156

9 9 0.0467315

10 9 0.051263

11 9 0.0555922

12 9 0.059702

13 9 0.0635762

14 9 0.0671994

15 9 0.0705575

16 9 0.0736371

17 9 0.0764261

18 9 0.0789135

19 9 0.0810894

20 9 0.0829453

21 9 0.0844739

22 9 0.0856691

23 9 0.0865262

24 9 0.0870418

25 9 0.0872139

26 9 0.0870418

27 9 0.0865262

28 9 0.0856691

29 9 0.0844739

30 9 0.0829453

31 9 0.0810894

32 9 0.0789135

33 9 0.0764261

34 9 0.0736371

35 9 0.0705575

36 9 0.0671994

37 9 0.0635762

38 9 0.059702

39 9 0.0555922

40 9 0.051263

41 9 0.0467315

42 9 0.0420156

43 9 0.0371339

44 9 0.0321056

45 9 0.0269506

46 9 0.0216892

47 9 0.0163423

48 9 0.0109308

49 9 0.0054762

50 9 0

0 10 0

1 10 0.00600723

2 10 0.0119907

3 10 0.0179269

4 10 0.0237924

5 10 0.0295639

6 10 0.0352188

7 10 0.0407347

8 10 0.0460898

9 10 0.051263

10 10 0.0562339

11 10 0.0609829

12 10 0.0654912

13 10 0.0697411

14 10 0.0737157

15 10 0.0773994

16 10 0.0807776

17 10 0.083837

18 10 0.0865656

19 10 0.0889525

20 10 0.0909884

21 10 0.0926652

22 10 0.0939763

23 10 0.0949165

24 10 0.0954821

25 10 0.0956709

26 10 0.0954821

27 10 0.0949165

28 10 0.0939763

29 10 0.0926652

30 10 0.0909884

31 10 0.0889525

32 10 0.0865656

33 10 0.083837

34 10 0.0807776

35 10 0.0773994

36 10 0.0737157

37 10 0.0697411

38 10 0.0654912

39 10 0.0609829

40 10 0.0562339

41 10 0.051263

42 10 0.0460898

43 10 0.0407347

44 10 0.0352188

45 10 0.0295639

46 10 0.0237924

47 10 0.0179269

48 10 0.0119907

49 10 0.00600723

50 10 0

0 11 0

1 11 0.00651454

2 11 0.0130034

3 11 0.0194409

4 11 0.0258017

5 11 0.0320606

6 11 0.038193

7 11 0.0441747

8 11 0.0499821

9 11 0.0555922

10 11 0.0609829

11 11 0.066133

12 11 0.071022

13 11 0.0756307

14 11 0.079941

15 11 0.0839358

16 11 0.0875993

17 11 0.0909171

18 11 0.0938761

19 11 0.0964646

20 11 0.0986724

21 11 0.100491

22 11 0.101913

23 11 0.102932

24 11 0.103546

25 11 0.10375

26 11 0.103546

27 11 0.102932

28 11 0.101913

29 11 0.100491

30 11 0.0986724

31 11 0.0964646

32 11 0.0938761

33 11 0.0909171

34 11 0.0875993

35 11 0.0839358

36 11 0.079941

37 11 0.0756307

38 11 0.071022

39 11 0.066133

40 11 0.0609829

41 11 0.0555922

42 11 0.0499821

43 11 0.0441747

44 11 0.038193

45 11 0.0320606

46 11 0.0258017

47 11 0.0194409

48 11 0.0130034

49 11 0.00651454

50 11 0

0 12 0

1 12 0.00699614

2 12 0.0139647

3 12 0.0208781

4 12 0.0277091

5 12 0.0344308

6 12 0.0410166

7 12 0.0474405

8 12 0.0536772

9 12 0.059702

10 12 0.0654912

11 12 0.071022

12 12 0.0762725

13 12 0.0812219

14 12 0.0858508

15 12 0.090141

16 12 0.0940753

17 12 0.0976384

18 12 0.100816

19 12 0.103596

20 12 0.105967

21 12 0.10792

22 12 0.109447

23 12 0.110542

24 12 0.1112

25 12 0.11142

26 12 0.1112

27 12 0.110542

28 12 0.109447

29 12 0.10792

30 12 0.105967

31 12 0.103596

32 12 0.100816

33 12 0.0976384

34 12 0.0940753

35 12 0.090141

36 12 0.0858508

37 12 0.0812219

38 12 0.0762725

39 12 0.071022

40 12 0.0654912

41 12 0.059702

42 12 0.0536772

43 12 0.0474405

44 12 0.0410166

45 12 0.0344308

46 12 0.0277091

47 12 0.0208781

48 12 0.0139647

49 12 0.00699614

50 12 0

0 13 0

1 13 0.00745013

2 13 0.0148709

3 13 0.0222329

4 13 0.0295072

5 13 0.0366651

6 13 0.0436782

7 13 0.050519

8 13 0.0571604

9 13 0.0635762

10 13 0.0697411

11 13 0.0756307

12 13 0.0812219

13 13 0.0864926

14 13 0.0914219

15 13 0.0959904

16 13 0.10018

17 13 0.103974

18 13 0.107358

19 13 0.110319

20 13 0.112843

21 13 0.114923

22 13 0.116549

23 13 0.117715

24 13 0.118416

25 13 0.118651

26 13 0.118416

27 13 0.117715

28 13 0.116549

29 13 0.114923

30 13 0.112843

31 13 0.110319

32 13 0.107358

33 13 0.103974

34 13 0.10018

35 13 0.0959904

36 13 0.0914219

37 13 0.0864926

38 13 0.0812219

39 13 0.0756307

40 13 0.0697411

41 13 0.0635762

42 13 0.0571604

43 13 0.050519

44 13 0.0436782

45 13 0.0366651

46 13 0.0295072

47 13 0.0222329

48 13 0.0148709

49 13 0.00745013

50 13 0

0 14 0

1 14 0.00787472

2 14 0.0157184

3 14 0.0235

4 14 0.0311889

5 14 0.0387546

6 14 0.0461675

7 14 0.0533981

8 14 0.060418

9 14 0.0671994

10 14 0.0737157

11 14 0.079941

12 14 0.0858508

13 14 0.0914219

14 14 0.0966321

15 14 0.101461

16 14 0.105889

17 14 0.1099

18 14 0.113477

19 14 0.116606

20 14 0.119274

21 14 0.121473

22 14 0.123191

23 14 0.124424

24 14 0.125165

25 14 0.125413

26 14 0.125165

27 14 0.124424

28 14 0.123191

29 14 0.121473

30 14 0.119274

31 14 0.116606

32 14 0.113477

33 14 0.1099

34 14 0.105889

35 14 0.101461

36 14 0.0966321

37 14 0.0914219

38 14 0.0858508

39 14 0.079941

40 14 0.0737157

41 14 0.0671994

42 14 0.060418

43 14 0.0533981

44 14 0.0461675

45 14 0.0387546

46 14 0.0311889

47 14 0.0235

48 14 0.0157184

49 14 0.00787472

50 14 0

0 15 0

1 15 0.00826824

2 15 0.0165038

3 15 0.0246743

4 15 0.0327474

5 15 0.0406913

6 15 0.0484745

7 15 0.0560665

8 15 0.0634372

9 15 0.0705575

10 15 0.0773994

11 15 0.0839358

12 15 0.090141

13 15 0.0959904

14 15 0.101461

15 15 0.106531

16 15 0.111181

17 15 0.115392

18 15 0.119147

19 15 0.122433

20 15 0.125235

21 15 0.127543

22 15 0.129347

23 15 0.130641

24 15 0.13142

25 15 0.13168

26 15 0.13142

27 15 0.130641

28 15 0.129347

29 15 0.127543

30 15 0.125235

31 15 0.122433

32 15 0.119147

33 15 0.115392

34 15 0.111181

35 15 0.106531

36 15 0.101461

37 15 0.0959904

38 15 0.090141

39 15 0.0839358

40 15 0.0773994

41 15 0.0705575

42 15 0.0634372

43 15 0.0560665

44 15 0.0484745

45 15 0.0406913

46 15 0.0327474

47 15 0.0246743

48 15 0.0165038

49 15 0.00826824

50 15 0

0 16 0

1 16 0.00862912

2 16 0.0172242

3 16 0.0257513

4 16 0.0341767

5 16 0.0424673

6 16 0.0505903

7 16 0.0585136

8 16 0.066206

9 16 0.0736371

10 16 0.0807776

11 16 0.0875993

12 16 0.0940753

13 16 0.10018

14 16 0.105889

15 16 0.111181

16 16 0.116034

17 16 0.120428

18 16 0.124348

19 16 0.127776

20 16 0.130701

21 16 0.13311

22 16 0.134993

23 16 0.136343

24 16 0.137156

25 16 0.137427

26 16 0.137156

27 16 0.136343

28 16 0.134993

29 16 0.13311

30 16 0.130701

31 16 0.127776

32 16 0.124348

33 16 0.120428

34 16 0.116034

35 16 0.111181

36 16 0.105889

37 16 0.10018

38 16 0.0940753

39 16 0.0875993

40 16 0.0807776

41 16 0.0736371

42 16 0.066206

43 16 0.0585136

44 16 0.0505903

45 16 0.0424673

46 16 0.0341767

47 16 0.0257513

48 16 0.0172242

49 16 0.00862912

50 16 0

0 17 0

1 17 0.00895594

2 17 0.0178765

3 17 0.0267266

4 17 0.0354712

5 17 0.0440757

6 17 0.0525064

7 17 0.0607298

8 17 0.0687135

9 17 0.0764261

10 17 0.083837

11 17 0.0909171

12 17 0.0976384

13 17 0.103974

14 17 0.1099

15 17 0.115392

16 17 0.120428

17 17 0.124989

18 17 0.129057

19 17 0.132616

20 17 0.135651

21 17 0.138151

22 17 0.140106

23 17 0.141507

24 17 0.142351

25 17 0.142632

26 17 0.142351

27 17 0.141507

28 17 0.140106

29 17 0.138151

30 17 0.135651

31 17 0.132616

32 17 0.129057

33 17 0.124989

34 17 0.120428

35 17 0.115392

36 17 0.1099

37 17 0.103974

38 17 0.0976384

39 17 0.0909171

40 17 0.083837

41 17 0.0764261

42 17 0.0687135

43 17 0.0607298

44 17 0.0525064

45 17 0.0440757

46 17 0.0354712

47 17 0.0267266

48 17 0.0178765

49 17 0.00895594

50 17 0

0 18 0

1 18 0.00924742

2 18 0.0184584

3 18 0.0275964

4 18 0.0366256

5 18 0.0455102

6 18 0.0542153

7 18 0.0627063

8 18 0.0709499

9 18 0.0789135

10 18 0.0865656

11 18 0.0938761

12 18 0.100816

13 18 0.107358

14 18 0.113477

15 18 0.119147

16 18 0.124348

17 18 0.129057

18 18 0.133258

19 18 0.136932

20 18 0.140066

21 18 0.142647

22 18 0.144666

23 18 0.146113

24 18 0.146984

25 18 0.147274

26 18 0.146984

27 18 0.146113

28 18 0.144666

29 18 0.142647

30 18 0.140066

31 18 0.136932

32 18 0.133258

33 18 0.129057

34 18 0.124348

35 18 0.119147

36 18 0.113477

37 18 0.107358

38 18 0.100816

39 18 0.0938761

40 18 0.0865656

41 18 0.0789135

42 18 0.0709499

43 18 0.0627063

44 18 0.0542153

45 18 0.0455102

46 18 0.0366256

47 18 0.0275964

48 18 0.0184584

49 18 0.00924742

50 18 0

0 19 0

1 19 0.00950241

2 19 0.0189673

3 19 0.0283574

4 19 0.0376355

5 19 0.0467651

6 19 0.0557102

7 19 0.0644354

8 19 0.0729062

9 19 0.0810894

10 19 0.0889525

11 19 0.0964646

12 19 0.103596

13 19 0.110319

14 19 0.116606

15 19 0.122433

16 19 0.127776

17 19 0.132616

18 19 0.136932

19 19 0.140708

20 19 0.143928

21 19 0.146581

22 19 0.148655

23 19 0.150142

24 19 0.151036

25 19 0.151335

26 19 0.151036

27 19 0.150142

28 19 0.148655

29 19 0.146581

30 19 0.143928

31 19 0.140708

32 19 0.136932

33 19 0.132616

34 19 0.127776

35 19 0.122433

36 19 0.116606

37 19 0.110319

38 19 0.103596

39 19 0.0964646

40 19 0.0889525

41 19 0.0810894

42 19 0.0729062

43 19 0.0644354

44 19 0.0557102

45 19 0.0467651

46 19 0.0376355

47 19 0.0283574

48 19 0.0189673

49 19 0.00950241

50 19 0

0 20 0

1 20 0.00971989

2 20 0.0194014

3 20 0.0290064

4 20 0.0384969

5 20 0.0478354

6 20 0.0569852

7 20 0.0659101

8 20 0.0745749

9 20 0.0829453

10 20 0.0909884

11 20 0.0986724

12 20 0.105967

13 20 0.112843

14 20 0.119274

15 20 0.125235

16 20 0.130701

17 20 0.135651

18 20 0.140066

19 20 0.143928

20 20 0.147222

21 20 0.149935

22 20 0.152057

23 20 0.153578

24 20 0.154493

25 20 0.154799

26 20 0.154493

27 20 0.153578

28 20 0.152057

29 20 0.149935

30 20 0.147222

31 20 0.143928

32 20 0.140066

33 20 0.135651

34 20 0.130701

35 20 0.125235

36 20 0.119274

37 20 0.112843

38 20 0.105967

39 20 0.0986724

40 20 0.0909884

41 20 0.0829453

42 20 0.0745749

43 20 0.0659101

44 20 0.0569852

45 20 0.0478354

46 20 0.0384969

47 20 0.0290064

48 20 0.0194014

49 20 0.00971989

50 20 0

0 21 0

1 21 0.00989902

2 21 0.019759

3 21 0.0295409

4 21 0.0392063

5 21 0.048717

6 21 0.0580354

7 21 0.0671247

8 21 0.0759492

9 21 0.0844739

10 21 0.0926652

11 21 0.100491

12 21 0.10792

13 21 0.114923

14 21 0.121473

15 21 0.127543

16 21 0.13311

17 21 0.138151

18 21 0.142647

19 21 0.146581

20 21 0.149935

21 21 0.152699

22 21 0.154859

23 21 0.156408

24 21 0.15734

25 21 0.157651

26 21 0.15734

27 21 0.156408

28 21 0.154859

29 21 0.152699

30 21 0.149935

31 21 0.146581

32 21 0.142647

33 21 0.138151

34 21 0.13311

35 21 0.127543

36 21 0.121473

37 21 0.114923

38 21 0.10792

39 21 0.100491

40 21 0.0926652

41 21 0.0844739

42 21 0.0759492

43 21 0.0671247

44 21 0.0580354

45 21 0.048717

46 21 0.0392063

47 21 0.0295409

48 21 0.019759

49 21 0.00989902

50 21 0

0 22 0

1 22 0.0100391

2 22 0.0200385

3 22 0.0299589

4 22 0.039761

5 22 0.0494063

6 22 0.0588565

7 22 0.0680745

8 22 0.0770238

9 22 0.0856691

10 22 0.0939763

11 22 0.101913

12 22 0.109447

13 22 0.116549

14 22 0.123191

15 22 0.129347

16 22 0.134993

17 22 0.140106

18 22 0.144666

19 22 0.148655

20 22 0.152057

21 22 0.154859

22 22 0.15705

23 22 0.158621

24 22 0.159567

25 22 0.159882

26 22 0.159567

27 22 0.158621

28 22 0.15705

29 22 0.154859

30 22 0.152057

31 22 0.148655

32 22 0.144666

33 22 0.140106

34 22 0.134993

35 22 0.129347

36 22 0.123191

37 22 0.116549

38 22 0.109447

39 22 0.101913

40 22 0.0939763

41 22 0.0856691

42 22 0.0770238

43 22 0.0680745

44 22 0.0588565

45 22 0.0494063

46 22 0.039761

47 22 0.0299589

48 22 0.0200385

49 22 0.0100391

50 22 0

0 23 0

1 23 0.0101395

2 23 0.020239

3 23 0.0302586

4 23 0.0401588

5 23 0.0499006

6 23 0.0594453

7 23 0.0687555

8 23 0.0777944

9 23 0.0865262

10 23 0.0949165

11 23 0.102932

12 23 0.110542

13 23 0.117715

14 23 0.124424

15 23 0.130641

16 23 0.136343

17 23 0.141507

18 23 0.146113

19 23 0.150142

20 23 0.153578

21 23 0.156408

22 23 0.158621

23 23 0.160208

24 23 0.161163

25 23 0.161482

26 23 0.161163

27 23 0.160208

28 23 0.158621

29 23 0.156408

30 23 0.153578

31 23 0.150142

32 23 0.146113

33 23 0.141507

34 23 0.136343

35 23 0.130641

36 23 0.124424

37 23 0.117715

38 23 0.110542

39 23 0.102932

40 23 0.0949165

41 23 0.0865262

42 23 0.0777944

43 23 0.0687555

44 23 0.0594453

45 23 0.0499006

46 23 0.0401588

47 23 0.0302586

48 23 0.020239

49 23 0.0101395

50 23 0

0 24 0

1 24 0.0101999

2 24 0.0203596

3 24 0.0304389

4 24 0.0403981

5 24 0.0501979

6 24 0.0597996

7 24 0.0691652

8 24 0.0782579

9 24 0.0870418

10 24 0.0954821

11 24 0.103546

12 24 0.1112

13 24 0.118416

14 24 0.125165

15 24 0.13142

16 24 0.137156

17 24 0.142351

18 24 0.146984

19 24 0.151036

20 24 0.154493

21 24 0.15734

22 24 0.159567

23 24 0.161163

24 24 0.162123

25 24 0.162444

26 24 0.162123

27 24 0.161163

28 24 0.159567

29 24 0.15734

30 24 0.154493

31 24 0.151036

32 24 0.146984

33 24 0.142351

34 24 0.137156

35 24 0.13142

36 24 0.125165

37 24 0.118416

38 24 0.1112

39 24 0.103546

40 24 0.0954821

41 24 0.0870418

42 24 0.0782579

43 24 0.0691652

44 24 0.0597996

45 24 0.0501979

46 24 0.0403981

47 24 0.0304389

48 24 0.0203596

49 24 0.0101999

50 24 0

0 25 0

1 25 0.0102201

2 25 0.0203999

3 25 0.0304991

4 25 0.040478

5 25 0.0502972

6 25 0.0599178

7 25 0.069302

8 25 0.0784127

9 25 0.0872139

10 25 0.0956709

11 25 0.10375

12 25 0.11142

13 25 0.118651

14 25 0.125413

15 25 0.13168

16 25 0.137427

17 25 0.142632

18 25 0.147274

19 25 0.151335

20 25 0.154799

21 25 0.157651

22 25 0.159882

23 25 0.161482

24 25 0.162444

25 25 0.162765

26 25 0.162444

27 25 0.161482

28 25 0.159882

29 25 0.157651

30 25 0.154799

31 25 0.151335

32 25 0.147274

33 25 0.142632

34 25 0.137427

35 25 0.13168

36 25 0.125413

37 25 0.118651

38 25 0.11142

39 25 0.10375

40 25 0.0956709

41 25 0.0872139

42 25 0.0784127

43 25 0.069302

44 25 0.0599178

45 25 0.0502972

46 25 0.040478

47 25 0.0304991

48 25 0.0203999

49 25 0.0102201

50 25 0

0 26 0

1 26 0.0101999

2 26 0.0203596

3 26 0.0304389

4 26 0.0403981

5 26 0.0501979

6 26 0.0597996

7 26 0.0691652

8 26 0.0782579

9 26 0.0870418

10 26 0.0954821

11 26 0.103546

12 26 0.1112

13 26 0.118416

14 26 0.125165

15 26 0.13142

16 26 0.137156

17 26 0.142351

18 26 0.146984

19 26 0.151036

20 26 0.154493

21 26 0.15734

22 26 0.159567

23 26 0.161163

24 26 0.162123

25 26 0.162444

26 26 0.162123

27 26 0.161163

28 26 0.159567

29 26 0.15734

30 26 0.154493

31 26 0.151036

32 26 0.146984

33 26 0.142351

34 26 0.137156

35 26 0.13142

36 26 0.125165

37 26 0.118416

38 26 0.1112

39 26 0.103546

40 26 0.0954821

41 26 0.0870418

42 26 0.0782579

43 26 0.0691652

44 26 0.0597996

45 26 0.0501979

46 26 0.0403981

47 26 0.0304389

48 26 0.0203596

49 26 0.0101999

50 26 0

0 27 0

1 27 0.0101395

2 27 0.020239

3 27 0.0302586

4 27 0.0401588

5 27 0.0499006

6 27 0.0594453

7 27 0.0687555

8 27 0.0777944

9 27 0.0865262

10 27 0.0949165

11 27 0.102932

12 27 0.110542

13 27 0.117715

14 27 0.124424

15 27 0.130641

16 27 0.136343

17 27 0.141507

18 27 0.146113

19 27 0.150142

20 27 0.153578

21 27 0.156408

22 27 0.158621

23 27 0.160208

24 27 0.161163

25 27 0.161482

26 27 0.161163

27 27 0.160208

28 27 0.158621

29 27 0.156408

30 27 0.153578

31 27 0.150142

32 27 0.146113

33 27 0.141507

34 27 0.136343

35 27 0.130641

36 27 0.124424

37 27 0.117715

38 27 0.110542

39 27 0.102932

40 27 0.0949165

41 27 0.0865262

42 27 0.0777944

43 27 0.0687555

44 27 0.0594453

45 27 0.0499006

46 27 0.0401588

47 27 0.0302586

48 27 0.020239

49 27 0.0101395

50 27 0

0 28 0

1 28 0.0100391

2 28 0.0200385

3 28 0.0299589

4 28 0.039761

5 28 0.0494063

6 28 0.0588565

7 28 0.0680745

8 28 0.0770238

9 28 0.0856691

10 28 0.0939763

11 28 0.101913

12 28 0.109447

13 28 0.116549

14 28 0.123191

15 28 0.129347

16 28 0.134993

17 28 0.140106

18 28 0.144666

19 28 0.148655

20 28 0.152057

21 28 0.154859

22 28 0.15705

23 28 0.158621

24 28 0.159567

25 28 0.159882

26 28 0.159567

27 28 0.158621

28 28 0.15705

29 28 0.154859

30 28 0.152057

31 28 0.148655

32 28 0.144666

33 28 0.140106

34 28 0.134993

35 28 0.129347

36 28 0.123191

37 28 0.116549

38 28 0.109447

39 28 0.101913

40 28 0.0939763

41 28 0.0856691

42 28 0.0770238

43 28 0.0680745

44 28 0.0588565

45 28 0.0494063

46 28 0.039761

47 28 0.0299589

48 28 0.0200385

49 28 0.0100391

50 28 0

0 29 0

1 29 0.00989902

2 29 0.019759

3 29 0.0295409

4 29 0.0392063

5 29 0.048717

6 29 0.0580354

7 29 0.0671247

8 29 0.0759492

9 29 0.0844739

10 29 0.0926652

11 29 0.100491

12 29 0.10792

13 29 0.114923

14 29 0.121473

15 29 0.127543

16 29 0.13311

17 29 0.138151

18 29 0.142647

19 29 0.146581

20 29 0.149935

21 29 0.152699

22 29 0.154859

23 29 0.156408

24 29 0.15734

25 29 0.157651

26 29 0.15734

27 29 0.156408

28 29 0.154859

29 29 0.152699

30 29 0.149935

31 29 0.146581

32 29 0.142647

33 29 0.138151

34 29 0.13311

35 29 0.127543

36 29 0.121473

37 29 0.114923

38 29 0.10792

39 29 0.100491

40 29 0.0926652

41 29 0.0844739

42 29 0.0759492

43 29 0.0671247

44 29 0.0580354

45 29 0.048717

46 29 0.0392063

47 29 0.0295409

48 29 0.019759

49 29 0.00989902

50 29 0

0 30 0

1 30 0.00971989

2 30 0.0194014

3 30 0.0290064

4 30 0.0384969

5 30 0.0478354

6 30 0.0569852

7 30 0.0659101

8 30 0.0745749

9 30 0.0829453

10 30 0.0909884

11 30 0.0986724

12 30 0.105967

13 30 0.112843

14 30 0.119274

15 30 0.125235

16 30 0.130701

17 30 0.135651

18 30 0.140066

19 30 0.143928

20 30 0.147222

21 30 0.149935

22 30 0.152057

23 30 0.153578

24 30 0.154493

25 30 0.154799

26 30 0.154493

27 30 0.153578

28 30 0.152057

29 30 0.149935

30 30 0.147222

31 30 0.143928

32 30 0.140066

33 30 0.135651

34 30 0.130701

35 30 0.125235

36 30 0.119274

37 30 0.112843

38 30 0.105967

39 30 0.0986724

40 30 0.0909884

41 30 0.0829453

42 30 0.0745749

43 30 0.0659101

44 30 0.0569852

45 30 0.0478354

46 30 0.0384969

47 30 0.0290064

48 30 0.0194014

49 30 0.00971989

50 30 0

0 31 0

1 31 0.00950241

2 31 0.0189673

3 31 0.0283574

4 31 0.0376355

5 31 0.0467651

6 31 0.0557102

7 31 0.0644354

8 31 0.0729062

9 31 0.0810894

10 31 0.0889525

11 31 0.0964646

12 31 0.103596

13 31 0.110319

14 31 0.116606

15 31 0.122433

16 31 0.127776

17 31 0.132616

18 31 0.136932

19 31 0.140708

20 31 0.143928

21 31 0.146581

22 31 0.148655

23 31 0.150142

24 31 0.151036

25 31 0.151335

26 31 0.151036

27 31 0.150142

28 31 0.148655

29 31 0.146581

30 31 0.143928

31 31 0.140708

32 31 0.136932

33 31 0.132616

34 31 0.127776

35 31 0.122433

36 31 0.116606

37 31 0.110319

38 31 0.103596

39 31 0.0964646

40 31 0.0889525

41 31 0.0810894

42 31 0.0729062

43 31 0.0644354

44 31 0.0557102

45 31 0.0467651

46 31 0.0376355

47 31 0.0283574

48 31 0.0189673

49 31 0.00950241

50 31 0

0 32 0

1 32 0.00924742

2 32 0.0184584

3 32 0.0275964

4 32 0.0366256

5 32 0.0455102

6 32 0.0542153

7 32 0.0627063

8 32 0.0709499

9 32 0.0789135

10 32 0.0865656

11 32 0.0938761

12 32 0.100816

13 32 0.107358

14 32 0.113477

15 32 0.119147

16 32 0.124348

17 32 0.129057

18 32 0.133258

19 32 0.136932

20 32 0.140066

21 32 0.142647

22 32 0.144666

23 32 0.146113

24 32 0.146984

25 32 0.147274

26 32 0.146984

27 32 0.146113

28 32 0.144666

29 32 0.142647

30 32 0.140066

31 32 0.136932

32 32 0.133258

33 32 0.129057

34 32 0.124348

35 32 0.119147

36 32 0.113477

37 32 0.107358

38 32 0.100816

39 32 0.0938761

40 32 0.0865656

41 32 0.0789135

42 32 0.0709499

43 32 0.0627063

44 32 0.0542153

45 32 0.0455102

46 32 0.0366256

47 32 0.0275964

48 32 0.0184584

49 32 0.00924742

50 32 0

0 33 0

1 33 0.00895594

2 33 0.0178765

3 33 0.0267266

4 33 0.0354712

5 33 0.0440757

6 33 0.0525064

7 33 0.0607298

8 33 0.0687135

9 33 0.0764261

10 33 0.083837

11 33 0.0909171

12 33 0.0976384

13 33 0.103974

14 33 0.1099

15 33 0.115392

16 33 0.120428

17 33 0.124989

18 33 0.129057

19 33 0.132616

20 33 0.135651

21 33 0.138151

22 33 0.140106

23 33 0.141507

24 33 0.142351

25 33 0.142632

26 33 0.142351

27 33 0.141507

28 33 0.140106

29 33 0.138151

30 33 0.135651

31 33 0.132616

32 33 0.129057

33 33 0.124989

34 33 0.120428

35 33 0.115392

36 33 0.1099

37 33 0.103974

38 33 0.0976384

39 33 0.0909171

40 33 0.083837

41 33 0.0764261

42 33 0.0687135

43 33 0.0607298

44 33 0.0525064

45 33 0.0440757

46 33 0.0354712

47 33 0.0267266

48 33 0.0178765

49 33 0.00895594

50 33 0

0 34 0

1 34 0.00862912

2 34 0.0172242

3 34 0.0257513

4 34 0.0341767

5 34 0.0424673

6 34 0.0505903

7 34 0.0585136

8 34 0.066206

9 34 0.0736371

10 34 0.0807776

11 34 0.0875993

12 34 0.0940753

13 34 0.10018

14 34 0.105889

15 34 0.111181

16 34 0.116034

17 34 0.120428

18 34 0.124348

19 34 0.127776

20 34 0.130701

21 34 0.13311

22 34 0.134993

23 34 0.136343

24 34 0.137156

25 34 0.137427

26 34 0.137156

27 34 0.136343

28 34 0.134993

29 34 0.13311

30 34 0.130701

31 34 0.127776

32 34 0.124348

33 34 0.120428

34 34 0.116034

35 34 0.111181

36 34 0.105889

37 34 0.10018

38 34 0.0940753

39 34 0.0875993

40 34 0.0807776

41 34 0.0736371

42 34 0.066206

43 34 0.0585136

44 34 0.0505903

45 34 0.0424673

46 34 0.0341767

47 34 0.0257513

48 34 0.0172242

49 34 0.00862912

50 34 0

0 35 0

1 35 0.00826824

2 35 0.0165038

3 35 0.0246743

4 35 0.0327474

5 35 0.0406913

6 35 0.0484745

7 35 0.0560665

8 35 0.0634372

9 35 0.0705575

10 35 0.0773994

11 35 0.0839358

12 35 0.090141

13 35 0.0959904

14 35 0.101461

15 35 0.106531

16 35 0.111181

17 35 0.115392

18 35 0.119147

19 35 0.122433

20 35 0.125235

21 35 0.127543

22 35 0.129347

23 35 0.130641

24 35 0.13142

25 35 0.13168

26 35 0.13142

27 35 0.130641

28 35 0.129347

29 35 0.127543

30 35 0.125235

31 35 0.122433

32 35 0.119147

33 35 0.115392

34 35 0.111181

35 35 0.106531

36 35 0.101461

37 35 0.0959904

38 35 0.090141

39 35 0.0839358

40 35 0.0773994

41 35 0.0705575

42 35 0.0634372

43 35 0.0560665

44 35 0.0484745

45 35 0.0406913

46 35 0.0327474

47 35 0.0246743

48 35 0.0165038

49 35 0.00826824

50 35 0

0 36 0

1 36 0.00787472

2 36 0.0157184

3 36 0.0235

4 36 0.0311889

5 36 0.0387546

6 36 0.0461675

7 36 0.0533981

8 36 0.060418

9 36 0.0671994

10 36 0.0737157

11 36 0.079941

12 36 0.0858508

13 36 0.0914219

14 36 0.0966321

15 36 0.101461

16 36 0.105889

17 36 0.1099

18 36 0.113477

19 36 0.116606

20 36 0.119274

21 36 0.121473

22 36 0.123191

23 36 0.124424

24 36 0.125165

25 36 0.125413

26 36 0.125165

27 36 0.124424

28 36 0.123191

29 36 0.121473

30 36 0.119274

31 36 0.116606

32 36 0.113477

33 36 0.1099

34 36 0.105889

35 36 0.101461

36 36 0.0966321

37 36 0.0914219

38 36 0.0858508

39 36 0.079941

40 36 0.0737157

41 36 0.0671994

42 36 0.060418

43 36 0.0533981

44 36 0.0461675

45 36 0.0387546

46 36 0.0311889

47 36 0.0235

48 36 0.0157184

49 36 0.00787472

50 36 0

0 37 0

1 37 0.00745013

2 37 0.0148709

3 37 0.0222329

4 37 0.0295072

5 37 0.0366651

6 37 0.0436782

7 37 0.050519

8 37 0.0571604

9 37 0.0635762

10 37 0.0697411

11 37 0.0756307

12 37 0.0812219

13 37 0.0864926

14 37 0.0914219

15 37 0.0959904

16 37 0.10018

17 37 0.103974

18 37 0.107358

19 37 0.110319

20 37 0.112843

21 37 0.114923

22 37 0.116549

23 37 0.117715

24 37 0.118416

25 37 0.118651

26 37 0.118416

27 37 0.117715

28 37 0.116549

29 37 0.114923

30 37 0.112843

31 37 0.110319

32 37 0.107358

33 37 0.103974

34 37 0.10018

35 37 0.0959904

36 37 0.0914219

37 37 0.0864926

38 37 0.0812219

39 37 0.0756307

40 37 0.0697411

41 37 0.0635762

42 37 0.0571604

43 37 0.050519

44 37 0.0436782

45 37 0.0366651

46 37 0.0295072

47 37 0.0222329

48 37 0.0148709

49 37 0.00745013

50 37 0

0 38 0

1 38 0.00699614

2 38 0.0139647

3 38 0.0208781

4 38 0.0277091

5 38 0.0344308

6 38 0.0410166

7 38 0.0474405

8 38 0.0536772

9 38 0.059702

10 38 0.0654912

11 38 0.071022

12 38 0.0762725

13 38 0.0812219

14 38 0.0858508

15 38 0.090141

16 38 0.0940753

17 38 0.0976384

18 38 0.100816

19 38 0.103596

20 38 0.105967

21 38 0.10792

22 38 0.109447

23 38 0.110542

24 38 0.1112

25 38 0.11142

26 38 0.1112

27 38 0.110542

28 38 0.109447

29 38 0.10792

30 38 0.105967

31 38 0.103596

32 38 0.100816

33 38 0.0976384

34 38 0.0940753

35 38 0.090141

36 38 0.0858508

37 38 0.0812219

38 38 0.0762725

39 38 0.071022

40 38 0.0654912

41 38 0.059702

42 38 0.0536772

43 38 0.0474405

44 38 0.0410166

45 38 0.0344308

46 38 0.0277091

47 38 0.0208781

48 38 0.0139647

49 38 0.00699614

50 38 0

0 39 0

1 39 0.00651454

2 39 0.0130034

3 39 0.0194409

4 39 0.0258017

5 39 0.0320606

6 39 0.038193

7 39 0.0441747

8 39 0.0499821

9 39 0.0555922

10 39 0.0609829

11 39 0.066133

12 39 0.071022

13 39 0.0756307

14 39 0.079941

15 39 0.0839358

16 39 0.0875993

17 39 0.0909171

18 39 0.0938761

19 39 0.0964646

20 39 0.0986724

21 39 0.100491

22 39 0.101913

23 39 0.102932

24 39 0.103546

25 39 0.10375

26 39 0.103546

27 39 0.102932

28 39 0.101913

29 39 0.100491

30 39 0.0986724

31 39 0.0964646

32 39 0.0938761

33 39 0.0909171

34 39 0.0875993

35 39 0.0839358

36 39 0.079941

37 39 0.0756307

38 39 0.071022

39 39 0.066133

40 39 0.0609829

41 39 0.0555922

42 39 0.0499821

43 39 0.0441747

44 39 0.038193

45 39 0.0320606

46 39 0.0258017

47 39 0.0194409

48 39 0.0130034

49 39 0.00651454

50 39 0

0 40 0

1 40 0.00600723

2 40 0.0119907

3 40 0.0179269

4 40 0.0237924

5 40 0.0295639

6 40 0.0352188

7 40 0.0407347

8 40 0.0460898

9 40 0.051263

10 40 0.0562339

11 40 0.0609829

12 40 0.0654912

13 40 0.0697411

14 40 0.0737157

15 40 0.0773994

16 40 0.0807776

17 40 0.083837

18 40 0.0865656

19 40 0.0889525

20 40 0.0909884

21 40 0.0926652

22 40 0.0939763

23 40 0.0949165

24 40 0.0954821

25 40 0.0956709

26 40 0.0954821

27 40 0.0949165

28 40 0.0939763

29 40 0.0926652

30 40 0.0909884

31 40 0.0889525

32 40 0.0865656

33 40 0.083837

34 40 0.0807776

35 40 0.0773994

36 40 0.0737157

37 40 0.0697411

38 40 0.0654912

39 40 0.0609829

40 40 0.0562339

41 40 0.051263

42 40 0.0460898

43 40 0.0407347

44 40 0.0352188

45 40 0.0295639

46 40 0.0237924

47 40 0.0179269

48 40 0.0119907

49 40 0.00600723

50 40 0

0 41 0

1 41 0.0054762

2 41 0.0109308

3 41 0.0163423

4 41 0.0216892

5 41 0.0269506

6 41 0.0321056

7 41 0.0371339

8 41 0.0420156

9 41 0.0467315

10 41 0.051263

11 41 0.0555922

12 41 0.059702

13 41 0.0635762

14 41 0.0671994

15 41 0.0705575

16 41 0.0736371

17 41 0.0764261

18 41 0.0789135

19 41 0.0810894

20 41 0.0829453

21 41 0.0844739

22 41 0.0856691

23 41 0.0865262

24 41 0.0870418

25 41 0.0872139

26 41 0.0870418

27 41 0.0865262

28 41 0.0856691

29 41 0.0844739

30 41 0.0829453

31 41 0.0810894

32 41 0.0789135

33 41 0.0764261

34 41 0.0736371

35 41 0.0705575

36 41 0.0671994

37 41 0.0635762

38 41 0.059702

39 41 0.0555922

40 41 0.051263

41 41 0.0467315

42 41 0.0420156

43 41 0.0371339

44 41 0.0321056

45 41 0.0269506

46 41 0.0216892

47 41 0.0163423

48 41 0.0109308

49 41 0.0054762

50 41 0

0 42 0

1 42 0.00492357

2 42 0.00982771

3 42 0.0146931

4 42 0.0195004

5 42 0.0242308

6 42 0.0288656

7 42 0.0333865

8 42 0.0377756

9 42 0.0420156

10 42 0.0460898

11 42 0.0499821

12 42 0.0536772

13 42 0.0571604

14 42 0.060418

15 42 0.0634372

16 42 0.066206

17 42 0.0687135

18 42 0.0709499

19 42 0.0729062

20 42 0.0745749

21 42 0.0759492

22 42 0.0770238

23 42 0.0777944

24 42 0.0782579

25 42 0.0784127

26 42 0.0782579

27 42 0.0777944

28 42 0.0770238

29 42 0.0759492

30 42 0.0745749

31 42 0.0729062

32 42 0.0709499

33 42 0.0687135

34 42 0.066206

35 42 0.0634372

36 42 0.060418

37 42 0.0571604

38 42 0.0536772

39 42 0.0499821

40 42 0.0460898

41 42 0.0420156

42 42 0.0377756

43 42 0.0333865

44 42 0.0288656

45 42 0.0242308

46 42 0.0195004

47 42 0.0146931

48 42 0.00982771

49 42 0.00492357

50 42 0

0 43 0

1 43 0.00435151

2 43 0.00868584

3 43 0.0129859

4 43 0.0172347

5 43 0.0214155

6 43 0.0255118

7 43 0.0295074

8 43 0.0333865

9 43 0.0371339

10 43 0.0407347

11 43 0.0441747

12 43 0.0474405

13 43 0.050519

14 43 0.0533981

15 43 0.0560665

16 43 0.0585136

17 43 0.0607298

18 43 0.0627063

19 43 0.0644354

20 43 0.0659101

21 43 0.0671247

22 43 0.0680745

23 43 0.0687555

24 43 0.0691652

25 43 0.069302

26 43 0.0691652

27 43 0.0687555

28 43 0.0680745

29 43 0.0671247

30 43 0.0659101

31 43 0.0644354

32 43 0.0627063

33 43 0.0607298

34 43 0.0585136

35 43 0.0560665

36 43 0.0533981

37 43 0.050519

38 43 0.0474405

39 43 0.0441747

40 43 0.0407347

41 43 0.0371339

42 43 0.0333865

43 43 0.0295074

44 43 0.0255118

45 43 0.0214155

46 43 0.0172347

47 43 0.0129859

48 43 0.00868584

49 43 0.00435151

50 43 0

0 44 0

1 44 0.00376227

2 44 0.00750969

3 44 0.0112275

4 44 0.014901

5 44 0.0185156

6 44 0.0220572

7 44 0.0255118

8 44 0.0288656

9 44 0.0321056

10 44 0.0352188

11 44 0.038193

12 44 0.0410166

13 44 0.0436782

14 44 0.0461675

15 44 0.0484745

16 44 0.0505903

17 44 0.0525064

18 44 0.0542153

19 44 0.0557102

20 44 0.0569852

21 44 0.0580354

22 44 0.0588565

23 44 0.0594453

24 44 0.0597996

25 44 0.0599178

26 44 0.0597996

27 44 0.0594453

28 44 0.0588565

29 44 0.0580354

30 44 0.0569852

31 44 0.0557102

32 44 0.0542153

33 44 0.0525064

34 44 0.0505903

35 44 0.0484745

36 44 0.0461675

37 44 0.0436782

38 44 0.0410166

39 44 0.038193

40 44 0.0352188

41 44 0.0321056

42 44 0.0288656

43 44 0.0255118

44 44 0.0220572

45 44 0.0185156

46 44 0.014901

47 44 0.0112275

48 44 0.00750969

49 44 0.00376227

50 44 0

0 45 0

1 45 0.00315819

2 45 0.00630391

3 45 0.00942475

4 45 0.0125084

5 45 0.0155427

6 45 0.0185156

7 45 0.0214155

8 45 0.0242308

9 45 0.0269506

10 45 0.0295639

11 45 0.0320606

12 45 0.0344308

13 45 0.0366651

14 45 0.0387546

15 45 0.0406913

16 45 0.0424673

17 45 0.0440757

18 45 0.0455102

19 45 0.0467651

20 45 0.0478354

21 45 0.048717

22 45 0.0494063

23 45 0.0499006

24 45 0.0501979

25 45 0.0502972

26 45 0.0501979

27 45 0.0499006

28 45 0.0494063

29 45 0.048717

30 45 0.0478354

31 45 0.0467651

32 45 0.0455102

33 45 0.0440757

34 45 0.0424673

35 45 0.0406913

36 45 0.0387546

37 45 0.0366651

38 45 0.0344308

39 45 0.0320606

40 45 0.0295639

41 45 0.0269506

42 45 0.0242308

43 45 0.0214155

44 45 0.0185156

45 45 0.0155427

46 45 0.0125084

47 45 0.00942475

48 45 0.00630391

49 45 0.00315819

50 45 0

0 46 0

1 46 0.00254164

2 46 0.00507324

3 46 0.00758482

4 46 0.0100665

5 46 0.0125084

6 46 0.014901

7 46 0.0172347

8 46 0.0195004

9 46 0.0216892

10 46 0.0237924

11 46 0.0258017

12 46 0.0277091

13 46 0.0295072

14 46 0.0311889

15 46 0.0327474

16 46 0.0341767

17 46 0.0354712

18 46 0.0366256

19 46 0.0376355

20 46 0.0384969

21 46 0.0392063

22 46 0.039761

23 46 0.0401588

24 46 0.0403981

25 46 0.040478

26 46 0.0403981

27 46 0.0401588

28 46 0.039761

29 46 0.0392063

30 46 0.0384969

31 46 0.0376355

32 46 0.0366256

33 46 0.0354712

34 46 0.0341767

35 46 0.0327474

36 46 0.0311889

37 46 0.0295072

38 46 0.0277091

39 46 0.0258017

40 46 0.0237924

41 46 0.0216892

42 46 0.0195004

43 46 0.0172347

44 46 0.014901

45 46 0.0125084

46 46 0.0100665

47 46 0.00758482

48 46 0.00507324

49 46 0.00254164

50 46 0

0 47 0

1 47 0.00191506

2 47 0.00382255

3 47 0.00571497

4 47 0.00758482

5 47 0.00942475

6 47 0.0112275

7 47 0.0129859

8 47 0.0146931

9 47 0.0163423

10 47 0.0179269

11 47 0.0194409

12 47 0.0208781

13 47 0.0222329

14 47 0.0235

15 47 0.0246743

16 47 0.0257513

17 47 0.0267266

18 47 0.0275964

19 47 0.0283574

20 47 0.0290064

21 47 0.0295409

22 47 0.0299589

23 47 0.0302586

24 47 0.0304389

25 47 0.0304991

26 47 0.0304389

27 47 0.0302586

28 47 0.0299589

29 47 0.0295409

30 47 0.0290064

31 47 0.0283574

32 47 0.0275964

33 47 0.0267266

34 47 0.0257513

35 47 0.0246743

36 47 0.0235

37 47 0.0222329

38 47 0.0208781

39 47 0.0194409

40 47 0.0179269

41 47 0.0163423

42 47 0.0146931

43 47 0.0129859

44 47 0.0112275

45 47 0.00942475

46 47 0.00758482

47 47 0.00571497

48 47 0.00382255

49 47 0.00191506

50 47 0

0 48 0

1 48 0.00128092

2 48 0.00255678

3 48 0.00382255

4 48 0.00507324

5 48 0.00630391

6 48 0.00750969

7 48 0.00868584

8 48 0.00982771

9 48 0.0109308

10 48 0.0119907

11 48 0.0130034

12 48 0.0139647

13 48 0.0148709

14 48 0.0157184

15 48 0.0165038

16 48 0.0172242

17 48 0.0178765

18 48 0.0184584

19 48 0.0189673

20 48 0.0194014

21 48 0.019759

22 48 0.0200385

23 48 0.020239

24 48 0.0203596

25 48 0.0203999

26 48 0.0203596

27 48 0.020239

28 48 0.0200385

29 48 0.019759

30 48 0.0194014

31 48 0.0189673

32 48 0.0184584

33 48 0.0178765

34 48 0.0172242

35 48 0.0165038

36 48 0.0157184

37 48 0.0148709

38 48 0.0139647

39 48 0.0130034

40 48 0.0119907

41 48 0.0109308

42 48 0.00982771

43 48 0.00868584

44 48 0.00750969

45 48 0.00630391

46 48 0.00507324

47 48 0.00382255

48 48 0.00255678

49 48 0.00128092

50 48 0

0 49 0

1 49 0.000641726

2 49 0.00128092

3 49 0.00191506

4 49 0.00254164

5 49 0.00315819

6 49 0.00376227

7 49 0.00435151

8 49 0.00492357

9 49 0.0054762

10 49 0.00600723

11 49 0.00651454

12 49 0.00699614

13 49 0.00745013

14 49 0.00787472

15 49 0.00826824

16 49 0.00862912

17 49 0.00895594

18 49 0.00924742

19 49 0.00950241

20 49 0.00971989

21 49 0.00989902

22 49 0.0100391

23 49 0.0101395

24 49 0.0101999

25 49 0.0102201

26 49 0.0101999

27 49 0.0101395

28 49 0.0100391

29 49 0.00989902

30 49 0.00971989

31 49 0.00950241

32 49 0.00924742

33 49 0.00895594

34 49 0.00862912

35 49 0.00826824

36 49 0.00787472

37 49 0.00745013

38 49 0.00699614

39 49 0.00651454

40 49 0.00600723

41 49 0.0054762

42 49 0.00492357

43 49 0.00435151

44 49 0.00376227

45 49 0.00315819

46 49 0.00254164

47 49 0.00191506

