0 1 0

1 1 0.000716706

2 1 0.00143058

3 1 0.00213882

4 1 0.00283861

5 1 0.0035272

6 1 0.00420186

7 1 0.00485995

8 1 0.00549885

9 1 0.00611606

10 1 0.00670912

11 1 0.00727571

12 1 0.00781359

13 1 0.00832063

14 1 0.00879483

15 1 0.00923432

16 1 0.00963737

17 1 0.0100024

18 1 0.0103279

19 1 0.0106127

20 1 0.0108556

21 1 0.0110556

22 1 0.0112121

23 1 0.0113242

24 1 0.0113917

25 1 0.0114142

26 1 0.0113917

27 1 0.0113242

28 1 0.0112121

29 1 0.0110556

30 1 0.0108556

31 1 0.0106127

32 1 0.0103279

33 1 0.0100024

34 1 0.00963737

35 1 0.00923432

36 1 0.00879483

37 1 0.00832063

38 1 0.00781359

39 1 0.00727571

40 1 0.00670912

41 1 0.00611606

42 1 0.00549885

43 1 0.00485995

44 1 0.00420186

45 1 0.0035272

46 1 0.00283861

47 1 0.00213882

48 1 0.00143058

49 1 0.000716706

50 1 0

0 2 0

1 2 0.00143058

2 2 0.00285552

3 2 0.00426919

4 2 0.00566601

5 2 0.00704047

6 2 0.00838714

7 2 0.00970072

8 2 0.010976

9 2 0.012208

10 2 0.0133918

11 2 0.0145227

12 2 0.0155963

13 2 0.0166084

14 2 0.0175549

15 2 0.0184322

16 2 0.0192367

17 2 0.0199653

18 2 0.0206151

19 2 0.0211835

20 2 0.0216683

21 2 0.0220677

22 2 0.0223799

23 2 0.0226038

24 2 0.0227385

25 2 0.0227834

26 2 0.0227385

27 2 0.0226038

28 2 0.0223799

29 2 0.0220677

30 2 0.0216683

31 2 0.0211835

32 2 0.0206151

33 2 0.0199653

34 2 0.0192367

35 2 0.0184322

36 2 0.0175549

37 2 0.0166084

38 2 0.0155963

39 2 0.0145227

40 2 0.0133918

41 2 0.012208

42 2 0.010976

43 2 0.00970072

44 2 0.00838714

45 2 0.00704047

46 2 0.00566601

47 2 0.00426919

48 2 0.00285552

49 2 0.00143058

50 2 0

0 3 0

1 3 0.00213882

2 3 0.00426919

3 3 0.00638272

4 3 0.00847105

5 3 0.010526

6 3 0.0125393

7 3 0.0145032

8 3 0.0164098

9 3 0.0182517

10 3 0.0200216

11 3 0.0217124

12 3 0.0233175

13 3 0.0248307

14 3 0.0262458

15 3 0.0275573

16 3 0.0287601

17 3 0.0298494

18 3 0.0308209

19 3 0.0316707

20 3 0.0323956

21 3 0.0329926

22 3 0.0334594

23 3 0.0337941

24 3 0.0339955

25 3 0.0340627

26 3 0.0339955

27 3 0.0337941

28 3 0.0334594

29 3 0.0329926

30 3 0.0323956

31 3 0.0316707

32 3 0.0308209

33 3 0.0298494

34 3 0.0287601

35 3 0.0275573

36 3 0.0262458

37 3 0.0248307

38 3 0.0233175

39 3 0.0217124

40 3 0.0200216

41 3 0.0182517

42 3 0.0164098

43 3 0.0145032

44 3 0.0125393

45 3 0.010526

46 3 0.00847105

47 3 0.00638272

48 3 0.00426919

49 3 0.00213882

50 3 0

0 4 0

1 4 0.00283861

2 4 0.00566601

3 4 0.00847105

4 4 0.0112427

5 4 0.0139699

6 4 0.016642

7 4 0.0192484

8 4 0.0217789

9 4 0.0242234

10 4 0.0265723

11 4 0.0288164

12 4 0.0309467

13 4 0.0329549

14 4 0.034833

15 4 0.0365737

16 4 0.03817

17 4 0.0396157

18 4 0.040905

19 4 0.0420329

20 4 0.042995

21 4 0.0437873

22 4 0.0444068

23 4 0.0448511

24 4 0.0451184

25 4 0.0452076

26 4 0.0451184

27 4 0.0448511

28 4 0.0444068

29 4 0.0437873

30 4 0.042995

31 4 0.0420329

32 4 0.040905

33 4 0.0396157

34 4 0.03817

35 4 0.0365737

36 4 0.034833

37 4 0.0329549

38 4 0.0309467

39 4 0.0288164

40 4 0.0265723

41 4 0.0242234

42 4 0.0217789

43 4 0.0192484

44 4 0.016642

45 4 0.0139699

46 4 0.0112427

47 4 0.00847105

48 4 0.00566601

49 4 0.00283861

50 4 0

0 5 0

1 5 0.0035272

2 5 0.00704047

3 5 0.010526

4 5 0.0139699

5 5 0.0173587

6 5 0.020679

7 5 0.0239177

8 5 0.027062

9 5 0.0300995

10 5 0.0330183

11 5 0.0358067

12 5 0.0384538

13 5 0.0409491

14 5 0.0432828

15 5 0.0454457

16 5 0.0474293

17 5 0.0492257

18 5 0.0508278

19 5 0.0522293

20 5 0.0534247

21 5 0.0544092

22 5 0.055179

23 5 0.0557311

24 5 0.0560632

25 5 0.056174

26 5 0.0560632

27 5 0.0557311

28 5 0.055179

29 5 0.0544092

30 5 0.0534247

31 5 0.0522293

32 5 0.0508278

33 5 0.0492257

34 5 0.0474293

35 5 0.0454457

36 5 0.0432828

37 5 0.0409491

38 5 0.0384538

39 5 0.0358067

40 5 0.0330183

41 5 0.0300995

42 5 0.027062

43 5 0.0239177

44 5 0.020679

45 5 0.0173587

46 5 0.0139699

47 5 0.010526

48 5 0.00704047

49 5 0.0035272

50 5 0

0 6 0

1 6 0.00420186

2 6 0.00838714

3 6 0.0125393

4 6 0.016642

5 6 0.020679

6 6 0.0246344

7 6 0.0284926

8 6 0.0322384

9 6 0.0358569

10 6 0.0393339

11 6 0.0426556

12 6 0.045809

13 6 0.0487817

14 6 0.0515618

15 6 0.0541384

16 6 0.0565014

17 6 0.0586414

18 6 0.0605499

19 6 0.0622195

20 6 0.0636435

21 6 0.0648164

22 6 0.0657334

23 6 0.0663911

24 6 0.0667867

25 6 0.0669188

26 6 0.0667867

27 6 0.0663911

28 6 0.0657334

29 6 0.0648164

30 6 0.0636435

31 6 0.0622195

32 6 0.0605499

33 6 0.0586414

34 6 0.0565014

35 6 0.0541384

36 6 0.0515618

37 6 0.0487817

38 6 0.045809

39 6 0.0426556

40 6 0.0393339

41 6 0.0358569

42 6 0.0322384

43 6 0.0284926

44 6 0.0246344

45 6 0.020679

46 6 0.016642

47 6 0.0125393

48 6 0.00838714

49 6 0.00420186

50 6 0

0 7 0

1 7 0.00485995

2 7 0.00970072

3 7 0.0145032

4 7 0.0192484

5 7 0.0239177

6 7 0.0284926

7 7 0.0329551

8 7 0.0372874

9 7 0.0414727

10 7 0.0454942

11 7 0.0493362

12 7 0.0529835

13 7 0.0564217

14 7 0.0596373

15 7 0.0626174

16 7 0.0653505

17 7 0.0678256

18 7 0.0700331

19 7 0.0719641

20 7 0.0736112

21 7 0.0749678

22 7 0.0760284

23 7 0.0767891

24 7 0.0772467

25 7 0.0773994

26 7 0.0772467

27 7 0.0767891

28 7 0.0760284

29 7 0.0749678

30 7 0.0736112

31 7 0.0719641

32 7 0.0700331

33 7 0.0678256

34 7 0.0653505

35 7 0.0626174

36 7 0.0596373

37 7 0.0564217

38 7 0.0529835

39 7 0.0493362

40 7 0.0454942

41 7 0.0414727

42 7 0.0372874

43 7 0.0329551

44 7 0.0284926

45 7 0.0239177

46 7 0.0192484

47 7 0.0145032

48 7 0.00970072

49 7 0.00485995

50 7 0

0 8 0

1 8 0.00549885

2 8 0.010976

3 8 0.0164098

4 8 0.0217789

5 8 0.027062

6 8 0.0322384

7 8 0.0372874

8 8 0.0421894

9 8 0.0469248

10 8 0.0514751

11 8 0.0558221

12 8 0.0599489

13 8 0.0638391

14 8 0.0674774

15 8 0.0708493

16 8 0.0739417

17 8 0.0767422

18 8 0.0792399

19 8 0.0814248

20 8 0.0832884

21 8 0.0848233

22 8 0.0860234

23 8 0.086884

24 8 0.0874018

25 8 0.0875746

26 8 0.0874018

27 8 0.086884

28 8 0.0860234

29 8 0.0848233

30 8 0.0832884

31 8 0.0814248

32 8 0.0792399

33 8 0.0767422

34 8 0.0739417

35 8 0.0708493

36 8 0.0674774

37 8 0.0638391

38 8 0.0599489

39 8 0.0558221

40 8 0.0514751

41 8 0.0469248

42 8 0.0421894

43 8 0.0372874

44 8 0.0322384

45 8 0.027062

46 8 0.0217789

47 8 0.0164098

48 8 0.010976

49 8 0.00549885

50 8 0

0 9 0

1 9 0.00611606

2 9 0.012208

3 9 0.0182517

4 9 0.0242234

5 9 0.0300995

6 9 0.0358569

7 9 0.0414727

8 9 0.0469248

9 9 0.0521918

10 9 0.0572527

11 9 0.0620877

12 9 0.0666777

13 9 0.0710046

14 9 0.0750512

15 9 0.0788016

16 9 0.0822411

17 9 0.0853559

18 9 0.0881339

19 9 0.0905641

20 9 0.0926369

21 9 0.094344

22 9 0.0956789

23 9 0.0966361

24 9 0.097212

25 9 0.0974042

26 9 0.097212

27 9 0.0966361

28 9 0.0956789

29 9 0.094344

30 9 0.0926369

31 9 0.0905641

32 9 0.0881339

33 9 0.0853559

34 9 0.0822411

35 9 0.0788016

36 9 0.0750512

37 9 0.0710046

38 9 0.0666777

39 9 0.0620877

40 9 0.0572527

41 9 0.0521918

42 9 0.0469248

43 9 0.0414727

44 9 0.0358569

45 9 0.0300995

46 9 0.0242234

47 9 0.0182517

48 9 0.012208

49 9 0.00611606

50 9 0

0 10 0

1 10 0.00670912

2 10 0.0133918

3 10 0.0200216

4 10 0.0265723

5 10 0.0330183

6 10 0.0393339

7 10 0.0454942

8 10 0.0514751

9 10 0.0572527

10 10 0.0628045

11 10 0.0681083

12 10 0.0731434

13 10 0.0778898

14 10 0.0823288

15 10 0.0864429

16 10 0.0902159

17 10 0.0936328

18 10 0.0966802

19 10 0.099346

20 10 0.10162

21 10 0.103492

22 10 0.104957

23 10 0.106007

24 10 0.106638

25 10 0.106849

26 10 0.106638

27 10 0.106007

28 10 0.104957

29 10 0.103492

30 10 0.10162

31 10 0.099346

32 10 0.0966802

33 10 0.0936328

34 10 0.0902159

35 10 0.0864429

36 10 0.0823288

37 10 0.0778898

38 10 0.0731434

39 10 0.0681083

40 10 0.0628045

41 10 0.0572527

42 10 0.0514751

43 10 0.0454942

44 10 0.0393339

45 10 0.0330183

46 10 0.0265723

47 10 0.0200216

48 10 0.0133918

49 10 0.00670912

50 10 0

0 11 0

1 11 0.00727571

2 11 0.0145227

3 11 0.0217124

4 11 0.0288164

5 11 0.0358067

6 11 0.0426556

7 11 0.0493362

8 11 0.0558221

9 11 0.0620877

10 11 0.0681083

11 11 0.0738601

12 11 0.0793204

13 11 0.0844676

14 11 0.0892815

15 11 0.0937431

16 11 0.0978346

17 11 0.10154

18 11 0.104845

19 11 0.107736

20 11 0.110202

21 11 0.112232

22 11 0.11382

23 11 0.114959

24 11 0.115644

25 11 0.115873

26 11 0.115644

27 11 0.114959

28 11 0.11382

29 11 0.112232

30 11 0.110202

31 11 0.107736

32 11 0.104845

33 11 0.10154

34 11 0.0978346

35 11 0.0937431

36 11 0.0892815

37 11 0.0844676

38 11 0.0793204

39 11 0.0738601

40 11 0.0681083

41 11 0.0620877

42 11 0.0558221

43 11 0.0493362

44 11 0.0426556

45 11 0.0358067

46 11 0.0288164

47 11 0.0217124

48 11 0.0145227

49 11 0.00727571

50 11 0

0 12 0

1 12 0.00781359

2 12 0.0155963

3 12 0.0233175

4 12 0.0309467

5 12 0.0384538

6 12 0.045809

7 12 0.0529835

8 12 0.0599489

9 12 0.0666777

10 12 0.0731434

11 12 0.0793204

12 12 0.0851843

13 12 0.0907121

14 12 0.0958819

15 12 0.100673

16 12 0.105067

17 12 0.109047

18 12 0.112596

19 12 0.1157

20 12 0.118348

21 12 0.120529

22 12 0.122235

23 12 0.123458

24 12 0.124193

25 12 0.124439

26 12 0.124193

27 12 0.123458

28 12 0.122235

29 12 0.120529

30 12 0.118348

31 12 0.1157

32 12 0.112596

33 12 0.109047

34 12 0.105067

35 12 0.100673

36 12 0.0958819

37 12 0.0907121

38 12 0.0851843

39 12 0.0793204

40 12 0.0731434

41 12 0.0666777

42 12 0.0599489

43 12 0.0529835

44 12 0.045809

45 12 0.0384538

46 12 0.0309467

47 12 0.0233175

48 12 0.0155963

49 12 0.00781359

50 12 0

0 13 0

1 13 0.00832063

2 13 0.0166084

3 13 0.0248307

4 13 0.0329549

5 13 0.0409491

6 13 0.0487817

7 13 0.0564217

8 13 0.0638391

9 13 0.0710046

10 13 0.0778898

11 13 0.0844676

12 13 0.0907121

13 13 0.0965986

14 13 0.102104

15 13 0.107206

16 13 0.111885

17 13 0.116123

18 13 0.119902

19 13 0.123208

20 13 0.126028

21 13 0.128351

22 13 0.130167

23 13 0.131469

24 13 0.132253

25 13 0.132514

26 13 0.132253

27 13 0.131469

28 13 0.130167

29 13 0.128351

30 13 0.126028

31 13 0.123208

32 13 0.119902

33 13 0.116123

34 13 0.111885

35 13 0.107206

36 13 0.102104

37 13 0.0965986

38 13 0.0907121

39 13 0.0844676

40 13 0.0778898

41 13 0.0710046

42 13 0.0638391

43 13 0.0564217

44 13 0.0487817

45 13 0.0409491

46 13 0.0329549

47 13 0.0248307

48 13 0.0166084

49 13 0.00832063

50 13 0

0 14 0

1 14 0.00879483

2 14 0.0175549

3 14 0.0262458

4 14 0.034833

5 14 0.0432828

6 14 0.0515618

7 14 0.0596373

8 14 0.0674774

9 14 0.0750512

10 14 0.0823288

11 14 0.0892815

12 14 0.0958819

13 14 0.102104

14 14 0.107923

15 14 0.113316

16 14 0.118262

17 14 0.122741

18 14 0.126736

19 14 0.13023

20 14 0.133211

21 14 0.135666

22 14 0.137585

23 14 0.138962

24 14 0.13979

25 14 0.140066

26 14 0.13979

27 14 0.138962

28 14 0.137585

29 14 0.135666

30 14 0.133211

31 14 0.13023

32 14 0.126736

33 14 0.122741

34 14 0.118262

35 14 0.113316

36 14 0.107923

37 14 0.102104

38 14 0.0958819

39 14 0.0892815

40 14 0.0823288

41 14 0.0750512

42 14 0.0674774

43 14 0.0596373

44 14 0.0515618

45 14 0.0432828

46 14 0.034833

47 14 0.0262458

48 14 0.0175549

49 14 0.00879483

50 14 0

0 15 0

1 15 0.00923432

2 15 0.0184322

3 15 0.0275573

4 15 0.0365737

5 15 0.0454457

6 15 0.0541384

7 15 0.0626174

8 15 0.0708493

9 15 0.0788016

10 15 0.0864429

11 15 0.0937431

12 15 0.100673

13 15 0.107206

14 15 0.113316

15 15 0.118978

16 15 0.124171

17 15 0.128874

18 15 0.133069

19 15 0.136738

20 15 0.139868

21 15 0.142445

22 15 0.144461

23 15 0.145906

24 15 0.146775

25 15 0.147065

26 15 0.146775

27 15 0.145906

28 15 0.144461

29 15 0.142445

30 15 0.139868

31 15 0.136738

32 15 0.133069

33 15 0.128874

34 15 0.124171

35 15 0.118978

36 15 0.113316

37 15 0.107206

38 15 0.100673

39 15 0.0937431

40 15 0.0864429

41 15 0.0788016

42 15 0.0708493

43 15 0.0626174

44 15 0.0541384

45 15 0.0454457

46 15 0.0365737

47 15 0.0275573

48 15 0.0184322

49 15 0.00923432

50 15 0

0 16 0

1 16 0.00963737

2 16 0.0192367

3 16 0.0287601

4 16 0.03817

5 16 0.0474293

6 16 0.0565014

7 16 0.0653505

8 16 0.0739417

9 16 0.0822411

10 16 0.0902159

11 16 0.0978346

12 16 0.105067

13 16 0.111885

14 16 0.118262

15 16 0.124171

16 16 0.129591

17 16 0.134499

18 16 0.138877

19 16 0.142706

20 16 0.145972

21 16 0.148662

22 16 0.150766

23 16 0.152274

24 16 0.153182

25 16 0.153484

26 16 0.153182

27 16 0.152274

28 16 0.150766

29 16 0.148662

30 16 0.145972

31 16 0.142706

32 16 0.138877

33 16 0.134499

34 16 0.129591

35 16 0.124171

36 16 0.118262

37 16 0.111885

38 16 0.105067

39 16 0.0978346

40 16 0.0902159

41 16 0.0822411

42 16 0.0739417

43 16 0.0653505

44 16 0.0565014

45 16 0.0474293

46 16 0.03817

47 16 0.0287601

48 16 0.0192367

49 16 0.00963737

50 16 0

0 17 0

1 17 0.0100024

2 17 0.0199653

3 17 0.0298494

4 17 0.0396157

5 17 0.0492257

6 17 0.0586414

7 17 0.0678256

8 17 0.0767422

9 17 0.0853559

10 17 0.0936328

11 17 0.10154

12 17 0.109047

13 17 0.116123

14 17 0.122741

15 17 0.128874

16 17 0.134499

17 17 0.139594

18 17 0.144137

19 17 0.148111

20 17 0.151501

21 17 0.154293

22 17 0.156476

23 17 0.158041

24 17 0.158983

25 17 0.159298

26 17 0.158983

27 17 0.158041

28 17 0.156476

29 17 0.154293

30 17 0.151501

31 17 0.148111

32 17 0.144137

33 17 0.139594

34 17 0.134499

35 17 0.128874

36 17 0.122741

37 17 0.116123

38 17 0.109047

39 17 0.10154

40 17 0.0936328

41 17 0.0853559

42 17 0.0767422

43 17 0.0678256

44 17 0.0586414

45 17 0.0492257

46 17 0.0396157

47 17 0.0298494

48 17 0.0199653

49 17 0.0100024

50 17 0

0 18 0

1 18 0.0103279

2 18 0.0206151

3 18 0.0308209

4 18 0.040905

5 18 0.0508278

6 18 0.0605499

7 18 0.0700331

8 18 0.0792399

9 18 0.0881339

10 18 0.0966802

11 18 0.104845

12 18 0.112596

13 18 0.119902

14 18 0.126736

15 18 0.133069

16 18 0.138877

17 18 0.144137

18 18 0.148828

19 18 0.152932

20 18 0.156432

21 18 0.159315

22 18 0.161569

23 18 0.163185

24 18 0.164158

25 18 0.164482

26 18 0.164158

27 18 0.163185

28 18 0.161569

29 18 0.159315

30 18 0.156432

31 18 0.152932

32 18 0.148828

33 18 0.144137

34 18 0.138877

35 18 0.133069

36 18 0.126736

37 18 0.119902

38 18 0.112596

39 18 0.104845

40 18 0.0966802

41 18 0.0881339

42 18 0.0792399

43 18 0.0700331

44 18 0.0605499

45 18 0.0508278

46 18 0.040905

47 18 0.0308209

48 18 0.0206151

49 18 0.0103279

50 18 0

0 19 0

1 19 0.0106127

2 19 0.0211835

3 19 0.0316707

4 19 0.0420329

5 19 0.0522293

6 19 0.0622195

7 19 0.0719641

8 19 0.0814248

9 19 0.0905641

10 19 0.099346

11 19 0.107736

12 19 0.1157

13 19 0.123208

14 19 0.13023

15 19 0.136738

16 19 0.142706

17 19 0.148111

18 19 0.152932

19 19 0.157148

20 19 0.160745

21 19 0.163707

22 19 0.166024

23 19 0.167685

24 19 0.168684

25 19 0.169017

26 19 0.168684

27 19 0.167685

28 19 0.166024

29 19 0.163707

30 19 0.160745

31 19 0.157148

32 19 0.152932

33 19 0.148111

34 19 0.142706

35 19 0.136738

36 19 0.13023

37 19 0.123208

38 19 0.1157

39 19 0.107736

40 19 0.099346

41 19 0.0905641

42 19 0.0814248

43 19 0.0719641

44 19 0.0622195

45 19 0.0522293

46 19 0.0420329

47 19 0.0316707

48 19 0.0211835

49 19 0.0106127

50 19 0

0 20 0

1 20 0.0108556

2 20 0.0216683

3 20 0.0323956

4 20 0.042995

5 20 0.0534247

6 20 0.0636435

7 20 0.0736112

8 20 0.0832884

9 20 0.0926369

10 20 0.10162

11 20 0.110202

12 20 0.118348

13 20 0.126028

14 20 0.133211

15 20 0.139868

16 20 0.145972

17 20 0.151501

18 20 0.156432

19 20 0.160745

20 20 0.164424

21 20 0.167454

22 20 0.169824

23 20 0.171523

24 20 0.172545

25 20 0.172886

26 20 0.172545

27 20 0.171523

28 20 0.169824

29 20 0.167454

30 20 0.164424

31 20 0.160745

32 20 0.156432

33 20 0.151501

34 20 0.145972

35 20 0.139868

36 20 0.133211

37 20 0.126028

38 20 0.118348

39 20 0.110202

40 20 0.10162

41 20 0.0926369

42 20 0.0832884

43 20 0.0736112

44 20 0.0636435

45 20 0.0534247

46 20 0.042995

47 20 0.0323956

48 20 0.0216683

49 20 0.0108556

50 20 0

0 21 0

1 21 0.0110556

2 21 0.0220677

3 21 0.0329926

4 21 0.0437873

5 21 0.0544092

6 21 0.0648164

7 21 0.0749678

8 21 0.0848233

9 21 0.094344

10 21 0.103492

11 21 0.112232

12 21 0.120529

13 21 0.128351

14 21 0.135666

15 21 0.142445

16 21 0.148662

17 21 0.154293

18 21 0.159315

19 21 0.163707

20 21 0.167454

21 21 0.17054

22 21 0.172953

23 21 0.174683

24 21 0.175724

25 21 0.176072

26 21 0.175724

27 21 0.174683

28 21 0.172953

29 21 0.17054

30 21 0.167454

31 21 0.163707

32 21 0.159315

33 21 0.154293

34 21 0.148662

35 21 0.142445

36 21 0.135666

37 21 0.128351

38 21 0.120529

39 21 0.112232

40 21 0.103492

41 21 0.094344

42 21 0.0848233

43 21 0.0749678

44 21 0.0648164

45 21 0.0544092

46 21 0.0437873

47 21 0.0329926

48 21 0.0220677

49 21 0.0110556

50 21 0

0 22 0

1 22 0.0112121

2 22 0.0223799

3 22 0.0334594

4 22 0.0444068

5 22 0.055179

6 22 0.0657334

7 22 0.0760284

8 22 0.0860234

9 22 0.0956789

10 22 0.104957

11 22 0.11382

12 22 0.122235

13 22 0.130167

14 22 0.137585

15 22 0.144461

16 22 0.150766

17 22 0.156476

18 22 0.161569

19 22 0.166024

20 22 0.169824

21 22 0.172953

22 22 0.1754

23 22 0.177155

24 22 0.178211

25 22 0.178563

26 22 0.178211

27 22 0.177155

28 22 0.1754

29 22 0.172953

30 22 0.169824

31 22 0.166024

32 22 0.161569

33 22 0.156476

34 22 0.150766

35 22 0.144461

36 22 0.137585

37 22 0.130167

38 22 0.122235

39 22 0.11382

40 22 0.104957

41 22 0.0956789

42 22 0.0860234

43 22 0.0760284

44 22 0.0657334

45 22 0.055179

46 22 0.0444068

47 22 0.0334594

48 22 0.0223799

49 22 0.0112121

50 22 0

0 23 0

1 23 0.0113242

2 23 0.0226038

3 23 0.0337941

4 23 0.0448511

5 23 0.0557311

6 23 0.0663911

7 23 0.0767891

8 23 0.086884

9 23 0.0966361

10 23 0.106007

11 23 0.114959

12 23 0.123458

13 23 0.131469

14 23 0.138962

15 23 0.145906

16 23 0.152274

17 23 0.158041

18 23 0.163185

19 23 0.167685

20 23 0.171523

21 23 0.174683

22 23 0.177155

23 23 0.178927

24 23 0.179994

25 23 0.18035

26 23 0.179994

27 23 0.178927

28 23 0.177155

29 23 0.174683

30 23 0.171523

31 23 0.167685

32 23 0.163185

33 23 0.158041

34 23 0.152274

35 23 0.145906

36 23 0.138962

37 23 0.131469

38 23 0.123458

39 23 0.114959

40 23 0.106007

41 23 0.0966361

42 23 0.086884

43 23 0.0767891

44 23 0.0663911

45 23 0.0557311

46 23 0.0448511

47 23 0.0337941

48 23 0.0226038

49 23 0.0113242

50 23 0

0 24 0

1 24 0.0113917

2 24 0.0227385

3 24 0.0339955

4 24 0.0451184

5 24 0.0560632

6 24 0.0667867

7 24 0.0772467

8 24 0.0874018

9 24 0.097212

10 24 0.106638

11 24 0.115644

12 24 0.124193

13 24 0.132253

14 24 0.13979

15 24 0.146775

16 24 0.153182

17 24 0.158983

18 24 0.164158

19 24 0.168684

20 24 0.172545

21 24 0.175724

22 24 0.178211

23 24 0.179994

24 24 0.181066

25 24 0.181424

26 24 0.181066

27 24 0.179994

28 24 0.178211

29 24 0.175724

30 24 0.172545

31 24 0.168684

32 24 0.164158

33 24 0.158983

34 24 0.153182

35 24 0.146775

36 24 0.13979

37 24 0.132253

38 24 0.124193

39 24 0.115644

40 24 0.106638

41 24 0.097212

42 24 0.0874018

43 24 0.0772467

44 24 0.0667867

45 24 0.0560632

46 24 0.0451184

47 24 0.0339955

48 24 0.0227385

49 24 0.0113917

50 24 0

0 25 0

1 25 0.0114142

2 25 0.0227834

3 25 0.0340627

4 25 0.0452076

5 25 0.056174

6 25 0.0669188

7 25 0.0773994

8 25 0.0875746

9 25 0.0974042

10 25 0.106849

11 25 0.115873

12 25 0.124439

13 25 0.132514

14 25 0.140066

15 25 0.147065

16 25 0.153484

17 25 0.159298

18 25 0.164482

19 25 0.169017

20 25 0.172886

21 25 0.176072

22 25 0.178563

23 25 0.18035

24 25 0.181424

25 25 0.181783

26 25 0.181424

27 25 0.18035

28 25 0.178563

29 25 0.176072

30 25 0.172886

31 25 0.169017

32 25 0.164482

33 25 0.159298

34 25 0.153484

35 25 0.147065

36 25 0.140066

37 25 0.132514

38 25 0.124439

39 25 0.115873

40 25 0.106849

41 25 0.0974042

42 25 0.0875746

43 25 0.0773994

44 25 0.0669188

45 25 0.056174

46 25 0.0452076

47 25 0.0340627

48 25 0.0227834

49 25 0.0114142

50 25 0

0 26 0

1 26 0.0113917

2 26 0.0227385

3 26 0.0339955

4 26 0.0451184

5 26 0.0560632

6 26 0.0667867

7 26 0.0772467

8 26 0.0874018

9 26 0.097212

10 26 0.106638

11 26 0.115644

12 26 0.124193

13 26 0.132253

14 26 0.13979

15 26 0.146775

16 26 0.153182

17 26 0.158983

18 26 0.164158

19 26 0.168684

20 26 0.172545

21 26 0.175724

22 26 0.178211

23 26 0.179994

24 26 0.181066

25 26 0.181424

26 26 0.181066

27 26 0.179994

28 26 0.178211

29 26 0.175724

30 26 0.172545

31 26 0.168684

32 26 0.164158

33 26 0.158983

34 26 0.153182

35 26 0.146775

36 26 0.13979

37 26 0.132253

38 26 0.124193

39 26 0.115644

40 26 0.106638

41 26 0.097212

42 26 0.0874018

43 26 0.0772467

44 26 0.0667867

45 26 0.0560632

46 26 0.0451184

47 26 0.0339955

48 26 0.0227385

49 26 0.0113917

50 26 0

0 27 0

1 27 0.0113242

2 27 0.0226038

3 27 0.0337941

4 27 0.0448511

5 27 0.0557311

6 27 0.0663911

7 27 0.0767891

8 27 0.086884

9 27 0.0966361

10 27 0.106007

11 27 0.114959

12 27 0.123458

13 27 0.131469

14 27 0.138962

15 27 0.145906

16 27 0.152274

17 27 0.158041

18 27 0.163185

19 27 0.167685

20 27 0.171523

21 27 0.174683

22 27 0.177155

23 27 0.178927

24 27 0.179994

25 27 0.18035

26 27 0.179994

27 27 0.178927

28 27 0.177155

29 27 0.174683

30 27 0.171523

31 27 0.167685

32 27 0.163185

33 27 0.158041

34 27 0.152274

35 27 0.145906

36 27 0.138962

37 27 0.131469

38 27 0.123458

39 27 0.114959

40 27 0.106007

41 27 0.0966361

42 27 0.086884

43 27 0.0767891

44 27 0.0663911

45 27 0.0557311

46 27 0.0448511

47 27 0.0337941

48 27 0.0226038

49 27 0.0113242

50 27 0

0 28 0

1 28 0.0112121

2 28 0.0223799

3 28 0.0334594

4 28 0.0444068

5 28 0.055179

6 28 0.0657334

7 28 0.0760284

8 28 0.0860234

9 28 0.0956789

10 28 0.104957

11 28 0.11382

12 28 0.122235

13 28 0.130167

14 28 0.137585

15 28 0.144461

16 28 0.150766

17 28 0.156476

18 28 0.161569

19 28 0.166024

20 28 0.169824

21 28 0.172953

22 28 0.1754

23 28 0.177155

24 28 0.178211

25 28 0.178563

26 28 0.178211

27 28 0.177155

28 28 0.1754

29 28 0.172953

30 28 0.169824

31 28 0.166024

32 28 0.161569

33 28 0.156476

34 28 0.150766

35 28 0.144461

36 28 0.137585

37 28 0.130167

38 28 0.122235

39 28 0.11382

40 28 0.104957

41 28 0.0956789

42 28 0.0860234

43 28 0.0760284

44 28 0.0657334

45 28 0.055179

46 28 0.0444068

47 28 0.0334594

48 28 0.0223799

49 28 0.0112121

50 28 0

0 29 0

1 29 0.0110556

2 29 0.0220677

3 29 0.0329926

4 29 0.0437873

5 29 0.0544092

6 29 0.0648164

7 29 0.0749678

8 29 0.0848233

9 29 0.094344

10 29 0.103492

11 29 0.112232

12 29 0.120529

13 29 0.128351

14 29 0.135666

15 29 0.142445

16 29 0.148662

17 29 0.154293

18 29 0.159315

19 29 0.163707

20 29 0.167454

21 29 0.17054

22 29 0.172953

23 29 0.174683

24 29 0.175724

25 29 0.176072

26 29 0.175724

27 29 0.174683

28 29 0.172953

29 29 0.17054

30 29 0.167454

31 29 0.163707

32 29 0.159315

33 29 0.154293

34 29 0.148662

35 29 0.142445

36 29 0.135666

37 29 0.128351

38 29 0.120529

39 29 0.112232

40 29 0.103492

41 29 0.094344

42 29 0.0848233

43 29 0.0749678

44 29 0.0648164

45 29 0.0544092

46 29 0.0437873

47 29 0.0329926

48 29 0.0220677

49 29 0.0110556

50 29 0

0 30 0

1 30 0.0108556

2 30 0.0216683

3 30 0.0323956

4 30 0.042995

5 30 0.0534247

6 30 0.0636435

7 30 0.0736112

8 30 0.0832884

9 30 0.0926369

10 30 0.10162

11 30 0.110202

12 30 0.118348

13 30 0.126028

14 30 0.133211

15 30 0.139868

16 30 0.145972

17 30 0.151501

18 30 0.156432

19 30 0.160745

20 30 0.164424

21 30 0.167454

22 30 0.169824

23 30 0.171523

24 30 0.172545

25 30 0.172886

26 30 0.172545

27 30 0.171523

28 30 0.169824

29 30 0.167454

30 30 0.164424

31 30 0.160745

32 30 0.156432

33 30 0.151501

34 30 0.145972

35 30 0.139868

36 30 0.133211

37 30 0.126028

38 30 0.118348

39 30 0.110202

40 30 0.10162

41 30 0.0926369

42 30 0.0832884

43 30 0.0736112

44 30 0.0636435

45 30 0.0534247

46 30 0.042995

47 30 0.0323956

48 30 0.0216683

49 30 0.0108556

50 30 0

0 31 0

1 31 0.0106127

2 31 0.0211835

3 31 0.0316707

4 31 0.0420329

5 31 0.0522293

6 31 0.0622195

7 31 0.0719641

8 31 0.0814248

9 31 0.0905641

10 31 0.099346

11 31 0.107736

12 31 0.1157

13 31 0.123208

14 31 0.13023

15 31 0.136738

16 31 0.142706

17 31 0.148111

18 31 0.152932

19 31 0.157148

20 31 0.160745

21 31 0.163707

22 31 0.166024

23 31 0.167685

24 31 0.168684

25 31 0.169017

26 31 0.168684

27 31 0.167685

28 31 0.166024

29 31 0.163707

30 31 0.160745

31 31 0.157148

32 31 0.152932

33 31 0.148111

34 31 0.142706

35 31 0.136738

36 31 0.13023

37 31 0.123208

38 31 0.1157

39 31 0.107736

40 31 0.099346

41 31 0.0905641

42 31 0.0814248

43 31 0.0719641

44 31 0.0622195

45 31 0.0522293

46 31 0.0420329

47 31 0.0316707

48 31 0.0211835

49 31 0.0106127

50 31 0

0 32 0

1 32 0.0103279

2 32 0.0206151

3 32 0.0308209

4 32 0.040905

5 32 0.0508278

6 32 0.0605499

7 32 0.0700331

8 32 0.0792399

9 32 0.0881339

10 32 0.0966802

11 32 0.104845

12 32 0.112596

13 32 0.119902

14 32 0.126736

15 32 0.133069

16 32 0.138877

17 32 0.144137

18 32 0.148828

19 32 0.152932

20 32 0.156432

21 32 0.159315

22 32 0.161569

23 32 0.163185

24 32 0.164158

25 32 0.164482

26 32 0.164158

27 32 0.163185

28 32 0.161569

29 32 0.159315

30 32 0.156432

31 32 0.152932

32 32 0.148828

33 32 0.144137

34 32 0.138877

35 32 0.133069

36 32 0.126736

37 32 0.119902

38 32 0.112596

39 32 0.104845

40 32 0.0966802

41 32 0.0881339

42 32 0.0792399

43 32 0.0700331

44 32 0.0605499

45 32 0.0508278

46 32 0.040905

47 32 0.0308209

48 32 0.0206151

49 32 0.0103279

50 32 0

0 33 0

1 33 0.0100024

2 33 0.0199653

3 33 0.0298494

4 33 0.0396157

5 33 0.0492257

6 33 0.0586414

7 33 0.0678256

8 33 0.0767422

9 33 0.0853559

10 33 0.0936328

11 33 0.10154

12 33 0.109047

13 33 0.116123

14 33 0.122741

15 33 0.128874

16 33 0.134499

17 33 0.139594

18 33 0.144137

19 33 0.148111

20 33 0.151501

21 33 0.154293

22 33 0.156476

23 33 0.158041

24 33 0.158983

25 33 0.159298

26 33 0.158983

27 33 0.158041

28 33 0.156476

29 33 0.154293

30 33 0.151501

31 33 0.148111

32 33 0.144137

33 33 0.139594

34 33 0.134499

35 33 0.128874

36 33 0.122741

37 33 0.116123

38 33 0.109047

39 33 0.10154

40 33 0.0936328

41 33 0.0853559

42 33 0.0767422

43 33 0.0678256

44 33 0.0586414

45 33 0.0492257

46 33 0.0396157

47 33 0.0298494

48 33 0.0199653

49 33 0.0100024

50 33 0

0 34 0

1 34 0.00963737

2 34 0.0192367

3 34 0.0287601

4 34 0.03817

5 34 0.0474293

6 34 0.0565014

7 34 0.0653505

8 34 0.0739417

9 34 0.0822411

10 34 0.0902159

11 34 0.0978346

12 34 0.105067

13 34 0.111885

14 34 0.118262

15 34 0.124171

16 34 0.129591

17 34 0.134499

18 34 0.138877

19 34 0.142706

20 34 0.145972

21 34 0.148662

22 34 0.150766

23 34 0.152274

24 34 0.153182

25 34 0.153484

26 34 0.153182

27 34 0.152274

28 34 0.150766

29 34 0.148662

30 34 0.145972

31 34 0.142706

32 34 0.138877

33 34 0.134499

34 34 0.129591

35 34 0.124171

36 34 0.118262

37 34 0.111885

38 34 0.105067

39 34 0.0978346

40 34 0.0902159

41 34 0.0822411

42 34 0.0739417

43 34 0.0653505

44 34 0.0565014

45 34 0.0474293

46 34 0.03817

47 34 0.0287601

48 34 0.0192367

49 34 0.00963737

50 34 0

0 35 0

1 35 0.00923432

2 35 0.0184322

3 35 0.0275573

4 35 0.0365737

5 35 0.0454457

6 35 0.0541384

7 35 0.0626174

8 35 0.0708493

9 35 0.0788016

10 35 0.0864429

11 35 0.0937431

12 35 0.100673

13 35 0.107206

14 35 0.113316

15 35 0.118978

16 35 0.124171

17 35 0.128874

18 35 0.133069

19 35 0.136738

20 35 0.139868

21 35 0.142445

22 35 0.144461

23 35 0.145906

24 35 0.146775

25 35 0.147065

26 35 0.146775

27 35 0.145906

28 35 0.144461

29 35 0.142445

30 35 0.139868

31 35 0.136738

32 35 0.133069

33 35 0.128874

34 35 0.124171

35 35 0.118978

36 35 0.113316

37 35 0.107206

38 35 0.100673

39 35 0.0937431

40 35 0.0864429

41 35 0.0788016

42 35 0.0708493

43 35 0.0626174

44 35 0.0541384

45 35 0.0454457

46 35 0.0365737

47 35 0.0275573

48 35 0.0184322

49 35 0.00923432

50 35 0

0 36 0

1 36 0.00879483

2 36 0.0175549

3 36 0.0262458

4 36 0.034833

5 36 0.0432828

6 36 0.0515618

7 36 0.0596373

8 36 0.0674774

9 36 0.0750512

10 36 0.0823288

11 36 0.0892815

12 36 0.0958819

13 36 0.102104

14 36 0.107923

15 36 0.113316

16 36 0.118262

17 36 0.122741

18 36 0.126736

19 36 0.13023

20 36 0.133211

21 36 0.135666

22 36 0.137585

23 36 0.138962

24 36 0.13979

25 36 0.140066

26 36 0.13979

27 36 0.138962

28 36 0.137585

29 36 0.135666

30 36 0.133211

31 36 0.13023

32 36 0.126736

33 36 0.122741

34 36 0.118262

35 36 0.113316

36 36 0.107923

37 36 0.102104

38 36 0.0958819

39 36 0.0892815

40 36 0.0823288

41 36 0.0750512

42 36 0.0674774

43 36 0.0596373

44 36 0.0515618

45 36 0.0432828

46 36 0.034833

47 36 0.0262458

48 36 0.0175549

49 36 0.00879483

50 36 0

0 37 0

1 37 0.00832063

2 37 0.0166084

3 37 0.0248307

4 37 0.0329549

5 37 0.0409491

6 37 0.0487817

7 37 0.0564217

8 37 0.0638391

9 37 0.0710046

10 37 0.0778898

11 37 0.0844676

12 37 0.0907121

13 37 0.0965986

14 37 0.102104

15 37 0.107206

16 37 0.111885

17 37 0.116123

18 37 0.119902

19 37 0.123208

20 37 0.126028

21 37 0.128351

22 37 0.130167

23 37 0.131469

24 37 0.132253

25 37 0.132514

26 37 0.132253

27 37 0.131469

28 37 0.130167

29 37 0.128351

30 37 0.126028

31 37 0.123208

32 37 0.119902

33 37 0.116123

34 37 0.111885

35 37 0.107206

36 37 0.102104

37 37 0.0965986

38 37 0.0907121

39 37 0.0844676

40 37 0.0778898

41 37 0.0710046

42 37 0.0638391

43 37 0.0564217

44 37 0.0487817

45 37 0.0409491

46 37 0.0329549

47 37 0.0248307

48 37 0.0166084

49 37 0.00832063

50 37 0

0 38 0

1 38 0.00781359

2 38 0.0155963

3 38 0.0233175

4 38 0.0309467

5 38 0.0384538

6 38 0.045809

7 38 0.0529835

8 38 0.0599489

9 38 0.0666777

10 38 0.0731434

11 38 0.0793204

12 38 0.0851843

13 38 0.0907121

14 38 0.0958819

15 38 0.100673

16 38 0.105067

17 38 0.109047

18 38 0.112596

19 38 0.1157

20 38 0.118348

21 38 0.120529

22 38 0.122235

23 38 0.123458

24 38 0.124193

25 38 0.124439

26 38 0.124193

27 38 0.123458

28 38 0.122235

29 38 0.120529

30 38 0.118348

31 38 0.1157

32 38 0.112596

33 38 0.109047

34 38 0.105067

35 38 0.100673

36 38 0.0958819

37 38 0.0907121

38 38 0.0851843

39 38 0.0793204

40 38 0.0731434

41 38 0.0666777

42 38 0.0599489

43 38 0.0529835

44 38 0.045809

45 38 0.0384538

46 38 0.0309467

47 38 0.0233175

48 38 0.0155963

49 38 0.00781359

50 38 0

0 39 0

1 39 0.00727571

2 39 0.0145227

3 39 0.0217124

4 39 0.0288164

5 39 0.0358067

6 39 0.0426556

7 39 0.0493362

8 39 0.0558221

9 39 0.0620877

10 39 0.0681083

11 39 0.0738601

12 39 0.0793204

13 39 0.0844676

14 39 0.0892815

15 39 0.0937431

16 39 0.0978346

17 39 0.10154

18 39 0.104845

19 39 0.107736

20 39 0.110202

21 39 0.112232

22 39 0.11382

23 39 0.114959

24 39 0.115644

25 39 0.115873

26 39 0.115644

27 39 0.114959

28 39 0.11382

29 39 0.112232

30 39 0.110202

31 39 0.107736

32 39 0.104845

33 39 0.10154

34 39 0.0978346

35 39 0.0937431

36 39 0.0892815

37 39 0.0844676

38 39 0.0793204

39 39 0.0738601

40 39 0.0681083

41 39 0.0620877

42 39 0.0558221

43 39 0.0493362

44 39 0.0426556

45 39 0.0358067

46 39 0.0288164

47 39 0.0217124

48 39 0.0145227

49 39 0.00727571

50 39 0

0 40 0

1 40 0.00670912

2 40 0.0133918

3 40 0.0200216

4 40 0.0265723

5 40 0.0330183

6 40 0.0393339

7 40 0.0454942

8 40 0.0514751

9 40 0.0572527

10 40 0.0628045

11 40 0.0681083

12 40 0.0731434

13 40 0.0778898

14 40 0.0823288

15 40 0.0864429

16 40 0.0902159

17 40 0.0936328

18 40 0.0966802

19 40 0.099346

20 40 0.10162

21 40 0.103492

22 40 0.104957

23 40 0.106007

24 40 0.106638

25 40 0.106849

26 40 0.106638

27 40 0.106007

28 40 0.104957

29 40 0.103492

30 40 0.10162

31 40 0.099346

32 40 0.0966802

33 40 0.0936328

34 40 0.0902159

35 40 0.0864429

36 40 0.0823288

37 40 0.0778898

38 40 0.0731434

39 40 0.0681083

40 40 0.0628045

41 40 0.0572527

42 40 0.0514751

43 40 0.0454942

44 40 0.0393339

45 40 0.0330183

46 40 0.0265723

47 40 0.0200216

48 40 0.0133918

49 40 0.00670912

50 40 0

0 41 0

1 41 0.00611606

2 41 0.012208

3 41 0.0182517

4 41 0.0242234

5 41 0.0300995

6 41 0.0358569

7 41 0.0414727

8 41 0.0469248

9 41 0.0521918

10 41 0.0572527

11 41 0.0620877

12 41 0.0666777

13 41 0.0710046

14 41 0.0750512

15 41 0.0788016

16 41 0.0822411

17 41 0.0853559

18 41 0.0881339

19 41 0.0905641

20 41 0.0926369

21 41 0.094344

22 41 0.0956789

23 41 0.0966361

24 41 0.097212

25 41 0.0974042

26 41 0.097212

27 41 0.0966361

28 41 0.0956789

29 41 0.094344

30 41 0.0926369

31 41 0.0905641

32 41 0.0881339

33 41 0.0853559

34 41 0.0822411

35 41 0.0788016

36 41 0.0750512

37 41 0.0710046

38 41 0.0666777

39 41 0.0620877

40 41 0.0572527

41 41 0.0521918

42 41 0.0469248

43 41 0.0414727

44 41 0.0358569

45 41 0.0300995

46 41 0.0242234

47 41 0.0182517

48 41 0.012208

49 41 0.00611606

50 41 0

0 42 0

1 42 0.00549885

2 42 0.010976

3 42 0.0164098

4 42 0.0217789

5 42 0.027062

6 42 0.0322384

7 42 0.0372874

8 42 0.0421894

9 42 0.0469248

10 42 0.0514751

11 42 0.0558221

12 42 0.0599489

13 42 0.0638391

14 42 0.0674774

15 42 0.0708493

16 42 0.0739417

17 42 0.0767422

18 42 0.0792399

19 42 0.0814248

20 42 0.0832884

21 42 0.0848233

22 42 0.0860234

23 42 0.086884

24 42 0.0874018

25 42 0.0875746

26 42 0.0874018

27 42 0.086884

28 42 0.0860234

29 42 0.0848233

30 42 0.0832884

31 42 0.0814248

32 42 0.0792399

33 42 0.0767422

34 42 0.0739417

35 42 0.0708493

36 42 0.0674774

37 42 0.0638391

38 42 0.0599489

39 42 0.0558221

40 42 0.0514751

41 42 0.0469248

42 42 0.0421894

43 42 0.0372874

44 42 0.0322384

45 42 0.027062

46 42 0.0217789

47 42 0.0164098

48 42 0.010976

49 42 0.00549885

50 42 0

0 43 0

1 43 0.00485995

2 43 0.00970072

3 43 0.0145032

4 43 0.0192484

5 43 0.0239177

6 43 0.0284926

7 43 0.0329551

8 43 0.0372874

9 43 0.0414727

10 43 0.0454942

11 43 0.0493362

12 43 0.0529835

13 43 0.0564217

14 43 0.0596373

15 43 0.0626174

16 43 0.0653505

17 43 0.0678256

18 43 0.0700331

19 43 0.0719641

20 43 0.0736112

21 43 0.0749678

22 43 0.0760284

23 43 0.0767891

24 43 0.0772467

25 43 0.0773994

26 43 0.0772467

27 43 0.0767891

28 43 0.0760284

29 43 0.0749678

30 43 0.0736112

31 43 0.0719641

32 43 0.0700331

33 43 0.0678256

34 43 0.0653505

35 43 0.0626174

36 43 0.0596373

37 43 0.0564217

38 43 0.0529835

39 43 0.0493362

40 43 0.0454942

41 43 0.0414727

42 43 0.0372874

43 43 0.0329551

44 43 0.0284926

45 43 0.0239177

46 43 0.0192484

47 43 0.0145032

48 43 0.00970072

49 43 0.00485995

50 43 0

0 44 0

1 44 0.00420186

2 44 0.00838714

3 44 0.0125393

4 44 0.016642

5 44 0.020679

6 44 0.0246344

7 44 0.0284926

8 44 0.0322384

9 44 0.0358569

10 44 0.0393339

11 44 0.0426556

12 44 0.045809

13 44 0.0487817

14 44 0.0515618

15 44 0.0541384

16 44 0.0565014

17 44 0.0586414

18 44 0.0605499

19 44 0.0622195

20 44 0.0636435

21 44 0.0648164

22 44 0.0657334

23 44 0.0663911

24 44 0.0667867

25 44 0.0669188

26 44 0.0667867

27 44 0.0663911

28 44 0.0657334

29 44 0.0648164

30 44 0.0636435

31 44 0.0622195

32 44 0.0605499

33 44 0.0586414

34 44 0.0565014

35 44 0.0541384

36 44 0.0515618

37 44 0.0487817

38 44 0.045809

39 44 0.0426556

40 44 0.0393339

41 44 0.0358569

42 44 0.0322384

43 44 0.0284926

44 44 0.0246344

45 44 0.020679

46 44 0.016642

47 44 0.0125393

48 44 0.00838714

49 44 0.00420186

50 44 0

0 45 0

1 45 0.0035272

2 45 0.00704047

3 45 0.010526

4 45 0.0139699

5 45 0.0173587

6 45 0.020679

7 45 0.0239177

8 45 0.027062

9 45 0.0300995

10 45 0.0330183

11 45 0.0358067

12 45 0.0384538

13 45 0.0409491

14 45 0.0432828

15 45 0.0454457

16 45 0.0474293

17 45 0.0492257

18 45 0.0508278

19 45 0.0522293

20 45 0.0534247

21 45 0.0544092

22 45 0.055179

23 45 0.0557311

24 45 0.0560632

25 45 0.056174

26 45 0.0560632

27 45 0.0557311

28 45 0.055179

29 45 0.0544092

30 45 0.0534247

31 45 0.0522293

32 45 0.0508278

33 45 0.0492257

34 45 0.0474293

35 45 0.0454457

36 45 0.0432828

37 45 0.0409491

38 45 0.0384538

39 45 0.0358067

40 45 0.0330183

41 45 0.0300995

42 45 0.027062

43 45 0.0239177

44 45 0.020679

45 45 0.0173587

46 45 0.0139699

47 45 0.010526

48 45 0.00704047

49 45 0.0035272

50 45 0

0 46 0

1 46 0.00283861

2 46 0.00566601

3 46 0.00847105

4 46 0.0112427

5 46 0.0139699

6 46 0.016642

7 46 0.0192484

8 46 0.0217789

9 46 0.0242234

10 46 0.0265723

11 46 0.0288164

12 46 0.0309467

13 46 0.0329549

14 46 0.034833

15 46 0.0365737

16 46 0.03817

17 46 0.0396157

18 46 0.040905

19 46 0.0420329

20 46 0.042995

21 46 0.0437873

22 46 0.0444068

23 46 0.0448511

24 46 0.0451184

25 46 0.0452076

26 46 0.0451184

27 46 0.0448511

28 46 0.0444068

29 46 0.0437873

30 46 0.042995

31 46 0.0420329

32 46 0.040905

33 46 0.0396157

34 46 0.03817

35 46 0.0365737

36 46 0.034833

37 46 0.0329549

38 46 0.0309467

39 46 0.0288164

40 46 0.0265723

41 46 0.0242234

42 46 0.0217789

43 46 0.0192484

44 46 0.016642

45 46 0.0139699

46 46 0.0112427

47 46 0.00847105

48 46 0.00566601

49 46 0.00283861

50 46 0

0 47 0

1 47 0.00213882

2 47 0.00426919

3 47 0.00638272

4 47 0.00847105

5 47 0.010526

6 47 0.0125393

7 47 0.0145032

8 47 0.0164098

9 47 0.0182517

10 47 0.0200216

11 47 0.0217124

12 47 0.0233175

13 47 0.0248307

14 47 0.0262458

15 47 0.0275573

16 47 0.0287601

17 47 0.0298494

18 47 0.0308209

19 47 0.0316707

20 47 0.0323956

21 47 0.0329926

22 47 0.0334594

23 47 0.0337941

24 47 0.0339955

25 47 0.0340627

26 47 0.0339955

27 47 0.0337941

28 47 0.0334594

29 47 0.0329926

30 47 0.0323956

31 47 0.0316707

32 47 0.0308209

33 47 0.0298494

34 47 0.0287601

35 47 0.0275573

36 47 0.0262458

37 47 0.0248307

38 47 0.0233175

39 47 0.0217124

40 47 0.0200216

41 47 0.0182517

42 47 0.0164098

43 47 0.0145032

44 47 0.0125393

45 47 0.010526

46 47 0.00847105

47 47 0.00638272

48 47 0.00426919

49 47 0.00213882

50 47 0

0 48 0

1 48 0.00143058

2 48 0.00285552

3 48 0.00426919

4 48 0.00566601

5 48 0.00704047

6 48 0.00838714

7 48 0.00970072

8 48 0.010976

9 48 0.012208

10 48 0.0133918

11 48 0.0145227

12 48 0.0155963

13 48 0.0166084

14 48 0.0175549

15 48 0.0184322

16 48 0.0192367

17 48 0.0199653

18 48 0.0206151

19 48 0.0211835

20 48 0.0216683

21 48 0.0220677

22 48 0.0223799

23 48 0.0226038

24 48 0.0227385

25 48 0.0227834

26 48 0.0227385

27 48 0.0226038

28 48 0.0223799

29 48 0.0220677

30 48 0.0216683

31 48 0.0211835

32 48 0.0206151

33 48 0.0199653

34 48 0.0192367

35 48 0.0184322

36 48 0.0175549

37 48 0.0166084

38 48 0.0155963

39 48 0.0145227

40 48 0.0133918

41 48 0.012208

42 48 0.010976

43 48 0.00970072

44 48 0.00838714

45 48 0.00704047

46 48 0.00566601

47 48 0.00426919

48 48 0.00285552

49 48 0.00143058

50 48 0

0 49 0

1 49 0.000716706

2 49 0.00143058

3 49 0.00213882

4 49 0.00283861

5 49 0.0035272

6 49 0.00420186

7 49 0.00485995

8 49 0.00549885

9 49 0.00611606

10 49 0.00670912

11 49 0.00727571

12 49 0.00781359

13 49 0.00832063

14 49 0.00879483

15 49 0.00923432

16 49 0.00963737

17 49 0.0100024

18 49 0.0103279

19 49 0.0106127

20 49 0.0108556

21 49 0.0110556

22 49 0.0112121

23 49 0.0113242

24 49 0.0113917

25 49 0.0114142

26 49 0.0113917

27 49 0.0113242

28 49 0.0112121

29 49 0.0110556

30 49 0.0108556

31 49 0.0106127

32 49 0.0103279

33 49 0.0100024

34 49 0.00963737

35 49 0.00923432

36 49 0.00879483

37 49 0.00832063

38 49 0.00781359

39 49 0.00727571

40 49 0.00670912

41 49 0.00611606

42 49 0.00549885

43 49 0.00485995

44 49 0.00420186

45 49 0.0035272

46 49 0.00283861

47 49 0.00213882

48 49 0.00143058

49 49 0.000716706

50 49 0

