0 1 0

1 1 0.00130578

2 1 0.0026064

3 1 0.00389674

4 1 0.00517169

5 1 0.00642624

6 1 0.00765543

7 1 0.0088544

8 1 0.0100184

9 1 0.0111429

10 1 0.0122234

11 1 0.0132557

12 1 0.0142357

13 1 0.0151595

14 1 0.0160234

15 1 0.0168241

16 1 0.0175584

17 1 0.0182235

18 1 0.0188166

19 1 0.0193354

20 1 0.0197779

21 1 0.0201424

22 1 0.0204274

23 1 0.0206318

24 1 0.0207547

25 1 0.0207958

26 1 0.0207547

27 1 0.0206318

28 1 0.0204274

29 1 0.0201424

30 1 0.0197779

31 1 0.0193354

32 1 0.0188166

33 1 0.0182235

34 1 0.0175584

35 1 0.0168241

36 1 0.0160234

37 1 0.0151595

38 1 0.0142357

39 1 0.0132557

40 1 0.0122234

41 1 0.0111429

42 1 0.0100184

43 1 0.0088544

44 1 0.00765543

45 1 0.00642624

46 1 0.00517169

47 1 0.00389674

48 1 0.0026064

49 1 0.00130578

50 1 0

0 2 0

1 2 0.0026064

2 2 0.00520251

3 2 0.00777809

4 2 0.010323

5 2 0.0128271

6 2 0.0152806

7 2 0.0176739

8 2 0.0199973

9 2 0.0222419

10 2 0.0243986

11 2 0.0264591

12 2 0.0284152

13 2 0.0302591

14 2 0.0319836

15 2 0.0335818

16 2 0.0350476

17 2 0.036375

18 2 0.0375589

19 2 0.0385945

20 2 0.0394778

21 2 0.0402054

22 2 0.0407742

23 2 0.0411821

24 2 0.0414275

25 2 0.0415094

26 2 0.0414275

27 2 0.0411821

28 2 0.0407742

29 2 0.0402054

30 2 0.0394778

31 2 0.0385945

32 2 0.0375589

33 2 0.036375

34 2 0.0350476

35 2 0.0335818

36 2 0.0319836

37 2 0.0302591

38 2 0.0284152

39 2 0.0264591

40 2 0.0243986

41 2 0.0222419

42 2 0.0199973

43 2 0.0176739

44 2 0.0152806

45 2 0.0128271

46 2 0.010323

47 2 0.00777809

48 2 0.00520251

49 2 0.0026064

50 2 0

0 3 0

1 3 0.00389674

2 3 0.00777809

3 3 0.0116288

4 3 0.0154335

5 3 0.0191774

6 3 0.0228456

7 3 0.0264236

8 3 0.0298973

9 3 0.033253

10 3 0.0364776

11 3 0.0395581

12 3 0.0424825

13 3 0.0452393

14 3 0.0478175

15 3 0.050207

16 3 0.0523984

17 3 0.054383

18 3 0.0561529

19 3 0.0577013

20 3 0.0590219

21 3 0.0601096

22 3 0.0609601

23 3 0.06157

24 3 0.0619369

25 3 0.0620593

26 3 0.0619369

27 3 0.06157

28 3 0.0609601

29 3 0.0601096

30 3 0.0590219

31 3 0.0577013

32 3 0.0561529

33 3 0.054383

34 3 0.0523984

35 3 0.050207

36 3 0.0478175

37 3 0.0452393

38 3 0.0424825

39 3 0.0395581

40 3 0.0364776

41 3 0.033253

42 3 0.0298973

43 3 0.0264236

44 3 0.0228456

45 3 0.0191774

46 3 0.0154335

47 3 0.0116288

48 3 0.00777809

49 3 0.00389674

50 3 0

0 4 0

1 4 0.00517169

2 4 0.010323

3 4 0.0154335

4 4 0.0204832

5 4 0.025452

6 4 0.0303203

7 4 0.035069

8 4 0.0396793

9 4 0.044133

10 4 0.0484125

11 4 0.052501

12 4 0.0563822

13 4 0.060041

14 4 0.0634628

15 4 0.0666341

16 4 0.0695424

17 4 0.0721764

18 4 0.0745254

19 4 0.0765804

20 4 0.0783331

21 4 0.0797766

22 4 0.0809054

23 4 0.0817148

24 4 0.0822017

25 4 0.0823643

26 4 0.0822017

27 4 0.0817148

28 4 0.0809054

29 4 0.0797766

30 4 0.0783331

31 4 0.0765804

32 4 0.0745254

33 4 0.0721764

34 4 0.0695424

35 4 0.0666341

36 4 0.0634628

37 4 0.060041

38 4 0.0563822

39 4 0.052501

40 4 0.0484125

41 4 0.044133

42 4 0.0396793

43 4 0.035069

44 4 0.0303203

45 4 0.025452

46 4 0.0204832

47 4 0.0154335

48 4 0.010323

49 4 0.00517169

50 4 0

0 5 0

1 5 0.00642624

2 5 0.0128271

3 5 0.0191774

4 5 0.025452

5 5 0.0316261

6 5 0.0376754

7 5 0.043576

8 5 0.0493047

9 5 0.0548387

10 5 0.0601564

11 5 0.0652366

12 5 0.0700594

13 5 0.0746057

14 5 0.0788575

15 5 0.0827982

16 5 0.086412

17 5 0.0896849

18 5 0.0926038

19 5 0.0951572

20 5 0.0973351

21 5 0.0991288

22 5 0.100531

23 5 0.101537

24 5 0.102142

25 5 0.102344

26 5 0.102142

27 5 0.101537

28 5 0.100531

29 5 0.0991288

30 5 0.0973351

31 5 0.0951572

32 5 0.0926038

33 5 0.0896849

34 5 0.086412

35 5 0.0827982

36 5 0.0788575

37 5 0.0746057

38 5 0.0700594

39 5 0.0652366

40 5 0.0601564

41 5 0.0548387

42 5 0.0493047

43 5 0.043576

44 5 0.0376754

45 5 0.0316261

46 5 0.025452

47 5 0.0191774

48 5 0.0128271

49 5 0.00642624

50 5 0

0 6 0

1 6 0.00765543

2 6 0.0152806

3 6 0.0228456

4 6 0.0303203

5 6 0.0376754

6 6 0.0448818

7 6 0.0519111

8 6 0.0587355

9 6 0.0653281

10 6 0.0716629

11 6 0.0777148

12 6 0.0834601

13 6 0.088876

14 6 0.0939411

15 6 0.0986355

16 6 0.102941

17 6 0.106839

18 6 0.110317

19 6 0.113358

20 6 0.115953

21 6 0.11809

22 6 0.119761

23 6 0.120959

24 6 0.12168

25 6 0.12192

26 6 0.12168

27 6 0.120959

28 6 0.119761

29 6 0.11809

30 6 0.115953

31 6 0.113358

32 6 0.110317

33 6 0.106839

34 6 0.102941

35 6 0.0986355

36 6 0.0939411

37 6 0.088876

38 6 0.0834601

39 6 0.0777148

40 6 0.0716629

41 6 0.0653281

42 6 0.0587355

43 6 0.0519111

44 6 0.0448818

45 6 0.0376754

46 6 0.0303203

47 6 0.0228456

48 6 0.0152806

49 6 0.00765543

50 6 0

0 7 0

1 7 0.0088544

2 7 0.0176739

3 7 0.0264236

4 7 0.035069

5 7 0.043576

6 7 0.0519111

7 7 0.0600413

8 7 0.0679345

9 7 0.0755596

10 7 0.0828865

11 7 0.0898863

12 7 0.0965314

13 7 0.102795

14 7 0.108654

15 7 0.114084

16 7 0.119063

17 7 0.123572

18 7 0.127594

19 7 0.131112

20 7 0.134113

21 7 0.136585

22 7 0.138517

23 7 0.139903

24 7 0.140737

25 7 0.141015

26 7 0.140737

27 7 0.139903

28 7 0.138517

29 7 0.136585

30 7 0.134113

31 7 0.131112

32 7 0.127594

33 7 0.123572

34 7 0.119063

35 7 0.114084

36 7 0.108654

37 7 0.102795

38 7 0.0965314

39 7 0.0898863

40 7 0.0828865

41 7 0.0755596

42 7 0.0679345

43 7 0.0600413

44 7 0.0519111

45 7 0.043576

46 7 0.035069

47 7 0.0264236

48 7 0.0176739

49 7 0.0088544

50 7 0

0 8 0

1 8 0.0100184

2 8 0.0199973

3 8 0.0298973

4 8 0.0396793

5 8 0.0493047

6 8 0.0587355

7 8 0.0679345

8 8 0.0768654

9 8 0.0854929

10 8 0.0937831

11 8 0.101703

12 8 0.109222

13 8 0.116309

14 8 0.122938

15 8 0.129081

16 8 0.134715

17 8 0.139818

18 8 0.144368

19 8 0.148349

20 8 0.151744

21 8 0.154541

22 8 0.156727

23 8 0.158295

24 8 0.159238

25 8 0.159553

26 8 0.159238

27 8 0.158295

28 8 0.156727

29 8 0.154541

30 8 0.151744

31 8 0.148349

32 8 0.144368

33 8 0.139818

34 8 0.134715

35 8 0.129081

36 8 0.122938

37 8 0.116309

38 8 0.109222

39 8 0.101703

40 8 0.0937831

41 8 0.0854929

42 8 0.0768654

43 8 0.0679345

44 8 0.0587355

45 8 0.0493047

46 8 0.0396793

47 8 0.0298973

48 8 0.0199973

49 8 0.0100184

50 8 0

0 9 0

1 9 0.0111429

2 9 0.0222419

3 9 0.033253

4 9 0.044133

5 9 0.0548387

6 9 0.0653281

7 9 0.0755596

8 9 0.0854929

9 9 0.0950888

10 9 0.104309

11 9 0.113118

12 9 0.121481

13 9 0.129364

14 9 0.136737

15 9 0.14357

16 9 0.149836

17 9 0.155511

18 9 0.160572

19 9 0.165

20 9 0.168776

21 9 0.171887

22 9 0.174319

23 9 0.176063

24 9 0.177112

25 9 0.177462

26 9 0.177112

27 9 0.176063

28 9 0.174319

29 9 0.171887

30 9 0.168776

31 9 0.165

32 9 0.160572

33 9 0.155511

34 9 0.149836

35 9 0.14357

36 9 0.136737

37 9 0.129364

38 9 0.121481

39 9 0.113118

40 9 0.104309

41 9 0.0950888

42 9 0.0854929

43 9 0.0755596

44 9 0.0653281

45 9 0.0548387

46 9 0.044133

47 9 0.033253

48 9 0.0222419

49 9 0.0111429

50 9 0

0 10 0

1 10 0.0122234

2 10 0.0243986

3 10 0.0364776

4 10 0.0484125

5 10 0.0601564

6 10 0.0716629

7 10 0.0828865

8 10 0.0937831

9 10 0.104309

10 10 0.114424

11 10 0.124087

12 10 0.133261

13 10 0.141908

14 10 0.149996

15 10 0.157491

16 10 0.164365

17 10 0.170591

18 10 0.176143

19 10 0.181

20 10 0.185142

21 10 0.188554

22 10 0.191222

23 10 0.193135

24 10 0.194286

25 10 0.19467

26 10 0.194286

27 10 0.193135

28 10 0.191222

29 10 0.188554

30 10 0.185142

31 10 0.181

32 10 0.176143

33 10 0.170591

34 10 0.164365

35 10 0.157491

36 10 0.149996

37 10 0.141908

38 10 0.133261

39 10 0.124087

40 10 0.114424

41 10 0.104309

42 10 0.0937831

43 10 0.0828865

44 10 0.0716629

45 10 0.0601564

46 10 0.0484125

47 10 0.0364776

48 10 0.0243986

49 10 0.0122234

50 10 0

0 11 0

1 11 0.0132557

2 11 0.0264591

3 11 0.0395581

4 11 0.052501

5 11 0.0652366

6 11 0.0777148

7 11 0.0898863

8 11 0.101703

9 11 0.113118

10 11 0.124087

11 11 0.134567

12 11 0.144515

13 11 0.153893

14 11 0.162663

15 11 0.170792

16 11 0.178246

17 11 0.184997

18 11 0.191018

19 11 0.196285

20 11 0.200778

21 11 0.204478

22 11 0.207371

23 11 0.209445

24 11 0.210694

25 11 0.21111

26 11 0.210694

27 11 0.209445

28 11 0.207371

29 11 0.204478

30 11 0.200778

31 11 0.196285

32 11 0.191018

33 11 0.184997

34 11 0.178246

35 11 0.170792

36 11 0.162663

37 11 0.153893

38 11 0.144515

39 11 0.134567

40 11 0.124087

41 11 0.113118

42 11 0.101703

43 11 0.0898863

44 11 0.0777148

45 11 0.0652366

46 11 0.052501

47 11 0.0395581

48 11 0.0264591

49 11 0.0132557

50 11 0

0 12 0

1 12 0.0142357

2 12 0.0284152

3 12 0.0424825

4 12 0.0563822

5 12 0.0700594

6 12 0.0834601

7 12 0.0965314

8 12 0.109222

9 12 0.121481

10 12 0.133261

11 12 0.144515

12 12 0.155198

13 12 0.16527

14 12 0.174688

15 12 0.183418

16 12 0.191423

17 12 0.198674

18 12 0.20514

19 12 0.210796

20 12 0.215621

21 12 0.219594

22 12 0.222701

23 12 0.224929

24 12 0.22627

25 12 0.226717

26 12 0.22627

27 12 0.224929

28 12 0.222701

29 12 0.219594

30 12 0.215621

31 12 0.210796

32 12 0.20514

33 12 0.198674

34 12 0.191423

35 12 0.183418

36 12 0.174688

37 12 0.16527

38 12 0.155198

39 12 0.144515

40 12 0.133261

41 12 0.121481

42 12 0.109222

43 12 0.0965314

44 12 0.0834601

45 12 0.0700594

46 12 0.0563822

47 12 0.0424825

48 12 0.0284152

49 12 0.0142357

50 12 0

0 13 0

1 13 0.0151595

2 13 0.0302591

3 13 0.0452393

4 13 0.060041

5 13 0.0746057

6 13 0.088876

7 13 0.102795

8 13 0.116309

9 13 0.129364

10 13 0.141908

11 13 0.153893

12 13 0.16527

13 13 0.175994

14 13 0.186024

15 13 0.19532

16 13 0.203845

17 13 0.211566

18 13 0.218452

19 13 0.224475

20 13 0.229613

21 13 0.233844

22 13 0.237153

23 13 0.239525

24 13 0.240953

25 13 0.241429

26 13 0.240953

27 13 0.239525

28 13 0.237153

29 13 0.233844

30 13 0.229613

31 13 0.224475

32 13 0.218452

33 13 0.211566

34 13 0.203845

35 13 0.19532

36 13 0.186024

37 13 0.175994

38 13 0.16527

39 13 0.153893

40 13 0.141908

41 13 0.129364

42 13 0.116309

43 13 0.102795

44 13 0.088876

45 13 0.0746057

46 13 0.060041

47 13 0.0452393

48 13 0.0302591

49 13 0.0151595

50 13 0

0 14 0

1 14 0.0160234

2 14 0.0319836

3 14 0.0478175

4 14 0.0634628

5 14 0.0788575

6 14 0.0939411

7 14 0.108654

8 14 0.122938

9 14 0.136737

10 14 0.149996

11 14 0.162663

12 14 0.174688

13 14 0.186024

14 14 0.196626

15 14 0.206452

16 14 0.215463

17 14 0.223623

18 14 0.230901

19 14 0.237268

20 14 0.242699

21 14 0.247171

22 14 0.250668

23 14 0.253176

24 14 0.254685

25 14 0.255188

26 14 0.254685

27 14 0.253176

28 14 0.250668

29 14 0.247171

30 14 0.242699

31 14 0.237268

32 14 0.230901

33 14 0.223623

34 14 0.215463

35 14 0.206452

36 14 0.196626

37 14 0.186024

38 14 0.174688

39 14 0.162663

40 14 0.149996

41 14 0.136737

42 14 0.122938

43 14 0.108654

44 14 0.0939411

45 14 0.0788575

46 14 0.0634628

47 14 0.0478175

48 14 0.0319836

49 14 0.0160234

50 14 0

0 15 0

1 15 0.0168241

2 15 0.0335818

3 15 0.050207

4 15 0.0666341

5 15 0.0827982

6 15 0.0986355

7 15 0.114084

8 15 0.129081

9 15 0.14357

10 15 0.157491

11 15 0.170792

12 15 0.183418

13 15 0.19532

14 15 0.206452

15 15 0.216768

16 15 0.22623

17 15 0.234798

18 15 0.24244

19 15 0.249125

20 15 0.254827

21 15 0.259523

22 15 0.263195

23 15 0.265828

24 15 0.267412

25 15 0.26794

26 15 0.267412

27 15 0.265828

28 15 0.263195

29 15 0.259523

30 15 0.254827

31 15 0.249125

32 15 0.24244

33 15 0.234798

34 15 0.22623

35 15 0.216768

36 15 0.206452

37 15 0.19532

38 15 0.183418

39 15 0.170792

40 15 0.157491

41 15 0.14357

42 15 0.129081

43 15 0.114084

44 15 0.0986355

45 15 0.0827982

46 15 0.0666341

47 15 0.050207

48 15 0.0335818

49 15 0.0168241

50 15 0

0 16 0

1 16 0.0175584

2 16 0.0350476

3 16 0.0523984

4 16 0.0695424

5 16 0.086412

6 16 0.102941

7 16 0.119063

8 16 0.134715

9 16 0.149836

10 16 0.164365

11 16 0.178246

12 16 0.191423

13 16 0.203845

14 16 0.215463

15 16 0.22623

16 16 0.236104

17 16 0.245046

18 16 0.253022

19 16 0.259998

20 16 0.265949

21 16 0.27085

22 16 0.274682

23 16 0.27743

24 16 0.279083

25 16 0.279635

26 16 0.279083

27 16 0.27743

28 16 0.274682

29 16 0.27085

30 16 0.265949

31 16 0.259998

32 16 0.253022

33 16 0.245046

34 16 0.236104

35 16 0.22623

36 16 0.215463

37 16 0.203845

38 16 0.191423

39 16 0.178246

40 16 0.164365

41 16 0.149836

42 16 0.134715

43 16 0.119063

44 16 0.102941

45 16 0.086412

46 16 0.0695424

47 16 0.0523984

48 16 0.0350476

49 16 0.0175584

50 16 0

0 17 0

1 17 0.0182235

2 17 0.036375

3 17 0.054383

4 17 0.0721764

5 17 0.0896849

6 17 0.106839

7 17 0.123572

8 17 0.139818

9 17 0.155511

10 17 0.170591

11 17 0.184997

12 17 0.198674

13 17 0.211566

14 17 0.223623

15 17 0.234798

16 17 0.245046

17 17 0.254327

18 17 0.262605

19 17 0.269846

20 17 0.276022

21 17 0.281108

22 17 0.285086

23 17 0.287938

24 17 0.289654

25 17 0.290226

26 17 0.289654

27 17 0.287938

28 17 0.285086

29 17 0.281108

30 17 0.276022

31 17 0.269846

32 17 0.262605

33 17 0.254327

34 17 0.245046

35 17 0.234798

36 17 0.223623

37 17 0.211566

38 17 0.198674

39 17 0.184997

40 17 0.170591

41 17 0.155511

42 17 0.139818

43 17 0.123572

44 17 0.106839

45 17 0.0896849

46 17 0.0721764

47 17 0.054383

48 17 0.036375

49 17 0.0182235

50 17 0

0 18 0

1 18 0.0188166

2 18 0.0375589

3 18 0.0561529

4 18 0.0745254

5 18 0.0926038

6 18 0.110317

7 18 0.127594

8 18 0.144368

9 18 0.160572

10 18 0.176143

11 18 0.191018

12 18 0.20514

13 18 0.218452

14 18 0.230901

15 18 0.24244

16 18 0.253022

17 18 0.262605

18 18 0.271151

19 18 0.278628

20 18 0.285005

21 18 0.290257

22 18 0.294364

23 18 0.297309

24 18 0.299081

25 18 0.299672

26 18 0.299081

27 18 0.297309

28 18 0.294364

29 18 0.290257

30 18 0.285005

31 18 0.278628

32 18 0.271151

33 18 0.262605

34 18 0.253022

35 18 0.24244

36 18 0.230901

37 18 0.218452

38 18 0.20514

39 18 0.191018

40 18 0.176143

41 18 0.160572

42 18 0.144368

43 18 0.127594

44 18 0.110317

45 18 0.0926038

46 18 0.0745254

47 18 0.0561529

48 18 0.0375589

49 18 0.0188166

50 18 0

0 19 0

1 19 0.0193354

2 19 0.0385945

3 19 0.0577013

4 19 0.0765804

5 19 0.0951572

6 19 0.113358

7 19 0.131112

8 19 0.148349

9 19 0.165

10 19 0.181

11 19 0.196285

12 19 0.210796

13 19 0.224475

14 19 0.237268

15 19 0.249125

16 19 0.259998

17 19 0.269846

18 19 0.278628

19 19 0.286311

20 19 0.292864

21 19 0.298261

22 19 0.302481

23 19 0.305507

24 19 0.307328

25 19 0.307935

26 19 0.307328

27 19 0.305507

28 19 0.302481

29 19 0.298261

30 19 0.292864

31 19 0.286311

32 19 0.278628

33 19 0.269846

34 19 0.259998

35 19 0.249125

36 19 0.237268

37 19 0.224475

38 19 0.210796

39 19 0.196285

40 19 0.181

41 19 0.165

42 19 0.148349

43 19 0.131112

44 19 0.113358

45 19 0.0951572

46 19 0.0765804

47 19 0.0577013

48 19 0.0385945

49 19 0.0193354

50 19 0

0 20 0

1 20 0.0197779

2 20 0.0394778

3 20 0.0590219

4 20 0.0783331

5 20 0.0973351

6 20 0.115953

7 20 0.134113

8 20 0.151744

9 20 0.168776

10 20 0.185142

11 20 0.200778

12 20 0.215621

13 20 0.229613

14 20 0.242699

15 20 0.254827

16 20 0.265949

17 20 0.276022

18 20 0.285005

19 20 0.292864

20 20 0.299567

21 20 0.305087

22 20 0.309404

23 20 0.312499

24 20 0.314361

25 20 0.314983

26 20 0.314361

27 20 0.312499

28 20 0.309404

29 20 0.305087

30 20 0.299567

31 20 0.292864

32 20 0.285005

33 20 0.276022

34 20 0.265949

35 20 0.254827

36 20 0.242699

37 20 0.229613

38 20 0.215621

39 20 0.200778

40 20 0.185142

41 20 0.168776

42 20 0.151744

43 20 0.134113

44 20 0.115953

45 20 0.0973351

46 20 0.0783331

47 20 0.0590219

48 20 0.0394778

49 20 0.0197779

50 20 0

0 21 0

1 21 0.0201424

2 21 0.0402054

3 21 0.0601096

4 21 0.0797766

5 21 0.0991288

6 21 0.11809

7 21 0.136585

8 21 0.154541

9 21 0.171887

10 21 0.188554

11 21 0.204478

12 21 0.219594

13 21 0.233844

14 21 0.247171

15 21 0.259523

16 21 0.27085

17 21 0.281108

18 21 0.290257

19 21 0.298261

20 21 0.305087

21 21 0.310709

22 21 0.315106

23 21 0.318258

24 21 0.320155

25 21 0.320788

26 21 0.320155

27 21 0.318258

28 21 0.315106

29 21 0.310709

30 21 0.305087

31 21 0.298261

32 21 0.290257

33 21 0.281108

34 21 0.27085

35 21 0.259523

36 21 0.247171

37 21 0.233844

38 21 0.219594

39 21 0.204478

40 21 0.188554

41 21 0.171887

42 21 0.154541

43 21 0.136585

44 21 0.11809

45 21 0.0991288

46 21 0.0797766

47 21 0.0601096

48 21 0.0402054

49 21 0.0201424

50 21 0

0 22 0

1 22 0.0204274

2 22 0.0407742

3 22 0.0609601

4 22 0.0809054

5 22 0.100531

6 22 0.119761

7 22 0.138517

8 22 0.156727

9 22 0.174319

10 22 0.191222

11 22 0.207371

12 22 0.222701

13 22 0.237153

14 22 0.250668

15 22 0.263195

16 22 0.274682

17 22 0.285086

18 22 0.294364

19 22 0.302481

20 22 0.309404

21 22 0.315106

22 22 0.319564

23 22 0.322761

24 22 0.324684

25 22 0.325326

26 22 0.324684

27 22 0.322761

28 22 0.319564

29 22 0.315106

30 22 0.309404

31 22 0.302481

32 22 0.294364

33 22 0.285086

34 22 0.274682

35 22 0.263195

36 22 0.250668

37 22 0.237153

38 22 0.222701

39 22 0.207371

40 22 0.191222

41 22 0.174319

42 22 0.156727

43 22 0.138517

44 22 0.119761

45 22 0.100531

46 22 0.0809054

47 22 0.0609601

48 22 0.0407742

49 22 0.0204274

50 22 0

0 23 0

1 23 0.0206318

2 23 0.0411821

3 23 0.06157

4 23 0.0817148

5 23 0.101537

6 23 0.120959

7 23 0.139903

8 23 0.158295

9 23 0.176063

10 23 0.193135

11 23 0.209445

12 23 0.224929

13 23 0.239525

14 23 0.253176

15 23 0.265828

16 23 0.27743

17 23 0.287938

18 23 0.297309

19 23 0.305507

20 23 0.312499

21 23 0.318258

22 23 0.322761

23 23 0.32599

24 23 0.327933

25 23 0.328581

26 23 0.327933

27 23 0.32599

28 23 0.322761

29 23 0.318258

30 23 0.312499

31 23 0.305507

32 23 0.297309

33 23 0.287938

34 23 0.27743

35 23 0.265828

36 23 0.253176

37 23 0.239525

38 23 0.224929

39 23 0.209445

40 23 0.193135

41 23 0.176063

42 23 0.158295

43 23 0.139903

44 23 0.120959

45 23 0.101537

46 23 0.0817148

47 23 0.06157

48 23 0.0411821

49 23 0.0206318

50 23 0

0 24 0

1 24 0.0207547

2 24 0.0414275

3 24 0.0619369

4 24 0.0822017

5 24 0.102142

6 24 0.12168

7 24 0.140737

8 24 0.159238

9 24 0.177112

10 24 0.194286

11 24 0.210694

12 24 0.22627

13 24 0.240953

14 24 0.254685

15 24 0.267412

16 24 0.279083

17 24 0.289654

18 24 0.299081

19 24 0.307328

20 24 0.314361

21 24 0.320155

22 24 0.324684

23 24 0.327933

24 24 0.329887

25 24 0.330539

26 24 0.329887

27 24 0.327933

28 24 0.324684

29 24 0.320155

30 24 0.314361

31 24 0.307328

32 24 0.299081

33 24 0.289654

34 24 0.279083

35 24 0.267412

36 24 0.254685

37 24 0.240953

38 24 0.22627

39 24 0.210694

40 24 0.194286

41 24 0.177112

42 24 0.159238

43 24 0.140737

44 24 0.12168

45 24 0.102142

46 24 0.0822017

47 24 0.0619369

48 24 0.0414275

49 24 0.0207547

50 24 0

0 25 0

1 25 0.0207958

2 25 0.0415094

3 25 0.0620593

4 25 0.0823643

5 25 0.102344

6 25 0.12192

7 25 0.141015

8 25 0.159553

9 25 0.177462

10 25 0.19467

11 25 0.21111

12 25 0.226717

13 25 0.241429

14 25 0.255188

15 25 0.26794

16 25 0.279635

17 25 0.290226

18 25 0.299672

19 25 0.307935

20 25 0.314983

21 25 0.320788

22 25 0.325326

23 25 0.328581

24 25 0.330539

25 25 0.331193

26 25 0.330539

27 25 0.328581

28 25 0.325326

29 25 0.320788

30 25 0.314983

31 25 0.307935

32 25 0.299672

33 25 0.290226

34 25 0.279635

35 25 0.26794

36 25 0.255188

37 25 0.241429

38 25 0.226717

39 25 0.21111

40 25 0.19467

41 25 0.177462

42 25 0.159553

43 25 0.141015

44 25 0.12192

45 25 0.102344

46 25 0.0823643

47 25 0.0620593

48 25 0.0415094

49 25 0.0207958

50 25 0

0 26 0

1 26 0.0207547

2 26 0.0414275

3 26 0.0619369

4 26 0.0822017

5 26 0.102142

6 26 0.12168

7 26 0.140737

8 26 0.159238

9 26 0.177112

10 26 0.194286

11 26 0.210694

12 26 0.22627

13 26 0.240953

14 26 0.254685

15 26 0.267412

16 26 0.279083

17 26 0.289654

18 26 0.299081

19 26 0.307328

20 26 0.314361

21 26 0.320155

22 26 0.324684

23 26 0.327933

24 26 0.329887

25 26 0.330539

26 26 0.329887

27 26 0.327933

28 26 0.324684

29 26 0.320155

30 26 0.314361

31 26 0.307328

32 26 0.299081

33 26 0.289654

34 26 0.279083

35 26 0.267412

36 26 0.254685

37 26 0.240953

38 26 0.22627

39 26 0.210694

40 26 0.194286

41 26 0.177112

42 26 0.159238

43 26 0.140737

44 26 0.12168

45 26 0.102142

46 26 0.0822017

47 26 0.0619369

48 26 0.0414275

49 26 0.0207547

50 26 0

0 27 0

1 27 0.0206318

2 27 0.0411821

3 27 0.06157

4 27 0.0817148

5 27 0.101537

6 27 0.120959

7 27 0.139903

8 27 0.158295

9 27 0.176063

10 27 0.193135

11 27 0.209445

12 27 0.224929

13 27 0.239525

14 27 0.253176

15 27 0.265828

16 27 0.27743

17 27 0.287938

18 27 0.297309

19 27 0.305507

20 27 0.312499

21 27 0.318258

22 27 0.322761

23 27 0.32599

24 27 0.327933

25 27 0.328581

26 27 0.327933

27 27 0.32599

28 27 0.322761

29 27 0.318258

30 27 0.312499

31 27 0.305507

32 27 0.297309

33 27 0.287938

34 27 0.27743

35 27 0.265828

36 27 0.253176

37 27 0.239525

38 27 0.224929

39 27 0.209445

40 27 0.193135

41 27 0.176063

42 27 0.158295

43 27 0.139903

44 27 0.120959

45 27 0.101537

46 27 0.0817148

47 27 0.06157

48 27 0.0411821

49 27 0.0206318

50 27 0

0 28 0

1 28 0.0204274

2 28 0.0407742

3 28 0.0609601

4 28 0.0809054

5 28 0.100531

6 28 0.119761

7 28 0.138517

8 28 0.156727

9 28 0.174319

10 28 0.191222

11 28 0.207371

12 28 0.222701

13 28 0.237153

14 28 0.250668

15 28 0.263195

16 28 0.274682

17 28 0.285086

18 28 0.294364

19 28 0.302481

20 28 0.309404

21 28 0.315106

22 28 0.319564

23 28 0.322761

24 28 0.324684

25 28 0.325326

26 28 0.324684

27 28 0.322761

28 28 0.319564

29 28 0.315106

30 28 0.309404

31 28 0.302481

32 28 0.294364

33 28 0.285086

34 28 0.274682

35 28 0.263195

36 28 0.250668

37 28 0.237153

38 28 0.222701

39 28 0.207371

40 28 0.191222

41 28 0.174319

42 28 0.156727

43 28 0.138517

44 28 0.119761

45 28 0.100531

46 28 0.0809054

47 28 0.0609601

48 28 0.0407742

49 28 0.0204274

50 28 0

0 29 0

1 29 0.0201424

2 29 0.0402054

3 29 0.0601096

4 29 0.0797766

5 29 0.0991288

6 29 0.11809

7 29 0.136585

8 29 0.154541

9 29 0.171887

10 29 0.188554

11 29 0.204478

12 29 0.219594

13 29 0.233844

14 29 0.247171

15 29 0.259523

16 29 0.27085

17 29 0.281108

18 29 0.290257

19 29 0.298261

20 29 0.305087

21 29 0.310709

22 29 0.315106

23 29 0.318258

24 29 0.320155

25 29 0.320788

26 29 0.320155

27 29 0.318258

28 29 0.315106

29 29 0.310709

30 29 0.305087

31 29 0.298261

32 29 0.290257

33 29 0.281108

34 29 0.27085

35 29 0.259523

36 29 0.247171

37 29 0.233844

38 29 0.219594

39 29 0.204478

40 29 0.188554

41 29 0.171887

42 29 0.154541

43 29 0.136585

44 29 0.11809

45 29 0.0991288

46 29 0.0797766

47 29 0.0601096

48 29 0.0402054

49 29 0.0201424

50 29 0

0 30 0

1 30 0.0197779

2 30 0.0394778

3 30 0.0590219

4 30 0.0783331

5 30 0.0973351

6 30 0.115953

7 30 0.134113

8 30 0.151744

9 30 0.168776

10 30 0.185142

11 30 0.200778

12 30 0.215621

13 30 0.229613

14 30 0.242699

15 30 0.254827

16 30 0.265949

17 30 0.276022

18 30 0.285005

19 30 0.292864

20 30 0.299567

21 30 0.305087

22 30 0.309404

23 30 0.312499

24 30 0.314361

25 30 0.314983

26 30 0.314361

27 30 0.312499

28 30 0.309404

29 30 0.305087

30 30 0.299567

31 30 0.292864

32 30 0.285005

33 30 0.276022

34 30 0.265949

35 30 0.254827

36 30 0.242699

37 30 0.229613

38 30 0.215621

39 30 0.200778

40 30 0.185142

41 30 0.168776

42 30 0.151744

43 30 0.134113

44 30 0.115953

45 30 0.0973351

46 30 0.0783331

47 30 0.0590219

48 30 0.0394778

49 30 0.0197779

50 30 0

0 31 0

1 31 0.0193354

2 31 0.0385945

3 31 0.0577013

4 31 0.0765804

5 31 0.0951572

6 31 0.113358

7 31 0.131112

8 31 0.148349

9 31 0.165

10 31 0.181

11 31 0.196285

12 31 0.210796

13 31 0.224475

14 31 0.237268

15 31 0.249125

16 31 0.259998

17 31 0.269846

18 31 0.278628

19 31 0.286311

20 31 0.292864

21 31 0.298261

22 31 0.302481

23 31 0.305507

24 31 0.307328

25 31 0.307935

26 31 0.307328

27 31 0.305507

28 31 0.302481

29 31 0.298261

30 31 0.292864

31 31 0.286311

32 31 0.278628

33 31 0.269846

34 31 0.259998

35 31 0.249125

36 31 0.237268

37 31 0.224475

38 31 0.210796

39 31 0.196285

40 31 0.181

41 31 0.165

42 31 0.148349

43 31 0.131112

44 31 0.113358

45 31 0.0951572

46 31 0.0765804

47 31 0.0577013

48 31 0.0385945

49 31 0.0193354

50 31 0

0 32 0

1 32 0.0188166

2 32 0.0375589

3 32 0.0561529

4 32 0.0745254

5 32 0.0926038

6 32 0.110317

7 32 0.127594

8 32 0.144368

9 32 0.160572

10 32 0.176143

11 32 0.191018

12 32 0.20514

13 32 0.218452

14 32 0.230901

15 32 0.24244

16 32 0.253022

17 32 0.262605

18 32 0.271151

19 32 0.278628

20 32 0.285005

21 32 0.290257

22 32 0.294364

23 32 0.297309

24 32 0.299081

25 32 0.299672

26 32 0.299081

27 32 0.297309

28 32 0.294364

29 32 0.290257

30 32 0.285005

31 32 0.278628

32 32 0.271151

33 32 0.262605

34 32 0.253022

35 32 0.24244

36 32 0.230901

37 32 0.218452

38 32 0.20514

39 32 0.191018

40 32 0.176143

41 32 0.160572

42 32 0.144368

43 32 0.127594

44 32 0.110317

45 32 0.0926038

46 32 0.0745254

47 32 0.0561529

48 32 0.0375589

49 32 0.0188166

50 32 0

0 33 0

1 33 0.0182235

2 33 0.036375

3 33 0.054383

4 33 0.0721764

5 33 0.0896849

6 33 0.106839

7 33 0.123572

8 33 0.139818

9 33 0.155511

10 33 0.170591

11 33 0.184997

12 33 0.198674

13 33 0.211566

14 33 0.223623

15 33 0.234798

16 33 0.245046

17 33 0.254327

18 33 0.262605

19 33 0.269846

20 33 0.276022

21 33 0.281108

22 33 0.285086

23 33 0.287938

24 33 0.289654

25 33 0.290226

26 33 0.289654

27 33 0.287938

28 33 0.285086

29 33 0.281108

30 33 0.276022

31 33 0.269846

32 33 0.262605

33 33 0.254327

34 33 0.245046

35 33 0.234798

36 33 0.223623

37 33 0.211566

38 33 0.198674

39 33 0.184997

40 33 0.170591

41 33 0.155511

42 33 0.139818

43 33 0.123572

44 33 0.106839

45 33 0.0896849

46 33 0.0721764

47 33 0.054383

48 33 0.036375

49 33 0.0182235

50 33 0

0 34 0

1 34 0.0175584

2 34 0.0350476

3 34 0.0523984

4 34 0.0695424

5 34 0.086412

6 34 0.102941

7 34 0.119063

8 34 0.134715

9 34 0.149836

10 34 0.164365

11 34 0.178246

12 34 0.191423

13 34 0.203845

14 34 0.215463

15 34 0.22623

16 34 0.236104

17 34 0.245046

18 34 0.253022

19 34 0.259998

20 34 0.265949

21 34 0.27085

22 34 0.274682

23 34 0.27743

24 34 0.279083

25 34 0.279635

26 34 0.279083

27 34 0.27743

28 34 0.274682

29 34 0.27085

30 34 0.265949

31 34 0.259998

32 34 0.253022

33 34 0.245046

34 34 0.236104

35 34 0.22623

36 34 0.215463

37 34 0.203845

38 34 0.191423

39 34 0.178246

40 34 0.164365

41 34 0.149836

42 34 0.134715

43 34 0.119063

44 34 0.102941

45 34 0.086412

46 34 0.0695424

47 34 0.0523984

48 34 0.0350476

49 34 0.0175584

50 34 0

0 35 0

1 35 0.0168241

2 35 0.0335818

3 35 0.050207

4 35 0.0666341

5 35 0.0827982

6 35 0.0986355

7 35 0.114084

8 35 0.129081

9 35 0.14357

10 35 0.157491

11 35 0.170792

12 35 0.183418

13 35 0.19532

14 35 0.206452

15 35 0.216768

16 35 0.22623

17 35 0.234798

18 35 0.24244

19 35 0.249125

20 35 0.254827

21 35 0.259523

22 35 0.263195

23 35 0.265828

24 35 0.267412

25 35 0.26794

26 35 0.267412

27 35 0.265828

28 35 0.263195

29 35 0.259523

30 35 0.254827

31 35 0.249125

32 35 0.24244

33 35 0.234798

34 35 0.22623

35 35 0.216768

36 35 0.206452

37 35 0.19532

38 35 0.183418

39 35 0.170792

40 35 0.157491

41 35 0.14357

42 35 0.129081

43 35 0.114084

44 35 0.0986355

45 35 0.0827982

46 35 0.0666341

47 35 0.050207

48 35 0.0335818

49 35 0.0168241

50 35 0

0 36 0

1 36 0.0160234

2 36 0.0319836

3 36 0.0478175

4 36 0.0634628

5 36 0.0788575

6 36 0.0939411

7 36 0.108654

8 36 0.122938

9 36 0.136737

10 36 0.149996

11 36 0.162663

12 36 0.174688

13 36 0.186024

14 36 0.196626

15 36 0.206452

16 36 0.215463

17 36 0.223623

18 36 0.230901

19 36 0.237268

20 36 0.242699

21 36 0.247171

22 36 0.250668

23 36 0.253176

24 36 0.254685

25 36 0.255188

26 36 0.254685

27 36 0.253176

28 36 0.250668

29 36 0.247171

30 36 0.242699

31 36 0.237268

32 36 0.230901

33 36 0.223623

34 36 0.215463

35 36 0.206452

36 36 0.196626

37 36 0.186024

38 36 0.174688

39 36 0.162663

40 36 0.149996

41 36 0.136737

42 36 0.122938

43 36 0.108654

44 36 0.0939411

45 36 0.0788575

46 36 0.0634628

47 36 0.0478175

48 36 0.0319836

49 36 0.0160234

50 36 0

0 37 0

1 37 0.0151595

2 37 0.0302591

3 37 0.0452393

4 37 0.060041

5 37 0.0746057

6 37 0.088876

7 37 0.102795

8 37 0.116309

9 37 0.129364

10 37 0.141908

11 37 0.153893

12 37 0.16527

13 37 0.175994

14 37 0.186024

15 37 0.19532

16 37 0.203845

17 37 0.211566

18 37 0.218452

19 37 0.224475

20 37 0.229613

21 37 0.233844

22 37 0.237153

23 37 0.239525

24 37 0.240953

25 37 0.241429

26 37 0.240953

27 37 0.239525

28 37 0.237153

29 37 0.233844

30 37 0.229613

31 37 0.224475

32 37 0.218452

33 37 0.211566

34 37 0.203845

35 37 0.19532

36 37 0.186024

37 37 0.175994

38 37 0.16527

39 37 0.153893

40 37 0.141908

41 37 0.129364

42 37 0.116309

43 37 0.102795

44 37 0.088876

45 37 0.0746057

46 37 0.060041

47 37 0.0452393

48 37 0.0302591

49 37 0.0151595

50 37 0

0 38 0

1 38 0.0142357

2 38 0.0284152

3 38 0.0424825

4 38 0.0563822

5 38 0.0700594

6 38 0.0834601

7 38 0.0965314

8 38 0.109222

9 38 0.121481

10 38 0.133261

11 38 0.144515

12 38 0.155198

13 38 0.16527

14 38 0.174688

15 38 0.183418

16 38 0.191423

17 38 0.198674

18 38 0.20514

19 38 0.210796

20 38 0.215621

21 38 0.219594

22 38 0.222701

23 38 0.224929

24 38 0.22627

25 38 0.226717

26 38 0.22627

27 38 0.224929

28 38 0.222701

29 38 0.219594

30 38 0.215621

31 38 0.210796

32 38 0.20514

33 38 0.198674

34 38 0.191423

35 38 0.183418

36 38 0.174688

37 38 0.16527

38 38 0.155198

39 38 0.144515

40 38 0.133261

41 38 0.121481

42 38 0.109222

43 38 0.0965314

44 38 0.0834601

45 38 0.0700594

46 38 0.0563822

47 38 0.0424825

48 38 0.0284152

49 38 0.0142357

50 38 0

0 39 0

1 39 0.0132557

2 39 0.0264591

3 39 0.0395581

4 39 0.052501

5 39 0.0652366

6 39 0.0777148

7 39 0.0898863

8 39 0.101703

9 39 0.113118

10 39 0.124087

11 39 0.134567

12 39 0.144515

13 39 0.153893

14 39 0.162663

15 39 0.170792

16 39 0.178246

17 39 0.184997

18 39 0.191018

19 39 0.196285

20 39 0.200778

21 39 0.204478

22 39 0.207371

23 39 0.209445

24 39 0.210694

25 39 0.21111

26 39 0.210694

27 39 0.209445

28 39 0.207371

29 39 0.204478

30 39 0.200778

31 39 0.196285

32 39 0.191018

33 39 0.184997

34 39 0.178246

35 39 0.170792

36 39 0.162663

37 39 0.153893

38 39 0.144515

39 39 0.134567

40 39 0.124087

41 39 0.113118

42 39 0.101703

43 39 0.0898863

44 39 0.0777148

45 39 0.0652366

46 39 0.052501

47 39 0.0395581

48 39 0.0264591

49 39 0.0132557

50 39 0

0 40 0

1 40 0.0122234

2 40 0.0243986

3 40 0.0364776

4 40 0.0484125

5 40 0.0601564

6 40 0.0716629

7 40 0.0828865

8 40 0.0937831

9 40 0.104309

10 40 0.114424

11 40 0.124087

12 40 0.133261

13 40 0.141908

14 40 0.149996

15 40 0.157491

16 40 0.164365

17 40 0.170591

18 40 0.176143

19 40 0.181

20 40 0.185142

21 40 0.188554

22 40 0.191222

23 40 0.193135

24 40 0.194286

25 40 0.19467

26 40 0.194286

27 40 0.193135

28 40 0.191222

29 40 0.188554

30 40 0.185142

31 40 0.181

32 40 0.176143

33 40 0.170591

34 40 0.164365

35 40 0.157491

36 40 0.149996

37 40 0.141908

38 40 0.133261

39 40 0.124087

40 40 0.114424

41 40 0.104309

42 40 0.0937831

43 40 0.0828865

44 40 0.0716629

45 40 0.0601564

46 40 0.0484125

47 40 0.0364776

48 40 0.0243986

49 40 0.0122234

50 40 0

0 41 0

1 41 0.0111429

2 41 0.0222419

3 41 0.033253

4 41 0.044133

5 41 0.0548387

6 41 0.0653281

7 41 0.0755596

8 41 0.0854929

9 41 0.0950888

10 41 0.104309

11 41 0.113118

12 41 0.121481

13 41 0.129364

14 41 0.136737

15 41 0.14357

16 41 0.149836

17 41 0.155511

18 41 0.160572

19 41 0.165

20 41 0.168776

21 41 0.171887

22 41 0.174319

23 41 0.176063

24 41 0.177112

25 41 0.177462

26 41 0.177112

27 41 0.176063

28 41 0.174319

29 41 0.171887

30 41 0.168776

31 41 0.165

32 41 0.160572

33 41 0.155511

34 41 0.149836

35 41 0.14357

36 41 0.136737

37 41 0.129364

38 41 0.121481

39 41 0.113118

40 41 0.104309

41 41 0.0950888

42 41 0.0854929

43 41 0.0755596

44 41 0.0653281

45 41 0.0548387

46 41 0.044133

47 41 0.033253

48 41 0.0222419

49 41 0.0111429

50 41 0

0 42 0

1 42 0.0100184

2 42 0.0199973

3 42 0.0298973

4 42 0.0396793

5 42 0.0493047

6 42 0.0587355

7 42 0.0679345

8 42 0.0768654

9 42 0.0854929

10 42 0.0937831

11 42 0.101703

12 42 0.109222

13 42 0.116309

14 42 0.122938

15 42 0.129081

16 42 0.134715

17 42 0.139818

18 42 0.144368

19 42 0.148349

20 42 0.151744

21 42 0.154541

22 42 0.156727

23 42 0.158295

24 42 0.159238

25 42 0.159553

26 42 0.159238

27 42 0.158295

28 42 0.156727

29 42 0.154541

30 42 0.151744

31 42 0.148349

32 42 0.144368

33 42 0.139818

34 42 0.134715

35 42 0.129081

36 42 0.122938

37 42 0.116309

38 42 0.109222

39 42 0.101703

40 42 0.0937831

41 42 0.0854929

42 42 0.0768654

43 42 0.0679345

44 42 0.0587355

45 42 0.0493047

46 42 0.0396793

47 42 0.0298973

48 42 0.0199973

49 42 0.0100184

50 42 0

0 43 0

1 43 0.0088544

2 43 0.0176739

3 43 0.0264236

4 43 0.035069

5 43 0.043576

6 43 0.0519111

7 43 0.0600413

8 43 0.0679345

9 43 0.0755596

10 43 0.0828865

11 43 0.0898863

12 43 0.0965314

13 43 0.102795

14 43 0.108654

15 43 0.114084

16 43 0.119063

17 43 0.123572

18 43 0.127594

19 43 0.131112

20 43 0.134113

21 43 0.136585

22 43 0.138517

23 43 0.139903

24 43 0.140737

25 43 0.141015

26 43 0.140737

27 43 0.139903

28 43 0.138517

29 43 0.136585

30 43 0.134113

31 43 0.131112

32 43 0.127594

33 43 0.123572

34 43 0.119063

35 43 0.114084

36 43 0.108654

37 43 0.102795

38 43 0.0965314

39 43 0.0898863

40 43 0.0828865

41 43 0.0755596

42 43 0.0679345

43 43 0.0600413

44 43 0.0519111

45 43 0.043576

46 43 0.035069

47 43 0.0264236

48 43 0.0176739

49 43 0.0088544

50 43 0

0 44 0

1 44 0.00765543

2 44 0.0152806

3 44 0.0228456

4 44 0.0303203

5 44 0.0376754

6 44 0.0448818

7 44 0.0519111

8 44 0.0587355

9 44 0.0653281

10 44 0.0716629

11 44 0.0777148

12 44 0.0834601

13 44 0.088876

14 44 0.0939411

15 44 0.0986355

16 44 0.102941

17 44 0.106839

18 44 0.110317

19 44 0.113358

20 44 0.115953

21 44 0.11809

22 44 0.119761

23 44 0.120959

24 44 0.12168

25 44 0.12192

26 44 0.12168

27 44 0.120959

28 44 0.119761

29 44 0.11809

30 44 0.115953

31 44 0.113358

32 44 0.110317

33 44 0.106839

34 44 0.102941

35 44 0.0986355

36 44 0.0939411

37 44 0.088876

38 44 0.0834601

39 44 0.0777148

40 44 0.0716629

41 44 0.0653281

42 44 0.0587355

43 44 0.0519111

44 44 0.0448818

45 44 0.0376754

46 44 0.0303203

47 44 0.0228456

48 44 0.0152806

49 44 0.00765543

50 44 0

0 45 0

1 45 0.00642624

2 45 0.0128271

3 45 0.0191774

4 45 0.025452

5 45 0.0316261

6 45 0.0376754

7 45 0.043576

8 45 0.0493047

9 45 0.0548387

10 45 0.0601564

11 45 0.0652366

12 45 0.0700594

13 45 0.0746057

14 45 0.0788575

15 45 0.0827982

16 45 0.086412

17 45 0.0896849

18 45 0.0926038

19 45 0.0951572

20 45 0.0973351

21 45 0.0991288

22 45 0.100531

23 45 0.101537

24 45 0.102142

25 45 0.102344

26 45 0.102142

27 45 0.101537

28 45 0.100531

29 45 0.0991288

30 45 0.0973351

31 45 0.0951572

32 45 0.0926038

33 45 0.0896849

34 45 0.086412

35 45 0.0827982

36 45 0.0788575

37 45 0.0746057

38 45 0.0700594

39 45 0.0652366

40 45 0.0601564

41 45 0.0548387

42 45 0.0493047

43 45 0.043576

44 45 0.0376754

45 45 0.0316261

46 45 0.025452

47 45 0.0191774

48 45 0.0128271

49 45 0.00642624

50 45 0

0 46 0

1 46 0.00517169

2 46 0.010323

3 46 0.0154335

4 46 0.0204832

5 46 0.025452

6 46 0.0303203

7 46 0.035069

8 46 0.0396793

9 46 0.044133

10 46 0.0484125

11 46 0.052501

12 46 0.0563822

13 46 0.060041

14 46 0.0634628

15 46 0.0666341

16 46 0.0695424

17 46 0.0721764

18 46 0.0745254

19 46 0.0765804

20 46 0.0783331

21 46 0.0797766

22 46 0.0809054

23 46 0.0817148

24 46 0.0822017

25 46 0.0823643

26 46 0.0822017

27 46 0.0817148

28 46 0.0809054

29 46 0.0797766

30 46 0.0783331

31 46 0.0765804

32 46 0.0745254

33 46 0.0721764

34 46 0.0695424

35 46 0.0666341

36 46 0.0634628

37 46 0.060041

38 46 0.0563822

39 46 0.052501

40 46 0.0484125

41 46 0.044133

42 46 0.0396793

43 46 0.035069

44 46 0.0303203

45 46 0.025452

46 46 0.0204832

47 46 0.0154335

48 46 0.010323

49 46 0.00517169

50 46 0

0 47 0

1 47 0.00389674

2 47 0.00777809

3 47 0.0116288

4 47 0.0154335

5 47 0.0191774

6 47 0.0228456

7 47 0.0264236

8 47 0.0298973

9 47 0.033253

10 47 0.0364776

11 47 0.0395581

12 47 0.0424825

13 47 0.0452393

14 47 0.0478175

15 47 0.050207

16 47 0.0523984

17 47 0.054383

18 47 0.0561529

19 47 0.0577013

20 47 0.0590219

21 47 0.0601096

22 47 0.0609601

23 47 0.06157

24 47 0.0619369

25 47 0.0620593

26 47 0.0619369

27 47 0.06157

28 47 0.0609601

29 47 0.0601096

30 47 0.0590219

31 47 0.0577013

32 47 0.0561529

33 47 0.054383

34 47 0.0523984

35 47 0.050207

36 47 0.0478175

37 47 0.0452393

38 47 0.0424825

39 47 0.0395581

40 47 0.0364776

41 47 0.033253

42 47 0.0298973

43 47 0.0264236

44 47 0.0228456

45 47 0.0191774

46 47 0.0154335

47 47 0.0116288

48 47 0.00777809

49 47 0.00389674

50 47 0

0 48 0

1 48 0.0026064

2 48 0.00520251

3 48 0.00777809

4 48 0.010323

5 48 0.0128271

6 48 0.0152806

7 48 0.0176739

8 48 0.0199973

9 48 0.0222419

10 48 0.0243986

11 48 0.0264591

12 48 0.0284152

13 48 0.0302591

14 48 0.0319836

15 48 0.0335818

16 48 0.0350476

17 48 0.036375

18 48 0.0375589

19 48 0.0385945

20 48 0.0394778

21 48 0.0402054

22 48 0.0407742

23 48 0.0411821

24 48 0.0414275

25 48 0.0415094

26 48 0.0414275

27 48 0.0411821

28 48 0.0407742

29 48 0.0402054

30 48 0.0394778

31 48 0.0385945

32 48 0.0375589

33 48 0.036375

34 48 0.0350476

35 48 0.0335818

36 48 0.0319836

37 48 0.0302591

38 48 0.0284152

39 48 0.0264591

40 48 0.0243986

41 48 0.0222419

42 48 0.0199973

43 48 0.0176739

44 48 0.0152806

45 48 0.0128271

46 48 0.010323

47 48 0.00777809

48 48 0.00520251

49 48 0.0026064

50 48 0

0 49 0

1 49 0.00130578

2 49 0.0026064

3 49 0.00389674

4 49 0.00517169

5 49 0.00642624

6 49 0.00765543

7 49 0.0088544

8 49 0.0100184

9 49 0.0111429

10 49 0.0122234

11 49 0.0132557

12 49 0.0142357

13 49 0.0151595

14 49 0.0160234

15 49 0.0168241

16 49 0.0175584

17 49 0.0182235

18 49 0.0188166

19 49 0.0193354

20 49 0.0197779

21 49 0.0201424

22 49 0.0204274

23 49 0.0206318

24 49 0.0207547

25 49 0.0207958

26 49 0.0207547

27 49 0.0206318

28 49 0.0204274

29 49 0.0201424

30 49 0.0197779

31 49 0.0193354

32 49 0.0188166

33 49 0.0182235

34 49 0.0175584

35 49 0.0168241

36 49 0.0160234

37 49 0.0151595

38 49 0.0142357

39 49 0.0132557

40 49 0.0122234

41 49 0.0111429

42 49 0.0100184

43 49 0.0088544

44 49 0.00765543

45 49 0.00642624

46 49 0.00517169

47 49 0.00389674

48 49 0.0026064

49 49 0.00130578

50 49 0

