0 1 0

1 1 0.00066231

2 1 0.00132201

3 1 0.00197648

4 1 0.00262316

5 1 0.00325949

6 1 0.00388295

7 1 0.00449109

8 1 0.0050815

9 1 0.00565186

10 1 0.00619992

11 1 0.0067235

12 1 0.00722055

13 1 0.00768911

14 1 0.00812732

15 1 0.00853345

16 1 0.00890591

17 1 0.00924322

18 1 0.00954405

19 1 0.00980722

20 1 0.0100317

21 1 0.0102165

22 1 0.0103611

23 1 0.0104648

24 1 0.0105271

25 1 0.0105479

26 1 0.0105271

27 1 0.0104648

28 1 0.0103611

29 1 0.0102165

30 1 0.0100317

31 1 0.00980722

32 1 0.00954405

33 1 0.00924322

34 1 0.00890591

35 1 0.00853345

36 1 0.00812732

37 1 0.00768911

38 1 0.00722055

39 1 0.0067235

40 1 0.00619992

41 1 0.00565186

42 1 0.0050815

43 1 0.00449109

44 1 0.00388295

45 1 0.00325949

46 1 0.00262316

47 1 0.00197648

48 1 0.00132201

49 1 0.00066231

50 1 0

0 2 0

1 2 0.00132201

2 2 0.00263879

3 2 0.00394517

4 2 0.00523597

5 2 0.00650612

6 2 0.00775058

7 2 0.00896446

8 2 0.010143

9 2 0.0112814

10 2 0.0123754

11 2 0.0134205

12 2 0.0144126

13 2 0.0153479

14 2 0.0162226

15 2 0.0170332

16 2 0.0177767

17 2 0.01845

18 2 0.0190504

19 2 0.0195757

20 2 0.0200238

21 2 0.0203928

22 2 0.0206813

23 2 0.0208882

24 2 0.0210127

25 2 0.0210542

26 2 0.0210127

27 2 0.0208882

28 2 0.0206813

29 2 0.0203928

30 2 0.0200238

31 2 0.0195757

32 2 0.0190504

33 2 0.01845

34 2 0.0177767

35 2 0.0170332

36 2 0.0162226

37 2 0.0153479

38 2 0.0144126

39 2 0.0134205

40 2 0.0123754

41 2 0.0112814

42 2 0.010143

43 2 0.00896446

44 2 0.00775058

45 2 0.00650612

46 2 0.00523597

47 2 0.00394517

48 2 0.00263879

49 2 0.00132201

50 2 0

0 3 0

1 3 0.00197648

2 3 0.00394517

3 3 0.00589828

4 3 0.00782812

5 3 0.00972706

6 3 0.0115876

7 3 0.0134024

8 3 0.0151644

9 3 0.0168665

10 3 0.018502

11 3 0.0200645

12 3 0.0215478

13 3 0.0229461

14 3 0.0242538

15 3 0.0254658

16 3 0.0265773

17 3 0.0275839

18 3 0.0284816

19 3 0.029267

20 3 0.0299368

21 3 0.0304885

22 3 0.0309199

23 3 0.0312292

24 3 0.0314153

25 3 0.0314774

26 3 0.0314153

27 3 0.0312292

28 3 0.0309199

29 3 0.0304885

30 3 0.0299368

31 3 0.029267

32 3 0.0284816

33 3 0.0275839

34 3 0.0265773

35 3 0.0254658

36 3 0.0242538

37 3 0.0229461

38 3 0.0215478

39 3 0.0200645

40 3 0.018502

41 3 0.0168665

42 3 0.0151644

43 3 0.0134024

44 3 0.0115876

45 3 0.00972706

46 3 0.00782812

47 3 0.00589828

48 3 0.00394517

49 3 0.00197648

50 3 0

0 4 0

1 4 0.00262316

2 4 0.00523597

3 4 0.00782812

4 4 0.0103894

5 4 0.0129096

6 4 0.0153789

7 4 0.0177875

8 4 0.0201259

9 4 0.0223849

10 4 0.0245556

11 4 0.0266293

12 4 0.0285979

13 4 0.0304537

14 4 0.0321893

15 4 0.0337978

16 4 0.035273

17 4 0.036609

18 4 0.0378004

19 4 0.0388427

20 4 0.0397317

21 4 0.0404639

22 4 0.0410364

23 4 0.041447

24 4 0.041694

25 4 0.0417764

26 4 0.041694

27 4 0.041447

28 4 0.0410364

29 4 0.0404639

30 4 0.0397317

31 4 0.0388427

32 4 0.0378004

33 4 0.036609

34 4 0.035273

35 4 0.0337978

36 4 0.0321893

37 4 0.0304537

38 4 0.0285979

39 4 0.0266293

40 4 0.0245556

41 4 0.0223849

42 4 0.0201259

43 4 0.0177875

44 4 0.0153789

45 4 0.0129096

46 4 0.0103894

47 4 0.00782812

48 4 0.00523597

49 4 0.00262316

50 4 0

0 5 0

1 5 0.00325949

2 5 0.00650612

3 5 0.00972706

4 5 0.0129096

5 5 0.0160412

6 5 0.0191095

7 5 0.0221024

8 5 0.0250081

9 5 0.0278151

10 5 0.0305122

11 5 0.033089

12 5 0.0355352

13 5 0.0378412

14 5 0.0399978

15 5 0.0419965

16 5 0.0438295

17 5 0.0454895

18 5 0.0469701

19 5 0.0482652

20 5 0.0493699

21 5 0.0502797

22 5 0.0509911

23 5 0.0515012

24 5 0.0518081

25 5 0.0519105

26 5 0.0518081

27 5 0.0515012

28 5 0.0509911

29 5 0.0502797

30 5 0.0493699

31 5 0.0482652

32 5 0.0469701

33 5 0.0454895

34 5 0.0438295

35 5 0.0419965

36 5 0.0399978

37 5 0.0378412

38 5 0.0355352

39 5 0.033089

40 5 0.0305122

41 5 0.0278151

42 5 0.0250081

43 5 0.0221024

44 5 0.0191095

45 5 0.0160412

46 5 0.0129096

47 5 0.00972706

48 5 0.00650612

49 5 0.00325949

50 5 0

0 6 0

1 6 0.00388295

2 6 0.00775058

3 6 0.0115876

4 6 0.0153789

5 6 0.0191095

6 6 0.0227647

7 6 0.0263301

8 6 0.0297915

9 6 0.0331354

10 6 0.0363485

11 6 0.0394182

12 6 0.0423322

13 6 0.0450793

14 6 0.0476484

15 6 0.0500294

16 6 0.0522131

17 6 0.0541906

18 6 0.0559543

19 6 0.0574972

20 6 0.0588131

21 6 0.059897

22 6 0.0607444

23 6 0.0613522

24 6 0.0617177

25 6 0.0618398

26 6 0.0617177

27 6 0.0613522

28 6 0.0607444

29 6 0.059897

30 6 0.0588131

31 6 0.0574972

32 6 0.0559543

33 6 0.0541906

34 6 0.0522131

35 6 0.0500294

36 6 0.0476484

37 6 0.0450793

38 6 0.0423322

39 6 0.0394182

40 6 0.0363485

41 6 0.0331354

42 6 0.0297915

43 6 0.0263301

44 6 0.0227647

45 6 0.0191095

46 6 0.0153789

47 6 0.0115876

48 6 0.00775058

49 6 0.00388295

50 6 0

0 7 0

1 7 0.00449109

2 7 0.00896446

3 7 0.0134024

4 7 0.0177875

5 7 0.0221024

6 7 0.0263301

7 7 0.0304538

8 7 0.0344574

9 7 0.038325

10 7 0.0420413

11 7 0.0455917

12 7 0.0489622

13 7 0.0521395

14 7 0.0551109

15 7 0.0578649

16 7 0.0603905

17 7 0.0626778

18 7 0.0647177

19 7 0.0665022

20 7 0.0680243

21 7 0.0692779

22 7 0.0702581

23 7 0.070961

24 7 0.0713838

25 7 0.071525

26 7 0.0713838

27 7 0.070961

28 7 0.0702581

29 7 0.0692779

30 7 0.0680243

31 7 0.0665022

32 7 0.0647177

33 7 0.0626778

34 7 0.0603905

35 7 0.0578649

36 7 0.0551109

37 7 0.0521395

38 7 0.0489622

39 7 0.0455917

40 7 0.0420413

41 7 0.038325

42 7 0.0344574

43 7 0.0304538

44 7 0.0263301

45 7 0.0221024

46 7 0.0177875

47 7 0.0134024

48 7 0.00896446

49 7 0.00449109

50 7 0

0 8 0

1 8 0.0050815

2 8 0.010143

3 8 0.0151644

4 8 0.0201259

5 8 0.0250081

6 8 0.0297915

7 8 0.0344574

8 8 0.0389873

9 8 0.0433633

10 8 0.0475682

11 8 0.0515854

12 8 0.0553989

13 8 0.0589939

14 8 0.062356

15 8 0.065472

16 8 0.0683297

17 8 0.0709176

18 8 0.0732257

19 8 0.0752448

20 8 0.076967

21 8 0.0783854

22 8 0.0794944

23 8 0.0802897

24 8 0.0807682

25 8 0.0809279

26 8 0.0807682

27 8 0.0802897

28 8 0.0794944

29 8 0.0783854

30 8 0.076967

31 8 0.0752448

32 8 0.0732257

33 8 0.0709176

34 8 0.0683297

35 8 0.065472

36 8 0.062356

37 8 0.0589939

38 8 0.0553989

39 8 0.0515854

40 8 0.0475682

41 8 0.0433633

42 8 0.0389873

43 8 0.0344574

44 8 0.0297915

45 8 0.0250081

46 8 0.0201259

47 8 0.0151644

48 8 0.010143

49 8 0.0050815

50 8 0

0 9 0

1 9 0.00565186

2 9 0.0112814

3 9 0.0168665

4 9 0.0223849

5 9 0.0278151

6 9 0.0331354

7 9 0.038325

8 9 0.0433633

9 9 0.0482305

10 9 0.0529074

11 9 0.0573754

12 9 0.061617

13 9 0.0656155

14 9 0.069355

15 9 0.0728208

16 9 0.0759991

17 9 0.0788776

18 9 0.0814448

19 9 0.0836905

20 9 0.0856059

21 9 0.0871835

22 9 0.0884171

23 9 0.0893016

24 9 0.0898338

25 9 0.0900114

26 9 0.0898338

27 9 0.0893016

28 9 0.0884171

29 9 0.0871835

30 9 0.0856059

31 9 0.0836905

32 9 0.0814448

33 9 0.0788776

34 9 0.0759991

35 9 0.0728208

36 9 0.069355

37 9 0.0656155

38 9 0.061617

39 9 0.0573754

40 9 0.0529074

41 9 0.0482305

42 9 0.0433633

43 9 0.038325

44 9 0.0331354

45 9 0.0278151

46 9 0.0223849

47 9 0.0168665

48 9 0.0112814

49 9 0.00565186

50 9 0

0 10 0

1 10 0.00619992

2 10 0.0123754

3 10 0.018502

4 10 0.0245556

5 10 0.0305122

6 10 0.0363485

7 10 0.0420413

8 10 0.0475682

9 10 0.0529074

10 10 0.0580377

11 10 0.0629391

12 10 0.067592

13 10 0.0719781

14 10 0.0760802

15 10 0.0798821

16 10 0.0833687

17 10 0.0865263

18 10 0.0893424

19 10 0.0918059

20 10 0.093907

21 10 0.0956376

22 10 0.0969908

23 10 0.0979611

24 10 0.0985449

25 10 0.0987397

26 10 0.0985449

27 10 0.0979611

28 10 0.0969908

29 10 0.0956376

30 10 0.093907

31 10 0.0918059

32 10 0.0893424

33 10 0.0865263

34 10 0.0833687

35 10 0.0798821

36 10 0.0760802

37 10 0.0719781

38 10 0.067592

39 10 0.0629391

40 10 0.0580377

41 10 0.0529074

42 10 0.0475682

43 10 0.0420413

44 10 0.0363485

45 10 0.0305122

46 10 0.0245556

47 10 0.018502

48 10 0.0123754

49 10 0.00619992

50 10 0

0 11 0

1 11 0.0067235

2 11 0.0134205

3 11 0.0200645

4 11 0.0266293

5 11 0.033089

6 11 0.0394182

7 11 0.0455917

8 11 0.0515854

9 11 0.0573754

10 11 0.0629391

11 11 0.0682543

12 11 0.0733002

13 11 0.0780567

14 11 0.0825053

15 11 0.0866282

16 11 0.0904092

17 11 0.0938334

18 11 0.0968874

19 11 0.0995589

20 11 0.101838

21 11 0.103714

22 11 0.105182

23 11 0.106234

24 11 0.106867

25 11 0.107078

26 11 0.106867

27 11 0.106234

28 11 0.105182

29 11 0.103714

30 11 0.101838

31 11 0.0995589

32 11 0.0968874

33 11 0.0938334

34 11 0.0904092

35 11 0.0866282

36 11 0.0825053

37 11 0.0780567

38 11 0.0733002

39 11 0.0682543

40 11 0.0629391

41 11 0.0573754

42 11 0.0515854

43 11 0.0455917

44 11 0.0394182

45 11 0.033089

46 11 0.0266293

47 11 0.0200645

48 11 0.0134205

49 11 0.0067235

50 11 0

0 12 0

1 12 0.00722055

2 12 0.0144126

3 12 0.0215478

4 12 0.0285979

5 12 0.0355352

6 12 0.0423322

7 12 0.0489622

8 12 0.0553989

9 12 0.061617

10 12 0.067592

11 12 0.0733002

12 12 0.078719

13 12 0.0838273

14 12 0.0886047

15 12 0.0930324

16 12 0.0970929

17 12 0.10077

18 12 0.10405

19 12 0.106919

20 12 0.109366

21 12 0.111382

22 12 0.112957

23 12 0.114088

24 12 0.114767

25 12 0.114994

26 12 0.114767

27 12 0.114088

28 12 0.112957

29 12 0.111382

30 12 0.109366

31 12 0.106919

32 12 0.10405

33 12 0.10077

34 12 0.0970929

35 12 0.0930324

36 12 0.0886047

37 12 0.0838273

38 12 0.078719

39 12 0.0733002

40 12 0.067592

41 12 0.061617

42 12 0.0553989

43 12 0.0489622

44 12 0.0423322

45 12 0.0355352

46 12 0.0285979

47 12 0.0215478

48 12 0.0144126

49 12 0.00722055

50 12 0

0 13 0

1 13 0.00768911

2 13 0.0153479

3 13 0.0229461

4 13 0.0304537

5 13 0.0378412

6 13 0.0450793

7 13 0.0521395

8 13 0.0589939

9 13 0.0656155

10 13 0.0719781

11 13 0.0780567

12 13 0.0838273

13 13 0.089267

14 13 0.0943544

15 13 0.0990694

16 13 0.103393

17 13 0.107309

18 13 0.110802

19 13 0.113857

20 13 0.116463

21 13 0.118609

22 13 0.120287

23 13 0.121491

24 13 0.122215

25 13 0.122457

26 13 0.122215

27 13 0.121491

28 13 0.120287

29 13 0.118609

30 13 0.116463

31 13 0.113857

32 13 0.110802

33 13 0.107309

34 13 0.103393

35 13 0.0990694

36 13 0.0943544

37 13 0.089267

38 13 0.0838273

39 13 0.0780567

40 13 0.0719781

41 13 0.0656155

42 13 0.0589939

43 13 0.0521395

44 13 0.0450793

45 13 0.0378412

46 13 0.0304537

47 13 0.0229461

48 13 0.0153479

49 13 0.00768911

50 13 0

0 14 0

1 14 0.00812732

2 14 0.0162226

3 14 0.0242538

4 14 0.0321893

5 14 0.0399978

6 14 0.0476484

7 14 0.0551109

8 14 0.062356

9 14 0.069355

10 14 0.0760802

11 14 0.0825053

12 14 0.0886047

13 14 0.0943544

14 14 0.0997317

15 14 0.104715

16 14 0.109286

17 14 0.113425

18 14 0.117117

19 14 0.120346

20 14 0.1231

21 14 0.125369

22 14 0.127143

23 14 0.128415

24 14 0.12918

25 14 0.129435

26 14 0.12918

27 14 0.128415

28 14 0.127143

29 14 0.125369

30 14 0.1231

31 14 0.120346

32 14 0.117117

33 14 0.113425

34 14 0.109286

35 14 0.104715

36 14 0.0997317

37 14 0.0943544

38 14 0.0886047

39 14 0.0825053

40 14 0.0760802

41 14 0.069355

42 14 0.062356

43 14 0.0551109

44 14 0.0476484

45 14 0.0399978

46 14 0.0321893

47 14 0.0242538

48 14 0.0162226

49 14 0.00812732

50 14 0

0 15 0

1 15 0.00853345

2 15 0.0170332

3 15 0.0254658

4 15 0.0337978

5 15 0.0419965

6 15 0.0500294

7 15 0.0578649

8 15 0.065472

9 15 0.0728208

10 15 0.0798821

11 15 0.0866282

12 15 0.0930324

13 15 0.0990694

14 15 0.104715

15 15 0.109948

16 15 0.114747

17 15 0.119093

18 15 0.122969

19 15 0.12636

20 15 0.129252

21 15 0.131634

22 15 0.133496

23 15 0.134832

24 15 0.135635

25 15 0.135904

26 15 0.135635

27 15 0.134832

28 15 0.133496

29 15 0.131634

30 15 0.129252

31 15 0.12636

32 15 0.122969

33 15 0.119093

34 15 0.114747

35 15 0.109948

36 15 0.104715

37 15 0.0990694

38 15 0.0930324

39 15 0.0866282

40 15 0.0798821

41 15 0.0728208

42 15 0.065472

43 15 0.0578649

44 15 0.0500294

45 15 0.0419965

46 15 0.0337978

47 15 0.0254658

48 15 0.0170332

49 15 0.00853345

50 15 0

0 16 0

1 16 0.00890591

2 16 0.0177767

3 16 0.0265773

4 16 0.035273

5 16 0.0438295

6 16 0.0522131

7 16 0.0603905

8 16 0.0683297

9 16 0.0759991

10 16 0.0833687

11 16 0.0904092

12 16 0.0970929

13 16 0.103393

14 16 0.109286

15 16 0.114747

16 16 0.119755

17 16 0.124291

18 16 0.128336

19 16 0.131875

20 16 0.134893

21 16 0.137379

22 16 0.139323

23 16 0.140717

24 16 0.141555

25 16 0.141835

26 16 0.141555

27 16 0.140717

28 16 0.139323

29 16 0.137379

30 16 0.134893

31 16 0.131875

32 16 0.128336

33 16 0.124291

34 16 0.119755

35 16 0.114747

36 16 0.109286

37 16 0.103393

38 16 0.0970929

39 16 0.0904092

40 16 0.0833687

41 16 0.0759991

42 16 0.0683297

43 16 0.0603905

44 16 0.0522131

45 16 0.0438295

46 16 0.035273

47 16 0.0265773

48 16 0.0177767

49 16 0.00890591

50 16 0

0 17 0

1 17 0.00924322

2 17 0.01845

3 17 0.0275839

4 17 0.036609

5 17 0.0454895

6 17 0.0541906

7 17 0.0626778

8 17 0.0709176

9 17 0.0788776

10 17 0.0865263

11 17 0.0938334

12 17 0.10077

13 17 0.107309

14 17 0.113425

15 17 0.119093

16 17 0.124291

17 17 0.128999

18 17 0.133197

19 17 0.13687

20 17 0.140002

21 17 0.142582

22 17 0.1446

23 17 0.146046

24 17 0.146917

25 17 0.147207

26 17 0.146917

27 17 0.146046

28 17 0.1446

29 17 0.142582

30 17 0.140002

31 17 0.13687

32 17 0.133197

33 17 0.128999

34 17 0.124291

35 17 0.119093

36 17 0.113425

37 17 0.107309

38 17 0.10077

39 17 0.0938334

40 17 0.0865263

41 17 0.0788776

42 17 0.0709176

43 17 0.0626778

44 17 0.0541906

45 17 0.0454895

46 17 0.036609

47 17 0.0275839

48 17 0.01845

49 17 0.00924322

50 17 0

0 18 0

1 18 0.00954405

2 18 0.0190504

3 18 0.0284816

4 18 0.0378004

5 18 0.0469701

6 18 0.0559543

7 18 0.0647177

8 18 0.0732257

9 18 0.0814448

10 18 0.0893424

11 18 0.0968874

12 18 0.10405

13 18 0.110802

14 18 0.117117

15 18 0.122969

16 18 0.128336

17 18 0.133197

18 18 0.137532

19 18 0.141324

20 18 0.144559

21 18 0.147223

22 18 0.149306

23 18 0.1508

24 18 0.151698

25 18 0.151998

26 18 0.151698

27 18 0.1508

28 18 0.149306

29 18 0.147223

30 18 0.144559

31 18 0.141324

32 18 0.137532

33 18 0.133197

34 18 0.128336

35 18 0.122969

36 18 0.117117

37 18 0.110802

38 18 0.10405

39 18 0.0968874

40 18 0.0893424

41 18 0.0814448

42 18 0.0732257

43 18 0.0647177

44 18 0.0559543

45 18 0.0469701

46 18 0.0378004

47 18 0.0284816

48 18 0.0190504

49 18 0.00954405

50 18 0

0 19 0

1 19 0.00980722

2 19 0.0195757

3 19 0.029267

4 19 0.0388427

5 19 0.0482652

6 19 0.0574972

7 19 0.0665022

8 19 0.0752448

9 19 0.0836905

10 19 0.0918059

11 19 0.0995589

12 19 0.106919

13 19 0.113857

14 19 0.120346

15 19 0.12636

16 19 0.131875

17 19 0.13687

18 19 0.141324

19 19 0.145221

20 19 0.148545

21 19 0.151282

22 19 0.153423

23 19 0.154958

24 19 0.155881

25 19 0.156189

26 19 0.155881

27 19 0.154958

28 19 0.153423

29 19 0.151282

30 19 0.148545

31 19 0.145221

32 19 0.141324

33 19 0.13687

34 19 0.131875

35 19 0.12636

36 19 0.120346

37 19 0.113857

38 19 0.106919

39 19 0.0995589

40 19 0.0918059

41 19 0.0836905

42 19 0.0752448

43 19 0.0665022

44 19 0.0574972

45 19 0.0482652

46 19 0.0388427

47 19 0.029267

48 19 0.0195757

49 19 0.00980722

50 19 0

0 20 0

1 20 0.0100317

2 20 0.0200238

3 20 0.0299368

4 20 0.0397317

5 20 0.0493699

6 20 0.0588131

7 20 0.0680243

8 20 0.076967

9 20 0.0856059

10 20 0.093907

11 20 0.101838

12 20 0.109366

13 20 0.116463

14 20 0.1231

15 20 0.129252

16 20 0.134893

17 20 0.140002

18 20 0.144559

19 20 0.148545

20 20 0.151945

21 20 0.154745

22 20 0.156934

23 20 0.158504

24 20 0.159449

25 20 0.159764

26 20 0.159449

27 20 0.158504

28 20 0.156934

29 20 0.154745

30 20 0.151945

31 20 0.148545

32 20 0.144559

33 20 0.140002

34 20 0.134893

35 20 0.129252

36 20 0.1231

37 20 0.116463

38 20 0.109366

39 20 0.101838

40 20 0.093907

41 20 0.0856059

42 20 0.076967

43 20 0.0680243

44 20 0.0588131

45 20 0.0493699

46 20 0.0397317

47 20 0.0299368

48 20 0.0200238

49 20 0.0100317

50 20 0

0 21 0

1 21 0.0102165

2 21 0.0203928

3 21 0.0304885

4 21 0.0404639

5 21 0.0502797

6 21 0.059897

7 21 0.0692779

8 21 0.0783854

9 21 0.0871835

10 21 0.0956376

11 21 0.103714

12 21 0.111382

13 21 0.118609

14 21 0.125369

15 21 0.131634

16 21 0.137379

17 21 0.142582

18 21 0.147223

19 21 0.151282

20 21 0.154745

21 21 0.157597

22 21 0.159826

23 21 0.161425

24 21 0.162387

25 21 0.162708

26 21 0.162387

27 21 0.161425

28 21 0.159826

29 21 0.157597

30 21 0.154745

31 21 0.151282

32 21 0.147223

33 21 0.142582

34 21 0.137379

35 21 0.131634

36 21 0.125369

37 21 0.118609

38 21 0.111382

39 21 0.103714

40 21 0.0956376

41 21 0.0871835

42 21 0.0783854

43 21 0.0692779

44 21 0.059897

45 21 0.0502797

46 21 0.0404639

47 21 0.0304885

48 21 0.0203928

49 21 0.0102165

50 21 0

0 22 0

1 22 0.0103611

2 22 0.0206813

3 22 0.0309199

4 22 0.0410364

5 22 0.0509911

6 22 0.0607444

7 22 0.0702581

8 22 0.0794944

9 22 0.0884171

10 22 0.0969908

11 22 0.105182

12 22 0.112957

13 22 0.120287

14 22 0.127143

15 22 0.133496

16 22 0.139323

17 22 0.1446

18 22 0.149306

19 22 0.153423

20 22 0.156934

21 22 0.159826

22 22 0.162088

23 22 0.163709

24 22 0.164685

25 22 0.165011

26 22 0.164685

27 22 0.163709

28 22 0.162088

29 22 0.159826

30 22 0.156934

31 22 0.153423

32 22 0.149306

33 22 0.1446

34 22 0.139323

35 22 0.133496

36 22 0.127143

37 22 0.120287

38 22 0.112957

39 22 0.105182

40 22 0.0969908

41 22 0.0884171

42 22 0.0794944

43 22 0.0702581

44 22 0.0607444

45 22 0.0509911

46 22 0.0410364

47 22 0.0309199

48 22 0.0206813

49 22 0.0103611

50 22 0

0 23 0

1 23 0.0104648

2 23 0.0208882

3 23 0.0312292

4 23 0.041447

5 23 0.0515012

6 23 0.0613522

7 23 0.070961

8 23 0.0802897

9 23 0.0893016

10 23 0.0979611

11 23 0.106234

12 23 0.114088

13 23 0.121491

14 23 0.128415

15 23 0.134832

16 23 0.140717

17 23 0.146046

18 23 0.1508

19 23 0.154958

20 23 0.158504

21 23 0.161425

22 23 0.163709

23 23 0.165347

24 23 0.166333

25 23 0.166661

26 23 0.166333

27 23 0.165347

28 23 0.163709

29 23 0.161425

30 23 0.158504

31 23 0.154958

32 23 0.1508

33 23 0.146046

34 23 0.140717

35 23 0.134832

36 23 0.128415

37 23 0.121491

38 23 0.114088

39 23 0.106234

40 23 0.0979611

41 23 0.0893016

42 23 0.0802897

43 23 0.070961

44 23 0.0613522

45 23 0.0515012

46 23 0.041447

47 23 0.0312292

48 23 0.0208882

49 23 0.0104648

50 23 0

0 24 0

1 24 0.0105271

2 24 0.0210127

3 24 0.0314153

4 24 0.041694

5 24 0.0518081

6 24 0.0617177

7 24 0.0713838

8 24 0.0807682

9 24 0.0898338

10 24 0.0985449

11 24 0.106867

12 24 0.114767

13 24 0.122215

14 24 0.12918

15 24 0.135635

16 24 0.141555

17 24 0.146917

18 24 0.151698

19 24 0.155881

20 24 0.159449

21 24 0.162387

22 24 0.164685

23 24 0.166333

24 24 0.167324

25 24 0.167655

26 24 0.167324

27 24 0.166333

28 24 0.164685

29 24 0.162387

30 24 0.159449

31 24 0.155881

32 24 0.151698

33 24 0.146917

34 24 0.141555

35 24 0.135635

36 24 0.12918

37 24 0.122215

38 24 0.114767

39 24 0.106867

40 24 0.0985449

41 24 0.0898338

42 24 0.0807682

43 24 0.0713838

44 24 0.0617177

45 24 0.0518081

46 24 0.041694

47 24 0.0314153

48 24 0.0210127

49 24 0.0105271

50 24 0

0 25 0

1 25 0.0105479

2 25 0.0210542

3 25 0.0314774

4 25 0.0417764

5 25 0.0519105

6 25 0.0618398

7 25 0.071525

8 25 0.0809279

9 25 0.0900114

10 25 0.0987397

11 25 0.107078

12 25 0.114994

13 25 0.122457

14 25 0.129435

15 25 0.135904

16 25 0.141835

17 25 0.147207

18 25 0.151998

19 25 0.156189

20 25 0.159764

21 25 0.162708

22 25 0.165011

23 25 0.166661

24 25 0.167655

25 25 0.167986

26 25 0.167655

27 25 0.166661

28 25 0.165011

29 25 0.162708

30 25 0.159764

31 25 0.156189

32 25 0.151998

33 25 0.147207

34 25 0.141835

35 25 0.135904

36 25 0.129435

37 25 0.122457

38 25 0.114994

39 25 0.107078

40 25 0.0987397

41 25 0.0900114

42 25 0.0809279

43 25 0.071525

44 25 0.0618398

45 25 0.0519105

46 25 0.0417764

47 25 0.0314774

48 25 0.0210542

49 25 0.0105479

50 25 0

0 26 0

1 26 0.0105271

2 26 0.0210127

3 26 0.0314153

4 26 0.041694

5 26 0.0518081

6 26 0.0617177

7 26 0.0713838

8 26 0.0807682

9 26 0.0898338

10 26 0.0985449

11 26 0.106867

12 26 0.114767

13 26 0.122215

14 26 0.12918

15 26 0.135635

16 26 0.141555

17 26 0.146917

18 26 0.151698

19 26 0.155881

20 26 0.159449

21 26 0.162387

22 26 0.164685

23 26 0.166333

24 26 0.167324

25 26 0.167655

26 26 0.167324

27 26 0.166333

28 26 0.164685

29 26 0.162387

30 26 0.159449

31 26 0.155881

32 26 0.151698

33 26 0.146917

34 26 0.141555

35 26 0.135635

36 26 0.12918

37 26 0.122215

38 26 0.114767

39 26 0.106867

40 26 0.0985449

41 26 0.0898338

42 26 0.0807682

43 26 0.0713838

44 26 0.0617177

45 26 0.0518081

46 26 0.041694

47 26 0.0314153

48 26 0.0210127

49 26 0.0105271

50 26 0

0 27 0

1 27 0.0104648

2 27 0.0208882

3 27 0.0312292

4 27 0.041447

5 27 0.0515012

6 27 0.0613522

7 27 0.070961

8 27 0.0802897

9 27 0.0893016

10 27 0.0979611

11 27 0.106234

12 27 0.114088

13 27 0.121491

14 27 0.128415

15 27 0.134832

16 27 0.140717

17 27 0.146046

18 27 0.1508

19 27 0.154958

20 27 0.158504

21 27 0.161425

22 27 0.163709

23 27 0.165347

24 27 0.166333

25 27 0.166661

26 27 0.166333

27 27 0.165347

28 27 0.163709

29 27 0.161425

30 27 0.158504

31 27 0.154958

32 27 0.1508

33 27 0.146046

34 27 0.140717

35 27 0.134832

36 27 0.128415

37 27 0.121491

38 27 0.114088

39 27 0.106234

40 27 0.0979611

41 27 0.0893016

42 27 0.0802897

43 27 0.070961

44 27 0.0613522

45 27 0.0515012

46 27 0.041447

47 27 0.0312292

48 27 0.0208882

49 27 0.0104648

50 27 0

0 28 0

1 28 0.0103611

2 28 0.0206813

3 28 0.0309199

4 28 0.0410364

5 28 0.0509911

6 28 0.0607444

7 28 0.0702581

8 28 0.0794944

9 28 0.0884171

10 28 0.0969908

11 28 0.105182

12 28 0.112957

13 28 0.120287

14 28 0.127143

15 28 0.133496

16 28 0.139323

17 28 0.1446

18 28 0.149306

19 28 0.153423

20 28 0.156934

21 28 0.159826

22 28 0.162088

23 28 0.163709

24 28 0.164685

25 28 0.165011

26 28 0.164685

27 28 0.163709

28 28 0.162088

29 28 0.159826

30 28 0.156934

31 28 0.153423

32 28 0.149306

33 28 0.1446

34 28 0.139323

35 28 0.133496

36 28 0.127143

37 28 0.120287

38 28 0.112957

39 28 0.105182

40 28 0.0969908

41 28 0.0884171

42 28 0.0794944

43 28 0.0702581

44 28 0.0607444

45 28 0.0509911

46 28 0.0410364

47 28 0.0309199

48 28 0.0206813

49 28 0.0103611

50 28 0

0 29 0

1 29 0.0102165

2 29 0.0203928

3 29 0.0304885

4 29 0.0404639

5 29 0.0502797

6 29 0.059897

7 29 0.0692779

8 29 0.0783854

9 29 0.0871835

10 29 0.0956376

11 29 0.103714

12 29 0.111382

13 29 0.118609

14 29 0.125369

15 29 0.131634

16 29 0.137379

17 29 0.142582

18 29 0.147223

19 29 0.151282

20 29 0.154745

21 29 0.157597

22 29 0.159826

23 29 0.161425

24 29 0.162387

25 29 0.162708

26 29 0.162387

27 29 0.161425

28 29 0.159826

29 29 0.157597

30 29 0.154745

31 29 0.151282

32 29 0.147223

33 29 0.142582

34 29 0.137379

35 29 0.131634

36 29 0.125369

37 29 0.118609

38 29 0.111382

39 29 0.103714

40 29 0.0956376

41 29 0.0871835

42 29 0.0783854

43 29 0.0692779

44 29 0.059897

45 29 0.0502797

46 29 0.0404639

47 29 0.0304885

48 29 0.0203928

49 29 0.0102165

50 29 0

0 30 0

1 30 0.0100317

2 30 0.0200238

3 30 0.0299368

4 30 0.0397317

5 30 0.0493699

6 30 0.0588131

7 30 0.0680243

8 30 0.076967

9 30 0.0856059

10 30 0.093907

11 30 0.101838

12 30 0.109366

13 30 0.116463

14 30 0.1231

15 30 0.129252

16 30 0.134893

17 30 0.140002

18 30 0.144559

19 30 0.148545

20 30 0.151945

21 30 0.154745

22 30 0.156934

23 30 0.158504

24 30 0.159449

25 30 0.159764

26 30 0.159449

27 30 0.158504

28 30 0.156934

29 30 0.154745

30 30 0.151945

31 30 0.148545

32 30 0.144559

33 30 0.140002

34 30 0.134893

35 30 0.129252

36 30 0.1231

37 30 0.116463

38 30 0.109366

39 30 0.101838

40 30 0.093907

41 30 0.0856059

42 30 0.076967

43 30 0.0680243

44 30 0.0588131

45 30 0.0493699

46 30 0.0397317

47 30 0.0299368

48 30 0.0200238

49 30 0.0100317

50 30 0

0 31 0

1 31 0.00980722

2 31 0.0195757

3 31 0.029267

4 31 0.0388427

5 31 0.0482652

6 31 0.0574972

7 31 0.0665022

8 31 0.0752448

9 31 0.0836905

10 31 0.0918059

11 31 0.0995589

12 31 0.106919

13 31 0.113857

14 31 0.120346

15 31 0.12636

16 31 0.131875

17 31 0.13687

18 31 0.141324

19 31 0.145221

20 31 0.148545

21 31 0.151282

22 31 0.153423

23 31 0.154958

24 31 0.155881

25 31 0.156189

26 31 0.155881

27 31 0.154958

28 31 0.153423

29 31 0.151282

30 31 0.148545

31 31 0.145221

32 31 0.141324

33 31 0.13687

34 31 0.131875

35 31 0.12636

36 31 0.120346

37 31 0.113857

38 31 0.106919

39 31 0.0995589

40 31 0.0918059

41 31 0.0836905

42 31 0.0752448

43 31 0.0665022

44 31 0.0574972

45 31 0.0482652

46 31 0.0388427

47 31 0.029267

48 31 0.0195757

49 31 0.00980722

50 31 0

0 32 0

1 32 0.00954405

2 32 0.0190504

3 32 0.0284816

4 32 0.0378004

5 32 0.0469701

6 32 0.0559543

7 32 0.0647177

8 32 0.0732257

9 32 0.0814448

10 32 0.0893424

11 32 0.0968874

12 32 0.10405

13 32 0.110802

14 32 0.117117

15 32 0.122969

16 32 0.128336

17 32 0.133197

18 32 0.137532

19 32 0.141324

20 32 0.144559

21 32 0.147223

22 32 0.149306

23 32 0.1508

24 32 0.151698

25 32 0.151998

26 32 0.151698

27 32 0.1508

28 32 0.149306

29 32 0.147223

30 32 0.144559

31 32 0.141324

32 32 0.137532

33 32 0.133197

34 32 0.128336

35 32 0.122969

36 32 0.117117

37 32 0.110802

38 32 0.10405

39 32 0.0968874

40 32 0.0893424

41 32 0.0814448

42 32 0.0732257

43 32 0.0647177

44 32 0.0559543

45 32 0.0469701

46 32 0.0378004

47 32 0.0284816

48 32 0.0190504

49 32 0.00954405

50 32 0

0 33 0

1 33 0.00924322

2 33 0.01845

3 33 0.0275839

4 33 0.036609

5 33 0.0454895

6 33 0.0541906

7 33 0.0626778

8 33 0.0709176

9 33 0.0788776

10 33 0.0865263

11 33 0.0938334

12 33 0.10077

13 33 0.107309

14 33 0.113425

15 33 0.119093

16 33 0.124291

17 33 0.128999

18 33 0.133197

19 33 0.13687

20 33 0.140002

21 33 0.142582

22 33 0.1446

23 33 0.146046

24 33 0.146917

25 33 0.147207

26 33 0.146917

27 33 0.146046

28 33 0.1446

29 33 0.142582

30 33 0.140002

31 33 0.13687

32 33 0.133197

33 33 0.128999

34 33 0.124291

35 33 0.119093

36 33 0.113425

37 33 0.107309

38 33 0.10077

39 33 0.0938334

40 33 0.0865263

41 33 0.0788776

42 33 0.0709176

43 33 0.0626778

44 33 0.0541906

45 33 0.0454895

46 33 0.036609

47 33 0.0275839

48 33 0.01845

49 33 0.00924322

50 33 0

0 34 0

1 34 0.00890591

2 34 0.0177767

3 34 0.0265773

4 34 0.035273

5 34 0.0438295

6 34 0.0522131

7 34 0.0603905

8 34 0.0683297

9 34 0.0759991

10 34 0.0833687

11 34 0.0904092

12 34 0.0970929

13 34 0.103393

14 34 0.109286

15 34 0.114747

16 34 0.119755

17 34 0.124291

18 34 0.128336

19 34 0.131875

20 34 0.134893

21 34 0.137379

22 34 0.139323

23 34 0.140717

24 34 0.141555

25 34 0.141835

26 34 0.141555

27 34 0.140717

28 34 0.139323

29 34 0.137379

30 34 0.134893

31 34 0.131875

32 34 0.128336

33 34 0.124291

34 34 0.119755

35 34 0.114747

36 34 0.109286

37 34 0.103393

38 34 0.0970929

39 34 0.0904092

40 34 0.0833687

41 34 0.0759991

42 34 0.0683297

43 34 0.0603905

44 34 0.0522131

45 34 0.0438295

46 34 0.035273

47 34 0.0265773

48 34 0.0177767

49 34 0.00890591

50 34 0

0 35 0

1 35 0.00853345

2 35 0.0170332

3 35 0.0254658

4 35 0.0337978

5 35 0.0419965

6 35 0.0500294

7 35 0.0578649

8 35 0.065472

9 35 0.0728208

10 35 0.0798821

11 35 0.0866282

12 35 0.0930324

13 35 0.0990694

14 35 0.104715

15 35 0.109948

16 35 0.114747

17 35 0.119093

18 35 0.122969

19 35 0.12636

20 35 0.129252

21 35 0.131634

22 35 0.133496

23 35 0.134832

24 35 0.135635

25 35 0.135904

26 35 0.135635

27 35 0.134832

28 35 0.133496

29 35 0.131634

30 35 0.129252

31 35 0.12636

32 35 0.122969

33 35 0.119093

34 35 0.114747

35 35 0.109948

36 35 0.104715

37 35 0.0990694

38 35 0.0930324

39 35 0.0866282

40 35 0.0798821

41 35 0.0728208

42 35 0.065472

43 35 0.0578649

44 35 0.0500294

45 35 0.0419965

46 35 0.0337978

47 35 0.0254658

48 35 0.0170332

49 35 0.00853345

50 35 0

0 36 0

1 36 0.00812732

2 36 0.0162226

3 36 0.0242538

4 36 0.0321893

5 36 0.0399978

6 36 0.0476484

7 36 0.0551109

8 36 0.062356

9 36 0.069355

10 36 0.0760802

11 36 0.0825053

12 36 0.0886047

13 36 0.0943544

14 36 0.0997317

15 36 0.104715

16 36 0.109286

17 36 0.113425

18 36 0.117117

19 36 0.120346

20 36 0.1231

21 36 0.125369

22 36 0.127143

23 36 0.128415

24 36 0.12918

25 36 0.129435

26 36 0.12918

27 36 0.128415

28 36 0.127143

29 36 0.125369

30 36 0.1231

31 36 0.120346

32 36 0.117117

33 36 0.113425

34 36 0.109286

35 36 0.104715

36 36 0.0997317

37 36 0.0943544

38 36 0.0886047

39 36 0.0825053

40 36 0.0760802

41 36 0.069355

42 36 0.062356

43 36 0.0551109

44 36 0.0476484

45 36 0.0399978

46 36 0.0321893

47 36 0.0242538

48 36 0.0162226

49 36 0.00812732

50 36 0

0 37 0

1 37 0.00768911

2 37 0.0153479

3 37 0.0229461

4 37 0.0304537

5 37 0.0378412

6 37 0.0450793

7 37 0.0521395

8 37 0.0589939

9 37 0.0656155

10 37 0.0719781

11 37 0.0780567

12 37 0.0838273

13 37 0.089267

14 37 0.0943544

15 37 0.0990694

16 37 0.103393

17 37 0.107309

18 37 0.110802

19 37 0.113857

20 37 0.116463

21 37 0.118609

22 37 0.120287

23 37 0.121491

24 37 0.122215

25 37 0.122457

26 37 0.122215

27 37 0.121491

28 37 0.120287

29 37 0.118609

30 37 0.116463

31 37 0.113857

32 37 0.110802

33 37 0.107309

34 37 0.103393

35 37 0.0990694

36 37 0.0943544

37 37 0.089267

38 37 0.0838273

39 37 0.0780567

40 37 0.0719781

41 37 0.0656155

42 37 0.0589939

43 37 0.0521395

44 37 0.0450793

45 37 0.0378412

46 37 0.0304537

47 37 0.0229461

48 37 0.0153479

49 37 0.00768911

50 37 0

0 38 0

1 38 0.00722055

2 38 0.0144126

3 38 0.0215478

4 38 0.0285979

5 38 0.0355352

6 38 0.0423322

7 38 0.0489622

8 38 0.0553989

9 38 0.061617

10 38 0.067592

11 38 0.0733002

12 38 0.078719

13 38 0.0838273

14 38 0.0886047

15 38 0.0930324

16 38 0.0970929

17 38 0.10077

18 38 0.10405

19 38 0.106919

20 38 0.109366

21 38 0.111382

22 38 0.112957

23 38 0.114088

24 38 0.114767

25 38 0.114994

26 38 0.114767

27 38 0.114088

28 38 0.112957

29 38 0.111382

30 38 0.109366

31 38 0.106919

32 38 0.10405

33 38 0.10077

34 38 0.0970929

35 38 0.0930324

36 38 0.0886047

37 38 0.0838273

38 38 0.078719

39 38 0.0733002

40 38 0.067592

41 38 0.061617

42 38 0.0553989

43 38 0.0489622

44 38 0.0423322

45 38 0.0355352

46 38 0.0285979

47 38 0.0215478

48 38 0.0144126

49 38 0.00722055

50 38 0

0 39 0

1 39 0.0067235

2 39 0.0134205

3 39 0.0200645

4 39 0.0266293

5 39 0.033089

6 39 0.0394182

7 39 0.0455917

8 39 0.0515854

9 39 0.0573754

10 39 0.0629391

11 39 0.0682543

12 39 0.0733002

13 39 0.0780567

14 39 0.0825053

15 39 0.0866282

16 39 0.0904092

17 39 0.0938334

18 39 0.0968874

19 39 0.0995589

20 39 0.101838

21 39 0.103714

22 39 0.105182

23 39 0.106234

24 39 0.106867

25 39 0.107078

26 39 0.106867

27 39 0.106234

28 39 0.105182

29 39 0.103714

30 39 0.101838

31 39 0.0995589

32 39 0.0968874

33 39 0.0938334

34 39 0.0904092

35 39 0.0866282

36 39 0.0825053

37 39 0.0780567

38 39 0.0733002

39 39 0.0682543

40 39 0.0629391

41 39 0.0573754

42 39 0.0515854

43 39 0.0455917

44 39 0.0394182

45 39 0.033089

46 39 0.0266293

47 39 0.0200645

48 39 0.0134205

49 39 0.0067235

50 39 0

0 40 0

1 40 0.00619992

2 40 0.0123754

3 40 0.018502

4 40 0.0245556

5 40 0.0305122

6 40 0.0363485

7 40 0.0420413

8 40 0.0475682

9 40 0.0529074

10 40 0.0580377

11 40 0.0629391

12 40 0.067592

13 40 0.0719781

14 40 0.0760802

15 40 0.0798821

16 40 0.0833687

17 40 0.0865263

18 40 0.0893424

19 40 0.0918059

20 40 0.093907

21 40 0.0956376

22 40 0.0969908

23 40 0.0979611

24 40 0.0985449

25 40 0.0987397

26 40 0.0985449

27 40 0.0979611

28 40 0.0969908

29 40 0.0956376

30 40 0.093907

31 40 0.0918059

32 40 0.0893424

33 40 0.0865263

34 40 0.0833687

35 40 0.0798821

36 40 0.0760802

37 40 0.0719781

38 40 0.067592

39 40 0.0629391

40 40 0.0580377

41 40 0.0529074

42 40 0.0475682

43 40 0.0420413

44 40 0.0363485

45 40 0.0305122

46 40 0.0245556

47 40 0.018502

48 40 0.0123754

49 40 0.00619992

50 40 0

0 41 0

1 41 0.00565186

2 41 0.0112814

3 41 0.0168665

4 41 0.0223849

5 41 0.0278151

6 41 0.0331354

7 41 0.038325

8 41 0.0433633

9 41 0.0482305

10 41 0.0529074

11 41 0.0573754

12 41 0.061617

13 41 0.0656155

14 41 0.069355

15 41 0.0728208

16 41 0.0759991

17 41 0.0788776

18 41 0.0814448

19 41 0.0836905

20 41 0.0856059

21 41 0.0871835

22 41 0.0884171

23 41 0.0893016

24 41 0.0898338

25 41 0.0900114

26 41 0.0898338

27 41 0.0893016

28 41 0.0884171

29 41 0.0871835

30 41 0.0856059

31 41 0.0836905

32 41 0.0814448

33 41 0.0788776

34 41 0.0759991

35 41 0.0728208

36 41 0.069355

37 41 0.0656155

38 41 0.061617

39 41 0.0573754

40 41 0.0529074

41 41 0.0482305

42 41 0.0433633

43 41 0.038325

44 41 0.0331354

45 41 0.0278151

46 41 0.0223849

47 41 0.0168665

48 41 0.0112814

49 41 0.00565186

50 41 0

0 42 0

1 42 0.0050815

2 42 0.010143

3 42 0.0151644

4 42 0.0201259

5 42 0.0250081

6 42 0.0297915

7 42 0.0344574

8 42 0.0389873

9 42 0.0433633

10 42 0.0475682

11 42 0.0515854

12 42 0.0553989

13 42 0.0589939

14 42 0.062356

15 42 0.065472

16 42 0.0683297

17 42 0.0709176

18 42 0.0732257

19 42 0.0752448

20 42 0.076967

21 42 0.0783854

22 42 0.0794944

23 42 0.0802897

24 42 0.0807682

25 42 0.0809279

26 42 0.0807682

27 42 0.0802897

28 42 0.0794944

29 42 0.0783854

30 42 0.076967

31 42 0.0752448

32 42 0.0732257

33 42 0.0709176

34 42 0.0683297

35 42 0.065472

36 42 0.062356

37 42 0.0589939

38 42 0.0553989

39 42 0.0515854

40 42 0.0475682

41 42 0.0433633

42 42 0.0389873

43 42 0.0344574

44 42 0.0297915

45 42 0.0250081

46 42 0.0201259

47 42 0.0151644

48 42 0.010143

49 42 0.0050815

50 42 0

0 43 0

1 43 0.00449109

2 43 0.00896446

3 43 0.0134024

4 43 0.0177875

5 43 0.0221024

6 43 0.0263301

7 43 0.0304538

8 43 0.0344574

9 43 0.038325

10 43 0.0420413

11 43 0.0455917

12 43 0.0489622

13 43 0.0521395

14 43 0.0551109

15 43 0.0578649

16 43 0.0603905

17 43 0.0626778

18 43 0.0647177

19 43 0.0665022

20 43 0.0680243

21 43 0.0692779

22 43 0.0702581

23 43 0.070961

24 43 0.0713838

25 43 0.071525

26 43 0.0713838

27 43 0.070961

28 43 0.0702581

29 43 0.0692779

30 43 0.0680243

31 43 0.0665022

32 43 0.0647177

33 43 0.0626778

34 43 0.0603905

35 43 0.0578649

36 43 0.0551109

37 43 0.0521395

38 43 0.0489622

39 43 0.0455917

40 43 0.0420413

41 43 0.038325

42 43 0.0344574

43 43 0.0304538

44 43 0.0263301

45 43 0.0221024

46 43 0.0177875

47 43 0.0134024

48 43 0.00896446

49 43 0.00449109

50 43 0

0 44 0

1 44 0.00388295

2 44 0.00775058

3 44 0.0115876

4 44 0.0153789

5 44 0.0191095

6 44 0.0227647

7 44 0.0263301

8 44 0.0297915

9 44 0.0331354

10 44 0.0363485

11 44 0.0394182

12 44 0.0423322

13 44 0.0450793

14 44 0.0476484

15 44 0.0500294

16 44 0.0522131

17 44 0.0541906

18 44 0.0559543

19 44 0.0574972

20 44 0.0588131

21 44 0.059897

22 44 0.0607444

23 44 0.0613522

24 44 0.0617177

25 44 0.0618398

26 44 0.0617177

27 44 0.0613522

28 44 0.0607444

29 44 0.059897

30 44 0.0588131

31 44 0.0574972

32 44 0.0559543

33 44 0.0541906

34 44 0.0522131

35 44 0.0500294

36 44 0.0476484

37 44 0.0450793

38 44 0.0423322

39 44 0.0394182

40 44 0.0363485

41 44 0.0331354

42 44 0.0297915

43 44 0.0263301

44 44 0.0227647

45 44 0.0191095

46 44 0.0153789

47 44 0.0115876

48 44 0.00775058

49 44 0.00388295

50 44 0

0 45 0

1 45 0.00325949

2 45 0.00650612

3 45 0.00972706

4 45 0.0129096

5 45 0.0160412

6 45 0.0191095

7 45 0.0221024

8 45 0.0250081

9 45 0.0278151

10 45 0.0305122

11 45 0.033089

12 45 0.0355352

13 45 0.0378412

14 45 0.0399978

15 45 0.0419965

16 45 0.0438295

17 45 0.0454895

18 45 0.0469701

19 45 0.0482652

20 45 0.0493699

21 45 0.0502797

22 45 0.0509911

23 45 0.0515012

24 45 0.0518081

25 45 0.0519105

26 45 0.0518081

27 45 0.0515012

28 45 0.0509911

29 45 0.0502797

30 45 0.0493699

31 45 0.0482652

32 45 0.0469701

33 45 0.0454895

34 45 0.0438295

35 45 0.0419965

36 45 0.0399978

37 45 0.0378412

38 45 0.0355352

39 45 0.033089

40 45 0.0305122

41 45 0.0278151

42 45 0.0250081

43 45 0.0221024

44 45 0.0191095

45 45 0.0160412

46 45 0.0129096

47 45 0.00972706

48 45 0.00650612

49 45 0.00325949

50 45 0

0 46 0

1 46 0.00262316

2 46 0.00523597

3 46 0.00782812

4 46 0.0103894

5 46 0.0129096

6 46 0.0153789

7 46 0.0177875

8 46 0.0201259

9 46 0.0223849

10 46 0.0245556

11 46 0.0266293

12 46 0.0285979

13 46 0.0304537

14 46 0.0321893

15 46 0.0337978

16 46 0.035273

17 46 0.036609

18 46 0.0378004

19 46 0.0388427

20 46 0.0397317

21 46 0.0404639

22 46 0.0410364

23 46 0.041447

24 46 0.041694

25 46 0.0417764

26 46 0.041694

27 46 0.041447

28 46 0.0410364

29 46 0.0404639

30 46 0.0397317

31 46 0.0388427

32 46 0.0378004

33 46 0.036609

34 46 0.035273

35 46 0.0337978

36 46 0.0321893

37 46 0.0304537

38 46 0.0285979

39 46 0.0266293

40 46 0.0245556

41 46 0.0223849

42 46 0.0201259

43 46 0.0177875

44 46 0.0153789

45 46 0.0129096

46 46 0.0103894

47 46 0.00782812

48 46 0.00523597

49 46 0.00262316

50 46 0

0 47 0

1 47 0.00197648

2 47 0.00394517

3 47 0.00589828

4 47 0.00782812

5 47 0.00972706

6 47 0.0115876

7 47 0.0134024

8 47 0.0151644

9 47 0.0168665

10 47 0.018502

11 47 0.0200645

12 47 0.0215478

13 47 0.0229461

14 47 0.0242538

15 47 0.0254658

16 47 0.0265773

17 47 0.0275839

18 47 0.0284816

19 47 0.029267

20 47 0.0299368

21 47 0.0304885

22 47 0.0309199

23 47 0.0312292

24 47 0.0314153

25 47 0.0314774

26 47 0.0314153

27 47 0.0312292

28 47 0.0309199

29 47 0.0304885

30 47 0.0299368

31 47 0.029267

32 47 0.0284816

33 47 0.0275839

34 47 0.0265773

35 47 0.0254658

36 47 0.0242538

37 47 0.0229461

38 47 0.0215478

39 47 0.0200645

40 47 0.018502

41 47 0.0168665

42 47 0.0151644

43 47 0.0134024

44 47 0.0115876

45 47 0.00972706

46 47 0.00782812

47 47 0.00589828

48 47 0.00394517

49 47 0.00197648

50 47 0

0 48 0

1 48 0.00132201

2 48 0.00263879

3 48 0.00394517

4 48 0.00523597

5 48 0.00650612

6 48 0.00775058

7 48 0.00896446

8 48 0.010143

9 48 0.0112814

10 48 0.0123754

11 48 0.0134205

12 48 0.0144126

13 48 0.0153479

14 48 0.0162226

15 48 0.0170332

16 48 0.0177767

17 48 0.01845

18 48 0.0190504

19 48 0.0195757

20 48 0.0200238

21 48 0.0203928

22 48 0.0206813

23 48 0.0208882

24 48 0.0210127

25 48 0.0210542

26 48 0.0210127

27 48 0.0208882

28 48 0.0206813

29 48 0.0203928

30 48 0.0200238

31 48 0.0195757

32 48 0.0190504

33 48 0.01845

34 48 0.0177767

35 48 0.0170332

36 48 0.0162226

37 48 0.0153479

38 48 0.0144126

39 48 0.0134205

40 48 0.0123754

41 48 0.0112814

42 48 0.010143

43 48 0.00896446

44 48 0.00775058

45 48 0.00650612

46 48 0.00523597

47 48 0.00394517

48 48 0.00263879

49 48 0.00132201

50 48 0

0 49 0

1 49 0.00066231

2 49 0.00132201

3 49 0.00197648

4 49 0.00262316

5 49 0.00325949

6 49 0.00388295

7 49 0.00449109

8 49 0.0050815

9 49 0.00565186

10 49 0.00619992

11 49 0.0067235

12 49 0.00722055

13 49 0.00768911

14 49 0.00812732

15 49 0.00853345

16 49 0.00890591

17 49 0.00924322

18 49 0.00954405

19 49 0.00980722

20 49 0.0100317

21 49 0.0102165

22 49 0.0103611

23 49 0.0104648

24 49 0.0105271

25 49 0.0105479

26 49 0.0105271

27 49 0.0104648

28 49 0.0103611

29 49 0.0102165

30 49 0.0100317

31 49 0.00980722

32 49 0.00954405

33 49 0.00924322

34 49 0.00890591

35 49 0.00853345

36 49 0.00812732

37 49 0.00768911

38 49 0.00722055

39 49 0.0067235

40 49 0.00619992

41 49 0.00565186

42 49 0.0050815

43 49 0.00449109

44 49 0.00388295

45 49 0.00325949

46 49 0.00262316

47 49 0.00197648

48 49 0.00132201

49 49 0.00066231

50 49 0

