0 1 0

1 1 0.000672848

2 1 0.00134304

3 1 0.00200793

4 1 0.0026649

5 1 0.00331135

6 1 0.00394474

7 1 0.00456255

8 1 0.00516236

9 1 0.00574179

10 1 0.00629857

11 1 0.00683049

12 1 0.00733545

13 1 0.00781146

14 1 0.00825664

15 1 0.00866924

16 1 0.00904762

17 1 0.0093903

18 1 0.00969591

19 1 0.00996327

20 1 0.0101913

21 1 0.0103791

22 1 0.010526

23 1 0.0106313

24 1 0.0106946

25 1 0.0107158

26 1 0.0106946

27 1 0.0106313

28 1 0.010526

29 1 0.0103791

30 1 0.0101913

31 1 0.00996327

32 1 0.00969591

33 1 0.0093903

34 1 0.00904762

35 1 0.00866924

36 1 0.00825664

37 1 0.00781146

38 1 0.00733545

39 1 0.00683049

40 1 0.00629857

41 1 0.00574179

42 1 0.00516236

43 1 0.00456255

44 1 0.00394474

45 1 0.00331135

46 1 0.0026649

47 1 0.00200793

48 1 0.00134304

49 1 0.000672848

50 1 0

0 2 0

1 2 0.00134304

2 2 0.00268078

3 2 0.00400794

4 2 0.00531929

5 2 0.00660964

6 2 0.0078739

7 2 0.0091071

8 2 0.0103043

9 2 0.0114609

10 2 0.0125723

11 2 0.013634

12 2 0.0146419

13 2 0.0155921

14 2 0.0164807

15 2 0.0173043

16 2 0.0180595

17 2 0.0187435

18 2 0.0193536

19 2 0.0198872

20 2 0.0203424

21 2 0.0207173

22 2 0.0210104

23 2 0.0212206

24 2 0.021347

25 2 0.0213892

26 2 0.021347

27 2 0.0212206

28 2 0.0210104

29 2 0.0207173

30 2 0.0203424

31 2 0.0198872

32 2 0.0193536

33 2 0.0187435

34 2 0.0180595

35 2 0.0173043

36 2 0.0164807

37 2 0.0155921

38 2 0.0146419

39 2 0.013634

40 2 0.0125723

41 2 0.0114609

42 2 0.0103043

43 2 0.0091071

44 2 0.0078739

45 2 0.00660964

46 2 0.00531929

47 2 0.00400794

48 2 0.00268078

49 2 0.00134304

50 2 0

0 3 0

1 3 0.00200793

2 3 0.00400794

3 3 0.00599214

4 3 0.00795268

5 3 0.00988184

6 3 0.011772

7 3 0.0136157

8 3 0.0154057

9 3 0.0171348

10 3 0.0187964

11 3 0.0203837

12 3 0.0218907

13 3 0.0233112

14 3 0.0246397

15 3 0.025871

16 3 0.0270002

17 3 0.0280228

18 3 0.0289348

19 3 0.0297327

20 3 0.0304132

21 3 0.0309736

22 3 0.0314119

23 3 0.0317261

24 3 0.0319152

25 3 0.0319783

26 3 0.0319152

27 3 0.0317261

28 3 0.0314119

29 3 0.0309736

30 3 0.0304132

31 3 0.0297327

32 3 0.0289348

33 3 0.0280228

34 3 0.0270002

35 3 0.025871

36 3 0.0246397

37 3 0.0233112

38 3 0.0218907

39 3 0.0203837

40 3 0.0187964

41 3 0.0171348

42 3 0.0154057

43 3 0.0136157

44 3 0.011772

45 3 0.00988184

46 3 0.00795268

47 3 0.00599214

48 3 0.00400794

49 3 0.00200793

50 3 0

0 4 0

1 4 0.0026649

2 4 0.00531929

3 4 0.00795268

4 4 0.0105547

5 4 0.013115

6 4 0.0156236

7 4 0.0180706

8 4 0.0204462

9 4 0.0227411

10 4 0.0249463

11 4 0.027053

12 4 0.029053

13 4 0.0309383

14 4 0.0327015

15 4 0.0343356

16 4 0.0358343

17 4 0.0371915

18 4 0.0384019

19 4 0.0394608

20 4 0.0403639

21 4 0.0411078

22 4 0.0416894

23 4 0.0421065

24 4 0.0423574

25 4 0.0424412

26 4 0.0423574

27 4 0.0421065

28 4 0.0416894

29 4 0.0411078

30 4 0.0403639

31 4 0.0394608

32 4 0.0384019

33 4 0.0371915

34 4 0.0358343

35 4 0.0343356

36 4 0.0327015

37 4 0.0309383

38 4 0.029053

39 4 0.027053

40 4 0.0249463

41 4 0.0227411

42 4 0.0204462

43 4 0.0180706

44 4 0.0156236

45 4 0.013115

46 4 0.0105547

47 4 0.00795268

48 4 0.00531929

49 4 0.0026649

50 4 0

0 5 0

1 5 0.00331135

2 5 0.00660964

3 5 0.00988184

4 5 0.013115

5 5 0.0162965

6 5 0.0194136

7 5 0.0224541

8 5 0.025406

9 5 0.0282576

10 5 0.0309977

11 5 0.0336155

12 5 0.0361006

13 5 0.0384433

14 5 0.0406342

15 5 0.0426647

16 5 0.0445269

17 5 0.0462134

18 5 0.0477174

19 5 0.0490332

20 5 0.0501554

21 5 0.0510797

22 5 0.0518024

23 5 0.0523207

24 5 0.0526325

25 5 0.0527365

26 5 0.0526325

27 5 0.0523207

28 5 0.0518024

29 5 0.0510797

30 5 0.0501554

31 5 0.0490332

32 5 0.0477174

33 5 0.0462134

34 5 0.0445269

35 5 0.0426647

36 5 0.0406342

37 5 0.0384433

38 5 0.0361006

39 5 0.0336155

40 5 0.0309977

41 5 0.0282576

42 5 0.025406

43 5 0.0224541

44 5 0.0194136

45 5 0.0162965

46 5 0.013115

47 5 0.00988184

48 5 0.00660964

49 5 0.00331135

50 5 0

0 6 0

1 6 0.00394474

2 6 0.0078739

3 6 0.011772

4 6 0.0156236

5 6 0.0194136

6 6 0.023127

7 6 0.0267491

8 6 0.0302656

9 6 0.0336627

10 6 0.0369269

11 6 0.0400454

12 6 0.0430058

13 6 0.0457965

14 6 0.0484065

15 6 0.0508255

16 6 0.0530439

17 6 0.0550529

18 6 0.0568446

19 6 0.0584121

20 6 0.0597489

21 6 0.06085

22 6 0.061711

23 6 0.0623284

24 6 0.0626998

25 6 0.0628238

26 6 0.0626998

27 6 0.0623284

28 6 0.061711

29 6 0.06085

30 6 0.0597489

31 6 0.0584121

32 6 0.0568446

33 6 0.0550529

34 6 0.0530439

35 6 0.0508255

36 6 0.0484065

37 6 0.0457965

38 6 0.0430058

39 6 0.0400454

40 6 0.0369269

41 6 0.0336627

42 6 0.0302656

43 6 0.0267491

44 6 0.023127

45 6 0.0194136

46 6 0.0156236

47 6 0.011772

48 6 0.0078739

49 6 0.00394474

50 6 0

0 7 0

1 7 0.00456255

2 7 0.0091071

3 7 0.0136157

4 7 0.0180706

5 7 0.0224541

6 7 0.0267491

7 7 0.0309384

8 7 0.0350057

9 7 0.0389348

10 7 0.0427103

11 7 0.0463172

12 7 0.0497413

13 7 0.0529691

14 7 0.0559878

15 7 0.0587856

16 7 0.0613514

17 7 0.0636751

18 7 0.0657475

19 7 0.0675604

20 7 0.0691067

21 7 0.0703802

22 7 0.071376

23 7 0.0720901

24 7 0.0725197

25 7 0.0726631

26 7 0.0725197

27 7 0.0720901

28 7 0.071376

29 7 0.0703802

30 7 0.0691067

31 7 0.0675604

32 7 0.0657475

33 7 0.0636751

34 7 0.0613514

35 7 0.0587856

36 7 0.0559878

37 7 0.0529691

38 7 0.0497413

39 7 0.0463172

40 7 0.0427103

41 7 0.0389348

42 7 0.0350057

43 7 0.0309384

44 7 0.0267491

45 7 0.0224541

46 7 0.0180706

47 7 0.0136157

48 7 0.0091071

49 7 0.00456255

50 7 0

0 8 0

1 8 0.00516236

2 8 0.0103043

3 8 0.0154057

4 8 0.0204462

5 8 0.025406

6 8 0.0302656

7 8 0.0350057

8 8 0.0396077

9 8 0.0440533

10 8 0.0483251

11 8 0.0524062

12 8 0.0562804

13 8 0.0599326

14 8 0.0633482

15 8 0.0665138

16 8 0.0694169

17 8 0.0720461

18 8 0.0743909

19 8 0.0764421

20 8 0.0781917

21 8 0.0796326

22 8 0.0807593

23 8 0.0815673

24 8 0.0820534

25 8 0.0822156

26 8 0.0820534

27 8 0.0815673

28 8 0.0807593

29 8 0.0796326

30 8 0.0781917

31 8 0.0764421

32 8 0.0743909

33 8 0.0720461

34 8 0.0694169

35 8 0.0665138

36 8 0.0633482

37 8 0.0599326

38 8 0.0562804

39 8 0.0524062

40 8 0.0483251

41 8 0.0440533

42 8 0.0396077

43 8 0.0350057

44 8 0.0302656

45 8 0.025406

46 8 0.0204462

47 8 0.0154057

48 8 0.0103043

49 8 0.00516236

50 8 0

0 9 0

1 9 0.00574179

2 9 0.0114609

3 9 0.0171348

4 9 0.0227411

5 9 0.0282576

6 9 0.0336627

7 9 0.0389348

8 9 0.0440533

9 9 0.048998

10 9 0.0537492

11 9 0.0582884

12 9 0.0625975

13 9 0.0666596

14 9 0.0704585

15 9 0.0739795

16 9 0.0772084

17 9 0.0801327

18 9 0.0827407

19 9 0.0850222

20 9 0.0869681

21 9 0.0885708

22 9 0.0898239

23 9 0.0907226

24 9 0.0912632

25 9 0.0914436

26 9 0.0912632

27 9 0.0907226

28 9 0.0898239

29 9 0.0885708

30 9 0.0869681

31 9 0.0850222

32 9 0.0827407

33 9 0.0801327

34 9 0.0772084

35 9 0.0739795

36 9 0.0704585

37 9 0.0666596

38 9 0.0625975

39 9 0.0582884

40 9 0.0537492

41 9 0.048998

42 9 0.0440533

43 9 0.0389348

44 9 0.0336627

45 9 0.0282576

46 9 0.0227411

47 9 0.0171348

48 9 0.0114609

49 9 0.00574179

50 9 0

0 10 0

1 10 0.00629857

2 10 0.0125723

3 10 0.0187964

4 10 0.0249463

5 10 0.0309977

6 10 0.0369269

7 10 0.0427103

8 10 0.0483251

9 10 0.0537492

10 10 0.0589612

11 10 0.0639405

12 10 0.0686675

13 10 0.0731234

14 10 0.0772908

15 10 0.0811532

16 10 0.0846952

17 10 0.087903

18 10 0.0907639

19 10 0.0932666

20 10 0.0954013

21 10 0.0971594

22 10 0.098534

23 10 0.0995198

24 10 0.100113

25 10 0.100311

26 10 0.100113

27 10 0.0995198

28 10 0.098534

29 10 0.0971594

30 10 0.0954013

31 10 0.0932666

32 10 0.0907639

33 10 0.087903

34 10 0.0846952

35 10 0.0811532

36 10 0.0772908

37 10 0.0731234

38 10 0.0686675

39 10 0.0639405

40 10 0.0589612

41 10 0.0537492

42 10 0.0483251

43 10 0.0427103

44 10 0.0369269

45 10 0.0309977

46 10 0.0249463

47 10 0.0187964

48 10 0.0125723

49 10 0.00629857

50 10 0

0 11 0

1 11 0.00683049

2 11 0.013634

3 11 0.0203837

4 11 0.027053

5 11 0.0336155

6 11 0.0400454

7 11 0.0463172

8 11 0.0524062

9 11 0.0582884

10 11 0.0639405

11 11 0.0693403

12 11 0.0744665

13 11 0.0792988

14 11 0.0838181

15 11 0.0880066

16 11 0.0918478

17 11 0.0953265

18 11 0.098429

19 11 0.101143

20 11 0.103458

21 11 0.105365

22 11 0.106855

23 11 0.107924

24 11 0.108567

25 11 0.108782

26 11 0.108567

27 11 0.107924

28 11 0.106855

29 11 0.105365

30 11 0.103458

31 11 0.101143

32 11 0.098429

33 11 0.0953265

34 11 0.0918478

35 11 0.0880066

36 11 0.0838181

37 11 0.0792988

38 11 0.0744665

39 11 0.0693403

40 11 0.0639405

41 11 0.0582884

42 11 0.0524062

43 11 0.0463172

44 11 0.0400454

45 11 0.0336155

46 11 0.027053

47 11 0.0203837

48 11 0.013634

49 11 0.00683049

50 11 0

0 12 0

1 12 0.00733545

2 12 0.0146419

3 12 0.0218907

4 12 0.029053

5 12 0.0361006

6 12 0.0430058

7 12 0.0497413

8 12 0.0562804

9 12 0.0625975

10 12 0.0686675

11 12 0.0744665

12 12 0.0799716

13 12 0.0851611

14 12 0.0900145

15 12 0.0945127

16 12 0.0986379

17 12 0.102374

18 12 0.105706

19 12 0.10862

20 12 0.111106

21 12 0.113154

22 12 0.114755

23 12 0.115903

24 12 0.116594

25 12 0.116824

26 12 0.116594

27 12 0.115903

28 12 0.114755

29 12 0.113154

30 12 0.111106

31 12 0.10862

32 12 0.105706

33 12 0.102374

34 12 0.0986379

35 12 0.0945127

36 12 0.0900145

37 12 0.0851611

38 12 0.0799716

39 12 0.0744665

40 12 0.0686675

41 12 0.0625975

42 12 0.0562804

43 12 0.0497413

44 12 0.0430058

45 12 0.0361006

46 12 0.029053

47 12 0.0218907

48 12 0.0146419

49 12 0.00733545

50 12 0

0 13 0

1 13 0.00781146

2 13 0.0155921

3 13 0.0233112

4 13 0.0309383

5 13 0.0384433

6 13 0.0457965

7 13 0.0529691

8 13 0.0599326

9 13 0.0666596

10 13 0.0731234

11 13 0.0792988

12 13 0.0851611

13 13 0.0906874

14 13 0.0958557

15 13 0.100646

16 13 0.105039

17 13 0.109017

18 13 0.112565

19 13 0.115669

20 13 0.118316

21 13 0.120497

22 13 0.122201

23 13 0.123424

24 13 0.12416

25 13 0.124405

26 13 0.12416

27 13 0.123424

28 13 0.122201

29 13 0.120497

30 13 0.118316

31 13 0.115669

32 13 0.112565

33 13 0.109017

34 13 0.105039

35 13 0.100646

36 13 0.0958557

37 13 0.0906874

38 13 0.0851611

39 13 0.0792988

40 13 0.0731234

41 13 0.0666596

42 13 0.0599326

43 13 0.0529691

44 13 0.0457965

45 13 0.0384433

46 13 0.0309383

47 13 0.0233112

48 13 0.0155921

49 13 0.00781146

50 13 0

0 14 0

1 14 0.00825664

2 14 0.0164807

3 14 0.0246397

4 14 0.0327015

5 14 0.0406342

6 14 0.0484065

7 14 0.0559878

8 14 0.0633482

9 14 0.0704585

10 14 0.0772908

11 14 0.0838181

12 14 0.0900145

13 14 0.0958557

14 14 0.101319

15 14 0.106382

16 14 0.111025

17 14 0.11523

18 14 0.11898

19 14 0.122261

20 14 0.125059

21 14 0.127364

22 14 0.129166

23 14 0.130458

24 14 0.131236

25 14 0.131495

26 14 0.131236

27 14 0.130458

28 14 0.129166

29 14 0.127364

30 14 0.125059

31 14 0.122261

32 14 0.11898

33 14 0.11523

34 14 0.111025

35 14 0.106382

36 14 0.101319

37 14 0.0958557

38 14 0.0900145

39 14 0.0838181

40 14 0.0772908

41 14 0.0704585

42 14 0.0633482

43 14 0.0559878

44 14 0.0484065

45 14 0.0406342

46 14 0.0327015

47 14 0.0246397

48 14 0.0164807

49 14 0.00825664

50 14 0

0 15 0

1 15 0.00866924

2 15 0.0173043

3 15 0.025871

4 15 0.0343356

5 15 0.0426647

6 15 0.0508255

7 15 0.0587856

8 15 0.0665138

9 15 0.0739795

10 15 0.0811532

11 15 0.0880066

12 15 0.0945127

13 15 0.100646

14 15 0.106382

15 15 0.111698

16 15 0.116573

17 15 0.120988

18 15 0.124926

19 15 0.128371

20 15 0.131309

21 15 0.133728

22 15 0.13562

23 15 0.136977

24 15 0.137794

25 15 0.138066

26 15 0.137794

27 15 0.136977

28 15 0.13562

29 15 0.133728

30 15 0.131309

31 15 0.128371

32 15 0.124926

33 15 0.120988

34 15 0.116573

35 15 0.111698

36 15 0.106382

37 15 0.100646

38 15 0.0945127

39 15 0.0880066

40 15 0.0811532

41 15 0.0739795

42 15 0.0665138

43 15 0.0587856

44 15 0.0508255

45 15 0.0426647

46 15 0.0343356

47 15 0.025871

48 15 0.0173043

49 15 0.00866924

50 15 0

0 16 0

1 16 0.00904762

2 16 0.0180595

3 16 0.0270002

4 16 0.0358343

5 16 0.0445269

6 16 0.0530439

7 16 0.0613514

8 16 0.0694169

9 16 0.0772084

10 16 0.0846952

11 16 0.0918478

12 16 0.0986379

13 16 0.105039

14 16 0.111025

15 16 0.116573

16 16 0.121661

17 16 0.126269

18 16 0.130378

19 16 0.133973

20 16 0.13704

21 16 0.139565

22 16 0.14154

23 16 0.142956

24 16 0.143808

25 16 0.144092

26 16 0.143808

27 16 0.142956

28 16 0.14154

29 16 0.139565

30 16 0.13704

31 16 0.133973

32 16 0.130378

33 16 0.126269

34 16 0.121661

35 16 0.116573

36 16 0.111025

37 16 0.105039

38 16 0.0986379

39 16 0.0918478

40 16 0.0846952

41 16 0.0772084

42 16 0.0694169

43 16 0.0613514

44 16 0.0530439

45 16 0.0445269

46 16 0.0358343

47 16 0.0270002

48 16 0.0180595

49 16 0.00904762

50 16 0

0 17 0

1 17 0.0093903

2 17 0.0187435

3 17 0.0280228

4 17 0.0371915

5 17 0.0462134

6 17 0.0550529

7 17 0.0636751

8 17 0.0720461

9 17 0.0801327

10 17 0.087903

11 17 0.0953265

12 17 0.102374

13 17 0.109017

14 17 0.11523

15 17 0.120988

16 17 0.126269

17 17 0.131051

18 17 0.135317

19 17 0.139048

20 17 0.14223

21 17 0.144851

22 17 0.146901

23 17 0.14837

24 17 0.149254

25 17 0.14955

26 17 0.149254

27 17 0.14837

28 17 0.146901

29 17 0.144851

30 17 0.14223

31 17 0.139048

32 17 0.135317

33 17 0.131051

34 17 0.126269

35 17 0.120988

36 17 0.11523

37 17 0.109017

38 17 0.102374

39 17 0.0953265

40 17 0.087903

41 17 0.0801327

42 17 0.0720461

43 17 0.0636751

44 17 0.0550529

45 17 0.0462134

46 17 0.0371915

47 17 0.0280228

48 17 0.0187435

49 17 0.0093903

50 17 0

0 18 0

1 18 0.00969591

2 18 0.0193536

3 18 0.0289348

4 18 0.0384019

5 18 0.0477174

6 18 0.0568446

7 18 0.0657475

8 18 0.0743909

9 18 0.0827407

10 18 0.0907639

11 18 0.098429

12 18 0.105706

13 18 0.112565

14 18 0.11898

15 18 0.124926

16 18 0.130378

17 18 0.135317

18 18 0.139721

19 18 0.143573

20 18 0.146859

21 18 0.149566

22 18 0.151682

23 18 0.153199

24 18 0.154112

25 18 0.154417

26 18 0.154112

27 18 0.153199

28 18 0.151682

29 18 0.149566

30 18 0.146859

31 18 0.143573

32 18 0.139721

33 18 0.135317

34 18 0.130378

35 18 0.124926

36 18 0.11898

37 18 0.112565

38 18 0.105706

39 18 0.098429

40 18 0.0907639

41 18 0.0827407

42 18 0.0743909

43 18 0.0657475

44 18 0.0568446

45 18 0.0477174

46 18 0.0384019

47 18 0.0289348

48 18 0.0193536

49 18 0.00969591

50 18 0

0 19 0

1 19 0.00996327

2 19 0.0198872

3 19 0.0297327

4 19 0.0394608

5 19 0.0490332

6 19 0.0584121

7 19 0.0675604

8 19 0.0764421

9 19 0.0850222

10 19 0.0932666

11 19 0.101143

12 19 0.10862

13 19 0.115669

14 19 0.122261

15 19 0.128371

16 19 0.133973

17 19 0.139048

18 19 0.143573

19 19 0.147532

20 19 0.150909

21 19 0.15369

22 19 0.155864

23 19 0.157423

24 19 0.158362

25 19 0.158675

26 19 0.158362

27 19 0.157423

28 19 0.155864

29 19 0.15369

30 19 0.150909

31 19 0.147532

32 19 0.143573

33 19 0.139048

34 19 0.133973

35 19 0.128371

36 19 0.122261

37 19 0.115669

38 19 0.10862

39 19 0.101143

40 19 0.0932666

41 19 0.0850222

42 19 0.0764421

43 19 0.0675604

44 19 0.0584121

45 19 0.0490332

46 19 0.0394608

47 19 0.0297327

48 19 0.0198872

49 19 0.00996327

50 19 0

0 20 0

1 20 0.0101913

2 20 0.0203424

3 20 0.0304132

4 20 0.0403639

5 20 0.0501554

6 20 0.0597489

7 20 0.0691067

8 20 0.0781917

9 20 0.0869681

10 20 0.0954013

11 20 0.103458

12 20 0.111106

13 20 0.118316

14 20 0.125059

15 20 0.131309

16 20 0.13704

17 20 0.14223

18 20 0.146859

19 20 0.150909

20 20 0.154362

21 20 0.157207

22 20 0.159431

23 20 0.161026

24 20 0.161986

25 20 0.162306

26 20 0.161986

27 20 0.161026

28 20 0.159431

29 20 0.157207

30 20 0.154362

31 20 0.150909

32 20 0.146859

33 20 0.14223

34 20 0.13704

35 20 0.131309

36 20 0.125059

37 20 0.118316

38 20 0.111106

39 20 0.103458

40 20 0.0954013

41 20 0.0869681

42 20 0.0781917

43 20 0.0691067

44 20 0.0597489

45 20 0.0501554

46 20 0.0403639

47 20 0.0304132

48 20 0.0203424

49 20 0.0101913

50 20 0

0 21 0

1 21 0.0103791

2 21 0.0207173

3 21 0.0309736

4 21 0.0411078

5 21 0.0510797

6 21 0.06085

7 21 0.0703802

8 21 0.0796326

9 21 0.0885708

10 21 0.0971594

11 21 0.105365

12 21 0.113154

13 21 0.120497

14 21 0.127364

15 21 0.133728

16 21 0.139565

17 21 0.144851

18 21 0.149566

19 21 0.15369

20 21 0.157207

21 21 0.160104

22 21 0.16237

23 21 0.163994

24 21 0.164971

25 21 0.165297

26 21 0.164971

27 21 0.163994

28 21 0.16237

29 21 0.160104

30 21 0.157207

31 21 0.15369

32 21 0.149566

33 21 0.144851

34 21 0.139565

35 21 0.133728

36 21 0.127364

37 21 0.120497

38 21 0.113154

39 21 0.105365

40 21 0.0971594

41 21 0.0885708

42 21 0.0796326

43 21 0.0703802

44 21 0.06085

45 21 0.0510797

46 21 0.0411078

47 21 0.0309736

48 21 0.0207173

49 21 0.0103791

50 21 0

0 22 0

1 22 0.010526

2 22 0.0210104

3 22 0.0314119

4 22 0.0416894

5 22 0.0518024

6 22 0.061711

7 22 0.071376

8 22 0.0807593

9 22 0.0898239

10 22 0.098534

11 22 0.106855

12 22 0.114755

13 22 0.122201

14 22 0.129166

15 22 0.13562

16 22 0.14154

17 22 0.146901

18 22 0.151682

19 22 0.155864

20 22 0.159431

21 22 0.16237

22 22 0.164667

23 22 0.166314

24 22 0.167305

25 22 0.167636

26 22 0.167305

27 22 0.166314

28 22 0.164667

29 22 0.16237

30 22 0.159431

31 22 0.155864

32 22 0.151682

33 22 0.146901

34 22 0.14154

35 22 0.13562

36 22 0.129166

37 22 0.122201

38 22 0.114755

39 22 0.106855

40 22 0.098534

41 22 0.0898239

42 22 0.0807593

43 22 0.071376

44 22 0.061711

45 22 0.0518024

46 22 0.0416894

47 22 0.0314119

48 22 0.0210104

49 22 0.010526

50 22 0

0 23 0

1 23 0.0106313

2 23 0.0212206

3 23 0.0317261

4 23 0.0421065

5 23 0.0523207

6 23 0.0623284

7 23 0.0720901

8 23 0.0815673

9 23 0.0907226

10 23 0.0995198

11 23 0.107924

12 23 0.115903

13 23 0.123424

14 23 0.130458

15 23 0.136977

16 23 0.142956

17 23 0.14837

18 23 0.153199

19 23 0.157423

20 23 0.161026

21 23 0.163994

22 23 0.166314

23 23 0.167978

24 23 0.168979

25 23 0.169313

26 23 0.168979

27 23 0.167978

28 23 0.166314

29 23 0.163994

30 23 0.161026

31 23 0.157423

32 23 0.153199

33 23 0.14837

34 23 0.142956

35 23 0.136977

36 23 0.130458

37 23 0.123424

38 23 0.115903

39 23 0.107924

40 23 0.0995198

41 23 0.0907226

42 23 0.0815673

43 23 0.0720901

44 23 0.0623284

45 23 0.0523207

46 23 0.0421065

47 23 0.0317261

48 23 0.0212206

49 23 0.0106313

50 23 0

0 24 0

1 24 0.0106946

2 24 0.021347

3 24 0.0319152

4 24 0.0423574

5 24 0.0526325

6 24 0.0626998

7 24 0.0725197

8 24 0.0820534

9 24 0.0912632

10 24 0.100113

11 24 0.108567

12 24 0.116594

13 24 0.12416

14 24 0.131236

15 24 0.137794

16 24 0.143808

17 24 0.149254

18 24 0.154112

19 24 0.158362

20 24 0.161986

21 24 0.164971

22 24 0.167305

23 24 0.168979

24 24 0.169986

25 24 0.170322

26 24 0.169986

27 24 0.168979

28 24 0.167305

29 24 0.164971

30 24 0.161986

31 24 0.158362

32 24 0.154112

33 24 0.149254

34 24 0.143808

35 24 0.137794

36 24 0.131236

37 24 0.12416

38 24 0.116594

39 24 0.108567

40 24 0.100113

41 24 0.0912632

42 24 0.0820534

43 24 0.0725197

44 24 0.0626998

45 24 0.0526325

46 24 0.0423574

47 24 0.0319152

48 24 0.021347

49 24 0.0106946

50 24 0

0 25 0

1 25 0.0107158

2 25 0.0213892

3 25 0.0319783

4 25 0.0424412

5 25 0.0527365

6 25 0.0628238

7 25 0.0726631

8 25 0.0822156

9 25 0.0914436

10 25 0.100311

11 25 0.108782

12 25 0.116824

13 25 0.124405

14 25 0.131495

15 25 0.138066

16 25 0.144092

17 25 0.14955

18 25 0.154417

19 25 0.158675

20 25 0.162306

21 25 0.165297

22 25 0.167636

23 25 0.169313

24 25 0.170322

25 25 0.170659

26 25 0.170322

27 25 0.169313

28 25 0.167636

29 25 0.165297

30 25 0.162306

31 25 0.158675

32 25 0.154417

33 25 0.14955

34 25 0.144092

35 25 0.138066

36 25 0.131495

37 25 0.124405

38 25 0.116824

39 25 0.108782

40 25 0.100311

41 25 0.0914436

42 25 0.0822156

43 25 0.0726631

44 25 0.0628238

45 25 0.0527365

46 25 0.0424412

47 25 0.0319783

48 25 0.0213892

49 25 0.0107158

50 25 0

0 26 0

1 26 0.0106946

2 26 0.021347

3 26 0.0319152

4 26 0.0423574

5 26 0.0526325

6 26 0.0626998

7 26 0.0725197

8 26 0.0820534

9 26 0.0912632

10 26 0.100113

11 26 0.108567

12 26 0.116594

13 26 0.12416

14 26 0.131236

15 26 0.137794

16 26 0.143808

17 26 0.149254

18 26 0.154112

19 26 0.158362

20 26 0.161986

21 26 0.164971

22 26 0.167305

23 26 0.168979

24 26 0.169986

25 26 0.170322

26 26 0.169986

27 26 0.168979

28 26 0.167305

29 26 0.164971

30 26 0.161986

31 26 0.158362

32 26 0.154112

33 26 0.149254

34 26 0.143808

35 26 0.137794

36 26 0.131236

37 26 0.12416

38 26 0.116594

39 26 0.108567

40 26 0.100113

41 26 0.0912632

42 26 0.0820534

43 26 0.0725197

44 26 0.0626998

45 26 0.0526325

46 26 0.0423574

47 26 0.0319152

48 26 0.021347

49 26 0.0106946

50 26 0

0 27 0

1 27 0.0106313

2 27 0.0212206

3 27 0.0317261

4 27 0.0421065

5 27 0.0523207

6 27 0.0623284

7 27 0.0720901

8 27 0.0815673

9 27 0.0907226

10 27 0.0995198

11 27 0.107924

12 27 0.115903

13 27 0.123424

14 27 0.130458

15 27 0.136977

16 27 0.142956

17 27 0.14837

18 27 0.153199

19 27 0.157423

20 27 0.161026

21 27 0.163994

22 27 0.166314

23 27 0.167978

24 27 0.168979

25 27 0.169313

26 27 0.168979

27 27 0.167978

28 27 0.166314

29 27 0.163994

30 27 0.161026

31 27 0.157423

32 27 0.153199

33 27 0.14837

34 27 0.142956

35 27 0.136977

36 27 0.130458

37 27 0.123424

38 27 0.115903

39 27 0.107924

40 27 0.0995198

41 27 0.0907226

42 27 0.0815673

43 27 0.0720901

44 27 0.0623284

45 27 0.0523207

46 27 0.0421065

47 27 0.0317261

48 27 0.0212206

49 27 0.0106313

50 27 0

0 28 0

1 28 0.010526

2 28 0.0210104

3 28 0.0314119

4 28 0.0416894

5 28 0.0518024

6 28 0.061711

7 28 0.071376

8 28 0.0807593

9 28 0.0898239

10 28 0.098534

11 28 0.106855

12 28 0.114755

13 28 0.122201

14 28 0.129166

15 28 0.13562

16 28 0.14154

17 28 0.146901

18 28 0.151682

19 28 0.155864

20 28 0.159431

21 28 0.16237

22 28 0.164667

23 28 0.166314

24 28 0.167305

25 28 0.167636

26 28 0.167305

27 28 0.166314

28 28 0.164667

29 28 0.16237

30 28 0.159431

31 28 0.155864

32 28 0.151682

33 28 0.146901

34 28 0.14154

35 28 0.13562

36 28 0.129166

37 28 0.122201

38 28 0.114755

39 28 0.106855

40 28 0.098534

41 28 0.0898239

42 28 0.0807593

43 28 0.071376

44 28 0.061711

45 28 0.0518024

46 28 0.0416894

47 28 0.0314119

48 28 0.0210104

49 28 0.010526

50 28 0

0 29 0

1 29 0.0103791

2 29 0.0207173

3 29 0.0309736

4 29 0.0411078

5 29 0.0510797

6 29 0.06085

7 29 0.0703802

8 29 0.0796326

9 29 0.0885708

10 29 0.0971594

11 29 0.105365

12 29 0.113154

13 29 0.120497

14 29 0.127364

15 29 0.133728

16 29 0.139565

17 29 0.144851

18 29 0.149566

19 29 0.15369

20 29 0.157207

21 29 0.160104

22 29 0.16237

23 29 0.163994

24 29 0.164971

25 29 0.165297

26 29 0.164971

27 29 0.163994

28 29 0.16237

29 29 0.160104

30 29 0.157207

31 29 0.15369

32 29 0.149566

33 29 0.144851

34 29 0.139565

35 29 0.133728

36 29 0.127364

37 29 0.120497

38 29 0.113154

39 29 0.105365

40 29 0.0971594

41 29 0.0885708

42 29 0.0796326

43 29 0.0703802

44 29 0.06085

45 29 0.0510797

46 29 0.0411078

47 29 0.0309736

48 29 0.0207173

49 29 0.0103791

50 29 0

0 30 0

1 30 0.0101913

2 30 0.0203424

3 30 0.0304132

4 30 0.0403639

5 30 0.0501554

6 30 0.0597489

7 30 0.0691067

8 30 0.0781917

9 30 0.0869681

10 30 0.0954013

11 30 0.103458

12 30 0.111106

13 30 0.118316

14 30 0.125059

15 30 0.131309

16 30 0.13704

17 30 0.14223

18 30 0.146859

19 30 0.150909

20 30 0.154362

21 30 0.157207

22 30 0.159431

23 30 0.161026

24 30 0.161986

25 30 0.162306

26 30 0.161986

27 30 0.161026

28 30 0.159431

29 30 0.157207

30 30 0.154362

31 30 0.150909

32 30 0.146859

33 30 0.14223

34 30 0.13704

35 30 0.131309

36 30 0.125059

37 30 0.118316

38 30 0.111106

39 30 0.103458

40 30 0.0954013

41 30 0.0869681

42 30 0.0781917

43 30 0.0691067

44 30 0.0597489

45 30 0.0501554

46 30 0.0403639

47 30 0.0304132

48 30 0.0203424

49 30 0.0101913

50 30 0

0 31 0

1 31 0.00996327

2 31 0.0198872

3 31 0.0297327

4 31 0.0394608

5 31 0.0490332

6 31 0.0584121

7 31 0.0675604

8 31 0.0764421

9 31 0.0850222

10 31 0.0932666

11 31 0.101143

12 31 0.10862

13 31 0.115669

14 31 0.122261

15 31 0.128371

16 31 0.133973

17 31 0.139048

18 31 0.143573

19 31 0.147532

20 31 0.150909

21 31 0.15369

22 31 0.155864

23 31 0.157423

24 31 0.158362

25 31 0.158675

26 31 0.158362

27 31 0.157423

28 31 0.155864

29 31 0.15369

30 31 0.150909

31 31 0.147532

32 31 0.143573

33 31 0.139048

34 31 0.133973

35 31 0.128371

36 31 0.122261

37 31 0.115669

38 31 0.10862

39 31 0.101143

40 31 0.0932666

41 31 0.0850222

42 31 0.0764421

43 31 0.0675604

44 31 0.0584121

45 31 0.0490332

46 31 0.0394608

47 31 0.0297327

48 31 0.0198872

49 31 0.00996327

50 31 0

0 32 0

1 32 0.00969591

2 32 0.0193536

3 32 0.0289348

4 32 0.0384019

5 32 0.0477174

6 32 0.0568446

7 32 0.0657475

8 32 0.0743909

9 32 0.0827407

10 32 0.0907639

11 32 0.098429

12 32 0.105706

13 32 0.112565

14 32 0.11898

15 32 0.124926

16 32 0.130378

17 32 0.135317

18 32 0.139721

19 32 0.143573

20 32 0.146859

21 32 0.149566

22 32 0.151682

23 32 0.153199

24 32 0.154112

25 32 0.154417

26 32 0.154112

27 32 0.153199

28 32 0.151682

29 32 0.149566

30 32 0.146859

31 32 0.143573

32 32 0.139721

33 32 0.135317

34 32 0.130378

35 32 0.124926

36 32 0.11898

37 32 0.112565

38 32 0.105706

39 32 0.098429

40 32 0.0907639

41 32 0.0827407

42 32 0.0743909

43 32 0.0657475

44 32 0.0568446

45 32 0.0477174

46 32 0.0384019

47 32 0.0289348

48 32 0.0193536

49 32 0.00969591

50 32 0

0 33 0

1 33 0.0093903

2 33 0.0187435

3 33 0.0280228

4 33 0.0371915

5 33 0.0462134

6 33 0.0550529

7 33 0.0636751

8 33 0.0720461

9 33 0.0801327

10 33 0.087903

11 33 0.0953265

12 33 0.102374

13 33 0.109017

14 33 0.11523

15 33 0.120988

16 33 0.126269

17 33 0.131051

18 33 0.135317

19 33 0.139048

20 33 0.14223

21 33 0.144851

22 33 0.146901

23 33 0.14837

24 33 0.149254

25 33 0.14955

26 33 0.149254

27 33 0.14837

28 33 0.146901

29 33 0.144851

30 33 0.14223

31 33 0.139048

32 33 0.135317

33 33 0.131051

34 33 0.126269

35 33 0.120988

36 33 0.11523

37 33 0.109017

38 33 0.102374

39 33 0.0953265

40 33 0.087903

41 33 0.0801327

42 33 0.0720461

43 33 0.0636751

44 33 0.0550529

45 33 0.0462134

46 33 0.0371915

47 33 0.0280228

48 33 0.0187435

49 33 0.0093903

50 33 0

0 34 0

1 34 0.00904762

2 34 0.0180595

3 34 0.0270002

4 34 0.0358343

5 34 0.0445269

6 34 0.0530439

7 34 0.0613514

8 34 0.0694169

9 34 0.0772084

10 34 0.0846952

11 34 0.0918478

12 34 0.0986379

13 34 0.105039

14 34 0.111025

15 34 0.116573

16 34 0.121661

17 34 0.126269

18 34 0.130378

19 34 0.133973

20 34 0.13704

21 34 0.139565

22 34 0.14154

23 34 0.142956

24 34 0.143808

25 34 0.144092

26 34 0.143808

27 34 0.142956

28 34 0.14154

29 34 0.139565

30 34 0.13704

31 34 0.133973

32 34 0.130378

33 34 0.126269

34 34 0.121661

35 34 0.116573

36 34 0.111025

37 34 0.105039

38 34 0.0986379

39 34 0.0918478

40 34 0.0846952

41 34 0.0772084

42 34 0.0694169

43 34 0.0613514

44 34 0.0530439

45 34 0.0445269

46 34 0.0358343

47 34 0.0270002

48 34 0.0180595

49 34 0.00904762

50 34 0

0 35 0

1 35 0.00866924

2 35 0.0173043

3 35 0.025871

4 35 0.0343356

5 35 0.0426647

6 35 0.0508255

7 35 0.0587856

8 35 0.0665138

9 35 0.0739795

10 35 0.0811532

11 35 0.0880066

12 35 0.0945127

13 35 0.100646

14 35 0.106382

15 35 0.111698

16 35 0.116573

17 35 0.120988

18 35 0.124926

19 35 0.128371

20 35 0.131309

21 35 0.133728

22 35 0.13562

23 35 0.136977

24 35 0.137794

25 35 0.138066

26 35 0.137794

27 35 0.136977

28 35 0.13562

29 35 0.133728

30 35 0.131309

31 35 0.128371

32 35 0.124926

33 35 0.120988

34 35 0.116573

35 35 0.111698

36 35 0.106382

37 35 0.100646

38 35 0.0945127

39 35 0.0880066

40 35 0.0811532

41 35 0.0739795

42 35 0.0665138

43 35 0.0587856

44 35 0.0508255

45 35 0.0426647

46 35 0.0343356

47 35 0.025871

48 35 0.0173043

49 35 0.00866924

50 35 0

0 36 0

1 36 0.00825664

2 36 0.0164807

3 36 0.0246397

4 36 0.0327015

5 36 0.0406342

6 36 0.0484065

7 36 0.0559878

8 36 0.0633482

9 36 0.0704585

10 36 0.0772908

11 36 0.0838181

12 36 0.0900145

13 36 0.0958557

14 36 0.101319

15 36 0.106382

16 36 0.111025

17 36 0.11523

18 36 0.11898

19 36 0.122261

20 36 0.125059

21 36 0.127364

22 36 0.129166

23 36 0.130458

24 36 0.131236

25 36 0.131495

26 36 0.131236

27 36 0.130458

28 36 0.129166

29 36 0.127364

30 36 0.125059

31 36 0.122261

32 36 0.11898

33 36 0.11523

34 36 0.111025

35 36 0.106382

36 36 0.101319

37 36 0.0958557

38 36 0.0900145

39 36 0.0838181

40 36 0.0772908

41 36 0.0704585

42 36 0.0633482

43 36 0.0559878

44 36 0.0484065

45 36 0.0406342

46 36 0.0327015

47 36 0.0246397

48 36 0.0164807

49 36 0.00825664

50 36 0

0 37 0

1 37 0.00781146

2 37 0.0155921

3 37 0.0233112

4 37 0.0309383

5 37 0.0384433

6 37 0.0457965

7 37 0.0529691

8 37 0.0599326

9 37 0.0666596

10 37 0.0731234

11 37 0.0792988

12 37 0.0851611

13 37 0.0906874

14 37 0.0958557

15 37 0.100646

16 37 0.105039

17 37 0.109017

18 37 0.112565

19 37 0.115669

20 37 0.118316

21 37 0.120497

22 37 0.122201

23 37 0.123424

24 37 0.12416

25 37 0.124405

26 37 0.12416

27 37 0.123424

28 37 0.122201

29 37 0.120497

30 37 0.118316

31 37 0.115669

32 37 0.112565

33 37 0.109017

34 37 0.105039

35 37 0.100646

36 37 0.0958557

37 37 0.0906874

38 37 0.0851611

39 37 0.0792988

40 37 0.0731234

41 37 0.0666596

42 37 0.0599326

43 37 0.0529691

44 37 0.0457965

45 37 0.0384433

46 37 0.0309383

47 37 0.0233112

48 37 0.0155921

49 37 0.00781146

50 37 0

0 38 0

1 38 0.00733545

2 38 0.0146419

3 38 0.0218907

4 38 0.029053

5 38 0.0361006

6 38 0.0430058

7 38 0.0497413

8 38 0.0562804

9 38 0.0625975

10 38 0.0686675

11 38 0.0744665

12 38 0.0799716

13 38 0.0851611

14 38 0.0900145

15 38 0.0945127

16 38 0.0986379

17 38 0.102374

18 38 0.105706

19 38 0.10862

20 38 0.111106

21 38 0.113154

22 38 0.114755

23 38 0.115903

24 38 0.116594

25 38 0.116824

26 38 0.116594

27 38 0.115903

28 38 0.114755

29 38 0.113154

30 38 0.111106

31 38 0.10862

32 38 0.105706

33 38 0.102374

34 38 0.0986379

35 38 0.0945127

36 38 0.0900145

37 38 0.0851611

38 38 0.0799716

39 38 0.0744665

40 38 0.0686675

41 38 0.0625975

42 38 0.0562804

43 38 0.0497413

44 38 0.0430058

45 38 0.0361006

46 38 0.029053

47 38 0.0218907

48 38 0.0146419

49 38 0.00733545

50 38 0

0 39 0

1 39 0.00683049

2 39 0.013634

3 39 0.0203837

4 39 0.027053

5 39 0.0336155

6 39 0.0400454

7 39 0.0463172

8 39 0.0524062

9 39 0.0582884

10 39 0.0639405

11 39 0.0693403

12 39 0.0744665

13 39 0.0792988

14 39 0.0838181

15 39 0.0880066

16 39 0.0918478

17 39 0.0953265

18 39 0.098429

19 39 0.101143

20 39 0.103458

21 39 0.105365

22 39 0.106855

23 39 0.107924

24 39 0.108567

25 39 0.108782

26 39 0.108567

27 39 0.107924

28 39 0.106855

29 39 0.105365

30 39 0.103458

31 39 0.101143

32 39 0.098429

33 39 0.0953265

34 39 0.0918478

35 39 0.0880066

36 39 0.0838181

37 39 0.0792988

38 39 0.0744665

39 39 0.0693403

40 39 0.0639405

41 39 0.0582884

42 39 0.0524062

43 39 0.0463172

44 39 0.0400454

45 39 0.0336155

46 39 0.027053

47 39 0.0203837

48 39 0.013634

49 39 0.00683049

50 39 0

0 40 0

1 40 0.00629857

2 40 0.0125723

3 40 0.0187964

4 40 0.0249463

5 40 0.0309977

6 40 0.0369269

7 40 0.0427103

8 40 0.0483251

9 40 0.0537492

10 40 0.0589612

11 40 0.0639405

12 40 0.0686675

13 40 0.0731234

14 40 0.0772908

15 40 0.0811532

16 40 0.0846952

17 40 0.087903

18 40 0.0907639

19 40 0.0932666

20 40 0.0954013

21 40 0.0971594

22 40 0.098534

23 40 0.0995198

24 40 0.100113

25 40 0.100311

26 40 0.100113

27 40 0.0995198

28 40 0.098534

29 40 0.0971594

30 40 0.0954013

31 40 0.0932666

32 40 0.0907639

33 40 0.087903

34 40 0.0846952

35 40 0.0811532

36 40 0.0772908

37 40 0.0731234

38 40 0.0686675

39 40 0.0639405

40 40 0.0589612

41 40 0.0537492

42 40 0.0483251

43 40 0.0427103

44 40 0.0369269

45 40 0.0309977

46 40 0.0249463

47 40 0.0187964

48 40 0.0125723

49 40 0.00629857

50 40 0

0 41 0

1 41 0.00574179

2 41 0.0114609

3 41 0.0171348

4 41 0.0227411

5 41 0.0282576

6 41 0.0336627

7 41 0.0389348

8 41 0.0440533

9 41 0.048998

10 41 0.0537492

11 41 0.0582884

12 41 0.0625975

13 41 0.0666596

14 41 0.0704585

15 41 0.0739795

16 41 0.0772084

17 41 0.0801327

18 41 0.0827407

19 41 0.0850222

20 41 0.0869681

21 41 0.0885708

22 41 0.0898239

23 41 0.0907226

24 41 0.0912632

25 41 0.0914436

26 41 0.0912632

27 41 0.0907226

28 41 0.0898239

29 41 0.0885708

30 41 0.0869681

31 41 0.0850222

32 41 0.0827407

33 41 0.0801327

34 41 0.0772084

35 41 0.0739795

36 41 0.0704585

37 41 0.0666596

38 41 0.0625975

39 41 0.0582884

40 41 0.0537492

41 41 0.048998

42 41 0.0440533

43 41 0.0389348

44 41 0.0336627

45 41 0.0282576

46 41 0.0227411

47 41 0.0171348

48 41 0.0114609

49 41 0.00574179

50 41 0

0 42 0

1 42 0.00516236

2 42 0.0103043

3 42 0.0154057

4 42 0.0204462

5 42 0.025406

6 42 0.0302656

7 42 0.0350057

8 42 0.0396077

9 42 0.0440533

10 42 0.0483251

11 42 0.0524062

12 42 0.0562804

13 42 0.0599326

14 42 0.0633482

15 42 0.0665138

16 42 0.0694169

17 42 0.0720461

18 42 0.0743909

19 42 0.0764421

20 42 0.0781917

21 42 0.0796326

22 42 0.0807593

23 42 0.0815673

24 42 0.0820534

25 42 0.0822156

26 42 0.0820534

27 42 0.0815673

28 42 0.0807593

29 42 0.0796326

30 42 0.0781917

31 42 0.0764421

32 42 0.0743909

33 42 0.0720461

34 42 0.0694169

35 42 0.0665138

36 42 0.0633482

37 42 0.0599326

38 42 0.0562804

39 42 0.0524062

40 42 0.0483251

41 42 0.0440533

42 42 0.0396077

43 42 0.0350057

44 42 0.0302656

45 42 0.025406

46 42 0.0204462

47 42 0.0154057

48 42 0.0103043

49 42 0.00516236

50 42 0

0 43 0

1 43 0.00456255

2 43 0.0091071

3 43 0.0136157

4 43 0.0180706

5 43 0.0224541

6 43 0.0267491

7 43 0.0309384

8 43 0.0350057

9 43 0.0389348

10 43 0.0427103

11 43 0.0463172

12 43 0.0497413

13 43 0.0529691

14 43 0.0559878

15 43 0.0587856

16 43 0.0613514

17 43 0.0636751

18 43 0.0657475

19 43 0.0675604

20 43 0.0691067

21 43 0.0703802

22 43 0.071376

23 43 0.0720901

24 43 0.0725197

25 43 0.0726631

26 43 0.0725197

27 43 0.0720901

28 43 0.071376

29 43 0.0703802

30 43 0.0691067

31 43 0.0675604

32 43 0.0657475

33 43 0.0636751

34 43 0.0613514

35 43 0.0587856

36 43 0.0559878

37 43 0.0529691

38 43 0.0497413

39 43 0.0463172

40 43 0.0427103

41 43 0.0389348

42 43 0.0350057

43 43 0.0309384

44 43 0.0267491

45 43 0.0224541

46 43 0.0180706

47 43 0.0136157

48 43 0.0091071

49 43 0.00456255

50 43 0

0 44 0

1 44 0.00394474

2 44 0.0078739

3 44 0.011772

4 44 0.0156236

5 44 0.0194136

6 44 0.023127

7 44 0.0267491

8 44 0.0302656

9 44 0.0336627

10 44 0.0369269

11 44 0.0400454

12 44 0.0430058

13 44 0.0457965

14 44 0.0484065

15 44 0.0508255

16 44 0.0530439

17 44 0.0550529

18 44 0.0568446

19 44 0.0584121

20 44 0.0597489

21 44 0.06085

22 44 0.061711

23 44 0.0623284

24 44 0.0626998

25 44 0.0628238

26 44 0.0626998

27 44 0.0623284

28 44 0.061711

29 44 0.06085

30 44 0.0597489

31 44 0.0584121

32 44 0.0568446

33 44 0.0550529

34 44 0.0530439

35 44 0.0508255

36 44 0.0484065

37 44 0.0457965

38 44 0.0430058

39 44 0.0400454

40 44 0.0369269

41 44 0.0336627

42 44 0.0302656

43 44 0.0267491

44 44 0.023127

45 44 0.0194136

46 44 0.0156236

47 44 0.011772

48 44 0.0078739

49 44 0.00394474

50 44 0

0 45 0

1 45 0.00331135

2 45 0.00660964

3 45 0.00988184

4 45 0.013115

5 45 0.0162965

6 45 0.0194136

7 45 0.0224541

8 45 0.025406

9 45 0.0282576

10 45 0.0309977

11 45 0.0336155

12 45 0.0361006

13 45 0.0384433

14 45 0.0406342

15 45 0.0426647

16 45 0.0445269

17 45 0.0462134

18 45 0.0477174

19 45 0.0490332

20 45 0.0501554

21 45 0.0510797

22 45 0.0518024

23 45 0.0523207

24 45 0.0526325

25 45 0.0527365

26 45 0.0526325

27 45 0.0523207

28 45 0.0518024

29 45 0.0510797

30 45 0.0501554

31 45 0.0490332

32 45 0.0477174

33 45 0.0462134

34 45 0.0445269

35 45 0.0426647

36 45 0.0406342

37 45 0.0384433

38 45 0.0361006

39 45 0.0336155

40 45 0.0309977

41 45 0.0282576

42 45 0.025406

43 45 0.0224541

44 45 0.0194136

45 45 0.0162965

46 45 0.013115

47 45 0.00988184

48 45 0.00660964

49 45 0.00331135

50 45 0

0 46 0

1 46 0.0026649

2 46 0.00531929

3 46 0.00795268

4 46 0.0105547

5 46 0.013115

6 46 0.0156236

7 46 0.0180706

8 46 0.0204462

9 46 0.0227411

10 46 0.0249463

11 46 0.027053

12 46 0.029053

13 46 0.0309383

14 46 0.0327015

15 46 0.0343356

16 46 0.0358343

17 46 0.0371915

18 46 0.0384019

19 46 0.0394608

20 46 0.0403639

21 46 0.0411078

22 46 0.0416894

23 46 0.0421065

24 46 0.0423574

25 46 0.0424412

26 46 0.0423574

27 46 0.0421065

28 46 0.0416894

29 46 0.0411078

30 46 0.0403639

31 46 0.0394608

32 46 0.0384019

33 46 0.0371915

34 46 0.0358343

35 46 0.0343356

36 46 0.0327015

37 46 0.0309383

38 46 0.029053

39 46 0.027053

40 46 0.0249463

41 46 0.0227411

42 46 0.0204462

43 46 0.0180706

44 46 0.0156236

45 46 0.013115

46 46 0.0105547

47 46 0.00795268

48 46 0.00531929

49 46 0.0026649

50 46 0

0 47 0

1 47 0.00200793

2 47 0.00400794

3 47 0.00599214

4 47 0.00795268

5 47 0.00988184

6 47 0.011772

7 47 0.0136157

8 47 0.0154057

9 47 0.0171348

10 47 0.0187964

11 47 0.0203837

12 47 0.0218907

13 47 0.0233112

14 47 0.0246397

15 47 0.025871

16 47 0.0270002

17 47 0.0280228

18 47 0.0289348

19 47 0.0297327

20 47 0.0304132

21 47 0.0309736

22 47 0.0314119

23 47 0.0317261

24 47 0.0319152

25 47 0.0319783

26 47 0.0319152

27 47 0.0317261

28 47 0.0314119

29 47 0.0309736

30 47 0.0304132

31 47 0.0297327

32 47 0.0289348

33 47 0.0280228

34 47 0.0270002

35 47 0.025871

36 47 0.0246397

37 47 0.0233112

38 47 0.0218907

39 47 0.0203837

40 47 0.0187964

41 47 0.0171348

42 47 0.0154057

43 47 0.0136157

44 47 0.011772

45 47 0.00988184

46 47 0.00795268

47 47 0.00599214

48 47 0.00400794

49 47 0.00200793

50 47 0

0 48 0

1 48 0.00134304

2 48 0.00268078

3 48 0.00400794

4 48 0.00531929

5 48 0.00660964

6 48 0.0078739

7 48 0.0091071

8 48 0.0103043

9 48 0.0114609

10 48 0.0125723

11 48 0.013634

12 48 0.0146419

13 48 0.0155921

14 48 0.0164807

15 48 0.0173043

16 48 0.0180595

17 48 0.0187435

18 48 0.0193536

19 48 0.0198872

20 48 0.0203424

21 48 0.0207173

22 48 0.0210104

23 48 0.0212206

24 48 0.021347

25 48 0.0213892

26 48 0.021347

27 48 0.0212206

28 48 0.0210104

29 48 0.0207173

30 48 0.0203424

31 48 0.0198872

32 48 0.0193536

33 48 0.0187435

34 48 0.0180595

35 48 0.0173043

36 48 0.0164807

37 48 0.0155921

38 48 0.0146419

39 48 0.013634

40 48 0.0125723

41 48 0.0114609

42 48 0.0103043

43 48 0.0091071

44 48 0.0078739

45 48 0.00660964

46 48 0.00531929

47 48 0.00400794

48 48 0.00268078

49 48 0.00134304

50 48 0

0 49 0

1 49 0.000672848

2 49 0.00134304

3 49 0.00200793

4 49 0.0026649

5 49 0.00331135

6 49 0.00394474

7 49 0.00456255

8 49 0.00516236

9 49 0.00574179

10 49 0.00629857

11 49 0.00683049

12 49 0.00733545

13 49 0.00781146

14 49 0.00825664

15 49 0.00866924

16 49 0.00904762

17 49 0.0093903

18 49 0.00969591

19 49 0.00996327

20 49 0.0101913

21 49 0.0103791

22 49 0.010526

23 49 0.0106313

24 49 0.0106946

25 49 0.0107158

26 49 0.0106946

27 49 0.0106313

28 49 0.010526

29 49 0.0103791

30 49 0.0101913

31 49 0.00996327

32 49 0.00969591

33 49 0.0093903

34 49 0.00904762

35 49 0.00866924

36 49 0.00825664

37 49 0.00781146

38 49 0.00733545

39 49 0.00683049

40 49 0.00629857

41 49 0.00574179

42 49 0.00516236

43 49 0.00456255

44 49 0.00394474

45 49 0.00331135

46 49 0.0026649

47 49 0.00200793

48 49 0.00134304

49 49 0.000672848

50 49 0

