0 1 0

1 1 0.00216402

2 1 0.00431949

3 1 0.00645792

4 1 0.00857086

5 1 0.01065

6 1 0.0126871

7 1 0.0146741

8 1 0.0166032

9 1 0.0184668

10 1 0.0202575

11 1 0.0219682

12 1 0.0235923

13 1 0.0251232

14 1 0.026555

15 1 0.027882

16 1 0.029099

17 1 0.0302011

18 1 0.031184

19 1 0.0320439

20 1 0.0327773

21 1 0.0333813

22 1 0.0338536

23 1 0.0341923

24 1 0.0343961

25 1 0.0344641

26 1 0.0343961

27 1 0.0341923

28 1 0.0338536

29 1 0.0333813

30 1 0.0327773

31 1 0.0320439

32 1 0.031184

33 1 0.0302011

34 1 0.029099

35 1 0.027882

36 1 0.026555

37 1 0.0251232

38 1 0.0235923

39 1 0.0219682

40 1 0.0202575

41 1 0.0184668

42 1 0.0166032

43 1 0.0146741

44 1 0.0126871

45 1 0.01065

46 1 0.00857086

47 1 0.00645792

48 1 0.00431949

49 1 0.00216402

50 1 0

0 2 0

1 2 0.00431949

2 2 0.00862194

3 2 0.0128904

4 2 0.0171079

5 2 0.0212579

6 2 0.0253241

7 2 0.0292903

8 2 0.0331409

9 2 0.0368607

10 2 0.040435

11 2 0.0438497

12 2 0.0470914

13 2 0.0501473

14 2 0.0530052

15 2 0.055654

16 2 0.0580831

17 2 0.060283

18 2 0.062245

19 2 0.0639613

20 2 0.0654252

21 2 0.0666309

22 2 0.0675736

23 2 0.0682497

24 2 0.0686564

25 2 0.0687921

26 2 0.0686564

27 2 0.0682497

28 2 0.0675736

29 2 0.0666309

30 2 0.0654252

31 2 0.0639613

32 2 0.062245

33 2 0.060283

34 2 0.0580831

35 2 0.055654

36 2 0.0530052

37 2 0.0501473

38 2 0.0470914

39 2 0.0438497

40 2 0.040435

41 2 0.0368607

42 2 0.0331409

43 2 0.0292903

44 2 0.0253241

45 2 0.0212579

46 2 0.0171079

47 2 0.0128904

48 2 0.00862194

49 2 0.00431949

50 2 0

0 3 0

1 3 0.00645792

2 3 0.0128904

3 3 0.0192719

4 3 0.0255774

5 3 0.031782

6 3 0.0378611

7 3 0.0437908

8 3 0.0495477

9 3 0.0551091

10 3 0.0604529

11 3 0.0655582

12 3 0.0704048

13 3 0.0749735

14 3 0.0792463

15 3 0.0832063

16 3 0.086838

17 3 0.090127

18 3 0.0930603

19 3 0.0956263

20 3 0.0978149

21 3 0.0996175

22 3 0.101027

23 3 0.102038

24 3 0.102646

25 3 0.102849

26 3 0.102646

27 3 0.102038

28 3 0.101027

29 3 0.0996175

30 3 0.0978149

31 3 0.0956263

32 3 0.0930603

33 3 0.090127

34 3 0.086838

35 3 0.0832063

36 3 0.0792463

37 3 0.0749735

38 3 0.0704048

39 3 0.0655582

40 3 0.0604529

41 3 0.0551091

42 3 0.0495477

43 3 0.0437908

44 3 0.0378611

45 3 0.031782

46 3 0.0255774

47 3 0.0192719

48 3 0.0128904

49 3 0.00645792

50 3 0

0 4 0

1 4 0.00857086

2 4 0.0171079

3 4 0.0255774

4 4 0.033946

5 4 0.0421806

6 4 0.0502488

7 4 0.0581186

8 4 0.0657591

9 4 0.07314

10 4 0.0802323

11 4 0.0870079

12 4 0.0934402

13 4 0.0995037

14 4 0.105175

15 4 0.11043

16 4 0.11525

17 4 0.119615

18 4 0.123508

19 4 0.126914

20 4 0.129819

21 4 0.132211

22 4 0.134082

23 4 0.135423

24 4 0.13623

25 4 0.136499

26 4 0.13623

27 4 0.135423

28 4 0.134082

29 4 0.132211

30 4 0.129819

31 4 0.126914

32 4 0.123508

33 4 0.119615

34 4 0.11525

35 4 0.11043

36 4 0.105175

37 4 0.0995037

38 4 0.0934402

39 4 0.0870079

40 4 0.0802323

41 4 0.07314

42 4 0.0657591

43 4 0.0581186

44 4 0.0502488

45 4 0.0421806

46 4 0.033946

47 4 0.0255774

48 4 0.0171079

49 4 0.00857086

50 4 0

0 5 0

1 5 0.01065

2 5 0.0212579

3 5 0.031782

4 5 0.0421806

5 5 0.0524128

6 5 0.0624381

7 5 0.072217

8 5 0.0817109

9 5 0.0908823

10 5 0.099695

11 5 0.108114

12 5 0.116107

13 5 0.123641

14 5 0.130688

15 5 0.137218

16 5 0.143208

17 5 0.148632

18 5 0.153469

19 5 0.157701

20 5 0.16131

21 5 0.164283

22 5 0.166607

23 5 0.168274

24 5 0.169277

25 5 0.169611

26 5 0.169277

27 5 0.168274

28 5 0.166607

29 5 0.164283

30 5 0.16131

31 5 0.157701

32 5 0.153469

33 5 0.148632

34 5 0.143208

35 5 0.137218

36 5 0.130688

37 5 0.123641

38 5 0.116107

39 5 0.108114

40 5 0.099695

41 5 0.0908823

42 5 0.0817109

43 5 0.072217

44 5 0.0624381

45 5 0.0524128

46 5 0.0421806

47 5 0.031782

48 5 0.0212579

49 5 0.01065

50 5 0

0 6 0

1 6 0.0126871

2 6 0.0253241

3 6 0.0378611

4 6 0.0502488

5 6 0.0624381

6 6 0.074381

7 6 0.0860304

8 6 0.0973402

9 6 0.108266

10 6 0.118764

11 6 0.128794

12 6 0.138315

13 6 0.147291

14 6 0.155685

15 6 0.163465

16 6 0.1706

17 6 0.177061

18 6 0.182824

19 6 0.187865

20 6 0.192165

21 6 0.195706

22 6 0.198475

23 6 0.200461

24 6 0.201655

25 6 0.202054

26 6 0.201655

27 6 0.200461

28 6 0.198475

29 6 0.195706

30 6 0.192165

31 6 0.187865

32 6 0.182824

33 6 0.177061

34 6 0.1706

35 6 0.163465

36 6 0.155685

37 6 0.147291

38 6 0.138315

39 6 0.128794

40 6 0.118764

41 6 0.108266

42 6 0.0973402

43 6 0.0860304

44 6 0.074381

45 6 0.0624381

46 6 0.0502488

47 6 0.0378611

48 6 0.0253241

49 6 0.0126871

50 6 0

0 7 0

1 7 0.0146741

2 7 0.0292903

3 7 0.0437908

4 7 0.0581186

5 7 0.072217

6 7 0.0860304

7 7 0.0995042

8 7 0.112585

9 7 0.125222

10 7 0.137365

11 7 0.148965

12 7 0.159978

13 7 0.170359

14 7 0.180068

15 7 0.189066

16 7 0.197319

17 7 0.204792

18 7 0.211457

19 7 0.217288

20 7 0.222261

21 7 0.226357

22 7 0.22956

23 7 0.231856

24 7 0.233238

25 7 0.233699

26 7 0.233238

27 7 0.231856

28 7 0.22956

29 7 0.226357

30 7 0.222261

31 7 0.217288

32 7 0.211457

33 7 0.204792

34 7 0.197319

35 7 0.189066

36 7 0.180068

37 7 0.170359

38 7 0.159978

39 7 0.148965

40 7 0.137365

41 7 0.125222

42 7 0.112585

43 7 0.0995042

44 7 0.0860304

45 7 0.072217

46 7 0.0581186

47 7 0.0437908

48 7 0.0292903

49 7 0.0146741

50 7 0

0 8 0

1 8 0.0166032

2 8 0.0331409

3 8 0.0495477

4 8 0.0657591

5 8 0.0817109

6 8 0.0973402

7 8 0.112585

8 8 0.127386

9 8 0.141684

10 8 0.155423

11 8 0.168549

12 8 0.181009

13 8 0.192755

14 8 0.203741

15 8 0.213922

16 8 0.223259

17 8 0.231715

18 8 0.239256

19 8 0.245853

20 8 0.25148

21 8 0.256115

22 8 0.259738

23 8 0.262337

24 8 0.2639

25 8 0.264422

26 8 0.2639

27 8 0.262337

28 8 0.259738

29 8 0.256115

30 8 0.25148

31 8 0.245853

32 8 0.239256

33 8 0.231715

34 8 0.223259

35 8 0.213922

36 8 0.203741

37 8 0.192755

38 8 0.181009

39 8 0.168549

40 8 0.155423

41 8 0.141684

42 8 0.127386

43 8 0.112585

44 8 0.0973402

45 8 0.0817109

46 8 0.0657591

47 8 0.0495477

48 8 0.0331409

49 8 0.0166032

50 8 0

0 9 0

1 9 0.0184668

2 9 0.0368607

3 9 0.0551091

4 9 0.07314

5 9 0.0908823

6 9 0.108266

7 9 0.125222

8 9 0.141684

9 9 0.157587

10 9 0.172868

11 9 0.187467

12 9 0.201326

13 9 0.214391

14 9 0.226609

15 9 0.237933

16 9 0.248318

17 9 0.257723

18 9 0.266111

19 9 0.273448

20 9 0.279707

21 9 0.284861

22 9 0.288892

23 9 0.291782

24 9 0.293521

25 9 0.294101

26 9 0.293521

27 9 0.291782

28 9 0.288892

29 9 0.284861

30 9 0.279707

31 9 0.273448

32 9 0.266111

33 9 0.257723

34 9 0.248318

35 9 0.237933

36 9 0.226609

37 9 0.214391

38 9 0.201326

39 9 0.187467

40 9 0.172868

41 9 0.157587

42 9 0.141684

43 9 0.125222

44 9 0.108266

45 9 0.0908823

46 9 0.07314

47 9 0.0551091

48 9 0.0368607

49 9 0.0184668

50 9 0

0 10 0

1 10 0.0202575

2 10 0.040435

3 10 0.0604529

4 10 0.0802323

5 10 0.099695

6 10 0.118764

7 10 0.137365

8 10 0.155423

9 10 0.172868

10 10 0.189631

11 10 0.205646

12 10 0.220848

13 10 0.23518

14 10 0.248583

15 10 0.261005

16 10 0.272397

17 10 0.282714

18 10 0.291915

19 10 0.299964

20 10 0.30683

21 10 0.312484

22 10 0.316905

23 10 0.320076

24 10 0.321983

25 10 0.32262

26 10 0.321983

27 10 0.320076

28 10 0.316905

29 10 0.312484

30 10 0.30683

31 10 0.299964

32 10 0.291915

33 10 0.282714

34 10 0.272397

35 10 0.261005

36 10 0.248583

37 10 0.23518

38 10 0.220848

39 10 0.205646

40 10 0.189631

41 10 0.172868

42 10 0.155423

43 10 0.137365

44 10 0.118764

45 10 0.099695

46 10 0.0802323

47 10 0.0604529

48 10 0.040435

49 10 0.0202575

50 10 0

0 11 0

1 11 0.0219682

2 11 0.0438497

3 11 0.0655582

4 11 0.0870079

5 11 0.108114

6 11 0.128794

7 11 0.148965

8 11 0.168549

9 11 0.187467

10 11 0.205646

11 11 0.223012

12 11 0.239499

13 11 0.255041

14 11 0.269576

15 11 0.283047

16 11 0.295401

17 11 0.306589

18 11 0.316568

19 11 0.325296

20 11 0.332742

21 11 0.338874

22 11 0.343668

23 11 0.347106

24 11 0.349175

25 11 0.349865

26 11 0.349175

27 11 0.347106

28 11 0.343668

29 11 0.338874

30 11 0.332742

31 11 0.325296

32 11 0.316568

33 11 0.306589

34 11 0.295401

35 11 0.283047

36 11 0.269576

37 11 0.255041

38 11 0.239499

39 11 0.223012

40 11 0.205646

41 11 0.187467

42 11 0.168549

43 11 0.148965

44 11 0.128794

45 11 0.108114

46 11 0.0870079

47 11 0.0655582

48 11 0.0438497

49 11 0.0219682

50 11 0

0 12 0

1 12 0.0235923

2 12 0.0470914

3 12 0.0704048

4 12 0.0934402

5 12 0.116107

6 12 0.138315

7 12 0.159978

8 12 0.181009

9 12 0.201326

10 12 0.220848

11 12 0.239499

12 12 0.257205

13 12 0.273895

14 12 0.289505

15 12 0.303972

16 12 0.317239

17 12 0.329255

18 12 0.339971

19 12 0.349345

20 12 0.35734

21 12 0.363926

22 12 0.369075

23 12 0.372767

24 12 0.374988

25 12 0.37573

26 12 0.374988

27 12 0.372767

28 12 0.369075

29 12 0.363926

30 12 0.35734

31 12 0.349345

32 12 0.339971

33 12 0.329255

34 12 0.317239

35 12 0.303972

36 12 0.289505

37 12 0.273895

38 12 0.257205

39 12 0.239499

40 12 0.220848

41 12 0.201326

42 12 0.181009

43 12 0.159978

44 12 0.138315

45 12 0.116107

46 12 0.0934402

47 12 0.0704048

48 12 0.0470914

49 12 0.0235923

50 12 0

0 13 0

1 13 0.0251232

2 13 0.0501473

3 13 0.0749735

4 13 0.0995037

5 13 0.123641

6 13 0.147291

7 13 0.170359

8 13 0.192755

9 13 0.214391

10 13 0.23518

11 13 0.255041

12 13 0.273895

13 13 0.291669

14 13 0.308291

15 13 0.323697

16 13 0.337825

17 13 0.350621

18 13 0.362032

19 13 0.372014

20 13 0.380529

21 13 0.387541

22 13 0.393025

23 13 0.396957

24 13 0.399322

25 13 0.400112

26 13 0.399322

27 13 0.396957

28 13 0.393025

29 13 0.387541

30 13 0.380529

31 13 0.372014

32 13 0.362032

33 13 0.350621

34 13 0.337825

35 13 0.323697

36 13 0.308291

37 13 0.291669

38 13 0.273895

39 13 0.255041

40 13 0.23518

41 13 0.214391

42 13 0.192755

43 13 0.170359

44 13 0.147291

45 13 0.123641

46 13 0.0995037

47 13 0.0749735

48 13 0.0501473

49 13 0.0251232

50 13 0

0 14 0

1 14 0.026555

2 14 0.0530052

3 14 0.0792463

4 14 0.105175

5 14 0.130688

6 14 0.155685

7 14 0.180068

8 14 0.203741

9 14 0.226609

10 14 0.248583

11 14 0.269576

12 14 0.289505

13 14 0.308291

14 14 0.325861

15 14 0.342145

16 14 0.357078

17 14 0.370603

18 14 0.382664

19 14 0.393216

20 14 0.402216

21 14 0.409628

22 14 0.415423

23 14 0.41958

24 14 0.42208

25 14 0.422914

26 14 0.42208

27 14 0.41958

28 14 0.415423

29 14 0.409628

30 14 0.402216

31 14 0.393216

32 14 0.382664

33 14 0.370603

34 14 0.357078

35 14 0.342145

36 14 0.325861

37 14 0.308291

38 14 0.289505

39 14 0.269576

40 14 0.248583

41 14 0.226609

42 14 0.203741

43 14 0.180068

44 14 0.155685

45 14 0.130688

46 14 0.105175

47 14 0.0792463

48 14 0.0530052

49 14 0.026555

50 14 0

0 15 0

1 15 0.027882

2 15 0.055654

3 15 0.0832063

4 15 0.11043

5 15 0.137218

6 15 0.163465

7 15 0.189066

8 15 0.213922

9 15 0.237933

10 15 0.261005

11 15 0.283047

12 15 0.303972

13 15 0.323697

14 15 0.342145

15 15 0.359242

16 15 0.374922

17 15 0.389122

18 15 0.401787

19 15 0.412865

20 15 0.422315

21 15 0.430098

22 15 0.436183

23 15 0.440547

24 15 0.443172

25 15 0.444048

26 15 0.443172

27 15 0.440547

28 15 0.436183

29 15 0.430098

30 15 0.422315

31 15 0.412865

32 15 0.401787

33 15 0.389122

34 15 0.374922

35 15 0.359242

36 15 0.342145

37 15 0.323697

38 15 0.303972

39 15 0.283047

40 15 0.261005

41 15 0.237933

42 15 0.213922

43 15 0.189066

44 15 0.163465

45 15 0.137218

46 15 0.11043

47 15 0.0832063

48 15 0.055654

49 15 0.027882

50 15 0

0 16 0

1 16 0.029099

2 16 0.0580831

3 16 0.086838

4 16 0.11525

5 16 0.143208

6 16 0.1706

7 16 0.197319

8 16 0.223259

9 16 0.248318

10 16 0.272397

11 16 0.295401

12 16 0.317239

13 16 0.337825

14 16 0.357078

15 16 0.374922

16 16 0.391286

17 16 0.406106

18 16 0.419323

19 16 0.430886

20 16 0.440748

21 16 0.44887

22 16 0.455221

23 16 0.459775

24 16 0.462515

25 16 0.463429

26 16 0.462515

27 16 0.459775

28 16 0.455221

29 16 0.44887

30 16 0.440748

31 16 0.430886

32 16 0.419323

33 16 0.406106

34 16 0.391286

35 16 0.374922

36 16 0.357078

37 16 0.337825

38 16 0.317239

39 16 0.295401

40 16 0.272397

41 16 0.248318

42 16 0.223259

43 16 0.197319

44 16 0.1706

45 16 0.143208

46 16 0.11525

47 16 0.086838

48 16 0.0580831

49 16 0.029099

50 16 0

0 17 0

1 17 0.0302011

2 17 0.060283

3 17 0.090127

4 17 0.119615

5 17 0.148632

6 17 0.177061

7 17 0.204792

8 17 0.231715

9 17 0.257723

10 17 0.282714

11 17 0.306589

12 17 0.329255

13 17 0.350621

14 17 0.370603

15 17 0.389122

16 17 0.406106

17 17 0.421487

18 17 0.435205

19 17 0.447205

20 17 0.457441

21 17 0.465871

22 17 0.472462

23 17 0.477189

24 17 0.480033

25 17 0.480982

26 17 0.480033

27 17 0.477189

28 17 0.472462

29 17 0.465871

30 17 0.457441

31 17 0.447205

32 17 0.435205

33 17 0.421487

34 17 0.406106

35 17 0.389122

36 17 0.370603

37 17 0.350621

38 17 0.329255

39 17 0.306589

40 17 0.282714

41 17 0.257723

42 17 0.231715

43 17 0.204792

44 17 0.177061

45 17 0.148632

46 17 0.119615

47 17 0.090127

48 17 0.060283

49 17 0.0302011

50 17 0

0 18 0

1 18 0.031184

2 18 0.062245

3 18 0.0930603

4 18 0.123508

5 18 0.153469

6 18 0.182824

7 18 0.211457

8 18 0.239256

9 18 0.266111

10 18 0.291915

11 18 0.316568

12 18 0.339971

13 18 0.362032

14 18 0.382664

15 18 0.401787

16 18 0.419323

17 18 0.435205

18 18 0.449369

19 18 0.46176

20 18 0.472329

21 18 0.481033

22 18 0.487839

23 18 0.49272

24 18 0.495656

25 18 0.496636

26 18 0.495656

27 18 0.49272

28 18 0.487839

29 18 0.481033

30 18 0.472329

31 18 0.46176

32 18 0.449369

33 18 0.435205

34 18 0.419323

35 18 0.401787

36 18 0.382664

37 18 0.362032

38 18 0.339971

39 18 0.316568

40 18 0.291915

41 18 0.266111

42 18 0.239256

43 18 0.211457

44 18 0.182824

45 18 0.153469

46 18 0.123508

47 18 0.0930603

48 18 0.062245

49 18 0.031184

50 18 0

0 19 0

1 19 0.0320439

2 19 0.0639613

3 19 0.0956263

4 19 0.126914

5 19 0.157701

6 19 0.187865

7 19 0.217288

8 19 0.245853

9 19 0.273448

10 19 0.299964

11 19 0.325296

12 19 0.349345

13 19 0.372014

14 19 0.393216

15 19 0.412865

16 19 0.430886

17 19 0.447205

18 19 0.46176

19 19 0.474493

20 19 0.485352

21 19 0.494297

22 19 0.50129

23 19 0.506306

24 19 0.509323

25 19 0.51033

26 19 0.509323

27 19 0.506306

28 19 0.50129

29 19 0.494297

30 19 0.485352

31 19 0.474493

32 19 0.46176

33 19 0.447205

34 19 0.430886

35 19 0.412865

36 19 0.393216

37 19 0.372014

38 19 0.349345

39 19 0.325296

40 19 0.299964

41 19 0.273448

42 19 0.245853

43 19 0.217288

44 19 0.187865

45 19 0.157701

46 19 0.126914

47 19 0.0956263

48 19 0.0639613

49 19 0.0320439

50 19 0

0 20 0

1 20 0.0327773

2 20 0.0654252

3 20 0.0978149

4 20 0.129819

5 20 0.16131

6 20 0.192165

7 20 0.222261

8 20 0.25148

9 20 0.279707

10 20 0.30683

11 20 0.332742

12 20 0.35734

13 20 0.380529

14 20 0.402216

15 20 0.422315

16 20 0.440748

17 20 0.457441

18 20 0.472329

19 20 0.485352

20 20 0.496461

21 20 0.50561

22 20 0.512764

23 20 0.517894

24 20 0.52098

25 20 0.52201

26 20 0.52098

27 20 0.517894

28 20 0.512764

29 20 0.50561

30 20 0.496461

31 20 0.485352

32 20 0.472329

33 20 0.457441

34 20 0.440748

35 20 0.422315

36 20 0.402216

37 20 0.380529

38 20 0.35734

39 20 0.332742

40 20 0.30683

41 20 0.279707

42 20 0.25148

43 20 0.222261

44 20 0.192165

45 20 0.16131

46 20 0.129819

47 20 0.0978149

48 20 0.0654252

49 20 0.0327773

50 20 0

0 21 0

1 21 0.0333813

2 21 0.0666309

3 21 0.0996175

4 21 0.132211

5 21 0.164283

6 21 0.195706

7 21 0.226357

8 21 0.256115

9 21 0.284861

10 21 0.312484

11 21 0.338874

12 21 0.363926

13 21 0.387541

14 21 0.409628

15 21 0.430098

16 21 0.44887

17 21 0.465871

18 21 0.481033

19 21 0.494297

20 21 0.50561

21 21 0.514928

22 21 0.522213

23 21 0.527438

24 21 0.530581

25 21 0.53163

26 21 0.530581

27 21 0.527438

28 21 0.522213

29 21 0.514928

30 21 0.50561

31 21 0.494297

32 21 0.481033

33 21 0.465871

34 21 0.44887

35 21 0.430098

36 21 0.409628

37 21 0.387541

38 21 0.363926

39 21 0.338874

40 21 0.312484

41 21 0.284861

42 21 0.256115

43 21 0.226357

44 21 0.195706

45 21 0.164283

46 21 0.132211

47 21 0.0996175

48 21 0.0666309

49 21 0.0333813

50 21 0

0 22 0

1 22 0.0338536

2 22 0.0675736

3 22 0.101027

4 22 0.134082

5 22 0.166607

6 22 0.198475

7 22 0.22956

8 22 0.259738

9 22 0.288892

10 22 0.316905

11 22 0.343668

12 22 0.369075

13 22 0.393025

14 22 0.415423

15 22 0.436183

16 22 0.455221

17 22 0.472462

18 22 0.487839

19 22 0.50129

20 22 0.512764

21 22 0.522213

22 22 0.529602

23 22 0.5349

24 22 0.538088

25 22 0.539152

26 22 0.538088

27 22 0.5349

28 22 0.529602

29 22 0.522213

30 22 0.512764

31 22 0.50129

32 22 0.487839

33 22 0.472462

34 22 0.455221

35 22 0.436183

36 22 0.415423

37 22 0.393025

38 22 0.369075

39 22 0.343668

40 22 0.316905

41 22 0.288892

42 22 0.259738

43 22 0.22956

44 22 0.198475

45 22 0.166607

46 22 0.134082

47 22 0.101027

48 22 0.0675736

49 22 0.0338536

50 22 0

0 23 0

1 23 0.0341923

2 23 0.0682497

3 23 0.102038

4 23 0.135423

5 23 0.168274

6 23 0.200461

7 23 0.231856

8 23 0.262337

9 23 0.291782

10 23 0.320076

11 23 0.347106

12 23 0.372767

13 23 0.396957

14 23 0.41958

15 23 0.440547

16 23 0.459775

17 23 0.477189

18 23 0.49272

19 23 0.506306

20 23 0.517894

21 23 0.527438

22 23 0.5349

23 23 0.540252

24 23 0.543471

25 23 0.544546

26 23 0.543471

27 23 0.540252

28 23 0.5349

29 23 0.527438

30 23 0.517894

31 23 0.506306

32 23 0.49272

33 23 0.477189

34 23 0.459775

35 23 0.440547

36 23 0.41958

37 23 0.396957

38 23 0.372767

39 23 0.347106

40 23 0.320076

41 23 0.291782

42 23 0.262337

43 23 0.231856

44 23 0.200461

45 23 0.168274

46 23 0.135423

47 23 0.102038

48 23 0.0682497

49 23 0.0341923

50 23 0

0 24 0

1 24 0.0343961

2 24 0.0686564

3 24 0.102646

4 24 0.13623

5 24 0.169277

6 24 0.201655

7 24 0.233238

8 24 0.2639

9 24 0.293521

10 24 0.321983

11 24 0.349175

12 24 0.374988

13 24 0.399322

14 24 0.42208

15 24 0.443172

16 24 0.462515

17 24 0.480033

18 24 0.495656

19 24 0.509323

20 24 0.52098

21 24 0.530581

22 24 0.538088

23 24 0.543471

24 24 0.54671

25 24 0.547791

26 24 0.54671

27 24 0.543471

28 24 0.538088

29 24 0.530581

30 24 0.52098

31 24 0.509323

32 24 0.495656

33 24 0.480033

34 24 0.462515

35 24 0.443172

36 24 0.42208

37 24 0.399322

38 24 0.374988

39 24 0.349175

40 24 0.321983

41 24 0.293521

42 24 0.2639

43 24 0.233238

44 24 0.201655

45 24 0.169277

46 24 0.13623

47 24 0.102646

48 24 0.0686564

49 24 0.0343961

50 24 0

0 25 0

1 25 0.0344641

2 25 0.0687921

3 25 0.102849

4 25 0.136499

5 25 0.169611

6 25 0.202054

7 25 0.233699

8 25 0.264422

9 25 0.294101

10 25 0.32262

11 25 0.349865

12 25 0.37573

13 25 0.400112

14 25 0.422914

15 25 0.444048

16 25 0.463429

17 25 0.480982

18 25 0.496636

19 25 0.51033

20 25 0.52201

21 25 0.53163

22 25 0.539152

23 25 0.544546

24 25 0.547791

25 25 0.548874

26 25 0.547791

27 25 0.544546

28 25 0.539152

29 25 0.53163

30 25 0.52201

31 25 0.51033

32 25 0.496636

33 25 0.480982

34 25 0.463429

35 25 0.444048

36 25 0.422914

37 25 0.400112

38 25 0.37573

39 25 0.349865

40 25 0.32262

41 25 0.294101

42 25 0.264422

43 25 0.233699

44 25 0.202054

45 25 0.169611

46 25 0.136499

47 25 0.102849

48 25 0.0687921

49 25 0.0344641

50 25 0

0 26 0

1 26 0.0343961

2 26 0.0686564

3 26 0.102646

4 26 0.13623

5 26 0.169277

6 26 0.201655

7 26 0.233238

8 26 0.2639

9 26 0.293521

10 26 0.321983

11 26 0.349175

12 26 0.374988

13 26 0.399322

14 26 0.42208

15 26 0.443172

16 26 0.462515

17 26 0.480033

18 26 0.495656

19 26 0.509323

20 26 0.52098

21 26 0.530581

22 26 0.538088

23 26 0.543471

24 26 0.54671

25 26 0.547791

26 26 0.54671

27 26 0.543471

28 26 0.538088

29 26 0.530581

30 26 0.52098

31 26 0.509323

32 26 0.495656

33 26 0.480033

34 26 0.462515

35 26 0.443172

36 26 0.42208

37 26 0.399322

38 26 0.374988

39 26 0.349175

40 26 0.321983

41 26 0.293521

42 26 0.2639

43 26 0.233238

44 26 0.201655

45 26 0.169277

46 26 0.13623

47 26 0.102646

48 26 0.0686564

49 26 0.0343961

50 26 0

0 27 0

1 27 0.0341923

2 27 0.0682497

3 27 0.102038

4 27 0.135423

5 27 0.168274

6 27 0.200461

7 27 0.231856

8 27 0.262337

9 27 0.291782

10 27 0.320076

11 27 0.347106

12 27 0.372767

13 27 0.396957

14 27 0.41958

15 27 0.440547

16 27 0.459775

17 27 0.477189

18 27 0.49272

19 27 0.506306

20 27 0.517894

21 27 0.527438

22 27 0.5349

23 27 0.540252

24 27 0.543471

25 27 0.544546

26 27 0.543471

27 27 0.540252

28 27 0.5349

29 27 0.527438

30 27 0.517894

31 27 0.506306

32 27 0.49272

33 27 0.477189

34 27 0.459775

35 27 0.440547

36 27 0.41958

37 27 0.396957

38 27 0.372767

39 27 0.347106

40 27 0.320076

41 27 0.291782

42 27 0.262337

43 27 0.231856

44 27 0.200461

45 27 0.168274

46 27 0.135423

47 27 0.102038

48 27 0.0682497

49 27 0.0341923

50 27 0

0 28 0

1 28 0.0338536

2 28 0.0675736

3 28 0.101027

4 28 0.134082

5 28 0.166607

6 28 0.198475

7 28 0.22956

8 28 0.259738

9 28 0.288892

10 28 0.316905

11 28 0.343668

12 28 0.369075

13 28 0.393025

14 28 0.415423

15 28 0.436183

16 28 0.455221

17 28 0.472462

18 28 0.487839

19 28 0.50129

20 28 0.512764

21 28 0.522213

22 28 0.529602

23 28 0.5349

24 28 0.538088

25 28 0.539152

26 28 0.538088

27 28 0.5349

28 28 0.529602

29 28 0.522213

30 28 0.512764

31 28 0.50129

32 28 0.487839

33 28 0.472462

34 28 0.455221

35 28 0.436183

36 28 0.415423

37 28 0.393025

38 28 0.369075

39 28 0.343668

40 28 0.316905

41 28 0.288892

42 28 0.259738

43 28 0.22956

44 28 0.198475

45 28 0.166607

46 28 0.134082

47 28 0.101027

48 28 0.0675736

49 28 0.0338536

50 28 0

0 29 0

1 29 0.0333813

2 29 0.0666309

3 29 0.0996175

4 29 0.132211

5 29 0.164283

6 29 0.195706

7 29 0.226357

8 29 0.256115

9 29 0.284861

10 29 0.312484

11 29 0.338874

12 29 0.363926

13 29 0.387541

14 29 0.409628

15 29 0.430098

16 29 0.44887

17 29 0.465871

18 29 0.481033

19 29 0.494297

20 29 0.50561

21 29 0.514928

22 29 0.522213

23 29 0.527438

24 29 0.530581

25 29 0.53163

26 29 0.530581

27 29 0.527438

28 29 0.522213

29 29 0.514928

30 29 0.50561

31 29 0.494297

32 29 0.481033

33 29 0.465871

34 29 0.44887

35 29 0.430098

36 29 0.409628

37 29 0.387541

38 29 0.363926

39 29 0.338874

40 29 0.312484

41 29 0.284861

42 29 0.256115

43 29 0.226357

44 29 0.195706

45 29 0.164283

46 29 0.132211

47 29 0.0996175

48 29 0.0666309

49 29 0.0333813

50 29 0

0 30 0

1 30 0.0327773

2 30 0.0654252

3 30 0.0978149

4 30 0.129819

5 30 0.16131

6 30 0.192165

7 30 0.222261

8 30 0.25148

9 30 0.279707

10 30 0.30683

11 30 0.332742

12 30 0.35734

13 30 0.380529

14 30 0.402216

15 30 0.422315

16 30 0.440748

17 30 0.457441

18 30 0.472329

19 30 0.485352

20 30 0.496461

21 30 0.50561

22 30 0.512764

23 30 0.517894

24 30 0.52098

25 30 0.52201

26 30 0.52098

27 30 0.517894

28 30 0.512764

29 30 0.50561

30 30 0.496461

31 30 0.485352

32 30 0.472329

33 30 0.457441

34 30 0.440748

35 30 0.422315

36 30 0.402216

37 30 0.380529

38 30 0.35734

39 30 0.332742

40 30 0.30683

41 30 0.279707

42 30 0.25148

43 30 0.222261

44 30 0.192165

45 30 0.16131

46 30 0.129819

47 30 0.0978149

48 30 0.0654252

49 30 0.0327773

50 30 0

0 31 0

1 31 0.0320439

2 31 0.0639613

3 31 0.0956263

4 31 0.126914

5 31 0.157701

6 31 0.187865

7 31 0.217288

8 31 0.245853

9 31 0.273448

10 31 0.299964

11 31 0.325296

12 31 0.349345

13 31 0.372014

14 31 0.393216

15 31 0.412865

16 31 0.430886

17 31 0.447205

18 31 0.46176

19 31 0.474493

20 31 0.485352

21 31 0.494297

22 31 0.50129

23 31 0.506306

24 31 0.509323

25 31 0.51033

26 31 0.509323

27 31 0.506306

28 31 0.50129

29 31 0.494297

30 31 0.485352

31 31 0.474493

32 31 0.46176

33 31 0.447205

34 31 0.430886

35 31 0.412865

36 31 0.393216

37 31 0.372014

38 31 0.349345

39 31 0.325296

40 31 0.299964

41 31 0.273448

42 31 0.245853

43 31 0.217288

44 31 0.187865

45 31 0.157701

46 31 0.126914

47 31 0.0956263

48 31 0.0639613

49 31 0.0320439

50 31 0

0 32 0

1 32 0.031184

2 32 0.062245

3 32 0.0930603

4 32 0.123508

5 32 0.153469

6 32 0.182824

7 32 0.211457

8 32 0.239256

9 32 0.266111

10 32 0.291915

11 32 0.316568

12 32 0.339971

13 32 0.362032

14 32 0.382664

15 32 0.401787

16 32 0.419323

17 32 0.435205

18 32 0.449369

19 32 0.46176

20 32 0.472329

21 32 0.481033

22 32 0.487839

23 32 0.49272

24 32 0.495656

25 32 0.496636

26 32 0.495656

27 32 0.49272

28 32 0.487839

29 32 0.481033

30 32 0.472329

31 32 0.46176

32 32 0.449369

33 32 0.435205

34 32 0.419323

35 32 0.401787

36 32 0.382664

37 32 0.362032

38 32 0.339971

39 32 0.316568

40 32 0.291915

41 32 0.266111

42 32 0.239256

43 32 0.211457

44 32 0.182824

45 32 0.153469

46 32 0.123508

47 32 0.0930603

48 32 0.062245

49 32 0.031184

50 32 0

0 33 0

1 33 0.0302011

2 33 0.060283

3 33 0.090127

4 33 0.119615

5 33 0.148632

6 33 0.177061

7 33 0.204792

8 33 0.231715

9 33 0.257723

10 33 0.282714

11 33 0.306589

12 33 0.329255

13 33 0.350621

14 33 0.370603

15 33 0.389122

16 33 0.406106

17 33 0.421487

18 33 0.435205

19 33 0.447205

20 33 0.457441

21 33 0.465871

22 33 0.472462

23 33 0.477189

24 33 0.480033

25 33 0.480982

26 33 0.480033

27 33 0.477189

28 33 0.472462

29 33 0.465871

30 33 0.457441

31 33 0.447205

32 33 0.435205

33 33 0.421487

34 33 0.406106

35 33 0.389122

36 33 0.370603

37 33 0.350621

38 33 0.329255

39 33 0.306589

40 33 0.282714

41 33 0.257723

42 33 0.231715

43 33 0.204792

44 33 0.177061

45 33 0.148632

46 33 0.119615

47 33 0.090127

48 33 0.060283

49 33 0.0302011

50 33 0

0 34 0

1 34 0.029099

2 34 0.0580831

3 34 0.086838

4 34 0.11525

5 34 0.143208

6 34 0.1706

7 34 0.197319

8 34 0.223259

9 34 0.248318

10 34 0.272397

11 34 0.295401

12 34 0.317239

13 34 0.337825

14 34 0.357078

15 34 0.374922

16 34 0.391286

17 34 0.406106

18 34 0.419323

19 34 0.430886

20 34 0.440748

21 34 0.44887

22 34 0.455221

23 34 0.459775

24 34 0.462515

25 34 0.463429

26 34 0.462515

27 34 0.459775

28 34 0.455221

29 34 0.44887

30 34 0.440748

31 34 0.430886

32 34 0.419323

33 34 0.406106

34 34 0.391286

35 34 0.374922

36 34 0.357078

37 34 0.337825

38 34 0.317239

39 34 0.295401

40 34 0.272397

41 34 0.248318

42 34 0.223259

43 34 0.197319

44 34 0.1706

45 34 0.143208

46 34 0.11525

47 34 0.086838

48 34 0.0580831

49 34 0.029099

50 34 0

0 35 0

1 35 0.027882

2 35 0.055654

3 35 0.0832063

4 35 0.11043

5 35 0.137218

6 35 0.163465

7 35 0.189066

8 35 0.213922

9 35 0.237933

10 35 0.261005

11 35 0.283047

12 35 0.303972

13 35 0.323697

14 35 0.342145

15 35 0.359242

16 35 0.374922

17 35 0.389122

18 35 0.401787

19 35 0.412865

20 35 0.422315

21 35 0.430098

22 35 0.436183

23 35 0.440547

24 35 0.443172

25 35 0.444048

26 35 0.443172

27 35 0.440547

28 35 0.436183

29 35 0.430098

30 35 0.422315

31 35 0.412865

32 35 0.401787

33 35 0.389122

34 35 0.374922

35 35 0.359242

36 35 0.342145

37 35 0.323697

38 35 0.303972

39 35 0.283047

40 35 0.261005

41 35 0.237933

42 35 0.213922

43 35 0.189066

44 35 0.163465

45 35 0.137218

46 35 0.11043

47 35 0.0832063

48 35 0.055654

49 35 0.027882

50 35 0

0 36 0

1 36 0.026555

2 36 0.0530052

3 36 0.0792463

4 36 0.105175

5 36 0.130688

6 36 0.155685

7 36 0.180068

8 36 0.203741

9 36 0.226609

10 36 0.248583

11 36 0.269576

12 36 0.289505

13 36 0.308291

14 36 0.325861

15 36 0.342145

16 36 0.357078

17 36 0.370603

18 36 0.382664

19 36 0.393216

20 36 0.402216

21 36 0.409628

22 36 0.415423

23 36 0.41958

24 36 0.42208

25 36 0.422914

26 36 0.42208

27 36 0.41958

28 36 0.415423

29 36 0.409628

30 36 0.402216

31 36 0.393216

32 36 0.382664

33 36 0.370603

34 36 0.357078

35 36 0.342145

36 36 0.325861

37 36 0.308291

38 36 0.289505

39 36 0.269576

40 36 0.248583

41 36 0.226609

42 36 0.203741

43 36 0.180068

44 36 0.155685

45 36 0.130688

46 36 0.105175

47 36 0.0792463

48 36 0.0530052

49 36 0.026555

50 36 0

0 37 0

1 37 0.0251232

2 37 0.0501473

3 37 0.0749735

4 37 0.0995037

5 37 0.123641

6 37 0.147291

7 37 0.170359

8 37 0.192755

9 37 0.214391

10 37 0.23518

11 37 0.255041

12 37 0.273895

13 37 0.291669

14 37 0.308291

15 37 0.323697

16 37 0.337825

17 37 0.350621

18 37 0.362032

19 37 0.372014

20 37 0.380529

21 37 0.387541

22 37 0.393025

23 37 0.396957

24 37 0.399322

25 37 0.400112

26 37 0.399322

27 37 0.396957

28 37 0.393025

29 37 0.387541

30 37 0.380529

31 37 0.372014

32 37 0.362032

33 37 0.350621

34 37 0.337825

35 37 0.323697

36 37 0.308291

37 37 0.291669

38 37 0.273895

39 37 0.255041

40 37 0.23518

41 37 0.214391

42 37 0.192755

43 37 0.170359

44 37 0.147291

45 37 0.123641

46 37 0.0995037

47 37 0.0749735

48 37 0.0501473

49 37 0.0251232

50 37 0

0 38 0

1 38 0.0235923

2 38 0.0470914

3 38 0.0704048

4 38 0.0934402

5 38 0.116107

6 38 0.138315

7 38 0.159978

8 38 0.181009

9 38 0.201326

10 38 0.220848

11 38 0.239499

12 38 0.257205

13 38 0.273895

14 38 0.289505

15 38 0.303972

16 38 0.317239

17 38 0.329255

18 38 0.339971

19 38 0.349345

20 38 0.35734

21 38 0.363926

22 38 0.369075

23 38 0.372767

24 38 0.374988

25 38 0.37573

26 38 0.374988

27 38 0.372767

28 38 0.369075

29 38 0.363926

30 38 0.35734

31 38 0.349345

32 38 0.339971

33 38 0.329255

34 38 0.317239

35 38 0.303972

36 38 0.289505

37 38 0.273895

38 38 0.257205

39 38 0.239499

40 38 0.220848

41 38 0.201326

42 38 0.181009

43 38 0.159978

44 38 0.138315

45 38 0.116107

46 38 0.0934402

47 38 0.0704048

48 38 0.0470914

49 38 0.0235923

50 38 0

0 39 0

1 39 0.0219682

2 39 0.0438497

3 39 0.0655582

4 39 0.0870079

5 39 0.108114

6 39 0.128794

7 39 0.148965

8 39 0.168549

9 39 0.187467

10 39 0.205646

11 39 0.223012

12 39 0.239499

13 39 0.255041

14 39 0.269576

15 39 0.283047

16 39 0.295401

17 39 0.306589

18 39 0.316568

19 39 0.325296

20 39 0.332742

21 39 0.338874

22 39 0.343668

23 39 0.347106

24 39 0.349175

25 39 0.349865

26 39 0.349175

27 39 0.347106

28 39 0.343668

29 39 0.338874

30 39 0.332742

31 39 0.325296

32 39 0.316568

33 39 0.306589

34 39 0.295401

35 39 0.283047

36 39 0.269576

37 39 0.255041

38 39 0.239499

39 39 0.223012

40 39 0.205646

41 39 0.187467

42 39 0.168549

43 39 0.148965

44 39 0.128794

45 39 0.108114

46 39 0.0870079

47 39 0.0655582

48 39 0.0438497

49 39 0.0219682

50 39 0

0 40 0

1 40 0.0202575

2 40 0.040435

3 40 0.0604529

4 40 0.0802323

5 40 0.099695

6 40 0.118764

7 40 0.137365

8 40 0.155423

9 40 0.172868

10 40 0.189631

11 40 0.205646

12 40 0.220848

13 40 0.23518

14 40 0.248583

15 40 0.261005

16 40 0.272397

17 40 0.282714

18 40 0.291915

19 40 0.299964

20 40 0.30683

21 40 0.312484

22 40 0.316905

23 40 0.320076

24 40 0.321983

25 40 0.32262

26 40 0.321983

27 40 0.320076

28 40 0.316905

29 40 0.312484

30 40 0.30683

31 40 0.299964

32 40 0.291915

33 40 0.282714

34 40 0.272397

35 40 0.261005

36 40 0.248583

37 40 0.23518

38 40 0.220848

39 40 0.205646

40 40 0.189631

41 40 0.172868

42 40 0.155423

43 40 0.137365

44 40 0.118764

45 40 0.099695

46 40 0.0802323

47 40 0.0604529

48 40 0.040435

49 40 0.0202575

50 40 0

0 41 0

1 41 0.0184668

2 41 0.0368607

3 41 0.0551091

4 41 0.07314

5 41 0.0908823

6 41 0.108266

7 41 0.125222

8 41 0.141684

9 41 0.157587

10 41 0.172868

11 41 0.187467

12 41 0.201326

13 41 0.214391

14 41 0.226609

15 41 0.237933

16 41 0.248318

17 41 0.257723

18 41 0.266111

19 41 0.273448

20 41 0.279707

21 41 0.284861

22 41 0.288892

23 41 0.291782

24 41 0.293521

25 41 0.294101

26 41 0.293521

27 41 0.291782

28 41 0.288892

29 41 0.284861

30 41 0.279707

31 41 0.273448

32 41 0.266111

33 41 0.257723

34 41 0.248318

35 41 0.237933

36 41 0.226609

37 41 0.214391

38 41 0.201326

39 41 0.187467

40 41 0.172868

41 41 0.157587

42 41 0.141684

43 41 0.125222

44 41 0.108266

45 41 0.0908823

46 41 0.07314

47 41 0.0551091

48 41 0.0368607

49 41 0.0184668

50 41 0

0 42 0

1 42 0.0166032

2 42 0.0331409

3 42 0.0495477

4 42 0.0657591

5 42 0.0817109

6 42 0.0973402

7 42 0.112585

8 42 0.127386

9 42 0.141684

10 42 0.155423

11 42 0.168549

12 42 0.181009

13 42 0.192755

14 42 0.203741

15 42 0.213922

16 42 0.223259

17 42 0.231715

18 42 0.239256

19 42 0.245853

20 42 0.25148

21 42 0.256115

22 42 0.259738

23 42 0.262337

24 42 0.2639

25 42 0.264422

26 42 0.2639

27 42 0.262337

28 42 0.259738

29 42 0.256115

30 42 0.25148

31 42 0.245853

32 42 0.239256

33 42 0.231715

34 42 0.223259

35 42 0.213922

36 42 0.203741

37 42 0.192755

38 42 0.181009

39 42 0.168549

40 42 0.155423

41 42 0.141684

42 42 0.127386

43 42 0.112585

44 42 0.0973402

45 42 0.0817109

46 42 0.0657591

47 42 0.0495477

48 42 0.0331409

49 42 0.0166032

50 42 0

0 43 0

1 43 0.0146741

2 43 0.0292903

3 43 0.0437908

4 43 0.0581186

5 43 0.072217

6 43 0.0860304

7 43 0.0995042

8 43 0.112585

9 43 0.125222

10 43 0.137365

11 43 0.148965

12 43 0.159978

13 43 0.170359

14 43 0.180068

15 43 0.189066

16 43 0.197319

17 43 0.204792

18 43 0.211457

19 43 0.217288

20 43 0.222261

21 43 0.226357

22 43 0.22956

23 43 0.231856

24 43 0.233238

25 43 0.233699

26 43 0.233238

27 43 0.231856

28 43 0.22956

29 43 0.226357

30 43 0.222261

31 43 0.217288

32 43 0.211457

33 43 0.204792

34 43 0.197319

35 43 0.189066

36 43 0.180068

37 43 0.170359

38 43 0.159978

39 43 0.148965

40 43 0.137365

41 43 0.125222

42 43 0.112585

43 43 0.0995042

44 43 0.0860304

45 43 0.072217

46 43 0.0581186

47 43 0.0437908

48 43 0.0292903

49 43 0.0146741

50 43 0

0 44 0

1 44 0.0126871

2 44 0.0253241

3 44 0.0378611

4 44 0.0502488

5 44 0.0624381

6 44 0.074381

7 44 0.0860304

8 44 0.0973402

9 44 0.108266

10 44 0.118764

11 44 0.128794

12 44 0.138315

13 44 0.147291

14 44 0.155685

15 44 0.163465

16 44 0.1706

17 44 0.177061

18 44 0.182824

19 44 0.187865

20 44 0.192165

21 44 0.195706

22 44 0.198475

23 44 0.200461

24 44 0.201655

25 44 0.202054

26 44 0.201655

27 44 0.200461

28 44 0.198475

29 44 0.195706

30 44 0.192165

31 44 0.187865

32 44 0.182824

33 44 0.177061

34 44 0.1706

35 44 0.163465

36 44 0.155685

37 44 0.147291

38 44 0.138315

39 44 0.128794

40 44 0.118764

41 44 0.108266

42 44 0.0973402

43 44 0.0860304

44 44 0.074381

45 44 0.0624381

46 44 0.0502488

47 44 0.0378611

48 44 0.0253241

49 44 0.0126871

50 44 0

0 45 0

1 45 0.01065

2 45 0.0212579

3 45 0.031782

4 45 0.0421806

5 45 0.0524128

6 45 0.0624381

7 45 0.072217

8 45 0.0817109

9 45 0.0908823

10 45 0.099695

11 45 0.108114

12 45 0.116107

13 45 0.123641

14 45 0.130688

15 45 0.137218

16 45 0.143208

17 45 0.148632

18 45 0.153469

19 45 0.157701

20 45 0.16131

21 45 0.164283

22 45 0.166607

23 45 0.168274

24 45 0.169277

25 45 0.169611

26 45 0.169277

27 45 0.168274

28 45 0.166607

29 45 0.164283

30 45 0.16131

31 45 0.157701

32 45 0.153469

33 45 0.148632

34 45 0.143208

35 45 0.137218

36 45 0.130688

37 45 0.123641

38 45 0.116107

39 45 0.108114

40 45 0.099695

41 45 0.0908823

42 45 0.0817109

43 45 0.072217

44 45 0.0624381

45 45 0.0524128

46 45 0.0421806

47 45 0.031782

48 45 0.0212579

49 45 0.01065

50 45 0

0 46 0

1 46 0.00857086

2 46 0.0171079

3 46 0.0255774

4 46 0.033946

5 46 0.0421806

6 46 0.0502488

7 46 0.0581186

8 46 0.0657591

9 46 0.07314

10 46 0.0802323

11 46 0.0870079

12 46 0.0934402

13 46 0.0995037

14 46 0.105175

15 46 0.11043

16 46 0.11525

17 46 0.119615

18 46 0.123508

19 46 0.126914

20 46 0.129819

21 46 0.132211

22 46 0.134082

23 46 0.135423

24 46 0.13623

25 46 0.136499

26 46 0.13623

27 46 0.135423

28 46 0.134082

29 46 0.132211

30 46 0.129819

31 46 0.126914

32 46 0.123508

33 46 0.119615

34 46 0.11525

35 46 0.11043

36 46 0.105175

37 46 0.0995037

38 46 0.0934402

39 46 0.0870079

40 46 0.0802323

41 46 0.07314

42 46 0.0657591

43 46 0.0581186

44 46 0.0502488

45 46 0.0421806

46 46 0.033946

47 46 0.0255774

48 46 0.0171079

49 46 0.00857086

50 46 0

0 47 0

1 47 0.00645792

2 47 0.0128904

3 47 0.0192719

4 47 0.0255774

5 47 0.031782

6 47 0.0378611

7 47 0.0437908

8 47 0.0495477

9 47 0.0551091

10 47 0.0604529

11 47 0.0655582

12 47 0.0704048

13 47 0.0749735

14 47 0.0792463

15 47 0.0832063

16 47 0.086838

17 47 0.090127

18 47 0.0930603

19 47 0.0956263

20 47 0.0978149

21 47 0.0996175

22 47 0.101027

23 47 0.102038

24 47 0.102646

25 47 0.102849

26 47 0.102646

27 47 0.102038

28 47 0.101027

29 47 0.0996175

30 47 0.0978149

31 47 0.0956263

32 47 0.0930603

33 47 0.090127

34 47 0.086838

35 47 0.0832063

36 47 0.0792463

37 47 0.0749735

38 47 0.0704048

39 47 0.0655582

40 47 0.0604529

41 47 0.0551091

42 47 0.0495477

43 47 0.0437908

44 47 0.0378611

45 47 0.031782

46 47 0.0255774

47 47 0.0192719

48 47 0.0128904

49 47 0.00645792

50 47 0

0 48 0

1 48 0.00431949

2 48 0.00862194

3 48 0.0128904

4 48 0.0171079

5 48 0.0212579

6 48 0.0253241

7 48 0.0292903

8 48 0.0331409

9 48 0.0368607

10 48 0.040435

11 48 0.0438497

12 48 0.0470914

13 48 0.0501473

14 48 0.0530052

15 48 0.055654

16 48 0.0580831

17 48 0.060283

18 48 0.062245

19 48 0.0639613

20 48 0.0654252

21 48 0.0666309

22 48 0.0675736

23 48 0.0682497

24 48 0.0686564

25 48 0.0687921

26 48 0.0686564

27 48 0.0682497

28 48 0.0675736

29 48 0.0666309

30 48 0.0654252

31 48 0.0639613

32 48 0.062245

33 48 0.060283

34 48 0.0580831

35 48 0.055654

36 48 0.0530052

37 48 0.0501473

38 48 0.0470914

39 48 0.0438497

40 48 0.040435

41 48 0.0368607

42 48 0.0331409

43 48 0.0292903

44 48 0.0253241

45 48 0.0212579

46 48 0.0171079

47 48 0.0128904

48 48 0.00862194

49 48 0.00431949

50 48 0

0 49 0

1 49 0.00216402

2 49 0.00431949

3 49 0.00645792

4 49 0.00857086

5 49 0.01065

6 49 0.0126871

7 49 0.0146741

8 49 0.0166032

9 49 0.0184668

10 49 0.0202575

11 49 0.0219682

12 49 0.0235923

13 49 0.0251232

14 49 0.026555

15 49 0.027882

16 49 0.029099

17 49 0.0302011

18 49 0.031184

19 49 0.0320439

20 49 0.0327773

21 49 0.0333813

22 49 0.0338536

23 49 0.0341923

24 49 0.0343961

25 49 0.0344641

26 49 0.0343961

27 49 0.0341923

28 49 0.0338536

29 49 0.0333813

30 49 0.0327773

31 49 0.0320439

32 49 0.031184

33 49 0.0302011

34 49 0.029099

35 49 0.027882

36 49 0.026555

37 49 0.0251232

38 49 0.0235923

39 49 0.0219682

40 49 0.0202575

41 49 0.0184668

42 49 0.0166032

43 49 0.0146741

44 49 0.0126871

45 49 0.01065

46 49 0.00857086

47 49 0.00645792

48 49 0.00431949

49 49 0.00216402

50 49 0

