0 1 0

1 1 0.00181905

2 1 0.00363092

3 1 0.00542846

4 1 0.00720458

5 1 0.00895227

6 1 0.0106646

7 1 0.0123349

8 1 0.0139565

9 1 0.015523

10 1 0.0170282

11 1 0.0184663

12 1 0.0198314

13 1 0.0211183

14 1 0.0223219

15 1 0.0234373

16 1 0.0244603

17 1 0.0253867

18 1 0.026213

19 1 0.0269358

20 1 0.0275522

21 1 0.02806

22 1 0.028457

23 1 0.0287417

24 1 0.028913

25 1 0.0289701

26 1 0.028913

27 1 0.0287417

28 1 0.028457

29 1 0.02806

30 1 0.0275522

31 1 0.0269358

32 1 0.026213

33 1 0.0253867

34 1 0.0244603

35 1 0.0234373

36 1 0.0223219

37 1 0.0211183

38 1 0.0198314

39 1 0.0184663

40 1 0.0170282

41 1 0.015523

42 1 0.0139565

43 1 0.0123349

44 1 0.0106646

45 1 0.00895227

46 1 0.00720458

47 1 0.00542846

48 1 0.00363092

49 1 0.00181905

50 1 0

0 2 0

1 2 0.00363092

2 2 0.00724751

3 2 0.0108355

4 2 0.0143807

5 2 0.0178692

6 2 0.0212871

7 2 0.0246211

8 2 0.0278579

9 2 0.0309847

10 2 0.0339892

11 2 0.0368596

12 2 0.0395846

13 2 0.0421533

14 2 0.0445557

15 2 0.0467822

16 2 0.0488241

17 2 0.0506733

18 2 0.0523225

19 2 0.0537652

20 2 0.0549957

21 2 0.0560092

22 2 0.0568017

23 2 0.05737

24 2 0.0577118

25 2 0.0578259

26 2 0.0577118

27 2 0.05737

28 2 0.0568017

29 2 0.0560092

30 2 0.0549957

31 2 0.0537652

32 2 0.0523225

33 2 0.0506733

34 2 0.0488241

35 2 0.0467822

36 2 0.0445557

37 2 0.0421533

38 2 0.0395846

39 2 0.0368596

40 2 0.0339892

41 2 0.0309847

42 2 0.0278579

43 2 0.0246211

44 2 0.0212871

45 2 0.0178692

46 2 0.0143807

47 2 0.0108355

48 2 0.00724751

49 2 0.00363092

50 2 0

0 3 0

1 3 0.00542846

2 3 0.0108355

3 3 0.0161998

4 3 0.0215001

5 3 0.0267156

6 3 0.0318257

7 3 0.0368101

8 3 0.0416493

9 3 0.0463241

10 3 0.0508161

11 3 0.0551076

12 3 0.0591815

13 3 0.0630219

14 3 0.0666136

15 3 0.0699424

16 3 0.0729951

17 3 0.0757598

18 3 0.0782255

19 3 0.0803825

20 3 0.0822222

21 3 0.0837374

22 3 0.0849222

23 3 0.0857718

24 3 0.0862829

25 3 0.0864535

26 3 0.0862829

27 3 0.0857718

28 3 0.0849222

29 3 0.0837374

30 3 0.0822222

31 3 0.0803825

32 3 0.0782255

33 3 0.0757598

34 3 0.0729951

35 3 0.0699424

36 3 0.0666136

37 3 0.0630219

38 3 0.0591815

39 3 0.0551076

40 3 0.0508161

41 3 0.0463241

42 3 0.0416493

43 3 0.0368101

44 3 0.0318257

45 3 0.0267156

46 3 0.0215001

47 3 0.0161998

48 3 0.0108355

49 3 0.00542846

50 3 0

0 4 0

1 4 0.00720458

2 4 0.0143807

3 4 0.0215001

4 4 0.0285347

5 4 0.0354566

6 4 0.0422386

7 4 0.0488539

8 4 0.0552764

9 4 0.0614807

10 4 0.0674424

11 4 0.073138

12 4 0.0785449

13 4 0.0836418

14 4 0.0884086

15 4 0.0928266

16 4 0.0968781

17 4 0.100547

18 4 0.10382

19 4 0.106682

20 4 0.109124

21 4 0.111135

22 4 0.112708

23 4 0.113835

24 4 0.114514

25 4 0.11474

26 4 0.114514

27 4 0.113835

28 4 0.112708

29 4 0.111135

30 4 0.109124

31 4 0.106682

32 4 0.10382

33 4 0.100547

34 4 0.0968781

35 4 0.0928266

36 4 0.0884086

37 4 0.0836418

38 4 0.0785449

39 4 0.073138

40 4 0.0674424

41 4 0.0614807

42 4 0.0552764

43 4 0.0488539

44 4 0.0422386

45 4 0.0354566

46 4 0.0285347

47 4 0.0215001

48 4 0.0143807

49 4 0.00720458

50 4 0

0 5 0

1 5 0.00895227

2 5 0.0178692

3 5 0.0267156

4 5 0.0354566

5 5 0.0440576

6 5 0.0524848

7 5 0.0607048

8 5 0.0686853

9 5 0.0763947

10 5 0.0838026

11 5 0.0908798

12 5 0.0975983

13 5 0.103932

14 5 0.109855

15 5 0.115344

16 5 0.120379

17 5 0.124938

18 5 0.129004

19 5 0.132562

20 5 0.135595

21 5 0.138094

22 5 0.140048

23 5 0.141449

24 5 0.142292

25 5 0.142574

26 5 0.142292

27 5 0.141449

28 5 0.140048

29 5 0.138094

30 5 0.135595

31 5 0.132562

32 5 0.129004

33 5 0.124938

34 5 0.120379

35 5 0.115344

36 5 0.109855

37 5 0.103932

38 5 0.0975983

39 5 0.0908798

40 5 0.0838026

41 5 0.0763947

42 5 0.0686853

43 5 0.0607048

44 5 0.0524848

45 5 0.0440576

46 5 0.0354566

47 5 0.0267156

48 5 0.0178692

49 5 0.00895227

50 5 0

0 6 0

1 6 0.0106646

2 6 0.0212871

3 6 0.0318257

4 6 0.0422386

5 6 0.0524848

6 6 0.0625239

7 6 0.0723162

8 6 0.0818232

9 6 0.0910072

10 6 0.099832

11 6 0.108263

12 6 0.116267

13 6 0.123811

14 6 0.130867

15 6 0.137407

16 6 0.143404

17 6 0.148836

18 6 0.15368

19 6 0.157917

20 6 0.161532

21 6 0.164508

22 6 0.166836

23 6 0.168505

24 6 0.169509

25 6 0.169844

26 6 0.169509

27 6 0.168505

28 6 0.166836

29 6 0.164508

30 6 0.161532

31 6 0.157917

32 6 0.15368

33 6 0.148836

34 6 0.143404

35 6 0.137407

36 6 0.130867

37 6 0.123811

38 6 0.116267

39 6 0.108263

40 6 0.099832

41 6 0.0910072

42 6 0.0818232

43 6 0.0723162

44 6 0.0625239

45 6 0.0524848

46 6 0.0422386

47 6 0.0318257

48 6 0.0212871

49 6 0.0106646

50 6 0

0 7 0

1 7 0.0123349

2 7 0.0246211

3 7 0.0368101

4 7 0.0488539

5 7 0.0607048

6 7 0.0723162

7 7 0.0836422

8 7 0.0946381

9 7 0.105261

10 7 0.115467

11 7 0.125219

12 7 0.134476

13 7 0.143202

14 7 0.151363

15 7 0.158927

16 7 0.165864

17 7 0.172146

18 7 0.177749

19 7 0.18265

20 7 0.18683

21 7 0.190273

22 7 0.192965

23 7 0.194896

24 7 0.196057

25 7 0.196445

26 7 0.196057

27 7 0.194896

28 7 0.192965

29 7 0.190273

30 7 0.18683

31 7 0.18265

32 7 0.177749

33 7 0.172146

34 7 0.165864

35 7 0.158927

36 7 0.151363

37 7 0.143202

38 7 0.134476

39 7 0.125219

40 7 0.115467

41 7 0.105261

42 7 0.0946381

43 7 0.0836422

44 7 0.0723162

45 7 0.0607048

46 7 0.0488539

47 7 0.0368101

48 7 0.0246211

49 7 0.0123349

50 7 0

0 8 0

1 8 0.0139565

2 8 0.0278579

3 8 0.0416493

4 8 0.0552764

5 8 0.0686853

6 8 0.0818232

7 8 0.0946381

8 8 0.10708

9 8 0.119098

10 8 0.130647

11 8 0.14168

12 8 0.152155

13 8 0.162028

14 8 0.171262

15 8 0.17982

16 8 0.187669

17 8 0.194777

18 8 0.201116

19 8 0.206662

20 8 0.211392

21 8 0.215287

22 8 0.218333

23 8 0.220518

24 8 0.221832

25 8 0.22227

26 8 0.221832

27 8 0.220518

28 8 0.218333

29 8 0.215287

30 8 0.211392

31 8 0.206662

32 8 0.201116

33 8 0.194777

34 8 0.187669

35 8 0.17982

36 8 0.171262

37 8 0.162028

38 8 0.152155

39 8 0.14168

40 8 0.130647

41 8 0.119098

42 8 0.10708

43 8 0.0946381

44 8 0.0818232

45 8 0.0686853

46 8 0.0552764

47 8 0.0416493

48 8 0.0278579

49 8 0.0139565

50 8 0

0 9 0

1 9 0.015523

2 9 0.0309847

3 9 0.0463241

4 9 0.0614807

5 9 0.0763947

6 9 0.0910072

7 9 0.105261

8 9 0.119098

9 9 0.132466

10 9 0.145311

11 9 0.157583

12 9 0.169233

13 9 0.180215

14 9 0.190485

15 9 0.200004

16 9 0.208733

17 9 0.216639

18 9 0.22369

19 9 0.229858

20 9 0.235119

21 9 0.239452

22 9 0.24284

23 9 0.245269

24 9 0.246731

25 9 0.247218

26 9 0.246731

27 9 0.245269

28 9 0.24284

29 9 0.239452

30 9 0.235119

31 9 0.229858

32 9 0.22369

33 9 0.216639

34 9 0.208733

35 9 0.200004

36 9 0.190485

37 9 0.180215

38 9 0.169233

39 9 0.157583

40 9 0.145311

41 9 0.132466

42 9 0.119098

43 9 0.105261

44 9 0.0910072

45 9 0.0763947

46 9 0.0614807

47 9 0.0463241

48 9 0.0309847

49 9 0.015523

50 9 0

0 10 0

1 10 0.0170282

2 10 0.0339892

3 10 0.0508161

4 10 0.0674424

5 10 0.0838026

6 10 0.099832

7 10 0.115467

8 10 0.130647

9 10 0.145311

10 10 0.159402

11 10 0.172864

12 10 0.185643

13 10 0.19769

14 10 0.208956

15 10 0.219398

16 10 0.228974

17 10 0.237646

18 10 0.245381

19 10 0.252147

20 10 0.257918

21 10 0.262671

22 10 0.266387

23 10 0.269053

24 10 0.270656

25 10 0.271191

26 10 0.270656

27 10 0.269053

28 10 0.266387

29 10 0.262671

30 10 0.257918

31 10 0.252147

32 10 0.245381

33 10 0.237646

34 10 0.228974

35 10 0.219398

36 10 0.208956

37 10 0.19769

38 10 0.185643

39 10 0.172864

40 10 0.159402

41 10 0.145311

42 10 0.130647

43 10 0.115467

44 10 0.099832

45 10 0.0838026

46 10 0.0674424

47 10 0.0508161

48 10 0.0339892

49 10 0.0170282

50 10 0

0 11 0

1 11 0.0184663

2 11 0.0368596

3 11 0.0551076

4 11 0.073138

5 11 0.0908798

6 11 0.108263

7 11 0.125219

8 11 0.14168

9 11 0.157583

10 11 0.172864

11 11 0.187462

12 11 0.201321

13 11 0.214385

14 11 0.226603

15 11 0.237926

16 11 0.248311

17 11 0.257716

18 11 0.266103

19 11 0.273441

20 11 0.279699

21 11 0.284854

22 11 0.288884

23 11 0.291774

24 11 0.293513

25 11 0.294093

26 11 0.293513

27 11 0.291774

28 11 0.288884

29 11 0.284854

30 11 0.279699

31 11 0.273441

32 11 0.266103

33 11 0.257716

34 11 0.248311

35 11 0.237926

36 11 0.226603

37 11 0.214385

38 11 0.201321

39 11 0.187462

40 11 0.172864

41 11 0.157583

42 11 0.14168

43 11 0.125219

44 11 0.108263

45 11 0.0908798

46 11 0.073138

47 11 0.0551076

48 11 0.0368596

49 11 0.0184663

50 11 0

0 12 0

1 12 0.0198314

2 12 0.0395846

3 12 0.0591815

4 12 0.0785449

5 12 0.0975983

6 12 0.116267

7 12 0.134476

8 12 0.152155

9 12 0.169233

10 12 0.185643

11 12 0.201321

12 12 0.216204

13 12 0.230234

14 12 0.243355

15 12 0.255516

16 12 0.266668

17 12 0.276768

18 12 0.285776

19 12 0.293656

20 12 0.300377

21 12 0.305912

22 12 0.31024

23 12 0.313344

24 12 0.315211

25 12 0.315835

26 12 0.315211

27 12 0.313344

28 12 0.31024

29 12 0.305912

30 12 0.300377

31 12 0.293656

32 12 0.285776

33 12 0.276768

34 12 0.266668

35 12 0.255516

36 12 0.243355

37 12 0.230234

38 12 0.216204

39 12 0.201321

40 12 0.185643

41 12 0.169233

42 12 0.152155

43 12 0.134476

44 12 0.116267

45 12 0.0975983

46 12 0.0785449

47 12 0.0591815

48 12 0.0395846

49 12 0.0198314

50 12 0

0 13 0

1 13 0.0211183

2 13 0.0421533

3 13 0.0630219

4 13 0.0836418

5 13 0.103932

6 13 0.123811

7 13 0.143202

8 13 0.162028

9 13 0.180215

10 13 0.19769

11 13 0.214385

12 13 0.230234

13 13 0.245174

14 13 0.259147

15 13 0.272097

16 13 0.283973

17 13 0.294728

18 13 0.30432

19 13 0.312712

20 13 0.319869

21 13 0.325763

22 13 0.330372

23 13 0.333678

24 13 0.335666

25 13 0.33633

26 13 0.335666

27 13 0.333678

28 13 0.330372

29 13 0.325763

30 13 0.319869

31 13 0.312712

32 13 0.30432

33 13 0.294728

34 13 0.283973

35 13 0.272097

36 13 0.259147

37 13 0.245174

38 13 0.230234

39 13 0.214385

40 13 0.19769

41 13 0.180215

42 13 0.162028

43 13 0.143202

44 13 0.123811

45 13 0.103932

46 13 0.0836418

47 13 0.0630219

48 13 0.0421533

49 13 0.0211183

50 13 0

0 14 0

1 14 0.0223219

2 14 0.0445557

3 14 0.0666136

4 14 0.0884086

5 14 0.109855

6 14 0.130867

7 14 0.151363

8 14 0.171262

9 14 0.190485

10 14 0.208956

11 14 0.226603

12 14 0.243355

13 14 0.259147

14 14 0.273916

15 14 0.287604

16 14 0.300156

17 14 0.311525

18 14 0.321664

19 14 0.330533

20 14 0.338098

21 14 0.344329

22 14 0.349201

23 14 0.352694

24 14 0.354796

25 14 0.355498

26 14 0.354796

27 14 0.352694

28 14 0.349201

29 14 0.344329

30 14 0.338098

31 14 0.330533

32 14 0.321664

33 14 0.311525

34 14 0.300156

35 14 0.287604

36 14 0.273916

37 14 0.259147

38 14 0.243355

39 14 0.226603

40 14 0.208956

41 14 0.190485

42 14 0.171262

43 14 0.151363

44 14 0.130867

45 14 0.109855

46 14 0.0884086

47 14 0.0666136

48 14 0.0445557

49 14 0.0223219

50 14 0

0 15 0

1 15 0.0234373

2 15 0.0467822

3 15 0.0699424

4 15 0.0928266

5 15 0.115344

6 15 0.137407

7 15 0.158927

8 15 0.17982

9 15 0.200004

10 15 0.219398

11 15 0.237926

12 15 0.255516

13 15 0.272097

14 15 0.287604

15 15 0.301976

16 15 0.315156

17 15 0.327092

18 15 0.337738

19 15 0.347051

20 15 0.354994

21 15 0.361536

22 15 0.366651

23 15 0.370319

24 15 0.372526

25 15 0.373262

26 15 0.372526

27 15 0.370319

28 15 0.366651

29 15 0.361536

30 15 0.354994

31 15 0.347051

32 15 0.337738

33 15 0.327092

34 15 0.315156

35 15 0.301976

36 15 0.287604

37 15 0.272097

38 15 0.255516

39 15 0.237926

40 15 0.219398

41 15 0.200004

42 15 0.17982

43 15 0.158927

44 15 0.137407

45 15 0.115344

46 15 0.0928266

47 15 0.0699424

48 15 0.0467822

49 15 0.0234373

50 15 0

0 16 0

1 16 0.0244603

2 16 0.0488241

3 16 0.0729951

4 16 0.0968781

5 16 0.120379

6 16 0.143404

7 16 0.165864

8 16 0.187669

9 16 0.208733

10 16 0.228974

11 16 0.248311

12 16 0.266668

13 16 0.283973

14 16 0.300156

15 16 0.315156

16 16 0.328911

17 16 0.341369

18 16 0.352479

19 16 0.362198

20 16 0.370488

21 16 0.377315

22 16 0.382654

23 16 0.386482

24 16 0.388785

25 16 0.389554

26 16 0.388785

27 16 0.386482

28 16 0.382654

29 16 0.377315

30 16 0.370488

31 16 0.362198

32 16 0.352479

33 16 0.341369

34 16 0.328911

35 16 0.315156

36 16 0.300156

37 16 0.283973

38 16 0.266668

39 16 0.248311

40 16 0.228974

41 16 0.208733

42 16 0.187669

43 16 0.165864

44 16 0.143404

45 16 0.120379

46 16 0.0968781

47 16 0.0729951

48 16 0.0488241

49 16 0.0244603

50 16 0

0 17 0

1 17 0.0253867

2 17 0.0506733

3 17 0.0757598

4 17 0.100547

5 17 0.124938

6 17 0.148836

7 17 0.172146

8 17 0.194777

9 17 0.216639

10 17 0.237646

11 17 0.257716

12 17 0.276768

13 17 0.294728

14 17 0.311525

15 17 0.327092

16 17 0.341369

17 17 0.354298

18 17 0.365829

19 17 0.375916

20 17 0.38452

21 17 0.391606

22 17 0.397147

23 17 0.40112

24 17 0.40351

25 17 0.404308

26 17 0.40351

27 17 0.40112

28 17 0.397147

29 17 0.391606

30 17 0.38452

31 17 0.375916

32 17 0.365829

33 17 0.354298

34 17 0.341369

35 17 0.327092

36 17 0.311525

37 17 0.294728

38 17 0.276768

39 17 0.257716

40 17 0.237646

41 17 0.216639

42 17 0.194777

43 17 0.172146

44 17 0.148836

45 17 0.124938

46 17 0.100547

47 17 0.0757598

48 17 0.0506733

49 17 0.0253867

50 17 0

0 18 0

1 18 0.026213

2 18 0.0523225

3 18 0.0782255

4 18 0.10382

5 18 0.129004

6 18 0.15368

7 18 0.177749

8 18 0.201116

9 18 0.22369

10 18 0.245381

11 18 0.266103

12 18 0.285776

13 18 0.30432

14 18 0.321664

15 18 0.337738

16 18 0.352479

17 18 0.365829

18 18 0.377735

19 18 0.388151

20 18 0.397035

21 18 0.404351

22 18 0.410072

23 18 0.414175

24 18 0.416643

25 18 0.417467

26 18 0.416643

27 18 0.414175

28 18 0.410072

29 18 0.404351

30 18 0.397035

31 18 0.388151

32 18 0.377735

33 18 0.365829

34 18 0.352479

35 18 0.337738

36 18 0.321664

37 18 0.30432

38 18 0.285776

39 18 0.266103

40 18 0.245381

41 18 0.22369

42 18 0.201116

43 18 0.177749

44 18 0.15368

45 18 0.129004

46 18 0.10382

47 18 0.0782255

48 18 0.0523225

49 18 0.026213

50 18 0

0 19 0

1 19 0.0269358

2 19 0.0537652

3 19 0.0803825

4 19 0.106682

5 19 0.132562

6 19 0.157917

7 19 0.18265

8 19 0.206662

9 19 0.229858

10 19 0.252147

11 19 0.273441

12 19 0.293656

13 19 0.312712

14 19 0.330533

15 19 0.347051

16 19 0.362198

17 19 0.375916

18 19 0.388151

19 19 0.398854

20 19 0.407982

21 19 0.415501

22 19 0.42138

23 19 0.425595

24 19 0.428132

25 19 0.428978

26 19 0.428132

27 19 0.425595

28 19 0.42138

29 19 0.415501

30 19 0.407982

31 19 0.398854

32 19 0.388151

33 19 0.375916

34 19 0.362198

35 19 0.347051

36 19 0.330533

37 19 0.312712

38 19 0.293656

39 19 0.273441

40 19 0.252147

41 19 0.229858

42 19 0.206662

43 19 0.18265

44 19 0.157917

45 19 0.132562

46 19 0.106682

47 19 0.0803825

48 19 0.0537652

49 19 0.0269358

50 19 0

0 20 0

1 20 0.0275522

2 20 0.0549957

3 20 0.0822222

4 20 0.109124

5 20 0.135595

6 20 0.161532

7 20 0.18683

8 20 0.211392

9 20 0.235119

10 20 0.257918

11 20 0.279699

12 20 0.300377

13 20 0.319869

14 20 0.338098

15 20 0.354994

16 20 0.370488

17 20 0.38452

18 20 0.397035

19 20 0.407982

20 20 0.41732

21 20 0.425011

22 20 0.431024

23 20 0.435336

24 20 0.43793

25 20 0.438796

26 20 0.43793

27 20 0.435336

28 20 0.431024

29 20 0.425011

30 20 0.41732

31 20 0.407982

32 20 0.397035

33 20 0.38452

34 20 0.370488

35 20 0.354994

36 20 0.338098

37 20 0.319869

38 20 0.300377

39 20 0.279699

40 20 0.257918

41 20 0.235119

42 20 0.211392

43 20 0.18683

44 20 0.161532

45 20 0.135595

46 20 0.109124

47 20 0.0822222

48 20 0.0549957

49 20 0.0275522

50 20 0

0 21 0

1 21 0.02806

2 21 0.0560092

3 21 0.0837374

4 21 0.111135

5 21 0.138094

6 21 0.164508

7 21 0.190273

8 21 0.215287

9 21 0.239452

10 21 0.262671

11 21 0.284854

12 21 0.305912

13 21 0.325763

14 21 0.344329

15 21 0.361536

16 21 0.377315

17 21 0.391606

18 21 0.404351

19 21 0.415501

20 21 0.425011

21 21 0.432843

22 21 0.438967

23 21 0.443359

24 21 0.446001

25 21 0.446883

26 21 0.446001

27 21 0.443359

28 21 0.438967

29 21 0.432843

30 21 0.425011

31 21 0.415501

32 21 0.404351

33 21 0.391606

34 21 0.377315

35 21 0.361536

36 21 0.344329

37 21 0.325763

38 21 0.305912

39 21 0.284854

40 21 0.262671

41 21 0.239452

42 21 0.215287

43 21 0.190273

44 21 0.164508

45 21 0.138094

46 21 0.111135

47 21 0.0837374

48 21 0.0560092

49 21 0.02806

50 21 0

0 22 0

1 22 0.028457

2 22 0.0568017

3 22 0.0849222

4 22 0.112708

5 22 0.140048

6 22 0.166836

7 22 0.192965

8 22 0.218333

9 22 0.24284

10 22 0.266387

11 22 0.288884

12 22 0.31024

13 22 0.330372

14 22 0.349201

15 22 0.366651

16 22 0.382654

17 22 0.397147

18 22 0.410072

19 22 0.42138

20 22 0.431024

21 22 0.438967

22 22 0.445178

23 22 0.449632

24 22 0.452311

25 22 0.453205

26 22 0.452311

27 22 0.449632

28 22 0.445178

29 22 0.438967

30 22 0.431024

31 22 0.42138

32 22 0.410072

33 22 0.397147

34 22 0.382654

35 22 0.366651

36 22 0.349201

37 22 0.330372

38 22 0.31024

39 22 0.288884

40 22 0.266387

41 22 0.24284

42 22 0.218333

43 22 0.192965

44 22 0.166836

45 22 0.140048

46 22 0.112708

47 22 0.0849222

48 22 0.0568017

49 22 0.028457

50 22 0

0 23 0

1 23 0.0287417

2 23 0.05737

3 23 0.0857718

4 23 0.113835

5 23 0.141449

6 23 0.168505

7 23 0.194896

8 23 0.220518

9 23 0.245269

10 23 0.269053

11 23 0.291774

12 23 0.313344

13 23 0.333678

14 23 0.352694

15 23 0.370319

16 23 0.386482

17 23 0.40112

18 23 0.414175

19 23 0.425595

20 23 0.435336

21 23 0.443359

22 23 0.449632

23 23 0.45413

24 23 0.456836

25 23 0.457739

26 23 0.456836

27 23 0.45413

28 23 0.449632

29 23 0.443359

30 23 0.435336

31 23 0.425595

32 23 0.414175

33 23 0.40112

34 23 0.386482

35 23 0.370319

36 23 0.352694

37 23 0.333678

38 23 0.313344

39 23 0.291774

40 23 0.269053

41 23 0.245269

42 23 0.220518

43 23 0.194896

44 23 0.168505

45 23 0.141449

46 23 0.113835

47 23 0.0857718

48 23 0.05737

49 23 0.0287417

50 23 0

0 24 0

1 24 0.028913

2 24 0.0577118

3 24 0.0862829

4 24 0.114514

5 24 0.142292

6 24 0.169509

7 24 0.196057

8 24 0.221832

9 24 0.246731

10 24 0.270656

11 24 0.293513

12 24 0.315211

13 24 0.335666

14 24 0.354796

15 24 0.372526

16 24 0.388785

17 24 0.40351

18 24 0.416643

19 24 0.428132

20 24 0.43793

21 24 0.446001

22 24 0.452311

23 24 0.456836

24 24 0.459559

25 24 0.460467

26 24 0.459559

27 24 0.456836

28 24 0.452311

29 24 0.446001

30 24 0.43793

31 24 0.428132

32 24 0.416643

33 24 0.40351

34 24 0.388785

35 24 0.372526

36 24 0.354796

37 24 0.335666

38 24 0.315211

39 24 0.293513

40 24 0.270656

41 24 0.246731

42 24 0.221832

43 24 0.196057

44 24 0.169509

45 24 0.142292

46 24 0.114514

47 24 0.0862829

48 24 0.0577118

49 24 0.028913

50 24 0

0 25 0

1 25 0.0289701

2 25 0.0578259

3 25 0.0864535

4 25 0.11474

5 25 0.142574

6 25 0.169844

7 25 0.196445

8 25 0.22227

9 25 0.247218

10 25 0.271191

11 25 0.294093

12 25 0.315835

13 25 0.33633

14 25 0.355498

15 25 0.373262

16 25 0.389554

17 25 0.404308

18 25 0.417467

19 25 0.428978

20 25 0.438796

21 25 0.446883

22 25 0.453205

23 25 0.457739

24 25 0.460467

25 25 0.461378

26 25 0.460467

27 25 0.457739

28 25 0.453205

29 25 0.446883

30 25 0.438796

31 25 0.428978

32 25 0.417467

33 25 0.404308

34 25 0.389554

35 25 0.373262

36 25 0.355498

37 25 0.33633

38 25 0.315835

39 25 0.294093

40 25 0.271191

41 25 0.247218

42 25 0.22227

43 25 0.196445

44 25 0.169844

45 25 0.142574

46 25 0.11474

47 25 0.0864535

48 25 0.0578259

49 25 0.0289701

50 25 0

0 26 0

1 26 0.028913

2 26 0.0577118

3 26 0.0862829

4 26 0.114514

5 26 0.142292

6 26 0.169509

7 26 0.196057

8 26 0.221832

9 26 0.246731

10 26 0.270656

11 26 0.293513

12 26 0.315211

13 26 0.335666

14 26 0.354796

15 26 0.372526

16 26 0.388785

17 26 0.40351

18 26 0.416643

19 26 0.428132

20 26 0.43793

21 26 0.446001

22 26 0.452311

23 26 0.456836

24 26 0.459559

25 26 0.460467

26 26 0.459559

27 26 0.456836

28 26 0.452311

29 26 0.446001

30 26 0.43793

31 26 0.428132

32 26 0.416643

33 26 0.40351

34 26 0.388785

35 26 0.372526

36 26 0.354796

37 26 0.335666

38 26 0.315211

39 26 0.293513

40 26 0.270656

41 26 0.246731

42 26 0.221832

43 26 0.196057

44 26 0.169509

45 26 0.142292

46 26 0.114514

47 26 0.0862829

48 26 0.0577118

49 26 0.028913

50 26 0

0 27 0

1 27 0.0287417

2 27 0.05737

3 27 0.0857718

4 27 0.113835

5 27 0.141449

6 27 0.168505

7 27 0.194896

8 27 0.220518

9 27 0.245269

10 27 0.269053

11 27 0.291774

12 27 0.313344

13 27 0.333678

14 27 0.352694

15 27 0.370319

16 27 0.386482

17 27 0.40112

18 27 0.414175

19 27 0.425595

20 27 0.435336

21 27 0.443359

22 27 0.449632

23 27 0.45413

24 27 0.456836

25 27 0.457739

26 27 0.456836

27 27 0.45413

28 27 0.449632

29 27 0.443359

30 27 0.435336

31 27 0.425595

32 27 0.414175

33 27 0.40112

34 27 0.386482

35 27 0.370319

36 27 0.352694

37 27 0.333678

38 27 0.313344

39 27 0.291774

40 27 0.269053

41 27 0.245269

42 27 0.220518

43 27 0.194896

44 27 0.168505

45 27 0.141449

46 27 0.113835

47 27 0.0857718

48 27 0.05737

49 27 0.0287417

50 27 0

0 28 0

1 28 0.028457

2 28 0.0568017

3 28 0.0849222

4 28 0.112708

5 28 0.140048

6 28 0.166836

7 28 0.192965

8 28 0.218333

9 28 0.24284

10 28 0.266387

11 28 0.288884

12 28 0.31024

13 28 0.330372

14 28 0.349201

15 28 0.366651

16 28 0.382654

17 28 0.397147

18 28 0.410072

19 28 0.42138

20 28 0.431024

21 28 0.438967

22 28 0.445178

23 28 0.449632

24 28 0.452311

25 28 0.453205

26 28 0.452311

27 28 0.449632

28 28 0.445178

29 28 0.438967

30 28 0.431024

31 28 0.42138

32 28 0.410072

33 28 0.397147

34 28 0.382654

35 28 0.366651

36 28 0.349201

37 28 0.330372

38 28 0.31024

39 28 0.288884

40 28 0.266387

41 28 0.24284

42 28 0.218333

43 28 0.192965

44 28 0.166836

45 28 0.140048

46 28 0.112708

47 28 0.0849222

48 28 0.0568017

49 28 0.028457

50 28 0

0 29 0

1 29 0.02806

2 29 0.0560092

3 29 0.0837374

4 29 0.111135

5 29 0.138094

6 29 0.164508

7 29 0.190273

8 29 0.215287

9 29 0.239452

10 29 0.262671

11 29 0.284854

12 29 0.305912

13 29 0.325763

14 29 0.344329

15 29 0.361536

16 29 0.377315

17 29 0.391606

18 29 0.404351

19 29 0.415501

20 29 0.425011

21 29 0.432843

22 29 0.438967

23 29 0.443359

24 29 0.446001

25 29 0.446883

26 29 0.446001

27 29 0.443359

28 29 0.438967

29 29 0.432843

30 29 0.425011

31 29 0.415501

32 29 0.404351

33 29 0.391606

34 29 0.377315

35 29 0.361536

36 29 0.344329

37 29 0.325763

38 29 0.305912

39 29 0.284854

40 29 0.262671

41 29 0.239452

42 29 0.215287

43 29 0.190273

44 29 0.164508

45 29 0.138094

46 29 0.111135

47 29 0.0837374

48 29 0.0560092

49 29 0.02806

50 29 0

0 30 0

1 30 0.0275522

2 30 0.0549957

3 30 0.0822222

4 30 0.109124

5 30 0.135595

6 30 0.161532

7 30 0.18683

8 30 0.211392

9 30 0.235119

10 30 0.257918

11 30 0.279699

12 30 0.300377

13 30 0.319869

14 30 0.338098

15 30 0.354994

16 30 0.370488

17 30 0.38452

18 30 0.397035

19 30 0.407982

20 30 0.41732

21 30 0.425011

22 30 0.431024

23 30 0.435336

24 30 0.43793

25 30 0.438796

26 30 0.43793

27 30 0.435336

28 30 0.431024

29 30 0.425011

30 30 0.41732

31 30 0.407982

32 30 0.397035

33 30 0.38452

34 30 0.370488

35 30 0.354994

36 30 0.338098

37 30 0.319869

38 30 0.300377

39 30 0.279699

40 30 0.257918

41 30 0.235119

42 30 0.211392

43 30 0.18683

44 30 0.161532

45 30 0.135595

46 30 0.109124

47 30 0.0822222

48 30 0.0549957

49 30 0.0275522

50 30 0

0 31 0

1 31 0.0269358

2 31 0.0537652

3 31 0.0803825

4 31 0.106682

5 31 0.132562

6 31 0.157917

7 31 0.18265

8 31 0.206662

9 31 0.229858

10 31 0.252147

11 31 0.273441

12 31 0.293656

13 31 0.312712

14 31 0.330533

15 31 0.347051

16 31 0.362198

17 31 0.375916

18 31 0.388151

19 31 0.398854

20 31 0.407982

21 31 0.415501

22 31 0.42138

23 31 0.425595

24 31 0.428132

25 31 0.428978

26 31 0.428132

27 31 0.425595

28 31 0.42138

29 31 0.415501

30 31 0.407982

31 31 0.398854

32 31 0.388151

33 31 0.375916

34 31 0.362198

35 31 0.347051

36 31 0.330533

37 31 0.312712

38 31 0.293656

39 31 0.273441

40 31 0.252147

41 31 0.229858

42 31 0.206662

43 31 0.18265

44 31 0.157917

45 31 0.132562

46 31 0.106682

47 31 0.0803825

48 31 0.0537652

49 31 0.0269358

50 31 0

0 32 0

1 32 0.026213

2 32 0.0523225

3 32 0.0782255

4 32 0.10382

5 32 0.129004

6 32 0.15368

7 32 0.177749

8 32 0.201116

9 32 0.22369

10 32 0.245381

11 32 0.266103

12 32 0.285776

13 32 0.30432

14 32 0.321664

15 32 0.337738

16 32 0.352479

17 32 0.365829

18 32 0.377735

19 32 0.388151

20 32 0.397035

21 32 0.404351

22 32 0.410072

23 32 0.414175

24 32 0.416643

25 32 0.417467

26 32 0.416643

27 32 0.414175

28 32 0.410072

29 32 0.404351

30 32 0.397035

31 32 0.388151

32 32 0.377735

33 32 0.365829

34 32 0.352479

35 32 0.337738

36 32 0.321664

37 32 0.30432

38 32 0.285776

39 32 0.266103

40 32 0.245381

41 32 0.22369

42 32 0.201116

43 32 0.177749

44 32 0.15368

45 32 0.129004

46 32 0.10382

47 32 0.0782255

48 32 0.0523225

49 32 0.026213

50 32 0

0 33 0

1 33 0.0253867

2 33 0.0506733

3 33 0.0757598

4 33 0.100547

5 33 0.124938

6 33 0.148836

7 33 0.172146

8 33 0.194777

9 33 0.216639

10 33 0.237646

11 33 0.257716

12 33 0.276768

13 33 0.294728

14 33 0.311525

15 33 0.327092

16 33 0.341369

17 33 0.354298

18 33 0.365829

19 33 0.375916

20 33 0.38452

21 33 0.391606

22 33 0.397147

23 33 0.40112

24 33 0.40351

25 33 0.404308

26 33 0.40351

27 33 0.40112

28 33 0.397147

29 33 0.391606

30 33 0.38452

31 33 0.375916

32 33 0.365829

33 33 0.354298

34 33 0.341369

35 33 0.327092

36 33 0.311525

37 33 0.294728

38 33 0.276768

39 33 0.257716

40 33 0.237646

41 33 0.216639

42 33 0.194777

43 33 0.172146

44 33 0.148836

45 33 0.124938

46 33 0.100547

47 33 0.0757598

48 33 0.0506733

49 33 0.0253867

50 33 0

0 34 0

1 34 0.0244603

2 34 0.0488241

3 34 0.0729951

4 34 0.0968781

5 34 0.120379

6 34 0.143404

7 34 0.165864

8 34 0.187669

9 34 0.208733

10 34 0.228974

11 34 0.248311

12 34 0.266668

13 34 0.283973

14 34 0.300156

15 34 0.315156

16 34 0.328911

17 34 0.341369

18 34 0.352479

19 34 0.362198

20 34 0.370488

21 34 0.377315

22 34 0.382654

23 34 0.386482

24 34 0.388785

25 34 0.389554

26 34 0.388785

27 34 0.386482

28 34 0.382654

29 34 0.377315

30 34 0.370488

31 34 0.362198

32 34 0.352479

33 34 0.341369

34 34 0.328911

35 34 0.315156

36 34 0.300156

37 34 0.283973

38 34 0.266668

39 34 0.248311

40 34 0.228974

41 34 0.208733

42 34 0.187669

43 34 0.165864

44 34 0.143404

45 34 0.120379

46 34 0.0968781

47 34 0.0729951

48 34 0.0488241

49 34 0.0244603

50 34 0

0 35 0

1 35 0.0234373

2 35 0.0467822

3 35 0.0699424

4 35 0.0928266

5 35 0.115344

6 35 0.137407

7 35 0.158927

8 35 0.17982

9 35 0.200004

10 35 0.219398

11 35 0.237926

12 35 0.255516

13 35 0.272097

14 35 0.287604

15 35 0.301976

16 35 0.315156

17 35 0.327092

18 35 0.337738

19 35 0.347051

20 35 0.354994

21 35 0.361536

22 35 0.366651

23 35 0.370319

24 35 0.372526

25 35 0.373262

26 35 0.372526

27 35 0.370319

28 35 0.366651

29 35 0.361536

30 35 0.354994

31 35 0.347051

32 35 0.337738

33 35 0.327092

34 35 0.315156

35 35 0.301976

36 35 0.287604

37 35 0.272097

38 35 0.255516

39 35 0.237926

40 35 0.219398

41 35 0.200004

42 35 0.17982

43 35 0.158927

44 35 0.137407

45 35 0.115344

46 35 0.0928266

47 35 0.0699424

48 35 0.0467822

49 35 0.0234373

50 35 0

0 36 0

1 36 0.0223219

2 36 0.0445557

3 36 0.0666136

4 36 0.0884086

5 36 0.109855

6 36 0.130867

7 36 0.151363

8 36 0.171262

9 36 0.190485

10 36 0.208956

11 36 0.226603

12 36 0.243355

13 36 0.259147

14 36 0.273916

15 36 0.287604

16 36 0.300156

17 36 0.311525

18 36 0.321664

19 36 0.330533

20 36 0.338098

21 36 0.344329

22 36 0.349201

23 36 0.352694

24 36 0.354796

25 36 0.355498

26 36 0.354796

27 36 0.352694

28 36 0.349201

29 36 0.344329

30 36 0.338098

31 36 0.330533

32 36 0.321664

33 36 0.311525

34 36 0.300156

35 36 0.287604

36 36 0.273916

37 36 0.259147

38 36 0.243355

39 36 0.226603

40 36 0.208956

41 36 0.190485

42 36 0.171262

43 36 0.151363

44 36 0.130867

45 36 0.109855

46 36 0.0884086

47 36 0.0666136

48 36 0.0445557

49 36 0.0223219

50 36 0

0 37 0

1 37 0.0211183

2 37 0.0421533

3 37 0.0630219

4 37 0.0836418

5 37 0.103932

6 37 0.123811

7 37 0.143202

8 37 0.162028

9 37 0.180215

10 37 0.19769

11 37 0.214385

12 37 0.230234

13 37 0.245174

14 37 0.259147

15 37 0.272097

16 37 0.283973

17 37 0.294728

18 37 0.30432

19 37 0.312712

20 37 0.319869

21 37 0.325763

22 37 0.330372

23 37 0.333678

24 37 0.335666

25 37 0.33633

26 37 0.335666

27 37 0.333678

28 37 0.330372

29 37 0.325763

30 37 0.319869

31 37 0.312712

32 37 0.30432

33 37 0.294728

34 37 0.283973

35 37 0.272097

36 37 0.259147

37 37 0.245174

38 37 0.230234

39 37 0.214385

40 37 0.19769

41 37 0.180215

42 37 0.162028

43 37 0.143202

44 37 0.123811

45 37 0.103932

46 37 0.0836418

47 37 0.0630219

48 37 0.0421533

49 37 0.0211183

50 37 0

0 38 0

1 38 0.0198314

2 38 0.0395846

3 38 0.0591815

4 38 0.0785449

5 38 0.0975983

6 38 0.116267

7 38 0.134476

8 38 0.152155

9 38 0.169233

10 38 0.185643

11 38 0.201321

12 38 0.216204

13 38 0.230234

14 38 0.243355

15 38 0.255516

16 38 0.266668

17 38 0.276768

18 38 0.285776

19 38 0.293656

20 38 0.300377

21 38 0.305912

22 38 0.31024

23 38 0.313344

24 38 0.315211

25 38 0.315835

26 38 0.315211

27 38 0.313344

28 38 0.31024

29 38 0.305912

30 38 0.300377

31 38 0.293656

32 38 0.285776

33 38 0.276768

34 38 0.266668

35 38 0.255516

36 38 0.243355

37 38 0.230234

38 38 0.216204

39 38 0.201321

40 38 0.185643

41 38 0.169233

42 38 0.152155

43 38 0.134476

44 38 0.116267

45 38 0.0975983

46 38 0.0785449

47 38 0.0591815

48 38 0.0395846

49 38 0.0198314

50 38 0

0 39 0

1 39 0.0184663

2 39 0.0368596

3 39 0.0551076

4 39 0.073138

5 39 0.0908798

6 39 0.108263

7 39 0.125219

8 39 0.14168

9 39 0.157583

10 39 0.172864

11 39 0.187462

12 39 0.201321

13 39 0.214385

14 39 0.226603

15 39 0.237926

16 39 0.248311

17 39 0.257716

18 39 0.266103

19 39 0.273441

20 39 0.279699

21 39 0.284854

22 39 0.288884

23 39 0.291774

24 39 0.293513

25 39 0.294093

26 39 0.293513

27 39 0.291774

28 39 0.288884

29 39 0.284854

30 39 0.279699

31 39 0.273441

32 39 0.266103

33 39 0.257716

34 39 0.248311

35 39 0.237926

36 39 0.226603

37 39 0.214385

38 39 0.201321

39 39 0.187462

40 39 0.172864

41 39 0.157583

42 39 0.14168

43 39 0.125219

44 39 0.108263

45 39 0.0908798

46 39 0.073138

47 39 0.0551076

48 39 0.0368596

49 39 0.0184663

50 39 0

0 40 0

1 40 0.0170282

2 40 0.0339892

3 40 0.0508161

4 40 0.0674424

5 40 0.0838026

6 40 0.099832

7 40 0.115467

8 40 0.130647

9 40 0.145311

10 40 0.159402

11 40 0.172864

12 40 0.185643

13 40 0.19769

14 40 0.208956

15 40 0.219398

16 40 0.228974

17 40 0.237646

18 40 0.245381

19 40 0.252147

20 40 0.257918

21 40 0.262671

22 40 0.266387

23 40 0.269053

24 40 0.270656

25 40 0.271191

26 40 0.270656

27 40 0.269053

28 40 0.266387

29 40 0.262671

30 40 0.257918

31 40 0.252147

32 40 0.245381

33 40 0.237646

34 40 0.228974

35 40 0.219398

36 40 0.208956

37 40 0.19769

38 40 0.185643

39 40 0.172864

40 40 0.159402

41 40 0.145311

42 40 0.130647

43 40 0.115467

44 40 0.099832

45 40 0.0838026

46 40 0.0674424

47 40 0.0508161

48 40 0.0339892

49 40 0.0170282

50 40 0

0 41 0

1 41 0.015523

2 41 0.0309847

3 41 0.0463241

4 41 0.0614807

5 41 0.0763947

6 41 0.0910072

7 41 0.105261

8 41 0.119098

9 41 0.132466

10 41 0.145311

11 41 0.157583

12 41 0.169233

13 41 0.180215

14 41 0.190485

15 41 0.200004

16 41 0.208733

17 41 0.216639

18 41 0.22369

19 41 0.229858

20 41 0.235119

21 41 0.239452

22 41 0.24284

23 41 0.245269

24 41 0.246731

25 41 0.247218

26 41 0.246731

27 41 0.245269

28 41 0.24284

29 41 0.239452

30 41 0.235119

31 41 0.229858

32 41 0.22369

33 41 0.216639

34 41 0.208733

35 41 0.200004

36 41 0.190485

37 41 0.180215

38 41 0.169233

39 41 0.157583

40 41 0.145311

41 41 0.132466

42 41 0.119098

43 41 0.105261

44 41 0.0910072

45 41 0.0763947

46 41 0.0614807

47 41 0.0463241

48 41 0.0309847

49 41 0.015523

50 41 0

0 42 0

1 42 0.0139565

2 42 0.0278579

3 42 0.0416493

4 42 0.0552764

5 42 0.0686853

6 42 0.0818232

7 42 0.0946381

8 42 0.10708

9 42 0.119098

10 42 0.130647

11 42 0.14168

12 42 0.152155

13 42 0.162028

14 42 0.171262

15 42 0.17982

16 42 0.187669

17 42 0.194777

18 42 0.201116

19 42 0.206662

20 42 0.211392

21 42 0.215287

22 42 0.218333

23 42 0.220518

24 42 0.221832

25 42 0.22227

26 42 0.221832

27 42 0.220518

28 42 0.218333

29 42 0.215287

30 42 0.211392

31 42 0.206662

32 42 0.201116

33 42 0.194777

34 42 0.187669

35 42 0.17982

36 42 0.171262

37 42 0.162028

38 42 0.152155

39 42 0.14168

40 42 0.130647

41 42 0.119098

42 42 0.10708

43 42 0.0946381

44 42 0.0818232

45 42 0.0686853

46 42 0.0552764

47 42 0.0416493

48 42 0.0278579

49 42 0.0139565

50 42 0

0 43 0

1 43 0.0123349

2 43 0.0246211

3 43 0.0368101

4 43 0.0488539

5 43 0.0607048

6 43 0.0723162

7 43 0.0836422

8 43 0.0946381

9 43 0.105261

10 43 0.115467

11 43 0.125219

12 43 0.134476

13 43 0.143202

14 43 0.151363

15 43 0.158927

16 43 0.165864

17 43 0.172146

18 43 0.177749

19 43 0.18265

20 43 0.18683

21 43 0.190273

22 43 0.192965

23 43 0.194896

24 43 0.196057

25 43 0.196445

26 43 0.196057

27 43 0.194896

28 43 0.192965

29 43 0.190273

30 43 0.18683

31 43 0.18265

32 43 0.177749

33 43 0.172146

34 43 0.165864

35 43 0.158927

36 43 0.151363

37 43 0.143202

38 43 0.134476

39 43 0.125219

40 43 0.115467

41 43 0.105261

42 43 0.0946381

43 43 0.0836422

44 43 0.0723162

45 43 0.0607048

46 43 0.0488539

47 43 0.0368101

48 43 0.0246211

49 43 0.0123349

50 43 0

0 44 0

1 44 0.0106646

2 44 0.0212871

3 44 0.0318257

4 44 0.0422386

5 44 0.0524848

6 44 0.0625239

7 44 0.0723162

8 44 0.0818232

9 44 0.0910072

10 44 0.099832

11 44 0.108263

12 44 0.116267

13 44 0.123811

14 44 0.130867

15 44 0.137407

16 44 0.143404

17 44 0.148836

18 44 0.15368

19 44 0.157917

20 44 0.161532

21 44 0.164508

22 44 0.166836

23 44 0.168505

24 44 0.169509

25 44 0.169844

26 44 0.169509

27 44 0.168505

28 44 0.166836

29 44 0.164508

30 44 0.161532

31 44 0.157917

32 44 0.15368

33 44 0.148836

34 44 0.143404

35 44 0.137407

36 44 0.130867

37 44 0.123811

38 44 0.116267

39 44 0.108263

40 44 0.099832

41 44 0.0910072

42 44 0.0818232

43 44 0.0723162

44 44 0.0625239

45 44 0.0524848

46 44 0.0422386

47 44 0.0318257

48 44 0.0212871

49 44 0.0106646

50 44 0

0 45 0

1 45 0.00895227

2 45 0.0178692

3 45 0.0267156

4 45 0.0354566

5 45 0.0440576

6 45 0.0524848

7 45 0.0607048

8 45 0.0686853

9 45 0.0763947

10 45 0.0838026

11 45 0.0908798

12 45 0.0975983

13 45 0.103932

14 45 0.109855

15 45 0.115344

16 45 0.120379

17 45 0.124938

18 45 0.129004

19 45 0.132562

20 45 0.135595

21 45 0.138094

22 45 0.140048

23 45 0.141449

24 45 0.142292

25 45 0.142574

26 45 0.142292

27 45 0.141449

28 45 0.140048

29 45 0.138094

30 45 0.135595

31 45 0.132562

32 45 0.129004

33 45 0.124938

34 45 0.120379

35 45 0.115344

36 45 0.109855

37 45 0.103932

38 45 0.0975983

39 45 0.0908798

40 45 0.0838026

41 45 0.0763947

42 45 0.0686853

43 45 0.0607048

44 45 0.0524848

45 45 0.0440576

46 45 0.0354566

47 45 0.0267156

48 45 0.0178692

49 45 0.00895227

50 45 0

0 46 0

1 46 0.00720458

2 46 0.0143807

3 46 0.0215001

4 46 0.0285347

5 46 0.0354566

6 46 0.0422386

7 46 0.0488539

8 46 0.0552764

9 46 0.0614807

10 46 0.0674424

11 46 0.073138

12 46 0.0785449

13 46 0.0836418

14 46 0.0884086

15 46 0.0928266

16 46 0.0968781

17 46 0.100547

18 46 0.10382

19 46 0.106682

20 46 0.109124

21 46 0.111135

22 46 0.112708

23 46 0.113835

24 46 0.114514

25 46 0.11474

26 46 0.114514

27 46 0.113835

28 46 0.112708

29 46 0.111135

30 46 0.109124

31 46 0.106682

32 46 0.10382

33 46 0.100547

34 46 0.0968781

35 46 0.0928266

36 46 0.0884086

37 46 0.0836418

38 46 0.0785449

39 46 0.073138

40 46 0.0674424

41 46 0.0614807

42 46 0.0552764

43 46 0.0488539

44 46 0.0422386

45 46 0.0354566

46 46 0.0285347

47 46 0.0215001

48 46 0.0143807

49 46 0.00720458

50 46 0

0 47 0

1 47 0.00542846

2 47 0.0108355

3 47 0.0161998

4 47 0.0215001

5 47 0.0267156

6 47 0.0318257

7 47 0.0368101

8 47 0.0416493

9 47 0.0463241

10 47 0.0508161

11 47 0.0551076

12 47 0.0591815

13 47 0.0630219

14 47 0.0666136

15 47 0.0699424

16 47 0.0729951

17 47 0.0757598

18 47 0.0782255

19 47 0.0803825

20 47 0.0822222

21 47 0.0837374

22 47 0.0849222

23 47 0.0857718

24 47 0.0862829

25 47 0.0864535

26 47 0.0862829

27 47 0.0857718

28 47 0.0849222

29 47 0.0837374

30 47 0.0822222

31 47 0.0803825

32 47 0.0782255

33 47 0.0757598

34 47 0.0729951

35 47 0.0699424

36 47 0.0666136

37 47 0.0630219

38 47 0.0591815

39 47 0.0551076

40 47 0.0508161

41 47 0.0463241

42 47 0.0416493

43 47 0.0368101

44 47 0.0318257

45 47 0.0267156

46 47 0.0215001

47 47 0.0161998

48 47 0.0108355

49 47 0.00542846

50 47 0

0 48 0

1 48 0.00363092

2 48 0.00724751

3 48 0.0108355

4 48 0.0143807

5 48 0.0178692

6 48 0.0212871

7 48 0.0246211

8 48 0.0278579

9 48 0.0309847

10 48 0.0339892

11 48 0.0368596

12 48 0.0395846

13 48 0.0421533

14 48 0.0445557

15 48 0.0467822

16 48 0.0488241

17 48 0.0506733

18 48 0.0523225

19 48 0.0537652

20 48 0.0549957

21 48 0.0560092

22 48 0.0568017

23 48 0.05737

24 48 0.0577118

25 48 0.0578259

26 48 0.0577118

27 48 0.05737

28 48 0.0568017

29 48 0.0560092

30 48 0.0549957

31 48 0.0537652

32 48 0.0523225

33 48 0.0506733

34 48 0.0488241

35 48 0.0467822

36 48 0.0445557

37 48 0.0421533

38 48 0.0395846

39 48 0.0368596

40 48 0.0339892

41 48 0.0309847

42 48 0.0278579

43 48 0.0246211

44 48 0.0212871

45 48 0.0178692

46 48 0.0143807

47 48 0.0108355

48 48 0.00724751

49 48 0.00363092

50 48 0

0 49 0

1 49 0.00181905

2 49 0.00363092

3 49 0.00542846

4 49 0.00720458

5 49 0.00895227

6 49 0.0106646

7 49 0.0123349

8 49 0.0139565

9 49 0.015523

10 49 0.0170282

11 49 0.0184663

12 49 0.0198314

13 49 0.0211183

14 49 0.0223219

15 49 0.0234373

16 49 0.0244603

17 49 0.0253867

18 49 0.026213

19 49 0.0269358

20 49 0.0275522

21 49 0.02806

22 49 0.028457

23 49 0.0287417

24 49 0.028913

25 49 0.0289701

26 49 0.028913

27 49 0.0287417

28 49 0.028457

29 49 0.02806

30 49 0.0275522

31 49 0.0269358

32 49 0.026213

33 49 0.0253867

34 49 0.0244603

35 49 0.0234373

36 49 0.0223219

37 49 0.0211183

38 49 0.0198314

39 49 0.0184663

40 49 0.0170282

41 49 0.015523

42 49 0.0139565

43 49 0.0123349

44 49 0.0106646

45 49 0.00895227

46 49 0.00720458

47 49 0.00542846

48 49 0.00363092

49 49 0.00181905

50 49 0

