0 1 0

1 1 0.000310437

2 1 0.000619649

3 1 0.000926416

4 1 0.00122953

5 1 0.00152778

6 1 0.00182001

7 1 0.00210506

8 1 0.0023818

9 1 0.00264914

10 1 0.00290602

11 1 0.00315143

12 1 0.00338441

13 1 0.00360403

14 1 0.00380943

15 1 0.00399979

16 1 0.00417437

17 1 0.00433247

18 1 0.00447348

19 1 0.00459683

20 1 0.00470204

21 1 0.00478869

22 1 0.00485644

23 1 0.00490503

24 1 0.00493426

25 1 0.00494401

26 1 0.00493426

27 1 0.00490503

28 1 0.00485644

29 1 0.00478869

30 1 0.00470204

31 1 0.00459683

32 1 0.00447348

33 1 0.00433247

34 1 0.00417437

35 1 0.00399979

36 1 0.00380943

37 1 0.00360403

38 1 0.00338441

39 1 0.00315143

40 1 0.00290602

41 1 0.00264914

42 1 0.0023818

43 1 0.00210506

44 1 0.00182001

45 1 0.00152778

46 1 0.00122953

47 1 0.000926416

48 1 0.000619649

49 1 0.000310437

50 1 0

0 2 0

1 2 0.000619649

2 2 0.00123685

3 2 0.00184918

4 2 0.0024542

5 2 0.00304954

6 2 0.00363284

7 2 0.00420181

8 2 0.00475419

9 2 0.00528782

10 2 0.00580057

11 2 0.00629043

12 2 0.00675546

13 2 0.00719384

14 2 0.00760382

15 2 0.0079838

16 2 0.00833226

17 2 0.00864785

18 2 0.0089293

19 2 0.00917551

20 2 0.00938552

21 2 0.00955848

22 2 0.00969372

23 2 0.0097907

24 2 0.00984904

25 2 0.00986852

26 2 0.00984904

27 2 0.0097907

28 2 0.00969372

29 2 0.00955848

30 2 0.00938552

31 2 0.00917551

32 2 0.0089293

33 2 0.00864785

34 2 0.00833226

35 2 0.0079838

36 2 0.00760382

37 2 0.00719384

38 2 0.00675546

39 2 0.00629043

40 2 0.00580057

41 2 0.00528782

42 2 0.00475419

43 2 0.00420181

44 2 0.00363284

45 2 0.00304954

46 2 0.0024542

47 2 0.00184918

48 2 0.00123685

49 2 0.000619649

50 2 0

0 3 0

1 3 0.000926416

2 3 0.00184918

3 3 0.00276464

4 3 0.00366919

5 3 0.00455926

6 3 0.00543134

7 3 0.00628198

8 3 0.00710783

9 3 0.00790563

10 3 0.00867223

11 3 0.0094046

12 3 0.0100999

13 3 0.0107553

14 3 0.0113682

15 3 0.0119363

16 3 0.0124573

17 3 0.0129291

18 3 0.0133499

19 3 0.013718

20 3 0.014032

21 3 0.0142905

22 3 0.0144927

23 3 0.0146377

24 3 0.014725

25 3 0.0147541

26 3 0.014725

27 3 0.0146377

28 3 0.0144927

29 3 0.0142905

30 3 0.014032

31 3 0.013718

32 3 0.0133499

33 3 0.0129291

34 3 0.0124573

35 3 0.0119363

36 3 0.0113682

37 3 0.0107553

38 3 0.0100999

39 3 0.0094046

40 3 0.00867223

41 3 0.00790563

42 3 0.00710783

43 3 0.00628198

44 3 0.00543134

45 3 0.00455926

46 3 0.00366919

47 3 0.00276464

48 3 0.00184918

49 3 0.000926416

50 3 0

0 4 0

1 4 0.00122953

2 4 0.0024542

3 4 0.00366919

4 4 0.0048697

5 4 0.00605099

6 4 0.00720839

7 4 0.00833735

8 4 0.00943341

9 4 0.0104922

10 4 0.0115097

11 4 0.0124817

12 4 0.0134044

13 4 0.0142742

14 4 0.0150877

15 4 0.0158417

16 4 0.0165331

17 4 0.0171593

18 4 0.0177178

19 4 0.0182063

20 4 0.018623

21 4 0.0189662

22 4 0.0192346

23 4 0.019427

24 4 0.0195428

25 4 0.0195814

26 4 0.0195428

27 4 0.019427

28 4 0.0192346

29 4 0.0189662

30 4 0.018623

31 4 0.0182063

32 4 0.0177178

33 4 0.0171593

34 4 0.0165331

35 4 0.0158417

36 4 0.0150877

37 4 0.0142742

38 4 0.0134044

39 4 0.0124817

40 4 0.0115097

41 4 0.0104922

42 4 0.00943341

43 4 0.00833735

44 4 0.00720839

45 4 0.00605099

46 4 0.0048697

47 4 0.00366919

48 4 0.0024542

49 4 0.00122953

50 4 0

0 5 0

1 5 0.00152778

2 5 0.00304954

3 5 0.00455926

4 5 0.00605099

5 5 0.00751883

6 5 0.008957

7 5 0.0103598

8 5 0.0117218

9 5 0.0130374

10 5 0.0143017

11 5 0.0155094

12 5 0.016656

13 5 0.0177369

14 5 0.0187477

15 5 0.0196846

16 5 0.0205437

17 5 0.0213218

18 5 0.0220158

19 5 0.0226228

20 5 0.0231406

21 5 0.023567

22 5 0.0239005

23 5 0.0241396

24 5 0.0242834

25 5 0.0243314

26 5 0.0242834

27 5 0.0241396

28 5 0.0239005

29 5 0.023567

30 5 0.0231406

31 5 0.0226228

32 5 0.0220158

33 5 0.0213218

34 5 0.0205437

35 5 0.0196846

36 5 0.0187477

37 5 0.0177369

38 5 0.016656

39 5 0.0155094

40 5 0.0143017

41 5 0.0130374

42 5 0.0117218

43 5 0.0103598

44 5 0.008957

45 5 0.00751883

46 5 0.00605099

47 5 0.00455926

48 5 0.00304954

49 5 0.00152778

50 5 0

0 6 0

1 6 0.00182001

2 6 0.00363284

3 6 0.00543134

4 6 0.00720839

5 6 0.008957

6 6 0.0106703

7 6 0.0123414

8 6 0.0139639

9 6 0.0155312

10 6 0.0170372

11 6 0.018476

12 6 0.0198419

13 6 0.0211295

14 6 0.0223337

15 6 0.0234497

16 6 0.0244732

17 6 0.0254002

18 6 0.0262268

19 6 0.02695

20 6 0.0275668

21 6 0.0280748

22 6 0.0284721

23 6 0.0287569

24 6 0.0289283

25 6 0.0289855

26 6 0.0289283

27 6 0.0287569

28 6 0.0284721

29 6 0.0280748

30 6 0.0275668

31 6 0.02695

32 6 0.0262268

33 6 0.0254002

34 6 0.0244732

35 6 0.0234497

36 6 0.0223337

37 6 0.0211295

38 6 0.0198419

39 6 0.018476

40 6 0.0170372

41 6 0.0155312

42 6 0.0139639

43 6 0.0123414

44 6 0.0106703

45 6 0.008957

46 6 0.00720839

47 6 0.00543134

48 6 0.00363284

49 6 0.00182001

50 6 0

0 7 0

1 7 0.00210506

2 7 0.00420181

3 7 0.00628198

4 7 0.00833735

5 7 0.0103598

6 7 0.0123414

7 7 0.0142743

8 7 0.0161508

9 7 0.0179636

10 7 0.0197056

11 7 0.0213697

12 7 0.0229495

13 7 0.0244387

14 7 0.0258315

15 7 0.0271224

16 7 0.0283062

17 7 0.0293783

18 7 0.0303344

19 7 0.0311709

20 7 0.0318843

21 7 0.0324719

22 7 0.0329313

23 7 0.0332607

24 7 0.033459

25 7 0.0335251

26 7 0.033459

27 7 0.0332607

28 7 0.0329313

29 7 0.0324719

30 7 0.0318843

31 7 0.0311709

32 7 0.0303344

33 7 0.0293783

34 7 0.0283062

35 7 0.0271224

36 7 0.0258315

37 7 0.0244387

38 7 0.0229495

39 7 0.0213697

40 7 0.0197056

41 7 0.0179636

42 7 0.0161508

43 7 0.0142743

44 7 0.0123414

45 7 0.0103598

46 7 0.00833735

47 7 0.00628198

48 7 0.00420181

49 7 0.00210506

50 7 0

0 8 0

1 8 0.0023818

2 8 0.00475419

3 8 0.00710783

4 8 0.00943341

5 8 0.0117218

6 8 0.0139639

7 8 0.0161508

8 8 0.0182741

9 8 0.0203252

10 8 0.0222961

11 8 0.024179

12 8 0.0259665

13 8 0.0276515

14 8 0.0292274

15 8 0.030688

16 8 0.0320274

17 8 0.0332404

18 8 0.0343223

19 8 0.0352687

20 8 0.0360759

21 8 0.0367407

22 8 0.0372605

23 8 0.0376333

24 8 0.0378576

25 8 0.0379324

26 8 0.0378576

27 8 0.0376333

28 8 0.0372605

29 8 0.0367407

30 8 0.0360759

31 8 0.0352687

32 8 0.0343223

33 8 0.0332404

34 8 0.0320274

35 8 0.030688

36 8 0.0292274

37 8 0.0276515

38 8 0.0259665

39 8 0.024179

40 8 0.0222961

41 8 0.0203252

42 8 0.0182741

43 8 0.0161508

44 8 0.0139639

45 8 0.0117218

46 8 0.00943341

47 8 0.00710783

48 8 0.00475419

49 8 0.0023818

50 8 0

0 9 0

1 9 0.00264914

2 9 0.00528782

3 9 0.00790563

4 9 0.0104922

5 9 0.0130374

6 9 0.0155312

7 9 0.0179636

8 9 0.0203252

9 9 0.0226066

10 9 0.0247987

11 9 0.0268929

12 9 0.0288811

13 9 0.0307552

14 9 0.032508

15 9 0.0341325

16 9 0.0356222

17 9 0.0369714

18 9 0.0381747

19 9 0.0392273

20 9 0.0401251

21 9 0.0408646

22 9 0.0414427

23 9 0.0418574

24 9 0.0421068

25 9 0.04219

26 9 0.0421068

27 9 0.0418574

28 9 0.0414427

29 9 0.0408646

30 9 0.0401251

31 9 0.0392273

32 9 0.0381747

33 9 0.0369714

34 9 0.0356222

35 9 0.0341325

36 9 0.032508

37 9 0.0307552

38 9 0.0288811

39 9 0.0268929

40 9 0.0247987

41 9 0.0226066

42 9 0.0203252

43 9 0.0179636

44 9 0.0155312

45 9 0.0130374

46 9 0.0104922

47 9 0.00790563

48 9 0.00528782

49 9 0.00264914

50 9 0

0 10 0

1 10 0.00290602

2 10 0.00580057

3 10 0.00867223

4 10 0.0115097

5 10 0.0143017

6 10 0.0170372

7 10 0.0197056

8 10 0.0222961

9 10 0.0247987

10 10 0.0272034

11 10 0.0295007

12 10 0.0316816

13 10 0.0337375

14 10 0.0356603

15 10 0.0374422

16 10 0.0390765

17 10 0.0405565

18 10 0.0418765

19 10 0.0430311

20 10 0.044016

21 10 0.0448272

22 10 0.0454614

23 10 0.0459162

24 10 0.0461898

25 10 0.0462812

26 10 0.0461898

27 10 0.0459162

28 10 0.0454614

29 10 0.0448272

30 10 0.044016

31 10 0.0430311

32 10 0.0418765

33 10 0.0405565

34 10 0.0390765

35 10 0.0374422

36 10 0.0356603

37 10 0.0337375

38 10 0.0316816

39 10 0.0295007

40 10 0.0272034

41 10 0.0247987

42 10 0.0222961

43 10 0.0197056

44 10 0.0170372

45 10 0.0143017

46 10 0.0115097

47 10 0.00867223

48 10 0.00580057

49 10 0.00290602

50 10 0

0 11 0

1 11 0.00315143

2 11 0.00629043

3 11 0.0094046

4 11 0.0124817

5 11 0.0155094

6 11 0.018476

7 11 0.0213697

8 11 0.024179

9 11 0.0268929

10 11 0.0295007

11 11 0.0319921

12 11 0.0343572

13 11 0.0365867

14 11 0.0386718

15 11 0.0406043

16 11 0.0423765

17 11 0.0439815

18 11 0.0454129

19 11 0.0466651

20 11 0.0477332

21 11 0.0486128

22 11 0.0493006

23 11 0.0497939

24 11 0.0500906

25 11 0.0501896

26 11 0.0500906

27 11 0.0497939

28 11 0.0493006

29 11 0.0486128

30 11 0.0477332

31 11 0.0466651

32 11 0.0454129

33 11 0.0439815

34 11 0.0423765

35 11 0.0406043

36 11 0.0386718

37 11 0.0365867

38 11 0.0343572

39 11 0.0319921

40 11 0.0295007

41 11 0.0268929

42 11 0.024179

43 11 0.0213697

44 11 0.018476

45 11 0.0155094

46 11 0.0124817

47 11 0.0094046

48 11 0.00629043

49 11 0.00315143

50 11 0

0 12 0

1 12 0.00338441

2 12 0.00675546

3 12 0.0100999

4 12 0.0134044

5 12 0.016656

6 12 0.0198419

7 12 0.0229495

8 12 0.0259665

9 12 0.0288811

10 12 0.0316816

11 12 0.0343572

12 12 0.0368971

13 12 0.0392914

14 12 0.0415307

15 12 0.043606

16 12 0.0455093

17 12 0.0472329

18 12 0.0487702

19 12 0.050115

20 12 0.051262

21 12 0.0522067

22 12 0.0529453

23 12 0.053475

24 12 0.0537937

25 12 0.0539

26 12 0.0537937

27 12 0.053475

28 12 0.0529453

29 12 0.0522067

30 12 0.051262

31 12 0.050115

32 12 0.0487702

33 12 0.0472329

34 12 0.0455093

35 12 0.043606

36 12 0.0415307

37 12 0.0392914

38 12 0.0368971

39 12 0.0343572

40 12 0.0316816

41 12 0.0288811

42 12 0.0259665

43 12 0.0229495

44 12 0.0198419

45 12 0.016656

46 12 0.0134044

47 12 0.0100999

48 12 0.00675546

49 12 0.00338441

50 12 0

0 13 0

1 13 0.00360403

2 13 0.00719384

3 13 0.0107553

4 13 0.0142742

5 13 0.0177369

6 13 0.0211295

7 13 0.0244387

8 13 0.0276515

9 13 0.0307552

10 13 0.0337375

11 13 0.0365867

12 13 0.0392914

13 13 0.0418411

14 13 0.0442257

15 13 0.0464357

16 13 0.0484625

17 13 0.050298

18 13 0.051935

19 13 0.053367

20 13 0.0545885

21 13 0.0555944

22 13 0.056381

23 13 0.0569451

24 13 0.0572844

25 13 0.0573977

26 13 0.0572844

27 13 0.0569451

28 13 0.056381

29 13 0.0555944

30 13 0.0545885

31 13 0.053367

32 13 0.051935

33 13 0.050298

34 13 0.0484625

35 13 0.0464357

36 13 0.0442257

37 13 0.0418411

38 13 0.0392914

39 13 0.0365867

40 13 0.0337375

41 13 0.0307552

42 13 0.0276515

43 13 0.0244387

44 13 0.0211295

45 13 0.0177369

46 13 0.0142742

47 13 0.0107553

48 13 0.00719384

49 13 0.00360403

50 13 0

0 14 0

1 14 0.00380943

2 14 0.00760382

3 14 0.0113682

4 14 0.0150877

5 14 0.0187477

6 14 0.0223337

7 14 0.0258315

8 14 0.0292274

9 14 0.032508

10 14 0.0356603

11 14 0.0386718

12 14 0.0415307

13 14 0.0442257

14 14 0.0467461

15 14 0.0490821

16 14 0.0512244

17 14 0.0531645

18 14 0.0548948

19 14 0.0564085

20 14 0.0576995

21 14 0.0587628

22 14 0.0595942

23 14 0.0601905

24 14 0.0605491

25 14 0.0606688

26 14 0.0605491

27 14 0.0601905

28 14 0.0595942

29 14 0.0587628

30 14 0.0576995

31 14 0.0564085

32 14 0.0548948

33 14 0.0531645

34 14 0.0512244

35 14 0.0490821

36 14 0.0467461

37 14 0.0442257

38 14 0.0415307

39 14 0.0386718

40 14 0.0356603

41 14 0.032508

42 14 0.0292274

43 14 0.0258315

44 14 0.0223337

45 14 0.0187477

46 14 0.0150877

47 14 0.0113682

48 14 0.00760382

49 14 0.00380943

50 14 0

0 15 0

1 15 0.00399979

2 15 0.0079838

3 15 0.0119363

4 15 0.0158417

5 15 0.0196846

6 15 0.0234497

7 15 0.0271224

8 15 0.030688

9 15 0.0341325

10 15 0.0374422

11 15 0.0406043

12 15 0.043606

13 15 0.0464357

14 15 0.0490821

15 15 0.0515348

16 15 0.0537842

17 15 0.0558212

18 15 0.057638

19 15 0.0592273

20 15 0.0605828

21 15 0.0616993

22 15 0.0625722

23 15 0.0631983

24 15 0.0635749

25 15 0.0637006

26 15 0.0635749

27 15 0.0631983

28 15 0.0625722

29 15 0.0616993

30 15 0.0605828

31 15 0.0592273

32 15 0.057638

33 15 0.0558212

34 15 0.0537842

35 15 0.0515348

36 15 0.0490821

37 15 0.0464357

38 15 0.043606

39 15 0.0406043

40 15 0.0374422

41 15 0.0341325

42 15 0.030688

43 15 0.0271224

44 15 0.0234497

45 15 0.0196846

46 15 0.0158417

47 15 0.0119363

48 15 0.0079838

49 15 0.00399979

50 15 0

0 16 0

1 16 0.00417437

2 16 0.00833226

3 16 0.0124573

4 16 0.0165331

5 16 0.0205437

6 16 0.0244732

7 16 0.0283062

8 16 0.0320274

9 16 0.0356222

10 16 0.0390765

11 16 0.0423765

12 16 0.0455093

13 16 0.0484625

14 16 0.0512244

15 16 0.0537842

16 16 0.0561317

17 16 0.0582576

18 16 0.0601537

19 16 0.0618124

20 16 0.0632271

21 16 0.0643923

22 16 0.0653033

23 16 0.0659567

24 16 0.0663497

25 16 0.0664809

26 16 0.0663497

27 16 0.0659567

28 16 0.0653033

29 16 0.0643923

30 16 0.0632271

31 16 0.0618124

32 16 0.0601537

33 16 0.0582576

34 16 0.0561317

35 16 0.0537842

36 16 0.0512244

37 16 0.0484625

38 16 0.0455093

39 16 0.0423765

40 16 0.0390765

41 16 0.0356222

42 16 0.0320274

43 16 0.0283062

44 16 0.0244732

45 16 0.0205437

46 16 0.0165331

47 16 0.0124573

48 16 0.00833226

49 16 0.00417437

50 16 0

0 17 0

1 17 0.00433247

2 17 0.00864785

3 17 0.0129291

4 17 0.0171593

5 17 0.0213218

6 17 0.0254002

7 17 0.0293783

8 17 0.0332404

9 17 0.0369714

10 17 0.0405565

11 17 0.0439815

12 17 0.0472329

13 17 0.050298

14 17 0.0531645

15 17 0.0558212

16 17 0.0582576

17 17 0.0604641

18 17 0.062432

19 17 0.0641535

20 17 0.0656218

21 17 0.0668311

22 17 0.0677767

23 17 0.0684548

24 17 0.0688627

25 17 0.0689988

26 17 0.0688627

27 17 0.0684548

28 17 0.0677767

29 17 0.0668311

30 17 0.0656218

31 17 0.0641535

32 17 0.062432

33 17 0.0604641

34 17 0.0582576

35 17 0.0558212

36 17 0.0531645

37 17 0.050298

38 17 0.0472329

39 17 0.0439815

40 17 0.0405565

41 17 0.0369714

42 17 0.0332404

43 17 0.0293783

44 17 0.0254002

45 17 0.0213218

46 17 0.0171593

47 17 0.0129291

48 17 0.00864785

49 17 0.00433247

50 17 0

0 18 0

1 18 0.00447348

2 18 0.0089293

3 18 0.0133499

4 18 0.0177178

5 18 0.0220158

6 18 0.0262268

7 18 0.0303344

8 18 0.0343223

9 18 0.0381747

10 18 0.0418765

11 18 0.0454129

12 18 0.0487702

13 18 0.051935

14 18 0.0548948

15 18 0.057638

16 18 0.0601537

17 18 0.062432

18 18 0.0644639

19 18 0.0662414

20 18 0.0677575

21 18 0.0690062

22 18 0.0699825

23 18 0.0706827

24 18 0.0711039

25 18 0.0712445

26 18 0.0711039

27 18 0.0706827

28 18 0.0699825

29 18 0.0690062

30 18 0.0677575

31 18 0.0662414

32 18 0.0644639

33 18 0.062432

34 18 0.0601537

35 18 0.057638

36 18 0.0548948

37 18 0.051935

38 18 0.0487702

39 18 0.0454129

40 18 0.0418765

41 18 0.0381747

42 18 0.0343223

43 18 0.0303344

44 18 0.0262268

45 18 0.0220158

46 18 0.0177178

47 18 0.0133499

48 18 0.0089293

49 18 0.00447348

50 18 0

0 19 0

1 19 0.00459683

2 19 0.00917551

3 19 0.013718

4 19 0.0182063

5 19 0.0226228

6 19 0.02695

7 19 0.0311709

8 19 0.0352687

9 19 0.0392273

10 19 0.0430311

11 19 0.0466651

12 19 0.050115

13 19 0.053367

14 19 0.0564085

15 19 0.0592273

16 19 0.0618124

17 19 0.0641535

18 19 0.0662414

19 19 0.068068

20 19 0.0696258

21 19 0.070909

22 19 0.0719122

23 19 0.0726317

24 19 0.0730645

25 19 0.0732089

26 19 0.0730645

27 19 0.0726317

28 19 0.0719122

29 19 0.070909

30 19 0.0696258

31 19 0.068068

32 19 0.0662414

33 19 0.0641535

34 19 0.0618124

35 19 0.0592273

36 19 0.0564085

37 19 0.053367

38 19 0.050115

39 19 0.0466651

40 19 0.0430311

41 19 0.0392273

42 19 0.0352687

43 19 0.0311709

44 19 0.02695

45 19 0.0226228

46 19 0.0182063

47 19 0.013718

48 19 0.00917551

49 19 0.00459683

50 19 0

0 20 0

1 20 0.00470204

2 20 0.00938552

3 20 0.014032

4 20 0.018623

5 20 0.0231406

6 20 0.0275668

7 20 0.0318843

8 20 0.0360759

9 20 0.0401251

10 20 0.044016

11 20 0.0477332

12 20 0.051262

13 20 0.0545885

14 20 0.0576995

15 20 0.0605828

16 20 0.0632271

17 20 0.0656218

18 20 0.0677575

19 20 0.0696258

20 20 0.0712194

21 20 0.0725319

22 20 0.0735581

23 20 0.074294

24 20 0.0747367

25 20 0.0748845

26 20 0.0747367

27 20 0.074294

28 20 0.0735581

29 20 0.0725319

30 20 0.0712194

31 20 0.0696258

32 20 0.0677575

33 20 0.0656218

34 20 0.0632271

35 20 0.0605828

36 20 0.0576995

37 20 0.0545885

38 20 0.051262

39 20 0.0477332

40 20 0.044016

41 20 0.0401251

42 20 0.0360759

43 20 0.0318843

44 20 0.0275668

45 20 0.0231406

46 20 0.018623

47 20 0.014032

48 20 0.00938552

49 20 0.00470204

50 20 0

0 21 0

1 21 0.00478869

2 21 0.00955848

3 21 0.0142905

4 21 0.0189662

5 21 0.023567

6 21 0.0280748

7 21 0.0324719

8 21 0.0367407

9 21 0.0408646

10 21 0.0448272

11 21 0.0486128

12 21 0.0522067

13 21 0.0555944

14 21 0.0587628

15 21 0.0616993

16 21 0.0643923

17 21 0.0668311

18 21 0.0690062

19 21 0.070909

20 21 0.0725319

21 21 0.0738685

22 21 0.0749137

23 21 0.0756631

24 21 0.076114

25 21 0.0762645

26 21 0.076114

27 21 0.0756631

28 21 0.0749137

29 21 0.0738685

30 21 0.0725319

31 21 0.070909

32 21 0.0690062

33 21 0.0668311

34 21 0.0643923

35 21 0.0616993

36 21 0.0587628

37 21 0.0555944

38 21 0.0522067

39 21 0.0486128

40 21 0.0448272

41 21 0.0408646

42 21 0.0367407

43 21 0.0324719

44 21 0.0280748

45 21 0.023567

46 21 0.0189662

47 21 0.0142905

48 21 0.00955848

49 21 0.00478869

50 21 0

0 22 0

1 22 0.00485644

2 22 0.00969372

3 22 0.0144927

4 22 0.0192346

5 22 0.0239005

6 22 0.0284721

7 22 0.0329313

8 22 0.0372605

9 22 0.0414427

10 22 0.0454614

11 22 0.0493006

12 22 0.0529453

13 22 0.056381

14 22 0.0595942

15 22 0.0625722

16 22 0.0653033

17 22 0.0677767

18 22 0.0699825

19 22 0.0719122

20 22 0.0735581

21 22 0.0749137

22 22 0.0759736

23 22 0.0767337

24 22 0.0771909

25 22 0.0773436

26 22 0.0771909

27 22 0.0767337

28 22 0.0759736

29 22 0.0749137

30 22 0.0735581

31 22 0.0719122

32 22 0.0699825

33 22 0.0677767

34 22 0.0653033

35 22 0.0625722

36 22 0.0595942

37 22 0.056381

38 22 0.0529453

39 22 0.0493006

40 22 0.0454614

41 22 0.0414427

42 22 0.0372605

43 22 0.0329313

44 22 0.0284721

45 22 0.0239005

46 22 0.0192346

47 22 0.0144927

48 22 0.00969372

49 22 0.00485644

50 22 0

0 23 0

1 23 0.00490503

2 23 0.0097907

3 23 0.0146377

4 23 0.019427

5 23 0.0241396

6 23 0.0287569

7 23 0.0332607

8 23 0.0376333

9 23 0.0418574

10 23 0.0459162

11 23 0.0497939

12 23 0.053475

13 23 0.0569451

14 23 0.0601905

15 23 0.0631983

16 23 0.0659567

17 23 0.0684548

18 23 0.0706827

19 23 0.0726317

20 23 0.074294

21 23 0.0756631

22 23 0.0767337

23 23 0.0775014

24 23 0.0779632

25 23 0.0781173

26 23 0.0779632

27 23 0.0775014

28 23 0.0767337

29 23 0.0756631

30 23 0.074294

31 23 0.0726317

32 23 0.0706827

33 23 0.0684548

34 23 0.0659567

35 23 0.0631983

36 23 0.0601905

37 23 0.0569451

38 23 0.053475

39 23 0.0497939

40 23 0.0459162

41 23 0.0418574

42 23 0.0376333

43 23 0.0332607

44 23 0.0287569

45 23 0.0241396

46 23 0.019427

47 23 0.0146377

48 23 0.0097907

49 23 0.00490503

50 23 0

0 24 0

1 24 0.00493426

2 24 0.00984904

3 24 0.014725

4 24 0.0195428

5 24 0.0242834

6 24 0.0289283

7 24 0.033459

8 24 0.0378576

9 24 0.0421068

10 24 0.0461898

11 24 0.0500906

12 24 0.0537937

13 24 0.0572844

14 24 0.0605491

15 24 0.0635749

16 24 0.0663497

17 24 0.0688627

18 24 0.0711039

19 24 0.0730645

20 24 0.0747367

21 24 0.076114

22 24 0.0771909

23 24 0.0779632

24 24 0.0784278

25 24 0.0785829

26 24 0.0784278

27 24 0.0779632

28 24 0.0771909

29 24 0.076114

30 24 0.0747367

31 24 0.0730645

32 24 0.0711039

33 24 0.0688627

34 24 0.0663497

35 24 0.0635749

36 24 0.0605491

37 24 0.0572844

38 24 0.0537937

39 24 0.0500906

40 24 0.0461898

41 24 0.0421068

42 24 0.0378576

43 24 0.033459

44 24 0.0289283

45 24 0.0242834

46 24 0.0195428

47 24 0.014725

48 24 0.00984904

49 24 0.00493426

50 24 0

0 25 0

1 25 0.00494401

2 25 0.00986852

3 25 0.0147541

4 25 0.0195814

5 25 0.0243314

6 25 0.0289855

7 25 0.0335251

8 25 0.0379324

9 25 0.04219

10 25 0.0462812

11 25 0.0501896

12 25 0.0539

13 25 0.0573977

14 25 0.0606688

15 25 0.0637006

16 25 0.0664809

17 25 0.0689988

18 25 0.0712445

19 25 0.0732089

20 25 0.0748845

21 25 0.0762645

22 25 0.0773436

23 25 0.0781173

24 25 0.0785829

25 25 0.0787382

26 25 0.0785829

27 25 0.0781173

28 25 0.0773436

29 25 0.0762645

30 25 0.0748845

31 25 0.0732089

32 25 0.0712445

33 25 0.0689988

34 25 0.0664809

35 25 0.0637006

36 25 0.0606688

37 25 0.0573977

38 25 0.0539

39 25 0.0501896

40 25 0.0462812

41 25 0.04219

42 25 0.0379324

43 25 0.0335251

44 25 0.0289855

45 25 0.0243314

46 25 0.0195814

47 25 0.0147541

48 25 0.00986852

49 25 0.00494401

50 25 0

0 26 0

1 26 0.00493426

2 26 0.00984904

3 26 0.014725

4 26 0.0195428

5 26 0.0242834

6 26 0.0289283

7 26 0.033459

8 26 0.0378576

9 26 0.0421068

10 26 0.0461898

11 26 0.0500906

12 26 0.0537937

13 26 0.0572844

14 26 0.0605491

15 26 0.0635749

16 26 0.0663497

17 26 0.0688627

18 26 0.0711039

19 26 0.0730645

20 26 0.0747367

21 26 0.076114

22 26 0.0771909

23 26 0.0779632

24 26 0.0784278

25 26 0.0785829

26 26 0.0784278

27 26 0.0779632

28 26 0.0771909

29 26 0.076114

30 26 0.0747367

31 26 0.0730645

32 26 0.0711039

33 26 0.0688627

34 26 0.0663497

35 26 0.0635749

36 26 0.0605491

37 26 0.0572844

38 26 0.0537937

39 26 0.0500906

40 26 0.0461898

41 26 0.0421068

42 26 0.0378576

43 26 0.033459

44 26 0.0289283

45 26 0.0242834

46 26 0.0195428

47 26 0.014725

48 26 0.00984904

49 26 0.00493426

50 26 0

0 27 0

1 27 0.00490503

2 27 0.0097907

3 27 0.0146377

4 27 0.019427

5 27 0.0241396

6 27 0.0287569

7 27 0.0332607

8 27 0.0376333

9 27 0.0418574

10 27 0.0459162

11 27 0.0497939

12 27 0.053475

13 27 0.0569451

14 27 0.0601905

15 27 0.0631983

16 27 0.0659567

17 27 0.0684548

18 27 0.0706827

19 27 0.0726317

20 27 0.074294

21 27 0.0756631

22 27 0.0767337

23 27 0.0775014

24 27 0.0779632

25 27 0.0781173

26 27 0.0779632

27 27 0.0775014

28 27 0.0767337

29 27 0.0756631

30 27 0.074294

31 27 0.0726317

32 27 0.0706827

33 27 0.0684548

34 27 0.0659567

35 27 0.0631983

36 27 0.0601905

37 27 0.0569451

38 27 0.053475

39 27 0.0497939

40 27 0.0459162

41 27 0.0418574

42 27 0.0376333

43 27 0.0332607

44 27 0.0287569

45 27 0.0241396

46 27 0.019427

47 27 0.0146377

48 27 0.0097907

49 27 0.00490503

50 27 0

0 28 0

1 28 0.00485644

2 28 0.00969372

3 28 0.0144927

4 28 0.0192346

5 28 0.0239005

6 28 0.0284721

7 28 0.0329313

8 28 0.0372605

9 28 0.0414427

10 28 0.0454614

11 28 0.0493006

12 28 0.0529453

13 28 0.056381

14 28 0.0595942

15 28 0.0625722

16 28 0.0653033

17 28 0.0677767

18 28 0.0699825

19 28 0.0719122

20 28 0.0735581

21 28 0.0749137

22 28 0.0759736

23 28 0.0767337

24 28 0.0771909

25 28 0.0773436

26 28 0.0771909

27 28 0.0767337

28 28 0.0759736

29 28 0.0749137

30 28 0.0735581

31 28 0.0719122

32 28 0.0699825

33 28 0.0677767

34 28 0.0653033

35 28 0.0625722

36 28 0.0595942

37 28 0.056381

38 28 0.0529453

39 28 0.0493006

40 28 0.0454614

41 28 0.0414427

42 28 0.0372605

43 28 0.0329313

44 28 0.0284721

45 28 0.0239005

46 28 0.0192346

47 28 0.0144927

48 28 0.00969372

49 28 0.00485644

50 28 0

0 29 0

1 29 0.00478869

2 29 0.00955848

3 29 0.0142905

4 29 0.0189662

5 29 0.023567

6 29 0.0280748

7 29 0.0324719

8 29 0.0367407

9 29 0.0408646

10 29 0.0448272

11 29 0.0486128

12 29 0.0522067

13 29 0.0555944

14 29 0.0587628

15 29 0.0616993

16 29 0.0643923

17 29 0.0668311

18 29 0.0690062

19 29 0.070909

20 29 0.0725319

21 29 0.0738685

22 29 0.0749137

23 29 0.0756631

24 29 0.076114

25 29 0.0762645

26 29 0.076114

27 29 0.0756631

28 29 0.0749137

29 29 0.0738685

30 29 0.0725319

31 29 0.070909

32 29 0.0690062

33 29 0.0668311

34 29 0.0643923

35 29 0.0616993

36 29 0.0587628

37 29 0.0555944

38 29 0.0522067

39 29 0.0486128

40 29 0.0448272

41 29 0.0408646

42 29 0.0367407

43 29 0.0324719

44 29 0.0280748

45 29 0.023567

46 29 0.0189662

47 29 0.0142905

48 29 0.00955848

49 29 0.00478869

50 29 0

0 30 0

1 30 0.00470204

2 30 0.00938552

3 30 0.014032

4 30 0.018623

5 30 0.0231406

6 30 0.0275668

7 30 0.0318843

8 30 0.0360759

9 30 0.0401251

10 30 0.044016

11 30 0.0477332

12 30 0.051262

13 30 0.0545885

14 30 0.0576995

15 30 0.0605828

16 30 0.0632271

17 30 0.0656218

18 30 0.0677575

19 30 0.0696258

20 30 0.0712194

21 30 0.0725319

22 30 0.0735581

23 30 0.074294

24 30 0.0747367

25 30 0.0748845

26 30 0.0747367

27 30 0.074294

28 30 0.0735581

29 30 0.0725319

30 30 0.0712194

31 30 0.0696258

32 30 0.0677575

33 30 0.0656218

34 30 0.0632271

35 30 0.0605828

36 30 0.0576995

37 30 0.0545885

38 30 0.051262

39 30 0.0477332

40 30 0.044016

41 30 0.0401251

42 30 0.0360759

43 30 0.0318843

44 30 0.0275668

45 30 0.0231406

46 30 0.018623

47 30 0.014032

48 30 0.00938552

49 30 0.00470204

50 30 0

0 31 0

1 31 0.00459683

2 31 0.00917551

3 31 0.013718

4 31 0.0182063

5 31 0.0226228

6 31 0.02695

7 31 0.0311709

8 31 0.0352687

9 31 0.0392273

10 31 0.0430311

11 31 0.0466651

12 31 0.050115

13 31 0.053367

14 31 0.0564085

15 31 0.0592273

16 31 0.0618124

17 31 0.0641535

18 31 0.0662414

19 31 0.068068

20 31 0.0696258

21 31 0.070909

22 31 0.0719122

23 31 0.0726317

24 31 0.0730645

25 31 0.0732089

26 31 0.0730645

27 31 0.0726317

28 31 0.0719122

29 31 0.070909

30 31 0.0696258

31 31 0.068068

32 31 0.0662414

33 31 0.0641535

34 31 0.0618124

35 31 0.0592273

36 31 0.0564085

37 31 0.053367

38 31 0.050115

39 31 0.0466651

40 31 0.0430311

41 31 0.0392273

42 31 0.0352687

43 31 0.0311709

44 31 0.02695

45 31 0.0226228

46 31 0.0182063

47 31 0.013718

48 31 0.00917551

49 31 0.00459683

50 31 0

0 32 0

1 32 0.00447348

2 32 0.0089293

3 32 0.0133499

4 32 0.0177178

5 32 0.0220158

6 32 0.0262268

7 32 0.0303344

8 32 0.0343223

9 32 0.0381747

10 32 0.0418765

11 32 0.0454129

12 32 0.0487702

13 32 0.051935

14 32 0.0548948

15 32 0.057638

16 32 0.0601537

17 32 0.062432

18 32 0.0644639

19 32 0.0662414

20 32 0.0677575

21 32 0.0690062

22 32 0.0699825

23 32 0.0706827

24 32 0.0711039

25 32 0.0712445

26 32 0.0711039

27 32 0.0706827

28 32 0.0699825

29 32 0.0690062

30 32 0.0677575

31 32 0.0662414

32 32 0.0644639

33 32 0.062432

34 32 0.0601537

35 32 0.057638

36 32 0.0548948

37 32 0.051935

38 32 0.0487702

39 32 0.0454129

40 32 0.0418765

41 32 0.0381747

42 32 0.0343223

43 32 0.0303344

44 32 0.0262268

45 32 0.0220158

46 32 0.0177178

47 32 0.0133499

48 32 0.0089293

49 32 0.00447348

50 32 0

0 33 0

1 33 0.00433247

2 33 0.00864785

3 33 0.0129291

4 33 0.0171593

5 33 0.0213218

6 33 0.0254002

7 33 0.0293783

8 33 0.0332404

9 33 0.0369714

10 33 0.0405565

11 33 0.0439815

12 33 0.0472329

13 33 0.050298

14 33 0.0531645

15 33 0.0558212

16 33 0.0582576

17 33 0.0604641

18 33 0.062432

19 33 0.0641535

20 33 0.0656218

21 33 0.0668311

22 33 0.0677767

23 33 0.0684548

24 33 0.0688627

25 33 0.0689988

26 33 0.0688627

27 33 0.0684548

28 33 0.0677767

29 33 0.0668311

30 33 0.0656218

31 33 0.0641535

32 33 0.062432

33 33 0.0604641

34 33 0.0582576

35 33 0.0558212

36 33 0.0531645

37 33 0.050298

38 33 0.0472329

39 33 0.0439815

40 33 0.0405565

41 33 0.0369714

42 33 0.0332404

43 33 0.0293783

44 33 0.0254002

45 33 0.0213218

46 33 0.0171593

47 33 0.0129291

48 33 0.00864785

49 33 0.00433247

50 33 0

0 34 0

1 34 0.00417437

2 34 0.00833226

3 34 0.0124573

4 34 0.0165331

5 34 0.0205437

6 34 0.0244732

7 34 0.0283062

8 34 0.0320274

9 34 0.0356222

10 34 0.0390765

11 34 0.0423765

12 34 0.0455093

13 34 0.0484625

14 34 0.0512244

15 34 0.0537842

16 34 0.0561317

17 34 0.0582576

18 34 0.0601537

19 34 0.0618124

20 34 0.0632271

21 34 0.0643923

22 34 0.0653033

23 34 0.0659567

24 34 0.0663497

25 34 0.0664809

26 34 0.0663497

27 34 0.0659567

28 34 0.0653033

29 34 0.0643923

30 34 0.0632271

31 34 0.0618124

32 34 0.0601537

33 34 0.0582576

34 34 0.0561317

35 34 0.0537842

36 34 0.0512244

37 34 0.0484625

38 34 0.0455093

39 34 0.0423765

40 34 0.0390765

41 34 0.0356222

42 34 0.0320274

43 34 0.0283062

44 34 0.0244732

45 34 0.0205437

46 34 0.0165331

47 34 0.0124573

48 34 0.00833226

49 34 0.00417437

50 34 0

0 35 0

1 35 0.00399979

2 35 0.0079838

3 35 0.0119363

4 35 0.0158417

5 35 0.0196846

6 35 0.0234497

7 35 0.0271224

8 35 0.030688

9 35 0.0341325

10 35 0.0374422

11 35 0.0406043

12 35 0.043606

13 35 0.0464357

14 35 0.0490821

15 35 0.0515348

16 35 0.0537842

17 35 0.0558212

18 35 0.057638

19 35 0.0592273

20 35 0.0605828

21 35 0.0616993

22 35 0.0625722

23 35 0.0631983

24 35 0.0635749

25 35 0.0637006

26 35 0.0635749

27 35 0.0631983

28 35 0.0625722

29 35 0.0616993

30 35 0.0605828

31 35 0.0592273

32 35 0.057638

33 35 0.0558212

34 35 0.0537842

35 35 0.0515348

36 35 0.0490821

37 35 0.0464357

38 35 0.043606

39 35 0.0406043

40 35 0.0374422

41 35 0.0341325

42 35 0.030688

43 35 0.0271224

44 35 0.0234497

45 35 0.0196846

46 35 0.0158417

47 35 0.0119363

48 35 0.0079838

49 35 0.00399979

50 35 0

0 36 0

1 36 0.00380943

2 36 0.00760382

3 36 0.0113682

4 36 0.0150877

5 36 0.0187477

6 36 0.0223337

7 36 0.0258315

8 36 0.0292274

9 36 0.032508

10 36 0.0356603

11 36 0.0386718

12 36 0.0415307

13 36 0.0442257

14 36 0.0467461

15 36 0.0490821

16 36 0.0512244

17 36 0.0531645

18 36 0.0548948

19 36 0.0564085

20 36 0.0576995

21 36 0.0587628

22 36 0.0595942

23 36 0.0601905

24 36 0.0605491

25 36 0.0606688

26 36 0.0605491

27 36 0.0601905

28 36 0.0595942

29 36 0.0587628

30 36 0.0576995

31 36 0.0564085

32 36 0.0548948

33 36 0.0531645

34 36 0.0512244

35 36 0.0490821

36 36 0.0467461

37 36 0.0442257

38 36 0.0415307

39 36 0.0386718

40 36 0.0356603

41 36 0.032508

42 36 0.0292274

43 36 0.0258315

44 36 0.0223337

45 36 0.0187477

46 36 0.0150877

47 36 0.0113682

48 36 0.00760382

49 36 0.00380943

50 36 0

0 37 0

1 37 0.00360403

2 37 0.00719384

3 37 0.0107553

4 37 0.0142742

5 37 0.0177369

6 37 0.0211295

7 37 0.0244387

8 37 0.0276515

9 37 0.0307552

10 37 0.0337375

11 37 0.0365867

12 37 0.0392914

13 37 0.0418411

14 37 0.0442257

15 37 0.0464357

16 37 0.0484625

17 37 0.050298

18 37 0.051935

19 37 0.053367

20 37 0.0545885

21 37 0.0555944

22 37 0.056381

23 37 0.0569451

24 37 0.0572844

25 37 0.0573977

26 37 0.0572844

27 37 0.0569451

28 37 0.056381

29 37 0.0555944

30 37 0.0545885

31 37 0.053367

32 37 0.051935

33 37 0.050298

34 37 0.0484625

35 37 0.0464357

36 37 0.0442257

37 37 0.0418411

38 37 0.0392914

39 37 0.0365867

40 37 0.0337375

41 37 0.0307552

42 37 0.0276515

43 37 0.0244387

44 37 0.0211295

45 37 0.0177369

46 37 0.0142742

47 37 0.0107553

48 37 0.00719384

49 37 0.00360403

50 37 0

0 38 0

1 38 0.00338441

2 38 0.00675546

3 38 0.0100999

4 38 0.0134044

5 38 0.016656

6 38 0.0198419

7 38 0.0229495

8 38 0.0259665

9 38 0.0288811

10 38 0.0316816

11 38 0.0343572

12 38 0.0368971

13 38 0.0392914

14 38 0.0415307

15 38 0.043606

16 38 0.0455093

17 38 0.0472329

18 38 0.0487702

19 38 0.050115

20 38 0.051262

21 38 0.0522067

22 38 0.0529453

23 38 0.053475

24 38 0.0537937

25 38 0.0539

26 38 0.0537937

27 38 0.053475

28 38 0.0529453

29 38 0.0522067

30 38 0.051262

31 38 0.050115

32 38 0.0487702

33 38 0.0472329

34 38 0.0455093

35 38 0.043606

36 38 0.0415307

37 38 0.0392914

38 38 0.0368971

39 38 0.0343572

40 38 0.0316816

41 38 0.0288811

42 38 0.0259665

43 38 0.0229495

44 38 0.0198419

45 38 0.016656

46 38 0.0134044

47 38 0.0100999

48 38 0.00675546

49 38 0.00338441

50 38 0

0 39 0

1 39 0.00315143

2 39 0.00629043

3 39 0.0094046

4 39 0.0124817

5 39 0.0155094

6 39 0.018476

7 39 0.0213697

8 39 0.024179

9 39 0.0268929

10 39 0.0295007

11 39 0.0319921

12 39 0.0343572

13 39 0.0365867

14 39 0.0386718

15 39 0.0406043

16 39 0.0423765

17 39 0.0439815

18 39 0.0454129

19 39 0.0466651

20 39 0.0477332

21 39 0.0486128

22 39 0.0493006

23 39 0.0497939

24 39 0.0500906

25 39 0.0501896

26 39 0.0500906

27 39 0.0497939

28 39 0.0493006

29 39 0.0486128

30 39 0.0477332

31 39 0.0466651

32 39 0.0454129

33 39 0.0439815

34 39 0.0423765

35 39 0.0406043

36 39 0.0386718

37 39 0.0365867

38 39 0.0343572

39 39 0.0319921

40 39 0.0295007

41 39 0.0268929

42 39 0.024179

43 39 0.0213697

44 39 0.018476

45 39 0.0155094

46 39 0.0124817

47 39 0.0094046

48 39 0.00629043

49 39 0.00315143

50 39 0

0 40 0

1 40 0.00290602

2 40 0.00580057

3 40 0.00867223

4 40 0.0115097

5 40 0.0143017

6 40 0.0170372

7 40 0.0197056

8 40 0.0222961

9 40 0.0247987

10 40 0.0272034

11 40 0.0295007

12 40 0.0316816

13 40 0.0337375

14 40 0.0356603

15 40 0.0374422

16 40 0.0390765

17 40 0.0405565

18 40 0.0418765

19 40 0.0430311

20 40 0.044016

21 40 0.0448272

22 40 0.0454614

23 40 0.0459162

24 40 0.0461898

25 40 0.0462812

26 40 0.0461898

27 40 0.0459162

28 40 0.0454614

29 40 0.0448272

30 40 0.044016

31 40 0.0430311

32 40 0.0418765

33 40 0.0405565

34 40 0.0390765

35 40 0.0374422

36 40 0.0356603

37 40 0.0337375

38 40 0.0316816

39 40 0.0295007

40 40 0.0272034

41 40 0.0247987

42 40 0.0222961

43 40 0.0197056

44 40 0.0170372

45 40 0.0143017

46 40 0.0115097

47 40 0.00867223

48 40 0.00580057

49 40 0.00290602

50 40 0

0 41 0

1 41 0.00264914

2 41 0.00528782

3 41 0.00790563

4 41 0.0104922

5 41 0.0130374

6 41 0.0155312

7 41 0.0179636

8 41 0.0203252

9 41 0.0226066

10 41 0.0247987

11 41 0.0268929

12 41 0.0288811

13 41 0.0307552

14 41 0.032508

15 41 0.0341325

16 41 0.0356222

17 41 0.0369714

18 41 0.0381747

19 41 0.0392273

20 41 0.0401251

21 41 0.0408646

22 41 0.0414427

23 41 0.0418574

24 41 0.0421068

25 41 0.04219

26 41 0.0421068

27 41 0.0418574

28 41 0.0414427

29 41 0.0408646

30 41 0.0401251

31 41 0.0392273

32 41 0.0381747

33 41 0.0369714

34 41 0.0356222

35 41 0.0341325

36 41 0.032508

37 41 0.0307552

38 41 0.0288811

39 41 0.0268929

40 41 0.0247987

41 41 0.0226066

42 41 0.0203252

43 41 0.0179636

44 41 0.0155312

45 41 0.0130374

46 41 0.0104922

47 41 0.00790563

48 41 0.00528782

49 41 0.00264914

50 41 0

0 42 0

1 42 0.0023818

2 42 0.00475419

3 42 0.00710783

4 42 0.00943341

5 42 0.0117218

6 42 0.0139639

7 42 0.0161508

8 42 0.0182741

9 42 0.0203252

10 42 0.0222961

11 42 0.024179

12 42 0.0259665

13 42 0.0276515

14 42 0.0292274

15 42 0.030688

16 42 0.0320274

17 42 0.0332404

18 42 0.0343223

19 42 0.0352687

20 42 0.0360759

21 42 0.0367407

22 42 0.0372605

23 42 0.0376333

24 42 0.0378576

25 42 0.0379324

26 42 0.0378576

27 42 0.0376333

28 42 0.0372605

29 42 0.0367407

30 42 0.0360759

31 42 0.0352687

32 42 0.0343223

33 42 0.0332404

34 42 0.0320274

35 42 0.030688

36 42 0.0292274

37 42 0.0276515

38 42 0.0259665

39 42 0.024179

40 42 0.0222961

41 42 0.0203252

42 42 0.0182741

43 42 0.0161508

44 42 0.0139639

45 42 0.0117218

46 42 0.00943341

47 42 0.00710783

48 42 0.00475419

49 42 0.0023818

50 42 0

0 43 0

1 43 0.00210506

2 43 0.00420181

3 43 0.00628198

4 43 0.00833735

5 43 0.0103598

6 43 0.0123414

7 43 0.0142743

8 43 0.0161508

9 43 0.0179636

10 43 0.0197056

11 43 0.0213697

12 43 0.0229495

13 43 0.0244387

14 43 0.0258315

15 43 0.0271224

16 43 0.0283062

17 43 0.0293783

18 43 0.0303344

19 43 0.0311709

20 43 0.0318843

21 43 0.0324719

22 43 0.0329313

23 43 0.0332607

24 43 0.033459

25 43 0.0335251

26 43 0.033459

27 43 0.0332607

28 43 0.0329313

29 43 0.0324719

30 43 0.0318843

31 43 0.0311709

32 43 0.0303344

33 43 0.0293783

34 43 0.0283062

35 43 0.0271224

36 43 0.0258315

37 43 0.0244387

38 43 0.0229495

39 43 0.0213697

40 43 0.0197056

41 43 0.0179636

42 43 0.0161508

43 43 0.0142743

44 43 0.0123414

45 43 0.0103598

46 43 0.00833735

47 43 0.00628198

48 43 0.00420181

49 43 0.00210506

50 43 0

0 44 0

1 44 0.00182001

2 44 0.00363284

3 44 0.00543134

4 44 0.00720839

5 44 0.008957

6 44 0.0106703

7 44 0.0123414

8 44 0.0139639

9 44 0.0155312

10 44 0.0170372

11 44 0.018476

12 44 0.0198419

13 44 0.0211295

14 44 0.0223337

15 44 0.0234497

16 44 0.0244732

17 44 0.0254002

18 44 0.0262268

19 44 0.02695

20 44 0.0275668

21 44 0.0280748

22 44 0.0284721

23 44 0.0287569

24 44 0.0289283

25 44 0.0289855

26 44 0.0289283

27 44 0.0287569

28 44 0.0284721

29 44 0.0280748

30 44 0.0275668

31 44 0.02695

32 44 0.0262268

33 44 0.0254002

34 44 0.0244732

35 44 0.0234497

36 44 0.0223337

37 44 0.0211295

38 44 0.0198419

39 44 0.018476

40 44 0.0170372

41 44 0.0155312

42 44 0.0139639

43 44 0.0123414

44 44 0.0106703

45 44 0.008957

46 44 0.00720839

47 44 0.00543134

48 44 0.00363284

49 44 0.00182001

50 44 0

0 45 0

1 45 0.00152778

2 45 0.00304954

3 45 0.00455926

4 45 0.00605099

5 45 0.00751883

6 45 0.008957

7 45 0.0103598

8 45 0.0117218

9 45 0.0130374

10 45 0.0143017

11 45 0.0155094

12 45 0.016656

13 45 0.0177369

14 45 0.0187477

15 45 0.0196846

16 45 0.0205437

17 45 0.0213218

18 45 0.0220158

19 45 0.0226228

20 45 0.0231406

21 45 0.023567

22 45 0.0239005

23 45 0.0241396

24 45 0.0242834

25 45 0.0243314

26 45 0.0242834

27 45 0.0241396

28 45 0.0239005

29 45 0.023567

30 45 0.0231406

31 45 0.0226228

32 45 0.0220158

33 45 0.0213218

34 45 0.0205437

35 45 0.0196846

36 45 0.0187477

37 45 0.0177369

38 45 0.016656

39 45 0.0155094

40 45 0.0143017

41 45 0.0130374

42 45 0.0117218

43 45 0.0103598

44 45 0.008957

45 45 0.00751883

46 45 0.00605099

47 45 0.00455926

48 45 0.00304954

49 45 0.00152778

50 45 0

0 46 0

1 46 0.00122953

2 46 0.0024542

3 46 0.00366919

4 46 0.0048697

5 46 0.00605099

6 46 0.00720839

7 46 0.00833735

8 46 0.00943341

9 46 0.0104922

10 46 0.0115097

11 46 0.0124817

12 46 0.0134044

13 46 0.0142742

14 46 0.0150877

15 46 0.0158417

16 46 0.0165331

17 46 0.0171593

18 46 0.0177178

19 46 0.0182063

20 46 0.018623

21 46 0.0189662

22 46 0.0192346

23 46 0.019427

24 46 0.0195428

25 46 0.0195814

26 46 0.0195428

27 46 0.019427

28 46 0.0192346

29 46 0.0189662

30 46 0.018623

31 46 0.0182063

32 46 0.0177178

33 46 0.0171593

34 46 0.0165331

35 46 0.0158417

36 46 0.0150877

37 46 0.0142742

38 46 0.0134044

39 46 0.0124817

40 46 0.0115097

41 46 0.0104922

42 46 0.00943341

43 46 0.00833735

44 46 0.00720839

45 46 0.00605099

46 46 0.0048697

47 46 0.00366919

48 46 0.0024542

49 46 0.00122953

50 46 0

0 47 0

1 47 0.000926416

2 47 0.00184918

3 47 0.00276464

4 47 0.00366919

5 47 0.00455926

6 47 0.00543134

7 47 0.00628198

8 47 0.00710783

9 47 0.00790563

10 47 0.00867223

11 47 0.0094046

12 47 0.0100999

13 47 0.0107553

14 47 0.0113682

15 47 0.0119363

16 47 0.0124573

17 47 0.0129291

18 47 0.0133499

19 47 0.013718

20 47 0.014032

21 47 0.0142905

22 47 0.0144927

23 47 0.0146377

24 47 0.014725

25 47 0.0147541

26 47 0.014725

27 47 0.0146377

28 47 0.0144927

29 47 0.0142905

30 47 0.014032

31 47 0.013718

32 47 0.0133499

33 47 0.0129291

34 47 0.0124573

35 47 0.0119363

36 47 0.0113682

37 47 0.0107553

38 47 0.0100999

39 47 0.0094046

40 47 0.00867223

41 47 0.00790563

42 47 0.00710783

43 47 0.00628198

44 47 0.00543134

45 47 0.00455926

46 47 0.00366919

47 47 0.00276464

48 47 0.00184918

49 47 0.000926416

50 47 0

0 48 0

1 48 0.000619649

2 48 0.00123685

3 48 0.00184918

4 48 0.0024542

5 48 0.00304954

6 48 0.00363284

7 48 0.00420181

8 48 0.00475419

9 48 0.00528782

10 48 0.00580057

11 48 0.00629043

12 48 0.00675546

13 48 0.00719384

14 48 0.00760382

15 48 0.0079838

16 48 0.00833226

17 48 0.00864785

18 48 0.0089293

19 48 0.00917551

20 48 0.00938552

21 48 0.00955848

22 48 0.00969372

23 48 0.0097907

24 48 0.00984904

25 48 0.00986852

26 48 0.00984904

27 48 0.0097907

28 48 0.00969372

29 48 0.00955848

30 48 0.00938552

31 48 0.00917551

32 48 0.0089293

33 48 0.00864785

34 48 0.00833226

35 48 0.0079838

36 48 0.00760382

37 48 0.00719384

38 48 0.00675546

39 48 0.00629043

40 48 0.00580057

41 48 0.00528782

42 48 0.00475419

43 48 0.00420181

44 48 0.00363284

45 48 0.00304954

46 48 0.0024542

