0 1 0

1 1 0.00301465

2 1 0.00601739

3 1 0.0089964

4 1 0.0119399

5 1 0.0148363

6 1 0.0176741

7 1 0.0204422

8 1 0.0231296

9 1 0.0257257

10 1 0.0282203

11 1 0.0306035

12 1 0.0328659

13 1 0.0349986

14 1 0.0369932

15 1 0.0388418

16 1 0.0405372

17 1 0.0420725

18 1 0.0434418

19 1 0.0446397

20 1 0.0456613

21 1 0.0465028

22 1 0.0471608

23 1 0.0476326

24 1 0.0479164

25 1 0.0480112

26 1 0.0479164

27 1 0.0476326

28 1 0.0471608

29 1 0.0465028

30 1 0.0456613

31 1 0.0446397

32 1 0.0434418

33 1 0.0420725

34 1 0.0405372

35 1 0.0388418

36 1 0.0369932

37 1 0.0349986

38 1 0.0328659

39 1 0.0306035

40 1 0.0282203

41 1 0.0257257

42 1 0.0231296

43 1 0.0204422

44 1 0.0176741

45 1 0.0148363

46 1 0.0119399

47 1 0.0089964

48 1 0.00601739

49 1 0.00301465

50 1 0

0 2 0

1 2 0.00601739

2 2 0.012011

3 2 0.0179573

4 2 0.0238327

5 2 0.029614

6 2 0.0352784

7 2 0.0408036

8 2 0.0461678

9 2 0.0513498

10 2 0.0563291

11 2 0.0610862

12 2 0.0656021

13 2 0.0698591

14 2 0.0738405

15 2 0.0775304

16 2 0.0809144

17 2 0.083979

18 2 0.0867122

19 2 0.0891031

20 2 0.0911425

21 2 0.0928221

22 2 0.0941354

23 2 0.0950772

24 2 0.0956437

25 2 0.0958329

26 2 0.0956437

27 2 0.0950772

28 2 0.0941354

29 2 0.0928221

30 2 0.0911425

31 2 0.0891031

32 2 0.0867122

33 2 0.083979

34 2 0.0809144

35 2 0.0775304

36 2 0.0738405

37 2 0.0698591

38 2 0.0656021

39 2 0.0610862

40 2 0.0563291

41 2 0.0513498

42 2 0.0461678

43 2 0.0408036

44 2 0.0352784

45 2 0.029614

46 2 0.0238327

47 2 0.0179573

48 2 0.012011

49 2 0.00601739

50 2 0

0 3 0

1 3 0.0089964

2 3 0.0179573

3 3 0.0268473

4 3 0.0356314

5 3 0.0442748

6 3 0.0527435

7 3 0.0610041

8 3 0.0690239

9 3 0.0767713

10 3 0.0842157

11 3 0.0913278

12 3 0.0980794

13 3 0.104444

14 3 0.110396

15 3 0.115913

16 3 0.120972

17 3 0.125554

18 3 0.12964

19 3 0.133215

20 3 0.136264

21 3 0.138775

22 3 0.140739

23 3 0.142147

24 3 0.142994

25 3 0.143276

26 3 0.142994

27 3 0.142147

28 3 0.140739

29 3 0.138775

30 3 0.136264

31 3 0.133215

32 3 0.12964

33 3 0.125554

34 3 0.120972

35 3 0.115913

36 3 0.110396

37 3 0.104444

38 3 0.0980794

39 3 0.0913278

40 3 0.0842157

41 3 0.0767713

42 3 0.0690239

43 3 0.0610041

44 3 0.0527435

45 3 0.0442748

46 3 0.0356314

47 3 0.0268473

48 3 0.0179573

49 3 0.0089964

50 3 0

0 4 0

1 4 0.0119399

2 4 0.0238327

3 4 0.0356314

4 4 0.0472895

5 4 0.0587609

6 4 0.0700005

7 4 0.0809638

8 4 0.0916076

9 4 0.10189

10 4 0.11177

11 4 0.121209

12 4 0.13017

13 4 0.138617

14 4 0.146516

15 4 0.153838

16 4 0.160553

17 4 0.166634

18 4 0.172057

19 4 0.176801

20 4 0.180848

21 4 0.18418

22 4 0.186786

23 4 0.188655

24 4 0.189779

25 4 0.190154

26 4 0.189779

27 4 0.188655

28 4 0.186786

29 4 0.18418

30 4 0.180848

31 4 0.176801

32 4 0.172057

33 4 0.166634

34 4 0.160553

35 4 0.153838

36 4 0.146516

37 4 0.138617

38 4 0.13017

39 4 0.121209

40 4 0.11177

41 4 0.10189

42 4 0.0916076

43 4 0.0809638

44 4 0.0700005

45 4 0.0587609

46 4 0.0472895

47 4 0.0356314

48 4 0.0238327

49 4 0.0119399

50 4 0

0 5 0

1 5 0.0148363

2 5 0.029614

3 5 0.0442748

4 5 0.0587609

5 5 0.0730151

6 5 0.0869812

7 5 0.100604

8 5 0.11383

9 5 0.126606

10 5 0.138883

11 5 0.150612

12 5 0.161746

13 5 0.172242

14 5 0.182058

15 5 0.191156

16 5 0.199499

17 5 0.207055

18 5 0.213794

19 5 0.219689

20 5 0.224717

21 5 0.228859

22 5 0.232097

23 5 0.234419

24 5 0.235816

25 5 0.236282

26 5 0.235816

27 5 0.234419

28 5 0.232097

29 5 0.228859

30 5 0.224717

31 5 0.219689

32 5 0.213794

33 5 0.207055

34 5 0.199499

35 5 0.191156

36 5 0.182058

37 5 0.172242

38 5 0.161746

39 5 0.150612

40 5 0.138883

41 5 0.126606

42 5 0.11383

43 5 0.100604

44 5 0.0869812

45 5 0.0730151

46 5 0.0587609

47 5 0.0442748

48 5 0.029614

49 5 0.0148363

50 5 0

0 6 0

1 6 0.0176741

2 6 0.0352784

3 6 0.0527435

4 6 0.0700005

5 6 0.0869812

6 6 0.103619

7 6 0.119847

8 6 0.135603

9 6 0.150823

10 6 0.165448

11 6 0.17942

12 6 0.192684

13 6 0.205188

14 6 0.216882

15 6 0.22772

16 6 0.237659

17 6 0.24666

18 6 0.254688

19 6 0.261711

20 6 0.267701

21 6 0.272634

22 6 0.276491

23 6 0.279257

24 6 0.280922

25 6 0.281477

26 6 0.280922

27 6 0.279257

28 6 0.276491

29 6 0.272634

30 6 0.267701

31 6 0.261711

32 6 0.254688

33 6 0.24666

34 6 0.237659

35 6 0.22772

36 6 0.216882

37 6 0.205188

38 6 0.192684

39 6 0.17942

40 6 0.165448

41 6 0.150823

42 6 0.135603

43 6 0.119847

44 6 0.103619

45 6 0.0869812

46 6 0.0700005

47 6 0.0527435

48 6 0.0352784

49 6 0.0176741

50 6 0

0 7 0

1 7 0.0204422

2 7 0.0408036

3 7 0.0610041

4 7 0.0809638

5 7 0.100604

6 7 0.119847

7 7 0.138617

8 7 0.15684

9 7 0.174444

10 7 0.19136

11 7 0.207521

12 7 0.222862

13 7 0.237324

14 7 0.250849

15 7 0.263385

16 7 0.27488

17 7 0.285291

18 7 0.294577

19 7 0.302699

20 7 0.309627

21 7 0.315333

22 7 0.319795

23 7 0.322994

24 7 0.324919

25 7 0.325561

26 7 0.324919

27 7 0.322994

28 7 0.319795

29 7 0.315333

30 7 0.309627

31 7 0.302699

32 7 0.294577

33 7 0.285291

34 7 0.27488

35 7 0.263385

36 7 0.250849

37 7 0.237324

38 7 0.222862

39 7 0.207521

40 7 0.19136

41 7 0.174444

42 7 0.15684

43 7 0.138617

44 7 0.119847

45 7 0.100604

46 7 0.0809638

47 7 0.0610041

48 7 0.0408036

49 7 0.0204422

50 7 0

0 8 0

1 8 0.0231296

2 8 0.0461678

3 8 0.0690239

4 8 0.0916076

5 8 0.11383

6 8 0.135603

7 8 0.15684

8 8 0.177459

9 8 0.197377

10 8 0.216517

11 8 0.234802

12 8 0.25216

13 8 0.268523

14 8 0.283827

15 8 0.29801

16 8 0.311017

17 8 0.322797

18 8 0.333303

19 8 0.342493

20 8 0.350332

21 8 0.356788

22 8 0.361836

23 8 0.365456

24 8 0.367634

25 8 0.368361

26 8 0.367634

27 8 0.365456

28 8 0.361836

29 8 0.356788

30 8 0.350332

31 8 0.342493

32 8 0.333303

33 8 0.322797

34 8 0.311017

35 8 0.29801

36 8 0.283827

37 8 0.268523

38 8 0.25216

39 8 0.234802

40 8 0.216517

41 8 0.197377

42 8 0.177459

43 8 0.15684

44 8 0.135603

45 8 0.11383

46 8 0.0916076

47 8 0.0690239

48 8 0.0461678

49 8 0.0231296

50 8 0

0 9 0

1 9 0.0257257

2 9 0.0513498

3 9 0.0767713

4 9 0.10189

5 9 0.126606

6 9 0.150823

7 9 0.174444

8 9 0.197377

9 9 0.219532

10 9 0.240819

11 9 0.261157

12 9 0.280463

13 9 0.298663

14 9 0.315684

15 9 0.331459

16 9 0.345926

17 9 0.359028

18 9 0.370713

19 9 0.380935

20 9 0.389654

21 9 0.396835

22 9 0.402449

23 9 0.406476

24 9 0.408898

25 9 0.409706

26 9 0.408898

27 9 0.406476

28 9 0.402449

29 9 0.396835

30 9 0.389654

31 9 0.380935

32 9 0.370713

33 9 0.359028

34 9 0.345926

35 9 0.331459

36 9 0.315684

37 9 0.298663

38 9 0.280463

39 9 0.261157

40 9 0.240819

41 9 0.219532

42 9 0.197377

43 9 0.174444

44 9 0.150823

45 9 0.126606

46 9 0.10189

47 9 0.0767713

48 9 0.0513498

49 9 0.0257257

50 9 0

0 10 0

1 10 0.0282203

2 10 0.0563291

3 10 0.0842157

4 10 0.11177

5 10 0.138883

6 10 0.165448

7 10 0.19136

8 10 0.216517

9 10 0.240819

10 10 0.264171

11 10 0.286481

12 10 0.307659

13 10 0.327624

14 10 0.346296

15 10 0.363601

16 10 0.37947

17 10 0.393843

18 10 0.406661

19 10 0.417874

20 10 0.427438

21 10 0.435315

22 10 0.441474

23 10 0.445891

24 10 0.448548

25 10 0.449435

26 10 0.448548

27 10 0.445891

28 10 0.441474

29 10 0.435315

30 10 0.427438

31 10 0.417874

32 10 0.406661

33 10 0.393843

34 10 0.37947

35 10 0.363601

36 10 0.346296

37 10 0.327624

38 10 0.307659

39 10 0.286481

40 10 0.264171

41 10 0.240819

42 10 0.216517

43 10 0.19136

44 10 0.165448

45 10 0.138883

46 10 0.11177

47 10 0.0842157

48 10 0.0563291

49 10 0.0282203

50 10 0

0 11 0

1 11 0.0306035

2 11 0.0610862

3 11 0.0913278

4 11 0.121209

5 11 0.150612

6 11 0.17942

7 11 0.207521

8 11 0.234802

9 11 0.261157

10 11 0.286481

11 11 0.310674

12 11 0.333641

13 11 0.355292

14 11 0.37554

15 11 0.394307

16 11 0.411517

17 11 0.427103

18 11 0.441004

19 11 0.453164

20 11 0.463535

21 11 0.472078

22 11 0.478757

23 11 0.483547

24 11 0.486428

25 11 0.48739

26 11 0.486428

27 11 0.483547

28 11 0.478757

29 11 0.472078

30 11 0.463535

31 11 0.453164

32 11 0.441004

33 11 0.427103

34 11 0.411517

35 11 0.394307

36 11 0.37554

37 11 0.355292

38 11 0.333641

39 11 0.310674

40 11 0.286481

41 11 0.261157

42 11 0.234802

43 11 0.207521

44 11 0.17942

45 11 0.150612

46 11 0.121209

47 11 0.0913278

48 11 0.0610862

49 11 0.0306035

50 11 0

0 12 0

1 12 0.0328659

2 12 0.0656021

3 12 0.0980794

4 12 0.13017

5 12 0.161746

6 12 0.192684

7 12 0.222862

8 12 0.25216

9 12 0.280463

10 12 0.307659

11 12 0.333641

12 12 0.358307

13 12 0.381558

14 12 0.403303

15 12 0.423457

16 12 0.441939

17 12 0.458678

18 12 0.473606

19 12 0.486665

20 12 0.497803

21 12 0.506977

22 12 0.51415

23 12 0.519294

24 12 0.522389

25 12 0.523421

26 12 0.522389

27 12 0.519294

28 12 0.51415

29 12 0.506977

30 12 0.497803

31 12 0.486665

32 12 0.473606

33 12 0.458678

34 12 0.441939

35 12 0.423457

36 12 0.403303

37 12 0.381558

38 12 0.358307

39 12 0.333641

40 12 0.307659

41 12 0.280463

42 12 0.25216

43 12 0.222862

44 12 0.192684

45 12 0.161746

46 12 0.13017

47 12 0.0980794

48 12 0.0656021

49 12 0.0328659

50 12 0

0 13 0

1 13 0.0349986

2 13 0.0698591

3 13 0.104444

4 13 0.138617

5 13 0.172242

6 13 0.205188

7 13 0.237324

8 13 0.268523

9 13 0.298663

10 13 0.327624

11 13 0.355292

12 13 0.381558

13 13 0.406318

14 13 0.429474

15 13 0.450936

16 13 0.470618

17 13 0.488442

18 13 0.504339

19 13 0.518246

20 13 0.530107

21 13 0.539876

22 13 0.547514

23 13 0.552992

24 13 0.556287

25 13 0.557387

26 13 0.556287

27 13 0.552992

28 13 0.547514

29 13 0.539876

30 13 0.530107

31 13 0.518246

32 13 0.504339

33 13 0.488442

34 13 0.470618

35 13 0.450936

36 13 0.429474

37 13 0.406318

38 13 0.381558

39 13 0.355292

40 13 0.327624

41 13 0.298663

42 13 0.268523

43 13 0.237324

44 13 0.205188

45 13 0.172242

46 13 0.138617

47 13 0.104444

48 13 0.0698591

49 13 0.0349986

50 13 0

0 14 0

1 14 0.0369932

2 14 0.0738405

3 14 0.110396

4 14 0.146516

5 14 0.182058

6 14 0.216882

7 14 0.250849

8 14 0.283827

9 14 0.315684

10 14 0.346296

11 14 0.37554

12 14 0.403303

13 14 0.429474

14 14 0.45395

15 14 0.476635

16 14 0.497439

17 14 0.516279

18 14 0.533082

19 14 0.547781

20 14 0.560318

21 14 0.570644

22 14 0.578718

23 14 0.584508

24 14 0.587991

25 14 0.589153

26 14 0.587991

27 14 0.584508

28 14 0.578718

29 14 0.570644

30 14 0.560318

31 14 0.547781

32 14 0.533082

33 14 0.516279

34 14 0.497439

35 14 0.476635

36 14 0.45395

37 14 0.429474

38 14 0.403303

39 14 0.37554

40 14 0.346296

41 14 0.315684

42 14 0.283827

43 14 0.250849

44 14 0.216882

45 14 0.182058

46 14 0.146516

47 14 0.110396

48 14 0.0738405

49 14 0.0369932

50 14 0

0 15 0

1 15 0.0388418

2 15 0.0775304

3 15 0.115913

4 15 0.153838

5 15 0.191156

6 15 0.22772

7 15 0.263385

8 15 0.29801

9 15 0.331459

10 15 0.363601

11 15 0.394307

12 15 0.423457

13 15 0.450936

14 15 0.476635

15 15 0.500453

16 15 0.522296

17 15 0.542078

18 15 0.559721

19 15 0.575154

20 15 0.588318

21 15 0.59916

22 15 0.607637

23 15 0.613716

24 15 0.617374

25 15 0.618594

26 15 0.617374

27 15 0.613716

28 15 0.607637

29 15 0.59916

30 15 0.588318

31 15 0.575154

32 15 0.559721

33 15 0.542078

34 15 0.522296

35 15 0.500453

36 15 0.476635

37 15 0.450936

38 15 0.423457

39 15 0.394307

40 15 0.363601

41 15 0.331459

42 15 0.29801

43 15 0.263385

44 15 0.22772

45 15 0.191156

46 15 0.153838

47 15 0.115913

48 15 0.0775304

49 15 0.0388418

50 15 0

0 16 0

1 16 0.0405372

2 16 0.0809144

3 16 0.120972

4 16 0.160553

5 16 0.199499

6 16 0.237659

7 16 0.27488

8 16 0.311017

9 16 0.345926

10 16 0.37947

11 16 0.411517

12 16 0.441939

13 16 0.470618

14 16 0.497439

15 16 0.522296

16 16 0.545093

17 16 0.565738

18 16 0.584151

19 16 0.600258

20 16 0.613996

21 16 0.625311

22 16 0.634159

23 16 0.640503

24 16 0.64432

25 16 0.645594

26 16 0.64432

27 16 0.640503

28 16 0.634159

29 16 0.625311

30 16 0.613996

31 16 0.600258

32 16 0.584151

33 16 0.565738

34 16 0.545093

35 16 0.522296

36 16 0.497439

37 16 0.470618

38 16 0.441939

39 16 0.411517

40 16 0.37947

41 16 0.345926

42 16 0.311017

43 16 0.27488

44 16 0.237659

45 16 0.199499

46 16 0.160553

47 16 0.120972

48 16 0.0809144

49 16 0.0405372

50 16 0

0 17 0

1 17 0.0420725

2 17 0.083979

3 17 0.125554

4 17 0.166634

5 17 0.207055

6 17 0.24666

7 17 0.285291

8 17 0.322797

9 17 0.359028

10 17 0.393843

11 17 0.427103

12 17 0.458678

13 17 0.488442

14 17 0.516279

15 17 0.542078

16 17 0.565738

17 17 0.587165

18 17 0.606275

19 17 0.622993

20 17 0.637251

21 17 0.648995

22 17 0.658177

23 17 0.664762

24 17 0.668723

25 17 0.670045

26 17 0.668723

27 17 0.664762

28 17 0.658177

29 17 0.648995

30 17 0.637251

31 17 0.622993

32 17 0.606275

33 17 0.587165

34 17 0.565738

35 17 0.542078

36 17 0.516279

37 17 0.488442

38 17 0.458678

39 17 0.427103

40 17 0.393843

41 17 0.359028

42 17 0.322797

43 17 0.285291

44 17 0.24666

45 17 0.207055

46 17 0.166634

47 17 0.125554

48 17 0.083979

49 17 0.0420725

50 17 0

0 18 0

1 18 0.0434418

2 18 0.0867122

3 18 0.12964

4 18 0.172057

5 18 0.213794

6 18 0.254688

7 18 0.294577

8 18 0.333303

9 18 0.370713

10 18 0.406661

11 18 0.441004

12 18 0.473606

13 18 0.504339

14 18 0.533082

15 18 0.559721

16 18 0.584151

17 18 0.606275

18 18 0.626007

19 18 0.643269

20 18 0.657991

21 18 0.670117

22 18 0.679598

23 18 0.686397

24 18 0.690488

25 18 0.691853

26 18 0.690488

27 18 0.686397

28 18 0.679598

29 18 0.670117

30 18 0.657991

31 18 0.643269

32 18 0.626007

33 18 0.606275

34 18 0.584151

35 18 0.559721

36 18 0.533082

37 18 0.504339

38 18 0.473606

39 18 0.441004

40 18 0.406661

41 18 0.370713

42 18 0.333303

43 18 0.294577

44 18 0.254688

45 18 0.213794

46 18 0.172057

47 18 0.12964

48 18 0.0867122

49 18 0.0434418

50 18 0

0 19 0

1 19 0.0446397

2 19 0.0891031

3 19 0.133215

4 19 0.176801

5 19 0.219689

6 19 0.261711

7 19 0.302699

8 19 0.342493

9 19 0.380935

10 19 0.417874

11 19 0.453164

12 19 0.486665

13 19 0.518246

14 19 0.547781

15 19 0.575154

16 19 0.600258

17 19 0.622993

18 19 0.643269

19 19 0.661006

20 19 0.676134

21 19 0.688595

22 19 0.698337

23 19 0.705324

24 19 0.709527

25 19 0.71093

26 19 0.709527

27 19 0.705324

28 19 0.698337

29 19 0.688595

30 19 0.676134

31 19 0.661006

32 19 0.643269

33 19 0.622993

34 19 0.600258

35 19 0.575154

36 19 0.547781

37 19 0.518246

38 19 0.486665

39 19 0.453164

40 19 0.417874

41 19 0.380935

42 19 0.342493

43 19 0.302699

44 19 0.261711

45 19 0.219689

46 19 0.176801

47 19 0.133215

48 19 0.0891031

49 19 0.0446397

50 19 0

0 20 0

1 20 0.0456613

2 20 0.0911425

3 20 0.136264

4 20 0.180848

5 20 0.224717

6 20 0.267701

7 20 0.309627

8 20 0.350332

9 20 0.389654

10 20 0.427438

11 20 0.463535

12 20 0.497803

13 20 0.530107

14 20 0.560318

15 20 0.588318

16 20 0.613996

17 20 0.637251

18 20 0.657991

19 20 0.676134

20 20 0.691609

21 20 0.704355

22 20 0.71432

23 20 0.721467

24 20 0.725766

25 20 0.727201

26 20 0.725766

27 20 0.721467

28 20 0.71432

29 20 0.704355

30 20 0.691609

31 20 0.676134

32 20 0.657991

33 20 0.637251

34 20 0.613996

35 20 0.588318

36 20 0.560318

37 20 0.530107

38 20 0.497803

39 20 0.463535

40 20 0.427438

41 20 0.389654

42 20 0.350332

43 20 0.309627

44 20 0.267701

45 20 0.224717

46 20 0.180848

47 20 0.136264

48 20 0.0911425

49 20 0.0456613

50 20 0

0 21 0

1 21 0.0465028

2 21 0.0928221

3 21 0.138775

4 21 0.18418

5 21 0.228859

6 21 0.272634

7 21 0.315333

8 21 0.356788

9 21 0.396835

10 21 0.435315

11 21 0.472078

12 21 0.506977

13 21 0.539876

14 21 0.570644

15 21 0.59916

16 21 0.625311

17 21 0.648995

18 21 0.670117

19 21 0.688595

20 21 0.704355

21 21 0.717335

22 21 0.727484

23 21 0.734762

24 21 0.739141

25 21 0.740602

26 21 0.739141

27 21 0.734762

28 21 0.727484

29 21 0.717335

30 21 0.704355

31 21 0.688595

32 21 0.670117

33 21 0.648995

34 21 0.625311

35 21 0.59916

36 21 0.570644

37 21 0.539876

38 21 0.506977

39 21 0.472078

40 21 0.435315

41 21 0.396835

42 21 0.356788

43 21 0.315333

44 21 0.272634

45 21 0.228859

46 21 0.18418

47 21 0.138775

48 21 0.0928221

49 21 0.0465028

50 21 0

0 22 0

1 22 0.0471608

2 22 0.0941354

3 22 0.140739

4 22 0.186786

5 22 0.232097

6 22 0.276491

7 22 0.319795

8 22 0.361836

9 22 0.402449

10 22 0.441474

11 22 0.478757

12 22 0.51415

13 22 0.547514

14 22 0.578718

15 22 0.607637

16 22 0.634159

17 22 0.658177

18 22 0.679598

19 22 0.698337

20 22 0.71432

21 22 0.727484

22 22 0.737777

23 22 0.745158

24 22 0.749599

25 22 0.751081

26 22 0.749599

27 22 0.745158

28 22 0.737777

29 22 0.727484

30 22 0.71432

31 22 0.698337

32 22 0.679598

33 22 0.658177

34 22 0.634159

35 22 0.607637

36 22 0.578718

37 22 0.547514

38 22 0.51415

39 22 0.478757

40 22 0.441474

41 22 0.402449

42 22 0.361836

43 22 0.319795

44 22 0.276491

45 22 0.232097

46 22 0.186786

47 22 0.140739

48 22 0.0941354

49 22 0.0471608

50 22 0

0 23 0

1 23 0.0476326

2 23 0.0950772

3 23 0.142147

4 23 0.188655

5 23 0.234419

6 23 0.279257

7 23 0.322994

8 23 0.365456

9 23 0.406476

10 23 0.445891

11 23 0.483547

12 23 0.519294

13 23 0.552992

14 23 0.584508

15 23 0.613716

16 23 0.640503

17 23 0.664762

18 23 0.686397

19 23 0.705324

20 23 0.721467

21 23 0.734762

22 23 0.745158

23 23 0.752613

24 23 0.757098

25 23 0.758595

26 23 0.757098

27 23 0.752613

28 23 0.745158

29 23 0.734762

30 23 0.721467

31 23 0.705324

32 23 0.686397

33 23 0.664762

34 23 0.640503

35 23 0.613716

36 23 0.584508

37 23 0.552992

38 23 0.519294

39 23 0.483547

40 23 0.445891

41 23 0.406476

42 23 0.365456

43 23 0.322994

44 23 0.279257

45 23 0.234419

46 23 0.188655

47 23 0.142147

48 23 0.0950772

49 23 0.0476326

50 23 0

0 24 0

1 24 0.0479164

2 24 0.0956437

3 24 0.142994

4 24 0.189779

5 24 0.235816

6 24 0.280922

7 24 0.324919

8 24 0.367634

9 24 0.408898

10 24 0.448548

11 24 0.486428

12 24 0.522389

13 24 0.556287

14 24 0.587991

15 24 0.617374

16 24 0.64432

17 24 0.668723

18 24 0.690488

19 24 0.709527

20 24 0.725766

21 24 0.739141

22 24 0.749599

23 24 0.757098

24 24 0.76161

25 24 0.763116

26 24 0.76161

27 24 0.757098

28 24 0.749599

29 24 0.739141

30 24 0.725766

31 24 0.709527

32 24 0.690488

33 24 0.668723

34 24 0.64432

35 24 0.617374

36 24 0.587991

37 24 0.556287

38 24 0.522389

39 24 0.486428

40 24 0.448548

41 24 0.408898

42 24 0.367634

43 24 0.324919

44 24 0.280922

45 24 0.235816

46 24 0.189779

47 24 0.142994

48 24 0.0956437

49 24 0.0479164

50 24 0

0 25 0

1 25 0.0480112

2 25 0.0958329

3 25 0.143276

4 25 0.190154

5 25 0.236282

6 25 0.281477

7 25 0.325561

8 25 0.368361

9 25 0.409706

10 25 0.449435

11 25 0.48739

12 25 0.523421

13 25 0.557387

14 25 0.589153

15 25 0.618594

16 25 0.645594

17 25 0.670045

18 25 0.691853

19 25 0.71093

20 25 0.727201

21 25 0.740602

22 25 0.751081

23 25 0.758595

24 25 0.763116

25 25 0.764624

26 25 0.763116

27 25 0.758595

28 25 0.751081

29 25 0.740602

30 25 0.727201

31 25 0.71093

32 25 0.691853

33 25 0.670045

34 25 0.645594

35 25 0.618594

36 25 0.589153

37 25 0.557387

38 25 0.523421

39 25 0.48739

40 25 0.449435

41 25 0.409706

42 25 0.368361

43 25 0.325561

44 25 0.281477

45 25 0.236282

46 25 0.190154

47 25 0.143276

48 25 0.0958329

49 25 0.0480112

50 25 0

0 26 0

1 26 0.0479164

2 26 0.0956437

3 26 0.142994

4 26 0.189779

5 26 0.235816

6 26 0.280922

7 26 0.324919

8 26 0.367634

9 26 0.408898

10 26 0.448548

11 26 0.486428

12 26 0.522389

13 26 0.556287

14 26 0.587991

15 26 0.617374

16 26 0.64432

17 26 0.668723

18 26 0.690488

19 26 0.709527

20 26 0.725766

21 26 0.739141

22 26 0.749599

23 26 0.757098

24 26 0.76161

25 26 0.763116

26 26 0.76161

27 26 0.757098

28 26 0.749599

29 26 0.739141

30 26 0.725766

31 26 0.709527

32 26 0.690488

33 26 0.668723

34 26 0.64432

35 26 0.617374

36 26 0.587991

37 26 0.556287

38 26 0.522389

39 26 0.486428

40 26 0.448548

41 26 0.408898

42 26 0.367634

43 26 0.324919

44 26 0.280922

45 26 0.235816

46 26 0.189779

47 26 0.142994

48 26 0.0956437

49 26 0.0479164

50 26 0

0 27 0

1 27 0.0476326

2 27 0.0950772

3 27 0.142147

4 27 0.188655

5 27 0.234419

6 27 0.279257

7 27 0.322994

8 27 0.365456

9 27 0.406476

10 27 0.445891

11 27 0.483547

12 27 0.519294

13 27 0.552992

14 27 0.584508

15 27 0.613716

16 27 0.640503

17 27 0.664762

18 27 0.686397

19 27 0.705324

20 27 0.721467

21 27 0.734762

22 27 0.745158

23 27 0.752613

24 27 0.757098

25 27 0.758595

26 27 0.757098

27 27 0.752613

28 27 0.745158

29 27 0.734762

30 27 0.721467

31 27 0.705324

32 27 0.686397

33 27 0.664762

34 27 0.640503

35 27 0.613716

36 27 0.584508

37 27 0.552992

38 27 0.519294

39 27 0.483547

40 27 0.445891

41 27 0.406476

42 27 0.365456

43 27 0.322994

44 27 0.279257

45 27 0.234419

46 27 0.188655

47 27 0.142147

48 27 0.0950772

49 27 0.0476326

50 27 0

0 28 0

1 28 0.0471608

2 28 0.0941354

3 28 0.140739

4 28 0.186786

5 28 0.232097

6 28 0.276491

7 28 0.319795

8 28 0.361836

9 28 0.402449

10 28 0.441474

11 28 0.478757

12 28 0.51415

13 28 0.547514

14 28 0.578718

15 28 0.607637

16 28 0.634159

17 28 0.658177

18 28 0.679598

19 28 0.698337

20 28 0.71432

21 28 0.727484

22 28 0.737777

23 28 0.745158

24 28 0.749599

25 28 0.751081

26 28 0.749599

27 28 0.745158

28 28 0.737777

29 28 0.727484

30 28 0.71432

31 28 0.698337

32 28 0.679598

33 28 0.658177

34 28 0.634159

35 28 0.607637

36 28 0.578718

37 28 0.547514

38 28 0.51415

39 28 0.478757

40 28 0.441474

41 28 0.402449

42 28 0.361836

43 28 0.319795

44 28 0.276491

45 28 0.232097

46 28 0.186786

47 28 0.140739

48 28 0.0941354

49 28 0.0471608

50 28 0

0 29 0

1 29 0.0465028

2 29 0.0928221

3 29 0.138775

4 29 0.18418

5 29 0.228859

6 29 0.272634

7 29 0.315333

8 29 0.356788

9 29 0.396835

10 29 0.435315

11 29 0.472078

12 29 0.506977

13 29 0.539876

14 29 0.570644

15 29 0.59916

16 29 0.625311

17 29 0.648995

18 29 0.670117

19 29 0.688595

20 29 0.704355

21 29 0.717335

22 29 0.727484

23 29 0.734762

24 29 0.739141

25 29 0.740602

26 29 0.739141

27 29 0.734762

28 29 0.727484

29 29 0.717335

30 29 0.704355

31 29 0.688595

32 29 0.670117

33 29 0.648995

34 29 0.625311

35 29 0.59916

36 29 0.570644

37 29 0.539876

38 29 0.506977

39 29 0.472078

40 29 0.435315

41 29 0.396835

42 29 0.356788

43 29 0.315333

44 29 0.272634

45 29 0.228859

46 29 0.18418

47 29 0.138775

48 29 0.0928221

49 29 0.0465028

50 29 0

0 30 0

1 30 0.0456613

2 30 0.0911425

3 30 0.136264

4 30 0.180848

5 30 0.224717

6 30 0.267701

7 30 0.309627

8 30 0.350332

9 30 0.389654

10 30 0.427438

11 30 0.463535

12 30 0.497803

13 30 0.530107

14 30 0.560318

15 30 0.588318

16 30 0.613996

17 30 0.637251

18 30 0.657991

19 30 0.676134

20 30 0.691609

21 30 0.704355

22 30 0.71432

23 30 0.721467

24 30 0.725766

25 30 0.727201

26 30 0.725766

27 30 0.721467

28 30 0.71432

29 30 0.704355

30 30 0.691609

31 30 0.676134

32 30 0.657991

33 30 0.637251

34 30 0.613996

35 30 0.588318

36 30 0.560318

37 30 0.530107

38 30 0.497803

39 30 0.463535

40 30 0.427438

41 30 0.389654

42 30 0.350332

43 30 0.309627

44 30 0.267701

45 30 0.224717

46 30 0.180848

47 30 0.136264

48 30 0.0911425

49 30 0.0456613

50 30 0

0 31 0

1 31 0.0446397

2 31 0.0891031

3 31 0.133215

4 31 0.176801

5 31 0.219689

6 31 0.261711

7 31 0.302699

8 31 0.342493

9 31 0.380935

10 31 0.417874

11 31 0.453164

12 31 0.486665

13 31 0.518246

14 31 0.547781

15 31 0.575154

16 31 0.600258

17 31 0.622993

18 31 0.643269

19 31 0.661006

20 31 0.676134

21 31 0.688595

22 31 0.698337

23 31 0.705324

24 31 0.709527

25 31 0.71093

26 31 0.709527

27 31 0.705324

28 31 0.698337

29 31 0.688595

30 31 0.676134

31 31 0.661006

32 31 0.643269

33 31 0.622993

34 31 0.600258

35 31 0.575154

36 31 0.547781

37 31 0.518246

38 31 0.486665

39 31 0.453164

40 31 0.417874

41 31 0.380935

42 31 0.342493

43 31 0.302699

44 31 0.261711

45 31 0.219689

46 31 0.176801

47 31 0.133215

48 31 0.0891031

49 31 0.0446397

50 31 0

0 32 0

1 32 0.0434418

2 32 0.0867122

3 32 0.12964

4 32 0.172057

5 32 0.213794

6 32 0.254688

7 32 0.294577

8 32 0.333303

9 32 0.370713

10 32 0.406661

11 32 0.441004

12 32 0.473606

13 32 0.504339

14 32 0.533082

15 32 0.559721

16 32 0.584151

17 32 0.606275

18 32 0.626007

19 32 0.643269

20 32 0.657991

21 32 0.670117

22 32 0.679598

23 32 0.686397

24 32 0.690488

25 32 0.691853

26 32 0.690488

27 32 0.686397

28 32 0.679598

29 32 0.670117

30 32 0.657991

31 32 0.643269

32 32 0.626007

33 32 0.606275

34 32 0.584151

35 32 0.559721

36 32 0.533082

37 32 0.504339

38 32 0.473606

39 32 0.441004

40 32 0.406661

41 32 0.370713

42 32 0.333303

43 32 0.294577

44 32 0.254688

45 32 0.213794

46 32 0.172057

47 32 0.12964

48 32 0.0867122

49 32 0.0434418

50 32 0

0 33 0

1 33 0.0420725

2 33 0.083979

3 33 0.125554

4 33 0.166634

5 33 0.207055

6 33 0.24666

7 33 0.285291

8 33 0.322797

9 33 0.359028

10 33 0.393843

11 33 0.427103

12 33 0.458678

13 33 0.488442

14 33 0.516279

15 33 0.542078

16 33 0.565738

17 33 0.587165

18 33 0.606275

19 33 0.622993

20 33 0.637251

21 33 0.648995

22 33 0.658177

23 33 0.664762

24 33 0.668723

25 33 0.670045

26 33 0.668723

27 33 0.664762

28 33 0.658177

29 33 0.648995

30 33 0.637251

31 33 0.622993

32 33 0.606275

33 33 0.587165

34 33 0.565738

35 33 0.542078

36 33 0.516279

37 33 0.488442

38 33 0.458678

39 33 0.427103

40 33 0.393843

41 33 0.359028

42 33 0.322797

43 33 0.285291

44 33 0.24666

45 33 0.207055

46 33 0.166634

47 33 0.125554

48 33 0.083979

49 33 0.0420725

50 33 0

0 34 0

1 34 0.0405372

2 34 0.0809144

3 34 0.120972

4 34 0.160553

5 34 0.199499

6 34 0.237659

7 34 0.27488

8 34 0.311017

9 34 0.345926

10 34 0.37947

11 34 0.411517

12 34 0.441939

13 34 0.470618

14 34 0.497439

15 34 0.522296

16 34 0.545093

17 34 0.565738

18 34 0.584151

19 34 0.600258

20 34 0.613996

21 34 0.625311

22 34 0.634159

23 34 0.640503

24 34 0.64432

25 34 0.645594

26 34 0.64432

27 34 0.640503

28 34 0.634159

29 34 0.625311

30 34 0.613996

31 34 0.600258

32 34 0.584151

33 34 0.565738

34 34 0.545093

35 34 0.522296

36 34 0.497439

37 34 0.470618

38 34 0.441939

39 34 0.411517

40 34 0.37947

41 34 0.345926

42 34 0.311017

43 34 0.27488

44 34 0.237659

45 34 0.199499

46 34 0.160553

47 34 0.120972

48 34 0.0809144

49 34 0.0405372

50 34 0

0 35 0

1 35 0.0388418

2 35 0.0775304

3 35 0.115913

4 35 0.153838

5 35 0.191156

6 35 0.22772

7 35 0.263385

8 35 0.29801

9 35 0.331459

10 35 0.363601

11 35 0.394307

12 35 0.423457

13 35 0.450936

14 35 0.476635

15 35 0.500453

16 35 0.522296

17 35 0.542078

18 35 0.559721

19 35 0.575154

20 35 0.588318

21 35 0.59916

22 35 0.607637

23 35 0.613716

24 35 0.617374

25 35 0.618594

26 35 0.617374

27 35 0.613716

28 35 0.607637

29 35 0.59916

30 35 0.588318

31 35 0.575154

32 35 0.559721

33 35 0.542078

34 35 0.522296

35 35 0.500453

36 35 0.476635

37 35 0.450936

38 35 0.423457

39 35 0.394307

40 35 0.363601

41 35 0.331459

42 35 0.29801

43 35 0.263385

44 35 0.22772

45 35 0.191156

46 35 0.153838

47 35 0.115913

48 35 0.0775304

49 35 0.0388418

50 35 0

0 36 0

1 36 0.0369932

2 36 0.0738405

3 36 0.110396

4 36 0.146516

5 36 0.182058

6 36 0.216882

7 36 0.250849

8 36 0.283827

9 36 0.315684

10 36 0.346296

11 36 0.37554

12 36 0.403303

13 36 0.429474

14 36 0.45395

15 36 0.476635

16 36 0.497439

17 36 0.516279

18 36 0.533082

19 36 0.547781

20 36 0.560318

21 36 0.570644

22 36 0.578718

23 36 0.584508

24 36 0.587991

25 36 0.589153

26 36 0.587991

27 36 0.584508

28 36 0.578718

29 36 0.570644

30 36 0.560318

31 36 0.547781

32 36 0.533082

33 36 0.516279

34 36 0.497439

35 36 0.476635

36 36 0.45395

37 36 0.429474

38 36 0.403303

39 36 0.37554

40 36 0.346296

41 36 0.315684

42 36 0.283827

43 36 0.250849

44 36 0.216882

45 36 0.182058

46 36 0.146516

47 36 0.110396

48 36 0.0738405

49 36 0.0369932

50 36 0

0 37 0

1 37 0.0349986

2 37 0.0698591

3 37 0.104444

4 37 0.138617

5 37 0.172242

6 37 0.205188

7 37 0.237324

8 37 0.268523

9 37 0.298663

10 37 0.327624

11 37 0.355292

12 37 0.381558

13 37 0.406318

14 37 0.429474

15 37 0.450936

16 37 0.470618

17 37 0.488442

18 37 0.504339

19 37 0.518246

20 37 0.530107

21 37 0.539876

22 37 0.547514

23 37 0.552992

24 37 0.556287

25 37 0.557387

26 37 0.556287

27 37 0.552992

28 37 0.547514

29 37 0.539876

30 37 0.530107

31 37 0.518246

32 37 0.504339

33 37 0.488442

34 37 0.470618

35 37 0.450936

36 37 0.429474

37 37 0.406318

38 37 0.381558

39 37 0.355292

40 37 0.327624

41 37 0.298663

42 37 0.268523

43 37 0.237324

44 37 0.205188

45 37 0.172242

46 37 0.138617

47 37 0.104444

48 37 0.0698591

49 37 0.0349986

50 37 0

0 38 0

1 38 0.0328659

2 38 0.0656021

3 38 0.0980794

4 38 0.13017

5 38 0.161746

6 38 0.192684

7 38 0.222862

8 38 0.25216

9 38 0.280463

10 38 0.307659

11 38 0.333641

12 38 0.358307

13 38 0.381558

14 38 0.403303

15 38 0.423457

16 38 0.441939

17 38 0.458678

18 38 0.473606

19 38 0.486665

20 38 0.497803

21 38 0.506977

22 38 0.51415

23 38 0.519294

24 38 0.522389

25 38 0.523421

26 38 0.522389

27 38 0.519294

28 38 0.51415

29 38 0.506977

30 38 0.497803

31 38 0.486665

32 38 0.473606

33 38 0.458678

34 38 0.441939

35 38 0.423457

36 38 0.403303

37 38 0.381558

38 38 0.358307

39 38 0.333641

40 38 0.307659

41 38 0.280463

42 38 0.25216

43 38 0.222862

44 38 0.192684

45 38 0.161746

46 38 0.13017

47 38 0.0980794

48 38 0.0656021

49 38 0.0328659

50 38 0

0 39 0

1 39 0.0306035

2 39 0.0610862

3 39 0.0913278

4 39 0.121209

5 39 0.150612

6 39 0.17942

7 39 0.207521

8 39 0.234802

9 39 0.261157

10 39 0.286481

11 39 0.310674

12 39 0.333641

13 39 0.355292

14 39 0.37554

15 39 0.394307

16 39 0.411517

17 39 0.427103

18 39 0.441004

19 39 0.453164

20 39 0.463535

21 39 0.472078

22 39 0.478757

23 39 0.483547

24 39 0.486428

25 39 0.48739

26 39 0.486428

27 39 0.483547

28 39 0.478757

29 39 0.472078

30 39 0.463535

31 39 0.453164

32 39 0.441004

33 39 0.427103

34 39 0.411517

35 39 0.394307

36 39 0.37554

37 39 0.355292

38 39 0.333641

39 39 0.310674

40 39 0.286481

41 39 0.261157

42 39 0.234802

43 39 0.207521

44 39 0.17942

45 39 0.150612

46 39 0.121209

47 39 0.0913278

48 39 0.0610862

49 39 0.0306035

50 39 0

0 40 0

1 40 0.0282203

2 40 0.0563291

3 40 0.0842157

4 40 0.11177

5 40 0.138883

6 40 0.165448

7 40 0.19136

8 40 0.216517

9 40 0.240819

10 40 0.264171

11 40 0.286481

12 40 0.307659

13 40 0.327624

14 40 0.346296

15 40 0.363601

16 40 0.37947

17 40 0.393843

18 40 0.406661

19 40 0.417874

20 40 0.427438

21 40 0.435315

22 40 0.441474

23 40 0.445891

24 40 0.448548

25 40 0.449435

26 40 0.448548

27 40 0.445891

28 40 0.441474

29 40 0.435315

30 40 0.427438

31 40 0.417874

32 40 0.406661

33 40 0.393843

34 40 0.37947

35 40 0.363601

36 40 0.346296

37 40 0.327624

38 40 0.307659

39 40 0.286481

40 40 0.264171

41 40 0.240819

42 40 0.216517

43 40 0.19136

44 40 0.165448

45 40 0.138883

46 40 0.11177

47 40 0.0842157

48 40 0.0563291

49 40 0.0282203

50 40 0

0 41 0

1 41 0.0257257

2 41 0.0513498

3 41 0.0767713

4 41 0.10189

5 41 0.126606

6 41 0.150823

7 41 0.174444

8 41 0.197377

9 41 0.219532

10 41 0.240819

11 41 0.261157

12 41 0.280463

13 41 0.298663

14 41 0.315684

15 41 0.331459

16 41 0.345926

17 41 0.359028

18 41 0.370713

19 41 0.380935

20 41 0.389654

21 41 0.396835

22 41 0.402449

23 41 0.406476

24 41 0.408898

25 41 0.409706

26 41 0.408898

27 41 0.406476

28 41 0.402449

29 41 0.396835

30 41 0.389654

31 41 0.380935

32 41 0.370713

33 41 0.359028

34 41 0.345926

35 41 0.331459

36 41 0.315684

37 41 0.298663

38 41 0.280463

39 41 0.261157

40 41 0.240819

41 41 0.219532

42 41 0.197377

43 41 0.174444

44 41 0.150823

45 41 0.126606

46 41 0.10189

47 41 0.0767713

48 41 0.0513498

49 41 0.0257257

50 41 0

0 42 0

1 42 0.0231296

2 42 0.0461678

3 42 0.0690239

4 42 0.0916076

5 42 0.11383

6 42 0.135603

7 42 0.15684

8 42 0.177459

9 42 0.197377

10 42 0.216517

11 42 0.234802

12 42 0.25216

13 42 0.268523

14 42 0.283827

15 42 0.29801

16 42 0.311017

17 42 0.322797

18 42 0.333303

19 42 0.342493

20 42 0.350332

21 42 0.356788

22 42 0.361836

23 42 0.365456

24 42 0.367634

25 42 0.368361

26 42 0.367634

27 42 0.365456

28 42 0.361836

29 42 0.356788

30 42 0.350332

31 42 0.342493

32 42 0.333303

33 42 0.322797

34 42 0.311017

35 42 0.29801

36 42 0.283827

37 42 0.268523

38 42 0.25216

39 42 0.234802

40 42 0.216517

41 42 0.197377

42 42 0.177459

43 42 0.15684

44 42 0.135603

45 42 0.11383

46 42 0.0916076

47 42 0.0690239

48 42 0.0461678

49 42 0.0231296

50 42 0

0 43 0

1 43 0.0204422

2 43 0.0408036

3 43 0.0610041

4 43 0.0809638

5 43 0.100604

6 43 0.119847

7 43 0.138617

8 43 0.15684

9 43 0.174444

10 43 0.19136

11 43 0.207521

12 43 0.222862

13 43 0.237324

14 43 0.250849

15 43 0.263385

16 43 0.27488

17 43 0.285291

18 43 0.294577

19 43 0.302699

20 43 0.309627

21 43 0.315333

22 43 0.319795

23 43 0.322994

24 43 0.324919

25 43 0.325561

26 43 0.324919

27 43 0.322994

28 43 0.319795

29 43 0.315333

30 43 0.309627

31 43 0.302699

32 43 0.294577

33 43 0.285291

34 43 0.27488

35 43 0.263385

36 43 0.250849

37 43 0.237324

38 43 0.222862

39 43 0.207521

40 43 0.19136

41 43 0.174444

42 43 0.15684

43 43 0.138617

44 43 0.119847

45 43 0.100604

46 43 0.0809638

47 43 0.0610041

48 43 0.0408036

49 43 0.0204422

50 43 0

0 44 0

1 44 0.0176741

2 44 0.0352784

3 44 0.0527435

4 44 0.0700005

5 44 0.0869812

6 44 0.103619

7 44 0.119847

8 44 0.135603

9 44 0.150823

10 44 0.165448

11 44 0.17942

12 44 0.192684

13 44 0.205188

14 44 0.216882

15 44 0.22772

16 44 0.237659

17 44 0.24666

18 44 0.254688

19 44 0.261711

20 44 0.267701

21 44 0.272634

22 44 0.276491

23 44 0.279257

24 44 0.280922

25 44 0.281477

26 44 0.280922

27 44 0.279257

28 44 0.276491

29 44 0.272634

30 44 0.267701

31 44 0.261711

32 44 0.254688

33 44 0.24666

34 44 0.237659

35 44 0.22772

36 44 0.216882

37 44 0.205188

38 44 0.192684

39 44 0.17942

40 44 0.165448

41 44 0.150823

42 44 0.135603

43 44 0.119847

44 44 0.103619

45 44 0.0869812

46 44 0.0700005

47 44 0.0527435

48 44 0.0352784

49 44 0.0176741

50 44 0

0 45 0

1 45 0.0148363

2 45 0.029614

3 45 0.0442748

4 45 0.0587609

5 45 0.0730151

6 45 0.0869812

7 45 0.100604

8 45 0.11383

9 45 0.126606

10 45 0.138883

11 45 0.150612

12 45 0.161746

13 45 0.172242

14 45 0.182058

15 45 0.191156

16 45 0.199499

17 45 0.207055

18 45 0.213794

19 45 0.219689

20 45 0.224717

21 45 0.228859

22 45 0.232097

23 45 0.234419

24 45 0.235816

25 45 0.236282

26 45 0.235816

27 45 0.234419

28 45 0.232097

29 45 0.228859

30 45 0.224717

31 45 0.219689

32 45 0.213794

33 45 0.207055

34 45 0.199499

35 45 0.191156

36 45 0.182058

37 45 0.172242

38 45 0.161746

39 45 0.150612

40 45 0.138883

41 45 0.126606

42 45 0.11383

43 45 0.100604

44 45 0.0869812

45 45 0.0730151

46 45 0.0587609

47 45 0.0442748

48 45 0.029614

49 45 0.0148363

50 45 0

0 46 0

1 46 0.0119399

2 46 0.0238327

3 46 0.0356314

4 46 0.0472895

5 46 0.0587609

6 46 0.0700005

7 46 0.0809638

8 46 0.0916076

9 46 0.10189

10 46 0.11177

11 46 0.121209

12 46 0.13017

13 46 0.138617

14 46 0.146516

15 46 0.153838

16 46 0.160553

17 46 0.166634

18 46 0.172057

19 46 0.176801

20 46 0.180848

21 46 0.18418

22 46 0.186786

23 46 0.188655

24 46 0.189779

25 46 0.190154

26 46 0.189779

27 46 0.188655

28 46 0.186786

29 46 0.18418

30 46 0.180848

31 46 0.176801

32 46 0.172057

33 46 0.166634

34 46 0.160553

35 46 0.153838

36 46 0.146516

37 46 0.138617

38 46 0.13017

39 46 0.121209

40 46 0.11177

41 46 0.10189

42 46 0.0916076

43 46 0.0809638

44 46 0.0700005

45 46 0.0587609

46 46 0.0472895

47 46 0.0356314

48 46 0.0238327

49 46 0.0119399

50 46 0

0 47 0

1 47 0.0089964

2 47 0.0179573

3 47 0.0268473

4 47 0.0356314

5 47 0.0442748

6 47 0.0527435

7 47 0.0610041

8 47 0.0690239

9 47 0.0767713

10 47 0.0842157

11 47 0.0913278

12 47 0.0980794

13 47 0.104444

14 47 0.110396

15 47 0.115913

16 47 0.120972

17 47 0.125554

18 47 0.12964

19 47 0.133215

20 47 0.136264

21 47 0.138775

22 47 0.140739

23 47 0.142147

24 47 0.142994

25 47 0.143276

26 47 0.142994

27 47 0.142147

28 47 0.140739

29 47 0.138775

30 47 0.136264

31 47 0.133215

32 47 0.12964

33 47 0.125554

34 47 0.120972

35 47 0.115913

36 47 0.110396

37 47 0.104444

38 47 0.0980794

39 47 0.0913278

40 47 0.0842157

41 47 0.0767713

42 47 0.0690239

43 47 0.0610041

44 47 0.0527435

45 47 0.0442748

46 47 0.0356314

47 47 0.0268473

48 47 0.0179573

49 47 0.0089964

50 47 0

0 48 0

1 48 0.00601739

2 48 0.012011

3 48 0.0179573

4 48 0.0238327

5 48 0.029614

6 48 0.0352784

7 48 0.0408036

8 48 0.0461678

9 48 0.0513498

10 48 0.0563291

11 48 0.0610862

12 48 0.0656021

13 48 0.0698591

14 48 0.0738405

15 48 0.0775304

16 48 0.0809144

17 48 0.083979

18 48 0.0867122

19 48 0.0891031

20 48 0.0911425

21 48 0.0928221

22 48 0.0941354

23 48 0.0950772

24 48 0.0956437

25 48 0.0958329

26 48 0.0956437

27 48 0.0950772

28 48 0.0941354

29 48 0.0928221

30 48 0.0911425

31 48 0.0891031

32 48 0.0867122

33 48 0.083979

34 48 0.0809144

35 48 0.0775304

36 48 0.0738405

37 48 0.0698591

38 48 0.0656021

39 48 0.0610862

40 48 0.0563291

41 48 0.0513498

42 48 0.0461678

43 48 0.0408036

44 48 0.0352784

45 48 0.029614

46 48 0.0238327

47 48 0.0179573

48 48 0.012011

49 48 0.00601739

50 48 0

0 49 0

1 49 0.00301465

2 49 0.00601739

3 49 0.0089964

4 49 0.0119399

5 49 0.0148363

6 49 0.0176741

7 49 0.0204422

8 49 0.0231296

9 49 0.0257257

10 49 0.0282203

11 49 0.0306035

12 49 0.0328659

13 49 0.0349986

14 49 0.0369932

15 49 0.0388418

16 49 0.0405372

17 49 0.0420725

18 49 0.0434418

19 49 0.0446397

20 49 0.0456613

21 49 0.0465028

22 49 0.0471608

23 49 0.0476326

24 49 0.0479164

25 49 0.0480112

26 49 0.0479164

27 49 0.0476326

28 49 0.0471608

29 49 0.0465028

30 49 0.0456613

31 49 0.0446397

32 49 0.0434418

33 49 0.0420725

34 49 0.0405372

35 49 0.0388418

36 49 0.0369932

37 49 0.0349986

38 49 0.0328659

39 49 0.0306035

40 49 0.0282203

41 49 0.0257257

42 49 0.0231296

43 49 0.0204422

44 49 0.0176741

45 49 0.0148363

46 49 0.0119399

47 49 0.0089964

48 49 0.00601739

49 49 0.00301465

50 49 0

