0 1 0

1 1 0.00278584

2 1 0.00556069

3 1 0.00831359

4 1 0.0110337

5 1 0.0137102

6 1 0.0163327

7 1 0.0188906

8 1 0.0213741

9 1 0.0237731

10 1 0.0260784

11 1 0.0282807

12 1 0.0303715

13 1 0.0323423

14 1 0.0341855

15 1 0.0358938

16 1 0.0374605

17 1 0.0388793

18 1 0.0401447

19 1 0.0412516

20 1 0.0421957

21 1 0.0429733

22 1 0.0435814

23 1 0.0440174

24 1 0.0442797

25 1 0.0443672

26 1 0.0442797

27 1 0.0440174

28 1 0.0435814

29 1 0.0429733

30 1 0.0421957

31 1 0.0412516

32 1 0.0401447

33 1 0.0388793

34 1 0.0374605

35 1 0.0358938

36 1 0.0341855

37 1 0.0323423

38 1 0.0303715

39 1 0.0282807

40 1 0.0260784

41 1 0.0237731

42 1 0.0213741

43 1 0.0188906

44 1 0.0163327

45 1 0.0137102

46 1 0.0110337

47 1 0.00831359

48 1 0.00556069

49 1 0.00278584

50 1 0

0 2 0

1 2 0.00556069

2 2 0.0110994

3 2 0.0165944

4 2 0.0220238

5 2 0.0273663

6 2 0.0326009

7 2 0.0377067

8 2 0.0426638

9 2 0.0474525

10 2 0.0520539

11 2 0.0564499

12 2 0.0606231

13 2 0.064557

14 2 0.0682362

15 2 0.071646

16 2 0.0747731

17 2 0.0776052

18 2 0.0801309

19 2 0.0823404

20 2 0.084225

21 2 0.0857771

22 2 0.0869907

23 2 0.087861

24 2 0.0883846

25 2 0.0885594

26 2 0.0883846

27 2 0.087861

28 2 0.0869907

29 2 0.0857771

30 2 0.084225

31 2 0.0823404

32 2 0.0801309

33 2 0.0776052

34 2 0.0747731

35 2 0.071646

36 2 0.0682362

37 2 0.064557

38 2 0.0606231

39 2 0.0564499

40 2 0.0520539

41 2 0.0474525

42 2 0.0426638

43 2 0.0377067

44 2 0.0326009

45 2 0.0273663

46 2 0.0220238

47 2 0.0165944

48 2 0.0110994

49 2 0.00556069

50 2 0

0 3 0

1 3 0.00831359

2 3 0.0165944

3 3 0.0248097

4 3 0.032927

5 3 0.0409145

6 3 0.0487404

7 3 0.056374

8 3 0.0637851

9 3 0.0709445

10 3 0.0778239

11 3 0.0843962

12 3 0.0906354

13 3 0.0965169

14 3 0.102017

15 3 0.107115

16 3 0.111791

17 3 0.116025

18 3 0.119801

19 3 0.123104

20 3 0.125922

21 3 0.128242

22 3 0.130057

23 3 0.131358

24 3 0.132141

25 3 0.132402

26 3 0.132141

27 3 0.131358

28 3 0.130057

29 3 0.128242

30 3 0.125922

31 3 0.123104

32 3 0.119801

33 3 0.116025

34 3 0.111791

35 3 0.107115

36 3 0.102017

37 3 0.0965169

38 3 0.0906354

39 3 0.0843962

40 3 0.0778239

41 3 0.0709445

42 3 0.0637851

43 3 0.056374

44 3 0.0487404

45 3 0.0409145

46 3 0.032927

47 3 0.0248097

48 3 0.0165944

49 3 0.00831359

50 3 0

0 4 0

1 4 0.0110337

2 4 0.0220238

3 4 0.032927

4 4 0.0437003

5 4 0.0543011

6 4 0.0646876

7 4 0.0748188

8 4 0.0846548

9 4 0.0941566

10 4 0.103287

11 4 0.112009

12 4 0.12029

13 4 0.128096

14 4 0.135396

15 4 0.142162

16 4 0.148367

17 4 0.153986

18 4 0.158998

19 4 0.163382

20 4 0.167122

21 4 0.170201

22 4 0.17261

23 4 0.174336

24 4 0.175375

25 4 0.175722

26 4 0.175375

27 4 0.174336

28 4 0.17261

29 4 0.170201

30 4 0.167122

31 4 0.163382

32 4 0.158998

33 4 0.153986

34 4 0.148367

35 4 0.142162

36 4 0.135396

37 4 0.128096

38 4 0.12029

39 4 0.112009

40 4 0.103287

41 4 0.0941566

42 4 0.0846548

43 4 0.0748188

44 4 0.0646876

45 4 0.0543011

46 4 0.0437003

47 4 0.032927

48 4 0.0220238

49 4 0.0110337

50 4 0

0 5 0

1 5 0.0137102

2 5 0.0273663

3 5 0.0409145

4 5 0.0543011

5 5 0.0674735

6 5 0.0803795

7 5 0.0929683

8 5 0.10519

9 5 0.116997

10 5 0.128342

11 5 0.139181

12 5 0.14947

13 5 0.159169

14 5 0.168241

15 5 0.176648

16 5 0.184358

17 5 0.19134

18 5 0.197568

19 5 0.203015

20 5 0.207662

21 5 0.211489

22 5 0.214481

23 5 0.216627

24 5 0.217918

25 5 0.218349

26 5 0.217918

27 5 0.216627

28 5 0.214481

29 5 0.211489

30 5 0.207662

31 5 0.203015

32 5 0.197568

33 5 0.19134

34 5 0.184358

35 5 0.176648

36 5 0.168241

37 5 0.159169

38 5 0.14947

39 5 0.139181

40 5 0.128342

41 5 0.116997

42 5 0.10519

43 5 0.0929683

44 5 0.0803795

45 5 0.0674735

46 5 0.0543011

47 5 0.0409145

48 5 0.0273663

49 5 0.0137102

50 5 0

0 6 0

1 6 0.0163327

2 6 0.0326009

3 6 0.0487404

4 6 0.0646876

5 6 0.0803795

6 6 0.0957542

7 6 0.110751

8 6 0.125311

9 6 0.139376

10 6 0.152891

11 6 0.165803

12 6 0.17806

13 6 0.189615

14 6 0.200421

15 6 0.210436

16 6 0.219621

17 6 0.227939

18 6 0.235358

19 6 0.241847

20 6 0.247383

21 6 0.251942

22 6 0.255506

23 6 0.258062

24 6 0.2596

25 6 0.260114

26 6 0.2596

27 6 0.258062

28 6 0.255506

29 6 0.251942

30 6 0.247383

31 6 0.241847

32 6 0.235358

33 6 0.227939

34 6 0.219621

35 6 0.210436

36 6 0.200421

37 6 0.189615

38 6 0.17806

39 6 0.165803

40 6 0.152891

41 6 0.139376

42 6 0.125311

43 6 0.110751

44 6 0.0957542

45 6 0.0803795

46 6 0.0646876

47 6 0.0487404

48 6 0.0326009

49 6 0.0163327

50 6 0

0 7 0

1 7 0.0188906

2 7 0.0377067

3 7 0.056374

4 7 0.0748188

5 7 0.0929683

6 7 0.110751

7 7 0.128097

8 7 0.144937

9 7 0.161205

10 7 0.176836

11 7 0.19177

12 7 0.205947

13 7 0.219312

14 7 0.23181

15 7 0.243394

16 7 0.254018

17 7 0.263639

18 7 0.272219

19 7 0.279725

20 7 0.286127

21 7 0.2914

22 7 0.295523

23 7 0.29848

24 7 0.300258

25 7 0.300852

26 7 0.300258

27 7 0.29848

28 7 0.295523

29 7 0.2914

30 7 0.286127

31 7 0.279725

32 7 0.272219

33 7 0.263639

34 7 0.254018

35 7 0.243394

36 7 0.23181

37 7 0.219312

38 7 0.205947

39 7 0.19177

40 7 0.176836

41 7 0.161205

42 7 0.144937

43 7 0.128097

44 7 0.110751

45 7 0.0929683

46 7 0.0748188

47 7 0.056374

48 7 0.0377067

49 7 0.0188906

50 7 0

0 8 0

1 8 0.0213741

2 8 0.0426638

3 8 0.0637851

4 8 0.0846548

5 8 0.10519

6 8 0.125311

7 8 0.144937

8 8 0.16399

9 8 0.182397

10 8 0.200084

11 8 0.216981

12 8 0.233022

13 8 0.248143

14 8 0.262285

15 8 0.275392

16 8 0.287412

17 8 0.298297

18 8 0.308006

19 8 0.316499

20 8 0.323742

21 8 0.329709

22 8 0.334373

23 8 0.337719

24 8 0.339731

25 8 0.340403

26 8 0.339731

27 8 0.337719

28 8 0.334373

29 8 0.329709

30 8 0.323742

31 8 0.316499

32 8 0.308006

33 8 0.298297

34 8 0.287412

35 8 0.275392

36 8 0.262285

37 8 0.248143

38 8 0.233022

39 8 0.216981

40 8 0.200084

41 8 0.182397

42 8 0.16399

43 8 0.144937

44 8 0.125311

45 8 0.10519

46 8 0.0846548

47 8 0.0637851

48 8 0.0426638

49 8 0.0213741

50 8 0

0 9 0

1 9 0.0237731

2 9 0.0474525

3 9 0.0709445

4 9 0.0941566

5 9 0.116997

6 9 0.139376

7 9 0.161205

8 9 0.182397

9 9 0.20287

10 9 0.222542

11 9 0.241335

12 9 0.259177

13 9 0.275995

14 9 0.291724

15 9 0.306302

16 9 0.319671

17 9 0.331779

18 9 0.342577

19 9 0.352023

20 9 0.36008

21 9 0.366716

22 9 0.371904

23 9 0.375625

24 9 0.377863

25 9 0.37861

26 9 0.377863

27 9 0.375625

28 9 0.371904

29 9 0.366716

30 9 0.36008

31 9 0.352023

32 9 0.342577

33 9 0.331779

34 9 0.319671

35 9 0.306302

36 9 0.291724

37 9 0.275995

38 9 0.259177

39 9 0.241335

40 9 0.222542

41 9 0.20287

42 9 0.182397

43 9 0.161205

44 9 0.139376

45 9 0.116997

46 9 0.0941566

47 9 0.0709445

48 9 0.0474525

49 9 0.0237731

50 9 0

0 10 0

1 10 0.0260784

2 10 0.0520539

3 10 0.0778239

4 10 0.103287

5 10 0.128342

6 10 0.152891

7 10 0.176836

8 10 0.200084

9 10 0.222542

10 10 0.244121

11 10 0.264737

12 10 0.284309

13 10 0.302758

14 10 0.320013

15 10 0.336004

16 10 0.35067

17 10 0.363951

18 10 0.375796

19 10 0.386158

20 10 0.394996

21 10 0.402276

22 10 0.407967

23 10 0.412049

24 10 0.414504

25 10 0.415324

26 10 0.414504

27 10 0.412049

28 10 0.407967

29 10 0.402276

30 10 0.394996

31 10 0.386158

32 10 0.375796

33 10 0.363951

34 10 0.35067

35 10 0.336004

36 10 0.320013

37 10 0.302758

38 10 0.284309

39 10 0.264737

40 10 0.244121

41 10 0.222542

42 10 0.200084

43 10 0.176836

44 10 0.152891

45 10 0.128342

46 10 0.103287

47 10 0.0778239

48 10 0.0520539

49 10 0.0260784

50 10 0

0 11 0

1 11 0.0282807

2 11 0.0564499

3 11 0.0843962

4 11 0.112009

5 11 0.139181

6 11 0.165803

7 11 0.19177

8 11 0.216981

9 11 0.241335

10 11 0.264737

11 11 0.287095

12 11 0.308319

13 11 0.328326

14 11 0.347038

15 11 0.36438

16 11 0.380284

17 11 0.394687

18 11 0.407532

19 11 0.41877

20 11 0.428354

21 11 0.436248

22 11 0.44242

23 11 0.446847

24 11 0.449509

25 11 0.450398

26 11 0.449509

27 11 0.446847

28 11 0.44242

29 11 0.436248

30 11 0.428354

31 11 0.41877

32 11 0.407532

33 11 0.394687

34 11 0.380284

35 11 0.36438

36 11 0.347038

37 11 0.328326

38 11 0.308319

39 11 0.287095

40 11 0.264737

41 11 0.241335

42 11 0.216981

43 11 0.19177

44 11 0.165803

45 11 0.139181

46 11 0.112009

47 11 0.0843962

48 11 0.0564499

49 11 0.0282807

50 11 0

0 12 0

1 12 0.0303715

2 12 0.0606231

3 12 0.0906354

4 12 0.12029

5 12 0.14947

6 12 0.17806

7 12 0.205947

8 12 0.233022

9 12 0.259177

10 12 0.284309

11 12 0.308319

12 12 0.331112

13 12 0.352598

14 12 0.372693

15 12 0.391317

16 12 0.408397

17 12 0.423865

18 12 0.43766

19 12 0.449728

20 12 0.460021

21 12 0.468499

22 12 0.475127

23 12 0.479881

24 12 0.48274

25 12 0.483695

26 12 0.48274

27 12 0.479881

28 12 0.475127

29 12 0.468499

30 12 0.460021

31 12 0.449728

32 12 0.43766

33 12 0.423865

34 12 0.408397

35 12 0.391317

36 12 0.372693

37 12 0.352598

38 12 0.331112

39 12 0.308319

40 12 0.284309

41 12 0.259177

42 12 0.233022

43 12 0.205947

44 12 0.17806

45 12 0.14947

46 12 0.12029

47 12 0.0906354

48 12 0.0606231

49 12 0.0303715

50 12 0

0 13 0

1 13 0.0323423

2 13 0.064557

3 13 0.0965169

4 13 0.128096

5 13 0.159169

6 13 0.189615

7 13 0.219312

8 13 0.248143

9 13 0.275995

10 13 0.302758

11 13 0.328326

12 13 0.352598

13 13 0.375479

14 13 0.396878

15 13 0.416711

16 13 0.434899

17 13 0.451371

18 13 0.466061

19 13 0.478912

20 13 0.489873

21 13 0.498901

22 13 0.505959

23 13 0.511021

24 13 0.514066

25 13 0.515083

26 13 0.514066

27 13 0.511021

28 13 0.505959

29 13 0.498901

30 13 0.489873

31 13 0.478912

32 13 0.466061

33 13 0.451371

34 13 0.434899

35 13 0.416711

36 13 0.396878

37 13 0.375479

38 13 0.352598

39 13 0.328326

40 13 0.302758

41 13 0.275995

42 13 0.248143

43 13 0.219312

44 13 0.189615

45 13 0.159169

46 13 0.128096

47 13 0.0965169

48 13 0.064557

49 13 0.0323423

50 13 0

0 14 0

1 14 0.0341855

2 14 0.0682362

3 14 0.102017

4 14 0.135396

5 14 0.168241

6 14 0.200421

7 14 0.23181

8 14 0.262285

9 14 0.291724

10 14 0.320013

11 14 0.347038

12 14 0.372693

13 14 0.396878

14 14 0.419497

15 14 0.440459

16 14 0.459684

17 14 0.477095

18 14 0.492622

19 14 0.506206

20 14 0.517791

21 14 0.527333

22 14 0.534794

23 14 0.540145

24 14 0.543364

25 14 0.544438

26 14 0.543364

27 14 0.540145

28 14 0.534794

29 14 0.527333

30 14 0.517791

31 14 0.506206

32 14 0.492622

33 14 0.477095

34 14 0.459684

35 14 0.440459

36 14 0.419497

37 14 0.396878

38 14 0.372693

39 14 0.347038

40 14 0.320013

41 14 0.291724

42 14 0.262285

43 14 0.23181

44 14 0.200421

45 14 0.168241

46 14 0.135396

47 14 0.102017

48 14 0.0682362

49 14 0.0341855

50 14 0

0 15 0

1 15 0.0358938

2 15 0.071646

3 15 0.107115

4 15 0.142162

5 15 0.176648

6 15 0.210436

7 15 0.243394

8 15 0.275392

9 15 0.306302

10 15 0.336004

11 15 0.36438

12 15 0.391317

13 15 0.416711

14 15 0.440459

15 15 0.46247

16 15 0.482655

17 15 0.500936

18 15 0.517239

19 15 0.531501

20 15 0.543666

21 15 0.553685

22 15 0.561519

23 15 0.567137

24 15 0.570516

25 15 0.571644

26 15 0.570516

27 15 0.567137

28 15 0.561519

29 15 0.553685

30 15 0.543666

31 15 0.531501

32 15 0.517239

33 15 0.500936

34 15 0.482655

35 15 0.46247

36 15 0.440459

37 15 0.416711

38 15 0.391317

39 15 0.36438

40 15 0.336004

41 15 0.306302

42 15 0.275392

43 15 0.243394

44 15 0.210436

45 15 0.176648

46 15 0.142162

47 15 0.107115

48 15 0.071646

49 15 0.0358938

50 15 0

0 16 0

1 16 0.0374605

2 16 0.0747731

3 16 0.111791

4 16 0.148367

5 16 0.184358

6 16 0.219621

7 16 0.254018

8 16 0.287412

9 16 0.319671

10 16 0.35067

11 16 0.380284

12 16 0.408397

13 16 0.434899

14 16 0.459684

15 16 0.482655

16 16 0.503722

17 16 0.5228

18 16 0.539815

19 16 0.5547

20 16 0.567395

21 16 0.577852

22 16 0.586027

23 16 0.59189

24 16 0.595417

25 16 0.596595

26 16 0.595417

27 16 0.59189

28 16 0.586027

29 16 0.577852

30 16 0.567395

31 16 0.5547

32 16 0.539815

33 16 0.5228

34 16 0.503722

35 16 0.482655

36 16 0.459684

37 16 0.434899

38 16 0.408397

39 16 0.380284

40 16 0.35067

41 16 0.319671

42 16 0.287412

43 16 0.254018

44 16 0.219621

45 16 0.184358

46 16 0.148367

47 16 0.111791

48 16 0.0747731

49 16 0.0374605

50 16 0

0 17 0

1 17 0.0388793

2 17 0.0776052

3 17 0.116025

4 17 0.153986

5 17 0.19134

6 17 0.227939

7 17 0.263639

8 17 0.298297

9 17 0.331779

10 17 0.363951

11 17 0.394687

12 17 0.423865

13 17 0.451371

14 17 0.477095

15 17 0.500936

16 17 0.5228

17 17 0.542601

18 17 0.56026

19 17 0.575709

20 17 0.588885

21 17 0.599738

22 17 0.608223

23 17 0.614308

24 17 0.617969

25 17 0.619191

26 17 0.617969

27 17 0.614308

28 17 0.608223

29 17 0.599738

30 17 0.588885

31 17 0.575709

32 17 0.56026

33 17 0.542601

34 17 0.5228

35 17 0.500936

36 17 0.477095

37 17 0.451371

38 17 0.423865

39 17 0.394687

40 17 0.363951

41 17 0.331779

42 17 0.298297

43 17 0.263639

44 17 0.227939

45 17 0.19134

46 17 0.153986

47 17 0.116025

48 17 0.0776052

49 17 0.0388793

50 17 0

0 18 0

1 18 0.0401447

2 18 0.0801309

3 18 0.119801

4 18 0.158998

5 18 0.197568

6 18 0.235358

7 18 0.272219

8 18 0.308006

9 18 0.342577

10 18 0.375796

11 18 0.407532

12 18 0.43766

13 18 0.466061

14 18 0.492622

15 18 0.517239

16 18 0.539815

17 18 0.56026

18 18 0.578495

19 18 0.594446

20 18 0.608051

21 18 0.619257

22 18 0.628018

23 18 0.634301

24 18 0.638081

25 18 0.639343

26 18 0.638081

27 18 0.634301

28 18 0.628018

29 18 0.619257

30 18 0.608051

31 18 0.594446

32 18 0.578495

33 18 0.56026

34 18 0.539815

35 18 0.517239

36 18 0.492622

37 18 0.466061

38 18 0.43766

39 18 0.407532

40 18 0.375796

41 18 0.342577

42 18 0.308006

43 18 0.272219

44 18 0.235358

45 18 0.197568

46 18 0.158998

47 18 0.119801

48 18 0.0801309

49 18 0.0401447

50 18 0

0 19 0

1 19 0.0412516

2 19 0.0823404

3 19 0.123104

4 19 0.163382

5 19 0.203015

6 19 0.241847

7 19 0.279725

8 19 0.316499

9 19 0.352023

10 19 0.386158

11 19 0.41877

12 19 0.449728

13 19 0.478912

14 19 0.506206

15 19 0.531501

16 19 0.5547

17 19 0.575709

18 19 0.594446

19 19 0.610837

20 19 0.624817

21 19 0.636332

22 19 0.645335

23 19 0.651791

24 19 0.655675

25 19 0.656972

26 19 0.655675

27 19 0.651791

28 19 0.645335

29 19 0.636332

30 19 0.624817

31 19 0.610837

32 19 0.594446

33 19 0.575709

34 19 0.5547

35 19 0.531501

36 19 0.506206

37 19 0.478912

38 19 0.449728

39 19 0.41877

40 19 0.386158

41 19 0.352023

42 19 0.316499

43 19 0.279725

44 19 0.241847

45 19 0.203015

46 19 0.163382

47 19 0.123104

48 19 0.0823404

49 19 0.0412516

50 19 0

0 20 0

1 20 0.0421957

2 20 0.084225

3 20 0.125922

4 20 0.167122

5 20 0.207662

6 20 0.247383

7 20 0.286127

8 20 0.323742

9 20 0.36008

10 20 0.394996

11 20 0.428354

12 20 0.460021

13 20 0.489873

14 20 0.517791

15 20 0.543666

16 20 0.567395

17 20 0.588885

18 20 0.608051

19 20 0.624817

20 20 0.639118

21 20 0.650896

22 20 0.660105

23 20 0.666709

24 20 0.670682

25 20 0.672008

26 20 0.670682

27 20 0.666709

28 20 0.660105

29 20 0.650896

30 20 0.639118

31 20 0.624817

32 20 0.608051

33 20 0.588885

34 20 0.567395

35 20 0.543666

36 20 0.517791

37 20 0.489873

38 20 0.460021

39 20 0.428354

40 20 0.394996

41 20 0.36008

42 20 0.323742

43 20 0.286127

44 20 0.247383

45 20 0.207662

46 20 0.167122

47 20 0.125922

48 20 0.084225

49 20 0.0421957

50 20 0

0 21 0

1 21 0.0429733

2 21 0.0857771

3 21 0.128242

4 21 0.170201

5 21 0.211489

6 21 0.251942

7 21 0.2914

8 21 0.329709

9 21 0.366716

10 21 0.402276

11 21 0.436248

12 21 0.468499

13 21 0.498901

14 21 0.527333

15 21 0.553685

16 21 0.577852

17 21 0.599738

18 21 0.619257

19 21 0.636332

20 21 0.650896

21 21 0.662891

22 21 0.67227

23 21 0.678996

24 21 0.683042

25 21 0.684392

26 21 0.683042

27 21 0.678996

28 21 0.67227

29 21 0.662891

30 21 0.650896

31 21 0.636332

32 21 0.619257

33 21 0.599738

34 21 0.577852

35 21 0.553685

36 21 0.527333

37 21 0.498901

38 21 0.468499

39 21 0.436248

40 21 0.402276

41 21 0.366716

42 21 0.329709

43 21 0.2914

44 21 0.251942

45 21 0.211489

46 21 0.170201

47 21 0.128242

48 21 0.0857771

49 21 0.0429733

50 21 0

0 22 0

1 22 0.0435814

2 22 0.0869907

3 22 0.130057

4 22 0.17261

5 22 0.214481

6 22 0.255506

7 22 0.295523

8 22 0.334373

9 22 0.371904

10 22 0.407967

11 22 0.44242

12 22 0.475127

13 22 0.505959

14 22 0.534794

15 22 0.561519

16 22 0.586027

17 22 0.608223

18 22 0.628018

19 22 0.645335

20 22 0.660105

21 22 0.67227

22 22 0.681782

23 22 0.688603

24 22 0.692706

25 22 0.694076

26 22 0.692706

27 22 0.688603

28 22 0.681782

29 22 0.67227

30 22 0.660105

31 22 0.645335

32 22 0.628018

33 22 0.608223

34 22 0.586027

35 22 0.561519

36 22 0.534794

37 22 0.505959

38 22 0.475127

39 22 0.44242

40 22 0.407967

41 22 0.371904

42 22 0.334373

43 22 0.295523

44 22 0.255506

45 22 0.214481

46 22 0.17261

47 22 0.130057

48 22 0.0869907

49 22 0.0435814

50 22 0

0 23 0

1 23 0.0440174

2 23 0.087861

3 23 0.131358

4 23 0.174336

5 23 0.216627

6 23 0.258062

7 23 0.29848

8 23 0.337719

9 23 0.375625

10 23 0.412049

11 23 0.446847

12 23 0.479881

13 23 0.511021

14 23 0.540145

15 23 0.567137

16 23 0.59189

17 23 0.614308

18 23 0.634301

19 23 0.651791

20 23 0.666709

21 23 0.678996

22 23 0.688603

23 23 0.695492

24 23 0.699636

25 23 0.70102

26 23 0.699636

27 23 0.695492

28 23 0.688603

29 23 0.678996

30 23 0.666709

31 23 0.651791

32 23 0.634301

33 23 0.614308

34 23 0.59189

35 23 0.567137

36 23 0.540145

37 23 0.511021

38 23 0.479881

39 23 0.446847

40 23 0.412049

41 23 0.375625

42 23 0.337719

43 23 0.29848

44 23 0.258062

45 23 0.216627

46 23 0.174336

47 23 0.131358

48 23 0.087861

49 23 0.0440174

50 23 0

0 24 0

1 24 0.0442797

2 24 0.0883846

3 24 0.132141

4 24 0.175375

5 24 0.217918

6 24 0.2596

7 24 0.300258

8 24 0.339731

9 24 0.377863

10 24 0.414504

11 24 0.449509

12 24 0.48274

13 24 0.514066

14 24 0.543364

15 24 0.570516

16 24 0.595417

17 24 0.617969

18 24 0.638081

19 24 0.655675

20 24 0.670682

21 24 0.683042

22 24 0.692706

23 24 0.699636

24 24 0.703805

25 24 0.705197

26 24 0.703805

27 24 0.699636

28 24 0.692706

29 24 0.683042

30 24 0.670682

31 24 0.655675

32 24 0.638081

33 24 0.617969

34 24 0.595417

35 24 0.570516

36 24 0.543364

37 24 0.514066

38 24 0.48274

39 24 0.449509

40 24 0.414504

41 24 0.377863

42 24 0.339731

43 24 0.300258

44 24 0.2596

45 24 0.217918

46 24 0.175375

47 24 0.132141

48 24 0.0883846

49 24 0.0442797

50 24 0

0 25 0

1 25 0.0443672

2 25 0.0885594

3 25 0.132402

4 25 0.175722

5 25 0.218349

6 25 0.260114

7 25 0.300852

8 25 0.340403

9 25 0.37861

10 25 0.415324

11 25 0.450398

12 25 0.483695

13 25 0.515083

14 25 0.544438

15 25 0.571644

16 25 0.596595

17 25 0.619191

18 25 0.639343

19 25 0.656972

20 25 0.672008

21 25 0.684392

22 25 0.694076

23 25 0.70102

24 25 0.705197

25 25 0.706591

26 25 0.705197

27 25 0.70102

28 25 0.694076

29 25 0.684392

30 25 0.672008

31 25 0.656972

32 25 0.639343

33 25 0.619191

34 25 0.596595

35 25 0.571644

36 25 0.544438

37 25 0.515083

38 25 0.483695

39 25 0.450398

40 25 0.415324

41 25 0.37861

42 25 0.340403

43 25 0.300852

44 25 0.260114

45 25 0.218349

46 25 0.175722

47 25 0.132402

48 25 0.0885594

49 25 0.0443672

50 25 0

0 26 0

1 26 0.0442797

2 26 0.0883846

3 26 0.132141

4 26 0.175375

5 26 0.217918

6 26 0.2596

7 26 0.300258

8 26 0.339731

9 26 0.377863

10 26 0.414504

11 26 0.449509

12 26 0.48274

13 26 0.514066

14 26 0.543364

15 26 0.570516

16 26 0.595417

17 26 0.617969

18 26 0.638081

19 26 0.655675

20 26 0.670682

21 26 0.683042

22 26 0.692706

23 26 0.699636

24 26 0.703805

25 26 0.705197

26 26 0.703805

27 26 0.699636

28 26 0.692706

29 26 0.683042

30 26 0.670682

31 26 0.655675

32 26 0.638081

33 26 0.617969

34 26 0.595417

35 26 0.570516

36 26 0.543364

37 26 0.514066

38 26 0.48274

39 26 0.449509

40 26 0.414504

41 26 0.377863

42 26 0.339731

43 26 0.300258

44 26 0.2596

45 26 0.217918

46 26 0.175375

47 26 0.132141

48 26 0.0883846

49 26 0.0442797

50 26 0

0 27 0

1 27 0.0440174

2 27 0.087861

3 27 0.131358

4 27 0.174336

5 27 0.216627

6 27 0.258062

7 27 0.29848

8 27 0.337719

9 27 0.375625

10 27 0.412049

11 27 0.446847

12 27 0.479881

13 27 0.511021

14 27 0.540145

15 27 0.567137

16 27 0.59189

17 27 0.614308

18 27 0.634301

19 27 0.651791

20 27 0.666709

21 27 0.678996

22 27 0.688603

23 27 0.695492

24 27 0.699636

25 27 0.70102

26 27 0.699636

27 27 0.695492

28 27 0.688603

29 27 0.678996

30 27 0.666709

31 27 0.651791

32 27 0.634301

33 27 0.614308

34 27 0.59189

35 27 0.567137

36 27 0.540145

37 27 0.511021

38 27 0.479881

39 27 0.446847

40 27 0.412049

41 27 0.375625

42 27 0.337719

43 27 0.29848

44 27 0.258062

45 27 0.216627

46 27 0.174336

47 27 0.131358

48 27 0.087861

49 27 0.0440174

50 27 0

0 28 0

1 28 0.0435814

2 28 0.0869907

3 28 0.130057

4 28 0.17261

5 28 0.214481

6 28 0.255506

7 28 0.295523

8 28 0.334373

9 28 0.371904

10 28 0.407967

11 28 0.44242

12 28 0.475127

13 28 0.505959

14 28 0.534794

15 28 0.561519

16 28 0.586027

17 28 0.608223

18 28 0.628018

19 28 0.645335

20 28 0.660105

21 28 0.67227

22 28 0.681782

23 28 0.688603

24 28 0.692706

25 28 0.694076

26 28 0.692706

27 28 0.688603

28 28 0.681782

29 28 0.67227

30 28 0.660105

31 28 0.645335

32 28 0.628018

33 28 0.608223

34 28 0.586027

35 28 0.561519

36 28 0.534794

37 28 0.505959

38 28 0.475127

39 28 0.44242

40 28 0.407967

41 28 0.371904

42 28 0.334373

43 28 0.295523

44 28 0.255506

45 28 0.214481

46 28 0.17261

47 28 0.130057

48 28 0.0869907

49 28 0.0435814

50 28 0

0 29 0

1 29 0.0429733

2 29 0.0857771

3 29 0.128242

4 29 0.170201

5 29 0.211489

6 29 0.251942

7 29 0.2914

8 29 0.329709

9 29 0.366716

10 29 0.402276

11 29 0.436248

12 29 0.468499

13 29 0.498901

14 29 0.527333

15 29 0.553685

16 29 0.577852

17 29 0.599738

18 29 0.619257

19 29 0.636332

20 29 0.650896

21 29 0.662891

22 29 0.67227

23 29 0.678996

24 29 0.683042

25 29 0.684392

26 29 0.683042

27 29 0.678996

28 29 0.67227

29 29 0.662891

30 29 0.650896

31 29 0.636332

32 29 0.619257

33 29 0.599738

34 29 0.577852

35 29 0.553685

36 29 0.527333

37 29 0.498901

38 29 0.468499

39 29 0.436248

40 29 0.402276

41 29 0.366716

42 29 0.329709

43 29 0.2914

44 29 0.251942

45 29 0.211489

46 29 0.170201

47 29 0.128242

48 29 0.0857771

49 29 0.0429733

50 29 0

0 30 0

1 30 0.0421957

2 30 0.084225

3 30 0.125922

4 30 0.167122

5 30 0.207662

6 30 0.247383

7 30 0.286127

8 30 0.323742

9 30 0.36008

10 30 0.394996

11 30 0.428354

12 30 0.460021

13 30 0.489873

14 30 0.517791

15 30 0.543666

16 30 0.567395

17 30 0.588885

18 30 0.608051

19 30 0.624817

20 30 0.639118

21 30 0.650896

22 30 0.660105

23 30 0.666709

24 30 0.670682

25 30 0.672008

26 30 0.670682

27 30 0.666709

28 30 0.660105

29 30 0.650896

30 30 0.639118

31 30 0.624817

32 30 0.608051

33 30 0.588885

34 30 0.567395

35 30 0.543666

36 30 0.517791

37 30 0.489873

38 30 0.460021

39 30 0.428354

40 30 0.394996

41 30 0.36008

42 30 0.323742

43 30 0.286127

44 30 0.247383

45 30 0.207662

46 30 0.167122

47 30 0.125922

48 30 0.084225

49 30 0.0421957

50 30 0

0 31 0

1 31 0.0412516

2 31 0.0823404

3 31 0.123104

4 31 0.163382

5 31 0.203015

6 31 0.241847

7 31 0.279725

8 31 0.316499

9 31 0.352023

10 31 0.386158

11 31 0.41877

12 31 0.449728

13 31 0.478912

14 31 0.506206

15 31 0.531501

16 31 0.5547

17 31 0.575709

18 31 0.594446

19 31 0.610837

20 31 0.624817

21 31 0.636332

22 31 0.645335

23 31 0.651791

24 31 0.655675

25 31 0.656972

26 31 0.655675

27 31 0.651791

28 31 0.645335

29 31 0.636332

30 31 0.624817

31 31 0.610837

32 31 0.594446

33 31 0.575709

34 31 0.5547

35 31 0.531501

36 31 0.506206

37 31 0.478912

38 31 0.449728

39 31 0.41877

40 31 0.386158

41 31 0.352023

42 31 0.316499

43 31 0.279725

44 31 0.241847

45 31 0.203015

46 31 0.163382

47 31 0.123104

48 31 0.0823404

49 31 0.0412516

50 31 0

0 32 0

1 32 0.0401447

2 32 0.0801309

3 32 0.119801

4 32 0.158998

5 32 0.197568

6 32 0.235358

7 32 0.272219

8 32 0.308006

9 32 0.342577

10 32 0.375796

11 32 0.407532

12 32 0.43766

13 32 0.466061

14 32 0.492622

15 32 0.517239

16 32 0.539815

17 32 0.56026

18 32 0.578495

19 32 0.594446

20 32 0.608051

21 32 0.619257

22 32 0.628018

23 32 0.634301

24 32 0.638081

25 32 0.639343

26 32 0.638081

27 32 0.634301

28 32 0.628018

29 32 0.619257

30 32 0.608051

31 32 0.594446

32 32 0.578495

33 32 0.56026

34 32 0.539815

35 32 0.517239

36 32 0.492622

37 32 0.466061

38 32 0.43766

39 32 0.407532

40 32 0.375796

41 32 0.342577

42 32 0.308006

43 32 0.272219

44 32 0.235358

45 32 0.197568

46 32 0.158998

47 32 0.119801

48 32 0.0801309

49 32 0.0401447

50 32 0

0 33 0

1 33 0.0388793

2 33 0.0776052

3 33 0.116025

4 33 0.153986

5 33 0.19134

6 33 0.227939

7 33 0.263639

8 33 0.298297

9 33 0.331779

10 33 0.363951

11 33 0.394687

12 33 0.423865

13 33 0.451371

14 33 0.477095

15 33 0.500936

16 33 0.5228

17 33 0.542601

18 33 0.56026

19 33 0.575709

20 33 0.588885

21 33 0.599738

22 33 0.608223

23 33 0.614308

24 33 0.617969

25 33 0.619191

26 33 0.617969

27 33 0.614308

28 33 0.608223

29 33 0.599738

30 33 0.588885

31 33 0.575709

32 33 0.56026

33 33 0.542601

34 33 0.5228

35 33 0.500936

36 33 0.477095

37 33 0.451371

38 33 0.423865

39 33 0.394687

40 33 0.363951

41 33 0.331779

42 33 0.298297

43 33 0.263639

44 33 0.227939

45 33 0.19134

46 33 0.153986

47 33 0.116025

48 33 0.0776052

49 33 0.0388793

50 33 0

0 34 0

1 34 0.0374605

2 34 0.0747731

3 34 0.111791

4 34 0.148367

5 34 0.184358

6 34 0.219621

7 34 0.254018

8 34 0.287412

9 34 0.319671

10 34 0.35067

11 34 0.380284

12 34 0.408397

13 34 0.434899

14 34 0.459684

15 34 0.482655

16 34 0.503722

17 34 0.5228

18 34 0.539815

19 34 0.5547

20 34 0.567395

21 34 0.577852

22 34 0.586027

23 34 0.59189

24 34 0.595417

25 34 0.596595

26 34 0.595417

27 34 0.59189

28 34 0.586027

29 34 0.577852

30 34 0.567395

31 34 0.5547

32 34 0.539815

33 34 0.5228

34 34 0.503722

35 34 0.482655

36 34 0.459684

37 34 0.434899

38 34 0.408397

39 34 0.380284

40 34 0.35067

41 34 0.319671

42 34 0.287412

43 34 0.254018

44 34 0.219621

45 34 0.184358

46 34 0.148367

47 34 0.111791

48 34 0.0747731

49 34 0.0374605

50 34 0

0 35 0

1 35 0.0358938

2 35 0.071646

3 35 0.107115

4 35 0.142162

5 35 0.176648

6 35 0.210436

7 35 0.243394

8 35 0.275392

9 35 0.306302

10 35 0.336004

11 35 0.36438

12 35 0.391317

13 35 0.416711

14 35 0.440459

15 35 0.46247

16 35 0.482655

17 35 0.500936

18 35 0.517239

19 35 0.531501

20 35 0.543666

21 35 0.553685

22 35 0.561519

23 35 0.567137

24 35 0.570516

25 35 0.571644

26 35 0.570516

27 35 0.567137

28 35 0.561519

29 35 0.553685

30 35 0.543666

31 35 0.531501

32 35 0.517239

33 35 0.500936

34 35 0.482655

35 35 0.46247

36 35 0.440459

37 35 0.416711

38 35 0.391317

39 35 0.36438

40 35 0.336004

41 35 0.306302

42 35 0.275392

43 35 0.243394

44 35 0.210436

45 35 0.176648

46 35 0.142162

47 35 0.107115

48 35 0.071646

49 35 0.0358938

50 35 0

0 36 0

1 36 0.0341855

2 36 0.0682362

3 36 0.102017

4 36 0.135396

5 36 0.168241

6 36 0.200421

7 36 0.23181

8 36 0.262285

9 36 0.291724

10 36 0.320013

11 36 0.347038

12 36 0.372693

13 36 0.396878

14 36 0.419497

15 36 0.440459

16 36 0.459684

17 36 0.477095

18 36 0.492622

19 36 0.506206

20 36 0.517791

21 36 0.527333

22 36 0.534794

23 36 0.540145

24 36 0.543364

25 36 0.544438

26 36 0.543364

27 36 0.540145

28 36 0.534794

29 36 0.527333

30 36 0.517791

31 36 0.506206

32 36 0.492622

33 36 0.477095

34 36 0.459684

35 36 0.440459

36 36 0.419497

37 36 0.396878

38 36 0.372693

39 36 0.347038

40 36 0.320013

41 36 0.291724

42 36 0.262285

43 36 0.23181

44 36 0.200421

45 36 0.168241

46 36 0.135396

47 36 0.102017

48 36 0.0682362

49 36 0.0341855

50 36 0

0 37 0

1 37 0.0323423

2 37 0.064557

3 37 0.0965169

4 37 0.128096

5 37 0.159169

6 37 0.189615

7 37 0.219312

8 37 0.248143

9 37 0.275995

10 37 0.302758

11 37 0.328326

12 37 0.352598

13 37 0.375479

14 37 0.396878

15 37 0.416711

16 37 0.434899

17 37 0.451371

18 37 0.466061

19 37 0.478912

20 37 0.489873

21 37 0.498901

22 37 0.505959

23 37 0.511021

24 37 0.514066

25 37 0.515083

26 37 0.514066

27 37 0.511021

28 37 0.505959

29 37 0.498901

30 37 0.489873

31 37 0.478912

32 37 0.466061

33 37 0.451371

34 37 0.434899

35 37 0.416711

36 37 0.396878

37 37 0.375479

38 37 0.352598

39 37 0.328326

40 37 0.302758

41 37 0.275995

42 37 0.248143

43 37 0.219312

44 37 0.189615

45 37 0.159169

46 37 0.128096

47 37 0.0965169

48 37 0.064557

49 37 0.0323423

50 37 0

0 38 0

1 38 0.0303715

2 38 0.0606231

3 38 0.0906354

4 38 0.12029

5 38 0.14947

6 38 0.17806

7 38 0.205947

8 38 0.233022

9 38 0.259177

10 38 0.284309

11 38 0.308319

12 38 0.331112

13 38 0.352598

14 38 0.372693

15 38 0.391317

16 38 0.408397

17 38 0.423865

18 38 0.43766

19 38 0.449728

20 38 0.460021

21 38 0.468499

22 38 0.475127

23 38 0.479881

24 38 0.48274

25 38 0.483695

26 38 0.48274

27 38 0.479881

28 38 0.475127

29 38 0.468499

30 38 0.460021

31 38 0.449728

32 38 0.43766

33 38 0.423865

34 38 0.408397

35 38 0.391317

36 38 0.372693

37 38 0.352598

38 38 0.331112

39 38 0.308319

40 38 0.284309

41 38 0.259177

42 38 0.233022

43 38 0.205947

44 38 0.17806

45 38 0.14947

46 38 0.12029

47 38 0.0906354

48 38 0.0606231

49 38 0.0303715

50 38 0

0 39 0

1 39 0.0282807

2 39 0.0564499

3 39 0.0843962

4 39 0.112009

5 39 0.139181

6 39 0.165803

7 39 0.19177

8 39 0.216981

9 39 0.241335

10 39 0.264737

11 39 0.287095

12 39 0.308319

13 39 0.328326

14 39 0.347038

15 39 0.36438

16 39 0.380284

17 39 0.394687

18 39 0.407532

19 39 0.41877

20 39 0.428354

21 39 0.436248

22 39 0.44242

23 39 0.446847

24 39 0.449509

25 39 0.450398

26 39 0.449509

27 39 0.446847

28 39 0.44242

29 39 0.436248

30 39 0.428354

31 39 0.41877

32 39 0.407532

33 39 0.394687

34 39 0.380284

35 39 0.36438

36 39 0.347038

37 39 0.328326

38 39 0.308319

39 39 0.287095

40 39 0.264737

41 39 0.241335

42 39 0.216981

43 39 0.19177

44 39 0.165803

45 39 0.139181

46 39 0.112009

47 39 0.0843962

48 39 0.0564499

49 39 0.0282807

50 39 0

0 40 0

1 40 0.0260784

2 40 0.0520539

3 40 0.0778239

4 40 0.103287

5 40 0.128342

6 40 0.152891

7 40 0.176836

8 40 0.200084

9 40 0.222542

10 40 0.244121

11 40 0.264737

12 40 0.284309

13 40 0.302758

14 40 0.320013

15 40 0.336004

16 40 0.35067

17 40 0.363951

18 40 0.375796

19 40 0.386158

20 40 0.394996

21 40 0.402276

22 40 0.407967

23 40 0.412049

24 40 0.414504

25 40 0.415324

26 40 0.414504

27 40 0.412049

28 40 0.407967

29 40 0.402276

30 40 0.394996

31 40 0.386158

32 40 0.375796

33 40 0.363951

34 40 0.35067

35 40 0.336004

36 40 0.320013

37 40 0.302758

38 40 0.284309

39 40 0.264737

40 40 0.244121

41 40 0.222542

42 40 0.200084

43 40 0.176836

44 40 0.152891

45 40 0.128342

46 40 0.103287

47 40 0.0778239

48 40 0.0520539

49 40 0.0260784

50 40 0

0 41 0

1 41 0.0237731

2 41 0.0474525

3 41 0.0709445

4 41 0.0941566

5 41 0.116997

6 41 0.139376

7 41 0.161205

8 41 0.182397

9 41 0.20287

10 41 0.222542

11 41 0.241335

12 41 0.259177

13 41 0.275995

14 41 0.291724

15 41 0.306302

16 41 0.319671

17 41 0.331779

18 41 0.342577

19 41 0.352023

20 41 0.36008

21 41 0.366716

22 41 0.371904

23 41 0.375625

24 41 0.377863

25 41 0.37861

26 41 0.377863

27 41 0.375625

28 41 0.371904

29 41 0.366716

30 41 0.36008

31 41 0.352023

32 41 0.342577

33 41 0.331779

34 41 0.319671

35 41 0.306302

36 41 0.291724

37 41 0.275995

38 41 0.259177

39 41 0.241335

40 41 0.222542

41 41 0.20287

42 41 0.182397

43 41 0.161205

44 41 0.139376

45 41 0.116997

46 41 0.0941566

47 41 0.0709445

48 41 0.0474525

49 41 0.0237731

50 41 0

0 42 0

1 42 0.0213741

2 42 0.0426638

3 42 0.0637851

4 42 0.0846548

5 42 0.10519

6 42 0.125311

7 42 0.144937

8 42 0.16399

9 42 0.182397

10 42 0.200084

11 42 0.216981

12 42 0.233022

13 42 0.248143

14 42 0.262285

15 42 0.275392

16 42 0.287412

17 42 0.298297

18 42 0.308006

19 42 0.316499

20 42 0.323742

21 42 0.329709

22 42 0.334373

23 42 0.337719

24 42 0.339731

25 42 0.340403

26 42 0.339731

27 42 0.337719

28 42 0.334373

29 42 0.329709

30 42 0.323742

31 42 0.316499

32 42 0.308006

33 42 0.298297

34 42 0.287412

35 42 0.275392

36 42 0.262285

37 42 0.248143

38 42 0.233022

39 42 0.216981

40 42 0.200084

41 42 0.182397

42 42 0.16399

43 42 0.144937

44 42 0.125311

45 42 0.10519

46 42 0.0846548

47 42 0.0637851

48 42 0.0426638

49 42 0.0213741

50 42 0

0 43 0

1 43 0.0188906

2 43 0.0377067

3 43 0.056374

4 43 0.0748188

5 43 0.0929683

6 43 0.110751

7 43 0.128097

8 43 0.144937

9 43 0.161205

10 43 0.176836

11 43 0.19177

12 43 0.205947

13 43 0.219312

14 43 0.23181

15 43 0.243394

16 43 0.254018

17 43 0.263639

18 43 0.272219

19 43 0.279725

20 43 0.286127

21 43 0.2914

22 43 0.295523

23 43 0.29848

24 43 0.300258

25 43 0.300852

26 43 0.300258

27 43 0.29848

28 43 0.295523

29 43 0.2914

30 43 0.286127

31 43 0.279725

32 43 0.272219

33 43 0.263639

34 43 0.254018

35 43 0.243394

36 43 0.23181

37 43 0.219312

38 43 0.205947

39 43 0.19177

40 43 0.176836

41 43 0.161205

42 43 0.144937

43 43 0.128097

44 43 0.110751

45 43 0.0929683

46 43 0.0748188

47 43 0.056374

48 43 0.0377067

49 43 0.0188906

50 43 0

0 44 0

1 44 0.0163327

2 44 0.0326009

3 44 0.0487404

4 44 0.0646876

5 44 0.0803795

6 44 0.0957542

7 44 0.110751

8 44 0.125311

9 44 0.139376

10 44 0.152891

11 44 0.165803

12 44 0.17806

13 44 0.189615

14 44 0.200421

15 44 0.210436

16 44 0.219621

17 44 0.227939

18 44 0.235358

19 44 0.241847

20 44 0.247383

21 44 0.251942

22 44 0.255506

23 44 0.258062

24 44 0.2596

25 44 0.260114

26 44 0.2596

27 44 0.258062

28 44 0.255506

29 44 0.251942

30 44 0.247383

31 44 0.241847

32 44 0.235358

33 44 0.227939

34 44 0.219621

35 44 0.210436

36 44 0.200421

37 44 0.189615

38 44 0.17806

39 44 0.165803

40 44 0.152891

41 44 0.139376

42 44 0.125311

43 44 0.110751

44 44 0.0957542

45 44 0.0803795

46 44 0.0646876

47 44 0.0487404

48 44 0.0326009

49 44 0.0163327

50 44 0

0 45 0

1 45 0.0137102

2 45 0.0273663

3 45 0.0409145

4 45 0.0543011

5 45 0.0674735

6 45 0.0803795

7 45 0.0929683

8 45 0.10519

9 45 0.116997

10 45 0.128342

11 45 0.139181

12 45 0.14947

13 45 0.159169

14 45 0.168241

15 45 0.176648

16 45 0.184358

17 45 0.19134

18 45 0.197568

19 45 0.203015

20 45 0.207662

21 45 0.211489

22 45 0.214481

23 45 0.216627

24 45 0.217918

25 45 0.218349

26 45 0.217918

27 45 0.216627

28 45 0.214481

29 45 0.211489

30 45 0.207662

31 45 0.203015

32 45 0.197568

33 45 0.19134

34 45 0.184358

35 45 0.176648

36 45 0.168241

37 45 0.159169

38 45 0.14947

39 45 0.139181

40 45 0.128342

41 45 0.116997

42 45 0.10519

43 45 0.0929683

44 45 0.0803795

45 45 0.0674735

46 45 0.0543011

47 45 0.0409145

48 45 0.0273663

49 45 0.0137102

50 45 0

0 46 0

1 46 0.0110337

2 46 0.0220238

3 46 0.032927

4 46 0.0437003

5 46 0.0543011

6 46 0.0646876

7 46 0.0748188

8 46 0.0846548

9 46 0.0941566

10 46 0.103287

11 46 0.112009

12 46 0.12029

13 46 0.128096

14 46 0.135396

15 46 0.142162

16 46 0.148367

17 46 0.153986

18 46 0.158998

19 46 0.163382

20 46 0.167122

21 46 0.170201

22 46 0.17261

23 46 0.174336

24 46 0.175375

25 46 0.175722

26 46 0.175375

27 46 0.174336

28 46 0.17261

29 46 0.170201

30 46 0.167122

31 46 0.163382

32 46 0.158998

33 46 0.153986

34 46 0.148367

35 46 0.142162

36 46 0.135396

37 46 0.128096

38 46 0.12029

39 46 0.112009

40 46 0.103287

41 46 0.0941566

42 46 0.0846548

43 46 0.0748188

44 46 0.0646876

45 46 0.0543011

46 46 0.0437003

47 46 0.032927

48 46 0.0220238

49 46 0.0110337

50 46 0

0 47 0

1 47 0.00831359

2 47 0.0165944

3 47 0.0248097

4 47 0.032927

5 47 0.0409145

6 47 0.0487404

7 47 0.056374

8 47 0.0637851

9 47 0.0709445

10 47 0.0778239

11 47 0.0843962

12 47 0.0906354

13 47 0.0965169

14 47 0.102017

15 47 0.107115

16 47 0.111791

17 47 0.116025

18 47 0.119801

19 47 0.123104

20 47 0.125922

21 47 0.128242

22 47 0.130057

23 47 0.131358

24 47 0.132141

25 47 0.132402

26 47 0.132141

27 47 0.131358

28 47 0.130057

29 47 0.128242

30 47 0.125922

31 47 0.123104

32 47 0.119801

33 47 0.116025

34 47 0.111791

35 47 0.107115

36 47 0.102017

37 47 0.0965169

38 47 0.0906354

39 47 0.0843962

40 47 0.0778239

41 47 0.0709445

42 47 0.0637851

43 47 0.056374

44 47 0.0487404

45 47 0.0409145

46 47 0.032927

47 47 0.0248097

48 47 0.0165944

49 47 0.00831359

50 47 0

0 48 0

1 48 0.00556069

2 48 0.0110994

3 48 0.0165944

4 48 0.0220238

5 48 0.0273663

6 48 0.0326009

7 48 0.0377067

8 48 0.0426638

9 48 0.0474525

10 48 0.0520539

11 48 0.0564499

12 48 0.0606231

13 48 0.064557

14 48 0.0682362

15 48 0.071646

16 48 0.0747731

17 48 0.0776052

18 48 0.0801309

19 48 0.0823404

20 48 0.084225

21 48 0.0857771

22 48 0.0869907

23 48 0.087861

24 48 0.0883846

25 48 0.0885594

26 48 0.0883846

27 48 0.087861

28 48 0.0869907

29 48 0.0857771

30 48 0.084225

31 48 0.0823404

32 48 0.0801309

33 48 0.0776052

34 48 0.0747731

35 48 0.071646

36 48 0.0682362

37 48 0.064557

38 48 0.0606231

39 48 0.0564499

40 48 0.0520539

41 48 0.0474525

42 48 0.0426638

43 48 0.0377067

44 48 0.0326009

45 48 0.0273663

46 48 0.0220238

47 48 0.0165944

48 48 0.0110994

49 48 0.00556069

50 48 0

0 49 0

1 49 0.00278584

2 49 0.00556069

3 49 0.00831359

4 49 0.0110337

5 49 0.0137102

6 49 0.0163327

7 49 0.0188906

8 49 0.0213741

9 49 0.0237731

10 49 0.0260784

11 49 0.0282807

12 49 0.0303715

13 49 0.0323423

14 49 0.0341855

15 49 0.0358938

16 49 0.0374605

17 49 0.0388793

18 49 0.0401447

19 49 0.0412516

20 49 0.0421957

21 49 0.0429733

22 49 0.0435814

23 49 0.0440174

24 49 0.0442797

25 49 0.0443672

26 49 0.0442797

27 49 0.0440174

28 49 0.0435814

29 49 0.0429733

30 49 0.0421957

31 49 0.0412516

32 49 0.0401447

33 49 0.0388793

34 49 0.0374605

35 49 0.0358938

36 49 0.0341855

37 49 0.0323423

38 49 0.0303715

39 49 0.0282807

40 49 0.0260784

41 49 0.0237731

42 49 0.0213741

43 49 0.0188906

44 49 0.0163327

45 49 0.0137102

46 49 0.0110337

47 49 0.00831359

48 49 0.00556069

49 49 0.00278584

50 49 0

