0 1 0

1 1 0.000952246

2 1 0.00190073

3 1 0.00284172

4 1 0.00377149

5 1 0.00468638

6 1 0.00558277

7 1 0.00645713

8 1 0.00730601

9 1 0.00812605

10 1 0.00891402

11 1 0.00966681

12 1 0.0103815

13 1 0.0110551

14 1 0.0116852

15 1 0.0122691

16 1 0.0128046

17 1 0.0132896

18 1 0.0137221

19 1 0.0141005

20 1 0.0144232

21 1 0.014689

22 1 0.0148968

23 1 0.0150459

24 1 0.0151355

25 1 0.0151654

26 1 0.0151355

27 1 0.0150459

28 1 0.0148968

29 1 0.014689

30 1 0.0144232

31 1 0.0141005

32 1 0.0137221

33 1 0.0132896

34 1 0.0128046

35 1 0.0122691

36 1 0.0116852

37 1 0.0110551

38 1 0.0103815

39 1 0.00966681

40 1 0.00891402

41 1 0.00812605

42 1 0.00730601

43 1 0.00645713

44 1 0.00558277

45 1 0.00468638

46 1 0.00377149

47 1 0.00284172

48 1 0.00190073

49 1 0.000952246

50 1 0

0 2 0

1 2 0.00190073

2 2 0.00379397

3 2 0.00567222

4 2 0.0075281

5 2 0.00935426

6 2 0.0111435

7 2 0.0128888

8 2 0.0145832

9 2 0.01622

10 2 0.0177929

11 2 0.0192955

12 2 0.0207219

13 2 0.0220666

14 2 0.0233242

15 2 0.0244898

16 2 0.0255587

17 2 0.0265267

18 2 0.02739

19 2 0.0281453

20 2 0.0287895

21 2 0.02932

22 2 0.0297348

23 2 0.0300323

24 2 0.0302113

25 2 0.030271

26 2 0.0302113

27 2 0.0300323

28 2 0.0297348

29 2 0.02932

30 2 0.0287895

31 2 0.0281453

32 2 0.02739

33 2 0.0265267

34 2 0.0255587

35 2 0.0244898

36 2 0.0233242

37 2 0.0220666

38 2 0.0207219

39 2 0.0192955

40 2 0.0177929

41 2 0.01622

42 2 0.0145832

43 2 0.0128888

44 2 0.0111435

45 2 0.00935426

46 2 0.0075281

47 2 0.00567222

48 2 0.00379397

49 2 0.00190073

50 2 0

0 3 0

1 3 0.00284172

2 3 0.00567222

3 3 0.00848034

4 3 0.011255

5 3 0.0139852

6 3 0.0166603

7 3 0.0192696

8 3 0.0218028

9 3 0.02425

10 3 0.0266015

11 3 0.028848

12 3 0.0309806

13 3 0.032991

14 3 0.0348712

15 3 0.0366138

16 3 0.0382119

17 3 0.0396591

18 3 0.0409499

19 3 0.042079

20 3 0.0430421

21 3 0.0438353

22 3 0.0444555

23 3 0.0449003

24 3 0.0451678

25 3 0.0452571

26 3 0.0451678

27 3 0.0449003

28 3 0.0444555

29 3 0.0438353

30 3 0.0430421

31 3 0.042079

32 3 0.0409499

33 3 0.0396591

34 3 0.0382119

35 3 0.0366138

36 3 0.0348712

37 3 0.032991

38 3 0.0309806

39 3 0.028848

40 3 0.0266015

41 3 0.02425

42 3 0.0218028

43 3 0.0192696

44 3 0.0166603

45 3 0.0139852

46 3 0.011255

47 3 0.00848034

48 3 0.00567222

49 3 0.00284172

50 3 0

0 4 0

1 4 0.00377149

2 4 0.0075281

3 4 0.011255

4 4 0.0149375

5 4 0.018561

6 4 0.0221113

7 4 0.0255743

8 4 0.0289364

9 4 0.0321843

10 4 0.0353051

11 4 0.0382867

12 4 0.0411171

13 4 0.0437853

14 4 0.0462806

15 4 0.0485933

16 4 0.0507143

17 4 0.0526351

18 4 0.0543481

19 4 0.0558467

20 4 0.0571249

21 4 0.0581776

22 4 0.0590007

23 4 0.059591

24 4 0.0599461

25 4 0.0600647

26 4 0.0599461

27 4 0.059591

28 4 0.0590007

29 4 0.0581776

30 4 0.0571249

31 4 0.0558467

32 4 0.0543481

33 4 0.0526351

34 4 0.0507143

35 4 0.0485933

36 4 0.0462806

37 4 0.0437853

38 4 0.0411171

39 4 0.0382867

40 4 0.0353051

41 4 0.0321843

42 4 0.0289364

43 4 0.0255743

44 4 0.0221113

45 4 0.018561

46 4 0.0149375

47 4 0.011255

48 4 0.0075281

49 4 0.00377149

50 4 0

0 5 0

1 5 0.00468638

2 5 0.00935426

3 5 0.0139852

4 5 0.018561

5 5 0.0230635

6 5 0.027475

7 5 0.0317781

8 5 0.0359557

9 5 0.0399915

10 5 0.0438694

11 5 0.0475742

12 5 0.0510913

13 5 0.0544067

14 5 0.0575074

15 5 0.0603811

16 5 0.0630165

17 5 0.0654033

18 5 0.0675319

19 5 0.069394

20 5 0.0709822

21 5 0.0722903

22 5 0.0733131

23 5 0.0740466

24 5 0.0744878

25 5 0.0746351

26 5 0.0744878

27 5 0.0740466

28 5 0.0733131

29 5 0.0722903

30 5 0.0709822

31 5 0.069394

32 5 0.0675319

33 5 0.0654033

34 5 0.0630165

35 5 0.0603811

36 5 0.0575074

37 5 0.0544067

38 5 0.0510913

39 5 0.0475742

40 5 0.0438694

41 5 0.0399915

42 5 0.0359557

43 5 0.0317781

44 5 0.027475

45 5 0.0230635

46 5 0.018561

47 5 0.0139852

48 5 0.00935426

49 5 0.00468638

50 5 0

0 6 0

1 6 0.00558277

2 6 0.0111435

3 6 0.0166603

4 6 0.0221113

5 6 0.027475

6 6 0.0327303

7 6 0.0378565

8 6 0.0428332

9 6 0.0476409

10 6 0.0522606

11 6 0.056674

12 6 0.0608638

13 6 0.0648134

14 6 0.0685071

15 6 0.0719305

16 6 0.0750701

17 6 0.0779133

18 6 0.0804491

19 6 0.0826674

20 6 0.0845594

21 6 0.0861177

22 6 0.0873362

23 6 0.0882099

24 6 0.0887356

25 6 0.088911

26 6 0.0887356

27 6 0.0882099

28 6 0.0873362

29 6 0.0861177

30 6 0.0845594

31 6 0.0826674

32 6 0.0804491

33 6 0.0779133

34 6 0.0750701

35 6 0.0719305

36 6 0.0685071

37 6 0.0648134

38 6 0.0608638

39 6 0.056674

40 6 0.0522606

41 6 0.0476409

42 6 0.0428332

43 6 0.0378565

44 6 0.0327303

45 6 0.027475

46 6 0.0221113

47 6 0.0166603

48 6 0.0111435

49 6 0.00558277

50 6 0

0 7 0

1 7 0.00645713

2 7 0.0128888

3 7 0.0192696

4 7 0.0255743

5 7 0.0317781

6 7 0.0378565

7 7 0.0437855

8 7 0.0495417

9 7 0.0551023

10 7 0.0604455

11 7 0.0655502

12 7 0.0703961

13 7 0.0749643

14 7 0.0792365

15 7 0.0831961

16 7 0.0868274

17 7 0.0901159

18 7 0.0930488

19 7 0.0956146

20 7 0.0978029

21 7 0.0996053

22 7 0.101015

23 7 0.102025

24 7 0.102633

25 7 0.102836

26 7 0.102633

27 7 0.102025

28 7 0.101015

29 7 0.0996053

30 7 0.0978029

31 7 0.0956146

32 7 0.0930488

33 7 0.0901159

34 7 0.0868274

35 7 0.0831961

36 7 0.0792365

37 7 0.0749643

38 7 0.0703961

39 7 0.0655502

40 7 0.0604455

41 7 0.0551023

42 7 0.0495417

43 7 0.0437855

44 7 0.0378565

45 7 0.0317781

46 7 0.0255743

47 7 0.0192696

48 7 0.0128888

49 7 0.00645713

50 7 0

0 8 0

1 8 0.00730601

2 8 0.0145832

3 8 0.0218028

4 8 0.0289364

5 8 0.0359557

6 8 0.0428332

7 8 0.0495417

8 8 0.0560546

9 8 0.0623463

10 8 0.0683919

11 8 0.0741676

12 8 0.0796506

13 8 0.0848193

14 8 0.0896533

15 8 0.0941334

16 8 0.098242

17 8 0.101963

18 8 0.105281

19 8 0.108184

20 8 0.11066

21 8 0.1127

22 8 0.114294

23 8 0.115438

24 8 0.116126

25 8 0.116355

26 8 0.116126

27 8 0.115438

28 8 0.114294

29 8 0.1127

30 8 0.11066

31 8 0.108184

32 8 0.105281

33 8 0.101963

34 8 0.098242

35 8 0.0941334

36 8 0.0896533

37 8 0.0848193

38 8 0.0796506

39 8 0.0741676

40 8 0.0683919

41 8 0.0623463

42 8 0.0560546

43 8 0.0495417

44 8 0.0428332

45 8 0.0359557

46 8 0.0289364

47 8 0.0218028

48 8 0.0145832

49 8 0.00730601

50 8 0

0 9 0

1 9 0.00812605

2 9 0.01622

3 9 0.02425

4 9 0.0321843

5 9 0.0399915

6 9 0.0476409

7 9 0.0551023

8 9 0.0623463

9 9 0.0693441

10 9 0.0760684

11 9 0.0824924

12 9 0.0885908

13 9 0.0943396

14 9 0.0997161

15 9 0.104699

16 9 0.109269

17 9 0.113407

18 9 0.117098

19 9 0.120327

20 9 0.123081

21 9 0.125349

22 9 0.127123

23 9 0.128395

24 9 0.12916

25 9 0.129415

26 9 0.12916

27 9 0.128395

28 9 0.127123

29 9 0.125349

30 9 0.123081

31 9 0.120327

32 9 0.117098

33 9 0.113407

34 9 0.109269

35 9 0.104699

36 9 0.0997161

37 9 0.0943396

38 9 0.0885908

39 9 0.0824924

40 9 0.0760684

41 9 0.0693441

42 9 0.0623463

43 9 0.0551023

44 9 0.0476409

45 9 0.0399915

46 9 0.0321843

47 9 0.02425

48 9 0.01622

49 9 0.00812605

50 9 0

0 10 0

1 10 0.00891402

2 10 0.0177929

3 10 0.0266015

4 10 0.0353051

5 10 0.0438694

6 10 0.0522606

7 10 0.0604455

8 10 0.0683919

9 10 0.0760684

10 10 0.0834446

11 10 0.0904915

12 10 0.0971813

13 10 0.103488

14 10 0.109385

15 10 0.114852

16 10 0.119865

17 10 0.124404

18 10 0.128453

19 10 0.131995

20 10 0.135016

21 10 0.137504

22 10 0.13945

23 10 0.140845

24 10 0.141684

25 10 0.141964

26 10 0.141684

27 10 0.140845

28 10 0.13945

29 10 0.137504

30 10 0.135016

31 10 0.131995

32 10 0.128453

33 10 0.124404

34 10 0.119865

35 10 0.114852

36 10 0.109385

37 10 0.103488

38 10 0.0971813

39 10 0.0904915

40 10 0.0834446

41 10 0.0760684

42 10 0.0683919

43 10 0.0604455

44 10 0.0522606

45 10 0.0438694

46 10 0.0353051

47 10 0.0266015

48 10 0.0177929

49 10 0.00891402

50 10 0

0 11 0

1 11 0.00966681

2 11 0.0192955

3 11 0.028848

4 11 0.0382867

5 11 0.0475742

6 11 0.056674

7 11 0.0655502

8 11 0.0741676

9 11 0.0824924

10 11 0.0904915

11 11 0.0981336

12 11 0.105388

13 11 0.112227

14 11 0.118623

15 11 0.124551

16 11 0.129987

17 11 0.13491

18 11 0.139301

19 11 0.143142

20 11 0.146418

21 11 0.149117

22 11 0.151226

23 11 0.152739

24 11 0.15365

25 11 0.153953

26 11 0.15365

27 11 0.152739

28 11 0.151226

29 11 0.149117

30 11 0.146418

31 11 0.143142

32 11 0.139301

33 11 0.13491

34 11 0.129987

35 11 0.124551

36 11 0.118623

37 11 0.112227

38 11 0.105388

39 11 0.0981336

40 11 0.0904915

41 11 0.0824924

42 11 0.0741676

43 11 0.0655502

44 11 0.056674

45 11 0.0475742

46 11 0.0382867

47 11 0.028848

48 11 0.0192955

49 11 0.00966681

50 11 0

0 12 0

1 12 0.0103815

2 12 0.0207219

3 12 0.0309806

4 12 0.0411171

5 12 0.0510913

6 12 0.0608638

7 12 0.0703961

8 12 0.0796506

9 12 0.0885908

10 12 0.0971813

11 12 0.105388

12 12 0.113179

13 12 0.120524

14 12 0.127393

15 12 0.133759

16 12 0.139597

17 12 0.144884

18 12 0.149599

19 12 0.153724

20 12 0.157243

21 12 0.16014

22 12 0.162406

23 12 0.164031

24 12 0.165009

25 12 0.165335

26 12 0.165009

27 12 0.164031

28 12 0.162406

29 12 0.16014

30 12 0.157243

31 12 0.153724

32 12 0.149599

33 12 0.144884

34 12 0.139597

35 12 0.133759

36 12 0.127393

37 12 0.120524

38 12 0.113179

39 12 0.105388

40 12 0.0971813

41 12 0.0885908

42 12 0.0796506

43 12 0.0703961

44 12 0.0608638

45 12 0.0510913

46 12 0.0411171

47 12 0.0309806

48 12 0.0207219

49 12 0.0103815

50 12 0

0 13 0

1 13 0.0110551

2 13 0.0220666

3 13 0.032991

4 13 0.0437853

5 13 0.0544067

6 13 0.0648134

7 13 0.0749643

8 13 0.0848193

9 13 0.0943396

10 13 0.103488

11 13 0.112227

12 13 0.120524

13 13 0.128345

14 13 0.135659

15 13 0.142438

16 13 0.148655

17 13 0.154286

18 13 0.159307

19 13 0.1637

20 13 0.167446

21 13 0.170532

22 13 0.172945

23 13 0.174675

24 13 0.175716

25 13 0.176064

26 13 0.175716

27 13 0.174675

28 13 0.172945

29 13 0.170532

30 13 0.167446

31 13 0.1637

32 13 0.159307

33 13 0.154286

34 13 0.148655

35 13 0.142438

36 13 0.135659

37 13 0.128345

38 13 0.120524

39 13 0.112227

40 13 0.103488

41 13 0.0943396

42 13 0.0848193

43 13 0.0749643

44 13 0.0648134

45 13 0.0544067

46 13 0.0437853

47 13 0.032991

48 13 0.0220666

49 13 0.0110551

50 13 0

0 14 0

1 14 0.0116852

2 14 0.0233242

3 14 0.0348712

4 14 0.0462806

5 14 0.0575074

6 14 0.0685071

7 14 0.0792365

8 14 0.0896533

9 14 0.0997161

10 14 0.109385

11 14 0.118623

12 14 0.127393

13 14 0.135659

14 14 0.143391

15 14 0.150556

16 14 0.157127

17 14 0.163079

18 14 0.168386

19 14 0.173029

20 14 0.176989

21 14 0.180251

22 14 0.182801

23 14 0.18463

24 14 0.18573

25 14 0.186098

26 14 0.18573

27 14 0.18463

28 14 0.182801

29 14 0.180251

30 14 0.176989

31 14 0.173029

32 14 0.168386

33 14 0.163079

34 14 0.157127

35 14 0.150556

36 14 0.143391

37 14 0.135659

38 14 0.127393

39 14 0.118623

40 14 0.109385

41 14 0.0997161

42 14 0.0896533

43 14 0.0792365

44 14 0.0685071

45 14 0.0575074

46 14 0.0462806

47 14 0.0348712

48 14 0.0233242

49 14 0.0116852

50 14 0

0 15 0

1 15 0.0122691

2 15 0.0244898

3 15 0.0366138

4 15 0.0485933

5 15 0.0603811

6 15 0.0719305

7 15 0.0831961

8 15 0.0941334

9 15 0.104699

10 15 0.114852

11 15 0.124551

12 15 0.133759

13 15 0.142438

14 15 0.150556

15 15 0.15808

16 15 0.164979

17 15 0.171228

18 15 0.176801

19 15 0.181676

20 15 0.185834

21 15 0.189259

22 15 0.191936

23 15 0.193857

24 15 0.195012

25 15 0.195397

26 15 0.195012

27 15 0.193857

28 15 0.191936

29 15 0.189259

30 15 0.185834

31 15 0.181676

32 15 0.176801

33 15 0.171228

34 15 0.164979

35 15 0.15808

36 15 0.150556

37 15 0.142438

38 15 0.133759

39 15 0.124551

40 15 0.114852

41 15 0.104699

42 15 0.0941334

43 15 0.0831961

44 15 0.0719305

45 15 0.0603811

46 15 0.0485933

47 15 0.0366138

48 15 0.0244898

49 15 0.0122691

50 15 0

0 16 0

1 16 0.0128046

2 16 0.0255587

3 16 0.0382119

4 16 0.0507143

5 16 0.0630165

6 16 0.0750701

7 16 0.0868274

8 16 0.098242

9 16 0.109269

10 16 0.119865

11 16 0.129987

12 16 0.139597

13 16 0.148655

14 16 0.157127

15 16 0.164979

16 16 0.17218

17 16 0.178701

18 16 0.184518

19 16 0.189605

20 16 0.193945

21 16 0.197519

22 16 0.200314

23 16 0.202318

24 16 0.203523

25 16 0.203926

26 16 0.203523

27 16 0.202318

28 16 0.200314

29 16 0.197519

30 16 0.193945

31 16 0.189605

32 16 0.184518

33 16 0.178701

34 16 0.17218

35 16 0.164979

36 16 0.157127

37 16 0.148655

38 16 0.139597

39 16 0.129987

40 16 0.119865

41 16 0.109269

42 16 0.098242

43 16 0.0868274

44 16 0.0750701

45 16 0.0630165

46 16 0.0507143

47 16 0.0382119

48 16 0.0255587

49 16 0.0128046

50 16 0

0 17 0

1 17 0.0132896

2 17 0.0265267

3 17 0.0396591

4 17 0.0526351

5 17 0.0654033

6 17 0.0779133

7 17 0.0901159

8 17 0.101963

9 17 0.113407

10 17 0.124404

11 17 0.13491

12 17 0.144884

13 17 0.154286

14 17 0.163079

15 17 0.171228

16 17 0.178701

17 17 0.18547

18 17 0.191506

19 17 0.196787

20 17 0.201291

21 17 0.205

22 17 0.2079

23 17 0.20998

24 17 0.211232

25 17 0.211649

26 17 0.211232

27 17 0.20998

28 17 0.2079

29 17 0.205

30 17 0.201291

31 17 0.196787

32 17 0.191506

33 17 0.18547

34 17 0.178701

35 17 0.171228

36 17 0.163079

37 17 0.154286

38 17 0.144884

39 17 0.13491

40 17 0.124404

41 17 0.113407

42 17 0.101963

43 17 0.0901159

44 17 0.0779133

45 17 0.0654033

46 17 0.0526351

47 17 0.0396591

48 17 0.0265267

49 17 0.0132896

50 17 0

0 18 0

1 18 0.0137221

2 18 0.02739

3 18 0.0409499

4 18 0.0543481

5 18 0.0675319

6 18 0.0804491

7 18 0.0930488

8 18 0.105281

9 18 0.117098

10 18 0.128453

11 18 0.139301

12 18 0.149599

13 18 0.159307

14 18 0.168386

15 18 0.176801

16 18 0.184518

17 18 0.191506

18 18 0.197739

19 18 0.203191

20 18 0.207842

21 18 0.211672

22 18 0.214667

23 18 0.216815

24 18 0.218107

25 18 0.218538

26 18 0.218107

27 18 0.216815

28 18 0.214667

29 18 0.211672

30 18 0.207842

31 18 0.203191

32 18 0.197739

33 18 0.191506

34 18 0.184518

35 18 0.176801

36 18 0.168386

37 18 0.159307

38 18 0.149599

39 18 0.139301

40 18 0.128453

41 18 0.117098

42 18 0.105281

43 18 0.0930488

44 18 0.0804491

45 18 0.0675319

46 18 0.0543481

47 18 0.0409499

48 18 0.02739

49 18 0.0137221

50 18 0

0 19 0

1 19 0.0141005

2 19 0.0281453

3 19 0.042079

4 19 0.0558467

5 19 0.069394

6 19 0.0826674

7 19 0.0956146

8 19 0.108184

9 19 0.120327

10 19 0.131995

11 19 0.143142

12 19 0.153724

13 19 0.1637

14 19 0.173029

15 19 0.181676

16 19 0.189605

17 19 0.196787

18 19 0.203191

19 19 0.208794

20 19 0.213573

21 19 0.217509

22 19 0.220586

23 19 0.222793

24 19 0.224121

25 19 0.224564

26 19 0.224121

27 19 0.222793

28 19 0.220586

29 19 0.217509

30 19 0.213573

31 19 0.208794

32 19 0.203191

33 19 0.196787

34 19 0.189605

35 19 0.181676

36 19 0.173029

37 19 0.1637

38 19 0.153724

39 19 0.143142

40 19 0.131995

41 19 0.120327

42 19 0.108184

43 19 0.0956146

44 19 0.0826674

45 19 0.069394

46 19 0.0558467

47 19 0.042079

48 19 0.0281453

49 19 0.0141005

50 19 0

0 20 0

1 20 0.0144232

2 20 0.0287895

3 20 0.0430421

4 20 0.0571249

5 20 0.0709822

6 20 0.0845594

7 20 0.0978029

8 20 0.11066

9 20 0.123081

10 20 0.135016

11 20 0.146418

12 20 0.157243

13 20 0.167446

14 20 0.176989

15 20 0.185834

16 20 0.193945

17 20 0.201291

18 20 0.207842

19 20 0.213573

20 20 0.218461

21 20 0.222487

22 20 0.225635

23 20 0.227892

24 20 0.22925

25 20 0.229703

26 20 0.22925

27 20 0.227892

28 20 0.225635

29 20 0.222487

30 20 0.218461

31 20 0.213573

32 20 0.207842

33 20 0.201291

34 20 0.193945

35 20 0.185834

36 20 0.176989

37 20 0.167446

38 20 0.157243

39 20 0.146418

40 20 0.135016

41 20 0.123081

42 20 0.11066

43 20 0.0978029

44 20 0.0845594

45 20 0.0709822

46 20 0.0571249

47 20 0.0430421

48 20 0.0287895

49 20 0.0144232

50 20 0

0 21 0

1 21 0.014689

2 21 0.02932

3 21 0.0438353

4 21 0.0581776

5 21 0.0722903

6 21 0.0861177

7 21 0.0996053

8 21 0.1127

9 21 0.125349

10 21 0.137504

11 21 0.149117

12 21 0.16014

13 21 0.170532

14 21 0.180251

15 21 0.189259

16 21 0.197519

17 21 0.205

18 21 0.211672

19 21 0.217509

20 21 0.222487

21 21 0.226587

22 21 0.229793

23 21 0.232092

24 21 0.233475

25 21 0.233936

26 21 0.233475

27 21 0.232092

28 21 0.229793

29 21 0.226587

30 21 0.222487

31 21 0.217509

32 21 0.211672

33 21 0.205

34 21 0.197519

35 21 0.189259

36 21 0.180251

37 21 0.170532

38 21 0.16014

39 21 0.149117

40 21 0.137504

41 21 0.125349

42 21 0.1127

43 21 0.0996053

44 21 0.0861177

45 21 0.0722903

46 21 0.0581776

47 21 0.0438353

48 21 0.02932

49 21 0.014689

50 21 0

0 22 0

1 22 0.0148968

2 22 0.0297348

3 22 0.0444555

4 22 0.0590007

5 22 0.0733131

6 22 0.0873362

7 22 0.101015

8 22 0.114294

9 22 0.127123

10 22 0.13945

11 22 0.151226

12 22 0.162406

13 22 0.172945

14 22 0.182801

15 22 0.191936

16 22 0.200314

17 22 0.2079

18 22 0.214667

19 22 0.220586

20 22 0.225635

21 22 0.229793

22 22 0.233044

23 22 0.235376

24 22 0.236778

25 22 0.237246

26 22 0.236778

27 22 0.235376

28 22 0.233044

29 22 0.229793

30 22 0.225635

31 22 0.220586

32 22 0.214667

33 22 0.2079

34 22 0.200314

35 22 0.191936

36 22 0.182801

37 22 0.172945

38 22 0.162406

39 22 0.151226

40 22 0.13945

41 22 0.127123

42 22 0.114294

43 22 0.101015

44 22 0.0873362

45 22 0.0733131

46 22 0.0590007

47 22 0.0444555

48 22 0.0297348

49 22 0.0148968

50 22 0

0 23 0

1 23 0.0150459

2 23 0.0300323

3 23 0.0449003

4 23 0.059591

5 23 0.0740466

6 23 0.0882099

7 23 0.102025

8 23 0.115438

9 23 0.128395

10 23 0.140845

11 23 0.152739

12 23 0.164031

13 23 0.174675

14 23 0.18463

15 23 0.193857

16 23 0.202318

17 23 0.20998

18 23 0.216815

19 23 0.222793

20 23 0.227892

21 23 0.232092

22 23 0.235376

23 23 0.23773

24 23 0.239147

25 23 0.23962

26 23 0.239147

27 23 0.23773

28 23 0.235376

29 23 0.232092

30 23 0.227892

31 23 0.222793

32 23 0.216815

33 23 0.20998

34 23 0.202318

35 23 0.193857

36 23 0.18463

37 23 0.174675

38 23 0.164031

39 23 0.152739

40 23 0.140845

41 23 0.128395

42 23 0.115438

43 23 0.102025

44 23 0.0882099

45 23 0.0740466

46 23 0.059591

47 23 0.0449003

48 23 0.0300323

49 23 0.0150459

50 23 0

0 24 0

1 24 0.0151355

2 24 0.0302113

3 24 0.0451678

4 24 0.0599461

5 24 0.0744878

6 24 0.0887356

7 24 0.102633

8 24 0.116126

9 24 0.12916

10 24 0.141684

11 24 0.15365

12 24 0.165009

13 24 0.175716

14 24 0.18573

15 24 0.195012

16 24 0.203523

17 24 0.211232

18 24 0.218107

19 24 0.224121

20 24 0.22925

21 24 0.233475

22 24 0.236778

23 24 0.239147

24 24 0.240572

25 24 0.241048

26 24 0.240572

27 24 0.239147

28 24 0.236778

29 24 0.233475

30 24 0.22925

31 24 0.224121

32 24 0.218107

33 24 0.211232

34 24 0.203523

35 24 0.195012

36 24 0.18573

37 24 0.175716

38 24 0.165009

39 24 0.15365

40 24 0.141684

41 24 0.12916

42 24 0.116126

43 24 0.102633

44 24 0.0887356

45 24 0.0744878

46 24 0.0599461

47 24 0.0451678

48 24 0.0302113

49 24 0.0151355

50 24 0

0 25 0

1 25 0.0151654

2 25 0.030271

3 25 0.0452571

4 25 0.0600647

5 25 0.0746351

6 25 0.088911

7 25 0.102836

8 25 0.116355

9 25 0.129415

10 25 0.141964

11 25 0.153953

12 25 0.165335

13 25 0.176064

14 25 0.186098

15 25 0.195397

16 25 0.203926

17 25 0.211649

18 25 0.218538

19 25 0.224564

20 25 0.229703

21 25 0.233936

22 25 0.237246

23 25 0.23962

24 25 0.241048

25 25 0.241524

26 25 0.241048

27 25 0.23962

28 25 0.237246

29 25 0.233936

30 25 0.229703

31 25 0.224564

32 25 0.218538

33 25 0.211649

34 25 0.203926

35 25 0.195397

36 25 0.186098

37 25 0.176064

38 25 0.165335

39 25 0.153953

40 25 0.141964

41 25 0.129415

42 25 0.116355

43 25 0.102836

44 25 0.088911

45 25 0.0746351

46 25 0.0600647

47 25 0.0452571

48 25 0.030271

49 25 0.0151654

50 25 0

0 26 0

1 26 0.0151355

2 26 0.0302113

3 26 0.0451678

4 26 0.0599461

5 26 0.0744878

6 26 0.0887356

7 26 0.102633

8 26 0.116126

9 26 0.12916

10 26 0.141684

11 26 0.15365

12 26 0.165009

13 26 0.175716

14 26 0.18573

15 26 0.195012

16 26 0.203523

17 26 0.211232

18 26 0.218107

19 26 0.224121

20 26 0.22925

21 26 0.233475

22 26 0.236778

23 26 0.239147

24 26 0.240572

25 26 0.241048

26 26 0.240572

27 26 0.239147

28 26 0.236778

29 26 0.233475

30 26 0.22925

31 26 0.224121

32 26 0.218107

33 26 0.211232

34 26 0.203523

35 26 0.195012

36 26 0.18573

37 26 0.175716

38 26 0.165009

39 26 0.15365

40 26 0.141684

41 26 0.12916

42 26 0.116126

43 26 0.102633

44 26 0.0887356

45 26 0.0744878

46 26 0.0599461

47 26 0.0451678

48 26 0.0302113

49 26 0.0151355

50 26 0

0 27 0

1 27 0.0150459

2 27 0.0300323

3 27 0.0449003

4 27 0.059591

5 27 0.0740466

6 27 0.0882099

7 27 0.102025

8 27 0.115438

9 27 0.128395

10 27 0.140845

11 27 0.152739

12 27 0.164031

13 27 0.174675

14 27 0.18463

15 27 0.193857

16 27 0.202318

17 27 0.20998

18 27 0.216815

19 27 0.222793

20 27 0.227892

21 27 0.232092

22 27 0.235376

23 27 0.23773

24 27 0.239147

25 27 0.23962

26 27 0.239147

27 27 0.23773

28 27 0.235376

29 27 0.232092

30 27 0.227892

31 27 0.222793

32 27 0.216815

33 27 0.20998

34 27 0.202318

35 27 0.193857

36 27 0.18463

37 27 0.174675

38 27 0.164031

39 27 0.152739

40 27 0.140845

41 27 0.128395

42 27 0.115438

43 27 0.102025

44 27 0.0882099

45 27 0.0740466

46 27 0.059591

47 27 0.0449003

48 27 0.0300323

49 27 0.0150459

50 27 0

0 28 0

1 28 0.0148968

2 28 0.0297348

3 28 0.0444555

4 28 0.0590007

5 28 0.0733131

6 28 0.0873362

7 28 0.101015

8 28 0.114294

9 28 0.127123

10 28 0.13945

11 28 0.151226

12 28 0.162406

13 28 0.172945

14 28 0.182801

15 28 0.191936

16 28 0.200314

17 28 0.2079

18 28 0.214667

19 28 0.220586

20 28 0.225635

21 28 0.229793

22 28 0.233044

23 28 0.235376

24 28 0.236778

25 28 0.237246

26 28 0.236778

27 28 0.235376

28 28 0.233044

29 28 0.229793

30 28 0.225635

31 28 0.220586

32 28 0.214667

33 28 0.2079

34 28 0.200314

35 28 0.191936

36 28 0.182801

37 28 0.172945

38 28 0.162406

39 28 0.151226

40 28 0.13945

41 28 0.127123

42 28 0.114294

43 28 0.101015

44 28 0.0873362

45 28 0.0733131

46 28 0.0590007

47 28 0.0444555

48 28 0.0297348

49 28 0.0148968

50 28 0

0 29 0

1 29 0.014689

2 29 0.02932

3 29 0.0438353

4 29 0.0581776

5 29 0.0722903

6 29 0.0861177

7 29 0.0996053

8 29 0.1127

9 29 0.125349

10 29 0.137504

11 29 0.149117

12 29 0.16014

13 29 0.170532

14 29 0.180251

15 29 0.189259

16 29 0.197519

17 29 0.205

18 29 0.211672

19 29 0.217509

20 29 0.222487

21 29 0.226587

22 29 0.229793

23 29 0.232092

24 29 0.233475

25 29 0.233936

26 29 0.233475

27 29 0.232092

28 29 0.229793

29 29 0.226587

30 29 0.222487

31 29 0.217509

32 29 0.211672

33 29 0.205

34 29 0.197519

35 29 0.189259

36 29 0.180251

37 29 0.170532

38 29 0.16014

39 29 0.149117

40 29 0.137504

41 29 0.125349

42 29 0.1127

43 29 0.0996053

44 29 0.0861177

45 29 0.0722903

46 29 0.0581776

47 29 0.0438353

48 29 0.02932

49 29 0.014689

50 29 0

0 30 0

1 30 0.0144232

2 30 0.0287895

3 30 0.0430421

4 30 0.0571249

5 30 0.0709822

6 30 0.0845594

7 30 0.0978029

8 30 0.11066

9 30 0.123081

10 30 0.135016

11 30 0.146418

12 30 0.157243

13 30 0.167446

14 30 0.176989

15 30 0.185834

16 30 0.193945

17 30 0.201291

18 30 0.207842

19 30 0.213573

20 30 0.218461

21 30 0.222487

22 30 0.225635

23 30 0.227892

24 30 0.22925

25 30 0.229703

26 30 0.22925

27 30 0.227892

28 30 0.225635

29 30 0.222487

30 30 0.218461

31 30 0.213573

32 30 0.207842

33 30 0.201291

34 30 0.193945

35 30 0.185834

36 30 0.176989

37 30 0.167446

38 30 0.157243

39 30 0.146418

40 30 0.135016

41 30 0.123081

42 30 0.11066

43 30 0.0978029

44 30 0.0845594

45 30 0.0709822

46 30 0.0571249

47 30 0.0430421

48 30 0.0287895

49 30 0.0144232

50 30 0

0 31 0

1 31 0.0141005

2 31 0.0281453

3 31 0.042079

4 31 0.0558467

5 31 0.069394

6 31 0.0826674

7 31 0.0956146

8 31 0.108184

9 31 0.120327

10 31 0.131995

11 31 0.143142

12 31 0.153724

13 31 0.1637

14 31 0.173029

15 31 0.181676

16 31 0.189605

17 31 0.196787

18 31 0.203191

19 31 0.208794

20 31 0.213573

21 31 0.217509

22 31 0.220586

23 31 0.222793

24 31 0.224121

25 31 0.224564

26 31 0.224121

27 31 0.222793

28 31 0.220586

29 31 0.217509

30 31 0.213573

31 31 0.208794

32 31 0.203191

33 31 0.196787

34 31 0.189605

35 31 0.181676

36 31 0.173029

37 31 0.1637

38 31 0.153724

39 31 0.143142

40 31 0.131995

41 31 0.120327

42 31 0.108184

43 31 0.0956146

44 31 0.0826674

45 31 0.069394

46 31 0.0558467

47 31 0.042079

48 31 0.0281453

49 31 0.0141005

50 31 0

0 32 0

1 32 0.0137221

2 32 0.02739

3 32 0.0409499

4 32 0.0543481

5 32 0.0675319

6 32 0.0804491

7 32 0.0930488

8 32 0.105281

9 32 0.117098

10 32 0.128453

11 32 0.139301

12 32 0.149599

13 32 0.159307

14 32 0.168386

15 32 0.176801

16 32 0.184518

17 32 0.191506

18 32 0.197739

19 32 0.203191

20 32 0.207842

21 32 0.211672

22 32 0.214667

23 32 0.216815

24 32 0.218107

25 32 0.218538

26 32 0.218107

27 32 0.216815

28 32 0.214667

29 32 0.211672

30 32 0.207842

31 32 0.203191

32 32 0.197739

33 32 0.191506

34 32 0.184518

35 32 0.176801

36 32 0.168386

37 32 0.159307

38 32 0.149599

39 32 0.139301

40 32 0.128453

41 32 0.117098

42 32 0.105281

43 32 0.0930488

44 32 0.0804491

45 32 0.0675319

46 32 0.0543481

47 32 0.0409499

48 32 0.02739

49 32 0.0137221

50 32 0

0 33 0

1 33 0.0132896

2 33 0.0265267

3 33 0.0396591

4 33 0.0526351

5 33 0.0654033

6 33 0.0779133

7 33 0.0901159

8 33 0.101963

9 33 0.113407

10 33 0.124404

11 33 0.13491

12 33 0.144884

13 33 0.154286

14 33 0.163079

15 33 0.171228

16 33 0.178701

17 33 0.18547

18 33 0.191506

19 33 0.196787

20 33 0.201291

21 33 0.205

22 33 0.2079

23 33 0.20998

24 33 0.211232

25 33 0.211649

26 33 0.211232

27 33 0.20998

28 33 0.2079

29 33 0.205

30 33 0.201291

31 33 0.196787

32 33 0.191506

33 33 0.18547

34 33 0.178701

35 33 0.171228

36 33 0.163079

37 33 0.154286

38 33 0.144884

39 33 0.13491

40 33 0.124404

41 33 0.113407

42 33 0.101963

43 33 0.0901159

44 33 0.0779133

45 33 0.0654033

46 33 0.0526351

47 33 0.0396591

48 33 0.0265267

49 33 0.0132896

50 33 0

0 34 0

1 34 0.0128046

2 34 0.0255587

3 34 0.0382119

4 34 0.0507143

5 34 0.0630165

6 34 0.0750701

7 34 0.0868274

8 34 0.098242

9 34 0.109269

10 34 0.119865

11 34 0.129987

12 34 0.139597

13 34 0.148655

14 34 0.157127

15 34 0.164979

16 34 0.17218

17 34 0.178701

18 34 0.184518

19 34 0.189605

20 34 0.193945

21 34 0.197519

22 34 0.200314

23 34 0.202318

24 34 0.203523

25 34 0.203926

26 34 0.203523

27 34 0.202318

28 34 0.200314

29 34 0.197519

30 34 0.193945

31 34 0.189605

32 34 0.184518

33 34 0.178701

34 34 0.17218

35 34 0.164979

36 34 0.157127

37 34 0.148655

38 34 0.139597

39 34 0.129987

40 34 0.119865

41 34 0.109269

42 34 0.098242

43 34 0.0868274

44 34 0.0750701

45 34 0.0630165

46 34 0.0507143

47 34 0.0382119

48 34 0.0255587

49 34 0.0128046

50 34 0

0 35 0

1 35 0.0122691

2 35 0.0244898

3 35 0.0366138

4 35 0.0485933

5 35 0.0603811

6 35 0.0719305

7 35 0.0831961

8 35 0.0941334

9 35 0.104699

10 35 0.114852

11 35 0.124551

12 35 0.133759

13 35 0.142438

14 35 0.150556

15 35 0.15808

16 35 0.164979

17 35 0.171228

18 35 0.176801

19 35 0.181676

20 35 0.185834

21 35 0.189259

22 35 0.191936

23 35 0.193857

24 35 0.195012

25 35 0.195397

26 35 0.195012

27 35 0.193857

28 35 0.191936

29 35 0.189259

30 35 0.185834

31 35 0.181676

32 35 0.176801

33 35 0.171228

34 35 0.164979

35 35 0.15808

36 35 0.150556

37 35 0.142438

38 35 0.133759

39 35 0.124551

40 35 0.114852

41 35 0.104699

42 35 0.0941334

43 35 0.0831961

44 35 0.0719305

45 35 0.0603811

46 35 0.0485933

47 35 0.0366138

48 35 0.0244898

49 35 0.0122691

50 35 0

0 36 0

1 36 0.0116852

2 36 0.0233242

3 36 0.0348712

4 36 0.0462806

5 36 0.0575074

6 36 0.0685071

7 36 0.0792365

8 36 0.0896533

9 36 0.0997161

10 36 0.109385

11 36 0.118623

12 36 0.127393

13 36 0.135659

14 36 0.143391

15 36 0.150556

16 36 0.157127

17 36 0.163079

18 36 0.168386

19 36 0.173029

20 36 0.176989

21 36 0.180251

22 36 0.182801

23 36 0.18463

24 36 0.18573

25 36 0.186098

26 36 0.18573

27 36 0.18463

28 36 0.182801

29 36 0.180251

30 36 0.176989

31 36 0.173029

32 36 0.168386

33 36 0.163079

34 36 0.157127

35 36 0.150556

36 36 0.143391

37 36 0.135659

38 36 0.127393

39 36 0.118623

40 36 0.109385

41 36 0.0997161

42 36 0.0896533

43 36 0.0792365

44 36 0.0685071

45 36 0.0575074

46 36 0.0462806

47 36 0.0348712

48 36 0.0233242

49 36 0.0116852

50 36 0

0 37 0

1 37 0.0110551

2 37 0.0220666

3 37 0.032991

4 37 0.0437853

5 37 0.0544067

6 37 0.0648134

7 37 0.0749643

8 37 0.0848193

9 37 0.0943396

10 37 0.103488

11 37 0.112227

12 37 0.120524

13 37 0.128345

14 37 0.135659

15 37 0.142438

16 37 0.148655

17 37 0.154286

18 37 0.159307

19 37 0.1637

20 37 0.167446

21 37 0.170532

22 37 0.172945

23 37 0.174675

24 37 0.175716

25 37 0.176064

26 37 0.175716

27 37 0.174675

28 37 0.172945

29 37 0.170532

30 37 0.167446

31 37 0.1637

32 37 0.159307

33 37 0.154286

34 37 0.148655

35 37 0.142438

36 37 0.135659

37 37 0.128345

38 37 0.120524

39 37 0.112227

40 37 0.103488

41 37 0.0943396

42 37 0.0848193

43 37 0.0749643

44 37 0.0648134

45 37 0.0544067

46 37 0.0437853

47 37 0.032991

48 37 0.0220666

49 37 0.0110551

50 37 0

0 38 0

1 38 0.0103815

2 38 0.0207219

3 38 0.0309806

4 38 0.0411171

5 38 0.0510913

6 38 0.0608638

7 38 0.0703961

8 38 0.0796506

9 38 0.0885908

10 38 0.0971813

11 38 0.105388

12 38 0.113179

13 38 0.120524

14 38 0.127393

15 38 0.133759

16 38 0.139597

17 38 0.144884

18 38 0.149599

19 38 0.153724

20 38 0.157243

21 38 0.16014

22 38 0.162406

23 38 0.164031

24 38 0.165009

25 38 0.165335

26 38 0.165009

27 38 0.164031

28 38 0.162406

29 38 0.16014

30 38 0.157243

31 38 0.153724

32 38 0.149599

33 38 0.144884

34 38 0.139597

35 38 0.133759

36 38 0.127393

37 38 0.120524

38 38 0.113179

39 38 0.105388

40 38 0.0971813

41 38 0.0885908

42 38 0.0796506

43 38 0.0703961

44 38 0.0608638

45 38 0.0510913

46 38 0.0411171

47 38 0.0309806

48 38 0.0207219

49 38 0.0103815

50 38 0

0 39 0

1 39 0.00966681

2 39 0.0192955

3 39 0.028848

4 39 0.0382867

5 39 0.0475742

6 39 0.056674

7 39 0.0655502

8 39 0.0741676

9 39 0.0824924

10 39 0.0904915

11 39 0.0981336

12 39 0.105388

13 39 0.112227

14 39 0.118623

15 39 0.124551

16 39 0.129987

17 39 0.13491

18 39 0.139301

19 39 0.143142

20 39 0.146418

21 39 0.149117

22 39 0.151226

23 39 0.152739

24 39 0.15365

25 39 0.153953

26 39 0.15365

27 39 0.152739

28 39 0.151226

29 39 0.149117

30 39 0.146418

31 39 0.143142

32 39 0.139301

33 39 0.13491

34 39 0.129987

35 39 0.124551

36 39 0.118623

37 39 0.112227

38 39 0.105388

39 39 0.0981336

40 39 0.0904915

41 39 0.0824924

42 39 0.0741676

43 39 0.0655502

44 39 0.056674

45 39 0.0475742

46 39 0.0382867

47 39 0.028848

48 39 0.0192955

49 39 0.00966681

50 39 0

0 40 0

1 40 0.00891402

2 40 0.0177929

3 40 0.0266015

4 40 0.0353051

5 40 0.0438694

6 40 0.0522606

7 40 0.0604455

8 40 0.0683919

9 40 0.0760684

10 40 0.0834446

11 40 0.0904915

12 40 0.0971813

13 40 0.103488

14 40 0.109385

15 40 0.114852

16 40 0.119865

17 40 0.124404

18 40 0.128453

19 40 0.131995

20 40 0.135016

21 40 0.137504

22 40 0.13945

23 40 0.140845

24 40 0.141684

25 40 0.141964

26 40 0.141684

27 40 0.140845

28 40 0.13945

29 40 0.137504

30 40 0.135016

31 40 0.131995

32 40 0.128453

33 40 0.124404

34 40 0.119865

35 40 0.114852

36 40 0.109385

37 40 0.103488

38 40 0.0971813

39 40 0.0904915

40 40 0.0834446

41 40 0.0760684

42 40 0.0683919

43 40 0.0604455

44 40 0.0522606

45 40 0.0438694

46 40 0.0353051

47 40 0.0266015

48 40 0.0177929

49 40 0.00891402

50 40 0

0 41 0

1 41 0.00812605

2 41 0.01622

3 41 0.02425

4 41 0.0321843

5 41 0.0399915

6 41 0.0476409

7 41 0.0551023

8 41 0.0623463

9 41 0.0693441

10 41 0.0760684

11 41 0.0824924

12 41 0.0885908

13 41 0.0943396

14 41 0.0997161

15 41 0.104699

16 41 0.109269

17 41 0.113407

18 41 0.117098

19 41 0.120327

20 41 0.123081

21 41 0.125349

22 41 0.127123

23 41 0.128395

24 41 0.12916

25 41 0.129415

26 41 0.12916

27 41 0.128395

28 41 0.127123

29 41 0.125349

30 41 0.123081

31 41 0.120327

32 41 0.117098

33 41 0.113407

34 41 0.109269

35 41 0.104699

36 41 0.0997161

37 41 0.0943396

38 41 0.0885908

39 41 0.0824924

40 41 0.0760684

41 41 0.0693441

42 41 0.0623463

43 41 0.0551023

44 41 0.0476409

45 41 0.0399915

46 41 0.0321843

47 41 0.02425

48 41 0.01622

49 41 0.00812605

50 41 0

0 42 0

1 42 0.00730601

2 42 0.0145832

3 42 0.0218028

4 42 0.0289364

5 42 0.0359557

6 42 0.0428332

7 42 0.0495417

8 42 0.0560546

9 42 0.0623463

10 42 0.0683919

11 42 0.0741676

12 42 0.0796506

13 42 0.0848193

14 42 0.0896533

15 42 0.0941334

16 42 0.098242

17 42 0.101963

18 42 0.105281

19 42 0.108184

20 42 0.11066

21 42 0.1127

22 42 0.114294

23 42 0.115438

24 42 0.116126

25 42 0.116355

26 42 0.116126

27 42 0.115438

28 42 0.114294

29 42 0.1127

30 42 0.11066

31 42 0.108184

32 42 0.105281

33 42 0.101963

34 42 0.098242

35 42 0.0941334

36 42 0.0896533

37 42 0.0848193

38 42 0.0796506

39 42 0.0741676

40 42 0.0683919

41 42 0.0623463

42 42 0.0560546

43 42 0.0495417

44 42 0.0428332

45 42 0.0359557

46 42 0.0289364

47 42 0.0218028

48 42 0.0145832

49 42 0.00730601

50 42 0

0 43 0

1 43 0.00645713

2 43 0.0128888

3 43 0.0192696

4 43 0.0255743

5 43 0.0317781

6 43 0.0378565

7 43 0.0437855

8 43 0.0495417

9 43 0.0551023

10 43 0.0604455

11 43 0.0655502

12 43 0.0703961

13 43 0.0749643

14 43 0.0792365

15 43 0.0831961

16 43 0.0868274

17 43 0.0901159

18 43 0.0930488

19 43 0.0956146

20 43 0.0978029

21 43 0.0996053

22 43 0.101015

23 43 0.102025

24 43 0.102633

25 43 0.102836

26 43 0.102633

27 43 0.102025

28 43 0.101015

29 43 0.0996053

30 43 0.0978029

31 43 0.0956146

32 43 0.0930488

33 43 0.0901159

34 43 0.0868274

35 43 0.0831961

36 43 0.0792365

37 43 0.0749643

38 43 0.0703961

39 43 0.0655502

40 43 0.0604455

41 43 0.0551023

42 43 0.0495417

43 43 0.0437855

44 43 0.0378565

45 43 0.0317781

46 43 0.0255743

47 43 0.0192696

48 43 0.0128888

49 43 0.00645713

50 43 0

0 44 0

1 44 0.00558277

2 44 0.0111435

3 44 0.0166603

4 44 0.0221113

5 44 0.027475

6 44 0.0327303

7 44 0.0378565

8 44 0.0428332

9 44 0.0476409

10 44 0.0522606

11 44 0.056674

12 44 0.0608638

13 44 0.0648134

14 44 0.0685071

15 44 0.0719305

16 44 0.0750701

17 44 0.0779133

18 44 0.0804491

19 44 0.0826674

20 44 0.0845594

21 44 0.0861177

22 44 0.0873362

23 44 0.0882099

24 44 0.0887356

25 44 0.088911

26 44 0.0887356

27 44 0.0882099

28 44 0.0873362

29 44 0.0861177

30 44 0.0845594

31 44 0.0826674

32 44 0.0804491

33 44 0.0779133

34 44 0.0750701

35 44 0.0719305

36 44 0.0685071

37 44 0.0648134

38 44 0.0608638

39 44 0.056674

40 44 0.0522606

41 44 0.0476409

42 44 0.0428332

43 44 0.0378565

44 44 0.0327303

45 44 0.027475

46 44 0.0221113

47 44 0.0166603

48 44 0.0111435

49 44 0.00558277

50 44 0

0 45 0

1 45 0.00468638

2 45 0.00935426

3 45 0.0139852

4 45 0.018561

5 45 0.0230635

6 45 0.027475

7 45 0.0317781

8 45 0.0359557

9 45 0.0399915

10 45 0.0438694

11 45 0.0475742

12 45 0.0510913

13 45 0.0544067

14 45 0.0575074

15 45 0.0603811

16 45 0.0630165

17 45 0.0654033

18 45 0.0675319

19 45 0.069394

20 45 0.0709822

21 45 0.0722903

22 45 0.0733131

23 45 0.0740466

24 45 0.0744878

25 45 0.0746351

26 45 0.0744878

27 45 0.0740466

28 45 0.0733131

29 45 0.0722903

30 45 0.0709822

31 45 0.069394

32 45 0.0675319

33 45 0.0654033

34 45 0.0630165

35 45 0.0603811

36 45 0.0575074

37 45 0.0544067

38 45 0.0510913

39 45 0.0475742

40 45 0.0438694

41 45 0.0399915

42 45 0.0359557

43 45 0.0317781

44 45 0.027475

45 45 0.0230635

46 45 0.018561

47 45 0.0139852

48 45 0.00935426

49 45 0.00468638

50 45 0

0 46 0

1 46 0.00377149

2 46 0.0075281

3 46 0.011255

4 46 0.0149375

5 46 0.018561

6 46 0.0221113

7 46 0.0255743

8 46 0.0289364

9 46 0.0321843

10 46 0.0353051

11 46 0.0382867

12 46 0.0411171

13 46 0.0437853

14 46 0.0462806

15 46 0.0485933

16 46 0.0507143

17 46 0.0526351

18 46 0.0543481

19 46 0.0558467

20 46 0.0571249

21 46 0.0581776

22 46 0.0590007

23 46 0.059591

24 46 0.0599461

25 46 0.0600647

26 46 0.0599461

27 46 0.059591

28 46 0.0590007

29 46 0.0581776

30 46 0.0571249

31 46 0.0558467

32 46 0.0543481

33 46 0.0526351

34 46 0.0507143

35 46 0.0485933

36 46 0.0462806

37 46 0.0437853

38 46 0.0411171

39 46 0.0382867

40 46 0.0353051

41 46 0.0321843

42 46 0.0289364

43 46 0.0255743

44 46 0.0221113

45 46 0.018561

46 46 0.0149375

47 46 0.011255

48 46 0.0075281

49 46 0.00377149

50 46 0

0 47 0

1 47 0.00284172

2 47 0.00567222

3 47 0.00848034

4 47 0.011255

5 47 0.0139852

6 47 0.0166603

7 47 0.0192696

8 47 0.0218028

9 47 0.02425

10 47 0.0266015

11 47 0.028848

12 47 0.0309806

13 47 0.032991

14 47 0.0348712

15 47 0.0366138

16 47 0.0382119

17 47 0.0396591

18 47 0.0409499

19 47 0.042079

20 47 0.0430421

21 47 0.0438353

22 47 0.0444555

23 47 0.0449003

24 47 0.0451678

25 47 0.0452571

26 47 0.0451678

27 47 0.0449003

28 47 0.0444555

29 47 0.0438353

30 47 0.0430421

31 47 0.042079

32 47 0.0409499

33 47 0.0396591

34 47 0.0382119

35 47 0.0366138

36 47 0.0348712

37 47 0.032991

38 47 0.0309806

39 47 0.028848

40 47 0.0266015

41 47 0.02425

42 47 0.0218028

43 47 0.0192696

44 47 0.0166603

45 47 0.0139852

46 47 0.011255

47 47 0.00848034

48 47 0.00567222

49 47 0.00284172

50 47 0

0 48 0

1 48 0.00190073

2 48 0.00379397

3 48 0.00567222

4 48 0.0075281

5 48 0.00935426

6 48 0.0111435

7 48 0.0128888

8 48 0.0145832

9 48 0.01622

10 48 0.0177929

11 48 0.0192955

12 48 0.0207219

13 48 0.0220666

14 48 0.0233242

15 48 0.0244898

16 48 0.0255587

17 48 0.0265267

18 48 0.02739

19 48 0.0281453

20 48 0.0287895

21 48 0.02932

22 48 0.0297348

23 48 0.0300323

24 48 0.0302113

25 48 0.030271

26 48 0.0302113

27 48 0.0300323

28 48 0.0297348

29 48 0.02932

30 48 0.0287895

31 48 0.0281453

32 48 0.02739

33 48 0.0265267

34 48 0.0255587

35 48 0.0244898

36 48 0.0233242

37 48 0.0220666

38 48 0.0207219

39 48 0.0192955

40 48 0.0177929

41 48 0.01622

42 48 0.0145832

43 48 0.0128888

44 48 0.0111435

45 48 0.00935426

46 48 0.0075281

47 48 0.00567222

48 48 0.00379397

49 48 0.00190073

50 48 0

0 49 0

1 49 0.000952246

2 49 0.00190073

3 49 0.00284172

4 49 0.00377149

5 49 0.00468638

6 49 0.00558277

7 49 0.00645713

8 49 0.00730601

9 49 0.00812605

10 49 0.00891402

11 49 0.00966681

12 49 0.0103815

13 49 0.0110551

14 49 0.0116852

15 49 0.0122691

16 49 0.0128046

17 49 0.0132896

18 49 0.0137221

19 49 0.0141005

20 49 0.0144232

21 49 0.014689

22 49 0.0148968

23 49 0.0150459

24 49 0.0151355

25 49 0.0151654

26 49 0.0151355

27 49 0.0150459

28 49 0.0148968

29 49 0.014689

30 49 0.0144232

31 49 0.0141005

32 49 0.0137221

33 49 0.0132896

34 49 0.0128046

35 49 0.0122691

36 49 0.0116852

37 49 0.0110551

38 49 0.0103815

39 49 0.00966681

40 49 0.00891402

41 49 0.00812605

42 49 0.00730601

43 49 0.00645713

44 49 0.00558277

45 49 0.00468638

46 49 0.00377149

47 49 0.00284172

48 49 0.00190073

49 49 0.000952246

50 49 0

