0 1 0

1 1 0.00152907

2 1 0.00305212

3 1 0.00456311

4 1 0.0060561

5 1 0.00752518

6 1 0.00896457

7 1 0.0103686

8 1 0.0117317

9 1 0.0130485

10 1 0.0143137

11 1 0.0155226

12 1 0.0166701

13 1 0.0177518

14 1 0.0187635

15 1 0.0197012

16 1 0.0205611

17 1 0.0213398

18 1 0.0220344

19 1 0.0226419

20 1 0.0231601

21 1 0.0235869

22 1 0.0239207

23 1 0.02416

24 1 0.0243039

25 1 0.024352

26 1 0.0243039

27 1 0.02416

28 1 0.0239207

29 1 0.0235869

30 1 0.0231601

31 1 0.0226419

32 1 0.0220344

33 1 0.0213398

34 1 0.0205611

35 1 0.0197012

36 1 0.0187635

37 1 0.0177518

38 1 0.0166701

39 1 0.0155226

40 1 0.0143137

41 1 0.0130485

42 1 0.0117317

43 1 0.0103686

44 1 0.00896457

45 1 0.00752518

46 1 0.0060561

47 1 0.00456311

48 1 0.00305212

49 1 0.00152907

50 1 0

0 2 0

1 2 0.00305212

2 2 0.00609219

3 2 0.00910821

4 2 0.0120883

5 2 0.0150207

6 2 0.0178938

7 2 0.0206962

8 2 0.023417

9 2 0.0260454

10 2 0.028571

11 2 0.0309838

12 2 0.0332744

13 2 0.0354336

14 2 0.037453

15 2 0.0393246

16 2 0.041041

17 2 0.0425954

18 2 0.0439817

19 2 0.0451945

20 2 0.0462289

21 2 0.0470808

22 2 0.0477469

23 2 0.0482246

24 2 0.048512

25 2 0.0486079

26 2 0.048512

27 2 0.0482246

28 2 0.0477469

29 2 0.0470808

30 2 0.0462289

31 2 0.0451945

32 2 0.0439817

33 2 0.0425954

34 2 0.041041

35 2 0.0393246

36 2 0.037453

37 2 0.0354336

38 2 0.0332744

39 2 0.0309838

40 2 0.028571

41 2 0.0260454

42 2 0.023417

43 2 0.0206962

44 2 0.0178938

45 2 0.0150207

46 2 0.0120883

47 2 0.00910821

48 2 0.00609219

49 2 0.00305212

50 2 0

0 3 0

1 3 0.00456311

2 3 0.00910821

3 3 0.0136174

4 3 0.0180728

5 3 0.0224569

6 3 0.0267523

7 3 0.0309422

8 3 0.03501

9 3 0.0389396

10 3 0.0427155

11 3 0.0463229

12 3 0.0497474

13 3 0.0529756

14 3 0.0559947

15 3 0.0587929

16 3 0.061359

17 3 0.0636829

18 3 0.0657556

19 3 0.0675687

20 3 0.0691151

21 3 0.0703888

22 3 0.0713847

23 3 0.0720989

24 3 0.0725286

25 3 0.072672

26 3 0.0725286

27 3 0.0720989

28 3 0.0713847

29 3 0.0703888

30 3 0.0691151

31 3 0.0675687

32 3 0.0657556

33 3 0.0636829

34 3 0.061359

35 3 0.0587929

36 3 0.0559947

37 3 0.0529756

38 3 0.0497474

39 3 0.0463229

40 3 0.0427155

41 3 0.0389396

42 3 0.03501

43 3 0.0309422

44 3 0.0267523

45 3 0.0224569

46 3 0.0180728

47 3 0.0136174

48 3 0.00910821

49 3 0.00456311

50 3 0

0 4 0

1 4 0.0060561

2 4 0.0120883

3 4 0.0180728

4 4 0.0239859

5 4 0.0298044

6 4 0.0355053

7 4 0.0410661

8 4 0.0464648

9 4 0.0516801

10 4 0.0566914

11 4 0.061479

12 4 0.066024

13 4 0.0703085

14 4 0.0743154

15 4 0.0780291

16 4 0.0814348

17 4 0.0845191

18 4 0.0872699

19 4 0.0896762

20 4 0.0917287

21 4 0.0934191

22 4 0.0947408

23 4 0.0956887

24 4 0.0962589

25 4 0.0964492

26 4 0.0962589

27 4 0.0956887

28 4 0.0947408

29 4 0.0934191

30 4 0.0917287

31 4 0.0896762

32 4 0.0872699

33 4 0.0845191

34 4 0.0814348

35 4 0.0780291

36 4 0.0743154

37 4 0.0703085

38 4 0.066024

39 4 0.061479

40 4 0.0566914

41 4 0.0516801

42 4 0.0464648

43 4 0.0410661

44 4 0.0355053

45 4 0.0298044

46 4 0.0239859

47 4 0.0180728

48 4 0.0120883

49 4 0.0060561

50 4 0

0 5 0

1 5 0.00752518

2 5 0.0150207

3 5 0.0224569

4 5 0.0298044

5 5 0.0370344

6 5 0.0441182

7 5 0.0510279

8 5 0.0577362

9 5 0.0642166

10 5 0.0704436

11 5 0.0763926

12 5 0.0820401

13 5 0.0873639

14 5 0.0923428

15 5 0.0969573

16 5 0.101189

17 5 0.105022

18 5 0.10844

19 5 0.11143

20 5 0.11398

21 5 0.116081

22 5 0.117723

23 5 0.118901

24 5 0.119609

25 5 0.119846

26 5 0.119609

27 5 0.118901

28 5 0.117723

29 5 0.116081

30 5 0.11398

31 5 0.11143

32 5 0.10844

33 5 0.105022

34 5 0.101189

35 5 0.0969573

36 5 0.0923428

37 5 0.0873639

38 5 0.0820401

39 5 0.0763926

40 5 0.0704436

41 5 0.0642166

42 5 0.0577362

43 5 0.0510279

44 5 0.0441182

45 5 0.0370344

46 5 0.0298044

47 5 0.0224569

48 5 0.0150207

49 5 0.00752518

50 5 0

0 6 0

1 6 0.00896457

2 6 0.0178938

3 6 0.0267523

4 6 0.0355053

5 6 0.0441182

6 6 0.052557

7 6 0.0607883

8 6 0.0687797

9 6 0.0764997

10 6 0.0839178

11 6 0.0910047

12 6 0.0977324

13 6 0.104074

14 6 0.110006

15 6 0.115503

16 6 0.120544

17 6 0.12511

18 6 0.129182

19 6 0.132744

20 6 0.135782

21 6 0.138284

22 6 0.140241

23 6 0.141644

24 6 0.142488

25 6 0.142769

26 6 0.142488

27 6 0.141644

28 6 0.140241

29 6 0.138284

30 6 0.135782

31 6 0.132744

32 6 0.129182

33 6 0.12511

34 6 0.120544

35 6 0.115503

36 6 0.110006

37 6 0.104074

38 6 0.0977324

39 6 0.0910047

40 6 0.0839178

41 6 0.0764997

42 6 0.0687797

43 6 0.0607883

44 6 0.052557

45 6 0.0441182

46 6 0.0355053

47 6 0.0267523

48 6 0.0178938

49 6 0.00896457

50 6 0

0 7 0

1 7 0.0103686

2 7 0.0206962

3 7 0.0309422

4 7 0.0410661

5 7 0.0510279

6 7 0.0607883

7 7 0.0703088

8 7 0.0795518

9 7 0.0884809

10 7 0.0970608

11 7 0.105258

12 7 0.113039

13 7 0.120374

14 7 0.127235

15 7 0.133593

16 7 0.139424

17 7 0.144704

18 7 0.149414

19 7 0.153534

20 7 0.157048

21 7 0.159942

22 7 0.162205

23 7 0.163828

24 7 0.164804

25 7 0.16513

26 7 0.164804

27 7 0.163828

28 7 0.162205

29 7 0.159942

30 7 0.157048

31 7 0.153534

32 7 0.149414

33 7 0.144704

34 7 0.139424

35 7 0.133593

36 7 0.127235

37 7 0.120374

38 7 0.113039

39 7 0.105258

40 7 0.0970608

41 7 0.0884809

42 7 0.0795518

43 7 0.0703088

44 7 0.0607883

45 7 0.0510279

46 7 0.0410661

47 7 0.0309422

48 7 0.0206962

49 7 0.0103686

50 7 0

0 8 0

1 8 0.0117317

2 8 0.023417

3 8 0.03501

4 8 0.0464648

5 8 0.0577362

6 8 0.0687797

7 8 0.0795518

8 8 0.09001

9 8 0.100113

10 8 0.109821

11 8 0.119095

12 8 0.1279

13 8 0.136199

14 8 0.143961

15 8 0.151155

16 8 0.157753

17 8 0.163728

18 8 0.169056

19 8 0.173718

20 8 0.177694

21 8 0.180968

22 8 0.183529

23 8 0.185365

24 8 0.18647

25 8 0.186838

26 8 0.18647

27 8 0.185365

28 8 0.183529

29 8 0.180968

30 8 0.177694

31 8 0.173718

32 8 0.169056

33 8 0.163728

34 8 0.157753

35 8 0.151155

36 8 0.143961

37 8 0.136199

38 8 0.1279

39 8 0.119095

40 8 0.109821

41 8 0.100113

42 8 0.09001

43 8 0.0795518

44 8 0.0687797

45 8 0.0577362

46 8 0.0464648

47 8 0.03501

48 8 0.023417

49 8 0.0117317

50 8 0

0 9 0

1 9 0.0130485

2 9 0.0260454

3 9 0.0389396

4 9 0.0516801

5 9 0.0642166

6 9 0.0764997

7 9 0.0884809

8 9 0.100113

9 9 0.11135

10 9 0.122147

11 9 0.132463

12 9 0.142255

13 9 0.151486

14 9 0.16012

15 9 0.168121

16 9 0.175459

17 9 0.182105

18 9 0.188031

19 9 0.193216

20 9 0.197638

21 9 0.201281

22 9 0.204128

23 9 0.206171

24 9 0.207399

25 9 0.207809

26 9 0.207399

27 9 0.206171

28 9 0.204128

29 9 0.201281

30 9 0.197638

31 9 0.193216

32 9 0.188031

33 9 0.182105

34 9 0.175459

35 9 0.168121

36 9 0.16012

37 9 0.151486

38 9 0.142255

39 9 0.132463

40 9 0.122147

41 9 0.11135

42 9 0.100113

43 9 0.0884809

44 9 0.0764997

45 9 0.0642166

46 9 0.0516801

47 9 0.0389396

48 9 0.0260454

49 9 0.0130485

50 9 0

0 10 0

1 10 0.0143137

2 10 0.028571

3 10 0.0427155

4 10 0.0566914

5 10 0.0704436

6 10 0.0839178

7 10 0.0970608

8 10 0.109821

9 10 0.122147

10 10 0.133992

11 10 0.145307

12 10 0.15605

13 10 0.166176

14 10 0.175646

15 10 0.184424

16 10 0.192473

17 10 0.199763

18 10 0.206265

19 10 0.211952

20 10 0.216803

21 10 0.220799

22 10 0.223923

23 10 0.226163

24 10 0.227511

25 10 0.22796

26 10 0.227511

27 10 0.226163

28 10 0.223923

29 10 0.220799

30 10 0.216803

31 10 0.211952

32 10 0.206265

33 10 0.199763

34 10 0.192473

35 10 0.184424

36 10 0.175646

37 10 0.166176

38 10 0.15605

39 10 0.145307

40 10 0.133992

41 10 0.122147

42 10 0.109821

43 10 0.0970608

44 10 0.0839178

45 10 0.0704436

46 10 0.0566914

47 10 0.0427155

48 10 0.028571

49 10 0.0143137

50 10 0

0 11 0

1 11 0.0155226

2 11 0.0309838

3 11 0.0463229

4 11 0.061479

5 11 0.0763926

6 11 0.0910047

7 11 0.105258

8 11 0.119095

9 11 0.132463

10 11 0.145307

11 11 0.157579

12 11 0.169228

13 11 0.18021

14 11 0.19048

15 11 0.199998

16 11 0.208728

17 11 0.216633

18 11 0.223684

19 11 0.229852

20 11 0.235112

21 11 0.239445

22 11 0.242833

23 11 0.245262

24 11 0.246724

25 11 0.247212

26 11 0.246724

27 11 0.245262

28 11 0.242833

29 11 0.239445

30 11 0.235112

31 11 0.229852

32 11 0.223684

33 11 0.216633

34 11 0.208728

35 11 0.199998

36 11 0.19048

37 11 0.18021

38 11 0.169228

39 11 0.157579

40 11 0.145307

41 11 0.132463

42 11 0.119095

43 11 0.105258

44 11 0.0910047

45 11 0.0763926

46 11 0.061479

47 11 0.0463229

48 11 0.0309838

49 11 0.0155226

50 11 0

0 12 0

1 12 0.0166701

2 12 0.0332744

3 12 0.0497474

4 12 0.066024

5 12 0.0820401

6 12 0.0977324

7 12 0.113039

8 12 0.1279

9 12 0.142255

10 12 0.15605

11 12 0.169228

12 12 0.181739

13 12 0.193532

14 12 0.204562

15 12 0.214784

16 12 0.224158

17 12 0.232648

18 12 0.24022

19 12 0.246844

20 12 0.252494

21 12 0.257147

22 12 0.260785

23 12 0.263394

24 12 0.264964

25 12 0.265487

26 12 0.264964

27 12 0.263394

28 12 0.260785

29 12 0.257147

30 12 0.252494

31 12 0.246844

32 12 0.24022

33 12 0.232648

34 12 0.224158

35 12 0.214784

36 12 0.204562

37 12 0.193532

38 12 0.181739

39 12 0.169228

40 12 0.15605

41 12 0.142255

42 12 0.1279

43 12 0.113039

44 12 0.0977324

45 12 0.0820401

46 12 0.066024

47 12 0.0497474

48 12 0.0332744

49 12 0.0166701

50 12 0

0 13 0

1 13 0.0177518

2 13 0.0354336

3 13 0.0529756

4 13 0.0703085

5 13 0.0873639

6 13 0.104074

7 13 0.120374

8 13 0.136199

9 13 0.151486

10 13 0.166176

11 13 0.18021

12 13 0.193532

13 13 0.206091

14 13 0.217836

15 13 0.228722

16 13 0.238704

17 13 0.247745

18 13 0.255809

19 13 0.262862

20 13 0.268878

21 13 0.273833

22 13 0.277708

23 13 0.280486

24 13 0.282158

25 13 0.282715

26 13 0.282158

27 13 0.280486

28 13 0.277708

29 13 0.273833

30 13 0.268878

31 13 0.262862

32 13 0.255809

33 13 0.247745

34 13 0.238704

35 13 0.228722

36 13 0.217836

37 13 0.206091

38 13 0.193532

39 13 0.18021

40 13 0.166176

41 13 0.151486

42 13 0.136199

43 13 0.120374

44 13 0.104074

45 13 0.0873639

46 13 0.0703085

47 13 0.0529756

48 13 0.0354336

49 13 0.0177518

50 13 0

0 14 0

1 14 0.0187635

2 14 0.037453

3 14 0.0559947

4 14 0.0743154

5 14 0.0923428

6 14 0.110006

7 14 0.127235

8 14 0.143961

9 14 0.16012

10 14 0.175646

11 14 0.19048

12 14 0.204562

13 14 0.217836

14 14 0.230251

15 14 0.241757

16 14 0.252308

17 14 0.261865

18 14 0.270387

19 14 0.277843

20 14 0.284202

21 14 0.289439

22 14 0.293535

23 14 0.296471

24 14 0.298238

25 14 0.298828

26 14 0.298238

27 14 0.296471

28 14 0.293535

29 14 0.289439

30 14 0.284202

31 14 0.277843

32 14 0.270387

33 14 0.261865

34 14 0.252308

35 14 0.241757

36 14 0.230251

37 14 0.217836

38 14 0.204562

39 14 0.19048

40 14 0.175646

41 14 0.16012

42 14 0.143961

43 14 0.127235

44 14 0.110006

45 14 0.0923428

46 14 0.0743154

47 14 0.0559947

48 14 0.037453

49 14 0.0187635

50 14 0

0 15 0

1 15 0.0197012

2 15 0.0393246

3 15 0.0587929

4 15 0.0780291

5 15 0.0969573

6 15 0.115503

7 15 0.133593

8 15 0.151155

9 15 0.168121

10 15 0.184424

11 15 0.199998

12 15 0.214784

13 15 0.228722

14 15 0.241757

15 15 0.253838

16 15 0.264917

17 15 0.27495

18 15 0.283899

19 15 0.291727

20 15 0.298404

21 15 0.303903

22 15 0.308203

23 15 0.311286

24 15 0.313141

25 15 0.31376

26 15 0.313141

27 15 0.311286

28 15 0.308203

29 15 0.303903

30 15 0.298404

31 15 0.291727

32 15 0.283899

33 15 0.27495

34 15 0.264917

35 15 0.253838

36 15 0.241757

37 15 0.228722

38 15 0.214784

39 15 0.199998

40 15 0.184424

41 15 0.168121

42 15 0.151155

43 15 0.133593

44 15 0.115503

45 15 0.0969573

46 15 0.0780291

47 15 0.0587929

48 15 0.0393246

49 15 0.0197012

50 15 0

0 16 0

1 16 0.0205611

2 16 0.041041

3 16 0.061359

4 16 0.0814348

5 16 0.101189

6 16 0.120544

7 16 0.139424

8 16 0.157753

9 16 0.175459

10 16 0.192473

11 16 0.208728

12 16 0.224158

13 16 0.238704

14 16 0.252308

15 16 0.264917

16 16 0.276479

17 16 0.286951

18 16 0.29629

19 16 0.30446

20 16 0.311428

21 16 0.317167

22 16 0.321655

23 16 0.324873

24 16 0.326809

25 16 0.327455

26 16 0.326809

27 16 0.324873

28 16 0.321655

29 16 0.317167

30 16 0.311428

31 16 0.30446

32 16 0.29629

33 16 0.286951

34 16 0.276479

35 16 0.264917

36 16 0.252308

37 16 0.238704

38 16 0.224158

39 16 0.208728

40 16 0.192473

41 16 0.175459

42 16 0.157753

43 16 0.139424

44 16 0.120544

45 16 0.101189

46 16 0.0814348

47 16 0.061359

48 16 0.041041

49 16 0.0205611

50 16 0

0 17 0

1 17 0.0213398

2 17 0.0425954

3 17 0.0636829

4 17 0.0845191

5 17 0.105022

6 17 0.12511

7 17 0.144704

8 17 0.163728

9 17 0.182105

10 17 0.199763

11 17 0.216633

12 17 0.232648

13 17 0.247745

14 17 0.261865

15 17 0.27495

16 17 0.286951

17 17 0.297819

18 17 0.307512

19 17 0.315991

20 17 0.323224

21 17 0.32918

22 17 0.333838

23 17 0.337178

24 17 0.339187

25 17 0.339857

26 17 0.339187

27 17 0.337178

28 17 0.333838

29 17 0.32918

30 17 0.323224

31 17 0.315991

32 17 0.307512

33 17 0.297819

34 17 0.286951

35 17 0.27495

36 17 0.261865

37 17 0.247745

38 17 0.232648

39 17 0.216633

40 17 0.199763

41 17 0.182105

42 17 0.163728

43 17 0.144704

44 17 0.12511

45 17 0.105022

46 17 0.0845191

47 17 0.0636829

48 17 0.0425954

49 17 0.0213398

50 17 0

0 18 0

1 18 0.0220344

2 18 0.0439817

3 18 0.0657556

4 18 0.0872699

5 18 0.10844

6 18 0.129182

7 18 0.149414

8 18 0.169056

9 18 0.188031

10 18 0.206265

11 18 0.223684

12 18 0.24022

13 18 0.255809

14 18 0.270387

15 18 0.283899

16 18 0.29629

17 18 0.307512

18 18 0.31752

19 18 0.326276

20 18 0.333743

21 18 0.339894

22 18 0.344703

23 18 0.348151

24 18 0.350226

25 18 0.350918

26 18 0.350226

27 18 0.348151

28 18 0.344703

29 18 0.339894

30 18 0.333743

31 18 0.326276

32 18 0.31752

33 18 0.307512

34 18 0.29629

35 18 0.283899

36 18 0.270387

37 18 0.255809

38 18 0.24022

39 18 0.223684

40 18 0.206265

41 18 0.188031

42 18 0.169056

43 18 0.149414

44 18 0.129182

45 18 0.10844

46 18 0.0872699

47 18 0.0657556

48 18 0.0439817

49 18 0.0220344

50 18 0

0 19 0

1 19 0.0226419

2 19 0.0451945

3 19 0.0675687

4 19 0.0896762

5 19 0.11143

6 19 0.132744

7 19 0.153534

8 19 0.173718

9 19 0.193216

10 19 0.211952

11 19 0.229852

12 19 0.246844

13 19 0.262862

14 19 0.277843

15 19 0.291727

16 19 0.30446

17 19 0.315991

18 19 0.326276

19 19 0.335272

20 19 0.342946

21 19 0.349266

22 19 0.354207

23 19 0.357751

24 19 0.359883

25 19 0.360595

26 19 0.359883

27 19 0.357751

28 19 0.354207

29 19 0.349266

30 19 0.342946

31 19 0.335272

32 19 0.326276

33 19 0.315991

34 19 0.30446

35 19 0.291727

36 19 0.277843

37 19 0.262862

38 19 0.246844

39 19 0.229852

40 19 0.211952

41 19 0.193216

42 19 0.173718

43 19 0.153534

44 19 0.132744

45 19 0.11143

46 19 0.0896762

47 19 0.0675687

48 19 0.0451945

49 19 0.0226419

50 19 0

0 20 0

1 20 0.0231601

2 20 0.0462289

3 20 0.0691151

4 20 0.0917287

5 20 0.11398

6 20 0.135782

7 20 0.157048

8 20 0.177694

9 20 0.197638

10 20 0.216803

11 20 0.235112

12 20 0.252494

13 20 0.268878

14 20 0.284202

15 20 0.298404

16 20 0.311428

17 20 0.323224

18 20 0.333743

19 20 0.342946

20 20 0.350795

21 20 0.35726

22 20 0.362314

23 20 0.365939

24 20 0.36812

25 20 0.368848

26 20 0.36812

27 20 0.365939

28 20 0.362314

29 20 0.35726

30 20 0.350795

31 20 0.342946

32 20 0.333743

33 20 0.323224

34 20 0.311428

35 20 0.298404

36 20 0.284202

37 20 0.268878

38 20 0.252494

39 20 0.235112

40 20 0.216803

41 20 0.197638

42 20 0.177694

43 20 0.157048

44 20 0.135782

45 20 0.11398

46 20 0.0917287

47 20 0.0691151

48 20 0.0462289

49 20 0.0231601

50 20 0

0 21 0

1 21 0.0235869

2 21 0.0470808

3 21 0.0703888

4 21 0.0934191

5 21 0.116081

6 21 0.138284

7 21 0.159942

8 21 0.180968

9 21 0.201281

10 21 0.220799

11 21 0.239445

12 21 0.257147

13 21 0.273833

14 21 0.289439

15 21 0.303903

16 21 0.317167

17 21 0.32918

18 21 0.339894

19 21 0.349266

20 21 0.35726

21 21 0.363843

22 21 0.368991

23 21 0.372683

24 21 0.374904

25 21 0.375645

26 21 0.374904

27 21 0.372683

28 21 0.368991

29 21 0.363843

30 21 0.35726

31 21 0.349266

32 21 0.339894

33 21 0.32918

34 21 0.317167

35 21 0.303903

36 21 0.289439

37 21 0.273833

38 21 0.257147

39 21 0.239445

40 21 0.220799

41 21 0.201281

42 21 0.180968

43 21 0.159942

44 21 0.138284

45 21 0.116081

46 21 0.0934191

47 21 0.0703888

48 21 0.0470808

49 21 0.0235869

50 21 0

0 22 0

1 22 0.0239207

2 22 0.0477469

3 22 0.0713847

4 22 0.0947408

5 22 0.117723

6 22 0.140241

7 22 0.162205

8 22 0.183529

9 22 0.204128

10 22 0.223923

11 22 0.242833

12 22 0.260785

13 22 0.277708

14 22 0.293535

15 22 0.308203

16 22 0.321655

17 22 0.333838

18 22 0.344703

19 22 0.354207

20 22 0.362314

21 22 0.368991

22 22 0.374212

23 22 0.377956

24 22 0.380208

25 22 0.38096

26 22 0.380208

27 22 0.377956

28 22 0.374212

29 22 0.368991

30 22 0.362314

31 22 0.354207

32 22 0.344703

33 22 0.333838

34 22 0.321655

35 22 0.308203

36 22 0.293535

37 22 0.277708

38 22 0.260785

39 22 0.242833

40 22 0.223923

41 22 0.204128

42 22 0.183529

43 22 0.162205

44 22 0.140241

45 22 0.117723

46 22 0.0947408

47 22 0.0713847

48 22 0.0477469

49 22 0.0239207

50 22 0

0 23 0

1 23 0.02416

2 23 0.0482246

3 23 0.0720989

4 23 0.0956887

5 23 0.118901

6 23 0.141644

7 23 0.163828

8 23 0.185365

9 23 0.206171

10 23 0.226163

11 23 0.245262

12 23 0.263394

13 23 0.280486

14 23 0.296471

15 23 0.311286

16 23 0.324873

17 23 0.337178

18 23 0.348151

19 23 0.357751

20 23 0.365939

21 23 0.372683

22 23 0.377956

23 23 0.381737

24 23 0.384012

25 23 0.384771

26 23 0.384012

27 23 0.381737

28 23 0.377956

29 23 0.372683

30 23 0.365939

31 23 0.357751

32 23 0.348151

33 23 0.337178

34 23 0.324873

35 23 0.311286

36 23 0.296471

37 23 0.280486

38 23 0.263394

39 23 0.245262

40 23 0.226163

41 23 0.206171

42 23 0.185365

43 23 0.163828

44 23 0.141644

45 23 0.118901

46 23 0.0956887

47 23 0.0720989

48 23 0.0482246

49 23 0.02416

50 23 0

0 24 0

1 24 0.0243039

2 24 0.048512

3 24 0.0725286

4 24 0.0962589

5 24 0.119609

6 24 0.142488

7 24 0.164804

8 24 0.18647

9 24 0.207399

10 24 0.227511

11 24 0.246724

12 24 0.264964

13 24 0.282158

14 24 0.298238

15 24 0.313141

16 24 0.326809

17 24 0.339187

18 24 0.350226

19 24 0.359883

20 24 0.36812

21 24 0.374904

22 24 0.380208

23 24 0.384012

24 24 0.3863

25 24 0.387064

26 24 0.3863

27 24 0.384012

28 24 0.380208

29 24 0.374904

30 24 0.36812

31 24 0.359883

32 24 0.350226

33 24 0.339187

34 24 0.326809

35 24 0.313141

36 24 0.298238

37 24 0.282158

38 24 0.264964

39 24 0.246724

40 24 0.227511

41 24 0.207399

42 24 0.18647

43 24 0.164804

44 24 0.142488

45 24 0.119609

46 24 0.0962589

47 24 0.0725286

48 24 0.048512

49 24 0.0243039

50 24 0

0 25 0

1 25 0.024352

2 25 0.0486079

3 25 0.072672

4 25 0.0964492

5 25 0.119846

6 25 0.142769

7 25 0.16513

8 25 0.186838

9 25 0.207809

10 25 0.22796

11 25 0.247212

12 25 0.265487

13 25 0.282715

14 25 0.298828

15 25 0.31376

16 25 0.327455

17 25 0.339857

18 25 0.350918

19 25 0.360595

20 25 0.368848

21 25 0.375645

22 25 0.38096

23 25 0.384771

24 25 0.387064

25 25 0.387829

26 25 0.387064

27 25 0.384771

28 25 0.38096

29 25 0.375645

30 25 0.368848

31 25 0.360595

32 25 0.350918

33 25 0.339857

34 25 0.327455

35 25 0.31376

36 25 0.298828

37 25 0.282715

38 25 0.265487

39 25 0.247212

40 25 0.22796

41 25 0.207809

42 25 0.186838

43 25 0.16513

44 25 0.142769

45 25 0.119846

46 25 0.0964492

47 25 0.072672

48 25 0.0486079

49 25 0.024352

50 25 0

0 26 0

1 26 0.0243039

2 26 0.048512

3 26 0.0725286

4 26 0.0962589

5 26 0.119609

6 26 0.142488

7 26 0.164804

8 26 0.18647

9 26 0.207399

10 26 0.227511

11 26 0.246724

12 26 0.264964

13 26 0.282158

14 26 0.298238

15 26 0.313141

16 26 0.326809

17 26 0.339187

18 26 0.350226

19 26 0.359883

20 26 0.36812

21 26 0.374904

22 26 0.380208

23 26 0.384012

24 26 0.3863

25 26 0.387064

26 26 0.3863

27 26 0.384012

28 26 0.380208

29 26 0.374904

30 26 0.36812

31 26 0.359883

32 26 0.350226

33 26 0.339187

34 26 0.326809

35 26 0.313141

36 26 0.298238

37 26 0.282158

38 26 0.264964

39 26 0.246724

40 26 0.227511

41 26 0.207399

42 26 0.18647

43 26 0.164804

44 26 0.142488

45 26 0.119609

46 26 0.0962589

47 26 0.0725286

48 26 0.048512

49 26 0.0243039

50 26 0

0 27 0

1 27 0.02416

2 27 0.0482246

3 27 0.0720989

4 27 0.0956887

5 27 0.118901

6 27 0.141644

7 27 0.163828

8 27 0.185365

9 27 0.206171

10 27 0.226163

11 27 0.245262

12 27 0.263394

13 27 0.280486

14 27 0.296471

15 27 0.311286

16 27 0.324873

17 27 0.337178

18 27 0.348151

19 27 0.357751

20 27 0.365939

21 27 0.372683

22 27 0.377956

23 27 0.381737

24 27 0.384012

25 27 0.384771

26 27 0.384012

27 27 0.381737

28 27 0.377956

29 27 0.372683

30 27 0.365939

31 27 0.357751

32 27 0.348151

33 27 0.337178

34 27 0.324873

35 27 0.311286

36 27 0.296471

37 27 0.280486

38 27 0.263394

39 27 0.245262

40 27 0.226163

41 27 0.206171

42 27 0.185365

43 27 0.163828

44 27 0.141644

45 27 0.118901

46 27 0.0956887

47 27 0.0720989

48 27 0.0482246

49 27 0.02416

50 27 0

0 28 0

1 28 0.0239207

2 28 0.0477469

3 28 0.0713847

4 28 0.0947408

5 28 0.117723

6 28 0.140241

7 28 0.162205

8 28 0.183529

9 28 0.204128

10 28 0.223923

11 28 0.242833

12 28 0.260785

13 28 0.277708

14 28 0.293535

15 28 0.308203

16 28 0.321655

17 28 0.333838

18 28 0.344703

19 28 0.354207

20 28 0.362314

21 28 0.368991

22 28 0.374212

23 28 0.377956

24 28 0.380208

25 28 0.38096

26 28 0.380208

27 28 0.377956

28 28 0.374212

29 28 0.368991

30 28 0.362314

31 28 0.354207

32 28 0.344703

33 28 0.333838

34 28 0.321655

35 28 0.308203

36 28 0.293535

37 28 0.277708

38 28 0.260785

39 28 0.242833

40 28 0.223923

41 28 0.204128

42 28 0.183529

43 28 0.162205

44 28 0.140241

45 28 0.117723

46 28 0.0947408

47 28 0.0713847

48 28 0.0477469

49 28 0.0239207

50 28 0

0 29 0

1 29 0.0235869

2 29 0.0470808

3 29 0.0703888

4 29 0.0934191

5 29 0.116081

6 29 0.138284

7 29 0.159942

8 29 0.180968

9 29 0.201281

10 29 0.220799

11 29 0.239445

12 29 0.257147

13 29 0.273833

14 29 0.289439

15 29 0.303903

16 29 0.317167

17 29 0.32918

18 29 0.339894

19 29 0.349266

20 29 0.35726

21 29 0.363843

22 29 0.368991

23 29 0.372683

24 29 0.374904

25 29 0.375645

26 29 0.374904

27 29 0.372683

28 29 0.368991

29 29 0.363843

30 29 0.35726

31 29 0.349266

32 29 0.339894

33 29 0.32918

34 29 0.317167

35 29 0.303903

36 29 0.289439

37 29 0.273833

38 29 0.257147

39 29 0.239445

40 29 0.220799

41 29 0.201281

42 29 0.180968

43 29 0.159942

44 29 0.138284

45 29 0.116081

46 29 0.0934191

47 29 0.0703888

48 29 0.0470808

49 29 0.0235869

50 29 0

0 30 0

1 30 0.0231601

2 30 0.0462289

3 30 0.0691151

4 30 0.0917287

5 30 0.11398

6 30 0.135782

7 30 0.157048

8 30 0.177694

9 30 0.197638

10 30 0.216803

11 30 0.235112

12 30 0.252494

13 30 0.268878

14 30 0.284202

15 30 0.298404

16 30 0.311428

17 30 0.323224

18 30 0.333743

19 30 0.342946

20 30 0.350795

21 30 0.35726

22 30 0.362314

23 30 0.365939

24 30 0.36812

25 30 0.368848

26 30 0.36812

27 30 0.365939

28 30 0.362314

29 30 0.35726

30 30 0.350795

31 30 0.342946

32 30 0.333743

33 30 0.323224

34 30 0.311428

35 30 0.298404

36 30 0.284202

37 30 0.268878

38 30 0.252494

39 30 0.235112

40 30 0.216803

41 30 0.197638

42 30 0.177694

43 30 0.157048

44 30 0.135782

45 30 0.11398

46 30 0.0917287

47 30 0.0691151

48 30 0.0462289

49 30 0.0231601

50 30 0

0 31 0

1 31 0.0226419

2 31 0.0451945

3 31 0.0675687

4 31 0.0896762

5 31 0.11143

6 31 0.132744

7 31 0.153534

8 31 0.173718

9 31 0.193216

10 31 0.211952

11 31 0.229852

12 31 0.246844

13 31 0.262862

14 31 0.277843

15 31 0.291727

16 31 0.30446

17 31 0.315991

18 31 0.326276

19 31 0.335272

20 31 0.342946

21 31 0.349266

22 31 0.354207

23 31 0.357751

24 31 0.359883

25 31 0.360595

26 31 0.359883

27 31 0.357751

28 31 0.354207

29 31 0.349266

30 31 0.342946

31 31 0.335272

32 31 0.326276

33 31 0.315991

34 31 0.30446

35 31 0.291727

36 31 0.277843

37 31 0.262862

38 31 0.246844

39 31 0.229852

40 31 0.211952

41 31 0.193216

42 31 0.173718

43 31 0.153534

44 31 0.132744

45 31 0.11143

46 31 0.0896762

47 31 0.0675687

48 31 0.0451945

49 31 0.0226419

50 31 0

0 32 0

1 32 0.0220344

2 32 0.0439817

3 32 0.0657556

4 32 0.0872699

5 32 0.10844

6 32 0.129182

7 32 0.149414

8 32 0.169056

9 32 0.188031

10 32 0.206265

11 32 0.223684

12 32 0.24022

13 32 0.255809

14 32 0.270387

15 32 0.283899

16 32 0.29629

17 32 0.307512

18 32 0.31752

19 32 0.326276

20 32 0.333743

21 32 0.339894

22 32 0.344703

23 32 0.348151

24 32 0.350226

25 32 0.350918

26 32 0.350226

27 32 0.348151

28 32 0.344703

29 32 0.339894

30 32 0.333743

31 32 0.326276

32 32 0.31752

33 32 0.307512

34 32 0.29629

35 32 0.283899

36 32 0.270387

37 32 0.255809

38 32 0.24022

39 32 0.223684

40 32 0.206265

41 32 0.188031

42 32 0.169056

43 32 0.149414

44 32 0.129182

45 32 0.10844

46 32 0.0872699

47 32 0.0657556

48 32 0.0439817

49 32 0.0220344

50 32 0

0 33 0

1 33 0.0213398

2 33 0.0425954

3 33 0.0636829

4 33 0.0845191

5 33 0.105022

6 33 0.12511

7 33 0.144704

8 33 0.163728

9 33 0.182105

10 33 0.199763

11 33 0.216633

12 33 0.232648

13 33 0.247745

14 33 0.261865

15 33 0.27495

16 33 0.286951

17 33 0.297819

18 33 0.307512

19 33 0.315991

20 33 0.323224

21 33 0.32918

22 33 0.333838

23 33 0.337178

24 33 0.339187

25 33 0.339857

26 33 0.339187

27 33 0.337178

28 33 0.333838

29 33 0.32918

30 33 0.323224

31 33 0.315991

32 33 0.307512

33 33 0.297819

34 33 0.286951

35 33 0.27495

36 33 0.261865

37 33 0.247745

38 33 0.232648

39 33 0.216633

40 33 0.199763

41 33 0.182105

42 33 0.163728

43 33 0.144704

44 33 0.12511

45 33 0.105022

46 33 0.0845191

47 33 0.0636829

48 33 0.0425954

49 33 0.0213398

50 33 0

0 34 0

1 34 0.0205611

2 34 0.041041

3 34 0.061359

4 34 0.0814348

5 34 0.101189

6 34 0.120544

7 34 0.139424

8 34 0.157753

9 34 0.175459

10 34 0.192473

11 34 0.208728

12 34 0.224158

13 34 0.238704

14 34 0.252308

15 34 0.264917

16 34 0.276479

17 34 0.286951

18 34 0.29629

19 34 0.30446

20 34 0.311428

21 34 0.317167

22 34 0.321655

23 34 0.324873

24 34 0.326809

25 34 0.327455

26 34 0.326809

27 34 0.324873

28 34 0.321655

29 34 0.317167

30 34 0.311428

31 34 0.30446

32 34 0.29629

33 34 0.286951

34 34 0.276479

35 34 0.264917

36 34 0.252308

37 34 0.238704

38 34 0.224158

39 34 0.208728

40 34 0.192473

41 34 0.175459

42 34 0.157753

43 34 0.139424

44 34 0.120544

45 34 0.101189

46 34 0.0814348

47 34 0.061359

48 34 0.041041

49 34 0.0205611

50 34 0

0 35 0

1 35 0.0197012

2 35 0.0393246

3 35 0.0587929

4 35 0.0780291

5 35 0.0969573

6 35 0.115503

7 35 0.133593

8 35 0.151155

9 35 0.168121

10 35 0.184424

11 35 0.199998

12 35 0.214784

13 35 0.228722

14 35 0.241757

15 35 0.253838

16 35 0.264917

17 35 0.27495

18 35 0.283899

19 35 0.291727

20 35 0.298404

21 35 0.303903

22 35 0.308203

23 35 0.311286

24 35 0.313141

25 35 0.31376

26 35 0.313141

27 35 0.311286

28 35 0.308203

29 35 0.303903

30 35 0.298404

31 35 0.291727

32 35 0.283899

33 35 0.27495

34 35 0.264917

35 35 0.253838

36 35 0.241757

37 35 0.228722

38 35 0.214784

39 35 0.199998

40 35 0.184424

41 35 0.168121

42 35 0.151155

43 35 0.133593

44 35 0.115503

45 35 0.0969573

46 35 0.0780291

47 35 0.0587929

48 35 0.0393246

49 35 0.0197012

50 35 0

0 36 0

1 36 0.0187635

2 36 0.037453

3 36 0.0559947

4 36 0.0743154

5 36 0.0923428

6 36 0.110006

7 36 0.127235

8 36 0.143961

9 36 0.16012

10 36 0.175646

11 36 0.19048

12 36 0.204562

13 36 0.217836

14 36 0.230251

15 36 0.241757

16 36 0.252308

17 36 0.261865

18 36 0.270387

19 36 0.277843

20 36 0.284202

21 36 0.289439

22 36 0.293535

23 36 0.296471

24 36 0.298238

25 36 0.298828

26 36 0.298238

27 36 0.296471

28 36 0.293535

29 36 0.289439

30 36 0.284202

31 36 0.277843

32 36 0.270387

33 36 0.261865

34 36 0.252308

35 36 0.241757

36 36 0.230251

37 36 0.217836

38 36 0.204562

39 36 0.19048

40 36 0.175646

41 36 0.16012

42 36 0.143961

43 36 0.127235

44 36 0.110006

45 36 0.0923428

46 36 0.0743154

47 36 0.0559947

48 36 0.037453

49 36 0.0187635

50 36 0

0 37 0

1 37 0.0177518

2 37 0.0354336

3 37 0.0529756

4 37 0.0703085

5 37 0.0873639

6 37 0.104074

7 37 0.120374

8 37 0.136199

9 37 0.151486

10 37 0.166176

11 37 0.18021

12 37 0.193532

13 37 0.206091

14 37 0.217836

15 37 0.228722

16 37 0.238704

17 37 0.247745

18 37 0.255809

19 37 0.262862

20 37 0.268878

21 37 0.273833

22 37 0.277708

23 37 0.280486

24 37 0.282158

25 37 0.282715

26 37 0.282158

27 37 0.280486

28 37 0.277708

29 37 0.273833

30 37 0.268878

31 37 0.262862

32 37 0.255809

33 37 0.247745

34 37 0.238704

35 37 0.228722

36 37 0.217836

37 37 0.206091

38 37 0.193532

39 37 0.18021

40 37 0.166176

41 37 0.151486

42 37 0.136199

43 37 0.120374

44 37 0.104074

45 37 0.0873639

46 37 0.0703085

47 37 0.0529756

48 37 0.0354336

49 37 0.0177518

50 37 0

0 38 0

1 38 0.0166701

2 38 0.0332744

3 38 0.0497474

4 38 0.066024

5 38 0.0820401

6 38 0.0977324

7 38 0.113039

8 38 0.1279

9 38 0.142255

10 38 0.15605

11 38 0.169228

12 38 0.181739

13 38 0.193532

14 38 0.204562

15 38 0.214784

16 38 0.224158

17 38 0.232648

18 38 0.24022

19 38 0.246844

20 38 0.252494

21 38 0.257147

22 38 0.260785

23 38 0.263394

24 38 0.264964

25 38 0.265487

26 38 0.264964

27 38 0.263394

28 38 0.260785

29 38 0.257147

30 38 0.252494

31 38 0.246844

32 38 0.24022

33 38 0.232648

34 38 0.224158

35 38 0.214784

36 38 0.204562

37 38 0.193532

38 38 0.181739

39 38 0.169228

40 38 0.15605

41 38 0.142255

42 38 0.1279

43 38 0.113039

44 38 0.0977324

45 38 0.0820401

46 38 0.066024

47 38 0.0497474

48 38 0.0332744

49 38 0.0166701

50 38 0

0 39 0

1 39 0.0155226

2 39 0.0309838

3 39 0.0463229

4 39 0.061479

5 39 0.0763926

6 39 0.0910047

7 39 0.105258

8 39 0.119095

9 39 0.132463

10 39 0.145307

11 39 0.157579

12 39 0.169228

13 39 0.18021

14 39 0.19048

15 39 0.199998

16 39 0.208728

17 39 0.216633

18 39 0.223684

19 39 0.229852

20 39 0.235112

21 39 0.239445

22 39 0.242833

23 39 0.245262

24 39 0.246724

25 39 0.247212

26 39 0.246724

27 39 0.245262

28 39 0.242833

29 39 0.239445

30 39 0.235112

31 39 0.229852

32 39 0.223684

33 39 0.216633

34 39 0.208728

35 39 0.199998

36 39 0.19048

37 39 0.18021

38 39 0.169228

39 39 0.157579

40 39 0.145307

41 39 0.132463

42 39 0.119095

43 39 0.105258

44 39 0.0910047

45 39 0.0763926

46 39 0.061479

47 39 0.0463229

48 39 0.0309838

49 39 0.0155226

50 39 0

0 40 0

1 40 0.0143137

2 40 0.028571

3 40 0.0427155

4 40 0.0566914

5 40 0.0704436

6 40 0.0839178

7 40 0.0970608

8 40 0.109821

9 40 0.122147

10 40 0.133992

11 40 0.145307

12 40 0.15605

13 40 0.166176

14 40 0.175646

15 40 0.184424

16 40 0.192473

17 40 0.199763

18 40 0.206265

19 40 0.211952

20 40 0.216803

21 40 0.220799

22 40 0.223923

23 40 0.226163

24 40 0.227511

25 40 0.22796

26 40 0.227511

27 40 0.226163

28 40 0.223923

29 40 0.220799

30 40 0.216803

31 40 0.211952

32 40 0.206265

33 40 0.199763

34 40 0.192473

35 40 0.184424

36 40 0.175646

37 40 0.166176

38 40 0.15605

39 40 0.145307

40 40 0.133992

41 40 0.122147

42 40 0.109821

43 40 0.0970608

44 40 0.0839178

45 40 0.0704436

46 40 0.0566914

47 40 0.0427155

48 40 0.028571

49 40 0.0143137

50 40 0

0 41 0

1 41 0.0130485

2 41 0.0260454

3 41 0.0389396

4 41 0.0516801

5 41 0.0642166

6 41 0.0764997

7 41 0.0884809

8 41 0.100113

9 41 0.11135

10 41 0.122147

11 41 0.132463

12 41 0.142255

13 41 0.151486

14 41 0.16012

15 41 0.168121

16 41 0.175459

17 41 0.182105

18 41 0.188031

19 41 0.193216

20 41 0.197638

21 41 0.201281

22 41 0.204128

23 41 0.206171

24 41 0.207399

25 41 0.207809

26 41 0.207399

27 41 0.206171

28 41 0.204128

29 41 0.201281

30 41 0.197638

31 41 0.193216

32 41 0.188031

33 41 0.182105

34 41 0.175459

35 41 0.168121

36 41 0.16012

37 41 0.151486

38 41 0.142255

39 41 0.132463

40 41 0.122147

41 41 0.11135

42 41 0.100113

43 41 0.0884809

44 41 0.0764997

45 41 0.0642166

46 41 0.0516801

47 41 0.0389396

48 41 0.0260454

49 41 0.0130485

50 41 0

0 42 0

1 42 0.0117317

2 42 0.023417

3 42 0.03501

4 42 0.0464648

5 42 0.0577362

6 42 0.0687797

7 42 0.0795518

8 42 0.09001

9 42 0.100113

10 42 0.109821

11 42 0.119095

12 42 0.1279

13 42 0.136199

14 42 0.143961

15 42 0.151155

16 42 0.157753

17 42 0.163728

18 42 0.169056

19 42 0.173718

20 42 0.177694

21 42 0.180968

22 42 0.183529

23 42 0.185365

24 42 0.18647

25 42 0.186838

26 42 0.18647

27 42 0.185365

28 42 0.183529

29 42 0.180968

30 42 0.177694

31 42 0.173718

32 42 0.169056

33 42 0.163728

34 42 0.157753

35 42 0.151155

36 42 0.143961

37 42 0.136199

38 42 0.1279

39 42 0.119095

40 42 0.109821

41 42 0.100113

42 42 0.09001

43 42 0.0795518

44 42 0.0687797

45 42 0.0577362

46 42 0.0464648

47 42 0.03501

48 42 0.023417

49 42 0.0117317

50 42 0

0 43 0

1 43 0.0103686

2 43 0.0206962

3 43 0.0309422

4 43 0.0410661

5 43 0.0510279

6 43 0.0607883

7 43 0.0703088

8 43 0.0795518

9 43 0.0884809

10 43 0.0970608

11 43 0.105258

12 43 0.113039

13 43 0.120374

14 43 0.127235

15 43 0.133593

16 43 0.139424

17 43 0.144704

18 43 0.149414

19 43 0.153534

20 43 0.157048

21 43 0.159942

22 43 0.162205

23 43 0.163828

24 43 0.164804

25 43 0.16513

26 43 0.164804

27 43 0.163828

28 43 0.162205

29 43 0.159942

30 43 0.157048

31 43 0.153534

32 43 0.149414

33 43 0.144704

34 43 0.139424

35 43 0.133593

36 43 0.127235

37 43 0.120374

38 43 0.113039

39 43 0.105258

40 43 0.0970608

41 43 0.0884809

42 43 0.0795518

43 43 0.0703088

44 43 0.0607883

45 43 0.0510279

46 43 0.0410661

47 43 0.0309422

48 43 0.0206962

49 43 0.0103686

50 43 0

0 44 0

1 44 0.00896457

2 44 0.0178938

3 44 0.0267523

4 44 0.0355053

5 44 0.0441182

6 44 0.052557

7 44 0.0607883

8 44 0.0687797

9 44 0.0764997

10 44 0.0839178

11 44 0.0910047

12 44 0.0977324

13 44 0.104074

14 44 0.110006

15 44 0.115503

16 44 0.120544

17 44 0.12511

18 44 0.129182

19 44 0.132744

20 44 0.135782

21 44 0.138284

22 44 0.140241

23 44 0.141644

24 44 0.142488

25 44 0.142769

26 44 0.142488

27 44 0.141644

28 44 0.140241

29 44 0.138284

30 44 0.135782

31 44 0.132744

32 44 0.129182

33 44 0.12511

34 44 0.120544

35 44 0.115503

36 44 0.110006

37 44 0.104074

38 44 0.0977324

39 44 0.0910047

40 44 0.0839178

41 44 0.0764997

42 44 0.0687797

43 44 0.0607883

44 44 0.052557

45 44 0.0441182

46 44 0.0355053

47 44 0.0267523

48 44 0.0178938

49 44 0.00896457

50 44 0

0 45 0

1 45 0.00752518

2 45 0.0150207

3 45 0.0224569

4 45 0.0298044

5 45 0.0370344

6 45 0.0441182

7 45 0.0510279

8 45 0.0577362

9 45 0.0642166

10 45 0.0704436

11 45 0.0763926

12 45 0.0820401

13 45 0.0873639

14 45 0.0923428

15 45 0.0969573

16 45 0.101189

17 45 0.105022

18 45 0.10844

19 45 0.11143

20 45 0.11398

21 45 0.116081

22 45 0.117723

23 45 0.118901

24 45 0.119609

25 45 0.119846

26 45 0.119609

27 45 0.118901

28 45 0.117723

29 45 0.116081

30 45 0.11398

31 45 0.11143

32 45 0.10844

33 45 0.105022

34 45 0.101189

35 45 0.0969573

36 45 0.0923428

37 45 0.0873639

38 45 0.0820401

39 45 0.0763926

40 45 0.0704436

41 45 0.0642166

42 45 0.0577362

43 45 0.0510279

44 45 0.0441182

45 45 0.0370344

46 45 0.0298044

47 45 0.0224569

48 45 0.0150207

49 45 0.00752518

50 45 0

0 46 0

1 46 0.0060561

2 46 0.0120883

3 46 0.0180728

4 46 0.0239859

5 46 0.0298044

6 46 0.0355053

7 46 0.0410661

8 46 0.0464648

9 46 0.0516801

10 46 0.0566914

11 46 0.061479

12 46 0.066024

13 46 0.0703085

14 46 0.0743154

15 46 0.0780291

16 46 0.0814348

17 46 0.0845191

18 46 0.0872699

19 46 0.0896762

20 46 0.0917287

21 46 0.0934191

22 46 0.0947408

23 46 0.0956887

24 46 0.0962589

25 46 0.0964492

26 46 0.0962589

27 46 0.0956887

28 46 0.0947408

29 46 0.0934191

30 46 0.0917287

31 46 0.0896762

32 46 0.0872699

33 46 0.0845191

34 46 0.0814348

35 46 0.0780291

36 46 0.0743154

37 46 0.0703085

38 46 0.066024

39 46 0.061479

40 46 0.0566914

41 46 0.0516801

42 46 0.0464648

43 46 0.0410661

44 46 0.0355053

45 46 0.0298044

46 46 0.0239859

47 46 0.0180728

48 46 0.0120883

49 46 0.0060561

50 46 0

0 47 0

1 47 0.00456311

2 47 0.00910821

3 47 0.0136174

4 47 0.0180728

5 47 0.0224569

6 47 0.0267523

7 47 0.0309422

8 47 0.03501

9 47 0.0389396

10 47 0.0427155

11 47 0.0463229

12 47 0.0497474

13 47 0.0529756

14 47 0.0559947

15 47 0.0587929

16 47 0.061359

17 47 0.0636829

18 47 0.0657556

19 47 0.0675687

20 47 0.0691151

21 47 0.0703888

22 47 0.0713847

23 47 0.0720989

24 47 0.0725286

25 47 0.072672

26 47 0.0725286

27 47 0.0720989

28 47 0.0713847

29 47 0.0703888

30 47 0.0691151

31 47 0.0675687

32 47 0.0657556

33 47 0.0636829

34 47 0.061359

35 47 0.0587929

36 47 0.0559947

37 47 0.0529756

38 47 0.0497474

39 47 0.0463229

40 47 0.0427155

41 47 0.0389396

42 47 0.03501

43 47 0.0309422

44 47 0.0267523

45 47 0.0224569

46 47 0.0180728

47 47 0.0136174

48 47 0.00910821

49 47 0.00456311

50 47 0

0 48 0

1 48 0.00305212

2 48 0.00609219

3 48 0.00910821

4 48 0.0120883

5 48 0.0150207

6 48 0.0178938

7 48 0.0206962

8 48 0.023417

9 48 0.0260454

10 48 0.028571

11 48 0.0309838

12 48 0.0332744

13 48 0.0354336

14 48 0.037453

15 48 0.0393246

16 48 0.041041

17 48 0.0425954

18 48 0.0439817

19 48 0.0451945

20 48 0.0462289

21 48 0.0470808

22 48 0.0477469

23 48 0.0482246

24 48 0.048512

25 48 0.0486079

26 48 0.048512

27 48 0.0482246

28 48 0.0477469

29 48 0.0470808

30 48 0.0462289

31 48 0.0451945

32 48 0.0439817

33 48 0.0425954

34 48 0.041041

35 48 0.0393246

36 48 0.037453

37 48 0.0354336

38 48 0.0332744

39 48 0.0309838

40 48 0.028571

41 48 0.0260454

42 48 0.023417

43 48 0.0206962

44 48 0.0178938

45 48 0.0150207

46 48 0.0120883

47 48 0.00910821

48 48 0.00609219

49 48 0.00305212

50 48 0

0 49 0

1 49 0.00152907

2 49 0.00305212

3 49 0.00456311

4 49 0.0060561

5 49 0.00752518

6 49 0.00896457

7 49 0.0103686

8 49 0.0117317

9 49 0.0130485

10 49 0.0143137

11 49 0.0155226

12 49 0.0166701

13 49 0.0177518

14 49 0.0187635

15 49 0.0197012

16 49 0.0205611

17 49 0.0213398

18 49 0.0220344

19 49 0.0226419

20 49 0.0231601

21 49 0.0235869

22 49 0.0239207

23 49 0.02416

24 49 0.0243039

25 49 0.024352

26 49 0.0243039

27 49 0.02416

28 49 0.0239207

29 49 0.0235869

30 49 0.0231601

31 49 0.0226419

32 49 0.0220344

33 49 0.0213398

34 49 0.0205611

35 49 0.0197012

36 49 0.0187635

37 49 0.0177518

38 49 0.0166701

39 49 0.0155226

40 49 0.0143137

41 49 0.0130485

42 49 0.0117317

43 49 0.0103686

44 49 0.00896457

45 49 0.00752518

46 49 0.0060561

47 49 0.00456311

48 49 0.00305212

49 49 0.00152907

50 49 0

