0 1 0

1 1 0.000212535

2 1 0.000424231

3 1 0.000634253

4 1 0.000841771

5 1 0.00104597

6 1 0.00124604

7 1 0.00144119

8 1 0.00163065

9 1 0.00181368

10 1 0.00198955

11 1 0.00215757

12 1 0.00231707

13 1 0.00246743

14 1 0.00260805

15 1 0.00273838

16 1 0.0028579

17 1 0.00296614

18 1 0.00306268

19 1 0.00314713

20 1 0.00321916

21 1 0.00327848

22 1 0.00332487

23 1 0.00335813

24 1 0.00337814

25 1 0.00338482

26 1 0.00337814

27 1 0.00335813

28 1 0.00332487

29 1 0.00327848

30 1 0.00321916

31 1 0.00314713

32 1 0.00306268

33 1 0.00296614

34 1 0.0028579

35 1 0.00273838

36 1 0.00260805

37 1 0.00246743

38 1 0.00231707

39 1 0.00215757

40 1 0.00198955

41 1 0.00181368

42 1 0.00163065

43 1 0.00144119

44 1 0.00124604

45 1 0.00104597

46 1 0.000841771

47 1 0.000634253

48 1 0.000424231

49 1 0.000212535

50 1 0

0 2 0

1 2 0.000424231

2 2 0.000846787

3 2 0.001266

4 2 0.00168022

5 2 0.00208781

6 2 0.00248716

7 2 0.00287669

8 2 0.00325487

9 2 0.0036202

10 2 0.00397125

11 2 0.00430662

12 2 0.004625

13 2 0.00492512

14 2 0.00520581

15 2 0.00546595

16 2 0.00570452

17 2 0.00592058

18 2 0.00611327

19 2 0.00628184

20 2 0.00642561

21 2 0.00654403

22 2 0.00663661

23 2 0.00670301

24 2 0.00674296

25 2 0.00675629

26 2 0.00674296

27 2 0.00670301

28 2 0.00663661

29 2 0.00654403

30 2 0.00642561

31 2 0.00628184

32 2 0.00611327

33 2 0.00592058

34 2 0.00570452

35 2 0.00546595

36 2 0.00520581

37 2 0.00492512

38 2 0.004625

39 2 0.00430662

40 2 0.00397125

41 2 0.0036202

42 2 0.00325487

43 2 0.00287669

44 2 0.00248716

45 2 0.00208781

46 2 0.00168022

47 2 0.001266

48 2 0.000846787

49 2 0.000424231

50 2 0

0 3 0

1 3 0.000634253

2 3 0.001266

3 3 0.00189276

4 3 0.00251204

5 3 0.00312141

6 3 0.00371846

7 3 0.00430083

8 3 0.00486624

9 3 0.00541243

10 3 0.00593727

11 3 0.00643868

12 3 0.00691467

13 3 0.00736338

14 3 0.00778302

15 3 0.00817195

16 3 0.00852863

17 3 0.00885165

18 3 0.00913974

19 3 0.00939175

20 3 0.0096067

21 3 0.00978374

22 3 0.00992217

23 3 0.0100214

24 3 0.0100812

25 3 0.0101011

26 3 0.0100812

27 3 0.0100214

28 3 0.00992217

29 3 0.00978374

30 3 0.0096067

31 3 0.00939175

32 3 0.00913974

33 3 0.00885165

34 3 0.00852863

35 3 0.00817195

36 3 0.00778302

37 3 0.00736338

38 3 0.00691467

39 3 0.00643868

40 3 0.00593727

41 3 0.00541243

42 3 0.00486624

43 3 0.00430083

44 3 0.00371846

45 3 0.00312141

46 3 0.00251204

47 3 0.00189276

48 3 0.001266

49 3 0.000634253

50 3 0

0 4 0

1 4 0.000841771

2 4 0.00168022

3 4 0.00251204

4 4 0.00333394

5 4 0.00414269

6 4 0.00493509

7 4 0.00570801

8 4 0.0064584

9 4 0.00718331

10 4 0.00787986

11 4 0.00854532

12 4 0.00917705

13 4 0.00977257

14 4 0.0103295

15 4 0.0108457

16 4 0.0113191

17 4 0.0117478

18 4 0.0121301

19 4 0.0124646

20 4 0.0127499

21 4 0.0129848

22 4 0.0131686

23 4 0.0133003

24 4 0.0133796

25 4 0.013406

26 4 0.0133796

27 4 0.0133003

28 4 0.0131686

29 4 0.0129848

30 4 0.0127499

31 4 0.0124646

32 4 0.0121301

33 4 0.0117478

34 4 0.0113191

35 4 0.0108457

36 4 0.0103295

37 4 0.00977257

38 4 0.00917705

39 4 0.00854532

40 4 0.00787986

41 4 0.00718331

42 4 0.0064584

43 4 0.00570801

44 4 0.00493509

45 4 0.00414269

46 4 0.00333394

47 4 0.00251204

48 4 0.00168022

49 4 0.000841771

50 4 0

0 5 0

1 5 0.00104597

2 5 0.00208781

3 5 0.00312141

4 5 0.00414269

5 5 0.00514762

6 5 0.00613224

7 5 0.00709265

8 5 0.00802508

9 5 0.00892583

10 5 0.00979136

11 5 0.0106182

12 5 0.0114032

13 5 0.0121432

14 5 0.0128352

15 5 0.0134766

16 5 0.0140649

17 5 0.0145976

18 5 0.0150727

19 5 0.0154883

20 5 0.0158427

21 5 0.0161347

22 5 0.016363

23 5 0.0165267

24 5 0.0166252

25 5 0.0166581

26 5 0.0166252

27 5 0.0165267

28 5 0.016363

29 5 0.0161347

30 5 0.0158427

31 5 0.0154883

32 5 0.0150727

33 5 0.0145976

34 5 0.0140649

35 5 0.0134766

36 5 0.0128352

37 5 0.0121432

38 5 0.0114032

39 5 0.0106182

40 5 0.00979136

41 5 0.00892583

42 5 0.00802508

43 5 0.00709265

44 5 0.00613224

45 5 0.00514762

46 5 0.00414269

47 5 0.00312141

48 5 0.00208781

49 5 0.00104597

50 5 0

0 6 0

1 6 0.00124604

2 6 0.00248716

3 6 0.00371846

4 6 0.00493509

5 6 0.00613224

6 6 0.00730519

7 6 0.00844931

8 6 0.00956008

9 6 0.0106331

10 6 0.0116642

11 6 0.0126493

12 6 0.0135844

13 6 0.0144659

14 6 0.0152903

15 6 0.0160544

16 6 0.0167551

17 6 0.0173897

18 6 0.0179557

19 6 0.0184508

20 6 0.0188731

21 6 0.0192209

22 6 0.0194928

23 6 0.0196879

24 6 0.0198052

25 6 0.0198443

26 6 0.0198052

27 6 0.0196879

28 6 0.0194928

29 6 0.0192209

30 6 0.0188731

31 6 0.0184508

32 6 0.0179557

33 6 0.0173897

34 6 0.0167551

35 6 0.0160544

36 6 0.0152903

37 6 0.0144659

38 6 0.0135844

39 6 0.0126493

40 6 0.0116642

41 6 0.0106331

42 6 0.00956008

43 6 0.00844931

44 6 0.00730519

45 6 0.00613224

46 6 0.00493509

47 6 0.00371846

48 6 0.00248716

49 6 0.00124604

50 6 0

0 7 0

1 7 0.00144119

2 7 0.00287669

3 7 0.00430083

4 7 0.00570801

5 7 0.00709265

6 7 0.00844931

7 7 0.00977262

8 7 0.0110574

9 7 0.0122985

10 7 0.013491

11 7 0.0146304

12 7 0.0157119

13 7 0.0167315

14 7 0.0176851

15 7 0.0185688

16 7 0.0193793

17 7 0.0201133

18 7 0.0207679

19 7 0.0213405

20 7 0.0218289

21 7 0.0222312

22 7 0.0225458

23 7 0.0227713

24 7 0.022907

25 7 0.0229523

26 7 0.022907

27 7 0.0227713

28 7 0.0225458

29 7 0.0222312

30 7 0.0218289

31 7 0.0213405

32 7 0.0207679

33 7 0.0201133

34 7 0.0193793

35 7 0.0185688

36 7 0.0176851

37 7 0.0167315

38 7 0.0157119

39 7 0.0146304

40 7 0.013491

41 7 0.0122985

42 7 0.0110574

43 7 0.00977262

44 7 0.00844931

45 7 0.00709265

46 7 0.00570801

47 7 0.00430083

48 7 0.00287669

49 7 0.00144119

50 7 0

0 8 0

1 8 0.00163065

2 8 0.00325487

3 8 0.00486624

4 8 0.0064584

5 8 0.00802508

6 8 0.00956008

7 8 0.0110574

8 8 0.012511

9 8 0.0139153

10 8 0.0152646

11 8 0.0165537

12 8 0.0177775

13 8 0.0189311

14 8 0.02001

15 8 0.0210099

16 8 0.0219269

17 8 0.0227574

18 8 0.0234981

19 8 0.024146

20 8 0.0246986

21 8 0.0251538

22 8 0.0255097

23 8 0.0257649

24 8 0.0259185

25 8 0.0259697

26 8 0.0259185

27 8 0.0257649

28 8 0.0255097

29 8 0.0251538

30 8 0.0246986

31 8 0.024146

32 8 0.0234981

33 8 0.0227574

34 8 0.0219269

35 8 0.0210099

36 8 0.02001

37 8 0.0189311

38 8 0.0177775

39 8 0.0165537

40 8 0.0152646

41 8 0.0139153

42 8 0.012511

43 8 0.0110574

44 8 0.00956008

45 8 0.00802508

46 8 0.0064584

47 8 0.00486624

48 8 0.00325487

49 8 0.00163065

50 8 0

0 9 0

1 9 0.00181368

2 9 0.0036202

3 9 0.00541243

4 9 0.00718331

5 9 0.00892583

6 9 0.0106331

7 9 0.0122985

8 9 0.0139153

9 9 0.0154771

10 9 0.0169779

11 9 0.0184117

12 9 0.0197729

13 9 0.021056

14 9 0.022256

15 9 0.0233681

16 9 0.0243881

17 9 0.0253118

18 9 0.0261356

19 9 0.0268562

20 9 0.0274709

21 9 0.0279771

22 9 0.028373

23 9 0.0286568

24 9 0.0288276

25 9 0.0288846

26 9 0.0288276

27 9 0.0286568

28 9 0.028373

29 9 0.0279771

30 9 0.0274709

31 9 0.0268562

32 9 0.0261356

33 9 0.0253118

34 9 0.0243881

35 9 0.0233681

36 9 0.022256

37 9 0.021056

38 9 0.0197729

39 9 0.0184117

40 9 0.0169779

41 9 0.0154771

42 9 0.0139153

43 9 0.0122985

44 9 0.0106331

45 9 0.00892583

46 9 0.00718331

47 9 0.00541243

48 9 0.0036202

49 9 0.00181368

50 9 0

0 10 0

1 10 0.00198955

2 10 0.00397125

3 10 0.00593727

4 10 0.00787986

5 10 0.00979136

6 10 0.0116642

7 10 0.013491

8 10 0.0152646

9 10 0.0169779

10 10 0.0186243

11 10 0.0201971

12 10 0.0216902

13 10 0.0230977

14 10 0.0244141

15 10 0.0256341

16 10 0.026753

17 10 0.0277662

18 10 0.0286699

19 10 0.0294604

20 10 0.0301347

21 10 0.03069

22 10 0.0311243

23 10 0.0314356

24 10 0.031623

25 10 0.0316855

26 10 0.031623

27 10 0.0314356

28 10 0.0311243

29 10 0.03069

30 10 0.0301347

31 10 0.0294604

32 10 0.0286699

33 10 0.0277662

34 10 0.026753

35 10 0.0256341

36 10 0.0244141

37 10 0.0230977

38 10 0.0216902

39 10 0.0201971

40 10 0.0186243

41 10 0.0169779

42 10 0.0152646

43 10 0.013491

44 10 0.0116642

45 10 0.00979136

46 10 0.00787986

47 10 0.00593727

48 10 0.00397125

49 10 0.00198955

50 10 0

0 11 0

1 11 0.00215757

2 11 0.00430662

3 11 0.00643868

4 11 0.00854532

5 11 0.0106182

6 11 0.0126493

7 11 0.0146304

8 11 0.0165537

9 11 0.0184117

10 11 0.0201971

11 11 0.0219028

12 11 0.023522

13 11 0.0250483

14 11 0.0264759

15 11 0.0277989

16 11 0.0290122

17 11 0.0301111

18 11 0.0310911

19 11 0.0319484

20 11 0.0326796

21 11 0.0332818

22 11 0.0337527

23 11 0.0340904

24 11 0.0342935

25 11 0.0343614

26 11 0.0342935

27 11 0.0340904

28 11 0.0337527

29 11 0.0332818

30 11 0.0326796

31 11 0.0319484

32 11 0.0310911

33 11 0.0301111

34 11 0.0290122

35 11 0.0277989

36 11 0.0264759

37 11 0.0250483

38 11 0.023522

39 11 0.0219028

40 11 0.0201971

41 11 0.0184117

42 11 0.0165537

43 11 0.0146304

44 11 0.0126493

45 11 0.0106182

46 11 0.00854532

47 11 0.00643868

48 11 0.00430662

49 11 0.00215757

50 11 0

0 12 0

1 12 0.00231707

2 12 0.004625

3 12 0.00691467

4 12 0.00917705

5 12 0.0114032

6 12 0.0135844

7 12 0.0157119

8 12 0.0177775

9 12 0.0197729

10 12 0.0216902

11 12 0.023522

12 12 0.0252609

13 12 0.0269001

14 12 0.0284332

15 12 0.029854

16 12 0.0311571

17 12 0.0323371

18 12 0.0333896

19 12 0.0343102

20 12 0.0350955

21 12 0.0357423

22 12 0.036248

23 12 0.0366106

24 12 0.0368288

25 12 0.0369016

26 12 0.0368288

27 12 0.0366106

28 12 0.036248

29 12 0.0357423

30 12 0.0350955

31 12 0.0343102

32 12 0.0333896

33 12 0.0323371

34 12 0.0311571

35 12 0.029854

36 12 0.0284332

37 12 0.0269001

38 12 0.0252609

39 12 0.023522

40 12 0.0216902

41 12 0.0197729

42 12 0.0177775

43 12 0.0157119

44 12 0.0135844

45 12 0.0114032

46 12 0.00917705

47 12 0.00691467

48 12 0.004625

49 12 0.00231707

50 12 0

0 13 0

1 13 0.00246743

2 13 0.00492512

3 13 0.00736338

4 13 0.00977257

5 13 0.0121432

6 13 0.0144659

7 13 0.0167315

8 13 0.0189311

9 13 0.021056

10 13 0.0230977

11 13 0.0250483

12 13 0.0269001

13 13 0.0286457

14 13 0.0302783

15 13 0.0317913

16 13 0.0331789

17 13 0.0344355

18 13 0.0355563

19 13 0.0365367

20 13 0.0373729

21 13 0.0380616

22 13 0.0386002

23 13 0.0389863

24 13 0.0392187

25 13 0.0392962

26 13 0.0392187

27 13 0.0389863

28 13 0.0386002

29 13 0.0380616

30 13 0.0373729

31 13 0.0365367

32 13 0.0355563

33 13 0.0344355

34 13 0.0331789

35 13 0.0317913

36 13 0.0302783

37 13 0.0286457

38 13 0.0269001

39 13 0.0250483

40 13 0.0230977

41 13 0.021056

42 13 0.0189311

43 13 0.0167315

44 13 0.0144659

45 13 0.0121432

46 13 0.00977257

47 13 0.00736338

48 13 0.00492512

49 13 0.00246743

50 13 0

0 14 0

1 14 0.00260805

2 14 0.00520581

3 14 0.00778302

4 14 0.0103295

5 14 0.0128352

6 14 0.0152903

7 14 0.0176851

8 14 0.02001

9 14 0.022256

10 14 0.0244141

11 14 0.0264759

12 14 0.0284332

13 14 0.0302783

14 14 0.0320038

15 14 0.0336031

16 14 0.0350698

17 14 0.036398

18 14 0.0375827

19 14 0.038619

20 14 0.0395028

21 14 0.0402308

22 14 0.0408

23 14 0.0412082

24 14 0.0414538

25 14 0.0415357

26 14 0.0414538

27 14 0.0412082

28 14 0.0408

29 14 0.0402308

30 14 0.0395028

31 14 0.038619

32 14 0.0375827

33 14 0.036398

34 14 0.0350698

35 14 0.0336031

36 14 0.0320038

37 14 0.0302783

38 14 0.0284332

39 14 0.0264759

40 14 0.0244141

41 14 0.022256

42 14 0.02001

43 14 0.0176851

44 14 0.0152903

45 14 0.0128352

46 14 0.0103295

47 14 0.00778302

48 14 0.00520581

49 14 0.00260805

50 14 0

0 15 0

1 15 0.00273838

2 15 0.00546595

3 15 0.00817195

4 15 0.0108457

5 15 0.0134766

6 15 0.0160544

7 15 0.0185688

8 15 0.0210099

9 15 0.0233681

10 15 0.0256341

11 15 0.0277989

12 15 0.029854

13 15 0.0317913

14 15 0.0336031

15 15 0.0352823

16 15 0.0368223

17 15 0.0382169

18 15 0.0394607

19 15 0.0405488

20 15 0.0414769

21 15 0.0422412

22 15 0.0428389

23 15 0.0432675

24 15 0.0435253

25 15 0.0436113

26 15 0.0435253

27 15 0.0432675

28 15 0.0428389

29 15 0.0422412

30 15 0.0414769

31 15 0.0405488

32 15 0.0394607

33 15 0.0382169

34 15 0.0368223

35 15 0.0352823

36 15 0.0336031

37 15 0.0317913

38 15 0.029854

39 15 0.0277989

40 15 0.0256341

41 15 0.0233681

42 15 0.0210099

43 15 0.0185688

44 15 0.0160544

45 15 0.0134766

46 15 0.0108457

47 15 0.00817195

48 15 0.00546595

49 15 0.00273838

50 15 0

0 16 0

1 16 0.0028579

2 16 0.00570452

3 16 0.00852863

4 16 0.0113191

5 16 0.0140649

6 16 0.0167551

7 16 0.0193793

8 16 0.0219269

9 16 0.0243881

10 16 0.026753

11 16 0.0290122

12 16 0.0311571

13 16 0.0331789

14 16 0.0350698

15 16 0.0368223

16 16 0.0384294

17 16 0.039885

18 16 0.0411831

19 16 0.0423186

20 16 0.0432872

21 16 0.0440849

22 16 0.0447086

23 16 0.0451559

24 16 0.045425

25 16 0.0455148

26 16 0.045425

27 16 0.0451559

28 16 0.0447086

29 16 0.0440849

30 16 0.0432872

31 16 0.0423186

32 16 0.0411831

33 16 0.039885

34 16 0.0384294

35 16 0.0368223

36 16 0.0350698

37 16 0.0331789

38 16 0.0311571

39 16 0.0290122

40 16 0.026753

41 16 0.0243881

42 16 0.0219269

43 16 0.0193793

44 16 0.0167551

45 16 0.0140649

46 16 0.0113191

47 16 0.00852863

48 16 0.00570452

49 16 0.0028579

50 16 0

0 17 0

1 17 0.00296614

2 17 0.00592058

3 17 0.00885165

4 17 0.0117478

5 17 0.0145976

6 17 0.0173897

7 17 0.0201133

8 17 0.0227574

9 17 0.0253118

10 17 0.0277662

11 17 0.0301111

12 17 0.0323371

13 17 0.0344355

14 17 0.036398

15 17 0.0382169

16 17 0.039885

17 17 0.0413956

18 17 0.0427429

19 17 0.0439214

20 17 0.0449267

21 17 0.0457546

22 17 0.046402

23 17 0.0468662

24 17 0.0471455

25 17 0.0472387

26 17 0.0471455

27 17 0.0468662

28 17 0.046402

29 17 0.0457546

30 17 0.0449267

31 17 0.0439214

32 17 0.0427429

33 17 0.0413956

34 17 0.039885

35 17 0.0382169

36 17 0.036398

37 17 0.0344355

38 17 0.0323371

39 17 0.0301111

40 17 0.0277662

41 17 0.0253118

42 17 0.0227574

43 17 0.0201133

44 17 0.0173897

45 17 0.0145976

46 17 0.0117478

47 17 0.00885165

48 17 0.00592058

49 17 0.00296614

50 17 0

0 18 0

1 18 0.00306268

2 18 0.00611327

3 18 0.00913974

4 18 0.0121301

5 18 0.0150727

6 18 0.0179557

7 18 0.0207679

8 18 0.0234981

9 18 0.0261356

10 18 0.0286699

11 18 0.0310911

12 18 0.0333896

13 18 0.0355563

14 18 0.0375827

15 18 0.0394607

16 18 0.0411831

17 18 0.0427429

18 18 0.044134

19 18 0.0453509

20 18 0.0463889

21 18 0.0472437

22 18 0.0479122

23 18 0.0483915

24 18 0.0486799

25 18 0.0487761

26 18 0.0486799

27 18 0.0483915

28 18 0.0479122

29 18 0.0472437

30 18 0.0463889

31 18 0.0453509

32 18 0.044134

33 18 0.0427429

34 18 0.0411831

35 18 0.0394607

36 18 0.0375827

37 18 0.0355563

38 18 0.0333896

39 18 0.0310911

40 18 0.0286699

41 18 0.0261356

42 18 0.0234981

43 18 0.0207679

44 18 0.0179557

45 18 0.0150727

46 18 0.0121301

47 18 0.00913974

48 18 0.00611327

49 18 0.00306268

50 18 0

0 19 0

1 19 0.00314713

2 19 0.00628184

3 19 0.00939175

4 19 0.0124646

5 19 0.0154883

6 19 0.0184508

7 19 0.0213405

8 19 0.024146

9 19 0.0268562

10 19 0.0294604

11 19 0.0319484

12 19 0.0343102

13 19 0.0365367

14 19 0.038619

15 19 0.0405488

16 19 0.0423186

17 19 0.0439214

18 19 0.0453509

19 19 0.0466014

20 19 0.047668

21 19 0.0485464

22 19 0.0492333

23 19 0.0497259

24 19 0.0500222

25 19 0.0501211

26 19 0.0500222

27 19 0.0497259

28 19 0.0492333

29 19 0.0485464

30 19 0.047668

31 19 0.0466014

32 19 0.0453509

33 19 0.0439214

34 19 0.0423186

35 19 0.0405488

36 19 0.038619

37 19 0.0365367

38 19 0.0343102

39 19 0.0319484

40 19 0.0294604

41 19 0.0268562

42 19 0.024146

43 19 0.0213405

44 19 0.0184508

45 19 0.0154883

46 19 0.0124646

47 19 0.00939175

48 19 0.00628184

49 19 0.00314713

50 19 0

0 20 0

1 20 0.00321916

2 20 0.00642561

3 20 0.0096067

4 20 0.0127499

5 20 0.0158427

6 20 0.0188731

7 20 0.0218289

8 20 0.0246986

9 20 0.0274709

10 20 0.0301347

11 20 0.0326796

12 20 0.0350955

13 20 0.0373729

14 20 0.0395028

15 20 0.0414769

16 20 0.0432872

17 20 0.0449267

18 20 0.0463889

19 20 0.047668

20 20 0.048759

21 20 0.0496575

22 20 0.0503601

23 20 0.0508639

24 20 0.051167

25 20 0.0512682

26 20 0.051167

27 20 0.0508639

28 20 0.0503601

29 20 0.0496575

30 20 0.048759

31 20 0.047668

32 20 0.0463889

33 20 0.0449267

34 20 0.0432872

35 20 0.0414769

36 20 0.0395028

37 20 0.0373729

38 20 0.0350955

39 20 0.0326796

40 20 0.0301347

41 20 0.0274709

42 20 0.0246986

43 20 0.0218289

44 20 0.0188731

45 20 0.0158427

46 20 0.0127499

47 20 0.0096067

48 20 0.00642561

49 20 0.00321916

50 20 0

0 21 0

1 21 0.00327848

2 21 0.00654403

3 21 0.00978374

4 21 0.0129848

5 21 0.0161347

6 21 0.0192209

7 21 0.0222312

8 21 0.0251538

9 21 0.0279771

10 21 0.03069

11 21 0.0332818

12 21 0.0357423

13 21 0.0380616

14 21 0.0402308

15 21 0.0422412

16 21 0.0440849

17 21 0.0457546

18 21 0.0472437

19 21 0.0485464

20 21 0.0496575

21 21 0.0505726

22 21 0.0512882

23 21 0.0518013

24 21 0.05211

25 21 0.052213

26 21 0.05211

27 21 0.0518013

28 21 0.0512882

29 21 0.0505726

30 21 0.0496575

31 21 0.0485464

32 21 0.0472437

33 21 0.0457546

34 21 0.0440849

35 21 0.0422412

36 21 0.0402308

37 21 0.0380616

38 21 0.0357423

39 21 0.0332818

40 21 0.03069

41 21 0.0279771

42 21 0.0251538

43 21 0.0222312

44 21 0.0192209

45 21 0.0161347

46 21 0.0129848

47 21 0.00978374

48 21 0.00654403

49 21 0.00327848

50 21 0

0 22 0

1 22 0.00332487

2 22 0.00663661

3 22 0.00992217

4 22 0.0131686

5 22 0.016363

6 22 0.0194928

7 22 0.0225458

8 22 0.0255097

9 22 0.028373

10 22 0.0311243

11 22 0.0337527

12 22 0.036248

13 22 0.0386002

14 22 0.0408

15 22 0.0428389

16 22 0.0447086

17 22 0.046402

18 22 0.0479122

19 22 0.0492333

20 22 0.0503601

21 22 0.0512882

22 22 0.0520138

23 22 0.0525342

24 22 0.0528473

25 22 0.0529518

26 22 0.0528473

27 22 0.0525342

28 22 0.0520138

29 22 0.0512882

30 22 0.0503601

31 22 0.0492333

32 22 0.0479122

33 22 0.046402

34 22 0.0447086

35 22 0.0428389

36 22 0.0408

37 22 0.0386002

38 22 0.036248

39 22 0.0337527

40 22 0.0311243

41 22 0.028373

42 22 0.0255097

43 22 0.0225458

44 22 0.0194928

45 22 0.016363

46 22 0.0131686

47 22 0.00992217

48 22 0.00663661

49 22 0.00332487

50 22 0

0 23 0

1 23 0.00335813

2 23 0.00670301

3 23 0.0100214

4 23 0.0133003

5 23 0.0165267

6 23 0.0196879

7 23 0.0227713

8 23 0.0257649

9 23 0.0286568

10 23 0.0314356

11 23 0.0340904

12 23 0.0366106

13 23 0.0389863

14 23 0.0412082

15 23 0.0432675

16 23 0.0451559

17 23 0.0468662

18 23 0.0483915

19 23 0.0497259

20 23 0.0508639

21 23 0.0518013

22 23 0.0525342

23 23 0.0530598

24 23 0.053376

25 23 0.0534815

26 23 0.053376

27 23 0.0530598

28 23 0.0525342

29 23 0.0518013

30 23 0.0508639

31 23 0.0497259

32 23 0.0483915

33 23 0.0468662

34 23 0.0451559

35 23 0.0432675

36 23 0.0412082

37 23 0.0389863

38 23 0.0366106

39 23 0.0340904

40 23 0.0314356

41 23 0.0286568

42 23 0.0257649

43 23 0.0227713

44 23 0.0196879

45 23 0.0165267

46 23 0.0133003

47 23 0.0100214

48 23 0.00670301

49 23 0.00335813

50 23 0

0 24 0

1 24 0.00337814

2 24 0.00674296

3 24 0.0100812

4 24 0.0133796

5 24 0.0166252

6 24 0.0198052

7 24 0.022907

8 24 0.0259185

9 24 0.0288276

10 24 0.031623

11 24 0.0342935

12 24 0.0368288

13 24 0.0392187

14 24 0.0414538

15 24 0.0435253

16 24 0.045425

17 24 0.0471455

18 24 0.0486799

19 24 0.0500222

20 24 0.051167

21 24 0.05211

22 24 0.0528473

23 24 0.053376

24 24 0.0536941

25 24 0.0538002

26 24 0.0536941

27 24 0.053376

28 24 0.0528473

29 24 0.05211

30 24 0.051167

31 24 0.0500222

32 24 0.0486799

33 24 0.0471455

34 24 0.045425

35 24 0.0435253

36 24 0.0414538

37 24 0.0392187

38 24 0.0368288

39 24 0.0342935

40 24 0.031623

41 24 0.0288276

42 24 0.0259185

43 24 0.022907

44 24 0.0198052

45 24 0.0166252

46 24 0.0133796

47 24 0.0100812

48 24 0.00674296

49 24 0.00337814

50 24 0

0 25 0

1 25 0.00338482

2 25 0.00675629

3 25 0.0101011

4 25 0.013406

5 25 0.0166581

6 25 0.0198443

7 25 0.0229523

8 25 0.0259697

9 25 0.0288846

10 25 0.0316855

11 25 0.0343614

12 25 0.0369016

13 25 0.0392962

14 25 0.0415357

15 25 0.0436113

16 25 0.0455148

17 25 0.0472387

18 25 0.0487761

19 25 0.0501211

20 25 0.0512682

21 25 0.052213

22 25 0.0529518

23 25 0.0534815

24 25 0.0538002

25 25 0.0539066

26 25 0.0538002

27 25 0.0534815

28 25 0.0529518

29 25 0.052213

30 25 0.0512682

31 25 0.0501211

32 25 0.0487761

33 25 0.0472387

34 25 0.0455148

35 25 0.0436113

36 25 0.0415357

37 25 0.0392962

38 25 0.0369016

39 25 0.0343614

40 25 0.0316855

41 25 0.0288846

42 25 0.0259697

43 25 0.0229523

44 25 0.0198443

45 25 0.0166581

46 25 0.013406

47 25 0.0101011

48 25 0.00675629

49 25 0.00338482

50 25 0

0 26 0

1 26 0.00337814

2 26 0.00674296

3 26 0.0100812

4 26 0.0133796

5 26 0.0166252

6 26 0.0198052

7 26 0.022907

8 26 0.0259185

9 26 0.0288276

10 26 0.031623

11 26 0.0342935

12 26 0.0368288

13 26 0.0392187

14 26 0.0414538

15 26 0.0435253

16 26 0.045425

17 26 0.0471455

18 26 0.0486799

19 26 0.0500222

20 26 0.051167

21 26 0.05211

22 26 0.0528473

23 26 0.053376

24 26 0.0536941

25 26 0.0538002

26 26 0.0536941

27 26 0.053376

28 26 0.0528473

29 26 0.05211

30 26 0.051167

31 26 0.0500222

32 26 0.0486799

33 26 0.0471455

34 26 0.045425

35 26 0.0435253

36 26 0.0414538

37 26 0.0392187

38 26 0.0368288

39 26 0.0342935

40 26 0.031623

41 26 0.0288276

42 26 0.0259185

43 26 0.022907

44 26 0.0198052

45 26 0.0166252

46 26 0.0133796

47 26 0.0100812

48 26 0.00674296

49 26 0.00337814

50 26 0

0 27 0

1 27 0.00335813

2 27 0.00670301

3 27 0.0100214

4 27 0.0133003

5 27 0.0165267

6 27 0.0196879

7 27 0.0227713

8 27 0.0257649

9 27 0.0286568

10 27 0.0314356

11 27 0.0340904

12 27 0.0366106

13 27 0.0389863

14 27 0.0412082

15 27 0.0432675

16 27 0.0451559

17 27 0.0468662

18 27 0.0483915

19 27 0.0497259

20 27 0.0508639

21 27 0.0518013

22 27 0.0525342

23 27 0.0530598

24 27 0.053376

25 27 0.0534815

26 27 0.053376

27 27 0.0530598

28 27 0.0525342

29 27 0.0518013

30 27 0.0508639

31 27 0.0497259

32 27 0.0483915

33 27 0.0468662

34 27 0.0451559

35 27 0.0432675

36 27 0.0412082

37 27 0.0389863

38 27 0.0366106

39 27 0.0340904

40 27 0.0314356

41 27 0.0286568

42 27 0.0257649

43 27 0.0227713

44 27 0.0196879

45 27 0.0165267

46 27 0.0133003

47 27 0.0100214

48 27 0.00670301

49 27 0.00335813

50 27 0

0 28 0

1 28 0.00332487

2 28 0.00663661

3 28 0.00992217

4 28 0.0131686

5 28 0.016363

6 28 0.0194928

7 28 0.0225458

8 28 0.0255097

9 28 0.028373

10 28 0.0311243

11 28 0.0337527

12 28 0.036248

13 28 0.0386002

14 28 0.0408

15 28 0.0428389

16 28 0.0447086

17 28 0.046402

18 28 0.0479122

19 28 0.0492333

20 28 0.0503601

21 28 0.0512882

22 28 0.0520138

23 28 0.0525342

24 28 0.0528473

25 28 0.0529518

26 28 0.0528473

27 28 0.0525342

28 28 0.0520138

29 28 0.0512882

30 28 0.0503601

31 28 0.0492333

32 28 0.0479122

33 28 0.046402

34 28 0.0447086

35 28 0.0428389

36 28 0.0408

37 28 0.0386002

38 28 0.036248

39 28 0.0337527

40 28 0.0311243

41 28 0.028373

42 28 0.0255097

43 28 0.0225458

44 28 0.0194928

45 28 0.016363

46 28 0.0131686

47 28 0.00992217

48 28 0.00663661

49 28 0.00332487

50 28 0

0 29 0

1 29 0.00327848

2 29 0.00654403

3 29 0.00978374

4 29 0.0129848

5 29 0.0161347

6 29 0.0192209

7 29 0.0222312

8 29 0.0251538

9 29 0.0279771

10 29 0.03069

11 29 0.0332818

12 29 0.0357423

13 29 0.0380616

14 29 0.0402308

15 29 0.0422412

16 29 0.0440849

17 29 0.0457546

18 29 0.0472437

19 29 0.0485464

20 29 0.0496575

21 29 0.0505726

22 29 0.0512882

23 29 0.0518013

24 29 0.05211

25 29 0.052213

26 29 0.05211

27 29 0.0518013

28 29 0.0512882

29 29 0.0505726

30 29 0.0496575

31 29 0.0485464

32 29 0.0472437

33 29 0.0457546

34 29 0.0440849

35 29 0.0422412

36 29 0.0402308

37 29 0.0380616

38 29 0.0357423

39 29 0.0332818

40 29 0.03069

41 29 0.0279771

42 29 0.0251538

43 29 0.0222312

44 29 0.0192209

45 29 0.0161347

46 29 0.0129848

47 29 0.00978374

48 29 0.00654403

49 29 0.00327848

50 29 0

0 30 0

1 30 0.00321916

2 30 0.00642561

3 30 0.0096067

4 30 0.0127499

5 30 0.0158427

6 30 0.0188731

7 30 0.0218289

8 30 0.0246986

9 30 0.0274709

10 30 0.0301347

11 30 0.0326796

12 30 0.0350955

13 30 0.0373729

14 30 0.0395028

15 30 0.0414769

16 30 0.0432872

17 30 0.0449267

18 30 0.0463889

19 30 0.047668

20 30 0.048759

21 30 0.0496575

22 30 0.0503601

23 30 0.0508639

24 30 0.051167

25 30 0.0512682

26 30 0.051167

27 30 0.0508639

28 30 0.0503601

29 30 0.0496575

30 30 0.048759

31 30 0.047668

32 30 0.0463889

33 30 0.0449267

34 30 0.0432872

35 30 0.0414769

36 30 0.0395028

37 30 0.0373729

38 30 0.0350955

39 30 0.0326796

40 30 0.0301347

41 30 0.0274709

42 30 0.0246986

43 30 0.0218289

44 30 0.0188731

45 30 0.0158427

46 30 0.0127499

47 30 0.0096067

48 30 0.00642561

49 30 0.00321916

50 30 0

0 31 0

1 31 0.00314713

2 31 0.00628184

3 31 0.00939175

4 31 0.0124646

5 31 0.0154883

6 31 0.0184508

7 31 0.0213405

8 31 0.024146

9 31 0.0268562

10 31 0.0294604

11 31 0.0319484

12 31 0.0343102

13 31 0.0365367

14 31 0.038619

15 31 0.0405488

16 31 0.0423186

17 31 0.0439214

18 31 0.0453509

19 31 0.0466014

20 31 0.047668

21 31 0.0485464

22 31 0.0492333

23 31 0.0497259

24 31 0.0500222

25 31 0.0501211

26 31 0.0500222

27 31 0.0497259

28 31 0.0492333

29 31 0.0485464

30 31 0.047668

31 31 0.0466014

32 31 0.0453509

33 31 0.0439214

34 31 0.0423186

35 31 0.0405488

36 31 0.038619

37 31 0.0365367

38 31 0.0343102

39 31 0.0319484

40 31 0.0294604

41 31 0.0268562

42 31 0.024146

43 31 0.0213405

44 31 0.0184508

45 31 0.0154883

46 31 0.0124646

47 31 0.00939175

48 31 0.00628184

49 31 0.00314713

50 31 0

0 32 0

1 32 0.00306268

2 32 0.00611327

3 32 0.00913974

4 32 0.0121301

5 32 0.0150727

6 32 0.0179557

7 32 0.0207679

8 32 0.0234981

9 32 0.0261356

10 32 0.0286699

11 32 0.0310911

12 32 0.0333896

13 32 0.0355563

14 32 0.0375827

15 32 0.0394607

16 32 0.0411831

17 32 0.0427429

18 32 0.044134

19 32 0.0453509

20 32 0.0463889

21 32 0.0472437

22 32 0.0479122

23 32 0.0483915

24 32 0.0486799

25 32 0.0487761

26 32 0.0486799

27 32 0.0483915

28 32 0.0479122

29 32 0.0472437

30 32 0.0463889

31 32 0.0453509

32 32 0.044134

33 32 0.0427429

34 32 0.0411831

35 32 0.0394607

36 32 0.0375827

37 32 0.0355563

38 32 0.0333896

39 32 0.0310911

40 32 0.0286699

41 32 0.0261356

42 32 0.0234981

43 32 0.0207679

44 32 0.0179557

45 32 0.0150727

46 32 0.0121301

47 32 0.00913974

48 32 0.00611327

49 32 0.00306268

50 32 0

0 33 0

1 33 0.00296614

2 33 0.00592058

3 33 0.00885165

4 33 0.0117478

5 33 0.0145976

6 33 0.0173897

7 33 0.0201133

8 33 0.0227574

9 33 0.0253118

10 33 0.0277662

11 33 0.0301111

12 33 0.0323371

13 33 0.0344355

14 33 0.036398

15 33 0.0382169

16 33 0.039885

17 33 0.0413956

18 33 0.0427429

19 33 0.0439214

20 33 0.0449267

21 33 0.0457546

22 33 0.046402

23 33 0.0468662

24 33 0.0471455

25 33 0.0472387

26 33 0.0471455

27 33 0.0468662

28 33 0.046402

29 33 0.0457546

30 33 0.0449267

31 33 0.0439214

32 33 0.0427429

33 33 0.0413956

34 33 0.039885

35 33 0.0382169

36 33 0.036398

37 33 0.0344355

38 33 0.0323371

39 33 0.0301111

40 33 0.0277662

41 33 0.0253118

42 33 0.0227574

43 33 0.0201133

44 33 0.0173897

45 33 0.0145976

46 33 0.0117478

47 33 0.00885165

48 33 0.00592058

49 33 0.00296614

50 33 0

0 34 0

1 34 0.0028579

2 34 0.00570452

3 34 0.00852863

4 34 0.0113191

5 34 0.0140649

6 34 0.0167551

7 34 0.0193793

8 34 0.0219269

9 34 0.0243881

10 34 0.026753

11 34 0.0290122

12 34 0.0311571

13 34 0.0331789

14 34 0.0350698

15 34 0.0368223

16 34 0.0384294

17 34 0.039885

18 34 0.0411831

19 34 0.0423186

20 34 0.0432872

21 34 0.0440849

22 34 0.0447086

23 34 0.0451559

24 34 0.045425

25 34 0.0455148

26 34 0.045425

27 34 0.0451559

28 34 0.0447086

29 34 0.0440849

30 34 0.0432872

31 34 0.0423186

32 34 0.0411831

33 34 0.039885

34 34 0.0384294

35 34 0.0368223

36 34 0.0350698

37 34 0.0331789

38 34 0.0311571

39 34 0.0290122

40 34 0.026753

41 34 0.0243881

42 34 0.0219269

43 34 0.0193793

44 34 0.0167551

45 34 0.0140649

46 34 0.0113191

47 34 0.00852863

48 34 0.00570452

49 34 0.0028579

50 34 0

0 35 0

1 35 0.00273838

2 35 0.00546595

3 35 0.00817195

4 35 0.0108457

5 35 0.0134766

6 35 0.0160544

7 35 0.0185688

8 35 0.0210099

9 35 0.0233681

10 35 0.0256341

11 35 0.0277989

12 35 0.029854

13 35 0.0317913

14 35 0.0336031

15 35 0.0352823

16 35 0.0368223

17 35 0.0382169

18 35 0.0394607

19 35 0.0405488

20 35 0.0414769

21 35 0.0422412

22 35 0.0428389

23 35 0.0432675

24 35 0.0435253

25 35 0.0436113

26 35 0.0435253

27 35 0.0432675

28 35 0.0428389

29 35 0.0422412

30 35 0.0414769

31 35 0.0405488

32 35 0.0394607

33 35 0.0382169

34 35 0.0368223

35 35 0.0352823

36 35 0.0336031

37 35 0.0317913

38 35 0.029854

39 35 0.0277989

40 35 0.0256341

41 35 0.0233681

42 35 0.0210099

43 35 0.0185688

44 35 0.0160544

45 35 0.0134766

46 35 0.0108457

47 35 0.00817195

48 35 0.00546595

49 35 0.00273838

50 35 0

0 36 0

1 36 0.00260805

2 36 0.00520581

3 36 0.00778302

4 36 0.0103295

5 36 0.0128352

6 36 0.0152903

7 36 0.0176851

8 36 0.02001

9 36 0.022256

10 36 0.0244141

11 36 0.0264759

12 36 0.0284332

13 36 0.0302783

14 36 0.0320038

15 36 0.0336031

16 36 0.0350698

17 36 0.036398

18 36 0.0375827

19 36 0.038619

20 36 0.0395028

21 36 0.0402308

22 36 0.0408

23 36 0.0412082

24 36 0.0414538

25 36 0.0415357

26 36 0.0414538

27 36 0.0412082

28 36 0.0408

29 36 0.0402308

30 36 0.0395028

31 36 0.038619

32 36 0.0375827

33 36 0.036398

34 36 0.0350698

35 36 0.0336031

36 36 0.0320038

37 36 0.0302783

38 36 0.0284332

39 36 0.0264759

40 36 0.0244141

41 36 0.022256

42 36 0.02001

43 36 0.0176851

44 36 0.0152903

45 36 0.0128352

46 36 0.0103295

47 36 0.00778302

48 36 0.00520581

49 36 0.00260805

50 36 0

0 37 0

1 37 0.00246743

2 37 0.00492512

3 37 0.00736338

4 37 0.00977257

5 37 0.0121432

6 37 0.0144659

7 37 0.0167315

8 37 0.0189311

9 37 0.021056

10 37 0.0230977

11 37 0.0250483

12 37 0.0269001

13 37 0.0286457

14 37 0.0302783

15 37 0.0317913

16 37 0.0331789

17 37 0.0344355

18 37 0.0355563

19 37 0.0365367

20 37 0.0373729

21 37 0.0380616

22 37 0.0386002

23 37 0.0389863

24 37 0.0392187

25 37 0.0392962

26 37 0.0392187

27 37 0.0389863

28 37 0.0386002

29 37 0.0380616

30 37 0.0373729

31 37 0.0365367

32 37 0.0355563

33 37 0.0344355

34 37 0.0331789

35 37 0.0317913

36 37 0.0302783

37 37 0.0286457

38 37 0.0269001

39 37 0.0250483

40 37 0.0230977

41 37 0.021056

42 37 0.0189311

43 37 0.0167315

44 37 0.0144659

45 37 0.0121432

46 37 0.00977257

47 37 0.00736338

48 37 0.00492512

49 37 0.00246743

50 37 0

0 38 0

1 38 0.00231707

2 38 0.004625

3 38 0.00691467

4 38 0.00917705

5 38 0.0114032

6 38 0.0135844

7 38 0.0157119

8 38 0.0177775

9 38 0.0197729

10 38 0.0216902

11 38 0.023522

12 38 0.0252609

13 38 0.0269001

14 38 0.0284332

15 38 0.029854

16 38 0.0311571

17 38 0.0323371

18 38 0.0333896

19 38 0.0343102

20 38 0.0350955

21 38 0.0357423

22 38 0.036248

23 38 0.0366106

24 38 0.0368288

25 38 0.0369016

26 38 0.0368288

27 38 0.0366106

28 38 0.036248

29 38 0.0357423

30 38 0.0350955

31 38 0.0343102

32 38 0.0333896

33 38 0.0323371

34 38 0.0311571

35 38 0.029854

36 38 0.0284332

37 38 0.0269001

38 38 0.0252609

39 38 0.023522

40 38 0.0216902

41 38 0.0197729

42 38 0.0177775

43 38 0.0157119

44 38 0.0135844

45 38 0.0114032

46 38 0.00917705

47 38 0.00691467

48 38 0.004625

49 38 0.00231707

50 38 0

0 39 0

1 39 0.00215757

2 39 0.00430662

3 39 0.00643868

4 39 0.00854532

5 39 0.0106182

6 39 0.0126493

7 39 0.0146304

8 39 0.0165537

9 39 0.0184117

10 39 0.0201971

11 39 0.0219028

12 39 0.023522

13 39 0.0250483

14 39 0.0264759

15 39 0.0277989

16 39 0.0290122

17 39 0.0301111

18 39 0.0310911

19 39 0.0319484

20 39 0.0326796

21 39 0.0332818

22 39 0.0337527

23 39 0.0340904

24 39 0.0342935

25 39 0.0343614

26 39 0.0342935

27 39 0.0340904

28 39 0.0337527

29 39 0.0332818

30 39 0.0326796

31 39 0.0319484

32 39 0.0310911

33 39 0.0301111

34 39 0.0290122

35 39 0.0277989

36 39 0.0264759

37 39 0.0250483

38 39 0.023522

39 39 0.0219028

40 39 0.0201971

41 39 0.0184117

42 39 0.0165537

43 39 0.0146304

44 39 0.0126493

45 39 0.0106182

46 39 0.00854532

47 39 0.00643868

48 39 0.00430662

49 39 0.00215757

50 39 0

0 40 0

1 40 0.00198955

2 40 0.00397125

3 40 0.00593727

4 40 0.00787986

5 40 0.00979136

6 40 0.0116642

7 40 0.013491

8 40 0.0152646

9 40 0.0169779

10 40 0.0186243

11 40 0.0201971

12 40 0.0216902

13 40 0.0230977

14 40 0.0244141

15 40 0.0256341

16 40 0.026753

17 40 0.0277662

18 40 0.0286699

19 40 0.0294604

20 40 0.0301347

21 40 0.03069

22 40 0.0311243

23 40 0.0314356

24 40 0.031623

25 40 0.0316855

26 40 0.031623

27 40 0.0314356

28 40 0.0311243

29 40 0.03069

30 40 0.0301347

31 40 0.0294604

32 40 0.0286699

33 40 0.0277662

34 40 0.026753

35 40 0.0256341

36 40 0.0244141

37 40 0.0230977

38 40 0.0216902

39 40 0.0201971

40 40 0.0186243

41 40 0.0169779

42 40 0.0152646

43 40 0.013491

44 40 0.0116642

45 40 0.00979136

46 40 0.00787986

47 40 0.00593727

48 40 0.00397125

49 40 0.00198955

50 40 0

0 41 0

1 41 0.00181368

2 41 0.0036202

3 41 0.00541243

4 41 0.00718331

5 41 0.00892583

6 41 0.0106331

7 41 0.0122985

8 41 0.0139153

9 41 0.0154771

10 41 0.0169779

11 41 0.0184117

12 41 0.0197729

13 41 0.021056

14 41 0.022256

15 41 0.0233681

16 41 0.0243881

17 41 0.0253118

18 41 0.0261356

19 41 0.0268562

20 41 0.0274709

21 41 0.0279771

22 41 0.028373

23 41 0.0286568

24 41 0.0288276

25 41 0.0288846

26 41 0.0288276

27 41 0.0286568

28 41 0.028373

29 41 0.0279771

30 41 0.0274709

31 41 0.0268562

32 41 0.0261356

33 41 0.0253118

34 41 0.0243881

35 41 0.0233681

36 41 0.022256

37 41 0.021056

38 41 0.0197729

39 41 0.0184117

40 41 0.0169779

41 41 0.0154771

42 41 0.0139153

43 41 0.0122985

44 41 0.0106331

45 41 0.00892583

46 41 0.00718331

47 41 0.00541243

48 41 0.0036202

49 41 0.00181368

50 41 0

0 42 0

1 42 0.00163065

2 42 0.00325487

3 42 0.00486624

4 42 0.0064584

5 42 0.00802508

6 42 0.00956008

7 42 0.0110574

8 42 0.012511

9 42 0.0139153

10 42 0.0152646

11 42 0.0165537

12 42 0.0177775

13 42 0.0189311

14 42 0.02001

15 42 0.0210099

16 42 0.0219269

17 42 0.0227574

18 42 0.0234981

19 42 0.024146

20 42 0.0246986

21 42 0.0251538

22 42 0.0255097

23 42 0.0257649

24 42 0.0259185

25 42 0.0259697

26 42 0.0259185

27 42 0.0257649

28 42 0.0255097

29 42 0.0251538

30 42 0.0246986

31 42 0.024146

32 42 0.0234981

33 42 0.0227574

34 42 0.0219269

35 42 0.0210099

36 42 0.02001

37 42 0.0189311

38 42 0.0177775

39 42 0.0165537

40 42 0.0152646

41 42 0.0139153

42 42 0.012511

43 42 0.0110574

44 42 0.00956008

45 42 0.00802508

46 42 0.0064584

47 42 0.00486624

48 42 0.00325487

49 42 0.00163065

50 42 0

0 43 0

1 43 0.00144119

2 43 0.00287669

3 43 0.00430083

4 43 0.00570801

5 43 0.00709265

6 43 0.00844931

7 43 0.00977262

8 43 0.0110574

9 43 0.0122985

10 43 0.013491

11 43 0.0146304

12 43 0.0157119

13 43 0.0167315

14 43 0.0176851

15 43 0.0185688

16 43 0.0193793

17 43 0.0201133

18 43 0.0207679

19 43 0.0213405

20 43 0.0218289

21 43 0.0222312

22 43 0.0225458

23 43 0.0227713

24 43 0.022907

25 43 0.0229523

26 43 0.022907

27 43 0.0227713

28 43 0.0225458

29 43 0.0222312

30 43 0.0218289

31 43 0.0213405

32 43 0.0207679

33 43 0.0201133

34 43 0.0193793

35 43 0.0185688

36 43 0.0176851

37 43 0.0167315

38 43 0.0157119

39 43 0.0146304

40 43 0.013491

41 43 0.0122985

42 43 0.0110574

43 43 0.00977262

44 43 0.00844931

45 43 0.00709265

46 43 0.00570801

47 43 0.00430083

48 43 0.00287669

49 43 0.00144119

50 43 0

0 44 0

1 44 0.00124604

2 44 0.00248716

3 44 0.00371846

4 44 0.00493509

5 44 0.00613224

6 44 0.00730519

7 44 0.00844931

8 44 0.00956008

9 44 0.0106331

10 44 0.0116642

11 44 0.0126493

12 44 0.0135844

13 44 0.0144659

14 44 0.0152903

15 44 0.0160544

16 44 0.0167551

17 44 0.0173897

18 44 0.0179557

19 44 0.0184508

20 44 0.0188731

21 44 0.0192209

22 44 0.0194928

23 44 0.0196879

24 44 0.0198052

25 44 0.0198443

26 44 0.0198052

27 44 0.0196879

28 44 0.0194928

29 44 0.0192209

30 44 0.0188731

31 44 0.0184508

32 44 0.0179557

33 44 0.0173897

34 44 0.0167551

35 44 0.0160544

36 44 0.0152903

37 44 0.0144659

38 44 0.0135844

39 44 0.0126493

40 44 0.0116642

41 44 0.0106331

42 44 0.00956008

43 44 0.00844931

44 44 0.00730519

45 44 0.00613224

46 44 0.00493509

47 44 0.00371846

48 44 0.00248716

49 44 0.00124604

50 44 0

0 45 0

1 45 0.00104597

2 45 0.00208781

3 45 0.00312141

4 45 0.00414269

5 45 0.00514762

6 45 0.00613224

7 45 0.00709265

8 45 0.00802508

9 45 0.00892583

10 45 0.00979136

11 45 0.0106182

12 45 0.0114032

13 45 0.0121432

14 45 0.0128352

15 45 0.0134766

16 45 0.0140649

17 45 0.0145976

18 45 0.0150727

19 45 0.0154883

20 45 0.0158427

21 45 0.0161347

22 45 0.016363

23 45 0.0165267

24 45 0.0166252

25 45 0.0166581

26 45 0.0166252

27 45 0.0165267

28 45 0.016363

29 45 0.0161347

30 45 0.0158427

31 45 0.0154883

32 45 0.0150727

33 45 0.0145976

34 45 0.0140649

35 45 0.0134766

36 45 0.0128352

37 45 0.0121432

38 45 0.0114032

39 45 0.0106182

40 45 0.00979136

41 45 0.00892583

42 45 0.00802508

43 45 0.00709265

44 45 0.00613224

45 45 0.00514762

46 45 0.00414269

47 45 0.00312141

48 45 0.00208781

49 45 0.00104597

50 45 0

0 46 0

1 46 0.000841771

2 46 0.00168022

3 46 0.00251204

4 46 0.00333394

5 46 0.00414269

6 46 0.00493509

7 46 0.00570801

8 46 0.0064584

9 46 0.00718331

10 46 0.00787986

11 46 0.00854532

12 46 0.00917705

13 46 0.00977257

14 46 0.0103295

15 46 0.0108457

16 46 0.0113191

17 46 0.0117478

18 46 0.0121301

19 46 0.0124646

20 46 0.0127499

21 46 0.0129848

22 46 0.0131686

23 46 0.0133003

24 46 0.0133796

25 46 0.013406

26 46 0.0133796

27 46 0.0133003

28 46 0.0131686

29 46 0.0129848

30 46 0.0127499

31 46 0.0124646

32 46 0.0121301

33 46 0.0117478

34 46 0.0113191

35 46 0.0108457

36 46 0.0103295

37 46 0.00977257

38 46 0.00917705

39 46 0.00854532

40 46 0.00787986

41 46 0.00718331

42 46 0.0064584

43 46 0.00570801

44 46 0.00493509

45 46 0.00414269

46 46 0.00333394

47 46 0.00251204

48 46 0.00168022

49 46 0.000841771

50 46 0

0 47 0

1 47 0.000634253

2 47 0.001266

3 47 0.00189276

4 47 0.00251204

5 47 0.00312141

6 47 0.00371846

7 47 0.00430083

8 47 0.00486624

9 47 0.00541243

10 47 0.00593727

11 47 0.00643868

12 47 0.00691467

13 47 0.00736338

14 47 0.00778302

15 47 0.00817195

16 47 0.00852863

17 47 0.00885165

18 47 0.00913974

19 47 0.00939175

20 47 0.0096067

21 47 0.00978374

22 47 0.00992217

23 47 0.0100214

24 47 0.0100812

25 47 0.0101011

26 47 0.0100812

27 47 0.0100214

28 47 0.00992217

29 47 0.00978374

30 47 0.0096067

31 47 0.00939175

32 47 0.00913974

33 47 0.00885165

34 47 0.00852863

35 47 0.00817195

36 47 0.00778302

37 47 0.00736338

38 47 0.00691467

39 47 0.00643868

40 47 0.00593727

41 47 0.00541243

42 47 0.00486624

43 47 0.00430083

44 47 0.00371846

45 47 0.00312141

46 47 0.00251204

47 47 0.00189276

48 47 0.001266

49 47 0.000634253

50 47 0

0 48 0

1 48 0.000424231

2 48 0.000846787

3 48 0.001266

4 48 0.00168022

5 48 0.00208781

6 48 0.00248716

7 48 0.00287669

8 48 0.00325487

9 48 0.0036202

10 48 0.00397125

11 48 0.00430662

12 48 0.004625

13 48 0.00492512

14 48 0.00520581

15 48 0.00546595

16 48 0.00570452

17 48 0.00592058

18 48 0.00611327

19 48 0.00628184

20 48 0.00642561

21 48 0.00654403

22 48 0.00663661

23 48 0.00670301

24 48 0.00674296

25 48 0.00675629

26 48 0.00674296

27 48 0.00670301

28 48 0.00663661

29 48 0.00654403

30 48 0.00642561

31 48 0.00628184

32 48 0.00611327

33 48 0.00592058

34 48 0.00570452

35 48 0.00546595

