0 1 0

1 1 0.00141302

2 1 0.00282047

3 1 0.00421678

4 1 0.00559645

5 1 0.00695404

6 1 0.00828418

7 1 0.00958163

8 1 0.0108413

9 1 0.0120581

10 1 0.0132274

11 1 0.0143444

12 1 0.0154049

13 1 0.0164045

14 1 0.0173394

15 1 0.0182059

16 1 0.0190005

17 1 0.0197202

18 1 0.020362

19 1 0.0209234

20 1 0.0214023

21 1 0.0217967

22 1 0.0221051

23 1 0.0223263

24 1 0.0224593

25 1 0.0225037

26 1 0.0224593

27 1 0.0223263

28 1 0.0221051

29 1 0.0217967

30 1 0.0214023

31 1 0.0209234

32 1 0.020362

33 1 0.0197202

34 1 0.0190005

35 1 0.0182059

36 1 0.0173394

37 1 0.0164045

38 1 0.0154049

39 1 0.0143444

40 1 0.0132274

41 1 0.0120581

42 1 0.0108413

43 1 0.00958163

44 1 0.00828418

45 1 0.00695404

46 1 0.00559645

47 1 0.00421678

48 1 0.00282047

49 1 0.00141302

50 1 0

0 2 0

1 2 0.00282047

2 2 0.0056298

3 2 0.00841692

4 2 0.0111708

5 2 0.0138806

6 2 0.0165357

7 2 0.0191254

8 2 0.0216397

9 2 0.0240686

10 2 0.0264025

11 2 0.0286322

12 2 0.0307489

13 2 0.0327443

14 2 0.0346104

15 2 0.03634

16 2 0.0379261

17 2 0.0393625

18 2 0.0406436

19 2 0.0417643

20 2 0.0427202

21 2 0.0435075

22 2 0.044123

23 2 0.0445645

24 2 0.04483

25 2 0.0449187

26 2 0.04483

27 2 0.0445645

28 2 0.044123

29 2 0.0435075

30 2 0.0427202

31 2 0.0417643

32 2 0.0406436

33 2 0.0393625

34 2 0.0379261

35 2 0.03634

36 2 0.0346104

37 2 0.0327443

38 2 0.0307489

39 2 0.0286322

40 2 0.0264025

41 2 0.0240686

42 2 0.0216397

43 2 0.0191254

44 2 0.0165357

45 2 0.0138806

46 2 0.0111708

47 2 0.00841692

48 2 0.0056298

49 2 0.00282047

50 2 0

0 3 0

1 3 0.00421678

2 3 0.00841692

3 3 0.0125838

4 3 0.0167011

5 3 0.0207524

6 3 0.0247219

7 3 0.0285938

8 3 0.0323528

9 3 0.0359842

10 3 0.0394735

11 3 0.0428071

12 3 0.0459717

13 3 0.0489549

14 3 0.0517448

15 3 0.0543306

16 3 0.056702

17 3 0.0588495

18 3 0.0607649

19 3 0.0624404

20 3 0.0638695

21 3 0.0650465

22 3 0.0659668

23 3 0.0666268

24 3 0.0670238

25 3 0.0671563

26 3 0.0670238

27 3 0.0666268

28 3 0.0659668

29 3 0.0650465

30 3 0.0638695

31 3 0.0624404

32 3 0.0607649

33 3 0.0588495

34 3 0.056702

35 3 0.0543306

36 3 0.0517448

37 3 0.0489549

38 3 0.0459717

39 3 0.0428071

40 3 0.0394735

41 3 0.0359842

42 3 0.0323528

43 3 0.0285938

44 3 0.0247219

45 3 0.0207524

46 3 0.0167011

47 3 0.0125838

48 3 0.00841692

49 3 0.00421678

50 3 0

0 4 0

1 4 0.00559645

2 4 0.0111708

3 4 0.0167011

4 4 0.0221655

5 4 0.0275424

6 4 0.0328106

7 4 0.0379493

8 4 0.0429382

9 4 0.0477577

10 4 0.0523887

11 4 0.0568129

12 4 0.061013

13 4 0.0649722

14 4 0.068675

15 4 0.0721068

16 4 0.0752541

17 4 0.0781043

18 4 0.0806463

19 4 0.08287

20 4 0.0847667

21 4 0.0863288

22 4 0.0875502

23 4 0.0884261

24 4 0.0889531

25 4 0.0891289

26 4 0.0889531

27 4 0.0884261

28 4 0.0875502

29 4 0.0863288

30 4 0.0847667

31 4 0.08287

32 4 0.0806463

33 4 0.0781043

34 4 0.0752541

35 4 0.0721068

36 4 0.068675

37 4 0.0649722

38 4 0.061013

39 4 0.0568129

40 4 0.0523887

41 4 0.0477577

42 4 0.0429382

43 4 0.0379493

44 4 0.0328106

45 4 0.0275424

46 4 0.0221655

47 4 0.0167011

48 4 0.0111708

49 4 0.00559645

50 4 0

0 5 0

1 5 0.00695404

2 5 0.0138806

3 5 0.0207524

4 5 0.0275424

5 5 0.0342236

6 5 0.0407697

7 5 0.047155

8 5 0.0533541

9 5 0.0593427

10 5 0.0650971

11 5 0.0705946

12 5 0.0758135

13 5 0.0807331

14 5 0.0853342

15 5 0.0895985

16 5 0.0935092

17 5 0.0970508

18 5 0.100209

19 5 0.102973

20 5 0.105329

21 5 0.10727

22 5 0.108788

23 5 0.109877

24 5 0.110531

25 5 0.11075

26 5 0.110531

27 5 0.109877

28 5 0.108788

29 5 0.10727

30 5 0.105329

31 5 0.102973

32 5 0.100209

33 5 0.0970508

34 5 0.0935092

35 5 0.0895985

36 5 0.0853342

37 5 0.0807331

38 5 0.0758135

39 5 0.0705946

40 5 0.0650971

41 5 0.0593427

42 5 0.0533541

43 5 0.047155

44 5 0.0407697

45 5 0.0342236

46 5 0.0275424

47 5 0.0207524

48 5 0.0138806

49 5 0.00695404

50 5 0

0 6 0

1 6 0.00828418

2 6 0.0165357

3 6 0.0247219

4 6 0.0328106

5 6 0.0407697

6 6 0.048568

7 6 0.0561746

8 6 0.0635595

9 6 0.0706936

10 6 0.0775486

11 6 0.0840976

12 6 0.0903148

13 6 0.0961755

14 6 0.101657

15 6 0.106737

16 6 0.111395

17 6 0.115614

18 6 0.119377

19 6 0.122669

20 6 0.125476

21 6 0.127789

22 6 0.129597

23 6 0.130893

24 6 0.131673

25 6 0.131934

26 6 0.131673

27 6 0.130893

28 6 0.129597

29 6 0.127789

30 6 0.125476

31 6 0.122669

32 6 0.119377

33 6 0.115614

34 6 0.111395

35 6 0.106737

36 6 0.101657

37 6 0.0961755

38 6 0.0903148

39 6 0.0840976

40 6 0.0775486

41 6 0.0706936

42 6 0.0635595

43 6 0.0561746

44 6 0.048568

45 6 0.0407697

46 6 0.0328106

47 6 0.0247219

48 6 0.0165357

49 6 0.00828418

50 6 0

0 7 0

1 7 0.00958163

2 7 0.0191254

3 7 0.0285938

4 7 0.0379493

5 7 0.047155

6 7 0.0561746

7 7 0.0649725

8 7 0.073514

9 7 0.0817654

10 7 0.0896941

11 7 0.0972688

12 7 0.10446

13 7 0.111238

14 7 0.117578

15 7 0.123453

16 7 0.128842

17 7 0.133722

18 7 0.138074

19 7 0.141881

20 7 0.145128

21 7 0.147803

22 7 0.149894

23 7 0.151393

24 7 0.152296

25 7 0.152597

26 7 0.152296

27 7 0.151393

28 7 0.149894

29 7 0.147803

30 7 0.145128

31 7 0.141881

32 7 0.138074

33 7 0.133722

34 7 0.128842

35 7 0.123453

36 7 0.117578

37 7 0.111238

38 7 0.10446

39 7 0.0972688

40 7 0.0896941

41 7 0.0817654

42 7 0.073514

43 7 0.0649725

44 7 0.0561746

45 7 0.047155

46 7 0.0379493

47 7 0.0285938

48 7 0.0191254

49 7 0.00958163

50 7 0

0 8 0

1 8 0.0108413

2 8 0.0216397

3 8 0.0323528

4 8 0.0429382

5 8 0.0533541

6 8 0.0635595

7 8 0.073514

8 8 0.0831784

9 8 0.0925146

10 8 0.101486

11 8 0.110056

12 8 0.118192

13 8 0.125862

14 8 0.133035

15 8 0.139683

16 8 0.14578

17 8 0.151301

18 8 0.156225

19 8 0.160533

20 8 0.164207

21 8 0.167233

22 8 0.169599

23 8 0.171296

24 8 0.172317

25 8 0.172658

26 8 0.172317

27 8 0.171296

28 8 0.169599

29 8 0.167233

30 8 0.164207

31 8 0.160533

32 8 0.156225

33 8 0.151301

34 8 0.14578

35 8 0.139683

36 8 0.133035

37 8 0.125862

38 8 0.118192

39 8 0.110056

40 8 0.101486

41 8 0.0925146

42 8 0.0831784

43 8 0.073514

44 8 0.0635595

45 8 0.0533541

46 8 0.0429382

47 8 0.0323528

48 8 0.0216397

49 8 0.0108413

50 8 0

0 9 0

1 9 0.0120581

2 9 0.0240686

3 9 0.0359842

4 9 0.0477577

5 9 0.0593427

6 9 0.0706936

7 9 0.0817654

8 9 0.0925146

9 9 0.102899

10 9 0.112877

11 9 0.122409

12 9 0.131458

13 9 0.139989

14 9 0.147967

15 9 0.155361

16 9 0.162142

17 9 0.168283

18 9 0.17376

19 9 0.178552

20 9 0.182638

21 9 0.186004

22 9 0.188636

23 9 0.190523

24 9 0.191658

25 9 0.192037

26 9 0.191658

27 9 0.190523

28 9 0.188636

29 9 0.186004

30 9 0.182638

31 9 0.178552

32 9 0.17376

33 9 0.168283

34 9 0.162142

35 9 0.155361

36 9 0.147967

37 9 0.139989

38 9 0.131458

39 9 0.122409

40 9 0.112877

41 9 0.102899

42 9 0.0925146

43 9 0.0817654

44 9 0.0706936

45 9 0.0593427

46 9 0.0477577

47 9 0.0359842

48 9 0.0240686

49 9 0.0120581

50 9 0

0 10 0

1 10 0.0132274

2 10 0.0264025

3 10 0.0394735

4 10 0.0523887

5 10 0.0650971

6 10 0.0775486

7 10 0.0896941

8 10 0.101486

9 10 0.112877

10 10 0.123822

11 10 0.134279

12 10 0.144206

13 10 0.153564

14 10 0.162315

15 10 0.170426

16 10 0.177865

17 10 0.184602

18 10 0.19061

19 10 0.195865

20 10 0.200348

21 10 0.20404

22 10 0.206927

23 10 0.208998

24 10 0.210243

25 10 0.210659

26 10 0.210243

27 10 0.208998

28 10 0.206927

29 10 0.20404

30 10 0.200348

31 10 0.195865

32 10 0.19061

33 10 0.184602

34 10 0.177865

35 10 0.170426

36 10 0.162315

37 10 0.153564

38 10 0.144206

39 10 0.134279

40 10 0.123822

41 10 0.112877

42 10 0.101486

43 10 0.0896941

44 10 0.0775486

45 10 0.0650971

46 10 0.0523887

47 10 0.0394735

48 10 0.0264025

49 10 0.0132274

50 10 0

0 11 0

1 11 0.0143444

2 11 0.0286322

3 11 0.0428071

4 11 0.0568129

5 11 0.0705946

6 11 0.0840976

7 11 0.0972688

8 11 0.110056

9 11 0.122409

10 11 0.134279

11 11 0.145619

12 11 0.156384

13 11 0.166532

14 11 0.176023

15 11 0.184819

16 11 0.192886

17 11 0.200191

18 11 0.206707

19 11 0.212406

20 11 0.217268

21 11 0.221272

22 11 0.224402

23 11 0.226648

24 11 0.227998

25 11 0.228449

26 11 0.227998

27 11 0.226648

28 11 0.224402

29 11 0.221272

30 11 0.217268

31 11 0.212406

32 11 0.206707

33 11 0.200191

34 11 0.192886

35 11 0.184819

36 11 0.176023

37 11 0.166532

38 11 0.156384

39 11 0.145619

40 11 0.134279

41 11 0.122409

42 11 0.110056

43 11 0.0972688

44 11 0.0840976

45 11 0.0705946

46 11 0.0568129

47 11 0.0428071

48 11 0.0286322

49 11 0.0143444

50 11 0

0 12 0

1 12 0.0154049

2 12 0.0307489

3 12 0.0459717

4 12 0.061013

5 12 0.0758135

6 12 0.0903148

7 12 0.10446

8 12 0.118192

9 12 0.131458

10 12 0.144206

11 12 0.156384

12 12 0.167945

13 12 0.178843

14 12 0.189036

15 12 0.198482

16 12 0.207145

17 12 0.214991

18 12 0.221988

19 12 0.228109

20 12 0.23333

21 12 0.23763

22 12 0.240992

23 12 0.243403

24 12 0.244853

25 12 0.245338

26 12 0.244853

27 12 0.243403

28 12 0.240992

29 12 0.23763

30 12 0.23333

31 12 0.228109

32 12 0.221988

33 12 0.214991

34 12 0.207145

35 12 0.198482

36 12 0.189036

37 12 0.178843

38 12 0.167945

39 12 0.156384

40 12 0.144206

41 12 0.131458

42 12 0.118192

43 12 0.10446

44 12 0.0903148

45 12 0.0758135

46 12 0.061013

47 12 0.0459717

48 12 0.0307489

49 12 0.0154049

50 12 0

0 13 0

1 13 0.0164045

2 13 0.0327443

3 13 0.0489549

4 13 0.0649722

5 13 0.0807331

6 13 0.0961755

7 13 0.111238

8 13 0.125862

9 13 0.139989

10 13 0.153564

11 13 0.166532

12 13 0.178843

13 13 0.190449

14 13 0.201303

15 13 0.211362

16 13 0.220587

17 13 0.228942

18 13 0.236393

19 13 0.242911

20 13 0.248471

21 13 0.25305

22 13 0.25663

23 13 0.259198

24 13 0.260742

25 13 0.261258

26 13 0.260742

27 13 0.259198

28 13 0.25663

29 13 0.25305

30 13 0.248471

31 13 0.242911

32 13 0.236393

33 13 0.228942

34 13 0.220587

35 13 0.211362

36 13 0.201303

37 13 0.190449

38 13 0.178843

39 13 0.166532

40 13 0.153564

41 13 0.139989

42 13 0.125862

43 13 0.111238

44 13 0.0961755

45 13 0.0807331

46 13 0.0649722

47 13 0.0489549

48 13 0.0327443

49 13 0.0164045

50 13 0

0 14 0

1 14 0.0173394

2 14 0.0346104

3 14 0.0517448

4 14 0.068675

5 14 0.0853342

6 14 0.101657

7 14 0.117578

8 14 0.133035

9 14 0.147967

10 14 0.162315

11 14 0.176023

12 14 0.189036

13 14 0.201303

14 14 0.212775

15 14 0.223408

16 14 0.233159

17 14 0.24199

18 14 0.249866

19 14 0.256755

20 14 0.262632

21 14 0.267472

22 14 0.271256

23 14 0.27397

24 14 0.275602

25 14 0.276147

26 14 0.275602

27 14 0.27397

28 14 0.271256

29 14 0.267472

30 14 0.262632

31 14 0.256755

32 14 0.249866

33 14 0.24199

34 14 0.233159

35 14 0.223408

36 14 0.212775

37 14 0.201303

38 14 0.189036

39 14 0.176023

40 14 0.162315

41 14 0.147967

42 14 0.133035

43 14 0.117578

44 14 0.101657

45 14 0.0853342

46 14 0.068675

47 14 0.0517448

48 14 0.0346104

49 14 0.0173394

50 14 0

0 15 0

1 15 0.0182059

2 15 0.03634

3 15 0.0543306

4 15 0.0721068

5 15 0.0895985

6 15 0.106737

7 15 0.123453

8 15 0.139683

9 15 0.155361

10 15 0.170426

11 15 0.184819

12 15 0.198482

13 15 0.211362

14 15 0.223408

15 15 0.234572

16 15 0.24481

17 15 0.254082

18 15 0.262352

19 15 0.269586

20 15 0.275756

21 15 0.280838

22 15 0.284811

23 15 0.28766

24 15 0.289375

25 15 0.289947

26 15 0.289375

27 15 0.28766

28 15 0.284811

29 15 0.280838

30 15 0.275756

31 15 0.269586

32 15 0.262352

33 15 0.254082

34 15 0.24481

35 15 0.234572

36 15 0.223408

37 15 0.211362

38 15 0.198482

39 15 0.184819

40 15 0.170426

41 15 0.155361

42 15 0.139683

43 15 0.123453

44 15 0.106737

45 15 0.0895985

46 15 0.0721068

47 15 0.0543306

48 15 0.03634

49 15 0.0182059

50 15 0

0 16 0

1 16 0.0190005

2 16 0.0379261

3 16 0.056702

4 16 0.0752541

5 16 0.0935092

6 16 0.111395

7 16 0.128842

8 16 0.14578

9 16 0.162142

10 16 0.177865

11 16 0.192886

12 16 0.207145

13 16 0.220587

14 16 0.233159

15 16 0.24481

16 16 0.255495

17 16 0.265172

18 16 0.273802

19 16 0.281352

20 16 0.287792

21 16 0.293095

22 16 0.297242

23 16 0.300216

24 16 0.302005

25 16 0.302602

26 16 0.302005

27 16 0.300216

28 16 0.297242

29 16 0.293095

30 16 0.287792

31 16 0.281352

32 16 0.273802

33 16 0.265172

34 16 0.255495

35 16 0.24481

36 16 0.233159

37 16 0.220587

38 16 0.207145

39 16 0.192886

40 16 0.177865

41 16 0.162142

42 16 0.14578

43 16 0.128842

44 16 0.111395

45 16 0.0935092

46 16 0.0752541

47 16 0.056702

48 16 0.0379261

49 16 0.0190005

50 16 0

0 17 0

1 17 0.0197202

2 17 0.0393625

3 17 0.0588495

4 17 0.0781043

5 17 0.0970508

6 17 0.115614

7 17 0.133722

8 17 0.151301

9 17 0.168283

10 17 0.184602

11 17 0.200191

12 17 0.214991

13 17 0.228942

14 17 0.24199

15 17 0.254082

16 17 0.265172

17 17 0.275216

18 17 0.284173

19 17 0.292008

20 17 0.298692

21 17 0.304196

22 17 0.3085

23 17 0.311587

24 17 0.313443

25 17 0.314063

26 17 0.313443

27 17 0.311587

28 17 0.3085

29 17 0.304196

30 17 0.298692

31 17 0.292008

32 17 0.284173

33 17 0.275216

34 17 0.265172

35 17 0.254082

36 17 0.24199

37 17 0.228942

38 17 0.214991

39 17 0.200191

40 17 0.184602

41 17 0.168283

42 17 0.151301

43 17 0.133722

44 17 0.115614

45 17 0.0970508

46 17 0.0781043

47 17 0.0588495

48 17 0.0393625

49 17 0.0197202

50 17 0

0 18 0

1 18 0.020362

2 18 0.0406436

3 18 0.0607649

4 18 0.0806463

5 18 0.100209

6 18 0.119377

7 18 0.138074

8 18 0.156225

9 18 0.17376

10 18 0.19061

11 18 0.206707

12 18 0.221988

13 18 0.236393

14 18 0.249866

15 18 0.262352

16 18 0.273802

17 18 0.284173

18 18 0.293421

19 18 0.301512

20 18 0.308413

21 18 0.314097

22 18 0.318541

23 18 0.321727

24 18 0.323645

25 18 0.324285

26 18 0.323645

27 18 0.321727

28 18 0.318541

29 18 0.314097

30 18 0.308413

31 18 0.301512

32 18 0.293421

33 18 0.284173

34 18 0.273802

35 18 0.262352

36 18 0.249866

37 18 0.236393

38 18 0.221988

39 18 0.206707

40 18 0.19061

41 18 0.17376

42 18 0.156225

43 18 0.138074

44 18 0.119377

45 18 0.100209

46 18 0.0806463

47 18 0.0607649

48 18 0.0406436

49 18 0.020362

50 18 0

0 19 0

1 19 0.0209234

2 19 0.0417643

3 19 0.0624404

4 19 0.08287

5 19 0.102973

6 19 0.122669

7 19 0.141881

8 19 0.160533

9 19 0.178552

10 19 0.195865

11 19 0.212406

12 19 0.228109

13 19 0.242911

14 19 0.256755

15 19 0.269586

16 19 0.281352

17 19 0.292008

18 19 0.301512

19 19 0.309826

20 19 0.316917

21 19 0.322757

22 19 0.327324

23 19 0.330599

24 19 0.332569

25 19 0.333226

26 19 0.332569

27 19 0.330599

28 19 0.327324

29 19 0.322757

30 19 0.316917

31 19 0.309826

32 19 0.301512

33 19 0.292008

34 19 0.281352

35 19 0.269586

36 19 0.256755

37 19 0.242911

38 19 0.228109

39 19 0.212406

40 19 0.195865

41 19 0.178552

42 19 0.160533

43 19 0.141881

44 19 0.122669

45 19 0.102973

46 19 0.08287

47 19 0.0624404

48 19 0.0417643

49 19 0.0209234

50 19 0

0 20 0

1 20 0.0214023

2 20 0.0427202

3 20 0.0638695

4 20 0.0847667

5 20 0.105329

6 20 0.125476

7 20 0.145128

8 20 0.164207

9 20 0.182638

10 20 0.200348

11 20 0.217268

12 20 0.23333

13 20 0.248471

14 20 0.262632

15 20 0.275756

16 20 0.287792

17 20 0.298692

18 20 0.308413

19 20 0.316917

20 20 0.32417

21 20 0.330144

22 20 0.334815

23 20 0.338165

24 20 0.34018

25 20 0.340853

26 20 0.34018

27 20 0.338165

28 20 0.334815

29 20 0.330144

30 20 0.32417

31 20 0.316917

32 20 0.308413

33 20 0.298692

34 20 0.287792

35 20 0.275756

36 20 0.262632

37 20 0.248471

38 20 0.23333

39 20 0.217268

40 20 0.200348

41 20 0.182638

42 20 0.164207

43 20 0.145128

44 20 0.125476

45 20 0.105329

46 20 0.0847667

47 20 0.0638695

48 20 0.0427202

49 20 0.0214023

50 20 0

0 21 0

1 21 0.0217967

2 21 0.0435075

3 21 0.0650465

4 21 0.0863288

5 21 0.10727

6 21 0.127789

7 21 0.147803

8 21 0.167233

9 21 0.186004

10 21 0.20404

11 21 0.221272

12 21 0.23763

13 21 0.25305

14 21 0.267472

15 21 0.280838

16 21 0.293095

17 21 0.304196

18 21 0.314097

19 21 0.322757

20 21 0.330144

21 21 0.336228

22 21 0.340986

23 21 0.344397

24 21 0.346449

25 21 0.347134

26 21 0.346449

27 21 0.344397

28 21 0.340986

29 21 0.336228

30 21 0.330144

31 21 0.322757

32 21 0.314097

33 21 0.304196

34 21 0.293095

35 21 0.280838

36 21 0.267472

37 21 0.25305

38 21 0.23763

39 21 0.221272

40 21 0.20404

41 21 0.186004

42 21 0.167233

43 21 0.147803

44 21 0.127789

45 21 0.10727

46 21 0.0863288

47 21 0.0650465

48 21 0.0435075

49 21 0.0217967

50 21 0

0 22 0

1 22 0.0221051

2 22 0.044123

3 22 0.0659668

4 22 0.0875502

5 22 0.108788

6 22 0.129597

7 22 0.149894

8 22 0.169599

9 22 0.188636

10 22 0.206927

11 22 0.224402

12 22 0.240992

13 22 0.25663

14 22 0.271256

15 22 0.284811

16 22 0.297242

17 22 0.3085

18 22 0.318541

19 22 0.327324

20 22 0.334815

21 22 0.340986

22 22 0.34581

23 22 0.34927

24 22 0.351351

25 22 0.352046

26 22 0.351351

27 22 0.34927

28 22 0.34581

29 22 0.340986

30 22 0.334815

31 22 0.327324

32 22 0.318541

33 22 0.3085

34 22 0.297242

35 22 0.284811

36 22 0.271256

37 22 0.25663

38 22 0.240992

39 22 0.224402

40 22 0.206927

41 22 0.188636

42 22 0.169599

43 22 0.149894

44 22 0.129597

45 22 0.108788

46 22 0.0875502

47 22 0.0659668

48 22 0.044123

49 22 0.0221051

50 22 0

0 23 0

1 23 0.0223263

2 23 0.0445645

3 23 0.0666268

4 23 0.0884261

5 23 0.109877

6 23 0.130893

7 23 0.151393

8 23 0.171296

9 23 0.190523

10 23 0.208998

11 23 0.226648

12 23 0.243403

13 23 0.259198

14 23 0.27397

15 23 0.28766

16 23 0.300216

17 23 0.311587

18 23 0.321727

19 23 0.330599

20 23 0.338165

21 23 0.344397

22 23 0.34927

23 23 0.352764

24 23 0.354866

25 23 0.355568

26 23 0.354866

27 23 0.352764

28 23 0.34927

29 23 0.344397

30 23 0.338165

31 23 0.330599

32 23 0.321727

33 23 0.311587

34 23 0.300216

35 23 0.28766

36 23 0.27397

37 23 0.259198

38 23 0.243403

39 23 0.226648

40 23 0.208998

41 23 0.190523

42 23 0.171296

43 23 0.151393

44 23 0.130893

45 23 0.109877

46 23 0.0884261

47 23 0.0666268

48 23 0.0445645

49 23 0.0223263

50 23 0

0 24 0

1 24 0.0224593

2 24 0.04483

3 24 0.0670238

4 24 0.0889531

5 24 0.110531

6 24 0.131673

7 24 0.152296

8 24 0.172317

9 24 0.191658

10 24 0.210243

11 24 0.227998

12 24 0.244853

13 24 0.260742

14 24 0.275602

15 24 0.289375

16 24 0.302005

17 24 0.313443

18 24 0.323645

19 24 0.332569

20 24 0.34018

21 24 0.346449

22 24 0.351351

23 24 0.354866

24 24 0.356981

25 24 0.357687

26 24 0.356981

27 24 0.354866

28 24 0.351351

29 24 0.346449

30 24 0.34018

31 24 0.332569

32 24 0.323645

33 24 0.313443

34 24 0.302005

35 24 0.289375

36 24 0.275602

37 24 0.260742

38 24 0.244853

39 24 0.227998

40 24 0.210243

41 24 0.191658

42 24 0.172317

43 24 0.152296

44 24 0.131673

45 24 0.110531

46 24 0.0889531

47 24 0.0670238

48 24 0.04483

49 24 0.0224593

50 24 0

0 25 0

1 25 0.0225037

2 25 0.0449187

3 25 0.0671563

4 25 0.0891289

5 25 0.11075

6 25 0.131934

7 25 0.152597

8 25 0.172658

9 25 0.192037

10 25 0.210659

11 25 0.228449

12 25 0.245338

13 25 0.261258

14 25 0.276147

15 25 0.289947

16 25 0.302602

17 25 0.314063

18 25 0.324285

19 25 0.333226

20 25 0.340853

21 25 0.347134

22 25 0.352046

23 25 0.355568

24 25 0.357687

25 25 0.358394

26 25 0.357687

27 25 0.355568

28 25 0.352046

29 25 0.347134

30 25 0.340853

31 25 0.333226

32 25 0.324285

33 25 0.314063

34 25 0.302602

35 25 0.289947

36 25 0.276147

37 25 0.261258

38 25 0.245338

39 25 0.228449

40 25 0.210659

41 25 0.192037

42 25 0.172658

43 25 0.152597

44 25 0.131934

45 25 0.11075

46 25 0.0891289

47 25 0.0671563

48 25 0.0449187

49 25 0.0225037

50 25 0

0 26 0

1 26 0.0224593

2 26 0.04483

3 26 0.0670238

4 26 0.0889531

5 26 0.110531

6 26 0.131673

7 26 0.152296

8 26 0.172317

9 26 0.191658

10 26 0.210243

11 26 0.227998

12 26 0.244853

13 26 0.260742

14 26 0.275602

15 26 0.289375

16 26 0.302005

17 26 0.313443

18 26 0.323645

19 26 0.332569

20 26 0.34018

21 26 0.346449

22 26 0.351351

23 26 0.354866

24 26 0.356981

25 26 0.357687

26 26 0.356981

27 26 0.354866

28 26 0.351351

29 26 0.346449

30 26 0.34018

31 26 0.332569

32 26 0.323645

33 26 0.313443

34 26 0.302005

35 26 0.289375

36 26 0.275602

37 26 0.260742

38 26 0.244853

39 26 0.227998

40 26 0.210243

41 26 0.191658

42 26 0.172317

43 26 0.152296

44 26 0.131673

45 26 0.110531

46 26 0.0889531

47 26 0.0670238

48 26 0.04483

49 26 0.0224593

50 26 0

0 27 0

1 27 0.0223263

2 27 0.0445645

3 27 0.0666268

4 27 0.0884261

5 27 0.109877

6 27 0.130893

7 27 0.151393

8 27 0.171296

9 27 0.190523

10 27 0.208998

11 27 0.226648

12 27 0.243403

13 27 0.259198

14 27 0.27397

15 27 0.28766

16 27 0.300216

17 27 0.311587

18 27 0.321727

19 27 0.330599

20 27 0.338165

21 27 0.344397

22 27 0.34927

23 27 0.352764

24 27 0.354866

25 27 0.355568

26 27 0.354866

27 27 0.352764

28 27 0.34927

29 27 0.344397

30 27 0.338165

31 27 0.330599

32 27 0.321727

33 27 0.311587

34 27 0.300216

35 27 0.28766

36 27 0.27397

37 27 0.259198

38 27 0.243403

39 27 0.226648

40 27 0.208998

41 27 0.190523

42 27 0.171296

43 27 0.151393

44 27 0.130893

45 27 0.109877

46 27 0.0884261

47 27 0.0666268

48 27 0.0445645

49 27 0.0223263

50 27 0

0 28 0

1 28 0.0221051

2 28 0.044123

3 28 0.0659668

4 28 0.0875502

5 28 0.108788

6 28 0.129597

7 28 0.149894

8 28 0.169599

9 28 0.188636

10 28 0.206927

11 28 0.224402

12 28 0.240992

13 28 0.25663

14 28 0.271256

15 28 0.284811

16 28 0.297242

17 28 0.3085

18 28 0.318541

19 28 0.327324

20 28 0.334815

21 28 0.340986

22 28 0.34581

23 28 0.34927

24 28 0.351351

25 28 0.352046

26 28 0.351351

27 28 0.34927

28 28 0.34581

29 28 0.340986

30 28 0.334815

31 28 0.327324

32 28 0.318541

33 28 0.3085

34 28 0.297242

35 28 0.284811

36 28 0.271256

37 28 0.25663

38 28 0.240992

39 28 0.224402

40 28 0.206927

41 28 0.188636

42 28 0.169599

43 28 0.149894

44 28 0.129597

45 28 0.108788

46 28 0.0875502

47 28 0.0659668

48 28 0.044123

49 28 0.0221051

50 28 0

0 29 0

1 29 0.0217967

2 29 0.0435075

3 29 0.0650465

4 29 0.0863288

5 29 0.10727

6 29 0.127789

7 29 0.147803

8 29 0.167233

9 29 0.186004

10 29 0.20404

11 29 0.221272

12 29 0.23763

13 29 0.25305

14 29 0.267472

15 29 0.280838

16 29 0.293095

17 29 0.304196

18 29 0.314097

19 29 0.322757

20 29 0.330144

21 29 0.336228

22 29 0.340986

23 29 0.344397

24 29 0.346449

25 29 0.347134

26 29 0.346449

27 29 0.344397

28 29 0.340986

29 29 0.336228

30 29 0.330144

31 29 0.322757

32 29 0.314097

33 29 0.304196

34 29 0.293095

35 29 0.280838

36 29 0.267472

37 29 0.25305

38 29 0.23763

39 29 0.221272

40 29 0.20404

41 29 0.186004

42 29 0.167233

43 29 0.147803

44 29 0.127789

45 29 0.10727

46 29 0.0863288

47 29 0.0650465

48 29 0.0435075

49 29 0.0217967

50 29 0

0 30 0

1 30 0.0214023

2 30 0.0427202

3 30 0.0638695

4 30 0.0847667

5 30 0.105329

6 30 0.125476

7 30 0.145128

8 30 0.164207

9 30 0.182638

10 30 0.200348

11 30 0.217268

12 30 0.23333

13 30 0.248471

14 30 0.262632

15 30 0.275756

16 30 0.287792

17 30 0.298692

18 30 0.308413

19 30 0.316917

20 30 0.32417

21 30 0.330144

22 30 0.334815

23 30 0.338165

24 30 0.34018

25 30 0.340853

26 30 0.34018

27 30 0.338165

28 30 0.334815

29 30 0.330144

30 30 0.32417

31 30 0.316917

32 30 0.308413

33 30 0.298692

34 30 0.287792

35 30 0.275756

36 30 0.262632

37 30 0.248471

38 30 0.23333

39 30 0.217268

40 30 0.200348

41 30 0.182638

42 30 0.164207

43 30 0.145128

44 30 0.125476

45 30 0.105329

46 30 0.0847667

47 30 0.0638695

48 30 0.0427202

49 30 0.0214023

50 30 0

0 31 0

1 31 0.0209234

2 31 0.0417643

3 31 0.0624404

4 31 0.08287

5 31 0.102973

6 31 0.122669

7 31 0.141881

8 31 0.160533

9 31 0.178552

10 31 0.195865

11 31 0.212406

12 31 0.228109

13 31 0.242911

14 31 0.256755

15 31 0.269586

16 31 0.281352

17 31 0.292008

18 31 0.301512

19 31 0.309826

20 31 0.316917

21 31 0.322757

22 31 0.327324

23 31 0.330599

24 31 0.332569

25 31 0.333226

26 31 0.332569

27 31 0.330599

28 31 0.327324

29 31 0.322757

30 31 0.316917

31 31 0.309826

32 31 0.301512

33 31 0.292008

34 31 0.281352

35 31 0.269586

36 31 0.256755

37 31 0.242911

38 31 0.228109

39 31 0.212406

40 31 0.195865

41 31 0.178552

42 31 0.160533

43 31 0.141881

44 31 0.122669

45 31 0.102973

46 31 0.08287

47 31 0.0624404

48 31 0.0417643

49 31 0.0209234

50 31 0

0 32 0

1 32 0.020362

2 32 0.0406436

3 32 0.0607649

4 32 0.0806463

5 32 0.100209

6 32 0.119377

7 32 0.138074

8 32 0.156225

9 32 0.17376

10 32 0.19061

11 32 0.206707

12 32 0.221988

13 32 0.236393

14 32 0.249866

15 32 0.262352

16 32 0.273802

17 32 0.284173

18 32 0.293421

19 32 0.301512

20 32 0.308413

21 32 0.314097

22 32 0.318541

23 32 0.321727

24 32 0.323645

25 32 0.324285

26 32 0.323645

27 32 0.321727

28 32 0.318541

29 32 0.314097

30 32 0.308413

31 32 0.301512

32 32 0.293421

33 32 0.284173

34 32 0.273802

35 32 0.262352

36 32 0.249866

37 32 0.236393

38 32 0.221988

39 32 0.206707

40 32 0.19061

41 32 0.17376

42 32 0.156225

43 32 0.138074

44 32 0.119377

45 32 0.100209

46 32 0.0806463

47 32 0.0607649

48 32 0.0406436

49 32 0.020362

50 32 0

0 33 0

1 33 0.0197202

2 33 0.0393625

3 33 0.0588495

4 33 0.0781043

5 33 0.0970508

6 33 0.115614

7 33 0.133722

8 33 0.151301

9 33 0.168283

10 33 0.184602

11 33 0.200191

12 33 0.214991

13 33 0.228942

14 33 0.24199

15 33 0.254082

16 33 0.265172

17 33 0.275216

18 33 0.284173

19 33 0.292008

20 33 0.298692

21 33 0.304196

22 33 0.3085

23 33 0.311587

24 33 0.313443

25 33 0.314063

26 33 0.313443

27 33 0.311587

28 33 0.3085

29 33 0.304196

30 33 0.298692

31 33 0.292008

32 33 0.284173

33 33 0.275216

34 33 0.265172

35 33 0.254082

36 33 0.24199

37 33 0.228942

38 33 0.214991

39 33 0.200191

40 33 0.184602

41 33 0.168283

42 33 0.151301

43 33 0.133722

44 33 0.115614

45 33 0.0970508

46 33 0.0781043

47 33 0.0588495

48 33 0.0393625

49 33 0.0197202

50 33 0

0 34 0

1 34 0.0190005

2 34 0.0379261

3 34 0.056702

4 34 0.0752541

5 34 0.0935092

6 34 0.111395

7 34 0.128842

8 34 0.14578

9 34 0.162142

10 34 0.177865

11 34 0.192886

12 34 0.207145

13 34 0.220587

14 34 0.233159

15 34 0.24481

16 34 0.255495

17 34 0.265172

18 34 0.273802

19 34 0.281352

20 34 0.287792

21 34 0.293095

22 34 0.297242

23 34 0.300216

24 34 0.302005

25 34 0.302602

26 34 0.302005

27 34 0.300216

28 34 0.297242

29 34 0.293095

30 34 0.287792

31 34 0.281352

32 34 0.273802

33 34 0.265172

34 34 0.255495

35 34 0.24481

36 34 0.233159

37 34 0.220587

38 34 0.207145

39 34 0.192886

40 34 0.177865

41 34 0.162142

42 34 0.14578

43 34 0.128842

44 34 0.111395

45 34 0.0935092

46 34 0.0752541

47 34 0.056702

48 34 0.0379261

49 34 0.0190005

50 34 0

0 35 0

1 35 0.0182059

2 35 0.03634

3 35 0.0543306

4 35 0.0721068

5 35 0.0895985

6 35 0.106737

7 35 0.123453

8 35 0.139683

9 35 0.155361

10 35 0.170426

11 35 0.184819

12 35 0.198482

13 35 0.211362

14 35 0.223408

15 35 0.234572

16 35 0.24481

17 35 0.254082

18 35 0.262352

19 35 0.269586

20 35 0.275756

21 35 0.280838

22 35 0.284811

23 35 0.28766

24 35 0.289375

25 35 0.289947

26 35 0.289375

27 35 0.28766

28 35 0.284811

29 35 0.280838

30 35 0.275756

31 35 0.269586

32 35 0.262352

33 35 0.254082

34 35 0.24481

35 35 0.234572

36 35 0.223408

37 35 0.211362

38 35 0.198482

39 35 0.184819

40 35 0.170426

41 35 0.155361

42 35 0.139683

43 35 0.123453

44 35 0.106737

45 35 0.0895985

46 35 0.0721068

47 35 0.0543306

48 35 0.03634

49 35 0.0182059

50 35 0

0 36 0

1 36 0.0173394

2 36 0.0346104

3 36 0.0517448

4 36 0.068675

5 36 0.0853342

6 36 0.101657

7 36 0.117578

8 36 0.133035

9 36 0.147967

10 36 0.162315

11 36 0.176023

12 36 0.189036

13 36 0.201303

14 36 0.212775

15 36 0.223408

16 36 0.233159

17 36 0.24199

18 36 0.249866

19 36 0.256755

20 36 0.262632

21 36 0.267472

22 36 0.271256

23 36 0.27397

24 36 0.275602

25 36 0.276147

26 36 0.275602

27 36 0.27397

28 36 0.271256

29 36 0.267472

30 36 0.262632

31 36 0.256755

32 36 0.249866

33 36 0.24199

34 36 0.233159

35 36 0.223408

36 36 0.212775

37 36 0.201303

38 36 0.189036

39 36 0.176023

40 36 0.162315

41 36 0.147967

42 36 0.133035

43 36 0.117578

44 36 0.101657

45 36 0.0853342

46 36 0.068675

47 36 0.0517448

48 36 0.0346104

49 36 0.0173394

50 36 0

0 37 0

1 37 0.0164045

2 37 0.0327443

3 37 0.0489549

4 37 0.0649722

5 37 0.0807331

6 37 0.0961755

7 37 0.111238

8 37 0.125862

9 37 0.139989

10 37 0.153564

11 37 0.166532

12 37 0.178843

13 37 0.190449

14 37 0.201303

15 37 0.211362

16 37 0.220587

17 37 0.228942

18 37 0.236393

19 37 0.242911

20 37 0.248471

21 37 0.25305

22 37 0.25663

23 37 0.259198

24 37 0.260742

25 37 0.261258

26 37 0.260742

27 37 0.259198

28 37 0.25663

29 37 0.25305

30 37 0.248471

31 37 0.242911

32 37 0.236393

33 37 0.228942

34 37 0.220587

35 37 0.211362

36 37 0.201303

37 37 0.190449

38 37 0.178843

39 37 0.166532

40 37 0.153564

41 37 0.139989

42 37 0.125862

43 37 0.111238

44 37 0.0961755

45 37 0.0807331

46 37 0.0649722

47 37 0.0489549

48 37 0.0327443

49 37 0.0164045

50 37 0

0 38 0

1 38 0.0154049

2 38 0.0307489

3 38 0.0459717

4 38 0.061013

5 38 0.0758135

6 38 0.0903148

7 38 0.10446

8 38 0.118192

9 38 0.131458

10 38 0.144206

11 38 0.156384

12 38 0.167945

13 38 0.178843

14 38 0.189036

15 38 0.198482

16 38 0.207145

17 38 0.214991

18 38 0.221988

19 38 0.228109

20 38 0.23333

21 38 0.23763

22 38 0.240992

23 38 0.243403

24 38 0.244853

25 38 0.245338

26 38 0.244853

27 38 0.243403

28 38 0.240992

29 38 0.23763

30 38 0.23333

31 38 0.228109

32 38 0.221988

33 38 0.214991

34 38 0.207145

35 38 0.198482

36 38 0.189036

37 38 0.178843

38 38 0.167945

39 38 0.156384

40 38 0.144206

41 38 0.131458

42 38 0.118192

43 38 0.10446

44 38 0.0903148

45 38 0.0758135

46 38 0.061013

47 38 0.0459717

48 38 0.0307489

49 38 0.0154049

50 38 0

0 39 0

1 39 0.0143444

2 39 0.0286322

3 39 0.0428071

4 39 0.0568129

5 39 0.0705946

6 39 0.0840976

7 39 0.0972688

8 39 0.110056

9 39 0.122409

10 39 0.134279

11 39 0.145619

12 39 0.156384

13 39 0.166532

14 39 0.176023

15 39 0.184819

16 39 0.192886

17 39 0.200191

18 39 0.206707

19 39 0.212406

20 39 0.217268

21 39 0.221272

22 39 0.224402

23 39 0.226648

24 39 0.227998

25 39 0.228449

26 39 0.227998

27 39 0.226648

28 39 0.224402

29 39 0.221272

30 39 0.217268

31 39 0.212406

32 39 0.206707

33 39 0.200191

34 39 0.192886

35 39 0.184819

36 39 0.176023

37 39 0.166532

38 39 0.156384

39 39 0.145619

40 39 0.134279

41 39 0.122409

42 39 0.110056

43 39 0.0972688

44 39 0.0840976

45 39 0.0705946

46 39 0.0568129

47 39 0.0428071

48 39 0.0286322

49 39 0.0143444

50 39 0

0 40 0

1 40 0.0132274

2 40 0.0264025

3 40 0.0394735

4 40 0.0523887

5 40 0.0650971

6 40 0.0775486

7 40 0.0896941

8 40 0.101486

9 40 0.112877

10 40 0.123822

11 40 0.134279

12 40 0.144206

13 40 0.153564

14 40 0.162315

15 40 0.170426

16 40 0.177865

17 40 0.184602

18 40 0.19061

19 40 0.195865

20 40 0.200348

21 40 0.20404

22 40 0.206927

23 40 0.208998

24 40 0.210243

25 40 0.210659

26 40 0.210243

27 40 0.208998

28 40 0.206927

29 40 0.20404

30 40 0.200348

31 40 0.195865

32 40 0.19061

33 40 0.184602

34 40 0.177865

35 40 0.170426

36 40 0.162315

37 40 0.153564

38 40 0.144206

39 40 0.134279

40 40 0.123822

41 40 0.112877

42 40 0.101486

43 40 0.0896941

44 40 0.0775486

45 40 0.0650971

46 40 0.0523887

47 40 0.0394735

48 40 0.0264025

49 40 0.0132274

50 40 0

0 41 0

1 41 0.0120581

2 41 0.0240686

3 41 0.0359842

4 41 0.0477577

5 41 0.0593427

6 41 0.0706936

7 41 0.0817654

8 41 0.0925146

9 41 0.102899

10 41 0.112877

11 41 0.122409

12 41 0.131458

13 41 0.139989

14 41 0.147967

15 41 0.155361

16 41 0.162142

17 41 0.168283

18 41 0.17376

19 41 0.178552

20 41 0.182638

21 41 0.186004

22 41 0.188636

23 41 0.190523

24 41 0.191658

25 41 0.192037

26 41 0.191658

27 41 0.190523

28 41 0.188636

29 41 0.186004

30 41 0.182638

31 41 0.178552

32 41 0.17376

33 41 0.168283

34 41 0.162142

35 41 0.155361

36 41 0.147967

37 41 0.139989

38 41 0.131458

39 41 0.122409

40 41 0.112877

41 41 0.102899

42 41 0.0925146

43 41 0.0817654

44 41 0.0706936

45 41 0.0593427

46 41 0.0477577

47 41 0.0359842

48 41 0.0240686

49 41 0.0120581

50 41 0

0 42 0

1 42 0.0108413

2 42 0.0216397

3 42 0.0323528

4 42 0.0429382

5 42 0.0533541

6 42 0.0635595

7 42 0.073514

8 42 0.0831784

9 42 0.0925146

10 42 0.101486

11 42 0.110056

12 42 0.118192

13 42 0.125862

14 42 0.133035

15 42 0.139683

16 42 0.14578

17 42 0.151301

18 42 0.156225

19 42 0.160533

20 42 0.164207

21 42 0.167233

22 42 0.169599

23 42 0.171296

24 42 0.172317

25 42 0.172658

26 42 0.172317

27 42 0.171296

28 42 0.169599

29 42 0.167233

30 42 0.164207

31 42 0.160533

32 42 0.156225

33 42 0.151301

34 42 0.14578

35 42 0.139683

36 42 0.133035

37 42 0.125862

38 42 0.118192

39 42 0.110056

40 42 0.101486

41 42 0.0925146

42 42 0.0831784

43 42 0.073514

44 42 0.0635595

45 42 0.0533541

46 42 0.0429382

47 42 0.0323528

48 42 0.0216397

49 42 0.0108413

50 42 0

0 43 0

1 43 0.00958163

2 43 0.0191254

3 43 0.0285938

4 43 0.0379493

5 43 0.047155

6 43 0.0561746

7 43 0.0649725

8 43 0.073514

9 43 0.0817654

10 43 0.0896941

11 43 0.0972688

12 43 0.10446

13 43 0.111238

14 43 0.117578

15 43 0.123453

16 43 0.128842

17 43 0.133722

18 43 0.138074

19 43 0.141881

20 43 0.145128

21 43 0.147803

22 43 0.149894

23 43 0.151393

24 43 0.152296

25 43 0.152597

26 43 0.152296

27 43 0.151393

28 43 0.149894

29 43 0.147803

30 43 0.145128

31 43 0.141881

32 43 0.138074

33 43 0.133722

34 43 0.128842

35 43 0.123453

36 43 0.117578

37 43 0.111238

38 43 0.10446

39 43 0.0972688

40 43 0.0896941

41 43 0.0817654

42 43 0.073514

43 43 0.0649725

44 43 0.0561746

45 43 0.047155

46 43 0.0379493

47 43 0.0285938

48 43 0.0191254

49 43 0.00958163

50 43 0

0 44 0

1 44 0.00828418

2 44 0.0165357

3 44 0.0247219

4 44 0.0328106

5 44 0.0407697

6 44 0.048568

7 44 0.0561746

8 44 0.0635595

9 44 0.0706936

10 44 0.0775486

11 44 0.0840976

12 44 0.0903148

13 44 0.0961755

14 44 0.101657

15 44 0.106737

16 44 0.111395

17 44 0.115614

18 44 0.119377

19 44 0.122669

20 44 0.125476

21 44 0.127789

22 44 0.129597

23 44 0.130893

24 44 0.131673

25 44 0.131934

26 44 0.131673

27 44 0.130893

28 44 0.129597

29 44 0.127789

30 44 0.125476

31 44 0.122669

32 44 0.119377

33 44 0.115614

34 44 0.111395

35 44 0.106737

36 44 0.101657

37 44 0.0961755

38 44 0.0903148

39 44 0.0840976

40 44 0.0775486

41 44 0.0706936

42 44 0.0635595

43 44 0.0561746

44 44 0.048568

45 44 0.0407697

46 44 0.0328106

47 44 0.0247219

48 44 0.0165357

49 44 0.00828418

50 44 0

0 45 0

1 45 0.00695404

2 45 0.0138806

3 45 0.0207524

4 45 0.0275424

5 45 0.0342236

6 45 0.0407697

7 45 0.047155

8 45 0.0533541

9 45 0.0593427

10 45 0.0650971

11 45 0.0705946

12 45 0.0758135

13 45 0.0807331

14 45 0.0853342

15 45 0.0895985

16 45 0.0935092

17 45 0.0970508

18 45 0.100209

19 45 0.102973

20 45 0.105329

21 45 0.10727

22 45 0.108788

23 45 0.109877

24 45 0.110531

25 45 0.11075

26 45 0.110531

27 45 0.109877

28 45 0.108788

29 45 0.10727

30 45 0.105329

31 45 0.102973

32 45 0.100209

33 45 0.0970508

34 45 0.0935092

35 45 0.0895985

36 45 0.0853342

37 45 0.0807331

38 45 0.0758135

39 45 0.0705946

40 45 0.0650971

41 45 0.0593427

42 45 0.0533541

43 45 0.047155

44 45 0.0407697

45 45 0.0342236

46 45 0.0275424

47 45 0.0207524

48 45 0.0138806

49 45 0.00695404

50 45 0

0 46 0

1 46 0.00559645

2 46 0.0111708

3 46 0.0167011

4 46 0.0221655

5 46 0.0275424

6 46 0.0328106

7 46 0.0379493

8 46 0.0429382

9 46 0.0477577

10 46 0.0523887

11 46 0.0568129

12 46 0.061013

13 46 0.0649722

14 46 0.068675

15 46 0.0721068

16 46 0.0752541

17 46 0.0781043

18 46 0.0806463

19 46 0.08287

20 46 0.0847667

21 46 0.0863288

22 46 0.0875502

23 46 0.0884261

24 46 0.0889531

25 46 0.0891289

26 46 0.0889531

27 46 0.0884261

28 46 0.0875502

29 46 0.0863288

30 46 0.0847667

31 46 0.08287

32 46 0.0806463

33 46 0.0781043

34 46 0.0752541

35 46 0.0721068

36 46 0.068675

37 46 0.0649722

38 46 0.061013

39 46 0.0568129

40 46 0.0523887

41 46 0.0477577

42 46 0.0429382

43 46 0.0379493

44 46 0.0328106

45 46 0.0275424

46 46 0.0221655

47 46 0.0167011

48 46 0.0111708

49 46 0.00559645

50 46 0

0 47 0

1 47 0.00421678

2 47 0.00841692

3 47 0.0125838

4 47 0.0167011

5 47 0.0207524

6 47 0.0247219

7 47 0.0285938

8 47 0.0323528

9 47 0.0359842

10 47 0.0394735

11 47 0.0428071

12 47 0.0459717

13 47 0.0489549

14 47 0.0517448

15 47 0.0543306

16 47 0.056702

17 47 0.0588495

18 47 0.0607649

19 47 0.0624404

20 47 0.0638695

21 47 0.0650465

22 47 0.0659668

23 47 0.0666268

24 47 0.0670238

25 47 0.0671563

26 47 0.0670238

27 47 0.0666268

28 47 0.0659668

29 47 0.0650465

30 47 0.0638695

31 47 0.0624404

32 47 0.0607649

33 47 0.0588495

34 47 0.056702

35 47 0.0543306

36 47 0.0517448

37 47 0.0489549

38 47 0.0459717

39 47 0.0428071

40 47 0.0394735

41 47 0.0359842

42 47 0.0323528

43 47 0.0285938

44 47 0.0247219

45 47 0.0207524

46 47 0.0167011

47 47 0.0125838

48 47 0.00841692

49 47 0.00421678

50 47 0

0 48 0

1 48 0.00282047

2 48 0.0056298

3 48 0.00841692

4 48 0.0111708

5 48 0.0138806

6 48 0.0165357

7 48 0.0191254

8 48 0.0216397

9 48 0.0240686

10 48 0.0264025

11 48 0.0286322

12 48 0.0307489

13 48 0.0327443

14 48 0.0346104

15 48 0.03634

16 48 0.0379261

17 48 0.0393625

18 48 0.0406436

19 48 0.0417643

20 48 0.0427202

21 48 0.0435075

22 48 0.044123

23 48 0.0445645

24 48 0.04483

25 48 0.0449187

26 48 0.04483

27 48 0.0445645

28 48 0.044123

29 48 0.0435075

30 48 0.0427202

31 48 0.0417643

32 48 0.0406436

33 48 0.0393625

34 48 0.0379261

35 48 0.03634

36 48 0.0346104

37 48 0.0327443

38 48 0.0307489

39 48 0.0286322

40 48 0.0264025

41 48 0.0240686

42 48 0.0216397

43 48 0.0191254

44 48 0.0165357

45 48 0.0138806

46 48 0.0111708

47 48 0.00841692

48 48 0.0056298

49 48 0.00282047

50 48 0

0 49 0

1 49 0.00141302

2 49 0.00282047

3 49 0.00421678

4 49 0.00559645

5 49 0.00695404

6 49 0.00828418

7 49 0.00958163

8 49 0.0108413

9 49 0.0120581

10 49 0.0132274

11 49 0.0143444

12 49 0.0154049

13 49 0.0164045

14 49 0.0173394

15 49 0.0182059

16 49 0.0190005

17 49 0.0197202

18 49 0.020362

19 49 0.0209234

20 49 0.0214023

21 49 0.0217967

22 49 0.0221051

23 49 0.0223263

24 49 0.0224593

25 49 0.0225037

26 49 0.0224593

27 49 0.0223263

28 49 0.0221051

29 49 0.0217967

30 49 0.0214023

31 49 0.0209234

32 49 0.020362

33 49 0.0197202

34 49 0.0190005

35 49 0.0182059

36 49 0.0173394

37 49 0.0164045

38 49 0.0154049

39 49 0.0143444

40 49 0.0132274

41 49 0.0120581

42 49 0.0108413

43 49 0.00958163

44 49 0.00828418

45 49 0.00695404

46 49 0.00559645

47 49 0.00421678

48 49 0.00282047

49 49 0.00141302

50 49 0

