0 1 0

1 1 0.000439345

2 1 0.000876956

3 1 0.00131111

4 1 0.00174008

5 1 0.00216219

6 1 0.00257577

7 1 0.00297917

8 1 0.00337083

9 1 0.00374918

10 1 0.00411273

11 1 0.00446005

12 1 0.00478977

13 1 0.00510059

14 1 0.00539128

15 1 0.00566069

16 1 0.00590776

17 1 0.00613151

18 1 0.00633107

19 1 0.00650564

20 1 0.00665454

21 1 0.00677717

22 1 0.00687306

23 1 0.00694182

24 1 0.00698319

25 1 0.00699699

26 1 0.00698319

27 1 0.00694182

28 1 0.00687306

29 1 0.00677717

30 1 0.00665454

31 1 0.00650564

32 1 0.00633107

33 1 0.00613151

34 1 0.00590776

35 1 0.00566069

36 1 0.00539128

37 1 0.00510059

38 1 0.00478977

39 1 0.00446005

40 1 0.00411273

41 1 0.00374918

42 1 0.00337083

43 1 0.00297917

44 1 0.00257577

45 1 0.00216219

46 1 0.00174008

47 1 0.00131111

48 1 0.000876956

49 1 0.000439345

50 1 0

0 2 0

1 2 0.000876956

2 2 0.00175045

3 2 0.00261704

4 2 0.0034733

5 2 0.00431585

6 2 0.00514136

7 2 0.00594659

8 2 0.00672835

9 2 0.00748356

10 2 0.00820923

11 2 0.0089025

12 2 0.00956064

13 2 0.010181

14 2 0.0107613

15 2 0.011299

16 2 0.0117922

17 2 0.0122388

18 2 0.0126372

19 2 0.0129856

20 2 0.0132828

21 2 0.0135276

22 2 0.013719

23 2 0.0138562

24 2 0.0139388

25 2 0.0139664

26 2 0.0139388

27 2 0.0138562

28 2 0.013719

29 2 0.0135276

30 2 0.0132828

31 2 0.0129856

32 2 0.0126372

33 2 0.0122388

34 2 0.0117922

35 2 0.011299

36 2 0.0107613

37 2 0.010181

38 2 0.00956064

39 2 0.0089025

40 2 0.00820923

41 2 0.00748356

42 2 0.00672835

43 2 0.00594659

44 2 0.00514136

45 2 0.00431585

46 2 0.0034733

47 2 0.00261704

48 2 0.00175045

49 2 0.000876956

50 2 0

0 3 0

1 3 0.00131111

2 3 0.00261704

3 3 0.00391264

4 3 0.0051928

5 3 0.00645247

6 3 0.00768667

7 3 0.00889054

8 3 0.0100593

9 3 0.0111884

10 3 0.0122733

11 3 0.0133098

12 3 0.0142938

13 3 0.0152213

14 3 0.0160888

15 3 0.0168928

16 3 0.0176301

17 3 0.0182978

18 3 0.0188934

19 3 0.0194143

20 3 0.0198587

21 3 0.0202246

22 3 0.0205108

23 3 0.020716

24 3 0.0208394

25 3 0.0208806

26 3 0.0208394

27 3 0.020716

28 3 0.0205108

29 3 0.0202246

30 3 0.0198587

31 3 0.0194143

32 3 0.0188934

33 3 0.0182978

34 3 0.0176301

35 3 0.0168928

36 3 0.0160888

37 3 0.0152213

38 3 0.0142938

39 3 0.0133098

40 3 0.0122733

41 3 0.0111884

42 3 0.0100593

43 3 0.00889054

44 3 0.00768667

45 3 0.00645247

46 3 0.0051928

47 3 0.00391264

48 3 0.00261704

49 3 0.00131111

50 3 0

0 4 0

1 4 0.00174008

2 4 0.0034733

3 4 0.0051928

4 4 0.00689182

5 4 0.00856363

6 4 0.0102016

7 4 0.0117994

8 4 0.0133506

9 4 0.0148491

10 4 0.016289

11 4 0.0176646

12 4 0.0189705

13 4 0.0202015

14 4 0.0213528

15 4 0.0224199

16 4 0.0233984

17 4 0.0242846

18 4 0.025075

19 4 0.0257664

20 4 0.0263561

21 4 0.0268418

22 4 0.0272216

23 4 0.027494

24 4 0.0276578

25 4 0.0277125

26 4 0.0276578

27 4 0.027494

28 4 0.0272216

29 4 0.0268418

30 4 0.0263561

31 4 0.0257664

32 4 0.025075

33 4 0.0242846

34 4 0.0233984

35 4 0.0224199

36 4 0.0213528

37 4 0.0202015

38 4 0.0189705

39 4 0.0176646

40 4 0.016289

41 4 0.0148491

42 4 0.0133506

43 4 0.0117994

44 4 0.0102016

45 4 0.00856363

46 4 0.00689182

47 4 0.0051928

48 4 0.0034733

49 4 0.00174008

50 4 0

0 5 0

1 5 0.00216219

2 5 0.00431585

3 5 0.00645247

4 5 0.00856363

5 5 0.010641

6 5 0.0126764

7 5 0.0146617

8 5 0.0165892

9 5 0.0184512

10 5 0.0202404

11 5 0.0219497

12 5 0.0235724

13 5 0.025102

14 5 0.0265326

15 5 0.0278585

16 5 0.0290744

17 5 0.0301756

18 5 0.0311577

19 5 0.0320168

20 5 0.0327496

21 5 0.0333531

22 5 0.033825

23 5 0.0341634

24 5 0.034367

25 5 0.034435

26 5 0.034367

27 5 0.0341634

28 5 0.033825

29 5 0.0333531

30 5 0.0327496

31 5 0.0320168

32 5 0.0311577

33 5 0.0301756

34 5 0.0290744

35 5 0.0278585

36 5 0.0265326

37 5 0.025102

38 5 0.0235724

39 5 0.0219497

40 5 0.0202404

41 5 0.0184512

42 5 0.0165892

43 5 0.0146617

44 5 0.0126764

45 5 0.010641

46 5 0.00856363

47 5 0.00645247

48 5 0.00431585

49 5 0.00216219

50 5 0

0 6 0

1 6 0.00257577

2 6 0.00514136

3 6 0.00768667

4 6 0.0102016

5 6 0.0126764

6 6 0.015101

7 6 0.0174661

8 6 0.0197623

9 6 0.0219805

10 6 0.0241119

11 6 0.0261481

12 6 0.0280812

13 6 0.0299034

14 6 0.0316077

15 6 0.0331871

16 6 0.0346356

17 6 0.0359475

18 6 0.0371174

19 6 0.0381409

20 6 0.0390138

21 6 0.0397328

22 6 0.040295

23 6 0.0406981

24 6 0.0409406

25 6 0.0410216

26 6 0.0409406

27 6 0.0406981

28 6 0.040295

29 6 0.0397328

30 6 0.0390138

31 6 0.0381409

32 6 0.0371174

33 6 0.0359475

34 6 0.0346356

35 6 0.0331871

36 6 0.0316077

37 6 0.0299034

38 6 0.0280812

39 6 0.0261481

40 6 0.0241119

41 6 0.0219805

42 6 0.0197623

43 6 0.0174661

44 6 0.015101

45 6 0.0126764

46 6 0.0102016

47 6 0.00768667

48 6 0.00514136

49 6 0.00257577

50 6 0

0 7 0

1 7 0.00297917

2 7 0.00594659

3 7 0.00889054

4 7 0.0117994

5 7 0.0146617

6 7 0.0174661

7 7 0.0202016

8 7 0.0228574

9 7 0.025423

10 7 0.0278882

11 7 0.0302434

12 7 0.0324792

13 7 0.0345868

14 7 0.036558

15 7 0.0383848

16 7 0.0400602

17 7 0.0415775

18 7 0.0429307

19 7 0.0441144

20 7 0.0451241

21 7 0.0459556

22 7 0.0466058

23 7 0.0470721

24 7 0.0473526

25 7 0.0474463

26 7 0.0473526

27 7 0.0470721

28 7 0.0466058

29 7 0.0459556

30 7 0.0451241

31 7 0.0441144

32 7 0.0429307

33 7 0.0415775

34 7 0.0400602

35 7 0.0383848

36 7 0.036558

37 7 0.0345868

38 7 0.0324792

39 7 0.0302434

40 7 0.0278882

41 7 0.025423

42 7 0.0228574

43 7 0.0202016

44 7 0.0174661

45 7 0.0146617

46 7 0.0117994

47 7 0.00889054

48 7 0.00594659

49 7 0.00297917

50 7 0

0 8 0

1 8 0.00337083

2 8 0.00672835

3 8 0.0100593

4 8 0.0133506

5 8 0.0165892

6 8 0.0197623

7 8 0.0228574

8 8 0.0258623

9 8 0.0287652

10 8 0.0315545

11 8 0.0342193

12 8 0.036749

13 8 0.0391337

14 8 0.041364

15 8 0.043431

16 8 0.0453266

17 8 0.0470434

18 8 0.0485745

19 8 0.0499138

20 8 0.0510562

21 8 0.0519971

22 8 0.0527328

23 8 0.0532604

24 8 0.0535778

25 8 0.0536837

26 8 0.0535778

27 8 0.0532604

28 8 0.0527328

29 8 0.0519971

30 8 0.0510562

31 8 0.0499138

32 8 0.0485745

33 8 0.0470434

34 8 0.0453266

35 8 0.043431

36 8 0.041364

37 8 0.0391337

38 8 0.036749

39 8 0.0342193

40 8 0.0315545

41 8 0.0287652

42 8 0.0258623

43 8 0.0228574

44 8 0.0197623

45 8 0.0165892

46 8 0.0133506

47 8 0.0100593

48 8 0.00672835

49 8 0.00337083

50 8 0

0 9 0

1 9 0.00374918

2 9 0.00748356

3 9 0.0111884

4 9 0.0148491

5 9 0.0184512

6 9 0.0219805

7 9 0.025423

8 9 0.0287652

9 9 0.0319938

10 9 0.0350962

11 9 0.0380601

12 9 0.0408738

13 9 0.0435262

14 9 0.0460068

15 9 0.0483058

16 9 0.0504142

17 9 0.0523236

18 9 0.0540266

19 9 0.0555163

20 9 0.0567869

21 9 0.0578334

22 9 0.0586517

23 9 0.0592385

24 9 0.0595915

25 9 0.0597093

26 9 0.0595915

27 9 0.0592385

28 9 0.0586517

29 9 0.0578334

30 9 0.0567869

31 9 0.0555163

32 9 0.0540266

33 9 0.0523236

34 9 0.0504142

35 9 0.0483058

36 9 0.0460068

37 9 0.0435262

38 9 0.0408738

39 9 0.0380601

40 9 0.0350962

41 9 0.0319938

42 9 0.0287652

43 9 0.025423

44 9 0.0219805

45 9 0.0184512

46 9 0.0148491

47 9 0.0111884

48 9 0.00748356

49 9 0.00374918

50 9 0

0 10 0

1 10 0.00411273

2 10 0.00820923

3 10 0.0122733

4 10 0.016289

5 10 0.0202404

6 10 0.0241119

7 10 0.0278882

8 10 0.0315545

9 10 0.0350962

10 10 0.0384995

11 10 0.0417508

12 10 0.0448373

13 10 0.0477469

14 10 0.050468

15 10 0.05299

16 10 0.0553028

17 10 0.0573974

18 10 0.0592655

19 10 0.0608996

20 10 0.0622935

21 10 0.0634414

22 10 0.064339

23 10 0.0649827

24 10 0.06537

25 10 0.0654992

26 10 0.06537

27 10 0.0649827

28 10 0.064339

29 10 0.0634414

30 10 0.0622935

31 10 0.0608996

32 10 0.0592655

33 10 0.0573974

34 10 0.0553028

35 10 0.05299

36 10 0.050468

37 10 0.0477469

38 10 0.0448373

39 10 0.0417508

40 10 0.0384995

41 10 0.0350962

42 10 0.0315545

43 10 0.0278882

44 10 0.0241119

45 10 0.0202404

46 10 0.016289

47 10 0.0122733

48 10 0.00820923

49 10 0.00411273

50 10 0

0 11 0

1 11 0.00446005

2 11 0.0089025

3 11 0.0133098

4 11 0.0176646

5 11 0.0219497

6 11 0.0261481

7 11 0.0302434

8 11 0.0342193

9 11 0.0380601

10 11 0.0417508

11 11 0.0452766

12 11 0.0486238

13 11 0.0517791

14 11 0.0547301

15 11 0.057465

16 11 0.0599732

17 11 0.0622446

18 11 0.0642705

19 11 0.0660426

20 11 0.0675542

21 11 0.0687991

22 11 0.0697725

23 11 0.0704706

24 11 0.0708905

25 11 0.0710307

26 11 0.0708905

27 11 0.0704706

28 11 0.0697725

29 11 0.0687991

30 11 0.0675542

31 11 0.0660426

32 11 0.0642705

33 11 0.0622446

34 11 0.0599732

35 11 0.057465

36 11 0.0547301

37 11 0.0517791

38 11 0.0486238

39 11 0.0452766

40 11 0.0417508

41 11 0.0380601

42 11 0.0342193

43 11 0.0302434

44 11 0.0261481

45 11 0.0219497

46 11 0.0176646

47 11 0.0133098

48 11 0.0089025

49 11 0.00446005

50 11 0

0 12 0

1 12 0.00478977

2 12 0.00956064

3 12 0.0142938

4 12 0.0189705

5 12 0.0235724

6 12 0.0280812

7 12 0.0324792

8 12 0.036749

9 12 0.0408738

10 12 0.0448373

11 12 0.0486238

12 12 0.0522185

13 12 0.055607

14 12 0.0587761

15 12 0.0617132

16 12 0.0644068

17 12 0.0668462

18 12 0.0690218

19 12 0.070925

20 12 0.0725483

21 12 0.0738852

22 12 0.0749306

23 12 0.0756803

24 12 0.0761312

25 12 0.0762818

26 12 0.0761312

27 12 0.0756803

28 12 0.0749306

29 12 0.0738852

30 12 0.0725483

31 12 0.070925

32 12 0.0690218

33 12 0.0668462

34 12 0.0644068

35 12 0.0617132

36 12 0.0587761

37 12 0.055607

38 12 0.0522185

39 12 0.0486238

40 12 0.0448373

41 12 0.0408738

42 12 0.036749

43 12 0.0324792

44 12 0.0280812

45 12 0.0235724

46 12 0.0189705

47 12 0.0142938

48 12 0.00956064

49 12 0.00478977

50 12 0

0 13 0

1 13 0.00510059

2 13 0.010181

3 13 0.0152213

4 13 0.0202015

5 13 0.025102

6 13 0.0299034

7 13 0.0345868

8 13 0.0391337

9 13 0.0435262

10 13 0.0477469

11 13 0.0517791

12 13 0.055607

13 13 0.0592155

14 13 0.0625902

15 13 0.0657179

16 13 0.0685863

17 13 0.071184

18 13 0.0735008

19 13 0.0755274

20 13 0.0772561

21 13 0.0786798

22 13 0.079793

23 13 0.0805913

24 13 0.0810715

25 13 0.0812318

26 13 0.0810715

27 13 0.0805913

28 13 0.079793

29 13 0.0786798

30 13 0.0772561

31 13 0.0755274

32 13 0.0735008

33 13 0.071184

34 13 0.0685863

35 13 0.0657179

36 13 0.0625902

37 13 0.0592155

38 13 0.055607

39 13 0.0517791

40 13 0.0477469

41 13 0.0435262

42 13 0.0391337

43 13 0.0345868

44 13 0.0299034

45 13 0.025102

46 13 0.0202015

47 13 0.0152213

48 13 0.010181

49 13 0.00510059

50 13 0

0 14 0

1 14 0.00539128

2 14 0.0107613

3 14 0.0160888

4 14 0.0213528

5 14 0.0265326

6 14 0.0316077

7 14 0.036558

8 14 0.041364

9 14 0.0460068

10 14 0.050468

11 14 0.0547301

12 14 0.0587761

13 14 0.0625902

14 14 0.0661573

15 14 0.0694633

16 14 0.0724951

17 14 0.0752408

18 14 0.0776896

19 14 0.0798318

20 14 0.081659

21 14 0.0831638

22 14 0.0843405

23 14 0.0851843

24 14 0.0856919

25 14 0.0858613

26 14 0.0856919

27 14 0.0851843

28 14 0.0843405

29 14 0.0831638

30 14 0.081659

31 14 0.0798318

32 14 0.0776896

33 14 0.0752408

34 14 0.0724951

35 14 0.0694633

36 14 0.0661573

37 14 0.0625902

38 14 0.0587761

39 14 0.0547301

40 14 0.050468

41 14 0.0460068

42 14 0.041364

43 14 0.036558

44 14 0.0316077

45 14 0.0265326

46 14 0.0213528

47 14 0.0160888

48 14 0.0107613

49 14 0.00539128

50 14 0

0 15 0

1 15 0.00566069

2 15 0.011299

3 15 0.0168928

4 15 0.0224199

5 15 0.0278585

6 15 0.0331871

7 15 0.0383848

8 15 0.043431

9 15 0.0483058

10 15 0.05299

11 15 0.057465

12 15 0.0617132

13 15 0.0657179

14 15 0.0694633

15 15 0.0729344

16 15 0.0761178

17 15 0.0790007

18 15 0.0815719

19 15 0.0838211

20 15 0.0857396

21 15 0.0873196

22 15 0.0885551

23 15 0.0894411

24 15 0.089974

25 15 0.0901519

26 15 0.089974

27 15 0.0894411

28 15 0.0885551

29 15 0.0873196

30 15 0.0857396

31 15 0.0838211

32 15 0.0815719

33 15 0.0790007

34 15 0.0761178

35 15 0.0729344

36 15 0.0694633

37 15 0.0657179

38 15 0.0617132

39 15 0.057465

40 15 0.05299

41 15 0.0483058

42 15 0.043431

43 15 0.0383848

44 15 0.0331871

45 15 0.0278585

46 15 0.0224199

47 15 0.0168928

48 15 0.011299

49 15 0.00566069

50 15 0

0 16 0

1 16 0.00590776

2 16 0.0117922

3 16 0.0176301

4 16 0.0233984

5 16 0.0290744

6 16 0.0346356

7 16 0.0400602

8 16 0.0453266

9 16 0.0504142

10 16 0.0553028

11 16 0.0599732

12 16 0.0644068

13 16 0.0685863

14 16 0.0724951

15 16 0.0761178

16 16 0.0794401

17 16 0.0824489

18 16 0.0851323

19 16 0.0874797

20 16 0.0894818

21 16 0.0911309

22 16 0.0924202

23 16 0.0933449

24 16 0.0939011

25 16 0.0940868

26 16 0.0939011

27 16 0.0933449

28 16 0.0924202

29 16 0.0911309

30 16 0.0894818

31 16 0.0874797

32 16 0.0851323

33 16 0.0824489

34 16 0.0794401

35 16 0.0761178

36 16 0.0724951

37 16 0.0685863

38 16 0.0644068

39 16 0.0599732

40 16 0.0553028

41 16 0.0504142

42 16 0.0453266

43 16 0.0400602

44 16 0.0346356

45 16 0.0290744

46 16 0.0233984

47 16 0.0176301

48 16 0.0117922

49 16 0.00590776

50 16 0

0 17 0

1 17 0.00613151

2 17 0.0122388

3 17 0.0182978

4 17 0.0242846

5 17 0.0301756

6 17 0.0359475

7 17 0.0415775

8 17 0.0470434

9 17 0.0523236

10 17 0.0573974

11 17 0.0622446

12 17 0.0668462

13 17 0.071184

14 17 0.0752408

15 17 0.0790007

16 17 0.0824489

17 17 0.0855716

18 17 0.0883566

19 17 0.0907929

20 17 0.0928709

21 17 0.0945824

22 17 0.0959206

23 17 0.0968803

24 17 0.0974576

25 17 0.0976503

26 17 0.0974576

27 17 0.0968803

28 17 0.0959206

29 17 0.0945824

30 17 0.0928709

31 17 0.0907929

32 17 0.0883566

33 17 0.0855716

34 17 0.0824489

35 17 0.0790007

36 17 0.0752408

37 17 0.071184

38 17 0.0668462

39 17 0.0622446

40 17 0.0573974

41 17 0.0523236

42 17 0.0470434

43 17 0.0415775

44 17 0.0359475

45 17 0.0301756

46 17 0.0242846

47 17 0.0182978

48 17 0.0122388

49 17 0.00613151

50 17 0

0 18 0

1 18 0.00633107

2 18 0.0126372

3 18 0.0188934

4 18 0.025075

5 18 0.0311577

6 18 0.0371174

7 18 0.0429307

8 18 0.0485745

9 18 0.0540266

10 18 0.0592655

11 18 0.0642705

12 18 0.0690218

13 18 0.0735008

14 18 0.0776896

15 18 0.0815719

16 18 0.0851323

17 18 0.0883566

18 18 0.0912323

19 18 0.0937479

20 18 0.0958935

21 18 0.0976607

22 18 0.0990425

23 18 0.100033

24 18 0.100629

25 18 0.100828

26 18 0.100629

27 18 0.100033

28 18 0.0990425

29 18 0.0976607

30 18 0.0958935

31 18 0.0937479

32 18 0.0912323

33 18 0.0883566

34 18 0.0851323

35 18 0.0815719

36 18 0.0776896

37 18 0.0735008

38 18 0.0690218

39 18 0.0642705

40 18 0.0592655

41 18 0.0540266

42 18 0.0485745

43 18 0.0429307

44 18 0.0371174

45 18 0.0311577

46 18 0.025075

47 18 0.0188934

48 18 0.0126372

49 18 0.00633107

50 18 0

0 19 0

1 19 0.00650564

2 19 0.0129856

3 19 0.0194143

4 19 0.0257664

5 19 0.0320168

6 19 0.0381409

7 19 0.0441144

8 19 0.0499138

9 19 0.0555163

10 19 0.0608996

11 19 0.0660426

12 19 0.070925

13 19 0.0755274

14 19 0.0798318

15 19 0.0838211

16 19 0.0874797

17 19 0.0907929

18 19 0.0937479

19 19 0.0963329

20 19 0.0985377

21 19 0.100354

22 19 0.101773

23 19 0.102792

24 19 0.103404

25 19 0.103609

26 19 0.103404

27 19 0.102792

28 19 0.101773

29 19 0.100354

30 19 0.0985377

31 19 0.0963329

32 19 0.0937479

33 19 0.0907929

34 19 0.0874797

35 19 0.0838211

36 19 0.0798318

37 19 0.0755274

38 19 0.070925

39 19 0.0660426

40 19 0.0608996

41 19 0.0555163

42 19 0.0499138

43 19 0.0441144

44 19 0.0381409

45 19 0.0320168

46 19 0.0257664

47 19 0.0194143

48 19 0.0129856

49 19 0.00650564

50 19 0

0 20 0

1 20 0.00665454

2 20 0.0132828

3 20 0.0198587

4 20 0.0263561

5 20 0.0327496

6 20 0.0390138

7 20 0.0451241

8 20 0.0510562

9 20 0.0567869

10 20 0.0622935

11 20 0.0675542

12 20 0.0725483

13 20 0.0772561

14 20 0.081659

15 20 0.0857396

16 20 0.0894818

17 20 0.0928709

18 20 0.0958935

19 20 0.0985377

20 20 0.100793

21 20 0.10265

22 20 0.104103

23 20 0.105144

24 20 0.105771

25 20 0.10598

26 20 0.105771

27 20 0.105144

28 20 0.104103

29 20 0.10265

30 20 0.100793

31 20 0.0985377

32 20 0.0958935

33 20 0.0928709

34 20 0.0894818

35 20 0.0857396

36 20 0.081659

37 20 0.0772561

38 20 0.0725483

39 20 0.0675542

40 20 0.0622935

41 20 0.0567869

42 20 0.0510562

43 20 0.0451241

44 20 0.0390138

45 20 0.0327496

46 20 0.0263561

47 20 0.0198587

48 20 0.0132828

49 20 0.00665454

50 20 0

0 21 0

1 21 0.00677717

2 21 0.0135276

3 21 0.0202246

4 21 0.0268418

5 21 0.0333531

6 21 0.0397328

7 21 0.0459556

8 21 0.0519971

9 21 0.0578334

10 21 0.0634414

11 21 0.0687991

12 21 0.0738852

13 21 0.0786798

14 21 0.0831638

15 21 0.0873196

16 21 0.0911309

17 21 0.0945824

18 21 0.0976607

19 21 0.100354

20 21 0.10265

21 21 0.104542

22 21 0.106021

23 21 0.107082

24 21 0.10772

25 21 0.107933

26 21 0.10772

27 21 0.107082

28 21 0.106021

29 21 0.104542

30 21 0.10265

31 21 0.100354

32 21 0.0976607

33 21 0.0945824

34 21 0.0911309

35 21 0.0873196

36 21 0.0831638

37 21 0.0786798

38 21 0.0738852

39 21 0.0687991

40 21 0.0634414

41 21 0.0578334

42 21 0.0519971

43 21 0.0459556

44 21 0.0397328

45 21 0.0333531

46 21 0.0268418

47 21 0.0202246

48 21 0.0135276

49 21 0.00677717

50 21 0

0 22 0

1 22 0.00687306

2 22 0.013719

3 22 0.0205108

4 22 0.0272216

5 22 0.033825

6 22 0.040295

7 22 0.0466058

8 22 0.0527328

9 22 0.0586517

10 22 0.064339

11 22 0.0697725

12 22 0.0749306

13 22 0.079793

14 22 0.0843405

15 22 0.0885551

16 22 0.0924202

17 22 0.0959206

18 22 0.0990425

19 22 0.101773

20 22 0.104103

21 22 0.106021

22 22 0.107521

23 22 0.108597

24 22 0.109244

25 22 0.10946

26 22 0.109244

27 22 0.108597

28 22 0.107521

29 22 0.106021

30 22 0.104103

31 22 0.101773

32 22 0.0990425

33 22 0.0959206

34 22 0.0924202

35 22 0.0885551

36 22 0.0843405

37 22 0.079793

38 22 0.0749306

39 22 0.0697725

40 22 0.064339

41 22 0.0586517

42 22 0.0527328

43 22 0.0466058

44 22 0.040295

45 22 0.033825

46 22 0.0272216

47 22 0.0205108

48 22 0.013719

49 22 0.00687306

50 22 0

0 23 0

1 23 0.00694182

2 23 0.0138562

3 23 0.020716

4 23 0.027494

5 23 0.0341634

6 23 0.0406981

7 23 0.0470721

8 23 0.0532604

9 23 0.0592385

10 23 0.0649827

11 23 0.0704706

12 23 0.0756803

13 23 0.0805913

14 23 0.0851843

15 23 0.0894411

16 23 0.0933449

17 23 0.0968803

18 23 0.100033

19 23 0.102792

20 23 0.105144

21 23 0.107082

22 23 0.108597

23 23 0.109683

24 23 0.110337

25 23 0.110555

26 23 0.110337

27 23 0.109683

28 23 0.108597

29 23 0.107082

30 23 0.105144

31 23 0.102792

32 23 0.100033

33 23 0.0968803

34 23 0.0933449

35 23 0.0894411

36 23 0.0851843

37 23 0.0805913

38 23 0.0756803

39 23 0.0704706

40 23 0.0649827

41 23 0.0592385

42 23 0.0532604

43 23 0.0470721

44 23 0.0406981

45 23 0.0341634

46 23 0.027494

47 23 0.020716

48 23 0.0138562

49 23 0.00694182

50 23 0

0 24 0

1 24 0.00698319

2 24 0.0139388

3 24 0.0208394

4 24 0.0276578

5 24 0.034367

6 24 0.0409406

7 24 0.0473526

8 24 0.0535778

9 24 0.0595915

10 24 0.06537

11 24 0.0708905

12 24 0.0761312

13 24 0.0810715

14 24 0.0856919

15 24 0.089974

16 24 0.0939011

17 24 0.0974576

18 24 0.100629

19 24 0.103404

20 24 0.105771

21 24 0.10772

22 24 0.109244

23 24 0.110337

24 24 0.110995

25 24 0.111214

26 24 0.110995

27 24 0.110337

28 24 0.109244

29 24 0.10772

30 24 0.105771

31 24 0.103404

32 24 0.100629

33 24 0.0974576

34 24 0.0939011

35 24 0.089974

36 24 0.0856919

37 24 0.0810715

38 24 0.0761312

39 24 0.0708905

40 24 0.06537

41 24 0.0595915

42 24 0.0535778

43 24 0.0473526

44 24 0.0409406

45 24 0.034367

46 24 0.0276578

47 24 0.0208394

48 24 0.0139388

49 24 0.00698319

50 24 0

0 25 0

1 25 0.00699699

2 25 0.0139664

3 25 0.0208806

4 25 0.0277125

5 25 0.034435

6 25 0.0410216

7 25 0.0474463

8 25 0.0536837

9 25 0.0597093

10 25 0.0654992

11 25 0.0710307

12 25 0.0762818

13 25 0.0812318

14 25 0.0858613

15 25 0.0901519

16 25 0.0940868

17 25 0.0976503

18 25 0.100828

19 25 0.103609

20 25 0.10598

21 25 0.107933

22 25 0.10946

23 25 0.110555

24 25 0.111214

25 25 0.111434

26 25 0.111214

27 25 0.110555

28 25 0.10946

29 25 0.107933

30 25 0.10598

31 25 0.103609

32 25 0.100828

33 25 0.0976503

34 25 0.0940868

35 25 0.0901519

36 25 0.0858613

37 25 0.0812318

38 25 0.0762818

39 25 0.0710307

40 25 0.0654992

41 25 0.0597093

42 25 0.0536837

43 25 0.0474463

44 25 0.0410216

45 25 0.034435

46 25 0.0277125

47 25 0.0208806

48 25 0.0139664

49 25 0.00699699

50 25 0

0 26 0

1 26 0.00698319

2 26 0.0139388

3 26 0.0208394

4 26 0.0276578

5 26 0.034367

6 26 0.0409406

7 26 0.0473526

8 26 0.0535778

9 26 0.0595915

10 26 0.06537

11 26 0.0708905

12 26 0.0761312

13 26 0.0810715

14 26 0.0856919

15 26 0.089974

16 26 0.0939011

17 26 0.0974576

18 26 0.100629

19 26 0.103404

20 26 0.105771

21 26 0.10772

22 26 0.109244

23 26 0.110337

24 26 0.110995

25 26 0.111214

26 26 0.110995

27 26 0.110337

28 26 0.109244

29 26 0.10772

30 26 0.105771

31 26 0.103404

32 26 0.100629

33 26 0.0974576

34 26 0.0939011

35 26 0.089974

36 26 0.0856919

37 26 0.0810715

38 26 0.0761312

39 26 0.0708905

40 26 0.06537

41 26 0.0595915

42 26 0.0535778

43 26 0.0473526

44 26 0.0409406

45 26 0.034367

46 26 0.0276578

47 26 0.0208394

48 26 0.0139388

49 26 0.00698319

50 26 0

0 27 0

1 27 0.00694182

2 27 0.0138562

3 27 0.020716

4 27 0.027494

5 27 0.0341634

6 27 0.0406981

7 27 0.0470721

8 27 0.0532604

9 27 0.0592385

10 27 0.0649827

11 27 0.0704706

12 27 0.0756803

13 27 0.0805913

14 27 0.0851843

15 27 0.0894411

16 27 0.0933449

17 27 0.0968803

18 27 0.100033

19 27 0.102792

20 27 0.105144

21 27 0.107082

22 27 0.108597

23 27 0.109683

24 27 0.110337

25 27 0.110555

26 27 0.110337

27 27 0.109683

28 27 0.108597

29 27 0.107082

30 27 0.105144

31 27 0.102792

32 27 0.100033

33 27 0.0968803

34 27 0.0933449

35 27 0.0894411

36 27 0.0851843

37 27 0.0805913

38 27 0.0756803

39 27 0.0704706

40 27 0.0649827

41 27 0.0592385

42 27 0.0532604

43 27 0.0470721

44 27 0.0406981

45 27 0.0341634

46 27 0.027494

47 27 0.020716

48 27 0.0138562

49 27 0.00694182

50 27 0

0 28 0

1 28 0.00687306

2 28 0.013719

3 28 0.0205108

4 28 0.0272216

5 28 0.033825

6 28 0.040295

7 28 0.0466058

8 28 0.0527328

9 28 0.0586517

10 28 0.064339

11 28 0.0697725

12 28 0.0749306

13 28 0.079793

14 28 0.0843405

15 28 0.0885551

16 28 0.0924202

17 28 0.0959206

18 28 0.0990425

19 28 0.101773

20 28 0.104103

21 28 0.106021

22 28 0.107521

23 28 0.108597

24 28 0.109244

25 28 0.10946

26 28 0.109244

27 28 0.108597

28 28 0.107521

29 28 0.106021

30 28 0.104103

31 28 0.101773

32 28 0.0990425

33 28 0.0959206

34 28 0.0924202

35 28 0.0885551

36 28 0.0843405

37 28 0.079793

38 28 0.0749306

39 28 0.0697725

40 28 0.064339

41 28 0.0586517

42 28 0.0527328

43 28 0.0466058

44 28 0.040295

45 28 0.033825

46 28 0.0272216

47 28 0.0205108

48 28 0.013719

49 28 0.00687306

50 28 0

0 29 0

1 29 0.00677717

2 29 0.0135276

3 29 0.0202246

4 29 0.0268418

5 29 0.0333531

6 29 0.0397328

7 29 0.0459556

8 29 0.0519971

9 29 0.0578334

10 29 0.0634414

11 29 0.0687991

12 29 0.0738852

13 29 0.0786798

14 29 0.0831638

15 29 0.0873196

16 29 0.0911309

17 29 0.0945824

18 29 0.0976607

19 29 0.100354

20 29 0.10265

21 29 0.104542

22 29 0.106021

23 29 0.107082

24 29 0.10772

25 29 0.107933

26 29 0.10772

27 29 0.107082

28 29 0.106021

29 29 0.104542

30 29 0.10265

31 29 0.100354

32 29 0.0976607

33 29 0.0945824

34 29 0.0911309

35 29 0.0873196

36 29 0.0831638

37 29 0.0786798

38 29 0.0738852

39 29 0.0687991

40 29 0.0634414

41 29 0.0578334

42 29 0.0519971

43 29 0.0459556

44 29 0.0397328

45 29 0.0333531

46 29 0.0268418

47 29 0.0202246

48 29 0.0135276

49 29 0.00677717

50 29 0

0 30 0

1 30 0.00665454

2 30 0.0132828

3 30 0.0198587

4 30 0.0263561

5 30 0.0327496

6 30 0.0390138

7 30 0.0451241

8 30 0.0510562

9 30 0.0567869

10 30 0.0622935

11 30 0.0675542

12 30 0.0725483

13 30 0.0772561

14 30 0.081659

15 30 0.0857396

16 30 0.0894818

17 30 0.0928709

18 30 0.0958935

19 30 0.0985377

20 30 0.100793

21 30 0.10265

22 30 0.104103

23 30 0.105144

24 30 0.105771

25 30 0.10598

26 30 0.105771

27 30 0.105144

28 30 0.104103

29 30 0.10265

30 30 0.100793

31 30 0.0985377

32 30 0.0958935

33 30 0.0928709

34 30 0.0894818

35 30 0.0857396

36 30 0.081659

37 30 0.0772561

38 30 0.0725483

39 30 0.0675542

40 30 0.0622935

41 30 0.0567869

42 30 0.0510562

43 30 0.0451241

44 30 0.0390138

45 30 0.0327496

46 30 0.0263561

47 30 0.0198587

48 30 0.0132828

49 30 0.00665454

50 30 0

0 31 0

1 31 0.00650564

2 31 0.0129856

3 31 0.0194143

4 31 0.0257664

5 31 0.0320168

6 31 0.0381409

7 31 0.0441144

8 31 0.0499138

9 31 0.0555163

10 31 0.0608996

11 31 0.0660426

12 31 0.070925

13 31 0.0755274

14 31 0.0798318

15 31 0.0838211

16 31 0.0874797

17 31 0.0907929

18 31 0.0937479

19 31 0.0963329

20 31 0.0985377

21 31 0.100354

22 31 0.101773

23 31 0.102792

24 31 0.103404

25 31 0.103609

26 31 0.103404

27 31 0.102792

28 31 0.101773

29 31 0.100354

30 31 0.0985377

31 31 0.0963329

32 31 0.0937479

33 31 0.0907929

34 31 0.0874797

35 31 0.0838211

36 31 0.0798318

37 31 0.0755274

38 31 0.070925

39 31 0.0660426

40 31 0.0608996

41 31 0.0555163

42 31 0.0499138

43 31 0.0441144

44 31 0.0381409

45 31 0.0320168

46 31 0.0257664

47 31 0.0194143

48 31 0.0129856

49 31 0.00650564

50 31 0

0 32 0

1 32 0.00633107

2 32 0.0126372

3 32 0.0188934

4 32 0.025075

5 32 0.0311577

6 32 0.0371174

7 32 0.0429307

8 32 0.0485745

9 32 0.0540266

10 32 0.0592655

11 32 0.0642705

12 32 0.0690218

13 32 0.0735008

14 32 0.0776896

15 32 0.0815719

16 32 0.0851323

17 32 0.0883566

18 32 0.0912323

19 32 0.0937479

20 32 0.0958935

21 32 0.0976607

22 32 0.0990425

23 32 0.100033

24 32 0.100629

25 32 0.100828

26 32 0.100629

27 32 0.100033

28 32 0.0990425

29 32 0.0976607

30 32 0.0958935

31 32 0.0937479

32 32 0.0912323

33 32 0.0883566

34 32 0.0851323

35 32 0.0815719

36 32 0.0776896

37 32 0.0735008

38 32 0.0690218

39 32 0.0642705

40 32 0.0592655

41 32 0.0540266

42 32 0.0485745

43 32 0.0429307

44 32 0.0371174

45 32 0.0311577

46 32 0.025075

47 32 0.0188934

48 32 0.0126372

49 32 0.00633107

50 32 0

0 33 0

1 33 0.00613151

2 33 0.0122388

3 33 0.0182978

4 33 0.0242846

5 33 0.0301756

6 33 0.0359475

7 33 0.0415775

8 33 0.0470434

9 33 0.0523236

10 33 0.0573974

11 33 0.0622446

12 33 0.0668462

13 33 0.071184

14 33 0.0752408

15 33 0.0790007

16 33 0.0824489

17 33 0.0855716

18 33 0.0883566

19 33 0.0907929

20 33 0.0928709

21 33 0.0945824

22 33 0.0959206

23 33 0.0968803

24 33 0.0974576

25 33 0.0976503

26 33 0.0974576

27 33 0.0968803

28 33 0.0959206

29 33 0.0945824

30 33 0.0928709

31 33 0.0907929

32 33 0.0883566

33 33 0.0855716

34 33 0.0824489

35 33 0.0790007

36 33 0.0752408

37 33 0.071184

38 33 0.0668462

39 33 0.0622446

40 33 0.0573974

41 33 0.0523236

42 33 0.0470434

43 33 0.0415775

44 33 0.0359475

45 33 0.0301756

46 33 0.0242846

47 33 0.0182978

48 33 0.0122388

49 33 0.00613151

50 33 0

0 34 0

1 34 0.00590776

2 34 0.0117922

3 34 0.0176301

4 34 0.0233984

5 34 0.0290744

6 34 0.0346356

7 34 0.0400602

8 34 0.0453266

9 34 0.0504142

10 34 0.0553028

11 34 0.0599732

12 34 0.0644068

13 34 0.0685863

14 34 0.0724951

15 34 0.0761178

16 34 0.0794401

17 34 0.0824489

18 34 0.0851323

19 34 0.0874797

20 34 0.0894818

21 34 0.0911309

22 34 0.0924202

23 34 0.0933449

24 34 0.0939011

25 34 0.0940868

26 34 0.0939011

27 34 0.0933449

28 34 0.0924202

29 34 0.0911309

30 34 0.0894818

31 34 0.0874797

32 34 0.0851323

33 34 0.0824489

34 34 0.0794401

35 34 0.0761178

36 34 0.0724951

37 34 0.0685863

38 34 0.0644068

39 34 0.0599732

40 34 0.0553028

41 34 0.0504142

42 34 0.0453266

43 34 0.0400602

44 34 0.0346356

45 34 0.0290744

46 34 0.0233984

47 34 0.0176301

48 34 0.0117922

49 34 0.00590776

50 34 0

0 35 0

1 35 0.00566069

2 35 0.011299

3 35 0.0168928

4 35 0.0224199

5 35 0.0278585

6 35 0.0331871

7 35 0.0383848

8 35 0.043431

9 35 0.0483058

10 35 0.05299

11 35 0.057465

12 35 0.0617132

13 35 0.0657179

14 35 0.0694633

15 35 0.0729344

16 35 0.0761178

17 35 0.0790007

18 35 0.0815719

19 35 0.0838211

20 35 0.0857396

21 35 0.0873196

22 35 0.0885551

23 35 0.0894411

24 35 0.089974

25 35 0.0901519

26 35 0.089974

27 35 0.0894411

28 35 0.0885551

29 35 0.0873196

30 35 0.0857396

31 35 0.0838211

32 35 0.0815719

33 35 0.0790007

34 35 0.0761178

35 35 0.0729344

36 35 0.0694633

37 35 0.0657179

38 35 0.0617132

39 35 0.057465

40 35 0.05299

41 35 0.0483058

42 35 0.043431

43 35 0.0383848

44 35 0.0331871

45 35 0.0278585

46 35 0.0224199

47 35 0.0168928

48 35 0.011299

49 35 0.00566069

50 35 0

0 36 0

1 36 0.00539128

2 36 0.0107613

3 36 0.0160888

4 36 0.0213528

5 36 0.0265326

6 36 0.0316077

7 36 0.036558

8 36 0.041364

9 36 0.0460068

10 36 0.050468

11 36 0.0547301

12 36 0.0587761

13 36 0.0625902

14 36 0.0661573

15 36 0.0694633

16 36 0.0724951

17 36 0.0752408

18 36 0.0776896

19 36 0.0798318

20 36 0.081659

21 36 0.0831638

22 36 0.0843405

23 36 0.0851843

24 36 0.0856919

25 36 0.0858613

26 36 0.0856919

27 36 0.0851843

28 36 0.0843405

29 36 0.0831638

30 36 0.081659

31 36 0.0798318

32 36 0.0776896

33 36 0.0752408

34 36 0.0724951

35 36 0.0694633

36 36 0.0661573

37 36 0.0625902

38 36 0.0587761

39 36 0.0547301

40 36 0.050468

41 36 0.0460068

42 36 0.041364

43 36 0.036558

44 36 0.0316077

45 36 0.0265326

46 36 0.0213528

47 36 0.0160888

48 36 0.0107613

49 36 0.00539128

50 36 0

0 37 0

1 37 0.00510059

2 37 0.010181

3 37 0.0152213

4 37 0.0202015

5 37 0.025102

6 37 0.0299034

7 37 0.0345868

8 37 0.0391337

9 37 0.0435262

10 37 0.0477469

11 37 0.0517791

12 37 0.055607

13 37 0.0592155

14 37 0.0625902

15 37 0.0657179

16 37 0.0685863

17 37 0.071184

18 37 0.0735008

19 37 0.0755274

20 37 0.0772561

21 37 0.0786798

22 37 0.079793

23 37 0.0805913

24 37 0.0810715

25 37 0.0812318

26 37 0.0810715

27 37 0.0805913

28 37 0.079793

29 37 0.0786798

30 37 0.0772561

31 37 0.0755274

32 37 0.0735008

33 37 0.071184

34 37 0.0685863

35 37 0.0657179

36 37 0.0625902

37 37 0.0592155

38 37 0.055607

39 37 0.0517791

40 37 0.0477469

41 37 0.0435262

42 37 0.0391337

43 37 0.0345868

44 37 0.0299034

45 37 0.025102

46 37 0.0202015

47 37 0.0152213

48 37 0.010181

49 37 0.00510059

50 37 0

0 38 0

1 38 0.00478977

2 38 0.00956064

3 38 0.0142938

4 38 0.0189705

5 38 0.0235724

6 38 0.0280812

7 38 0.0324792

8 38 0.036749

9 38 0.0408738

10 38 0.0448373

11 38 0.0486238

12 38 0.0522185

13 38 0.055607

14 38 0.0587761

15 38 0.0617132

16 38 0.0644068

17 38 0.0668462

18 38 0.0690218

19 38 0.070925

20 38 0.0725483

21 38 0.0738852

22 38 0.0749306

23 38 0.0756803

24 38 0.0761312

25 38 0.0762818

26 38 0.0761312

27 38 0.0756803

28 38 0.0749306

29 38 0.0738852

30 38 0.0725483

31 38 0.070925

32 38 0.0690218

33 38 0.0668462

34 38 0.0644068

35 38 0.0617132

36 38 0.0587761

37 38 0.055607

38 38 0.0522185

39 38 0.0486238

40 38 0.0448373

41 38 0.0408738

42 38 0.036749

43 38 0.0324792

44 38 0.0280812

45 38 0.0235724

46 38 0.0189705

47 38 0.0142938

48 38 0.00956064

49 38 0.00478977

50 38 0

0 39 0

1 39 0.00446005

2 39 0.0089025

3 39 0.0133098

4 39 0.0176646

5 39 0.0219497

6 39 0.0261481

7 39 0.0302434

8 39 0.0342193

9 39 0.0380601

10 39 0.0417508

11 39 0.0452766

12 39 0.0486238

13 39 0.0517791

14 39 0.0547301

15 39 0.057465

16 39 0.0599732

17 39 0.0622446

18 39 0.0642705

19 39 0.0660426

20 39 0.0675542

21 39 0.0687991

22 39 0.0697725

23 39 0.0704706

24 39 0.0708905

25 39 0.0710307

26 39 0.0708905

27 39 0.0704706

28 39 0.0697725

29 39 0.0687991

30 39 0.0675542

31 39 0.0660426

32 39 0.0642705

33 39 0.0622446

34 39 0.0599732

35 39 0.057465

36 39 0.0547301

37 39 0.0517791

38 39 0.0486238

39 39 0.0452766

40 39 0.0417508

41 39 0.0380601

42 39 0.0342193

43 39 0.0302434

44 39 0.0261481

45 39 0.0219497

46 39 0.0176646

47 39 0.0133098

48 39 0.0089025

49 39 0.00446005

50 39 0

0 40 0

1 40 0.00411273

2 40 0.00820923

3 40 0.0122733

4 40 0.016289

5 40 0.0202404

6 40 0.0241119

7 40 0.0278882

8 40 0.0315545

9 40 0.0350962

10 40 0.0384995

11 40 0.0417508

12 40 0.0448373

13 40 0.0477469

14 40 0.050468

15 40 0.05299

16 40 0.0553028

17 40 0.0573974

18 40 0.0592655

19 40 0.0608996

20 40 0.0622935

21 40 0.0634414

22 40 0.064339

23 40 0.0649827

24 40 0.06537

25 40 0.0654992

26 40 0.06537

27 40 0.0649827

28 40 0.064339

29 40 0.0634414

30 40 0.0622935

31 40 0.0608996

32 40 0.0592655

33 40 0.0573974

34 40 0.0553028

35 40 0.05299

36 40 0.050468

37 40 0.0477469

38 40 0.0448373

39 40 0.0417508

40 40 0.0384995

41 40 0.0350962

42 40 0.0315545

43 40 0.0278882

44 40 0.0241119

45 40 0.0202404

46 40 0.016289

47 40 0.0122733

48 40 0.00820923

49 40 0.00411273

50 40 0

0 41 0

1 41 0.00374918

2 41 0.00748356

3 41 0.0111884

4 41 0.0148491

5 41 0.0184512

6 41 0.0219805

7 41 0.025423

8 41 0.0287652

9 41 0.0319938

10 41 0.0350962

11 41 0.0380601

12 41 0.0408738

13 41 0.0435262

14 41 0.0460068

15 41 0.0483058

16 41 0.0504142

17 41 0.0523236

18 41 0.0540266

19 41 0.0555163

20 41 0.0567869

21 41 0.0578334

22 41 0.0586517

23 41 0.0592385

24 41 0.0595915

25 41 0.0597093

26 41 0.0595915

27 41 0.0592385

28 41 0.0586517

29 41 0.0578334

30 41 0.0567869

31 41 0.0555163

32 41 0.0540266

33 41 0.0523236

34 41 0.0504142

35 41 0.0483058

36 41 0.0460068

37 41 0.0435262

38 41 0.0408738

39 41 0.0380601

40 41 0.0350962

41 41 0.0319938

42 41 0.0287652

43 41 0.025423

44 41 0.0219805

45 41 0.0184512

46 41 0.0148491

47 41 0.0111884

48 41 0.00748356

49 41 0.00374918

50 41 0

0 42 0

1 42 0.00337083

2 42 0.00672835

3 42 0.0100593

4 42 0.0133506

5 42 0.0165892

6 42 0.0197623

7 42 0.0228574

8 42 0.0258623

9 42 0.0287652

10 42 0.0315545

11 42 0.0342193

12 42 0.036749

13 42 0.0391337

14 42 0.041364

15 42 0.043431

16 42 0.0453266

17 42 0.0470434

18 42 0.0485745

19 42 0.0499138

20 42 0.0510562

21 42 0.0519971

22 42 0.0527328

23 42 0.0532604

24 42 0.0535778

25 42 0.0536837

26 42 0.0535778

27 42 0.0532604

28 42 0.0527328

29 42 0.0519971

30 42 0.0510562

31 42 0.0499138

32 42 0.0485745

33 42 0.0470434

34 42 0.0453266

35 42 0.043431

36 42 0.041364

37 42 0.0391337

38 42 0.036749

39 42 0.0342193

40 42 0.0315545

41 42 0.0287652

42 42 0.0258623

43 42 0.0228574

44 42 0.0197623

45 42 0.0165892

46 42 0.0133506

47 42 0.0100593

48 42 0.00672835

49 42 0.00337083

50 42 0

0 43 0

1 43 0.00297917

2 43 0.00594659

3 43 0.00889054

4 43 0.0117994

5 43 0.0146617

6 43 0.0174661

7 43 0.0202016

8 43 0.0228574

9 43 0.025423

10 43 0.0278882

11 43 0.0302434

12 43 0.0324792

13 43 0.0345868

14 43 0.036558

15 43 0.0383848

16 43 0.0400602

17 43 0.0415775

18 43 0.0429307

19 43 0.0441144

20 43 0.0451241

21 43 0.0459556

22 43 0.0466058

23 43 0.0470721

24 43 0.0473526

25 43 0.0474463

26 43 0.0473526

27 43 0.0470721

28 43 0.0466058

29 43 0.0459556

30 43 0.0451241

31 43 0.0441144

32 43 0.0429307

33 43 0.0415775

34 43 0.0400602

35 43 0.0383848

36 43 0.036558

37 43 0.0345868

38 43 0.0324792

39 43 0.0302434

40 43 0.0278882

41 43 0.025423

42 43 0.0228574

43 43 0.0202016

44 43 0.0174661

45 43 0.0146617

46 43 0.0117994

47 43 0.00889054

48 43 0.00594659

49 43 0.00297917

50 43 0

0 44 0

1 44 0.00257577

2 44 0.00514136

3 44 0.00768667

4 44 0.0102016

5 44 0.0126764

6 44 0.015101

7 44 0.0174661

8 44 0.0197623

9 44 0.0219805

10 44 0.0241119

11 44 0.0261481

12 44 0.0280812

13 44 0.0299034

14 44 0.0316077

15 44 0.0331871

16 44 0.0346356

17 44 0.0359475

18 44 0.0371174

19 44 0.0381409

20 44 0.0390138

21 44 0.0397328

22 44 0.040295

23 44 0.0406981

24 44 0.0409406

25 44 0.0410216

26 44 0.0409406

27 44 0.0406981

28 44 0.040295

29 44 0.0397328

30 44 0.0390138

31 44 0.0381409

32 44 0.0371174

33 44 0.0359475

34 44 0.0346356

35 44 0.0331871

36 44 0.0316077

37 44 0.0299034

38 44 0.0280812

39 44 0.0261481

40 44 0.0241119

41 44 0.0219805

42 44 0.0197623

43 44 0.0174661

44 44 0.015101

45 44 0.0126764

46 44 0.0102016

47 44 0.00768667

48 44 0.00514136

49 44 0.00257577

50 44 0

0 45 0

1 45 0.00216219

2 45 0.00431585

3 45 0.00645247

4 45 0.00856363

5 45 0.010641

6 45 0.0126764

7 45 0.0146617

8 45 0.0165892

9 45 0.0184512

10 45 0.0202404

11 45 0.0219497

12 45 0.0235724

13 45 0.025102

14 45 0.0265326

15 45 0.0278585

16 45 0.0290744

17 45 0.0301756

18 45 0.0311577

19 45 0.0320168

20 45 0.0327496

21 45 0.0333531

22 45 0.033825

23 45 0.0341634

24 45 0.034367

25 45 0.034435

26 45 0.034367

27 45 0.0341634

28 45 0.033825

29 45 0.0333531

30 45 0.0327496

31 45 0.0320168

32 45 0.0311577

33 45 0.0301756

34 45 0.0290744

35 45 0.0278585

36 45 0.0265326

37 45 0.025102

38 45 0.0235724

39 45 0.0219497

40 45 0.0202404

41 45 0.0184512

42 45 0.0165892

43 45 0.0146617

44 45 0.0126764

45 45 0.010641

46 45 0.00856363

47 45 0.00645247

48 45 0.00431585

49 45 0.00216219

50 45 0

0 46 0

1 46 0.00174008

2 46 0.0034733

3 46 0.0051928

4 46 0.00689182

5 46 0.00856363

6 46 0.0102016

7 46 0.0117994

8 46 0.0133506

9 46 0.0148491

10 46 0.016289

11 46 0.0176646

12 46 0.0189705

13 46 0.0202015

14 46 0.0213528

15 46 0.0224199

16 46 0.0233984

17 46 0.0242846

18 46 0.025075

19 46 0.0257664

20 46 0.0263561

21 46 0.0268418

22 46 0.0272216

23 46 0.027494

24 46 0.0276578

25 46 0.0277125

26 46 0.0276578

27 46 0.027494

28 46 0.0272216

29 46 0.0268418

30 46 0.0263561

31 46 0.0257664

32 46 0.025075

33 46 0.0242846

34 46 0.0233984

35 46 0.0224199

36 46 0.0213528

37 46 0.0202015

38 46 0.0189705

39 46 0.0176646

40 46 0.016289

41 46 0.0148491

42 46 0.0133506

43 46 0.0117994

44 46 0.0102016

45 46 0.00856363

46 46 0.00689182

47 46 0.0051928

48 46 0.0034733

49 46 0.00174008

50 46 0

0 47 0

1 47 0.00131111

2 47 0.00261704

3 47 0.00391264

4 47 0.0051928

5 47 0.00645247

6 47 0.00768667

7 47 0.00889054

8 47 0.0100593

9 47 0.0111884

10 47 0.0122733

11 47 0.0133098

12 47 0.0142938

13 47 0.0152213

14 47 0.0160888

15 47 0.0168928

16 47 0.0176301

17 47 0.0182978

18 47 0.0188934

19 47 0.0194143

20 47 0.0198587

21 47 0.0202246

22 47 0.0205108

23 47 0.020716

24 47 0.0208394

25 47 0.0208806

26 47 0.0208394

27 47 0.020716

28 47 0.0205108

29 47 0.0202246

30 47 0.0198587

31 47 0.0194143

32 47 0.0188934

33 47 0.0182978

34 47 0.0176301

35 47 0.0168928

36 47 0.0160888

37 47 0.0152213

38 47 0.0142938

39 47 0.0133098

40 47 0.0122733

41 47 0.0111884

42 47 0.0100593

43 47 0.00889054

44 47 0.00768667

45 47 0.00645247

46 47 0.0051928

47 47 0.00391264

48 47 0.00261704

49 47 0.00131111

50 47 0

0 48 0

1 48 0.000876956

2 48 0.00175045

3 48 0.00261704

4 48 0.0034733

5 48 0.00431585

6 48 0.00514136

7 48 0.00594659

8 48 0.00672835

9 48 0.00748356

10 48 0.00820923

11 48 0.0089025

12 48 0.00956064

13 48 0.010181

14 48 0.0107613

15 48 0.011299

16 48 0.0117922

17 48 0.0122388

18 48 0.0126372

19 48 0.0129856

20 48 0.0132828

21 48 0.0135276

22 48 0.013719

23 48 0.0138562

24 48 0.0139388

25 48 0.0139664

26 48 0.0139388

27 48 0.0138562

28 48 0.013719

29 48 0.0135276

30 48 0.0132828

31 48 0.0129856

32 48 0.0126372

33 48 0.0122388

34 48 0.0117922

35 48 0.011299

36 48 0.0107613

37 48 0.010181

38 48 0.00956064

39 48 0.0089025

40 48 0.00820923

41 48 0.00748356

42 48 0.00672835

43 48 0.00594659

44 48 0.00514136

45 48 0.00431585

46 48 0.0034733

47 48 0.00261704

48 48 0.00175045

49 48 0.000876956

50 48 0

0 49 0

1 49 0.000439345

2 49 0.000876956

3 49 0.00131111

4 49 0.00174008

5 49 0.00216219

6 49 0.00257577

7 49 0.00297917

8 49 0.00337083

9 49 0.00374918

10 49 0.00411273

11 49 0.00446005

12 49 0.00478977

13 49 0.00510059

14 49 0.00539128

15 49 0.00566069

