0 1 0

1 1 0.000170391

2 1 0.000340109

3 1 0.000508485

4 1 0.000674855

5 1 0.000838561

6 1 0.000998957

7 1 0.00115541

8 1 0.00130731

9 1 0.00145404

10 1 0.00159504

11 1 0.00172974

12 1 0.00185761

13 1 0.00197816

14 1 0.00209089

15 1 0.00219538

16 1 0.0022912

17 1 0.00237798

18 1 0.00245537

19 1 0.00252308

20 1 0.00258082

21 1 0.00262838

22 1 0.00266557

23 1 0.00269224

24 1 0.00270828

25 1 0.00271364

26 1 0.00270828

27 1 0.00269224

28 1 0.00266557

29 1 0.00262838

30 1 0.00258082

31 1 0.00252308

32 1 0.00245537

33 1 0.00237798

34 1 0.0022912

35 1 0.00219538

36 1 0.00209089

37 1 0.00197816

38 1 0.00185761

39 1 0.00172974

40 1 0.00159504

41 1 0.00145404

42 1 0.00130731

43 1 0.00115541

44 1 0.000998957

45 1 0.000838561

46 1 0.000674855

47 1 0.000508485

48 1 0.000340109

49 1 0.000170391

50 1 0

0 2 0

1 2 0.000340109

2 2 0.000678876

3 2 0.00101496

4 2 0.00134705

5 2 0.00167381

6 2 0.00199397

7 2 0.00230626

8 2 0.00260945

9 2 0.00290234

10 2 0.00318378

11 2 0.00345265

12 2 0.0037079

13 2 0.00394851

14 2 0.00417354

15 2 0.0043821

16 2 0.00457336

17 2 0.00474658

18 2 0.00490106

19 2 0.0050362

20 2 0.00515146

21 2 0.0052464

22 2 0.00532063

23 2 0.00537386

24 2 0.00540588

25 2 0.00541657

26 2 0.00540588

27 2 0.00537386

28 2 0.00532063

29 2 0.0052464

30 2 0.00515146

31 2 0.0050362

32 2 0.00490106

33 2 0.00474658

34 2 0.00457336

35 2 0.0043821

36 2 0.00417354

37 2 0.00394851

38 2 0.0037079

39 2 0.00345265

40 2 0.00318378

41 2 0.00290234

42 2 0.00260945

43 2 0.00230626

44 2 0.00199397

45 2 0.00167381

46 2 0.00134705

47 2 0.00101496

48 2 0.000678876

49 2 0.000340109

50 2 0

0 3 0

1 3 0.000508485

2 3 0.00101496

3 3 0.00151744

4 3 0.00201392

5 3 0.00250246

6 3 0.00298112

7 3 0.00344801

8 3 0.0039013

9 3 0.00433919

10 3 0.00475996

11 3 0.00516194

12 3 0.00554355

13 3 0.00590328

14 3 0.00623971

15 3 0.00655152

16 3 0.00683747

17 3 0.00709644

18 3 0.0073274

19 3 0.00752944

20 3 0.00770177

21 3 0.0078437

22 3 0.00795468

23 3 0.00803427

24 3 0.00808214

25 3 0.00809812

26 3 0.00808214

27 3 0.00803427

28 3 0.00795468

29 3 0.0078437

30 3 0.00770177

31 3 0.00752944

32 3 0.0073274

33 3 0.00709644

34 3 0.00683747

35 3 0.00655152

36 3 0.00623971

37 3 0.00590328

38 3 0.00554355

39 3 0.00516194

40 3 0.00475996

41 3 0.00433919

42 3 0.0039013

43 3 0.00344801

44 3 0.00298112

45 3 0.00250246

46 3 0.00201392

47 3 0.00151744

48 3 0.00101496

49 3 0.000508485

50 3 0

0 4 0

1 4 0.000674855

2 4 0.00134705

3 4 0.00201392

4 4 0.00267285

5 4 0.00332123

6 4 0.0039565

7 4 0.00457615

8 4 0.00517775

9 4 0.00575891

10 4 0.00631735

11 4 0.00685085

12 4 0.00735732

13 4 0.00783475

14 4 0.00828126

15 4 0.00869508

16 4 0.0090746

17 4 0.00941829

18 4 0.00972482

19 4 0.00999297

20 4 0.0102217

21 4 0.0104101

22 4 0.0105573

23 4 0.010663

24 4 0.0107265

25 4 0.0107477

26 4 0.0107265

27 4 0.010663

28 4 0.0105573

29 4 0.0104101

30 4 0.0102217

31 4 0.00999297

32 4 0.00972482

33 4 0.00941829

34 4 0.0090746

35 4 0.00869508

36 4 0.00828126

37 4 0.00783475

38 4 0.00735732

39 4 0.00685085

40 4 0.00631735

41 4 0.00575891

42 4 0.00517775

43 4 0.00457615

44 4 0.0039565

45 4 0.00332123

46 4 0.00267285

47 4 0.00201392

48 4 0.00134705

49 4 0.000674855

50 4 0

0 5 0

1 5 0.000838561

2 5 0.00167381

3 5 0.00250246

4 5 0.00332123

5 5 0.00412689

6 5 0.00491626

7 5 0.00568624

8 5 0.00643377

9 5 0.00715591

10 5 0.00784981

11 5 0.00851273

12 5 0.00914205

13 5 0.0097353

14 5 0.0102901

15 5 0.0108043

16 5 0.0112759

17 5 0.011703

18 5 0.0120839

19 5 0.0124171

20 5 0.0127013

21 5 0.0129353

22 5 0.0131183

23 5 0.0132496

24 5 0.0133285

25 5 0.0133549

26 5 0.0133285

27 5 0.0132496

28 5 0.0131183

29 5 0.0129353

30 5 0.0127013

31 5 0.0124171

32 5 0.0120839

33 5 0.011703

34 5 0.0112759

35 5 0.0108043

36 5 0.0102901

37 5 0.0097353

38 5 0.00914205

39 5 0.00851273

40 5 0.00784981

41 5 0.00715591

42 5 0.00643377

43 5 0.00568624

44 5 0.00491626

45 5 0.00412689

46 5 0.00332123

47 5 0.00250246

48 5 0.00167381

49 5 0.000838561

50 5 0

0 6 0

1 6 0.000998957

2 6 0.00199397

3 6 0.00298112

4 6 0.0039565

5 6 0.00491626

6 6 0.00585663

7 6 0.00677388

8 6 0.00766439

9 6 0.00852466

10 6 0.00935129

11 6 0.010141

12 6 0.0108907

13 6 0.0115974

14 6 0.0122584

15 6 0.0128709

16 6 0.0134327

17 6 0.0139415

18 6 0.0143952

19 6 0.0147922

20 6 0.0151307

21 6 0.0154095

22 6 0.0156276

23 6 0.0157839

24 6 0.015878

25 6 0.0159094

26 6 0.015878

27 6 0.0157839

28 6 0.0156276

29 6 0.0154095

30 6 0.0151307

31 6 0.0147922

32 6 0.0143952

33 6 0.0139415

34 6 0.0134327

35 6 0.0128709

36 6 0.0122584

37 6 0.0115974

38 6 0.0108907

39 6 0.010141

40 6 0.00935129

41 6 0.00852466

42 6 0.00766439

43 6 0.00677388

44 6 0.00585663

45 6 0.00491626

46 6 0.0039565

47 6 0.00298112

48 6 0.00199397

49 6 0.000998957

50 6 0

0 7 0

1 7 0.00115541

2 7 0.00230626

3 7 0.00344801

4 7 0.00457615

5 7 0.00568624

6 7 0.00677388

7 7 0.00783478

8 7 0.00886477

9 7 0.00985977

10 7 0.0108159

11 7 0.0117293

12 7 0.0125964

13 7 0.0134138

14 7 0.0141782

15 7 0.0148868

16 7 0.0155365

17 7 0.016125

18 7 0.0166498

19 7 0.0171089

20 7 0.0175004

21 7 0.0178229

22 7 0.0180751

23 7 0.0182559

24 7 0.0183647

25 7 0.018401

26 7 0.0183647

27 7 0.0182559

28 7 0.0180751

29 7 0.0178229

30 7 0.0175004

31 7 0.0171089

32 7 0.0166498

33 7 0.016125

34 7 0.0155365

35 7 0.0148868

36 7 0.0141782

37 7 0.0134138

38 7 0.0125964

39 7 0.0117293

40 7 0.0108159

41 7 0.00985977

42 7 0.00886477

43 7 0.00783478

44 7 0.00677388

45 7 0.00568624

46 7 0.00457615

47 7 0.00344801

48 7 0.00230626

49 7 0.00115541

50 7 0

0 8 0

1 8 0.00130731

2 8 0.00260945

3 8 0.0039013

4 8 0.00517775

5 8 0.00643377

6 8 0.00766439

7 8 0.00886477

8 8 0.0100302

9 8 0.011156

10 8 0.0122378

11 8 0.0132712

12 8 0.0142523

13 8 0.0151772

14 8 0.0160422

15 8 0.0168438

16 8 0.017579

17 8 0.0182448

18 8 0.0188386

19 8 0.019358

20 8 0.0198011

21 8 0.020166

22 8 0.0204513

23 8 0.0206559

24 8 0.020779

25 8 0.0208201

26 8 0.020779

27 8 0.0206559

28 8 0.0204513

29 8 0.020166

30 8 0.0198011

31 8 0.019358

32 8 0.0188386

33 8 0.0182448

34 8 0.017579

35 8 0.0168438

36 8 0.0160422

37 8 0.0151772

38 8 0.0142523

39 8 0.0132712

40 8 0.0122378

41 8 0.011156

42 8 0.0100302

43 8 0.00886477

44 8 0.00766439

45 8 0.00643377

46 8 0.00517775

47 8 0.0039013

48 8 0.00260945

49 8 0.00130731

50 8 0

0 9 0

1 9 0.00145404

2 9 0.00290234

3 9 0.00433919

4 9 0.00575891

5 9 0.00715591

6 9 0.00852466

7 9 0.00985977

8 9 0.011156

9 9 0.0124081

10 9 0.0136113

11 9 0.0147608

12 9 0.0158521

13 9 0.0168807

14 9 0.0178428

15 9 0.0187344

16 9 0.0195521

17 9 0.0202926

18 9 0.0209531

19 9 0.0215308

20 9 0.0220236

21 9 0.0224295

22 9 0.0227468

23 9 0.0229744

24 9 0.0231113

25 9 0.023157

26 9 0.0231113

27 9 0.0229744

28 9 0.0227468

29 9 0.0224295

30 9 0.0220236

31 9 0.0215308

32 9 0.0209531

33 9 0.0202926

34 9 0.0195521

35 9 0.0187344

36 9 0.0178428

37 9 0.0168807

38 9 0.0158521

39 9 0.0147608

40 9 0.0136113

41 9 0.0124081

42 9 0.011156

43 9 0.00985977

44 9 0.00852466

45 9 0.00715591

46 9 0.00575891

47 9 0.00433919

48 9 0.00290234

49 9 0.00145404

50 9 0

0 10 0

1 10 0.00159504

2 10 0.00318378

3 10 0.00475996

4 10 0.00631735

5 10 0.00784981

6 10 0.00935129

7 10 0.0108159

8 10 0.0122378

9 10 0.0136113

10 10 0.0149312

11 10 0.0161922

12 10 0.0173892

13 10 0.0185176

14 10 0.019573

15 10 0.0205511

16 10 0.0214481

17 10 0.0222604

18 10 0.0229849

19 10 0.0236187

20 10 0.0241592

21 10 0.0246044

22 10 0.0249526

23 10 0.0252022

24 10 0.0253524

25 10 0.0254025

26 10 0.0253524

27 10 0.0252022

28 10 0.0249526

29 10 0.0246044

30 10 0.0241592

31 10 0.0236187

32 10 0.0229849

33 10 0.0222604

34 10 0.0214481

35 10 0.0205511

36 10 0.019573

37 10 0.0185176

38 10 0.0173892

39 10 0.0161922

40 10 0.0149312

41 10 0.0136113

42 10 0.0122378

43 10 0.0108159

44 10 0.00935129

45 10 0.00784981

46 10 0.00631735

47 10 0.00475996

48 10 0.00318378

49 10 0.00159504

50 10 0

0 11 0

1 11 0.00172974

2 11 0.00345265

3 11 0.00516194

4 11 0.00685085

5 11 0.00851273

6 11 0.010141

7 11 0.0117293

8 11 0.0132712

9 11 0.0147608

10 11 0.0161922

11 11 0.0175596

12 11 0.0188577

13 11 0.0200815

14 11 0.0212259

15 11 0.0222866

16 11 0.0232593

17 11 0.0241403

18 11 0.024926

19 11 0.0256133

20 11 0.0261995

21 11 0.0266823

22 11 0.0270598

23 11 0.0273305

24 11 0.0274934

25 11 0.0275478

26 11 0.0274934

27 11 0.0273305

28 11 0.0270598

29 11 0.0266823

30 11 0.0261995

31 11 0.0256133

32 11 0.024926

33 11 0.0241403

34 11 0.0232593

35 11 0.0222866

36 11 0.0212259

37 11 0.0200815

38 11 0.0188577

39 11 0.0175596

40 11 0.0161922

41 11 0.0147608

42 11 0.0132712

43 11 0.0117293

44 11 0.010141

45 11 0.00851273

46 11 0.00685085

47 11 0.00516194

48 11 0.00345265

49 11 0.00172974

50 11 0

0 12 0

1 12 0.00185761

2 12 0.0037079

3 12 0.00554355

4 12 0.00735732

5 12 0.00914205

6 12 0.0108907

7 12 0.0125964

8 12 0.0142523

9 12 0.0158521

10 12 0.0173892

11 12 0.0188577

12 12 0.0202518

13 12 0.021566

14 12 0.0227951

15 12 0.0239342

16 12 0.0249789

17 12 0.0259249

18 12 0.0267687

19 12 0.0275068

20 12 0.0281363

21 12 0.0286549

22 12 0.0290603

23 12 0.029351

24 12 0.0295259

25 12 0.0295843

26 12 0.0295259

27 12 0.029351

28 12 0.0290603

29 12 0.0286549

30 12 0.0281363

31 12 0.0275068

32 12 0.0267687

33 12 0.0259249

34 12 0.0249789

35 12 0.0239342

36 12 0.0227951

37 12 0.021566

38 12 0.0202518

39 12 0.0188577

40 12 0.0173892

41 12 0.0158521

42 12 0.0142523

43 12 0.0125964

44 12 0.0108907

45 12 0.00914205

46 12 0.00735732

47 12 0.00554355

48 12 0.0037079

49 12 0.00185761

50 12 0

0 13 0

1 13 0.00197816

2 13 0.00394851

3 13 0.00590328

4 13 0.00783475

5 13 0.0097353

6 13 0.0115974

7 13 0.0134138

8 13 0.0151772

9 13 0.0168807

10 13 0.0185176

11 13 0.0200815

12 13 0.021566

13 13 0.0229655

14 13 0.0242743

15 13 0.0254873

16 13 0.0265998

17 13 0.0276072

18 13 0.0285057

19 13 0.0292918

20 13 0.0299622

21 13 0.0305143

22 13 0.0309461

23 13 0.0312557

24 13 0.0314419

25 13 0.0315041

26 13 0.0314419

27 13 0.0312557

28 13 0.0309461

29 13 0.0305143

30 13 0.0299622

31 13 0.0292918

32 13 0.0285057

33 13 0.0276072

34 13 0.0265998

35 13 0.0254873

36 13 0.0242743

37 13 0.0229655

38 13 0.021566

39 13 0.0200815

40 13 0.0185176

41 13 0.0168807

42 13 0.0151772

43 13 0.0134138

44 13 0.0115974

45 13 0.0097353

46 13 0.00783475

47 13 0.00590328

48 13 0.00394851

49 13 0.00197816

50 13 0

0 14 0

1 14 0.00209089

2 14 0.00417354

3 14 0.00623971

4 14 0.00828126

5 14 0.0102901

6 14 0.0122584

7 14 0.0141782

8 14 0.0160422

9 14 0.0178428

10 14 0.019573

11 14 0.0212259

12 14 0.0227951

13 14 0.0242743

14 14 0.0256577

15 14 0.0269399

16 14 0.0281157

17 14 0.0291806

18 14 0.0301303

19 14 0.0309611

20 14 0.0316697

21 14 0.0322534

22 14 0.0327097

23 14 0.033037

24 14 0.0332338

25 14 0.0332995

26 14 0.0332338

27 14 0.033037

28 14 0.0327097

29 14 0.0322534

30 14 0.0316697

31 14 0.0309611

32 14 0.0301303

33 14 0.0291806

34 14 0.0281157

35 14 0.0269399

36 14 0.0256577

37 14 0.0242743

38 14 0.0227951

39 14 0.0212259

40 14 0.019573

41 14 0.0178428

42 14 0.0160422

43 14 0.0141782

44 14 0.0122584

45 14 0.0102901

46 14 0.00828126

47 14 0.00623971

48 14 0.00417354

49 14 0.00209089

50 14 0

0 15 0

1 15 0.00219538

2 15 0.0043821

3 15 0.00655152

4 15 0.00869508

5 15 0.0108043

6 15 0.0128709

7 15 0.0148868

8 15 0.0168438

9 15 0.0187344

10 15 0.0205511

11 15 0.0222866

12 15 0.0239342

13 15 0.0254873

14 15 0.0269399

15 15 0.0282861

16 15 0.0295207

17 15 0.0306388

18 15 0.031636

19 15 0.0325083

20 15 0.0332523

21 15 0.0338651

22 15 0.0343443

23 15 0.0346879

24 15 0.0348946

25 15 0.0349636

26 15 0.0348946

27 15 0.0346879

28 15 0.0343443

29 15 0.0338651

30 15 0.0332523

31 15 0.0325083

32 15 0.031636

33 15 0.0306388

34 15 0.0295207

35 15 0.0282861

36 15 0.0269399

37 15 0.0254873

38 15 0.0239342

39 15 0.0222866

40 15 0.0205511

41 15 0.0187344

42 15 0.0168438

43 15 0.0148868

44 15 0.0128709

45 15 0.0108043

46 15 0.00869508

47 15 0.00655152

48 15 0.0043821

49 15 0.00219538

50 15 0

0 16 0

1 16 0.0022912

2 16 0.00457336

3 16 0.00683747

4 16 0.0090746

5 16 0.0112759

6 16 0.0134327

7 16 0.0155365

8 16 0.017579

9 16 0.0195521

10 16 0.0214481

11 16 0.0232593

12 16 0.0249789

13 16 0.0265998

14 16 0.0281157

15 16 0.0295207

16 16 0.0308092

17 16 0.0319761

18 16 0.0330168

19 16 0.0339272

20 16 0.0347037

21 16 0.0353432

22 16 0.0358433

23 16 0.0362019

24 16 0.0364176

25 16 0.0364896

26 16 0.0364176

27 16 0.0362019

28 16 0.0358433

29 16 0.0353432

30 16 0.0347037

31 16 0.0339272

32 16 0.0330168

33 16 0.0319761

34 16 0.0308092

35 16 0.0295207

36 16 0.0281157

37 16 0.0265998

38 16 0.0249789

39 16 0.0232593

40 16 0.0214481

41 16 0.0195521

42 16 0.017579

43 16 0.0155365

44 16 0.0134327

45 16 0.0112759

46 16 0.0090746

47 16 0.00683747

48 16 0.00457336

49 16 0.0022912

50 16 0

0 17 0

1 17 0.00237798

2 17 0.00474658

3 17 0.00709644

4 17 0.00941829

5 17 0.011703

6 17 0.0139415

7 17 0.016125

8 17 0.0182448

9 17 0.0202926

10 17 0.0222604

11 17 0.0241403

12 17 0.0259249

13 17 0.0276072

14 17 0.0291806

15 17 0.0306388

16 17 0.0319761

17 17 0.0331872

18 17 0.0342673

19 17 0.0352122

20 17 0.0360181

21 17 0.0366818

22 17 0.0372008

23 17 0.037573

24 17 0.0377969

25 17 0.0378716

26 17 0.0377969

27 17 0.037573

28 17 0.0372008

29 17 0.0366818

30 17 0.0360181

31 17 0.0352122

32 17 0.0342673

33 17 0.0331872

34 17 0.0319761

35 17 0.0306388

36 17 0.0291806

37 17 0.0276072

38 17 0.0259249

39 17 0.0241403

40 17 0.0222604

41 17 0.0202926

42 17 0.0182448

43 17 0.016125

44 17 0.0139415

45 17 0.011703

46 17 0.00941829

47 17 0.00709644

48 17 0.00474658

49 17 0.00237798

50 17 0

0 18 0

1 18 0.00245537

2 18 0.00490106

3 18 0.0073274

4 18 0.00972482

5 18 0.0120839

6 18 0.0143952

7 18 0.0166498

8 18 0.0188386

9 18 0.0209531

10 18 0.0229849

11 18 0.024926

12 18 0.0267687

13 18 0.0285057

14 18 0.0301303

15 18 0.031636

16 18 0.0330168

17 18 0.0342673

18 18 0.0353826

19 18 0.0363582

20 18 0.0371903

21 18 0.0378757

22 18 0.0384116

23 18 0.0387959

24 18 0.0390271

25 18 0.0391042

26 18 0.0390271

27 18 0.0387959

28 18 0.0384116

29 18 0.0378757

30 18 0.0371903

31 18 0.0363582

32 18 0.0353826

33 18 0.0342673

34 18 0.0330168

35 18 0.031636

36 18 0.0301303

37 18 0.0285057

38 18 0.0267687

39 18 0.024926

40 18 0.0229849

41 18 0.0209531

42 18 0.0188386

43 18 0.0166498

44 18 0.0143952

45 18 0.0120839

46 18 0.00972482

47 18 0.0073274

48 18 0.00490106

49 18 0.00245537

50 18 0

0 19 0

1 19 0.00252308

2 19 0.0050362

3 19 0.00752944

4 19 0.00999297

5 19 0.0124171

6 19 0.0147922

7 19 0.0171089

8 19 0.019358

9 19 0.0215308

10 19 0.0236187

11 19 0.0256133

12 19 0.0275068

13 19 0.0292918

14 19 0.0309611

15 19 0.0325083

16 19 0.0339272

17 19 0.0352122

18 19 0.0363582

19 19 0.0373607

20 19 0.0382158

21 19 0.0389201

22 19 0.0394707

23 19 0.0398656

24 19 0.0401032

25 19 0.0401825

26 19 0.0401032

27 19 0.0398656

28 19 0.0394707

29 19 0.0389201

30 19 0.0382158

31 19 0.0373607

32 19 0.0363582

33 19 0.0352122

34 19 0.0339272

35 19 0.0325083

36 19 0.0309611

37 19 0.0292918

38 19 0.0275068

39 19 0.0256133

40 19 0.0236187

41 19 0.0215308

42 19 0.019358

43 19 0.0171089

44 19 0.0147922

45 19 0.0124171

46 19 0.00999297

47 19 0.00752944

48 19 0.0050362

49 19 0.00252308

50 19 0

0 20 0

1 20 0.00258082

2 20 0.00515146

3 20 0.00770177

4 20 0.0102217

5 20 0.0127013

6 20 0.0151307

7 20 0.0175004

8 20 0.0198011

9 20 0.0220236

10 20 0.0241592

11 20 0.0261995

12 20 0.0281363

13 20 0.0299622

14 20 0.0316697

15 20 0.0332523

16 20 0.0347037

17 20 0.0360181

18 20 0.0371903

19 20 0.0382158

20 20 0.0390904

21 20 0.0398108

22 20 0.0403741

23 20 0.040778

24 20 0.041021

25 20 0.0411021

26 20 0.041021

27 20 0.040778

28 20 0.0403741

29 20 0.0398108

30 20 0.0390904

31 20 0.0382158

32 20 0.0371903

33 20 0.0360181

34 20 0.0347037

35 20 0.0332523

36 20 0.0316697

37 20 0.0299622

38 20 0.0281363

39 20 0.0261995

40 20 0.0241592

41 20 0.0220236

42 20 0.0198011

43 20 0.0175004

44 20 0.0151307

45 20 0.0127013

46 20 0.0102217

47 20 0.00770177

48 20 0.00515146

49 20 0.00258082

50 20 0

0 21 0

1 21 0.00262838

2 21 0.0052464

3 21 0.0078437

4 21 0.0104101

5 21 0.0129353

6 21 0.0154095

7 21 0.0178229

8 21 0.020166

9 21 0.0224295

10 21 0.0246044

11 21 0.0266823

12 21 0.0286549

13 21 0.0305143

14 21 0.0322534

15 21 0.0338651

16 21 0.0353432

17 21 0.0366818

18 21 0.0378757

19 21 0.0389201

20 21 0.0398108

21 21 0.0405445

22 21 0.0411181

23 21 0.0415295

24 21 0.041777

25 21 0.0418596

26 21 0.041777

27 21 0.0415295

28 21 0.0411181

29 21 0.0405445

30 21 0.0398108

31 21 0.0389201

32 21 0.0378757

33 21 0.0366818

34 21 0.0353432

35 21 0.0338651

36 21 0.0322534

37 21 0.0305143

38 21 0.0286549

39 21 0.0266823

40 21 0.0246044

41 21 0.0224295

42 21 0.020166

43 21 0.0178229

44 21 0.0154095

45 21 0.0129353

46 21 0.0104101

47 21 0.0078437

48 21 0.0052464

49 21 0.00262838

50 21 0

0 22 0

1 22 0.00266557

2 22 0.00532063

3 22 0.00795468

4 22 0.0105573

5 22 0.0131183

6 22 0.0156276

7 22 0.0180751

8 22 0.0204513

9 22 0.0227468

10 22 0.0249526

11 22 0.0270598

12 22 0.0290603

13 22 0.0309461

14 22 0.0327097

15 22 0.0343443

16 22 0.0358433

17 22 0.0372008

18 22 0.0384116

19 22 0.0394707

20 22 0.0403741

21 22 0.0411181

22 22 0.0416999

23 22 0.0421171

24 22 0.0423681

25 22 0.0424518

26 22 0.0423681

27 22 0.0421171

28 22 0.0416999

29 22 0.0411181

30 22 0.0403741

31 22 0.0394707

32 22 0.0384116

33 22 0.0372008

34 22 0.0358433

35 22 0.0343443

36 22 0.0327097

37 22 0.0309461

38 22 0.0290603

39 22 0.0270598

40 22 0.0249526

41 22 0.0227468

42 22 0.0204513

43 22 0.0180751

44 22 0.0156276

45 22 0.0131183

46 22 0.0105573

47 22 0.00795468

48 22 0.00532063

49 22 0.00266557

50 22 0

0 23 0

1 23 0.00269224

2 23 0.00537386

3 23 0.00803427

4 23 0.010663

5 23 0.0132496

6 23 0.0157839

7 23 0.0182559

8 23 0.0206559

9 23 0.0229744

10 23 0.0252022

11 23 0.0273305

12 23 0.029351

13 23 0.0312557

14 23 0.033037

15 23 0.0346879

16 23 0.0362019

17 23 0.037573

18 23 0.0387959

19 23 0.0398656

20 23 0.040778

21 23 0.0415295

22 23 0.0421171

23 23 0.0425385

24 23 0.0427919

25 23 0.0428766

26 23 0.0427919

27 23 0.0425385

28 23 0.0421171

29 23 0.0415295

30 23 0.040778

31 23 0.0398656

32 23 0.0387959

33 23 0.037573

34 23 0.0362019

35 23 0.0346879

36 23 0.033037

37 23 0.0312557

38 23 0.029351

39 23 0.0273305

40 23 0.0252022

41 23 0.0229744

42 23 0.0206559

43 23 0.0182559

44 23 0.0157839

45 23 0.0132496

46 23 0.010663

47 23 0.00803427

48 23 0.00537386

49 23 0.00269224

50 23 0

0 24 0

1 24 0.00270828

2 24 0.00540588

3 24 0.00808214

4 24 0.0107265

5 24 0.0133285

6 24 0.015878

7 24 0.0183647

8 24 0.020779

9 24 0.0231113

10 24 0.0253524

11 24 0.0274934

12 24 0.0295259

13 24 0.0314419

14 24 0.0332338

15 24 0.0348946

16 24 0.0364176

17 24 0.0377969

18 24 0.0390271

19 24 0.0401032

20 24 0.041021

21 24 0.041777

22 24 0.0423681

23 24 0.0427919

24 24 0.0430469

25 24 0.0431321

26 24 0.0430469

27 24 0.0427919

28 24 0.0423681

29 24 0.041777

30 24 0.041021

31 24 0.0401032

32 24 0.0390271

33 24 0.0377969

34 24 0.0364176

35 24 0.0348946

36 24 0.0332338

37 24 0.0314419

38 24 0.0295259

39 24 0.0274934

40 24 0.0253524

41 24 0.0231113

42 24 0.020779

43 24 0.0183647

44 24 0.015878

45 24 0.0133285

46 24 0.0107265

47 24 0.00808214

48 24 0.00540588

49 24 0.00270828

50 24 0

0 25 0

1 25 0.00271364

2 25 0.00541657

3 25 0.00809812

4 25 0.0107477

5 25 0.0133549

6 25 0.0159094

7 25 0.018401

8 25 0.0208201

9 25 0.023157

10 25 0.0254025

11 25 0.0275478

12 25 0.0295843

13 25 0.0315041

14 25 0.0332995

15 25 0.0349636

16 25 0.0364896

17 25 0.0378716

18 25 0.0391042

19 25 0.0401825

20 25 0.0411021

21 25 0.0418596

22 25 0.0424518

23 25 0.0428766

24 25 0.0431321

25 25 0.0432173

26 25 0.0431321

27 25 0.0428766

28 25 0.0424518

29 25 0.0418596

30 25 0.0411021

31 25 0.0401825

32 25 0.0391042

33 25 0.0378716

34 25 0.0364896

35 25 0.0349636

36 25 0.0332995

37 25 0.0315041

38 25 0.0295843

39 25 0.0275478

40 25 0.0254025

41 25 0.023157

42 25 0.0208201

43 25 0.018401

44 25 0.0159094

45 25 0.0133549

46 25 0.0107477

47 25 0.00809812

48 25 0.00541657

49 25 0.00271364

50 25 0

0 26 0

1 26 0.00270828

2 26 0.00540588

3 26 0.00808214

4 26 0.0107265

5 26 0.0133285

6 26 0.015878

7 26 0.0183647

8 26 0.020779

9 26 0.0231113

10 26 0.0253524

11 26 0.0274934

12 26 0.0295259

13 26 0.0314419

14 26 0.0332338

15 26 0.0348946

16 26 0.0364176

17 26 0.0377969

18 26 0.0390271

19 26 0.0401032

20 26 0.041021

21 26 0.041777

22 26 0.0423681

23 26 0.0427919

24 26 0.0430469

25 26 0.0431321

26 26 0.0430469

27 26 0.0427919

28 26 0.0423681

29 26 0.041777

30 26 0.041021

31 26 0.0401032

32 26 0.0390271

33 26 0.0377969

34 26 0.0364176

35 26 0.0348946

36 26 0.0332338

37 26 0.0314419

38 26 0.0295259

39 26 0.0274934

40 26 0.0253524

41 26 0.0231113

42 26 0.020779

43 26 0.0183647

44 26 0.015878

45 26 0.0133285

46 26 0.0107265

47 26 0.00808214

48 26 0.00540588

49 26 0.00270828

50 26 0

0 27 0

1 27 0.00269224

2 27 0.00537386

3 27 0.00803427

4 27 0.010663

5 27 0.0132496

6 27 0.0157839

7 27 0.0182559

8 27 0.0206559

9 27 0.0229744

10 27 0.0252022

11 27 0.0273305

12 27 0.029351

13 27 0.0312557

14 27 0.033037

15 27 0.0346879

16 27 0.0362019

17 27 0.037573

18 27 0.0387959

19 27 0.0398656

20 27 0.040778

21 27 0.0415295

22 27 0.0421171

23 27 0.0425385

24 27 0.0427919

25 27 0.0428766

26 27 0.0427919

27 27 0.0425385

28 27 0.0421171

29 27 0.0415295

30 27 0.040778

31 27 0.0398656

32 27 0.0387959

33 27 0.037573

34 27 0.0362019

35 27 0.0346879

36 27 0.033037

37 27 0.0312557

38 27 0.029351

39 27 0.0273305

40 27 0.0252022

41 27 0.0229744

42 27 0.0206559

43 27 0.0182559

44 27 0.0157839

45 27 0.0132496

46 27 0.010663

47 27 0.00803427

48 27 0.00537386

49 27 0.00269224

50 27 0

0 28 0

1 28 0.00266557

2 28 0.00532063

3 28 0.00795468

4 28 0.0105573

5 28 0.0131183

6 28 0.0156276

7 28 0.0180751

8 28 0.0204513

9 28 0.0227468

10 28 0.0249526

11 28 0.0270598

12 28 0.0290603

13 28 0.0309461

14 28 0.0327097

15 28 0.0343443

16 28 0.0358433

17 28 0.0372008

18 28 0.0384116

19 28 0.0394707

20 28 0.0403741

21 28 0.0411181

22 28 0.0416999

23 28 0.0421171

24 28 0.0423681

25 28 0.0424518

26 28 0.0423681

27 28 0.0421171

28 28 0.0416999

29 28 0.0411181

30 28 0.0403741

31 28 0.0394707

32 28 0.0384116

33 28 0.0372008

34 28 0.0358433

35 28 0.0343443

36 28 0.0327097

37 28 0.0309461

38 28 0.0290603

39 28 0.0270598

40 28 0.0249526

41 28 0.0227468

42 28 0.0204513

43 28 0.0180751

44 28 0.0156276

45 28 0.0131183

46 28 0.0105573

47 28 0.00795468

48 28 0.00532063

49 28 0.00266557

50 28 0

0 29 0

1 29 0.00262838

2 29 0.0052464

3 29 0.0078437

4 29 0.0104101

5 29 0.0129353

6 29 0.0154095

7 29 0.0178229

8 29 0.020166

9 29 0.0224295

10 29 0.0246044

11 29 0.0266823

12 29 0.0286549

13 29 0.0305143

14 29 0.0322534

15 29 0.0338651

16 29 0.0353432

17 29 0.0366818

18 29 0.0378757

19 29 0.0389201

20 29 0.0398108

21 29 0.0405445

22 29 0.0411181

23 29 0.0415295

24 29 0.041777

25 29 0.0418596

26 29 0.041777

27 29 0.0415295

28 29 0.0411181

29 29 0.0405445

30 29 0.0398108

31 29 0.0389201

32 29 0.0378757

33 29 0.0366818

34 29 0.0353432

35 29 0.0338651

36 29 0.0322534

37 29 0.0305143

38 29 0.0286549

39 29 0.0266823

40 29 0.0246044

41 29 0.0224295

42 29 0.020166

43 29 0.0178229

44 29 0.0154095

45 29 0.0129353

46 29 0.0104101

47 29 0.0078437

48 29 0.0052464

49 29 0.00262838

50 29 0

0 30 0

1 30 0.00258082

2 30 0.00515146

3 30 0.00770177

4 30 0.0102217

5 30 0.0127013

6 30 0.0151307

7 30 0.0175004

8 30 0.0198011

9 30 0.0220236

10 30 0.0241592

11 30 0.0261995

12 30 0.0281363

13 30 0.0299622

14 30 0.0316697

15 30 0.0332523

16 30 0.0347037

17 30 0.0360181

18 30 0.0371903

19 30 0.0382158

20 30 0.0390904

21 30 0.0398108

22 30 0.0403741

23 30 0.040778

24 30 0.041021

25 30 0.0411021

26 30 0.041021

27 30 0.040778

28 30 0.0403741

29 30 0.0398108

30 30 0.0390904

31 30 0.0382158

32 30 0.0371903

33 30 0.0360181

34 30 0.0347037

35 30 0.0332523

36 30 0.0316697

37 30 0.0299622

38 30 0.0281363

39 30 0.0261995

40 30 0.0241592

41 30 0.0220236

42 30 0.0198011

43 30 0.0175004

44 30 0.0151307

45 30 0.0127013

46 30 0.0102217

47 30 0.00770177

48 30 0.00515146

49 30 0.00258082

50 30 0

0 31 0

1 31 0.00252308

2 31 0.0050362

3 31 0.00752944

4 31 0.00999297

5 31 0.0124171

6 31 0.0147922

7 31 0.0171089

8 31 0.019358

9 31 0.0215308

10 31 0.0236187

11 31 0.0256133

12 31 0.0275068

13 31 0.0292918

14 31 0.0309611

15 31 0.0325083

16 31 0.0339272

17 31 0.0352122

18 31 0.0363582

19 31 0.0373607

20 31 0.0382158

21 31 0.0389201

22 31 0.0394707

23 31 0.0398656

24 31 0.0401032

25 31 0.0401825

26 31 0.0401032

27 31 0.0398656

28 31 0.0394707

29 31 0.0389201

30 31 0.0382158

31 31 0.0373607

32 31 0.0363582

33 31 0.0352122

34 31 0.0339272

35 31 0.0325083

36 31 0.0309611

37 31 0.0292918

38 31 0.0275068

39 31 0.0256133

40 31 0.0236187

41 31 0.0215308

42 31 0.019358

43 31 0.0171089

44 31 0.0147922

45 31 0.0124171

46 31 0.00999297

47 31 0.00752944

48 31 0.0050362

49 31 0.00252308

50 31 0

0 32 0

1 32 0.00245537

2 32 0.00490106

3 32 0.0073274

4 32 0.00972482

5 32 0.0120839

6 32 0.0143952

7 32 0.0166498

8 32 0.0188386

9 32 0.0209531

10 32 0.0229849

11 32 0.024926

12 32 0.0267687

13 32 0.0285057

14 32 0.0301303

15 32 0.031636

16 32 0.0330168

17 32 0.0342673

18 32 0.0353826

19 32 0.0363582

20 32 0.0371903

21 32 0.0378757

22 32 0.0384116

23 32 0.0387959

24 32 0.0390271

25 32 0.0391042

26 32 0.0390271

27 32 0.0387959

28 32 0.0384116

29 32 0.0378757

30 32 0.0371903

31 32 0.0363582

32 32 0.0353826

33 32 0.0342673

34 32 0.0330168

35 32 0.031636

36 32 0.0301303

37 32 0.0285057

38 32 0.0267687

39 32 0.024926

40 32 0.0229849

41 32 0.0209531

42 32 0.0188386

43 32 0.0166498

44 32 0.0143952

45 32 0.0120839

46 32 0.00972482

47 32 0.0073274

48 32 0.00490106

49 32 0.00245537

50 32 0

0 33 0

1 33 0.00237798

2 33 0.00474658

3 33 0.00709644

4 33 0.00941829

5 33 0.011703

6 33 0.0139415

7 33 0.016125

8 33 0.0182448

9 33 0.0202926

10 33 0.0222604

11 33 0.0241403

12 33 0.0259249

13 33 0.0276072

14 33 0.0291806

15 33 0.0306388

16 33 0.0319761

17 33 0.0331872

18 33 0.0342673

19 33 0.0352122

20 33 0.0360181

21 33 0.0366818

22 33 0.0372008

23 33 0.037573

24 33 0.0377969

25 33 0.0378716

26 33 0.0377969

27 33 0.037573

28 33 0.0372008

29 33 0.0366818

30 33 0.0360181

31 33 0.0352122

32 33 0.0342673

33 33 0.0331872

34 33 0.0319761

35 33 0.0306388

36 33 0.0291806

37 33 0.0276072

38 33 0.0259249

39 33 0.0241403

40 33 0.0222604

41 33 0.0202926

42 33 0.0182448

43 33 0.016125

44 33 0.0139415

45 33 0.011703

46 33 0.00941829

47 33 0.00709644

48 33 0.00474658

49 33 0.00237798

50 33 0

0 34 0

1 34 0.0022912

2 34 0.00457336

3 34 0.00683747

4 34 0.0090746

5 34 0.0112759

6 34 0.0134327

7 34 0.0155365

8 34 0.017579

9 34 0.0195521

10 34 0.0214481

11 34 0.0232593

12 34 0.0249789

13 34 0.0265998

14 34 0.0281157

15 34 0.0295207

16 34 0.0308092

17 34 0.0319761

18 34 0.0330168

19 34 0.0339272

20 34 0.0347037

21 34 0.0353432

22 34 0.0358433

23 34 0.0362019

24 34 0.0364176

25 34 0.0364896

26 34 0.0364176

27 34 0.0362019

28 34 0.0358433

29 34 0.0353432

30 34 0.0347037

31 34 0.0339272

32 34 0.0330168

33 34 0.0319761

34 34 0.0308092

35 34 0.0295207

36 34 0.0281157

37 34 0.0265998

38 34 0.0249789

39 34 0.0232593

40 34 0.0214481

41 34 0.0195521

42 34 0.017579

43 34 0.0155365

44 34 0.0134327

45 34 0.0112759

46 34 0.0090746

47 34 0.00683747

48 34 0.00457336

49 34 0.0022912

50 34 0

0 35 0

1 35 0.00219538

2 35 0.0043821

3 35 0.00655152

4 35 0.00869508

5 35 0.0108043

6 35 0.0128709

7 35 0.0148868

8 35 0.0168438

9 35 0.0187344

10 35 0.0205511

11 35 0.0222866

12 35 0.0239342

13 35 0.0254873

14 35 0.0269399

15 35 0.0282861

16 35 0.0295207

17 35 0.0306388

18 35 0.031636

19 35 0.0325083

20 35 0.0332523

21 35 0.0338651

22 35 0.0343443

23 35 0.0346879

24 35 0.0348946

25 35 0.0349636

26 35 0.0348946

27 35 0.0346879

28 35 0.0343443

29 35 0.0338651

30 35 0.0332523

31 35 0.0325083

32 35 0.031636

33 35 0.0306388

34 35 0.0295207

35 35 0.0282861

36 35 0.0269399

37 35 0.0254873

38 35 0.0239342

39 35 0.0222866

40 35 0.0205511

41 35 0.0187344

42 35 0.0168438

43 35 0.0148868

44 35 0.0128709

45 35 0.0108043

46 35 0.00869508

47 35 0.00655152

48 35 0.0043821

49 35 0.00219538

50 35 0

0 36 0

1 36 0.00209089

2 36 0.00417354

3 36 0.00623971

4 36 0.00828126

5 36 0.0102901

6 36 0.0122584

7 36 0.0141782

8 36 0.0160422

9 36 0.0178428

10 36 0.019573

11 36 0.0212259

12 36 0.0227951

13 36 0.0242743

14 36 0.0256577

15 36 0.0269399

16 36 0.0281157

17 36 0.0291806

18 36 0.0301303

19 36 0.0309611

20 36 0.0316697

21 36 0.0322534

22 36 0.0327097

23 36 0.033037

24 36 0.0332338

25 36 0.0332995

26 36 0.0332338

27 36 0.033037

28 36 0.0327097

29 36 0.0322534

30 36 0.0316697

31 36 0.0309611

32 36 0.0301303

33 36 0.0291806

34 36 0.0281157

35 36 0.0269399

36 36 0.0256577

37 36 0.0242743

38 36 0.0227951

39 36 0.0212259

40 36 0.019573

41 36 0.0178428

42 36 0.0160422

43 36 0.0141782

44 36 0.0122584

45 36 0.0102901

46 36 0.00828126

47 36 0.00623971

48 36 0.00417354

49 36 0.00209089

50 36 0

0 37 0

1 37 0.00197816

2 37 0.00394851

3 37 0.00590328

4 37 0.00783475

5 37 0.0097353

6 37 0.0115974

7 37 0.0134138

8 37 0.0151772

9 37 0.0168807

10 37 0.0185176

11 37 0.0200815

12 37 0.021566

13 37 0.0229655

14 37 0.0242743

15 37 0.0254873

16 37 0.0265998

17 37 0.0276072

18 37 0.0285057

19 37 0.0292918

20 37 0.0299622

21 37 0.0305143

22 37 0.0309461

23 37 0.0312557

24 37 0.0314419

25 37 0.0315041

26 37 0.0314419

27 37 0.0312557

28 37 0.0309461

29 37 0.0305143

30 37 0.0299622

31 37 0.0292918

32 37 0.0285057

33 37 0.0276072

34 37 0.0265998

35 37 0.0254873

36 37 0.0242743

37 37 0.0229655

38 37 0.021566

39 37 0.0200815

40 37 0.0185176

41 37 0.0168807

42 37 0.0151772

43 37 0.0134138

44 37 0.0115974

45 37 0.0097353

46 37 0.00783475

47 37 0.00590328

48 37 0.00394851

49 37 0.00197816

50 37 0

0 38 0

1 38 0.00185761

2 38 0.0037079

3 38 0.00554355

4 38 0.00735732

5 38 0.00914205

6 38 0.0108907

7 38 0.0125964

8 38 0.0142523

9 38 0.0158521

10 38 0.0173892

11 38 0.0188577

12 38 0.0202518

13 38 0.021566

14 38 0.0227951

15 38 0.0239342

16 38 0.0249789

17 38 0.0259249

18 38 0.0267687

19 38 0.0275068

20 38 0.0281363

21 38 0.0286549

22 38 0.0290603

23 38 0.029351

24 38 0.0295259

25 38 0.0295843

26 38 0.0295259

27 38 0.029351

28 38 0.0290603

29 38 0.0286549

30 38 0.0281363

31 38 0.0275068

32 38 0.0267687

33 38 0.0259249

34 38 0.0249789

35 38 0.0239342

36 38 0.0227951

37 38 0.021566

38 38 0.0202518

39 38 0.0188577

40 38 0.0173892

41 38 0.0158521

42 38 0.0142523

43 38 0.0125964

44 38 0.0108907

45 38 0.00914205

46 38 0.00735732

47 38 0.00554355

48 38 0.0037079

49 38 0.00185761

50 38 0

0 39 0

1 39 0.00172974

2 39 0.00345265

3 39 0.00516194

4 39 0.00685085

5 39 0.00851273

6 39 0.010141

7 39 0.0117293

8 39 0.0132712

9 39 0.0147608

10 39 0.0161922

11 39 0.0175596

12 39 0.0188577

13 39 0.0200815

14 39 0.0212259

15 39 0.0222866

16 39 0.0232593

17 39 0.0241403

18 39 0.024926

19 39 0.0256133

20 39 0.0261995

21 39 0.0266823

22 39 0.0270598

23 39 0.0273305

24 39 0.0274934

25 39 0.0275478

26 39 0.0274934

27 39 0.0273305

28 39 0.0270598

29 39 0.0266823

30 39 0.0261995

31 39 0.0256133

32 39 0.024926

33 39 0.0241403

34 39 0.0232593

35 39 0.0222866

36 39 0.0212259

37 39 0.0200815

38 39 0.0188577

39 39 0.0175596

40 39 0.0161922

41 39 0.0147608

42 39 0.0132712

43 39 0.0117293

44 39 0.010141

45 39 0.00851273

46 39 0.00685085

47 39 0.00516194

48 39 0.00345265

49 39 0.00172974

50 39 0

0 40 0

1 40 0.00159504

2 40 0.00318378

3 40 0.00475996

4 40 0.00631735

5 40 0.00784981

6 40 0.00935129

7 40 0.0108159

8 40 0.0122378

9 40 0.0136113

10 40 0.0149312

11 40 0.0161922

12 40 0.0173892

13 40 0.0185176

14 40 0.019573

15 40 0.0205511

16 40 0.0214481

17 40 0.0222604

18 40 0.0229849

19 40 0.0236187

20 40 0.0241592

21 40 0.0246044

22 40 0.0249526

23 40 0.0252022

24 40 0.0253524

25 40 0.0254025

26 40 0.0253524

27 40 0.0252022

28 40 0.0249526

29 40 0.0246044

30 40 0.0241592

31 40 0.0236187

32 40 0.0229849

33 40 0.0222604

34 40 0.0214481

35 40 0.0205511

36 40 0.019573

37 40 0.0185176

38 40 0.0173892

39 40 0.0161922

40 40 0.0149312

41 40 0.0136113

42 40 0.0122378

43 40 0.0108159

44 40 0.00935129

45 40 0.00784981

46 40 0.00631735

47 40 0.00475996

48 40 0.00318378

49 40 0.00159504

50 40 0

0 41 0

1 41 0.00145404

2 41 0.00290234

3 41 0.00433919

4 41 0.00575891

5 41 0.00715591

6 41 0.00852466

7 41 0.00985977

8 41 0.011156

9 41 0.0124081

10 41 0.0136113

11 41 0.0147608

12 41 0.0158521

13 41 0.0168807

14 41 0.0178428

15 41 0.0187344

16 41 0.0195521

17 41 0.0202926

18 41 0.0209531

19 41 0.0215308

20 41 0.0220236

21 41 0.0224295

22 41 0.0227468

23 41 0.0229744

24 41 0.0231113

25 41 0.023157

26 41 0.0231113

27 41 0.0229744

28 41 0.0227468

29 41 0.0224295

30 41 0.0220236

31 41 0.0215308

32 41 0.0209531

33 41 0.0202926

34 41 0.0195521

35 41 0.0187344

36 41 0.0178428

37 41 0.0168807

38 41 0.0158521

39 41 0.0147608

40 41 0.0136113

41 41 0.0124081

42 41 0.011156

43 41 0.00985977

44 41 0.00852466

45 41 0.00715591

46 41 0.00575891

47 41 0.00433919

48 41 0.00290234

49 41 0.00145404

50 41 0

0 42 0

1 42 0.00130731

2 42 0.00260945

3 42 0.0039013

4 42 0.00517775

5 42 0.00643377

6 42 0.00766439

7 42 0.00886477

8 42 0.0100302

9 42 0.011156

10 42 0.0122378

11 42 0.0132712

12 42 0.0142523

13 42 0.0151772

14 42 0.0160422

15 42 0.0168438

16 42 0.017579

17 42 0.0182448

18 42 0.0188386

19 42 0.019358

20 42 0.0198011

21 42 0.020166

22 42 0.0204513

23 42 0.0206559

24 42 0.020779

25 42 0.0208201

26 42 0.020779

27 42 0.0206559

28 42 0.0204513

29 42 0.020166

30 42 0.0198011

31 42 0.019358

32 42 0.0188386

33 42 0.0182448

34 42 0.017579

35 42 0.0168438

36 42 0.0160422

37 42 0.0151772

38 42 0.0142523

39 42 0.0132712

40 42 0.0122378

41 42 0.011156

42 42 0.0100302

43 42 0.00886477

44 42 0.00766439

45 42 0.00643377

46 42 0.00517775

47 42 0.0039013

48 42 0.00260945

49 42 0.00130731

50 42 0

0 43 0

1 43 0.00115541

2 43 0.00230626

3 43 0.00344801

4 43 0.00457615

5 43 0.00568624

6 43 0.00677388

7 43 0.00783478

8 43 0.00886477

9 43 0.00985977

10 43 0.0108159

11 43 0.0117293

12 43 0.0125964

13 43 0.0134138

14 43 0.0141782

15 43 0.0148868

16 43 0.0155365

17 43 0.016125

18 43 0.0166498

19 43 0.0171089

20 43 0.0175004

21 43 0.0178229

22 43 0.0180751

23 43 0.0182559

24 43 0.0183647

25 43 0.018401

26 43 0.0183647

27 43 0.0182559

28 43 0.0180751

29 43 0.0178229

30 43 0.0175004

31 43 0.0171089

32 43 0.0166498

33 43 0.016125

34 43 0.0155365

35 43 0.0148868

36 43 0.0141782

37 43 0.0134138

38 43 0.0125964

39 43 0.0117293

40 43 0.0108159

41 43 0.00985977

42 43 0.00886477

43 43 0.00783478

44 43 0.00677388

45 43 0.00568624

46 43 0.00457615

47 43 0.00344801

48 43 0.00230626

49 43 0.00115541

50 43 0

0 44 0

1 44 0.000998957

2 44 0.00199397

3 44 0.00298112

4 44 0.0039565

5 44 0.00491626

6 44 0.00585663

7 44 0.00677388

8 44 0.00766439

9 44 0.00852466

10 44 0.00935129

11 44 0.010141

12 44 0.0108907

13 44 0.0115974

14 44 0.0122584

15 44 0.0128709

16 44 0.0134327

17 44 0.0139415

18 44 0.0143952

19 44 0.0147922

20 44 0.0151307

21 44 0.0154095

22 44 0.0156276

23 44 0.0157839

24 44 0.015878

25 44 0.0159094

26 44 0.015878

27 44 0.0157839

28 44 0.0156276

29 44 0.0154095

30 44 0.0151307

31 44 0.0147922

32 44 0.0143952

33 44 0.0139415

34 44 0.0134327

35 44 0.0128709

36 44 0.0122584

37 44 0.0115974

38 44 0.0108907

39 44 0.010141

40 44 0.00935129

41 44 0.00852466

42 44 0.00766439

43 44 0.00677388

44 44 0.00585663

45 44 0.00491626

46 44 0.0039565

47 44 0.00298112

48 44 0.00199397

49 44 0.000998957

50 44 0

0 45 0

1 45 0.000838561

2 45 0.00167381

3 45 0.00250246

4 45 0.00332123

5 45 0.00412689

6 45 0.00491626

7 45 0.00568624

8 45 0.00643377

9 45 0.00715591

10 45 0.00784981

11 45 0.00851273

12 45 0.00914205

13 45 0.0097353

14 45 0.0102901

15 45 0.0108043

16 45 0.0112759

17 45 0.011703

18 45 0.0120839

19 45 0.0124171

20 45 0.0127013

21 45 0.0129353

22 45 0.0131183

23 45 0.0132496

24 45 0.0133285

25 45 0.0133549

26 45 0.0133285

27 45 0.0132496

28 45 0.0131183

29 45 0.0129353

30 45 0.0127013

31 45 0.0124171

32 45 0.0120839

33 45 0.011703

34 45 0.0112759

35 45 0.0108043

36 45 0.0102901

37 45 0.0097353

38 45 0.00914205

39 45 0.00851273

40 45 0.00784981

41 45 0.00715591

42 45 0.00643377

43 45 0.00568624

44 45 0.00491626

45 45 0.00412689

46 45 0.00332123

47 45 0.00250246

48 45 0.00167381

49 45 0.000838561

50 45 0

0 46 0

1 46 0.000674855

2 46 0.00134705

3 46 0.00201392

4 46 0.00267285

5 46 0.00332123

6 46 0.0039565

7 46 0.00457615

8 46 0.00517775

9 46 0.00575891

10 46 0.00631735

11 46 0.00685085

12 46 0.00735732

13 46 0.00783475

14 46 0.00828126

15 46 0.00869508

16 46 0.0090746

17 46 0.00941829

18 46 0.00972482

19 46 0.00999297

20 46 0.0102217

21 46 0.0104101

22 46 0.0105573

23 46 0.010663

24 46 0.0107265

25 46 0.0107477

26 46 0.0107265

27 46 0.010663

28 46 0.0105573

29 46 0.0104101

30 46 0.0102217

31 46 0.00999297

32 46 0.00972482

33 46 0.00941829

34 46 0.0090746

35 46 0.00869508

36 46 0.00828126

37 46 0.00783475

38 46 0.00735732

39 46 0.00685085

40 46 0.00631735

41 46 0.00575891

42 46 0.00517775

43 46 0.00457615

44 46 0.0039565

45 46 0.00332123

46 46 0.00267285

47 46 0.00201392

48 46 0.00134705

49 46 0.000674855

50 46 0

0 47 0

1 47 0.000508485

2 47 0.00101496

3 47 0.00151744

4 47 0.00201392

5 47 0.00250246

6 47 0.00298112

7 47 0.00344801

8 47 0.0039013

9 47 0.00433919

10 47 0.00475996

11 47 0.00516194

12 47 0.00554355

13 47 0.00590328

14 47 0.00623971

15 47 0.00655152

16 47 0.00683747

17 47 0.00709644

18 47 0.0073274

19 47 0.00752944

20 47 0.00770177

21 47 0.0078437

22 47 0.00795468

23 47 0.00803427

24 47 0.00808214

25 47 0.00809812

26 47 0.00808214

27 47 0.00803427

28 47 0.00795468

29 47 0.0078437

30 47 0.00770177

31 47 0.00752944

32 47 0.0073274

33 47 0.00709644

34 47 0.00683747

35 47 0.00655152

36 47 0.00623971

37 47 0.00590328

38 47 0.00554355

39 47 0.00516194

40 47 0.00475996

41 47 0.00433919

42 47 0.0039013

43 47 0.00344801

44 47 0.00298112

45 47 0.00250246

46 47 0.00201392

47 47 0.00151744

48 47 0.00101496

49 47 0.000508485

50 47 0

0 48 0

1 48 0.000340109

2 48 0.000678876

3 48 0.00101496

4 48 0.00134705

5 48 0.00167381

6 48 0.00199397

7 48 0.00230626

8 48 0.00260945

9 48 0.00290234

10 48 0.00318378

11 48 0.00345265

12 48 0.0037079

13 48 0.00394851

14 48 0.00417354

15 48 0.0043821

16 48 0.00457336

17 48 0.00474658

18 48 0.00490106

19 48 0.0050362

20 48 0.00515146

21 48 0.0052464

22 48 0.00532063

23 48 0.00537386

24 48 0.00540588

