0 1 0

1 1 0.000514476

2 1 0.00102692

3 1 0.00153532

4 1 0.00203765

5 1 0.00253194

6 1 0.00301624

7 1 0.00348864

8 1 0.00394727

9 1 0.00439032

10 1 0.00481604

11 1 0.00522276

12 1 0.00560886

13 1 0.00597283

14 1 0.00631323

15 1 0.00662871

16 1 0.00691803

17 1 0.00718005

18 1 0.00741373

19 1 0.00761816

20 1 0.00779252

21 1 0.00793612

22 1 0.00804841

23 1 0.00812893

24 1 0.00817737

25 1 0.00819354

26 1 0.00817737

27 1 0.00812893

28 1 0.00804841

29 1 0.00793612

30 1 0.00779252

31 1 0.00761816

32 1 0.00741373

33 1 0.00718005

34 1 0.00691803

35 1 0.00662871

36 1 0.00631323

37 1 0.00597283

38 1 0.00560886

39 1 0.00522276

40 1 0.00481604

41 1 0.00439032

42 1 0.00394727

43 1 0.00348864

44 1 0.00301624

45 1 0.00253194

46 1 0.00203765

47 1 0.00153532

48 1 0.00102692

49 1 0.000514476

50 1 0

0 2 0

1 2 0.00102692

2 2 0.00204979

3 2 0.00306457

4 2 0.00406726

5 2 0.00505389

6 2 0.00602058

7 2 0.00696351

8 2 0.00787895

9 2 0.00876331

10 2 0.00961307

11 2 0.0104249

12 2 0.0111956

13 2 0.0119221

14 2 0.0126015

15 2 0.0132313

16 2 0.0138088

17 2 0.0143318

18 2 0.0147982

19 2 0.0152062

20 2 0.0155543

21 2 0.0158409

22 2 0.016065

23 2 0.0162258

24 2 0.0163225

25 2 0.0163547

26 2 0.0163225

27 2 0.0162258

28 2 0.016065

29 2 0.0158409

30 2 0.0155543

31 2 0.0152062

32 2 0.0147982

33 2 0.0143318

34 2 0.0138088

35 2 0.0132313

36 2 0.0126015

37 2 0.0119221

38 2 0.0111956

39 2 0.0104249

40 2 0.00961307

41 2 0.00876331

42 2 0.00787895

43 2 0.00696351

44 2 0.00602058

45 2 0.00505389

46 2 0.00406726

47 2 0.00306457

48 2 0.00204979

49 2 0.00102692

50 2 0

0 3 0

1 3 0.00153532

2 3 0.00306457

3 3 0.00458173

4 3 0.00608081

5 3 0.0075559

6 3 0.00900116

7 3 0.0104109

8 3 0.0117795

9 3 0.0131017

10 3 0.0143722

11 3 0.0155859

12 3 0.0167381

13 3 0.0178243

14 3 0.0188401

15 3 0.0197816

16 3 0.020645

17 3 0.0214269

18 3 0.0221243

19 3 0.0227343

20 3 0.0232547

21 3 0.0236832

22 3 0.0240183

23 3 0.0242586

24 3 0.0244031

25 3 0.0244514

26 3 0.0244031

27 3 0.0242586

28 3 0.0240183

29 3 0.0236832

30 3 0.0232547

31 3 0.0227343

32 3 0.0221243

33 3 0.0214269

34 3 0.020645

35 3 0.0197816

36 3 0.0188401

37 3 0.0178243

38 3 0.0167381

39 3 0.0155859

40 3 0.0143722

41 3 0.0131017

42 3 0.0117795

43 3 0.0104109

44 3 0.00900116

45 3 0.0075559

46 3 0.00608081

47 3 0.00458173

48 3 0.00306457

49 3 0.00153532

50 3 0

0 4 0

1 4 0.00203765

2 4 0.00406726

3 4 0.00608081

4 4 0.00807037

5 4 0.0100281

6 4 0.0119462

7 4 0.0138172

8 4 0.0156337

9 4 0.0173884

10 4 0.0190745

11 4 0.0206854

12 4 0.0222146

13 4 0.0236562

14 4 0.0250043

15 4 0.0262539

16 4 0.0273997

17 4 0.0284375

18 4 0.029363

19 4 0.0301727

20 4 0.0308633

21 4 0.031432

22 4 0.0318767

23 4 0.0321957

24 4 0.0323875

25 4 0.0324515

26 4 0.0323875

27 4 0.0321957

28 4 0.0318767

29 4 0.031432

30 4 0.0308633

31 4 0.0301727

32 4 0.029363

33 4 0.0284375

34 4 0.0273997

35 4 0.0262539

36 4 0.0250043

37 4 0.0236562

38 4 0.0222146

39 4 0.0206854

40 4 0.0190745

41 4 0.0173884

42 4 0.0156337

43 4 0.0138172

44 4 0.0119462

45 4 0.0100281

46 4 0.00807037

47 4 0.00608081

48 4 0.00406726

49 4 0.00203765

50 4 0

0 5 0

1 5 0.00253194

2 5 0.00505389

3 5 0.0075559

4 5 0.0100281

5 5 0.0124607

6 5 0.0148441

7 5 0.017169

8 5 0.0194261

9 5 0.0216065

10 5 0.0237016

11 5 0.0257033

12 5 0.0276034

13 5 0.0293947

14 5 0.0310699

15 5 0.0326225

16 5 0.0340464

17 5 0.0353359

18 5 0.0364859

19 5 0.037492

20 5 0.0383501

21 5 0.0390568

22 5 0.0396094

23 5 0.0400057

24 5 0.0402441

25 5 0.0403236

26 5 0.0402441

27 5 0.0400057

28 5 0.0396094

29 5 0.0390568

30 5 0.0383501

31 5 0.037492

32 5 0.0364859

33 5 0.0353359

34 5 0.0340464

35 5 0.0326225

36 5 0.0310699

37 5 0.0293947

38 5 0.0276034

39 5 0.0257033

40 5 0.0237016

41 5 0.0216065

42 5 0.0194261

43 5 0.017169

44 5 0.0148441

45 5 0.0124607

46 5 0.0100281

47 5 0.0075559

48 5 0.00505389

49 5 0.00253194

50 5 0

0 6 0

1 6 0.00301624

2 6 0.00602058

3 6 0.00900116

4 6 0.0119462

5 6 0.0148441

6 6 0.0176834

7 6 0.020453

8 6 0.0231418

9 6 0.0257393

10 6 0.0282352

11 6 0.0306197

12 6 0.0328833

13 6 0.0350172

14 6 0.0370128

15 6 0.0388624

16 6 0.0405586

17 6 0.0420948

18 6 0.0434648

19 6 0.0446633

20 6 0.0456855

21 6 0.0465274

22 6 0.0471857

23 6 0.0476578

24 6 0.0479418

25 6 0.0480366

26 6 0.0479418

27 6 0.0476578

28 6 0.0471857

29 6 0.0465274

30 6 0.0456855

31 6 0.0446633

32 6 0.0434648

33 6 0.0420948

34 6 0.0405586

35 6 0.0388624

36 6 0.0370128

37 6 0.0350172

38 6 0.0328833

39 6 0.0306197

40 6 0.0282352

41 6 0.0257393

42 6 0.0231418

43 6 0.020453

44 6 0.0176834

45 6 0.0148441

46 6 0.0119462

47 6 0.00900116

48 6 0.00602058

49 6 0.00301624

50 6 0

0 7 0

1 7 0.00348864

2 7 0.00696351

3 7 0.0104109

4 7 0.0138172

5 7 0.017169

6 7 0.020453

7 7 0.0236563

8 7 0.0267662

9 7 0.0297705

10 7 0.0326573

11 7 0.0354152

12 7 0.0380334

13 7 0.0405015

14 7 0.0428097

15 7 0.0449489

16 7 0.0469108

17 7 0.0486876

18 7 0.0502721

19 7 0.0516583

20 7 0.0528406

21 7 0.0538144

22 7 0.0545758

23 7 0.0551218

24 7 0.0554503

25 7 0.0555599

26 7 0.0554503

27 7 0.0551218

28 7 0.0545758

29 7 0.0538144

30 7 0.0528406

31 7 0.0516583

32 7 0.0502721

33 7 0.0486876

34 7 0.0469108

35 7 0.0449489

36 7 0.0428097

37 7 0.0405015

38 7 0.0380334

39 7 0.0354152

40 7 0.0326573

41 7 0.0297705

42 7 0.0267662

43 7 0.0236563

44 7 0.020453

45 7 0.017169

46 7 0.0138172

47 7 0.0104109

48 7 0.00696351

49 7 0.00348864

50 7 0

0 8 0

1 8 0.00394727

2 8 0.00787895

3 8 0.0117795

4 8 0.0156337

5 8 0.0194261

6 8 0.0231418

7 8 0.0267662

8 8 0.030285

9 8 0.0336842

10 8 0.0369506

11 8 0.0400711

12 8 0.0430334

13 8 0.0458259

14 8 0.0484376

15 8 0.0508581

16 8 0.0530779

17 8 0.0550882

18 8 0.0568811

19 8 0.0584495

20 8 0.0597873

21 8 0.0608891

22 8 0.0617506

23 8 0.0623683

24 8 0.06274

25 8 0.062864

26 8 0.06274

27 8 0.0623683

28 8 0.0617506

29 8 0.0608891

30 8 0.0597873

31 8 0.0584495

32 8 0.0568811

33 8 0.0550882

34 8 0.0530779

35 8 0.0508581

36 8 0.0484376

37 8 0.0458259

38 8 0.0430334

39 8 0.0400711

40 8 0.0369506

41 8 0.0336842

42 8 0.030285

43 8 0.0267662

44 8 0.0231418

45 8 0.0194261

46 8 0.0156337

47 8 0.0117795

48 8 0.00787895

49 8 0.00394727

50 8 0

0 9 0

1 9 0.00439032

2 9 0.00876331

3 9 0.0131017

4 9 0.0173884

5 9 0.0216065

6 9 0.0257393

7 9 0.0297705

8 9 0.0336842

9 9 0.037465

10 9 0.041098

11 9 0.0445687

12 9 0.0478636

13 9 0.0509695

14 9 0.0538743

15 9 0.0565665

16 9 0.0590354

17 9 0.0612714

18 9 0.0632656

19 9 0.06501

20 9 0.0664979

21 9 0.0677234

22 9 0.0686816

23 9 0.0693687

24 9 0.0697821

25 9 0.06992

26 9 0.0697821

27 9 0.0693687

28 9 0.0686816

29 9 0.0677234

30 9 0.0664979

31 9 0.06501

32 9 0.0632656

33 9 0.0612714

34 9 0.0590354

35 9 0.0565665

36 9 0.0538743

37 9 0.0509695

38 9 0.0478636

39 9 0.0445687

40 9 0.041098

41 9 0.037465

42 9 0.0336842

43 9 0.0297705

44 9 0.0257393

45 9 0.0216065

46 9 0.0173884

47 9 0.0131017

48 9 0.00876331

49 9 0.00439032

50 9 0

0 10 0

1 10 0.00481604

2 10 0.00961307

3 10 0.0143722

4 10 0.0190745

5 10 0.0237016

6 10 0.0282352

7 10 0.0326573

8 10 0.0369506

9 10 0.041098

10 10 0.0450832

11 10 0.0488905

12 10 0.0525048

13 10 0.055912

14 10 0.0590984

15 10 0.0620517

16 10 0.06476

17 10 0.0672128

18 10 0.0694003

19 10 0.071314

20 10 0.0729461

21 10 0.0742904

22 10 0.0753415

23 10 0.0760953

24 10 0.0765488

25 10 0.0767001

26 10 0.0765488

27 10 0.0760953

28 10 0.0753415

29 10 0.0742904

30 10 0.0729461

31 10 0.071314

32 10 0.0694003

33 10 0.0672128

34 10 0.06476

35 10 0.0620517

36 10 0.0590984

37 10 0.055912

38 10 0.0525048

39 10 0.0488905

40 10 0.0450832

41 10 0.041098

42 10 0.0369506

43 10 0.0326573

44 10 0.0282352

45 10 0.0237016

46 10 0.0190745

47 10 0.0143722

48 10 0.00961307

49 10 0.00481604

50 10 0

0 11 0

1 11 0.00522276

2 11 0.0104249

3 11 0.0155859

4 11 0.0206854

5 11 0.0257033

6 11 0.0306197

7 11 0.0354152

8 11 0.0400711

9 11 0.0445687

10 11 0.0488905

11 11 0.0530193

12 11 0.0569389

13 11 0.0606338

14 11 0.0640893

15 11 0.067292

16 11 0.0702291

17 11 0.072889

18 11 0.0752612

19 11 0.0773365

20 11 0.0791065

21 11 0.0805643

22 11 0.0817042

23 11 0.0825216

24 11 0.0830133

25 11 0.0831775

26 11 0.0830133

27 11 0.0825216

28 11 0.0817042

29 11 0.0805643

30 11 0.0791065

31 11 0.0773365

32 11 0.0752612

33 11 0.072889

34 11 0.0702291

35 11 0.067292

36 11 0.0640893

37 11 0.0606338

38 11 0.0569389

39 11 0.0530193

40 11 0.0488905

41 11 0.0445687

42 11 0.0400711

43 11 0.0354152

44 11 0.0306197

45 11 0.0257033

46 11 0.0206854

47 11 0.0155859

48 11 0.0104249

49 11 0.00522276

50 11 0

0 12 0

1 12 0.00560886

2 12 0.0111956

3 12 0.0167381

4 12 0.0222146

5 12 0.0276034

6 12 0.0328833

7 12 0.0380334

8 12 0.0430334

9 12 0.0478636

10 12 0.0525048

11 12 0.0569389

12 12 0.0611482

13 12 0.0651163

14 12 0.0688273

15 12 0.0722667

16 12 0.0754209

17 12 0.0782775

18 12 0.0808251

19 12 0.0830537

20 12 0.0849546

21 12 0.0865202

22 12 0.0877443

23 12 0.0886222

24 12 0.0891503

25 12 0.0893266

26 12 0.0891503

27 12 0.0886222

28 12 0.0877443

29 12 0.0865202

30 12 0.0849546

31 12 0.0830537

32 12 0.0808251

33 12 0.0782775

34 12 0.0754209

35 12 0.0722667

36 12 0.0688273

37 12 0.0651163

38 12 0.0611482

39 12 0.0569389

40 12 0.0525048

41 12 0.0478636

42 12 0.0430334

43 12 0.0380334

44 12 0.0328833

45 12 0.0276034

46 12 0.0222146

47 12 0.0167381

48 12 0.0111956

49 12 0.00560886

50 12 0

0 13 0

1 13 0.00597283

2 13 0.0119221

3 13 0.0178243

4 13 0.0236562

5 13 0.0293947

6 13 0.0350172

7 13 0.0405015

8 13 0.0458259

9 13 0.0509695

10 13 0.055912

11 13 0.0606338

12 13 0.0651163

13 13 0.0693418

14 13 0.0732936

15 13 0.0769562

16 13 0.0803151

17 13 0.083357

18 13 0.08607

19 13 0.0884432

20 13 0.0904675

21 13 0.0921347

22 13 0.0934382

23 13 0.0943731

24 13 0.0949354

25 13 0.0951231

26 13 0.0949354

27 13 0.0943731

28 13 0.0934382

29 13 0.0921347

30 13 0.0904675

31 13 0.0884432

32 13 0.08607

33 13 0.083357

34 13 0.0803151

35 13 0.0769562

36 13 0.0732936

37 13 0.0693418

38 13 0.0651163

39 13 0.0606338

40 13 0.055912

41 13 0.0509695

42 13 0.0458259

43 13 0.0405015

44 13 0.0350172

45 13 0.0293947

46 13 0.0236562

47 13 0.0178243

48 13 0.0119221

49 13 0.00597283

50 13 0

0 14 0

1 14 0.00631323

2 14 0.0126015

3 14 0.0188401

4 14 0.0250043

5 14 0.0310699

6 14 0.0370128

7 14 0.0428097

8 14 0.0484376

9 14 0.0538743

10 14 0.0590984

11 14 0.0640893

12 14 0.0688273

13 14 0.0732936

14 14 0.0774707

15 14 0.081342

16 14 0.0848923

17 14 0.0881076

18 14 0.0909752

19 14 0.0934837

20 14 0.0956233

21 14 0.0973855

22 14 0.0987634

23 14 0.0997515

24 14 0.100346

25 14 0.100544

26 14 0.100346

27 14 0.0997515

28 14 0.0987634

29 14 0.0973855

30 14 0.0956233

31 14 0.0934837

32 14 0.0909752

33 14 0.0881076

34 14 0.0848923

35 14 0.081342

36 14 0.0774707

37 14 0.0732936

38 14 0.0688273

39 14 0.0640893

40 14 0.0590984

41 14 0.0538743

42 14 0.0484376

43 14 0.0428097

44 14 0.0370128

45 14 0.0310699

46 14 0.0250043

47 14 0.0188401

48 14 0.0126015

49 14 0.00631323

50 14 0

0 15 0

1 15 0.00662871

2 15 0.0132313

3 15 0.0197816

4 15 0.0262539

5 15 0.0326225

6 15 0.0388624

7 15 0.0449489

8 15 0.0508581

9 15 0.0565665

10 15 0.0620517

11 15 0.067292

12 15 0.0722667

13 15 0.0769562

14 15 0.081342

15 15 0.0854068

16 15 0.0891346

17 15 0.0925105

18 15 0.0955214

19 15 0.0981552

20 15 0.100402

21 15 0.102252

22 15 0.103699

23 15 0.104736

24 15 0.10536

25 15 0.105569

26 15 0.10536

27 15 0.104736

28 15 0.103699

29 15 0.102252

30 15 0.100402

31 15 0.0981552

32 15 0.0955214

33 15 0.0925105

34 15 0.0891346

35 15 0.0854068

36 15 0.081342

37 15 0.0769562

38 15 0.0722667

39 15 0.067292

40 15 0.0620517

41 15 0.0565665

42 15 0.0508581

43 15 0.0449489

44 15 0.0388624

45 15 0.0326225

46 15 0.0262539

47 15 0.0197816

48 15 0.0132313

49 15 0.00662871

50 15 0

0 16 0

1 16 0.00691803

2 16 0.0138088

3 16 0.020645

4 16 0.0273997

5 16 0.0340464

6 16 0.0405586

7 16 0.0469108

8 16 0.0530779

9 16 0.0590354

10 16 0.06476

11 16 0.0702291

12 16 0.0754209

13 16 0.0803151

14 16 0.0848923

15 16 0.0891346

16 16 0.093025

17 16 0.0965483

18 16 0.0996906

19 16 0.102439

20 16 0.104784

21 16 0.106715

22 16 0.108225

23 16 0.109308

24 16 0.109959

25 16 0.110176

26 16 0.109959

27 16 0.109308

28 16 0.108225

29 16 0.106715

30 16 0.104784

31 16 0.102439

32 16 0.0996906

33 16 0.0965483

34 16 0.093025

35 16 0.0891346

36 16 0.0848923

37 16 0.0803151

38 16 0.0754209

39 16 0.0702291

40 16 0.06476

41 16 0.0590354

42 16 0.0530779

43 16 0.0469108

44 16 0.0405586

45 16 0.0340464

46 16 0.0273997

47 16 0.020645

48 16 0.0138088

49 16 0.00691803

50 16 0

0 17 0

1 17 0.00718005

2 17 0.0143318

3 17 0.0214269

4 17 0.0284375

5 17 0.0353359

6 17 0.0420948

7 17 0.0486876

8 17 0.0550882

9 17 0.0612714

10 17 0.0672128

11 17 0.072889

12 17 0.0782775

13 17 0.083357

14 17 0.0881076

15 17 0.0925105

16 17 0.0965483

17 17 0.100205

18 17 0.103466

19 17 0.106319

20 17 0.108753

21 17 0.110757

22 17 0.112324

23 17 0.113448

24 17 0.114124

25 17 0.114349

26 17 0.114124

27 17 0.113448

28 17 0.112324

29 17 0.110757

30 17 0.108753

31 17 0.106319

32 17 0.103466

33 17 0.100205

34 17 0.0965483

35 17 0.0925105

36 17 0.0881076

37 17 0.083357

38 17 0.0782775

39 17 0.072889

40 17 0.0672128

41 17 0.0612714

42 17 0.0550882

43 17 0.0486876

44 17 0.0420948

45 17 0.0353359

46 17 0.0284375

47 17 0.0214269

48 17 0.0143318

49 17 0.00718005

50 17 0

0 18 0

1 18 0.00741373

2 18 0.0147982

3 18 0.0221243

4 18 0.029363

5 18 0.0364859

6 18 0.0434648

7 18 0.0502721

8 18 0.0568811

9 18 0.0632656

10 18 0.0694003

11 18 0.0752612

12 18 0.0808251

13 18 0.08607

14 18 0.0909752

15 18 0.0955214

16 18 0.0996906

17 18 0.103466

18 18 0.106834

19 18 0.10978

20 18 0.112292

21 18 0.114361

22 18 0.11598

23 18 0.11714

24 18 0.117838

25 18 0.118071

26 18 0.117838

27 18 0.11714

28 18 0.11598

29 18 0.114361

30 18 0.112292

31 18 0.10978

32 18 0.106834

33 18 0.103466

34 18 0.0996906

35 18 0.0955214

36 18 0.0909752

37 18 0.08607

38 18 0.0808251

39 18 0.0752612

40 18 0.0694003

41 18 0.0632656

42 18 0.0568811

43 18 0.0502721

44 18 0.0434648

45 18 0.0364859

46 18 0.029363

47 18 0.0221243

48 18 0.0147982

49 18 0.00741373

50 18 0

0 19 0

1 19 0.00761816

2 19 0.0152062

3 19 0.0227343

4 19 0.0301727

5 19 0.037492

6 19 0.0446633

7 19 0.0516583

8 19 0.0584495

9 19 0.06501

10 19 0.071314

11 19 0.0773365

12 19 0.0830537

13 19 0.0884432

14 19 0.0934837

15 19 0.0981552

16 19 0.102439

17 19 0.106319

18 19 0.10978

19 19 0.112807

20 19 0.115388

21 19 0.117515

22 19 0.119178

23 19 0.12037

24 19 0.121087

25 19 0.121327

26 19 0.121087

27 19 0.12037

28 19 0.119178

29 19 0.117515

30 19 0.115388

31 19 0.112807

32 19 0.10978

33 19 0.106319

34 19 0.102439

35 19 0.0981552

36 19 0.0934837

37 19 0.0884432

38 19 0.0830537

39 19 0.0773365

40 19 0.071314

41 19 0.06501

42 19 0.0584495

43 19 0.0516583

44 19 0.0446633

45 19 0.037492

46 19 0.0301727

47 19 0.0227343

48 19 0.0152062

49 19 0.00761816

50 19 0

0 20 0

1 20 0.00779252

2 20 0.0155543

3 20 0.0232547

4 20 0.0308633

5 20 0.0383501

6 20 0.0456855

7 20 0.0528406

8 20 0.0597873

9 20 0.0664979

10 20 0.0729461

11 20 0.0791065

12 20 0.0849546

13 20 0.0904675

14 20 0.0956233

15 20 0.100402

16 20 0.104784

17 20 0.108753

18 20 0.112292

19 20 0.115388

20 20 0.118029

21 20 0.120204

22 20 0.121905

23 20 0.123125

24 20 0.123858

25 20 0.124103

26 20 0.123858

27 20 0.123125

28 20 0.121905

29 20 0.120204

30 20 0.118029

31 20 0.115388

32 20 0.112292

33 20 0.108753

34 20 0.104784

35 20 0.100402

36 20 0.0956233

37 20 0.0904675

38 20 0.0849546

39 20 0.0791065

40 20 0.0729461

41 20 0.0664979

42 20 0.0597873

43 20 0.0528406

44 20 0.0456855

45 20 0.0383501

46 20 0.0308633

47 20 0.0232547

48 20 0.0155543

49 20 0.00779252

50 20 0

0 21 0

1 21 0.00793612

2 21 0.0158409

3 21 0.0236832

4 21 0.031432

5 21 0.0390568

6 21 0.0465274

7 21 0.0538144

8 21 0.0608891

9 21 0.0677234

10 21 0.0742904

11 21 0.0805643

12 21 0.0865202

13 21 0.0921347

14 21 0.0973855

15 21 0.102252

16 21 0.106715

17 21 0.110757

18 21 0.114361

19 21 0.117515

20 21 0.120204

21 21 0.12242

22 21 0.124152

23 21 0.125394

24 21 0.126141

25 21 0.12639

26 21 0.126141

27 21 0.125394

28 21 0.124152

29 21 0.12242

30 21 0.120204

31 21 0.117515

32 21 0.114361

33 21 0.110757

34 21 0.106715

35 21 0.102252

36 21 0.0973855

37 21 0.0921347

38 21 0.0865202

39 21 0.0805643

40 21 0.0742904

41 21 0.0677234

42 21 0.0608891

43 21 0.0538144

44 21 0.0465274

45 21 0.0390568

46 21 0.031432

47 21 0.0236832

48 21 0.0158409

49 21 0.00793612

50 21 0

0 22 0

1 22 0.00804841

2 22 0.016065

3 22 0.0240183

4 22 0.0318767

5 22 0.0396094

6 22 0.0471857

7 22 0.0545758

8 22 0.0617506

9 22 0.0686816

10 22 0.0753415

11 22 0.0817042

12 22 0.0877443

13 22 0.0934382

14 22 0.0987634

15 22 0.103699

16 22 0.108225

17 22 0.112324

18 22 0.11598

19 22 0.119178

20 22 0.121905

21 22 0.124152

22 22 0.125908

23 22 0.127168

24 22 0.127926

25 22 0.128179

26 22 0.127926

27 22 0.127168

28 22 0.125908

29 22 0.124152

30 22 0.121905

31 22 0.119178

32 22 0.11598

33 22 0.112324

34 22 0.108225

35 22 0.103699

36 22 0.0987634

37 22 0.0934382

38 22 0.0877443

39 22 0.0817042

40 22 0.0753415

41 22 0.0686816

42 22 0.0617506

43 22 0.0545758

44 22 0.0471857

45 22 0.0396094

46 22 0.0318767

47 22 0.0240183

48 22 0.016065

49 22 0.00804841

50 22 0

0 23 0

1 23 0.00812893

2 23 0.0162258

3 23 0.0242586

4 23 0.0321957

5 23 0.0400057

6 23 0.0476578

7 23 0.0551218

8 23 0.0623683

9 23 0.0693687

10 23 0.0760953

11 23 0.0825216

12 23 0.0886222

13 23 0.0943731

14 23 0.0997515

15 23 0.104736

16 23 0.109308

17 23 0.113448

18 23 0.11714

19 23 0.12037

20 23 0.123125

21 23 0.125394

22 23 0.127168

23 23 0.12844

24 23 0.129206

25 23 0.129461

26 23 0.129206

27 23 0.12844

28 23 0.127168

29 23 0.125394

30 23 0.123125

31 23 0.12037

32 23 0.11714

33 23 0.113448

34 23 0.109308

35 23 0.104736

36 23 0.0997515

37 23 0.0943731

38 23 0.0886222

39 23 0.0825216

40 23 0.0760953

41 23 0.0693687

42 23 0.0623683

43 23 0.0551218

44 23 0.0476578

45 23 0.0400057

46 23 0.0321957

47 23 0.0242586

48 23 0.0162258

49 23 0.00812893

50 23 0

0 24 0

1 24 0.00817737

2 24 0.0163225

3 24 0.0244031

4 24 0.0323875

5 24 0.0402441

6 24 0.0479418

7 24 0.0554503

8 24 0.06274

9 24 0.0697821

10 24 0.0765488

11 24 0.0830133

12 24 0.0891503

13 24 0.0949354

14 24 0.100346

15 24 0.10536

16 24 0.109959

17 24 0.114124

18 24 0.117838

19 24 0.121087

20 24 0.123858

21 24 0.126141

22 24 0.127926

23 24 0.129206

24 24 0.129976

25 24 0.130233

26 24 0.129976

27 24 0.129206

28 24 0.127926

29 24 0.126141

30 24 0.123858

31 24 0.121087

32 24 0.117838

33 24 0.114124

34 24 0.109959

35 24 0.10536

36 24 0.100346

37 24 0.0949354

38 24 0.0891503

39 24 0.0830133

40 24 0.0765488

41 24 0.0697821

42 24 0.06274

43 24 0.0554503

44 24 0.0479418

45 24 0.0402441

46 24 0.0323875

47 24 0.0244031

48 24 0.0163225

49 24 0.00817737

50 24 0

0 25 0

1 25 0.00819354

2 25 0.0163547

3 25 0.0244514

4 25 0.0324515

5 25 0.0403236

6 25 0.0480366

7 25 0.0555599

8 25 0.062864

9 25 0.06992

10 25 0.0767001

11 25 0.0831775

12 25 0.0893266

13 25 0.0951231

14 25 0.100544

15 25 0.105569

16 25 0.110176

17 25 0.114349

18 25 0.118071

19 25 0.121327

20 25 0.124103

21 25 0.12639

22 25 0.128179

23 25 0.129461

24 25 0.130233

25 25 0.13049

26 25 0.130233

27 25 0.129461

28 25 0.128179

29 25 0.12639

30 25 0.124103

31 25 0.121327

32 25 0.118071

33 25 0.114349

34 25 0.110176

35 25 0.105569

36 25 0.100544

37 25 0.0951231

38 25 0.0893266

39 25 0.0831775

40 25 0.0767001

41 25 0.06992

42 25 0.062864

43 25 0.0555599

44 25 0.0480366

45 25 0.0403236

46 25 0.0324515

47 25 0.0244514

48 25 0.0163547

49 25 0.00819354

50 25 0

0 26 0

1 26 0.00817737

2 26 0.0163225

3 26 0.0244031

4 26 0.0323875

5 26 0.0402441

6 26 0.0479418

7 26 0.0554503

8 26 0.06274

9 26 0.0697821

10 26 0.0765488

11 26 0.0830133

12 26 0.0891503

13 26 0.0949354

14 26 0.100346

15 26 0.10536

16 26 0.109959

17 26 0.114124

18 26 0.117838

19 26 0.121087

20 26 0.123858

21 26 0.126141

22 26 0.127926

23 26 0.129206

24 26 0.129976

25 26 0.130233

26 26 0.129976

27 26 0.129206

28 26 0.127926

29 26 0.126141

30 26 0.123858

31 26 0.121087

32 26 0.117838

33 26 0.114124

34 26 0.109959

35 26 0.10536

36 26 0.100346

37 26 0.0949354

38 26 0.0891503

39 26 0.0830133

40 26 0.0765488

41 26 0.0697821

42 26 0.06274

43 26 0.0554503

44 26 0.0479418

45 26 0.0402441

46 26 0.0323875

47 26 0.0244031

48 26 0.0163225

49 26 0.00817737

50 26 0

0 27 0

1 27 0.00812893

2 27 0.0162258

3 27 0.0242586

4 27 0.0321957

5 27 0.0400057

6 27 0.0476578

7 27 0.0551218

8 27 0.0623683

9 27 0.0693687

10 27 0.0760953

11 27 0.0825216

12 27 0.0886222

13 27 0.0943731

14 27 0.0997515

15 27 0.104736

16 27 0.109308

17 27 0.113448

18 27 0.11714

19 27 0.12037

20 27 0.123125

21 27 0.125394

22 27 0.127168

23 27 0.12844

24 27 0.129206

25 27 0.129461

26 27 0.129206

27 27 0.12844

28 27 0.127168

29 27 0.125394

30 27 0.123125

31 27 0.12037

32 27 0.11714

33 27 0.113448

34 27 0.109308

35 27 0.104736

36 27 0.0997515

37 27 0.0943731

38 27 0.0886222

39 27 0.0825216

40 27 0.0760953

41 27 0.0693687

42 27 0.0623683

43 27 0.0551218

44 27 0.0476578

45 27 0.0400057

46 27 0.0321957

47 27 0.0242586

48 27 0.0162258

49 27 0.00812893

50 27 0

0 28 0

1 28 0.00804841

2 28 0.016065

3 28 0.0240183

4 28 0.0318767

5 28 0.0396094

6 28 0.0471857

7 28 0.0545758

8 28 0.0617506

9 28 0.0686816

10 28 0.0753415

11 28 0.0817042

12 28 0.0877443

13 28 0.0934382

14 28 0.0987634

15 28 0.103699

16 28 0.108225

17 28 0.112324

18 28 0.11598

19 28 0.119178

20 28 0.121905

21 28 0.124152

22 28 0.125908

23 28 0.127168

24 28 0.127926

25 28 0.128179

26 28 0.127926

27 28 0.127168

28 28 0.125908

29 28 0.124152

30 28 0.121905

31 28 0.119178

32 28 0.11598

33 28 0.112324

34 28 0.108225

35 28 0.103699

36 28 0.0987634

37 28 0.0934382

38 28 0.0877443

39 28 0.0817042

40 28 0.0753415

41 28 0.0686816

42 28 0.0617506

43 28 0.0545758

44 28 0.0471857

45 28 0.0396094

46 28 0.0318767

47 28 0.0240183

48 28 0.016065

49 28 0.00804841

50 28 0

0 29 0

1 29 0.00793612

2 29 0.0158409

3 29 0.0236832

4 29 0.031432

5 29 0.0390568

6 29 0.0465274

7 29 0.0538144

8 29 0.0608891

9 29 0.0677234

10 29 0.0742904

11 29 0.0805643

12 29 0.0865202

13 29 0.0921347

14 29 0.0973855

15 29 0.102252

16 29 0.106715

17 29 0.110757

18 29 0.114361

19 29 0.117515

20 29 0.120204

21 29 0.12242

22 29 0.124152

23 29 0.125394

24 29 0.126141

25 29 0.12639

26 29 0.126141

27 29 0.125394

28 29 0.124152

29 29 0.12242

30 29 0.120204

31 29 0.117515

32 29 0.114361

33 29 0.110757

34 29 0.106715

35 29 0.102252

36 29 0.0973855

37 29 0.0921347

38 29 0.0865202

39 29 0.0805643

40 29 0.0742904

41 29 0.0677234

42 29 0.0608891

43 29 0.0538144

44 29 0.0465274

45 29 0.0390568

46 29 0.031432

47 29 0.0236832

48 29 0.0158409

49 29 0.00793612

50 29 0

0 30 0

1 30 0.00779252

2 30 0.0155543

3 30 0.0232547

4 30 0.0308633

5 30 0.0383501

6 30 0.0456855

7 30 0.0528406

8 30 0.0597873

9 30 0.0664979

10 30 0.0729461

11 30 0.0791065

12 30 0.0849546

13 30 0.0904675

14 30 0.0956233

15 30 0.100402

16 30 0.104784

17 30 0.108753

18 30 0.112292

19 30 0.115388

20 30 0.118029

21 30 0.120204

22 30 0.121905

23 30 0.123125

24 30 0.123858

25 30 0.124103

26 30 0.123858

27 30 0.123125

28 30 0.121905

29 30 0.120204

30 30 0.118029

31 30 0.115388

32 30 0.112292

33 30 0.108753

34 30 0.104784

35 30 0.100402

36 30 0.0956233

37 30 0.0904675

38 30 0.0849546

39 30 0.0791065

40 30 0.0729461

41 30 0.0664979

42 30 0.0597873

43 30 0.0528406

44 30 0.0456855

45 30 0.0383501

46 30 0.0308633

47 30 0.0232547

48 30 0.0155543

49 30 0.00779252

50 30 0

0 31 0

1 31 0.00761816

2 31 0.0152062

3 31 0.0227343

4 31 0.0301727

5 31 0.037492

6 31 0.0446633

7 31 0.0516583

8 31 0.0584495

9 31 0.06501

10 31 0.071314

11 31 0.0773365

12 31 0.0830537

13 31 0.0884432

14 31 0.0934837

15 31 0.0981552

16 31 0.102439

17 31 0.106319

18 31 0.10978

19 31 0.112807

20 31 0.115388

21 31 0.117515

22 31 0.119178

23 31 0.12037

24 31 0.121087

25 31 0.121327

26 31 0.121087

27 31 0.12037

28 31 0.119178

29 31 0.117515

30 31 0.115388

31 31 0.112807

32 31 0.10978

33 31 0.106319

34 31 0.102439

35 31 0.0981552

36 31 0.0934837

37 31 0.0884432

38 31 0.0830537

39 31 0.0773365

40 31 0.071314

41 31 0.06501

42 31 0.0584495

43 31 0.0516583

44 31 0.0446633

45 31 0.037492

46 31 0.0301727

47 31 0.0227343

48 31 0.0152062

49 31 0.00761816

50 31 0

0 32 0

1 32 0.00741373

2 32 0.0147982

3 32 0.0221243

4 32 0.029363

5 32 0.0364859

6 32 0.0434648

7 32 0.0502721

8 32 0.0568811

9 32 0.0632656

10 32 0.0694003

11 32 0.0752612

12 32 0.0808251

13 32 0.08607

14 32 0.0909752

15 32 0.0955214

16 32 0.0996906

17 32 0.103466

18 32 0.106834

19 32 0.10978

20 32 0.112292

21 32 0.114361

22 32 0.11598

23 32 0.11714

24 32 0.117838

25 32 0.118071

26 32 0.117838

27 32 0.11714

28 32 0.11598

29 32 0.114361

30 32 0.112292

31 32 0.10978

32 32 0.106834

33 32 0.103466

34 32 0.0996906

35 32 0.0955214

36 32 0.0909752

37 32 0.08607

38 32 0.0808251

39 32 0.0752612

40 32 0.0694003

41 32 0.0632656

42 32 0.0568811

43 32 0.0502721

44 32 0.0434648

45 32 0.0364859

46 32 0.029363

47 32 0.0221243

48 32 0.0147982

49 32 0.00741373

50 32 0

0 33 0

1 33 0.00718005

2 33 0.0143318

3 33 0.0214269

4 33 0.0284375

5 33 0.0353359

6 33 0.0420948

7 33 0.0486876

8 33 0.0550882

9 33 0.0612714

10 33 0.0672128

11 33 0.072889

12 33 0.0782775

13 33 0.083357

14 33 0.0881076

15 33 0.0925105

16 33 0.0965483

17 33 0.100205

18 33 0.103466

19 33 0.106319

20 33 0.108753

21 33 0.110757

22 33 0.112324

23 33 0.113448

24 33 0.114124

25 33 0.114349

26 33 0.114124

27 33 0.113448

28 33 0.112324

29 33 0.110757

30 33 0.108753

31 33 0.106319

32 33 0.103466

33 33 0.100205

34 33 0.0965483

35 33 0.0925105

36 33 0.0881076

37 33 0.083357

38 33 0.0782775

39 33 0.072889

40 33 0.0672128

41 33 0.0612714

42 33 0.0550882

43 33 0.0486876

44 33 0.0420948

45 33 0.0353359

46 33 0.0284375

47 33 0.0214269

48 33 0.0143318

49 33 0.00718005

50 33 0

0 34 0

1 34 0.00691803

2 34 0.0138088

3 34 0.020645

4 34 0.0273997

5 34 0.0340464

6 34 0.0405586

7 34 0.0469108

8 34 0.0530779

9 34 0.0590354

10 34 0.06476

11 34 0.0702291

12 34 0.0754209

13 34 0.0803151

14 34 0.0848923

15 34 0.0891346

16 34 0.093025

17 34 0.0965483

18 34 0.0996906

19 34 0.102439

20 34 0.104784

21 34 0.106715

22 34 0.108225

23 34 0.109308

24 34 0.109959

25 34 0.110176

26 34 0.109959

27 34 0.109308

28 34 0.108225

29 34 0.106715

30 34 0.104784

31 34 0.102439

32 34 0.0996906

33 34 0.0965483

34 34 0.093025

35 34 0.0891346

36 34 0.0848923

37 34 0.0803151

38 34 0.0754209

39 34 0.0702291

40 34 0.06476

41 34 0.0590354

42 34 0.0530779

43 34 0.0469108

44 34 0.0405586

45 34 0.0340464

46 34 0.0273997

47 34 0.020645

48 34 0.0138088

49 34 0.00691803

50 34 0

0 35 0

1 35 0.00662871

2 35 0.0132313

3 35 0.0197816

4 35 0.0262539

5 35 0.0326225

6 35 0.0388624

7 35 0.0449489

8 35 0.0508581

9 35 0.0565665

10 35 0.0620517

11 35 0.067292

12 35 0.0722667

13 35 0.0769562

14 35 0.081342

15 35 0.0854068

16 35 0.0891346

17 35 0.0925105

18 35 0.0955214

19 35 0.0981552

20 35 0.100402

21 35 0.102252

22 35 0.103699

23 35 0.104736

24 35 0.10536

25 35 0.105569

26 35 0.10536

27 35 0.104736

28 35 0.103699

29 35 0.102252

30 35 0.100402

31 35 0.0981552

32 35 0.0955214

33 35 0.0925105

34 35 0.0891346

35 35 0.0854068

36 35 0.081342

37 35 0.0769562

38 35 0.0722667

39 35 0.067292

40 35 0.0620517

41 35 0.0565665

42 35 0.0508581

43 35 0.0449489

44 35 0.0388624

45 35 0.0326225

46 35 0.0262539

47 35 0.0197816

48 35 0.0132313

49 35 0.00662871

50 35 0

0 36 0

1 36 0.00631323

2 36 0.0126015

3 36 0.0188401

4 36 0.0250043

5 36 0.0310699

6 36 0.0370128

7 36 0.0428097

8 36 0.0484376

9 36 0.0538743

10 36 0.0590984

11 36 0.0640893

12 36 0.0688273

13 36 0.0732936

14 36 0.0774707

15 36 0.081342

16 36 0.0848923

17 36 0.0881076

18 36 0.0909752

19 36 0.0934837

20 36 0.0956233

21 36 0.0973855

22 36 0.0987634

23 36 0.0997515

24 36 0.100346

25 36 0.100544

26 36 0.100346

27 36 0.0997515

28 36 0.0987634

29 36 0.0973855

30 36 0.0956233

31 36 0.0934837

32 36 0.0909752

33 36 0.0881076

34 36 0.0848923

35 36 0.081342

36 36 0.0774707

37 36 0.0732936

38 36 0.0688273

39 36 0.0640893

40 36 0.0590984

41 36 0.0538743

42 36 0.0484376

43 36 0.0428097

44 36 0.0370128

45 36 0.0310699

46 36 0.0250043

47 36 0.0188401

48 36 0.0126015

49 36 0.00631323

50 36 0

0 37 0

1 37 0.00597283

2 37 0.0119221

3 37 0.0178243

4 37 0.0236562

5 37 0.0293947

6 37 0.0350172

7 37 0.0405015

8 37 0.0458259

9 37 0.0509695

10 37 0.055912

11 37 0.0606338

12 37 0.0651163

13 37 0.0693418

14 37 0.0732936

15 37 0.0769562

16 37 0.0803151

17 37 0.083357

18 37 0.08607

19 37 0.0884432

20 37 0.0904675

21 37 0.0921347

22 37 0.0934382

23 37 0.0943731

24 37 0.0949354

25 37 0.0951231

26 37 0.0949354

27 37 0.0943731

28 37 0.0934382

29 37 0.0921347

30 37 0.0904675

31 37 0.0884432

32 37 0.08607

33 37 0.083357

34 37 0.0803151

35 37 0.0769562

36 37 0.0732936

37 37 0.0693418

38 37 0.0651163

39 37 0.0606338

40 37 0.055912

41 37 0.0509695

42 37 0.0458259

43 37 0.0405015

44 37 0.0350172

45 37 0.0293947

46 37 0.0236562

47 37 0.0178243

48 37 0.0119221

49 37 0.00597283

50 37 0

0 38 0

1 38 0.00560886

2 38 0.0111956

3 38 0.0167381

4 38 0.0222146

5 38 0.0276034

6 38 0.0328833

7 38 0.0380334

8 38 0.0430334

9 38 0.0478636

10 38 0.0525048

11 38 0.0569389

12 38 0.0611482

13 38 0.0651163

14 38 0.0688273

15 38 0.0722667

16 38 0.0754209

17 38 0.0782775

18 38 0.0808251

19 38 0.0830537

20 38 0.0849546

21 38 0.0865202

22 38 0.0877443

23 38 0.0886222

24 38 0.0891503

25 38 0.0893266

26 38 0.0891503

27 38 0.0886222

28 38 0.0877443

29 38 0.0865202

30 38 0.0849546

31 38 0.0830537

32 38 0.0808251

33 38 0.0782775

34 38 0.0754209

35 38 0.0722667

36 38 0.0688273

37 38 0.0651163

38 38 0.0611482

39 38 0.0569389

40 38 0.0525048

41 38 0.0478636

42 38 0.0430334

43 38 0.0380334

44 38 0.0328833

45 38 0.0276034

46 38 0.0222146

47 38 0.0167381

48 38 0.0111956

49 38 0.00560886

50 38 0

0 39 0

1 39 0.00522276

2 39 0.0104249

3 39 0.0155859

4 39 0.0206854

5 39 0.0257033

6 39 0.0306197

7 39 0.0354152

8 39 0.0400711

9 39 0.0445687

10 39 0.0488905

11 39 0.0530193

12 39 0.0569389

13 39 0.0606338

14 39 0.0640893

15 39 0.067292

16 39 0.0702291

17 39 0.072889

18 39 0.0752612

19 39 0.0773365

20 39 0.0791065

21 39 0.0805643

22 39 0.0817042

23 39 0.0825216

24 39 0.0830133

25 39 0.0831775

26 39 0.0830133

27 39 0.0825216

28 39 0.0817042

29 39 0.0805643

30 39 0.0791065

31 39 0.0773365

32 39 0.0752612

33 39 0.072889

34 39 0.0702291

35 39 0.067292

36 39 0.0640893

37 39 0.0606338

38 39 0.0569389

39 39 0.0530193

40 39 0.0488905

41 39 0.0445687

42 39 0.0400711

43 39 0.0354152

44 39 0.0306197

45 39 0.0257033

46 39 0.0206854

47 39 0.0155859

48 39 0.0104249

49 39 0.00522276

50 39 0

0 40 0

1 40 0.00481604

2 40 0.00961307

3 40 0.0143722

4 40 0.0190745

5 40 0.0237016

6 40 0.0282352

7 40 0.0326573

8 40 0.0369506

9 40 0.041098

10 40 0.0450832

11 40 0.0488905

12 40 0.0525048

13 40 0.055912

14 40 0.0590984

15 40 0.0620517

16 40 0.06476

17 40 0.0672128

18 40 0.0694003

19 40 0.071314

20 40 0.0729461

21 40 0.0742904

22 40 0.0753415

23 40 0.0760953

24 40 0.0765488

25 40 0.0767001

26 40 0.0765488

27 40 0.0760953

28 40 0.0753415

29 40 0.0742904

30 40 0.0729461

31 40 0.071314

32 40 0.0694003

33 40 0.0672128

34 40 0.06476

35 40 0.0620517

36 40 0.0590984

37 40 0.055912

38 40 0.0525048

39 40 0.0488905

40 40 0.0450832

41 40 0.041098

42 40 0.0369506

43 40 0.0326573

44 40 0.0282352

45 40 0.0237016

46 40 0.0190745

47 40 0.0143722

48 40 0.00961307

49 40 0.00481604

50 40 0

0 41 0

1 41 0.00439032

2 41 0.00876331

3 41 0.0131017

4 41 0.0173884

5 41 0.0216065

6 41 0.0257393

7 41 0.0297705

8 41 0.0336842

9 41 0.037465

10 41 0.041098

11 41 0.0445687

12 41 0.0478636

13 41 0.0509695

14 41 0.0538743

15 41 0.0565665

16 41 0.0590354

17 41 0.0612714

18 41 0.0632656

19 41 0.06501

20 41 0.0664979

21 41 0.0677234

22 41 0.0686816

23 41 0.0693687

24 41 0.0697821

25 41 0.06992

26 41 0.0697821

27 41 0.0693687

28 41 0.0686816

29 41 0.0677234

30 41 0.0664979

31 41 0.06501

32 41 0.0632656

33 41 0.0612714

34 41 0.0590354

35 41 0.0565665

36 41 0.0538743

37 41 0.0509695

38 41 0.0478636

39 41 0.0445687

40 41 0.041098

41 41 0.037465

42 41 0.0336842

43 41 0.0297705

44 41 0.0257393

45 41 0.0216065

46 41 0.0173884

47 41 0.0131017

48 41 0.00876331

49 41 0.00439032

50 41 0

0 42 0

1 42 0.00394727

2 42 0.00787895

3 42 0.0117795

4 42 0.0156337

5 42 0.0194261

6 42 0.0231418

7 42 0.0267662

8 42 0.030285

9 42 0.0336842

10 42 0.0369506

11 42 0.0400711

12 42 0.0430334

13 42 0.0458259

14 42 0.0484376

15 42 0.0508581

16 42 0.0530779

17 42 0.0550882

18 42 0.0568811

19 42 0.0584495

20 42 0.0597873

21 42 0.0608891

22 42 0.0617506

23 42 0.0623683

24 42 0.06274

25 42 0.062864

26 42 0.06274

27 42 0.0623683

28 42 0.0617506

29 42 0.0608891

30 42 0.0597873

31 42 0.0584495

32 42 0.0568811

33 42 0.0550882

34 42 0.0530779

35 42 0.0508581

36 42 0.0484376

37 42 0.0458259

38 42 0.0430334

39 42 0.0400711

40 42 0.0369506

41 42 0.0336842

42 42 0.030285

43 42 0.0267662

44 42 0.0231418

45 42 0.0194261

46 42 0.0156337

47 42 0.0117795

48 42 0.00787895

49 42 0.00394727

50 42 0

0 43 0

1 43 0.00348864

2 43 0.00696351

3 43 0.0104109

4 43 0.0138172

5 43 0.017169

6 43 0.020453

7 43 0.0236563

8 43 0.0267662

9 43 0.0297705

10 43 0.0326573

11 43 0.0354152

12 43 0.0380334

13 43 0.0405015

14 43 0.0428097

15 43 0.0449489

16 43 0.0469108

17 43 0.0486876

18 43 0.0502721

19 43 0.0516583

20 43 0.0528406

21 43 0.0538144

22 43 0.0545758

23 43 0.0551218

24 43 0.0554503

25 43 0.0555599

26 43 0.0554503

27 43 0.0551218

28 43 0.0545758

29 43 0.0538144

30 43 0.0528406

31 43 0.0516583

32 43 0.0502721

33 43 0.0486876

34 43 0.0469108

35 43 0.0449489

36 43 0.0428097

37 43 0.0405015

38 43 0.0380334

39 43 0.0354152

40 43 0.0326573

41 43 0.0297705

42 43 0.0267662

43 43 0.0236563

44 43 0.020453

45 43 0.017169

46 43 0.0138172

47 43 0.0104109

48 43 0.00696351

49 43 0.00348864

50 43 0

0 44 0

1 44 0.00301624

2 44 0.00602058

3 44 0.00900116

4 44 0.0119462

5 44 0.0148441

6 44 0.0176834

7 44 0.020453

8 44 0.0231418

9 44 0.0257393

10 44 0.0282352

11 44 0.0306197

12 44 0.0328833

13 44 0.0350172

14 44 0.0370128

15 44 0.0388624

16 44 0.0405586

17 44 0.0420948

18 44 0.0434648

19 44 0.0446633

20 44 0.0456855

21 44 0.0465274

22 44 0.0471857

23 44 0.0476578

24 44 0.0479418

25 44 0.0480366

26 44 0.0479418

27 44 0.0476578

28 44 0.0471857

29 44 0.0465274

30 44 0.0456855

31 44 0.0446633

32 44 0.0434648

33 44 0.0420948

34 44 0.0405586

35 44 0.0388624

36 44 0.0370128

37 44 0.0350172

38 44 0.0328833

39 44 0.0306197

40 44 0.0282352

41 44 0.0257393

42 44 0.0231418

43 44 0.020453

44 44 0.0176834

45 44 0.0148441

46 44 0.0119462

47 44 0.00900116

48 44 0.00602058

49 44 0.00301624

50 44 0

0 45 0

1 45 0.00253194

2 45 0.00505389

3 45 0.0075559

4 45 0.0100281

5 45 0.0124607

6 45 0.0148441

7 45 0.017169

8 45 0.0194261

9 45 0.0216065

10 45 0.0237016

11 45 0.0257033

12 45 0.0276034

13 45 0.0293947

14 45 0.0310699

15 45 0.0326225

16 45 0.0340464

17 45 0.0353359

18 45 0.0364859

19 45 0.037492

20 45 0.0383501

21 45 0.0390568

22 45 0.0396094

23 45 0.0400057

24 45 0.0402441

25 45 0.0403236

26 45 0.0402441

27 45 0.0400057

28 45 0.0396094

29 45 0.0390568

30 45 0.0383501

31 45 0.037492

32 45 0.0364859

33 45 0.0353359

34 45 0.0340464

35 45 0.0326225

36 45 0.0310699

37 45 0.0293947

38 45 0.0276034

39 45 0.0257033

40 45 0.0237016

41 45 0.0216065

42 45 0.0194261

43 45 0.017169

44 45 0.0148441

45 45 0.0124607

46 45 0.0100281

47 45 0.0075559

48 45 0.00505389

49 45 0.00253194

50 45 0

0 46 0

1 46 0.00203765

2 46 0.00406726

3 46 0.00608081

4 46 0.00807037

5 46 0.0100281

6 46 0.0119462

7 46 0.0138172

8 46 0.0156337

9 46 0.0173884

10 46 0.0190745

11 46 0.0206854

12 46 0.0222146

13 46 0.0236562

14 46 0.0250043

15 46 0.0262539

16 46 0.0273997

17 46 0.0284375

18 46 0.029363

19 46 0.0301727

20 46 0.0308633

21 46 0.031432

22 46 0.0318767

23 46 0.0321957

24 46 0.0323875

25 46 0.0324515

26 46 0.0323875

27 46 0.0321957

28 46 0.0318767

29 46 0.031432

30 46 0.0308633

31 46 0.0301727

32 46 0.029363

33 46 0.0284375

34 46 0.0273997

35 46 0.0262539

36 46 0.0250043

37 46 0.0236562

38 46 0.0222146

39 46 0.0206854

40 46 0.0190745

41 46 0.0173884

42 46 0.0156337

43 46 0.0138172

44 46 0.0119462

45 46 0.0100281

46 46 0.00807037

47 46 0.00608081

48 46 0.00406726

49 46 0.00203765

50 46 0

0 47 0

1 47 0.00153532

2 47 0.00306457

3 47 0.00458173

4 47 0.00608081

5 47 0.0075559

6 47 0.00900116

7 47 0.0104109

8 47 0.0117795

9 47 0.0131017

10 47 0.0143722

11 47 0.0155859

12 47 0.0167381

13 47 0.0178243

14 47 0.0188401

15 47 0.0197816

16 47 0.020645

17 47 0.0214269

18 47 0.0221243

19 47 0.0227343

20 47 0.0232547

21 47 0.0236832

22 47 0.0240183

23 47 0.0242586

24 47 0.0244031

25 47 0.0244514

26 47 0.0244031

27 47 0.0242586

28 47 0.0240183

29 47 0.0236832

30 47 0.0232547

31 47 0.0227343

32 47 0.0221243

33 47 0.0214269

34 47 0.020645

35 47 0.0197816

36 47 0.0188401

37 47 0.0178243

38 47 0.0167381

39 47 0.0155859

40 47 0.0143722

41 47 0.0131017

42 47 0.0117795

43 47 0.0104109

44 47 0.00900116

45 47 0.0075559

46 47 0.00608081

47 47 0.00458173

48 47 0.00306457

49 47 0.00153532

50 47 0

0 48 0

1 48 0.00102692

2 48 0.00204979

3 48 0.00306457

4 48 0.00406726

5 48 0.00505389

6 48 0.00602058

7 48 0.00696351

8 48 0.00787895

9 48 0.00876331

10 48 0.00961307

11 48 0.0104249

12 48 0.0111956

13 48 0.0119221

14 48 0.0126015

15 48 0.0132313

16 48 0.0138088

17 48 0.0143318

18 48 0.0147982

19 48 0.0152062

20 48 0.0155543

21 48 0.0158409

22 48 0.016065

23 48 0.0162258

24 48 0.0163225

25 48 0.0163547

26 48 0.0163225

27 48 0.0162258

28 48 0.016065

29 48 0.0158409

30 48 0.0155543

31 48 0.0152062

32 48 0.0147982

33 48 0.0143318

34 48 0.0138088

35 48 0.0132313

36 48 0.0126015

37 48 0.0119221

38 48 0.0111956

39 48 0.0104249

40 48 0.00961307

41 48 0.00876331

42 48 0.00787895

43 48 0.00696351

44 48 0.00602058

45 48 0.00505389

46 48 0.00406726

47 48 0.00306457

48 48 0.00204979

49 48 0.00102692

50 48 0

0 49 0

1 49 0.000514476

2 49 0.00102692

3 49 0.00153532

4 49 0.00203765

5 49 0.00253194

6 49 0.00301624

7 49 0.00348864

8 49 0.00394727

9 49 0.00439032

10 49 0.00481604

11 49 0.00522276

12 49 0.00560886

13 49 0.00597283

14 49 0.00631323

15 49 0.00662871

16 49 0.00691803

17 49 0.00718005

18 49 0.00741373

19 49 0.00761816

20 49 0.00779252

21 49 0.00793612

22 49 0.00804841

23 49 0.00812893

24 49 0.00817737

25 49 0.00819354

26 49 0.00817737

27 49 0.00812893

28 49 0.00804841

