0 1 0

1 1 0.000419023

2 1 0.000836392

3 1 0.00125046

4 1 0.00165959

5 1 0.00206218

6 1 0.00245662

7 1 0.00284137

8 1 0.00321491

9 1 0.00357576

10 1 0.00392249

11 1 0.00425375

12 1 0.00456822

13 1 0.00486466

14 1 0.0051419

15 1 0.00539885

16 1 0.00563449

17 1 0.0058479

18 1 0.00603822

19 1 0.00620472

20 1 0.00634673

21 1 0.00646369

22 1 0.00655514

23 1 0.00662072

24 1 0.00666018

25 1 0.00667334

26 1 0.00666018

27 1 0.00662072

28 1 0.00655514

29 1 0.00646369

30 1 0.00634673

31 1 0.00620472

32 1 0.00603822

33 1 0.0058479

34 1 0.00563449

35 1 0.00539885

36 1 0.0051419

37 1 0.00486466

38 1 0.00456822

39 1 0.00425375

40 1 0.00392249

41 1 0.00357576

42 1 0.00321491

43 1 0.00284137

44 1 0.00245662

45 1 0.00206218

46 1 0.00165959

47 1 0.00125046

48 1 0.000836392

49 1 0.000419023

50 1 0

0 2 0

1 2 0.000836392

2 2 0.00166948

3 2 0.00249598

4 2 0.00331264

5 2 0.00411621

6 2 0.00490355

7 2 0.00567153

8 2 0.00641713

9 2 0.0071374

10 2 0.00782951

11 2 0.00849071

12 2 0.00911841

13 2 0.00971012

14 2 0.0102635

15 2 0.0107764

16 2 0.0112467

17 2 0.0116727

18 2 0.0120526

19 2 0.0123849

20 2 0.0126684

21 2 0.0129019

22 2 0.0130844

23 2 0.0132153

24 2 0.0132941

25 2 0.0133204

26 2 0.0132941

27 2 0.0132153

28 2 0.0130844

29 2 0.0129019

30 2 0.0126684

31 2 0.0123849

32 2 0.0120526

33 2 0.0116727

34 2 0.0112467

35 2 0.0107764

36 2 0.0102635

37 2 0.00971012

38 2 0.00911841

39 2 0.00849071

40 2 0.00782951

41 2 0.0071374

42 2 0.00641713

43 2 0.00567153

44 2 0.00490355

45 2 0.00411621

46 2 0.00331264

47 2 0.00249598

48 2 0.00166948

49 2 0.000836392

50 2 0

0 3 0

1 3 0.00125046

2 3 0.00249598

3 3 0.00373166

4 3 0.00495261

5 3 0.00615401

6 3 0.00733112

7 3 0.0084793

8 3 0.00959402

9 3 0.0106709

10 3 0.0117056

11 3 0.0126942

12 3 0.0136326

13 3 0.0145173

14 3 0.0153446

15 3 0.0161114

16 3 0.0168146

17 3 0.0174515

18 3 0.0180194

19 3 0.0185163

20 3 0.0189401

21 3 0.0192891

22 3 0.019562

23 3 0.0197578

24 3 0.0198755

25 3 0.0199148

26 3 0.0198755

27 3 0.0197578

28 3 0.019562

29 3 0.0192891

30 3 0.0189401

31 3 0.0185163

32 3 0.0180194

33 3 0.0174515

34 3 0.0168146

35 3 0.0161114

36 3 0.0153446

37 3 0.0145173

38 3 0.0136326

39 3 0.0126942

40 3 0.0117056

41 3 0.0106709

42 3 0.00959402

43 3 0.0084793

44 3 0.00733112

45 3 0.00615401

46 3 0.00495261

47 3 0.00373166

48 3 0.00249598

49 3 0.00125046

50 3 0

0 4 0

1 4 0.00165959

2 4 0.00331264

3 4 0.00495261

4 4 0.00657303

5 4 0.00816751

6 4 0.00972976

7 4 0.0112536

8 4 0.0127331

9 4 0.0141622

10 4 0.0155355

11 4 0.0168475

12 4 0.018093

13 4 0.0192671

14 4 0.0203652

15 4 0.0213828

16 4 0.0223161

17 4 0.0231613

18 4 0.0239152

19 4 0.0245746

20 4 0.025137

21 4 0.0256003

22 4 0.0259625

23 4 0.0262222

24 4 0.0263785

25 4 0.0264306

26 4 0.0263785

27 4 0.0262222

28 4 0.0259625

29 4 0.0256003

30 4 0.025137

31 4 0.0245746

32 4 0.0239152

33 4 0.0231613

34 4 0.0223161

35 4 0.0213828

36 4 0.0203652

37 4 0.0192671

38 4 0.018093

39 4 0.0168475

40 4 0.0155355

41 4 0.0141622

42 4 0.0127331

43 4 0.0112536

44 4 0.00972976

45 4 0.00816751

46 4 0.00657303

47 4 0.00495261

48 4 0.00331264

49 4 0.00165959

50 4 0

0 5 0

1 5 0.00206218

2 5 0.00411621

3 5 0.00615401

4 5 0.00816751

5 5 0.0101488

6 5 0.01209

7 5 0.0139835

8 5 0.0158218

9 5 0.0175977

10 5 0.0193041

11 5 0.0209344

12 5 0.022482

13 5 0.0239409

14 5 0.0253053

15 5 0.0265699

16 5 0.0277296

17 5 0.0287798

18 5 0.0297165

19 5 0.0305359

20 5 0.0312348

21 5 0.0318104

22 5 0.0322604

23 5 0.0325832

24 5 0.0327774

25 5 0.0328422

26 5 0.0327774

27 5 0.0325832

28 5 0.0322604

29 5 0.0318104

30 5 0.0312348

31 5 0.0305359

32 5 0.0297165

33 5 0.0287798

34 5 0.0277296

35 5 0.0265699

36 5 0.0253053

37 5 0.0239409

38 5 0.022482

39 5 0.0209344

40 5 0.0193041

41 5 0.0175977

42 5 0.0158218

43 5 0.0139835

44 5 0.01209

45 5 0.0101488

46 5 0.00816751

47 5 0.00615401

48 5 0.00411621

49 5 0.00206218

50 5 0

0 6 0

1 6 0.00245662

2 6 0.00490355

3 6 0.00733112

4 6 0.00972976

5 6 0.01209

6 6 0.0144025

7 6 0.0166582

8 6 0.0188482

9 6 0.0209637

10 6 0.0229966

11 6 0.0249386

12 6 0.0267823

13 6 0.0285202

14 6 0.0301456

15 6 0.0316521

16 6 0.0330336

17 6 0.0342847

18 6 0.0354005

19 6 0.0363767

20 6 0.0372092

21 6 0.0378949

22 6 0.0384311

23 6 0.0388156

24 6 0.0390469

25 6 0.0391241

26 6 0.0390469

27 6 0.0388156

28 6 0.0384311

29 6 0.0378949

30 6 0.0372092

31 6 0.0363767

32 6 0.0354005

33 6 0.0342847

34 6 0.0330336

35 6 0.0316521

36 6 0.0301456

37 6 0.0285202

38 6 0.0267823

39 6 0.0249386

40 6 0.0229966

41 6 0.0209637

42 6 0.0188482

43 6 0.0166582

44 6 0.0144025

45 6 0.01209

46 6 0.00972976

47 6 0.00733112

48 6 0.00490355

49 6 0.00245662

50 6 0

0 7 0

1 7 0.00284137

2 7 0.00567153

3 7 0.0084793

4 7 0.0112536

5 7 0.0139835

6 7 0.0166582

7 7 0.0192672

8 7 0.0218001

9 7 0.024247

10 7 0.0265982

11 7 0.0288445

12 7 0.0309769

13 7 0.032987

14 7 0.034867

15 7 0.0366093

16 7 0.0382072

17 7 0.0396543

18 7 0.0409449

19 7 0.0420739

20 7 0.0430368

21 7 0.0438299

22 7 0.0444501

23 7 0.0448948

24 7 0.0451623

25 7 0.0452516

26 7 0.0451623

27 7 0.0448948

28 7 0.0444501

29 7 0.0438299

30 7 0.0430368

31 7 0.0420739

32 7 0.0409449

33 7 0.0396543

34 7 0.0382072

35 7 0.0366093

36 7 0.034867

37 7 0.032987

38 7 0.0309769

39 7 0.0288445

40 7 0.0265982

41 7 0.024247

42 7 0.0218001

43 7 0.0192672

44 7 0.0166582

45 7 0.0139835

46 7 0.0112536

47 7 0.0084793

48 7 0.00567153

49 7 0.00284137

50 7 0

0 8 0

1 8 0.00321491

2 8 0.00641713

3 8 0.00959402

4 8 0.0127331

5 8 0.0158218

6 8 0.0188482

7 8 0.0218001

8 8 0.024666

9 8 0.0274346

10 8 0.0300949

11 8 0.0326364

12 8 0.0350492

13 8 0.0373236

14 8 0.0394507

15 8 0.0414221

16 8 0.04323

17 8 0.0448674

18 8 0.0463276

19 8 0.047605

20 8 0.0486946

21 8 0.049592

22 8 0.0502936

23 8 0.0507968

24 8 0.0510995

25 8 0.0512005

26 8 0.0510995

27 8 0.0507968

28 8 0.0502936

29 8 0.049592

30 8 0.0486946

31 8 0.047605

32 8 0.0463276

33 8 0.0448674

34 8 0.04323

35 8 0.0414221

36 8 0.0394507

37 8 0.0373236

38 8 0.0350492

39 8 0.0326364

40 8 0.0300949

41 8 0.0274346

42 8 0.024666

43 8 0.0218001

44 8 0.0188482

45 8 0.0158218

46 8 0.0127331

47 8 0.00959402

48 8 0.00641713

49 8 0.00321491

50 8 0

0 9 0

1 9 0.00357576

2 9 0.0071374

3 9 0.0106709

4 9 0.0141622

5 9 0.0175977

6 9 0.0209637

7 9 0.024247

8 9 0.0274346

9 9 0.0305139

10 9 0.0334728

11 9 0.0362996

12 9 0.0389832

13 9 0.0415129

14 9 0.0438787

15 9 0.0460714

16 9 0.0480823

17 9 0.0499034

18 9 0.0515275

19 9 0.0529483

20 9 0.0541602

21 9 0.0551583

22 9 0.0559387

23 9 0.0564983

24 9 0.056835

25 9 0.0569474

26 9 0.056835

27 9 0.0564983

28 9 0.0559387

29 9 0.0551583

30 9 0.0541602

31 9 0.0529483

32 9 0.0515275

33 9 0.0499034

34 9 0.0480823

35 9 0.0460714

36 9 0.0438787

37 9 0.0415129

38 9 0.0389832

39 9 0.0362996

40 9 0.0334728

41 9 0.0305139

42 9 0.0274346

43 9 0.024247

44 9 0.0209637

45 9 0.0175977

46 9 0.0141622

47 9 0.0106709

48 9 0.0071374

49 9 0.00357576

50 9 0

0 10 0

1 10 0.00392249

2 10 0.00782951

3 10 0.0117056

4 10 0.0155355

5 10 0.0193041

6 10 0.0229966

7 10 0.0265982

8 10 0.0300949

9 10 0.0334728

10 10 0.0367187

11 10 0.0398196

12 10 0.0427633

13 10 0.0455383

14 10 0.0481336

15 10 0.0505389

16 10 0.0527448

17 10 0.0547424

18 10 0.0565241

19 10 0.0580827

20 10 0.059412

21 10 0.0605069

22 10 0.061363

23 10 0.0619769

24 10 0.0623462

25 10 0.0624695

26 10 0.0623462

27 10 0.0619769

28 10 0.061363

29 10 0.0605069

30 10 0.059412

31 10 0.0580827

32 10 0.0565241

33 10 0.0547424

34 10 0.0527448

35 10 0.0505389

36 10 0.0481336

37 10 0.0455383

38 10 0.0427633

39 10 0.0398196

40 10 0.0367187

41 10 0.0334728

42 10 0.0300949

43 10 0.0265982

44 10 0.0229966

45 10 0.0193041

46 10 0.0155355

47 10 0.0117056

48 10 0.00782951

49 10 0.00392249

50 10 0

0 11 0

1 11 0.00425375

2 11 0.00849071

3 11 0.0126942

4 11 0.0168475

5 11 0.0209344

6 11 0.0249386

7 11 0.0288445

8 11 0.0326364

9 11 0.0362996

10 11 0.0398196

11 11 0.0431823

12 11 0.0463747

13 11 0.049384

14 11 0.0521985

15 11 0.0548069

16 11 0.0571991

17 11 0.0593655

18 11 0.0612976

19 11 0.0629878

20 11 0.0644294

21 11 0.0656168

22 11 0.0665451

23 11 0.0672109

24 11 0.0676114

25 11 0.0677451

26 11 0.0676114

27 11 0.0672109

28 11 0.0665451

29 11 0.0656168

30 11 0.0644294

31 11 0.0629878

32 11 0.0612976

33 11 0.0593655

34 11 0.0571991

35 11 0.0548069

36 11 0.0521985

37 11 0.049384

38 11 0.0463747

39 11 0.0431823

40 11 0.0398196

41 11 0.0362996

42 11 0.0326364

43 11 0.0288445

44 11 0.0249386

45 11 0.0209344

46 11 0.0168475

47 11 0.0126942

48 11 0.00849071

49 11 0.00425375

50 11 0

0 12 0

1 12 0.00456822

2 12 0.00911841

3 12 0.0136326

4 12 0.018093

5 12 0.022482

6 12 0.0267823

7 12 0.0309769

8 12 0.0350492

9 12 0.0389832

10 12 0.0427633

11 12 0.0463747

12 12 0.0498031

13 12 0.0530349

14 12 0.0560574

15 12 0.0588587

16 12 0.0614277

17 12 0.0637542

18 12 0.0658292

19 12 0.0676443

20 12 0.0691925

21 12 0.0704676

22 12 0.0714646

23 12 0.0721796

24 12 0.0726097

25 12 0.0727533

26 12 0.0726097

27 12 0.0721796

28 12 0.0714646

29 12 0.0704676

30 12 0.0691925

31 12 0.0676443

32 12 0.0658292

33 12 0.0637542

34 12 0.0614277

35 12 0.0588587

36 12 0.0560574

37 12 0.0530349

38 12 0.0498031

39 12 0.0463747

40 12 0.0427633

41 12 0.0389832

42 12 0.0350492

43 12 0.0309769

44 12 0.0267823

45 12 0.022482

46 12 0.018093

47 12 0.0136326

48 12 0.00911841

49 12 0.00456822

50 12 0

0 13 0

1 13 0.00486466

2 13 0.00971012

3 13 0.0145173

4 13 0.0192671

5 13 0.0239409

6 13 0.0285202

7 13 0.032987

8 13 0.0373236

9 13 0.0415129

10 13 0.0455383

11 13 0.049384

12 13 0.0530349

13 13 0.0564764

14 13 0.0596951

15 13 0.0626781

16 13 0.0654138

17 13 0.0678913

18 13 0.0701009

19 13 0.0720339

20 13 0.0736825

21 13 0.0750404

22 13 0.0761021

23 13 0.0768635

24 13 0.0773215

25 13 0.0774744

26 13 0.0773215

27 13 0.0768635

28 13 0.0761021

29 13 0.0750404

30 13 0.0736825

31 13 0.0720339

32 13 0.0701009

33 13 0.0678913

34 13 0.0654138

35 13 0.0626781

36 13 0.0596951

37 13 0.0564764

38 13 0.0530349

39 13 0.049384

40 13 0.0455383

41 13 0.0415129

42 13 0.0373236

43 13 0.032987

44 13 0.0285202

45 13 0.0239409

46 13 0.0192671

47 13 0.0145173

48 13 0.00971012

49 13 0.00486466

50 13 0

0 14 0

1 14 0.0051419

2 14 0.0102635

3 14 0.0153446

4 14 0.0203652

5 14 0.0253053

6 14 0.0301456

7 14 0.034867

8 14 0.0394507

9 14 0.0438787

10 14 0.0481336

11 14 0.0521985

12 14 0.0560574

13 14 0.0596951

14 14 0.0630971

15 14 0.0662502

16 14 0.0691418

17 14 0.0717605

18 14 0.0740961

19 14 0.0761392

20 14 0.0778818

21 14 0.079317

22 14 0.0804393

23 14 0.081244

24 14 0.0817282

25 14 0.0818897

26 14 0.0817282

27 14 0.081244

28 14 0.0804393

29 14 0.079317

30 14 0.0778818

31 14 0.0761392

32 14 0.0740961

33 14 0.0717605

34 14 0.0691418

35 14 0.0662502

36 14 0.0630971

37 14 0.0596951

38 14 0.0560574

39 14 0.0521985

40 14 0.0481336

41 14 0.0438787

42 14 0.0394507

43 14 0.034867

44 14 0.0301456

45 14 0.0253053

46 14 0.0203652

47 14 0.0153446

48 14 0.0102635

49 14 0.0051419

50 14 0

0 15 0

1 15 0.00539885

2 15 0.0107764

3 15 0.0161114

4 15 0.0213828

5 15 0.0265699

6 15 0.0316521

7 15 0.0366093

8 15 0.0414221

9 15 0.0460714

10 15 0.0505389

11 15 0.0548069

12 15 0.0588587

13 15 0.0626781

14 15 0.0662502

15 15 0.0695608

16 15 0.0725969

17 15 0.0753465

18 15 0.0777988

19 15 0.079944

20 15 0.0817737

21 15 0.0832806

22 15 0.0844589

23 15 0.0853039

24 15 0.0858122

25 15 0.0859819

26 15 0.0858122

27 15 0.0853039

28 15 0.0844589

29 15 0.0832806

30 15 0.0817737

31 15 0.079944

32 15 0.0777988

33 15 0.0753465

34 15 0.0725969

35 15 0.0695608

36 15 0.0662502

37 15 0.0626781

38 15 0.0588587

39 15 0.0548069

40 15 0.0505389

41 15 0.0460714

42 15 0.0414221

43 15 0.0366093

44 15 0.0316521

45 15 0.0265699

46 15 0.0213828

47 15 0.0161114

48 15 0.0107764

49 15 0.00539885

50 15 0

0 16 0

1 16 0.00563449

2 16 0.0112467

3 16 0.0168146

4 16 0.0223161

5 16 0.0277296

6 16 0.0330336

7 16 0.0382072

8 16 0.04323

9 16 0.0480823

10 16 0.0527448

11 16 0.0571991

12 16 0.0614277

13 16 0.0654138

14 16 0.0691418

15 16 0.0725969

16 16 0.0757655

17 16 0.0786351

18 16 0.0811944

19 16 0.0834332

20 16 0.0853428

21 16 0.0869156

22 16 0.0881453

23 16 0.0890271

24 16 0.0895577

25 16 0.0897347

26 16 0.0895577

27 16 0.0890271

28 16 0.0881453

29 16 0.0869156

30 16 0.0853428

31 16 0.0834332

32 16 0.0811944

33 16 0.0786351

34 16 0.0757655

35 16 0.0725969

36 16 0.0691418

37 16 0.0654138

38 16 0.0614277

39 16 0.0571991

40 16 0.0527448

41 16 0.0480823

42 16 0.04323

43 16 0.0382072

44 16 0.0330336

45 16 0.0277296

46 16 0.0223161

47 16 0.0168146

48 16 0.0112467

49 16 0.00563449

50 16 0

0 17 0

1 17 0.0058479

2 17 0.0116727

3 17 0.0174515

4 17 0.0231613

5 17 0.0287798

6 17 0.0342847

7 17 0.0396543

8 17 0.0448674

9 17 0.0499034

10 17 0.0547424

11 17 0.0593655

12 17 0.0637542

13 17 0.0678913

14 17 0.0717605

15 17 0.0753465

16 17 0.0786351

17 17 0.0816134

18 17 0.0842696

19 17 0.0865933

20 17 0.0885751

21 17 0.0902075

22 17 0.0914838

23 17 0.092399

24 17 0.0929496

25 17 0.0931334

26 17 0.0929496

27 17 0.092399

28 17 0.0914838

29 17 0.0902075

30 17 0.0885751

31 17 0.0865933

32 17 0.0842696

33 17 0.0816134

34 17 0.0786351

35 17 0.0753465

36 17 0.0717605

37 17 0.0678913

38 17 0.0637542

39 17 0.0593655

40 17 0.0547424

41 17 0.0499034

42 17 0.0448674

43 17 0.0396543

44 17 0.0342847

45 17 0.0287798

46 17 0.0231613

47 17 0.0174515

48 17 0.0116727

49 17 0.0058479

50 17 0

0 18 0

1 18 0.00603822

2 18 0.0120526

3 18 0.0180194

4 18 0.0239152

5 18 0.0297165

6 18 0.0354005

7 18 0.0409449

8 18 0.0463276

9 18 0.0515275

10 18 0.0565241

11 18 0.0612976

12 18 0.0658292

13 18 0.0701009

14 18 0.0740961

15 18 0.0777988

16 18 0.0811944

17 18 0.0842696

18 18 0.0870123

19 18 0.0894115

20 18 0.0914579

21 18 0.0931434

22 18 0.0944612

23 18 0.0954063

24 18 0.0959748

25 18 0.0961645

26 18 0.0959748

27 18 0.0954063

28 18 0.0944612

29 18 0.0931434

30 18 0.0914579

31 18 0.0894115

32 18 0.0870123

33 18 0.0842696

34 18 0.0811944

35 18 0.0777988

36 18 0.0740961

37 18 0.0701009

38 18 0.0658292

39 18 0.0612976

40 18 0.0565241

41 18 0.0515275

42 18 0.0463276

43 18 0.0409449

44 18 0.0354005

45 18 0.0297165

46 18 0.0239152

47 18 0.0180194

48 18 0.0120526

49 18 0.00603822

50 18 0

0 19 0

1 19 0.00620472

2 19 0.0123849

3 19 0.0185163

4 19 0.0245746

5 19 0.0305359

6 19 0.0363767

7 19 0.0420739

8 19 0.047605

9 19 0.0529483

10 19 0.0580827

11 19 0.0629878

12 19 0.0676443

13 19 0.0720339

14 19 0.0761392

15 19 0.079944

16 19 0.0834332

17 19 0.0865933

18 19 0.0894115

19 19 0.0918769

20 19 0.0939798

21 19 0.0957117

22 19 0.0970659

23 19 0.098037

24 19 0.0986212

25 19 0.0988162

26 19 0.0986212

27 19 0.098037

28 19 0.0970659

29 19 0.0957117

30 19 0.0939798

31 19 0.0918769

32 19 0.0894115

33 19 0.0865933

34 19 0.0834332

35 19 0.079944

36 19 0.0761392

37 19 0.0720339

38 19 0.0676443

39 19 0.0629878

40 19 0.0580827

41 19 0.0529483

42 19 0.047605

43 19 0.0420739

44 19 0.0363767

45 19 0.0305359

46 19 0.0245746

47 19 0.0185163

48 19 0.0123849

49 19 0.00620472

50 19 0

0 20 0

1 20 0.00634673

2 20 0.0126684

3 20 0.0189401

4 20 0.025137

5 20 0.0312348

6 20 0.0372092

7 20 0.0430368

8 20 0.0486946

9 20 0.0541602

10 20 0.059412

11 20 0.0644294

12 20 0.0691925

13 20 0.0736825

14 20 0.0778818

15 20 0.0817737

16 20 0.0853428

17 20 0.0885751

18 20 0.0914579

19 20 0.0939798

20 20 0.0961307

21 20 0.0979022

22 20 0.0992874

23 20 0.100281

24 20 0.100878

25 20 0.101078

26 20 0.100878

27 20 0.100281

28 20 0.0992874

29 20 0.0979022

30 20 0.0961307

31 20 0.0939798

32 20 0.0914579

33 20 0.0885751

34 20 0.0853428

35 20 0.0817737

36 20 0.0778818

37 20 0.0736825

38 20 0.0691925

39 20 0.0644294

40 20 0.059412

41 20 0.0541602

42 20 0.0486946

43 20 0.0430368

44 20 0.0372092

45 20 0.0312348

46 20 0.025137

47 20 0.0189401

48 20 0.0126684

49 20 0.00634673

50 20 0

0 21 0

1 21 0.00646369

2 21 0.0129019

3 21 0.0192891

4 21 0.0256003

5 21 0.0318104

6 21 0.0378949

7 21 0.0438299

8 21 0.049592

9 21 0.0551583

10 21 0.0605069

11 21 0.0656168

12 21 0.0704676

13 21 0.0750404

14 21 0.079317

15 21 0.0832806

16 21 0.0869156

17 21 0.0902075

18 21 0.0931434

19 21 0.0957117

20 21 0.0979022

21 21 0.0997064

22 21 0.101117

23 21 0.102129

24 21 0.102737

25 21 0.102941

26 21 0.102737

27 21 0.102129

28 21 0.101117

29 21 0.0997064

30 21 0.0979022

31 21 0.0957117

32 21 0.0931434

33 21 0.0902075

34 21 0.0869156

35 21 0.0832806

36 21 0.079317

37 21 0.0750404

38 21 0.0704676

39 21 0.0656168

40 21 0.0605069

41 21 0.0551583

42 21 0.049592

43 21 0.0438299

44 21 0.0378949

45 21 0.0318104

46 21 0.0256003

47 21 0.0192891

48 21 0.0129019

49 21 0.00646369

50 21 0

0 22 0

1 22 0.00655514

2 22 0.0130844

3 22 0.019562

4 22 0.0259625

5 22 0.0322604

6 22 0.0384311

7 22 0.0444501

8 22 0.0502936

9 22 0.0559387

10 22 0.061363

11 22 0.0665451

12 22 0.0714646

13 22 0.0761021

14 22 0.0804393

15 22 0.0844589

16 22 0.0881453

17 22 0.0914838

18 22 0.0944612

19 22 0.0970659

20 22 0.0992874

21 22 0.101117

22 22 0.102548

23 22 0.103574

24 22 0.104191

25 22 0.104397

26 22 0.104191

27 22 0.103574

28 22 0.102548

29 22 0.101117

30 22 0.0992874

31 22 0.0970659

32 22 0.0944612

33 22 0.0914838

34 22 0.0881453

35 22 0.0844589

36 22 0.0804393

37 22 0.0761021

38 22 0.0714646

39 22 0.0665451

40 22 0.061363

41 22 0.0559387

42 22 0.0502936

43 22 0.0444501

44 22 0.0384311

45 22 0.0322604

46 22 0.0259625

47 22 0.019562

48 22 0.0130844

49 22 0.00655514

50 22 0

0 23 0

1 23 0.00662072

2 23 0.0132153

3 23 0.0197578

4 23 0.0262222

5 23 0.0325832

6 23 0.0388156

7 23 0.0448948

8 23 0.0507968

9 23 0.0564983

10 23 0.0619769

11 23 0.0672109

12 23 0.0721796

13 23 0.0768635

14 23 0.081244

15 23 0.0853039

16 23 0.0890271

17 23 0.092399

18 23 0.0954063

19 23 0.098037

20 23 0.100281

21 23 0.102129

22 23 0.103574

23 23 0.10461

24 23 0.105233

25 23 0.105441

26 23 0.105233

27 23 0.10461

28 23 0.103574

29 23 0.102129

30 23 0.100281

31 23 0.098037

32 23 0.0954063

33 23 0.092399

34 23 0.0890271

35 23 0.0853039

36 23 0.081244

37 23 0.0768635

38 23 0.0721796

39 23 0.0672109

40 23 0.0619769

41 23 0.0564983

42 23 0.0507968

43 23 0.0448948

44 23 0.0388156

45 23 0.0325832

46 23 0.0262222

47 23 0.0197578

48 23 0.0132153

49 23 0.00662072

50 23 0

0 24 0

1 24 0.00666018

2 24 0.0132941

3 24 0.0198755

4 24 0.0263785

5 24 0.0327774

6 24 0.0390469

7 24 0.0451623

8 24 0.0510995

9 24 0.056835

10 24 0.0623462

11 24 0.0676114

12 24 0.0726097

13 24 0.0773215

14 24 0.0817282

15 24 0.0858122

16 24 0.0895577

17 24 0.0929496

18 24 0.0959748

19 24 0.0986212

20 24 0.100878

21 24 0.102737

22 24 0.104191

23 24 0.105233

24 24 0.10586

25 24 0.10607

26 24 0.10586

27 24 0.105233

28 24 0.104191

29 24 0.102737

30 24 0.100878

31 24 0.0986212

32 24 0.0959748

33 24 0.0929496

34 24 0.0895577

35 24 0.0858122

36 24 0.0817282

37 24 0.0773215

38 24 0.0726097

39 24 0.0676114

40 24 0.0623462

41 24 0.056835

42 24 0.0510995

43 24 0.0451623

44 24 0.0390469

45 24 0.0327774

46 24 0.0263785

47 24 0.0198755

48 24 0.0132941

49 24 0.00666018

50 24 0

0 25 0

1 25 0.00667334

2 25 0.0133204

3 25 0.0199148

4 25 0.0264306

5 25 0.0328422

6 25 0.0391241

7 25 0.0452516

8 25 0.0512005

9 25 0.0569474

10 25 0.0624695

11 25 0.0677451

12 25 0.0727533

13 25 0.0774744

14 25 0.0818897

15 25 0.0859819

16 25 0.0897347

17 25 0.0931334

18 25 0.0961645

19 25 0.0988162

20 25 0.101078

21 25 0.102941

22 25 0.104397

23 25 0.105441

24 25 0.10607

25 25 0.106279

26 25 0.10607

27 25 0.105441

28 25 0.104397

29 25 0.102941

30 25 0.101078

31 25 0.0988162

32 25 0.0961645

33 25 0.0931334

34 25 0.0897347

35 25 0.0859819

36 25 0.0818897

37 25 0.0774744

38 25 0.0727533

39 25 0.0677451

40 25 0.0624695

41 25 0.0569474

42 25 0.0512005

43 25 0.0452516

44 25 0.0391241

45 25 0.0328422

46 25 0.0264306

47 25 0.0199148

48 25 0.0133204

49 25 0.00667334

50 25 0

0 26 0

1 26 0.00666018

2 26 0.0132941

3 26 0.0198755

4 26 0.0263785

5 26 0.0327774

6 26 0.0390469

7 26 0.0451623

8 26 0.0510995

9 26 0.056835

10 26 0.0623462

11 26 0.0676114

12 26 0.0726097

13 26 0.0773215

14 26 0.0817282

15 26 0.0858122

16 26 0.0895577

17 26 0.0929496

18 26 0.0959748

19 26 0.0986212

20 26 0.100878

21 26 0.102737

22 26 0.104191

23 26 0.105233

24 26 0.10586

25 26 0.10607

26 26 0.10586

27 26 0.105233

28 26 0.104191

29 26 0.102737

30 26 0.100878

31 26 0.0986212

32 26 0.0959748

33 26 0.0929496

34 26 0.0895577

35 26 0.0858122

36 26 0.0817282

37 26 0.0773215

38 26 0.0726097

39 26 0.0676114

40 26 0.0623462

41 26 0.056835

42 26 0.0510995

43 26 0.0451623

44 26 0.0390469

45 26 0.0327774

46 26 0.0263785

47 26 0.0198755

48 26 0.0132941

49 26 0.00666018

50 26 0

0 27 0

1 27 0.00662072

2 27 0.0132153

3 27 0.0197578

4 27 0.0262222

5 27 0.0325832

6 27 0.0388156

7 27 0.0448948

8 27 0.0507968

9 27 0.0564983

10 27 0.0619769

11 27 0.0672109

12 27 0.0721796

13 27 0.0768635

14 27 0.081244

15 27 0.0853039

16 27 0.0890271

17 27 0.092399

18 27 0.0954063

19 27 0.098037

20 27 0.100281

21 27 0.102129

22 27 0.103574

23 27 0.10461

24 27 0.105233

25 27 0.105441

26 27 0.105233

27 27 0.10461

28 27 0.103574

29 27 0.102129

30 27 0.100281

31 27 0.098037

32 27 0.0954063

33 27 0.092399

34 27 0.0890271

35 27 0.0853039

36 27 0.081244

37 27 0.0768635

38 27 0.0721796

39 27 0.0672109

40 27 0.0619769

41 27 0.0564983

42 27 0.0507968

43 27 0.0448948

44 27 0.0388156

45 27 0.0325832

46 27 0.0262222

47 27 0.0197578

48 27 0.0132153

49 27 0.00662072

50 27 0

0 28 0

1 28 0.00655514

2 28 0.0130844

3 28 0.019562

4 28 0.0259625

5 28 0.0322604

6 28 0.0384311

7 28 0.0444501

8 28 0.0502936

9 28 0.0559387

10 28 0.061363

11 28 0.0665451

12 28 0.0714646

13 28 0.0761021

14 28 0.0804393

15 28 0.0844589

16 28 0.0881453

17 28 0.0914838

18 28 0.0944612

19 28 0.0970659

20 28 0.0992874

21 28 0.101117

22 28 0.102548

23 28 0.103574

24 28 0.104191

25 28 0.104397

26 28 0.104191

27 28 0.103574

28 28 0.102548

29 28 0.101117

30 28 0.0992874

31 28 0.0970659

32 28 0.0944612

33 28 0.0914838

34 28 0.0881453

35 28 0.0844589

36 28 0.0804393

37 28 0.0761021

38 28 0.0714646

39 28 0.0665451

40 28 0.061363

41 28 0.0559387

42 28 0.0502936

43 28 0.0444501

44 28 0.0384311

45 28 0.0322604

46 28 0.0259625

47 28 0.019562

48 28 0.0130844

49 28 0.00655514

50 28 0

0 29 0

1 29 0.00646369

2 29 0.0129019

3 29 0.0192891

4 29 0.0256003

5 29 0.0318104

6 29 0.0378949

7 29 0.0438299

8 29 0.049592

9 29 0.0551583

10 29 0.0605069

11 29 0.0656168

12 29 0.0704676

13 29 0.0750404

14 29 0.079317

15 29 0.0832806

16 29 0.0869156

17 29 0.0902075

18 29 0.0931434

19 29 0.0957117

20 29 0.0979022

21 29 0.0997064

22 29 0.101117

23 29 0.102129

24 29 0.102737

25 29 0.102941

26 29 0.102737

27 29 0.102129

28 29 0.101117

29 29 0.0997064

30 29 0.0979022

31 29 0.0957117

32 29 0.0931434

33 29 0.0902075

34 29 0.0869156

35 29 0.0832806

36 29 0.079317

37 29 0.0750404

38 29 0.0704676

39 29 0.0656168

40 29 0.0605069

41 29 0.0551583

42 29 0.049592

43 29 0.0438299

44 29 0.0378949

45 29 0.0318104

46 29 0.0256003

47 29 0.0192891

48 29 0.0129019

49 29 0.00646369

50 29 0

0 30 0

1 30 0.00634673

2 30 0.0126684

3 30 0.0189401

4 30 0.025137

5 30 0.0312348

6 30 0.0372092

7 30 0.0430368

8 30 0.0486946

9 30 0.0541602

10 30 0.059412

11 30 0.0644294

12 30 0.0691925

13 30 0.0736825

14 30 0.0778818

15 30 0.0817737

16 30 0.0853428

17 30 0.0885751

18 30 0.0914579

19 30 0.0939798

20 30 0.0961307

21 30 0.0979022

22 30 0.0992874

23 30 0.100281

24 30 0.100878

25 30 0.101078

26 30 0.100878

27 30 0.100281

28 30 0.0992874

29 30 0.0979022

30 30 0.0961307

31 30 0.0939798

32 30 0.0914579

33 30 0.0885751

34 30 0.0853428

35 30 0.0817737

36 30 0.0778818

37 30 0.0736825

38 30 0.0691925

39 30 0.0644294

40 30 0.059412

41 30 0.0541602

42 30 0.0486946

43 30 0.0430368

44 30 0.0372092

45 30 0.0312348

46 30 0.025137

47 30 0.0189401

48 30 0.0126684

49 30 0.00634673

50 30 0

0 31 0

1 31 0.00620472

2 31 0.0123849

3 31 0.0185163

4 31 0.0245746

5 31 0.0305359

6 31 0.0363767

7 31 0.0420739

8 31 0.047605

9 31 0.0529483

10 31 0.0580827

11 31 0.0629878

12 31 0.0676443

13 31 0.0720339

14 31 0.0761392

15 31 0.079944

16 31 0.0834332

17 31 0.0865933

18 31 0.0894115

19 31 0.0918769

20 31 0.0939798

21 31 0.0957117

22 31 0.0970659

23 31 0.098037

24 31 0.0986212

25 31 0.0988162

26 31 0.0986212

27 31 0.098037

28 31 0.0970659

29 31 0.0957117

30 31 0.0939798

31 31 0.0918769

32 31 0.0894115

33 31 0.0865933

34 31 0.0834332

35 31 0.079944

36 31 0.0761392

37 31 0.0720339

38 31 0.0676443

39 31 0.0629878

40 31 0.0580827

41 31 0.0529483

42 31 0.047605

43 31 0.0420739

44 31 0.0363767

45 31 0.0305359

46 31 0.0245746

47 31 0.0185163

48 31 0.0123849

49 31 0.00620472

50 31 0

0 32 0

1 32 0.00603822

2 32 0.0120526

3 32 0.0180194

4 32 0.0239152

5 32 0.0297165

6 32 0.0354005

7 32 0.0409449

8 32 0.0463276

9 32 0.0515275

10 32 0.0565241

11 32 0.0612976

12 32 0.0658292

13 32 0.0701009

14 32 0.0740961

15 32 0.0777988

16 32 0.0811944

17 32 0.0842696

18 32 0.0870123

19 32 0.0894115

20 32 0.0914579

21 32 0.0931434

22 32 0.0944612

23 32 0.0954063

24 32 0.0959748

25 32 0.0961645

26 32 0.0959748

27 32 0.0954063

28 32 0.0944612

29 32 0.0931434

30 32 0.0914579

31 32 0.0894115

32 32 0.0870123

33 32 0.0842696

34 32 0.0811944

35 32 0.0777988

36 32 0.0740961

37 32 0.0701009

38 32 0.0658292

39 32 0.0612976

40 32 0.0565241

41 32 0.0515275

42 32 0.0463276

43 32 0.0409449

44 32 0.0354005

45 32 0.0297165

46 32 0.0239152

47 32 0.0180194

48 32 0.0120526

49 32 0.00603822

50 32 0

0 33 0

1 33 0.0058479

2 33 0.0116727

3 33 0.0174515

4 33 0.0231613

5 33 0.0287798

6 33 0.0342847

7 33 0.0396543

8 33 0.0448674

9 33 0.0499034

10 33 0.0547424

11 33 0.0593655

12 33 0.0637542

13 33 0.0678913

14 33 0.0717605

15 33 0.0753465

16 33 0.0786351

17 33 0.0816134

18 33 0.0842696

19 33 0.0865933

20 33 0.0885751

21 33 0.0902075

22 33 0.0914838

23 33 0.092399

24 33 0.0929496

25 33 0.0931334

26 33 0.0929496

27 33 0.092399

28 33 0.0914838

29 33 0.0902075

30 33 0.0885751

31 33 0.0865933

32 33 0.0842696

33 33 0.0816134

34 33 0.0786351

35 33 0.0753465

36 33 0.0717605

37 33 0.0678913

38 33 0.0637542

39 33 0.0593655

40 33 0.0547424

41 33 0.0499034

42 33 0.0448674

43 33 0.0396543

44 33 0.0342847

45 33 0.0287798

46 33 0.0231613

47 33 0.0174515

48 33 0.0116727

49 33 0.0058479

50 33 0

0 34 0

1 34 0.00563449

2 34 0.0112467

3 34 0.0168146

4 34 0.0223161

5 34 0.0277296

6 34 0.0330336

7 34 0.0382072

8 34 0.04323

9 34 0.0480823

10 34 0.0527448

11 34 0.0571991

12 34 0.0614277

13 34 0.0654138

14 34 0.0691418

15 34 0.0725969

16 34 0.0757655

17 34 0.0786351

18 34 0.0811944

19 34 0.0834332

20 34 0.0853428

21 34 0.0869156

22 34 0.0881453

23 34 0.0890271

24 34 0.0895577

25 34 0.0897347

26 34 0.0895577

27 34 0.0890271

28 34 0.0881453

29 34 0.0869156

30 34 0.0853428

31 34 0.0834332

32 34 0.0811944

33 34 0.0786351

34 34 0.0757655

35 34 0.0725969

36 34 0.0691418

37 34 0.0654138

38 34 0.0614277

39 34 0.0571991

40 34 0.0527448

41 34 0.0480823

42 34 0.04323

43 34 0.0382072

44 34 0.0330336

45 34 0.0277296

46 34 0.0223161

47 34 0.0168146

48 34 0.0112467

49 34 0.00563449

50 34 0

0 35 0

1 35 0.00539885

2 35 0.0107764

3 35 0.0161114

4 35 0.0213828

5 35 0.0265699

6 35 0.0316521

7 35 0.0366093

8 35 0.0414221

9 35 0.0460714

10 35 0.0505389

11 35 0.0548069

12 35 0.0588587

13 35 0.0626781

14 35 0.0662502

15 35 0.0695608

16 35 0.0725969

17 35 0.0753465

18 35 0.0777988

19 35 0.079944

20 35 0.0817737

21 35 0.0832806

22 35 0.0844589

23 35 0.0853039

24 35 0.0858122

25 35 0.0859819

26 35 0.0858122

27 35 0.0853039

28 35 0.0844589

29 35 0.0832806

30 35 0.0817737

31 35 0.079944

32 35 0.0777988

33 35 0.0753465

34 35 0.0725969

35 35 0.0695608

36 35 0.0662502

37 35 0.0626781

38 35 0.0588587

39 35 0.0548069

40 35 0.0505389

41 35 0.0460714

42 35 0.0414221

43 35 0.0366093

44 35 0.0316521

45 35 0.0265699

46 35 0.0213828

47 35 0.0161114

48 35 0.0107764

49 35 0.00539885

50 35 0

0 36 0

1 36 0.0051419

2 36 0.0102635

3 36 0.0153446

4 36 0.0203652

5 36 0.0253053

6 36 0.0301456

7 36 0.034867

8 36 0.0394507

9 36 0.0438787

10 36 0.0481336

11 36 0.0521985

12 36 0.0560574

13 36 0.0596951

14 36 0.0630971

15 36 0.0662502

16 36 0.0691418

17 36 0.0717605

18 36 0.0740961

19 36 0.0761392

20 36 0.0778818

21 36 0.079317

22 36 0.0804393

23 36 0.081244

24 36 0.0817282

25 36 0.0818897

26 36 0.0817282

27 36 0.081244

28 36 0.0804393

29 36 0.079317

30 36 0.0778818

31 36 0.0761392

32 36 0.0740961

33 36 0.0717605

34 36 0.0691418

35 36 0.0662502

36 36 0.0630971

37 36 0.0596951

38 36 0.0560574

39 36 0.0521985

40 36 0.0481336

41 36 0.0438787

42 36 0.0394507

43 36 0.034867

44 36 0.0301456

45 36 0.0253053

46 36 0.0203652

47 36 0.0153446

48 36 0.0102635

49 36 0.0051419

50 36 0

0 37 0

1 37 0.00486466

2 37 0.00971012

3 37 0.0145173

4 37 0.0192671

5 37 0.0239409

6 37 0.0285202

7 37 0.032987

8 37 0.0373236

9 37 0.0415129

10 37 0.0455383

11 37 0.049384

12 37 0.0530349

13 37 0.0564764

14 37 0.0596951

15 37 0.0626781

16 37 0.0654138

17 37 0.0678913

18 37 0.0701009

19 37 0.0720339

20 37 0.0736825

21 37 0.0750404

22 37 0.0761021

23 37 0.0768635

24 37 0.0773215

25 37 0.0774744

26 37 0.0773215

27 37 0.0768635

28 37 0.0761021

29 37 0.0750404

30 37 0.0736825

31 37 0.0720339

32 37 0.0701009

33 37 0.0678913

34 37 0.0654138

35 37 0.0626781

36 37 0.0596951

37 37 0.0564764

38 37 0.0530349

39 37 0.049384

40 37 0.0455383

41 37 0.0415129

42 37 0.0373236

43 37 0.032987

44 37 0.0285202

45 37 0.0239409

46 37 0.0192671

47 37 0.0145173

48 37 0.00971012

49 37 0.00486466

50 37 0

0 38 0

1 38 0.00456822

2 38 0.00911841

3 38 0.0136326

4 38 0.018093

5 38 0.022482

6 38 0.0267823

7 38 0.0309769

8 38 0.0350492

9 38 0.0389832

10 38 0.0427633

11 38 0.0463747

12 38 0.0498031

13 38 0.0530349

14 38 0.0560574

15 38 0.0588587

16 38 0.0614277

17 38 0.0637542

18 38 0.0658292

19 38 0.0676443

20 38 0.0691925

21 38 0.0704676

22 38 0.0714646

23 38 0.0721796

24 38 0.0726097

25 38 0.0727533

26 38 0.0726097

27 38 0.0721796

28 38 0.0714646

29 38 0.0704676

30 38 0.0691925

31 38 0.0676443

32 38 0.0658292

33 38 0.0637542

34 38 0.0614277

35 38 0.0588587

36 38 0.0560574

37 38 0.0530349

38 38 0.0498031

39 38 0.0463747

40 38 0.0427633

41 38 0.0389832

42 38 0.0350492

43 38 0.0309769

44 38 0.0267823

45 38 0.022482

46 38 0.018093

47 38 0.0136326

48 38 0.00911841

49 38 0.00456822

50 38 0

0 39 0

1 39 0.00425375

2 39 0.00849071

3 39 0.0126942

4 39 0.0168475

5 39 0.0209344

6 39 0.0249386

7 39 0.0288445

8 39 0.0326364

9 39 0.0362996

10 39 0.0398196

11 39 0.0431823

12 39 0.0463747

13 39 0.049384

14 39 0.0521985

15 39 0.0548069

16 39 0.0571991

17 39 0.0593655

18 39 0.0612976

19 39 0.0629878

20 39 0.0644294

21 39 0.0656168

22 39 0.0665451

23 39 0.0672109

24 39 0.0676114

25 39 0.0677451

26 39 0.0676114

27 39 0.0672109

28 39 0.0665451

29 39 0.0656168

30 39 0.0644294

31 39 0.0629878

32 39 0.0612976

33 39 0.0593655

34 39 0.0571991

35 39 0.0548069

36 39 0.0521985

37 39 0.049384

38 39 0.0463747

39 39 0.0431823

40 39 0.0398196

41 39 0.0362996

42 39 0.0326364

43 39 0.0288445

44 39 0.0249386

45 39 0.0209344

46 39 0.0168475

47 39 0.0126942

48 39 0.00849071

49 39 0.00425375

50 39 0

0 40 0

1 40 0.00392249

2 40 0.00782951

3 40 0.0117056

4 40 0.0155355

5 40 0.0193041

6 40 0.0229966

7 40 0.0265982

8 40 0.0300949

9 40 0.0334728

10 40 0.0367187

11 40 0.0398196

12 40 0.0427633

13 40 0.0455383

14 40 0.0481336

15 40 0.0505389

16 40 0.0527448

17 40 0.0547424

18 40 0.0565241

19 40 0.0580827

20 40 0.059412

21 40 0.0605069

22 40 0.061363

23 40 0.0619769

24 40 0.0623462

25 40 0.0624695

26 40 0.0623462

27 40 0.0619769

28 40 0.061363

29 40 0.0605069

30 40 0.059412

31 40 0.0580827

32 40 0.0565241

33 40 0.0547424

34 40 0.0527448

35 40 0.0505389

36 40 0.0481336

37 40 0.0455383

38 40 0.0427633

39 40 0.0398196

40 40 0.0367187

41 40 0.0334728

42 40 0.0300949

43 40 0.0265982

44 40 0.0229966

45 40 0.0193041

46 40 0.0155355

47 40 0.0117056

48 40 0.00782951

49 40 0.00392249

50 40 0

0 41 0

1 41 0.00357576

2 41 0.0071374

3 41 0.0106709

4 41 0.0141622

5 41 0.0175977

6 41 0.0209637

7 41 0.024247

8 41 0.0274346

9 41 0.0305139

10 41 0.0334728

11 41 0.0362996

12 41 0.0389832

13 41 0.0415129

14 41 0.0438787

15 41 0.0460714

16 41 0.0480823

17 41 0.0499034

18 41 0.0515275

19 41 0.0529483

20 41 0.0541602

21 41 0.0551583

22 41 0.0559387

23 41 0.0564983

24 41 0.056835

25 41 0.0569474

26 41 0.056835

27 41 0.0564983

28 41 0.0559387

29 41 0.0551583

30 41 0.0541602

31 41 0.0529483

32 41 0.0515275

33 41 0.0499034

34 41 0.0480823

35 41 0.0460714

36 41 0.0438787

37 41 0.0415129

38 41 0.0389832

39 41 0.0362996

40 41 0.0334728

41 41 0.0305139

42 41 0.0274346

43 41 0.024247

44 41 0.0209637

45 41 0.0175977

46 41 0.0141622

47 41 0.0106709

48 41 0.0071374

49 41 0.00357576

50 41 0

0 42 0

1 42 0.00321491

2 42 0.00641713

3 42 0.00959402

4 42 0.0127331

5 42 0.0158218

6 42 0.0188482

7 42 0.0218001

8 42 0.024666

9 42 0.0274346

10 42 0.0300949

11 42 0.0326364

12 42 0.0350492

13 42 0.0373236

14 42 0.0394507

15 42 0.0414221

16 42 0.04323

17 42 0.0448674

18 42 0.0463276

19 42 0.047605

20 42 0.0486946

21 42 0.049592

22 42 0.0502936

23 42 0.0507968

24 42 0.0510995

25 42 0.0512005

26 42 0.0510995

27 42 0.0507968

28 42 0.0502936

29 42 0.049592

30 42 0.0486946

31 42 0.047605

32 42 0.0463276

33 42 0.0448674

34 42 0.04323

35 42 0.0414221

36 42 0.0394507

37 42 0.0373236

38 42 0.0350492

39 42 0.0326364

40 42 0.0300949

41 42 0.0274346

42 42 0.024666

43 42 0.0218001

44 42 0.0188482

45 42 0.0158218

46 42 0.0127331

47 42 0.00959402

48 42 0.00641713

49 42 0.00321491

50 42 0

0 43 0

1 43 0.00284137

2 43 0.00567153

3 43 0.0084793

4 43 0.0112536

5 43 0.0139835

6 43 0.0166582

7 43 0.0192672

8 43 0.0218001

9 43 0.024247

10 43 0.0265982

11 43 0.0288445

12 43 0.0309769

13 43 0.032987

14 43 0.034867

15 43 0.0366093

16 43 0.0382072

17 43 0.0396543

18 43 0.0409449

19 43 0.0420739

20 43 0.0430368

21 43 0.0438299

22 43 0.0444501

23 43 0.0448948

24 43 0.0451623

25 43 0.0452516

26 43 0.0451623

27 43 0.0448948

28 43 0.0444501

29 43 0.0438299

30 43 0.0430368

31 43 0.0420739

32 43 0.0409449

33 43 0.0396543

34 43 0.0382072

35 43 0.0366093

36 43 0.034867

37 43 0.032987

38 43 0.0309769

39 43 0.0288445

40 43 0.0265982

41 43 0.024247

42 43 0.0218001

43 43 0.0192672

44 43 0.0166582

45 43 0.0139835

46 43 0.0112536

47 43 0.0084793

48 43 0.00567153

49 43 0.00284137

50 43 0

0 44 0

1 44 0.00245662

2 44 0.00490355

3 44 0.00733112

4 44 0.00972976

5 44 0.01209

6 44 0.0144025

7 44 0.0166582

8 44 0.0188482

9 44 0.0209637

10 44 0.0229966

11 44 0.0249386

12 44 0.0267823

13 44 0.0285202

14 44 0.0301456

15 44 0.0316521

16 44 0.0330336

17 44 0.0342847

18 44 0.0354005

19 44 0.0363767

20 44 0.0372092

21 44 0.0378949

22 44 0.0384311

23 44 0.0388156

24 44 0.0390469

25 44 0.0391241

26 44 0.0390469

27 44 0.0388156

28 44 0.0384311

29 44 0.0378949

30 44 0.0372092

31 44 0.0363767

32 44 0.0354005

33 44 0.0342847

34 44 0.0330336

35 44 0.0316521

36 44 0.0301456

37 44 0.0285202

38 44 0.0267823

39 44 0.0249386

40 44 0.0229966

41 44 0.0209637

42 44 0.0188482

43 44 0.0166582

44 44 0.0144025

45 44 0.01209

46 44 0.00972976

47 44 0.00733112

48 44 0.00490355

49 44 0.00245662

50 44 0

0 45 0

1 45 0.00206218

2 45 0.00411621

3 45 0.00615401

4 45 0.00816751

5 45 0.0101488

6 45 0.01209

7 45 0.0139835

8 45 0.0158218

9 45 0.0175977

10 45 0.0193041

11 45 0.0209344

12 45 0.022482

13 45 0.0239409

14 45 0.0253053

15 45 0.0265699

16 45 0.0277296

17 45 0.0287798

18 45 0.0297165

19 45 0.0305359

20 45 0.0312348

21 45 0.0318104

22 45 0.0322604

23 45 0.0325832

24 45 0.0327774

25 45 0.0328422

26 45 0.0327774

27 45 0.0325832

28 45 0.0322604

29 45 0.0318104

30 45 0.0312348

31 45 0.0305359

32 45 0.0297165

33 45 0.0287798

34 45 0.0277296

35 45 0.0265699

36 45 0.0253053

37 45 0.0239409

38 45 0.022482

39 45 0.0209344

40 45 0.0193041

41 45 0.0175977

42 45 0.0158218

43 45 0.0139835

44 45 0.01209

45 45 0.0101488

46 45 0.00816751

47 45 0.00615401

48 45 0.00411621

49 45 0.00206218

50 45 0

0 46 0

1 46 0.00165959

2 46 0.00331264

3 46 0.00495261

4 46 0.00657303

5 46 0.00816751

6 46 0.00972976

7 46 0.0112536

8 46 0.0127331

9 46 0.0141622

10 46 0.0155355

11 46 0.0168475

12 46 0.018093

13 46 0.0192671

14 46 0.0203652

15 46 0.0213828

16 46 0.0223161

17 46 0.0231613

18 46 0.0239152

19 46 0.0245746

20 46 0.025137

21 46 0.0256003

22 46 0.0259625

23 46 0.0262222

24 46 0.0263785

25 46 0.0264306

26 46 0.0263785

27 46 0.0262222

28 46 0.0259625

29 46 0.0256003

30 46 0.025137

31 46 0.0245746

32 46 0.0239152

33 46 0.0231613

34 46 0.0223161

35 46 0.0213828

36 46 0.0203652

37 46 0.0192671

38 46 0.018093

39 46 0.0168475

40 46 0.0155355

41 46 0.0141622

42 46 0.0127331

43 46 0.0112536

44 46 0.00972976

45 46 0.00816751

46 46 0.00657303

47 46 0.00495261

48 46 0.00331264

49 46 0.00165959

50 46 0

0 47 0

1 47 0.00125046

2 47 0.00249598

3 47 0.00373166

4 47 0.00495261

5 47 0.00615401

6 47 0.00733112

7 47 0.0084793

8 47 0.00959402

9 47 0.0106709

10 47 0.0117056

11 47 0.0126942

12 47 0.0136326

13 47 0.0145173

14 47 0.0153446

15 47 0.0161114

16 47 0.0168146

17 47 0.0174515

18 47 0.0180194

19 47 0.0185163

20 47 0.0189401

21 47 0.0192891

22 47 0.019562

23 47 0.0197578

24 47 0.0198755

25 47 0.0199148

26 47 0.0198755

27 47 0.0197578

28 47 0.019562

29 47 0.0192891

30 47 0.0189401

31 47 0.0185163

32 47 0.0180194

33 47 0.0174515

34 47 0.0168146

35 47 0.0161114

36 47 0.0153446

37 47 0.0145173

38 47 0.0136326

39 47 0.0126942

40 47 0.0117056

41 47 0.0106709

42 47 0.00959402

43 47 0.0084793

44 47 0.00733112

45 47 0.00615401

46 47 0.00495261

47 47 0.00373166

48 47 0.00249598

49 47 0.00125046

50 47 0

0 48 0

1 48 0.000836392

2 48 0.00166948

3 48 0.00249598

4 48 0.00331264

5 48 0.00411621

6 48 0.00490355

7 48 0.00567153

8 48 0.00641713

9 48 0.0071374

10 48 0.00782951

11 48 0.00849071

12 48 0.00911841

13 48 0.00971012

14 48 0.0102635

15 48 0.0107764

16 48 0.0112467

17 48 0.0116727

18 48 0.0120526

19 48 0.0123849

20 48 0.0126684

21 48 0.0129019

22 48 0.0130844

23 48 0.0132153

24 48 0.0132941

25 48 0.0133204

26 48 0.0132941

27 48 0.0132153

28 48 0.0130844

29 48 0.0129019

30 48 0.0126684

31 48 0.0123849

32 48 0.0120526

33 48 0.0116727

34 48 0.0112467

35 48 0.0107764

36 48 0.0102635

37 48 0.00971012

38 48 0.00911841

39 48 0.00849071

40 48 0.00782951

41 48 0.0071374

42 48 0.00641713

43 48 0.00567153

44 48 0.00490355

45 48 0.00411621

46 48 0.00331264

47 48 0.00249598

48 48 0.00166948

49 48 0.000836392

50 48 0

0 49 0

1 49 0.000419023

2 49 0.000836392

3 49 0.00125046

4 49 0.00165959

5 49 0.00206218

