0 1 0

1 1 0.0001903

2 1 0.000379848

3 1 0.000567898

4 1 0.000753706

5 1 0.00093654

6 1 0.00111568

7 1 0.00129041

8 1 0.00146005

9 1 0.00162393

10 1 0.00178141

11 1 0.00193185

12 1 0.00207466

13 1 0.00220929

14 1 0.0023352

15 1 0.00245189

16 1 0.00255891

17 1 0.00265583

18 1 0.00274227

19 1 0.00281788

20 1 0.00288237

21 1 0.00293549

22 1 0.00297703

23 1 0.00300681

24 1 0.00302473

25 1 0.00303071

26 1 0.00302473

27 1 0.00300681

28 1 0.00297703

29 1 0.00293549

30 1 0.00288237

31 1 0.00281788

32 1 0.00274227

33 1 0.00265583

34 1 0.00255891

35 1 0.00245189

36 1 0.0023352

37 1 0.00220929

38 1 0.00207466

39 1 0.00193185

40 1 0.00178141

41 1 0.00162393

42 1 0.00146005

43 1 0.00129041

44 1 0.00111568

45 1 0.00093654

46 1 0.000753706

47 1 0.000567898

48 1 0.000379848

49 1 0.0001903

50 1 0

0 2 0

1 2 0.000379848

2 2 0.000758198

3 2 0.00113355

4 2 0.00150444

5 2 0.00186938

6 2 0.00222695

7 2 0.00257573

8 2 0.00291435

9 2 0.00324146

10 2 0.00355578

11 2 0.00385607

12 2 0.00414114

13 2 0.00440986

14 2 0.00466118

15 2 0.00489411

16 2 0.00510772

17 2 0.00530118

18 2 0.00547371

19 2 0.00562464

20 2 0.00575337

21 2 0.0058594

22 2 0.0059423

23 2 0.00600175

24 2 0.00603752

25 2 0.00604945

26 2 0.00603752

27 2 0.00600175

28 2 0.0059423

29 2 0.0058594

30 2 0.00575337

31 2 0.00562464

32 2 0.00547371

33 2 0.00530118

34 2 0.00510772

35 2 0.00489411

36 2 0.00466118

37 2 0.00440986

38 2 0.00414114

39 2 0.00385607

40 2 0.00355578

41 2 0.00324146

42 2 0.00291435

43 2 0.00257573

44 2 0.00222695

45 2 0.00186938

46 2 0.00150444

47 2 0.00113355

48 2 0.000758198

49 2 0.000379848

50 2 0

0 3 0

1 3 0.000567898

2 3 0.00113355

3 3 0.00169474

4 3 0.00224923

5 3 0.00279485

6 3 0.00332944

7 3 0.00385089

8 3 0.00435714

9 3 0.00484619

10 3 0.00531612

11 3 0.00576507

12 3 0.00619127

13 3 0.00659303

14 3 0.00696877

15 3 0.00731701

16 3 0.00763638

17 3 0.0079256

18 3 0.00818355

19 3 0.0084092

20 3 0.00860166

21 3 0.00876018

22 3 0.00888413

23 3 0.00897301

24 3 0.00902648

25 3 0.00904433

26 3 0.00902648

27 3 0.00897301

28 3 0.00888413

29 3 0.00876018

30 3 0.00860166

31 3 0.0084092

32 3 0.00818355

33 3 0.0079256

34 3 0.00763638

35 3 0.00731701

36 3 0.00696877

37 3 0.00659303

38 3 0.00619127

39 3 0.00576507

40 3 0.00531612

41 3 0.00484619

42 3 0.00435714

43 3 0.00385089

44 3 0.00332944

45 3 0.00279485

46 3 0.00224923

47 3 0.00169474

48 3 0.00113355

49 3 0.000567898

50 3 0

0 4 0

1 4 0.000753706

2 4 0.00150444

3 4 0.00224923

4 4 0.00298515

5 4 0.00370929

6 4 0.00441878

7 4 0.00511084

8 4 0.00578273

9 4 0.0064318

10 4 0.00705548

11 4 0.00765132

12 4 0.00821696

13 4 0.00875018

14 4 0.00924886

15 4 0.00971104

16 4 0.0101349

17 4 0.0105188

18 4 0.0108611

19 4 0.0111606

20 4 0.011416

21 4 0.0116264

22 4 0.0117909

23 4 0.0119089

24 4 0.0119798

25 4 0.0120035

26 4 0.0119798

27 4 0.0119089

28 4 0.0117909

29 4 0.0116264

30 4 0.011416

31 4 0.0111606

32 4 0.0108611

33 4 0.0105188

34 4 0.0101349

35 4 0.00971104

36 4 0.00924886

37 4 0.00875018

38 4 0.00821696

39 4 0.00765132

40 4 0.00705548

41 4 0.0064318

42 4 0.00578273

43 4 0.00511084

44 4 0.00441878

45 4 0.00370929

46 4 0.00298515

47 4 0.00224923

48 4 0.00150444

49 4 0.000753706

50 4 0

0 5 0

1 5 0.00093654

2 5 0.00186938

3 5 0.00279485

4 5 0.00370929

5 5 0.00460908

6 5 0.00549069

7 5 0.00635063

8 5 0.00718551

9 5 0.00799202

10 5 0.008767

11 5 0.00950738

12 5 0.0102102

13 5 0.0108728

14 5 0.0114924

15 5 0.0120667

16 5 0.0125934

17 5 0.0130704

18 5 0.0134958

19 5 0.0138679

20 5 0.0141853

21 5 0.0144467

22 5 0.0146511

23 5 0.0147977

24 5 0.0148859

25 5 0.0149153

26 5 0.0148859

27 5 0.0147977

28 5 0.0146511

29 5 0.0144467

30 5 0.0141853

31 5 0.0138679

32 5 0.0134958

33 5 0.0130704

34 5 0.0125934

35 5 0.0120667

36 5 0.0114924

37 5 0.0108728

38 5 0.0102102

39 5 0.00950738

40 5 0.008767

41 5 0.00799202

42 5 0.00718551

43 5 0.00635063

44 5 0.00549069

45 5 0.00460908

46 5 0.00370929

47 5 0.00279485

48 5 0.00186938

49 5 0.00093654

50 5 0

0 6 0

1 6 0.00111568

2 6 0.00222695

3 6 0.00332944

4 6 0.00441878

5 6 0.00549069

6 6 0.00654093

7 6 0.00756535

8 6 0.00855992

9 6 0.00952071

10 6 0.0104439

11 6 0.0113259

12 6 0.0121632

13 6 0.0129525

14 6 0.0136907

15 6 0.0143748

16 6 0.0150022

17 6 0.0155704

18 6 0.0160772

19 6 0.0165205

20 6 0.0168986

21 6 0.01721

22 6 0.0174535

23 6 0.0176281

24 6 0.0177332

25 6 0.0177683

26 6 0.0177332

27 6 0.0176281

28 6 0.0174535

29 6 0.01721

30 6 0.0168986

31 6 0.0165205

32 6 0.0160772

33 6 0.0155704

34 6 0.0150022

35 6 0.0143748

36 6 0.0136907

37 6 0.0129525

38 6 0.0121632

39 6 0.0113259

40 6 0.0104439

41 6 0.00952071

42 6 0.00855992

43 6 0.00756535

44 6 0.00654093

45 6 0.00549069

46 6 0.00441878

47 6 0.00332944

48 6 0.00222695

49 6 0.00111568

50 6 0

0 7 0

1 7 0.00129041

2 7 0.00257573

3 7 0.00385089

4 7 0.00511084

5 7 0.00635063

6 7 0.00756535

7 7 0.00875022

8 7 0.00990055

9 7 0.0110118

10 7 0.0120796

11 7 0.0130997

12 7 0.0140682

13 7 0.0149811

14 7 0.0158349

15 7 0.0166262

16 7 0.0173518

17 7 0.018009

18 7 0.0185952

19 7 0.0191079

20 7 0.0195452

21 7 0.0199054

22 7 0.0201871

23 7 0.020389

24 7 0.0205105

25 7 0.0205511

26 7 0.0205105

27 7 0.020389

28 7 0.0201871

29 7 0.0199054

30 7 0.0195452

31 7 0.0191079

32 7 0.0185952

33 7 0.018009

34 7 0.0173518

35 7 0.0166262

36 7 0.0158349

37 7 0.0149811

38 7 0.0140682

39 7 0.0130997

40 7 0.0120796

41 7 0.0110118

42 7 0.00990055

43 7 0.00875022

44 7 0.00756535

45 7 0.00635063

46 7 0.00511084

47 7 0.00385089

48 7 0.00257573

49 7 0.00129041

50 7 0

0 8 0

1 8 0.00146005

2 8 0.00291435

3 8 0.00435714

4 8 0.00578273

5 8 0.00718551

6 8 0.00855992

7 8 0.00990055

8 8 0.0112021

9 8 0.0124595

10 8 0.0136676

11 8 0.0148219

12 8 0.0159176

13 8 0.0169505

14 8 0.0179166

15 8 0.0188119

16 8 0.019633

17 8 0.0203766

18 8 0.0210397

19 8 0.0216199

20 8 0.0221147

21 8 0.0225223

22 8 0.0228409

23 8 0.0230694

24 8 0.0232069

25 8 0.0232528

26 8 0.0232069

27 8 0.0230694

28 8 0.0228409

29 8 0.0225223

30 8 0.0221147

31 8 0.0216199

32 8 0.0210397

33 8 0.0203766

34 8 0.019633

35 8 0.0188119

36 8 0.0179166

37 8 0.0169505

38 8 0.0159176

39 8 0.0148219

40 8 0.0136676

41 8 0.0124595

42 8 0.0112021

43 8 0.00990055

44 8 0.00855992

45 8 0.00718551

46 8 0.00578273

47 8 0.00435714

48 8 0.00291435

49 8 0.00146005

50 8 0

0 9 0

1 9 0.00162393

2 9 0.00324146

3 9 0.00484619

4 9 0.0064318

5 9 0.00799202

6 9 0.00952071

7 9 0.0110118

8 9 0.0124595

9 9 0.0138579

10 9 0.0152017

11 9 0.0164855

12 9 0.0177043

13 9 0.0188531

14 9 0.0199276

15 9 0.0209234

16 9 0.0218366

17 9 0.0226637

18 9 0.0234013

19 9 0.0240466

20 9 0.0245969

21 9 0.0250502

22 9 0.0254046

23 9 0.0256588

24 9 0.0258117

25 9 0.0258627

26 9 0.0258117

27 9 0.0256588

28 9 0.0254046

29 9 0.0250502

30 9 0.0245969

31 9 0.0240466

32 9 0.0234013

33 9 0.0226637

34 9 0.0218366

35 9 0.0209234

36 9 0.0199276

37 9 0.0188531

38 9 0.0177043

39 9 0.0164855

40 9 0.0152017

41 9 0.0138579

42 9 0.0124595

43 9 0.0110118

44 9 0.00952071

45 9 0.00799202

46 9 0.0064318

47 9 0.00484619

48 9 0.00324146

49 9 0.00162393

50 9 0

0 10 0

1 10 0.00178141

2 10 0.00355578

3 10 0.00531612

4 10 0.00705548

5 10 0.008767

6 10 0.0104439

7 10 0.0120796

8 10 0.0136676

9 10 0.0152017

10 10 0.0166758

11 10 0.0180841

12 10 0.019421

13 10 0.0206813

14 10 0.0218599

15 10 0.0229523

16 10 0.0239541

17 10 0.0248614

18 10 0.0256705

19 10 0.0263783

20 10 0.026982

21 10 0.0274793

22 10 0.0278681

23 10 0.0281469

24 10 0.0283146

25 10 0.0283706

26 10 0.0283146

27 10 0.0281469

28 10 0.0278681

29 10 0.0274793

30 10 0.026982

31 10 0.0263783

32 10 0.0256705

33 10 0.0248614

34 10 0.0239541

35 10 0.0229523

36 10 0.0218599

37 10 0.0206813

38 10 0.019421

39 10 0.0180841

40 10 0.0166758

41 10 0.0152017

42 10 0.0136676

43 10 0.0120796

44 10 0.0104439

45 10 0.008767

46 10 0.00705548

47 10 0.00531612

48 10 0.00355578

49 10 0.00178141

50 10 0

0 11 0

1 11 0.00193185

2 11 0.00385607

3 11 0.00576507

4 11 0.00765132

5 11 0.00950738

6 11 0.0113259

7 11 0.0130997

8 11 0.0148219

9 11 0.0164855

10 11 0.0180841

11 11 0.0196113

12 11 0.0210611

13 11 0.0224278

14 11 0.023706

15 11 0.0248906

16 11 0.025977

17 11 0.0269609

18 11 0.0278384

19 11 0.028606

20 11 0.0292607

21 11 0.0297999

22 11 0.0302216

23 11 0.0305239

24 11 0.0307058

25 11 0.0307665

26 11 0.0307058

27 11 0.0305239

28 11 0.0302216

29 11 0.0297999

30 11 0.0292607

31 11 0.028606

32 11 0.0278384

33 11 0.0269609

34 11 0.025977

35 11 0.0248906

36 11 0.023706

37 11 0.0224278

38 11 0.0210611

39 11 0.0196113

40 11 0.0180841

41 11 0.0164855

42 11 0.0148219

43 11 0.0130997

44 11 0.0113259

45 11 0.00950738

46 11 0.00765132

47 11 0.00576507

48 11 0.00385607

49 11 0.00193185

50 11 0

0 12 0

1 12 0.00207466

2 12 0.00414114

3 12 0.00619127

4 12 0.00821696

5 12 0.0102102

6 12 0.0121632

7 12 0.0140682

8 12 0.0159176

9 12 0.0177043

10 12 0.019421

11 12 0.0210611

12 12 0.0226181

13 12 0.0240859

14 12 0.0254585

15 12 0.0267307

16 12 0.0278974

17 12 0.0289541

18 12 0.0298964

19 12 0.0307207

20 12 0.0314239

21 12 0.032003

22 12 0.0324558

23 12 0.0327805

24 12 0.0329758

25 12 0.033041

26 12 0.0329758

27 12 0.0327805

28 12 0.0324558

29 12 0.032003

30 12 0.0314239

31 12 0.0307207

32 12 0.0298964

33 12 0.0289541

34 12 0.0278974

35 12 0.0267307

36 12 0.0254585

37 12 0.0240859

38 12 0.0226181

39 12 0.0210611

40 12 0.019421

41 12 0.0177043

42 12 0.0159176

43 12 0.0140682

44 12 0.0121632

45 12 0.0102102

46 12 0.00821696

47 12 0.00619127

48 12 0.00414114

49 12 0.00207466

50 12 0

0 13 0

1 13 0.00220929

2 13 0.00440986

3 13 0.00659303

4 13 0.00875018

5 13 0.0108728

6 13 0.0129525

7 13 0.0149811

8 13 0.0169505

9 13 0.0188531

10 13 0.0206813

11 13 0.0224278

12 13 0.0240859

13 13 0.0256488

14 13 0.0271106

15 13 0.0284653

16 13 0.0297078

17 13 0.0308329

18 13 0.0318364

19 13 0.0327143

20 13 0.033463

21 13 0.0340797

22 13 0.0345619

23 13 0.0349077

24 13 0.0351157

25 13 0.0351851

26 13 0.0351157

27 13 0.0349077

28 13 0.0345619

29 13 0.0340797

30 13 0.033463

31 13 0.0327143

32 13 0.0318364

33 13 0.0308329

34 13 0.0297078

35 13 0.0284653

36 13 0.0271106

37 13 0.0256488

38 13 0.0240859

39 13 0.0224278

40 13 0.0206813

41 13 0.0188531

42 13 0.0169505

43 13 0.0149811

44 13 0.0129525

45 13 0.0108728

46 13 0.00875018

47 13 0.00659303

48 13 0.00440986

49 13 0.00220929

50 13 0

0 14 0

1 14 0.0023352

2 14 0.00466118

3 14 0.00696877

4 14 0.00924886

5 14 0.0114924

6 14 0.0136907

7 14 0.0158349

8 14 0.0179166

9 14 0.0199276

10 14 0.0218599

11 14 0.023706

12 14 0.0254585

13 14 0.0271106

14 14 0.0286556

15 14 0.0300876

16 14 0.0314008

17 14 0.0325901

18 14 0.0336508

19 14 0.0345787

20 14 0.0353701

21 14 0.0360219

22 14 0.0365316

23 14 0.0368971

24 14 0.0371169

25 14 0.0371903

26 14 0.0371169

27 14 0.0368971

28 14 0.0365316

29 14 0.0360219

30 14 0.0353701

31 14 0.0345787

32 14 0.0336508

33 14 0.0325901

34 14 0.0314008

35 14 0.0300876

36 14 0.0286556

37 14 0.0271106

38 14 0.0254585

39 14 0.023706

40 14 0.0218599

41 14 0.0199276

42 14 0.0179166

43 14 0.0158349

44 14 0.0136907

45 14 0.0114924

46 14 0.00924886

47 14 0.00696877

48 14 0.00466118

49 14 0.0023352

50 14 0

0 15 0

1 15 0.00245189

2 15 0.00489411

3 15 0.00731701

4 15 0.00971104

5 15 0.0120667

6 15 0.0143748

7 15 0.0166262

8 15 0.0188119

9 15 0.0209234

10 15 0.0229523

11 15 0.0248906

12 15 0.0267307

13 15 0.0284653

14 15 0.0300876

15 15 0.0315911

16 15 0.03297

17 15 0.0342187

18 15 0.0353324

19 15 0.0363066

20 15 0.0371376

21 15 0.037822

22 15 0.0383571

23 15 0.0387409

24 15 0.0389717

25 15 0.0390488

26 15 0.0389717

27 15 0.0387409

28 15 0.0383571

29 15 0.037822

30 15 0.0371376

31 15 0.0363066

32 15 0.0353324

33 15 0.0342187

34 15 0.03297

35 15 0.0315911

36 15 0.0300876

37 15 0.0284653

38 15 0.0267307

39 15 0.0248906

40 15 0.0229523

41 15 0.0209234

42 15 0.0188119

43 15 0.0166262

44 15 0.0143748

45 15 0.0120667

46 15 0.00971104

47 15 0.00731701

48 15 0.00489411

49 15 0.00245189

50 15 0

0 16 0

1 16 0.00255891

2 16 0.00510772

3 16 0.00763638

4 16 0.0101349

5 16 0.0125934

6 16 0.0150022

7 16 0.0173518

8 16 0.019633

9 16 0.0218366

10 16 0.0239541

11 16 0.025977

12 16 0.0278974

13 16 0.0297078

14 16 0.0314008

15 16 0.03297

16 16 0.034409

17 16 0.0357122

18 16 0.0368745

19 16 0.0378913

20 16 0.0387585

21 16 0.0394728

22 16 0.0400313

23 16 0.0404318

24 16 0.0406727

25 16 0.0407531

26 16 0.0406727

27 16 0.0404318

28 16 0.0400313

29 16 0.0394728

30 16 0.0387585

31 16 0.0378913

32 16 0.0368745

33 16 0.0357122

34 16 0.034409

35 16 0.03297

36 16 0.0314008

37 16 0.0297078

38 16 0.0278974

39 16 0.025977

40 16 0.0239541

41 16 0.0218366

42 16 0.019633

43 16 0.0173518

44 16 0.0150022

45 16 0.0125934

46 16 0.0101349

47 16 0.00763638

48 16 0.00510772

49 16 0.00255891

50 16 0

0 17 0

1 17 0.00265583

2 17 0.00530118

3 17 0.0079256

4 17 0.0105188

5 17 0.0130704

6 17 0.0155704

7 17 0.018009

8 17 0.0203766

9 17 0.0226637

10 17 0.0248614

11 17 0.0269609

12 17 0.0289541

13 17 0.0308329

14 17 0.0325901

15 17 0.0342187

16 17 0.0357122

17 17 0.0370648

18 17 0.0382712

19 17 0.0393264

20 17 0.0402265

21 17 0.0409678

22 17 0.0415475

23 17 0.0419631

24 17 0.0422132

25 17 0.0422967

26 17 0.0422132

27 17 0.0419631

28 17 0.0415475

29 17 0.0409678

30 17 0.0402265

31 17 0.0393264

32 17 0.0382712

33 17 0.0370648

34 17 0.0357122

35 17 0.0342187

36 17 0.0325901

37 17 0.0308329

38 17 0.0289541

39 17 0.0269609

40 17 0.0248614

41 17 0.0226637

42 17 0.0203766

43 17 0.018009

44 17 0.0155704

45 17 0.0130704

46 17 0.0105188

47 17 0.0079256

48 17 0.00530118

49 17 0.00265583

50 17 0

0 18 0

1 18 0.00274227

2 18 0.00547371

3 18 0.00818355

4 18 0.0108611

5 18 0.0134958

6 18 0.0160772

7 18 0.0185952

8 18 0.0210397

9 18 0.0234013

10 18 0.0256705

11 18 0.0278384

12 18 0.0298964

13 18 0.0318364

14 18 0.0336508

15 18 0.0353324

16 18 0.0368745

17 18 0.0382712

18 18 0.0395167

19 18 0.0406064

20 18 0.0415357

21 18 0.0423012

22 18 0.0428997

23 18 0.0433289

24 18 0.0435871

25 18 0.0436732

26 18 0.0435871

27 18 0.0433289

28 18 0.0428997

29 18 0.0423012

30 18 0.0415357

31 18 0.0406064

32 18 0.0395167

33 18 0.0382712

34 18 0.0368745

35 18 0.0353324

36 18 0.0336508

37 18 0.0318364

38 18 0.0298964

39 18 0.0278384

40 18 0.0256705

41 18 0.0234013

42 18 0.0210397

43 18 0.0185952

44 18 0.0160772

45 18 0.0134958

46 18 0.0108611

47 18 0.00818355

48 18 0.00547371

49 18 0.00274227

50 18 0

0 19 0

1 19 0.00281788

2 19 0.00562464

3 19 0.0084092

4 19 0.0111606

5 19 0.0138679

6 19 0.0165205

7 19 0.0191079

8 19 0.0216199

9 19 0.0240466

10 19 0.0263783

11 19 0.028606

12 19 0.0307207

13 19 0.0327143

14 19 0.0345787

15 19 0.0363066

16 19 0.0378913

17 19 0.0393264

18 19 0.0406064

19 19 0.041726

20 19 0.042681

21 19 0.0434676

22 19 0.0440826

23 19 0.0445236

24 19 0.0447889

25 19 0.0448775

26 19 0.0447889

27 19 0.0445236

28 19 0.0440826

29 19 0.0434676

30 19 0.042681

31 19 0.041726

32 19 0.0406064

33 19 0.0393264

34 19 0.0378913

35 19 0.0363066

36 19 0.0345787

37 19 0.0327143

38 19 0.0307207

39 19 0.028606

40 19 0.0263783

41 19 0.0240466

42 19 0.0216199

43 19 0.0191079

44 19 0.0165205

45 19 0.0138679

46 19 0.0111606

47 19 0.0084092

48 19 0.00562464

49 19 0.00281788

50 19 0

0 20 0

1 20 0.00288237

2 20 0.00575337

3 20 0.00860166

4 20 0.011416

5 20 0.0141853

6 20 0.0168986

7 20 0.0195452

8 20 0.0221147

9 20 0.0245969

10 20 0.026982

11 20 0.0292607

12 20 0.0314239

13 20 0.033463

14 20 0.0353701

15 20 0.0371376

16 20 0.0387585

17 20 0.0402265

18 20 0.0415357

19 20 0.042681

20 20 0.0436579

21 20 0.0444624

22 20 0.0450915

23 20 0.0455426

24 20 0.045814

25 20 0.0459046

26 20 0.045814

27 20 0.0455426

28 20 0.0450915

29 20 0.0444624

30 20 0.0436579

31 20 0.042681

32 20 0.0415357

33 20 0.0402265

34 20 0.0387585

35 20 0.0371376

36 20 0.0353701

37 20 0.033463

38 20 0.0314239

39 20 0.0292607

40 20 0.026982

41 20 0.0245969

42 20 0.0221147

43 20 0.0195452

44 20 0.0168986

45 20 0.0141853

46 20 0.011416

47 20 0.00860166

48 20 0.00575337

49 20 0.00288237

50 20 0

0 21 0

1 21 0.00293549

2 21 0.0058594

3 21 0.00876018

4 21 0.0116264

5 21 0.0144467

6 21 0.01721

7 21 0.0199054

8 21 0.0225223

9 21 0.0250502

10 21 0.0274793

11 21 0.0297999

12 21 0.032003

13 21 0.0340797

14 21 0.0360219

15 21 0.037822

16 21 0.0394728

17 21 0.0409678

18 21 0.0423012

19 21 0.0434676

20 21 0.0444624

21 21 0.0452818

22 21 0.0459225

23 21 0.0463819

24 21 0.0466583

25 21 0.0467506

26 21 0.0466583

27 21 0.0463819

28 21 0.0459225

29 21 0.0452818

30 21 0.0444624

31 21 0.0434676

32 21 0.0423012

33 21 0.0409678

34 21 0.0394728

35 21 0.037822

36 21 0.0360219

37 21 0.0340797

38 21 0.032003

39 21 0.0297999

40 21 0.0274793

41 21 0.0250502

42 21 0.0225223

43 21 0.0199054

44 21 0.01721

45 21 0.0144467

46 21 0.0116264

47 21 0.00876018

48 21 0.0058594

49 21 0.00293549

50 21 0

0 22 0

1 22 0.00297703

2 22 0.0059423

3 22 0.00888413

4 22 0.0117909

5 22 0.0146511

6 22 0.0174535

7 22 0.0201871

8 22 0.0228409

9 22 0.0254046

10 22 0.0278681

11 22 0.0302216

12 22 0.0324558

13 22 0.0345619

14 22 0.0365316

15 22 0.0383571

16 22 0.0400313

17 22 0.0415475

18 22 0.0428997

19 22 0.0440826

20 22 0.0450915

21 22 0.0459225

22 22 0.0465722

23 22 0.0470382

24 22 0.0473185

25 22 0.047412

26 22 0.0473185

27 22 0.0470382

28 22 0.0465722

29 22 0.0459225

30 22 0.0450915

31 22 0.0440826

32 22 0.0428997

33 22 0.0415475

34 22 0.0400313

35 22 0.0383571

36 22 0.0365316

37 22 0.0345619

38 22 0.0324558

39 22 0.0302216

40 22 0.0278681

41 22 0.0254046

42 22 0.0228409

43 22 0.0201871

44 22 0.0174535

45 22 0.0146511

46 22 0.0117909

47 22 0.00888413

48 22 0.0059423

49 22 0.00297703

50 22 0

0 23 0

1 23 0.00300681

2 23 0.00600175

3 23 0.00897301

4 23 0.0119089

5 23 0.0147977

6 23 0.0176281

7 23 0.020389

8 23 0.0230694

9 23 0.0256588

10 23 0.0281469

11 23 0.0305239

12 23 0.0327805

13 23 0.0349077

14 23 0.0368971

15 23 0.0387409

16 23 0.0404318

17 23 0.0419631

18 23 0.0433289

19 23 0.0445236

20 23 0.0455426

21 23 0.0463819

22 23 0.0470382

23 23 0.0475088

24 23 0.0477919

25 23 0.0478864

26 23 0.0477919

27 23 0.0475088

28 23 0.0470382

29 23 0.0463819

30 23 0.0455426

31 23 0.0445236

32 23 0.0433289

33 23 0.0419631

34 23 0.0404318

35 23 0.0387409

36 23 0.0368971

37 23 0.0349077

38 23 0.0327805

39 23 0.0305239

40 23 0.0281469

41 23 0.0256588

42 23 0.0230694

43 23 0.020389

44 23 0.0176281

45 23 0.0147977

46 23 0.0119089

47 23 0.00897301

48 23 0.00600175

49 23 0.00300681

50 23 0

0 24 0

1 24 0.00302473

2 24 0.00603752

3 24 0.00902648

4 24 0.0119798

5 24 0.0148859

6 24 0.0177332

7 24 0.0205105

8 24 0.0232069

9 24 0.0258117

10 24 0.0283146

11 24 0.0307058

12 24 0.0329758

13 24 0.0351157

14 24 0.0371169

15 24 0.0389717

16 24 0.0406727

17 24 0.0422132

18 24 0.0435871

19 24 0.0447889

20 24 0.045814

21 24 0.0466583

22 24 0.0473185

23 24 0.0477919

24 24 0.0480767

25 24 0.0481717

26 24 0.0480767

27 24 0.0477919

28 24 0.0473185

29 24 0.0466583

30 24 0.045814

31 24 0.0447889

32 24 0.0435871

33 24 0.0422132

34 24 0.0406727

35 24 0.0389717

36 24 0.0371169

37 24 0.0351157

38 24 0.0329758

39 24 0.0307058

40 24 0.0283146

41 24 0.0258117

42 24 0.0232069

43 24 0.0205105

44 24 0.0177332

45 24 0.0148859

46 24 0.0119798

47 24 0.00902648

48 24 0.00603752

49 24 0.00302473

50 24 0

0 25 0

1 25 0.00303071

2 25 0.00604945

3 25 0.00904433

4 25 0.0120035

5 25 0.0149153

6 25 0.0177683

7 25 0.0205511

8 25 0.0232528

9 25 0.0258627

10 25 0.0283706

11 25 0.0307665

12 25 0.033041

13 25 0.0351851

14 25 0.0371903

15 25 0.0390488

16 25 0.0407531

17 25 0.0422967

18 25 0.0436732

19 25 0.0448775

20 25 0.0459046

21 25 0.0467506

22 25 0.047412

23 25 0.0478864

24 25 0.0481717

25 25 0.048267

26 25 0.0481717

27 25 0.0478864

28 25 0.047412

29 25 0.0467506

30 25 0.0459046

31 25 0.0448775

32 25 0.0436732

33 25 0.0422967

34 25 0.0407531

35 25 0.0390488

36 25 0.0371903

37 25 0.0351851

38 25 0.033041

39 25 0.0307665

40 25 0.0283706

41 25 0.0258627

42 25 0.0232528

43 25 0.0205511

44 25 0.0177683

45 25 0.0149153

46 25 0.0120035

47 25 0.00904433

48 25 0.00604945

49 25 0.00303071

50 25 0

0 26 0

1 26 0.00302473

2 26 0.00603752

3 26 0.00902648

4 26 0.0119798

5 26 0.0148859

6 26 0.0177332

7 26 0.0205105

8 26 0.0232069

9 26 0.0258117

10 26 0.0283146

11 26 0.0307058

12 26 0.0329758

13 26 0.0351157

14 26 0.0371169

15 26 0.0389717

16 26 0.0406727

17 26 0.0422132

18 26 0.0435871

19 26 0.0447889

20 26 0.045814

21 26 0.0466583

22 26 0.0473185

23 26 0.0477919

24 26 0.0480767

25 26 0.0481717

26 26 0.0480767

27 26 0.0477919

28 26 0.0473185

29 26 0.0466583

30 26 0.045814

31 26 0.0447889

32 26 0.0435871

33 26 0.0422132

34 26 0.0406727

35 26 0.0389717

36 26 0.0371169

37 26 0.0351157

38 26 0.0329758

39 26 0.0307058

40 26 0.0283146

41 26 0.0258117

42 26 0.0232069

43 26 0.0205105

44 26 0.0177332

45 26 0.0148859

46 26 0.0119798

47 26 0.00902648

48 26 0.00603752

49 26 0.00302473

50 26 0

0 27 0

1 27 0.00300681

2 27 0.00600175

3 27 0.00897301

4 27 0.0119089

5 27 0.0147977

6 27 0.0176281

7 27 0.020389

8 27 0.0230694

9 27 0.0256588

10 27 0.0281469

11 27 0.0305239

12 27 0.0327805

13 27 0.0349077

14 27 0.0368971

15 27 0.0387409

16 27 0.0404318

17 27 0.0419631

18 27 0.0433289

19 27 0.0445236

20 27 0.0455426

21 27 0.0463819

22 27 0.0470382

23 27 0.0475088

24 27 0.0477919

25 27 0.0478864

26 27 0.0477919

27 27 0.0475088

28 27 0.0470382

29 27 0.0463819

30 27 0.0455426

31 27 0.0445236

32 27 0.0433289

33 27 0.0419631

34 27 0.0404318

35 27 0.0387409

36 27 0.0368971

37 27 0.0349077

38 27 0.0327805

39 27 0.0305239

40 27 0.0281469

41 27 0.0256588

42 27 0.0230694

43 27 0.020389

44 27 0.0176281

45 27 0.0147977

46 27 0.0119089

47 27 0.00897301

48 27 0.00600175

49 27 0.00300681

50 27 0

0 28 0

1 28 0.00297703

2 28 0.0059423

3 28 0.00888413

4 28 0.0117909

5 28 0.0146511

6 28 0.0174535

7 28 0.0201871

8 28 0.0228409

9 28 0.0254046

10 28 0.0278681

11 28 0.0302216

12 28 0.0324558

13 28 0.0345619

14 28 0.0365316

15 28 0.0383571

16 28 0.0400313

17 28 0.0415475

18 28 0.0428997

19 28 0.0440826

20 28 0.0450915

21 28 0.0459225

22 28 0.0465722

23 28 0.0470382

24 28 0.0473185

25 28 0.047412

26 28 0.0473185

27 28 0.0470382

28 28 0.0465722

29 28 0.0459225

30 28 0.0450915

31 28 0.0440826

32 28 0.0428997

33 28 0.0415475

34 28 0.0400313

35 28 0.0383571

36 28 0.0365316

37 28 0.0345619

38 28 0.0324558

39 28 0.0302216

40 28 0.0278681

41 28 0.0254046

42 28 0.0228409

43 28 0.0201871

44 28 0.0174535

45 28 0.0146511

46 28 0.0117909

47 28 0.00888413

48 28 0.0059423

49 28 0.00297703

50 28 0

0 29 0

1 29 0.00293549

2 29 0.0058594

3 29 0.00876018

4 29 0.0116264

5 29 0.0144467

6 29 0.01721

7 29 0.0199054

8 29 0.0225223

9 29 0.0250502

10 29 0.0274793

11 29 0.0297999

12 29 0.032003

13 29 0.0340797

14 29 0.0360219

15 29 0.037822

16 29 0.0394728

17 29 0.0409678

18 29 0.0423012

19 29 0.0434676

20 29 0.0444624

21 29 0.0452818

22 29 0.0459225

23 29 0.0463819

24 29 0.0466583

25 29 0.0467506

26 29 0.0466583

27 29 0.0463819

28 29 0.0459225

29 29 0.0452818

30 29 0.0444624

31 29 0.0434676

32 29 0.0423012

33 29 0.0409678

34 29 0.0394728

35 29 0.037822

36 29 0.0360219

37 29 0.0340797

38 29 0.032003

39 29 0.0297999

40 29 0.0274793

41 29 0.0250502

42 29 0.0225223

43 29 0.0199054

44 29 0.01721

45 29 0.0144467

46 29 0.0116264

47 29 0.00876018

48 29 0.0058594

49 29 0.00293549

50 29 0

0 30 0

1 30 0.00288237

2 30 0.00575337

3 30 0.00860166

4 30 0.011416

5 30 0.0141853

6 30 0.0168986

7 30 0.0195452

8 30 0.0221147

9 30 0.0245969

10 30 0.026982

11 30 0.0292607

12 30 0.0314239

13 30 0.033463

14 30 0.0353701

15 30 0.0371376

16 30 0.0387585

17 30 0.0402265

18 30 0.0415357

19 30 0.042681

20 30 0.0436579

21 30 0.0444624

22 30 0.0450915

23 30 0.0455426

24 30 0.045814

25 30 0.0459046

26 30 0.045814

27 30 0.0455426

28 30 0.0450915

29 30 0.0444624

30 30 0.0436579

31 30 0.042681

32 30 0.0415357

33 30 0.0402265

34 30 0.0387585

35 30 0.0371376

36 30 0.0353701

37 30 0.033463

38 30 0.0314239

39 30 0.0292607

40 30 0.026982

41 30 0.0245969

42 30 0.0221147

43 30 0.0195452

44 30 0.0168986

45 30 0.0141853

46 30 0.011416

47 30 0.00860166

48 30 0.00575337

49 30 0.00288237

50 30 0

0 31 0

1 31 0.00281788

2 31 0.00562464

3 31 0.0084092

4 31 0.0111606

5 31 0.0138679

6 31 0.0165205

7 31 0.0191079

8 31 0.0216199

9 31 0.0240466

10 31 0.0263783

11 31 0.028606

12 31 0.0307207

13 31 0.0327143

14 31 0.0345787

15 31 0.0363066

16 31 0.0378913

17 31 0.0393264

18 31 0.0406064

19 31 0.041726

20 31 0.042681

21 31 0.0434676

22 31 0.0440826

23 31 0.0445236

24 31 0.0447889

25 31 0.0448775

26 31 0.0447889

27 31 0.0445236

28 31 0.0440826

29 31 0.0434676

30 31 0.042681

31 31 0.041726

32 31 0.0406064

33 31 0.0393264

34 31 0.0378913

35 31 0.0363066

36 31 0.0345787

37 31 0.0327143

38 31 0.0307207

39 31 0.028606

40 31 0.0263783

41 31 0.0240466

42 31 0.0216199

43 31 0.0191079

44 31 0.0165205

45 31 0.0138679

46 31 0.0111606

47 31 0.0084092

48 31 0.00562464

49 31 0.00281788

50 31 0

0 32 0

1 32 0.00274227

2 32 0.00547371

3 32 0.00818355

4 32 0.0108611

5 32 0.0134958

6 32 0.0160772

7 32 0.0185952

8 32 0.0210397

9 32 0.0234013

10 32 0.0256705

11 32 0.0278384

12 32 0.0298964

13 32 0.0318364

14 32 0.0336508

15 32 0.0353324

16 32 0.0368745

17 32 0.0382712

18 32 0.0395167

19 32 0.0406064

20 32 0.0415357

21 32 0.0423012

22 32 0.0428997

23 32 0.0433289

24 32 0.0435871

25 32 0.0436732

26 32 0.0435871

27 32 0.0433289

28 32 0.0428997

29 32 0.0423012

30 32 0.0415357

31 32 0.0406064

32 32 0.0395167

33 32 0.0382712

34 32 0.0368745

35 32 0.0353324

36 32 0.0336508

37 32 0.0318364

38 32 0.0298964

39 32 0.0278384

40 32 0.0256705

41 32 0.0234013

42 32 0.0210397

43 32 0.0185952

44 32 0.0160772

45 32 0.0134958

46 32 0.0108611

47 32 0.00818355

48 32 0.00547371

49 32 0.00274227

50 32 0

0 33 0

1 33 0.00265583

2 33 0.00530118

3 33 0.0079256

4 33 0.0105188

5 33 0.0130704

6 33 0.0155704

7 33 0.018009

8 33 0.0203766

9 33 0.0226637

10 33 0.0248614

11 33 0.0269609

12 33 0.0289541

13 33 0.0308329

14 33 0.0325901

15 33 0.0342187

16 33 0.0357122

17 33 0.0370648

18 33 0.0382712

19 33 0.0393264

20 33 0.0402265

21 33 0.0409678

22 33 0.0415475

23 33 0.0419631

24 33 0.0422132

25 33 0.0422967

26 33 0.0422132

27 33 0.0419631

28 33 0.0415475

29 33 0.0409678

30 33 0.0402265

31 33 0.0393264

32 33 0.0382712

33 33 0.0370648

34 33 0.0357122

35 33 0.0342187

36 33 0.0325901

37 33 0.0308329

38 33 0.0289541

39 33 0.0269609

40 33 0.0248614

41 33 0.0226637

42 33 0.0203766

43 33 0.018009

44 33 0.0155704

45 33 0.0130704

46 33 0.0105188

47 33 0.0079256

48 33 0.00530118

49 33 0.00265583

50 33 0

0 34 0

1 34 0.00255891

2 34 0.00510772

3 34 0.00763638

4 34 0.0101349

5 34 0.0125934

6 34 0.0150022

7 34 0.0173518

8 34 0.019633

9 34 0.0218366

10 34 0.0239541

11 34 0.025977

12 34 0.0278974

13 34 0.0297078

14 34 0.0314008

15 34 0.03297

16 34 0.034409

17 34 0.0357122

18 34 0.0368745

19 34 0.0378913

20 34 0.0387585

21 34 0.0394728

22 34 0.0400313

23 34 0.0404318

24 34 0.0406727

25 34 0.0407531

26 34 0.0406727

27 34 0.0404318

28 34 0.0400313

29 34 0.0394728

30 34 0.0387585

31 34 0.0378913

32 34 0.0368745

33 34 0.0357122

34 34 0.034409

35 34 0.03297

36 34 0.0314008

37 34 0.0297078

38 34 0.0278974

39 34 0.025977

40 34 0.0239541

41 34 0.0218366

42 34 0.019633

43 34 0.0173518

44 34 0.0150022

45 34 0.0125934

46 34 0.0101349

47 34 0.00763638

48 34 0.00510772

49 34 0.00255891

50 34 0

0 35 0

1 35 0.00245189

2 35 0.00489411

3 35 0.00731701

4 35 0.00971104

5 35 0.0120667

6 35 0.0143748

7 35 0.0166262

8 35 0.0188119

9 35 0.0209234

10 35 0.0229523

11 35 0.0248906

12 35 0.0267307

13 35 0.0284653

14 35 0.0300876

15 35 0.0315911

16 35 0.03297

17 35 0.0342187

18 35 0.0353324

19 35 0.0363066

20 35 0.0371376

21 35 0.037822

22 35 0.0383571

23 35 0.0387409

24 35 0.0389717

25 35 0.0390488

26 35 0.0389717

27 35 0.0387409

28 35 0.0383571

29 35 0.037822

30 35 0.0371376

31 35 0.0363066

32 35 0.0353324

33 35 0.0342187

34 35 0.03297

35 35 0.0315911

36 35 0.0300876

37 35 0.0284653

38 35 0.0267307

39 35 0.0248906

40 35 0.0229523

41 35 0.0209234

42 35 0.0188119

43 35 0.0166262

44 35 0.0143748

45 35 0.0120667

46 35 0.00971104

47 35 0.00731701

48 35 0.00489411

49 35 0.00245189

50 35 0

0 36 0

1 36 0.0023352

2 36 0.00466118

3 36 0.00696877

4 36 0.00924886

5 36 0.0114924

6 36 0.0136907

7 36 0.0158349

8 36 0.0179166

9 36 0.0199276

10 36 0.0218599

11 36 0.023706

12 36 0.0254585

13 36 0.0271106

14 36 0.0286556

15 36 0.0300876

16 36 0.0314008

17 36 0.0325901

18 36 0.0336508

19 36 0.0345787

20 36 0.0353701

21 36 0.0360219

22 36 0.0365316

23 36 0.0368971

24 36 0.0371169

25 36 0.0371903

26 36 0.0371169

27 36 0.0368971

28 36 0.0365316

29 36 0.0360219

30 36 0.0353701

31 36 0.0345787

32 36 0.0336508

33 36 0.0325901

34 36 0.0314008

35 36 0.0300876

36 36 0.0286556

37 36 0.0271106

38 36 0.0254585

39 36 0.023706

40 36 0.0218599

41 36 0.0199276

42 36 0.0179166

43 36 0.0158349

44 36 0.0136907

45 36 0.0114924

46 36 0.00924886

47 36 0.00696877

48 36 0.00466118

49 36 0.0023352

50 36 0

0 37 0

1 37 0.00220929

2 37 0.00440986

3 37 0.00659303

4 37 0.00875018

5 37 0.0108728

6 37 0.0129525

7 37 0.0149811

8 37 0.0169505

9 37 0.0188531

10 37 0.0206813

11 37 0.0224278

12 37 0.0240859

13 37 0.0256488

14 37 0.0271106

15 37 0.0284653

16 37 0.0297078

17 37 0.0308329

18 37 0.0318364

19 37 0.0327143

20 37 0.033463

21 37 0.0340797

22 37 0.0345619

23 37 0.0349077

24 37 0.0351157

25 37 0.0351851

26 37 0.0351157

27 37 0.0349077

28 37 0.0345619

29 37 0.0340797

30 37 0.033463

31 37 0.0327143

32 37 0.0318364

33 37 0.0308329

34 37 0.0297078

35 37 0.0284653

36 37 0.0271106

37 37 0.0256488

38 37 0.0240859

39 37 0.0224278

40 37 0.0206813

41 37 0.0188531

42 37 0.0169505

43 37 0.0149811

44 37 0.0129525

45 37 0.0108728

46 37 0.00875018

47 37 0.00659303

48 37 0.00440986

49 37 0.00220929

50 37 0

0 38 0

1 38 0.00207466

2 38 0.00414114

3 38 0.00619127

4 38 0.00821696

5 38 0.0102102

6 38 0.0121632

7 38 0.0140682

8 38 0.0159176

9 38 0.0177043

10 38 0.019421

11 38 0.0210611

12 38 0.0226181

13 38 0.0240859

14 38 0.0254585

15 38 0.0267307

16 38 0.0278974

17 38 0.0289541

18 38 0.0298964

19 38 0.0307207

20 38 0.0314239

21 38 0.032003

22 38 0.0324558

23 38 0.0327805

24 38 0.0329758

25 38 0.033041

26 38 0.0329758

27 38 0.0327805

28 38 0.0324558

29 38 0.032003

30 38 0.0314239

31 38 0.0307207

32 38 0.0298964

33 38 0.0289541

34 38 0.0278974

35 38 0.0267307

36 38 0.0254585

37 38 0.0240859

38 38 0.0226181

39 38 0.0210611

40 38 0.019421

41 38 0.0177043

42 38 0.0159176

43 38 0.0140682

44 38 0.0121632

45 38 0.0102102

46 38 0.00821696

47 38 0.00619127

48 38 0.00414114

49 38 0.00207466

50 38 0

0 39 0

1 39 0.00193185

2 39 0.00385607

3 39 0.00576507

4 39 0.00765132

5 39 0.00950738

6 39 0.0113259

7 39 0.0130997

8 39 0.0148219

9 39 0.0164855

10 39 0.0180841

11 39 0.0196113

12 39 0.0210611

13 39 0.0224278

14 39 0.023706

15 39 0.0248906

16 39 0.025977

17 39 0.0269609

18 39 0.0278384

19 39 0.028606

20 39 0.0292607

21 39 0.0297999

22 39 0.0302216

23 39 0.0305239

24 39 0.0307058

25 39 0.0307665

26 39 0.0307058

27 39 0.0305239

28 39 0.0302216

29 39 0.0297999

30 39 0.0292607

31 39 0.028606

32 39 0.0278384

33 39 0.0269609

34 39 0.025977

35 39 0.0248906

36 39 0.023706

37 39 0.0224278

38 39 0.0210611

39 39 0.0196113

40 39 0.0180841

41 39 0.0164855

42 39 0.0148219

43 39 0.0130997

44 39 0.0113259

45 39 0.00950738

46 39 0.00765132

47 39 0.00576507

48 39 0.00385607

49 39 0.00193185

50 39 0

0 40 0

1 40 0.00178141

2 40 0.00355578

3 40 0.00531612

4 40 0.00705548

5 40 0.008767

6 40 0.0104439

7 40 0.0120796

8 40 0.0136676

9 40 0.0152017

10 40 0.0166758

11 40 0.0180841

12 40 0.019421

13 40 0.0206813

14 40 0.0218599

15 40 0.0229523

16 40 0.0239541

17 40 0.0248614

18 40 0.0256705

19 40 0.0263783

20 40 0.026982

21 40 0.0274793

22 40 0.0278681

23 40 0.0281469

24 40 0.0283146

25 40 0.0283706

26 40 0.0283146

27 40 0.0281469

28 40 0.0278681

29 40 0.0274793

30 40 0.026982

31 40 0.0263783

32 40 0.0256705

33 40 0.0248614

34 40 0.0239541

35 40 0.0229523

36 40 0.0218599

37 40 0.0206813

38 40 0.019421

39 40 0.0180841

40 40 0.0166758

41 40 0.0152017

42 40 0.0136676

43 40 0.0120796

44 40 0.0104439

45 40 0.008767

46 40 0.00705548

47 40 0.00531612

48 40 0.00355578

49 40 0.00178141

50 40 0

0 41 0

1 41 0.00162393

2 41 0.00324146

3 41 0.00484619

4 41 0.0064318

5 41 0.00799202

6 41 0.00952071

7 41 0.0110118

8 41 0.0124595

9 41 0.0138579

10 41 0.0152017

11 41 0.0164855

12 41 0.0177043

13 41 0.0188531

14 41 0.0199276

15 41 0.0209234

16 41 0.0218366

17 41 0.0226637

18 41 0.0234013

19 41 0.0240466

20 41 0.0245969

21 41 0.0250502

22 41 0.0254046

23 41 0.0256588

24 41 0.0258117

25 41 0.0258627

26 41 0.0258117

27 41 0.0256588

28 41 0.0254046

29 41 0.0250502

30 41 0.0245969

31 41 0.0240466

32 41 0.0234013

33 41 0.0226637

34 41 0.0218366

35 41 0.0209234

36 41 0.0199276

37 41 0.0188531

38 41 0.0177043

39 41 0.0164855

40 41 0.0152017

41 41 0.0138579

42 41 0.0124595

43 41 0.0110118

44 41 0.00952071

45 41 0.00799202

46 41 0.0064318

47 41 0.00484619

48 41 0.00324146

49 41 0.00162393

50 41 0

0 42 0

1 42 0.00146005

2 42 0.00291435

3 42 0.00435714

4 42 0.00578273

5 42 0.00718551

6 42 0.00855992

7 42 0.00990055

8 42 0.0112021

9 42 0.0124595

10 42 0.0136676

11 42 0.0148219

12 42 0.0159176

13 42 0.0169505

14 42 0.0179166

15 42 0.0188119

16 42 0.019633

17 42 0.0203766

18 42 0.0210397

19 42 0.0216199

20 42 0.0221147

21 42 0.0225223

22 42 0.0228409

23 42 0.0230694

24 42 0.0232069

25 42 0.0232528

26 42 0.0232069

27 42 0.0230694

28 42 0.0228409

29 42 0.0225223

30 42 0.0221147

31 42 0.0216199

32 42 0.0210397

33 42 0.0203766

34 42 0.019633

35 42 0.0188119

36 42 0.0179166

37 42 0.0169505

38 42 0.0159176

39 42 0.0148219

40 42 0.0136676

41 42 0.0124595

42 42 0.0112021

43 42 0.00990055

44 42 0.00855992

45 42 0.00718551

46 42 0.00578273

47 42 0.00435714

48 42 0.00291435

49 42 0.00146005

50 42 0

0 43 0

1 43 0.00129041

2 43 0.00257573

3 43 0.00385089

4 43 0.00511084

5 43 0.00635063

6 43 0.00756535

7 43 0.00875022

8 43 0.00990055

9 43 0.0110118

10 43 0.0120796

11 43 0.0130997

12 43 0.0140682

13 43 0.0149811

14 43 0.0158349

15 43 0.0166262

16 43 0.0173518

17 43 0.018009

18 43 0.0185952

19 43 0.0191079

20 43 0.0195452

21 43 0.0199054

22 43 0.0201871

23 43 0.020389

24 43 0.0205105

25 43 0.0205511

26 43 0.0205105

27 43 0.020389

28 43 0.0201871

29 43 0.0199054

30 43 0.0195452

31 43 0.0191079

32 43 0.0185952

33 43 0.018009

34 43 0.0173518

35 43 0.0166262

36 43 0.0158349

37 43 0.0149811

38 43 0.0140682

39 43 0.0130997

40 43 0.0120796

41 43 0.0110118

42 43 0.00990055

43 43 0.00875022

44 43 0.00756535

45 43 0.00635063

46 43 0.00511084

47 43 0.00385089

48 43 0.00257573

49 43 0.00129041

50 43 0

0 44 0

1 44 0.00111568

2 44 0.00222695

3 44 0.00332944

4 44 0.00441878

5 44 0.00549069

6 44 0.00654093

7 44 0.00756535

8 44 0.00855992

9 44 0.00952071

10 44 0.0104439

11 44 0.0113259

12 44 0.0121632

13 44 0.0129525

14 44 0.0136907

15 44 0.0143748

16 44 0.0150022

17 44 0.0155704

18 44 0.0160772

19 44 0.0165205

20 44 0.0168986

21 44 0.01721

22 44 0.0174535

23 44 0.0176281

24 44 0.0177332

25 44 0.0177683

26 44 0.0177332

27 44 0.0176281

28 44 0.0174535

29 44 0.01721

30 44 0.0168986

31 44 0.0165205

32 44 0.0160772

33 44 0.0155704

34 44 0.0150022

35 44 0.0143748

36 44 0.0136907

37 44 0.0129525

38 44 0.0121632

39 44 0.0113259

40 44 0.0104439

41 44 0.00952071

42 44 0.00855992

43 44 0.00756535

44 44 0.00654093

45 44 0.00549069

46 44 0.00441878

47 44 0.00332944

48 44 0.00222695

49 44 0.00111568

50 44 0

0 45 0

1 45 0.00093654

2 45 0.00186938

3 45 0.00279485

4 45 0.00370929

5 45 0.00460908

6 45 0.00549069

7 45 0.00635063

8 45 0.00718551

9 45 0.00799202

10 45 0.008767

11 45 0.00950738

12 45 0.0102102

13 45 0.0108728

14 45 0.0114924

15 45 0.0120667

16 45 0.0125934

17 45 0.0130704

18 45 0.0134958

19 45 0.0138679

20 45 0.0141853

21 45 0.0144467

22 45 0.0146511

23 45 0.0147977

24 45 0.0148859

25 45 0.0149153

26 45 0.0148859

27 45 0.0147977

28 45 0.0146511

29 45 0.0144467

30 45 0.0141853

31 45 0.0138679

32 45 0.0134958

33 45 0.0130704

34 45 0.0125934

35 45 0.0120667

36 45 0.0114924

37 45 0.0108728

38 45 0.0102102

39 45 0.00950738

40 45 0.008767

41 45 0.00799202

42 45 0.00718551

43 45 0.00635063

44 45 0.00549069

45 45 0.00460908

46 45 0.00370929

47 45 0.00279485

48 45 0.00186938

49 45 0.00093654

50 45 0

0 46 0

1 46 0.000753706

2 46 0.00150444

3 46 0.00224923

4 46 0.00298515

5 46 0.00370929

6 46 0.00441878

7 46 0.00511084

8 46 0.00578273

9 46 0.0064318

10 46 0.00705548

11 46 0.00765132

12 46 0.00821696

13 46 0.00875018

14 46 0.00924886

15 46 0.00971104

16 46 0.0101349

17 46 0.0105188

18 46 0.0108611

19 46 0.0111606

20 46 0.011416

21 46 0.0116264

22 46 0.0117909

23 46 0.0119089

24 46 0.0119798

25 46 0.0120035

26 46 0.0119798

27 46 0.0119089

28 46 0.0117909

29 46 0.0116264

30 46 0.011416

31 46 0.0111606

32 46 0.0108611

33 46 0.0105188

34 46 0.0101349

35 46 0.00971104

36 46 0.00924886

37 46 0.00875018

38 46 0.00821696

39 46 0.00765132

40 46 0.00705548

41 46 0.0064318

42 46 0.00578273

43 46 0.00511084

44 46 0.00441878

45 46 0.00370929

46 46 0.00298515

47 46 0.00224923

48 46 0.00150444

49 46 0.000753706

50 46 0

0 47 0

1 47 0.000567898

2 47 0.00113355

3 47 0.00169474

4 47 0.00224923

5 47 0.00279485

6 47 0.00332944

7 47 0.00385089

8 47 0.00435714

9 47 0.00484619

10 47 0.00531612

11 47 0.00576507

12 47 0.00619127

13 47 0.00659303

14 47 0.00696877

15 47 0.00731701

16 47 0.00763638

17 47 0.0079256

18 47 0.00818355

19 47 0.0084092

20 47 0.00860166

21 47 0.00876018

22 47 0.00888413

23 47 0.00897301

24 47 0.00902648

25 47 0.00904433

26 47 0.00902648

27 47 0.00897301

28 47 0.00888413

29 47 0.00876018

30 47 0.00860166

31 47 0.0084092

32 47 0.00818355

33 47 0.0079256

34 47 0.00763638

35 47 0.00731701

36 47 0.00696877

37 47 0.00659303

38 47 0.00619127

39 47 0.00576507

40 47 0.00531612

41 47 0.00484619

42 47 0.00435714

43 47 0.00385089

44 47 0.00332944

45 47 0.00279485

46 47 0.00224923

47 47 0.00169474

48 47 0.00113355

49 47 0.000567898

50 47 0

0 48 0

1 48 0.000379848

2 48 0.000758198

3 48 0.00113355

4 48 0.00150444

5 48 0.00186938

6 48 0.00222695

7 48 0.00257573

8 48 0.00291435

9 48 0.00324146

10 48 0.00355578

11 48 0.00385607

12 48 0.00414114

13 48 0.00440986

14 48 0.00466118

15 48 0.00489411

16 48 0.00510772

17 48 0.00530118

18 48 0.00547371

19 48 0.00562464

20 48 0.00575337

21 48 0.0058594

22 48 0.0059423

23 48 0.00600175

24 48 0.00603752

25 48 0.00604945

26 48 0.00603752

27 48 0.00600175

