0 1 0

1 1 0.00245532

2 1 0.00490095

3 1 0.00732724

4 1 0.00972462

5 1 0.0120836

6 1 0.0143949

7 1 0.0166494

8 1 0.0188382

9 1 0.0209526

10 1 0.0229844

11 1 0.0249254

12 1 0.0267681

13 1 0.0285051

14 1 0.0301297

15 1 0.0316353

16 1 0.0330161

17 1 0.0342666

18 1 0.0353818

19 1 0.0363574

20 1 0.0371895

21 1 0.0378749

22 1 0.0384108

23 1 0.038795

24 1 0.0390262

25 1 0.0391034

26 1 0.0390262

27 1 0.038795

28 1 0.0384108

29 1 0.0378749

30 1 0.0371895

31 1 0.0363574

32 1 0.0353818

33 1 0.0342666

34 1 0.0330161

35 1 0.0316353

36 1 0.0301297

37 1 0.0285051

38 1 0.0267681

39 1 0.0249254

40 1 0.0229844

41 1 0.0209526

42 1 0.0188382

43 1 0.0166494

44 1 0.0143949

45 1 0.0120836

46 1 0.00972462

47 1 0.00732724

48 1 0.00490095

49 1 0.00245532

50 1 0

0 2 0

1 2 0.00490095

2 2 0.00978257

3 2 0.0146256

4 2 0.0194109

5 2 0.0241195

6 2 0.028733

7 2 0.0332331

8 2 0.0376021

9 2 0.0418226

10 2 0.0458781

11 2 0.0497525

12 2 0.0534306

13 2 0.0568978

14 2 0.0601404

15 2 0.0631458

16 2 0.0659019

17 2 0.0683979

18 2 0.070624

19 2 0.0725713

20 2 0.0742323

21 2 0.0756003

22 2 0.0766699

23 2 0.077437

24 2 0.0778984

25 2 0.0780525

26 2 0.0778984

27 2 0.077437

28 2 0.0766699

29 2 0.0756003

30 2 0.0742323

31 2 0.0725713

32 2 0.070624

33 2 0.0683979

34 2 0.0659019

35 2 0.0631458

36 2 0.0601404

37 2 0.0568978

38 2 0.0534306

39 2 0.0497525

40 2 0.0458781

41 2 0.0418226

42 2 0.0376021

43 2 0.0332331

44 2 0.028733

45 2 0.0241195

46 2 0.0194109

47 2 0.0146256

48 2 0.00978257

49 2 0.00490095

50 2 0

0 3 0

1 3 0.00732724

2 3 0.0146256

3 3 0.0218662

4 3 0.0290205

5 3 0.0360603

6 3 0.0429577

7 3 0.0496857

8 3 0.0562175

9 3 0.0625275

10 3 0.0685907

11 3 0.0743832

12 3 0.0798822

13 3 0.0850659

14 3 0.0899139

15 3 0.094407

16 3 0.0985276

17 3 0.102259

18 3 0.105587

19 3 0.108499

20 3 0.110982

21 3 0.113027

22 3 0.114627

23 3 0.115773

24 3 0.116463

25 3 0.116693

26 3 0.116463

27 3 0.115773

28 3 0.114627

29 3 0.113027

30 3 0.110982

31 3 0.108499

32 3 0.105587

33 3 0.102259

34 3 0.0985276

35 3 0.094407

36 3 0.0899139

37 3 0.0850659

38 3 0.0798822

39 3 0.0743832

40 3 0.0685907

41 3 0.0625275

42 3 0.0562175

43 3 0.0496857

44 3 0.0429577

45 3 0.0360603

46 3 0.0290205

47 3 0.0218662

48 3 0.0146256

49 3 0.00732724

50 3 0

0 4 0

1 4 0.00972462

2 4 0.0194109

3 4 0.0290205

4 4 0.0385156

5 4 0.0478587

6 4 0.0570129

7 4 0.0659421

8 4 0.0746111

9 4 0.0829856

10 4 0.0910326

11 4 0.0987204

12 4 0.106019

13 4 0.112898

14 4 0.119332

15 4 0.125296

16 4 0.130764

17 4 0.135717

18 4 0.140134

19 4 0.143998

20 4 0.147294

21 4 0.150008

22 4 0.152131

23 4 0.153653

24 4 0.154568

25 4 0.154874

26 4 0.154568

27 4 0.153653

28 4 0.152131

29 4 0.150008

30 4 0.147294

31 4 0.143998

32 4 0.140134

33 4 0.135717

34 4 0.130764

35 4 0.125296

36 4 0.119332

37 4 0.112898

38 4 0.106019

39 4 0.0987204

40 4 0.0910326

41 4 0.0829856

42 4 0.0746111

43 4 0.0659421

44 4 0.0570129

45 4 0.0478587

46 4 0.0385156

47 4 0.0290205

48 4 0.0194109

49 4 0.00972462

50 4 0

0 5 0

1 5 0.0120836

2 5 0.0241195

3 5 0.0360603

4 5 0.0478587

5 5 0.0594682

6 5 0.0708431

7 5 0.0819383

8 5 0.0927102

9 5 0.103116

10 5 0.113115

11 5 0.122668

12 5 0.131736

13 5 0.140285

14 5 0.14828

15 5 0.15569

16 5 0.162485

17 5 0.168639

18 5 0.174128

19 5 0.178929

20 5 0.183024

21 5 0.186397

22 5 0.189035

23 5 0.190926

24 5 0.192063

25 5 0.192443

26 5 0.192063

27 5 0.190926

28 5 0.189035

29 5 0.186397

30 5 0.183024

31 5 0.178929

32 5 0.174128

33 5 0.168639

34 5 0.162485

35 5 0.15569

36 5 0.14828

37 5 0.140285

38 5 0.131736

39 5 0.122668

40 5 0.113115

41 5 0.103116

42 5 0.0927102

43 5 0.0819383

44 5 0.0708431

45 5 0.0594682

46 5 0.0478587

47 5 0.0360603

48 5 0.0241195

49 5 0.0120836

50 5 0

0 6 0

1 6 0.0143949

2 6 0.028733

3 6 0.0429577

4 6 0.0570129

5 6 0.0708431

6 6 0.0843937

7 6 0.0976112

8 6 0.110443

9 6 0.12284

10 6 0.134752

11 6 0.146131

12 6 0.156934

13 6 0.167118

14 6 0.176642

15 6 0.18547

16 6 0.193565

17 6 0.200896

18 6 0.207434

19 6 0.213154

20 6 0.218033

21 6 0.222051

22 6 0.225192

23 6 0.227445

24 6 0.228801

25 6 0.229253

26 6 0.228801

27 6 0.227445

28 6 0.225192

29 6 0.222051

30 6 0.218033

31 6 0.213154

32 6 0.207434

33 6 0.200896

34 6 0.193565

35 6 0.18547

36 6 0.176642

37 6 0.167118

38 6 0.156934

39 6 0.146131

40 6 0.134752

41 6 0.12284

42 6 0.110443

43 6 0.0976112

44 6 0.0843937

45 6 0.0708431

46 6 0.0570129

47 6 0.0429577

48 6 0.028733

49 6 0.0143949

50 6 0

0 7 0

1 7 0.0166494

2 7 0.0332331

3 7 0.0496857

4 7 0.0659421

5 7 0.0819383

6 7 0.0976112

7 7 0.112899

8 7 0.127741

9 7 0.142079

10 7 0.155856

11 7 0.169018

12 7 0.181513

13 7 0.193292

14 7 0.204308

15 7 0.214517

16 7 0.22388

17 7 0.23236

18 7 0.239922

19 7 0.246538

20 7 0.25218

21 7 0.256828

22 7 0.260461

23 7 0.263067

24 7 0.264635

25 7 0.265158

26 7 0.264635

27 7 0.263067

28 7 0.260461

29 7 0.256828

30 7 0.25218

31 7 0.246538

32 7 0.239922

33 7 0.23236

34 7 0.22388

35 7 0.214517

36 7 0.204308

37 7 0.193292

38 7 0.181513

39 7 0.169018

40 7 0.155856

41 7 0.142079

42 7 0.127741

43 7 0.112899

44 7 0.0976112

45 7 0.0819383

46 7 0.0659421

47 7 0.0496857

48 7 0.0332331

49 7 0.0166494

50 7 0

0 8 0

1 8 0.0188382

2 8 0.0376021

3 8 0.0562175

4 8 0.0746111

5 8 0.0927102

6 8 0.110443

7 8 0.127741

8 8 0.144534

9 8 0.160757

10 8 0.176345

11 8 0.191238

12 8 0.205376

13 8 0.218703

14 8 0.231167

15 8 0.242719

16 8 0.253312

17 8 0.262907

18 8 0.271463

19 8 0.278948

20 8 0.285333

21 8 0.290591

22 8 0.294703

23 8 0.297651

24 8 0.299425

25 8 0.300017

26 8 0.299425

27 8 0.297651

28 8 0.294703

29 8 0.290591

30 8 0.285333

31 8 0.278948

32 8 0.271463

33 8 0.262907

34 8 0.253312

35 8 0.242719

36 8 0.231167

37 8 0.218703

38 8 0.205376

39 8 0.191238

40 8 0.176345

41 8 0.160757

42 8 0.144534

43 8 0.127741

44 8 0.110443

45 8 0.0927102

46 8 0.0746111

47 8 0.0562175

48 8 0.0376021

49 8 0.0188382

50 8 0

0 9 0

1 9 0.0209526

2 9 0.0418226

3 9 0.0625275

4 9 0.0829856

5 9 0.103116

6 9 0.12284

7 9 0.142079

8 9 0.160757

9 9 0.178801

10 9 0.196139

11 9 0.212703

12 9 0.228427

13 9 0.24325

14 9 0.257113

15 9 0.269962

16 9 0.281745

17 9 0.292416

18 9 0.301933

19 9 0.310258

20 9 0.317359

21 9 0.323208

22 9 0.327781

23 9 0.33106

24 9 0.333033

25 9 0.333691

26 9 0.333033

27 9 0.33106

28 9 0.327781

29 9 0.323208

30 9 0.317359

31 9 0.310258

32 9 0.301933

33 9 0.292416

34 9 0.281745

35 9 0.269962

36 9 0.257113

37 9 0.24325

38 9 0.228427

39 9 0.212703

40 9 0.196139

41 9 0.178801

42 9 0.160757

43 9 0.142079

44 9 0.12284

45 9 0.103116

46 9 0.0829856

47 9 0.0625275

48 9 0.0418226

49 9 0.0209526

50 9 0

0 10 0

1 10 0.0229844

2 10 0.0458781

3 10 0.0685907

4 10 0.0910326

5 10 0.113115

6 10 0.134752

7 10 0.155856

8 10 0.176345

9 10 0.196139

10 10 0.215158

11 10 0.233328

12 10 0.250578

13 10 0.266838

14 10 0.282045

15 10 0.29614

16 10 0.309065

17 10 0.320771

18 10 0.331211

19 10 0.340344

20 10 0.348133

21 10 0.354549

22 10 0.359565

23 10 0.363162

24 10 0.365326

25 10 0.366049

26 10 0.365326

27 10 0.363162

28 10 0.359565

29 10 0.354549

30 10 0.348133

31 10 0.340344

32 10 0.331211

33 10 0.320771

34 10 0.309065

35 10 0.29614

36 10 0.282045

37 10 0.266838

38 10 0.250578

39 10 0.233328

40 10 0.215158

41 10 0.196139

42 10 0.176345

43 10 0.155856

44 10 0.134752

45 10 0.113115

46 10 0.0910326

47 10 0.0685907

48 10 0.0458781

49 10 0.0229844

50 10 0

0 11 0

1 11 0.0249254

2 11 0.0497525

3 11 0.0743832

4 11 0.0987204

5 11 0.122668

6 11 0.146131

7 11 0.169018

8 11 0.191238

9 11 0.212703

10 11 0.233328

11 11 0.253033

12 11 0.271739

13 11 0.289373

14 11 0.305864

15 11 0.321149

16 11 0.335166

17 11 0.34786

18 11 0.359182

19 11 0.369086

20 11 0.377533

21 11 0.384491

22 11 0.389931

23 11 0.393832

24 11 0.396178

25 11 0.396962

26 11 0.396178

27 11 0.393832

28 11 0.389931

29 11 0.384491

30 11 0.377533

31 11 0.369086

32 11 0.359182

33 11 0.34786

34 11 0.335166

35 11 0.321149

36 11 0.305864

37 11 0.289373

38 11 0.271739

39 11 0.253033

40 11 0.233328

41 11 0.212703

42 11 0.191238

43 11 0.169018

44 11 0.146131

45 11 0.122668

46 11 0.0987204

47 11 0.0743832

48 11 0.0497525

49 11 0.0249254

50 11 0

0 12 0

1 12 0.0267681

2 12 0.0534306

3 12 0.0798822

4 12 0.106019

5 12 0.131736

6 12 0.156934

7 12 0.181513

8 12 0.205376

9 12 0.228427

10 12 0.250578

11 12 0.271739

12 12 0.291828

13 12 0.310765

14 12 0.328476

15 12 0.344891

16 12 0.359944

17 12 0.373577

18 12 0.385735

19 12 0.396371

20 12 0.405443

21 12 0.412915

22 12 0.418757

23 12 0.422947

24 12 0.425467

25 12 0.426308

26 12 0.425467

27 12 0.422947

28 12 0.418757

29 12 0.412915

30 12 0.405443

31 12 0.396371

32 12 0.385735

33 12 0.373577

34 12 0.359944

35 12 0.344891

36 12 0.328476

37 12 0.310765

38 12 0.291828

39 12 0.271739

40 12 0.250578

41 12 0.228427

42 12 0.205376

43 12 0.181513

44 12 0.156934

45 12 0.131736

46 12 0.106019

47 12 0.0798822

48 12 0.0534306

49 12 0.0267681

50 12 0

0 13 0

1 13 0.0285051

2 13 0.0568978

3 13 0.0850659

4 13 0.112898

5 13 0.140285

6 13 0.167118

7 13 0.193292

8 13 0.218703

9 13 0.24325

10 13 0.266838

11 13 0.289373

12 13 0.310765

13 13 0.330931

14 13 0.349791

15 13 0.367271

16 13 0.383301

17 13 0.397819

18 13 0.410766

19 13 0.422093

20 13 0.431753

21 13 0.43971

22 13 0.445931

23 13 0.450392

24 13 0.453076

25 13 0.453972

26 13 0.453076

27 13 0.450392

28 13 0.445931

29 13 0.43971

30 13 0.431753

31 13 0.422093

32 13 0.410766

33 13 0.397819

34 13 0.383301

35 13 0.367271

36 13 0.349791

37 13 0.330931

38 13 0.310765

39 13 0.289373

40 13 0.266838

41 13 0.24325

42 13 0.218703

43 13 0.193292

44 13 0.167118

45 13 0.140285

46 13 0.112898

47 13 0.0850659

48 13 0.0568978

49 13 0.0285051

50 13 0

0 14 0

1 14 0.0301297

2 14 0.0601404

3 14 0.0899139

4 14 0.119332

5 14 0.14828

6 14 0.176642

7 14 0.204308

8 14 0.231167

9 14 0.257113

10 14 0.282045

11 14 0.305864

12 14 0.328476

13 14 0.349791

14 14 0.369726

15 14 0.388202

16 14 0.405146

17 14 0.420491

18 14 0.434176

19 14 0.446148

20 14 0.456359

21 14 0.464769

22 14 0.471345

23 14 0.476061

24 14 0.478898

25 14 0.479844

26 14 0.478898

27 14 0.476061

28 14 0.471345

29 14 0.464769

30 14 0.456359

31 14 0.446148

32 14 0.434176

33 14 0.420491

34 14 0.405146

35 14 0.388202

36 14 0.369726

37 14 0.349791

38 14 0.328476

39 14 0.305864

40 14 0.282045

41 14 0.257113

42 14 0.231167

43 14 0.204308

44 14 0.176642

45 14 0.14828

46 14 0.119332

47 14 0.0899139

48 14 0.0601404

49 14 0.0301297

50 14 0

0 15 0

1 15 0.0316353

2 15 0.0631458

3 15 0.094407

4 15 0.125296

5 15 0.15569

6 15 0.18547

7 15 0.214517

8 15 0.242719

9 15 0.269962

10 15 0.29614

11 15 0.321149

12 15 0.344891

13 15 0.367271

14 15 0.388202

15 15 0.407601

16 15 0.425392

17 15 0.441503

18 15 0.455873

19 15 0.468443

20 15 0.479164

21 15 0.487994

22 15 0.494899

23 15 0.49985

24 15 0.502829

25 15 0.503823

26 15 0.502829

27 15 0.49985

28 15 0.494899

29 15 0.487994

30 15 0.479164

31 15 0.468443

32 15 0.455873

33 15 0.441503

34 15 0.425392

35 15 0.407601

36 15 0.388202

37 15 0.367271

38 15 0.344891

39 15 0.321149

40 15 0.29614

41 15 0.269962

42 15 0.242719

43 15 0.214517

44 15 0.18547

45 15 0.15569

46 15 0.125296

47 15 0.094407

48 15 0.0631458

49 15 0.0316353

50 15 0

0 16 0

1 16 0.0330161

2 16 0.0659019

3 16 0.0985276

4 16 0.130764

5 16 0.162485

6 16 0.193565

7 16 0.22388

8 16 0.253312

9 16 0.281745

10 16 0.309065

11 16 0.335166

12 16 0.359944

13 16 0.383301

14 16 0.405146

15 16 0.425392

16 16 0.443959

17 16 0.460774

18 16 0.47577

19 16 0.488889

20 16 0.500078

21 16 0.509294

22 16 0.5165

23 16 0.521667

24 16 0.524776

25 16 0.525813

26 16 0.524776

27 16 0.521667

28 16 0.5165

29 16 0.509294

30 16 0.500078

31 16 0.488889

32 16 0.47577

33 16 0.460774

34 16 0.443959

35 16 0.425392

36 16 0.405146

37 16 0.383301

38 16 0.359944

39 16 0.335166

40 16 0.309065

41 16 0.281745

42 16 0.253312

43 16 0.22388

44 16 0.193565

45 16 0.162485

46 16 0.130764

47 16 0.0985276

48 16 0.0659019

49 16 0.0330161

50 16 0

0 17 0

1 17 0.0342666

2 17 0.0683979

3 17 0.102259

4 17 0.135717

5 17 0.168639

6 17 0.200896

7 17 0.23236

8 17 0.262907

9 17 0.292416

10 17 0.320771

11 17 0.34786

12 17 0.373577

13 17 0.397819

14 17 0.420491

15 17 0.441503

16 17 0.460774

17 17 0.478225

18 17 0.49379

19 17 0.507405

20 17 0.519018

21 17 0.528583

22 17 0.536062

23 17 0.541425

24 17 0.544651

25 17 0.545728

26 17 0.544651

27 17 0.541425

28 17 0.536062

29 17 0.528583

30 17 0.519018

31 17 0.507405

32 17 0.49379

33 17 0.478225

34 17 0.460774

35 17 0.441503

36 17 0.420491

37 17 0.397819

38 17 0.373577

39 17 0.34786

40 17 0.320771

41 17 0.292416

42 17 0.262907

43 17 0.23236

44 17 0.200896

45 17 0.168639

46 17 0.135717

47 17 0.102259

48 17 0.0683979

49 17 0.0342666

50 17 0

0 18 0

1 18 0.0353818

2 18 0.070624

3 18 0.105587

4 18 0.140134

5 18 0.174128

6 18 0.207434

7 18 0.239922

8 18 0.271463

9 18 0.301933

10 18 0.331211

11 18 0.359182

12 18 0.385735

13 18 0.410766

14 18 0.434176

15 18 0.455873

16 18 0.47577

17 18 0.49379

18 18 0.509861

19 18 0.523919

20 18 0.53591

21 18 0.545787

22 18 0.553509

23 18 0.559046

24 18 0.562378

25 18 0.56349

26 18 0.562378

27 18 0.559046

28 18 0.553509

29 18 0.545787

30 18 0.53591

31 18 0.523919

32 18 0.509861

33 18 0.49379

34 18 0.47577

35 18 0.455873

36 18 0.434176

37 18 0.410766

38 18 0.385735

39 18 0.359182

40 18 0.331211

41 18 0.301933

42 18 0.271463

43 18 0.239922

44 18 0.207434

45 18 0.174128

46 18 0.140134

47 18 0.105587

48 18 0.070624

49 18 0.0353818

50 18 0

0 19 0

1 19 0.0363574

2 19 0.0725713

3 19 0.108499

4 19 0.143998

5 19 0.178929

6 19 0.213154

7 19 0.246538

8 19 0.278948

9 19 0.310258

10 19 0.340344

11 19 0.369086

12 19 0.396371

13 19 0.422093

14 19 0.446148

15 19 0.468443

16 19 0.488889

17 19 0.507405

18 19 0.523919

19 19 0.538366

20 19 0.550687

21 19 0.560836

22 19 0.568771

23 19 0.574461

24 19 0.577884

25 19 0.579027

26 19 0.577884

27 19 0.574461

28 19 0.568771

29 19 0.560836

30 19 0.550687

31 19 0.538366

32 19 0.523919

33 19 0.507405

34 19 0.488889

35 19 0.468443

36 19 0.446148

37 19 0.422093

38 19 0.396371

39 19 0.369086

40 19 0.340344

41 19 0.310258

42 19 0.278948

43 19 0.246538

44 19 0.213154

45 19 0.178929

46 19 0.143998

47 19 0.108499

48 19 0.0725713

49 19 0.0363574

50 19 0

0 20 0

1 20 0.0371895

2 20 0.0742323

3 20 0.110982

4 20 0.147294

5 20 0.183024

6 20 0.218033

7 20 0.25218

8 20 0.285333

9 20 0.317359

10 20 0.348133

11 20 0.377533

12 20 0.405443

13 20 0.431753

14 20 0.456359

15 20 0.479164

16 20 0.500078

17 20 0.519018

18 20 0.53591

19 20 0.550687

20 20 0.563291

21 20 0.573672

22 20 0.581788

23 20 0.587609

24 20 0.591111

25 20 0.592279

26 20 0.591111

27 20 0.587609

28 20 0.581788

29 20 0.573672

30 20 0.563291

31 20 0.550687

32 20 0.53591

33 20 0.519018

34 20 0.500078

35 20 0.479164

36 20 0.456359

37 20 0.431753

38 20 0.405443

39 20 0.377533

40 20 0.348133

41 20 0.317359

42 20 0.285333

43 20 0.25218

44 20 0.218033

45 20 0.183024

46 20 0.147294

47 20 0.110982

48 20 0.0742323

49 20 0.0371895

50 20 0

0 21 0

1 21 0.0378749

2 21 0.0756003

3 21 0.113027

4 21 0.150008

5 21 0.186397

6 21 0.222051

7 21 0.256828

8 21 0.290591

9 21 0.323208

10 21 0.354549

11 21 0.384491

12 21 0.412915

13 21 0.43971

14 21 0.464769

15 21 0.487994

16 21 0.509294

17 21 0.528583

18 21 0.545787

19 21 0.560836

20 21 0.573672

21 21 0.584244

22 21 0.59251

23 21 0.598438

24 21 0.602004

25 21 0.603194

26 21 0.602004

27 21 0.598438

28 21 0.59251

29 21 0.584244

30 21 0.573672

31 21 0.560836

32 21 0.545787

33 21 0.528583

34 21 0.509294

35 21 0.487994

36 21 0.464769

37 21 0.43971

38 21 0.412915

39 21 0.384491

40 21 0.354549

41 21 0.323208

42 21 0.290591

43 21 0.256828

44 21 0.222051

45 21 0.186397

46 21 0.150008

47 21 0.113027

48 21 0.0756003

49 21 0.0378749

50 21 0

0 22 0

1 22 0.0384108

2 22 0.0766699

3 22 0.114627

4 22 0.152131

5 22 0.189035

6 22 0.225192

7 22 0.260461

8 22 0.294703

9 22 0.327781

10 22 0.359565

11 22 0.389931

12 22 0.418757

13 22 0.445931

14 22 0.471345

15 22 0.494899

16 22 0.5165

17 22 0.536062

18 22 0.553509

19 22 0.568771

20 22 0.581788

21 22 0.59251

22 22 0.600893

23 22 0.606905

24 22 0.610522

25 22 0.611729

26 22 0.610522

27 22 0.606905

28 22 0.600893

29 22 0.59251

30 22 0.581788

31 22 0.568771

32 22 0.553509

33 22 0.536062

34 22 0.5165

35 22 0.494899

36 22 0.471345

37 22 0.445931

38 22 0.418757

39 22 0.389931

40 22 0.359565

41 22 0.327781

42 22 0.294703

43 22 0.260461

44 22 0.225192

45 22 0.189035

46 22 0.152131

47 22 0.114627

48 22 0.0766699

49 22 0.0384108

50 22 0

0 23 0

1 23 0.038795

2 23 0.077437

3 23 0.115773

4 23 0.153653

5 23 0.190926

6 23 0.227445

7 23 0.263067

8 23 0.297651

9 23 0.33106

10 23 0.363162

11 23 0.393832

12 23 0.422947

13 23 0.450392

14 23 0.476061

15 23 0.49985

16 23 0.521667

17 23 0.541425

18 23 0.559046

19 23 0.574461

20 23 0.587609

21 23 0.598438

22 23 0.606905

23 23 0.612977

24 23 0.61663

25 23 0.617849

26 23 0.61663

27 23 0.612977

28 23 0.606905

29 23 0.598438

30 23 0.587609

31 23 0.574461

32 23 0.559046

33 23 0.541425

34 23 0.521667

35 23 0.49985

36 23 0.476061

37 23 0.450392

38 23 0.422947

39 23 0.393832

40 23 0.363162

41 23 0.33106

42 23 0.297651

43 23 0.263067

44 23 0.227445

45 23 0.190926

46 23 0.153653

47 23 0.115773

48 23 0.077437

49 23 0.038795

50 23 0

0 24 0

1 24 0.0390262

2 24 0.0778984

3 24 0.116463

4 24 0.154568

5 24 0.192063

6 24 0.228801

7 24 0.264635

8 24 0.299425

9 24 0.333033

10 24 0.365326

11 24 0.396178

12 24 0.425467

13 24 0.453076

14 24 0.478898

15 24 0.502829

16 24 0.524776

17 24 0.544651

18 24 0.562378

19 24 0.577884

20 24 0.591111

21 24 0.602004

22 24 0.610522

23 24 0.61663

24 24 0.620304

25 24 0.621531

26 24 0.620304

27 24 0.61663

28 24 0.610522

29 24 0.602004

30 24 0.591111

31 24 0.577884

32 24 0.562378

33 24 0.544651

34 24 0.524776

35 24 0.502829

36 24 0.478898

37 24 0.453076

38 24 0.425467

39 24 0.396178

40 24 0.365326

41 24 0.333033

42 24 0.299425

43 24 0.264635

44 24 0.228801

45 24 0.192063

46 24 0.154568

47 24 0.116463

48 24 0.0778984

49 24 0.0390262

50 24 0

0 25 0

1 25 0.0391034

2 25 0.0780525

3 25 0.116693

4 25 0.154874

5 25 0.192443

6 25 0.229253

7 25 0.265158

8 25 0.300017

9 25 0.333691

10 25 0.366049

11 25 0.396962

12 25 0.426308

13 25 0.453972

14 25 0.479844

15 25 0.503823

16 25 0.525813

17 25 0.545728

18 25 0.56349

19 25 0.579027

20 25 0.592279

21 25 0.603194

22 25 0.611729

23 25 0.617849

24 25 0.621531

25 25 0.622759

26 25 0.621531

27 25 0.617849

28 25 0.611729

29 25 0.603194

30 25 0.592279

31 25 0.579027

32 25 0.56349

33 25 0.545728

34 25 0.525813

35 25 0.503823

36 25 0.479844

37 25 0.453972

38 25 0.426308

39 25 0.396962

40 25 0.366049

41 25 0.333691

42 25 0.300017

43 25 0.265158

44 25 0.229253

45 25 0.192443

46 25 0.154874

47 25 0.116693

48 25 0.0780525

49 25 0.0391034

50 25 0

0 26 0

1 26 0.0390262

2 26 0.0778984

3 26 0.116463

4 26 0.154568

5 26 0.192063

6 26 0.228801

7 26 0.264635

8 26 0.299425

9 26 0.333033

10 26 0.365326

11 26 0.396178

12 26 0.425467

13 26 0.453076

14 26 0.478898

15 26 0.502829

16 26 0.524776

17 26 0.544651

18 26 0.562378

19 26 0.577884

20 26 0.591111

21 26 0.602004

22 26 0.610522

23 26 0.61663

24 26 0.620304

25 26 0.621531

26 26 0.620304

27 26 0.61663

28 26 0.610522

29 26 0.602004

30 26 0.591111

31 26 0.577884

32 26 0.562378

33 26 0.544651

34 26 0.524776

35 26 0.502829

36 26 0.478898

37 26 0.453076

38 26 0.425467

39 26 0.396178

40 26 0.365326

41 26 0.333033

42 26 0.299425

43 26 0.264635

44 26 0.228801

45 26 0.192063

46 26 0.154568

47 26 0.116463

48 26 0.0778984

49 26 0.0390262

50 26 0

0 27 0

1 27 0.038795

2 27 0.077437

3 27 0.115773

4 27 0.153653

5 27 0.190926

6 27 0.227445

7 27 0.263067

8 27 0.297651

9 27 0.33106

10 27 0.363162

11 27 0.393832

12 27 0.422947

13 27 0.450392

14 27 0.476061

15 27 0.49985

16 27 0.521667

17 27 0.541425

18 27 0.559046

19 27 0.574461

20 27 0.587609

21 27 0.598438

22 27 0.606905

23 27 0.612977

24 27 0.61663

25 27 0.617849

26 27 0.61663

27 27 0.612977

28 27 0.606905

29 27 0.598438

30 27 0.587609

31 27 0.574461

32 27 0.559046

33 27 0.541425

34 27 0.521667

35 27 0.49985

36 27 0.476061

37 27 0.450392

38 27 0.422947

39 27 0.393832

40 27 0.363162

41 27 0.33106

42 27 0.297651

43 27 0.263067

44 27 0.227445

45 27 0.190926

46 27 0.153653

47 27 0.115773

48 27 0.077437

49 27 0.038795

50 27 0

0 28 0

1 28 0.0384108

2 28 0.0766699

3 28 0.114627

4 28 0.152131

5 28 0.189035

6 28 0.225192

7 28 0.260461

8 28 0.294703

9 28 0.327781

10 28 0.359565

11 28 0.389931

12 28 0.418757

13 28 0.445931

14 28 0.471345

15 28 0.494899

16 28 0.5165

17 28 0.536062

18 28 0.553509

19 28 0.568771

20 28 0.581788

21 28 0.59251

22 28 0.600893

23 28 0.606905

24 28 0.610522

25 28 0.611729

26 28 0.610522

27 28 0.606905

28 28 0.600893

29 28 0.59251

30 28 0.581788

31 28 0.568771

32 28 0.553509

33 28 0.536062

34 28 0.5165

35 28 0.494899

36 28 0.471345

37 28 0.445931

38 28 0.418757

39 28 0.389931

40 28 0.359565

41 28 0.327781

42 28 0.294703

43 28 0.260461

44 28 0.225192

45 28 0.189035

46 28 0.152131

47 28 0.114627

48 28 0.0766699

49 28 0.0384108

50 28 0

0 29 0

1 29 0.0378749

2 29 0.0756003

3 29 0.113027

4 29 0.150008

5 29 0.186397

6 29 0.222051

7 29 0.256828

8 29 0.290591

9 29 0.323208

10 29 0.354549

11 29 0.384491

12 29 0.412915

13 29 0.43971

14 29 0.464769

15 29 0.487994

16 29 0.509294

17 29 0.528583

18 29 0.545787

19 29 0.560836

20 29 0.573672

21 29 0.584244

22 29 0.59251

23 29 0.598438

24 29 0.602004

25 29 0.603194

26 29 0.602004

27 29 0.598438

28 29 0.59251

29 29 0.584244

30 29 0.573672

31 29 0.560836

32 29 0.545787

33 29 0.528583

34 29 0.509294

35 29 0.487994

36 29 0.464769

37 29 0.43971

38 29 0.412915

39 29 0.384491

40 29 0.354549

41 29 0.323208

42 29 0.290591

43 29 0.256828

44 29 0.222051

45 29 0.186397

46 29 0.150008

47 29 0.113027

48 29 0.0756003

49 29 0.0378749

50 29 0

0 30 0

1 30 0.0371895

2 30 0.0742323

3 30 0.110982

4 30 0.147294

5 30 0.183024

6 30 0.218033

7 30 0.25218

8 30 0.285333

9 30 0.317359

10 30 0.348133

11 30 0.377533

12 30 0.405443

13 30 0.431753

14 30 0.456359

15 30 0.479164

16 30 0.500078

17 30 0.519018

18 30 0.53591

19 30 0.550687

20 30 0.563291

21 30 0.573672

22 30 0.581788

23 30 0.587609

24 30 0.591111

25 30 0.592279

26 30 0.591111

27 30 0.587609

28 30 0.581788

29 30 0.573672

30 30 0.563291

31 30 0.550687

32 30 0.53591

33 30 0.519018

34 30 0.500078

35 30 0.479164

36 30 0.456359

37 30 0.431753

38 30 0.405443

39 30 0.377533

40 30 0.348133

41 30 0.317359

42 30 0.285333

43 30 0.25218

44 30 0.218033

45 30 0.183024

46 30 0.147294

47 30 0.110982

48 30 0.0742323

49 30 0.0371895

50 30 0

0 31 0

1 31 0.0363574

2 31 0.0725713

3 31 0.108499

4 31 0.143998

5 31 0.178929

6 31 0.213154

7 31 0.246538

8 31 0.278948

9 31 0.310258

10 31 0.340344

11 31 0.369086

12 31 0.396371

13 31 0.422093

14 31 0.446148

15 31 0.468443

16 31 0.488889

17 31 0.507405

18 31 0.523919

19 31 0.538366

20 31 0.550687

21 31 0.560836

22 31 0.568771

23 31 0.574461

24 31 0.577884

25 31 0.579027

26 31 0.577884

27 31 0.574461

28 31 0.568771

29 31 0.560836

30 31 0.550687

31 31 0.538366

32 31 0.523919

33 31 0.507405

34 31 0.488889

35 31 0.468443

36 31 0.446148

37 31 0.422093

38 31 0.396371

39 31 0.369086

40 31 0.340344

41 31 0.310258

42 31 0.278948

43 31 0.246538

44 31 0.213154

45 31 0.178929

46 31 0.143998

47 31 0.108499

48 31 0.0725713

49 31 0.0363574

50 31 0

0 32 0

1 32 0.0353818

2 32 0.070624

3 32 0.105587

4 32 0.140134

5 32 0.174128

6 32 0.207434

7 32 0.239922

8 32 0.271463

9 32 0.301933

10 32 0.331211

11 32 0.359182

12 32 0.385735

13 32 0.410766

14 32 0.434176

15 32 0.455873

16 32 0.47577

17 32 0.49379

18 32 0.509861

19 32 0.523919

20 32 0.53591

21 32 0.545787

22 32 0.553509

23 32 0.559046

24 32 0.562378

25 32 0.56349

26 32 0.562378

27 32 0.559046

28 32 0.553509

29 32 0.545787

30 32 0.53591

31 32 0.523919

32 32 0.509861

33 32 0.49379

34 32 0.47577

35 32 0.455873

36 32 0.434176

37 32 0.410766

38 32 0.385735

39 32 0.359182

40 32 0.331211

41 32 0.301933

42 32 0.271463

43 32 0.239922

44 32 0.207434

45 32 0.174128

46 32 0.140134

47 32 0.105587

48 32 0.070624

49 32 0.0353818

50 32 0

0 33 0

1 33 0.0342666

2 33 0.0683979

3 33 0.102259

4 33 0.135717

5 33 0.168639

6 33 0.200896

7 33 0.23236

8 33 0.262907

9 33 0.292416

10 33 0.320771

11 33 0.34786

12 33 0.373577

13 33 0.397819

14 33 0.420491

15 33 0.441503

16 33 0.460774

17 33 0.478225

18 33 0.49379

19 33 0.507405

20 33 0.519018

21 33 0.528583

22 33 0.536062

23 33 0.541425

24 33 0.544651

25 33 0.545728

26 33 0.544651

27 33 0.541425

28 33 0.536062

29 33 0.528583

30 33 0.519018

31 33 0.507405

32 33 0.49379

33 33 0.478225

34 33 0.460774

35 33 0.441503

36 33 0.420491

37 33 0.397819

38 33 0.373577

39 33 0.34786

40 33 0.320771

41 33 0.292416

42 33 0.262907

43 33 0.23236

44 33 0.200896

45 33 0.168639

46 33 0.135717

47 33 0.102259

48 33 0.0683979

49 33 0.0342666

50 33 0

0 34 0

1 34 0.0330161

2 34 0.0659019

3 34 0.0985276

4 34 0.130764

5 34 0.162485

6 34 0.193565

7 34 0.22388

8 34 0.253312

9 34 0.281745

10 34 0.309065

11 34 0.335166

12 34 0.359944

13 34 0.383301

14 34 0.405146

15 34 0.425392

16 34 0.443959

17 34 0.460774

18 34 0.47577

19 34 0.488889

20 34 0.500078

21 34 0.509294

22 34 0.5165

23 34 0.521667

24 34 0.524776

25 34 0.525813

26 34 0.524776

27 34 0.521667

28 34 0.5165

29 34 0.509294

30 34 0.500078

31 34 0.488889

32 34 0.47577

33 34 0.460774

34 34 0.443959

35 34 0.425392

36 34 0.405146

37 34 0.383301

38 34 0.359944

39 34 0.335166

40 34 0.309065

41 34 0.281745

42 34 0.253312

43 34 0.22388

44 34 0.193565

45 34 0.162485

46 34 0.130764

47 34 0.0985276

48 34 0.0659019

49 34 0.0330161

50 34 0

0 35 0

1 35 0.0316353

2 35 0.0631458

3 35 0.094407

4 35 0.125296

5 35 0.15569

6 35 0.18547

7 35 0.214517

8 35 0.242719

9 35 0.269962

10 35 0.29614

11 35 0.321149

12 35 0.344891

13 35 0.367271

14 35 0.388202

15 35 0.407601

16 35 0.425392

17 35 0.441503

18 35 0.455873

19 35 0.468443

20 35 0.479164

21 35 0.487994

22 35 0.494899

23 35 0.49985

24 35 0.502829

25 35 0.503823

26 35 0.502829

27 35 0.49985

28 35 0.494899

29 35 0.487994

30 35 0.479164

31 35 0.468443

32 35 0.455873

33 35 0.441503

34 35 0.425392

35 35 0.407601

36 35 0.388202

37 35 0.367271

38 35 0.344891

39 35 0.321149

40 35 0.29614

41 35 0.269962

42 35 0.242719

43 35 0.214517

44 35 0.18547

45 35 0.15569

46 35 0.125296

47 35 0.094407

48 35 0.0631458

49 35 0.0316353

50 35 0

0 36 0

1 36 0.0301297

2 36 0.0601404

3 36 0.0899139

4 36 0.119332

5 36 0.14828

6 36 0.176642

7 36 0.204308

8 36 0.231167

9 36 0.257113

10 36 0.282045

11 36 0.305864

12 36 0.328476

13 36 0.349791

14 36 0.369726

15 36 0.388202

16 36 0.405146

17 36 0.420491

18 36 0.434176

19 36 0.446148

20 36 0.456359

21 36 0.464769

22 36 0.471345

23 36 0.476061

24 36 0.478898

25 36 0.479844

26 36 0.478898

27 36 0.476061

28 36 0.471345

29 36 0.464769

30 36 0.456359

31 36 0.446148

32 36 0.434176

33 36 0.420491

34 36 0.405146

35 36 0.388202

36 36 0.369726

37 36 0.349791

38 36 0.328476

39 36 0.305864

40 36 0.282045

41 36 0.257113

42 36 0.231167

43 36 0.204308

44 36 0.176642

45 36 0.14828

46 36 0.119332

47 36 0.0899139

48 36 0.0601404

49 36 0.0301297

50 36 0

0 37 0

1 37 0.0285051

2 37 0.0568978

3 37 0.0850659

4 37 0.112898

5 37 0.140285

6 37 0.167118

7 37 0.193292

8 37 0.218703

9 37 0.24325

10 37 0.266838

11 37 0.289373

12 37 0.310765

13 37 0.330931

14 37 0.349791

15 37 0.367271

16 37 0.383301

17 37 0.397819

18 37 0.410766

19 37 0.422093

20 37 0.431753

21 37 0.43971

22 37 0.445931

23 37 0.450392

24 37 0.453076

25 37 0.453972

26 37 0.453076

27 37 0.450392

28 37 0.445931

29 37 0.43971

30 37 0.431753

31 37 0.422093

32 37 0.410766

33 37 0.397819

34 37 0.383301

35 37 0.367271

36 37 0.349791

37 37 0.330931

38 37 0.310765

39 37 0.289373

40 37 0.266838

41 37 0.24325

42 37 0.218703

43 37 0.193292

44 37 0.167118

45 37 0.140285

46 37 0.112898

47 37 0.0850659

48 37 0.0568978

49 37 0.0285051

50 37 0

0 38 0

1 38 0.0267681

2 38 0.0534306

3 38 0.0798822

4 38 0.106019

5 38 0.131736

6 38 0.156934

7 38 0.181513

8 38 0.205376

9 38 0.228427

10 38 0.250578

11 38 0.271739

12 38 0.291828

13 38 0.310765

14 38 0.328476

15 38 0.344891

16 38 0.359944

17 38 0.373577

18 38 0.385735

19 38 0.396371

20 38 0.405443

21 38 0.412915

22 38 0.418757

23 38 0.422947

24 38 0.425467

25 38 0.426308

26 38 0.425467

27 38 0.422947

28 38 0.418757

29 38 0.412915

30 38 0.405443

31 38 0.396371

32 38 0.385735

33 38 0.373577

34 38 0.359944

35 38 0.344891

36 38 0.328476

37 38 0.310765

38 38 0.291828

39 38 0.271739

40 38 0.250578

41 38 0.228427

42 38 0.205376

43 38 0.181513

44 38 0.156934

45 38 0.131736

46 38 0.106019

47 38 0.0798822

48 38 0.0534306

49 38 0.0267681

50 38 0

0 39 0

1 39 0.0249254

2 39 0.0497525

3 39 0.0743832

4 39 0.0987204

5 39 0.122668

6 39 0.146131

7 39 0.169018

8 39 0.191238

9 39 0.212703

10 39 0.233328

11 39 0.253033

12 39 0.271739

13 39 0.289373

14 39 0.305864

15 39 0.321149

16 39 0.335166

17 39 0.34786

18 39 0.359182

19 39 0.369086

20 39 0.377533

21 39 0.384491

22 39 0.389931

23 39 0.393832

24 39 0.396178

25 39 0.396962

26 39 0.396178

27 39 0.393832

28 39 0.389931

29 39 0.384491

30 39 0.377533

31 39 0.369086

32 39 0.359182

33 39 0.34786

34 39 0.335166

35 39 0.321149

36 39 0.305864

37 39 0.289373

38 39 0.271739

39 39 0.253033

40 39 0.233328

41 39 0.212703

42 39 0.191238

43 39 0.169018

44 39 0.146131

45 39 0.122668

46 39 0.0987204

47 39 0.0743832

48 39 0.0497525

49 39 0.0249254

50 39 0

0 40 0

1 40 0.0229844

2 40 0.0458781

3 40 0.0685907

4 40 0.0910326

5 40 0.113115

6 40 0.134752

7 40 0.155856

8 40 0.176345

9 40 0.196139

10 40 0.215158

11 40 0.233328

12 40 0.250578

13 40 0.266838

14 40 0.282045

15 40 0.29614

16 40 0.309065

17 40 0.320771

18 40 0.331211

19 40 0.340344

20 40 0.348133

21 40 0.354549

22 40 0.359565

23 40 0.363162

24 40 0.365326

25 40 0.366049

26 40 0.365326

27 40 0.363162

28 40 0.359565

29 40 0.354549

30 40 0.348133

31 40 0.340344

32 40 0.331211

33 40 0.320771

34 40 0.309065

35 40 0.29614

36 40 0.282045

37 40 0.266838

38 40 0.250578

39 40 0.233328

40 40 0.215158

41 40 0.196139

42 40 0.176345

43 40 0.155856

44 40 0.134752

45 40 0.113115

46 40 0.0910326

47 40 0.0685907

48 40 0.0458781

49 40 0.0229844

50 40 0

0 41 0

1 41 0.0209526

2 41 0.0418226

3 41 0.0625275

4 41 0.0829856

5 41 0.103116

6 41 0.12284

7 41 0.142079

8 41 0.160757

9 41 0.178801

10 41 0.196139

11 41 0.212703

12 41 0.228427

13 41 0.24325

14 41 0.257113

15 41 0.269962

16 41 0.281745

17 41 0.292416

18 41 0.301933

19 41 0.310258

20 41 0.317359

21 41 0.323208

22 41 0.327781

23 41 0.33106

24 41 0.333033

25 41 0.333691

26 41 0.333033

27 41 0.33106

28 41 0.327781

29 41 0.323208

30 41 0.317359

31 41 0.310258

32 41 0.301933

33 41 0.292416

34 41 0.281745

35 41 0.269962

36 41 0.257113

37 41 0.24325

38 41 0.228427

39 41 0.212703

40 41 0.196139

41 41 0.178801

42 41 0.160757

43 41 0.142079

44 41 0.12284

45 41 0.103116

46 41 0.0829856

47 41 0.0625275

48 41 0.0418226

49 41 0.0209526

50 41 0

0 42 0

1 42 0.0188382

2 42 0.0376021

3 42 0.0562175

4 42 0.0746111

5 42 0.0927102

6 42 0.110443

7 42 0.127741

8 42 0.144534

9 42 0.160757

10 42 0.176345

11 42 0.191238

12 42 0.205376

13 42 0.218703

14 42 0.231167

15 42 0.242719

16 42 0.253312

17 42 0.262907

18 42 0.271463

19 42 0.278948

20 42 0.285333

21 42 0.290591

22 42 0.294703

23 42 0.297651

24 42 0.299425

25 42 0.300017

26 42 0.299425

27 42 0.297651

28 42 0.294703

29 42 0.290591

30 42 0.285333

31 42 0.278948

32 42 0.271463

33 42 0.262907

34 42 0.253312

35 42 0.242719

36 42 0.231167

37 42 0.218703

38 42 0.205376

39 42 0.191238

40 42 0.176345

41 42 0.160757

42 42 0.144534

43 42 0.127741

44 42 0.110443

45 42 0.0927102

46 42 0.0746111

47 42 0.0562175

48 42 0.0376021

49 42 0.0188382

50 42 0

0 43 0

1 43 0.0166494

2 43 0.0332331

3 43 0.0496857

4 43 0.0659421

5 43 0.0819383

6 43 0.0976112

7 43 0.112899

8 43 0.127741

9 43 0.142079

10 43 0.155856

11 43 0.169018

12 43 0.181513

13 43 0.193292

14 43 0.204308

15 43 0.214517

16 43 0.22388

17 43 0.23236

18 43 0.239922

19 43 0.246538

20 43 0.25218

21 43 0.256828

22 43 0.260461

23 43 0.263067

24 43 0.264635

25 43 0.265158

26 43 0.264635

27 43 0.263067

28 43 0.260461

29 43 0.256828

30 43 0.25218

31 43 0.246538

32 43 0.239922

33 43 0.23236

34 43 0.22388

35 43 0.214517

36 43 0.204308

37 43 0.193292

38 43 0.181513

39 43 0.169018

40 43 0.155856

41 43 0.142079

42 43 0.127741

43 43 0.112899

44 43 0.0976112

45 43 0.0819383

46 43 0.0659421

47 43 0.0496857

48 43 0.0332331

49 43 0.0166494

50 43 0

0 44 0

1 44 0.0143949

2 44 0.028733

3 44 0.0429577

4 44 0.0570129

5 44 0.0708431

6 44 0.0843937

7 44 0.0976112

8 44 0.110443

9 44 0.12284

10 44 0.134752

11 44 0.146131

12 44 0.156934

13 44 0.167118

14 44 0.176642

15 44 0.18547

16 44 0.193565

17 44 0.200896

18 44 0.207434

19 44 0.213154

20 44 0.218033

21 44 0.222051

22 44 0.225192

23 44 0.227445

24 44 0.228801

25 44 0.229253

26 44 0.228801

27 44 0.227445

28 44 0.225192

29 44 0.222051

30 44 0.218033

31 44 0.213154

32 44 0.207434

33 44 0.200896

34 44 0.193565

35 44 0.18547

36 44 0.176642

37 44 0.167118

38 44 0.156934

39 44 0.146131

40 44 0.134752

41 44 0.12284

42 44 0.110443

43 44 0.0976112

44 44 0.0843937

45 44 0.0708431

46 44 0.0570129

47 44 0.0429577

48 44 0.028733

49 44 0.0143949

50 44 0

0 45 0

1 45 0.0120836

2 45 0.0241195

3 45 0.0360603

4 45 0.0478587

5 45 0.0594682

6 45 0.0708431

7 45 0.0819383

8 45 0.0927102

9 45 0.103116

10 45 0.113115

11 45 0.122668

12 45 0.131736

13 45 0.140285

14 45 0.14828

15 45 0.15569

16 45 0.162485

17 45 0.168639

18 45 0.174128

19 45 0.178929

20 45 0.183024

21 45 0.186397

22 45 0.189035

23 45 0.190926

24 45 0.192063

25 45 0.192443

26 45 0.192063

27 45 0.190926

28 45 0.189035

29 45 0.186397

30 45 0.183024

31 45 0.178929

32 45 0.174128

33 45 0.168639

34 45 0.162485

35 45 0.15569

36 45 0.14828

37 45 0.140285

38 45 0.131736

39 45 0.122668

40 45 0.113115

41 45 0.103116

42 45 0.0927102

43 45 0.0819383

44 45 0.0708431

45 45 0.0594682

46 45 0.0478587

47 45 0.0360603

48 45 0.0241195

49 45 0.0120836

50 45 0

0 46 0

1 46 0.00972462

2 46 0.0194109

3 46 0.0290205

4 46 0.0385156

5 46 0.0478587

6 46 0.0570129

7 46 0.0659421

8 46 0.0746111

9 46 0.0829856

10 46 0.0910326

11 46 0.0987204

12 46 0.106019

13 46 0.112898

14 46 0.119332

15 46 0.125296

16 46 0.130764

17 46 0.135717

18 46 0.140134

19 46 0.143998

20 46 0.147294

21 46 0.150008

22 46 0.152131

23 46 0.153653

24 46 0.154568

25 46 0.154874

26 46 0.154568

27 46 0.153653

28 46 0.152131

29 46 0.150008

30 46 0.147294

31 46 0.143998

32 46 0.140134

33 46 0.135717

34 46 0.130764

35 46 0.125296

36 46 0.119332

37 46 0.112898

38 46 0.106019

39 46 0.0987204

40 46 0.0910326

41 46 0.0829856

42 46 0.0746111

43 46 0.0659421

44 46 0.0570129

45 46 0.0478587

46 46 0.0385156

47 46 0.0290205

48 46 0.0194109

49 46 0.00972462

50 46 0

0 47 0

1 47 0.00732724

2 47 0.0146256

3 47 0.0218662

4 47 0.0290205

5 47 0.0360603

6 47 0.0429577

7 47 0.0496857

8 47 0.0562175

9 47 0.0625275

10 47 0.0685907

11 47 0.0743832

12 47 0.0798822

13 47 0.0850659

14 47 0.0899139

15 47 0.094407

16 47 0.0985276

17 47 0.102259

18 47 0.105587

19 47 0.108499

20 47 0.110982

21 47 0.113027

22 47 0.114627

23 47 0.115773

24 47 0.116463

25 47 0.116693

26 47 0.116463

27 47 0.115773

28 47 0.114627

29 47 0.113027

30 47 0.110982

31 47 0.108499

32 47 0.105587

33 47 0.102259

34 47 0.0985276

35 47 0.094407

36 47 0.0899139

37 47 0.0850659

38 47 0.0798822

39 47 0.0743832

40 47 0.0685907

41 47 0.0625275

42 47 0.0562175

43 47 0.0496857

44 47 0.0429577

45 47 0.0360603

46 47 0.0290205

47 47 0.0218662

48 47 0.0146256

49 47 0.00732724

50 47 0

0 48 0

1 48 0.00490095

2 48 0.00978257

3 48 0.0146256

4 48 0.0194109

5 48 0.0241195

6 48 0.028733

7 48 0.0332331

8 48 0.0376021

9 48 0.0418226

10 48 0.0458781

11 48 0.0497525

12 48 0.0534306

13 48 0.0568978

14 48 0.0601404

15 48 0.0631458

16 48 0.0659019

17 48 0.0683979

18 48 0.070624

19 48 0.0725713

20 48 0.0742323

21 48 0.0756003

22 48 0.0766699

23 48 0.077437

24 48 0.0778984

25 48 0.0780525

26 48 0.0778984

27 48 0.077437

28 48 0.0766699

29 48 0.0756003

30 48 0.0742323

31 48 0.0725713

32 48 0.070624

33 48 0.0683979

34 48 0.0659019

35 48 0.0631458

36 48 0.0601404

37 48 0.0568978

38 48 0.0534306

39 48 0.0497525

40 48 0.0458781

41 48 0.0418226

42 48 0.0376021

43 48 0.0332331

44 48 0.028733

45 48 0.0241195

46 48 0.0194109

47 48 0.0146256

48 48 0.00978257

49 48 0.00490095

50 48 0

0 49 0

1 49 0.00245532

2 49 0.00490095

3 49 0.00732724

4 49 0.00972462

5 49 0.0120836

6 49 0.0143949

7 49 0.0166494

8 49 0.0188382

9 49 0.0209526

10 49 0.0229844

11 49 0.0249254

12 49 0.0267681

13 49 0.0285051

14 49 0.0301297

15 49 0.0316353

16 49 0.0330161

17 49 0.0342666

18 49 0.0353818

19 49 0.0363574

20 49 0.0371895

21 49 0.0378749

22 49 0.0384108

23 49 0.038795

24 49 0.0390262

25 49 0.0391034

26 49 0.0390262

27 49 0.038795

28 49 0.0384108

29 49 0.0378749

30 49 0.0371895

31 49 0.0363574

32 49 0.0353818

33 49 0.0342666

34 49 0.0330161

35 49 0.0316353

36 49 0.0301297

37 49 0.0285051

38 49 0.0267681

39 49 0.0249254

40 49 0.0229844

41 49 0.0209526

42 49 0.0188382

43 49 0.0166494

44 49 0.0143949

45 49 0.0120836

46 49 0.00972462

47 49 0.00732724

48 49 0.00490095

49 49 0.00245532

50 49 0

