0 1 0

1 1 0.00136911

2 1 0.00273281

3 1 0.00408572

4 1 0.00542252

5 1 0.00673791

6 1 0.00802671

7 1 0.00928383

8 1 0.0105043

9 1 0.0116833

10 1 0.0128163

11 1 0.0138986

12 1 0.0149261

13 1 0.0158947

14 1 0.0168005

15 1 0.0176401

16 1 0.01841

17 1 0.0191073

18 1 0.0197291

19 1 0.0202732

20 1 0.0207372

21 1 0.0211193

22 1 0.0214181

23 1 0.0216324

24 1 0.0217613

25 1 0.0218043

26 1 0.0217613

27 1 0.0216324

28 1 0.0214181

29 1 0.0211193

30 1 0.0207372

31 1 0.0202732

32 1 0.0197291

33 1 0.0191073

34 1 0.01841

35 1 0.0176401

36 1 0.0168005

37 1 0.0158947

38 1 0.0149261

39 1 0.0138986

40 1 0.0128163

41 1 0.0116833

42 1 0.0105043

43 1 0.00928383

44 1 0.00802671

45 1 0.00673791

46 1 0.00542252

47 1 0.00408572

48 1 0.00273281

49 1 0.00136911

50 1 0

0 2 0

1 2 0.00273281

2 2 0.00545483

3 2 0.00815532

4 2 0.0108236

5 2 0.0134492

6 2 0.0160217

7 2 0.018531

8 2 0.0209672

9 2 0.0233206

10 2 0.0255819

11 2 0.0277424

12 2 0.0297933

13 2 0.0317266

14 2 0.0335347

15 2 0.0352105

16 2 0.0367474

17 2 0.0381392

18 2 0.0393804

19 2 0.0404663

20 2 0.0413925

21 2 0.0421553

22 2 0.0427517

23 2 0.0431794

24 2 0.0434367

25 2 0.0435226

26 2 0.0434367

27 2 0.0431794

28 2 0.0427517

29 2 0.0421553

30 2 0.0413925

31 2 0.0404663

32 2 0.0393804

33 2 0.0381392

34 2 0.0367474

35 2 0.0352105

36 2 0.0335347

37 2 0.0317266

38 2 0.0297933

39 2 0.0277424

40 2 0.0255819

41 2 0.0233206

42 2 0.0209672

43 2 0.018531

44 2 0.0160217

45 2 0.0134492

46 2 0.0108236

47 2 0.00815532

48 2 0.00545483

49 2 0.00273281

50 2 0

0 3 0

1 3 0.00408572

2 3 0.00815532

3 3 0.0121927

4 3 0.016182

5 3 0.0201075

6 3 0.0239535

7 3 0.0277051

8 3 0.0313473

9 3 0.0348658

10 3 0.0382467

11 3 0.0414766

12 3 0.0445429

13 3 0.0474333

14 3 0.0501366

15 3 0.052642

16 3 0.0549397

17 3 0.0570205

18 3 0.0588763

19 3 0.0604997

20 3 0.0618844

21 3 0.0630249

22 3 0.0639166

23 3 0.064556

24 3 0.0649407

25 3 0.0650691

26 3 0.0649407

27 3 0.064556

28 3 0.0639166

29 3 0.0630249

30 3 0.0618844

31 3 0.0604997

32 3 0.0588763

33 3 0.0570205

34 3 0.0549397

35 3 0.052642

36 3 0.0501366

37 3 0.0474333

38 3 0.0445429

39 3 0.0414766

40 3 0.0382467

41 3 0.0348658

42 3 0.0313473

43 3 0.0277051

44 3 0.0239535

45 3 0.0201075

46 3 0.016182

47 3 0.0121927

48 3 0.00815532

49 3 0.00408572

50 3 0

0 4 0

1 4 0.00542252

2 4 0.0108236

3 4 0.016182

4 4 0.0214766

5 4 0.0266863

6 4 0.0317908

7 4 0.0367698

8 4 0.0416037

9 4 0.0462734

10 4 0.0507605

11 4 0.0550472

12 4 0.0591167

13 4 0.0629529

14 4 0.0665406

15 4 0.0698658

16 4 0.0729152

17 4 0.0756768

18 4 0.0781398

19 4 0.0802944

20 4 0.0821321

21 4 0.0836457

22 4 0.0848292

23 4 0.0856779

24 4 0.0861884

25 4 0.0863588

26 4 0.0861884

27 4 0.0856779

28 4 0.0848292

29 4 0.0836457

30 4 0.0821321

31 4 0.0802944

32 4 0.0781398

33 4 0.0756768

34 4 0.0729152

35 4 0.0698658

36 4 0.0665406

37 4 0.0629529

38 4 0.0591167

39 4 0.0550472

40 4 0.0507605

41 4 0.0462734

42 4 0.0416037

43 4 0.0367698

44 4 0.0317908

45 4 0.0266863

46 4 0.0214766

47 4 0.016182

48 4 0.0108236

49 4 0.00542252

50 4 0

0 5 0

1 5 0.00673791

2 5 0.0134492

3 5 0.0201075

4 5 0.0266863

5 5 0.0331599

6 5 0.0395026

7 5 0.0456894

8 5 0.0516959

9 5 0.0574984

10 5 0.0630739

11 5 0.0684005

12 5 0.0734572

13 5 0.078224

14 5 0.082682

15 5 0.0868138

16 5 0.0906029

17 5 0.0940345

18 5 0.0970949

19 5 0.0997722

20 5 0.102056

21 5 0.103936

22 5 0.105407

23 5 0.106462

24 5 0.107096

25 5 0.107308

26 5 0.107096

27 5 0.106462

28 5 0.105407

29 5 0.103936

30 5 0.102056

31 5 0.0997722

32 5 0.0970949

33 5 0.0940345

34 5 0.0906029

35 5 0.0868138

36 5 0.082682

37 5 0.078224

38 5 0.0734572

39 5 0.0684005

40 5 0.0630739

41 5 0.0574984

42 5 0.0516959

43 5 0.0456894

44 5 0.0395026

45 5 0.0331599

46 5 0.0266863

47 5 0.0201075

48 5 0.0134492

49 5 0.00673791

50 5 0

0 6 0

1 6 0.00802671

2 6 0.0160217

3 6 0.0239535

4 6 0.0317908

5 6 0.0395026

6 6 0.0470585

7 6 0.0544287

8 6 0.0615841

9 6 0.0684964

10 6 0.0751384

11 6 0.0814839

12 6 0.0875078

13 6 0.0931863

14 6 0.0984971

15 6 0.103419

16 6 0.107933

17 6 0.112021

18 6 0.115667

19 6 0.118856

20 6 0.121577

21 6 0.123817

22 6 0.125569

23 6 0.126825

24 6 0.127581

25 6 0.127833

26 6 0.127581

27 6 0.126825

28 6 0.125569

29 6 0.123817

30 6 0.121577

31 6 0.118856

32 6 0.115667

33 6 0.112021

34 6 0.107933

35 6 0.103419

36 6 0.0984971

37 6 0.0931863

38 6 0.0875078

39 6 0.0814839

40 6 0.0751384

41 6 0.0684964

42 6 0.0615841

43 6 0.0544287

44 6 0.0470585

45 6 0.0395026

46 6 0.0317908

47 6 0.0239535

48 6 0.0160217

49 6 0.00802671

50 6 0

0 7 0

1 7 0.00928383

2 7 0.018531

3 7 0.0277051

4 7 0.0367698

5 7 0.0456894

6 7 0.0544287

7 7 0.0629532

8 7 0.0712292

9 7 0.0792242

10 7 0.0869064

11 7 0.0942457

12 7 0.101213

13 7 0.107781

14 7 0.113923

15 7 0.119616

16 7 0.124837

17 7 0.129565

18 7 0.133782

19 7 0.137471

20 7 0.140618

21 7 0.143209

22 7 0.145235

23 7 0.146688

24 7 0.147562

25 7 0.147854

26 7 0.147562

27 7 0.146688

28 7 0.145235

29 7 0.143209

30 7 0.140618

31 7 0.137471

32 7 0.133782

33 7 0.129565

34 7 0.124837

35 7 0.119616

36 7 0.113923

37 7 0.107781

38 7 0.101213

39 7 0.0942457

40 7 0.0869064

41 7 0.0792242

42 7 0.0712292

43 7 0.0629532

44 7 0.0544287

45 7 0.0456894

46 7 0.0367698

47 7 0.0277051

48 7 0.018531

49 7 0.00928383

50 7 0

0 8 0

1 8 0.0105043

2 8 0.0209672

3 8 0.0313473

4 8 0.0416037

5 8 0.0516959

6 8 0.0615841

7 8 0.0712292

8 8 0.0805933

9 8 0.0896392

10 8 0.0983314

11 8 0.106636

12 8 0.114519

13 8 0.12195

14 8 0.1289

15 8 0.135342

16 8 0.141249

17 8 0.146599

18 8 0.15137

19 8 0.155544

20 8 0.159104

21 8 0.162036

22 8 0.164328

23 8 0.165972

24 8 0.166961

25 8 0.167291

26 8 0.166961

27 8 0.165972

28 8 0.164328

29 8 0.162036

30 8 0.159104

31 8 0.155544

32 8 0.15137

33 8 0.146599

34 8 0.141249

35 8 0.135342

36 8 0.1289

37 8 0.12195

38 8 0.114519

39 8 0.106636

40 8 0.0983314

41 8 0.0896392

42 8 0.0805933

43 8 0.0712292

44 8 0.0615841

45 8 0.0516959

46 8 0.0416037

47 8 0.0313473

48 8 0.0209672

49 8 0.0105043

50 8 0

0 9 0

1 9 0.0116833

2 9 0.0233206

3 9 0.0348658

4 9 0.0462734

5 9 0.0574984

6 9 0.0684964

7 9 0.0792242

8 9 0.0896392

9 9 0.0997005

10 9 0.109368

11 9 0.118605

12 9 0.127373

13 9 0.135638

14 9 0.143368

15 9 0.150533

16 9 0.157103

17 9 0.163053

18 9 0.16836

19 9 0.173002

20 9 0.176962

21 9 0.180223

22 9 0.182773

23 9 0.184601

24 9 0.185701

25 9 0.186069

26 9 0.185701

27 9 0.184601

28 9 0.182773

29 9 0.180223

30 9 0.176962

31 9 0.173002

32 9 0.16836

33 9 0.163053

34 9 0.157103

35 9 0.150533

36 9 0.143368

37 9 0.135638

38 9 0.127373

39 9 0.118605

40 9 0.109368

41 9 0.0997005

42 9 0.0896392

43 9 0.0792242

44 9 0.0684964

45 9 0.0574984

46 9 0.0462734

47 9 0.0348658

48 9 0.0233206

49 9 0.0116833

50 9 0

0 10 0

1 10 0.0128163

2 10 0.0255819

3 10 0.0382467

4 10 0.0507605

5 10 0.0630739

6 10 0.0751384

7 10 0.0869064

8 10 0.0983314

9 10 0.109368

10 10 0.119974

11 10 0.130106

12 10 0.139724

13 10 0.148791

14 10 0.157271

15 10 0.16513

16 10 0.172337

17 10 0.178864

18 10 0.184686

19 10 0.189778

20 10 0.194122

21 10 0.197699

22 10 0.200496

23 10 0.202502

24 10 0.203709

25 10 0.204111

26 10 0.203709

27 10 0.202502

28 10 0.200496

29 10 0.197699

30 10 0.194122

31 10 0.189778

32 10 0.184686

33 10 0.178864

34 10 0.172337

35 10 0.16513

36 10 0.157271

37 10 0.148791

38 10 0.139724

39 10 0.130106

40 10 0.119974

41 10 0.109368

42 10 0.0983314

43 10 0.0869064

44 10 0.0751384

45 10 0.0630739

46 10 0.0507605

47 10 0.0382467

48 10 0.0255819

49 10 0.0128163

50 10 0

0 11 0

1 11 0.0138986

2 11 0.0277424

3 11 0.0414766

4 11 0.0550472

5 11 0.0684005

6 11 0.0814839

7 11 0.0942457

8 11 0.106636

9 11 0.118605

10 11 0.130106

11 11 0.141093

12 11 0.151524

13 11 0.161356

14 11 0.170552

15 11 0.179075

16 11 0.186891

17 11 0.193969

18 11 0.200282

19 11 0.205805

20 11 0.210515

21 11 0.214395

22 11 0.217428

23 11 0.219603

24 11 0.220912

25 11 0.221349

26 11 0.220912

27 11 0.219603

28 11 0.217428

29 11 0.214395

30 11 0.210515

31 11 0.205805

32 11 0.200282

33 11 0.193969

34 11 0.186891

35 11 0.179075

36 11 0.170552

37 11 0.161356

38 11 0.151524

39 11 0.141093

40 11 0.130106

41 11 0.118605

42 11 0.106636

43 11 0.0942457

44 11 0.0814839

45 11 0.0684005

46 11 0.0550472

47 11 0.0414766

48 11 0.0277424

49 11 0.0138986

50 11 0

0 12 0

1 12 0.0149261

2 12 0.0297933

3 12 0.0445429

4 12 0.0591167

5 12 0.0734572

6 12 0.0875078

7 12 0.101213

8 12 0.114519

9 12 0.127373

10 12 0.139724

11 12 0.151524

12 12 0.162725

13 12 0.173285

14 12 0.183161

15 12 0.192313

16 12 0.200707

17 12 0.208309

18 12 0.215089

19 12 0.221019

20 12 0.226078

21 12 0.230244

22 12 0.233502

23 12 0.235838

24 12 0.237243

25 12 0.237712

26 12 0.237243

27 12 0.235838

28 12 0.233502

29 12 0.230244

30 12 0.226078

31 12 0.221019

32 12 0.215089

33 12 0.208309

34 12 0.200707

35 12 0.192313

36 12 0.183161

37 12 0.173285

38 12 0.162725

39 12 0.151524

40 12 0.139724

41 12 0.127373

42 12 0.114519

43 12 0.101213

44 12 0.0875078

45 12 0.0734572

46 12 0.0591167

47 12 0.0445429

48 12 0.0297933

49 12 0.0149261

50 12 0

0 13 0

1 13 0.0158947

2 13 0.0317266

3 13 0.0474333

4 13 0.0629529

5 13 0.078224

6 13 0.0931863

7 13 0.107781

8 13 0.12195

9 13 0.135638

10 13 0.148791

11 13 0.161356

12 13 0.173285

13 13 0.18453

14 13 0.195046

15 13 0.204793

16 13 0.213732

17 13 0.221827

18 13 0.229046

19 13 0.235362

20 13 0.240749

21 13 0.245185

22 13 0.248654

23 13 0.251142

24 13 0.252639

25 13 0.253138

26 13 0.252639

27 13 0.251142

28 13 0.248654

29 13 0.245185

30 13 0.240749

31 13 0.235362

32 13 0.229046

33 13 0.221827

34 13 0.213732

35 13 0.204793

36 13 0.195046

37 13 0.18453

38 13 0.173285

39 13 0.161356

40 13 0.148791

41 13 0.135638

42 13 0.12195

43 13 0.107781

44 13 0.0931863

45 13 0.078224

46 13 0.0629529

47 13 0.0474333

48 13 0.0317266

49 13 0.0158947

50 13 0

0 14 0

1 14 0.0168005

2 14 0.0335347

3 14 0.0501366

4 14 0.0665406

5 14 0.082682

6 14 0.0984971

7 14 0.113923

8 14 0.1289

9 14 0.143368

10 14 0.157271

11 14 0.170552

12 14 0.183161

13 14 0.195046

14 14 0.206162

15 14 0.216464

16 14 0.225912

17 14 0.234469

18 14 0.2421

19 14 0.248775

20 14 0.254469

21 14 0.259159

22 14 0.262825

23 14 0.265455

24 14 0.267037

25 14 0.267565

26 14 0.267037

27 14 0.265455

28 14 0.262825

29 14 0.259159

30 14 0.254469

31 14 0.248775

32 14 0.2421

33 14 0.234469

34 14 0.225912

35 14 0.216464

36 14 0.206162

37 14 0.195046

38 14 0.183161

39 14 0.170552

40 14 0.157271

41 14 0.143368

42 14 0.1289

43 14 0.113923

44 14 0.0984971

45 14 0.082682

46 14 0.0665406

47 14 0.0501366

48 14 0.0335347

49 14 0.0168005

50 14 0

0 15 0

1 15 0.0176401

2 15 0.0352105

3 15 0.052642

4 15 0.0698658

5 15 0.0868138

6 15 0.103419

7 15 0.119616

8 15 0.135342

9 15 0.150533

10 15 0.16513

11 15 0.179075

12 15 0.192313

13 15 0.204793

14 15 0.216464

15 15 0.227281

16 15 0.237202

17 15 0.246185

18 15 0.254198

19 15 0.261207

20 15 0.267185

21 15 0.272109

22 15 0.275959

23 15 0.27872

24 15 0.280381

25 15 0.280935

26 15 0.280381

27 15 0.27872

28 15 0.275959

29 15 0.272109

30 15 0.267185

31 15 0.261207

32 15 0.254198

33 15 0.246185

34 15 0.237202

35 15 0.227281

36 15 0.216464

37 15 0.204793

38 15 0.192313

39 15 0.179075

40 15 0.16513

41 15 0.150533

42 15 0.135342

43 15 0.119616

44 15 0.103419

45 15 0.0868138

46 15 0.0698658

47 15 0.052642

48 15 0.0352105

49 15 0.0176401

50 15 0

0 16 0

1 16 0.01841

2 16 0.0367474

3 16 0.0549397

4 16 0.0729152

5 16 0.0906029

6 16 0.107933

7 16 0.124837

8 16 0.141249

9 16 0.157103

10 16 0.172337

11 16 0.186891

12 16 0.200707

13 16 0.213732

14 16 0.225912

15 16 0.237202

16 16 0.247555

17 16 0.256931

18 16 0.265293

19 16 0.272608

20 16 0.278847

21 16 0.283986

22 16 0.288004

23 16 0.290885

24 16 0.292619

25 16 0.293197

26 16 0.292619

27 16 0.290885

28 16 0.288004

29 16 0.283986

30 16 0.278847

31 16 0.272608

32 16 0.265293

33 16 0.256931

34 16 0.247555

35 16 0.237202

36 16 0.225912

37 16 0.213732

38 16 0.200707

39 16 0.186891

40 16 0.172337

41 16 0.157103

42 16 0.141249

43 16 0.124837

44 16 0.107933

45 16 0.0906029

46 16 0.0729152

47 16 0.0549397

48 16 0.0367474

49 16 0.01841

50 16 0

0 17 0

1 17 0.0191073

2 17 0.0381392

3 17 0.0570205

4 17 0.0756768

5 17 0.0940345

6 17 0.112021

7 17 0.129565

8 17 0.146599

9 17 0.163053

10 17 0.178864

11 17 0.193969

12 17 0.208309

13 17 0.221827

14 17 0.234469

15 17 0.246185

16 17 0.256931

17 17 0.266662

18 17 0.275341

19 17 0.282933

20 17 0.289408

21 17 0.294742

22 17 0.298912

23 17 0.301902

24 17 0.303702

25 17 0.304302

26 17 0.303702

27 17 0.301902

28 17 0.298912

29 17 0.294742

30 17 0.289408

31 17 0.282933

32 17 0.275341

33 17 0.266662

34 17 0.256931

35 17 0.246185

36 17 0.234469

37 17 0.221827

38 17 0.208309

39 17 0.193969

40 17 0.178864

41 17 0.163053

42 17 0.146599

43 17 0.129565

44 17 0.112021

45 17 0.0940345

46 17 0.0756768

47 17 0.0570205

48 17 0.0381392

49 17 0.0191073

50 17 0

0 18 0

1 18 0.0197291

2 18 0.0393804

3 18 0.0588763

4 18 0.0781398

5 18 0.0970949

6 18 0.115667

7 18 0.133782

8 18 0.15137

9 18 0.16836

10 18 0.184686

11 18 0.200282

12 18 0.215089

13 18 0.229046

14 18 0.2421

15 18 0.254198

16 18 0.265293

17 18 0.275341

18 18 0.284302

19 18 0.292141

20 18 0.298828

21 18 0.304334

22 18 0.30864

23 18 0.311728

24 18 0.313586

25 18 0.314206

26 18 0.313586

27 18 0.311728

28 18 0.30864

29 18 0.304334

30 18 0.298828

31 18 0.292141

32 18 0.284302

33 18 0.275341

34 18 0.265293

35 18 0.254198

36 18 0.2421

37 18 0.229046

38 18 0.215089

39 18 0.200282

40 18 0.184686

41 18 0.16836

42 18 0.15137

43 18 0.133782

44 18 0.115667

45 18 0.0970949

46 18 0.0781398

47 18 0.0588763

48 18 0.0393804

49 18 0.0197291

50 18 0

0 19 0

1 19 0.0202732

2 19 0.0404663

3 19 0.0604997

4 19 0.0802944

5 19 0.0997722

6 19 0.118856

7 19 0.137471

8 19 0.155544

9 19 0.173002

10 19 0.189778

11 19 0.205805

12 19 0.221019

13 19 0.235362

14 19 0.248775

15 19 0.261207

16 19 0.272608

17 19 0.282933

18 19 0.292141

19 19 0.300197

20 19 0.307067

21 19 0.312726

22 19 0.317151

23 19 0.320324

24 19 0.322233

25 19 0.32287

26 19 0.322233

27 19 0.320324

28 19 0.317151

29 19 0.312726

30 19 0.307067

31 19 0.300197

32 19 0.292141

33 19 0.282933

34 19 0.272608

35 19 0.261207

36 19 0.248775

37 19 0.235362

38 19 0.221019

39 19 0.205805

40 19 0.189778

41 19 0.173002

42 19 0.155544

43 19 0.137471

44 19 0.118856

45 19 0.0997722

46 19 0.0802944

47 19 0.0604997

48 19 0.0404663

49 19 0.0202732

50 19 0

0 20 0

1 20 0.0207372

2 20 0.0413925

3 20 0.0618844

4 20 0.0821321

5 20 0.102056

6 20 0.121577

7 20 0.140618

8 20 0.159104

9 20 0.176962

10 20 0.194122

11 20 0.210515

12 20 0.226078

13 20 0.240749

14 20 0.254469

15 20 0.267185

16 20 0.278847

17 20 0.289408

18 20 0.298828

19 20 0.307067

20 20 0.314095

21 20 0.319884

22 20 0.324409

23 20 0.327655

24 20 0.329608

25 20 0.330259

26 20 0.329608

27 20 0.327655

28 20 0.324409

29 20 0.319884

30 20 0.314095

31 20 0.307067

32 20 0.298828

33 20 0.289408

34 20 0.278847

35 20 0.267185

36 20 0.254469

37 20 0.240749

38 20 0.226078

39 20 0.210515

40 20 0.194122

41 20 0.176962

42 20 0.159104

43 20 0.140618

44 20 0.121577

45 20 0.102056

46 20 0.0821321

47 20 0.0618844

48 20 0.0413925

49 20 0.0207372

50 20 0

0 21 0

1 21 0.0211193

2 21 0.0421553

3 21 0.0630249

4 21 0.0836457

5 21 0.103936

6 21 0.123817

7 21 0.143209

8 21 0.162036

9 21 0.180223

10 21 0.197699

11 21 0.214395

12 21 0.230244

13 21 0.245185

14 21 0.259159

15 21 0.272109

16 21 0.283986

17 21 0.294742

18 21 0.304334

19 21 0.312726

20 21 0.319884

21 21 0.325779

22 21 0.330388

23 21 0.333693

24 21 0.335682

25 21 0.336345

26 21 0.335682

27 21 0.333693

28 21 0.330388

29 21 0.325779

30 21 0.319884

31 21 0.312726

32 21 0.304334

33 21 0.294742

34 21 0.283986

35 21 0.272109

36 21 0.259159

37 21 0.245185

38 21 0.230244

39 21 0.214395

40 21 0.197699

41 21 0.180223

42 21 0.162036

43 21 0.143209

44 21 0.123817

45 21 0.103936

46 21 0.0836457

47 21 0.0630249

48 21 0.0421553

49 21 0.0211193

50 21 0

0 22 0

1 22 0.0214181

2 22 0.0427517

3 22 0.0639166

4 22 0.0848292

5 22 0.105407

6 22 0.125569

7 22 0.145235

8 22 0.164328

9 22 0.182773

10 22 0.200496

11 22 0.217428

12 22 0.233502

13 22 0.248654

14 22 0.262825

15 22 0.275959

16 22 0.288004

17 22 0.298912

18 22 0.30864

19 22 0.317151

20 22 0.324409

21 22 0.330388

22 22 0.335062

23 22 0.338415

24 22 0.340431

25 22 0.341104

26 22 0.340431

27 22 0.338415

28 22 0.335062

29 22 0.330388

30 22 0.324409

31 22 0.317151

32 22 0.30864

33 22 0.298912

34 22 0.288004

35 22 0.275959

36 22 0.262825

37 22 0.248654

38 22 0.233502

39 22 0.217428

40 22 0.200496

41 22 0.182773

42 22 0.164328

43 22 0.145235

44 22 0.125569

45 22 0.105407

46 22 0.0848292

47 22 0.0639166

48 22 0.0427517

49 22 0.0214181

50 22 0

0 23 0

1 23 0.0216324

2 23 0.0431794

3 23 0.064556

4 23 0.0856779

5 23 0.106462

6 23 0.126825

7 23 0.146688

8 23 0.165972

9 23 0.184601

10 23 0.202502

11 23 0.219603

12 23 0.235838

13 23 0.251142

14 23 0.265455

15 23 0.27872

16 23 0.290885

17 23 0.301902

18 23 0.311728

19 23 0.320324

20 23 0.327655

21 23 0.333693

22 23 0.338415

23 23 0.3418

24 23 0.343837

25 23 0.344517

26 23 0.343837

27 23 0.3418

28 23 0.338415

29 23 0.333693

30 23 0.327655

31 23 0.320324

32 23 0.311728

33 23 0.301902

34 23 0.290885

35 23 0.27872

36 23 0.265455

37 23 0.251142

38 23 0.235838

39 23 0.219603

40 23 0.202502

41 23 0.184601

42 23 0.165972

43 23 0.146688

44 23 0.126825

45 23 0.106462

46 23 0.0856779

47 23 0.064556

48 23 0.0431794

49 23 0.0216324

50 23 0

0 24 0

1 24 0.0217613

2 24 0.0434367

3 24 0.0649407

4 24 0.0861884

5 24 0.107096

6 24 0.127581

7 24 0.147562

8 24 0.166961

9 24 0.185701

10 24 0.203709

11 24 0.220912

12 24 0.237243

13 24 0.252639

14 24 0.267037

15 24 0.280381

16 24 0.292619

17 24 0.303702

18 24 0.313586

19 24 0.322233

20 24 0.329608

21 24 0.335682

22 24 0.340431

23 24 0.343837

24 24 0.345886

25 24 0.34657

26 24 0.345886

27 24 0.343837

28 24 0.340431

29 24 0.335682

30 24 0.329608

31 24 0.322233

32 24 0.313586

33 24 0.303702

34 24 0.292619

35 24 0.280381

36 24 0.267037

37 24 0.252639

38 24 0.237243

39 24 0.220912

40 24 0.203709

41 24 0.185701

42 24 0.166961

43 24 0.147562

44 24 0.127581

45 24 0.107096

46 24 0.0861884

47 24 0.0649407

48 24 0.0434367

49 24 0.0217613

50 24 0

0 25 0

1 25 0.0218043

2 25 0.0435226

3 25 0.0650691

4 25 0.0863588

5 25 0.107308

6 25 0.127833

7 25 0.147854

8 25 0.167291

9 25 0.186069

10 25 0.204111

11 25 0.221349

12 25 0.237712

13 25 0.253138

14 25 0.267565

15 25 0.280935

16 25 0.293197

17 25 0.304302

18 25 0.314206

19 25 0.32287

20 25 0.330259

21 25 0.336345

22 25 0.341104

23 25 0.344517

24 25 0.34657

25 25 0.347255

26 25 0.34657

27 25 0.344517

28 25 0.341104

29 25 0.336345

30 25 0.330259

31 25 0.32287

32 25 0.314206

33 25 0.304302

34 25 0.293197

35 25 0.280935

36 25 0.267565

37 25 0.253138

38 25 0.237712

39 25 0.221349

40 25 0.204111

41 25 0.186069

42 25 0.167291

43 25 0.147854

44 25 0.127833

45 25 0.107308

46 25 0.0863588

47 25 0.0650691

48 25 0.0435226

49 25 0.0218043

50 25 0

0 26 0

1 26 0.0217613

2 26 0.0434367

3 26 0.0649407

4 26 0.0861884

5 26 0.107096

6 26 0.127581

7 26 0.147562

8 26 0.166961

9 26 0.185701

10 26 0.203709

11 26 0.220912

12 26 0.237243

13 26 0.252639

14 26 0.267037

15 26 0.280381

16 26 0.292619

17 26 0.303702

18 26 0.313586

19 26 0.322233

20 26 0.329608

21 26 0.335682

22 26 0.340431

23 26 0.343837

24 26 0.345886

25 26 0.34657

26 26 0.345886

27 26 0.343837

28 26 0.340431

29 26 0.335682

30 26 0.329608

31 26 0.322233

32 26 0.313586

33 26 0.303702

34 26 0.292619

35 26 0.280381

36 26 0.267037

37 26 0.252639

38 26 0.237243

39 26 0.220912

40 26 0.203709

41 26 0.185701

42 26 0.166961

43 26 0.147562

44 26 0.127581

45 26 0.107096

46 26 0.0861884

47 26 0.0649407

48 26 0.0434367

49 26 0.0217613

50 26 0

0 27 0

1 27 0.0216324

2 27 0.0431794

3 27 0.064556

4 27 0.0856779

5 27 0.106462

6 27 0.126825

7 27 0.146688

8 27 0.165972

9 27 0.184601

10 27 0.202502

11 27 0.219603

12 27 0.235838

13 27 0.251142

14 27 0.265455

15 27 0.27872

16 27 0.290885

17 27 0.301902

18 27 0.311728

19 27 0.320324

20 27 0.327655

21 27 0.333693

22 27 0.338415

23 27 0.3418

24 27 0.343837

25 27 0.344517

26 27 0.343837

27 27 0.3418

28 27 0.338415

29 27 0.333693

30 27 0.327655

31 27 0.320324

32 27 0.311728

33 27 0.301902

34 27 0.290885

35 27 0.27872

36 27 0.265455

37 27 0.251142

38 27 0.235838

39 27 0.219603

40 27 0.202502

41 27 0.184601

42 27 0.165972

43 27 0.146688

44 27 0.126825

45 27 0.106462

46 27 0.0856779

47 27 0.064556

48 27 0.0431794

49 27 0.0216324

50 27 0

0 28 0

1 28 0.0214181

2 28 0.0427517

3 28 0.0639166

4 28 0.0848292

5 28 0.105407

6 28 0.125569

7 28 0.145235

8 28 0.164328

9 28 0.182773

10 28 0.200496

11 28 0.217428

12 28 0.233502

13 28 0.248654

14 28 0.262825

15 28 0.275959

16 28 0.288004

17 28 0.298912

18 28 0.30864

19 28 0.317151

20 28 0.324409

21 28 0.330388

22 28 0.335062

23 28 0.338415

24 28 0.340431

25 28 0.341104

26 28 0.340431

27 28 0.338415

28 28 0.335062

29 28 0.330388

30 28 0.324409

31 28 0.317151

32 28 0.30864

33 28 0.298912

34 28 0.288004

35 28 0.275959

36 28 0.262825

37 28 0.248654

38 28 0.233502

39 28 0.217428

40 28 0.200496

41 28 0.182773

42 28 0.164328

43 28 0.145235

44 28 0.125569

45 28 0.105407

46 28 0.0848292

47 28 0.0639166

48 28 0.0427517

49 28 0.0214181

50 28 0

0 29 0

1 29 0.0211193

2 29 0.0421553

3 29 0.0630249

4 29 0.0836457

5 29 0.103936

6 29 0.123817

7 29 0.143209

8 29 0.162036

9 29 0.180223

10 29 0.197699

11 29 0.214395

12 29 0.230244

13 29 0.245185

14 29 0.259159

15 29 0.272109

16 29 0.283986

17 29 0.294742

18 29 0.304334

19 29 0.312726

20 29 0.319884

21 29 0.325779

22 29 0.330388

23 29 0.333693

24 29 0.335682

25 29 0.336345

26 29 0.335682

27 29 0.333693

28 29 0.330388

29 29 0.325779

30 29 0.319884

31 29 0.312726

32 29 0.304334

33 29 0.294742

34 29 0.283986

35 29 0.272109

36 29 0.259159

37 29 0.245185

38 29 0.230244

39 29 0.214395

40 29 0.197699

41 29 0.180223

42 29 0.162036

43 29 0.143209

44 29 0.123817

45 29 0.103936

46 29 0.0836457

47 29 0.0630249

48 29 0.0421553

49 29 0.0211193

50 29 0

0 30 0

1 30 0.0207372

2 30 0.0413925

3 30 0.0618844

4 30 0.0821321

5 30 0.102056

6 30 0.121577

7 30 0.140618

8 30 0.159104

9 30 0.176962

10 30 0.194122

11 30 0.210515

12 30 0.226078

13 30 0.240749

14 30 0.254469

15 30 0.267185

16 30 0.278847

17 30 0.289408

18 30 0.298828

19 30 0.307067

20 30 0.314095

21 30 0.319884

22 30 0.324409

23 30 0.327655

24 30 0.329608

25 30 0.330259

26 30 0.329608

27 30 0.327655

28 30 0.324409

29 30 0.319884

30 30 0.314095

31 30 0.307067

32 30 0.298828

33 30 0.289408

34 30 0.278847

35 30 0.267185

36 30 0.254469

37 30 0.240749

38 30 0.226078

39 30 0.210515

40 30 0.194122

41 30 0.176962

42 30 0.159104

43 30 0.140618

44 30 0.121577

45 30 0.102056

46 30 0.0821321

47 30 0.0618844

48 30 0.0413925

49 30 0.0207372

50 30 0

0 31 0

1 31 0.0202732

2 31 0.0404663

3 31 0.0604997

4 31 0.0802944

5 31 0.0997722

6 31 0.118856

7 31 0.137471

8 31 0.155544

9 31 0.173002

10 31 0.189778

11 31 0.205805

12 31 0.221019

13 31 0.235362

14 31 0.248775

15 31 0.261207

16 31 0.272608

17 31 0.282933

18 31 0.292141

19 31 0.300197

20 31 0.307067

21 31 0.312726

22 31 0.317151

23 31 0.320324

24 31 0.322233

25 31 0.32287

26 31 0.322233

27 31 0.320324

28 31 0.317151

29 31 0.312726

30 31 0.307067

31 31 0.300197

32 31 0.292141

33 31 0.282933

34 31 0.272608

35 31 0.261207

36 31 0.248775

37 31 0.235362

38 31 0.221019

39 31 0.205805

40 31 0.189778

41 31 0.173002

42 31 0.155544

43 31 0.137471

44 31 0.118856

45 31 0.0997722

46 31 0.0802944

47 31 0.0604997

48 31 0.0404663

49 31 0.0202732

50 31 0

0 32 0

1 32 0.0197291

2 32 0.0393804

3 32 0.0588763

4 32 0.0781398

5 32 0.0970949

6 32 0.115667

7 32 0.133782

8 32 0.15137

9 32 0.16836

10 32 0.184686

11 32 0.200282

12 32 0.215089

13 32 0.229046

14 32 0.2421

15 32 0.254198

16 32 0.265293

17 32 0.275341

18 32 0.284302

19 32 0.292141

20 32 0.298828

21 32 0.304334

22 32 0.30864

23 32 0.311728

24 32 0.313586

25 32 0.314206

26 32 0.313586

27 32 0.311728

28 32 0.30864

29 32 0.304334

30 32 0.298828

31 32 0.292141

32 32 0.284302

33 32 0.275341

34 32 0.265293

35 32 0.254198

36 32 0.2421

37 32 0.229046

38 32 0.215089

39 32 0.200282

40 32 0.184686

41 32 0.16836

42 32 0.15137

43 32 0.133782

44 32 0.115667

45 32 0.0970949

46 32 0.0781398

47 32 0.0588763

48 32 0.0393804

49 32 0.0197291

50 32 0

0 33 0

1 33 0.0191073

2 33 0.0381392

3 33 0.0570205

4 33 0.0756768

5 33 0.0940345

6 33 0.112021

7 33 0.129565

8 33 0.146599

9 33 0.163053

10 33 0.178864

11 33 0.193969

12 33 0.208309

13 33 0.221827

14 33 0.234469

15 33 0.246185

16 33 0.256931

17 33 0.266662

18 33 0.275341

19 33 0.282933

20 33 0.289408

21 33 0.294742

22 33 0.298912

23 33 0.301902

24 33 0.303702

25 33 0.304302

26 33 0.303702

27 33 0.301902

28 33 0.298912

29 33 0.294742

30 33 0.289408

31 33 0.282933

32 33 0.275341

33 33 0.266662

34 33 0.256931

35 33 0.246185

36 33 0.234469

37 33 0.221827

38 33 0.208309

39 33 0.193969

40 33 0.178864

41 33 0.163053

42 33 0.146599

43 33 0.129565

44 33 0.112021

45 33 0.0940345

46 33 0.0756768

47 33 0.0570205

48 33 0.0381392

49 33 0.0191073

50 33 0

0 34 0

1 34 0.01841

2 34 0.0367474

3 34 0.0549397

4 34 0.0729152

5 34 0.0906029

6 34 0.107933

7 34 0.124837

8 34 0.141249

9 34 0.157103

10 34 0.172337

11 34 0.186891

12 34 0.200707

13 34 0.213732

14 34 0.225912

15 34 0.237202

16 34 0.247555

17 34 0.256931

18 34 0.265293

19 34 0.272608

20 34 0.278847

21 34 0.283986

22 34 0.288004

23 34 0.290885

24 34 0.292619

25 34 0.293197

26 34 0.292619

27 34 0.290885

28 34 0.288004

29 34 0.283986

30 34 0.278847

31 34 0.272608

32 34 0.265293

33 34 0.256931

34 34 0.247555

35 34 0.237202

36 34 0.225912

37 34 0.213732

38 34 0.200707

39 34 0.186891

40 34 0.172337

41 34 0.157103

42 34 0.141249

43 34 0.124837

44 34 0.107933

45 34 0.0906029

46 34 0.0729152

47 34 0.0549397

48 34 0.0367474

49 34 0.01841

50 34 0

0 35 0

1 35 0.0176401

2 35 0.0352105

3 35 0.052642

4 35 0.0698658

5 35 0.0868138

6 35 0.103419

7 35 0.119616

8 35 0.135342

9 35 0.150533

10 35 0.16513

11 35 0.179075

12 35 0.192313

13 35 0.204793

14 35 0.216464

15 35 0.227281

16 35 0.237202

17 35 0.246185

18 35 0.254198

19 35 0.261207

20 35 0.267185

21 35 0.272109

22 35 0.275959

23 35 0.27872

24 35 0.280381

25 35 0.280935

26 35 0.280381

27 35 0.27872

28 35 0.275959

29 35 0.272109

30 35 0.267185

31 35 0.261207

32 35 0.254198

33 35 0.246185

34 35 0.237202

35 35 0.227281

36 35 0.216464

37 35 0.204793

38 35 0.192313

39 35 0.179075

40 35 0.16513

41 35 0.150533

42 35 0.135342

43 35 0.119616

44 35 0.103419

45 35 0.0868138

46 35 0.0698658

47 35 0.052642

48 35 0.0352105

49 35 0.0176401

50 35 0

0 36 0

1 36 0.0168005

2 36 0.0335347

3 36 0.0501366

4 36 0.0665406

5 36 0.082682

6 36 0.0984971

7 36 0.113923

8 36 0.1289

9 36 0.143368

10 36 0.157271

11 36 0.170552

12 36 0.183161

13 36 0.195046

14 36 0.206162

15 36 0.216464

16 36 0.225912

17 36 0.234469

18 36 0.2421

19 36 0.248775

20 36 0.254469

21 36 0.259159

22 36 0.262825

23 36 0.265455

24 36 0.267037

25 36 0.267565

26 36 0.267037

27 36 0.265455

28 36 0.262825

29 36 0.259159

30 36 0.254469

31 36 0.248775

32 36 0.2421

33 36 0.234469

34 36 0.225912

35 36 0.216464

36 36 0.206162

37 36 0.195046

38 36 0.183161

39 36 0.170552

40 36 0.157271

41 36 0.143368

42 36 0.1289

43 36 0.113923

44 36 0.0984971

45 36 0.082682

46 36 0.0665406

47 36 0.0501366

48 36 0.0335347

49 36 0.0168005

50 36 0

0 37 0

1 37 0.0158947

2 37 0.0317266

3 37 0.0474333

4 37 0.0629529

5 37 0.078224

6 37 0.0931863

7 37 0.107781

8 37 0.12195

9 37 0.135638

10 37 0.148791

11 37 0.161356

12 37 0.173285

13 37 0.18453

14 37 0.195046

15 37 0.204793

16 37 0.213732

17 37 0.221827

18 37 0.229046

19 37 0.235362

20 37 0.240749

21 37 0.245185

22 37 0.248654

23 37 0.251142

24 37 0.252639

25 37 0.253138

26 37 0.252639

27 37 0.251142

28 37 0.248654

29 37 0.245185

30 37 0.240749

31 37 0.235362

32 37 0.229046

33 37 0.221827

34 37 0.213732

35 37 0.204793

36 37 0.195046

37 37 0.18453

38 37 0.173285

39 37 0.161356

40 37 0.148791

41 37 0.135638

42 37 0.12195

43 37 0.107781

44 37 0.0931863

45 37 0.078224

46 37 0.0629529

47 37 0.0474333

48 37 0.0317266

49 37 0.0158947

50 37 0

0 38 0

1 38 0.0149261

2 38 0.0297933

3 38 0.0445429

4 38 0.0591167

5 38 0.0734572

6 38 0.0875078

7 38 0.101213

8 38 0.114519

9 38 0.127373

10 38 0.139724

11 38 0.151524

12 38 0.162725

13 38 0.173285

14 38 0.183161

15 38 0.192313

16 38 0.200707

17 38 0.208309

18 38 0.215089

19 38 0.221019

20 38 0.226078

21 38 0.230244

22 38 0.233502

23 38 0.235838

24 38 0.237243

25 38 0.237712

26 38 0.237243

27 38 0.235838

28 38 0.233502

29 38 0.230244

30 38 0.226078

31 38 0.221019

32 38 0.215089

33 38 0.208309

34 38 0.200707

35 38 0.192313

36 38 0.183161

37 38 0.173285

38 38 0.162725

39 38 0.151524

40 38 0.139724

41 38 0.127373

42 38 0.114519

43 38 0.101213

44 38 0.0875078

45 38 0.0734572

46 38 0.0591167

47 38 0.0445429

48 38 0.0297933

49 38 0.0149261

50 38 0

0 39 0

1 39 0.0138986

2 39 0.0277424

3 39 0.0414766

4 39 0.0550472

5 39 0.0684005

6 39 0.0814839

7 39 0.0942457

8 39 0.106636

9 39 0.118605

10 39 0.130106

11 39 0.141093

12 39 0.151524

13 39 0.161356

14 39 0.170552

15 39 0.179075

16 39 0.186891

17 39 0.193969

18 39 0.200282

19 39 0.205805

20 39 0.210515

21 39 0.214395

22 39 0.217428

23 39 0.219603

24 39 0.220912

25 39 0.221349

26 39 0.220912

27 39 0.219603

28 39 0.217428

29 39 0.214395

30 39 0.210515

31 39 0.205805

32 39 0.200282

33 39 0.193969

34 39 0.186891

35 39 0.179075

36 39 0.170552

37 39 0.161356

38 39 0.151524

39 39 0.141093

40 39 0.130106

41 39 0.118605

42 39 0.106636

43 39 0.0942457

44 39 0.0814839

45 39 0.0684005

46 39 0.0550472

47 39 0.0414766

48 39 0.0277424

49 39 0.0138986

50 39 0

0 40 0

1 40 0.0128163

2 40 0.0255819

3 40 0.0382467

4 40 0.0507605

5 40 0.0630739

6 40 0.0751384

7 40 0.0869064

8 40 0.0983314

9 40 0.109368

10 40 0.119974

11 40 0.130106

12 40 0.139724

13 40 0.148791

14 40 0.157271

15 40 0.16513

16 40 0.172337

17 40 0.178864

18 40 0.184686

19 40 0.189778

20 40 0.194122

21 40 0.197699

22 40 0.200496

23 40 0.202502

24 40 0.203709

25 40 0.204111

26 40 0.203709

27 40 0.202502

28 40 0.200496

29 40 0.197699

30 40 0.194122

31 40 0.189778

32 40 0.184686

33 40 0.178864

34 40 0.172337

35 40 0.16513

36 40 0.157271

37 40 0.148791

38 40 0.139724

39 40 0.130106

40 40 0.119974

41 40 0.109368

42 40 0.0983314

43 40 0.0869064

44 40 0.0751384

45 40 0.0630739

46 40 0.0507605

47 40 0.0382467

48 40 0.0255819

49 40 0.0128163

50 40 0

0 41 0

1 41 0.0116833

2 41 0.0233206

3 41 0.0348658

4 41 0.0462734

5 41 0.0574984

6 41 0.0684964

7 41 0.0792242

8 41 0.0896392

9 41 0.0997005

10 41 0.109368

11 41 0.118605

12 41 0.127373

13 41 0.135638

14 41 0.143368

15 41 0.150533

16 41 0.157103

17 41 0.163053

18 41 0.16836

19 41 0.173002

20 41 0.176962

21 41 0.180223

22 41 0.182773

23 41 0.184601

24 41 0.185701

25 41 0.186069

26 41 0.185701

27 41 0.184601

28 41 0.182773

29 41 0.180223

30 41 0.176962

31 41 0.173002

32 41 0.16836

33 41 0.163053

34 41 0.157103

35 41 0.150533

36 41 0.143368

37 41 0.135638

38 41 0.127373

39 41 0.118605

40 41 0.109368

41 41 0.0997005

42 41 0.0896392

43 41 0.0792242

44 41 0.0684964

45 41 0.0574984

46 41 0.0462734

47 41 0.0348658

48 41 0.0233206

49 41 0.0116833

50 41 0

0 42 0

1 42 0.0105043

2 42 0.0209672

3 42 0.0313473

4 42 0.0416037

5 42 0.0516959

6 42 0.0615841

7 42 0.0712292

8 42 0.0805933

9 42 0.0896392

10 42 0.0983314

11 42 0.106636

12 42 0.114519

13 42 0.12195

14 42 0.1289

15 42 0.135342

16 42 0.141249

17 42 0.146599

18 42 0.15137

19 42 0.155544

20 42 0.159104

21 42 0.162036

22 42 0.164328

23 42 0.165972

24 42 0.166961

25 42 0.167291

26 42 0.166961

27 42 0.165972

28 42 0.164328

29 42 0.162036

30 42 0.159104

31 42 0.155544

32 42 0.15137

33 42 0.146599

34 42 0.141249

35 42 0.135342

36 42 0.1289

37 42 0.12195

38 42 0.114519

39 42 0.106636

40 42 0.0983314

41 42 0.0896392

42 42 0.0805933

43 42 0.0712292

44 42 0.0615841

45 42 0.0516959

46 42 0.0416037

47 42 0.0313473

48 42 0.0209672

49 42 0.0105043

50 42 0

0 43 0

1 43 0.00928383

2 43 0.018531

3 43 0.0277051

4 43 0.0367698

5 43 0.0456894

6 43 0.0544287

7 43 0.0629532

8 43 0.0712292

9 43 0.0792242

10 43 0.0869064

11 43 0.0942457

12 43 0.101213

13 43 0.107781

14 43 0.113923

15 43 0.119616

16 43 0.124837

17 43 0.129565

18 43 0.133782

19 43 0.137471

20 43 0.140618

21 43 0.143209

22 43 0.145235

23 43 0.146688

24 43 0.147562

25 43 0.147854

26 43 0.147562

27 43 0.146688

28 43 0.145235

29 43 0.143209

30 43 0.140618

31 43 0.137471

32 43 0.133782

33 43 0.129565

34 43 0.124837

35 43 0.119616

36 43 0.113923

37 43 0.107781

38 43 0.101213

39 43 0.0942457

40 43 0.0869064

41 43 0.0792242

42 43 0.0712292

43 43 0.0629532

44 43 0.0544287

45 43 0.0456894

46 43 0.0367698

47 43 0.0277051

48 43 0.018531

49 43 0.00928383

50 43 0

0 44 0

1 44 0.00802671

2 44 0.0160217

3 44 0.0239535

4 44 0.0317908

5 44 0.0395026

6 44 0.0470585

7 44 0.0544287

8 44 0.0615841

9 44 0.0684964

10 44 0.0751384

11 44 0.0814839

12 44 0.0875078

13 44 0.0931863

14 44 0.0984971

15 44 0.103419

16 44 0.107933

17 44 0.112021

18 44 0.115667

19 44 0.118856

20 44 0.121577

21 44 0.123817

22 44 0.125569

23 44 0.126825

24 44 0.127581

25 44 0.127833

26 44 0.127581

27 44 0.126825

28 44 0.125569

29 44 0.123817

30 44 0.121577

31 44 0.118856

32 44 0.115667

33 44 0.112021

34 44 0.107933

35 44 0.103419

36 44 0.0984971

37 44 0.0931863

38 44 0.0875078

39 44 0.0814839

40 44 0.0751384

41 44 0.0684964

42 44 0.0615841

43 44 0.0544287

44 44 0.0470585

45 44 0.0395026

46 44 0.0317908

47 44 0.0239535

48 44 0.0160217

49 44 0.00802671

50 44 0

0 45 0

1 45 0.00673791

2 45 0.0134492

3 45 0.0201075

4 45 0.0266863

5 45 0.0331599

6 45 0.0395026

7 45 0.0456894

8 45 0.0516959

9 45 0.0574984

10 45 0.0630739

11 45 0.0684005

12 45 0.0734572

13 45 0.078224

14 45 0.082682

15 45 0.0868138

16 45 0.0906029

17 45 0.0940345

18 45 0.0970949

19 45 0.0997722

20 45 0.102056

21 45 0.103936

22 45 0.105407

23 45 0.106462

24 45 0.107096

25 45 0.107308

26 45 0.107096

27 45 0.106462

28 45 0.105407

29 45 0.103936

30 45 0.102056

31 45 0.0997722

32 45 0.0970949

33 45 0.0940345

34 45 0.0906029

35 45 0.0868138

36 45 0.082682

37 45 0.078224

38 45 0.0734572

39 45 0.0684005

40 45 0.0630739

41 45 0.0574984

42 45 0.0516959

43 45 0.0456894

44 45 0.0395026

45 45 0.0331599

46 45 0.0266863

47 45 0.0201075

48 45 0.0134492

49 45 0.00673791

50 45 0

0 46 0

1 46 0.00542252

2 46 0.0108236

3 46 0.016182

4 46 0.0214766

5 46 0.0266863

6 46 0.0317908

7 46 0.0367698

8 46 0.0416037

9 46 0.0462734

10 46 0.0507605

11 46 0.0550472

12 46 0.0591167

13 46 0.0629529

14 46 0.0665406

15 46 0.0698658

16 46 0.0729152

17 46 0.0756768

18 46 0.0781398

19 46 0.0802944

20 46 0.0821321

21 46 0.0836457

22 46 0.0848292

23 46 0.0856779

24 46 0.0861884

25 46 0.0863588

26 46 0.0861884

27 46 0.0856779

28 46 0.0848292

29 46 0.0836457

30 46 0.0821321

31 46 0.0802944

32 46 0.0781398

33 46 0.0756768

34 46 0.0729152

35 46 0.0698658

36 46 0.0665406

37 46 0.0629529

38 46 0.0591167

39 46 0.0550472

40 46 0.0507605

41 46 0.0462734

42 46 0.0416037

43 46 0.0367698

44 46 0.0317908

45 46 0.0266863

46 46 0.0214766

47 46 0.016182

48 46 0.0108236

49 46 0.00542252

50 46 0

0 47 0

1 47 0.00408572

2 47 0.00815532

3 47 0.0121927

4 47 0.016182

5 47 0.0201075

6 47 0.0239535

7 47 0.0277051

8 47 0.0313473

9 47 0.0348658

10 47 0.0382467

11 47 0.0414766

12 47 0.0445429

13 47 0.0474333

14 47 0.0501366

15 47 0.052642

16 47 0.0549397

17 47 0.0570205

18 47 0.0588763

19 47 0.0604997

20 47 0.0618844

21 47 0.0630249

22 47 0.0639166

23 47 0.064556

24 47 0.0649407

25 47 0.0650691

26 47 0.0649407

27 47 0.064556

28 47 0.0639166

29 47 0.0630249

30 47 0.0618844

31 47 0.0604997

32 47 0.0588763

33 47 0.0570205

34 47 0.0549397

35 47 0.052642

36 47 0.0501366

37 47 0.0474333

38 47 0.0445429

39 47 0.0414766

40 47 0.0382467

41 47 0.0348658

42 47 0.0313473

43 47 0.0277051

44 47 0.0239535

45 47 0.0201075

46 47 0.016182

47 47 0.0121927

48 47 0.00815532

49 47 0.00408572

50 47 0

0 48 0

1 48 0.00273281

2 48 0.00545483

3 48 0.00815532

4 48 0.0108236

5 48 0.0134492

6 48 0.0160217

7 48 0.018531

8 48 0.0209672

9 48 0.0233206

10 48 0.0255819

11 48 0.0277424

12 48 0.0297933

13 48 0.0317266

14 48 0.0335347

15 48 0.0352105

16 48 0.0367474

17 48 0.0381392

18 48 0.0393804

19 48 0.0404663

20 48 0.0413925

21 48 0.0421553

22 48 0.0427517

23 48 0.0431794

24 48 0.0434367

25 48 0.0435226

26 48 0.0434367

27 48 0.0431794

28 48 0.0427517

29 48 0.0421553

30 48 0.0413925

31 48 0.0404663

32 48 0.0393804

33 48 0.0381392

34 48 0.0367474

35 48 0.0352105

36 48 0.0335347

37 48 0.0317266

38 48 0.0297933

39 48 0.0277424

40 48 0.0255819

41 48 0.0233206

42 48 0.0209672

43 48 0.018531

44 48 0.0160217

45 48 0.0134492

46 48 0.0108236

47 48 0.00815532

48 48 0.00545483

49 48 0.00273281

50 48 0

0 49 0

1 49 0.00136911

2 49 0.00273281

3 49 0.00408572

4 49 0.00542252

5 49 0.00673791

6 49 0.00802671

7 49 0.00928383

8 49 0.0105043

9 49 0.0116833

10 49 0.0128163

11 49 0.0138986

12 49 0.0149261

13 49 0.0158947

14 49 0.0168005

15 49 0.0176401

16 49 0.01841

17 49 0.0191073

18 49 0.0197291

19 49 0.0202732

20 49 0.0207372

21 49 0.0211193

22 49 0.0214181

23 49 0.0216324

24 49 0.0217613

25 49 0.0218043

26 49 0.0217613

27 49 0.0216324

28 49 0.0214181

29 49 0.0211193

30 49 0.0207372

31 49 0.0202732

32 49 0.0197291

33 49 0.0191073

34 49 0.01841

35 49 0.0176401

36 49 0.0168005

37 49 0.0158947

38 49 0.0149261

39 49 0.0138986

40 49 0.0128163

41 49 0.0116833

42 49 0.0105043

43 49 0.00928383

44 49 0.00802671

45 49 0.00673791

46 49 0.00542252

47 49 0.00408572

48 49 0.00273281

49 49 0.00136911

50 49 0

