0 1 0

1 1 0.00261537

2 1 0.00522041

3 1 0.00780485

4 1 0.0103585

5 1 0.0128712

6 1 0.0153332

7 1 0.0177347

8 1 0.0200661

9 1 0.0223184

10 1 0.0244826

11 1 0.0265501

12 1 0.0285129

13 1 0.0303632

14 1 0.0320936

15 1 0.0336974

16 1 0.0351681

17 1 0.0365001

18 1 0.0376881

19 1 0.0387273

20 1 0.0396136

21 1 0.0403437

22 1 0.0409145

23 1 0.0413238

24 1 0.04157

25 1 0.0416522

26 1 0.04157

27 1 0.0413238

28 1 0.0409145

29 1 0.0403437

30 1 0.0396136

31 1 0.0387273

32 1 0.0376881

33 1 0.0365001

34 1 0.0351681

35 1 0.0336974

36 1 0.0320936

37 1 0.0303632

38 1 0.0285129

39 1 0.0265501

40 1 0.0244826

41 1 0.0223184

42 1 0.0200661

43 1 0.0177347

44 1 0.0153332

45 1 0.0128712

46 1 0.0103585

47 1 0.00780485

48 1 0.00522041

49 1 0.00261537

50 1 0

0 2 0

1 2 0.00522041

2 2 0.0104202

3 2 0.0155789

4 2 0.0206761

5 2 0.0256917

6 2 0.0306059

7 2 0.0353993

8 2 0.040053

9 2 0.0445487

10 2 0.0488685

11 2 0.0529955

12 2 0.0569133

13 2 0.0606065

14 2 0.0640605

15 2 0.0672617

16 2 0.0701975

17 2 0.0728562

18 2 0.0752274

19 2 0.0773017

20 2 0.0790709

21 2 0.0805281

22 2 0.0816675

23 2 0.0824845

24 2 0.082976

25 2 0.0831401

26 2 0.082976

27 2 0.0824845

28 2 0.0816675

29 2 0.0805281

30 2 0.0790709

31 2 0.0773017

32 2 0.0752274

33 2 0.0728562

34 2 0.0701975

35 2 0.0672617

36 2 0.0640605

37 2 0.0606065

38 2 0.0569133

39 2 0.0529955

40 2 0.0488685

41 2 0.0445487

42 2 0.040053

43 2 0.0353993

44 2 0.0306059

45 2 0.0256917

46 2 0.0206761

47 2 0.0155789

48 2 0.0104202

49 2 0.00522041

50 2 0

0 3 0

1 3 0.00780485

2 3 0.0155789

3 3 0.0232915

4 3 0.0309121

5 3 0.0384108

6 3 0.0457578

7 3 0.0529243

8 3 0.0598819

9 3 0.0666032

10 3 0.0730616

11 3 0.0792317

12 3 0.0850891

13 3 0.0906107

14 3 0.0957747

15 3 0.100561

16 3 0.10495

17 3 0.108925

18 3 0.11247

19 3 0.115571

20 3 0.118216

21 3 0.120395

22 3 0.122098

23 3 0.12332

24 3 0.124055

25 3 0.1243

26 3 0.124055

27 3 0.12332

28 3 0.122098

29 3 0.120395

30 3 0.118216

31 3 0.115571

32 3 0.11247

33 3 0.108925

34 3 0.10495

35 3 0.100561

36 3 0.0957747

37 3 0.0906107

38 3 0.0850891

39 3 0.0792317

40 3 0.0730616

41 3 0.0666032

42 3 0.0598819

43 3 0.0529243

44 3 0.0457578

45 3 0.0384108

46 3 0.0309121

47 3 0.0232915

48 3 0.0155789

49 3 0.00780485

50 3 0

0 4 0

1 4 0.0103585

2 4 0.0206761

3 4 0.0309121

4 4 0.0410261

5 4 0.0509782

6 4 0.0607291

7 4 0.0702404

8 4 0.0794744

9 4 0.0883948

10 4 0.0969664

11 4 0.105155

12 4 0.112929

13 4 0.120257

14 4 0.127111

15 4 0.133463

16 4 0.139288

17 4 0.144563

18 4 0.149268

19 4 0.153384

20 4 0.156895

21 4 0.159786

22 4 0.162047

23 4 0.163668

24 4 0.164643

25 4 0.164969

26 4 0.164643

27 4 0.163668

28 4 0.162047

29 4 0.159786

30 4 0.156895

31 4 0.153384

32 4 0.149268

33 4 0.144563

34 4 0.139288

35 4 0.133463

36 4 0.127111

37 4 0.120257

38 4 0.112929

39 4 0.105155

40 4 0.0969664

41 4 0.0883948

42 4 0.0794744

43 4 0.0702404

44 4 0.0607291

45 4 0.0509782

46 4 0.0410261

47 4 0.0309121

48 4 0.0206761

49 4 0.0103585

50 4 0

0 5 0

1 5 0.0128712

2 5 0.0256917

3 5 0.0384108

4 5 0.0509782

5 5 0.0633445

6 5 0.0754608

7 5 0.0872793

8 5 0.0987533

9 5 0.109838

10 5 0.120488

11 5 0.130664

12 5 0.140323

13 5 0.149429

14 5 0.157945

15 5 0.165838

16 5 0.173076

17 5 0.179632

18 5 0.185478

19 5 0.190592

20 5 0.194954

21 5 0.198547

22 5 0.201356

23 5 0.203371

24 5 0.204583

25 5 0.204987

26 5 0.204583

27 5 0.203371

28 5 0.201356

29 5 0.198547

30 5 0.194954

31 5 0.190592

32 5 0.185478

33 5 0.179632

34 5 0.173076

35 5 0.165838

36 5 0.157945

37 5 0.149429

38 5 0.140323

39 5 0.130664

40 5 0.120488

41 5 0.109838

42 5 0.0987533

43 5 0.0872793

44 5 0.0754608

45 5 0.0633445

46 5 0.0509782

47 5 0.0384108

48 5 0.0256917

49 5 0.0128712

50 5 0

0 6 0

1 6 0.0153332

2 6 0.0306059

3 6 0.0457578

4 6 0.0607291

5 6 0.0754608

6 6 0.0898946

7 6 0.103974

8 6 0.117642

9 6 0.130847

10 6 0.143535

11 6 0.155657

12 6 0.167164

13 6 0.178011

14 6 0.188156

15 6 0.197559

16 6 0.206182

17 6 0.213991

18 6 0.220955

19 6 0.227048

20 6 0.232244

21 6 0.236524

22 6 0.239871

23 6 0.242271

24 6 0.243714

25 6 0.244196

26 6 0.243714

27 6 0.242271

28 6 0.239871

29 6 0.236524

30 6 0.232244

31 6 0.227048

32 6 0.220955

33 6 0.213991

34 6 0.206182

35 6 0.197559

36 6 0.188156

37 6 0.178011

38 6 0.167164

39 6 0.155657

40 6 0.143535

41 6 0.130847

42 6 0.117642

43 6 0.103974

44 6 0.0898946

45 6 0.0754608

46 6 0.0607291

47 6 0.0457578

48 6 0.0306059

49 6 0.0153332

50 6 0

0 7 0

1 7 0.0177347

2 7 0.0353993

3 7 0.0529243

4 7 0.0702404

5 7 0.0872793

6 7 0.103974

7 7 0.120258

8 7 0.136067

9 7 0.15134

10 7 0.166015

11 7 0.180035

12 7 0.193345

13 7 0.205891

14 7 0.217625

15 7 0.2285

16 7 0.238473

17 7 0.247506

18 7 0.255561

19 7 0.262608

20 7 0.268618

21 7 0.273568

22 7 0.277439

23 7 0.280215

24 7 0.281884

25 7 0.282442

26 7 0.281884

27 7 0.280215

28 7 0.277439

29 7 0.273568

30 7 0.268618

31 7 0.262608

32 7 0.255561

33 7 0.247506

34 7 0.238473

35 7 0.2285

36 7 0.217625

37 7 0.205891

38 7 0.193345

39 7 0.180035

40 7 0.166015

41 7 0.15134

42 7 0.136067

43 7 0.120258

44 7 0.103974

45 7 0.0872793

46 7 0.0702404

47 7 0.0529243

48 7 0.0353993

49 7 0.0177347

50 7 0

0 8 0

1 8 0.0200661

2 8 0.040053

3 8 0.0598819

4 8 0.0794744

5 8 0.0987533

6 8 0.117642

7 8 0.136067

8 8 0.153955

9 8 0.171235

10 8 0.18784

11 8 0.203703

12 8 0.218762

13 8 0.232958

14 8 0.246235

15 8 0.25854

16 8 0.269824

17 8 0.280043

18 8 0.289158

19 8 0.297131

20 8 0.303931

21 8 0.309532

22 8 0.313912

23 8 0.317052

24 8 0.318942

25 8 0.319572

26 8 0.318942

27 8 0.317052

28 8 0.313912

29 8 0.309532

30 8 0.303931

31 8 0.297131

32 8 0.289158

33 8 0.280043

34 8 0.269824

35 8 0.25854

36 8 0.246235

37 8 0.232958

38 8 0.218762

39 8 0.203703

40 8 0.18784

41 8 0.171235

42 8 0.153955

43 8 0.136067

44 8 0.117642

45 8 0.0987533

46 8 0.0794744

47 8 0.0598819

48 8 0.040053

49 8 0.0200661

50 8 0

0 9 0

1 9 0.0223184

2 9 0.0445487

3 9 0.0666032

4 9 0.0883948

5 9 0.109838

6 9 0.130847

7 9 0.15134

8 9 0.171235

9 9 0.190455

10 9 0.208924

11 9 0.226567

12 9 0.243317

13 9 0.259106

14 9 0.273873

15 9 0.287559

16 9 0.30011

17 9 0.311476

18 9 0.321613

19 9 0.330482

20 9 0.338045

21 9 0.344275

22 9 0.349146

23 9 0.352639

24 9 0.354741

25 9 0.355442

26 9 0.354741

27 9 0.352639

28 9 0.349146

29 9 0.344275

30 9 0.338045

31 9 0.330482

32 9 0.321613

33 9 0.311476

34 9 0.30011

35 9 0.287559

36 9 0.273873

37 9 0.259106

38 9 0.243317

39 9 0.226567

40 9 0.208924

41 9 0.190455

42 9 0.171235

43 9 0.15134

44 9 0.130847

45 9 0.109838

46 9 0.0883948

47 9 0.0666032

48 9 0.0445487

49 9 0.0223184

50 9 0

0 10 0

1 10 0.0244826

2 10 0.0488685

3 10 0.0730616

4 10 0.0969664

5 10 0.120488

6 10 0.143535

7 10 0.166015

8 10 0.18784

9 10 0.208924

10 10 0.229183

11 10 0.248537

12 10 0.266911

13 10 0.284231

14 10 0.30043

15 10 0.315443

16 10 0.329211

17 10 0.34168

18 10 0.3528

19 10 0.362528

20 10 0.370825

21 10 0.377659

22 10 0.383002

23 10 0.386834

24 10 0.389139

25 10 0.389909

26 10 0.389139

27 10 0.386834

28 10 0.383002

29 10 0.377659

30 10 0.370825

31 10 0.362528

32 10 0.3528

33 10 0.34168

34 10 0.329211

35 10 0.315443

36 10 0.30043

37 10 0.284231

38 10 0.266911

39 10 0.248537

40 10 0.229183

41 10 0.208924

42 10 0.18784

43 10 0.166015

44 10 0.143535

45 10 0.120488

46 10 0.0969664

47 10 0.0730616

48 10 0.0488685

49 10 0.0244826

50 10 0

0 11 0

1 11 0.0265501

2 11 0.0529955

3 11 0.0792317

4 11 0.105155

5 11 0.130664

6 11 0.155657

7 11 0.180035

8 11 0.203703

9 11 0.226567

10 11 0.248537

11 11 0.269526

12 11 0.289452

13 11 0.308235

14 11 0.325801

15 11 0.342082

16 11 0.357013

17 11 0.370535

18 11 0.382594

19 11 0.393144

20 11 0.402142

21 11 0.409552

22 11 0.415347

23 11 0.419502

24 11 0.422002

25 11 0.422837

26 11 0.422002

27 11 0.419502

28 11 0.415347

29 11 0.409552

30 11 0.402142

31 11 0.393144

32 11 0.382594

33 11 0.370535

34 11 0.357013

35 11 0.342082

36 11 0.325801

37 11 0.308235

38 11 0.289452

39 11 0.269526

40 11 0.248537

41 11 0.226567

42 11 0.203703

43 11 0.180035

44 11 0.155657

45 11 0.130664

46 11 0.105155

47 11 0.0792317

48 11 0.0529955

49 11 0.0265501

50 11 0

0 12 0

1 12 0.0285129

2 12 0.0569133

3 12 0.0850891

4 12 0.112929

5 12 0.140323

6 12 0.167164

7 12 0.193345

8 12 0.218762

9 12 0.243317

10 12 0.266911

11 12 0.289452

12 12 0.31085

13 12 0.331022

14 12 0.349887

15 12 0.367371

16 12 0.383406

17 12 0.397927

18 12 0.410878

19 12 0.422208

20 12 0.431871

21 12 0.43983

22 12 0.446053

23 12 0.450515

24 12 0.4532

25 12 0.454096

26 12 0.4532

27 12 0.450515

28 12 0.446053

29 12 0.43983

30 12 0.431871

31 12 0.422208

32 12 0.410878

33 12 0.397927

34 12 0.383406

35 12 0.367371

36 12 0.349887

37 12 0.331022

38 12 0.31085

39 12 0.289452

40 12 0.266911

41 12 0.243317

42 12 0.218762

43 12 0.193345

44 12 0.167164

45 12 0.140323

46 12 0.112929

47 12 0.0850891

48 12 0.0569133

49 12 0.0285129

50 12 0

0 13 0

1 13 0.0303632

2 13 0.0606065

3 13 0.0906107

4 13 0.120257

5 13 0.149429

6 13 0.178011

7 13 0.205891

8 13 0.232958

9 13 0.259106

10 13 0.284231

11 13 0.308235

12 13 0.331022

13 13 0.352502

14 13 0.372592

15 13 0.391211

16 13 0.408286

17 13 0.42375

18 13 0.437541

19 13 0.449606

20 13 0.459896

21 13 0.468371

22 13 0.474998

23 13 0.47975

24 13 0.482609

25 13 0.483563

26 13 0.482609

27 13 0.47975

28 13 0.474998

29 13 0.468371

30 13 0.459896

31 13 0.449606

32 13 0.437541

33 13 0.42375

34 13 0.408286

35 13 0.391211

36 13 0.372592

37 13 0.352502

38 13 0.331022

39 13 0.308235

40 13 0.284231

41 13 0.259106

42 13 0.232958

43 13 0.205891

44 13 0.178011

45 13 0.149429

46 13 0.120257

47 13 0.0906107

48 13 0.0606065

49 13 0.0303632

50 13 0

0 14 0

1 14 0.0320936

2 14 0.0640605

3 14 0.0957747

4 14 0.127111

5 14 0.157945

6 14 0.188156

7 14 0.217625

8 14 0.246235

9 14 0.273873

10 14 0.30043

11 14 0.325801

12 14 0.349887

13 14 0.372592

14 14 0.393826

15 14 0.413506

16 14 0.431554

17 14 0.447899

18 14 0.462477

19 14 0.475229

20 14 0.486106

21 14 0.495064

22 14 0.502068

23 14 0.507091

24 14 0.510113

25 14 0.511122

26 14 0.510113

27 14 0.507091

28 14 0.502068

29 14 0.495064

30 14 0.486106

31 14 0.475229

32 14 0.462477

33 14 0.447899

34 14 0.431554

35 14 0.413506

36 14 0.393826

37 14 0.372592

38 14 0.349887

39 14 0.325801

40 14 0.30043

41 14 0.273873

42 14 0.246235

43 14 0.217625

44 14 0.188156

45 14 0.157945

46 14 0.127111

47 14 0.0957747

48 14 0.0640605

49 14 0.0320936

50 14 0

0 15 0

1 15 0.0336974

2 15 0.0672617

3 15 0.100561

4 15 0.133463

5 15 0.165838

6 15 0.197559

7 15 0.2285

8 15 0.25854

9 15 0.287559

10 15 0.315443

11 15 0.342082

12 15 0.367371

13 15 0.391211

14 15 0.413506

15 15 0.43417

16 15 0.45312

17 15 0.470282

18 15 0.485587

19 15 0.498977

20 15 0.510397

21 15 0.519803

22 15 0.527158

23 15 0.532432

24 15 0.535604

25 15 0.536663

26 15 0.535604

27 15 0.532432

28 15 0.527158

29 15 0.519803

30 15 0.510397

31 15 0.498977

32 15 0.485587

33 15 0.470282

34 15 0.45312

35 15 0.43417

36 15 0.413506

37 15 0.391211

38 15 0.367371

39 15 0.342082

40 15 0.315443

41 15 0.287559

42 15 0.25854

43 15 0.2285

44 15 0.197559

45 15 0.165838

46 15 0.133463

47 15 0.100561

48 15 0.0672617

49 15 0.0336974

50 15 0

0 16 0

1 16 0.0351681

2 16 0.0701975

3 16 0.10495

4 16 0.139288

5 16 0.173076

6 16 0.206182

7 16 0.238473

8 16 0.269824

9 16 0.30011

10 16 0.329211

11 16 0.357013

12 16 0.383406

13 16 0.408286

14 16 0.431554

15 16 0.45312

16 16 0.472897

17 16 0.490808

18 16 0.506782

19 16 0.520756

20 16 0.532674

21 16 0.542491

22 16 0.550166

23 16 0.55567

24 16 0.558982

25 16 0.560087

26 16 0.558982

27 16 0.55567

28 16 0.550166

29 16 0.542491

30 16 0.532674

31 16 0.520756

32 16 0.506782

33 16 0.490808

34 16 0.472897

35 16 0.45312

36 16 0.431554

37 16 0.408286

38 16 0.383406

39 16 0.357013

40 16 0.329211

41 16 0.30011

42 16 0.269824

43 16 0.238473

44 16 0.206182

45 16 0.173076

46 16 0.139288

47 16 0.10495

48 16 0.0701975

49 16 0.0351681

50 16 0

0 17 0

1 17 0.0365001

2 17 0.0728562

3 17 0.108925

4 17 0.144563

5 17 0.179632

6 17 0.213991

7 17 0.247506

8 17 0.280043

9 17 0.311476

10 17 0.34168

11 17 0.370535

12 17 0.397927

13 17 0.42375

14 17 0.447899

15 17 0.470282

16 17 0.490808

17 17 0.509397

18 17 0.525976

19 17 0.540479

20 17 0.552849

21 17 0.563037

22 17 0.571004

23 17 0.576716

24 17 0.580153

25 17 0.5813

26 17 0.580153

27 17 0.576716

28 17 0.571004

29 17 0.563037

30 17 0.552849

31 17 0.540479

32 17 0.525976

33 17 0.509397

34 17 0.490808

35 17 0.470282

36 17 0.447899

37 17 0.42375

38 17 0.397927

39 17 0.370535

40 17 0.34168

41 17 0.311476

42 17 0.280043

43 17 0.247506

44 17 0.213991

45 17 0.179632

46 17 0.144563

47 17 0.108925

48 17 0.0728562

49 17 0.0365001

50 17 0

0 18 0

1 18 0.0376881

2 18 0.0752274

3 18 0.11247

4 18 0.149268

5 18 0.185478

6 18 0.220955

7 18 0.255561

8 18 0.289158

9 18 0.321613

10 18 0.3528

11 18 0.382594

12 18 0.410878

13 18 0.437541

14 18 0.462477

15 18 0.485587

16 18 0.506782

17 18 0.525976

18 18 0.543095

19 18 0.55807

20 18 0.570842

21 18 0.581362

22 18 0.589588

23 18 0.595486

24 18 0.599035

25 18 0.600219

26 18 0.599035

27 18 0.595486

28 18 0.589588

29 18 0.581362

30 18 0.570842

31 18 0.55807

32 18 0.543095

33 18 0.525976

34 18 0.506782

35 18 0.485587

36 18 0.462477

37 18 0.437541

38 18 0.410878

39 18 0.382594

40 18 0.3528

41 18 0.321613

42 18 0.289158

43 18 0.255561

44 18 0.220955

45 18 0.185478

46 18 0.149268

47 18 0.11247

48 18 0.0752274

49 18 0.0376881

50 18 0

0 19 0

1 19 0.0387273

2 19 0.0773017

3 19 0.115571

4 19 0.153384

5 19 0.190592

6 19 0.227048

7 19 0.262608

8 19 0.297131

9 19 0.330482

10 19 0.362528

11 19 0.393144

12 19 0.422208

13 19 0.449606

14 19 0.475229

15 19 0.498977

16 19 0.520756

17 19 0.540479

18 19 0.55807

19 19 0.573458

20 19 0.586583

21 19 0.597392

22 19 0.605845

23 19 0.611906

24 19 0.615552

25 19 0.616769

26 19 0.615552

27 19 0.611906

28 19 0.605845

29 19 0.597392

30 19 0.586583

31 19 0.573458

32 19 0.55807

33 19 0.540479

34 19 0.520756

35 19 0.498977

36 19 0.475229

37 19 0.449606

38 19 0.422208

39 19 0.393144

40 19 0.362528

41 19 0.330482

42 19 0.297131

43 19 0.262608

44 19 0.227048

45 19 0.190592

46 19 0.153384

47 19 0.115571

48 19 0.0773017

49 19 0.0387273

50 19 0

0 20 0

1 20 0.0396136

2 20 0.0790709

3 20 0.118216

4 20 0.156895

5 20 0.194954

6 20 0.232244

7 20 0.268618

8 20 0.303931

9 20 0.338045

10 20 0.370825

11 20 0.402142

12 20 0.431871

13 20 0.459896

14 20 0.486106

15 20 0.510397

16 20 0.532674

17 20 0.552849

18 20 0.570842

19 20 0.586583

20 20 0.600008

21 20 0.611065

22 20 0.619711

23 20 0.625911

24 20 0.629641

25 20 0.630886

26 20 0.629641

27 20 0.625911

28 20 0.619711

29 20 0.611065

30 20 0.600008

31 20 0.586583

32 20 0.570842

33 20 0.552849

34 20 0.532674

35 20 0.510397

36 20 0.486106

37 20 0.459896

38 20 0.431871

39 20 0.402142

40 20 0.370825

41 20 0.338045

42 20 0.303931

43 20 0.268618

44 20 0.232244

45 20 0.194954

46 20 0.156895

47 20 0.118216

48 20 0.0790709

49 20 0.0396136

50 20 0

0 21 0

1 21 0.0403437

2 21 0.0805281

3 21 0.120395

4 21 0.159786

5 21 0.198547

6 21 0.236524

7 21 0.273568

8 21 0.309532

9 21 0.344275

10 21 0.377659

11 21 0.409552

12 21 0.43983

13 21 0.468371

14 21 0.495064

15 21 0.519803

16 21 0.542491

17 21 0.563037

18 21 0.581362

19 21 0.597392

20 21 0.611065

21 21 0.622326

22 21 0.631131

23 21 0.637445

24 21 0.641244

25 21 0.642512

26 21 0.641244

27 21 0.637445

28 21 0.631131

29 21 0.622326

30 21 0.611065

31 21 0.597392

32 21 0.581362

33 21 0.563037

34 21 0.542491

35 21 0.519803

36 21 0.495064

37 21 0.468371

38 21 0.43983

39 21 0.409552

40 21 0.377659

41 21 0.344275

42 21 0.309532

43 21 0.273568

44 21 0.236524

45 21 0.198547

46 21 0.159786

47 21 0.120395

48 21 0.0805281

49 21 0.0403437

50 21 0

0 22 0

1 22 0.0409145

2 22 0.0816675

3 22 0.122098

4 22 0.162047

5 22 0.201356

6 22 0.239871

7 22 0.277439

8 22 0.313912

9 22 0.349146

10 22 0.383002

11 22 0.415347

12 22 0.446053

13 22 0.474998

14 22 0.502068

15 22 0.527158

16 22 0.550166

17 22 0.571004

18 22 0.589588

19 22 0.605845

20 22 0.619711

21 22 0.631131

22 22 0.640061

23 22 0.646464

24 22 0.650317

25 22 0.651603

26 22 0.650317

27 22 0.646464

28 22 0.640061

29 22 0.631131

30 22 0.619711

31 22 0.605845

32 22 0.589588

33 22 0.571004

34 22 0.550166

35 22 0.527158

36 22 0.502068

37 22 0.474998

38 22 0.446053

39 22 0.415347

40 22 0.383002

41 22 0.349146

42 22 0.313912

43 22 0.277439

44 22 0.239871

45 22 0.201356

46 22 0.162047

47 22 0.122098

48 22 0.0816675

49 22 0.0409145

50 22 0

0 23 0

1 23 0.0413238

2 23 0.0824845

3 23 0.12332

4 23 0.163668

5 23 0.203371

6 23 0.242271

7 23 0.280215

8 23 0.317052

9 23 0.352639

10 23 0.386834

11 23 0.419502

12 23 0.450515

13 23 0.47975

14 23 0.507091

15 23 0.532432

16 23 0.55567

17 23 0.576716

18 23 0.595486

19 23 0.611906

20 23 0.625911

21 23 0.637445

22 23 0.646464

23 23 0.652932

24 23 0.656823

25 23 0.658122

26 23 0.656823

27 23 0.652932

28 23 0.646464

29 23 0.637445

30 23 0.625911

31 23 0.611906

32 23 0.595486

33 23 0.576716

34 23 0.55567

35 23 0.532432

36 23 0.507091

37 23 0.47975

38 23 0.450515

39 23 0.419502

40 23 0.386834

41 23 0.352639

42 23 0.317052

43 23 0.280215

44 23 0.242271

45 23 0.203371

46 23 0.163668

47 23 0.12332

48 23 0.0824845

49 23 0.0413238

50 23 0

0 24 0

1 24 0.04157

2 24 0.082976

3 24 0.124055

4 24 0.164643

5 24 0.204583

6 24 0.243714

7 24 0.281884

8 24 0.318942

9 24 0.354741

10 24 0.389139

11 24 0.422002

12 24 0.4532

13 24 0.482609

14 24 0.510113

15 24 0.535604

16 24 0.558982

17 24 0.580153

18 24 0.599035

19 24 0.615552

20 24 0.629641

21 24 0.641244

22 24 0.650317

23 24 0.656823

24 24 0.660737

25 24 0.662043

26 24 0.660737

27 24 0.656823

28 24 0.650317

29 24 0.641244

30 24 0.629641

31 24 0.615552

32 24 0.599035

33 24 0.580153

34 24 0.558982

35 24 0.535604

36 24 0.510113

37 24 0.482609

38 24 0.4532

39 24 0.422002

40 24 0.389139

41 24 0.354741

42 24 0.318942

43 24 0.281884

44 24 0.243714

45 24 0.204583

46 24 0.164643

47 24 0.124055

48 24 0.082976

49 24 0.04157

50 24 0

0 25 0

1 25 0.0416522

2 25 0.0831401

3 25 0.1243

4 25 0.164969

5 25 0.204987

6 25 0.244196

7 25 0.282442

8 25 0.319572

9 25 0.355442

10 25 0.389909

11 25 0.422837

12 25 0.454096

13 25 0.483563

14 25 0.511122

15 25 0.536663

16 25 0.560087

17 25 0.5813

18 25 0.600219

19 25 0.616769

20 25 0.630886

21 25 0.642512

22 25 0.651603

23 25 0.658122

24 25 0.662043

25 25 0.663352

26 25 0.662043

27 25 0.658122

28 25 0.651603

29 25 0.642512

30 25 0.630886

31 25 0.616769

32 25 0.600219

33 25 0.5813

34 25 0.560087

35 25 0.536663

36 25 0.511122

37 25 0.483563

38 25 0.454096

39 25 0.422837

40 25 0.389909

41 25 0.355442

42 25 0.319572

43 25 0.282442

44 25 0.244196

45 25 0.204987

46 25 0.164969

47 25 0.1243

48 25 0.0831401

49 25 0.0416522

50 25 0

0 26 0

1 26 0.04157

2 26 0.082976

3 26 0.124055

4 26 0.164643

5 26 0.204583

6 26 0.243714

7 26 0.281884

8 26 0.318942

9 26 0.354741

10 26 0.389139

11 26 0.422002

12 26 0.4532

13 26 0.482609

14 26 0.510113

15 26 0.535604

16 26 0.558982

17 26 0.580153

18 26 0.599035

19 26 0.615552

20 26 0.629641

21 26 0.641244

22 26 0.650317

23 26 0.656823

24 26 0.660737

25 26 0.662043

26 26 0.660737

27 26 0.656823

28 26 0.650317

29 26 0.641244

30 26 0.629641

31 26 0.615552

32 26 0.599035

33 26 0.580153

34 26 0.558982

35 26 0.535604

36 26 0.510113

37 26 0.482609

38 26 0.4532

39 26 0.422002

40 26 0.389139

41 26 0.354741

42 26 0.318942

43 26 0.281884

44 26 0.243714

45 26 0.204583

46 26 0.164643

47 26 0.124055

48 26 0.082976

49 26 0.04157

50 26 0

0 27 0

1 27 0.0413238

2 27 0.0824845

3 27 0.12332

4 27 0.163668

5 27 0.203371

6 27 0.242271

7 27 0.280215

8 27 0.317052

9 27 0.352639

10 27 0.386834

11 27 0.419502

12 27 0.450515

13 27 0.47975

14 27 0.507091

15 27 0.532432

16 27 0.55567

17 27 0.576716

18 27 0.595486

19 27 0.611906

20 27 0.625911

21 27 0.637445

22 27 0.646464

23 27 0.652932

24 27 0.656823

25 27 0.658122

26 27 0.656823

27 27 0.652932

28 27 0.646464

29 27 0.637445

30 27 0.625911

31 27 0.611906

32 27 0.595486

33 27 0.576716

34 27 0.55567

35 27 0.532432

36 27 0.507091

37 27 0.47975

38 27 0.450515

39 27 0.419502

40 27 0.386834

41 27 0.352639

42 27 0.317052

43 27 0.280215

44 27 0.242271

45 27 0.203371

46 27 0.163668

47 27 0.12332

48 27 0.0824845

49 27 0.0413238

50 27 0

0 28 0

1 28 0.0409145

2 28 0.0816675

3 28 0.122098

4 28 0.162047

5 28 0.201356

6 28 0.239871

7 28 0.277439

8 28 0.313912

9 28 0.349146

10 28 0.383002

11 28 0.415347

12 28 0.446053

13 28 0.474998

14 28 0.502068

15 28 0.527158

16 28 0.550166

17 28 0.571004

18 28 0.589588

19 28 0.605845

20 28 0.619711

21 28 0.631131

22 28 0.640061

23 28 0.646464

24 28 0.650317

25 28 0.651603

26 28 0.650317

27 28 0.646464

28 28 0.640061

29 28 0.631131

30 28 0.619711

31 28 0.605845

32 28 0.589588

33 28 0.571004

34 28 0.550166

35 28 0.527158

36 28 0.502068

37 28 0.474998

38 28 0.446053

39 28 0.415347

40 28 0.383002

41 28 0.349146

42 28 0.313912

43 28 0.277439

44 28 0.239871

45 28 0.201356

46 28 0.162047

47 28 0.122098

48 28 0.0816675

49 28 0.0409145

50 28 0

0 29 0

1 29 0.0403437

2 29 0.0805281

3 29 0.120395

4 29 0.159786

5 29 0.198547

6 29 0.236524

7 29 0.273568

8 29 0.309532

9 29 0.344275

10 29 0.377659

11 29 0.409552

12 29 0.43983

13 29 0.468371

14 29 0.495064

15 29 0.519803

16 29 0.542491

17 29 0.563037

18 29 0.581362

19 29 0.597392

20 29 0.611065

21 29 0.622326

22 29 0.631131

23 29 0.637445

24 29 0.641244

25 29 0.642512

26 29 0.641244

27 29 0.637445

28 29 0.631131

29 29 0.622326

30 29 0.611065

31 29 0.597392

32 29 0.581362

33 29 0.563037

34 29 0.542491

35 29 0.519803

36 29 0.495064

37 29 0.468371

38 29 0.43983

39 29 0.409552

40 29 0.377659

41 29 0.344275

42 29 0.309532

43 29 0.273568

44 29 0.236524

45 29 0.198547

46 29 0.159786

47 29 0.120395

48 29 0.0805281

49 29 0.0403437

50 29 0

0 30 0

1 30 0.0396136

2 30 0.0790709

3 30 0.118216

4 30 0.156895

5 30 0.194954

6 30 0.232244

7 30 0.268618

8 30 0.303931

9 30 0.338045

10 30 0.370825

11 30 0.402142

12 30 0.431871

13 30 0.459896

14 30 0.486106

15 30 0.510397

16 30 0.532674

17 30 0.552849

18 30 0.570842

19 30 0.586583

20 30 0.600008

21 30 0.611065

22 30 0.619711

23 30 0.625911

24 30 0.629641

25 30 0.630886

26 30 0.629641

27 30 0.625911

28 30 0.619711

29 30 0.611065

30 30 0.600008

31 30 0.586583

32 30 0.570842

33 30 0.552849

34 30 0.532674

35 30 0.510397

36 30 0.486106

37 30 0.459896

38 30 0.431871

39 30 0.402142

40 30 0.370825

41 30 0.338045

42 30 0.303931

43 30 0.268618

44 30 0.232244

45 30 0.194954

46 30 0.156895

47 30 0.118216

48 30 0.0790709

49 30 0.0396136

50 30 0

0 31 0

1 31 0.0387273

2 31 0.0773017

3 31 0.115571

4 31 0.153384

5 31 0.190592

6 31 0.227048

7 31 0.262608

8 31 0.297131

9 31 0.330482

10 31 0.362528

11 31 0.393144

12 31 0.422208

13 31 0.449606

14 31 0.475229

15 31 0.498977

16 31 0.520756

17 31 0.540479

18 31 0.55807

19 31 0.573458

20 31 0.586583

21 31 0.597392

22 31 0.605845

23 31 0.611906

24 31 0.615552

25 31 0.616769

26 31 0.615552

27 31 0.611906

28 31 0.605845

29 31 0.597392

30 31 0.586583

31 31 0.573458

32 31 0.55807

33 31 0.540479

34 31 0.520756

35 31 0.498977

36 31 0.475229

37 31 0.449606

38 31 0.422208

39 31 0.393144

40 31 0.362528

41 31 0.330482

42 31 0.297131

43 31 0.262608

44 31 0.227048

45 31 0.190592

46 31 0.153384

47 31 0.115571

48 31 0.0773017

49 31 0.0387273

50 31 0

0 32 0

1 32 0.0376881

2 32 0.0752274

3 32 0.11247

4 32 0.149268

5 32 0.185478

6 32 0.220955

7 32 0.255561

8 32 0.289158

9 32 0.321613

10 32 0.3528

11 32 0.382594

12 32 0.410878

13 32 0.437541

14 32 0.462477

15 32 0.485587

16 32 0.506782

17 32 0.525976

18 32 0.543095

19 32 0.55807

20 32 0.570842

21 32 0.581362

22 32 0.589588

23 32 0.595486

24 32 0.599035

25 32 0.600219

26 32 0.599035

27 32 0.595486

28 32 0.589588

29 32 0.581362

30 32 0.570842

31 32 0.55807

32 32 0.543095

33 32 0.525976

34 32 0.506782

35 32 0.485587

36 32 0.462477

37 32 0.437541

38 32 0.410878

39 32 0.382594

40 32 0.3528

41 32 0.321613

42 32 0.289158

43 32 0.255561

44 32 0.220955

45 32 0.185478

46 32 0.149268

47 32 0.11247

48 32 0.0752274

49 32 0.0376881

50 32 0

0 33 0

1 33 0.0365001

2 33 0.0728562

3 33 0.108925

4 33 0.144563

5 33 0.179632

6 33 0.213991

7 33 0.247506

8 33 0.280043

9 33 0.311476

10 33 0.34168

11 33 0.370535

12 33 0.397927

13 33 0.42375

14 33 0.447899

15 33 0.470282

16 33 0.490808

17 33 0.509397

18 33 0.525976

19 33 0.540479

20 33 0.552849

21 33 0.563037

22 33 0.571004

23 33 0.576716

24 33 0.580153

25 33 0.5813

26 33 0.580153

27 33 0.576716

28 33 0.571004

29 33 0.563037

30 33 0.552849

31 33 0.540479

32 33 0.525976

33 33 0.509397

34 33 0.490808

35 33 0.470282

36 33 0.447899

37 33 0.42375

38 33 0.397927

39 33 0.370535

40 33 0.34168

41 33 0.311476

42 33 0.280043

43 33 0.247506

44 33 0.213991

45 33 0.179632

46 33 0.144563

47 33 0.108925

48 33 0.0728562

49 33 0.0365001

50 33 0

0 34 0

1 34 0.0351681

2 34 0.0701975

3 34 0.10495

4 34 0.139288

5 34 0.173076

6 34 0.206182

7 34 0.238473

8 34 0.269824

9 34 0.30011

10 34 0.329211

11 34 0.357013

12 34 0.383406

13 34 0.408286

14 34 0.431554

15 34 0.45312

16 34 0.472897

17 34 0.490808

18 34 0.506782

19 34 0.520756

20 34 0.532674

21 34 0.542491

22 34 0.550166

23 34 0.55567

24 34 0.558982

25 34 0.560087

26 34 0.558982

27 34 0.55567

28 34 0.550166

29 34 0.542491

30 34 0.532674

31 34 0.520756

32 34 0.506782

33 34 0.490808

34 34 0.472897

35 34 0.45312

36 34 0.431554

37 34 0.408286

38 34 0.383406

39 34 0.357013

40 34 0.329211

41 34 0.30011

42 34 0.269824

43 34 0.238473

44 34 0.206182

45 34 0.173076

46 34 0.139288

47 34 0.10495

48 34 0.0701975

49 34 0.0351681

50 34 0

0 35 0

1 35 0.0336974

2 35 0.0672617

3 35 0.100561

4 35 0.133463

5 35 0.165838

6 35 0.197559

7 35 0.2285

8 35 0.25854

9 35 0.287559

10 35 0.315443

11 35 0.342082

12 35 0.367371

13 35 0.391211

14 35 0.413506

15 35 0.43417

16 35 0.45312

17 35 0.470282

18 35 0.485587

19 35 0.498977

20 35 0.510397

21 35 0.519803

22 35 0.527158

23 35 0.532432

24 35 0.535604

25 35 0.536663

26 35 0.535604

27 35 0.532432

28 35 0.527158

29 35 0.519803

30 35 0.510397

31 35 0.498977

32 35 0.485587

33 35 0.470282

34 35 0.45312

35 35 0.43417

36 35 0.413506

37 35 0.391211

38 35 0.367371

39 35 0.342082

40 35 0.315443

41 35 0.287559

42 35 0.25854

43 35 0.2285

44 35 0.197559

45 35 0.165838

46 35 0.133463

47 35 0.100561

48 35 0.0672617

49 35 0.0336974

50 35 0

0 36 0

1 36 0.0320936

2 36 0.0640605

3 36 0.0957747

4 36 0.127111

5 36 0.157945

6 36 0.188156

7 36 0.217625

8 36 0.246235

9 36 0.273873

10 36 0.30043

11 36 0.325801

12 36 0.349887

13 36 0.372592

14 36 0.393826

15 36 0.413506

16 36 0.431554

17 36 0.447899

18 36 0.462477

19 36 0.475229

20 36 0.486106

21 36 0.495064

22 36 0.502068

23 36 0.507091

24 36 0.510113

25 36 0.511122

26 36 0.510113

27 36 0.507091

28 36 0.502068

29 36 0.495064

30 36 0.486106

31 36 0.475229

32 36 0.462477

33 36 0.447899

34 36 0.431554

35 36 0.413506

36 36 0.393826

37 36 0.372592

38 36 0.349887

39 36 0.325801

40 36 0.30043

41 36 0.273873

42 36 0.246235

43 36 0.217625

44 36 0.188156

45 36 0.157945

46 36 0.127111

47 36 0.0957747

48 36 0.0640605

49 36 0.0320936

50 36 0

0 37 0

1 37 0.0303632

2 37 0.0606065

3 37 0.0906107

4 37 0.120257

5 37 0.149429

6 37 0.178011

7 37 0.205891

8 37 0.232958

9 37 0.259106

10 37 0.284231

11 37 0.308235

12 37 0.331022

13 37 0.352502

14 37 0.372592

15 37 0.391211

16 37 0.408286

17 37 0.42375

18 37 0.437541

19 37 0.449606

20 37 0.459896

21 37 0.468371

22 37 0.474998

23 37 0.47975

24 37 0.482609

25 37 0.483563

26 37 0.482609

27 37 0.47975

28 37 0.474998

29 37 0.468371

30 37 0.459896

31 37 0.449606

32 37 0.437541

33 37 0.42375

34 37 0.408286

35 37 0.391211

36 37 0.372592

37 37 0.352502

38 37 0.331022

39 37 0.308235

40 37 0.284231

41 37 0.259106

42 37 0.232958

43 37 0.205891

44 37 0.178011

45 37 0.149429

46 37 0.120257

47 37 0.0906107

48 37 0.0606065

49 37 0.0303632

50 37 0

0 38 0

1 38 0.0285129

2 38 0.0569133

3 38 0.0850891

4 38 0.112929

5 38 0.140323

6 38 0.167164

7 38 0.193345

8 38 0.218762

9 38 0.243317

10 38 0.266911

11 38 0.289452

12 38 0.31085

13 38 0.331022

14 38 0.349887

15 38 0.367371

16 38 0.383406

17 38 0.397927

18 38 0.410878

19 38 0.422208

20 38 0.431871

21 38 0.43983

22 38 0.446053

23 38 0.450515

24 38 0.4532

25 38 0.454096

26 38 0.4532

27 38 0.450515

28 38 0.446053

29 38 0.43983

30 38 0.431871

31 38 0.422208

32 38 0.410878

33 38 0.397927

34 38 0.383406

35 38 0.367371

36 38 0.349887

37 38 0.331022

38 38 0.31085

39 38 0.289452

40 38 0.266911

41 38 0.243317

42 38 0.218762

43 38 0.193345

44 38 0.167164

45 38 0.140323

46 38 0.112929

47 38 0.0850891

48 38 0.0569133

49 38 0.0285129

50 38 0

0 39 0

1 39 0.0265501

2 39 0.0529955

3 39 0.0792317

4 39 0.105155

5 39 0.130664

6 39 0.155657

7 39 0.180035

8 39 0.203703

9 39 0.226567

10 39 0.248537

11 39 0.269526

12 39 0.289452

13 39 0.308235

14 39 0.325801

15 39 0.342082

16 39 0.357013

17 39 0.370535

18 39 0.382594

19 39 0.393144

20 39 0.402142

21 39 0.409552

22 39 0.415347

23 39 0.419502

24 39 0.422002

25 39 0.422837

26 39 0.422002

27 39 0.419502

28 39 0.415347

29 39 0.409552

30 39 0.402142

31 39 0.393144

32 39 0.382594

33 39 0.370535

34 39 0.357013

35 39 0.342082

36 39 0.325801

37 39 0.308235

38 39 0.289452

39 39 0.269526

40 39 0.248537

41 39 0.226567

42 39 0.203703

43 39 0.180035

44 39 0.155657

45 39 0.130664

46 39 0.105155

47 39 0.0792317

48 39 0.0529955

49 39 0.0265501

50 39 0

0 40 0

1 40 0.0244826

2 40 0.0488685

3 40 0.0730616

4 40 0.0969664

5 40 0.120488

6 40 0.143535

7 40 0.166015

8 40 0.18784

9 40 0.208924

10 40 0.229183

11 40 0.248537

12 40 0.266911

13 40 0.284231

14 40 0.30043

15 40 0.315443

16 40 0.329211

17 40 0.34168

18 40 0.3528

19 40 0.362528

20 40 0.370825

21 40 0.377659

22 40 0.383002

23 40 0.386834

24 40 0.389139

25 40 0.389909

26 40 0.389139

27 40 0.386834

28 40 0.383002

29 40 0.377659

30 40 0.370825

31 40 0.362528

32 40 0.3528

33 40 0.34168

34 40 0.329211

35 40 0.315443

36 40 0.30043

37 40 0.284231

38 40 0.266911

39 40 0.248537

40 40 0.229183

41 40 0.208924

42 40 0.18784

43 40 0.166015

44 40 0.143535

45 40 0.120488

46 40 0.0969664

47 40 0.0730616

48 40 0.0488685

49 40 0.0244826

50 40 0

0 41 0

1 41 0.0223184

2 41 0.0445487

3 41 0.0666032

4 41 0.0883948

5 41 0.109838

6 41 0.130847

7 41 0.15134

8 41 0.171235

9 41 0.190455

10 41 0.208924

11 41 0.226567

12 41 0.243317

13 41 0.259106

14 41 0.273873

15 41 0.287559

16 41 0.30011

17 41 0.311476

18 41 0.321613

19 41 0.330482

20 41 0.338045

21 41 0.344275

22 41 0.349146

23 41 0.352639

24 41 0.354741

25 41 0.355442

26 41 0.354741

27 41 0.352639

28 41 0.349146

29 41 0.344275

30 41 0.338045

31 41 0.330482

32 41 0.321613

33 41 0.311476

34 41 0.30011

35 41 0.287559

36 41 0.273873

37 41 0.259106

38 41 0.243317

39 41 0.226567

40 41 0.208924

41 41 0.190455

42 41 0.171235

43 41 0.15134

44 41 0.130847

45 41 0.109838

46 41 0.0883948

47 41 0.0666032

48 41 0.0445487

49 41 0.0223184

50 41 0

0 42 0

1 42 0.0200661

2 42 0.040053

3 42 0.0598819

4 42 0.0794744

5 42 0.0987533

6 42 0.117642

7 42 0.136067

8 42 0.153955

9 42 0.171235

10 42 0.18784

11 42 0.203703

12 42 0.218762

13 42 0.232958

14 42 0.246235

15 42 0.25854

16 42 0.269824

17 42 0.280043

18 42 0.289158

19 42 0.297131

20 42 0.303931

21 42 0.309532

22 42 0.313912

23 42 0.317052

24 42 0.318942

25 42 0.319572

26 42 0.318942

27 42 0.317052

28 42 0.313912

29 42 0.309532

30 42 0.303931

31 42 0.297131

32 42 0.289158

33 42 0.280043

34 42 0.269824

35 42 0.25854

36 42 0.246235

37 42 0.232958

38 42 0.218762

39 42 0.203703

40 42 0.18784

41 42 0.171235

42 42 0.153955

43 42 0.136067

44 42 0.117642

45 42 0.0987533

46 42 0.0794744

47 42 0.0598819

48 42 0.040053

49 42 0.0200661

50 42 0

0 43 0

1 43 0.0177347

2 43 0.0353993

3 43 0.0529243

4 43 0.0702404

5 43 0.0872793

6 43 0.103974

7 43 0.120258

8 43 0.136067

9 43 0.15134

10 43 0.166015

11 43 0.180035

12 43 0.193345

13 43 0.205891

14 43 0.217625

15 43 0.2285

16 43 0.238473

17 43 0.247506

18 43 0.255561

19 43 0.262608

20 43 0.268618

21 43 0.273568

22 43 0.277439

23 43 0.280215

24 43 0.281884

25 43 0.282442

26 43 0.281884

27 43 0.280215

28 43 0.277439

29 43 0.273568

30 43 0.268618

31 43 0.262608

32 43 0.255561

33 43 0.247506

34 43 0.238473

35 43 0.2285

36 43 0.217625

37 43 0.205891

38 43 0.193345

39 43 0.180035

40 43 0.166015

41 43 0.15134

42 43 0.136067

43 43 0.120258

44 43 0.103974

45 43 0.0872793

46 43 0.0702404

47 43 0.0529243

48 43 0.0353993

49 43 0.0177347

50 43 0

0 44 0

1 44 0.0153332

2 44 0.0306059

3 44 0.0457578

4 44 0.0607291

5 44 0.0754608

6 44 0.0898946

7 44 0.103974

8 44 0.117642

9 44 0.130847

10 44 0.143535

11 44 0.155657

12 44 0.167164

13 44 0.178011

14 44 0.188156

15 44 0.197559

16 44 0.206182

17 44 0.213991

18 44 0.220955

19 44 0.227048

20 44 0.232244

21 44 0.236524

22 44 0.239871

23 44 0.242271

24 44 0.243714

25 44 0.244196

26 44 0.243714

27 44 0.242271

28 44 0.239871

29 44 0.236524

30 44 0.232244

31 44 0.227048

32 44 0.220955

33 44 0.213991

34 44 0.206182

35 44 0.197559

36 44 0.188156

37 44 0.178011

38 44 0.167164

39 44 0.155657

40 44 0.143535

41 44 0.130847

42 44 0.117642

43 44 0.103974

44 44 0.0898946

45 44 0.0754608

46 44 0.0607291

47 44 0.0457578

48 44 0.0306059

49 44 0.0153332

50 44 0

0 45 0

1 45 0.0128712

2 45 0.0256917

3 45 0.0384108

4 45 0.0509782

5 45 0.0633445

6 45 0.0754608

7 45 0.0872793

8 45 0.0987533

9 45 0.109838

10 45 0.120488

11 45 0.130664

12 45 0.140323

13 45 0.149429

14 45 0.157945

15 45 0.165838

16 45 0.173076

17 45 0.179632

18 45 0.185478

19 45 0.190592

20 45 0.194954

21 45 0.198547

22 45 0.201356

23 45 0.203371

24 45 0.204583

25 45 0.204987

26 45 0.204583

27 45 0.203371

28 45 0.201356

29 45 0.198547

30 45 0.194954

31 45 0.190592

32 45 0.185478

33 45 0.179632

34 45 0.173076

35 45 0.165838

36 45 0.157945

37 45 0.149429

38 45 0.140323

39 45 0.130664

40 45 0.120488

41 45 0.109838

42 45 0.0987533

43 45 0.0872793

44 45 0.0754608

45 45 0.0633445

46 45 0.0509782

47 45 0.0384108

48 45 0.0256917

49 45 0.0128712

50 45 0

0 46 0

1 46 0.0103585

2 46 0.0206761

3 46 0.0309121

4 46 0.0410261

5 46 0.0509782

6 46 0.0607291

7 46 0.0702404

8 46 0.0794744

9 46 0.0883948

10 46 0.0969664

11 46 0.105155

12 46 0.112929

13 46 0.120257

14 46 0.127111

15 46 0.133463

16 46 0.139288

17 46 0.144563

18 46 0.149268

19 46 0.153384

20 46 0.156895

21 46 0.159786

22 46 0.162047

23 46 0.163668

24 46 0.164643

25 46 0.164969

26 46 0.164643

27 46 0.163668

28 46 0.162047

29 46 0.159786

30 46 0.156895

31 46 0.153384

32 46 0.149268

33 46 0.144563

34 46 0.139288

35 46 0.133463

36 46 0.127111

37 46 0.120257

38 46 0.112929

39 46 0.105155

40 46 0.0969664

41 46 0.0883948

42 46 0.0794744

43 46 0.0702404

44 46 0.0607291

45 46 0.0509782

46 46 0.0410261

47 46 0.0309121

48 46 0.0206761

49 46 0.0103585

50 46 0

0 47 0

1 47 0.00780485

2 47 0.0155789

3 47 0.0232915

4 47 0.0309121

5 47 0.0384108

6 47 0.0457578

7 47 0.0529243

8 47 0.0598819

9 47 0.0666032

10 47 0.0730616

11 47 0.0792317

12 47 0.0850891

13 47 0.0906107

14 47 0.0957747

15 47 0.100561

16 47 0.10495

17 47 0.108925

18 47 0.11247

19 47 0.115571

20 47 0.118216

21 47 0.120395

22 47 0.122098

23 47 0.12332

24 47 0.124055

25 47 0.1243

26 47 0.124055

27 47 0.12332

28 47 0.122098

29 47 0.120395

30 47 0.118216

31 47 0.115571

32 47 0.11247

33 47 0.108925

34 47 0.10495

35 47 0.100561

36 47 0.0957747

37 47 0.0906107

38 47 0.0850891

39 47 0.0792317

40 47 0.0730616

41 47 0.0666032

42 47 0.0598819

43 47 0.0529243

44 47 0.0457578

45 47 0.0384108

46 47 0.0309121

47 47 0.0232915

48 47 0.0155789

49 47 0.00780485

50 47 0

0 48 0

1 48 0.00522041

2 48 0.0104202

3 48 0.0155789

4 48 0.0206761

5 48 0.0256917

6 48 0.0306059

7 48 0.0353993

8 48 0.040053

9 48 0.0445487

10 48 0.0488685

11 48 0.0529955

12 48 0.0569133

13 48 0.0606065

14 48 0.0640605

15 48 0.0672617

16 48 0.0701975

17 48 0.0728562

18 48 0.0752274

19 48 0.0773017

20 48 0.0790709

21 48 0.0805281

22 48 0.0816675

23 48 0.0824845

24 48 0.082976

25 48 0.0831401

26 48 0.082976

27 48 0.0824845

28 48 0.0816675

29 48 0.0805281

30 48 0.0790709

31 48 0.0773017

32 48 0.0752274

33 48 0.0728562

34 48 0.0701975

35 48 0.0672617

36 48 0.0640605

37 48 0.0606065

38 48 0.0569133

39 48 0.0529955

40 48 0.0488685

41 48 0.0445487

42 48 0.040053

43 48 0.0353993

44 48 0.0306059

45 48 0.0256917

46 48 0.0206761

47 48 0.0155789

48 48 0.0104202

49 48 0.00522041

50 48 0

0 49 0

1 49 0.00261537

2 49 0.00522041

3 49 0.00780485

4 49 0.0103585

5 49 0.0128712

6 49 0.0153332

7 49 0.0177347

8 49 0.0200661

9 49 0.0223184

10 49 0.0244826

11 49 0.0265501

12 49 0.0285129

13 49 0.0303632

14 49 0.0320936

15 49 0.0336974

16 49 0.0351681

17 49 0.0365001

18 49 0.0376881

19 49 0.0387273

20 49 0.0396136

21 49 0.0403437

22 49 0.0409145

23 49 0.0413238

24 49 0.04157

25 49 0.0416522

26 49 0.04157

27 49 0.0413238

28 49 0.0409145

29 49 0.0403437

30 49 0.0396136

31 49 0.0387273

32 49 0.0376881

33 49 0.0365001

34 49 0.0351681

35 49 0.0336974

36 49 0.0320936

37 49 0.0303632

38 49 0.0285129

39 49 0.0265501

40 49 0.0244826

41 49 0.0223184

42 49 0.0200661

43 49 0.0177347

44 49 0.0153332

45 49 0.0128712

46 49 0.0103585

47 49 0.00780485

48 49 0.00522041

49 49 0.00261537

50 49 0

