0 1 0

1 1 0.000187319

2 1 0.000373899

3 1 0.000559003

4 1 0.000741901

5 1 0.000921871

6 1 0.0010982

7 1 0.0012702

8 1 0.00143719

9 1 0.0015985

10 1 0.0017535

11 1 0.00190159

12 1 0.00204217

13 1 0.00217469

14 1 0.00229862

15 1 0.00241349

16 1 0.00251883

17 1 0.00261423

18 1 0.00269932

19 1 0.00277375

20 1 0.00283723

21 1 0.00288951

22 1 0.0029304

23 1 0.00295971

24 1 0.00297735

25 1 0.00298324

26 1 0.00297735

27 1 0.00295971

28 1 0.0029304

29 1 0.00288951

30 1 0.00283723

31 1 0.00277375

32 1 0.00269932

33 1 0.00261423

34 1 0.00251883

35 1 0.00241349

36 1 0.00229862

37 1 0.00217469

38 1 0.00204217

39 1 0.00190159

40 1 0.0017535

41 1 0.0015985

42 1 0.00143719

43 1 0.0012702

44 1 0.0010982

45 1 0.000921871

46 1 0.000741901

47 1 0.000559003

48 1 0.000373899

49 1 0.000187319

50 1 0

0 2 0

1 2 0.000373899

2 2 0.000746322

3 2 0.0011158

4 2 0.00148087

5 2 0.0018401

6 2 0.00219207

7 2 0.00253539

8 2 0.0028687

9 2 0.00319069

10 2 0.00350009

11 2 0.00379567

12 2 0.00407628

13 2 0.00434079

14 2 0.00458818

15 2 0.00481746

16 2 0.00502772

17 2 0.00521815

18 2 0.00538798

19 2 0.00553654

20 2 0.00566326

21 2 0.00576763

22 2 0.00584923

23 2 0.00590775

24 2 0.00594295

25 2 0.0059547

26 2 0.00594295

27 2 0.00590775

28 2 0.00584923

29 2 0.00576763

30 2 0.00566326

31 2 0.00553654

32 2 0.00538798

33 2 0.00521815

34 2 0.00502772

35 2 0.00481746

36 2 0.00458818

37 2 0.00434079

38 2 0.00407628

39 2 0.00379567

40 2 0.00350009

41 2 0.00319069

42 2 0.0028687

43 2 0.00253539

44 2 0.00219207

45 2 0.0018401

46 2 0.00148087

47 2 0.0011158

48 2 0.000746322

49 2 0.000373899

50 2 0

0 3 0

1 3 0.000559003

2 3 0.0011158

3 3 0.00166819

4 3 0.002214

5 3 0.00275108

6 3 0.00327729

7 3 0.00379057

8 3 0.00428889

9 3 0.00477029

10 3 0.00523286

11 3 0.00567477

12 3 0.0060943

13 3 0.00648977

14 3 0.00685962

15 3 0.00720241

16 3 0.00751677

17 3 0.00780147

18 3 0.00805538

19 3 0.00827749

20 3 0.00846694

21 3 0.00862297

22 3 0.00874498

23 3 0.00883247

24 3 0.0088851

25 3 0.00890267

26 3 0.0088851

27 3 0.00883247

28 3 0.00874498

29 3 0.00862297

30 3 0.00846694

31 3 0.00827749

32 3 0.00805538

33 3 0.00780147

34 3 0.00751677

35 3 0.00720241

36 3 0.00685962

37 3 0.00648977

38 3 0.0060943

39 3 0.00567477

40 3 0.00523286

41 3 0.00477029

42 3 0.00428889

43 3 0.00379057

44 3 0.00327729

45 3 0.00275108

46 3 0.002214

47 3 0.00166819

48 3 0.0011158

49 3 0.000559003

50 3 0

0 4 0

1 4 0.000741901

2 4 0.00148087

3 4 0.002214

4 4 0.0029384

5 4 0.00365119

6 4 0.00434958

7 4 0.00503079

8 4 0.00569216

9 4 0.00633106

10 4 0.00694498

11 4 0.00753148

12 4 0.00808827

13 4 0.00861313

14 4 0.009104

15 4 0.00955894

16 4 0.00997616

17 4 0.010354

18 4 0.010691

19 4 0.0109858

20 4 0.0112372

21 4 0.0114443

22 4 0.0116062

23 4 0.0117223

24 4 0.0117922

25 4 0.0118155

26 4 0.0117922

27 4 0.0117223

28 4 0.0116062

29 4 0.0114443

30 4 0.0112372

31 4 0.0109858

32 4 0.010691

33 4 0.010354

34 4 0.00997616

35 4 0.00955894

36 4 0.009104

37 4 0.00861313

38 4 0.00808827

39 4 0.00753148

40 4 0.00694498

41 4 0.00633106

42 4 0.00569216

43 4 0.00503079

44 4 0.00434958

45 4 0.00365119

46 4 0.0029384

47 4 0.002214

48 4 0.00148087

49 4 0.000741901

50 4 0

0 5 0

1 5 0.000921871

2 5 0.0018401

3 5 0.00275108

4 5 0.00365119

5 5 0.00453689

6 5 0.00540469

7 5 0.00625116

8 5 0.00707296

9 5 0.00786685

10 5 0.00862969

11 5 0.00935847

12 5 0.0100503

13 5 0.0107025

14 5 0.0113124

15 5 0.0118777

16 5 0.0123962

17 5 0.0128657

18 5 0.0132844

19 5 0.0136507

20 5 0.0139631

21 5 0.0142204

22 5 0.0144216

23 5 0.0145659

24 5 0.0146527

25 5 0.0146817

26 5 0.0146527

27 5 0.0145659

28 5 0.0144216

29 5 0.0142204

30 5 0.0139631

31 5 0.0136507

32 5 0.0132844

33 5 0.0128657

34 5 0.0123962

35 5 0.0118777

36 5 0.0113124

37 5 0.0107025

38 5 0.0100503

39 5 0.00935847

40 5 0.00862969

41 5 0.00786685

42 5 0.00707296

43 5 0.00625116

44 5 0.00540469

45 5 0.00453689

46 5 0.00365119

47 5 0.00275108

48 5 0.0018401

49 5 0.000921871

50 5 0

0 6 0

1 6 0.0010982

2 6 0.00219207

3 6 0.00327729

4 6 0.00434958

5 6 0.00540469

6 6 0.00643848

7 6 0.00744686

8 6 0.00842585

9 6 0.00937159

10 6 0.0102803

11 6 0.0111485

12 6 0.0119727

13 6 0.0127496

14 6 0.0134762

15 6 0.0141497

16 6 0.0147673

17 6 0.0153266

18 6 0.0158254

19 6 0.0162617

20 6 0.0166339

21 6 0.0169405

22 6 0.0171802

23 6 0.017352

24 6 0.0174554

25 6 0.01749

26 6 0.0174554

27 6 0.017352

28 6 0.0171802

29 6 0.0169405

30 6 0.0166339

31 6 0.0162617

32 6 0.0158254

33 6 0.0153266

34 6 0.0147673

35 6 0.0141497

36 6 0.0134762

37 6 0.0127496

38 6 0.0119727

39 6 0.0111485

40 6 0.0102803

41 6 0.00937159

42 6 0.00842585

43 6 0.00744686

44 6 0.00643848

45 6 0.00540469

46 6 0.00434958

47 6 0.00327729

48 6 0.00219207

49 6 0.0010982

50 6 0

0 7 0

1 7 0.0012702

2 7 0.00253539

3 7 0.00379057

4 7 0.00503079

5 7 0.00625116

6 7 0.00744686

7 7 0.00861317

8 7 0.00974549

9 7 0.0108393

10 7 0.0118904

11 7 0.0128946

12 7 0.0138478

13 7 0.0147464

14 7 0.0155869

15 7 0.0163658

16 7 0.0170801

17 7 0.017727

18 7 0.0183039

19 7 0.0188086

20 7 0.0192391

21 7 0.0195937

22 7 0.0198709

23 7 0.0200697

24 7 0.0201893

25 7 0.0202292

26 7 0.0201893

27 7 0.0200697

28 7 0.0198709

29 7 0.0195937

30 7 0.0192391

31 7 0.0188086

32 7 0.0183039

33 7 0.017727

34 7 0.0170801

35 7 0.0163658

36 7 0.0155869

37 7 0.0147464

38 7 0.0138478

39 7 0.0128946

40 7 0.0118904

41 7 0.0108393

42 7 0.00974549

43 7 0.00861317

44 7 0.00744686

45 7 0.00625116

46 7 0.00503079

47 7 0.00379057

48 7 0.00253539

49 7 0.0012702

50 7 0

0 8 0

1 8 0.00143719

2 8 0.0028687

3 8 0.00428889

4 8 0.00569216

5 8 0.00707296

6 8 0.00842585

7 8 0.00974549

8 8 0.0110267

9 8 0.0122643

10 8 0.0134536

11 8 0.0145897

12 8 0.0156683

13 8 0.0166851

14 8 0.017636

15 8 0.0185173

16 8 0.0193255

17 8 0.0200574

18 8 0.0207102

19 8 0.0212813

20 8 0.0217683

21 8 0.0221695

22 8 0.0224832

23 8 0.0227081

24 8 0.0228434

25 8 0.0228886

26 8 0.0228434

27 8 0.0227081

28 8 0.0224832

29 8 0.0221695

30 8 0.0217683

31 8 0.0212813

32 8 0.0207102

33 8 0.0200574

34 8 0.0193255

35 8 0.0185173

36 8 0.017636

37 8 0.0166851

38 8 0.0156683

39 8 0.0145897

40 8 0.0134536

41 8 0.0122643

42 8 0.0110267

43 8 0.00974549

44 8 0.00842585

45 8 0.00707296

46 8 0.00569216

47 8 0.00428889

48 8 0.0028687

49 8 0.00143719

50 8 0

0 9 0

1 9 0.0015985

2 9 0.00319069

3 9 0.00477029

4 9 0.00633106

5 9 0.00786685

6 9 0.00937159

7 9 0.0108393

8 9 0.0122643

9 9 0.0136409

10 9 0.0149636

11 9 0.0162273

12 9 0.017427

13 9 0.0185578

14 9 0.0196155

15 9 0.0205957

16 9 0.0214946

17 9 0.0223087

18 9 0.0230348

19 9 0.0236699

20 9 0.0242117

21 9 0.0246579

22 9 0.0250067

23 9 0.0252569

24 9 0.0254074

25 9 0.0254577

26 9 0.0254074

27 9 0.0252569

28 9 0.0250067

29 9 0.0246579

30 9 0.0242117

31 9 0.0236699

32 9 0.0230348

33 9 0.0223087

34 9 0.0214946

35 9 0.0205957

36 9 0.0196155

37 9 0.0185578

38 9 0.017427

39 9 0.0162273

40 9 0.0149636

41 9 0.0136409

42 9 0.0122643

43 9 0.0108393

44 9 0.00937159

45 9 0.00786685

46 9 0.00633106

47 9 0.00477029

48 9 0.00319069

49 9 0.0015985

50 9 0

0 10 0

1 10 0.0017535

2 10 0.00350009

3 10 0.00523286

4 10 0.00694498

5 10 0.00862969

6 10 0.0102803

7 10 0.0118904

8 10 0.0134536

9 10 0.0149636

10 10 0.0164146

11 10 0.0178009

12 10 0.0191168

13 10 0.0203574

14 10 0.0215175

15 10 0.0225928

16 10 0.0235789

17 10 0.024472

18 10 0.0252684

19 10 0.0259652

20 10 0.0265594

21 10 0.0270489

22 10 0.0274316

23 10 0.027706

24 10 0.0278711

25 10 0.0279262

26 10 0.0278711

27 10 0.027706

28 10 0.0274316

29 10 0.0270489

30 10 0.0265594

31 10 0.0259652

32 10 0.0252684

33 10 0.024472

34 10 0.0235789

35 10 0.0225928

36 10 0.0215175

37 10 0.0203574

38 10 0.0191168

39 10 0.0178009

40 10 0.0164146

41 10 0.0149636

42 10 0.0134536

43 10 0.0118904

44 10 0.0102803

45 10 0.00862969

46 10 0.00694498

47 10 0.00523286

48 10 0.00350009

49 10 0.0017535

50 10 0

0 11 0

1 11 0.00190159

2 11 0.00379567

3 11 0.00567477

4 11 0.00753148

5 11 0.00935847

6 11 0.0111485

7 11 0.0128946

8 11 0.0145897

9 11 0.0162273

10 11 0.0178009

11 11 0.0193042

12 11 0.0207313

13 11 0.0220765

14 11 0.0233347

15 11 0.0245008

16 11 0.0255702

17 11 0.0265386

18 11 0.0274024

19 11 0.0281579

20 11 0.0288024

21 11 0.0293332

22 11 0.0297482

23 11 0.0300458

24 11 0.0302249

25 11 0.0302846

26 11 0.0302249

27 11 0.0300458

28 11 0.0297482

29 11 0.0293332

30 11 0.0288024

31 11 0.0281579

32 11 0.0274024

33 11 0.0265386

34 11 0.0255702

35 11 0.0245008

36 11 0.0233347

37 11 0.0220765

38 11 0.0207313

39 11 0.0193042

40 11 0.0178009

41 11 0.0162273

42 11 0.0145897

43 11 0.0128946

44 11 0.0111485

45 11 0.00935847

46 11 0.00753148

47 11 0.00567477

48 11 0.00379567

49 11 0.00190159

50 11 0

0 12 0

1 12 0.00204217

2 12 0.00407628

3 12 0.0060943

4 12 0.00808827

5 12 0.0100503

6 12 0.0119727

7 12 0.0138478

8 12 0.0156683

9 12 0.017427

10 12 0.0191168

11 12 0.0207313

12 12 0.0222639

13 12 0.0237086

14 12 0.0250598

15 12 0.0263121

16 12 0.0274605

17 12 0.0285006

18 12 0.0294281

19 12 0.0302396

20 12 0.0309317

21 12 0.0315017

22 12 0.0319474

23 12 0.032267

24 12 0.0324593

25 12 0.0325235

26 12 0.0324593

27 12 0.032267

28 12 0.0319474

29 12 0.0315017

30 12 0.0309317

31 12 0.0302396

32 12 0.0294281

33 12 0.0285006

34 12 0.0274605

35 12 0.0263121

36 12 0.0250598

37 12 0.0237086

38 12 0.0222639

39 12 0.0207313

40 12 0.0191168

41 12 0.017427

42 12 0.0156683

43 12 0.0138478

44 12 0.0119727

45 12 0.0100503

46 12 0.00808827

47 12 0.0060943

48 12 0.00407628

49 12 0.00204217

50 12 0

0 13 0

1 13 0.00217469

2 13 0.00434079

3 13 0.00648977

4 13 0.00861313

5 13 0.0107025

6 13 0.0127496

7 13 0.0147464

8 13 0.0166851

9 13 0.0185578

10 13 0.0203574

11 13 0.0220765

12 13 0.0237086

13 13 0.0252471

14 13 0.026686

15 13 0.0280195

16 13 0.0292425

17 13 0.03035

18 13 0.0313378

19 13 0.0322019

20 13 0.0329389

21 13 0.0335459

22 13 0.0340205

23 13 0.0343609

24 13 0.0345657

25 13 0.034634

26 13 0.0345657

27 13 0.0343609

28 13 0.0340205

29 13 0.0335459

30 13 0.0329389

31 13 0.0322019

32 13 0.0313378

33 13 0.03035

34 13 0.0292425

35 13 0.0280195

36 13 0.026686

37 13 0.0252471

38 13 0.0237086

39 13 0.0220765

40 13 0.0203574

41 13 0.0185578

42 13 0.0166851

43 13 0.0147464

44 13 0.0127496

45 13 0.0107025

46 13 0.00861313

47 13 0.00648977

48 13 0.00434079

49 13 0.00217469

50 13 0

0 14 0

1 14 0.00229862

2 14 0.00458818

3 14 0.00685962

4 14 0.009104

5 14 0.0113124

6 14 0.0134762

7 14 0.0155869

8 14 0.017636

9 14 0.0196155

10 14 0.0215175

11 14 0.0233347

12 14 0.0250598

13 14 0.026686

14 14 0.0282068

15 14 0.0296164

16 14 0.030909

17 14 0.0320797

18 14 0.0331238

19 14 0.0340371

20 14 0.0348161

21 14 0.0354577

22 14 0.0359594

23 14 0.0363192

24 14 0.0365356

25 14 0.0366078

26 14 0.0365356

27 14 0.0363192

28 14 0.0359594

29 14 0.0354577

30 14 0.0348161

31 14 0.0340371

32 14 0.0331238

33 14 0.0320797

34 14 0.030909

35 14 0.0296164

36 14 0.0282068

37 14 0.026686

38 14 0.0250598

39 14 0.0233347

40 14 0.0215175

41 14 0.0196155

42 14 0.017636

43 14 0.0155869

44 14 0.0134762

45 14 0.0113124

46 14 0.009104

47 14 0.00685962

48 14 0.00458818

49 14 0.00229862

50 14 0

0 15 0

1 15 0.00241349

2 15 0.00481746

3 15 0.00720241

4 15 0.00955894

5 15 0.0118777

6 15 0.0141497

7 15 0.0163658

8 15 0.0185173

9 15 0.0205957

10 15 0.0225928

11 15 0.0245008

12 15 0.0263121

13 15 0.0280195

14 15 0.0296164

15 15 0.0310963

16 15 0.0324536

17 15 0.0336828

18 15 0.034779

19 15 0.035738

20 15 0.0365559

21 15 0.0372296

22 15 0.0377564

23 15 0.0381341

24 15 0.0383613

25 15 0.0384372

26 15 0.0383613

27 15 0.0381341

28 15 0.0377564

29 15 0.0372296

30 15 0.0365559

31 15 0.035738

32 15 0.034779

33 15 0.0336828

34 15 0.0324536

35 15 0.0310963

36 15 0.0296164

37 15 0.0280195

38 15 0.0263121

39 15 0.0245008

40 15 0.0225928

41 15 0.0205957

42 15 0.0185173

43 15 0.0163658

44 15 0.0141497

45 15 0.0118777

46 15 0.00955894

47 15 0.00720241

48 15 0.00481746

49 15 0.00241349

50 15 0

0 16 0

1 16 0.00251883

2 16 0.00502772

3 16 0.00751677

4 16 0.00997616

5 16 0.0123962

6 16 0.0147673

7 16 0.0170801

8 16 0.0193255

9 16 0.0214946

10 16 0.0235789

11 16 0.0255702

12 16 0.0274605

13 16 0.0292425

14 16 0.030909

15 16 0.0324536

16 16 0.0338701

17 16 0.0351529

18 16 0.036297

19 16 0.0372978

20 16 0.0381515

21 16 0.0388546

22 16 0.0394043

23 16 0.0397985

24 16 0.0400357

25 16 0.0401148

26 16 0.0400357

27 16 0.0397985

28 16 0.0394043

29 16 0.0388546

30 16 0.0381515

31 16 0.0372978

32 16 0.036297

33 16 0.0351529

34 16 0.0338701

35 16 0.0324536

36 16 0.030909

37 16 0.0292425

38 16 0.0274605

39 16 0.0255702

40 16 0.0235789

41 16 0.0214946

42 16 0.0193255

43 16 0.0170801

44 16 0.0147673

45 16 0.0123962

46 16 0.00997616

47 16 0.00751677

48 16 0.00502772

49 16 0.00251883

50 16 0

0 17 0

1 17 0.00261423

2 17 0.00521815

3 17 0.00780147

4 17 0.010354

5 17 0.0128657

6 17 0.0153266

7 17 0.017727

8 17 0.0200574

9 17 0.0223087

10 17 0.024472

11 17 0.0265386

12 17 0.0285006

13 17 0.03035

14 17 0.0320797

15 17 0.0336828

16 17 0.0351529

17 17 0.0364843

18 17 0.0376717

19 17 0.0387105

20 17 0.0395965

21 17 0.0403262

22 17 0.0408967

23 17 0.0413059

24 17 0.041552

25 17 0.0416342

26 17 0.041552

27 17 0.0413059

28 17 0.0408967

29 17 0.0403262

30 17 0.0395965

31 17 0.0387105

32 17 0.0376717

33 17 0.0364843

34 17 0.0351529

35 17 0.0336828

36 17 0.0320797

37 17 0.03035

38 17 0.0285006

39 17 0.0265386

40 17 0.024472

41 17 0.0223087

42 17 0.0200574

43 17 0.017727

44 17 0.0153266

45 17 0.0128657

46 17 0.010354

47 17 0.00780147

48 17 0.00521815

49 17 0.00261423

50 17 0

0 18 0

1 18 0.00269932

2 18 0.00538798

3 18 0.00805538

4 18 0.010691

5 18 0.0132844

6 18 0.0158254

7 18 0.0183039

8 18 0.0207102

9 18 0.0230348

10 18 0.0252684

11 18 0.0274024

12 18 0.0294281

13 18 0.0313378

14 18 0.0331238

15 18 0.034779

16 18 0.036297

17 18 0.0376717

18 18 0.0388978

19 18 0.0399704

20 18 0.0408852

21 18 0.0416386

22 18 0.0422278

23 18 0.0426502

24 18 0.0429044

25 18 0.0429892

26 18 0.0429044

27 18 0.0426502

28 18 0.0422278

29 18 0.0416386

30 18 0.0408852

31 18 0.0399704

32 18 0.0388978

33 18 0.0376717

34 18 0.036297

35 18 0.034779

36 18 0.0331238

37 18 0.0313378

38 18 0.0294281

39 18 0.0274024

40 18 0.0252684

41 18 0.0230348

42 18 0.0207102

43 18 0.0183039

44 18 0.0158254

45 18 0.0132844

46 18 0.010691

47 18 0.00805538

48 18 0.00538798

49 18 0.00269932

50 18 0

0 19 0

1 19 0.00277375

2 19 0.00553654

3 19 0.00827749

4 19 0.0109858

5 19 0.0136507

6 19 0.0162617

7 19 0.0188086

8 19 0.0212813

9 19 0.0236699

10 19 0.0259652

11 19 0.0281579

12 19 0.0302396

13 19 0.0322019

14 19 0.0340371

15 19 0.035738

16 19 0.0372978

17 19 0.0387105

18 19 0.0399704

19 19 0.0410725

20 19 0.0420125

21 19 0.0427868

22 19 0.0433921

23 19 0.0438263

24 19 0.0440874

25 19 0.0441746

26 19 0.0440874

27 19 0.0438263

28 19 0.0433921

29 19 0.0427868

30 19 0.0420125

31 19 0.0410725

32 19 0.0399704

33 19 0.0387105

34 19 0.0372978

35 19 0.035738

36 19 0.0340371

37 19 0.0322019

38 19 0.0302396

39 19 0.0281579

40 19 0.0259652

41 19 0.0236699

42 19 0.0212813

43 19 0.0188086

44 19 0.0162617

45 19 0.0136507

46 19 0.0109858

47 19 0.00827749

48 19 0.00553654

49 19 0.00277375

50 19 0

0 20 0

1 20 0.00283723

2 20 0.00566326

3 20 0.00846694

4 20 0.0112372

5 20 0.0139631

6 20 0.0166339

7 20 0.0192391

8 20 0.0217683

9 20 0.0242117

10 20 0.0265594

11 20 0.0288024

12 20 0.0309317

13 20 0.0329389

14 20 0.0348161

15 20 0.0365559

16 20 0.0381515

17 20 0.0395965

18 20 0.0408852

19 20 0.0420125

20 20 0.0429741

21 20 0.043766

22 20 0.0443853

23 20 0.0448293

24 20 0.0450965

25 20 0.0451856

26 20 0.0450965

27 20 0.0448293

28 20 0.0443853

29 20 0.043766

30 20 0.0429741

31 20 0.0420125

32 20 0.0408852

33 20 0.0395965

34 20 0.0381515

35 20 0.0365559

36 20 0.0348161

37 20 0.0329389

38 20 0.0309317

39 20 0.0288024

40 20 0.0265594

41 20 0.0242117

42 20 0.0217683

43 20 0.0192391

44 20 0.0166339

45 20 0.0139631

46 20 0.0112372

47 20 0.00846694

48 20 0.00566326

49 20 0.00283723

50 20 0

0 21 0

1 21 0.00288951

2 21 0.00576763

3 21 0.00862297

4 21 0.0114443

5 21 0.0142204

6 21 0.0169405

7 21 0.0195937

8 21 0.0221695

9 21 0.0246579

10 21 0.0270489

11 21 0.0293332

12 21 0.0315017

13 21 0.0335459

14 21 0.0354577

15 21 0.0372296

16 21 0.0388546

17 21 0.0403262

18 21 0.0416386

19 21 0.0427868

20 21 0.043766

21 21 0.0445726

22 21 0.0452032

23 21 0.0456555

24 21 0.0459275

25 21 0.0460183

26 21 0.0459275

27 21 0.0456555

28 21 0.0452032

29 21 0.0445726

30 21 0.043766

31 21 0.0427868

32 21 0.0416386

33 21 0.0403262

34 21 0.0388546

35 21 0.0372296

36 21 0.0354577

37 21 0.0335459

38 21 0.0315017

39 21 0.0293332

40 21 0.0270489

41 21 0.0246579

42 21 0.0221695

43 21 0.0195937

44 21 0.0169405

45 21 0.0142204

46 21 0.0114443

47 21 0.00862297

48 21 0.00576763

49 21 0.00288951

50 21 0

0 22 0

1 22 0.0029304

2 22 0.00584923

3 22 0.00874498

4 22 0.0116062

5 22 0.0144216

6 22 0.0171802

7 22 0.0198709

8 22 0.0224832

9 22 0.0250067

10 22 0.0274316

11 22 0.0297482

12 22 0.0319474

13 22 0.0340205

14 22 0.0359594

15 22 0.0377564

16 22 0.0394043

17 22 0.0408967

18 22 0.0422278

19 22 0.0433921

20 22 0.0443853

21 22 0.0452032

22 22 0.0458428

23 22 0.0463014

24 22 0.0465773

25 22 0.0466694

26 22 0.0465773

27 22 0.0463014

28 22 0.0458428

29 22 0.0452032

30 22 0.0443853

31 22 0.0433921

32 22 0.0422278

33 22 0.0408967

34 22 0.0394043

35 22 0.0377564

36 22 0.0359594

37 22 0.0340205

38 22 0.0319474

39 22 0.0297482

40 22 0.0274316

41 22 0.0250067

42 22 0.0224832

43 22 0.0198709

44 22 0.0171802

45 22 0.0144216

46 22 0.0116062

47 22 0.00874498

48 22 0.00584923

49 22 0.0029304

50 22 0

0 23 0

1 23 0.00295971

2 23 0.00590775

3 23 0.00883247

4 23 0.0117223

5 23 0.0145659

6 23 0.017352

7 23 0.0200697

8 23 0.0227081

9 23 0.0252569

10 23 0.027706

11 23 0.0300458

12 23 0.032267

13 23 0.0343609

14 23 0.0363192

15 23 0.0381341

16 23 0.0397985

17 23 0.0413059

18 23 0.0426502

19 23 0.0438263

20 23 0.0448293

21 23 0.0456555

22 23 0.0463014

23 23 0.0467647

24 23 0.0470433

25 23 0.0471363

26 23 0.0470433

27 23 0.0467647

28 23 0.0463014

29 23 0.0456555

30 23 0.0448293

31 23 0.0438263

32 23 0.0426502

33 23 0.0413059

34 23 0.0397985

35 23 0.0381341

36 23 0.0363192

37 23 0.0343609

38 23 0.032267

39 23 0.0300458

40 23 0.027706

41 23 0.0252569

42 23 0.0227081

43 23 0.0200697

44 23 0.017352

45 23 0.0145659

46 23 0.0117223

47 23 0.00883247

48 23 0.00590775

49 23 0.00295971

50 23 0

0 24 0

1 24 0.00297735

2 24 0.00594295

3 24 0.0088851

4 24 0.0117922

5 24 0.0146527

6 24 0.0174554

7 24 0.0201893

8 24 0.0228434

9 24 0.0254074

10 24 0.0278711

11 24 0.0302249

12 24 0.0324593

13 24 0.0345657

14 24 0.0365356

15 24 0.0383613

16 24 0.0400357

17 24 0.041552

18 24 0.0429044

19 24 0.0440874

20 24 0.0450965

21 24 0.0459275

22 24 0.0465773

23 24 0.0470433

24 24 0.0473237

25 24 0.0474172

26 24 0.0473237

27 24 0.0470433

28 24 0.0465773

29 24 0.0459275

30 24 0.0450965

31 24 0.0440874

32 24 0.0429044

33 24 0.041552

34 24 0.0400357

35 24 0.0383613

36 24 0.0365356

37 24 0.0345657

38 24 0.0324593

39 24 0.0302249

40 24 0.0278711

41 24 0.0254074

42 24 0.0228434

43 24 0.0201893

44 24 0.0174554

45 24 0.0146527

46 24 0.0117922

47 24 0.0088851

48 24 0.00594295

49 24 0.00297735

50 24 0

0 25 0

1 25 0.00298324

2 25 0.0059547

3 25 0.00890267

4 25 0.0118155

5 25 0.0146817

6 25 0.01749

7 25 0.0202292

8 25 0.0228886

9 25 0.0254577

10 25 0.0279262

11 25 0.0302846

12 25 0.0325235

13 25 0.034634

14 25 0.0366078

15 25 0.0384372

16 25 0.0401148

17 25 0.0416342

18 25 0.0429892

19 25 0.0441746

20 25 0.0451856

21 25 0.0460183

22 25 0.0466694

23 25 0.0471363

24 25 0.0474172

25 25 0.047511

26 25 0.0474172

27 25 0.0471363

28 25 0.0466694

29 25 0.0460183

30 25 0.0451856

31 25 0.0441746

32 25 0.0429892

33 25 0.0416342

34 25 0.0401148

35 25 0.0384372

36 25 0.0366078

37 25 0.034634

38 25 0.0325235

39 25 0.0302846

40 25 0.0279262

41 25 0.0254577

42 25 0.0228886

43 25 0.0202292

44 25 0.01749

45 25 0.0146817

46 25 0.0118155

47 25 0.00890267

48 25 0.0059547

49 25 0.00298324

50 25 0

0 26 0

1 26 0.00297735

2 26 0.00594295

3 26 0.0088851

4 26 0.0117922

5 26 0.0146527

6 26 0.0174554

7 26 0.0201893

8 26 0.0228434

9 26 0.0254074

10 26 0.0278711

11 26 0.0302249

12 26 0.0324593

13 26 0.0345657

14 26 0.0365356

15 26 0.0383613

16 26 0.0400357

17 26 0.041552

18 26 0.0429044

19 26 0.0440874

20 26 0.0450965

21 26 0.0459275

22 26 0.0465773

23 26 0.0470433

24 26 0.0473237

25 26 0.0474172

26 26 0.0473237

27 26 0.0470433

28 26 0.0465773

29 26 0.0459275

30 26 0.0450965

31 26 0.0440874

32 26 0.0429044

33 26 0.041552

34 26 0.0400357

35 26 0.0383613

36 26 0.0365356

37 26 0.0345657

38 26 0.0324593

39 26 0.0302249

40 26 0.0278711

41 26 0.0254074

42 26 0.0228434

43 26 0.0201893

44 26 0.0174554

45 26 0.0146527

46 26 0.0117922

47 26 0.0088851

48 26 0.00594295

49 26 0.00297735

50 26 0

0 27 0

1 27 0.00295971

2 27 0.00590775

3 27 0.00883247

4 27 0.0117223

5 27 0.0145659

6 27 0.017352

7 27 0.0200697

8 27 0.0227081

9 27 0.0252569

10 27 0.027706

11 27 0.0300458

12 27 0.032267

13 27 0.0343609

14 27 0.0363192

15 27 0.0381341

16 27 0.0397985

17 27 0.0413059

18 27 0.0426502

19 27 0.0438263

20 27 0.0448293

21 27 0.0456555

22 27 0.0463014

23 27 0.0467647

24 27 0.0470433

25 27 0.0471363

26 27 0.0470433

27 27 0.0467647

28 27 0.0463014

29 27 0.0456555

30 27 0.0448293

31 27 0.0438263

32 27 0.0426502

33 27 0.0413059

34 27 0.0397985

35 27 0.0381341

36 27 0.0363192

37 27 0.0343609

38 27 0.032267

39 27 0.0300458

40 27 0.027706

41 27 0.0252569

42 27 0.0227081

43 27 0.0200697

44 27 0.017352

45 27 0.0145659

46 27 0.0117223

47 27 0.00883247

48 27 0.00590775

49 27 0.00295971

50 27 0

0 28 0

1 28 0.0029304

2 28 0.00584923

3 28 0.00874498

4 28 0.0116062

5 28 0.0144216

6 28 0.0171802

7 28 0.0198709

8 28 0.0224832

9 28 0.0250067

10 28 0.0274316

11 28 0.0297482

12 28 0.0319474

13 28 0.0340205

14 28 0.0359594

15 28 0.0377564

16 28 0.0394043

17 28 0.0408967

18 28 0.0422278

19 28 0.0433921

20 28 0.0443853

21 28 0.0452032

22 28 0.0458428

23 28 0.0463014

24 28 0.0465773

25 28 0.0466694

26 28 0.0465773

27 28 0.0463014

28 28 0.0458428

29 28 0.0452032

30 28 0.0443853

31 28 0.0433921

32 28 0.0422278

33 28 0.0408967

34 28 0.0394043

35 28 0.0377564

36 28 0.0359594

37 28 0.0340205

38 28 0.0319474

39 28 0.0297482

40 28 0.0274316

41 28 0.0250067

42 28 0.0224832

43 28 0.0198709

44 28 0.0171802

45 28 0.0144216

46 28 0.0116062

47 28 0.00874498

48 28 0.00584923

49 28 0.0029304

50 28 0

0 29 0

1 29 0.00288951

2 29 0.00576763

3 29 0.00862297

4 29 0.0114443

5 29 0.0142204

6 29 0.0169405

7 29 0.0195937

8 29 0.0221695

9 29 0.0246579

10 29 0.0270489

11 29 0.0293332

12 29 0.0315017

13 29 0.0335459

14 29 0.0354577

15 29 0.0372296

16 29 0.0388546

17 29 0.0403262

18 29 0.0416386

19 29 0.0427868

20 29 0.043766

21 29 0.0445726

22 29 0.0452032

23 29 0.0456555

24 29 0.0459275

25 29 0.0460183

26 29 0.0459275

27 29 0.0456555

28 29 0.0452032

29 29 0.0445726

30 29 0.043766

31 29 0.0427868

32 29 0.0416386

33 29 0.0403262

34 29 0.0388546

35 29 0.0372296

36 29 0.0354577

37 29 0.0335459

38 29 0.0315017

39 29 0.0293332

40 29 0.0270489

41 29 0.0246579

42 29 0.0221695

43 29 0.0195937

44 29 0.0169405

45 29 0.0142204

46 29 0.0114443

47 29 0.00862297

48 29 0.00576763

49 29 0.00288951

50 29 0

0 30 0

1 30 0.00283723

2 30 0.00566326

3 30 0.00846694

4 30 0.0112372

5 30 0.0139631

6 30 0.0166339

7 30 0.0192391

8 30 0.0217683

9 30 0.0242117

10 30 0.0265594

11 30 0.0288024

12 30 0.0309317

13 30 0.0329389

14 30 0.0348161

15 30 0.0365559

16 30 0.0381515

17 30 0.0395965

18 30 0.0408852

19 30 0.0420125

20 30 0.0429741

21 30 0.043766

22 30 0.0443853

23 30 0.0448293

24 30 0.0450965

25 30 0.0451856

26 30 0.0450965

27 30 0.0448293

28 30 0.0443853

29 30 0.043766

30 30 0.0429741

31 30 0.0420125

32 30 0.0408852

33 30 0.0395965

34 30 0.0381515

35 30 0.0365559

36 30 0.0348161

37 30 0.0329389

38 30 0.0309317

39 30 0.0288024

40 30 0.0265594

41 30 0.0242117

42 30 0.0217683

43 30 0.0192391

44 30 0.0166339

45 30 0.0139631

46 30 0.0112372

47 30 0.00846694

48 30 0.00566326

49 30 0.00283723

50 30 0

0 31 0

1 31 0.00277375

2 31 0.00553654

3 31 0.00827749

4 31 0.0109858

5 31 0.0136507

6 31 0.0162617

7 31 0.0188086

8 31 0.0212813

9 31 0.0236699

10 31 0.0259652

11 31 0.0281579

12 31 0.0302396

13 31 0.0322019

14 31 0.0340371

15 31 0.035738

16 31 0.0372978

17 31 0.0387105

18 31 0.0399704

19 31 0.0410725

20 31 0.0420125

21 31 0.0427868

22 31 0.0433921

23 31 0.0438263

24 31 0.0440874

25 31 0.0441746

26 31 0.0440874

27 31 0.0438263

28 31 0.0433921

29 31 0.0427868

30 31 0.0420125

31 31 0.0410725

32 31 0.0399704

33 31 0.0387105

34 31 0.0372978

35 31 0.035738

36 31 0.0340371

37 31 0.0322019

38 31 0.0302396

39 31 0.0281579

40 31 0.0259652

41 31 0.0236699

42 31 0.0212813

43 31 0.0188086

44 31 0.0162617

45 31 0.0136507

46 31 0.0109858

47 31 0.00827749

48 31 0.00553654

49 31 0.00277375

50 31 0

0 32 0

1 32 0.00269932

2 32 0.00538798

3 32 0.00805538

4 32 0.010691

5 32 0.0132844

6 32 0.0158254

7 32 0.0183039

8 32 0.0207102

9 32 0.0230348

10 32 0.0252684

11 32 0.0274024

12 32 0.0294281

13 32 0.0313378

14 32 0.0331238

15 32 0.034779

16 32 0.036297

17 32 0.0376717

18 32 0.0388978

19 32 0.0399704

20 32 0.0408852

21 32 0.0416386

22 32 0.0422278

23 32 0.0426502

24 32 0.0429044

25 32 0.0429892

26 32 0.0429044

27 32 0.0426502

28 32 0.0422278

29 32 0.0416386

30 32 0.0408852

31 32 0.0399704

32 32 0.0388978

33 32 0.0376717

34 32 0.036297

35 32 0.034779

36 32 0.0331238

37 32 0.0313378

38 32 0.0294281

39 32 0.0274024

40 32 0.0252684

41 32 0.0230348

42 32 0.0207102

43 32 0.0183039

44 32 0.0158254

45 32 0.0132844

46 32 0.010691

47 32 0.00805538

48 32 0.00538798

49 32 0.00269932

50 32 0

0 33 0

1 33 0.00261423

2 33 0.00521815

3 33 0.00780147

4 33 0.010354

5 33 0.0128657

6 33 0.0153266

7 33 0.017727

8 33 0.0200574

9 33 0.0223087

10 33 0.024472

11 33 0.0265386

12 33 0.0285006

13 33 0.03035

14 33 0.0320797

15 33 0.0336828

16 33 0.0351529

17 33 0.0364843

18 33 0.0376717

19 33 0.0387105

20 33 0.0395965

21 33 0.0403262

22 33 0.0408967

23 33 0.0413059

24 33 0.041552

25 33 0.0416342

26 33 0.041552

27 33 0.0413059

28 33 0.0408967

29 33 0.0403262

30 33 0.0395965

31 33 0.0387105

32 33 0.0376717

33 33 0.0364843

34 33 0.0351529

35 33 0.0336828

36 33 0.0320797

37 33 0.03035

38 33 0.0285006

39 33 0.0265386

40 33 0.024472

41 33 0.0223087

42 33 0.0200574

43 33 0.017727

44 33 0.0153266

45 33 0.0128657

46 33 0.010354

47 33 0.00780147

48 33 0.00521815

49 33 0.00261423

50 33 0

0 34 0

1 34 0.00251883

2 34 0.00502772

3 34 0.00751677

4 34 0.00997616

5 34 0.0123962

6 34 0.0147673

7 34 0.0170801

8 34 0.0193255

9 34 0.0214946

10 34 0.0235789

11 34 0.0255702

12 34 0.0274605

13 34 0.0292425

14 34 0.030909

15 34 0.0324536

16 34 0.0338701

17 34 0.0351529

18 34 0.036297

19 34 0.0372978

20 34 0.0381515

21 34 0.0388546

22 34 0.0394043

23 34 0.0397985

24 34 0.0400357

25 34 0.0401148

26 34 0.0400357

27 34 0.0397985

28 34 0.0394043

29 34 0.0388546

30 34 0.0381515

31 34 0.0372978

32 34 0.036297

33 34 0.0351529

34 34 0.0338701

35 34 0.0324536

36 34 0.030909

37 34 0.0292425

38 34 0.0274605

39 34 0.0255702

40 34 0.0235789

41 34 0.0214946

42 34 0.0193255

43 34 0.0170801

44 34 0.0147673

45 34 0.0123962

46 34 0.00997616

47 34 0.00751677

48 34 0.00502772

49 34 0.00251883

50 34 0

0 35 0

1 35 0.00241349

2 35 0.00481746

3 35 0.00720241

4 35 0.00955894

5 35 0.0118777

6 35 0.0141497

7 35 0.0163658

8 35 0.0185173

9 35 0.0205957

10 35 0.0225928

11 35 0.0245008

12 35 0.0263121

13 35 0.0280195

14 35 0.0296164

15 35 0.0310963

16 35 0.0324536

17 35 0.0336828

18 35 0.034779

19 35 0.035738

20 35 0.0365559

21 35 0.0372296

22 35 0.0377564

23 35 0.0381341

24 35 0.0383613

25 35 0.0384372

26 35 0.0383613

27 35 0.0381341

28 35 0.0377564

29 35 0.0372296

30 35 0.0365559

31 35 0.035738

32 35 0.034779

33 35 0.0336828

34 35 0.0324536

35 35 0.0310963

36 35 0.0296164

37 35 0.0280195

38 35 0.0263121

39 35 0.0245008

40 35 0.0225928

41 35 0.0205957

42 35 0.0185173

43 35 0.0163658

44 35 0.0141497

45 35 0.0118777

46 35 0.00955894

47 35 0.00720241

48 35 0.00481746

49 35 0.00241349

50 35 0

0 36 0

1 36 0.00229862

2 36 0.00458818

3 36 0.00685962

4 36 0.009104

5 36 0.0113124

6 36 0.0134762

7 36 0.0155869

8 36 0.017636

9 36 0.0196155

10 36 0.0215175

11 36 0.0233347

12 36 0.0250598

13 36 0.026686

14 36 0.0282068

15 36 0.0296164

16 36 0.030909

17 36 0.0320797

18 36 0.0331238

19 36 0.0340371

20 36 0.0348161

21 36 0.0354577

22 36 0.0359594

23 36 0.0363192

24 36 0.0365356

25 36 0.0366078

26 36 0.0365356

27 36 0.0363192

28 36 0.0359594

29 36 0.0354577

30 36 0.0348161

31 36 0.0340371

32 36 0.0331238

33 36 0.0320797

34 36 0.030909

35 36 0.0296164

36 36 0.0282068

37 36 0.026686

38 36 0.0250598

39 36 0.0233347

40 36 0.0215175

41 36 0.0196155

42 36 0.017636

43 36 0.0155869

44 36 0.0134762

45 36 0.0113124

46 36 0.009104

47 36 0.00685962

48 36 0.00458818

49 36 0.00229862

50 36 0

0 37 0

1 37 0.00217469

2 37 0.00434079

3 37 0.00648977

4 37 0.00861313

5 37 0.0107025

6 37 0.0127496

7 37 0.0147464

8 37 0.0166851

9 37 0.0185578

10 37 0.0203574

11 37 0.0220765

12 37 0.0237086

13 37 0.0252471

14 37 0.026686

15 37 0.0280195

16 37 0.0292425

17 37 0.03035

18 37 0.0313378

19 37 0.0322019

20 37 0.0329389

21 37 0.0335459

22 37 0.0340205

23 37 0.0343609

24 37 0.0345657

25 37 0.034634

26 37 0.0345657

27 37 0.0343609

28 37 0.0340205

29 37 0.0335459

30 37 0.0329389

31 37 0.0322019

32 37 0.0313378

33 37 0.03035

34 37 0.0292425

35 37 0.0280195

36 37 0.026686

37 37 0.0252471

38 37 0.0237086

39 37 0.0220765

40 37 0.0203574

41 37 0.0185578

42 37 0.0166851

43 37 0.0147464

44 37 0.0127496

45 37 0.0107025

46 37 0.00861313

47 37 0.00648977

48 37 0.00434079

49 37 0.00217469

50 37 0

0 38 0

1 38 0.00204217

2 38 0.00407628

3 38 0.0060943

4 38 0.00808827

5 38 0.0100503

6 38 0.0119727

7 38 0.0138478

8 38 0.0156683

9 38 0.017427

10 38 0.0191168

11 38 0.0207313

12 38 0.0222639

13 38 0.0237086

14 38 0.0250598

15 38 0.0263121

16 38 0.0274605

17 38 0.0285006

18 38 0.0294281

19 38 0.0302396

20 38 0.0309317

21 38 0.0315017

22 38 0.0319474

23 38 0.032267

24 38 0.0324593

25 38 0.0325235

26 38 0.0324593

27 38 0.032267

28 38 0.0319474

29 38 0.0315017

30 38 0.0309317

31 38 0.0302396

32 38 0.0294281

33 38 0.0285006

34 38 0.0274605

35 38 0.0263121

36 38 0.0250598

37 38 0.0237086

38 38 0.0222639

39 38 0.0207313

40 38 0.0191168

41 38 0.017427

42 38 0.0156683

43 38 0.0138478

44 38 0.0119727

45 38 0.0100503

46 38 0.00808827

47 38 0.0060943

48 38 0.00407628

49 38 0.00204217

50 38 0

0 39 0

1 39 0.00190159

2 39 0.00379567

3 39 0.00567477

4 39 0.00753148

5 39 0.00935847

6 39 0.0111485

7 39 0.0128946

8 39 0.0145897

9 39 0.0162273

10 39 0.0178009

11 39 0.0193042

12 39 0.0207313

13 39 0.0220765

14 39 0.0233347

15 39 0.0245008

16 39 0.0255702

17 39 0.0265386

18 39 0.0274024

19 39 0.0281579

20 39 0.0288024

21 39 0.0293332

22 39 0.0297482

23 39 0.0300458

24 39 0.0302249

25 39 0.0302846

26 39 0.0302249

27 39 0.0300458

28 39 0.0297482

29 39 0.0293332

30 39 0.0288024

31 39 0.0281579

32 39 0.0274024

33 39 0.0265386

34 39 0.0255702

35 39 0.0245008

36 39 0.0233347

37 39 0.0220765

38 39 0.0207313

39 39 0.0193042

40 39 0.0178009

41 39 0.0162273

42 39 0.0145897

43 39 0.0128946

44 39 0.0111485

45 39 0.00935847

46 39 0.00753148

47 39 0.00567477

48 39 0.00379567

49 39 0.00190159

50 39 0

0 40 0

1 40 0.0017535

2 40 0.00350009

3 40 0.00523286

4 40 0.00694498

5 40 0.00862969

6 40 0.0102803

7 40 0.0118904

8 40 0.0134536

9 40 0.0149636

10 40 0.0164146

11 40 0.0178009

12 40 0.0191168

13 40 0.0203574

14 40 0.0215175

15 40 0.0225928

16 40 0.0235789

17 40 0.024472

18 40 0.0252684

19 40 0.0259652

20 40 0.0265594

21 40 0.0270489

22 40 0.0274316

23 40 0.027706

24 40 0.0278711

25 40 0.0279262

26 40 0.0278711

27 40 0.027706

28 40 0.0274316

29 40 0.0270489

30 40 0.0265594

31 40 0.0259652

32 40 0.0252684

33 40 0.024472

34 40 0.0235789

35 40 0.0225928

36 40 0.0215175

37 40 0.0203574

38 40 0.0191168

39 40 0.0178009

40 40 0.0164146

41 40 0.0149636

42 40 0.0134536

43 40 0.0118904

44 40 0.0102803

45 40 0.00862969

46 40 0.00694498

47 40 0.00523286

48 40 0.00350009

49 40 0.0017535

50 40 0

0 41 0

1 41 0.0015985

2 41 0.00319069

3 41 0.00477029

4 41 0.00633106

5 41 0.00786685

6 41 0.00937159

7 41 0.0108393

8 41 0.0122643

9 41 0.0136409

10 41 0.0149636

11 41 0.0162273

12 41 0.017427

13 41 0.0185578

14 41 0.0196155

15 41 0.0205957

16 41 0.0214946

17 41 0.0223087

18 41 0.0230348

19 41 0.0236699

20 41 0.0242117

21 41 0.0246579

22 41 0.0250067

23 41 0.0252569

24 41 0.0254074

25 41 0.0254577

26 41 0.0254074

27 41 0.0252569

28 41 0.0250067

29 41 0.0246579

30 41 0.0242117

31 41 0.0236699

32 41 0.0230348

33 41 0.0223087

34 41 0.0214946

35 41 0.0205957

36 41 0.0196155

37 41 0.0185578

38 41 0.017427

39 41 0.0162273

40 41 0.0149636

41 41 0.0136409

42 41 0.0122643

43 41 0.0108393

44 41 0.00937159

45 41 0.00786685

46 41 0.00633106

47 41 0.00477029

48 41 0.00319069

49 41 0.0015985

50 41 0

0 42 0

1 42 0.00143719

2 42 0.0028687

3 42 0.00428889

4 42 0.00569216

5 42 0.00707296

6 42 0.00842585

7 42 0.00974549

8 42 0.0110267

9 42 0.0122643

10 42 0.0134536

11 42 0.0145897

12 42 0.0156683

13 42 0.0166851

14 42 0.017636

15 42 0.0185173

16 42 0.0193255

17 42 0.0200574

18 42 0.0207102

19 42 0.0212813

20 42 0.0217683

21 42 0.0221695

22 42 0.0224832

23 42 0.0227081

24 42 0.0228434

25 42 0.0228886

26 42 0.0228434

27 42 0.0227081

28 42 0.0224832

29 42 0.0221695

30 42 0.0217683

31 42 0.0212813

32 42 0.0207102

33 42 0.0200574

34 42 0.0193255

35 42 0.0185173

36 42 0.017636

37 42 0.0166851

38 42 0.0156683

39 42 0.0145897

40 42 0.0134536

41 42 0.0122643

42 42 0.0110267

43 42 0.00974549

44 42 0.00842585

45 42 0.00707296

46 42 0.00569216

47 42 0.00428889

48 42 0.0028687

49 42 0.00143719

50 42 0

0 43 0

1 43 0.0012702

2 43 0.00253539

3 43 0.00379057

4 43 0.00503079

5 43 0.00625116

6 43 0.00744686

7 43 0.00861317

8 43 0.00974549

9 43 0.0108393

10 43 0.0118904

11 43 0.0128946

12 43 0.0138478

13 43 0.0147464

14 43 0.0155869

15 43 0.0163658

16 43 0.0170801

17 43 0.017727

18 43 0.0183039

19 43 0.0188086

20 43 0.0192391

21 43 0.0195937

22 43 0.0198709

23 43 0.0200697

24 43 0.0201893

25 43 0.0202292

26 43 0.0201893

27 43 0.0200697

28 43 0.0198709

29 43 0.0195937

30 43 0.0192391

31 43 0.0188086

32 43 0.0183039

33 43 0.017727

34 43 0.0170801

35 43 0.0163658

36 43 0.0155869

37 43 0.0147464

38 43 0.0138478

39 43 0.0128946

40 43 0.0118904

41 43 0.0108393

42 43 0.00974549

43 43 0.00861317

44 43 0.00744686

45 43 0.00625116

46 43 0.00503079

47 43 0.00379057

48 43 0.00253539

49 43 0.0012702

50 43 0

0 44 0

1 44 0.0010982

2 44 0.00219207

3 44 0.00327729

4 44 0.00434958

5 44 0.00540469

6 44 0.00643848

7 44 0.00744686

8 44 0.00842585

9 44 0.00937159

10 44 0.0102803

11 44 0.0111485

12 44 0.0119727

13 44 0.0127496

14 44 0.0134762

15 44 0.0141497

16 44 0.0147673

17 44 0.0153266

18 44 0.0158254

19 44 0.0162617

20 44 0.0166339

21 44 0.0169405

22 44 0.0171802

23 44 0.017352

24 44 0.0174554

25 44 0.01749

26 44 0.0174554

27 44 0.017352

28 44 0.0171802

29 44 0.0169405

30 44 0.0166339

31 44 0.0162617

32 44 0.0158254

33 44 0.0153266

34 44 0.0147673

35 44 0.0141497

36 44 0.0134762

37 44 0.0127496

38 44 0.0119727

39 44 0.0111485

40 44 0.0102803

41 44 0.00937159

42 44 0.00842585

43 44 0.00744686

44 44 0.00643848

45 44 0.00540469

46 44 0.00434958

47 44 0.00327729

48 44 0.00219207

49 44 0.0010982

50 44 0

0 45 0

1 45 0.000921871

2 45 0.0018401

3 45 0.00275108

4 45 0.00365119

5 45 0.00453689

6 45 0.00540469

7 45 0.00625116

8 45 0.00707296

9 45 0.00786685

10 45 0.00862969

11 45 0.00935847

12 45 0.0100503

13 45 0.0107025

14 45 0.0113124

15 45 0.0118777

16 45 0.0123962

17 45 0.0128657

18 45 0.0132844

19 45 0.0136507

20 45 0.0139631

21 45 0.0142204

22 45 0.0144216

23 45 0.0145659

24 45 0.0146527

25 45 0.0146817

26 45 0.0146527

27 45 0.0145659

28 45 0.0144216

29 45 0.0142204

30 45 0.0139631

31 45 0.0136507

32 45 0.0132844

33 45 0.0128657

34 45 0.0123962

35 45 0.0118777

36 45 0.0113124

37 45 0.0107025

38 45 0.0100503

39 45 0.00935847

40 45 0.00862969

41 45 0.00786685

42 45 0.00707296

43 45 0.00625116

44 45 0.00540469

45 45 0.00453689

46 45 0.00365119

47 45 0.00275108

48 45 0.0018401

49 45 0.000921871

50 45 0

0 46 0

1 46 0.000741901

2 46 0.00148087

3 46 0.002214

4 46 0.0029384

5 46 0.00365119

6 46 0.00434958

7 46 0.00503079

8 46 0.00569216

9 46 0.00633106

10 46 0.00694498

11 46 0.00753148

12 46 0.00808827

13 46 0.00861313

14 46 0.009104

15 46 0.00955894

16 46 0.00997616

17 46 0.010354

18 46 0.010691

19 46 0.0109858

20 46 0.0112372

21 46 0.0114443

22 46 0.0116062

23 46 0.0117223

24 46 0.0117922

25 46 0.0118155

26 46 0.0117922

27 46 0.0117223

28 46 0.0116062

29 46 0.0114443

30 46 0.0112372

31 46 0.0109858

32 46 0.010691

33 46 0.010354

34 46 0.00997616

35 46 0.00955894

36 46 0.009104

37 46 0.00861313

38 46 0.00808827

39 46 0.00753148

40 46 0.00694498

41 46 0.00633106

42 46 0.00569216

43 46 0.00503079

44 46 0.00434958

45 46 0.00365119

46 46 0.0029384

47 46 0.002214

48 46 0.00148087

49 46 0.000741901

50 46 0

0 47 0

1 47 0.000559003

2 47 0.0011158

3 47 0.00166819

4 47 0.002214

5 47 0.00275108

6 47 0.00327729

7 47 0.00379057

8 47 0.00428889

9 47 0.00477029

10 47 0.00523286

11 47 0.00567477

12 47 0.0060943

13 47 0.00648977

14 47 0.00685962

15 47 0.00720241

16 47 0.00751677

17 47 0.00780147

18 47 0.00805538

19 47 0.00827749

20 47 0.00846694

21 47 0.00862297

22 47 0.00874498

23 47 0.00883247

24 47 0.0088851

25 47 0.00890267

26 47 0.0088851

27 47 0.00883247

28 47 0.00874498

29 47 0.00862297

30 47 0.00846694

31 47 0.00827749

32 47 0.00805538

33 47 0.00780147

34 47 0.00751677

35 47 0.00720241

36 47 0.00685962

37 47 0.00648977

38 47 0.0060943

39 47 0.00567477

40 47 0.00523286

41 47 0.00477029

42 47 0.00428889

43 47 0.00379057

44 47 0.00327729

45 47 0.00275108

46 47 0.002214

47 47 0.00166819

48 47 0.0011158

49 47 0.000559003

50 47 0

0 48 0

1 48 0.000373899

2 48 0.000746322

3 48 0.0011158

4 48 0.00148087

5 48 0.0018401

6 48 0.00219207

7 48 0.00253539

8 48 0.0028687

9 48 0.00319069

10 48 0.00350009

11 48 0.00379567

12 48 0.00407628

13 48 0.00434079

14 48 0.00458818

15 48 0.00481746

16 48 0.00502772

17 48 0.00521815

18 48 0.00538798

19 48 0.00553654

20 48 0.00566326

21 48 0.00576763

22 48 0.00584923

23 48 0.00590775

24 48 0.00594295

25 48 0.0059547

26 48 0.00594295

27 48 0.00590775

28 48 0.00584923

29 48 0.00576763

