0 1 0

1 1 0.00190727

2 1 0.00380702

3 1 0.00569174

4 1 0.00755399

5 1 0.00938644

6 1 0.0111818

7 1 0.0129331

8 1 0.0146333

9 1 0.0162758

10 1 0.0178541

11 1 0.0193619

12 1 0.0207932

13 1 0.0221425

14 1 0.0234045

15 1 0.024574

16 1 0.0256466

17 1 0.026618

18 1 0.0274843

19 1 0.0282421

20 1 0.0288885

21 1 0.0294209

22 1 0.0298371

23 1 0.0301356

24 1 0.0303152

25 1 0.0303752

26 1 0.0303152

27 1 0.0301356

28 1 0.0298371

29 1 0.0294209

30 1 0.0288885

31 1 0.0282421

32 1 0.0274843

33 1 0.026618

34 1 0.0256466

35 1 0.024574

36 1 0.0234045

37 1 0.0221425

38 1 0.0207932

39 1 0.0193619

40 1 0.0178541

41 1 0.0162758

42 1 0.0146333

43 1 0.0129331

44 1 0.0111818

45 1 0.00938644

46 1 0.00755399

47 1 0.00569174

48 1 0.00380702

49 1 0.00190727

50 1 0

0 2 0

1 2 0.00380702

2 2 0.00759901

3 2 0.011361

4 2 0.0150782

5 2 0.0187358

6 2 0.0223196

7 2 0.0258152

8 2 0.0292089

9 2 0.0324874

10 2 0.0356377

11 2 0.0386473

12 2 0.0415044

13 2 0.0441977

14 2 0.0467166

15 2 0.0490511

16 2 0.051192

17 2 0.0531309

18 2 0.0548601

19 2 0.0563728

20 2 0.057663

21 2 0.0587256

22 2 0.0595565

23 2 0.0601523

24 2 0.0605108

25 2 0.0606304

26 2 0.0605108

27 2 0.0601523

28 2 0.0595565

29 2 0.0587256

30 2 0.057663

31 2 0.0563728

32 2 0.0548601

33 2 0.0531309

34 2 0.051192

35 2 0.0490511

36 2 0.0467166

37 2 0.0441977

38 2 0.0415044

39 2 0.0386473

40 2 0.0356377

41 2 0.0324874

42 2 0.0292089

43 2 0.0258152

44 2 0.0223196

45 2 0.0187358

46 2 0.0150782

47 2 0.011361

48 2 0.00759901

49 2 0.00380702

50 2 0

0 3 0

1 3 0.00569174

2 3 0.011361

3 3 0.0169854

4 3 0.0225429

5 3 0.0280113

6 3 0.0333692

7 3 0.0385954

8 3 0.0436693

9 3 0.0485708

10 3 0.0532806

11 3 0.0577802

12 3 0.0620518

13 3 0.0660784

14 3 0.0698443

15 3 0.0733345

16 3 0.0765353

17 3 0.0794341

18 3 0.0820193

19 3 0.0842809

20 3 0.0862099

21 3 0.0877986

22 3 0.0890408

23 3 0.0899317

24 3 0.0904676

25 3 0.0906464

26 3 0.0904676

27 3 0.0899317

28 3 0.0890408

29 3 0.0877986

30 3 0.0862099

31 3 0.0842809

32 3 0.0820193

33 3 0.0794341

34 3 0.0765353

35 3 0.0733345

36 3 0.0698443

37 3 0.0660784

38 3 0.0620518

39 3 0.0577802

40 3 0.0532806

41 3 0.0485708

42 3 0.0436693

43 3 0.0385954

44 3 0.0333692

45 3 0.0280113

46 3 0.0225429

47 3 0.0169854

48 3 0.011361

49 3 0.00569174

50 3 0

0 4 0

1 4 0.00755399

2 4 0.0150782

3 4 0.0225429

4 4 0.0299186

5 4 0.0371762

6 4 0.0442871

7 4 0.0512232

8 4 0.0579572

9 4 0.0644625

10 4 0.0707133

11 4 0.0766851

12 4 0.0823542

13 4 0.0876983

14 4 0.0926964

15 4 0.0973285

16 4 0.101577

17 4 0.105424

18 4 0.108855

19 4 0.111856

20 4 0.114417

21 4 0.116525

22 4 0.118174

23 4 0.119356

24 4 0.120067

25 4 0.120305

26 4 0.120067

27 4 0.119356

28 4 0.118174

29 4 0.116525

30 4 0.114417

31 4 0.111856

32 4 0.108855

33 4 0.105424

34 4 0.101577

35 4 0.0973285

36 4 0.0926964

37 4 0.0876983

38 4 0.0823542

39 4 0.0766851

40 4 0.0707133

41 4 0.0644625

42 4 0.0579572

43 4 0.0512232

44 4 0.0442871

45 4 0.0371762

46 4 0.0299186

47 4 0.0225429

48 4 0.0150782

49 4 0.00755399

50 4 0

0 5 0

1 5 0.00938644

2 5 0.0187358

3 5 0.0280113

4 5 0.0371762

5 5 0.0461944

6 5 0.0550303

7 5 0.063649

8 5 0.0720165

9 5 0.0800998

10 5 0.0878669

11 5 0.0952873

12 5 0.102332

13 5 0.108972

14 5 0.115183

15 5 0.120938

16 5 0.126217

17 5 0.130997

18 5 0.135261

19 5 0.138991

20 5 0.142172

21 5 0.144792

22 5 0.14684

23 5 0.148309

24 5 0.149193

25 5 0.149488

26 5 0.149193

27 5 0.148309

28 5 0.14684

29 5 0.144792

30 5 0.142172

31 5 0.138991

32 5 0.135261

33 5 0.130997

34 5 0.126217

35 5 0.120938

36 5 0.115183

37 5 0.108972

38 5 0.102332

39 5 0.0952873

40 5 0.0878669

41 5 0.0800998

42 5 0.0720165

43 5 0.063649

44 5 0.0550303

45 5 0.0461944

46 5 0.0371762

47 5 0.0280113

48 5 0.0187358

49 5 0.00938644

50 5 0

0 6 0

1 6 0.0111818

2 6 0.0223196

3 6 0.0333692

4 6 0.0442871

5 6 0.0550303

6 6 0.0655562

7 6 0.0758235

8 6 0.0857915

9 6 0.0954209

10 6 0.104674

11 6 0.113514

12 6 0.121905

13 6 0.129816

14 6 0.137214

15 6 0.144071

16 6 0.150359

17 6 0.156054

18 6 0.161133

19 6 0.165576

20 6 0.169366

21 6 0.172487

22 6 0.174927

23 6 0.176677

24 6 0.17773

25 6 0.178082

26 6 0.17773

27 6 0.176677

28 6 0.174927

29 6 0.172487

30 6 0.169366

31 6 0.165576

32 6 0.161133

33 6 0.156054

34 6 0.150359

35 6 0.144071

36 6 0.137214

37 6 0.129816

38 6 0.121905

39 6 0.113514

40 6 0.104674

41 6 0.0954209

42 6 0.0857915

43 6 0.0758235

44 6 0.0655562

45 6 0.0550303

46 6 0.0442871

47 6 0.0333692

48 6 0.0223196

49 6 0.0111818

50 6 0

0 7 0

1 7 0.0129331

2 7 0.0258152

3 7 0.0385954

4 7 0.0512232

5 7 0.063649

6 7 0.0758235

7 7 0.0876988

8 7 0.099228

9 7 0.110366

10 7 0.121068

11 7 0.131292

12 7 0.140998

13 7 0.150147

14 7 0.158704

15 7 0.166635

16 7 0.173908

17 7 0.180495

18 7 0.186369

19 7 0.191508

20 7 0.195891

21 7 0.199501

22 7 0.202324

23 7 0.204348

24 7 0.205566

25 7 0.205972

26 7 0.205566

27 7 0.204348

28 7 0.202324

29 7 0.199501

30 7 0.195891

31 7 0.191508

32 7 0.186369

33 7 0.180495

34 7 0.173908

35 7 0.166635

36 7 0.158704

37 7 0.150147

38 7 0.140998

39 7 0.131292

40 7 0.121068

41 7 0.110366

42 7 0.099228

43 7 0.0876988

44 7 0.0758235

45 7 0.063649

46 7 0.0512232

47 7 0.0385954

48 7 0.0258152

49 7 0.0129331

50 7 0

0 8 0

1 8 0.0146333

2 8 0.0292089

3 8 0.0436693

4 8 0.0579572

5 8 0.0720165

6 8 0.0857915

7 8 0.099228

8 8 0.112273

9 8 0.124875

10 8 0.136983

11 8 0.148552

12 8 0.159534

13 8 0.169886

14 8 0.179568

15 8 0.188542

16 8 0.196771

17 8 0.204223

18 8 0.21087

19 8 0.216685

20 8 0.221644

21 8 0.225729

22 8 0.228922

23 8 0.231213

24 8 0.23259

25 8 0.23305

26 8 0.23259

27 8 0.231213

28 8 0.228922

29 8 0.225729

30 8 0.221644

31 8 0.216685

32 8 0.21087

33 8 0.204223

34 8 0.196771

35 8 0.188542

36 8 0.179568

37 8 0.169886

38 8 0.159534

39 8 0.148552

40 8 0.136983

41 8 0.124875

42 8 0.112273

43 8 0.099228

44 8 0.0857915

45 8 0.0720165

46 8 0.0579572

47 8 0.0436693

48 8 0.0292089

49 8 0.0146333

50 8 0

0 9 0

1 9 0.0162758

2 9 0.0324874

3 9 0.0485708

4 9 0.0644625

5 9 0.0800998

6 9 0.0954209

7 9 0.110366

8 9 0.124875

9 9 0.138891

10 9 0.152359

11 9 0.165226

12 9 0.17744

13 9 0.188955

14 9 0.199723

15 9 0.209704

16 9 0.218857

17 9 0.227146

18 9 0.234539

19 9 0.241006

20 9 0.246522

21 9 0.251065

22 9 0.254617

23 9 0.257164

24 9 0.258697

25 9 0.259208

26 9 0.258697

27 9 0.257164

28 9 0.254617

29 9 0.251065

30 9 0.246522

31 9 0.241006

32 9 0.234539

33 9 0.227146

34 9 0.218857

35 9 0.209704

36 9 0.199723

37 9 0.188955

38 9 0.17744

39 9 0.165226

40 9 0.152359

41 9 0.138891

42 9 0.124875

43 9 0.110366

44 9 0.0954209

45 9 0.0800998

46 9 0.0644625

47 9 0.0485708

48 9 0.0324874

49 9 0.0162758

50 9 0

0 10 0

1 10 0.0178541

2 10 0.0356377

3 10 0.0532806

4 10 0.0707133

5 10 0.0878669

6 10 0.104674

7 10 0.121068

8 10 0.136983

9 10 0.152359

10 10 0.167133

11 10 0.181247

12 10 0.194646

13 10 0.207277

14 10 0.21909

15 10 0.230039

16 10 0.240079

17 10 0.249172

18 10 0.257282

19 10 0.264376

20 10 0.270427

21 10 0.27541

22 10 0.279307

23 10 0.282101

24 10 0.283782

25 10 0.284343

26 10 0.283782

27 10 0.282101

28 10 0.279307

29 10 0.27541

30 10 0.270427

31 10 0.264376

32 10 0.257282

33 10 0.249172

34 10 0.240079

35 10 0.230039

36 10 0.21909

37 10 0.207277

38 10 0.194646

39 10 0.181247

40 10 0.167133

41 10 0.152359

42 10 0.136983

43 10 0.121068

44 10 0.104674

45 10 0.0878669

46 10 0.0707133

47 10 0.0532806

48 10 0.0356377

49 10 0.0178541

50 10 0

0 11 0

1 11 0.0193619

2 11 0.0386473

3 11 0.0577802

4 11 0.0766851

5 11 0.0952873

6 11 0.113514

7 11 0.131292

8 11 0.148552

9 11 0.165226

10 11 0.181247

11 11 0.196554

12 11 0.211084

13 11 0.224782

14 11 0.237593

15 11 0.249466

16 11 0.260354

17 11 0.270215

18 11 0.279009

19 11 0.286702

20 11 0.293264

21 11 0.298669

22 11 0.302894

23 11 0.305925

24 11 0.307748

25 11 0.308356

26 11 0.307748

27 11 0.305925

28 11 0.302894

29 11 0.298669

30 11 0.293264

31 11 0.286702

32 11 0.279009

33 11 0.270215

34 11 0.260354

35 11 0.249466

36 11 0.237593

37 11 0.224782

38 11 0.211084

39 11 0.196554

40 11 0.181247

41 11 0.165226

42 11 0.148552

43 11 0.131292

44 11 0.113514

45 11 0.0952873

46 11 0.0766851

47 11 0.0577802

48 11 0.0386473

49 11 0.0193619

50 11 0

0 12 0

1 12 0.0207932

2 12 0.0415044

3 12 0.0620518

4 12 0.0823542

5 12 0.102332

6 12 0.121905

7 12 0.140998

8 12 0.159534

9 12 0.17744

10 12 0.194646

11 12 0.211084

12 12 0.226689

13 12 0.2414

14 12 0.255157

15 12 0.267908

16 12 0.279601

17 12 0.290191

18 12 0.299636

19 12 0.307898

20 12 0.314945

21 12 0.320749

22 12 0.325287

23 12 0.328541

24 12 0.330499

25 12 0.331152

26 12 0.330499

27 12 0.328541

28 12 0.325287

29 12 0.320749

30 12 0.314945

31 12 0.307898

32 12 0.299636

33 12 0.290191

34 12 0.279601

35 12 0.267908

36 12 0.255157

37 12 0.2414

38 12 0.226689

39 12 0.211084

40 12 0.194646

41 12 0.17744

42 12 0.159534

43 12 0.140998

44 12 0.121905

45 12 0.102332

46 12 0.0823542

47 12 0.0620518

48 12 0.0415044

49 12 0.0207932

50 12 0

0 13 0

1 13 0.0221425

2 13 0.0441977

3 13 0.0660784

4 13 0.0876983

5 13 0.108972

6 13 0.129816

7 13 0.150147

8 13 0.169886

9 13 0.188955

10 13 0.207277

11 13 0.224782

12 13 0.2414

13 13 0.257065

14 13 0.271715

15 13 0.285293

16 13 0.297745

17 13 0.309022

18 13 0.319079

19 13 0.327878

20 13 0.335382

21 13 0.341563

22 13 0.346395

23 13 0.349861

24 13 0.351946

25 13 0.352641

26 13 0.351946

27 13 0.349861

28 13 0.346395

29 13 0.341563

30 13 0.335382

31 13 0.327878

32 13 0.319079

33 13 0.309022

34 13 0.297745

35 13 0.285293

36 13 0.271715

37 13 0.257065

38 13 0.2414

39 13 0.224782

40 13 0.207277

41 13 0.188955

42 13 0.169886

43 13 0.150147

44 13 0.129816

45 13 0.108972

46 13 0.0876983

47 13 0.0660784

48 13 0.0441977

49 13 0.0221425

50 13 0

0 14 0

1 14 0.0234045

2 14 0.0467166

3 14 0.0698443

4 14 0.0926964

5 14 0.115183

6 14 0.137214

7 14 0.158704

8 14 0.179568

9 14 0.199723

10 14 0.21909

11 14 0.237593

12 14 0.255157

13 14 0.271715

14 14 0.2872

15 14 0.301552

16 14 0.314714

17 14 0.326633

18 14 0.337264

19 14 0.346564

20 14 0.354496

21 14 0.361028

22 14 0.366137

23 14 0.3698

24 14 0.372003

25 14 0.372739

26 14 0.372003

27 14 0.3698

28 14 0.366137

29 14 0.361028

30 14 0.354496

31 14 0.346564

32 14 0.337264

33 14 0.326633

34 14 0.314714

35 14 0.301552

36 14 0.2872

37 14 0.271715

38 14 0.255157

39 14 0.237593

40 14 0.21909

41 14 0.199723

42 14 0.179568

43 14 0.158704

44 14 0.137214

45 14 0.115183

46 14 0.0926964

47 14 0.0698443

48 14 0.0467166

49 14 0.0234045

50 14 0

0 15 0

1 15 0.024574

2 15 0.0490511

3 15 0.0733345

4 15 0.0973285

5 15 0.120938

6 15 0.144071

7 15 0.166635

8 15 0.188542

9 15 0.209704

10 15 0.230039

11 15 0.249466

12 15 0.267908

13 15 0.285293

14 15 0.301552

15 15 0.316621

16 15 0.33044

17 15 0.342956

18 15 0.354118

19 15 0.363882

20 15 0.37221

21 15 0.37907

22 15 0.384433

23 15 0.388279

24 15 0.390593

25 15 0.391365

26 15 0.390593

27 15 0.388279

28 15 0.384433

29 15 0.37907

30 15 0.37221

31 15 0.363882

32 15 0.354118

33 15 0.342956

34 15 0.33044

35 15 0.316621

36 15 0.301552

37 15 0.285293

38 15 0.267908

39 15 0.249466

40 15 0.230039

41 15 0.209704

42 15 0.188542

43 15 0.166635

44 15 0.144071

45 15 0.120938

46 15 0.0973285

47 15 0.0733345

48 15 0.0490511

49 15 0.024574

50 15 0

0 16 0

1 16 0.0256466

2 16 0.051192

3 16 0.0765353

4 16 0.101577

5 16 0.126217

6 16 0.150359

7 16 0.173908

8 16 0.196771

9 16 0.218857

10 16 0.240079

11 16 0.260354

12 16 0.279601

13 16 0.297745

14 16 0.314714

15 16 0.33044

16 16 0.344863

17 16 0.357925

18 16 0.369574

19 16 0.379764

20 16 0.388456

21 16 0.395615

22 16 0.401212

23 16 0.405226

24 16 0.407641

25 16 0.408447

26 16 0.407641

27 16 0.405226

28 16 0.401212

29 16 0.395615

30 16 0.388456

31 16 0.379764

32 16 0.369574

33 16 0.357925

34 16 0.344863

35 16 0.33044

36 16 0.314714

37 16 0.297745

38 16 0.279601

39 16 0.260354

40 16 0.240079

41 16 0.218857

42 16 0.196771

43 16 0.173908

44 16 0.150359

45 16 0.126217

46 16 0.101577

47 16 0.0765353

48 16 0.051192

49 16 0.0256466

50 16 0

0 17 0

1 17 0.026618

2 17 0.0531309

3 17 0.0794341

4 17 0.105424

5 17 0.130997

6 17 0.156054

7 17 0.180495

8 17 0.204223

9 17 0.227146

10 17 0.249172

11 17 0.270215

12 17 0.290191

13 17 0.309022

14 17 0.326633

15 17 0.342956

16 17 0.357925

17 17 0.371481

18 17 0.383571

19 17 0.394148

20 17 0.403169

21 17 0.410599

22 17 0.416408

23 17 0.420574

24 17 0.42308

25 17 0.423917

26 17 0.42308

27 17 0.420574

28 17 0.416408

29 17 0.410599

30 17 0.403169

31 17 0.394148

32 17 0.383571

33 17 0.371481

34 17 0.357925

35 17 0.342956

36 17 0.326633

37 17 0.309022

38 17 0.290191

39 17 0.270215

40 17 0.249172

41 17 0.227146

42 17 0.204223

43 17 0.180495

44 17 0.156054

45 17 0.130997

46 17 0.105424

47 17 0.0794341

48 17 0.0531309

49 17 0.026618

50 17 0

0 18 0

1 18 0.0274843

2 18 0.0548601

3 18 0.0820193

4 18 0.108855

5 18 0.135261

6 18 0.161133

7 18 0.186369

8 18 0.21087

9 18 0.234539

10 18 0.257282

11 18 0.279009

12 18 0.299636

13 18 0.319079

14 18 0.337264

15 18 0.354118

16 18 0.369574

17 18 0.383571

18 18 0.396055

19 18 0.406976

20 18 0.41629

21 18 0.423962

22 18 0.42996

23 18 0.434262

24 18 0.43685

25 18 0.437714

26 18 0.43685

27 18 0.434262

28 18 0.42996

29 18 0.423962

30 18 0.41629

31 18 0.406976

32 18 0.396055

33 18 0.383571

34 18 0.369574

35 18 0.354118

36 18 0.337264

37 18 0.319079

38 18 0.299636

39 18 0.279009

40 18 0.257282

41 18 0.234539

42 18 0.21087

43 18 0.186369

44 18 0.161133

45 18 0.135261

46 18 0.108855

47 18 0.0820193

48 18 0.0548601

49 18 0.0274843

50 18 0

0 19 0

1 19 0.0282421

2 19 0.0563728

3 19 0.0842809

4 19 0.111856

5 19 0.138991

6 19 0.165576

7 19 0.191508

8 19 0.216685

9 19 0.241006

10 19 0.264376

11 19 0.286702

12 19 0.307898

13 19 0.327878

14 19 0.346564

15 19 0.363882

16 19 0.379764

17 19 0.394148

18 19 0.406976

19 19 0.418198

20 19 0.427769

21 19 0.435652

22 19 0.441816

23 19 0.446236

24 19 0.448895

25 19 0.449783

26 19 0.448895

27 19 0.446236

28 19 0.441816

29 19 0.435652

30 19 0.427769

31 19 0.418198

32 19 0.406976

33 19 0.394148

34 19 0.379764

35 19 0.363882

36 19 0.346564

37 19 0.327878

38 19 0.307898

39 19 0.286702

40 19 0.264376

41 19 0.241006

42 19 0.216685

43 19 0.191508

44 19 0.165576

45 19 0.138991

46 19 0.111856

47 19 0.0842809

48 19 0.0563728

49 19 0.0282421

50 19 0

0 20 0

1 20 0.0288885

2 20 0.057663

3 20 0.0862099

4 20 0.114417

5 20 0.142172

6 20 0.169366

7 20 0.195891

8 20 0.221644

9 20 0.246522

10 20 0.270427

11 20 0.293264

12 20 0.314945

13 20 0.335382

14 20 0.354496

15 20 0.37221

16 20 0.388456

17 20 0.403169

18 20 0.41629

19 20 0.427769

20 20 0.437559

21 20 0.445623

22 20 0.451928

23 20 0.456449

24 20 0.459169

25 20 0.460077

26 20 0.459169

27 20 0.456449

28 20 0.451928

29 20 0.445623

30 20 0.437559

31 20 0.427769

32 20 0.41629

33 20 0.403169

34 20 0.388456

35 20 0.37221

36 20 0.354496

37 20 0.335382

38 20 0.314945

39 20 0.293264

40 20 0.270427

41 20 0.246522

42 20 0.221644

43 20 0.195891

44 20 0.169366

45 20 0.142172

46 20 0.114417

47 20 0.0862099

48 20 0.057663

49 20 0.0288885

50 20 0

0 21 0

1 21 0.0294209

2 21 0.0587256

3 21 0.0877986

4 21 0.116525

5 21 0.144792

6 21 0.172487

7 21 0.199501

8 21 0.225729

9 21 0.251065

10 21 0.27541

11 21 0.298669

12 21 0.320749

13 21 0.341563

14 21 0.361028

15 21 0.37907

16 21 0.395615

17 21 0.410599

18 21 0.423962

19 21 0.435652

20 21 0.445623

21 21 0.453835

22 21 0.460256

23 21 0.464861

24 21 0.467631

25 21 0.468556

26 21 0.467631

27 21 0.464861

28 21 0.460256

29 21 0.453835

30 21 0.445623

31 21 0.435652

32 21 0.423962

33 21 0.410599

34 21 0.395615

35 21 0.37907

36 21 0.361028

37 21 0.341563

38 21 0.320749

39 21 0.298669

40 21 0.27541

41 21 0.251065

42 21 0.225729

43 21 0.199501

44 21 0.172487

45 21 0.144792

46 21 0.116525

47 21 0.0877986

48 21 0.0587256

49 21 0.0294209

50 21 0

0 22 0

1 22 0.0298371

2 22 0.0595565

3 22 0.0890408

4 22 0.118174

5 22 0.14684

6 22 0.174927

7 22 0.202324

8 22 0.228922

9 22 0.254617

10 22 0.279307

11 22 0.302894

12 22 0.325287

13 22 0.346395

14 22 0.366137

15 22 0.384433

16 22 0.401212

17 22 0.416408

18 22 0.42996

19 22 0.441816

20 22 0.451928

21 22 0.460256

22 22 0.466768

23 22 0.471438

24 22 0.474248

25 22 0.475185

26 22 0.474248

27 22 0.471438

28 22 0.466768

29 22 0.460256

30 22 0.451928

31 22 0.441816

32 22 0.42996

33 22 0.416408

34 22 0.401212

35 22 0.384433

36 22 0.366137

37 22 0.346395

38 22 0.325287

39 22 0.302894

40 22 0.279307

41 22 0.254617

42 22 0.228922

43 22 0.202324

44 22 0.174927

45 22 0.14684

46 22 0.118174

47 22 0.0890408

48 22 0.0595565

49 22 0.0298371

50 22 0

0 23 0

1 23 0.0301356

2 23 0.0601523

3 23 0.0899317

4 23 0.119356

5 23 0.148309

6 23 0.176677

7 23 0.204348

8 23 0.231213

9 23 0.257164

10 23 0.282101

11 23 0.305925

12 23 0.328541

13 23 0.349861

14 23 0.3698

15 23 0.388279

16 23 0.405226

17 23 0.420574

18 23 0.434262

19 23 0.446236

20 23 0.456449

21 23 0.464861

22 23 0.471438

23 23 0.476155

24 23 0.478992

25 23 0.479939

26 23 0.478992

27 23 0.476155

28 23 0.471438

29 23 0.464861

30 23 0.456449

31 23 0.446236

32 23 0.434262

33 23 0.420574

34 23 0.405226

35 23 0.388279

36 23 0.3698

37 23 0.349861

38 23 0.328541

39 23 0.305925

40 23 0.282101

41 23 0.257164

42 23 0.231213

43 23 0.204348

44 23 0.176677

45 23 0.148309

46 23 0.119356

47 23 0.0899317

48 23 0.0601523

49 23 0.0301356

50 23 0

0 24 0

1 24 0.0303152

2 24 0.0605108

3 24 0.0904676

4 24 0.120067

5 24 0.149193

6 24 0.17773

7 24 0.205566

8 24 0.23259

9 24 0.258697

10 24 0.283782

11 24 0.307748

12 24 0.330499

13 24 0.351946

14 24 0.372003

15 24 0.390593

16 24 0.407641

17 24 0.42308

18 24 0.43685

19 24 0.448895

20 24 0.459169

21 24 0.467631

22 24 0.474248

23 24 0.478992

24 24 0.481847

25 24 0.482799

26 24 0.481847

27 24 0.478992

28 24 0.474248

29 24 0.467631

30 24 0.459169

31 24 0.448895

32 24 0.43685

33 24 0.42308

34 24 0.407641

35 24 0.390593

36 24 0.372003

37 24 0.351946

38 24 0.330499

39 24 0.307748

40 24 0.283782

41 24 0.258697

42 24 0.23259

43 24 0.205566

44 24 0.17773

45 24 0.149193

46 24 0.120067

47 24 0.0904676

48 24 0.0605108

49 24 0.0303152

50 24 0

0 25 0

1 25 0.0303752

2 25 0.0606304

3 25 0.0906464

4 25 0.120305

5 25 0.149488

6 25 0.178082

7 25 0.205972

8 25 0.23305

9 25 0.259208

10 25 0.284343

11 25 0.308356

12 25 0.331152

13 25 0.352641

14 25 0.372739

15 25 0.391365

16 25 0.408447

17 25 0.423917

18 25 0.437714

19 25 0.449783

20 25 0.460077

21 25 0.468556

22 25 0.475185

23 25 0.479939

24 25 0.482799

25 25 0.483754

26 25 0.482799

27 25 0.479939

28 25 0.475185

29 25 0.468556

30 25 0.460077

31 25 0.449783

32 25 0.437714

33 25 0.423917

34 25 0.408447

35 25 0.391365

36 25 0.372739

37 25 0.352641

38 25 0.331152

39 25 0.308356

40 25 0.284343

41 25 0.259208

42 25 0.23305

43 25 0.205972

44 25 0.178082

45 25 0.149488

46 25 0.120305

47 25 0.0906464

48 25 0.0606304

49 25 0.0303752

50 25 0

0 26 0

1 26 0.0303152

2 26 0.0605108

3 26 0.0904676

4 26 0.120067

5 26 0.149193

6 26 0.17773

7 26 0.205566

8 26 0.23259

9 26 0.258697

10 26 0.283782

11 26 0.307748

12 26 0.330499

13 26 0.351946

14 26 0.372003

15 26 0.390593

16 26 0.407641

17 26 0.42308

18 26 0.43685

19 26 0.448895

20 26 0.459169

21 26 0.467631

22 26 0.474248

23 26 0.478992

24 26 0.481847

25 26 0.482799

26 26 0.481847

27 26 0.478992

28 26 0.474248

29 26 0.467631

30 26 0.459169

31 26 0.448895

32 26 0.43685

33 26 0.42308

34 26 0.407641

35 26 0.390593

36 26 0.372003

37 26 0.351946

38 26 0.330499

39 26 0.307748

40 26 0.283782

41 26 0.258697

42 26 0.23259

43 26 0.205566

44 26 0.17773

45 26 0.149193

46 26 0.120067

47 26 0.0904676

48 26 0.0605108

49 26 0.0303152

50 26 0

0 27 0

1 27 0.0301356

2 27 0.0601523

3 27 0.0899317

4 27 0.119356

5 27 0.148309

6 27 0.176677

7 27 0.204348

8 27 0.231213

9 27 0.257164

10 27 0.282101

11 27 0.305925

12 27 0.328541

13 27 0.349861

14 27 0.3698

15 27 0.388279

16 27 0.405226

17 27 0.420574

18 27 0.434262

19 27 0.446236

20 27 0.456449

21 27 0.464861

22 27 0.471438

23 27 0.476155

24 27 0.478992

25 27 0.479939

26 27 0.478992

27 27 0.476155

28 27 0.471438

29 27 0.464861

30 27 0.456449

31 27 0.446236

32 27 0.434262

33 27 0.420574

34 27 0.405226

35 27 0.388279

36 27 0.3698

37 27 0.349861

38 27 0.328541

39 27 0.305925

40 27 0.282101

41 27 0.257164

42 27 0.231213

43 27 0.204348

44 27 0.176677

45 27 0.148309

46 27 0.119356

47 27 0.0899317

48 27 0.0601523

49 27 0.0301356

50 27 0

0 28 0

1 28 0.0298371

2 28 0.0595565

3 28 0.0890408

4 28 0.118174

5 28 0.14684

6 28 0.174927

7 28 0.202324

8 28 0.228922

9 28 0.254617

10 28 0.279307

11 28 0.302894

12 28 0.325287

13 28 0.346395

14 28 0.366137

15 28 0.384433

16 28 0.401212

17 28 0.416408

18 28 0.42996

19 28 0.441816

20 28 0.451928

21 28 0.460256

22 28 0.466768

23 28 0.471438

24 28 0.474248

25 28 0.475185

26 28 0.474248

27 28 0.471438

28 28 0.466768

29 28 0.460256

30 28 0.451928

31 28 0.441816

32 28 0.42996

33 28 0.416408

34 28 0.401212

35 28 0.384433

36 28 0.366137

37 28 0.346395

38 28 0.325287

39 28 0.302894

40 28 0.279307

41 28 0.254617

42 28 0.228922

43 28 0.202324

44 28 0.174927

45 28 0.14684

46 28 0.118174

47 28 0.0890408

48 28 0.0595565

49 28 0.0298371

50 28 0

0 29 0

1 29 0.0294209

2 29 0.0587256

3 29 0.0877986

4 29 0.116525

5 29 0.144792

6 29 0.172487

7 29 0.199501

8 29 0.225729

9 29 0.251065

10 29 0.27541

11 29 0.298669

12 29 0.320749

13 29 0.341563

14 29 0.361028

15 29 0.37907

16 29 0.395615

17 29 0.410599

18 29 0.423962

19 29 0.435652

20 29 0.445623

21 29 0.453835

22 29 0.460256

23 29 0.464861

24 29 0.467631

25 29 0.468556

26 29 0.467631

27 29 0.464861

28 29 0.460256

29 29 0.453835

30 29 0.445623

31 29 0.435652

32 29 0.423962

33 29 0.410599

34 29 0.395615

35 29 0.37907

36 29 0.361028

37 29 0.341563

38 29 0.320749

39 29 0.298669

40 29 0.27541

41 29 0.251065

42 29 0.225729

43 29 0.199501

44 29 0.172487

45 29 0.144792

46 29 0.116525

47 29 0.0877986

48 29 0.0587256

49 29 0.0294209

50 29 0

0 30 0

1 30 0.0288885

2 30 0.057663

3 30 0.0862099

4 30 0.114417

5 30 0.142172

6 30 0.169366

7 30 0.195891

8 30 0.221644

9 30 0.246522

10 30 0.270427

11 30 0.293264

12 30 0.314945

13 30 0.335382

14 30 0.354496

15 30 0.37221

16 30 0.388456

17 30 0.403169

18 30 0.41629

19 30 0.427769

20 30 0.437559

21 30 0.445623

22 30 0.451928

23 30 0.456449

24 30 0.459169

25 30 0.460077

26 30 0.459169

27 30 0.456449

28 30 0.451928

29 30 0.445623

30 30 0.437559

31 30 0.427769

32 30 0.41629

33 30 0.403169

34 30 0.388456

35 30 0.37221

36 30 0.354496

37 30 0.335382

38 30 0.314945

39 30 0.293264

40 30 0.270427

41 30 0.246522

42 30 0.221644

43 30 0.195891

44 30 0.169366

45 30 0.142172

46 30 0.114417

47 30 0.0862099

48 30 0.057663

49 30 0.0288885

50 30 0

0 31 0

1 31 0.0282421

2 31 0.0563728

3 31 0.0842809

4 31 0.111856

5 31 0.138991

6 31 0.165576

7 31 0.191508

8 31 0.216685

9 31 0.241006

10 31 0.264376

11 31 0.286702

12 31 0.307898

13 31 0.327878

14 31 0.346564

15 31 0.363882

16 31 0.379764

17 31 0.394148

18 31 0.406976

19 31 0.418198

20 31 0.427769

21 31 0.435652

22 31 0.441816

23 31 0.446236

24 31 0.448895

25 31 0.449783

26 31 0.448895

27 31 0.446236

28 31 0.441816

29 31 0.435652

30 31 0.427769

31 31 0.418198

32 31 0.406976

33 31 0.394148

34 31 0.379764

35 31 0.363882

36 31 0.346564

37 31 0.327878

38 31 0.307898

39 31 0.286702

40 31 0.264376

41 31 0.241006

42 31 0.216685

43 31 0.191508

44 31 0.165576

45 31 0.138991

46 31 0.111856

47 31 0.0842809

48 31 0.0563728

49 31 0.0282421

50 31 0

0 32 0

1 32 0.0274843

2 32 0.0548601

3 32 0.0820193

4 32 0.108855

5 32 0.135261

6 32 0.161133

7 32 0.186369

8 32 0.21087

9 32 0.234539

10 32 0.257282

11 32 0.279009

12 32 0.299636

13 32 0.319079

14 32 0.337264

15 32 0.354118

16 32 0.369574

17 32 0.383571

18 32 0.396055

19 32 0.406976

20 32 0.41629

21 32 0.423962

22 32 0.42996

23 32 0.434262

24 32 0.43685

25 32 0.437714

26 32 0.43685

27 32 0.434262

28 32 0.42996

29 32 0.423962

30 32 0.41629

31 32 0.406976

32 32 0.396055

33 32 0.383571

34 32 0.369574

35 32 0.354118

36 32 0.337264

37 32 0.319079

38 32 0.299636

39 32 0.279009

40 32 0.257282

41 32 0.234539

42 32 0.21087

43 32 0.186369

44 32 0.161133

45 32 0.135261

46 32 0.108855

47 32 0.0820193

48 32 0.0548601

49 32 0.0274843

50 32 0

0 33 0

1 33 0.026618

2 33 0.0531309

3 33 0.0794341

4 33 0.105424

5 33 0.130997

6 33 0.156054

7 33 0.180495

8 33 0.204223

9 33 0.227146

10 33 0.249172

11 33 0.270215

12 33 0.290191

13 33 0.309022

14 33 0.326633

15 33 0.342956

16 33 0.357925

17 33 0.371481

18 33 0.383571

19 33 0.394148

20 33 0.403169

21 33 0.410599

22 33 0.416408

23 33 0.420574

24 33 0.42308

25 33 0.423917

26 33 0.42308

27 33 0.420574

28 33 0.416408

29 33 0.410599

30 33 0.403169

31 33 0.394148

32 33 0.383571

33 33 0.371481

34 33 0.357925

35 33 0.342956

36 33 0.326633

37 33 0.309022

38 33 0.290191

39 33 0.270215

40 33 0.249172

41 33 0.227146

42 33 0.204223

43 33 0.180495

44 33 0.156054

45 33 0.130997

46 33 0.105424

47 33 0.0794341

48 33 0.0531309

49 33 0.026618

50 33 0

0 34 0

1 34 0.0256466

2 34 0.051192

3 34 0.0765353

4 34 0.101577

5 34 0.126217

6 34 0.150359

7 34 0.173908

8 34 0.196771

9 34 0.218857

10 34 0.240079

11 34 0.260354

12 34 0.279601

13 34 0.297745

14 34 0.314714

15 34 0.33044

16 34 0.344863

17 34 0.357925

18 34 0.369574

19 34 0.379764

20 34 0.388456

21 34 0.395615

22 34 0.401212

23 34 0.405226

24 34 0.407641

25 34 0.408447

26 34 0.407641

27 34 0.405226

28 34 0.401212

29 34 0.395615

30 34 0.388456

31 34 0.379764

32 34 0.369574

33 34 0.357925

34 34 0.344863

35 34 0.33044

36 34 0.314714

37 34 0.297745

38 34 0.279601

39 34 0.260354

40 34 0.240079

41 34 0.218857

42 34 0.196771

43 34 0.173908

44 34 0.150359

45 34 0.126217

46 34 0.101577

47 34 0.0765353

48 34 0.051192

49 34 0.0256466

50 34 0

0 35 0

1 35 0.024574

2 35 0.0490511

3 35 0.0733345

4 35 0.0973285

5 35 0.120938

6 35 0.144071

7 35 0.166635

8 35 0.188542

9 35 0.209704

10 35 0.230039

11 35 0.249466

12 35 0.267908

13 35 0.285293

14 35 0.301552

15 35 0.316621

16 35 0.33044

17 35 0.342956

18 35 0.354118

19 35 0.363882

20 35 0.37221

21 35 0.37907

22 35 0.384433

23 35 0.388279

24 35 0.390593

25 35 0.391365

26 35 0.390593

27 35 0.388279

28 35 0.384433

29 35 0.37907

30 35 0.37221

31 35 0.363882

32 35 0.354118

33 35 0.342956

34 35 0.33044

35 35 0.316621

36 35 0.301552

37 35 0.285293

38 35 0.267908

39 35 0.249466

40 35 0.230039

41 35 0.209704

42 35 0.188542

43 35 0.166635

44 35 0.144071

45 35 0.120938

46 35 0.0973285

47 35 0.0733345

48 35 0.0490511

49 35 0.024574

50 35 0

0 36 0

1 36 0.0234045

2 36 0.0467166

3 36 0.0698443

4 36 0.0926964

5 36 0.115183

6 36 0.137214

7 36 0.158704

8 36 0.179568

9 36 0.199723

10 36 0.21909

11 36 0.237593

12 36 0.255157

13 36 0.271715

14 36 0.2872

15 36 0.301552

16 36 0.314714

17 36 0.326633

18 36 0.337264

19 36 0.346564

20 36 0.354496

21 36 0.361028

22 36 0.366137

23 36 0.3698

24 36 0.372003

25 36 0.372739

26 36 0.372003

27 36 0.3698

28 36 0.366137

29 36 0.361028

30 36 0.354496

31 36 0.346564

32 36 0.337264

33 36 0.326633

34 36 0.314714

35 36 0.301552

36 36 0.2872

37 36 0.271715

38 36 0.255157

39 36 0.237593

40 36 0.21909

41 36 0.199723

42 36 0.179568

43 36 0.158704

44 36 0.137214

45 36 0.115183

46 36 0.0926964

47 36 0.0698443

48 36 0.0467166

49 36 0.0234045

50 36 0

0 37 0

1 37 0.0221425

2 37 0.0441977

3 37 0.0660784

4 37 0.0876983

5 37 0.108972

6 37 0.129816

7 37 0.150147

8 37 0.169886

9 37 0.188955

10 37 0.207277

11 37 0.224782

12 37 0.2414

13 37 0.257065

14 37 0.271715

15 37 0.285293

16 37 0.297745

17 37 0.309022

18 37 0.319079

19 37 0.327878

20 37 0.335382

21 37 0.341563

22 37 0.346395

23 37 0.349861

24 37 0.351946

25 37 0.352641

26 37 0.351946

27 37 0.349861

28 37 0.346395

29 37 0.341563

30 37 0.335382

31 37 0.327878

32 37 0.319079

33 37 0.309022

34 37 0.297745

35 37 0.285293

36 37 0.271715

37 37 0.257065

38 37 0.2414

39 37 0.224782

40 37 0.207277

41 37 0.188955

42 37 0.169886

43 37 0.150147

44 37 0.129816

45 37 0.108972

46 37 0.0876983

47 37 0.0660784

48 37 0.0441977

49 37 0.0221425

50 37 0

0 38 0

1 38 0.0207932

2 38 0.0415044

3 38 0.0620518

4 38 0.0823542

5 38 0.102332

6 38 0.121905

7 38 0.140998

8 38 0.159534

9 38 0.17744

10 38 0.194646

11 38 0.211084

12 38 0.226689

13 38 0.2414

14 38 0.255157

15 38 0.267908

16 38 0.279601

17 38 0.290191

18 38 0.299636

19 38 0.307898

20 38 0.314945

21 38 0.320749

22 38 0.325287

23 38 0.328541

24 38 0.330499

25 38 0.331152

26 38 0.330499

27 38 0.328541

28 38 0.325287

29 38 0.320749

30 38 0.314945

31 38 0.307898

32 38 0.299636

33 38 0.290191

34 38 0.279601

35 38 0.267908

36 38 0.255157

37 38 0.2414

38 38 0.226689

39 38 0.211084

40 38 0.194646

41 38 0.17744

42 38 0.159534

43 38 0.140998

44 38 0.121905

45 38 0.102332

46 38 0.0823542

47 38 0.0620518

48 38 0.0415044

49 38 0.0207932

50 38 0

0 39 0

1 39 0.0193619

2 39 0.0386473

3 39 0.0577802

4 39 0.0766851

5 39 0.0952873

6 39 0.113514

7 39 0.131292

8 39 0.148552

9 39 0.165226

10 39 0.181247

11 39 0.196554

12 39 0.211084

13 39 0.224782

14 39 0.237593

15 39 0.249466

16 39 0.260354

17 39 0.270215

18 39 0.279009

19 39 0.286702

20 39 0.293264

21 39 0.298669

22 39 0.302894

23 39 0.305925

24 39 0.307748

25 39 0.308356

26 39 0.307748

27 39 0.305925

28 39 0.302894

29 39 0.298669

30 39 0.293264

31 39 0.286702

32 39 0.279009

33 39 0.270215

34 39 0.260354

35 39 0.249466

36 39 0.237593

37 39 0.224782

38 39 0.211084

39 39 0.196554

40 39 0.181247

41 39 0.165226

42 39 0.148552

43 39 0.131292

44 39 0.113514

45 39 0.0952873

46 39 0.0766851

47 39 0.0577802

48 39 0.0386473

49 39 0.0193619

50 39 0

0 40 0

1 40 0.0178541

2 40 0.0356377

3 40 0.0532806

4 40 0.0707133

5 40 0.0878669

6 40 0.104674

7 40 0.121068

8 40 0.136983

9 40 0.152359

10 40 0.167133

11 40 0.181247

12 40 0.194646

13 40 0.207277

14 40 0.21909

15 40 0.230039

16 40 0.240079

17 40 0.249172

18 40 0.257282

19 40 0.264376

20 40 0.270427

21 40 0.27541

22 40 0.279307

23 40 0.282101

24 40 0.283782

25 40 0.284343

26 40 0.283782

27 40 0.282101

28 40 0.279307

29 40 0.27541

30 40 0.270427

31 40 0.264376

32 40 0.257282

33 40 0.249172

34 40 0.240079

35 40 0.230039

36 40 0.21909

37 40 0.207277

38 40 0.194646

39 40 0.181247

40 40 0.167133

41 40 0.152359

42 40 0.136983

43 40 0.121068

44 40 0.104674

45 40 0.0878669

46 40 0.0707133

47 40 0.0532806

48 40 0.0356377

49 40 0.0178541

50 40 0

0 41 0

1 41 0.0162758

2 41 0.0324874

3 41 0.0485708

4 41 0.0644625

5 41 0.0800998

6 41 0.0954209

7 41 0.110366

8 41 0.124875

9 41 0.138891

10 41 0.152359

11 41 0.165226

12 41 0.17744

13 41 0.188955

14 41 0.199723

15 41 0.209704

16 41 0.218857

17 41 0.227146

18 41 0.234539

19 41 0.241006

20 41 0.246522

21 41 0.251065

22 41 0.254617

23 41 0.257164

24 41 0.258697

25 41 0.259208

26 41 0.258697

27 41 0.257164

28 41 0.254617

29 41 0.251065

30 41 0.246522

31 41 0.241006

32 41 0.234539

33 41 0.227146

34 41 0.218857

35 41 0.209704

36 41 0.199723

37 41 0.188955

38 41 0.17744

39 41 0.165226

40 41 0.152359

41 41 0.138891

42 41 0.124875

43 41 0.110366

44 41 0.0954209

45 41 0.0800998

46 41 0.0644625

47 41 0.0485708

48 41 0.0324874

49 41 0.0162758

50 41 0

0 42 0

1 42 0.0146333

2 42 0.0292089

3 42 0.0436693

4 42 0.0579572

5 42 0.0720165

6 42 0.0857915

7 42 0.099228

8 42 0.112273

9 42 0.124875

10 42 0.136983

11 42 0.148552

12 42 0.159534

13 42 0.169886

14 42 0.179568

15 42 0.188542

16 42 0.196771

17 42 0.204223

18 42 0.21087

19 42 0.216685

20 42 0.221644

21 42 0.225729

22 42 0.228922

23 42 0.231213

24 42 0.23259

25 42 0.23305

26 42 0.23259

27 42 0.231213

28 42 0.228922

29 42 0.225729

30 42 0.221644

31 42 0.216685

32 42 0.21087

33 42 0.204223

34 42 0.196771

35 42 0.188542

36 42 0.179568

37 42 0.169886

38 42 0.159534

39 42 0.148552

40 42 0.136983

41 42 0.124875

42 42 0.112273

43 42 0.099228

44 42 0.0857915

45 42 0.0720165

46 42 0.0579572

47 42 0.0436693

48 42 0.0292089

49 42 0.0146333

50 42 0

0 43 0

1 43 0.0129331

2 43 0.0258152

3 43 0.0385954

4 43 0.0512232

5 43 0.063649

6 43 0.0758235

7 43 0.0876988

8 43 0.099228

9 43 0.110366

10 43 0.121068

11 43 0.131292

12 43 0.140998

13 43 0.150147

14 43 0.158704

15 43 0.166635

16 43 0.173908

17 43 0.180495

18 43 0.186369

19 43 0.191508

20 43 0.195891

21 43 0.199501

22 43 0.202324

23 43 0.204348

24 43 0.205566

25 43 0.205972

26 43 0.205566

27 43 0.204348

28 43 0.202324

29 43 0.199501

30 43 0.195891

31 43 0.191508

32 43 0.186369

33 43 0.180495

34 43 0.173908

35 43 0.166635

36 43 0.158704

37 43 0.150147

38 43 0.140998

39 43 0.131292

40 43 0.121068

41 43 0.110366

42 43 0.099228

43 43 0.0876988

44 43 0.0758235

45 43 0.063649

46 43 0.0512232

47 43 0.0385954

48 43 0.0258152

49 43 0.0129331

50 43 0

0 44 0

1 44 0.0111818

2 44 0.0223196

3 44 0.0333692

4 44 0.0442871

5 44 0.0550303

6 44 0.0655562

7 44 0.0758235

8 44 0.0857915

9 44 0.0954209

10 44 0.104674

11 44 0.113514

12 44 0.121905

13 44 0.129816

14 44 0.137214

15 44 0.144071

16 44 0.150359

17 44 0.156054

18 44 0.161133

19 44 0.165576

20 44 0.169366

21 44 0.172487

22 44 0.174927

23 44 0.176677

24 44 0.17773

25 44 0.178082

26 44 0.17773

27 44 0.176677

28 44 0.174927

29 44 0.172487

30 44 0.169366

31 44 0.165576

32 44 0.161133

33 44 0.156054

34 44 0.150359

35 44 0.144071

36 44 0.137214

37 44 0.129816

38 44 0.121905

39 44 0.113514

40 44 0.104674

41 44 0.0954209

42 44 0.0857915

43 44 0.0758235

44 44 0.0655562

45 44 0.0550303

46 44 0.0442871

47 44 0.0333692

48 44 0.0223196

49 44 0.0111818

50 44 0

0 45 0

1 45 0.00938644

2 45 0.0187358

3 45 0.0280113

4 45 0.0371762

5 45 0.0461944

6 45 0.0550303

7 45 0.063649

8 45 0.0720165

9 45 0.0800998

10 45 0.0878669

11 45 0.0952873

12 45 0.102332

13 45 0.108972

14 45 0.115183

15 45 0.120938

16 45 0.126217

17 45 0.130997

18 45 0.135261

19 45 0.138991

20 45 0.142172

21 45 0.144792

22 45 0.14684

23 45 0.148309

24 45 0.149193

25 45 0.149488

26 45 0.149193

27 45 0.148309

28 45 0.14684

29 45 0.144792

30 45 0.142172

31 45 0.138991

32 45 0.135261

33 45 0.130997

34 45 0.126217

35 45 0.120938

36 45 0.115183

37 45 0.108972

38 45 0.102332

39 45 0.0952873

40 45 0.0878669

41 45 0.0800998

42 45 0.0720165

43 45 0.063649

44 45 0.0550303

45 45 0.0461944

46 45 0.0371762

47 45 0.0280113

48 45 0.0187358

49 45 0.00938644

50 45 0

0 46 0

1 46 0.00755399

2 46 0.0150782

3 46 0.0225429

4 46 0.0299186

5 46 0.0371762

6 46 0.0442871

7 46 0.0512232

8 46 0.0579572

9 46 0.0644625

10 46 0.0707133

11 46 0.0766851

12 46 0.0823542

13 46 0.0876983

14 46 0.0926964

15 46 0.0973285

16 46 0.101577

17 46 0.105424

18 46 0.108855

19 46 0.111856

20 46 0.114417

21 46 0.116525

22 46 0.118174

23 46 0.119356

24 46 0.120067

25 46 0.120305

26 46 0.120067

27 46 0.119356

28 46 0.118174

29 46 0.116525

30 46 0.114417

31 46 0.111856

32 46 0.108855

33 46 0.105424

34 46 0.101577

35 46 0.0973285

36 46 0.0926964

37 46 0.0876983

38 46 0.0823542

39 46 0.0766851

40 46 0.0707133

41 46 0.0644625

42 46 0.0579572

43 46 0.0512232

44 46 0.0442871

45 46 0.0371762

46 46 0.0299186

47 46 0.0225429

48 46 0.0150782

49 46 0.00755399

50 46 0

0 47 0

1 47 0.00569174

2 47 0.011361

3 47 0.0169854

4 47 0.0225429

5 47 0.0280113

6 47 0.0333692

7 47 0.0385954

8 47 0.0436693

9 47 0.0485708

10 47 0.0532806

11 47 0.0577802

12 47 0.0620518

13 47 0.0660784

14 47 0.0698443

15 47 0.0733345

16 47 0.0765353

17 47 0.0794341

18 47 0.0820193

19 47 0.0842809

20 47 0.0862099

21 47 0.0877986

22 47 0.0890408

23 47 0.0899317

24 47 0.0904676

25 47 0.0906464

26 47 0.0904676

27 47 0.0899317

28 47 0.0890408

29 47 0.0877986

30 47 0.0862099

31 47 0.0842809

32 47 0.0820193

33 47 0.0794341

34 47 0.0765353

35 47 0.0733345

36 47 0.0698443

37 47 0.0660784

38 47 0.0620518

39 47 0.0577802

40 47 0.0532806

41 47 0.0485708

42 47 0.0436693

43 47 0.0385954

44 47 0.0333692

45 47 0.0280113

46 47 0.0225429

47 47 0.0169854

48 47 0.011361

49 47 0.00569174

50 47 0

0 48 0

1 48 0.00380702

2 48 0.00759901

3 48 0.011361

4 48 0.0150782

5 48 0.0187358

6 48 0.0223196

7 48 0.0258152

8 48 0.0292089

9 48 0.0324874

10 48 0.0356377

11 48 0.0386473

12 48 0.0415044

13 48 0.0441977

14 48 0.0467166

15 48 0.0490511

16 48 0.051192

17 48 0.0531309

18 48 0.0548601

19 48 0.0563728

20 48 0.057663

21 48 0.0587256

22 48 0.0595565

23 48 0.0601523

24 48 0.0605108

25 48 0.0606304

26 48 0.0605108

27 48 0.0601523

28 48 0.0595565

29 48 0.0587256

30 48 0.057663

31 48 0.0563728

32 48 0.0548601

33 48 0.0531309

34 48 0.051192

35 48 0.0490511

36 48 0.0467166

37 48 0.0441977

38 48 0.0415044

39 48 0.0386473

40 48 0.0356377

41 48 0.0324874

42 48 0.0292089

43 48 0.0258152

44 48 0.0223196

45 48 0.0187358

46 48 0.0150782

47 48 0.011361

48 48 0.00759901

49 48 0.00380702

50 48 0

0 49 0

1 49 0.00190727

2 49 0.00380702

3 49 0.00569174

4 49 0.00755399

5 49 0.00938644

6 49 0.0111818

7 49 0.0129331

8 49 0.0146333

9 49 0.0162758

10 49 0.0178541

11 49 0.0193619

12 49 0.0207932

13 49 0.0221425

14 49 0.0234045

15 49 0.024574

16 49 0.0256466

17 49 0.026618

18 49 0.0274843

19 49 0.0282421

20 49 0.0288885

21 49 0.0294209

22 49 0.0298371

23 49 0.0301356

24 49 0.0303152

25 49 0.0303752

26 49 0.0303152

27 49 0.0301356

28 49 0.0298371

29 49 0.0294209

30 49 0.0288885

31 49 0.0282421

32 49 0.0274843

33 49 0.026618

34 49 0.0256466

35 49 0.024574

36 49 0.0234045

37 49 0.0221425

38 49 0.0207932

39 49 0.0193619

40 49 0.0178541

41 49 0.0162758

42 49 0.0146333

43 49 0.0129331

44 49 0.0111818

45 49 0.00938644

46 49 0.00755399

47 49 0.00569174

48 49 0.00380702

49 49 0.00190727

50 49 0

