0 1 0

1 1 0.00353017

2 1 0.00704642

3 1 0.0105349

4 1 0.0139817

5 1 0.0173734

6 1 0.0206965

7 1 0.0239379

8 1 0.0270849

9 1 0.030125

10 1 0.0330461

11 1 0.0358369

12 1 0.0384862

13 1 0.0409837

14 1 0.0433194

15 1 0.0454841

16 1 0.0474694

17 1 0.0492672

18 1 0.0508707

19 1 0.0522734

20 1 0.0534698

21 1 0.0544552

22 1 0.0552256

23 1 0.0557781

24 1 0.0561105

25 1 0.0562215

26 1 0.0561105

27 1 0.0557781

28 1 0.0552256

29 1 0.0544552

30 1 0.0534698

31 1 0.0522734

32 1 0.0508707

33 1 0.0492672

34 1 0.0474694

35 1 0.0454841

36 1 0.0433194

37 1 0.0409837

38 1 0.0384862

39 1 0.0358369

40 1 0.0330461

41 1 0.030125

42 1 0.0270849

43 1 0.0239379

44 1 0.0206965

45 1 0.0173734

46 1 0.0139817

47 1 0.0105349

48 1 0.00704642

49 1 0.00353017

50 1 0

0 2 0

1 2 0.00704642

2 2 0.014065

3 2 0.0210281

4 2 0.0279082

5 2 0.0346782

6 2 0.0413113

7 2 0.0477814

8 2 0.0540629

9 2 0.060131

10 2 0.0659619

11 2 0.0715324

12 2 0.0768206

13 2 0.0818056

14 2 0.0864678

15 2 0.0907887

16 2 0.0947514

17 2 0.0983401

18 2 0.101541

19 2 0.10434

20 2 0.106729

21 2 0.108695

22 2 0.110233

23 2 0.111336

24 2 0.112

25 2 0.112221

26 2 0.112

27 2 0.111336

28 2 0.110233

29 2 0.108695

30 2 0.106729

31 2 0.10434

32 2 0.101541

33 2 0.0983401

34 2 0.0947514

35 2 0.0907887

36 2 0.0864678

37 2 0.0818056

38 2 0.0768206

39 2 0.0715324

40 2 0.0659619

41 2 0.060131

42 2 0.0540629

43 2 0.0477814

44 2 0.0413113

45 2 0.0346782

46 2 0.0279082

47 2 0.0210281

48 2 0.014065

49 2 0.00704642

50 2 0

0 3 0

1 3 0.0105349

2 3 0.0210281

3 3 0.0314384

4 3 0.0417246

5 3 0.0518462

6 3 0.0617631

7 3 0.0714363

8 3 0.0808275

9 3 0.0898998

10 3 0.0986173

11 3 0.106946

12 3 0.114852

13 3 0.122305

14 3 0.129275

15 3 0.135735

16 3 0.141659

17 3 0.147025

18 3 0.15181

19 3 0.155996

20 3 0.159566

21 3 0.162507

22 3 0.164806

23 3 0.166455

24 3 0.167447

25 3 0.167778

26 3 0.167447

27 3 0.166455

28 3 0.164806

29 3 0.162507

30 3 0.159566

31 3 0.155996

32 3 0.15181

33 3 0.147025

34 3 0.141659

35 3 0.135735

36 3 0.129275

37 3 0.122305

38 3 0.114852

39 3 0.106946

40 3 0.0986173

41 3 0.0898998

42 3 0.0808275

43 3 0.0714363

44 3 0.0617631

45 3 0.0518462

46 3 0.0417246

47 3 0.0314384

48 3 0.0210281

49 3 0.0105349

50 3 0

0 4 0

1 4 0.0139817

2 4 0.0279082

3 4 0.0417246

4 4 0.0553763

5 4 0.0688095

6 4 0.0819711

7 4 0.0948093

8 4 0.107273

9 4 0.119314

10 4 0.130883

11 4 0.141937

12 4 0.15243

13 4 0.162321

14 4 0.171572

15 4 0.180146

16 4 0.188008

17 4 0.195129

18 4 0.20148

19 4 0.207035

20 4 0.211774

21 4 0.215677

22 4 0.218728

23 4 0.220916

24 4 0.222233

25 4 0.222672

26 4 0.222233

27 4 0.220916

28 4 0.218728

29 4 0.215677

30 4 0.211774

31 4 0.207035

32 4 0.20148

33 4 0.195129

34 4 0.188008

35 4 0.180146

36 4 0.171572

37 4 0.162321

38 4 0.15243

39 4 0.141937

40 4 0.130883

41 4 0.119314

42 4 0.107273

43 4 0.0948093

44 4 0.0819711

45 4 0.0688095

46 4 0.0553763

47 4 0.0417246

48 4 0.0279082

49 4 0.0139817

50 4 0

0 5 0

1 5 0.0173734

2 5 0.0346782

3 5 0.0518462

4 5 0.0688095

5 5 0.0855013

6 5 0.101856

7 5 0.117808

8 5 0.133295

9 5 0.148257

10 5 0.162633

11 5 0.176368

12 5 0.189406

13 5 0.201697

14 5 0.213192

15 5 0.223845

16 5 0.233615

17 5 0.242464

18 5 0.250355

19 5 0.257258

20 5 0.263146

21 5 0.267995

22 5 0.271787

23 5 0.274506

24 5 0.276142

25 5 0.276688

26 5 0.276142

27 5 0.274506

28 5 0.271787

29 5 0.267995

30 5 0.263146

31 5 0.257258

32 5 0.250355

33 5 0.242464

34 5 0.233615

35 5 0.223845

36 5 0.213192

37 5 0.201697

38 5 0.189406

39 5 0.176368

40 5 0.162633

41 5 0.148257

42 5 0.133295

43 5 0.117808

44 5 0.101856

45 5 0.0855013

46 5 0.0688095

47 5 0.0518462

48 5 0.0346782

49 5 0.0173734

50 5 0

0 6 0

1 6 0.0206965

2 6 0.0413113

3 6 0.0617631

4 6 0.0819711

5 6 0.101856

6 6 0.121338

7 6 0.140342

8 6 0.158792

9 6 0.176615

10 6 0.193741

11 6 0.210103

12 6 0.225635

13 6 0.240277

14 6 0.25397

15 6 0.266662

16 6 0.278301

17 6 0.288841

18 6 0.298242

19 6 0.306465

20 6 0.31348

21 6 0.319257

22 6 0.323774

23 6 0.327013

24 6 0.328961

25 6 0.329612

26 6 0.328961

27 6 0.327013

28 6 0.323774

29 6 0.319257

30 6 0.31348

31 6 0.306465

32 6 0.298242

33 6 0.288841

34 6 0.278301

35 6 0.266662

36 6 0.25397

37 6 0.240277

38 6 0.225635

39 6 0.210103

40 6 0.193741

41 6 0.176615

42 6 0.158792

43 6 0.140342

44 6 0.121338

45 6 0.101856

46 6 0.0819711

47 6 0.0617631

48 6 0.0413113

49 6 0.0206965

50 6 0

0 7 0

1 7 0.0239379

2 7 0.0477814

3 7 0.0714363

4 7 0.0948093

5 7 0.117808

6 7 0.140342

7 7 0.162322

8 7 0.183661

9 7 0.204276

10 7 0.224084

11 7 0.243008

12 7 0.260973

13 7 0.277908

14 7 0.293747

15 7 0.308425

16 7 0.321887

17 7 0.334079

18 7 0.344952

19 7 0.354463

20 7 0.362576

21 7 0.369258

22 7 0.374482

23 7 0.378229

24 7 0.380483

25 7 0.381235

26 7 0.380483

27 7 0.378229

28 7 0.374482

29 7 0.369258

30 7 0.362576

31 7 0.354463

32 7 0.344952

33 7 0.334079

34 7 0.321887

35 7 0.308425

36 7 0.293747

37 7 0.277908

38 7 0.260973

39 7 0.243008

40 7 0.224084

41 7 0.204276

42 7 0.183661

43 7 0.162322

44 7 0.140342

45 7 0.117808

46 7 0.0948093

47 7 0.0714363

48 7 0.0477814

49 7 0.0239379

50 7 0

0 8 0

1 8 0.0270849

2 8 0.0540629

3 8 0.0808275

4 8 0.107273

5 8 0.133295

6 8 0.158792

7 8 0.183661

8 8 0.207806

9 8 0.231131

10 8 0.253543

11 8 0.274955

12 8 0.295282

13 8 0.314443

14 8 0.332363

15 8 0.348972

16 8 0.364204

17 8 0.377998

18 8 0.3903

19 8 0.401062

20 8 0.410241

21 8 0.417802

22 8 0.423713

23 8 0.427952

24 8 0.430502

25 8 0.431353

26 8 0.430502

27 8 0.427952

28 8 0.423713

29 8 0.417802

30 8 0.410241

31 8 0.401062

32 8 0.3903

33 8 0.377998

34 8 0.364204

35 8 0.348972

36 8 0.332363

37 8 0.314443

38 8 0.295282

39 8 0.274955

40 8 0.253543

41 8 0.231131

42 8 0.207806

43 8 0.183661

44 8 0.158792

45 8 0.133295

46 8 0.107273

47 8 0.0808275

48 8 0.0540629

49 8 0.0270849

50 8 0

0 9 0

1 9 0.030125

2 9 0.060131

3 9 0.0898998

4 9 0.119314

5 9 0.148257

6 9 0.176615

7 9 0.204276

8 9 0.231131

9 9 0.257073

10 9 0.282001

11 9 0.305816

12 9 0.328425

13 9 0.349737

14 9 0.369669

15 9 0.388142

16 9 0.405083

17 9 0.420425

18 9 0.434108

19 9 0.446078

20 9 0.456288

21 9 0.464697

22 9 0.471271

23 9 0.475986

24 9 0.478823

25 9 0.479769

26 9 0.478823

27 9 0.475986

28 9 0.471271

29 9 0.464697

30 9 0.456288

31 9 0.446078

32 9 0.434108

33 9 0.420425

34 9 0.405083

35 9 0.388142

36 9 0.369669

37 9 0.349737

38 9 0.328425

39 9 0.305816

40 9 0.282001

41 9 0.257073

42 9 0.231131

43 9 0.204276

44 9 0.176615

45 9 0.148257

46 9 0.119314

47 9 0.0898998

48 9 0.060131

49 9 0.030125

50 9 0

0 10 0

1 10 0.0330461

2 10 0.0659619

3 10 0.0986173

4 10 0.130883

5 10 0.162633

6 10 0.193741

7 10 0.224084

8 10 0.253543

9 10 0.282001

10 10 0.309347

11 10 0.335471

12 10 0.360272

13 10 0.38365

14 10 0.405515

15 10 0.425779

16 10 0.444363

17 10 0.461193

18 10 0.476203

19 10 0.489334

20 10 0.500533

21 10 0.509758

22 10 0.51697

23 10 0.522142

24 10 0.525253

25 10 0.526292

26 10 0.525253

27 10 0.522142

28 10 0.51697

29 10 0.509758

30 10 0.500533

31 10 0.489334

32 10 0.476203

33 10 0.461193

34 10 0.444363

35 10 0.425779

36 10 0.405515

37 10 0.38365

38 10 0.360272

39 10 0.335471

40 10 0.309347

41 10 0.282001

42 10 0.253543

43 10 0.224084

44 10 0.193741

45 10 0.162633

46 10 0.130883

47 10 0.0986173

48 10 0.0659619

49 10 0.0330461

50 10 0

0 11 0

1 11 0.0358369

2 11 0.0715324

3 11 0.106946

4 11 0.141937

5 11 0.176368

6 11 0.210103

7 11 0.243008

8 11 0.274955

9 11 0.305816

10 11 0.335471

11 11 0.363802

12 11 0.390697

13 11 0.41605

14 11 0.439761

15 11 0.461736

16 11 0.48189

17 11 0.500141

18 11 0.516419

19 11 0.530658

20 11 0.542804

21 11 0.552807

22 11 0.560628

23 11 0.566237

24 11 0.569611

25 11 0.570738

26 11 0.569611

27 11 0.566237

28 11 0.560628

29 11 0.552807

30 11 0.542804

31 11 0.530658

32 11 0.516419

33 11 0.500141

34 11 0.48189

35 11 0.461736

36 11 0.439761

37 11 0.41605

38 11 0.390697

39 11 0.363802

40 11 0.335471

41 11 0.305816

42 11 0.274955

43 11 0.243008

44 11 0.210103

45 11 0.176368

46 11 0.141937

47 11 0.106946

48 11 0.0715324

49 11 0.0358369

50 11 0

0 12 0

1 12 0.0384862

2 12 0.0768206

3 12 0.114852

4 12 0.15243

5 12 0.189406

6 12 0.225635

7 12 0.260973

8 12 0.295282

9 12 0.328425

10 12 0.360272

11 12 0.390697

12 12 0.41958

13 12 0.446807

14 12 0.472271

15 12 0.495871

16 12 0.517515

17 12 0.537115

18 12 0.554596

19 12 0.569889

20 12 0.582932

21 12 0.593674

22 12 0.602074

23 12 0.608098

24 12 0.611721

25 12 0.612931

26 12 0.611721

27 12 0.608098

28 12 0.602074

29 12 0.593674

30 12 0.582932

31 12 0.569889

32 12 0.554596

33 12 0.537115

34 12 0.517515

35 12 0.495871

36 12 0.472271

37 12 0.446807

38 12 0.41958

39 12 0.390697

40 12 0.360272

41 12 0.328425

42 12 0.295282

43 12 0.260973

44 12 0.225635

45 12 0.189406

46 12 0.15243

47 12 0.114852

48 12 0.0768206

49 12 0.0384862

50 12 0

0 13 0

1 13 0.0409837

2 13 0.0818056

3 13 0.122305

4 13 0.162321

5 13 0.201697

6 13 0.240277

7 13 0.277908

8 13 0.314443

9 13 0.349737

10 13 0.38365

11 13 0.41605

12 13 0.446807

13 13 0.475801

14 13 0.502918

15 13 0.528049

16 13 0.551097

17 13 0.57197

18 13 0.590585

19 13 0.60687

20 13 0.620759

21 13 0.632199

22 13 0.641144

23 13 0.647558

24 13 0.651417

25 13 0.652705

26 13 0.651417

27 13 0.647558

28 13 0.641144

29 13 0.632199

30 13 0.620759

31 13 0.60687

32 13 0.590585

33 13 0.57197

34 13 0.551097

35 13 0.528049

36 13 0.502918

37 13 0.475801

38 13 0.446807

39 13 0.41605

40 13 0.38365

41 13 0.349737

42 13 0.314443

43 13 0.277908

44 13 0.240277

45 13 0.201697

46 13 0.162321

47 13 0.122305

48 13 0.0818056

49 13 0.0409837

50 13 0

0 14 0

1 14 0.0433194

2 14 0.0864678

3 14 0.129275

4 14 0.171572

5 14 0.213192

6 14 0.25397

7 14 0.293747

8 14 0.332363

9 14 0.369669

10 14 0.405515

11 14 0.439761

12 14 0.472271

13 14 0.502918

14 14 0.53158

15 14 0.558143

16 14 0.582505

17 14 0.604567

18 14 0.624243

19 14 0.641456

20 14 0.656137

21 14 0.668229

22 14 0.677683

23 14 0.684463

24 14 0.688542

25 14 0.689903

26 14 0.688542

27 14 0.684463

28 14 0.677683

29 14 0.668229

30 14 0.656137

31 14 0.641456

32 14 0.624243

33 14 0.604567

34 14 0.582505

35 14 0.558143

36 14 0.53158

37 14 0.502918

38 14 0.472271

39 14 0.439761

40 14 0.405515

41 14 0.369669

42 14 0.332363

43 14 0.293747

44 14 0.25397

45 14 0.213192

46 14 0.171572

47 14 0.129275

48 14 0.0864678

49 14 0.0433194

50 14 0

0 15 0

1 15 0.0454841

2 15 0.0907887

3 15 0.135735

4 15 0.180146

5 15 0.223845

6 15 0.266662

7 15 0.308425

8 15 0.348972

9 15 0.388142

10 15 0.425779

11 15 0.461736

12 15 0.495871

13 15 0.528049

14 15 0.558143

15 15 0.586035

16 15 0.611613

17 15 0.634778

18 15 0.655438

19 15 0.67351

20 15 0.688925

21 15 0.701621

22 15 0.711548

23 15 0.718667

24 15 0.722949

25 15 0.724379

26 15 0.722949

27 15 0.718667

28 15 0.711548

29 15 0.701621

30 15 0.688925

31 15 0.67351

32 15 0.655438

33 15 0.634778

34 15 0.611613

35 15 0.586035

36 15 0.558143

37 15 0.528049

38 15 0.495871

39 15 0.461736

40 15 0.425779

41 15 0.388142

42 15 0.348972

43 15 0.308425

44 15 0.266662

45 15 0.223845

46 15 0.180146

47 15 0.135735

48 15 0.0907887

49 15 0.0454841

50 15 0

0 16 0

1 16 0.0474694

2 16 0.0947514

3 16 0.141659

4 16 0.188008

5 16 0.233615

6 16 0.278301

7 16 0.321887

8 16 0.364204

9 16 0.405083

10 16 0.444363

11 16 0.48189

12 16 0.517515

13 16 0.551097

14 16 0.582505

15 16 0.611613

16 16 0.638308

17 16 0.662484

18 16 0.684045

19 16 0.702907

20 16 0.718994

21 16 0.732245

22 16 0.742605

23 16 0.750034

24 16 0.754504

25 16 0.755996

26 16 0.754504

27 16 0.750034

28 16 0.742605

29 16 0.732245

30 16 0.718994

31 16 0.702907

32 16 0.684045

33 16 0.662484

34 16 0.638308

35 16 0.611613

36 16 0.582505

37 16 0.551097

38 16 0.517515

39 16 0.48189

40 16 0.444363

41 16 0.405083

42 16 0.364204

43 16 0.321887

44 16 0.278301

45 16 0.233615

46 16 0.188008

47 16 0.141659

48 16 0.0947514

49 16 0.0474694

50 16 0

0 17 0

1 17 0.0492672

2 17 0.0983401

3 17 0.147025

4 17 0.195129

5 17 0.242464

6 17 0.288841

7 17 0.334079

8 17 0.377998

9 17 0.420425

10 17 0.461193

11 17 0.500141

12 17 0.537115

13 17 0.57197

14 17 0.604567

15 17 0.634778

16 17 0.662484

17 17 0.687575

18 17 0.709953

19 17 0.729529

20 17 0.746226

21 17 0.759978

22 17 0.770731

23 17 0.778442

24 17 0.78308

25 17 0.784629

26 17 0.78308

27 17 0.778442

28 17 0.770731

29 17 0.759978

30 17 0.746226

31 17 0.729529

32 17 0.709953

33 17 0.687575

34 17 0.662484

35 17 0.634778

36 17 0.604567

37 17 0.57197

38 17 0.537115

39 17 0.500141

40 17 0.461193

41 17 0.420425

42 17 0.377998

43 17 0.334079

44 17 0.288841

45 17 0.242464

46 17 0.195129

47 17 0.147025

48 17 0.0983401

49 17 0.0492672

50 17 0

0 18 0

1 18 0.0508707

2 18 0.101541

3 18 0.15181

4 18 0.20148

5 18 0.250355

6 18 0.298242

7 18 0.344952

8 18 0.3903

9 18 0.434108

10 18 0.476203

11 18 0.516419

12 18 0.554596

13 18 0.590585

14 18 0.624243

15 18 0.655438

16 18 0.684045

17 18 0.709953

18 18 0.733059

19 18 0.753273

20 18 0.770513

21 18 0.784712

22 18 0.795815

23 18 0.803777

24 18 0.808567

25 18 0.810165

26 18 0.808567

27 18 0.803777

28 18 0.795815

29 18 0.784712

30 18 0.770513

31 18 0.753273

32 18 0.733059

33 18 0.709953

34 18 0.684045

35 18 0.655438

36 18 0.624243

37 18 0.590585

38 18 0.554596

39 18 0.516419

40 18 0.476203

41 18 0.434108

42 18 0.3903

43 18 0.344952

44 18 0.298242

45 18 0.250355

46 18 0.20148

47 18 0.15181

48 18 0.101541

49 18 0.0508707

50 18 0

0 19 0

1 19 0.0522734

2 19 0.10434

3 19 0.155996

4 19 0.207035

5 19 0.257258

6 19 0.306465

7 19 0.354463

8 19 0.401062

9 19 0.446078

10 19 0.489334

11 19 0.530658

12 19 0.569889

13 19 0.60687

14 19 0.641456

15 19 0.67351

16 19 0.702907

17 19 0.729529

18 19 0.753273

19 19 0.774043

20 19 0.791759

21 19 0.80635

22 19 0.817759

23 19 0.82594

24 19 0.830862

25 19 0.832505

26 19 0.830862

27 19 0.82594

28 19 0.817759

29 19 0.80635

30 19 0.791759

31 19 0.774043

32 19 0.753273

33 19 0.729529

34 19 0.702907

35 19 0.67351

36 19 0.641456

37 19 0.60687

38 19 0.569889

39 19 0.530658

40 19 0.489334

41 19 0.446078

42 19 0.401062

43 19 0.354463

44 19 0.306465

45 19 0.257258

46 19 0.207035

47 19 0.155996

48 19 0.10434

49 19 0.0522734

50 19 0

0 20 0

1 20 0.0534698

2 20 0.106729

3 20 0.159566

4 20 0.211774

5 20 0.263146

6 20 0.31348

7 20 0.362576

8 20 0.410241

9 20 0.456288

10 20 0.500533

11 20 0.542804

12 20 0.582932

13 20 0.620759

14 20 0.656137

15 20 0.688925

16 20 0.718994

17 20 0.746226

18 20 0.770513

19 20 0.791759

20 20 0.80988

21 20 0.824805

22 20 0.836475

23 20 0.844844

24 20 0.849878

25 20 0.851558

26 20 0.849878

27 20 0.844844

28 20 0.836475

29 20 0.824805

30 20 0.80988

31 20 0.791759

32 20 0.770513

33 20 0.746226

34 20 0.718994

35 20 0.688925

36 20 0.656137

37 20 0.620759

38 20 0.582932

39 20 0.542804

40 20 0.500533

41 20 0.456288

42 20 0.410241

43 20 0.362576

44 20 0.31348

45 20 0.263146

46 20 0.211774

47 20 0.159566

48 20 0.106729

49 20 0.0534698

50 20 0

0 21 0

1 21 0.0544552

2 21 0.108695

3 21 0.162507

4 21 0.215677

5 21 0.267995

6 21 0.319257

7 21 0.369258

8 21 0.417802

9 21 0.464697

10 21 0.509758

11 21 0.552807

12 21 0.593674

13 21 0.632199

14 21 0.668229

15 21 0.701621

16 21 0.732245

17 21 0.759978

18 21 0.784712

19 21 0.80635

20 21 0.824805

21 21 0.840005

22 21 0.85189

23 21 0.860413

24 21 0.86554

25 21 0.867251

26 21 0.86554

27 21 0.860413

28 21 0.85189

29 21 0.840005

30 21 0.824805

31 21 0.80635

32 21 0.784712

33 21 0.759978

34 21 0.732245

35 21 0.701621

36 21 0.668229

37 21 0.632199

38 21 0.593674

39 21 0.552807

40 21 0.509758

41 21 0.464697

42 21 0.417802

43 21 0.369258

44 21 0.319257

45 21 0.267995

46 21 0.215677

47 21 0.162507

48 21 0.108695

49 21 0.0544552

50 21 0

0 22 0

1 22 0.0552256

2 22 0.110233

3 22 0.164806

4 22 0.218728

5 22 0.271787

6 22 0.323774

7 22 0.374482

8 22 0.423713

9 22 0.471271

10 22 0.51697

11 22 0.560628

12 22 0.602074

13 22 0.641144

14 22 0.677683

15 22 0.711548

16 22 0.742605

17 22 0.770731

18 22 0.795815

19 22 0.817759

20 22 0.836475

21 22 0.85189

22 22 0.863943

23 22 0.872586

24 22 0.877786

25 22 0.879522

26 22 0.877786

27 22 0.872586

28 22 0.863943

29 22 0.85189

30 22 0.836475

31 22 0.817759

32 22 0.795815

33 22 0.770731

34 22 0.742605

35 22 0.711548

36 22 0.677683

37 22 0.641144

38 22 0.602074

39 22 0.560628

40 22 0.51697

41 22 0.471271

42 22 0.423713

43 22 0.374482

44 22 0.323774

45 22 0.271787

46 22 0.218728

47 22 0.164806

48 22 0.110233

49 22 0.0552256

50 22 0

0 23 0

1 23 0.0557781

2 23 0.111336

3 23 0.166455

4 23 0.220916

5 23 0.274506

6 23 0.327013

7 23 0.378229

8 23 0.427952

9 23 0.475986

10 23 0.522142

11 23 0.566237

12 23 0.608098

13 23 0.647558

14 23 0.684463

15 23 0.718667

16 23 0.750034

17 23 0.778442

18 23 0.803777

19 23 0.82594

20 23 0.844844

21 23 0.860413

22 23 0.872586

23 23 0.881316

24 23 0.886568

25 23 0.888321

26 23 0.886568

27 23 0.881316

28 23 0.872586

29 23 0.860413

30 23 0.844844

31 23 0.82594

32 23 0.803777

33 23 0.778442

34 23 0.750034

35 23 0.718667

36 23 0.684463

37 23 0.647558

38 23 0.608098

39 23 0.566237

40 23 0.522142

41 23 0.475986

42 23 0.427952

43 23 0.378229

44 23 0.327013

45 23 0.274506

46 23 0.220916

47 23 0.166455

48 23 0.111336

49 23 0.0557781

50 23 0

0 24 0

1 24 0.0561105

2 24 0.112

3 24 0.167447

4 24 0.222233

5 24 0.276142

6 24 0.328961

7 24 0.380483

8 24 0.430502

9 24 0.478823

10 24 0.525253

11 24 0.569611

12 24 0.611721

13 24 0.651417

14 24 0.688542

15 24 0.722949

16 24 0.754504

17 24 0.78308

18 24 0.808567

19 24 0.830862

20 24 0.849878

21 24 0.86554

22 24 0.877786

23 24 0.886568

24 24 0.891851

25 24 0.893615

26 24 0.891851

27 24 0.886568

28 24 0.877786

29 24 0.86554

30 24 0.849878

31 24 0.830862

32 24 0.808567

33 24 0.78308

34 24 0.754504

35 24 0.722949

36 24 0.688542

37 24 0.651417

38 24 0.611721

39 24 0.569611

40 24 0.525253

41 24 0.478823

42 24 0.430502

43 24 0.380483

44 24 0.328961

45 24 0.276142

46 24 0.222233

47 24 0.167447

48 24 0.112

49 24 0.0561105

50 24 0

0 25 0

1 25 0.0562215

2 25 0.112221

3 25 0.167778

4 25 0.222672

5 25 0.276688

6 25 0.329612

7 25 0.381235

8 25 0.431353

9 25 0.479769

10 25 0.526292

11 25 0.570738

12 25 0.612931

13 25 0.652705

14 25 0.689903

15 25 0.724379

16 25 0.755996

17 25 0.784629

18 25 0.810165

19 25 0.832505

20 25 0.851558

21 25 0.867251

22 25 0.879522

23 25 0.888321

24 25 0.893615

25 25 0.895381

26 25 0.893615

27 25 0.888321

28 25 0.879522

29 25 0.867251

30 25 0.851558

31 25 0.832505

32 25 0.810165

33 25 0.784629

34 25 0.755996

35 25 0.724379

36 25 0.689903

37 25 0.652705

38 25 0.612931

39 25 0.570738

40 25 0.526292

41 25 0.479769

42 25 0.431353

43 25 0.381235

44 25 0.329612

45 25 0.276688

46 25 0.222672

47 25 0.167778

48 25 0.112221

49 25 0.0562215

50 25 0

0 26 0

1 26 0.0561105

2 26 0.112

3 26 0.167447

4 26 0.222233

5 26 0.276142

6 26 0.328961

7 26 0.380483

8 26 0.430502

9 26 0.478823

10 26 0.525253

11 26 0.569611

12 26 0.611721

13 26 0.651417

14 26 0.688542

15 26 0.722949

16 26 0.754504

17 26 0.78308

18 26 0.808567

19 26 0.830862

20 26 0.849878

21 26 0.86554

22 26 0.877786

23 26 0.886568

24 26 0.891851

25 26 0.893615

26 26 0.891851

27 26 0.886568

28 26 0.877786

29 26 0.86554

30 26 0.849878

31 26 0.830862

32 26 0.808567

33 26 0.78308

34 26 0.754504

35 26 0.722949

36 26 0.688542

37 26 0.651417

38 26 0.611721

39 26 0.569611

40 26 0.525253

41 26 0.478823

42 26 0.430502

43 26 0.380483

44 26 0.328961

45 26 0.276142

46 26 0.222233

47 26 0.167447

48 26 0.112

49 26 0.0561105

50 26 0

0 27 0

1 27 0.0557781

2 27 0.111336

3 27 0.166455

4 27 0.220916

5 27 0.274506

6 27 0.327013

7 27 0.378229

8 27 0.427952

9 27 0.475986

10 27 0.522142

11 27 0.566237

12 27 0.608098

13 27 0.647558

14 27 0.684463

15 27 0.718667

16 27 0.750034

17 27 0.778442

18 27 0.803777

19 27 0.82594

20 27 0.844844

21 27 0.860413

22 27 0.872586

23 27 0.881316

24 27 0.886568

25 27 0.888321

26 27 0.886568

27 27 0.881316

28 27 0.872586

29 27 0.860413

30 27 0.844844

31 27 0.82594

32 27 0.803777

33 27 0.778442

34 27 0.750034

35 27 0.718667

36 27 0.684463

37 27 0.647558

38 27 0.608098

39 27 0.566237

40 27 0.522142

41 27 0.475986

42 27 0.427952

43 27 0.378229

44 27 0.327013

45 27 0.274506

46 27 0.220916

47 27 0.166455

48 27 0.111336

49 27 0.0557781

50 27 0

0 28 0

1 28 0.0552256

2 28 0.110233

3 28 0.164806

4 28 0.218728

5 28 0.271787

6 28 0.323774

7 28 0.374482

8 28 0.423713

9 28 0.471271

10 28 0.51697

11 28 0.560628

12 28 0.602074

13 28 0.641144

14 28 0.677683

15 28 0.711548

16 28 0.742605

17 28 0.770731

18 28 0.795815

19 28 0.817759

20 28 0.836475

21 28 0.85189

22 28 0.863943

23 28 0.872586

24 28 0.877786

25 28 0.879522

26 28 0.877786

27 28 0.872586

28 28 0.863943

29 28 0.85189

30 28 0.836475

31 28 0.817759

32 28 0.795815

33 28 0.770731

34 28 0.742605

35 28 0.711548

36 28 0.677683

37 28 0.641144

38 28 0.602074

39 28 0.560628

40 28 0.51697

41 28 0.471271

42 28 0.423713

43 28 0.374482

44 28 0.323774

45 28 0.271787

46 28 0.218728

47 28 0.164806

48 28 0.110233

49 28 0.0552256

50 28 0

0 29 0

1 29 0.0544552

2 29 0.108695

3 29 0.162507

4 29 0.215677

5 29 0.267995

6 29 0.319257

7 29 0.369258

8 29 0.417802

9 29 0.464697

10 29 0.509758

11 29 0.552807

12 29 0.593674

13 29 0.632199

14 29 0.668229

15 29 0.701621

16 29 0.732245

17 29 0.759978

18 29 0.784712

19 29 0.80635

20 29 0.824805

21 29 0.840005

22 29 0.85189

23 29 0.860413

24 29 0.86554

25 29 0.867251

26 29 0.86554

27 29 0.860413

28 29 0.85189

29 29 0.840005

30 29 0.824805

31 29 0.80635

32 29 0.784712

33 29 0.759978

34 29 0.732245

35 29 0.701621

36 29 0.668229

37 29 0.632199

38 29 0.593674

39 29 0.552807

40 29 0.509758

41 29 0.464697

42 29 0.417802

43 29 0.369258

44 29 0.319257

45 29 0.267995

46 29 0.215677

47 29 0.162507

48 29 0.108695

49 29 0.0544552

50 29 0

0 30 0

1 30 0.0534698

2 30 0.106729

3 30 0.159566

4 30 0.211774

5 30 0.263146

6 30 0.31348

7 30 0.362576

8 30 0.410241

9 30 0.456288

10 30 0.500533

11 30 0.542804

12 30 0.582932

13 30 0.620759

14 30 0.656137

15 30 0.688925

16 30 0.718994

17 30 0.746226

18 30 0.770513

19 30 0.791759

20 30 0.80988

21 30 0.824805

22 30 0.836475

23 30 0.844844

24 30 0.849878

25 30 0.851558

26 30 0.849878

27 30 0.844844

28 30 0.836475

29 30 0.824805

30 30 0.80988

31 30 0.791759

32 30 0.770513

33 30 0.746226

34 30 0.718994

35 30 0.688925

36 30 0.656137

37 30 0.620759

38 30 0.582932

39 30 0.542804

40 30 0.500533

41 30 0.456288

42 30 0.410241

43 30 0.362576

44 30 0.31348

45 30 0.263146

46 30 0.211774

47 30 0.159566

48 30 0.106729

49 30 0.0534698

50 30 0

0 31 0

1 31 0.0522734

2 31 0.10434

3 31 0.155996

4 31 0.207035

5 31 0.257258

6 31 0.306465

7 31 0.354463

8 31 0.401062

9 31 0.446078

10 31 0.489334

11 31 0.530658

12 31 0.569889

13 31 0.60687

14 31 0.641456

15 31 0.67351

16 31 0.702907

17 31 0.729529

18 31 0.753273

19 31 0.774043

20 31 0.791759

21 31 0.80635

22 31 0.817759

23 31 0.82594

24 31 0.830862

25 31 0.832505

26 31 0.830862

27 31 0.82594

28 31 0.817759

29 31 0.80635

30 31 0.791759

31 31 0.774043

32 31 0.753273

33 31 0.729529

34 31 0.702907

35 31 0.67351

36 31 0.641456

37 31 0.60687

38 31 0.569889

39 31 0.530658

40 31 0.489334

41 31 0.446078

42 31 0.401062

43 31 0.354463

44 31 0.306465

45 31 0.257258

46 31 0.207035

47 31 0.155996

48 31 0.10434

49 31 0.0522734

50 31 0

0 32 0

1 32 0.0508707

2 32 0.101541

3 32 0.15181

4 32 0.20148

5 32 0.250355

6 32 0.298242

7 32 0.344952

8 32 0.3903

9 32 0.434108

10 32 0.476203

11 32 0.516419

12 32 0.554596

13 32 0.590585

14 32 0.624243

15 32 0.655438

16 32 0.684045

17 32 0.709953

18 32 0.733059

19 32 0.753273

20 32 0.770513

21 32 0.784712

22 32 0.795815

23 32 0.803777

24 32 0.808567

25 32 0.810165

26 32 0.808567

27 32 0.803777

28 32 0.795815

29 32 0.784712

30 32 0.770513

31 32 0.753273

32 32 0.733059

33 32 0.709953

34 32 0.684045

35 32 0.655438

36 32 0.624243

37 32 0.590585

38 32 0.554596

39 32 0.516419

40 32 0.476203

41 32 0.434108

42 32 0.3903

43 32 0.344952

44 32 0.298242

45 32 0.250355

46 32 0.20148

47 32 0.15181

48 32 0.101541

49 32 0.0508707

50 32 0

0 33 0

1 33 0.0492672

2 33 0.0983401

3 33 0.147025

4 33 0.195129

5 33 0.242464

6 33 0.288841

7 33 0.334079

8 33 0.377998

9 33 0.420425

10 33 0.461193

11 33 0.500141

12 33 0.537115

13 33 0.57197

14 33 0.604567

15 33 0.634778

16 33 0.662484

17 33 0.687575

18 33 0.709953

19 33 0.729529

20 33 0.746226

21 33 0.759978

22 33 0.770731

23 33 0.778442

24 33 0.78308

25 33 0.784629

26 33 0.78308

27 33 0.778442

28 33 0.770731

29 33 0.759978

30 33 0.746226

31 33 0.729529

32 33 0.709953

33 33 0.687575

34 33 0.662484

35 33 0.634778

36 33 0.604567

37 33 0.57197

38 33 0.537115

39 33 0.500141

40 33 0.461193

41 33 0.420425

42 33 0.377998

43 33 0.334079

44 33 0.288841

45 33 0.242464

46 33 0.195129

47 33 0.147025

48 33 0.0983401

49 33 0.0492672

50 33 0

0 34 0

1 34 0.0474694

2 34 0.0947514

3 34 0.141659

4 34 0.188008

5 34 0.233615

6 34 0.278301

7 34 0.321887

8 34 0.364204

9 34 0.405083

10 34 0.444363

11 34 0.48189

12 34 0.517515

13 34 0.551097

14 34 0.582505

15 34 0.611613

16 34 0.638308

17 34 0.662484

18 34 0.684045

19 34 0.702907

20 34 0.718994

21 34 0.732245

22 34 0.742605

23 34 0.750034

24 34 0.754504

25 34 0.755996

26 34 0.754504

27 34 0.750034

28 34 0.742605

29 34 0.732245

30 34 0.718994

31 34 0.702907

32 34 0.684045

33 34 0.662484

34 34 0.638308

35 34 0.611613

36 34 0.582505

37 34 0.551097

38 34 0.517515

39 34 0.48189

40 34 0.444363

41 34 0.405083

42 34 0.364204

43 34 0.321887

44 34 0.278301

45 34 0.233615

46 34 0.188008

47 34 0.141659

48 34 0.0947514

49 34 0.0474694

50 34 0

0 35 0

1 35 0.0454841

2 35 0.0907887

3 35 0.135735

4 35 0.180146

5 35 0.223845

6 35 0.266662

7 35 0.308425

8 35 0.348972

9 35 0.388142

10 35 0.425779

11 35 0.461736

12 35 0.495871

13 35 0.528049

14 35 0.558143

15 35 0.586035

16 35 0.611613

17 35 0.634778

18 35 0.655438

19 35 0.67351

20 35 0.688925

21 35 0.701621

22 35 0.711548

23 35 0.718667

24 35 0.722949

25 35 0.724379

26 35 0.722949

27 35 0.718667

28 35 0.711548

29 35 0.701621

30 35 0.688925

31 35 0.67351

32 35 0.655438

33 35 0.634778

34 35 0.611613

35 35 0.586035

36 35 0.558143

37 35 0.528049

38 35 0.495871

39 35 0.461736

40 35 0.425779

41 35 0.388142

42 35 0.348972

43 35 0.308425

44 35 0.266662

45 35 0.223845

46 35 0.180146

47 35 0.135735

48 35 0.0907887

49 35 0.0454841

50 35 0

0 36 0

1 36 0.0433194

2 36 0.0864678

3 36 0.129275

4 36 0.171572

5 36 0.213192

6 36 0.25397

7 36 0.293747

8 36 0.332363

9 36 0.369669

10 36 0.405515

11 36 0.439761

12 36 0.472271

13 36 0.502918

14 36 0.53158

15 36 0.558143

16 36 0.582505

17 36 0.604567

18 36 0.624243

19 36 0.641456

20 36 0.656137

21 36 0.668229

22 36 0.677683

23 36 0.684463

24 36 0.688542

25 36 0.689903

26 36 0.688542

27 36 0.684463

28 36 0.677683

29 36 0.668229

30 36 0.656137

31 36 0.641456

32 36 0.624243

33 36 0.604567

34 36 0.582505

35 36 0.558143

36 36 0.53158

37 36 0.502918

38 36 0.472271

39 36 0.439761

40 36 0.405515

41 36 0.369669

42 36 0.332363

43 36 0.293747

44 36 0.25397

45 36 0.213192

46 36 0.171572

47 36 0.129275

48 36 0.0864678

49 36 0.0433194

50 36 0

0 37 0

1 37 0.0409837

2 37 0.0818056

3 37 0.122305

4 37 0.162321

5 37 0.201697

6 37 0.240277

7 37 0.277908

8 37 0.314443

9 37 0.349737

10 37 0.38365

11 37 0.41605

12 37 0.446807

13 37 0.475801

14 37 0.502918

15 37 0.528049

16 37 0.551097

17 37 0.57197

18 37 0.590585

19 37 0.60687

20 37 0.620759

21 37 0.632199

22 37 0.641144

23 37 0.647558

24 37 0.651417

25 37 0.652705

26 37 0.651417

27 37 0.647558

28 37 0.641144

29 37 0.632199

30 37 0.620759

31 37 0.60687

32 37 0.590585

33 37 0.57197

34 37 0.551097

35 37 0.528049

36 37 0.502918

37 37 0.475801

38 37 0.446807

39 37 0.41605

40 37 0.38365

41 37 0.349737

42 37 0.314443

43 37 0.277908

44 37 0.240277

45 37 0.201697

46 37 0.162321

47 37 0.122305

48 37 0.0818056

49 37 0.0409837

50 37 0

0 38 0

1 38 0.0384862

2 38 0.0768206

3 38 0.114852

4 38 0.15243

5 38 0.189406

6 38 0.225635

7 38 0.260973

8 38 0.295282

9 38 0.328425

10 38 0.360272

11 38 0.390697

12 38 0.41958

13 38 0.446807

14 38 0.472271

15 38 0.495871

16 38 0.517515

17 38 0.537115

18 38 0.554596

19 38 0.569889

20 38 0.582932

21 38 0.593674

22 38 0.602074

23 38 0.608098

24 38 0.611721

25 38 0.612931

26 38 0.611721

27 38 0.608098

28 38 0.602074

29 38 0.593674

30 38 0.582932

31 38 0.569889

32 38 0.554596

33 38 0.537115

34 38 0.517515

35 38 0.495871

36 38 0.472271

37 38 0.446807

38 38 0.41958

39 38 0.390697

40 38 0.360272

41 38 0.328425

42 38 0.295282

43 38 0.260973

44 38 0.225635

45 38 0.189406

46 38 0.15243

47 38 0.114852

48 38 0.0768206

49 38 0.0384862

50 38 0

0 39 0

1 39 0.0358369

2 39 0.0715324

3 39 0.106946

4 39 0.141937

5 39 0.176368

6 39 0.210103

7 39 0.243008

8 39 0.274955

9 39 0.305816

10 39 0.335471

11 39 0.363802

12 39 0.390697

13 39 0.41605

14 39 0.439761

15 39 0.461736

16 39 0.48189

17 39 0.500141

18 39 0.516419

19 39 0.530658

20 39 0.542804

21 39 0.552807

22 39 0.560628

23 39 0.566237

24 39 0.569611

25 39 0.570738

26 39 0.569611

27 39 0.566237

28 39 0.560628

29 39 0.552807

30 39 0.542804

31 39 0.530658

32 39 0.516419

33 39 0.500141

34 39 0.48189

35 39 0.461736

36 39 0.439761

37 39 0.41605

38 39 0.390697

39 39 0.363802

40 39 0.335471

41 39 0.305816

42 39 0.274955

43 39 0.243008

44 39 0.210103

45 39 0.176368

46 39 0.141937

47 39 0.106946

48 39 0.0715324

49 39 0.0358369

50 39 0

0 40 0

1 40 0.0330461

2 40 0.0659619

3 40 0.0986173

4 40 0.130883

5 40 0.162633

6 40 0.193741

7 40 0.224084

8 40 0.253543

9 40 0.282001

10 40 0.309347

11 40 0.335471

12 40 0.360272

13 40 0.38365

14 40 0.405515

15 40 0.425779

16 40 0.444363

17 40 0.461193

18 40 0.476203

19 40 0.489334

20 40 0.500533

21 40 0.509758

22 40 0.51697

23 40 0.522142

24 40 0.525253

25 40 0.526292

26 40 0.525253

27 40 0.522142

28 40 0.51697

29 40 0.509758

30 40 0.500533

31 40 0.489334

32 40 0.476203

33 40 0.461193

34 40 0.444363

35 40 0.425779

36 40 0.405515

37 40 0.38365

38 40 0.360272

39 40 0.335471

40 40 0.309347

41 40 0.282001

42 40 0.253543

43 40 0.224084

44 40 0.193741

45 40 0.162633

46 40 0.130883

47 40 0.0986173

48 40 0.0659619

49 40 0.0330461

50 40 0

0 41 0

1 41 0.030125

2 41 0.060131

3 41 0.0898998

4 41 0.119314

5 41 0.148257

6 41 0.176615

7 41 0.204276

8 41 0.231131

9 41 0.257073

10 41 0.282001

11 41 0.305816

12 41 0.328425

13 41 0.349737

14 41 0.369669

15 41 0.388142

16 41 0.405083

17 41 0.420425

18 41 0.434108

19 41 0.446078

20 41 0.456288

21 41 0.464697

22 41 0.471271

23 41 0.475986

24 41 0.478823

25 41 0.479769

26 41 0.478823

27 41 0.475986

28 41 0.471271

29 41 0.464697

30 41 0.456288

31 41 0.446078

32 41 0.434108

33 41 0.420425

34 41 0.405083

35 41 0.388142

36 41 0.369669

37 41 0.349737

38 41 0.328425

39 41 0.305816

40 41 0.282001

41 41 0.257073

42 41 0.231131

43 41 0.204276

44 41 0.176615

45 41 0.148257

46 41 0.119314

47 41 0.0898998

48 41 0.060131

49 41 0.030125

50 41 0

0 42 0

1 42 0.0270849

2 42 0.0540629

3 42 0.0808275

4 42 0.107273

5 42 0.133295

6 42 0.158792

7 42 0.183661

8 42 0.207806

9 42 0.231131

10 42 0.253543

11 42 0.274955

12 42 0.295282

13 42 0.314443

14 42 0.332363

15 42 0.348972

16 42 0.364204

17 42 0.377998

18 42 0.3903

19 42 0.401062

20 42 0.410241

21 42 0.417802

22 42 0.423713

23 42 0.427952

24 42 0.430502

25 42 0.431353

26 42 0.430502

27 42 0.427952

28 42 0.423713

29 42 0.417802

30 42 0.410241

31 42 0.401062

32 42 0.3903

33 42 0.377998

34 42 0.364204

35 42 0.348972

36 42 0.332363

37 42 0.314443

38 42 0.295282

39 42 0.274955

40 42 0.253543

41 42 0.231131

42 42 0.207806

43 42 0.183661

44 42 0.158792

45 42 0.133295

46 42 0.107273

47 42 0.0808275

48 42 0.0540629

49 42 0.0270849

50 42 0

0 43 0

1 43 0.0239379

2 43 0.0477814

3 43 0.0714363

4 43 0.0948093

5 43 0.117808

6 43 0.140342

7 43 0.162322

8 43 0.183661

9 43 0.204276

10 43 0.224084

11 43 0.243008

12 43 0.260973

13 43 0.277908

14 43 0.293747

15 43 0.308425

16 43 0.321887

17 43 0.334079

18 43 0.344952

19 43 0.354463

20 43 0.362576

21 43 0.369258

22 43 0.374482

23 43 0.378229

24 43 0.380483

25 43 0.381235

26 43 0.380483

27 43 0.378229

28 43 0.374482

29 43 0.369258

30 43 0.362576

31 43 0.354463

32 43 0.344952

33 43 0.334079

34 43 0.321887

35 43 0.308425

36 43 0.293747

37 43 0.277908

38 43 0.260973

39 43 0.243008

40 43 0.224084

41 43 0.204276

42 43 0.183661

43 43 0.162322

44 43 0.140342

45 43 0.117808

46 43 0.0948093

47 43 0.0714363

48 43 0.0477814

49 43 0.0239379

50 43 0

0 44 0

1 44 0.0206965

2 44 0.0413113

3 44 0.0617631

4 44 0.0819711

5 44 0.101856

6 44 0.121338

7 44 0.140342

8 44 0.158792

9 44 0.176615

10 44 0.193741

11 44 0.210103

12 44 0.225635

13 44 0.240277

14 44 0.25397

15 44 0.266662

16 44 0.278301

17 44 0.288841

18 44 0.298242

19 44 0.306465

20 44 0.31348

21 44 0.319257

22 44 0.323774

23 44 0.327013

24 44 0.328961

25 44 0.329612

26 44 0.328961

27 44 0.327013

28 44 0.323774

29 44 0.319257

30 44 0.31348

31 44 0.306465

32 44 0.298242

33 44 0.288841

34 44 0.278301

35 44 0.266662

36 44 0.25397

37 44 0.240277

38 44 0.225635

39 44 0.210103

40 44 0.193741

41 44 0.176615

42 44 0.158792

43 44 0.140342

44 44 0.121338

45 44 0.101856

46 44 0.0819711

47 44 0.0617631

48 44 0.0413113

49 44 0.0206965

50 44 0

0 45 0

1 45 0.0173734

2 45 0.0346782

3 45 0.0518462

4 45 0.0688095

5 45 0.0855013

6 45 0.101856

7 45 0.117808

8 45 0.133295

9 45 0.148257

10 45 0.162633

11 45 0.176368

12 45 0.189406

13 45 0.201697

14 45 0.213192

15 45 0.223845

16 45 0.233615

17 45 0.242464

18 45 0.250355

19 45 0.257258

20 45 0.263146

21 45 0.267995

22 45 0.271787

23 45 0.274506

24 45 0.276142

25 45 0.276688

26 45 0.276142

27 45 0.274506

28 45 0.271787

29 45 0.267995

30 45 0.263146

31 45 0.257258

32 45 0.250355

33 45 0.242464

34 45 0.233615

35 45 0.223845

36 45 0.213192

37 45 0.201697

38 45 0.189406

39 45 0.176368

40 45 0.162633

41 45 0.148257

42 45 0.133295

43 45 0.117808

44 45 0.101856

45 45 0.0855013

46 45 0.0688095

47 45 0.0518462

48 45 0.0346782

49 45 0.0173734

50 45 0

0 46 0

1 46 0.0139817

2 46 0.0279082

3 46 0.0417246

4 46 0.0553763

5 46 0.0688095

6 46 0.0819711

7 46 0.0948093

8 46 0.107273

9 46 0.119314

10 46 0.130883

11 46 0.141937

12 46 0.15243

13 46 0.162321

14 46 0.171572

15 46 0.180146

16 46 0.188008

17 46 0.195129

18 46 0.20148

19 46 0.207035

20 46 0.211774

21 46 0.215677

22 46 0.218728

23 46 0.220916

24 46 0.222233

25 46 0.222672

26 46 0.222233

27 46 0.220916

28 46 0.218728

29 46 0.215677

30 46 0.211774

31 46 0.207035

32 46 0.20148

33 46 0.195129

34 46 0.188008

35 46 0.180146

36 46 0.171572

37 46 0.162321

38 46 0.15243

39 46 0.141937

40 46 0.130883

41 46 0.119314

42 46 0.107273

43 46 0.0948093

44 46 0.0819711

45 46 0.0688095

46 46 0.0553763

47 46 0.0417246

48 46 0.0279082

49 46 0.0139817

50 46 0

0 47 0

1 47 0.0105349

2 47 0.0210281

3 47 0.0314384

4 47 0.0417246

5 47 0.0518462

6 47 0.0617631

7 47 0.0714363

8 47 0.0808275

9 47 0.0898998

10 47 0.0986173

11 47 0.106946

12 47 0.114852

13 47 0.122305

14 47 0.129275

15 47 0.135735

16 47 0.141659

17 47 0.147025

18 47 0.15181

19 47 0.155996

20 47 0.159566

21 47 0.162507

22 47 0.164806

23 47 0.166455

24 47 0.167447

25 47 0.167778

26 47 0.167447

27 47 0.166455

28 47 0.164806

29 47 0.162507

30 47 0.159566

31 47 0.155996

32 47 0.15181

33 47 0.147025

34 47 0.141659

35 47 0.135735

36 47 0.129275

37 47 0.122305

38 47 0.114852

39 47 0.106946

40 47 0.0986173

41 47 0.0898998

42 47 0.0808275

43 47 0.0714363

44 47 0.0617631

45 47 0.0518462

46 47 0.0417246

47 47 0.0314384

48 47 0.0210281

49 47 0.0105349

50 47 0

0 48 0

1 48 0.00704642

2 48 0.014065

3 48 0.0210281

4 48 0.0279082

5 48 0.0346782

6 48 0.0413113

7 48 0.0477814

8 48 0.0540629

9 48 0.060131

10 48 0.0659619

11 48 0.0715324

12 48 0.0768206

13 48 0.0818056

14 48 0.0864678

15 48 0.0907887

16 48 0.0947514

17 48 0.0983401

18 48 0.101541

19 48 0.10434

20 48 0.106729

21 48 0.108695

22 48 0.110233

23 48 0.111336

24 48 0.112

25 48 0.112221

26 48 0.112

27 48 0.111336

28 48 0.110233

29 48 0.108695

30 48 0.106729

31 48 0.10434

32 48 0.101541

33 48 0.0983401

34 48 0.0947514

35 48 0.0907887

36 48 0.0864678

37 48 0.0818056

38 48 0.0768206

39 48 0.0715324

40 48 0.0659619

41 48 0.060131

42 48 0.0540629

43 48 0.0477814

44 48 0.0413113

45 48 0.0346782

46 48 0.0279082

47 48 0.0210281

48 48 0.014065

49 48 0.00704642

50 48 0

0 49 0

1 49 0.00353017

2 49 0.00704642

3 49 0.0105349

4 49 0.0139817

5 49 0.0173734

6 49 0.0206965

7 49 0.0239379

8 49 0.0270849

9 49 0.030125

10 49 0.0330461

11 49 0.0358369

12 49 0.0384862

13 49 0.0409837

14 49 0.0433194

15 49 0.0454841

16 49 0.0474694

17 49 0.0492672

18 49 0.0508707

19 49 0.0522734

20 49 0.0534698

21 49 0.0544552

22 49 0.0552256

23 49 0.0557781

24 49 0.0561105

25 49 0.0562215

26 49 0.0561105

27 49 0.0557781

28 49 0.0552256

29 49 0.0544552

30 49 0.0534698

31 49 0.0522734

32 49 0.0508707

33 49 0.0492672

34 49 0.0474694

35 49 0.0454841

36 49 0.0433194

37 49 0.0409837

38 49 0.0384862

39 49 0.0358369

40 49 0.0330461

41 49 0.030125

42 49 0.0270849

43 49 0.0239379

44 49 0.0206965

45 49 0.0173734

46 49 0.0139817

47 49 0.0105349

48 49 0.00704642

49 49 0.00353017

50 49 0

