0 1 0

1 1 0.000352226

2 1 0.000703062

3 1 0.00105112

4 1 0.00139504

5 1 0.00173344

6 1 0.00206501

7 1 0.00238843

8 1 0.00270242

9 1 0.00300574

10 1 0.00329721

11 1 0.00357566

12 1 0.00384

13 1 0.00408918

14 1 0.00432223

15 1 0.00453822

16 1 0.0047363

17 1 0.00491568

18 1 0.00507567

19 1 0.00521562

20 1 0.00533499

21 1 0.00543331

22 1 0.00551018

23 1 0.00556531

24 1 0.00559848

25 1 0.00560954

26 1 0.00559848

27 1 0.00556531

28 1 0.00551018

29 1 0.00543331

30 1 0.00533499

31 1 0.00521562

32 1 0.00507567

33 1 0.00491568

34 1 0.0047363

35 1 0.00453822

36 1 0.00432223

37 1 0.00408918

38 1 0.00384

39 1 0.00357566

40 1 0.00329721

41 1 0.00300574

42 1 0.00270242

43 1 0.00238843

44 1 0.00206501

45 1 0.00173344

46 1 0.00139504

47 1 0.00105112

48 1 0.000703062

49 1 0.000352226

50 1 0

0 2 0

1 2 0.000703062

2 2 0.00140335

3 2 0.0020981

4 2 0.00278457

5 2 0.00346005

6 2 0.00412187

7 2 0.00476743

8 2 0.00539417

9 2 0.00599963

10 2 0.0065814

11 2 0.00713721

12 2 0.00766484

13 2 0.00816223

14 2 0.0086274

15 2 0.00905852

16 2 0.0094539

17 2 0.00981196

18 2 0.0101313

19 2 0.0104107

20 2 0.0106489

21 2 0.0108452

22 2 0.0109986

23 2 0.0111087

24 2 0.0111749

25 2 0.011197

26 2 0.0111749

27 2 0.0111087

28 2 0.0109986

29 2 0.0108452

30 2 0.0106489

31 2 0.0104107

32 2 0.0101313

33 2 0.00981196

34 2 0.0094539

35 2 0.00905852

36 2 0.0086274

37 2 0.00816223

38 2 0.00766484

39 2 0.00713721

40 2 0.0065814

41 2 0.00599963

42 2 0.00539417

43 2 0.00476743

44 2 0.00412187

45 2 0.00346005

46 2 0.00278457

47 2 0.0020981

48 2 0.00140335

49 2 0.000703062

50 2 0

0 3 0

1 3 0.00105112

2 3 0.0020981

3 3 0.00313679

4 3 0.00416311

5 3 0.005173

6 3 0.00616247

7 3 0.00712762

8 3 0.00806464

9 3 0.00896983

10 3 0.00983962

11 3 0.0106706

12 3 0.0114594

13 3 0.0122031

14 3 0.0128985

15 3 0.0135431

16 3 0.0141342

17 3 0.0146695

18 3 0.015147

19 3 0.0155646

20 3 0.0159208

21 3 0.0162142

22 3 0.0164437

23 3 0.0166082

24 3 0.0167071

25 3 0.0167402

26 3 0.0167071

27 3 0.0166082

28 3 0.0164437

29 3 0.0162142

30 3 0.0159208

31 3 0.0155646

32 3 0.015147

33 3 0.0146695

34 3 0.0141342

35 3 0.0135431

36 3 0.0128985

37 3 0.0122031

38 3 0.0114594

39 3 0.0106706

40 3 0.00983962

41 3 0.00896983

42 3 0.00806464

43 3 0.00712762

44 3 0.00616247

45 3 0.005173

46 3 0.00416311

47 3 0.00313679

48 3 0.0020981

49 3 0.00105112

50 3 0

0 4 0

1 4 0.00139504

2 4 0.00278457

3 4 0.00416311

4 4 0.00552522

5 4 0.00686553

6 4 0.00817874

7 4 0.00945967

8 4 0.0107033

9 4 0.0119046

10 4 0.013059

11 4 0.0141619

12 4 0.0152088

13 4 0.0161957

14 4 0.0171187

15 4 0.0179742

16 4 0.0187587

17 4 0.0194692

18 4 0.0201028

19 4 0.0206571

20 4 0.0211299

21 4 0.0215193

22 4 0.0218238

23 4 0.0220421

24 4 0.0221735

25 4 0.0222173

26 4 0.0221735

27 4 0.0220421

28 4 0.0218238

29 4 0.0215193

30 4 0.0211299

31 4 0.0206571

32 4 0.0201028

33 4 0.0194692

34 4 0.0187587

35 4 0.0179742

36 4 0.0171187

37 4 0.0161957

38 4 0.0152088

39 4 0.0141619

40 4 0.013059

41 4 0.0119046

42 4 0.0107033

43 4 0.00945967

44 4 0.00817874

45 4 0.00686553

46 4 0.00552522

47 4 0.00416311

48 4 0.00278457

49 4 0.00139504

50 4 0

0 5 0

1 5 0.00173344

2 5 0.00346005

3 5 0.005173

4 5 0.00686553

5 5 0.00853097

6 5 0.0101627

7 5 0.0117544

8 5 0.0132997

9 5 0.0147925

10 5 0.0162269

11 5 0.0175972

12 5 0.0188981

13 5 0.0201245

14 5 0.0212714

15 5 0.0223344

16 5 0.0233092

17 5 0.024192

18 5 0.0249794

19 5 0.0256681

20 5 0.0262556

21 5 0.0267395

22 5 0.0271178

23 5 0.0273891

24 5 0.0275523

25 5 0.0276068

26 5 0.0275523

27 5 0.0273891

28 5 0.0271178

29 5 0.0267395

30 5 0.0262556

31 5 0.0256681

32 5 0.0249794

33 5 0.024192

34 5 0.0233092

35 5 0.0223344

36 5 0.0212714

37 5 0.0201245

38 5 0.0188981

39 5 0.0175972

40 5 0.0162269

41 5 0.0147925

42 5 0.0132997

43 5 0.0117544

44 5 0.0101627

45 5 0.00853097

46 5 0.00686553

47 5 0.005173

48 5 0.00346005

49 5 0.00173344

50 5 0

0 6 0

1 6 0.00206501

2 6 0.00412187

3 6 0.00616247

4 6 0.00817874

5 6 0.0101627

6 6 0.0121066

7 6 0.0140027

8 6 0.0158436

9 6 0.0176219

10 6 0.0193307

11 6 0.0209632

12 6 0.0225129

13 6 0.0239738

14 6 0.0253401

15 6 0.0266064

16 6 0.0277677

17 6 0.0288194

18 6 0.0297573

19 6 0.0305778

20 6 0.0312777

21 6 0.0318541

22 6 0.0323048

23 6 0.032628

24 6 0.0328224

25 6 0.0328873

26 6 0.0328224

27 6 0.032628

28 6 0.0323048

29 6 0.0318541

30 6 0.0312777

31 6 0.0305778

32 6 0.0297573

33 6 0.0288194

34 6 0.0277677

35 6 0.0266064

36 6 0.0253401

37 6 0.0239738

38 6 0.0225129

39 6 0.0209632

40 6 0.0193307

41 6 0.0176219

42 6 0.0158436

43 6 0.0140027

44 6 0.0121066

45 6 0.0101627

46 6 0.00817874

47 6 0.00616247

48 6 0.00412187

49 6 0.00206501

50 6 0

0 7 0

1 7 0.00238843

2 7 0.00476743

3 7 0.00712762

4 7 0.00945967

5 7 0.0117544

6 7 0.0140027

7 7 0.0161958

8 7 0.018325

9 7 0.0203818

10 7 0.0223582

11 7 0.0242464

12 7 0.0260388

13 7 0.0277285

14 7 0.0293088

15 7 0.0307734

16 7 0.0321166

17 7 0.033333

18 7 0.0344178

19 7 0.0353669

20 7 0.0361763

21 7 0.036843

22 7 0.0373643

23 7 0.0377381

24 7 0.037963

25 7 0.038038

26 7 0.037963

27 7 0.0377381

28 7 0.0373643

29 7 0.036843

30 7 0.0361763

31 7 0.0353669

32 7 0.0344178

33 7 0.033333

34 7 0.0321166

35 7 0.0307734

36 7 0.0293088

37 7 0.0277285

38 7 0.0260388

39 7 0.0242464

40 7 0.0223582

41 7 0.0203818

42 7 0.018325

43 7 0.0161958

44 7 0.0140027

45 7 0.0117544

46 7 0.00945967

47 7 0.00712762

48 7 0.00476743

49 7 0.00238843

50 7 0

0 8 0

1 8 0.00270242

2 8 0.00539417

3 8 0.00806464

4 8 0.0107033

5 8 0.0132997

6 8 0.0158436

7 8 0.018325

8 8 0.020734

9 8 0.0230613

10 8 0.0252975

11 8 0.0274339

12 8 0.029462

13 8 0.0313738

14 8 0.0331618

15 8 0.034819

16 8 0.0363387

17 8 0.037715

18 8 0.0389425

19 8 0.0400163

20 8 0.0409322

21 8 0.0416865

22 8 0.0422763

23 8 0.0426993

24 8 0.0429537

25 8 0.0430386

26 8 0.0429537

27 8 0.0426993

28 8 0.0422763

29 8 0.0416865

30 8 0.0409322

31 8 0.0400163

32 8 0.0389425

33 8 0.037715

34 8 0.0363387

35 8 0.034819

36 8 0.0331618

37 8 0.0313738

38 8 0.029462

39 8 0.0274339

40 8 0.0252975

41 8 0.0230613

42 8 0.020734

43 8 0.018325

44 8 0.0158436

45 8 0.0132997

46 8 0.0107033

47 8 0.00806464

48 8 0.00539417

49 8 0.00270242

50 8 0

0 9 0

1 9 0.00300574

2 9 0.00599963

3 9 0.00896983

4 9 0.0119046

5 9 0.0147925

6 9 0.0176219

7 9 0.0203818

8 9 0.0230613

9 9 0.0256497

10 9 0.0281369

11 9 0.0305131

12 9 0.0327689

13 9 0.0348953

14 9 0.036884

15 9 0.0387272

16 9 0.0404175

17 9 0.0419483

18 9 0.0433135

19 9 0.0445078

20 9 0.0455265

21 9 0.0463655

22 9 0.0470215

23 9 0.0474919

24 9 0.0477749

25 9 0.0478694

26 9 0.0477749

27 9 0.0474919

28 9 0.0470215

29 9 0.0463655

30 9 0.0455265

31 9 0.0445078

32 9 0.0433135

33 9 0.0419483

34 9 0.0404175

35 9 0.0387272

36 9 0.036884

37 9 0.0348953

38 9 0.0327689

39 9 0.0305131

40 9 0.0281369

41 9 0.0256497

42 9 0.0230613

43 9 0.0203818

44 9 0.0176219

45 9 0.0147925

46 9 0.0119046

47 9 0.00896983

48 9 0.00599963

49 9 0.00300574

50 9 0

0 10 0

1 10 0.00329721

2 10 0.0065814

3 10 0.00983962

4 10 0.013059

5 10 0.0162269

6 10 0.0193307

7 10 0.0223582

8 10 0.0252975

9 10 0.0281369

10 10 0.0308653

11 10 0.0334719

12 10 0.0359464

13 10 0.038279

14 10 0.0404606

15 10 0.0424825

16 10 0.0443367

17 10 0.0460159

18 10 0.0475136

19 10 0.0488237

20 10 0.0499411

21 10 0.0508615

22 10 0.0515811

23 10 0.0520972

24 10 0.0524076

25 10 0.0525112

26 10 0.0524076

27 10 0.0520972

28 10 0.0515811

29 10 0.0508615

30 10 0.0499411

31 10 0.0488237

32 10 0.0475136

33 10 0.0460159

34 10 0.0443367

35 10 0.0424825

36 10 0.0404606

37 10 0.038279

38 10 0.0359464

39 10 0.0334719

40 10 0.0308653

41 10 0.0281369

42 10 0.0252975

43 10 0.0223582

44 10 0.0193307

45 10 0.0162269

46 10 0.013059

47 10 0.00983962

48 10 0.0065814

49 10 0.00329721

50 10 0

0 11 0

1 11 0.00357566

2 11 0.00713721

3 11 0.0106706

4 11 0.0141619

5 11 0.0175972

6 11 0.0209632

7 11 0.0242464

8 11 0.0274339

9 11 0.0305131

10 11 0.0334719

11 11 0.0362986

12 11 0.0389821

13 11 0.0415117

14 11 0.0438775

15 11 0.0460701

16 11 0.048081

17 11 0.049902

18 11 0.0515261

19 11 0.0529469

20 11 0.0541587

21 11 0.0551568

22 11 0.0559372

23 11 0.0564968

24 11 0.0568335

25 11 0.0569458

26 11 0.0568335

27 11 0.0564968

28 11 0.0559372

29 11 0.0551568

30 11 0.0541587

31 11 0.0529469

32 11 0.0515261

33 11 0.049902

34 11 0.048081

35 11 0.0460701

36 11 0.0438775

37 11 0.0415117

38 11 0.0389821

39 11 0.0362986

40 11 0.0334719

41 11 0.0305131

42 11 0.0274339

43 11 0.0242464

44 11 0.0209632

45 11 0.0175972

46 11 0.0141619

47 11 0.0106706

48 11 0.00713721

49 11 0.00357566

50 11 0

0 12 0

1 12 0.00384

2 12 0.00766484

3 12 0.0114594

4 12 0.0152088

5 12 0.0188981

6 12 0.0225129

7 12 0.0260388

8 12 0.029462

9 12 0.0327689

10 12 0.0359464

11 12 0.0389821

12 12 0.041864

13 12 0.0445806

14 12 0.0471213

15 12 0.049476

16 12 0.0516355

17 12 0.0535911

18 12 0.0553353

19 12 0.0568611

20 12 0.0581625

21 12 0.0592344

22 12 0.0600725

23 12 0.0606735

24 12 0.061035

25 12 0.0611557

26 12 0.061035

27 12 0.0606735

28 12 0.0600725

29 12 0.0592344

30 12 0.0581625

31 12 0.0568611

32 12 0.0553353

33 12 0.0535911

34 12 0.0516355

35 12 0.049476

36 12 0.0471213

37 12 0.0445806

38 12 0.041864

39 12 0.0389821

40 12 0.0359464

41 12 0.0327689

42 12 0.029462

43 12 0.0260388

44 12 0.0225129

45 12 0.0188981

46 12 0.0152088

47 12 0.0114594

48 12 0.00766484

49 12 0.00384

50 12 0

0 13 0

1 13 0.00408918

2 13 0.00816223

3 13 0.0122031

4 13 0.0161957

5 13 0.0201245

6 13 0.0239738

7 13 0.0277285

8 13 0.0313738

9 13 0.0348953

10 13 0.038279

11 13 0.0415117

12 13 0.0445806

13 13 0.0474735

14 13 0.0501791

15 13 0.0526866

16 13 0.0549862

17 13 0.0570688

18 13 0.0589261

19 13 0.0605509

20 13 0.0619368

21 13 0.0630782

22 13 0.0639707

23 13 0.0646107

24 13 0.0649957

25 13 0.0651242

26 13 0.0649957

27 13 0.0646107

28 13 0.0639707

29 13 0.0630782

30 13 0.0619368

31 13 0.0605509

32 13 0.0589261

33 13 0.0570688

34 13 0.0549862

35 13 0.0526866

36 13 0.0501791

37 13 0.0474735

38 13 0.0445806

39 13 0.0415117

40 13 0.038279

41 13 0.0348953

42 13 0.0313738

43 13 0.0277285

44 13 0.0239738

45 13 0.0201245

46 13 0.0161957

47 13 0.0122031

48 13 0.00816223

49 13 0.00408918

50 13 0

0 14 0

1 14 0.00432223

2 14 0.0086274

3 14 0.0128985

4 14 0.0171187

5 14 0.0212714

6 14 0.0253401

7 14 0.0293088

8 14 0.0331618

9 14 0.036884

10 14 0.0404606

11 14 0.0438775

12 14 0.0471213

13 14 0.0501791

14 14 0.0530388

15 14 0.0556892

16 14 0.0581199

17 14 0.0603212

18 14 0.0622844

19 14 0.0640018

20 14 0.0654666

21 14 0.0666731

22 14 0.0676164

23 14 0.0682929

24 14 0.0686999

25 14 0.0688357

26 14 0.0686999

27 14 0.0682929

28 14 0.0676164

29 14 0.0666731

30 14 0.0654666

31 14 0.0640018

32 14 0.0622844

33 14 0.0603212

34 14 0.0581199

35 14 0.0556892

36 14 0.0530388

37 14 0.0501791

38 14 0.0471213

39 14 0.0438775

40 14 0.0404606

41 14 0.036884

42 14 0.0331618

43 14 0.0293088

44 14 0.0253401

45 14 0.0212714

46 14 0.0171187

47 14 0.0128985

48 14 0.0086274

49 14 0.00432223

50 14 0

0 15 0

1 15 0.00453822

2 15 0.00905852

3 15 0.0135431

4 15 0.0179742

5 15 0.0223344

6 15 0.0266064

7 15 0.0307734

8 15 0.034819

9 15 0.0387272

10 15 0.0424825

11 15 0.0460701

12 15 0.049476

13 15 0.0526866

14 15 0.0556892

15 15 0.0584721

16 15 0.0610242

17 15 0.0633355

18 15 0.0653968

19 15 0.0672001

20 15 0.0687381

21 15 0.0700048

22 15 0.0709953

23 15 0.0717056

24 15 0.0721329

25 15 0.0722755

26 15 0.0721329

27 15 0.0717056

28 15 0.0709953

29 15 0.0700048

30 15 0.0687381

31 15 0.0672001

32 15 0.0653968

33 15 0.0633355

34 15 0.0610242

35 15 0.0584721

36 15 0.0556892

37 15 0.0526866

38 15 0.049476

39 15 0.0460701

40 15 0.0424825

41 15 0.0387272

42 15 0.034819

43 15 0.0307734

44 15 0.0266064

45 15 0.0223344

46 15 0.0179742

47 15 0.0135431

48 15 0.00905852

49 15 0.00453822

50 15 0

0 16 0

1 16 0.0047363

2 16 0.0094539

3 16 0.0141342

4 16 0.0187587

5 16 0.0233092

6 16 0.0277677

7 16 0.0321166

8 16 0.0363387

9 16 0.0404175

10 16 0.0443367

11 16 0.048081

12 16 0.0516355

13 16 0.0549862

14 16 0.0581199

15 16 0.0610242

16 16 0.0636877

17 16 0.0660999

18 16 0.0682512

19 16 0.0701331

20 16 0.0717383

21 16 0.0730603

22 16 0.074094

23 16 0.0748353

24 16 0.0752813

25 16 0.0754301

26 16 0.0752813

27 16 0.0748353

28 16 0.074094

29 16 0.0730603

30 16 0.0717383

31 16 0.0701331

32 16 0.0682512

33 16 0.0660999

34 16 0.0636877

35 16 0.0610242

36 16 0.0581199

37 16 0.0549862

38 16 0.0516355

39 16 0.048081

40 16 0.0443367

41 16 0.0404175

42 16 0.0363387

43 16 0.0321166

44 16 0.0277677

45 16 0.0233092

46 16 0.0187587

47 16 0.0141342

48 16 0.0094539

49 16 0.0047363

50 16 0

0 17 0

1 17 0.00491568

2 17 0.00981196

3 17 0.0146695

4 17 0.0194692

5 17 0.024192

6 17 0.0288194

7 17 0.033333

8 17 0.037715

9 17 0.0419483

10 17 0.0460159

11 17 0.049902

12 17 0.0535911

13 17 0.0570688

14 17 0.0603212

15 17 0.0633355

16 17 0.0660999

17 17 0.0686034

18 17 0.0708362

19 17 0.0727894

20 17 0.0744554

21 17 0.0758275

22 17 0.0769003

23 17 0.0776697

24 17 0.0781325

25 17 0.078287

26 17 0.0781325

27 17 0.0776697

28 17 0.0769003

29 17 0.0758275

30 17 0.0744554

31 17 0.0727894

32 17 0.0708362

33 17 0.0686034

34 17 0.0660999

35 17 0.0633355

36 17 0.0603212

37 17 0.0570688

38 17 0.0535911

39 17 0.049902

40 17 0.0460159

41 17 0.0419483

42 17 0.037715

43 17 0.033333

44 17 0.0288194

45 17 0.024192

46 17 0.0194692

47 17 0.0146695

48 17 0.00981196

49 17 0.00491568

50 17 0

0 18 0

1 18 0.00507567

2 18 0.0101313

3 18 0.015147

4 18 0.0201028

5 18 0.0249794

6 18 0.0297573

7 18 0.0344178

8 18 0.0389425

9 18 0.0433135

10 18 0.0475136

11 18 0.0515261

12 18 0.0553353

13 18 0.0589261

14 18 0.0622844

15 18 0.0653968

16 18 0.0682512

17 18 0.0708362

18 18 0.0731416

19 18 0.0751584

20 18 0.0768786

21 18 0.0782954

22 18 0.0794031

23 18 0.0801975

24 18 0.0806754

25 18 0.0808349

26 18 0.0806754

27 18 0.0801975

28 18 0.0794031

29 18 0.0782954

30 18 0.0768786

31 18 0.0751584

32 18 0.0731416

33 18 0.0708362

34 18 0.0682512

35 18 0.0653968

36 18 0.0622844

37 18 0.0589261

38 18 0.0553353

39 18 0.0515261

40 18 0.0475136

41 18 0.0433135

42 18 0.0389425

43 18 0.0344178

44 18 0.0297573

45 18 0.0249794

46 18 0.0201028

47 18 0.015147

48 18 0.0101313

49 18 0.00507567

50 18 0

0 19 0

1 19 0.00521562

2 19 0.0104107

3 19 0.0155646

4 19 0.0206571

5 19 0.0256681

6 19 0.0305778

7 19 0.0353669

8 19 0.0400163

9 19 0.0445078

10 19 0.0488237

11 19 0.0529469

12 19 0.0568611

13 19 0.0605509

14 19 0.0640018

15 19 0.0672001

16 19 0.0701331

17 19 0.0727894

18 19 0.0751584

19 19 0.0772308

20 19 0.0789984

21 19 0.0804543

22 19 0.0815926

23 19 0.0824089

24 19 0.0828999

25 19 0.0830639

26 19 0.0828999

27 19 0.0824089

28 19 0.0815926

29 19 0.0804543

30 19 0.0789984

31 19 0.0772308

32 19 0.0751584

33 19 0.0727894

34 19 0.0701331

35 19 0.0672001

36 19 0.0640018

37 19 0.0605509

38 19 0.0568611

39 19 0.0529469

40 19 0.0488237

41 19 0.0445078

42 19 0.0400163

43 19 0.0353669

44 19 0.0305778

45 19 0.0256681

46 19 0.0206571

47 19 0.0155646

48 19 0.0104107

49 19 0.00521562

50 19 0

0 20 0

1 20 0.00533499

2 20 0.0106489

3 20 0.0159208

4 20 0.0211299

5 20 0.0262556

6 20 0.0312777

7 20 0.0361763

8 20 0.0409322

9 20 0.0455265

10 20 0.0499411

11 20 0.0541587

12 20 0.0581625

13 20 0.0619368

14 20 0.0654666

15 20 0.0687381

16 20 0.0717383

17 20 0.0744554

18 20 0.0768786

19 20 0.0789984

20 20 0.0808065

21 20 0.0822956

22 20 0.08346

23 20 0.084295

24 20 0.0847973

25 20 0.084965

26 20 0.0847973

27 20 0.084295

28 20 0.08346

29 20 0.0822956

30 20 0.0808065

31 20 0.0789984

32 20 0.0768786

33 20 0.0744554

34 20 0.0717383

35 20 0.0687381

36 20 0.0654666

37 20 0.0619368

38 20 0.0581625

39 20 0.0541587

40 20 0.0499411

41 20 0.0455265

42 20 0.0409322

43 20 0.0361763

44 20 0.0312777

45 20 0.0262556

46 20 0.0211299

47 20 0.0159208

48 20 0.0106489

49 20 0.00533499

50 20 0

0 21 0

1 21 0.00543331

2 21 0.0108452

3 21 0.0162142

4 21 0.0215193

5 21 0.0267395

6 21 0.0318541

7 21 0.036843

8 21 0.0416865

9 21 0.0463655

10 21 0.0508615

11 21 0.0551568

12 21 0.0592344

13 21 0.0630782

14 21 0.0666731

15 21 0.0700048

16 21 0.0730603

17 21 0.0758275

18 21 0.0782954

19 21 0.0804543

20 21 0.0822956

21 21 0.0838122

22 21 0.084998

23 21 0.0858484

24 21 0.08636

25 21 0.0865307

26 21 0.08636

27 21 0.0858484

28 21 0.084998

29 21 0.0838122

30 21 0.0822956

31 21 0.0804543

32 21 0.0782954

33 21 0.0758275

34 21 0.0730603

35 21 0.0700048

36 21 0.0666731

37 21 0.0630782

38 21 0.0592344

39 21 0.0551568

40 21 0.0508615

41 21 0.0463655

42 21 0.0416865

43 21 0.036843

44 21 0.0318541

45 21 0.0267395

46 21 0.0215193

47 21 0.0162142

48 21 0.0108452

49 21 0.00543331

50 21 0

0 22 0

1 22 0.00551018

2 22 0.0109986

3 22 0.0164437

4 22 0.0218238

5 22 0.0271178

6 22 0.0323048

7 22 0.0373643

8 22 0.0422763

9 22 0.0470215

10 22 0.0515811

11 22 0.0559372

12 22 0.0600725

13 22 0.0639707

14 22 0.0676164

15 22 0.0709953

16 22 0.074094

17 22 0.0769003

18 22 0.0794031

19 22 0.0815926

20 22 0.08346

21 22 0.084998

22 22 0.0862007

23 22 0.0870631

24 22 0.0875819

25 22 0.087755

26 22 0.0875819

27 22 0.0870631

28 22 0.0862007

29 22 0.084998

30 22 0.08346

31 22 0.0815926

32 22 0.0794031

33 22 0.0769003

34 22 0.074094

35 22 0.0709953

36 22 0.0676164

37 22 0.0639707

38 22 0.0600725

39 22 0.0559372

40 22 0.0515811

41 22 0.0470215

42 22 0.0422763

43 22 0.0373643

44 22 0.0323048

45 22 0.0271178

46 22 0.0218238

47 22 0.0164437

48 22 0.0109986

49 22 0.00551018

50 22 0

0 23 0

1 23 0.00556531

2 23 0.0111087

3 23 0.0166082

4 23 0.0220421

5 23 0.0273891

6 23 0.032628

7 23 0.0377381

8 23 0.0426993

9 23 0.0474919

10 23 0.0520972

11 23 0.0564968

12 23 0.0606735

13 23 0.0646107

14 23 0.0682929

15 23 0.0717056

16 23 0.0748353

17 23 0.0776697

18 23 0.0801975

19 23 0.0824089

20 23 0.084295

21 23 0.0858484

22 23 0.0870631

23 23 0.0879341

24 23 0.0884581

25 23 0.088633

26 23 0.0884581

27 23 0.0879341

28 23 0.0870631

29 23 0.0858484

30 23 0.084295

31 23 0.0824089

32 23 0.0801975

33 23 0.0776697

34 23 0.0748353

35 23 0.0717056

36 23 0.0682929

37 23 0.0646107

38 23 0.0606735

39 23 0.0564968

40 23 0.0520972

41 23 0.0474919

42 23 0.0426993

43 23 0.0377381

44 23 0.032628

45 23 0.0273891

46 23 0.0220421

47 23 0.0166082

48 23 0.0111087

49 23 0.00556531

50 23 0

0 24 0

1 24 0.00559848

2 24 0.0111749

3 24 0.0167071

4 24 0.0221735

5 24 0.0275523

6 24 0.0328224

7 24 0.037963

8 24 0.0429537

9 24 0.0477749

10 24 0.0524076

11 24 0.0568335

12 24 0.061035

13 24 0.0649957

14 24 0.0686999

15 24 0.0721329

16 24 0.0752813

17 24 0.0781325

18 24 0.0806754

19 24 0.0828999

20 24 0.0847973

21 24 0.08636

22 24 0.0875819

23 24 0.0884581

24 24 0.0889852

25 24 0.0891612

26 24 0.0889852

27 24 0.0884581

28 24 0.0875819

29 24 0.08636

30 24 0.0847973

31 24 0.0828999

32 24 0.0806754

33 24 0.0781325

34 24 0.0752813

35 24 0.0721329

36 24 0.0686999

37 24 0.0649957

38 24 0.061035

39 24 0.0568335

40 24 0.0524076

41 24 0.0477749

42 24 0.0429537

43 24 0.037963

44 24 0.0328224

45 24 0.0275523

46 24 0.0221735

47 24 0.0167071

48 24 0.0111749

49 24 0.00559848

50 24 0

0 25 0

1 25 0.00560954

2 25 0.011197

3 25 0.0167402

4 25 0.0222173

5 25 0.0276068

6 25 0.0328873

7 25 0.038038

8 25 0.0430386

9 25 0.0478694

10 25 0.0525112

11 25 0.0569458

12 25 0.0611557

13 25 0.0651242

14 25 0.0688357

15 25 0.0722755

16 25 0.0754301

17 25 0.078287

18 25 0.0808349

19 25 0.0830639

20 25 0.084965

21 25 0.0865307

22 25 0.087755

23 25 0.088633

24 25 0.0891612

25 25 0.0893374

26 25 0.0891612

27 25 0.088633

28 25 0.087755

29 25 0.0865307

30 25 0.084965

31 25 0.0830639

32 25 0.0808349

33 25 0.078287

34 25 0.0754301

35 25 0.0722755

36 25 0.0688357

37 25 0.0651242

38 25 0.0611557

39 25 0.0569458

40 25 0.0525112

41 25 0.0478694

42 25 0.0430386

43 25 0.038038

44 25 0.0328873

45 25 0.0276068

46 25 0.0222173

47 25 0.0167402

48 25 0.011197

49 25 0.00560954

50 25 0

0 26 0

1 26 0.00559848

2 26 0.0111749

3 26 0.0167071

4 26 0.0221735

5 26 0.0275523

6 26 0.0328224

7 26 0.037963

8 26 0.0429537

9 26 0.0477749

10 26 0.0524076

11 26 0.0568335

12 26 0.061035

13 26 0.0649957

14 26 0.0686999

15 26 0.0721329

16 26 0.0752813

17 26 0.0781325

18 26 0.0806754

19 26 0.0828999

20 26 0.0847973

21 26 0.08636

22 26 0.0875819

23 26 0.0884581

24 26 0.0889852

25 26 0.0891612

26 26 0.0889852

27 26 0.0884581

28 26 0.0875819

29 26 0.08636

30 26 0.0847973

31 26 0.0828999

32 26 0.0806754

33 26 0.0781325

34 26 0.0752813

35 26 0.0721329

36 26 0.0686999

37 26 0.0649957

38 26 0.061035

39 26 0.0568335

40 26 0.0524076

41 26 0.0477749

42 26 0.0429537

43 26 0.037963

44 26 0.0328224

45 26 0.0275523

46 26 0.0221735

47 26 0.0167071

48 26 0.0111749

49 26 0.00559848

50 26 0

0 27 0

1 27 0.00556531

2 27 0.0111087

3 27 0.0166082

4 27 0.0220421

5 27 0.0273891

6 27 0.032628

7 27 0.0377381

8 27 0.0426993

9 27 0.0474919

10 27 0.0520972

11 27 0.0564968

12 27 0.0606735

13 27 0.0646107

14 27 0.0682929

15 27 0.0717056

16 27 0.0748353

17 27 0.0776697

18 27 0.0801975

19 27 0.0824089

20 27 0.084295

21 27 0.0858484

22 27 0.0870631

23 27 0.0879341

24 27 0.0884581

25 27 0.088633

26 27 0.0884581

27 27 0.0879341

28 27 0.0870631

29 27 0.0858484

30 27 0.084295

31 27 0.0824089

32 27 0.0801975

33 27 0.0776697

34 27 0.0748353

35 27 0.0717056

36 27 0.0682929

37 27 0.0646107

38 27 0.0606735

39 27 0.0564968

40 27 0.0520972

41 27 0.0474919

42 27 0.0426993

43 27 0.0377381

44 27 0.032628

45 27 0.0273891

46 27 0.0220421

47 27 0.0166082

48 27 0.0111087

49 27 0.00556531

50 27 0

0 28 0

1 28 0.00551018

2 28 0.0109986

3 28 0.0164437

4 28 0.0218238

5 28 0.0271178

6 28 0.0323048

7 28 0.0373643

8 28 0.0422763

9 28 0.0470215

10 28 0.0515811

11 28 0.0559372

12 28 0.0600725

13 28 0.0639707

14 28 0.0676164

15 28 0.0709953

16 28 0.074094

17 28 0.0769003

18 28 0.0794031

19 28 0.0815926

20 28 0.08346

21 28 0.084998

22 28 0.0862007

23 28 0.0870631

24 28 0.0875819

25 28 0.087755

26 28 0.0875819

27 28 0.0870631

28 28 0.0862007

29 28 0.084998

30 28 0.08346

31 28 0.0815926

32 28 0.0794031

33 28 0.0769003

34 28 0.074094

35 28 0.0709953

36 28 0.0676164

37 28 0.0639707

38 28 0.0600725

39 28 0.0559372

40 28 0.0515811

41 28 0.0470215

42 28 0.0422763

43 28 0.0373643

44 28 0.0323048

45 28 0.0271178

46 28 0.0218238

47 28 0.0164437

48 28 0.0109986

49 28 0.00551018

50 28 0

0 29 0

1 29 0.00543331

2 29 0.0108452

3 29 0.0162142

4 29 0.0215193

5 29 0.0267395

6 29 0.0318541

7 29 0.036843

8 29 0.0416865

9 29 0.0463655

10 29 0.0508615

11 29 0.0551568

12 29 0.0592344

13 29 0.0630782

14 29 0.0666731

15 29 0.0700048

16 29 0.0730603

17 29 0.0758275

18 29 0.0782954

19 29 0.0804543

20 29 0.0822956

21 29 0.0838122

22 29 0.084998

23 29 0.0858484

24 29 0.08636

25 29 0.0865307

26 29 0.08636

27 29 0.0858484

28 29 0.084998

29 29 0.0838122

30 29 0.0822956

31 29 0.0804543

32 29 0.0782954

33 29 0.0758275

34 29 0.0730603

35 29 0.0700048

36 29 0.0666731

37 29 0.0630782

38 29 0.0592344

39 29 0.0551568

40 29 0.0508615

41 29 0.0463655

42 29 0.0416865

43 29 0.036843

44 29 0.0318541

45 29 0.0267395

46 29 0.0215193

47 29 0.0162142

48 29 0.0108452

49 29 0.00543331

50 29 0

0 30 0

1 30 0.00533499

2 30 0.0106489

3 30 0.0159208

4 30 0.0211299

5 30 0.0262556

6 30 0.0312777

7 30 0.0361763

8 30 0.0409322

9 30 0.0455265

10 30 0.0499411

11 30 0.0541587

12 30 0.0581625

13 30 0.0619368

14 30 0.0654666

15 30 0.0687381

16 30 0.0717383

17 30 0.0744554

18 30 0.0768786

19 30 0.0789984

20 30 0.0808065

21 30 0.0822956

22 30 0.08346

23 30 0.084295

24 30 0.0847973

25 30 0.084965

26 30 0.0847973

27 30 0.084295

28 30 0.08346

29 30 0.0822956

30 30 0.0808065

31 30 0.0789984

32 30 0.0768786

33 30 0.0744554

34 30 0.0717383

35 30 0.0687381

36 30 0.0654666

37 30 0.0619368

38 30 0.0581625

39 30 0.0541587

40 30 0.0499411

41 30 0.0455265

42 30 0.0409322

43 30 0.0361763

44 30 0.0312777

45 30 0.0262556

46 30 0.0211299

47 30 0.0159208

48 30 0.0106489

49 30 0.00533499

50 30 0

0 31 0

1 31 0.00521562

2 31 0.0104107

3 31 0.0155646

4 31 0.0206571

5 31 0.0256681

6 31 0.0305778

7 31 0.0353669

8 31 0.0400163

9 31 0.0445078

10 31 0.0488237

11 31 0.0529469

12 31 0.0568611

13 31 0.0605509

14 31 0.0640018

15 31 0.0672001

16 31 0.0701331

17 31 0.0727894

18 31 0.0751584

19 31 0.0772308

20 31 0.0789984

21 31 0.0804543

22 31 0.0815926

23 31 0.0824089

24 31 0.0828999

25 31 0.0830639

26 31 0.0828999

27 31 0.0824089

28 31 0.0815926

29 31 0.0804543

30 31 0.0789984

31 31 0.0772308

32 31 0.0751584

33 31 0.0727894

34 31 0.0701331

35 31 0.0672001

36 31 0.0640018

37 31 0.0605509

38 31 0.0568611

39 31 0.0529469

40 31 0.0488237

41 31 0.0445078

42 31 0.0400163

43 31 0.0353669

44 31 0.0305778

45 31 0.0256681

46 31 0.0206571

47 31 0.0155646

48 31 0.0104107

49 31 0.00521562

50 31 0

0 32 0

1 32 0.00507567

2 32 0.0101313

3 32 0.015147

4 32 0.0201028

5 32 0.0249794

6 32 0.0297573

7 32 0.0344178

8 32 0.0389425

9 32 0.0433135

10 32 0.0475136

11 32 0.0515261

12 32 0.0553353

13 32 0.0589261

14 32 0.0622844

15 32 0.0653968

16 32 0.0682512

17 32 0.0708362

18 32 0.0731416

19 32 0.0751584

20 32 0.0768786

21 32 0.0782954

22 32 0.0794031

23 32 0.0801975

24 32 0.0806754

25 32 0.0808349

26 32 0.0806754

27 32 0.0801975

28 32 0.0794031

29 32 0.0782954

30 32 0.0768786

31 32 0.0751584

32 32 0.0731416

33 32 0.0708362

34 32 0.0682512

35 32 0.0653968

36 32 0.0622844

37 32 0.0589261

38 32 0.0553353

39 32 0.0515261

40 32 0.0475136

41 32 0.0433135

42 32 0.0389425

43 32 0.0344178

44 32 0.0297573

45 32 0.0249794

46 32 0.0201028

47 32 0.015147

48 32 0.0101313

49 32 0.00507567

50 32 0

0 33 0

1 33 0.00491568

2 33 0.00981196

3 33 0.0146695

4 33 0.0194692

5 33 0.024192

6 33 0.0288194

7 33 0.033333

8 33 0.037715

9 33 0.0419483

10 33 0.0460159

11 33 0.049902

12 33 0.0535911

13 33 0.0570688

14 33 0.0603212

15 33 0.0633355

16 33 0.0660999

17 33 0.0686034

18 33 0.0708362

19 33 0.0727894

20 33 0.0744554

21 33 0.0758275

22 33 0.0769003

23 33 0.0776697

24 33 0.0781325

25 33 0.078287

26 33 0.0781325

27 33 0.0776697

28 33 0.0769003

29 33 0.0758275

30 33 0.0744554

31 33 0.0727894

32 33 0.0708362

33 33 0.0686034

34 33 0.0660999

35 33 0.0633355

36 33 0.0603212

37 33 0.0570688

38 33 0.0535911

39 33 0.049902

40 33 0.0460159

41 33 0.0419483

42 33 0.037715

43 33 0.033333

44 33 0.0288194

45 33 0.024192

46 33 0.0194692

47 33 0.0146695

48 33 0.00981196

49 33 0.00491568

50 33 0

0 34 0

1 34 0.0047363

2 34 0.0094539

3 34 0.0141342

4 34 0.0187587

5 34 0.0233092

6 34 0.0277677

7 34 0.0321166

8 34 0.0363387

9 34 0.0404175

10 34 0.0443367

11 34 0.048081

12 34 0.0516355

13 34 0.0549862

14 34 0.0581199

15 34 0.0610242

16 34 0.0636877

17 34 0.0660999

18 34 0.0682512

19 34 0.0701331

20 34 0.0717383

21 34 0.0730603

22 34 0.074094

23 34 0.0748353

24 34 0.0752813

25 34 0.0754301

26 34 0.0752813

27 34 0.0748353

28 34 0.074094

29 34 0.0730603

30 34 0.0717383

31 34 0.0701331

32 34 0.0682512

33 34 0.0660999

34 34 0.0636877

35 34 0.0610242

36 34 0.0581199

37 34 0.0549862

38 34 0.0516355

39 34 0.048081

40 34 0.0443367

41 34 0.0404175

42 34 0.0363387

43 34 0.0321166

44 34 0.0277677

45 34 0.0233092

46 34 0.0187587

47 34 0.0141342

48 34 0.0094539

49 34 0.0047363

50 34 0

0 35 0

1 35 0.00453822

2 35 0.00905852

3 35 0.0135431

4 35 0.0179742

5 35 0.0223344

6 35 0.0266064

7 35 0.0307734

8 35 0.034819

9 35 0.0387272

10 35 0.0424825

11 35 0.0460701

12 35 0.049476

13 35 0.0526866

14 35 0.0556892

15 35 0.0584721

16 35 0.0610242

17 35 0.0633355

18 35 0.0653968

19 35 0.0672001

20 35 0.0687381

21 35 0.0700048

22 35 0.0709953

23 35 0.0717056

24 35 0.0721329

25 35 0.0722755

26 35 0.0721329

27 35 0.0717056

28 35 0.0709953

29 35 0.0700048

30 35 0.0687381

31 35 0.0672001

32 35 0.0653968

33 35 0.0633355

34 35 0.0610242

35 35 0.0584721

36 35 0.0556892

37 35 0.0526866

38 35 0.049476

39 35 0.0460701

40 35 0.0424825

41 35 0.0387272

42 35 0.034819

43 35 0.0307734

44 35 0.0266064

45 35 0.0223344

46 35 0.0179742

47 35 0.0135431

48 35 0.00905852

49 35 0.00453822

50 35 0

0 36 0

1 36 0.00432223

2 36 0.0086274

3 36 0.0128985

4 36 0.0171187

5 36 0.0212714

6 36 0.0253401

7 36 0.0293088

8 36 0.0331618

9 36 0.036884

10 36 0.0404606

11 36 0.0438775

12 36 0.0471213

13 36 0.0501791

14 36 0.0530388

15 36 0.0556892

16 36 0.0581199

17 36 0.0603212

18 36 0.0622844

19 36 0.0640018

20 36 0.0654666

21 36 0.0666731

22 36 0.0676164

23 36 0.0682929

24 36 0.0686999

25 36 0.0688357

26 36 0.0686999

27 36 0.0682929

28 36 0.0676164

29 36 0.0666731

30 36 0.0654666

31 36 0.0640018

32 36 0.0622844

33 36 0.0603212

34 36 0.0581199

35 36 0.0556892

36 36 0.0530388

37 36 0.0501791

38 36 0.0471213

39 36 0.0438775

40 36 0.0404606

41 36 0.036884

42 36 0.0331618

43 36 0.0293088

44 36 0.0253401

45 36 0.0212714

46 36 0.0171187

47 36 0.0128985

48 36 0.0086274

49 36 0.00432223

50 36 0

0 37 0

1 37 0.00408918

2 37 0.00816223

3 37 0.0122031

4 37 0.0161957

5 37 0.0201245

6 37 0.0239738

7 37 0.0277285

8 37 0.0313738

9 37 0.0348953

10 37 0.038279

11 37 0.0415117

12 37 0.0445806

13 37 0.0474735

14 37 0.0501791

15 37 0.0526866

16 37 0.0549862

17 37 0.0570688

18 37 0.0589261

19 37 0.0605509

20 37 0.0619368

21 37 0.0630782

22 37 0.0639707

23 37 0.0646107

24 37 0.0649957

25 37 0.0651242

26 37 0.0649957

27 37 0.0646107

28 37 0.0639707

29 37 0.0630782

30 37 0.0619368

31 37 0.0605509

32 37 0.0589261

33 37 0.0570688

34 37 0.0549862

35 37 0.0526866

36 37 0.0501791

37 37 0.0474735

38 37 0.0445806

39 37 0.0415117

40 37 0.038279

41 37 0.0348953

42 37 0.0313738

43 37 0.0277285

44 37 0.0239738

45 37 0.0201245

46 37 0.0161957

47 37 0.0122031

48 37 0.00816223

49 37 0.00408918

50 37 0

0 38 0

1 38 0.00384

2 38 0.00766484

3 38 0.0114594

4 38 0.0152088

5 38 0.0188981

6 38 0.0225129

7 38 0.0260388

8 38 0.029462

9 38 0.0327689

10 38 0.0359464

11 38 0.0389821

12 38 0.041864

13 38 0.0445806

14 38 0.0471213

15 38 0.049476

16 38 0.0516355

17 38 0.0535911

18 38 0.0553353

19 38 0.0568611

20 38 0.0581625

21 38 0.0592344

22 38 0.0600725

23 38 0.0606735

24 38 0.061035

25 38 0.0611557

26 38 0.061035

27 38 0.0606735

28 38 0.0600725

29 38 0.0592344

30 38 0.0581625

31 38 0.0568611

32 38 0.0553353

33 38 0.0535911

34 38 0.0516355

35 38 0.049476

36 38 0.0471213

37 38 0.0445806

38 38 0.041864

39 38 0.0389821

40 38 0.0359464

41 38 0.0327689

42 38 0.029462

43 38 0.0260388

44 38 0.0225129

45 38 0.0188981

46 38 0.0152088

47 38 0.0114594

48 38 0.00766484

49 38 0.00384

50 38 0

0 39 0

1 39 0.00357566

2 39 0.00713721

3 39 0.0106706

4 39 0.0141619

5 39 0.0175972

6 39 0.0209632

7 39 0.0242464

8 39 0.0274339

9 39 0.0305131

10 39 0.0334719

11 39 0.0362986

12 39 0.0389821

13 39 0.0415117

14 39 0.0438775

15 39 0.0460701

16 39 0.048081

17 39 0.049902

18 39 0.0515261

19 39 0.0529469

20 39 0.0541587

21 39 0.0551568

22 39 0.0559372

23 39 0.0564968

24 39 0.0568335

25 39 0.0569458

26 39 0.0568335

27 39 0.0564968

28 39 0.0559372

29 39 0.0551568

30 39 0.0541587

31 39 0.0529469

32 39 0.0515261

33 39 0.049902

34 39 0.048081

35 39 0.0460701

36 39 0.0438775

37 39 0.0415117

38 39 0.0389821

39 39 0.0362986

40 39 0.0334719

41 39 0.0305131

42 39 0.0274339

43 39 0.0242464

44 39 0.0209632

45 39 0.0175972

46 39 0.0141619

47 39 0.0106706

48 39 0.00713721

49 39 0.00357566

50 39 0

0 40 0

1 40 0.00329721

2 40 0.0065814

3 40 0.00983962

4 40 0.013059

5 40 0.0162269

6 40 0.0193307

7 40 0.0223582

8 40 0.0252975

9 40 0.0281369

10 40 0.0308653

11 40 0.0334719

12 40 0.0359464

13 40 0.038279

14 40 0.0404606

15 40 0.0424825

16 40 0.0443367

17 40 0.0460159

18 40 0.0475136

19 40 0.0488237

20 40 0.0499411

21 40 0.0508615

22 40 0.0515811

23 40 0.0520972

24 40 0.0524076

25 40 0.0525112

26 40 0.0524076

27 40 0.0520972

28 40 0.0515811

29 40 0.0508615

30 40 0.0499411

31 40 0.0488237

32 40 0.0475136

33 40 0.0460159

34 40 0.0443367

35 40 0.0424825

36 40 0.0404606

37 40 0.038279

38 40 0.0359464

39 40 0.0334719

40 40 0.0308653

41 40 0.0281369

42 40 0.0252975

43 40 0.0223582

44 40 0.0193307

45 40 0.0162269

46 40 0.013059

47 40 0.00983962

48 40 0.0065814

49 40 0.00329721

50 40 0

0 41 0

1 41 0.00300574

2 41 0.00599963

3 41 0.00896983

4 41 0.0119046

5 41 0.0147925

6 41 0.0176219

7 41 0.0203818

8 41 0.0230613

9 41 0.0256497

10 41 0.0281369

11 41 0.0305131

12 41 0.0327689

13 41 0.0348953

14 41 0.036884

15 41 0.0387272

16 41 0.0404175

17 41 0.0419483

18 41 0.0433135

19 41 0.0445078

20 41 0.0455265

21 41 0.0463655

22 41 0.0470215

23 41 0.0474919

24 41 0.0477749

25 41 0.0478694

26 41 0.0477749

27 41 0.0474919

28 41 0.0470215

29 41 0.0463655

30 41 0.0455265

31 41 0.0445078

32 41 0.0433135

33 41 0.0419483

34 41 0.0404175

35 41 0.0387272

36 41 0.036884

37 41 0.0348953

38 41 0.0327689

39 41 0.0305131

40 41 0.0281369

41 41 0.0256497

42 41 0.0230613

43 41 0.0203818

44 41 0.0176219

45 41 0.0147925

46 41 0.0119046

47 41 0.00896983

48 41 0.00599963

49 41 0.00300574

50 41 0

0 42 0

1 42 0.00270242

2 42 0.00539417

3 42 0.00806464

4 42 0.0107033

5 42 0.0132997

6 42 0.0158436

7 42 0.018325

8 42 0.020734

9 42 0.0230613

10 42 0.0252975

11 42 0.0274339

12 42 0.029462

13 42 0.0313738

14 42 0.0331618

15 42 0.034819

16 42 0.0363387

17 42 0.037715

18 42 0.0389425

19 42 0.0400163

20 42 0.0409322

21 42 0.0416865

22 42 0.0422763

23 42 0.0426993

24 42 0.0429537

25 42 0.0430386

26 42 0.0429537

27 42 0.0426993

28 42 0.0422763

29 42 0.0416865

30 42 0.0409322

31 42 0.0400163

32 42 0.0389425

33 42 0.037715

34 42 0.0363387

35 42 0.034819

36 42 0.0331618

37 42 0.0313738

38 42 0.029462

39 42 0.0274339

40 42 0.0252975

41 42 0.0230613

42 42 0.020734

43 42 0.018325

44 42 0.0158436

45 42 0.0132997

46 42 0.0107033

47 42 0.00806464

48 42 0.00539417

49 42 0.00270242

50 42 0

0 43 0

1 43 0.00238843

2 43 0.00476743

3 43 0.00712762

4 43 0.00945967

5 43 0.0117544

6 43 0.0140027

7 43 0.0161958

8 43 0.018325

9 43 0.0203818

10 43 0.0223582

11 43 0.0242464

12 43 0.0260388

13 43 0.0277285

14 43 0.0293088

15 43 0.0307734

16 43 0.0321166

17 43 0.033333

18 43 0.0344178

19 43 0.0353669

20 43 0.0361763

21 43 0.036843

22 43 0.0373643

23 43 0.0377381

24 43 0.037963

25 43 0.038038

26 43 0.037963

27 43 0.0377381

28 43 0.0373643

29 43 0.036843

30 43 0.0361763

31 43 0.0353669

32 43 0.0344178

33 43 0.033333

34 43 0.0321166

35 43 0.0307734

36 43 0.0293088

37 43 0.0277285

38 43 0.0260388

39 43 0.0242464

40 43 0.0223582

41 43 0.0203818

42 43 0.018325

43 43 0.0161958

44 43 0.0140027

45 43 0.0117544

46 43 0.00945967

47 43 0.00712762

48 43 0.00476743

49 43 0.00238843

50 43 0

0 44 0

1 44 0.00206501

2 44 0.00412187

3 44 0.00616247

4 44 0.00817874

5 44 0.0101627

6 44 0.0121066

7 44 0.0140027

8 44 0.0158436

9 44 0.0176219

10 44 0.0193307

11 44 0.0209632

12 44 0.0225129

13 44 0.0239738

14 44 0.0253401

15 44 0.0266064

16 44 0.0277677

17 44 0.0288194

18 44 0.0297573

19 44 0.0305778

20 44 0.0312777

21 44 0.0318541

22 44 0.0323048

23 44 0.032628

24 44 0.0328224

25 44 0.0328873

26 44 0.0328224

27 44 0.032628

28 44 0.0323048

29 44 0.0318541

30 44 0.0312777

31 44 0.0305778

32 44 0.0297573

33 44 0.0288194

34 44 0.0277677

35 44 0.0266064

36 44 0.0253401

37 44 0.0239738

38 44 0.0225129

39 44 0.0209632

40 44 0.0193307

41 44 0.0176219

42 44 0.0158436

43 44 0.0140027

44 44 0.0121066

45 44 0.0101627

46 44 0.00817874

47 44 0.00616247

48 44 0.00412187

49 44 0.00206501

50 44 0

0 45 0

1 45 0.00173344

2 45 0.00346005

3 45 0.005173

4 45 0.00686553

5 45 0.00853097

6 45 0.0101627

7 45 0.0117544

8 45 0.0132997

9 45 0.0147925

10 45 0.0162269

11 45 0.0175972

12 45 0.0188981

13 45 0.0201245

14 45 0.0212714

15 45 0.0223344

16 45 0.0233092

17 45 0.024192

18 45 0.0249794

19 45 0.0256681

20 45 0.0262556

21 45 0.0267395

22 45 0.0271178

23 45 0.0273891

24 45 0.0275523

25 45 0.0276068

26 45 0.0275523

27 45 0.0273891

28 45 0.0271178

29 45 0.0267395

30 45 0.0262556

31 45 0.0256681

32 45 0.0249794

33 45 0.024192

34 45 0.0233092

35 45 0.0223344

36 45 0.0212714

37 45 0.0201245

38 45 0.0188981

39 45 0.0175972

40 45 0.0162269

41 45 0.0147925

42 45 0.0132997

43 45 0.0117544

44 45 0.0101627

45 45 0.00853097

46 45 0.00686553

47 45 0.005173

48 45 0.00346005

49 45 0.00173344

50 45 0

0 46 0

1 46 0.00139504

2 46 0.00278457

3 46 0.00416311

4 46 0.00552522

5 46 0.00686553

6 46 0.00817874

7 46 0.00945967

8 46 0.0107033

9 46 0.0119046

10 46 0.013059

11 46 0.0141619

12 46 0.0152088

13 46 0.0161957

14 46 0.0171187

15 46 0.0179742

16 46 0.0187587

17 46 0.0194692

18 46 0.0201028

19 46 0.0206571

20 46 0.0211299

21 46 0.0215193

22 46 0.0218238

23 46 0.0220421

24 46 0.0221735

25 46 0.0222173

26 46 0.0221735

27 46 0.0220421

28 46 0.0218238

29 46 0.0215193

30 46 0.0211299

31 46 0.0206571

32 46 0.0201028

33 46 0.0194692

34 46 0.0187587

35 46 0.0179742

36 46 0.0171187

37 46 0.0161957

38 46 0.0152088

39 46 0.0141619

40 46 0.013059

41 46 0.0119046

42 46 0.0107033

43 46 0.00945967

44 46 0.00817874

45 46 0.00686553

46 46 0.00552522

47 46 0.00416311

48 46 0.00278457

49 46 0.00139504

50 46 0

0 47 0

1 47 0.00105112

2 47 0.0020981

3 47 0.00313679

4 47 0.00416311

5 47 0.005173

6 47 0.00616247

7 47 0.00712762

8 47 0.00806464

9 47 0.00896983

10 47 0.00983962

11 47 0.0106706

12 47 0.0114594

13 47 0.0122031

14 47 0.0128985

15 47 0.0135431

16 47 0.0141342

17 47 0.0146695

18 47 0.015147

19 47 0.0155646

20 47 0.0159208

21 47 0.0162142

22 47 0.0164437

23 47 0.0166082

24 47 0.0167071

25 47 0.0167402

26 47 0.0167071

27 47 0.0166082

28 47 0.0164437

29 47 0.0162142

30 47 0.0159208

31 47 0.0155646

32 47 0.015147

33 47 0.0146695

34 47 0.0141342

35 47 0.0135431

36 47 0.0128985

37 47 0.0122031

38 47 0.0114594

39 47 0.0106706

40 47 0.00983962

41 47 0.00896983

42 47 0.00806464

43 47 0.00712762

44 47 0.00616247

45 47 0.005173

46 47 0.00416311

47 47 0.00313679

48 47 0.0020981

49 47 0.00105112

50 47 0

0 48 0

1 48 0.000703062

2 48 0.00140335

3 48 0.0020981

4 48 0.00278457

5 48 0.00346005

6 48 0.00412187

7 48 0.00476743

8 48 0.00539417

9 48 0.00599963

10 48 0.0065814

11 48 0.00713721

12 48 0.00766484

13 48 0.00816223

14 48 0.0086274

15 48 0.00905852

16 48 0.0094539

17 48 0.00981196

18 48 0.0101313

19 48 0.0104107

20 48 0.0106489

21 48 0.0108452

22 48 0.0109986

23 48 0.0111087

24 48 0.0111749

25 48 0.011197

26 48 0.0111749

27 48 0.0111087

28 48 0.0109986

29 48 0.0108452

30 48 0.0106489

31 48 0.0104107

32 48 0.0101313

33 48 0.00981196

34 48 0.0094539

35 48 0.00905852

36 48 0.0086274

37 48 0.00816223

38 48 0.00766484

39 48 0.00713721

40 48 0.0065814

41 48 0.00599963

42 48 0.00539417

43 48 0.00476743

44 48 0.00412187

45 48 0.00346005

46 48 0.00278457

47 48 0.0020981

48 48 0.00140335

49 48 0.000703062

50 48 0

0 49 0

