0 1 0

1 1 0.000205929

2 1 0.000411046

3 1 0.00061454

4 1 0.000815609

5 1 0.00101346

6 1 0.00120731

7 1 0.0013964

8 1 0.00157997

9 1 0.00175731

10 1 0.00192771

11 1 0.00209051

12 1 0.00224506

13 1 0.00239074

14 1 0.00252699

15 1 0.00265327

16 1 0.00276908

17 1 0.00287396

18 1 0.00296749

19 1 0.00304932

20 1 0.00311911

21 1 0.00317659

22 1 0.00322153

23 1 0.00325376

24 1 0.00327315

25 1 0.00327962

26 1 0.00327315

27 1 0.00325376

28 1 0.00322153

29 1 0.00317659

30 1 0.00311911

31 1 0.00304932

32 1 0.00296749

33 1 0.00287396

34 1 0.00276908

35 1 0.00265327

36 1 0.00252699

37 1 0.00239074

38 1 0.00224506

39 1 0.00209051

40 1 0.00192771

41 1 0.00175731

42 1 0.00157997

43 1 0.0013964

44 1 0.00120731

45 1 0.00101346

46 1 0.000815609

47 1 0.00061454

48 1 0.000411046

49 1 0.000205929

50 1 0

0 2 0

1 2 0.000411046

2 2 0.000820469

3 2 0.00122665

4 2 0.001628

5 2 0.00202292

6 2 0.00240985

7 2 0.00278728

8 2 0.00315371

9 2 0.00350768

10 2 0.00384782

11 2 0.00417277

12 2 0.00448125

13 2 0.00477205

14 2 0.00504401

15 2 0.00529607

16 2 0.00552723

17 2 0.00573657

18 2 0.00592327

19 2 0.0060866

20 2 0.0062259

21 2 0.00634064

22 2 0.00643035

23 2 0.00649468

24 2 0.00653339

25 2 0.0065463

26 2 0.00653339

27 2 0.00649468

28 2 0.00643035

29 2 0.00634064

30 2 0.0062259

31 2 0.0060866

32 2 0.00592327

33 2 0.00573657

34 2 0.00552723

35 2 0.00529607

36 2 0.00504401

37 2 0.00477205

38 2 0.00448125

39 2 0.00417277

40 2 0.00384782

41 2 0.00350768

42 2 0.00315371

43 2 0.00278728

44 2 0.00240985

45 2 0.00202292

46 2 0.001628

47 2 0.00122665

48 2 0.000820469

49 2 0.000411046

50 2 0

0 3 0

1 3 0.00061454

2 3 0.00122665

3 3 0.00183393

4 3 0.00243396

5 3 0.0030244

6 3 0.00360289

7 3 0.00416716

8 3 0.00471499

9 3 0.00524422

10 3 0.00575274

11 3 0.00623856

12 3 0.00669976

13 3 0.00713452

14 3 0.00754113

15 3 0.00791797

16 3 0.00826356

17 3 0.00857654

18 3 0.00885568

19 3 0.00909986

20 3 0.00930813

21 3 0.00947967

22 3 0.00961379

23 3 0.00970997

24 3 0.00976784

25 3 0.00978715

26 3 0.00976784

27 3 0.00970997

28 3 0.00961379

29 3 0.00947967

30 3 0.00930813

31 3 0.00909986

32 3 0.00885568

33 3 0.00857654

34 3 0.00826356

35 3 0.00791797

36 3 0.00754113

37 3 0.00713452

38 3 0.00669976

39 3 0.00623856

40 3 0.00575274

41 3 0.00524422

42 3 0.00471499

43 3 0.00416716

44 3 0.00360289

45 3 0.0030244

46 3 0.00243396

47 3 0.00183393

48 3 0.00122665

49 3 0.00061454

50 3 0

0 4 0

1 4 0.000815609

2 4 0.001628

3 4 0.00243396

4 4 0.00323032

5 4 0.00401394

6 4 0.0047817

7 4 0.0055306

8 4 0.00625768

9 4 0.00696005

10 4 0.00763496

11 4 0.00827973

12 4 0.00889183

13 4 0.00946884

14 4 0.0100085

15 4 0.0105086

16 4 0.0109673

17 4 0.0113827

18 4 0.0117531

19 4 0.0120772

20 4 0.0123536

21 4 0.0125813

22 4 0.0127593

23 4 0.0128869

24 4 0.0129637

25 4 0.0129894

26 4 0.0129637

27 4 0.0128869

28 4 0.0127593

29 4 0.0125813

30 4 0.0123536

31 4 0.0120772

32 4 0.0117531

33 4 0.0113827

34 4 0.0109673

35 4 0.0105086

36 4 0.0100085

37 4 0.00946884

38 4 0.00889183

39 4 0.00827973

40 4 0.00763496

41 4 0.00696005

42 4 0.00625768

43 4 0.0055306

44 4 0.0047817

45 4 0.00401394

46 4 0.00323032

47 4 0.00243396

48 4 0.001628

49 4 0.000815609

50 4 0

0 5 0

1 5 0.00101346

2 5 0.00202292

3 5 0.0030244

4 5 0.00401394

5 5 0.00498763

6 5 0.00594165

7 5 0.00687222

8 5 0.00777566

9 5 0.00864842

10 5 0.00948704

11 5 0.0102882

12 5 0.0110488

13 5 0.0117658

14 5 0.0124363

15 5 0.0130578

16 5 0.0136277

17 5 0.0141439

18 5 0.0146042

19 5 0.0150069

20 5 0.0153504

21 5 0.0156332

22 5 0.0158544

23 5 0.0160131

24 5 0.0161085

25 5 0.0161403

26 5 0.0161085

27 5 0.0160131

28 5 0.0158544

29 5 0.0156332

30 5 0.0153504

31 5 0.0150069

32 5 0.0146042

33 5 0.0141439

34 5 0.0136277

35 5 0.0130578

36 5 0.0124363

37 5 0.0117658

38 5 0.0110488

39 5 0.0102882

40 5 0.00948704

41 5 0.00864842

42 5 0.00777566

43 5 0.00687222

44 5 0.00594165

45 5 0.00498763

46 5 0.00401394

47 5 0.0030244

48 5 0.00202292

49 5 0.00101346

50 5 0

0 6 0

1 6 0.00120731

2 6 0.00240985

3 6 0.00360289

4 6 0.0047817

5 6 0.00594165

6 6 0.00707814

7 6 0.00818671

8 6 0.00926296

9 6 0.0103027

10 6 0.0113017

11 6 0.0122561

12 6 0.0131622

13 6 0.0140163

14 6 0.0148151

15 6 0.0155554

16 6 0.0162344

17 6 0.0168493

18 6 0.0173976

19 6 0.0178774

20 6 0.0182865

21 6 0.0186235

22 6 0.018887

23 6 0.019076

24 6 0.0191896

25 6 0.0192276

26 6 0.0191896

27 6 0.019076

28 6 0.018887

29 6 0.0186235

30 6 0.0182865

31 6 0.0178774

32 6 0.0173976

33 6 0.0168493

34 6 0.0162344

35 6 0.0155554

36 6 0.0148151

37 6 0.0140163

38 6 0.0131622

39 6 0.0122561

40 6 0.0113017

41 6 0.0103027

42 6 0.00926296

43 6 0.00818671

44 6 0.00707814

45 6 0.00594165

46 6 0.0047817

47 6 0.00360289

48 6 0.00240985

49 6 0.00120731

50 6 0

0 7 0

1 7 0.0013964

2 7 0.00278728

3 7 0.00416716

4 7 0.0055306

5 7 0.00687222

6 7 0.00818671

7 7 0.00946889

8 7 0.0107137

9 7 0.0119162

10 7 0.0130717

11 7 0.0141756

12 7 0.0152236

13 7 0.0162115

14 7 0.0171354

15 7 0.0179917

16 7 0.018777

17 7 0.0194881

18 7 0.0201224

19 7 0.0206773

20 7 0.0211505

21 7 0.0215403

22 7 0.021845

23 7 0.0220636

24 7 0.0221951

25 7 0.022239

26 7 0.0221951

27 7 0.0220636

28 7 0.021845

29 7 0.0215403

30 7 0.0211505

31 7 0.0206773

32 7 0.0201224

33 7 0.0194881

34 7 0.018777

35 7 0.0179917

36 7 0.0171354

37 7 0.0162115

38 7 0.0152236

39 7 0.0141756

40 7 0.0130717

41 7 0.0119162

42 7 0.0107137

43 7 0.00946889

44 7 0.00818671

45 7 0.00687222

46 7 0.0055306

47 7 0.00416716

48 7 0.00278728

49 7 0.0013964

50 7 0

0 8 0

1 8 0.00157997

2 8 0.00315371

3 8 0.00471499

4 8 0.00625768

5 8 0.00777566

6 8 0.00926296

7 8 0.0107137

8 8 0.0121222

9 8 0.0134828

10 8 0.0147902

11 8 0.0160392

12 8 0.017225

13 8 0.0183427

14 8 0.0193881

15 8 0.0203569

16 8 0.0212455

17 8 0.0220501

18 8 0.0227678

19 8 0.0233956

20 8 0.023931

21 8 0.024372

22 8 0.0247169

23 8 0.0249642

24 8 0.0251129

25 8 0.0251626

26 8 0.0251129

27 8 0.0249642

28 8 0.0247169

29 8 0.024372

30 8 0.023931

31 8 0.0233956

32 8 0.0227678

33 8 0.0220501

34 8 0.0212455

35 8 0.0203569

36 8 0.0193881

37 8 0.0183427

38 8 0.017225

39 8 0.0160392

40 8 0.0147902

41 8 0.0134828

42 8 0.0121222

43 8 0.0107137

44 8 0.00926296

45 8 0.00777566

46 8 0.00625768

47 8 0.00471499

48 8 0.00315371

49 8 0.00157997

50 8 0

0 9 0

1 9 0.00175731

2 9 0.00350768

3 9 0.00524422

4 9 0.00696005

5 9 0.00864842

6 9 0.0103027

7 9 0.0119162

8 9 0.0134828

9 9 0.0149961

10 9 0.0164503

11 9 0.0178395

12 9 0.0191583

13 9 0.0204015

14 9 0.0215643

15 9 0.0226419

16 9 0.0236301

17 9 0.0245251

18 9 0.0253233

19 9 0.0260215

20 9 0.0266171

21 9 0.0271076

22 9 0.0274911

23 9 0.0277662

24 9 0.0279316

25 9 0.0279869

26 9 0.0279316

27 9 0.0277662

28 9 0.0274911

29 9 0.0271076

30 9 0.0266171

31 9 0.0260215

32 9 0.0253233

33 9 0.0245251

34 9 0.0236301

35 9 0.0226419

36 9 0.0215643

37 9 0.0204015

38 9 0.0191583

39 9 0.0178395

40 9 0.0164503

41 9 0.0149961

42 9 0.0134828

43 9 0.0119162

44 9 0.0103027

45 9 0.00864842

46 9 0.00696005

47 9 0.00524422

48 9 0.00350768

49 9 0.00175731

50 9 0

0 10 0

1 10 0.00192771

2 10 0.00384782

3 10 0.00575274

4 10 0.00763496

5 10 0.00948704

6 10 0.0113017

7 10 0.0130717

8 10 0.0147902

9 10 0.0164503

10 10 0.0180454

11 10 0.0195694

12 10 0.0210161

13 10 0.0223799

14 10 0.0236553

15 10 0.0248374

16 10 0.0259215

17 10 0.0269032

18 10 0.0277788

19 10 0.0285448

20 10 0.0291981

21 10 0.0297362

22 10 0.0301569

23 10 0.0304586

24 10 0.0306401

25 10 0.0307007

26 10 0.0306401

27 10 0.0304586

28 10 0.0301569

29 10 0.0297362

30 10 0.0291981

31 10 0.0285448

32 10 0.0277788

33 10 0.0269032

34 10 0.0259215

35 10 0.0248374

36 10 0.0236553

37 10 0.0223799

38 10 0.0210161

39 10 0.0195694

40 10 0.0180454

41 10 0.0164503

42 10 0.0147902

43 10 0.0130717

44 10 0.0113017

45 10 0.00948704

46 10 0.00763496

47 10 0.00575274

48 10 0.00384782

49 10 0.00192771

50 10 0

0 11 0

1 11 0.00209051

2 11 0.00417277

3 11 0.00623856

4 11 0.00827973

5 11 0.0102882

6 11 0.0122561

7 11 0.0141756

8 11 0.0160392

9 11 0.0178395

10 11 0.0195694

11 11 0.021222

12 11 0.0227909

13 11 0.0242699

14 11 0.025653

15 11 0.0269349

16 11 0.0281106

17 11 0.0291752

18 11 0.0301248

19 11 0.0309554

20 11 0.0316639

21 11 0.0322474

22 11 0.0327037

23 11 0.0330309

24 11 0.0332277

25 11 0.0332934

26 11 0.0332277

27 11 0.0330309

28 11 0.0327037

29 11 0.0322474

30 11 0.0316639

31 11 0.0309554

32 11 0.0301248

33 11 0.0291752

34 11 0.0281106

35 11 0.0269349

36 11 0.025653

37 11 0.0242699

38 11 0.0227909

39 11 0.021222

40 11 0.0195694

41 11 0.0178395

42 11 0.0160392

43 11 0.0141756

44 11 0.0122561

45 11 0.0102882

46 11 0.00827973

47 11 0.00623856

48 11 0.00417277

49 11 0.00209051

50 11 0

0 12 0

1 12 0.00224506

2 12 0.00448125

3 12 0.00669976

4 12 0.00889183

5 12 0.0110488

6 12 0.0131622

7 12 0.0152236

8 12 0.017225

9 12 0.0191583

10 12 0.0210161

11 12 0.0227909

12 12 0.0244758

13 12 0.0260641

14 12 0.0275495

15 12 0.0289262

16 12 0.0301887

17 12 0.0313321

18 12 0.0323518

19 12 0.0332439

20 12 0.0340047

21 12 0.0346314

22 12 0.0351214

23 12 0.0354728

24 12 0.0356842

25 12 0.0357547

26 12 0.0356842

27 12 0.0354728

28 12 0.0351214

29 12 0.0346314

30 12 0.0340047

31 12 0.0332439

32 12 0.0323518

33 12 0.0313321

34 12 0.0301887

35 12 0.0289262

36 12 0.0275495

37 12 0.0260641

38 12 0.0244758

39 12 0.0227909

40 12 0.0210161

41 12 0.0191583

42 12 0.017225

43 12 0.0152236

44 12 0.0131622

45 12 0.0110488

46 12 0.00889183

47 12 0.00669976

48 12 0.00448125

49 12 0.00224506

50 12 0

0 13 0

1 13 0.00239074

2 13 0.00477205

3 13 0.00713452

4 13 0.00946884

5 13 0.0117658

6 13 0.0140163

7 13 0.0162115

8 13 0.0183427

9 13 0.0204015

10 13 0.0223799

11 13 0.0242699

12 13 0.0260641

13 13 0.0277554

14 13 0.0293372

15 13 0.0308032

16 13 0.0321477

17 13 0.0333653

18 13 0.0344512

19 13 0.0354011

20 13 0.0362114

21 13 0.0368787

22 13 0.0374005

23 13 0.0377747

24 13 0.0379998

25 13 0.0380749

26 13 0.0379998

27 13 0.0377747

28 13 0.0374005

29 13 0.0368787

30 13 0.0362114

31 13 0.0354011

32 13 0.0344512

33 13 0.0333653

34 13 0.0321477

35 13 0.0308032

36 13 0.0293372

37 13 0.0277554

38 13 0.0260641

39 13 0.0242699

40 13 0.0223799

41 13 0.0204015

42 13 0.0183427

43 13 0.0162115

44 13 0.0140163

45 13 0.0117658

46 13 0.00946884

47 13 0.00713452

48 13 0.00477205

49 13 0.00239074

50 13 0

0 14 0

1 14 0.00252699

2 14 0.00504401

3 14 0.00754113

4 14 0.0100085

5 14 0.0124363

6 14 0.0148151

7 14 0.0171354

8 14 0.0193881

9 14 0.0215643

10 14 0.0236553

11 14 0.025653

12 14 0.0275495

13 14 0.0293372

14 14 0.0310092

15 14 0.0325587

16 14 0.0339798

17 14 0.0352668

18 14 0.0364146

19 14 0.0374187

20 14 0.0382751

21 14 0.0389805

22 14 0.039532

23 14 0.0399275

24 14 0.0401654

25 14 0.0402448

26 14 0.0401654

27 14 0.0399275

28 14 0.039532

29 14 0.0389805

30 14 0.0382751

31 14 0.0374187

32 14 0.0364146

33 14 0.0352668

34 14 0.0339798

35 14 0.0325587

36 14 0.0310092

37 14 0.0293372

38 14 0.0275495

39 14 0.025653

40 14 0.0236553

41 14 0.0215643

42 14 0.0193881

43 14 0.0171354

44 14 0.0148151

45 14 0.0124363

46 14 0.0100085

47 14 0.00754113

48 14 0.00504401

49 14 0.00252699

50 14 0

0 15 0

1 15 0.00265327

2 15 0.00529607

3 15 0.00791797

4 15 0.0105086

5 15 0.0130578

6 15 0.0155554

7 15 0.0179917

8 15 0.0203569

9 15 0.0226419

10 15 0.0248374

11 15 0.0269349

12 15 0.0289262

13 15 0.0308032

14 15 0.0325587

15 15 0.0341858

16 15 0.0356778

17 15 0.0370291

18 15 0.0382343

19 15 0.0392886

20 15 0.0401878

21 15 0.0409284

22 15 0.0415074

23 15 0.0419227

24 15 0.0421725

25 15 0.0422559

26 15 0.0421725

27 15 0.0419227

28 15 0.0415074

29 15 0.0409284

30 15 0.0401878

31 15 0.0392886

32 15 0.0382343

33 15 0.0370291

34 15 0.0356778

35 15 0.0341858

36 15 0.0325587

37 15 0.0308032

38 15 0.0289262

39 15 0.0269349

40 15 0.0248374

41 15 0.0226419

42 15 0.0203569

43 15 0.0179917

44 15 0.0155554

45 15 0.0130578

46 15 0.0105086

47 15 0.00791797

48 15 0.00529607

49 15 0.00265327

50 15 0

0 16 0

1 16 0.00276908

2 16 0.00552723

3 16 0.00826356

4 16 0.0109673

5 16 0.0136277

6 16 0.0162344

7 16 0.018777

8 16 0.0212455

9 16 0.0236301

10 16 0.0259215

11 16 0.0281106

12 16 0.0301887

13 16 0.0321477

14 16 0.0339798

15 16 0.0356778

16 16 0.0372351

17 16 0.0386453

18 16 0.0399031

19 16 0.0410034

20 16 0.0419418

21 16 0.0427148

22 16 0.0433191

23 16 0.0437525

24 16 0.0440132

25 16 0.0441002

26 16 0.0440132

27 16 0.0437525

28 16 0.0433191

29 16 0.0427148

30 16 0.0419418

31 16 0.0410034

32 16 0.0399031

33 16 0.0386453

34 16 0.0372351

35 16 0.0356778

36 16 0.0339798

37 16 0.0321477

38 16 0.0301887

39 16 0.0281106

40 16 0.0259215

41 16 0.0236301

42 16 0.0212455

43 16 0.018777

44 16 0.0162344

45 16 0.0136277

46 16 0.0109673

47 16 0.00826356

48 16 0.00552723

49 16 0.00276908

50 16 0

0 17 0

1 17 0.00287396

2 17 0.00573657

3 17 0.00857654

4 17 0.0113827

5 17 0.0141439

6 17 0.0168493

7 17 0.0194881

8 17 0.0220501

9 17 0.0245251

10 17 0.0269032

11 17 0.0291752

12 17 0.0313321

13 17 0.0333653

14 17 0.0352668

15 17 0.0370291

16 17 0.0386453

17 17 0.040109

18 17 0.0414144

19 17 0.0425564

20 17 0.0435304

21 17 0.0443326

22 17 0.0449598

23 17 0.0454096

24 17 0.0456802

25 17 0.0457705

26 17 0.0456802

27 17 0.0454096

28 17 0.0449598

29 17 0.0443326

30 17 0.0435304

31 17 0.0425564

32 17 0.0414144

33 17 0.040109

34 17 0.0386453

35 17 0.0370291

36 17 0.0352668

37 17 0.0333653

38 17 0.0313321

39 17 0.0291752

40 17 0.0269032

41 17 0.0245251

42 17 0.0220501

43 17 0.0194881

44 17 0.0168493

45 17 0.0141439

46 17 0.0113827

47 17 0.00857654

48 17 0.00573657

49 17 0.00287396

50 17 0

0 18 0

1 18 0.00296749

2 18 0.00592327

3 18 0.00885568

4 18 0.0117531

5 18 0.0146042

6 18 0.0173976

7 18 0.0201224

8 18 0.0227678

9 18 0.0253233

10 18 0.0277788

11 18 0.0301248

12 18 0.0323518

13 18 0.0344512

14 18 0.0364146

15 18 0.0382343

16 18 0.0399031

17 18 0.0414144

18 18 0.0427623

19 18 0.0439414

20 18 0.0449471

21 18 0.0457754

22 18 0.0464231

23 18 0.0468875

24 18 0.0471669

25 18 0.0472602

26 18 0.0471669

27 18 0.0468875

28 18 0.0464231

29 18 0.0457754

30 18 0.0449471

31 18 0.0439414

32 18 0.0427623

33 18 0.0414144

34 18 0.0399031

35 18 0.0382343

36 18 0.0364146

37 18 0.0344512

38 18 0.0323518

39 18 0.0301248

40 18 0.0277788

41 18 0.0253233

42 18 0.0227678

43 18 0.0201224

44 18 0.0173976

45 18 0.0146042

46 18 0.0117531

47 18 0.00885568

48 18 0.00592327

49 18 0.00296749

50 18 0

0 19 0

1 19 0.00304932

2 19 0.0060866

3 19 0.00909986

4 19 0.0120772

5 19 0.0150069

6 19 0.0178774

7 19 0.0206773

8 19 0.0233956

9 19 0.0260215

10 19 0.0285448

11 19 0.0309554

12 19 0.0332439

13 19 0.0354011

14 19 0.0374187

15 19 0.0392886

16 19 0.0410034

17 19 0.0425564

18 19 0.0439414

19 19 0.045153

20 19 0.0461865

21 19 0.0470376

22 19 0.0477031

23 19 0.0481804

24 19 0.0484675

25 19 0.0485633

26 19 0.0484675

27 19 0.0481804

28 19 0.0477031

29 19 0.0470376

30 19 0.0461865

31 19 0.045153

32 19 0.0439414

33 19 0.0425564

34 19 0.0410034

35 19 0.0392886

36 19 0.0374187

37 19 0.0354011

38 19 0.0332439

39 19 0.0309554

40 19 0.0285448

41 19 0.0260215

42 19 0.0233956

43 19 0.0206773

44 19 0.0178774

45 19 0.0150069

46 19 0.0120772

47 19 0.00909986

48 19 0.0060866

49 19 0.00304932

50 19 0

0 20 0

1 20 0.00311911

2 20 0.0062259

3 20 0.00930813

4 20 0.0123536

5 20 0.0153504

6 20 0.0182865

7 20 0.0211505

8 20 0.023931

9 20 0.0266171

10 20 0.0291981

11 20 0.0316639

12 20 0.0340047

13 20 0.0362114

14 20 0.0382751

15 20 0.0401878

16 20 0.0419418

17 20 0.0435304

18 20 0.0449471

19 20 0.0461865

20 20 0.0472435

21 20 0.0481142

22 20 0.0487949

23 20 0.0492831

24 20 0.0495768

25 20 0.0496748

26 20 0.0495768

27 20 0.0492831

28 20 0.0487949

29 20 0.0481142

30 20 0.0472435

31 20 0.0461865

32 20 0.0449471

33 20 0.0435304

34 20 0.0419418

35 20 0.0401878

36 20 0.0382751

37 20 0.0362114

38 20 0.0340047

39 20 0.0316639

40 20 0.0291981

41 20 0.0266171

42 20 0.023931

43 20 0.0211505

44 20 0.0182865

45 20 0.0153504

46 20 0.0123536

47 20 0.00930813

48 20 0.0062259

49 20 0.00311911

50 20 0

0 21 0

1 21 0.00317659

2 21 0.00634064

3 21 0.00947967

4 21 0.0125813

5 21 0.0156332

6 21 0.0186235

7 21 0.0215403

8 21 0.024372

9 21 0.0271076

10 21 0.0297362

11 21 0.0322474

12 21 0.0346314

13 21 0.0368787

14 21 0.0389805

15 21 0.0409284

16 21 0.0427148

17 21 0.0443326

18 21 0.0457754

19 21 0.0470376

20 21 0.0481142

21 21 0.0490009

22 21 0.0496942

23 21 0.0501913

24 21 0.0504904

25 21 0.0505902

26 21 0.0504904

27 21 0.0501913

28 21 0.0496942

29 21 0.0490009

30 21 0.0481142

31 21 0.0470376

32 21 0.0457754

33 21 0.0443326

34 21 0.0427148

35 21 0.0409284

36 21 0.0389805

37 21 0.0368787

38 21 0.0346314

39 21 0.0322474

40 21 0.0297362

41 21 0.0271076

42 21 0.024372

43 21 0.0215403

44 21 0.0186235

45 21 0.0156332

46 21 0.0125813

47 21 0.00947967

48 21 0.00634064

49 21 0.00317659

50 21 0

0 22 0

1 22 0.00322153

2 22 0.00643035

3 22 0.00961379

4 22 0.0127593

5 22 0.0158544

6 22 0.018887

7 22 0.021845

8 22 0.0247169

9 22 0.0274911

10 22 0.0301569

11 22 0.0327037

12 22 0.0351214

13 22 0.0374005

14 22 0.039532

15 22 0.0415074

16 22 0.0433191

17 22 0.0449598

18 22 0.0464231

19 22 0.0477031

20 22 0.0487949

21 22 0.0496942

22 22 0.0503973

23 22 0.0509015

24 22 0.0512048

25 22 0.051306

26 22 0.0512048

27 22 0.0509015

28 22 0.0503973

29 22 0.0496942

30 22 0.0487949

31 22 0.0477031

32 22 0.0464231

33 22 0.0449598

34 22 0.0433191

35 22 0.0415074

36 22 0.039532

37 22 0.0374005

38 22 0.0351214

39 22 0.0327037

40 22 0.0301569

41 22 0.0274911

42 22 0.0247169

43 22 0.021845

44 22 0.018887

45 22 0.0158544

46 22 0.0127593

47 22 0.00961379

48 22 0.00643035

49 22 0.00322153

50 22 0

0 23 0

1 23 0.00325376

2 23 0.00649468

3 23 0.00970997

4 23 0.0128869

5 23 0.0160131

6 23 0.019076

7 23 0.0220636

8 23 0.0249642

9 23 0.0277662

10 23 0.0304586

11 23 0.0330309

12 23 0.0354728

13 23 0.0377747

14 23 0.0399275

15 23 0.0419227

16 23 0.0437525

17 23 0.0454096

18 23 0.0468875

19 23 0.0481804

20 23 0.0492831

21 23 0.0501913

22 23 0.0509015

23 23 0.0514107

24 23 0.0517171

25 23 0.0518193

26 23 0.0517171

27 23 0.0514107

28 23 0.0509015

29 23 0.0501913

30 23 0.0492831

31 23 0.0481804

32 23 0.0468875

33 23 0.0454096

34 23 0.0437525

35 23 0.0419227

36 23 0.0399275

37 23 0.0377747

38 23 0.0354728

39 23 0.0330309

40 23 0.0304586

41 23 0.0277662

42 23 0.0249642

43 23 0.0220636

44 23 0.019076

45 23 0.0160131

46 23 0.0128869

47 23 0.00970997

48 23 0.00649468

49 23 0.00325376

50 23 0

0 24 0

1 24 0.00327315

2 24 0.00653339

3 24 0.00976784

4 24 0.0129637

5 24 0.0161085

6 24 0.0191896

7 24 0.0221951

8 24 0.0251129

9 24 0.0279316

10 24 0.0306401

11 24 0.0332277

12 24 0.0356842

13 24 0.0379998

14 24 0.0401654

15 24 0.0421725

16 24 0.0440132

17 24 0.0456802

18 24 0.0471669

19 24 0.0484675

20 24 0.0495768

21 24 0.0504904

22 24 0.0512048

23 24 0.0517171

24 24 0.0520253

25 24 0.0521281

26 24 0.0520253

27 24 0.0517171

28 24 0.0512048

29 24 0.0504904

30 24 0.0495768

31 24 0.0484675

32 24 0.0471669

33 24 0.0456802

34 24 0.0440132

35 24 0.0421725

36 24 0.0401654

37 24 0.0379998

38 24 0.0356842

39 24 0.0332277

40 24 0.0306401

41 24 0.0279316

42 24 0.0251129

43 24 0.0221951

44 24 0.0191896

45 24 0.0161085

46 24 0.0129637

47 24 0.00976784

48 24 0.00653339

49 24 0.00327315

50 24 0

0 25 0

1 25 0.00327962

2 25 0.0065463

3 25 0.00978715

4 25 0.0129894

5 25 0.0161403

6 25 0.0192276

7 25 0.022239

8 25 0.0251626

9 25 0.0279869

10 25 0.0307007

11 25 0.0332934

12 25 0.0357547

13 25 0.0380749

14 25 0.0402448

15 25 0.0422559

16 25 0.0441002

17 25 0.0457705

18 25 0.0472602

19 25 0.0485633

20 25 0.0496748

21 25 0.0505902

22 25 0.051306

23 25 0.0518193

24 25 0.0521281

25 25 0.0522312

26 25 0.0521281

27 25 0.0518193

28 25 0.051306

29 25 0.0505902

30 25 0.0496748

31 25 0.0485633

32 25 0.0472602

33 25 0.0457705

34 25 0.0441002

35 25 0.0422559

36 25 0.0402448

37 25 0.0380749

38 25 0.0357547

39 25 0.0332934

40 25 0.0307007

41 25 0.0279869

42 25 0.0251626

43 25 0.022239

44 25 0.0192276

45 25 0.0161403

46 25 0.0129894

47 25 0.00978715

48 25 0.0065463

49 25 0.00327962

50 25 0

0 26 0

1 26 0.00327315

2 26 0.00653339

3 26 0.00976784

4 26 0.0129637

5 26 0.0161085

6 26 0.0191896

7 26 0.0221951

8 26 0.0251129

9 26 0.0279316

10 26 0.0306401

11 26 0.0332277

12 26 0.0356842

13 26 0.0379998

14 26 0.0401654

15 26 0.0421725

16 26 0.0440132

17 26 0.0456802

18 26 0.0471669

19 26 0.0484675

20 26 0.0495768

21 26 0.0504904

22 26 0.0512048

23 26 0.0517171

24 26 0.0520253

25 26 0.0521281

26 26 0.0520253

27 26 0.0517171

28 26 0.0512048

29 26 0.0504904

30 26 0.0495768

31 26 0.0484675

32 26 0.0471669

33 26 0.0456802

34 26 0.0440132

35 26 0.0421725

36 26 0.0401654

37 26 0.0379998

38 26 0.0356842

39 26 0.0332277

40 26 0.0306401

41 26 0.0279316

42 26 0.0251129

43 26 0.0221951

44 26 0.0191896

45 26 0.0161085

46 26 0.0129637

47 26 0.00976784

48 26 0.00653339

49 26 0.00327315

50 26 0

0 27 0

1 27 0.00325376

2 27 0.00649468

3 27 0.00970997

4 27 0.0128869

5 27 0.0160131

6 27 0.019076

7 27 0.0220636

8 27 0.0249642

9 27 0.0277662

10 27 0.0304586

11 27 0.0330309

12 27 0.0354728

13 27 0.0377747

14 27 0.0399275

15 27 0.0419227

16 27 0.0437525

17 27 0.0454096

18 27 0.0468875

19 27 0.0481804

20 27 0.0492831

21 27 0.0501913

22 27 0.0509015

23 27 0.0514107

24 27 0.0517171

25 27 0.0518193

26 27 0.0517171

27 27 0.0514107

28 27 0.0509015

29 27 0.0501913

30 27 0.0492831

31 27 0.0481804

32 27 0.0468875

33 27 0.0454096

34 27 0.0437525

35 27 0.0419227

36 27 0.0399275

37 27 0.0377747

38 27 0.0354728

39 27 0.0330309

40 27 0.0304586

41 27 0.0277662

42 27 0.0249642

43 27 0.0220636

44 27 0.019076

45 27 0.0160131

46 27 0.0128869

47 27 0.00970997

48 27 0.00649468

49 27 0.00325376

50 27 0

0 28 0

1 28 0.00322153

2 28 0.00643035

3 28 0.00961379

4 28 0.0127593

5 28 0.0158544

6 28 0.018887

7 28 0.021845

8 28 0.0247169

9 28 0.0274911

10 28 0.0301569

11 28 0.0327037

12 28 0.0351214

13 28 0.0374005

14 28 0.039532

15 28 0.0415074

16 28 0.0433191

17 28 0.0449598

18 28 0.0464231

19 28 0.0477031

20 28 0.0487949

21 28 0.0496942

22 28 0.0503973

23 28 0.0509015

24 28 0.0512048

25 28 0.051306

26 28 0.0512048

27 28 0.0509015

28 28 0.0503973

29 28 0.0496942

30 28 0.0487949

31 28 0.0477031

32 28 0.0464231

33 28 0.0449598

34 28 0.0433191

35 28 0.0415074

36 28 0.039532

37 28 0.0374005

38 28 0.0351214

39 28 0.0327037

40 28 0.0301569

41 28 0.0274911

42 28 0.0247169

43 28 0.021845

44 28 0.018887

45 28 0.0158544

46 28 0.0127593

47 28 0.00961379

48 28 0.00643035

49 28 0.00322153

50 28 0

0 29 0

1 29 0.00317659

2 29 0.00634064

3 29 0.00947967

4 29 0.0125813

5 29 0.0156332

6 29 0.0186235

7 29 0.0215403

8 29 0.024372

9 29 0.0271076

10 29 0.0297362

11 29 0.0322474

12 29 0.0346314

13 29 0.0368787

14 29 0.0389805

15 29 0.0409284

16 29 0.0427148

17 29 0.0443326

18 29 0.0457754

19 29 0.0470376

20 29 0.0481142

21 29 0.0490009

22 29 0.0496942

23 29 0.0501913

24 29 0.0504904

25 29 0.0505902

26 29 0.0504904

27 29 0.0501913

28 29 0.0496942

29 29 0.0490009

30 29 0.0481142

31 29 0.0470376

32 29 0.0457754

33 29 0.0443326

34 29 0.0427148

35 29 0.0409284

36 29 0.0389805

37 29 0.0368787

38 29 0.0346314

39 29 0.0322474

40 29 0.0297362

41 29 0.0271076

42 29 0.024372

43 29 0.0215403

44 29 0.0186235

45 29 0.0156332

46 29 0.0125813

47 29 0.00947967

48 29 0.00634064

49 29 0.00317659

50 29 0

0 30 0

1 30 0.00311911

2 30 0.0062259

3 30 0.00930813

4 30 0.0123536

5 30 0.0153504

6 30 0.0182865

7 30 0.0211505

8 30 0.023931

9 30 0.0266171

10 30 0.0291981

11 30 0.0316639

12 30 0.0340047

13 30 0.0362114

14 30 0.0382751

15 30 0.0401878

16 30 0.0419418

17 30 0.0435304

18 30 0.0449471

19 30 0.0461865

20 30 0.0472435

21 30 0.0481142

22 30 0.0487949

23 30 0.0492831

24 30 0.0495768

25 30 0.0496748

26 30 0.0495768

27 30 0.0492831

28 30 0.0487949

29 30 0.0481142

30 30 0.0472435

31 30 0.0461865

32 30 0.0449471

33 30 0.0435304

34 30 0.0419418

35 30 0.0401878

36 30 0.0382751

37 30 0.0362114

38 30 0.0340047

39 30 0.0316639

40 30 0.0291981

41 30 0.0266171

42 30 0.023931

43 30 0.0211505

44 30 0.0182865

45 30 0.0153504

46 30 0.0123536

47 30 0.00930813

48 30 0.0062259

49 30 0.00311911

50 30 0

0 31 0

1 31 0.00304932

2 31 0.0060866

3 31 0.00909986

4 31 0.0120772

5 31 0.0150069

6 31 0.0178774

7 31 0.0206773

8 31 0.0233956

9 31 0.0260215

10 31 0.0285448

11 31 0.0309554

12 31 0.0332439

13 31 0.0354011

14 31 0.0374187

15 31 0.0392886

16 31 0.0410034

17 31 0.0425564

18 31 0.0439414

19 31 0.045153

20 31 0.0461865

21 31 0.0470376

22 31 0.0477031

23 31 0.0481804

24 31 0.0484675

25 31 0.0485633

26 31 0.0484675

27 31 0.0481804

28 31 0.0477031

29 31 0.0470376

30 31 0.0461865

31 31 0.045153

32 31 0.0439414

33 31 0.0425564

34 31 0.0410034

35 31 0.0392886

36 31 0.0374187

37 31 0.0354011

38 31 0.0332439

39 31 0.0309554

40 31 0.0285448

41 31 0.0260215

42 31 0.0233956

43 31 0.0206773

44 31 0.0178774

45 31 0.0150069

46 31 0.0120772

47 31 0.00909986

48 31 0.0060866

49 31 0.00304932

50 31 0

0 32 0

1 32 0.00296749

2 32 0.00592327

3 32 0.00885568

4 32 0.0117531

5 32 0.0146042

6 32 0.0173976

7 32 0.0201224

8 32 0.0227678

9 32 0.0253233

10 32 0.0277788

11 32 0.0301248

12 32 0.0323518

13 32 0.0344512

14 32 0.0364146

15 32 0.0382343

16 32 0.0399031

17 32 0.0414144

18 32 0.0427623

19 32 0.0439414

20 32 0.0449471

21 32 0.0457754

22 32 0.0464231

23 32 0.0468875

24 32 0.0471669

25 32 0.0472602

26 32 0.0471669

27 32 0.0468875

28 32 0.0464231

29 32 0.0457754

30 32 0.0449471

31 32 0.0439414

32 32 0.0427623

33 32 0.0414144

34 32 0.0399031

35 32 0.0382343

36 32 0.0364146

37 32 0.0344512

38 32 0.0323518

39 32 0.0301248

40 32 0.0277788

41 32 0.0253233

42 32 0.0227678

43 32 0.0201224

44 32 0.0173976

45 32 0.0146042

46 32 0.0117531

47 32 0.00885568

48 32 0.00592327

49 32 0.00296749

50 32 0

0 33 0

1 33 0.00287396

2 33 0.00573657

3 33 0.00857654

4 33 0.0113827

5 33 0.0141439

6 33 0.0168493

7 33 0.0194881

8 33 0.0220501

9 33 0.0245251

10 33 0.0269032

11 33 0.0291752

12 33 0.0313321

13 33 0.0333653

14 33 0.0352668

15 33 0.0370291

16 33 0.0386453

17 33 0.040109

18 33 0.0414144

19 33 0.0425564

20 33 0.0435304

21 33 0.0443326

22 33 0.0449598

23 33 0.0454096

24 33 0.0456802

25 33 0.0457705

26 33 0.0456802

27 33 0.0454096

28 33 0.0449598

29 33 0.0443326

30 33 0.0435304

31 33 0.0425564

32 33 0.0414144

33 33 0.040109

34 33 0.0386453

35 33 0.0370291

36 33 0.0352668

37 33 0.0333653

38 33 0.0313321

39 33 0.0291752

40 33 0.0269032

41 33 0.0245251

42 33 0.0220501

43 33 0.0194881

44 33 0.0168493

45 33 0.0141439

46 33 0.0113827

47 33 0.00857654

48 33 0.00573657

49 33 0.00287396

50 33 0

0 34 0

1 34 0.00276908

2 34 0.00552723

3 34 0.00826356

4 34 0.0109673

5 34 0.0136277

6 34 0.0162344

7 34 0.018777

8 34 0.0212455

9 34 0.0236301

10 34 0.0259215

11 34 0.0281106

12 34 0.0301887

13 34 0.0321477

14 34 0.0339798

15 34 0.0356778

16 34 0.0372351

17 34 0.0386453

18 34 0.0399031

19 34 0.0410034

20 34 0.0419418

21 34 0.0427148

22 34 0.0433191

23 34 0.0437525

24 34 0.0440132

25 34 0.0441002

26 34 0.0440132

27 34 0.0437525

28 34 0.0433191

29 34 0.0427148

30 34 0.0419418

31 34 0.0410034

32 34 0.0399031

33 34 0.0386453

34 34 0.0372351

35 34 0.0356778

36 34 0.0339798

37 34 0.0321477

38 34 0.0301887

39 34 0.0281106

40 34 0.0259215

41 34 0.0236301

42 34 0.0212455

43 34 0.018777

44 34 0.0162344

45 34 0.0136277

46 34 0.0109673

47 34 0.00826356

48 34 0.00552723

49 34 0.00276908

50 34 0

0 35 0

1 35 0.00265327

2 35 0.00529607

3 35 0.00791797

4 35 0.0105086

5 35 0.0130578

6 35 0.0155554

7 35 0.0179917

8 35 0.0203569

9 35 0.0226419

10 35 0.0248374

11 35 0.0269349

12 35 0.0289262

13 35 0.0308032

14 35 0.0325587

15 35 0.0341858

16 35 0.0356778

17 35 0.0370291

18 35 0.0382343

19 35 0.0392886

20 35 0.0401878

21 35 0.0409284

22 35 0.0415074

23 35 0.0419227

24 35 0.0421725

25 35 0.0422559

26 35 0.0421725

27 35 0.0419227

28 35 0.0415074

29 35 0.0409284

30 35 0.0401878

31 35 0.0392886

32 35 0.0382343

33 35 0.0370291

34 35 0.0356778

35 35 0.0341858

36 35 0.0325587

37 35 0.0308032

38 35 0.0289262

39 35 0.0269349

40 35 0.0248374

41 35 0.0226419

42 35 0.0203569

43 35 0.0179917

44 35 0.0155554

45 35 0.0130578

46 35 0.0105086

47 35 0.00791797

48 35 0.00529607

49 35 0.00265327

50 35 0

0 36 0

1 36 0.00252699

2 36 0.00504401

3 36 0.00754113

4 36 0.0100085

5 36 0.0124363

6 36 0.0148151

7 36 0.0171354

8 36 0.0193881

9 36 0.0215643

10 36 0.0236553

11 36 0.025653

12 36 0.0275495

13 36 0.0293372

14 36 0.0310092

15 36 0.0325587

16 36 0.0339798

17 36 0.0352668

18 36 0.0364146

19 36 0.0374187

20 36 0.0382751

21 36 0.0389805

22 36 0.039532

23 36 0.0399275

24 36 0.0401654

25 36 0.0402448

26 36 0.0401654

27 36 0.0399275

28 36 0.039532

29 36 0.0389805

30 36 0.0382751

31 36 0.0374187

32 36 0.0364146

33 36 0.0352668

34 36 0.0339798

35 36 0.0325587

36 36 0.0310092

37 36 0.0293372

38 36 0.0275495

39 36 0.025653

40 36 0.0236553

41 36 0.0215643

42 36 0.0193881

43 36 0.0171354

44 36 0.0148151

45 36 0.0124363

46 36 0.0100085

47 36 0.00754113

48 36 0.00504401

49 36 0.00252699

50 36 0

0 37 0

1 37 0.00239074

2 37 0.00477205

3 37 0.00713452

4 37 0.00946884

5 37 0.0117658

6 37 0.0140163

7 37 0.0162115

8 37 0.0183427

9 37 0.0204015

10 37 0.0223799

11 37 0.0242699

12 37 0.0260641

13 37 0.0277554

14 37 0.0293372

15 37 0.0308032

16 37 0.0321477

17 37 0.0333653

18 37 0.0344512

19 37 0.0354011

20 37 0.0362114

21 37 0.0368787

22 37 0.0374005

23 37 0.0377747

24 37 0.0379998

25 37 0.0380749

26 37 0.0379998

27 37 0.0377747

28 37 0.0374005

29 37 0.0368787

30 37 0.0362114

31 37 0.0354011

32 37 0.0344512

33 37 0.0333653

34 37 0.0321477

35 37 0.0308032

36 37 0.0293372

37 37 0.0277554

38 37 0.0260641

39 37 0.0242699

40 37 0.0223799

41 37 0.0204015

42 37 0.0183427

43 37 0.0162115

44 37 0.0140163

45 37 0.0117658

46 37 0.00946884

47 37 0.00713452

48 37 0.00477205

49 37 0.00239074

50 37 0

0 38 0

1 38 0.00224506

2 38 0.00448125

3 38 0.00669976

4 38 0.00889183

5 38 0.0110488

6 38 0.0131622

7 38 0.0152236

8 38 0.017225

9 38 0.0191583

10 38 0.0210161

11 38 0.0227909

12 38 0.0244758

13 38 0.0260641

14 38 0.0275495

15 38 0.0289262

16 38 0.0301887

17 38 0.0313321

18 38 0.0323518

19 38 0.0332439

20 38 0.0340047

21 38 0.0346314

22 38 0.0351214

23 38 0.0354728

24 38 0.0356842

25 38 0.0357547

26 38 0.0356842

27 38 0.0354728

28 38 0.0351214

29 38 0.0346314

30 38 0.0340047

31 38 0.0332439

32 38 0.0323518

33 38 0.0313321

34 38 0.0301887

35 38 0.0289262

36 38 0.0275495

37 38 0.0260641

38 38 0.0244758

39 38 0.0227909

40 38 0.0210161

41 38 0.0191583

42 38 0.017225

43 38 0.0152236

44 38 0.0131622

45 38 0.0110488

46 38 0.00889183

47 38 0.00669976

48 38 0.00448125

49 38 0.00224506

50 38 0

0 39 0

1 39 0.00209051

2 39 0.00417277

3 39 0.00623856

4 39 0.00827973

5 39 0.0102882

6 39 0.0122561

7 39 0.0141756

8 39 0.0160392

9 39 0.0178395

10 39 0.0195694

11 39 0.021222

12 39 0.0227909

13 39 0.0242699

14 39 0.025653

15 39 0.0269349

16 39 0.0281106

17 39 0.0291752

18 39 0.0301248

19 39 0.0309554

20 39 0.0316639

21 39 0.0322474

22 39 0.0327037

23 39 0.0330309

24 39 0.0332277

25 39 0.0332934

26 39 0.0332277

27 39 0.0330309

28 39 0.0327037

29 39 0.0322474

30 39 0.0316639

31 39 0.0309554

32 39 0.0301248

33 39 0.0291752

34 39 0.0281106

35 39 0.0269349

36 39 0.025653

37 39 0.0242699

38 39 0.0227909

39 39 0.021222

40 39 0.0195694

41 39 0.0178395

42 39 0.0160392

43 39 0.0141756

44 39 0.0122561

45 39 0.0102882

46 39 0.00827973

47 39 0.00623856

48 39 0.00417277

49 39 0.00209051

50 39 0

0 40 0

1 40 0.00192771

2 40 0.00384782

3 40 0.00575274

4 40 0.00763496

5 40 0.00948704

6 40 0.0113017

7 40 0.0130717

8 40 0.0147902

9 40 0.0164503

10 40 0.0180454

11 40 0.0195694

12 40 0.0210161

13 40 0.0223799

14 40 0.0236553

15 40 0.0248374

16 40 0.0259215

17 40 0.0269032

18 40 0.0277788

19 40 0.0285448

20 40 0.0291981

21 40 0.0297362

22 40 0.0301569

23 40 0.0304586

24 40 0.0306401

25 40 0.0307007

26 40 0.0306401

27 40 0.0304586

28 40 0.0301569

29 40 0.0297362

30 40 0.0291981

31 40 0.0285448

32 40 0.0277788

33 40 0.0269032

34 40 0.0259215

35 40 0.0248374

36 40 0.0236553

37 40 0.0223799

38 40 0.0210161

39 40 0.0195694

40 40 0.0180454

41 40 0.0164503

42 40 0.0147902

43 40 0.0130717

44 40 0.0113017

45 40 0.00948704

46 40 0.00763496

47 40 0.00575274

48 40 0.00384782

49 40 0.00192771

50 40 0

0 41 0

1 41 0.00175731

2 41 0.00350768

3 41 0.00524422

4 41 0.00696005

5 41 0.00864842

6 41 0.0103027

7 41 0.0119162

8 41 0.0134828

9 41 0.0149961

10 41 0.0164503

11 41 0.0178395

12 41 0.0191583

13 41 0.0204015

14 41 0.0215643

15 41 0.0226419

16 41 0.0236301

17 41 0.0245251

18 41 0.0253233

19 41 0.0260215

20 41 0.0266171

21 41 0.0271076

22 41 0.0274911

23 41 0.0277662

24 41 0.0279316

25 41 0.0279869

26 41 0.0279316

27 41 0.0277662

28 41 0.0274911

29 41 0.0271076

30 41 0.0266171

31 41 0.0260215

32 41 0.0253233

33 41 0.0245251

34 41 0.0236301

35 41 0.0226419

36 41 0.0215643

37 41 0.0204015

38 41 0.0191583

39 41 0.0178395

40 41 0.0164503

41 41 0.0149961

42 41 0.0134828

43 41 0.0119162

44 41 0.0103027

45 41 0.00864842

46 41 0.00696005

47 41 0.00524422

48 41 0.00350768

49 41 0.00175731

50 41 0

0 42 0

1 42 0.00157997

2 42 0.00315371

3 42 0.00471499

4 42 0.00625768

5 42 0.00777566

6 42 0.00926296

7 42 0.0107137

8 42 0.0121222

9 42 0.0134828

10 42 0.0147902

11 42 0.0160392

12 42 0.017225

13 42 0.0183427

14 42 0.0193881

15 42 0.0203569

16 42 0.0212455

17 42 0.0220501

18 42 0.0227678

19 42 0.0233956

20 42 0.023931

21 42 0.024372

22 42 0.0247169

23 42 0.0249642

24 42 0.0251129

25 42 0.0251626

26 42 0.0251129

27 42 0.0249642

28 42 0.0247169

29 42 0.024372

30 42 0.023931

31 42 0.0233956

32 42 0.0227678

33 42 0.0220501

34 42 0.0212455

35 42 0.0203569

36 42 0.0193881

37 42 0.0183427

38 42 0.017225

39 42 0.0160392

40 42 0.0147902

41 42 0.0134828

42 42 0.0121222

43 42 0.0107137

44 42 0.00926296

45 42 0.00777566

46 42 0.00625768

47 42 0.00471499

48 42 0.00315371

49 42 0.00157997

50 42 0

0 43 0

1 43 0.0013964

2 43 0.00278728

3 43 0.00416716

4 43 0.0055306

5 43 0.00687222

6 43 0.00818671

7 43 0.00946889

8 43 0.0107137

9 43 0.0119162

10 43 0.0130717

11 43 0.0141756

12 43 0.0152236

13 43 0.0162115

14 43 0.0171354

15 43 0.0179917

16 43 0.018777

17 43 0.0194881

18 43 0.0201224

19 43 0.0206773

20 43 0.0211505

21 43 0.0215403

22 43 0.021845

23 43 0.0220636

24 43 0.0221951

25 43 0.022239

26 43 0.0221951

27 43 0.0220636

28 43 0.021845

29 43 0.0215403

30 43 0.0211505

31 43 0.0206773

32 43 0.0201224

33 43 0.0194881

34 43 0.018777

35 43 0.0179917

36 43 0.0171354

37 43 0.0162115

38 43 0.0152236

39 43 0.0141756

40 43 0.0130717

41 43 0.0119162

42 43 0.0107137

43 43 0.00946889

44 43 0.00818671

45 43 0.00687222

46 43 0.0055306

47 43 0.00416716

48 43 0.00278728

49 43 0.0013964

50 43 0

0 44 0

1 44 0.00120731

2 44 0.00240985

3 44 0.00360289

4 44 0.0047817

5 44 0.00594165

6 44 0.00707814

7 44 0.00818671

8 44 0.00926296

9 44 0.0103027

10 44 0.0113017

11 44 0.0122561

12 44 0.0131622

13 44 0.0140163

14 44 0.0148151

15 44 0.0155554

16 44 0.0162344

17 44 0.0168493

18 44 0.0173976

19 44 0.0178774

20 44 0.0182865

21 44 0.0186235

22 44 0.018887

23 44 0.019076

24 44 0.0191896

25 44 0.0192276

26 44 0.0191896

27 44 0.019076

28 44 0.018887

29 44 0.0186235

30 44 0.0182865

31 44 0.0178774

32 44 0.0173976

33 44 0.0168493

34 44 0.0162344

35 44 0.0155554

36 44 0.0148151

37 44 0.0140163

38 44 0.0131622

39 44 0.0122561

40 44 0.0113017

41 44 0.0103027

42 44 0.00926296

43 44 0.00818671

44 44 0.00707814

45 44 0.00594165

46 44 0.0047817

47 44 0.00360289

48 44 0.00240985

49 44 0.00120731

50 44 0

0 45 0

1 45 0.00101346

2 45 0.00202292

3 45 0.0030244

4 45 0.00401394

5 45 0.00498763

6 45 0.00594165

7 45 0.00687222

8 45 0.00777566

9 45 0.00864842

10 45 0.00948704

11 45 0.0102882

12 45 0.0110488

13 45 0.0117658

14 45 0.0124363

15 45 0.0130578

16 45 0.0136277

17 45 0.0141439

18 45 0.0146042

19 45 0.0150069

20 45 0.0153504

21 45 0.0156332

22 45 0.0158544

23 45 0.0160131

24 45 0.0161085

25 45 0.0161403

26 45 0.0161085

27 45 0.0160131

28 45 0.0158544

29 45 0.0156332

30 45 0.0153504

31 45 0.0150069

32 45 0.0146042

33 45 0.0141439

34 45 0.0136277

35 45 0.0130578

36 45 0.0124363

37 45 0.0117658

38 45 0.0110488

39 45 0.0102882

40 45 0.00948704

41 45 0.00864842

42 45 0.00777566

43 45 0.00687222

44 45 0.00594165

45 45 0.00498763

46 45 0.00401394

47 45 0.0030244

48 45 0.00202292

49 45 0.00101346

50 45 0

0 46 0

1 46 0.000815609

2 46 0.001628

3 46 0.00243396

4 46 0.00323032

5 46 0.00401394

6 46 0.0047817

7 46 0.0055306

8 46 0.00625768

9 46 0.00696005

10 46 0.00763496

11 46 0.00827973

12 46 0.00889183

13 46 0.00946884

14 46 0.0100085

15 46 0.0105086

16 46 0.0109673

17 46 0.0113827

18 46 0.0117531

19 46 0.0120772

20 46 0.0123536

21 46 0.0125813

22 46 0.0127593

23 46 0.0128869

24 46 0.0129637

25 46 0.0129894

26 46 0.0129637

27 46 0.0128869

28 46 0.0127593

29 46 0.0125813

30 46 0.0123536

31 46 0.0120772

32 46 0.0117531

33 46 0.0113827

34 46 0.0109673

35 46 0.0105086

36 46 0.0100085

37 46 0.00946884

38 46 0.00889183

39 46 0.00827973

40 46 0.00763496

41 46 0.00696005

42 46 0.00625768

43 46 0.0055306

44 46 0.0047817

45 46 0.00401394

46 46 0.00323032

47 46 0.00243396

48 46 0.001628

49 46 0.000815609

50 46 0

0 47 0

1 47 0.00061454

2 47 0.00122665

3 47 0.00183393

4 47 0.00243396

5 47 0.0030244

6 47 0.00360289

7 47 0.00416716

8 47 0.00471499

9 47 0.00524422

10 47 0.00575274

11 47 0.00623856

12 47 0.00669976

13 47 0.00713452

14 47 0.00754113

15 47 0.00791797

16 47 0.00826356

17 47 0.00857654

18 47 0.00885568

19 47 0.00909986

20 47 0.00930813

21 47 0.00947967

22 47 0.00961379

23 47 0.00970997

24 47 0.00976784

25 47 0.00978715

26 47 0.00976784

27 47 0.00970997

28 47 0.00961379

29 47 0.00947967

30 47 0.00930813

31 47 0.00909986

32 47 0.00885568

33 47 0.00857654

34 47 0.00826356

35 47 0.00791797

36 47 0.00754113

37 47 0.00713452

38 47 0.00669976

39 47 0.00623856

40 47 0.00575274

41 47 0.00524422

42 47 0.00471499

43 47 0.00416716

44 47 0.00360289

45 47 0.0030244

46 47 0.00243396

47 47 0.00183393

48 47 0.00122665

49 47 0.00061454

50 47 0

0 48 0

1 48 0.000411046

2 48 0.000820469

3 48 0.00122665

4 48 0.001628

5 48 0.00202292

6 48 0.00240985

7 48 0.00278728

8 48 0.00315371

9 48 0.00350768

10 48 0.00384782

11 48 0.00417277

12 48 0.00448125

13 48 0.00477205

14 48 0.00504401

15 48 0.00529607

16 48 0.00552723

17 48 0.00573657

18 48 0.00592327

19 48 0.0060866

20 48 0.0062259

21 48 0.00634064

22 48 0.00643035

23 48 0.00649468

24 48 0.00653339

25 48 0.0065463

26 48 0.00653339

