0 1 0

1 1 0.00316085

2 1 0.00630923

3 1 0.00943271

4 1 0.012519

5 1 0.0155558

6 1 0.0185313

7 1 0.0214336

8 1 0.0242513

9 1 0.0269733

10 1 0.0295889

11 1 0.0320877

12 1 0.0344599

13 1 0.036696

14 1 0.0387874

15 1 0.0407256

16 1 0.0425032

17 1 0.044113

18 1 0.0455487

19 1 0.0468046

20 1 0.0478759

21 1 0.0487581

22 1 0.049448

23 1 0.0499427

24 1 0.0502403

25 1 0.0503397

26 1 0.0502403

27 1 0.0499427

28 1 0.049448

29 1 0.0487581

30 1 0.0478759

31 1 0.0468046

32 1 0.0455487

33 1 0.044113

34 1 0.0425032

35 1 0.0407256

36 1 0.0387874

37 1 0.036696

38 1 0.0344599

39 1 0.0320877

40 1 0.0295889

41 1 0.0269733

42 1 0.0242513

43 1 0.0214336

44 1 0.0185313

45 1 0.0155558

46 1 0.012519

47 1 0.00943271

48 1 0.00630923

49 1 0.00316085

50 1 0

0 2 0

1 2 0.00630923

2 2 0.0125936

3 2 0.0188282

4 2 0.0249885

5 2 0.0310502

6 2 0.0369894

7 2 0.0427826

8 2 0.0484069

9 2 0.0538402

10 2 0.059061

11 2 0.0640488

12 2 0.0687837

13 2 0.0732472

14 2 0.0774217

15 2 0.0812905

16 2 0.0848386

17 2 0.0880519

18 2 0.0909176

19 2 0.0934245

20 2 0.0955628

21 2 0.0973239

22 2 0.0987008

23 2 0.0996883

24 2 0.100282

25 2 0.100481

26 2 0.100282

27 2 0.0996883

28 2 0.0987008

29 2 0.0973239

30 2 0.0955628

31 2 0.0934245

32 2 0.0909176

33 2 0.0880519

34 2 0.0848386

35 2 0.0812905

36 2 0.0774217

37 2 0.0732472

38 2 0.0687837

39 2 0.0640488

40 2 0.059061

41 2 0.0538402

42 2 0.0484069

43 2 0.0427826

44 2 0.0369894

45 2 0.0310502

46 2 0.0249885

47 2 0.0188282

48 2 0.0125936

49 2 0.00630923

50 2 0

0 3 0

1 3 0.00943271

2 3 0.0188282

3 3 0.0281494

4 3 0.0373595

5 3 0.0464221

6 3 0.0553015

7 3 0.0639627

8 3 0.0723715

9 3 0.0804946

10 3 0.0883001

11 3 0.0957571

12 3 0.102836

13 3 0.109509

14 3 0.11575

15 3 0.121535

16 3 0.126839

17 3 0.131643

18 3 0.135928

19 3 0.139676

20 3 0.142873

21 3 0.145505

22 3 0.147564

23 3 0.149041

24 3 0.149929

25 3 0.150225

26 3 0.149929

27 3 0.149041

28 3 0.147564

29 3 0.145505

30 3 0.142873

31 3 0.139676

32 3 0.135928

33 3 0.131643

34 3 0.126839

35 3 0.121535

36 3 0.11575

37 3 0.109509

38 3 0.102836

39 3 0.0957571

40 3 0.0883001

41 3 0.0804946

42 3 0.0723715

43 3 0.0639627

44 3 0.0553015

45 3 0.0464221

46 3 0.0373595

47 3 0.0281494

48 3 0.0188282

49 3 0.00943271

50 3 0

0 4 0

1 4 0.012519

2 4 0.0249885

3 4 0.0373595

4 4 0.049583

5 4 0.0616108

6 4 0.0733954

7 4 0.0848904

8 4 0.0960504

9 4 0.106831

10 4 0.117191

11 4 0.127087

12 4 0.136483

13 4 0.145339

14 4 0.153622

15 4 0.161299

16 4 0.168339

17 4 0.174715

18 4 0.180401

19 4 0.185376

20 4 0.189618

21 4 0.193113

22 4 0.195845

23 4 0.197804

24 4 0.198983

25 4 0.199377

26 4 0.198983

27 4 0.197804

28 4 0.195845

29 4 0.193113

30 4 0.189618

31 4 0.185376

32 4 0.180401

33 4 0.174715

34 4 0.168339

35 4 0.161299

36 4 0.153622

37 4 0.145339

38 4 0.136483

39 4 0.127087

40 4 0.117191

41 4 0.106831

42 4 0.0960504

43 4 0.0848904

44 4 0.0733954

45 4 0.0616108

46 4 0.049583

47 4 0.0373595

48 4 0.0249885

49 4 0.012519

50 4 0

0 5 0

1 5 0.0155558

2 5 0.0310502

3 5 0.0464221

4 5 0.0616108

5 5 0.0765563

6 5 0.0911997

7 5 0.105483

8 5 0.11935

9 5 0.132746

10 5 0.145619

11 5 0.157916

12 5 0.169591

13 5 0.180596

14 5 0.190888

15 5 0.200427

16 5 0.209175

17 5 0.217097

18 5 0.224163

19 5 0.230344

20 5 0.235616

21 5 0.239958

22 5 0.243353

23 5 0.245788

24 5 0.247252

25 5 0.247741

26 5 0.247252

27 5 0.245788

28 5 0.243353

29 5 0.239958

30 5 0.235616

31 5 0.230344

32 5 0.224163

33 5 0.217097

34 5 0.209175

35 5 0.200427

36 5 0.190888

37 5 0.180596

38 5 0.169591

39 5 0.157916

40 5 0.145619

41 5 0.132746

42 5 0.11935

43 5 0.105483

44 5 0.0911997

45 5 0.0765563

46 5 0.0616108

47 5 0.0464221

48 5 0.0310502

49 5 0.0155558

50 5 0

0 6 0

1 6 0.0185313

2 6 0.0369894

3 6 0.0553015

4 6 0.0733954

5 6 0.0911997

6 6 0.108644

7 6 0.12566

8 6 0.142179

9 6 0.158138

10 6 0.173472

11 6 0.188122

12 6 0.202029

13 6 0.215139

14 6 0.2274

15 6 0.238764

16 6 0.249185

17 6 0.258623

18 6 0.26704

19 6 0.274403

20 6 0.280684

21 6 0.285856

22 6 0.289901

23 6 0.292801

24 6 0.294546

25 6 0.295128

26 6 0.294546

27 6 0.292801

28 6 0.289901

29 6 0.285856

30 6 0.280684

31 6 0.274403

32 6 0.26704

33 6 0.258623

34 6 0.249185

35 6 0.238764

36 6 0.2274

37 6 0.215139

38 6 0.202029

39 6 0.188122

40 6 0.173472

41 6 0.158138

42 6 0.142179

43 6 0.12566

44 6 0.108644

45 6 0.0911997

46 6 0.0733954

47 6 0.0553015

48 6 0.0369894

49 6 0.0185313

50 6 0

0 7 0

1 7 0.0214336

2 7 0.0427826

3 7 0.0639627

4 7 0.0848904

5 7 0.105483

6 7 0.12566

7 7 0.14534

8 7 0.164447

9 7 0.182905

10 7 0.200641

11 7 0.217585

12 7 0.233671

13 7 0.248834

14 7 0.263015

15 7 0.276158

16 7 0.288212

17 7 0.299128

18 7 0.308863

19 7 0.31738

20 7 0.324644

21 7 0.330626

22 7 0.335304

23 7 0.338659

24 7 0.340677

25 7 0.341351

26 7 0.340677

27 7 0.338659

28 7 0.335304

29 7 0.330626

30 7 0.324644

31 7 0.31738

32 7 0.308863

33 7 0.299128

34 7 0.288212

35 7 0.276158

36 7 0.263015

37 7 0.248834

38 7 0.233671

39 7 0.217585

40 7 0.200641

41 7 0.182905

42 7 0.164447

43 7 0.14534

44 7 0.12566

45 7 0.105483

46 7 0.0848904

47 7 0.0639627

48 7 0.0427826

49 7 0.0214336

50 7 0

0 8 0

1 8 0.0242513

2 8 0.0484069

3 8 0.0723715

4 8 0.0960504

5 8 0.11935

6 8 0.142179

7 8 0.164447

8 8 0.186066

9 8 0.20695

10 8 0.227018

11 8 0.24619

12 8 0.26439

13 8 0.281546

14 8 0.297592

15 8 0.312463

16 8 0.326101

17 8 0.338452

18 8 0.349467

19 8 0.359104

20 8 0.367322

21 8 0.374092

22 8 0.379385

23 8 0.38318

24 8 0.385464

25 8 0.386226

26 8 0.385464

27 8 0.38318

28 8 0.379385

29 8 0.374092

30 8 0.367322

31 8 0.359104

32 8 0.349467

33 8 0.338452

34 8 0.326101

35 8 0.312463

36 8 0.297592

37 8 0.281546

38 8 0.26439

39 8 0.24619

40 8 0.227018

41 8 0.20695

42 8 0.186066

43 8 0.164447

44 8 0.142179

45 8 0.11935

46 8 0.0960504

47 8 0.0723715

48 8 0.0484069

49 8 0.0242513

50 8 0

0 9 0

1 9 0.0269733

2 9 0.0538402

3 9 0.0804946

4 9 0.106831

5 9 0.132746

6 9 0.158138

7 9 0.182905

8 9 0.20695

9 9 0.230179

10 9 0.252499

11 9 0.273822

12 9 0.294065

13 9 0.313148

14 9 0.330994

15 9 0.347535

16 9 0.362703

17 9 0.376441

18 9 0.388692

19 9 0.39941

20 9 0.408552

21 9 0.416081

22 9 0.421968

23 9 0.426189

24 9 0.428729

25 9 0.429577

26 9 0.428729

27 9 0.426189

28 9 0.421968

29 9 0.416081

30 9 0.408552

31 9 0.39941

32 9 0.388692

33 9 0.376441

34 9 0.362703

35 9 0.347535

36 9 0.330994

37 9 0.313148

38 9 0.294065

39 9 0.273822

40 9 0.252499

41 9 0.230179

42 9 0.20695

43 9 0.182905

44 9 0.158138

45 9 0.132746

46 9 0.106831

47 9 0.0804946

48 9 0.0538402

49 9 0.0269733

50 9 0

0 10 0

1 10 0.0295889

2 10 0.059061

3 10 0.0883001

4 10 0.117191

5 10 0.145619

6 10 0.173472

7 10 0.200641

8 10 0.227018

9 10 0.252499

10 10 0.276983

11 10 0.300375

12 10 0.322581

13 10 0.343513

14 10 0.363091

15 10 0.381235

16 10 0.397874

17 10 0.412944

18 10 0.426384

19 10 0.43814

20 10 0.448168

21 10 0.456427

22 10 0.462885

23 10 0.467516

24 10 0.470302

25 10 0.471232

26 10 0.470302

27 10 0.467516

28 10 0.462885

29 10 0.456427

30 10 0.448168

31 10 0.43814

32 10 0.426384

33 10 0.412944

34 10 0.397874

35 10 0.381235

36 10 0.363091

37 10 0.343513

38 10 0.322581

39 10 0.300375

40 10 0.276983

41 10 0.252499

42 10 0.227018

43 10 0.200641

44 10 0.173472

45 10 0.145619

46 10 0.117191

47 10 0.0883001

48 10 0.059061

49 10 0.0295889

50 10 0

0 11 0

1 11 0.0320877

2 11 0.0640488

3 11 0.0957571

4 11 0.127087

5 11 0.157916

6 11 0.188122

7 11 0.217585

8 11 0.24619

9 11 0.273822

10 11 0.300375

11 11 0.325741

12 11 0.349823

13 11 0.372523

14 11 0.393754

15 11 0.41343

16 11 0.431475

17 11 0.447817

18 11 0.462392

19 11 0.475142

20 11 0.486016

21 11 0.494973

22 11 0.501976

23 11 0.506998

24 11 0.510019

25 11 0.511028

26 11 0.510019

27 11 0.506998

28 11 0.501976

29 11 0.494973

30 11 0.486016

31 11 0.475142

32 11 0.462392

33 11 0.447817

34 11 0.431475

35 11 0.41343

36 11 0.393754

37 11 0.372523

38 11 0.349823

39 11 0.325741

40 11 0.300375

41 11 0.273822

42 11 0.24619

43 11 0.217585

44 11 0.188122

45 11 0.157916

46 11 0.127087

47 11 0.0957571

48 11 0.0640488

49 11 0.0320877

50 11 0

0 12 0

1 12 0.0344599

2 12 0.0687837

3 12 0.102836

4 12 0.136483

5 12 0.169591

6 12 0.202029

7 12 0.233671

8 12 0.26439

9 12 0.294065

10 12 0.322581

11 12 0.349823

12 12 0.375684

13 12 0.400063

14 12 0.422863

15 12 0.443994

16 12 0.463373

17 12 0.480923

18 12 0.496575

19 12 0.510268

20 12 0.521946

21 12 0.531565

22 12 0.539086

23 12 0.544479

24 12 0.547724

25 12 0.548807

26 12 0.547724

27 12 0.544479

28 12 0.539086

29 12 0.531565

30 12 0.521946

31 12 0.510268

32 12 0.496575

33 12 0.480923

34 12 0.463373

35 12 0.443994

36 12 0.422863

37 12 0.400063

38 12 0.375684

39 12 0.349823

40 12 0.322581

41 12 0.294065

42 12 0.26439

43 12 0.233671

44 12 0.202029

45 12 0.169591

46 12 0.136483

47 12 0.102836

48 12 0.0687837

49 12 0.0344599

50 12 0

0 13 0

1 13 0.036696

2 13 0.0732472

3 13 0.109509

4 13 0.145339

5 13 0.180596

6 13 0.215139

7 13 0.248834

8 13 0.281546

9 13 0.313148

10 13 0.343513

11 13 0.372523

12 13 0.400063

13 13 0.426024

14 13 0.450303

15 13 0.472806

16 13 0.493442

17 13 0.512131

18 13 0.528799

19 13 0.54338

20 13 0.555816

21 13 0.566059

22 13 0.574068

23 13 0.579812

24 13 0.583267

25 13 0.58442

26 13 0.583267

27 13 0.579812

28 13 0.574068

29 13 0.566059

30 13 0.555816

31 13 0.54338

32 13 0.528799

33 13 0.512131

34 13 0.493442

35 13 0.472806

36 13 0.450303

37 13 0.426024

38 13 0.400063

39 13 0.372523

40 13 0.343513

41 13 0.313148

42 13 0.281546

43 13 0.248834

44 13 0.215139

45 13 0.180596

46 13 0.145339

47 13 0.109509

48 13 0.0732472

49 13 0.036696

50 13 0

0 14 0

1 14 0.0387874

2 14 0.0774217

3 14 0.11575

4 14 0.153622

5 14 0.190888

6 14 0.2274

7 14 0.263015

8 14 0.297592

9 14 0.330994

10 14 0.363091

11 14 0.393754

12 14 0.422863

13 14 0.450303

14 14 0.475966

15 14 0.499751

16 14 0.521564

17 14 0.541318

18 14 0.558936

19 14 0.574348

20 14 0.587493

21 14 0.59832

22 14 0.606785

23 14 0.612856

24 14 0.616508

25 14 0.617727

26 14 0.616508

27 14 0.612856

28 14 0.606785

29 14 0.59832

30 14 0.587493

31 14 0.574348

32 14 0.558936

33 14 0.541318

34 14 0.521564

35 14 0.499751

36 14 0.475966

37 14 0.450303

38 14 0.422863

39 14 0.393754

40 14 0.363091

41 14 0.330994

42 14 0.297592

43 14 0.263015

44 14 0.2274

45 14 0.190888

46 14 0.153622

47 14 0.11575

48 14 0.0774217

49 14 0.0387874

50 14 0

0 15 0

1 15 0.0407256

2 15 0.0812905

3 15 0.121535

4 15 0.161299

5 15 0.200427

6 15 0.238764

7 15 0.276158

8 15 0.312463

9 15 0.347535

10 15 0.381235

11 15 0.41343

12 15 0.443994

13 15 0.472806

14 15 0.499751

15 15 0.524725

16 15 0.547627

17 15 0.568368

18 15 0.586867

19 15 0.603049

20 15 0.616851

21 15 0.628218

22 15 0.637107

23 15 0.643481

24 15 0.647315

25 15 0.648595

26 15 0.647315

27 15 0.643481

28 15 0.637107

29 15 0.628218

30 15 0.616851

31 15 0.603049

32 15 0.586867

33 15 0.568368

34 15 0.547627

35 15 0.524725

36 15 0.499751

37 15 0.472806

38 15 0.443994

39 15 0.41343

40 15 0.381235

41 15 0.347535

42 15 0.312463

43 15 0.276158

44 15 0.238764

45 15 0.200427

46 15 0.161299

47 15 0.121535

48 15 0.0812905

49 15 0.0407256

50 15 0

0 16 0

1 16 0.0425032

2 16 0.0848386

3 16 0.126839

4 16 0.168339

5 16 0.209175

6 16 0.249185

7 16 0.288212

8 16 0.326101

9 16 0.362703

10 16 0.397874

11 16 0.431475

12 16 0.463373

13 16 0.493442

14 16 0.521564

15 16 0.547627

16 16 0.571529

17 16 0.593176

18 16 0.612481

19 16 0.62937

20 16 0.643774

21 16 0.655638

22 16 0.664914

23 16 0.671567

24 16 0.675569

25 16 0.676904

26 16 0.675569

27 16 0.671567

28 16 0.664914

29 16 0.655638

30 16 0.643774

31 16 0.62937

32 16 0.612481

33 16 0.593176

34 16 0.571529

35 16 0.547627

36 16 0.521564

37 16 0.493442

38 16 0.463373

39 16 0.431475

40 16 0.397874

41 16 0.362703

42 16 0.326101

43 16 0.288212

44 16 0.249185

45 16 0.209175

46 16 0.168339

47 16 0.126839

48 16 0.0848386

49 16 0.0425032

50 16 0

0 17 0

1 17 0.044113

2 17 0.0880519

3 17 0.131643

4 17 0.174715

5 17 0.217097

6 17 0.258623

7 17 0.299128

8 17 0.338452

9 17 0.376441

10 17 0.412944

11 17 0.447817

12 17 0.480923

13 17 0.512131

14 17 0.541318

15 17 0.568368

16 17 0.593176

17 17 0.615642

18 17 0.635679

19 17 0.653207

20 17 0.668157

21 17 0.68047

22 17 0.690098

23 17 0.697002

24 17 0.701156

25 17 0.702542

26 17 0.701156

27 17 0.697002

28 17 0.690098

29 17 0.68047

30 17 0.668157

31 17 0.653207

32 17 0.635679

33 17 0.615642

34 17 0.593176

35 17 0.568368

36 17 0.541318

37 17 0.512131

38 17 0.480923

39 17 0.447817

40 17 0.412944

41 17 0.376441

42 17 0.338452

43 17 0.299128

44 17 0.258623

45 17 0.217097

46 17 0.174715

47 17 0.131643

48 17 0.0880519

49 17 0.044113

50 17 0

0 18 0

1 18 0.0455487

2 18 0.0909176

3 18 0.135928

4 18 0.180401

5 18 0.224163

6 18 0.26704

7 18 0.308863

8 18 0.349467

9 18 0.388692

10 18 0.426384

11 18 0.462392

12 18 0.496575

13 18 0.528799

14 18 0.558936

15 18 0.586867

16 18 0.612481

17 18 0.635679

18 18 0.656368

19 18 0.674466

20 18 0.689903

21 18 0.702617

22 18 0.712558

23 18 0.719687

24 18 0.723976

25 18 0.725407

26 18 0.723976

27 18 0.719687

28 18 0.712558

29 18 0.702617

30 18 0.689903

31 18 0.674466

32 18 0.656368

33 18 0.635679

34 18 0.612481

35 18 0.586867

36 18 0.558936

37 18 0.528799

38 18 0.496575

39 18 0.462392

40 18 0.426384

41 18 0.388692

42 18 0.349467

43 18 0.308863

44 18 0.26704

45 18 0.224163

46 18 0.180401

47 18 0.135928

48 18 0.0909176

49 18 0.0455487

50 18 0

0 19 0

1 19 0.0468046

2 19 0.0934245

3 19 0.139676

4 19 0.185376

5 19 0.230344

6 19 0.274403

7 19 0.31738

8 19 0.359104

9 19 0.39941

10 19 0.43814

11 19 0.475142

12 19 0.510268

13 19 0.54338

14 19 0.574348

15 19 0.603049

16 19 0.62937

17 19 0.653207

18 19 0.674466

19 19 0.693064

20 19 0.708926

21 19 0.721991

22 19 0.732206

23 19 0.739531

24 19 0.743938

25 19 0.745409

26 19 0.743938

27 19 0.739531

28 19 0.732206

29 19 0.721991

30 19 0.708926

31 19 0.693064

32 19 0.674466

33 19 0.653207

34 19 0.62937

35 19 0.603049

36 19 0.574348

37 19 0.54338

38 19 0.510268

39 19 0.475142

40 19 0.43814

41 19 0.39941

42 19 0.359104

43 19 0.31738

44 19 0.274403

45 19 0.230344

46 19 0.185376

47 19 0.139676

48 19 0.0934245

49 19 0.0468046

50 19 0

0 20 0

1 20 0.0478759

2 20 0.0955628

3 20 0.142873

4 20 0.189618

5 20 0.235616

6 20 0.280684

7 20 0.324644

8 20 0.367322

9 20 0.408552

10 20 0.448168

11 20 0.486016

12 20 0.521946

13 20 0.555816

14 20 0.587493

15 20 0.616851

16 20 0.643774

17 20 0.668157

18 20 0.689903

19 20 0.708926

20 20 0.725152

21 20 0.738515

22 20 0.748964

23 20 0.756457

24 20 0.760965

25 20 0.762469

26 20 0.760965

27 20 0.756457

28 20 0.748964

29 20 0.738515

30 20 0.725152

31 20 0.708926

32 20 0.689903

33 20 0.668157

34 20 0.643774

35 20 0.616851

36 20 0.587493

37 20 0.555816

38 20 0.521946

39 20 0.486016

40 20 0.448168

41 20 0.408552

42 20 0.367322

43 20 0.324644

44 20 0.280684

45 20 0.235616

46 20 0.189618

47 20 0.142873

48 20 0.0955628

49 20 0.0478759

50 20 0

0 21 0

1 21 0.0487581

2 21 0.0973239

3 21 0.145505

4 21 0.193113

5 21 0.239958

6 21 0.285856

7 21 0.330626

8 21 0.374092

9 21 0.416081

10 21 0.456427

11 21 0.494973

12 21 0.531565

13 21 0.566059

14 21 0.59832

15 21 0.628218

16 21 0.655638

17 21 0.68047

18 21 0.702617

19 21 0.721991

20 21 0.738515

21 21 0.752125

22 21 0.762766

23 21 0.770398

24 21 0.774988

25 21 0.776521

26 21 0.774988

27 21 0.770398

28 21 0.762766

29 21 0.752125

30 21 0.738515

31 21 0.721991

32 21 0.702617

33 21 0.68047

34 21 0.655638

35 21 0.628218

36 21 0.59832

37 21 0.566059

38 21 0.531565

39 21 0.494973

40 21 0.456427

41 21 0.416081

42 21 0.374092

43 21 0.330626

44 21 0.285856

45 21 0.239958

46 21 0.193113

47 21 0.145505

48 21 0.0973239

49 21 0.0487581

50 21 0

0 22 0

1 22 0.049448

2 22 0.0987008

3 22 0.147564

4 22 0.195845

5 22 0.243353

6 22 0.289901

7 22 0.335304

8 22 0.379385

9 22 0.421968

10 22 0.462885

11 22 0.501976

12 22 0.539086

13 22 0.574068

14 22 0.606785

15 22 0.637107

16 22 0.664914

17 22 0.690098

18 22 0.712558

19 22 0.732206

20 22 0.748964

21 22 0.762766

22 22 0.773558

23 22 0.781298

24 22 0.785953

25 22 0.787507

26 22 0.785953

27 22 0.781298

28 22 0.773558

29 22 0.762766

30 22 0.748964

31 22 0.732206

32 22 0.712558

33 22 0.690098

34 22 0.664914

35 22 0.637107

36 22 0.606785

37 22 0.574068

38 22 0.539086

39 22 0.501976

40 22 0.462885

41 22 0.421968

42 22 0.379385

43 22 0.335304

44 22 0.289901

45 22 0.243353

46 22 0.195845

47 22 0.147564

48 22 0.0987008

49 22 0.049448

50 22 0

0 23 0

1 23 0.0499427

2 23 0.0996883

3 23 0.149041

4 23 0.197804

5 23 0.245788

6 23 0.292801

7 23 0.338659

8 23 0.38318

9 23 0.426189

10 23 0.467516

11 23 0.506998

12 23 0.544479

13 23 0.579812

14 23 0.612856

15 23 0.643481

16 23 0.671567

17 23 0.697002

18 23 0.719687

19 23 0.739531

20 23 0.756457

21 23 0.770398

22 23 0.781298

23 23 0.789114

24 23 0.793817

25 23 0.795386

26 23 0.793817

27 23 0.789114

28 23 0.781298

29 23 0.770398

30 23 0.756457

31 23 0.739531

32 23 0.719687

33 23 0.697002

34 23 0.671567

35 23 0.643481

36 23 0.612856

37 23 0.579812

38 23 0.544479

39 23 0.506998

40 23 0.467516

41 23 0.426189

42 23 0.38318

43 23 0.338659

44 23 0.292801

45 23 0.245788

46 23 0.197804

47 23 0.149041

48 23 0.0996883

49 23 0.0499427

50 23 0

0 24 0

1 24 0.0502403

2 24 0.100282

3 24 0.149929

4 24 0.198983

5 24 0.247252

6 24 0.294546

7 24 0.340677

8 24 0.385464

9 24 0.428729

10 24 0.470302

11 24 0.510019

12 24 0.547724

13 24 0.583267

14 24 0.616508

15 24 0.647315

16 24 0.675569

17 24 0.701156

18 24 0.723976

19 24 0.743938

20 24 0.760965

21 24 0.774988

22 24 0.785953

23 24 0.793817

24 24 0.798547

25 24 0.800126

26 24 0.798547

27 24 0.793817

28 24 0.785953

29 24 0.774988

30 24 0.760965

31 24 0.743938

32 24 0.723976

33 24 0.701156

34 24 0.675569

35 24 0.647315

36 24 0.616508

37 24 0.583267

38 24 0.547724

39 24 0.510019

40 24 0.470302

41 24 0.428729

42 24 0.385464

43 24 0.340677

44 24 0.294546

45 24 0.247252

46 24 0.198983

47 24 0.149929

48 24 0.100282

49 24 0.0502403

50 24 0

0 25 0

1 25 0.0503397

2 25 0.100481

3 25 0.150225

4 25 0.199377

5 25 0.247741

6 25 0.295128

7 25 0.341351

8 25 0.386226

9 25 0.429577

10 25 0.471232

11 25 0.511028

12 25 0.548807

13 25 0.58442

14 25 0.617727

15 25 0.648595

16 25 0.676904

17 25 0.702542

18 25 0.725407

19 25 0.745409

20 25 0.762469

21 25 0.776521

22 25 0.787507

23 25 0.795386

24 25 0.800126

25 25 0.801708

26 25 0.800126

27 25 0.795386

28 25 0.787507

29 25 0.776521

30 25 0.762469

31 25 0.745409

32 25 0.725407

33 25 0.702542

34 25 0.676904

35 25 0.648595

36 25 0.617727

37 25 0.58442

38 25 0.548807

39 25 0.511028

40 25 0.471232

41 25 0.429577

42 25 0.386226

43 25 0.341351

44 25 0.295128

45 25 0.247741

46 25 0.199377

47 25 0.150225

48 25 0.100481

49 25 0.0503397

50 25 0

0 26 0

1 26 0.0502403

2 26 0.100282

3 26 0.149929

4 26 0.198983

5 26 0.247252

6 26 0.294546

7 26 0.340677

8 26 0.385464

9 26 0.428729

10 26 0.470302

11 26 0.510019

12 26 0.547724

13 26 0.583267

14 26 0.616508

15 26 0.647315

16 26 0.675569

17 26 0.701156

18 26 0.723976

19 26 0.743938

20 26 0.760965

21 26 0.774988

22 26 0.785953

23 26 0.793817

24 26 0.798547

25 26 0.800126

26 26 0.798547

27 26 0.793817

28 26 0.785953

29 26 0.774988

30 26 0.760965

31 26 0.743938

32 26 0.723976

33 26 0.701156

34 26 0.675569

35 26 0.647315

36 26 0.616508

37 26 0.583267

38 26 0.547724

39 26 0.510019

40 26 0.470302

41 26 0.428729

42 26 0.385464

43 26 0.340677

44 26 0.294546

45 26 0.247252

46 26 0.198983

47 26 0.149929

48 26 0.100282

49 26 0.0502403

50 26 0

0 27 0

1 27 0.0499427

2 27 0.0996883

3 27 0.149041

4 27 0.197804

5 27 0.245788

6 27 0.292801

7 27 0.338659

8 27 0.38318

9 27 0.426189

10 27 0.467516

11 27 0.506998

12 27 0.544479

13 27 0.579812

14 27 0.612856

15 27 0.643481

16 27 0.671567

17 27 0.697002

18 27 0.719687

19 27 0.739531

20 27 0.756457

21 27 0.770398

22 27 0.781298

23 27 0.789114

24 27 0.793817

25 27 0.795386

26 27 0.793817

27 27 0.789114

28 27 0.781298

29 27 0.770398

30 27 0.756457

31 27 0.739531

32 27 0.719687

33 27 0.697002

34 27 0.671567

35 27 0.643481

36 27 0.612856

37 27 0.579812

38 27 0.544479

39 27 0.506998

40 27 0.467516

41 27 0.426189

42 27 0.38318

43 27 0.338659

44 27 0.292801

45 27 0.245788

46 27 0.197804

47 27 0.149041

48 27 0.0996883

49 27 0.0499427

50 27 0

0 28 0

1 28 0.049448

2 28 0.0987008

3 28 0.147564

4 28 0.195845

5 28 0.243353

6 28 0.289901

7 28 0.335304

8 28 0.379385

9 28 0.421968

10 28 0.462885

11 28 0.501976

12 28 0.539086

13 28 0.574068

14 28 0.606785

15 28 0.637107

16 28 0.664914

17 28 0.690098

18 28 0.712558

19 28 0.732206

20 28 0.748964

21 28 0.762766

22 28 0.773558

23 28 0.781298

24 28 0.785953

25 28 0.787507

26 28 0.785953

27 28 0.781298

28 28 0.773558

29 28 0.762766

30 28 0.748964

31 28 0.732206

32 28 0.712558

33 28 0.690098

34 28 0.664914

35 28 0.637107

36 28 0.606785

37 28 0.574068

38 28 0.539086

39 28 0.501976

40 28 0.462885

41 28 0.421968

42 28 0.379385

43 28 0.335304

44 28 0.289901

45 28 0.243353

46 28 0.195845

47 28 0.147564

48 28 0.0987008

49 28 0.049448

50 28 0

0 29 0

1 29 0.0487581

2 29 0.0973239

3 29 0.145505

4 29 0.193113

5 29 0.239958

6 29 0.285856

7 29 0.330626

8 29 0.374092

9 29 0.416081

10 29 0.456427

11 29 0.494973

12 29 0.531565

13 29 0.566059

14 29 0.59832

15 29 0.628218

16 29 0.655638

17 29 0.68047

18 29 0.702617

19 29 0.721991

20 29 0.738515

21 29 0.752125

22 29 0.762766

23 29 0.770398

24 29 0.774988

25 29 0.776521

26 29 0.774988

27 29 0.770398

28 29 0.762766

29 29 0.752125

30 29 0.738515

31 29 0.721991

32 29 0.702617

33 29 0.68047

34 29 0.655638

35 29 0.628218

36 29 0.59832

37 29 0.566059

38 29 0.531565

39 29 0.494973

40 29 0.456427

41 29 0.416081

42 29 0.374092

43 29 0.330626

44 29 0.285856

45 29 0.239958

46 29 0.193113

47 29 0.145505

48 29 0.0973239

49 29 0.0487581

50 29 0

0 30 0

1 30 0.0478759

2 30 0.0955628

3 30 0.142873

4 30 0.189618

5 30 0.235616

6 30 0.280684

7 30 0.324644

8 30 0.367322

9 30 0.408552

10 30 0.448168

11 30 0.486016

12 30 0.521946

13 30 0.555816

14 30 0.587493

15 30 0.616851

16 30 0.643774

17 30 0.668157

18 30 0.689903

19 30 0.708926

20 30 0.725152

21 30 0.738515

22 30 0.748964

23 30 0.756457

24 30 0.760965

25 30 0.762469

26 30 0.760965

27 30 0.756457

28 30 0.748964

29 30 0.738515

30 30 0.725152

31 30 0.708926

32 30 0.689903

33 30 0.668157

34 30 0.643774

35 30 0.616851

36 30 0.587493

37 30 0.555816

38 30 0.521946

39 30 0.486016

40 30 0.448168

41 30 0.408552

42 30 0.367322

43 30 0.324644

44 30 0.280684

45 30 0.235616

46 30 0.189618

47 30 0.142873

48 30 0.0955628

49 30 0.0478759

50 30 0

0 31 0

1 31 0.0468046

2 31 0.0934245

3 31 0.139676

4 31 0.185376

5 31 0.230344

6 31 0.274403

7 31 0.31738

8 31 0.359104

9 31 0.39941

10 31 0.43814

11 31 0.475142

12 31 0.510268

13 31 0.54338

14 31 0.574348

15 31 0.603049

16 31 0.62937

17 31 0.653207

18 31 0.674466

19 31 0.693064

20 31 0.708926

21 31 0.721991

22 31 0.732206

23 31 0.739531

24 31 0.743938

25 31 0.745409

26 31 0.743938

27 31 0.739531

28 31 0.732206

29 31 0.721991

30 31 0.708926

31 31 0.693064

32 31 0.674466

33 31 0.653207

34 31 0.62937

35 31 0.603049

36 31 0.574348

37 31 0.54338

38 31 0.510268

39 31 0.475142

40 31 0.43814

41 31 0.39941

42 31 0.359104

43 31 0.31738

44 31 0.274403

45 31 0.230344

46 31 0.185376

47 31 0.139676

48 31 0.0934245

49 31 0.0468046

50 31 0

0 32 0

1 32 0.0455487

2 32 0.0909176

3 32 0.135928

4 32 0.180401

5 32 0.224163

6 32 0.26704

7 32 0.308863

8 32 0.349467

9 32 0.388692

10 32 0.426384

11 32 0.462392

12 32 0.496575

13 32 0.528799

14 32 0.558936

15 32 0.586867

16 32 0.612481

17 32 0.635679

18 32 0.656368

19 32 0.674466

20 32 0.689903

21 32 0.702617

22 32 0.712558

23 32 0.719687

24 32 0.723976

25 32 0.725407

26 32 0.723976

27 32 0.719687

28 32 0.712558

29 32 0.702617

30 32 0.689903

31 32 0.674466

32 32 0.656368

33 32 0.635679

34 32 0.612481

35 32 0.586867

36 32 0.558936

37 32 0.528799

38 32 0.496575

39 32 0.462392

40 32 0.426384

41 32 0.388692

42 32 0.349467

43 32 0.308863

44 32 0.26704

45 32 0.224163

46 32 0.180401

47 32 0.135928

48 32 0.0909176

49 32 0.0455487

50 32 0

0 33 0

1 33 0.044113

2 33 0.0880519

3 33 0.131643

4 33 0.174715

5 33 0.217097

6 33 0.258623

7 33 0.299128

8 33 0.338452

9 33 0.376441

10 33 0.412944

11 33 0.447817

12 33 0.480923

13 33 0.512131

14 33 0.541318

15 33 0.568368

16 33 0.593176

17 33 0.615642

18 33 0.635679

19 33 0.653207

20 33 0.668157

21 33 0.68047

22 33 0.690098

23 33 0.697002

24 33 0.701156

25 33 0.702542

26 33 0.701156

27 33 0.697002

28 33 0.690098

29 33 0.68047

30 33 0.668157

31 33 0.653207

32 33 0.635679

33 33 0.615642

34 33 0.593176

35 33 0.568368

36 33 0.541318

37 33 0.512131

38 33 0.480923

39 33 0.447817

40 33 0.412944

41 33 0.376441

42 33 0.338452

43 33 0.299128

44 33 0.258623

45 33 0.217097

46 33 0.174715

47 33 0.131643

48 33 0.0880519

49 33 0.044113

50 33 0

0 34 0

1 34 0.0425032

2 34 0.0848386

3 34 0.126839

4 34 0.168339

5 34 0.209175

6 34 0.249185

7 34 0.288212

8 34 0.326101

9 34 0.362703

10 34 0.397874

11 34 0.431475

12 34 0.463373

13 34 0.493442

14 34 0.521564

15 34 0.547627

16 34 0.571529

17 34 0.593176

18 34 0.612481

19 34 0.62937

20 34 0.643774

21 34 0.655638

22 34 0.664914

23 34 0.671567

24 34 0.675569

25 34 0.676904

26 34 0.675569

27 34 0.671567

28 34 0.664914

29 34 0.655638

30 34 0.643774

31 34 0.62937

32 34 0.612481

33 34 0.593176

34 34 0.571529

35 34 0.547627

36 34 0.521564

37 34 0.493442

38 34 0.463373

39 34 0.431475

40 34 0.397874

41 34 0.362703

42 34 0.326101

43 34 0.288212

44 34 0.249185

45 34 0.209175

46 34 0.168339

47 34 0.126839

48 34 0.0848386

49 34 0.0425032

50 34 0

0 35 0

1 35 0.0407256

2 35 0.0812905

3 35 0.121535

4 35 0.161299

5 35 0.200427

6 35 0.238764

7 35 0.276158

8 35 0.312463

9 35 0.347535

10 35 0.381235

11 35 0.41343

12 35 0.443994

13 35 0.472806

14 35 0.499751

15 35 0.524725

16 35 0.547627

17 35 0.568368

18 35 0.586867

19 35 0.603049

20 35 0.616851

21 35 0.628218

22 35 0.637107

23 35 0.643481

24 35 0.647315

25 35 0.648595

26 35 0.647315

27 35 0.643481

28 35 0.637107

29 35 0.628218

30 35 0.616851

31 35 0.603049

32 35 0.586867

33 35 0.568368

34 35 0.547627

35 35 0.524725

36 35 0.499751

37 35 0.472806

38 35 0.443994

39 35 0.41343

40 35 0.381235

41 35 0.347535

42 35 0.312463

43 35 0.276158

44 35 0.238764

45 35 0.200427

46 35 0.161299

47 35 0.121535

48 35 0.0812905

49 35 0.0407256

50 35 0

0 36 0

1 36 0.0387874

2 36 0.0774217

3 36 0.11575

4 36 0.153622

5 36 0.190888

6 36 0.2274

7 36 0.263015

8 36 0.297592

9 36 0.330994

10 36 0.363091

11 36 0.393754

12 36 0.422863

13 36 0.450303

14 36 0.475966

15 36 0.499751

16 36 0.521564

17 36 0.541318

18 36 0.558936

19 36 0.574348

20 36 0.587493

21 36 0.59832

22 36 0.606785

23 36 0.612856

24 36 0.616508

25 36 0.617727

26 36 0.616508

27 36 0.612856

28 36 0.606785

29 36 0.59832

30 36 0.587493

31 36 0.574348

32 36 0.558936

33 36 0.541318

34 36 0.521564

35 36 0.499751

36 36 0.475966

37 36 0.450303

38 36 0.422863

39 36 0.393754

40 36 0.363091

41 36 0.330994

42 36 0.297592

43 36 0.263015

44 36 0.2274

45 36 0.190888

46 36 0.153622

47 36 0.11575

48 36 0.0774217

49 36 0.0387874

50 36 0

0 37 0

1 37 0.036696

2 37 0.0732472

3 37 0.109509

4 37 0.145339

5 37 0.180596

6 37 0.215139

7 37 0.248834

8 37 0.281546

9 37 0.313148

10 37 0.343513

11 37 0.372523

12 37 0.400063

13 37 0.426024

14 37 0.450303

15 37 0.472806

16 37 0.493442

17 37 0.512131

18 37 0.528799

19 37 0.54338

20 37 0.555816

21 37 0.566059

22 37 0.574068

23 37 0.579812

24 37 0.583267

25 37 0.58442

26 37 0.583267

27 37 0.579812

28 37 0.574068

29 37 0.566059

30 37 0.555816

31 37 0.54338

32 37 0.528799

33 37 0.512131

34 37 0.493442

35 37 0.472806

36 37 0.450303

37 37 0.426024

38 37 0.400063

39 37 0.372523

40 37 0.343513

41 37 0.313148

42 37 0.281546

43 37 0.248834

44 37 0.215139

45 37 0.180596

46 37 0.145339

47 37 0.109509

48 37 0.0732472

49 37 0.036696

50 37 0

0 38 0

1 38 0.0344599

2 38 0.0687837

3 38 0.102836

4 38 0.136483

5 38 0.169591

6 38 0.202029

7 38 0.233671

8 38 0.26439

9 38 0.294065

10 38 0.322581

11 38 0.349823

12 38 0.375684

13 38 0.400063

14 38 0.422863

15 38 0.443994

16 38 0.463373

17 38 0.480923

18 38 0.496575

19 38 0.510268

20 38 0.521946

21 38 0.531565

22 38 0.539086

23 38 0.544479

24 38 0.547724

25 38 0.548807

26 38 0.547724

27 38 0.544479

28 38 0.539086

29 38 0.531565

30 38 0.521946

31 38 0.510268

32 38 0.496575

33 38 0.480923

34 38 0.463373

35 38 0.443994

36 38 0.422863

37 38 0.400063

38 38 0.375684

39 38 0.349823

40 38 0.322581

41 38 0.294065

42 38 0.26439

43 38 0.233671

44 38 0.202029

45 38 0.169591

46 38 0.136483

47 38 0.102836

48 38 0.0687837

49 38 0.0344599

50 38 0

0 39 0

1 39 0.0320877

2 39 0.0640488

3 39 0.0957571

4 39 0.127087

5 39 0.157916

6 39 0.188122

7 39 0.217585

8 39 0.24619

9 39 0.273822

10 39 0.300375

11 39 0.325741

12 39 0.349823

13 39 0.372523

14 39 0.393754

15 39 0.41343

16 39 0.431475

17 39 0.447817

18 39 0.462392

19 39 0.475142

20 39 0.486016

21 39 0.494973

22 39 0.501976

23 39 0.506998

24 39 0.510019

25 39 0.511028

26 39 0.510019

27 39 0.506998

28 39 0.501976

29 39 0.494973

30 39 0.486016

31 39 0.475142

32 39 0.462392

33 39 0.447817

34 39 0.431475

35 39 0.41343

36 39 0.393754

37 39 0.372523

38 39 0.349823

39 39 0.325741

40 39 0.300375

41 39 0.273822

42 39 0.24619

43 39 0.217585

44 39 0.188122

45 39 0.157916

46 39 0.127087

47 39 0.0957571

48 39 0.0640488

49 39 0.0320877

50 39 0

0 40 0

1 40 0.0295889

2 40 0.059061

3 40 0.0883001

4 40 0.117191

5 40 0.145619

6 40 0.173472

7 40 0.200641

8 40 0.227018

9 40 0.252499

10 40 0.276983

11 40 0.300375

12 40 0.322581

13 40 0.343513

14 40 0.363091

15 40 0.381235

16 40 0.397874

17 40 0.412944

18 40 0.426384

19 40 0.43814

20 40 0.448168

21 40 0.456427

22 40 0.462885

23 40 0.467516

24 40 0.470302

25 40 0.471232

26 40 0.470302

27 40 0.467516

28 40 0.462885

29 40 0.456427

30 40 0.448168

31 40 0.43814

32 40 0.426384

33 40 0.412944

34 40 0.397874

35 40 0.381235

36 40 0.363091

37 40 0.343513

38 40 0.322581

39 40 0.300375

40 40 0.276983

41 40 0.252499

42 40 0.227018

43 40 0.200641

44 40 0.173472

45 40 0.145619

46 40 0.117191

47 40 0.0883001

48 40 0.059061

49 40 0.0295889

50 40 0

0 41 0

1 41 0.0269733

2 41 0.0538402

3 41 0.0804946

4 41 0.106831

5 41 0.132746

6 41 0.158138

7 41 0.182905

8 41 0.20695

9 41 0.230179

10 41 0.252499

11 41 0.273822

12 41 0.294065

13 41 0.313148

14 41 0.330994

15 41 0.347535

16 41 0.362703

17 41 0.376441

18 41 0.388692

19 41 0.39941

20 41 0.408552

21 41 0.416081

22 41 0.421968

23 41 0.426189

24 41 0.428729

25 41 0.429577

26 41 0.428729

27 41 0.426189

28 41 0.421968

29 41 0.416081

30 41 0.408552

31 41 0.39941

32 41 0.388692

33 41 0.376441

34 41 0.362703

35 41 0.347535

36 41 0.330994

37 41 0.313148

38 41 0.294065

39 41 0.273822

40 41 0.252499

41 41 0.230179

42 41 0.20695

43 41 0.182905

44 41 0.158138

45 41 0.132746

46 41 0.106831

47 41 0.0804946

48 41 0.0538402

49 41 0.0269733

50 41 0

0 42 0

1 42 0.0242513

2 42 0.0484069

3 42 0.0723715

4 42 0.0960504

5 42 0.11935

6 42 0.142179

7 42 0.164447

8 42 0.186066

9 42 0.20695

10 42 0.227018

11 42 0.24619

12 42 0.26439

13 42 0.281546

14 42 0.297592

15 42 0.312463

16 42 0.326101

17 42 0.338452

18 42 0.349467

19 42 0.359104

20 42 0.367322

21 42 0.374092

22 42 0.379385

23 42 0.38318

24 42 0.385464

25 42 0.386226

26 42 0.385464

27 42 0.38318

28 42 0.379385

29 42 0.374092

30 42 0.367322

31 42 0.359104

32 42 0.349467

33 42 0.338452

34 42 0.326101

35 42 0.312463

36 42 0.297592

37 42 0.281546

38 42 0.26439

39 42 0.24619

40 42 0.227018

41 42 0.20695

42 42 0.186066

43 42 0.164447

44 42 0.142179

45 42 0.11935

46 42 0.0960504

47 42 0.0723715

48 42 0.0484069

49 42 0.0242513

50 42 0

0 43 0

1 43 0.0214336

2 43 0.0427826

3 43 0.0639627

4 43 0.0848904

5 43 0.105483

6 43 0.12566

7 43 0.14534

8 43 0.164447

9 43 0.182905

10 43 0.200641

11 43 0.217585

12 43 0.233671

13 43 0.248834

14 43 0.263015

15 43 0.276158

16 43 0.288212

17 43 0.299128

18 43 0.308863

19 43 0.31738

20 43 0.324644

21 43 0.330626

22 43 0.335304

23 43 0.338659

24 43 0.340677

25 43 0.341351

26 43 0.340677

27 43 0.338659

28 43 0.335304

29 43 0.330626

30 43 0.324644

31 43 0.31738

32 43 0.308863

33 43 0.299128

34 43 0.288212

35 43 0.276158

36 43 0.263015

37 43 0.248834

38 43 0.233671

39 43 0.217585

40 43 0.200641

41 43 0.182905

42 43 0.164447

43 43 0.14534

44 43 0.12566

45 43 0.105483

46 43 0.0848904

47 43 0.0639627

48 43 0.0427826

49 43 0.0214336

50 43 0

0 44 0

1 44 0.0185313

2 44 0.0369894

3 44 0.0553015

4 44 0.0733954

5 44 0.0911997

6 44 0.108644

7 44 0.12566

8 44 0.142179

9 44 0.158138

10 44 0.173472

11 44 0.188122

12 44 0.202029

13 44 0.215139

14 44 0.2274

15 44 0.238764

16 44 0.249185

17 44 0.258623

18 44 0.26704

19 44 0.274403

20 44 0.280684

21 44 0.285856

22 44 0.289901

23 44 0.292801

24 44 0.294546

25 44 0.295128

26 44 0.294546

27 44 0.292801

28 44 0.289901

29 44 0.285856

30 44 0.280684

31 44 0.274403

32 44 0.26704

33 44 0.258623

34 44 0.249185

35 44 0.238764

36 44 0.2274

37 44 0.215139

38 44 0.202029

39 44 0.188122

40 44 0.173472

41 44 0.158138

42 44 0.142179

43 44 0.12566

44 44 0.108644

45 44 0.0911997

46 44 0.0733954

47 44 0.0553015

48 44 0.0369894

49 44 0.0185313

50 44 0

0 45 0

1 45 0.0155558

2 45 0.0310502

3 45 0.0464221

4 45 0.0616108

5 45 0.0765563

6 45 0.0911997

7 45 0.105483

8 45 0.11935

9 45 0.132746

10 45 0.145619

11 45 0.157916

12 45 0.169591

13 45 0.180596

14 45 0.190888

15 45 0.200427

16 45 0.209175

17 45 0.217097

18 45 0.224163

19 45 0.230344

20 45 0.235616

21 45 0.239958

22 45 0.243353

23 45 0.245788

24 45 0.247252

25 45 0.247741

26 45 0.247252

27 45 0.245788

28 45 0.243353

29 45 0.239958

30 45 0.235616

31 45 0.230344

32 45 0.224163

33 45 0.217097

34 45 0.209175

35 45 0.200427

36 45 0.190888

37 45 0.180596

38 45 0.169591

39 45 0.157916

40 45 0.145619

41 45 0.132746

42 45 0.11935

43 45 0.105483

44 45 0.0911997

45 45 0.0765563

46 45 0.0616108

47 45 0.0464221

48 45 0.0310502

49 45 0.0155558

50 45 0

0 46 0

1 46 0.012519

2 46 0.0249885

3 46 0.0373595

4 46 0.049583

5 46 0.0616108

6 46 0.0733954

7 46 0.0848904

8 46 0.0960504

9 46 0.106831

10 46 0.117191

11 46 0.127087

12 46 0.136483

13 46 0.145339

14 46 0.153622

15 46 0.161299

16 46 0.168339

17 46 0.174715

18 46 0.180401

19 46 0.185376

20 46 0.189618

21 46 0.193113

22 46 0.195845

23 46 0.197804

24 46 0.198983

25 46 0.199377

26 46 0.198983

27 46 0.197804

28 46 0.195845

29 46 0.193113

30 46 0.189618

31 46 0.185376

32 46 0.180401

33 46 0.174715

34 46 0.168339

35 46 0.161299

36 46 0.153622

37 46 0.145339

38 46 0.136483

39 46 0.127087

40 46 0.117191

41 46 0.106831

42 46 0.0960504

43 46 0.0848904

44 46 0.0733954

45 46 0.0616108

46 46 0.049583

47 46 0.0373595

48 46 0.0249885

49 46 0.012519

50 46 0

0 47 0

1 47 0.00943271

2 47 0.0188282

3 47 0.0281494

4 47 0.0373595

5 47 0.0464221

6 47 0.0553015

7 47 0.0639627

8 47 0.0723715

9 47 0.0804946

10 47 0.0883001

11 47 0.0957571

12 47 0.102836

13 47 0.109509

14 47 0.11575

15 47 0.121535

16 47 0.126839

17 47 0.131643

18 47 0.135928

19 47 0.139676

20 47 0.142873

21 47 0.145505

22 47 0.147564

23 47 0.149041

24 47 0.149929

25 47 0.150225

26 47 0.149929

27 47 0.149041

28 47 0.147564

29 47 0.145505

30 47 0.142873

31 47 0.139676

32 47 0.135928

33 47 0.131643

34 47 0.126839

35 47 0.121535

36 47 0.11575

37 47 0.109509

38 47 0.102836

39 47 0.0957571

40 47 0.0883001

41 47 0.0804946

42 47 0.0723715

43 47 0.0639627

44 47 0.0553015

45 47 0.0464221

46 47 0.0373595

47 47 0.0281494

48 47 0.0188282

49 47 0.00943271

50 47 0

0 48 0

1 48 0.00630923

2 48 0.0125936

3 48 0.0188282

4 48 0.0249885

5 48 0.0310502

6 48 0.0369894

7 48 0.0427826

8 48 0.0484069

9 48 0.0538402

10 48 0.059061

11 48 0.0640488

12 48 0.0687837

13 48 0.0732472

14 48 0.0774217

15 48 0.0812905

16 48 0.0848386

17 48 0.0880519

18 48 0.0909176

19 48 0.0934245

20 48 0.0955628

21 48 0.0973239

22 48 0.0987008

23 48 0.0996883

24 48 0.100282

25 48 0.100481

26 48 0.100282

27 48 0.0996883

28 48 0.0987008

29 48 0.0973239

30 48 0.0955628

31 48 0.0934245

32 48 0.0909176

33 48 0.0880519

34 48 0.0848386

35 48 0.0812905

36 48 0.0774217

37 48 0.0732472

38 48 0.0687837

39 48 0.0640488

40 48 0.059061

41 48 0.0538402

42 48 0.0484069

43 48 0.0427826

44 48 0.0369894

45 48 0.0310502

46 48 0.0249885

47 48 0.0188282

48 48 0.0125936

49 48 0.00630923

50 48 0

0 49 0

1 49 0.00316085

2 49 0.00630923

3 49 0.00943271

4 49 0.012519

5 49 0.0155558

6 49 0.0185313

7 49 0.0214336

8 49 0.0242513

9 49 0.0269733

10 49 0.0295889

11 49 0.0320877

12 49 0.0344599

13 49 0.036696

14 49 0.0387874

15 49 0.0407256

16 49 0.0425032

17 49 0.044113

18 49 0.0455487

19 49 0.0468046

20 49 0.0478759

21 49 0.0487581

22 49 0.049448

23 49 0.0499427

24 49 0.0502403

25 49 0.0503397

26 49 0.0502403

27 49 0.0499427

28 49 0.049448

29 49 0.0487581

30 49 0.0478759

31 49 0.0468046

32 49 0.0455487

33 49 0.044113

34 49 0.0425032

35 49 0.0407256

36 49 0.0387874

37 49 0.036696

38 49 0.0344599

39 49 0.0320877

40 49 0.0295889

41 49 0.0269733

42 49 0.0242513

43 49 0.0214336

44 49 0.0185313

45 49 0.0155558

46 49 0.012519

47 49 0.00943271

48 49 0.00630923

49 49 0.00316085

50 49 0

