0 1 0

1 1 0.00072811

2 1 0.00145335

3 1 0.00217285

4 1 0.00288377

5 1 0.00358332

6 1 0.00426872

7 1 0.00493728

8 1 0.00558635

9 1 0.00621338

10 1 0.00681588

11 1 0.00739148

12 1 0.00793792

13 1 0.00845302

14 1 0.00893477

15 1 0.00938125

16 1 0.00979071

17 1 0.0101615

18 1 0.0104923

19 1 0.0107816

20 1 0.0110283

21 1 0.0112316

22 1 0.0113905

23 1 0.0115044

24 1 0.011573

25 1 0.0115959

26 1 0.011573

27 1 0.0115044

28 1 0.0113905

29 1 0.0112316

30 1 0.0110283

31 1 0.0107816

32 1 0.0104923

33 1 0.0101615

34 1 0.00979071

35 1 0.00938125

36 1 0.00893477

37 1 0.00845302

38 1 0.00793792

39 1 0.00739148

40 1 0.00681588

41 1 0.00621338

42 1 0.00558635

43 1 0.00493728

44 1 0.00426872

45 1 0.00358332

46 1 0.00288377

47 1 0.00217285

48 1 0.00145335

49 1 0.00072811

50 1 0

0 2 0

1 2 0.00145335

2 2 0.00290096

3 2 0.00433712

4 2 0.00575617

5 2 0.0071525

6 2 0.0085206

7 2 0.00985507

8 2 0.0111507

9 2 0.0124022

10 2 0.0136049

11 2 0.0147538

12 2 0.0158445

13 2 0.0168727

14 2 0.0178343

15 2 0.0187255

16 2 0.0195428

17 2 0.020283

18 2 0.0209431

19 2 0.0215206

20 2 0.0220131

21 2 0.0224188

22 2 0.022736

23 2 0.0229635

24 2 0.0231003

25 2 0.023146

26 2 0.0231003

27 2 0.0229635

28 2 0.022736

29 2 0.0224188

30 2 0.0220131

31 2 0.0215206

32 2 0.0209431

33 2 0.020283

34 2 0.0195428

35 2 0.0187255

36 2 0.0178343

37 2 0.0168727

38 2 0.0158445

39 2 0.0147538

40 2 0.0136049

41 2 0.0124022

42 2 0.0111507

43 2 0.00985507

44 2 0.0085206

45 2 0.0071525

46 2 0.00575617

47 2 0.00433712

48 2 0.00290096

49 2 0.00145335

50 2 0

0 3 0

1 3 0.00217285

2 3 0.00433712

3 3 0.00648428

4 3 0.00860584

5 3 0.0106934

6 3 0.0127388

7 3 0.014734

8 3 0.016671

9 3 0.0185421

10 3 0.0203401

11 3 0.0220579

12 3 0.0236886

13 3 0.0252258

14 3 0.0266634

15 3 0.0279958

16 3 0.0292177

17 3 0.0303243

18 3 0.0313113

19 3 0.0321747

20 3 0.032911

21 3 0.0335175

22 3 0.0339918

23 3 0.0343319

24 3 0.0345364

25 3 0.0346047

26 3 0.0345364

27 3 0.0343319

28 3 0.0339918

29 3 0.0335175

30 3 0.032911

31 3 0.0321747

32 3 0.0313113

33 3 0.0303243

34 3 0.0292177

35 3 0.0279958

36 3 0.0266634

37 3 0.0252258

38 3 0.0236886

39 3 0.0220579

40 3 0.0203401

41 3 0.0185421

42 3 0.016671

43 3 0.014734

44 3 0.0127388

45 3 0.0106934

46 3 0.00860584

47 3 0.00648428

48 3 0.00433712

49 3 0.00217285

50 3 0

0 4 0

1 4 0.00288377

2 4 0.00575617

3 4 0.00860584

4 4 0.0114216

5 4 0.0141922

6 4 0.0169068

7 4 0.0195547

8 4 0.0221255

9 4 0.0246089

10 4 0.0269952

11 4 0.0292749

12 4 0.0314391

13 4 0.0334793

14 4 0.0353873

15 4 0.0371556

16 4 0.0387774

17 4 0.0402461

18 4 0.0415559

19 4 0.0427018

20 4 0.0436791

21 4 0.044484

22 4 0.0451134

23 4 0.0455648

24 4 0.0458363

25 4 0.0459269

26 4 0.0458363

27 4 0.0455648

28 4 0.0451134

29 4 0.044484

30 4 0.0436791

31 4 0.0427018

32 4 0.0415559

33 4 0.0402461

34 4 0.0387774

35 4 0.0371556

36 4 0.0353873

37 4 0.0334793

38 4 0.0314391

39 4 0.0292749

40 4 0.0269952

41 4 0.0246089

42 4 0.0221255

43 4 0.0195547

44 4 0.0169068

45 4 0.0141922

46 4 0.0114216

47 4 0.00860584

48 4 0.00575617

49 4 0.00288377

50 4 0

0 5 0

1 5 0.00358332

2 5 0.0071525

3 5 0.0106934

4 5 0.0141922

5 5 0.0176349

6 5 0.0210081

7 5 0.0242983

8 5 0.0274926

9 5 0.0305785

10 5 0.0335436

11 5 0.0363764

12 5 0.0390656

13 5 0.0416007

14 5 0.0439715

15 5 0.0461689

16 5 0.048184

17 5 0.0500089

18 5 0.0516365

19 5 0.0530603

20 5 0.0542747

21 5 0.0552749

22 5 0.056057

23 5 0.0566178

24 5 0.0569552

25 5 0.0570678

26 5 0.0569552

27 5 0.0566178

28 5 0.056057

29 5 0.0552749

30 5 0.0542747

31 5 0.0530603

32 5 0.0516365

33 5 0.0500089

34 5 0.048184

35 5 0.0461689

36 5 0.0439715

37 5 0.0416007

38 5 0.0390656

39 5 0.0363764

40 5 0.0335436

41 5 0.0305785

42 5 0.0274926

43 5 0.0242983

44 5 0.0210081

45 5 0.0176349

46 5 0.0141922

47 5 0.0106934

48 5 0.0071525

49 5 0.00358332

50 5 0

0 6 0

1 6 0.00426872

2 6 0.0085206

3 6 0.0127388

4 6 0.0169068

5 6 0.0210081

6 6 0.0250264

7 6 0.028946

8 6 0.0327513

9 6 0.0364274

10 6 0.0399597

11 6 0.0433343

12 6 0.0465379

13 6 0.0495579

14 6 0.0523822

15 6 0.0549998

16 6 0.0574004

17 6 0.0595744

18 6 0.0615134

19 6 0.0632095

20 6 0.0646562

21 6 0.0658477

22 6 0.0667794

23 6 0.0674475

24 6 0.0678494

25 6 0.0679836

26 6 0.0678494

27 6 0.0674475

28 6 0.0667794

29 6 0.0658477

30 6 0.0646562

31 6 0.0632095

32 6 0.0615134

33 6 0.0595744

34 6 0.0574004

35 6 0.0549998

36 6 0.0523822

37 6 0.0495579

38 6 0.0465379

39 6 0.0433343

40 6 0.0399597

41 6 0.0364274

42 6 0.0327513

43 6 0.028946

44 6 0.0250264

45 6 0.0210081

46 6 0.0169068

47 6 0.0127388

48 6 0.0085206

49 6 0.00426872

50 6 0

0 7 0

1 7 0.00493728

2 7 0.00985507

3 7 0.014734

4 7 0.0195547

5 7 0.0242983

6 7 0.028946

7 7 0.0334794

8 7 0.0378808

9 7 0.0421326

10 7 0.0462181

11 7 0.0501213

12 7 0.0538266

13 7 0.0573195

14 7 0.0605862

15 7 0.0636138

16 7 0.0663903

17 7 0.0689048

18 7 0.0711474

19 7 0.0731092

20 7 0.0747825

21 7 0.0761606

22 7 0.0772382

23 7 0.0780109

24 7 0.0784758

25 7 0.078631

26 7 0.0784758

27 7 0.0780109

28 7 0.0772382

29 7 0.0761606

30 7 0.0747825

31 7 0.0731092

32 7 0.0711474

33 7 0.0689048

34 7 0.0663903

35 7 0.0636138

36 7 0.0605862

37 7 0.0573195

38 7 0.0538266

39 7 0.0501213

40 7 0.0462181

41 7 0.0421326

42 7 0.0378808

43 7 0.0334794

44 7 0.028946

45 7 0.0242983

46 7 0.0195547

47 7 0.014734

48 7 0.00985507

49 7 0.00493728

50 7 0

0 8 0

1 8 0.00558635

2 8 0.0111507

3 8 0.016671

4 8 0.0221255

5 8 0.0274926

6 8 0.0327513

7 8 0.0378808

8 8 0.0428607

9 8 0.0476715

10 8 0.0522941

11 8 0.0567104

12 8 0.0609028

13 8 0.0648549

14 8 0.0685511

15 8 0.0719767

16 8 0.0751182

17 8 0.0779633

18 8 0.0805007

19 8 0.0827204

20 8 0.0846136

21 8 0.086173

22 8 0.0873922

23 8 0.0882665

24 8 0.0887925

25 8 0.0889681

26 8 0.0887925

27 8 0.0882665

28 8 0.0873922

29 8 0.086173

30 8 0.0846136

31 8 0.0827204

32 8 0.0805007

33 8 0.0779633

34 8 0.0751182

35 8 0.0719767

36 8 0.0685511

37 8 0.0648549

38 8 0.0609028

39 8 0.0567104

40 8 0.0522941

41 8 0.0476715

42 8 0.0428607

43 8 0.0378808

44 8 0.0327513

45 8 0.0274926

46 8 0.0221255

47 8 0.016671

48 8 0.0111507

49 8 0.00558635

50 8 0

0 9 0

1 9 0.00621338

2 9 0.0124022

3 9 0.0185421

4 9 0.0246089

5 9 0.0305785

6 9 0.0364274

7 9 0.0421326

8 9 0.0476715

9 9 0.0530222

10 9 0.0581637

11 9 0.0630757

12 9 0.0677387

13 9 0.0721344

14 9 0.0762454

15 9 0.0800555

16 9 0.0835497

17 9 0.0867141

18 9 0.0895363

19 9 0.0920051

20 9 0.0941109

21 9 0.0958452

22 9 0.0972013

23 9 0.0981738

24 9 0.0987588

25 9 0.098954

26 9 0.0987588

27 9 0.0981738

28 9 0.0972013

29 9 0.0958452

30 9 0.0941109

31 9 0.0920051

32 9 0.0895363

33 9 0.0867141

34 9 0.0835497

35 9 0.0800555

36 9 0.0762454

37 9 0.0721344

38 9 0.0677387

39 9 0.0630757

40 9 0.0581637

41 9 0.0530222

42 9 0.0476715

43 9 0.0421326

44 9 0.0364274

45 9 0.0305785

46 9 0.0246089

47 9 0.0185421

48 9 0.0124022

49 9 0.00621338

50 9 0

0 10 0

1 10 0.00681588

2 10 0.0136049

3 10 0.0203401

4 10 0.0269952

5 10 0.0335436

6 10 0.0399597

7 10 0.0462181

8 10 0.0522941

9 10 0.0581637

10 10 0.0638038

11 10 0.069192

12 10 0.0743072

13 10 0.0791292

14 10 0.0836388

15 10 0.0878184

16 10 0.0916514

17 10 0.0951226

18 10 0.0982185

19 10 0.100927

20 10 0.103237

21 10 0.105139

22 10 0.106627

23 10 0.107694

24 10 0.108335

25 10 0.108549

26 10 0.108335

27 10 0.107694

28 10 0.106627

29 10 0.105139

30 10 0.103237

31 10 0.100927

32 10 0.0982185

33 10 0.0951226

34 10 0.0916514

35 10 0.0878184

36 10 0.0836388

37 10 0.0791292

38 10 0.0743072

39 10 0.069192

40 10 0.0638038

41 10 0.0581637

42 10 0.0522941

43 10 0.0462181

44 10 0.0399597

45 10 0.0335436

46 10 0.0269952

47 10 0.0203401

48 10 0.0136049

49 10 0.00681588

50 10 0

0 11 0

1 11 0.00739148

2 11 0.0147538

3 11 0.0220579

4 11 0.0292749

5 11 0.0363764

6 11 0.0433343

7 11 0.0501213

8 11 0.0567104

9 11 0.0630757

10 11 0.069192

11 11 0.0750353

12 11 0.0805825

13 11 0.0858117

14 11 0.0907021

15 11 0.0952347

16 11 0.0993914

17 11 0.103156

18 11 0.106513

19 11 0.10945

20 11 0.111955

21 11 0.114018

22 11 0.115631

23 11 0.116788

24 11 0.117484

25 11 0.117717

26 11 0.117484

27 11 0.116788

28 11 0.115631

29 11 0.114018

30 11 0.111955

31 11 0.10945

32 11 0.106513

33 11 0.103156

34 11 0.0993914

35 11 0.0952347

36 11 0.0907021

37 11 0.0858117

38 11 0.0805825

39 11 0.0750353

40 11 0.069192

41 11 0.0630757

42 11 0.0567104

43 11 0.0501213

44 11 0.0433343

45 11 0.0363764

46 11 0.0292749

47 11 0.0220579

48 11 0.0147538

49 11 0.00739148

50 11 0

0 12 0

1 12 0.00793792

2 12 0.0158445

3 12 0.0236886

4 12 0.0314391

5 12 0.0390656

6 12 0.0465379

7 12 0.0538266

8 12 0.0609028

9 12 0.0677387

10 12 0.0743072

11 12 0.0805825

12 12 0.0865398

13 12 0.0921555

14 12 0.0974075

15 12 0.102275

16 12 0.106739

17 12 0.110782

18 12 0.114387

19 12 0.117541

20 12 0.120232

21 12 0.122447

22 12 0.12418

23 12 0.125422

24 12 0.12617

25 12 0.126419

26 12 0.12617

27 12 0.125422

28 12 0.12418

29 12 0.122447

30 12 0.120232

31 12 0.117541

32 12 0.114387

33 12 0.110782

34 12 0.106739

35 12 0.102275

36 12 0.0974075

37 12 0.0921555

38 12 0.0865398

39 12 0.0805825

40 12 0.0743072

41 12 0.0677387

42 12 0.0609028

43 12 0.0538266

44 12 0.0465379

45 12 0.0390656

46 12 0.0314391

47 12 0.0236886

48 12 0.0158445

49 12 0.00793792

50 12 0

0 13 0

1 13 0.00845302

2 13 0.0168727

3 13 0.0252258

4 13 0.0334793

5 13 0.0416007

6 13 0.0495579

7 13 0.0573195

8 13 0.0648549

9 13 0.0721344

10 13 0.0791292

11 13 0.0858117

12 13 0.0921555

13 13 0.0981356

14 13 0.103728

15 13 0.108912

16 13 0.113666

17 13 0.117971

18 13 0.12181

19 13 0.125169

20 13 0.128034

21 13 0.130393

22 13 0.132238

23 13 0.133561

24 13 0.134357

25 13 0.134623

26 13 0.134357

27 13 0.133561

28 13 0.132238

29 13 0.130393

30 13 0.128034

31 13 0.125169

32 13 0.12181

33 13 0.117971

34 13 0.113666

35 13 0.108912

36 13 0.103728

37 13 0.0981356

38 13 0.0921555

39 13 0.0858117

40 13 0.0791292

41 13 0.0721344

42 13 0.0648549

43 13 0.0573195

44 13 0.0495579

45 13 0.0416007

46 13 0.0334793

47 13 0.0252258

48 13 0.0168727

49 13 0.00845302

50 13 0

0 14 0

1 14 0.00893477

2 14 0.0178343

3 14 0.0266634

4 14 0.0353873

5 14 0.0439715

6 14 0.0523822

7 14 0.0605862

8 14 0.0685511

9 14 0.0762454

10 14 0.0836388

11 14 0.0907021

12 14 0.0974075

13 14 0.103728

14 14 0.10964

15 14 0.115119

16 14 0.120144

17 14 0.124694

18 14 0.128752

19 14 0.132302

20 14 0.13533

21 14 0.137824

22 14 0.139774

23 14 0.141173

24 14 0.142014

25 14 0.142295

26 14 0.142014

27 14 0.141173

28 14 0.139774

29 14 0.137824

30 14 0.13533

31 14 0.132302

32 14 0.128752

33 14 0.124694

34 14 0.120144

35 14 0.115119

36 14 0.10964

37 14 0.103728

38 14 0.0974075

39 14 0.0907021

40 14 0.0836388

41 14 0.0762454

42 14 0.0685511

43 14 0.0605862

44 14 0.0523822

45 14 0.0439715

46 14 0.0353873

47 14 0.0266634

48 14 0.0178343

49 14 0.00893477

50 14 0

0 15 0

1 15 0.00938125

2 15 0.0187255

3 15 0.0279958

4 15 0.0371556

5 15 0.0461689

6 15 0.0549998

7 15 0.0636138

8 15 0.0719767

9 15 0.0800555

10 15 0.0878184

11 15 0.0952347

12 15 0.102275

13 15 0.108912

14 15 0.115119

15 15 0.120872

16 15 0.126147

17 15 0.130925

18 15 0.135186

19 15 0.138914

20 15 0.142093

21 15 0.144712

22 15 0.146759

23 15 0.148227

24 15 0.149111

25 15 0.149406

26 15 0.149111

27 15 0.148227

28 15 0.146759

29 15 0.144712

30 15 0.142093

31 15 0.138914

32 15 0.135186

33 15 0.130925

34 15 0.126147

35 15 0.120872

36 15 0.115119

37 15 0.108912

38 15 0.102275

39 15 0.0952347

40 15 0.0878184

41 15 0.0800555

42 15 0.0719767

43 15 0.0636138

44 15 0.0549998

45 15 0.0461689

46 15 0.0371556

47 15 0.0279958

48 15 0.0187255

49 15 0.00938125

50 15 0

0 16 0

1 16 0.00979071

2 16 0.0195428

3 16 0.0292177

4 16 0.0387774

5 16 0.048184

6 16 0.0574004

7 16 0.0663903

8 16 0.0751182

9 16 0.0835497

10 16 0.0916514

11 16 0.0993914

12 16 0.106739

13 16 0.113666

14 16 0.120144

15 16 0.126147

16 16 0.131653

17 16 0.13664

18 16 0.141087

19 16 0.144977

20 16 0.148295

21 16 0.151028

22 16 0.153165

23 16 0.154697

24 16 0.155619

25 16 0.155927

26 16 0.155619

27 16 0.154697

28 16 0.153165

29 16 0.151028

30 16 0.148295

31 16 0.144977

32 16 0.141087

33 16 0.13664

34 16 0.131653

35 16 0.126147

36 16 0.120144

37 16 0.113666

38 16 0.106739

39 16 0.0993914

40 16 0.0916514

41 16 0.0835497

42 16 0.0751182

43 16 0.0663903

44 16 0.0574004

45 16 0.048184

46 16 0.0387774

47 16 0.0292177

48 16 0.0195428

49 16 0.00979071

50 16 0

0 17 0

1 17 0.0101615

2 17 0.020283

3 17 0.0303243

4 17 0.0402461

5 17 0.0500089

6 17 0.0595744

7 17 0.0689048

8 17 0.0779633

9 17 0.0867141

10 17 0.0951226

11 17 0.103156

12 17 0.110782

13 17 0.117971

14 17 0.124694

15 17 0.130925

16 17 0.13664

17 17 0.141815

18 17 0.14643

19 17 0.150468

20 17 0.153912

21 17 0.156748

22 17 0.158966

23 17 0.160556

24 17 0.161513

25 17 0.161832

26 17 0.161513

27 17 0.160556

28 17 0.158966

29 17 0.156748

30 17 0.153912

31 17 0.150468

32 17 0.14643

33 17 0.141815

34 17 0.13664

35 17 0.130925

36 17 0.124694

37 17 0.117971

38 17 0.110782

39 17 0.103156

40 17 0.0951226

41 17 0.0867141

42 17 0.0779633

43 17 0.0689048

44 17 0.0595744

45 17 0.0500089

46 17 0.0402461

47 17 0.0303243

48 17 0.020283

49 17 0.0101615

50 17 0

0 18 0

1 18 0.0104923

2 18 0.0209431

3 18 0.0313113

4 18 0.0415559

5 18 0.0516365

6 18 0.0615134

7 18 0.0711474

8 18 0.0805007

9 18 0.0895363

10 18 0.0982185

11 18 0.106513

12 18 0.114387

13 18 0.12181

14 18 0.128752

15 18 0.135186

16 18 0.141087

17 18 0.14643

18 18 0.151196

19 18 0.155365

20 18 0.158921

21 18 0.16185

22 18 0.16414

23 18 0.165782

24 18 0.16677

25 18 0.167099

26 18 0.16677

27 18 0.165782

28 18 0.16414

29 18 0.16185

30 18 0.158921

31 18 0.155365

32 18 0.151196

33 18 0.14643

34 18 0.141087

35 18 0.135186

36 18 0.128752

37 18 0.12181

38 18 0.114387

39 18 0.106513

40 18 0.0982185

41 18 0.0895363

42 18 0.0805007

43 18 0.0711474

44 18 0.0615134

45 18 0.0516365

46 18 0.0415559

47 18 0.0313113

48 18 0.0209431

49 18 0.0104923

50 18 0

0 19 0

1 19 0.0107816

2 19 0.0215206

3 19 0.0321747

4 19 0.0427018

5 19 0.0530603

6 19 0.0632095

7 19 0.0731092

8 19 0.0827204

9 19 0.0920051

10 19 0.100927

11 19 0.10945

12 19 0.117541

13 19 0.125169

14 19 0.132302

15 19 0.138914

16 19 0.144977

17 19 0.150468

18 19 0.155365

19 19 0.159649

20 19 0.163303

21 19 0.166312

22 19 0.168665

23 19 0.170353

24 19 0.171368

25 19 0.171707

26 19 0.171368

27 19 0.170353

28 19 0.168665

29 19 0.166312

30 19 0.163303

31 19 0.159649

32 19 0.155365

33 19 0.150468

34 19 0.144977

35 19 0.138914

36 19 0.132302

37 19 0.125169

38 19 0.117541

39 19 0.10945

40 19 0.100927

41 19 0.0920051

42 19 0.0827204

43 19 0.0731092

44 19 0.0632095

45 19 0.0530603

46 19 0.0427018

47 19 0.0321747

48 19 0.0215206

49 19 0.0107816

50 19 0

0 20 0

1 20 0.0110283

2 20 0.0220131

3 20 0.032911

4 20 0.0436791

5 20 0.0542747

6 20 0.0646562

7 20 0.0747825

8 20 0.0846136

9 20 0.0941109

10 20 0.103237

11 20 0.111955

12 20 0.120232

13 20 0.128034

14 20 0.13533

15 20 0.142093

16 20 0.148295

17 20 0.153912

18 20 0.158921

19 20 0.163303

20 20 0.16704

21 20 0.170119

22 20 0.172526

23 20 0.174252

24 20 0.17529

25 20 0.175637

26 20 0.17529

27 20 0.174252

28 20 0.172526

29 20 0.170119

30 20 0.16704

31 20 0.163303

32 20 0.158921

33 20 0.153912

34 20 0.148295

35 20 0.142093

36 20 0.13533

37 20 0.128034

38 20 0.120232

39 20 0.111955

40 20 0.103237

41 20 0.0941109

42 20 0.0846136

43 20 0.0747825

44 20 0.0646562

45 20 0.0542747

46 20 0.0436791

47 20 0.032911

48 20 0.0220131

49 20 0.0110283

50 20 0

0 21 0

1 21 0.0112316

2 21 0.0224188

3 21 0.0335175

4 21 0.044484

5 21 0.0552749

6 21 0.0658477

7 21 0.0761606

8 21 0.086173

9 21 0.0958452

10 21 0.105139

11 21 0.114018

12 21 0.122447

13 21 0.130393

14 21 0.137824

15 21 0.144712

16 21 0.151028

17 21 0.156748

18 21 0.16185

19 21 0.166312

20 21 0.170119

21 21 0.173254

22 21 0.175705

23 21 0.177463

24 21 0.178521

25 21 0.178873

26 21 0.178521

27 21 0.177463

28 21 0.175705

29 21 0.173254

30 21 0.170119

31 21 0.166312

32 21 0.16185

33 21 0.156748

34 21 0.151028

35 21 0.144712

36 21 0.137824

37 21 0.130393

38 21 0.122447

39 21 0.114018

40 21 0.105139

41 21 0.0958452

42 21 0.086173

43 21 0.0761606

44 21 0.0658477

45 21 0.0552749

46 21 0.044484

47 21 0.0335175

48 21 0.0224188

49 21 0.0112316

50 21 0

0 22 0

1 22 0.0113905

2 22 0.022736

3 22 0.0339918

4 22 0.0451134

5 22 0.056057

6 22 0.0667794

7 22 0.0772382

8 22 0.0873922

9 22 0.0972013

10 22 0.106627

11 22 0.115631

12 22 0.12418

13 22 0.132238

14 22 0.139774

15 22 0.146759

16 22 0.153165

17 22 0.158966

18 22 0.16414

19 22 0.168665

20 22 0.172526

21 22 0.175705

22 22 0.178191

23 22 0.179974

24 22 0.181046

25 22 0.181404

26 22 0.181046

27 22 0.179974

28 22 0.178191

29 22 0.175705

30 22 0.172526

31 22 0.168665

32 22 0.16414

33 22 0.158966

34 22 0.153165

35 22 0.146759

36 22 0.139774

37 22 0.132238

38 22 0.12418

39 22 0.115631

40 22 0.106627

41 22 0.0972013

42 22 0.0873922

43 22 0.0772382

44 22 0.0667794

45 22 0.056057

46 22 0.0451134

47 22 0.0339918

48 22 0.022736

49 22 0.0113905

50 22 0

0 23 0

1 23 0.0115044

2 23 0.0229635

3 23 0.0343319

4 23 0.0455648

5 23 0.0566178

6 23 0.0674475

7 23 0.0780109

8 23 0.0882665

9 23 0.0981738

10 23 0.107694

11 23 0.116788

12 23 0.125422

13 23 0.133561

14 23 0.141173

15 23 0.148227

16 23 0.154697

17 23 0.160556

18 23 0.165782

19 23 0.170353

20 23 0.174252

21 23 0.177463

22 23 0.179974

23 23 0.181774

24 23 0.182858

25 23 0.183219

26 23 0.182858

27 23 0.181774

28 23 0.179974

29 23 0.177463

30 23 0.174252

31 23 0.170353

32 23 0.165782

33 23 0.160556

34 23 0.154697

35 23 0.148227

36 23 0.141173

37 23 0.133561

38 23 0.125422

39 23 0.116788

40 23 0.107694

41 23 0.0981738

42 23 0.0882665

43 23 0.0780109

44 23 0.0674475

45 23 0.0566178

46 23 0.0455648

47 23 0.0343319

48 23 0.0229635

49 23 0.0115044

50 23 0

0 24 0

1 24 0.011573

2 24 0.0231003

3 24 0.0345364

4 24 0.0458363

5 24 0.0569552

6 24 0.0678494

7 24 0.0784758

8 24 0.0887925

9 24 0.0987588

10 24 0.108335

11 24 0.117484

12 24 0.12617

13 24 0.134357

14 24 0.142014

15 24 0.149111

16 24 0.155619

17 24 0.161513

18 24 0.16677

19 24 0.171368

20 24 0.17529

21 24 0.178521

22 24 0.181046

23 24 0.182858

24 24 0.183947

25 24 0.184311

26 24 0.183947

27 24 0.182858

28 24 0.181046

29 24 0.178521

30 24 0.17529

31 24 0.171368

32 24 0.16677

33 24 0.161513

34 24 0.155619

35 24 0.149111

36 24 0.142014

37 24 0.134357

38 24 0.12617

39 24 0.117484

40 24 0.108335

41 24 0.0987588

42 24 0.0887925

43 24 0.0784758

44 24 0.0678494

45 24 0.0569552

46 24 0.0458363

47 24 0.0345364

48 24 0.0231003

49 24 0.011573

50 24 0

0 25 0

1 25 0.0115959

2 25 0.023146

3 25 0.0346047

4 25 0.0459269

5 25 0.0570678

6 25 0.0679836

7 25 0.078631

8 25 0.0889681

9 25 0.098954

10 25 0.108549

11 25 0.117717

12 25 0.126419

13 25 0.134623

14 25 0.142295

15 25 0.149406

16 25 0.155927

17 25 0.161832

18 25 0.167099

19 25 0.171707

20 25 0.175637

21 25 0.178873

22 25 0.181404

23 25 0.183219

24 25 0.184311

25 25 0.184675

26 25 0.184311

27 25 0.183219

28 25 0.181404

29 25 0.178873

30 25 0.175637

31 25 0.171707

32 25 0.167099

33 25 0.161832

34 25 0.155927

35 25 0.149406

36 25 0.142295

37 25 0.134623

38 25 0.126419

39 25 0.117717

40 25 0.108549

41 25 0.098954

42 25 0.0889681

43 25 0.078631

44 25 0.0679836

45 25 0.0570678

46 25 0.0459269

47 25 0.0346047

48 25 0.023146

49 25 0.0115959

50 25 0

0 26 0

1 26 0.011573

2 26 0.0231003

3 26 0.0345364

4 26 0.0458363

5 26 0.0569552

6 26 0.0678494

7 26 0.0784758

8 26 0.0887925

9 26 0.0987588

10 26 0.108335

11 26 0.117484

12 26 0.12617

13 26 0.134357

14 26 0.142014

15 26 0.149111

16 26 0.155619

17 26 0.161513

18 26 0.16677

19 26 0.171368

20 26 0.17529

21 26 0.178521

22 26 0.181046

23 26 0.182858

24 26 0.183947

25 26 0.184311

26 26 0.183947

27 26 0.182858

28 26 0.181046

29 26 0.178521

30 26 0.17529

31 26 0.171368

32 26 0.16677

33 26 0.161513

34 26 0.155619

35 26 0.149111

36 26 0.142014

37 26 0.134357

38 26 0.12617

39 26 0.117484

40 26 0.108335

41 26 0.0987588

42 26 0.0887925

43 26 0.0784758

44 26 0.0678494

45 26 0.0569552

46 26 0.0458363

47 26 0.0345364

48 26 0.0231003

49 26 0.011573

50 26 0

0 27 0

1 27 0.0115044

2 27 0.0229635

3 27 0.0343319

4 27 0.0455648

5 27 0.0566178

6 27 0.0674475

7 27 0.0780109

8 27 0.0882665

9 27 0.0981738

10 27 0.107694

11 27 0.116788

12 27 0.125422

13 27 0.133561

14 27 0.141173

15 27 0.148227

16 27 0.154697

17 27 0.160556

18 27 0.165782

19 27 0.170353

20 27 0.174252

21 27 0.177463

22 27 0.179974

23 27 0.181774

24 27 0.182858

25 27 0.183219

26 27 0.182858

27 27 0.181774

28 27 0.179974

29 27 0.177463

30 27 0.174252

31 27 0.170353

32 27 0.165782

33 27 0.160556

34 27 0.154697

35 27 0.148227

36 27 0.141173

37 27 0.133561

38 27 0.125422

39 27 0.116788

40 27 0.107694

41 27 0.0981738

42 27 0.0882665

43 27 0.0780109

44 27 0.0674475

45 27 0.0566178

46 27 0.0455648

47 27 0.0343319

48 27 0.0229635

49 27 0.0115044

50 27 0

0 28 0

1 28 0.0113905

2 28 0.022736

3 28 0.0339918

4 28 0.0451134

5 28 0.056057

6 28 0.0667794

7 28 0.0772382

8 28 0.0873922

9 28 0.0972013

10 28 0.106627

11 28 0.115631

12 28 0.12418

13 28 0.132238

14 28 0.139774

15 28 0.146759

16 28 0.153165

17 28 0.158966

18 28 0.16414

19 28 0.168665

20 28 0.172526

21 28 0.175705

22 28 0.178191

23 28 0.179974

24 28 0.181046

25 28 0.181404

26 28 0.181046

27 28 0.179974

28 28 0.178191

29 28 0.175705

30 28 0.172526

31 28 0.168665

32 28 0.16414

33 28 0.158966

34 28 0.153165

35 28 0.146759

36 28 0.139774

37 28 0.132238

38 28 0.12418

39 28 0.115631

40 28 0.106627

41 28 0.0972013

42 28 0.0873922

43 28 0.0772382

44 28 0.0667794

45 28 0.056057

46 28 0.0451134

47 28 0.0339918

48 28 0.022736

49 28 0.0113905

50 28 0

0 29 0

1 29 0.0112316

2 29 0.0224188

3 29 0.0335175

4 29 0.044484

5 29 0.0552749

6 29 0.0658477

7 29 0.0761606

8 29 0.086173

9 29 0.0958452

10 29 0.105139

11 29 0.114018

12 29 0.122447

13 29 0.130393

14 29 0.137824

15 29 0.144712

16 29 0.151028

17 29 0.156748

18 29 0.16185

19 29 0.166312

20 29 0.170119

21 29 0.173254

22 29 0.175705

23 29 0.177463

24 29 0.178521

25 29 0.178873

26 29 0.178521

27 29 0.177463

28 29 0.175705

29 29 0.173254

30 29 0.170119

31 29 0.166312

32 29 0.16185

33 29 0.156748

34 29 0.151028

35 29 0.144712

36 29 0.137824

37 29 0.130393

38 29 0.122447

39 29 0.114018

40 29 0.105139

41 29 0.0958452

42 29 0.086173

43 29 0.0761606

44 29 0.0658477

45 29 0.0552749

46 29 0.044484

47 29 0.0335175

48 29 0.0224188

49 29 0.0112316

50 29 0

0 30 0

1 30 0.0110283

2 30 0.0220131

3 30 0.032911

4 30 0.0436791

5 30 0.0542747

6 30 0.0646562

7 30 0.0747825

8 30 0.0846136

9 30 0.0941109

10 30 0.103237

11 30 0.111955

12 30 0.120232

13 30 0.128034

14 30 0.13533

15 30 0.142093

16 30 0.148295

17 30 0.153912

18 30 0.158921

19 30 0.163303

20 30 0.16704

21 30 0.170119

22 30 0.172526

23 30 0.174252

24 30 0.17529

25 30 0.175637

26 30 0.17529

27 30 0.174252

28 30 0.172526

29 30 0.170119

30 30 0.16704

31 30 0.163303

32 30 0.158921

33 30 0.153912

34 30 0.148295

35 30 0.142093

36 30 0.13533

37 30 0.128034

38 30 0.120232

39 30 0.111955

40 30 0.103237

41 30 0.0941109

42 30 0.0846136

43 30 0.0747825

44 30 0.0646562

45 30 0.0542747

46 30 0.0436791

47 30 0.032911

48 30 0.0220131

49 30 0.0110283

50 30 0

0 31 0

1 31 0.0107816

2 31 0.0215206

3 31 0.0321747

4 31 0.0427018

5 31 0.0530603

6 31 0.0632095

7 31 0.0731092

8 31 0.0827204

9 31 0.0920051

10 31 0.100927

11 31 0.10945

12 31 0.117541

13 31 0.125169

14 31 0.132302

15 31 0.138914

16 31 0.144977

17 31 0.150468

18 31 0.155365

19 31 0.159649

20 31 0.163303

21 31 0.166312

22 31 0.168665

23 31 0.170353

24 31 0.171368

25 31 0.171707

26 31 0.171368

27 31 0.170353

28 31 0.168665

29 31 0.166312

30 31 0.163303

31 31 0.159649

32 31 0.155365

33 31 0.150468

34 31 0.144977

35 31 0.138914

36 31 0.132302

37 31 0.125169

38 31 0.117541

39 31 0.10945

40 31 0.100927

41 31 0.0920051

42 31 0.0827204

43 31 0.0731092

44 31 0.0632095

45 31 0.0530603

46 31 0.0427018

47 31 0.0321747

48 31 0.0215206

49 31 0.0107816

50 31 0

0 32 0

1 32 0.0104923

2 32 0.0209431

3 32 0.0313113

4 32 0.0415559

5 32 0.0516365

6 32 0.0615134

7 32 0.0711474

8 32 0.0805007

9 32 0.0895363

10 32 0.0982185

11 32 0.106513

12 32 0.114387

13 32 0.12181

14 32 0.128752

15 32 0.135186

16 32 0.141087

17 32 0.14643

18 32 0.151196

19 32 0.155365

20 32 0.158921

21 32 0.16185

22 32 0.16414

23 32 0.165782

24 32 0.16677

25 32 0.167099

26 32 0.16677

27 32 0.165782

28 32 0.16414

29 32 0.16185

30 32 0.158921

31 32 0.155365

32 32 0.151196

33 32 0.14643

34 32 0.141087

35 32 0.135186

36 32 0.128752

37 32 0.12181

38 32 0.114387

39 32 0.106513

40 32 0.0982185

41 32 0.0895363

42 32 0.0805007

43 32 0.0711474

44 32 0.0615134

45 32 0.0516365

46 32 0.0415559

47 32 0.0313113

48 32 0.0209431

49 32 0.0104923

50 32 0

0 33 0

1 33 0.0101615

2 33 0.020283

3 33 0.0303243

4 33 0.0402461

5 33 0.0500089

6 33 0.0595744

7 33 0.0689048

8 33 0.0779633

9 33 0.0867141

10 33 0.0951226

11 33 0.103156

12 33 0.110782

13 33 0.117971

14 33 0.124694

15 33 0.130925

16 33 0.13664

17 33 0.141815

18 33 0.14643

19 33 0.150468

20 33 0.153912

21 33 0.156748

22 33 0.158966

23 33 0.160556

24 33 0.161513

25 33 0.161832

26 33 0.161513

27 33 0.160556

28 33 0.158966

29 33 0.156748

30 33 0.153912

31 33 0.150468

32 33 0.14643

33 33 0.141815

34 33 0.13664

35 33 0.130925

36 33 0.124694

37 33 0.117971

38 33 0.110782

39 33 0.103156

40 33 0.0951226

41 33 0.0867141

42 33 0.0779633

43 33 0.0689048

44 33 0.0595744

45 33 0.0500089

46 33 0.0402461

47 33 0.0303243

48 33 0.020283

49 33 0.0101615

50 33 0

0 34 0

1 34 0.00979071

2 34 0.0195428

3 34 0.0292177

4 34 0.0387774

5 34 0.048184

6 34 0.0574004

7 34 0.0663903

8 34 0.0751182

9 34 0.0835497

10 34 0.0916514

11 34 0.0993914

12 34 0.106739

13 34 0.113666

14 34 0.120144

15 34 0.126147

16 34 0.131653

17 34 0.13664

18 34 0.141087

19 34 0.144977

20 34 0.148295

21 34 0.151028

22 34 0.153165

23 34 0.154697

24 34 0.155619

25 34 0.155927

26 34 0.155619

27 34 0.154697

28 34 0.153165

29 34 0.151028

30 34 0.148295

31 34 0.144977

32 34 0.141087

33 34 0.13664

34 34 0.131653

35 34 0.126147

36 34 0.120144

37 34 0.113666

38 34 0.106739

39 34 0.0993914

40 34 0.0916514

41 34 0.0835497

42 34 0.0751182

43 34 0.0663903

44 34 0.0574004

45 34 0.048184

46 34 0.0387774

47 34 0.0292177

48 34 0.0195428

49 34 0.00979071

50 34 0

0 35 0

1 35 0.00938125

2 35 0.0187255

3 35 0.0279958

4 35 0.0371556

5 35 0.0461689

6 35 0.0549998

7 35 0.0636138

8 35 0.0719767

9 35 0.0800555

10 35 0.0878184

11 35 0.0952347

12 35 0.102275

13 35 0.108912

14 35 0.115119

15 35 0.120872

16 35 0.126147

17 35 0.130925

18 35 0.135186

19 35 0.138914

20 35 0.142093

21 35 0.144712

22 35 0.146759

23 35 0.148227

24 35 0.149111

25 35 0.149406

26 35 0.149111

27 35 0.148227

28 35 0.146759

29 35 0.144712

30 35 0.142093

31 35 0.138914

32 35 0.135186

33 35 0.130925

34 35 0.126147

35 35 0.120872

36 35 0.115119

37 35 0.108912

38 35 0.102275

39 35 0.0952347

40 35 0.0878184

41 35 0.0800555

42 35 0.0719767

43 35 0.0636138

44 35 0.0549998

45 35 0.0461689

46 35 0.0371556

47 35 0.0279958

48 35 0.0187255

49 35 0.00938125

50 35 0

0 36 0

1 36 0.00893477

2 36 0.0178343

3 36 0.0266634

4 36 0.0353873

5 36 0.0439715

6 36 0.0523822

7 36 0.0605862

8 36 0.0685511

9 36 0.0762454

10 36 0.0836388

11 36 0.0907021

12 36 0.0974075

13 36 0.103728

14 36 0.10964

15 36 0.115119

16 36 0.120144

17 36 0.124694

18 36 0.128752

19 36 0.132302

20 36 0.13533

21 36 0.137824

22 36 0.139774

23 36 0.141173

24 36 0.142014

25 36 0.142295

26 36 0.142014

27 36 0.141173

28 36 0.139774

29 36 0.137824

30 36 0.13533

31 36 0.132302

32 36 0.128752

33 36 0.124694

34 36 0.120144

35 36 0.115119

36 36 0.10964

37 36 0.103728

38 36 0.0974075

39 36 0.0907021

40 36 0.0836388

41 36 0.0762454

42 36 0.0685511

43 36 0.0605862

44 36 0.0523822

45 36 0.0439715

46 36 0.0353873

47 36 0.0266634

48 36 0.0178343

49 36 0.00893477

50 36 0

0 37 0

1 37 0.00845302

2 37 0.0168727

3 37 0.0252258

4 37 0.0334793

5 37 0.0416007

6 37 0.0495579

7 37 0.0573195

8 37 0.0648549

9 37 0.0721344

10 37 0.0791292

11 37 0.0858117

12 37 0.0921555

13 37 0.0981356

14 37 0.103728

15 37 0.108912

16 37 0.113666

17 37 0.117971

18 37 0.12181

19 37 0.125169

20 37 0.128034

21 37 0.130393

22 37 0.132238

23 37 0.133561

24 37 0.134357

25 37 0.134623

26 37 0.134357

27 37 0.133561

28 37 0.132238

29 37 0.130393

30 37 0.128034

31 37 0.125169

32 37 0.12181

33 37 0.117971

34 37 0.113666

35 37 0.108912

36 37 0.103728

37 37 0.0981356

38 37 0.0921555

39 37 0.0858117

40 37 0.0791292

41 37 0.0721344

42 37 0.0648549

43 37 0.0573195

44 37 0.0495579

45 37 0.0416007

46 37 0.0334793

47 37 0.0252258

48 37 0.0168727

49 37 0.00845302

50 37 0

0 38 0

1 38 0.00793792

2 38 0.0158445

3 38 0.0236886

4 38 0.0314391

5 38 0.0390656

6 38 0.0465379

7 38 0.0538266

8 38 0.0609028

9 38 0.0677387

10 38 0.0743072

11 38 0.0805825

12 38 0.0865398

13 38 0.0921555

14 38 0.0974075

15 38 0.102275

16 38 0.106739

17 38 0.110782

18 38 0.114387

19 38 0.117541

20 38 0.120232

21 38 0.122447

22 38 0.12418

23 38 0.125422

24 38 0.12617

25 38 0.126419

26 38 0.12617

27 38 0.125422

28 38 0.12418

29 38 0.122447

30 38 0.120232

31 38 0.117541

32 38 0.114387

33 38 0.110782

34 38 0.106739

35 38 0.102275

36 38 0.0974075

37 38 0.0921555

38 38 0.0865398

39 38 0.0805825

40 38 0.0743072

41 38 0.0677387

42 38 0.0609028

43 38 0.0538266

44 38 0.0465379

45 38 0.0390656

46 38 0.0314391

47 38 0.0236886

48 38 0.0158445

49 38 0.00793792

50 38 0

0 39 0

1 39 0.00739148

2 39 0.0147538

3 39 0.0220579

4 39 0.0292749

5 39 0.0363764

6 39 0.0433343

7 39 0.0501213

8 39 0.0567104

9 39 0.0630757

10 39 0.069192

11 39 0.0750353

12 39 0.0805825

13 39 0.0858117

14 39 0.0907021

15 39 0.0952347

16 39 0.0993914

17 39 0.103156

18 39 0.106513

19 39 0.10945

20 39 0.111955

21 39 0.114018

22 39 0.115631

23 39 0.116788

24 39 0.117484

25 39 0.117717

26 39 0.117484

27 39 0.116788

28 39 0.115631

29 39 0.114018

30 39 0.111955

31 39 0.10945

32 39 0.106513

33 39 0.103156

34 39 0.0993914

35 39 0.0952347

36 39 0.0907021

37 39 0.0858117

38 39 0.0805825

39 39 0.0750353

40 39 0.069192

41 39 0.0630757

42 39 0.0567104

43 39 0.0501213

44 39 0.0433343

45 39 0.0363764

46 39 0.0292749

47 39 0.0220579

48 39 0.0147538

49 39 0.00739148

50 39 0

0 40 0

1 40 0.00681588

2 40 0.0136049

3 40 0.0203401

4 40 0.0269952

5 40 0.0335436

6 40 0.0399597

7 40 0.0462181

8 40 0.0522941

9 40 0.0581637

10 40 0.0638038

11 40 0.069192

12 40 0.0743072

13 40 0.0791292

14 40 0.0836388

15 40 0.0878184

16 40 0.0916514

17 40 0.0951226

18 40 0.0982185

19 40 0.100927

20 40 0.103237

21 40 0.105139

22 40 0.106627

23 40 0.107694

24 40 0.108335

25 40 0.108549

26 40 0.108335

27 40 0.107694

28 40 0.106627

29 40 0.105139

30 40 0.103237

31 40 0.100927

32 40 0.0982185

33 40 0.0951226

34 40 0.0916514

35 40 0.0878184

36 40 0.0836388

37 40 0.0791292

38 40 0.0743072

39 40 0.069192

40 40 0.0638038

41 40 0.0581637

42 40 0.0522941

43 40 0.0462181

44 40 0.0399597

45 40 0.0335436

46 40 0.0269952

47 40 0.0203401

48 40 0.0136049

49 40 0.00681588

50 40 0

0 41 0

1 41 0.00621338

2 41 0.0124022

3 41 0.0185421

4 41 0.0246089

5 41 0.0305785

6 41 0.0364274

7 41 0.0421326

8 41 0.0476715

9 41 0.0530222

10 41 0.0581637

11 41 0.0630757

12 41 0.0677387

13 41 0.0721344

14 41 0.0762454

15 41 0.0800555

16 41 0.0835497

17 41 0.0867141

18 41 0.0895363

19 41 0.0920051

20 41 0.0941109

21 41 0.0958452

22 41 0.0972013

23 41 0.0981738

24 41 0.0987588

25 41 0.098954

26 41 0.0987588

27 41 0.0981738

28 41 0.0972013

29 41 0.0958452

30 41 0.0941109

31 41 0.0920051

32 41 0.0895363

33 41 0.0867141

34 41 0.0835497

35 41 0.0800555

36 41 0.0762454

37 41 0.0721344

38 41 0.0677387

39 41 0.0630757

40 41 0.0581637

41 41 0.0530222

42 41 0.0476715

43 41 0.0421326

44 41 0.0364274

45 41 0.0305785

46 41 0.0246089

47 41 0.0185421

48 41 0.0124022

49 41 0.00621338

50 41 0

0 42 0

1 42 0.00558635

2 42 0.0111507

3 42 0.016671

4 42 0.0221255

5 42 0.0274926

6 42 0.0327513

7 42 0.0378808

8 42 0.0428607

9 42 0.0476715

10 42 0.0522941

11 42 0.0567104

12 42 0.0609028

13 42 0.0648549

14 42 0.0685511

15 42 0.0719767

16 42 0.0751182

17 42 0.0779633

18 42 0.0805007

19 42 0.0827204

20 42 0.0846136

21 42 0.086173

22 42 0.0873922

23 42 0.0882665

24 42 0.0887925

25 42 0.0889681

26 42 0.0887925

27 42 0.0882665

28 42 0.0873922

29 42 0.086173

30 42 0.0846136

31 42 0.0827204

32 42 0.0805007

33 42 0.0779633

34 42 0.0751182

35 42 0.0719767

36 42 0.0685511

37 42 0.0648549

38 42 0.0609028

39 42 0.0567104

40 42 0.0522941

41 42 0.0476715

42 42 0.0428607

43 42 0.0378808

44 42 0.0327513

45 42 0.0274926

46 42 0.0221255

47 42 0.016671

48 42 0.0111507

49 42 0.00558635

50 42 0

0 43 0

1 43 0.00493728

2 43 0.00985507

3 43 0.014734

4 43 0.0195547

5 43 0.0242983

6 43 0.028946

7 43 0.0334794

8 43 0.0378808

9 43 0.0421326

10 43 0.0462181

11 43 0.0501213

12 43 0.0538266

13 43 0.0573195

14 43 0.0605862

15 43 0.0636138

16 43 0.0663903

17 43 0.0689048

18 43 0.0711474

19 43 0.0731092

20 43 0.0747825

21 43 0.0761606

22 43 0.0772382

23 43 0.0780109

24 43 0.0784758

25 43 0.078631

26 43 0.0784758

27 43 0.0780109

28 43 0.0772382

29 43 0.0761606

30 43 0.0747825

31 43 0.0731092

32 43 0.0711474

33 43 0.0689048

34 43 0.0663903

35 43 0.0636138

36 43 0.0605862

37 43 0.0573195

38 43 0.0538266

39 43 0.0501213

40 43 0.0462181

41 43 0.0421326

42 43 0.0378808

43 43 0.0334794

44 43 0.028946

45 43 0.0242983

46 43 0.0195547

47 43 0.014734

48 43 0.00985507

49 43 0.00493728

50 43 0

0 44 0

1 44 0.00426872

2 44 0.0085206

3 44 0.0127388

4 44 0.0169068

5 44 0.0210081

6 44 0.0250264

7 44 0.028946

8 44 0.0327513

9 44 0.0364274

10 44 0.0399597

11 44 0.0433343

12 44 0.0465379

13 44 0.0495579

14 44 0.0523822

15 44 0.0549998

16 44 0.0574004

17 44 0.0595744

18 44 0.0615134

19 44 0.0632095

20 44 0.0646562

21 44 0.0658477

22 44 0.0667794

23 44 0.0674475

24 44 0.0678494

25 44 0.0679836

26 44 0.0678494

27 44 0.0674475

28 44 0.0667794

29 44 0.0658477

30 44 0.0646562

31 44 0.0632095

32 44 0.0615134

33 44 0.0595744

34 44 0.0574004

35 44 0.0549998

36 44 0.0523822

37 44 0.0495579

38 44 0.0465379

39 44 0.0433343

40 44 0.0399597

41 44 0.0364274

42 44 0.0327513

43 44 0.028946

44 44 0.0250264

45 44 0.0210081

46 44 0.0169068

47 44 0.0127388

48 44 0.0085206

49 44 0.00426872

50 44 0

0 45 0

1 45 0.00358332

2 45 0.0071525

3 45 0.0106934

4 45 0.0141922

5 45 0.0176349

6 45 0.0210081

7 45 0.0242983

8 45 0.0274926

9 45 0.0305785

10 45 0.0335436

11 45 0.0363764

12 45 0.0390656

13 45 0.0416007

14 45 0.0439715

15 45 0.0461689

16 45 0.048184

17 45 0.0500089

18 45 0.0516365

19 45 0.0530603

20 45 0.0542747

21 45 0.0552749

22 45 0.056057

23 45 0.0566178

24 45 0.0569552

25 45 0.0570678

26 45 0.0569552

27 45 0.0566178

28 45 0.056057

29 45 0.0552749

30 45 0.0542747

31 45 0.0530603

32 45 0.0516365

33 45 0.0500089

34 45 0.048184

35 45 0.0461689

36 45 0.0439715

37 45 0.0416007

38 45 0.0390656

39 45 0.0363764

40 45 0.0335436

41 45 0.0305785

42 45 0.0274926

43 45 0.0242983

44 45 0.0210081

45 45 0.0176349

46 45 0.0141922

47 45 0.0106934

48 45 0.0071525

49 45 0.00358332

50 45 0

0 46 0

1 46 0.00288377

2 46 0.00575617

3 46 0.00860584

4 46 0.0114216

5 46 0.0141922

6 46 0.0169068

7 46 0.0195547

8 46 0.0221255

9 46 0.0246089

10 46 0.0269952

11 46 0.0292749

12 46 0.0314391

13 46 0.0334793

14 46 0.0353873

15 46 0.0371556

16 46 0.0387774

17 46 0.0402461

18 46 0.0415559

19 46 0.0427018

20 46 0.0436791

21 46 0.044484

22 46 0.0451134

23 46 0.0455648

24 46 0.0458363

25 46 0.0459269

26 46 0.0458363

27 46 0.0455648

28 46 0.0451134

29 46 0.044484

30 46 0.0436791

31 46 0.0427018

32 46 0.0415559

33 46 0.0402461

34 46 0.0387774

35 46 0.0371556

36 46 0.0353873

37 46 0.0334793

38 46 0.0314391

39 46 0.0292749

40 46 0.0269952

41 46 0.0246089

42 46 0.0221255

43 46 0.0195547

44 46 0.0169068

45 46 0.0141922

46 46 0.0114216

47 46 0.00860584

48 46 0.00575617

49 46 0.00288377

50 46 0

0 47 0

1 47 0.00217285

2 47 0.00433712

3 47 0.00648428

4 47 0.00860584

5 47 0.0106934

6 47 0.0127388

7 47 0.014734

8 47 0.016671

9 47 0.0185421

10 47 0.0203401

11 47 0.0220579

12 47 0.0236886

13 47 0.0252258

14 47 0.0266634

15 47 0.0279958

16 47 0.0292177

17 47 0.0303243

18 47 0.0313113

19 47 0.0321747

20 47 0.032911

21 47 0.0335175

22 47 0.0339918

23 47 0.0343319

24 47 0.0345364

25 47 0.0346047

26 47 0.0345364

27 47 0.0343319

28 47 0.0339918

29 47 0.0335175

30 47 0.032911

31 47 0.0321747

32 47 0.0313113

33 47 0.0303243

34 47 0.0292177

35 47 0.0279958

36 47 0.0266634

37 47 0.0252258

38 47 0.0236886

39 47 0.0220579

40 47 0.0203401

41 47 0.0185421

42 47 0.016671

43 47 0.014734

44 47 0.0127388

45 47 0.0106934

46 47 0.00860584

47 47 0.00648428

48 47 0.00433712

49 47 0.00217285

50 47 0

0 48 0

1 48 0.00145335

2 48 0.00290096

3 48 0.00433712

4 48 0.00575617

5 48 0.0071525

6 48 0.0085206

7 48 0.00985507

8 48 0.0111507

9 48 0.0124022

10 48 0.0136049

11 48 0.0147538

12 48 0.0158445

13 48 0.0168727

14 48 0.0178343

15 48 0.0187255

16 48 0.0195428

17 48 0.020283

18 48 0.0209431

19 48 0.0215206

20 48 0.0220131

21 48 0.0224188

22 48 0.022736

23 48 0.0229635

24 48 0.0231003

25 48 0.023146

26 48 0.0231003

27 48 0.0229635

28 48 0.022736

29 48 0.0224188

30 48 0.0220131

31 48 0.0215206

32 48 0.0209431

33 48 0.020283

34 48 0.0195428

35 48 0.0187255

36 48 0.0178343

37 48 0.0168727

38 48 0.0158445

39 48 0.0147538

40 48 0.0136049

41 48 0.0124022

42 48 0.0111507

43 48 0.00985507

44 48 0.0085206

45 48 0.0071525

46 48 0.00575617

47 48 0.00433712

48 48 0.00290096

49 48 0.00145335

50 48 0

0 49 0

1 49 0.00072811

2 49 0.00145335

3 49 0.00217285

4 49 0.00288377

5 49 0.00358332

6 49 0.00426872

7 49 0.00493728

8 49 0.00558635

9 49 0.00621338

10 49 0.00681588

11 49 0.00739148

12 49 0.00793792

13 49 0.00845302

14 49 0.00893477

15 49 0.00938125

16 49 0.00979071

17 49 0.0101615

18 49 0.0104923

19 49 0.0107816

20 49 0.0110283

21 49 0.0112316

22 49 0.0113905

23 49 0.0115044

24 49 0.011573

25 49 0.0115959

26 49 0.011573

27 49 0.0115044

28 49 0.0113905

29 49 0.0112316

30 49 0.0110283

31 49 0.0107816

32 49 0.0104923

33 49 0.0101615

34 49 0.00979071

35 49 0.00938125

36 49 0.00893477

37 49 0.00845302

38 49 0.00793792

39 49 0.00739148

40 49 0.00681588

41 49 0.00621338

42 49 0.00558635

43 49 0.00493728

44 49 0.00426872

45 49 0.00358332

46 49 0.00288377

47 49 0.00217285

48 49 0.00145335

49 49 0.00072811

50 49 0

