0 1 0

1 1 0.000209206

2 1 0.000417586

3 1 0.000624319

4 1 0.000828587

5 1 0.00102959

6 1 0.00122652

7 1 0.00141861

8 1 0.00160511

9 1 0.00178527

10 1 0.00195839

11 1 0.00212377

12 1 0.00228078

13 1 0.00242878

14 1 0.0025672

15 1 0.00269549

16 1 0.00281314

17 1 0.00291969

18 1 0.00301471

19 1 0.00309784

20 1 0.00316874

21 1 0.00322713

22 1 0.00327279

23 1 0.00330554

24 1 0.00332523

25 1 0.00333181

26 1 0.00332523

27 1 0.00330554

28 1 0.00327279

29 1 0.00322713

30 1 0.00316874

31 1 0.00309784

32 1 0.00301471

33 1 0.00291969

34 1 0.00281314

35 1 0.00269549

36 1 0.0025672

37 1 0.00242878

38 1 0.00228078

39 1 0.00212377

40 1 0.00195839

41 1 0.00178527

42 1 0.00160511

43 1 0.00141861

44 1 0.00122652

45 1 0.00102959

46 1 0.000828587

47 1 0.000624319

48 1 0.000417586

49 1 0.000209206

50 1 0

0 2 0

1 2 0.000417586

2 2 0.000833524

3 2 0.00124617

4 2 0.0016539

5 2 0.00205511

6 2 0.0024482

7 2 0.00283163

8 2 0.00320389

9 2 0.0035635

10 2 0.00390905

11 2 0.00423917

12 2 0.00455256

13 2 0.00484798

14 2 0.00512427

15 2 0.00538034

16 2 0.00561517

17 2 0.00582785

18 2 0.00601752

19 2 0.00618345

20 2 0.00632497

21 2 0.00644153

22 2 0.00653267

23 2 0.00659803

24 2 0.00663734

25 2 0.00665047

26 2 0.00663734

27 2 0.00659803

28 2 0.00653267

29 2 0.00644153

30 2 0.00632497

31 2 0.00618345

32 2 0.00601752

33 2 0.00582785

34 2 0.00561517

35 2 0.00538034

36 2 0.00512427

37 2 0.00484798

38 2 0.00455256

39 2 0.00423917

40 2 0.00390905

41 2 0.0035635

42 2 0.00320389

43 2 0.00283163

44 2 0.0024482

45 2 0.00205511

46 2 0.0016539

47 2 0.00124617

48 2 0.000833524

49 2 0.000417586

50 2 0

0 3 0

1 3 0.000624319

2 3 0.00124617

3 3 0.00186311

4 3 0.00247269

5 3 0.00307252

6 3 0.00366022

7 3 0.00423347

8 3 0.00479002

9 3 0.00532766

10 3 0.00584428

11 3 0.00633783

12 3 0.00680637

13 3 0.00724805

14 3 0.00766112

15 3 0.00804396

16 3 0.00839505

17 3 0.00871301

18 3 0.00899659

19 3 0.00924465

20 3 0.00945624

21 3 0.0096305

22 3 0.00976676

23 3 0.00986448

24 3 0.00992326

25 3 0.00994288

26 3 0.00992326

27 3 0.00986448

28 3 0.00976676

29 3 0.0096305

30 3 0.00945624

31 3 0.00924465

32 3 0.00899659

33 3 0.00871301

34 3 0.00839505

35 3 0.00804396

36 3 0.00766112

37 3 0.00724805

38 3 0.00680637

39 3 0.00633783

40 3 0.00584428

41 3 0.00532766

42 3 0.00479002

43 3 0.00423347

44 3 0.00366022

45 3 0.00307252

46 3 0.00247269

47 3 0.00186311

48 3 0.00124617

49 3 0.000624319

50 3 0

0 4 0

1 4 0.000828587

2 4 0.0016539

3 4 0.00247269

4 4 0.00328172

5 4 0.0040778

6 4 0.00485779

7 4 0.00561861

8 4 0.00635725

9 4 0.0070708

10 4 0.00775644

11 4 0.00841148

12 4 0.00903332

13 4 0.00961951

14 4 0.0101677

15 4 0.0106758

16 4 0.0111418

17 4 0.0115638

18 4 0.0119401

19 4 0.0122694

20 4 0.0125502

21 4 0.0127815

22 4 0.0129623

23 4 0.013092

24 4 0.01317

25 4 0.0131961

26 4 0.01317

27 4 0.013092

28 4 0.0129623

29 4 0.0127815

30 4 0.0125502

31 4 0.0122694

32 4 0.0119401

33 4 0.0115638

34 4 0.0111418

35 4 0.0106758

36 4 0.0101677

37 4 0.00961951

38 4 0.00903332

39 4 0.00841148

40 4 0.00775644

41 4 0.0070708

42 4 0.00635725

43 4 0.00561861

44 4 0.00485779

45 4 0.0040778

46 4 0.00328172

47 4 0.00247269

48 4 0.0016539

49 4 0.000828587

50 4 0

0 5 0

1 5 0.00102959

2 5 0.00205511

3 5 0.00307252

4 5 0.0040778

5 5 0.005067

6 5 0.00603619

7 5 0.00698156

8 5 0.00789938

9 5 0.00878603

10 5 0.009638

11 5 0.0104519

12 5 0.0112246

13 5 0.011953

14 5 0.0126342

15 5 0.0132656

16 5 0.0138446

17 5 0.0143689

18 5 0.0148366

19 5 0.0152457

20 5 0.0155946

21 5 0.015882

22 5 0.0161067

23 5 0.0162678

24 5 0.0163648

25 5 0.0163971

26 5 0.0163648

27 5 0.0162678

28 5 0.0161067

29 5 0.015882

30 5 0.0155946

31 5 0.0152457

32 5 0.0148366

33 5 0.0143689

34 5 0.0138446

35 5 0.0132656

36 5 0.0126342

37 5 0.011953

38 5 0.0112246

39 5 0.0104519

40 5 0.009638

41 5 0.00878603

42 5 0.00789938

43 5 0.00698156

44 5 0.00603619

45 5 0.005067

46 5 0.0040778

47 5 0.00307252

48 5 0.00205511

49 5 0.00102959

50 5 0

0 6 0

1 6 0.00122652

2 6 0.0024482

3 6 0.00366022

4 6 0.00485779

5 6 0.00603619

6 6 0.00719077

7 6 0.00831697

8 6 0.00941035

9 6 0.0104666

10 6 0.0114815

11 6 0.0124511

12 6 0.0133716

13 6 0.0142393

14 6 0.0150508

15 6 0.015803

16 6 0.0164927

17 6 0.0171174

18 6 0.0176745

19 6 0.0181618

20 6 0.0185775

21 6 0.0189198

22 6 0.0191875

23 6 0.0193795

24 6 0.019495

25 6 0.0195335

26 6 0.019495

27 6 0.0193795

28 6 0.0191875

29 6 0.0189198

30 6 0.0185775

31 6 0.0181618

32 6 0.0176745

33 6 0.0171174

34 6 0.0164927

35 6 0.015803

36 6 0.0150508

37 6 0.0142393

38 6 0.0133716

39 6 0.0124511

40 6 0.0114815

41 6 0.0104666

42 6 0.00941035

43 6 0.00831697

44 6 0.00719077

45 6 0.00603619

46 6 0.00485779

47 6 0.00366022

48 6 0.0024482

49 6 0.00122652

50 6 0

0 7 0

1 7 0.00141861

2 7 0.00283163

3 7 0.00423347

4 7 0.00561861

5 7 0.00698156

6 7 0.00831697

7 7 0.00961955

8 7 0.0108842

9 7 0.0121058

10 7 0.0132797

11 7 0.0144012

12 7 0.0154658

13 7 0.0164695

14 7 0.0174081

15 7 0.018278

16 7 0.0190757

17 7 0.0197982

18 7 0.0204426

19 7 0.0210063

20 7 0.021487

21 7 0.021883

22 7 0.0221926

23 7 0.0224147

24 7 0.0225482

25 7 0.0225928

26 7 0.0225482

27 7 0.0224147

28 7 0.0221926

29 7 0.021883

30 7 0.021487

31 7 0.0210063

32 7 0.0204426

33 7 0.0197982

34 7 0.0190757

35 7 0.018278

36 7 0.0174081

37 7 0.0164695

38 7 0.0154658

39 7 0.0144012

40 7 0.0132797

41 7 0.0121058

42 7 0.0108842

43 7 0.00961955

44 7 0.00831697

45 7 0.00698156

46 7 0.00561861

47 7 0.00423347

48 7 0.00283163

49 7 0.00141861

50 7 0

0 8 0

1 8 0.00160511

2 8 0.00320389

3 8 0.00479002

4 8 0.00635725

5 8 0.00789938

6 8 0.00941035

7 8 0.0108842

8 8 0.012315

9 8 0.0136973

10 8 0.0150255

11 8 0.0162944

12 8 0.017499

13 8 0.0186346

14 8 0.0196966

15 8 0.0206809

16 8 0.0215835

17 8 0.022401

18 8 0.02313

19 8 0.0237678

20 8 0.0243118

21 8 0.0247598

22 8 0.0251102

23 8 0.0253614

24 8 0.0255125

25 8 0.0255629

26 8 0.0255125

27 8 0.0253614

28 8 0.0251102

29 8 0.0247598

30 8 0.0243118

31 8 0.0237678

32 8 0.02313

33 8 0.022401

34 8 0.0215835

35 8 0.0206809

36 8 0.0196966

37 8 0.0186346

38 8 0.017499

39 8 0.0162944

40 8 0.0150255

41 8 0.0136973

42 8 0.012315

43 8 0.0108842

44 8 0.00941035

45 8 0.00789938

46 8 0.00635725

47 8 0.00479002

48 8 0.00320389

49 8 0.00160511

50 8 0

0 9 0

1 9 0.00178527

2 9 0.0035635

3 9 0.00532766

4 9 0.0070708

5 9 0.00878603

6 9 0.0104666

7 9 0.0121058

8 9 0.0136973

9 9 0.0152347

10 9 0.016712

11 9 0.0181234

12 9 0.0194632

13 9 0.0207262

14 9 0.0219074

15 9 0.0230021

16 9 0.0240061

17 9 0.0249153

18 9 0.0257262

19 9 0.0264356

20 9 0.0270406

21 9 0.0275389

22 9 0.0279286

23 9 0.028208

24 9 0.0283761

25 9 0.0284322

26 9 0.0283761

27 9 0.028208

28 9 0.0279286

29 9 0.0275389

30 9 0.0270406

31 9 0.0264356

32 9 0.0257262

33 9 0.0249153

34 9 0.0240061

35 9 0.0230021

36 9 0.0219074

37 9 0.0207262

38 9 0.0194632

39 9 0.0181234

40 9 0.016712

41 9 0.0152347

42 9 0.0136973

43 9 0.0121058

44 9 0.0104666

45 9 0.00878603

46 9 0.0070708

47 9 0.00532766

48 9 0.0035635

49 9 0.00178527

50 9 0

0 10 0

1 10 0.00195839

2 10 0.00390905

3 10 0.00584428

4 10 0.00775644

5 10 0.009638

6 10 0.0114815

7 10 0.0132797

8 10 0.0150255

9 10 0.016712

10 10 0.0183326

11 10 0.0198808

12 10 0.0213505

13 10 0.022736

14 10 0.0240317

15 10 0.0252326

16 10 0.0263339

17 10 0.0273313

18 10 0.0282209

19 10 0.028999

20 10 0.0296627

21 10 0.0302094

22 10 0.0306368

23 10 0.0309433

24 10 0.0311277

25 10 0.0311892

26 10 0.0311277

27 10 0.0309433

28 10 0.0306368

29 10 0.0302094

30 10 0.0296627

31 10 0.028999

32 10 0.0282209

33 10 0.0273313

34 10 0.0263339

35 10 0.0252326

36 10 0.0240317

37 10 0.022736

38 10 0.0213505

39 10 0.0198808

40 10 0.0183326

41 10 0.016712

42 10 0.0150255

43 10 0.0132797

44 10 0.0114815

45 10 0.009638

46 10 0.00775644

47 10 0.00584428

48 10 0.00390905

49 10 0.00195839

50 10 0

0 11 0

1 11 0.00212377

2 11 0.00423917

3 11 0.00633783

4 11 0.00841148

5 11 0.0104519

6 11 0.0124511

7 11 0.0144012

8 11 0.0162944

9 11 0.0181234

10 11 0.0198808

11 11 0.0215597

12 11 0.0231536

13 11 0.024656

14 11 0.0260612

15 11 0.0273635

16 11 0.0285578

17 11 0.0296395

18 11 0.0306041

19 11 0.031448

20 11 0.0321677

21 11 0.0327605

22 11 0.0332241

23 11 0.0335565

24 11 0.0337564

25 11 0.0338232

26 11 0.0337564

27 11 0.0335565

28 11 0.0332241

29 11 0.0327605

30 11 0.0321677

31 11 0.031448

32 11 0.0306041

33 11 0.0296395

34 11 0.0285578

35 11 0.0273635

36 11 0.0260612

37 11 0.024656

38 11 0.0231536

39 11 0.0215597

40 11 0.0198808

41 11 0.0181234

42 11 0.0162944

43 11 0.0144012

44 11 0.0124511

45 11 0.0104519

46 11 0.00841148

47 11 0.00633783

48 11 0.00423917

49 11 0.00212377

50 11 0

0 12 0

1 12 0.00228078

2 12 0.00455256

3 12 0.00680637

4 12 0.00903332

5 12 0.0112246

6 12 0.0133716

7 12 0.0154658

8 12 0.017499

9 12 0.0194632

10 12 0.0213505

11 12 0.0231536

12 12 0.0248652

13 12 0.0264788

14 12 0.0279878

15 12 0.0293864

16 12 0.0306691

17 12 0.0318306

18 12 0.0328666

19 12 0.0337729

20 12 0.0345458

21 12 0.0351825

22 12 0.0356802

23 12 0.0360372

24 12 0.0362519

25 12 0.0363236

26 12 0.0362519

27 12 0.0360372

28 12 0.0356802

29 12 0.0351825

30 12 0.0345458

31 12 0.0337729

32 12 0.0328666

33 12 0.0318306

34 12 0.0306691

35 12 0.0293864

36 12 0.0279878

37 12 0.0264788

38 12 0.0248652

39 12 0.0231536

40 12 0.0213505

41 12 0.0194632

42 12 0.017499

43 12 0.0154658

44 12 0.0133716

45 12 0.0112246

46 12 0.00903332

47 12 0.00680637

48 12 0.00455256

49 12 0.00228078

50 12 0

0 13 0

1 13 0.00242878

2 13 0.00484798

3 13 0.00724805

4 13 0.00961951

5 13 0.011953

6 13 0.0142393

7 13 0.0164695

8 13 0.0186346

9 13 0.0207262

10 13 0.022736

11 13 0.024656

12 13 0.0264788

13 13 0.028197

14 13 0.029804

15 13 0.0312934

16 13 0.0326592

17 13 0.0338962

18 13 0.0349994

19 13 0.0359644

20 13 0.0367876

21 13 0.0374655

22 13 0.0379956

23 13 0.0383757

24 13 0.0386044

25 13 0.0386807

26 13 0.0386044

27 13 0.0383757

28 13 0.0379956

29 13 0.0374655

30 13 0.0367876

31 13 0.0359644

32 13 0.0349994

33 13 0.0338962

34 13 0.0326592

35 13 0.0312934

36 13 0.029804

37 13 0.028197

38 13 0.0264788

39 13 0.024656

40 13 0.022736

41 13 0.0207262

42 13 0.0186346

43 13 0.0164695

44 13 0.0142393

45 13 0.011953

46 13 0.00961951

47 13 0.00724805

48 13 0.00484798

49 13 0.00242878

50 13 0

0 14 0

1 14 0.0025672

2 14 0.00512427

3 14 0.00766112

4 14 0.0101677

5 14 0.0126342

6 14 0.0150508

7 14 0.0174081

8 14 0.0196966

9 14 0.0219074

10 14 0.0240317

11 14 0.0260612

12 14 0.0279878

13 14 0.029804

14 14 0.0315026

15 14 0.0330768

16 14 0.0345205

17 14 0.035828

18 14 0.036994

19 14 0.0380141

20 14 0.0388841

21 14 0.0396007

22 14 0.040161

23 14 0.0405628

24 14 0.0408045

25 14 0.0408852

26 14 0.0408045

27 14 0.0405628

28 14 0.040161

29 14 0.0396007

30 14 0.0388841

31 14 0.0380141

32 14 0.036994

33 14 0.035828

34 14 0.0345205

35 14 0.0330768

36 14 0.0315026

37 14 0.029804

38 14 0.0279878

39 14 0.0260612

40 14 0.0240317

41 14 0.0219074

42 14 0.0196966

43 14 0.0174081

44 14 0.0150508

45 14 0.0126342

46 14 0.0101677

47 14 0.00766112

48 14 0.00512427

49 14 0.0025672

50 14 0

0 15 0

1 15 0.00269549

2 15 0.00538034

3 15 0.00804396

4 15 0.0106758

5 15 0.0132656

6 15 0.015803

7 15 0.018278

8 15 0.0206809

9 15 0.0230021

10 15 0.0252326

11 15 0.0273635

12 15 0.0293864

13 15 0.0312934

14 15 0.0330768

15 15 0.0347297

16 15 0.0362455

17 15 0.0376183

18 15 0.0388427

19 15 0.0399137

20 15 0.0408272

21 15 0.0415796

22 15 0.0421679

23 15 0.0425898

24 15 0.0428436

25 15 0.0429283

26 15 0.0428436

27 15 0.0425898

28 15 0.0421679

29 15 0.0415796

30 15 0.0408272

31 15 0.0399137

32 15 0.0388427

33 15 0.0376183

34 15 0.0362455

35 15 0.0347297

36 15 0.0330768

37 15 0.0312934

38 15 0.0293864

39 15 0.0273635

40 15 0.0252326

41 15 0.0230021

42 15 0.0206809

43 15 0.018278

44 15 0.015803

45 15 0.0132656

46 15 0.0106758

47 15 0.00804396

48 15 0.00538034

49 15 0.00269549

50 15 0

0 16 0

1 16 0.00281314

2 16 0.00561517

3 16 0.00839505

4 16 0.0111418

5 16 0.0138446

6 16 0.0164927

7 16 0.0190757

8 16 0.0215835

9 16 0.0240061

10 16 0.0263339

11 16 0.0285578

12 16 0.0306691

13 16 0.0326592

14 16 0.0345205

15 16 0.0362455

16 16 0.0378275

17 16 0.0392603

18 16 0.040538

19 16 0.0416558

20 16 0.0426092

21 16 0.0433944

22 16 0.0440084

23 16 0.0444487

24 16 0.0447136

25 16 0.044802

26 16 0.0447136

27 16 0.0444487

28 16 0.0440084

29 16 0.0433944

30 16 0.0426092

31 16 0.0416558

32 16 0.040538

33 16 0.0392603

34 16 0.0378275

35 16 0.0362455

36 16 0.0345205

37 16 0.0326592

38 16 0.0306691

39 16 0.0285578

40 16 0.0263339

41 16 0.0240061

42 16 0.0215835

43 16 0.0190757

44 16 0.0164927

45 16 0.0138446

46 16 0.0111418

47 16 0.00839505

48 16 0.00561517

49 16 0.00281314

50 16 0

0 17 0

1 17 0.00291969

2 17 0.00582785

3 17 0.00871301

4 17 0.0115638

5 17 0.0143689

6 17 0.0171174

7 17 0.0197982

8 17 0.022401

9 17 0.0249153

10 17 0.0273313

11 17 0.0296395

12 17 0.0318306

13 17 0.0338962

14 17 0.035828

15 17 0.0376183

16 17 0.0392603

17 17 0.0407472

18 17 0.0420734

19 17 0.0432335

20 17 0.044223

21 17 0.045038

22 17 0.0456752

23 17 0.0461322

24 17 0.0464071

25 17 0.0464988

26 17 0.0464071

27 17 0.0461322

28 17 0.0456752

29 17 0.045038

30 17 0.044223

31 17 0.0432335

32 17 0.0420734

33 17 0.0407472

34 17 0.0392603

35 17 0.0376183

36 17 0.035828

37 17 0.0338962

38 17 0.0318306

39 17 0.0296395

40 17 0.0273313

41 17 0.0249153

42 17 0.022401

43 17 0.0197982

44 17 0.0171174

45 17 0.0143689

46 17 0.0115638

47 17 0.00871301

48 17 0.00582785

49 17 0.00291969

50 17 0

0 18 0

1 18 0.00301471

2 18 0.00601752

3 18 0.00899659

4 18 0.0119401

5 18 0.0148366

6 18 0.0176745

7 18 0.0204426

8 18 0.02313

9 18 0.0257262

10 18 0.0282209

11 18 0.0306041

12 18 0.0328666

13 18 0.0349994

14 18 0.036994

15 18 0.0388427

16 18 0.040538

17 18 0.0420734

18 18 0.0434427

19 18 0.0446406

20 18 0.0456623

21 18 0.0465038

22 18 0.0471618

23 18 0.0476336

24 18 0.0479174

25 18 0.0480122

26 18 0.0479174

27 18 0.0476336

28 18 0.0471618

29 18 0.0465038

30 18 0.0456623

31 18 0.0446406

32 18 0.0434427

33 18 0.0420734

34 18 0.040538

35 18 0.0388427

36 18 0.036994

37 18 0.0349994

38 18 0.0328666

39 18 0.0306041

40 18 0.0282209

41 18 0.0257262

42 18 0.02313

43 18 0.0204426

44 18 0.0176745

45 18 0.0148366

46 18 0.0119401

47 18 0.00899659

48 18 0.00601752

49 18 0.00301471

50 18 0

0 19 0

1 19 0.00309784

2 19 0.00618345

3 19 0.00924465

4 19 0.0122694

5 19 0.0152457

6 19 0.0181618

7 19 0.0210063

8 19 0.0237678

9 19 0.0264356

10 19 0.028999

11 19 0.031448

12 19 0.0337729

13 19 0.0359644

14 19 0.0380141

15 19 0.0399137

16 19 0.0416558

17 19 0.0432335

18 19 0.0446406

19 19 0.0458715

20 19 0.0469214

21 19 0.0477861

22 19 0.0484622

23 19 0.048947

24 19 0.0492387

25 19 0.0493361

26 19 0.0492387

27 19 0.048947

28 19 0.0484622

29 19 0.0477861

30 19 0.0469214

31 19 0.0458715

32 19 0.0446406

33 19 0.0432335

34 19 0.0416558

35 19 0.0399137

36 19 0.0380141

37 19 0.0359644

38 19 0.0337729

39 19 0.031448

40 19 0.028999

41 19 0.0264356

42 19 0.0237678

43 19 0.0210063

44 19 0.0181618

45 19 0.0152457

46 19 0.0122694

47 19 0.00924465

48 19 0.00618345

49 19 0.00309784

50 19 0

0 20 0

1 20 0.00316874

2 20 0.00632497

3 20 0.00945624

4 20 0.0125502

5 20 0.0155946

6 20 0.0185775

7 20 0.021487

8 20 0.0243118

9 20 0.0270406

10 20 0.0296627

11 20 0.0321677

12 20 0.0345458

13 20 0.0367876

14 20 0.0388841

15 20 0.0408272

16 20 0.0426092

17 20 0.044223

18 20 0.0456623

19 20 0.0469214

20 20 0.0479953

21 20 0.0488798

22 20 0.0495713

23 20 0.0500673

24 20 0.0503656

25 20 0.0504652

26 20 0.0503656

27 20 0.0500673

28 20 0.0495713

29 20 0.0488798

30 20 0.0479953

31 20 0.0469214

32 20 0.0456623

33 20 0.044223

34 20 0.0426092

35 20 0.0408272

36 20 0.0388841

37 20 0.0367876

38 20 0.0345458

39 20 0.0321677

40 20 0.0296627

41 20 0.0270406

42 20 0.0243118

43 20 0.021487

44 20 0.0185775

45 20 0.0155946

46 20 0.0125502

47 20 0.00945624

48 20 0.00632497

49 20 0.00316874

50 20 0

0 21 0

1 21 0.00322713

2 21 0.00644153

3 21 0.0096305

4 21 0.0127815

5 21 0.015882

6 21 0.0189198

7 21 0.021883

8 21 0.0247598

9 21 0.0275389

10 21 0.0302094

11 21 0.0327605

12 21 0.0351825

13 21 0.0374655

14 21 0.0396007

15 21 0.0415796

16 21 0.0433944

17 21 0.045038

18 21 0.0465038

19 21 0.0477861

20 21 0.0488798

21 21 0.0497805

22 21 0.0504849

23 21 0.05099

24 21 0.0512938

25 21 0.0513952

26 21 0.0512938

27 21 0.05099

28 21 0.0504849

29 21 0.0497805

30 21 0.0488798

31 21 0.0477861

32 21 0.0465038

33 21 0.045038

34 21 0.0433944

35 21 0.0415796

36 21 0.0396007

37 21 0.0374655

38 21 0.0351825

39 21 0.0327605

40 21 0.0302094

41 21 0.0275389

42 21 0.0247598

43 21 0.021883

44 21 0.0189198

45 21 0.015882

46 21 0.0127815

47 21 0.0096305

48 21 0.00644153

49 21 0.00322713

50 21 0

0 22 0

1 22 0.00327279

2 22 0.00653267

3 22 0.00976676

4 22 0.0129623

5 22 0.0161067

6 22 0.0191875

7 22 0.0221926

8 22 0.0251102

9 22 0.0279286

10 22 0.0306368

11 22 0.0332241

12 22 0.0356802

13 22 0.0379956

14 22 0.040161

15 22 0.0421679

16 22 0.0440084

17 22 0.0456752

18 22 0.0471618

19 22 0.0484622

20 22 0.0495713

21 22 0.0504849

22 22 0.0511992

23 22 0.0517114

24 22 0.0520195

25 22 0.0521224

26 22 0.0520195

27 22 0.0517114

28 22 0.0511992

29 22 0.0504849

30 22 0.0495713

31 22 0.0484622

32 22 0.0471618

33 22 0.0456752

34 22 0.0440084

35 22 0.0421679

36 22 0.040161

37 22 0.0379956

38 22 0.0356802

39 22 0.0332241

40 22 0.0306368

41 22 0.0279286

42 22 0.0251102

43 22 0.0221926

44 22 0.0191875

45 22 0.0161067

46 22 0.0129623

47 22 0.00976676

48 22 0.00653267

49 22 0.00327279

50 22 0

0 23 0

1 23 0.00330554

2 23 0.00659803

3 23 0.00986448

4 23 0.013092

5 23 0.0162678

6 23 0.0193795

7 23 0.0224147

8 23 0.0253614

9 23 0.028208

10 23 0.0309433

11 23 0.0335565

12 23 0.0360372

13 23 0.0383757

14 23 0.0405628

15 23 0.0425898

16 23 0.0444487

17 23 0.0461322

18 23 0.0476336

19 23 0.048947

20 23 0.0500673

21 23 0.05099

22 23 0.0517114

23 23 0.0522287

24 23 0.05254

25 23 0.0526439

26 23 0.05254

27 23 0.0522287

28 23 0.0517114

29 23 0.05099

30 23 0.0500673

31 23 0.048947

32 23 0.0476336

33 23 0.0461322

34 23 0.0444487

35 23 0.0425898

36 23 0.0405628

37 23 0.0383757

38 23 0.0360372

39 23 0.0335565

40 23 0.0309433

41 23 0.028208

42 23 0.0253614

43 23 0.0224147

44 23 0.0193795

45 23 0.0162678

46 23 0.013092

47 23 0.00986448

48 23 0.00659803

49 23 0.00330554

50 23 0

0 24 0

1 24 0.00332523

2 24 0.00663734

3 24 0.00992326

4 24 0.01317

5 24 0.0163648

6 24 0.019495

7 24 0.0225482

8 24 0.0255125

9 24 0.0283761

10 24 0.0311277

11 24 0.0337564

12 24 0.0362519

13 24 0.0386044

14 24 0.0408045

15 24 0.0428436

16 24 0.0447136

17 24 0.0464071

18 24 0.0479174

19 24 0.0492387

20 24 0.0503656

21 24 0.0512938

22 24 0.0520195

23 24 0.05254

24 24 0.0528531

25 24 0.0529576

26 24 0.0528531

27 24 0.05254

28 24 0.0520195

29 24 0.0512938

30 24 0.0503656

31 24 0.0492387

32 24 0.0479174

33 24 0.0464071

34 24 0.0447136

35 24 0.0428436

36 24 0.0408045

37 24 0.0386044

38 24 0.0362519

39 24 0.0337564

40 24 0.0311277

41 24 0.0283761

42 24 0.0255125

43 24 0.0225482

44 24 0.019495

45 24 0.0163648

46 24 0.01317

47 24 0.00992326

48 24 0.00663734

49 24 0.00332523

50 24 0

0 25 0

1 25 0.00333181

2 25 0.00665047

3 25 0.00994288

4 25 0.0131961

5 25 0.0163971

6 25 0.0195335

7 25 0.0225928

8 25 0.0255629

9 25 0.0284322

10 25 0.0311892

11 25 0.0338232

12 25 0.0363236

13 25 0.0386807

14 25 0.0408852

15 25 0.0429283

16 25 0.044802

17 25 0.0464988

18 25 0.0480122

19 25 0.0493361

20 25 0.0504652

21 25 0.0513952

22 25 0.0521224

23 25 0.0526439

24 25 0.0529576

25 25 0.0530623

26 25 0.0529576

27 25 0.0526439

28 25 0.0521224

29 25 0.0513952

30 25 0.0504652

31 25 0.0493361

32 25 0.0480122

33 25 0.0464988

34 25 0.044802

35 25 0.0429283

36 25 0.0408852

37 25 0.0386807

38 25 0.0363236

39 25 0.0338232

40 25 0.0311892

41 25 0.0284322

42 25 0.0255629

43 25 0.0225928

44 25 0.0195335

45 25 0.0163971

46 25 0.0131961

47 25 0.00994288

48 25 0.00665047

49 25 0.00333181

50 25 0

0 26 0

1 26 0.00332523

2 26 0.00663734

3 26 0.00992326

4 26 0.01317

5 26 0.0163648

6 26 0.019495

7 26 0.0225482

8 26 0.0255125

9 26 0.0283761

10 26 0.0311277

11 26 0.0337564

12 26 0.0362519

13 26 0.0386044

14 26 0.0408045

15 26 0.0428436

16 26 0.0447136

17 26 0.0464071

18 26 0.0479174

19 26 0.0492387

20 26 0.0503656

21 26 0.0512938

22 26 0.0520195

23 26 0.05254

24 26 0.0528531

25 26 0.0529576

26 26 0.0528531

27 26 0.05254

28 26 0.0520195

29 26 0.0512938

30 26 0.0503656

31 26 0.0492387

32 26 0.0479174

33 26 0.0464071

34 26 0.0447136

35 26 0.0428436

36 26 0.0408045

37 26 0.0386044

38 26 0.0362519

39 26 0.0337564

40 26 0.0311277

41 26 0.0283761

42 26 0.0255125

43 26 0.0225482

44 26 0.019495

45 26 0.0163648

46 26 0.01317

47 26 0.00992326

48 26 0.00663734

49 26 0.00332523

50 26 0

0 27 0

1 27 0.00330554

2 27 0.00659803

3 27 0.00986448

4 27 0.013092

5 27 0.0162678

6 27 0.0193795

7 27 0.0224147

8 27 0.0253614

9 27 0.028208

10 27 0.0309433

11 27 0.0335565

12 27 0.0360372

13 27 0.0383757

14 27 0.0405628

15 27 0.0425898

16 27 0.0444487

17 27 0.0461322

18 27 0.0476336

19 27 0.048947

20 27 0.0500673

21 27 0.05099

22 27 0.0517114

23 27 0.0522287

24 27 0.05254

25 27 0.0526439

26 27 0.05254

27 27 0.0522287

28 27 0.0517114

29 27 0.05099

30 27 0.0500673

31 27 0.048947

32 27 0.0476336

33 27 0.0461322

34 27 0.0444487

35 27 0.0425898

36 27 0.0405628

37 27 0.0383757

38 27 0.0360372

39 27 0.0335565

40 27 0.0309433

41 27 0.028208

42 27 0.0253614

43 27 0.0224147

44 27 0.0193795

45 27 0.0162678

46 27 0.013092

47 27 0.00986448

48 27 0.00659803

49 27 0.00330554

50 27 0

0 28 0

1 28 0.00327279

2 28 0.00653267

3 28 0.00976676

4 28 0.0129623

5 28 0.0161067

6 28 0.0191875

7 28 0.0221926

8 28 0.0251102

9 28 0.0279286

10 28 0.0306368

11 28 0.0332241

12 28 0.0356802

13 28 0.0379956

14 28 0.040161

15 28 0.0421679

16 28 0.0440084

17 28 0.0456752

18 28 0.0471618

19 28 0.0484622

20 28 0.0495713

21 28 0.0504849

22 28 0.0511992

23 28 0.0517114

24 28 0.0520195

25 28 0.0521224

26 28 0.0520195

27 28 0.0517114

28 28 0.0511992

29 28 0.0504849

30 28 0.0495713

31 28 0.0484622

32 28 0.0471618

33 28 0.0456752

34 28 0.0440084

35 28 0.0421679

36 28 0.040161

37 28 0.0379956

38 28 0.0356802

39 28 0.0332241

40 28 0.0306368

41 28 0.0279286

42 28 0.0251102

43 28 0.0221926

44 28 0.0191875

45 28 0.0161067

46 28 0.0129623

47 28 0.00976676

48 28 0.00653267

49 28 0.00327279

50 28 0

0 29 0

1 29 0.00322713

2 29 0.00644153

3 29 0.0096305

4 29 0.0127815

5 29 0.015882

6 29 0.0189198

7 29 0.021883

8 29 0.0247598

9 29 0.0275389

10 29 0.0302094

11 29 0.0327605

12 29 0.0351825

13 29 0.0374655

14 29 0.0396007

15 29 0.0415796

16 29 0.0433944

17 29 0.045038

18 29 0.0465038

19 29 0.0477861

20 29 0.0488798

21 29 0.0497805

22 29 0.0504849

23 29 0.05099

24 29 0.0512938

25 29 0.0513952

26 29 0.0512938

27 29 0.05099

28 29 0.0504849

29 29 0.0497805

30 29 0.0488798

31 29 0.0477861

32 29 0.0465038

33 29 0.045038

34 29 0.0433944

35 29 0.0415796

36 29 0.0396007

37 29 0.0374655

38 29 0.0351825

39 29 0.0327605

40 29 0.0302094

41 29 0.0275389

42 29 0.0247598

43 29 0.021883

44 29 0.0189198

45 29 0.015882

46 29 0.0127815

47 29 0.0096305

48 29 0.00644153

49 29 0.00322713

50 29 0

0 30 0

1 30 0.00316874

2 30 0.00632497

3 30 0.00945624

4 30 0.0125502

5 30 0.0155946

6 30 0.0185775

7 30 0.021487

8 30 0.0243118

9 30 0.0270406

10 30 0.0296627

11 30 0.0321677

12 30 0.0345458

13 30 0.0367876

14 30 0.0388841

15 30 0.0408272

16 30 0.0426092

17 30 0.044223

18 30 0.0456623

19 30 0.0469214

20 30 0.0479953

21 30 0.0488798

22 30 0.0495713

23 30 0.0500673

24 30 0.0503656

25 30 0.0504652

26 30 0.0503656

27 30 0.0500673

28 30 0.0495713

29 30 0.0488798

30 30 0.0479953

31 30 0.0469214

32 30 0.0456623

33 30 0.044223

34 30 0.0426092

35 30 0.0408272

36 30 0.0388841

37 30 0.0367876

38 30 0.0345458

39 30 0.0321677

40 30 0.0296627

41 30 0.0270406

42 30 0.0243118

43 30 0.021487

44 30 0.0185775

45 30 0.0155946

46 30 0.0125502

47 30 0.00945624

48 30 0.00632497

49 30 0.00316874

50 30 0

0 31 0

1 31 0.00309784

2 31 0.00618345

3 31 0.00924465

4 31 0.0122694

5 31 0.0152457

6 31 0.0181618

7 31 0.0210063

8 31 0.0237678

9 31 0.0264356

10 31 0.028999

11 31 0.031448

12 31 0.0337729

13 31 0.0359644

14 31 0.0380141

15 31 0.0399137

16 31 0.0416558

17 31 0.0432335

18 31 0.0446406

19 31 0.0458715

20 31 0.0469214

21 31 0.0477861

22 31 0.0484622

23 31 0.048947

24 31 0.0492387

25 31 0.0493361

26 31 0.0492387

27 31 0.048947

28 31 0.0484622

29 31 0.0477861

30 31 0.0469214

31 31 0.0458715

32 31 0.0446406

33 31 0.0432335

34 31 0.0416558

35 31 0.0399137

36 31 0.0380141

37 31 0.0359644

38 31 0.0337729

39 31 0.031448

40 31 0.028999

41 31 0.0264356

42 31 0.0237678

43 31 0.0210063

44 31 0.0181618

45 31 0.0152457

46 31 0.0122694

47 31 0.00924465

48 31 0.00618345

49 31 0.00309784

50 31 0

0 32 0

1 32 0.00301471

2 32 0.00601752

3 32 0.00899659

4 32 0.0119401

5 32 0.0148366

6 32 0.0176745

7 32 0.0204426

8 32 0.02313

9 32 0.0257262

10 32 0.0282209

11 32 0.0306041

12 32 0.0328666

13 32 0.0349994

14 32 0.036994

15 32 0.0388427

16 32 0.040538

17 32 0.0420734

18 32 0.0434427

19 32 0.0446406

20 32 0.0456623

21 32 0.0465038

22 32 0.0471618

23 32 0.0476336

24 32 0.0479174

25 32 0.0480122

26 32 0.0479174

27 32 0.0476336

28 32 0.0471618

29 32 0.0465038

30 32 0.0456623

31 32 0.0446406

32 32 0.0434427

33 32 0.0420734

34 32 0.040538

35 32 0.0388427

36 32 0.036994

37 32 0.0349994

38 32 0.0328666

39 32 0.0306041

40 32 0.0282209

41 32 0.0257262

42 32 0.02313

43 32 0.0204426

44 32 0.0176745

45 32 0.0148366

46 32 0.0119401

47 32 0.00899659

48 32 0.00601752

49 32 0.00301471

50 32 0

0 33 0

1 33 0.00291969

2 33 0.00582785

3 33 0.00871301

4 33 0.0115638

5 33 0.0143689

6 33 0.0171174

7 33 0.0197982

8 33 0.022401

9 33 0.0249153

10 33 0.0273313

11 33 0.0296395

12 33 0.0318306

13 33 0.0338962

14 33 0.035828

15 33 0.0376183

16 33 0.0392603

17 33 0.0407472

18 33 0.0420734

19 33 0.0432335

20 33 0.044223

21 33 0.045038

22 33 0.0456752

23 33 0.0461322

24 33 0.0464071

25 33 0.0464988

26 33 0.0464071

27 33 0.0461322

28 33 0.0456752

29 33 0.045038

30 33 0.044223

31 33 0.0432335

32 33 0.0420734

33 33 0.0407472

34 33 0.0392603

35 33 0.0376183

36 33 0.035828

37 33 0.0338962

38 33 0.0318306

39 33 0.0296395

40 33 0.0273313

41 33 0.0249153

42 33 0.022401

43 33 0.0197982

44 33 0.0171174

45 33 0.0143689

46 33 0.0115638

47 33 0.00871301

48 33 0.00582785

49 33 0.00291969

50 33 0

0 34 0

1 34 0.00281314

2 34 0.00561517

3 34 0.00839505

4 34 0.0111418

5 34 0.0138446

6 34 0.0164927

7 34 0.0190757

8 34 0.0215835

9 34 0.0240061

10 34 0.0263339

11 34 0.0285578

12 34 0.0306691

13 34 0.0326592

14 34 0.0345205

15 34 0.0362455

16 34 0.0378275

17 34 0.0392603

18 34 0.040538

19 34 0.0416558

20 34 0.0426092

21 34 0.0433944

22 34 0.0440084

23 34 0.0444487

24 34 0.0447136

25 34 0.044802

26 34 0.0447136

27 34 0.0444487

28 34 0.0440084

29 34 0.0433944

30 34 0.0426092

31 34 0.0416558

32 34 0.040538

33 34 0.0392603

34 34 0.0378275

35 34 0.0362455

36 34 0.0345205

37 34 0.0326592

38 34 0.0306691

39 34 0.0285578

40 34 0.0263339

41 34 0.0240061

42 34 0.0215835

43 34 0.0190757

44 34 0.0164927

45 34 0.0138446

46 34 0.0111418

47 34 0.00839505

48 34 0.00561517

49 34 0.00281314

50 34 0

0 35 0

1 35 0.00269549

2 35 0.00538034

3 35 0.00804396

4 35 0.0106758

5 35 0.0132656

6 35 0.015803

7 35 0.018278

8 35 0.0206809

9 35 0.0230021

10 35 0.0252326

11 35 0.0273635

12 35 0.0293864

13 35 0.0312934

14 35 0.0330768

15 35 0.0347297

16 35 0.0362455

17 35 0.0376183

18 35 0.0388427

19 35 0.0399137

20 35 0.0408272

21 35 0.0415796

22 35 0.0421679

23 35 0.0425898

24 35 0.0428436

25 35 0.0429283

26 35 0.0428436

27 35 0.0425898

28 35 0.0421679

29 35 0.0415796

30 35 0.0408272

31 35 0.0399137

32 35 0.0388427

33 35 0.0376183

34 35 0.0362455

35 35 0.0347297

36 35 0.0330768

37 35 0.0312934

38 35 0.0293864

39 35 0.0273635

40 35 0.0252326

41 35 0.0230021

42 35 0.0206809

43 35 0.018278

44 35 0.015803

45 35 0.0132656

46 35 0.0106758

47 35 0.00804396

48 35 0.00538034

49 35 0.00269549

50 35 0

0 36 0

1 36 0.0025672

2 36 0.00512427

3 36 0.00766112

4 36 0.0101677

5 36 0.0126342

6 36 0.0150508

7 36 0.0174081

8 36 0.0196966

9 36 0.0219074

10 36 0.0240317

11 36 0.0260612

12 36 0.0279878

13 36 0.029804

14 36 0.0315026

15 36 0.0330768

16 36 0.0345205

17 36 0.035828

18 36 0.036994

19 36 0.0380141

20 36 0.0388841

21 36 0.0396007

22 36 0.040161

23 36 0.0405628

24 36 0.0408045

25 36 0.0408852

26 36 0.0408045

27 36 0.0405628

28 36 0.040161

29 36 0.0396007

30 36 0.0388841

31 36 0.0380141

32 36 0.036994

33 36 0.035828

34 36 0.0345205

35 36 0.0330768

36 36 0.0315026

37 36 0.029804

38 36 0.0279878

39 36 0.0260612

40 36 0.0240317

41 36 0.0219074

42 36 0.0196966

43 36 0.0174081

44 36 0.0150508

45 36 0.0126342

46 36 0.0101677

47 36 0.00766112

48 36 0.00512427

49 36 0.0025672

50 36 0

0 37 0

1 37 0.00242878

2 37 0.00484798

3 37 0.00724805

4 37 0.00961951

5 37 0.011953

6 37 0.0142393

7 37 0.0164695

8 37 0.0186346

9 37 0.0207262

10 37 0.022736

11 37 0.024656

12 37 0.0264788

13 37 0.028197

14 37 0.029804

15 37 0.0312934

16 37 0.0326592

17 37 0.0338962

18 37 0.0349994

19 37 0.0359644

20 37 0.0367876

21 37 0.0374655

22 37 0.0379956

23 37 0.0383757

24 37 0.0386044

25 37 0.0386807

26 37 0.0386044

27 37 0.0383757

28 37 0.0379956

29 37 0.0374655

30 37 0.0367876

31 37 0.0359644

32 37 0.0349994

33 37 0.0338962

34 37 0.0326592

35 37 0.0312934

36 37 0.029804

37 37 0.028197

38 37 0.0264788

39 37 0.024656

40 37 0.022736

41 37 0.0207262

42 37 0.0186346

43 37 0.0164695

44 37 0.0142393

45 37 0.011953

46 37 0.00961951

47 37 0.00724805

48 37 0.00484798

49 37 0.00242878

50 37 0

0 38 0

1 38 0.00228078

2 38 0.00455256

3 38 0.00680637

4 38 0.00903332

5 38 0.0112246

6 38 0.0133716

7 38 0.0154658

8 38 0.017499

9 38 0.0194632

10 38 0.0213505

11 38 0.0231536

12 38 0.0248652

13 38 0.0264788

14 38 0.0279878

15 38 0.0293864

16 38 0.0306691

17 38 0.0318306

18 38 0.0328666

19 38 0.0337729

20 38 0.0345458

21 38 0.0351825

22 38 0.0356802

23 38 0.0360372

24 38 0.0362519

25 38 0.0363236

26 38 0.0362519

27 38 0.0360372

28 38 0.0356802

29 38 0.0351825

30 38 0.0345458

31 38 0.0337729

32 38 0.0328666

33 38 0.0318306

34 38 0.0306691

35 38 0.0293864

36 38 0.0279878

37 38 0.0264788

38 38 0.0248652

39 38 0.0231536

40 38 0.0213505

41 38 0.0194632

42 38 0.017499

43 38 0.0154658

44 38 0.0133716

45 38 0.0112246

46 38 0.00903332

47 38 0.00680637

48 38 0.00455256

49 38 0.00228078

50 38 0

0 39 0

1 39 0.00212377

2 39 0.00423917

3 39 0.00633783

4 39 0.00841148

5 39 0.0104519

6 39 0.0124511

7 39 0.0144012

8 39 0.0162944

9 39 0.0181234

10 39 0.0198808

11 39 0.0215597

12 39 0.0231536

13 39 0.024656

14 39 0.0260612

15 39 0.0273635

16 39 0.0285578

17 39 0.0296395

18 39 0.0306041

19 39 0.031448

20 39 0.0321677

21 39 0.0327605

22 39 0.0332241

23 39 0.0335565

24 39 0.0337564

25 39 0.0338232

26 39 0.0337564

27 39 0.0335565

28 39 0.0332241

29 39 0.0327605

30 39 0.0321677

31 39 0.031448

32 39 0.0306041

33 39 0.0296395

34 39 0.0285578

35 39 0.0273635

36 39 0.0260612

37 39 0.024656

38 39 0.0231536

39 39 0.0215597

40 39 0.0198808

41 39 0.0181234

42 39 0.0162944

43 39 0.0144012

44 39 0.0124511

45 39 0.0104519

46 39 0.00841148

47 39 0.00633783

48 39 0.00423917

49 39 0.00212377

50 39 0

0 40 0

1 40 0.00195839

2 40 0.00390905

3 40 0.00584428

4 40 0.00775644

5 40 0.009638

6 40 0.0114815

7 40 0.0132797

8 40 0.0150255

9 40 0.016712

10 40 0.0183326

11 40 0.0198808

12 40 0.0213505

13 40 0.022736

14 40 0.0240317

15 40 0.0252326

16 40 0.0263339

17 40 0.0273313

18 40 0.0282209

19 40 0.028999

20 40 0.0296627

21 40 0.0302094

22 40 0.0306368

23 40 0.0309433

24 40 0.0311277

25 40 0.0311892

26 40 0.0311277

27 40 0.0309433

28 40 0.0306368

29 40 0.0302094

30 40 0.0296627

31 40 0.028999

32 40 0.0282209

33 40 0.0273313

34 40 0.0263339

35 40 0.0252326

36 40 0.0240317

37 40 0.022736

38 40 0.0213505

39 40 0.0198808

40 40 0.0183326

41 40 0.016712

42 40 0.0150255

43 40 0.0132797

44 40 0.0114815

45 40 0.009638

46 40 0.00775644

47 40 0.00584428

48 40 0.00390905

49 40 0.00195839

50 40 0

0 41 0

1 41 0.00178527

2 41 0.0035635

3 41 0.00532766

4 41 0.0070708

5 41 0.00878603

6 41 0.0104666

7 41 0.0121058

8 41 0.0136973

9 41 0.0152347

10 41 0.016712

11 41 0.0181234

12 41 0.0194632

13 41 0.0207262

14 41 0.0219074

15 41 0.0230021

16 41 0.0240061

17 41 0.0249153

18 41 0.0257262

19 41 0.0264356

20 41 0.0270406

21 41 0.0275389

22 41 0.0279286

23 41 0.028208

24 41 0.0283761

25 41 0.0284322

26 41 0.0283761

27 41 0.028208

28 41 0.0279286

29 41 0.0275389

30 41 0.0270406

31 41 0.0264356

32 41 0.0257262

33 41 0.0249153

34 41 0.0240061

35 41 0.0230021

36 41 0.0219074

37 41 0.0207262

38 41 0.0194632

39 41 0.0181234

40 41 0.016712

41 41 0.0152347

42 41 0.0136973

43 41 0.0121058

44 41 0.0104666

45 41 0.00878603

46 41 0.0070708

47 41 0.00532766

48 41 0.0035635

49 41 0.00178527

50 41 0

0 42 0

1 42 0.00160511

2 42 0.00320389

3 42 0.00479002

4 42 0.00635725

5 42 0.00789938

6 42 0.00941035

7 42 0.0108842

8 42 0.012315

9 42 0.0136973

10 42 0.0150255

11 42 0.0162944

12 42 0.017499

13 42 0.0186346

14 42 0.0196966

15 42 0.0206809

16 42 0.0215835

17 42 0.022401

18 42 0.02313

19 42 0.0237678

20 42 0.0243118

21 42 0.0247598

22 42 0.0251102

23 42 0.0253614

24 42 0.0255125

25 42 0.0255629

26 42 0.0255125

27 42 0.0253614

28 42 0.0251102

29 42 0.0247598

30 42 0.0243118

31 42 0.0237678

32 42 0.02313

33 42 0.022401

34 42 0.0215835

35 42 0.0206809

36 42 0.0196966

37 42 0.0186346

38 42 0.017499

39 42 0.0162944

40 42 0.0150255

41 42 0.0136973

42 42 0.012315

43 42 0.0108842

44 42 0.00941035

45 42 0.00789938

46 42 0.00635725

47 42 0.00479002

48 42 0.00320389

49 42 0.00160511

50 42 0

0 43 0

1 43 0.00141861

2 43 0.00283163

3 43 0.00423347

4 43 0.00561861

5 43 0.00698156

6 43 0.00831697

7 43 0.00961955

8 43 0.0108842

9 43 0.0121058

10 43 0.0132797

11 43 0.0144012

12 43 0.0154658

13 43 0.0164695

14 43 0.0174081

15 43 0.018278

16 43 0.0190757

17 43 0.0197982

18 43 0.0204426

19 43 0.0210063

20 43 0.021487

21 43 0.021883

22 43 0.0221926

23 43 0.0224147

24 43 0.0225482

25 43 0.0225928

26 43 0.0225482

27 43 0.0224147

28 43 0.0221926

29 43 0.021883

30 43 0.021487

31 43 0.0210063

32 43 0.0204426

33 43 0.0197982

34 43 0.0190757

35 43 0.018278

36 43 0.0174081

37 43 0.0164695

38 43 0.0154658

39 43 0.0144012

40 43 0.0132797

41 43 0.0121058

42 43 0.0108842

43 43 0.00961955

44 43 0.00831697

45 43 0.00698156

46 43 0.00561861

47 43 0.00423347

48 43 0.00283163

49 43 0.00141861

50 43 0

0 44 0

1 44 0.00122652

2 44 0.0024482

3 44 0.00366022

4 44 0.00485779

5 44 0.00603619

6 44 0.00719077

7 44 0.00831697

8 44 0.00941035

9 44 0.0104666

10 44 0.0114815

11 44 0.0124511

12 44 0.0133716

13 44 0.0142393

14 44 0.0150508

15 44 0.015803

16 44 0.0164927

17 44 0.0171174

18 44 0.0176745

19 44 0.0181618

20 44 0.0185775

21 44 0.0189198

22 44 0.0191875

23 44 0.0193795

24 44 0.019495

25 44 0.0195335

26 44 0.019495

27 44 0.0193795

28 44 0.0191875

29 44 0.0189198

30 44 0.0185775

31 44 0.0181618

32 44 0.0176745

33 44 0.0171174

34 44 0.0164927

35 44 0.015803

36 44 0.0150508

37 44 0.0142393

38 44 0.0133716

39 44 0.0124511

40 44 0.0114815

41 44 0.0104666

42 44 0.00941035

43 44 0.00831697

44 44 0.00719077

45 44 0.00603619

46 44 0.00485779

47 44 0.00366022

48 44 0.0024482

49 44 0.00122652

50 44 0

0 45 0

1 45 0.00102959

2 45 0.00205511

3 45 0.00307252

4 45 0.0040778

5 45 0.005067

6 45 0.00603619

7 45 0.00698156

8 45 0.00789938

9 45 0.00878603

10 45 0.009638

11 45 0.0104519

12 45 0.0112246

13 45 0.011953

14 45 0.0126342

15 45 0.0132656

16 45 0.0138446

17 45 0.0143689

18 45 0.0148366

19 45 0.0152457

20 45 0.0155946

21 45 0.015882

22 45 0.0161067

23 45 0.0162678

24 45 0.0163648

25 45 0.0163971

26 45 0.0163648

27 45 0.0162678

28 45 0.0161067

29 45 0.015882

30 45 0.0155946

31 45 0.0152457

32 45 0.0148366

33 45 0.0143689

34 45 0.0138446

35 45 0.0132656

36 45 0.0126342

37 45 0.011953

38 45 0.0112246

39 45 0.0104519

40 45 0.009638

41 45 0.00878603

42 45 0.00789938

43 45 0.00698156

44 45 0.00603619

45 45 0.005067

46 45 0.0040778

47 45 0.00307252

48 45 0.00205511

49 45 0.00102959

50 45 0

0 46 0

1 46 0.000828587

2 46 0.0016539

3 46 0.00247269

4 46 0.00328172

5 46 0.0040778

6 46 0.00485779

7 46 0.00561861

8 46 0.00635725

9 46 0.0070708

10 46 0.00775644

11 46 0.00841148

12 46 0.00903332

13 46 0.00961951

14 46 0.0101677

15 46 0.0106758

16 46 0.0111418

17 46 0.0115638

18 46 0.0119401

19 46 0.0122694

20 46 0.0125502

21 46 0.0127815

22 46 0.0129623

23 46 0.013092

24 46 0.01317

25 46 0.0131961

26 46 0.01317

27 46 0.013092

28 46 0.0129623

29 46 0.0127815

30 46 0.0125502

31 46 0.0122694

32 46 0.0119401

33 46 0.0115638

34 46 0.0111418

35 46 0.0106758

36 46 0.0101677

37 46 0.00961951

38 46 0.00903332

39 46 0.00841148

40 46 0.00775644

41 46 0.0070708

42 46 0.00635725

43 46 0.00561861

44 46 0.00485779

45 46 0.0040778

46 46 0.00328172

47 46 0.00247269

48 46 0.0016539

49 46 0.000828587

50 46 0

0 47 0

1 47 0.000624319

2 47 0.00124617

3 47 0.00186311

4 47 0.00247269

5 47 0.00307252

6 47 0.00366022

7 47 0.00423347

8 47 0.00479002

9 47 0.00532766

10 47 0.00584428

11 47 0.00633783

12 47 0.00680637

13 47 0.00724805

14 47 0.00766112

15 47 0.00804396

16 47 0.00839505

17 47 0.00871301

18 47 0.00899659

19 47 0.00924465

20 47 0.00945624

21 47 0.0096305

22 47 0.00976676

23 47 0.00986448

24 47 0.00992326

25 47 0.00994288

26 47 0.00992326

27 47 0.00986448

28 47 0.00976676

29 47 0.0096305

30 47 0.00945624

31 47 0.00924465

32 47 0.00899659

33 47 0.00871301

34 47 0.00839505

35 47 0.00804396

36 47 0.00766112

37 47 0.00724805

38 47 0.00680637

39 47 0.00633783

40 47 0.00584428

41 47 0.00532766

42 47 0.00479002

43 47 0.00423347

44 47 0.00366022

45 47 0.00307252

46 47 0.00247269

47 47 0.00186311

48 47 0.00124617

49 47 0.000624319

50 47 0

0 48 0

1 48 0.000417586

2 48 0.000833524

3 48 0.00124617

4 48 0.0016539

5 48 0.00205511

6 48 0.0024482

7 48 0.00283163

8 48 0.00320389

9 48 0.0035635

10 48 0.00390905

11 48 0.00423917

12 48 0.00455256

13 48 0.00484798

14 48 0.00512427

15 48 0.00538034

16 48 0.00561517

17 48 0.00582785

18 48 0.00601752

19 48 0.00618345

20 48 0.00632497

21 48 0.00644153

22 48 0.00653267

23 48 0.00659803

24 48 0.00663734

25 48 0.00665047

26 48 0.00663734

27 48 0.00659803

28 48 0.00653267

29 48 0.00644153

30 48 0.00632497

31 48 0.00618345

32 48 0.00601752

33 48 0.00582785

34 48 0.00561517

35 48 0.00538034

36 48 0.00512427

