0 1 0

1 1 0.00274221

2 1 0.00547359

3 1 0.00818338

4 1 0.0108609

5 1 0.0134955

6 1 0.0160769

7 1 0.0185948

8 1 0.0210393

9 1 0.0234008

10 1 0.0256699

11 1 0.0278378

12 1 0.0298958

13 1 0.0318358

14 1 0.0336501

15 1 0.0353317

16 1 0.0368738

17 1 0.0382703

18 1 0.0395159

19 1 0.0406055

20 1 0.0415348

21 1 0.0423003

22 1 0.0428988

23 1 0.043328

24 1 0.0435861

25 1 0.0436723

26 1 0.0435861

27 1 0.043328

28 1 0.0428988

29 1 0.0423003

30 1 0.0415348

31 1 0.0406055

32 1 0.0395159

33 1 0.0382703

34 1 0.0368738

35 1 0.0353317

36 1 0.0336501

37 1 0.0318358

38 1 0.0298958

39 1 0.0278378

40 1 0.0256699

41 1 0.0234008

42 1 0.0210393

43 1 0.0185948

44 1 0.0160769

45 1 0.0134955

46 1 0.0108609

47 1 0.00818338

48 1 0.00547359

49 1 0.00274221

50 1 0

0 2 0

1 2 0.00547359

2 2 0.0109256

3 2 0.0163345

4 2 0.0216789

5 2 0.0269377

6 2 0.0320903

7 2 0.0371162

8 2 0.0419956

9 2 0.0467093

10 2 0.0512386

11 2 0.0555657

12 2 0.0596735

13 2 0.0635459

14 2 0.0671674

15 2 0.0705239

16 2 0.073602

17 2 0.0763897

18 2 0.0788758

19 2 0.0810507

20 2 0.0829058

21 2 0.0844336

22 2 0.0856282

23 2 0.0864849

24 2 0.0870003

25 2 0.0871723

26 2 0.0870003

27 2 0.0864849

28 2 0.0856282

29 2 0.0844336

30 2 0.0829058

31 2 0.0810507

32 2 0.0788758

33 2 0.0763897

34 2 0.073602

35 2 0.0705239

36 2 0.0671674

37 2 0.0635459

38 2 0.0596735

39 2 0.0555657

40 2 0.0512386

41 2 0.0467093

42 2 0.0419956

43 2 0.0371162

44 2 0.0320903

45 2 0.0269377

46 2 0.0216789

47 2 0.0163345

48 2 0.0109256

49 2 0.00547359

50 2 0

0 3 0

1 3 0.00818338

2 3 0.0163345

3 3 0.0244211

4 3 0.0324113

5 3 0.0402736

6 3 0.047977

7 3 0.0554911

8 3 0.0627861

9 3 0.0698334

10 3 0.076605

11 3 0.0830743

12 3 0.0892158

13 3 0.0950052

14 3 0.10042

15 3 0.105438

16 3 0.11004

17 3 0.114208

18 3 0.117925

19 3 0.121176

20 3 0.12395

21 3 0.126234

22 3 0.12802

23 3 0.129301

24 3 0.130071

25 3 0.130328

26 3 0.130071

27 3 0.129301

28 3 0.12802

29 3 0.126234

30 3 0.12395

31 3 0.121176

32 3 0.117925

33 3 0.114208

34 3 0.11004

35 3 0.105438

36 3 0.10042

37 3 0.0950052

38 3 0.0892158

39 3 0.0830743

40 3 0.076605

41 3 0.0698334

42 3 0.0627861

43 3 0.0554911

44 3 0.047977

45 3 0.0402736

46 3 0.0324113

47 3 0.0244211

48 3 0.0163345

49 3 0.00818338

50 3 0

0 4 0

1 4 0.0108609

2 4 0.0216789

3 4 0.0324113

4 4 0.0430158

5 4 0.0534506

6 4 0.0636744

7 4 0.073647

8 4 0.0833289

9 4 0.0926819

10 4 0.101669

11 4 0.110255

12 4 0.118406

13 4 0.12609

14 4 0.133276

15 4 0.139936

16 4 0.146043

17 4 0.151575

18 4 0.156508

19 4 0.160823

20 4 0.164504

21 4 0.167536

22 4 0.169906

23 4 0.171606

24 4 0.172629

25 4 0.17297

26 4 0.172629

27 4 0.171606

28 4 0.169906

29 4 0.167536

30 4 0.164504

31 4 0.160823

32 4 0.156508

33 4 0.151575

34 4 0.146043

35 4 0.139936

36 4 0.133276

37 4 0.12609

38 4 0.118406

39 4 0.110255

40 4 0.101669

41 4 0.0926819

42 4 0.0833289

43 4 0.073647

44 4 0.0636744

45 4 0.0534506

46 4 0.0430158

47 4 0.0324113

48 4 0.0216789

49 4 0.0108609

50 4 0

0 5 0

1 5 0.0134955

2 5 0.0269377

3 5 0.0402736

4 5 0.0534506

5 5 0.0664166

6 5 0.0791206

7 5 0.0915122

8 5 0.103543

9 5 0.115165

10 5 0.126332

11 5 0.137001

12 5 0.147129

13 5 0.156676

14 5 0.165605

15 5 0.173881

16 5 0.18147

17 5 0.188344

18 5 0.194473

19 5 0.199836

20 5 0.204409

21 5 0.208176

22 5 0.211122

23 5 0.213234

24 5 0.214505

25 5 0.214929

26 5 0.214505

27 5 0.213234

28 5 0.211122

29 5 0.208176

30 5 0.204409

31 5 0.199836

32 5 0.194473

33 5 0.188344

34 5 0.18147

35 5 0.173881

36 5 0.165605

37 5 0.156676

38 5 0.147129

39 5 0.137001

40 5 0.126332

41 5 0.115165

42 5 0.103543

43 5 0.0915122

44 5 0.0791206

45 5 0.0664166

46 5 0.0534506

47 5 0.0402736

48 5 0.0269377

49 5 0.0134955

50 5 0

0 6 0

1 6 0.0160769

2 6 0.0320903

3 6 0.047977

4 6 0.0636744

5 6 0.0791206

6 6 0.0942544

7 6 0.109016

8 6 0.123348

9 6 0.137193

10 6 0.150496

11 6 0.163206

12 6 0.175271

13 6 0.186645

14 6 0.197282

15 6 0.20714

16 6 0.216181

17 6 0.224369

18 6 0.231671

19 6 0.23806

20 6 0.243508

21 6 0.247996

22 6 0.251504

23 6 0.254021

24 6 0.255534

25 6 0.25604

26 6 0.255534

27 6 0.254021

28 6 0.251504

29 6 0.247996

30 6 0.243508

31 6 0.23806

32 6 0.231671

33 6 0.224369

34 6 0.216181

35 6 0.20714

36 6 0.197282

37 6 0.186645

38 6 0.175271

39 6 0.163206

40 6 0.150496

41 6 0.137193

42 6 0.123348

43 6 0.109016

44 6 0.0942544

45 6 0.0791206

46 6 0.0636744

47 6 0.047977

48 6 0.0320903

49 6 0.0160769

50 6 0

0 7 0

1 7 0.0185948

2 7 0.0371162

3 7 0.0554911

4 7 0.073647

5 7 0.0915122

6 7 0.109016

7 7 0.12609

8 7 0.142666

9 7 0.15868

10 7 0.174067

11 7 0.188767

12 7 0.202722

13 7 0.215877

14 7 0.22818

15 7 0.239582

16 7 0.250039

17 7 0.259509

18 7 0.267955

19 7 0.275344

20 7 0.281646

21 7 0.286836

22 7 0.290894

23 7 0.293805

24 7 0.295555

25 7 0.29614

26 7 0.295555

27 7 0.293805

28 7 0.290894

29 7 0.286836

30 7 0.281646

31 7 0.275344

32 7 0.267955

33 7 0.259509

34 7 0.250039

35 7 0.239582

36 7 0.22818

37 7 0.215877

38 7 0.202722

39 7 0.188767

40 7 0.174067

41 7 0.15868

42 7 0.142666

43 7 0.12609

44 7 0.109016

45 7 0.0915122

46 7 0.073647

47 7 0.0554911

48 7 0.0371162

49 7 0.0185948

50 7 0

0 8 0

1 8 0.0210393

2 8 0.0419956

3 8 0.0627861

4 8 0.0833289

5 8 0.103543

6 8 0.123348

7 8 0.142666

8 8 0.161422

9 8 0.17954

10 8 0.19695

11 8 0.213583

12 8 0.229372

13 8 0.244256

14 8 0.258177

15 8 0.271078

16 8 0.28291

17 8 0.293625

18 8 0.303182

19 8 0.311541

20 8 0.318672

21 8 0.324544

22 8 0.329136

23 8 0.332429

24 8 0.33441

25 8 0.335071

26 8 0.33441

27 8 0.332429

28 8 0.329136

29 8 0.324544

30 8 0.318672

31 8 0.311541

32 8 0.303182

33 8 0.293625

34 8 0.28291

35 8 0.271078

36 8 0.258177

37 8 0.244256

38 8 0.229372

39 8 0.213583

40 8 0.19695

41 8 0.17954

42 8 0.161422

43 8 0.142666

44 8 0.123348

45 8 0.103543

46 8 0.0833289

47 8 0.0627861

48 8 0.0419956

49 8 0.0210393

50 8 0

0 9 0

1 9 0.0234008

2 9 0.0467093

3 9 0.0698334

4 9 0.0926819

5 9 0.115165

6 9 0.137193

7 9 0.15868

8 9 0.17954

9 9 0.199692

10 9 0.219056

11 9 0.237555

12 9 0.255117

13 9 0.271672

14 9 0.287155

15 9 0.301505

16 9 0.314665

17 9 0.326582

18 9 0.337211

19 9 0.34651

20 9 0.35444

21 9 0.360972

22 9 0.366079

23 9 0.369742

24 9 0.371945

25 9 0.37268

26 9 0.371945

27 9 0.369742

28 9 0.366079

29 9 0.360972

30 9 0.35444

31 9 0.34651

32 9 0.337211

33 9 0.326582

34 9 0.314665

35 9 0.301505

36 9 0.287155

37 9 0.271672

38 9 0.255117

39 9 0.237555

40 9 0.219056

41 9 0.199692

42 9 0.17954

43 9 0.15868

44 9 0.137193

45 9 0.115165

46 9 0.0926819

47 9 0.0698334

48 9 0.0467093

49 9 0.0234008

50 9 0

0 10 0

1 10 0.0256699

2 10 0.0512386

3 10 0.076605

4 10 0.101669

5 10 0.126332

6 10 0.150496

7 10 0.174067

8 10 0.19695

9 10 0.219056

10 10 0.240298

11 10 0.260591

12 10 0.279856

13 10 0.298016

14 10 0.315

15 10 0.330741

16 10 0.345177

17 10 0.358251

18 10 0.36991

19 10 0.38011

20 10 0.38881

21 10 0.395975

22 10 0.401578

23 10 0.405595

24 10 0.408012

25 10 0.408819

26 10 0.408012

27 10 0.405595

28 10 0.401578

29 10 0.395975

30 10 0.38881

31 10 0.38011

32 10 0.36991

33 10 0.358251

34 10 0.345177

35 10 0.330741

36 10 0.315

37 10 0.298016

38 10 0.279856

39 10 0.260591

40 10 0.240298

41 10 0.219056

42 10 0.19695

43 10 0.174067

44 10 0.150496

45 10 0.126332

46 10 0.101669

47 10 0.076605

48 10 0.0512386

49 10 0.0256699

50 10 0

0 11 0

1 11 0.0278378

2 11 0.0555657

3 11 0.0830743

4 11 0.110255

5 11 0.137001

6 11 0.163206

7 11 0.188767

8 11 0.213583

9 11 0.237555

10 11 0.260591

11 11 0.282598

12 11 0.30349

13 11 0.323184

14 11 0.341602

15 11 0.358673

16 11 0.374328

17 11 0.388505

18 11 0.401149

19 11 0.412211

20 11 0.421645

21 11 0.429415

22 11 0.435491

23 11 0.439848

24 11 0.442469

25 11 0.443344

26 11 0.442469

27 11 0.439848

28 11 0.435491

29 11 0.429415

30 11 0.421645

31 11 0.412211

32 11 0.401149

33 11 0.388505

34 11 0.374328

35 11 0.358673

36 11 0.341602

37 11 0.323184

38 11 0.30349

39 11 0.282598

40 11 0.260591

41 11 0.237555

42 11 0.213583

43 11 0.188767

44 11 0.163206

45 11 0.137001

46 11 0.110255

47 11 0.0830743

48 11 0.0555657

49 11 0.0278378

50 11 0

0 12 0

1 12 0.0298958

2 12 0.0596735

3 12 0.0892158

4 12 0.118406

5 12 0.147129

6 12 0.175271

7 12 0.202722

8 12 0.229372

9 12 0.255117

10 12 0.279856

11 12 0.30349

12 12 0.325926

13 12 0.347076

14 12 0.366856

15 12 0.385188

16 12 0.402001

17 12 0.417226

18 12 0.430805

19 12 0.442684

20 12 0.452816

21 12 0.461161

22 12 0.467686

23 12 0.472365

24 12 0.47518

25 12 0.476119

26 12 0.47518

27 12 0.472365

28 12 0.467686

29 12 0.461161

30 12 0.452816

31 12 0.442684

32 12 0.430805

33 12 0.417226

34 12 0.402001

35 12 0.385188

36 12 0.366856

37 12 0.347076

38 12 0.325926

39 12 0.30349

40 12 0.279856

41 12 0.255117

42 12 0.229372

43 12 0.202722

44 12 0.175271

45 12 0.147129

46 12 0.118406

47 12 0.0892158

48 12 0.0596735

49 12 0.0298958

50 12 0

0 13 0

1 13 0.0318358

2 13 0.0635459

3 13 0.0950052

4 13 0.12609

5 13 0.156676

6 13 0.186645

7 13 0.215877

8 13 0.244256

9 13 0.271672

10 13 0.298016

11 13 0.323184

12 13 0.347076

13 13 0.369598

14 13 0.390662

15 13 0.410184

16 13 0.428087

17 13 0.444301

18 13 0.458761

19 13 0.471411

20 13 0.4822

21 13 0.491086

22 13 0.498035

23 13 0.503017

24 13 0.506015

25 13 0.507015

26 13 0.506015

27 13 0.503017

28 13 0.498035

29 13 0.491086

30 13 0.4822

31 13 0.471411

32 13 0.458761

33 13 0.444301

34 13 0.428087

35 13 0.410184

36 13 0.390662

37 13 0.369598

38 13 0.347076

39 13 0.323184

40 13 0.298016

41 13 0.271672

42 13 0.244256

43 13 0.215877

44 13 0.186645

45 13 0.156676

46 13 0.12609

47 13 0.0950052

48 13 0.0635459

49 13 0.0318358

50 13 0

0 14 0

1 14 0.0336501

2 14 0.0671674

3 14 0.10042

4 14 0.133276

5 14 0.165605

6 14 0.197282

7 14 0.22818

8 14 0.258177

9 14 0.287155

10 14 0.315

11 14 0.341602

12 14 0.366856

13 14 0.390662

14 14 0.412926

15 14 0.433561

16 14 0.452484

17 14 0.469622

18 14 0.484906

19 14 0.498277

20 14 0.509681

21 14 0.519074

22 14 0.526418

23 14 0.531685

24 14 0.534853

25 14 0.535911

26 14 0.534853

27 14 0.531685

28 14 0.526418

29 14 0.519074

30 14 0.509681

31 14 0.498277

32 14 0.484906

33 14 0.469622

34 14 0.452484

35 14 0.433561

36 14 0.412926

37 14 0.390662

38 14 0.366856

39 14 0.341602

40 14 0.315

41 14 0.287155

42 14 0.258177

43 14 0.22818

44 14 0.197282

45 14 0.165605

46 14 0.133276

47 14 0.10042

48 14 0.0671674

49 14 0.0336501

50 14 0

0 15 0

1 15 0.0353317

2 15 0.0705239

3 15 0.105438

4 15 0.139936

5 15 0.173881

6 15 0.20714

7 15 0.239582

8 15 0.271078

9 15 0.301505

10 15 0.330741

11 15 0.358673

12 15 0.385188

13 15 0.410184

14 15 0.433561

15 15 0.455226

16 15 0.475096

17 15 0.49309

18 15 0.509138

19 15 0.523177

20 15 0.535151

21 15 0.545013

22 15 0.552724

23 15 0.558254

24 15 0.561581

25 15 0.562691

26 15 0.561581

27 15 0.558254

28 15 0.552724

29 15 0.545013

30 15 0.535151

31 15 0.523177

32 15 0.509138

33 15 0.49309

34 15 0.475096

35 15 0.455226

36 15 0.433561

37 15 0.410184

38 15 0.385188

39 15 0.358673

40 15 0.330741

41 15 0.301505

42 15 0.271078

43 15 0.239582

44 15 0.20714

45 15 0.173881

46 15 0.139936

47 15 0.105438

48 15 0.0705239

49 15 0.0353317

50 15 0

0 16 0

1 16 0.0368738

2 16 0.073602

3 16 0.11004

4 16 0.146043

5 16 0.18147

6 16 0.216181

7 16 0.250039

8 16 0.28291

9 16 0.314665

10 16 0.345177

11 16 0.374328

12 16 0.402001

13 16 0.428087

14 16 0.452484

15 16 0.475096

16 16 0.495832

17 16 0.514612

18 16 0.53136

19 16 0.546012

20 16 0.558508

21 16 0.568801

22 16 0.576849

23 16 0.58262

24 16 0.586092

25 16 0.58725

26 16 0.586092

27 16 0.58262

28 16 0.576849

29 16 0.568801

30 16 0.558508

31 16 0.546012

32 16 0.53136

33 16 0.514612

34 16 0.495832

35 16 0.475096

36 16 0.452484

37 16 0.428087

38 16 0.402001

39 16 0.374328

40 16 0.345177

41 16 0.314665

42 16 0.28291

43 16 0.250039

44 16 0.216181

45 16 0.18147

46 16 0.146043

47 16 0.11004

48 16 0.073602

49 16 0.0368738

50 16 0

0 17 0

1 17 0.0382703

2 17 0.0763897

3 17 0.114208

4 17 0.151575

5 17 0.188344

6 17 0.224369

7 17 0.259509

8 17 0.293625

9 17 0.326582

10 17 0.358251

11 17 0.388505

12 17 0.417226

13 17 0.444301

14 17 0.469622

15 17 0.49309

16 17 0.514612

17 17 0.534102

18 17 0.551485

19 17 0.566692

20 17 0.579662

21 17 0.590344

22 17 0.598697

23 17 0.604686

24 17 0.60829

25 17 0.609492

26 17 0.60829

27 17 0.604686

28 17 0.598697

29 17 0.590344

30 17 0.579662

31 17 0.566692

32 17 0.551485

33 17 0.534102

34 17 0.514612

35 17 0.49309

36 17 0.469622

37 17 0.444301

38 17 0.417226

39 17 0.388505

40 17 0.358251

41 17 0.326582

42 17 0.293625

43 17 0.259509

44 17 0.224369

45 17 0.188344

46 17 0.151575

47 17 0.114208

48 17 0.0763897

49 17 0.0382703

50 17 0

0 18 0

1 18 0.0395159

2 18 0.0788758

3 18 0.117925

4 18 0.156508

5 18 0.194473

6 18 0.231671

7 18 0.267955

8 18 0.303182

9 18 0.337211

10 18 0.36991

11 18 0.401149

12 18 0.430805

13 18 0.458761

14 18 0.484906

15 18 0.509138

16 18 0.53136

17 18 0.551485

18 18 0.569434

19 18 0.585135

20 18 0.598528

21 18 0.609558

22 18 0.618182

23 18 0.624367

24 18 0.628087

25 18 0.629329

26 18 0.628087

27 18 0.624367

28 18 0.618182

29 18 0.609558

30 18 0.598528

31 18 0.585135

32 18 0.569434

33 18 0.551485

34 18 0.53136

35 18 0.509138

36 18 0.484906

37 18 0.458761

38 18 0.430805

39 18 0.401149

40 18 0.36991

41 18 0.337211

42 18 0.303182

43 18 0.267955

44 18 0.231671

45 18 0.194473

46 18 0.156508

47 18 0.117925

48 18 0.0788758

49 18 0.0395159

50 18 0

0 19 0

1 19 0.0406055

2 19 0.0810507

3 19 0.121176

4 19 0.160823

5 19 0.199836

6 19 0.23806

7 19 0.275344

8 19 0.311541

9 19 0.34651

10 19 0.38011

11 19 0.412211

12 19 0.442684

13 19 0.471411

14 19 0.498277

15 19 0.523177

16 19 0.546012

17 19 0.566692

18 19 0.585135

19 19 0.60127

20 19 0.615031

21 19 0.626365

22 19 0.635228

23 19 0.641583

24 19 0.645406

25 19 0.646682

26 19 0.645406

27 19 0.641583

28 19 0.635228

29 19 0.626365

30 19 0.615031

31 19 0.60127

32 19 0.585135

33 19 0.566692

34 19 0.546012

35 19 0.523177

36 19 0.498277

37 19 0.471411

38 19 0.442684

39 19 0.412211

40 19 0.38011

41 19 0.34651

42 19 0.311541

43 19 0.275344

44 19 0.23806

45 19 0.199836

46 19 0.160823

47 19 0.121176

48 19 0.0810507

49 19 0.0406055

50 19 0

0 20 0

1 20 0.0415348

2 20 0.0829058

3 20 0.12395

4 20 0.164504

5 20 0.204409

6 20 0.243508

7 20 0.281646

8 20 0.318672

9 20 0.35444

10 20 0.38881

11 20 0.421645

12 20 0.452816

13 20 0.4822

14 20 0.509681

15 20 0.535151

16 20 0.558508

17 20 0.579662

18 20 0.598528

19 20 0.615031

20 20 0.629108

21 20 0.640701

22 20 0.649766

23 20 0.656267

24 20 0.660178

25 20 0.661483

26 20 0.660178

27 20 0.656267

28 20 0.649766

29 20 0.640701

30 20 0.629108

31 20 0.615031

32 20 0.598528

33 20 0.579662

34 20 0.558508

35 20 0.535151

36 20 0.509681

37 20 0.4822

38 20 0.452816

39 20 0.421645

40 20 0.38881

41 20 0.35444

42 20 0.318672

43 20 0.281646

44 20 0.243508

45 20 0.204409

46 20 0.164504

47 20 0.12395

48 20 0.0829058

49 20 0.0415348

50 20 0

0 21 0

1 21 0.0423003

2 21 0.0844336

3 21 0.126234

4 21 0.167536

5 21 0.208176

6 21 0.247996

7 21 0.286836

8 21 0.324544

9 21 0.360972

10 21 0.395975

11 21 0.429415

12 21 0.461161

13 21 0.491086

14 21 0.519074

15 21 0.545013

16 21 0.568801

17 21 0.590344

18 21 0.609558

19 21 0.626365

20 21 0.640701

21 21 0.652508

22 21 0.66174

23 21 0.668361

24 21 0.672344

25 21 0.673673

26 21 0.672344

27 21 0.668361

28 21 0.66174

29 21 0.652508

30 21 0.640701

31 21 0.626365

32 21 0.609558

33 21 0.590344

34 21 0.568801

35 21 0.545013

36 21 0.519074

37 21 0.491086

38 21 0.461161

39 21 0.429415

40 21 0.395975

41 21 0.360972

42 21 0.324544

43 21 0.286836

44 21 0.247996

45 21 0.208176

46 21 0.167536

47 21 0.126234

48 21 0.0844336

49 21 0.0423003

50 21 0

0 22 0

1 22 0.0428988

2 22 0.0856282

3 22 0.12802

4 22 0.169906

5 22 0.211122

6 22 0.251504

7 22 0.290894

8 22 0.329136

9 22 0.366079

10 22 0.401578

11 22 0.435491

12 22 0.467686

13 22 0.498035

14 22 0.526418

15 22 0.552724

16 22 0.576849

17 22 0.598697

18 22 0.618182

19 22 0.635228

20 22 0.649766

21 22 0.66174

22 22 0.671103

23 22 0.677817

24 22 0.681856

25 22 0.683205

26 22 0.681856

27 22 0.677817

28 22 0.671103

29 22 0.66174

30 22 0.649766

31 22 0.635228

32 22 0.618182

33 22 0.598697

34 22 0.576849

35 22 0.552724

36 22 0.526418

37 22 0.498035

38 22 0.467686

39 22 0.435491

40 22 0.401578

41 22 0.366079

42 22 0.329136

43 22 0.290894

44 22 0.251504

45 22 0.211122

46 22 0.169906

47 22 0.12802

48 22 0.0856282

49 22 0.0428988

50 22 0

0 23 0

1 23 0.043328

2 23 0.0864849

3 23 0.129301

4 23 0.171606

5 23 0.213234

6 23 0.254021

7 23 0.293805

8 23 0.332429

9 23 0.369742

10 23 0.405595

11 23 0.439848

12 23 0.472365

13 23 0.503017

14 23 0.531685

15 23 0.558254

16 23 0.58262

17 23 0.604686

18 23 0.624367

19 23 0.641583

20 23 0.656267

21 23 0.668361

22 23 0.677817

23 23 0.684599

24 23 0.688678

25 23 0.69004

26 23 0.688678

27 23 0.684599

28 23 0.677817

29 23 0.668361

30 23 0.656267

31 23 0.641583

32 23 0.624367

33 23 0.604686

34 23 0.58262

35 23 0.558254

36 23 0.531685

37 23 0.503017

38 23 0.472365

39 23 0.439848

40 23 0.405595

41 23 0.369742

42 23 0.332429

43 23 0.293805

44 23 0.254021

45 23 0.213234

46 23 0.171606

47 23 0.129301

48 23 0.0864849

49 23 0.043328

50 23 0

0 24 0

1 24 0.0435861

2 24 0.0870003

3 24 0.130071

4 24 0.172629

5 24 0.214505

6 24 0.255534

7 24 0.295555

8 24 0.33441

9 24 0.371945

10 24 0.408012

11 24 0.442469

12 24 0.47518

13 24 0.506015

14 24 0.534853

15 24 0.561581

16 24 0.586092

17 24 0.60829

18 24 0.628087

19 24 0.645406

20 24 0.660178

21 24 0.672344

22 24 0.681856

23 24 0.688678

24 24 0.692782

25 24 0.694152

26 24 0.692782

27 24 0.688678

28 24 0.681856

29 24 0.672344

30 24 0.660178

31 24 0.645406

32 24 0.628087

33 24 0.60829

34 24 0.586092

35 24 0.561581

36 24 0.534853

37 24 0.506015

38 24 0.47518

39 24 0.442469

40 24 0.408012

41 24 0.371945

42 24 0.33441

43 24 0.295555

44 24 0.255534

45 24 0.214505

46 24 0.172629

47 24 0.130071

48 24 0.0870003

49 24 0.0435861

50 24 0

0 25 0

1 25 0.0436723

2 25 0.0871723

3 25 0.130328

4 25 0.17297

5 25 0.214929

6 25 0.25604

7 25 0.29614

8 25 0.335071

9 25 0.37268

10 25 0.408819

11 25 0.443344

12 25 0.476119

13 25 0.507015

14 25 0.535911

15 25 0.562691

16 25 0.58725

17 25 0.609492

18 25 0.629329

19 25 0.646682

20 25 0.661483

21 25 0.673673

22 25 0.683205

23 25 0.69004

24 25 0.694152

25 25 0.695524

26 25 0.694152

27 25 0.69004

28 25 0.683205

29 25 0.673673

30 25 0.661483

31 25 0.646682

32 25 0.629329

33 25 0.609492

34 25 0.58725

35 25 0.562691

36 25 0.535911

37 25 0.507015

38 25 0.476119

39 25 0.443344

40 25 0.408819

41 25 0.37268

42 25 0.335071

43 25 0.29614

44 25 0.25604

45 25 0.214929

46 25 0.17297

47 25 0.130328

48 25 0.0871723

49 25 0.0436723

50 25 0

0 26 0

1 26 0.0435861

2 26 0.0870003

3 26 0.130071

4 26 0.172629

5 26 0.214505

6 26 0.255534

7 26 0.295555

8 26 0.33441

9 26 0.371945

10 26 0.408012

11 26 0.442469

12 26 0.47518

13 26 0.506015

14 26 0.534853

15 26 0.561581

16 26 0.586092

17 26 0.60829

18 26 0.628087

19 26 0.645406

20 26 0.660178

21 26 0.672344

22 26 0.681856

23 26 0.688678

24 26 0.692782

25 26 0.694152

26 26 0.692782

27 26 0.688678

28 26 0.681856

29 26 0.672344

30 26 0.660178

31 26 0.645406

32 26 0.628087

33 26 0.60829

34 26 0.586092

35 26 0.561581

36 26 0.534853

37 26 0.506015

38 26 0.47518

39 26 0.442469

40 26 0.408012

41 26 0.371945

42 26 0.33441

43 26 0.295555

44 26 0.255534

45 26 0.214505

46 26 0.172629

47 26 0.130071

48 26 0.0870003

49 26 0.0435861

50 26 0

0 27 0

1 27 0.043328

2 27 0.0864849

3 27 0.129301

4 27 0.171606

5 27 0.213234

6 27 0.254021

7 27 0.293805

8 27 0.332429

9 27 0.369742

10 27 0.405595

11 27 0.439848

12 27 0.472365

13 27 0.503017

14 27 0.531685

15 27 0.558254

16 27 0.58262

17 27 0.604686

18 27 0.624367

19 27 0.641583

20 27 0.656267

21 27 0.668361

22 27 0.677817

23 27 0.684599

24 27 0.688678

25 27 0.69004

26 27 0.688678

27 27 0.684599

28 27 0.677817

29 27 0.668361

30 27 0.656267

31 27 0.641583

32 27 0.624367

33 27 0.604686

34 27 0.58262

35 27 0.558254

36 27 0.531685

37 27 0.503017

38 27 0.472365

39 27 0.439848

40 27 0.405595

41 27 0.369742

42 27 0.332429

43 27 0.293805

44 27 0.254021

45 27 0.213234

46 27 0.171606

47 27 0.129301

48 27 0.0864849

49 27 0.043328

50 27 0

0 28 0

1 28 0.0428988

2 28 0.0856282

3 28 0.12802

4 28 0.169906

5 28 0.211122

6 28 0.251504

7 28 0.290894

8 28 0.329136

9 28 0.366079

10 28 0.401578

11 28 0.435491

12 28 0.467686

13 28 0.498035

14 28 0.526418

15 28 0.552724

16 28 0.576849

17 28 0.598697

18 28 0.618182

19 28 0.635228

20 28 0.649766

21 28 0.66174

22 28 0.671103

23 28 0.677817

24 28 0.681856

25 28 0.683205

26 28 0.681856

27 28 0.677817

28 28 0.671103

29 28 0.66174

30 28 0.649766

31 28 0.635228

32 28 0.618182

33 28 0.598697

34 28 0.576849

35 28 0.552724

36 28 0.526418

37 28 0.498035

38 28 0.467686

39 28 0.435491

40 28 0.401578

41 28 0.366079

42 28 0.329136

43 28 0.290894

44 28 0.251504

45 28 0.211122

46 28 0.169906

47 28 0.12802

48 28 0.0856282

49 28 0.0428988

50 28 0

0 29 0

1 29 0.0423003

2 29 0.0844336

3 29 0.126234

4 29 0.167536

5 29 0.208176

6 29 0.247996

7 29 0.286836

8 29 0.324544

9 29 0.360972

10 29 0.395975

11 29 0.429415

12 29 0.461161

13 29 0.491086

14 29 0.519074

15 29 0.545013

16 29 0.568801

17 29 0.590344

18 29 0.609558

19 29 0.626365

20 29 0.640701

21 29 0.652508

22 29 0.66174

23 29 0.668361

24 29 0.672344

25 29 0.673673

26 29 0.672344

27 29 0.668361

28 29 0.66174

29 29 0.652508

30 29 0.640701

31 29 0.626365

32 29 0.609558

33 29 0.590344

34 29 0.568801

35 29 0.545013

36 29 0.519074

37 29 0.491086

38 29 0.461161

39 29 0.429415

40 29 0.395975

41 29 0.360972

42 29 0.324544

43 29 0.286836

44 29 0.247996

45 29 0.208176

46 29 0.167536

47 29 0.126234

48 29 0.0844336

49 29 0.0423003

50 29 0

0 30 0

1 30 0.0415348

2 30 0.0829058

3 30 0.12395

4 30 0.164504

5 30 0.204409

6 30 0.243508

7 30 0.281646

8 30 0.318672

9 30 0.35444

10 30 0.38881

11 30 0.421645

12 30 0.452816

13 30 0.4822

14 30 0.509681

15 30 0.535151

16 30 0.558508

17 30 0.579662

18 30 0.598528

19 30 0.615031

20 30 0.629108

21 30 0.640701

22 30 0.649766

23 30 0.656267

24 30 0.660178

25 30 0.661483

26 30 0.660178

27 30 0.656267

28 30 0.649766

29 30 0.640701

30 30 0.629108

31 30 0.615031

32 30 0.598528

33 30 0.579662

34 30 0.558508

35 30 0.535151

36 30 0.509681

37 30 0.4822

38 30 0.452816

39 30 0.421645

40 30 0.38881

41 30 0.35444

42 30 0.318672

43 30 0.281646

44 30 0.243508

45 30 0.204409

46 30 0.164504

47 30 0.12395

48 30 0.0829058

49 30 0.0415348

50 30 0

0 31 0

1 31 0.0406055

2 31 0.0810507

3 31 0.121176

4 31 0.160823

5 31 0.199836

6 31 0.23806

7 31 0.275344

8 31 0.311541

9 31 0.34651

10 31 0.38011

11 31 0.412211

12 31 0.442684

13 31 0.471411

14 31 0.498277

15 31 0.523177

16 31 0.546012

17 31 0.566692

18 31 0.585135

19 31 0.60127

20 31 0.615031

21 31 0.626365

22 31 0.635228

23 31 0.641583

24 31 0.645406

25 31 0.646682

26 31 0.645406

27 31 0.641583

28 31 0.635228

29 31 0.626365

30 31 0.615031

31 31 0.60127

32 31 0.585135

33 31 0.566692

34 31 0.546012

35 31 0.523177

36 31 0.498277

37 31 0.471411

38 31 0.442684

39 31 0.412211

40 31 0.38011

41 31 0.34651

42 31 0.311541

43 31 0.275344

44 31 0.23806

45 31 0.199836

46 31 0.160823

47 31 0.121176

48 31 0.0810507

49 31 0.0406055

50 31 0

0 32 0

1 32 0.0395159

2 32 0.0788758

3 32 0.117925

4 32 0.156508

5 32 0.194473

6 32 0.231671

7 32 0.267955

8 32 0.303182

9 32 0.337211

10 32 0.36991

11 32 0.401149

12 32 0.430805

13 32 0.458761

14 32 0.484906

15 32 0.509138

16 32 0.53136

17 32 0.551485

18 32 0.569434

19 32 0.585135

20 32 0.598528

21 32 0.609558

22 32 0.618182

23 32 0.624367

24 32 0.628087

25 32 0.629329

26 32 0.628087

27 32 0.624367

28 32 0.618182

29 32 0.609558

30 32 0.598528

31 32 0.585135

32 32 0.569434

33 32 0.551485

34 32 0.53136

35 32 0.509138

36 32 0.484906

37 32 0.458761

38 32 0.430805

39 32 0.401149

40 32 0.36991

41 32 0.337211

42 32 0.303182

43 32 0.267955

44 32 0.231671

45 32 0.194473

46 32 0.156508

47 32 0.117925

48 32 0.0788758

49 32 0.0395159

50 32 0

0 33 0

1 33 0.0382703

2 33 0.0763897

3 33 0.114208

4 33 0.151575

5 33 0.188344

6 33 0.224369

7 33 0.259509

8 33 0.293625

9 33 0.326582

10 33 0.358251

11 33 0.388505

12 33 0.417226

13 33 0.444301

14 33 0.469622

15 33 0.49309

16 33 0.514612

17 33 0.534102

18 33 0.551485

19 33 0.566692

20 33 0.579662

21 33 0.590344

22 33 0.598697

23 33 0.604686

24 33 0.60829

25 33 0.609492

26 33 0.60829

27 33 0.604686

28 33 0.598697

29 33 0.590344

30 33 0.579662

31 33 0.566692

32 33 0.551485

33 33 0.534102

34 33 0.514612

35 33 0.49309

36 33 0.469622

37 33 0.444301

38 33 0.417226

39 33 0.388505

40 33 0.358251

41 33 0.326582

42 33 0.293625

43 33 0.259509

44 33 0.224369

45 33 0.188344

46 33 0.151575

47 33 0.114208

48 33 0.0763897

49 33 0.0382703

50 33 0

0 34 0

1 34 0.0368738

2 34 0.073602

3 34 0.11004

4 34 0.146043

5 34 0.18147

6 34 0.216181

7 34 0.250039

8 34 0.28291

9 34 0.314665

10 34 0.345177

11 34 0.374328

12 34 0.402001

13 34 0.428087

14 34 0.452484

15 34 0.475096

16 34 0.495832

17 34 0.514612

18 34 0.53136

19 34 0.546012

20 34 0.558508

21 34 0.568801

22 34 0.576849

23 34 0.58262

24 34 0.586092

25 34 0.58725

26 34 0.586092

27 34 0.58262

28 34 0.576849

29 34 0.568801

30 34 0.558508

31 34 0.546012

32 34 0.53136

33 34 0.514612

34 34 0.495832

35 34 0.475096

36 34 0.452484

37 34 0.428087

38 34 0.402001

39 34 0.374328

40 34 0.345177

41 34 0.314665

42 34 0.28291

43 34 0.250039

44 34 0.216181

45 34 0.18147

46 34 0.146043

47 34 0.11004

48 34 0.073602

49 34 0.0368738

50 34 0

0 35 0

1 35 0.0353317

2 35 0.0705239

3 35 0.105438

4 35 0.139936

5 35 0.173881

6 35 0.20714

7 35 0.239582

8 35 0.271078

9 35 0.301505

10 35 0.330741

11 35 0.358673

12 35 0.385188

13 35 0.410184

14 35 0.433561

15 35 0.455226

16 35 0.475096

17 35 0.49309

18 35 0.509138

19 35 0.523177

20 35 0.535151

21 35 0.545013

22 35 0.552724

23 35 0.558254

24 35 0.561581

25 35 0.562691

26 35 0.561581

27 35 0.558254

28 35 0.552724

29 35 0.545013

30 35 0.535151

31 35 0.523177

32 35 0.509138

33 35 0.49309

34 35 0.475096

35 35 0.455226

36 35 0.433561

37 35 0.410184

38 35 0.385188

39 35 0.358673

40 35 0.330741

41 35 0.301505

42 35 0.271078

43 35 0.239582

44 35 0.20714

45 35 0.173881

46 35 0.139936

47 35 0.105438

48 35 0.0705239

49 35 0.0353317

50 35 0

0 36 0

1 36 0.0336501

2 36 0.0671674

3 36 0.10042

4 36 0.133276

5 36 0.165605

6 36 0.197282

7 36 0.22818

8 36 0.258177

9 36 0.287155

10 36 0.315

11 36 0.341602

12 36 0.366856

13 36 0.390662

14 36 0.412926

15 36 0.433561

16 36 0.452484

17 36 0.469622

18 36 0.484906

19 36 0.498277

20 36 0.509681

21 36 0.519074

22 36 0.526418

23 36 0.531685

24 36 0.534853

25 36 0.535911

26 36 0.534853

27 36 0.531685

28 36 0.526418

29 36 0.519074

30 36 0.509681

31 36 0.498277

32 36 0.484906

33 36 0.469622

34 36 0.452484

35 36 0.433561

36 36 0.412926

37 36 0.390662

38 36 0.366856

39 36 0.341602

40 36 0.315

41 36 0.287155

42 36 0.258177

43 36 0.22818

44 36 0.197282

45 36 0.165605

46 36 0.133276

47 36 0.10042

48 36 0.0671674

49 36 0.0336501

50 36 0

0 37 0

1 37 0.0318358

2 37 0.0635459

3 37 0.0950052

4 37 0.12609

5 37 0.156676

6 37 0.186645

7 37 0.215877

8 37 0.244256

9 37 0.271672

10 37 0.298016

11 37 0.323184

12 37 0.347076

13 37 0.369598

14 37 0.390662

15 37 0.410184

16 37 0.428087

17 37 0.444301

18 37 0.458761

19 37 0.471411

20 37 0.4822

21 37 0.491086

22 37 0.498035

23 37 0.503017

24 37 0.506015

25 37 0.507015

26 37 0.506015

27 37 0.503017

28 37 0.498035

29 37 0.491086

30 37 0.4822

31 37 0.471411

32 37 0.458761

33 37 0.444301

34 37 0.428087

35 37 0.410184

36 37 0.390662

37 37 0.369598

38 37 0.347076

39 37 0.323184

40 37 0.298016

41 37 0.271672

42 37 0.244256

43 37 0.215877

44 37 0.186645

45 37 0.156676

46 37 0.12609

47 37 0.0950052

48 37 0.0635459

49 37 0.0318358

50 37 0

0 38 0

1 38 0.0298958

2 38 0.0596735

3 38 0.0892158

4 38 0.118406

5 38 0.147129

6 38 0.175271

7 38 0.202722

8 38 0.229372

9 38 0.255117

10 38 0.279856

11 38 0.30349

12 38 0.325926

13 38 0.347076

14 38 0.366856

15 38 0.385188

16 38 0.402001

17 38 0.417226

18 38 0.430805

19 38 0.442684

20 38 0.452816

21 38 0.461161

22 38 0.467686

23 38 0.472365

24 38 0.47518

25 38 0.476119

26 38 0.47518

27 38 0.472365

28 38 0.467686

29 38 0.461161

30 38 0.452816

31 38 0.442684

32 38 0.430805

33 38 0.417226

34 38 0.402001

35 38 0.385188

36 38 0.366856

37 38 0.347076

38 38 0.325926

39 38 0.30349

40 38 0.279856

41 38 0.255117

42 38 0.229372

43 38 0.202722

44 38 0.175271

45 38 0.147129

46 38 0.118406

47 38 0.0892158

48 38 0.0596735

49 38 0.0298958

50 38 0

0 39 0

1 39 0.0278378

2 39 0.0555657

3 39 0.0830743

4 39 0.110255

5 39 0.137001

6 39 0.163206

7 39 0.188767

8 39 0.213583

9 39 0.237555

10 39 0.260591

11 39 0.282598

12 39 0.30349

13 39 0.323184

14 39 0.341602

15 39 0.358673

16 39 0.374328

17 39 0.388505

18 39 0.401149

19 39 0.412211

20 39 0.421645

21 39 0.429415

22 39 0.435491

23 39 0.439848

24 39 0.442469

25 39 0.443344

26 39 0.442469

27 39 0.439848

28 39 0.435491

29 39 0.429415

30 39 0.421645

31 39 0.412211

32 39 0.401149

33 39 0.388505

34 39 0.374328

35 39 0.358673

36 39 0.341602

37 39 0.323184

38 39 0.30349

39 39 0.282598

40 39 0.260591

41 39 0.237555

42 39 0.213583

43 39 0.188767

44 39 0.163206

45 39 0.137001

46 39 0.110255

47 39 0.0830743

48 39 0.0555657

49 39 0.0278378

50 39 0

0 40 0

1 40 0.0256699

2 40 0.0512386

3 40 0.076605

4 40 0.101669

5 40 0.126332

6 40 0.150496

7 40 0.174067

8 40 0.19695

9 40 0.219056

10 40 0.240298

11 40 0.260591

12 40 0.279856

13 40 0.298016

14 40 0.315

15 40 0.330741

16 40 0.345177

17 40 0.358251

18 40 0.36991

19 40 0.38011

20 40 0.38881

21 40 0.395975

22 40 0.401578

23 40 0.405595

24 40 0.408012

25 40 0.408819

26 40 0.408012

27 40 0.405595

28 40 0.401578

29 40 0.395975

30 40 0.38881

31 40 0.38011

32 40 0.36991

33 40 0.358251

34 40 0.345177

35 40 0.330741

36 40 0.315

37 40 0.298016

38 40 0.279856

39 40 0.260591

40 40 0.240298

41 40 0.219056

42 40 0.19695

43 40 0.174067

44 40 0.150496

45 40 0.126332

46 40 0.101669

47 40 0.076605

48 40 0.0512386

49 40 0.0256699

50 40 0

0 41 0

1 41 0.0234008

2 41 0.0467093

3 41 0.0698334

4 41 0.0926819

5 41 0.115165

6 41 0.137193

7 41 0.15868

8 41 0.17954

9 41 0.199692

10 41 0.219056

11 41 0.237555

12 41 0.255117

13 41 0.271672

14 41 0.287155

15 41 0.301505

16 41 0.314665

17 41 0.326582

18 41 0.337211

19 41 0.34651

20 41 0.35444

21 41 0.360972

22 41 0.366079

23 41 0.369742

24 41 0.371945

25 41 0.37268

26 41 0.371945

27 41 0.369742

28 41 0.366079

29 41 0.360972

30 41 0.35444

31 41 0.34651

32 41 0.337211

33 41 0.326582

34 41 0.314665

35 41 0.301505

36 41 0.287155

37 41 0.271672

38 41 0.255117

39 41 0.237555

40 41 0.219056

41 41 0.199692

42 41 0.17954

43 41 0.15868

44 41 0.137193

45 41 0.115165

46 41 0.0926819

47 41 0.0698334

48 41 0.0467093

49 41 0.0234008

50 41 0

0 42 0

1 42 0.0210393

2 42 0.0419956

3 42 0.0627861

4 42 0.0833289

5 42 0.103543

6 42 0.123348

7 42 0.142666

8 42 0.161422

9 42 0.17954

10 42 0.19695

11 42 0.213583

12 42 0.229372

13 42 0.244256

14 42 0.258177

15 42 0.271078

16 42 0.28291

17 42 0.293625

18 42 0.303182

19 42 0.311541

20 42 0.318672

21 42 0.324544

22 42 0.329136

23 42 0.332429

24 42 0.33441

25 42 0.335071

26 42 0.33441

27 42 0.332429

28 42 0.329136

29 42 0.324544

30 42 0.318672

31 42 0.311541

32 42 0.303182

33 42 0.293625

34 42 0.28291

35 42 0.271078

36 42 0.258177

37 42 0.244256

38 42 0.229372

39 42 0.213583

40 42 0.19695

41 42 0.17954

42 42 0.161422

43 42 0.142666

44 42 0.123348

45 42 0.103543

46 42 0.0833289

47 42 0.0627861

48 42 0.0419956

49 42 0.0210393

50 42 0

0 43 0

1 43 0.0185948

2 43 0.0371162

3 43 0.0554911

4 43 0.073647

5 43 0.0915122

6 43 0.109016

7 43 0.12609

8 43 0.142666

9 43 0.15868

10 43 0.174067

11 43 0.188767

12 43 0.202722

13 43 0.215877

14 43 0.22818

15 43 0.239582

16 43 0.250039

17 43 0.259509

18 43 0.267955

19 43 0.275344

20 43 0.281646

21 43 0.286836

22 43 0.290894

23 43 0.293805

24 43 0.295555

25 43 0.29614

26 43 0.295555

27 43 0.293805

28 43 0.290894

29 43 0.286836

30 43 0.281646

31 43 0.275344

32 43 0.267955

33 43 0.259509

34 43 0.250039

35 43 0.239582

36 43 0.22818

37 43 0.215877

38 43 0.202722

39 43 0.188767

40 43 0.174067

41 43 0.15868

42 43 0.142666

43 43 0.12609

44 43 0.109016

45 43 0.0915122

46 43 0.073647

47 43 0.0554911

48 43 0.0371162

49 43 0.0185948

50 43 0

0 44 0

1 44 0.0160769

2 44 0.0320903

3 44 0.047977

4 44 0.0636744

5 44 0.0791206

6 44 0.0942544

7 44 0.109016

8 44 0.123348

9 44 0.137193

10 44 0.150496

11 44 0.163206

12 44 0.175271

13 44 0.186645

14 44 0.197282

15 44 0.20714

16 44 0.216181

17 44 0.224369

18 44 0.231671

19 44 0.23806

20 44 0.243508

21 44 0.247996

22 44 0.251504

23 44 0.254021

24 44 0.255534

25 44 0.25604

26 44 0.255534

27 44 0.254021

28 44 0.251504

29 44 0.247996

30 44 0.243508

31 44 0.23806

32 44 0.231671

33 44 0.224369

34 44 0.216181

35 44 0.20714

36 44 0.197282

37 44 0.186645

38 44 0.175271

39 44 0.163206

40 44 0.150496

41 44 0.137193

42 44 0.123348

43 44 0.109016

44 44 0.0942544

45 44 0.0791206

46 44 0.0636744

47 44 0.047977

48 44 0.0320903

49 44 0.0160769

50 44 0

0 45 0

1 45 0.0134955

2 45 0.0269377

3 45 0.0402736

4 45 0.0534506

5 45 0.0664166

6 45 0.0791206

7 45 0.0915122

8 45 0.103543

9 45 0.115165

10 45 0.126332

11 45 0.137001

12 45 0.147129

13 45 0.156676

14 45 0.165605

15 45 0.173881

16 45 0.18147

17 45 0.188344

18 45 0.194473

19 45 0.199836

20 45 0.204409

21 45 0.208176

22 45 0.211122

23 45 0.213234

24 45 0.214505

25 45 0.214929

26 45 0.214505

27 45 0.213234

28 45 0.211122

29 45 0.208176

30 45 0.204409

31 45 0.199836

32 45 0.194473

33 45 0.188344

34 45 0.18147

35 45 0.173881

36 45 0.165605

37 45 0.156676

38 45 0.147129

39 45 0.137001

40 45 0.126332

41 45 0.115165

42 45 0.103543

43 45 0.0915122

44 45 0.0791206

45 45 0.0664166

46 45 0.0534506

47 45 0.0402736

48 45 0.0269377

49 45 0.0134955

50 45 0

0 46 0

1 46 0.0108609

2 46 0.0216789

3 46 0.0324113

4 46 0.0430158

5 46 0.0534506

6 46 0.0636744

7 46 0.073647

8 46 0.0833289

9 46 0.0926819

10 46 0.101669

11 46 0.110255

12 46 0.118406

13 46 0.12609

14 46 0.133276

15 46 0.139936

16 46 0.146043

17 46 0.151575

18 46 0.156508

19 46 0.160823

20 46 0.164504

21 46 0.167536

22 46 0.169906

23 46 0.171606

24 46 0.172629

25 46 0.17297

26 46 0.172629

27 46 0.171606

28 46 0.169906

29 46 0.167536

30 46 0.164504

31 46 0.160823

32 46 0.156508

33 46 0.151575

34 46 0.146043

35 46 0.139936

36 46 0.133276

37 46 0.12609

38 46 0.118406

39 46 0.110255

40 46 0.101669

41 46 0.0926819

42 46 0.0833289

43 46 0.073647

44 46 0.0636744

45 46 0.0534506

46 46 0.0430158

47 46 0.0324113

48 46 0.0216789

49 46 0.0108609

50 46 0

0 47 0

1 47 0.00818338

2 47 0.0163345

3 47 0.0244211

4 47 0.0324113

5 47 0.0402736

6 47 0.047977

7 47 0.0554911

8 47 0.0627861

9 47 0.0698334

10 47 0.076605

11 47 0.0830743

12 47 0.0892158

13 47 0.0950052

14 47 0.10042

15 47 0.105438

16 47 0.11004

17 47 0.114208

18 47 0.117925

19 47 0.121176

20 47 0.12395

21 47 0.126234

22 47 0.12802

23 47 0.129301

24 47 0.130071

25 47 0.130328

26 47 0.130071

27 47 0.129301

28 47 0.12802

29 47 0.126234

30 47 0.12395

31 47 0.121176

32 47 0.117925

33 47 0.114208

34 47 0.11004

35 47 0.105438

36 47 0.10042

37 47 0.0950052

38 47 0.0892158

39 47 0.0830743

40 47 0.076605

41 47 0.0698334

42 47 0.0627861

43 47 0.0554911

44 47 0.047977

45 47 0.0402736

46 47 0.0324113

47 47 0.0244211

48 47 0.0163345

49 47 0.00818338

50 47 0

0 48 0

1 48 0.00547359

2 48 0.0109256

3 48 0.0163345

4 48 0.0216789

5 48 0.0269377

6 48 0.0320903

7 48 0.0371162

8 48 0.0419956

9 48 0.0467093

10 48 0.0512386

11 48 0.0555657

12 48 0.0596735

13 48 0.0635459

14 48 0.0671674

15 48 0.0705239

16 48 0.073602

17 48 0.0763897

18 48 0.0788758

19 48 0.0810507

20 48 0.0829058

21 48 0.0844336

22 48 0.0856282

23 48 0.0864849

24 48 0.0870003

25 48 0.0871723

26 48 0.0870003

27 48 0.0864849

28 48 0.0856282

29 48 0.0844336

30 48 0.0829058

31 48 0.0810507

32 48 0.0788758

33 48 0.0763897

34 48 0.073602

35 48 0.0705239

36 48 0.0671674

37 48 0.0635459

38 48 0.0596735

39 48 0.0555657

40 48 0.0512386

41 48 0.0467093

42 48 0.0419956

43 48 0.0371162

44 48 0.0320903

45 48 0.0269377

46 48 0.0216789

47 48 0.0163345

48 48 0.0109256

49 48 0.00547359

50 48 0

0 49 0

1 49 0.00274221

2 49 0.00547359

3 49 0.00818338

4 49 0.0108609

5 49 0.0134955

6 49 0.0160769

7 49 0.0185948

8 49 0.0210393

9 49 0.0234008

10 49 0.0256699

11 49 0.0278378

12 49 0.0298958

13 49 0.0318358

14 49 0.0336501

15 49 0.0353317

16 49 0.0368738

17 49 0.0382703

18 49 0.0395159

19 49 0.0406055

20 49 0.0415348

21 49 0.0423003

22 49 0.0428988

23 49 0.043328

24 49 0.0435861

25 49 0.0436723

26 49 0.0435861

27 49 0.043328

28 49 0.0428988

29 49 0.0423003

30 49 0.0415348

31 49 0.0406055

32 49 0.0395159

33 49 0.0382703

34 49 0.0368738

35 49 0.0353317

36 49 0.0336501

37 49 0.0318358

38 49 0.0298958

39 49 0.0278378

40 49 0.0256699

41 49 0.0234008

42 49 0.0210393

43 49 0.0185948

44 49 0.0160769

45 49 0.0134955

46 49 0.0108609

47 49 0.00818338

48 49 0.00547359

49 49 0.00274221

50 49 0

