0 1 0

1 1 0.000937331

2 1 0.00187096

3 1 0.00279721

4 1 0.00371242

5 1 0.00461298

6 1 0.00549533

7 1 0.00635599

8 1 0.00719158

9 1 0.00799877

10 1 0.0087744

11 1 0.00951541

12 1 0.0102189

13 1 0.010882

14 1 0.0115022

15 1 0.0120769

16 1 0.0126041

17 1 0.0130814

18 1 0.0135072

19 1 0.0138796

20 1 0.0141973

21 1 0.0144589

22 1 0.0146635

23 1 0.0148102

24 1 0.0148985

25 1 0.0149279

26 1 0.0148985

27 1 0.0148102

28 1 0.0146635

29 1 0.0144589

30 1 0.0141973

31 1 0.0138796

32 1 0.0135072

33 1 0.0130814

34 1 0.0126041

35 1 0.0120769

36 1 0.0115022

37 1 0.010882

38 1 0.0102189

39 1 0.00951541

40 1 0.0087744

41 1 0.00799877

42 1 0.00719158

43 1 0.00635599

44 1 0.00549533

45 1 0.00461298

46 1 0.00371242

47 1 0.00279721

48 1 0.00187096

49 1 0.000937331

50 1 0

0 2 0

1 2 0.00187096

2 2 0.00373454

3 2 0.00558338

4 2 0.00741019

5 2 0.00920775

6 2 0.010969

7 2 0.0126869

8 2 0.0143548

9 2 0.015966

10 2 0.0175142

11 2 0.0189933

12 2 0.0203974

13 2 0.021721

14 2 0.0229589

15 2 0.0241062

16 2 0.0251584

17 2 0.0261112

18 2 0.026961

19 2 0.0277045

20 2 0.0283385

21 2 0.0288608

22 2 0.0292691

23 2 0.0295619

24 2 0.0297381

25 2 0.0297969

26 2 0.0297381

27 2 0.0295619

28 2 0.0292691

29 2 0.0288608

30 2 0.0283385

31 2 0.0277045

32 2 0.026961

33 2 0.0261112

34 2 0.0251584

35 2 0.0241062

36 2 0.0229589

37 2 0.021721

38 2 0.0203974

39 2 0.0189933

40 2 0.0175142

41 2 0.015966

42 2 0.0143548

43 2 0.0126869

44 2 0.010969

45 2 0.00920775

46 2 0.00741019

47 2 0.00558338

48 2 0.00373454

49 2 0.00187096

50 2 0

0 3 0

1 3 0.00279721

2 3 0.00558338

3 3 0.00834752

4 3 0.0110787

5 3 0.0137662

6 3 0.0163993

7 3 0.0189677

8 3 0.0214613

9 3 0.0238702

10 3 0.0261848

11 3 0.0283962

12 3 0.0304954

13 3 0.0324743

14 3 0.0343251

15 3 0.0360403

16 3 0.0376134

17 3 0.039038

18 3 0.0403085

19 3 0.04142

20 3 0.042368

21 3 0.0431487

22 3 0.0437592

23 3 0.044197

24 3 0.0444604

25 3 0.0445483

26 3 0.0444604

27 3 0.044197

28 3 0.0437592

29 3 0.0431487

30 3 0.042368

31 3 0.04142

32 3 0.0403085

33 3 0.039038

34 3 0.0376134

35 3 0.0360403

36 3 0.0343251

37 3 0.0324743

38 3 0.0304954

39 3 0.0283962

40 3 0.0261848

41 3 0.0238702

42 3 0.0214613

43 3 0.0189677

44 3 0.0163993

45 3 0.0137662

46 3 0.0110787

47 3 0.00834752

48 3 0.00558338

49 3 0.00279721

50 3 0

0 4 0

1 4 0.00371242

2 4 0.00741019

3 4 0.0110787

4 4 0.0147035

5 4 0.0182703

6 4 0.021765

7 4 0.0251737

8 4 0.0284832

9 4 0.0316802

10 4 0.0347522

11 4 0.037687

12 4 0.0404731

13 4 0.0430995

14 4 0.0455557

15 4 0.0478322

16 4 0.04992

17 4 0.0518107

18 4 0.0534969

19 4 0.054972

20 4 0.0562302

21 4 0.0572664

22 4 0.0580766

23 4 0.0586577

24 4 0.0590072

25 4 0.0591239

26 4 0.0590072

27 4 0.0586577

28 4 0.0580766

29 4 0.0572664

30 4 0.0562302

31 4 0.054972

32 4 0.0534969

33 4 0.0518107

34 4 0.04992

35 4 0.0478322

36 4 0.0455557

37 4 0.0430995

38 4 0.0404731

39 4 0.037687

40 4 0.0347522

41 4 0.0316802

42 4 0.0284832

43 4 0.0251737

44 4 0.021765

45 4 0.0182703

46 4 0.0147035

47 4 0.0110787

48 4 0.00741019

49 4 0.00371242

50 4 0

0 5 0

1 5 0.00461298

2 5 0.00920775

3 5 0.0137662

4 5 0.0182703

5 5 0.0227023

6 5 0.0270447

7 5 0.0312804

8 5 0.0353926

9 5 0.0393651

10 5 0.0431823

11 5 0.0468291

12 5 0.050291

13 5 0.0535545

14 5 0.0566066

15 5 0.0594354

16 5 0.0620295

17 5 0.0643789

18 5 0.0664742

19 5 0.0683071

20 5 0.0698705

21 5 0.0711581

22 5 0.0721649

23 5 0.0728868

24 5 0.0733212

25 5 0.0734661

26 5 0.0733212

27 5 0.0728868

28 5 0.0721649

29 5 0.0711581

30 5 0.0698705

31 5 0.0683071

32 5 0.0664742

33 5 0.0643789

34 5 0.0620295

35 5 0.0594354

36 5 0.0566066

37 5 0.0535545

38 5 0.050291

39 5 0.0468291

40 5 0.0431823

41 5 0.0393651

42 5 0.0353926

43 5 0.0312804

44 5 0.0270447

45 5 0.0227023

46 5 0.0182703

47 5 0.0137662

48 5 0.00920775

49 5 0.00461298

50 5 0

0 6 0

1 6 0.00549533

2 6 0.010969

3 6 0.0163993

4 6 0.021765

5 6 0.0270447

6 6 0.0322177

7 6 0.0372636

8 6 0.0421623

9 6 0.0468947

10 6 0.0514421

11 6 0.0557864

12 6 0.0599105

13 6 0.0637982

14 6 0.0674341

15 6 0.0708039

16 6 0.0738943

17 6 0.076693

18 6 0.0791891

19 6 0.0813726

20 6 0.083235

21 6 0.0847689

22 6 0.0859683

23 6 0.0868284

24 6 0.0873458

25 6 0.0875185

26 6 0.0873458

27 6 0.0868284

28 6 0.0859683

29 6 0.0847689

30 6 0.083235

31 6 0.0813726

32 6 0.0791891

33 6 0.076693

34 6 0.0738943

35 6 0.0708039

36 6 0.0674341

37 6 0.0637982

38 6 0.0599105

39 6 0.0557864

40 6 0.0514421

41 6 0.0468947

42 6 0.0421623

43 6 0.0372636

44 6 0.0322177

45 6 0.0270447

46 6 0.021765

47 6 0.0163993

48 6 0.010969

49 6 0.00549533

50 6 0

0 7 0

1 7 0.00635599

2 7 0.0126869

3 7 0.0189677

4 7 0.0251737

5 7 0.0312804

6 7 0.0372636

7 7 0.0430997

8 7 0.0487657

9 7 0.0542393

10 7 0.0594988

11 7 0.0645235

12 7 0.0692935

13 7 0.0737901

14 7 0.0779955

15 7 0.0818931

16 7 0.0854674

17 7 0.0887045

18 7 0.0915915

19 7 0.094117

20 7 0.0962711

21 7 0.0980452

22 7 0.0994324

23 7 0.100427

24 7 0.101026

25 7 0.101225

26 7 0.101026

27 7 0.100427

28 7 0.0994324

29 7 0.0980452

30 7 0.0962711

31 7 0.094117

32 7 0.0915915

33 7 0.0887045

34 7 0.0854674

35 7 0.0818931

36 7 0.0779955

37 7 0.0737901

38 7 0.0692935

39 7 0.0645235

40 7 0.0594988

41 7 0.0542393

42 7 0.0487657

43 7 0.0430997

44 7 0.0372636

45 7 0.0312804

46 7 0.0251737

47 7 0.0189677

48 7 0.0126869

49 7 0.00635599

50 7 0

0 8 0

1 8 0.00719158

2 8 0.0143548

3 8 0.0214613

4 8 0.0284832

5 8 0.0353926

6 8 0.0421623

7 8 0.0487657

8 8 0.0551766

9 8 0.0613698

10 8 0.0673207

11 8 0.073006

12 8 0.0784031

13 8 0.0834908

14 8 0.0882491

15 8 0.092659

16 8 0.0967033

17 8 0.100366

18 8 0.103632

19 8 0.10649

20 8 0.108927

21 8 0.110935

22 8 0.112504

23 8 0.11363

24 8 0.114307

25 8 0.114533

26 8 0.114307

27 8 0.11363

28 8 0.112504

29 8 0.110935

30 8 0.108927

31 8 0.10649

32 8 0.103632

33 8 0.100366

34 8 0.0967033

35 8 0.092659

36 8 0.0882491

37 8 0.0834908

38 8 0.0784031

39 8 0.073006

40 8 0.0673207

41 8 0.0613698

42 8 0.0551766

43 8 0.0487657

44 8 0.0421623

45 8 0.0353926

46 8 0.0284832

47 8 0.0214613

48 8 0.0143548

49 8 0.00719158

50 8 0

0 9 0

1 9 0.00799877

2 9 0.015966

3 9 0.0238702

4 9 0.0316802

5 9 0.0393651

6 9 0.0468947

7 9 0.0542393

8 9 0.0613698

9 9 0.068258

10 9 0.0748769

11 9 0.0812003

12 9 0.0872033

13 9 0.092862

14 9 0.0981543

15 9 0.103059

16 9 0.107557

17 9 0.111631

18 9 0.115264

19 9 0.118443

20 9 0.121153

21 9 0.123386

22 9 0.125132

23 9 0.126384

24 9 0.127137

25 9 0.127388

26 9 0.127137

27 9 0.126384

28 9 0.125132

29 9 0.123386

30 9 0.121153

31 9 0.118443

32 9 0.115264

33 9 0.111631

34 9 0.107557

35 9 0.103059

36 9 0.0981543

37 9 0.092862

38 9 0.0872033

39 9 0.0812003

40 9 0.0748769

41 9 0.068258

42 9 0.0613698

43 9 0.0542393

44 9 0.0468947

45 9 0.0393651

46 9 0.0316802

47 9 0.0238702

48 9 0.015966

49 9 0.00799877

50 9 0

0 10 0

1 10 0.0087744

2 10 0.0175142

3 10 0.0261848

4 10 0.0347522

5 10 0.0431823

6 10 0.0514421

7 10 0.0594988

8 10 0.0673207

9 10 0.0748769

10 10 0.0821377

11 10 0.0890742

12 10 0.0956592

13 10 0.101867

14 10 0.107672

15 10 0.113053

16 10 0.117987

17 10 0.122456

18 10 0.126441

19 10 0.129928

20 10 0.132902

21 10 0.135351

22 10 0.137266

23 10 0.138639

24 10 0.139465

25 10 0.139741

26 10 0.139465

27 10 0.138639

28 10 0.137266

29 10 0.135351

30 10 0.132902

31 10 0.129928

32 10 0.126441

33 10 0.122456

34 10 0.117987

35 10 0.113053

36 10 0.107672

37 10 0.101867

38 10 0.0956592

39 10 0.0890742

40 10 0.0821377

41 10 0.0748769

42 10 0.0673207

43 10 0.0594988

44 10 0.0514421

45 10 0.0431823

46 10 0.0347522

47 10 0.0261848

48 10 0.0175142

49 10 0.0087744

50 10 0

0 11 0

1 11 0.00951541

2 11 0.0189933

3 11 0.0283962

4 11 0.037687

5 11 0.0468291

6 11 0.0557864

7 11 0.0645235

8 11 0.073006

9 11 0.0812003

10 11 0.0890742

11 11 0.0965966

12 11 0.103738

13 11 0.110469

14 11 0.116765

15 11 0.1226

16 11 0.127951

17 11 0.132797

18 11 0.137119

19 11 0.1409

20 11 0.144125

21 11 0.146781

22 11 0.148858

23 11 0.150347

24 11 0.151243

25 11 0.151542

26 11 0.151243

27 11 0.150347

28 11 0.148858

29 11 0.146781

30 11 0.144125

31 11 0.1409

32 11 0.137119

33 11 0.132797

34 11 0.127951

35 11 0.1226

36 11 0.116765

37 11 0.110469

38 11 0.103738

39 11 0.0965966

40 11 0.0890742

41 11 0.0812003

42 11 0.073006

43 11 0.0645235

44 11 0.0557864

45 11 0.0468291

46 11 0.037687

47 11 0.0283962

48 11 0.0189933

49 11 0.00951541

50 11 0

0 12 0

1 12 0.0102189

2 12 0.0203974

3 12 0.0304954

4 12 0.0404731

5 12 0.050291

6 12 0.0599105

7 12 0.0692935

8 12 0.0784031

9 12 0.0872033

10 12 0.0956592

11 12 0.103738

12 12 0.111407

13 12 0.118636

14 12 0.125397

15 12 0.131664

16 12 0.13741

17 12 0.142615

18 12 0.147256

19 12 0.151317

20 12 0.15478

21 12 0.157632

22 12 0.159863

23 12 0.161462

24 12 0.162424

25 12 0.162745

26 12 0.162424

27 12 0.161462

28 12 0.159863

29 12 0.157632

30 12 0.15478

31 12 0.151317

32 12 0.147256

33 12 0.142615

34 12 0.13741

35 12 0.131664

36 12 0.125397

37 12 0.118636

38 12 0.111407

39 12 0.103738

40 12 0.0956592

41 12 0.0872033

42 12 0.0784031

43 12 0.0692935

44 12 0.0599105

45 12 0.050291

46 12 0.0404731

47 12 0.0304954

48 12 0.0203974

49 12 0.0102189

50 12 0

0 13 0

1 13 0.010882

2 13 0.021721

3 13 0.0324743

4 13 0.0430995

5 13 0.0535545

6 13 0.0637982

7 13 0.0737901

8 13 0.0834908

9 13 0.092862

10 13 0.101867

11 13 0.110469

12 13 0.118636

13 13 0.126335

14 13 0.133535

15 13 0.140208

16 13 0.146327

17 13 0.151869

18 13 0.156812

19 13 0.161136

20 13 0.164824

21 13 0.167861

22 13 0.170236

23 13 0.171939

24 13 0.172964

25 13 0.173306

26 13 0.172964

27 13 0.171939

28 13 0.170236

29 13 0.167861

30 13 0.164824

31 13 0.161136

32 13 0.156812

33 13 0.151869

34 13 0.146327

35 13 0.140208

36 13 0.133535

37 13 0.126335

38 13 0.118636

39 13 0.110469

40 13 0.101867

41 13 0.092862

42 13 0.0834908

43 13 0.0737901

44 13 0.0637982

45 13 0.0535545

46 13 0.0430995

47 13 0.0324743

48 13 0.021721

49 13 0.010882

50 13 0

0 14 0

1 14 0.0115022

2 14 0.0229589

3 14 0.0343251

4 14 0.0455557

5 14 0.0566066

6 14 0.0674341

7 14 0.0779955

8 14 0.0882491

9 14 0.0981543

10 14 0.107672

11 14 0.116765

12 14 0.125397

13 14 0.133535

14 14 0.141145

15 14 0.148198

16 14 0.154666

17 14 0.160524

18 14 0.165749

19 14 0.170319

20 14 0.174217

21 14 0.177428

22 14 0.179938

23 14 0.181738

24 14 0.182821

25 14 0.183183

26 14 0.182821

27 14 0.181738

28 14 0.179938

29 14 0.177428

30 14 0.174217

31 14 0.170319

32 14 0.165749

33 14 0.160524

34 14 0.154666

35 14 0.148198

36 14 0.141145

37 14 0.133535

38 14 0.125397

39 14 0.116765

40 14 0.107672

41 14 0.0981543

42 14 0.0882491

43 14 0.0779955

44 14 0.0674341

45 14 0.0566066

46 14 0.0455557

47 14 0.0343251

48 14 0.0229589

49 14 0.0115022

50 14 0

0 15 0

1 15 0.0120769

2 15 0.0241062

3 15 0.0360403

4 15 0.0478322

5 15 0.0594354

6 15 0.0708039

7 15 0.0818931

8 15 0.092659

9 15 0.103059

10 15 0.113053

11 15 0.1226

12 15 0.131664

13 15 0.140208

14 15 0.148198

15 15 0.155604

16 15 0.162395

17 15 0.168546

18 15 0.174032

19 15 0.17883

20 15 0.182923

21 15 0.186294

22 15 0.18893

23 15 0.19082

24 15 0.191957

25 15 0.192337

26 15 0.191957

27 15 0.19082

28 15 0.18893

29 15 0.186294

30 15 0.182923

31 15 0.17883

32 15 0.174032

33 15 0.168546

34 15 0.162395

35 15 0.155604

36 15 0.148198

37 15 0.140208

38 15 0.131664

39 15 0.1226

40 15 0.113053

41 15 0.103059

42 15 0.092659

43 15 0.0818931

44 15 0.0708039

45 15 0.0594354

46 15 0.0478322

47 15 0.0360403

48 15 0.0241062

49 15 0.0120769

50 15 0

0 16 0

1 16 0.0126041

2 16 0.0251584

3 16 0.0376134

4 16 0.04992

5 16 0.0620295

6 16 0.0738943

7 16 0.0854674

8 16 0.0967033

9 16 0.107557

10 16 0.117987

11 16 0.127951

12 16 0.13741

13 16 0.146327

14 16 0.154666

15 16 0.162395

16 16 0.169483

17 16 0.175903

18 16 0.181628

19 16 0.186636

20 16 0.190907

21 16 0.194425

22 16 0.197176

23 16 0.199149

24 16 0.200336

25 16 0.200732

26 16 0.200336

27 16 0.199149

28 16 0.197176

29 16 0.194425

30 16 0.190907

31 16 0.186636

32 16 0.181628

33 16 0.175903

34 16 0.169483

35 16 0.162395

36 16 0.154666

37 16 0.146327

38 16 0.13741

39 16 0.127951

40 16 0.117987

41 16 0.107557

42 16 0.0967033

43 16 0.0854674

44 16 0.0738943

45 16 0.0620295

46 16 0.04992

47 16 0.0376134

48 16 0.0251584

49 16 0.0126041

50 16 0

0 17 0

1 17 0.0130814

2 17 0.0261112

3 17 0.039038

4 17 0.0518107

5 17 0.0643789

6 17 0.076693

7 17 0.0887045

8 17 0.100366

9 17 0.111631

10 17 0.122456

11 17 0.132797

12 17 0.142615

13 17 0.151869

14 17 0.160524

15 17 0.168546

16 17 0.175903

17 17 0.182565

18 17 0.188507

19 17 0.193704

20 17 0.198138

21 17 0.201789

22 17 0.204644

23 17 0.206692

24 17 0.207923

25 17 0.208334

26 17 0.207923

27 17 0.206692

28 17 0.204644

29 17 0.201789

30 17 0.198138

31 17 0.193704

32 17 0.188507

33 17 0.182565

34 17 0.175903

35 17 0.168546

36 17 0.160524

37 17 0.151869

38 17 0.142615

39 17 0.132797

40 17 0.122456

41 17 0.111631

42 17 0.100366

43 17 0.0887045

44 17 0.076693

45 17 0.0643789

46 17 0.0518107

47 17 0.039038

48 17 0.0261112

49 17 0.0130814

50 17 0

0 18 0

1 18 0.0135072

2 18 0.026961

3 18 0.0403085

4 18 0.0534969

5 18 0.0664742

6 18 0.0791891

7 18 0.0915915

8 18 0.103632

9 18 0.115264

10 18 0.126441

11 18 0.137119

12 18 0.147256

13 18 0.156812

14 18 0.165749

15 18 0.174032

16 18 0.181628

17 18 0.188507

18 18 0.194642

19 18 0.200009

20 18 0.204586

21 18 0.208357

22 18 0.211305

23 18 0.213419

24 18 0.21469

25 18 0.215115

26 18 0.21469

27 18 0.213419

28 18 0.211305

29 18 0.208357

30 18 0.204586

31 18 0.200009

32 18 0.194642

33 18 0.188507

34 18 0.181628

35 18 0.174032

36 18 0.165749

37 18 0.156812

38 18 0.147256

39 18 0.137119

40 18 0.126441

41 18 0.115264

42 18 0.103632

43 18 0.0915915

44 18 0.0791891

45 18 0.0664742

46 18 0.0534969

47 18 0.0403085

48 18 0.026961

49 18 0.0135072

50 18 0

0 19 0

1 19 0.0138796

2 19 0.0277045

3 19 0.04142

4 19 0.054972

5 19 0.0683071

6 19 0.0813726

7 19 0.094117

8 19 0.10649

9 19 0.118443

10 19 0.129928

11 19 0.1409

12 19 0.151317

13 19 0.161136

14 19 0.170319

15 19 0.17883

16 19 0.186636

17 19 0.193704

18 19 0.200009

19 19 0.205524

20 19 0.210228

21 19 0.214102

22 19 0.217131

23 19 0.219303

24 19 0.22061

25 19 0.221046

26 19 0.22061

27 19 0.219303

28 19 0.217131

29 19 0.214102

30 19 0.210228

31 19 0.205524

32 19 0.200009

33 19 0.193704

34 19 0.186636

35 19 0.17883

36 19 0.170319

37 19 0.161136

38 19 0.151317

39 19 0.1409

40 19 0.129928

41 19 0.118443

42 19 0.10649

43 19 0.094117

44 19 0.0813726

45 19 0.0683071

46 19 0.054972

47 19 0.04142

48 19 0.0277045

49 19 0.0138796

50 19 0

0 20 0

1 20 0.0141973

2 20 0.0283385

3 20 0.042368

4 20 0.0562302

5 20 0.0698705

6 20 0.083235

7 20 0.0962711

8 20 0.108927

9 20 0.121153

10 20 0.132902

11 20 0.144125

12 20 0.15478

13 20 0.164824

14 20 0.174217

15 20 0.182923

16 20 0.190907

17 20 0.198138

18 20 0.204586

19 20 0.210228

20 20 0.215039

21 20 0.219002

22 20 0.222101

23 20 0.224323

24 20 0.225659

25 20 0.226106

26 20 0.225659

27 20 0.224323

28 20 0.222101

29 20 0.219002

30 20 0.215039

31 20 0.210228

32 20 0.204586

33 20 0.198138

34 20 0.190907

35 20 0.182923

36 20 0.174217

37 20 0.164824

38 20 0.15478

39 20 0.144125

40 20 0.132902

41 20 0.121153

42 20 0.108927

43 20 0.0962711

44 20 0.083235

45 20 0.0698705

46 20 0.0562302

47 20 0.042368

48 20 0.0283385

49 20 0.0141973

50 20 0

0 21 0

1 21 0.0144589

2 21 0.0288608

3 21 0.0431487

4 21 0.0572664

5 21 0.0711581

6 21 0.0847689

7 21 0.0980452

8 21 0.110935

9 21 0.123386

10 21 0.135351

11 21 0.146781

12 21 0.157632

13 21 0.167861

14 21 0.177428

15 21 0.186294

16 21 0.194425

17 21 0.201789

18 21 0.208357

19 21 0.214102

20 21 0.219002

21 21 0.223038

22 21 0.226194

23 21 0.228457

24 21 0.229818

25 21 0.230272

26 21 0.229818

27 21 0.228457

28 21 0.226194

29 21 0.223038

30 21 0.219002

31 21 0.214102

32 21 0.208357

33 21 0.201789

34 21 0.194425

35 21 0.186294

36 21 0.177428

37 21 0.167861

38 21 0.157632

39 21 0.146781

40 21 0.135351

41 21 0.123386

42 21 0.110935

43 21 0.0980452

44 21 0.0847689

45 21 0.0711581

46 21 0.0572664

47 21 0.0431487

48 21 0.0288608

49 21 0.0144589

50 21 0

0 22 0

1 22 0.0146635

2 22 0.0292691

3 22 0.0437592

4 22 0.0580766

5 22 0.0721649

6 22 0.0859683

7 22 0.0994324

8 22 0.112504

9 22 0.125132

10 22 0.137266

11 22 0.148858

12 22 0.159863

13 22 0.170236

14 22 0.179938

15 22 0.18893

16 22 0.197176

17 22 0.204644

18 22 0.211305

19 22 0.217131

20 22 0.222101

21 22 0.226194

22 22 0.229394

23 22 0.231689

24 22 0.23307

25 22 0.23353

26 22 0.23307

27 22 0.231689

28 22 0.229394

29 22 0.226194

30 22 0.222101

31 22 0.217131

32 22 0.211305

33 22 0.204644

34 22 0.197176

35 22 0.18893

36 22 0.179938

37 22 0.170236

38 22 0.159863

39 22 0.148858

40 22 0.137266

41 22 0.125132

42 22 0.112504

43 22 0.0994324

44 22 0.0859683

45 22 0.0721649

46 22 0.0580766

47 22 0.0437592

48 22 0.0292691

49 22 0.0146635

50 22 0

0 23 0

1 23 0.0148102

2 23 0.0295619

3 23 0.044197

4 23 0.0586577

5 23 0.0728868

6 23 0.0868284

7 23 0.100427

8 23 0.11363

9 23 0.126384

10 23 0.138639

11 23 0.150347

12 23 0.161462

13 23 0.171939

14 23 0.181738

15 23 0.19082

16 23 0.199149

17 23 0.206692

18 23 0.213419

19 23 0.219303

20 23 0.224323

21 23 0.228457

22 23 0.231689

23 23 0.234007

24 23 0.235401

25 23 0.235867

26 23 0.235401

27 23 0.234007

28 23 0.231689

29 23 0.228457

30 23 0.224323

31 23 0.219303

32 23 0.213419

33 23 0.206692

34 23 0.199149

35 23 0.19082

36 23 0.181738

37 23 0.171939

38 23 0.161462

39 23 0.150347

40 23 0.138639

41 23 0.126384

42 23 0.11363

43 23 0.100427

44 23 0.0868284

45 23 0.0728868

46 23 0.0586577

47 23 0.044197

48 23 0.0295619

49 23 0.0148102

50 23 0

0 24 0

1 24 0.0148985

2 24 0.0297381

3 24 0.0444604

4 24 0.0590072

5 24 0.0733212

6 24 0.0873458

7 24 0.101026

8 24 0.114307

9 24 0.127137

10 24 0.139465

11 24 0.151243

12 24 0.162424

13 24 0.172964

14 24 0.182821

15 24 0.191957

16 24 0.200336

17 24 0.207923

18 24 0.21469

19 24 0.22061

20 24 0.225659

21 24 0.229818

22 24 0.23307

23 24 0.235401

24 24 0.236804

25 24 0.237272

26 24 0.236804

27 24 0.235401

28 24 0.23307

29 24 0.229818

30 24 0.225659

31 24 0.22061

32 24 0.21469

33 24 0.207923

34 24 0.200336

35 24 0.191957

36 24 0.182821

37 24 0.172964

38 24 0.162424

39 24 0.151243

40 24 0.139465

41 24 0.127137

42 24 0.114307

43 24 0.101026

44 24 0.0873458

45 24 0.0733212

46 24 0.0590072

47 24 0.0444604

48 24 0.0297381

49 24 0.0148985

50 24 0

0 25 0

1 25 0.0149279

2 25 0.0297969

3 25 0.0445483

4 25 0.0591239

5 25 0.0734661

6 25 0.0875185

7 25 0.101225

8 25 0.114533

9 25 0.127388

10 25 0.139741

11 25 0.151542

12 25 0.162745

13 25 0.173306

14 25 0.183183

15 25 0.192337

16 25 0.200732

17 25 0.208334

18 25 0.215115

19 25 0.221046

20 25 0.226106

21 25 0.230272

22 25 0.23353

23 25 0.235867

24 25 0.237272

25 25 0.237741

26 25 0.237272

27 25 0.235867

28 25 0.23353

29 25 0.230272

30 25 0.226106

31 25 0.221046

32 25 0.215115

33 25 0.208334

34 25 0.200732

35 25 0.192337

36 25 0.183183

37 25 0.173306

38 25 0.162745

39 25 0.151542

40 25 0.139741

41 25 0.127388

42 25 0.114533

43 25 0.101225

44 25 0.0875185

45 25 0.0734661

46 25 0.0591239

47 25 0.0445483

48 25 0.0297969

49 25 0.0149279

50 25 0

0 26 0

1 26 0.0148985

2 26 0.0297381

3 26 0.0444604

4 26 0.0590072

5 26 0.0733212

6 26 0.0873458

7 26 0.101026

8 26 0.114307

9 26 0.127137

10 26 0.139465

11 26 0.151243

12 26 0.162424

13 26 0.172964

14 26 0.182821

15 26 0.191957

16 26 0.200336

17 26 0.207923

18 26 0.21469

19 26 0.22061

20 26 0.225659

21 26 0.229818

22 26 0.23307

23 26 0.235401

24 26 0.236804

25 26 0.237272

26 26 0.236804

27 26 0.235401

28 26 0.23307

29 26 0.229818

30 26 0.225659

31 26 0.22061

32 26 0.21469

33 26 0.207923

34 26 0.200336

35 26 0.191957

36 26 0.182821

37 26 0.172964

38 26 0.162424

39 26 0.151243

40 26 0.139465

41 26 0.127137

42 26 0.114307

43 26 0.101026

44 26 0.0873458

45 26 0.0733212

46 26 0.0590072

47 26 0.0444604

48 26 0.0297381

49 26 0.0148985

50 26 0

0 27 0

1 27 0.0148102

2 27 0.0295619

3 27 0.044197

4 27 0.0586577

5 27 0.0728868

6 27 0.0868284

7 27 0.100427

8 27 0.11363

9 27 0.126384

10 27 0.138639

11 27 0.150347

12 27 0.161462

13 27 0.171939

14 27 0.181738

15 27 0.19082

16 27 0.199149

17 27 0.206692

18 27 0.213419

19 27 0.219303

20 27 0.224323

21 27 0.228457

22 27 0.231689

23 27 0.234007

24 27 0.235401

25 27 0.235867

26 27 0.235401

27 27 0.234007

28 27 0.231689

29 27 0.228457

30 27 0.224323

31 27 0.219303

32 27 0.213419

33 27 0.206692

34 27 0.199149

35 27 0.19082

36 27 0.181738

37 27 0.171939

38 27 0.161462

39 27 0.150347

40 27 0.138639

41 27 0.126384

42 27 0.11363

43 27 0.100427

44 27 0.0868284

45 27 0.0728868

46 27 0.0586577

47 27 0.044197

48 27 0.0295619

49 27 0.0148102

50 27 0

0 28 0

1 28 0.0146635

2 28 0.0292691

3 28 0.0437592

4 28 0.0580766

5 28 0.0721649

6 28 0.0859683

7 28 0.0994324

8 28 0.112504

9 28 0.125132

10 28 0.137266

11 28 0.148858

12 28 0.159863

13 28 0.170236

14 28 0.179938

15 28 0.18893

16 28 0.197176

17 28 0.204644

18 28 0.211305

19 28 0.217131

20 28 0.222101

21 28 0.226194

22 28 0.229394

23 28 0.231689

24 28 0.23307

25 28 0.23353

26 28 0.23307

27 28 0.231689

28 28 0.229394

29 28 0.226194

30 28 0.222101

31 28 0.217131

32 28 0.211305

33 28 0.204644

34 28 0.197176

35 28 0.18893

36 28 0.179938

37 28 0.170236

38 28 0.159863

39 28 0.148858

40 28 0.137266

41 28 0.125132

42 28 0.112504

43 28 0.0994324

44 28 0.0859683

45 28 0.0721649

46 28 0.0580766

47 28 0.0437592

48 28 0.0292691

49 28 0.0146635

50 28 0

0 29 0

1 29 0.0144589

2 29 0.0288608

3 29 0.0431487

4 29 0.0572664

5 29 0.0711581

6 29 0.0847689

7 29 0.0980452

8 29 0.110935

9 29 0.123386

10 29 0.135351

11 29 0.146781

12 29 0.157632

13 29 0.167861

14 29 0.177428

15 29 0.186294

16 29 0.194425

17 29 0.201789

18 29 0.208357

19 29 0.214102

20 29 0.219002

21 29 0.223038

22 29 0.226194

23 29 0.228457

24 29 0.229818

25 29 0.230272

26 29 0.229818

27 29 0.228457

28 29 0.226194

29 29 0.223038

30 29 0.219002

31 29 0.214102

32 29 0.208357

33 29 0.201789

34 29 0.194425

35 29 0.186294

36 29 0.177428

37 29 0.167861

38 29 0.157632

39 29 0.146781

40 29 0.135351

41 29 0.123386

42 29 0.110935

43 29 0.0980452

44 29 0.0847689

45 29 0.0711581

46 29 0.0572664

47 29 0.0431487

48 29 0.0288608

49 29 0.0144589

50 29 0

0 30 0

1 30 0.0141973

2 30 0.0283385

3 30 0.042368

4 30 0.0562302

5 30 0.0698705

6 30 0.083235

7 30 0.0962711

8 30 0.108927

9 30 0.121153

10 30 0.132902

11 30 0.144125

12 30 0.15478

13 30 0.164824

14 30 0.174217

15 30 0.182923

16 30 0.190907

17 30 0.198138

18 30 0.204586

19 30 0.210228

20 30 0.215039

21 30 0.219002

22 30 0.222101

23 30 0.224323

24 30 0.225659

25 30 0.226106

26 30 0.225659

27 30 0.224323

28 30 0.222101

29 30 0.219002

30 30 0.215039

31 30 0.210228

32 30 0.204586

33 30 0.198138

34 30 0.190907

35 30 0.182923

36 30 0.174217

37 30 0.164824

38 30 0.15478

39 30 0.144125

40 30 0.132902

41 30 0.121153

42 30 0.108927

43 30 0.0962711

44 30 0.083235

45 30 0.0698705

46 30 0.0562302

47 30 0.042368

48 30 0.0283385

49 30 0.0141973

50 30 0

0 31 0

1 31 0.0138796

2 31 0.0277045

3 31 0.04142

4 31 0.054972

5 31 0.0683071

6 31 0.0813726

7 31 0.094117

8 31 0.10649

9 31 0.118443

10 31 0.129928

11 31 0.1409

12 31 0.151317

13 31 0.161136

14 31 0.170319

15 31 0.17883

16 31 0.186636

17 31 0.193704

18 31 0.200009

19 31 0.205524

20 31 0.210228

21 31 0.214102

22 31 0.217131

23 31 0.219303

24 31 0.22061

25 31 0.221046

26 31 0.22061

27 31 0.219303

28 31 0.217131

29 31 0.214102

30 31 0.210228

31 31 0.205524

32 31 0.200009

33 31 0.193704

34 31 0.186636

35 31 0.17883

36 31 0.170319

37 31 0.161136

38 31 0.151317

39 31 0.1409

40 31 0.129928

41 31 0.118443

42 31 0.10649

43 31 0.094117

44 31 0.0813726

45 31 0.0683071

46 31 0.054972

47 31 0.04142

48 31 0.0277045

49 31 0.0138796

50 31 0

0 32 0

1 32 0.0135072

2 32 0.026961

3 32 0.0403085

4 32 0.0534969

5 32 0.0664742

6 32 0.0791891

7 32 0.0915915

8 32 0.103632

9 32 0.115264

10 32 0.126441

11 32 0.137119

12 32 0.147256

13 32 0.156812

14 32 0.165749

15 32 0.174032

16 32 0.181628

17 32 0.188507

18 32 0.194642

19 32 0.200009

20 32 0.204586

21 32 0.208357

22 32 0.211305

23 32 0.213419

24 32 0.21469

25 32 0.215115

26 32 0.21469

27 32 0.213419

28 32 0.211305

29 32 0.208357

30 32 0.204586

31 32 0.200009

32 32 0.194642

33 32 0.188507

34 32 0.181628

35 32 0.174032

36 32 0.165749

37 32 0.156812

38 32 0.147256

39 32 0.137119

40 32 0.126441

41 32 0.115264

42 32 0.103632

43 32 0.0915915

44 32 0.0791891

45 32 0.0664742

46 32 0.0534969

47 32 0.0403085

48 32 0.026961

49 32 0.0135072

50 32 0

0 33 0

1 33 0.0130814

2 33 0.0261112

3 33 0.039038

4 33 0.0518107

5 33 0.0643789

6 33 0.076693

7 33 0.0887045

8 33 0.100366

9 33 0.111631

10 33 0.122456

11 33 0.132797

12 33 0.142615

13 33 0.151869

14 33 0.160524

15 33 0.168546

16 33 0.175903

17 33 0.182565

18 33 0.188507

19 33 0.193704

20 33 0.198138

21 33 0.201789

22 33 0.204644

23 33 0.206692

24 33 0.207923

25 33 0.208334

26 33 0.207923

27 33 0.206692

28 33 0.204644

29 33 0.201789

30 33 0.198138

31 33 0.193704

32 33 0.188507

33 33 0.182565

34 33 0.175903

35 33 0.168546

36 33 0.160524

37 33 0.151869

38 33 0.142615

39 33 0.132797

40 33 0.122456

41 33 0.111631

42 33 0.100366

43 33 0.0887045

44 33 0.076693

45 33 0.0643789

46 33 0.0518107

47 33 0.039038

48 33 0.0261112

49 33 0.0130814

50 33 0

0 34 0

1 34 0.0126041

2 34 0.0251584

3 34 0.0376134

4 34 0.04992

5 34 0.0620295

6 34 0.0738943

7 34 0.0854674

8 34 0.0967033

9 34 0.107557

10 34 0.117987

11 34 0.127951

12 34 0.13741

13 34 0.146327

14 34 0.154666

15 34 0.162395

16 34 0.169483

17 34 0.175903

18 34 0.181628

19 34 0.186636

20 34 0.190907

21 34 0.194425

22 34 0.197176

23 34 0.199149

24 34 0.200336

25 34 0.200732

26 34 0.200336

27 34 0.199149

28 34 0.197176

29 34 0.194425

30 34 0.190907

31 34 0.186636

32 34 0.181628

33 34 0.175903

34 34 0.169483

35 34 0.162395

36 34 0.154666

37 34 0.146327

38 34 0.13741

39 34 0.127951

40 34 0.117987

41 34 0.107557

42 34 0.0967033

43 34 0.0854674

44 34 0.0738943

45 34 0.0620295

46 34 0.04992

47 34 0.0376134

48 34 0.0251584

49 34 0.0126041

50 34 0

0 35 0

1 35 0.0120769

2 35 0.0241062

3 35 0.0360403

4 35 0.0478322

5 35 0.0594354

6 35 0.0708039

7 35 0.0818931

8 35 0.092659

9 35 0.103059

10 35 0.113053

11 35 0.1226

12 35 0.131664

13 35 0.140208

14 35 0.148198

15 35 0.155604

16 35 0.162395

17 35 0.168546

18 35 0.174032

19 35 0.17883

20 35 0.182923

21 35 0.186294

22 35 0.18893

23 35 0.19082

24 35 0.191957

25 35 0.192337

26 35 0.191957

27 35 0.19082

28 35 0.18893

29 35 0.186294

30 35 0.182923

31 35 0.17883

32 35 0.174032

33 35 0.168546

34 35 0.162395

35 35 0.155604

36 35 0.148198

37 35 0.140208

38 35 0.131664

39 35 0.1226

40 35 0.113053

41 35 0.103059

42 35 0.092659

43 35 0.0818931

44 35 0.0708039

45 35 0.0594354

46 35 0.0478322

47 35 0.0360403

48 35 0.0241062

49 35 0.0120769

50 35 0

0 36 0

1 36 0.0115022

2 36 0.0229589

3 36 0.0343251

4 36 0.0455557

5 36 0.0566066

6 36 0.0674341

7 36 0.0779955

8 36 0.0882491

9 36 0.0981543

10 36 0.107672

11 36 0.116765

12 36 0.125397

13 36 0.133535

14 36 0.141145

15 36 0.148198

16 36 0.154666

17 36 0.160524

18 36 0.165749

19 36 0.170319

20 36 0.174217

21 36 0.177428

22 36 0.179938

23 36 0.181738

24 36 0.182821

25 36 0.183183

26 36 0.182821

27 36 0.181738

28 36 0.179938

29 36 0.177428

30 36 0.174217

31 36 0.170319

32 36 0.165749

33 36 0.160524

34 36 0.154666

35 36 0.148198

36 36 0.141145

37 36 0.133535

38 36 0.125397

39 36 0.116765

40 36 0.107672

41 36 0.0981543

42 36 0.0882491

43 36 0.0779955

44 36 0.0674341

45 36 0.0566066

46 36 0.0455557

47 36 0.0343251

48 36 0.0229589

49 36 0.0115022

50 36 0

0 37 0

1 37 0.010882

2 37 0.021721

3 37 0.0324743

4 37 0.0430995

5 37 0.0535545

6 37 0.0637982

7 37 0.0737901

8 37 0.0834908

9 37 0.092862

10 37 0.101867

11 37 0.110469

12 37 0.118636

13 37 0.126335

14 37 0.133535

15 37 0.140208

16 37 0.146327

17 37 0.151869

18 37 0.156812

19 37 0.161136

20 37 0.164824

21 37 0.167861

22 37 0.170236

23 37 0.171939

24 37 0.172964

25 37 0.173306

26 37 0.172964

27 37 0.171939

28 37 0.170236

29 37 0.167861

30 37 0.164824

31 37 0.161136

32 37 0.156812

33 37 0.151869

34 37 0.146327

35 37 0.140208

36 37 0.133535

37 37 0.126335

38 37 0.118636

39 37 0.110469

40 37 0.101867

41 37 0.092862

42 37 0.0834908

43 37 0.0737901

44 37 0.0637982

45 37 0.0535545

46 37 0.0430995

47 37 0.0324743

48 37 0.021721

49 37 0.010882

50 37 0

0 38 0

1 38 0.0102189

2 38 0.0203974

3 38 0.0304954

4 38 0.0404731

5 38 0.050291

6 38 0.0599105

7 38 0.0692935

8 38 0.0784031

9 38 0.0872033

10 38 0.0956592

11 38 0.103738

12 38 0.111407

13 38 0.118636

14 38 0.125397

15 38 0.131664

16 38 0.13741

17 38 0.142615

18 38 0.147256

19 38 0.151317

20 38 0.15478

21 38 0.157632

22 38 0.159863

23 38 0.161462

24 38 0.162424

25 38 0.162745

26 38 0.162424

27 38 0.161462

28 38 0.159863

29 38 0.157632

30 38 0.15478

31 38 0.151317

32 38 0.147256

33 38 0.142615

34 38 0.13741

35 38 0.131664

36 38 0.125397

37 38 0.118636

38 38 0.111407

39 38 0.103738

40 38 0.0956592

41 38 0.0872033

42 38 0.0784031

43 38 0.0692935

44 38 0.0599105

45 38 0.050291

46 38 0.0404731

47 38 0.0304954

48 38 0.0203974

49 38 0.0102189

50 38 0

0 39 0

1 39 0.00951541

2 39 0.0189933

3 39 0.0283962

4 39 0.037687

5 39 0.0468291

6 39 0.0557864

7 39 0.0645235

8 39 0.073006

9 39 0.0812003

10 39 0.0890742

11 39 0.0965966

12 39 0.103738

13 39 0.110469

14 39 0.116765

15 39 0.1226

16 39 0.127951

17 39 0.132797

18 39 0.137119

19 39 0.1409

20 39 0.144125

21 39 0.146781

22 39 0.148858

23 39 0.150347

24 39 0.151243

25 39 0.151542

26 39 0.151243

27 39 0.150347

28 39 0.148858

29 39 0.146781

30 39 0.144125

31 39 0.1409

32 39 0.137119

33 39 0.132797

34 39 0.127951

35 39 0.1226

36 39 0.116765

37 39 0.110469

38 39 0.103738

39 39 0.0965966

40 39 0.0890742

41 39 0.0812003

42 39 0.073006

43 39 0.0645235

44 39 0.0557864

45 39 0.0468291

46 39 0.037687

47 39 0.0283962

48 39 0.0189933

49 39 0.00951541

50 39 0

0 40 0

1 40 0.0087744

2 40 0.0175142

3 40 0.0261848

4 40 0.0347522

5 40 0.0431823

6 40 0.0514421

7 40 0.0594988

8 40 0.0673207

9 40 0.0748769

10 40 0.0821377

11 40 0.0890742

12 40 0.0956592

13 40 0.101867

14 40 0.107672

15 40 0.113053

16 40 0.117987

17 40 0.122456

18 40 0.126441

19 40 0.129928

20 40 0.132902

21 40 0.135351

22 40 0.137266

23 40 0.138639

24 40 0.139465

25 40 0.139741

26 40 0.139465

27 40 0.138639

28 40 0.137266

29 40 0.135351

30 40 0.132902

31 40 0.129928

32 40 0.126441

33 40 0.122456

34 40 0.117987

35 40 0.113053

36 40 0.107672

37 40 0.101867

38 40 0.0956592

39 40 0.0890742

40 40 0.0821377

41 40 0.0748769

42 40 0.0673207

43 40 0.0594988

44 40 0.0514421

45 40 0.0431823

46 40 0.0347522

47 40 0.0261848

48 40 0.0175142

49 40 0.0087744

50 40 0

0 41 0

1 41 0.00799877

2 41 0.015966

3 41 0.0238702

4 41 0.0316802

5 41 0.0393651

6 41 0.0468947

7 41 0.0542393

8 41 0.0613698

9 41 0.068258

10 41 0.0748769

11 41 0.0812003

12 41 0.0872033

13 41 0.092862

14 41 0.0981543

15 41 0.103059

16 41 0.107557

17 41 0.111631

18 41 0.115264

19 41 0.118443

20 41 0.121153

21 41 0.123386

22 41 0.125132

23 41 0.126384

24 41 0.127137

25 41 0.127388

26 41 0.127137

27 41 0.126384

28 41 0.125132

29 41 0.123386

30 41 0.121153

31 41 0.118443

32 41 0.115264

33 41 0.111631

34 41 0.107557

35 41 0.103059

36 41 0.0981543

37 41 0.092862

38 41 0.0872033

39 41 0.0812003

40 41 0.0748769

41 41 0.068258

42 41 0.0613698

43 41 0.0542393

44 41 0.0468947

45 41 0.0393651

46 41 0.0316802

47 41 0.0238702

48 41 0.015966

49 41 0.00799877

50 41 0

0 42 0

1 42 0.00719158

2 42 0.0143548

3 42 0.0214613

4 42 0.0284832

5 42 0.0353926

6 42 0.0421623

7 42 0.0487657

8 42 0.0551766

9 42 0.0613698

10 42 0.0673207

11 42 0.073006

12 42 0.0784031

13 42 0.0834908

14 42 0.0882491

15 42 0.092659

16 42 0.0967033

17 42 0.100366

18 42 0.103632

19 42 0.10649

20 42 0.108927

21 42 0.110935

22 42 0.112504

23 42 0.11363

24 42 0.114307

25 42 0.114533

26 42 0.114307

27 42 0.11363

28 42 0.112504

29 42 0.110935

30 42 0.108927

31 42 0.10649

32 42 0.103632

33 42 0.100366

34 42 0.0967033

35 42 0.092659

36 42 0.0882491

37 42 0.0834908

38 42 0.0784031

39 42 0.073006

40 42 0.0673207

41 42 0.0613698

42 42 0.0551766

43 42 0.0487657

44 42 0.0421623

45 42 0.0353926

46 42 0.0284832

47 42 0.0214613

48 42 0.0143548

49 42 0.00719158

50 42 0

0 43 0

1 43 0.00635599

2 43 0.0126869

3 43 0.0189677

4 43 0.0251737

5 43 0.0312804

6 43 0.0372636

7 43 0.0430997

8 43 0.0487657

9 43 0.0542393

10 43 0.0594988

11 43 0.0645235

12 43 0.0692935

13 43 0.0737901

14 43 0.0779955

15 43 0.0818931

16 43 0.0854674

17 43 0.0887045

18 43 0.0915915

19 43 0.094117

20 43 0.0962711

21 43 0.0980452

22 43 0.0994324

23 43 0.100427

24 43 0.101026

25 43 0.101225

26 43 0.101026

27 43 0.100427

28 43 0.0994324

29 43 0.0980452

30 43 0.0962711

31 43 0.094117

32 43 0.0915915

33 43 0.0887045

34 43 0.0854674

35 43 0.0818931

36 43 0.0779955

37 43 0.0737901

38 43 0.0692935

39 43 0.0645235

40 43 0.0594988

41 43 0.0542393

42 43 0.0487657

43 43 0.0430997

44 43 0.0372636

45 43 0.0312804

46 43 0.0251737

47 43 0.0189677

48 43 0.0126869

49 43 0.00635599

50 43 0

0 44 0

1 44 0.00549533

2 44 0.010969

3 44 0.0163993

4 44 0.021765

5 44 0.0270447

6 44 0.0322177

7 44 0.0372636

8 44 0.0421623

9 44 0.0468947

10 44 0.0514421

11 44 0.0557864

12 44 0.0599105

13 44 0.0637982

14 44 0.0674341

15 44 0.0708039

16 44 0.0738943

17 44 0.076693

18 44 0.0791891

19 44 0.0813726

20 44 0.083235

21 44 0.0847689

22 44 0.0859683

23 44 0.0868284

24 44 0.0873458

25 44 0.0875185

26 44 0.0873458

27 44 0.0868284

28 44 0.0859683

29 44 0.0847689

30 44 0.083235

31 44 0.0813726

32 44 0.0791891

33 44 0.076693

34 44 0.0738943

35 44 0.0708039

36 44 0.0674341

37 44 0.0637982

38 44 0.0599105

39 44 0.0557864

40 44 0.0514421

41 44 0.0468947

42 44 0.0421623

43 44 0.0372636

44 44 0.0322177

45 44 0.0270447

46 44 0.021765

47 44 0.0163993

48 44 0.010969

49 44 0.00549533

50 44 0

0 45 0

1 45 0.00461298

2 45 0.00920775

3 45 0.0137662

4 45 0.0182703

5 45 0.0227023

6 45 0.0270447

7 45 0.0312804

8 45 0.0353926

9 45 0.0393651

10 45 0.0431823

11 45 0.0468291

12 45 0.050291

13 45 0.0535545

14 45 0.0566066

15 45 0.0594354

16 45 0.0620295

17 45 0.0643789

18 45 0.0664742

19 45 0.0683071

20 45 0.0698705

21 45 0.0711581

22 45 0.0721649

23 45 0.0728868

24 45 0.0733212

25 45 0.0734661

26 45 0.0733212

27 45 0.0728868

28 45 0.0721649

29 45 0.0711581

30 45 0.0698705

31 45 0.0683071

32 45 0.0664742

33 45 0.0643789

34 45 0.0620295

35 45 0.0594354

36 45 0.0566066

37 45 0.0535545

38 45 0.050291

39 45 0.0468291

40 45 0.0431823

41 45 0.0393651

42 45 0.0353926

43 45 0.0312804

44 45 0.0270447

45 45 0.0227023

46 45 0.0182703

47 45 0.0137662

48 45 0.00920775

49 45 0.00461298

50 45 0

0 46 0

1 46 0.00371242

2 46 0.00741019

3 46 0.0110787

4 46 0.0147035

5 46 0.0182703

6 46 0.021765

7 46 0.0251737

8 46 0.0284832

9 46 0.0316802

10 46 0.0347522

11 46 0.037687

12 46 0.0404731

13 46 0.0430995

14 46 0.0455557

15 46 0.0478322

16 46 0.04992

17 46 0.0518107

18 46 0.0534969

19 46 0.054972

20 46 0.0562302

21 46 0.0572664

22 46 0.0580766

23 46 0.0586577

24 46 0.0590072

25 46 0.0591239

26 46 0.0590072

27 46 0.0586577

28 46 0.0580766

29 46 0.0572664

30 46 0.0562302

31 46 0.054972

32 46 0.0534969

33 46 0.0518107

34 46 0.04992

35 46 0.0478322

36 46 0.0455557

37 46 0.0430995

38 46 0.0404731

39 46 0.037687

40 46 0.0347522

41 46 0.0316802

42 46 0.0284832

43 46 0.0251737

44 46 0.021765

45 46 0.0182703

46 46 0.0147035

47 46 0.0110787

48 46 0.00741019

49 46 0.00371242

50 46 0

0 47 0

1 47 0.00279721

2 47 0.00558338

3 47 0.00834752

4 47 0.0110787

5 47 0.0137662

6 47 0.0163993

7 47 0.0189677

8 47 0.0214613

9 47 0.0238702

10 47 0.0261848

11 47 0.0283962

12 47 0.0304954

13 47 0.0324743

14 47 0.0343251

15 47 0.0360403

16 47 0.0376134

17 47 0.039038

18 47 0.0403085

19 47 0.04142

20 47 0.042368

21 47 0.0431487

22 47 0.0437592

23 47 0.044197

24 47 0.0444604

25 47 0.0445483

26 47 0.0444604

27 47 0.044197

28 47 0.0437592

29 47 0.0431487

30 47 0.042368

31 47 0.04142

32 47 0.0403085

33 47 0.039038

34 47 0.0376134

35 47 0.0360403

36 47 0.0343251

37 47 0.0324743

38 47 0.0304954

39 47 0.0283962

40 47 0.0261848

41 47 0.0238702

42 47 0.0214613

43 47 0.0189677

44 47 0.0163993

45 47 0.0137662

46 47 0.0110787

47 47 0.00834752

48 47 0.00558338

49 47 0.00279721

50 47 0

0 48 0

1 48 0.00187096

2 48 0.00373454

3 48 0.00558338

4 48 0.00741019

5 48 0.00920775

6 48 0.010969

7 48 0.0126869

8 48 0.0143548

9 48 0.015966

10 48 0.0175142

11 48 0.0189933

12 48 0.0203974

13 48 0.021721

14 48 0.0229589

15 48 0.0241062

16 48 0.0251584

17 48 0.0261112

18 48 0.026961

19 48 0.0277045

20 48 0.0283385

21 48 0.0288608

22 48 0.0292691

23 48 0.0295619

24 48 0.0297381

25 48 0.0297969

26 48 0.0297381

27 48 0.0295619

28 48 0.0292691

29 48 0.0288608

30 48 0.0283385

31 48 0.0277045

32 48 0.026961

33 48 0.0261112

34 48 0.0251584

35 48 0.0241062

36 48 0.0229589

37 48 0.021721

38 48 0.0203974

39 48 0.0189933

40 48 0.0175142

41 48 0.015966

42 48 0.0143548

43 48 0.0126869

44 48 0.010969

45 48 0.00920775

46 48 0.00741019

47 48 0.00558338

48 48 0.00373454

49 48 0.00187096

50 48 0

0 49 0

1 49 0.000937331

2 49 0.00187096

3 49 0.00279721

4 49 0.00371242

5 49 0.00461298

6 49 0.00549533

7 49 0.00635599

8 49 0.00719158

9 49 0.00799877

10 49 0.0087744

11 49 0.00951541

12 49 0.0102189

13 49 0.010882

14 49 0.0115022

15 49 0.0120769

16 49 0.0126041

17 49 0.0130814

18 49 0.0135072

19 49 0.0138796

20 49 0.0141973

21 49 0.0144589

22 49 0.0146635

23 49 0.0148102

24 49 0.0148985

25 49 0.0149279

26 49 0.0148985

27 49 0.0148102

28 49 0.0146635

29 49 0.0144589

30 49 0.0141973

31 49 0.0138796

32 49 0.0135072

33 49 0.0130814

34 49 0.0126041

35 49 0.0120769

36 49 0.0115022

37 49 0.010882

38 49 0.0102189

39 49 0.00951541

40 49 0.0087744

41 49 0.00799877

42 49 0.00719158

43 49 0.00635599

44 49 0.00549533

45 49 0.00461298

46 49 0.00371242

47 49 0.00279721

48 49 0.00187096

49 49 0.000937331

50 49 0

