0 1 0

1 1 0.00162874

2 1 0.00325106

3 1 0.00486054

4 1 0.00645085

5 1 0.00801569

6 1 0.0095489

7 1 0.0110444

8 1 0.0124964

9 1 0.013899

10 1 0.0152468

11 1 0.0165343

12 1 0.0177567

13 1 0.018909

14 1 0.0199866

15 1 0.0209854

16 1 0.0219013

17 1 0.0227308

18 1 0.0234706

19 1 0.0241178

20 1 0.0246698

21 1 0.0251244

22 1 0.0254799

23 1 0.0257348

24 1 0.0258881

25 1 0.0259393

26 1 0.0258881

27 1 0.0257348

28 1 0.0254799

29 1 0.0251244

30 1 0.0246698

31 1 0.0241178

32 1 0.0234706

33 1 0.0227308

34 1 0.0219013

35 1 0.0209854

36 1 0.0199866

37 1 0.018909

38 1 0.0177567

39 1 0.0165343

40 1 0.0152468

41 1 0.013899

42 1 0.0124964

43 1 0.0110444

44 1 0.0095489

45 1 0.00801569

46 1 0.00645085

47 1 0.00486054

48 1 0.00325106

49 1 0.00162874

50 1 0

0 2 0

1 2 0.00325106

2 2 0.00648929

3 2 0.00970191

4 2 0.0128762

5 2 0.0159997

6 2 0.0190601

7 2 0.0220453

8 2 0.0249434

9 2 0.0277431

10 2 0.0304333

11 2 0.0330034

12 2 0.0354433

13 2 0.0377433

14 2 0.0398943

15 2 0.0418879

16 2 0.0437162

17 2 0.0453719

18 2 0.0468486

19 2 0.0481404

20 2 0.0492422

21 2 0.0501496

22 2 0.0508592

23 2 0.051368

24 2 0.0516741

25 2 0.0517763

26 2 0.0516741

27 2 0.051368

28 2 0.0508592

29 2 0.0501496

30 2 0.0492422

31 2 0.0481404

32 2 0.0468486

33 2 0.0453719

34 2 0.0437162

35 2 0.0418879

36 2 0.0398943

37 2 0.0377433

38 2 0.0354433

39 2 0.0330034

40 2 0.0304333

41 2 0.0277431

42 2 0.0249434

43 2 0.0220453

44 2 0.0190601

45 2 0.0159997

46 2 0.0128762

47 2 0.00970191

48 2 0.00648929

49 2 0.00325106

50 2 0

0 3 0

1 3 0.00486054

2 3 0.00970191

3 3 0.014505

4 3 0.0192508

5 3 0.0239207

6 3 0.0284961

7 3 0.0329591

8 3 0.037292

9 3 0.0414778

10 3 0.0454998

11 3 0.0493423

12 3 0.05299

13 3 0.0564287

14 3 0.0596446

15 3 0.0626251

16 3 0.0653585

17 3 0.0678339

18 3 0.0700417

19 3 0.071973

20 3 0.0736202

21 3 0.0749769

22 3 0.0760378

23 3 0.0767985

24 3 0.0772561

25 3 0.0774089

26 3 0.0772561

27 3 0.0767985

28 3 0.0760378

29 3 0.0749769

30 3 0.0736202

31 3 0.071973

32 3 0.0700417

33 3 0.0678339

34 3 0.0653585

35 3 0.0626251

36 3 0.0596446

37 3 0.0564287

38 3 0.05299

39 3 0.0493423

40 3 0.0454998

41 3 0.0414778

42 3 0.037292

43 3 0.0329591

44 3 0.0284961

45 3 0.0239207

46 3 0.0192508

47 3 0.014505

48 3 0.00970191

49 3 0.00486054

50 3 0

0 4 0

1 4 0.00645085

2 4 0.0128762

3 4 0.0192508

4 4 0.0255494

5 4 0.0317472

6 4 0.0378196

7 4 0.0437429

8 4 0.0494934

9 4 0.0550487

10 4 0.0603867

11 4 0.0654864

12 4 0.0703276

13 4 0.0748913

14 4 0.0791595

15 4 0.0831152

16 4 0.0867429

17 4 0.0900282

18 4 0.0929583

19 4 0.0955215

20 4 0.0977077

21 4 0.0995084

22 4 0.100916

23 4 0.101926

24 4 0.102533

25 4 0.102736

26 4 0.102533

27 4 0.101926

28 4 0.100916

29 4 0.0995084

30 4 0.0977077

31 4 0.0955215

32 4 0.0929583

33 4 0.0900282

34 4 0.0867429

35 4 0.0831152

36 4 0.0791595

37 4 0.0748913

38 4 0.0703276

39 4 0.0654864

40 4 0.0603867

41 4 0.0550487

42 4 0.0494934

43 4 0.0437429

44 4 0.0378196

45 4 0.0317472

46 4 0.0255494

47 4 0.0192508

48 4 0.0128762

49 4 0.00645085

50 4 0

0 5 0

1 5 0.00801569

2 5 0.0159997

3 5 0.0239207

4 5 0.0317472

5 5 0.0394484

6 5 0.0469939

7 5 0.054354

8 5 0.0614996

9 5 0.0684024

10 5 0.0750353

11 5 0.0813721

12 5 0.0873877

13 5 0.0930584

14 5 0.0983619

15 5 0.103277

16 5 0.107785

17 5 0.111867

18 5 0.115508

19 5 0.118693

20 5 0.12141

21 5 0.123647

22 5 0.125397

23 5 0.126651

24 5 0.127406

25 5 0.127658

26 5 0.127406

27 5 0.126651

28 5 0.125397

29 5 0.123647

30 5 0.12141

31 5 0.118693

32 5 0.115508

33 5 0.111867

34 5 0.107785

35 5 0.103277

36 5 0.0983619

37 5 0.0930584

38 5 0.0873877

39 5 0.0813721

40 5 0.0750353

41 5 0.0684024

42 5 0.0614996

43 5 0.054354

44 5 0.0469939

45 5 0.0394484

46 5 0.0317472

47 5 0.0239207

48 5 0.0159997

49 5 0.00801569

50 5 0

0 6 0

1 6 0.0095489

2 6 0.0190601

3 6 0.0284961

4 6 0.0378196

5 6 0.0469939

6 6 0.0559827

7 6 0.0647506

8 6 0.0732629

9 6 0.0814861

10 6 0.0893878

11 6 0.0969366

12 6 0.104103

13 6 0.110858

14 6 0.117176

15 6 0.123032

16 6 0.128402

17 6 0.133265

18 6 0.137602

19 6 0.141396

20 6 0.144632

21 6 0.147298

22 6 0.149382

23 6 0.150876

24 6 0.151775

25 6 0.152076

26 6 0.151775

27 6 0.150876

28 6 0.149382

29 6 0.147298

30 6 0.144632

31 6 0.141396

32 6 0.137602

33 6 0.133265

34 6 0.128402

35 6 0.123032

36 6 0.117176

37 6 0.110858

38 6 0.104103

39 6 0.0969366

40 6 0.0893878

41 6 0.0814861

42 6 0.0732629

43 6 0.0647506

44 6 0.0559827

45 6 0.0469939

46 6 0.0378196

47 6 0.0284961

48 6 0.0190601

49 6 0.0095489

50 6 0

0 7 0

1 7 0.0110444

2 7 0.0220453

3 7 0.0329591

4 7 0.0437429

5 7 0.054354

6 7 0.0647506

7 7 0.0748917

8 7 0.0847372

9 7 0.0942483

10 7 0.103387

11 7 0.112119

12 7 0.120407

13 7 0.128221

14 7 0.135528

15 7 0.142301

16 7 0.148512

17 7 0.154136

18 7 0.159153

19 7 0.163541

20 7 0.167284

21 7 0.170367

22 7 0.172778

23 7 0.174506

24 7 0.175546

25 7 0.175893

26 7 0.175546

27 7 0.174506

28 7 0.172778

29 7 0.170367

30 7 0.167284

31 7 0.163541

32 7 0.159153

33 7 0.154136

34 7 0.148512

35 7 0.142301

36 7 0.135528

37 7 0.128221

38 7 0.120407

39 7 0.112119

40 7 0.103387

41 7 0.0942483

42 7 0.0847372

43 7 0.0748917

44 7 0.0647506

45 7 0.054354

46 7 0.0437429

47 7 0.0329591

48 7 0.0220453

49 7 0.0110444

50 7 0

0 8 0

1 8 0.0124964

2 8 0.0249434

3 8 0.037292

4 8 0.0494934

5 8 0.0614996

6 8 0.0732629

7 8 0.0847372

8 8 0.095877

9 8 0.106638

10 8 0.116979

11 8 0.126858

12 8 0.136236

13 8 0.145077

14 8 0.153345

15 8 0.161008

16 8 0.168035

17 8 0.1744

18 8 0.180076

19 8 0.185041

20 8 0.189276

21 8 0.192764

22 8 0.195492

23 8 0.197447

24 8 0.198624

25 8 0.199017

26 8 0.198624

27 8 0.197447

28 8 0.195492

29 8 0.192764

30 8 0.189276

31 8 0.185041

32 8 0.180076

33 8 0.1744

34 8 0.168035

35 8 0.161008

36 8 0.153345

37 8 0.145077

38 8 0.136236

39 8 0.126858

40 8 0.116979

41 8 0.106638

42 8 0.095877

43 8 0.0847372

44 8 0.0732629

45 8 0.0614996

46 8 0.0494934

47 8 0.037292

48 8 0.0249434

49 8 0.0124964

50 8 0

0 9 0

1 9 0.013899

2 9 0.0277431

3 9 0.0414778

4 9 0.0550487

5 9 0.0684024

6 9 0.0814861

7 9 0.0942483

8 9 0.106638

9 9 0.118608

10 9 0.130109

11 9 0.141097

12 9 0.151528

13 9 0.161361

14 9 0.170557

15 9 0.17908

16 9 0.186896

17 9 0.193975

18 9 0.200288

19 9 0.205811

20 9 0.210521

21 9 0.214401

22 9 0.217434

23 9 0.219609

24 9 0.220918

25 9 0.221355

26 9 0.220918

27 9 0.219609

28 9 0.217434

29 9 0.214401

30 9 0.210521

31 9 0.205811

32 9 0.200288

33 9 0.193975

34 9 0.186896

35 9 0.17908

36 9 0.170557

37 9 0.161361

38 9 0.151528

39 9 0.141097

40 9 0.130109

41 9 0.118608

42 9 0.106638

43 9 0.0942483

44 9 0.0814861

45 9 0.0684024

46 9 0.0550487

47 9 0.0414778

48 9 0.0277431

49 9 0.013899

50 9 0

0 10 0

1 10 0.0152468

2 10 0.0304333

3 10 0.0454998

4 10 0.0603867

5 10 0.0750353

6 10 0.0893878

7 10 0.103387

8 10 0.116979

9 10 0.130109

10 10 0.142726

11 10 0.154779

12 10 0.166221

13 10 0.177008

14 10 0.187096

15 10 0.196445

16 10 0.205019

17 10 0.212784

18 10 0.219709

19 10 0.225768

20 10 0.230935

21 10 0.235191

22 10 0.238518

23 10 0.240905

24 10 0.24234

25 10 0.242819

26 10 0.24234

27 10 0.240905

28 10 0.238518

29 10 0.235191

30 10 0.230935

31 10 0.225768

32 10 0.219709

33 10 0.212784

34 10 0.205019

35 10 0.196445

36 10 0.187096

37 10 0.177008

38 10 0.166221

39 10 0.154779

40 10 0.142726

41 10 0.130109

42 10 0.116979

43 10 0.103387

44 10 0.0893878

45 10 0.0750353

46 10 0.0603867

47 10 0.0454998

48 10 0.0304333

49 10 0.0152468

50 10 0

0 11 0

1 11 0.0165343

2 11 0.0330034

3 11 0.0493423

4 11 0.0654864

5 11 0.0813721

6 11 0.0969366

7 11 0.112119

8 11 0.126858

9 11 0.141097

10 11 0.154779

11 11 0.16785

12 11 0.180259

13 11 0.191956

14 11 0.202896

15 11 0.213035

16 11 0.222333

17 11 0.230754

18 11 0.238264

19 11 0.244834

20 11 0.250437

21 11 0.255053

22 11 0.258661

23 11 0.261249

24 11 0.262806

25 11 0.263326

26 11 0.262806

27 11 0.261249

28 11 0.258661

29 11 0.255053

30 11 0.250437

31 11 0.244834

32 11 0.238264

33 11 0.230754

34 11 0.222333

35 11 0.213035

36 11 0.202896

37 11 0.191956

38 11 0.180259

39 11 0.16785

40 11 0.154779

41 11 0.141097

42 11 0.126858

43 11 0.112119

44 11 0.0969366

45 11 0.0813721

46 11 0.0654864

47 11 0.0493423

48 11 0.0330034

49 11 0.0165343

50 11 0

0 12 0

1 12 0.0177567

2 12 0.0354433

3 12 0.05299

4 12 0.0703276

5 12 0.0873877

6 12 0.104103

7 12 0.120407

8 12 0.136236

9 12 0.151528

10 12 0.166221

11 12 0.180259

12 12 0.193585

13 12 0.206147

14 12 0.217895

15 12 0.228784

16 12 0.23877

17 12 0.247813

18 12 0.255878

19 12 0.262934

20 12 0.268952

21 12 0.273908

22 12 0.277783

23 12 0.280563

24 12 0.282234

25 12 0.282793

26 12 0.282234

27 12 0.280563

28 12 0.277783

29 12 0.273908

30 12 0.268952

31 12 0.262934

32 12 0.255878

33 12 0.247813

34 12 0.23877

35 12 0.228784

36 12 0.217895

37 12 0.206147

38 12 0.193585

39 12 0.180259

40 12 0.166221

41 12 0.151528

42 12 0.136236

43 12 0.120407

44 12 0.104103

45 12 0.0873877

46 12 0.0703276

47 12 0.05299

48 12 0.0354433

49 12 0.0177567

50 12 0

0 13 0

1 13 0.018909

2 13 0.0377433

3 13 0.0564287

4 13 0.0748913

5 13 0.0930584

6 13 0.110858

7 13 0.128221

8 13 0.145077

9 13 0.161361

10 13 0.177008

11 13 0.191956

12 13 0.206147

13 13 0.219524

14 13 0.232035

15 13 0.24363

16 13 0.254264

17 13 0.263894

18 13 0.272483

19 13 0.279996

20 13 0.286404

21 13 0.291682

22 13 0.295809

23 13 0.298769

24 13 0.300549

25 13 0.301143

26 13 0.300549

27 13 0.298769

28 13 0.295809

29 13 0.291682

30 13 0.286404

31 13 0.279996

32 13 0.272483

33 13 0.263894

34 13 0.254264

35 13 0.24363

36 13 0.232035

37 13 0.219524

38 13 0.206147

39 13 0.191956

40 13 0.177008

41 13 0.161361

42 13 0.145077

43 13 0.128221

44 13 0.110858

45 13 0.0930584

46 13 0.0748913

47 13 0.0564287

48 13 0.0377433

49 13 0.018909

50 13 0

0 14 0

1 14 0.0199866

2 14 0.0398943

3 14 0.0596446

4 14 0.0791595

5 14 0.0983619

6 14 0.117176

7 14 0.135528

8 14 0.153345

9 14 0.170557

10 14 0.187096

11 14 0.202896

12 14 0.217895

13 14 0.232035

14 14 0.245259

15 14 0.257515

16 14 0.268755

17 14 0.278934

18 14 0.288012

19 14 0.295953

20 14 0.302727

21 14 0.308306

22 14 0.312668

23 14 0.315796

24 14 0.317678

25 14 0.318306

26 14 0.317678

27 14 0.315796

28 14 0.312668

29 14 0.308306

30 14 0.302727

31 14 0.295953

32 14 0.288012

33 14 0.278934

34 14 0.268755

35 14 0.257515

36 14 0.245259

37 14 0.232035

38 14 0.217895

39 14 0.202896

40 14 0.187096

41 14 0.170557

42 14 0.153345

43 14 0.135528

44 14 0.117176

45 14 0.0983619

46 14 0.0791595

47 14 0.0596446

48 14 0.0398943

49 14 0.0199866

50 14 0

0 15 0

1 15 0.0209854

2 15 0.0418879

3 15 0.0626251

4 15 0.0831152

5 15 0.103277

6 15 0.123032

7 15 0.142301

8 15 0.161008

9 15 0.17908

10 15 0.196445

11 15 0.213035

12 15 0.228784

13 15 0.24363

14 15 0.257515

15 15 0.270383

16 15 0.282185

17 15 0.292872

18 15 0.302404

19 15 0.310743

20 15 0.317855

21 15 0.323712

22 15 0.328292

23 15 0.331577

24 15 0.333553

25 15 0.334212

26 15 0.333553

27 15 0.331577

28 15 0.328292

29 15 0.323712

30 15 0.317855

31 15 0.310743

32 15 0.302404

33 15 0.292872

34 15 0.282185

35 15 0.270383

36 15 0.257515

37 15 0.24363

38 15 0.228784

39 15 0.213035

40 15 0.196445

41 15 0.17908

42 15 0.161008

43 15 0.142301

44 15 0.123032

45 15 0.103277

46 15 0.0831152

47 15 0.0626251

48 15 0.0418879

49 15 0.0209854

50 15 0

0 16 0

1 16 0.0219013

2 16 0.0437162

3 16 0.0653585

4 16 0.0867429

5 16 0.107785

6 16 0.128402

7 16 0.148512

8 16 0.168035

9 16 0.186896

10 16 0.205019

11 16 0.222333

12 16 0.23877

13 16 0.254264

14 16 0.268755

15 16 0.282185

16 16 0.294501

17 16 0.305655

18 16 0.315603

19 16 0.324305

20 16 0.331728

21 16 0.337841

22 16 0.342621

23 16 0.346049

24 16 0.348111

25 16 0.348799

26 16 0.348111

27 16 0.346049

28 16 0.342621

29 16 0.337841

30 16 0.331728

31 16 0.324305

32 16 0.315603

33 16 0.305655

34 16 0.294501

35 16 0.282185

36 16 0.268755

37 16 0.254264

38 16 0.23877

39 16 0.222333

40 16 0.205019

41 16 0.186896

42 16 0.168035

43 16 0.148512

44 16 0.128402

45 16 0.107785

46 16 0.0867429

47 16 0.0653585

48 16 0.0437162

49 16 0.0219013

50 16 0

0 17 0

1 17 0.0227308

2 17 0.0453719

3 17 0.0678339

4 17 0.0900282

5 17 0.111867

6 17 0.133265

7 17 0.154136

8 17 0.1744

9 17 0.193975

10 17 0.212784

11 17 0.230754

12 17 0.247813

13 17 0.263894

14 17 0.278934

15 17 0.292872

16 17 0.305655

17 17 0.317232

18 17 0.327557

19 17 0.336588

20 17 0.344292

21 17 0.350637

22 17 0.355598

23 17 0.359156

24 17 0.361296

25 17 0.36201

26 17 0.361296

27 17 0.359156

28 17 0.355598

29 17 0.350637

30 17 0.344292

31 17 0.336588

32 17 0.327557

33 17 0.317232

34 17 0.305655

35 17 0.292872

36 17 0.278934

37 17 0.263894

38 17 0.247813

39 17 0.230754

40 17 0.212784

41 17 0.193975

42 17 0.1744

43 17 0.154136

44 17 0.133265

45 17 0.111867

46 17 0.0900282

47 17 0.0678339

48 17 0.0453719

49 17 0.0227308

50 17 0

0 18 0

1 18 0.0234706

2 18 0.0468486

3 18 0.0700417

4 18 0.0929583

5 18 0.115508

6 18 0.137602

7 18 0.159153

8 18 0.180076

9 18 0.200288

10 18 0.219709

11 18 0.238264

12 18 0.255878

13 18 0.272483

14 18 0.288012

15 18 0.302404

16 18 0.315603

17 18 0.327557

18 18 0.338217

19 18 0.347543

20 18 0.355497

21 18 0.362049

22 18 0.367171

23 18 0.370845

24 18 0.373055

25 18 0.373792

26 18 0.373055

27 18 0.370845

28 18 0.367171

29 18 0.362049

30 18 0.355497

31 18 0.347543

32 18 0.338217

33 18 0.327557

34 18 0.315603

35 18 0.302404

36 18 0.288012

37 18 0.272483

38 18 0.255878

39 18 0.238264

40 18 0.219709

41 18 0.200288

42 18 0.180076

43 18 0.159153

44 18 0.137602

45 18 0.115508

46 18 0.0929583

47 18 0.0700417

48 18 0.0468486

49 18 0.0234706

50 18 0

0 19 0

1 19 0.0241178

2 19 0.0481404

3 19 0.071973

4 19 0.0955215

5 19 0.118693

6 19 0.141396

7 19 0.163541

8 19 0.185041

9 19 0.205811

10 19 0.225768

11 19 0.244834

12 19 0.262934

13 19 0.279996

14 19 0.295953

15 19 0.310743

16 19 0.324305

17 19 0.336588

18 19 0.347543

19 19 0.357126

20 19 0.3653

21 19 0.372032

22 19 0.377295

23 19 0.38107

24 19 0.383341

25 19 0.384099

26 19 0.383341

27 19 0.38107

28 19 0.377295

29 19 0.372032

30 19 0.3653

31 19 0.357126

32 19 0.347543

33 19 0.336588

34 19 0.324305

35 19 0.310743

36 19 0.295953

37 19 0.279996

38 19 0.262934

39 19 0.244834

40 19 0.225768

41 19 0.205811

42 19 0.185041

43 19 0.163541

44 19 0.141396

45 19 0.118693

46 19 0.0955215

47 19 0.071973

48 19 0.0481404

49 19 0.0241178

50 19 0

0 20 0

1 20 0.0246698

2 20 0.0492422

3 20 0.0736202

4 20 0.0977077

5 20 0.12141

6 20 0.144632

7 20 0.167284

8 20 0.189276

9 20 0.210521

10 20 0.230935

11 20 0.250437

12 20 0.268952

13 20 0.286404

14 20 0.302727

15 20 0.317855

16 20 0.331728

17 20 0.344292

18 20 0.355497

19 20 0.3653

20 20 0.373661

21 20 0.380547

22 20 0.385931

23 20 0.389792

24 20 0.392115

25 20 0.39289

26 20 0.392115

27 20 0.389792

28 20 0.385931

29 20 0.380547

30 20 0.373661

31 20 0.3653

32 20 0.355497

33 20 0.344292

34 20 0.331728

35 20 0.317855

36 20 0.302727

37 20 0.286404

38 20 0.268952

39 20 0.250437

40 20 0.230935

41 20 0.210521

42 20 0.189276

43 20 0.167284

44 20 0.144632

45 20 0.12141

46 20 0.0977077

47 20 0.0736202

48 20 0.0492422

49 20 0.0246698

50 20 0

0 21 0

1 21 0.0251244

2 21 0.0501496

3 21 0.0749769

4 21 0.0995084

5 21 0.123647

6 21 0.147298

7 21 0.170367

8 21 0.192764

9 21 0.214401

10 21 0.235191

11 21 0.255053

12 21 0.273908

13 21 0.291682

14 21 0.308306

15 21 0.323712

16 21 0.337841

17 21 0.350637

18 21 0.362049

19 21 0.372032

20 21 0.380547

21 21 0.38756

22 21 0.393043

23 21 0.396975

24 21 0.399341

25 21 0.40013

26 21 0.399341

27 21 0.396975

28 21 0.393043

29 21 0.38756

30 21 0.380547

31 21 0.372032

32 21 0.362049

33 21 0.350637

34 21 0.337841

35 21 0.323712

36 21 0.308306

37 21 0.291682

38 21 0.273908

39 21 0.255053

40 21 0.235191

41 21 0.214401

42 21 0.192764

43 21 0.170367

44 21 0.147298

45 21 0.123647

46 21 0.0995084

47 21 0.0749769

48 21 0.0501496

49 21 0.0251244

50 21 0

0 22 0

1 22 0.0254799

2 22 0.0508592

3 22 0.0760378

4 22 0.100916

5 22 0.125397

6 22 0.149382

7 22 0.172778

8 22 0.195492

9 22 0.217434

10 22 0.238518

11 22 0.258661

12 22 0.277783

13 22 0.295809

14 22 0.312668

15 22 0.328292

16 22 0.342621

17 22 0.355598

18 22 0.367171

19 22 0.377295

20 22 0.385931

21 22 0.393043

22 22 0.398604

23 22 0.402592

24 22 0.404991

25 22 0.405792

26 22 0.404991

27 22 0.402592

28 22 0.398604

29 22 0.393043

30 22 0.385931

31 22 0.377295

32 22 0.367171

33 22 0.355598

34 22 0.342621

35 22 0.328292

36 22 0.312668

37 22 0.295809

38 22 0.277783

39 22 0.258661

40 22 0.238518

41 22 0.217434

42 22 0.195492

43 22 0.172778

44 22 0.149382

45 22 0.125397

46 22 0.100916

47 22 0.0760378

48 22 0.0508592

49 22 0.0254799

50 22 0

0 23 0

1 23 0.0257348

2 23 0.051368

3 23 0.0767985

4 23 0.101926

5 23 0.126651

6 23 0.150876

7 23 0.174506

8 23 0.197447

9 23 0.219609

10 23 0.240905

11 23 0.261249

12 23 0.280563

13 23 0.298769

14 23 0.315796

15 23 0.331577

16 23 0.346049

17 23 0.359156

18 23 0.370845

19 23 0.38107

20 23 0.389792

21 23 0.396975

22 23 0.402592

23 23 0.40662

24 23 0.409043

25 23 0.409851

26 23 0.409043

27 23 0.40662

28 23 0.402592

29 23 0.396975

30 23 0.389792

31 23 0.38107

32 23 0.370845

33 23 0.359156

34 23 0.346049

35 23 0.331577

36 23 0.315796

37 23 0.298769

38 23 0.280563

39 23 0.261249

40 23 0.240905

41 23 0.219609

42 23 0.197447

43 23 0.174506

44 23 0.150876

45 23 0.126651

46 23 0.101926

47 23 0.0767985

48 23 0.051368

49 23 0.0257348

50 23 0

0 24 0

1 24 0.0258881

2 24 0.0516741

3 24 0.0772561

4 24 0.102533

5 24 0.127406

6 24 0.151775

7 24 0.175546

8 24 0.198624

9 24 0.220918

10 24 0.24234

11 24 0.262806

12 24 0.282234

13 24 0.300549

14 24 0.317678

15 24 0.333553

16 24 0.348111

17 24 0.361296

18 24 0.373055

19 24 0.383341

20 24 0.392115

21 24 0.399341

22 24 0.404991

23 24 0.409043

24 24 0.41148

25 24 0.412294

26 24 0.41148

27 24 0.409043

28 24 0.404991

29 24 0.399341

30 24 0.392115

31 24 0.383341

32 24 0.373055

33 24 0.361296

34 24 0.348111

35 24 0.333553

36 24 0.317678

37 24 0.300549

38 24 0.282234

39 24 0.262806

40 24 0.24234

41 24 0.220918

42 24 0.198624

43 24 0.175546

44 24 0.151775

45 24 0.127406

46 24 0.102533

47 24 0.0772561

48 24 0.0516741

49 24 0.0258881

50 24 0

0 25 0

1 25 0.0259393

2 25 0.0517763

3 25 0.0774089

4 25 0.102736

5 25 0.127658

6 25 0.152076

7 25 0.175893

8 25 0.199017

9 25 0.221355

10 25 0.242819

11 25 0.263326

12 25 0.282793

13 25 0.301143

14 25 0.318306

15 25 0.334212

16 25 0.348799

17 25 0.36201

18 25 0.373792

19 25 0.384099

20 25 0.39289

21 25 0.40013

22 25 0.405792

23 25 0.409851

24 25 0.412294

25 25 0.413109

26 25 0.412294

27 25 0.409851

28 25 0.405792

29 25 0.40013

30 25 0.39289

31 25 0.384099

32 25 0.373792

33 25 0.36201

34 25 0.348799

35 25 0.334212

36 25 0.318306

37 25 0.301143

38 25 0.282793

39 25 0.263326

40 25 0.242819

41 25 0.221355

42 25 0.199017

43 25 0.175893

44 25 0.152076

45 25 0.127658

46 25 0.102736

47 25 0.0774089

48 25 0.0517763

49 25 0.0259393

50 25 0

0 26 0

1 26 0.0258881

2 26 0.0516741

3 26 0.0772561

4 26 0.102533

5 26 0.127406

6 26 0.151775

7 26 0.175546

8 26 0.198624

9 26 0.220918

10 26 0.24234

11 26 0.262806

12 26 0.282234

13 26 0.300549

14 26 0.317678

15 26 0.333553

16 26 0.348111

17 26 0.361296

18 26 0.373055

19 26 0.383341

20 26 0.392115

21 26 0.399341

22 26 0.404991

23 26 0.409043

24 26 0.41148

25 26 0.412294

26 26 0.41148

27 26 0.409043

28 26 0.404991

29 26 0.399341

30 26 0.392115

31 26 0.383341

32 26 0.373055

33 26 0.361296

34 26 0.348111

35 26 0.333553

36 26 0.317678

37 26 0.300549

38 26 0.282234

39 26 0.262806

40 26 0.24234

41 26 0.220918

42 26 0.198624

43 26 0.175546

44 26 0.151775

45 26 0.127406

46 26 0.102533

47 26 0.0772561

48 26 0.0516741

49 26 0.0258881

50 26 0

0 27 0

1 27 0.0257348

2 27 0.051368

3 27 0.0767985

4 27 0.101926

5 27 0.126651

6 27 0.150876

7 27 0.174506

8 27 0.197447

9 27 0.219609

10 27 0.240905

11 27 0.261249

12 27 0.280563

13 27 0.298769

14 27 0.315796

15 27 0.331577

16 27 0.346049

17 27 0.359156

18 27 0.370845

19 27 0.38107

20 27 0.389792

21 27 0.396975

22 27 0.402592

23 27 0.40662

24 27 0.409043

25 27 0.409851

26 27 0.409043

27 27 0.40662

28 27 0.402592

29 27 0.396975

30 27 0.389792

31 27 0.38107

32 27 0.370845

33 27 0.359156

34 27 0.346049

35 27 0.331577

36 27 0.315796

37 27 0.298769

38 27 0.280563

39 27 0.261249

40 27 0.240905

41 27 0.219609

42 27 0.197447

43 27 0.174506

44 27 0.150876

45 27 0.126651

46 27 0.101926

47 27 0.0767985

48 27 0.051368

49 27 0.0257348

50 27 0

0 28 0

1 28 0.0254799

2 28 0.0508592

3 28 0.0760378

4 28 0.100916

5 28 0.125397

6 28 0.149382

7 28 0.172778

8 28 0.195492

9 28 0.217434

10 28 0.238518

11 28 0.258661

12 28 0.277783

13 28 0.295809

14 28 0.312668

15 28 0.328292

16 28 0.342621

17 28 0.355598

18 28 0.367171

19 28 0.377295

20 28 0.385931

21 28 0.393043

22 28 0.398604

23 28 0.402592

24 28 0.404991

25 28 0.405792

26 28 0.404991

27 28 0.402592

28 28 0.398604

29 28 0.393043

30 28 0.385931

31 28 0.377295

32 28 0.367171

33 28 0.355598

34 28 0.342621

35 28 0.328292

36 28 0.312668

37 28 0.295809

38 28 0.277783

39 28 0.258661

40 28 0.238518

41 28 0.217434

42 28 0.195492

43 28 0.172778

44 28 0.149382

45 28 0.125397

46 28 0.100916

47 28 0.0760378

48 28 0.0508592

49 28 0.0254799

50 28 0

0 29 0

1 29 0.0251244

2 29 0.0501496

3 29 0.0749769

4 29 0.0995084

5 29 0.123647

6 29 0.147298

7 29 0.170367

8 29 0.192764

9 29 0.214401

10 29 0.235191

11 29 0.255053

12 29 0.273908

13 29 0.291682

14 29 0.308306

15 29 0.323712

16 29 0.337841

17 29 0.350637

18 29 0.362049

19 29 0.372032

20 29 0.380547

21 29 0.38756

22 29 0.393043

23 29 0.396975

24 29 0.399341

25 29 0.40013

26 29 0.399341

27 29 0.396975

28 29 0.393043

29 29 0.38756

30 29 0.380547

31 29 0.372032

32 29 0.362049

33 29 0.350637

34 29 0.337841

35 29 0.323712

36 29 0.308306

37 29 0.291682

38 29 0.273908

39 29 0.255053

40 29 0.235191

41 29 0.214401

42 29 0.192764

43 29 0.170367

44 29 0.147298

45 29 0.123647

46 29 0.0995084

47 29 0.0749769

48 29 0.0501496

49 29 0.0251244

50 29 0

0 30 0

1 30 0.0246698

2 30 0.0492422

3 30 0.0736202

4 30 0.0977077

5 30 0.12141

6 30 0.144632

7 30 0.167284

8 30 0.189276

9 30 0.210521

10 30 0.230935

11 30 0.250437

12 30 0.268952

13 30 0.286404

14 30 0.302727

15 30 0.317855

16 30 0.331728

17 30 0.344292

18 30 0.355497

19 30 0.3653

20 30 0.373661

21 30 0.380547

22 30 0.385931

23 30 0.389792

24 30 0.392115

25 30 0.39289

26 30 0.392115

27 30 0.389792

28 30 0.385931

29 30 0.380547

30 30 0.373661

31 30 0.3653

32 30 0.355497

33 30 0.344292

34 30 0.331728

35 30 0.317855

36 30 0.302727

37 30 0.286404

38 30 0.268952

39 30 0.250437

40 30 0.230935

41 30 0.210521

42 30 0.189276

43 30 0.167284

44 30 0.144632

45 30 0.12141

46 30 0.0977077

47 30 0.0736202

48 30 0.0492422

49 30 0.0246698

50 30 0

0 31 0

1 31 0.0241178

2 31 0.0481404

3 31 0.071973

4 31 0.0955215

5 31 0.118693

6 31 0.141396

7 31 0.163541

8 31 0.185041

9 31 0.205811

10 31 0.225768

11 31 0.244834

12 31 0.262934

13 31 0.279996

14 31 0.295953

15 31 0.310743

16 31 0.324305

17 31 0.336588

18 31 0.347543

19 31 0.357126

20 31 0.3653

21 31 0.372032

22 31 0.377295

23 31 0.38107

24 31 0.383341

25 31 0.384099

26 31 0.383341

27 31 0.38107

28 31 0.377295

29 31 0.372032

30 31 0.3653

31 31 0.357126

32 31 0.347543

33 31 0.336588

34 31 0.324305

35 31 0.310743

36 31 0.295953

37 31 0.279996

38 31 0.262934

39 31 0.244834

40 31 0.225768

41 31 0.205811

42 31 0.185041

43 31 0.163541

44 31 0.141396

45 31 0.118693

46 31 0.0955215

47 31 0.071973

48 31 0.0481404

49 31 0.0241178

50 31 0

0 32 0

1 32 0.0234706

2 32 0.0468486

3 32 0.0700417

4 32 0.0929583

5 32 0.115508

6 32 0.137602

7 32 0.159153

8 32 0.180076

9 32 0.200288

10 32 0.219709

11 32 0.238264

12 32 0.255878

13 32 0.272483

14 32 0.288012

15 32 0.302404

16 32 0.315603

17 32 0.327557

18 32 0.338217

19 32 0.347543

20 32 0.355497

21 32 0.362049

22 32 0.367171

23 32 0.370845

24 32 0.373055

25 32 0.373792

26 32 0.373055

27 32 0.370845

28 32 0.367171

29 32 0.362049

30 32 0.355497

31 32 0.347543

32 32 0.338217

33 32 0.327557

34 32 0.315603

35 32 0.302404

36 32 0.288012

37 32 0.272483

38 32 0.255878

39 32 0.238264

40 32 0.219709

41 32 0.200288

42 32 0.180076

43 32 0.159153

44 32 0.137602

45 32 0.115508

46 32 0.0929583

47 32 0.0700417

48 32 0.0468486

49 32 0.0234706

50 32 0

0 33 0

1 33 0.0227308

2 33 0.0453719

3 33 0.0678339

4 33 0.0900282

5 33 0.111867

6 33 0.133265

7 33 0.154136

8 33 0.1744

9 33 0.193975

10 33 0.212784

11 33 0.230754

12 33 0.247813

13 33 0.263894

14 33 0.278934

15 33 0.292872

16 33 0.305655

17 33 0.317232

18 33 0.327557

19 33 0.336588

20 33 0.344292

21 33 0.350637

22 33 0.355598

23 33 0.359156

24 33 0.361296

25 33 0.36201

26 33 0.361296

27 33 0.359156

28 33 0.355598

29 33 0.350637

30 33 0.344292

31 33 0.336588

32 33 0.327557

33 33 0.317232

34 33 0.305655

35 33 0.292872

36 33 0.278934

37 33 0.263894

38 33 0.247813

39 33 0.230754

40 33 0.212784

41 33 0.193975

42 33 0.1744

43 33 0.154136

44 33 0.133265

45 33 0.111867

46 33 0.0900282

47 33 0.0678339

48 33 0.0453719

49 33 0.0227308

50 33 0

0 34 0

1 34 0.0219013

2 34 0.0437162

3 34 0.0653585

4 34 0.0867429

5 34 0.107785

6 34 0.128402

7 34 0.148512

8 34 0.168035

9 34 0.186896

10 34 0.205019

11 34 0.222333

12 34 0.23877

13 34 0.254264

14 34 0.268755

15 34 0.282185

16 34 0.294501

17 34 0.305655

18 34 0.315603

19 34 0.324305

20 34 0.331728

21 34 0.337841

22 34 0.342621

23 34 0.346049

24 34 0.348111

25 34 0.348799

26 34 0.348111

27 34 0.346049

28 34 0.342621

29 34 0.337841

30 34 0.331728

31 34 0.324305

32 34 0.315603

33 34 0.305655

34 34 0.294501

35 34 0.282185

36 34 0.268755

37 34 0.254264

38 34 0.23877

39 34 0.222333

40 34 0.205019

41 34 0.186896

42 34 0.168035

43 34 0.148512

44 34 0.128402

45 34 0.107785

46 34 0.0867429

47 34 0.0653585

48 34 0.0437162

49 34 0.0219013

50 34 0

0 35 0

1 35 0.0209854

2 35 0.0418879

3 35 0.0626251

4 35 0.0831152

5 35 0.103277

6 35 0.123032

7 35 0.142301

8 35 0.161008

9 35 0.17908

10 35 0.196445

11 35 0.213035

12 35 0.228784

13 35 0.24363

14 35 0.257515

15 35 0.270383

16 35 0.282185

17 35 0.292872

18 35 0.302404

19 35 0.310743

20 35 0.317855

21 35 0.323712

22 35 0.328292

23 35 0.331577

24 35 0.333553

25 35 0.334212

26 35 0.333553

27 35 0.331577

28 35 0.328292

29 35 0.323712

30 35 0.317855

31 35 0.310743

32 35 0.302404

33 35 0.292872

34 35 0.282185

35 35 0.270383

36 35 0.257515

37 35 0.24363

38 35 0.228784

39 35 0.213035

40 35 0.196445

41 35 0.17908

42 35 0.161008

43 35 0.142301

44 35 0.123032

45 35 0.103277

46 35 0.0831152

47 35 0.0626251

48 35 0.0418879

49 35 0.0209854

50 35 0

0 36 0

1 36 0.0199866

2 36 0.0398943

3 36 0.0596446

4 36 0.0791595

5 36 0.0983619

6 36 0.117176

7 36 0.135528

8 36 0.153345

9 36 0.170557

10 36 0.187096

11 36 0.202896

12 36 0.217895

13 36 0.232035

14 36 0.245259

15 36 0.257515

16 36 0.268755

17 36 0.278934

18 36 0.288012

19 36 0.295953

20 36 0.302727

21 36 0.308306

22 36 0.312668

23 36 0.315796

24 36 0.317678

25 36 0.318306

26 36 0.317678

27 36 0.315796

28 36 0.312668

29 36 0.308306

30 36 0.302727

31 36 0.295953

32 36 0.288012

33 36 0.278934

34 36 0.268755

35 36 0.257515

36 36 0.245259

37 36 0.232035

38 36 0.217895

39 36 0.202896

40 36 0.187096

41 36 0.170557

42 36 0.153345

43 36 0.135528

44 36 0.117176

45 36 0.0983619

46 36 0.0791595

47 36 0.0596446

48 36 0.0398943

49 36 0.0199866

50 36 0

0 37 0

1 37 0.018909

2 37 0.0377433

3 37 0.0564287

4 37 0.0748913

5 37 0.0930584

6 37 0.110858

7 37 0.128221

8 37 0.145077

9 37 0.161361

10 37 0.177008

11 37 0.191956

12 37 0.206147

13 37 0.219524

14 37 0.232035

15 37 0.24363

16 37 0.254264

17 37 0.263894

18 37 0.272483

19 37 0.279996

20 37 0.286404

21 37 0.291682

22 37 0.295809

23 37 0.298769

24 37 0.300549

25 37 0.301143

26 37 0.300549

27 37 0.298769

28 37 0.295809

29 37 0.291682

30 37 0.286404

31 37 0.279996

32 37 0.272483

33 37 0.263894

34 37 0.254264

35 37 0.24363

36 37 0.232035

37 37 0.219524

38 37 0.206147

39 37 0.191956

40 37 0.177008

41 37 0.161361

42 37 0.145077

43 37 0.128221

44 37 0.110858

45 37 0.0930584

46 37 0.0748913

47 37 0.0564287

48 37 0.0377433

49 37 0.018909

50 37 0

0 38 0

1 38 0.0177567

2 38 0.0354433

3 38 0.05299

4 38 0.0703276

5 38 0.0873877

6 38 0.104103

7 38 0.120407

8 38 0.136236

9 38 0.151528

10 38 0.166221

11 38 0.180259

12 38 0.193585

13 38 0.206147

14 38 0.217895

15 38 0.228784

16 38 0.23877

17 38 0.247813

18 38 0.255878

19 38 0.262934

20 38 0.268952

21 38 0.273908

22 38 0.277783

23 38 0.280563

24 38 0.282234

25 38 0.282793

26 38 0.282234

27 38 0.280563

28 38 0.277783

29 38 0.273908

30 38 0.268952

31 38 0.262934

32 38 0.255878

33 38 0.247813

34 38 0.23877

35 38 0.228784

36 38 0.217895

37 38 0.206147

38 38 0.193585

39 38 0.180259

40 38 0.166221

41 38 0.151528

42 38 0.136236

43 38 0.120407

44 38 0.104103

45 38 0.0873877

46 38 0.0703276

47 38 0.05299

48 38 0.0354433

49 38 0.0177567

50 38 0

0 39 0

1 39 0.0165343

2 39 0.0330034

3 39 0.0493423

4 39 0.0654864

5 39 0.0813721

6 39 0.0969366

7 39 0.112119

8 39 0.126858

9 39 0.141097

10 39 0.154779

11 39 0.16785

12 39 0.180259

13 39 0.191956

14 39 0.202896

15 39 0.213035

16 39 0.222333

17 39 0.230754

18 39 0.238264

19 39 0.244834

20 39 0.250437

21 39 0.255053

22 39 0.258661

23 39 0.261249

24 39 0.262806

25 39 0.263326

26 39 0.262806

27 39 0.261249

28 39 0.258661

29 39 0.255053

30 39 0.250437

31 39 0.244834

32 39 0.238264

33 39 0.230754

34 39 0.222333

35 39 0.213035

36 39 0.202896

37 39 0.191956

38 39 0.180259

39 39 0.16785

40 39 0.154779

41 39 0.141097

42 39 0.126858

43 39 0.112119

44 39 0.0969366

45 39 0.0813721

46 39 0.0654864

47 39 0.0493423

48 39 0.0330034

49 39 0.0165343

50 39 0

0 40 0

1 40 0.0152468

2 40 0.0304333

3 40 0.0454998

4 40 0.0603867

5 40 0.0750353

6 40 0.0893878

7 40 0.103387

8 40 0.116979

9 40 0.130109

10 40 0.142726

11 40 0.154779

12 40 0.166221

13 40 0.177008

14 40 0.187096

15 40 0.196445

16 40 0.205019

17 40 0.212784

18 40 0.219709

19 40 0.225768

20 40 0.230935

21 40 0.235191

22 40 0.238518

23 40 0.240905

24 40 0.24234

25 40 0.242819

26 40 0.24234

27 40 0.240905

28 40 0.238518

29 40 0.235191

30 40 0.230935

31 40 0.225768

32 40 0.219709

33 40 0.212784

34 40 0.205019

35 40 0.196445

36 40 0.187096

37 40 0.177008

38 40 0.166221

39 40 0.154779

40 40 0.142726

41 40 0.130109

42 40 0.116979

43 40 0.103387

44 40 0.0893878

45 40 0.0750353

46 40 0.0603867

47 40 0.0454998

48 40 0.0304333

49 40 0.0152468

50 40 0

0 41 0

1 41 0.013899

2 41 0.0277431

3 41 0.0414778

4 41 0.0550487

5 41 0.0684024

6 41 0.0814861

7 41 0.0942483

8 41 0.106638

9 41 0.118608

10 41 0.130109

11 41 0.141097

12 41 0.151528

13 41 0.161361

14 41 0.170557

15 41 0.17908

16 41 0.186896

17 41 0.193975

18 41 0.200288

19 41 0.205811

20 41 0.210521

21 41 0.214401

22 41 0.217434

23 41 0.219609

24 41 0.220918

25 41 0.221355

26 41 0.220918

27 41 0.219609

28 41 0.217434

29 41 0.214401

30 41 0.210521

31 41 0.205811

32 41 0.200288

33 41 0.193975

34 41 0.186896

35 41 0.17908

36 41 0.170557

37 41 0.161361

38 41 0.151528

39 41 0.141097

40 41 0.130109

41 41 0.118608

42 41 0.106638

43 41 0.0942483

44 41 0.0814861

45 41 0.0684024

46 41 0.0550487

47 41 0.0414778

48 41 0.0277431

49 41 0.013899

50 41 0

0 42 0

1 42 0.0124964

2 42 0.0249434

3 42 0.037292

4 42 0.0494934

5 42 0.0614996

6 42 0.0732629

7 42 0.0847372

8 42 0.095877

9 42 0.106638

10 42 0.116979

11 42 0.126858

12 42 0.136236

13 42 0.145077

14 42 0.153345

15 42 0.161008

16 42 0.168035

17 42 0.1744

18 42 0.180076

19 42 0.185041

20 42 0.189276

21 42 0.192764

22 42 0.195492

23 42 0.197447

24 42 0.198624

25 42 0.199017

26 42 0.198624

27 42 0.197447

28 42 0.195492

29 42 0.192764

30 42 0.189276

31 42 0.185041

32 42 0.180076

33 42 0.1744

34 42 0.168035

35 42 0.161008

36 42 0.153345

37 42 0.145077

38 42 0.136236

39 42 0.126858

40 42 0.116979

41 42 0.106638

42 42 0.095877

43 42 0.0847372

44 42 0.0732629

45 42 0.0614996

46 42 0.0494934

47 42 0.037292

48 42 0.0249434

49 42 0.0124964

50 42 0

0 43 0

1 43 0.0110444

2 43 0.0220453

3 43 0.0329591

4 43 0.0437429

5 43 0.054354

6 43 0.0647506

7 43 0.0748917

8 43 0.0847372

9 43 0.0942483

10 43 0.103387

11 43 0.112119

12 43 0.120407

13 43 0.128221

14 43 0.135528

15 43 0.142301

16 43 0.148512

17 43 0.154136

18 43 0.159153

19 43 0.163541

20 43 0.167284

21 43 0.170367

22 43 0.172778

23 43 0.174506

24 43 0.175546

25 43 0.175893

26 43 0.175546

27 43 0.174506

28 43 0.172778

29 43 0.170367

30 43 0.167284

31 43 0.163541

32 43 0.159153

33 43 0.154136

34 43 0.148512

35 43 0.142301

36 43 0.135528

37 43 0.128221

38 43 0.120407

39 43 0.112119

40 43 0.103387

41 43 0.0942483

42 43 0.0847372

43 43 0.0748917

44 43 0.0647506

45 43 0.054354

46 43 0.0437429

47 43 0.0329591

48 43 0.0220453

49 43 0.0110444

50 43 0

0 44 0

1 44 0.0095489

2 44 0.0190601

3 44 0.0284961

4 44 0.0378196

5 44 0.0469939

6 44 0.0559827

7 44 0.0647506

8 44 0.0732629

9 44 0.0814861

10 44 0.0893878

11 44 0.0969366

12 44 0.104103

13 44 0.110858

14 44 0.117176

15 44 0.123032

16 44 0.128402

17 44 0.133265

18 44 0.137602

19 44 0.141396

20 44 0.144632

21 44 0.147298

22 44 0.149382

23 44 0.150876

24 44 0.151775

25 44 0.152076

26 44 0.151775

27 44 0.150876

28 44 0.149382

29 44 0.147298

30 44 0.144632

31 44 0.141396

32 44 0.137602

33 44 0.133265

34 44 0.128402

35 44 0.123032

36 44 0.117176

37 44 0.110858

38 44 0.104103

39 44 0.0969366

40 44 0.0893878

41 44 0.0814861

42 44 0.0732629

43 44 0.0647506

44 44 0.0559827

45 44 0.0469939

46 44 0.0378196

47 44 0.0284961

48 44 0.0190601

49 44 0.0095489

50 44 0

0 45 0

1 45 0.00801569

2 45 0.0159997

3 45 0.0239207

4 45 0.0317472

5 45 0.0394484

6 45 0.0469939

7 45 0.054354

8 45 0.0614996

9 45 0.0684024

10 45 0.0750353

11 45 0.0813721

12 45 0.0873877

13 45 0.0930584

14 45 0.0983619

15 45 0.103277

16 45 0.107785

17 45 0.111867

18 45 0.115508

19 45 0.118693

20 45 0.12141

21 45 0.123647

22 45 0.125397

23 45 0.126651

24 45 0.127406

25 45 0.127658

26 45 0.127406

27 45 0.126651

28 45 0.125397

29 45 0.123647

30 45 0.12141

31 45 0.118693

32 45 0.115508

33 45 0.111867

34 45 0.107785

35 45 0.103277

36 45 0.0983619

37 45 0.0930584

38 45 0.0873877

39 45 0.0813721

40 45 0.0750353

41 45 0.0684024

42 45 0.0614996

43 45 0.054354

44 45 0.0469939

45 45 0.0394484

46 45 0.0317472

47 45 0.0239207

48 45 0.0159997

49 45 0.00801569

50 45 0

0 46 0

1 46 0.00645085

2 46 0.0128762

3 46 0.0192508

4 46 0.0255494

5 46 0.0317472

6 46 0.0378196

7 46 0.0437429

8 46 0.0494934

9 46 0.0550487

10 46 0.0603867

11 46 0.0654864

12 46 0.0703276

13 46 0.0748913

14 46 0.0791595

15 46 0.0831152

16 46 0.0867429

17 46 0.0900282

18 46 0.0929583

19 46 0.0955215

20 46 0.0977077

21 46 0.0995084

22 46 0.100916

23 46 0.101926

24 46 0.102533

25 46 0.102736

26 46 0.102533

27 46 0.101926

28 46 0.100916

29 46 0.0995084

30 46 0.0977077

31 46 0.0955215

32 46 0.0929583

33 46 0.0900282

34 46 0.0867429

35 46 0.0831152

36 46 0.0791595

37 46 0.0748913

38 46 0.0703276

39 46 0.0654864

40 46 0.0603867

41 46 0.0550487

42 46 0.0494934

43 46 0.0437429

44 46 0.0378196

45 46 0.0317472

46 46 0.0255494

47 46 0.0192508

48 46 0.0128762

49 46 0.00645085

50 46 0

0 47 0

1 47 0.00486054

2 47 0.00970191

3 47 0.014505

4 47 0.0192508

5 47 0.0239207

6 47 0.0284961

7 47 0.0329591

8 47 0.037292

9 47 0.0414778

10 47 0.0454998

11 47 0.0493423

12 47 0.05299

13 47 0.0564287

14 47 0.0596446

15 47 0.0626251

16 47 0.0653585

17 47 0.0678339

18 47 0.0700417

19 47 0.071973

20 47 0.0736202

21 47 0.0749769

22 47 0.0760378

23 47 0.0767985

24 47 0.0772561

25 47 0.0774089

26 47 0.0772561

27 47 0.0767985

28 47 0.0760378

29 47 0.0749769

30 47 0.0736202

31 47 0.071973

32 47 0.0700417

33 47 0.0678339

34 47 0.0653585

35 47 0.0626251

36 47 0.0596446

37 47 0.0564287

38 47 0.05299

39 47 0.0493423

40 47 0.0454998

41 47 0.0414778

42 47 0.037292

43 47 0.0329591

44 47 0.0284961

45 47 0.0239207

46 47 0.0192508

47 47 0.014505

48 47 0.00970191

49 47 0.00486054

50 47 0

0 48 0

1 48 0.00325106

2 48 0.00648929

3 48 0.00970191

4 48 0.0128762

5 48 0.0159997

6 48 0.0190601

7 48 0.0220453

8 48 0.0249434

9 48 0.0277431

10 48 0.0304333

11 48 0.0330034

12 48 0.0354433

13 48 0.0377433

14 48 0.0398943

15 48 0.0418879

16 48 0.0437162

17 48 0.0453719

18 48 0.0468486

19 48 0.0481404

20 48 0.0492422

21 48 0.0501496

22 48 0.0508592

23 48 0.051368

24 48 0.0516741

25 48 0.0517763

26 48 0.0516741

27 48 0.051368

28 48 0.0508592

29 48 0.0501496

30 48 0.0492422

31 48 0.0481404

32 48 0.0468486

33 48 0.0453719

34 48 0.0437162

35 48 0.0418879

36 48 0.0398943

37 48 0.0377433

38 48 0.0354433

39 48 0.0330034

40 48 0.0304333

41 48 0.0277431

42 48 0.0249434

43 48 0.0220453

44 48 0.0190601

45 48 0.0159997

46 48 0.0128762

47 48 0.00970191

48 48 0.00648929

49 48 0.00325106

50 48 0

0 49 0

1 49 0.00162874

2 49 0.00325106

3 49 0.00486054

4 49 0.00645085

5 49 0.00801569

6 49 0.0095489

7 49 0.0110444

8 49 0.0124964

9 49 0.013899

10 49 0.0152468

11 49 0.0165343

12 49 0.0177567

13 49 0.018909

14 49 0.0199866

15 49 0.0209854

16 49 0.0219013

17 49 0.0227308

18 49 0.0234706

19 49 0.0241178

20 49 0.0246698

21 49 0.0251244

22 49 0.0254799

23 49 0.0257348

24 49 0.0258881

25 49 0.0259393

26 49 0.0258881

27 49 0.0257348

28 49 0.0254799

29 49 0.0251244

30 49 0.0246698

31 49 0.0241178

32 49 0.0234706

33 49 0.0227308

34 49 0.0219013

35 49 0.0209854

36 49 0.0199866

37 49 0.018909

38 49 0.0177567

39 49 0.0165343

40 49 0.0152468

41 49 0.013899

42 49 0.0124964

43 49 0.0110444

44 49 0.0095489

45 49 0.00801569

46 49 0.00645085

47 49 0.00486054

48 49 0.00325106

49 49 0.00162874

50 49 0

