0 1 0

1 1 0.00170774

2 1 0.00340873

3 1 0.00509628

4 1 0.00676371

5 1 0.00840444

6 1 0.010012

7 1 0.0115801

8 1 0.0131024

9 1 0.0145731

10 1 0.0159862

11 1 0.0173362

12 1 0.0186179

13 1 0.019826

14 1 0.0209559

15 1 0.0220031

16 1 0.0229635

17 1 0.0238332

18 1 0.0246089

19 1 0.0252875

20 1 0.0258662

21 1 0.0263429

22 1 0.0267156

23 1 0.0269829

24 1 0.0271437

25 1 0.0271974

26 1 0.0271437

27 1 0.0269829

28 1 0.0267156

29 1 0.0263429

30 1 0.0258662

31 1 0.0252875

32 1 0.0246089

33 1 0.0238332

34 1 0.0229635

35 1 0.0220031

36 1 0.0209559

37 1 0.019826

38 1 0.0186179

39 1 0.0173362

40 1 0.0159862

41 1 0.0145731

42 1 0.0131024

43 1 0.0115801

44 1 0.010012

45 1 0.00840444

46 1 0.00676371

47 1 0.00509628

48 1 0.00340873

49 1 0.00170774

50 1 0

0 2 0

1 2 0.00340873

2 2 0.00680401

3 2 0.0101724

4 2 0.0135007

5 2 0.0167757

6 2 0.0199845

7 2 0.0231144

8 2 0.0261531

9 2 0.0290886

10 2 0.0319093

11 2 0.0346041

12 2 0.0371623

13 2 0.0395738

14 2 0.0418291

15 2 0.0439194

16 2 0.0458363

17 2 0.0475724

18 2 0.0491207

19 2 0.0504751

20 2 0.0516304

21 2 0.0525818

22 2 0.0533258

23 2 0.0538593

24 2 0.0541802

25 2 0.0542874

26 2 0.0541802

27 2 0.0538593

28 2 0.0533258

29 2 0.0525818

30 2 0.0516304

31 2 0.0504751

32 2 0.0491207

33 2 0.0475724

34 2 0.0458363

35 2 0.0439194

36 2 0.0418291

37 2 0.0395738

38 2 0.0371623

39 2 0.0346041

40 2 0.0319093

41 2 0.0290886

42 2 0.0261531

43 2 0.0231144

44 2 0.0199845

45 2 0.0167757

46 2 0.0135007

47 2 0.0101724

48 2 0.00680401

49 2 0.00340873

50 2 0

0 3 0

1 3 0.00509628

2 3 0.0101724

3 3 0.0152085

4 3 0.0201845

5 3 0.0250808

6 3 0.0298781

7 3 0.0345576

8 3 0.0391006

9 3 0.0434894

10 3 0.0477065

11 3 0.0517353

12 3 0.05556

13 3 0.0591654

14 3 0.0625373

15 3 0.0656624

16 3 0.0685283

17 3 0.0711238

18 3 0.0734386

19 3 0.0754636

20 3 0.0771907

21 3 0.0786132

22 3 0.0797255

23 3 0.0805231

24 3 0.081003

25 3 0.0811631

26 3 0.081003

27 3 0.0805231

28 3 0.0797255

29 3 0.0786132

30 3 0.0771907

31 3 0.0754636

32 3 0.0734386

33 3 0.0711238

34 3 0.0685283

35 3 0.0656624

36 3 0.0625373

37 3 0.0591654

38 3 0.05556

39 3 0.0517353

40 3 0.0477065

41 3 0.0434894

42 3 0.0391006

43 3 0.0345576

44 3 0.0298781

45 3 0.0250808

46 3 0.0201845

47 3 0.0152085

48 3 0.0101724

49 3 0.00509628

50 3 0

0 4 0

1 4 0.00676371

2 4 0.0135007

3 4 0.0201845

4 4 0.0267885

5 4 0.0332869

6 4 0.0396539

7 4 0.0458643

8 4 0.0518938

9 4 0.0577185

10 4 0.0633154

11 4 0.0686624

12 4 0.0737384

13 4 0.0785235

14 4 0.0829986

15 4 0.0871462

16 4 0.0909498

17 4 0.0943945

18 4 0.0974667

19 4 0.100154

20 4 0.102446

21 4 0.104334

22 4 0.105811

23 4 0.106869

24 4 0.107506

25 4 0.107719

26 4 0.107506

27 4 0.106869

28 4 0.105811

29 4 0.104334

30 4 0.102446

31 4 0.100154

32 4 0.0974667

33 4 0.0943945

34 4 0.0909498

35 4 0.0871462

36 4 0.0829986

37 4 0.0785235

38 4 0.0737384

39 4 0.0686624

40 4 0.0633154

41 4 0.0577185

42 4 0.0518938

43 4 0.0458643

44 4 0.0396539

45 4 0.0332869

46 4 0.0267885

47 4 0.0201845

48 4 0.0135007

49 4 0.00676371

50 4 0

0 5 0

1 5 0.00840444

2 5 0.0167757

3 5 0.0250808

4 5 0.0332869

5 5 0.0413616

6 5 0.0492731

7 5 0.0569901

8 5 0.0644822

9 5 0.0717198

10 5 0.0786744

11 5 0.0853185

12 5 0.0916259

13 5 0.0975717

14 5 0.103132

15 5 0.108286

16 5 0.113012

17 5 0.117293

18 5 0.12111

19 5 0.12445

20 5 0.127298

21 5 0.129644

22 5 0.131478

23 5 0.132793

24 5 0.133585

25 5 0.133849

26 5 0.133585

27 5 0.132793

28 5 0.131478

29 5 0.129644

30 5 0.127298

31 5 0.12445

32 5 0.12111

33 5 0.117293

34 5 0.113012

35 5 0.108286

36 5 0.103132

37 5 0.0975717

38 5 0.0916259

39 5 0.0853185

40 5 0.0786744

41 5 0.0717198

42 5 0.0644822

43 5 0.0569901

44 5 0.0492731

45 5 0.0413616

46 5 0.0332869

47 5 0.0250808

48 5 0.0167757

49 5 0.00840444

50 5 0

0 6 0

1 6 0.010012

2 6 0.0199845

3 6 0.0298781

4 6 0.0396539

5 6 0.0492731

6 6 0.0586978

7 6 0.0678909

8 6 0.0768161

9 6 0.0854381

10 6 0.093723

11 6 0.101638

12 6 0.109152

13 6 0.116235

14 6 0.122859

15 6 0.128999

16 6 0.134629

17 6 0.139728

18 6 0.144276

19 6 0.148254

20 6 0.151647

21 6 0.154442

22 6 0.156627

23 6 0.158194

24 6 0.159136

25 6 0.159451

26 6 0.159136

27 6 0.158194

28 6 0.156627

29 6 0.154442

30 6 0.151647

31 6 0.148254

32 6 0.144276

33 6 0.139728

34 6 0.134629

35 6 0.128999

36 6 0.122859

37 6 0.116235

38 6 0.109152

39 6 0.101638

40 6 0.093723

41 6 0.0854381

42 6 0.0768161

43 6 0.0678909

44 6 0.0586978

45 6 0.0492731

46 6 0.0396539

47 6 0.0298781

48 6 0.0199845

49 6 0.010012

50 6 0

0 7 0

1 7 0.0115801

2 7 0.0231144

3 7 0.0345576

4 7 0.0458643

5 7 0.0569901

6 7 0.0678909

7 7 0.0785239

8 7 0.0888469

9 7 0.0988192

10 7 0.108402

11 7 0.117556

12 7 0.126247

13 7 0.134439

14 7 0.142101

15 7 0.149202

16 7 0.155714

17 7 0.161612

18 7 0.166872

19 7 0.171473

20 7 0.175397

21 7 0.17863

22 7 0.181157

23 7 0.18297

24 7 0.18406

25 7 0.184424

26 7 0.18406

27 7 0.18297

28 7 0.181157

29 7 0.17863

30 7 0.175397

31 7 0.171473

32 7 0.166872

33 7 0.161612

34 7 0.155714

35 7 0.149202

36 7 0.142101

37 7 0.134439

38 7 0.126247

39 7 0.117556

40 7 0.108402

41 7 0.0988192

42 7 0.0888469

43 7 0.0785239

44 7 0.0678909

45 7 0.0569901

46 7 0.0458643

47 7 0.0345576

48 7 0.0231144

49 7 0.0115801

50 7 0

0 8 0

1 8 0.0131024

2 8 0.0261531

3 8 0.0391006

4 8 0.0518938

5 8 0.0644822

6 8 0.0768161

7 8 0.0888469

8 8 0.100527

9 8 0.11181

10 8 0.122652

11 8 0.133011

12 8 0.142844

13 8 0.152113

14 8 0.160782

15 8 0.168817

16 8 0.176185

17 8 0.182858

18 8 0.188809

19 8 0.194015

20 8 0.198456

21 8 0.202113

22 8 0.204973

23 8 0.207023

24 8 0.208257

25 8 0.208669

26 8 0.208257

27 8 0.207023

28 8 0.204973

29 8 0.202113

30 8 0.198456

31 8 0.194015

32 8 0.188809

33 8 0.182858

34 8 0.176185

35 8 0.168817

36 8 0.160782

37 8 0.152113

38 8 0.142844

39 8 0.133011

40 8 0.122652

41 8 0.11181

42 8 0.100527

43 8 0.0888469

44 8 0.0768161

45 8 0.0644822

46 8 0.0518938

47 8 0.0391006

48 8 0.0261531

49 8 0.0131024

50 8 0

0 9 0

1 9 0.0145731

2 9 0.0290886

3 9 0.0434894

4 9 0.0577185

5 9 0.0717198

6 9 0.0854381

7 9 0.0988192

8 9 0.11181

9 9 0.12436

10 9 0.136419

11 9 0.14794

12 9 0.158877

13 9 0.169187

14 9 0.178829

15 9 0.187765

16 9 0.19596

17 9 0.203382

18 9 0.210002

19 9 0.215792

20 9 0.220731

21 9 0.224799

22 9 0.227979

23 9 0.23026

24 9 0.231632

25 9 0.23209

26 9 0.231632

27 9 0.23026

28 9 0.227979

29 9 0.224799

30 9 0.220731

31 9 0.215792

32 9 0.210002

33 9 0.203382

34 9 0.19596

35 9 0.187765

36 9 0.178829

37 9 0.169187

38 9 0.158877

39 9 0.14794

40 9 0.136419

41 9 0.12436

42 9 0.11181

43 9 0.0988192

44 9 0.0854381

45 9 0.0717198

46 9 0.0577185

47 9 0.0434894

48 9 0.0290886

49 9 0.0145731

50 9 0

0 10 0

1 10 0.0159862

2 10 0.0319093

3 10 0.0477065

4 10 0.0633154

5 10 0.0786744

6 10 0.093723

7 10 0.108402

8 10 0.122652

9 10 0.136419

10 10 0.149648

11 10 0.162285

12 10 0.174283

13 10 0.185592

14 10 0.196169

15 10 0.205972

16 10 0.214962

17 10 0.223104

18 10 0.230365

19 10 0.236717

20 10 0.242135

21 10 0.246597

22 10 0.250086

23 10 0.252588

24 10 0.254093

25 10 0.254596

26 10 0.254093

27 10 0.252588

28 10 0.250086

29 10 0.246597

30 10 0.242135

31 10 0.236717

32 10 0.230365

33 10 0.223104

34 10 0.214962

35 10 0.205972

36 10 0.196169

37 10 0.185592

38 10 0.174283

39 10 0.162285

40 10 0.149648

41 10 0.136419

42 10 0.122652

43 10 0.108402

44 10 0.093723

45 10 0.0786744

46 10 0.0633154

47 10 0.0477065

48 10 0.0319093

49 10 0.0159862

50 10 0

0 11 0

1 11 0.0173362

2 11 0.0346041

3 11 0.0517353

4 11 0.0686624

5 11 0.0853185

6 11 0.101638

7 11 0.117556

8 11 0.133011

9 11 0.14794

10 11 0.162285

11 11 0.175991

12 11 0.189001

13 11 0.201266

14 11 0.212736

15 11 0.223367

16 11 0.233116

17 11 0.241945

18 11 0.24982

19 11 0.256708

20 11 0.262583

21 11 0.267422

22 11 0.271206

23 11 0.273919

24 11 0.275552

25 11 0.276097

26 11 0.275552

27 11 0.273919

28 11 0.271206

29 11 0.267422

30 11 0.262583

31 11 0.256708

32 11 0.24982

33 11 0.241945

34 11 0.233116

35 11 0.223367

36 11 0.212736

37 11 0.201266

38 11 0.189001

39 11 0.175991

40 11 0.162285

41 11 0.14794

42 11 0.133011

43 11 0.117556

44 11 0.101638

45 11 0.0853185

46 11 0.0686624

47 11 0.0517353

48 11 0.0346041

49 11 0.0173362

50 11 0

0 12 0

1 12 0.0186179

2 12 0.0371623

3 12 0.05556

4 12 0.0737384

5 12 0.0916259

6 12 0.109152

7 12 0.126247

8 12 0.142844

9 12 0.158877

10 12 0.174283

11 12 0.189001

12 12 0.202973

13 12 0.216145

14 12 0.228463

15 12 0.23988

16 12 0.25035

17 12 0.259832

18 12 0.268288

19 12 0.275686

20 12 0.281996

21 12 0.287192

22 12 0.291256

23 12 0.29417

24 12 0.295923

25 12 0.296508

26 12 0.295923

27 12 0.29417

28 12 0.291256

29 12 0.287192

30 12 0.281996

31 12 0.275686

32 12 0.268288

33 12 0.259832

34 12 0.25035

35 12 0.23988

36 12 0.228463

37 12 0.216145

38 12 0.202973

39 12 0.189001

40 12 0.174283

41 12 0.158877

42 12 0.142844

43 12 0.126247

44 12 0.109152

45 12 0.0916259

46 12 0.0737384

47 12 0.05556

48 12 0.0371623

49 12 0.0186179

50 12 0

0 13 0

1 13 0.019826

2 13 0.0395738

3 13 0.0591654

4 13 0.0785235

5 13 0.0975717

6 13 0.116235

7 13 0.134439

8 13 0.152113

9 13 0.169187

10 13 0.185592

11 13 0.201266

12 13 0.216145

13 13 0.230171

14 13 0.243288

15 13 0.255446

16 13 0.266595

17 13 0.276693

18 13 0.285698

19 13 0.293576

20 13 0.300295

21 13 0.305829

22 13 0.310156

23 13 0.313259

24 13 0.315125

25 13 0.315749

26 13 0.315125

27 13 0.313259

28 13 0.310156

29 13 0.305829

30 13 0.300295

31 13 0.293576

32 13 0.285698

33 13 0.276693

34 13 0.266595

35 13 0.255446

36 13 0.243288

37 13 0.230171

38 13 0.216145

39 13 0.201266

40 13 0.185592

41 13 0.169187

42 13 0.152113

43 13 0.134439

44 13 0.116235

45 13 0.0975717

46 13 0.0785235

47 13 0.0591654

48 13 0.0395738

49 13 0.019826

50 13 0

0 14 0

1 14 0.0209559

2 14 0.0418291

3 14 0.0625373

4 14 0.0829986

5 14 0.103132

6 14 0.122859

7 14 0.142101

8 14 0.160782

9 14 0.178829

10 14 0.196169

11 14 0.212736

12 14 0.228463

13 14 0.243288

14 14 0.257154

15 14 0.270004

16 14 0.281789

17 14 0.292462

18 14 0.30198

19 14 0.310307

20 14 0.317409

21 14 0.323258

22 14 0.327832

23 14 0.331112

24 14 0.333085

25 14 0.333743

26 14 0.333085

27 14 0.331112

28 14 0.327832

29 14 0.323258

30 14 0.317409

31 14 0.310307

32 14 0.30198

33 14 0.292462

34 14 0.281789

35 14 0.270004

36 14 0.257154

37 14 0.243288

38 14 0.228463

39 14 0.212736

40 14 0.196169

41 14 0.178829

42 14 0.160782

43 14 0.142101

44 14 0.122859

45 14 0.103132

46 14 0.0829986

47 14 0.0625373

48 14 0.0418291

49 14 0.0209559

50 14 0

0 15 0

1 15 0.0220031

2 15 0.0439194

3 15 0.0656624

4 15 0.0871462

5 15 0.108286

6 15 0.128999

7 15 0.149202

8 15 0.168817

9 15 0.187765

10 15 0.205972

11 15 0.223367

12 15 0.23988

13 15 0.255446

14 15 0.270004

15 15 0.283497

16 15 0.29587

17 15 0.307076

18 15 0.31707

19 15 0.325813

20 15 0.33327

21 15 0.339412

22 15 0.344214

23 15 0.347658

24 15 0.34973

25 15 0.350421

26 15 0.34973

27 15 0.347658

28 15 0.344214

29 15 0.339412

30 15 0.33327

31 15 0.325813

32 15 0.31707

33 15 0.307076

34 15 0.29587

35 15 0.283497

36 15 0.270004

37 15 0.255446

38 15 0.23988

39 15 0.223367

40 15 0.205972

41 15 0.187765

42 15 0.168817

43 15 0.149202

44 15 0.128999

45 15 0.108286

46 15 0.0871462

47 15 0.0656624

48 15 0.0439194

49 15 0.0220031

50 15 0

0 16 0

1 16 0.0229635

2 16 0.0458363

3 16 0.0685283

4 16 0.0909498

5 16 0.113012

6 16 0.134629

7 16 0.155714

8 16 0.176185

9 16 0.19596

10 16 0.214962

11 16 0.233116

12 16 0.25035

13 16 0.266595

14 16 0.281789

15 16 0.29587

16 16 0.308784

17 16 0.320479

18 16 0.33091

19 16 0.340034

20 16 0.347816

21 16 0.354226

22 16 0.359238

23 16 0.362832

24 16 0.364994

25 16 0.365716

26 16 0.364994

27 16 0.362832

28 16 0.359238

29 16 0.354226

30 16 0.347816

31 16 0.340034

32 16 0.33091

33 16 0.320479

34 16 0.308784

35 16 0.29587

36 16 0.281789

37 16 0.266595

38 16 0.25035

39 16 0.233116

40 16 0.214962

41 16 0.19596

42 16 0.176185

43 16 0.155714

44 16 0.134629

45 16 0.113012

46 16 0.0909498

47 16 0.0685283

48 16 0.0458363

49 16 0.0229635

50 16 0

0 17 0

1 17 0.0238332

2 17 0.0475724

3 17 0.0711238

4 17 0.0943945

5 17 0.117293

6 17 0.139728

7 17 0.161612

8 17 0.182858

9 17 0.203382

10 17 0.223104

11 17 0.241945

12 17 0.259832

13 17 0.276693

14 17 0.292462

15 17 0.307076

16 17 0.320479

17 17 0.332617

18 17 0.343443

19 17 0.352913

20 17 0.36099

21 17 0.367642

22 17 0.372844

23 17 0.376574

24 17 0.378818

25 17 0.379567

26 17 0.378818

27 17 0.376574

28 17 0.372844

29 17 0.367642

30 17 0.36099

31 17 0.352913

32 17 0.343443

33 17 0.332617

34 17 0.320479

35 17 0.307076

36 17 0.292462

37 17 0.276693

38 17 0.259832

39 17 0.241945

40 17 0.223104

41 17 0.203382

42 17 0.182858

43 17 0.161612

44 17 0.139728

45 17 0.117293

46 17 0.0943945

47 17 0.0711238

48 17 0.0475724

49 17 0.0238332

50 17 0

0 18 0

1 18 0.0246089

2 18 0.0491207

3 18 0.0734386

4 18 0.0974667

5 18 0.12111

6 18 0.144276

7 18 0.166872

8 18 0.188809

9 18 0.210002

10 18 0.230365

11 18 0.24982

12 18 0.268288

13 18 0.285698

14 18 0.30198

15 18 0.31707

16 18 0.33091

17 18 0.343443

18 18 0.35462

19 18 0.364399

20 18 0.372739

21 18 0.379608

22 18 0.384979

23 18 0.38883

24 18 0.391147

25 18 0.391921

26 18 0.391147

27 18 0.38883

28 18 0.384979

29 18 0.379608

30 18 0.372739

31 18 0.364399

32 18 0.35462

33 18 0.343443

34 18 0.33091

35 18 0.31707

36 18 0.30198

37 18 0.285698

38 18 0.268288

39 18 0.24982

40 18 0.230365

41 18 0.210002

42 18 0.188809

43 18 0.166872

44 18 0.144276

45 18 0.12111

46 18 0.0974667

47 18 0.0734386

48 18 0.0491207

49 18 0.0246089

50 18 0

0 19 0

1 19 0.0252875

2 19 0.0504751

3 19 0.0754636

4 19 0.100154

5 19 0.12445

6 19 0.148254

7 19 0.171473

8 19 0.194015

9 19 0.215792

10 19 0.236717

11 19 0.256708

12 19 0.275686

13 19 0.293576

14 19 0.310307

15 19 0.325813

16 19 0.340034

17 19 0.352913

18 19 0.364399

19 19 0.374446

20 19 0.383016

21 19 0.390075

22 19 0.395594

23 19 0.399552

24 19 0.401933

25 19 0.402727

26 19 0.401933

27 19 0.399552

28 19 0.395594

29 19 0.390075

30 19 0.383016

31 19 0.374446

32 19 0.364399

33 19 0.352913

34 19 0.340034

35 19 0.325813

36 19 0.310307

37 19 0.293576

38 19 0.275686

39 19 0.256708

40 19 0.236717

41 19 0.215792

42 19 0.194015

43 19 0.171473

44 19 0.148254

45 19 0.12445

46 19 0.100154

47 19 0.0754636

48 19 0.0504751

49 19 0.0252875

50 19 0

0 20 0

1 20 0.0258662

2 20 0.0516304

3 20 0.0771907

4 20 0.102446

5 20 0.127298

6 20 0.151647

7 20 0.175397

8 20 0.198456

9 20 0.220731

10 20 0.242135

11 20 0.262583

12 20 0.281996

13 20 0.300295

14 20 0.317409

15 20 0.33327

16 20 0.347816

17 20 0.36099

18 20 0.372739

19 20 0.383016

20 20 0.391783

21 20 0.399003

22 20 0.404648

23 20 0.408696

24 20 0.411132

25 20 0.411945

26 20 0.411132

27 20 0.408696

28 20 0.404648

29 20 0.399003

30 20 0.391783

31 20 0.383016

32 20 0.372739

33 20 0.36099

34 20 0.347816

35 20 0.33327

36 20 0.317409

37 20 0.300295

38 20 0.281996

39 20 0.262583

40 20 0.242135

41 20 0.220731

42 20 0.198456

43 20 0.175397

44 20 0.151647

45 20 0.127298

46 20 0.102446

47 20 0.0771907

48 20 0.0516304

49 20 0.0258662

50 20 0

0 21 0

1 21 0.0263429

2 21 0.0525818

3 21 0.0786132

4 21 0.104334

5 21 0.129644

6 21 0.154442

7 21 0.17863

8 21 0.202113

9 21 0.224799

10 21 0.246597

11 21 0.267422

12 21 0.287192

13 21 0.305829

14 21 0.323258

15 21 0.339412

16 21 0.354226

17 21 0.367642

18 21 0.379608

19 21 0.390075

20 21 0.399003

21 21 0.406356

22 21 0.412105

23 21 0.416228

24 21 0.418708

25 21 0.419536

26 21 0.418708

27 21 0.416228

28 21 0.412105

29 21 0.406356

30 21 0.399003

31 21 0.390075

32 21 0.379608

33 21 0.367642

34 21 0.354226

35 21 0.339412

36 21 0.323258

37 21 0.305829

38 21 0.287192

39 21 0.267422

40 21 0.246597

41 21 0.224799

42 21 0.202113

43 21 0.17863

44 21 0.154442

45 21 0.129644

46 21 0.104334

47 21 0.0786132

48 21 0.0525818

49 21 0.0263429

50 21 0

0 22 0

1 22 0.0267156

2 22 0.0533258

3 22 0.0797255

4 22 0.105811

5 22 0.131478

6 22 0.156627

7 22 0.181157

8 22 0.204973

9 22 0.227979

10 22 0.250086

11 22 0.271206

12 22 0.291256

13 22 0.310156

14 22 0.327832

15 22 0.344214

16 22 0.359238

17 22 0.372844

18 22 0.384979

19 22 0.395594

20 22 0.404648

21 22 0.412105

22 22 0.417936

23 22 0.422117

24 22 0.424632

25 22 0.425472

26 22 0.424632

27 22 0.422117

28 22 0.417936

29 22 0.412105

30 22 0.404648

31 22 0.395594

32 22 0.384979

33 22 0.372844

34 22 0.359238

35 22 0.344214

36 22 0.327832

37 22 0.310156

38 22 0.291256

39 22 0.271206

40 22 0.250086

41 22 0.227979

42 22 0.204973

43 22 0.181157

44 22 0.156627

45 22 0.131478

46 22 0.105811

47 22 0.0797255

48 22 0.0533258

49 22 0.0267156

50 22 0

0 23 0

1 23 0.0269829

2 23 0.0538593

3 23 0.0805231

4 23 0.106869

5 23 0.132793

6 23 0.158194

7 23 0.18297

8 23 0.207023

9 23 0.23026

10 23 0.252588

11 23 0.273919

12 23 0.29417

13 23 0.313259

14 23 0.331112

15 23 0.347658

16 23 0.362832

17 23 0.376574

18 23 0.38883

19 23 0.399552

20 23 0.408696

21 23 0.416228

22 23 0.422117

23 23 0.42634

24 23 0.428881

25 23 0.429729

26 23 0.428881

27 23 0.42634

28 23 0.422117

29 23 0.416228

30 23 0.408696

31 23 0.399552

32 23 0.38883

33 23 0.376574

34 23 0.362832

35 23 0.347658

36 23 0.331112

37 23 0.313259

38 23 0.29417

39 23 0.273919

40 23 0.252588

41 23 0.23026

42 23 0.207023

43 23 0.18297

44 23 0.158194

45 23 0.132793

46 23 0.106869

47 23 0.0805231

48 23 0.0538593

49 23 0.0269829

50 23 0

0 24 0

1 24 0.0271437

2 24 0.0541802

3 24 0.081003

4 24 0.107506

5 24 0.133585

6 24 0.159136

7 24 0.18406

8 24 0.208257

9 24 0.231632

10 24 0.254093

11 24 0.275552

12 24 0.295923

13 24 0.315125

14 24 0.333085

15 24 0.34973

16 24 0.364994

17 24 0.378818

18 24 0.391147

19 24 0.401933

20 24 0.411132

21 24 0.418708

22 24 0.424632

23 24 0.428881

24 24 0.431436

25 24 0.43229

26 24 0.431436

27 24 0.428881

28 24 0.424632

29 24 0.418708

30 24 0.411132

31 24 0.401933

32 24 0.391147

33 24 0.378818

34 24 0.364994

35 24 0.34973

36 24 0.333085

37 24 0.315125

38 24 0.295923

39 24 0.275552

40 24 0.254093

41 24 0.231632

42 24 0.208257

43 24 0.18406

44 24 0.159136

45 24 0.133585

46 24 0.107506

47 24 0.081003

48 24 0.0541802

49 24 0.0271437

50 24 0

0 25 0

1 25 0.0271974

2 25 0.0542874

3 25 0.0811631

4 25 0.107719

5 25 0.133849

6 25 0.159451

7 25 0.184424

8 25 0.208669

9 25 0.23209

10 25 0.254596

11 25 0.276097

12 25 0.296508

13 25 0.315749

14 25 0.333743

15 25 0.350421

16 25 0.365716

17 25 0.379567

18 25 0.391921

19 25 0.402727

20 25 0.411945

21 25 0.419536

22 25 0.425472

23 25 0.429729

24 25 0.43229

25 25 0.433144

26 25 0.43229

27 25 0.429729

28 25 0.425472

29 25 0.419536

30 25 0.411945

31 25 0.402727

32 25 0.391921

33 25 0.379567

34 25 0.365716

35 25 0.350421

36 25 0.333743

37 25 0.315749

38 25 0.296508

39 25 0.276097

40 25 0.254596

41 25 0.23209

42 25 0.208669

43 25 0.184424

44 25 0.159451

45 25 0.133849

46 25 0.107719

47 25 0.0811631

48 25 0.0542874

49 25 0.0271974

50 25 0

0 26 0

1 26 0.0271437

2 26 0.0541802

3 26 0.081003

4 26 0.107506

5 26 0.133585

6 26 0.159136

7 26 0.18406

8 26 0.208257

9 26 0.231632

10 26 0.254093

11 26 0.275552

12 26 0.295923

13 26 0.315125

14 26 0.333085

15 26 0.34973

16 26 0.364994

17 26 0.378818

18 26 0.391147

19 26 0.401933

20 26 0.411132

21 26 0.418708

22 26 0.424632

23 26 0.428881

24 26 0.431436

25 26 0.43229

26 26 0.431436

27 26 0.428881

28 26 0.424632

29 26 0.418708

30 26 0.411132

31 26 0.401933

32 26 0.391147

33 26 0.378818

34 26 0.364994

35 26 0.34973

36 26 0.333085

37 26 0.315125

38 26 0.295923

39 26 0.275552

40 26 0.254093

41 26 0.231632

42 26 0.208257

43 26 0.18406

44 26 0.159136

45 26 0.133585

46 26 0.107506

47 26 0.081003

48 26 0.0541802

49 26 0.0271437

50 26 0

0 27 0

1 27 0.0269829

2 27 0.0538593

3 27 0.0805231

4 27 0.106869

5 27 0.132793

6 27 0.158194

7 27 0.18297

8 27 0.207023

9 27 0.23026

10 27 0.252588

11 27 0.273919

12 27 0.29417

13 27 0.313259

14 27 0.331112

15 27 0.347658

16 27 0.362832

17 27 0.376574

18 27 0.38883

19 27 0.399552

20 27 0.408696

21 27 0.416228

22 27 0.422117

23 27 0.42634

24 27 0.428881

25 27 0.429729

26 27 0.428881

27 27 0.42634

28 27 0.422117

29 27 0.416228

30 27 0.408696

31 27 0.399552

32 27 0.38883

33 27 0.376574

34 27 0.362832

35 27 0.347658

36 27 0.331112

37 27 0.313259

38 27 0.29417

39 27 0.273919

40 27 0.252588

41 27 0.23026

42 27 0.207023

43 27 0.18297

44 27 0.158194

45 27 0.132793

46 27 0.106869

47 27 0.0805231

48 27 0.0538593

49 27 0.0269829

50 27 0

0 28 0

1 28 0.0267156

2 28 0.0533258

3 28 0.0797255

4 28 0.105811

5 28 0.131478

6 28 0.156627

7 28 0.181157

8 28 0.204973

9 28 0.227979

10 28 0.250086

11 28 0.271206

12 28 0.291256

13 28 0.310156

14 28 0.327832

15 28 0.344214

16 28 0.359238

17 28 0.372844

18 28 0.384979

19 28 0.395594

20 28 0.404648

21 28 0.412105

22 28 0.417936

23 28 0.422117

24 28 0.424632

25 28 0.425472

26 28 0.424632

27 28 0.422117

28 28 0.417936

29 28 0.412105

30 28 0.404648

31 28 0.395594

32 28 0.384979

33 28 0.372844

34 28 0.359238

35 28 0.344214

36 28 0.327832

37 28 0.310156

38 28 0.291256

39 28 0.271206

40 28 0.250086

41 28 0.227979

42 28 0.204973

43 28 0.181157

44 28 0.156627

45 28 0.131478

46 28 0.105811

47 28 0.0797255

48 28 0.0533258

49 28 0.0267156

50 28 0

0 29 0

1 29 0.0263429

2 29 0.0525818

3 29 0.0786132

4 29 0.104334

5 29 0.129644

6 29 0.154442

7 29 0.17863

8 29 0.202113

9 29 0.224799

10 29 0.246597

11 29 0.267422

12 29 0.287192

13 29 0.305829

14 29 0.323258

15 29 0.339412

16 29 0.354226

17 29 0.367642

18 29 0.379608

19 29 0.390075

20 29 0.399003

21 29 0.406356

22 29 0.412105

23 29 0.416228

24 29 0.418708

25 29 0.419536

26 29 0.418708

27 29 0.416228

28 29 0.412105

29 29 0.406356

30 29 0.399003

31 29 0.390075

32 29 0.379608

33 29 0.367642

34 29 0.354226

35 29 0.339412

36 29 0.323258

37 29 0.305829

38 29 0.287192

39 29 0.267422

40 29 0.246597

41 29 0.224799

42 29 0.202113

43 29 0.17863

44 29 0.154442

45 29 0.129644

46 29 0.104334

47 29 0.0786132

48 29 0.0525818

49 29 0.0263429

50 29 0

0 30 0

1 30 0.0258662

2 30 0.0516304

3 30 0.0771907

4 30 0.102446

5 30 0.127298

6 30 0.151647

7 30 0.175397

8 30 0.198456

9 30 0.220731

10 30 0.242135

11 30 0.262583

12 30 0.281996

13 30 0.300295

14 30 0.317409

15 30 0.33327

16 30 0.347816

17 30 0.36099

18 30 0.372739

19 30 0.383016

20 30 0.391783

21 30 0.399003

22 30 0.404648

23 30 0.408696

24 30 0.411132

25 30 0.411945

26 30 0.411132

27 30 0.408696

28 30 0.404648

29 30 0.399003

30 30 0.391783

31 30 0.383016

32 30 0.372739

33 30 0.36099

34 30 0.347816

35 30 0.33327

36 30 0.317409

37 30 0.300295

38 30 0.281996

39 30 0.262583

40 30 0.242135

41 30 0.220731

42 30 0.198456

43 30 0.175397

44 30 0.151647

45 30 0.127298

46 30 0.102446

47 30 0.0771907

48 30 0.0516304

49 30 0.0258662

50 30 0

0 31 0

1 31 0.0252875

2 31 0.0504751

3 31 0.0754636

4 31 0.100154

5 31 0.12445

6 31 0.148254

7 31 0.171473

8 31 0.194015

9 31 0.215792

10 31 0.236717

11 31 0.256708

12 31 0.275686

13 31 0.293576

14 31 0.310307

15 31 0.325813

16 31 0.340034

17 31 0.352913

18 31 0.364399

19 31 0.374446

20 31 0.383016

21 31 0.390075

22 31 0.395594

23 31 0.399552

24 31 0.401933

25 31 0.402727

26 31 0.401933

27 31 0.399552

28 31 0.395594

29 31 0.390075

30 31 0.383016

31 31 0.374446

32 31 0.364399

33 31 0.352913

34 31 0.340034

35 31 0.325813

36 31 0.310307

37 31 0.293576

38 31 0.275686

39 31 0.256708

40 31 0.236717

41 31 0.215792

42 31 0.194015

43 31 0.171473

44 31 0.148254

45 31 0.12445

46 31 0.100154

47 31 0.0754636

48 31 0.0504751

49 31 0.0252875

50 31 0

0 32 0

1 32 0.0246089

2 32 0.0491207

3 32 0.0734386

4 32 0.0974667

5 32 0.12111

6 32 0.144276

7 32 0.166872

8 32 0.188809

9 32 0.210002

10 32 0.230365

11 32 0.24982

12 32 0.268288

13 32 0.285698

14 32 0.30198

15 32 0.31707

16 32 0.33091

17 32 0.343443

18 32 0.35462

19 32 0.364399

20 32 0.372739

21 32 0.379608

22 32 0.384979

23 32 0.38883

24 32 0.391147

25 32 0.391921

26 32 0.391147

27 32 0.38883

28 32 0.384979

29 32 0.379608

30 32 0.372739

31 32 0.364399

32 32 0.35462

33 32 0.343443

34 32 0.33091

35 32 0.31707

36 32 0.30198

37 32 0.285698

38 32 0.268288

39 32 0.24982

40 32 0.230365

41 32 0.210002

42 32 0.188809

43 32 0.166872

44 32 0.144276

45 32 0.12111

46 32 0.0974667

47 32 0.0734386

48 32 0.0491207

49 32 0.0246089

50 32 0

0 33 0

1 33 0.0238332

2 33 0.0475724

3 33 0.0711238

4 33 0.0943945

5 33 0.117293

6 33 0.139728

7 33 0.161612

8 33 0.182858

9 33 0.203382

10 33 0.223104

11 33 0.241945

12 33 0.259832

13 33 0.276693

14 33 0.292462

15 33 0.307076

16 33 0.320479

17 33 0.332617

18 33 0.343443

19 33 0.352913

20 33 0.36099

21 33 0.367642

22 33 0.372844

23 33 0.376574

24 33 0.378818

25 33 0.379567

26 33 0.378818

27 33 0.376574

28 33 0.372844

29 33 0.367642

30 33 0.36099

31 33 0.352913

32 33 0.343443

33 33 0.332617

34 33 0.320479

35 33 0.307076

36 33 0.292462

37 33 0.276693

38 33 0.259832

39 33 0.241945

40 33 0.223104

41 33 0.203382

42 33 0.182858

43 33 0.161612

44 33 0.139728

45 33 0.117293

46 33 0.0943945

47 33 0.0711238

48 33 0.0475724

49 33 0.0238332

50 33 0

0 34 0

1 34 0.0229635

2 34 0.0458363

3 34 0.0685283

4 34 0.0909498

5 34 0.113012

6 34 0.134629

7 34 0.155714

8 34 0.176185

9 34 0.19596

10 34 0.214962

11 34 0.233116

12 34 0.25035

13 34 0.266595

14 34 0.281789

15 34 0.29587

16 34 0.308784

17 34 0.320479

18 34 0.33091

19 34 0.340034

20 34 0.347816

21 34 0.354226

22 34 0.359238

23 34 0.362832

24 34 0.364994

25 34 0.365716

26 34 0.364994

27 34 0.362832

28 34 0.359238

29 34 0.354226

30 34 0.347816

31 34 0.340034

32 34 0.33091

33 34 0.320479

34 34 0.308784

35 34 0.29587

36 34 0.281789

37 34 0.266595

38 34 0.25035

39 34 0.233116

40 34 0.214962

41 34 0.19596

42 34 0.176185

43 34 0.155714

44 34 0.134629

45 34 0.113012

46 34 0.0909498

47 34 0.0685283

48 34 0.0458363

49 34 0.0229635

50 34 0

0 35 0

1 35 0.0220031

2 35 0.0439194

3 35 0.0656624

4 35 0.0871462

5 35 0.108286

6 35 0.128999

7 35 0.149202

8 35 0.168817

9 35 0.187765

10 35 0.205972

11 35 0.223367

12 35 0.23988

13 35 0.255446

14 35 0.270004

15 35 0.283497

16 35 0.29587

17 35 0.307076

18 35 0.31707

19 35 0.325813

20 35 0.33327

21 35 0.339412

22 35 0.344214

23 35 0.347658

24 35 0.34973

25 35 0.350421

26 35 0.34973

27 35 0.347658

28 35 0.344214

29 35 0.339412

30 35 0.33327

31 35 0.325813

32 35 0.31707

33 35 0.307076

34 35 0.29587

35 35 0.283497

36 35 0.270004

37 35 0.255446

38 35 0.23988

39 35 0.223367

40 35 0.205972

41 35 0.187765

42 35 0.168817

43 35 0.149202

44 35 0.128999

45 35 0.108286

46 35 0.0871462

47 35 0.0656624

48 35 0.0439194

49 35 0.0220031

50 35 0

0 36 0

1 36 0.0209559

2 36 0.0418291

3 36 0.0625373

4 36 0.0829986

5 36 0.103132

6 36 0.122859

7 36 0.142101

8 36 0.160782

9 36 0.178829

10 36 0.196169

11 36 0.212736

12 36 0.228463

13 36 0.243288

14 36 0.257154

15 36 0.270004

16 36 0.281789

17 36 0.292462

18 36 0.30198

19 36 0.310307

20 36 0.317409

21 36 0.323258

22 36 0.327832

23 36 0.331112

24 36 0.333085

25 36 0.333743

26 36 0.333085

27 36 0.331112

28 36 0.327832

29 36 0.323258

30 36 0.317409

31 36 0.310307

32 36 0.30198

33 36 0.292462

34 36 0.281789

35 36 0.270004

36 36 0.257154

37 36 0.243288

38 36 0.228463

39 36 0.212736

40 36 0.196169

41 36 0.178829

42 36 0.160782

43 36 0.142101

44 36 0.122859

45 36 0.103132

46 36 0.0829986

47 36 0.0625373

48 36 0.0418291

49 36 0.0209559

50 36 0

0 37 0

1 37 0.019826

2 37 0.0395738

3 37 0.0591654

4 37 0.0785235

5 37 0.0975717

6 37 0.116235

7 37 0.134439

8 37 0.152113

9 37 0.169187

10 37 0.185592

11 37 0.201266

12 37 0.216145

13 37 0.230171

14 37 0.243288

15 37 0.255446

16 37 0.266595

17 37 0.276693

18 37 0.285698

19 37 0.293576

20 37 0.300295

21 37 0.305829

22 37 0.310156

23 37 0.313259

24 37 0.315125

25 37 0.315749

26 37 0.315125

27 37 0.313259

28 37 0.310156

29 37 0.305829

30 37 0.300295

31 37 0.293576

32 37 0.285698

33 37 0.276693

34 37 0.266595

35 37 0.255446

36 37 0.243288

37 37 0.230171

38 37 0.216145

39 37 0.201266

40 37 0.185592

41 37 0.169187

42 37 0.152113

43 37 0.134439

44 37 0.116235

45 37 0.0975717

46 37 0.0785235

47 37 0.0591654

48 37 0.0395738

49 37 0.019826

50 37 0

0 38 0

1 38 0.0186179

2 38 0.0371623

3 38 0.05556

4 38 0.0737384

5 38 0.0916259

6 38 0.109152

7 38 0.126247

8 38 0.142844

9 38 0.158877

10 38 0.174283

11 38 0.189001

12 38 0.202973

13 38 0.216145

14 38 0.228463

15 38 0.23988

16 38 0.25035

17 38 0.259832

18 38 0.268288

19 38 0.275686

20 38 0.281996

21 38 0.287192

22 38 0.291256

23 38 0.29417

24 38 0.295923

25 38 0.296508

26 38 0.295923

27 38 0.29417

28 38 0.291256

29 38 0.287192

30 38 0.281996

31 38 0.275686

32 38 0.268288

33 38 0.259832

34 38 0.25035

35 38 0.23988

36 38 0.228463

37 38 0.216145

38 38 0.202973

39 38 0.189001

40 38 0.174283

41 38 0.158877

42 38 0.142844

43 38 0.126247

44 38 0.109152

45 38 0.0916259

46 38 0.0737384

47 38 0.05556

48 38 0.0371623

49 38 0.0186179

50 38 0

0 39 0

1 39 0.0173362

2 39 0.0346041

3 39 0.0517353

4 39 0.0686624

5 39 0.0853185

6 39 0.101638

7 39 0.117556

8 39 0.133011

9 39 0.14794

10 39 0.162285

11 39 0.175991

12 39 0.189001

13 39 0.201266

14 39 0.212736

15 39 0.223367

16 39 0.233116

17 39 0.241945

18 39 0.24982

19 39 0.256708

20 39 0.262583

21 39 0.267422

22 39 0.271206

23 39 0.273919

24 39 0.275552

25 39 0.276097

26 39 0.275552

27 39 0.273919

28 39 0.271206

29 39 0.267422

30 39 0.262583

31 39 0.256708

32 39 0.24982

33 39 0.241945

34 39 0.233116

35 39 0.223367

36 39 0.212736

37 39 0.201266

38 39 0.189001

39 39 0.175991

40 39 0.162285

41 39 0.14794

42 39 0.133011

43 39 0.117556

44 39 0.101638

45 39 0.0853185

46 39 0.0686624

47 39 0.0517353

48 39 0.0346041

49 39 0.0173362

50 39 0

0 40 0

1 40 0.0159862

2 40 0.0319093

3 40 0.0477065

4 40 0.0633154

5 40 0.0786744

6 40 0.093723

7 40 0.108402

8 40 0.122652

9 40 0.136419

10 40 0.149648

11 40 0.162285

12 40 0.174283

13 40 0.185592

14 40 0.196169

15 40 0.205972

16 40 0.214962

17 40 0.223104

18 40 0.230365

19 40 0.236717

20 40 0.242135

21 40 0.246597

22 40 0.250086

23 40 0.252588

24 40 0.254093

25 40 0.254596

26 40 0.254093

27 40 0.252588

28 40 0.250086

29 40 0.246597

30 40 0.242135

31 40 0.236717

32 40 0.230365

33 40 0.223104

34 40 0.214962

35 40 0.205972

36 40 0.196169

37 40 0.185592

38 40 0.174283

39 40 0.162285

40 40 0.149648

41 40 0.136419

42 40 0.122652

43 40 0.108402

44 40 0.093723

45 40 0.0786744

46 40 0.0633154

47 40 0.0477065

48 40 0.0319093

49 40 0.0159862

50 40 0

0 41 0

1 41 0.0145731

2 41 0.0290886

3 41 0.0434894

4 41 0.0577185

5 41 0.0717198

6 41 0.0854381

7 41 0.0988192

8 41 0.11181

9 41 0.12436

10 41 0.136419

11 41 0.14794

12 41 0.158877

13 41 0.169187

14 41 0.178829

15 41 0.187765

16 41 0.19596

17 41 0.203382

18 41 0.210002

19 41 0.215792

20 41 0.220731

21 41 0.224799

22 41 0.227979

23 41 0.23026

24 41 0.231632

25 41 0.23209

26 41 0.231632

27 41 0.23026

28 41 0.227979

29 41 0.224799

30 41 0.220731

31 41 0.215792

32 41 0.210002

33 41 0.203382

34 41 0.19596

35 41 0.187765

36 41 0.178829

37 41 0.169187

38 41 0.158877

39 41 0.14794

40 41 0.136419

41 41 0.12436

42 41 0.11181

43 41 0.0988192

44 41 0.0854381

45 41 0.0717198

46 41 0.0577185

47 41 0.0434894

48 41 0.0290886

49 41 0.0145731

50 41 0

0 42 0

1 42 0.0131024

2 42 0.0261531

3 42 0.0391006

4 42 0.0518938

5 42 0.0644822

6 42 0.0768161

7 42 0.0888469

8 42 0.100527

9 42 0.11181

10 42 0.122652

11 42 0.133011

12 42 0.142844

13 42 0.152113

14 42 0.160782

15 42 0.168817

16 42 0.176185

17 42 0.182858

18 42 0.188809

19 42 0.194015

20 42 0.198456

21 42 0.202113

22 42 0.204973

23 42 0.207023

24 42 0.208257

25 42 0.208669

26 42 0.208257

27 42 0.207023

28 42 0.204973

29 42 0.202113

30 42 0.198456

31 42 0.194015

32 42 0.188809

33 42 0.182858

34 42 0.176185

35 42 0.168817

36 42 0.160782

37 42 0.152113

38 42 0.142844

39 42 0.133011

40 42 0.122652

41 42 0.11181

42 42 0.100527

43 42 0.0888469

44 42 0.0768161

45 42 0.0644822

46 42 0.0518938

47 42 0.0391006

48 42 0.0261531

49 42 0.0131024

50 42 0

0 43 0

1 43 0.0115801

2 43 0.0231144

3 43 0.0345576

4 43 0.0458643

5 43 0.0569901

6 43 0.0678909

7 43 0.0785239

8 43 0.0888469

9 43 0.0988192

10 43 0.108402

11 43 0.117556

12 43 0.126247

13 43 0.134439

14 43 0.142101

15 43 0.149202

16 43 0.155714

17 43 0.161612

18 43 0.166872

19 43 0.171473

20 43 0.175397

21 43 0.17863

22 43 0.181157

23 43 0.18297

24 43 0.18406

25 43 0.184424

26 43 0.18406

27 43 0.18297

28 43 0.181157

29 43 0.17863

30 43 0.175397

31 43 0.171473

32 43 0.166872

33 43 0.161612

34 43 0.155714

35 43 0.149202

36 43 0.142101

37 43 0.134439

38 43 0.126247

39 43 0.117556

40 43 0.108402

41 43 0.0988192

42 43 0.0888469

43 43 0.0785239

44 43 0.0678909

45 43 0.0569901

46 43 0.0458643

47 43 0.0345576

48 43 0.0231144

49 43 0.0115801

50 43 0

0 44 0

1 44 0.010012

2 44 0.0199845

3 44 0.0298781

4 44 0.0396539

5 44 0.0492731

6 44 0.0586978

7 44 0.0678909

8 44 0.0768161

9 44 0.0854381

10 44 0.093723

11 44 0.101638

12 44 0.109152

13 44 0.116235

14 44 0.122859

15 44 0.128999

16 44 0.134629

17 44 0.139728

18 44 0.144276

19 44 0.148254

20 44 0.151647

21 44 0.154442

22 44 0.156627

23 44 0.158194

24 44 0.159136

25 44 0.159451

26 44 0.159136

27 44 0.158194

28 44 0.156627

29 44 0.154442

30 44 0.151647

31 44 0.148254

32 44 0.144276

33 44 0.139728

34 44 0.134629

35 44 0.128999

36 44 0.122859

37 44 0.116235

38 44 0.109152

39 44 0.101638

40 44 0.093723

41 44 0.0854381

42 44 0.0768161

43 44 0.0678909

44 44 0.0586978

45 44 0.0492731

46 44 0.0396539

47 44 0.0298781

48 44 0.0199845

49 44 0.010012

50 44 0

0 45 0

1 45 0.00840444

2 45 0.0167757

3 45 0.0250808

4 45 0.0332869

5 45 0.0413616

6 45 0.0492731

7 45 0.0569901

8 45 0.0644822

9 45 0.0717198

10 45 0.0786744

11 45 0.0853185

12 45 0.0916259

13 45 0.0975717

14 45 0.103132

15 45 0.108286

16 45 0.113012

17 45 0.117293

18 45 0.12111

19 45 0.12445

20 45 0.127298

21 45 0.129644

22 45 0.131478

23 45 0.132793

24 45 0.133585

25 45 0.133849

26 45 0.133585

27 45 0.132793

28 45 0.131478

29 45 0.129644

30 45 0.127298

31 45 0.12445

32 45 0.12111

33 45 0.117293

34 45 0.113012

35 45 0.108286

36 45 0.103132

37 45 0.0975717

38 45 0.0916259

39 45 0.0853185

40 45 0.0786744

41 45 0.0717198

42 45 0.0644822

43 45 0.0569901

44 45 0.0492731

45 45 0.0413616

46 45 0.0332869

47 45 0.0250808

48 45 0.0167757

49 45 0.00840444

50 45 0

0 46 0

1 46 0.00676371

2 46 0.0135007

3 46 0.0201845

4 46 0.0267885

5 46 0.0332869

6 46 0.0396539

7 46 0.0458643

8 46 0.0518938

9 46 0.0577185

10 46 0.0633154

11 46 0.0686624

12 46 0.0737384

13 46 0.0785235

14 46 0.0829986

15 46 0.0871462

16 46 0.0909498

17 46 0.0943945

18 46 0.0974667

19 46 0.100154

20 46 0.102446

21 46 0.104334

22 46 0.105811

23 46 0.106869

24 46 0.107506

25 46 0.107719

26 46 0.107506

27 46 0.106869

28 46 0.105811

29 46 0.104334

30 46 0.102446

31 46 0.100154

32 46 0.0974667

33 46 0.0943945

34 46 0.0909498

35 46 0.0871462

36 46 0.0829986

37 46 0.0785235

38 46 0.0737384

39 46 0.0686624

40 46 0.0633154

41 46 0.0577185

42 46 0.0518938

43 46 0.0458643

44 46 0.0396539

45 46 0.0332869

46 46 0.0267885

47 46 0.0201845

48 46 0.0135007

49 46 0.00676371

50 46 0

0 47 0

1 47 0.00509628

2 47 0.0101724

3 47 0.0152085

4 47 0.0201845

5 47 0.0250808

6 47 0.0298781

7 47 0.0345576

8 47 0.0391006

9 47 0.0434894

10 47 0.0477065

11 47 0.0517353

12 47 0.05556

13 47 0.0591654

14 47 0.0625373

15 47 0.0656624

16 47 0.0685283

17 47 0.0711238

18 47 0.0734386

19 47 0.0754636

20 47 0.0771907

21 47 0.0786132

22 47 0.0797255

23 47 0.0805231

24 47 0.081003

25 47 0.0811631

26 47 0.081003

27 47 0.0805231

28 47 0.0797255

29 47 0.0786132

30 47 0.0771907

31 47 0.0754636

32 47 0.0734386

33 47 0.0711238

34 47 0.0685283

35 47 0.0656624

36 47 0.0625373

37 47 0.0591654

38 47 0.05556

39 47 0.0517353

40 47 0.0477065

41 47 0.0434894

42 47 0.0391006

43 47 0.0345576

44 47 0.0298781

45 47 0.0250808

46 47 0.0201845

47 47 0.0152085

48 47 0.0101724

49 47 0.00509628

50 47 0

0 48 0

1 48 0.00340873

2 48 0.00680401

3 48 0.0101724

4 48 0.0135007

5 48 0.0167757

6 48 0.0199845

7 48 0.0231144

8 48 0.0261531

9 48 0.0290886

10 48 0.0319093

11 48 0.0346041

12 48 0.0371623

13 48 0.0395738

14 48 0.0418291

15 48 0.0439194

16 48 0.0458363

17 48 0.0475724

18 48 0.0491207

19 48 0.0504751

20 48 0.0516304

21 48 0.0525818

22 48 0.0533258

23 48 0.0538593

24 48 0.0541802

25 48 0.0542874

26 48 0.0541802

27 48 0.0538593

28 48 0.0533258

29 48 0.0525818

30 48 0.0516304

31 48 0.0504751

32 48 0.0491207

33 48 0.0475724

34 48 0.0458363

35 48 0.0439194

36 48 0.0418291

37 48 0.0395738

38 48 0.0371623

39 48 0.0346041

40 48 0.0319093

41 48 0.0290886

42 48 0.0261531

43 48 0.0231144

44 48 0.0199845

45 48 0.0167757

46 48 0.0135007

47 48 0.0101724

48 48 0.00680401

49 48 0.00340873

50 48 0

0 49 0

1 49 0.00170774

2 49 0.00340873

3 49 0.00509628

4 49 0.00676371

5 49 0.00840444

6 49 0.010012

7 49 0.0115801

8 49 0.0131024

9 49 0.0145731

10 49 0.0159862

11 49 0.0173362

12 49 0.0186179

13 49 0.019826

14 49 0.0209559

15 49 0.0220031

16 49 0.0229635

17 49 0.0238332

18 49 0.0246089

19 49 0.0252875

20 49 0.0258662

21 49 0.0263429

22 49 0.0267156

23 49 0.0269829

24 49 0.0271437

25 49 0.0271974

26 49 0.0271437

27 49 0.0269829

28 49 0.0267156

29 49 0.0263429

30 49 0.0258662

31 49 0.0252875

32 49 0.0246089

33 49 0.0238332

34 49 0.0229635

35 49 0.0220031

36 49 0.0209559

37 49 0.019826

38 49 0.0186179

39 49 0.0173362

40 49 0.0159862

41 49 0.0145731

42 49 0.0131024

43 49 0.0115801

44 49 0.010012

45 49 0.00840444

46 49 0.00676371

47 49 0.00509628

48 49 0.00340873

49 49 0.00170774

50 49 0

