0 1 0

1 1 0.00223343

2 1 0.00445805

3 1 0.00666507

4 1 0.00884579

5 1 0.0109916

6 1 0.013094

7 1 0.0151448

8 1 0.0171358

9 1 0.0190591

10 1 0.0209073

11 1 0.0226729

12 1 0.024349

13 1 0.0259291

14 1 0.0274068

15 1 0.0287764

16 1 0.0300324

17 1 0.0311698

18 1 0.0321843

19 1 0.0330717

20 1 0.0338287

21 1 0.0344521

22 1 0.0349395

23 1 0.0352891

24 1 0.0354994

25 1 0.0355696

26 1 0.0354994

27 1 0.0352891

28 1 0.0349395

29 1 0.0344521

30 1 0.0338287

31 1 0.0330717

32 1 0.0321843

33 1 0.0311698

34 1 0.0300324

35 1 0.0287764

36 1 0.0274068

37 1 0.0259291

38 1 0.024349

39 1 0.0226729

40 1 0.0209073

41 1 0.0190591

42 1 0.0171358

43 1 0.0151448

44 1 0.013094

45 1 0.0109916

46 1 0.00884579

47 1 0.00666507

48 1 0.00445805

49 1 0.00223343

50 1 0

0 2 0

1 2 0.00445805

2 2 0.0088985

3 2 0.0133038

4 2 0.0176567

5 2 0.0219398

6 2 0.0261364

7 2 0.0302298

8 2 0.0342039

9 2 0.038043

10 2 0.041732

11 2 0.0452563

12 2 0.048602

13 2 0.0517558

14 2 0.0547055

15 2 0.0574392

16 2 0.0599462

17 2 0.0622167

18 2 0.0642416

19 2 0.066013

20 2 0.0675238

21 2 0.0687682

22 2 0.0697412

23 2 0.0704389

24 2 0.0708586

25 2 0.0709987

26 2 0.0708586

27 2 0.0704389

28 2 0.0697412

29 2 0.0687682

30 2 0.0675238

31 2 0.066013

32 2 0.0642416

33 2 0.0622167

34 2 0.0599462

35 2 0.0574392

36 2 0.0547055

37 2 0.0517558

38 2 0.048602

39 2 0.0452563

40 2 0.041732

41 2 0.038043

42 2 0.0342039

43 2 0.0302298

44 2 0.0261364

45 2 0.0219398

46 2 0.0176567

47 2 0.0133038

48 2 0.0088985

49 2 0.00445805

50 2 0

0 3 0

1 3 0.00666507

2 3 0.0133038

3 3 0.0198901

4 3 0.0263979

5 3 0.0328014

6 3 0.0390756

7 3 0.0451955

8 3 0.0511371

9 3 0.0568768

10 3 0.0623921

11 3 0.0676611

12 3 0.0726631

13 3 0.0773784

14 3 0.0817882

15 3 0.0858753

16 3 0.0896235

17 3 0.0930179

18 3 0.0960453

19 3 0.0986936

20 3 0.100952

21 3 0.102813

22 3 0.104268

23 3 0.105311

24 3 0.105938

25 3 0.106148

26 3 0.105938

27 3 0.105311

28 3 0.104268

29 3 0.102813

30 3 0.100952

31 3 0.0986936

32 3 0.0960453

33 3 0.0930179

34 3 0.0896235

35 3 0.0858753

36 3 0.0817882

37 3 0.0773784

38 3 0.0726631

39 3 0.0676611

40 3 0.0623921

41 3 0.0568768

42 3 0.0511371

43 3 0.0451955

44 3 0.0390756

45 3 0.0328014

46 3 0.0263979

47 3 0.0198901

48 3 0.0133038

49 3 0.00666507

50 3 0

0 4 0

1 4 0.00884579

2 4 0.0176567

3 4 0.0263979

4 4 0.0350349

5 4 0.0435336

6 4 0.0518606

7 4 0.0599828

8 4 0.0678684

9 4 0.0754861

10 4 0.0828059

11 4 0.0897989

12 4 0.0964375

13 4 0.102695

14 4 0.108548

15 4 0.113973

16 4 0.118947

17 4 0.123452

18 4 0.12747

19 4 0.130985

20 4 0.133983

21 4 0.136452

22 4 0.138382

23 4 0.139767

24 4 0.1406

25 4 0.140878

26 4 0.1406

27 4 0.139767

28 4 0.138382

29 4 0.136452

30 4 0.133983

31 4 0.130985

32 4 0.12747

33 4 0.123452

34 4 0.118947

35 4 0.113973

36 4 0.108548

37 4 0.102695

38 4 0.0964375

39 4 0.0897989

40 4 0.0828059

41 4 0.0754861

42 4 0.0678684

43 4 0.0599828

44 4 0.0518606

45 4 0.0435336

46 4 0.0350349

47 4 0.0263979

48 4 0.0176567

49 4 0.00884579

50 4 0

0 5 0

1 5 0.0109916

2 5 0.0219398

3 5 0.0328014

4 5 0.0435336

5 5 0.054094

6 5 0.0644409

7 5 0.0745335

8 5 0.0843319

9 5 0.0937975

10 5 0.102893

11 5 0.111582

12 5 0.119831

13 5 0.127607

14 5 0.13488

15 5 0.14162

16 5 0.147801

17 5 0.153399

18 5 0.158392

19 5 0.162759

20 5 0.166484

21 5 0.169552

22 5 0.171951

23 5 0.173672

24 5 0.174706

25 5 0.175052

26 5 0.174706

27 5 0.173672

28 5 0.171951

29 5 0.169552

30 5 0.166484

31 5 0.162759

32 5 0.158392

33 5 0.153399

34 5 0.147801

35 5 0.14162

36 5 0.13488

37 5 0.127607

38 5 0.119831

39 5 0.111582

40 5 0.102893

41 5 0.0937975

42 5 0.0843319

43 5 0.0745335

44 5 0.0644409

45 5 0.054094

46 5 0.0435336

47 5 0.0328014

48 5 0.0219398

49 5 0.0109916

50 5 0

0 6 0

1 6 0.013094

2 6 0.0261364

3 6 0.0390756

4 6 0.0518606

5 6 0.0644409

6 6 0.0767669

7 6 0.0887899

8 6 0.100463

9 6 0.111739

10 6 0.122574

11 6 0.132925

12 6 0.142752

13 6 0.152016

14 6 0.160679

15 6 0.168708

16 6 0.176072

17 6 0.182741

18 6 0.188688

19 6 0.193891

20 6 0.198329

21 6 0.201984

22 6 0.204841

23 6 0.206891

24 6 0.208124

25 6 0.208535

26 6 0.208124

27 6 0.206891

28 6 0.204841

29 6 0.201984

30 6 0.198329

31 6 0.193891

32 6 0.188688

33 6 0.182741

34 6 0.176072

35 6 0.168708

36 6 0.160679

37 6 0.152016

38 6 0.142752

39 6 0.132925

40 6 0.122574

41 6 0.111739

42 6 0.100463

43 6 0.0887899

44 6 0.0767669

45 6 0.0644409

46 6 0.0518606

47 6 0.0390756

48 6 0.0261364

49 6 0.013094

50 6 0

0 7 0

1 7 0.0151448

2 7 0.0302298

3 7 0.0451955

4 7 0.0599828

5 7 0.0745335

6 7 0.0887899

7 7 0.102696

8 7 0.116197

9 7 0.129239

10 7 0.141771

11 7 0.153744

12 7 0.16511

13 7 0.175824

14 7 0.185844

15 7 0.195131

16 7 0.203648

17 7 0.211361

18 7 0.21824

19 7 0.224258

20 7 0.22939

21 7 0.233618

22 7 0.236923

23 7 0.239293

24 7 0.240719

25 7 0.241195

26 7 0.240719

27 7 0.239293

28 7 0.236923

29 7 0.233618

30 7 0.22939

31 7 0.224258

32 7 0.21824

33 7 0.211361

34 7 0.203648

35 7 0.195131

36 7 0.185844

37 7 0.175824

38 7 0.16511

39 7 0.153744

40 7 0.141771

41 7 0.129239

42 7 0.116197

43 7 0.102696

44 7 0.0887899

45 7 0.0745335

46 7 0.0599828

47 7 0.0451955

48 7 0.0302298

49 7 0.0151448

50 7 0

0 8 0

1 8 0.0171358

2 8 0.0342039

3 8 0.0511371

4 8 0.0678684

5 8 0.0843319

6 8 0.100463

7 8 0.116197

8 8 0.131472

9 8 0.146229

10 8 0.160409

11 8 0.173955

12 8 0.186815

13 8 0.198938

14 8 0.210276

15 8 0.220784

16 8 0.23042

17 8 0.239147

18 8 0.246931

19 8 0.253739

20 8 0.259547

21 8 0.26433

22 8 0.26807

23 8 0.270752

24 8 0.272365

25 8 0.272904

26 8 0.272365

27 8 0.270752

28 8 0.26807

29 8 0.26433

30 8 0.259547

31 8 0.253739

32 8 0.246931

33 8 0.239147

34 8 0.23042

35 8 0.220784

36 8 0.210276

37 8 0.198938

38 8 0.186815

39 8 0.173955

40 8 0.160409

41 8 0.146229

42 8 0.131472

43 8 0.116197

44 8 0.100463

45 8 0.0843319

46 8 0.0678684

47 8 0.0511371

48 8 0.0342039

49 8 0.0171358

50 8 0

0 9 0

1 9 0.0190591

2 9 0.038043

3 9 0.0568768

4 9 0.0754861

5 9 0.0937975

6 9 0.111739

7 9 0.129239

8 9 0.146229

9 9 0.162642

10 9 0.178413

11 9 0.19348

12 9 0.207784

13 9 0.221267

14 9 0.233878

15 9 0.245565

16 9 0.256283

17 9 0.26599

18 9 0.274647

19 9 0.28222

20 9 0.288679

21 9 0.293999

22 9 0.298159

23 9 0.301142

24 9 0.302936

25 9 0.303535

26 9 0.302936

27 9 0.301142

28 9 0.298159

29 9 0.293999

30 9 0.288679

31 9 0.28222

32 9 0.274647

33 9 0.26599

34 9 0.256283

35 9 0.245565

36 9 0.233878

37 9 0.221267

38 9 0.207784

39 9 0.19348

40 9 0.178413

41 9 0.162642

42 9 0.146229

43 9 0.129239

44 9 0.111739

45 9 0.0937975

46 9 0.0754861

47 9 0.0568768

48 9 0.038043

49 9 0.0190591

50 9 0

0 10 0

1 10 0.0209073

2 10 0.041732

3 10 0.0623921

4 10 0.0828059

5 10 0.102893

6 10 0.122574

7 10 0.141771

8 10 0.160409

9 10 0.178413

10 10 0.195714

11 10 0.212242

12 10 0.227933

13 10 0.242724

14 10 0.256557

15 10 0.269377

16 10 0.281135

17 10 0.291782

18 10 0.301279

19 10 0.309586

20 10 0.316672

21 10 0.322508

22 10 0.327071

23 10 0.330343

24 10 0.332311

25 10 0.332968

26 10 0.332311

27 10 0.330343

28 10 0.327071

29 10 0.322508

30 10 0.316672

31 10 0.309586

32 10 0.301279

33 10 0.291782

34 10 0.281135

35 10 0.269377

36 10 0.256557

37 10 0.242724

38 10 0.227933

39 10 0.212242

40 10 0.195714

41 10 0.178413

42 10 0.160409

43 10 0.141771

44 10 0.122574

45 10 0.102893

46 10 0.0828059

47 10 0.0623921

48 10 0.041732

49 10 0.0209073

50 10 0

0 11 0

1 11 0.0226729

2 11 0.0452563

3 11 0.0676611

4 11 0.0897989

5 11 0.111582

6 11 0.132925

7 11 0.153744

8 11 0.173955

9 11 0.19348

10 11 0.212242

11 11 0.230166

12 11 0.247182

13 11 0.263222

14 11 0.278223

15 11 0.292126

16 11 0.304876

17 11 0.316424

18 11 0.326722

19 11 0.335731

20 11 0.343415

21 11 0.349744

22 11 0.354692

23 11 0.35824

24 11 0.360375

25 11 0.361088

26 11 0.360375

27 11 0.35824

28 11 0.354692

29 11 0.349744

30 11 0.343415

31 11 0.335731

32 11 0.326722

33 11 0.316424

34 11 0.304876

35 11 0.292126

36 11 0.278223

37 11 0.263222

38 11 0.247182

39 11 0.230166

40 11 0.212242

41 11 0.19348

42 11 0.173955

43 11 0.153744

44 11 0.132925

45 11 0.111582

46 11 0.0897989

47 11 0.0676611

48 11 0.0452563

49 11 0.0226729

50 11 0

0 12 0

1 12 0.024349

2 12 0.048602

3 12 0.0726631

4 12 0.0964375

5 12 0.119831

6 12 0.142752

7 12 0.16511

8 12 0.186815

9 12 0.207784

10 12 0.227933

11 12 0.247182

12 12 0.265455

13 12 0.282681

14 12 0.298791

15 12 0.313722

16 12 0.327415

17 12 0.339816

18 12 0.350876

19 12 0.360551

20 12 0.368803

21 12 0.375599

22 12 0.380913

23 12 0.384724

24 12 0.387017

25 12 0.387782

26 12 0.387017

27 12 0.384724

28 12 0.380913

29 12 0.375599

30 12 0.368803

31 12 0.360551

32 12 0.350876

33 12 0.339816

34 12 0.327415

35 12 0.313722

36 12 0.298791

37 12 0.282681

38 12 0.265455

39 12 0.247182

40 12 0.227933

41 12 0.207784

42 12 0.186815

43 12 0.16511

44 12 0.142752

45 12 0.119831

46 12 0.0964375

47 12 0.0726631

48 12 0.048602

49 12 0.024349

50 12 0

0 13 0

1 13 0.0259291

2 13 0.0517558

3 13 0.0773784

4 13 0.102695

5 13 0.127607

6 13 0.152016

7 13 0.175824

8 13 0.198938

9 13 0.221267

10 13 0.242724

11 13 0.263222

12 13 0.282681

13 13 0.301025

14 13 0.31818

15 13 0.33408

16 13 0.348662

17 13 0.361867

18 13 0.373645

19 13 0.383947

20 13 0.392735

21 13 0.399972

22 13 0.405632

23 13 0.40969

24 13 0.412131

25 13 0.412946

26 13 0.412131

27 13 0.40969

28 13 0.405632

29 13 0.399972

30 13 0.392735

31 13 0.383947

32 13 0.373645

33 13 0.361867

34 13 0.348662

35 13 0.33408

36 13 0.31818

37 13 0.301025

38 13 0.282681

39 13 0.263222

40 13 0.242724

41 13 0.221267

42 13 0.198938

43 13 0.175824

44 13 0.152016

45 13 0.127607

46 13 0.102695

47 13 0.0773784

48 13 0.0517558

49 13 0.0259291

50 13 0

0 14 0

1 14 0.0274068

2 14 0.0547055

3 14 0.0817882

4 14 0.108548

5 14 0.13488

6 14 0.160679

7 14 0.185844

8 14 0.210276

9 14 0.233878

10 14 0.256557

11 14 0.278223

12 14 0.298791

13 14 0.31818

14 14 0.336314

15 14 0.35312

16 14 0.368532

17 14 0.38249

18 14 0.394939

19 14 0.405829

20 14 0.415117

21 14 0.422767

22 14 0.428749

23 14 0.433038

24 14 0.435619

25 14 0.43648

26 14 0.435619

27 14 0.433038

28 14 0.428749

29 14 0.422767

30 14 0.415117

31 14 0.405829

32 14 0.394939

33 14 0.38249

34 14 0.368532

35 14 0.35312

36 14 0.336314

37 14 0.31818

38 14 0.298791

39 14 0.278223

40 14 0.256557

41 14 0.233878

42 14 0.210276

43 14 0.185844

44 14 0.160679

45 14 0.13488

46 14 0.108548

47 14 0.0817882

48 14 0.0547055

49 14 0.0274068

50 14 0

0 15 0

1 15 0.0287764

2 15 0.0574392

3 15 0.0858753

4 15 0.113973

5 15 0.14162

6 15 0.168708

7 15 0.195131

8 15 0.220784

9 15 0.245565

10 15 0.269377

11 15 0.292126

12 15 0.313722

13 15 0.33408

14 15 0.35312

15 15 0.370766

16 15 0.386948

17 15 0.401604

18 15 0.414675

19 15 0.426109

20 15 0.435861

21 15 0.443894

22 15 0.450174

23 15 0.454678

24 15 0.457387

25 15 0.458292

26 15 0.457387

27 15 0.454678

28 15 0.450174

29 15 0.443894

30 15 0.435861

31 15 0.426109

32 15 0.414675

33 15 0.401604

34 15 0.386948

35 15 0.370766

36 15 0.35312

37 15 0.33408

38 15 0.313722

39 15 0.292126

40 15 0.269377

41 15 0.245565

42 15 0.220784

43 15 0.195131

44 15 0.168708

45 15 0.14162

46 15 0.113973

47 15 0.0858753

48 15 0.0574392

49 15 0.0287764

50 15 0

0 16 0

1 16 0.0300324

2 16 0.0599462

3 16 0.0896235

4 16 0.118947

5 16 0.147801

6 16 0.176072

7 16 0.203648

8 16 0.23042

9 16 0.256283

10 16 0.281135

11 16 0.304876

12 16 0.327415

13 16 0.348662

14 16 0.368532

15 16 0.386948

16 16 0.403838

17 16 0.419133

18 16 0.432774

19 16 0.444707

20 16 0.454885

21 16 0.463268

22 16 0.469823

23 16 0.474523

24 16 0.477351

25 16 0.478295

26 16 0.477351

27 16 0.474523

28 16 0.469823

29 16 0.463268

30 16 0.454885

31 16 0.444707

32 16 0.432774

33 16 0.419133

34 16 0.403838

35 16 0.386948

36 16 0.368532

37 16 0.348662

38 16 0.327415

39 16 0.304876

40 16 0.281135

41 16 0.256283

42 16 0.23042

43 16 0.203648

44 16 0.176072

45 16 0.147801

46 16 0.118947

47 16 0.0896235

48 16 0.0599462

49 16 0.0300324

50 16 0

0 17 0

1 17 0.0311698

2 17 0.0622167

3 17 0.0930179

4 17 0.123452

5 17 0.153399

6 17 0.182741

7 17 0.211361

8 17 0.239147

9 17 0.26599

10 17 0.291782

11 17 0.316424

12 17 0.339816

13 17 0.361867

14 17 0.38249

15 17 0.401604

16 17 0.419133

17 17 0.435007

18 17 0.449165

19 17 0.46155

20 17 0.472114

21 17 0.480814

22 17 0.487617

23 17 0.492496

24 17 0.49543

25 17 0.49641

26 17 0.49543

27 17 0.492496

28 17 0.487617

29 17 0.480814

30 17 0.472114

31 17 0.46155

32 17 0.449165

33 17 0.435007

34 17 0.419133

35 17 0.401604

36 17 0.38249

37 17 0.361867

38 17 0.339816

39 17 0.316424

40 17 0.291782

41 17 0.26599

42 17 0.239147

43 17 0.211361

44 17 0.182741

45 17 0.153399

46 17 0.123452

47 17 0.0930179

48 17 0.0622167

49 17 0.0311698

50 17 0

0 18 0

1 18 0.0321843

2 18 0.0642416

3 18 0.0960453

4 18 0.12747

5 18 0.158392

6 18 0.188688

7 18 0.21824

8 18 0.246931

9 18 0.274647

10 18 0.301279

11 18 0.326722

12 18 0.350876

13 18 0.373645

14 18 0.394939

15 18 0.414675

16 18 0.432774

17 18 0.449165

18 18 0.463784

19 18 0.476572

20 18 0.487479

21 18 0.496463

22 18 0.503487

23 18 0.508524

24 18 0.511555

25 18 0.512566

26 18 0.511555

27 18 0.508524

28 18 0.503487

29 18 0.496463

30 18 0.487479

31 18 0.476572

32 18 0.463784

33 18 0.449165

34 18 0.432774

35 18 0.414675

36 18 0.394939

37 18 0.373645

38 18 0.350876

39 18 0.326722

40 18 0.301279

41 18 0.274647

42 18 0.246931

43 18 0.21824

44 18 0.188688

45 18 0.158392

46 18 0.12747

47 18 0.0960453

48 18 0.0642416

49 18 0.0321843

50 18 0

0 19 0

1 19 0.0330717

2 19 0.066013

3 19 0.0986936

4 19 0.130985

5 19 0.162759

6 19 0.193891

7 19 0.224258

8 19 0.253739

9 19 0.28222

10 19 0.309586

11 19 0.335731

12 19 0.360551

13 19 0.383947

14 19 0.405829

15 19 0.426109

16 19 0.444707

17 19 0.46155

18 19 0.476572

19 19 0.489713

20 19 0.500921

21 19 0.510152

22 19 0.51737

23 19 0.522546

24 19 0.52566

25 19 0.5267

26 19 0.52566

27 19 0.522546

28 19 0.51737

29 19 0.510152

30 19 0.500921

31 19 0.489713

32 19 0.476572

33 19 0.46155

34 19 0.444707

35 19 0.426109

36 19 0.405829

37 19 0.383947

38 19 0.360551

39 19 0.335731

40 19 0.309586

41 19 0.28222

42 19 0.253739

43 19 0.224258

44 19 0.193891

45 19 0.162759

46 19 0.130985

47 19 0.0986936

48 19 0.066013

49 19 0.0330717

50 19 0

0 20 0

1 20 0.0338287

2 20 0.0675238

3 20 0.100952

4 20 0.133983

5 20 0.166484

6 20 0.198329

7 20 0.22939

8 20 0.259547

9 20 0.288679

10 20 0.316672

11 20 0.343415

12 20 0.368803

13 20 0.392735

14 20 0.415117

15 20 0.435861

16 20 0.454885

17 20 0.472114

18 20 0.487479

19 20 0.500921

20 20 0.512386

21 20 0.521828

22 20 0.529211

23 20 0.534506

24 20 0.537691

25 20 0.538754

26 20 0.537691

27 20 0.534506

28 20 0.529211

29 20 0.521828

30 20 0.512386

31 20 0.500921

32 20 0.487479

33 20 0.472114

34 20 0.454885

35 20 0.435861

36 20 0.415117

37 20 0.392735

38 20 0.368803

39 20 0.343415

40 20 0.316672

41 20 0.288679

42 20 0.259547

43 20 0.22939

44 20 0.198329

45 20 0.166484

46 20 0.133983

47 20 0.100952

48 20 0.0675238

49 20 0.0338287

50 20 0

0 21 0

1 21 0.0344521

2 21 0.0687682

3 21 0.102813

4 21 0.136452

5 21 0.169552

6 21 0.201984

7 21 0.233618

8 21 0.26433

9 21 0.293999

10 21 0.322508

11 21 0.349744

12 21 0.375599

13 21 0.399972

14 21 0.422767

15 21 0.443894

16 21 0.463268

17 21 0.480814

18 21 0.496463

19 21 0.510152

20 21 0.521828

21 21 0.531445

22 21 0.538964

23 21 0.544356

24 21 0.5476

25 21 0.548683

26 21 0.5476

27 21 0.544356

28 21 0.538964

29 21 0.531445

30 21 0.521828

31 21 0.510152

32 21 0.496463

33 21 0.480814

34 21 0.463268

35 21 0.443894

36 21 0.422767

37 21 0.399972

38 21 0.375599

39 21 0.349744

40 21 0.322508

41 21 0.293999

42 21 0.26433

43 21 0.233618

44 21 0.201984

45 21 0.169552

46 21 0.136452

47 21 0.102813

48 21 0.0687682

49 21 0.0344521

50 21 0

0 22 0

1 22 0.0349395

2 22 0.0697412

3 22 0.104268

4 22 0.138382

5 22 0.171951

6 22 0.204841

7 22 0.236923

8 22 0.26807

9 22 0.298159

10 22 0.327071

11 22 0.354692

12 22 0.380913

13 22 0.405632

14 22 0.428749

15 22 0.450174

16 22 0.469823

17 22 0.487617

18 22 0.503487

19 22 0.51737

20 22 0.529211

21 22 0.538964

22 22 0.54659

23 22 0.552058

24 22 0.555348

25 22 0.556446

26 22 0.555348

27 22 0.552058

28 22 0.54659

29 22 0.538964

30 22 0.529211

31 22 0.51737

32 22 0.503487

33 22 0.487617

34 22 0.469823

35 22 0.450174

36 22 0.428749

37 22 0.405632

38 22 0.380913

39 22 0.354692

40 22 0.327071

41 22 0.298159

42 22 0.26807

43 22 0.236923

44 22 0.204841

45 22 0.171951

46 22 0.138382

47 22 0.104268

48 22 0.0697412

49 22 0.0349395

50 22 0

0 23 0

1 23 0.0352891

2 23 0.0704389

3 23 0.105311

4 23 0.139767

5 23 0.173672

6 23 0.206891

7 23 0.239293

8 23 0.270752

9 23 0.301142

10 23 0.330343

11 23 0.35824

12 23 0.384724

13 23 0.40969

14 23 0.433038

15 23 0.454678

16 23 0.474523

17 23 0.492496

18 23 0.508524

19 23 0.522546

20 23 0.534506

21 23 0.544356

22 23 0.552058

23 23 0.557581

24 23 0.560904

25 23 0.562013

26 23 0.560904

27 23 0.557581

28 23 0.552058

29 23 0.544356

30 23 0.534506

31 23 0.522546

32 23 0.508524

33 23 0.492496

34 23 0.474523

35 23 0.454678

36 23 0.433038

37 23 0.40969

38 23 0.384724

39 23 0.35824

40 23 0.330343

41 23 0.301142

42 23 0.270752

43 23 0.239293

44 23 0.206891

45 23 0.173672

46 23 0.139767

47 23 0.105311

48 23 0.0704389

49 23 0.0352891

50 23 0

0 24 0

1 24 0.0354994

2 24 0.0708586

3 24 0.105938

4 24 0.1406

5 24 0.174706

6 24 0.208124

7 24 0.240719

8 24 0.272365

9 24 0.302936

10 24 0.332311

11 24 0.360375

12 24 0.387017

13 24 0.412131

14 24 0.435619

15 24 0.457387

16 24 0.477351

17 24 0.49543

18 24 0.511555

19 24 0.52566

20 24 0.537691

21 24 0.5476

22 24 0.555348

23 24 0.560904

24 24 0.564246

25 24 0.565362

26 24 0.564246

27 24 0.560904

28 24 0.555348

29 24 0.5476

30 24 0.537691

31 24 0.52566

32 24 0.511555

33 24 0.49543

34 24 0.477351

35 24 0.457387

36 24 0.435619

37 24 0.412131

38 24 0.387017

39 24 0.360375

40 24 0.332311

41 24 0.302936

42 24 0.272365

43 24 0.240719

44 24 0.208124

45 24 0.174706

46 24 0.1406

47 24 0.105938

48 24 0.0708586

49 24 0.0354994

50 24 0

0 25 0

1 25 0.0355696

2 25 0.0709987

3 25 0.106148

4 25 0.140878

5 25 0.175052

6 25 0.208535

7 25 0.241195

8 25 0.272904

9 25 0.303535

10 25 0.332968

11 25 0.361088

12 25 0.387782

13 25 0.412946

14 25 0.43648

15 25 0.458292

16 25 0.478295

17 25 0.49641

18 25 0.512566

19 25 0.5267

20 25 0.538754

21 25 0.548683

22 25 0.556446

23 25 0.562013

24 25 0.565362

25 25 0.56648

26 25 0.565362

27 25 0.562013

28 25 0.556446

29 25 0.548683

30 25 0.538754

31 25 0.5267

32 25 0.512566

33 25 0.49641

34 25 0.478295

35 25 0.458292

36 25 0.43648

37 25 0.412946

38 25 0.387782

39 25 0.361088

40 25 0.332968

41 25 0.303535

42 25 0.272904

43 25 0.241195

44 25 0.208535

45 25 0.175052

46 25 0.140878

47 25 0.106148

48 25 0.0709987

49 25 0.0355696

50 25 0

0 26 0

1 26 0.0354994

2 26 0.0708586

3 26 0.105938

4 26 0.1406

5 26 0.174706

6 26 0.208124

7 26 0.240719

8 26 0.272365

9 26 0.302936

10 26 0.332311

11 26 0.360375

12 26 0.387017

13 26 0.412131

14 26 0.435619

15 26 0.457387

16 26 0.477351

17 26 0.49543

18 26 0.511555

19 26 0.52566

20 26 0.537691

21 26 0.5476

22 26 0.555348

23 26 0.560904

24 26 0.564246

25 26 0.565362

26 26 0.564246

27 26 0.560904

28 26 0.555348

29 26 0.5476

30 26 0.537691

31 26 0.52566

32 26 0.511555

33 26 0.49543

34 26 0.477351

35 26 0.457387

36 26 0.435619

37 26 0.412131

38 26 0.387017

39 26 0.360375

40 26 0.332311

41 26 0.302936

42 26 0.272365

43 26 0.240719

44 26 0.208124

45 26 0.174706

46 26 0.1406

47 26 0.105938

48 26 0.0708586

49 26 0.0354994

50 26 0

0 27 0

1 27 0.0352891

2 27 0.0704389

3 27 0.105311

4 27 0.139767

5 27 0.173672

6 27 0.206891

7 27 0.239293

8 27 0.270752

9 27 0.301142

10 27 0.330343

11 27 0.35824

12 27 0.384724

13 27 0.40969

14 27 0.433038

15 27 0.454678

16 27 0.474523

17 27 0.492496

18 27 0.508524

19 27 0.522546

20 27 0.534506

21 27 0.544356

22 27 0.552058

23 27 0.557581

24 27 0.560904

25 27 0.562013

26 27 0.560904

27 27 0.557581

28 27 0.552058

29 27 0.544356

30 27 0.534506

31 27 0.522546

32 27 0.508524

33 27 0.492496

34 27 0.474523

35 27 0.454678

36 27 0.433038

37 27 0.40969

38 27 0.384724

39 27 0.35824

40 27 0.330343

41 27 0.301142

42 27 0.270752

43 27 0.239293

44 27 0.206891

45 27 0.173672

46 27 0.139767

47 27 0.105311

48 27 0.0704389

49 27 0.0352891

50 27 0

0 28 0

1 28 0.0349395

2 28 0.0697412

3 28 0.104268

4 28 0.138382

5 28 0.171951

6 28 0.204841

7 28 0.236923

8 28 0.26807

9 28 0.298159

10 28 0.327071

11 28 0.354692

12 28 0.380913

13 28 0.405632

14 28 0.428749

15 28 0.450174

16 28 0.469823

17 28 0.487617

18 28 0.503487

19 28 0.51737

20 28 0.529211

21 28 0.538964

22 28 0.54659

23 28 0.552058

24 28 0.555348

25 28 0.556446

26 28 0.555348

27 28 0.552058

28 28 0.54659

29 28 0.538964

30 28 0.529211

31 28 0.51737

32 28 0.503487

33 28 0.487617

34 28 0.469823

35 28 0.450174

36 28 0.428749

37 28 0.405632

38 28 0.380913

39 28 0.354692

40 28 0.327071

41 28 0.298159

42 28 0.26807

43 28 0.236923

44 28 0.204841

45 28 0.171951

46 28 0.138382

47 28 0.104268

48 28 0.0697412

49 28 0.0349395

50 28 0

0 29 0

1 29 0.0344521

2 29 0.0687682

3 29 0.102813

4 29 0.136452

5 29 0.169552

6 29 0.201984

7 29 0.233618

8 29 0.26433

9 29 0.293999

10 29 0.322508

11 29 0.349744

12 29 0.375599

13 29 0.399972

14 29 0.422767

15 29 0.443894

16 29 0.463268

17 29 0.480814

18 29 0.496463

19 29 0.510152

20 29 0.521828

21 29 0.531445

22 29 0.538964

23 29 0.544356

24 29 0.5476

25 29 0.548683

26 29 0.5476

27 29 0.544356

28 29 0.538964

29 29 0.531445

30 29 0.521828

31 29 0.510152

32 29 0.496463

33 29 0.480814

34 29 0.463268

35 29 0.443894

36 29 0.422767

37 29 0.399972

38 29 0.375599

39 29 0.349744

40 29 0.322508

41 29 0.293999

42 29 0.26433

43 29 0.233618

44 29 0.201984

45 29 0.169552

46 29 0.136452

47 29 0.102813

48 29 0.0687682

49 29 0.0344521

50 29 0

0 30 0

1 30 0.0338287

2 30 0.0675238

3 30 0.100952

4 30 0.133983

5 30 0.166484

6 30 0.198329

7 30 0.22939

8 30 0.259547

9 30 0.288679

10 30 0.316672

11 30 0.343415

12 30 0.368803

13 30 0.392735

14 30 0.415117

15 30 0.435861

16 30 0.454885

17 30 0.472114

18 30 0.487479

19 30 0.500921

20 30 0.512386

21 30 0.521828

22 30 0.529211

23 30 0.534506

24 30 0.537691

25 30 0.538754

26 30 0.537691

27 30 0.534506

28 30 0.529211

29 30 0.521828

30 30 0.512386

31 30 0.500921

32 30 0.487479

33 30 0.472114

34 30 0.454885

35 30 0.435861

36 30 0.415117

37 30 0.392735

38 30 0.368803

39 30 0.343415

40 30 0.316672

41 30 0.288679

42 30 0.259547

43 30 0.22939

44 30 0.198329

45 30 0.166484

46 30 0.133983

47 30 0.100952

48 30 0.0675238

49 30 0.0338287

50 30 0

0 31 0

1 31 0.0330717

2 31 0.066013

3 31 0.0986936

4 31 0.130985

5 31 0.162759

6 31 0.193891

7 31 0.224258

8 31 0.253739

9 31 0.28222

10 31 0.309586

11 31 0.335731

12 31 0.360551

13 31 0.383947

14 31 0.405829

15 31 0.426109

16 31 0.444707

17 31 0.46155

18 31 0.476572

19 31 0.489713

20 31 0.500921

21 31 0.510152

22 31 0.51737

23 31 0.522546

24 31 0.52566

25 31 0.5267

26 31 0.52566

27 31 0.522546

28 31 0.51737

29 31 0.510152

30 31 0.500921

31 31 0.489713

32 31 0.476572

33 31 0.46155

34 31 0.444707

35 31 0.426109

36 31 0.405829

37 31 0.383947

38 31 0.360551

39 31 0.335731

40 31 0.309586

41 31 0.28222

42 31 0.253739

43 31 0.224258

44 31 0.193891

45 31 0.162759

46 31 0.130985

47 31 0.0986936

48 31 0.066013

49 31 0.0330717

50 31 0

0 32 0

1 32 0.0321843

2 32 0.0642416

3 32 0.0960453

4 32 0.12747

5 32 0.158392

6 32 0.188688

7 32 0.21824

8 32 0.246931

9 32 0.274647

10 32 0.301279

11 32 0.326722

12 32 0.350876

13 32 0.373645

14 32 0.394939

15 32 0.414675

16 32 0.432774

17 32 0.449165

18 32 0.463784

19 32 0.476572

20 32 0.487479

21 32 0.496463

22 32 0.503487

23 32 0.508524

24 32 0.511555

25 32 0.512566

26 32 0.511555

27 32 0.508524

28 32 0.503487

29 32 0.496463

30 32 0.487479

31 32 0.476572

32 32 0.463784

33 32 0.449165

34 32 0.432774

35 32 0.414675

36 32 0.394939

37 32 0.373645

38 32 0.350876

39 32 0.326722

40 32 0.301279

41 32 0.274647

42 32 0.246931

43 32 0.21824

44 32 0.188688

45 32 0.158392

46 32 0.12747

47 32 0.0960453

48 32 0.0642416

49 32 0.0321843

50 32 0

0 33 0

1 33 0.0311698

2 33 0.0622167

3 33 0.0930179

4 33 0.123452

5 33 0.153399

6 33 0.182741

7 33 0.211361

8 33 0.239147

9 33 0.26599

10 33 0.291782

11 33 0.316424

12 33 0.339816

13 33 0.361867

14 33 0.38249

15 33 0.401604

16 33 0.419133

17 33 0.435007

18 33 0.449165

19 33 0.46155

20 33 0.472114

21 33 0.480814

22 33 0.487617

23 33 0.492496

24 33 0.49543

25 33 0.49641

26 33 0.49543

27 33 0.492496

28 33 0.487617

29 33 0.480814

30 33 0.472114

31 33 0.46155

32 33 0.449165

33 33 0.435007

34 33 0.419133

35 33 0.401604

36 33 0.38249

37 33 0.361867

38 33 0.339816

39 33 0.316424

40 33 0.291782

41 33 0.26599

42 33 0.239147

43 33 0.211361

44 33 0.182741

45 33 0.153399

46 33 0.123452

47 33 0.0930179

48 33 0.0622167

49 33 0.0311698

50 33 0

0 34 0

1 34 0.0300324

2 34 0.0599462

3 34 0.0896235

4 34 0.118947

5 34 0.147801

6 34 0.176072

7 34 0.203648

8 34 0.23042

9 34 0.256283

10 34 0.281135

11 34 0.304876

12 34 0.327415

13 34 0.348662

14 34 0.368532

15 34 0.386948

16 34 0.403838

17 34 0.419133

18 34 0.432774

19 34 0.444707

20 34 0.454885

21 34 0.463268

22 34 0.469823

23 34 0.474523

24 34 0.477351

25 34 0.478295

26 34 0.477351

27 34 0.474523

28 34 0.469823

29 34 0.463268

30 34 0.454885

31 34 0.444707

32 34 0.432774

33 34 0.419133

34 34 0.403838

35 34 0.386948

36 34 0.368532

37 34 0.348662

38 34 0.327415

39 34 0.304876

40 34 0.281135

41 34 0.256283

42 34 0.23042

43 34 0.203648

44 34 0.176072

45 34 0.147801

46 34 0.118947

47 34 0.0896235

48 34 0.0599462

49 34 0.0300324

50 34 0

0 35 0

1 35 0.0287764

2 35 0.0574392

3 35 0.0858753

4 35 0.113973

5 35 0.14162

6 35 0.168708

7 35 0.195131

8 35 0.220784

9 35 0.245565

10 35 0.269377

11 35 0.292126

12 35 0.313722

13 35 0.33408

14 35 0.35312

15 35 0.370766

16 35 0.386948

17 35 0.401604

18 35 0.414675

19 35 0.426109

20 35 0.435861

21 35 0.443894

22 35 0.450174

23 35 0.454678

24 35 0.457387

25 35 0.458292

26 35 0.457387

27 35 0.454678

28 35 0.450174

29 35 0.443894

30 35 0.435861

31 35 0.426109

32 35 0.414675

33 35 0.401604

34 35 0.386948

35 35 0.370766

36 35 0.35312

37 35 0.33408

38 35 0.313722

39 35 0.292126

40 35 0.269377

41 35 0.245565

42 35 0.220784

43 35 0.195131

44 35 0.168708

45 35 0.14162

46 35 0.113973

47 35 0.0858753

48 35 0.0574392

49 35 0.0287764

50 35 0

0 36 0

1 36 0.0274068

2 36 0.0547055

3 36 0.0817882

4 36 0.108548

5 36 0.13488

6 36 0.160679

7 36 0.185844

8 36 0.210276

9 36 0.233878

10 36 0.256557

11 36 0.278223

12 36 0.298791

13 36 0.31818

14 36 0.336314

15 36 0.35312

16 36 0.368532

17 36 0.38249

18 36 0.394939

19 36 0.405829

20 36 0.415117

21 36 0.422767

22 36 0.428749

23 36 0.433038

24 36 0.435619

25 36 0.43648

26 36 0.435619

27 36 0.433038

28 36 0.428749

29 36 0.422767

30 36 0.415117

31 36 0.405829

32 36 0.394939

33 36 0.38249

34 36 0.368532

35 36 0.35312

36 36 0.336314

37 36 0.31818

38 36 0.298791

39 36 0.278223

40 36 0.256557

41 36 0.233878

42 36 0.210276

43 36 0.185844

44 36 0.160679

45 36 0.13488

46 36 0.108548

47 36 0.0817882

48 36 0.0547055

49 36 0.0274068

50 36 0

0 37 0

1 37 0.0259291

2 37 0.0517558

3 37 0.0773784

4 37 0.102695

5 37 0.127607

6 37 0.152016

7 37 0.175824

8 37 0.198938

9 37 0.221267

10 37 0.242724

11 37 0.263222

12 37 0.282681

13 37 0.301025

14 37 0.31818

15 37 0.33408

16 37 0.348662

17 37 0.361867

18 37 0.373645

19 37 0.383947

20 37 0.392735

21 37 0.399972

22 37 0.405632

23 37 0.40969

24 37 0.412131

25 37 0.412946

26 37 0.412131

27 37 0.40969

28 37 0.405632

29 37 0.399972

30 37 0.392735

31 37 0.383947

32 37 0.373645

33 37 0.361867

34 37 0.348662

35 37 0.33408

36 37 0.31818

37 37 0.301025

38 37 0.282681

39 37 0.263222

40 37 0.242724

41 37 0.221267

42 37 0.198938

43 37 0.175824

44 37 0.152016

45 37 0.127607

46 37 0.102695

47 37 0.0773784

48 37 0.0517558

49 37 0.0259291

50 37 0

0 38 0

1 38 0.024349

2 38 0.048602

3 38 0.0726631

4 38 0.0964375

5 38 0.119831

6 38 0.142752

7 38 0.16511

8 38 0.186815

9 38 0.207784

10 38 0.227933

11 38 0.247182

12 38 0.265455

13 38 0.282681

14 38 0.298791

15 38 0.313722

16 38 0.327415

17 38 0.339816

18 38 0.350876

19 38 0.360551

20 38 0.368803

21 38 0.375599

22 38 0.380913

23 38 0.384724

24 38 0.387017

25 38 0.387782

26 38 0.387017

27 38 0.384724

28 38 0.380913

29 38 0.375599

30 38 0.368803

31 38 0.360551

32 38 0.350876

33 38 0.339816

34 38 0.327415

35 38 0.313722

36 38 0.298791

37 38 0.282681

38 38 0.265455

39 38 0.247182

40 38 0.227933

41 38 0.207784

42 38 0.186815

43 38 0.16511

44 38 0.142752

45 38 0.119831

46 38 0.0964375

47 38 0.0726631

48 38 0.048602

49 38 0.024349

50 38 0

0 39 0

1 39 0.0226729

2 39 0.0452563

3 39 0.0676611

4 39 0.0897989

5 39 0.111582

6 39 0.132925

7 39 0.153744

8 39 0.173955

9 39 0.19348

10 39 0.212242

11 39 0.230166

12 39 0.247182

13 39 0.263222

14 39 0.278223

15 39 0.292126

16 39 0.304876

17 39 0.316424

18 39 0.326722

19 39 0.335731

20 39 0.343415

21 39 0.349744

22 39 0.354692

23 39 0.35824

24 39 0.360375

25 39 0.361088

26 39 0.360375

27 39 0.35824

28 39 0.354692

29 39 0.349744

30 39 0.343415

31 39 0.335731

32 39 0.326722

33 39 0.316424

34 39 0.304876

35 39 0.292126

36 39 0.278223

37 39 0.263222

38 39 0.247182

39 39 0.230166

40 39 0.212242

41 39 0.19348

42 39 0.173955

43 39 0.153744

44 39 0.132925

45 39 0.111582

46 39 0.0897989

47 39 0.0676611

48 39 0.0452563

49 39 0.0226729

50 39 0

0 40 0

1 40 0.0209073

2 40 0.041732

3 40 0.0623921

4 40 0.0828059

5 40 0.102893

6 40 0.122574

7 40 0.141771

8 40 0.160409

9 40 0.178413

10 40 0.195714

11 40 0.212242

12 40 0.227933

13 40 0.242724

14 40 0.256557

15 40 0.269377

16 40 0.281135

17 40 0.291782

18 40 0.301279

19 40 0.309586

20 40 0.316672

21 40 0.322508

22 40 0.327071

23 40 0.330343

24 40 0.332311

25 40 0.332968

26 40 0.332311

27 40 0.330343

28 40 0.327071

29 40 0.322508

30 40 0.316672

31 40 0.309586

32 40 0.301279

33 40 0.291782

34 40 0.281135

35 40 0.269377

36 40 0.256557

37 40 0.242724

38 40 0.227933

39 40 0.212242

40 40 0.195714

41 40 0.178413

42 40 0.160409

43 40 0.141771

44 40 0.122574

45 40 0.102893

46 40 0.0828059

47 40 0.0623921

48 40 0.041732

49 40 0.0209073

50 40 0

0 41 0

1 41 0.0190591

2 41 0.038043

3 41 0.0568768

4 41 0.0754861

5 41 0.0937975

6 41 0.111739

7 41 0.129239

8 41 0.146229

9 41 0.162642

10 41 0.178413

11 41 0.19348

12 41 0.207784

13 41 0.221267

14 41 0.233878

15 41 0.245565

16 41 0.256283

17 41 0.26599

18 41 0.274647

19 41 0.28222

20 41 0.288679

21 41 0.293999

22 41 0.298159

23 41 0.301142

24 41 0.302936

25 41 0.303535

26 41 0.302936

27 41 0.301142

28 41 0.298159

29 41 0.293999

30 41 0.288679

31 41 0.28222

32 41 0.274647

33 41 0.26599

34 41 0.256283

35 41 0.245565

36 41 0.233878

37 41 0.221267

38 41 0.207784

39 41 0.19348

40 41 0.178413

41 41 0.162642

42 41 0.146229

43 41 0.129239

44 41 0.111739

45 41 0.0937975

46 41 0.0754861

47 41 0.0568768

48 41 0.038043

49 41 0.0190591

50 41 0

0 42 0

1 42 0.0171358

2 42 0.0342039

3 42 0.0511371

4 42 0.0678684

5 42 0.0843319

6 42 0.100463

7 42 0.116197

8 42 0.131472

9 42 0.146229

10 42 0.160409

11 42 0.173955

12 42 0.186815

13 42 0.198938

14 42 0.210276

15 42 0.220784

16 42 0.23042

17 42 0.239147

18 42 0.246931

19 42 0.253739

20 42 0.259547

21 42 0.26433

22 42 0.26807

23 42 0.270752

24 42 0.272365

25 42 0.272904

26 42 0.272365

27 42 0.270752

28 42 0.26807

29 42 0.26433

30 42 0.259547

31 42 0.253739

32 42 0.246931

33 42 0.239147

34 42 0.23042

35 42 0.220784

36 42 0.210276

37 42 0.198938

38 42 0.186815

39 42 0.173955

40 42 0.160409

41 42 0.146229

42 42 0.131472

43 42 0.116197

44 42 0.100463

45 42 0.0843319

46 42 0.0678684

47 42 0.0511371

48 42 0.0342039

49 42 0.0171358

50 42 0

0 43 0

1 43 0.0151448

2 43 0.0302298

3 43 0.0451955

4 43 0.0599828

5 43 0.0745335

6 43 0.0887899

7 43 0.102696

8 43 0.116197

9 43 0.129239

10 43 0.141771

11 43 0.153744

12 43 0.16511

13 43 0.175824

14 43 0.185844

15 43 0.195131

16 43 0.203648

17 43 0.211361

18 43 0.21824

19 43 0.224258

20 43 0.22939

21 43 0.233618

22 43 0.236923

23 43 0.239293

24 43 0.240719

25 43 0.241195

26 43 0.240719

27 43 0.239293

28 43 0.236923

29 43 0.233618

30 43 0.22939

31 43 0.224258

32 43 0.21824

33 43 0.211361

34 43 0.203648

35 43 0.195131

36 43 0.185844

37 43 0.175824

38 43 0.16511

39 43 0.153744

40 43 0.141771

41 43 0.129239

42 43 0.116197

43 43 0.102696

44 43 0.0887899

45 43 0.0745335

46 43 0.0599828

47 43 0.0451955

48 43 0.0302298

49 43 0.0151448

50 43 0

0 44 0

1 44 0.013094

2 44 0.0261364

3 44 0.0390756

4 44 0.0518606

5 44 0.0644409

6 44 0.0767669

7 44 0.0887899

8 44 0.100463

9 44 0.111739

10 44 0.122574

11 44 0.132925

12 44 0.142752

13 44 0.152016

14 44 0.160679

15 44 0.168708

16 44 0.176072

17 44 0.182741

18 44 0.188688

19 44 0.193891

20 44 0.198329

21 44 0.201984

22 44 0.204841

23 44 0.206891

24 44 0.208124

25 44 0.208535

26 44 0.208124

27 44 0.206891

28 44 0.204841

29 44 0.201984

30 44 0.198329

31 44 0.193891

32 44 0.188688

33 44 0.182741

34 44 0.176072

35 44 0.168708

36 44 0.160679

37 44 0.152016

38 44 0.142752

39 44 0.132925

40 44 0.122574

41 44 0.111739

42 44 0.100463

43 44 0.0887899

44 44 0.0767669

45 44 0.0644409

46 44 0.0518606

47 44 0.0390756

48 44 0.0261364

49 44 0.013094

50 44 0

0 45 0

1 45 0.0109916

2 45 0.0219398

3 45 0.0328014

4 45 0.0435336

5 45 0.054094

6 45 0.0644409

7 45 0.0745335

8 45 0.0843319

9 45 0.0937975

10 45 0.102893

11 45 0.111582

12 45 0.119831

13 45 0.127607

14 45 0.13488

15 45 0.14162

16 45 0.147801

17 45 0.153399

18 45 0.158392

19 45 0.162759

20 45 0.166484

21 45 0.169552

22 45 0.171951

23 45 0.173672

24 45 0.174706

25 45 0.175052

26 45 0.174706

27 45 0.173672

28 45 0.171951

29 45 0.169552

30 45 0.166484

31 45 0.162759

32 45 0.158392

33 45 0.153399

34 45 0.147801

35 45 0.14162

36 45 0.13488

37 45 0.127607

38 45 0.119831

39 45 0.111582

40 45 0.102893

41 45 0.0937975

42 45 0.0843319

43 45 0.0745335

44 45 0.0644409

45 45 0.054094

46 45 0.0435336

47 45 0.0328014

48 45 0.0219398

49 45 0.0109916

50 45 0

0 46 0

1 46 0.00884579

2 46 0.0176567

3 46 0.0263979

4 46 0.0350349

5 46 0.0435336

6 46 0.0518606

7 46 0.0599828

8 46 0.0678684

9 46 0.0754861

10 46 0.0828059

11 46 0.0897989

12 46 0.0964375

13 46 0.102695

14 46 0.108548

15 46 0.113973

16 46 0.118947

17 46 0.123452

18 46 0.12747

19 46 0.130985

20 46 0.133983

21 46 0.136452

22 46 0.138382

23 46 0.139767

24 46 0.1406

25 46 0.140878

26 46 0.1406

27 46 0.139767

28 46 0.138382

29 46 0.136452

30 46 0.133983

31 46 0.130985

32 46 0.12747

33 46 0.123452

34 46 0.118947

35 46 0.113973

36 46 0.108548

37 46 0.102695

38 46 0.0964375

39 46 0.0897989

40 46 0.0828059

41 46 0.0754861

42 46 0.0678684

43 46 0.0599828

44 46 0.0518606

45 46 0.0435336

46 46 0.0350349

47 46 0.0263979

48 46 0.0176567

49 46 0.00884579

50 46 0

0 47 0

1 47 0.00666507

2 47 0.0133038

3 47 0.0198901

4 47 0.0263979

5 47 0.0328014

6 47 0.0390756

7 47 0.0451955

8 47 0.0511371

9 47 0.0568768

10 47 0.0623921

11 47 0.0676611

12 47 0.0726631

13 47 0.0773784

14 47 0.0817882

15 47 0.0858753

16 47 0.0896235

17 47 0.0930179

18 47 0.0960453

19 47 0.0986936

20 47 0.100952

21 47 0.102813

22 47 0.104268

23 47 0.105311

24 47 0.105938

25 47 0.106148

26 47 0.105938

27 47 0.105311

28 47 0.104268

29 47 0.102813

30 47 0.100952

31 47 0.0986936

32 47 0.0960453

33 47 0.0930179

34 47 0.0896235

35 47 0.0858753

36 47 0.0817882

37 47 0.0773784

38 47 0.0726631

39 47 0.0676611

40 47 0.0623921

41 47 0.0568768

42 47 0.0511371

43 47 0.0451955

44 47 0.0390756

45 47 0.0328014

46 47 0.0263979

47 47 0.0198901

48 47 0.0133038

49 47 0.00666507

50 47 0

0 48 0

1 48 0.00445805

2 48 0.0088985

3 48 0.0133038

4 48 0.0176567

5 48 0.0219398

6 48 0.0261364

7 48 0.0302298

8 48 0.0342039

9 48 0.038043

10 48 0.041732

11 48 0.0452563

12 48 0.048602

13 48 0.0517558

14 48 0.0547055

15 48 0.0574392

16 48 0.0599462

17 48 0.0622167

18 48 0.0642416

19 48 0.066013

20 48 0.0675238

21 48 0.0687682

22 48 0.0697412

23 48 0.0704389

24 48 0.0708586

25 48 0.0709987

26 48 0.0708586

27 48 0.0704389

28 48 0.0697412

29 48 0.0687682

30 48 0.0675238

31 48 0.066013

32 48 0.0642416

33 48 0.0622167

34 48 0.0599462

35 48 0.0574392

36 48 0.0547055

37 48 0.0517558

38 48 0.048602

39 48 0.0452563

40 48 0.041732

41 48 0.038043

42 48 0.0342039

43 48 0.0302298

44 48 0.0261364

45 48 0.0219398

46 48 0.0176567

47 48 0.0133038

48 48 0.0088985

49 48 0.00445805

50 48 0

0 49 0

1 49 0.00223343

2 49 0.00445805

3 49 0.00666507

4 49 0.00884579

5 49 0.0109916

6 49 0.013094

7 49 0.0151448

8 49 0.0171358

9 49 0.0190591

10 49 0.0209073

11 49 0.0226729

12 49 0.024349

13 49 0.0259291

14 49 0.0274068

15 49 0.0287764

16 49 0.0300324

17 49 0.0311698

18 49 0.0321843

19 49 0.0330717

20 49 0.0338287

21 49 0.0344521

22 49 0.0349395

23 49 0.0352891

24 49 0.0354994

25 49 0.0355696

26 49 0.0354994

27 49 0.0352891

28 49 0.0349395

29 49 0.0344521

30 49 0.0338287

31 49 0.0330717

32 49 0.0321843

33 49 0.0311698

34 49 0.0300324

35 49 0.0287764

36 49 0.0274068

37 49 0.0259291

38 49 0.024349

39 49 0.0226729

40 49 0.0209073

41 49 0.0190591

42 49 0.0171358

43 49 0.0151448

44 49 0.013094

45 49 0.0109916

46 49 0.00884579

47 49 0.00666507

48 49 0.00445805

49 49 0.00223343

50 49 0

