0 1 0

1 1 0.00111509

2 1 0.00222577

3 1 0.00332768

4 1 0.00441645

5 1 0.00548779

6 1 0.00653747

7 1 0.00756135

8 1 0.00855539

9 1 0.00951567

10 1 0.0104384

11 1 0.0113199

12 1 0.0121568

13 1 0.0129456

14 1 0.0136834

15 1 0.0143672

16 1 0.0149943

17 1 0.0155622

18 1 0.0160687

19 1 0.0165118

20 1 0.0168897

21 1 0.0172009

22 1 0.0174443

23 1 0.0176188

24 1 0.0177238

25 1 0.0177589

26 1 0.0177238

27 1 0.0176188

28 1 0.0174443

29 1 0.0172009

30 1 0.0168897

31 1 0.0165118

32 1 0.0160687

33 1 0.0155622

34 1 0.0149943

35 1 0.0143672

36 1 0.0136834

37 1 0.0129456

38 1 0.0121568

39 1 0.0113199

40 1 0.0104384

41 1 0.00951567

42 1 0.00855539

43 1 0.00756135

44 1 0.00653747

45 1 0.00548779

46 1 0.00441645

47 1 0.00332768

48 1 0.00222577

49 1 0.00111509

50 1 0

0 2 0

1 2 0.00222577

2 2 0.00444276

3 2 0.00664222

4 2 0.00881546

5 2 0.0109539

6 2 0.0130491

7 2 0.0150929

8 2 0.017077

9 2 0.0189938

10 2 0.0208356

11 2 0.0225952

12 2 0.0242656

13 2 0.0258402

14 2 0.0273129

15 2 0.0286777

16 2 0.0299294

17 2 0.031063

18 2 0.032074

19 2 0.0329584

20 2 0.0337127

21 2 0.034334

22 2 0.0348197

23 2 0.0351681

24 2 0.0353777

25 2 0.0354476

26 2 0.0353777

27 2 0.0351681

28 2 0.0348197

29 2 0.034334

30 2 0.0337127

31 2 0.0329584

32 2 0.032074

33 2 0.031063

34 2 0.0299294

35 2 0.0286777

36 2 0.0273129

37 2 0.0258402

38 2 0.0242656

39 2 0.0225952

40 2 0.0208356

41 2 0.0189938

42 2 0.017077

43 2 0.0150929

44 2 0.0130491

45 2 0.0109539

46 2 0.00881546

47 2 0.00664222

48 2 0.00444276

49 2 0.00222577

50 2 0

0 3 0

1 3 0.00332768

2 3 0.00664222

3 3 0.00993055

4 3 0.0131797

5 3 0.0163768

6 3 0.0195093

7 3 0.0225648

8 3 0.0255313

9 3 0.0283969

10 3 0.0311506

11 3 0.0337812

12 3 0.0362786

13 3 0.0386328

14 3 0.0408345

15 3 0.0428751

16 3 0.0447464

17 3 0.0464412

18 3 0.0479527

19 3 0.0492749

20 3 0.0504027

21 3 0.0513315

22 3 0.0520578

23 3 0.0525786

24 3 0.0528919

25 3 0.0529965

26 3 0.0528919

27 3 0.0525786

28 3 0.0520578

29 3 0.0513315

30 3 0.0504027

31 3 0.0492749

32 3 0.0479527

33 3 0.0464412

34 3 0.0447464

35 3 0.0428751

36 3 0.0408345

37 3 0.0386328

38 3 0.0362786

39 3 0.0337812

40 3 0.0311506

41 3 0.0283969

42 3 0.0255313

43 3 0.0225648

44 3 0.0195093

45 3 0.0163768

46 3 0.0131797

47 3 0.00993055

48 3 0.00664222

49 3 0.00332768

50 3 0

0 4 0

1 4 0.00441645

2 4 0.00881546

3 4 0.0131797

4 4 0.0174919

5 4 0.0217351

6 4 0.0258925

7 4 0.0299477

8 4 0.0338847

9 4 0.037688

10 4 0.0413426

11 4 0.044834

12 4 0.0481484

13 4 0.0512729

14 4 0.054195

15 4 0.0569032

16 4 0.0593868

17 4 0.0616361

18 4 0.0636421

19 4 0.0653969

20 4 0.0668937

21 4 0.0681265

22 4 0.0690904

23 4 0.0697816

24 4 0.0701974

25 4 0.0703362

26 4 0.0701974

27 4 0.0697816

28 4 0.0690904

29 4 0.0681265

30 4 0.0668937

31 4 0.0653969

32 4 0.0636421

33 4 0.0616361

34 4 0.0593868

35 4 0.0569032

36 4 0.054195

37 4 0.0512729

38 4 0.0481484

39 4 0.044834

40 4 0.0413426

41 4 0.037688

42 4 0.0338847

43 4 0.0299477

44 4 0.0258925

45 4 0.0217351

46 4 0.0174919

47 4 0.0131797

48 4 0.00881546

49 4 0.00441645

50 4 0

0 5 0

1 5 0.00548779

2 5 0.0109539

3 5 0.0163768

4 5 0.0217351

5 5 0.0270076

6 5 0.0321735

7 5 0.0372124

8 5 0.0421045

9 5 0.0468304

10 5 0.0513715

11 5 0.0557098

12 5 0.0598283

13 5 0.0637106

14 5 0.0673416

15 5 0.0707067

16 5 0.0737929

17 5 0.0765877

18 5 0.0790804

19 5 0.0812609

20 5 0.0831208

21 5 0.0846526

22 5 0.0858503

23 5 0.0867092

24 5 0.0872259

25 5 0.0873983

26 5 0.0872259

27 5 0.0867092

28 5 0.0858503

29 5 0.0846526

30 5 0.0831208

31 5 0.0812609

32 5 0.0790804

33 5 0.0765877

34 5 0.0737929

35 5 0.0707067

36 5 0.0673416

37 5 0.0637106

38 5 0.0598283

39 5 0.0557098

40 5 0.0513715

41 5 0.0468304

42 5 0.0421045

43 5 0.0372124

44 5 0.0321735

45 5 0.0270076

46 5 0.0217351

47 5 0.0163768

48 5 0.0109539

49 5 0.00548779

50 5 0

0 6 0

1 6 0.00653747

2 6 0.0130491

3 6 0.0195093

4 6 0.0258925

5 6 0.0321735

6 6 0.0383275

7 6 0.0443302

8 6 0.050158

9 6 0.0557879

10 6 0.0611976

11 6 0.0663657

12 6 0.071272

13 6 0.075897

14 6 0.0802224

15 6 0.0842312

16 6 0.0879077

17 6 0.0912371

18 6 0.0942066

19 6 0.0968042

20 6 0.0990198

21 6 0.100845

22 6 0.102271

23 6 0.103295

24 6 0.10391

25 6 0.104116

26 6 0.10391

27 6 0.103295

28 6 0.102271

29 6 0.100845

30 6 0.0990198

31 6 0.0968042

32 6 0.0942066

33 6 0.0912371

34 6 0.0879077

35 6 0.0842312

36 6 0.0802224

37 6 0.075897

38 6 0.071272

39 6 0.0663657

40 6 0.0611976

41 6 0.0557879

42 6 0.050158

43 6 0.0443302

44 6 0.0383275

45 6 0.0321735

46 6 0.0258925

47 6 0.0195093

48 6 0.0130491

49 6 0.00653747

50 6 0

0 7 0

1 7 0.00756135

2 7 0.0150929

3 7 0.0225648

4 7 0.0299477

5 7 0.0372124

6 7 0.0443302

7 7 0.0512731

8 7 0.0580137

9 7 0.0645253

10 7 0.0707822

11 7 0.0767598

12 7 0.0824344

13 7 0.0877838

14 7 0.0927866

15 7 0.0974233

16 7 0.101676

17 7 0.105526

18 7 0.108961

19 7 0.111965

20 7 0.114528

21 7 0.116639

22 7 0.118289

23 7 0.119472

24 7 0.120184

25 7 0.120422

26 7 0.120184

27 7 0.119472

28 7 0.118289

29 7 0.116639

30 7 0.114528

31 7 0.111965

32 7 0.108961

33 7 0.105526

34 7 0.101676

35 7 0.0974233

36 7 0.0927866

37 7 0.0877838

38 7 0.0824344

39 7 0.0767598

40 7 0.0707822

41 7 0.0645253

42 7 0.0580137

43 7 0.0512731

44 7 0.0443302

45 7 0.0372124

46 7 0.0299477

47 7 0.0225648

48 7 0.0150929

49 7 0.00756135

50 7 0

0 8 0

1 8 0.00855539

2 8 0.017077

3 8 0.0255313

4 8 0.0338847

5 8 0.0421045

6 8 0.050158

7 8 0.0580137

8 8 0.0656403

9 8 0.073008

10 8 0.0800875

11 8 0.0868509

12 8 0.0932715

13 8 0.0993241

14 8 0.104985

15 8 0.110231

16 8 0.115042

17 8 0.119399

18 8 0.123285

19 8 0.126685

20 8 0.129584

21 8 0.131972

22 8 0.13384

23 8 0.135179

24 8 0.135984

25 8 0.136253

26 8 0.135984

27 8 0.135179

28 8 0.13384

29 8 0.131972

30 8 0.129584

31 8 0.126685

32 8 0.123285

33 8 0.119399

34 8 0.115042

35 8 0.110231

36 8 0.104985

37 8 0.0993241

38 8 0.0932715

39 8 0.0868509

40 8 0.0800875

41 8 0.073008

42 8 0.0656403

43 8 0.0580137

44 8 0.050158

45 8 0.0421045

46 8 0.0338847

47 8 0.0255313

48 8 0.017077

49 8 0.00855539

50 8 0

0 9 0

1 9 0.00951567

2 9 0.0189938

3 9 0.0283969

4 9 0.037688

5 9 0.0468304

6 9 0.0557879

7 9 0.0645253

8 9 0.073008

9 9 0.0812025

10 9 0.0890767

11 9 0.0965992

12 9 0.103741

13 9 0.110472

14 9 0.116768

15 9 0.122604

16 9 0.127955

17 9 0.132801

18 9 0.137123

19 9 0.140904

20 9 0.144129

21 9 0.146785

22 9 0.148862

23 9 0.150351

24 9 0.151247

25 9 0.151546

26 9 0.151247

27 9 0.150351

28 9 0.148862

29 9 0.146785

30 9 0.144129

31 9 0.140904

32 9 0.137123

33 9 0.132801

34 9 0.127955

35 9 0.122604

36 9 0.116768

37 9 0.110472

38 9 0.103741

39 9 0.0965992

40 9 0.0890767

41 9 0.0812025

42 9 0.073008

43 9 0.0645253

44 9 0.0557879

45 9 0.0468304

46 9 0.037688

47 9 0.0283969

48 9 0.0189938

49 9 0.00951567

50 9 0

0 10 0

1 10 0.0104384

2 10 0.0208356

3 10 0.0311506

4 10 0.0413426

5 10 0.0513715

6 10 0.0611976

7 10 0.0707822

8 10 0.0800875

9 10 0.0890767

10 10 0.0977143

11 10 0.105966

12 10 0.1138

13 10 0.121185

14 10 0.128091

15 10 0.134492

16 10 0.140362

17 10 0.145679

18 10 0.15042

19 10 0.154567

20 10 0.158105

21 10 0.161019

22 10 0.163297

23 10 0.164931

24 10 0.165913

25 10 0.166242

26 10 0.165913

27 10 0.164931

28 10 0.163297

29 10 0.161019

30 10 0.158105

31 10 0.154567

32 10 0.15042

33 10 0.145679

34 10 0.140362

35 10 0.134492

36 10 0.128091

37 10 0.121185

38 10 0.1138

39 10 0.105966

40 10 0.0977143

41 10 0.0890767

42 10 0.0800875

43 10 0.0707822

44 10 0.0611976

45 10 0.0513715

46 10 0.0413426

47 10 0.0311506

48 10 0.0208356

49 10 0.0104384

50 10 0

0 11 0

1 11 0.0113199

2 11 0.0225952

3 11 0.0337812

4 11 0.044834

5 11 0.0557098

6 11 0.0663657

7 11 0.0767598

8 11 0.0868509

9 11 0.0965992

10 11 0.105966

11 11 0.114915

12 11 0.123411

13 11 0.131419

14 11 0.138909

15 11 0.14585

16 11 0.152216

17 11 0.157981

18 11 0.163123

19 11 0.167621

20 11 0.171457

21 11 0.174617

22 11 0.177087

23 11 0.178859

24 11 0.179925

25 11 0.180281

26 11 0.179925

27 11 0.178859

28 11 0.177087

29 11 0.174617

30 11 0.171457

31 11 0.167621

32 11 0.163123

33 11 0.157981

34 11 0.152216

35 11 0.14585

36 11 0.138909

37 11 0.131419

38 11 0.123411

39 11 0.114915

40 11 0.105966

41 11 0.0965992

42 11 0.0868509

43 11 0.0767598

44 11 0.0663657

45 11 0.0557098

46 11 0.044834

47 11 0.0337812

48 11 0.0225952

49 11 0.0113199

50 11 0

0 12 0

1 12 0.0121568

2 12 0.0242656

3 12 0.0362786

4 12 0.0481484

5 12 0.0598283

6 12 0.071272

7 12 0.0824344

8 12 0.0932715

9 12 0.103741

10 12 0.1138

11 12 0.123411

12 12 0.132534

13 12 0.141134

14 12 0.149178

15 12 0.156632

16 12 0.163469

17 12 0.16966

18 12 0.175182

19 12 0.180013

20 12 0.184133

21 12 0.187526

22 12 0.190179

23 12 0.192082

24 12 0.193226

25 12 0.193608

26 12 0.193226

27 12 0.192082

28 12 0.190179

29 12 0.187526

30 12 0.184133

31 12 0.180013

32 12 0.175182

33 12 0.16966

34 12 0.163469

35 12 0.156632

36 12 0.149178

37 12 0.141134

38 12 0.132534

39 12 0.123411

40 12 0.1138

41 12 0.103741

42 12 0.0932715

43 12 0.0824344

44 12 0.071272

45 12 0.0598283

46 12 0.0481484

47 12 0.0362786

48 12 0.0242656

49 12 0.0121568

50 12 0

0 13 0

1 13 0.0129456

2 13 0.0258402

3 13 0.0386328

4 13 0.0512729

5 13 0.0637106

6 13 0.075897

7 13 0.0877838

8 13 0.0993241

9 13 0.110472

10 13 0.121185

11 13 0.131419

12 13 0.141134

13 13 0.150293

14 13 0.158858

15 13 0.166797

16 13 0.174077

17 13 0.18067

18 13 0.18655

19 13 0.191694

20 13 0.196081

21 13 0.199695

22 13 0.20252

23 13 0.204546

24 13 0.205765

25 13 0.206172

26 13 0.205765

27 13 0.204546

28 13 0.20252

29 13 0.199695

30 13 0.196081

31 13 0.191694

32 13 0.18655

33 13 0.18067

34 13 0.174077

35 13 0.166797

36 13 0.158858

37 13 0.150293

38 13 0.141134

39 13 0.131419

40 13 0.121185

41 13 0.110472

42 13 0.0993241

43 13 0.0877838

44 13 0.075897

45 13 0.0637106

46 13 0.0512729

47 13 0.0386328

48 13 0.0258402

49 13 0.0129456

50 13 0

0 14 0

1 14 0.0136834

2 14 0.0273129

3 14 0.0408345

4 14 0.054195

5 14 0.0673416

6 14 0.0802224

7 14 0.0927866

8 14 0.104985

9 14 0.116768

10 14 0.128091

11 14 0.138909

12 14 0.149178

13 14 0.158858

14 14 0.167912

15 14 0.176303

16 14 0.183998

17 14 0.190966

18 14 0.197182

19 14 0.202619

20 14 0.207256

21 14 0.211075

22 14 0.214062

23 14 0.216204

24 14 0.217492

25 14 0.217922

26 14 0.217492

27 14 0.216204

28 14 0.214062

29 14 0.211075

30 14 0.207256

31 14 0.202619

32 14 0.197182

33 14 0.190966

34 14 0.183998

35 14 0.176303

36 14 0.167912

37 14 0.158858

38 14 0.149178

39 14 0.138909

40 14 0.128091

41 14 0.116768

42 14 0.104985

43 14 0.0927866

44 14 0.0802224

45 14 0.0673416

46 14 0.054195

47 14 0.0408345

48 14 0.0273129

49 14 0.0136834

50 14 0

0 15 0

1 15 0.0143672

2 15 0.0286777

3 15 0.0428751

4 15 0.0569032

5 15 0.0707067

6 15 0.0842312

7 15 0.0974233

8 15 0.110231

9 15 0.122604

10 15 0.134492

11 15 0.14585

12 15 0.156632

13 15 0.166797

14 15 0.176303

15 15 0.185113

16 15 0.193192

17 15 0.200509

18 15 0.207035

19 15 0.212744

20 15 0.217613

21 15 0.221623

22 15 0.224759

23 15 0.227008

24 15 0.22836

25 15 0.228812

26 15 0.22836

27 15 0.227008

28 15 0.224759

29 15 0.221623

30 15 0.217613

31 15 0.212744

32 15 0.207035

33 15 0.200509

34 15 0.193192

35 15 0.185113

36 15 0.176303

37 15 0.166797

38 15 0.156632

39 15 0.14585

40 15 0.134492

41 15 0.122604

42 15 0.110231

43 15 0.0974233

44 15 0.0842312

45 15 0.0707067

46 15 0.0569032

47 15 0.0428751

48 15 0.0286777

49 15 0.0143672

50 15 0

0 16 0

1 16 0.0149943

2 16 0.0299294

3 16 0.0447464

4 16 0.0593868

5 16 0.0737929

6 16 0.0879077

7 16 0.101676

8 16 0.115042

9 16 0.127955

10 16 0.140362

11 16 0.152216

12 16 0.163469

13 16 0.174077

14 16 0.183998

15 16 0.193192

16 16 0.201624

17 16 0.209261

18 16 0.216072

19 16 0.222029

20 16 0.227111

21 16 0.231296

22 16 0.234569

23 16 0.236916

24 16 0.238327

25 16 0.238799

26 16 0.238327

27 16 0.236916

28 16 0.234569

29 16 0.231296

30 16 0.227111

31 16 0.222029

32 16 0.216072

33 16 0.209261

34 16 0.201624

35 16 0.193192

36 16 0.183998

37 16 0.174077

38 16 0.163469

39 16 0.152216

40 16 0.140362

41 16 0.127955

42 16 0.115042

43 16 0.101676

44 16 0.0879077

45 16 0.0737929

46 16 0.0593868

47 16 0.0447464

48 16 0.0299294

49 16 0.0149943

50 16 0

0 17 0

1 17 0.0155622

2 17 0.031063

3 17 0.0464412

4 17 0.0616361

5 17 0.0765877

6 17 0.0912371

7 17 0.105526

8 17 0.119399

9 17 0.132801

10 17 0.145679

11 17 0.157981

12 17 0.16966

13 17 0.18067

14 17 0.190966

15 17 0.200509

16 17 0.209261

17 17 0.217187

18 17 0.224255

19 17 0.230439

20 17 0.235713

21 17 0.240057

22 17 0.243453

23 17 0.245889

24 17 0.247354

25 17 0.247843

26 17 0.247354

27 17 0.245889

28 17 0.243453

29 17 0.240057

30 17 0.235713

31 17 0.230439

32 17 0.224255

33 17 0.217187

34 17 0.209261

35 17 0.200509

36 17 0.190966

37 17 0.18067

38 17 0.16966

39 17 0.157981

40 17 0.145679

41 17 0.132801

42 17 0.119399

43 17 0.105526

44 17 0.0912371

45 17 0.0765877

46 17 0.0616361

47 17 0.0464412

48 17 0.031063

49 17 0.0155622

50 17 0

0 18 0

1 18 0.0160687

2 18 0.032074

3 18 0.0479527

4 18 0.0636421

5 18 0.0790804

6 18 0.0942066

7 18 0.108961

8 18 0.123285

9 18 0.137123

10 18 0.15042

11 18 0.163123

12 18 0.175182

13 18 0.18655

14 18 0.197182

15 18 0.207035

16 18 0.216072

17 18 0.224255

18 18 0.231554

19 18 0.237939

20 18 0.243384

21 18 0.24787

22 18 0.251377

23 18 0.253892

24 18 0.255405

25 18 0.255909

26 18 0.255405

27 18 0.253892

28 18 0.251377

29 18 0.24787

30 18 0.243384

31 18 0.237939

32 18 0.231554

33 18 0.224255

34 18 0.216072

35 18 0.207035

36 18 0.197182

37 18 0.18655

38 18 0.175182

39 18 0.163123

40 18 0.15042

41 18 0.137123

42 18 0.123285

43 18 0.108961

44 18 0.0942066

45 18 0.0790804

46 18 0.0636421

47 18 0.0479527

48 18 0.032074

49 18 0.0160687

50 18 0

0 19 0

1 19 0.0165118

2 19 0.0329584

3 19 0.0492749

4 19 0.0653969

5 19 0.0812609

6 19 0.0968042

7 19 0.111965

8 19 0.126685

9 19 0.140904

10 19 0.154567

11 19 0.167621

12 19 0.180013

13 19 0.191694

14 19 0.202619

15 19 0.212744

16 19 0.222029

17 19 0.230439

18 19 0.237939

19 19 0.244499

20 19 0.250095

21 19 0.254704

22 19 0.258308

23 19 0.260892

24 19 0.262447

25 19 0.262966

26 19 0.262447

27 19 0.260892

28 19 0.258308

29 19 0.254704

30 19 0.250095

31 19 0.244499

32 19 0.237939

33 19 0.230439

34 19 0.222029

35 19 0.212744

36 19 0.202619

37 19 0.191694

38 19 0.180013

39 19 0.167621

40 19 0.154567

41 19 0.140904

42 19 0.126685

43 19 0.111965

44 19 0.0968042

45 19 0.0812609

46 19 0.0653969

47 19 0.0492749

48 19 0.0329584

49 19 0.0165118

50 19 0

0 20 0

1 20 0.0168897

2 20 0.0337127

3 20 0.0504027

4 20 0.0668937

5 20 0.0831208

6 20 0.0990198

7 20 0.114528

8 20 0.129584

9 20 0.144129

10 20 0.158105

11 20 0.171457

12 20 0.184133

13 20 0.196081

14 20 0.207256

15 20 0.217613

16 20 0.227111

17 20 0.235713

18 20 0.243384

19 20 0.250095

20 20 0.255819

21 20 0.260534

22 20 0.26422

23 20 0.266863

24 20 0.268454

25 20 0.268984

26 20 0.268454

27 20 0.266863

28 20 0.26422

29 20 0.260534

30 20 0.255819

31 20 0.250095

32 20 0.243384

33 20 0.235713

34 20 0.227111

35 20 0.217613

36 20 0.207256

37 20 0.196081

38 20 0.184133

39 20 0.171457

40 20 0.158105

41 20 0.144129

42 20 0.129584

43 20 0.114528

44 20 0.0990198

45 20 0.0831208

46 20 0.0668937

47 20 0.0504027

48 20 0.0337127

49 20 0.0168897

50 20 0

0 21 0

1 21 0.0172009

2 21 0.034334

3 21 0.0513315

4 21 0.0681265

5 21 0.0846526

6 21 0.100845

7 21 0.116639

8 21 0.131972

9 21 0.146785

10 21 0.161019

11 21 0.174617

12 21 0.187526

13 21 0.199695

14 21 0.211075

15 21 0.221623

16 21 0.231296

17 21 0.240057

18 21 0.24787

19 21 0.254704

20 21 0.260534

21 21 0.265335

22 21 0.269089

23 21 0.271781

24 21 0.273401

25 21 0.273941

26 21 0.273401

27 21 0.271781

28 21 0.269089

29 21 0.265335

30 21 0.260534

31 21 0.254704

32 21 0.24787

33 21 0.240057

34 21 0.231296

35 21 0.221623

36 21 0.211075

37 21 0.199695

38 21 0.187526

39 21 0.174617

40 21 0.161019

41 21 0.146785

42 21 0.131972

43 21 0.116639

44 21 0.100845

45 21 0.0846526

46 21 0.0681265

47 21 0.0513315

48 21 0.034334

49 21 0.0172009

50 21 0

0 22 0

1 22 0.0174443

2 22 0.0348197

3 22 0.0520578

4 22 0.0690904

5 22 0.0858503

6 22 0.102271

7 22 0.118289

8 22 0.13384

9 22 0.148862

10 22 0.163297

11 22 0.177087

12 22 0.190179

13 22 0.20252

14 22 0.214062

15 22 0.224759

16 22 0.234569

17 22 0.243453

18 22 0.251377

19 22 0.258308

20 22 0.26422

21 22 0.269089

22 22 0.272896

23 22 0.275627

24 22 0.277269

25 22 0.277817

26 22 0.277269

27 22 0.275627

28 22 0.272896

29 22 0.269089

30 22 0.26422

31 22 0.258308

32 22 0.251377

33 22 0.243453

34 22 0.234569

35 22 0.224759

36 22 0.214062

37 22 0.20252

38 22 0.190179

39 22 0.177087

40 22 0.163297

41 22 0.148862

42 22 0.13384

43 22 0.118289

44 22 0.102271

45 22 0.0858503

46 22 0.0690904

47 22 0.0520578

48 22 0.0348197

49 22 0.0174443

50 22 0

0 23 0

1 23 0.0176188

2 23 0.0351681

3 23 0.0525786

4 23 0.0697816

5 23 0.0867092

6 23 0.103295

7 23 0.119472

8 23 0.135179

9 23 0.150351

10 23 0.164931

11 23 0.178859

12 23 0.192082

13 23 0.204546

14 23 0.216204

15 23 0.227008

16 23 0.236916

17 23 0.245889

18 23 0.253892

19 23 0.260892

20 23 0.266863

21 23 0.271781

22 23 0.275627

23 23 0.278384

24 23 0.280043

25 23 0.280597

26 23 0.280043

27 23 0.278384

28 23 0.275627

29 23 0.271781

30 23 0.266863

31 23 0.260892

32 23 0.253892

33 23 0.245889

34 23 0.236916

35 23 0.227008

36 23 0.216204

37 23 0.204546

38 23 0.192082

39 23 0.178859

40 23 0.164931

41 23 0.150351

42 23 0.135179

43 23 0.119472

44 23 0.103295

45 23 0.0867092

46 23 0.0697816

47 23 0.0525786

48 23 0.0351681

49 23 0.0176188

50 23 0

0 24 0

1 24 0.0177238

2 24 0.0353777

3 24 0.0528919

4 24 0.0701974

5 24 0.0872259

6 24 0.10391

7 24 0.120184

8 24 0.135984

9 24 0.151247

10 24 0.165913

11 24 0.179925

12 24 0.193226

13 24 0.205765

14 24 0.217492

15 24 0.22836

16 24 0.238327

17 24 0.247354

18 24 0.255405

19 24 0.262447

20 24 0.268454

21 24 0.273401

22 24 0.277269

23 24 0.280043

24 24 0.281712

25 24 0.282269

26 24 0.281712

27 24 0.280043

28 24 0.277269

29 24 0.273401

30 24 0.268454

31 24 0.262447

32 24 0.255405

33 24 0.247354

34 24 0.238327

35 24 0.22836

36 24 0.217492

37 24 0.205765

38 24 0.193226

39 24 0.179925

40 24 0.165913

41 24 0.151247

42 24 0.135984

43 24 0.120184

44 24 0.10391

45 24 0.0872259

46 24 0.0701974

47 24 0.0528919

48 24 0.0353777

49 24 0.0177238

50 24 0

0 25 0

1 25 0.0177589

2 25 0.0354476

3 25 0.0529965

4 25 0.0703362

5 25 0.0873983

6 25 0.104116

7 25 0.120422

8 25 0.136253

9 25 0.151546

10 25 0.166242

11 25 0.180281

12 25 0.193608

13 25 0.206172

14 25 0.217922

15 25 0.228812

16 25 0.238799

17 25 0.247843

18 25 0.255909

19 25 0.262966

20 25 0.268984

21 25 0.273941

22 25 0.277817

23 25 0.280597

24 25 0.282269

25 25 0.282827

26 25 0.282269

27 25 0.280597

28 25 0.277817

29 25 0.273941

30 25 0.268984

31 25 0.262966

32 25 0.255909

33 25 0.247843

34 25 0.238799

35 25 0.228812

36 25 0.217922

37 25 0.206172

38 25 0.193608

39 25 0.180281

40 25 0.166242

41 25 0.151546

42 25 0.136253

43 25 0.120422

44 25 0.104116

45 25 0.0873983

46 25 0.0703362

47 25 0.0529965

48 25 0.0354476

49 25 0.0177589

50 25 0

0 26 0

1 26 0.0177238

2 26 0.0353777

3 26 0.0528919

4 26 0.0701974

5 26 0.0872259

6 26 0.10391

7 26 0.120184

8 26 0.135984

9 26 0.151247

10 26 0.165913

11 26 0.179925

12 26 0.193226

13 26 0.205765

14 26 0.217492

15 26 0.22836

16 26 0.238327

17 26 0.247354

18 26 0.255405

19 26 0.262447

20 26 0.268454

21 26 0.273401

22 26 0.277269

23 26 0.280043

24 26 0.281712

25 26 0.282269

26 26 0.281712

27 26 0.280043

28 26 0.277269

29 26 0.273401

30 26 0.268454

31 26 0.262447

32 26 0.255405

33 26 0.247354

34 26 0.238327

35 26 0.22836

36 26 0.217492

37 26 0.205765

38 26 0.193226

39 26 0.179925

40 26 0.165913

41 26 0.151247

42 26 0.135984

43 26 0.120184

44 26 0.10391

45 26 0.0872259

46 26 0.0701974

47 26 0.0528919

48 26 0.0353777

49 26 0.0177238

50 26 0

0 27 0

1 27 0.0176188

2 27 0.0351681

3 27 0.0525786

4 27 0.0697816

5 27 0.0867092

6 27 0.103295

7 27 0.119472

8 27 0.135179

9 27 0.150351

10 27 0.164931

11 27 0.178859

12 27 0.192082

13 27 0.204546

14 27 0.216204

15 27 0.227008

16 27 0.236916

17 27 0.245889

18 27 0.253892

19 27 0.260892

20 27 0.266863

21 27 0.271781

22 27 0.275627

23 27 0.278384

24 27 0.280043

25 27 0.280597

26 27 0.280043

27 27 0.278384

28 27 0.275627

29 27 0.271781

30 27 0.266863

31 27 0.260892

32 27 0.253892

33 27 0.245889

34 27 0.236916

35 27 0.227008

36 27 0.216204

37 27 0.204546

38 27 0.192082

39 27 0.178859

40 27 0.164931

41 27 0.150351

42 27 0.135179

43 27 0.119472

44 27 0.103295

45 27 0.0867092

46 27 0.0697816

47 27 0.0525786

48 27 0.0351681

49 27 0.0176188

50 27 0

0 28 0

1 28 0.0174443

2 28 0.0348197

3 28 0.0520578

4 28 0.0690904

5 28 0.0858503

6 28 0.102271

7 28 0.118289

8 28 0.13384

9 28 0.148862

10 28 0.163297

11 28 0.177087

12 28 0.190179

13 28 0.20252

14 28 0.214062

15 28 0.224759

16 28 0.234569

17 28 0.243453

18 28 0.251377

19 28 0.258308

20 28 0.26422

21 28 0.269089

22 28 0.272896

23 28 0.275627

24 28 0.277269

25 28 0.277817

26 28 0.277269

27 28 0.275627

28 28 0.272896

29 28 0.269089

30 28 0.26422

31 28 0.258308

32 28 0.251377

33 28 0.243453

34 28 0.234569

35 28 0.224759

36 28 0.214062

37 28 0.20252

38 28 0.190179

39 28 0.177087

40 28 0.163297

41 28 0.148862

42 28 0.13384

43 28 0.118289

44 28 0.102271

45 28 0.0858503

46 28 0.0690904

47 28 0.0520578

48 28 0.0348197

49 28 0.0174443

50 28 0

0 29 0

1 29 0.0172009

2 29 0.034334

3 29 0.0513315

4 29 0.0681265

5 29 0.0846526

6 29 0.100845

7 29 0.116639

8 29 0.131972

9 29 0.146785

10 29 0.161019

11 29 0.174617

12 29 0.187526

13 29 0.199695

14 29 0.211075

15 29 0.221623

16 29 0.231296

17 29 0.240057

18 29 0.24787

19 29 0.254704

20 29 0.260534

21 29 0.265335

22 29 0.269089

23 29 0.271781

24 29 0.273401

25 29 0.273941

26 29 0.273401

27 29 0.271781

28 29 0.269089

29 29 0.265335

30 29 0.260534

31 29 0.254704

32 29 0.24787

33 29 0.240057

34 29 0.231296

35 29 0.221623

36 29 0.211075

37 29 0.199695

38 29 0.187526

39 29 0.174617

40 29 0.161019

41 29 0.146785

42 29 0.131972

43 29 0.116639

44 29 0.100845

45 29 0.0846526

46 29 0.0681265

47 29 0.0513315

48 29 0.034334

49 29 0.0172009

50 29 0

0 30 0

1 30 0.0168897

2 30 0.0337127

3 30 0.0504027

4 30 0.0668937

5 30 0.0831208

6 30 0.0990198

7 30 0.114528

8 30 0.129584

9 30 0.144129

10 30 0.158105

11 30 0.171457

12 30 0.184133

13 30 0.196081

14 30 0.207256

15 30 0.217613

16 30 0.227111

17 30 0.235713

18 30 0.243384

19 30 0.250095

20 30 0.255819

21 30 0.260534

22 30 0.26422

23 30 0.266863

24 30 0.268454

25 30 0.268984

26 30 0.268454

27 30 0.266863

28 30 0.26422

29 30 0.260534

30 30 0.255819

31 30 0.250095

32 30 0.243384

33 30 0.235713

34 30 0.227111

35 30 0.217613

36 30 0.207256

37 30 0.196081

38 30 0.184133

39 30 0.171457

40 30 0.158105

41 30 0.144129

42 30 0.129584

43 30 0.114528

44 30 0.0990198

45 30 0.0831208

46 30 0.0668937

47 30 0.0504027

48 30 0.0337127

49 30 0.0168897

50 30 0

0 31 0

1 31 0.0165118

2 31 0.0329584

3 31 0.0492749

4 31 0.0653969

5 31 0.0812609

6 31 0.0968042

7 31 0.111965

8 31 0.126685

9 31 0.140904

10 31 0.154567

11 31 0.167621

12 31 0.180013

13 31 0.191694

14 31 0.202619

15 31 0.212744

16 31 0.222029

17 31 0.230439

18 31 0.237939

19 31 0.244499

20 31 0.250095

21 31 0.254704

22 31 0.258308

23 31 0.260892

24 31 0.262447

25 31 0.262966

26 31 0.262447

27 31 0.260892

28 31 0.258308

29 31 0.254704

30 31 0.250095

31 31 0.244499

32 31 0.237939

33 31 0.230439

34 31 0.222029

35 31 0.212744

36 31 0.202619

37 31 0.191694

38 31 0.180013

39 31 0.167621

40 31 0.154567

41 31 0.140904

42 31 0.126685

43 31 0.111965

44 31 0.0968042

45 31 0.0812609

46 31 0.0653969

47 31 0.0492749

48 31 0.0329584

49 31 0.0165118

50 31 0

0 32 0

1 32 0.0160687

2 32 0.032074

3 32 0.0479527

4 32 0.0636421

5 32 0.0790804

6 32 0.0942066

7 32 0.108961

8 32 0.123285

9 32 0.137123

10 32 0.15042

11 32 0.163123

12 32 0.175182

13 32 0.18655

14 32 0.197182

15 32 0.207035

16 32 0.216072

17 32 0.224255

18 32 0.231554

19 32 0.237939

20 32 0.243384

21 32 0.24787

22 32 0.251377

23 32 0.253892

24 32 0.255405

25 32 0.255909

26 32 0.255405

27 32 0.253892

28 32 0.251377

29 32 0.24787

30 32 0.243384

31 32 0.237939

32 32 0.231554

33 32 0.224255

34 32 0.216072

35 32 0.207035

36 32 0.197182

37 32 0.18655

38 32 0.175182

39 32 0.163123

40 32 0.15042

41 32 0.137123

42 32 0.123285

43 32 0.108961

44 32 0.0942066

45 32 0.0790804

46 32 0.0636421

47 32 0.0479527

48 32 0.032074

49 32 0.0160687

50 32 0

0 33 0

1 33 0.0155622

2 33 0.031063

3 33 0.0464412

4 33 0.0616361

5 33 0.0765877

6 33 0.0912371

7 33 0.105526

8 33 0.119399

9 33 0.132801

10 33 0.145679

11 33 0.157981

12 33 0.16966

13 33 0.18067

14 33 0.190966

15 33 0.200509

16 33 0.209261

17 33 0.217187

18 33 0.224255

19 33 0.230439

20 33 0.235713

21 33 0.240057

22 33 0.243453

23 33 0.245889

24 33 0.247354

25 33 0.247843

26 33 0.247354

27 33 0.245889

28 33 0.243453

29 33 0.240057

30 33 0.235713

31 33 0.230439

32 33 0.224255

33 33 0.217187

34 33 0.209261

35 33 0.200509

36 33 0.190966

37 33 0.18067

38 33 0.16966

39 33 0.157981

40 33 0.145679

41 33 0.132801

42 33 0.119399

43 33 0.105526

44 33 0.0912371

45 33 0.0765877

46 33 0.0616361

47 33 0.0464412

48 33 0.031063

49 33 0.0155622

50 33 0

0 34 0

1 34 0.0149943

2 34 0.0299294

3 34 0.0447464

4 34 0.0593868

5 34 0.0737929

6 34 0.0879077

7 34 0.101676

8 34 0.115042

9 34 0.127955

10 34 0.140362

11 34 0.152216

12 34 0.163469

13 34 0.174077

14 34 0.183998

15 34 0.193192

16 34 0.201624

17 34 0.209261

18 34 0.216072

19 34 0.222029

20 34 0.227111

21 34 0.231296

22 34 0.234569

23 34 0.236916

24 34 0.238327

25 34 0.238799

26 34 0.238327

27 34 0.236916

28 34 0.234569

29 34 0.231296

30 34 0.227111

31 34 0.222029

32 34 0.216072

33 34 0.209261

34 34 0.201624

35 34 0.193192

36 34 0.183998

37 34 0.174077

38 34 0.163469

39 34 0.152216

40 34 0.140362

41 34 0.127955

42 34 0.115042

43 34 0.101676

44 34 0.0879077

45 34 0.0737929

46 34 0.0593868

47 34 0.0447464

48 34 0.0299294

49 34 0.0149943

50 34 0

0 35 0

1 35 0.0143672

2 35 0.0286777

3 35 0.0428751

4 35 0.0569032

5 35 0.0707067

6 35 0.0842312

7 35 0.0974233

8 35 0.110231

9 35 0.122604

10 35 0.134492

11 35 0.14585

12 35 0.156632

13 35 0.166797

14 35 0.176303

15 35 0.185113

16 35 0.193192

17 35 0.200509

18 35 0.207035

19 35 0.212744

20 35 0.217613

21 35 0.221623

22 35 0.224759

23 35 0.227008

24 35 0.22836

25 35 0.228812

26 35 0.22836

27 35 0.227008

28 35 0.224759

29 35 0.221623

30 35 0.217613

31 35 0.212744

32 35 0.207035

33 35 0.200509

34 35 0.193192

35 35 0.185113

36 35 0.176303

37 35 0.166797

38 35 0.156632

39 35 0.14585

40 35 0.134492

41 35 0.122604

42 35 0.110231

43 35 0.0974233

44 35 0.0842312

45 35 0.0707067

46 35 0.0569032

47 35 0.0428751

48 35 0.0286777

49 35 0.0143672

50 35 0

0 36 0

1 36 0.0136834

2 36 0.0273129

3 36 0.0408345

4 36 0.054195

5 36 0.0673416

6 36 0.0802224

7 36 0.0927866

8 36 0.104985

9 36 0.116768

10 36 0.128091

11 36 0.138909

12 36 0.149178

13 36 0.158858

14 36 0.167912

15 36 0.176303

16 36 0.183998

17 36 0.190966

18 36 0.197182

19 36 0.202619

20 36 0.207256

21 36 0.211075

22 36 0.214062

23 36 0.216204

24 36 0.217492

25 36 0.217922

26 36 0.217492

27 36 0.216204

28 36 0.214062

29 36 0.211075

30 36 0.207256

31 36 0.202619

32 36 0.197182

33 36 0.190966

34 36 0.183998

35 36 0.176303

36 36 0.167912

37 36 0.158858

38 36 0.149178

39 36 0.138909

40 36 0.128091

41 36 0.116768

42 36 0.104985

43 36 0.0927866

44 36 0.0802224

45 36 0.0673416

46 36 0.054195

47 36 0.0408345

48 36 0.0273129

49 36 0.0136834

50 36 0

0 37 0

1 37 0.0129456

2 37 0.0258402

3 37 0.0386328

4 37 0.0512729

5 37 0.0637106

6 37 0.075897

7 37 0.0877838

8 37 0.0993241

9 37 0.110472

10 37 0.121185

11 37 0.131419

12 37 0.141134

13 37 0.150293

14 37 0.158858

15 37 0.166797

16 37 0.174077

17 37 0.18067

18 37 0.18655

19 37 0.191694

20 37 0.196081

21 37 0.199695

22 37 0.20252

23 37 0.204546

24 37 0.205765

25 37 0.206172

26 37 0.205765

27 37 0.204546

28 37 0.20252

29 37 0.199695

30 37 0.196081

31 37 0.191694

32 37 0.18655

33 37 0.18067

34 37 0.174077

35 37 0.166797

36 37 0.158858

37 37 0.150293

38 37 0.141134

39 37 0.131419

40 37 0.121185

41 37 0.110472

42 37 0.0993241

43 37 0.0877838

44 37 0.075897

45 37 0.0637106

46 37 0.0512729

47 37 0.0386328

48 37 0.0258402

49 37 0.0129456

50 37 0

0 38 0

1 38 0.0121568

2 38 0.0242656

3 38 0.0362786

4 38 0.0481484

5 38 0.0598283

6 38 0.071272

7 38 0.0824344

8 38 0.0932715

9 38 0.103741

10 38 0.1138

11 38 0.123411

12 38 0.132534

13 38 0.141134

14 38 0.149178

15 38 0.156632

16 38 0.163469

17 38 0.16966

18 38 0.175182

19 38 0.180013

20 38 0.184133

21 38 0.187526

22 38 0.190179

23 38 0.192082

24 38 0.193226

25 38 0.193608

26 38 0.193226

27 38 0.192082

28 38 0.190179

29 38 0.187526

30 38 0.184133

31 38 0.180013

32 38 0.175182

33 38 0.16966

34 38 0.163469

35 38 0.156632

36 38 0.149178

37 38 0.141134

38 38 0.132534

39 38 0.123411

40 38 0.1138

41 38 0.103741

42 38 0.0932715

43 38 0.0824344

44 38 0.071272

45 38 0.0598283

46 38 0.0481484

47 38 0.0362786

48 38 0.0242656

49 38 0.0121568

50 38 0

0 39 0

1 39 0.0113199

2 39 0.0225952

3 39 0.0337812

4 39 0.044834

5 39 0.0557098

6 39 0.0663657

7 39 0.0767598

8 39 0.0868509

9 39 0.0965992

10 39 0.105966

11 39 0.114915

12 39 0.123411

13 39 0.131419

14 39 0.138909

15 39 0.14585

16 39 0.152216

17 39 0.157981

18 39 0.163123

19 39 0.167621

20 39 0.171457

21 39 0.174617

22 39 0.177087

23 39 0.178859

24 39 0.179925

25 39 0.180281

26 39 0.179925

27 39 0.178859

28 39 0.177087

29 39 0.174617

30 39 0.171457

31 39 0.167621

32 39 0.163123

33 39 0.157981

34 39 0.152216

35 39 0.14585

36 39 0.138909

37 39 0.131419

38 39 0.123411

39 39 0.114915

40 39 0.105966

41 39 0.0965992

42 39 0.0868509

43 39 0.0767598

44 39 0.0663657

45 39 0.0557098

46 39 0.044834

47 39 0.0337812

48 39 0.0225952

49 39 0.0113199

50 39 0

0 40 0

1 40 0.0104384

2 40 0.0208356

3 40 0.0311506

4 40 0.0413426

5 40 0.0513715

6 40 0.0611976

7 40 0.0707822

8 40 0.0800875

9 40 0.0890767

10 40 0.0977143

11 40 0.105966

12 40 0.1138

13 40 0.121185

14 40 0.128091

15 40 0.134492

16 40 0.140362

17 40 0.145679

18 40 0.15042

19 40 0.154567

20 40 0.158105

21 40 0.161019

22 40 0.163297

23 40 0.164931

24 40 0.165913

25 40 0.166242

26 40 0.165913

27 40 0.164931

28 40 0.163297

29 40 0.161019

30 40 0.158105

31 40 0.154567

32 40 0.15042

33 40 0.145679

34 40 0.140362

35 40 0.134492

36 40 0.128091

37 40 0.121185

38 40 0.1138

39 40 0.105966

40 40 0.0977143

41 40 0.0890767

42 40 0.0800875

43 40 0.0707822

44 40 0.0611976

45 40 0.0513715

46 40 0.0413426

47 40 0.0311506

48 40 0.0208356

49 40 0.0104384

50 40 0

0 41 0

1 41 0.00951567

2 41 0.0189938

3 41 0.0283969

4 41 0.037688

5 41 0.0468304

6 41 0.0557879

7 41 0.0645253

8 41 0.073008

9 41 0.0812025

10 41 0.0890767

11 41 0.0965992

12 41 0.103741

13 41 0.110472

14 41 0.116768

15 41 0.122604

16 41 0.127955

17 41 0.132801

18 41 0.137123

19 41 0.140904

20 41 0.144129

21 41 0.146785

22 41 0.148862

23 41 0.150351

24 41 0.151247

25 41 0.151546

26 41 0.151247

27 41 0.150351

28 41 0.148862

29 41 0.146785

30 41 0.144129

31 41 0.140904

32 41 0.137123

33 41 0.132801

34 41 0.127955

35 41 0.122604

36 41 0.116768

37 41 0.110472

38 41 0.103741

39 41 0.0965992

40 41 0.0890767

41 41 0.0812025

42 41 0.073008

43 41 0.0645253

44 41 0.0557879

45 41 0.0468304

46 41 0.037688

47 41 0.0283969

48 41 0.0189938

49 41 0.00951567

50 41 0

0 42 0

1 42 0.00855539

2 42 0.017077

3 42 0.0255313

4 42 0.0338847

5 42 0.0421045

6 42 0.050158

7 42 0.0580137

8 42 0.0656403

9 42 0.073008

10 42 0.0800875

11 42 0.0868509

12 42 0.0932715

13 42 0.0993241

14 42 0.104985

15 42 0.110231

16 42 0.115042

17 42 0.119399

18 42 0.123285

19 42 0.126685

20 42 0.129584

21 42 0.131972

22 42 0.13384

23 42 0.135179

24 42 0.135984

25 42 0.136253

26 42 0.135984

27 42 0.135179

28 42 0.13384

29 42 0.131972

30 42 0.129584

31 42 0.126685

32 42 0.123285

33 42 0.119399

34 42 0.115042

35 42 0.110231

36 42 0.104985

37 42 0.0993241

38 42 0.0932715

39 42 0.0868509

40 42 0.0800875

41 42 0.073008

42 42 0.0656403

43 42 0.0580137

44 42 0.050158

45 42 0.0421045

46 42 0.0338847

47 42 0.0255313

48 42 0.017077

49 42 0.00855539

50 42 0

0 43 0

1 43 0.00756135

2 43 0.0150929

3 43 0.0225648

4 43 0.0299477

5 43 0.0372124

6 43 0.0443302

7 43 0.0512731

8 43 0.0580137

9 43 0.0645253

10 43 0.0707822

11 43 0.0767598

12 43 0.0824344

13 43 0.0877838

14 43 0.0927866

15 43 0.0974233

16 43 0.101676

17 43 0.105526

18 43 0.108961

19 43 0.111965

20 43 0.114528

21 43 0.116639

22 43 0.118289

23 43 0.119472

24 43 0.120184

25 43 0.120422

26 43 0.120184

27 43 0.119472

28 43 0.118289

29 43 0.116639

30 43 0.114528

31 43 0.111965

32 43 0.108961

33 43 0.105526

34 43 0.101676

35 43 0.0974233

36 43 0.0927866

37 43 0.0877838

38 43 0.0824344

39 43 0.0767598

40 43 0.0707822

41 43 0.0645253

42 43 0.0580137

43 43 0.0512731

44 43 0.0443302

45 43 0.0372124

46 43 0.0299477

47 43 0.0225648

48 43 0.0150929

49 43 0.00756135

50 43 0

0 44 0

1 44 0.00653747

2 44 0.0130491

3 44 0.0195093

4 44 0.0258925

5 44 0.0321735

6 44 0.0383275

7 44 0.0443302

8 44 0.050158

9 44 0.0557879

10 44 0.0611976

11 44 0.0663657

12 44 0.071272

13 44 0.075897

14 44 0.0802224

15 44 0.0842312

16 44 0.0879077

17 44 0.0912371

18 44 0.0942066

19 44 0.0968042

20 44 0.0990198

21 44 0.100845

22 44 0.102271

23 44 0.103295

24 44 0.10391

25 44 0.104116

26 44 0.10391

27 44 0.103295

28 44 0.102271

29 44 0.100845

30 44 0.0990198

31 44 0.0968042

32 44 0.0942066

33 44 0.0912371

34 44 0.0879077

35 44 0.0842312

36 44 0.0802224

37 44 0.075897

38 44 0.071272

39 44 0.0663657

40 44 0.0611976

41 44 0.0557879

42 44 0.050158

43 44 0.0443302

44 44 0.0383275

45 44 0.0321735

46 44 0.0258925

47 44 0.0195093

48 44 0.0130491

49 44 0.00653747

50 44 0

0 45 0

1 45 0.00548779

2 45 0.0109539

3 45 0.0163768

4 45 0.0217351

5 45 0.0270076

6 45 0.0321735

7 45 0.0372124

8 45 0.0421045

9 45 0.0468304

10 45 0.0513715

11 45 0.0557098

12 45 0.0598283

13 45 0.0637106

14 45 0.0673416

15 45 0.0707067

16 45 0.0737929

17 45 0.0765877

18 45 0.0790804

19 45 0.0812609

20 45 0.0831208

21 45 0.0846526

22 45 0.0858503

23 45 0.0867092

24 45 0.0872259

25 45 0.0873983

26 45 0.0872259

27 45 0.0867092

28 45 0.0858503

29 45 0.0846526

30 45 0.0831208

31 45 0.0812609

32 45 0.0790804

33 45 0.0765877

34 45 0.0737929

35 45 0.0707067

36 45 0.0673416

37 45 0.0637106

38 45 0.0598283

39 45 0.0557098

40 45 0.0513715

41 45 0.0468304

42 45 0.0421045

43 45 0.0372124

44 45 0.0321735

45 45 0.0270076

46 45 0.0217351

47 45 0.0163768

48 45 0.0109539

49 45 0.00548779

50 45 0

0 46 0

1 46 0.00441645

2 46 0.00881546

3 46 0.0131797

4 46 0.0174919

5 46 0.0217351

6 46 0.0258925

7 46 0.0299477

8 46 0.0338847

9 46 0.037688

10 46 0.0413426

11 46 0.044834

12 46 0.0481484

13 46 0.0512729

14 46 0.054195

15 46 0.0569032

16 46 0.0593868

17 46 0.0616361

18 46 0.0636421

19 46 0.0653969

20 46 0.0668937

21 46 0.0681265

22 46 0.0690904

23 46 0.0697816

24 46 0.0701974

25 46 0.0703362

26 46 0.0701974

27 46 0.0697816

28 46 0.0690904

29 46 0.0681265

30 46 0.0668937

31 46 0.0653969

32 46 0.0636421

33 46 0.0616361

34 46 0.0593868

35 46 0.0569032

36 46 0.054195

37 46 0.0512729

38 46 0.0481484

39 46 0.044834

40 46 0.0413426

41 46 0.037688

42 46 0.0338847

43 46 0.0299477

44 46 0.0258925

45 46 0.0217351

46 46 0.0174919

47 46 0.0131797

48 46 0.00881546

49 46 0.00441645

50 46 0

0 47 0

1 47 0.00332768

2 47 0.00664222

3 47 0.00993055

4 47 0.0131797

5 47 0.0163768

6 47 0.0195093

7 47 0.0225648

8 47 0.0255313

9 47 0.0283969

10 47 0.0311506

11 47 0.0337812

12 47 0.0362786

13 47 0.0386328

14 47 0.0408345

15 47 0.0428751

16 47 0.0447464

17 47 0.0464412

18 47 0.0479527

19 47 0.0492749

20 47 0.0504027

21 47 0.0513315

22 47 0.0520578

23 47 0.0525786

24 47 0.0528919

25 47 0.0529965

26 47 0.0528919

27 47 0.0525786

28 47 0.0520578

29 47 0.0513315

30 47 0.0504027

31 47 0.0492749

32 47 0.0479527

33 47 0.0464412

34 47 0.0447464

35 47 0.0428751

36 47 0.0408345

37 47 0.0386328

38 47 0.0362786

39 47 0.0337812

40 47 0.0311506

41 47 0.0283969

42 47 0.0255313

43 47 0.0225648

44 47 0.0195093

45 47 0.0163768

46 47 0.0131797

47 47 0.00993055

48 47 0.00664222

49 47 0.00332768

50 47 0

0 48 0

1 48 0.00222577

2 48 0.00444276

3 48 0.00664222

4 48 0.00881546

5 48 0.0109539

6 48 0.0130491

7 48 0.0150929

8 48 0.017077

9 48 0.0189938

10 48 0.0208356

11 48 0.0225952

12 48 0.0242656

13 48 0.0258402

14 48 0.0273129

15 48 0.0286777

16 48 0.0299294

17 48 0.031063

18 48 0.032074

19 48 0.0329584

20 48 0.0337127

21 48 0.034334

22 48 0.0348197

23 48 0.0351681

24 48 0.0353777

25 48 0.0354476

26 48 0.0353777

27 48 0.0351681

28 48 0.0348197

29 48 0.034334

30 48 0.0337127

31 48 0.0329584

32 48 0.032074

33 48 0.031063

34 48 0.0299294

35 48 0.0286777

36 48 0.0273129

37 48 0.0258402

38 48 0.0242656

39 48 0.0225952

40 48 0.0208356

41 48 0.0189938

42 48 0.017077

43 48 0.0150929

44 48 0.0130491

45 48 0.0109539

46 48 0.00881546

47 48 0.00664222

48 48 0.00444276

49 48 0.00222577

50 48 0

0 49 0

1 49 0.00111509

2 49 0.00222577

3 49 0.00332768

4 49 0.00441645

5 49 0.00548779

6 49 0.00653747

7 49 0.00756135

8 49 0.00855539

9 49 0.00951567

10 49 0.0104384

11 49 0.0113199

12 49 0.0121568

13 49 0.0129456

14 49 0.0136834

15 49 0.0143672

16 49 0.0149943

17 49 0.0155622

18 49 0.0160687

19 49 0.0165118

20 49 0.0168897

21 49 0.0172009

22 49 0.0174443

23 49 0.0176188

24 49 0.0177238

25 49 0.0177589

26 49 0.0177238

27 49 0.0176188

28 49 0.0174443

29 49 0.0172009

30 49 0.0168897

31 49 0.0165118

32 49 0.0160687

33 49 0.0155622

34 49 0.0149943

35 49 0.0143672

36 49 0.0136834

37 49 0.0129456

38 49 0.0121568

39 49 0.0113199

40 49 0.0104384

41 49 0.00951567

42 49 0.00855539

43 49 0.00756135

44 49 0.00653747

45 49 0.00548779

46 49 0.00441645

47 49 0.00332768

48 49 0.00222577

49 49 0.00111509

50 49 0

