0 1 0

1 1 0.00321115

2 1 0.00640962

3 1 0.0095828

4 1 0.0127182

5 1 0.0158033

6 1 0.0188261

7 1 0.0217746

8 1 0.0246372

9 1 0.0274025

10 1 0.0300597

11 1 0.0325983

12 1 0.0350082

13 1 0.0372799

14 1 0.0394045

15 1 0.0413737

16 1 0.0431795

17 1 0.0448149

18 1 0.0462734

19 1 0.0475494

20 1 0.0486376

21 1 0.049534

22 1 0.0502348

23 1 0.0507374

24 1 0.0510397

25 1 0.0511406

26 1 0.0510397

27 1 0.0507374

28 1 0.0502348

29 1 0.049534

30 1 0.0486376

31 1 0.0475494

32 1 0.0462734

33 1 0.0448149

34 1 0.0431795

35 1 0.0413737

36 1 0.0394045

37 1 0.0372799

38 1 0.0350082

39 1 0.0325983

40 1 0.0300597

41 1 0.0274025

42 1 0.0246372

43 1 0.0217746

44 1 0.0188261

45 1 0.0158033

46 1 0.0127182

47 1 0.0095828

48 1 0.00640962

49 1 0.00321115

50 1 0

0 2 0

1 2 0.00640962

2 2 0.0127939

3 2 0.0191278

4 2 0.0253861

5 2 0.0315443

6 2 0.037578

7 2 0.0434633

8 2 0.0491772

9 2 0.0546969

10 2 0.0600008

11 2 0.0650679

12 2 0.0698782

13 2 0.0744127

14 2 0.0786536

15 2 0.082584

16 2 0.0861885

17 2 0.0894529

18 2 0.0923643

19 2 0.0949111

20 2 0.0970833

21 2 0.0988724

22 2 0.100271

23 2 0.101275

24 2 0.101878

25 2 0.102079

26 2 0.101878

27 2 0.101275

28 2 0.100271

29 2 0.0988724

30 2 0.0970833

31 2 0.0949111

32 2 0.0923643

33 2 0.0894529

34 2 0.0861885

35 2 0.082584

36 2 0.0786536

37 2 0.0744127

38 2 0.0698782

39 2 0.0650679

40 2 0.0600008

41 2 0.0546969

42 2 0.0491772

43 2 0.0434633

44 2 0.037578

45 2 0.0315443

46 2 0.0253861

47 2 0.0191278

48 2 0.0127939

49 2 0.00640962

50 2 0

0 3 0

1 3 0.0095828

2 3 0.0191278

3 3 0.0285973

4 3 0.0379539

5 3 0.0471608

6 3 0.0561815

7 3 0.0649805

8 3 0.073523

9 3 0.0817754

10 3 0.0897051

11 3 0.0972807

12 3 0.104472

13 3 0.111252

14 3 0.117592

15 3 0.123468

16 3 0.128857

17 3 0.133738

18 3 0.138091

19 3 0.141898

20 3 0.145146

21 3 0.147821

22 3 0.149912

23 3 0.151412

24 3 0.152314

25 3 0.152615

26 3 0.152314

27 3 0.151412

28 3 0.149912

29 3 0.147821

30 3 0.145146

31 3 0.141898

32 3 0.138091

33 3 0.133738

34 3 0.128857

35 3 0.123468

36 3 0.117592

37 3 0.111252

38 3 0.104472

39 3 0.0972807

40 3 0.0897051

41 3 0.0817754

42 3 0.073523

43 3 0.0649805

44 3 0.0561815

45 3 0.0471608

46 3 0.0379539

47 3 0.0285973

48 3 0.0191278

49 3 0.0095828

50 3 0

0 4 0

1 4 0.0127182

2 4 0.0253861

3 4 0.0379539

4 4 0.0503719

5 4 0.0625911

6 4 0.0745633

7 4 0.0862412

8 4 0.0975788

9 4 0.108531

10 4 0.119055

11 4 0.12911

12 4 0.138654

13 4 0.147652

14 4 0.156067

15 4 0.163866

16 4 0.171018

17 4 0.177495

18 4 0.183272

19 4 0.188325

20 4 0.192636

21 4 0.196186

22 4 0.198961

23 4 0.200952

24 4 0.202149

25 4 0.202549

26 4 0.202149

27 4 0.200952

28 4 0.198961

29 4 0.196186

30 4 0.192636

31 4 0.188325

32 4 0.183272

33 4 0.177495

34 4 0.171018

35 4 0.163866

36 4 0.156067

37 4 0.147652

38 4 0.138654

39 4 0.12911

40 4 0.119055

41 4 0.108531

42 4 0.0975788

43 4 0.0862412

44 4 0.0745633

45 4 0.0625911

46 4 0.0503719

47 4 0.0379539

48 4 0.0253861

49 4 0.0127182

50 4 0

0 5 0

1 5 0.0158033

2 5 0.0315443

3 5 0.0471608

4 5 0.0625911

5 5 0.0777744

6 5 0.0926508

7 5 0.107162

8 5 0.121249

9 5 0.134859

10 5 0.147936

11 5 0.160429

12 5 0.172289

13 5 0.183469

14 5 0.193925

15 5 0.203616

16 5 0.212503

17 5 0.220552

18 5 0.22773

19 5 0.234009

20 5 0.239365

21 5 0.243776

22 5 0.247225

23 5 0.249699

24 5 0.251187

25 5 0.251683

26 5 0.251187

27 5 0.249699

28 5 0.247225

29 5 0.243776

30 5 0.239365

31 5 0.234009

32 5 0.22773

33 5 0.220552

34 5 0.212503

35 5 0.203616

36 5 0.193925

37 5 0.183469

38 5 0.172289

39 5 0.160429

40 5 0.147936

41 5 0.134859

42 5 0.121249

43 5 0.107162

44 5 0.0926508

45 5 0.0777744

46 5 0.0625911

47 5 0.0471608

48 5 0.0315443

49 5 0.0158033

50 5 0

0 6 0

1 6 0.0188261

2 6 0.037578

3 6 0.0561815

4 6 0.0745633

5 6 0.0926508

6 6 0.110373

7 6 0.127659

8 6 0.144441

9 6 0.160654

10 6 0.176232

11 6 0.191115

12 6 0.205244

13 6 0.218563

14 6 0.231019

15 6 0.242563

16 6 0.25315

17 6 0.262738

18 6 0.271289

19 6 0.27877

20 6 0.28515

21 6 0.290405

22 6 0.294514

23 6 0.29746

24 6 0.299233

25 6 0.299824

26 6 0.299233

27 6 0.29746

28 6 0.294514

29 6 0.290405

30 6 0.28515

31 6 0.27877

32 6 0.271289

33 6 0.262738

34 6 0.25315

35 6 0.242563

36 6 0.231019

37 6 0.218563

38 6 0.205244

39 6 0.191115

40 6 0.176232

41 6 0.160654

42 6 0.144441

43 6 0.127659

44 6 0.110373

45 6 0.0926508

46 6 0.0745633

47 6 0.0561815

48 6 0.037578

49 6 0.0188261

50 6 0

0 7 0

1 7 0.0217746

2 7 0.0434633

3 7 0.0649805

4 7 0.0862412

5 7 0.107162

6 7 0.127659

7 7 0.147653

8 7 0.167064

9 7 0.185815

10 7 0.203833

11 7 0.221047

12 7 0.237389

13 7 0.252793

14 7 0.2672

15 7 0.280553

16 7 0.292798

17 7 0.303887

18 7 0.313778

19 7 0.32243

20 7 0.329809

21 7 0.335887

22 7 0.34064

23 7 0.344048

24 7 0.346098

25 7 0.346782

26 7 0.346098

27 7 0.344048

28 7 0.34064

29 7 0.335887

30 7 0.329809

31 7 0.32243

32 7 0.313778

33 7 0.303887

34 7 0.292798

35 7 0.280553

36 7 0.2672

37 7 0.252793

38 7 0.237389

39 7 0.221047

40 7 0.203833

41 7 0.185815

42 7 0.167064

43 7 0.147653

44 7 0.127659

45 7 0.107162

46 7 0.0862412

47 7 0.0649805

48 7 0.0434633

49 7 0.0217746

50 7 0

0 8 0

1 8 0.0246372

2 8 0.0491772

3 8 0.073523

4 8 0.0975788

5 8 0.121249

6 8 0.144441

7 8 0.167064

8 8 0.189026

9 8 0.210243

10 8 0.23063

11 8 0.250107

12 8 0.268597

13 8 0.286026

14 8 0.302327

15 8 0.317435

16 8 0.33129

17 8 0.343838

18 8 0.355028

19 8 0.364818

20 8 0.373167

21 8 0.380044

22 8 0.385421

23 8 0.389277

24 8 0.391597

25 8 0.392371

26 8 0.391597

27 8 0.389277

28 8 0.385421

29 8 0.380044

30 8 0.373167

31 8 0.364818

32 8 0.355028

33 8 0.343838

34 8 0.33129

35 8 0.317435

36 8 0.302327

37 8 0.286026

38 8 0.268597

39 8 0.250107

40 8 0.23063

41 8 0.210243

42 8 0.189026

43 8 0.167064

44 8 0.144441

45 8 0.121249

46 8 0.0975788

47 8 0.073523

48 8 0.0491772

49 8 0.0246372

50 8 0

0 9 0

1 9 0.0274025

2 9 0.0546969

3 9 0.0817754

4 9 0.108531

5 9 0.134859

6 9 0.160654

7 9 0.185815

8 9 0.210243

9 9 0.233841

10 9 0.256516

11 9 0.278179

12 9 0.298744

13 9 0.318131

14 9 0.336261

15 9 0.353065

16 9 0.368475

17 9 0.382431

18 9 0.394877

19 9 0.405765

20 9 0.415052

21 9 0.422701

22 9 0.428682

23 9 0.432971

24 9 0.435551

25 9 0.436412

26 9 0.435551

27 9 0.432971

28 9 0.428682

29 9 0.422701

30 9 0.415052

31 9 0.405765

32 9 0.394877

33 9 0.382431

34 9 0.368475

35 9 0.353065

36 9 0.336261

37 9 0.318131

38 9 0.298744

39 9 0.278179

40 9 0.256516

41 9 0.233841

42 9 0.210243

43 9 0.185815

44 9 0.160654

45 9 0.134859

46 9 0.108531

47 9 0.0817754

48 9 0.0546969

49 9 0.0274025

50 9 0

0 10 0

1 10 0.0300597

2 10 0.0600008

3 10 0.0897051

4 10 0.119055

5 10 0.147936

6 10 0.176232

7 10 0.203833

8 10 0.23063

9 10 0.256516

10 10 0.281391

11 10 0.305154

12 10 0.327713

13 10 0.348979

14 10 0.368868

15 10 0.387301

16 10 0.404205

17 10 0.419514

18 10 0.433168

19 10 0.445112

20 10 0.455299

21 10 0.46369

22 10 0.470251

23 10 0.474955

24 10 0.477786

25 10 0.47873

26 10 0.477786

27 10 0.474955

28 10 0.470251

29 10 0.46369

30 10 0.455299

31 10 0.445112

32 10 0.433168

33 10 0.419514

34 10 0.404205

35 10 0.387301

36 10 0.368868

37 10 0.348979

38 10 0.327713

39 10 0.305154

40 10 0.281391

41 10 0.256516

42 10 0.23063

43 10 0.203833

44 10 0.176232

45 10 0.147936

46 10 0.119055

47 10 0.0897051

48 10 0.0600008

49 10 0.0300597

50 10 0

0 11 0

1 11 0.0325983

2 11 0.0650679

3 11 0.0972807

4 11 0.12911

5 11 0.160429

6 11 0.191115

7 11 0.221047

8 11 0.250107

9 11 0.278179

10 11 0.305154

11 11 0.330925

12 11 0.355389

13 11 0.378451

14 11 0.400019

15 11 0.420009

16 11 0.438341

17 11 0.454943

18 11 0.469749

19 11 0.482702

20 11 0.49375

21 11 0.502849

22 11 0.509963

23 11 0.515065

24 11 0.518135

25 11 0.519159

26 11 0.518135

27 11 0.515065

28 11 0.509963

29 11 0.502849

30 11 0.49375

31 11 0.482702

32 11 0.469749

33 11 0.454943

34 11 0.438341

35 11 0.420009

36 11 0.400019

37 11 0.378451

38 11 0.355389

39 11 0.330925

40 11 0.305154

41 11 0.278179

42 11 0.250107

43 11 0.221047

44 11 0.191115

45 11 0.160429

46 11 0.12911

47 11 0.0972807

48 11 0.0650679

49 11 0.0325983

50 11 0

0 12 0

1 12 0.0350082

2 12 0.0698782

3 12 0.104472

4 12 0.138654

5 12 0.172289

6 12 0.205244

7 12 0.237389

8 12 0.268597

9 12 0.298744

10 12 0.327713

11 12 0.355389

12 12 0.381662

13 12 0.406429

14 12 0.429591

15 12 0.451059

16 12 0.470746

17 12 0.488575

18 12 0.504477

19 12 0.518387

20 12 0.530251

21 12 0.540023

22 12 0.547664

23 12 0.553143

24 12 0.556439

25 12 0.557539

26 12 0.556439

27 12 0.553143

28 12 0.547664

29 12 0.540023

30 12 0.530251

31 12 0.518387

32 12 0.504477

33 12 0.488575

34 12 0.470746

35 12 0.451059

36 12 0.429591

37 12 0.406429

38 12 0.381662

39 12 0.355389

40 12 0.327713

41 12 0.298744

42 12 0.268597

43 12 0.237389

44 12 0.205244

45 12 0.172289

46 12 0.138654

47 12 0.104472

48 12 0.0698782

49 12 0.0350082

50 12 0

0 13 0

1 13 0.0372799

2 13 0.0744127

3 13 0.111252

4 13 0.147652

5 13 0.183469

6 13 0.218563

7 13 0.252793

8 13 0.286026

9 13 0.318131

10 13 0.348979

11 13 0.378451

12 13 0.406429

13 13 0.432803

14 13 0.457468

15 13 0.480329

16 13 0.501294

17 13 0.52028

18 13 0.537213

19 13 0.552026

20 13 0.56466

21 13 0.575066

22 13 0.583203

23 13 0.589037

24 13 0.592547

25 13 0.593719

26 13 0.592547

27 13 0.589037

28 13 0.583203

29 13 0.575066

30 13 0.56466

31 13 0.552026

32 13 0.537213

33 13 0.52028

34 13 0.501294

35 13 0.480329

36 13 0.457468

37 13 0.432803

38 13 0.406429

39 13 0.378451

40 13 0.348979

41 13 0.318131

42 13 0.286026

43 13 0.252793

44 13 0.218563

45 13 0.183469

46 13 0.147652

47 13 0.111252

48 13 0.0744127

49 13 0.0372799

50 13 0

0 14 0

1 14 0.0394045

2 14 0.0786536

3 14 0.117592

4 14 0.156067

5 14 0.193925

6 14 0.231019

7 14 0.2672

8 14 0.302327

9 14 0.336261

10 14 0.368868

11 14 0.400019

12 14 0.429591

13 14 0.457468

14 14 0.48354

15 14 0.507703

16 14 0.529863

17 14 0.549931

18 14 0.567829

19 14 0.583486

20 14 0.596841

21 14 0.60784

22 14 0.61644

23 14 0.622607

24 14 0.626317

25 14 0.627556

26 14 0.626317

27 14 0.622607

28 14 0.61644

29 14 0.60784

30 14 0.596841

31 14 0.583486

32 14 0.567829

33 14 0.549931

34 14 0.529863

35 14 0.507703

36 14 0.48354

37 14 0.457468

38 14 0.429591

39 14 0.400019

40 14 0.368868

41 14 0.336261

42 14 0.302327

43 14 0.2672

44 14 0.231019

45 14 0.193925

46 14 0.156067

47 14 0.117592

48 14 0.0786536

49 14 0.0394045

50 14 0

0 15 0

1 15 0.0413737

2 15 0.082584

3 15 0.123468

4 15 0.163866

5 15 0.203616

6 15 0.242563

7 15 0.280553

8 15 0.317435

9 15 0.353065

10 15 0.387301

11 15 0.420009

12 15 0.451059

13 15 0.480329

14 15 0.507703

15 15 0.533074

16 15 0.556341

17 15 0.577412

18 15 0.596205

19 15 0.612644

20 15 0.626666

21 15 0.638215

22 15 0.647244

23 15 0.65372

24 15 0.657615

25 15 0.658916

26 15 0.657615

27 15 0.65372

28 15 0.647244

29 15 0.638215

30 15 0.626666

31 15 0.612644

32 15 0.596205

33 15 0.577412

34 15 0.556341

35 15 0.533074

36 15 0.507703

37 15 0.480329

38 15 0.451059

39 15 0.420009

40 15 0.387301

41 15 0.353065

42 15 0.317435

43 15 0.280553

44 15 0.242563

45 15 0.203616

46 15 0.163866

47 15 0.123468

48 15 0.082584

49 15 0.0413737

50 15 0

0 16 0

1 16 0.0431795

2 16 0.0861885

3 16 0.128857

4 16 0.171018

5 16 0.212503

6 16 0.25315

7 16 0.292798

8 16 0.33129

9 16 0.368475

10 16 0.404205

11 16 0.438341

12 16 0.470746

13 16 0.501294

14 16 0.529863

15 16 0.556341

16 16 0.580623

17 16 0.602614

18 16 0.622227

19 16 0.639384

20 16 0.654018

21 16 0.66607

22 16 0.675494

23 16 0.682253

24 16 0.686318

25 16 0.687675

26 16 0.686318

27 16 0.682253

28 16 0.675494

29 16 0.66607

30 16 0.654018

31 16 0.639384

32 16 0.622227

33 16 0.602614

34 16 0.580623

35 16 0.556341

36 16 0.529863

37 16 0.501294

38 16 0.470746

39 16 0.438341

40 16 0.404205

41 16 0.368475

42 16 0.33129

43 16 0.292798

44 16 0.25315

45 16 0.212503

46 16 0.171018

47 16 0.128857

48 16 0.0861885

49 16 0.0431795

50 16 0

0 17 0

1 17 0.0448149

2 17 0.0894529

3 17 0.133738

4 17 0.177495

5 17 0.220552

6 17 0.262738

7 17 0.303887

8 17 0.343838

9 17 0.382431

10 17 0.419514

11 17 0.454943

12 17 0.488575

13 17 0.52028

14 17 0.549931

15 17 0.577412

16 17 0.602614

17 17 0.625438

18 17 0.645794

19 17 0.663601

20 17 0.678789

21 17 0.691298

22 17 0.701079

23 17 0.708093

24 17 0.712312

25 17 0.713721

26 17 0.712312

27 17 0.708093

28 17 0.701079

29 17 0.691298

30 17 0.678789

31 17 0.663601

32 17 0.645794

33 17 0.625438

34 17 0.602614

35 17 0.577412

36 17 0.549931

37 17 0.52028

38 17 0.488575

39 17 0.454943

40 17 0.419514

41 17 0.382431

42 17 0.343838

43 17 0.303887

44 17 0.262738

45 17 0.220552

46 17 0.177495

47 17 0.133738

48 17 0.0894529

49 17 0.0448149

50 17 0

0 18 0

1 18 0.0462734

2 18 0.0923643

3 18 0.138091

4 18 0.183272

5 18 0.22773

6 18 0.271289

7 18 0.313778

8 18 0.355028

9 18 0.394877

10 18 0.433168

11 18 0.469749

12 18 0.504477

13 18 0.537213

14 18 0.567829

15 18 0.596205

16 18 0.622227

17 18 0.645794

18 18 0.666812

19 18 0.685198

20 18 0.700881

21 18 0.713797

22 18 0.723896

23 18 0.731138

24 18 0.735495

25 18 0.736949

26 18 0.735495

27 18 0.731138

28 18 0.723896

29 18 0.713797

30 18 0.700881

31 18 0.685198

32 18 0.666812

33 18 0.645794

34 18 0.622227

35 18 0.596205

36 18 0.567829

37 18 0.537213

38 18 0.504477

39 18 0.469749

40 18 0.433168

41 18 0.394877

42 18 0.355028

43 18 0.313778

44 18 0.271289

45 18 0.22773

46 18 0.183272

47 18 0.138091

48 18 0.0923643

49 18 0.0462734

50 18 0

0 19 0

1 19 0.0475494

2 19 0.0949111

3 19 0.141898

4 19 0.188325

5 19 0.234009

6 19 0.27877

7 19 0.32243

8 19 0.364818

9 19 0.405765

10 19 0.445112

11 19 0.482702

12 19 0.518387

13 19 0.552026

14 19 0.583486

15 19 0.612644

16 19 0.639384

17 19 0.663601

18 19 0.685198

19 19 0.704092

20 19 0.720206

21 19 0.733479

22 19 0.743857

23 19 0.751299

24 19 0.755776

25 19 0.75727

26 19 0.755776

27 19 0.751299

28 19 0.743857

29 19 0.733479

30 19 0.720206

31 19 0.704092

32 19 0.685198

33 19 0.663601

34 19 0.639384

35 19 0.612644

36 19 0.583486

37 19 0.552026

38 19 0.518387

39 19 0.482702

40 19 0.445112

41 19 0.405765

42 19 0.364818

43 19 0.32243

44 19 0.27877

45 19 0.234009

46 19 0.188325

47 19 0.141898

48 19 0.0949111

49 19 0.0475494

50 19 0

0 20 0

1 20 0.0486376

2 20 0.0970833

3 20 0.145146

4 20 0.192636

5 20 0.239365

6 20 0.28515

7 20 0.329809

8 20 0.373167

9 20 0.415052

10 20 0.455299

11 20 0.49375

12 20 0.530251

13 20 0.56466

14 20 0.596841

15 20 0.626666

16 20 0.654018

17 20 0.678789

18 20 0.700881

19 20 0.720206

20 20 0.73669

21 20 0.750266

22 20 0.760881

23 20 0.768494

24 20 0.773073

25 20 0.774602

26 20 0.773073

27 20 0.768494

28 20 0.760881

29 20 0.750266

30 20 0.73669

31 20 0.720206

32 20 0.700881

33 20 0.678789

34 20 0.654018

35 20 0.626666

36 20 0.596841

37 20 0.56466

38 20 0.530251

39 20 0.49375

40 20 0.455299

41 20 0.415052

42 20 0.373167

43 20 0.329809

44 20 0.28515

45 20 0.239365

46 20 0.192636

47 20 0.145146

48 20 0.0970833

49 20 0.0486376

50 20 0

0 21 0

1 21 0.049534

2 21 0.0988724

3 21 0.147821

4 21 0.196186

5 21 0.243776

6 21 0.290405

7 21 0.335887

8 21 0.380044

9 21 0.422701

10 21 0.46369

11 21 0.502849

12 21 0.540023

13 21 0.575066

14 21 0.60784

15 21 0.638215

16 21 0.66607

17 21 0.691298

18 21 0.713797

19 21 0.733479

20 21 0.750266

21 21 0.764093

22 21 0.774903

23 21 0.782656

24 21 0.78732

25 21 0.788877

26 21 0.78732

27 21 0.782656

28 21 0.774903

29 21 0.764093

30 21 0.750266

31 21 0.733479

32 21 0.713797

33 21 0.691298

34 21 0.66607

35 21 0.638215

36 21 0.60784

37 21 0.575066

38 21 0.540023

39 21 0.502849

40 21 0.46369

41 21 0.422701

42 21 0.380044

43 21 0.335887

44 21 0.290405

45 21 0.243776

46 21 0.196186

47 21 0.147821

48 21 0.0988724

49 21 0.049534

50 21 0

0 22 0

1 22 0.0502348

2 22 0.100271

3 22 0.149912

4 22 0.198961

5 22 0.247225

6 22 0.294514

7 22 0.34064

8 22 0.385421

9 22 0.428682

10 22 0.470251

11 22 0.509963

12 22 0.547664

13 22 0.583203

14 22 0.61644

15 22 0.647244

16 22 0.675494

17 22 0.701079

18 22 0.723896

19 22 0.743857

20 22 0.760881

21 22 0.774903

22 22 0.785867

23 22 0.79373

24 22 0.798459

25 22 0.800038

26 22 0.798459

27 22 0.79373

28 22 0.785867

29 22 0.774903

30 22 0.760881

31 22 0.743857

32 22 0.723896

33 22 0.701079

34 22 0.675494

35 22 0.647244

36 22 0.61644

37 22 0.583203

38 22 0.547664

39 22 0.509963

40 22 0.470251

41 22 0.428682

42 22 0.385421

43 22 0.34064

44 22 0.294514

45 22 0.247225

46 22 0.198961

47 22 0.149912

48 22 0.100271

49 22 0.0502348

50 22 0

0 23 0

1 23 0.0507374

2 23 0.101275

3 23 0.151412

4 23 0.200952

5 23 0.249699

6 23 0.29746

7 23 0.344048

8 23 0.389277

9 23 0.432971

10 23 0.474955

11 23 0.515065

12 23 0.553143

13 23 0.589037

14 23 0.622607

15 23 0.65372

16 23 0.682253

17 23 0.708093

18 23 0.731138

19 23 0.751299

20 23 0.768494

21 23 0.782656

22 23 0.79373

23 23 0.80167

24 23 0.806448

25 23 0.808042

26 23 0.806448

27 23 0.80167

28 23 0.79373

29 23 0.782656

30 23 0.768494

31 23 0.751299

32 23 0.731138

33 23 0.708093

34 23 0.682253

35 23 0.65372

36 23 0.622607

37 23 0.589037

38 23 0.553143

39 23 0.515065

40 23 0.474955

41 23 0.432971

42 23 0.389277

43 23 0.344048

44 23 0.29746

45 23 0.249699

46 23 0.200952

47 23 0.151412

48 23 0.101275

49 23 0.0507374

50 23 0

0 24 0

1 24 0.0510397

2 24 0.101878

3 24 0.152314

4 24 0.202149

5 24 0.251187

6 24 0.299233

7 24 0.346098

8 24 0.391597

9 24 0.435551

10 24 0.477786

11 24 0.518135

12 24 0.556439

13 24 0.592547

14 24 0.626317

15 24 0.657615

16 24 0.686318

17 24 0.712312

18 24 0.735495

19 24 0.755776

20 24 0.773073

21 24 0.78732

22 24 0.798459

23 24 0.806448

24 24 0.811253

25 24 0.812857

26 24 0.811253

27 24 0.806448

28 24 0.798459

29 24 0.78732

30 24 0.773073

31 24 0.755776

32 24 0.735495

33 24 0.712312

34 24 0.686318

35 24 0.657615

36 24 0.626317

37 24 0.592547

38 24 0.556439

39 24 0.518135

40 24 0.477786

41 24 0.435551

42 24 0.391597

43 24 0.346098

44 24 0.299233

45 24 0.251187

46 24 0.202149

47 24 0.152314

48 24 0.101878

49 24 0.0510397

50 24 0

0 25 0

1 25 0.0511406

2 25 0.102079

3 25 0.152615

4 25 0.202549

5 25 0.251683

6 25 0.299824

7 25 0.346782

8 25 0.392371

9 25 0.436412

10 25 0.47873

11 25 0.519159

12 25 0.557539

13 25 0.593719

14 25 0.627556

15 25 0.658916

16 25 0.687675

17 25 0.713721

18 25 0.736949

19 25 0.75727

20 25 0.774602

21 25 0.788877

22 25 0.800038

23 25 0.808042

24 25 0.812857

25 25 0.814464

26 25 0.812857

27 25 0.808042

28 25 0.800038

29 25 0.788877

30 25 0.774602

31 25 0.75727

32 25 0.736949

33 25 0.713721

34 25 0.687675

35 25 0.658916

36 25 0.627556

37 25 0.593719

38 25 0.557539

39 25 0.519159

40 25 0.47873

41 25 0.436412

42 25 0.392371

43 25 0.346782

44 25 0.299824

45 25 0.251683

46 25 0.202549

47 25 0.152615

48 25 0.102079

49 25 0.0511406

50 25 0

0 26 0

1 26 0.0510397

2 26 0.101878

3 26 0.152314

4 26 0.202149

5 26 0.251187

6 26 0.299233

7 26 0.346098

8 26 0.391597

9 26 0.435551

10 26 0.477786

11 26 0.518135

12 26 0.556439

13 26 0.592547

14 26 0.626317

15 26 0.657615

16 26 0.686318

17 26 0.712312

18 26 0.735495

19 26 0.755776

20 26 0.773073

21 26 0.78732

22 26 0.798459

23 26 0.806448

24 26 0.811253

25 26 0.812857

26 26 0.811253

27 26 0.806448

28 26 0.798459

29 26 0.78732

30 26 0.773073

31 26 0.755776

32 26 0.735495

33 26 0.712312

34 26 0.686318

35 26 0.657615

36 26 0.626317

37 26 0.592547

38 26 0.556439

39 26 0.518135

40 26 0.477786

41 26 0.435551

42 26 0.391597

43 26 0.346098

44 26 0.299233

45 26 0.251187

46 26 0.202149

47 26 0.152314

48 26 0.101878

49 26 0.0510397

50 26 0

0 27 0

1 27 0.0507374

2 27 0.101275

3 27 0.151412

4 27 0.200952

5 27 0.249699

6 27 0.29746

7 27 0.344048

8 27 0.389277

9 27 0.432971

10 27 0.474955

11 27 0.515065

12 27 0.553143

13 27 0.589037

14 27 0.622607

15 27 0.65372

16 27 0.682253

17 27 0.708093

18 27 0.731138

19 27 0.751299

20 27 0.768494

21 27 0.782656

22 27 0.79373

23 27 0.80167

24 27 0.806448

25 27 0.808042

26 27 0.806448

27 27 0.80167

28 27 0.79373

29 27 0.782656

30 27 0.768494

31 27 0.751299

32 27 0.731138

33 27 0.708093

34 27 0.682253

35 27 0.65372

36 27 0.622607

37 27 0.589037

38 27 0.553143

39 27 0.515065

40 27 0.474955

41 27 0.432971

42 27 0.389277

43 27 0.344048

44 27 0.29746

45 27 0.249699

46 27 0.200952

47 27 0.151412

48 27 0.101275

49 27 0.0507374

50 27 0

0 28 0

1 28 0.0502348

2 28 0.100271

3 28 0.149912

4 28 0.198961

5 28 0.247225

6 28 0.294514

7 28 0.34064

8 28 0.385421

9 28 0.428682

10 28 0.470251

11 28 0.509963

12 28 0.547664

13 28 0.583203

14 28 0.61644

15 28 0.647244

16 28 0.675494

17 28 0.701079

18 28 0.723896

19 28 0.743857

20 28 0.760881

21 28 0.774903

22 28 0.785867

23 28 0.79373

24 28 0.798459

25 28 0.800038

26 28 0.798459

27 28 0.79373

28 28 0.785867

29 28 0.774903

30 28 0.760881

31 28 0.743857

32 28 0.723896

33 28 0.701079

34 28 0.675494

35 28 0.647244

36 28 0.61644

37 28 0.583203

38 28 0.547664

39 28 0.509963

40 28 0.470251

41 28 0.428682

42 28 0.385421

43 28 0.34064

44 28 0.294514

45 28 0.247225

46 28 0.198961

47 28 0.149912

48 28 0.100271

49 28 0.0502348

50 28 0

0 29 0

1 29 0.049534

2 29 0.0988724

3 29 0.147821

4 29 0.196186

5 29 0.243776

6 29 0.290405

7 29 0.335887

8 29 0.380044

9 29 0.422701

10 29 0.46369

11 29 0.502849

12 29 0.540023

13 29 0.575066

14 29 0.60784

15 29 0.638215

16 29 0.66607

17 29 0.691298

18 29 0.713797

19 29 0.733479

20 29 0.750266

21 29 0.764093

22 29 0.774903

23 29 0.782656

24 29 0.78732

25 29 0.788877

26 29 0.78732

27 29 0.782656

28 29 0.774903

29 29 0.764093

30 29 0.750266

31 29 0.733479

32 29 0.713797

33 29 0.691298

34 29 0.66607

35 29 0.638215

36 29 0.60784

37 29 0.575066

38 29 0.540023

39 29 0.502849

40 29 0.46369

41 29 0.422701

42 29 0.380044

43 29 0.335887

44 29 0.290405

45 29 0.243776

46 29 0.196186

47 29 0.147821

48 29 0.0988724

49 29 0.049534

50 29 0

0 30 0

1 30 0.0486376

2 30 0.0970833

3 30 0.145146

4 30 0.192636

5 30 0.239365

6 30 0.28515

7 30 0.329809

8 30 0.373167

9 30 0.415052

10 30 0.455299

11 30 0.49375

12 30 0.530251

13 30 0.56466

14 30 0.596841

15 30 0.626666

16 30 0.654018

17 30 0.678789

18 30 0.700881

19 30 0.720206

20 30 0.73669

21 30 0.750266

22 30 0.760881

23 30 0.768494

24 30 0.773073

25 30 0.774602

26 30 0.773073

27 30 0.768494

28 30 0.760881

29 30 0.750266

30 30 0.73669

31 30 0.720206

32 30 0.700881

33 30 0.678789

34 30 0.654018

35 30 0.626666

36 30 0.596841

37 30 0.56466

38 30 0.530251

39 30 0.49375

40 30 0.455299

41 30 0.415052

42 30 0.373167

43 30 0.329809

44 30 0.28515

45 30 0.239365

46 30 0.192636

47 30 0.145146

48 30 0.0970833

49 30 0.0486376

50 30 0

0 31 0

1 31 0.0475494

2 31 0.0949111

3 31 0.141898

4 31 0.188325

5 31 0.234009

6 31 0.27877

7 31 0.32243

8 31 0.364818

9 31 0.405765

10 31 0.445112

11 31 0.482702

12 31 0.518387

13 31 0.552026

14 31 0.583486

15 31 0.612644

16 31 0.639384

17 31 0.663601

18 31 0.685198

19 31 0.704092

20 31 0.720206

21 31 0.733479

22 31 0.743857

23 31 0.751299

24 31 0.755776

25 31 0.75727

26 31 0.755776

27 31 0.751299

28 31 0.743857

29 31 0.733479

30 31 0.720206

31 31 0.704092

32 31 0.685198

33 31 0.663601

34 31 0.639384

35 31 0.612644

36 31 0.583486

37 31 0.552026

38 31 0.518387

39 31 0.482702

40 31 0.445112

41 31 0.405765

42 31 0.364818

43 31 0.32243

44 31 0.27877

45 31 0.234009

46 31 0.188325

47 31 0.141898

48 31 0.0949111

49 31 0.0475494

50 31 0

0 32 0

1 32 0.0462734

2 32 0.0923643

3 32 0.138091

4 32 0.183272

5 32 0.22773

6 32 0.271289

7 32 0.313778

8 32 0.355028

9 32 0.394877

10 32 0.433168

11 32 0.469749

12 32 0.504477

13 32 0.537213

14 32 0.567829

15 32 0.596205

16 32 0.622227

17 32 0.645794

18 32 0.666812

19 32 0.685198

20 32 0.700881

21 32 0.713797

22 32 0.723896

23 32 0.731138

24 32 0.735495

25 32 0.736949

26 32 0.735495

27 32 0.731138

28 32 0.723896

29 32 0.713797

30 32 0.700881

31 32 0.685198

32 32 0.666812

33 32 0.645794

34 32 0.622227

35 32 0.596205

36 32 0.567829

37 32 0.537213

38 32 0.504477

39 32 0.469749

40 32 0.433168

41 32 0.394877

42 32 0.355028

43 32 0.313778

44 32 0.271289

45 32 0.22773

46 32 0.183272

47 32 0.138091

48 32 0.0923643

49 32 0.0462734

50 32 0

0 33 0

1 33 0.0448149

2 33 0.0894529

3 33 0.133738

4 33 0.177495

5 33 0.220552

6 33 0.262738

7 33 0.303887

8 33 0.343838

9 33 0.382431

10 33 0.419514

11 33 0.454943

12 33 0.488575

13 33 0.52028

14 33 0.549931

15 33 0.577412

16 33 0.602614

17 33 0.625438

18 33 0.645794

19 33 0.663601

20 33 0.678789

21 33 0.691298

22 33 0.701079

23 33 0.708093

24 33 0.712312

25 33 0.713721

26 33 0.712312

27 33 0.708093

28 33 0.701079

29 33 0.691298

30 33 0.678789

31 33 0.663601

32 33 0.645794

33 33 0.625438

34 33 0.602614

35 33 0.577412

36 33 0.549931

37 33 0.52028

38 33 0.488575

39 33 0.454943

40 33 0.419514

41 33 0.382431

42 33 0.343838

43 33 0.303887

44 33 0.262738

45 33 0.220552

46 33 0.177495

47 33 0.133738

48 33 0.0894529

49 33 0.0448149

50 33 0

0 34 0

1 34 0.0431795

2 34 0.0861885

3 34 0.128857

4 34 0.171018

5 34 0.212503

6 34 0.25315

7 34 0.292798

8 34 0.33129

9 34 0.368475

10 34 0.404205

11 34 0.438341

12 34 0.470746

13 34 0.501294

14 34 0.529863

15 34 0.556341

16 34 0.580623

17 34 0.602614

18 34 0.622227

19 34 0.639384

20 34 0.654018

21 34 0.66607

22 34 0.675494

23 34 0.682253

24 34 0.686318

25 34 0.687675

26 34 0.686318

27 34 0.682253

28 34 0.675494

29 34 0.66607

30 34 0.654018

31 34 0.639384

32 34 0.622227

33 34 0.602614

34 34 0.580623

35 34 0.556341

36 34 0.529863

37 34 0.501294

38 34 0.470746

39 34 0.438341

40 34 0.404205

41 34 0.368475

42 34 0.33129

43 34 0.292798

44 34 0.25315

45 34 0.212503

46 34 0.171018

47 34 0.128857

48 34 0.0861885

49 34 0.0431795

50 34 0

0 35 0

1 35 0.0413737

2 35 0.082584

3 35 0.123468

4 35 0.163866

5 35 0.203616

6 35 0.242563

7 35 0.280553

8 35 0.317435

9 35 0.353065

10 35 0.387301

11 35 0.420009

12 35 0.451059

13 35 0.480329

14 35 0.507703

15 35 0.533074

16 35 0.556341

17 35 0.577412

18 35 0.596205

19 35 0.612644

20 35 0.626666

21 35 0.638215

22 35 0.647244

23 35 0.65372

24 35 0.657615

25 35 0.658916

26 35 0.657615

27 35 0.65372

28 35 0.647244

29 35 0.638215

30 35 0.626666

31 35 0.612644

32 35 0.596205

33 35 0.577412

34 35 0.556341

35 35 0.533074

36 35 0.507703

37 35 0.480329

38 35 0.451059

39 35 0.420009

40 35 0.387301

41 35 0.353065

42 35 0.317435

43 35 0.280553

44 35 0.242563

45 35 0.203616

46 35 0.163866

47 35 0.123468

48 35 0.082584

49 35 0.0413737

50 35 0

0 36 0

1 36 0.0394045

2 36 0.0786536

3 36 0.117592

4 36 0.156067

5 36 0.193925

6 36 0.231019

7 36 0.2672

8 36 0.302327

9 36 0.336261

10 36 0.368868

11 36 0.400019

12 36 0.429591

13 36 0.457468

14 36 0.48354

15 36 0.507703

16 36 0.529863

17 36 0.549931

18 36 0.567829

19 36 0.583486

20 36 0.596841

21 36 0.60784

22 36 0.61644

23 36 0.622607

24 36 0.626317

25 36 0.627556

26 36 0.626317

27 36 0.622607

28 36 0.61644

29 36 0.60784

30 36 0.596841

31 36 0.583486

32 36 0.567829

33 36 0.549931

34 36 0.529863

35 36 0.507703

36 36 0.48354

37 36 0.457468

38 36 0.429591

39 36 0.400019

40 36 0.368868

41 36 0.336261

42 36 0.302327

43 36 0.2672

44 36 0.231019

45 36 0.193925

46 36 0.156067

47 36 0.117592

48 36 0.0786536

49 36 0.0394045

50 36 0

0 37 0

1 37 0.0372799

2 37 0.0744127

3 37 0.111252

4 37 0.147652

5 37 0.183469

6 37 0.218563

7 37 0.252793

8 37 0.286026

9 37 0.318131

10 37 0.348979

11 37 0.378451

12 37 0.406429

13 37 0.432803

14 37 0.457468

15 37 0.480329

16 37 0.501294

17 37 0.52028

18 37 0.537213

19 37 0.552026

20 37 0.56466

21 37 0.575066

22 37 0.583203

23 37 0.589037

24 37 0.592547

25 37 0.593719

26 37 0.592547

27 37 0.589037

28 37 0.583203

29 37 0.575066

30 37 0.56466

31 37 0.552026

32 37 0.537213

33 37 0.52028

34 37 0.501294

35 37 0.480329

36 37 0.457468

37 37 0.432803

38 37 0.406429

39 37 0.378451

40 37 0.348979

41 37 0.318131

42 37 0.286026

43 37 0.252793

44 37 0.218563

45 37 0.183469

46 37 0.147652

47 37 0.111252

48 37 0.0744127

49 37 0.0372799

50 37 0

0 38 0

1 38 0.0350082

2 38 0.0698782

3 38 0.104472

4 38 0.138654

5 38 0.172289

6 38 0.205244

7 38 0.237389

8 38 0.268597

9 38 0.298744

10 38 0.327713

11 38 0.355389

12 38 0.381662

13 38 0.406429

14 38 0.429591

15 38 0.451059

16 38 0.470746

17 38 0.488575

18 38 0.504477

19 38 0.518387

20 38 0.530251

21 38 0.540023

22 38 0.547664

23 38 0.553143

24 38 0.556439

25 38 0.557539

26 38 0.556439

27 38 0.553143

28 38 0.547664

29 38 0.540023

30 38 0.530251

31 38 0.518387

32 38 0.504477

33 38 0.488575

34 38 0.470746

35 38 0.451059

36 38 0.429591

37 38 0.406429

38 38 0.381662

39 38 0.355389

40 38 0.327713

41 38 0.298744

42 38 0.268597

43 38 0.237389

44 38 0.205244

45 38 0.172289

46 38 0.138654

47 38 0.104472

48 38 0.0698782

49 38 0.0350082

50 38 0

0 39 0

1 39 0.0325983

2 39 0.0650679

3 39 0.0972807

4 39 0.12911

5 39 0.160429

6 39 0.191115

7 39 0.221047

8 39 0.250107

9 39 0.278179

10 39 0.305154

11 39 0.330925

12 39 0.355389

13 39 0.378451

14 39 0.400019

15 39 0.420009

16 39 0.438341

17 39 0.454943

18 39 0.469749

19 39 0.482702

20 39 0.49375

21 39 0.502849

22 39 0.509963

23 39 0.515065

24 39 0.518135

25 39 0.519159

26 39 0.518135

27 39 0.515065

28 39 0.509963

29 39 0.502849

30 39 0.49375

31 39 0.482702

32 39 0.469749

33 39 0.454943

34 39 0.438341

35 39 0.420009

36 39 0.400019

37 39 0.378451

38 39 0.355389

39 39 0.330925

40 39 0.305154

41 39 0.278179

42 39 0.250107

43 39 0.221047

44 39 0.191115

45 39 0.160429

46 39 0.12911

47 39 0.0972807

48 39 0.0650679

49 39 0.0325983

50 39 0

0 40 0

1 40 0.0300597

2 40 0.0600008

3 40 0.0897051

4 40 0.119055

5 40 0.147936

6 40 0.176232

7 40 0.203833

8 40 0.23063

9 40 0.256516

10 40 0.281391

11 40 0.305154

12 40 0.327713

13 40 0.348979

14 40 0.368868

15 40 0.387301

16 40 0.404205

17 40 0.419514

18 40 0.433168

19 40 0.445112

20 40 0.455299

21 40 0.46369

22 40 0.470251

23 40 0.474955

24 40 0.477786

25 40 0.47873

26 40 0.477786

27 40 0.474955

28 40 0.470251

29 40 0.46369

30 40 0.455299

31 40 0.445112

32 40 0.433168

33 40 0.419514

34 40 0.404205

35 40 0.387301

36 40 0.368868

37 40 0.348979

38 40 0.327713

39 40 0.305154

40 40 0.281391

41 40 0.256516

42 40 0.23063

43 40 0.203833

44 40 0.176232

45 40 0.147936

46 40 0.119055

47 40 0.0897051

48 40 0.0600008

49 40 0.0300597

50 40 0

0 41 0

1 41 0.0274025

2 41 0.0546969

3 41 0.0817754

4 41 0.108531

5 41 0.134859

6 41 0.160654

7 41 0.185815

8 41 0.210243

9 41 0.233841

10 41 0.256516

11 41 0.278179

12 41 0.298744

13 41 0.318131

14 41 0.336261

15 41 0.353065

16 41 0.368475

17 41 0.382431

18 41 0.394877

19 41 0.405765

20 41 0.415052

21 41 0.422701

22 41 0.428682

23 41 0.432971

24 41 0.435551

25 41 0.436412

26 41 0.435551

27 41 0.432971

28 41 0.428682

29 41 0.422701

30 41 0.415052

31 41 0.405765

32 41 0.394877

33 41 0.382431

34 41 0.368475

35 41 0.353065

36 41 0.336261

37 41 0.318131

38 41 0.298744

39 41 0.278179

40 41 0.256516

41 41 0.233841

42 41 0.210243

43 41 0.185815

44 41 0.160654

45 41 0.134859

46 41 0.108531

47 41 0.0817754

48 41 0.0546969

49 41 0.0274025

50 41 0

0 42 0

1 42 0.0246372

2 42 0.0491772

3 42 0.073523

4 42 0.0975788

5 42 0.121249

6 42 0.144441

7 42 0.167064

8 42 0.189026

9 42 0.210243

10 42 0.23063

11 42 0.250107

12 42 0.268597

13 42 0.286026

14 42 0.302327

15 42 0.317435

16 42 0.33129

17 42 0.343838

18 42 0.355028

19 42 0.364818

20 42 0.373167

21 42 0.380044

22 42 0.385421

23 42 0.389277

24 42 0.391597

25 42 0.392371

26 42 0.391597

27 42 0.389277

28 42 0.385421

29 42 0.380044

30 42 0.373167

31 42 0.364818

32 42 0.355028

33 42 0.343838

34 42 0.33129

35 42 0.317435

36 42 0.302327

37 42 0.286026

38 42 0.268597

39 42 0.250107

40 42 0.23063

41 42 0.210243

42 42 0.189026

43 42 0.167064

44 42 0.144441

45 42 0.121249

46 42 0.0975788

47 42 0.073523

48 42 0.0491772

49 42 0.0246372

50 42 0

0 43 0

1 43 0.0217746

2 43 0.0434633

3 43 0.0649805

4 43 0.0862412

5 43 0.107162

6 43 0.127659

7 43 0.147653

8 43 0.167064

9 43 0.185815

10 43 0.203833

11 43 0.221047

12 43 0.237389

13 43 0.252793

14 43 0.2672

15 43 0.280553

16 43 0.292798

17 43 0.303887

18 43 0.313778

19 43 0.32243

20 43 0.329809

21 43 0.335887

22 43 0.34064

23 43 0.344048

24 43 0.346098

25 43 0.346782

26 43 0.346098

27 43 0.344048

28 43 0.34064

29 43 0.335887

30 43 0.329809

31 43 0.32243

32 43 0.313778

33 43 0.303887

34 43 0.292798

35 43 0.280553

36 43 0.2672

37 43 0.252793

38 43 0.237389

39 43 0.221047

40 43 0.203833

41 43 0.185815

42 43 0.167064

43 43 0.147653

44 43 0.127659

45 43 0.107162

46 43 0.0862412

47 43 0.0649805

48 43 0.0434633

49 43 0.0217746

50 43 0

0 44 0

1 44 0.0188261

2 44 0.037578

3 44 0.0561815

4 44 0.0745633

5 44 0.0926508

6 44 0.110373

7 44 0.127659

8 44 0.144441

9 44 0.160654

10 44 0.176232

11 44 0.191115

12 44 0.205244

13 44 0.218563

14 44 0.231019

15 44 0.242563

16 44 0.25315

17 44 0.262738

18 44 0.271289

19 44 0.27877

20 44 0.28515

21 44 0.290405

22 44 0.294514

23 44 0.29746

24 44 0.299233

25 44 0.299824

26 44 0.299233

27 44 0.29746

28 44 0.294514

29 44 0.290405

30 44 0.28515

31 44 0.27877

32 44 0.271289

33 44 0.262738

34 44 0.25315

35 44 0.242563

36 44 0.231019

37 44 0.218563

38 44 0.205244

39 44 0.191115

40 44 0.176232

41 44 0.160654

42 44 0.144441

43 44 0.127659

44 44 0.110373

45 44 0.0926508

46 44 0.0745633

47 44 0.0561815

48 44 0.037578

49 44 0.0188261

50 44 0

0 45 0

1 45 0.0158033

2 45 0.0315443

3 45 0.0471608

4 45 0.0625911

5 45 0.0777744

6 45 0.0926508

7 45 0.107162

8 45 0.121249

9 45 0.134859

10 45 0.147936

11 45 0.160429

12 45 0.172289

13 45 0.183469

14 45 0.193925

15 45 0.203616

16 45 0.212503

17 45 0.220552

18 45 0.22773

19 45 0.234009

20 45 0.239365

21 45 0.243776

22 45 0.247225

23 45 0.249699

24 45 0.251187

25 45 0.251683

26 45 0.251187

27 45 0.249699

28 45 0.247225

29 45 0.243776

30 45 0.239365

31 45 0.234009

32 45 0.22773

33 45 0.220552

34 45 0.212503

35 45 0.203616

36 45 0.193925

37 45 0.183469

38 45 0.172289

39 45 0.160429

40 45 0.147936

41 45 0.134859

42 45 0.121249

43 45 0.107162

44 45 0.0926508

45 45 0.0777744

46 45 0.0625911

47 45 0.0471608

48 45 0.0315443

49 45 0.0158033

50 45 0

0 46 0

1 46 0.0127182

2 46 0.0253861

3 46 0.0379539

4 46 0.0503719

5 46 0.0625911

6 46 0.0745633

7 46 0.0862412

8 46 0.0975788

9 46 0.108531

10 46 0.119055

11 46 0.12911

12 46 0.138654

13 46 0.147652

14 46 0.156067

15 46 0.163866

16 46 0.171018

17 46 0.177495

18 46 0.183272

19 46 0.188325

20 46 0.192636

21 46 0.196186

22 46 0.198961

23 46 0.200952

24 46 0.202149

25 46 0.202549

26 46 0.202149

27 46 0.200952

28 46 0.198961

29 46 0.196186

30 46 0.192636

31 46 0.188325

32 46 0.183272

33 46 0.177495

34 46 0.171018

35 46 0.163866

36 46 0.156067

37 46 0.147652

38 46 0.138654

39 46 0.12911

40 46 0.119055

41 46 0.108531

42 46 0.0975788

43 46 0.0862412

44 46 0.0745633

45 46 0.0625911

46 46 0.0503719

47 46 0.0379539

48 46 0.0253861

49 46 0.0127182

50 46 0

0 47 0

1 47 0.0095828

2 47 0.0191278

3 47 0.0285973

4 47 0.0379539

5 47 0.0471608

6 47 0.0561815

7 47 0.0649805

8 47 0.073523

9 47 0.0817754

10 47 0.0897051

11 47 0.0972807

12 47 0.104472

13 47 0.111252

14 47 0.117592

15 47 0.123468

16 47 0.128857

17 47 0.133738

18 47 0.138091

19 47 0.141898

20 47 0.145146

21 47 0.147821

22 47 0.149912

23 47 0.151412

24 47 0.152314

25 47 0.152615

26 47 0.152314

27 47 0.151412

28 47 0.149912

29 47 0.147821

30 47 0.145146

31 47 0.141898

32 47 0.138091

33 47 0.133738

34 47 0.128857

35 47 0.123468

36 47 0.117592

37 47 0.111252

38 47 0.104472

39 47 0.0972807

40 47 0.0897051

41 47 0.0817754

42 47 0.073523

43 47 0.0649805

44 47 0.0561815

45 47 0.0471608

46 47 0.0379539

47 47 0.0285973

48 47 0.0191278

49 47 0.0095828

50 47 0

0 48 0

1 48 0.00640962

2 48 0.0127939

3 48 0.0191278

4 48 0.0253861

5 48 0.0315443

6 48 0.037578

7 48 0.0434633

8 48 0.0491772

9 48 0.0546969

10 48 0.0600008

11 48 0.0650679

12 48 0.0698782

13 48 0.0744127

14 48 0.0786536

15 48 0.082584

16 48 0.0861885

17 48 0.0894529

18 48 0.0923643

19 48 0.0949111

20 48 0.0970833

21 48 0.0988724

22 48 0.100271

23 48 0.101275

24 48 0.101878

25 48 0.102079

26 48 0.101878

27 48 0.101275

28 48 0.100271

29 48 0.0988724

30 48 0.0970833

31 48 0.0949111

32 48 0.0923643

33 48 0.0894529

34 48 0.0861885

35 48 0.082584

36 48 0.0786536

37 48 0.0744127

38 48 0.0698782

39 48 0.0650679

40 48 0.0600008

41 48 0.0546969

42 48 0.0491772

43 48 0.0434633

44 48 0.037578

45 48 0.0315443

46 48 0.0253861

47 48 0.0191278

48 48 0.0127939

49 48 0.00640962

50 48 0

0 49 0

1 49 0.00321115

2 49 0.00640962

3 49 0.0095828

4 49 0.0127182

5 49 0.0158033

6 49 0.0188261

7 49 0.0217746

8 49 0.0246372

9 49 0.0274025

10 49 0.0300597

11 49 0.0325983

12 49 0.0350082

13 49 0.0372799

14 49 0.0394045

15 49 0.0413737

16 49 0.0431795

17 49 0.0448149

18 49 0.0462734

19 49 0.0475494

20 49 0.0486376

21 49 0.049534

22 49 0.0502348

23 49 0.0507374

24 49 0.0510397

25 49 0.0511406

26 49 0.0510397

27 49 0.0507374

28 49 0.0502348

29 49 0.049534

30 49 0.0486376

31 49 0.0475494

32 49 0.0462734

33 49 0.0448149

34 49 0.0431795

35 49 0.0413737

36 49 0.0394045

37 49 0.0372799

38 49 0.0350082

39 49 0.0325983

40 49 0.0300597

41 49 0.0274025

42 49 0.0246372

43 49 0.0217746

44 49 0.0188261

45 49 0.0158033

46 49 0.0127182

47 49 0.0095828

48 49 0.00640962

49 49 0.00321115

50 49 0

