0 1 0

1 1 0.00364341

2 1 0.00727244

3 1 0.0108728

4 1 0.0144302

5 1 0.0179307

6 1 0.0213604

7 1 0.0247058

8 1 0.0279537

9 1 0.0310913

10 1 0.0341062

11 1 0.0369864

12 1 0.0397208

13 1 0.0422983

14 1 0.0447089

15 1 0.0469431

16 1 0.048992

17 1 0.0508476

18 1 0.0525025

19 1 0.0539502

20 1 0.0551849

21 1 0.0562019

22 1 0.0569971

23 1 0.0575673

24 1 0.0579104

25 1 0.0580249

26 1 0.0579104

27 1 0.0575673

28 1 0.0569971

29 1 0.0562019

30 1 0.0551849

31 1 0.0539502

32 1 0.0525025

33 1 0.0508476

34 1 0.048992

35 1 0.0469431

36 1 0.0447089

37 1 0.0422983

38 1 0.0397208

39 1 0.0369864

40 1 0.0341062

41 1 0.0310913

42 1 0.0279537

43 1 0.0247058

44 1 0.0213604

45 1 0.0179307

46 1 0.0144302

47 1 0.0108728

48 1 0.00727244

49 1 0.00364341

50 1 0

0 2 0

1 2 0.00727244

2 2 0.0145162

3 2 0.0217026

4 2 0.0288034

5 2 0.0357906

6 2 0.0426365

7 2 0.0493141

8 2 0.0557971

9 2 0.0620599

10 2 0.0680777

11 2 0.0738269

12 2 0.0792847

13 2 0.0844297

14 2 0.0892414

15 2 0.0937009

16 2 0.0977907

17 2 0.101494

18 2 0.104798

19 2 0.107687

20 2 0.110152

21 2 0.112182

22 2 0.113769

23 2 0.114907

24 2 0.115592

25 2 0.115821

26 2 0.115592

27 2 0.114907

28 2 0.113769

29 2 0.112182

30 2 0.110152

31 2 0.107687

32 2 0.104798

33 2 0.101494

34 2 0.0977907

35 2 0.0937009

36 2 0.0892414

37 2 0.0844297

38 2 0.0792847

39 2 0.0738269

40 2 0.0680777

41 2 0.0620599

42 2 0.0557971

43 2 0.0493141

44 2 0.0426365

45 2 0.0357906

46 2 0.0288034

47 2 0.0217026

48 2 0.0145162

49 2 0.00727244

50 2 0

0 3 0

1 3 0.0108728

2 3 0.0217026

3 3 0.0324469

4 3 0.043063

5 3 0.0535092

6 3 0.0637443

7 3 0.0737277

8 3 0.0834202

9 3 0.0927835

10 3 0.101781

11 3 0.110376

12 3 0.118536

13 3 0.126228

14 3 0.133422

15 3 0.140089

16 3 0.146203

17 3 0.151741

18 3 0.156679

19 3 0.161

20 3 0.164684

21 3 0.167719

22 3 0.170092

23 3 0.171794

24 3 0.172818

25 3 0.17316

26 3 0.172818

27 3 0.171794

28 3 0.170092

29 3 0.167719

30 3 0.164684

31 3 0.161

32 3 0.156679

33 3 0.151741

34 3 0.146203

35 3 0.140089

36 3 0.133422

37 3 0.126228

38 3 0.118536

39 3 0.110376

40 3 0.101781

41 3 0.0927835

42 3 0.0834202

43 3 0.0737277

44 3 0.0637443

45 3 0.0535092

46 3 0.043063

47 3 0.0324469

48 3 0.0217026

49 3 0.0108728

50 3 0

0 4 0

1 4 0.0144302

2 4 0.0288034

3 4 0.043063

4 4 0.0571526

5 4 0.0710167

6 4 0.0846005

7 4 0.0978504

8 4 0.110714

9 4 0.123141

10 4 0.135082

11 4 0.14649

12 4 0.157319

13 4 0.167528

14 4 0.177075

15 4 0.185924

16 4 0.194039

17 4 0.201388

18 4 0.207943

19 4 0.213676

20 4 0.218567

21 4 0.222595

22 4 0.225744

23 4 0.228003

24 4 0.229361

25 4 0.229815

26 4 0.229361

27 4 0.228003

28 4 0.225744

29 4 0.222595

30 4 0.218567

31 4 0.213676

32 4 0.207943

33 4 0.201388

34 4 0.194039

35 4 0.185924

36 4 0.177075

37 4 0.167528

38 4 0.157319

39 4 0.14649

40 4 0.135082

41 4 0.123141

42 4 0.110714

43 4 0.0978504

44 4 0.0846005

45 4 0.0710167

46 4 0.0571526

47 4 0.043063

48 4 0.0288034

49 4 0.0144302

50 4 0

0 5 0

1 5 0.0179307

2 5 0.0357906

3 5 0.0535092

4 5 0.0710167

5 5 0.0882439

6 5 0.105123

7 5 0.121587

8 5 0.137571

9 5 0.153012

10 5 0.16785

11 5 0.182025

12 5 0.195482

13 5 0.208167

14 5 0.22003

15 5 0.231026

16 5 0.241109

17 5 0.250241

18 5 0.258385

19 5 0.26551

20 5 0.271587

21 5 0.276592

22 5 0.280505

23 5 0.283312

24 5 0.285

25 5 0.285563

26 5 0.285

27 5 0.283312

28 5 0.280505

29 5 0.276592

30 5 0.271587

31 5 0.26551

32 5 0.258385

33 5 0.250241

34 5 0.241109

35 5 0.231026

36 5 0.22003

37 5 0.208167

38 5 0.195482

39 5 0.182025

40 5 0.16785

41 5 0.153012

42 5 0.137571

43 5 0.121587

44 5 0.105123

45 5 0.0882439

46 5 0.0710167

47 5 0.0535092

48 5 0.0357906

49 5 0.0179307

50 5 0

0 6 0

1 6 0.0213604

2 6 0.0426365

3 6 0.0637443

4 6 0.0846005

5 6 0.105123

6 6 0.12523

7 6 0.144844

8 6 0.163885

9 6 0.18228

10 6 0.199956

11 6 0.216842

12 6 0.232872

13 6 0.247984

14 6 0.262117

15 6 0.275215

16 6 0.287227

17 6 0.298106

18 6 0.307808

19 6 0.316296

20 6 0.323535

21 6 0.329497

22 6 0.334159

23 6 0.337502

24 6 0.339513

25 6 0.340185

26 6 0.339513

27 6 0.337502

28 6 0.334159

29 6 0.329497

30 6 0.323535

31 6 0.316296

32 6 0.307808

33 6 0.298106

34 6 0.287227

35 6 0.275215

36 6 0.262117

37 6 0.247984

38 6 0.232872

39 6 0.216842

40 6 0.199956

41 6 0.18228

42 6 0.163885

43 6 0.144844

44 6 0.12523

45 6 0.105123

46 6 0.0846005

47 6 0.0637443

48 6 0.0426365

49 6 0.0213604

50 6 0

0 7 0

1 7 0.0247058

2 7 0.0493141

3 7 0.0737277

4 7 0.0978504

5 7 0.121587

6 7 0.144844

7 7 0.167529

8 7 0.189553

9 7 0.210828

10 7 0.231272

11 7 0.250803

12 7 0.269344

13 7 0.286823

14 7 0.303169

15 7 0.318319

16 7 0.332212

17 7 0.344795

18 7 0.356017

19 7 0.365833

20 7 0.374206

21 7 0.381102

22 7 0.386494

23 7 0.390361

24 7 0.392687

25 7 0.393464

26 7 0.392687

27 7 0.390361

28 7 0.386494

29 7 0.381102

30 7 0.374206

31 7 0.365833

32 7 0.356017

33 7 0.344795

34 7 0.332212

35 7 0.318319

36 7 0.303169

37 7 0.286823

38 7 0.269344

39 7 0.250803

40 7 0.231272

41 7 0.210828

42 7 0.189553

43 7 0.167529

44 7 0.144844

45 7 0.121587

46 7 0.0978504

47 7 0.0737277

48 7 0.0493141

49 7 0.0247058

50 7 0

0 8 0

1 8 0.0279537

2 8 0.0557971

3 8 0.0834202

4 8 0.110714

5 8 0.137571

6 8 0.163885

7 8 0.189553

8 8 0.214472

9 8 0.238545

10 8 0.261676

11 8 0.283775

12 8 0.304753

13 8 0.324529

14 8 0.343025

15 8 0.360166

16 8 0.375886

17 8 0.390123

18 8 0.40282

19 8 0.413927

20 8 0.423401

21 8 0.431203

22 8 0.437304

23 8 0.441679

24 8 0.444311

25 8 0.44519

26 8 0.444311

27 8 0.441679

28 8 0.437304

29 8 0.431203

30 8 0.423401

31 8 0.413927

32 8 0.40282

33 8 0.390123

34 8 0.375886

35 8 0.360166

36 8 0.343025

37 8 0.324529

38 8 0.304753

39 8 0.283775

40 8 0.261676

41 8 0.238545

42 8 0.214472

43 8 0.189553

44 8 0.163885

45 8 0.137571

46 8 0.110714

47 8 0.0834202

48 8 0.0557971

49 8 0.0279537

50 8 0

0 9 0

1 9 0.0310913

2 9 0.0620599

3 9 0.0927835

4 9 0.123141

5 9 0.153012

6 9 0.18228

7 9 0.210828

8 9 0.238545

9 9 0.265319

10 9 0.291047

11 9 0.315626

12 9 0.33896

13 9 0.360955

14 9 0.381526

15 9 0.400592

16 9 0.418076

17 9 0.433911

18 9 0.448033

19 9 0.460387

20 9 0.470924

21 9 0.479602

22 9 0.486388

23 9 0.491254

24 9 0.494182

25 9 0.495159

26 9 0.494182

27 9 0.491254

28 9 0.486388

29 9 0.479602

30 9 0.470924

31 9 0.460387

32 9 0.448033

33 9 0.433911

34 9 0.418076

35 9 0.400592

36 9 0.381526

37 9 0.360955

38 9 0.33896

39 9 0.315626

40 9 0.291047

41 9 0.265319

42 9 0.238545

43 9 0.210828

44 9 0.18228

45 9 0.153012

46 9 0.123141

47 9 0.0927835

48 9 0.0620599

49 9 0.0310913

50 9 0

0 10 0

1 10 0.0341062

2 10 0.0680777

3 10 0.101781

4 10 0.135082

5 10 0.16785

6 10 0.199956

7 10 0.231272

8 10 0.261676

9 10 0.291047

10 10 0.319269

11 10 0.346232

12 10 0.371828

13 10 0.395957

14 10 0.418523

15 10 0.439437

16 10 0.458617

17 10 0.475987

18 10 0.491478

19 10 0.50503

20 10 0.516589

21 10 0.526109

22 10 0.533553

23 10 0.538891

24 10 0.542102

25 10 0.543174

26 10 0.542102

27 10 0.538891

28 10 0.533553

29 10 0.526109

30 10 0.516589

31 10 0.50503

32 10 0.491478

33 10 0.475987

34 10 0.458617

35 10 0.439437

36 10 0.418523

37 10 0.395957

38 10 0.371828

39 10 0.346232

40 10 0.319269

41 10 0.291047

42 10 0.261676

43 10 0.231272

44 10 0.199956

45 10 0.16785

46 10 0.135082

47 10 0.101781

48 10 0.0680777

49 10 0.0341062

50 10 0

0 11 0

1 11 0.0369864

2 11 0.0738269

3 11 0.110376

4 11 0.14649

5 11 0.182025

6 11 0.216842

7 11 0.250803

8 11 0.283775

9 11 0.315626

10 11 0.346232

11 11 0.375471

12 11 0.403229

13 11 0.429395

14 11 0.453867

15 11 0.476547

16 11 0.497347

17 11 0.516184

18 11 0.532984

19 11 0.54768

20 11 0.560215

21 11 0.570539

22 11 0.578611

23 11 0.5844

24 11 0.587883

25 11 0.589045

26 11 0.587883

27 11 0.5844

28 11 0.578611

29 11 0.570539

30 11 0.560215

31 11 0.54768

32 11 0.532984

33 11 0.516184

34 11 0.497347

35 11 0.476547

36 11 0.453867

37 11 0.429395

38 11 0.403229

39 11 0.375471

40 11 0.346232

41 11 0.315626

42 11 0.283775

43 11 0.250803

44 11 0.216842

45 11 0.182025

46 11 0.14649

47 11 0.110376

48 11 0.0738269

49 11 0.0369864

50 11 0

0 12 0

1 12 0.0397208

2 12 0.0792847

3 12 0.118536

4 12 0.157319

5 12 0.195482

6 12 0.232872

7 12 0.269344

8 12 0.304753

9 12 0.33896

10 12 0.371828

11 12 0.403229

12 12 0.433039

13 12 0.461139

14 12 0.48742

15 12 0.511777

16 12 0.534115

17 12 0.554344

18 12 0.572386

19 12 0.588169

20 12 0.60163

21 12 0.612718

22 12 0.621387

23 12 0.627603

24 12 0.631343

25 12 0.632592

26 12 0.631343

27 12 0.627603

28 12 0.621387

29 12 0.612718

30 12 0.60163

31 12 0.588169

32 12 0.572386

33 12 0.554344

34 12 0.534115

35 12 0.511777

36 12 0.48742

37 12 0.461139

38 12 0.433039

39 12 0.403229

40 12 0.371828

41 12 0.33896

42 12 0.304753

43 12 0.269344

44 12 0.232872

45 12 0.195482

46 12 0.157319

47 12 0.118536

48 12 0.0792847

49 12 0.0397208

50 12 0

0 13 0

1 13 0.0422983

2 13 0.0844297

3 13 0.126228

4 13 0.167528

5 13 0.208167

6 13 0.247984

7 13 0.286823

8 13 0.324529

9 13 0.360955

10 13 0.395957

11 13 0.429395

12 13 0.461139

13 13 0.491064

14 13 0.51905

15 13 0.544987

16 13 0.568774

17 13 0.590317

18 13 0.609529

19 13 0.626336

20 13 0.640671

21 13 0.652478

22 13 0.66171

23 13 0.66833

24 13 0.672312

25 13 0.673642

26 13 0.672312

27 13 0.66833

28 13 0.66171

29 13 0.652478

30 13 0.640671

31 13 0.626336

32 13 0.609529

33 13 0.590317

34 13 0.568774

35 13 0.544987

36 13 0.51905

37 13 0.491064

38 13 0.461139

39 13 0.429395

40 13 0.395957

41 13 0.360955

42 13 0.324529

43 13 0.286823

44 13 0.247984

45 13 0.208167

46 13 0.167528

47 13 0.126228

48 13 0.0844297

49 13 0.0422983

50 13 0

0 14 0

1 14 0.0447089

2 14 0.0892414

3 14 0.133422

4 14 0.177075

5 14 0.22003

6 14 0.262117

7 14 0.303169

8 14 0.343025

9 14 0.381526

10 14 0.418523

11 14 0.453867

12 14 0.48742

13 14 0.51905

14 14 0.548631

15 14 0.576047

16 14 0.601189

17 14 0.623959

18 14 0.644267

19 14 0.662032

20 14 0.677184

21 14 0.689663

22 14 0.699421

23 14 0.706418

24 14 0.710628

25 14 0.712033

26 14 0.710628

27 14 0.706418

28 14 0.699421

29 14 0.689663

30 14 0.677184

31 14 0.662032

32 14 0.644267

33 14 0.623959

34 14 0.601189

35 14 0.576047

36 14 0.548631

37 14 0.51905

38 14 0.48742

39 14 0.453867

40 14 0.418523

41 14 0.381526

42 14 0.343025

43 14 0.303169

44 14 0.262117

45 14 0.22003

46 14 0.177075

47 14 0.133422

48 14 0.0892414

49 14 0.0447089

50 14 0

0 15 0

1 15 0.0469431

2 15 0.0937009

3 15 0.140089

4 15 0.185924

5 15 0.231026

6 15 0.275215

7 15 0.318319

8 15 0.360166

9 15 0.400592

10 15 0.439437

11 15 0.476547

12 15 0.511777

13 15 0.544987

14 15 0.576047

15 15 0.604833

16 15 0.631232

17 15 0.65514

18 15 0.676462

19 15 0.695114

20 15 0.711024

21 15 0.724127

22 15 0.734372

23 15 0.741719

24 15 0.746139

25 15 0.747614

26 15 0.746139

27 15 0.741719

28 15 0.734372

29 15 0.724127

30 15 0.711024

31 15 0.695114

32 15 0.676462

33 15 0.65514

34 15 0.631232

35 15 0.604833

36 15 0.576047

37 15 0.544987

38 15 0.511777

39 15 0.476547

40 15 0.439437

41 15 0.400592

42 15 0.360166

43 15 0.318319

44 15 0.275215

45 15 0.231026

46 15 0.185924

47 15 0.140089

48 15 0.0937009

49 15 0.0469431

50 15 0

0 16 0

1 16 0.048992

2 16 0.0977907

3 16 0.146203

4 16 0.194039

5 16 0.241109

6 16 0.287227

7 16 0.332212

8 16 0.375886

9 16 0.418076

10 16 0.458617

11 16 0.497347

12 16 0.534115

13 16 0.568774

14 16 0.601189

15 16 0.631232

16 16 0.658783

17 16 0.683734

18 16 0.705987

19 16 0.725454

20 16 0.742057

21 16 0.755733

22 16 0.766425

23 16 0.774093

24 16 0.778706

25 16 0.780245

26 16 0.778706

27 16 0.774093

28 16 0.766425

29 16 0.755733

30 16 0.742057

31 16 0.725454

32 16 0.705987

33 16 0.683734

34 16 0.658783

35 16 0.631232

36 16 0.601189

37 16 0.568774

38 16 0.534115

39 16 0.497347

40 16 0.458617

41 16 0.418076

42 16 0.375886

43 16 0.332212

44 16 0.287227

45 16 0.241109

46 16 0.194039

47 16 0.146203

48 16 0.0977907

49 16 0.048992

50 16 0

0 17 0

1 17 0.0508476

2 17 0.101494

3 17 0.151741

4 17 0.201388

5 17 0.250241

6 17 0.298106

7 17 0.344795

8 17 0.390123

9 17 0.433911

10 17 0.475987

11 17 0.516184

12 17 0.554344

13 17 0.590317

14 17 0.623959

15 17 0.65514

16 17 0.683734

17 17 0.709631

18 17 0.732726

19 17 0.75293

20 17 0.770163

21 17 0.784356

22 17 0.795453

23 17 0.803412

24 17 0.808199

25 17 0.809797

26 17 0.808199

27 17 0.803412

28 17 0.795453

29 17 0.784356

30 17 0.770163

31 17 0.75293

32 17 0.732726

33 17 0.709631

34 17 0.683734

35 17 0.65514

36 17 0.623959

37 17 0.590317

38 17 0.554344

39 17 0.516184

40 17 0.475987

41 17 0.433911

42 17 0.390123

43 17 0.344795

44 17 0.298106

45 17 0.250241

46 17 0.201388

47 17 0.151741

48 17 0.101494

49 17 0.0508476

50 17 0

0 18 0

1 18 0.0525025

2 18 0.104798

3 18 0.156679

4 18 0.207943

5 18 0.258385

6 18 0.307808

7 18 0.356017

8 18 0.40282

9 18 0.448033

10 18 0.491478

11 18 0.532984

12 18 0.572386

13 18 0.609529

14 18 0.644267

15 18 0.676462

16 18 0.705987

17 18 0.732726

18 18 0.756574

19 18 0.777435

20 18 0.795229

21 18 0.809883

22 18 0.821342

23 18 0.829559

24 18 0.834503

25 18 0.836153

26 18 0.834503

27 18 0.829559

28 18 0.821342

29 18 0.809883

30 18 0.795229

31 18 0.777435

32 18 0.756574

33 18 0.732726

34 18 0.705987

35 18 0.676462

36 18 0.644267

37 18 0.609529

38 18 0.572386

39 18 0.532984

40 18 0.491478

41 18 0.448033

42 18 0.40282

43 18 0.356017

44 18 0.307808

45 18 0.258385

46 18 0.207943

47 18 0.156679

48 18 0.104798

49 18 0.0525025

50 18 0

0 19 0

1 19 0.0539502

2 19 0.107687

3 19 0.161

4 19 0.213676

5 19 0.26551

6 19 0.316296

7 19 0.365833

8 19 0.413927

9 19 0.460387

10 19 0.50503

11 19 0.54768

12 19 0.588169

13 19 0.626336

14 19 0.662032

15 19 0.695114

16 19 0.725454

17 19 0.75293

18 19 0.777435

19 19 0.798872

20 19 0.817156

21 19 0.832215

22 19 0.84399

23 19 0.852433

24 19 0.857513

25 19 0.859209

26 19 0.857513

27 19 0.852433

28 19 0.84399

29 19 0.832215

30 19 0.817156

31 19 0.798872

32 19 0.777435

33 19 0.75293

34 19 0.725454

35 19 0.695114

36 19 0.662032

37 19 0.626336

38 19 0.588169

39 19 0.54768

40 19 0.50503

41 19 0.460387

42 19 0.413927

43 19 0.365833

44 19 0.316296

45 19 0.26551

46 19 0.213676

47 19 0.161

48 19 0.107687

49 19 0.0539502

50 19 0

0 20 0

1 20 0.0551849

2 20 0.110152

3 20 0.164684

4 20 0.218567

5 20 0.271587

6 20 0.323535

7 20 0.374206

8 20 0.423401

9 20 0.470924

10 20 0.516589

11 20 0.560215

12 20 0.60163

13 20 0.640671

14 20 0.677184

15 20 0.711024

16 20 0.742057

17 20 0.770163

18 20 0.795229

19 20 0.817156

20 20 0.835858

21 20 0.851262

22 20 0.863306

23 20 0.871943

24 20 0.877139

25 20 0.878874

26 20 0.877139

27 20 0.871943

28 20 0.863306

29 20 0.851262

30 20 0.835858

31 20 0.817156

32 20 0.795229

33 20 0.770163

34 20 0.742057

35 20 0.711024

36 20 0.677184

37 20 0.640671

38 20 0.60163

39 20 0.560215

40 20 0.516589

41 20 0.470924

42 20 0.423401

43 20 0.374206

44 20 0.323535

45 20 0.271587

46 20 0.218567

47 20 0.164684

48 20 0.110152

49 20 0.0551849

50 20 0

0 21 0

1 21 0.0562019

2 21 0.112182

3 21 0.167719

4 21 0.222595

5 21 0.276592

6 21 0.329497

7 21 0.381102

8 21 0.431203

9 21 0.479602

10 21 0.526109

11 21 0.570539

12 21 0.612718

13 21 0.652478

14 21 0.689663

15 21 0.724127

16 21 0.755733

17 21 0.784356

18 21 0.809883

19 21 0.832215

20 21 0.851262

21 21 0.86695

22 21 0.879216

23 21 0.888012

24 21 0.893304

25 21 0.89507

26 21 0.893304

27 21 0.888012

28 21 0.879216

29 21 0.86695

30 21 0.851262

31 21 0.832215

32 21 0.809883

33 21 0.784356

34 21 0.755733

35 21 0.724127

36 21 0.689663

37 21 0.652478

38 21 0.612718

39 21 0.570539

40 21 0.526109

41 21 0.479602

42 21 0.431203

43 21 0.381102

44 21 0.329497

45 21 0.276592

46 21 0.222595

47 21 0.167719

48 21 0.112182

49 21 0.0562019

50 21 0

0 22 0

1 22 0.0569971

2 22 0.113769

3 22 0.170092

4 22 0.225744

5 22 0.280505

6 22 0.334159

7 22 0.386494

8 22 0.437304

9 22 0.486388

10 22 0.533553

11 22 0.578611

12 22 0.621387

13 22 0.66171

14 22 0.699421

15 22 0.734372

16 22 0.766425

17 22 0.795453

18 22 0.821342

19 22 0.84399

20 22 0.863306

21 22 0.879216

22 22 0.891655

23 22 0.900576

24 22 0.905943

25 22 0.907734

26 22 0.905943

27 22 0.900576

28 22 0.891655

29 22 0.879216

30 22 0.863306

31 22 0.84399

32 22 0.821342

33 22 0.795453

34 22 0.766425

35 22 0.734372

36 22 0.699421

37 22 0.66171

38 22 0.621387

39 22 0.578611

40 22 0.533553

41 22 0.486388

42 22 0.437304

43 22 0.386494

44 22 0.334159

45 22 0.280505

46 22 0.225744

47 22 0.170092

48 22 0.113769

49 22 0.0569971

50 22 0

0 23 0

1 23 0.0575673

2 23 0.114907

3 23 0.171794

4 23 0.228003

5 23 0.283312

6 23 0.337502

7 23 0.390361

8 23 0.441679

9 23 0.491254

10 23 0.538891

11 23 0.5844

12 23 0.627603

13 23 0.66833

14 23 0.706418

15 23 0.741719

16 23 0.774093

17 23 0.803412

18 23 0.829559

19 23 0.852433

20 23 0.871943

21 23 0.888012

22 23 0.900576

23 23 0.909586

24 23 0.915006

25 23 0.916815

26 23 0.915006

27 23 0.909586

28 23 0.900576

29 23 0.888012

30 23 0.871943

31 23 0.852433

32 23 0.829559

33 23 0.803412

34 23 0.774093

35 23 0.741719

36 23 0.706418

37 23 0.66833

38 23 0.627603

39 23 0.5844

40 23 0.538891

41 23 0.491254

42 23 0.441679

43 23 0.390361

44 23 0.337502

45 23 0.283312

46 23 0.228003

47 23 0.171794

48 23 0.114907

49 23 0.0575673

50 23 0

0 24 0

1 24 0.0579104

2 24 0.115592

3 24 0.172818

4 24 0.229361

5 24 0.285

6 24 0.339513

7 24 0.392687

8 24 0.444311

9 24 0.494182

10 24 0.542102

11 24 0.587883

12 24 0.631343

13 24 0.672312

14 24 0.710628

15 24 0.746139

16 24 0.778706

17 24 0.808199

18 24 0.834503

19 24 0.857513

20 24 0.877139

21 24 0.893304

22 24 0.905943

23 24 0.915006

24 24 0.920459

25 24 0.922279

26 24 0.920459

27 24 0.915006

28 24 0.905943

29 24 0.893304

30 24 0.877139

31 24 0.857513

32 24 0.834503

33 24 0.808199

34 24 0.778706

35 24 0.746139

36 24 0.710628

37 24 0.672312

38 24 0.631343

39 24 0.587883

40 24 0.542102

41 24 0.494182

42 24 0.444311

43 24 0.392687

44 24 0.339513

45 24 0.285

46 24 0.229361

47 24 0.172818

48 24 0.115592

49 24 0.0579104

50 24 0

0 25 0

1 25 0.0580249

2 25 0.115821

3 25 0.17316

4 25 0.229815

5 25 0.285563

6 25 0.340185

7 25 0.393464

8 25 0.44519

9 25 0.495159

10 25 0.543174

11 25 0.589045

12 25 0.632592

13 25 0.673642

14 25 0.712033

15 25 0.747614

16 25 0.780245

17 25 0.809797

18 25 0.836153

19 25 0.859209

20 25 0.878874

21 25 0.89507

22 25 0.907734

23 25 0.916815

24 25 0.922279

25 25 0.924102

26 25 0.922279

27 25 0.916815

28 25 0.907734

29 25 0.89507

30 25 0.878874

31 25 0.859209

32 25 0.836153

33 25 0.809797

34 25 0.780245

35 25 0.747614

36 25 0.712033

37 25 0.673642

38 25 0.632592

39 25 0.589045

40 25 0.543174

41 25 0.495159

42 25 0.44519

43 25 0.393464

44 25 0.340185

45 25 0.285563

46 25 0.229815

47 25 0.17316

48 25 0.115821

49 25 0.0580249

50 25 0

0 26 0

1 26 0.0579104

2 26 0.115592

3 26 0.172818

4 26 0.229361

5 26 0.285

6 26 0.339513

7 26 0.392687

8 26 0.444311

9 26 0.494182

10 26 0.542102

11 26 0.587883

12 26 0.631343

13 26 0.672312

14 26 0.710628

15 26 0.746139

16 26 0.778706

17 26 0.808199

18 26 0.834503

19 26 0.857513

20 26 0.877139

21 26 0.893304

22 26 0.905943

23 26 0.915006

24 26 0.920459

25 26 0.922279

26 26 0.920459

27 26 0.915006

28 26 0.905943

29 26 0.893304

30 26 0.877139

31 26 0.857513

32 26 0.834503

33 26 0.808199

34 26 0.778706

35 26 0.746139

36 26 0.710628

37 26 0.672312

38 26 0.631343

39 26 0.587883

40 26 0.542102

41 26 0.494182

42 26 0.444311

43 26 0.392687

44 26 0.339513

45 26 0.285

46 26 0.229361

47 26 0.172818

48 26 0.115592

49 26 0.0579104

50 26 0

0 27 0

1 27 0.0575673

2 27 0.114907

3 27 0.171794

4 27 0.228003

5 27 0.283312

6 27 0.337502

7 27 0.390361

8 27 0.441679

9 27 0.491254

10 27 0.538891

11 27 0.5844

12 27 0.627603

13 27 0.66833

14 27 0.706418

15 27 0.741719

16 27 0.774093

17 27 0.803412

18 27 0.829559

19 27 0.852433

20 27 0.871943

21 27 0.888012

22 27 0.900576

23 27 0.909586

24 27 0.915006

25 27 0.916815

26 27 0.915006

27 27 0.909586

28 27 0.900576

29 27 0.888012

30 27 0.871943

31 27 0.852433

32 27 0.829559

33 27 0.803412

34 27 0.774093

35 27 0.741719

36 27 0.706418

37 27 0.66833

38 27 0.627603

39 27 0.5844

40 27 0.538891

41 27 0.491254

42 27 0.441679

43 27 0.390361

44 27 0.337502

45 27 0.283312

46 27 0.228003

47 27 0.171794

48 27 0.114907

49 27 0.0575673

50 27 0

0 28 0

1 28 0.0569971

2 28 0.113769

3 28 0.170092

4 28 0.225744

5 28 0.280505

6 28 0.334159

7 28 0.386494

8 28 0.437304

9 28 0.486388

10 28 0.533553

11 28 0.578611

12 28 0.621387

13 28 0.66171

14 28 0.699421

15 28 0.734372

16 28 0.766425

17 28 0.795453

18 28 0.821342

19 28 0.84399

20 28 0.863306

21 28 0.879216

22 28 0.891655

23 28 0.900576

24 28 0.905943

25 28 0.907734

26 28 0.905943

27 28 0.900576

28 28 0.891655

29 28 0.879216

30 28 0.863306

31 28 0.84399

32 28 0.821342

33 28 0.795453

34 28 0.766425

35 28 0.734372

36 28 0.699421

37 28 0.66171

38 28 0.621387

39 28 0.578611

40 28 0.533553

41 28 0.486388

42 28 0.437304

43 28 0.386494

44 28 0.334159

45 28 0.280505

46 28 0.225744

47 28 0.170092

48 28 0.113769

49 28 0.0569971

50 28 0

0 29 0

1 29 0.0562019

2 29 0.112182

3 29 0.167719

4 29 0.222595

5 29 0.276592

6 29 0.329497

7 29 0.381102

8 29 0.431203

9 29 0.479602

10 29 0.526109

11 29 0.570539

12 29 0.612718

13 29 0.652478

14 29 0.689663

15 29 0.724127

16 29 0.755733

17 29 0.784356

18 29 0.809883

19 29 0.832215

20 29 0.851262

21 29 0.86695

22 29 0.879216

23 29 0.888012

24 29 0.893304

25 29 0.89507

26 29 0.893304

27 29 0.888012

28 29 0.879216

29 29 0.86695

30 29 0.851262

31 29 0.832215

32 29 0.809883

33 29 0.784356

34 29 0.755733

35 29 0.724127

36 29 0.689663

37 29 0.652478

38 29 0.612718

39 29 0.570539

40 29 0.526109

41 29 0.479602

42 29 0.431203

43 29 0.381102

44 29 0.329497

45 29 0.276592

46 29 0.222595

47 29 0.167719

48 29 0.112182

49 29 0.0562019

50 29 0

0 30 0

1 30 0.0551849

2 30 0.110152

3 30 0.164684

4 30 0.218567

5 30 0.271587

6 30 0.323535

7 30 0.374206

8 30 0.423401

9 30 0.470924

10 30 0.516589

11 30 0.560215

12 30 0.60163

13 30 0.640671

14 30 0.677184

15 30 0.711024

16 30 0.742057

17 30 0.770163

18 30 0.795229

19 30 0.817156

20 30 0.835858

21 30 0.851262

22 30 0.863306

23 30 0.871943

24 30 0.877139

25 30 0.878874

26 30 0.877139

27 30 0.871943

28 30 0.863306

29 30 0.851262

30 30 0.835858

31 30 0.817156

32 30 0.795229

33 30 0.770163

34 30 0.742057

35 30 0.711024

36 30 0.677184

37 30 0.640671

38 30 0.60163

39 30 0.560215

40 30 0.516589

41 30 0.470924

42 30 0.423401

43 30 0.374206

44 30 0.323535

45 30 0.271587

46 30 0.218567

47 30 0.164684

48 30 0.110152

49 30 0.0551849

50 30 0

0 31 0

1 31 0.0539502

2 31 0.107687

3 31 0.161

4 31 0.213676

5 31 0.26551

6 31 0.316296

7 31 0.365833

8 31 0.413927

9 31 0.460387

10 31 0.50503

11 31 0.54768

12 31 0.588169

13 31 0.626336

14 31 0.662032

15 31 0.695114

16 31 0.725454

17 31 0.75293

18 31 0.777435

19 31 0.798872

20 31 0.817156

21 31 0.832215

22 31 0.84399

23 31 0.852433

24 31 0.857513

25 31 0.859209

26 31 0.857513

27 31 0.852433

28 31 0.84399

29 31 0.832215

30 31 0.817156

31 31 0.798872

32 31 0.777435

33 31 0.75293

34 31 0.725454

35 31 0.695114

36 31 0.662032

37 31 0.626336

38 31 0.588169

39 31 0.54768

40 31 0.50503

41 31 0.460387

42 31 0.413927

43 31 0.365833

44 31 0.316296

45 31 0.26551

46 31 0.213676

47 31 0.161

48 31 0.107687

49 31 0.0539502

50 31 0

0 32 0

1 32 0.0525025

2 32 0.104798

3 32 0.156679

4 32 0.207943

5 32 0.258385

6 32 0.307808

7 32 0.356017

8 32 0.40282

9 32 0.448033

10 32 0.491478

11 32 0.532984

12 32 0.572386

13 32 0.609529

14 32 0.644267

15 32 0.676462

16 32 0.705987

17 32 0.732726

18 32 0.756574

19 32 0.777435

20 32 0.795229

21 32 0.809883

22 32 0.821342

23 32 0.829559

24 32 0.834503

25 32 0.836153

26 32 0.834503

27 32 0.829559

28 32 0.821342

29 32 0.809883

30 32 0.795229

31 32 0.777435

32 32 0.756574

33 32 0.732726

34 32 0.705987

35 32 0.676462

36 32 0.644267

37 32 0.609529

38 32 0.572386

39 32 0.532984

40 32 0.491478

41 32 0.448033

42 32 0.40282

43 32 0.356017

44 32 0.307808

45 32 0.258385

46 32 0.207943

47 32 0.156679

48 32 0.104798

49 32 0.0525025

50 32 0

0 33 0

1 33 0.0508476

2 33 0.101494

3 33 0.151741

4 33 0.201388

5 33 0.250241

6 33 0.298106

7 33 0.344795

8 33 0.390123

9 33 0.433911

10 33 0.475987

11 33 0.516184

12 33 0.554344

13 33 0.590317

14 33 0.623959

15 33 0.65514

16 33 0.683734

17 33 0.709631

18 33 0.732726

19 33 0.75293

20 33 0.770163

21 33 0.784356

22 33 0.795453

23 33 0.803412

24 33 0.808199

25 33 0.809797

26 33 0.808199

27 33 0.803412

28 33 0.795453

29 33 0.784356

30 33 0.770163

31 33 0.75293

32 33 0.732726

33 33 0.709631

34 33 0.683734

35 33 0.65514

36 33 0.623959

37 33 0.590317

38 33 0.554344

39 33 0.516184

40 33 0.475987

41 33 0.433911

42 33 0.390123

43 33 0.344795

44 33 0.298106

45 33 0.250241

46 33 0.201388

47 33 0.151741

48 33 0.101494

49 33 0.0508476

50 33 0

0 34 0

1 34 0.048992

2 34 0.0977907

3 34 0.146203

4 34 0.194039

5 34 0.241109

6 34 0.287227

7 34 0.332212

8 34 0.375886

9 34 0.418076

10 34 0.458617

11 34 0.497347

12 34 0.534115

13 34 0.568774

14 34 0.601189

15 34 0.631232

16 34 0.658783

17 34 0.683734

18 34 0.705987

19 34 0.725454

20 34 0.742057

21 34 0.755733

22 34 0.766425

23 34 0.774093

24 34 0.778706

25 34 0.780245

26 34 0.778706

27 34 0.774093

28 34 0.766425

29 34 0.755733

30 34 0.742057

31 34 0.725454

32 34 0.705987

33 34 0.683734

34 34 0.658783

35 34 0.631232

36 34 0.601189

37 34 0.568774

38 34 0.534115

39 34 0.497347

40 34 0.458617

41 34 0.418076

42 34 0.375886

43 34 0.332212

44 34 0.287227

45 34 0.241109

46 34 0.194039

47 34 0.146203

48 34 0.0977907

49 34 0.048992

50 34 0

0 35 0

1 35 0.0469431

2 35 0.0937009

3 35 0.140089

4 35 0.185924

5 35 0.231026

6 35 0.275215

7 35 0.318319

8 35 0.360166

9 35 0.400592

10 35 0.439437

11 35 0.476547

12 35 0.511777

13 35 0.544987

14 35 0.576047

15 35 0.604833

16 35 0.631232

17 35 0.65514

18 35 0.676462

19 35 0.695114

20 35 0.711024

21 35 0.724127

22 35 0.734372

23 35 0.741719

24 35 0.746139

25 35 0.747614

26 35 0.746139

27 35 0.741719

28 35 0.734372

29 35 0.724127

30 35 0.711024

31 35 0.695114

32 35 0.676462

33 35 0.65514

34 35 0.631232

35 35 0.604833

36 35 0.576047

37 35 0.544987

38 35 0.511777

39 35 0.476547

40 35 0.439437

41 35 0.400592

42 35 0.360166

43 35 0.318319

44 35 0.275215

45 35 0.231026

46 35 0.185924

47 35 0.140089

48 35 0.0937009

49 35 0.0469431

50 35 0

0 36 0

1 36 0.0447089

2 36 0.0892414

3 36 0.133422

4 36 0.177075

5 36 0.22003

6 36 0.262117

7 36 0.303169

8 36 0.343025

9 36 0.381526

10 36 0.418523

11 36 0.453867

12 36 0.48742

13 36 0.51905

14 36 0.548631

15 36 0.576047

16 36 0.601189

17 36 0.623959

18 36 0.644267

19 36 0.662032

20 36 0.677184

21 36 0.689663

22 36 0.699421

23 36 0.706418

24 36 0.710628

25 36 0.712033

26 36 0.710628

27 36 0.706418

28 36 0.699421

29 36 0.689663

30 36 0.677184

31 36 0.662032

32 36 0.644267

33 36 0.623959

34 36 0.601189

35 36 0.576047

36 36 0.548631

37 36 0.51905

38 36 0.48742

39 36 0.453867

40 36 0.418523

41 36 0.381526

42 36 0.343025

43 36 0.303169

44 36 0.262117

45 36 0.22003

46 36 0.177075

47 36 0.133422

48 36 0.0892414

49 36 0.0447089

50 36 0

0 37 0

1 37 0.0422983

2 37 0.0844297

3 37 0.126228

4 37 0.167528

5 37 0.208167

6 37 0.247984

7 37 0.286823

8 37 0.324529

9 37 0.360955

10 37 0.395957

11 37 0.429395

12 37 0.461139

13 37 0.491064

14 37 0.51905

15 37 0.544987

16 37 0.568774

17 37 0.590317

18 37 0.609529

19 37 0.626336

20 37 0.640671

21 37 0.652478

22 37 0.66171

23 37 0.66833

24 37 0.672312

25 37 0.673642

26 37 0.672312

27 37 0.66833

28 37 0.66171

29 37 0.652478

30 37 0.640671

31 37 0.626336

32 37 0.609529

33 37 0.590317

34 37 0.568774

35 37 0.544987

36 37 0.51905

37 37 0.491064

38 37 0.461139

39 37 0.429395

40 37 0.395957

41 37 0.360955

42 37 0.324529

43 37 0.286823

44 37 0.247984

45 37 0.208167

46 37 0.167528

47 37 0.126228

48 37 0.0844297

49 37 0.0422983

50 37 0

0 38 0

1 38 0.0397208

2 38 0.0792847

3 38 0.118536

4 38 0.157319

5 38 0.195482

6 38 0.232872

7 38 0.269344

8 38 0.304753

9 38 0.33896

10 38 0.371828

11 38 0.403229

12 38 0.433039

13 38 0.461139

14 38 0.48742

15 38 0.511777

16 38 0.534115

17 38 0.554344

18 38 0.572386

19 38 0.588169

20 38 0.60163

21 38 0.612718

22 38 0.621387

23 38 0.627603

24 38 0.631343

25 38 0.632592

26 38 0.631343

27 38 0.627603

28 38 0.621387

29 38 0.612718

30 38 0.60163

31 38 0.588169

32 38 0.572386

33 38 0.554344

34 38 0.534115

35 38 0.511777

36 38 0.48742

37 38 0.461139

38 38 0.433039

39 38 0.403229

40 38 0.371828

41 38 0.33896

42 38 0.304753

43 38 0.269344

44 38 0.232872

45 38 0.195482

46 38 0.157319

47 38 0.118536

48 38 0.0792847

49 38 0.0397208

50 38 0

0 39 0

1 39 0.0369864

2 39 0.0738269

3 39 0.110376

4 39 0.14649

5 39 0.182025

6 39 0.216842

7 39 0.250803

8 39 0.283775

9 39 0.315626

10 39 0.346232

11 39 0.375471

12 39 0.403229

13 39 0.429395

14 39 0.453867

15 39 0.476547

16 39 0.497347

17 39 0.516184

18 39 0.532984

19 39 0.54768

20 39 0.560215

21 39 0.570539

22 39 0.578611

23 39 0.5844

24 39 0.587883

25 39 0.589045

26 39 0.587883

27 39 0.5844

28 39 0.578611

29 39 0.570539

30 39 0.560215

31 39 0.54768

32 39 0.532984

33 39 0.516184

34 39 0.497347

35 39 0.476547

36 39 0.453867

37 39 0.429395

38 39 0.403229

39 39 0.375471

40 39 0.346232

41 39 0.315626

42 39 0.283775

43 39 0.250803

44 39 0.216842

45 39 0.182025

46 39 0.14649

47 39 0.110376

48 39 0.0738269

49 39 0.0369864

50 39 0

0 40 0

1 40 0.0341062

2 40 0.0680777

3 40 0.101781

4 40 0.135082

5 40 0.16785

6 40 0.199956

7 40 0.231272

8 40 0.261676

9 40 0.291047

10 40 0.319269

11 40 0.346232

12 40 0.371828

13 40 0.395957

14 40 0.418523

15 40 0.439437

16 40 0.458617

17 40 0.475987

18 40 0.491478

19 40 0.50503

20 40 0.516589

21 40 0.526109

22 40 0.533553

23 40 0.538891

24 40 0.542102

25 40 0.543174

26 40 0.542102

27 40 0.538891

28 40 0.533553

29 40 0.526109

30 40 0.516589

31 40 0.50503

32 40 0.491478

33 40 0.475987

34 40 0.458617

35 40 0.439437

36 40 0.418523

37 40 0.395957

38 40 0.371828

39 40 0.346232

40 40 0.319269

41 40 0.291047

42 40 0.261676

43 40 0.231272

44 40 0.199956

45 40 0.16785

46 40 0.135082

47 40 0.101781

48 40 0.0680777

49 40 0.0341062

50 40 0

0 41 0

1 41 0.0310913

2 41 0.0620599

3 41 0.0927835

4 41 0.123141

5 41 0.153012

6 41 0.18228

7 41 0.210828

8 41 0.238545

9 41 0.265319

10 41 0.291047

11 41 0.315626

12 41 0.33896

13 41 0.360955

14 41 0.381526

15 41 0.400592

16 41 0.418076

17 41 0.433911

18 41 0.448033

19 41 0.460387

20 41 0.470924

21 41 0.479602

22 41 0.486388

23 41 0.491254

24 41 0.494182

25 41 0.495159

26 41 0.494182

27 41 0.491254

28 41 0.486388

29 41 0.479602

30 41 0.470924

31 41 0.460387

32 41 0.448033

33 41 0.433911

34 41 0.418076

35 41 0.400592

36 41 0.381526

37 41 0.360955

38 41 0.33896

39 41 0.315626

40 41 0.291047

41 41 0.265319

42 41 0.238545

43 41 0.210828

44 41 0.18228

45 41 0.153012

46 41 0.123141

47 41 0.0927835

48 41 0.0620599

49 41 0.0310913

50 41 0

0 42 0

1 42 0.0279537

2 42 0.0557971

3 42 0.0834202

4 42 0.110714

5 42 0.137571

6 42 0.163885

7 42 0.189553

8 42 0.214472

9 42 0.238545

10 42 0.261676

11 42 0.283775

12 42 0.304753

13 42 0.324529

14 42 0.343025

15 42 0.360166

16 42 0.375886

17 42 0.390123

18 42 0.40282

19 42 0.413927

20 42 0.423401

21 42 0.431203

22 42 0.437304

23 42 0.441679

24 42 0.444311

25 42 0.44519

26 42 0.444311

27 42 0.441679

28 42 0.437304

29 42 0.431203

30 42 0.423401

31 42 0.413927

32 42 0.40282

33 42 0.390123

34 42 0.375886

35 42 0.360166

36 42 0.343025

37 42 0.324529

38 42 0.304753

39 42 0.283775

40 42 0.261676

41 42 0.238545

42 42 0.214472

43 42 0.189553

44 42 0.163885

45 42 0.137571

46 42 0.110714

47 42 0.0834202

48 42 0.0557971

49 42 0.0279537

50 42 0

0 43 0

1 43 0.0247058

2 43 0.0493141

3 43 0.0737277

4 43 0.0978504

5 43 0.121587

6 43 0.144844

7 43 0.167529

8 43 0.189553

9 43 0.210828

10 43 0.231272

11 43 0.250803

12 43 0.269344

13 43 0.286823

14 43 0.303169

15 43 0.318319

16 43 0.332212

17 43 0.344795

18 43 0.356017

19 43 0.365833

20 43 0.374206

21 43 0.381102

22 43 0.386494

23 43 0.390361

24 43 0.392687

25 43 0.393464

26 43 0.392687

27 43 0.390361

28 43 0.386494

29 43 0.381102

30 43 0.374206

31 43 0.365833

32 43 0.356017

33 43 0.344795

34 43 0.332212

35 43 0.318319

36 43 0.303169

37 43 0.286823

38 43 0.269344

39 43 0.250803

40 43 0.231272

41 43 0.210828

42 43 0.189553

43 43 0.167529

44 43 0.144844

45 43 0.121587

46 43 0.0978504

47 43 0.0737277

48 43 0.0493141

49 43 0.0247058

50 43 0

0 44 0

1 44 0.0213604

2 44 0.0426365

3 44 0.0637443

4 44 0.0846005

5 44 0.105123

6 44 0.12523

7 44 0.144844

8 44 0.163885

9 44 0.18228

10 44 0.199956

11 44 0.216842

12 44 0.232872

13 44 0.247984

14 44 0.262117

15 44 0.275215

16 44 0.287227

17 44 0.298106

18 44 0.307808

19 44 0.316296

20 44 0.323535

21 44 0.329497

22 44 0.334159

23 44 0.337502

24 44 0.339513

25 44 0.340185

26 44 0.339513

27 44 0.337502

28 44 0.334159

29 44 0.329497

30 44 0.323535

31 44 0.316296

32 44 0.307808

33 44 0.298106

34 44 0.287227

35 44 0.275215

36 44 0.262117

37 44 0.247984

38 44 0.232872

39 44 0.216842

40 44 0.199956

41 44 0.18228

42 44 0.163885

43 44 0.144844

44 44 0.12523

45 44 0.105123

46 44 0.0846005

47 44 0.0637443

48 44 0.0426365

49 44 0.0213604

50 44 0

0 45 0

1 45 0.0179307

2 45 0.0357906

3 45 0.0535092

4 45 0.0710167

5 45 0.0882439

6 45 0.105123

7 45 0.121587

8 45 0.137571

9 45 0.153012

10 45 0.16785

11 45 0.182025

12 45 0.195482

13 45 0.208167

14 45 0.22003

15 45 0.231026

16 45 0.241109

17 45 0.250241

18 45 0.258385

19 45 0.26551

20 45 0.271587

21 45 0.276592

22 45 0.280505

23 45 0.283312

24 45 0.285

25 45 0.285563

26 45 0.285

27 45 0.283312

28 45 0.280505

29 45 0.276592

30 45 0.271587

31 45 0.26551

32 45 0.258385

33 45 0.250241

34 45 0.241109

35 45 0.231026

36 45 0.22003

37 45 0.208167

38 45 0.195482

39 45 0.182025

40 45 0.16785

41 45 0.153012

42 45 0.137571

43 45 0.121587

44 45 0.105123

45 45 0.0882439

46 45 0.0710167

47 45 0.0535092

48 45 0.0357906

49 45 0.0179307

50 45 0

0 46 0

1 46 0.0144302

2 46 0.0288034

3 46 0.043063

4 46 0.0571526

5 46 0.0710167

6 46 0.0846005

7 46 0.0978504

8 46 0.110714

9 46 0.123141

10 46 0.135082

11 46 0.14649

12 46 0.157319

13 46 0.167528

14 46 0.177075

15 46 0.185924

16 46 0.194039

17 46 0.201388

18 46 0.207943

19 46 0.213676

20 46 0.218567

21 46 0.222595

22 46 0.225744

23 46 0.228003

24 46 0.229361

25 46 0.229815

26 46 0.229361

27 46 0.228003

28 46 0.225744

29 46 0.222595

30 46 0.218567

31 46 0.213676

32 46 0.207943

33 46 0.201388

34 46 0.194039

35 46 0.185924

36 46 0.177075

37 46 0.167528

38 46 0.157319

39 46 0.14649

40 46 0.135082

41 46 0.123141

42 46 0.110714

43 46 0.0978504

44 46 0.0846005

45 46 0.0710167

46 46 0.0571526

47 46 0.043063

48 46 0.0288034

49 46 0.0144302

50 46 0

0 47 0

1 47 0.0108728

2 47 0.0217026

3 47 0.0324469

4 47 0.043063

5 47 0.0535092

6 47 0.0637443

7 47 0.0737277

8 47 0.0834202

9 47 0.0927835

10 47 0.101781

11 47 0.110376

12 47 0.118536

13 47 0.126228

14 47 0.133422

15 47 0.140089

16 47 0.146203

17 47 0.151741

18 47 0.156679

19 47 0.161

20 47 0.164684

21 47 0.167719

22 47 0.170092

23 47 0.171794

24 47 0.172818

25 47 0.17316

26 47 0.172818

27 47 0.171794

28 47 0.170092

29 47 0.167719

30 47 0.164684

31 47 0.161

32 47 0.156679

33 47 0.151741

34 47 0.146203

35 47 0.140089

36 47 0.133422

37 47 0.126228

38 47 0.118536

39 47 0.110376

40 47 0.101781

41 47 0.0927835

42 47 0.0834202

43 47 0.0737277

44 47 0.0637443

45 47 0.0535092

46 47 0.043063

47 47 0.0324469

48 47 0.0217026

49 47 0.0108728

50 47 0

0 48 0

1 48 0.00727244

2 48 0.0145162

3 48 0.0217026

4 48 0.0288034

5 48 0.0357906

6 48 0.0426365

7 48 0.0493141

8 48 0.0557971

9 48 0.0620599

10 48 0.0680777

11 48 0.0738269

12 48 0.0792847

13 48 0.0844297

14 48 0.0892414

15 48 0.0937009

16 48 0.0977907

17 48 0.101494

18 48 0.104798

19 48 0.107687

20 48 0.110152

21 48 0.112182

22 48 0.113769

23 48 0.114907

24 48 0.115592

25 48 0.115821

26 48 0.115592

27 48 0.114907

28 48 0.113769

29 48 0.112182

30 48 0.110152

31 48 0.107687

32 48 0.104798

33 48 0.101494

34 48 0.0977907

35 48 0.0937009

36 48 0.0892414

37 48 0.0844297

38 48 0.0792847

39 48 0.0738269

40 48 0.0680777

41 48 0.0620599

42 48 0.0557971

43 48 0.0493141

44 48 0.0426365

45 48 0.0357906

46 48 0.0288034

47 48 0.0217026

48 48 0.0145162

49 48 0.00727244

50 48 0

0 49 0

1 49 0.00364341

2 49 0.00727244

3 49 0.0108728

4 49 0.0144302

5 49 0.0179307

6 49 0.0213604

7 49 0.0247058

8 49 0.0279537

9 49 0.0310913

10 49 0.0341062

11 49 0.0369864

12 49 0.0397208

13 49 0.0422983

14 49 0.0447089

15 49 0.0469431

16 49 0.048992

17 49 0.0508476

18 49 0.0525025

19 49 0.0539502

20 49 0.0551849

21 49 0.0562019

22 49 0.0569971

23 49 0.0575673

24 49 0.0579104

25 49 0.0580249

26 49 0.0579104

27 49 0.0575673

28 49 0.0569971

29 49 0.0562019

30 49 0.0551849

31 49 0.0539502

32 49 0.0525025

33 49 0.0508476

34 49 0.048992

35 49 0.0469431

36 49 0.0447089

37 49 0.0422983

38 49 0.0397208

39 49 0.0369864

40 49 0.0341062

41 49 0.0310913

42 49 0.0279537

43 49 0.0247058

44 49 0.0213604

45 49 0.0179307

46 49 0.0144302

47 49 0.0108728

48 49 0.00727244

49 49 0.00364341

50 49 0

