0 1 0

1 1 0.00104685

2 1 0.00208957

3 1 0.00312404

4 1 0.00414619

5 1 0.00515197

6 1 0.00613742

7 1 0.00709864

8 1 0.00803186

9 1 0.00893337

10 1 0.00979963

11 1 0.0106272

12 1 0.0114129

13 1 0.0121535

14 1 0.0128461

15 1 0.013488

16 1 0.0140767

17 1 0.0146099

18 1 0.0150854

19 1 0.0155013

20 1 0.0158561

21 1 0.0161483

22 1 0.0163768

23 1 0.0165407

24 1 0.0166392

25 1 0.0166721

26 1 0.0166392

27 1 0.0165407

28 1 0.0163768

29 1 0.0161483

30 1 0.0158561

31 1 0.0155013

32 1 0.0150854

33 1 0.0146099

34 1 0.0140767

35 1 0.013488

36 1 0.0128461

37 1 0.0121535

38 1 0.0114129

39 1 0.0106272

40 1 0.00979963

41 1 0.00893337

42 1 0.00803186

43 1 0.00709864

44 1 0.00613742

45 1 0.00515197

46 1 0.00414619

47 1 0.00312404

48 1 0.00208957

49 1 0.00104685

50 1 0

0 2 0

1 2 0.00208957

2 2 0.0041709

3 2 0.00623576

4 2 0.00827601

5 2 0.0102836

6 2 0.0122506

7 2 0.0141693

8 2 0.016032

9 2 0.0178315

10 2 0.0195606

11 2 0.0212125

12 2 0.0227807

13 2 0.0242589

14 2 0.0256415

15 2 0.0269228

16 2 0.0280979

17 2 0.0291621

18 2 0.0301112

19 2 0.0309415

20 2 0.0316497

21 2 0.0322329

22 2 0.032689

23 2 0.033016

24 2 0.0332128

25 2 0.0332784

26 2 0.0332128

27 2 0.033016

28 2 0.032689

29 2 0.0322329

30 2 0.0316497

31 2 0.0309415

32 2 0.0301112

33 2 0.0291621

34 2 0.0280979

35 2 0.0269228

36 2 0.0256415

37 2 0.0242589

38 2 0.0227807

39 2 0.0212125

40 2 0.0195606

41 2 0.0178315

42 2 0.016032

43 2 0.0141693

44 2 0.0122506

45 2 0.0102836

46 2 0.00827601

47 2 0.00623576

48 2 0.0041709

49 2 0.00208957

50 2 0

0 3 0

1 3 0.00312404

2 3 0.00623576

3 3 0.00932287

4 3 0.0123732

5 3 0.0153747

6 3 0.0183155

7 3 0.021184

8 3 0.0239689

9 3 0.0266592

10 3 0.0292443

11 3 0.031714

12 3 0.0340586

13 3 0.0362687

14 3 0.0383357

15 3 0.0402514

16 3 0.0420082

17 3 0.0435993

18 3 0.0450183

19 3 0.0462596

20 3 0.0473183

21 3 0.0481903

22 3 0.0488722

23 3 0.0493611

24 3 0.0496553

25 3 0.0497534

26 3 0.0496553

27 3 0.0493611

28 3 0.0488722

29 3 0.0481903

30 3 0.0473183

31 3 0.0462596

32 3 0.0450183

33 3 0.0435993

34 3 0.0420082

35 3 0.0402514

36 3 0.0383357

37 3 0.0362687

38 3 0.0340586

39 3 0.031714

40 3 0.0292443

41 3 0.0266592

42 3 0.0239689

43 3 0.021184

44 3 0.0183155

45 3 0.0153747

46 3 0.0123732

47 3 0.00932287

48 3 0.00623576

49 3 0.00312404

50 3 0

0 4 0

1 4 0.00414619

2 4 0.00827601

3 4 0.0123732

4 4 0.0164215

5 4 0.020405

6 4 0.024308

7 4 0.0281151

8 4 0.0318112

9 4 0.0353818

10 4 0.0388127

11 4 0.0420904

12 4 0.0452021

13 4 0.0481353

14 4 0.0508786

15 4 0.0534211

16 4 0.0557527

17 4 0.0578644

18 4 0.0597476

19 4 0.0613951

20 4 0.0628002

21 4 0.0639576

22 4 0.0648625

23 4 0.0655114

24 4 0.0659018

25 4 0.0660321

26 4 0.0659018

27 4 0.0655114

28 4 0.0648625

29 4 0.0639576

30 4 0.0628002

31 4 0.0613951

32 4 0.0597476

33 4 0.0578644

34 4 0.0557527

35 4 0.0534211

36 4 0.0508786

37 4 0.0481353

38 4 0.0452021

39 4 0.0420904

40 4 0.0388127

41 4 0.0353818

42 4 0.0318112

43 4 0.0281151

44 4 0.024308

45 4 0.020405

46 4 0.0164215

47 4 0.0123732

48 4 0.00827601

49 4 0.00414619

50 4 0

0 5 0

1 5 0.00515197

2 5 0.0102836

3 5 0.0153747

4 5 0.020405

5 5 0.0253549

6 5 0.0302047

7 5 0.0349352

8 5 0.0395279

9 5 0.0439647

10 5 0.0482278

11 5 0.0523007

12 5 0.0561672

13 5 0.059812

14 5 0.0632207

15 5 0.0663799

16 5 0.0692772

17 5 0.0719011

18 5 0.0742412

19 5 0.0762883

20 5 0.0780343

21 5 0.0794724

22 5 0.0805968

23 5 0.0814031

24 5 0.0818882

25 5 0.0820501

26 5 0.0818882

27 5 0.0814031

28 5 0.0805968

29 5 0.0794724

30 5 0.0780343

31 5 0.0762883

32 5 0.0742412

33 5 0.0719011

34 5 0.0692772

35 5 0.0663799

36 5 0.0632207

37 5 0.059812

38 5 0.0561672

39 5 0.0523007

40 5 0.0482278

41 5 0.0439647

42 5 0.0395279

43 5 0.0349352

44 5 0.0302047

45 5 0.0253549

46 5 0.020405

47 5 0.0153747

48 5 0.0102836

49 5 0.00515197

50 5 0

0 6 0

1 6 0.00613742

2 6 0.0122506

3 6 0.0183155

4 6 0.024308

5 6 0.0302047

6 6 0.0359821

7 6 0.0416175

8 6 0.0470887

9 6 0.052374

10 6 0.0574527

11 6 0.0623046

12 6 0.0669106

13 6 0.0712526

14 6 0.0753133

15 6 0.0790768

16 6 0.0825283

17 6 0.085654

18 6 0.0884417

19 6 0.0908804

20 6 0.0929604

21 6 0.0946735

22 6 0.096013

23 6 0.0969736

24 6 0.0975515

25 6 0.0977443

26 6 0.0975515

27 6 0.0969736

28 6 0.096013

29 6 0.0946735

30 6 0.0929604

31 6 0.0908804

32 6 0.0884417

33 6 0.085654

34 6 0.0825283

35 6 0.0790768

36 6 0.0753133

37 6 0.0712526

38 6 0.0669106

39 6 0.0623046

40 6 0.0574527

41 6 0.052374

42 6 0.0470887

43 6 0.0416175

44 6 0.0359821

45 6 0.0302047

46 6 0.024308

47 6 0.0183155

48 6 0.0122506

49 6 0.00613742

50 6 0

0 7 0

1 7 0.00709864

2 7 0.0141693

3 7 0.021184

4 7 0.0281151

5 7 0.0349352

6 7 0.0416175

7 7 0.0481355

8 7 0.0544636

9 7 0.0605767

10 7 0.0664508

11 7 0.0720626

12 7 0.07739

13 7 0.082412

14 7 0.0871087

15 7 0.0914616

16 7 0.0954536

17 7 0.0990689

18 7 0.102293

19 7 0.105114

20 7 0.10752

21 7 0.109501

22 7 0.11105

23 7 0.112161

24 7 0.11283

25 7 0.113053

26 7 0.11283

27 7 0.112161

28 7 0.11105

29 7 0.109501

30 7 0.10752

31 7 0.105114

32 7 0.102293

33 7 0.0990689

34 7 0.0954536

35 7 0.0914616

36 7 0.0871087

37 7 0.082412

38 7 0.07739

39 7 0.0720626

40 7 0.0664508

41 7 0.0605767

42 7 0.0544636

43 7 0.0481355

44 7 0.0416175

45 7 0.0349352

46 7 0.0281151

47 7 0.021184

48 7 0.0141693

49 7 0.00709864

50 7 0

0 8 0

1 8 0.00803186

2 8 0.016032

3 8 0.0239689

4 8 0.0318112

5 8 0.0395279

6 8 0.0470887

7 8 0.0544636

8 8 0.0616236

9 8 0.0685403

10 8 0.0751866

11 8 0.0815362

12 8 0.0875639

13 8 0.0932461

14 8 0.0985603

15 8 0.103486

16 8 0.108002

17 8 0.112093

18 8 0.115741

19 8 0.118932

20 8 0.121655

21 8 0.123896

22 8 0.125649

23 8 0.126906

24 8 0.127663

25 8 0.127915

26 8 0.127663

27 8 0.126906

28 8 0.125649

29 8 0.123896

30 8 0.121655

31 8 0.118932

32 8 0.115741

33 8 0.112093

34 8 0.108002

35 8 0.103486

36 8 0.0985603

37 8 0.0932461

38 8 0.0875639

39 8 0.0815362

40 8 0.0751866

41 8 0.0685403

42 8 0.0616236

43 8 0.0544636

44 8 0.0470887

45 8 0.0395279

46 8 0.0318112

47 8 0.0239689

48 8 0.016032

49 8 0.00803186

50 8 0

0 9 0

1 9 0.00893337

2 9 0.0178315

3 9 0.0266592

4 9 0.0353818

5 9 0.0439647

6 9 0.052374

7 9 0.0605767

8 9 0.0685403

9 9 0.0762335

10 9 0.0836257

11 9 0.090688

12 9 0.0973923

13 9 0.103712

14 9 0.109623

15 9 0.115101

16 9 0.120125

17 9 0.124674

18 9 0.128732

19 9 0.132282

20 9 0.135309

21 9 0.137803

22 9 0.139753

23 9 0.141151

24 9 0.141992

25 9 0.142273

26 9 0.141992

27 9 0.141151

28 9 0.139753

29 9 0.137803

30 9 0.135309

31 9 0.132282

32 9 0.128732

33 9 0.124674

34 9 0.120125

35 9 0.115101

36 9 0.109623

37 9 0.103712

38 9 0.0973923

39 9 0.090688

40 9 0.0836257

41 9 0.0762335

42 9 0.0685403

43 9 0.0605767

44 9 0.052374

45 9 0.0439647

46 9 0.0353818

47 9 0.0266592

48 9 0.0178315

49 9 0.00893337

50 9 0

0 10 0

1 10 0.00979963

2 10 0.0195606

3 10 0.0292443

4 10 0.0388127

5 10 0.0482278

6 10 0.0574527

7 10 0.0664508

8 10 0.0751866

9 10 0.0836257

10 10 0.0917348

11 10 0.0994819

12 10 0.106836

13 10 0.113769

14 10 0.120253

15 10 0.126262

16 10 0.131773

17 10 0.136764

18 10 0.141215

19 10 0.145109

20 10 0.14843

21 10 0.151165

22 10 0.153304

23 10 0.154838

24 10 0.155761

25 10 0.156069

26 10 0.155761

27 10 0.154838

28 10 0.153304

29 10 0.151165

30 10 0.14843

31 10 0.145109

32 10 0.141215

33 10 0.136764

34 10 0.131773

35 10 0.126262

36 10 0.120253

37 10 0.113769

38 10 0.106836

39 10 0.0994819

40 10 0.0917348

41 10 0.0836257

42 10 0.0751866

43 10 0.0664508

44 10 0.0574527

45 10 0.0482278

46 10 0.0388127

47 10 0.0292443

48 10 0.0195606

49 10 0.00979963

50 10 0

0 11 0

1 11 0.0106272

2 11 0.0212125

3 11 0.031714

4 11 0.0420904

5 11 0.0523007

6 11 0.0623046

7 11 0.0720626

8 11 0.0815362

9 11 0.090688

10 11 0.0994819

11 11 0.107883

12 11 0.115859

13 11 0.123377

14 11 0.130408

15 11 0.136925

16 11 0.142901

17 11 0.148314

18 11 0.153141

19 11 0.157363

20 11 0.160965

21 11 0.163931

22 11 0.166251

23 11 0.167914

24 11 0.168915

25 11 0.169249

26 11 0.168915

27 11 0.167914

28 11 0.166251

29 11 0.163931

30 11 0.160965

31 11 0.157363

32 11 0.153141

33 11 0.148314

34 11 0.142901

35 11 0.136925

36 11 0.130408

37 11 0.123377

38 11 0.115859

39 11 0.107883

40 11 0.0994819

41 11 0.090688

42 11 0.0815362

43 11 0.0720626

44 11 0.0623046

45 11 0.0523007

46 11 0.0420904

47 11 0.031714

48 11 0.0212125

49 11 0.0106272

50 11 0

0 12 0

1 12 0.0114129

2 12 0.0227807

3 12 0.0340586

4 12 0.0452021

5 12 0.0561672

6 12 0.0669106

7 12 0.07739

8 12 0.0875639

9 12 0.0973923

10 12 0.106836

11 12 0.115859

12 12 0.124424

13 12 0.132498

14 12 0.140049

15 12 0.147048

16 12 0.153466

17 12 0.159278

18 12 0.164462

19 12 0.168997

20 12 0.172865

21 12 0.17605

22 12 0.178541

23 12 0.180328

24 12 0.181402

25 12 0.181761

26 12 0.181402

27 12 0.180328

28 12 0.178541

29 12 0.17605

30 12 0.172865

31 12 0.168997

32 12 0.164462

33 12 0.159278

34 12 0.153466

35 12 0.147048

36 12 0.140049

37 12 0.132498

38 12 0.124424

39 12 0.115859

40 12 0.106836

41 12 0.0973923

42 12 0.0875639

43 12 0.07739

44 12 0.0669106

45 12 0.0561672

46 12 0.0452021

47 12 0.0340586

48 12 0.0227807

49 12 0.0114129

50 12 0

0 13 0

1 13 0.0121535

2 13 0.0242589

3 13 0.0362687

4 13 0.0481353

5 13 0.059812

6 13 0.0712526

7 13 0.082412

8 13 0.0932461

9 13 0.103712

10 13 0.113769

11 13 0.123377

12 13 0.132498

13 13 0.141096

14 13 0.149137

15 13 0.15659

16 13 0.163424

17 13 0.169614

18 13 0.175134

19 13 0.179963

20 13 0.184082

21 13 0.187475

22 13 0.190127

23 13 0.192029

24 13 0.193174

25 13 0.193556

26 13 0.193174

27 13 0.192029

28 13 0.190127

29 13 0.187475

30 13 0.184082

31 13 0.179963

32 13 0.175134

33 13 0.169614

34 13 0.163424

35 13 0.15659

36 13 0.149137

37 13 0.141096

38 13 0.132498

39 13 0.123377

40 13 0.113769

41 13 0.103712

42 13 0.0932461

43 13 0.082412

44 13 0.0712526

45 13 0.059812

46 13 0.0481353

47 13 0.0362687

48 13 0.0242589

49 13 0.0121535

50 13 0

0 14 0

1 14 0.0128461

2 14 0.0256415

3 14 0.0383357

4 14 0.0508786

5 14 0.0632207

6 14 0.0753133

7 14 0.0871087

8 14 0.0985603

9 14 0.109623

10 14 0.120253

11 14 0.130408

12 14 0.140049

13 14 0.149137

14 14 0.157637

15 14 0.165514

16 14 0.172738

17 14 0.179281

18 14 0.185115

19 14 0.19022

20 14 0.194573

21 14 0.198159

22 14 0.200963

23 14 0.202973

24 14 0.204183

25 14 0.204586

26 14 0.204183

27 14 0.202973

28 14 0.200963

29 14 0.198159

30 14 0.194573

31 14 0.19022

32 14 0.185115

33 14 0.179281

34 14 0.172738

35 14 0.165514

36 14 0.157637

37 14 0.149137

38 14 0.140049

39 14 0.130408

40 14 0.120253

41 14 0.109623

42 14 0.0985603

43 14 0.0871087

44 14 0.0753133

45 14 0.0632207

46 14 0.0508786

47 14 0.0383357

48 14 0.0256415

49 14 0.0128461

50 14 0

0 15 0

1 15 0.013488

2 15 0.0269228

3 15 0.0402514

4 15 0.0534211

5 15 0.0663799

6 15 0.0790768

7 15 0.0914616

8 15 0.103486

9 15 0.115101

10 15 0.126262

11 15 0.136925

12 15 0.147048

13 15 0.15659

14 15 0.165514

15 15 0.173785

16 15 0.18137

17 15 0.188239

18 15 0.194366

19 15 0.199725

20 15 0.204296

21 15 0.208061

22 15 0.211005

23 15 0.213116

24 15 0.214386

25 15 0.21481

26 15 0.214386

27 15 0.213116

28 15 0.211005

29 15 0.208061

30 15 0.204296

31 15 0.199725

32 15 0.194366

33 15 0.188239

34 15 0.18137

35 15 0.173785

36 15 0.165514

37 15 0.15659

38 15 0.147048

39 15 0.136925

40 15 0.126262

41 15 0.115101

42 15 0.103486

43 15 0.0914616

44 15 0.0790768

45 15 0.0663799

46 15 0.0534211

47 15 0.0402514

48 15 0.0269228

49 15 0.013488

50 15 0

0 16 0

1 16 0.0140767

2 16 0.0280979

3 16 0.0420082

4 16 0.0557527

5 16 0.0692772

6 16 0.0825283

7 16 0.0954536

8 16 0.108002

9 16 0.120125

10 16 0.131773

11 16 0.142901

12 16 0.153466

13 16 0.163424

14 16 0.172738

15 16 0.18137

16 16 0.189286

17 16 0.196455

18 16 0.202849

19 16 0.208443

20 16 0.213213

21 16 0.217143

22 16 0.220215

23 16 0.222418

24 16 0.223743

25 16 0.224186

26 16 0.223743

27 16 0.222418

28 16 0.220215

29 16 0.217143

30 16 0.213213

31 16 0.208443

32 16 0.202849

33 16 0.196455

34 16 0.189286

35 16 0.18137

36 16 0.172738

37 16 0.163424

38 16 0.153466

39 16 0.142901

40 16 0.131773

41 16 0.120125

42 16 0.108002

43 16 0.0954536

44 16 0.0825283

45 16 0.0692772

46 16 0.0557527

47 16 0.0420082

48 16 0.0280979

49 16 0.0140767

50 16 0

0 17 0

1 17 0.0146099

2 17 0.0291621

3 17 0.0435993

4 17 0.0578644

5 17 0.0719011

6 17 0.085654

7 17 0.0990689

8 17 0.112093

9 17 0.124674

10 17 0.136764

11 17 0.148314

12 17 0.159278

13 17 0.169614

14 17 0.179281

15 17 0.188239

16 17 0.196455

17 17 0.203896

18 17 0.210532

19 17 0.216337

20 17 0.221289

21 17 0.225367

22 17 0.228555

23 17 0.230842

24 17 0.232218

25 17 0.232677

26 17 0.232218

27 17 0.230842

28 17 0.228555

29 17 0.225367

30 17 0.221289

31 17 0.216337

32 17 0.210532

33 17 0.203896

34 17 0.196455

35 17 0.188239

36 17 0.179281

37 17 0.169614

38 17 0.159278

39 17 0.148314

40 17 0.136764

41 17 0.124674

42 17 0.112093

43 17 0.0990689

44 17 0.085654

45 17 0.0719011

46 17 0.0578644

47 17 0.0435993

48 17 0.0291621

49 17 0.0146099

50 17 0

0 18 0

1 18 0.0150854

2 18 0.0301112

3 18 0.0450183

4 18 0.0597476

5 18 0.0742412

6 18 0.0884417

7 18 0.102293

8 18 0.115741

9 18 0.128732

10 18 0.141215

11 18 0.153141

12 18 0.164462

13 18 0.175134

14 18 0.185115

15 18 0.194366

16 18 0.202849

17 18 0.210532

18 18 0.217384

19 18 0.223378

20 18 0.228491

21 18 0.232702

22 18 0.235994

23 18 0.238355

24 18 0.239775

25 18 0.240249

26 18 0.239775

27 18 0.238355

28 18 0.235994

29 18 0.232702

30 18 0.228491

31 18 0.223378

32 18 0.217384

33 18 0.210532

34 18 0.202849

35 18 0.194366

36 18 0.185115

37 18 0.175134

38 18 0.164462

39 18 0.153141

40 18 0.141215

41 18 0.128732

42 18 0.115741

43 18 0.102293

44 18 0.0884417

45 18 0.0742412

46 18 0.0597476

47 18 0.0450183

48 18 0.0301112

49 18 0.0150854

50 18 0

0 19 0

1 19 0.0155013

2 19 0.0309415

3 19 0.0462596

4 19 0.0613951

5 19 0.0762883

6 19 0.0908804

7 19 0.105114

8 19 0.118932

9 19 0.132282

10 19 0.145109

11 19 0.157363

12 19 0.168997

13 19 0.179963

14 19 0.19022

15 19 0.199725

16 19 0.208443

17 19 0.216337

18 19 0.223378

19 19 0.229538

20 19 0.234791

21 19 0.239118

22 19 0.242501

23 19 0.244927

24 19 0.246387

25 19 0.246874

26 19 0.246387

27 19 0.244927

28 19 0.242501

29 19 0.239118

30 19 0.234791

31 19 0.229538

32 19 0.223378

33 19 0.216337

34 19 0.208443

35 19 0.199725

36 19 0.19022

37 19 0.179963

38 19 0.168997

39 19 0.157363

40 19 0.145109

41 19 0.132282

42 19 0.118932

43 19 0.105114

44 19 0.0908804

45 19 0.0762883

46 19 0.0613951

47 19 0.0462596

48 19 0.0309415

49 19 0.0155013

50 19 0

0 20 0

1 20 0.0158561

2 20 0.0316497

3 20 0.0473183

4 20 0.0628002

5 20 0.0780343

6 20 0.0929604

7 20 0.10752

8 20 0.121655

9 20 0.135309

10 20 0.14843

11 20 0.160965

12 20 0.172865

13 20 0.184082

14 20 0.194573

15 20 0.204296

16 20 0.213213

17 20 0.221289

18 20 0.228491

19 20 0.234791

20 20 0.240165

21 20 0.244591

22 20 0.248051

23 20 0.250533

24 20 0.252026

25 20 0.252524

26 20 0.252026

27 20 0.250533

28 20 0.248051

29 20 0.244591

30 20 0.240165

31 20 0.234791

32 20 0.228491

33 20 0.221289

34 20 0.213213

35 20 0.204296

36 20 0.194573

37 20 0.184082

38 20 0.172865

39 20 0.160965

40 20 0.14843

41 20 0.135309

42 20 0.121655

43 20 0.10752

44 20 0.0929604

45 20 0.0780343

46 20 0.0628002

47 20 0.0473183

48 20 0.0316497

49 20 0.0158561

50 20 0

0 21 0

1 21 0.0161483

2 21 0.0322329

3 21 0.0481903

4 21 0.0639576

5 21 0.0794724

6 21 0.0946735

7 21 0.109501

8 21 0.123896

9 21 0.137803

10 21 0.151165

11 21 0.163931

12 21 0.17605

13 21 0.187475

14 21 0.198159

15 21 0.208061

16 21 0.217143

17 21 0.225367

18 21 0.232702

19 21 0.239118

20 21 0.244591

21 21 0.249098

22 21 0.252623

23 21 0.25515

24 21 0.25667

25 21 0.257178

26 21 0.25667

27 21 0.25515

28 21 0.252623

29 21 0.249098

30 21 0.244591

31 21 0.239118

32 21 0.232702

33 21 0.225367

34 21 0.217143

35 21 0.208061

36 21 0.198159

37 21 0.187475

38 21 0.17605

39 21 0.163931

40 21 0.151165

41 21 0.137803

42 21 0.123896

43 21 0.109501

44 21 0.0946735

45 21 0.0794724

46 21 0.0639576

47 21 0.0481903

48 21 0.0322329

49 21 0.0161483

50 21 0

0 22 0

1 22 0.0163768

2 22 0.032689

3 22 0.0488722

4 22 0.0648625

5 22 0.0805968

6 22 0.096013

7 22 0.11105

8 22 0.125649

9 22 0.139753

10 22 0.153304

11 22 0.166251

12 22 0.178541

13 22 0.190127

14 22 0.200963

15 22 0.211005

16 22 0.220215

17 22 0.228555

18 22 0.235994

19 22 0.242501

20 22 0.248051

21 22 0.252623

22 22 0.256197

23 22 0.25876

24 22 0.260302

25 22 0.260817

26 22 0.260302

27 22 0.25876

28 22 0.256197

29 22 0.252623

30 22 0.248051

31 22 0.242501

32 22 0.235994

33 22 0.228555

34 22 0.220215

35 22 0.211005

36 22 0.200963

37 22 0.190127

38 22 0.178541

39 22 0.166251

40 22 0.153304

41 22 0.139753

42 22 0.125649

43 22 0.11105

44 22 0.096013

45 22 0.0805968

46 22 0.0648625

47 22 0.0488722

48 22 0.032689

49 22 0.0163768

50 22 0

0 23 0

1 23 0.0165407

2 23 0.033016

3 23 0.0493611

4 23 0.0655114

5 23 0.0814031

6 23 0.0969736

7 23 0.112161

8 23 0.126906

9 23 0.141151

10 23 0.154838

11 23 0.167914

12 23 0.180328

13 23 0.192029

14 23 0.202973

15 23 0.213116

16 23 0.222418

17 23 0.230842

18 23 0.238355

19 23 0.244927

20 23 0.250533

21 23 0.25515

22 23 0.25876

23 23 0.261349

24 23 0.262906

25 23 0.263426

26 23 0.262906

27 23 0.261349

28 23 0.25876

29 23 0.25515

30 23 0.250533

31 23 0.244927

32 23 0.238355

33 23 0.230842

34 23 0.222418

35 23 0.213116

36 23 0.202973

37 23 0.192029

38 23 0.180328

39 23 0.167914

40 23 0.154838

41 23 0.141151

42 23 0.126906

43 23 0.112161

44 23 0.0969736

45 23 0.0814031

46 23 0.0655114

47 23 0.0493611

48 23 0.033016

49 23 0.0165407

50 23 0

0 24 0

1 24 0.0166392

2 24 0.0332128

3 24 0.0496553

4 24 0.0659018

5 24 0.0818882

6 24 0.0975515

7 24 0.11283

8 24 0.127663

9 24 0.141992

10 24 0.155761

11 24 0.168915

12 24 0.181402

13 24 0.193174

14 24 0.204183

15 24 0.214386

16 24 0.223743

17 24 0.232218

18 24 0.239775

19 24 0.246387

20 24 0.252026

21 24 0.25667

22 24 0.260302

23 24 0.262906

24 24 0.264473

25 24 0.264996

26 24 0.264473

27 24 0.262906

28 24 0.260302

29 24 0.25667

30 24 0.252026

31 24 0.246387

32 24 0.239775

33 24 0.232218

34 24 0.223743

35 24 0.214386

36 24 0.204183

37 24 0.193174

38 24 0.181402

39 24 0.168915

40 24 0.155761

41 24 0.141992

42 24 0.127663

43 24 0.11283

44 24 0.0975515

45 24 0.0818882

46 24 0.0659018

47 24 0.0496553

48 24 0.0332128

49 24 0.0166392

50 24 0

0 25 0

1 25 0.0166721

2 25 0.0332784

3 25 0.0497534

4 25 0.0660321

5 25 0.0820501

6 25 0.0977443

7 25 0.113053

8 25 0.127915

9 25 0.142273

10 25 0.156069

11 25 0.169249

12 25 0.181761

13 25 0.193556

14 25 0.204586

15 25 0.21481

16 25 0.224186

17 25 0.232677

18 25 0.240249

19 25 0.246874

20 25 0.252524

21 25 0.257178

22 25 0.260817

23 25 0.263426

24 25 0.264996

25 25 0.26552

26 25 0.264996

27 25 0.263426

28 25 0.260817

29 25 0.257178

30 25 0.252524

31 25 0.246874

32 25 0.240249

33 25 0.232677

34 25 0.224186

35 25 0.21481

36 25 0.204586

37 25 0.193556

38 25 0.181761

39 25 0.169249

40 25 0.156069

41 25 0.142273

42 25 0.127915

43 25 0.113053

44 25 0.0977443

45 25 0.0820501

46 25 0.0660321

47 25 0.0497534

48 25 0.0332784

49 25 0.0166721

50 25 0

0 26 0

1 26 0.0166392

2 26 0.0332128

3 26 0.0496553

4 26 0.0659018

5 26 0.0818882

6 26 0.0975515

7 26 0.11283

8 26 0.127663

9 26 0.141992

10 26 0.155761

11 26 0.168915

12 26 0.181402

13 26 0.193174

14 26 0.204183

15 26 0.214386

16 26 0.223743

17 26 0.232218

18 26 0.239775

19 26 0.246387

20 26 0.252026

21 26 0.25667

22 26 0.260302

23 26 0.262906

24 26 0.264473

25 26 0.264996

26 26 0.264473

27 26 0.262906

28 26 0.260302

29 26 0.25667

30 26 0.252026

31 26 0.246387

32 26 0.239775

33 26 0.232218

34 26 0.223743

35 26 0.214386

36 26 0.204183

37 26 0.193174

38 26 0.181402

39 26 0.168915

40 26 0.155761

41 26 0.141992

42 26 0.127663

43 26 0.11283

44 26 0.0975515

45 26 0.0818882

46 26 0.0659018

47 26 0.0496553

48 26 0.0332128

49 26 0.0166392

50 26 0

0 27 0

1 27 0.0165407

2 27 0.033016

3 27 0.0493611

4 27 0.0655114

5 27 0.0814031

6 27 0.0969736

7 27 0.112161

8 27 0.126906

9 27 0.141151

10 27 0.154838

11 27 0.167914

12 27 0.180328

13 27 0.192029

14 27 0.202973

15 27 0.213116

16 27 0.222418

17 27 0.230842

18 27 0.238355

19 27 0.244927

20 27 0.250533

21 27 0.25515

22 27 0.25876

23 27 0.261349

24 27 0.262906

25 27 0.263426

26 27 0.262906

27 27 0.261349

28 27 0.25876

29 27 0.25515

30 27 0.250533

31 27 0.244927

32 27 0.238355

33 27 0.230842

34 27 0.222418

35 27 0.213116

36 27 0.202973

37 27 0.192029

38 27 0.180328

39 27 0.167914

40 27 0.154838

41 27 0.141151

42 27 0.126906

43 27 0.112161

44 27 0.0969736

45 27 0.0814031

46 27 0.0655114

47 27 0.0493611

48 27 0.033016

49 27 0.0165407

50 27 0

0 28 0

1 28 0.0163768

2 28 0.032689

3 28 0.0488722

4 28 0.0648625

5 28 0.0805968

6 28 0.096013

7 28 0.11105

8 28 0.125649

9 28 0.139753

10 28 0.153304

11 28 0.166251

12 28 0.178541

13 28 0.190127

14 28 0.200963

15 28 0.211005

16 28 0.220215

17 28 0.228555

18 28 0.235994

19 28 0.242501

20 28 0.248051

21 28 0.252623

22 28 0.256197

23 28 0.25876

24 28 0.260302

25 28 0.260817

26 28 0.260302

27 28 0.25876

28 28 0.256197

29 28 0.252623

30 28 0.248051

31 28 0.242501

32 28 0.235994

33 28 0.228555

34 28 0.220215

35 28 0.211005

36 28 0.200963

37 28 0.190127

38 28 0.178541

39 28 0.166251

40 28 0.153304

41 28 0.139753

42 28 0.125649

43 28 0.11105

44 28 0.096013

45 28 0.0805968

46 28 0.0648625

47 28 0.0488722

48 28 0.032689

49 28 0.0163768

50 28 0

0 29 0

1 29 0.0161483

2 29 0.0322329

3 29 0.0481903

4 29 0.0639576

5 29 0.0794724

6 29 0.0946735

7 29 0.109501

8 29 0.123896

9 29 0.137803

10 29 0.151165

11 29 0.163931

12 29 0.17605

13 29 0.187475

14 29 0.198159

15 29 0.208061

16 29 0.217143

17 29 0.225367

18 29 0.232702

19 29 0.239118

20 29 0.244591

21 29 0.249098

22 29 0.252623

23 29 0.25515

24 29 0.25667

25 29 0.257178

26 29 0.25667

27 29 0.25515

28 29 0.252623

29 29 0.249098

30 29 0.244591

31 29 0.239118

32 29 0.232702

33 29 0.225367

34 29 0.217143

35 29 0.208061

36 29 0.198159

37 29 0.187475

38 29 0.17605

39 29 0.163931

40 29 0.151165

41 29 0.137803

42 29 0.123896

43 29 0.109501

44 29 0.0946735

45 29 0.0794724

46 29 0.0639576

47 29 0.0481903

48 29 0.0322329

49 29 0.0161483

50 29 0

0 30 0

1 30 0.0158561

2 30 0.0316497

3 30 0.0473183

4 30 0.0628002

5 30 0.0780343

6 30 0.0929604

7 30 0.10752

8 30 0.121655

9 30 0.135309

10 30 0.14843

11 30 0.160965

12 30 0.172865

13 30 0.184082

14 30 0.194573

15 30 0.204296

16 30 0.213213

17 30 0.221289

18 30 0.228491

19 30 0.234791

20 30 0.240165

21 30 0.244591

22 30 0.248051

23 30 0.250533

24 30 0.252026

25 30 0.252524

26 30 0.252026

27 30 0.250533

28 30 0.248051

29 30 0.244591

30 30 0.240165

31 30 0.234791

32 30 0.228491

33 30 0.221289

34 30 0.213213

35 30 0.204296

36 30 0.194573

37 30 0.184082

38 30 0.172865

39 30 0.160965

40 30 0.14843

41 30 0.135309

42 30 0.121655

43 30 0.10752

44 30 0.0929604

45 30 0.0780343

46 30 0.0628002

47 30 0.0473183

48 30 0.0316497

49 30 0.0158561

50 30 0

0 31 0

1 31 0.0155013

2 31 0.0309415

3 31 0.0462596

4 31 0.0613951

5 31 0.0762883

6 31 0.0908804

7 31 0.105114

8 31 0.118932

9 31 0.132282

10 31 0.145109

11 31 0.157363

12 31 0.168997

13 31 0.179963

14 31 0.19022

15 31 0.199725

16 31 0.208443

17 31 0.216337

18 31 0.223378

19 31 0.229538

20 31 0.234791

21 31 0.239118

22 31 0.242501

23 31 0.244927

24 31 0.246387

25 31 0.246874

26 31 0.246387

27 31 0.244927

28 31 0.242501

29 31 0.239118

30 31 0.234791

31 31 0.229538

32 31 0.223378

33 31 0.216337

34 31 0.208443

35 31 0.199725

36 31 0.19022

37 31 0.179963

38 31 0.168997

39 31 0.157363

40 31 0.145109

41 31 0.132282

42 31 0.118932

43 31 0.105114

44 31 0.0908804

45 31 0.0762883

46 31 0.0613951

47 31 0.0462596

48 31 0.0309415

49 31 0.0155013

50 31 0

0 32 0

1 32 0.0150854

2 32 0.0301112

3 32 0.0450183

4 32 0.0597476

5 32 0.0742412

6 32 0.0884417

7 32 0.102293

8 32 0.115741

9 32 0.128732

10 32 0.141215

11 32 0.153141

12 32 0.164462

13 32 0.175134

14 32 0.185115

15 32 0.194366

16 32 0.202849

17 32 0.210532

18 32 0.217384

19 32 0.223378

20 32 0.228491

21 32 0.232702

22 32 0.235994

23 32 0.238355

24 32 0.239775

25 32 0.240249

26 32 0.239775

27 32 0.238355

28 32 0.235994

29 32 0.232702

30 32 0.228491

31 32 0.223378

32 32 0.217384

33 32 0.210532

34 32 0.202849

35 32 0.194366

36 32 0.185115

37 32 0.175134

38 32 0.164462

39 32 0.153141

40 32 0.141215

41 32 0.128732

42 32 0.115741

43 32 0.102293

44 32 0.0884417

45 32 0.0742412

46 32 0.0597476

47 32 0.0450183

48 32 0.0301112

49 32 0.0150854

50 32 0

0 33 0

1 33 0.0146099

2 33 0.0291621

3 33 0.0435993

4 33 0.0578644

5 33 0.0719011

6 33 0.085654

7 33 0.0990689

8 33 0.112093

9 33 0.124674

10 33 0.136764

11 33 0.148314

12 33 0.159278

13 33 0.169614

14 33 0.179281

15 33 0.188239

16 33 0.196455

17 33 0.203896

18 33 0.210532

19 33 0.216337

20 33 0.221289

21 33 0.225367

22 33 0.228555

23 33 0.230842

24 33 0.232218

25 33 0.232677

26 33 0.232218

27 33 0.230842

28 33 0.228555

29 33 0.225367

30 33 0.221289

31 33 0.216337

32 33 0.210532

33 33 0.203896

34 33 0.196455

35 33 0.188239

36 33 0.179281

37 33 0.169614

38 33 0.159278

39 33 0.148314

40 33 0.136764

41 33 0.124674

42 33 0.112093

43 33 0.0990689

44 33 0.085654

45 33 0.0719011

46 33 0.0578644

47 33 0.0435993

48 33 0.0291621

49 33 0.0146099

50 33 0

0 34 0

1 34 0.0140767

2 34 0.0280979

3 34 0.0420082

4 34 0.0557527

5 34 0.0692772

6 34 0.0825283

7 34 0.0954536

8 34 0.108002

9 34 0.120125

10 34 0.131773

11 34 0.142901

12 34 0.153466

13 34 0.163424

14 34 0.172738

15 34 0.18137

16 34 0.189286

17 34 0.196455

18 34 0.202849

19 34 0.208443

20 34 0.213213

21 34 0.217143

22 34 0.220215

23 34 0.222418

24 34 0.223743

25 34 0.224186

26 34 0.223743

27 34 0.222418

28 34 0.220215

29 34 0.217143

30 34 0.213213

31 34 0.208443

32 34 0.202849

33 34 0.196455

34 34 0.189286

35 34 0.18137

36 34 0.172738

37 34 0.163424

38 34 0.153466

39 34 0.142901

40 34 0.131773

41 34 0.120125

42 34 0.108002

43 34 0.0954536

44 34 0.0825283

45 34 0.0692772

46 34 0.0557527

47 34 0.0420082

48 34 0.0280979

49 34 0.0140767

50 34 0

0 35 0

1 35 0.013488

2 35 0.0269228

3 35 0.0402514

4 35 0.0534211

5 35 0.0663799

6 35 0.0790768

7 35 0.0914616

8 35 0.103486

9 35 0.115101

10 35 0.126262

11 35 0.136925

12 35 0.147048

13 35 0.15659

14 35 0.165514

15 35 0.173785

16 35 0.18137

17 35 0.188239

18 35 0.194366

19 35 0.199725

20 35 0.204296

21 35 0.208061

22 35 0.211005

23 35 0.213116

24 35 0.214386

25 35 0.21481

26 35 0.214386

27 35 0.213116

28 35 0.211005

29 35 0.208061

30 35 0.204296

31 35 0.199725

32 35 0.194366

33 35 0.188239

34 35 0.18137

35 35 0.173785

36 35 0.165514

37 35 0.15659

38 35 0.147048

39 35 0.136925

40 35 0.126262

41 35 0.115101

42 35 0.103486

43 35 0.0914616

44 35 0.0790768

45 35 0.0663799

46 35 0.0534211

47 35 0.0402514

48 35 0.0269228

49 35 0.013488

50 35 0

0 36 0

1 36 0.0128461

2 36 0.0256415

3 36 0.0383357

4 36 0.0508786

5 36 0.0632207

6 36 0.0753133

7 36 0.0871087

8 36 0.0985603

9 36 0.109623

10 36 0.120253

11 36 0.130408

12 36 0.140049

13 36 0.149137

14 36 0.157637

15 36 0.165514

16 36 0.172738

17 36 0.179281

18 36 0.185115

19 36 0.19022

20 36 0.194573

21 36 0.198159

22 36 0.200963

23 36 0.202973

24 36 0.204183

25 36 0.204586

26 36 0.204183

27 36 0.202973

28 36 0.200963

29 36 0.198159

30 36 0.194573

31 36 0.19022

32 36 0.185115

33 36 0.179281

34 36 0.172738

35 36 0.165514

36 36 0.157637

37 36 0.149137

38 36 0.140049

39 36 0.130408

40 36 0.120253

41 36 0.109623

42 36 0.0985603

43 36 0.0871087

44 36 0.0753133

45 36 0.0632207

46 36 0.0508786

47 36 0.0383357

48 36 0.0256415

49 36 0.0128461

50 36 0

0 37 0

1 37 0.0121535

2 37 0.0242589

3 37 0.0362687

4 37 0.0481353

5 37 0.059812

6 37 0.0712526

7 37 0.082412

8 37 0.0932461

9 37 0.103712

10 37 0.113769

11 37 0.123377

12 37 0.132498

13 37 0.141096

14 37 0.149137

15 37 0.15659

16 37 0.163424

17 37 0.169614

18 37 0.175134

19 37 0.179963

20 37 0.184082

21 37 0.187475

22 37 0.190127

23 37 0.192029

24 37 0.193174

25 37 0.193556

26 37 0.193174

27 37 0.192029

28 37 0.190127

29 37 0.187475

30 37 0.184082

31 37 0.179963

32 37 0.175134

33 37 0.169614

34 37 0.163424

35 37 0.15659

36 37 0.149137

37 37 0.141096

38 37 0.132498

39 37 0.123377

40 37 0.113769

41 37 0.103712

42 37 0.0932461

43 37 0.082412

44 37 0.0712526

45 37 0.059812

46 37 0.0481353

47 37 0.0362687

48 37 0.0242589

49 37 0.0121535

50 37 0

0 38 0

1 38 0.0114129

2 38 0.0227807

3 38 0.0340586

4 38 0.0452021

5 38 0.0561672

6 38 0.0669106

7 38 0.07739

8 38 0.0875639

9 38 0.0973923

10 38 0.106836

11 38 0.115859

12 38 0.124424

13 38 0.132498

14 38 0.140049

15 38 0.147048

16 38 0.153466

17 38 0.159278

18 38 0.164462

19 38 0.168997

20 38 0.172865

21 38 0.17605

22 38 0.178541

23 38 0.180328

24 38 0.181402

25 38 0.181761

26 38 0.181402

27 38 0.180328

28 38 0.178541

29 38 0.17605

30 38 0.172865

31 38 0.168997

32 38 0.164462

33 38 0.159278

34 38 0.153466

35 38 0.147048

36 38 0.140049

37 38 0.132498

38 38 0.124424

39 38 0.115859

40 38 0.106836

41 38 0.0973923

42 38 0.0875639

43 38 0.07739

44 38 0.0669106

45 38 0.0561672

46 38 0.0452021

47 38 0.0340586

48 38 0.0227807

49 38 0.0114129

50 38 0

0 39 0

1 39 0.0106272

2 39 0.0212125

3 39 0.031714

4 39 0.0420904

5 39 0.0523007

6 39 0.0623046

7 39 0.0720626

8 39 0.0815362

9 39 0.090688

10 39 0.0994819

11 39 0.107883

12 39 0.115859

13 39 0.123377

14 39 0.130408

15 39 0.136925

16 39 0.142901

17 39 0.148314

18 39 0.153141

19 39 0.157363

20 39 0.160965

21 39 0.163931

22 39 0.166251

23 39 0.167914

24 39 0.168915

25 39 0.169249

26 39 0.168915

27 39 0.167914

28 39 0.166251

29 39 0.163931

30 39 0.160965

31 39 0.157363

32 39 0.153141

33 39 0.148314

34 39 0.142901

35 39 0.136925

36 39 0.130408

37 39 0.123377

38 39 0.115859

39 39 0.107883

40 39 0.0994819

41 39 0.090688

42 39 0.0815362

43 39 0.0720626

44 39 0.0623046

45 39 0.0523007

46 39 0.0420904

47 39 0.031714

48 39 0.0212125

49 39 0.0106272

50 39 0

0 40 0

1 40 0.00979963

2 40 0.0195606

3 40 0.0292443

4 40 0.0388127

5 40 0.0482278

6 40 0.0574527

7 40 0.0664508

8 40 0.0751866

9 40 0.0836257

10 40 0.0917348

11 40 0.0994819

12 40 0.106836

13 40 0.113769

14 40 0.120253

15 40 0.126262

16 40 0.131773

17 40 0.136764

18 40 0.141215

19 40 0.145109

20 40 0.14843

21 40 0.151165

22 40 0.153304

23 40 0.154838

24 40 0.155761

25 40 0.156069

26 40 0.155761

27 40 0.154838

28 40 0.153304

29 40 0.151165

30 40 0.14843

31 40 0.145109

32 40 0.141215

33 40 0.136764

34 40 0.131773

35 40 0.126262

36 40 0.120253

37 40 0.113769

38 40 0.106836

39 40 0.0994819

40 40 0.0917348

41 40 0.0836257

42 40 0.0751866

43 40 0.0664508

44 40 0.0574527

45 40 0.0482278

46 40 0.0388127

47 40 0.0292443

48 40 0.0195606

49 40 0.00979963

50 40 0

0 41 0

1 41 0.00893337

2 41 0.0178315

3 41 0.0266592

4 41 0.0353818

5 41 0.0439647

6 41 0.052374

7 41 0.0605767

8 41 0.0685403

9 41 0.0762335

10 41 0.0836257

11 41 0.090688

12 41 0.0973923

13 41 0.103712

14 41 0.109623

15 41 0.115101

16 41 0.120125

17 41 0.124674

18 41 0.128732

19 41 0.132282

20 41 0.135309

21 41 0.137803

22 41 0.139753

23 41 0.141151

24 41 0.141992

25 41 0.142273

26 41 0.141992

27 41 0.141151

28 41 0.139753

29 41 0.137803

30 41 0.135309

31 41 0.132282

32 41 0.128732

33 41 0.124674

34 41 0.120125

35 41 0.115101

36 41 0.109623

37 41 0.103712

38 41 0.0973923

39 41 0.090688

40 41 0.0836257

41 41 0.0762335

42 41 0.0685403

43 41 0.0605767

44 41 0.052374

45 41 0.0439647

46 41 0.0353818

47 41 0.0266592

48 41 0.0178315

49 41 0.00893337

50 41 0

0 42 0

1 42 0.00803186

2 42 0.016032

3 42 0.0239689

4 42 0.0318112

5 42 0.0395279

6 42 0.0470887

7 42 0.0544636

8 42 0.0616236

9 42 0.0685403

10 42 0.0751866

11 42 0.0815362

12 42 0.0875639

13 42 0.0932461

14 42 0.0985603

15 42 0.103486

16 42 0.108002

17 42 0.112093

18 42 0.115741

19 42 0.118932

20 42 0.121655

21 42 0.123896

22 42 0.125649

23 42 0.126906

24 42 0.127663

25 42 0.127915

26 42 0.127663

27 42 0.126906

28 42 0.125649

29 42 0.123896

30 42 0.121655

31 42 0.118932

32 42 0.115741

33 42 0.112093

34 42 0.108002

35 42 0.103486

36 42 0.0985603

37 42 0.0932461

38 42 0.0875639

39 42 0.0815362

40 42 0.0751866

41 42 0.0685403

42 42 0.0616236

43 42 0.0544636

44 42 0.0470887

45 42 0.0395279

46 42 0.0318112

47 42 0.0239689

48 42 0.016032

49 42 0.00803186

50 42 0

0 43 0

1 43 0.00709864

2 43 0.0141693

3 43 0.021184

4 43 0.0281151

5 43 0.0349352

6 43 0.0416175

7 43 0.0481355

8 43 0.0544636

9 43 0.0605767

10 43 0.0664508

11 43 0.0720626

12 43 0.07739

13 43 0.082412

14 43 0.0871087

15 43 0.0914616

16 43 0.0954536

17 43 0.0990689

18 43 0.102293

19 43 0.105114

20 43 0.10752

21 43 0.109501

22 43 0.11105

23 43 0.112161

24 43 0.11283

25 43 0.113053

26 43 0.11283

27 43 0.112161

28 43 0.11105

29 43 0.109501

30 43 0.10752

31 43 0.105114

32 43 0.102293

33 43 0.0990689

34 43 0.0954536

35 43 0.0914616

36 43 0.0871087

37 43 0.082412

38 43 0.07739

39 43 0.0720626

40 43 0.0664508

41 43 0.0605767

42 43 0.0544636

43 43 0.0481355

44 43 0.0416175

45 43 0.0349352

46 43 0.0281151

47 43 0.021184

48 43 0.0141693

49 43 0.00709864

50 43 0

0 44 0

1 44 0.00613742

2 44 0.0122506

3 44 0.0183155

4 44 0.024308

5 44 0.0302047

6 44 0.0359821

7 44 0.0416175

8 44 0.0470887

9 44 0.052374

10 44 0.0574527

11 44 0.0623046

12 44 0.0669106

13 44 0.0712526

14 44 0.0753133

15 44 0.0790768

16 44 0.0825283

17 44 0.085654

18 44 0.0884417

19 44 0.0908804

20 44 0.0929604

21 44 0.0946735

22 44 0.096013

23 44 0.0969736

24 44 0.0975515

25 44 0.0977443

26 44 0.0975515

27 44 0.0969736

28 44 0.096013

29 44 0.0946735

30 44 0.0929604

31 44 0.0908804

32 44 0.0884417

33 44 0.085654

34 44 0.0825283

35 44 0.0790768

36 44 0.0753133

37 44 0.0712526

38 44 0.0669106

39 44 0.0623046

40 44 0.0574527

41 44 0.052374

42 44 0.0470887

43 44 0.0416175

44 44 0.0359821

45 44 0.0302047

46 44 0.024308

47 44 0.0183155

48 44 0.0122506

49 44 0.00613742

50 44 0

0 45 0

1 45 0.00515197

2 45 0.0102836

3 45 0.0153747

4 45 0.020405

5 45 0.0253549

6 45 0.0302047

7 45 0.0349352

8 45 0.0395279

9 45 0.0439647

10 45 0.0482278

11 45 0.0523007

12 45 0.0561672

13 45 0.059812

14 45 0.0632207

15 45 0.0663799

16 45 0.0692772

17 45 0.0719011

18 45 0.0742412

19 45 0.0762883

20 45 0.0780343

21 45 0.0794724

22 45 0.0805968

23 45 0.0814031

24 45 0.0818882

25 45 0.0820501

26 45 0.0818882

27 45 0.0814031

28 45 0.0805968

29 45 0.0794724

30 45 0.0780343

31 45 0.0762883

32 45 0.0742412

33 45 0.0719011

34 45 0.0692772

35 45 0.0663799

36 45 0.0632207

37 45 0.059812

38 45 0.0561672

39 45 0.0523007

40 45 0.0482278

41 45 0.0439647

42 45 0.0395279

43 45 0.0349352

44 45 0.0302047

45 45 0.0253549

46 45 0.020405

47 45 0.0153747

48 45 0.0102836

49 45 0.00515197

50 45 0

0 46 0

1 46 0.00414619

2 46 0.00827601

3 46 0.0123732

4 46 0.0164215

5 46 0.020405

6 46 0.024308

7 46 0.0281151

8 46 0.0318112

9 46 0.0353818

10 46 0.0388127

11 46 0.0420904

12 46 0.0452021

13 46 0.0481353

14 46 0.0508786

15 46 0.0534211

16 46 0.0557527

17 46 0.0578644

18 46 0.0597476

19 46 0.0613951

20 46 0.0628002

21 46 0.0639576

22 46 0.0648625

23 46 0.0655114

24 46 0.0659018

25 46 0.0660321

26 46 0.0659018

27 46 0.0655114

28 46 0.0648625

29 46 0.0639576

30 46 0.0628002

31 46 0.0613951

32 46 0.0597476

33 46 0.0578644

34 46 0.0557527

35 46 0.0534211

36 46 0.0508786

37 46 0.0481353

38 46 0.0452021

39 46 0.0420904

40 46 0.0388127

41 46 0.0353818

42 46 0.0318112

43 46 0.0281151

44 46 0.024308

45 46 0.020405

46 46 0.0164215

47 46 0.0123732

48 46 0.00827601

49 46 0.00414619

50 46 0

0 47 0

1 47 0.00312404

2 47 0.00623576

3 47 0.00932287

4 47 0.0123732

5 47 0.0153747

6 47 0.0183155

7 47 0.021184

8 47 0.0239689

9 47 0.0266592

10 47 0.0292443

11 47 0.031714

12 47 0.0340586

13 47 0.0362687

14 47 0.0383357

15 47 0.0402514

16 47 0.0420082

17 47 0.0435993

18 47 0.0450183

19 47 0.0462596

20 47 0.0473183

21 47 0.0481903

22 47 0.0488722

23 47 0.0493611

24 47 0.0496553

25 47 0.0497534

26 47 0.0496553

27 47 0.0493611

28 47 0.0488722

29 47 0.0481903

30 47 0.0473183

31 47 0.0462596

32 47 0.0450183

33 47 0.0435993

34 47 0.0420082

35 47 0.0402514

36 47 0.0383357

37 47 0.0362687

38 47 0.0340586

39 47 0.031714

40 47 0.0292443

41 47 0.0266592

42 47 0.0239689

43 47 0.021184

44 47 0.0183155

45 47 0.0153747

46 47 0.0123732

47 47 0.00932287

48 47 0.00623576

49 47 0.00312404

50 47 0

0 48 0

1 48 0.00208957

2 48 0.0041709

3 48 0.00623576

4 48 0.00827601

5 48 0.0102836

6 48 0.0122506

7 48 0.0141693

8 48 0.016032

9 48 0.0178315

10 48 0.0195606

11 48 0.0212125

12 48 0.0227807

13 48 0.0242589

14 48 0.0256415

15 48 0.0269228

16 48 0.0280979

17 48 0.0291621

18 48 0.0301112

19 48 0.0309415

20 48 0.0316497

21 48 0.0322329

22 48 0.032689

23 48 0.033016

24 48 0.0332128

25 48 0.0332784

26 48 0.0332128

27 48 0.033016

28 48 0.032689

29 48 0.0322329

30 48 0.0316497

31 48 0.0309415

32 48 0.0301112

33 48 0.0291621

34 48 0.0280979

35 48 0.0269228

36 48 0.0256415

37 48 0.0242589

38 48 0.0227807

39 48 0.0212125

40 48 0.0195606

41 48 0.0178315

42 48 0.016032

43 48 0.0141693

44 48 0.0122506

45 48 0.0102836

46 48 0.00827601

47 48 0.00623576

48 48 0.0041709

49 48 0.00208957

50 48 0

0 49 0

1 49 0.00104685

2 49 0.00208957

3 49 0.00312404

4 49 0.00414619

5 49 0.00515197

6 49 0.00613742

7 49 0.00709864

8 49 0.00803186

9 49 0.00893337

10 49 0.00979963

11 49 0.0106272

12 49 0.0114129

13 49 0.0121535

14 49 0.0128461

15 49 0.013488

16 49 0.0140767

17 49 0.0146099

18 49 0.0150854

19 49 0.0155013

20 49 0.0158561

21 49 0.0161483

22 49 0.0163768

23 49 0.0165407

24 49 0.0166392

25 49 0.0166721

26 49 0.0166392

27 49 0.0165407

28 49 0.0163768

29 49 0.0161483

30 49 0.0158561

31 49 0.0155013

32 49 0.0150854

33 49 0.0146099

34 49 0.0140767

35 49 0.013488

36 49 0.0128461

37 49 0.0121535

38 49 0.0114129

39 49 0.0106272

40 49 0.00979963

41 49 0.00893337

42 49 0.00803186

43 49 0.00709864

44 49 0.00613742

45 49 0.00515197

46 49 0.00414619

47 49 0.00312404

48 49 0.00208957

49 49 0.00104685

50 49 0

