0 1 0

1 1 0.000460653

2 1 0.000919487

3 1 0.00137469

4 1 0.00182447

5 1 0.00226705

6 1 0.00270069

7 1 0.00312366

8 1 0.00353431

9 1 0.00393101

10 1 0.00431219

11 1 0.00467636

12 1 0.00502207

13 1 0.00534796

14 1 0.00565275

15 1 0.00593522

16 1 0.00619428

17 1 0.00642888

18 1 0.00663812

19 1 0.00682116

20 1 0.00697727

21 1 0.00710586

22 1 0.00720639

23 1 0.00727849

24 1 0.00732186

25 1 0.00733634

26 1 0.00732186

27 1 0.00727849

28 1 0.00720639

29 1 0.00710586

30 1 0.00697727

31 1 0.00682116

32 1 0.00663812

33 1 0.00642888

34 1 0.00619428

35 1 0.00593522

36 1 0.00565275

37 1 0.00534796

38 1 0.00502207

39 1 0.00467636

40 1 0.00431219

41 1 0.00393101

42 1 0.00353431

43 1 0.00312366

44 1 0.00270069

45 1 0.00226705

46 1 0.00182447

47 1 0.00137469

48 1 0.000919487

49 1 0.000460653

50 1 0

0 2 0

1 2 0.000919487

2 2 0.00183535

3 2 0.00274396

4 2 0.00364175

5 2 0.00452516

6 2 0.00539072

7 2 0.006235

8 2 0.00705467

9 2 0.0078465

10 2 0.00860737

11 2 0.00933426

12 2 0.0100243

13 2 0.0106748

14 2 0.0112832

15 2 0.011847

16 2 0.0123641

17 2 0.0128324

18 2 0.01325

19 2 0.0136154

20 2 0.013927

21 2 0.0141837

22 2 0.0143843

23 2 0.0145283

24 2 0.0146148

25 2 0.0146437

26 2 0.0146148

27 2 0.0145283

28 2 0.0143843

29 2 0.0141837

30 2 0.013927

31 2 0.0136154

32 2 0.01325

33 2 0.0128324

34 2 0.0123641

35 2 0.011847

36 2 0.0112832

37 2 0.0106748

38 2 0.0100243

39 2 0.00933426

40 2 0.00860737

41 2 0.0078465

42 2 0.00705467

43 2 0.006235

44 2 0.00539072

45 2 0.00452516

46 2 0.00364175

47 2 0.00274396

48 2 0.00183535

49 2 0.000919487

50 2 0

0 3 0

1 3 0.00137469

2 3 0.00274396

3 3 0.0041024

4 3 0.00544465

5 3 0.00676541

6 3 0.00805947

7 3 0.00932172

8 3 0.0105472

9 3 0.011731

10 3 0.0128686

11 3 0.0139553

12 3 0.014987

13 3 0.0159595

14 3 0.0168691

15 3 0.0177121

16 3 0.0184851

17 3 0.0191853

18 3 0.0198097

19 3 0.0203559

20 3 0.0208218

21 3 0.0212055

22 3 0.0215055

23 3 0.0217207

24 3 0.0218501

25 3 0.0218933

26 3 0.0218501

27 3 0.0217207

28 3 0.0215055

29 3 0.0212055

30 3 0.0208218

31 3 0.0203559

32 3 0.0198097

33 3 0.0191853

34 3 0.0184851

35 3 0.0177121

36 3 0.0168691

37 3 0.0159595

38 3 0.014987

39 3 0.0139553

40 3 0.0128686

41 3 0.011731

42 3 0.0105472

43 3 0.00932172

44 3 0.00805947

45 3 0.00676541

46 3 0.00544465

47 3 0.0041024

48 3 0.00274396

49 3 0.00137469

50 3 0

0 4 0

1 4 0.00182447

2 4 0.00364175

3 4 0.00544465

4 4 0.00722606

5 4 0.00897896

6 4 0.0106964

7 4 0.0123717

8 4 0.0139981

9 4 0.0155693

10 4 0.017079

11 4 0.0185213

12 4 0.0198906

13 4 0.0211813

14 4 0.0223884

15 4 0.0235072

16 4 0.0245332

17 4 0.0254624

18 4 0.0262911

19 4 0.0270161

20 4 0.0276344

21 4 0.0281436

22 4 0.0285418

23 4 0.0288274

24 4 0.0289992

25 4 0.0290565

26 4 0.0289992

27 4 0.0288274

28 4 0.0285418

29 4 0.0281436

30 4 0.0276344

31 4 0.0270161

32 4 0.0262911

33 4 0.0254624

34 4 0.0245332

35 4 0.0235072

36 4 0.0223884

37 4 0.0211813

38 4 0.0198906

39 4 0.0185213

40 4 0.017079

41 4 0.0155693

42 4 0.0139981

43 4 0.0123717

44 4 0.0106964

45 4 0.00897896

46 4 0.00722606

47 4 0.00544465

48 4 0.00364175

49 4 0.00182447

50 4 0

0 5 0

1 5 0.00226705

2 5 0.00452516

3 5 0.00676541

4 5 0.00897896

5 5 0.0111571

6 5 0.0132911

7 5 0.0153728

8 5 0.0173937

9 5 0.019346

10 5 0.021222

11 5 0.0230142

12 5 0.0247156

13 5 0.0263194

14 5 0.0278194

15 5 0.0292096

16 5 0.0304845

17 5 0.0316391

18 5 0.0326688

19 5 0.0335696

20 5 0.0343379

21 5 0.0349707

22 5 0.0354655

23 5 0.0358203

24 5 0.0360338

25 5 0.036105

26 5 0.0360338

27 5 0.0358203

28 5 0.0354655

29 5 0.0349707

30 5 0.0343379

31 5 0.0335696

32 5 0.0326688

33 5 0.0316391

34 5 0.0304845

35 5 0.0292096

36 5 0.0278194

37 5 0.0263194

38 5 0.0247156

39 5 0.0230142

40 5 0.021222

41 5 0.019346

42 5 0.0173937

43 5 0.0153728

44 5 0.0132911

45 5 0.0111571

46 5 0.00897896

47 5 0.00676541

48 5 0.00452516

49 5 0.00226705

50 5 0

0 6 0

1 6 0.00270069

2 6 0.00539072

3 6 0.00805947

4 6 0.0106964

5 6 0.0132911

6 6 0.0158334

7 6 0.0183132

8 6 0.0207207

9 6 0.0230465

10 6 0.0252813

11 6 0.0274163

12 6 0.0294431

13 6 0.0313537

14 6 0.0331406

15 6 0.0347967

16 6 0.0363154

17 6 0.0376909

18 6 0.0389176

19 6 0.0399907

20 6 0.0409059

21 6 0.0416598

22 6 0.0422492

23 6 0.0426719

24 6 0.0429262

25 6 0.0430111

26 6 0.0429262

27 6 0.0426719

28 6 0.0422492

29 6 0.0416598

30 6 0.0409059

31 6 0.0399907

32 6 0.0389176

33 6 0.0376909

34 6 0.0363154

35 6 0.0347967

36 6 0.0331406

37 6 0.0313537

38 6 0.0294431

39 6 0.0274163

40 6 0.0252813

41 6 0.0230465

42 6 0.0207207

43 6 0.0183132

44 6 0.0158334

45 6 0.0132911

46 6 0.0106964

47 6 0.00805947

48 6 0.00539072

49 6 0.00270069

50 6 0

0 7 0

1 7 0.00312366

2 7 0.006235

3 7 0.00932172

4 7 0.0123717

5 7 0.0153728

6 7 0.0183132

7 7 0.0211814

8 7 0.023966

9 7 0.026656

10 7 0.0292408

11 7 0.0317102

12 7 0.0340544

13 7 0.0362643

14 7 0.038331

15 7 0.0402464

16 7 0.0420031

17 7 0.0435939

18 7 0.0450127

19 7 0.0462539

20 7 0.0473125

21 7 0.0481844

22 7 0.0488662

23 7 0.0493551

24 7 0.0496492

25 7 0.0497473

26 7 0.0496492

27 7 0.0493551

28 7 0.0488662

29 7 0.0481844

30 7 0.0473125

31 7 0.0462539

32 7 0.0450127

33 7 0.0435939

34 7 0.0420031

35 7 0.0402464

36 7 0.038331

37 7 0.0362643

38 7 0.0340544

39 7 0.0317102

40 7 0.0292408

41 7 0.026656

42 7 0.023966

43 7 0.0211814

44 7 0.0183132

45 7 0.0153728

46 7 0.0123717

47 7 0.00932172

48 7 0.006235

49 7 0.00312366

50 7 0

0 8 0

1 8 0.00353431

2 8 0.00705467

3 8 0.0105472

4 8 0.0139981

5 8 0.0173937

6 8 0.0207207

7 8 0.023966

8 8 0.0271166

9 8 0.0301602

10 8 0.0330848

11 8 0.0358789

12 8 0.0385313

13 8 0.0410317

14 8 0.0433701

15 8 0.0455374

16 8 0.0475249

17 8 0.0493249

18 8 0.0509303

19 8 0.0523346

20 8 0.0535324

21 8 0.0545189

22 8 0.0552903

23 8 0.0558435

24 8 0.0561762

25 8 0.0562873

26 8 0.0561762

27 8 0.0558435

28 8 0.0552903

29 8 0.0545189

30 8 0.0535324

31 8 0.0523346

32 8 0.0509303

33 8 0.0493249

34 8 0.0475249

35 8 0.0455374

36 8 0.0433701

37 8 0.0410317

38 8 0.0385313

39 8 0.0358789

40 8 0.0330848

41 8 0.0301602

42 8 0.0271166

43 8 0.023966

44 8 0.0207207

45 8 0.0173937

46 8 0.0139981

47 8 0.0105472

48 8 0.00705467

49 8 0.00353431

50 8 0

0 9 0

1 9 0.00393101

2 9 0.0078465

3 9 0.011731

4 9 0.0155693

5 9 0.019346

6 9 0.0230465

7 9 0.026656

8 9 0.0301602

9 9 0.0335455

10 9 0.0367984

11 9 0.039906

12 9 0.0428561

13 9 0.0456372

14 9 0.0482381

15 9 0.0506486

16 9 0.0528592

17 9 0.0548613

18 9 0.0566468

19 9 0.0582088

20 9 0.059541

21 9 0.0606383

22 9 0.0614962

23 9 0.0621115

24 9 0.0624816

25 9 0.0626051

26 9 0.0624816

27 9 0.0621115

28 9 0.0614962

29 9 0.0606383

30 9 0.059541

31 9 0.0582088

32 9 0.0566468

33 9 0.0548613

34 9 0.0528592

35 9 0.0506486

36 9 0.0482381

37 9 0.0456372

38 9 0.0428561

39 9 0.039906

40 9 0.0367984

41 9 0.0335455

42 9 0.0301602

43 9 0.026656

44 9 0.0230465

45 9 0.019346

46 9 0.0155693

47 9 0.011731

48 9 0.0078465

49 9 0.00393101

50 9 0

0 10 0

1 10 0.00431219

2 10 0.00860737

3 10 0.0128686

4 10 0.017079

5 10 0.021222

6 10 0.0252813

7 10 0.0292408

8 10 0.0330848

9 10 0.0367984

10 10 0.0403667

11 10 0.0437756

12 10 0.0470119

13 10 0.0500625

14 10 0.0529157

15 10 0.0555599

16 10 0.0579849

17 10 0.0601811

18 10 0.0621398

19 10 0.0638532

20 10 0.0653146

21 10 0.0665183

22 10 0.0674594

23 10 0.0681343

24 10 0.0685403

25 10 0.0686758

26 10 0.0685403

27 10 0.0681343

28 10 0.0674594

29 10 0.0665183

30 10 0.0653146

31 10 0.0638532

32 10 0.0621398

33 10 0.0601811

34 10 0.0579849

35 10 0.0555599

36 10 0.0529157

37 10 0.0500625

38 10 0.0470119

39 10 0.0437756

40 10 0.0403667

41 10 0.0367984

42 10 0.0330848

43 10 0.0292408

44 10 0.0252813

45 10 0.021222

46 10 0.017079

47 10 0.0128686

48 10 0.00860737

49 10 0.00431219

50 10 0

0 11 0

1 11 0.00467636

2 11 0.00933426

3 11 0.0139553

4 11 0.0185213

5 11 0.0230142

6 11 0.0274163

7 11 0.0317102

8 11 0.0358789

9 11 0.039906

10 11 0.0437756

11 11 0.0474725

12 11 0.050982

13 11 0.0542903

14 11 0.0573844

15 11 0.060252

16 11 0.0628818

17 11 0.0652634

18 11 0.0673875

19 11 0.0692456

20 11 0.0708305

21 11 0.0721358

22 11 0.0731564

23 11 0.0738883

24 11 0.0743286

25 11 0.0744756

26 11 0.0743286

27 11 0.0738883

28 11 0.0731564

29 11 0.0721358

30 11 0.0708305

31 11 0.0692456

32 11 0.0673875

33 11 0.0652634

34 11 0.0628818

35 11 0.060252

36 11 0.0573844

37 11 0.0542903

38 11 0.050982

39 11 0.0474725

40 11 0.0437756

41 11 0.039906

42 11 0.0358789

43 11 0.0317102

44 11 0.0274163

45 11 0.0230142

46 11 0.0185213

47 11 0.0139553

48 11 0.00933426

49 11 0.00467636

50 11 0

0 12 0

1 12 0.00502207

2 12 0.0100243

3 12 0.014987

4 12 0.0198906

5 12 0.0247156

6 12 0.0294431

7 12 0.0340544

8 12 0.0385313

9 12 0.0428561

10 12 0.0470119

11 12 0.050982

12 12 0.054751

13 12 0.0583039

14 12 0.0616267

15 12 0.0647063

16 12 0.0675305

17 12 0.0700882

18 12 0.0723693

19 12 0.0743648

20 12 0.0760668

21 12 0.0774686

22 12 0.0785647

23 12 0.0793507

24 12 0.0798235

25 12 0.0799813

26 12 0.0798235

27 12 0.0793507

28 12 0.0785647

29 12 0.0774686

30 12 0.0760668

31 12 0.0743648

32 12 0.0723693

33 12 0.0700882

34 12 0.0675305

35 12 0.0647063

36 12 0.0616267

37 12 0.0583039

38 12 0.054751

39 12 0.050982

40 12 0.0470119

41 12 0.0428561

42 12 0.0385313

43 12 0.0340544

44 12 0.0294431

45 12 0.0247156

46 12 0.0198906

47 12 0.014987

48 12 0.0100243

49 12 0.00502207

50 12 0

0 13 0

1 13 0.00534796

2 13 0.0106748

3 13 0.0159595

4 13 0.0211813

5 13 0.0263194

6 13 0.0313537

7 13 0.0362643

8 13 0.0410317

9 13 0.0456372

10 13 0.0500625

11 13 0.0542903

12 13 0.0583039

13 13 0.0620873

14 13 0.0656258

15 13 0.0689052

16 13 0.0719127

17 13 0.0746363

18 13 0.0770655

19 13 0.0791904

20 13 0.0810029

21 13 0.0824957

22 13 0.0836629

23 13 0.0844999

24 13 0.0850034

25 13 0.0851715

26 13 0.0850034

27 13 0.0844999

28 13 0.0836629

29 13 0.0824957

30 13 0.0810029

31 13 0.0791904

32 13 0.0770655

33 13 0.0746363

34 13 0.0719127

35 13 0.0689052

36 13 0.0656258

37 13 0.0620873

38 13 0.0583039

39 13 0.0542903

40 13 0.0500625

41 13 0.0456372

42 13 0.0410317

43 13 0.0362643

44 13 0.0313537

45 13 0.0263194

46 13 0.0211813

47 13 0.0159595

48 13 0.0106748

49 13 0.00534796

50 13 0

0 14 0

1 14 0.00565275

2 14 0.0112832

3 14 0.0168691

4 14 0.0223884

5 14 0.0278194

6 14 0.0331406

7 14 0.038331

8 14 0.0433701

9 14 0.0482381

10 14 0.0529157

11 14 0.0573844

12 14 0.0616267

13 14 0.0656258

14 14 0.0693658

15 14 0.0728321

16 14 0.076011

17 14 0.0788899

18 14 0.0814575

19 14 0.0837036

20 14 0.0856193

21 14 0.0871972

22 14 0.0884309

23 14 0.0893156

24 14 0.0898478

25 14 0.0900255

26 14 0.0898478

27 14 0.0893156

28 14 0.0884309

29 14 0.0871972

30 14 0.0856193

31 14 0.0837036

32 14 0.0814575

33 14 0.0788899

34 14 0.076011

35 14 0.0728321

36 14 0.0693658

37 14 0.0656258

38 14 0.0616267

39 14 0.0573844

40 14 0.0529157

41 14 0.0482381

42 14 0.0433701

43 14 0.038331

44 14 0.0331406

45 14 0.0278194

46 14 0.0223884

47 14 0.0168691

48 14 0.0112832

49 14 0.00565275

50 14 0

0 15 0

1 15 0.00593522

2 15 0.011847

3 15 0.0177121

4 15 0.0235072

5 15 0.0292096

6 15 0.0347967

7 15 0.0402464

8 15 0.0455374

9 15 0.0506486

10 15 0.0555599

11 15 0.060252

12 15 0.0647063

13 15 0.0689052

14 15 0.0728321

15 15 0.0764717

16 15 0.0798094

17 15 0.0828322

18 15 0.0855281

19 15 0.0878864

20 15 0.0898979

21 15 0.0915545

22 15 0.0928499

23 15 0.0937788

24 15 0.0943377

25 15 0.0945242

26 15 0.0943377

27 15 0.0937788

28 15 0.0928499

29 15 0.0915545

30 15 0.0898979

31 15 0.0878864

32 15 0.0855281

33 15 0.0828322

34 15 0.0798094

35 15 0.0764717

36 15 0.0728321

37 15 0.0689052

38 15 0.0647063

39 15 0.060252

40 15 0.0555599

41 15 0.0506486

42 15 0.0455374

43 15 0.0402464

44 15 0.0347967

45 15 0.0292096

46 15 0.0235072

47 15 0.0177121

48 15 0.011847

49 15 0.00593522

50 15 0

0 16 0

1 16 0.00619428

2 16 0.0123641

3 16 0.0184851

4 16 0.0245332

5 16 0.0304845

6 16 0.0363154

7 16 0.0420031

8 16 0.0475249

9 16 0.0528592

10 16 0.0579849

11 16 0.0628818

12 16 0.0675305

13 16 0.0719127

14 16 0.076011

15 16 0.0798094

16 16 0.0832928

17 16 0.0864475

18 16 0.0892611

19 16 0.0917223

20 16 0.0938216

21 16 0.0955506

22 16 0.0969025

23 16 0.097872

24 16 0.0984552

25 16 0.0986499

26 16 0.0984552

27 16 0.097872

28 16 0.0969025

29 16 0.0955506

30 16 0.0938216

31 16 0.0917223

32 16 0.0892611

33 16 0.0864475

34 16 0.0832928

35 16 0.0798094

36 16 0.076011

37 16 0.0719127

38 16 0.0675305

39 16 0.0628818

40 16 0.0579849

41 16 0.0528592

42 16 0.0475249

43 16 0.0420031

44 16 0.0363154

45 16 0.0304845

46 16 0.0245332

47 16 0.0184851

48 16 0.0123641

49 16 0.00619428

50 16 0

0 17 0

1 17 0.00642888

2 17 0.0128324

3 17 0.0191853

4 17 0.0254624

5 17 0.0316391

6 17 0.0376909

7 17 0.0435939

8 17 0.0493249

9 17 0.0548613

10 17 0.0601811

11 17 0.0652634

12 17 0.0700882

13 17 0.0746363

14 17 0.0788899

15 17 0.0828322

16 17 0.0864475

17 17 0.0897217

18 17 0.0926418

19 17 0.0951963

20 17 0.0973751

21 17 0.0991696

22 17 0.100573

23 17 0.101579

24 17 0.102184

25 17 0.102386

26 17 0.102184

27 17 0.101579

28 17 0.100573

29 17 0.0991696

30 17 0.0973751

31 17 0.0951963

32 17 0.0926418

33 17 0.0897217

34 17 0.0864475

35 17 0.0828322

36 17 0.0788899

37 17 0.0746363

38 17 0.0700882

39 17 0.0652634

40 17 0.0601811

41 17 0.0548613

42 17 0.0493249

43 17 0.0435939

44 17 0.0376909

45 17 0.0316391

46 17 0.0254624

47 17 0.0191853

48 17 0.0128324

49 17 0.00642888

50 17 0

0 18 0

1 18 0.00663812

2 18 0.01325

3 18 0.0198097

4 18 0.0262911

5 18 0.0326688

6 18 0.0389176

7 18 0.0450127

8 18 0.0509303

9 18 0.0566468

10 18 0.0621398

11 18 0.0673875

12 18 0.0723693

13 18 0.0770655

14 18 0.0814575

15 18 0.0855281

16 18 0.0892611

17 18 0.0926418

18 18 0.0956569

19 18 0.0982946

20 18 0.100544

21 18 0.102397

22 18 0.103846

23 18 0.104885

24 18 0.10551

25 18 0.105718

26 18 0.10551

27 18 0.104885

28 18 0.103846

29 18 0.102397

30 18 0.100544

31 18 0.0982946

32 18 0.0956569

33 18 0.0926418

34 18 0.0892611

35 18 0.0855281

36 18 0.0814575

37 18 0.0770655

38 18 0.0723693

39 18 0.0673875

40 18 0.0621398

41 18 0.0566468

42 18 0.0509303

43 18 0.0450127

44 18 0.0389176

45 18 0.0326688

46 18 0.0262911

47 18 0.0198097

48 18 0.01325

49 18 0.00663812

50 18 0

0 19 0

1 19 0.00682116

2 19 0.0136154

3 19 0.0203559

4 19 0.0270161

5 19 0.0335696

6 19 0.0399907

7 19 0.0462539

8 19 0.0523346

9 19 0.0582088

10 19 0.0638532

11 19 0.0692456

12 19 0.0743648

13 19 0.0791904

14 19 0.0837036

15 19 0.0878864

16 19 0.0917223

17 19 0.0951963

18 19 0.0982946

19 19 0.101005

20 19 0.103317

21 19 0.105221

22 19 0.106709

23 19 0.107777

24 19 0.108419

25 19 0.108634

26 19 0.108419

27 19 0.107777

28 19 0.106709

29 19 0.105221

30 19 0.103317

31 19 0.101005

32 19 0.0982946

33 19 0.0951963

34 19 0.0917223

35 19 0.0878864

36 19 0.0837036

37 19 0.0791904

38 19 0.0743648

39 19 0.0692456

40 19 0.0638532

41 19 0.0582088

42 19 0.0523346

43 19 0.0462539

44 19 0.0399907

45 19 0.0335696

46 19 0.0270161

47 19 0.0203559

48 19 0.0136154

49 19 0.00682116

50 19 0

0 20 0

1 20 0.00697727

2 20 0.013927

3 20 0.0208218

4 20 0.0276344

5 20 0.0343379

6 20 0.0409059

7 20 0.0473125

8 20 0.0535324

9 20 0.059541

10 20 0.0653146

11 20 0.0708305

12 20 0.0760668

13 20 0.0810029

14 20 0.0856193

15 20 0.0898979

16 20 0.0938216

17 20 0.0973751

18 20 0.100544

19 20 0.103317

20 20 0.105681

21 20 0.107629

22 20 0.109152

23 20 0.110244

24 20 0.110901

25 20 0.11112

26 20 0.110901

27 20 0.110244

28 20 0.109152

29 20 0.107629

30 20 0.105681

31 20 0.103317

32 20 0.100544

33 20 0.0973751

34 20 0.0938216

35 20 0.0898979

36 20 0.0856193

37 20 0.0810029

38 20 0.0760668

39 20 0.0708305

40 20 0.0653146

41 20 0.059541

42 20 0.0535324

43 20 0.0473125

44 20 0.0409059

45 20 0.0343379

46 20 0.0276344

47 20 0.0208218

48 20 0.013927

49 20 0.00697727

50 20 0

0 21 0

1 21 0.00710586

2 21 0.0141837

3 21 0.0212055

4 21 0.0281436

5 21 0.0349707

6 21 0.0416598

7 21 0.0481844

8 21 0.0545189

9 21 0.0606383

10 21 0.0665183

11 21 0.0721358

12 21 0.0774686

13 21 0.0824957

14 21 0.0871972

15 21 0.0915545

16 21 0.0955506

17 21 0.0991696

18 21 0.102397

19 21 0.105221

20 21 0.107629

21 21 0.109612

22 21 0.111163

23 21 0.112275

24 21 0.112944

25 21 0.113168

26 21 0.112944

27 21 0.112275

28 21 0.111163

29 21 0.109612

30 21 0.107629

31 21 0.105221

32 21 0.102397

33 21 0.0991696

34 21 0.0955506

35 21 0.0915545

36 21 0.0871972

37 21 0.0824957

38 21 0.0774686

39 21 0.0721358

40 21 0.0665183

41 21 0.0606383

42 21 0.0545189

43 21 0.0481844

44 21 0.0416598

45 21 0.0349707

46 21 0.0281436

47 21 0.0212055

48 21 0.0141837

49 21 0.00710586

50 21 0

0 22 0

1 22 0.00720639

2 22 0.0143843

3 22 0.0215055

4 22 0.0285418

5 22 0.0354655

6 22 0.0422492

7 22 0.0488662

8 22 0.0552903

9 22 0.0614962

10 22 0.0674594

11 22 0.0731564

12 22 0.0785647

13 22 0.0836629

14 22 0.0884309

15 22 0.0928499

16 22 0.0969025

17 22 0.100573

18 22 0.103846

19 22 0.106709

20 22 0.109152

21 22 0.111163

22 22 0.112736

23 22 0.113864

24 22 0.114542

25 22 0.114769

26 22 0.114542

27 22 0.113864

28 22 0.112736

29 22 0.111163

30 22 0.109152

31 22 0.106709

32 22 0.103846

33 22 0.100573

34 22 0.0969025

35 22 0.0928499

36 22 0.0884309

37 22 0.0836629

38 22 0.0785647

39 22 0.0731564

40 22 0.0674594

41 22 0.0614962

42 22 0.0552903

43 22 0.0488662

44 22 0.0422492

45 22 0.0354655

46 22 0.0285418

47 22 0.0215055

48 22 0.0143843

49 22 0.00720639

50 22 0

0 23 0

1 23 0.00727849

2 23 0.0145283

3 23 0.0217207

4 23 0.0288274

5 23 0.0358203

6 23 0.0426719

7 23 0.0493551

8 23 0.0558435

9 23 0.0621115

10 23 0.0681343

11 23 0.0738883

12 23 0.0793507

13 23 0.0844999

14 23 0.0893156

15 23 0.0937788

16 23 0.097872

17 23 0.101579

18 23 0.104885

19 23 0.107777

20 23 0.110244

21 23 0.112275

22 23 0.113864

23 23 0.115003

24 23 0.115688

25 23 0.115917

26 23 0.115688

27 23 0.115003

28 23 0.113864

29 23 0.112275

30 23 0.110244

31 23 0.107777

32 23 0.104885

33 23 0.101579

34 23 0.097872

35 23 0.0937788

36 23 0.0893156

37 23 0.0844999

38 23 0.0793507

39 23 0.0738883

40 23 0.0681343

41 23 0.0621115

42 23 0.0558435

43 23 0.0493551

44 23 0.0426719

45 23 0.0358203

46 23 0.0288274

47 23 0.0217207

48 23 0.0145283

49 23 0.00727849

50 23 0

0 24 0

1 24 0.00732186

2 24 0.0146148

3 24 0.0218501

4 24 0.0289992

5 24 0.0360338

6 24 0.0429262

7 24 0.0496492

8 24 0.0561762

9 24 0.0624816

10 24 0.0685403

11 24 0.0743286

12 24 0.0798235

13 24 0.0850034

14 24 0.0898478

15 24 0.0943377

16 24 0.0984552

17 24 0.102184

18 24 0.10551

19 24 0.108419

20 24 0.110901

21 24 0.112944

22 24 0.114542

23 24 0.115688

24 24 0.116378

25 24 0.116608

26 24 0.116378

27 24 0.115688

28 24 0.114542

29 24 0.112944

30 24 0.110901

31 24 0.108419

32 24 0.10551

33 24 0.102184

34 24 0.0984552

35 24 0.0943377

36 24 0.0898478

37 24 0.0850034

38 24 0.0798235

39 24 0.0743286

40 24 0.0685403

41 24 0.0624816

42 24 0.0561762

43 24 0.0496492

44 24 0.0429262

45 24 0.0360338

46 24 0.0289992

47 24 0.0218501

48 24 0.0146148

49 24 0.00732186

50 24 0

0 25 0

1 25 0.00733634

2 25 0.0146437

3 25 0.0218933

4 25 0.0290565

5 25 0.036105

6 25 0.0430111

7 25 0.0497473

8 25 0.0562873

9 25 0.0626051

10 25 0.0686758

11 25 0.0744756

12 25 0.0799813

13 25 0.0851715

14 25 0.0900255

15 25 0.0945242

16 25 0.0986499

17 25 0.102386

18 25 0.105718

19 25 0.108634

20 25 0.11112

21 25 0.113168

22 25 0.114769

23 25 0.115917

24 25 0.116608

25 25 0.116838

26 25 0.116608

27 25 0.115917

28 25 0.114769

29 25 0.113168

30 25 0.11112

31 25 0.108634

32 25 0.105718

33 25 0.102386

34 25 0.0986499

35 25 0.0945242

36 25 0.0900255

37 25 0.0851715

38 25 0.0799813

39 25 0.0744756

40 25 0.0686758

41 25 0.0626051

42 25 0.0562873

43 25 0.0497473

44 25 0.0430111

45 25 0.036105

46 25 0.0290565

47 25 0.0218933

48 25 0.0146437

49 25 0.00733634

50 25 0

0 26 0

1 26 0.00732186

2 26 0.0146148

3 26 0.0218501

4 26 0.0289992

5 26 0.0360338

6 26 0.0429262

7 26 0.0496492

8 26 0.0561762

9 26 0.0624816

10 26 0.0685403

11 26 0.0743286

12 26 0.0798235

13 26 0.0850034

14 26 0.0898478

15 26 0.0943377

16 26 0.0984552

17 26 0.102184

18 26 0.10551

19 26 0.108419

20 26 0.110901

21 26 0.112944

22 26 0.114542

23 26 0.115688

24 26 0.116378

25 26 0.116608

26 26 0.116378

27 26 0.115688

28 26 0.114542

29 26 0.112944

30 26 0.110901

31 26 0.108419

32 26 0.10551

33 26 0.102184

34 26 0.0984552

35 26 0.0943377

36 26 0.0898478

37 26 0.0850034

38 26 0.0798235

39 26 0.0743286

40 26 0.0685403

41 26 0.0624816

42 26 0.0561762

43 26 0.0496492

44 26 0.0429262

45 26 0.0360338

46 26 0.0289992

47 26 0.0218501

48 26 0.0146148

49 26 0.00732186

50 26 0

0 27 0

1 27 0.00727849

2 27 0.0145283

3 27 0.0217207

4 27 0.0288274

5 27 0.0358203

6 27 0.0426719

7 27 0.0493551

8 27 0.0558435

9 27 0.0621115

10 27 0.0681343

11 27 0.0738883

12 27 0.0793507

13 27 0.0844999

14 27 0.0893156

15 27 0.0937788

16 27 0.097872

17 27 0.101579

18 27 0.104885

19 27 0.107777

20 27 0.110244

21 27 0.112275

22 27 0.113864

23 27 0.115003

24 27 0.115688

25 27 0.115917

26 27 0.115688

27 27 0.115003

28 27 0.113864

29 27 0.112275

30 27 0.110244

31 27 0.107777

32 27 0.104885

33 27 0.101579

34 27 0.097872

35 27 0.0937788

36 27 0.0893156

37 27 0.0844999

38 27 0.0793507

39 27 0.0738883

40 27 0.0681343

41 27 0.0621115

42 27 0.0558435

43 27 0.0493551

44 27 0.0426719

45 27 0.0358203

46 27 0.0288274

47 27 0.0217207

48 27 0.0145283

49 27 0.00727849

50 27 0

0 28 0

1 28 0.00720639

2 28 0.0143843

3 28 0.0215055

4 28 0.0285418

5 28 0.0354655

6 28 0.0422492

7 28 0.0488662

8 28 0.0552903

9 28 0.0614962

10 28 0.0674594

11 28 0.0731564

12 28 0.0785647

13 28 0.0836629

14 28 0.0884309

15 28 0.0928499

16 28 0.0969025

17 28 0.100573

18 28 0.103846

19 28 0.106709

20 28 0.109152

21 28 0.111163

22 28 0.112736

23 28 0.113864

24 28 0.114542

25 28 0.114769

26 28 0.114542

27 28 0.113864

28 28 0.112736

29 28 0.111163

30 28 0.109152

31 28 0.106709

32 28 0.103846

33 28 0.100573

34 28 0.0969025

35 28 0.0928499

36 28 0.0884309

37 28 0.0836629

38 28 0.0785647

39 28 0.0731564

40 28 0.0674594

41 28 0.0614962

42 28 0.0552903

43 28 0.0488662

44 28 0.0422492

45 28 0.0354655

46 28 0.0285418

47 28 0.0215055

48 28 0.0143843

49 28 0.00720639

50 28 0

0 29 0

1 29 0.00710586

2 29 0.0141837

3 29 0.0212055

4 29 0.0281436

5 29 0.0349707

6 29 0.0416598

7 29 0.0481844

8 29 0.0545189

9 29 0.0606383

10 29 0.0665183

11 29 0.0721358

12 29 0.0774686

13 29 0.0824957

14 29 0.0871972

15 29 0.0915545

16 29 0.0955506

17 29 0.0991696

18 29 0.102397

19 29 0.105221

20 29 0.107629

21 29 0.109612

22 29 0.111163

23 29 0.112275

24 29 0.112944

25 29 0.113168

26 29 0.112944

27 29 0.112275

28 29 0.111163

29 29 0.109612

30 29 0.107629

31 29 0.105221

32 29 0.102397

33 29 0.0991696

34 29 0.0955506

35 29 0.0915545

36 29 0.0871972

37 29 0.0824957

38 29 0.0774686

39 29 0.0721358

40 29 0.0665183

41 29 0.0606383

42 29 0.0545189

43 29 0.0481844

44 29 0.0416598

45 29 0.0349707

46 29 0.0281436

47 29 0.0212055

48 29 0.0141837

49 29 0.00710586

50 29 0

0 30 0

1 30 0.00697727

2 30 0.013927

3 30 0.0208218

4 30 0.0276344

5 30 0.0343379

6 30 0.0409059

7 30 0.0473125

8 30 0.0535324

9 30 0.059541

10 30 0.0653146

11 30 0.0708305

12 30 0.0760668

13 30 0.0810029

14 30 0.0856193

15 30 0.0898979

16 30 0.0938216

17 30 0.0973751

18 30 0.100544

19 30 0.103317

20 30 0.105681

21 30 0.107629

22 30 0.109152

23 30 0.110244

24 30 0.110901

25 30 0.11112

26 30 0.110901

27 30 0.110244

28 30 0.109152

29 30 0.107629

30 30 0.105681

31 30 0.103317

32 30 0.100544

33 30 0.0973751

34 30 0.0938216

35 30 0.0898979

36 30 0.0856193

37 30 0.0810029

38 30 0.0760668

39 30 0.0708305

40 30 0.0653146

41 30 0.059541

42 30 0.0535324

43 30 0.0473125

44 30 0.0409059

45 30 0.0343379

46 30 0.0276344

47 30 0.0208218

48 30 0.013927

49 30 0.00697727

50 30 0

0 31 0

1 31 0.00682116

2 31 0.0136154

3 31 0.0203559

4 31 0.0270161

5 31 0.0335696

6 31 0.0399907

7 31 0.0462539

8 31 0.0523346

9 31 0.0582088

10 31 0.0638532

11 31 0.0692456

12 31 0.0743648

13 31 0.0791904

14 31 0.0837036

15 31 0.0878864

16 31 0.0917223

17 31 0.0951963

18 31 0.0982946

19 31 0.101005

20 31 0.103317

21 31 0.105221

22 31 0.106709

23 31 0.107777

24 31 0.108419

25 31 0.108634

26 31 0.108419

27 31 0.107777

28 31 0.106709

29 31 0.105221

30 31 0.103317

31 31 0.101005

32 31 0.0982946

33 31 0.0951963

34 31 0.0917223

35 31 0.0878864

36 31 0.0837036

37 31 0.0791904

38 31 0.0743648

39 31 0.0692456

40 31 0.0638532

41 31 0.0582088

42 31 0.0523346

43 31 0.0462539

44 31 0.0399907

45 31 0.0335696

46 31 0.0270161

47 31 0.0203559

48 31 0.0136154

49 31 0.00682116

50 31 0

0 32 0

1 32 0.00663812

2 32 0.01325

3 32 0.0198097

4 32 0.0262911

5 32 0.0326688

6 32 0.0389176

7 32 0.0450127

8 32 0.0509303

9 32 0.0566468

10 32 0.0621398

11 32 0.0673875

12 32 0.0723693

13 32 0.0770655

14 32 0.0814575

15 32 0.0855281

16 32 0.0892611

17 32 0.0926418

18 32 0.0956569

19 32 0.0982946

20 32 0.100544

21 32 0.102397

22 32 0.103846

23 32 0.104885

24 32 0.10551

25 32 0.105718

26 32 0.10551

27 32 0.104885

28 32 0.103846

29 32 0.102397

30 32 0.100544

31 32 0.0982946

32 32 0.0956569

33 32 0.0926418

34 32 0.0892611

35 32 0.0855281

36 32 0.0814575

37 32 0.0770655

38 32 0.0723693

39 32 0.0673875

40 32 0.0621398

41 32 0.0566468

42 32 0.0509303

43 32 0.0450127

44 32 0.0389176

45 32 0.0326688

46 32 0.0262911

47 32 0.0198097

48 32 0.01325

49 32 0.00663812

50 32 0

0 33 0

1 33 0.00642888

2 33 0.0128324

3 33 0.0191853

4 33 0.0254624

5 33 0.0316391

6 33 0.0376909

7 33 0.0435939

8 33 0.0493249

9 33 0.0548613

10 33 0.0601811

11 33 0.0652634

12 33 0.0700882

13 33 0.0746363

14 33 0.0788899

15 33 0.0828322

16 33 0.0864475

17 33 0.0897217

18 33 0.0926418

19 33 0.0951963

20 33 0.0973751

21 33 0.0991696

22 33 0.100573

23 33 0.101579

24 33 0.102184

25 33 0.102386

26 33 0.102184

27 33 0.101579

28 33 0.100573

29 33 0.0991696

30 33 0.0973751

31 33 0.0951963

32 33 0.0926418

33 33 0.0897217

34 33 0.0864475

35 33 0.0828322

36 33 0.0788899

37 33 0.0746363

38 33 0.0700882

39 33 0.0652634

40 33 0.0601811

41 33 0.0548613

42 33 0.0493249

43 33 0.0435939

44 33 0.0376909

45 33 0.0316391

46 33 0.0254624

47 33 0.0191853

48 33 0.0128324

49 33 0.00642888

50 33 0

0 34 0

1 34 0.00619428

2 34 0.0123641

3 34 0.0184851

4 34 0.0245332

5 34 0.0304845

6 34 0.0363154

7 34 0.0420031

8 34 0.0475249

9 34 0.0528592

10 34 0.0579849

11 34 0.0628818

12 34 0.0675305

13 34 0.0719127

14 34 0.076011

15 34 0.0798094

16 34 0.0832928

17 34 0.0864475

18 34 0.0892611

19 34 0.0917223

20 34 0.0938216

21 34 0.0955506

22 34 0.0969025

23 34 0.097872

24 34 0.0984552

25 34 0.0986499

26 34 0.0984552

27 34 0.097872

28 34 0.0969025

29 34 0.0955506

30 34 0.0938216

31 34 0.0917223

32 34 0.0892611

33 34 0.0864475

34 34 0.0832928

35 34 0.0798094

36 34 0.076011

37 34 0.0719127

38 34 0.0675305

39 34 0.0628818

40 34 0.0579849

41 34 0.0528592

42 34 0.0475249

43 34 0.0420031

44 34 0.0363154

45 34 0.0304845

46 34 0.0245332

47 34 0.0184851

48 34 0.0123641

49 34 0.00619428

50 34 0

0 35 0

1 35 0.00593522

2 35 0.011847

3 35 0.0177121

4 35 0.0235072

5 35 0.0292096

6 35 0.0347967

7 35 0.0402464

8 35 0.0455374

9 35 0.0506486

10 35 0.0555599

11 35 0.060252

12 35 0.0647063

13 35 0.0689052

14 35 0.0728321

15 35 0.0764717

16 35 0.0798094

17 35 0.0828322

18 35 0.0855281

19 35 0.0878864

20 35 0.0898979

21 35 0.0915545

22 35 0.0928499

23 35 0.0937788

24 35 0.0943377

25 35 0.0945242

26 35 0.0943377

27 35 0.0937788

28 35 0.0928499

29 35 0.0915545

30 35 0.0898979

31 35 0.0878864

32 35 0.0855281

33 35 0.0828322

34 35 0.0798094

35 35 0.0764717

36 35 0.0728321

37 35 0.0689052

38 35 0.0647063

39 35 0.060252

40 35 0.0555599

41 35 0.0506486

42 35 0.0455374

43 35 0.0402464

44 35 0.0347967

45 35 0.0292096

46 35 0.0235072

47 35 0.0177121

48 35 0.011847

49 35 0.00593522

50 35 0

0 36 0

1 36 0.00565275

2 36 0.0112832

3 36 0.0168691

4 36 0.0223884

5 36 0.0278194

6 36 0.0331406

7 36 0.038331

8 36 0.0433701

9 36 0.0482381

10 36 0.0529157

11 36 0.0573844

12 36 0.0616267

13 36 0.0656258

14 36 0.0693658

15 36 0.0728321

16 36 0.076011

17 36 0.0788899

18 36 0.0814575

19 36 0.0837036

20 36 0.0856193

21 36 0.0871972

22 36 0.0884309

23 36 0.0893156

24 36 0.0898478

25 36 0.0900255

26 36 0.0898478

27 36 0.0893156

28 36 0.0884309

29 36 0.0871972

30 36 0.0856193

31 36 0.0837036

32 36 0.0814575

33 36 0.0788899

34 36 0.076011

35 36 0.0728321

36 36 0.0693658

37 36 0.0656258

38 36 0.0616267

39 36 0.0573844

40 36 0.0529157

41 36 0.0482381

42 36 0.0433701

43 36 0.038331

44 36 0.0331406

45 36 0.0278194

46 36 0.0223884

47 36 0.0168691

48 36 0.0112832

49 36 0.00565275

50 36 0

0 37 0

1 37 0.00534796

2 37 0.0106748

3 37 0.0159595

4 37 0.0211813

5 37 0.0263194

6 37 0.0313537

7 37 0.0362643

8 37 0.0410317

9 37 0.0456372

10 37 0.0500625

11 37 0.0542903

12 37 0.0583039

13 37 0.0620873

14 37 0.0656258

15 37 0.0689052

16 37 0.0719127

17 37 0.0746363

18 37 0.0770655

19 37 0.0791904

20 37 0.0810029

21 37 0.0824957

22 37 0.0836629

23 37 0.0844999

24 37 0.0850034

25 37 0.0851715

26 37 0.0850034

27 37 0.0844999

28 37 0.0836629

29 37 0.0824957

30 37 0.0810029

31 37 0.0791904

32 37 0.0770655

33 37 0.0746363

34 37 0.0719127

35 37 0.0689052

36 37 0.0656258

37 37 0.0620873

38 37 0.0583039

39 37 0.0542903

40 37 0.0500625

41 37 0.0456372

42 37 0.0410317

43 37 0.0362643

44 37 0.0313537

45 37 0.0263194

46 37 0.0211813

47 37 0.0159595

48 37 0.0106748

49 37 0.00534796

50 37 0

0 38 0

1 38 0.00502207

2 38 0.0100243

3 38 0.014987

4 38 0.0198906

5 38 0.0247156

6 38 0.0294431

7 38 0.0340544

8 38 0.0385313

9 38 0.0428561

10 38 0.0470119

11 38 0.050982

12 38 0.054751

13 38 0.0583039

14 38 0.0616267

15 38 0.0647063

16 38 0.0675305

17 38 0.0700882

18 38 0.0723693

19 38 0.0743648

20 38 0.0760668

21 38 0.0774686

22 38 0.0785647

23 38 0.0793507

24 38 0.0798235

25 38 0.0799813

26 38 0.0798235

27 38 0.0793507

28 38 0.0785647

29 38 0.0774686

30 38 0.0760668

31 38 0.0743648

32 38 0.0723693

33 38 0.0700882

34 38 0.0675305

35 38 0.0647063

36 38 0.0616267

37 38 0.0583039

38 38 0.054751

39 38 0.050982

40 38 0.0470119

41 38 0.0428561

42 38 0.0385313

43 38 0.0340544

44 38 0.0294431

45 38 0.0247156

46 38 0.0198906

47 38 0.014987

48 38 0.0100243

49 38 0.00502207

50 38 0

0 39 0

1 39 0.00467636

2 39 0.00933426

3 39 0.0139553

4 39 0.0185213

5 39 0.0230142

6 39 0.0274163

7 39 0.0317102

8 39 0.0358789

9 39 0.039906

10 39 0.0437756

11 39 0.0474725

12 39 0.050982

13 39 0.0542903

14 39 0.0573844

15 39 0.060252

16 39 0.0628818

17 39 0.0652634

18 39 0.0673875

19 39 0.0692456

20 39 0.0708305

21 39 0.0721358

22 39 0.0731564

23 39 0.0738883

24 39 0.0743286

25 39 0.0744756

26 39 0.0743286

27 39 0.0738883

28 39 0.0731564

29 39 0.0721358

30 39 0.0708305

31 39 0.0692456

32 39 0.0673875

33 39 0.0652634

34 39 0.0628818

35 39 0.060252

36 39 0.0573844

37 39 0.0542903

38 39 0.050982

39 39 0.0474725

40 39 0.0437756

41 39 0.039906

42 39 0.0358789

43 39 0.0317102

44 39 0.0274163

45 39 0.0230142

46 39 0.0185213

47 39 0.0139553

48 39 0.00933426

49 39 0.00467636

50 39 0

0 40 0

1 40 0.00431219

2 40 0.00860737

3 40 0.0128686

4 40 0.017079

5 40 0.021222

6 40 0.0252813

7 40 0.0292408

8 40 0.0330848

9 40 0.0367984

10 40 0.0403667

11 40 0.0437756

12 40 0.0470119

13 40 0.0500625

14 40 0.0529157

15 40 0.0555599

16 40 0.0579849

17 40 0.0601811

18 40 0.0621398

19 40 0.0638532

20 40 0.0653146

21 40 0.0665183

22 40 0.0674594

23 40 0.0681343

24 40 0.0685403

25 40 0.0686758

26 40 0.0685403

27 40 0.0681343

28 40 0.0674594

29 40 0.0665183

30 40 0.0653146

31 40 0.0638532

32 40 0.0621398

33 40 0.0601811

34 40 0.0579849

35 40 0.0555599

36 40 0.0529157

37 40 0.0500625

38 40 0.0470119

39 40 0.0437756

40 40 0.0403667

41 40 0.0367984

42 40 0.0330848

43 40 0.0292408

44 40 0.0252813

45 40 0.021222

46 40 0.017079

47 40 0.0128686

48 40 0.00860737

49 40 0.00431219

50 40 0

0 41 0

1 41 0.00393101

2 41 0.0078465

3 41 0.011731

4 41 0.0155693

5 41 0.019346

6 41 0.0230465

7 41 0.026656

8 41 0.0301602

9 41 0.0335455

10 41 0.0367984

11 41 0.039906

12 41 0.0428561

13 41 0.0456372

14 41 0.0482381

15 41 0.0506486

16 41 0.0528592

17 41 0.0548613

18 41 0.0566468

19 41 0.0582088

20 41 0.059541

21 41 0.0606383

22 41 0.0614962

23 41 0.0621115

24 41 0.0624816

25 41 0.0626051

26 41 0.0624816

27 41 0.0621115

28 41 0.0614962

29 41 0.0606383

30 41 0.059541

31 41 0.0582088

32 41 0.0566468

33 41 0.0548613

34 41 0.0528592

35 41 0.0506486

36 41 0.0482381

37 41 0.0456372

38 41 0.0428561

39 41 0.039906

40 41 0.0367984

41 41 0.0335455

42 41 0.0301602

43 41 0.026656

44 41 0.0230465

45 41 0.019346

46 41 0.0155693

47 41 0.011731

48 41 0.0078465

49 41 0.00393101

50 41 0

0 42 0

1 42 0.00353431

2 42 0.00705467

3 42 0.0105472

4 42 0.0139981

5 42 0.0173937

6 42 0.0207207

7 42 0.023966

8 42 0.0271166

9 42 0.0301602

10 42 0.0330848

11 42 0.0358789

12 42 0.0385313

13 42 0.0410317

14 42 0.0433701

15 42 0.0455374

16 42 0.0475249

17 42 0.0493249

18 42 0.0509303

19 42 0.0523346

20 42 0.0535324

21 42 0.0545189

22 42 0.0552903

23 42 0.0558435

24 42 0.0561762

25 42 0.0562873

26 42 0.0561762

27 42 0.0558435

28 42 0.0552903

29 42 0.0545189

30 42 0.0535324

31 42 0.0523346

32 42 0.0509303

33 42 0.0493249

34 42 0.0475249

35 42 0.0455374

36 42 0.0433701

37 42 0.0410317

38 42 0.0385313

39 42 0.0358789

40 42 0.0330848

41 42 0.0301602

42 42 0.0271166

43 42 0.023966

44 42 0.0207207

45 42 0.0173937

46 42 0.0139981

47 42 0.0105472

48 42 0.00705467

49 42 0.00353431

50 42 0

0 43 0

1 43 0.00312366

2 43 0.006235

3 43 0.00932172

4 43 0.0123717

5 43 0.0153728

6 43 0.0183132

7 43 0.0211814

8 43 0.023966

9 43 0.026656

10 43 0.0292408

11 43 0.0317102

12 43 0.0340544

13 43 0.0362643

14 43 0.038331

15 43 0.0402464

16 43 0.0420031

17 43 0.0435939

18 43 0.0450127

19 43 0.0462539

20 43 0.0473125

21 43 0.0481844

22 43 0.0488662

23 43 0.0493551

24 43 0.0496492

25 43 0.0497473

26 43 0.0496492

27 43 0.0493551

28 43 0.0488662

29 43 0.0481844

30 43 0.0473125

31 43 0.0462539

32 43 0.0450127

33 43 0.0435939

34 43 0.0420031

35 43 0.0402464

36 43 0.038331

37 43 0.0362643

38 43 0.0340544

39 43 0.0317102

40 43 0.0292408

41 43 0.026656

42 43 0.023966

43 43 0.0211814

44 43 0.0183132

45 43 0.0153728

46 43 0.0123717

47 43 0.00932172

48 43 0.006235

49 43 0.00312366

50 43 0

0 44 0

1 44 0.00270069

2 44 0.00539072

3 44 0.00805947

4 44 0.0106964

5 44 0.0132911

6 44 0.0158334

7 44 0.0183132

8 44 0.0207207

9 44 0.0230465

10 44 0.0252813

11 44 0.0274163

12 44 0.0294431

13 44 0.0313537

14 44 0.0331406

15 44 0.0347967

16 44 0.0363154

17 44 0.0376909

18 44 0.0389176

19 44 0.0399907

20 44 0.0409059

21 44 0.0416598

22 44 0.0422492

23 44 0.0426719

24 44 0.0429262

25 44 0.0430111

26 44 0.0429262

27 44 0.0426719

28 44 0.0422492

29 44 0.0416598

30 44 0.0409059

31 44 0.0399907

32 44 0.0389176

33 44 0.0376909

34 44 0.0363154

35 44 0.0347967

36 44 0.0331406

37 44 0.0313537

38 44 0.0294431

39 44 0.0274163

40 44 0.0252813

41 44 0.0230465

42 44 0.0207207

43 44 0.0183132

44 44 0.0158334

45 44 0.0132911

46 44 0.0106964

47 44 0.00805947

48 44 0.00539072

49 44 0.00270069

50 44 0

0 45 0

1 45 0.00226705

2 45 0.00452516

3 45 0.00676541

4 45 0.00897896

5 45 0.0111571

6 45 0.0132911

7 45 0.0153728

8 45 0.0173937

9 45 0.019346

10 45 0.021222

11 45 0.0230142

12 45 0.0247156

13 45 0.0263194

14 45 0.0278194

15 45 0.0292096

16 45 0.0304845

17 45 0.0316391

18 45 0.0326688

19 45 0.0335696

20 45 0.0343379

21 45 0.0349707

22 45 0.0354655

23 45 0.0358203

24 45 0.0360338

25 45 0.036105

26 45 0.0360338

27 45 0.0358203

28 45 0.0354655

29 45 0.0349707

30 45 0.0343379

31 45 0.0335696

32 45 0.0326688

33 45 0.0316391

34 45 0.0304845

35 45 0.0292096

36 45 0.0278194

37 45 0.0263194

38 45 0.0247156

39 45 0.0230142

40 45 0.021222

41 45 0.019346

42 45 0.0173937

43 45 0.0153728

44 45 0.0132911

45 45 0.0111571

46 45 0.00897896

47 45 0.00676541

48 45 0.00452516

49 45 0.00226705

50 45 0

0 46 0

1 46 0.00182447

2 46 0.00364175

3 46 0.00544465

4 46 0.00722606

5 46 0.00897896

6 46 0.0106964

7 46 0.0123717

8 46 0.0139981

9 46 0.0155693

10 46 0.017079

11 46 0.0185213

12 46 0.0198906

13 46 0.0211813

14 46 0.0223884

15 46 0.0235072

16 46 0.0245332

17 46 0.0254624

18 46 0.0262911

19 46 0.0270161

20 46 0.0276344

21 46 0.0281436

22 46 0.0285418

23 46 0.0288274

24 46 0.0289992

25 46 0.0290565

26 46 0.0289992

27 46 0.0288274

28 46 0.0285418

29 46 0.0281436

30 46 0.0276344

31 46 0.0270161

32 46 0.0262911

33 46 0.0254624

34 46 0.0245332

35 46 0.0235072

36 46 0.0223884

37 46 0.0211813

38 46 0.0198906

39 46 0.0185213

40 46 0.017079

41 46 0.0155693

42 46 0.0139981

43 46 0.0123717

44 46 0.0106964

45 46 0.00897896

46 46 0.00722606

47 46 0.00544465

48 46 0.00364175

49 46 0.00182447

50 46 0

0 47 0

1 47 0.00137469

2 47 0.00274396

3 47 0.0041024

4 47 0.00544465

5 47 0.00676541

6 47 0.00805947

7 47 0.00932172

8 47 0.0105472

9 47 0.011731

10 47 0.0128686

11 47 0.0139553

12 47 0.014987

13 47 0.0159595

14 47 0.0168691

15 47 0.0177121

16 47 0.0184851

17 47 0.0191853

18 47 0.0198097

19 47 0.0203559

20 47 0.0208218

21 47 0.0212055

22 47 0.0215055

23 47 0.0217207

24 47 0.0218501

25 47 0.0218933

26 47 0.0218501

27 47 0.0217207

28 47 0.0215055

29 47 0.0212055

30 47 0.0208218

31 47 0.0203559

32 47 0.0198097

33 47 0.0191853

34 47 0.0184851

35 47 0.0177121

36 47 0.0168691

37 47 0.0159595

38 47 0.014987

39 47 0.0139553

40 47 0.0128686

41 47 0.011731

42 47 0.0105472

43 47 0.00932172

44 47 0.00805947

45 47 0.00676541

46 47 0.00544465

47 47 0.0041024

48 47 0.00274396

49 47 0.00137469

50 47 0

0 48 0

1 48 0.000919487

2 48 0.00183535

3 48 0.00274396

4 48 0.00364175

5 48 0.00452516

6 48 0.00539072

7 48 0.006235

8 48 0.00705467

9 48 0.0078465

10 48 0.00860737

11 48 0.00933426

12 48 0.0100243

13 48 0.0106748

14 48 0.0112832

15 48 0.011847

16 48 0.0123641

17 48 0.0128324

18 48 0.01325

19 48 0.0136154

20 48 0.013927

21 48 0.0141837

22 48 0.0143843

23 48 0.0145283

24 48 0.0146148

25 48 0.0146437

26 48 0.0146148

27 48 0.0145283

28 48 0.0143843

29 48 0.0141837

30 48 0.013927

31 48 0.0136154

32 48 0.01325

33 48 0.0128324

34 48 0.0123641

35 48 0.011847

36 48 0.0112832

37 48 0.0106748

38 48 0.0100243

39 48 0.00933426

40 48 0.00860737

41 48 0.0078465

42 48 0.00705467

43 48 0.006235

44 48 0.00539072

45 48 0.00452516

46 48 0.00364175

47 48 0.00274396

48 48 0.00183535

49 48 0.000919487

50 48 0

0 49 0

1 49 0.000460653

2 49 0.000919487

3 49 0.00137469

4 49 0.00182447

5 49 0.00226705

6 49 0.00270069

7 49 0.00312366

8 49 0.00353431

9 49 0.00393101

10 49 0.00431219

11 49 0.00467636

12 49 0.00502207

13 49 0.00534796

