0 1 0

1 1 0.000369309

2 1 0.00073716

3 1 0.0011021

4 1 0.00146269

5 1 0.00181751

6 1 0.00216516

7 1 0.00250426

8 1 0.00283348

9 1 0.00315152

10 1 0.00345712

11 1 0.00374907

12 1 0.00402623

13 1 0.0042875

14 1 0.00453185

15 1 0.00475832

16 1 0.004966

17 1 0.00515409

18 1 0.00532183

19 1 0.00546857

20 1 0.00559374

21 1 0.00569682

22 1 0.00577742

23 1 0.00583522

24 1 0.00587

25 1 0.0058816

26 1 0.00587

27 1 0.00583522

28 1 0.00577742

29 1 0.00569682

30 1 0.00559374

31 1 0.00546857

32 1 0.00532183

33 1 0.00515409

34 1 0.004966

35 1 0.00475832

36 1 0.00453185

37 1 0.0042875

38 1 0.00402623

39 1 0.00374907

40 1 0.00345712

41 1 0.00315152

42 1 0.00283348

43 1 0.00250426

44 1 0.00216516

45 1 0.00181751

46 1 0.00146269

47 1 0.0011021

48 1 0.00073716

49 1 0.000369309

50 1 0

0 2 0

1 2 0.00073716

2 2 0.00147141

3 2 0.00219985

4 2 0.00291962

5 2 0.00362786

6 2 0.00432178

7 2 0.00499864

8 2 0.00565578

9 2 0.0062906

10 2 0.00690059

11 2 0.00748335

12 2 0.00803658

13 2 0.00855808

14 2 0.00904582

15 2 0.00949785

16 2 0.0099124

17 2 0.0102878

18 2 0.0106227

19 2 0.0109156

20 2 0.0111654

21 2 0.0113712

22 2 0.011532

23 2 0.0116474

24 2 0.0117168

25 2 0.01174

26 2 0.0117168

27 2 0.0116474

28 2 0.011532

29 2 0.0113712

30 2 0.0111654

31 2 0.0109156

32 2 0.0106227

33 2 0.0102878

34 2 0.0099124

35 2 0.00949785

36 2 0.00904582

37 2 0.00855808

38 2 0.00803658

39 2 0.00748335

40 2 0.00690059

41 2 0.0062906

42 2 0.00565578

43 2 0.00499864

44 2 0.00432178

45 2 0.00362786

46 2 0.00291962

47 2 0.00219985

48 2 0.00147141

49 2 0.00073716

50 2 0

0 3 0

1 3 0.0011021

2 3 0.00219985

3 3 0.00328893

4 3 0.00436502

5 3 0.00542388

6 3 0.00646134

7 3 0.0074733

8 3 0.00845576

9 3 0.00940486

10 3 0.0103168

11 3 0.0111881

12 3 0.0120152

13 3 0.0127949

14 3 0.0135241

15 3 0.0141999

16 3 0.0148197

17 3 0.015381

18 3 0.0158816

19 3 0.0163195

20 3 0.016693

21 3 0.0170006

22 3 0.0172412

23 3 0.0174136

24 3 0.0175174

25 3 0.017552

26 3 0.0175174

27 3 0.0174136

28 3 0.0172412

29 3 0.0170006

30 3 0.016693

31 3 0.0163195

32 3 0.0158816

33 3 0.015381

34 3 0.0148197

35 3 0.0141999

36 3 0.0135241

37 3 0.0127949

38 3 0.0120152

39 3 0.0111881

40 3 0.0103168

41 3 0.00940486

42 3 0.00845576

43 3 0.0074733

44 3 0.00646134

45 3 0.00542388

46 3 0.00436502

47 3 0.00328893

48 3 0.00219985

49 3 0.0011021

50 3 0

0 4 0

1 4 0.00146269

2 4 0.00291962

3 4 0.00436502

4 4 0.00579319

5 4 0.0071985

6 4 0.0085754

7 4 0.00991846

8 4 0.0112224

9 4 0.012482

10 4 0.0136924

11 4 0.0148487

12 4 0.0159464

13 4 0.0169812

14 4 0.017949

15 4 0.0188459

16 4 0.0196685

17 4 0.0204134

18 4 0.0210778

19 4 0.021659

20 4 0.0221547

21 4 0.022563

22 4 0.0228822

23 4 0.0231111

24 4 0.0232489

25 4 0.0232948

26 4 0.0232489

27 4 0.0231111

28 4 0.0228822

29 4 0.022563

30 4 0.0221547

31 4 0.021659

32 4 0.0210778

33 4 0.0204134

34 4 0.0196685

35 4 0.0188459

36 4 0.017949

37 4 0.0169812

38 4 0.0159464

39 4 0.0148487

40 4 0.0136924

41 4 0.012482

42 4 0.0112224

43 4 0.00991846

44 4 0.0085754

45 4 0.0071985

46 4 0.00579319

47 4 0.00436502

48 4 0.00291962

49 4 0.00146269

50 4 0

0 5 0

1 5 0.00181751

2 5 0.00362786

3 5 0.00542388

4 5 0.0071985

5 5 0.00894471

6 5 0.0106556

7 5 0.0123245

8 5 0.0139447

9 5 0.0155099

10 5 0.0170138

11 5 0.0184507

12 5 0.0198147

13 5 0.0211005

14 5 0.022303

15 5 0.0234176

16 5 0.0244397

17 5 0.0253653

18 5 0.0261908

19 5 0.026913

20 5 0.027529

21 5 0.0280363

22 5 0.028433

23 5 0.0287174

24 5 0.0288886

25 5 0.0289457

26 5 0.0288886

27 5 0.0287174

28 5 0.028433

29 5 0.0280363

30 5 0.027529

31 5 0.026913

32 5 0.0261908

33 5 0.0253653

34 5 0.0244397

35 5 0.0234176

36 5 0.022303

37 5 0.0211005

38 5 0.0198147

39 5 0.0184507

40 5 0.0170138

41 5 0.0155099

42 5 0.0139447

43 5 0.0123245

44 5 0.0106556

45 5 0.00894471

46 5 0.0071985

47 5 0.00542388

48 5 0.00362786

49 5 0.00181751

50 5 0

0 6 0

1 6 0.00216516

2 6 0.00432178

3 6 0.00646134

4 6 0.0085754

5 6 0.0106556

6 6 0.0126938

7 6 0.0146819

8 6 0.016612

9 6 0.0184765

10 6 0.0202682

11 6 0.0219798

12 6 0.0236048

13 6 0.0251365

14 6 0.0265691

15 6 0.0278968

16 6 0.0291144

17 6 0.0302171

18 6 0.0312005

19 6 0.0320608

20 6 0.0327946

21 6 0.033399

22 6 0.0338715

23 6 0.0342104

24 6 0.0344143

25 6 0.0344823

26 6 0.0344143

27 6 0.0342104

28 6 0.0338715

29 6 0.033399

30 6 0.0327946

31 6 0.0320608

32 6 0.0312005

33 6 0.0302171

34 6 0.0291144

35 6 0.0278968

36 6 0.0265691

37 6 0.0251365

38 6 0.0236048

39 6 0.0219798

40 6 0.0202682

41 6 0.0184765

42 6 0.016612

43 6 0.0146819

44 6 0.0126938

45 6 0.0106556

46 6 0.0085754

47 6 0.00646134

48 6 0.00432178

49 6 0.00216516

50 6 0

0 7 0

1 7 0.00250426

2 7 0.00499864

3 7 0.0074733

4 7 0.00991846

5 7 0.0123245

6 7 0.0146819

7 7 0.0169813

8 7 0.0192137

9 7 0.0213703

10 7 0.0234425

11 7 0.0254223

12 7 0.0273017

13 7 0.0290733

14 7 0.0307303

15 7 0.0322659

16 7 0.0336742

17 7 0.0349496

18 7 0.0360871

19 7 0.0370821

20 7 0.0379308

21 7 0.0386298

22 7 0.0391764

23 7 0.0395683

24 7 0.0398041

25 7 0.0398828

26 7 0.0398041

27 7 0.0395683

28 7 0.0391764

29 7 0.0386298

30 7 0.0379308

31 7 0.0370821

32 7 0.0360871

33 7 0.0349496

34 7 0.0336742

35 7 0.0322659

36 7 0.0307303

37 7 0.0290733

38 7 0.0273017

39 7 0.0254223

40 7 0.0234425

41 7 0.0213703

42 7 0.0192137

43 7 0.0169813

44 7 0.0146819

45 7 0.0123245

46 7 0.00991846

47 7 0.0074733

48 7 0.00499864

49 7 0.00250426

50 7 0

0 8 0

1 8 0.00283348

2 8 0.00565578

3 8 0.00845576

4 8 0.0112224

5 8 0.0139447

6 8 0.016612

7 8 0.0192137

8 8 0.0217396

9 8 0.0241797

10 8 0.0265244

11 8 0.0287644

12 8 0.0308909

13 8 0.0328954

14 8 0.0347702

15 8 0.0365077

16 8 0.0381011

17 8 0.0395442

18 8 0.0408312

19 8 0.0419571

20 8 0.0429173

21 8 0.0437083

22 8 0.0443267

23 8 0.0447701

24 8 0.0450369

25 8 0.045126

26 8 0.0450369

27 8 0.0447701

28 8 0.0443267

29 8 0.0437083

30 8 0.0429173

31 8 0.0419571

32 8 0.0408312

33 8 0.0395442

34 8 0.0381011

35 8 0.0365077

36 8 0.0347702

37 8 0.0328954

38 8 0.0308909

39 8 0.0287644

40 8 0.0265244

41 8 0.0241797

42 8 0.0217396

43 8 0.0192137

44 8 0.016612

45 8 0.0139447

46 8 0.0112224

47 8 0.00845576

48 8 0.00565578

49 8 0.00283348

50 8 0

0 9 0

1 9 0.00315152

2 9 0.0062906

3 9 0.00940486

4 9 0.012482

5 9 0.0155099

6 9 0.0184765

7 9 0.0213703

8 9 0.0241797

9 9 0.0268937

10 9 0.0295015

11 9 0.031993

12 9 0.0343581

13 9 0.0365877

14 9 0.0386728

15 9 0.0406054

16 9 0.0423777

17 9 0.0439827

18 9 0.0454142

19 9 0.0466664

20 9 0.0477345

21 9 0.0486142

22 9 0.049302

23 9 0.0497952

24 9 0.050092

25 9 0.050191

26 9 0.050092

27 9 0.0497952

28 9 0.049302

29 9 0.0486142

30 9 0.0477345

31 9 0.0466664

32 9 0.0454142

33 9 0.0439827

34 9 0.0423777

35 9 0.0406054

36 9 0.0386728

37 9 0.0365877

38 9 0.0343581

39 9 0.031993

40 9 0.0295015

41 9 0.0268937

42 9 0.0241797

43 9 0.0213703

44 9 0.0184765

45 9 0.0155099

46 9 0.012482

47 9 0.00940486

48 9 0.0062906

49 9 0.00315152

50 9 0

0 10 0

1 10 0.00345712

2 10 0.00690059

3 10 0.0103168

4 10 0.0136924

5 10 0.0170138

6 10 0.0202682

7 10 0.0234425

8 10 0.0265244

9 10 0.0295015

10 10 0.0323623

11 10 0.0350953

12 10 0.0376898

13 10 0.0401355

14 10 0.0424229

15 10 0.0445428

16 10 0.046487

17 10 0.0482477

18 10 0.0498179

19 10 0.0511916

20 10 0.0523632

21 10 0.0533282

22 10 0.0540827

23 10 0.0546238

24 10 0.0549493

25 10 0.055058

26 10 0.0549493

27 10 0.0546238

28 10 0.0540827

29 10 0.0533282

30 10 0.0523632

31 10 0.0511916

32 10 0.0498179

33 10 0.0482477

34 10 0.046487

35 10 0.0445428

36 10 0.0424229

37 10 0.0401355

38 10 0.0376898

39 10 0.0350953

40 10 0.0323623

41 10 0.0295015

42 10 0.0265244

43 10 0.0234425

44 10 0.0202682

45 10 0.0170138

46 10 0.0136924

47 10 0.0103168

48 10 0.00690059

49 10 0.00345712

50 10 0

0 11 0

1 11 0.00374907

2 11 0.00748335

3 11 0.0111881

4 11 0.0148487

5 11 0.0184507

6 11 0.0219798

7 11 0.0254223

8 11 0.0287644

9 11 0.031993

10 11 0.0350953

11 11 0.0380591

12 11 0.0408727

13 11 0.043525

14 11 0.0460055

15 11 0.0483045

16 11 0.0504128

17 11 0.0523222

18 11 0.0540251

19 11 0.0555148

20 11 0.0567853

21 11 0.0578318

22 11 0.0586501

23 11 0.0592368

24 11 0.0595898

25 11 0.0597076

26 11 0.0595898

27 11 0.0592368

28 11 0.0586501

29 11 0.0578318

30 11 0.0567853

31 11 0.0555148

32 11 0.0540251

33 11 0.0523222

34 11 0.0504128

35 11 0.0483045

36 11 0.0460055

37 11 0.043525

38 11 0.0408727

39 11 0.0380591

40 11 0.0350953

41 11 0.031993

42 11 0.0287644

43 11 0.0254223

44 11 0.0219798

45 11 0.0184507

46 11 0.0148487

47 11 0.0111881

48 11 0.00748335

49 11 0.00374907

50 11 0

0 12 0

1 12 0.00402623

2 12 0.00803658

3 12 0.0120152

4 12 0.0159464

5 12 0.0198147

6 12 0.0236048

7 12 0.0273017

8 12 0.0308909

9 12 0.0343581

10 12 0.0376898

11 12 0.0408727

12 12 0.0438943

13 12 0.0467427

14 12 0.0494066

15 12 0.0518755

16 12 0.0541397

17 12 0.0561902

18 12 0.058019

19 12 0.0596188

20 12 0.0609833

21 12 0.0621072

22 12 0.0629859

23 12 0.0636161

24 12 0.0639951

25 12 0.0641217

26 12 0.0639951

27 12 0.0636161

28 12 0.0629859

29 12 0.0621072

30 12 0.0609833

31 12 0.0596188

32 12 0.058019

33 12 0.0561902

34 12 0.0541397

35 12 0.0518755

36 12 0.0494066

37 12 0.0467427

38 12 0.0438943

39 12 0.0408727

40 12 0.0376898

41 12 0.0343581

42 12 0.0308909

43 12 0.0273017

44 12 0.0236048

45 12 0.0198147

46 12 0.0159464

47 12 0.0120152

48 12 0.00803658

49 12 0.00402623

50 12 0

0 13 0

1 13 0.0042875

2 13 0.00855808

3 13 0.0127949

4 13 0.0169812

5 13 0.0211005

6 13 0.0251365

7 13 0.0290733

8 13 0.0328954

9 13 0.0365877

10 13 0.0401355

11 13 0.043525

12 13 0.0467427

13 13 0.0497759

14 13 0.0526127

15 13 0.0552418

16 13 0.0576529

17 13 0.0598365

18 13 0.061784

19 13 0.0634876

20 13 0.0649407

21 13 0.0661374

22 13 0.0670732

23 13 0.0677442

24 13 0.0681479

25 13 0.0682826

26 13 0.0681479

27 13 0.0677442

28 13 0.0670732

29 13 0.0661374

30 13 0.0649407

31 13 0.0634876

32 13 0.061784

33 13 0.0598365

34 13 0.0576529

35 13 0.0552418

36 13 0.0526127

37 13 0.0497759

38 13 0.0467427

39 13 0.043525

40 13 0.0401355

41 13 0.0365877

42 13 0.0328954

43 13 0.0290733

44 13 0.0251365

45 13 0.0211005

46 13 0.0169812

47 13 0.0127949

48 13 0.00855808

49 13 0.0042875

50 13 0

0 14 0

1 14 0.00453185

2 14 0.00904582

3 14 0.0135241

4 14 0.017949

5 14 0.022303

6 14 0.0265691

7 14 0.0307303

8 14 0.0347702

9 14 0.0386728

10 14 0.0424229

11 14 0.0460055

12 14 0.0494066

13 14 0.0526127

14 14 0.0556111

15 14 0.0583901

16 14 0.0609386

17 14 0.0632467

18 14 0.0653051

19 14 0.0671058

20 14 0.0686417

21 14 0.0699067

22 14 0.0708957

23 14 0.071605

24 14 0.0720317

25 14 0.0721741

26 14 0.0720317

27 14 0.071605

28 14 0.0708957

29 14 0.0699067

30 14 0.0686417

31 14 0.0671058

32 14 0.0653051

33 14 0.0632467

34 14 0.0609386

35 14 0.0583901

36 14 0.0556111

37 14 0.0526127

38 14 0.0494066

39 14 0.0460055

40 14 0.0424229

41 14 0.0386728

42 14 0.0347702

43 14 0.0307303

44 14 0.0265691

45 14 0.022303

46 14 0.017949

47 14 0.0135241

48 14 0.00904582

49 14 0.00453185

50 14 0

0 15 0

1 15 0.00475832

2 15 0.00949785

3 15 0.0141999

4 15 0.0188459

5 15 0.0234176

6 15 0.0278968

7 15 0.0322659

8 15 0.0365077

9 15 0.0406054

10 15 0.0445428

11 15 0.0483045

12 15 0.0518755

13 15 0.0552418

14 15 0.0583901

15 15 0.0613079

16 15 0.0639838

17 15 0.0664072

18 15 0.0685685

19 15 0.0704592

20 15 0.0720718

21 15 0.0734

22 15 0.0744385

23 15 0.0751832

24 15 0.0756313

25 15 0.0757808

26 15 0.0756313

27 15 0.0751832

28 15 0.0744385

29 15 0.0734

30 15 0.0720718

31 15 0.0704592

32 15 0.0685685

33 15 0.0664072

34 15 0.0639838

35 15 0.0613079

36 15 0.0583901

37 15 0.0552418

38 15 0.0518755

39 15 0.0483045

40 15 0.0445428

41 15 0.0406054

42 15 0.0365077

43 15 0.0322659

44 15 0.0278968

45 15 0.0234176

46 15 0.0188459

47 15 0.0141999

48 15 0.00949785

49 15 0.00475832

50 15 0

0 16 0

1 16 0.004966

2 16 0.0099124

3 16 0.0148197

4 16 0.0196685

5 16 0.0244397

6 16 0.0291144

7 16 0.0336742

8 16 0.0381011

9 16 0.0423777

10 16 0.046487

11 16 0.0504128

12 16 0.0541397

13 16 0.0576529

14 16 0.0609386

15 16 0.0639838

16 16 0.0667765

17 16 0.0693057

18 16 0.0715613

19 16 0.0735345

20 16 0.0752175

21 16 0.0766037

22 16 0.0776875

23 16 0.0784647

24 16 0.0789323

25 16 0.0790884

26 16 0.0789323

27 16 0.0784647

28 16 0.0776875

29 16 0.0766037

30 16 0.0752175

31 16 0.0735345

32 16 0.0715613

33 16 0.0693057

34 16 0.0667765

35 16 0.0639838

36 16 0.0609386

37 16 0.0576529

38 16 0.0541397

39 16 0.0504128

40 16 0.046487

41 16 0.0423777

42 16 0.0381011

43 16 0.0336742

44 16 0.0291144

45 16 0.0244397

46 16 0.0196685

47 16 0.0148197

48 16 0.0099124

49 16 0.004966

50 16 0

0 17 0

1 17 0.00515409

2 17 0.0102878

3 17 0.015381

4 17 0.0204134

5 17 0.0253653

6 17 0.0302171

7 17 0.0349496

8 17 0.0395442

9 17 0.0439827

10 17 0.0482477

11 17 0.0523222

12 17 0.0561902

13 17 0.0598365

14 17 0.0632467

15 17 0.0664072

16 17 0.0693057

17 17 0.0719306

18 17 0.0742717

19 17 0.0763196

20 17 0.0780664

21 17 0.079505

22 17 0.0806299

23 17 0.0814366

24 17 0.0819219

25 17 0.0820838

26 17 0.0819219

27 17 0.0814366

28 17 0.0806299

29 17 0.079505

30 17 0.0780664

31 17 0.0763196

32 17 0.0742717

33 17 0.0719306

34 17 0.0693057

35 17 0.0664072

36 17 0.0632467

37 17 0.0598365

38 17 0.0561902

39 17 0.0523222

40 17 0.0482477

41 17 0.0439827

42 17 0.0395442

43 17 0.0349496

44 17 0.0302171

45 17 0.0253653

46 17 0.0204134

47 17 0.015381

48 17 0.0102878

49 17 0.00515409

50 17 0

0 18 0

1 18 0.00532183

2 18 0.0106227

3 18 0.0158816

4 18 0.0210778

5 18 0.0261908

6 18 0.0312005

7 18 0.0360871

8 18 0.0408312

9 18 0.0454142

10 18 0.0498179

11 18 0.0540251

12 18 0.058019

13 18 0.061784

14 18 0.0653051

15 18 0.0685685

16 18 0.0715613

17 18 0.0742717

18 18 0.0766889

19 18 0.0788035

20 18 0.0806071

21 18 0.0820926

22 18 0.0832541

23 18 0.084087

24 18 0.0845881

25 18 0.0847553

26 18 0.0845881

27 18 0.084087

28 18 0.0832541

29 18 0.0820926

30 18 0.0806071

31 18 0.0788035

32 18 0.0766889

33 18 0.0742717

34 18 0.0715613

35 18 0.0685685

36 18 0.0653051

37 18 0.061784

38 18 0.058019

39 18 0.0540251

40 18 0.0498179

41 18 0.0454142

42 18 0.0408312

43 18 0.0360871

44 18 0.0312005

45 18 0.0261908

46 18 0.0210778

47 18 0.0158816

48 18 0.0106227

49 18 0.00532183

50 18 0

0 19 0

1 19 0.00546857

2 19 0.0109156

3 19 0.0163195

4 19 0.021659

5 19 0.026913

6 19 0.0320608

7 19 0.0370821

8 19 0.0419571

9 19 0.0466664

10 19 0.0511916

11 19 0.0555148

12 19 0.0596188

13 19 0.0634876

14 19 0.0671058

15 19 0.0704592

16 19 0.0735345

17 19 0.0763196

18 19 0.0788035

19 19 0.0809764

20 19 0.0828298

21 19 0.0843562

22 19 0.0855497

23 19 0.0864056

24 19 0.0869205

25 19 0.0870924

26 19 0.0869205

27 19 0.0864056

28 19 0.0855497

29 19 0.0843562

30 19 0.0828298

31 19 0.0809764

32 19 0.0788035

33 19 0.0763196

34 19 0.0735345

35 19 0.0704592

36 19 0.0671058

37 19 0.0634876

38 19 0.0596188

39 19 0.0555148

40 19 0.0511916

41 19 0.0466664

42 19 0.0419571

43 19 0.0370821

44 19 0.0320608

45 19 0.026913

46 19 0.021659

47 19 0.0163195

48 19 0.0109156

49 19 0.00546857

50 19 0

0 20 0

1 20 0.00559374

2 20 0.0111654

3 20 0.016693

4 20 0.0221547

5 20 0.027529

6 20 0.0327946

7 20 0.0379308

8 20 0.0429173

9 20 0.0477345

10 20 0.0523632

11 20 0.0567853

12 20 0.0609833

13 20 0.0649407

14 20 0.0686417

15 20 0.0720718

16 20 0.0752175

17 20 0.0780664

18 20 0.0806071

19 20 0.0828298

20 20 0.0847255

21 20 0.0862869

22 20 0.0875077

23 20 0.0883832

24 20 0.0889099

25 20 0.0890857

26 20 0.0889099

27 20 0.0883832

28 20 0.0875077

29 20 0.0862869

30 20 0.0847255

31 20 0.0828298

32 20 0.0806071

33 20 0.0780664

34 20 0.0752175

35 20 0.0720718

36 20 0.0686417

37 20 0.0649407

38 20 0.0609833

39 20 0.0567853

40 20 0.0523632

41 20 0.0477345

42 20 0.0429173

43 20 0.0379308

44 20 0.0327946

45 20 0.027529

46 20 0.0221547

47 20 0.016693

48 20 0.0111654

49 20 0.00559374

50 20 0

0 21 0

1 21 0.00569682

2 21 0.0113712

3 21 0.0170006

4 21 0.022563

5 21 0.0280363

6 21 0.033399

7 21 0.0386298

8 21 0.0437083

9 21 0.0486142

10 21 0.0533282

11 21 0.0578318

12 21 0.0621072

13 21 0.0661374

14 21 0.0699067

15 21 0.0734

16 21 0.0766037

17 21 0.079505

18 21 0.0820926

19 21 0.0843562

20 21 0.0862869

21 21 0.087877

22 21 0.0891204

23 21 0.090012

24 21 0.0905484

25 21 0.0907274

26 21 0.0905484

27 21 0.090012

28 21 0.0891204

29 21 0.087877

30 21 0.0862869

31 21 0.0843562

32 21 0.0820926

33 21 0.079505

34 21 0.0766037

35 21 0.0734

36 21 0.0699067

37 21 0.0661374

38 21 0.0621072

39 21 0.0578318

40 21 0.0533282

41 21 0.0486142

42 21 0.0437083

43 21 0.0386298

44 21 0.033399

45 21 0.0280363

46 21 0.022563

47 21 0.0170006

48 21 0.0113712

49 21 0.00569682

50 21 0

0 22 0

1 22 0.00577742

2 22 0.011532

3 22 0.0172412

4 22 0.0228822

5 22 0.028433

6 22 0.0338715

7 22 0.0391764

8 22 0.0443267

9 22 0.049302

10 22 0.0540827

11 22 0.0586501

12 22 0.0629859

13 22 0.0670732

14 22 0.0708957

15 22 0.0744385

16 22 0.0776875

17 22 0.0806299

18 22 0.0832541

19 22 0.0855497

20 22 0.0875077

21 22 0.0891204

22 22 0.0903813

23 22 0.0912855

24 22 0.0918295

25 22 0.0920111

26 22 0.0918295

27 22 0.0912855

28 22 0.0903813

29 22 0.0891204

30 22 0.0875077

31 22 0.0855497

32 22 0.0832541

33 22 0.0806299

34 22 0.0776875

35 22 0.0744385

36 22 0.0708957

37 22 0.0670732

38 22 0.0629859

39 22 0.0586501

40 22 0.0540827

41 22 0.049302

42 22 0.0443267

43 22 0.0391764

44 22 0.0338715

45 22 0.028433

46 22 0.0228822

47 22 0.0172412

48 22 0.011532

49 22 0.00577742

50 22 0

0 23 0

1 23 0.00583522

2 23 0.0116474

3 23 0.0174136

4 23 0.0231111

5 23 0.0287174

6 23 0.0342104

7 23 0.0395683

8 23 0.0447701

9 23 0.0497952

10 23 0.0546238

11 23 0.0592368

12 23 0.0636161

13 23 0.0677442

14 23 0.071605

15 23 0.0751832

16 23 0.0784647

17 23 0.0814366

18 23 0.084087

19 23 0.0864056

20 23 0.0883832

21 23 0.090012

22 23 0.0912855

23 23 0.0921988

24 23 0.0927482

25 23 0.0929316

26 23 0.0927482

27 23 0.0921988

28 23 0.0912855

29 23 0.090012

30 23 0.0883832

31 23 0.0864056

32 23 0.084087

33 23 0.0814366

34 23 0.0784647

35 23 0.0751832

36 23 0.071605

37 23 0.0677442

38 23 0.0636161

39 23 0.0592368

40 23 0.0546238

41 23 0.0497952

42 23 0.0447701

43 23 0.0395683

44 23 0.0342104

45 23 0.0287174

46 23 0.0231111

47 23 0.0174136

48 23 0.0116474

49 23 0.00583522

50 23 0

0 24 0

1 24 0.00587

2 24 0.0117168

3 24 0.0175174

4 24 0.0232489

5 24 0.0288886

6 24 0.0344143

7 24 0.0398041

8 24 0.0450369

9 24 0.050092

10 24 0.0549493

11 24 0.0595898

12 24 0.0639951

13 24 0.0681479

14 24 0.0720317

15 24 0.0756313

16 24 0.0789323

17 24 0.0819219

18 24 0.0845881

19 24 0.0869205

20 24 0.0889099

21 24 0.0905484

22 24 0.0918295

23 24 0.0927482

24 24 0.0933009

25 24 0.0934854

26 24 0.0933009

27 24 0.0927482

28 24 0.0918295

29 24 0.0905484

30 24 0.0889099

31 24 0.0869205

32 24 0.0845881

33 24 0.0819219

34 24 0.0789323

35 24 0.0756313

36 24 0.0720317

37 24 0.0681479

38 24 0.0639951

39 24 0.0595898

40 24 0.0549493

41 24 0.050092

42 24 0.0450369

43 24 0.0398041

44 24 0.0344143

45 24 0.0288886

46 24 0.0232489

47 24 0.0175174

48 24 0.0117168

49 24 0.00587

50 24 0

0 25 0

1 25 0.0058816

2 25 0.01174

3 25 0.017552

4 25 0.0232948

5 25 0.0289457

6 25 0.0344823

7 25 0.0398828

8 25 0.045126

9 25 0.050191

10 25 0.055058

11 25 0.0597076

12 25 0.0641217

13 25 0.0682826

14 25 0.0721741

15 25 0.0757808

16 25 0.0790884

17 25 0.0820838

18 25 0.0847553

19 25 0.0870924

20 25 0.0890857

21 25 0.0907274

22 25 0.0920111

23 25 0.0929316

24 25 0.0934854

25 25 0.0936702

26 25 0.0934854

27 25 0.0929316

28 25 0.0920111

29 25 0.0907274

30 25 0.0890857

31 25 0.0870924

32 25 0.0847553

33 25 0.0820838

34 25 0.0790884

35 25 0.0757808

36 25 0.0721741

37 25 0.0682826

38 25 0.0641217

39 25 0.0597076

40 25 0.055058

41 25 0.050191

42 25 0.045126

43 25 0.0398828

44 25 0.0344823

45 25 0.0289457

46 25 0.0232948

47 25 0.017552

48 25 0.01174

49 25 0.0058816

50 25 0

0 26 0

1 26 0.00587

2 26 0.0117168

3 26 0.0175174

4 26 0.0232489

5 26 0.0288886

6 26 0.0344143

7 26 0.0398041

8 26 0.0450369

9 26 0.050092

10 26 0.0549493

11 26 0.0595898

12 26 0.0639951

13 26 0.0681479

14 26 0.0720317

15 26 0.0756313

16 26 0.0789323

17 26 0.0819219

18 26 0.0845881

19 26 0.0869205

20 26 0.0889099

21 26 0.0905484

22 26 0.0918295

23 26 0.0927482

24 26 0.0933009

25 26 0.0934854

26 26 0.0933009

27 26 0.0927482

28 26 0.0918295

29 26 0.0905484

30 26 0.0889099

31 26 0.0869205

32 26 0.0845881

33 26 0.0819219

34 26 0.0789323

35 26 0.0756313

36 26 0.0720317

37 26 0.0681479

38 26 0.0639951

39 26 0.0595898

40 26 0.0549493

41 26 0.050092

42 26 0.0450369

43 26 0.0398041

44 26 0.0344143

45 26 0.0288886

46 26 0.0232489

47 26 0.0175174

48 26 0.0117168

49 26 0.00587

50 26 0

0 27 0

1 27 0.00583522

2 27 0.0116474

3 27 0.0174136

4 27 0.0231111

5 27 0.0287174

6 27 0.0342104

7 27 0.0395683

8 27 0.0447701

9 27 0.0497952

10 27 0.0546238

11 27 0.0592368

12 27 0.0636161

13 27 0.0677442

14 27 0.071605

15 27 0.0751832

16 27 0.0784647

17 27 0.0814366

18 27 0.084087

19 27 0.0864056

20 27 0.0883832

21 27 0.090012

22 27 0.0912855

23 27 0.0921988

24 27 0.0927482

25 27 0.0929316

26 27 0.0927482

27 27 0.0921988

28 27 0.0912855

29 27 0.090012

30 27 0.0883832

31 27 0.0864056

32 27 0.084087

33 27 0.0814366

34 27 0.0784647

35 27 0.0751832

36 27 0.071605

37 27 0.0677442

38 27 0.0636161

39 27 0.0592368

40 27 0.0546238

41 27 0.0497952

42 27 0.0447701

43 27 0.0395683

44 27 0.0342104

45 27 0.0287174

46 27 0.0231111

47 27 0.0174136

48 27 0.0116474

49 27 0.00583522

50 27 0

0 28 0

1 28 0.00577742

2 28 0.011532

3 28 0.0172412

4 28 0.0228822

5 28 0.028433

6 28 0.0338715

7 28 0.0391764

8 28 0.0443267

9 28 0.049302

10 28 0.0540827

11 28 0.0586501

12 28 0.0629859

13 28 0.0670732

14 28 0.0708957

15 28 0.0744385

16 28 0.0776875

17 28 0.0806299

18 28 0.0832541

19 28 0.0855497

20 28 0.0875077

21 28 0.0891204

22 28 0.0903813

23 28 0.0912855

24 28 0.0918295

25 28 0.0920111

26 28 0.0918295

27 28 0.0912855

28 28 0.0903813

29 28 0.0891204

30 28 0.0875077

31 28 0.0855497

32 28 0.0832541

33 28 0.0806299

34 28 0.0776875

35 28 0.0744385

36 28 0.0708957

37 28 0.0670732

38 28 0.0629859

39 28 0.0586501

40 28 0.0540827

41 28 0.049302

42 28 0.0443267

43 28 0.0391764

44 28 0.0338715

45 28 0.028433

46 28 0.0228822

47 28 0.0172412

48 28 0.011532

49 28 0.00577742

50 28 0

0 29 0

1 29 0.00569682

2 29 0.0113712

3 29 0.0170006

4 29 0.022563

5 29 0.0280363

6 29 0.033399

7 29 0.0386298

8 29 0.0437083

9 29 0.0486142

10 29 0.0533282

11 29 0.0578318

12 29 0.0621072

13 29 0.0661374

14 29 0.0699067

15 29 0.0734

16 29 0.0766037

17 29 0.079505

18 29 0.0820926

19 29 0.0843562

20 29 0.0862869

21 29 0.087877

22 29 0.0891204

23 29 0.090012

24 29 0.0905484

25 29 0.0907274

26 29 0.0905484

27 29 0.090012

28 29 0.0891204

29 29 0.087877

30 29 0.0862869

31 29 0.0843562

32 29 0.0820926

33 29 0.079505

34 29 0.0766037

35 29 0.0734

36 29 0.0699067

37 29 0.0661374

38 29 0.0621072

39 29 0.0578318

40 29 0.0533282

41 29 0.0486142

42 29 0.0437083

43 29 0.0386298

44 29 0.033399

45 29 0.0280363

46 29 0.022563

47 29 0.0170006

48 29 0.0113712

49 29 0.00569682

50 29 0

0 30 0

1 30 0.00559374

2 30 0.0111654

3 30 0.016693

4 30 0.0221547

5 30 0.027529

6 30 0.0327946

7 30 0.0379308

8 30 0.0429173

9 30 0.0477345

10 30 0.0523632

11 30 0.0567853

12 30 0.0609833

13 30 0.0649407

14 30 0.0686417

15 30 0.0720718

16 30 0.0752175

17 30 0.0780664

18 30 0.0806071

19 30 0.0828298

20 30 0.0847255

21 30 0.0862869

22 30 0.0875077

23 30 0.0883832

24 30 0.0889099

25 30 0.0890857

26 30 0.0889099

27 30 0.0883832

28 30 0.0875077

29 30 0.0862869

30 30 0.0847255

31 30 0.0828298

32 30 0.0806071

33 30 0.0780664

34 30 0.0752175

35 30 0.0720718

36 30 0.0686417

37 30 0.0649407

38 30 0.0609833

39 30 0.0567853

40 30 0.0523632

41 30 0.0477345

42 30 0.0429173

43 30 0.0379308

44 30 0.0327946

45 30 0.027529

46 30 0.0221547

47 30 0.016693

48 30 0.0111654

49 30 0.00559374

50 30 0

0 31 0

1 31 0.00546857

2 31 0.0109156

3 31 0.0163195

4 31 0.021659

5 31 0.026913

6 31 0.0320608

7 31 0.0370821

8 31 0.0419571

9 31 0.0466664

10 31 0.0511916

11 31 0.0555148

12 31 0.0596188

13 31 0.0634876

14 31 0.0671058

15 31 0.0704592

16 31 0.0735345

17 31 0.0763196

18 31 0.0788035

19 31 0.0809764

20 31 0.0828298

21 31 0.0843562

22 31 0.0855497

23 31 0.0864056

24 31 0.0869205

25 31 0.0870924

26 31 0.0869205

27 31 0.0864056

28 31 0.0855497

29 31 0.0843562

30 31 0.0828298

31 31 0.0809764

32 31 0.0788035

33 31 0.0763196

34 31 0.0735345

35 31 0.0704592

36 31 0.0671058

37 31 0.0634876

38 31 0.0596188

39 31 0.0555148

40 31 0.0511916

41 31 0.0466664

42 31 0.0419571

43 31 0.0370821

44 31 0.0320608

45 31 0.026913

46 31 0.021659

47 31 0.0163195

48 31 0.0109156

49 31 0.00546857

50 31 0

0 32 0

1 32 0.00532183

2 32 0.0106227

3 32 0.0158816

4 32 0.0210778

5 32 0.0261908

6 32 0.0312005

7 32 0.0360871

8 32 0.0408312

9 32 0.0454142

10 32 0.0498179

11 32 0.0540251

12 32 0.058019

13 32 0.061784

14 32 0.0653051

15 32 0.0685685

16 32 0.0715613

17 32 0.0742717

18 32 0.0766889

19 32 0.0788035

20 32 0.0806071

21 32 0.0820926

22 32 0.0832541

23 32 0.084087

24 32 0.0845881

25 32 0.0847553

26 32 0.0845881

27 32 0.084087

28 32 0.0832541

29 32 0.0820926

30 32 0.0806071

31 32 0.0788035

32 32 0.0766889

33 32 0.0742717

34 32 0.0715613

35 32 0.0685685

36 32 0.0653051

37 32 0.061784

38 32 0.058019

39 32 0.0540251

40 32 0.0498179

41 32 0.0454142

42 32 0.0408312

43 32 0.0360871

44 32 0.0312005

45 32 0.0261908

46 32 0.0210778

47 32 0.0158816

48 32 0.0106227

49 32 0.00532183

50 32 0

0 33 0

1 33 0.00515409

2 33 0.0102878

3 33 0.015381

4 33 0.0204134

5 33 0.0253653

6 33 0.0302171

7 33 0.0349496

8 33 0.0395442

9 33 0.0439827

10 33 0.0482477

11 33 0.0523222

12 33 0.0561902

13 33 0.0598365

14 33 0.0632467

15 33 0.0664072

16 33 0.0693057

17 33 0.0719306

18 33 0.0742717

19 33 0.0763196

20 33 0.0780664

21 33 0.079505

22 33 0.0806299

23 33 0.0814366

24 33 0.0819219

25 33 0.0820838

26 33 0.0819219

27 33 0.0814366

28 33 0.0806299

29 33 0.079505

30 33 0.0780664

31 33 0.0763196

32 33 0.0742717

33 33 0.0719306

34 33 0.0693057

35 33 0.0664072

36 33 0.0632467

37 33 0.0598365

38 33 0.0561902

39 33 0.0523222

40 33 0.0482477

41 33 0.0439827

42 33 0.0395442

43 33 0.0349496

44 33 0.0302171

45 33 0.0253653

46 33 0.0204134

47 33 0.015381

48 33 0.0102878

49 33 0.00515409

50 33 0

0 34 0

1 34 0.004966

2 34 0.0099124

3 34 0.0148197

4 34 0.0196685

5 34 0.0244397

6 34 0.0291144

7 34 0.0336742

8 34 0.0381011

9 34 0.0423777

10 34 0.046487

11 34 0.0504128

12 34 0.0541397

13 34 0.0576529

14 34 0.0609386

15 34 0.0639838

16 34 0.0667765

17 34 0.0693057

18 34 0.0715613

19 34 0.0735345

20 34 0.0752175

21 34 0.0766037

22 34 0.0776875

23 34 0.0784647

24 34 0.0789323

25 34 0.0790884

26 34 0.0789323

27 34 0.0784647

28 34 0.0776875

29 34 0.0766037

30 34 0.0752175

31 34 0.0735345

32 34 0.0715613

33 34 0.0693057

34 34 0.0667765

35 34 0.0639838

36 34 0.0609386

37 34 0.0576529

38 34 0.0541397

39 34 0.0504128

40 34 0.046487

41 34 0.0423777

42 34 0.0381011

43 34 0.0336742

44 34 0.0291144

45 34 0.0244397

46 34 0.0196685

47 34 0.0148197

48 34 0.0099124

49 34 0.004966

50 34 0

0 35 0

1 35 0.00475832

2 35 0.00949785

3 35 0.0141999

4 35 0.0188459

5 35 0.0234176

6 35 0.0278968

7 35 0.0322659

8 35 0.0365077

9 35 0.0406054

10 35 0.0445428

11 35 0.0483045

12 35 0.0518755

13 35 0.0552418

14 35 0.0583901

15 35 0.0613079

16 35 0.0639838

17 35 0.0664072

18 35 0.0685685

19 35 0.0704592

20 35 0.0720718

21 35 0.0734

22 35 0.0744385

23 35 0.0751832

24 35 0.0756313

25 35 0.0757808

26 35 0.0756313

27 35 0.0751832

28 35 0.0744385

29 35 0.0734

30 35 0.0720718

31 35 0.0704592

32 35 0.0685685

33 35 0.0664072

34 35 0.0639838

35 35 0.0613079

36 35 0.0583901

37 35 0.0552418

38 35 0.0518755

39 35 0.0483045

40 35 0.0445428

41 35 0.0406054

42 35 0.0365077

43 35 0.0322659

44 35 0.0278968

45 35 0.0234176

46 35 0.0188459

47 35 0.0141999

48 35 0.00949785

49 35 0.00475832

50 35 0

0 36 0

1 36 0.00453185

2 36 0.00904582

3 36 0.0135241

4 36 0.017949

5 36 0.022303

6 36 0.0265691

7 36 0.0307303

8 36 0.0347702

9 36 0.0386728

10 36 0.0424229

11 36 0.0460055

12 36 0.0494066

13 36 0.0526127

14 36 0.0556111

15 36 0.0583901

16 36 0.0609386

17 36 0.0632467

18 36 0.0653051

19 36 0.0671058

20 36 0.0686417

21 36 0.0699067

22 36 0.0708957

23 36 0.071605

24 36 0.0720317

25 36 0.0721741

26 36 0.0720317

27 36 0.071605

28 36 0.0708957

29 36 0.0699067

30 36 0.0686417

31 36 0.0671058

32 36 0.0653051

33 36 0.0632467

34 36 0.0609386

35 36 0.0583901

36 36 0.0556111

37 36 0.0526127

38 36 0.0494066

39 36 0.0460055

40 36 0.0424229

41 36 0.0386728

42 36 0.0347702

43 36 0.0307303

44 36 0.0265691

45 36 0.022303

46 36 0.017949

47 36 0.0135241

48 36 0.00904582

49 36 0.00453185

50 36 0

0 37 0

1 37 0.0042875

2 37 0.00855808

3 37 0.0127949

4 37 0.0169812

5 37 0.0211005

6 37 0.0251365

7 37 0.0290733

8 37 0.0328954

9 37 0.0365877

10 37 0.0401355

11 37 0.043525

12 37 0.0467427

13 37 0.0497759

14 37 0.0526127

15 37 0.0552418

16 37 0.0576529

17 37 0.0598365

18 37 0.061784

19 37 0.0634876

20 37 0.0649407

21 37 0.0661374

22 37 0.0670732

23 37 0.0677442

24 37 0.0681479

25 37 0.0682826

26 37 0.0681479

27 37 0.0677442

28 37 0.0670732

29 37 0.0661374

30 37 0.0649407

31 37 0.0634876

32 37 0.061784

33 37 0.0598365

34 37 0.0576529

35 37 0.0552418

36 37 0.0526127

37 37 0.0497759

38 37 0.0467427

39 37 0.043525

40 37 0.0401355

41 37 0.0365877

42 37 0.0328954

43 37 0.0290733

44 37 0.0251365

45 37 0.0211005

46 37 0.0169812

47 37 0.0127949

48 37 0.00855808

49 37 0.0042875

50 37 0

0 38 0

1 38 0.00402623

2 38 0.00803658

3 38 0.0120152

4 38 0.0159464

5 38 0.0198147

6 38 0.0236048

7 38 0.0273017

8 38 0.0308909

9 38 0.0343581

10 38 0.0376898

11 38 0.0408727

12 38 0.0438943

13 38 0.0467427

14 38 0.0494066

15 38 0.0518755

16 38 0.0541397

17 38 0.0561902

18 38 0.058019

19 38 0.0596188

20 38 0.0609833

21 38 0.0621072

22 38 0.0629859

23 38 0.0636161

24 38 0.0639951

25 38 0.0641217

26 38 0.0639951

27 38 0.0636161

28 38 0.0629859

29 38 0.0621072

30 38 0.0609833

31 38 0.0596188

32 38 0.058019

33 38 0.0561902

34 38 0.0541397

35 38 0.0518755

36 38 0.0494066

37 38 0.0467427

38 38 0.0438943

39 38 0.0408727

40 38 0.0376898

41 38 0.0343581

42 38 0.0308909

43 38 0.0273017

44 38 0.0236048

45 38 0.0198147

46 38 0.0159464

47 38 0.0120152

48 38 0.00803658

49 38 0.00402623

50 38 0

0 39 0

1 39 0.00374907

2 39 0.00748335

3 39 0.0111881

4 39 0.0148487

5 39 0.0184507

6 39 0.0219798

7 39 0.0254223

8 39 0.0287644

9 39 0.031993

10 39 0.0350953

11 39 0.0380591

12 39 0.0408727

13 39 0.043525

14 39 0.0460055

15 39 0.0483045

16 39 0.0504128

17 39 0.0523222

18 39 0.0540251

19 39 0.0555148

20 39 0.0567853

21 39 0.0578318

22 39 0.0586501

23 39 0.0592368

24 39 0.0595898

25 39 0.0597076

26 39 0.0595898

27 39 0.0592368

28 39 0.0586501

29 39 0.0578318

30 39 0.0567853

31 39 0.0555148

32 39 0.0540251

33 39 0.0523222

34 39 0.0504128

35 39 0.0483045

36 39 0.0460055

37 39 0.043525

38 39 0.0408727

39 39 0.0380591

40 39 0.0350953

41 39 0.031993

42 39 0.0287644

43 39 0.0254223

44 39 0.0219798

45 39 0.0184507

46 39 0.0148487

47 39 0.0111881

48 39 0.00748335

49 39 0.00374907

50 39 0

0 40 0

1 40 0.00345712

2 40 0.00690059

3 40 0.0103168

4 40 0.0136924

5 40 0.0170138

6 40 0.0202682

7 40 0.0234425

8 40 0.0265244

9 40 0.0295015

10 40 0.0323623

11 40 0.0350953

12 40 0.0376898

13 40 0.0401355

14 40 0.0424229

15 40 0.0445428

16 40 0.046487

17 40 0.0482477

18 40 0.0498179

19 40 0.0511916

20 40 0.0523632

21 40 0.0533282

22 40 0.0540827

23 40 0.0546238

24 40 0.0549493

25 40 0.055058

26 40 0.0549493

27 40 0.0546238

28 40 0.0540827

29 40 0.0533282

30 40 0.0523632

31 40 0.0511916

32 40 0.0498179

33 40 0.0482477

34 40 0.046487

35 40 0.0445428

36 40 0.0424229

37 40 0.0401355

38 40 0.0376898

39 40 0.0350953

40 40 0.0323623

41 40 0.0295015

42 40 0.0265244

43 40 0.0234425

44 40 0.0202682

45 40 0.0170138

46 40 0.0136924

47 40 0.0103168

48 40 0.00690059

49 40 0.00345712

50 40 0

0 41 0

1 41 0.00315152

2 41 0.0062906

3 41 0.00940486

4 41 0.012482

5 41 0.0155099

6 41 0.0184765

7 41 0.0213703

8 41 0.0241797

9 41 0.0268937

10 41 0.0295015

11 41 0.031993

12 41 0.0343581

13 41 0.0365877

14 41 0.0386728

15 41 0.0406054

16 41 0.0423777

17 41 0.0439827

18 41 0.0454142

19 41 0.0466664

20 41 0.0477345

21 41 0.0486142

22 41 0.049302

23 41 0.0497952

24 41 0.050092

25 41 0.050191

26 41 0.050092

27 41 0.0497952

28 41 0.049302

29 41 0.0486142

30 41 0.0477345

31 41 0.0466664

32 41 0.0454142

33 41 0.0439827

34 41 0.0423777

35 41 0.0406054

36 41 0.0386728

37 41 0.0365877

38 41 0.0343581

39 41 0.031993

40 41 0.0295015

41 41 0.0268937

42 41 0.0241797

43 41 0.0213703

44 41 0.0184765

45 41 0.0155099

46 41 0.012482

47 41 0.00940486

48 41 0.0062906

49 41 0.00315152

50 41 0

0 42 0

1 42 0.00283348

2 42 0.00565578

3 42 0.00845576

4 42 0.0112224

5 42 0.0139447

6 42 0.016612

7 42 0.0192137

8 42 0.0217396

9 42 0.0241797

10 42 0.0265244

11 42 0.0287644

12 42 0.0308909

13 42 0.0328954

14 42 0.0347702

15 42 0.0365077

16 42 0.0381011

17 42 0.0395442

18 42 0.0408312

19 42 0.0419571

20 42 0.0429173

21 42 0.0437083

22 42 0.0443267

23 42 0.0447701

24 42 0.0450369

25 42 0.045126

26 42 0.0450369

27 42 0.0447701

28 42 0.0443267

29 42 0.0437083

30 42 0.0429173

31 42 0.0419571

32 42 0.0408312

33 42 0.0395442

34 42 0.0381011

35 42 0.0365077

36 42 0.0347702

37 42 0.0328954

38 42 0.0308909

39 42 0.0287644

40 42 0.0265244

41 42 0.0241797

42 42 0.0217396

43 42 0.0192137

44 42 0.016612

45 42 0.0139447

46 42 0.0112224

47 42 0.00845576

48 42 0.00565578

49 42 0.00283348

50 42 0

0 43 0

1 43 0.00250426

2 43 0.00499864

3 43 0.0074733

4 43 0.00991846

5 43 0.0123245

6 43 0.0146819

7 43 0.0169813

8 43 0.0192137

9 43 0.0213703

10 43 0.0234425

11 43 0.0254223

12 43 0.0273017

13 43 0.0290733

14 43 0.0307303

15 43 0.0322659

16 43 0.0336742

17 43 0.0349496

18 43 0.0360871

19 43 0.0370821

20 43 0.0379308

21 43 0.0386298

22 43 0.0391764

23 43 0.0395683

24 43 0.0398041

25 43 0.0398828

26 43 0.0398041

27 43 0.0395683

28 43 0.0391764

29 43 0.0386298

30 43 0.0379308

31 43 0.0370821

32 43 0.0360871

33 43 0.0349496

34 43 0.0336742

35 43 0.0322659

36 43 0.0307303

37 43 0.0290733

38 43 0.0273017

39 43 0.0254223

40 43 0.0234425

41 43 0.0213703

42 43 0.0192137

43 43 0.0169813

44 43 0.0146819

45 43 0.0123245

46 43 0.00991846

47 43 0.0074733

48 43 0.00499864

49 43 0.00250426

50 43 0

0 44 0

1 44 0.00216516

2 44 0.00432178

3 44 0.00646134

4 44 0.0085754

5 44 0.0106556

6 44 0.0126938

7 44 0.0146819

8 44 0.016612

9 44 0.0184765

10 44 0.0202682

11 44 0.0219798

12 44 0.0236048

13 44 0.0251365

14 44 0.0265691

15 44 0.0278968

16 44 0.0291144

17 44 0.0302171

18 44 0.0312005

19 44 0.0320608

20 44 0.0327946

21 44 0.033399

22 44 0.0338715

23 44 0.0342104

24 44 0.0344143

25 44 0.0344823

26 44 0.0344143

27 44 0.0342104

28 44 0.0338715

29 44 0.033399

30 44 0.0327946

31 44 0.0320608

32 44 0.0312005

33 44 0.0302171

34 44 0.0291144

35 44 0.0278968

36 44 0.0265691

37 44 0.0251365

38 44 0.0236048

39 44 0.0219798

40 44 0.0202682

41 44 0.0184765

42 44 0.016612

43 44 0.0146819

44 44 0.0126938

45 44 0.0106556

46 44 0.0085754

47 44 0.00646134

48 44 0.00432178

49 44 0.00216516

50 44 0

0 45 0

1 45 0.00181751

2 45 0.00362786

3 45 0.00542388

4 45 0.0071985

5 45 0.00894471

6 45 0.0106556

7 45 0.0123245

8 45 0.0139447

9 45 0.0155099

10 45 0.0170138

11 45 0.0184507

12 45 0.0198147

13 45 0.0211005

14 45 0.022303

15 45 0.0234176

16 45 0.0244397

17 45 0.0253653

18 45 0.0261908

19 45 0.026913

20 45 0.027529

21 45 0.0280363

22 45 0.028433

23 45 0.0287174

24 45 0.0288886

25 45 0.0289457

26 45 0.0288886

27 45 0.0287174

28 45 0.028433

29 45 0.0280363

30 45 0.027529

31 45 0.026913

32 45 0.0261908

33 45 0.0253653

34 45 0.0244397

35 45 0.0234176

36 45 0.022303

37 45 0.0211005

38 45 0.0198147

39 45 0.0184507

40 45 0.0170138

41 45 0.0155099

42 45 0.0139447

43 45 0.0123245

44 45 0.0106556

45 45 0.00894471

46 45 0.0071985

47 45 0.00542388

48 45 0.00362786

49 45 0.00181751

50 45 0

0 46 0

1 46 0.00146269

2 46 0.00291962

3 46 0.00436502

4 46 0.00579319

5 46 0.0071985

6 46 0.0085754

7 46 0.00991846

8 46 0.0112224

9 46 0.012482

10 46 0.0136924

11 46 0.0148487

12 46 0.0159464

13 46 0.0169812

14 46 0.017949

15 46 0.0188459

16 46 0.0196685

17 46 0.0204134

18 46 0.0210778

19 46 0.021659

20 46 0.0221547

21 46 0.022563

22 46 0.0228822

23 46 0.0231111

24 46 0.0232489

25 46 0.0232948

26 46 0.0232489

27 46 0.0231111

28 46 0.0228822

29 46 0.022563

30 46 0.0221547

31 46 0.021659

32 46 0.0210778

33 46 0.0204134

34 46 0.0196685

35 46 0.0188459

36 46 0.017949

37 46 0.0169812

38 46 0.0159464

39 46 0.0148487

40 46 0.0136924

41 46 0.012482

42 46 0.0112224

43 46 0.00991846

44 46 0.0085754

45 46 0.0071985

46 46 0.00579319

47 46 0.00436502

48 46 0.00291962

49 46 0.00146269

50 46 0

0 47 0

1 47 0.0011021

2 47 0.00219985

3 47 0.00328893

4 47 0.00436502

5 47 0.00542388

6 47 0.00646134

7 47 0.0074733

8 47 0.00845576

9 47 0.00940486

10 47 0.0103168

11 47 0.0111881

12 47 0.0120152

13 47 0.0127949

14 47 0.0135241

15 47 0.0141999

16 47 0.0148197

17 47 0.015381

18 47 0.0158816

19 47 0.0163195

20 47 0.016693

21 47 0.0170006

22 47 0.0172412

23 47 0.0174136

24 47 0.0175174

25 47 0.017552

26 47 0.0175174

27 47 0.0174136

28 47 0.0172412

29 47 0.0170006

30 47 0.016693

31 47 0.0163195

32 47 0.0158816

33 47 0.015381

34 47 0.0148197

35 47 0.0141999

36 47 0.0135241

37 47 0.0127949

38 47 0.0120152

39 47 0.0111881

40 47 0.0103168

41 47 0.00940486

42 47 0.00845576

43 47 0.0074733

44 47 0.00646134

45 47 0.00542388

46 47 0.00436502

47 47 0.00328893

48 47 0.00219985

49 47 0.0011021

50 47 0

0 48 0

1 48 0.00073716

2 48 0.00147141

3 48 0.00219985

4 48 0.00291962

5 48 0.00362786

6 48 0.00432178

7 48 0.00499864

8 48 0.00565578

9 48 0.0062906

10 48 0.00690059

11 48 0.00748335

12 48 0.00803658

13 48 0.00855808

14 48 0.00904582

15 48 0.00949785

16 48 0.0099124

17 48 0.0102878

18 48 0.0106227

19 48 0.0109156

20 48 0.0111654

21 48 0.0113712

22 48 0.011532

23 48 0.0116474

24 48 0.0117168

25 48 0.01174

26 48 0.0117168

27 48 0.0116474

28 48 0.011532

29 48 0.0113712

30 48 0.0111654

31 48 0.0109156

32 48 0.0106227

33 48 0.0102878

34 48 0.0099124

35 48 0.00949785

36 48 0.00904582

37 48 0.00855808

38 48 0.00803658

39 48 0.00748335

40 48 0.00690059

41 48 0.0062906

42 48 0.00565578

43 48 0.00499864

44 48 0.00432178

45 48 0.00362786

46 48 0.00291962

47 48 0.00219985

48 48 0.00147141

49 48 0.00073716

50 48 0

0 49 0

1 49 0.000369309

2 49 0.00073716

3 49 0.0011021

4 49 0.00146269
