0 1 0

1 1 0.00269926

2 1 0.00538786

3 1 0.0080552

4 1 0.0106908

5 1 0.0132841

6 1 0.0158251

7 1 0.0183035

8 1 0.0207098

9 1 0.0230343

10 1 0.0252679

11 1 0.0274018

12 1 0.0294275

13 1 0.0313371

14 1 0.0331231

15 1 0.0347783

16 1 0.0362962

17 1 0.0376709

18 1 0.038897

19 1 0.0399695

20 1 0.0408843

21 1 0.0416377

22 1 0.0422269

23 1 0.0426493

24 1 0.0429035

25 1 0.0429883

26 1 0.0429035

27 1 0.0426493

28 1 0.0422269

29 1 0.0416377

30 1 0.0408843

31 1 0.0399695

32 1 0.038897

33 1 0.0376709

34 1 0.0362962

35 1 0.0347783

36 1 0.0331231

37 1 0.0313371

38 1 0.0294275

39 1 0.0274018

40 1 0.0252679

41 1 0.0230343

42 1 0.0207098

43 1 0.0183035

44 1 0.0158251

45 1 0.0132841

46 1 0.0106908

47 1 0.0080552

48 1 0.00538786

49 1 0.00269926

50 1 0

0 2 0

1 2 0.00538786

2 2 0.0107545

3 2 0.0160786

4 2 0.0213393

5 2 0.0265158

6 2 0.0315876

7 2 0.0365348

8 2 0.0413378

9 2 0.0459777

10 2 0.0504361

11 2 0.0546954

12 2 0.0587389

13 2 0.0625506

14 2 0.0661154

15 2 0.0694193

16 2 0.0724492

17 2 0.0751932

18 2 0.0776405

19 2 0.0797813

20 2 0.0816073

21 2 0.0831112

22 2 0.0842871

23 2 0.0851303

24 2 0.0856376

25 2 0.085807

26 2 0.0856376

27 2 0.0851303

28 2 0.0842871

29 2 0.0831112

30 2 0.0816073

31 2 0.0797813

32 2 0.0776405

33 2 0.0751932

34 2 0.0724492

35 2 0.0694193

36 2 0.0661154

37 2 0.0625506

38 2 0.0587389

39 2 0.0546954

40 2 0.0504361

41 2 0.0459777

42 2 0.0413378

43 2 0.0365348

44 2 0.0315876

45 2 0.0265158

46 2 0.0213393

47 2 0.0160786

48 2 0.0107545

49 2 0.00538786

50 2 0

0 3 0

1 3 0.0080552

2 3 0.0160786

3 3 0.0240386

4 3 0.0319037

5 3 0.0396429

6 3 0.0472256

7 3 0.0546219

8 3 0.0618027

9 3 0.0687396

10 3 0.0754052

11 3 0.0817732

12 3 0.0878185

13 3 0.0935172

14 3 0.0988468

15 3 0.103786

16 3 0.108316

17 3 0.112419

18 3 0.116078

19 3 0.119278

20 3 0.122008

21 3 0.124257

22 3 0.126015

23 3 0.127275

24 3 0.128034

25 3 0.128287

26 3 0.128034

27 3 0.127275

28 3 0.126015

29 3 0.124257

30 3 0.122008

31 3 0.119278

32 3 0.116078

33 3 0.112419

34 3 0.108316

35 3 0.103786

36 3 0.0988468

37 3 0.0935172

38 3 0.0878185

39 3 0.0817732

40 3 0.0754052

41 3 0.0687396

42 3 0.0618027

43 3 0.0546219

44 3 0.0472256

45 3 0.0396429

46 3 0.0319037

47 3 0.0240386

48 3 0.0160786

49 3 0.0080552

50 3 0

0 4 0

1 4 0.0106908

2 4 0.0213393

3 4 0.0319037

4 4 0.0423421

5 4 0.0526134

6 4 0.0626771

7 4 0.0724935

8 4 0.0820237

9 4 0.0912302

10 4 0.100077

11 4 0.108528

12 4 0.116551

13 4 0.124115

14 4 0.131188

15 4 0.137744

16 4 0.143756

17 4 0.149201

18 4 0.154056

19 4 0.158304

20 4 0.161928

21 4 0.164912

22 4 0.167245

23 4 0.168918

24 4 0.169925

25 4 0.170261

26 4 0.169925

27 4 0.168918

28 4 0.167245

29 4 0.164912

30 4 0.161928

31 4 0.158304

32 4 0.154056

33 4 0.149201

34 4 0.143756

35 4 0.137744

36 4 0.131188

37 4 0.124115

38 4 0.116551

39 4 0.108528

40 4 0.100077

41 4 0.0912302

42 4 0.0820237

43 4 0.0724935

44 4 0.0626771

45 4 0.0526134

46 4 0.0423421

47 4 0.0319037

48 4 0.0213393

49 4 0.0106908

50 4 0

0 5 0

1 5 0.0132841

2 5 0.0265158

3 5 0.0396429

4 5 0.0526134

5 5 0.0653764

6 5 0.0778813

7 5 0.0900789

8 5 0.101921

9 5 0.113361

10 5 0.124353

11 5 0.134855

12 5 0.144824

13 5 0.154222

14 5 0.163012

15 5 0.171158

16 5 0.178628

17 5 0.185394

18 5 0.191427

19 5 0.196706

20 5 0.201208

21 5 0.204916

22 5 0.207815

23 5 0.209894

24 5 0.211145

25 5 0.211562

26 5 0.211145

27 5 0.209894

28 5 0.207815

29 5 0.204916

30 5 0.201208

31 5 0.196706

32 5 0.191427

33 5 0.185394

34 5 0.178628

35 5 0.171158

36 5 0.163012

37 5 0.154222

38 5 0.144824

39 5 0.134855

40 5 0.124353

41 5 0.113361

42 5 0.101921

43 5 0.0900789

44 5 0.0778813

45 5 0.0653764

46 5 0.0526134

47 5 0.0396429

48 5 0.0265158

49 5 0.0132841

50 5 0

0 6 0

1 6 0.0158251

2 6 0.0315876

3 6 0.0472256

4 6 0.0626771

5 6 0.0778813

6 6 0.0927782

7 6 0.107309

8 6 0.121416

9 6 0.135044

10 6 0.148139

11 6 0.16065

12 6 0.172526

13 6 0.183721

14 6 0.194192

15 6 0.203896

16 6 0.212795

17 6 0.220855

18 6 0.228043

19 6 0.234331

20 6 0.239694

21 6 0.244111

22 6 0.247565

23 6 0.250042

24 6 0.251532

25 6 0.252029

26 6 0.251532

27 6 0.250042

28 6 0.247565

29 6 0.244111

30 6 0.239694

31 6 0.234331

32 6 0.228043

33 6 0.220855

34 6 0.212795

35 6 0.203896

36 6 0.194192

37 6 0.183721

38 6 0.172526

39 6 0.16065

40 6 0.148139

41 6 0.135044

42 6 0.121416

43 6 0.107309

44 6 0.0927782

45 6 0.0778813

46 6 0.0626771

47 6 0.0472256

48 6 0.0315876

49 6 0.0158251

50 6 0

0 7 0

1 7 0.0183035

2 7 0.0365348

3 7 0.0546219

4 7 0.0724935

5 7 0.0900789

6 7 0.107309

7 7 0.124115

8 7 0.140432

9 7 0.156194

10 7 0.17134

11 7 0.18581

12 7 0.199546

13 7 0.212495

14 7 0.224606

15 7 0.23583

16 7 0.246123

17 7 0.255445

18 7 0.263758

19 7 0.271031

20 7 0.277234

21 7 0.282343

22 7 0.286338

23 7 0.289203

24 7 0.290926

25 7 0.291501

26 7 0.290926

27 7 0.289203

28 7 0.286338

29 7 0.282343

30 7 0.277234

31 7 0.271031

32 7 0.263758

33 7 0.255445

34 7 0.246123

35 7 0.23583

36 7 0.224606

37 7 0.212495

38 7 0.199546

39 7 0.18581

40 7 0.17134

41 7 0.156194

42 7 0.140432

43 7 0.124115

44 7 0.107309

45 7 0.0900789

46 7 0.0724935

47 7 0.0546219

48 7 0.0365348

49 7 0.0183035

50 7 0

0 8 0

1 8 0.0207098

2 8 0.0413378

3 8 0.0618027

4 8 0.0820237

5 8 0.101921

6 8 0.121416

7 8 0.140432

8 8 0.158894

9 8 0.176728

10 8 0.193865

11 8 0.210237

12 8 0.22578

13 8 0.240431

14 8 0.254133

15 8 0.266833

16 8 0.278479

17 8 0.289026

18 8 0.298433

19 8 0.306662

20 8 0.313681

21 8 0.319461

22 8 0.323981

23 8 0.327223

24 8 0.329172

25 8 0.329823

26 8 0.329172

27 8 0.327223

28 8 0.323981

29 8 0.319461

30 8 0.313681

31 8 0.306662

32 8 0.298433

33 8 0.289026

34 8 0.278479

35 8 0.266833

36 8 0.254133

37 8 0.240431

38 8 0.22578

39 8 0.210237

40 8 0.193865

41 8 0.176728

42 8 0.158894

43 8 0.140432

44 8 0.121416

45 8 0.101921

46 8 0.0820237

47 8 0.0618027

48 8 0.0413378

49 8 0.0207098

50 8 0

0 9 0

1 9 0.0230343

2 9 0.0459777

3 9 0.0687396

4 9 0.0912302

5 9 0.113361

6 9 0.135044

7 9 0.156194

8 9 0.176728

9 9 0.196565

10 9 0.215625

11 9 0.233835

12 9 0.251122

13 9 0.267417

14 9 0.282658

15 9 0.296783

16 9 0.309736

17 9 0.321467

18 9 0.33193

19 9 0.341082

20 9 0.348889

21 9 0.355318

22 9 0.360346

23 9 0.363951

24 9 0.366119

25 9 0.366843

26 9 0.366119

27 9 0.363951

28 9 0.360346

29 9 0.355318

30 9 0.348889

31 9 0.341082

32 9 0.33193

33 9 0.321467

34 9 0.309736

35 9 0.296783

36 9 0.282658

37 9 0.267417

38 9 0.251122

39 9 0.233835

40 9 0.215625

41 9 0.196565

42 9 0.176728

43 9 0.156194

44 9 0.135044

45 9 0.113361

46 9 0.0912302

47 9 0.0687396

48 9 0.0459777

49 9 0.0230343

50 9 0

0 10 0

1 10 0.0252679

2 10 0.0504361

3 10 0.0754052

4 10 0.100077

5 10 0.124353

6 10 0.148139

7 10 0.17134

8 10 0.193865

9 10 0.215625

10 10 0.236534

11 10 0.256509

12 10 0.275473

13 10 0.293348

14 10 0.310067

15 10 0.325561

16 10 0.339771

17 10 0.35264

18 10 0.364117

19 10 0.374157

20 10 0.38272

21 10 0.389773

22 10 0.395288

23 10 0.399243

24 10 0.401622

25 10 0.402416

26 10 0.401622

27 10 0.399243

28 10 0.395288

29 10 0.389773

30 10 0.38272

31 10 0.374157

32 10 0.364117

33 10 0.35264

34 10 0.339771

35 10 0.325561

36 10 0.310067

37 10 0.293348

38 10 0.275473

39 10 0.256509

40 10 0.236534

41 10 0.215625

42 10 0.193865

43 10 0.17134

44 10 0.148139

45 10 0.124353

46 10 0.100077

47 10 0.0754052

48 10 0.0504361

49 10 0.0252679

50 10 0

0 11 0

1 11 0.0274018

2 11 0.0546954

3 11 0.0817732

4 11 0.108528

5 11 0.134855

6 11 0.16065

7 11 0.18581

8 11 0.210237

9 11 0.233835

10 11 0.256509

11 11 0.278172

12 11 0.298736

13 11 0.318122

14 11 0.336252

15 11 0.353055

16 11 0.368465

17 11 0.38242

18 11 0.394866

19 11 0.405754

20 11 0.415041

21 11 0.42269

22 11 0.42867

23 11 0.432959

24 11 0.435539

25 11 0.4364

26 11 0.435539

27 11 0.432959

28 11 0.42867

29 11 0.42269

30 11 0.415041

31 11 0.405754

32 11 0.394866

33 11 0.38242

34 11 0.368465

35 11 0.353055

36 11 0.336252

37 11 0.318122

38 11 0.298736

39 11 0.278172

40 11 0.256509

41 11 0.233835

42 11 0.210237

43 11 0.18581

44 11 0.16065

45 11 0.134855

46 11 0.108528

47 11 0.0817732

48 11 0.0546954

49 11 0.0274018

50 11 0

0 12 0

1 12 0.0294275

2 12 0.0587389

3 12 0.0878185

4 12 0.116551

5 12 0.144824

6 12 0.172526

7 12 0.199546

8 12 0.22578

9 12 0.251122

10 12 0.275473

11 12 0.298736

12 12 0.320821

13 12 0.34164

14 12 0.36111

15 12 0.379155

16 12 0.395704

17 12 0.410691

18 12 0.424058

19 12 0.435751

20 12 0.445724

21 12 0.453938

22 12 0.460361

23 12 0.464966

24 12 0.467737

25 12 0.468662

26 12 0.467737

27 12 0.464966

28 12 0.460361

29 12 0.453938

30 12 0.445724

31 12 0.435751

32 12 0.424058

33 12 0.410691

34 12 0.395704

35 12 0.379155

36 12 0.36111

37 12 0.34164

38 12 0.320821

39 12 0.298736

40 12 0.275473

41 12 0.251122

42 12 0.22578

43 12 0.199546

44 12 0.172526

45 12 0.144824

46 12 0.116551

47 12 0.0878185

48 12 0.0587389

49 12 0.0294275

50 12 0

0 13 0

1 13 0.0313371

2 13 0.0625506

3 13 0.0935172

4 13 0.124115

5 13 0.154222

6 13 0.183721

7 13 0.212495

8 13 0.240431

9 13 0.267417

10 13 0.293348

11 13 0.318122

12 13 0.34164

13 13 0.363809

14 13 0.384543

15 13 0.403759

16 13 0.421382

17 13 0.437342

18 13 0.451576

19 13 0.464027

20 13 0.474648

21 13 0.483395

22 13 0.490234

23 13 0.495139

24 13 0.498089

25 13 0.499074

26 13 0.498089

27 13 0.495139

28 13 0.490234

29 13 0.483395

30 13 0.474648

31 13 0.464027

32 13 0.451576

33 13 0.437342

34 13 0.421382

35 13 0.403759

36 13 0.384543

37 13 0.363809

38 13 0.34164

39 13 0.318122

40 13 0.293348

41 13 0.267417

42 13 0.240431

43 13 0.212495

44 13 0.183721

45 13 0.154222

46 13 0.124115

47 13 0.0935172

48 13 0.0625506

49 13 0.0313371

50 13 0

0 14 0

1 14 0.0331231

2 14 0.0661154

3 14 0.0988468

4 14 0.131188

5 14 0.163012

6 14 0.194192

7 14 0.224606

8 14 0.254133

9 14 0.282658

10 14 0.310067

11 14 0.336252

12 14 0.36111

13 14 0.384543

14 14 0.406459

15 14 0.42677

16 14 0.445397

17 14 0.462267

18 14 0.477312

19 14 0.490473

20 14 0.501698

21 14 0.510944

22 14 0.518173

23 14 0.523357

24 14 0.526476

25 14 0.527517

26 14 0.526476

27 14 0.523357

28 14 0.518173

29 14 0.510944

30 14 0.501698

31 14 0.490473

32 14 0.477312

33 14 0.462267

34 14 0.445397

35 14 0.42677

36 14 0.406459

37 14 0.384543

38 14 0.36111

39 14 0.336252

40 14 0.310067

41 14 0.282658

42 14 0.254133

43 14 0.224606

44 14 0.194192

45 14 0.163012

46 14 0.131188

47 14 0.0988468

48 14 0.0661154

49 14 0.0331231

50 14 0

0 15 0

1 15 0.0347783

2 15 0.0694193

3 15 0.103786

4 15 0.137744

5 15 0.171158

6 15 0.203896

7 15 0.23583

8 15 0.266833

9 15 0.296783

10 15 0.325561

11 15 0.353055

12 15 0.379155

13 15 0.403759

14 15 0.42677

15 15 0.448096

16 15 0.467654

17 15 0.485367

18 15 0.501164

19 15 0.514982

20 15 0.526769

21 15 0.536477

22 15 0.544067

23 15 0.54951

24 15 0.552785

25 15 0.553878

26 15 0.552785

27 15 0.54951

28 15 0.544067

29 15 0.536477

30 15 0.526769

31 15 0.514982

32 15 0.501164

33 15 0.485367

34 15 0.467654

35 15 0.448096

36 15 0.42677

37 15 0.403759

38 15 0.379155

39 15 0.353055

40 15 0.325561

41 15 0.296783

42 15 0.266833

43 15 0.23583

44 15 0.203896

45 15 0.171158

46 15 0.137744

47 15 0.103786

48 15 0.0694193

49 15 0.0347783

50 15 0

0 16 0

1 16 0.0362962

2 16 0.0724492

3 16 0.108316

4 16 0.143756

5 16 0.178628

6 16 0.212795

7 16 0.246123

8 16 0.278479

9 16 0.309736

10 16 0.339771

11 16 0.368465

12 16 0.395704

13 16 0.421382

14 16 0.445397

15 16 0.467654

16 16 0.488066

17 16 0.506551

18 16 0.523038

19 16 0.53746

20 16 0.549761

21 16 0.559892

22 16 0.567814

23 16 0.573495

24 16 0.576912

25 16 0.578053

26 16 0.576912

27 16 0.573495

28 16 0.567814

29 16 0.559892

30 16 0.549761

31 16 0.53746

32 16 0.523038

33 16 0.506551

34 16 0.488066

35 16 0.467654

36 16 0.445397

37 16 0.421382

38 16 0.395704

39 16 0.368465

40 16 0.339771

41 16 0.309736

42 16 0.278479

43 16 0.246123

44 16 0.212795

45 16 0.178628

46 16 0.143756

47 16 0.108316

48 16 0.0724492

49 16 0.0362962

50 16 0

0 17 0

1 17 0.0376709

2 17 0.0751932

3 17 0.112419

4 17 0.149201

5 17 0.185394

6 17 0.220855

7 17 0.255445

8 17 0.289026

9 17 0.321467

10 17 0.35264

11 17 0.38242

12 17 0.410691

13 17 0.437342

14 17 0.462267

15 17 0.485367

16 17 0.506551

17 17 0.525737

18 17 0.542848

19 17 0.557816

20 17 0.570583

21 17 0.581098

22 17 0.58932

23 17 0.595216

24 17 0.598762

25 17 0.599946

26 17 0.598762

27 17 0.595216

28 17 0.58932

29 17 0.581098

30 17 0.570583

31 17 0.557816

32 17 0.542848

33 17 0.525737

34 17 0.506551

35 17 0.485367

36 17 0.462267

37 17 0.437342

38 17 0.410691

39 17 0.38242

40 17 0.35264

41 17 0.321467

42 17 0.289026

43 17 0.255445

44 17 0.220855

45 17 0.185394

46 17 0.149201

47 17 0.112419

48 17 0.0751932

49 17 0.0376709

50 17 0

0 18 0

1 18 0.038897

2 18 0.0776405

3 18 0.116078

4 18 0.154056

5 18 0.191427

6 18 0.228043

7 18 0.263758

8 18 0.298433

9 18 0.33193

10 18 0.364117

11 18 0.394866

12 18 0.424058

13 18 0.451576

14 18 0.477312

15 18 0.501164

16 18 0.523038

17 18 0.542848

18 18 0.560515

19 18 0.575971

20 18 0.589153

21 18 0.60001

22 18 0.6085

23 18 0.614587

24 18 0.61825

25 18 0.619472

26 18 0.61825

27 18 0.614587

28 18 0.6085

29 18 0.60001

30 18 0.589153

31 18 0.575971

32 18 0.560515

33 18 0.542848

34 18 0.523038

35 18 0.501164

36 18 0.477312

37 18 0.451576

38 18 0.424058

39 18 0.394866

40 18 0.364117

41 18 0.33193

42 18 0.298433

43 18 0.263758

44 18 0.228043

45 18 0.191427

46 18 0.154056

47 18 0.116078

48 18 0.0776405

49 18 0.038897

50 18 0

0 19 0

1 19 0.0399695

2 19 0.0797813

3 19 0.119278

4 19 0.158304

5 19 0.196706

6 19 0.234331

7 19 0.271031

8 19 0.306662

9 19 0.341082

10 19 0.374157

11 19 0.405754

12 19 0.435751

13 19 0.464027

14 19 0.490473

15 19 0.514982

16 19 0.53746

17 19 0.557816

18 19 0.575971

19 19 0.591852

20 19 0.605398

21 19 0.616555

22 19 0.625278

23 19 0.631534

24 19 0.635297

25 19 0.636553

26 19 0.635297

27 19 0.631534

28 19 0.625278

29 19 0.616555

30 19 0.605398

31 19 0.591852

32 19 0.575971

33 19 0.557816

34 19 0.53746

35 19 0.514982

36 19 0.490473

37 19 0.464027

38 19 0.435751

39 19 0.405754

40 19 0.374157

41 19 0.341082

42 19 0.306662

43 19 0.271031

44 19 0.234331

45 19 0.196706

46 19 0.158304

47 19 0.119278

48 19 0.0797813

49 19 0.0399695

50 19 0

0 20 0

1 20 0.0408843

2 20 0.0816073

3 20 0.122008

4 20 0.161928

5 20 0.201208

6 20 0.239694

7 20 0.277234

8 20 0.313681

9 20 0.348889

10 20 0.38272

11 20 0.415041

12 20 0.445724

13 20 0.474648

14 20 0.501698

15 20 0.526769

16 20 0.549761

17 20 0.570583

18 20 0.589153

19 20 0.605398

20 20 0.619254

21 20 0.630666

22 20 0.639589

23 20 0.645988

24 20 0.649837

25 20 0.651122

26 20 0.649837

27 20 0.645988

28 20 0.639589

29 20 0.630666

30 20 0.619254

31 20 0.605398

32 20 0.589153

33 20 0.570583

34 20 0.549761

35 20 0.526769

36 20 0.501698

37 20 0.474648

38 20 0.445724

39 20 0.415041

40 20 0.38272

41 20 0.348889

42 20 0.313681

43 20 0.277234

44 20 0.239694

45 20 0.201208

46 20 0.161928

47 20 0.122008

48 20 0.0816073

49 20 0.0408843

50 20 0

0 21 0

1 21 0.0416377

2 21 0.0831112

3 21 0.124257

4 21 0.164912

5 21 0.204916

6 21 0.244111

7 21 0.282343

8 21 0.319461

9 21 0.355318

10 21 0.389773

11 21 0.42269

12 21 0.453938

13 21 0.483395

14 21 0.510944

15 21 0.536477

16 21 0.559892

17 21 0.581098

18 21 0.60001

19 21 0.616555

20 21 0.630666

21 21 0.642288

22 21 0.651376

23 21 0.657893

24 21 0.661813

25 21 0.663122

26 21 0.661813

27 21 0.657893

28 21 0.651376

29 21 0.642288

30 21 0.630666

31 21 0.616555

32 21 0.60001

33 21 0.581098

34 21 0.559892

35 21 0.536477

36 21 0.510944

37 21 0.483395

38 21 0.453938

39 21 0.42269

40 21 0.389773

41 21 0.355318

42 21 0.319461

43 21 0.282343

44 21 0.244111

45 21 0.204916

46 21 0.164912

47 21 0.124257

48 21 0.0831112

49 21 0.0416377

50 21 0

0 22 0

1 22 0.0422269

2 22 0.0842871

3 22 0.126015

4 22 0.167245

5 22 0.207815

6 22 0.247565

7 22 0.286338

8 22 0.323981

9 22 0.360346

10 22 0.395288

11 22 0.42867

12 22 0.460361

13 22 0.490234

14 22 0.518173

15 22 0.544067

16 22 0.567814

17 22 0.58932

18 22 0.6085

19 22 0.625278

20 22 0.639589

21 22 0.651376

22 22 0.660592

23 22 0.667201

24 22 0.671177

25 22 0.672504

26 22 0.671177

27 22 0.667201

28 22 0.660592

29 22 0.651376

30 22 0.639589

31 22 0.625278

32 22 0.6085

33 22 0.58932

34 22 0.567814

35 22 0.544067

36 22 0.518173

37 22 0.490234

38 22 0.460361

39 22 0.42867

40 22 0.395288

41 22 0.360346

42 22 0.323981

43 22 0.286338

44 22 0.247565

45 22 0.207815

46 22 0.167245

47 22 0.126015

48 22 0.0842871

49 22 0.0422269

50 22 0

0 23 0

1 23 0.0426493

2 23 0.0851303

3 23 0.127275

4 23 0.168918

5 23 0.209894

6 23 0.250042

7 23 0.289203

8 23 0.327223

9 23 0.363951

10 23 0.399243

11 23 0.432959

12 23 0.464966

13 23 0.495139

14 23 0.523357

15 23 0.54951

16 23 0.573495

17 23 0.595216

18 23 0.614587

19 23 0.631534

20 23 0.645988

21 23 0.657893

22 23 0.667201

23 23 0.673876

24 23 0.677892

25 23 0.679232

26 23 0.677892

27 23 0.673876

28 23 0.667201

29 23 0.657893

30 23 0.645988

31 23 0.631534

32 23 0.614587

33 23 0.595216

34 23 0.573495

35 23 0.54951

36 23 0.523357

37 23 0.495139

38 23 0.464966

39 23 0.432959

40 23 0.399243

41 23 0.363951

42 23 0.327223

43 23 0.289203

44 23 0.250042

45 23 0.209894

46 23 0.168918

47 23 0.127275

48 23 0.0851303

49 23 0.0426493

50 23 0

0 24 0

1 24 0.0429035

2 24 0.0856376

3 24 0.128034

4 24 0.169925

5 24 0.211145

6 24 0.251532

7 24 0.290926

8 24 0.329172

9 24 0.366119

10 24 0.401622

11 24 0.435539

12 24 0.467737

13 24 0.498089

14 24 0.526476

15 24 0.552785

16 24 0.576912

17 24 0.598762

18 24 0.61825

19 24 0.635297

20 24 0.649837

21 24 0.661813

22 24 0.671177

23 24 0.677892

24 24 0.681931

25 24 0.68328

26 24 0.681931

27 24 0.677892

28 24 0.671177

29 24 0.661813

30 24 0.649837

31 24 0.635297

32 24 0.61825

33 24 0.598762

34 24 0.576912

35 24 0.552785

36 24 0.526476

37 24 0.498089

38 24 0.467737

39 24 0.435539

40 24 0.401622

41 24 0.366119

42 24 0.329172

43 24 0.290926

44 24 0.251532

45 24 0.211145

46 24 0.169925

47 24 0.128034

48 24 0.0856376

49 24 0.0429035

50 24 0

0 25 0

1 25 0.0429883

2 25 0.085807

3 25 0.128287

4 25 0.170261

5 25 0.211562

6 25 0.252029

7 25 0.291501

8 25 0.329823

9 25 0.366843

10 25 0.402416

11 25 0.4364

12 25 0.468662

13 25 0.499074

14 25 0.527517

15 25 0.553878

16 25 0.578053

17 25 0.599946

18 25 0.619472

19 25 0.636553

20 25 0.651122

21 25 0.663122

22 25 0.672504

23 25 0.679232

24 25 0.68328

25 25 0.68463

26 25 0.68328

27 25 0.679232

28 25 0.672504

29 25 0.663122

30 25 0.651122

31 25 0.636553

32 25 0.619472

33 25 0.599946

34 25 0.578053

35 25 0.553878

36 25 0.527517

37 25 0.499074

38 25 0.468662

39 25 0.4364

40 25 0.402416

41 25 0.366843

42 25 0.329823

43 25 0.291501

44 25 0.252029

45 25 0.211562

46 25 0.170261

47 25 0.128287

48 25 0.085807

49 25 0.0429883

50 25 0

0 26 0

1 26 0.0429035

2 26 0.0856376

3 26 0.128034

4 26 0.169925

5 26 0.211145

6 26 0.251532

7 26 0.290926

8 26 0.329172

9 26 0.366119

10 26 0.401622

11 26 0.435539

12 26 0.467737

13 26 0.498089

14 26 0.526476

15 26 0.552785

16 26 0.576912

17 26 0.598762

18 26 0.61825

19 26 0.635297

20 26 0.649837

21 26 0.661813

22 26 0.671177

23 26 0.677892

24 26 0.681931

25 26 0.68328

26 26 0.681931

27 26 0.677892

28 26 0.671177

29 26 0.661813

30 26 0.649837

31 26 0.635297

32 26 0.61825

33 26 0.598762

34 26 0.576912

35 26 0.552785

36 26 0.526476

37 26 0.498089

38 26 0.467737

39 26 0.435539

40 26 0.401622

41 26 0.366119

42 26 0.329172

43 26 0.290926

44 26 0.251532

45 26 0.211145

46 26 0.169925

47 26 0.128034

48 26 0.0856376

49 26 0.0429035

50 26 0

0 27 0

1 27 0.0426493

2 27 0.0851303

3 27 0.127275

4 27 0.168918

5 27 0.209894

6 27 0.250042

7 27 0.289203

8 27 0.327223

9 27 0.363951

10 27 0.399243

11 27 0.432959

12 27 0.464966

13 27 0.495139

14 27 0.523357

15 27 0.54951

16 27 0.573495

17 27 0.595216

18 27 0.614587

19 27 0.631534

20 27 0.645988

21 27 0.657893

22 27 0.667201

23 27 0.673876

24 27 0.677892

25 27 0.679232

26 27 0.677892

27 27 0.673876

28 27 0.667201

29 27 0.657893

30 27 0.645988

31 27 0.631534

32 27 0.614587

33 27 0.595216

34 27 0.573495

35 27 0.54951

36 27 0.523357

37 27 0.495139

38 27 0.464966

39 27 0.432959

40 27 0.399243

41 27 0.363951

42 27 0.327223

43 27 0.289203

44 27 0.250042

45 27 0.209894

46 27 0.168918

47 27 0.127275

48 27 0.0851303

49 27 0.0426493

50 27 0

0 28 0

1 28 0.0422269

2 28 0.0842871

3 28 0.126015

4 28 0.167245

5 28 0.207815

6 28 0.247565

7 28 0.286338

8 28 0.323981

9 28 0.360346

10 28 0.395288

11 28 0.42867

12 28 0.460361

13 28 0.490234

14 28 0.518173

15 28 0.544067

16 28 0.567814

17 28 0.58932

18 28 0.6085

19 28 0.625278

20 28 0.639589

21 28 0.651376

22 28 0.660592

23 28 0.667201

24 28 0.671177

25 28 0.672504

26 28 0.671177

27 28 0.667201

28 28 0.660592

29 28 0.651376

30 28 0.639589

31 28 0.625278

32 28 0.6085

33 28 0.58932

34 28 0.567814

35 28 0.544067

36 28 0.518173

37 28 0.490234

38 28 0.460361

39 28 0.42867

40 28 0.395288

41 28 0.360346

42 28 0.323981

43 28 0.286338

44 28 0.247565

45 28 0.207815

46 28 0.167245

47 28 0.126015

48 28 0.0842871

49 28 0.0422269

50 28 0

0 29 0

1 29 0.0416377

2 29 0.0831112

3 29 0.124257

4 29 0.164912

5 29 0.204916

6 29 0.244111

7 29 0.282343

8 29 0.319461

9 29 0.355318

10 29 0.389773

11 29 0.42269

12 29 0.453938

13 29 0.483395

14 29 0.510944

15 29 0.536477

16 29 0.559892

17 29 0.581098

18 29 0.60001

19 29 0.616555

20 29 0.630666

21 29 0.642288

22 29 0.651376

23 29 0.657893

24 29 0.661813

25 29 0.663122

26 29 0.661813

27 29 0.657893

28 29 0.651376

29 29 0.642288

30 29 0.630666

31 29 0.616555

32 29 0.60001

33 29 0.581098

34 29 0.559892

35 29 0.536477

36 29 0.510944

37 29 0.483395

38 29 0.453938

39 29 0.42269

40 29 0.389773

41 29 0.355318

42 29 0.319461

43 29 0.282343

44 29 0.244111

45 29 0.204916

46 29 0.164912

47 29 0.124257

48 29 0.0831112

49 29 0.0416377

50 29 0

0 30 0

1 30 0.0408843

2 30 0.0816073

3 30 0.122008

4 30 0.161928

5 30 0.201208

6 30 0.239694

7 30 0.277234

8 30 0.313681

9 30 0.348889

10 30 0.38272

11 30 0.415041

12 30 0.445724

13 30 0.474648

14 30 0.501698

15 30 0.526769

16 30 0.549761

17 30 0.570583

18 30 0.589153

19 30 0.605398

20 30 0.619254

21 30 0.630666

22 30 0.639589

23 30 0.645988

24 30 0.649837

25 30 0.651122

26 30 0.649837

27 30 0.645988

28 30 0.639589

29 30 0.630666

30 30 0.619254

31 30 0.605398

32 30 0.589153

33 30 0.570583

34 30 0.549761

35 30 0.526769

36 30 0.501698

37 30 0.474648

38 30 0.445724

39 30 0.415041

40 30 0.38272

41 30 0.348889

42 30 0.313681

43 30 0.277234

44 30 0.239694

45 30 0.201208

46 30 0.161928

47 30 0.122008

48 30 0.0816073

49 30 0.0408843

50 30 0

0 31 0

1 31 0.0399695

2 31 0.0797813

3 31 0.119278

4 31 0.158304

5 31 0.196706

6 31 0.234331

7 31 0.271031

8 31 0.306662

9 31 0.341082

10 31 0.374157

11 31 0.405754

12 31 0.435751

13 31 0.464027

14 31 0.490473

15 31 0.514982

16 31 0.53746

17 31 0.557816

18 31 0.575971

19 31 0.591852

20 31 0.605398

21 31 0.616555

22 31 0.625278

23 31 0.631534

24 31 0.635297

25 31 0.636553

26 31 0.635297

27 31 0.631534

28 31 0.625278

29 31 0.616555

30 31 0.605398

31 31 0.591852

32 31 0.575971

33 31 0.557816

34 31 0.53746

35 31 0.514982

36 31 0.490473

37 31 0.464027

38 31 0.435751

39 31 0.405754

40 31 0.374157

41 31 0.341082

42 31 0.306662

43 31 0.271031

44 31 0.234331

45 31 0.196706

46 31 0.158304

47 31 0.119278

48 31 0.0797813

49 31 0.0399695

50 31 0

0 32 0

1 32 0.038897

2 32 0.0776405

3 32 0.116078

4 32 0.154056

5 32 0.191427

6 32 0.228043

7 32 0.263758

8 32 0.298433

9 32 0.33193

10 32 0.364117

11 32 0.394866

12 32 0.424058

13 32 0.451576

14 32 0.477312

15 32 0.501164

16 32 0.523038

17 32 0.542848

18 32 0.560515

19 32 0.575971

20 32 0.589153

21 32 0.60001

22 32 0.6085

23 32 0.614587

24 32 0.61825

25 32 0.619472

26 32 0.61825

27 32 0.614587

28 32 0.6085

29 32 0.60001

30 32 0.589153

31 32 0.575971

32 32 0.560515

33 32 0.542848

34 32 0.523038

35 32 0.501164

36 32 0.477312

37 32 0.451576

38 32 0.424058

39 32 0.394866

40 32 0.364117

41 32 0.33193

42 32 0.298433

43 32 0.263758

44 32 0.228043

45 32 0.191427

46 32 0.154056

47 32 0.116078

48 32 0.0776405

49 32 0.038897

50 32 0

0 33 0

1 33 0.0376709

2 33 0.0751932

3 33 0.112419

4 33 0.149201

5 33 0.185394

6 33 0.220855

7 33 0.255445

8 33 0.289026

9 33 0.321467

10 33 0.35264

11 33 0.38242

12 33 0.410691

13 33 0.437342

14 33 0.462267

15 33 0.485367

16 33 0.506551

17 33 0.525737

18 33 0.542848

19 33 0.557816

20 33 0.570583

21 33 0.581098

22 33 0.58932

23 33 0.595216

24 33 0.598762

25 33 0.599946

26 33 0.598762

27 33 0.595216

28 33 0.58932

29 33 0.581098

30 33 0.570583

31 33 0.557816

32 33 0.542848

33 33 0.525737

34 33 0.506551

35 33 0.485367

36 33 0.462267

37 33 0.437342

38 33 0.410691

39 33 0.38242

40 33 0.35264

41 33 0.321467

42 33 0.289026

43 33 0.255445

44 33 0.220855

45 33 0.185394

46 33 0.149201

47 33 0.112419

48 33 0.0751932

49 33 0.0376709

50 33 0

0 34 0

1 34 0.0362962

2 34 0.0724492

3 34 0.108316

4 34 0.143756

5 34 0.178628

6 34 0.212795

7 34 0.246123

8 34 0.278479

9 34 0.309736

10 34 0.339771

11 34 0.368465

12 34 0.395704

13 34 0.421382

14 34 0.445397

15 34 0.467654

16 34 0.488066

17 34 0.506551

18 34 0.523038

19 34 0.53746

20 34 0.549761

21 34 0.559892

22 34 0.567814

23 34 0.573495

24 34 0.576912

25 34 0.578053

26 34 0.576912

27 34 0.573495

28 34 0.567814

29 34 0.559892

30 34 0.549761

31 34 0.53746

32 34 0.523038

33 34 0.506551

34 34 0.488066

35 34 0.467654

36 34 0.445397

37 34 0.421382

38 34 0.395704

39 34 0.368465

40 34 0.339771

41 34 0.309736

42 34 0.278479

43 34 0.246123

44 34 0.212795

45 34 0.178628

46 34 0.143756

47 34 0.108316

48 34 0.0724492

49 34 0.0362962

50 34 0

0 35 0

1 35 0.0347783

2 35 0.0694193

3 35 0.103786

4 35 0.137744

5 35 0.171158

6 35 0.203896

7 35 0.23583

8 35 0.266833

9 35 0.296783

10 35 0.325561

11 35 0.353055

12 35 0.379155

13 35 0.403759

14 35 0.42677

15 35 0.448096

16 35 0.467654

17 35 0.485367

18 35 0.501164

19 35 0.514982

20 35 0.526769

21 35 0.536477

22 35 0.544067

23 35 0.54951

24 35 0.552785

25 35 0.553878

26 35 0.552785

27 35 0.54951

28 35 0.544067

29 35 0.536477

30 35 0.526769

31 35 0.514982

32 35 0.501164

33 35 0.485367

34 35 0.467654

35 35 0.448096

36 35 0.42677

37 35 0.403759

38 35 0.379155

39 35 0.353055

40 35 0.325561

41 35 0.296783

42 35 0.266833

43 35 0.23583

44 35 0.203896

45 35 0.171158

46 35 0.137744

47 35 0.103786

48 35 0.0694193

49 35 0.0347783

50 35 0

0 36 0

1 36 0.0331231

2 36 0.0661154

3 36 0.0988468

4 36 0.131188

5 36 0.163012

6 36 0.194192

7 36 0.224606

8 36 0.254133

9 36 0.282658

10 36 0.310067

11 36 0.336252

12 36 0.36111

13 36 0.384543

14 36 0.406459

15 36 0.42677

16 36 0.445397

17 36 0.462267

18 36 0.477312

19 36 0.490473

20 36 0.501698

21 36 0.510944

22 36 0.518173

23 36 0.523357

24 36 0.526476

25 36 0.527517

26 36 0.526476

27 36 0.523357

28 36 0.518173

29 36 0.510944

30 36 0.501698

31 36 0.490473

32 36 0.477312

33 36 0.462267

34 36 0.445397

35 36 0.42677

36 36 0.406459

37 36 0.384543

38 36 0.36111

39 36 0.336252

40 36 0.310067

41 36 0.282658

42 36 0.254133

43 36 0.224606

44 36 0.194192

45 36 0.163012

46 36 0.131188

47 36 0.0988468

48 36 0.0661154

49 36 0.0331231

50 36 0

0 37 0

1 37 0.0313371

2 37 0.0625506

3 37 0.0935172

4 37 0.124115

5 37 0.154222

6 37 0.183721

7 37 0.212495

8 37 0.240431

9 37 0.267417

10 37 0.293348

11 37 0.318122

12 37 0.34164

13 37 0.363809

14 37 0.384543

15 37 0.403759

16 37 0.421382

17 37 0.437342

18 37 0.451576

19 37 0.464027

20 37 0.474648

21 37 0.483395

22 37 0.490234

23 37 0.495139

24 37 0.498089

25 37 0.499074

26 37 0.498089

27 37 0.495139

28 37 0.490234

29 37 0.483395

30 37 0.474648

31 37 0.464027

32 37 0.451576

33 37 0.437342

34 37 0.421382

35 37 0.403759

36 37 0.384543

37 37 0.363809

38 37 0.34164

39 37 0.318122

40 37 0.293348

41 37 0.267417

42 37 0.240431

43 37 0.212495

44 37 0.183721

45 37 0.154222

46 37 0.124115

47 37 0.0935172

48 37 0.0625506

49 37 0.0313371

50 37 0

0 38 0

1 38 0.0294275

2 38 0.0587389

3 38 0.0878185

4 38 0.116551

5 38 0.144824

6 38 0.172526

7 38 0.199546

8 38 0.22578

9 38 0.251122

10 38 0.275473

11 38 0.298736

12 38 0.320821

13 38 0.34164

14 38 0.36111

15 38 0.379155

16 38 0.395704

17 38 0.410691

18 38 0.424058

19 38 0.435751

20 38 0.445724

21 38 0.453938

22 38 0.460361

23 38 0.464966

24 38 0.467737

25 38 0.468662

26 38 0.467737

27 38 0.464966

28 38 0.460361

29 38 0.453938

30 38 0.445724

31 38 0.435751

32 38 0.424058

33 38 0.410691

34 38 0.395704

35 38 0.379155

36 38 0.36111

37 38 0.34164

38 38 0.320821

39 38 0.298736

40 38 0.275473

41 38 0.251122

42 38 0.22578

43 38 0.199546

44 38 0.172526

45 38 0.144824

46 38 0.116551

47 38 0.0878185

48 38 0.0587389

49 38 0.0294275

50 38 0

0 39 0

1 39 0.0274018

2 39 0.0546954

3 39 0.0817732

4 39 0.108528

5 39 0.134855

6 39 0.16065

7 39 0.18581

8 39 0.210237

9 39 0.233835

10 39 0.256509

11 39 0.278172

12 39 0.298736

13 39 0.318122

14 39 0.336252

15 39 0.353055

16 39 0.368465

17 39 0.38242

18 39 0.394866

19 39 0.405754

20 39 0.415041

21 39 0.42269

22 39 0.42867

23 39 0.432959

24 39 0.435539

25 39 0.4364

26 39 0.435539

27 39 0.432959

28 39 0.42867

29 39 0.42269

30 39 0.415041

31 39 0.405754

32 39 0.394866

33 39 0.38242

34 39 0.368465

35 39 0.353055

36 39 0.336252

37 39 0.318122

38 39 0.298736

39 39 0.278172

40 39 0.256509

41 39 0.233835

42 39 0.210237

43 39 0.18581

44 39 0.16065

45 39 0.134855

46 39 0.108528

47 39 0.0817732

48 39 0.0546954

49 39 0.0274018

50 39 0

0 40 0

1 40 0.0252679

2 40 0.0504361

3 40 0.0754052

4 40 0.100077

5 40 0.124353

6 40 0.148139

7 40 0.17134

8 40 0.193865

9 40 0.215625

10 40 0.236534

11 40 0.256509

12 40 0.275473

13 40 0.293348

14 40 0.310067

15 40 0.325561

16 40 0.339771

17 40 0.35264

18 40 0.364117

19 40 0.374157

20 40 0.38272

21 40 0.389773

22 40 0.395288

23 40 0.399243

24 40 0.401622

25 40 0.402416

26 40 0.401622

27 40 0.399243

28 40 0.395288

29 40 0.389773

30 40 0.38272

31 40 0.374157

32 40 0.364117

33 40 0.35264

34 40 0.339771

35 40 0.325561

36 40 0.310067

37 40 0.293348

38 40 0.275473

39 40 0.256509

40 40 0.236534

41 40 0.215625

42 40 0.193865

43 40 0.17134

44 40 0.148139

45 40 0.124353

46 40 0.100077

47 40 0.0754052

48 40 0.0504361

49 40 0.0252679

50 40 0

0 41 0

1 41 0.0230343

2 41 0.0459777

3 41 0.0687396

4 41 0.0912302

5 41 0.113361

6 41 0.135044

7 41 0.156194

8 41 0.176728

9 41 0.196565

10 41 0.215625

11 41 0.233835

12 41 0.251122

13 41 0.267417

14 41 0.282658

15 41 0.296783

16 41 0.309736

17 41 0.321467

18 41 0.33193

19 41 0.341082

20 41 0.348889

21 41 0.355318

22 41 0.360346

23 41 0.363951

24 41 0.366119

25 41 0.366843

26 41 0.366119

27 41 0.363951

28 41 0.360346

29 41 0.355318

30 41 0.348889

31 41 0.341082

32 41 0.33193

33 41 0.321467

34 41 0.309736

35 41 0.296783

36 41 0.282658

37 41 0.267417

38 41 0.251122

39 41 0.233835

40 41 0.215625

41 41 0.196565

42 41 0.176728

43 41 0.156194

44 41 0.135044

45 41 0.113361

46 41 0.0912302

47 41 0.0687396

48 41 0.0459777

49 41 0.0230343

50 41 0

0 42 0

1 42 0.0207098

2 42 0.0413378

3 42 0.0618027

4 42 0.0820237

5 42 0.101921

6 42 0.121416

7 42 0.140432

8 42 0.158894

9 42 0.176728

10 42 0.193865

11 42 0.210237

12 42 0.22578

13 42 0.240431

14 42 0.254133

15 42 0.266833

16 42 0.278479

17 42 0.289026

18 42 0.298433

19 42 0.306662

20 42 0.313681

21 42 0.319461

22 42 0.323981

23 42 0.327223

24 42 0.329172

25 42 0.329823

26 42 0.329172

27 42 0.327223

28 42 0.323981

29 42 0.319461

30 42 0.313681

31 42 0.306662

32 42 0.298433

33 42 0.289026

34 42 0.278479

35 42 0.266833

36 42 0.254133

37 42 0.240431

38 42 0.22578

39 42 0.210237

40 42 0.193865

41 42 0.176728

42 42 0.158894

43 42 0.140432

44 42 0.121416

45 42 0.101921

46 42 0.0820237

47 42 0.0618027

48 42 0.0413378

49 42 0.0207098

50 42 0

0 43 0

1 43 0.0183035

2 43 0.0365348

3 43 0.0546219

4 43 0.0724935

5 43 0.0900789

6 43 0.107309

7 43 0.124115

8 43 0.140432

9 43 0.156194

10 43 0.17134

11 43 0.18581

12 43 0.199546

13 43 0.212495

14 43 0.224606

15 43 0.23583

16 43 0.246123

17 43 0.255445

18 43 0.263758

19 43 0.271031

20 43 0.277234

21 43 0.282343

22 43 0.286338

23 43 0.289203

24 43 0.290926

25 43 0.291501

26 43 0.290926

27 43 0.289203

28 43 0.286338

29 43 0.282343

30 43 0.277234

31 43 0.271031

32 43 0.263758

33 43 0.255445

34 43 0.246123

35 43 0.23583

36 43 0.224606

37 43 0.212495

38 43 0.199546

39 43 0.18581

40 43 0.17134

41 43 0.156194

42 43 0.140432

43 43 0.124115

44 43 0.107309

45 43 0.0900789

46 43 0.0724935

47 43 0.0546219

48 43 0.0365348

49 43 0.0183035

50 43 0

0 44 0

1 44 0.0158251

2 44 0.0315876

3 44 0.0472256

4 44 0.0626771

5 44 0.0778813

6 44 0.0927782

7 44 0.107309

8 44 0.121416

9 44 0.135044

10 44 0.148139

11 44 0.16065

12 44 0.172526

13 44 0.183721

14 44 0.194192

15 44 0.203896

16 44 0.212795

17 44 0.220855

18 44 0.228043

19 44 0.234331

20 44 0.239694

21 44 0.244111

22 44 0.247565

23 44 0.250042

24 44 0.251532

25 44 0.252029

26 44 0.251532

27 44 0.250042

28 44 0.247565

29 44 0.244111

30 44 0.239694

31 44 0.234331

32 44 0.228043

33 44 0.220855

34 44 0.212795

35 44 0.203896

36 44 0.194192

37 44 0.183721

38 44 0.172526

39 44 0.16065

40 44 0.148139

41 44 0.135044

42 44 0.121416

43 44 0.107309

44 44 0.0927782

45 44 0.0778813

46 44 0.0626771

47 44 0.0472256

48 44 0.0315876

49 44 0.0158251

50 44 0

0 45 0

1 45 0.0132841

2 45 0.0265158

3 45 0.0396429

4 45 0.0526134

5 45 0.0653764

6 45 0.0778813

7 45 0.0900789

8 45 0.101921

9 45 0.113361

10 45 0.124353

11 45 0.134855

12 45 0.144824

13 45 0.154222

14 45 0.163012

15 45 0.171158

16 45 0.178628

17 45 0.185394

18 45 0.191427

19 45 0.196706

20 45 0.201208

21 45 0.204916

22 45 0.207815

23 45 0.209894

24 45 0.211145

25 45 0.211562

26 45 0.211145

27 45 0.209894

28 45 0.207815

29 45 0.204916

30 45 0.201208

31 45 0.196706

32 45 0.191427

33 45 0.185394

34 45 0.178628

35 45 0.171158

36 45 0.163012

37 45 0.154222

38 45 0.144824

39 45 0.134855

40 45 0.124353

41 45 0.113361

42 45 0.101921

43 45 0.0900789

44 45 0.0778813

45 45 0.0653764

46 45 0.0526134

47 45 0.0396429

48 45 0.0265158

49 45 0.0132841

50 45 0

0 46 0

1 46 0.0106908

2 46 0.0213393

3 46 0.0319037

4 46 0.0423421

5 46 0.0526134

6 46 0.0626771

7 46 0.0724935

8 46 0.0820237

9 46 0.0912302

10 46 0.100077

11 46 0.108528

12 46 0.116551

13 46 0.124115

14 46 0.131188

15 46 0.137744

16 46 0.143756

17 46 0.149201

18 46 0.154056

19 46 0.158304

20 46 0.161928

21 46 0.164912

22 46 0.167245

23 46 0.168918

24 46 0.169925

25 46 0.170261

26 46 0.169925

27 46 0.168918

28 46 0.167245

29 46 0.164912

30 46 0.161928

31 46 0.158304

32 46 0.154056

33 46 0.149201

34 46 0.143756

35 46 0.137744

36 46 0.131188

37 46 0.124115

38 46 0.116551

39 46 0.108528

40 46 0.100077

41 46 0.0912302

42 46 0.0820237

43 46 0.0724935

44 46 0.0626771

45 46 0.0526134

46 46 0.0423421

47 46 0.0319037

48 46 0.0213393

49 46 0.0106908

50 46 0

0 47 0

1 47 0.0080552

2 47 0.0160786

3 47 0.0240386

4 47 0.0319037

5 47 0.0396429

6 47 0.0472256

7 47 0.0546219

8 47 0.0618027

9 47 0.0687396

10 47 0.0754052

11 47 0.0817732

12 47 0.0878185

13 47 0.0935172

14 47 0.0988468

15 47 0.103786

16 47 0.108316

17 47 0.112419

18 47 0.116078

19 47 0.119278

20 47 0.122008

21 47 0.124257

22 47 0.126015

23 47 0.127275

24 47 0.128034

25 47 0.128287

26 47 0.128034

27 47 0.127275

28 47 0.126015

29 47 0.124257

30 47 0.122008

31 47 0.119278

32 47 0.116078

33 47 0.112419

34 47 0.108316

35 47 0.103786

36 47 0.0988468

37 47 0.0935172

38 47 0.0878185

39 47 0.0817732

40 47 0.0754052

41 47 0.0687396

42 47 0.0618027

43 47 0.0546219

44 47 0.0472256

45 47 0.0396429

46 47 0.0319037

47 47 0.0240386

48 47 0.0160786

49 47 0.0080552

50 47 0

0 48 0

1 48 0.00538786

2 48 0.0107545

3 48 0.0160786

4 48 0.0213393

5 48 0.0265158

6 48 0.0315876

7 48 0.0365348

8 48 0.0413378

9 48 0.0459777

10 48 0.0504361

11 48 0.0546954

12 48 0.0587389

13 48 0.0625506

14 48 0.0661154

15 48 0.0694193

16 48 0.0724492

17 48 0.0751932

18 48 0.0776405

19 48 0.0797813

20 48 0.0816073

21 48 0.0831112

22 48 0.0842871

23 48 0.0851303

24 48 0.0856376

25 48 0.085807

26 48 0.0856376

27 48 0.0851303

28 48 0.0842871

29 48 0.0831112

30 48 0.0816073

31 48 0.0797813

32 48 0.0776405

33 48 0.0751932

34 48 0.0724492

35 48 0.0694193

36 48 0.0661154

37 48 0.0625506

38 48 0.0587389

39 48 0.0546954

40 48 0.0504361

41 48 0.0459777

42 48 0.0413378

43 48 0.0365348

44 48 0.0315876

45 48 0.0265158

46 48 0.0213393

47 48 0.0160786

48 48 0.0107545

49 48 0.00538786

50 48 0

0 49 0

1 49 0.00269926

2 49 0.00538786

3 49 0.0080552

4 49 0.0106908

5 49 0.0132841

6 49 0.0158251

7 49 0.0183035

8 49 0.0207098

9 49 0.0230343

10 49 0.0252679

11 49 0.0274018

12 49 0.0294275

13 49 0.0313371

14 49 0.0331231

15 49 0.0347783

16 49 0.0362962

17 49 0.0376709

18 49 0.038897

19 49 0.0399695

20 49 0.0408843

21 49 0.0416377

22 49 0.0422269

23 49 0.0426493

24 49 0.0429035

25 49 0.0429883

26 49 0.0429035

27 49 0.0426493

28 49 0.0422269

29 49 0.0416377

30 49 0.0408843

31 49 0.0399695

32 49 0.038897

33 49 0.0376709

34 49 0.0362962

35 49 0.0347783

36 49 0.0331231

37 49 0.0313371

38 49 0.0294275

39 49 0.0274018

40 49 0.0252679

41 49 0.0230343

42 49 0.0207098

43 49 0.0183035

44 49 0.0158251

45 49 0.0132841

46 49 0.0106908

47 49 0.0080552

48 49 0.00538786

49 49 0.00269926

50 49 0

