0 1 0

1 1 0.000583732

2 1 0.00116516

3 1 0.00174199

4 1 0.00231194

5 1 0.00287278

6 1 0.00342227

7 1 0.00395826

8 1 0.00447862

9 1 0.00498131

10 1 0.00546434

11 1 0.00592581

12 1 0.00636389

13 1 0.00677685

14 1 0.00716307

15 1 0.00752102

16 1 0.00784929

17 1 0.00814658

18 1 0.00841172

19 1 0.00864366

20 1 0.00884149

21 1 0.00900443

22 1 0.00913183

23 1 0.00922319

24 1 0.00927815

25 1 0.0092965

26 1 0.00927815

27 1 0.00922319

28 1 0.00913183

29 1 0.00900443

30 1 0.00884149

31 1 0.00864366

32 1 0.00841172

33 1 0.00814658

34 1 0.00784929

35 1 0.00752102

36 1 0.00716307

37 1 0.00677685

38 1 0.00636389

39 1 0.00592581

40 1 0.00546434

41 1 0.00498131

42 1 0.00447862

43 1 0.00395826

44 1 0.00342227

45 1 0.00287278

46 1 0.00231194

47 1 0.00174199

48 1 0.00116516

49 1 0.000583732

50 1 0

0 2 0

1 2 0.00116516

2 2 0.00232572

3 2 0.0034771

4 2 0.00461476

5 2 0.00573421

6 2 0.00683103

7 2 0.00790089

8 2 0.00893957

9 2 0.00994296

10 2 0.0109071

11 2 0.0118282

12 2 0.0127027

13 2 0.013527

14 2 0.0142979

15 2 0.0150124

16 2 0.0156676

17 2 0.016261

18 2 0.0167902

19 2 0.0172532

20 2 0.0176481

21 2 0.0179733

22 2 0.0182276

23 2 0.01841

24 2 0.0185197

25 2 0.0185563

26 2 0.0185197

27 2 0.01841

28 2 0.0182276

29 2 0.0179733

30 2 0.0176481

31 2 0.0172532

32 2 0.0167902

33 2 0.016261

34 2 0.0156676

35 2 0.0150124

36 2 0.0142979

37 2 0.013527

38 2 0.0127027

39 2 0.0118282

40 2 0.0109071

41 2 0.00994296

42 2 0.00893957

43 2 0.00790089

44 2 0.00683103

45 2 0.00573421

46 2 0.00461476

47 2 0.0034771

48 2 0.00232572

49 2 0.00116516

50 2 0

0 3 0

1 3 0.00174199

2 3 0.0034771

3 3 0.0051985

4 3 0.00689937

5 3 0.00857302

6 3 0.0102128

7 3 0.0118123

8 3 0.0133652

9 3 0.0148654

10 3 0.0163069

11 3 0.017684

12 3 0.0189913

13 3 0.0202237

14 3 0.0213763

15 3 0.0224445

16 3 0.0234241

17 3 0.0243113

18 3 0.0251025

19 3 0.0257947

20 3 0.026385

21 3 0.0268713

22 3 0.0272515

23 3 0.0275241

24 3 0.0276881

25 3 0.0277429

26 3 0.0276881

27 3 0.0275241

28 3 0.0272515

29 3 0.0268713

30 3 0.026385

31 3 0.0257947

32 3 0.0251025

33 3 0.0243113

34 3 0.0234241

35 3 0.0224445

36 3 0.0213763

37 3 0.0202237

38 3 0.0189913

39 3 0.017684

40 3 0.0163069

41 3 0.0148654

42 3 0.0133652

43 3 0.0118123

44 3 0.0102128

45 3 0.00857302

46 3 0.00689937

47 3 0.0051985

48 3 0.0034771

49 3 0.00174199

50 3 0

0 4 0

1 4 0.00231194

2 4 0.00461476

3 4 0.00689937

4 4 0.00915675

5 4 0.011378

6 4 0.0135543

7 4 0.0156772

8 4 0.0177382

9 4 0.0197291

10 4 0.0216422

11 4 0.0234699

12 4 0.025205

13 4 0.0268406

14 4 0.0283703

15 4 0.029788

16 4 0.0310881

17 4 0.0322656

18 4 0.0333157

19 4 0.0342343

20 4 0.0350179

21 4 0.0356632

22 4 0.0361678

23 4 0.0365296

24 4 0.0367473

25 4 0.03682

26 4 0.0367473

27 4 0.0365296

28 4 0.0361678

29 4 0.0356632

30 4 0.0350179

31 4 0.0342343

32 4 0.0333157

33 4 0.0322656

34 4 0.0310881

35 4 0.029788

36 4 0.0283703

37 4 0.0268406

38 4 0.025205

39 4 0.0234699

40 4 0.0216422

41 4 0.0197291

42 4 0.0177382

43 4 0.0156772

44 4 0.0135543

45 4 0.011378

46 4 0.00915675

47 4 0.00689937

48 4 0.00461476

49 4 0.00231194

50 4 0

0 5 0

1 5 0.00287278

2 5 0.00573421

3 5 0.00857302

4 5 0.011378

5 5 0.0141381

6 5 0.0168423

7 5 0.0194801

8 5 0.0220411

9 5 0.024515

10 5 0.0268922

11 5 0.0291633

12 5 0.0313192

13 5 0.0333516

14 5 0.0352523

15 5 0.0370139

16 5 0.0386295

17 5 0.0400926

18 5 0.0413974

19 5 0.0425389

20 5 0.0435125

21 5 0.0443144

22 5 0.0449413

23 5 0.045391

24 5 0.0456615

25 5 0.0457517

26 5 0.0456615

27 5 0.045391

28 5 0.0449413

29 5 0.0443144

30 5 0.0435125

31 5 0.0425389

32 5 0.0413974

33 5 0.0400926

34 5 0.0386295

35 5 0.0370139

36 5 0.0352523

37 5 0.0333516

38 5 0.0313192

39 5 0.0291633

40 5 0.0268922

41 5 0.024515

42 5 0.0220411

43 5 0.0194801

44 5 0.0168423

45 5 0.0141381

46 5 0.011378

47 5 0.00857302

48 5 0.00573421

49 5 0.00287278

50 5 0

0 6 0

1 6 0.00342227

2 6 0.00683103

3 6 0.0102128

4 6 0.0135543

5 6 0.0168423

6 6 0.0200639

7 6 0.0232062

8 6 0.026257

9 6 0.0292041

10 6 0.032036

11 6 0.0347415

12 6 0.0373098

13 6 0.0397309

14 6 0.0419952

15 6 0.0440938

16 6 0.0460184

17 6 0.0477613

18 6 0.0493157

19 6 0.0506756

20 6 0.0518354

21 6 0.0527906

22 6 0.0535376

23 6 0.0540732

24 6 0.0543954

25 6 0.0545029

26 6 0.0543954

27 6 0.0540732

28 6 0.0535376

29 6 0.0527906

30 6 0.0518354

31 6 0.0506756

32 6 0.0493157

33 6 0.0477613

34 6 0.0460184

35 6 0.0440938

36 6 0.0419952

37 6 0.0397309

38 6 0.0373098

39 6 0.0347415

40 6 0.032036

41 6 0.0292041

42 6 0.026257

43 6 0.0232062

44 6 0.0200639

45 6 0.0168423

46 6 0.0135543

47 6 0.0102128

48 6 0.00683103

49 6 0.00342227

50 6 0

0 7 0

1 7 0.00395826

2 7 0.00790089

3 7 0.0118123

4 7 0.0156772

5 7 0.0194801

6 7 0.0232062

7 7 0.0268407

8 7 0.0303693

9 7 0.033778

10 7 0.0370534

11 7 0.0401826

12 7 0.0431532

13 7 0.0459535

14 7 0.0485724

15 7 0.0509997

16 7 0.0532256

17 7 0.0552416

18 7 0.0570394

19 7 0.0586122

20 7 0.0599537

21 7 0.0610586

22 7 0.0619225

23 7 0.062542

24 7 0.0629147

25 7 0.0630391

26 7 0.0629147

27 7 0.062542

28 7 0.0619225

29 7 0.0610586

30 7 0.0599537

31 7 0.0586122

32 7 0.0570394

33 7 0.0552416

34 7 0.0532256

35 7 0.0509997

36 7 0.0485724

37 7 0.0459535

38 7 0.0431532

39 7 0.0401826

40 7 0.0370534

41 7 0.033778

42 7 0.0303693

43 7 0.0268407

44 7 0.0232062

45 7 0.0194801

46 7 0.0156772

47 7 0.0118123

48 7 0.00790089

49 7 0.00395826

50 7 0

0 8 0

1 8 0.00447862

2 8 0.00893957

3 8 0.0133652

4 8 0.0177382

5 8 0.0220411

6 8 0.026257

7 8 0.0303693

8 8 0.0343618

9 8 0.0382186

10 8 0.0419246

11 8 0.0454652

12 8 0.0488263

13 8 0.0519947

14 8 0.0549579

15 8 0.0577043

16 8 0.0602229

17 8 0.0625038

18 8 0.064538

19 8 0.0663176

20 8 0.0678354

21 8 0.0690855

22 8 0.070063

23 8 0.070764

24 8 0.0711856

25 8 0.0713264

26 8 0.0711856

27 8 0.070764

28 8 0.070063

29 8 0.0690855

30 8 0.0678354

31 8 0.0663176

32 8 0.064538

33 8 0.0625038

34 8 0.0602229

35 8 0.0577043

36 8 0.0549579

37 8 0.0519947

38 8 0.0488263

39 8 0.0454652

40 8 0.0419246

41 8 0.0382186

42 8 0.0343618

43 8 0.0303693

44 8 0.026257

45 8 0.0220411

46 8 0.0177382

47 8 0.0133652

48 8 0.00893957

49 8 0.00447862

50 8 0

0 9 0

1 9 0.00498131

2 9 0.00994296

3 9 0.0148654

4 9 0.0197291

5 9 0.024515

6 9 0.0292041

7 9 0.033778

8 9 0.0382186

9 9 0.0425083

10 9 0.0466303

11 9 0.0505683

12 9 0.0543066

13 9 0.0578307

14 9 0.0611265

15 9 0.0641811

16 9 0.0669824

17 9 0.0695194

18 9 0.0717819

19 9 0.0737612

20 9 0.0754494

21 9 0.0768399

22 9 0.077927

23 9 0.0787067

24 9 0.0791757

25 9 0.0793322

26 9 0.0791757

27 9 0.0787067

28 9 0.077927

29 9 0.0768399

30 9 0.0754494

31 9 0.0737612

32 9 0.0717819

33 9 0.0695194

34 9 0.0669824

35 9 0.0641811

36 9 0.0611265

37 9 0.0578307

38 9 0.0543066

39 9 0.0505683

40 9 0.0466303

41 9 0.0425083

42 9 0.0382186

43 9 0.033778

44 9 0.0292041

45 9 0.024515

46 9 0.0197291

47 9 0.0148654

48 9 0.00994296

49 9 0.00498131

50 9 0

0 10 0

1 10 0.00546434

2 10 0.0109071

3 10 0.0163069

4 10 0.0216422

5 10 0.0268922

6 10 0.032036

7 10 0.0370534

8 10 0.0419246

9 10 0.0466303

10 10 0.051152

11 10 0.0554718

12 10 0.0595727

13 10 0.0634385

14 10 0.0670539

15 10 0.0704047

16 10 0.0734776

17 10 0.0762606

18 10 0.0787425

19 10 0.0809138

20 10 0.0827657

21 10 0.0842909

22 10 0.0854835

23 10 0.0863388

24 10 0.0868532

25 10 0.087025

26 10 0.0868532

27 10 0.0863388

28 10 0.0854835

29 10 0.0842909

30 10 0.0827657

31 10 0.0809138

32 10 0.0787425

33 10 0.0762606

34 10 0.0734776

35 10 0.0704047

36 10 0.0670539

37 10 0.0634385

38 10 0.0595727

39 10 0.0554718

40 10 0.051152

41 10 0.0466303

42 10 0.0419246

43 10 0.0370534

44 10 0.032036

45 10 0.0268922

46 10 0.0216422

47 10 0.0163069

48 10 0.0109071

49 10 0.00546434

50 10 0

0 11 0

1 11 0.00592581

2 11 0.0118282

3 11 0.017684

4 11 0.0234699

5 11 0.0291633

6 11 0.0347415

7 11 0.0401826

8 11 0.0454652

9 11 0.0505683

10 11 0.0554718

11 11 0.0601564

12 11 0.0646036

13 11 0.0687959

14 11 0.0727166

15 11 0.0763504

16 11 0.0796828

17 11 0.0827008

18 11 0.0853924

19 11 0.087747

20 11 0.0897553

21 11 0.0914093

22 11 0.0927026

23 11 0.0936301

24 11 0.094188

25 11 0.0943743

26 11 0.094188

27 11 0.0936301

28 11 0.0927026

29 11 0.0914093

30 11 0.0897553

31 11 0.087747

32 11 0.0853924

33 11 0.0827008

34 11 0.0796828

35 11 0.0763504

36 11 0.0727166

37 11 0.0687959

38 11 0.0646036

39 11 0.0601564

40 11 0.0554718

41 11 0.0505683

42 11 0.0454652

43 11 0.0401826

44 11 0.0347415

45 11 0.0291633

46 11 0.0234699

47 11 0.017684

48 11 0.0118282

49 11 0.00592581

50 11 0

0 12 0

1 12 0.00636389

2 12 0.0127027

3 12 0.0189913

4 12 0.025205

5 12 0.0313192

6 12 0.0373098

7 12 0.0431532

8 12 0.0488263

9 12 0.0543066

10 12 0.0595727

11 12 0.0646036

12 12 0.0693796

13 12 0.0738818

14 12 0.0780924

15 12 0.0819948

16 12 0.0855736

17 12 0.0888147

18 12 0.0917052

19 12 0.0942339

20 12 0.0963906

21 12 0.098167

22 12 0.0995559

23 12 0.100552

24 12 0.101151

25 12 0.101351

26 12 0.101151

27 12 0.100552

28 12 0.0995559

29 12 0.098167

30 12 0.0963906

31 12 0.0942339

32 12 0.0917052

33 12 0.0888147

34 12 0.0855736

35 12 0.0819948

36 12 0.0780924

37 12 0.0738818

38 12 0.0693796

39 12 0.0646036

40 12 0.0595727

41 12 0.0543066

42 12 0.0488263

43 12 0.0431532

44 12 0.0373098

45 12 0.0313192

46 12 0.025205

47 12 0.0189913

48 12 0.0127027

49 12 0.00636389

50 12 0

0 13 0

1 13 0.00677685

2 13 0.013527

3 13 0.0202237

4 13 0.0268406

5 13 0.0333516

6 13 0.0397309

7 13 0.0459535

8 13 0.0519947

9 13 0.0578307

10 13 0.0634385

11 13 0.0687959

12 13 0.0738818

13 13 0.0786761

14 13 0.0831599

15 13 0.0873156

16 13 0.0911266

17 13 0.094578

18 13 0.0976562

19 13 0.100349

20 13 0.102646

21 13 0.104537

22 13 0.106016

23 13 0.107077

24 13 0.107715

25 13 0.107928

26 13 0.107715

27 13 0.107077

28 13 0.106016

29 13 0.104537

30 13 0.102646

31 13 0.100349

32 13 0.0976562

33 13 0.094578

34 13 0.0911266

35 13 0.0873156

36 13 0.0831599

37 13 0.0786761

38 13 0.0738818

39 13 0.0687959

40 13 0.0634385

41 13 0.0578307

42 13 0.0519947

43 13 0.0459535

44 13 0.0397309

45 13 0.0333516

46 13 0.0268406

47 13 0.0202237

48 13 0.013527

49 13 0.00677685

50 13 0

0 14 0

1 14 0.00716307

2 14 0.0142979

3 14 0.0213763

4 14 0.0283703

5 14 0.0352523

6 14 0.0419952

7 14 0.0485724

8 14 0.0549579

9 14 0.0611265

10 14 0.0670539

11 14 0.0727166

12 14 0.0780924

13 14 0.0831599

14 14 0.0878993

15 14 0.0922918

16 14 0.09632

17 14 0.0999681

18 14 0.103222

19 14 0.106068

20 14 0.108495

21 14 0.110495

22 14 0.112058

23 14 0.113179

24 14 0.113854

25 14 0.114079

26 14 0.113854

27 14 0.113179

28 14 0.112058

29 14 0.110495

30 14 0.108495

31 14 0.106068

32 14 0.103222

33 14 0.0999681

34 14 0.09632

35 14 0.0922918

36 14 0.0878993

37 14 0.0831599

38 14 0.0780924

39 14 0.0727166

40 14 0.0670539

41 14 0.0611265

42 14 0.0549579

43 14 0.0485724

44 14 0.0419952

45 14 0.0352523

46 14 0.0283703

47 14 0.0213763

48 14 0.0142979

49 14 0.00716307

50 14 0

0 15 0

1 15 0.00752102

2 15 0.0150124

3 15 0.0224445

4 15 0.029788

5 15 0.0370139

6 15 0.0440938

7 15 0.0509997

8 15 0.0577043

9 15 0.0641811

10 15 0.0704047

11 15 0.0763504

12 15 0.0819948

13 15 0.0873156

14 15 0.0922918

15 15 0.0969037

16 15 0.101133

17 15 0.104964

18 15 0.10838

19 15 0.111368

20 15 0.113917

21 15 0.116017

22 15 0.117658

23 15 0.118835

24 15 0.119543

25 15 0.11978

26 15 0.119543

27 15 0.118835

28 15 0.117658

29 15 0.116017

30 15 0.113917

31 15 0.111368

32 15 0.10838

33 15 0.104964

34 15 0.101133

35 15 0.0969037

36 15 0.0922918

37 15 0.0873156

38 15 0.0819948

39 15 0.0763504

40 15 0.0704047

41 15 0.0641811

42 15 0.0577043

43 15 0.0509997

44 15 0.0440938

45 15 0.0370139

46 15 0.029788

47 15 0.0224445

48 15 0.0150124

49 15 0.00752102

50 15 0

0 16 0

1 16 0.00784929

2 16 0.0156676

3 16 0.0234241

4 16 0.0310881

5 16 0.0386295

6 16 0.0460184

7 16 0.0532256

8 16 0.0602229

9 16 0.0669824

10 16 0.0734776

11 16 0.0796828

12 16 0.0855736

13 16 0.0911266

14 16 0.09632

15 16 0.101133

16 16 0.105547

17 16 0.109545

18 16 0.11311

19 16 0.116229

20 16 0.118889

21 16 0.12108

22 16 0.122793

23 16 0.124022

24 16 0.124761

25 16 0.125008

26 16 0.124761

27 16 0.124022

28 16 0.122793

29 16 0.12108

30 16 0.118889

31 16 0.116229

32 16 0.11311

33 16 0.109545

34 16 0.105547

35 16 0.101133

36 16 0.09632

37 16 0.0911266

38 16 0.0855736

39 16 0.0796828

40 16 0.0734776

41 16 0.0669824

42 16 0.0602229

43 16 0.0532256

44 16 0.0460184

45 16 0.0386295

46 16 0.0310881

47 16 0.0234241

48 16 0.0156676

49 16 0.00784929

50 16 0

0 17 0

1 17 0.00814658

2 17 0.016261

3 17 0.0243113

4 17 0.0322656

5 17 0.0400926

6 17 0.0477613

7 17 0.0552416

8 17 0.0625038

9 17 0.0695194

10 17 0.0762606

11 17 0.0827008

12 17 0.0888147

13 17 0.094578

14 17 0.0999681

15 17 0.104964

16 17 0.109545

17 17 0.113694

18 17 0.117394

19 17 0.120631

20 17 0.123392

21 17 0.125666

22 17 0.127444

23 17 0.128719

24 17 0.129486

25 17 0.129742

26 17 0.129486

27 17 0.128719

28 17 0.127444

29 17 0.125666

30 17 0.123392

31 17 0.120631

32 17 0.117394

33 17 0.113694

34 17 0.109545

35 17 0.104964

36 17 0.0999681

37 17 0.094578

38 17 0.0888147

39 17 0.0827008

40 17 0.0762606

41 17 0.0695194

42 17 0.0625038

43 17 0.0552416

44 17 0.0477613

45 17 0.0400926

46 17 0.0322656

47 17 0.0243113

48 17 0.016261

49 17 0.00814658

50 17 0

0 18 0

1 18 0.00841172

2 18 0.0167902

3 18 0.0251025

4 18 0.0333157

5 18 0.0413974

6 18 0.0493157

7 18 0.0570394

8 18 0.064538

9 18 0.0717819

10 18 0.0787425

11 18 0.0853924

12 18 0.0917052

13 18 0.0976562

14 18 0.103222

15 18 0.10838

16 18 0.11311

17 18 0.117394

18 18 0.121215

19 18 0.124557

20 18 0.127408

21 18 0.129756

22 18 0.131592

23 18 0.132908

24 18 0.1337

25 18 0.133965

26 18 0.1337

27 18 0.132908

28 18 0.131592

29 18 0.129756

30 18 0.127408

31 18 0.124557

32 18 0.121215

33 18 0.117394

34 18 0.11311

35 18 0.10838

36 18 0.103222

37 18 0.0976562

38 18 0.0917052

39 18 0.0853924

40 18 0.0787425

41 18 0.0717819

42 18 0.064538

43 18 0.0570394

44 18 0.0493157

45 18 0.0413974

46 18 0.0333157

47 18 0.0251025

48 18 0.0167902

49 18 0.00841172

50 18 0

0 19 0

1 19 0.00864366

2 19 0.0172532

3 19 0.0257947

4 19 0.0342343

5 19 0.0425389

6 19 0.0506756

7 19 0.0586122

8 19 0.0663176

9 19 0.0737612

10 19 0.0809138

11 19 0.087747

12 19 0.0942339

13 19 0.100349

14 19 0.106068

15 19 0.111368

16 19 0.116229

17 19 0.120631

18 19 0.124557

19 19 0.127992

20 19 0.130921

21 19 0.133334

22 19 0.13522

23 19 0.136573

24 19 0.137387

25 19 0.137659

26 19 0.137387

27 19 0.136573

28 19 0.13522

29 19 0.133334

30 19 0.130921

31 19 0.127992

32 19 0.124557

33 19 0.120631

34 19 0.116229

35 19 0.111368

36 19 0.106068

37 19 0.100349

38 19 0.0942339

39 19 0.087747

40 19 0.0809138

41 19 0.0737612

42 19 0.0663176

43 19 0.0586122

44 19 0.0506756

45 19 0.0425389

46 19 0.0342343

47 19 0.0257947

48 19 0.0172532

49 19 0.00864366

50 19 0

0 20 0

1 20 0.00884149

2 20 0.0176481

3 20 0.026385

4 20 0.0350179

5 20 0.0435125

6 20 0.0518354

7 20 0.0599537

8 20 0.0678354

9 20 0.0754494

10 20 0.0827657

11 20 0.0897553

12 20 0.0963906

13 20 0.102646

14 20 0.108495

15 20 0.113917

16 20 0.118889

17 20 0.123392

18 20 0.127408

19 20 0.130921

20 20 0.133918

21 20 0.136386

22 20 0.138315

23 20 0.139699

24 20 0.140532

25 20 0.140809

26 20 0.140532

27 20 0.139699

28 20 0.138315

29 20 0.136386

30 20 0.133918

31 20 0.130921

32 20 0.127408

33 20 0.123392

34 20 0.118889

35 20 0.113917

36 20 0.108495

37 20 0.102646

38 20 0.0963906

39 20 0.0897553

40 20 0.0827657

41 20 0.0754494

42 20 0.0678354

43 20 0.0599537

44 20 0.0518354

45 20 0.0435125

46 20 0.0350179

47 20 0.026385

48 20 0.0176481

49 20 0.00884149

50 20 0

0 21 0

1 21 0.00900443

2 21 0.0179733

3 21 0.0268713

4 21 0.0356632

5 21 0.0443144

6 21 0.0527906

7 21 0.0610586

8 21 0.0690855

9 21 0.0768399

10 21 0.0842909

11 21 0.0914093

12 21 0.098167

13 21 0.104537

14 21 0.110495

15 21 0.116017

16 21 0.12108

17 21 0.125666

18 21 0.129756

19 21 0.133334

20 21 0.136386

21 21 0.138899

22 21 0.140864

23 21 0.142273

24 21 0.143121

25 21 0.143404

26 21 0.143121

27 21 0.142273

28 21 0.140864

29 21 0.138899

30 21 0.136386

31 21 0.133334

32 21 0.129756

33 21 0.125666

34 21 0.12108

35 21 0.116017

36 21 0.110495

37 21 0.104537

38 21 0.098167

39 21 0.0914093

40 21 0.0842909

41 21 0.0768399

42 21 0.0690855

43 21 0.0610586

44 21 0.0527906

45 21 0.0443144

46 21 0.0356632

47 21 0.0268713

48 21 0.0179733

49 21 0.00900443

50 21 0

0 22 0

1 22 0.00913183

2 22 0.0182276

3 22 0.0272515

4 22 0.0361678

5 22 0.0449413

6 22 0.0535376

7 22 0.0619225

8 22 0.070063

9 22 0.077927

10 22 0.0854835

11 22 0.0927026

12 22 0.0995559

13 22 0.106016

14 22 0.112058

15 22 0.117658

16 22 0.122793

17 22 0.127444

18 22 0.131592

19 22 0.13522

20 22 0.138315

21 22 0.140864

22 22 0.142857

23 22 0.144286

24 22 0.145146

25 22 0.145433

26 22 0.145146

27 22 0.144286

28 22 0.142857

29 22 0.140864

30 22 0.138315

31 22 0.13522

32 22 0.131592

33 22 0.127444

34 22 0.122793

35 22 0.117658

36 22 0.112058

37 22 0.106016

38 22 0.0995559

39 22 0.0927026

40 22 0.0854835

41 22 0.077927

42 22 0.070063

43 22 0.0619225

44 22 0.0535376

45 22 0.0449413

46 22 0.0361678

47 22 0.0272515

48 22 0.0182276

49 22 0.00913183

50 22 0

0 23 0

1 23 0.00922319

2 23 0.01841

3 23 0.0275241

4 23 0.0365296

5 23 0.045391

6 23 0.0540732

7 23 0.062542

8 23 0.070764

9 23 0.0787067

10 23 0.0863388

11 23 0.0936301

12 23 0.100552

13 23 0.107077

14 23 0.113179

15 23 0.118835

16 23 0.124022

17 23 0.128719

18 23 0.132908

19 23 0.136573

20 23 0.139699

21 23 0.142273

22 23 0.144286

23 23 0.14573

24 23 0.146598

25 23 0.146888

26 23 0.146598

27 23 0.14573

28 23 0.144286

29 23 0.142273

30 23 0.139699

31 23 0.136573

32 23 0.132908

33 23 0.128719

34 23 0.124022

35 23 0.118835

36 23 0.113179

37 23 0.107077

38 23 0.100552

39 23 0.0936301

40 23 0.0863388

41 23 0.0787067

42 23 0.070764

43 23 0.062542

44 23 0.0540732

45 23 0.045391

46 23 0.0365296

47 23 0.0275241

48 23 0.01841

49 23 0.00922319

50 23 0

0 24 0

1 24 0.00927815

2 24 0.0185197

3 24 0.0276881

4 24 0.0367473

5 24 0.0456615

6 24 0.0543954

7 24 0.0629147

8 24 0.0711856

9 24 0.0791757

10 24 0.0868532

11 24 0.094188

12 24 0.101151

13 24 0.107715

14 24 0.113854

15 24 0.119543

16 24 0.124761

17 24 0.129486

18 24 0.1337

19 24 0.137387

20 24 0.140532

21 24 0.143121

22 24 0.145146

23 24 0.146598

24 24 0.147472

25 24 0.147764

26 24 0.147472

27 24 0.146598

28 24 0.145146

29 24 0.143121

30 24 0.140532

31 24 0.137387

32 24 0.1337

33 24 0.129486

34 24 0.124761

35 24 0.119543

36 24 0.113854

37 24 0.107715

38 24 0.101151

39 24 0.094188

40 24 0.0868532

41 24 0.0791757

42 24 0.0711856

43 24 0.0629147

44 24 0.0543954

45 24 0.0456615

46 24 0.0367473

47 24 0.0276881

48 24 0.0185197

49 24 0.00927815

50 24 0

0 25 0

1 25 0.0092965

2 25 0.0185563

3 25 0.0277429

4 25 0.03682

5 25 0.0457517

6 25 0.0545029

7 25 0.0630391

8 25 0.0713264

9 25 0.0793322

10 25 0.087025

11 25 0.0943743

12 25 0.101351

13 25 0.107928

14 25 0.114079

15 25 0.11978

16 25 0.125008

17 25 0.129742

18 25 0.133965

19 25 0.137659

20 25 0.140809

21 25 0.143404

22 25 0.145433

23 25 0.146888

24 25 0.147764

25 25 0.148056

26 25 0.147764

27 25 0.146888

28 25 0.145433

29 25 0.143404

30 25 0.140809

31 25 0.137659

32 25 0.133965

33 25 0.129742

34 25 0.125008

35 25 0.11978

36 25 0.114079

37 25 0.107928

38 25 0.101351

39 25 0.0943743

40 25 0.087025

41 25 0.0793322

42 25 0.0713264

43 25 0.0630391

44 25 0.0545029

45 25 0.0457517

46 25 0.03682

47 25 0.0277429

48 25 0.0185563

49 25 0.0092965

50 25 0

0 26 0

1 26 0.00927815

2 26 0.0185197

3 26 0.0276881

4 26 0.0367473

5 26 0.0456615

6 26 0.0543954

7 26 0.0629147

8 26 0.0711856

9 26 0.0791757

10 26 0.0868532

11 26 0.094188

12 26 0.101151

13 26 0.107715

14 26 0.113854

15 26 0.119543

16 26 0.124761

17 26 0.129486

18 26 0.1337

19 26 0.137387

20 26 0.140532

21 26 0.143121

22 26 0.145146

23 26 0.146598

24 26 0.147472

25 26 0.147764

26 26 0.147472

27 26 0.146598

28 26 0.145146

29 26 0.143121

30 26 0.140532

31 26 0.137387

32 26 0.1337

33 26 0.129486

34 26 0.124761

35 26 0.119543

36 26 0.113854

37 26 0.107715

38 26 0.101151

39 26 0.094188

40 26 0.0868532

41 26 0.0791757

42 26 0.0711856

43 26 0.0629147

44 26 0.0543954

45 26 0.0456615

46 26 0.0367473

47 26 0.0276881

48 26 0.0185197

49 26 0.00927815

50 26 0

0 27 0

1 27 0.00922319

2 27 0.01841

3 27 0.0275241

4 27 0.0365296

5 27 0.045391

6 27 0.0540732

7 27 0.062542

8 27 0.070764

9 27 0.0787067

10 27 0.0863388

11 27 0.0936301

12 27 0.100552

13 27 0.107077

14 27 0.113179

15 27 0.118835

16 27 0.124022

17 27 0.128719

18 27 0.132908

19 27 0.136573

20 27 0.139699

21 27 0.142273

22 27 0.144286

23 27 0.14573

24 27 0.146598

25 27 0.146888

26 27 0.146598

27 27 0.14573

28 27 0.144286

29 27 0.142273

30 27 0.139699

31 27 0.136573

32 27 0.132908

33 27 0.128719

34 27 0.124022

35 27 0.118835

36 27 0.113179

37 27 0.107077

38 27 0.100552

39 27 0.0936301

40 27 0.0863388

41 27 0.0787067

42 27 0.070764

43 27 0.062542

44 27 0.0540732

45 27 0.045391

46 27 0.0365296

47 27 0.0275241

48 27 0.01841

49 27 0.00922319

50 27 0

0 28 0

1 28 0.00913183

2 28 0.0182276

3 28 0.0272515

4 28 0.0361678

5 28 0.0449413

6 28 0.0535376

7 28 0.0619225

8 28 0.070063

9 28 0.077927

10 28 0.0854835

11 28 0.0927026

12 28 0.0995559

13 28 0.106016

14 28 0.112058

15 28 0.117658

16 28 0.122793

17 28 0.127444

18 28 0.131592

19 28 0.13522

20 28 0.138315

21 28 0.140864

22 28 0.142857

23 28 0.144286

24 28 0.145146

25 28 0.145433

26 28 0.145146

27 28 0.144286

28 28 0.142857

29 28 0.140864

30 28 0.138315

31 28 0.13522

32 28 0.131592

33 28 0.127444

34 28 0.122793

35 28 0.117658

36 28 0.112058

37 28 0.106016

38 28 0.0995559

39 28 0.0927026

40 28 0.0854835

41 28 0.077927

42 28 0.070063

43 28 0.0619225

44 28 0.0535376

45 28 0.0449413

46 28 0.0361678

47 28 0.0272515

48 28 0.0182276

49 28 0.00913183

50 28 0

0 29 0

1 29 0.00900443

2 29 0.0179733

3 29 0.0268713

4 29 0.0356632

5 29 0.0443144

6 29 0.0527906

7 29 0.0610586

8 29 0.0690855

9 29 0.0768399

10 29 0.0842909

11 29 0.0914093

12 29 0.098167

13 29 0.104537

14 29 0.110495

15 29 0.116017

16 29 0.12108

17 29 0.125666

18 29 0.129756

19 29 0.133334

20 29 0.136386

21 29 0.138899

22 29 0.140864

23 29 0.142273

24 29 0.143121

25 29 0.143404

26 29 0.143121

27 29 0.142273

28 29 0.140864

29 29 0.138899

30 29 0.136386

31 29 0.133334

32 29 0.129756

33 29 0.125666

34 29 0.12108

35 29 0.116017

36 29 0.110495

37 29 0.104537

38 29 0.098167

39 29 0.0914093

40 29 0.0842909

41 29 0.0768399

42 29 0.0690855

43 29 0.0610586

44 29 0.0527906

45 29 0.0443144

46 29 0.0356632

47 29 0.0268713

48 29 0.0179733

49 29 0.00900443

50 29 0

0 30 0

1 30 0.00884149

2 30 0.0176481

3 30 0.026385

4 30 0.0350179

5 30 0.0435125

6 30 0.0518354

7 30 0.0599537

8 30 0.0678354

9 30 0.0754494

10 30 0.0827657

11 30 0.0897553

12 30 0.0963906

13 30 0.102646

14 30 0.108495

15 30 0.113917

16 30 0.118889

17 30 0.123392

18 30 0.127408

19 30 0.130921

20 30 0.133918

21 30 0.136386

22 30 0.138315

23 30 0.139699

24 30 0.140532

25 30 0.140809

26 30 0.140532

27 30 0.139699

28 30 0.138315

29 30 0.136386

30 30 0.133918

31 30 0.130921

32 30 0.127408

33 30 0.123392

34 30 0.118889

35 30 0.113917

36 30 0.108495

37 30 0.102646

38 30 0.0963906

39 30 0.0897553

40 30 0.0827657

41 30 0.0754494

42 30 0.0678354

43 30 0.0599537

44 30 0.0518354

45 30 0.0435125

46 30 0.0350179

47 30 0.026385

48 30 0.0176481

49 30 0.00884149

50 30 0

0 31 0

1 31 0.00864366

2 31 0.0172532

3 31 0.0257947

4 31 0.0342343

5 31 0.0425389

6 31 0.0506756

7 31 0.0586122

8 31 0.0663176

9 31 0.0737612

10 31 0.0809138

11 31 0.087747

12 31 0.0942339

13 31 0.100349

14 31 0.106068

15 31 0.111368

16 31 0.116229

17 31 0.120631

18 31 0.124557

19 31 0.127992

20 31 0.130921

21 31 0.133334

22 31 0.13522

23 31 0.136573

24 31 0.137387

25 31 0.137659

26 31 0.137387

27 31 0.136573

28 31 0.13522

29 31 0.133334

30 31 0.130921

31 31 0.127992

32 31 0.124557

33 31 0.120631

34 31 0.116229

35 31 0.111368

36 31 0.106068

37 31 0.100349

38 31 0.0942339

39 31 0.087747

40 31 0.0809138

41 31 0.0737612

42 31 0.0663176

43 31 0.0586122

44 31 0.0506756

45 31 0.0425389

46 31 0.0342343

47 31 0.0257947

48 31 0.0172532

49 31 0.00864366

50 31 0

0 32 0

1 32 0.00841172

2 32 0.0167902

3 32 0.0251025

4 32 0.0333157

5 32 0.0413974

6 32 0.0493157

7 32 0.0570394

8 32 0.064538

9 32 0.0717819

10 32 0.0787425

11 32 0.0853924

12 32 0.0917052

13 32 0.0976562

14 32 0.103222

15 32 0.10838

16 32 0.11311

17 32 0.117394

18 32 0.121215

19 32 0.124557

20 32 0.127408

21 32 0.129756

22 32 0.131592

23 32 0.132908

24 32 0.1337

25 32 0.133965

26 32 0.1337

27 32 0.132908

28 32 0.131592

29 32 0.129756

30 32 0.127408

31 32 0.124557

32 32 0.121215

33 32 0.117394

34 32 0.11311

35 32 0.10838

36 32 0.103222

37 32 0.0976562

38 32 0.0917052

39 32 0.0853924

40 32 0.0787425

41 32 0.0717819

42 32 0.064538

43 32 0.0570394

44 32 0.0493157

45 32 0.0413974

46 32 0.0333157

47 32 0.0251025

48 32 0.0167902

49 32 0.00841172

50 32 0

0 33 0

1 33 0.00814658

2 33 0.016261

3 33 0.0243113

4 33 0.0322656

5 33 0.0400926

6 33 0.0477613

7 33 0.0552416

8 33 0.0625038

9 33 0.0695194

10 33 0.0762606

11 33 0.0827008

12 33 0.0888147

13 33 0.094578

14 33 0.0999681

15 33 0.104964

16 33 0.109545

17 33 0.113694

18 33 0.117394

19 33 0.120631

20 33 0.123392

21 33 0.125666

22 33 0.127444

23 33 0.128719

24 33 0.129486

25 33 0.129742

26 33 0.129486

27 33 0.128719

28 33 0.127444

29 33 0.125666

30 33 0.123392

31 33 0.120631

32 33 0.117394

33 33 0.113694

34 33 0.109545

35 33 0.104964

36 33 0.0999681

37 33 0.094578

38 33 0.0888147

39 33 0.0827008

40 33 0.0762606

41 33 0.0695194

42 33 0.0625038

43 33 0.0552416

44 33 0.0477613

45 33 0.0400926

46 33 0.0322656

47 33 0.0243113

48 33 0.016261

49 33 0.00814658

50 33 0

0 34 0

1 34 0.00784929

2 34 0.0156676

3 34 0.0234241

4 34 0.0310881

5 34 0.0386295

6 34 0.0460184

7 34 0.0532256

8 34 0.0602229

9 34 0.0669824

10 34 0.0734776

11 34 0.0796828

12 34 0.0855736

13 34 0.0911266

14 34 0.09632

15 34 0.101133

16 34 0.105547

17 34 0.109545

18 34 0.11311

19 34 0.116229

20 34 0.118889

21 34 0.12108

22 34 0.122793

23 34 0.124022

24 34 0.124761

25 34 0.125008

26 34 0.124761

27 34 0.124022

28 34 0.122793

29 34 0.12108

30 34 0.118889

31 34 0.116229

32 34 0.11311

33 34 0.109545

34 34 0.105547

35 34 0.101133

36 34 0.09632

37 34 0.0911266

38 34 0.0855736

39 34 0.0796828

40 34 0.0734776

41 34 0.0669824

42 34 0.0602229

43 34 0.0532256

44 34 0.0460184

45 34 0.0386295

46 34 0.0310881

47 34 0.0234241

48 34 0.0156676

49 34 0.00784929

50 34 0

0 35 0

1 35 0.00752102

2 35 0.0150124

3 35 0.0224445

4 35 0.029788

5 35 0.0370139

6 35 0.0440938

7 35 0.0509997

8 35 0.0577043

9 35 0.0641811

10 35 0.0704047

11 35 0.0763504

12 35 0.0819948

13 35 0.0873156

14 35 0.0922918

15 35 0.0969037

16 35 0.101133

17 35 0.104964

18 35 0.10838

19 35 0.111368

20 35 0.113917

21 35 0.116017

22 35 0.117658

23 35 0.118835

24 35 0.119543

25 35 0.11978

26 35 0.119543

27 35 0.118835

28 35 0.117658

29 35 0.116017

30 35 0.113917

31 35 0.111368

32 35 0.10838

33 35 0.104964

34 35 0.101133

35 35 0.0969037

36 35 0.0922918

37 35 0.0873156

38 35 0.0819948

39 35 0.0763504

40 35 0.0704047

41 35 0.0641811

42 35 0.0577043

43 35 0.0509997

44 35 0.0440938

45 35 0.0370139

46 35 0.029788

47 35 0.0224445

48 35 0.0150124

49 35 0.00752102

50 35 0

0 36 0

1 36 0.00716307

2 36 0.0142979

3 36 0.0213763

4 36 0.0283703

5 36 0.0352523

6 36 0.0419952

7 36 0.0485724

8 36 0.0549579

9 36 0.0611265

10 36 0.0670539

11 36 0.0727166

12 36 0.0780924

13 36 0.0831599

14 36 0.0878993

15 36 0.0922918

16 36 0.09632

17 36 0.0999681

18 36 0.103222

19 36 0.106068

20 36 0.108495

21 36 0.110495

22 36 0.112058

23 36 0.113179

24 36 0.113854

25 36 0.114079

26 36 0.113854

27 36 0.113179

28 36 0.112058

29 36 0.110495

30 36 0.108495

31 36 0.106068

32 36 0.103222

33 36 0.0999681

34 36 0.09632

35 36 0.0922918

36 36 0.0878993

37 36 0.0831599

38 36 0.0780924

39 36 0.0727166

40 36 0.0670539

41 36 0.0611265

42 36 0.0549579

43 36 0.0485724

44 36 0.0419952

45 36 0.0352523

46 36 0.0283703

47 36 0.0213763

48 36 0.0142979

49 36 0.00716307

50 36 0

0 37 0

1 37 0.00677685

2 37 0.013527

3 37 0.0202237

4 37 0.0268406

5 37 0.0333516

6 37 0.0397309

7 37 0.0459535

8 37 0.0519947

9 37 0.0578307

10 37 0.0634385

11 37 0.0687959

12 37 0.0738818

13 37 0.0786761

14 37 0.0831599

15 37 0.0873156

16 37 0.0911266

17 37 0.094578

18 37 0.0976562

19 37 0.100349

20 37 0.102646

21 37 0.104537

22 37 0.106016

23 37 0.107077

24 37 0.107715

25 37 0.107928

26 37 0.107715

27 37 0.107077

28 37 0.106016

29 37 0.104537

30 37 0.102646

31 37 0.100349

32 37 0.0976562

33 37 0.094578

34 37 0.0911266

35 37 0.0873156

36 37 0.0831599

37 37 0.0786761

38 37 0.0738818

39 37 0.0687959

40 37 0.0634385

41 37 0.0578307

42 37 0.0519947

43 37 0.0459535

44 37 0.0397309

45 37 0.0333516

46 37 0.0268406

47 37 0.0202237

48 37 0.013527

49 37 0.00677685

50 37 0

0 38 0

1 38 0.00636389

2 38 0.0127027

3 38 0.0189913

4 38 0.025205

5 38 0.0313192

6 38 0.0373098

7 38 0.0431532

8 38 0.0488263

9 38 0.0543066

10 38 0.0595727

11 38 0.0646036

12 38 0.0693796

13 38 0.0738818

14 38 0.0780924

15 38 0.0819948

16 38 0.0855736

17 38 0.0888147

18 38 0.0917052

19 38 0.0942339

20 38 0.0963906

21 38 0.098167

22 38 0.0995559

23 38 0.100552

24 38 0.101151

25 38 0.101351

26 38 0.101151

27 38 0.100552

28 38 0.0995559

29 38 0.098167

30 38 0.0963906

31 38 0.0942339

32 38 0.0917052

33 38 0.0888147

34 38 0.0855736

35 38 0.0819948

36 38 0.0780924

37 38 0.0738818

38 38 0.0693796

39 38 0.0646036

40 38 0.0595727

41 38 0.0543066

42 38 0.0488263

43 38 0.0431532

44 38 0.0373098

45 38 0.0313192

46 38 0.025205

47 38 0.0189913

48 38 0.0127027

49 38 0.00636389

50 38 0

0 39 0

1 39 0.00592581

2 39 0.0118282

3 39 0.017684

4 39 0.0234699

5 39 0.0291633

6 39 0.0347415

7 39 0.0401826

8 39 0.0454652

9 39 0.0505683

10 39 0.0554718

11 39 0.0601564

12 39 0.0646036

13 39 0.0687959

14 39 0.0727166

15 39 0.0763504

16 39 0.0796828

17 39 0.0827008

18 39 0.0853924

19 39 0.087747

20 39 0.0897553

21 39 0.0914093

22 39 0.0927026

23 39 0.0936301

24 39 0.094188

25 39 0.0943743

26 39 0.094188

27 39 0.0936301

28 39 0.0927026

29 39 0.0914093

30 39 0.0897553

31 39 0.087747

32 39 0.0853924

33 39 0.0827008

34 39 0.0796828

35 39 0.0763504

36 39 0.0727166

37 39 0.0687959

38 39 0.0646036

39 39 0.0601564

40 39 0.0554718

41 39 0.0505683

42 39 0.0454652

43 39 0.0401826

44 39 0.0347415

45 39 0.0291633

46 39 0.0234699

47 39 0.017684

48 39 0.0118282

49 39 0.00592581

50 39 0

0 40 0

1 40 0.00546434

2 40 0.0109071

3 40 0.0163069

4 40 0.0216422

5 40 0.0268922

6 40 0.032036

7 40 0.0370534

8 40 0.0419246

9 40 0.0466303

10 40 0.051152

11 40 0.0554718

12 40 0.0595727

13 40 0.0634385

14 40 0.0670539

15 40 0.0704047

16 40 0.0734776

17 40 0.0762606

18 40 0.0787425

19 40 0.0809138

20 40 0.0827657

21 40 0.0842909

22 40 0.0854835

23 40 0.0863388

24 40 0.0868532

25 40 0.087025

26 40 0.0868532

27 40 0.0863388

28 40 0.0854835

29 40 0.0842909

30 40 0.0827657

31 40 0.0809138

32 40 0.0787425

33 40 0.0762606

34 40 0.0734776

35 40 0.0704047

36 40 0.0670539

37 40 0.0634385

38 40 0.0595727

39 40 0.0554718

40 40 0.051152

41 40 0.0466303

42 40 0.0419246

43 40 0.0370534

44 40 0.032036

45 40 0.0268922

46 40 0.0216422

47 40 0.0163069

48 40 0.0109071

49 40 0.00546434

50 40 0

0 41 0

1 41 0.00498131

2 41 0.00994296

3 41 0.0148654

4 41 0.0197291

5 41 0.024515

6 41 0.0292041

7 41 0.033778

8 41 0.0382186

9 41 0.0425083

10 41 0.0466303

11 41 0.0505683

12 41 0.0543066

13 41 0.0578307

14 41 0.0611265

15 41 0.0641811

16 41 0.0669824

17 41 0.0695194

18 41 0.0717819

19 41 0.0737612

20 41 0.0754494

21 41 0.0768399

22 41 0.077927

23 41 0.0787067

24 41 0.0791757

25 41 0.0793322

26 41 0.0791757

27 41 0.0787067

28 41 0.077927

29 41 0.0768399

30 41 0.0754494

31 41 0.0737612

32 41 0.0717819

33 41 0.0695194

34 41 0.0669824

35 41 0.0641811

36 41 0.0611265

37 41 0.0578307

38 41 0.0543066

39 41 0.0505683

40 41 0.0466303

41 41 0.0425083

42 41 0.0382186

43 41 0.033778

44 41 0.0292041

45 41 0.024515

46 41 0.0197291

47 41 0.0148654

48 41 0.00994296

49 41 0.00498131

50 41 0

0 42 0

1 42 0.00447862

2 42 0.00893957

3 42 0.0133652

4 42 0.0177382

5 42 0.0220411

6 42 0.026257

7 42 0.0303693

8 42 0.0343618

9 42 0.0382186

10 42 0.0419246

11 42 0.0454652

12 42 0.0488263

13 42 0.0519947

14 42 0.0549579

15 42 0.0577043

16 42 0.0602229

17 42 0.0625038

18 42 0.064538

19 42 0.0663176

20 42 0.0678354

21 42 0.0690855

22 42 0.070063

23 42 0.070764

24 42 0.0711856

25 42 0.0713264

26 42 0.0711856

27 42 0.070764

28 42 0.070063

29 42 0.0690855

30 42 0.0678354

31 42 0.0663176

32 42 0.064538

33 42 0.0625038

34 42 0.0602229

35 42 0.0577043

36 42 0.0549579

37 42 0.0519947

38 42 0.0488263

39 42 0.0454652

40 42 0.0419246

41 42 0.0382186

42 42 0.0343618

43 42 0.0303693

44 42 0.026257

45 42 0.0220411

46 42 0.0177382

47 42 0.0133652

48 42 0.00893957

49 42 0.00447862

50 42 0

0 43 0

1 43 0.00395826

2 43 0.00790089

3 43 0.0118123

4 43 0.0156772

5 43 0.0194801

6 43 0.0232062

7 43 0.0268407

8 43 0.0303693

9 43 0.033778

10 43 0.0370534

11 43 0.0401826

12 43 0.0431532

13 43 0.0459535

14 43 0.0485724

15 43 0.0509997

16 43 0.0532256

17 43 0.0552416

18 43 0.0570394

19 43 0.0586122

20 43 0.0599537

21 43 0.0610586

22 43 0.0619225

23 43 0.062542

24 43 0.0629147

25 43 0.0630391

26 43 0.0629147

27 43 0.062542

28 43 0.0619225

29 43 0.0610586

30 43 0.0599537

31 43 0.0586122

32 43 0.0570394

33 43 0.0552416

34 43 0.0532256

35 43 0.0509997

36 43 0.0485724

37 43 0.0459535

38 43 0.0431532

39 43 0.0401826

40 43 0.0370534

41 43 0.033778

42 43 0.0303693

43 43 0.0268407

44 43 0.0232062

45 43 0.0194801

46 43 0.0156772

47 43 0.0118123

48 43 0.00790089

49 43 0.00395826

50 43 0

0 44 0

1 44 0.00342227

2 44 0.00683103

3 44 0.0102128

4 44 0.0135543

5 44 0.0168423

6 44 0.0200639

7 44 0.0232062

8 44 0.026257

9 44 0.0292041

10 44 0.032036

11 44 0.0347415

12 44 0.0373098

13 44 0.0397309

14 44 0.0419952

15 44 0.0440938

16 44 0.0460184

17 44 0.0477613

18 44 0.0493157

19 44 0.0506756

20 44 0.0518354

21 44 0.0527906

22 44 0.0535376

23 44 0.0540732

24 44 0.0543954

25 44 0.0545029

26 44 0.0543954

27 44 0.0540732

28 44 0.0535376

29 44 0.0527906

30 44 0.0518354

31 44 0.0506756

32 44 0.0493157

33 44 0.0477613

34 44 0.0460184

35 44 0.0440938

36 44 0.0419952

37 44 0.0397309

38 44 0.0373098

39 44 0.0347415

40 44 0.032036

41 44 0.0292041

42 44 0.026257

43 44 0.0232062

44 44 0.0200639

45 44 0.0168423

46 44 0.0135543

47 44 0.0102128

48 44 0.00683103

49 44 0.00342227

50 44 0

0 45 0

1 45 0.00287278

2 45 0.00573421

3 45 0.00857302

4 45 0.011378

5 45 0.0141381

6 45 0.0168423

7 45 0.0194801

8 45 0.0220411

9 45 0.024515

10 45 0.0268922

11 45 0.0291633

12 45 0.0313192

13 45 0.0333516

14 45 0.0352523

15 45 0.0370139

16 45 0.0386295

17 45 0.0400926

18 45 0.0413974

19 45 0.0425389

20 45 0.0435125

21 45 0.0443144

22 45 0.0449413

23 45 0.045391

24 45 0.0456615

25 45 0.0457517

26 45 0.0456615

27 45 0.045391

28 45 0.0449413

29 45 0.0443144

30 45 0.0435125

31 45 0.0425389

32 45 0.0413974

33 45 0.0400926

34 45 0.0386295

35 45 0.0370139

36 45 0.0352523

37 45 0.0333516

38 45 0.0313192

39 45 0.0291633

40 45 0.0268922

41 45 0.024515

42 45 0.0220411

43 45 0.0194801

44 45 0.0168423

45 45 0.0141381

46 45 0.011378

47 45 0.00857302

48 45 0.00573421

49 45 0.00287278

50 45 0

0 46 0

1 46 0.00231194

2 46 0.00461476

3 46 0.00689937

4 46 0.00915675

5 46 0.011378

6 46 0.0135543

7 46 0.0156772

8 46 0.0177382

9 46 0.0197291

10 46 0.0216422

11 46 0.0234699

12 46 0.025205

13 46 0.0268406

14 46 0.0283703

15 46 0.029788

16 46 0.0310881

17 46 0.0322656

18 46 0.0333157

19 46 0.0342343

20 46 0.0350179

21 46 0.0356632

22 46 0.0361678

23 46 0.0365296

24 46 0.0367473

25 46 0.03682

26 46 0.0367473

27 46 0.0365296

28 46 0.0361678

29 46 0.0356632

30 46 0.0350179

31 46 0.0342343

32 46 0.0333157

33 46 0.0322656

34 46 0.0310881

35 46 0.029788

36 46 0.0283703

37 46 0.0268406

38 46 0.025205

39 46 0.0234699

40 46 0.0216422

41 46 0.0197291

42 46 0.0177382

43 46 0.0156772

44 46 0.0135543

45 46 0.011378

46 46 0.00915675

47 46 0.00689937

48 46 0.00461476

49 46 0.00231194

50 46 0

0 47 0

1 47 0.00174199

2 47 0.0034771

3 47 0.0051985

4 47 0.00689937

5 47 0.00857302

6 47 0.0102128

7 47 0.0118123

8 47 0.0133652

9 47 0.0148654

10 47 0.0163069

11 47 0.017684

12 47 0.0189913

13 47 0.0202237

14 47 0.0213763

15 47 0.0224445

16 47 0.0234241

17 47 0.0243113

18 47 0.0251025

19 47 0.0257947

20 47 0.026385

21 47 0.0268713

22 47 0.0272515

23 47 0.0275241

24 47 0.0276881

25 47 0.0277429

26 47 0.0276881

27 47 0.0275241

28 47 0.0272515

29 47 0.0268713

30 47 0.026385

31 47 0.0257947

32 47 0.0251025

33 47 0.0243113

34 47 0.0234241

35 47 0.0224445

36 47 0.0213763

37 47 0.0202237

38 47 0.0189913

39 47 0.017684

40 47 0.0163069

41 47 0.0148654

42 47 0.0133652

43 47 0.0118123

44 47 0.0102128

45 47 0.00857302

46 47 0.00689937

47 47 0.0051985

48 47 0.0034771

49 47 0.00174199

50 47 0

0 48 0

1 48 0.00116516

2 48 0.00232572

3 48 0.0034771

4 48 0.00461476

5 48 0.00573421

6 48 0.00683103

7 48 0.00790089

8 48 0.00893957

9 48 0.00994296

10 48 0.0109071

11 48 0.0118282

12 48 0.0127027

13 48 0.013527

14 48 0.0142979

15 48 0.0150124

16 48 0.0156676

17 48 0.016261

18 48 0.0167902

19 48 0.0172532

20 48 0.0176481

21 48 0.0179733

22 48 0.0182276

23 48 0.01841

24 48 0.0185197

25 48 0.0185563

26 48 0.0185197

27 48 0.01841

28 48 0.0182276

29 48 0.0179733

30 48 0.0176481

31 48 0.0172532

32 48 0.0167902

33 48 0.016261

34 48 0.0156676

35 48 0.0150124

36 48 0.0142979

37 48 0.013527

38 48 0.0127027

39 48 0.0118282

40 48 0.0109071

41 48 0.00994296

42 48 0.00893957

43 48 0.00790089

44 48 0.00683103

45 48 0.00573421

46 48 0.00461476

47 48 0.0034771

48 48 0.00232572

49 48 0.00116516

50 48 0

0 49 0

1 49 0.000583732

2 49 0.00116516

3 49 0.00174199

4 49 0.00231194

5 49 0.00287278

6 49 0.00342227

7 49 0.00395826

8 49 0.00447862

9 49 0.00498131

10 49 0.00546434

11 49 0.00592581

12 49 0.00636389

13 49 0.00677685

14 49 0.00716307

15 49 0.00752102

16 49 0.00784929

17 49 0.00814658

18 49 0.00841172

19 49 0.00864366

20 49 0.00884149

21 49 0.00900443

22 49 0.00913183

23 49 0.00922319

24 49 0.00927815

25 49 0.0092965

26 49 0.00927815

27 49 0.00922319

28 49 0.00913183

29 49 0.00900443

30 49 0.00884149

31 49 0.00864366

32 49 0.00841172

33 49 0.00814658

34 49 0.00784929

35 49 0.00752102

36 49 0.00716307

37 49 0.00677685

38 49 0.00636389

39 49 0.00592581

40 49 0.00546434
