0 1 0

1 1 0.000244982

2 1 0.000488997

3 1 0.000731082

4 1 0.000970282

5 1 0.00120565

6 1 0.00143627

7 1 0.00166121

8 1 0.0018796

9 1 0.00209057

10 1 0.00229329

11 1 0.00248696

12 1 0.00267081

13 1 0.00284412

14 1 0.00300621

15 1 0.00315644

16 1 0.00329421

17 1 0.00341898

18 1 0.00353025

19 1 0.00362759

20 1 0.00371062

21 1 0.003779

22 1 0.00383247

23 1 0.00387081

24 1 0.00389387

25 1 0.00390157

26 1 0.00389387

27 1 0.00387081

28 1 0.00383247

29 1 0.003779

30 1 0.00371062

31 1 0.00362759

32 1 0.00353025

33 1 0.00341898

34 1 0.00329421

35 1 0.00315644

36 1 0.00300621

37 1 0.00284412

38 1 0.00267081

39 1 0.00248696

40 1 0.00229329

41 1 0.00209057

42 1 0.0018796

43 1 0.00166121

44 1 0.00143627

45 1 0.00120565

46 1 0.000970282

47 1 0.000731082

48 1 0.000488997

49 1 0.000244982

50 1 0

0 2 0

1 2 0.000488997

2 2 0.000976064

3 2 0.00145928

4 2 0.00193673

5 2 0.00240655

6 2 0.00286686

7 2 0.00331586

8 2 0.00375178

9 2 0.00417289

10 2 0.00457752

11 2 0.0049641

12 2 0.00533108

13 2 0.00567703

14 2 0.00600056

15 2 0.00630042

16 2 0.00657541

17 2 0.00682446

18 2 0.00704657

19 2 0.00724087

20 2 0.00740659

21 2 0.00754308

22 2 0.00764981

23 2 0.00772634

24 2 0.00777238

25 2 0.00778775

26 2 0.00777238

27 2 0.00772634

28 2 0.00764981

29 2 0.00754308

30 2 0.00740659

31 2 0.00724087

32 2 0.00704657

33 2 0.00682446

34 2 0.00657541

35 2 0.00630042

36 2 0.00600056

37 2 0.00567703

38 2 0.00533108

39 2 0.0049641

40 2 0.00457752

41 2 0.00417289

42 2 0.00375178

43 2 0.00331586

44 2 0.00286686

45 2 0.00240655

46 2 0.00193673

47 2 0.00145928

48 2 0.000976064

49 2 0.000488997

50 2 0

0 3 0

1 3 0.000731082

2 3 0.00145928

3 3 0.00218172

4 3 0.00289554

5 3 0.00359794

6 3 0.00428614

7 3 0.00495743

8 3 0.00560915

9 3 0.00623873

10 3 0.0068437

11 3 0.00742165

12 3 0.00797031

13 3 0.00848752

14 3 0.00897123

15 3 0.00941954

16 3 0.00983067

17 3 0.010203

18 3 0.0105351

19 3 0.0108256

20 3 0.0110733

21 3 0.0112774

22 3 0.011437

23 3 0.0115514

24 3 0.0116202

25 3 0.0116432

26 3 0.0116202

27 3 0.0115514

28 3 0.011437

29 3 0.0112774

30 3 0.0110733

31 3 0.0108256

32 3 0.0105351

33 3 0.010203

34 3 0.00983067

35 3 0.00941954

36 3 0.00897123

37 3 0.00848752

38 3 0.00797031

39 3 0.00742165

40 3 0.0068437

41 3 0.00623873

42 3 0.00560915

43 3 0.00495743

44 3 0.00428614

45 3 0.00359794

46 3 0.00289554

47 3 0.00218172

48 3 0.00145928

49 3 0.000731082

50 3 0

0 4 0

1 4 0.000970282

2 4 0.00193673

3 4 0.00289554

4 4 0.00384293

5 4 0.00477514

6 4 0.00568851

7 4 0.00657943

8 4 0.00744439

9 4 0.00827996

10 4 0.00908286

11 4 0.00984991

12 4 0.0105781

13 4 0.0112645

14 4 0.0119065

15 4 0.0125015

16 4 0.0130471

17 4 0.0135413

18 4 0.013982

19 4 0.0143675

20 4 0.0146964

21 4 0.0149672

22 4 0.015179

23 4 0.0153308

24 4 0.0154222

25 4 0.0154527

26 4 0.0154222

27 4 0.0153308

28 4 0.015179

29 4 0.0149672

30 4 0.0146964

31 4 0.0143675

32 4 0.013982

33 4 0.0135413

34 4 0.0130471

35 4 0.0125015

36 4 0.0119065

37 4 0.0112645

38 4 0.0105781

39 4 0.00984991

40 4 0.00908286

41 4 0.00827996

42 4 0.00744439

43 4 0.00657943

44 4 0.00568851

45 4 0.00477514

46 4 0.00384293

47 4 0.00289554

48 4 0.00193673

49 4 0.000970282

50 4 0

0 5 0

1 5 0.00120565

2 5 0.00240655

3 5 0.00359794

4 5 0.00477514

5 5 0.00593349

6 5 0.00706843

7 5 0.00817547

8 5 0.00925024

9 5 0.0102885

10 5 0.0112862

11 5 0.0122393

12 5 0.0131441

13 5 0.0139971

14 5 0.0147948

15 5 0.0155341

16 5 0.0162121

17 5 0.0168261

18 5 0.0173738

19 5 0.0178528

20 5 0.0182614

21 5 0.0185979

22 5 0.0188611

23 5 0.0190498

24 5 0.0191633

25 5 0.0192012

26 5 0.0191633

27 5 0.0190498

28 5 0.0188611

29 5 0.0185979

30 5 0.0182614

31 5 0.0178528

32 5 0.0173738

33 5 0.0168261

34 5 0.0162121

35 5 0.0155341

36 5 0.0147948

37 5 0.0139971

38 5 0.0131441

39 5 0.0122393

40 5 0.0112862

41 5 0.0102885

42 5 0.00925024

43 5 0.00817547

44 5 0.00706843

45 5 0.00593349

46 5 0.00477514

47 5 0.00359794

48 5 0.00240655

49 5 0.00120565

50 5 0

0 6 0

1 6 0.00143627

2 6 0.00286686

3 6 0.00428614

4 6 0.00568851

5 6 0.00706843

6 6 0.00842045

7 6 0.00973924

8 6 0.0110196

9 6 0.0122565

10 6 0.013445

11 6 0.0145804

12 6 0.0156583

13 6 0.0166744

14 6 0.0176247

15 6 0.0185054

16 6 0.0193131

17 6 0.0200446

18 6 0.0206969

19 6 0.0212676

20 6 0.0217544

21 6 0.0221553

22 6 0.0224688

23 6 0.0226935

24 6 0.0228288

25 6 0.0228739

26 6 0.0228288

27 6 0.0226935

28 6 0.0224688

29 6 0.0221553

30 6 0.0217544

31 6 0.0212676

32 6 0.0206969

33 6 0.0200446

34 6 0.0193131

35 6 0.0185054

36 6 0.0176247

37 6 0.0166744

38 6 0.0156583

39 6 0.0145804

40 6 0.013445

41 6 0.0122565

42 6 0.0110196

43 6 0.00973924

44 6 0.00842045

45 6 0.00706843

46 6 0.00568851

47 6 0.00428614

48 6 0.00286686

49 6 0.00143627

50 6 0

0 7 0

1 7 0.00166121

2 7 0.00331586

3 7 0.00495743

4 7 0.00657943

5 7 0.00817547

6 7 0.00973924

7 7 0.0112646

8 7 0.0127455

9 7 0.014176

10 7 0.0155507

11 7 0.0168639

12 7 0.0181106

13 7 0.0192859

14 7 0.020385

15 7 0.0214037

16 7 0.0223379

17 7 0.0231839

18 7 0.0239384

19 7 0.0245985

20 7 0.0251615

21 7 0.0256252

22 7 0.0259878

23 7 0.0262478

24 7 0.0264042

25 7 0.0264564

26 7 0.0264042

27 7 0.0262478

28 7 0.0259878

29 7 0.0256252

30 7 0.0251615

31 7 0.0245985

32 7 0.0239384

33 7 0.0231839

34 7 0.0223379

35 7 0.0214037

36 7 0.020385

37 7 0.0192859

38 7 0.0181106

39 7 0.0168639

40 7 0.0155507

41 7 0.014176

42 7 0.0127455

43 7 0.0112646

44 7 0.00973924

45 7 0.00817547

46 7 0.00657943

47 7 0.00495743

48 7 0.00331586

49 7 0.00166121

50 7 0

0 8 0

1 8 0.0018796

2 8 0.00375178

3 8 0.00560915

4 8 0.00744439

5 8 0.00925024

6 8 0.0110196

7 8 0.0127455

8 8 0.014421

9 8 0.0160397

10 8 0.017595

11 8 0.0190809

12 8 0.0204915

13 8 0.0218213

14 8 0.0230649

15 8 0.0242175

16 8 0.0252745

17 8 0.0262317

18 8 0.0270855

19 8 0.0278323

20 8 0.0284693

21 8 0.028994

22 8 0.0294042

23 8 0.0296984

24 8 0.0298753

25 8 0.0299344

26 8 0.0298753

27 8 0.0296984

28 8 0.0294042

29 8 0.028994

30 8 0.0284693

31 8 0.0278323

32 8 0.0270855

33 8 0.0262317

34 8 0.0252745

35 8 0.0242175

36 8 0.0230649

37 8 0.0218213

38 8 0.0204915

39 8 0.0190809

40 8 0.017595

41 8 0.0160397

42 8 0.014421

43 8 0.0127455

44 8 0.0110196

45 8 0.00925024

46 8 0.00744439

47 8 0.00560915

48 8 0.00375178

49 8 0.0018796

50 8 0

0 9 0

1 9 0.00209057

2 9 0.00417289

3 9 0.00623873

4 9 0.00827996

5 9 0.0102885

6 9 0.0122565

7 9 0.014176

8 9 0.0160397

9 9 0.01784

10 9 0.0195699

11 9 0.0212226

12 9 0.0227915

13 9 0.0242705

14 9 0.0256537

15 9 0.0269357

16 9 0.0281113

17 9 0.029176

18 9 0.0301256

19 9 0.0309563

20 9 0.0316648

21 9 0.0322483

22 9 0.0327046

23 9 0.0330318

24 9 0.0332286

25 9 0.0332943

26 9 0.0332286

27 9 0.0330318

28 9 0.0327046

29 9 0.0322483

30 9 0.0316648

31 9 0.0309563

32 9 0.0301256

33 9 0.029176

34 9 0.0281113

35 9 0.0269357

36 9 0.0256537

37 9 0.0242705

38 9 0.0227915

39 9 0.0212226

40 9 0.0195699

41 9 0.01784

42 9 0.0160397

43 9 0.014176

44 9 0.0122565

45 9 0.0102885

46 9 0.00827996

47 9 0.00623873

48 9 0.00417289

49 9 0.00209057

50 9 0

0 10 0

1 10 0.00229329

2 10 0.00457752

3 10 0.0068437

4 10 0.00908286

5 10 0.0112862

6 10 0.013445

7 10 0.0155507

8 10 0.017595

9 10 0.0195699

10 10 0.0214676

11 10 0.0232805

12 10 0.0250016

13 10 0.026624

14 10 0.0281413

15 10 0.0295476

16 10 0.0308372

17 10 0.0320052

18 10 0.0330468

19 10 0.0339581

20 10 0.0347353

21 10 0.0353754

22 10 0.0358759

23 10 0.0362348

24 10 0.0364508

25 10 0.0365228

26 10 0.0364508

27 10 0.0362348

28 10 0.0358759

29 10 0.0353754

30 10 0.0347353

31 10 0.0339581

32 10 0.0330468

33 10 0.0320052

34 10 0.0308372

35 10 0.0295476

36 10 0.0281413

37 10 0.026624

38 10 0.0250016

39 10 0.0232805

40 10 0.0214676

41 10 0.0195699

42 10 0.017595

43 10 0.0155507

44 10 0.013445

45 10 0.0112862

46 10 0.00908286

47 10 0.0068437

48 10 0.00457752

49 10 0.00229329

50 10 0

0 11 0

1 11 0.00248696

2 11 0.0049641

3 11 0.00742165

4 11 0.00984991

5 11 0.0122393

6 11 0.0145804

7 11 0.0168639

8 11 0.0190809

9 11 0.0212226

10 11 0.0232805

11 11 0.0252466

12 11 0.027113

13 11 0.0288724

14 11 0.0305179

15 11 0.0320429

16 11 0.0334415

17 11 0.0347081

18 11 0.0358377

19 11 0.0368258

20 11 0.0376687

21 11 0.0383629

22 11 0.0389056

23 11 0.0392949

24 11 0.039529

25 11 0.0396072

26 11 0.039529

27 11 0.0392949

28 11 0.0389056

29 11 0.0383629

30 11 0.0376687

31 11 0.0368258

32 11 0.0358377

33 11 0.0347081

34 11 0.0334415

35 11 0.0320429

36 11 0.0305179

37 11 0.0288724

38 11 0.027113

39 11 0.0252466

40 11 0.0232805

41 11 0.0212226

42 11 0.0190809

43 11 0.0168639

44 11 0.0145804

45 11 0.0122393

46 11 0.00984991

47 11 0.00742165

48 11 0.0049641

49 11 0.00248696

50 11 0

0 12 0

1 12 0.00267081

2 12 0.00533108

3 12 0.00797031

4 12 0.0105781

5 12 0.0131441

6 12 0.0156583

7 12 0.0181106

8 12 0.0204915

9 12 0.0227915

10 12 0.0250016

11 12 0.027113

12 12 0.0291174

13 12 0.0310069

14 12 0.032774

15 12 0.0344117

16 12 0.0359137

17 12 0.0372739

18 12 0.0384871

19 12 0.0395483

20 12 0.0404534

21 12 0.0411989

22 12 0.0417818

23 12 0.0421999

24 12 0.0424513

25 12 0.0425353

26 12 0.0424513

27 12 0.0421999

28 12 0.0417818

29 12 0.0411989

30 12 0.0404534

31 12 0.0395483

32 12 0.0384871

33 12 0.0372739

34 12 0.0359137

35 12 0.0344117

36 12 0.032774

37 12 0.0310069

38 12 0.0291174

39 12 0.027113

40 12 0.0250016

41 12 0.0227915

42 12 0.0204915

43 12 0.0181106

44 12 0.0156583

45 12 0.0131441

46 12 0.0105781

47 12 0.00797031

48 12 0.00533108

49 12 0.00267081

50 12 0

0 13 0

1 13 0.00284412

2 13 0.00567703

3 13 0.00848752

4 13 0.0112645

5 13 0.0139971

6 13 0.0166744

7 13 0.0192859

8 13 0.0218213

9 13 0.0242705

10 13 0.026624

11 13 0.0288724

12 13 0.0310069

13 13 0.033019

14 13 0.0349007

15 13 0.0366448

16 13 0.0382442

17 13 0.0396927

18 13 0.0409846

19 13 0.0421146

20 13 0.0430785

21 13 0.0438724

22 13 0.0444931

23 13 0.0449383

24 13 0.0452061

25 13 0.0452955

26 13 0.0452061

27 13 0.0449383

28 13 0.0444931

29 13 0.0438724

30 13 0.0430785

31 13 0.0421146

32 13 0.0409846

33 13 0.0396927

34 13 0.0382442

35 13 0.0366448

36 13 0.0349007

37 13 0.033019

38 13 0.0310069

39 13 0.0288724

40 13 0.026624

41 13 0.0242705

42 13 0.0218213

43 13 0.0192859

44 13 0.0166744

45 13 0.0139971

46 13 0.0112645

47 13 0.00848752

48 13 0.00567703

49 13 0.00284412

50 13 0

0 14 0

1 14 0.00300621

2 14 0.00600056

3 14 0.00897123

4 14 0.0119065

5 14 0.0147948

6 14 0.0176247

7 14 0.020385

8 14 0.0230649

9 14 0.0256537

10 14 0.0281413

11 14 0.0305179

12 14 0.032774

13 14 0.0349007

14 14 0.0368898

15 14 0.0387332

16 14 0.0404238

17 14 0.0419548

18 14 0.0433203

19 14 0.0445148

20 14 0.0455336

21 14 0.0463727

22 14 0.0470289

23 14 0.0474994

24 14 0.0477824

25 14 0.0478769

26 14 0.0477824

27 14 0.0474994

28 14 0.0470289

29 14 0.0463727

30 14 0.0455336

31 14 0.0445148

32 14 0.0433203

33 14 0.0419548

34 14 0.0404238

35 14 0.0387332

36 14 0.0368898

37 14 0.0349007

38 14 0.032774

39 14 0.0305179

40 14 0.0281413

41 14 0.0256537

42 14 0.0230649

43 14 0.020385

44 14 0.0176247

45 14 0.0147948

46 14 0.0119065

47 14 0.00897123

48 14 0.00600056

49 14 0.00300621

50 14 0

0 15 0

1 15 0.00315644

2 15 0.00630042

3 15 0.00941954

4 15 0.0125015

5 15 0.0155341

6 15 0.0185054

7 15 0.0214037

8 15 0.0242175

9 15 0.0269357

10 15 0.0295476

11 15 0.0320429

12 15 0.0344117

13 15 0.0366448

14 15 0.0387332

15 15 0.0406688

16 15 0.0424438

17 15 0.0440514

18 15 0.0454851

19 15 0.0467393

20 15 0.047809

21 15 0.0486901

22 15 0.049379

23 15 0.049873

24 15 0.0501702

25 15 0.0502694

26 15 0.0501702

27 15 0.049873

28 15 0.049379

29 15 0.0486901

30 15 0.047809

31 15 0.0467393

32 15 0.0454851

33 15 0.0440514

34 15 0.0424438

35 15 0.0406688

36 15 0.0387332

37 15 0.0366448

38 15 0.0344117

39 15 0.0320429

40 15 0.0295476

41 15 0.0269357

42 15 0.0242175

43 15 0.0214037

44 15 0.0185054

45 15 0.0155341

46 15 0.0125015

47 15 0.00941954

48 15 0.00630042

49 15 0.00315644

50 15 0

0 16 0

1 16 0.00329421

2 16 0.00657541

3 16 0.00983067

4 16 0.0130471

5 16 0.0162121

6 16 0.0193131

7 16 0.0223379

8 16 0.0252745

9 16 0.0281113

10 16 0.0308372

11 16 0.0334415

12 16 0.0359137

13 16 0.0382442

14 16 0.0404238

15 16 0.0424438

16 16 0.0442964

17 16 0.0459741

18 16 0.0474704

19 16 0.0487793

20 16 0.0498957

21 16 0.0508152

22 16 0.0515342

23 16 0.0520498

24 16 0.0523599

25 16 0.0524635

26 16 0.0523599

27 16 0.0520498

28 16 0.0515342

29 16 0.0508152

30 16 0.0498957

31 16 0.0487793

32 16 0.0474704

33 16 0.0459741

34 16 0.0442964

35 16 0.0424438

36 16 0.0404238

37 16 0.0382442

38 16 0.0359137

39 16 0.0334415

40 16 0.0308372

41 16 0.0281113

42 16 0.0252745

43 16 0.0223379

44 16 0.0193131

45 16 0.0162121

46 16 0.0130471

47 16 0.00983067

48 16 0.00657541

49 16 0.00329421

50 16 0

0 17 0

1 17 0.00341898

2 17 0.00682446

3 17 0.010203

4 17 0.0135413

5 17 0.0168261

6 17 0.0200446

7 17 0.0231839

8 17 0.0262317

9 17 0.029176

10 17 0.0320052

11 17 0.0347081

12 17 0.0372739

13 17 0.0396927

14 17 0.0419548

15 17 0.0440514

16 17 0.0459741

17 17 0.0477153

18 17 0.0492683

19 17 0.0506268

20 17 0.0517855

21 17 0.0527398

22 17 0.053486

23 17 0.0540211

24 17 0.0543431

25 17 0.0544505

26 17 0.0543431

27 17 0.0540211

28 17 0.053486

29 17 0.0527398

30 17 0.0517855

31 17 0.0506268

32 17 0.0492683

33 17 0.0477153

34 17 0.0459741

35 17 0.0440514

36 17 0.0419548

37 17 0.0396927

38 17 0.0372739

39 17 0.0347081

40 17 0.0320052

41 17 0.029176

42 17 0.0262317

43 17 0.0231839

44 17 0.0200446

45 17 0.0168261

46 17 0.0135413

47 17 0.010203

48 17 0.00682446

49 17 0.00341898

50 17 0

0 18 0

1 18 0.00353025

2 18 0.00704657

3 18 0.0105351

4 18 0.013982

5 18 0.0173738

6 18 0.0206969

7 18 0.0239384

8 18 0.0270855

9 18 0.0301256

10 18 0.0330468

11 18 0.0358377

12 18 0.0384871

13 18 0.0409846

14 18 0.0433203

15 18 0.0454851

16 18 0.0474704

17 18 0.0492683

18 18 0.0508718

19 18 0.0522745

20 18 0.0534709

21 18 0.0544563

22 18 0.0552268

23 18 0.0557793

24 18 0.0561117

25 18 0.0562227

26 18 0.0561117

27 18 0.0557793

28 18 0.0552268

29 18 0.0544563

30 18 0.0534709

31 18 0.0522745

32 18 0.0508718

33 18 0.0492683

34 18 0.0474704

35 18 0.0454851

36 18 0.0433203

37 18 0.0409846

38 18 0.0384871

39 18 0.0358377

40 18 0.0330468

41 18 0.0301256

42 18 0.0270855

43 18 0.0239384

44 18 0.0206969

45 18 0.0173738

46 18 0.013982

47 18 0.0105351

48 18 0.00704657

49 18 0.00353025

50 18 0

0 19 0

1 19 0.00362759

2 19 0.00724087

3 19 0.0108256

4 19 0.0143675

5 19 0.0178528

6 19 0.0212676

7 19 0.0245985

8 19 0.0278323

9 19 0.0309563

10 19 0.0339581

11 19 0.0368258

12 19 0.0395483

13 19 0.0421146

14 19 0.0445148

15 19 0.0467393

16 19 0.0487793

17 19 0.0506268

18 19 0.0522745

19 19 0.0537159

20 19 0.0549453

21 19 0.0559579

22 19 0.0567496

23 19 0.0573174

24 19 0.0576589

25 19 0.0577729

26 19 0.0576589

27 19 0.0573174

28 19 0.0567496

29 19 0.0559579

30 19 0.0549453

31 19 0.0537159

32 19 0.0522745

33 19 0.0506268

34 19 0.0487793

35 19 0.0467393

36 19 0.0445148

37 19 0.0421146

38 19 0.0395483

39 19 0.0368258

40 19 0.0339581

41 19 0.0309563

42 19 0.0278323

43 19 0.0245985

44 19 0.0212676

45 19 0.0178528

46 19 0.0143675

47 19 0.0108256

48 19 0.00724087

49 19 0.00362759

50 19 0

0 20 0

1 20 0.00371062

2 20 0.00740659

3 20 0.0110733

4 20 0.0146964

5 20 0.0182614

6 20 0.0217544

7 20 0.0251615

8 20 0.0284693

9 20 0.0316648

10 20 0.0347353

11 20 0.0376687

12 20 0.0404534

13 20 0.0430785

14 20 0.0455336

15 20 0.047809

16 20 0.0498957

17 20 0.0517855

18 20 0.0534709

19 20 0.0549453

20 20 0.0562029

21 20 0.0572386

22 20 0.0580484

23 20 0.0586292

24 20 0.0589786

25 20 0.0590952

26 20 0.0589786

27 20 0.0586292

28 20 0.0580484

29 20 0.0572386

30 20 0.0562029

31 20 0.0549453

32 20 0.0534709

33 20 0.0517855

34 20 0.0498957

35 20 0.047809

36 20 0.0455336

37 20 0.0430785

38 20 0.0404534

39 20 0.0376687

40 20 0.0347353

41 20 0.0316648

42 20 0.0284693

43 20 0.0251615

44 20 0.0217544

45 20 0.0182614

46 20 0.0146964

47 20 0.0110733

48 20 0.00740659

49 20 0.00371062

50 20 0

0 21 0

1 21 0.003779

2 21 0.00754308

3 21 0.0112774

4 21 0.0149672

5 21 0.0185979

6 21 0.0221553

7 21 0.0256252

8 21 0.028994

9 21 0.0322483

10 21 0.0353754

11 21 0.0383629

12 21 0.0411989

13 21 0.0438724

14 21 0.0463727

15 21 0.0486901

16 21 0.0508152

17 21 0.0527398

18 21 0.0544563

19 21 0.0559579

20 21 0.0572386

21 21 0.0582934

22 21 0.0591182

23 21 0.0597097

24 21 0.0600655

25 21 0.0601842

26 21 0.0600655

27 21 0.0597097

28 21 0.0591182

29 21 0.0582934

30 21 0.0572386

31 21 0.0559579

32 21 0.0544563

33 21 0.0527398

34 21 0.0508152

35 21 0.0486901

36 21 0.0463727

37 21 0.0438724

38 21 0.0411989

39 21 0.0383629

40 21 0.0353754

41 21 0.0322483

42 21 0.028994

43 21 0.0256252

44 21 0.0221553

45 21 0.0185979

46 21 0.0149672

47 21 0.0112774

48 21 0.00754308

49 21 0.003779

50 21 0

0 22 0

1 22 0.00383247

2 22 0.00764981

3 22 0.011437

4 22 0.015179

5 22 0.0188611

6 22 0.0224688

7 22 0.0259878

8 22 0.0294042

9 22 0.0327046

10 22 0.0358759

11 22 0.0389056

12 22 0.0417818

13 22 0.0444931

14 22 0.0470289

15 22 0.049379

16 22 0.0515342

17 22 0.053486

18 22 0.0552268

19 22 0.0567496

20 22 0.0580484

21 22 0.0591182

22 22 0.0599546

23 22 0.0605545

24 22 0.0609153

25 22 0.0610357

26 22 0.0609153

27 22 0.0605545

28 22 0.0599546

29 22 0.0591182

30 22 0.0580484

31 22 0.0567496

32 22 0.0552268

33 22 0.053486

34 22 0.0515342

35 22 0.049379

36 22 0.0470289

37 22 0.0444931

38 22 0.0417818

39 22 0.0389056

40 22 0.0358759

41 22 0.0327046

42 22 0.0294042

43 22 0.0259878

44 22 0.0224688

45 22 0.0188611

46 22 0.015179

47 22 0.011437

48 22 0.00764981

49 22 0.00383247

50 22 0

0 23 0

1 23 0.00387081

2 23 0.00772634

3 23 0.0115514

4 23 0.0153308

5 23 0.0190498

6 23 0.0226935

7 23 0.0262478

8 23 0.0296984

9 23 0.0330318

10 23 0.0362348

11 23 0.0392949

12 23 0.0421999

13 23 0.0449383

14 23 0.0474994

15 23 0.049873

16 23 0.0520498

17 23 0.0540211

18 23 0.0557793

19 23 0.0573174

20 23 0.0586292

21 23 0.0597097

22 23 0.0605545

23 23 0.0611603

24 23 0.0615247

25 23 0.0616464

26 23 0.0615247

27 23 0.0611603

28 23 0.0605545

29 23 0.0597097

30 23 0.0586292

31 23 0.0573174

32 23 0.0557793

33 23 0.0540211

34 23 0.0520498

35 23 0.049873

36 23 0.0474994

37 23 0.0449383

38 23 0.0421999

39 23 0.0392949

40 23 0.0362348

41 23 0.0330318

42 23 0.0296984

43 23 0.0262478

44 23 0.0226935

45 23 0.0190498

46 23 0.0153308

47 23 0.0115514

48 23 0.00772634

49 23 0.00387081

50 23 0

0 24 0

1 24 0.00389387

2 24 0.00777238

3 24 0.0116202

4 24 0.0154222

5 24 0.0191633

6 24 0.0228288

7 24 0.0264042

8 24 0.0298753

9 24 0.0332286

10 24 0.0364508

11 24 0.039529

12 24 0.0424513

13 24 0.0452061

14 24 0.0477824

15 24 0.0501702

16 24 0.0523599

17 24 0.0543431

18 24 0.0561117

19 24 0.0576589

20 24 0.0589786

21 24 0.0600655

22 24 0.0609153

23 24 0.0615247

24 24 0.0618914

25 24 0.0620137

26 24 0.0618914

27 24 0.0615247

28 24 0.0609153

29 24 0.0600655

30 24 0.0589786

31 24 0.0576589

32 24 0.0561117

33 24 0.0543431

34 24 0.0523599

35 24 0.0501702

36 24 0.0477824

37 24 0.0452061

38 24 0.0424513

39 24 0.039529

40 24 0.0364508

41 24 0.0332286

42 24 0.0298753

43 24 0.0264042

44 24 0.0228288

45 24 0.0191633

46 24 0.0154222

47 24 0.0116202

48 24 0.00777238

49 24 0.00389387

50 24 0

0 25 0

1 25 0.00390157

2 25 0.00778775

3 25 0.0116432

4 25 0.0154527

5 25 0.0192012

6 25 0.0228739

7 25 0.0264564

8 25 0.0299344

9 25 0.0332943

10 25 0.0365228

11 25 0.0396072

12 25 0.0425353

13 25 0.0452955

14 25 0.0478769

15 25 0.0502694

16 25 0.0524635

17 25 0.0544505

18 25 0.0562227

19 25 0.0577729

20 25 0.0590952

21 25 0.0601842

22 25 0.0610357

23 25 0.0616464

24 25 0.0620137

25 25 0.0621364

26 25 0.0620137

27 25 0.0616464

28 25 0.0610357

29 25 0.0601842

30 25 0.0590952

31 25 0.0577729

32 25 0.0562227

33 25 0.0544505

34 25 0.0524635

35 25 0.0502694

36 25 0.0478769

37 25 0.0452955

38 25 0.0425353

39 25 0.0396072

40 25 0.0365228

41 25 0.0332943

42 25 0.0299344

43 25 0.0264564

44 25 0.0228739

45 25 0.0192012

46 25 0.0154527

47 25 0.0116432

48 25 0.00778775

49 25 0.00390157

50 25 0

0 26 0

1 26 0.00389387

2 26 0.00777238

3 26 0.0116202

4 26 0.0154222

5 26 0.0191633

6 26 0.0228288

7 26 0.0264042

8 26 0.0298753

9 26 0.0332286

10 26 0.0364508

11 26 0.039529

12 26 0.0424513

13 26 0.0452061

14 26 0.0477824

15 26 0.0501702

16 26 0.0523599

17 26 0.0543431

18 26 0.0561117

19 26 0.0576589

20 26 0.0589786

21 26 0.0600655

22 26 0.0609153

23 26 0.0615247

24 26 0.0618914

25 26 0.0620137

26 26 0.0618914

27 26 0.0615247

28 26 0.0609153

29 26 0.0600655

30 26 0.0589786

31 26 0.0576589

32 26 0.0561117

33 26 0.0543431

34 26 0.0523599

35 26 0.0501702

36 26 0.0477824

37 26 0.0452061

38 26 0.0424513

39 26 0.039529

40 26 0.0364508

41 26 0.0332286

42 26 0.0298753

43 26 0.0264042

44 26 0.0228288

45 26 0.0191633

46 26 0.0154222

47 26 0.0116202

48 26 0.00777238

49 26 0.00389387

50 26 0

0 27 0

1 27 0.00387081

2 27 0.00772634

3 27 0.0115514

4 27 0.0153308

5 27 0.0190498

6 27 0.0226935

7 27 0.0262478

8 27 0.0296984

9 27 0.0330318

10 27 0.0362348

11 27 0.0392949

12 27 0.0421999

13 27 0.0449383

14 27 0.0474994

15 27 0.049873

16 27 0.0520498

17 27 0.0540211

18 27 0.0557793

19 27 0.0573174

20 27 0.0586292

21 27 0.0597097

22 27 0.0605545

23 27 0.0611603

24 27 0.0615247

25 27 0.0616464

26 27 0.0615247

27 27 0.0611603

28 27 0.0605545

29 27 0.0597097

30 27 0.0586292

31 27 0.0573174

32 27 0.0557793

33 27 0.0540211

34 27 0.0520498

35 27 0.049873

36 27 0.0474994

37 27 0.0449383

38 27 0.0421999

39 27 0.0392949

40 27 0.0362348

41 27 0.0330318

42 27 0.0296984

43 27 0.0262478

44 27 0.0226935

45 27 0.0190498

46 27 0.0153308

47 27 0.0115514

48 27 0.00772634

49 27 0.00387081

50 27 0

0 28 0

1 28 0.00383247

2 28 0.00764981

3 28 0.011437

4 28 0.015179

5 28 0.0188611

6 28 0.0224688

7 28 0.0259878

8 28 0.0294042

9 28 0.0327046

10 28 0.0358759

11 28 0.0389056

12 28 0.0417818

13 28 0.0444931

14 28 0.0470289

15 28 0.049379

16 28 0.0515342

17 28 0.053486

18 28 0.0552268

19 28 0.0567496

20 28 0.0580484

21 28 0.0591182

22 28 0.0599546

23 28 0.0605545

24 28 0.0609153

25 28 0.0610357

26 28 0.0609153

27 28 0.0605545

28 28 0.0599546

29 28 0.0591182

30 28 0.0580484

31 28 0.0567496

32 28 0.0552268

33 28 0.053486

34 28 0.0515342

35 28 0.049379

36 28 0.0470289

37 28 0.0444931

38 28 0.0417818

39 28 0.0389056

40 28 0.0358759

41 28 0.0327046

42 28 0.0294042

43 28 0.0259878

44 28 0.0224688

45 28 0.0188611

46 28 0.015179

47 28 0.011437

48 28 0.00764981

49 28 0.00383247

50 28 0

0 29 0

1 29 0.003779

2 29 0.00754308

3 29 0.0112774

4 29 0.0149672

5 29 0.0185979

6 29 0.0221553

7 29 0.0256252

8 29 0.028994

9 29 0.0322483

10 29 0.0353754

11 29 0.0383629

12 29 0.0411989

13 29 0.0438724

14 29 0.0463727

15 29 0.0486901

16 29 0.0508152

17 29 0.0527398

18 29 0.0544563

19 29 0.0559579

20 29 0.0572386

21 29 0.0582934

22 29 0.0591182

23 29 0.0597097

24 29 0.0600655

25 29 0.0601842

26 29 0.0600655

27 29 0.0597097

28 29 0.0591182

29 29 0.0582934

30 29 0.0572386

31 29 0.0559579

32 29 0.0544563

33 29 0.0527398

34 29 0.0508152

35 29 0.0486901

36 29 0.0463727

37 29 0.0438724

38 29 0.0411989

39 29 0.0383629

40 29 0.0353754

41 29 0.0322483

42 29 0.028994

43 29 0.0256252

44 29 0.0221553

45 29 0.0185979

46 29 0.0149672

47 29 0.0112774

48 29 0.00754308

49 29 0.003779

50 29 0

0 30 0

1 30 0.00371062

2 30 0.00740659

3 30 0.0110733

4 30 0.0146964

5 30 0.0182614

6 30 0.0217544

7 30 0.0251615

8 30 0.0284693

9 30 0.0316648

10 30 0.0347353

11 30 0.0376687

12 30 0.0404534

13 30 0.0430785

14 30 0.0455336

15 30 0.047809

16 30 0.0498957

17 30 0.0517855

18 30 0.0534709

19 30 0.0549453

20 30 0.0562029

21 30 0.0572386

22 30 0.0580484

23 30 0.0586292

24 30 0.0589786

25 30 0.0590952

26 30 0.0589786

27 30 0.0586292

28 30 0.0580484

29 30 0.0572386

30 30 0.0562029

31 30 0.0549453

32 30 0.0534709

33 30 0.0517855

34 30 0.0498957

35 30 0.047809

36 30 0.0455336

37 30 0.0430785

38 30 0.0404534

39 30 0.0376687

40 30 0.0347353

41 30 0.0316648

42 30 0.0284693

43 30 0.0251615

44 30 0.0217544

45 30 0.0182614

46 30 0.0146964

47 30 0.0110733

48 30 0.00740659

49 30 0.00371062

50 30 0

0 31 0

1 31 0.00362759

2 31 0.00724087

3 31 0.0108256

4 31 0.0143675

5 31 0.0178528

6 31 0.0212676

7 31 0.0245985

8 31 0.0278323

9 31 0.0309563

10 31 0.0339581

11 31 0.0368258

12 31 0.0395483

13 31 0.0421146

14 31 0.0445148

15 31 0.0467393

16 31 0.0487793

17 31 0.0506268

18 31 0.0522745

19 31 0.0537159

20 31 0.0549453

21 31 0.0559579

22 31 0.0567496

23 31 0.0573174

24 31 0.0576589

25 31 0.0577729

26 31 0.0576589

27 31 0.0573174

28 31 0.0567496

29 31 0.0559579

30 31 0.0549453

31 31 0.0537159

32 31 0.0522745

33 31 0.0506268

34 31 0.0487793

35 31 0.0467393

36 31 0.0445148

37 31 0.0421146

38 31 0.0395483

39 31 0.0368258

40 31 0.0339581

41 31 0.0309563

42 31 0.0278323

43 31 0.0245985

44 31 0.0212676

45 31 0.0178528

46 31 0.0143675

47 31 0.0108256

48 31 0.00724087

49 31 0.00362759

50 31 0

0 32 0

1 32 0.00353025

2 32 0.00704657

3 32 0.0105351

4 32 0.013982

5 32 0.0173738

6 32 0.0206969

7 32 0.0239384

8 32 0.0270855

9 32 0.0301256

10 32 0.0330468

11 32 0.0358377

12 32 0.0384871

13 32 0.0409846

14 32 0.0433203

15 32 0.0454851

16 32 0.0474704

17 32 0.0492683

18 32 0.0508718

19 32 0.0522745

20 32 0.0534709

21 32 0.0544563

22 32 0.0552268

23 32 0.0557793

24 32 0.0561117

25 32 0.0562227

26 32 0.0561117

27 32 0.0557793

28 32 0.0552268

29 32 0.0544563

30 32 0.0534709

31 32 0.0522745

32 32 0.0508718

33 32 0.0492683

34 32 0.0474704

35 32 0.0454851

36 32 0.0433203

37 32 0.0409846

38 32 0.0384871

39 32 0.0358377

40 32 0.0330468

41 32 0.0301256

42 32 0.0270855

43 32 0.0239384

44 32 0.0206969

45 32 0.0173738

46 32 0.013982

47 32 0.0105351

48 32 0.00704657

49 32 0.00353025

50 32 0

0 33 0

1 33 0.00341898

2 33 0.00682446

3 33 0.010203

4 33 0.0135413

5 33 0.0168261

6 33 0.0200446

7 33 0.0231839

8 33 0.0262317

9 33 0.029176

10 33 0.0320052

11 33 0.0347081

12 33 0.0372739

13 33 0.0396927

14 33 0.0419548

15 33 0.0440514

16 33 0.0459741

17 33 0.0477153

18 33 0.0492683

19 33 0.0506268

20 33 0.0517855

21 33 0.0527398

22 33 0.053486

23 33 0.0540211

24 33 0.0543431

25 33 0.0544505

26 33 0.0543431

27 33 0.0540211

28 33 0.053486

29 33 0.0527398

30 33 0.0517855

31 33 0.0506268

32 33 0.0492683

33 33 0.0477153

34 33 0.0459741

35 33 0.0440514

36 33 0.0419548

37 33 0.0396927

38 33 0.0372739

39 33 0.0347081

40 33 0.0320052

41 33 0.029176

42 33 0.0262317

43 33 0.0231839

44 33 0.0200446

45 33 0.0168261

46 33 0.0135413

47 33 0.010203

48 33 0.00682446

49 33 0.00341898

50 33 0

0 34 0

1 34 0.00329421

2 34 0.00657541

3 34 0.00983067

4 34 0.0130471

5 34 0.0162121

6 34 0.0193131

7 34 0.0223379

8 34 0.0252745

9 34 0.0281113

10 34 0.0308372

11 34 0.0334415

12 34 0.0359137

13 34 0.0382442

14 34 0.0404238

15 34 0.0424438

16 34 0.0442964

17 34 0.0459741

18 34 0.0474704

19 34 0.0487793

20 34 0.0498957

21 34 0.0508152

22 34 0.0515342

23 34 0.0520498

24 34 0.0523599

25 34 0.0524635

26 34 0.0523599

27 34 0.0520498

28 34 0.0515342

29 34 0.0508152

30 34 0.0498957

31 34 0.0487793

32 34 0.0474704

33 34 0.0459741

34 34 0.0442964

35 34 0.0424438

36 34 0.0404238

37 34 0.0382442

38 34 0.0359137

39 34 0.0334415

40 34 0.0308372

41 34 0.0281113

42 34 0.0252745

43 34 0.0223379

44 34 0.0193131

45 34 0.0162121

46 34 0.0130471

47 34 0.00983067

48 34 0.00657541

49 34 0.00329421

50 34 0

0 35 0

1 35 0.00315644

2 35 0.00630042

3 35 0.00941954

4 35 0.0125015

5 35 0.0155341

6 35 0.0185054

7 35 0.0214037

8 35 0.0242175

9 35 0.0269357

10 35 0.0295476

11 35 0.0320429

12 35 0.0344117

13 35 0.0366448

14 35 0.0387332

15 35 0.0406688

16 35 0.0424438

17 35 0.0440514

18 35 0.0454851

19 35 0.0467393

20 35 0.047809

21 35 0.0486901

22 35 0.049379

23 35 0.049873

24 35 0.0501702

25 35 0.0502694

26 35 0.0501702

27 35 0.049873

28 35 0.049379

29 35 0.0486901

30 35 0.047809

31 35 0.0467393

32 35 0.0454851

33 35 0.0440514

34 35 0.0424438

35 35 0.0406688

36 35 0.0387332

37 35 0.0366448

38 35 0.0344117

39 35 0.0320429

40 35 0.0295476

41 35 0.0269357

42 35 0.0242175

43 35 0.0214037

44 35 0.0185054

45 35 0.0155341

46 35 0.0125015

47 35 0.00941954

48 35 0.00630042

49 35 0.00315644

50 35 0

0 36 0

1 36 0.00300621

2 36 0.00600056

3 36 0.00897123

4 36 0.0119065

5 36 0.0147948

6 36 0.0176247

7 36 0.020385

8 36 0.0230649

9 36 0.0256537

10 36 0.0281413

11 36 0.0305179

12 36 0.032774

13 36 0.0349007

14 36 0.0368898

15 36 0.0387332

16 36 0.0404238

17 36 0.0419548

18 36 0.0433203

19 36 0.0445148

20 36 0.0455336

21 36 0.0463727

22 36 0.0470289

23 36 0.0474994

24 36 0.0477824

25 36 0.0478769

26 36 0.0477824

27 36 0.0474994

28 36 0.0470289

29 36 0.0463727

30 36 0.0455336

31 36 0.0445148

32 36 0.0433203

33 36 0.0419548

34 36 0.0404238

35 36 0.0387332

36 36 0.0368898

37 36 0.0349007

38 36 0.032774

39 36 0.0305179

40 36 0.0281413

41 36 0.0256537

42 36 0.0230649

43 36 0.020385

44 36 0.0176247

45 36 0.0147948

46 36 0.0119065

47 36 0.00897123

48 36 0.00600056

49 36 0.00300621

50 36 0

0 37 0

1 37 0.00284412

2 37 0.00567703

3 37 0.00848752

4 37 0.0112645

5 37 0.0139971

6 37 0.0166744

7 37 0.0192859

8 37 0.0218213

9 37 0.0242705

10 37 0.026624

11 37 0.0288724

12 37 0.0310069

13 37 0.033019

14 37 0.0349007

15 37 0.0366448

16 37 0.0382442

17 37 0.0396927

18 37 0.0409846

19 37 0.0421146

20 37 0.0430785

21 37 0.0438724

22 37 0.0444931

23 37 0.0449383

24 37 0.0452061

25 37 0.0452955

26 37 0.0452061

27 37 0.0449383

28 37 0.0444931

29 37 0.0438724

30 37 0.0430785

31 37 0.0421146

32 37 0.0409846

33 37 0.0396927

34 37 0.0382442

35 37 0.0366448

36 37 0.0349007

37 37 0.033019

38 37 0.0310069

39 37 0.0288724

40 37 0.026624

41 37 0.0242705

42 37 0.0218213

43 37 0.0192859

44 37 0.0166744

45 37 0.0139971

46 37 0.0112645

47 37 0.00848752

48 37 0.00567703

49 37 0.00284412

50 37 0

0 38 0

1 38 0.00267081

2 38 0.00533108

3 38 0.00797031

4 38 0.0105781

5 38 0.0131441

6 38 0.0156583

7 38 0.0181106

8 38 0.0204915

9 38 0.0227915

10 38 0.0250016

11 38 0.027113

12 38 0.0291174

13 38 0.0310069

14 38 0.032774

15 38 0.0344117

16 38 0.0359137

17 38 0.0372739

18 38 0.0384871

19 38 0.0395483

20 38 0.0404534

21 38 0.0411989

22 38 0.0417818

23 38 0.0421999

24 38 0.0424513

25 38 0.0425353

26 38 0.0424513

27 38 0.0421999

28 38 0.0417818

29 38 0.0411989

30 38 0.0404534

31 38 0.0395483

32 38 0.0384871

33 38 0.0372739

34 38 0.0359137

35 38 0.0344117

36 38 0.032774

37 38 0.0310069

38 38 0.0291174

39 38 0.027113

40 38 0.0250016

41 38 0.0227915

42 38 0.0204915

43 38 0.0181106

44 38 0.0156583

45 38 0.0131441

46 38 0.0105781

47 38 0.00797031

48 38 0.00533108

49 38 0.00267081

50 38 0

0 39 0

1 39 0.00248696

2 39 0.0049641

3 39 0.00742165

4 39 0.00984991

5 39 0.0122393

6 39 0.0145804

7 39 0.0168639

8 39 0.0190809

9 39 0.0212226

10 39 0.0232805

11 39 0.0252466

12 39 0.027113

13 39 0.0288724

14 39 0.0305179

15 39 0.0320429

16 39 0.0334415

17 39 0.0347081

18 39 0.0358377

19 39 0.0368258

20 39 0.0376687

21 39 0.0383629

22 39 0.0389056

23 39 0.0392949

24 39 0.039529

25 39 0.0396072

26 39 0.039529

27 39 0.0392949

28 39 0.0389056

29 39 0.0383629

30 39 0.0376687

31 39 0.0368258

32 39 0.0358377

33 39 0.0347081

34 39 0.0334415

35 39 0.0320429

36 39 0.0305179

37 39 0.0288724

38 39 0.027113

39 39 0.0252466

40 39 0.0232805

41 39 0.0212226

42 39 0.0190809

43 39 0.0168639

44 39 0.0145804

45 39 0.0122393

46 39 0.00984991

47 39 0.00742165

48 39 0.0049641

49 39 0.00248696

50 39 0

0 40 0

1 40 0.00229329

2 40 0.00457752

3 40 0.0068437

4 40 0.00908286

5 40 0.0112862

6 40 0.013445

7 40 0.0155507

8 40 0.017595

9 40 0.0195699

10 40 0.0214676

11 40 0.0232805

12 40 0.0250016

13 40 0.026624

14 40 0.0281413

15 40 0.0295476

16 40 0.0308372

17 40 0.0320052

18 40 0.0330468

19 40 0.0339581

20 40 0.0347353

21 40 0.0353754

22 40 0.0358759

23 40 0.0362348

24 40 0.0364508

25 40 0.0365228

26 40 0.0364508

27 40 0.0362348

28 40 0.0358759

29 40 0.0353754

30 40 0.0347353

31 40 0.0339581

32 40 0.0330468

33 40 0.0320052

34 40 0.0308372

35 40 0.0295476

36 40 0.0281413

37 40 0.026624

38 40 0.0250016

39 40 0.0232805

40 40 0.0214676

41 40 0.0195699

42 40 0.017595

43 40 0.0155507

44 40 0.013445

45 40 0.0112862

46 40 0.00908286

47 40 0.0068437

48 40 0.00457752

49 40 0.00229329

50 40 0

0 41 0

1 41 0.00209057

2 41 0.00417289

3 41 0.00623873

4 41 0.00827996

5 41 0.0102885

6 41 0.0122565

7 41 0.014176

8 41 0.0160397

9 41 0.01784

10 41 0.0195699

11 41 0.0212226

12 41 0.0227915

13 41 0.0242705

14 41 0.0256537

15 41 0.0269357

16 41 0.0281113

17 41 0.029176

18 41 0.0301256

19 41 0.0309563

20 41 0.0316648

21 41 0.0322483

22 41 0.0327046

23 41 0.0330318

24 41 0.0332286

25 41 0.0332943

26 41 0.0332286

27 41 0.0330318

28 41 0.0327046

29 41 0.0322483

30 41 0.0316648

31 41 0.0309563

32 41 0.0301256

33 41 0.029176

34 41 0.0281113

35 41 0.0269357

36 41 0.0256537

37 41 0.0242705

38 41 0.0227915

39 41 0.0212226

40 41 0.0195699

41 41 0.01784

42 41 0.0160397

43 41 0.014176

44 41 0.0122565

45 41 0.0102885

46 41 0.00827996

47 41 0.00623873

48 41 0.00417289

49 41 0.00209057

50 41 0

0 42 0

1 42 0.0018796

2 42 0.00375178

3 42 0.00560915

4 42 0.00744439

5 42 0.00925024

6 42 0.0110196

7 42 0.0127455

8 42 0.014421

9 42 0.0160397

10 42 0.017595

11 42 0.0190809

12 42 0.0204915

13 42 0.0218213

14 42 0.0230649

15 42 0.0242175

16 42 0.0252745

17 42 0.0262317

18 42 0.0270855

19 42 0.0278323

20 42 0.0284693

21 42 0.028994

22 42 0.0294042

23 42 0.0296984

24 42 0.0298753

25 42 0.0299344

26 42 0.0298753

27 42 0.0296984

28 42 0.0294042

29 42 0.028994

30 42 0.0284693

31 42 0.0278323

32 42 0.0270855

33 42 0.0262317

34 42 0.0252745

35 42 0.0242175

36 42 0.0230649

37 42 0.0218213

38 42 0.0204915

39 42 0.0190809

40 42 0.017595

41 42 0.0160397

42 42 0.014421

43 42 0.0127455

44 42 0.0110196

45 42 0.00925024

46 42 0.00744439

47 42 0.00560915

48 42 0.00375178

49 42 0.0018796

50 42 0

0 43 0

1 43 0.00166121

2 43 0.00331586

3 43 0.00495743

4 43 0.00657943

5 43 0.00817547

6 43 0.00973924

7 43 0.0112646

8 43 0.0127455

9 43 0.014176

10 43 0.0155507

11 43 0.0168639

12 43 0.0181106

13 43 0.0192859

14 43 0.020385

15 43 0.0214037

16 43 0.0223379

17 43 0.0231839

18 43 0.0239384

19 43 0.0245985

20 43 0.0251615

21 43 0.0256252

22 43 0.0259878

23 43 0.0262478

24 43 0.0264042

25 43 0.0264564

26 43 0.0264042

27 43 0.0262478

28 43 0.0259878

29 43 0.0256252

30 43 0.0251615

31 43 0.0245985

32 43 0.0239384

33 43 0.0231839

34 43 0.0223379

35 43 0.0214037

36 43 0.020385

37 43 0.0192859

38 43 0.0181106

39 43 0.0168639

40 43 0.0155507

41 43 0.014176

42 43 0.0127455

43 43 0.0112646

44 43 0.00973924

45 43 0.00817547

46 43 0.00657943

47 43 0.00495743

48 43 0.00331586

49 43 0.00166121

50 43 0

0 44 0

1 44 0.00143627

2 44 0.00286686

3 44 0.00428614

4 44 0.00568851

5 44 0.00706843

6 44 0.00842045

7 44 0.00973924

8 44 0.0110196

9 44 0.0122565

10 44 0.013445

11 44 0.0145804

12 44 0.0156583

13 44 0.0166744

14 44 0.0176247

15 44 0.0185054

16 44 0.0193131

17 44 0.0200446

18 44 0.0206969

19 44 0.0212676

20 44 0.0217544

21 44 0.0221553

22 44 0.0224688

23 44 0.0226935

24 44 0.0228288

25 44 0.0228739

26 44 0.0228288

27 44 0.0226935

28 44 0.0224688

29 44 0.0221553

30 44 0.0217544

31 44 0.0212676

32 44 0.0206969

33 44 0.0200446

34 44 0.0193131

35 44 0.0185054

36 44 0.0176247

37 44 0.0166744

38 44 0.0156583

39 44 0.0145804

40 44 0.013445

41 44 0.0122565

42 44 0.0110196

43 44 0.00973924

44 44 0.00842045

45 44 0.00706843

46 44 0.00568851

47 44 0.00428614

48 44 0.00286686

49 44 0.00143627

50 44 0

0 45 0

1 45 0.00120565

2 45 0.00240655

3 45 0.00359794

4 45 0.00477514

5 45 0.00593349

6 45 0.00706843

7 45 0.00817547

8 45 0.00925024

9 45 0.0102885

10 45 0.0112862

11 45 0.0122393

12 45 0.0131441

13 45 0.0139971

14 45 0.0147948

15 45 0.0155341

16 45 0.0162121

17 45 0.0168261

18 45 0.0173738

19 45 0.0178528

20 45 0.0182614

21 45 0.0185979

22 45 0.0188611

23 45 0.0190498

24 45 0.0191633

25 45 0.0192012

26 45 0.0191633

27 45 0.0190498

28 45 0.0188611

29 45 0.0185979

30 45 0.0182614

31 45 0.0178528

32 45 0.0173738

33 45 0.0168261

34 45 0.0162121

35 45 0.0155341

36 45 0.0147948

37 45 0.0139971

38 45 0.0131441

39 45 0.0122393

40 45 0.0112862

41 45 0.0102885

42 45 0.00925024

43 45 0.00817547

44 45 0.00706843

45 45 0.00593349

46 45 0.00477514

47 45 0.00359794

48 45 0.00240655

49 45 0.00120565

50 45 0

0 46 0

1 46 0.000970282

2 46 0.00193673

3 46 0.00289554

4 46 0.00384293

5 46 0.00477514

6 46 0.00568851

7 46 0.00657943

8 46 0.00744439

9 46 0.00827996

10 46 0.00908286

11 46 0.00984991

12 46 0.0105781

13 46 0.0112645

14 46 0.0119065

15 46 0.0125015

16 46 0.0130471

17 46 0.0135413

18 46 0.013982

19 46 0.0143675

20 46 0.0146964

21 46 0.0149672

22 46 0.015179

23 46 0.0153308

24 46 0.0154222

25 46 0.0154527

26 46 0.0154222

27 46 0.0153308

28 46 0.015179

29 46 0.0149672

30 46 0.0146964

31 46 0.0143675

32 46 0.013982

33 46 0.0135413

34 46 0.0130471

35 46 0.0125015

36 46 0.0119065

37 46 0.0112645

38 46 0.0105781

39 46 0.00984991

40 46 0.00908286

41 46 0.00827996

42 46 0.00744439

43 46 0.00657943

44 46 0.00568851

45 46 0.00477514

46 46 0.00384293

47 46 0.00289554

48 46 0.00193673

49 46 0.000970282

50 46 0

0 47 0

1 47 0.000731082

2 47 0.00145928

3 47 0.00218172

4 47 0.00289554

5 47 0.00359794

6 47 0.00428614

7 47 0.00495743

8 47 0.00560915

9 47 0.00623873

10 47 0.0068437

11 47 0.00742165

12 47 0.00797031

13 47 0.00848752

14 47 0.00897123

15 47 0.00941954

16 47 0.00983067

17 47 0.010203

18 47 0.0105351

19 47 0.0108256

20 47 0.0110733

21 47 0.0112774

22 47 0.011437

23 47 0.0115514

24 47 0.0116202

25 47 0.0116432

26 47 0.0116202

27 47 0.0115514

28 47 0.011437

29 47 0.0112774

30 47 0.0110733

31 47 0.0108256

32 47 0.0105351

33 47 0.010203

34 47 0.00983067

35 47 0.00941954

36 47 0.00897123

37 47 0.00848752

38 47 0.00797031

39 47 0.00742165

40 47 0.0068437

41 47 0.00623873

42 47 0.00560915

43 47 0.00495743

44 47 0.00428614

45 47 0.00359794

46 47 0.00289554

47 47 0.00218172

48 47 0.00145928

49 47 0.000731082

50 47 0

0 48 0

1 48 0.000488997

2 48 0.000976064

3 48 0.00145928

4 48 0.00193673

5 48 0.00240655

6 48 0.00286686

7 48 0.00331586

8 48 0.00375178

9 48 0.00417289

10 48 0.00457752

11 48 0.0049641

12 48 0.00533108

13 48 0.00567703

14 48 0.00600056

15 48 0.00630042

16 48 0.00657541

17 48 0.00682446

18 48 0.00704657

19 48 0.00724087

20 48 0.00740659

21 48 0.00754308

22 48 0.00764981

23 48 0.00772634

24 48 0.00777238

25 48 0.00778775

26 48 0.00777238

27 48 0.00772634

28 48 0.00764981

29 48 0.00754308

30 48 0.00740659

31 48 0.00724087

32 48 0.00704657

33 48 0.00682446

34 48 0.00657541

