0 1 0

1 1 0.00120667

2 1 0.00240858

3 1 0.00360098

4 1 0.00477918

5 1 0.00593851

6 1 0.0070744

7 1 0.00818237

8 1 0.00925806

9 1 0.0102972

10 1 0.0112957

11 1 0.0122496

12 1 0.0131552

13 1 0.0140089

14 1 0.0148073

15 1 0.0155472

16 1 0.0162258

17 1 0.0168403

18 1 0.0173884

19 1 0.0178679

20 1 0.0182768

21 1 0.0186137

22 1 0.018877

23 1 0.0190659

24 1 0.0191795

25 1 0.0192174

26 1 0.0191795

27 1 0.0190659

28 1 0.018877

29 1 0.0186137

30 1 0.0182768

31 1 0.0178679

32 1 0.0173884

33 1 0.0168403

34 1 0.0162258

35 1 0.0155472

36 1 0.0148073

37 1 0.0140089

38 1 0.0131552

39 1 0.0122496

40 1 0.0112957

41 1 0.0102972

42 1 0.00925806

43 1 0.00818237

44 1 0.0070744

45 1 0.00593851

46 1 0.00477918

47 1 0.00360098

48 1 0.00240858

49 1 0.00120667

50 1 0

0 2 0

1 2 0.00240858

2 2 0.00480765

3 2 0.00718776

4 2 0.00953949

5 2 0.0118536

6 2 0.0141209

7 2 0.0163325

8 2 0.0184796

9 2 0.0205538

10 2 0.0225468

11 2 0.0244509

12 2 0.0262585

13 2 0.0279625

14 2 0.0295561

15 2 0.0310331

16 2 0.0323876

17 2 0.0336142

18 2 0.0347082

19 2 0.0356653

20 2 0.0364816

21 2 0.0371539

22 2 0.0376795

23 2 0.0380565

24 2 0.0382833

25 2 0.038359

26 2 0.0382833

27 2 0.0380565

28 2 0.0376795

29 2 0.0371539

30 2 0.0364816

31 2 0.0356653

32 2 0.0347082

33 2 0.0336142

34 2 0.0323876

35 2 0.0310331

36 2 0.0295561

37 2 0.0279625

38 2 0.0262585

39 2 0.0244509

40 2 0.0225468

41 2 0.0205538

42 2 0.0184796

43 2 0.0163325

44 2 0.0141209

45 2 0.0118536

46 2 0.00953949

47 2 0.00718776

48 2 0.00480765

49 2 0.00240858

50 2 0

0 3 0

1 3 0.00360098

2 3 0.00718776

3 3 0.0107462

4 3 0.0142622

5 3 0.0177219

6 3 0.0211116

7 3 0.0244181

8 3 0.0276282

9 3 0.0307292

10 3 0.033709

11 3 0.0365557

12 3 0.0392582

13 3 0.0418057

14 3 0.0441883

15 3 0.0463964

16 3 0.0484215

17 3 0.0502554

18 3 0.0518911

19 3 0.0533219

20 3 0.0545423

21 3 0.0555474

22 3 0.0563333

23 3 0.0568969

24 3 0.057236

25 3 0.0573492

26 3 0.057236

27 3 0.0568969

28 3 0.0563333

29 3 0.0555474

30 3 0.0545423

31 3 0.0533219

32 3 0.0518911

33 3 0.0502554

34 3 0.0484215

35 3 0.0463964

36 3 0.0441883

37 3 0.0418057

38 3 0.0392582

39 3 0.0365557

40 3 0.033709

41 3 0.0307292

42 3 0.0276282

43 3 0.0244181

44 3 0.0211116

45 3 0.0177219

46 3 0.0142622

47 3 0.0107462

48 3 0.00718776

49 3 0.00360098

50 3 0

0 4 0

1 4 0.00477918

2 4 0.00953949

3 4 0.0142622

4 4 0.0189285

5 4 0.0235202

6 4 0.0280191

7 4 0.0324073

8 4 0.0366677

9 4 0.0407834

10 4 0.0447381

11 4 0.0485163

12 4 0.0521029

13 4 0.055484

14 4 0.0586461

15 4 0.0615767

16 4 0.0642643

17 4 0.0666983

18 4 0.0688691

19 4 0.0707681

20 4 0.0723878

21 4 0.0737218

22 4 0.0747648

23 4 0.0755128

24 4 0.0759628

25 4 0.076113

26 4 0.0759628

27 4 0.0755128

28 4 0.0747648

29 4 0.0737218

30 4 0.0723878

31 4 0.0707681

32 4 0.0688691

33 4 0.0666983

34 4 0.0642643

35 4 0.0615767

36 4 0.0586461

37 4 0.055484

38 4 0.0521029

39 4 0.0485163

40 4 0.0447381

41 4 0.0407834

42 4 0.0366677

43 4 0.0324073

44 4 0.0280191

45 4 0.0235202

46 4 0.0189285

47 4 0.0142622

48 4 0.00953949

49 4 0.00477918

50 4 0

0 5 0

1 5 0.00593851

2 5 0.0118536

3 5 0.0177219

4 5 0.0235202

5 5 0.0292257

6 5 0.0348159

7 5 0.0402687

8 5 0.0455626

9 5 0.0506766

10 5 0.0555907

11 5 0.0602853

12 5 0.0647421

13 5 0.0689433

14 5 0.0728724

15 5 0.076514

16 5 0.0798536

17 5 0.082878

18 5 0.0855754

19 5 0.087935

20 5 0.0899476

21 5 0.0916052

22 5 0.0929013

23 5 0.0938307

24 5 0.0943898

25 5 0.0945765

26 5 0.0943898

27 5 0.0938307

28 5 0.0929013

29 5 0.0916052

30 5 0.0899476

31 5 0.087935

32 5 0.0855754

33 5 0.082878

34 5 0.0798536

35 5 0.076514

36 5 0.0728724

37 5 0.0689433

38 5 0.0647421

39 5 0.0602853

40 5 0.0555907

41 5 0.0506766

42 5 0.0455626

43 5 0.0402687

44 5 0.0348159

45 5 0.0292257

46 5 0.0235202

47 5 0.0177219

48 5 0.0118536

49 5 0.00593851

50 5 0

0 6 0

1 6 0.0070744

2 6 0.0141209

3 6 0.0211116

4 6 0.0280191

5 6 0.0348159

6 6 0.0414754

7 6 0.0479711

8 6 0.0542776

9 6 0.0603698

10 6 0.0662238

11 6 0.0718165

12 6 0.0771257

13 6 0.0821305

14 6 0.0868112

15 6 0.0911493

16 6 0.0951276

17 6 0.0987306

18 6 0.101944

19 6 0.104755

20 6 0.107152

21 6 0.109127

22 6 0.110671

23 6 0.111778

24 6 0.112444

25 6 0.112667

26 6 0.112444

27 6 0.111778

28 6 0.110671

29 6 0.109127

30 6 0.107152

31 6 0.104755

32 6 0.101944

33 6 0.0987306

34 6 0.0951276

35 6 0.0911493

36 6 0.0868112

37 6 0.0821305

38 6 0.0771257

39 6 0.0718165

40 6 0.0662238

41 6 0.0603698

42 6 0.0542776

43 6 0.0479711

44 6 0.0414754

45 6 0.0348159

46 6 0.0280191

47 6 0.0211116

48 6 0.0141209

49 6 0.0070744

50 6 0

0 7 0

1 7 0.00818237

2 7 0.0163325

3 7 0.0244181

4 7 0.0324073

5 7 0.0402687

6 7 0.0479711

7 7 0.0554843

8 7 0.0627784

9 7 0.0698248

10 7 0.0765956

11 7 0.0830642

12 7 0.0892049

13 7 0.0949936

14 7 0.100407

15 7 0.105425

16 7 0.110026

17 7 0.114194

18 7 0.11791

19 7 0.121161

20 7 0.123934

21 7 0.126218

22 7 0.128004

23 7 0.129285

24 7 0.130055

25 7 0.130312

26 7 0.130055

27 7 0.129285

28 7 0.128004

29 7 0.126218

30 7 0.123934

31 7 0.121161

32 7 0.11791

33 7 0.114194

34 7 0.110026

35 7 0.105425

36 7 0.100407

37 7 0.0949936

38 7 0.0892049

39 7 0.0830642

40 7 0.0765956

41 7 0.0698248

42 7 0.0627784

43 7 0.0554843

44 7 0.0479711

45 7 0.0402687

46 7 0.0324073

47 7 0.0244181

48 7 0.0163325

49 7 0.00818237

50 7 0

0 8 0

1 8 0.00925806

2 8 0.0184796

3 8 0.0276282

4 8 0.0366677

5 8 0.0455626

6 8 0.0542776

7 8 0.0627784

8 8 0.0710315

9 8 0.0790042

10 8 0.0866651

11 8 0.0939841

12 8 0.100932

13 8 0.107482

14 8 0.113607

15 8 0.119284

16 8 0.124491

17 8 0.129206

18 8 0.133411

19 8 0.13709

20 8 0.140227

21 8 0.142811

22 8 0.144832

23 8 0.146281

24 8 0.147153

25 8 0.147444

26 8 0.147153

27 8 0.146281

28 8 0.144832

29 8 0.142811

30 8 0.140227

31 8 0.13709

32 8 0.133411

33 8 0.129206

34 8 0.124491

35 8 0.119284

36 8 0.113607

37 8 0.107482

38 8 0.100932

39 8 0.0939841

40 8 0.0866651

41 8 0.0790042

42 8 0.0710315

43 8 0.0627784

44 8 0.0542776

45 8 0.0455626

46 8 0.0366677

47 8 0.0276282

48 8 0.0184796

49 8 0.00925806

50 8 0

0 9 0

1 9 0.0102972

2 9 0.0205538

3 9 0.0307292

4 9 0.0407834

5 9 0.0506766

6 9 0.0603698

7 9 0.0698248

8 9 0.0790042

9 9 0.0878718

10 9 0.0963926

11 9 0.104533

12 9 0.112261

13 9 0.119546

14 9 0.126359

15 9 0.132673

16 9 0.138464

17 9 0.143708

18 9 0.148385

19 9 0.152477

20 9 0.155967

21 9 0.158841

22 9 0.161088

23 9 0.1627

24 9 0.163669

25 9 0.163993

26 9 0.163669

27 9 0.1627

28 9 0.161088

29 9 0.158841

30 9 0.155967

31 9 0.152477

32 9 0.148385

33 9 0.143708

34 9 0.138464

35 9 0.132673

36 9 0.126359

37 9 0.119546

38 9 0.112261

39 9 0.104533

40 9 0.0963926

41 9 0.0878718

42 9 0.0790042

43 9 0.0698248

44 9 0.0603698

45 9 0.0506766

46 9 0.0407834

47 9 0.0307292

48 9 0.0205538

49 9 0.0102972

50 9 0

0 10 0

1 10 0.0112957

2 10 0.0225468

3 10 0.033709

4 10 0.0447381

5 10 0.0555907

6 10 0.0662238

7 10 0.0765956

8 10 0.0866651

9 10 0.0963926

10 10 0.10574

11 10 0.114669

12 10 0.123147

13 10 0.131138

14 10 0.138612

15 10 0.145538

16 10 0.15189

17 10 0.157643

18 10 0.162774

19 10 0.167262

20 10 0.17109

21 10 0.174243

22 10 0.176709

23 10 0.178477

24 10 0.17954

25 10 0.179895

26 10 0.17954

27 10 0.178477

28 10 0.176709

29 10 0.174243

30 10 0.17109

31 10 0.167262

32 10 0.162774

33 10 0.157643

34 10 0.15189

35 10 0.145538

36 10 0.138612

37 10 0.131138

38 10 0.123147

39 10 0.114669

40 10 0.10574

41 10 0.0963926

42 10 0.0866651

43 10 0.0765956

44 10 0.0662238

45 10 0.0555907

46 10 0.0447381

47 10 0.033709

48 10 0.0225468

49 10 0.0112957

50 10 0

0 11 0

1 11 0.0122496

2 11 0.0244509

3 11 0.0365557

4 11 0.0485163

5 11 0.0602853

6 11 0.0718165

7 11 0.0830642

8 11 0.0939841

9 11 0.104533

10 11 0.114669

11 11 0.124353

12 11 0.133546

13 11 0.142213

14 11 0.150317

15 11 0.157829

16 11 0.164718

17 11 0.170956

18 11 0.17652

19 11 0.181388

20 11 0.185539

21 11 0.188958

22 11 0.191632

23 11 0.193549

24 11 0.194702

25 11 0.195087

26 11 0.194702

27 11 0.193549

28 11 0.191632

29 11 0.188958

30 11 0.185539

31 11 0.181388

32 11 0.17652

33 11 0.170956

34 11 0.164718

35 11 0.157829

36 11 0.150317

37 11 0.142213

38 11 0.133546

39 11 0.124353

40 11 0.114669

41 11 0.104533

42 11 0.0939841

43 11 0.0830642

44 11 0.0718165

45 11 0.0602853

46 11 0.0485163

47 11 0.0365557

48 11 0.0244509

49 11 0.0122496

50 11 0

0 12 0

1 12 0.0131552

2 12 0.0262585

3 12 0.0392582

4 12 0.0521029

5 12 0.0647421

6 12 0.0771257

7 12 0.0892049

8 12 0.100932

9 12 0.112261

10 12 0.123147

11 12 0.133546

12 12 0.143419

13 12 0.152726

14 12 0.16143

15 12 0.169497

16 12 0.176895

17 12 0.183595

18 12 0.18957

19 12 0.194797

20 12 0.199256

21 12 0.202928

22 12 0.205799

23 12 0.207858

24 12 0.209096

25 12 0.20951

26 12 0.209096

27 12 0.207858

28 12 0.205799

29 12 0.202928

30 12 0.199256

31 12 0.194797

32 12 0.18957

33 12 0.183595

34 12 0.176895

35 12 0.169497

36 12 0.16143

37 12 0.152726

38 12 0.143419

39 12 0.133546

40 12 0.123147

41 12 0.112261

42 12 0.100932

43 12 0.0892049

44 12 0.0771257

45 12 0.0647421

46 12 0.0521029

47 12 0.0392582

48 12 0.0262585

49 12 0.0131552

50 12 0

0 13 0

1 13 0.0140089

2 13 0.0279625

3 13 0.0418057

4 13 0.055484

5 13 0.0689433

6 13 0.0821305

7 13 0.0949936

8 13 0.107482

9 13 0.119546

10 13 0.131138

11 13 0.142213

12 13 0.152726

13 13 0.162637

14 13 0.171905

15 13 0.180496

16 13 0.188374

17 13 0.195509

18 13 0.201872

19 13 0.207438

20 13 0.212186

21 13 0.216096

22 13 0.219153

23 13 0.221346

24 13 0.222665

25 13 0.223105

26 13 0.222665

27 13 0.221346

28 13 0.219153

29 13 0.216096

30 13 0.212186

31 13 0.207438

32 13 0.201872

33 13 0.195509

34 13 0.188374

35 13 0.180496

36 13 0.171905

37 13 0.162637

38 13 0.152726

39 13 0.142213

40 13 0.131138

41 13 0.119546

42 13 0.107482

43 13 0.0949936

44 13 0.0821305

45 13 0.0689433

46 13 0.055484

47 13 0.0418057

48 13 0.0279625

49 13 0.0140089

50 13 0

0 14 0

1 14 0.0148073

2 14 0.0295561

3 14 0.0441883

4 14 0.0586461

5 14 0.0728724

6 14 0.0868112

7 14 0.100407

8 14 0.113607

9 14 0.126359

10 14 0.138612

11 14 0.150317

12 14 0.16143

13 14 0.171905

14 14 0.181703

15 14 0.190782

16 14 0.19911

17 14 0.206651

18 14 0.213376

19 14 0.21926

20 14 0.224278

21 14 0.228411

22 14 0.231643

23 14 0.233961

24 14 0.235355

25 14 0.23582

26 14 0.235355

27 14 0.233961

28 14 0.231643

29 14 0.228411

30 14 0.224278

31 14 0.21926

32 14 0.213376

33 14 0.206651

34 14 0.19911

35 14 0.190782

36 14 0.181703

37 14 0.171905

38 14 0.16143

39 14 0.150317

40 14 0.138612

41 14 0.126359

42 14 0.113607

43 14 0.100407

44 14 0.0868112

45 14 0.0728724

46 14 0.0586461

47 14 0.0441883

48 14 0.0295561

49 14 0.0148073

50 14 0

0 15 0

1 15 0.0155472

2 15 0.0310331

3 15 0.0463964

4 15 0.0615767

5 15 0.076514

6 15 0.0911493

7 15 0.105425

8 15 0.119284

9 15 0.132673

10 15 0.145538

11 15 0.157829

12 15 0.169497

13 15 0.180496

14 15 0.190782

15 15 0.200316

16 15 0.209059

17 15 0.216977

18 15 0.224039

19 15 0.230217

20 15 0.235486

21 15 0.239825

22 15 0.243219

23 15 0.245652

24 15 0.247116

25 15 0.247604

26 15 0.247116

27 15 0.245652

28 15 0.243219

29 15 0.239825

30 15 0.235486

31 15 0.230217

32 15 0.224039

33 15 0.216977

34 15 0.209059

35 15 0.200316

36 15 0.190782

37 15 0.180496

38 15 0.169497

39 15 0.157829

40 15 0.145538

41 15 0.132673

42 15 0.119284

43 15 0.105425

44 15 0.0911493

45 15 0.076514

46 15 0.0615767

47 15 0.0463964

48 15 0.0310331

49 15 0.0155472

50 15 0

0 16 0

1 16 0.0162258

2 16 0.0323876

3 16 0.0484215

4 16 0.0642643

5 16 0.0798536

6 16 0.0951276

7 16 0.110026

8 16 0.124491

9 16 0.138464

10 16 0.15189

11 16 0.164718

12 16 0.176895

13 16 0.188374

14 16 0.19911

15 16 0.209059

16 16 0.218184

17 16 0.226448

18 16 0.233818

19 16 0.240265

20 16 0.245764

21 16 0.250293

22 16 0.253834

23 16 0.256374

24 16 0.257902

25 16 0.258412

26 16 0.257902

27 16 0.256374

28 16 0.253834

29 16 0.250293

30 16 0.245764

31 16 0.240265

32 16 0.233818

33 16 0.226448

34 16 0.218184

35 16 0.209059

36 16 0.19911

37 16 0.188374

38 16 0.176895

39 16 0.164718

40 16 0.15189

41 16 0.138464

42 16 0.124491

43 16 0.110026

44 16 0.0951276

45 16 0.0798536

46 16 0.0642643

47 16 0.0484215

48 16 0.0323876

49 16 0.0162258

50 16 0

0 17 0

1 17 0.0168403

2 17 0.0336142

3 17 0.0502554

4 17 0.0666983

5 17 0.082878

6 17 0.0987306

7 17 0.114194

8 17 0.129206

9 17 0.143708

10 17 0.157643

11 17 0.170956

12 17 0.183595

13 17 0.195509

14 17 0.206651

15 17 0.216977

16 17 0.226448

17 17 0.235024

18 17 0.242674

19 17 0.249365

20 17 0.255072

21 17 0.259773

22 17 0.263448

23 17 0.266084

24 17 0.26767

25 17 0.268199

26 17 0.26767

27 17 0.266084

28 17 0.263448

29 17 0.259773

30 17 0.255072

31 17 0.249365

32 17 0.242674

33 17 0.235024

34 17 0.226448

35 17 0.216977

36 17 0.206651

37 17 0.195509

38 17 0.183595

39 17 0.170956

40 17 0.157643

41 17 0.143708

42 17 0.129206

43 17 0.114194

44 17 0.0987306

45 17 0.082878

46 17 0.0666983

47 17 0.0502554

48 17 0.0336142

49 17 0.0168403

50 17 0

0 18 0

1 18 0.0173884

2 18 0.0347082

3 18 0.0518911

4 18 0.0688691

5 18 0.0855754

6 18 0.101944

7 18 0.11791

8 18 0.133411

9 18 0.148385

10 18 0.162774

11 18 0.17652

12 18 0.18957

13 18 0.201872

14 18 0.213376

15 18 0.224039

16 18 0.233818

17 18 0.242674

18 18 0.250572

19 18 0.257481

20 18 0.263374

21 18 0.268227

22 18 0.272023

23 18 0.274744

24 18 0.276381

25 18 0.276928

26 18 0.276381

27 18 0.274744

28 18 0.272023

29 18 0.268227

30 18 0.263374

31 18 0.257481

32 18 0.250572

33 18 0.242674

34 18 0.233818

35 18 0.224039

36 18 0.213376

37 18 0.201872

38 18 0.18957

39 18 0.17652

40 18 0.162774

41 18 0.148385

42 18 0.133411

43 18 0.11791

44 18 0.101944

45 18 0.0855754

46 18 0.0688691

47 18 0.0518911

48 18 0.0347082

49 18 0.0173884

50 18 0

0 19 0

1 19 0.0178679

2 19 0.0356653

3 19 0.0533219

4 19 0.0707681

5 19 0.087935

6 19 0.104755

7 19 0.121161

8 19 0.13709

9 19 0.152477

10 19 0.167262

11 19 0.181388

12 19 0.194797

13 19 0.207438

14 19 0.21926

15 19 0.230217

16 19 0.240265

17 19 0.249365

18 19 0.257481

19 19 0.264581

20 19 0.270636

21 19 0.275623

22 19 0.279523

23 19 0.28232

24 19 0.284002

25 19 0.284564

26 19 0.284002

27 19 0.28232

28 19 0.279523

29 19 0.275623

30 19 0.270636

31 19 0.264581

32 19 0.257481

33 19 0.249365

34 19 0.240265

35 19 0.230217

36 19 0.21926

37 19 0.207438

38 19 0.194797

39 19 0.181388

40 19 0.167262

41 19 0.152477

42 19 0.13709

43 19 0.121161

44 19 0.104755

45 19 0.087935

46 19 0.0707681

47 19 0.0533219

48 19 0.0356653

49 19 0.0178679

50 19 0

0 20 0

1 20 0.0182768

2 20 0.0364816

3 20 0.0545423

4 20 0.0723878

5 20 0.0899476

6 20 0.107152

7 20 0.123934

8 20 0.140227

9 20 0.155967

10 20 0.17109

11 20 0.185539

12 20 0.199256

13 20 0.212186

14 20 0.224278

15 20 0.235486

16 20 0.245764

17 20 0.255072

18 20 0.263374

19 20 0.270636

20 20 0.27683

21 20 0.281932

22 20 0.285921

23 20 0.288781

24 20 0.290502

25 20 0.291076

26 20 0.290502

27 20 0.288781

28 20 0.285921

29 20 0.281932

30 20 0.27683

31 20 0.270636

32 20 0.263374

33 20 0.255072

34 20 0.245764

35 20 0.235486

36 20 0.224278

37 20 0.212186

38 20 0.199256

39 20 0.185539

40 20 0.17109

41 20 0.155967

42 20 0.140227

43 20 0.123934

44 20 0.107152

45 20 0.0899476

46 20 0.0723878

47 20 0.0545423

48 20 0.0364816

49 20 0.0182768

50 20 0

0 21 0

1 21 0.0186137

2 21 0.0371539

3 21 0.0555474

4 21 0.0737218

5 21 0.0916052

6 21 0.109127

7 21 0.126218

8 21 0.142811

9 21 0.158841

10 21 0.174243

11 21 0.188958

12 21 0.202928

13 21 0.216096

14 21 0.228411

15 21 0.239825

16 21 0.250293

17 21 0.259773

18 21 0.268227

19 21 0.275623

20 21 0.281932

21 21 0.287127

22 21 0.29119

23 21 0.294103

24 21 0.295856

25 21 0.296441

26 21 0.295856

27 21 0.294103

28 21 0.29119

29 21 0.287127

30 21 0.281932

31 21 0.275623

32 21 0.268227

33 21 0.259773

34 21 0.250293

35 21 0.239825

36 21 0.228411

37 21 0.216096

38 21 0.202928

39 21 0.188958

40 21 0.174243

41 21 0.158841

42 21 0.142811

43 21 0.126218

44 21 0.109127

45 21 0.0916052

46 21 0.0737218

47 21 0.0555474

48 21 0.0371539

49 21 0.0186137

50 21 0

0 22 0

1 22 0.018877

2 22 0.0376795

3 22 0.0563333

4 22 0.0747648

5 22 0.0929013

6 22 0.110671

7 22 0.128004

8 22 0.144832

9 22 0.161088

10 22 0.176709

11 22 0.191632

12 22 0.205799

13 22 0.219153

14 22 0.231643

15 22 0.243219

16 22 0.253834

17 22 0.263448

18 22 0.272023

19 22 0.279523

20 22 0.285921

21 22 0.29119

22 22 0.29531

23 22 0.298264

24 22 0.300042

25 22 0.300635

26 22 0.300042

27 22 0.298264

28 22 0.29531

29 22 0.29119

30 22 0.285921

31 22 0.279523

32 22 0.272023

33 22 0.263448

34 22 0.253834

35 22 0.243219

36 22 0.231643

37 22 0.219153

38 22 0.205799

39 22 0.191632

40 22 0.176709

41 22 0.161088

42 22 0.144832

43 22 0.128004

44 22 0.110671

45 22 0.0929013

46 22 0.0747648

47 22 0.0563333

48 22 0.0376795

49 22 0.018877

50 22 0

0 23 0

1 23 0.0190659

2 23 0.0380565

3 23 0.0568969

4 23 0.0755128

5 23 0.0938307

6 23 0.111778

7 23 0.129285

8 23 0.146281

9 23 0.1627

10 23 0.178477

11 23 0.193549

12 23 0.207858

13 23 0.221346

14 23 0.233961

15 23 0.245652

16 23 0.256374

17 23 0.266084

18 23 0.274744

19 23 0.28232

20 23 0.288781

21 23 0.294103

22 23 0.298264

23 23 0.301248

24 23 0.303043

25 23 0.303643

26 23 0.303043

27 23 0.301248

28 23 0.298264

29 23 0.294103

30 23 0.288781

31 23 0.28232

32 23 0.274744

33 23 0.266084

34 23 0.256374

35 23 0.245652

36 23 0.233961

37 23 0.221346

38 23 0.207858

39 23 0.193549

40 23 0.178477

41 23 0.1627

42 23 0.146281

43 23 0.129285

44 23 0.111778

45 23 0.0938307

46 23 0.0755128

47 23 0.0568969

48 23 0.0380565

49 23 0.0190659

50 23 0

0 24 0

1 24 0.0191795

2 24 0.0382833

3 24 0.057236

4 24 0.0759628

5 24 0.0943898

6 24 0.112444

7 24 0.130055

8 24 0.147153

9 24 0.163669

10 24 0.17954

11 24 0.194702

12 24 0.209096

13 24 0.222665

14 24 0.235355

15 24 0.247116

16 24 0.257902

17 24 0.26767

18 24 0.276381

19 24 0.284002

20 24 0.290502

21 24 0.295856

22 24 0.300042

23 24 0.303043

24 24 0.304849

25 24 0.305452

26 24 0.304849

27 24 0.303043

28 24 0.300042

29 24 0.295856

30 24 0.290502

31 24 0.284002

32 24 0.276381

33 24 0.26767

34 24 0.257902

35 24 0.247116

36 24 0.235355

37 24 0.222665

38 24 0.209096

39 24 0.194702

40 24 0.17954

41 24 0.163669

42 24 0.147153

43 24 0.130055

44 24 0.112444

45 24 0.0943898

46 24 0.0759628

47 24 0.057236

48 24 0.0382833

49 24 0.0191795

50 24 0

0 25 0

1 25 0.0192174

2 25 0.038359

3 25 0.0573492

4 25 0.076113

5 25 0.0945765

6 25 0.112667

7 25 0.130312

8 25 0.147444

9 25 0.163993

10 25 0.179895

11 25 0.195087

12 25 0.20951

13 25 0.223105

14 25 0.23582

15 25 0.247604

16 25 0.258412

17 25 0.268199

18 25 0.276928

19 25 0.284564

20 25 0.291076

21 25 0.296441

22 25 0.300635

23 25 0.303643

24 25 0.305452

25 25 0.306056

26 25 0.305452

27 25 0.303643

28 25 0.300635

29 25 0.296441

30 25 0.291076

31 25 0.284564

32 25 0.276928

33 25 0.268199

34 25 0.258412

35 25 0.247604

36 25 0.23582

37 25 0.223105

38 25 0.20951

39 25 0.195087

40 25 0.179895

41 25 0.163993

42 25 0.147444

43 25 0.130312

44 25 0.112667

45 25 0.0945765

46 25 0.076113

47 25 0.0573492

48 25 0.038359

49 25 0.0192174

50 25 0

0 26 0

1 26 0.0191795

2 26 0.0382833

3 26 0.057236

4 26 0.0759628

5 26 0.0943898

6 26 0.112444

7 26 0.130055

8 26 0.147153

9 26 0.163669

10 26 0.17954

11 26 0.194702

12 26 0.209096

13 26 0.222665

14 26 0.235355

15 26 0.247116

16 26 0.257902

17 26 0.26767

18 26 0.276381

19 26 0.284002

20 26 0.290502

21 26 0.295856

22 26 0.300042

23 26 0.303043

24 26 0.304849

25 26 0.305452

26 26 0.304849

27 26 0.303043

28 26 0.300042

29 26 0.295856

30 26 0.290502

31 26 0.284002

32 26 0.276381

33 26 0.26767

34 26 0.257902

35 26 0.247116

36 26 0.235355

37 26 0.222665

38 26 0.209096

39 26 0.194702

40 26 0.17954

41 26 0.163669

42 26 0.147153

43 26 0.130055

44 26 0.112444

45 26 0.0943898

46 26 0.0759628

47 26 0.057236

48 26 0.0382833

49 26 0.0191795

50 26 0

0 27 0

1 27 0.0190659

2 27 0.0380565

3 27 0.0568969

4 27 0.0755128

5 27 0.0938307

6 27 0.111778

7 27 0.129285

8 27 0.146281

9 27 0.1627

10 27 0.178477

11 27 0.193549

12 27 0.207858

13 27 0.221346

14 27 0.233961

15 27 0.245652

16 27 0.256374

17 27 0.266084

18 27 0.274744

19 27 0.28232

20 27 0.288781

21 27 0.294103

22 27 0.298264

23 27 0.301248

24 27 0.303043

25 27 0.303643

26 27 0.303043

27 27 0.301248

28 27 0.298264

29 27 0.294103

30 27 0.288781

31 27 0.28232

32 27 0.274744

33 27 0.266084

34 27 0.256374

35 27 0.245652

36 27 0.233961

37 27 0.221346

38 27 0.207858

39 27 0.193549

40 27 0.178477

41 27 0.1627

42 27 0.146281

43 27 0.129285

44 27 0.111778

45 27 0.0938307

46 27 0.0755128

47 27 0.0568969

48 27 0.0380565

49 27 0.0190659

50 27 0

0 28 0

1 28 0.018877

2 28 0.0376795

3 28 0.0563333

4 28 0.0747648

5 28 0.0929013

6 28 0.110671

7 28 0.128004

8 28 0.144832

9 28 0.161088

10 28 0.176709

11 28 0.191632

12 28 0.205799

13 28 0.219153

14 28 0.231643

15 28 0.243219

16 28 0.253834

17 28 0.263448

18 28 0.272023

19 28 0.279523

20 28 0.285921

21 28 0.29119

22 28 0.29531

23 28 0.298264

24 28 0.300042

25 28 0.300635

26 28 0.300042

27 28 0.298264

28 28 0.29531

29 28 0.29119

30 28 0.285921

31 28 0.279523

32 28 0.272023

33 28 0.263448

34 28 0.253834

35 28 0.243219

36 28 0.231643

37 28 0.219153

38 28 0.205799

39 28 0.191632

40 28 0.176709

41 28 0.161088

42 28 0.144832

43 28 0.128004

44 28 0.110671

45 28 0.0929013

46 28 0.0747648

47 28 0.0563333

48 28 0.0376795

49 28 0.018877

50 28 0

0 29 0

1 29 0.0186137

2 29 0.0371539

3 29 0.0555474

4 29 0.0737218

5 29 0.0916052

6 29 0.109127

7 29 0.126218

8 29 0.142811

9 29 0.158841

10 29 0.174243

11 29 0.188958

12 29 0.202928

13 29 0.216096

14 29 0.228411

15 29 0.239825

16 29 0.250293

17 29 0.259773

18 29 0.268227

19 29 0.275623

20 29 0.281932

21 29 0.287127

22 29 0.29119

23 29 0.294103

24 29 0.295856

25 29 0.296441

26 29 0.295856

27 29 0.294103

28 29 0.29119

29 29 0.287127

30 29 0.281932

31 29 0.275623

32 29 0.268227

33 29 0.259773

34 29 0.250293

35 29 0.239825

36 29 0.228411

37 29 0.216096

38 29 0.202928

39 29 0.188958

40 29 0.174243

41 29 0.158841

42 29 0.142811

43 29 0.126218

44 29 0.109127

45 29 0.0916052

46 29 0.0737218

47 29 0.0555474

48 29 0.0371539

49 29 0.0186137

50 29 0

0 30 0

1 30 0.0182768

2 30 0.0364816

3 30 0.0545423

4 30 0.0723878

5 30 0.0899476

6 30 0.107152

7 30 0.123934

8 30 0.140227

9 30 0.155967

10 30 0.17109

11 30 0.185539

12 30 0.199256

13 30 0.212186

14 30 0.224278

15 30 0.235486

16 30 0.245764

17 30 0.255072

18 30 0.263374

19 30 0.270636

20 30 0.27683

21 30 0.281932

22 30 0.285921

23 30 0.288781

24 30 0.290502

25 30 0.291076

26 30 0.290502

27 30 0.288781

28 30 0.285921

29 30 0.281932

30 30 0.27683

31 30 0.270636

32 30 0.263374

33 30 0.255072

34 30 0.245764

35 30 0.235486

36 30 0.224278

37 30 0.212186

38 30 0.199256

39 30 0.185539

40 30 0.17109

41 30 0.155967

42 30 0.140227

43 30 0.123934

44 30 0.107152

45 30 0.0899476

46 30 0.0723878

47 30 0.0545423

48 30 0.0364816

49 30 0.0182768

50 30 0

0 31 0

1 31 0.0178679

2 31 0.0356653

3 31 0.0533219

4 31 0.0707681

5 31 0.087935

6 31 0.104755

7 31 0.121161

8 31 0.13709

9 31 0.152477

10 31 0.167262

11 31 0.181388

12 31 0.194797

13 31 0.207438

14 31 0.21926

15 31 0.230217

16 31 0.240265

17 31 0.249365

18 31 0.257481

19 31 0.264581

20 31 0.270636

21 31 0.275623

22 31 0.279523

23 31 0.28232

24 31 0.284002

25 31 0.284564

26 31 0.284002

27 31 0.28232

28 31 0.279523

29 31 0.275623

30 31 0.270636

31 31 0.264581

32 31 0.257481

33 31 0.249365

34 31 0.240265

35 31 0.230217

36 31 0.21926

37 31 0.207438

38 31 0.194797

39 31 0.181388

40 31 0.167262

41 31 0.152477

42 31 0.13709

43 31 0.121161

44 31 0.104755

45 31 0.087935

46 31 0.0707681

47 31 0.0533219

48 31 0.0356653

49 31 0.0178679

50 31 0

0 32 0

1 32 0.0173884

2 32 0.0347082

3 32 0.0518911

4 32 0.0688691

5 32 0.0855754

6 32 0.101944

7 32 0.11791

8 32 0.133411

9 32 0.148385

10 32 0.162774

11 32 0.17652

12 32 0.18957

13 32 0.201872

14 32 0.213376

15 32 0.224039

16 32 0.233818

17 32 0.242674

18 32 0.250572

19 32 0.257481

20 32 0.263374

21 32 0.268227

22 32 0.272023

23 32 0.274744

24 32 0.276381

25 32 0.276928

26 32 0.276381

27 32 0.274744

28 32 0.272023

29 32 0.268227

30 32 0.263374

31 32 0.257481

32 32 0.250572

33 32 0.242674

34 32 0.233818

35 32 0.224039

36 32 0.213376

37 32 0.201872

38 32 0.18957

39 32 0.17652

40 32 0.162774

41 32 0.148385

42 32 0.133411

43 32 0.11791

44 32 0.101944

45 32 0.0855754

46 32 0.0688691

47 32 0.0518911

48 32 0.0347082

49 32 0.0173884

50 32 0

0 33 0

1 33 0.0168403

2 33 0.0336142

3 33 0.0502554

4 33 0.0666983

5 33 0.082878

6 33 0.0987306

7 33 0.114194

8 33 0.129206

9 33 0.143708

10 33 0.157643

11 33 0.170956

12 33 0.183595

13 33 0.195509

14 33 0.206651

15 33 0.216977

16 33 0.226448

17 33 0.235024

18 33 0.242674

19 33 0.249365

20 33 0.255072

21 33 0.259773

22 33 0.263448

23 33 0.266084

24 33 0.26767

25 33 0.268199

26 33 0.26767

27 33 0.266084

28 33 0.263448

29 33 0.259773

30 33 0.255072

31 33 0.249365

32 33 0.242674

33 33 0.235024

34 33 0.226448

35 33 0.216977

36 33 0.206651

37 33 0.195509

38 33 0.183595

39 33 0.170956

40 33 0.157643

41 33 0.143708

42 33 0.129206

43 33 0.114194

44 33 0.0987306

45 33 0.082878

46 33 0.0666983

47 33 0.0502554

48 33 0.0336142

49 33 0.0168403

50 33 0

0 34 0

1 34 0.0162258

2 34 0.0323876

3 34 0.0484215

4 34 0.0642643

5 34 0.0798536

6 34 0.0951276

7 34 0.110026

8 34 0.124491

9 34 0.138464

10 34 0.15189

11 34 0.164718

12 34 0.176895

13 34 0.188374

14 34 0.19911

15 34 0.209059

16 34 0.218184

17 34 0.226448

18 34 0.233818

19 34 0.240265

20 34 0.245764

21 34 0.250293

22 34 0.253834

23 34 0.256374

24 34 0.257902

25 34 0.258412

26 34 0.257902

27 34 0.256374

28 34 0.253834

29 34 0.250293

30 34 0.245764

31 34 0.240265

32 34 0.233818

33 34 0.226448

34 34 0.218184

35 34 0.209059

36 34 0.19911

37 34 0.188374

38 34 0.176895

39 34 0.164718

40 34 0.15189

41 34 0.138464

42 34 0.124491

43 34 0.110026

44 34 0.0951276

45 34 0.0798536

46 34 0.0642643

47 34 0.0484215

48 34 0.0323876

49 34 0.0162258

50 34 0

0 35 0

1 35 0.0155472

2 35 0.0310331

3 35 0.0463964

4 35 0.0615767

5 35 0.076514

6 35 0.0911493

7 35 0.105425

8 35 0.119284

9 35 0.132673

10 35 0.145538

11 35 0.157829

12 35 0.169497

13 35 0.180496

14 35 0.190782

15 35 0.200316

16 35 0.209059

17 35 0.216977

18 35 0.224039

19 35 0.230217

20 35 0.235486

21 35 0.239825

22 35 0.243219

23 35 0.245652

24 35 0.247116

25 35 0.247604

26 35 0.247116

27 35 0.245652

28 35 0.243219

29 35 0.239825

30 35 0.235486

31 35 0.230217

32 35 0.224039

33 35 0.216977

34 35 0.209059

35 35 0.200316

36 35 0.190782

37 35 0.180496

38 35 0.169497

39 35 0.157829

40 35 0.145538

41 35 0.132673

42 35 0.119284

43 35 0.105425

44 35 0.0911493

45 35 0.076514

46 35 0.0615767

47 35 0.0463964

48 35 0.0310331

49 35 0.0155472

50 35 0

0 36 0

1 36 0.0148073

2 36 0.0295561

3 36 0.0441883

4 36 0.0586461

5 36 0.0728724

6 36 0.0868112

7 36 0.100407

8 36 0.113607

9 36 0.126359

10 36 0.138612

11 36 0.150317

12 36 0.16143

13 36 0.171905

14 36 0.181703

15 36 0.190782

16 36 0.19911

17 36 0.206651

18 36 0.213376

19 36 0.21926

20 36 0.224278

21 36 0.228411

22 36 0.231643

23 36 0.233961

24 36 0.235355

25 36 0.23582

26 36 0.235355

27 36 0.233961

28 36 0.231643

29 36 0.228411

30 36 0.224278

31 36 0.21926

32 36 0.213376

33 36 0.206651

34 36 0.19911

35 36 0.190782

36 36 0.181703

37 36 0.171905

38 36 0.16143

39 36 0.150317

40 36 0.138612

41 36 0.126359

42 36 0.113607

43 36 0.100407

44 36 0.0868112

45 36 0.0728724

46 36 0.0586461

47 36 0.0441883

48 36 0.0295561

49 36 0.0148073

50 36 0

0 37 0

1 37 0.0140089

2 37 0.0279625

3 37 0.0418057

4 37 0.055484

5 37 0.0689433

6 37 0.0821305

7 37 0.0949936

8 37 0.107482

9 37 0.119546

10 37 0.131138

11 37 0.142213

12 37 0.152726

13 37 0.162637

14 37 0.171905

15 37 0.180496

16 37 0.188374

17 37 0.195509

18 37 0.201872

19 37 0.207438

20 37 0.212186

21 37 0.216096

22 37 0.219153

23 37 0.221346

24 37 0.222665

25 37 0.223105

26 37 0.222665

27 37 0.221346

28 37 0.219153

29 37 0.216096

30 37 0.212186

31 37 0.207438

32 37 0.201872

33 37 0.195509

34 37 0.188374

35 37 0.180496

36 37 0.171905

37 37 0.162637

38 37 0.152726

39 37 0.142213

40 37 0.131138

41 37 0.119546

42 37 0.107482

43 37 0.0949936

44 37 0.0821305

45 37 0.0689433

46 37 0.055484

47 37 0.0418057

48 37 0.0279625

49 37 0.0140089

50 37 0

0 38 0

1 38 0.0131552

2 38 0.0262585

3 38 0.0392582

4 38 0.0521029

5 38 0.0647421

6 38 0.0771257

7 38 0.0892049

8 38 0.100932

9 38 0.112261

10 38 0.123147

11 38 0.133546

12 38 0.143419

13 38 0.152726

14 38 0.16143

15 38 0.169497

16 38 0.176895

17 38 0.183595

18 38 0.18957

19 38 0.194797

20 38 0.199256

21 38 0.202928

22 38 0.205799

23 38 0.207858

24 38 0.209096

25 38 0.20951

26 38 0.209096

27 38 0.207858

28 38 0.205799

29 38 0.202928

30 38 0.199256

31 38 0.194797

32 38 0.18957

33 38 0.183595

34 38 0.176895

35 38 0.169497

36 38 0.16143

37 38 0.152726

38 38 0.143419

39 38 0.133546

40 38 0.123147

41 38 0.112261

42 38 0.100932

43 38 0.0892049

44 38 0.0771257

45 38 0.0647421

46 38 0.0521029

47 38 0.0392582

48 38 0.0262585

49 38 0.0131552

50 38 0

0 39 0

1 39 0.0122496

2 39 0.0244509

3 39 0.0365557

4 39 0.0485163

5 39 0.0602853

6 39 0.0718165

7 39 0.0830642

8 39 0.0939841

9 39 0.104533

10 39 0.114669

11 39 0.124353

12 39 0.133546

13 39 0.142213

14 39 0.150317

15 39 0.157829

16 39 0.164718

17 39 0.170956

18 39 0.17652

19 39 0.181388

20 39 0.185539

21 39 0.188958

22 39 0.191632

23 39 0.193549

24 39 0.194702

25 39 0.195087

26 39 0.194702

27 39 0.193549

28 39 0.191632

29 39 0.188958

30 39 0.185539

31 39 0.181388

32 39 0.17652

33 39 0.170956

34 39 0.164718

35 39 0.157829

36 39 0.150317

37 39 0.142213

38 39 0.133546

39 39 0.124353

40 39 0.114669

41 39 0.104533

42 39 0.0939841

43 39 0.0830642

44 39 0.0718165

45 39 0.0602853

46 39 0.0485163

47 39 0.0365557

48 39 0.0244509

49 39 0.0122496

50 39 0

0 40 0

1 40 0.0112957

2 40 0.0225468

3 40 0.033709

4 40 0.0447381

5 40 0.0555907

6 40 0.0662238

7 40 0.0765956

8 40 0.0866651

9 40 0.0963926

10 40 0.10574

11 40 0.114669

12 40 0.123147

13 40 0.131138

14 40 0.138612

15 40 0.145538

16 40 0.15189

17 40 0.157643

18 40 0.162774

19 40 0.167262

20 40 0.17109

21 40 0.174243

22 40 0.176709

23 40 0.178477

24 40 0.17954

25 40 0.179895

26 40 0.17954

27 40 0.178477

28 40 0.176709

29 40 0.174243

30 40 0.17109

31 40 0.167262

32 40 0.162774

33 40 0.157643

34 40 0.15189

35 40 0.145538

36 40 0.138612

37 40 0.131138

38 40 0.123147

39 40 0.114669

40 40 0.10574

41 40 0.0963926

42 40 0.0866651

43 40 0.0765956

44 40 0.0662238

45 40 0.0555907

46 40 0.0447381

47 40 0.033709

48 40 0.0225468

49 40 0.0112957

50 40 0

0 41 0

1 41 0.0102972

2 41 0.0205538

3 41 0.0307292

4 41 0.0407834

5 41 0.0506766

6 41 0.0603698

7 41 0.0698248

8 41 0.0790042

9 41 0.0878718

10 41 0.0963926

11 41 0.104533

12 41 0.112261

13 41 0.119546

14 41 0.126359

15 41 0.132673

16 41 0.138464

17 41 0.143708

18 41 0.148385

19 41 0.152477

20 41 0.155967

21 41 0.158841

22 41 0.161088

23 41 0.1627

24 41 0.163669

25 41 0.163993

26 41 0.163669

27 41 0.1627

28 41 0.161088

29 41 0.158841

30 41 0.155967

31 41 0.152477

32 41 0.148385

33 41 0.143708

34 41 0.138464

35 41 0.132673

36 41 0.126359

37 41 0.119546

38 41 0.112261

39 41 0.104533

40 41 0.0963926

41 41 0.0878718

42 41 0.0790042

43 41 0.0698248

44 41 0.0603698

45 41 0.0506766

46 41 0.0407834

47 41 0.0307292

48 41 0.0205538

49 41 0.0102972

50 41 0

0 42 0

1 42 0.00925806

2 42 0.0184796

3 42 0.0276282

4 42 0.0366677

5 42 0.0455626

6 42 0.0542776

7 42 0.0627784

8 42 0.0710315

9 42 0.0790042

10 42 0.0866651

11 42 0.0939841

12 42 0.100932

13 42 0.107482

14 42 0.113607

15 42 0.119284

16 42 0.124491

17 42 0.129206

18 42 0.133411

19 42 0.13709

20 42 0.140227

21 42 0.142811

22 42 0.144832

23 42 0.146281

24 42 0.147153

25 42 0.147444

26 42 0.147153

27 42 0.146281

28 42 0.144832

29 42 0.142811

30 42 0.140227

31 42 0.13709

32 42 0.133411

33 42 0.129206

34 42 0.124491

35 42 0.119284

36 42 0.113607

37 42 0.107482

38 42 0.100932

39 42 0.0939841

40 42 0.0866651

41 42 0.0790042

42 42 0.0710315

43 42 0.0627784

44 42 0.0542776

45 42 0.0455626

46 42 0.0366677

47 42 0.0276282

48 42 0.0184796

49 42 0.00925806

50 42 0

0 43 0

1 43 0.00818237

2 43 0.0163325

3 43 0.0244181

4 43 0.0324073

5 43 0.0402687

6 43 0.0479711

7 43 0.0554843

8 43 0.0627784

9 43 0.0698248

10 43 0.0765956

11 43 0.0830642

12 43 0.0892049

13 43 0.0949936

14 43 0.100407

15 43 0.105425

16 43 0.110026

17 43 0.114194

18 43 0.11791

19 43 0.121161

20 43 0.123934

21 43 0.126218

22 43 0.128004

23 43 0.129285

24 43 0.130055

25 43 0.130312

26 43 0.130055

27 43 0.129285

28 43 0.128004

29 43 0.126218

30 43 0.123934

31 43 0.121161

32 43 0.11791

33 43 0.114194

34 43 0.110026

35 43 0.105425

36 43 0.100407

37 43 0.0949936

38 43 0.0892049

39 43 0.0830642

40 43 0.0765956

41 43 0.0698248

42 43 0.0627784

43 43 0.0554843

44 43 0.0479711

45 43 0.0402687

46 43 0.0324073

47 43 0.0244181

48 43 0.0163325

49 43 0.00818237

50 43 0

0 44 0

1 44 0.0070744

2 44 0.0141209

3 44 0.0211116

4 44 0.0280191

5 44 0.0348159

6 44 0.0414754

7 44 0.0479711

8 44 0.0542776

9 44 0.0603698

10 44 0.0662238

11 44 0.0718165

12 44 0.0771257

13 44 0.0821305

14 44 0.0868112

15 44 0.0911493

16 44 0.0951276

17 44 0.0987306

18 44 0.101944

19 44 0.104755

20 44 0.107152

21 44 0.109127

22 44 0.110671

23 44 0.111778

24 44 0.112444

25 44 0.112667

26 44 0.112444

27 44 0.111778

28 44 0.110671

29 44 0.109127

30 44 0.107152

31 44 0.104755

32 44 0.101944

33 44 0.0987306

34 44 0.0951276

35 44 0.0911493

36 44 0.0868112

37 44 0.0821305

38 44 0.0771257

39 44 0.0718165

40 44 0.0662238

41 44 0.0603698

42 44 0.0542776

43 44 0.0479711

44 44 0.0414754

45 44 0.0348159

46 44 0.0280191

47 44 0.0211116

48 44 0.0141209

49 44 0.0070744

50 44 0

0 45 0

1 45 0.00593851

2 45 0.0118536

3 45 0.0177219

4 45 0.0235202

5 45 0.0292257

6 45 0.0348159

7 45 0.0402687

8 45 0.0455626

9 45 0.0506766

10 45 0.0555907

11 45 0.0602853

12 45 0.0647421

13 45 0.0689433

14 45 0.0728724

15 45 0.076514

16 45 0.0798536

17 45 0.082878

18 45 0.0855754

19 45 0.087935

20 45 0.0899476

21 45 0.0916052

22 45 0.0929013

23 45 0.0938307

24 45 0.0943898

25 45 0.0945765

26 45 0.0943898

27 45 0.0938307

28 45 0.0929013

29 45 0.0916052

30 45 0.0899476

31 45 0.087935

32 45 0.0855754

33 45 0.082878

34 45 0.0798536

35 45 0.076514

36 45 0.0728724

37 45 0.0689433

38 45 0.0647421

39 45 0.0602853

40 45 0.0555907

41 45 0.0506766

42 45 0.0455626

43 45 0.0402687

44 45 0.0348159

45 45 0.0292257

46 45 0.0235202

47 45 0.0177219

48 45 0.0118536

49 45 0.00593851

50 45 0

0 46 0

1 46 0.00477918

2 46 0.00953949

3 46 0.0142622

4 46 0.0189285

5 46 0.0235202

6 46 0.0280191

7 46 0.0324073

8 46 0.0366677

9 46 0.0407834

10 46 0.0447381

11 46 0.0485163

12 46 0.0521029

13 46 0.055484

14 46 0.0586461

15 46 0.0615767

16 46 0.0642643

17 46 0.0666983

18 46 0.0688691

19 46 0.0707681

20 46 0.0723878

21 46 0.0737218

22 46 0.0747648

23 46 0.0755128

24 46 0.0759628

25 46 0.076113

26 46 0.0759628

27 46 0.0755128

28 46 0.0747648

29 46 0.0737218

30 46 0.0723878

31 46 0.0707681

32 46 0.0688691

33 46 0.0666983

34 46 0.0642643

35 46 0.0615767

36 46 0.0586461

37 46 0.055484

38 46 0.0521029

39 46 0.0485163

40 46 0.0447381

41 46 0.0407834

42 46 0.0366677

43 46 0.0324073

44 46 0.0280191

45 46 0.0235202

46 46 0.0189285

47 46 0.0142622

48 46 0.00953949

49 46 0.00477918

50 46 0

0 47 0

1 47 0.00360098

2 47 0.00718776

3 47 0.0107462

4 47 0.0142622

5 47 0.0177219

6 47 0.0211116

7 47 0.0244181

8 47 0.0276282

9 47 0.0307292

10 47 0.033709

11 47 0.0365557

12 47 0.0392582

13 47 0.0418057

14 47 0.0441883

15 47 0.0463964

16 47 0.0484215

17 47 0.0502554

18 47 0.0518911

19 47 0.0533219

20 47 0.0545423

21 47 0.0555474

22 47 0.0563333

23 47 0.0568969

24 47 0.057236

25 47 0.0573492

26 47 0.057236

27 47 0.0568969

28 47 0.0563333

29 47 0.0555474

30 47 0.0545423

31 47 0.0533219

32 47 0.0518911

33 47 0.0502554

34 47 0.0484215

35 47 0.0463964

36 47 0.0441883

37 47 0.0418057

38 47 0.0392582

39 47 0.0365557

40 47 0.033709

41 47 0.0307292

42 47 0.0276282

43 47 0.0244181

44 47 0.0211116

45 47 0.0177219

46 47 0.0142622

47 47 0.0107462

48 47 0.00718776

49 47 0.00360098

50 47 0

0 48 0

1 48 0.00240858

2 48 0.00480765

3 48 0.00718776

4 48 0.00953949

5 48 0.0118536

6 48 0.0141209

7 48 0.0163325

8 48 0.0184796

9 48 0.0205538

10 48 0.0225468

11 48 0.0244509

12 48 0.0262585

13 48 0.0279625

14 48 0.0295561

15 48 0.0310331

16 48 0.0323876

17 48 0.0336142

18 48 0.0347082

19 48 0.0356653

20 48 0.0364816

21 48 0.0371539

22 48 0.0376795

23 48 0.0380565

24 48 0.0382833

25 48 0.038359

26 48 0.0382833

27 48 0.0380565

28 48 0.0376795

29 48 0.0371539

30 48 0.0364816

31 48 0.0356653

32 48 0.0347082

33 48 0.0336142

34 48 0.0323876

35 48 0.0310331

36 48 0.0295561

37 48 0.0279625

38 48 0.0262585

39 48 0.0244509

40 48 0.0225468

41 48 0.0205538

42 48 0.0184796

43 48 0.0163325

44 48 0.0141209

45 48 0.0118536

46 48 0.00953949

47 48 0.00718776

48 48 0.00480765

49 48 0.00240858

50 48 0

0 49 0

1 49 0.00120667

2 49 0.00240858

3 49 0.00360098

4 49 0.00477918

5 49 0.00593851

6 49 0.0070744

7 49 0.00818237

8 49 0.00925806

9 49 0.0102972

10 49 0.0112957

11 49 0.0122496

12 49 0.0131552

13 49 0.0140089

14 49 0.0148073

15 49 0.0155472

16 49 0.0162258

17 49 0.0168403

18 49 0.0173884

19 49 0.0178679

20 49 0.0182768

21 49 0.0186137

22 49 0.018877

23 49 0.0190659

24 49 0.0191795

25 49 0.0192174

26 49 0.0191795

27 49 0.0190659

28 49 0.018877

29 49 0.0186137

30 49 0.0182768

31 49 0.0178679

32 49 0.0173884

33 49 0.0168403

34 49 0.0162258

35 49 0.0155472

36 49 0.0148073

37 49 0.0140089

38 49 0.0131552

39 49 0.0122496

40 49 0.0112957

41 49 0.0102972

42 49 0.00925806

43 49 0.00818237

44 49 0.0070744

45 49 0.00593851

46 49 0.00477918

47 49 0.00360098

48 49 0.00240858

49 49 0.00120667

50 49 0

