0 1 0

1 1 0.000446336

2 1 0.00089091

3 1 0.00133197

4 1 0.00176777

5 1 0.00219659

6 1 0.00261675

7 1 0.00302658

8 1 0.00342446

9 1 0.00380883

10 1 0.00417817

11 1 0.00453102

12 1 0.00486599

13 1 0.00518175

14 1 0.00547706

15 1 0.00575076

16 1 0.00600176

17 1 0.00622908

18 1 0.00643181

19 1 0.00660916

20 1 0.00676042

21 1 0.00688501

22 1 0.00698242

23 1 0.00705228

24 1 0.0070943

25 1 0.00710833

26 1 0.0070943

27 1 0.00705228

28 1 0.00698242

29 1 0.00688501

30 1 0.00676042

31 1 0.00660916

32 1 0.00643181

33 1 0.00622908

34 1 0.00600176

35 1 0.00575076

36 1 0.00547706

37 1 0.00518175

38 1 0.00486599

39 1 0.00453102

40 1 0.00417817

41 1 0.00380883

42 1 0.00342446

43 1 0.00302658

44 1 0.00261675

45 1 0.00219659

46 1 0.00176777

47 1 0.00133197

48 1 0.00089091

49 1 0.000446336

50 1 0

0 2 0

1 2 0.00089091

2 2 0.0017783

3 2 0.00265868

4 2 0.00352856

5 2 0.00438452

6 2 0.00522317

7 2 0.00604121

8 2 0.00683541

9 2 0.00760263

10 2 0.00833985

11 2 0.00904416

12 2 0.00971277

13 2 0.010343

14 2 0.0109325

15 2 0.0114788

16 2 0.0119798

17 2 0.0124336

18 2 0.0128382

19 2 0.0131922

20 2 0.0134942

21 2 0.0137428

22 2 0.0139373

23 2 0.0140767

24 2 0.0141606

25 2 0.0141886

26 2 0.0141606

27 2 0.0140767

28 2 0.0139373

29 2 0.0137428

30 2 0.0134942

31 2 0.0131922

32 2 0.0128382

33 2 0.0124336

34 2 0.0119798

35 2 0.0114788

36 2 0.0109325

37 2 0.010343

38 2 0.00971277

39 2 0.00904416

40 2 0.00833985

41 2 0.00760263

42 2 0.00683541

43 2 0.00604121

44 2 0.00522317

45 2 0.00438452

46 2 0.00352856

47 2 0.00265868

48 2 0.0017783

49 2 0.00089091

50 2 0

0 3 0

1 3 0.00133197

2 3 0.00265868

3 3 0.0039749

4 3 0.00527543

5 3 0.00655514

6 3 0.00780898

7 3 0.00903201

8 3 0.0102194

9 3 0.0113664

10 3 0.0124686

11 3 0.0135216

12 3 0.0145212

13 3 0.0154635

14 3 0.0163448

15 3 0.0171616

16 3 0.0179106

17 3 0.018589

18 3 0.019194

19 3 0.0197232

20 3 0.0201746

21 3 0.0205464

22 3 0.0208371

23 3 0.0210456

24 3 0.021171

25 3 0.0212129

26 3 0.021171

27 3 0.0210456

28 3 0.0208371

29 3 0.0205464

30 3 0.0201746

31 3 0.0197232

32 3 0.019194

33 3 0.018589

34 3 0.0179106

35 3 0.0171616

36 3 0.0163448

37 3 0.0154635

38 3 0.0145212

39 3 0.0135216

40 3 0.0124686

41 3 0.0113664

42 3 0.0102194

43 3 0.00903201

44 3 0.00780898

45 3 0.00655514

46 3 0.00527543

47 3 0.0039749

48 3 0.00265868

49 3 0.00133197

50 3 0

0 4 0

1 4 0.00176777

2 4 0.00352856

3 4 0.00527543

4 4 0.00700148

5 4 0.00869989

6 4 0.010364

7 4 0.0119872

8 4 0.013563

9 4 0.0150854

10 4 0.0165482

11 4 0.0179457

12 4 0.0192724

13 4 0.020523

14 4 0.0216926

15 4 0.0227766

16 4 0.0237707

17 4 0.024671

18 4 0.025474

19 4 0.0261764

20 4 0.0267755

21 4 0.027269

22 4 0.0276548

23 4 0.0279314

24 4 0.0280979

25 4 0.0281534

26 4 0.0280979

27 4 0.0279314

28 4 0.0276548

29 4 0.027269

30 4 0.0267755

31 4 0.0261764

32 4 0.025474

33 4 0.024671

34 4 0.0237707

35 4 0.0227766

36 4 0.0216926

37 4 0.020523

38 4 0.0192724

39 4 0.0179457

40 4 0.0165482

41 4 0.0150854

42 4 0.013563

43 4 0.0119872

44 4 0.010364

45 4 0.00869989

46 4 0.00700148

47 4 0.00527543

48 4 0.00352856

49 4 0.00176777

50 4 0

0 5 0

1 5 0.00219659

2 5 0.00438452

3 5 0.00655514

4 5 0.00869989

5 5 0.0108103

6 5 0.0128781

7 5 0.014895

8 5 0.0168531

9 5 0.0187448

10 5 0.0205624

11 5 0.0222989

12 5 0.0239474

13 5 0.0255014

14 5 0.0269548

15 5 0.0283018

16 5 0.029537

17 5 0.0306557

18 5 0.0316535

19 5 0.0325263

20 5 0.0332707

21 5 0.0338838

22 5 0.0343633

23 5 0.034707

24 5 0.0349139

25 5 0.0349829

26 5 0.0349139

27 5 0.034707

28 5 0.0343633

29 5 0.0338838

30 5 0.0332707

31 5 0.0325263

32 5 0.0316535

33 5 0.0306557

34 5 0.029537

35 5 0.0283018

36 5 0.0269548

37 5 0.0255014

38 5 0.0239474

39 5 0.0222989

40 5 0.0205624

41 5 0.0187448

42 5 0.0168531

43 5 0.014895

44 5 0.0128781

45 5 0.0108103

46 5 0.00869989

47 5 0.00655514

48 5 0.00438452

49 5 0.00219659

50 5 0

0 6 0

1 6 0.00261675

2 6 0.00522317

3 6 0.00780898

4 6 0.010364

5 6 0.0128781

6 6 0.0153413

7 6 0.017744

8 6 0.0200767

9 6 0.0223302

10 6 0.0244955

11 6 0.0265642

12 6 0.028528

13 6 0.0303792

14 6 0.0321106

15 6 0.0337152

16 6 0.0351868

17 6 0.0365195

18 6 0.037708

19 6 0.0387478

20 6 0.0396346

21 6 0.040365

22 6 0.0409361

23 6 0.0413457

24 6 0.0415921

25 6 0.0416743

26 6 0.0415921

27 6 0.0413457

28 6 0.0409361

29 6 0.040365

30 6 0.0396346

31 6 0.0387478

32 6 0.037708

33 6 0.0365195

34 6 0.0351868

35 6 0.0337152

36 6 0.0321106

37 6 0.0303792

38 6 0.028528

39 6 0.0265642

40 6 0.0244955

41 6 0.0223302

42 6 0.0200767

43 6 0.017744

44 6 0.0153413

45 6 0.0128781

46 6 0.010364

47 6 0.00780898

48 6 0.00522317

49 6 0.00261675

50 6 0

0 7 0

1 7 0.00302658

2 7 0.00604121

3 7 0.00903201

4 7 0.0119872

5 7 0.014895

6 7 0.017744

7 7 0.0205231

8 7 0.0232211

9 7 0.0258275

10 7 0.028332

11 7 0.0307246

12 7 0.032996

13 7 0.0351372

14 7 0.0371397

15 7 0.0389956

16 7 0.0406976

17 7 0.042239

18 7 0.0436138

19 7 0.0448163

20 7 0.0458421

21 7 0.0466869

22 7 0.0473474

23 7 0.0478211

24 7 0.0481061

25 7 0.0482012

26 7 0.0481061

27 7 0.0478211

28 7 0.0473474

29 7 0.0466869

30 7 0.0458421

31 7 0.0448163

32 7 0.0436138

33 7 0.042239

34 7 0.0406976

35 7 0.0389956

36 7 0.0371397

37 7 0.0351372

38 7 0.032996

39 7 0.0307246

40 7 0.028332

41 7 0.0258275

42 7 0.0232211

43 7 0.0205231

44 7 0.017744

45 7 0.014895

46 7 0.0119872

47 7 0.00903201

48 7 0.00604121

49 7 0.00302658

50 7 0

0 8 0

1 8 0.00342446

2 8 0.00683541

3 8 0.0102194

4 8 0.013563

5 8 0.0168531

6 8 0.0200767

7 8 0.0232211

8 8 0.0262738

9 8 0.0292229

10 8 0.0320566

11 8 0.0347638

12 8 0.0373338

13 8 0.0397564

14 8 0.0420222

15 8 0.0441221

16 8 0.0460479

17 8 0.0477919

18 8 0.0493474

19 8 0.0507081

20 8 0.0518686

21 8 0.0528245

22 8 0.0535719

23 8 0.0541079

24 8 0.0544303

25 8 0.0545379

26 8 0.0544303

27 8 0.0541079

28 8 0.0535719

29 8 0.0528245

30 8 0.0518686

31 8 0.0507081

32 8 0.0493474

33 8 0.0477919

34 8 0.0460479

35 8 0.0441221

36 8 0.0420222

37 8 0.0397564

38 8 0.0373338

39 8 0.0347638

40 8 0.0320566

41 8 0.0292229

42 8 0.0262738

43 8 0.0232211

44 8 0.0200767

45 8 0.0168531

46 8 0.013563

47 8 0.0102194

48 8 0.00683541

49 8 0.00342446

50 8 0

0 9 0

1 9 0.00380883

2 9 0.00760263

3 9 0.0113664

4 9 0.0150854

5 9 0.0187448

6 9 0.0223302

7 9 0.0258275

8 9 0.0292229

9 9 0.0325029

10 9 0.0356547

11 9 0.0386657

12 9 0.0415242

13 9 0.0442188

14 9 0.0467388

15 9 0.0490745

16 9 0.0512164

17 9 0.0531562

18 9 0.0548862

19 9 0.0563996

20 9 0.0576905

21 9 0.0587536

22 9 0.0595849

23 9 0.060181

24 9 0.0605397

25 9 0.0606594

26 9 0.0605397

27 9 0.060181

28 9 0.0595849

29 9 0.0587536

30 9 0.0576905

31 9 0.0563996

32 9 0.0548862

33 9 0.0531562

34 9 0.0512164

35 9 0.0490745

36 9 0.0467388

37 9 0.0442188

38 9 0.0415242

39 9 0.0386657

40 9 0.0356547

41 9 0.0325029

42 9 0.0292229

43 9 0.0258275

44 9 0.0223302

45 9 0.0187448

46 9 0.0150854

47 9 0.0113664

48 9 0.00760263

49 9 0.00380883

50 9 0

0 10 0

1 10 0.00417817

2 10 0.00833985

3 10 0.0124686

4 10 0.0165482

5 10 0.0205624

6 10 0.0244955

7 10 0.028332

8 10 0.0320566

9 10 0.0356547

10 10 0.0391121

11 10 0.0424151

12 10 0.0455507

13 10 0.0485066

14 10 0.051271

15 10 0.0538331

16 10 0.0561828

17 10 0.0583107

18 10 0.0602085

19 10 0.0618686

20 10 0.0632847

21 10 0.0644509

22 10 0.0653628

23 10 0.0660167

24 10 0.0664101

25 10 0.0665414

26 10 0.0664101

27 10 0.0660167

28 10 0.0653628

29 10 0.0644509

30 10 0.0632847

31 10 0.0618686

32 10 0.0602085

33 10 0.0583107

34 10 0.0561828

35 10 0.0538331

36 10 0.051271

37 10 0.0485066

38 10 0.0455507

39 10 0.0424151

40 10 0.0391121

41 10 0.0356547

42 10 0.0320566

43 10 0.028332

44 10 0.0244955

45 10 0.0205624

46 10 0.0165482

47 10 0.0124686

48 10 0.00833985

49 10 0.00417817

50 10 0

0 11 0

1 11 0.00453102

2 11 0.00904416

3 11 0.0135216

4 11 0.0179457

5 11 0.0222989

6 11 0.0265642

7 11 0.0307246

8 11 0.0347638

9 11 0.0386657

10 11 0.0424151

11 11 0.0459971

12 11 0.0493975

13 11 0.052603

14 11 0.0556009

15 11 0.0583794

16 11 0.0609274

17 11 0.0632351

18 11 0.0652931

19 11 0.0670935

20 11 0.0686291

21 11 0.0698938

22 11 0.0708827

23 11 0.0715919

24 11 0.0720185

25 11 0.0721609

26 11 0.0720185

27 11 0.0715919

28 11 0.0708827

29 11 0.0698938

30 11 0.0686291

31 11 0.0670935

32 11 0.0652931

33 11 0.0632351

34 11 0.0609274

35 11 0.0583794

36 11 0.0556009

37 11 0.052603

38 11 0.0493975

39 11 0.0459971

40 11 0.0424151

41 11 0.0386657

42 11 0.0347638

43 11 0.0307246

44 11 0.0265642

45 11 0.0222989

46 11 0.0179457

47 11 0.0135216

48 11 0.00904416

49 11 0.00453102

50 11 0

0 12 0

1 12 0.00486599

2 12 0.00971277

3 12 0.0145212

4 12 0.0192724

5 12 0.0239474

6 12 0.028528

7 12 0.032996

8 12 0.0373338

9 12 0.0415242

10 12 0.0455507

11 12 0.0493975

12 12 0.0530493

13 12 0.0564918

14 12 0.0597113

15 12 0.0626952

16 12 0.0654316

17 12 0.0679099

18 12 0.0701201

19 12 0.0720535

20 12 0.0737026

21 12 0.0750609

22 12 0.0761229

23 12 0.0768845

24 12 0.0773426

25 12 0.0774955

26 12 0.0773426

27 12 0.0768845

28 12 0.0761229

29 12 0.0750609

30 12 0.0737026

31 12 0.0720535

32 12 0.0701201

33 12 0.0679099

34 12 0.0654316

35 12 0.0626952

36 12 0.0597113

37 12 0.0564918

38 12 0.0530493

39 12 0.0493975

40 12 0.0455507

41 12 0.0415242

42 12 0.0373338

43 12 0.032996

44 12 0.028528

45 12 0.0239474

46 12 0.0192724

47 12 0.0145212

48 12 0.00971277

49 12 0.00486599

50 12 0

0 13 0

1 13 0.00518175

2 13 0.010343

3 13 0.0154635

4 13 0.020523

5 13 0.0255014

6 13 0.0303792

7 13 0.0351372

8 13 0.0397564

9 13 0.0442188

10 13 0.0485066

11 13 0.052603

12 13 0.0564918

13 13 0.0601577

14 13 0.0635861

15 13 0.0667636

16 13 0.0696776

17 13 0.0723167

18 13 0.0746703

19 13 0.0767292

20 13 0.0784853

21 13 0.0799317

22 13 0.0810626

23 13 0.0818736

24 13 0.0823615

25 13 0.0825244

26 13 0.0823615

27 13 0.0818736

28 13 0.0810626

29 13 0.0799317

30 13 0.0784853

31 13 0.0767292

32 13 0.0746703

33 13 0.0723167

34 13 0.0696776

35 13 0.0667636

36 13 0.0635861

37 13 0.0601577

38 13 0.0564918

39 13 0.052603

40 13 0.0485066

41 13 0.0442188

42 13 0.0397564

43 13 0.0351372

44 13 0.0303792

45 13 0.0255014

46 13 0.020523

47 13 0.0154635

48 13 0.010343

49 13 0.00518175

50 13 0

0 14 0

1 14 0.00547706

2 14 0.0109325

3 14 0.0163448

4 14 0.0216926

5 14 0.0269548

6 14 0.0321106

7 14 0.0371397

8 14 0.0420222

9 14 0.0467388

10 14 0.051271

11 14 0.0556009

12 14 0.0597113

13 14 0.0635861

14 14 0.06721

15 14 0.0705685

16 14 0.0736486

17 14 0.0764381

18 14 0.0789258

19 14 0.0811021

20 14 0.0829583

21 14 0.0844871

22 14 0.0856825

23 14 0.0865397

24 14 0.0870554

25 14 0.0872275

26 14 0.0870554

27 14 0.0865397

28 14 0.0856825

29 14 0.0844871

30 14 0.0829583

31 14 0.0811021

32 14 0.0789258

33 14 0.0764381

34 14 0.0736486

35 14 0.0705685

36 14 0.06721

37 14 0.0635861

38 14 0.0597113

39 14 0.0556009

40 14 0.051271

41 14 0.0467388

42 14 0.0420222

43 14 0.0371397

44 14 0.0321106

45 14 0.0269548

46 14 0.0216926

47 14 0.0163448

48 14 0.0109325

49 14 0.00547706

50 14 0

0 15 0

1 15 0.00575076

2 15 0.0114788

3 15 0.0171616

4 15 0.0227766

5 15 0.0283018

6 15 0.0337152

7 15 0.0389956

8 15 0.0441221

9 15 0.0490745

10 15 0.0538331

11 15 0.0583794

12 15 0.0626952

13 15 0.0667636

14 15 0.0705685

15 15 0.074095

16 15 0.077329

17 15 0.0802578

18 15 0.0828699

19 15 0.0851549

20 15 0.0871038

21 15 0.0887091

22 15 0.0899642

23 15 0.0908642

24 15 0.0914057

25 15 0.0915864

26 15 0.0914057

27 15 0.0908642

28 15 0.0899642

29 15 0.0887091

30 15 0.0871038

31 15 0.0851549

32 15 0.0828699

33 15 0.0802578

34 15 0.077329

35 15 0.074095

36 15 0.0705685

37 15 0.0667636

38 15 0.0626952

39 15 0.0583794

40 15 0.0538331

41 15 0.0490745

42 15 0.0441221

43 15 0.0389956

44 15 0.0337152

45 15 0.0283018

46 15 0.0227766

47 15 0.0171616

48 15 0.0114788

49 15 0.00575076

50 15 0

0 16 0

1 16 0.00600176

2 16 0.0119798

3 16 0.0179106

4 16 0.0237707

5 16 0.029537

6 16 0.0351868

7 16 0.0406976

8 16 0.0460479

9 16 0.0512164

10 16 0.0561828

11 16 0.0609274

12 16 0.0654316

13 16 0.0696776

14 16 0.0736486

15 16 0.077329

16 16 0.0807041

17 16 0.0837608

18 16 0.0864869

19 16 0.0888716

20 16 0.0909056

21 16 0.0925809

22 16 0.0938908

23 16 0.0948301

24 16 0.0953952

25 16 0.0955839

26 16 0.0953952

27 16 0.0948301

28 16 0.0938908

29 16 0.0925809

30 16 0.0909056

31 16 0.0888716

32 16 0.0864869

33 16 0.0837608

34 16 0.0807041

35 16 0.077329

36 16 0.0736486

37 16 0.0696776

38 16 0.0654316

39 16 0.0609274

40 16 0.0561828

41 16 0.0512164

42 16 0.0460479

43 16 0.0406976

44 16 0.0351868

45 16 0.029537

46 16 0.0237707

47 16 0.0179106

48 16 0.0119798

49 16 0.00600176

50 16 0

0 17 0

1 17 0.00622908

2 17 0.0124336

3 17 0.018589

4 17 0.024671

5 17 0.0306557

6 17 0.0365195

7 17 0.042239

8 17 0.0477919

9 17 0.0531562

10 17 0.0583107

11 17 0.0632351

12 17 0.0679099

13 17 0.0723167

14 17 0.0764381

15 17 0.0802578

16 17 0.0837608

17 17 0.0869332

18 17 0.0897625

19 17 0.0922376

20 17 0.0943487

21 17 0.0960874

22 17 0.0974469

23 17 0.0984218

24 17 0.0990083

25 17 0.0992041

26 17 0.0990083

27 17 0.0984218

28 17 0.0974469

29 17 0.0960874

30 17 0.0943487

31 17 0.0922376

32 17 0.0897625

33 17 0.0869332

34 17 0.0837608

35 17 0.0802578

36 17 0.0764381

37 17 0.0723167

38 17 0.0679099

39 17 0.0632351

40 17 0.0583107

41 17 0.0531562

42 17 0.0477919

43 17 0.042239

44 17 0.0365195

45 17 0.0306557

46 17 0.024671

47 17 0.018589

48 17 0.0124336

49 17 0.00622908

50 17 0

0 18 0

1 18 0.00643181

2 18 0.0128382

3 18 0.019194

4 18 0.025474

5 18 0.0316535

6 18 0.037708

7 18 0.0436138

8 18 0.0493474

9 18 0.0548862

10 18 0.0602085

11 18 0.0652931

12 18 0.0701201

13 18 0.0746703

14 18 0.0789258

15 18 0.0828699

16 18 0.0864869

17 18 0.0897625

18 18 0.0926839

19 18 0.0952396

20 18 0.0974194

21 18 0.0992147

22 18 0.100618

23 18 0.101625

24 18 0.102231

25 18 0.102433

26 18 0.102231

27 18 0.101625

28 18 0.100618

29 18 0.0992147

30 18 0.0974194

31 18 0.0952396

32 18 0.0926839

33 18 0.0897625

34 18 0.0864869

35 18 0.0828699

36 18 0.0789258

37 18 0.0746703

38 18 0.0701201

39 18 0.0652931

40 18 0.0602085

41 18 0.0548862

42 18 0.0493474

43 18 0.0436138

44 18 0.037708

45 18 0.0316535

46 18 0.025474

47 18 0.019194

48 18 0.0128382

49 18 0.00643181

50 18 0

0 19 0

1 19 0.00660916

2 19 0.0131922

3 19 0.0197232

4 19 0.0261764

5 19 0.0325263

6 19 0.0387478

7 19 0.0448163

8 19 0.0507081

9 19 0.0563996

10 19 0.0618686

11 19 0.0670935

12 19 0.0720535

13 19 0.0767292

14 19 0.0811021

15 19 0.0851549

16 19 0.0888716

17 19 0.0922376

18 19 0.0952396

19 19 0.0978657

20 19 0.100106

21 19 0.10195

22 19 0.103393

23 19 0.104427

24 19 0.10505

25 19 0.105257

26 19 0.10505

27 19 0.104427

28 19 0.103393

29 19 0.10195

30 19 0.100106

31 19 0.0978657

32 19 0.0952396

33 19 0.0922376

34 19 0.0888716

35 19 0.0851549

36 19 0.0811021

37 19 0.0767292

38 19 0.0720535

39 19 0.0670935

40 19 0.0618686

41 19 0.0563996

42 19 0.0507081

43 19 0.0448163

44 19 0.0387478

45 19 0.0325263

46 19 0.0261764

47 19 0.0197232

48 19 0.0131922

49 19 0.00660916

50 19 0

0 20 0

1 20 0.00676042

2 20 0.0134942

3 20 0.0201746

4 20 0.0267755

5 20 0.0332707

6 20 0.0396346

7 20 0.0458421

8 20 0.0518686

9 20 0.0576905

10 20 0.0632847

11 20 0.0686291

12 20 0.0737026

13 20 0.0784853

14 20 0.0829583

15 20 0.0871038

16 20 0.0909056

17 20 0.0943487

18 20 0.0974194

19 20 0.100106

20 20 0.102397

21 20 0.104284

22 20 0.105759

23 20 0.106817

24 20 0.107454

25 20 0.107666

26 20 0.107454

27 20 0.106817

28 20 0.105759

29 20 0.104284

30 20 0.102397

31 20 0.100106

32 20 0.0974194

33 20 0.0943487

34 20 0.0909056

35 20 0.0871038

36 20 0.0829583

37 20 0.0784853

38 20 0.0737026

39 20 0.0686291

40 20 0.0632847

41 20 0.0576905

42 20 0.0518686

43 20 0.0458421

44 20 0.0396346

45 20 0.0332707

46 20 0.0267755

47 20 0.0201746

48 20 0.0134942

49 20 0.00676042

50 20 0

0 21 0

1 21 0.00688501

2 21 0.0137428

3 21 0.0205464

4 21 0.027269

5 21 0.0338838

6 21 0.040365

7 21 0.0466869

8 21 0.0528245

9 21 0.0587536

10 21 0.0644509

11 21 0.0698938

12 21 0.0750609

13 21 0.0799317

14 21 0.0844871

15 21 0.0887091

16 21 0.0925809

17 21 0.0960874

18 21 0.0992147

19 21 0.10195

20 21 0.104284

21 21 0.106206

22 21 0.107708

23 21 0.108786

24 21 0.109434

25 21 0.10965

26 21 0.109434

27 21 0.108786

28 21 0.107708

29 21 0.106206

30 21 0.104284

31 21 0.10195

32 21 0.0992147

33 21 0.0960874

34 21 0.0925809

35 21 0.0887091

36 21 0.0844871

37 21 0.0799317

38 21 0.0750609

39 21 0.0698938

40 21 0.0644509

41 21 0.0587536

42 21 0.0528245

43 21 0.0466869

44 21 0.040365

45 21 0.0338838

46 21 0.027269

47 21 0.0205464

48 21 0.0137428

49 21 0.00688501

50 21 0

0 22 0

1 22 0.00698242

2 22 0.0139373

3 22 0.0208371

4 22 0.0276548

5 22 0.0343633

6 22 0.0409361

7 22 0.0473474

8 22 0.0535719

9 22 0.0595849

10 22 0.0653628

11 22 0.0708827

12 22 0.0761229

13 22 0.0810626

14 22 0.0856825

15 22 0.0899642

16 22 0.0938908

17 22 0.0974469

18 22 0.100618

19 22 0.103393

20 22 0.105759

21 22 0.107708

22 22 0.109232

23 22 0.110325

24 22 0.110982

25 22 0.111202

26 22 0.110982

27 22 0.110325

28 22 0.109232

29 22 0.107708

30 22 0.105759

31 22 0.103393

32 22 0.100618

33 22 0.0974469

34 22 0.0938908

35 22 0.0899642

36 22 0.0856825

37 22 0.0810626

38 22 0.0761229

39 22 0.0708827

40 22 0.0653628

41 22 0.0595849

42 22 0.0535719

43 22 0.0473474

44 22 0.0409361

45 22 0.0343633

46 22 0.0276548

47 22 0.0208371

48 22 0.0139373

49 22 0.00698242

50 22 0

0 23 0

1 23 0.00705228

2 23 0.0140767

3 23 0.0210456

4 23 0.0279314

5 23 0.034707

6 23 0.0413457

7 23 0.0478211

8 23 0.0541079

9 23 0.060181

10 23 0.0660167

11 23 0.0715919

12 23 0.0768845

13 23 0.0818736

14 23 0.0865397

15 23 0.0908642

16 23 0.0948301

17 23 0.0984218

18 23 0.101625

19 23 0.104427

20 23 0.106817

21 23 0.108786

22 23 0.110325

23 23 0.111429

24 23 0.112093

25 23 0.112314

26 23 0.112093

27 23 0.111429

28 23 0.110325

29 23 0.108786

30 23 0.106817

31 23 0.104427

32 23 0.101625

33 23 0.0984218

34 23 0.0948301

35 23 0.0908642

36 23 0.0865397

37 23 0.0818736

38 23 0.0768845

39 23 0.0715919

40 23 0.0660167

41 23 0.060181

42 23 0.0541079

43 23 0.0478211

44 23 0.0413457

45 23 0.034707

46 23 0.0279314

47 23 0.0210456

48 23 0.0140767

49 23 0.00705228

50 23 0

0 24 0

1 24 0.0070943

2 24 0.0141606

3 24 0.021171

4 24 0.0280979

5 24 0.0349139

6 24 0.0415921

7 24 0.0481061

8 24 0.0544303

9 24 0.0605397

10 24 0.0664101

11 24 0.0720185

12 24 0.0773426

13 24 0.0823615

14 24 0.0870554

15 24 0.0914057

16 24 0.0953952

17 24 0.0990083

18 24 0.102231

19 24 0.10505

20 24 0.107454

21 24 0.109434

22 24 0.110982

23 24 0.112093

24 24 0.112761

25 24 0.112984

26 24 0.112761

27 24 0.112093

28 24 0.110982

29 24 0.109434

30 24 0.107454

31 24 0.10505

32 24 0.102231

33 24 0.0990083

34 24 0.0953952

35 24 0.0914057

36 24 0.0870554

37 24 0.0823615

38 24 0.0773426

39 24 0.0720185

40 24 0.0664101

41 24 0.0605397

42 24 0.0544303

43 24 0.0481061

44 24 0.0415921

45 24 0.0349139

46 24 0.0280979

47 24 0.021171

48 24 0.0141606

49 24 0.0070943

50 24 0

0 25 0

1 25 0.00710833

2 25 0.0141886

3 25 0.0212129

4 25 0.0281534

5 25 0.0349829

6 25 0.0416743

7 25 0.0482012

8 25 0.0545379

9 25 0.0606594

10 25 0.0665414

11 25 0.0721609

12 25 0.0774955

13 25 0.0825244

14 25 0.0872275

15 25 0.0915864

16 25 0.0955839

17 25 0.0992041

18 25 0.102433

19 25 0.105257

20 25 0.107666

21 25 0.10965

22 25 0.111202

23 25 0.112314

24 25 0.112984

25 25 0.113207

26 25 0.112984

27 25 0.112314

28 25 0.111202

29 25 0.10965

30 25 0.107666

31 25 0.105257

32 25 0.102433

33 25 0.0992041

34 25 0.0955839

35 25 0.0915864

36 25 0.0872275

37 25 0.0825244

38 25 0.0774955

39 25 0.0721609

40 25 0.0665414

41 25 0.0606594

42 25 0.0545379

43 25 0.0482012

44 25 0.0416743

45 25 0.0349829

46 25 0.0281534

47 25 0.0212129

48 25 0.0141886

49 25 0.00710833

50 25 0

0 26 0

1 26 0.0070943

2 26 0.0141606

3 26 0.021171

4 26 0.0280979

5 26 0.0349139

6 26 0.0415921

7 26 0.0481061

8 26 0.0544303

9 26 0.0605397

10 26 0.0664101

11 26 0.0720185

12 26 0.0773426

13 26 0.0823615

14 26 0.0870554

15 26 0.0914057

16 26 0.0953952

17 26 0.0990083

18 26 0.102231

19 26 0.10505

20 26 0.107454

21 26 0.109434

22 26 0.110982

23 26 0.112093

24 26 0.112761

25 26 0.112984

26 26 0.112761

27 26 0.112093

28 26 0.110982

29 26 0.109434

30 26 0.107454

31 26 0.10505

32 26 0.102231

33 26 0.0990083

34 26 0.0953952

35 26 0.0914057

36 26 0.0870554

37 26 0.0823615

38 26 0.0773426

39 26 0.0720185

40 26 0.0664101

41 26 0.0605397

42 26 0.0544303

43 26 0.0481061

44 26 0.0415921

45 26 0.0349139

46 26 0.0280979

47 26 0.021171

48 26 0.0141606

49 26 0.0070943

50 26 0

0 27 0

1 27 0.00705228

2 27 0.0140767

3 27 0.0210456

4 27 0.0279314

5 27 0.034707

6 27 0.0413457

7 27 0.0478211

8 27 0.0541079

9 27 0.060181

10 27 0.0660167

11 27 0.0715919

12 27 0.0768845

13 27 0.0818736

14 27 0.0865397

15 27 0.0908642

16 27 0.0948301

17 27 0.0984218

18 27 0.101625

19 27 0.104427

20 27 0.106817

21 27 0.108786

22 27 0.110325

23 27 0.111429

24 27 0.112093

25 27 0.112314

26 27 0.112093

27 27 0.111429

28 27 0.110325

29 27 0.108786

30 27 0.106817

31 27 0.104427

32 27 0.101625

33 27 0.0984218

34 27 0.0948301

35 27 0.0908642

36 27 0.0865397

37 27 0.0818736

38 27 0.0768845

39 27 0.0715919

40 27 0.0660167

41 27 0.060181

42 27 0.0541079

43 27 0.0478211

44 27 0.0413457

45 27 0.034707

46 27 0.0279314

47 27 0.0210456

48 27 0.0140767

49 27 0.00705228

50 27 0

0 28 0

1 28 0.00698242

2 28 0.0139373

3 28 0.0208371

4 28 0.0276548

5 28 0.0343633

6 28 0.0409361

7 28 0.0473474

8 28 0.0535719

9 28 0.0595849

10 28 0.0653628

11 28 0.0708827

12 28 0.0761229

13 28 0.0810626

14 28 0.0856825

15 28 0.0899642

16 28 0.0938908

17 28 0.0974469

18 28 0.100618

19 28 0.103393

20 28 0.105759

21 28 0.107708

22 28 0.109232

23 28 0.110325

24 28 0.110982

25 28 0.111202

26 28 0.110982

27 28 0.110325

28 28 0.109232

29 28 0.107708

30 28 0.105759

31 28 0.103393

32 28 0.100618

33 28 0.0974469

34 28 0.0938908

35 28 0.0899642

36 28 0.0856825

37 28 0.0810626

38 28 0.0761229

39 28 0.0708827

40 28 0.0653628

41 28 0.0595849

42 28 0.0535719

43 28 0.0473474

44 28 0.0409361

45 28 0.0343633

46 28 0.0276548

47 28 0.0208371

48 28 0.0139373

49 28 0.00698242

50 28 0

0 29 0

1 29 0.00688501

2 29 0.0137428

3 29 0.0205464

4 29 0.027269

5 29 0.0338838

6 29 0.040365

7 29 0.0466869

8 29 0.0528245

9 29 0.0587536

10 29 0.0644509

11 29 0.0698938

12 29 0.0750609

13 29 0.0799317

14 29 0.0844871

15 29 0.0887091

16 29 0.0925809

17 29 0.0960874

18 29 0.0992147

19 29 0.10195

20 29 0.104284

21 29 0.106206

22 29 0.107708

23 29 0.108786

24 29 0.109434

25 29 0.10965

26 29 0.109434

27 29 0.108786

28 29 0.107708

29 29 0.106206

30 29 0.104284

31 29 0.10195

32 29 0.0992147

33 29 0.0960874

34 29 0.0925809

35 29 0.0887091

36 29 0.0844871

37 29 0.0799317

38 29 0.0750609

39 29 0.0698938

40 29 0.0644509

41 29 0.0587536

42 29 0.0528245

43 29 0.0466869

44 29 0.040365

45 29 0.0338838

46 29 0.027269

47 29 0.0205464

48 29 0.0137428

49 29 0.00688501

50 29 0

0 30 0

1 30 0.00676042

2 30 0.0134942

3 30 0.0201746

4 30 0.0267755

5 30 0.0332707

6 30 0.0396346

7 30 0.0458421

8 30 0.0518686

9 30 0.0576905

10 30 0.0632847

11 30 0.0686291

12 30 0.0737026

13 30 0.0784853

14 30 0.0829583

15 30 0.0871038

16 30 0.0909056

17 30 0.0943487

18 30 0.0974194

19 30 0.100106

20 30 0.102397

21 30 0.104284

22 30 0.105759

23 30 0.106817

24 30 0.107454

25 30 0.107666

26 30 0.107454

27 30 0.106817

28 30 0.105759

29 30 0.104284

30 30 0.102397

31 30 0.100106

32 30 0.0974194

33 30 0.0943487

34 30 0.0909056

35 30 0.0871038

36 30 0.0829583

37 30 0.0784853

38 30 0.0737026

39 30 0.0686291

40 30 0.0632847

41 30 0.0576905

42 30 0.0518686

43 30 0.0458421

44 30 0.0396346

45 30 0.0332707

46 30 0.0267755

47 30 0.0201746

48 30 0.0134942

49 30 0.00676042

50 30 0

0 31 0

1 31 0.00660916

2 31 0.0131922

3 31 0.0197232

4 31 0.0261764

5 31 0.0325263

6 31 0.0387478

7 31 0.0448163

8 31 0.0507081

9 31 0.0563996

10 31 0.0618686

11 31 0.0670935

12 31 0.0720535

13 31 0.0767292

14 31 0.0811021

15 31 0.0851549

16 31 0.0888716

17 31 0.0922376

18 31 0.0952396

19 31 0.0978657

20 31 0.100106

21 31 0.10195

22 31 0.103393

23 31 0.104427

24 31 0.10505

25 31 0.105257

26 31 0.10505

27 31 0.104427

28 31 0.103393

29 31 0.10195

30 31 0.100106

31 31 0.0978657

32 31 0.0952396

33 31 0.0922376

34 31 0.0888716

35 31 0.0851549

36 31 0.0811021

37 31 0.0767292

38 31 0.0720535

39 31 0.0670935

40 31 0.0618686

41 31 0.0563996

42 31 0.0507081

43 31 0.0448163

44 31 0.0387478

45 31 0.0325263

46 31 0.0261764

47 31 0.0197232

48 31 0.0131922

49 31 0.00660916

50 31 0

0 32 0

1 32 0.00643181

2 32 0.0128382

3 32 0.019194

4 32 0.025474

5 32 0.0316535

6 32 0.037708

7 32 0.0436138

8 32 0.0493474

9 32 0.0548862

10 32 0.0602085

11 32 0.0652931

12 32 0.0701201

13 32 0.0746703

14 32 0.0789258

15 32 0.0828699

16 32 0.0864869

17 32 0.0897625

18 32 0.0926839

19 32 0.0952396

20 32 0.0974194

21 32 0.0992147

22 32 0.100618

23 32 0.101625

24 32 0.102231

25 32 0.102433

26 32 0.102231

27 32 0.101625

28 32 0.100618

29 32 0.0992147

30 32 0.0974194

31 32 0.0952396

32 32 0.0926839

33 32 0.0897625

34 32 0.0864869

35 32 0.0828699

36 32 0.0789258

37 32 0.0746703

38 32 0.0701201

39 32 0.0652931

40 32 0.0602085

41 32 0.0548862

42 32 0.0493474

43 32 0.0436138

44 32 0.037708

45 32 0.0316535

46 32 0.025474

47 32 0.019194

48 32 0.0128382

49 32 0.00643181

50 32 0

0 33 0

1 33 0.00622908

2 33 0.0124336

3 33 0.018589

4 33 0.024671

5 33 0.0306557

6 33 0.0365195

7 33 0.042239

8 33 0.0477919

9 33 0.0531562

10 33 0.0583107

11 33 0.0632351

12 33 0.0679099

13 33 0.0723167

14 33 0.0764381

15 33 0.0802578

16 33 0.0837608

17 33 0.0869332

18 33 0.0897625

19 33 0.0922376

20 33 0.0943487

21 33 0.0960874

22 33 0.0974469

23 33 0.0984218

24 33 0.0990083

25 33 0.0992041

26 33 0.0990083

27 33 0.0984218

28 33 0.0974469

29 33 0.0960874

30 33 0.0943487

31 33 0.0922376

32 33 0.0897625

33 33 0.0869332

34 33 0.0837608

35 33 0.0802578

36 33 0.0764381

37 33 0.0723167

38 33 0.0679099

39 33 0.0632351

40 33 0.0583107

41 33 0.0531562

42 33 0.0477919

43 33 0.042239

44 33 0.0365195

45 33 0.0306557

46 33 0.024671

47 33 0.018589

48 33 0.0124336

49 33 0.00622908

50 33 0

0 34 0

1 34 0.00600176

2 34 0.0119798

3 34 0.0179106

4 34 0.0237707

5 34 0.029537

6 34 0.0351868

7 34 0.0406976

8 34 0.0460479

9 34 0.0512164

10 34 0.0561828

11 34 0.0609274

12 34 0.0654316

13 34 0.0696776

14 34 0.0736486

15 34 0.077329

16 34 0.0807041

17 34 0.0837608

18 34 0.0864869

19 34 0.0888716

20 34 0.0909056

21 34 0.0925809

22 34 0.0938908

23 34 0.0948301

24 34 0.0953952

25 34 0.0955839

26 34 0.0953952

27 34 0.0948301

28 34 0.0938908

29 34 0.0925809

30 34 0.0909056

31 34 0.0888716

32 34 0.0864869

33 34 0.0837608

34 34 0.0807041

35 34 0.077329

36 34 0.0736486

37 34 0.0696776

38 34 0.0654316

39 34 0.0609274

40 34 0.0561828

41 34 0.0512164

42 34 0.0460479

43 34 0.0406976

44 34 0.0351868

45 34 0.029537

46 34 0.0237707

47 34 0.0179106

48 34 0.0119798

49 34 0.00600176

50 34 0

0 35 0

1 35 0.00575076

2 35 0.0114788

3 35 0.0171616

4 35 0.0227766

5 35 0.0283018

6 35 0.0337152

7 35 0.0389956

8 35 0.0441221

9 35 0.0490745

10 35 0.0538331

11 35 0.0583794

12 35 0.0626952

13 35 0.0667636

14 35 0.0705685

15 35 0.074095

16 35 0.077329

17 35 0.0802578

18 35 0.0828699

19 35 0.0851549

20 35 0.0871038

21 35 0.0887091

22 35 0.0899642

23 35 0.0908642

24 35 0.0914057

25 35 0.0915864

26 35 0.0914057

27 35 0.0908642

28 35 0.0899642

29 35 0.0887091

30 35 0.0871038

31 35 0.0851549

32 35 0.0828699

33 35 0.0802578

34 35 0.077329

35 35 0.074095

36 35 0.0705685

37 35 0.0667636

38 35 0.0626952

39 35 0.0583794

40 35 0.0538331

41 35 0.0490745

42 35 0.0441221

43 35 0.0389956

44 35 0.0337152

45 35 0.0283018

46 35 0.0227766

47 35 0.0171616

48 35 0.0114788

49 35 0.00575076

50 35 0

0 36 0

1 36 0.00547706

2 36 0.0109325

3 36 0.0163448

4 36 0.0216926

5 36 0.0269548

6 36 0.0321106

7 36 0.0371397

8 36 0.0420222

9 36 0.0467388

10 36 0.051271

11 36 0.0556009

12 36 0.0597113

13 36 0.0635861

14 36 0.06721

15 36 0.0705685

16 36 0.0736486

17 36 0.0764381

18 36 0.0789258

19 36 0.0811021

20 36 0.0829583

21 36 0.0844871

22 36 0.0856825

23 36 0.0865397

24 36 0.0870554

25 36 0.0872275

26 36 0.0870554

27 36 0.0865397

28 36 0.0856825

29 36 0.0844871

30 36 0.0829583

31 36 0.0811021

32 36 0.0789258

33 36 0.0764381

34 36 0.0736486

35 36 0.0705685

36 36 0.06721

37 36 0.0635861

38 36 0.0597113

39 36 0.0556009

40 36 0.051271

41 36 0.0467388

42 36 0.0420222

43 36 0.0371397

44 36 0.0321106

45 36 0.0269548

46 36 0.0216926

47 36 0.0163448

48 36 0.0109325

49 36 0.00547706

50 36 0

0 37 0

1 37 0.00518175

2 37 0.010343

3 37 0.0154635

4 37 0.020523

5 37 0.0255014

6 37 0.0303792

7 37 0.0351372

8 37 0.0397564

9 37 0.0442188

10 37 0.0485066

11 37 0.052603

12 37 0.0564918

13 37 0.0601577

14 37 0.0635861

15 37 0.0667636

16 37 0.0696776

17 37 0.0723167

18 37 0.0746703

19 37 0.0767292

20 37 0.0784853

21 37 0.0799317

22 37 0.0810626

23 37 0.0818736

24 37 0.0823615

25 37 0.0825244

26 37 0.0823615

27 37 0.0818736

28 37 0.0810626

29 37 0.0799317

30 37 0.0784853

31 37 0.0767292

32 37 0.0746703

33 37 0.0723167

34 37 0.0696776

35 37 0.0667636

36 37 0.0635861

37 37 0.0601577

38 37 0.0564918

39 37 0.052603

40 37 0.0485066

41 37 0.0442188

42 37 0.0397564

43 37 0.0351372

44 37 0.0303792

45 37 0.0255014

46 37 0.020523

47 37 0.0154635

48 37 0.010343

49 37 0.00518175

50 37 0

0 38 0

1 38 0.00486599

2 38 0.00971277

3 38 0.0145212

4 38 0.0192724

5 38 0.0239474

6 38 0.028528

7 38 0.032996

8 38 0.0373338

9 38 0.0415242

10 38 0.0455507

11 38 0.0493975

12 38 0.0530493

13 38 0.0564918

14 38 0.0597113

15 38 0.0626952

16 38 0.0654316

17 38 0.0679099

18 38 0.0701201

19 38 0.0720535

20 38 0.0737026

21 38 0.0750609

22 38 0.0761229

23 38 0.0768845

24 38 0.0773426

25 38 0.0774955

26 38 0.0773426

27 38 0.0768845

28 38 0.0761229

29 38 0.0750609

30 38 0.0737026

31 38 0.0720535

32 38 0.0701201

33 38 0.0679099

34 38 0.0654316

35 38 0.0626952

36 38 0.0597113

37 38 0.0564918

38 38 0.0530493

39 38 0.0493975

40 38 0.0455507

41 38 0.0415242

42 38 0.0373338

43 38 0.032996

44 38 0.028528

45 38 0.0239474

46 38 0.0192724

47 38 0.0145212

48 38 0.00971277

49 38 0.00486599

50 38 0

0 39 0

1 39 0.00453102

2 39 0.00904416

3 39 0.0135216

4 39 0.0179457

5 39 0.0222989

6 39 0.0265642

7 39 0.0307246

8 39 0.0347638

9 39 0.0386657

10 39 0.0424151

11 39 0.0459971

12 39 0.0493975

13 39 0.052603

14 39 0.0556009

15 39 0.0583794

16 39 0.0609274

17 39 0.0632351

18 39 0.0652931

19 39 0.0670935

20 39 0.0686291

21 39 0.0698938

22 39 0.0708827

23 39 0.0715919

24 39 0.0720185

25 39 0.0721609

26 39 0.0720185

27 39 0.0715919

28 39 0.0708827

29 39 0.0698938

30 39 0.0686291

31 39 0.0670935

32 39 0.0652931

33 39 0.0632351

34 39 0.0609274

35 39 0.0583794

36 39 0.0556009

37 39 0.052603

38 39 0.0493975

39 39 0.0459971

40 39 0.0424151

41 39 0.0386657

42 39 0.0347638

43 39 0.0307246

44 39 0.0265642

45 39 0.0222989

46 39 0.0179457

47 39 0.0135216

48 39 0.00904416

49 39 0.00453102

50 39 0

0 40 0

1 40 0.00417817

2 40 0.00833985

3 40 0.0124686

4 40 0.0165482

5 40 0.0205624

6 40 0.0244955

7 40 0.028332

8 40 0.0320566

9 40 0.0356547

10 40 0.0391121

11 40 0.0424151

12 40 0.0455507

13 40 0.0485066

14 40 0.051271

15 40 0.0538331

16 40 0.0561828

17 40 0.0583107

18 40 0.0602085

19 40 0.0618686

20 40 0.0632847

21 40 0.0644509

22 40 0.0653628

23 40 0.0660167

24 40 0.0664101

25 40 0.0665414

26 40 0.0664101

27 40 0.0660167

28 40 0.0653628

29 40 0.0644509

30 40 0.0632847

31 40 0.0618686

32 40 0.0602085

33 40 0.0583107

34 40 0.0561828

35 40 0.0538331

36 40 0.051271

37 40 0.0485066

38 40 0.0455507

39 40 0.0424151

40 40 0.0391121

41 40 0.0356547

42 40 0.0320566

43 40 0.028332

44 40 0.0244955

45 40 0.0205624

46 40 0.0165482

47 40 0.0124686

48 40 0.00833985

49 40 0.00417817

50 40 0

0 41 0

1 41 0.00380883

2 41 0.00760263

3 41 0.0113664

4 41 0.0150854

5 41 0.0187448

6 41 0.0223302

7 41 0.0258275

8 41 0.0292229

9 41 0.0325029

10 41 0.0356547

11 41 0.0386657

12 41 0.0415242

13 41 0.0442188

14 41 0.0467388

15 41 0.0490745

16 41 0.0512164

17 41 0.0531562

18 41 0.0548862

19 41 0.0563996

20 41 0.0576905

21 41 0.0587536

22 41 0.0595849

23 41 0.060181

24 41 0.0605397

25 41 0.0606594

26 41 0.0605397

27 41 0.060181

28 41 0.0595849

29 41 0.0587536

30 41 0.0576905

31 41 0.0563996

32 41 0.0548862

33 41 0.0531562

34 41 0.0512164

35 41 0.0490745

36 41 0.0467388

37 41 0.0442188

38 41 0.0415242

39 41 0.0386657

40 41 0.0356547

41 41 0.0325029

42 41 0.0292229

43 41 0.0258275

44 41 0.0223302

45 41 0.0187448

46 41 0.0150854

47 41 0.0113664

48 41 0.00760263

49 41 0.00380883

50 41 0

0 42 0

1 42 0.00342446

2 42 0.00683541

3 42 0.0102194

4 42 0.013563

5 42 0.0168531

6 42 0.0200767

7 42 0.0232211

8 42 0.0262738

9 42 0.0292229

10 42 0.0320566

11 42 0.0347638

12 42 0.0373338

13 42 0.0397564

14 42 0.0420222

15 42 0.0441221

16 42 0.0460479

17 42 0.0477919

18 42 0.0493474

19 42 0.0507081

20 42 0.0518686

21 42 0.0528245

22 42 0.0535719

23 42 0.0541079

24 42 0.0544303

25 42 0.0545379

26 42 0.0544303

27 42 0.0541079

28 42 0.0535719

29 42 0.0528245

30 42 0.0518686

31 42 0.0507081

32 42 0.0493474

33 42 0.0477919

34 42 0.0460479

35 42 0.0441221

36 42 0.0420222

37 42 0.0397564

38 42 0.0373338

39 42 0.0347638

40 42 0.0320566

41 42 0.0292229

42 42 0.0262738

43 42 0.0232211

44 42 0.0200767

45 42 0.0168531

46 42 0.013563

47 42 0.0102194

48 42 0.00683541

49 42 0.00342446

50 42 0

0 43 0

1 43 0.00302658

2 43 0.00604121

3 43 0.00903201

4 43 0.0119872

5 43 0.014895

6 43 0.017744

7 43 0.0205231

8 43 0.0232211

9 43 0.0258275

10 43 0.028332

11 43 0.0307246

12 43 0.032996

13 43 0.0351372

14 43 0.0371397

15 43 0.0389956

16 43 0.0406976

17 43 0.042239

18 43 0.0436138

19 43 0.0448163

20 43 0.0458421

21 43 0.0466869

22 43 0.0473474

23 43 0.0478211

24 43 0.0481061

25 43 0.0482012

26 43 0.0481061

27 43 0.0478211

28 43 0.0473474

29 43 0.0466869

30 43 0.0458421

31 43 0.0448163

32 43 0.0436138

33 43 0.042239

34 43 0.0406976

35 43 0.0389956

36 43 0.0371397

37 43 0.0351372

38 43 0.032996

39 43 0.0307246

40 43 0.028332

41 43 0.0258275

42 43 0.0232211

43 43 0.0205231

44 43 0.017744

45 43 0.014895

46 43 0.0119872

47 43 0.00903201

48 43 0.00604121

49 43 0.00302658

50 43 0

0 44 0

1 44 0.00261675

2 44 0.00522317

3 44 0.00780898

4 44 0.010364

5 44 0.0128781

6 44 0.0153413

7 44 0.017744

8 44 0.0200767

9 44 0.0223302

10 44 0.0244955

11 44 0.0265642

12 44 0.028528

13 44 0.0303792

14 44 0.0321106

15 44 0.0337152

16 44 0.0351868

17 44 0.0365195

18 44 0.037708

19 44 0.0387478

20 44 0.0396346

21 44 0.040365

22 44 0.0409361

23 44 0.0413457

24 44 0.0415921

25 44 0.0416743

26 44 0.0415921

27 44 0.0413457

28 44 0.0409361

29 44 0.040365

30 44 0.0396346

31 44 0.0387478

32 44 0.037708

33 44 0.0365195

34 44 0.0351868

35 44 0.0337152

36 44 0.0321106

37 44 0.0303792

38 44 0.028528

39 44 0.0265642

40 44 0.0244955

41 44 0.0223302

42 44 0.0200767

43 44 0.017744

44 44 0.0153413

45 44 0.0128781

46 44 0.010364

47 44 0.00780898

48 44 0.00522317

49 44 0.00261675

50 44 0

0 45 0

1 45 0.00219659

2 45 0.00438452

3 45 0.00655514

4 45 0.00869989

5 45 0.0108103

6 45 0.0128781

7 45 0.014895

8 45 0.0168531

9 45 0.0187448

10 45 0.0205624

11 45 0.0222989

12 45 0.0239474

13 45 0.0255014

14 45 0.0269548

15 45 0.0283018

16 45 0.029537

17 45 0.0306557

18 45 0.0316535

19 45 0.0325263

20 45 0.0332707

21 45 0.0338838

22 45 0.0343633

23 45 0.034707

24 45 0.0349139

25 45 0.0349829

26 45 0.0349139

27 45 0.034707

28 45 0.0343633

29 45 0.0338838

30 45 0.0332707

31 45 0.0325263

32 45 0.0316535

33 45 0.0306557

34 45 0.029537

35 45 0.0283018

36 45 0.0269548

37 45 0.0255014

38 45 0.0239474

39 45 0.0222989

40 45 0.0205624

41 45 0.0187448

42 45 0.0168531

43 45 0.014895

44 45 0.0128781

45 45 0.0108103

46 45 0.00869989

47 45 0.00655514

48 45 0.00438452

49 45 0.00219659

50 45 0

0 46 0

1 46 0.00176777

2 46 0.00352856

3 46 0.00527543

4 46 0.00700148

5 46 0.00869989

6 46 0.010364

7 46 0.0119872

8 46 0.013563

9 46 0.0150854

10 46 0.0165482

11 46 0.0179457

12 46 0.0192724

13 46 0.020523

14 46 0.0216926

15 46 0.0227766

16 46 0.0237707

17 46 0.024671

18 46 0.025474

19 46 0.0261764

20 46 0.0267755

21 46 0.027269

22 46 0.0276548

23 46 0.0279314

24 46 0.0280979

25 46 0.0281534

26 46 0.0280979

27 46 0.0279314

28 46 0.0276548

29 46 0.027269

30 46 0.0267755

31 46 0.0261764

32 46 0.025474

33 46 0.024671

34 46 0.0237707

35 46 0.0227766

36 46 0.0216926

37 46 0.020523

38 46 0.0192724

39 46 0.0179457

40 46 0.0165482

41 46 0.0150854

42 46 0.013563

43 46 0.0119872

44 46 0.010364

45 46 0.00869989

46 46 0.00700148

47 46 0.00527543

48 46 0.00352856

49 46 0.00176777

50 46 0

0 47 0

1 47 0.00133197

2 47 0.00265868

3 47 0.0039749

4 47 0.00527543

5 47 0.00655514

6 47 0.00780898

7 47 0.00903201

8 47 0.0102194

9 47 0.0113664

10 47 0.0124686

11 47 0.0135216

12 47 0.0145212

13 47 0.0154635

14 47 0.0163448

15 47 0.0171616

16 47 0.0179106

17 47 0.018589

18 47 0.019194

19 47 0.0197232

20 47 0.0201746

21 47 0.0205464

22 47 0.0208371

23 47 0.0210456

24 47 0.021171

25 47 0.0212129

26 47 0.021171

27 47 0.0210456

28 47 0.0208371

29 47 0.0205464

30 47 0.0201746

31 47 0.0197232

32 47 0.019194

33 47 0.018589

34 47 0.0179106

35 47 0.0171616

36 47 0.0163448

37 47 0.0154635

38 47 0.0145212

39 47 0.0135216

40 47 0.0124686

41 47 0.0113664

42 47 0.0102194

43 47 0.00903201

44 47 0.00780898

45 47 0.00655514

46 47 0.00527543

47 47 0.0039749

48 47 0.00265868

49 47 0.00133197

50 47 0

0 48 0

1 48 0.00089091

2 48 0.0017783

3 48 0.00265868

4 48 0.00352856

5 48 0.00438452

6 48 0.00522317

7 48 0.00604121

8 48 0.00683541

9 48 0.00760263

10 48 0.00833985

11 48 0.00904416

12 48 0.00971277

13 48 0.010343

14 48 0.0109325

15 48 0.0114788

16 48 0.0119798

17 48 0.0124336

18 48 0.0128382

19 48 0.0131922

20 48 0.0134942

21 48 0.0137428

22 48 0.0139373

23 48 0.0140767

24 48 0.0141606

25 48 0.0141886

26 48 0.0141606

27 48 0.0140767

28 48 0.0139373

29 48 0.0137428

30 48 0.0134942

31 48 0.0131922

32 48 0.0128382

33 48 0.0124336

34 48 0.0119798

35 48 0.0114788

36 48 0.0109325

37 48 0.010343

38 48 0.00971277

39 48 0.00904416

40 48 0.00833985

41 48 0.00760263

42 48 0.00683541

43 48 0.00604121

44 48 0.00522317

45 48 0.00438452

46 48 0.00352856

47 48 0.00265868

48 48 0.0017783

49 48 0.00089091

50 48 0

0 49 0

1 49 0.000446336

2 49 0.00089091

3 49 0.00133197

4 49 0.00176777

5 49 0.00219659

6 49 0.00261675

7 49 0.00302658

8 49 0.00342446

9 49 0.00380883

10 49 0.00417817

11 49 0.00453102

12 49 0.00486599

13 49 0.00518175

