0 1 0

1 1 0.00103045

2 1 0.00205684

3 1 0.00307511

4 1 0.00408125

5 1 0.00507128

6 1 0.00604129

7 1 0.00698746

8 1 0.00790606

9 1 0.00879345

10 1 0.00964614

11 1 0.0104608

12 1 0.0112341

13 1 0.0119631

14 1 0.0126449

15 1 0.0132768

16 1 0.0138563

17 1 0.0143811

18 1 0.0148491

19 1 0.0152586

20 1 0.0156078

21 1 0.0158954

22 1 0.0161203

23 1 0.0162816

24 1 0.0163786

25 1 0.016411

26 1 0.0163786

27 1 0.0162816

28 1 0.0161203

29 1 0.0158954

30 1 0.0156078

31 1 0.0152586

32 1 0.0148491

33 1 0.0143811

34 1 0.0138563

35 1 0.0132768

36 1 0.0126449

37 1 0.0119631

38 1 0.0112341

39 1 0.0104608

40 1 0.00964614

41 1 0.00879345

42 1 0.00790606

43 1 0.00698746

44 1 0.00604129

45 1 0.00507128

46 1 0.00408125

47 1 0.00307511

48 1 0.00205684

49 1 0.00103045

50 1 0

0 2 0

1 2 0.00205684

2 2 0.00410557

3 2 0.00613809

4 2 0.00814639

5 2 0.0101225

6 2 0.0120587

7 2 0.0139473

8 2 0.0157809

9 2 0.0175522

10 2 0.0192542

11 2 0.0208802

12 2 0.0224239

13 2 0.023879

14 2 0.0252399

15 2 0.0265012

16 2 0.0276578

17 2 0.0287054

18 2 0.0296396

19 2 0.0304569

20 2 0.031154

21 2 0.0317281

22 2 0.032177

23 2 0.0324989

24 2 0.0326926

25 2 0.0327572

26 2 0.0326926

27 2 0.0324989

28 2 0.032177

29 2 0.0317281

30 2 0.031154

31 2 0.0304569

32 2 0.0296396

33 2 0.0287054

34 2 0.0276578

35 2 0.0265012

36 2 0.0252399

37 2 0.023879

38 2 0.0224239

39 2 0.0208802

40 2 0.0192542

41 2 0.0175522

42 2 0.0157809

43 2 0.0139473

44 2 0.0120587

45 2 0.0101225

46 2 0.00814639

47 2 0.00613809

48 2 0.00410557

49 2 0.00205684

50 2 0

0 3 0

1 3 0.00307511

2 3 0.00613809

3 3 0.00917685

4 3 0.0121794

5 3 0.0151339

6 3 0.0180286

7 3 0.0208522

8 3 0.0235935

9 3 0.0262417

10 3 0.0287863

11 3 0.0312173

12 3 0.0335251

13 3 0.0357006

14 3 0.0377353

15 3 0.0396209

16 3 0.0413503

17 3 0.0429164

18 3 0.0443132

19 3 0.045535

20 3 0.0465772

21 3 0.0474356

22 3 0.0481067

23 3 0.048588

24 3 0.0488775

25 3 0.0489742

26 3 0.0488775

27 3 0.048588

28 3 0.0481067

29 3 0.0474356

30 3 0.0465772

31 3 0.045535

32 3 0.0443132

33 3 0.0429164

34 3 0.0413503

35 3 0.0396209

36 3 0.0377353

37 3 0.0357006

38 3 0.0335251

39 3 0.0312173

40 3 0.0287863

41 3 0.0262417

42 3 0.0235935

43 3 0.0208522

44 3 0.0180286

45 3 0.0151339

46 3 0.0121794

47 3 0.00917685

48 3 0.00613809

49 3 0.00307511

50 3 0

0 4 0

1 4 0.00408125

2 4 0.00814639

3 4 0.0121794

4 4 0.0161643

5 4 0.0200854

6 4 0.0239273

7 4 0.0276747

8 4 0.031313

9 4 0.0348276

10 4 0.0382048

11 4 0.0414312

12 4 0.0444941

13 4 0.0473814

14 4 0.0500817

15 4 0.0525844

16 4 0.0548795

17 4 0.056958

18 4 0.0588118

19 4 0.0604335

20 4 0.0618166

21 4 0.0629558

22 4 0.0638466

23 4 0.0644853

24 4 0.0648696

25 4 0.0649978

26 4 0.0648696

27 4 0.0644853

28 4 0.0638466

29 4 0.0629558

30 4 0.0618166

31 4 0.0604335

32 4 0.0588118

33 4 0.056958

34 4 0.0548795

35 4 0.0525844

36 4 0.0500817

37 4 0.0473814

38 4 0.0444941

39 4 0.0414312

40 4 0.0382048

41 4 0.0348276

42 4 0.031313

43 4 0.0276747

44 4 0.0239273

45 4 0.0200854

46 4 0.0161643

47 4 0.0121794

48 4 0.00814639

49 4 0.00408125

50 4 0

0 5 0

1 5 0.00507128

2 5 0.0101225

3 5 0.0151339

4 5 0.0200854

5 5 0.0249578

6 5 0.0297316

7 5 0.0343881

8 5 0.0389088

9 5 0.0432761

10 5 0.0474725

11 5 0.0514816

12 5 0.0552874

13 5 0.0588752

14 5 0.0622305

15 5 0.0653403

16 5 0.0681921

17 5 0.0707749

18 5 0.0730784

19 5 0.0750934

20 5 0.0768121

21 5 0.0782276

22 5 0.0793344

23 5 0.0801281

24 5 0.0806056

25 5 0.080765

26 5 0.0806056

27 5 0.0801281

28 5 0.0793344

29 5 0.0782276

30 5 0.0768121

31 5 0.0750934

32 5 0.0730784

33 5 0.0707749

34 5 0.0681921

35 5 0.0653403

36 5 0.0622305

37 5 0.0588752

38 5 0.0552874

39 5 0.0514816

40 5 0.0474725

41 5 0.0432761

42 5 0.0389088

43 5 0.0343881

44 5 0.0297316

45 5 0.0249578

46 5 0.0200854

47 5 0.0151339

48 5 0.0101225

49 5 0.00507128

50 5 0

0 6 0

1 6 0.00604129

2 6 0.0120587

3 6 0.0180286

4 6 0.0239273

5 6 0.0297316

6 6 0.0354185

7 6 0.0409657

8 6 0.0463512

9 6 0.0515537

10 6 0.0565528

11 6 0.0613287

12 6 0.0658626

13 6 0.0701366

14 6 0.0741337

15 6 0.0778383

16 6 0.0812357

17 6 0.0843125

18 6 0.0870565

19 6 0.089457

20 6 0.0915044

21 6 0.0931907

22 6 0.0945092

23 6 0.0954547

24 6 0.0960236

25 6 0.0962134

26 6 0.0960236

27 6 0.0954547

28 6 0.0945092

29 6 0.0931907

30 6 0.0915044

31 6 0.089457

32 6 0.0870565

33 6 0.0843125

34 6 0.0812357

35 6 0.0778383

36 6 0.0741337

37 6 0.0701366

38 6 0.0658626

39 6 0.0613287

40 6 0.0565528

41 6 0.0515537

42 6 0.0463512

43 6 0.0409657

44 6 0.0354185

45 6 0.0297316

46 6 0.0239273

47 6 0.0180286

48 6 0.0120587

49 6 0.00604129

50 6 0

0 7 0

1 7 0.00698746

2 7 0.0139473

3 7 0.0208522

4 7 0.0276747

5 7 0.0343881

6 7 0.0409657

7 7 0.0473816

8 7 0.0536106

9 7 0.0596279

10 7 0.06541

11 7 0.0709339

12 7 0.0761779

13 7 0.0811212

14 7 0.0857443

15 7 0.0900291

16 7 0.0939586

17 7 0.0975173

18 7 0.100691

19 7 0.103467

20 7 0.105836

21 7 0.107786

22 7 0.109311

23 7 0.110405

24 7 0.111063

25 7 0.111282

26 7 0.111063

27 7 0.110405

28 7 0.109311

29 7 0.107786

30 7 0.105836

31 7 0.103467

32 7 0.100691

33 7 0.0975173

34 7 0.0939586

35 7 0.0900291

36 7 0.0857443

37 7 0.0811212

38 7 0.0761779

39 7 0.0709339

40 7 0.06541

41 7 0.0596279

42 7 0.0536106

43 7 0.0473816

44 7 0.0409657

45 7 0.0343881

46 7 0.0276747

47 7 0.0208522

48 7 0.0139473

49 7 0.00698746

50 7 0

0 8 0

1 8 0.00790606

2 8 0.0157809

3 8 0.0235935

4 8 0.031313

5 8 0.0389088

6 8 0.0463512

7 8 0.0536106

8 8 0.0606584

9 8 0.0674668

10 8 0.074009

11 8 0.0802591

12 8 0.0861924

13 8 0.0917856

14 8 0.0970166

15 8 0.101865

16 8 0.106311

17 8 0.110337

18 8 0.113928

19 8 0.11707

20 8 0.119749

21 8 0.121956

22 8 0.123681

23 8 0.124919

24 8 0.125663

25 8 0.125912

26 8 0.125663

27 8 0.124919

28 8 0.123681

29 8 0.121956

30 8 0.119749

31 8 0.11707

32 8 0.113928

33 8 0.110337

34 8 0.106311

35 8 0.101865

36 8 0.0970166

37 8 0.0917856

38 8 0.0861924

39 8 0.0802591

40 8 0.074009

41 8 0.0674668

42 8 0.0606584

43 8 0.0536106

44 8 0.0463512

45 8 0.0389088

46 8 0.031313

47 8 0.0235935

48 8 0.0157809

49 8 0.00790606

50 8 0

0 9 0

1 9 0.00879345

2 9 0.0175522

3 9 0.0262417

4 9 0.0348276

5 9 0.0432761

6 9 0.0515537

7 9 0.0596279

8 9 0.0674668

9 9 0.0750395

10 9 0.0823159

11 9 0.0892676

12 9 0.0958669

13 9 0.102088

14 9 0.107906

15 9 0.113298

16 9 0.118243

17 9 0.122722

18 9 0.126716

19 9 0.13021

20 9 0.13319

21 9 0.135645

22 9 0.137564

23 9 0.13894

24 9 0.139768

25 9 0.140044

26 9 0.139768

27 9 0.13894

28 9 0.137564

29 9 0.135645

30 9 0.13319

31 9 0.13021

32 9 0.126716

33 9 0.122722

34 9 0.118243

35 9 0.113298

36 9 0.107906

37 9 0.102088

38 9 0.0958669

39 9 0.0892676

40 9 0.0823159

41 9 0.0750395

42 9 0.0674668

43 9 0.0596279

44 9 0.0515537

45 9 0.0432761

46 9 0.0348276

47 9 0.0262417

48 9 0.0175522

49 9 0.00879345

50 9 0

0 10 0

1 10 0.00964614

2 10 0.0192542

3 10 0.0287863

4 10 0.0382048

5 10 0.0474725

6 10 0.0565528

7 10 0.06541

8 10 0.074009

9 10 0.0823159

10 10 0.090298

11 10 0.0979237

12 10 0.105163

13 10 0.111987

14 10 0.118369

15 10 0.124285

16 10 0.129709

17 10 0.134622

18 10 0.139003

19 10 0.142836

20 10 0.146105

21 10 0.148798

22 10 0.150903

23 10 0.152413

24 10 0.153321

25 10 0.153624

26 10 0.153321

27 10 0.152413

28 10 0.150903

29 10 0.148798

30 10 0.146105

31 10 0.142836

32 10 0.139003

33 10 0.134622

34 10 0.129709

35 10 0.124285

36 10 0.118369

37 10 0.111987

38 10 0.105163

39 10 0.0979237

40 10 0.090298

41 10 0.0823159

42 10 0.074009

43 10 0.06541

44 10 0.0565528

45 10 0.0474725

46 10 0.0382048

47 10 0.0287863

48 10 0.0192542

49 10 0.00964614

50 10 0

0 11 0

1 11 0.0104608

2 11 0.0208802

3 11 0.0312173

4 11 0.0414312

5 11 0.0514816

6 11 0.0613287

7 11 0.0709339

8 11 0.0802591

9 11 0.0892676

10 11 0.0979237

11 11 0.106193

12 11 0.114044

13 11 0.121445

14 11 0.128366

15 11 0.13478

16 11 0.140663

17 11 0.145991

18 11 0.150742

19 11 0.154899

20 11 0.158444

21 11 0.161364

22 11 0.163647

23 11 0.165284

24 11 0.166269

25 11 0.166598

26 11 0.166269

27 11 0.165284

28 11 0.163647

29 11 0.161364

30 11 0.158444

31 11 0.154899

32 11 0.150742

33 11 0.145991

34 11 0.140663

35 11 0.13478

36 11 0.128366

37 11 0.121445

38 11 0.114044

39 11 0.106193

40 11 0.0979237

41 11 0.0892676

42 11 0.0802591

43 11 0.0709339

44 11 0.0613287

45 11 0.0514816

46 11 0.0414312

47 11 0.0312173

48 11 0.0208802

49 11 0.0104608

50 11 0

0 12 0

1 12 0.0112341

2 12 0.0224239

3 12 0.0335251

4 12 0.0444941

5 12 0.0552874

6 12 0.0658626

7 12 0.0761779

8 12 0.0861924

9 12 0.0958669

10 12 0.105163

11 12 0.114044

12 12 0.122475

13 12 0.130423

14 12 0.137856

15 12 0.144744

16 12 0.151062

17 12 0.156783

18 12 0.161886

19 12 0.16635

20 12 0.170157

21 12 0.173293

22 12 0.175745

23 12 0.177503

24 12 0.178561

25 12 0.178914

26 12 0.178561

27 12 0.177503

28 12 0.175745

29 12 0.173293

30 12 0.170157

31 12 0.16635

32 12 0.161886

33 12 0.156783

34 12 0.151062

35 12 0.144744

36 12 0.137856

37 12 0.130423

38 12 0.122475

39 12 0.114044

40 12 0.105163

41 12 0.0958669

42 12 0.0861924

43 12 0.0761779

44 12 0.0658626

45 12 0.0552874

46 12 0.0444941

47 12 0.0335251

48 12 0.0224239

49 12 0.0112341

50 12 0

0 13 0

1 13 0.0119631

2 13 0.023879

3 13 0.0357006

4 13 0.0473814

5 13 0.0588752

6 13 0.0701366

7 13 0.0811212

8 13 0.0917856

9 13 0.102088

10 13 0.111987

11 13 0.121445

12 13 0.130423

13 13 0.138886

14 13 0.146801

15 13 0.154137

16 13 0.160865

17 13 0.166957

18 13 0.172391

19 13 0.177145

20 13 0.181199

21 13 0.184538

22 13 0.187149

23 13 0.189022

24 13 0.190148

25 13 0.190524

26 13 0.190148

27 13 0.189022

28 13 0.187149

29 13 0.184538

30 13 0.181199

31 13 0.177145

32 13 0.172391

33 13 0.166957

34 13 0.160865

35 13 0.154137

36 13 0.146801

37 13 0.138886

38 13 0.130423

39 13 0.121445

40 13 0.111987

41 13 0.102088

42 13 0.0917856

43 13 0.0811212

44 13 0.0701366

45 13 0.0588752

46 13 0.0473814

47 13 0.0357006

48 13 0.023879

49 13 0.0119631

50 13 0

0 14 0

1 14 0.0126449

2 14 0.0252399

3 14 0.0377353

4 14 0.0500817

5 14 0.0622305

6 14 0.0741337

7 14 0.0857443

8 14 0.0970166

9 14 0.107906

10 14 0.118369

11 14 0.128366

12 14 0.137856

13 14 0.146801

14 14 0.155168

15 14 0.162922

16 14 0.170033

17 14 0.176473

18 14 0.182216

19 14 0.18724

20 14 0.191526

21 14 0.195055

22 14 0.197815

23 14 0.199794

24 14 0.200985

25 14 0.201382

26 14 0.200985

27 14 0.199794

28 14 0.197815

29 14 0.195055

30 14 0.191526

31 14 0.18724

32 14 0.182216

33 14 0.176473

34 14 0.170033

35 14 0.162922

36 14 0.155168

37 14 0.146801

38 14 0.137856

39 14 0.128366

40 14 0.118369

41 14 0.107906

42 14 0.0970166

43 14 0.0857443

44 14 0.0741337

45 14 0.0622305

46 14 0.0500817

47 14 0.0377353

48 14 0.0252399

49 14 0.0126449

50 14 0

0 15 0

1 15 0.0132768

2 15 0.0265012

3 15 0.0396209

4 15 0.0525844

5 15 0.0653403

6 15 0.0778383

7 15 0.0900291

8 15 0.101865

9 15 0.113298

10 15 0.124285

11 15 0.13478

12 15 0.144744

13 15 0.154137

14 15 0.162922

15 15 0.171063

16 15 0.178529

17 15 0.185291

18 15 0.191322

19 15 0.196597

20 15 0.201097

21 15 0.204803

22 15 0.2077

23 15 0.209778

24 15 0.211028

25 15 0.211446

26 15 0.211028

27 15 0.209778

28 15 0.2077

29 15 0.204803

30 15 0.201097

31 15 0.196597

32 15 0.191322

33 15 0.185291

34 15 0.178529

35 15 0.171063

36 15 0.162922

37 15 0.154137

38 15 0.144744

39 15 0.13478

40 15 0.124285

41 15 0.113298

42 15 0.101865

43 15 0.0900291

44 15 0.0778383

45 15 0.0653403

46 15 0.0525844

47 15 0.0396209

48 15 0.0265012

49 15 0.0132768

50 15 0

0 16 0

1 16 0.0138563

2 16 0.0276578

3 16 0.0413503

4 16 0.0548795

5 16 0.0681921

6 16 0.0812357

7 16 0.0939586

8 16 0.106311

9 16 0.118243

10 16 0.129709

11 16 0.140663

12 16 0.151062

13 16 0.160865

14 16 0.170033

15 16 0.178529

16 16 0.186322

17 16 0.193378

18 16 0.199672

19 16 0.205178

20 16 0.209874

21 16 0.213742

22 16 0.216766

23 16 0.218934

24 16 0.220239

25 16 0.220674

26 16 0.220239

27 16 0.218934

28 16 0.216766

29 16 0.213742

30 16 0.209874

31 16 0.205178

32 16 0.199672

33 16 0.193378

34 16 0.186322

35 16 0.178529

36 16 0.170033

37 16 0.160865

38 16 0.151062

39 16 0.140663

40 16 0.129709

41 16 0.118243

42 16 0.106311

43 16 0.0939586

44 16 0.0812357

45 16 0.0681921

46 16 0.0548795

47 16 0.0413503

48 16 0.0276578

49 16 0.0138563

50 16 0

0 17 0

1 17 0.0143811

2 17 0.0287054

3 17 0.0429164

4 17 0.056958

5 17 0.0707749

6 17 0.0843125

7 17 0.0975173

8 17 0.110337

9 17 0.122722

10 17 0.134622

11 17 0.145991

12 17 0.156783

13 17 0.166957

14 17 0.176473

15 17 0.185291

16 17 0.193378

17 17 0.200703

18 17 0.207235

19 17 0.212949

20 17 0.217823

21 17 0.221837

22 17 0.224976

23 17 0.227226

24 17 0.22858

25 17 0.229032

26 17 0.22858

27 17 0.227226

28 17 0.224976

29 17 0.221837

30 17 0.217823

31 17 0.212949

32 17 0.207235

33 17 0.200703

34 17 0.193378

35 17 0.185291

36 17 0.176473

37 17 0.166957

38 17 0.156783

39 17 0.145991

40 17 0.134622

41 17 0.122722

42 17 0.110337

43 17 0.0975173

44 17 0.0843125

45 17 0.0707749

46 17 0.056958

47 17 0.0429164

48 17 0.0287054

49 17 0.0143811

50 17 0

0 18 0

1 18 0.0148491

2 18 0.0296396

3 18 0.0443132

4 18 0.0588118

5 18 0.0730784

6 18 0.0870565

7 18 0.100691

8 18 0.113928

9 18 0.126716

10 18 0.139003

11 18 0.150742

12 18 0.161886

13 18 0.172391

14 18 0.182216

15 18 0.191322

16 18 0.199672

17 18 0.207235

18 18 0.213979

19 18 0.21988

20 18 0.224912

21 18 0.229057

22 18 0.232298

23 18 0.234622

24 18 0.23602

25 18 0.236487

26 18 0.23602

27 18 0.234622

28 18 0.232298

29 18 0.229057

30 18 0.224912

31 18 0.21988

32 18 0.213979

33 18 0.207235

34 18 0.199672

35 18 0.191322

36 18 0.182216

37 18 0.172391

38 18 0.161886

39 18 0.150742

40 18 0.139003

41 18 0.126716

42 18 0.113928

43 18 0.100691

44 18 0.0870565

45 18 0.0730784

46 18 0.0588118

47 18 0.0443132

48 18 0.0296396

49 18 0.0148491

50 18 0

0 19 0

1 19 0.0152586

2 19 0.0304569

3 19 0.045535

4 19 0.0604335

5 19 0.0750934

6 19 0.089457

7 19 0.103467

8 19 0.11707

9 19 0.13021

10 19 0.142836

11 19 0.154899

12 19 0.16635

13 19 0.177145

14 19 0.18724

15 19 0.196597

16 19 0.205178

17 19 0.212949

18 19 0.21988

19 19 0.225943

20 19 0.231114

21 19 0.235373

22 19 0.238703

23 19 0.241091

24 19 0.242528

25 19 0.243007

26 19 0.242528

27 19 0.241091

28 19 0.238703

29 19 0.235373

30 19 0.231114

31 19 0.225943

32 19 0.21988

33 19 0.212949

34 19 0.205178

35 19 0.196597

36 19 0.18724

37 19 0.177145

38 19 0.16635

39 19 0.154899

40 19 0.142836

41 19 0.13021

42 19 0.11707

43 19 0.103467

44 19 0.089457

45 19 0.0750934

46 19 0.0604335

47 19 0.045535

48 19 0.0304569

49 19 0.0152586

50 19 0

0 20 0

1 20 0.0156078

2 20 0.031154

3 20 0.0465772

4 20 0.0618166

5 20 0.0768121

6 20 0.0915044

7 20 0.105836

8 20 0.119749

9 20 0.13319

10 20 0.146105

11 20 0.158444

12 20 0.170157

13 20 0.181199

14 20 0.191526

15 20 0.201097

16 20 0.209874

17 20 0.217823

18 20 0.224912

19 20 0.231114

20 20 0.236403

21 20 0.24076

22 20 0.244166

23 20 0.246609

24 20 0.248079

25 20 0.248569

26 20 0.248079

27 20 0.246609

28 20 0.244166

29 20 0.24076

30 20 0.236403

31 20 0.231114

32 20 0.224912

33 20 0.217823

34 20 0.209874

35 20 0.201097

36 20 0.191526

37 20 0.181199

38 20 0.170157

39 20 0.158444

40 20 0.146105

41 20 0.13319

42 20 0.119749

43 20 0.105836

44 20 0.0915044

45 20 0.0768121

46 20 0.0618166

47 20 0.0465772

48 20 0.031154

49 20 0.0156078

50 20 0

0 21 0

1 21 0.0158954

2 21 0.0317281

3 21 0.0474356

4 21 0.0629558

5 21 0.0782276

6 21 0.0931907

7 21 0.107786

8 21 0.121956

9 21 0.135645

10 21 0.148798

11 21 0.161364

12 21 0.173293

13 21 0.184538

14 21 0.195055

15 21 0.204803

16 21 0.213742

17 21 0.221837

18 21 0.229057

19 21 0.235373

20 21 0.24076

21 21 0.245197

22 21 0.248666

23 21 0.251154

24 21 0.25265

25 21 0.25315

26 21 0.25265

27 21 0.251154

28 21 0.248666

29 21 0.245197

30 21 0.24076

31 21 0.235373

32 21 0.229057

33 21 0.221837

34 21 0.213742

35 21 0.204803

36 21 0.195055

37 21 0.184538

38 21 0.173293

39 21 0.161364

40 21 0.148798

41 21 0.135645

42 21 0.121956

43 21 0.107786

44 21 0.0931907

45 21 0.0782276

46 21 0.0629558

47 21 0.0474356

48 21 0.0317281

49 21 0.0158954

50 21 0

0 22 0

1 22 0.0161203

2 22 0.032177

3 22 0.0481067

4 22 0.0638466

5 22 0.0793344

6 22 0.0945092

7 22 0.109311

8 22 0.123681

9 22 0.137564

10 22 0.150903

11 22 0.163647

12 22 0.175745

13 22 0.187149

14 22 0.197815

15 22 0.2077

16 22 0.216766

17 22 0.224976

18 22 0.232298

19 22 0.238703

20 22 0.244166

21 22 0.248666

22 22 0.252184

23 22 0.254707

24 22 0.256225

25 22 0.256732

26 22 0.256225

27 22 0.254707

28 22 0.252184

29 22 0.248666

30 22 0.244166

31 22 0.238703

32 22 0.232298

33 22 0.224976

34 22 0.216766

35 22 0.2077

36 22 0.197815

37 22 0.187149

38 22 0.175745

39 22 0.163647

40 22 0.150903

41 22 0.137564

42 22 0.123681

43 22 0.109311

44 22 0.0945092

45 22 0.0793344

46 22 0.0638466

47 22 0.0481067

48 22 0.032177

49 22 0.0161203

50 22 0

0 23 0

1 23 0.0162816

2 23 0.0324989

3 23 0.048588

4 23 0.0644853

5 23 0.0801281

6 23 0.0954547

7 23 0.110405

8 23 0.124919

9 23 0.13894

10 23 0.152413

11 23 0.165284

12 23 0.177503

13 23 0.189022

14 23 0.199794

15 23 0.209778

16 23 0.218934

17 23 0.227226

18 23 0.234622

19 23 0.241091

20 23 0.246609

21 23 0.251154

22 23 0.254707

23 23 0.257255

24 23 0.258788

25 23 0.2593

26 23 0.258788

27 23 0.257255

28 23 0.254707

29 23 0.251154

30 23 0.246609

31 23 0.241091

32 23 0.234622

33 23 0.227226

34 23 0.218934

35 23 0.209778

36 23 0.199794

37 23 0.189022

38 23 0.177503

39 23 0.165284

40 23 0.152413

41 23 0.13894

42 23 0.124919

43 23 0.110405

44 23 0.0954547

45 23 0.0801281

46 23 0.0644853

47 23 0.048588

48 23 0.0324989

49 23 0.0162816

50 23 0

0 24 0

1 24 0.0163786

2 24 0.0326926

3 24 0.0488775

4 24 0.0648696

5 24 0.0806056

6 24 0.0960236

7 24 0.111063

8 24 0.125663

9 24 0.139768

10 24 0.153321

11 24 0.166269

12 24 0.178561

13 24 0.190148

14 24 0.200985

15 24 0.211028

16 24 0.220239

17 24 0.22858

18 24 0.23602

19 24 0.242528

20 24 0.248079

21 24 0.25265

22 24 0.256225

23 24 0.258788

24 24 0.260331

25 24 0.260845

26 24 0.260331

27 24 0.258788

28 24 0.256225

29 24 0.25265

30 24 0.248079

31 24 0.242528

32 24 0.23602

33 24 0.22858

34 24 0.220239

35 24 0.211028

36 24 0.200985

37 24 0.190148

38 24 0.178561

39 24 0.166269

40 24 0.153321

41 24 0.139768

42 24 0.125663

43 24 0.111063

44 24 0.0960236

45 24 0.0806056

46 24 0.0648696

47 24 0.0488775

48 24 0.0326926

49 24 0.0163786

50 24 0

0 25 0

1 25 0.016411

2 25 0.0327572

3 25 0.0489742

4 25 0.0649978

5 25 0.080765

6 25 0.0962134

7 25 0.111282

8 25 0.125912

9 25 0.140044

10 25 0.153624

11 25 0.166598

12 25 0.178914

13 25 0.190524

14 25 0.201382

15 25 0.211446

16 25 0.220674

17 25 0.229032

18 25 0.236487

19 25 0.243007

20 25 0.248569

21 25 0.25315

22 25 0.256732

23 25 0.2593

24 25 0.260845

25 25 0.261361

26 25 0.260845

27 25 0.2593

28 25 0.256732

29 25 0.25315

30 25 0.248569

31 25 0.243007

32 25 0.236487

33 25 0.229032

34 25 0.220674

35 25 0.211446

36 25 0.201382

37 25 0.190524

38 25 0.178914

39 25 0.166598

40 25 0.153624

41 25 0.140044

42 25 0.125912

43 25 0.111282

44 25 0.0962134

45 25 0.080765

46 25 0.0649978

47 25 0.0489742

48 25 0.0327572

49 25 0.016411

50 25 0

0 26 0

1 26 0.0163786

2 26 0.0326926

3 26 0.0488775

4 26 0.0648696

5 26 0.0806056

6 26 0.0960236

7 26 0.111063

8 26 0.125663

9 26 0.139768

10 26 0.153321

11 26 0.166269

12 26 0.178561

13 26 0.190148

14 26 0.200985

15 26 0.211028

16 26 0.220239

17 26 0.22858

18 26 0.23602

19 26 0.242528

20 26 0.248079

21 26 0.25265

22 26 0.256225

23 26 0.258788

24 26 0.260331

25 26 0.260845

26 26 0.260331

27 26 0.258788

28 26 0.256225

29 26 0.25265

30 26 0.248079

31 26 0.242528

32 26 0.23602

33 26 0.22858

34 26 0.220239

35 26 0.211028

36 26 0.200985

37 26 0.190148

38 26 0.178561

39 26 0.166269

40 26 0.153321

41 26 0.139768

42 26 0.125663

43 26 0.111063

44 26 0.0960236

45 26 0.0806056

46 26 0.0648696

47 26 0.0488775

48 26 0.0326926

49 26 0.0163786

50 26 0

0 27 0

1 27 0.0162816

2 27 0.0324989

3 27 0.048588

4 27 0.0644853

5 27 0.0801281

6 27 0.0954547

7 27 0.110405

8 27 0.124919

9 27 0.13894

10 27 0.152413

11 27 0.165284

12 27 0.177503

13 27 0.189022

14 27 0.199794

15 27 0.209778

16 27 0.218934

17 27 0.227226

18 27 0.234622

19 27 0.241091

20 27 0.246609

21 27 0.251154

22 27 0.254707

23 27 0.257255

24 27 0.258788

25 27 0.2593

26 27 0.258788

27 27 0.257255

28 27 0.254707

29 27 0.251154

30 27 0.246609

31 27 0.241091

32 27 0.234622

33 27 0.227226

34 27 0.218934

35 27 0.209778

36 27 0.199794

37 27 0.189022

38 27 0.177503

39 27 0.165284

40 27 0.152413

41 27 0.13894

42 27 0.124919

43 27 0.110405

44 27 0.0954547

45 27 0.0801281

46 27 0.0644853

47 27 0.048588

48 27 0.0324989

49 27 0.0162816

50 27 0

0 28 0

1 28 0.0161203

2 28 0.032177

3 28 0.0481067

4 28 0.0638466

5 28 0.0793344

6 28 0.0945092

7 28 0.109311

8 28 0.123681

9 28 0.137564

10 28 0.150903

11 28 0.163647

12 28 0.175745

13 28 0.187149

14 28 0.197815

15 28 0.2077

16 28 0.216766

17 28 0.224976

18 28 0.232298

19 28 0.238703

20 28 0.244166

21 28 0.248666

22 28 0.252184

23 28 0.254707

24 28 0.256225

25 28 0.256732

26 28 0.256225

27 28 0.254707

28 28 0.252184

29 28 0.248666

30 28 0.244166

31 28 0.238703

32 28 0.232298

33 28 0.224976

34 28 0.216766

35 28 0.2077

36 28 0.197815

37 28 0.187149

38 28 0.175745

39 28 0.163647

40 28 0.150903

41 28 0.137564

42 28 0.123681

43 28 0.109311

44 28 0.0945092

45 28 0.0793344

46 28 0.0638466

47 28 0.0481067

48 28 0.032177

49 28 0.0161203

50 28 0

0 29 0

1 29 0.0158954

2 29 0.0317281

3 29 0.0474356

4 29 0.0629558

5 29 0.0782276

6 29 0.0931907

7 29 0.107786

8 29 0.121956

9 29 0.135645

10 29 0.148798

11 29 0.161364

12 29 0.173293

13 29 0.184538

14 29 0.195055

15 29 0.204803

16 29 0.213742

17 29 0.221837

18 29 0.229057

19 29 0.235373

20 29 0.24076

21 29 0.245197

22 29 0.248666

23 29 0.251154

24 29 0.25265

25 29 0.25315

26 29 0.25265

27 29 0.251154

28 29 0.248666

29 29 0.245197

30 29 0.24076

31 29 0.235373

32 29 0.229057

33 29 0.221837

34 29 0.213742

35 29 0.204803

36 29 0.195055

37 29 0.184538

38 29 0.173293

39 29 0.161364

40 29 0.148798

41 29 0.135645

42 29 0.121956

43 29 0.107786

44 29 0.0931907

45 29 0.0782276

46 29 0.0629558

47 29 0.0474356

48 29 0.0317281

49 29 0.0158954

50 29 0

0 30 0

1 30 0.0156078

2 30 0.031154

3 30 0.0465772

4 30 0.0618166

5 30 0.0768121

6 30 0.0915044

7 30 0.105836

8 30 0.119749

9 30 0.13319

10 30 0.146105

11 30 0.158444

12 30 0.170157

13 30 0.181199

14 30 0.191526

15 30 0.201097

16 30 0.209874

17 30 0.217823

18 30 0.224912

19 30 0.231114

20 30 0.236403

21 30 0.24076

22 30 0.244166

23 30 0.246609

24 30 0.248079

25 30 0.248569

26 30 0.248079

27 30 0.246609

28 30 0.244166

29 30 0.24076

30 30 0.236403

31 30 0.231114

32 30 0.224912

33 30 0.217823

34 30 0.209874

35 30 0.201097

36 30 0.191526

37 30 0.181199

38 30 0.170157

39 30 0.158444

40 30 0.146105

41 30 0.13319

42 30 0.119749

43 30 0.105836

44 30 0.0915044

45 30 0.0768121

46 30 0.0618166

47 30 0.0465772

48 30 0.031154

49 30 0.0156078

50 30 0

0 31 0

1 31 0.0152586

2 31 0.0304569

3 31 0.045535

4 31 0.0604335

5 31 0.0750934

6 31 0.089457

7 31 0.103467

8 31 0.11707

9 31 0.13021

10 31 0.142836

11 31 0.154899

12 31 0.16635

13 31 0.177145

14 31 0.18724

15 31 0.196597

16 31 0.205178

17 31 0.212949

18 31 0.21988

19 31 0.225943

20 31 0.231114

21 31 0.235373

22 31 0.238703

23 31 0.241091

24 31 0.242528

25 31 0.243007

26 31 0.242528

27 31 0.241091

28 31 0.238703

29 31 0.235373

30 31 0.231114

31 31 0.225943

32 31 0.21988

33 31 0.212949

34 31 0.205178

35 31 0.196597

36 31 0.18724

37 31 0.177145

38 31 0.16635

39 31 0.154899

40 31 0.142836

41 31 0.13021

42 31 0.11707

43 31 0.103467

44 31 0.089457

45 31 0.0750934

46 31 0.0604335

47 31 0.045535

48 31 0.0304569

49 31 0.0152586

50 31 0

0 32 0

1 32 0.0148491

2 32 0.0296396

3 32 0.0443132

4 32 0.0588118

5 32 0.0730784

6 32 0.0870565

7 32 0.100691

8 32 0.113928

9 32 0.126716

10 32 0.139003

11 32 0.150742

12 32 0.161886

13 32 0.172391

14 32 0.182216

15 32 0.191322

16 32 0.199672

17 32 0.207235

18 32 0.213979

19 32 0.21988

20 32 0.224912

21 32 0.229057

22 32 0.232298

23 32 0.234622

24 32 0.23602

25 32 0.236487

26 32 0.23602

27 32 0.234622

28 32 0.232298

29 32 0.229057

30 32 0.224912

31 32 0.21988

32 32 0.213979

33 32 0.207235

34 32 0.199672

35 32 0.191322

36 32 0.182216

37 32 0.172391

38 32 0.161886

39 32 0.150742

40 32 0.139003

41 32 0.126716

42 32 0.113928

43 32 0.100691

44 32 0.0870565

45 32 0.0730784

46 32 0.0588118

47 32 0.0443132

48 32 0.0296396

49 32 0.0148491

50 32 0

0 33 0

1 33 0.0143811

2 33 0.0287054

3 33 0.0429164

4 33 0.056958

5 33 0.0707749

6 33 0.0843125

7 33 0.0975173

8 33 0.110337

9 33 0.122722

10 33 0.134622

11 33 0.145991

12 33 0.156783

13 33 0.166957

14 33 0.176473

15 33 0.185291

16 33 0.193378

17 33 0.200703

18 33 0.207235

19 33 0.212949

20 33 0.217823

21 33 0.221837

22 33 0.224976

23 33 0.227226

24 33 0.22858

25 33 0.229032

26 33 0.22858

27 33 0.227226

28 33 0.224976

29 33 0.221837

30 33 0.217823

31 33 0.212949

32 33 0.207235

33 33 0.200703

34 33 0.193378

35 33 0.185291

36 33 0.176473

37 33 0.166957

38 33 0.156783

39 33 0.145991

40 33 0.134622

41 33 0.122722

42 33 0.110337

43 33 0.0975173

44 33 0.0843125

45 33 0.0707749

46 33 0.056958

47 33 0.0429164

48 33 0.0287054

49 33 0.0143811

50 33 0

0 34 0

1 34 0.0138563

2 34 0.0276578

3 34 0.0413503

4 34 0.0548795

5 34 0.0681921

6 34 0.0812357

7 34 0.0939586

8 34 0.106311

9 34 0.118243

10 34 0.129709

11 34 0.140663

12 34 0.151062

13 34 0.160865

14 34 0.170033

15 34 0.178529

16 34 0.186322

17 34 0.193378

18 34 0.199672

19 34 0.205178

20 34 0.209874

21 34 0.213742

22 34 0.216766

23 34 0.218934

24 34 0.220239

25 34 0.220674

26 34 0.220239

27 34 0.218934

28 34 0.216766

29 34 0.213742

30 34 0.209874

31 34 0.205178

32 34 0.199672

33 34 0.193378

34 34 0.186322

35 34 0.178529

36 34 0.170033

37 34 0.160865

38 34 0.151062

39 34 0.140663

40 34 0.129709

41 34 0.118243

42 34 0.106311

43 34 0.0939586

44 34 0.0812357

45 34 0.0681921

46 34 0.0548795

47 34 0.0413503

48 34 0.0276578

49 34 0.0138563

50 34 0

0 35 0

1 35 0.0132768

2 35 0.0265012

3 35 0.0396209

4 35 0.0525844

5 35 0.0653403

6 35 0.0778383

7 35 0.0900291

8 35 0.101865

9 35 0.113298

10 35 0.124285

11 35 0.13478

12 35 0.144744

13 35 0.154137

14 35 0.162922

15 35 0.171063

16 35 0.178529

17 35 0.185291

18 35 0.191322

19 35 0.196597

20 35 0.201097

21 35 0.204803

22 35 0.2077

23 35 0.209778

24 35 0.211028

25 35 0.211446

26 35 0.211028

27 35 0.209778

28 35 0.2077

29 35 0.204803

30 35 0.201097

31 35 0.196597

32 35 0.191322

33 35 0.185291

34 35 0.178529

35 35 0.171063

36 35 0.162922

37 35 0.154137

38 35 0.144744

39 35 0.13478

40 35 0.124285

41 35 0.113298

42 35 0.101865

43 35 0.0900291

44 35 0.0778383

45 35 0.0653403

46 35 0.0525844

47 35 0.0396209

48 35 0.0265012

49 35 0.0132768

50 35 0

0 36 0

1 36 0.0126449

2 36 0.0252399

3 36 0.0377353

4 36 0.0500817

5 36 0.0622305

6 36 0.0741337

7 36 0.0857443

8 36 0.0970166

9 36 0.107906

10 36 0.118369

11 36 0.128366

12 36 0.137856

13 36 0.146801

14 36 0.155168

15 36 0.162922

16 36 0.170033

17 36 0.176473

18 36 0.182216

19 36 0.18724

20 36 0.191526

21 36 0.195055

22 36 0.197815

23 36 0.199794

24 36 0.200985

25 36 0.201382

26 36 0.200985

27 36 0.199794

28 36 0.197815

29 36 0.195055

30 36 0.191526

31 36 0.18724

32 36 0.182216

33 36 0.176473

34 36 0.170033

35 36 0.162922

36 36 0.155168

37 36 0.146801

38 36 0.137856

39 36 0.128366

40 36 0.118369

41 36 0.107906

42 36 0.0970166

43 36 0.0857443

44 36 0.0741337

45 36 0.0622305

46 36 0.0500817

47 36 0.0377353

48 36 0.0252399

49 36 0.0126449

50 36 0

0 37 0

1 37 0.0119631

2 37 0.023879

3 37 0.0357006

4 37 0.0473814

5 37 0.0588752

6 37 0.0701366

7 37 0.0811212

8 37 0.0917856

9 37 0.102088

10 37 0.111987

11 37 0.121445

12 37 0.130423

13 37 0.138886

14 37 0.146801

15 37 0.154137

16 37 0.160865

17 37 0.166957

18 37 0.172391

19 37 0.177145

20 37 0.181199

21 37 0.184538

22 37 0.187149

23 37 0.189022

24 37 0.190148

25 37 0.190524

26 37 0.190148

27 37 0.189022

28 37 0.187149

29 37 0.184538

30 37 0.181199

31 37 0.177145

32 37 0.172391

33 37 0.166957

34 37 0.160865

35 37 0.154137

36 37 0.146801

37 37 0.138886

38 37 0.130423

39 37 0.121445

40 37 0.111987

41 37 0.102088

42 37 0.0917856

43 37 0.0811212

44 37 0.0701366

45 37 0.0588752

46 37 0.0473814

47 37 0.0357006

48 37 0.023879

49 37 0.0119631

50 37 0

0 38 0

1 38 0.0112341

2 38 0.0224239

3 38 0.0335251

4 38 0.0444941

5 38 0.0552874

6 38 0.0658626

7 38 0.0761779

8 38 0.0861924

9 38 0.0958669

10 38 0.105163

11 38 0.114044

12 38 0.122475

13 38 0.130423

14 38 0.137856

15 38 0.144744

16 38 0.151062

17 38 0.156783

18 38 0.161886

19 38 0.16635

20 38 0.170157

21 38 0.173293

22 38 0.175745

23 38 0.177503

24 38 0.178561

25 38 0.178914

26 38 0.178561

27 38 0.177503

28 38 0.175745

29 38 0.173293

30 38 0.170157

31 38 0.16635

32 38 0.161886

33 38 0.156783

34 38 0.151062

35 38 0.144744

36 38 0.137856

37 38 0.130423

38 38 0.122475

39 38 0.114044

40 38 0.105163

41 38 0.0958669

42 38 0.0861924

43 38 0.0761779

44 38 0.0658626

45 38 0.0552874

46 38 0.0444941

47 38 0.0335251

48 38 0.0224239

49 38 0.0112341

50 38 0

0 39 0

1 39 0.0104608

2 39 0.0208802

3 39 0.0312173

4 39 0.0414312

5 39 0.0514816

6 39 0.0613287

7 39 0.0709339

8 39 0.0802591

9 39 0.0892676

10 39 0.0979237

11 39 0.106193

12 39 0.114044

13 39 0.121445

14 39 0.128366

15 39 0.13478

16 39 0.140663

17 39 0.145991

18 39 0.150742

19 39 0.154899

20 39 0.158444

21 39 0.161364

22 39 0.163647

23 39 0.165284

24 39 0.166269

25 39 0.166598

26 39 0.166269

27 39 0.165284

28 39 0.163647

29 39 0.161364

30 39 0.158444

31 39 0.154899

32 39 0.150742

33 39 0.145991

34 39 0.140663

35 39 0.13478

36 39 0.128366

37 39 0.121445

38 39 0.114044

39 39 0.106193

40 39 0.0979237

41 39 0.0892676

42 39 0.0802591

43 39 0.0709339

44 39 0.0613287

45 39 0.0514816

46 39 0.0414312

47 39 0.0312173

48 39 0.0208802

49 39 0.0104608

50 39 0

0 40 0

1 40 0.00964614

2 40 0.0192542

3 40 0.0287863

4 40 0.0382048

5 40 0.0474725

6 40 0.0565528

7 40 0.06541

8 40 0.074009

9 40 0.0823159

10 40 0.090298

11 40 0.0979237

12 40 0.105163

13 40 0.111987

14 40 0.118369

15 40 0.124285

16 40 0.129709

17 40 0.134622

18 40 0.139003

19 40 0.142836

20 40 0.146105

21 40 0.148798

22 40 0.150903

23 40 0.152413

24 40 0.153321

25 40 0.153624

26 40 0.153321

27 40 0.152413

28 40 0.150903

29 40 0.148798

30 40 0.146105

31 40 0.142836

32 40 0.139003

33 40 0.134622

34 40 0.129709

35 40 0.124285

36 40 0.118369

37 40 0.111987

38 40 0.105163

39 40 0.0979237

40 40 0.090298

41 40 0.0823159

42 40 0.074009

43 40 0.06541

44 40 0.0565528

45 40 0.0474725

46 40 0.0382048

47 40 0.0287863

48 40 0.0192542

49 40 0.00964614

50 40 0

0 41 0

1 41 0.00879345

2 41 0.0175522

3 41 0.0262417

4 41 0.0348276

5 41 0.0432761

6 41 0.0515537

7 41 0.0596279

8 41 0.0674668

9 41 0.0750395

10 41 0.0823159

11 41 0.0892676

12 41 0.0958669

13 41 0.102088

14 41 0.107906

15 41 0.113298

16 41 0.118243

17 41 0.122722

18 41 0.126716

19 41 0.13021

20 41 0.13319

21 41 0.135645

22 41 0.137564

23 41 0.13894

24 41 0.139768

25 41 0.140044

26 41 0.139768

27 41 0.13894

28 41 0.137564

29 41 0.135645

30 41 0.13319

31 41 0.13021

32 41 0.126716

33 41 0.122722

34 41 0.118243

35 41 0.113298

36 41 0.107906

37 41 0.102088

38 41 0.0958669

39 41 0.0892676

40 41 0.0823159

41 41 0.0750395

42 41 0.0674668

43 41 0.0596279

44 41 0.0515537

45 41 0.0432761

46 41 0.0348276

47 41 0.0262417

48 41 0.0175522

49 41 0.00879345

50 41 0

0 42 0

1 42 0.00790606

2 42 0.0157809

3 42 0.0235935

4 42 0.031313

5 42 0.0389088

6 42 0.0463512

7 42 0.0536106

8 42 0.0606584

9 42 0.0674668

10 42 0.074009

11 42 0.0802591

12 42 0.0861924

13 42 0.0917856

14 42 0.0970166

15 42 0.101865

16 42 0.106311

17 42 0.110337

18 42 0.113928

19 42 0.11707

20 42 0.119749

21 42 0.121956

22 42 0.123681

23 42 0.124919

24 42 0.125663

25 42 0.125912

26 42 0.125663

27 42 0.124919

28 42 0.123681

29 42 0.121956

30 42 0.119749

31 42 0.11707

32 42 0.113928

33 42 0.110337

34 42 0.106311

35 42 0.101865

36 42 0.0970166

37 42 0.0917856

38 42 0.0861924

39 42 0.0802591

40 42 0.074009

41 42 0.0674668

42 42 0.0606584

43 42 0.0536106

44 42 0.0463512

45 42 0.0389088

46 42 0.031313

47 42 0.0235935

48 42 0.0157809

49 42 0.00790606

50 42 0

0 43 0

1 43 0.00698746

2 43 0.0139473

3 43 0.0208522

4 43 0.0276747

5 43 0.0343881

6 43 0.0409657

7 43 0.0473816

8 43 0.0536106

9 43 0.0596279

10 43 0.06541

11 43 0.0709339

12 43 0.0761779

13 43 0.0811212

14 43 0.0857443

15 43 0.0900291

16 43 0.0939586

17 43 0.0975173

18 43 0.100691

19 43 0.103467

20 43 0.105836

21 43 0.107786

22 43 0.109311

23 43 0.110405

24 43 0.111063

25 43 0.111282

26 43 0.111063

27 43 0.110405

28 43 0.109311

29 43 0.107786

30 43 0.105836

31 43 0.103467

32 43 0.100691

33 43 0.0975173

34 43 0.0939586

35 43 0.0900291

36 43 0.0857443

37 43 0.0811212

38 43 0.0761779

39 43 0.0709339

40 43 0.06541

41 43 0.0596279

42 43 0.0536106

43 43 0.0473816

44 43 0.0409657

45 43 0.0343881

46 43 0.0276747

47 43 0.0208522

48 43 0.0139473

49 43 0.00698746

50 43 0

0 44 0

1 44 0.00604129

2 44 0.0120587

3 44 0.0180286

4 44 0.0239273

5 44 0.0297316

6 44 0.0354185

7 44 0.0409657

8 44 0.0463512

9 44 0.0515537

10 44 0.0565528

11 44 0.0613287

12 44 0.0658626

13 44 0.0701366

14 44 0.0741337

15 44 0.0778383

16 44 0.0812357

17 44 0.0843125

18 44 0.0870565

19 44 0.089457

20 44 0.0915044

21 44 0.0931907

22 44 0.0945092

23 44 0.0954547

24 44 0.0960236

25 44 0.0962134

26 44 0.0960236

27 44 0.0954547

28 44 0.0945092

29 44 0.0931907

30 44 0.0915044

31 44 0.089457

32 44 0.0870565

33 44 0.0843125

34 44 0.0812357

35 44 0.0778383

36 44 0.0741337

37 44 0.0701366

38 44 0.0658626

39 44 0.0613287

40 44 0.0565528

41 44 0.0515537

42 44 0.0463512

43 44 0.0409657

44 44 0.0354185

45 44 0.0297316

46 44 0.0239273

47 44 0.0180286

48 44 0.0120587

49 44 0.00604129

50 44 0

0 45 0

1 45 0.00507128

2 45 0.0101225

3 45 0.0151339

4 45 0.0200854

5 45 0.0249578

6 45 0.0297316

7 45 0.0343881

8 45 0.0389088

9 45 0.0432761

10 45 0.0474725

11 45 0.0514816

12 45 0.0552874

13 45 0.0588752

14 45 0.0622305

15 45 0.0653403

16 45 0.0681921

17 45 0.0707749

18 45 0.0730784

19 45 0.0750934

20 45 0.0768121

21 45 0.0782276

22 45 0.0793344

23 45 0.0801281

24 45 0.0806056

25 45 0.080765

26 45 0.0806056

27 45 0.0801281

28 45 0.0793344

29 45 0.0782276

30 45 0.0768121

31 45 0.0750934

32 45 0.0730784

33 45 0.0707749

34 45 0.0681921

35 45 0.0653403

36 45 0.0622305

37 45 0.0588752

38 45 0.0552874

39 45 0.0514816

40 45 0.0474725

41 45 0.0432761

42 45 0.0389088

43 45 0.0343881

44 45 0.0297316

45 45 0.0249578

46 45 0.0200854

47 45 0.0151339

48 45 0.0101225

49 45 0.00507128

50 45 0

0 46 0

1 46 0.00408125

2 46 0.00814639

3 46 0.0121794

4 46 0.0161643

5 46 0.0200854

6 46 0.0239273

7 46 0.0276747

8 46 0.031313

9 46 0.0348276

10 46 0.0382048

11 46 0.0414312

12 46 0.0444941

13 46 0.0473814

14 46 0.0500817

15 46 0.0525844

16 46 0.0548795

17 46 0.056958

18 46 0.0588118

19 46 0.0604335

20 46 0.0618166

21 46 0.0629558

22 46 0.0638466

23 46 0.0644853

24 46 0.0648696

25 46 0.0649978

26 46 0.0648696

27 46 0.0644853

28 46 0.0638466

29 46 0.0629558

30 46 0.0618166

31 46 0.0604335

32 46 0.0588118

33 46 0.056958

34 46 0.0548795

35 46 0.0525844

36 46 0.0500817

37 46 0.0473814

38 46 0.0444941

39 46 0.0414312

40 46 0.0382048

41 46 0.0348276

42 46 0.031313

43 46 0.0276747

44 46 0.0239273

45 46 0.0200854

46 46 0.0161643

47 46 0.0121794

48 46 0.00814639

49 46 0.00408125

50 46 0

0 47 0

1 47 0.00307511

2 47 0.00613809

3 47 0.00917685

4 47 0.0121794

5 47 0.0151339

6 47 0.0180286

7 47 0.0208522

8 47 0.0235935

9 47 0.0262417

10 47 0.0287863

11 47 0.0312173

12 47 0.0335251

13 47 0.0357006

14 47 0.0377353

15 47 0.0396209

16 47 0.0413503

17 47 0.0429164

18 47 0.0443132

19 47 0.045535

20 47 0.0465772

21 47 0.0474356

22 47 0.0481067

23 47 0.048588

24 47 0.0488775

25 47 0.0489742

26 47 0.0488775

27 47 0.048588

28 47 0.0481067

29 47 0.0474356

30 47 0.0465772

31 47 0.045535

32 47 0.0443132

33 47 0.0429164

34 47 0.0413503

35 47 0.0396209

36 47 0.0377353

37 47 0.0357006

38 47 0.0335251

39 47 0.0312173

40 47 0.0287863

41 47 0.0262417

42 47 0.0235935

43 47 0.0208522

44 47 0.0180286

45 47 0.0151339

46 47 0.0121794

47 47 0.00917685

48 47 0.00613809

49 47 0.00307511

50 47 0

0 48 0

1 48 0.00205684

2 48 0.00410557

3 48 0.00613809

4 48 0.00814639

5 48 0.0101225

6 48 0.0120587

7 48 0.0139473

8 48 0.0157809

9 48 0.0175522

10 48 0.0192542

11 48 0.0208802

12 48 0.0224239

13 48 0.023879

14 48 0.0252399

15 48 0.0265012

16 48 0.0276578

17 48 0.0287054

18 48 0.0296396

19 48 0.0304569

20 48 0.031154

21 48 0.0317281

22 48 0.032177

23 48 0.0324989

24 48 0.0326926

25 48 0.0327572

26 48 0.0326926

27 48 0.0324989

28 48 0.032177

29 48 0.0317281

30 48 0.031154

31 48 0.0304569

32 48 0.0296396

33 48 0.0287054

34 48 0.0276578

35 48 0.0265012

36 48 0.0252399

37 48 0.023879

38 48 0.0224239

39 48 0.0208802

40 48 0.0192542

41 48 0.0175522

42 48 0.0157809

43 48 0.0139473

44 48 0.0120587

45 48 0.0101225

46 48 0.00814639

47 48 0.00613809

48 48 0.00410557

49 48 0.00205684

50 48 0

0 49 0

1 49 0.00103045

2 49 0.00205684

3 49 0.00307511

4 49 0.00408125

5 49 0.00507128

6 49 0.00604129

7 49 0.00698746

8 49 0.00790606

9 49 0.00879345

10 49 0.00964614

11 49 0.0104608

12 49 0.0112341

13 49 0.0119631

14 49 0.0126449

15 49 0.0132768

16 49 0.0138563

17 49 0.0143811

18 49 0.0148491

19 49 0.0152586

20 49 0.0156078

21 49 0.0158954

22 49 0.0161203

23 49 0.0162816

24 49 0.0163786

25 49 0.016411

26 49 0.0163786

27 49 0.0162816

28 49 0.0161203

29 49 0.0158954

30 49 0.0156078

31 49 0.0152586

32 49 0.0148491

33 49 0.0143811

34 49 0.0138563

35 49 0.0132768

36 49 0.0126449

37 49 0.0119631

38 49 0.0112341

39 49 0.0104608

40 49 0.00964614

41 49 0.00879345

42 49 0.00790606

43 49 0.00698746

44 49 0.00604129

45 49 0.00507128

46 49 0.00408125

47 49 0.00307511

48 49 0.00205684

49 49 0.00103045

50 49 0

