0 1 0

1 1 0.000286876

2 1 0.000572619

3 1 0.000856103

4 1 0.00113621

5 1 0.00141183

6 1 0.00168188

7 1 0.00194529

8 1 0.00220102

9 1 0.00244807

10 1 0.00268546

11 1 0.00291225

12 1 0.00312754

13 1 0.00333049

14 1 0.0035203

15 1 0.00369622

16 1 0.00385754

17 1 0.00400365

18 1 0.00413395

19 1 0.00424794

20 1 0.00434516

21 1 0.00442524

22 1 0.00448785

23 1 0.00453275

24 1 0.00455976

25 1 0.00456877

26 1 0.00455976

27 1 0.00453275

28 1 0.00448785

29 1 0.00442524

30 1 0.00434516

31 1 0.00424794

32 1 0.00413395

33 1 0.00400365

34 1 0.00385754

35 1 0.00369622

36 1 0.0035203

37 1 0.00333049

38 1 0.00312754

39 1 0.00291225

40 1 0.00268546

41 1 0.00244807

42 1 0.00220102

43 1 0.00194529

44 1 0.00168188

45 1 0.00141183

46 1 0.00113621

47 1 0.000856103

48 1 0.000572619

49 1 0.000286876

50 1 0

0 2 0

1 2 0.000572619

2 2 0.00114298

3 2 0.00170883

4 2 0.00226793

5 2 0.00281809

6 2 0.00335712

7 2 0.0038829

8 2 0.00439336

9 2 0.00488648

10 2 0.00536032

11 2 0.005813

12 2 0.00624274

13 2 0.00664784

14 2 0.00702671

15 2 0.00737785

16 2 0.00769986

17 2 0.00799149

18 2 0.00825159

19 2 0.00847911

20 2 0.00867318

21 2 0.00883301

22 2 0.00895799

23 2 0.00904761

24 2 0.00910152

25 2 0.00911952

26 2 0.00910152

27 2 0.00904761

28 2 0.00895799

29 2 0.00883301

30 2 0.00867318

31 2 0.00847911

32 2 0.00825159

33 2 0.00799149

34 2 0.00769986

35 2 0.00737785

36 2 0.00702671

37 2 0.00664784

38 2 0.00624274

39 2 0.005813

40 2 0.00536032

41 2 0.00488648

42 2 0.00439336

43 2 0.0038829

44 2 0.00335712

45 2 0.00281809

46 2 0.00226793

47 2 0.00170883

48 2 0.00114298

49 2 0.000572619

50 2 0

0 3 0

1 3 0.000856103

2 3 0.00170883

3 3 0.00255481

4 3 0.00339071

5 3 0.00421322

6 3 0.00501911

7 3 0.00580519

8 3 0.00656836

9 3 0.00730561

10 3 0.00801402

11 3 0.00869081

12 3 0.0093333

13 3 0.00993896

14 3 0.0105054

15 3 0.0110304

16 3 0.0115118

17 3 0.0119478

18 3 0.0123367

19 3 0.0126768

20 3 0.012967

21 3 0.0132059

22 3 0.0133928

23 3 0.0135268

24 3 0.0136074

25 3 0.0136343

26 3 0.0136074

27 3 0.0135268

28 3 0.0133928

29 3 0.0132059

30 3 0.012967

31 3 0.0126768

32 3 0.0123367

33 3 0.0119478

34 3 0.0115118

35 3 0.0110304

36 3 0.0105054

37 3 0.00993896

38 3 0.0093333

39 3 0.00869081

40 3 0.00801402

41 3 0.00730561

42 3 0.00656836

43 3 0.00580519

44 3 0.00501911

45 3 0.00421322

46 3 0.00339071

47 3 0.00255481

48 3 0.00170883

49 3 0.000856103

50 3 0

0 4 0

1 4 0.00113621

2 4 0.00226793

3 4 0.00339071

4 4 0.0045001

5 4 0.00559173

6 4 0.00666129

7 4 0.00770457

8 4 0.00871744

9 4 0.0096959

10 4 0.0106361

11 4 0.0115343

12 4 0.012387

13 4 0.0131908

14 4 0.0139426

15 4 0.0146393

16 4 0.0152783

17 4 0.015857

18 4 0.016373

19 4 0.0168245

20 4 0.0172096

21 4 0.0175267

22 4 0.0177747

23 4 0.0179525

24 4 0.0180595

25 4 0.0180952

26 4 0.0180595

27 4 0.0179525

28 4 0.0177747

29 4 0.0175267

30 4 0.0172096

31 4 0.0168245

32 4 0.016373

33 4 0.015857

34 4 0.0152783

35 4 0.0146393

36 4 0.0139426

37 4 0.0131908

38 4 0.012387

39 4 0.0115343

40 4 0.0106361

41 4 0.0096959

42 4 0.00871744

43 4 0.00770457

44 4 0.00666129

45 4 0.00559173

46 4 0.0045001

47 4 0.00339071

48 4 0.00226793

49 4 0.00113621

50 4 0

0 5 0

1 5 0.00141183

2 5 0.00281809

3 5 0.00421322

4 5 0.00559173

5 5 0.00694817

6 5 0.00827719

7 5 0.00957354

8 5 0.0108321

9 5 0.0120479

10 5 0.0132162

11 5 0.0143323

12 5 0.0153919

13 5 0.0163907

14 5 0.0173248

15 5 0.0181905

16 5 0.0189845

17 5 0.0197035

18 5 0.0203448

19 5 0.0209058

20 5 0.0213843

21 5 0.0217783

22 5 0.0220865

23 5 0.0223074

24 5 0.0224404

25 5 0.0224847

26 5 0.0224404

27 5 0.0223074

28 5 0.0220865

29 5 0.0217783

30 5 0.0213843

31 5 0.0209058

32 5 0.0203448

33 5 0.0197035

34 5 0.0189845

35 5 0.0181905

36 5 0.0173248

37 5 0.0163907

38 5 0.0153919

39 5 0.0143323

40 5 0.0132162

41 5 0.0120479

42 5 0.0108321

43 5 0.00957354

44 5 0.00827719

45 5 0.00694817

46 5 0.00559173

47 5 0.00421322

48 5 0.00281809

49 5 0.00141183

50 5 0

0 6 0

1 6 0.00168188

2 6 0.00335712

3 6 0.00501911

4 6 0.00666129

5 6 0.00827719

6 6 0.00986042

7 6 0.0114047

8 6 0.012904

9 6 0.0143524

10 6 0.0157441

11 6 0.0170737

12 6 0.018336

13 6 0.0195258

14 6 0.0206386

15 6 0.02167

16 6 0.0226158

17 6 0.0234723

18 6 0.0242363

19 6 0.0249046

20 6 0.0254746

21 6 0.025944

22 6 0.0263111

23 6 0.0265743

24 6 0.0267327

25 6 0.0267855

26 6 0.0267327

27 6 0.0265743

28 6 0.0263111

29 6 0.025944

30 6 0.0254746

31 6 0.0249046

32 6 0.0242363

33 6 0.0234723

34 6 0.0226158

35 6 0.02167

36 6 0.0206386

37 6 0.0195258

38 6 0.018336

39 6 0.0170737

40 6 0.0157441

41 6 0.0143524

42 6 0.012904

43 6 0.0114047

44 6 0.00986042

45 6 0.00827719

46 6 0.00666129

47 6 0.00501911

48 6 0.00335712

49 6 0.00168188

50 6 0

0 7 0

1 7 0.00194529

2 7 0.0038829

3 7 0.00580519

4 7 0.00770457

5 7 0.00957354

6 7 0.0114047

7 7 0.0131909

8 7 0.014925

9 7 0.0166002

10 7 0.01821

11 7 0.0197478

12 7 0.0212077

13 7 0.0225839

14 7 0.023871

15 7 0.0250639

16 7 0.0261578

17 7 0.0271485

18 7 0.0280321

19 7 0.0288051

20 7 0.0294643

21 7 0.0300073

22 7 0.0304319

23 7 0.0307363

24 7 0.0309195

25 7 0.0309806

26 7 0.0309195

27 7 0.0307363

28 7 0.0304319

29 7 0.0300073

30 7 0.0294643

31 7 0.0288051

32 7 0.0280321

33 7 0.0271485

34 7 0.0261578

35 7 0.0250639

36 7 0.023871

37 7 0.0225839

38 7 0.0212077

39 7 0.0197478

40 7 0.01821

41 7 0.0166002

42 7 0.014925

43 7 0.0131909

44 7 0.0114047

45 7 0.00957354

46 7 0.00770457

47 7 0.00580519

48 7 0.0038829

49 7 0.00194529

50 7 0

0 8 0

1 8 0.00220102

2 8 0.00439336

3 8 0.00656836

4 8 0.00871744

5 8 0.0108321

6 8 0.012904

7 8 0.014925

8 8 0.0168871

9 8 0.0187826

10 8 0.0206039

11 8 0.0223439

12 8 0.0239957

13 8 0.0255529

14 8 0.0270091

15 8 0.0283588

16 8 0.0295966

17 8 0.0307176

18 8 0.0317173

19 8 0.0325919

20 8 0.0333378

21 8 0.0339522

22 8 0.0344326

23 8 0.034777

24 8 0.0349843

25 8 0.0350534

26 8 0.0349843

27 8 0.034777

28 8 0.0344326

29 8 0.0339522

30 8 0.0333378

31 8 0.0325919

32 8 0.0317173

33 8 0.0307176

34 8 0.0295966

35 8 0.0283588

36 8 0.0270091

37 8 0.0255529

38 8 0.0239957

39 8 0.0223439

40 8 0.0206039

41 8 0.0187826

42 8 0.0168871

43 8 0.014925

44 8 0.012904

45 8 0.0108321

46 8 0.00871744

47 8 0.00656836

48 8 0.00439336

49 8 0.00220102

50 8 0

0 9 0

1 9 0.00244807

2 9 0.00488648

3 9 0.00730561

4 9 0.0096959

5 9 0.0120479

6 9 0.0143524

7 9 0.0166002

8 9 0.0187826

9 9 0.0208908

10 9 0.0229165

11 9 0.0248518

12 9 0.0266891

13 9 0.028421

14 9 0.0300407

15 9 0.0315419

16 9 0.0329186

17 9 0.0341654

18 9 0.0352773

19 9 0.0362501

20 9 0.0370797

21 9 0.037763

22 9 0.0382973

23 9 0.0386805

24 9 0.038911

25 9 0.0389879

26 9 0.038911

27 9 0.0386805

28 9 0.0382973

29 9 0.037763

30 9 0.0370797

31 9 0.0362501

32 9 0.0352773

33 9 0.0341654

34 9 0.0329186

35 9 0.0315419

36 9 0.0300407

37 9 0.028421

38 9 0.0266891

39 9 0.0248518

40 9 0.0229165

41 9 0.0208908

42 9 0.0187826

43 9 0.0166002

44 9 0.0143524

45 9 0.0120479

46 9 0.0096959

47 9 0.00730561

48 9 0.00488648

49 9 0.00244807

50 9 0

0 10 0

1 10 0.00268546

2 10 0.00536032

3 10 0.00801402

4 10 0.0106361

5 10 0.0132162

6 10 0.0157441

7 10 0.01821

8 10 0.0206039

9 10 0.0229165

10 10 0.0251387

11 10 0.0272617

12 10 0.0292771

13 10 0.0311769

14 10 0.0329537

15 10 0.0346005

16 10 0.0361107

17 10 0.0374784

18 10 0.0386981

19 10 0.0397652

20 10 0.0406753

21 10 0.0414249

22 10 0.042011

23 10 0.0424313

24 10 0.0426841

25 10 0.0427685

26 10 0.0426841

27 10 0.0424313

28 10 0.042011

29 10 0.0414249

30 10 0.0406753

31 10 0.0397652

32 10 0.0386981

33 10 0.0374784

34 10 0.0361107

35 10 0.0346005

36 10 0.0329537

37 10 0.0311769

38 10 0.0292771

39 10 0.0272617

40 10 0.0251387

41 10 0.0229165

42 10 0.0206039

43 10 0.01821

44 10 0.0157441

45 10 0.0132162

46 10 0.0106361

47 10 0.00801402

48 10 0.00536032

49 10 0.00268546

50 10 0

0 11 0

1 11 0.00291225

2 11 0.005813

3 11 0.00869081

4 11 0.0115343

5 11 0.0143323

6 11 0.0170737

7 11 0.0197478

8 11 0.0223439

9 11 0.0248518

10 11 0.0272617

11 11 0.029564

12 11 0.0317495

13 11 0.0338098

14 11 0.0357367

15 11 0.0375225

16 11 0.0391602

17 11 0.0406434

18 11 0.0419662

19 11 0.0431234

20 11 0.0441103

21 11 0.0449232

22 11 0.0455588

23 11 0.0460146

24 11 0.0462888

25 11 0.0463804

26 11 0.0462888

27 11 0.0460146

28 11 0.0455588

29 11 0.0449232

30 11 0.0441103

31 11 0.0431234

32 11 0.0419662

33 11 0.0406434

34 11 0.0391602

35 11 0.0375225

36 11 0.0357367

37 11 0.0338098

38 11 0.0317495

39 11 0.029564

40 11 0.0272617

41 11 0.0248518

42 11 0.0223439

43 11 0.0197478

44 11 0.0170737

45 11 0.0143323

46 11 0.0115343

47 11 0.00869081

48 11 0.005813

49 11 0.00291225

50 11 0

0 12 0

1 12 0.00312754

2 12 0.00624274

3 12 0.0093333

4 12 0.012387

5 12 0.0153919

6 12 0.018336

7 12 0.0212077

8 12 0.0239957

9 12 0.0266891

10 12 0.0292771

11 12 0.0317495

12 12 0.0340967

13 12 0.0363093

14 12 0.0383786

15 12 0.0402964

16 12 0.0420552

17 12 0.0436481

18 12 0.0450687

19 12 0.0463114

20 12 0.0473713

21 12 0.0482443

22 12 0.0489269

23 12 0.0494164

24 12 0.0497108

25 12 0.0498091

26 12 0.0497108

27 12 0.0494164

28 12 0.0489269

29 12 0.0482443

30 12 0.0473713

31 12 0.0463114

32 12 0.0450687

33 12 0.0436481

34 12 0.0420552

35 12 0.0402964

36 12 0.0383786

37 12 0.0363093

38 12 0.0340967

39 12 0.0317495

40 12 0.0292771

41 12 0.0266891

42 12 0.0239957

43 12 0.0212077

44 12 0.018336

45 12 0.0153919

46 12 0.012387

47 12 0.0093333

48 12 0.00624274

49 12 0.00312754

50 12 0

0 13 0

1 13 0.00333049

2 13 0.00664784

3 13 0.00993896

4 13 0.0131908

5 13 0.0163907

6 13 0.0195258

7 13 0.0225839

8 13 0.0255529

9 13 0.028421

10 13 0.0311769

11 13 0.0338098

12 13 0.0363093

13 13 0.0386655

14 13 0.0408691

15 13 0.0429113

16 13 0.0447843

17 13 0.0464805

18 13 0.0479932

19 13 0.0493166

20 13 0.0504453

21 13 0.0513749

22 13 0.0521018

23 13 0.0526231

24 13 0.0529367

25 13 0.0530413

26 13 0.0529367

27 13 0.0526231

28 13 0.0521018

29 13 0.0513749

30 13 0.0504453

31 13 0.0493166

32 13 0.0479932

33 13 0.0464805

34 13 0.0447843

35 13 0.0429113

36 13 0.0408691

37 13 0.0386655

38 13 0.0363093

39 13 0.0338098

40 13 0.0311769

41 13 0.028421

42 13 0.0255529

43 13 0.0225839

44 13 0.0195258

45 13 0.0163907

46 13 0.0131908

47 13 0.00993896

48 13 0.00664784

49 13 0.00333049

50 13 0

0 14 0

1 14 0.0035203

2 14 0.00702671

3 14 0.0105054

4 14 0.0139426

5 14 0.0173248

6 14 0.0206386

7 14 0.023871

8 14 0.0270091

9 14 0.0300407

10 14 0.0329537

11 14 0.0357367

12 14 0.0383786

13 14 0.0408691

14 14 0.0431982

15 14 0.0453569

16 14 0.0473366

17 14 0.0491294

18 14 0.0507284

19 14 0.0521272

20 14 0.0533202

21 14 0.0543029

22 14 0.0550712

23 14 0.0556221

24 14 0.0559536

25 14 0.0560642

26 14 0.0559536

27 14 0.0556221

28 14 0.0550712

29 14 0.0543029

30 14 0.0533202

31 14 0.0521272

32 14 0.0507284

33 14 0.0491294

34 14 0.0473366

35 14 0.0453569

36 14 0.0431982

37 14 0.0408691

38 14 0.0383786

39 14 0.0357367

40 14 0.0329537

41 14 0.0300407

42 14 0.0270091

43 14 0.023871

44 14 0.0206386

45 14 0.0173248

46 14 0.0139426

47 14 0.0105054

48 14 0.00702671

49 14 0.0035203

50 14 0

0 15 0

1 15 0.00369622

2 15 0.00737785

3 15 0.0110304

4 15 0.0146393

5 15 0.0181905

6 15 0.02167

7 15 0.0250639

8 15 0.0283588

9 15 0.0315419

10 15 0.0346005

11 15 0.0375225

12 15 0.0402964

13 15 0.0429113

14 15 0.0453569

15 15 0.0476235

16 15 0.0497021

17 15 0.0515845

18 15 0.0532634

19 15 0.0547321

20 15 0.0559847

21 15 0.0570165

22 15 0.0578232

23 15 0.0584017

24 15 0.0587497

25 15 0.0588658

26 15 0.0587497

27 15 0.0584017

28 15 0.0578232

29 15 0.0570165

30 15 0.0559847

31 15 0.0547321

32 15 0.0532634

33 15 0.0515845

34 15 0.0497021

35 15 0.0476235

36 15 0.0453569

37 15 0.0429113

38 15 0.0402964

39 15 0.0375225

40 15 0.0346005

41 15 0.0315419

42 15 0.0283588

43 15 0.0250639

44 15 0.02167

45 15 0.0181905

46 15 0.0146393

47 15 0.0110304

48 15 0.00737785

49 15 0.00369622

50 15 0

0 16 0

1 16 0.00385754

2 16 0.00769986

3 16 0.0115118

4 16 0.0152783

5 16 0.0189845

6 16 0.0226158

7 16 0.0261578

8 16 0.0295966

9 16 0.0329186

10 16 0.0361107

11 16 0.0391602

12 16 0.0420552

13 16 0.0447843

14 16 0.0473366

15 16 0.0497021

16 16 0.0518714

17 16 0.053836

18 16 0.0555882

19 16 0.0571209

20 16 0.0584283

21 16 0.059505

22 16 0.0603469

23 16 0.0609507

24 16 0.0613139

25 16 0.0614351

26 16 0.0613139

27 16 0.0609507

28 16 0.0603469

29 16 0.059505

30 16 0.0584283

31 16 0.0571209

32 16 0.0555882

33 16 0.053836

34 16 0.0518714

35 16 0.0497021

36 16 0.0473366

37 16 0.0447843

38 16 0.0420552

39 16 0.0391602

40 16 0.0361107

41 16 0.0329186

42 16 0.0295966

43 16 0.0261578

44 16 0.0226158

45 16 0.0189845

46 16 0.0152783

47 16 0.0115118

48 16 0.00769986

49 16 0.00385754

50 16 0

0 17 0

1 17 0.00400365

2 17 0.00799149

3 17 0.0119478

4 17 0.015857

5 17 0.0197035

6 17 0.0234723

7 17 0.0271485

8 17 0.0307176

9 17 0.0341654

10 17 0.0374784

11 17 0.0406434

12 17 0.0436481

13 17 0.0464805

14 17 0.0491294

15 17 0.0515845

16 17 0.053836

17 17 0.055875

18 17 0.0576936

19 17 0.0592844

20 17 0.0606412

21 17 0.0617588

22 17 0.0626326

23 17 0.0632592

24 17 0.0636362

25 17 0.063762

26 17 0.0636362

27 17 0.0632592

28 17 0.0626326

29 17 0.0617588

30 17 0.0606412

31 17 0.0592844

32 17 0.0576936

33 17 0.055875

34 17 0.053836

35 17 0.0515845

36 17 0.0491294

37 17 0.0464805

38 17 0.0436481

39 17 0.0406434

40 17 0.0374784

41 17 0.0341654

42 17 0.0307176

43 17 0.0271485

44 17 0.0234723

45 17 0.0197035

46 17 0.015857

47 17 0.0119478

48 17 0.00799149

49 17 0.00400365

50 17 0

0 18 0

1 18 0.00413395

2 18 0.00825159

3 18 0.0123367

4 18 0.016373

5 18 0.0203448

6 18 0.0242363

7 18 0.0280321

8 18 0.0317173

9 18 0.0352773

10 18 0.0386981

11 18 0.0419662

12 18 0.0450687

13 18 0.0479932

14 18 0.0507284

15 18 0.0532634

16 18 0.0555882

17 18 0.0576936

18 18 0.0595713

19 18 0.0612139

20 18 0.0626149

21 18 0.0637688

22 18 0.064671

23 18 0.065318

24 18 0.0657073

25 18 0.0658372

26 18 0.0657073

27 18 0.065318

28 18 0.064671

29 18 0.0637688

30 18 0.0626149

31 18 0.0612139

32 18 0.0595713

33 18 0.0576936

34 18 0.0555882

35 18 0.0532634

36 18 0.0507284

37 18 0.0479932

38 18 0.0450687

39 18 0.0419662

40 18 0.0386981

41 18 0.0352773

42 18 0.0317173

43 18 0.0280321

44 18 0.0242363

45 18 0.0203448

46 18 0.016373

47 18 0.0123367

48 18 0.00825159

49 18 0.00413395

50 18 0

0 19 0

1 19 0.00424794

2 19 0.00847911

3 19 0.0126768

4 19 0.0168245

5 19 0.0209058

6 19 0.0249046

7 19 0.0288051

8 19 0.0325919

9 19 0.0362501

10 19 0.0397652

11 19 0.0431234

12 19 0.0463114

13 19 0.0493166

14 19 0.0521272

15 19 0.0547321

16 19 0.0571209

17 19 0.0592844

18 19 0.0612139

19 19 0.0629018

20 19 0.0643414

21 19 0.0655271

22 19 0.0664542

23 19 0.0671191

24 19 0.0675191

25 19 0.0676526

26 19 0.0675191

27 19 0.0671191

28 19 0.0664542

29 19 0.0655271

30 19 0.0643414

31 19 0.0629018

32 19 0.0612139

33 19 0.0592844

34 19 0.0571209

35 19 0.0547321

36 19 0.0521272

37 19 0.0493166

38 19 0.0463114

39 19 0.0431234

40 19 0.0397652

41 19 0.0362501

42 19 0.0325919

43 19 0.0288051

44 19 0.0249046

45 19 0.0209058

46 19 0.0168245

47 19 0.0126768

48 19 0.00847911

49 19 0.00424794

50 19 0

0 20 0

1 20 0.00434516

2 20 0.00867318

3 20 0.012967

4 20 0.0172096

5 20 0.0213843

6 20 0.0254746

7 20 0.0294643

8 20 0.0333378

9 20 0.0370797

10 20 0.0406753

11 20 0.0441103

12 20 0.0473713

13 20 0.0504453

14 20 0.0533202

15 20 0.0559847

16 20 0.0584283

17 20 0.0606412

18 20 0.0626149

19 20 0.0643414

20 20 0.065814

21 20 0.0670269

22 20 0.0679752

23 20 0.0686553

24 20 0.0690644

25 20 0.0692009

26 20 0.0690644

27 20 0.0686553

28 20 0.0679752

29 20 0.0670269

30 20 0.065814

31 20 0.0643414

32 20 0.0626149

33 20 0.0606412

34 20 0.0584283

35 20 0.0559847

36 20 0.0533202

37 20 0.0504453

38 20 0.0473713

39 20 0.0441103

40 20 0.0406753

41 20 0.0370797

42 20 0.0333378

43 20 0.0294643

44 20 0.0254746

45 20 0.0213843

46 20 0.0172096

47 20 0.012967

48 20 0.00867318

49 20 0.00434516

50 20 0

0 21 0

1 21 0.00442524

2 21 0.00883301

3 21 0.0132059

4 21 0.0175267

5 21 0.0217783

6 21 0.025944

7 21 0.0300073

8 21 0.0339522

9 21 0.037763

10 21 0.0414249

11 21 0.0449232

12 21 0.0482443

13 21 0.0513749

14 21 0.0543029

15 21 0.0570165

16 21 0.059505

17 21 0.0617588

18 21 0.0637688

19 21 0.0655271

20 21 0.0670269

21 21 0.0682621

22 21 0.0692279

23 21 0.0699205

24 21 0.0703371

25 21 0.0704762

26 21 0.0703371

27 21 0.0699205

28 21 0.0692279

29 21 0.0682621

30 21 0.0670269

31 21 0.0655271

32 21 0.0637688

33 21 0.0617588

34 21 0.059505

35 21 0.0570165

36 21 0.0543029

37 21 0.0513749

38 21 0.0482443

39 21 0.0449232

40 21 0.0414249

41 21 0.037763

42 21 0.0339522

43 21 0.0300073

44 21 0.025944

45 21 0.0217783

46 21 0.0175267

47 21 0.0132059

48 21 0.00883301

49 21 0.00442524

50 21 0

0 22 0

1 22 0.00448785

2 22 0.00895799

3 22 0.0133928

4 22 0.0177747

5 22 0.0220865

6 22 0.0263111

7 22 0.0304319

8 22 0.0344326

9 22 0.0382973

10 22 0.042011

11 22 0.0455588

12 22 0.0489269

13 22 0.0521018

14 22 0.0550712

15 22 0.0578232

16 22 0.0603469

17 22 0.0626326

18 22 0.064671

19 22 0.0664542

20 22 0.0679752

21 22 0.0692279

22 22 0.0702074

23 22 0.0709098

24 22 0.0713323

25 22 0.0714734

26 22 0.0713323

27 22 0.0709098

28 22 0.0702074

29 22 0.0692279

30 22 0.0679752

31 22 0.0664542

32 22 0.064671

33 22 0.0626326

34 22 0.0603469

35 22 0.0578232

36 22 0.0550712

37 22 0.0521018

38 22 0.0489269

39 22 0.0455588

40 22 0.042011

41 22 0.0382973

42 22 0.0344326

43 22 0.0304319

44 22 0.0263111

45 22 0.0220865

46 22 0.0177747

47 22 0.0133928

48 22 0.00895799

49 22 0.00448785

50 22 0

0 23 0

1 23 0.00453275

2 23 0.00904761

3 23 0.0135268

4 23 0.0179525

5 23 0.0223074

6 23 0.0265743

7 23 0.0307363

8 23 0.034777

9 23 0.0386805

10 23 0.0424313

11 23 0.0460146

12 23 0.0494164

13 23 0.0526231

14 23 0.0556221

15 23 0.0584017

16 23 0.0609507

17 23 0.0632592

18 23 0.065318

19 23 0.0671191

20 23 0.0686553

21 23 0.0699205

22 23 0.0709098

23 23 0.0716192

24 23 0.072046

25 23 0.0721884

26 23 0.072046

27 23 0.0716192

28 23 0.0709098

29 23 0.0699205

30 23 0.0686553

31 23 0.0671191

32 23 0.065318

33 23 0.0632592

34 23 0.0609507

35 23 0.0584017

36 23 0.0556221

37 23 0.0526231

38 23 0.0494164

39 23 0.0460146

40 23 0.0424313

41 23 0.0386805

42 23 0.034777

43 23 0.0307363

44 23 0.0265743

45 23 0.0223074

46 23 0.0179525

47 23 0.0135268

48 23 0.00904761

49 23 0.00453275

50 23 0

0 24 0

1 24 0.00455976

2 24 0.00910152

3 24 0.0136074

4 24 0.0180595

5 24 0.0224404

6 24 0.0267327

7 24 0.0309195

8 24 0.0349843

9 24 0.038911

10 24 0.0426841

11 24 0.0462888

12 24 0.0497108

13 24 0.0529367

14 24 0.0559536

15 24 0.0587497

16 24 0.0613139

17 24 0.0636362

18 24 0.0657073

19 24 0.0675191

20 24 0.0690644

21 24 0.0703371

22 24 0.0713323

23 24 0.072046

24 24 0.0724753

25 24 0.0726186

26 24 0.0724753

27 24 0.072046

28 24 0.0713323

29 24 0.0703371

30 24 0.0690644

31 24 0.0675191

32 24 0.0657073

33 24 0.0636362

34 24 0.0613139

35 24 0.0587497

36 24 0.0559536

37 24 0.0529367

38 24 0.0497108

39 24 0.0462888

40 24 0.0426841

41 24 0.038911

42 24 0.0349843

43 24 0.0309195

44 24 0.0267327

45 24 0.0224404

46 24 0.0180595

47 24 0.0136074

48 24 0.00910152

49 24 0.00455976

50 24 0

0 25 0

1 25 0.00456877

2 25 0.00911952

3 25 0.0136343

4 25 0.0180952

5 25 0.0224847

6 25 0.0267855

7 25 0.0309806

8 25 0.0350534

9 25 0.0389879

10 25 0.0427685

11 25 0.0463804

12 25 0.0498091

13 25 0.0530413

14 25 0.0560642

15 25 0.0588658

16 25 0.0614351

17 25 0.063762

18 25 0.0658372

19 25 0.0676526

20 25 0.0692009

21 25 0.0704762

22 25 0.0714734

23 25 0.0721884

24 25 0.0726186

25 25 0.0727622

26 25 0.0726186

27 25 0.0721884

28 25 0.0714734

29 25 0.0704762

30 25 0.0692009

31 25 0.0676526

32 25 0.0658372

33 25 0.063762

34 25 0.0614351

35 25 0.0588658

36 25 0.0560642

37 25 0.0530413

38 25 0.0498091

39 25 0.0463804

40 25 0.0427685

41 25 0.0389879

42 25 0.0350534

43 25 0.0309806

44 25 0.0267855

45 25 0.0224847

46 25 0.0180952

47 25 0.0136343

48 25 0.00911952

49 25 0.00456877

50 25 0

0 26 0

1 26 0.00455976

2 26 0.00910152

3 26 0.0136074

4 26 0.0180595

5 26 0.0224404

6 26 0.0267327

7 26 0.0309195

8 26 0.0349843

9 26 0.038911

10 26 0.0426841

11 26 0.0462888

12 26 0.0497108

13 26 0.0529367

14 26 0.0559536

15 26 0.0587497

16 26 0.0613139

17 26 0.0636362

18 26 0.0657073

19 26 0.0675191

20 26 0.0690644

21 26 0.0703371

22 26 0.0713323

23 26 0.072046

24 26 0.0724753

25 26 0.0726186

26 26 0.0724753

27 26 0.072046

28 26 0.0713323

29 26 0.0703371

30 26 0.0690644

31 26 0.0675191

32 26 0.0657073

33 26 0.0636362

34 26 0.0613139

35 26 0.0587497

36 26 0.0559536

37 26 0.0529367

38 26 0.0497108

39 26 0.0462888

40 26 0.0426841

41 26 0.038911

42 26 0.0349843

43 26 0.0309195

44 26 0.0267327

45 26 0.0224404

46 26 0.0180595

47 26 0.0136074

48 26 0.00910152

49 26 0.00455976

50 26 0

0 27 0

1 27 0.00453275

2 27 0.00904761

3 27 0.0135268

4 27 0.0179525

5 27 0.0223074

6 27 0.0265743

7 27 0.0307363

8 27 0.034777

9 27 0.0386805

10 27 0.0424313

11 27 0.0460146

12 27 0.0494164

13 27 0.0526231

14 27 0.0556221

15 27 0.0584017

16 27 0.0609507

17 27 0.0632592

18 27 0.065318

19 27 0.0671191

20 27 0.0686553

21 27 0.0699205

22 27 0.0709098

23 27 0.0716192

24 27 0.072046

25 27 0.0721884

26 27 0.072046

27 27 0.0716192

28 27 0.0709098

29 27 0.0699205

30 27 0.0686553

31 27 0.0671191

32 27 0.065318

33 27 0.0632592

34 27 0.0609507

35 27 0.0584017

36 27 0.0556221

37 27 0.0526231

38 27 0.0494164

39 27 0.0460146

40 27 0.0424313

41 27 0.0386805

42 27 0.034777

43 27 0.0307363

44 27 0.0265743

45 27 0.0223074

46 27 0.0179525

47 27 0.0135268

48 27 0.00904761

49 27 0.00453275

50 27 0

0 28 0

1 28 0.00448785

2 28 0.00895799

3 28 0.0133928

4 28 0.0177747

5 28 0.0220865

6 28 0.0263111

7 28 0.0304319

8 28 0.0344326

9 28 0.0382973

10 28 0.042011

11 28 0.0455588

12 28 0.0489269

13 28 0.0521018

14 28 0.0550712

15 28 0.0578232

16 28 0.0603469

17 28 0.0626326

18 28 0.064671

19 28 0.0664542

20 28 0.0679752

21 28 0.0692279

22 28 0.0702074

23 28 0.0709098

24 28 0.0713323

25 28 0.0714734

26 28 0.0713323

27 28 0.0709098

28 28 0.0702074

29 28 0.0692279

30 28 0.0679752

31 28 0.0664542

32 28 0.064671

33 28 0.0626326

34 28 0.0603469

35 28 0.0578232

36 28 0.0550712

37 28 0.0521018

38 28 0.0489269

39 28 0.0455588

40 28 0.042011

41 28 0.0382973

42 28 0.0344326

43 28 0.0304319

44 28 0.0263111

45 28 0.0220865

46 28 0.0177747

47 28 0.0133928

48 28 0.00895799

49 28 0.00448785

50 28 0

0 29 0

1 29 0.00442524

2 29 0.00883301

3 29 0.0132059

4 29 0.0175267

5 29 0.0217783

6 29 0.025944

7 29 0.0300073

8 29 0.0339522

9 29 0.037763

10 29 0.0414249

11 29 0.0449232

12 29 0.0482443

13 29 0.0513749

14 29 0.0543029

15 29 0.0570165

16 29 0.059505

17 29 0.0617588

18 29 0.0637688

19 29 0.0655271

20 29 0.0670269

21 29 0.0682621

22 29 0.0692279

23 29 0.0699205

24 29 0.0703371

25 29 0.0704762

26 29 0.0703371

27 29 0.0699205

28 29 0.0692279

29 29 0.0682621

30 29 0.0670269

31 29 0.0655271

32 29 0.0637688

33 29 0.0617588

34 29 0.059505

35 29 0.0570165

36 29 0.0543029

37 29 0.0513749

38 29 0.0482443

39 29 0.0449232

40 29 0.0414249

41 29 0.037763

42 29 0.0339522

43 29 0.0300073

44 29 0.025944

45 29 0.0217783

46 29 0.0175267

47 29 0.0132059

48 29 0.00883301

49 29 0.00442524

50 29 0

0 30 0

1 30 0.00434516

2 30 0.00867318

3 30 0.012967

4 30 0.0172096

5 30 0.0213843

6 30 0.0254746

7 30 0.0294643

8 30 0.0333378

9 30 0.0370797

10 30 0.0406753

11 30 0.0441103

12 30 0.0473713

13 30 0.0504453

14 30 0.0533202

15 30 0.0559847

16 30 0.0584283

17 30 0.0606412

18 30 0.0626149

19 30 0.0643414

20 30 0.065814

21 30 0.0670269

22 30 0.0679752

23 30 0.0686553

24 30 0.0690644

25 30 0.0692009

26 30 0.0690644

27 30 0.0686553

28 30 0.0679752

29 30 0.0670269

30 30 0.065814

31 30 0.0643414

32 30 0.0626149

33 30 0.0606412

34 30 0.0584283

35 30 0.0559847

36 30 0.0533202

37 30 0.0504453

38 30 0.0473713

39 30 0.0441103

40 30 0.0406753

41 30 0.0370797

42 30 0.0333378

43 30 0.0294643

44 30 0.0254746

45 30 0.0213843

46 30 0.0172096

47 30 0.012967

48 30 0.00867318

49 30 0.00434516

50 30 0

0 31 0

1 31 0.00424794

2 31 0.00847911

3 31 0.0126768

4 31 0.0168245

5 31 0.0209058

6 31 0.0249046

7 31 0.0288051

8 31 0.0325919

9 31 0.0362501

10 31 0.0397652

11 31 0.0431234

12 31 0.0463114

13 31 0.0493166

14 31 0.0521272

15 31 0.0547321

16 31 0.0571209

17 31 0.0592844

18 31 0.0612139

19 31 0.0629018

20 31 0.0643414

21 31 0.0655271

22 31 0.0664542

23 31 0.0671191

24 31 0.0675191

25 31 0.0676526

26 31 0.0675191

27 31 0.0671191

28 31 0.0664542

29 31 0.0655271

30 31 0.0643414

31 31 0.0629018

32 31 0.0612139

33 31 0.0592844

34 31 0.0571209

35 31 0.0547321

36 31 0.0521272

37 31 0.0493166

38 31 0.0463114

39 31 0.0431234

40 31 0.0397652

41 31 0.0362501

42 31 0.0325919

43 31 0.0288051

44 31 0.0249046

45 31 0.0209058

46 31 0.0168245

47 31 0.0126768

48 31 0.00847911

49 31 0.00424794

50 31 0

0 32 0

1 32 0.00413395

2 32 0.00825159

3 32 0.0123367

4 32 0.016373

5 32 0.0203448

6 32 0.0242363

7 32 0.0280321

8 32 0.0317173

9 32 0.0352773

10 32 0.0386981

11 32 0.0419662

12 32 0.0450687

13 32 0.0479932

14 32 0.0507284

15 32 0.0532634

16 32 0.0555882

17 32 0.0576936

18 32 0.0595713

19 32 0.0612139

20 32 0.0626149

21 32 0.0637688

22 32 0.064671

23 32 0.065318

24 32 0.0657073

25 32 0.0658372

26 32 0.0657073

27 32 0.065318

28 32 0.064671

29 32 0.0637688

30 32 0.0626149

31 32 0.0612139

32 32 0.0595713

33 32 0.0576936

34 32 0.0555882

35 32 0.0532634

36 32 0.0507284

37 32 0.0479932

38 32 0.0450687

39 32 0.0419662

40 32 0.0386981

41 32 0.0352773

42 32 0.0317173

43 32 0.0280321

44 32 0.0242363

45 32 0.0203448

46 32 0.016373

47 32 0.0123367

48 32 0.00825159

49 32 0.00413395

50 32 0

0 33 0

1 33 0.00400365

2 33 0.00799149

3 33 0.0119478

4 33 0.015857

5 33 0.0197035

6 33 0.0234723

7 33 0.0271485

8 33 0.0307176

9 33 0.0341654

10 33 0.0374784

11 33 0.0406434

12 33 0.0436481

13 33 0.0464805

14 33 0.0491294

15 33 0.0515845

16 33 0.053836

17 33 0.055875

18 33 0.0576936

19 33 0.0592844

20 33 0.0606412

21 33 0.0617588

22 33 0.0626326

23 33 0.0632592

24 33 0.0636362

25 33 0.063762

26 33 0.0636362

27 33 0.0632592

28 33 0.0626326

29 33 0.0617588

30 33 0.0606412

31 33 0.0592844

32 33 0.0576936

33 33 0.055875

34 33 0.053836

35 33 0.0515845

36 33 0.0491294

37 33 0.0464805

38 33 0.0436481

39 33 0.0406434

40 33 0.0374784

41 33 0.0341654

42 33 0.0307176

43 33 0.0271485

44 33 0.0234723

45 33 0.0197035

46 33 0.015857

47 33 0.0119478

48 33 0.00799149

49 33 0.00400365

50 33 0

0 34 0

1 34 0.00385754

2 34 0.00769986

3 34 0.0115118

4 34 0.0152783

5 34 0.0189845

6 34 0.0226158

7 34 0.0261578

8 34 0.0295966

9 34 0.0329186

10 34 0.0361107

11 34 0.0391602

12 34 0.0420552

13 34 0.0447843

14 34 0.0473366

15 34 0.0497021

16 34 0.0518714

17 34 0.053836

18 34 0.0555882

19 34 0.0571209

20 34 0.0584283

21 34 0.059505

22 34 0.0603469

23 34 0.0609507

24 34 0.0613139

25 34 0.0614351

26 34 0.0613139

27 34 0.0609507

28 34 0.0603469

29 34 0.059505

30 34 0.0584283

31 34 0.0571209

32 34 0.0555882

33 34 0.053836

34 34 0.0518714

35 34 0.0497021

36 34 0.0473366

37 34 0.0447843

38 34 0.0420552

39 34 0.0391602

40 34 0.0361107

41 34 0.0329186

42 34 0.0295966

43 34 0.0261578

44 34 0.0226158

45 34 0.0189845

46 34 0.0152783

47 34 0.0115118

48 34 0.00769986

49 34 0.00385754

50 34 0

0 35 0

1 35 0.00369622

2 35 0.00737785

3 35 0.0110304

4 35 0.0146393

5 35 0.0181905

6 35 0.02167

7 35 0.0250639

8 35 0.0283588

9 35 0.0315419

10 35 0.0346005

11 35 0.0375225

12 35 0.0402964

13 35 0.0429113

14 35 0.0453569

15 35 0.0476235

16 35 0.0497021

17 35 0.0515845

18 35 0.0532634

19 35 0.0547321

20 35 0.0559847

21 35 0.0570165

22 35 0.0578232

23 35 0.0584017

24 35 0.0587497

25 35 0.0588658

26 35 0.0587497

27 35 0.0584017

28 35 0.0578232

29 35 0.0570165

30 35 0.0559847

31 35 0.0547321

32 35 0.0532634

33 35 0.0515845

34 35 0.0497021

35 35 0.0476235

36 35 0.0453569

37 35 0.0429113

38 35 0.0402964

39 35 0.0375225

40 35 0.0346005

41 35 0.0315419

42 35 0.0283588

43 35 0.0250639

44 35 0.02167

45 35 0.0181905

46 35 0.0146393

47 35 0.0110304

48 35 0.00737785

49 35 0.00369622

50 35 0

0 36 0

1 36 0.0035203

2 36 0.00702671

3 36 0.0105054

4 36 0.0139426

5 36 0.0173248

6 36 0.0206386

7 36 0.023871

8 36 0.0270091

9 36 0.0300407

10 36 0.0329537

11 36 0.0357367

12 36 0.0383786

13 36 0.0408691

14 36 0.0431982

15 36 0.0453569

16 36 0.0473366

17 36 0.0491294

18 36 0.0507284

19 36 0.0521272

20 36 0.0533202

21 36 0.0543029

22 36 0.0550712

23 36 0.0556221

24 36 0.0559536

25 36 0.0560642

26 36 0.0559536

27 36 0.0556221

28 36 0.0550712

29 36 0.0543029

30 36 0.0533202

31 36 0.0521272

32 36 0.0507284

33 36 0.0491294

34 36 0.0473366

35 36 0.0453569

36 36 0.0431982

37 36 0.0408691

38 36 0.0383786

39 36 0.0357367

40 36 0.0329537

41 36 0.0300407

42 36 0.0270091

43 36 0.023871

44 36 0.0206386

45 36 0.0173248

46 36 0.0139426

47 36 0.0105054

48 36 0.00702671

49 36 0.0035203

50 36 0

0 37 0

1 37 0.00333049

2 37 0.00664784

3 37 0.00993896

4 37 0.0131908

5 37 0.0163907

6 37 0.0195258

7 37 0.0225839

8 37 0.0255529

9 37 0.028421

10 37 0.0311769

11 37 0.0338098

12 37 0.0363093

13 37 0.0386655

14 37 0.0408691

15 37 0.0429113

16 37 0.0447843

17 37 0.0464805

18 37 0.0479932

19 37 0.0493166

20 37 0.0504453

21 37 0.0513749

22 37 0.0521018

23 37 0.0526231

24 37 0.0529367

25 37 0.0530413

26 37 0.0529367

27 37 0.0526231

28 37 0.0521018

29 37 0.0513749

30 37 0.0504453

31 37 0.0493166

32 37 0.0479932

33 37 0.0464805

34 37 0.0447843

35 37 0.0429113

36 37 0.0408691

37 37 0.0386655

38 37 0.0363093

39 37 0.0338098

40 37 0.0311769

41 37 0.028421

42 37 0.0255529

43 37 0.0225839

44 37 0.0195258

45 37 0.0163907

46 37 0.0131908

47 37 0.00993896

48 37 0.00664784

49 37 0.00333049

50 37 0

0 38 0

1 38 0.00312754

2 38 0.00624274

3 38 0.0093333

4 38 0.012387

5 38 0.0153919

6 38 0.018336

7 38 0.0212077

8 38 0.0239957

9 38 0.0266891

10 38 0.0292771

11 38 0.0317495

12 38 0.0340967

13 38 0.0363093

14 38 0.0383786

15 38 0.0402964

16 38 0.0420552

17 38 0.0436481

18 38 0.0450687

19 38 0.0463114

20 38 0.0473713

21 38 0.0482443

22 38 0.0489269

23 38 0.0494164

24 38 0.0497108

25 38 0.0498091

26 38 0.0497108

27 38 0.0494164

28 38 0.0489269

29 38 0.0482443

30 38 0.0473713

31 38 0.0463114

32 38 0.0450687

33 38 0.0436481

34 38 0.0420552

35 38 0.0402964

36 38 0.0383786

37 38 0.0363093

38 38 0.0340967

39 38 0.0317495

40 38 0.0292771

41 38 0.0266891

42 38 0.0239957

43 38 0.0212077

44 38 0.018336

45 38 0.0153919

46 38 0.012387

47 38 0.0093333

48 38 0.00624274

49 38 0.00312754

50 38 0

0 39 0

1 39 0.00291225

2 39 0.005813

3 39 0.00869081

4 39 0.0115343

5 39 0.0143323

6 39 0.0170737

7 39 0.0197478

8 39 0.0223439

9 39 0.0248518

10 39 0.0272617

11 39 0.029564

12 39 0.0317495

13 39 0.0338098

14 39 0.0357367

15 39 0.0375225

16 39 0.0391602

17 39 0.0406434

18 39 0.0419662

19 39 0.0431234

20 39 0.0441103

21 39 0.0449232

22 39 0.0455588

23 39 0.0460146

24 39 0.0462888

25 39 0.0463804

26 39 0.0462888

27 39 0.0460146

28 39 0.0455588

29 39 0.0449232

30 39 0.0441103

31 39 0.0431234

32 39 0.0419662

33 39 0.0406434

34 39 0.0391602

35 39 0.0375225

36 39 0.0357367

37 39 0.0338098

38 39 0.0317495

39 39 0.029564

40 39 0.0272617

41 39 0.0248518

42 39 0.0223439

43 39 0.0197478

44 39 0.0170737

45 39 0.0143323

46 39 0.0115343

47 39 0.00869081

48 39 0.005813

49 39 0.00291225

50 39 0

0 40 0

1 40 0.00268546

2 40 0.00536032

3 40 0.00801402

4 40 0.0106361

5 40 0.0132162

6 40 0.0157441

7 40 0.01821

8 40 0.0206039

9 40 0.0229165

10 40 0.0251387

11 40 0.0272617

12 40 0.0292771

13 40 0.0311769

14 40 0.0329537

15 40 0.0346005

16 40 0.0361107

17 40 0.0374784

18 40 0.0386981

19 40 0.0397652

20 40 0.0406753

21 40 0.0414249

22 40 0.042011

23 40 0.0424313

24 40 0.0426841

25 40 0.0427685

26 40 0.0426841

27 40 0.0424313

28 40 0.042011

29 40 0.0414249

30 40 0.0406753

31 40 0.0397652

32 40 0.0386981

33 40 0.0374784

34 40 0.0361107

35 40 0.0346005

36 40 0.0329537

37 40 0.0311769

38 40 0.0292771

39 40 0.0272617

40 40 0.0251387

41 40 0.0229165

42 40 0.0206039

43 40 0.01821

44 40 0.0157441

45 40 0.0132162

46 40 0.0106361

47 40 0.00801402

48 40 0.00536032

49 40 0.00268546

50 40 0

0 41 0

1 41 0.00244807

2 41 0.00488648

3 41 0.00730561

4 41 0.0096959

5 41 0.0120479

6 41 0.0143524

7 41 0.0166002

8 41 0.0187826

9 41 0.0208908

10 41 0.0229165

11 41 0.0248518

12 41 0.0266891

13 41 0.028421

14 41 0.0300407

15 41 0.0315419

16 41 0.0329186

17 41 0.0341654

18 41 0.0352773

19 41 0.0362501

20 41 0.0370797

21 41 0.037763

22 41 0.0382973

23 41 0.0386805

24 41 0.038911

25 41 0.0389879

26 41 0.038911

27 41 0.0386805

28 41 0.0382973

29 41 0.037763

30 41 0.0370797

31 41 0.0362501

32 41 0.0352773

33 41 0.0341654

34 41 0.0329186

35 41 0.0315419

36 41 0.0300407

37 41 0.028421

38 41 0.0266891

39 41 0.0248518

40 41 0.0229165

41 41 0.0208908

42 41 0.0187826

43 41 0.0166002

44 41 0.0143524

45 41 0.0120479

46 41 0.0096959

47 41 0.00730561

48 41 0.00488648

49 41 0.00244807

50 41 0

0 42 0

1 42 0.00220102

2 42 0.00439336

3 42 0.00656836

4 42 0.00871744

5 42 0.0108321

6 42 0.012904

7 42 0.014925

8 42 0.0168871

9 42 0.0187826

10 42 0.0206039

11 42 0.0223439

12 42 0.0239957

13 42 0.0255529

14 42 0.0270091

15 42 0.0283588

16 42 0.0295966

17 42 0.0307176

18 42 0.0317173

19 42 0.0325919

20 42 0.0333378

21 42 0.0339522

22 42 0.0344326

23 42 0.034777

24 42 0.0349843

25 42 0.0350534

26 42 0.0349843

27 42 0.034777

28 42 0.0344326

29 42 0.0339522

30 42 0.0333378

31 42 0.0325919

32 42 0.0317173

33 42 0.0307176

34 42 0.0295966

35 42 0.0283588

36 42 0.0270091

37 42 0.0255529

38 42 0.0239957

39 42 0.0223439

40 42 0.0206039

41 42 0.0187826

42 42 0.0168871

43 42 0.014925

44 42 0.012904

45 42 0.0108321

46 42 0.00871744

47 42 0.00656836

48 42 0.00439336

49 42 0.00220102

50 42 0

0 43 0

1 43 0.00194529

2 43 0.0038829

3 43 0.00580519

4 43 0.00770457

5 43 0.00957354

6 43 0.0114047

7 43 0.0131909

8 43 0.014925

9 43 0.0166002

10 43 0.01821

11 43 0.0197478

12 43 0.0212077

13 43 0.0225839

14 43 0.023871

15 43 0.0250639

16 43 0.0261578

17 43 0.0271485

18 43 0.0280321

19 43 0.0288051

20 43 0.0294643

21 43 0.0300073

22 43 0.0304319

23 43 0.0307363

24 43 0.0309195

25 43 0.0309806

26 43 0.0309195

27 43 0.0307363

28 43 0.0304319

29 43 0.0300073

30 43 0.0294643

31 43 0.0288051

32 43 0.0280321

33 43 0.0271485

34 43 0.0261578

35 43 0.0250639

36 43 0.023871

37 43 0.0225839

38 43 0.0212077

39 43 0.0197478

40 43 0.01821

41 43 0.0166002

42 43 0.014925

43 43 0.0131909

44 43 0.0114047

45 43 0.00957354

46 43 0.00770457

47 43 0.00580519

48 43 0.0038829

49 43 0.00194529

50 43 0

0 44 0

1 44 0.00168188

2 44 0.00335712

3 44 0.00501911

4 44 0.00666129

5 44 0.00827719

6 44 0.00986042

7 44 0.0114047

8 44 0.012904

9 44 0.0143524

10 44 0.0157441

11 44 0.0170737

12 44 0.018336

13 44 0.0195258

14 44 0.0206386

15 44 0.02167

16 44 0.0226158

17 44 0.0234723

18 44 0.0242363

19 44 0.0249046

20 44 0.0254746

21 44 0.025944

22 44 0.0263111

23 44 0.0265743

24 44 0.0267327

25 44 0.0267855

26 44 0.0267327

27 44 0.0265743

28 44 0.0263111

29 44 0.025944

30 44 0.0254746

31 44 0.0249046

32 44 0.0242363

33 44 0.0234723

34 44 0.0226158

35 44 0.02167

36 44 0.0206386

37 44 0.0195258

38 44 0.018336

39 44 0.0170737

40 44 0.0157441

41 44 0.0143524

42 44 0.012904

43 44 0.0114047

44 44 0.00986042

45 44 0.00827719

46 44 0.00666129

47 44 0.00501911

48 44 0.00335712

49 44 0.00168188

50 44 0

0 45 0

1 45 0.00141183

2 45 0.00281809

3 45 0.00421322

4 45 0.00559173

5 45 0.00694817

6 45 0.00827719

7 45 0.00957354

8 45 0.0108321

9 45 0.0120479

10 45 0.0132162

11 45 0.0143323

12 45 0.0153919

13 45 0.0163907

14 45 0.0173248

15 45 0.0181905

16 45 0.0189845

17 45 0.0197035

18 45 0.0203448

19 45 0.0209058

20 45 0.0213843

21 45 0.0217783

22 45 0.0220865

23 45 0.0223074

24 45 0.0224404

25 45 0.0224847

26 45 0.0224404

27 45 0.0223074

28 45 0.0220865

29 45 0.0217783

30 45 0.0213843

31 45 0.0209058

32 45 0.0203448

33 45 0.0197035

34 45 0.0189845

35 45 0.0181905

36 45 0.0173248

37 45 0.0163907

38 45 0.0153919

39 45 0.0143323

40 45 0.0132162

41 45 0.0120479

42 45 0.0108321

43 45 0.00957354

44 45 0.00827719

45 45 0.00694817

46 45 0.00559173

47 45 0.00421322

48 45 0.00281809

49 45 0.00141183

50 45 0

0 46 0

1 46 0.00113621

2 46 0.00226793

3 46 0.00339071

4 46 0.0045001

5 46 0.00559173

6 46 0.00666129

7 46 0.00770457

8 46 0.00871744

9 46 0.0096959

10 46 0.0106361

11 46 0.0115343

12 46 0.012387

13 46 0.0131908

14 46 0.0139426

15 46 0.0146393

16 46 0.0152783

17 46 0.015857

18 46 0.016373

19 46 0.0168245

20 46 0.0172096

21 46 0.0175267

22 46 0.0177747

23 46 0.0179525

24 46 0.0180595

25 46 0.0180952

26 46 0.0180595

27 46 0.0179525

28 46 0.0177747

29 46 0.0175267

30 46 0.0172096

31 46 0.0168245

32 46 0.016373

33 46 0.015857

34 46 0.0152783

35 46 0.0146393

36 46 0.0139426

37 46 0.0131908

38 46 0.012387

39 46 0.0115343

40 46 0.0106361

41 46 0.0096959

42 46 0.00871744

43 46 0.00770457

44 46 0.00666129

45 46 0.00559173

46 46 0.0045001

47 46 0.00339071

48 46 0.00226793

49 46 0.00113621

50 46 0

0 47 0

1 47 0.000856103

2 47 0.00170883

3 47 0.00255481

4 47 0.00339071

5 47 0.00421322

6 47 0.00501911

7 47 0.00580519

8 47 0.00656836

9 47 0.00730561

10 47 0.00801402

11 47 0.00869081

12 47 0.0093333

13 47 0.00993896

14 47 0.0105054

15 47 0.0110304

16 47 0.0115118

17 47 0.0119478

18 47 0.0123367

19 47 0.0126768

20 47 0.012967

21 47 0.0132059

22 47 0.0133928

23 47 0.0135268

24 47 0.0136074

25 47 0.0136343

26 47 0.0136074

27 47 0.0135268

28 47 0.0133928

29 47 0.0132059

30 47 0.012967

31 47 0.0126768

32 47 0.0123367

33 47 0.0119478

34 47 0.0115118

35 47 0.0110304

36 47 0.0105054

37 47 0.00993896

38 47 0.0093333

39 47 0.00869081

40 47 0.00801402

41 47 0.00730561

42 47 0.00656836

43 47 0.00580519

44 47 0.00501911

45 47 0.00421322

46 47 0.00339071

47 47 0.00255481

48 47 0.00170883

49 47 0.000856103

50 47 0

0 48 0

1 48 0.000572619

2 48 0.00114298

3 48 0.00170883

4 48 0.00226793

5 48 0.00281809

6 48 0.00335712

7 48 0.0038829

8 48 0.00439336

9 48 0.00488648

10 48 0.00536032

11 48 0.005813

12 48 0.00624274

13 48 0.00664784

14 48 0.00702671

15 48 0.00737785

16 48 0.00769986

17 48 0.00799149

18 48 0.00825159

19 48 0.00847911

20 48 0.00867318

21 48 0.00883301

22 48 0.00895799

23 48 0.00904761

24 48 0.00910152

25 48 0.00911952

26 48 0.00910152

27 48 0.00904761

28 48 0.00895799

29 48 0.00883301

30 48 0.00867318

31 48 0.00847911

32 48 0.00825159

33 48 0.00799149

34 48 0.00769986

35 48 0.00737785

36 48 0.00702671

37 48 0.00664784

38 48 0.00624274

39 48 0.005813

40 48 0.00536032

41 48 0.00488648

