0 1 0

1 1 0.000967398

2 1 0.00193098

3 1 0.00288694

4 1 0.0038315

5 1 0.00476095

6 1 0.0056716

7 1 0.00655987

8 1 0.00742226

9 1 0.00825535

10 1 0.00905586

11 1 0.00982063

12 1 0.0105466

13 1 0.011231

14 1 0.0118711

15 1 0.0124643

16 1 0.0130083

17 1 0.013501

18 1 0.0139404

19 1 0.0143248

20 1 0.0146527

21 1 0.0149227

22 1 0.0151339

23 1 0.0152853

24 1 0.0153763

25 1 0.0154067

26 1 0.0153763

27 1 0.0152853

28 1 0.0151339

29 1 0.0149227

30 1 0.0146527

31 1 0.0143248

32 1 0.0139404

33 1 0.013501

34 1 0.0130083

35 1 0.0124643

36 1 0.0118711

37 1 0.011231

38 1 0.0105466

39 1 0.00982063

40 1 0.00905586

41 1 0.00825535

42 1 0.00742226

43 1 0.00655987

44 1 0.0056716

45 1 0.00476095

46 1 0.0038315

47 1 0.00288694

48 1 0.00193098

49 1 0.000967398

50 1 0

0 2 0

1 2 0.00193098

2 2 0.00385433

3 2 0.00576248

4 2 0.00764788

5 2 0.0095031

6 2 0.0113208

7 2 0.0130939

8 2 0.0148152

9 2 0.0164781

10 2 0.018076

11 2 0.0196025

12 2 0.0210517

13 2 0.0224177

14 2 0.0236954

15 2 0.0248795

16 2 0.0259654

17 2 0.0269488

18 2 0.0278259

19 2 0.0285931

20 2 0.0292475

21 2 0.0297865

22 2 0.030208

23 2 0.0305102

24 2 0.030692

25 2 0.0307527

26 2 0.030692

27 2 0.0305102

28 2 0.030208

29 2 0.0297865

30 2 0.0292475

31 2 0.0285931

32 2 0.0278259

33 2 0.0269488

34 2 0.0259654

35 2 0.0248795

36 2 0.0236954

37 2 0.0224177

38 2 0.0210517

39 2 0.0196025

40 2 0.018076

41 2 0.0164781

42 2 0.0148152

43 2 0.0130939

44 2 0.0113208

45 2 0.0095031

46 2 0.00764788

47 2 0.00576248

48 2 0.00385433

49 2 0.00193098

50 2 0

0 3 0

1 3 0.00288694

2 3 0.00576248

3 3 0.00861528

4 3 0.0114341

5 3 0.0142078

6 3 0.0169254

7 3 0.0195762

8 3 0.0221497

9 3 0.0246359

10 3 0.0270248

11 3 0.029307

12 3 0.0314736

13 3 0.033516

14 3 0.0354261

15 3 0.0371964

16 3 0.0388199

17 3 0.0402902

18 3 0.0416015

19 3 0.0427486

20 3 0.043727

21 3 0.0445328

22 3 0.0451629

23 3 0.0456147

24 3 0.0458865

25 3 0.0459773

26 3 0.0458865

27 3 0.0456147

28 3 0.0451629

29 3 0.0445328

30 3 0.043727

31 3 0.0427486

32 3 0.0416015

33 3 0.0402902

34 3 0.0388199

35 3 0.0371964

36 3 0.0354261

37 3 0.033516

38 3 0.0314736

39 3 0.029307

40 3 0.0270248

41 3 0.0246359

42 3 0.0221497

43 3 0.0195762

44 3 0.0169254

45 3 0.0142078

46 3 0.0114341

47 3 0.00861528

48 3 0.00576248

49 3 0.00288694

50 3 0

0 4 0

1 4 0.0038315

2 4 0.00764788

3 4 0.0114341

4 4 0.0151752

5 4 0.0188563

6 4 0.0224631

7 4 0.0259812

8 4 0.0293968

9 4 0.0326964

10 4 0.0358669

11 4 0.0388959

12 4 0.0417713

13 4 0.044482

14 4 0.047017

15 4 0.0493665

16 4 0.0515212

17 4 0.0534726

18 4 0.0552129

19 4 0.0567353

20 4 0.0580338

21 4 0.0591033

22 4 0.0599396

23 4 0.0605392

24 4 0.0609

25 4 0.0610204

26 4 0.0609

27 4 0.0605392

28 4 0.0599396

29 4 0.0591033

30 4 0.0580338

31 4 0.0567353

32 4 0.0552129

33 4 0.0534726

34 4 0.0515212

35 4 0.0493665

36 4 0.047017

37 4 0.044482

38 4 0.0417713

39 4 0.0388959

40 4 0.0358669

41 4 0.0326964

42 4 0.0293968

43 4 0.0259812

44 4 0.0224631

45 4 0.0188563

46 4 0.0151752

47 4 0.0114341

48 4 0.00764788

49 4 0.0038315

50 4 0

0 5 0

1 5 0.00476095

2 5 0.0095031

3 5 0.0142078

4 5 0.0188563

5 5 0.0234305

6 5 0.0279122

7 5 0.0322837

8 5 0.0365279

9 5 0.0406278

10 5 0.0445675

11 5 0.0483312

12 5 0.0519042

13 5 0.0552724

14 5 0.0584224

15 5 0.0613419

16 5 0.0640192

17 5 0.0664439

18 5 0.0686064

19 5 0.0704982

20 5 0.0721117

21 5 0.0734406

22 5 0.0744797

23 5 0.0752248

24 5 0.0756731

25 5 0.0758227

26 5 0.0756731

27 5 0.0752248

28 5 0.0744797

29 5 0.0734406

30 5 0.0721117

31 5 0.0704982

32 5 0.0686064

33 5 0.0664439

34 5 0.0640192

35 5 0.0613419

36 5 0.0584224

37 5 0.0552724

38 5 0.0519042

39 5 0.0483312

40 5 0.0445675

41 5 0.0406278

42 5 0.0365279

43 5 0.0322837

44 5 0.0279122

45 5 0.0234305

46 5 0.0188563

47 5 0.0142078

48 5 0.0095031

49 5 0.00476095

50 5 0

0 6 0

1 6 0.0056716

2 6 0.0113208

3 6 0.0169254

4 6 0.0224631

5 6 0.0279122

6 6 0.0332511

7 6 0.0384588

8 6 0.0435148

9 6 0.048399

10 6 0.0530922

11 6 0.0575758

12 6 0.0618322

13 6 0.0658447

14 6 0.0695972

15 6 0.0730751

16 6 0.0762646

17 6 0.0791531

18 6 0.0817292

19 6 0.0839828

20 6 0.0859049

21 6 0.087488

22 6 0.0887259

23 6 0.0896135

24 6 0.0901475

25 6 0.0903258

26 6 0.0901475

27 6 0.0896135

28 6 0.0887259

29 6 0.087488

30 6 0.0859049

31 6 0.0839828

32 6 0.0817292

33 6 0.0791531

34 6 0.0762646

35 6 0.0730751

36 6 0.0695972

37 6 0.0658447

38 6 0.0618322

39 6 0.0575758

40 6 0.0530922

41 6 0.048399

42 6 0.0435148

43 6 0.0384588

44 6 0.0332511

45 6 0.0279122

46 6 0.0224631

47 6 0.0169254

48 6 0.0113208

49 6 0.0056716

50 6 0

0 7 0

1 7 0.00655987

2 7 0.0130939

3 7 0.0195762

4 7 0.0259812

5 7 0.0322837

6 7 0.0384588

7 7 0.0444822

8 7 0.0503299

9 7 0.0559791

10 7 0.0614073

11 7 0.0665932

12 7 0.0715163

13 7 0.0761571

14 7 0.0804973

15 7 0.0845199

16 7 0.0882089

17 7 0.0915498

18 7 0.0945294

19 7 0.0971359

20 7 0.0993591

21 7 0.10119

22 7 0.102622

23 7 0.103649

24 7 0.104266

25 7 0.104472

26 7 0.104266

27 7 0.103649

28 7 0.102622

29 7 0.10119

30 7 0.0993591

31 7 0.0971359

32 7 0.0945294

33 7 0.0915498

34 7 0.0882089

35 7 0.0845199

36 7 0.0804973

37 7 0.0761571

38 7 0.0715163

39 7 0.0665932

40 7 0.0614073

41 7 0.0559791

42 7 0.0503299

43 7 0.0444822

44 7 0.0384588

45 7 0.0322837

46 7 0.0259812

47 7 0.0195762

48 7 0.0130939

49 7 0.00655987

50 7 0

0 8 0

1 8 0.00742226

2 8 0.0148152

3 8 0.0221497

4 8 0.0293968

5 8 0.0365279

6 8 0.0435148

7 8 0.0503299

8 8 0.0569465

9 8 0.0633383

10 8 0.0694801

11 8 0.0753478

12 8 0.080918

13 8 0.0861689

14 8 0.0910798

15 8 0.0956312

16 8 0.0998052

17 8 0.103585

18 8 0.106957

19 8 0.109906

20 8 0.112421

21 8 0.114493

22 8 0.116113

23 8 0.117275

24 8 0.117973

25 8 0.118207

26 8 0.117973

27 8 0.117275

28 8 0.116113

29 8 0.114493

30 8 0.112421

31 8 0.109906

32 8 0.106957

33 8 0.103585

34 8 0.0998052

35 8 0.0956312

36 8 0.0910798

37 8 0.0861689

38 8 0.080918

39 8 0.0753478

40 8 0.0694801

41 8 0.0633383

42 8 0.0569465

43 8 0.0503299

44 8 0.0435148

45 8 0.0365279

46 8 0.0293968

47 8 0.0221497

48 8 0.0148152

49 8 0.00742226

50 8 0

0 9 0

1 9 0.00825535

2 9 0.0164781

3 9 0.0246359

4 9 0.0326964

5 9 0.0406278

6 9 0.048399

7 9 0.0559791

8 9 0.0633383

9 9 0.0704475

10 9 0.0772787

11 9 0.083805

12 9 0.0900004

13 9 0.0958407

14 9 0.101303

15 9 0.106365

16 9 0.111008

17 9 0.115212

18 9 0.118962

19 9 0.122242

20 9 0.12504

21 9 0.127344

22 9 0.129146

23 9 0.130438

24 9 0.131215

25 9 0.131474

26 9 0.131215

27 9 0.130438

28 9 0.129146

29 9 0.127344

30 9 0.12504

31 9 0.122242

32 9 0.118962

33 9 0.115212

34 9 0.111008

35 9 0.106365

36 9 0.101303

37 9 0.0958407

38 9 0.0900004

39 9 0.083805

40 9 0.0772787

41 9 0.0704475

42 9 0.0633383

43 9 0.0559791

44 9 0.048399

45 9 0.0406278

46 9 0.0326964

47 9 0.0246359

48 9 0.0164781

49 9 0.00825535

50 9 0

0 10 0

1 10 0.00905586

2 10 0.018076

3 10 0.0270248

4 10 0.0358669

5 10 0.0445675

6 10 0.0530922

7 10 0.0614073

8 10 0.0694801

9 10 0.0772787

10 10 0.0847724

11 10 0.0919314

12 10 0.0987277

13 10 0.105134

14 10 0.111126

15 10 0.116679

16 10 0.121772

17 10 0.126384

18 10 0.130497

19 10 0.134095

20 10 0.137165

21 10 0.139692

22 10 0.141669

23 10 0.143086

24 10 0.143939

25 10 0.144223

26 10 0.143939

27 10 0.143086

28 10 0.141669

29 10 0.139692

30 10 0.137165

31 10 0.134095

32 10 0.130497

33 10 0.126384

34 10 0.121772

35 10 0.116679

36 10 0.111126

37 10 0.105134

38 10 0.0987277

39 10 0.0919314

40 10 0.0847724

41 10 0.0772787

42 10 0.0694801

43 10 0.0614073

44 10 0.0530922

45 10 0.0445675

46 10 0.0358669

47 10 0.0270248

48 10 0.018076

49 10 0.00905586

50 10 0

0 11 0

1 11 0.00982063

2 11 0.0196025

3 11 0.029307

4 11 0.0388959

5 11 0.0483312

6 11 0.0575758

7 11 0.0665932

8 11 0.0753478

9 11 0.083805

10 11 0.0919314

11 11 0.0996951

12 11 0.107065

13 11 0.114013

14 11 0.120511

15 11 0.126533

16 11 0.132055

17 11 0.137057

18 11 0.141518

19 11 0.14542

20 11 0.148748

21 11 0.151489

22 11 0.153633

23 11 0.15517

24 11 0.156094

25 11 0.156403

26 11 0.156094

27 11 0.15517

28 11 0.153633

29 11 0.151489

30 11 0.148748

31 11 0.14542

32 11 0.141518

33 11 0.137057

34 11 0.132055

35 11 0.126533

36 11 0.120511

37 11 0.114013

38 11 0.107065

39 11 0.0996951

40 11 0.0919314

41 11 0.083805

42 11 0.0753478

43 11 0.0665932

44 11 0.0575758

45 11 0.0483312

46 11 0.0388959

47 11 0.029307

48 11 0.0196025

49 11 0.00982063

50 11 0

0 12 0

1 12 0.0105466

2 12 0.0210517

3 12 0.0314736

4 12 0.0417713

5 12 0.0519042

6 12 0.0618322

7 12 0.0715163

8 12 0.080918

9 12 0.0900004

10 12 0.0987277

11 12 0.107065

12 12 0.11498

13 12 0.122442

14 12 0.12942

15 12 0.135887

16 12 0.141818

17 12 0.147189

18 12 0.15198

19 12 0.15617

20 12 0.159745

21 12 0.162689

22 12 0.16499

23 12 0.166641

24 12 0.167634

25 12 0.167966

26 12 0.167634

27 12 0.166641

28 12 0.16499

29 12 0.162689

30 12 0.159745

31 12 0.15617

32 12 0.15198

33 12 0.147189

34 12 0.141818

35 12 0.135887

36 12 0.12942

37 12 0.122442

38 12 0.11498

39 12 0.107065

40 12 0.0987277

41 12 0.0900004

42 12 0.080918

43 12 0.0715163

44 12 0.0618322

45 12 0.0519042

46 12 0.0417713

47 12 0.0314736

48 12 0.0210517

49 12 0.0105466

50 12 0

0 13 0

1 13 0.011231

2 13 0.0224177

3 13 0.033516

4 13 0.044482

5 13 0.0552724

6 13 0.0658447

7 13 0.0761571

8 13 0.0861689

9 13 0.0958407

10 13 0.105134

11 13 0.114013

12 13 0.122442

13 13 0.130387

14 13 0.137818

15 13 0.144705

16 13 0.151021

17 13 0.156741

18 13 0.161842

19 13 0.166305

20 13 0.170111

21 13 0.173246

22 13 0.175697

23 13 0.177455

24 13 0.178512

25 13 0.178865

26 13 0.178512

27 13 0.177455

28 13 0.175697

29 13 0.173246

30 13 0.170111

31 13 0.166305

32 13 0.161842

33 13 0.156741

34 13 0.151021

35 13 0.144705

36 13 0.137818

37 13 0.130387

38 13 0.122442

39 13 0.114013

40 13 0.105134

41 13 0.0958407

42 13 0.0861689

43 13 0.0761571

44 13 0.0658447

45 13 0.0552724

46 13 0.044482

47 13 0.033516

48 13 0.0224177

49 13 0.011231

50 13 0

0 14 0

1 14 0.0118711

2 14 0.0236954

3 14 0.0354261

4 14 0.047017

5 14 0.0584224

6 14 0.0695972

7 14 0.0804973

8 14 0.0910798

9 14 0.101303

10 14 0.111126

11 14 0.120511

12 14 0.12942

13 14 0.137818

14 14 0.145672

15 14 0.152952

16 14 0.159628

17 14 0.165674

18 14 0.171066

19 14 0.175782

20 14 0.179806

21 14 0.183119

22 14 0.18571

23 14 0.187568

24 14 0.188686

25 14 0.189059

26 14 0.188686

27 14 0.187568

28 14 0.18571

29 14 0.183119

30 14 0.179806

31 14 0.175782

32 14 0.171066

33 14 0.165674

34 14 0.159628

35 14 0.152952

36 14 0.145672

37 14 0.137818

38 14 0.12942

39 14 0.120511

40 14 0.111126

41 14 0.101303

42 14 0.0910798

43 14 0.0804973

44 14 0.0695972

45 14 0.0584224

46 14 0.047017

47 14 0.0354261

48 14 0.0236954

49 14 0.0118711

50 14 0

0 15 0

1 15 0.0124643

2 15 0.0248795

3 15 0.0371964

4 15 0.0493665

5 15 0.0613419

6 15 0.0730751

7 15 0.0845199

8 15 0.0956312

9 15 0.106365

10 15 0.116679

11 15 0.126533

12 15 0.135887

13 15 0.144705

14 15 0.152952

15 15 0.160595

16 15 0.167605

17 15 0.173952

18 15 0.179614

19 15 0.184567

20 15 0.188791

21 15 0.19227

22 15 0.19499

23 15 0.196941

24 15 0.198115

25 15 0.198506

26 15 0.198115

27 15 0.196941

28 15 0.19499

29 15 0.19227

30 15 0.188791

31 15 0.184567

32 15 0.179614

33 15 0.173952

34 15 0.167605

35 15 0.160595

36 15 0.152952

37 15 0.144705

38 15 0.135887

39 15 0.126533

40 15 0.116679

41 15 0.106365

42 15 0.0956312

43 15 0.0845199

44 15 0.0730751

45 15 0.0613419

46 15 0.0493665

47 15 0.0371964

48 15 0.0248795

49 15 0.0124643

50 15 0

0 16 0

1 16 0.0130083

2 16 0.0259654

3 16 0.0388199

4 16 0.0515212

5 16 0.0640192

6 16 0.0762646

7 16 0.0882089

8 16 0.0998052

9 16 0.111008

10 16 0.121772

11 16 0.132055

12 16 0.141818

13 16 0.151021

14 16 0.159628

15 16 0.167605

16 16 0.17492

17 16 0.181545

18 16 0.187454

19 16 0.192622

20 16 0.197031

21 16 0.200662

22 16 0.203501

23 16 0.205537

24 16 0.206762

25 16 0.207171

26 16 0.206762

27 16 0.205537

28 16 0.203501

29 16 0.200662

30 16 0.197031

31 16 0.192622

32 16 0.187454

33 16 0.181545

34 16 0.17492

35 16 0.167605

36 16 0.159628

37 16 0.151021

38 16 0.141818

39 16 0.132055

40 16 0.121772

41 16 0.111008

42 16 0.0998052

43 16 0.0882089

44 16 0.0762646

45 16 0.0640192

46 16 0.0515212

47 16 0.0388199

48 16 0.0259654

49 16 0.0130083

50 16 0

0 17 0

1 17 0.013501

2 17 0.0269488

3 17 0.0402902

4 17 0.0534726

5 17 0.0664439

6 17 0.0791531

7 17 0.0915498

8 17 0.103585

9 17 0.115212

10 17 0.126384

11 17 0.137057

12 17 0.147189

13 17 0.156741

14 17 0.165674

15 17 0.173952

16 17 0.181545

17 17 0.188421

18 17 0.194553

19 17 0.199918

20 17 0.204493

21 17 0.208262

22 17 0.211209

23 17 0.213322

24 17 0.214593

25 17 0.215017

26 17 0.214593

27 17 0.213322

28 17 0.211209

29 17 0.208262

30 17 0.204493

31 17 0.199918

32 17 0.194553

33 17 0.188421

34 17 0.181545

35 17 0.173952

36 17 0.165674

37 17 0.156741

38 17 0.147189

39 17 0.137057

40 17 0.126384

41 17 0.115212

42 17 0.103585

43 17 0.0915498

44 17 0.0791531

45 17 0.0664439

46 17 0.0534726

47 17 0.0402902

48 17 0.0269488

49 17 0.013501

50 17 0

0 18 0

1 18 0.0139404

2 18 0.0278259

3 18 0.0416015

4 18 0.0552129

5 18 0.0686064

6 18 0.0817292

7 18 0.0945294

8 18 0.106957

9 18 0.118962

10 18 0.130497

11 18 0.141518

12 18 0.15198

13 18 0.161842

14 18 0.171066

15 18 0.179614

16 18 0.187454

17 18 0.194553

18 18 0.200885

19 18 0.206424

20 18 0.211149

21 18 0.21504

22 18 0.218083

23 18 0.220264

24 18 0.221577

25 18 0.222015

26 18 0.221577

27 18 0.220264

28 18 0.218083

29 18 0.21504

30 18 0.211149

31 18 0.206424

32 18 0.200885

33 18 0.194553

34 18 0.187454

35 18 0.179614

36 18 0.171066

37 18 0.161842

38 18 0.15198

39 18 0.141518

40 18 0.130497

41 18 0.118962

42 18 0.106957

43 18 0.0945294

44 18 0.0817292

45 18 0.0686064

46 18 0.0552129

47 18 0.0416015

48 18 0.0278259

49 18 0.0139404

50 18 0

0 19 0

1 19 0.0143248

2 19 0.0285931

3 19 0.0427486

4 19 0.0567353

5 19 0.0704982

6 19 0.0839828

7 19 0.0971359

8 19 0.109906

9 19 0.122242

10 19 0.134095

11 19 0.14542

12 19 0.15617

13 19 0.166305

14 19 0.175782

15 19 0.184567

16 19 0.192622

17 19 0.199918

18 19 0.206424

19 19 0.212116

20 19 0.216971

21 19 0.22097

22 19 0.224096

23 19 0.226338

24 19 0.227687

25 19 0.228137

26 19 0.227687

27 19 0.226338

28 19 0.224096

29 19 0.22097

30 19 0.216971

31 19 0.212116

32 19 0.206424

33 19 0.199918

34 19 0.192622

35 19 0.184567

36 19 0.175782

37 19 0.166305

38 19 0.15617

39 19 0.14542

40 19 0.134095

41 19 0.122242

42 19 0.109906

43 19 0.0971359

44 19 0.0839828

45 19 0.0704982

46 19 0.0567353

47 19 0.0427486

48 19 0.0285931

49 19 0.0143248

50 19 0

0 20 0

1 20 0.0146527

2 20 0.0292475

3 20 0.043727

4 20 0.0580338

5 20 0.0721117

6 20 0.0859049

7 20 0.0993591

8 20 0.112421

9 20 0.12504

10 20 0.137165

11 20 0.148748

12 20 0.159745

13 20 0.170111

14 20 0.179806

15 20 0.188791

16 20 0.197031

17 20 0.204493

18 20 0.211149

19 20 0.216971

20 20 0.221937

21 20 0.226027

22 20 0.229225

23 20 0.231518

24 20 0.232898

25 20 0.233358

26 20 0.232898

27 20 0.231518

28 20 0.229225

29 20 0.226027

30 20 0.221937

31 20 0.216971

32 20 0.211149

33 20 0.204493

34 20 0.197031

35 20 0.188791

36 20 0.179806

37 20 0.170111

38 20 0.159745

39 20 0.148748

40 20 0.137165

41 20 0.12504

42 20 0.112421

43 20 0.0993591

44 20 0.0859049

45 20 0.0721117

46 20 0.0580338

47 20 0.043727

48 20 0.0292475

49 20 0.0146527

50 20 0

0 21 0

1 21 0.0149227

2 21 0.0297865

3 21 0.0445328

4 21 0.0591033

5 21 0.0734406

6 21 0.087488

7 21 0.10119

8 21 0.114493

9 21 0.127344

10 21 0.139692

11 21 0.151489

12 21 0.162689

13 21 0.173246

14 21 0.183119

15 21 0.19227

16 21 0.200662

17 21 0.208262

18 21 0.21504

19 21 0.22097

20 21 0.226027

21 21 0.230192

22 21 0.233449

23 21 0.235785

24 21 0.23719

25 21 0.237659

26 21 0.23719

27 21 0.235785

28 21 0.233449

29 21 0.230192

30 21 0.226027

31 21 0.22097

32 21 0.21504

33 21 0.208262

34 21 0.200662

35 21 0.19227

36 21 0.183119

37 21 0.173246

38 21 0.162689

39 21 0.151489

40 21 0.139692

41 21 0.127344

42 21 0.114493

43 21 0.10119

44 21 0.087488

45 21 0.0734406

46 21 0.0591033

47 21 0.0445328

48 21 0.0297865

49 21 0.0149227

50 21 0

0 22 0

1 22 0.0151339

2 22 0.030208

3 22 0.0451629

4 22 0.0599396

5 22 0.0744797

6 22 0.0887259

7 22 0.102622

8 22 0.116113

9 22 0.129146

10 22 0.141669

11 22 0.153633

12 22 0.16499

13 22 0.175697

14 22 0.18571

15 22 0.19499

16 22 0.203501

17 22 0.211209

18 22 0.218083

19 22 0.224096

20 22 0.229225

21 22 0.233449

22 22 0.236752

23 22 0.239121

24 22 0.240546

25 22 0.241021

26 22 0.240546

27 22 0.239121

28 22 0.236752

29 22 0.233449

30 22 0.229225

31 22 0.224096

32 22 0.218083

33 22 0.211209

34 22 0.203501

35 22 0.19499

36 22 0.18571

37 22 0.175697

38 22 0.16499

39 22 0.153633

40 22 0.141669

41 22 0.129146

42 22 0.116113

43 22 0.102622

44 22 0.0887259

45 22 0.0744797

46 22 0.0599396

47 22 0.0451629

48 22 0.030208

49 22 0.0151339

50 22 0

0 23 0

1 23 0.0152853

2 23 0.0305102

3 23 0.0456147

4 23 0.0605392

5 23 0.0752248

6 23 0.0896135

7 23 0.103649

8 23 0.117275

9 23 0.130438

10 23 0.143086

11 23 0.15517

12 23 0.166641

13 23 0.177455

14 23 0.187568

15 23 0.196941

16 23 0.205537

17 23 0.213322

18 23 0.220264

19 23 0.226338

20 23 0.231518

21 23 0.235785

22 23 0.239121

23 23 0.241513

24 23 0.242952

25 23 0.243433

26 23 0.242952

27 23 0.241513

28 23 0.239121

29 23 0.235785

30 23 0.231518

31 23 0.226338

32 23 0.220264

33 23 0.213322

34 23 0.205537

35 23 0.196941

36 23 0.187568

37 23 0.177455

38 23 0.166641

39 23 0.15517

40 23 0.143086

41 23 0.130438

42 23 0.117275

43 23 0.103649

44 23 0.0896135

45 23 0.0752248

46 23 0.0605392

47 23 0.0456147

48 23 0.0305102

49 23 0.0152853

50 23 0

0 24 0

1 24 0.0153763

2 24 0.030692

3 24 0.0458865

4 24 0.0609

5 24 0.0756731

6 24 0.0901475

7 24 0.104266

8 24 0.117973

9 24 0.131215

10 24 0.143939

11 24 0.156094

12 24 0.167634

13 24 0.178512

14 24 0.188686

15 24 0.198115

16 24 0.206762

17 24 0.214593

18 24 0.221577

19 24 0.227687

20 24 0.232898

21 24 0.23719

22 24 0.240546

23 24 0.242952

24 24 0.2444

25 24 0.244883

26 24 0.2444

27 24 0.242952

28 24 0.240546

29 24 0.23719

30 24 0.232898

31 24 0.227687

32 24 0.221577

33 24 0.214593

34 24 0.206762

35 24 0.198115

36 24 0.188686

37 24 0.178512

38 24 0.167634

39 24 0.156094

40 24 0.143939

41 24 0.131215

42 24 0.117973

43 24 0.104266

44 24 0.0901475

45 24 0.0756731

46 24 0.0609

47 24 0.0458865

48 24 0.030692

49 24 0.0153763

50 24 0

0 25 0

1 25 0.0154067

2 25 0.0307527

3 25 0.0459773

4 25 0.0610204

5 25 0.0758227

6 25 0.0903258

7 25 0.104472

8 25 0.118207

9 25 0.131474

10 25 0.144223

11 25 0.156403

12 25 0.167966

13 25 0.178865

14 25 0.189059

15 25 0.198506

16 25 0.207171

17 25 0.215017

18 25 0.222015

19 25 0.228137

20 25 0.233358

21 25 0.237659

22 25 0.241021

23 25 0.243433

24 25 0.244883

25 25 0.245367

26 25 0.244883

27 25 0.243433

28 25 0.241021

29 25 0.237659

30 25 0.233358

31 25 0.228137

32 25 0.222015

33 25 0.215017

34 25 0.207171

35 25 0.198506

36 25 0.189059

37 25 0.178865

38 25 0.167966

39 25 0.156403

40 25 0.144223

41 25 0.131474

42 25 0.118207

43 25 0.104472

44 25 0.0903258

45 25 0.0758227

46 25 0.0610204

47 25 0.0459773

48 25 0.0307527

49 25 0.0154067

50 25 0

0 26 0

1 26 0.0153763

2 26 0.030692

3 26 0.0458865

4 26 0.0609

5 26 0.0756731

6 26 0.0901475

7 26 0.104266

8 26 0.117973

9 26 0.131215

10 26 0.143939

11 26 0.156094

12 26 0.167634

13 26 0.178512

14 26 0.188686

15 26 0.198115

16 26 0.206762

17 26 0.214593

18 26 0.221577

19 26 0.227687

20 26 0.232898

21 26 0.23719

22 26 0.240546

23 26 0.242952

24 26 0.2444

25 26 0.244883

26 26 0.2444

27 26 0.242952

28 26 0.240546

29 26 0.23719

30 26 0.232898

31 26 0.227687

32 26 0.221577

33 26 0.214593

34 26 0.206762

35 26 0.198115

36 26 0.188686

37 26 0.178512

38 26 0.167634

39 26 0.156094

40 26 0.143939

41 26 0.131215

42 26 0.117973

43 26 0.104266

44 26 0.0901475

45 26 0.0756731

46 26 0.0609

47 26 0.0458865

48 26 0.030692

49 26 0.0153763

50 26 0

0 27 0

1 27 0.0152853

2 27 0.0305102

3 27 0.0456147

4 27 0.0605392

5 27 0.0752248

6 27 0.0896135

7 27 0.103649

8 27 0.117275

9 27 0.130438

10 27 0.143086

11 27 0.15517

12 27 0.166641

13 27 0.177455

14 27 0.187568

15 27 0.196941

16 27 0.205537

17 27 0.213322

18 27 0.220264

19 27 0.226338

20 27 0.231518

21 27 0.235785

22 27 0.239121

23 27 0.241513

24 27 0.242952

25 27 0.243433

26 27 0.242952

27 27 0.241513

28 27 0.239121

29 27 0.235785

30 27 0.231518

31 27 0.226338

32 27 0.220264

33 27 0.213322

34 27 0.205537

35 27 0.196941

36 27 0.187568

37 27 0.177455

38 27 0.166641

39 27 0.15517

40 27 0.143086

41 27 0.130438

42 27 0.117275

43 27 0.103649

44 27 0.0896135

45 27 0.0752248

46 27 0.0605392

47 27 0.0456147

48 27 0.0305102

49 27 0.0152853

50 27 0

0 28 0

1 28 0.0151339

2 28 0.030208

3 28 0.0451629

4 28 0.0599396

5 28 0.0744797

6 28 0.0887259

7 28 0.102622

8 28 0.116113

9 28 0.129146

10 28 0.141669

11 28 0.153633

12 28 0.16499

13 28 0.175697

14 28 0.18571

15 28 0.19499

16 28 0.203501

17 28 0.211209

18 28 0.218083

19 28 0.224096

20 28 0.229225

21 28 0.233449

22 28 0.236752

23 28 0.239121

24 28 0.240546

25 28 0.241021

26 28 0.240546

27 28 0.239121

28 28 0.236752

29 28 0.233449

30 28 0.229225

31 28 0.224096

32 28 0.218083

33 28 0.211209

34 28 0.203501

35 28 0.19499

36 28 0.18571

37 28 0.175697

38 28 0.16499

39 28 0.153633

40 28 0.141669

41 28 0.129146

42 28 0.116113

43 28 0.102622

44 28 0.0887259

45 28 0.0744797

46 28 0.0599396

47 28 0.0451629

48 28 0.030208

49 28 0.0151339

50 28 0

0 29 0

1 29 0.0149227

2 29 0.0297865

3 29 0.0445328

4 29 0.0591033

5 29 0.0734406

6 29 0.087488

7 29 0.10119

8 29 0.114493

9 29 0.127344

10 29 0.139692

11 29 0.151489

12 29 0.162689

13 29 0.173246

14 29 0.183119

15 29 0.19227

16 29 0.200662

17 29 0.208262

18 29 0.21504

19 29 0.22097

20 29 0.226027

21 29 0.230192

22 29 0.233449

23 29 0.235785

24 29 0.23719

25 29 0.237659

26 29 0.23719

27 29 0.235785

28 29 0.233449

29 29 0.230192

30 29 0.226027

31 29 0.22097

32 29 0.21504

33 29 0.208262

34 29 0.200662

35 29 0.19227

36 29 0.183119

37 29 0.173246

38 29 0.162689

39 29 0.151489

40 29 0.139692

41 29 0.127344

42 29 0.114493

43 29 0.10119

44 29 0.087488

45 29 0.0734406

46 29 0.0591033

47 29 0.0445328

48 29 0.0297865

49 29 0.0149227

50 29 0

0 30 0

1 30 0.0146527

2 30 0.0292475

3 30 0.043727

4 30 0.0580338

5 30 0.0721117

6 30 0.0859049

7 30 0.0993591

8 30 0.112421

9 30 0.12504

10 30 0.137165

11 30 0.148748

12 30 0.159745

13 30 0.170111

14 30 0.179806

15 30 0.188791

16 30 0.197031

17 30 0.204493

18 30 0.211149

19 30 0.216971

20 30 0.221937

21 30 0.226027

22 30 0.229225

23 30 0.231518

24 30 0.232898

25 30 0.233358

26 30 0.232898

27 30 0.231518

28 30 0.229225

29 30 0.226027

30 30 0.221937

31 30 0.216971

32 30 0.211149

33 30 0.204493

34 30 0.197031

35 30 0.188791

36 30 0.179806

37 30 0.170111

38 30 0.159745

39 30 0.148748

40 30 0.137165

41 30 0.12504

42 30 0.112421

43 30 0.0993591

44 30 0.0859049

45 30 0.0721117

46 30 0.0580338

47 30 0.043727

48 30 0.0292475

49 30 0.0146527

50 30 0

0 31 0

1 31 0.0143248

2 31 0.0285931

3 31 0.0427486

4 31 0.0567353

5 31 0.0704982

6 31 0.0839828

7 31 0.0971359

8 31 0.109906

9 31 0.122242

10 31 0.134095

11 31 0.14542

12 31 0.15617

13 31 0.166305

14 31 0.175782

15 31 0.184567

16 31 0.192622

17 31 0.199918

18 31 0.206424

19 31 0.212116

20 31 0.216971

21 31 0.22097

22 31 0.224096

23 31 0.226338

24 31 0.227687

25 31 0.228137

26 31 0.227687

27 31 0.226338

28 31 0.224096

29 31 0.22097

30 31 0.216971

31 31 0.212116

32 31 0.206424

33 31 0.199918

34 31 0.192622

35 31 0.184567

36 31 0.175782

37 31 0.166305

38 31 0.15617

39 31 0.14542

40 31 0.134095

41 31 0.122242

42 31 0.109906

43 31 0.0971359

44 31 0.0839828

45 31 0.0704982

46 31 0.0567353

47 31 0.0427486

48 31 0.0285931

49 31 0.0143248

50 31 0

0 32 0

1 32 0.0139404

2 32 0.0278259

3 32 0.0416015

4 32 0.0552129

5 32 0.0686064

6 32 0.0817292

7 32 0.0945294

8 32 0.106957

9 32 0.118962

10 32 0.130497

11 32 0.141518

12 32 0.15198

13 32 0.161842

14 32 0.171066

15 32 0.179614

16 32 0.187454

17 32 0.194553

18 32 0.200885

19 32 0.206424

20 32 0.211149

21 32 0.21504

22 32 0.218083

23 32 0.220264

24 32 0.221577

25 32 0.222015

26 32 0.221577

27 32 0.220264

28 32 0.218083

29 32 0.21504

30 32 0.211149

31 32 0.206424

32 32 0.200885

33 32 0.194553

34 32 0.187454

35 32 0.179614

36 32 0.171066

37 32 0.161842

38 32 0.15198

39 32 0.141518

40 32 0.130497

41 32 0.118962

42 32 0.106957

43 32 0.0945294

44 32 0.0817292

45 32 0.0686064

46 32 0.0552129

47 32 0.0416015

48 32 0.0278259

49 32 0.0139404

50 32 0

0 33 0

1 33 0.013501

2 33 0.0269488

3 33 0.0402902

4 33 0.0534726

5 33 0.0664439

6 33 0.0791531

7 33 0.0915498

8 33 0.103585

9 33 0.115212

10 33 0.126384

11 33 0.137057

12 33 0.147189

13 33 0.156741

14 33 0.165674

15 33 0.173952

16 33 0.181545

17 33 0.188421

18 33 0.194553

19 33 0.199918

20 33 0.204493

21 33 0.208262

22 33 0.211209

23 33 0.213322

24 33 0.214593

25 33 0.215017

26 33 0.214593

27 33 0.213322

28 33 0.211209

29 33 0.208262

30 33 0.204493

31 33 0.199918

32 33 0.194553

33 33 0.188421

34 33 0.181545

35 33 0.173952

36 33 0.165674

37 33 0.156741

38 33 0.147189

39 33 0.137057

40 33 0.126384

41 33 0.115212

42 33 0.103585

43 33 0.0915498

44 33 0.0791531

45 33 0.0664439

46 33 0.0534726

47 33 0.0402902

48 33 0.0269488

49 33 0.013501

50 33 0

0 34 0

1 34 0.0130083

2 34 0.0259654

3 34 0.0388199

4 34 0.0515212

5 34 0.0640192

6 34 0.0762646

7 34 0.0882089

8 34 0.0998052

9 34 0.111008

10 34 0.121772

11 34 0.132055

12 34 0.141818

13 34 0.151021

14 34 0.159628

15 34 0.167605

16 34 0.17492

17 34 0.181545

18 34 0.187454

19 34 0.192622

20 34 0.197031

21 34 0.200662

22 34 0.203501

23 34 0.205537

24 34 0.206762

25 34 0.207171

26 34 0.206762

27 34 0.205537

28 34 0.203501

29 34 0.200662

30 34 0.197031

31 34 0.192622

32 34 0.187454

33 34 0.181545

34 34 0.17492

35 34 0.167605

36 34 0.159628

37 34 0.151021

38 34 0.141818

39 34 0.132055

40 34 0.121772

41 34 0.111008

42 34 0.0998052

43 34 0.0882089

44 34 0.0762646

45 34 0.0640192

46 34 0.0515212

47 34 0.0388199

48 34 0.0259654

49 34 0.0130083

50 34 0

0 35 0

1 35 0.0124643

2 35 0.0248795

3 35 0.0371964

4 35 0.0493665

5 35 0.0613419

6 35 0.0730751

7 35 0.0845199

8 35 0.0956312

9 35 0.106365

10 35 0.116679

11 35 0.126533

12 35 0.135887

13 35 0.144705

14 35 0.152952

15 35 0.160595

16 35 0.167605

17 35 0.173952

18 35 0.179614

19 35 0.184567

20 35 0.188791

21 35 0.19227

22 35 0.19499

23 35 0.196941

24 35 0.198115

25 35 0.198506

26 35 0.198115

27 35 0.196941

28 35 0.19499

29 35 0.19227

30 35 0.188791

31 35 0.184567

32 35 0.179614

33 35 0.173952

34 35 0.167605

35 35 0.160595

36 35 0.152952

37 35 0.144705

38 35 0.135887

39 35 0.126533

40 35 0.116679

41 35 0.106365

42 35 0.0956312

43 35 0.0845199

44 35 0.0730751

45 35 0.0613419

46 35 0.0493665

47 35 0.0371964

48 35 0.0248795

49 35 0.0124643

50 35 0

0 36 0

1 36 0.0118711

2 36 0.0236954

3 36 0.0354261

4 36 0.047017

5 36 0.0584224

6 36 0.0695972

7 36 0.0804973

8 36 0.0910798

9 36 0.101303

10 36 0.111126

11 36 0.120511

12 36 0.12942

13 36 0.137818

14 36 0.145672

15 36 0.152952

16 36 0.159628

17 36 0.165674

18 36 0.171066

19 36 0.175782

20 36 0.179806

21 36 0.183119

22 36 0.18571

23 36 0.187568

24 36 0.188686

25 36 0.189059

26 36 0.188686

27 36 0.187568

28 36 0.18571

29 36 0.183119

30 36 0.179806

31 36 0.175782

32 36 0.171066

33 36 0.165674

34 36 0.159628

35 36 0.152952

36 36 0.145672

37 36 0.137818

38 36 0.12942

39 36 0.120511

40 36 0.111126

41 36 0.101303

42 36 0.0910798

43 36 0.0804973

44 36 0.0695972

45 36 0.0584224

46 36 0.047017

47 36 0.0354261

48 36 0.0236954

49 36 0.0118711

50 36 0

0 37 0

1 37 0.011231

2 37 0.0224177

3 37 0.033516

4 37 0.044482

5 37 0.0552724

6 37 0.0658447

7 37 0.0761571

8 37 0.0861689

9 37 0.0958407

10 37 0.105134

11 37 0.114013

12 37 0.122442

13 37 0.130387

14 37 0.137818

15 37 0.144705

16 37 0.151021

17 37 0.156741

18 37 0.161842

19 37 0.166305

20 37 0.170111

21 37 0.173246

22 37 0.175697

23 37 0.177455

24 37 0.178512

25 37 0.178865

26 37 0.178512

27 37 0.177455

28 37 0.175697

29 37 0.173246

30 37 0.170111

31 37 0.166305

32 37 0.161842

33 37 0.156741

34 37 0.151021

35 37 0.144705

36 37 0.137818

37 37 0.130387

38 37 0.122442

39 37 0.114013

40 37 0.105134

41 37 0.0958407

42 37 0.0861689

43 37 0.0761571

44 37 0.0658447

45 37 0.0552724

46 37 0.044482

47 37 0.033516

48 37 0.0224177

49 37 0.011231

50 37 0

0 38 0

1 38 0.0105466

2 38 0.0210517

3 38 0.0314736

4 38 0.0417713

5 38 0.0519042

6 38 0.0618322

7 38 0.0715163

8 38 0.080918

9 38 0.0900004

10 38 0.0987277

11 38 0.107065

12 38 0.11498

13 38 0.122442

14 38 0.12942

15 38 0.135887

16 38 0.141818

17 38 0.147189

18 38 0.15198

19 38 0.15617

20 38 0.159745

21 38 0.162689

22 38 0.16499

23 38 0.166641

24 38 0.167634

25 38 0.167966

26 38 0.167634

27 38 0.166641

28 38 0.16499

29 38 0.162689

30 38 0.159745

31 38 0.15617

32 38 0.15198

33 38 0.147189

34 38 0.141818

35 38 0.135887

36 38 0.12942

37 38 0.122442

38 38 0.11498

39 38 0.107065

40 38 0.0987277

41 38 0.0900004

42 38 0.080918

43 38 0.0715163

44 38 0.0618322

45 38 0.0519042

46 38 0.0417713

47 38 0.0314736

48 38 0.0210517

49 38 0.0105466

50 38 0

0 39 0

1 39 0.00982063

2 39 0.0196025

3 39 0.029307

4 39 0.0388959

5 39 0.0483312

6 39 0.0575758

7 39 0.0665932

8 39 0.0753478

9 39 0.083805

10 39 0.0919314

11 39 0.0996951

12 39 0.107065

13 39 0.114013

14 39 0.120511

15 39 0.126533

16 39 0.132055

17 39 0.137057

18 39 0.141518

19 39 0.14542

20 39 0.148748

21 39 0.151489

22 39 0.153633

23 39 0.15517

24 39 0.156094

25 39 0.156403

26 39 0.156094

27 39 0.15517

28 39 0.153633

29 39 0.151489

30 39 0.148748

31 39 0.14542

32 39 0.141518

33 39 0.137057

34 39 0.132055

35 39 0.126533

36 39 0.120511

37 39 0.114013

38 39 0.107065

39 39 0.0996951

40 39 0.0919314

41 39 0.083805

42 39 0.0753478

43 39 0.0665932

44 39 0.0575758

45 39 0.0483312

46 39 0.0388959

47 39 0.029307

48 39 0.0196025

49 39 0.00982063

50 39 0

0 40 0

1 40 0.00905586

2 40 0.018076

3 40 0.0270248

4 40 0.0358669

5 40 0.0445675

6 40 0.0530922

7 40 0.0614073

8 40 0.0694801

9 40 0.0772787

10 40 0.0847724

11 40 0.0919314

12 40 0.0987277

13 40 0.105134

14 40 0.111126

15 40 0.116679

16 40 0.121772

17 40 0.126384

18 40 0.130497

19 40 0.134095

20 40 0.137165

21 40 0.139692

22 40 0.141669

23 40 0.143086

24 40 0.143939

25 40 0.144223

26 40 0.143939

27 40 0.143086

28 40 0.141669

29 40 0.139692

30 40 0.137165

31 40 0.134095

32 40 0.130497

33 40 0.126384

34 40 0.121772

35 40 0.116679

36 40 0.111126

37 40 0.105134

38 40 0.0987277

39 40 0.0919314

40 40 0.0847724

41 40 0.0772787

42 40 0.0694801

43 40 0.0614073

44 40 0.0530922

45 40 0.0445675

46 40 0.0358669

47 40 0.0270248

48 40 0.018076

49 40 0.00905586

50 40 0

0 41 0

1 41 0.00825535

2 41 0.0164781

3 41 0.0246359

4 41 0.0326964

5 41 0.0406278

6 41 0.048399

7 41 0.0559791

8 41 0.0633383

9 41 0.0704475

10 41 0.0772787

11 41 0.083805

12 41 0.0900004

13 41 0.0958407

14 41 0.101303

15 41 0.106365

16 41 0.111008

17 41 0.115212

18 41 0.118962

19 41 0.122242

20 41 0.12504

21 41 0.127344

22 41 0.129146

23 41 0.130438

24 41 0.131215

25 41 0.131474

26 41 0.131215

27 41 0.130438

28 41 0.129146

29 41 0.127344

30 41 0.12504

31 41 0.122242

32 41 0.118962

33 41 0.115212

34 41 0.111008

35 41 0.106365

36 41 0.101303

37 41 0.0958407

38 41 0.0900004

39 41 0.083805

40 41 0.0772787

41 41 0.0704475

42 41 0.0633383

43 41 0.0559791

44 41 0.048399

45 41 0.0406278

46 41 0.0326964

47 41 0.0246359

48 41 0.0164781

49 41 0.00825535

50 41 0

0 42 0

1 42 0.00742226

2 42 0.0148152

3 42 0.0221497

4 42 0.0293968

5 42 0.0365279

6 42 0.0435148

7 42 0.0503299

8 42 0.0569465

9 42 0.0633383

10 42 0.0694801

11 42 0.0753478

12 42 0.080918

13 42 0.0861689

14 42 0.0910798

15 42 0.0956312

16 42 0.0998052

17 42 0.103585

18 42 0.106957

19 42 0.109906

20 42 0.112421

21 42 0.114493

22 42 0.116113

23 42 0.117275

24 42 0.117973

25 42 0.118207

26 42 0.117973

27 42 0.117275

28 42 0.116113

29 42 0.114493

30 42 0.112421

31 42 0.109906

32 42 0.106957

33 42 0.103585

34 42 0.0998052

35 42 0.0956312

36 42 0.0910798

37 42 0.0861689

38 42 0.080918

39 42 0.0753478

40 42 0.0694801

41 42 0.0633383

42 42 0.0569465

43 42 0.0503299

44 42 0.0435148

45 42 0.0365279

46 42 0.0293968

47 42 0.0221497

48 42 0.0148152

49 42 0.00742226

50 42 0

0 43 0

1 43 0.00655987

2 43 0.0130939

3 43 0.0195762

4 43 0.0259812

5 43 0.0322837

6 43 0.0384588

7 43 0.0444822

8 43 0.0503299

9 43 0.0559791

10 43 0.0614073

11 43 0.0665932

12 43 0.0715163

13 43 0.0761571

14 43 0.0804973

15 43 0.0845199

16 43 0.0882089

17 43 0.0915498

18 43 0.0945294

19 43 0.0971359

20 43 0.0993591

21 43 0.10119

22 43 0.102622

23 43 0.103649

24 43 0.104266

25 43 0.104472

26 43 0.104266

27 43 0.103649

28 43 0.102622

29 43 0.10119

30 43 0.0993591

31 43 0.0971359

32 43 0.0945294

33 43 0.0915498

34 43 0.0882089

35 43 0.0845199

36 43 0.0804973

37 43 0.0761571

38 43 0.0715163

39 43 0.0665932

40 43 0.0614073

41 43 0.0559791

42 43 0.0503299

43 43 0.0444822

44 43 0.0384588

45 43 0.0322837

46 43 0.0259812

47 43 0.0195762

48 43 0.0130939

49 43 0.00655987

50 43 0

0 44 0

1 44 0.0056716

2 44 0.0113208

3 44 0.0169254

4 44 0.0224631

5 44 0.0279122

6 44 0.0332511

7 44 0.0384588

8 44 0.0435148

9 44 0.048399

10 44 0.0530922

11 44 0.0575758

12 44 0.0618322

13 44 0.0658447

14 44 0.0695972

15 44 0.0730751

16 44 0.0762646

17 44 0.0791531

18 44 0.0817292

19 44 0.0839828

20 44 0.0859049

21 44 0.087488

22 44 0.0887259

23 44 0.0896135

24 44 0.0901475

25 44 0.0903258

26 44 0.0901475

27 44 0.0896135

28 44 0.0887259

29 44 0.087488

30 44 0.0859049

31 44 0.0839828

32 44 0.0817292

33 44 0.0791531

34 44 0.0762646

35 44 0.0730751

36 44 0.0695972

37 44 0.0658447

38 44 0.0618322

39 44 0.0575758

40 44 0.0530922

41 44 0.048399

42 44 0.0435148

43 44 0.0384588

44 44 0.0332511

45 44 0.0279122

46 44 0.0224631

47 44 0.0169254

48 44 0.0113208

49 44 0.0056716

50 44 0

0 45 0

1 45 0.00476095

2 45 0.0095031

3 45 0.0142078

4 45 0.0188563

5 45 0.0234305

6 45 0.0279122

7 45 0.0322837

8 45 0.0365279

9 45 0.0406278

10 45 0.0445675

11 45 0.0483312

12 45 0.0519042

13 45 0.0552724

14 45 0.0584224

15 45 0.0613419

16 45 0.0640192

17 45 0.0664439

18 45 0.0686064

19 45 0.0704982

20 45 0.0721117

21 45 0.0734406

22 45 0.0744797

23 45 0.0752248

24 45 0.0756731

25 45 0.0758227

26 45 0.0756731

27 45 0.0752248

28 45 0.0744797

29 45 0.0734406

30 45 0.0721117

31 45 0.0704982

32 45 0.0686064

33 45 0.0664439

34 45 0.0640192

35 45 0.0613419

36 45 0.0584224

37 45 0.0552724

38 45 0.0519042

39 45 0.0483312

40 45 0.0445675

41 45 0.0406278

42 45 0.0365279

43 45 0.0322837

44 45 0.0279122

45 45 0.0234305

46 45 0.0188563

47 45 0.0142078

48 45 0.0095031

49 45 0.00476095

50 45 0

0 46 0

1 46 0.0038315

2 46 0.00764788

3 46 0.0114341

4 46 0.0151752

5 46 0.0188563

6 46 0.0224631

7 46 0.0259812

8 46 0.0293968

9 46 0.0326964

10 46 0.0358669

11 46 0.0388959

12 46 0.0417713

13 46 0.044482

14 46 0.047017

15 46 0.0493665

16 46 0.0515212

17 46 0.0534726

18 46 0.0552129

19 46 0.0567353

20 46 0.0580338

21 46 0.0591033

22 46 0.0599396

23 46 0.0605392

24 46 0.0609

25 46 0.0610204

26 46 0.0609

27 46 0.0605392

28 46 0.0599396

29 46 0.0591033

30 46 0.0580338

31 46 0.0567353

32 46 0.0552129

33 46 0.0534726

34 46 0.0515212

35 46 0.0493665

36 46 0.047017

37 46 0.044482

38 46 0.0417713

39 46 0.0388959

40 46 0.0358669

41 46 0.0326964

42 46 0.0293968

43 46 0.0259812

44 46 0.0224631

45 46 0.0188563

46 46 0.0151752

47 46 0.0114341

48 46 0.00764788

49 46 0.0038315

50 46 0

0 47 0

1 47 0.00288694

2 47 0.00576248

3 47 0.00861528

4 47 0.0114341

5 47 0.0142078

6 47 0.0169254

7 47 0.0195762

8 47 0.0221497

9 47 0.0246359

10 47 0.0270248

11 47 0.029307

12 47 0.0314736

13 47 0.033516

14 47 0.0354261

15 47 0.0371964

16 47 0.0388199

17 47 0.0402902

18 47 0.0416015

19 47 0.0427486

20 47 0.043727

21 47 0.0445328

22 47 0.0451629

23 47 0.0456147

24 47 0.0458865

25 47 0.0459773

26 47 0.0458865

27 47 0.0456147

28 47 0.0451629

29 47 0.0445328

30 47 0.043727

31 47 0.0427486

32 47 0.0416015

33 47 0.0402902

34 47 0.0388199

35 47 0.0371964

36 47 0.0354261

37 47 0.033516

38 47 0.0314736

39 47 0.029307

40 47 0.0270248

41 47 0.0246359

42 47 0.0221497

43 47 0.0195762

44 47 0.0169254

45 47 0.0142078

46 47 0.0114341

47 47 0.00861528

48 47 0.00576248

49 47 0.00288694

50 47 0

0 48 0

1 48 0.00193098

2 48 0.00385433

3 48 0.00576248

4 48 0.00764788

5 48 0.0095031

6 48 0.0113208

7 48 0.0130939

8 48 0.0148152

9 48 0.0164781

10 48 0.018076

11 48 0.0196025

12 48 0.0210517

13 48 0.0224177

14 48 0.0236954

15 48 0.0248795

16 48 0.0259654

17 48 0.0269488

18 48 0.0278259

19 48 0.0285931

20 48 0.0292475

21 48 0.0297865

22 48 0.030208

23 48 0.0305102

24 48 0.030692

25 48 0.0307527

26 48 0.030692

27 48 0.0305102

28 48 0.030208

29 48 0.0297865

30 48 0.0292475

31 48 0.0285931

32 48 0.0278259

33 48 0.0269488

34 48 0.0259654

35 48 0.0248795

36 48 0.0236954

37 48 0.0224177

38 48 0.0210517

39 48 0.0196025

40 48 0.018076

41 48 0.0164781

42 48 0.0148152

43 48 0.0130939

44 48 0.0113208

45 48 0.0095031

46 48 0.00764788

47 48 0.00576248

48 48 0.00385433

49 48 0.00193098

50 48 0

0 49 0

1 49 0.000967398

2 49 0.00193098

3 49 0.00288694

4 49 0.0038315

5 49 0.00476095

6 49 0.0056716

7 49 0.00655987

8 49 0.00742226

9 49 0.00825535

10 49 0.00905586

11 49 0.00982063

12 49 0.0105466

13 49 0.011231

14 49 0.0118711

15 49 0.0124643

16 49 0.0130083

17 49 0.013501

18 49 0.0139404

19 49 0.0143248

20 49 0.0146527

21 49 0.0149227

22 49 0.0151339

23 49 0.0152853

24 49 0.0153763

25 49 0.0154067

26 49 0.0153763

27 49 0.0152853

28 49 0.0151339

29 49 0.0149227

30 49 0.0146527

31 49 0.0143248

32 49 0.0139404

33 49 0.013501

34 49 0.0130083

35 49 0.0124643

36 49 0.0118711

37 49 0.011231

38 49 0.0105466

39 49 0.00982063

40 49 0.00905586

41 49 0.00825535

42 49 0.00742226

43 49 0.00655987

44 49 0.0056716

45 49 0.00476095

46 49 0.0038315

47 49 0.00288694

48 49 0.00193098

49 49 0.000967398

50 49 0

