0 1 0

1 1 0.00253408

2 1 0.00505816

3 1 0.00756228

4 1 0.0100366

5 1 0.0124712

6 1 0.0148567

7 1 0.0171835

8 1 0.0194425

9 1 0.0216247

10 1 0.0237217

11 1 0.025725

12 1 0.0276267

13 1 0.0294195

14 1 0.0310961

15 1 0.0326501

16 1 0.0340751

17 1 0.0353657

18 1 0.0365167

19 1 0.0375236

20 1 0.0383824

21 1 0.0390898

22 1 0.0396428

23 1 0.0400395

24 1 0.0402781

25 1 0.0403577

26 1 0.0402781

27 1 0.0400395

28 1 0.0396428

29 1 0.0390898

30 1 0.0383824

31 1 0.0375236

32 1 0.0365167

33 1 0.0353657

34 1 0.0340751

35 1 0.0326501

36 1 0.0310961

37 1 0.0294195

38 1 0.0276267

39 1 0.025725

40 1 0.0237217

41 1 0.0216247

42 1 0.0194425

43 1 0.0171835

44 1 0.0148567

45 1 0.0124712

46 1 0.0100366

47 1 0.00756228

48 1 0.00505816

49 1 0.00253408

50 1 0

0 2 0

1 2 0.00505816

2 2 0.0100964

3 2 0.0150947

4 2 0.0200335

5 2 0.0248932

6 2 0.0296547

7 2 0.0342991

8 2 0.0388082

9 2 0.0431641

10 2 0.0473497

11 2 0.0513484

12 2 0.0551445

13 2 0.0587229

14 2 0.0620696

15 2 0.0651713

16 2 0.0680158

17 2 0.0705919

18 2 0.0728894

19 2 0.0748992

20 2 0.0766134

21 2 0.0780253

22 2 0.0791292

23 2 0.0799209

24 2 0.0803972

25 2 0.0805561

26 2 0.0803972

27 2 0.0799209

28 2 0.0791292

29 2 0.0780253

30 2 0.0766134

31 2 0.0748992

32 2 0.0728894

33 2 0.0705919

34 2 0.0680158

35 2 0.0651713

36 2 0.0620696

37 2 0.0587229

38 2 0.0551445

39 2 0.0513484

40 2 0.0473497

41 2 0.0431641

42 2 0.0388082

43 2 0.0342991

44 2 0.0296547

45 2 0.0248932

46 2 0.0200335

47 2 0.0150947

48 2 0.0100964

49 2 0.00505816

50 2 0

0 3 0

1 3 0.00756228

2 3 0.0150947

3 3 0.0225676

4 3 0.0299514

5 3 0.037217

6 3 0.0443357

7 3 0.0512794

8 3 0.0580208

9 3 0.0645332

10 3 0.0707909

11 3 0.0767692

12 3 0.0824445

13 3 0.0877945

14 3 0.092798

15 3 0.0974353

16 3 0.101688

17 3 0.105539

18 3 0.108974

19 3 0.111979

20 3 0.114542

21 3 0.116653

22 3 0.118303

23 3 0.119487

24 3 0.120199

25 3 0.120437

26 3 0.120199

27 3 0.119487

28 3 0.118303

29 3 0.116653

30 3 0.114542

31 3 0.111979

32 3 0.108974

33 3 0.105539

34 3 0.101688

35 3 0.0974353

36 3 0.092798

37 3 0.0877945

38 3 0.0824445

39 3 0.0767692

40 3 0.0707909

41 3 0.0645332

42 3 0.0580208

43 3 0.0512794

44 3 0.0443357

45 3 0.037217

46 3 0.0299514

47 3 0.0225676

48 3 0.0150947

49 3 0.00756228

50 3 0

0 4 0

1 4 0.0100366

2 4 0.0200335

3 4 0.0299514

4 4 0.039751

5 4 0.0493938

6 4 0.0588417

7 4 0.0680573

8 4 0.0770044

9 4 0.0856475

10 4 0.0939527

11 4 0.101887

12 4 0.109419

13 4 0.11652

14 4 0.12316

15 4 0.129315

16 4 0.134959

17 4 0.14007

18 4 0.144629

19 4 0.148617

20 4 0.152019

21 4 0.15482

22 4 0.157011

23 4 0.158581

24 4 0.159526

25 4 0.159842

26 4 0.159526

27 4 0.158581

28 4 0.157011

29 4 0.15482

30 4 0.152019

31 4 0.148617

32 4 0.144629

33 4 0.14007

34 4 0.134959

35 4 0.129315

36 4 0.12316

37 4 0.11652

38 4 0.109419

39 4 0.101887

40 4 0.0939527

41 4 0.0856475

42 4 0.0770044

43 4 0.0680573

44 4 0.0588417

45 4 0.0493938

46 4 0.039751

47 4 0.0299514

48 4 0.0200335

49 4 0.0100366

50 4 0

0 5 0

1 5 0.0124712

2 5 0.0248932

3 5 0.037217

4 5 0.0493938

5 5 0.0613758

6 5 0.0731155

7 5 0.0845667

8 5 0.0956841

9 5 0.106424

10 5 0.116744

11 5 0.126603

12 5 0.135962

13 5 0.144785

14 5 0.153036

15 5 0.160684

16 5 0.167697

17 5 0.174049

18 5 0.179713

19 5 0.184669

20 5 0.188895

21 5 0.192376

22 5 0.195098

23 5 0.19705

24 5 0.198224

25 5 0.198616

26 5 0.198224

27 5 0.19705

28 5 0.195098

29 5 0.192376

30 5 0.188895

31 5 0.184669

32 5 0.179713

33 5 0.174049

34 5 0.167697

35 5 0.160684

36 5 0.153036

37 5 0.144785

38 5 0.135962

39 5 0.126603

40 5 0.116744

41 5 0.106424

42 5 0.0956841

43 5 0.0845667

44 5 0.0731155

45 5 0.0613758

46 5 0.0493938

47 5 0.037217

48 5 0.0248932

49 5 0.0124712

50 5 0

0 6 0

1 6 0.0148567

2 6 0.0296547

3 6 0.0443357

4 6 0.0588417

5 6 0.0731155

6 6 0.0871007

7 6 0.100742

8 6 0.113986

9 6 0.12678

10 6 0.139074

11 6 0.150819

12 6 0.161968

13 6 0.172479

14 6 0.182309

15 6 0.191419

16 6 0.199774

17 6 0.20734

18 6 0.214088

19 6 0.219991

20 6 0.225026

21 6 0.229173

22 6 0.232416

23 6 0.234741

24 6 0.23614

25 6 0.236607

26 6 0.23614

27 6 0.234741

28 6 0.232416

29 6 0.229173

30 6 0.225026

31 6 0.219991

32 6 0.214088

33 6 0.20734

34 6 0.199774

35 6 0.191419

36 6 0.182309

37 6 0.172479

38 6 0.161968

39 6 0.150819

40 6 0.139074

41 6 0.12678

42 6 0.113986

43 6 0.100742

44 6 0.0871007

45 6 0.0731155

46 6 0.0588417

47 6 0.0443357

48 6 0.0296547

49 6 0.0148567

50 6 0

0 7 0

1 7 0.0171835

2 7 0.0342991

3 7 0.0512794

4 7 0.0680573

5 7 0.0845667

6 7 0.100742

7 7 0.11652

8 7 0.131838

9 7 0.146636

10 7 0.160855

11 7 0.17444

12 7 0.187336

13 7 0.199492

14 7 0.210861

15 7 0.221398

16 7 0.231062

17 7 0.239813

18 7 0.247618

19 7 0.254446

20 7 0.260269

21 7 0.265066

22 7 0.268816

23 7 0.271506

24 7 0.273123

25 7 0.273663

26 7 0.273123

27 7 0.271506

28 7 0.268816

29 7 0.265066

30 7 0.260269

31 7 0.254446

32 7 0.247618

33 7 0.239813

34 7 0.231062

35 7 0.221398

36 7 0.210861

37 7 0.199492

38 7 0.187336

39 7 0.17444

40 7 0.160855

41 7 0.146636

42 7 0.131838

43 7 0.11652

44 7 0.100742

45 7 0.0845667

46 7 0.0680573

47 7 0.0512794

48 7 0.0342991

49 7 0.0171835

50 7 0

0 8 0

1 8 0.0194425

2 8 0.0388082

3 8 0.0580208

4 8 0.0770044

5 8 0.0956841

6 8 0.113986

7 8 0.131838

8 8 0.14917

9 8 0.165914

10 8 0.182002

11 8 0.197372

12 8 0.211963

13 8 0.225718

14 8 0.238582

15 8 0.250504

16 8 0.261438

17 8 0.27134

18 8 0.280171

19 8 0.287896

20 8 0.294485

21 8 0.299912

22 8 0.304156

23 8 0.307199

24 8 0.309029

25 8 0.30964

26 8 0.309029

27 8 0.307199

28 8 0.304156

29 8 0.299912

30 8 0.294485

31 8 0.287896

32 8 0.280171

33 8 0.27134

34 8 0.261438

35 8 0.250504

36 8 0.238582

37 8 0.225718

38 8 0.211963

39 8 0.197372

40 8 0.182002

41 8 0.165914

42 8 0.14917

43 8 0.131838

44 8 0.113986

45 8 0.0956841

46 8 0.0770044

47 8 0.0580208

48 8 0.0388082

49 8 0.0194425

50 8 0

0 9 0

1 9 0.0216247

2 9 0.0431641

3 9 0.0645332

4 9 0.0856475

5 9 0.106424

6 9 0.12678

7 9 0.146636

8 9 0.165914

9 9 0.184536

10 9 0.20243

11 9 0.219526

12 9 0.235755

13 9 0.251053

14 9 0.265361

15 9 0.278621

16 9 0.290782

17 9 0.301796

18 9 0.311618

19 9 0.32021

20 9 0.327539

21 9 0.333575

22 9 0.338295

23 9 0.341679

24 9 0.343715

25 9 0.344395

26 9 0.343715

27 9 0.341679

28 9 0.338295

29 9 0.333575

30 9 0.327539

31 9 0.32021

32 9 0.311618

33 9 0.301796

34 9 0.290782

35 9 0.278621

36 9 0.265361

37 9 0.251053

38 9 0.235755

39 9 0.219526

40 9 0.20243

41 9 0.184536

42 9 0.165914

43 9 0.146636

44 9 0.12678

45 9 0.106424

46 9 0.0856475

47 9 0.0645332

48 9 0.0431641

49 9 0.0216247

50 9 0

0 10 0

1 10 0.0237217

2 10 0.0473497

3 10 0.0707909

4 10 0.0939527

5 10 0.116744

6 10 0.139074

7 10 0.160855

8 10 0.182002

9 10 0.20243

10 10 0.22206

11 10 0.240813

12 10 0.258615

13 10 0.275397

14 10 0.291093

15 10 0.305639

16 10 0.318979

17 10 0.33106

18 10 0.341835

19 10 0.351261

20 10 0.3593

21 10 0.365921

22 10 0.371099

23 10 0.374811

24 10 0.377045

25 10 0.37779

26 10 0.377045

27 10 0.374811

28 10 0.371099

29 10 0.365921

30 10 0.3593

31 10 0.351261

32 10 0.341835

33 10 0.33106

34 10 0.318979

35 10 0.305639

36 10 0.291093

37 10 0.275397

38 10 0.258615

39 10 0.240813

40 10 0.22206

41 10 0.20243

42 10 0.182002

43 10 0.160855

44 10 0.139074

45 10 0.116744

46 10 0.0939527

47 10 0.0707909

48 10 0.0473497

49 10 0.0237217

50 10 0

0 11 0

1 11 0.025725

2 11 0.0513484

3 11 0.0767692

4 11 0.101887

5 11 0.126603

6 11 0.150819

7 11 0.17444

8 11 0.197372

9 11 0.219526

10 11 0.240813

11 11 0.261149

12 11 0.280456

13 11 0.298655

14 11 0.315675

15 11 0.33145

16 11 0.345917

17 11 0.359018

18 11 0.370703

19 11 0.380925

20 11 0.389643

21 11 0.396824

22 11 0.402438

23 11 0.406464

24 11 0.408887

25 11 0.409695

26 11 0.408887

27 11 0.406464

28 11 0.402438

29 11 0.396824

30 11 0.389643

31 11 0.380925

32 11 0.370703

33 11 0.359018

34 11 0.345917

35 11 0.33145

36 11 0.315675

37 11 0.298655

38 11 0.280456

39 11 0.261149

40 11 0.240813

41 11 0.219526

42 11 0.197372

43 11 0.17444

44 11 0.150819

45 11 0.126603

46 11 0.101887

47 11 0.0767692

48 11 0.0513484

49 11 0.025725

50 11 0

0 12 0

1 12 0.0276267

2 12 0.0551445

3 12 0.0824445

4 12 0.109419

5 12 0.135962

6 12 0.161968

7 12 0.187336

8 12 0.211963

9 12 0.235755

10 12 0.258615

11 12 0.280456

12 12 0.301189

13 12 0.320734

14 12 0.339013

15 12 0.355953

16 12 0.37149

17 12 0.38556

18 12 0.398108

19 12 0.409086

20 12 0.418448

21 12 0.42616

22 12 0.432189

23 12 0.436513

24 12 0.439115

25 12 0.439983

26 12 0.439115

27 12 0.436513

28 12 0.432189

29 12 0.42616

30 12 0.418448

31 12 0.409086

32 12 0.398108

33 12 0.38556

34 12 0.37149

35 12 0.355953

36 12 0.339013

37 12 0.320734

38 12 0.301189

39 12 0.280456

40 12 0.258615

41 12 0.235755

42 12 0.211963

43 12 0.187336

44 12 0.161968

45 12 0.135962

46 12 0.109419

47 12 0.0824445

48 12 0.0551445

49 12 0.0276267

50 12 0

0 13 0

1 13 0.0294195

2 13 0.0587229

3 13 0.0877945

4 13 0.11652

5 13 0.144785

6 13 0.172479

7 13 0.199492

8 13 0.225718

9 13 0.251053

10 13 0.275397

11 13 0.298655

12 13 0.320734

13 13 0.341547

14 13 0.361012

15 13 0.379052

16 13 0.395596

17 13 0.410579

18 13 0.423942

19 13 0.435632

20 13 0.445602

21 13 0.453814

22 13 0.460235

23 13 0.464839

24 13 0.467609

25 13 0.468534

26 13 0.467609

27 13 0.464839

28 13 0.460235

29 13 0.453814

30 13 0.445602

31 13 0.435632

32 13 0.423942

33 13 0.410579

34 13 0.395596

35 13 0.379052

36 13 0.361012

37 13 0.341547

38 13 0.320734

39 13 0.298655

40 13 0.275397

41 13 0.251053

42 13 0.225718

43 13 0.199492

44 13 0.172479

45 13 0.144785

46 13 0.11652

47 13 0.0877945

48 13 0.0587229

49 13 0.0294195

50 13 0

0 14 0

1 14 0.0310961

2 14 0.0620696

3 14 0.092798

4 14 0.12316

5 14 0.153036

6 14 0.182309

7 14 0.210861

8 14 0.238582

9 14 0.265361

10 14 0.291093

11 14 0.315675

12 14 0.339013

13 14 0.361012

14 14 0.381586

15 14 0.400655

16 14 0.418142

17 14 0.433979

18 14 0.448103

19 14 0.460459

20 14 0.470998

21 14 0.479677

22 14 0.486464

23 14 0.491331

24 14 0.494259

25 14 0.495236

26 14 0.494259

27 14 0.491331

28 14 0.486464

29 14 0.479677

30 14 0.470998

31 14 0.460459

32 14 0.448103

33 14 0.433979

34 14 0.418142

35 14 0.400655

36 14 0.381586

37 14 0.361012

38 14 0.339013

39 14 0.315675

40 14 0.291093

41 14 0.265361

42 14 0.238582

43 14 0.210861

44 14 0.182309

45 14 0.153036

46 14 0.12316

47 14 0.092798

48 14 0.0620696

49 14 0.0310961

50 14 0

0 15 0

1 15 0.0326501

2 15 0.0651713

3 15 0.0974353

4 15 0.129315

5 15 0.160684

6 15 0.191419

7 15 0.221398

8 15 0.250504

9 15 0.278621

10 15 0.305639

11 15 0.33145

12 15 0.355953

13 15 0.379052

14 15 0.400655

15 15 0.420676

16 15 0.439037

17 15 0.455665

18 15 0.470496

19 15 0.483469

20 15 0.494534

21 15 0.503648

22 15 0.510774

23 15 0.515884

24 15 0.518958

25 15 0.519984

26 15 0.518958

27 15 0.515884

28 15 0.510774

29 15 0.503648

30 15 0.494534

31 15 0.483469

32 15 0.470496

33 15 0.455665

34 15 0.439037

35 15 0.420676

36 15 0.400655

37 15 0.379052

38 15 0.355953

39 15 0.33145

40 15 0.305639

41 15 0.278621

42 15 0.250504

43 15 0.221398

44 15 0.191419

45 15 0.160684

46 15 0.129315

47 15 0.0974353

48 15 0.0651713

49 15 0.0326501

50 15 0

0 16 0

1 16 0.0340751

2 16 0.0680158

3 16 0.101688

4 16 0.134959

5 16 0.167697

6 16 0.199774

7 16 0.231062

8 16 0.261438

9 16 0.290782

10 16 0.318979

11 16 0.345917

12 16 0.37149

13 16 0.395596

14 16 0.418142

15 16 0.439037

16 16 0.458199

17 16 0.475554

18 16 0.491031

19 16 0.504571

20 16 0.516119

21 16 0.52563

22 16 0.533067

23 16 0.5384

24 16 0.541609

25 16 0.54268

26 16 0.541609

27 16 0.5384

28 16 0.533067

29 16 0.52563

30 16 0.516119

31 16 0.504571

32 16 0.491031

33 16 0.475554

34 16 0.458199

35 16 0.439037

36 16 0.418142

37 16 0.395596

38 16 0.37149

39 16 0.345917

40 16 0.318979

41 16 0.290782

42 16 0.261438

43 16 0.231062

44 16 0.199774

45 16 0.167697

46 16 0.134959

47 16 0.101688

48 16 0.0680158

49 16 0.0340751

50 16 0

0 17 0

1 17 0.0353657

2 17 0.0705919

3 17 0.105539

4 17 0.14007

5 17 0.174049

6 17 0.20734

7 17 0.239813

8 17 0.27134

9 17 0.301796

10 17 0.33106

11 17 0.359018

12 17 0.38556

13 17 0.410579

14 17 0.433979

15 17 0.455665

16 17 0.475554

17 17 0.493565

18 17 0.509629

19 17 0.523681

20 17 0.535667

21 17 0.545538

22 17 0.553257

23 17 0.558792

24 17 0.562122

25 17 0.563233

26 17 0.562122

27 17 0.558792

28 17 0.553257

29 17 0.545538

30 17 0.535667

31 17 0.523681

32 17 0.509629

33 17 0.493565

34 17 0.475554

35 17 0.455665

36 17 0.433979

37 17 0.410579

38 17 0.38556

39 17 0.359018

40 17 0.33106

41 17 0.301796

42 17 0.27134

43 17 0.239813

44 17 0.20734

45 17 0.174049

46 17 0.14007

47 17 0.105539

48 17 0.0705919

49 17 0.0353657

50 17 0

0 18 0

1 18 0.0365167

2 18 0.0728894

3 18 0.108974

4 18 0.144629

5 18 0.179713

6 18 0.214088

7 18 0.247618

8 18 0.280171

9 18 0.311618

10 18 0.341835

11 18 0.370703

12 18 0.398108

13 18 0.423942

14 18 0.448103

15 18 0.470496

16 18 0.491031

17 18 0.509629

18 18 0.526215

19 18 0.540725

20 18 0.553101

21 18 0.563294

22 18 0.571263

23 18 0.576979

24 18 0.580417

25 18 0.581564

26 18 0.580417

27 18 0.576979

28 18 0.571263

29 18 0.563294

30 18 0.553101

31 18 0.540725

32 18 0.526215

33 18 0.509629

34 18 0.491031

35 18 0.470496

36 18 0.448103

37 18 0.423942

38 18 0.398108

39 18 0.370703

40 18 0.341835

41 18 0.311618

42 18 0.280171

43 18 0.247618

44 18 0.214088

45 18 0.179713

46 18 0.144629

47 18 0.108974

48 18 0.0728894

49 18 0.0365167

50 18 0

0 19 0

1 19 0.0375236

2 19 0.0748992

3 19 0.111979

4 19 0.148617

5 19 0.184669

6 19 0.219991

7 19 0.254446

8 19 0.287896

9 19 0.32021

10 19 0.351261

11 19 0.380925

12 19 0.409086

13 19 0.435632

14 19 0.460459

15 19 0.483469

16 19 0.504571

17 19 0.523681

18 19 0.540725

19 19 0.555635

20 19 0.568352

21 19 0.578826

22 19 0.587015

23 19 0.592888

24 19 0.596421

25 19 0.5976

26 19 0.596421

27 19 0.592888

28 19 0.587015

29 19 0.578826

30 19 0.568352

31 19 0.555635

32 19 0.540725

33 19 0.523681

34 19 0.504571

35 19 0.483469

36 19 0.460459

37 19 0.435632

38 19 0.409086

39 19 0.380925

40 19 0.351261

41 19 0.32021

42 19 0.287896

43 19 0.254446

44 19 0.219991

45 19 0.184669

46 19 0.148617

47 19 0.111979

48 19 0.0748992

49 19 0.0375236

50 19 0

0 20 0

1 20 0.0383824

2 20 0.0766134

3 20 0.114542

4 20 0.152019

5 20 0.188895

6 20 0.225026

7 20 0.260269

8 20 0.294485

9 20 0.327539

10 20 0.3593

11 20 0.389643

12 20 0.418448

13 20 0.445602

14 20 0.470998

15 20 0.494534

16 20 0.516119

17 20 0.535667

18 20 0.553101

19 20 0.568352

20 20 0.58136

21 20 0.592073

22 20 0.60045

23 20 0.606458

24 20 0.610072

25 20 0.611278

26 20 0.610072

27 20 0.606458

28 20 0.60045

29 20 0.592073

30 20 0.58136

31 20 0.568352

32 20 0.553101

33 20 0.535667

34 20 0.516119

35 20 0.494534

36 20 0.470998

37 20 0.445602

38 20 0.418448

39 20 0.389643

40 20 0.3593

41 20 0.327539

42 20 0.294485

43 20 0.260269

44 20 0.225026

45 20 0.188895

46 20 0.152019

47 20 0.114542

48 20 0.0766134

49 20 0.0383824

50 20 0

0 21 0

1 21 0.0390898

2 21 0.0780253

3 21 0.116653

4 21 0.15482

5 21 0.192376

6 21 0.229173

7 21 0.265066

8 21 0.299912

9 21 0.333575

10 21 0.365921

11 21 0.396824

12 21 0.42616

13 21 0.453814

14 21 0.479677

15 21 0.503648

16 21 0.52563

17 21 0.545538

18 21 0.563294

19 21 0.578826

20 21 0.592073

21 21 0.602984

22 21 0.611516

23 21 0.617634

24 21 0.621314

25 21 0.622543

26 21 0.621314

27 21 0.617634

28 21 0.611516

29 21 0.602984

30 21 0.592073

31 21 0.578826

32 21 0.563294

33 21 0.545538

34 21 0.52563

35 21 0.503648

36 21 0.479677

37 21 0.453814

38 21 0.42616

39 21 0.396824

40 21 0.365921

41 21 0.333575

42 21 0.299912

43 21 0.265066

44 21 0.229173

45 21 0.192376

46 21 0.15482

47 21 0.116653

48 21 0.0780253

49 21 0.0390898

50 21 0

0 22 0

1 22 0.0396428

2 22 0.0791292

3 22 0.118303

4 22 0.157011

5 22 0.195098

6 22 0.232416

7 22 0.268816

8 22 0.304156

9 22 0.338295

10 22 0.371099

11 22 0.402438

12 22 0.432189

13 22 0.460235

14 22 0.486464

15 22 0.510774

16 22 0.533067

17 22 0.553257

18 22 0.571263

19 22 0.587015

20 22 0.60045

21 22 0.611516

22 22 0.620168

23 22 0.626372

24 22 0.630105

25 22 0.631351

26 22 0.630105

27 22 0.626372

28 22 0.620168

29 22 0.611516

30 22 0.60045

31 22 0.587015

32 22 0.571263

33 22 0.553257

34 22 0.533067

35 22 0.510774

36 22 0.486464

37 22 0.460235

38 22 0.432189

39 22 0.402438

40 22 0.371099

41 22 0.338295

42 22 0.304156

43 22 0.268816

44 22 0.232416

45 22 0.195098

46 22 0.157011

47 22 0.118303

48 22 0.0791292

49 22 0.0396428

50 22 0

0 23 0

1 23 0.0400395

2 23 0.0799209

3 23 0.119487

4 23 0.158581

5 23 0.19705

6 23 0.234741

7 23 0.271506

8 23 0.307199

9 23 0.341679

10 23 0.374811

11 23 0.406464

12 23 0.436513

13 23 0.464839

14 23 0.491331

15 23 0.515884

16 23 0.5384

17 23 0.558792

18 23 0.576979

19 23 0.592888

20 23 0.606458

21 23 0.617634

22 23 0.626372

23 23 0.632639

24 23 0.636409

25 23 0.637667

26 23 0.636409

27 23 0.632639

28 23 0.626372

29 23 0.617634

30 23 0.606458

31 23 0.592888

32 23 0.576979

33 23 0.558792

34 23 0.5384

35 23 0.515884

36 23 0.491331

37 23 0.464839

38 23 0.436513

39 23 0.406464

40 23 0.374811

41 23 0.341679

42 23 0.307199

43 23 0.271506

44 23 0.234741

45 23 0.19705

46 23 0.158581

47 23 0.119487

48 23 0.0799209

49 23 0.0400395

50 23 0

0 24 0

1 24 0.0402781

2 24 0.0803972

3 24 0.120199

4 24 0.159526

5 24 0.198224

6 24 0.23614

7 24 0.273123

8 24 0.309029

9 24 0.343715

10 24 0.377045

11 24 0.408887

12 24 0.439115

13 24 0.467609

14 24 0.494259

15 24 0.518958

16 24 0.541609

17 24 0.562122

18 24 0.580417

19 24 0.596421

20 24 0.610072

21 24 0.621314

22 24 0.630105

23 24 0.636409

24 24 0.640201

25 24 0.641467

26 24 0.640201

27 24 0.636409

28 24 0.630105

29 24 0.621314

30 24 0.610072

31 24 0.596421

32 24 0.580417

33 24 0.562122

34 24 0.541609

35 24 0.518958

36 24 0.494259

37 24 0.467609

38 24 0.439115

39 24 0.408887

40 24 0.377045

41 24 0.343715

42 24 0.309029

43 24 0.273123

44 24 0.23614

45 24 0.198224

46 24 0.159526

47 24 0.120199

48 24 0.0803972

49 24 0.0402781

50 24 0

0 25 0

1 25 0.0403577

2 25 0.0805561

3 25 0.120437

4 25 0.159842

5 25 0.198616

6 25 0.236607

7 25 0.273663

8 25 0.30964

9 25 0.344395

10 25 0.37779

11 25 0.409695

12 25 0.439983

13 25 0.468534

14 25 0.495236

15 25 0.519984

16 25 0.54268

17 25 0.563233

18 25 0.581564

19 25 0.5976

20 25 0.611278

21 25 0.622543

22 25 0.631351

23 25 0.637667

24 25 0.641467

25 25 0.642735

26 25 0.641467

27 25 0.637667

28 25 0.631351

29 25 0.622543

30 25 0.611278

31 25 0.5976

32 25 0.581564

33 25 0.563233

34 25 0.54268

35 25 0.519984

36 25 0.495236

37 25 0.468534

38 25 0.439983

39 25 0.409695

40 25 0.37779

41 25 0.344395

42 25 0.30964

43 25 0.273663

44 25 0.236607

45 25 0.198616

46 25 0.159842

47 25 0.120437

48 25 0.0805561

49 25 0.0403577

50 25 0

0 26 0

1 26 0.0402781

2 26 0.0803972

3 26 0.120199

4 26 0.159526

5 26 0.198224

6 26 0.23614

7 26 0.273123

8 26 0.309029

9 26 0.343715

10 26 0.377045

11 26 0.408887

12 26 0.439115

13 26 0.467609

14 26 0.494259

15 26 0.518958

16 26 0.541609

17 26 0.562122

18 26 0.580417

19 26 0.596421

20 26 0.610072

21 26 0.621314

22 26 0.630105

23 26 0.636409

24 26 0.640201

25 26 0.641467

26 26 0.640201

27 26 0.636409

28 26 0.630105

29 26 0.621314

30 26 0.610072

31 26 0.596421

32 26 0.580417

33 26 0.562122

34 26 0.541609

35 26 0.518958

36 26 0.494259

37 26 0.467609

38 26 0.439115

39 26 0.408887

40 26 0.377045

41 26 0.343715

42 26 0.309029

43 26 0.273123

44 26 0.23614

45 26 0.198224

46 26 0.159526

47 26 0.120199

48 26 0.0803972

49 26 0.0402781

50 26 0

0 27 0

1 27 0.0400395

2 27 0.0799209

3 27 0.119487

4 27 0.158581

5 27 0.19705

6 27 0.234741

7 27 0.271506

8 27 0.307199

9 27 0.341679

10 27 0.374811

11 27 0.406464

12 27 0.436513

13 27 0.464839

14 27 0.491331

15 27 0.515884

16 27 0.5384

17 27 0.558792

18 27 0.576979

19 27 0.592888

20 27 0.606458

21 27 0.617634

22 27 0.626372

23 27 0.632639

24 27 0.636409

25 27 0.637667

26 27 0.636409

27 27 0.632639

28 27 0.626372

29 27 0.617634

30 27 0.606458

31 27 0.592888

32 27 0.576979

33 27 0.558792

34 27 0.5384

35 27 0.515884

36 27 0.491331

37 27 0.464839

38 27 0.436513

39 27 0.406464

40 27 0.374811

41 27 0.341679

42 27 0.307199

43 27 0.271506

44 27 0.234741

45 27 0.19705

46 27 0.158581

47 27 0.119487

48 27 0.0799209

49 27 0.0400395

50 27 0

0 28 0

1 28 0.0396428

2 28 0.0791292

3 28 0.118303

4 28 0.157011

5 28 0.195098

6 28 0.232416

7 28 0.268816

8 28 0.304156

9 28 0.338295

10 28 0.371099

11 28 0.402438

12 28 0.432189

13 28 0.460235

14 28 0.486464

15 28 0.510774

16 28 0.533067

17 28 0.553257

18 28 0.571263

19 28 0.587015

20 28 0.60045

21 28 0.611516

22 28 0.620168

23 28 0.626372

24 28 0.630105

25 28 0.631351

26 28 0.630105

27 28 0.626372

28 28 0.620168

29 28 0.611516

30 28 0.60045

31 28 0.587015

32 28 0.571263

33 28 0.553257

34 28 0.533067

35 28 0.510774

36 28 0.486464

37 28 0.460235

38 28 0.432189

39 28 0.402438

40 28 0.371099

41 28 0.338295

42 28 0.304156

43 28 0.268816

44 28 0.232416

45 28 0.195098

46 28 0.157011

47 28 0.118303

48 28 0.0791292

49 28 0.0396428

50 28 0

0 29 0

1 29 0.0390898

2 29 0.0780253

3 29 0.116653

4 29 0.15482

5 29 0.192376

6 29 0.229173

7 29 0.265066

8 29 0.299912

9 29 0.333575

10 29 0.365921

11 29 0.396824

12 29 0.42616

13 29 0.453814

14 29 0.479677

15 29 0.503648

16 29 0.52563

17 29 0.545538

18 29 0.563294

19 29 0.578826

20 29 0.592073

21 29 0.602984

22 29 0.611516

23 29 0.617634

24 29 0.621314

25 29 0.622543

26 29 0.621314

27 29 0.617634

28 29 0.611516

29 29 0.602984

30 29 0.592073

31 29 0.578826

32 29 0.563294

33 29 0.545538

34 29 0.52563

35 29 0.503648

36 29 0.479677

37 29 0.453814

38 29 0.42616

39 29 0.396824

40 29 0.365921

41 29 0.333575

42 29 0.299912

43 29 0.265066

44 29 0.229173

45 29 0.192376

46 29 0.15482

47 29 0.116653

48 29 0.0780253

49 29 0.0390898

50 29 0

0 30 0

1 30 0.0383824

2 30 0.0766134

3 30 0.114542

4 30 0.152019

5 30 0.188895

6 30 0.225026

7 30 0.260269

8 30 0.294485

9 30 0.327539

10 30 0.3593

11 30 0.389643

12 30 0.418448

13 30 0.445602

14 30 0.470998

15 30 0.494534

16 30 0.516119

17 30 0.535667

18 30 0.553101

19 30 0.568352

20 30 0.58136

21 30 0.592073

22 30 0.60045

23 30 0.606458

24 30 0.610072

25 30 0.611278

26 30 0.610072

27 30 0.606458

28 30 0.60045

29 30 0.592073

30 30 0.58136

31 30 0.568352

32 30 0.553101

33 30 0.535667

34 30 0.516119

35 30 0.494534

36 30 0.470998

37 30 0.445602

38 30 0.418448

39 30 0.389643

40 30 0.3593

41 30 0.327539

42 30 0.294485

43 30 0.260269

44 30 0.225026

45 30 0.188895

46 30 0.152019

47 30 0.114542

48 30 0.0766134

49 30 0.0383824

50 30 0

0 31 0

1 31 0.0375236

2 31 0.0748992

3 31 0.111979

4 31 0.148617

5 31 0.184669

6 31 0.219991

7 31 0.254446

8 31 0.287896

9 31 0.32021

10 31 0.351261

11 31 0.380925

12 31 0.409086

13 31 0.435632

14 31 0.460459

15 31 0.483469

16 31 0.504571

17 31 0.523681

18 31 0.540725

19 31 0.555635

20 31 0.568352

21 31 0.578826

22 31 0.587015

23 31 0.592888

24 31 0.596421

25 31 0.5976

26 31 0.596421

27 31 0.592888

28 31 0.587015

29 31 0.578826

30 31 0.568352

31 31 0.555635

32 31 0.540725

33 31 0.523681

34 31 0.504571

35 31 0.483469

36 31 0.460459

37 31 0.435632

38 31 0.409086

39 31 0.380925

40 31 0.351261

41 31 0.32021

42 31 0.287896

43 31 0.254446

44 31 0.219991

45 31 0.184669

46 31 0.148617

47 31 0.111979

48 31 0.0748992

49 31 0.0375236

50 31 0

0 32 0

1 32 0.0365167

2 32 0.0728894

3 32 0.108974

4 32 0.144629

5 32 0.179713

6 32 0.214088

7 32 0.247618

8 32 0.280171

9 32 0.311618

10 32 0.341835

11 32 0.370703

12 32 0.398108

13 32 0.423942

14 32 0.448103

15 32 0.470496

16 32 0.491031

17 32 0.509629

18 32 0.526215

19 32 0.540725

20 32 0.553101

21 32 0.563294

22 32 0.571263

23 32 0.576979

24 32 0.580417

25 32 0.581564

26 32 0.580417

27 32 0.576979

28 32 0.571263

29 32 0.563294

30 32 0.553101

31 32 0.540725

32 32 0.526215

33 32 0.509629

34 32 0.491031

35 32 0.470496

36 32 0.448103

37 32 0.423942

38 32 0.398108

39 32 0.370703

40 32 0.341835

41 32 0.311618

42 32 0.280171

43 32 0.247618

44 32 0.214088

45 32 0.179713

46 32 0.144629

47 32 0.108974

48 32 0.0728894

49 32 0.0365167

50 32 0

0 33 0

1 33 0.0353657

2 33 0.0705919

3 33 0.105539

4 33 0.14007

5 33 0.174049

6 33 0.20734

7 33 0.239813

8 33 0.27134

9 33 0.301796

10 33 0.33106

11 33 0.359018

12 33 0.38556

13 33 0.410579

14 33 0.433979

15 33 0.455665

16 33 0.475554

17 33 0.493565

18 33 0.509629

19 33 0.523681

20 33 0.535667

21 33 0.545538

22 33 0.553257

23 33 0.558792

24 33 0.562122

25 33 0.563233

26 33 0.562122

27 33 0.558792

28 33 0.553257

29 33 0.545538

30 33 0.535667

31 33 0.523681

32 33 0.509629

33 33 0.493565

34 33 0.475554

35 33 0.455665

36 33 0.433979

37 33 0.410579

38 33 0.38556

39 33 0.359018

40 33 0.33106

41 33 0.301796

42 33 0.27134

43 33 0.239813

44 33 0.20734

45 33 0.174049

46 33 0.14007

47 33 0.105539

48 33 0.0705919

49 33 0.0353657

50 33 0

0 34 0

1 34 0.0340751

2 34 0.0680158

3 34 0.101688

4 34 0.134959

5 34 0.167697

6 34 0.199774

7 34 0.231062

8 34 0.261438

9 34 0.290782

10 34 0.318979

11 34 0.345917

12 34 0.37149

13 34 0.395596

14 34 0.418142

15 34 0.439037

16 34 0.458199

17 34 0.475554

18 34 0.491031

19 34 0.504571

20 34 0.516119

21 34 0.52563

22 34 0.533067

23 34 0.5384

24 34 0.541609

25 34 0.54268

26 34 0.541609

27 34 0.5384

28 34 0.533067

29 34 0.52563

30 34 0.516119

31 34 0.504571

32 34 0.491031

33 34 0.475554

34 34 0.458199

35 34 0.439037

36 34 0.418142

37 34 0.395596

38 34 0.37149

39 34 0.345917

40 34 0.318979

41 34 0.290782

42 34 0.261438

43 34 0.231062

44 34 0.199774

45 34 0.167697

46 34 0.134959

47 34 0.101688

48 34 0.0680158

49 34 0.0340751

50 34 0

0 35 0

1 35 0.0326501

2 35 0.0651713

3 35 0.0974353

4 35 0.129315

5 35 0.160684

6 35 0.191419

7 35 0.221398

8 35 0.250504

9 35 0.278621

10 35 0.305639

11 35 0.33145

12 35 0.355953

13 35 0.379052

14 35 0.400655

15 35 0.420676

16 35 0.439037

17 35 0.455665

18 35 0.470496

19 35 0.483469

20 35 0.494534

21 35 0.503648

22 35 0.510774

23 35 0.515884

24 35 0.518958

25 35 0.519984

26 35 0.518958

27 35 0.515884

28 35 0.510774

29 35 0.503648

30 35 0.494534

31 35 0.483469

32 35 0.470496

33 35 0.455665

34 35 0.439037

35 35 0.420676

36 35 0.400655

37 35 0.379052

38 35 0.355953

39 35 0.33145

40 35 0.305639

41 35 0.278621

42 35 0.250504

43 35 0.221398

44 35 0.191419

45 35 0.160684

46 35 0.129315

47 35 0.0974353

48 35 0.0651713

49 35 0.0326501

50 35 0

0 36 0

1 36 0.0310961

2 36 0.0620696

3 36 0.092798

4 36 0.12316

5 36 0.153036

6 36 0.182309

7 36 0.210861

8 36 0.238582

9 36 0.265361

10 36 0.291093

11 36 0.315675

12 36 0.339013

13 36 0.361012

14 36 0.381586

15 36 0.400655

16 36 0.418142

17 36 0.433979

18 36 0.448103

19 36 0.460459

20 36 0.470998

21 36 0.479677

22 36 0.486464

23 36 0.491331

24 36 0.494259

25 36 0.495236

26 36 0.494259

27 36 0.491331

28 36 0.486464

29 36 0.479677

30 36 0.470998

31 36 0.460459

32 36 0.448103

33 36 0.433979

34 36 0.418142

35 36 0.400655

36 36 0.381586

37 36 0.361012

38 36 0.339013

39 36 0.315675

40 36 0.291093

41 36 0.265361

42 36 0.238582

43 36 0.210861

44 36 0.182309

45 36 0.153036

46 36 0.12316

47 36 0.092798

48 36 0.0620696

49 36 0.0310961

50 36 0

0 37 0

1 37 0.0294195

2 37 0.0587229

3 37 0.0877945

4 37 0.11652

5 37 0.144785

6 37 0.172479

7 37 0.199492

8 37 0.225718

9 37 0.251053

10 37 0.275397

11 37 0.298655

12 37 0.320734

13 37 0.341547

14 37 0.361012

15 37 0.379052

16 37 0.395596

17 37 0.410579

18 37 0.423942

19 37 0.435632

20 37 0.445602

21 37 0.453814

22 37 0.460235

23 37 0.464839

24 37 0.467609

25 37 0.468534

26 37 0.467609

27 37 0.464839

28 37 0.460235

29 37 0.453814

30 37 0.445602

31 37 0.435632

32 37 0.423942

33 37 0.410579

34 37 0.395596

35 37 0.379052

36 37 0.361012

37 37 0.341547

38 37 0.320734

39 37 0.298655

40 37 0.275397

41 37 0.251053

42 37 0.225718

43 37 0.199492

44 37 0.172479

45 37 0.144785

46 37 0.11652

47 37 0.0877945

48 37 0.0587229

49 37 0.0294195

50 37 0

0 38 0

1 38 0.0276267

2 38 0.0551445

3 38 0.0824445

4 38 0.109419

5 38 0.135962

6 38 0.161968

7 38 0.187336

8 38 0.211963

9 38 0.235755

10 38 0.258615

11 38 0.280456

12 38 0.301189

13 38 0.320734

14 38 0.339013

15 38 0.355953

16 38 0.37149

17 38 0.38556

18 38 0.398108

19 38 0.409086

20 38 0.418448

21 38 0.42616

22 38 0.432189

23 38 0.436513

24 38 0.439115

25 38 0.439983

26 38 0.439115

27 38 0.436513

28 38 0.432189

29 38 0.42616

30 38 0.418448

31 38 0.409086

32 38 0.398108

33 38 0.38556

34 38 0.37149

35 38 0.355953

36 38 0.339013

37 38 0.320734

38 38 0.301189

39 38 0.280456

40 38 0.258615

41 38 0.235755

42 38 0.211963

43 38 0.187336

44 38 0.161968

45 38 0.135962

46 38 0.109419

47 38 0.0824445

48 38 0.0551445

49 38 0.0276267

50 38 0

0 39 0

1 39 0.025725

2 39 0.0513484

3 39 0.0767692

4 39 0.101887

5 39 0.126603

6 39 0.150819

7 39 0.17444

8 39 0.197372

9 39 0.219526

10 39 0.240813

11 39 0.261149

12 39 0.280456

13 39 0.298655

14 39 0.315675

15 39 0.33145

16 39 0.345917

17 39 0.359018

18 39 0.370703

19 39 0.380925

20 39 0.389643

21 39 0.396824

22 39 0.402438

23 39 0.406464

24 39 0.408887

25 39 0.409695

26 39 0.408887

27 39 0.406464

28 39 0.402438

29 39 0.396824

30 39 0.389643

31 39 0.380925

32 39 0.370703

33 39 0.359018

34 39 0.345917

35 39 0.33145

36 39 0.315675

37 39 0.298655

38 39 0.280456

39 39 0.261149

40 39 0.240813

41 39 0.219526

42 39 0.197372

43 39 0.17444

44 39 0.150819

45 39 0.126603

46 39 0.101887

47 39 0.0767692

48 39 0.0513484

49 39 0.025725

50 39 0

0 40 0

1 40 0.0237217

2 40 0.0473497

3 40 0.0707909

4 40 0.0939527

5 40 0.116744

6 40 0.139074

7 40 0.160855

8 40 0.182002

9 40 0.20243

10 40 0.22206

11 40 0.240813

12 40 0.258615

13 40 0.275397

14 40 0.291093

15 40 0.305639

16 40 0.318979

17 40 0.33106

18 40 0.341835

19 40 0.351261

20 40 0.3593

21 40 0.365921

22 40 0.371099

23 40 0.374811

24 40 0.377045

25 40 0.37779

26 40 0.377045

27 40 0.374811

28 40 0.371099

29 40 0.365921

30 40 0.3593

31 40 0.351261

32 40 0.341835

33 40 0.33106

34 40 0.318979

35 40 0.305639

36 40 0.291093

37 40 0.275397

38 40 0.258615

39 40 0.240813

40 40 0.22206

41 40 0.20243

42 40 0.182002

43 40 0.160855

44 40 0.139074

45 40 0.116744

46 40 0.0939527

47 40 0.0707909

48 40 0.0473497

49 40 0.0237217

50 40 0

0 41 0

1 41 0.0216247

2 41 0.0431641

3 41 0.0645332

4 41 0.0856475

5 41 0.106424

6 41 0.12678

7 41 0.146636

8 41 0.165914

9 41 0.184536

10 41 0.20243

11 41 0.219526

12 41 0.235755

13 41 0.251053

14 41 0.265361

15 41 0.278621

16 41 0.290782

17 41 0.301796

18 41 0.311618

19 41 0.32021

20 41 0.327539

21 41 0.333575

22 41 0.338295

23 41 0.341679

24 41 0.343715

25 41 0.344395

26 41 0.343715

27 41 0.341679

28 41 0.338295

29 41 0.333575

30 41 0.327539

31 41 0.32021

32 41 0.311618

33 41 0.301796

34 41 0.290782

35 41 0.278621

36 41 0.265361

37 41 0.251053

38 41 0.235755

39 41 0.219526

40 41 0.20243

41 41 0.184536

42 41 0.165914

43 41 0.146636

44 41 0.12678

45 41 0.106424

46 41 0.0856475

47 41 0.0645332

48 41 0.0431641

49 41 0.0216247

50 41 0

0 42 0

1 42 0.0194425

2 42 0.0388082

3 42 0.0580208

4 42 0.0770044

5 42 0.0956841

6 42 0.113986

7 42 0.131838

8 42 0.14917

9 42 0.165914

10 42 0.182002

11 42 0.197372

12 42 0.211963

13 42 0.225718

14 42 0.238582

15 42 0.250504

16 42 0.261438

17 42 0.27134

18 42 0.280171

19 42 0.287896

20 42 0.294485

21 42 0.299912

22 42 0.304156

23 42 0.307199

24 42 0.309029

25 42 0.30964

26 42 0.309029

27 42 0.307199

28 42 0.304156

29 42 0.299912

30 42 0.294485

31 42 0.287896

32 42 0.280171

33 42 0.27134

34 42 0.261438

35 42 0.250504

36 42 0.238582

37 42 0.225718

38 42 0.211963

39 42 0.197372

40 42 0.182002

41 42 0.165914

42 42 0.14917

43 42 0.131838

44 42 0.113986

45 42 0.0956841

46 42 0.0770044

47 42 0.0580208

48 42 0.0388082

49 42 0.0194425

50 42 0

0 43 0

1 43 0.0171835

2 43 0.0342991

3 43 0.0512794

4 43 0.0680573

5 43 0.0845667

6 43 0.100742

7 43 0.11652

8 43 0.131838

9 43 0.146636

10 43 0.160855

11 43 0.17444

12 43 0.187336

13 43 0.199492

14 43 0.210861

15 43 0.221398

16 43 0.231062

17 43 0.239813

18 43 0.247618

19 43 0.254446

20 43 0.260269

21 43 0.265066

22 43 0.268816

23 43 0.271506

24 43 0.273123

25 43 0.273663

26 43 0.273123

27 43 0.271506

28 43 0.268816

29 43 0.265066

30 43 0.260269

31 43 0.254446

32 43 0.247618

33 43 0.239813

34 43 0.231062

35 43 0.221398

36 43 0.210861

37 43 0.199492

38 43 0.187336

39 43 0.17444

40 43 0.160855

41 43 0.146636

42 43 0.131838

43 43 0.11652

44 43 0.100742

45 43 0.0845667

46 43 0.0680573

47 43 0.0512794

48 43 0.0342991

49 43 0.0171835

50 43 0

0 44 0

1 44 0.0148567

2 44 0.0296547

3 44 0.0443357

4 44 0.0588417

5 44 0.0731155

6 44 0.0871007

7 44 0.100742

8 44 0.113986

9 44 0.12678

10 44 0.139074

11 44 0.150819

12 44 0.161968

13 44 0.172479

14 44 0.182309

15 44 0.191419

16 44 0.199774

17 44 0.20734

18 44 0.214088

19 44 0.219991

20 44 0.225026

21 44 0.229173

22 44 0.232416

23 44 0.234741

24 44 0.23614

25 44 0.236607

26 44 0.23614

27 44 0.234741

28 44 0.232416

29 44 0.229173

30 44 0.225026

31 44 0.219991

32 44 0.214088

33 44 0.20734

34 44 0.199774

35 44 0.191419

36 44 0.182309

37 44 0.172479

38 44 0.161968

39 44 0.150819

40 44 0.139074

41 44 0.12678

42 44 0.113986

43 44 0.100742

44 44 0.0871007

45 44 0.0731155

46 44 0.0588417

47 44 0.0443357

48 44 0.0296547

49 44 0.0148567

50 44 0

0 45 0

1 45 0.0124712

2 45 0.0248932

3 45 0.037217

4 45 0.0493938

5 45 0.0613758

6 45 0.0731155

7 45 0.0845667

8 45 0.0956841

9 45 0.106424

10 45 0.116744

11 45 0.126603

12 45 0.135962

13 45 0.144785

14 45 0.153036

15 45 0.160684

16 45 0.167697

17 45 0.174049

18 45 0.179713

19 45 0.184669

20 45 0.188895

21 45 0.192376

22 45 0.195098

23 45 0.19705

24 45 0.198224

25 45 0.198616

26 45 0.198224

27 45 0.19705

28 45 0.195098

29 45 0.192376

30 45 0.188895

31 45 0.184669

32 45 0.179713

33 45 0.174049

34 45 0.167697

35 45 0.160684

36 45 0.153036

37 45 0.144785

38 45 0.135962

39 45 0.126603

40 45 0.116744

41 45 0.106424

42 45 0.0956841

43 45 0.0845667

44 45 0.0731155

45 45 0.0613758

46 45 0.0493938

47 45 0.037217

48 45 0.0248932

49 45 0.0124712

50 45 0

0 46 0

1 46 0.0100366

2 46 0.0200335

3 46 0.0299514

4 46 0.039751

5 46 0.0493938

6 46 0.0588417

7 46 0.0680573

8 46 0.0770044

9 46 0.0856475

10 46 0.0939527

11 46 0.101887

12 46 0.109419

13 46 0.11652

14 46 0.12316

15 46 0.129315

16 46 0.134959

17 46 0.14007

18 46 0.144629

19 46 0.148617

20 46 0.152019

21 46 0.15482

22 46 0.157011

23 46 0.158581

24 46 0.159526

25 46 0.159842

26 46 0.159526

27 46 0.158581

28 46 0.157011

29 46 0.15482

30 46 0.152019

31 46 0.148617

32 46 0.144629

33 46 0.14007

34 46 0.134959

35 46 0.129315

36 46 0.12316

37 46 0.11652

38 46 0.109419

39 46 0.101887

40 46 0.0939527

41 46 0.0856475

42 46 0.0770044

43 46 0.0680573

44 46 0.0588417

45 46 0.0493938

46 46 0.039751

47 46 0.0299514

48 46 0.0200335

49 46 0.0100366

50 46 0

0 47 0

1 47 0.00756228

2 47 0.0150947

3 47 0.0225676

4 47 0.0299514

5 47 0.037217

6 47 0.0443357

7 47 0.0512794

8 47 0.0580208

9 47 0.0645332

10 47 0.0707909

11 47 0.0767692

12 47 0.0824445

13 47 0.0877945

14 47 0.092798

15 47 0.0974353

16 47 0.101688

17 47 0.105539

18 47 0.108974

19 47 0.111979

20 47 0.114542

21 47 0.116653

22 47 0.118303

23 47 0.119487

24 47 0.120199

25 47 0.120437

26 47 0.120199

27 47 0.119487

28 47 0.118303

29 47 0.116653

30 47 0.114542

31 47 0.111979

32 47 0.108974

33 47 0.105539

34 47 0.101688

35 47 0.0974353

36 47 0.092798

37 47 0.0877945

38 47 0.0824445

39 47 0.0767692

40 47 0.0707909

41 47 0.0645332

42 47 0.0580208

43 47 0.0512794

44 47 0.0443357

45 47 0.037217

46 47 0.0299514

47 47 0.0225676

48 47 0.0150947

49 47 0.00756228

50 47 0

0 48 0

1 48 0.00505816

2 48 0.0100964

3 48 0.0150947

4 48 0.0200335

5 48 0.0248932

6 48 0.0296547

7 48 0.0342991

8 48 0.0388082

9 48 0.0431641

10 48 0.0473497

11 48 0.0513484

12 48 0.0551445

13 48 0.0587229

14 48 0.0620696

15 48 0.0651713

16 48 0.0680158

17 48 0.0705919

18 48 0.0728894

19 48 0.0748992

20 48 0.0766134

21 48 0.0780253

22 48 0.0791292

23 48 0.0799209

24 48 0.0803972

25 48 0.0805561

26 48 0.0803972

27 48 0.0799209

28 48 0.0791292

29 48 0.0780253

30 48 0.0766134

31 48 0.0748992

32 48 0.0728894

33 48 0.0705919

34 48 0.0680158

35 48 0.0651713

36 48 0.0620696

37 48 0.0587229

38 48 0.0551445

39 48 0.0513484

40 48 0.0473497

41 48 0.0431641

42 48 0.0388082

43 48 0.0342991

44 48 0.0296547

45 48 0.0248932

46 48 0.0200335

47 48 0.0150947

48 48 0.0100964

49 48 0.00505816

50 48 0

0 49 0

1 49 0.00253408

2 49 0.00505816

3 49 0.00756228

4 49 0.0100366

5 49 0.0124712

6 49 0.0148567

7 49 0.0171835

8 49 0.0194425

9 49 0.0216247

10 49 0.0237217

11 49 0.025725

12 49 0.0276267

13 49 0.0294195

14 49 0.0310961

15 49 0.0326501

16 49 0.0340751

17 49 0.0353657

18 49 0.0365167

19 49 0.0375236

20 49 0.0383824

21 49 0.0390898

22 49 0.0396428

23 49 0.0400395

24 49 0.0402781

25 49 0.0403577

26 49 0.0402781

27 49 0.0400395

28 49 0.0396428

29 49 0.0390898

30 49 0.0383824

31 49 0.0375236

32 49 0.0365167

33 49 0.0353657

34 49 0.0340751

35 49 0.0326501

36 49 0.0310961

37 49 0.0294195

38 49 0.0276267

39 49 0.025725

40 49 0.0237217

41 49 0.0216247

42 49 0.0194425

43 49 0.0171835

44 49 0.0148567

45 49 0.0124712

46 49 0.0100366

47 49 0.00756228

48 49 0.00505816

49 49 0.00253408

50 49 0

