0 1 0

1 1 0.000241145

2 1 0.000481338

3 1 0.000719631

4 1 0.000955085

5 1 0.00118677

6 1 0.00141377

7 1 0.00163519

8 1 0.00185016

9 1 0.00205782

10 1 0.00225737

11 1 0.002448

12 1 0.00262898

13 1 0.00279958

14 1 0.00295913

15 1 0.003107

16 1 0.00324261

17 1 0.00336543

18 1 0.00347496

19 1 0.00357077

20 1 0.0036525

21 1 0.00371981

22 1 0.00377244

23 1 0.00381018

24 1 0.00383289

25 1 0.00384047

26 1 0.00383289

27 1 0.00381018

28 1 0.00377244

29 1 0.00371981

30 1 0.0036525

31 1 0.00357077

32 1 0.00347496

33 1 0.00336543

34 1 0.00324261

35 1 0.003107

36 1 0.00295913

37 1 0.00279958

38 1 0.00262898

39 1 0.002448

40 1 0.00225737

41 1 0.00205782

42 1 0.00185016

43 1 0.00163519

44 1 0.00141377

45 1 0.00118677

46 1 0.000955085

47 1 0.000719631

48 1 0.000481338

49 1 0.000241145

50 1 0

0 2 0

1 2 0.000481338

2 2 0.000960776

3 2 0.00143642

4 2 0.0019064

5 2 0.00236885

6 2 0.00282196

7 2 0.00326393

8 2 0.00369301

9 2 0.00410753

10 2 0.00450583

11 2 0.00488635

12 2 0.00524758

13 2 0.00558811

14 2 0.00590658

15 2 0.00620174

16 2 0.00647243

17 2 0.00671757

18 2 0.0069362

19 2 0.00712746

20 2 0.00729058

21 2 0.00742494

22 2 0.00752999

23 2 0.00760533

24 2 0.00765065

25 2 0.00766577

26 2 0.00765065

27 2 0.00760533

28 2 0.00752999

29 2 0.00742494

30 2 0.00729058

31 2 0.00712746

32 2 0.0069362

33 2 0.00671757

34 2 0.00647243

35 2 0.00620174

36 2 0.00590658

37 2 0.00558811

38 2 0.00524758

39 2 0.00488635

40 2 0.00450583

41 2 0.00410753

42 2 0.00369301

43 2 0.00326393

44 2 0.00282196

45 2 0.00236885

46 2 0.0019064

47 2 0.00143642

48 2 0.000960776

49 2 0.000481338

50 2 0

0 3 0

1 3 0.000719631

2 3 0.00143642

3 3 0.00214755

4 3 0.00285019

5 3 0.00354159

6 3 0.00421901

7 3 0.00487978

8 3 0.0055213

9 3 0.00614102

10 3 0.00673651

11 3 0.00730541

12 3 0.00784548

13 3 0.00835459

14 3 0.00883072

15 3 0.00927201

16 3 0.0096767

17 3 0.0100432

18 3 0.0103701

19 3 0.010656

20 3 0.0108999

21 3 0.0111008

22 3 0.0112578

23 3 0.0113705

24 3 0.0114382

25 3 0.0114608

26 3 0.0114382

27 3 0.0113705

28 3 0.0112578

29 3 0.0111008

30 3 0.0108999

31 3 0.010656

32 3 0.0103701

33 3 0.0100432

34 3 0.0096767

35 3 0.00927201

36 3 0.00883072

37 3 0.00835459

38 3 0.00784548

39 3 0.00730541

40 3 0.00673651

41 3 0.00614102

42 3 0.0055213

43 3 0.00487978

44 3 0.00421901

45 3 0.00354159

46 3 0.00285019

47 3 0.00214755

48 3 0.00143642

49 3 0.000719631

50 3 0

0 4 0

1 4 0.000955085

2 4 0.0019064

3 4 0.00285019

4 4 0.00378274

5 4 0.00470035

6 4 0.00559942

7 4 0.00647638

8 4 0.00732779

9 4 0.00815028

10 4 0.0089406

11 4 0.00969564

12 4 0.0104124

13 4 0.0110881

14 4 0.01172

15 4 0.0123057

16 4 0.0128428

17 4 0.0133292

18 4 0.013763

19 4 0.0141425

20 4 0.0144662

21 4 0.0147328

22 4 0.0149412

23 4 0.0150907

24 4 0.0151806

25 4 0.0152107

26 4 0.0151806

27 4 0.0150907

28 4 0.0149412

29 4 0.0147328

30 4 0.0144662

31 4 0.0141425

32 4 0.013763

33 4 0.0133292

34 4 0.0128428

35 4 0.0123057

36 4 0.01172

37 4 0.0110881

38 4 0.0104124

39 4 0.00969564

40 4 0.0089406

41 4 0.00815028

42 4 0.00732779

43 4 0.00647638

44 4 0.00559942

45 4 0.00470035

46 4 0.00378274

47 4 0.00285019

48 4 0.0019064

49 4 0.000955085

50 4 0

0 5 0

1 5 0.00118677

2 5 0.00236885

3 5 0.00354159

4 5 0.00470035

5 5 0.00584056

6 5 0.00695772

7 5 0.00804742

8 5 0.00910536

9 5 0.0101274

10 5 0.0111094

11 5 0.0120476

12 5 0.0129382

13 5 0.0137778

14 5 0.014563

15 5 0.0152908

16 5 0.0159582

17 5 0.0165626

18 5 0.0171016

19 5 0.0175732

20 5 0.0179754

21 5 0.0183067

22 5 0.0185657

23 5 0.0187514

24 5 0.0188632

25 5 0.0189004

26 5 0.0188632

27 5 0.0187514

28 5 0.0185657

29 5 0.0183067

30 5 0.0179754

31 5 0.0175732

32 5 0.0171016

33 5 0.0165626

34 5 0.0159582

35 5 0.0152908

36 5 0.014563

37 5 0.0137778

38 5 0.0129382

39 5 0.0120476

40 5 0.0111094

41 5 0.0101274

42 5 0.00910536

43 5 0.00804742

44 5 0.00695772

45 5 0.00584056

46 5 0.00470035

47 5 0.00354159

48 5 0.00236885

49 5 0.00118677

50 5 0

0 6 0

1 6 0.00141377

2 6 0.00282196

3 6 0.00421901

4 6 0.00559942

5 6 0.00695772

6 6 0.00828856

7 6 0.0095867

8 6 0.010847

9 6 0.0120645

10 6 0.0132344

11 6 0.014352

12 6 0.015413

13 6 0.0164132

14 6 0.0173486

15 6 0.0182155

16 6 0.0190106

17 6 0.0197306

18 6 0.0203728

19 6 0.0209345

20 6 0.0214137

21 6 0.0218083

22 6 0.0221168

23 6 0.0223381

24 6 0.0224712

25 6 0.0225157

26 6 0.0224712

27 6 0.0223381

28 6 0.0221168

29 6 0.0218083

30 6 0.0214137

31 6 0.0209345

32 6 0.0203728

33 6 0.0197306

34 6 0.0190106

35 6 0.0182155

36 6 0.0173486

37 6 0.0164132

38 6 0.015413

39 6 0.014352

40 6 0.0132344

41 6 0.0120645

42 6 0.010847

43 6 0.0095867

44 6 0.00828856

45 6 0.00695772

46 6 0.00559942

47 6 0.00421901

48 6 0.00282196

49 6 0.00141377

50 6 0

0 7 0

1 7 0.00163519

2 7 0.00326393

3 7 0.00487978

4 7 0.00647638

5 7 0.00804742

6 7 0.0095867

7 7 0.0110881

8 7 0.0125458

9 7 0.013954

10 7 0.0153071

11 7 0.0165998

12 7 0.017827

13 7 0.0189838

14 7 0.0200657

15 7 0.0210684

16 7 0.021988

17 7 0.0228208

18 7 0.0235635

19 7 0.0242132

20 7 0.0247674

21 7 0.0252238

22 7 0.0255807

23 7 0.0258366

24 7 0.0259906

25 7 0.026042

26 7 0.0259906

27 7 0.0258366

28 7 0.0255807

29 7 0.0252238

30 7 0.0247674

31 7 0.0242132

32 7 0.0235635

33 7 0.0228208

34 7 0.021988

35 7 0.0210684

36 7 0.0200657

37 7 0.0189838

38 7 0.017827

39 7 0.0165998

40 7 0.0153071

41 7 0.013954

42 7 0.0125458

43 7 0.0110881

44 7 0.0095867

45 7 0.00804742

46 7 0.00647638

47 7 0.00487978

48 7 0.00326393

49 7 0.00163519

50 7 0

0 8 0

1 8 0.00185016

2 8 0.00369301

3 8 0.0055213

4 8 0.00732779

5 8 0.00910536

6 8 0.010847

7 8 0.0125458

8 8 0.0141951

9 8 0.0157884

10 8 0.0173194

11 8 0.0187821

12 8 0.0201706

13 8 0.0214795

14 8 0.0227036

15 8 0.0238381

16 8 0.0248786

17 8 0.0258209

18 8 0.0266612

19 8 0.0273964

20 8 0.0280234

21 8 0.0285399

22 8 0.0289437

23 8 0.0292332

24 8 0.0294074

25 8 0.0294656

26 8 0.0294074

27 8 0.0292332

28 8 0.0289437

29 8 0.0285399

30 8 0.0280234

31 8 0.0273964

32 8 0.0266612

33 8 0.0258209

34 8 0.0248786

35 8 0.0238381

36 8 0.0227036

37 8 0.0214795

38 8 0.0201706

39 8 0.0187821

40 8 0.0173194

41 8 0.0157884

42 8 0.0141951

43 8 0.0125458

44 8 0.010847

45 8 0.00910536

46 8 0.00732779

47 8 0.0055213

48 8 0.00369301

49 8 0.00185016

50 8 0

0 9 0

1 9 0.00205782

2 9 0.00410753

3 9 0.00614102

4 9 0.00815028

5 9 0.0101274

6 9 0.0120645

7 9 0.013954

8 9 0.0157884

9 9 0.0175606

10 9 0.0192634

11 9 0.0208902

12 9 0.0224346

13 9 0.0238904

14 9 0.0252519

15 9 0.0265138

16 9 0.027671

17 9 0.0287191

18 9 0.0296538

19 9 0.0304714

20 9 0.0311688

21 9 0.0317432

22 9 0.0321924

23 9 0.0325144

24 9 0.0327082

25 9 0.0327728

26 9 0.0327082

27 9 0.0325144

28 9 0.0321924

29 9 0.0317432

30 9 0.0311688

31 9 0.0304714

32 9 0.0296538

33 9 0.0287191

34 9 0.027671

35 9 0.0265138

36 9 0.0252519

37 9 0.0238904

38 9 0.0224346

39 9 0.0208902

40 9 0.0192634

41 9 0.0175606

42 9 0.0157884

43 9 0.013954

44 9 0.0120645

45 9 0.0101274

46 9 0.00815028

47 9 0.00614102

48 9 0.00410753

49 9 0.00205782

50 9 0

0 10 0

1 10 0.00225737

2 10 0.00450583

3 10 0.00673651

4 10 0.0089406

5 10 0.0111094

6 10 0.0132344

7 10 0.0153071

8 10 0.0173194

9 10 0.0192634

10 10 0.0211313

11 10 0.0229159

12 10 0.02461

13 10 0.026207

14 10 0.0277006

15 10 0.0290848

16 10 0.0303543

17 10 0.0315039

18 10 0.0325292

19 10 0.0334262

20 10 0.0341912

21 10 0.0348213

22 10 0.035314

23 10 0.0356673

24 10 0.0358799

25 10 0.0359508

26 10 0.0358799

27 10 0.0356673

28 10 0.035314

29 10 0.0348213

30 10 0.0341912

31 10 0.0334262

32 10 0.0325292

33 10 0.0315039

34 10 0.0303543

35 10 0.0290848

36 10 0.0277006

37 10 0.026207

38 10 0.02461

39 10 0.0229159

40 10 0.0211313

41 10 0.0192634

42 10 0.0173194

43 10 0.0153071

44 10 0.0132344

45 10 0.0111094

46 10 0.0089406

47 10 0.00673651

48 10 0.00450583

49 10 0.00225737

50 10 0

0 11 0

1 11 0.002448

2 11 0.00488635

3 11 0.00730541

4 11 0.00969564

5 11 0.0120476

6 11 0.014352

7 11 0.0165998

8 11 0.0187821

9 11 0.0208902

10 11 0.0229159

11 11 0.0248512

12 11 0.0266883

13 11 0.0284202

14 11 0.0300399

15 11 0.031541

16 11 0.0329177

17 11 0.0341644

18 11 0.0352764

19 11 0.0362491

20 11 0.0370787

21 11 0.037762

22 11 0.0382963

23 11 0.0386794

24 11 0.0389099

25 11 0.0389869

26 11 0.0389099

27 11 0.0386794

28 11 0.0382963

29 11 0.037762

30 11 0.0370787

31 11 0.0362491

32 11 0.0352764

33 11 0.0341644

34 11 0.0329177

35 11 0.031541

36 11 0.0300399

37 11 0.0284202

38 11 0.0266883

39 11 0.0248512

40 11 0.0229159

41 11 0.0208902

42 11 0.0187821

43 11 0.0165998

44 11 0.014352

45 11 0.0120476

46 11 0.00969564

47 11 0.00730541

48 11 0.00488635

49 11 0.002448

50 11 0

0 12 0

1 12 0.00262898

2 12 0.00524758

3 12 0.00784548

4 12 0.0104124

5 12 0.0129382

6 12 0.015413

7 12 0.017827

8 12 0.0201706

9 12 0.0224346

10 12 0.02461

11 12 0.0266883

12 12 0.0286613

13 12 0.0305212

14 12 0.0322607

15 12 0.0338728

16 12 0.0353512

17 12 0.0366901

18 12 0.0378842

19 12 0.0389289

20 12 0.0398198

21 12 0.0405537

22 12 0.0411274

23 12 0.0415389

24 12 0.0417864

25 12 0.041869

26 12 0.0417864

27 12 0.0415389

28 12 0.0411274

29 12 0.0405537

30 12 0.0398198

31 12 0.0389289

32 12 0.0378842

33 12 0.0366901

34 12 0.0353512

35 12 0.0338728

36 12 0.0322607

37 12 0.0305212

38 12 0.0286613

39 12 0.0266883

40 12 0.02461

41 12 0.0224346

42 12 0.0201706

43 12 0.017827

44 12 0.015413

45 12 0.0129382

46 12 0.0104124

47 12 0.00784548

48 12 0.00524758

49 12 0.00262898

50 12 0

0 13 0

1 13 0.00279958

2 13 0.00558811

3 13 0.00835459

4 13 0.0110881

5 13 0.0137778

6 13 0.0164132

7 13 0.0189838

8 13 0.0214795

9 13 0.0238904

10 13 0.026207

11 13 0.0284202

12 13 0.0305212

13 13 0.0325018

14 13 0.0343541

15 13 0.0360708

16 13 0.0376452

17 13 0.039071

18 13 0.0403426

19 13 0.041455

20 13 0.0424038

21 13 0.0431853

22 13 0.0437963

23 13 0.0442344

24 13 0.044498

25 13 0.044586

26 13 0.044498

27 13 0.0442344

28 13 0.0437963

29 13 0.0431853

30 13 0.0424038

31 13 0.041455

32 13 0.0403426

33 13 0.039071

34 13 0.0376452

35 13 0.0360708

36 13 0.0343541

37 13 0.0325018

38 13 0.0305212

39 13 0.0284202

40 13 0.026207

41 13 0.0238904

42 13 0.0214795

43 13 0.0189838

44 13 0.0164132

45 13 0.0137778

46 13 0.0110881

47 13 0.00835459

48 13 0.00558811

49 13 0.00279958

50 13 0

0 14 0

1 14 0.00295913

2 14 0.00590658

3 14 0.00883072

4 14 0.01172

5 14 0.014563

6 14 0.0173486

7 14 0.0200657

8 14 0.0227036

9 14 0.0252519

10 14 0.0277006

11 14 0.0300399

12 14 0.0322607

13 14 0.0343541

14 14 0.036312

15 14 0.0381266

16 14 0.0397906

17 14 0.0412977

18 14 0.0426418

19 14 0.0438176

20 14 0.0448204

21 14 0.0456464

22 14 0.0462923

23 14 0.0467554

24 14 0.047034

25 14 0.047127

26 14 0.047034

27 14 0.0467554

28 14 0.0462923

29 14 0.0456464

30 14 0.0448204

31 14 0.0438176

32 14 0.0426418

33 14 0.0412977

34 14 0.0397906

35 14 0.0381266

36 14 0.036312

37 14 0.0343541

38 14 0.0322607

39 14 0.0300399

40 14 0.0277006

41 14 0.0252519

42 14 0.0227036

43 14 0.0200657

44 14 0.0173486

45 14 0.014563

46 14 0.01172

47 14 0.00883072

48 14 0.00590658

49 14 0.00295913

50 14 0

0 15 0

1 15 0.003107

2 15 0.00620174

3 15 0.00927201

4 15 0.0123057

5 15 0.0152908

6 15 0.0182155

7 15 0.0210684

8 15 0.0238381

9 15 0.0265138

10 15 0.0290848

11 15 0.031541

12 15 0.0338728

13 15 0.0360708

14 15 0.0381266

15 15 0.0400318

16 15 0.0417791

17 15 0.0433614

18 15 0.0447727

19 15 0.0460072

20 15 0.0470602

21 15 0.0479275

22 15 0.0486056

23 15 0.0490918

24 15 0.0493844

25 15 0.049482

26 15 0.0493844

27 15 0.0490918

28 15 0.0486056

29 15 0.0479275

30 15 0.0470602

31 15 0.0460072

32 15 0.0447727

33 15 0.0433614

34 15 0.0417791

35 15 0.0400318

36 15 0.0381266

37 15 0.0360708

38 15 0.0338728

39 15 0.031541

40 15 0.0290848

41 15 0.0265138

42 15 0.0238381

43 15 0.0210684

44 15 0.0182155

45 15 0.0152908

46 15 0.0123057

47 15 0.00927201

48 15 0.00620174

49 15 0.003107

50 15 0

0 16 0

1 16 0.00324261

2 16 0.00647243

3 16 0.0096767

4 16 0.0128428

5 16 0.0159582

6 16 0.0190106

7 16 0.021988

8 16 0.0248786

9 16 0.027671

10 16 0.0303543

11 16 0.0329177

12 16 0.0353512

13 16 0.0376452

14 16 0.0397906

15 16 0.0417791

16 16 0.0436026

17 16 0.045254

18 16 0.0467268

19 16 0.0480153

20 16 0.0491142

21 16 0.0500193

22 16 0.050727

23 16 0.0512345

24 16 0.0515398

25 16 0.0516417

26 16 0.0515398

27 16 0.0512345

28 16 0.050727

29 16 0.0500193

30 16 0.0491142

31 16 0.0480153

32 16 0.0467268

33 16 0.045254

34 16 0.0436026

35 16 0.0417791

36 16 0.0397906

37 16 0.0376452

38 16 0.0353512

39 16 0.0329177

40 16 0.0303543

41 16 0.027671

42 16 0.0248786

43 16 0.021988

44 16 0.0190106

45 16 0.0159582

46 16 0.0128428

47 16 0.0096767

48 16 0.00647243

49 16 0.00324261

50 16 0

0 17 0

1 17 0.00336543

2 17 0.00671757

3 17 0.0100432

4 17 0.0133292

5 17 0.0165626

6 17 0.0197306

7 17 0.0228208

8 17 0.0258209

9 17 0.0287191

10 17 0.0315039

11 17 0.0341644

12 17 0.0366901

13 17 0.039071

14 17 0.0412977

15 17 0.0433614

16 17 0.045254

17 17 0.046968

18 17 0.0484966

19 17 0.0498339

20 17 0.0509744

21 17 0.0519138

22 17 0.0526483

23 17 0.053175

24 17 0.0534919

25 17 0.0535977

26 17 0.0534919

27 17 0.053175

28 17 0.0526483

29 17 0.0519138

30 17 0.0509744

31 17 0.0498339

32 17 0.0484966

33 17 0.046968

34 17 0.045254

35 17 0.0433614

36 17 0.0412977

37 17 0.039071

38 17 0.0366901

39 17 0.0341644

40 17 0.0315039

41 17 0.0287191

42 17 0.0258209

43 17 0.0228208

44 17 0.0197306

45 17 0.0165626

46 17 0.0133292

47 17 0.0100432

48 17 0.00671757

49 17 0.00336543

50 17 0

0 18 0

1 18 0.00347496

2 18 0.0069362

3 18 0.0103701

4 18 0.013763

5 18 0.0171016

6 18 0.0203728

7 18 0.0235635

8 18 0.0266612

9 18 0.0296538

10 18 0.0325292

11 18 0.0352764

12 18 0.0378842

13 18 0.0403426

14 18 0.0426418

15 18 0.0447727

16 18 0.0467268

17 18 0.0484966

18 18 0.050075

19 18 0.0514557

20 18 0.0526334

21 18 0.0536034

22 18 0.0543618

23 18 0.0549057

24 18 0.0552329

25 18 0.0553421

26 18 0.0552329

27 18 0.0549057

28 18 0.0543618

29 18 0.0536034

30 18 0.0526334

31 18 0.0514557

32 18 0.050075

33 18 0.0484966

34 18 0.0467268

35 18 0.0447727

36 18 0.0426418

37 18 0.0403426

38 18 0.0378842

39 18 0.0352764

40 18 0.0325292

41 18 0.0296538

42 18 0.0266612

43 18 0.0235635

44 18 0.0203728

45 18 0.0171016

46 18 0.013763

47 18 0.0103701

48 18 0.0069362

49 18 0.00347496

50 18 0

0 19 0

1 19 0.00357077

2 19 0.00712746

3 19 0.010656

4 19 0.0141425

5 19 0.0175732

6 19 0.0209345

7 19 0.0242132

8 19 0.0273964

9 19 0.0304714

10 19 0.0334262

11 19 0.0362491

12 19 0.0389289

13 19 0.041455

14 19 0.0438176

15 19 0.0460072

16 19 0.0480153

17 19 0.0498339

18 19 0.0514557

19 19 0.0528746

20 19 0.0540847

21 19 0.0550814

22 19 0.0558608

23 19 0.0564196

24 19 0.0567558

25 19 0.056868

26 19 0.0567558

27 19 0.0564196

28 19 0.0558608

29 19 0.0550814

30 19 0.0540847

31 19 0.0528746

32 19 0.0514557

33 19 0.0498339

34 19 0.0480153

35 19 0.0460072

36 19 0.0438176

37 19 0.041455

38 19 0.0389289

39 19 0.0362491

40 19 0.0334262

41 19 0.0304714

42 19 0.0273964

43 19 0.0242132

44 19 0.0209345

45 19 0.0175732

46 19 0.0141425

47 19 0.010656

48 19 0.00712746

49 19 0.00357077

50 19 0

0 20 0

1 20 0.0036525

2 20 0.00729058

3 20 0.0108999

4 20 0.0144662

5 20 0.0179754

6 20 0.0214137

7 20 0.0247674

8 20 0.0280234

9 20 0.0311688

10 20 0.0341912

11 20 0.0370787

12 20 0.0398198

13 20 0.0424038

14 20 0.0448204

15 20 0.0470602

16 20 0.0491142

17 20 0.0509744

18 20 0.0526334

19 20 0.0540847

20 20 0.0553226

21 20 0.0563421

22 20 0.0571393

23 20 0.0577109

24 20 0.0580548

25 20 0.0581696

26 20 0.0580548

27 20 0.0577109

28 20 0.0571393

29 20 0.0563421

30 20 0.0553226

31 20 0.0540847

32 20 0.0526334

33 20 0.0509744

34 20 0.0491142

35 20 0.0470602

36 20 0.0448204

37 20 0.0424038

38 20 0.0398198

39 20 0.0370787

40 20 0.0341912

41 20 0.0311688

42 20 0.0280234

43 20 0.0247674

44 20 0.0214137

45 20 0.0179754

46 20 0.0144662

47 20 0.0108999

48 20 0.00729058

49 20 0.0036525

50 20 0

0 21 0

1 21 0.00371981

2 21 0.00742494

3 21 0.0111008

4 21 0.0147328

5 21 0.0183067

6 21 0.0218083

7 21 0.0252238

8 21 0.0285399

9 21 0.0317432

10 21 0.0348213

11 21 0.037762

12 21 0.0405537

13 21 0.0431853

14 21 0.0456464

15 21 0.0479275

16 21 0.0500193

17 21 0.0519138

18 21 0.0536034

19 21 0.0550814

20 21 0.0563421

21 21 0.0573804

22 21 0.0581923

23 21 0.0587744

24 21 0.0591247

25 21 0.0592416

26 21 0.0591247

27 21 0.0587744

28 21 0.0581923

29 21 0.0573804

30 21 0.0563421

31 21 0.0550814

32 21 0.0536034

33 21 0.0519138

34 21 0.0500193

35 21 0.0479275

36 21 0.0456464

37 21 0.0431853

38 21 0.0405537

39 21 0.037762

40 21 0.0348213

41 21 0.0317432

42 21 0.0285399

43 21 0.0252238

44 21 0.0218083

45 21 0.0183067

46 21 0.0147328

47 21 0.0111008

48 21 0.00742494

49 21 0.00371981

50 21 0

0 22 0

1 22 0.00377244

2 22 0.00752999

3 22 0.0112578

4 22 0.0149412

5 22 0.0185657

6 22 0.0221168

7 22 0.0255807

8 22 0.0289437

9 22 0.0321924

10 22 0.035314

11 22 0.0382963

12 22 0.0411274

13 22 0.0437963

14 22 0.0462923

15 22 0.0486056

16 22 0.050727

17 22 0.0526483

18 22 0.0543618

19 22 0.0558608

20 22 0.0571393

21 22 0.0581923

22 22 0.0590156

23 22 0.059606

24 22 0.0599612

25 22 0.0600798

26 22 0.0599612

27 22 0.059606

28 22 0.0590156

29 22 0.0581923

30 22 0.0571393

31 22 0.0558608

32 22 0.0543618

33 22 0.0526483

34 22 0.050727

35 22 0.0486056

36 22 0.0462923

37 22 0.0437963

38 22 0.0411274

39 22 0.0382963

40 22 0.035314

41 22 0.0321924

42 22 0.0289437

43 22 0.0255807

44 22 0.0221168

45 22 0.0185657

46 22 0.0149412

47 22 0.0112578

48 22 0.00752999

49 22 0.00377244

50 22 0

0 23 0

1 23 0.00381018

2 23 0.00760533

3 23 0.0113705

4 23 0.0150907

5 23 0.0187514

6 23 0.0223381

7 23 0.0258366

8 23 0.0292332

9 23 0.0325144

10 23 0.0356673

11 23 0.0386794

12 23 0.0415389

13 23 0.0442344

14 23 0.0467554

15 23 0.0490918

16 23 0.0512345

17 23 0.053175

18 23 0.0549057

19 23 0.0564196

20 23 0.0577109

21 23 0.0587744

22 23 0.059606

23 23 0.0602024

24 23 0.0605611

25 23 0.0606808

26 23 0.0605611

27 23 0.0602024

28 23 0.059606

29 23 0.0587744

30 23 0.0577109

31 23 0.0564196

32 23 0.0549057

33 23 0.053175

34 23 0.0512345

35 23 0.0490918

36 23 0.0467554

37 23 0.0442344

38 23 0.0415389

39 23 0.0386794

40 23 0.0356673

41 23 0.0325144

42 23 0.0292332

43 23 0.0258366

44 23 0.0223381

45 23 0.0187514

46 23 0.0150907

47 23 0.0113705

48 23 0.00760533

49 23 0.00381018

50 23 0

0 24 0

1 24 0.00383289

2 24 0.00765065

3 24 0.0114382

4 24 0.0151806

5 24 0.0188632

6 24 0.0224712

7 24 0.0259906

8 24 0.0294074

9 24 0.0327082

10 24 0.0358799

11 24 0.0389099

12 24 0.0417864

13 24 0.044498

14 24 0.047034

15 24 0.0493844

16 24 0.0515398

17 24 0.0534919

18 24 0.0552329

19 24 0.0567558

20 24 0.0580548

21 24 0.0591247

22 24 0.0599612

23 24 0.0605611

24 24 0.060922

25 24 0.0610424

26 24 0.060922

27 24 0.0605611

28 24 0.0599612

29 24 0.0591247

30 24 0.0580548

31 24 0.0567558

32 24 0.0552329

33 24 0.0534919

34 24 0.0515398

35 24 0.0493844

36 24 0.047034

37 24 0.044498

38 24 0.0417864

39 24 0.0389099

40 24 0.0358799

41 24 0.0327082

42 24 0.0294074

43 24 0.0259906

44 24 0.0224712

45 24 0.0188632

46 24 0.0151806

47 24 0.0114382

48 24 0.00765065

49 24 0.00383289

50 24 0

0 25 0

1 25 0.00384047

2 25 0.00766577

3 25 0.0114608

4 25 0.0152107

5 25 0.0189004

6 25 0.0225157

7 25 0.026042

8 25 0.0294656

9 25 0.0327728

10 25 0.0359508

11 25 0.0389869

12 25 0.041869

13 25 0.044586

14 25 0.047127

15 25 0.049482

16 25 0.0516417

17 25 0.0535977

18 25 0.0553421

19 25 0.056868

20 25 0.0581696

21 25 0.0592416

22 25 0.0600798

23 25 0.0606808

24 25 0.0610424

25 25 0.0611631

26 25 0.0610424

27 25 0.0606808

28 25 0.0600798

29 25 0.0592416

30 25 0.0581696

31 25 0.056868

32 25 0.0553421

33 25 0.0535977

34 25 0.0516417

35 25 0.049482

36 25 0.047127

37 25 0.044586

38 25 0.041869

39 25 0.0389869

40 25 0.0359508

41 25 0.0327728

42 25 0.0294656

43 25 0.026042

44 25 0.0225157

45 25 0.0189004

46 25 0.0152107

47 25 0.0114608

48 25 0.00766577

49 25 0.00384047

50 25 0

0 26 0

1 26 0.00383289

2 26 0.00765065

3 26 0.0114382

4 26 0.0151806

5 26 0.0188632

6 26 0.0224712

7 26 0.0259906

8 26 0.0294074

9 26 0.0327082

10 26 0.0358799

11 26 0.0389099

12 26 0.0417864

13 26 0.044498

14 26 0.047034

15 26 0.0493844

16 26 0.0515398

17 26 0.0534919

18 26 0.0552329

19 26 0.0567558

20 26 0.0580548

21 26 0.0591247

22 26 0.0599612

23 26 0.0605611

24 26 0.060922

25 26 0.0610424

26 26 0.060922

27 26 0.0605611

28 26 0.0599612

29 26 0.0591247

30 26 0.0580548

31 26 0.0567558

32 26 0.0552329

33 26 0.0534919

34 26 0.0515398

35 26 0.0493844

36 26 0.047034

37 26 0.044498

38 26 0.0417864

39 26 0.0389099

40 26 0.0358799

41 26 0.0327082

42 26 0.0294074

43 26 0.0259906

44 26 0.0224712

45 26 0.0188632

46 26 0.0151806

47 26 0.0114382

48 26 0.00765065

49 26 0.00383289

50 26 0

0 27 0

1 27 0.00381018

2 27 0.00760533

3 27 0.0113705

4 27 0.0150907

5 27 0.0187514

6 27 0.0223381

7 27 0.0258366

8 27 0.0292332

9 27 0.0325144

10 27 0.0356673

11 27 0.0386794

12 27 0.0415389

13 27 0.0442344

14 27 0.0467554

15 27 0.0490918

16 27 0.0512345

17 27 0.053175

18 27 0.0549057

19 27 0.0564196

20 27 0.0577109

21 27 0.0587744

22 27 0.059606

23 27 0.0602024

24 27 0.0605611

25 27 0.0606808

26 27 0.0605611

27 27 0.0602024

28 27 0.059606

29 27 0.0587744

30 27 0.0577109

31 27 0.0564196

32 27 0.0549057

33 27 0.053175

34 27 0.0512345

35 27 0.0490918

36 27 0.0467554

37 27 0.0442344

38 27 0.0415389

39 27 0.0386794

40 27 0.0356673

41 27 0.0325144

42 27 0.0292332

43 27 0.0258366

44 27 0.0223381

45 27 0.0187514

46 27 0.0150907

47 27 0.0113705

48 27 0.00760533

49 27 0.00381018

50 27 0

0 28 0

1 28 0.00377244

2 28 0.00752999

3 28 0.0112578

4 28 0.0149412

5 28 0.0185657

6 28 0.0221168

7 28 0.0255807

8 28 0.0289437

9 28 0.0321924

10 28 0.035314

11 28 0.0382963

12 28 0.0411274

13 28 0.0437963

14 28 0.0462923

15 28 0.0486056

16 28 0.050727

17 28 0.0526483

18 28 0.0543618

19 28 0.0558608

20 28 0.0571393

21 28 0.0581923

22 28 0.0590156

23 28 0.059606

24 28 0.0599612

25 28 0.0600798

26 28 0.0599612

27 28 0.059606

28 28 0.0590156

29 28 0.0581923

30 28 0.0571393

31 28 0.0558608

32 28 0.0543618

33 28 0.0526483

34 28 0.050727

35 28 0.0486056

36 28 0.0462923

37 28 0.0437963

38 28 0.0411274

39 28 0.0382963

40 28 0.035314

41 28 0.0321924

42 28 0.0289437

43 28 0.0255807

44 28 0.0221168

45 28 0.0185657

46 28 0.0149412

47 28 0.0112578

48 28 0.00752999

49 28 0.00377244

50 28 0

0 29 0

1 29 0.00371981

2 29 0.00742494

3 29 0.0111008

4 29 0.0147328

5 29 0.0183067

6 29 0.0218083

7 29 0.0252238

8 29 0.0285399

9 29 0.0317432

10 29 0.0348213

11 29 0.037762

12 29 0.0405537

13 29 0.0431853

14 29 0.0456464

15 29 0.0479275

16 29 0.0500193

17 29 0.0519138

18 29 0.0536034

19 29 0.0550814

20 29 0.0563421

21 29 0.0573804

22 29 0.0581923

23 29 0.0587744

24 29 0.0591247

25 29 0.0592416

26 29 0.0591247

27 29 0.0587744

28 29 0.0581923

29 29 0.0573804

30 29 0.0563421

31 29 0.0550814

32 29 0.0536034

33 29 0.0519138

34 29 0.0500193

35 29 0.0479275

36 29 0.0456464

37 29 0.0431853

38 29 0.0405537

39 29 0.037762

40 29 0.0348213

41 29 0.0317432

42 29 0.0285399

43 29 0.0252238

44 29 0.0218083

45 29 0.0183067

46 29 0.0147328

47 29 0.0111008

48 29 0.00742494

49 29 0.00371981

50 29 0

0 30 0

1 30 0.0036525

2 30 0.00729058

3 30 0.0108999

4 30 0.0144662

5 30 0.0179754

6 30 0.0214137

7 30 0.0247674

8 30 0.0280234

9 30 0.0311688

10 30 0.0341912

11 30 0.0370787

12 30 0.0398198

13 30 0.0424038

14 30 0.0448204

15 30 0.0470602

16 30 0.0491142

17 30 0.0509744

18 30 0.0526334

19 30 0.0540847

20 30 0.0553226

21 30 0.0563421

22 30 0.0571393

23 30 0.0577109

24 30 0.0580548

25 30 0.0581696

26 30 0.0580548

27 30 0.0577109

28 30 0.0571393

29 30 0.0563421

30 30 0.0553226

31 30 0.0540847

32 30 0.0526334

33 30 0.0509744

34 30 0.0491142

35 30 0.0470602

36 30 0.0448204

37 30 0.0424038

38 30 0.0398198

39 30 0.0370787

40 30 0.0341912

41 30 0.0311688

42 30 0.0280234

43 30 0.0247674

44 30 0.0214137

45 30 0.0179754

46 30 0.0144662

47 30 0.0108999

48 30 0.00729058

49 30 0.0036525

50 30 0

0 31 0

1 31 0.00357077

2 31 0.00712746

3 31 0.010656

4 31 0.0141425

5 31 0.0175732

6 31 0.0209345

7 31 0.0242132

8 31 0.0273964

9 31 0.0304714

10 31 0.0334262

11 31 0.0362491

12 31 0.0389289

13 31 0.041455

14 31 0.0438176

15 31 0.0460072

16 31 0.0480153

17 31 0.0498339

18 31 0.0514557

19 31 0.0528746

20 31 0.0540847

21 31 0.0550814

22 31 0.0558608

23 31 0.0564196

24 31 0.0567558

25 31 0.056868

26 31 0.0567558

27 31 0.0564196

28 31 0.0558608

29 31 0.0550814

30 31 0.0540847

31 31 0.0528746

32 31 0.0514557

33 31 0.0498339

34 31 0.0480153

35 31 0.0460072

36 31 0.0438176

37 31 0.041455

38 31 0.0389289

39 31 0.0362491

40 31 0.0334262

41 31 0.0304714

42 31 0.0273964

43 31 0.0242132

44 31 0.0209345

45 31 0.0175732

46 31 0.0141425

47 31 0.010656

48 31 0.00712746

49 31 0.00357077

50 31 0

0 32 0

1 32 0.00347496

2 32 0.0069362

3 32 0.0103701

4 32 0.013763

5 32 0.0171016

6 32 0.0203728

7 32 0.0235635

8 32 0.0266612

9 32 0.0296538

10 32 0.0325292

11 32 0.0352764

12 32 0.0378842

13 32 0.0403426

14 32 0.0426418

15 32 0.0447727

16 32 0.0467268

17 32 0.0484966

18 32 0.050075

19 32 0.0514557

20 32 0.0526334

21 32 0.0536034

22 32 0.0543618

23 32 0.0549057

24 32 0.0552329

25 32 0.0553421

26 32 0.0552329

27 32 0.0549057

28 32 0.0543618

29 32 0.0536034

30 32 0.0526334

31 32 0.0514557

32 32 0.050075

33 32 0.0484966

34 32 0.0467268

35 32 0.0447727

36 32 0.0426418

37 32 0.0403426

38 32 0.0378842

39 32 0.0352764

40 32 0.0325292

41 32 0.0296538

42 32 0.0266612

43 32 0.0235635

44 32 0.0203728

45 32 0.0171016

46 32 0.013763

47 32 0.0103701

48 32 0.0069362

49 32 0.00347496

50 32 0

0 33 0

1 33 0.00336543

2 33 0.00671757

3 33 0.0100432

4 33 0.0133292

5 33 0.0165626

6 33 0.0197306

7 33 0.0228208

8 33 0.0258209

9 33 0.0287191

10 33 0.0315039

11 33 0.0341644

12 33 0.0366901

13 33 0.039071

14 33 0.0412977

15 33 0.0433614

16 33 0.045254

17 33 0.046968

18 33 0.0484966

19 33 0.0498339

20 33 0.0509744

21 33 0.0519138

22 33 0.0526483

23 33 0.053175

24 33 0.0534919

25 33 0.0535977

26 33 0.0534919

27 33 0.053175

28 33 0.0526483

29 33 0.0519138

30 33 0.0509744

31 33 0.0498339

32 33 0.0484966

33 33 0.046968

34 33 0.045254

35 33 0.0433614

36 33 0.0412977

37 33 0.039071

38 33 0.0366901

39 33 0.0341644

40 33 0.0315039

41 33 0.0287191

42 33 0.0258209

43 33 0.0228208

44 33 0.0197306

45 33 0.0165626

46 33 0.0133292

47 33 0.0100432

48 33 0.00671757

49 33 0.00336543

50 33 0

0 34 0

1 34 0.00324261

2 34 0.00647243

3 34 0.0096767

4 34 0.0128428

5 34 0.0159582

6 34 0.0190106

7 34 0.021988

8 34 0.0248786

9 34 0.027671

10 34 0.0303543

11 34 0.0329177

12 34 0.0353512

13 34 0.0376452

14 34 0.0397906

15 34 0.0417791

16 34 0.0436026

17 34 0.045254

18 34 0.0467268

19 34 0.0480153

20 34 0.0491142

21 34 0.0500193

22 34 0.050727

23 34 0.0512345

24 34 0.0515398

25 34 0.0516417

26 34 0.0515398

27 34 0.0512345

28 34 0.050727

29 34 0.0500193

30 34 0.0491142

31 34 0.0480153

32 34 0.0467268

33 34 0.045254

34 34 0.0436026

35 34 0.0417791

36 34 0.0397906

37 34 0.0376452

38 34 0.0353512

39 34 0.0329177

40 34 0.0303543

41 34 0.027671

42 34 0.0248786

43 34 0.021988

44 34 0.0190106

45 34 0.0159582

46 34 0.0128428

47 34 0.0096767

48 34 0.00647243

49 34 0.00324261

50 34 0

0 35 0

1 35 0.003107

2 35 0.00620174

3 35 0.00927201

4 35 0.0123057

5 35 0.0152908

6 35 0.0182155

7 35 0.0210684

8 35 0.0238381

9 35 0.0265138

10 35 0.0290848

11 35 0.031541

12 35 0.0338728

13 35 0.0360708

14 35 0.0381266

15 35 0.0400318

16 35 0.0417791

17 35 0.0433614

18 35 0.0447727

19 35 0.0460072

20 35 0.0470602

21 35 0.0479275

22 35 0.0486056

23 35 0.0490918

24 35 0.0493844

25 35 0.049482

26 35 0.0493844

27 35 0.0490918

28 35 0.0486056

29 35 0.0479275

30 35 0.0470602

31 35 0.0460072

32 35 0.0447727

33 35 0.0433614

34 35 0.0417791

35 35 0.0400318

36 35 0.0381266

37 35 0.0360708

38 35 0.0338728

39 35 0.031541

40 35 0.0290848

41 35 0.0265138

42 35 0.0238381

43 35 0.0210684

44 35 0.0182155

45 35 0.0152908

46 35 0.0123057

47 35 0.00927201

48 35 0.00620174

49 35 0.003107

50 35 0

0 36 0

1 36 0.00295913

2 36 0.00590658

3 36 0.00883072

4 36 0.01172

5 36 0.014563

6 36 0.0173486

7 36 0.0200657

8 36 0.0227036

9 36 0.0252519

10 36 0.0277006

11 36 0.0300399

12 36 0.0322607

13 36 0.0343541

14 36 0.036312

15 36 0.0381266

16 36 0.0397906

17 36 0.0412977

18 36 0.0426418

19 36 0.0438176

20 36 0.0448204

21 36 0.0456464

22 36 0.0462923

23 36 0.0467554

24 36 0.047034

25 36 0.047127

26 36 0.047034

27 36 0.0467554

28 36 0.0462923

29 36 0.0456464

30 36 0.0448204

31 36 0.0438176

32 36 0.0426418

33 36 0.0412977

34 36 0.0397906

35 36 0.0381266

36 36 0.036312

37 36 0.0343541

38 36 0.0322607

39 36 0.0300399

40 36 0.0277006

41 36 0.0252519

42 36 0.0227036

43 36 0.0200657

44 36 0.0173486

45 36 0.014563

46 36 0.01172

47 36 0.00883072

48 36 0.00590658

49 36 0.00295913

50 36 0

0 37 0

1 37 0.00279958

2 37 0.00558811

3 37 0.00835459

4 37 0.0110881

5 37 0.0137778

6 37 0.0164132

7 37 0.0189838

8 37 0.0214795

9 37 0.0238904

10 37 0.026207

11 37 0.0284202

12 37 0.0305212

13 37 0.0325018

14 37 0.0343541

15 37 0.0360708

16 37 0.0376452

17 37 0.039071

18 37 0.0403426

19 37 0.041455

20 37 0.0424038

21 37 0.0431853

22 37 0.0437963

23 37 0.0442344

24 37 0.044498

25 37 0.044586

26 37 0.044498

27 37 0.0442344

28 37 0.0437963

29 37 0.0431853

30 37 0.0424038

31 37 0.041455

32 37 0.0403426

33 37 0.039071

34 37 0.0376452

35 37 0.0360708

36 37 0.0343541

37 37 0.0325018

38 37 0.0305212

39 37 0.0284202

40 37 0.026207

41 37 0.0238904

42 37 0.0214795

43 37 0.0189838

44 37 0.0164132

45 37 0.0137778

46 37 0.0110881

47 37 0.00835459

48 37 0.00558811

49 37 0.00279958

50 37 0

0 38 0

1 38 0.00262898

2 38 0.00524758

3 38 0.00784548

4 38 0.0104124

5 38 0.0129382

6 38 0.015413

7 38 0.017827

8 38 0.0201706

9 38 0.0224346

10 38 0.02461

11 38 0.0266883

12 38 0.0286613

13 38 0.0305212

14 38 0.0322607

15 38 0.0338728

16 38 0.0353512

17 38 0.0366901

18 38 0.0378842

19 38 0.0389289

20 38 0.0398198

21 38 0.0405537

22 38 0.0411274

23 38 0.0415389

24 38 0.0417864

25 38 0.041869

26 38 0.0417864

27 38 0.0415389

28 38 0.0411274

29 38 0.0405537

30 38 0.0398198

31 38 0.0389289

32 38 0.0378842

33 38 0.0366901

34 38 0.0353512

35 38 0.0338728

36 38 0.0322607

37 38 0.0305212

38 38 0.0286613

39 38 0.0266883

40 38 0.02461

41 38 0.0224346

42 38 0.0201706

43 38 0.017827

44 38 0.015413

45 38 0.0129382

46 38 0.0104124

47 38 0.00784548

48 38 0.00524758

49 38 0.00262898

50 38 0

0 39 0

1 39 0.002448

2 39 0.00488635

3 39 0.00730541

4 39 0.00969564

5 39 0.0120476

6 39 0.014352

7 39 0.0165998

8 39 0.0187821

9 39 0.0208902

10 39 0.0229159

11 39 0.0248512

12 39 0.0266883

13 39 0.0284202

14 39 0.0300399

15 39 0.031541

16 39 0.0329177

17 39 0.0341644

18 39 0.0352764

19 39 0.0362491

20 39 0.0370787

21 39 0.037762

22 39 0.0382963

23 39 0.0386794

24 39 0.0389099

25 39 0.0389869

26 39 0.0389099

27 39 0.0386794

28 39 0.0382963

29 39 0.037762

30 39 0.0370787

31 39 0.0362491

32 39 0.0352764

33 39 0.0341644

34 39 0.0329177

35 39 0.031541

36 39 0.0300399

37 39 0.0284202

38 39 0.0266883

39 39 0.0248512

40 39 0.0229159

41 39 0.0208902

42 39 0.0187821

43 39 0.0165998

44 39 0.014352

45 39 0.0120476

46 39 0.00969564

47 39 0.00730541

48 39 0.00488635

49 39 0.002448

50 39 0

0 40 0

1 40 0.00225737

2 40 0.00450583

3 40 0.00673651

4 40 0.0089406

5 40 0.0111094

6 40 0.0132344

7 40 0.0153071

8 40 0.0173194

9 40 0.0192634

10 40 0.0211313

11 40 0.0229159

12 40 0.02461

13 40 0.026207

14 40 0.0277006

15 40 0.0290848

16 40 0.0303543

17 40 0.0315039

18 40 0.0325292

19 40 0.0334262

20 40 0.0341912

21 40 0.0348213

22 40 0.035314

23 40 0.0356673

24 40 0.0358799

25 40 0.0359508

26 40 0.0358799

27 40 0.0356673

28 40 0.035314

29 40 0.0348213

30 40 0.0341912

31 40 0.0334262

32 40 0.0325292

33 40 0.0315039

34 40 0.0303543

35 40 0.0290848

36 40 0.0277006

37 40 0.026207

38 40 0.02461

39 40 0.0229159

40 40 0.0211313

41 40 0.0192634

42 40 0.0173194

43 40 0.0153071

44 40 0.0132344

45 40 0.0111094

46 40 0.0089406

47 40 0.00673651

48 40 0.00450583

49 40 0.00225737

50 40 0

0 41 0

1 41 0.00205782

2 41 0.00410753

3 41 0.00614102

4 41 0.00815028

5 41 0.0101274

6 41 0.0120645

7 41 0.013954

8 41 0.0157884

9 41 0.0175606

10 41 0.0192634

11 41 0.0208902

12 41 0.0224346

13 41 0.0238904

14 41 0.0252519

15 41 0.0265138

16 41 0.027671

17 41 0.0287191

18 41 0.0296538

19 41 0.0304714

20 41 0.0311688

21 41 0.0317432

22 41 0.0321924

23 41 0.0325144

24 41 0.0327082

25 41 0.0327728

26 41 0.0327082

27 41 0.0325144

28 41 0.0321924

29 41 0.0317432

30 41 0.0311688

31 41 0.0304714

32 41 0.0296538

33 41 0.0287191

34 41 0.027671

35 41 0.0265138

36 41 0.0252519

37 41 0.0238904

38 41 0.0224346

39 41 0.0208902

40 41 0.0192634

41 41 0.0175606

42 41 0.0157884

43 41 0.013954

44 41 0.0120645

45 41 0.0101274

46 41 0.00815028

47 41 0.00614102

48 41 0.00410753

49 41 0.00205782

50 41 0

0 42 0

1 42 0.00185016

2 42 0.00369301

3 42 0.0055213

4 42 0.00732779

5 42 0.00910536

6 42 0.010847

7 42 0.0125458

8 42 0.0141951

9 42 0.0157884

10 42 0.0173194

11 42 0.0187821

12 42 0.0201706

13 42 0.0214795

14 42 0.0227036

15 42 0.0238381

16 42 0.0248786

17 42 0.0258209

18 42 0.0266612

19 42 0.0273964

20 42 0.0280234

21 42 0.0285399

22 42 0.0289437

23 42 0.0292332

24 42 0.0294074

25 42 0.0294656

26 42 0.0294074

27 42 0.0292332

28 42 0.0289437

29 42 0.0285399

30 42 0.0280234

31 42 0.0273964

32 42 0.0266612

33 42 0.0258209

34 42 0.0248786

35 42 0.0238381

36 42 0.0227036

37 42 0.0214795

38 42 0.0201706

39 42 0.0187821

40 42 0.0173194

41 42 0.0157884

42 42 0.0141951

43 42 0.0125458

44 42 0.010847

45 42 0.00910536

46 42 0.00732779

47 42 0.0055213

48 42 0.00369301

49 42 0.00185016

50 42 0

0 43 0

1 43 0.00163519

2 43 0.00326393

3 43 0.00487978

4 43 0.00647638

5 43 0.00804742

6 43 0.0095867

7 43 0.0110881

8 43 0.0125458

9 43 0.013954

10 43 0.0153071

11 43 0.0165998

12 43 0.017827

13 43 0.0189838

14 43 0.0200657

15 43 0.0210684

16 43 0.021988

17 43 0.0228208

18 43 0.0235635

19 43 0.0242132

20 43 0.0247674

21 43 0.0252238

22 43 0.0255807

23 43 0.0258366

24 43 0.0259906

25 43 0.026042

26 43 0.0259906

27 43 0.0258366

28 43 0.0255807

29 43 0.0252238

30 43 0.0247674

31 43 0.0242132

32 43 0.0235635

33 43 0.0228208

34 43 0.021988

35 43 0.0210684

36 43 0.0200657

37 43 0.0189838

38 43 0.017827

39 43 0.0165998

40 43 0.0153071

41 43 0.013954

42 43 0.0125458

43 43 0.0110881

44 43 0.0095867

45 43 0.00804742

46 43 0.00647638

47 43 0.00487978

48 43 0.00326393

49 43 0.00163519

50 43 0

0 44 0

1 44 0.00141377

2 44 0.00282196

3 44 0.00421901

4 44 0.00559942

5 44 0.00695772

6 44 0.00828856

7 44 0.0095867

8 44 0.010847

9 44 0.0120645

10 44 0.0132344

11 44 0.014352

12 44 0.015413

13 44 0.0164132

14 44 0.0173486

15 44 0.0182155

16 44 0.0190106

17 44 0.0197306

18 44 0.0203728

19 44 0.0209345

20 44 0.0214137

21 44 0.0218083

22 44 0.0221168

23 44 0.0223381

24 44 0.0224712

25 44 0.0225157

26 44 0.0224712

27 44 0.0223381

28 44 0.0221168

29 44 0.0218083

30 44 0.0214137

31 44 0.0209345

32 44 0.0203728

33 44 0.0197306

34 44 0.0190106

35 44 0.0182155

36 44 0.0173486

37 44 0.0164132

38 44 0.015413

39 44 0.014352

40 44 0.0132344

41 44 0.0120645

42 44 0.010847

43 44 0.0095867

44 44 0.00828856

45 44 0.00695772

46 44 0.00559942

47 44 0.00421901

48 44 0.00282196

49 44 0.00141377

50 44 0

0 45 0

1 45 0.00118677

2 45 0.00236885

3 45 0.00354159

4 45 0.00470035

5 45 0.00584056

6 45 0.00695772

7 45 0.00804742

8 45 0.00910536

9 45 0.0101274

10 45 0.0111094

11 45 0.0120476

12 45 0.0129382

13 45 0.0137778

14 45 0.014563

15 45 0.0152908

16 45 0.0159582

17 45 0.0165626

18 45 0.0171016

19 45 0.0175732

20 45 0.0179754

21 45 0.0183067

22 45 0.0185657

23 45 0.0187514

24 45 0.0188632

25 45 0.0189004

26 45 0.0188632

27 45 0.0187514

28 45 0.0185657

29 45 0.0183067

30 45 0.0179754

31 45 0.0175732

32 45 0.0171016

33 45 0.0165626

34 45 0.0159582

35 45 0.0152908

36 45 0.014563

37 45 0.0137778

38 45 0.0129382

39 45 0.0120476

40 45 0.0111094

41 45 0.0101274

42 45 0.00910536

43 45 0.00804742

44 45 0.00695772

45 45 0.00584056

46 45 0.00470035

47 45 0.00354159

48 45 0.00236885

49 45 0.00118677

50 45 0

0 46 0

1 46 0.000955085

2 46 0.0019064

3 46 0.00285019

4 46 0.00378274

5 46 0.00470035

6 46 0.00559942

7 46 0.00647638

8 46 0.00732779

9 46 0.00815028

10 46 0.0089406

11 46 0.00969564

12 46 0.0104124

13 46 0.0110881

14 46 0.01172

15 46 0.0123057

16 46 0.0128428

17 46 0.0133292

18 46 0.013763

19 46 0.0141425

20 46 0.0144662

21 46 0.0147328

22 46 0.0149412

23 46 0.0150907

24 46 0.0151806

25 46 0.0152107

26 46 0.0151806

27 46 0.0150907

28 46 0.0149412

29 46 0.0147328

30 46 0.0144662

31 46 0.0141425

32 46 0.013763

33 46 0.0133292

34 46 0.0128428

35 46 0.0123057

36 46 0.01172

37 46 0.0110881

38 46 0.0104124

39 46 0.00969564

40 46 0.0089406

41 46 0.00815028

42 46 0.00732779

43 46 0.00647638

44 46 0.00559942

45 46 0.00470035

46 46 0.00378274

47 46 0.00285019

48 46 0.0019064

49 46 0.000955085

50 46 0

0 47 0

1 47 0.000719631

2 47 0.00143642

3 47 0.00214755

4 47 0.00285019

5 47 0.00354159

6 47 0.00421901

7 47 0.00487978

8 47 0.0055213

9 47 0.00614102

10 47 0.00673651

11 47 0.00730541

12 47 0.00784548

13 47 0.00835459

14 47 0.00883072

15 47 0.00927201

16 47 0.0096767

17 47 0.0100432

18 47 0.0103701

19 47 0.010656

20 47 0.0108999

21 47 0.0111008

22 47 0.0112578

23 47 0.0113705

24 47 0.0114382

25 47 0.0114608

26 47 0.0114382

27 47 0.0113705

28 47 0.0112578

29 47 0.0111008

30 47 0.0108999

31 47 0.010656

32 47 0.0103701

33 47 0.0100432

34 47 0.0096767

35 47 0.00927201

36 47 0.00883072

37 47 0.00835459

38 47 0.00784548

39 47 0.00730541

40 47 0.00673651

41 47 0.00614102

42 47 0.0055213

43 47 0.00487978

44 47 0.00421901

45 47 0.00354159

46 47 0.00285019

47 47 0.00214755

48 47 0.00143642

49 47 0.000719631

50 47 0

0 48 0

1 48 0.000481338

2 48 0.000960776

3 48 0.00143642

4 48 0.0019064

5 48 0.00236885

6 48 0.00282196

7 48 0.00326393

8 48 0.00369301

9 48 0.00410753

10 48 0.00450583

11 48 0.00488635

12 48 0.00524758

13 48 0.00558811

14 48 0.00590658

15 48 0.00620174

16 48 0.00647243

17 48 0.00671757

18 48 0.0069362

19 48 0.00712746

20 48 0.00729058

21 48 0.00742494

22 48 0.00752999

23 48 0.00760533

24 48 0.00765065

25 48 0.00766577

26 48 0.00765065

27 48 0.00760533

28 48 0.00752999

29 48 0.00742494

30 48 0.00729058

31 48 0.00712746

32 48 0.0069362

33 48 0.00671757

34 48 0.00647243

35 48 0.00620174

36 48 0.00590658

37 48 0.00558811

38 48 0.00524758

39 48 0.00488635

40 48 0.00450583

41 48 0.00410753

