0 1 0

1 1 0.000335934

2 1 0.000670542

3 1 0.0010025

4 1 0.00133051

5 1 0.00165326

6 1 0.00196949

7 1 0.00227795

8 1 0.00257742

9 1 0.00286671

10 1 0.00314469

11 1 0.00341026

12 1 0.00366238

13 1 0.00390003

14 1 0.0041223

15 1 0.0043283

16 1 0.00451722

17 1 0.0046883

18 1 0.00484089

19 1 0.00497437

20 1 0.00508822

21 1 0.00518199

22 1 0.00525531

23 1 0.00530789

24 1 0.00533951

25 1 0.00535007

26 1 0.00533951

27 1 0.00530789

28 1 0.00525531

29 1 0.00518199

30 1 0.00508822

31 1 0.00497437

32 1 0.00484089

33 1 0.0046883

34 1 0.00451722

35 1 0.0043283

36 1 0.0041223

37 1 0.00390003

38 1 0.00366238

39 1 0.00341026

40 1 0.00314469

41 1 0.00286671

42 1 0.00257742

43 1 0.00227795

44 1 0.00196949

45 1 0.00165326

46 1 0.00133051

47 1 0.0010025

48 1 0.000670542

49 1 0.000335934

50 1 0

0 2 0

1 2 0.000670542

2 2 0.00133844

3 2 0.00200105

4 2 0.00265577

5 2 0.0033

6 2 0.00393121

7 2 0.00454691

8 2 0.00514466

9 2 0.00572211

10 2 0.00627698

11 2 0.00680707

12 2 0.0073103

13 2 0.00778468

14 2 0.00822833

15 2 0.00863952

16 2 0.0090166

17 2 0.00935811

18 2 0.00966268

19 2 0.00992911

20 2 0.0101564

21 2 0.0103435

22 2 0.0104899

23 2 0.0105948

24 2 0.010658

25 2 0.010679

26 2 0.010658

27 2 0.0105948

28 2 0.0104899

29 2 0.0103435

30 2 0.0101564

31 2 0.00992911

32 2 0.00966268

33 2 0.00935811

34 2 0.0090166

35 2 0.00863952

36 2 0.00822833

37 2 0.00778468

38 2 0.0073103

39 2 0.00680707

40 2 0.00627698

41 2 0.00572211

42 2 0.00514466

43 2 0.00454691

44 2 0.00393121

45 2 0.0033

46 2 0.00265577

47 2 0.00200105

48 2 0.00133844

49 2 0.000670542

50 2 0

0 3 0

1 3 0.0010025

2 3 0.00200105

3 3 0.0029917

4 3 0.00397054

5 3 0.00493372

6 3 0.00587742

7 3 0.00679793

8 3 0.0076916

9 3 0.00855493

10 3 0.00938449

11 3 0.010177

12 3 0.0109294

13 3 0.0116386

14 3 0.0123019

15 3 0.0129166

16 3 0.0134804

17 3 0.013991

18 3 0.0144463

19 3 0.0148447

20 3 0.0151844

21 3 0.0154642

22 3 0.015683

23 3 0.0158399

24 3 0.0159343

25 3 0.0159658

26 3 0.0159343

27 3 0.0158399

28 3 0.015683

29 3 0.0154642

30 3 0.0151844

31 3 0.0148447

32 3 0.0144463

33 3 0.013991

34 3 0.0134804

35 3 0.0129166

36 3 0.0123019

37 3 0.0116386

38 3 0.0109294

39 3 0.010177

40 3 0.00938449

41 3 0.00855493

42 3 0.0076916

43 3 0.00679793

44 3 0.00587742

45 3 0.00493372

46 3 0.00397054

47 3 0.0029917

48 3 0.00200105

49 3 0.0010025

50 3 0

0 4 0

1 4 0.00133051

2 4 0.00265577

3 4 0.00397054

4 4 0.00526965

5 4 0.00654796

6 4 0.00780043

7 4 0.00902211

8 4 0.0102082

9 4 0.011354

10 4 0.012455

11 4 0.0135068

12 4 0.0145053

13 4 0.0154466

14 4 0.0163269

15 4 0.0171428

16 4 0.017891

17 4 0.0185686

18 4 0.019173

19 4 0.0197016

20 4 0.0201526

21 4 0.0205239

22 4 0.0208143

23 4 0.0210226

24 4 0.0211478

25 4 0.0211896

26 4 0.0211478

27 4 0.0210226

28 4 0.0208143

29 4 0.0205239

30 4 0.0201526

31 4 0.0197016

32 4 0.019173

33 4 0.0185686

34 4 0.017891

35 4 0.0171428

36 4 0.0163269

37 4 0.0154466

38 4 0.0145053

39 4 0.0135068

40 4 0.012455

41 4 0.011354

42 4 0.0102082

43 4 0.00902211

44 4 0.00780043

45 4 0.00654796

46 4 0.00526965

47 4 0.00397054

48 4 0.00265577

49 4 0.00133051

50 4 0

0 5 0

1 5 0.00165326

2 5 0.0033

3 5 0.00493372

4 5 0.00654796

5 5 0.00813636

6 5 0.00969265

7 5 0.0112107

8 5 0.0126845

9 5 0.0141082

10 5 0.0154763

11 5 0.0167833

12 5 0.018024

13 5 0.0191936

14 5 0.0202875

15 5 0.0213013

16 5 0.022231

17 5 0.023073

18 5 0.0238239

19 5 0.0244808

20 5 0.0250411

21 5 0.0255026

22 5 0.0258634

23 5 0.0261222

24 5 0.0262779

25 5 0.0263298

26 5 0.0262779

27 5 0.0261222

28 5 0.0258634

29 5 0.0255026

30 5 0.0250411

31 5 0.0244808

32 5 0.0238239

33 5 0.023073

34 5 0.022231

35 5 0.0213013

36 5 0.0202875

37 5 0.0191936

38 5 0.018024

39 5 0.0167833

40 5 0.0154763

41 5 0.0141082

42 5 0.0126845

43 5 0.0112107

44 5 0.00969265

45 5 0.00813636

46 5 0.00654796

47 5 0.00493372

48 5 0.0033

49 5 0.00165326

50 5 0

0 6 0

1 6 0.00196949

2 6 0.00393121

3 6 0.00587742

4 6 0.00780043

5 6 0.00969265

6 6 0.0115466

7 6 0.013355

8 6 0.0151107

9 6 0.0168068

10 6 0.0184365

11 6 0.0199935

12 6 0.0214716

13 6 0.0228649

14 6 0.024168

15 6 0.0253757

16 6 0.0264833

17 6 0.0274863

18 6 0.0283809

19 6 0.0291635

20 6 0.0298309

21 6 0.0303807

22 6 0.0308105

23 6 0.0311188

24 6 0.0313042

25 6 0.0313661

26 6 0.0313042

27 6 0.0311188

28 6 0.0308105

29 6 0.0303807

30 6 0.0298309

31 6 0.0291635

32 6 0.0283809

33 6 0.0274863

34 6 0.0264833

35 6 0.0253757

36 6 0.024168

37 6 0.0228649

38 6 0.0214716

39 6 0.0199935

40 6 0.0184365

41 6 0.0168068

42 6 0.0151107

43 6 0.013355

44 6 0.0115466

45 6 0.00969265

46 6 0.00780043

47 6 0.00587742

48 6 0.00393121

49 6 0.00196949

50 6 0

0 7 0

1 7 0.00227795

2 7 0.00454691

3 7 0.00679793

4 7 0.00902211

5 7 0.0112107

6 7 0.013355

7 7 0.0154467

8 7 0.0174773

9 7 0.019439

10 7 0.021324

11 7 0.0231248

12 7 0.0248344

13 7 0.0264459

14 7 0.0279531

15 7 0.02935

16 7 0.030631

17 7 0.0317911

18 7 0.0328258

19 7 0.033731

20 7 0.034503

21 7 0.0351388

22 7 0.035636

23 7 0.0359925

24 7 0.036207

25 7 0.0362786

26 7 0.036207

27 7 0.0359925

28 7 0.035636

29 7 0.0351388

30 7 0.034503

31 7 0.033731

32 7 0.0328258

33 7 0.0317911

34 7 0.030631

35 7 0.02935

36 7 0.0279531

37 7 0.0264459

38 7 0.0248344

39 7 0.0231248

40 7 0.021324

41 7 0.019439

42 7 0.0174773

43 7 0.0154467

44 7 0.013355

45 7 0.0112107

46 7 0.00902211

47 7 0.00679793

48 7 0.00454691

49 7 0.00227795

50 7 0

0 8 0

1 8 0.00257742

2 8 0.00514466

3 8 0.0076916

4 8 0.0102082

5 8 0.0126845

6 8 0.0151107

7 8 0.0174773

8 8 0.019775

9 8 0.0219945

10 8 0.0241273

11 8 0.0261649

12 8 0.0280992

13 8 0.0299226

14 8 0.0316279

15 8 0.0332084

16 8 0.0346579

17 8 0.0359705

18 8 0.0371412

19 8 0.0381653

20 8 0.0390388

21 8 0.0397583

22 8 0.0403208

23 8 0.0407242

24 8 0.0409669

25 8 0.0410479

26 8 0.0409669

27 8 0.0407242

28 8 0.0403208

29 8 0.0397583

30 8 0.0390388

31 8 0.0381653

32 8 0.0371412

33 8 0.0359705

34 8 0.0346579

35 8 0.0332084

36 8 0.0316279

37 8 0.0299226

38 8 0.0280992

39 8 0.0261649

40 8 0.0241273

41 8 0.0219945

42 8 0.019775

43 8 0.0174773

44 8 0.0151107

45 8 0.0126845

46 8 0.0102082

47 8 0.0076916

48 8 0.00514466

49 8 0.00257742

50 8 0

0 9 0

1 9 0.00286671

2 9 0.00572211

3 9 0.00855493

4 9 0.011354

5 9 0.0141082

6 9 0.0168068

7 9 0.019439

8 9 0.0219945

9 9 0.0244633

10 9 0.0268354

11 9 0.0291017

12 9 0.0312531

13 9 0.0332812

14 9 0.0351779

15 9 0.0369358

16 9 0.0385479

17 9 0.0400079

18 9 0.04131

19 9 0.0424491

20 9 0.0434206

21 9 0.0442208

22 9 0.0448465

23 9 0.0452952

24 9 0.0455651

25 9 0.0456552

26 9 0.0455651

27 9 0.0452952

28 9 0.0448465

29 9 0.0442208

30 9 0.0434206

31 9 0.0424491

32 9 0.04131

33 9 0.0400079

34 9 0.0385479

35 9 0.0369358

36 9 0.0351779

37 9 0.0332812

38 9 0.0312531

39 9 0.0291017

40 9 0.0268354

41 9 0.0244633

42 9 0.0219945

43 9 0.019439

44 9 0.0168068

45 9 0.0141082

46 9 0.011354

47 9 0.00855493

48 9 0.00572211

49 9 0.00286671

50 9 0

0 10 0

1 10 0.00314469

2 10 0.00627698

3 10 0.00938449

4 10 0.012455

5 10 0.0154763

6 10 0.0184365

7 10 0.021324

8 10 0.0241273

9 10 0.0268354

10 10 0.0294376

11 10 0.0319237

12 10 0.0342837

13 10 0.0365084

14 10 0.0385891

15 10 0.0405174

16 10 0.0422859

17 10 0.0438875

18 10 0.0453158

19 10 0.0465653

20 10 0.0476311

21 10 0.0485089

22 10 0.0491952

23 10 0.0496874

24 10 0.0499835

25 10 0.0500823

26 10 0.0499835

27 10 0.0496874

28 10 0.0491952

29 10 0.0485089

30 10 0.0476311

31 10 0.0465653

32 10 0.0453158

33 10 0.0438875

34 10 0.0422859

35 10 0.0405174

36 10 0.0385891

37 10 0.0365084

38 10 0.0342837

39 10 0.0319237

40 10 0.0294376

41 10 0.0268354

42 10 0.0241273

43 10 0.021324

44 10 0.0184365

45 10 0.0154763

46 10 0.012455

47 10 0.00938449

48 10 0.00627698

49 10 0.00314469

50 10 0

0 11 0

1 11 0.00341026

2 11 0.00680707

3 11 0.010177

4 11 0.0135068

5 11 0.0167833

6 11 0.0199935

7 11 0.0231248

8 11 0.0261649

9 11 0.0291017

10 11 0.0319237

11 11 0.0346196

12 11 0.037179

13 11 0.0395916

14 11 0.0418479

15 11 0.0439391

16 11 0.0458569

17 11 0.0475938

18 11 0.0491428

19 11 0.0504978

20 11 0.0516536

21 11 0.0526055

22 11 0.0533498

23 11 0.0538835

24 11 0.0542046

25 11 0.0543118

26 11 0.0542046

27 11 0.0538835

28 11 0.0533498

29 11 0.0526055

30 11 0.0516536

31 11 0.0504978

32 11 0.0491428

33 11 0.0475938

34 11 0.0458569

35 11 0.0439391

36 11 0.0418479

37 11 0.0395916

38 11 0.037179

39 11 0.0346196

40 11 0.0319237

41 11 0.0291017

42 11 0.0261649

43 11 0.0231248

44 11 0.0199935

45 11 0.0167833

46 11 0.0135068

47 11 0.010177

48 11 0.00680707

49 11 0.00341026

50 11 0

0 12 0

1 12 0.00366238

2 12 0.0073103

3 12 0.0109294

4 12 0.0145053

5 12 0.018024

6 12 0.0214716

7 12 0.0248344

8 12 0.0280992

9 12 0.0312531

10 12 0.0342837

11 12 0.037179

12 12 0.0399275

13 12 0.0425185

14 12 0.0449416

15 12 0.0471875

16 12 0.049247

17 12 0.0511123

18 12 0.0527758

19 12 0.054231

20 12 0.0554722

21 12 0.0564945

22 12 0.0572938

23 12 0.057867

24 12 0.0582118

25 12 0.0583269

26 12 0.0582118

27 12 0.057867

28 12 0.0572938

29 12 0.0564945

30 12 0.0554722

31 12 0.054231

32 12 0.0527758

33 12 0.0511123

34 12 0.049247

35 12 0.0471875

36 12 0.0449416

37 12 0.0425185

38 12 0.0399275

39 12 0.037179

40 12 0.0342837

41 12 0.0312531

42 12 0.0280992

43 12 0.0248344

44 12 0.0214716

45 12 0.018024

46 12 0.0145053

47 12 0.0109294

48 12 0.0073103

49 12 0.00366238

50 12 0

0 13 0

1 13 0.00390003

2 13 0.00778468

3 13 0.0116386

4 13 0.0154466

5 13 0.0191936

6 13 0.0228649

7 13 0.0264459

8 13 0.0299226

9 13 0.0332812

10 13 0.0365084

11 13 0.0395916

12 13 0.0425185

13 13 0.0452776

14 13 0.047858

15 13 0.0502495

16 13 0.0524428

17 13 0.054429

18 13 0.0562005

19 13 0.0577501

20 13 0.0590719

21 13 0.0601605

22 13 0.0610117

23 13 0.0616221

24 13 0.0619893

25 13 0.0621118

26 13 0.0619893

27 13 0.0616221

28 13 0.0610117

29 13 0.0601605

30 13 0.0590719

31 13 0.0577501

32 13 0.0562005

33 13 0.054429

34 13 0.0524428

35 13 0.0502495

36 13 0.047858

37 13 0.0452776

38 13 0.0425185

39 13 0.0395916

40 13 0.0365084

41 13 0.0332812

42 13 0.0299226

43 13 0.0264459

44 13 0.0228649

45 13 0.0191936

46 13 0.0154466

47 13 0.0116386

48 13 0.00778468

49 13 0.00390003

50 13 0

0 14 0

1 14 0.0041223

2 14 0.00822833

3 14 0.0123019

4 14 0.0163269

5 14 0.0202875

6 14 0.024168

7 14 0.0279531

8 14 0.0316279

9 14 0.0351779

10 14 0.0385891

11 14 0.0418479

12 14 0.0449416

13 14 0.047858

14 14 0.0505855

15 14 0.0531133

16 14 0.0554315

17 14 0.057531

18 14 0.0594034

19 14 0.0610414

20 14 0.0624384

21 14 0.0635891

22 14 0.0644888

23 14 0.065134

24 14 0.0655221

25 14 0.0656517

26 14 0.0655221

27 14 0.065134

28 14 0.0644888

29 14 0.0635891

30 14 0.0624384

31 14 0.0610414

32 14 0.0594034

33 14 0.057531

34 14 0.0554315

35 14 0.0531133

36 14 0.0505855

37 14 0.047858

38 14 0.0449416

39 14 0.0418479

40 14 0.0385891

41 14 0.0351779

42 14 0.0316279

43 14 0.0279531

44 14 0.024168

45 14 0.0202875

46 14 0.0163269

47 14 0.0123019

48 14 0.00822833

49 14 0.0041223

50 14 0

0 15 0

1 15 0.0043283

2 15 0.00863952

3 15 0.0129166

4 15 0.0171428

5 15 0.0213013

6 15 0.0253757

7 15 0.02935

8 15 0.0332084

9 15 0.0369358

10 15 0.0405174

11 15 0.0439391

12 15 0.0471875

13 15 0.0502495

14 15 0.0531133

15 15 0.0557675

16 15 0.0582015

17 15 0.0604059

18 15 0.0623719

19 15 0.0640917

20 15 0.0655586

21 15 0.0667667

22 15 0.0677114

23 15 0.0683888

24 15 0.0687963

25 15 0.0689324

26 15 0.0687963

27 15 0.0683888

28 15 0.0677114

29 15 0.0667667

30 15 0.0655586

31 15 0.0640917

32 15 0.0623719

33 15 0.0604059

34 15 0.0582015

35 15 0.0557675

36 15 0.0531133

37 15 0.0502495

38 15 0.0471875

39 15 0.0439391

40 15 0.0405174

41 15 0.0369358

42 15 0.0332084

43 15 0.02935

44 15 0.0253757

45 15 0.0213013

46 15 0.0171428

47 15 0.0129166

48 15 0.00863952

49 15 0.0043283

50 15 0

0 16 0

1 16 0.00451722

2 16 0.0090166

3 16 0.0134804

4 16 0.017891

5 16 0.022231

6 16 0.0264833

7 16 0.030631

8 16 0.0346579

9 16 0.0385479

10 16 0.0422859

11 16 0.0458569

12 16 0.049247

13 16 0.0524428

14 16 0.0554315

15 16 0.0582015

16 16 0.0607418

17 16 0.0630424

18 16 0.0650942

19 16 0.0668891

20 16 0.06842

21 16 0.0696809

22 16 0.0706668

23 16 0.0713738

24 16 0.0717991

25 16 0.071941

26 16 0.0717991

27 16 0.0713738

28 16 0.0706668

29 16 0.0696809

30 16 0.06842

31 16 0.0668891

32 16 0.0650942

33 16 0.0630424

34 16 0.0607418

35 16 0.0582015

36 16 0.0554315

37 16 0.0524428

38 16 0.049247

39 16 0.0458569

40 16 0.0422859

41 16 0.0385479

42 16 0.0346579

43 16 0.030631

44 16 0.0264833

45 16 0.022231

46 16 0.017891

47 16 0.0134804

48 16 0.0090166

49 16 0.00451722

50 16 0

0 17 0

1 17 0.0046883

2 17 0.00935811

3 17 0.013991

4 17 0.0185686

5 17 0.023073

6 17 0.0274863

7 17 0.0317911

8 17 0.0359705

9 17 0.0400079

10 17 0.0438875

11 17 0.0475938

12 17 0.0511123

13 17 0.054429

14 17 0.057531

15 17 0.0604059

16 17 0.0630424

17 17 0.0654301

18 17 0.0675596

19 17 0.0694225

20 17 0.0710114

21 17 0.07232

22 17 0.0733433

23 17 0.074077

24 17 0.0745185

25 17 0.0746658

26 17 0.0745185

27 17 0.074077

28 17 0.0733433

29 17 0.07232

30 17 0.0710114

31 17 0.0694225

32 17 0.0675596

33 17 0.0654301

34 17 0.0630424

35 17 0.0604059

36 17 0.057531

37 17 0.054429

38 17 0.0511123

39 17 0.0475938

40 17 0.0438875

41 17 0.0400079

42 17 0.0359705

43 17 0.0317911

44 17 0.0274863

45 17 0.023073

46 17 0.0185686

47 17 0.013991

48 17 0.00935811

49 17 0.0046883

50 17 0

0 18 0

1 18 0.00484089

2 18 0.00966268

3 18 0.0144463

4 18 0.019173

5 18 0.0238239

6 18 0.0283809

7 18 0.0328258

8 18 0.0371412

9 18 0.04131

10 18 0.0453158

11 18 0.0491428

12 18 0.0527758

13 18 0.0562005

14 18 0.0594034

15 18 0.0623719

16 18 0.0650942

17 18 0.0675596

18 18 0.0697584

19 18 0.0716819

20 18 0.0733225

21 18 0.0746738

22 18 0.0757303

23 18 0.0764879

24 18 0.0769437

25 18 0.0770959

26 18 0.0769437

27 18 0.0764879

28 18 0.0757303

29 18 0.0746738

30 18 0.0733225

31 18 0.0716819

32 18 0.0697584

33 18 0.0675596

34 18 0.0650942

35 18 0.0623719

36 18 0.0594034

37 18 0.0562005

38 18 0.0527758

39 18 0.0491428

40 18 0.0453158

41 18 0.04131

42 18 0.0371412

43 18 0.0328258

44 18 0.0283809

45 18 0.0238239

46 18 0.019173

47 18 0.0144463

48 18 0.00966268

49 18 0.00484089

50 18 0

0 19 0

1 19 0.00497437

2 19 0.00992911

3 19 0.0148447

4 19 0.0197016

5 19 0.0244808

6 19 0.0291635

7 19 0.033731

8 19 0.0381653

9 19 0.0424491

10 19 0.0465653

11 19 0.0504978

12 19 0.054231

13 19 0.0577501

14 19 0.0610414

15 19 0.0640917

16 19 0.0668891

17 19 0.0694225

18 19 0.0716819

19 19 0.0736585

20 19 0.0753443

21 19 0.0767328

22 19 0.0778185

23 19 0.078597

24 19 0.0790654

25 19 0.0792217

26 19 0.0790654

27 19 0.078597

28 19 0.0778185

29 19 0.0767328

30 19 0.0753443

31 19 0.0736585

32 19 0.0716819

33 19 0.0694225

34 19 0.0668891

35 19 0.0640917

36 19 0.0610414

37 19 0.0577501

38 19 0.054231

39 19 0.0504978

40 19 0.0465653

41 19 0.0424491

42 19 0.0381653

43 19 0.033731

44 19 0.0291635

45 19 0.0244808

46 19 0.0197016

47 19 0.0148447

48 19 0.00992911

49 19 0.00497437

50 19 0

0 20 0

1 20 0.00508822

2 20 0.0101564

3 20 0.0151844

4 20 0.0201526

5 20 0.0250411

6 20 0.0298309

7 20 0.034503

8 20 0.0390388

9 20 0.0434206

10 20 0.0476311

11 20 0.0516536

12 20 0.0554722

13 20 0.0590719

14 20 0.0624384

15 20 0.0655586

16 20 0.06842

17 20 0.0710114

18 20 0.0733225

19 20 0.0753443

20 20 0.0770687

21 20 0.078489

22 20 0.0795995

23 20 0.0803959

24 20 0.080875

25 20 0.0810349

26 20 0.080875

27 20 0.0803959

28 20 0.0795995

29 20 0.078489

30 20 0.0770687

31 20 0.0753443

32 20 0.0733225

33 20 0.0710114

34 20 0.06842

35 20 0.0655586

36 20 0.0624384

37 20 0.0590719

38 20 0.0554722

39 20 0.0516536

40 20 0.0476311

41 20 0.0434206

42 20 0.0390388

43 20 0.034503

44 20 0.0298309

45 20 0.0250411

46 20 0.0201526

47 20 0.0151844

48 20 0.0101564

49 20 0.00508822

50 20 0

0 21 0

1 21 0.00518199

2 21 0.0103435

3 21 0.0154642

4 21 0.0205239

5 21 0.0255026

6 21 0.0303807

7 21 0.0351388

8 21 0.0397583

9 21 0.0442208

10 21 0.0485089

11 21 0.0526055

12 21 0.0564945

13 21 0.0601605

14 21 0.0635891

15 21 0.0667667

16 21 0.0696809

17 21 0.07232

18 21 0.0746738

19 21 0.0767328

20 21 0.078489

21 21 0.0799354

22 21 0.0810664

23 21 0.0818775

24 21 0.0823654

25 21 0.0825282

26 21 0.0823654

27 21 0.0818775

28 21 0.0810664

29 21 0.0799354

30 21 0.078489

31 21 0.0767328

32 21 0.0746738

33 21 0.07232

34 21 0.0696809

35 21 0.0667667

36 21 0.0635891

37 21 0.0601605

38 21 0.0564945

39 21 0.0526055

40 21 0.0485089

41 21 0.0442208

42 21 0.0397583

43 21 0.0351388

44 21 0.0303807

45 21 0.0255026

46 21 0.0205239

47 21 0.0154642

48 21 0.0103435

49 21 0.00518199

50 21 0

0 22 0

1 22 0.00525531

2 22 0.0104899

3 22 0.015683

4 22 0.0208143

5 22 0.0258634

6 22 0.0308105

7 22 0.035636

8 22 0.0403208

9 22 0.0448465

10 22 0.0491952

11 22 0.0533498

12 22 0.0572938

13 22 0.0610117

14 22 0.0644888

15 22 0.0677114

16 22 0.0706668

17 22 0.0733433

18 22 0.0757303

19 22 0.0778185

20 22 0.0795995

21 22 0.0810664

22 22 0.0822134

23 22 0.0830359

24 22 0.0835307

25 22 0.0836959

26 22 0.0835307

27 22 0.0830359

28 22 0.0822134

29 22 0.0810664

30 22 0.0795995

31 22 0.0778185

32 22 0.0757303

33 22 0.0733433

34 22 0.0706668

35 22 0.0677114

36 22 0.0644888

37 22 0.0610117

38 22 0.0572938

39 22 0.0533498

40 22 0.0491952

41 22 0.0448465

42 22 0.0403208

43 22 0.035636

44 22 0.0308105

45 22 0.0258634

46 22 0.0208143

47 22 0.015683

48 22 0.0104899

49 22 0.00525531

50 22 0

0 23 0

1 23 0.00530789

2 23 0.0105948

3 23 0.0158399

4 23 0.0210226

5 23 0.0261222

6 23 0.0311188

7 23 0.0359925

8 23 0.0407242

9 23 0.0452952

10 23 0.0496874

11 23 0.0538835

12 23 0.057867

13 23 0.0616221

14 23 0.065134

15 23 0.0683888

16 23 0.0713738

17 23 0.074077

18 23 0.0764879

19 23 0.078597

20 23 0.0803959

21 23 0.0818775

22 23 0.0830359

23 23 0.0838667

24 23 0.0843664

25 23 0.0845332

26 23 0.0843664

27 23 0.0838667

28 23 0.0830359

29 23 0.0818775

30 23 0.0803959

31 23 0.078597

32 23 0.0764879

33 23 0.074077

34 23 0.0713738

35 23 0.0683888

36 23 0.065134

37 23 0.0616221

38 23 0.057867

39 23 0.0538835

40 23 0.0496874

41 23 0.0452952

42 23 0.0407242

43 23 0.0359925

44 23 0.0311188

45 23 0.0261222

46 23 0.0210226

47 23 0.0158399

48 23 0.0105948

49 23 0.00530789

50 23 0

0 24 0

1 24 0.00533951

2 24 0.010658

3 24 0.0159343

4 24 0.0211478

5 24 0.0262779

6 24 0.0313042

7 24 0.036207

8 24 0.0409669

9 24 0.0455651

10 24 0.0499835

11 24 0.0542046

12 24 0.0582118

13 24 0.0619893

14 24 0.0655221

15 24 0.0687963

16 24 0.0717991

17 24 0.0745185

18 24 0.0769437

19 24 0.0790654

20 24 0.080875

21 24 0.0823654

22 24 0.0835307

23 24 0.0843664

24 24 0.0848692

25 24 0.085037

26 24 0.0848692

27 24 0.0843664

28 24 0.0835307

29 24 0.0823654

30 24 0.080875

31 24 0.0790654

32 24 0.0769437

33 24 0.0745185

34 24 0.0717991

35 24 0.0687963

36 24 0.0655221

37 24 0.0619893

38 24 0.0582118

39 24 0.0542046

40 24 0.0499835

41 24 0.0455651

42 24 0.0409669

43 24 0.036207

44 24 0.0313042

45 24 0.0262779

46 24 0.0211478

47 24 0.0159343

48 24 0.010658

49 24 0.00533951

50 24 0

0 25 0

1 25 0.00535007

2 25 0.010679

3 25 0.0159658

4 25 0.0211896

5 25 0.0263298

6 25 0.0313661

7 25 0.0362786

8 25 0.0410479

9 25 0.0456552

10 25 0.0500823

11 25 0.0543118

12 25 0.0583269

13 25 0.0621118

14 25 0.0656517

15 25 0.0689324

16 25 0.071941

17 25 0.0746658

18 25 0.0770959

19 25 0.0792217

20 25 0.0810349

21 25 0.0825282

22 25 0.0836959

23 25 0.0845332

24 25 0.085037

25 25 0.0852051

26 25 0.085037

27 25 0.0845332

28 25 0.0836959

29 25 0.0825282

30 25 0.0810349

31 25 0.0792217

32 25 0.0770959

33 25 0.0746658

34 25 0.071941

35 25 0.0689324

36 25 0.0656517

37 25 0.0621118

38 25 0.0583269

39 25 0.0543118

40 25 0.0500823

41 25 0.0456552

42 25 0.0410479

43 25 0.0362786

44 25 0.0313661

45 25 0.0263298

46 25 0.0211896

47 25 0.0159658

48 25 0.010679

49 25 0.00535007

50 25 0

0 26 0

1 26 0.00533951

2 26 0.010658

3 26 0.0159343

4 26 0.0211478

5 26 0.0262779

6 26 0.0313042

7 26 0.036207

8 26 0.0409669

9 26 0.0455651

10 26 0.0499835

11 26 0.0542046

12 26 0.0582118

13 26 0.0619893

14 26 0.0655221

15 26 0.0687963

16 26 0.0717991

17 26 0.0745185

18 26 0.0769437

19 26 0.0790654

20 26 0.080875

21 26 0.0823654

22 26 0.0835307

23 26 0.0843664

24 26 0.0848692

25 26 0.085037

26 26 0.0848692

27 26 0.0843664

28 26 0.0835307

29 26 0.0823654

30 26 0.080875

31 26 0.0790654

32 26 0.0769437

33 26 0.0745185

34 26 0.0717991

35 26 0.0687963

36 26 0.0655221

37 26 0.0619893

38 26 0.0582118

39 26 0.0542046

40 26 0.0499835

41 26 0.0455651

42 26 0.0409669

43 26 0.036207

44 26 0.0313042

45 26 0.0262779

46 26 0.0211478

47 26 0.0159343

48 26 0.010658

49 26 0.00533951

50 26 0

0 27 0

1 27 0.00530789

2 27 0.0105948

3 27 0.0158399

4 27 0.0210226

5 27 0.0261222

6 27 0.0311188

7 27 0.0359925

8 27 0.0407242

9 27 0.0452952

10 27 0.0496874

11 27 0.0538835

12 27 0.057867

13 27 0.0616221

14 27 0.065134

15 27 0.0683888

16 27 0.0713738

17 27 0.074077

18 27 0.0764879

19 27 0.078597

20 27 0.0803959

21 27 0.0818775

22 27 0.0830359

23 27 0.0838667

24 27 0.0843664

25 27 0.0845332

26 27 0.0843664

27 27 0.0838667

28 27 0.0830359

29 27 0.0818775

30 27 0.0803959

31 27 0.078597

32 27 0.0764879

33 27 0.074077

34 27 0.0713738

35 27 0.0683888

36 27 0.065134

37 27 0.0616221

38 27 0.057867

39 27 0.0538835

40 27 0.0496874

41 27 0.0452952

42 27 0.0407242

43 27 0.0359925

44 27 0.0311188

45 27 0.0261222

46 27 0.0210226

47 27 0.0158399

48 27 0.0105948

49 27 0.00530789

50 27 0

0 28 0

1 28 0.00525531

2 28 0.0104899

3 28 0.015683

4 28 0.0208143

5 28 0.0258634

6 28 0.0308105

7 28 0.035636

8 28 0.0403208

9 28 0.0448465

10 28 0.0491952

11 28 0.0533498

12 28 0.0572938

13 28 0.0610117

14 28 0.0644888

15 28 0.0677114

16 28 0.0706668

17 28 0.0733433

18 28 0.0757303

19 28 0.0778185

20 28 0.0795995

21 28 0.0810664

22 28 0.0822134

23 28 0.0830359

24 28 0.0835307

25 28 0.0836959

26 28 0.0835307

27 28 0.0830359

28 28 0.0822134

29 28 0.0810664

30 28 0.0795995

31 28 0.0778185

32 28 0.0757303

33 28 0.0733433

34 28 0.0706668

35 28 0.0677114

36 28 0.0644888

37 28 0.0610117

38 28 0.0572938

39 28 0.0533498

40 28 0.0491952

41 28 0.0448465

42 28 0.0403208

43 28 0.035636

44 28 0.0308105

45 28 0.0258634

46 28 0.0208143

47 28 0.015683

48 28 0.0104899

49 28 0.00525531

50 28 0

0 29 0

1 29 0.00518199

2 29 0.0103435

3 29 0.0154642

4 29 0.0205239

5 29 0.0255026

6 29 0.0303807

7 29 0.0351388

8 29 0.0397583

9 29 0.0442208

10 29 0.0485089

11 29 0.0526055

12 29 0.0564945

13 29 0.0601605

14 29 0.0635891

15 29 0.0667667

16 29 0.0696809

17 29 0.07232

18 29 0.0746738

19 29 0.0767328

20 29 0.078489

21 29 0.0799354

22 29 0.0810664

23 29 0.0818775

24 29 0.0823654

25 29 0.0825282

26 29 0.0823654

27 29 0.0818775

28 29 0.0810664

29 29 0.0799354

30 29 0.078489

31 29 0.0767328

32 29 0.0746738

33 29 0.07232

34 29 0.0696809

35 29 0.0667667

36 29 0.0635891

37 29 0.0601605

38 29 0.0564945

39 29 0.0526055

40 29 0.0485089

41 29 0.0442208

42 29 0.0397583

43 29 0.0351388

44 29 0.0303807

45 29 0.0255026

46 29 0.0205239

47 29 0.0154642

48 29 0.0103435

49 29 0.00518199

50 29 0

0 30 0

1 30 0.00508822

2 30 0.0101564

3 30 0.0151844

4 30 0.0201526

5 30 0.0250411

6 30 0.0298309

7 30 0.034503

8 30 0.0390388

9 30 0.0434206

10 30 0.0476311

11 30 0.0516536

12 30 0.0554722

13 30 0.0590719

14 30 0.0624384

15 30 0.0655586

16 30 0.06842

17 30 0.0710114

18 30 0.0733225

19 30 0.0753443

20 30 0.0770687

21 30 0.078489

22 30 0.0795995

23 30 0.0803959

24 30 0.080875

25 30 0.0810349

26 30 0.080875

27 30 0.0803959

28 30 0.0795995

29 30 0.078489

30 30 0.0770687

31 30 0.0753443

32 30 0.0733225

33 30 0.0710114

34 30 0.06842

35 30 0.0655586

36 30 0.0624384

37 30 0.0590719

38 30 0.0554722

39 30 0.0516536

40 30 0.0476311

41 30 0.0434206

42 30 0.0390388

43 30 0.034503

44 30 0.0298309

45 30 0.0250411

46 30 0.0201526

47 30 0.0151844

48 30 0.0101564

49 30 0.00508822

50 30 0

0 31 0

1 31 0.00497437

2 31 0.00992911

3 31 0.0148447

4 31 0.0197016

5 31 0.0244808

6 31 0.0291635

7 31 0.033731

8 31 0.0381653

9 31 0.0424491

10 31 0.0465653

11 31 0.0504978

12 31 0.054231

13 31 0.0577501

14 31 0.0610414

15 31 0.0640917

16 31 0.0668891

17 31 0.0694225

18 31 0.0716819

19 31 0.0736585

20 31 0.0753443

21 31 0.0767328

22 31 0.0778185

23 31 0.078597

24 31 0.0790654

25 31 0.0792217

26 31 0.0790654

27 31 0.078597

28 31 0.0778185

29 31 0.0767328

30 31 0.0753443

31 31 0.0736585

32 31 0.0716819

33 31 0.0694225

34 31 0.0668891

35 31 0.0640917

36 31 0.0610414

37 31 0.0577501

38 31 0.054231

39 31 0.0504978

40 31 0.0465653

41 31 0.0424491

42 31 0.0381653

43 31 0.033731

44 31 0.0291635

45 31 0.0244808

46 31 0.0197016

47 31 0.0148447

48 31 0.00992911

49 31 0.00497437

50 31 0

0 32 0

1 32 0.00484089

2 32 0.00966268

3 32 0.0144463

4 32 0.019173

5 32 0.0238239

6 32 0.0283809

7 32 0.0328258

8 32 0.0371412

9 32 0.04131

10 32 0.0453158

11 32 0.0491428

12 32 0.0527758

13 32 0.0562005

14 32 0.0594034

15 32 0.0623719

16 32 0.0650942

17 32 0.0675596

18 32 0.0697584

19 32 0.0716819

20 32 0.0733225

21 32 0.0746738

22 32 0.0757303

23 32 0.0764879

24 32 0.0769437

25 32 0.0770959

26 32 0.0769437

27 32 0.0764879

28 32 0.0757303

29 32 0.0746738

30 32 0.0733225

31 32 0.0716819

32 32 0.0697584

33 32 0.0675596

34 32 0.0650942

35 32 0.0623719

36 32 0.0594034

37 32 0.0562005

38 32 0.0527758

39 32 0.0491428

40 32 0.0453158

41 32 0.04131

42 32 0.0371412

43 32 0.0328258

44 32 0.0283809

45 32 0.0238239

46 32 0.019173

47 32 0.0144463

48 32 0.00966268

49 32 0.00484089

50 32 0

0 33 0

1 33 0.0046883

2 33 0.00935811

3 33 0.013991

4 33 0.0185686

5 33 0.023073

6 33 0.0274863

7 33 0.0317911

8 33 0.0359705

9 33 0.0400079

10 33 0.0438875

11 33 0.0475938

12 33 0.0511123

13 33 0.054429

14 33 0.057531

15 33 0.0604059

16 33 0.0630424

17 33 0.0654301

18 33 0.0675596

19 33 0.0694225

20 33 0.0710114

21 33 0.07232

22 33 0.0733433

23 33 0.074077

24 33 0.0745185

25 33 0.0746658

26 33 0.0745185

27 33 0.074077

28 33 0.0733433

29 33 0.07232

30 33 0.0710114

31 33 0.0694225

32 33 0.0675596

33 33 0.0654301

34 33 0.0630424

35 33 0.0604059

36 33 0.057531

37 33 0.054429

38 33 0.0511123

39 33 0.0475938

40 33 0.0438875

41 33 0.0400079

42 33 0.0359705

43 33 0.0317911

44 33 0.0274863

45 33 0.023073

46 33 0.0185686

47 33 0.013991

48 33 0.00935811

49 33 0.0046883

50 33 0

0 34 0

1 34 0.00451722

2 34 0.0090166

3 34 0.0134804

4 34 0.017891

5 34 0.022231

6 34 0.0264833

7 34 0.030631

8 34 0.0346579

9 34 0.0385479

10 34 0.0422859

11 34 0.0458569

12 34 0.049247

13 34 0.0524428

14 34 0.0554315

15 34 0.0582015

16 34 0.0607418

17 34 0.0630424

18 34 0.0650942

19 34 0.0668891

20 34 0.06842

21 34 0.0696809

22 34 0.0706668

23 34 0.0713738

24 34 0.0717991

25 34 0.071941

26 34 0.0717991

27 34 0.0713738

28 34 0.0706668

29 34 0.0696809

30 34 0.06842

31 34 0.0668891

32 34 0.0650942

33 34 0.0630424

34 34 0.0607418

35 34 0.0582015

36 34 0.0554315

37 34 0.0524428

38 34 0.049247

39 34 0.0458569

40 34 0.0422859

41 34 0.0385479

42 34 0.0346579

43 34 0.030631

44 34 0.0264833

45 34 0.022231

46 34 0.017891

47 34 0.0134804

48 34 0.0090166

49 34 0.00451722

50 34 0

0 35 0

1 35 0.0043283

2 35 0.00863952

3 35 0.0129166

4 35 0.0171428

5 35 0.0213013

6 35 0.0253757

7 35 0.02935

8 35 0.0332084

9 35 0.0369358

10 35 0.0405174

11 35 0.0439391

12 35 0.0471875

13 35 0.0502495

14 35 0.0531133

15 35 0.0557675

16 35 0.0582015

17 35 0.0604059

18 35 0.0623719

19 35 0.0640917

20 35 0.0655586

21 35 0.0667667

22 35 0.0677114

23 35 0.0683888

24 35 0.0687963

25 35 0.0689324

26 35 0.0687963

27 35 0.0683888

28 35 0.0677114

29 35 0.0667667

30 35 0.0655586

31 35 0.0640917

32 35 0.0623719

33 35 0.0604059

34 35 0.0582015

35 35 0.0557675

36 35 0.0531133

37 35 0.0502495

38 35 0.0471875

39 35 0.0439391

40 35 0.0405174

41 35 0.0369358

42 35 0.0332084

43 35 0.02935

44 35 0.0253757

45 35 0.0213013

46 35 0.0171428

47 35 0.0129166

48 35 0.00863952

49 35 0.0043283

50 35 0

0 36 0

1 36 0.0041223

2 36 0.00822833

3 36 0.0123019

4 36 0.0163269

5 36 0.0202875

6 36 0.024168

7 36 0.0279531

8 36 0.0316279

9 36 0.0351779

10 36 0.0385891

11 36 0.0418479

12 36 0.0449416

13 36 0.047858

14 36 0.0505855

15 36 0.0531133

16 36 0.0554315

17 36 0.057531

18 36 0.0594034

19 36 0.0610414

20 36 0.0624384

21 36 0.0635891

22 36 0.0644888

23 36 0.065134

24 36 0.0655221

25 36 0.0656517

26 36 0.0655221

27 36 0.065134

28 36 0.0644888

29 36 0.0635891

30 36 0.0624384

31 36 0.0610414

32 36 0.0594034

33 36 0.057531

34 36 0.0554315

35 36 0.0531133

36 36 0.0505855

37 36 0.047858

38 36 0.0449416

39 36 0.0418479

40 36 0.0385891

41 36 0.0351779

42 36 0.0316279

43 36 0.0279531

44 36 0.024168

45 36 0.0202875

46 36 0.0163269

47 36 0.0123019

48 36 0.00822833

49 36 0.0041223

50 36 0

0 37 0

1 37 0.00390003

2 37 0.00778468

3 37 0.0116386

4 37 0.0154466

5 37 0.0191936

6 37 0.0228649

7 37 0.0264459

8 37 0.0299226

9 37 0.0332812

10 37 0.0365084

11 37 0.0395916

12 37 0.0425185

13 37 0.0452776

14 37 0.047858

15 37 0.0502495

16 37 0.0524428

17 37 0.054429

18 37 0.0562005

19 37 0.0577501

20 37 0.0590719

21 37 0.0601605

22 37 0.0610117

23 37 0.0616221

24 37 0.0619893

25 37 0.0621118

26 37 0.0619893

27 37 0.0616221

28 37 0.0610117

29 37 0.0601605

30 37 0.0590719

31 37 0.0577501

32 37 0.0562005

33 37 0.054429

34 37 0.0524428

35 37 0.0502495

36 37 0.047858

37 37 0.0452776

38 37 0.0425185

39 37 0.0395916

40 37 0.0365084

41 37 0.0332812

42 37 0.0299226

43 37 0.0264459

44 37 0.0228649

45 37 0.0191936

46 37 0.0154466

47 37 0.0116386

48 37 0.00778468

49 37 0.00390003

50 37 0

0 38 0

1 38 0.00366238

2 38 0.0073103

3 38 0.0109294

4 38 0.0145053

5 38 0.018024

6 38 0.0214716

7 38 0.0248344

8 38 0.0280992

9 38 0.0312531

10 38 0.0342837

11 38 0.037179

12 38 0.0399275

13 38 0.0425185

14 38 0.0449416

15 38 0.0471875

16 38 0.049247

17 38 0.0511123

18 38 0.0527758

19 38 0.054231

20 38 0.0554722

21 38 0.0564945

22 38 0.0572938

23 38 0.057867

24 38 0.0582118

25 38 0.0583269

26 38 0.0582118

27 38 0.057867

28 38 0.0572938

29 38 0.0564945

30 38 0.0554722

31 38 0.054231

32 38 0.0527758

33 38 0.0511123

34 38 0.049247

35 38 0.0471875

36 38 0.0449416

37 38 0.0425185

38 38 0.0399275

39 38 0.037179

40 38 0.0342837

41 38 0.0312531

42 38 0.0280992

43 38 0.0248344

44 38 0.0214716

45 38 0.018024

46 38 0.0145053

47 38 0.0109294

48 38 0.0073103

49 38 0.00366238

50 38 0

0 39 0

1 39 0.00341026

2 39 0.00680707

3 39 0.010177

4 39 0.0135068

5 39 0.0167833

6 39 0.0199935

7 39 0.0231248

8 39 0.0261649

9 39 0.0291017

10 39 0.0319237

11 39 0.0346196

12 39 0.037179

13 39 0.0395916

14 39 0.0418479

15 39 0.0439391

16 39 0.0458569

17 39 0.0475938

18 39 0.0491428

19 39 0.0504978

20 39 0.0516536

21 39 0.0526055

22 39 0.0533498

23 39 0.0538835

24 39 0.0542046

25 39 0.0543118

26 39 0.0542046

27 39 0.0538835

28 39 0.0533498

29 39 0.0526055

30 39 0.0516536

31 39 0.0504978

32 39 0.0491428

33 39 0.0475938

34 39 0.0458569

35 39 0.0439391

36 39 0.0418479

37 39 0.0395916

38 39 0.037179

39 39 0.0346196

40 39 0.0319237

41 39 0.0291017

42 39 0.0261649

43 39 0.0231248

44 39 0.0199935

45 39 0.0167833

46 39 0.0135068

47 39 0.010177

48 39 0.00680707

49 39 0.00341026

50 39 0

0 40 0

1 40 0.00314469

2 40 0.00627698

3 40 0.00938449

4 40 0.012455

5 40 0.0154763

6 40 0.0184365

7 40 0.021324

8 40 0.0241273

9 40 0.0268354

10 40 0.0294376

11 40 0.0319237

12 40 0.0342837

13 40 0.0365084

14 40 0.0385891

15 40 0.0405174

16 40 0.0422859

17 40 0.0438875

18 40 0.0453158

19 40 0.0465653

20 40 0.0476311

21 40 0.0485089

22 40 0.0491952

23 40 0.0496874

24 40 0.0499835

25 40 0.0500823

26 40 0.0499835

27 40 0.0496874

28 40 0.0491952

29 40 0.0485089

30 40 0.0476311

31 40 0.0465653

32 40 0.0453158

33 40 0.0438875

34 40 0.0422859

35 40 0.0405174

36 40 0.0385891

37 40 0.0365084

38 40 0.0342837

39 40 0.0319237

40 40 0.0294376

41 40 0.0268354

42 40 0.0241273

43 40 0.021324

44 40 0.0184365

45 40 0.0154763

46 40 0.012455

47 40 0.00938449

48 40 0.00627698

49 40 0.00314469

50 40 0

0 41 0

1 41 0.00286671

2 41 0.00572211

3 41 0.00855493

4 41 0.011354

5 41 0.0141082

6 41 0.0168068

7 41 0.019439

8 41 0.0219945

9 41 0.0244633

10 41 0.0268354

11 41 0.0291017

12 41 0.0312531

13 41 0.0332812

14 41 0.0351779

15 41 0.0369358

16 41 0.0385479

17 41 0.0400079

18 41 0.04131

19 41 0.0424491

20 41 0.0434206

21 41 0.0442208

22 41 0.0448465

23 41 0.0452952

24 41 0.0455651

25 41 0.0456552

26 41 0.0455651

27 41 0.0452952

28 41 0.0448465

29 41 0.0442208

30 41 0.0434206

31 41 0.0424491

32 41 0.04131

33 41 0.0400079

34 41 0.0385479

35 41 0.0369358

36 41 0.0351779

37 41 0.0332812

38 41 0.0312531

39 41 0.0291017

40 41 0.0268354

41 41 0.0244633

42 41 0.0219945

43 41 0.019439

44 41 0.0168068

45 41 0.0141082

46 41 0.011354

47 41 0.00855493

48 41 0.00572211

49 41 0.00286671

50 41 0

0 42 0

1 42 0.00257742

2 42 0.00514466

3 42 0.0076916

4 42 0.0102082

5 42 0.0126845

6 42 0.0151107

7 42 0.0174773

8 42 0.019775

9 42 0.0219945

10 42 0.0241273

11 42 0.0261649

12 42 0.0280992

13 42 0.0299226

14 42 0.0316279

15 42 0.0332084

16 42 0.0346579

17 42 0.0359705

18 42 0.0371412

19 42 0.0381653

20 42 0.0390388

21 42 0.0397583

22 42 0.0403208

23 42 0.0407242

24 42 0.0409669

25 42 0.0410479

26 42 0.0409669

27 42 0.0407242

28 42 0.0403208

29 42 0.0397583

30 42 0.0390388

31 42 0.0381653

32 42 0.0371412

33 42 0.0359705

34 42 0.0346579

35 42 0.0332084

36 42 0.0316279

37 42 0.0299226

38 42 0.0280992

39 42 0.0261649

40 42 0.0241273

41 42 0.0219945

42 42 0.019775

43 42 0.0174773

44 42 0.0151107

45 42 0.0126845

46 42 0.0102082

47 42 0.0076916

48 42 0.00514466

49 42 0.00257742

50 42 0

0 43 0

1 43 0.00227795

2 43 0.00454691

3 43 0.00679793

4 43 0.00902211

5 43 0.0112107

6 43 0.013355

7 43 0.0154467

8 43 0.0174773

9 43 0.019439

10 43 0.021324

11 43 0.0231248

12 43 0.0248344

13 43 0.0264459

14 43 0.0279531

15 43 0.02935

16 43 0.030631

17 43 0.0317911

18 43 0.0328258

19 43 0.033731

20 43 0.034503

21 43 0.0351388

22 43 0.035636

23 43 0.0359925

24 43 0.036207

25 43 0.0362786

26 43 0.036207

27 43 0.0359925

28 43 0.035636

29 43 0.0351388

30 43 0.034503

31 43 0.033731

32 43 0.0328258

33 43 0.0317911

34 43 0.030631

35 43 0.02935

36 43 0.0279531

37 43 0.0264459

38 43 0.0248344

39 43 0.0231248

40 43 0.021324

41 43 0.019439

42 43 0.0174773

43 43 0.0154467

44 43 0.013355

45 43 0.0112107

46 43 0.00902211

47 43 0.00679793

48 43 0.00454691

49 43 0.00227795

50 43 0

0 44 0

1 44 0.00196949

2 44 0.00393121

3 44 0.00587742

4 44 0.00780043

5 44 0.00969265

6 44 0.0115466

7 44 0.013355

8 44 0.0151107

9 44 0.0168068

10 44 0.0184365

11 44 0.0199935

12 44 0.0214716

13 44 0.0228649

14 44 0.024168

15 44 0.0253757

16 44 0.0264833

17 44 0.0274863

18 44 0.0283809

19 44 0.0291635

20 44 0.0298309

21 44 0.0303807

22 44 0.0308105

23 44 0.0311188

24 44 0.0313042

25 44 0.0313661

26 44 0.0313042

27 44 0.0311188

28 44 0.0308105

29 44 0.0303807

30 44 0.0298309

31 44 0.0291635

32 44 0.0283809

33 44 0.0274863

34 44 0.0264833

35 44 0.0253757

36 44 0.024168

37 44 0.0228649

38 44 0.0214716

39 44 0.0199935

40 44 0.0184365

41 44 0.0168068

42 44 0.0151107

43 44 0.013355

44 44 0.0115466

45 44 0.00969265

46 44 0.00780043

47 44 0.00587742

48 44 0.00393121

49 44 0.00196949

50 44 0

0 45 0

1 45 0.00165326

2 45 0.0033

3 45 0.00493372

4 45 0.00654796

5 45 0.00813636

6 45 0.00969265

7 45 0.0112107

8 45 0.0126845

9 45 0.0141082

10 45 0.0154763

11 45 0.0167833

12 45 0.018024

13 45 0.0191936

14 45 0.0202875

15 45 0.0213013

16 45 0.022231

17 45 0.023073

18 45 0.0238239

19 45 0.0244808

20 45 0.0250411

21 45 0.0255026

22 45 0.0258634

23 45 0.0261222

24 45 0.0262779

25 45 0.0263298

26 45 0.0262779

27 45 0.0261222

28 45 0.0258634

29 45 0.0255026

30 45 0.0250411

31 45 0.0244808

32 45 0.0238239

33 45 0.023073

34 45 0.022231

35 45 0.0213013

36 45 0.0202875

37 45 0.0191936

38 45 0.018024

39 45 0.0167833

40 45 0.0154763

41 45 0.0141082

42 45 0.0126845

43 45 0.0112107

44 45 0.00969265

45 45 0.00813636

46 45 0.00654796

47 45 0.00493372

48 45 0.0033

49 45 0.00165326

50 45 0

0 46 0

1 46 0.00133051

2 46 0.00265577

3 46 0.00397054

4 46 0.00526965

5 46 0.00654796

6 46 0.00780043

7 46 0.00902211

8 46 0.0102082

9 46 0.011354

10 46 0.012455

11 46 0.0135068

12 46 0.0145053

13 46 0.0154466

14 46 0.0163269

15 46 0.0171428

16 46 0.017891

17 46 0.0185686

18 46 0.019173

19 46 0.0197016

20 46 0.0201526

21 46 0.0205239

22 46 0.0208143

23 46 0.0210226

24 46 0.0211478

25 46 0.0211896

26 46 0.0211478

27 46 0.0210226

28 46 0.0208143

29 46 0.0205239

30 46 0.0201526

31 46 0.0197016

32 46 0.019173

33 46 0.0185686

34 46 0.017891

35 46 0.0171428

36 46 0.0163269

37 46 0.0154466

38 46 0.0145053

39 46 0.0135068

40 46 0.012455

41 46 0.011354

42 46 0.0102082

43 46 0.00902211

44 46 0.00780043

45 46 0.00654796

46 46 0.00526965

47 46 0.00397054

48 46 0.00265577

49 46 0.00133051

50 46 0

0 47 0

1 47 0.0010025

2 47 0.00200105

3 47 0.0029917

4 47 0.00397054

5 47 0.00493372

6 47 0.00587742

7 47 0.00679793

8 47 0.0076916

9 47 0.00855493

10 47 0.00938449

11 47 0.010177

12 47 0.0109294

13 47 0.0116386

14 47 0.0123019

15 47 0.0129166

16 47 0.0134804

17 47 0.013991

18 47 0.0144463

19 47 0.0148447

20 47 0.0151844

21 47 0.0154642

22 47 0.015683

23 47 0.0158399

24 47 0.0159343

25 47 0.0159658

26 47 0.0159343

27 47 0.0158399

28 47 0.015683

29 47 0.0154642

30 47 0.0151844

31 47 0.0148447

32 47 0.0144463

33 47 0.013991

34 47 0.0134804

35 47 0.0129166

36 47 0.0123019

37 47 0.0116386

38 47 0.0109294

39 47 0.010177

40 47 0.00938449

41 47 0.00855493

42 47 0.0076916

43 47 0.00679793

44 47 0.00587742

45 47 0.00493372

46 47 0.00397054

47 47 0.0029917

48 47 0.00200105

49 47 0.0010025

50 47 0

0 48 0

1 48 0.000670542

2 48 0.00133844

3 48 0.00200105

4 48 0.00265577

5 48 0.0033

6 48 0.00393121

7 48 0.00454691

8 48 0.00514466

9 48 0.00572211

10 48 0.00627698

11 48 0.00680707

12 48 0.0073103

13 48 0.00778468

14 48 0.00822833

15 48 0.00863952

16 48 0.0090166

17 48 0.00935811

18 48 0.00966268

19 48 0.00992911

20 48 0.0101564

21 48 0.0103435

22 48 0.0104899

23 48 0.0105948

24 48 0.010658

25 48 0.010679

26 48 0.010658

27 48 0.0105948

28 48 0.0104899

29 48 0.0103435

30 48 0.0101564

31 48 0.00992911

32 48 0.00966268

33 48 0.00935811

34 48 0.0090166

35 48 0.00863952

36 48 0.00822833

37 48 0.00778468

38 48 0.0073103

39 48 0.00680707

40 48 0.00627698

41 48 0.00572211

42 48 0.00514466

43 48 0.00454691

44 48 0.00393121

45 48 0.0033

46 48 0.00265577

47 48 0.00200105

48 48 0.00133844

49 48 0.000670542

50 48 0

0 49 0

1 49 0.000335934

2 49 0.000670542

3 49 0.0010025

4 49 0.00133051

5 49 0.00165326

6 49 0.00196949

