0 1 0

1 1 0.00376028

2 1 0.00750572

3 1 0.0112215

4 1 0.0148931

5 1 0.0185058

6 1 0.0220455

7 1 0.0254983

8 1 0.0288504

9 1 0.0320886

10 1 0.0352002

11 1 0.0381728

12 1 0.0409949

13 1 0.0436551

14 1 0.046143

15 1 0.0484489

16 1 0.0505635

17 1 0.0524786

18 1 0.0541866

19 1 0.0556807

20 1 0.0569551

21 1 0.0580047

22 1 0.0588254

23 1 0.0594139

24 1 0.0597679

25 1 0.0598861

26 1 0.0597679

27 1 0.0594139

28 1 0.0588254

29 1 0.0580047

30 1 0.0569551

31 1 0.0556807

32 1 0.0541866

33 1 0.0524786

34 1 0.0505635

35 1 0.0484489

36 1 0.046143

37 1 0.0436551

38 1 0.0409949

39 1 0.0381728

40 1 0.0352002

41 1 0.0320886

42 1 0.0288504

43 1 0.0254983

44 1 0.0220455

45 1 0.0185058

46 1 0.0148931

47 1 0.0112215

48 1 0.00750572

49 1 0.00376028

50 1 0

0 2 0

1 2 0.00750572

2 2 0.0149818

3 2 0.0223988

4 2 0.0297274

5 2 0.0369386

6 2 0.0440041

7 2 0.0508959

8 2 0.0575868

9 2 0.0640505

10 2 0.0702614

11 2 0.076195

12 2 0.0818279

13 2 0.0871379

14 2 0.092104

15 2 0.0967066

16 2 0.100927

17 2 0.10475

18 2 0.108159

19 2 0.111142

20 2 0.113685

21 2 0.11578

22 2 0.117419

23 2 0.118593

24 2 0.1193

25 2 0.119536

26 2 0.1193

27 2 0.118593

28 2 0.117419

29 2 0.11578

30 2 0.113685

31 2 0.111142

32 2 0.108159

33 2 0.10475

34 2 0.100927

35 2 0.0967066

36 2 0.092104

37 2 0.0871379

38 2 0.0818279

39 2 0.076195

40 2 0.0702614

41 2 0.0640505

42 2 0.0575868

43 2 0.0508959

44 2 0.0440041

45 2 0.0369386

46 2 0.0297274

47 2 0.0223988

48 2 0.0149818

49 2 0.00750572

50 2 0

0 3 0

1 3 0.0112215

2 3 0.0223988

3 3 0.0334876

4 3 0.0444443

5 3 0.0552256

6 3 0.065789

7 3 0.0760927

8 3 0.0860961

9 3 0.0957597

10 3 0.105045

11 3 0.113917

12 3 0.122338

13 3 0.130277

14 3 0.137701

15 3 0.144583

16 3 0.150893

17 3 0.156608

18 3 0.161705

19 3 0.166164

20 3 0.169967

21 3 0.173099

22 3 0.175548

23 3 0.177305

24 3 0.178361

25 3 0.178714

26 3 0.178361

27 3 0.177305

28 3 0.175548

29 3 0.173099

30 3 0.169967

31 3 0.166164

32 3 0.161705

33 3 0.156608

34 3 0.150893

35 3 0.144583

36 3 0.137701

37 3 0.130277

38 3 0.122338

39 3 0.113917

40 3 0.105045

41 3 0.0957597

42 3 0.0860961

43 3 0.0760927

44 3 0.065789

45 3 0.0552256

46 3 0.0444443

47 3 0.0334876

48 3 0.0223988

49 3 0.0112215

50 3 0

0 4 0

1 4 0.0148931

2 4 0.0297274

3 4 0.0444443

4 4 0.0589859

5 4 0.0732947

6 4 0.0873142

7 4 0.100989

8 4 0.114266

9 4 0.127091

10 4 0.139415

11 4 0.151188

12 4 0.162365

13 4 0.172902

14 4 0.182755

15 4 0.191888

16 4 0.200263

17 4 0.207848

18 4 0.214613

19 4 0.220531

20 4 0.225578

21 4 0.229735

22 4 0.232985

23 4 0.235316

24 4 0.236719

25 4 0.237187

26 4 0.236719

27 4 0.235316

28 4 0.232985

29 4 0.229735

30 4 0.225578

31 4 0.220531

32 4 0.214613

33 4 0.207848

34 4 0.200263

35 4 0.191888

36 4 0.182755

37 4 0.172902

38 4 0.162365

39 4 0.151188

40 4 0.139415

41 4 0.127091

42 4 0.114266

43 4 0.100989

44 4 0.0873142

45 4 0.0732947

46 4 0.0589859

47 4 0.0444443

48 4 0.0297274

49 4 0.0148931

50 4 0

0 5 0

1 5 0.0185058

2 5 0.0369386

3 5 0.0552256

4 5 0.0732947

5 5 0.0910745

6 5 0.108495

7 5 0.125487

8 5 0.141984

9 5 0.157921

10 5 0.173234

11 5 0.187864

12 5 0.201752

13 5 0.214844

14 5 0.227088

15 5 0.238436

16 5 0.248843

17 5 0.258268

18 5 0.266674

19 5 0.274027

20 5 0.280298

21 5 0.285464

22 5 0.289503

23 5 0.292399

24 5 0.294142

25 5 0.294723

26 5 0.294142

27 5 0.292399

28 5 0.289503

29 5 0.285464

30 5 0.280298

31 5 0.274027

32 5 0.266674

33 5 0.258268

34 5 0.248843

35 5 0.238436

36 5 0.227088

37 5 0.214844

38 5 0.201752

39 5 0.187864

40 5 0.173234

41 5 0.157921

42 5 0.141984

43 5 0.125487

44 5 0.108495

45 5 0.0910745

46 5 0.0732947

47 5 0.0552256

48 5 0.0369386

49 5 0.0185058

50 5 0

0 6 0

1 6 0.0220455

2 6 0.0440041

3 6 0.065789

4 6 0.0873142

5 6 0.108495

6 6 0.129247

7 6 0.14949

8 6 0.169142

9 6 0.188127

10 6 0.206369

11 6 0.223797

12 6 0.240342

13 6 0.255939

14 6 0.270525

15 6 0.284043

16 6 0.296441

17 6 0.307668

18 6 0.317682

19 6 0.326442

20 6 0.333913

21 6 0.340066

22 6 0.344878

23 6 0.348328

24 6 0.350404

25 6 0.351097

26 6 0.350404

27 6 0.348328

28 6 0.344878

29 6 0.340066

30 6 0.333913

31 6 0.326442

32 6 0.317682

33 6 0.307668

34 6 0.296441

35 6 0.284043

36 6 0.270525

37 6 0.255939

38 6 0.240342

39 6 0.223797

40 6 0.206369

41 6 0.188127

42 6 0.169142

43 6 0.14949

44 6 0.129247

45 6 0.108495

46 6 0.0873142

47 6 0.065789

48 6 0.0440041

49 6 0.0220455

50 6 0

0 7 0

1 7 0.0254983

2 7 0.0508959

3 7 0.0760927

4 7 0.100989

5 7 0.125487

6 7 0.14949

7 7 0.172902

8 7 0.195633

9 7 0.217591

10 7 0.238691

11 7 0.258848

12 7 0.277984

13 7 0.296023

14 7 0.312894

15 7 0.328529

16 7 0.342869

17 7 0.355855

18 7 0.367436

19 7 0.377568

20 7 0.386209

21 7 0.393327

22 7 0.398892

23 7 0.402883

24 7 0.405283

25 7 0.406085

26 7 0.405283

27 7 0.402883

28 7 0.398892

29 7 0.393327

30 7 0.386209

31 7 0.377568

32 7 0.367436

33 7 0.355855

34 7 0.342869

35 7 0.328529

36 7 0.312894

37 7 0.296023

38 7 0.277984

39 7 0.258848

40 7 0.238691

41 7 0.217591

42 7 0.195633

43 7 0.172902

44 7 0.14949

45 7 0.125487

46 7 0.100989

47 7 0.0760927

48 7 0.0508959

49 7 0.0254983

50 7 0

0 8 0

1 8 0.0288504

2 8 0.0575868

3 8 0.0860961

4 8 0.114266

5 8 0.141984

6 8 0.169142

7 8 0.195633

8 8 0.221351

9 8 0.246196

10 8 0.27007

11 8 0.292877

12 8 0.314529

13 8 0.334939

14 8 0.354028

15 8 0.371719

16 8 0.387943

17 8 0.402637

18 8 0.415741

19 8 0.427204

20 8 0.436982

21 8 0.445035

22 8 0.451331

23 8 0.455847

24 8 0.458563

25 8 0.45947

26 8 0.458563

27 8 0.455847

28 8 0.451331

29 8 0.445035

30 8 0.436982

31 8 0.427204

32 8 0.415741

33 8 0.402637

34 8 0.387943

35 8 0.371719

36 8 0.354028

37 8 0.334939

38 8 0.314529

39 8 0.292877

40 8 0.27007

41 8 0.246196

42 8 0.221351

43 8 0.195633

44 8 0.169142

45 8 0.141984

46 8 0.114266

47 8 0.0860961

48 8 0.0575868

49 8 0.0288504

50 8 0

0 9 0

1 9 0.0320886

2 9 0.0640505

3 9 0.0957597

4 9 0.127091

5 9 0.157921

6 9 0.188127

7 9 0.217591

8 9 0.246196

9 9 0.27383

10 9 0.300383

11 9 0.32575

12 9 0.349832

13 9 0.372533

14 9 0.393765

15 9 0.413442

16 9 0.431487

17 9 0.447829

18 9 0.462404

19 9 0.475155

20 9 0.48603

21 9 0.494987

22 9 0.50199

23 9 0.507012

24 9 0.510033

25 9 0.511042

26 9 0.510033

27 9 0.507012

28 9 0.50199

29 9 0.494987

30 9 0.48603

31 9 0.475155

32 9 0.462404

33 9 0.447829

34 9 0.431487

35 9 0.413442

36 9 0.393765

37 9 0.372533

38 9 0.349832

39 9 0.32575

40 9 0.300383

41 9 0.27383

42 9 0.246196

43 9 0.217591

44 9 0.188127

45 9 0.157921

46 9 0.127091

47 9 0.0957597

48 9 0.0640505

49 9 0.0320886

50 9 0

0 10 0

1 10 0.0352002

2 10 0.0702614

3 10 0.105045

4 10 0.139415

5 10 0.173234

6 10 0.206369

7 10 0.238691

8 10 0.27007

9 10 0.300383

10 10 0.329511

11 10 0.357338

12 10 0.383755

13 10 0.408658

14 10 0.431947

15 10 0.453532

16 10 0.473328

17 10 0.491255

18 10 0.507243

19 10 0.52123

20 10 0.533159

21 10 0.542985

22 10 0.550667

23 10 0.556176

24 10 0.559491

25 10 0.560597

26 10 0.559491

27 10 0.556176

28 10 0.550667

29 10 0.542985

30 10 0.533159

31 10 0.52123

32 10 0.507243

33 10 0.491255

34 10 0.473328

35 10 0.453532

36 10 0.431947

37 10 0.408658

38 10 0.383755

39 10 0.357338

40 10 0.329511

41 10 0.300383

42 10 0.27007

43 10 0.238691

44 10 0.206369

45 10 0.173234

46 10 0.139415

47 10 0.105045

48 10 0.0702614

49 10 0.0352002

50 10 0

0 11 0

1 11 0.0381728

2 11 0.076195

3 11 0.113917

4 11 0.151188

5 11 0.187864

6 11 0.223797

7 11 0.258848

8 11 0.292877

9 11 0.32575

10 11 0.357338

11 11 0.387515

12 11 0.416163

13 11 0.443169

14 11 0.468426

15 11 0.491833

16 11 0.5133

17 11 0.532742

18 11 0.55008

19 11 0.565248

20 11 0.578185

21 11 0.58884

22 11 0.597171

23 11 0.603146

24 11 0.60674

25 11 0.60794

26 11 0.60674

27 11 0.603146

28 11 0.597171

29 11 0.58884

30 11 0.578185

31 11 0.565248

32 11 0.55008

33 11 0.532742

34 11 0.5133

35 11 0.491833

36 11 0.468426

37 11 0.443169

38 11 0.416163

39 11 0.387515

40 11 0.357338

41 11 0.32575

42 11 0.292877

43 11 0.258848

44 11 0.223797

45 11 0.187864

46 11 0.151188

47 11 0.113917

48 11 0.076195

49 11 0.0381728

50 11 0

0 12 0

1 12 0.0409949

2 12 0.0818279

3 12 0.122338

4 12 0.162365

5 12 0.201752

6 12 0.240342

7 12 0.277984

8 12 0.314529

9 12 0.349832

10 12 0.383755

11 12 0.416163

12 12 0.446929

13 12 0.475931

14 12 0.503055

15 12 0.528193

16 12 0.551247

17 12 0.572126

18 12 0.590746

19 12 0.607035

20 12 0.620929

21 12 0.632371

22 12 0.641319

23 12 0.647735

24 12 0.651595

25 12 0.652883

26 12 0.651595

27 12 0.647735

28 12 0.641319

29 12 0.632371

30 12 0.620929

31 12 0.607035

32 12 0.590746

33 12 0.572126

34 12 0.551247

35 12 0.528193

36 12 0.503055

37 12 0.475931

38 12 0.446929

39 12 0.416163

40 12 0.383755

41 12 0.349832

42 12 0.314529

43 12 0.277984

44 12 0.240342

45 12 0.201752

46 12 0.162365

47 12 0.122338

48 12 0.0818279

49 12 0.0409949

50 12 0

0 13 0

1 13 0.0436551

2 13 0.0871379

3 13 0.130277

4 13 0.172902

5 13 0.214844

6 13 0.255939

7 13 0.296023

8 13 0.334939

9 13 0.372533

10 13 0.408658

11 13 0.443169

12 13 0.475931

13 13 0.506815

14 13 0.535699

15 13 0.562469

16 13 0.587019

17 13 0.609252

18 13 0.629081

19 13 0.646427

20 13 0.661222

21 13 0.673407

22 13 0.682935

23 13 0.689768

24 13 0.693878

25 13 0.69525

26 13 0.693878

27 13 0.689768

28 13 0.682935

29 13 0.673407

30 13 0.661222

31 13 0.646427

32 13 0.629081

33 13 0.609252

34 13 0.587019

35 13 0.562469

36 13 0.535699

37 13 0.506815

38 13 0.475931

39 13 0.443169

40 13 0.408658

41 13 0.372533

42 13 0.334939

43 13 0.296023

44 13 0.255939

45 13 0.214844

46 13 0.172902

47 13 0.130277

48 13 0.0871379

49 13 0.0436551

50 13 0

0 14 0

1 14 0.046143

2 14 0.092104

3 14 0.137701

4 14 0.182755

5 14 0.227088

6 14 0.270525

7 14 0.312894

8 14 0.354028

9 14 0.393765

10 14 0.431947

11 14 0.468426

12 14 0.503055

13 14 0.535699

14 14 0.566229

15 14 0.594525

16 14 0.620474

17 14 0.643974

18 14 0.664933

19 14 0.683267

20 14 0.698906

21 14 0.711785

22 14 0.721856

23 14 0.729078

24 14 0.733423

25 14 0.734873

26 14 0.733423

27 14 0.729078

28 14 0.721856

29 14 0.711785

30 14 0.698906

31 14 0.683267

32 14 0.664933

33 14 0.643974

34 14 0.620474

35 14 0.594525

36 14 0.566229

37 14 0.535699

38 14 0.503055

39 14 0.468426

40 14 0.431947

41 14 0.393765

42 14 0.354028

43 14 0.312894

44 14 0.270525

45 14 0.227088

46 14 0.182755

47 14 0.137701

48 14 0.092104

49 14 0.046143

50 14 0

0 15 0

1 15 0.0484489

2 15 0.0967066

3 15 0.144583

4 15 0.191888

5 15 0.238436

6 15 0.284043

7 15 0.328529

8 15 0.371719

9 15 0.413442

10 15 0.453532

11 15 0.491833

12 15 0.528193

13 15 0.562469

14 15 0.594525

15 15 0.624234

16 15 0.65148

17 15 0.676154

18 15 0.69816

19 15 0.717411

20 15 0.733831

21 15 0.747354

22 15 0.757928

23 15 0.765511

24 15 0.770073

25 15 0.771595

26 15 0.770073

27 15 0.765511

28 15 0.757928

29 15 0.747354

30 15 0.733831

31 15 0.717411

32 15 0.69816

33 15 0.676154

34 15 0.65148

35 15 0.624234

36 15 0.594525

37 15 0.562469

38 15 0.528193

39 15 0.491833

40 15 0.453532

41 15 0.413442

42 15 0.371719

43 15 0.328529

44 15 0.284043

45 15 0.238436

46 15 0.191888

47 15 0.144583

48 15 0.0967066

49 15 0.0484489

50 15 0

0 16 0

1 16 0.0505635

2 16 0.100927

3 16 0.150893

4 16 0.200263

5 16 0.248843

6 16 0.296441

7 16 0.342869

8 16 0.387943

9 16 0.431487

10 16 0.473328

11 16 0.5133

12 16 0.551247

13 16 0.587019

14 16 0.620474

15 16 0.65148

16 16 0.679915

17 16 0.705666

18 16 0.728633

19 16 0.748724

20 16 0.76586

21 16 0.779974

22 16 0.791009

23 16 0.798923

24 16 0.803684

25 16 0.805273

26 16 0.803684

27 16 0.798923

28 16 0.791009

29 16 0.779974

30 16 0.76586

31 16 0.748724

32 16 0.728633

33 16 0.705666

34 16 0.679915

35 16 0.65148

36 16 0.620474

37 16 0.587019

38 16 0.551247

39 16 0.5133

40 16 0.473328

41 16 0.431487

42 16 0.387943

43 16 0.342869

44 16 0.296441

45 16 0.248843

46 16 0.200263

47 16 0.150893

48 16 0.100927

49 16 0.0505635

50 16 0

0 17 0

1 17 0.0524786

2 17 0.10475

3 17 0.156608

4 17 0.207848

5 17 0.258268

6 17 0.307668

7 17 0.355855

8 17 0.402637

9 17 0.447829

10 17 0.491255

11 17 0.532742

12 17 0.572126

13 17 0.609252

14 17 0.643974

15 17 0.676154

16 17 0.705666

17 17 0.732393

18 17 0.75623

19 17 0.777082

20 17 0.794867

21 17 0.809515

22 17 0.820969

23 17 0.829182

24 17 0.834123

25 17 0.835773

26 17 0.834123

27 17 0.829182

28 17 0.820969

29 17 0.809515

30 17 0.794867

31 17 0.777082

32 17 0.75623

33 17 0.732393

34 17 0.705666

35 17 0.676154

36 17 0.643974

37 17 0.609252

38 17 0.572126

39 17 0.532742

40 17 0.491255

41 17 0.447829

42 17 0.402637

43 17 0.355855

44 17 0.307668

45 17 0.258268

46 17 0.207848

47 17 0.156608

48 17 0.10475

49 17 0.0524786

50 17 0

0 18 0

1 18 0.0541866

2 18 0.108159

3 18 0.161705

4 18 0.214613

5 18 0.266674

6 18 0.317682

7 18 0.367436

8 18 0.415741

9 18 0.462404

10 18 0.507243

11 18 0.55008

12 18 0.590746

13 18 0.629081

14 18 0.664933

15 18 0.69816

16 18 0.728633

17 18 0.75623

18 18 0.780842

19 18 0.802373

20 18 0.820737

21 18 0.835862

22 18 0.847688

23 18 0.856169

24 18 0.861271

25 18 0.862974

26 18 0.861271

27 18 0.856169

28 18 0.847688

29 18 0.835862

30 18 0.820737

31 18 0.802373

32 18 0.780842

33 18 0.75623

34 18 0.728633

35 18 0.69816

36 18 0.664933

37 18 0.629081

38 18 0.590746

39 18 0.55008

40 18 0.507243

41 18 0.462404

42 18 0.415741

43 18 0.367436

44 18 0.317682

45 18 0.266674

46 18 0.214613

47 18 0.161705

48 18 0.108159

49 18 0.0541866

50 18 0

0 19 0

1 19 0.0556807

2 19 0.111142

3 19 0.166164

4 19 0.220531

5 19 0.274027

6 19 0.326442

7 19 0.377568

8 19 0.427204

9 19 0.475155

10 19 0.52123

11 19 0.565248

12 19 0.607035

13 19 0.646427

14 19 0.683267

15 19 0.717411

16 19 0.748724

17 19 0.777082

18 19 0.802373

19 19 0.824497

20 19 0.843368

21 19 0.85891

22 19 0.871062

23 19 0.879777

24 19 0.885019

25 19 0.886769

26 19 0.885019

27 19 0.879777

28 19 0.871062

29 19 0.85891

30 19 0.843368

31 19 0.824497

32 19 0.802373

33 19 0.777082

34 19 0.748724

35 19 0.717411

36 19 0.683267

37 19 0.646427

38 19 0.607035

39 19 0.565248

40 19 0.52123

41 19 0.475155

42 19 0.427204

43 19 0.377568

44 19 0.326442

45 19 0.274027

46 19 0.220531

47 19 0.166164

48 19 0.111142

49 19 0.0556807

50 19 0

0 20 0

1 20 0.0569551

2 20 0.113685

3 20 0.169967

4 20 0.225578

5 20 0.280298

6 20 0.333913

7 20 0.386209

8 20 0.436982

9 20 0.48603

10 20 0.533159

11 20 0.578185

12 20 0.620929

13 20 0.661222

14 20 0.698906

15 20 0.733831

16 20 0.76586

17 20 0.794867

18 20 0.820737

19 20 0.843368

20 20 0.86267

21 20 0.878568

22 20 0.890998

23 20 0.899912

24 20 0.905275

25 20 0.907065

26 20 0.905275

27 20 0.899912

28 20 0.890998

29 20 0.878568

30 20 0.86267

31 20 0.843368

32 20 0.820737

33 20 0.794867

34 20 0.76586

35 20 0.733831

36 20 0.698906

37 20 0.661222

38 20 0.620929

39 20 0.578185

40 20 0.533159

41 20 0.48603

42 20 0.436982

43 20 0.386209

44 20 0.333913

45 20 0.280298

46 20 0.225578

47 20 0.169967

48 20 0.113685

49 20 0.0569551

50 20 0

0 21 0

1 21 0.0580047

2 21 0.11578

3 21 0.173099

4 21 0.229735

5 21 0.285464

6 21 0.340066

7 21 0.393327

8 21 0.445035

9 21 0.494987

10 21 0.542985

11 21 0.58884

12 21 0.632371

13 21 0.673407

14 21 0.711785

15 21 0.747354

16 21 0.779974

17 21 0.809515

18 21 0.835862

19 21 0.85891

20 21 0.878568

21 21 0.894759

22 21 0.907418

23 21 0.916497

24 21 0.921958

25 21 0.923781

26 21 0.921958

27 21 0.916497

28 21 0.907418

29 21 0.894759

30 21 0.878568

31 21 0.85891

32 21 0.835862

33 21 0.809515

34 21 0.779974

35 21 0.747354

36 21 0.711785

37 21 0.673407

38 21 0.632371

39 21 0.58884

40 21 0.542985

41 21 0.494987

42 21 0.445035

43 21 0.393327

44 21 0.340066

45 21 0.285464

46 21 0.229735

47 21 0.173099

48 21 0.11578

49 21 0.0580047

50 21 0

0 22 0

1 22 0.0588254

2 22 0.117419

3 22 0.175548

4 22 0.232985

5 22 0.289503

6 22 0.344878

7 22 0.398892

8 22 0.451331

9 22 0.50199

10 22 0.550667

11 22 0.597171

12 22 0.641319

13 22 0.682935

14 22 0.721856

15 22 0.757928

16 22 0.791009

17 22 0.820969

18 22 0.847688

19 22 0.871062

20 22 0.890998

21 22 0.907418

22 22 0.920257

23 22 0.929464

24 22 0.935002

25 22 0.936851

26 22 0.935002

27 22 0.929464

28 22 0.920257

29 22 0.907418

30 22 0.890998

31 22 0.871062

32 22 0.847688

33 22 0.820969

34 22 0.791009

35 22 0.757928

36 22 0.721856

37 22 0.682935

38 22 0.641319

39 22 0.597171

40 22 0.550667

41 22 0.50199

42 22 0.451331

43 22 0.398892

44 22 0.344878

45 22 0.289503

46 22 0.232985

47 22 0.175548

48 22 0.117419

49 22 0.0588254

50 22 0

0 23 0

1 23 0.0594139

2 23 0.118593

3 23 0.177305

4 23 0.235316

5 23 0.292399

6 23 0.348328

7 23 0.402883

8 23 0.455847

9 23 0.507012

10 23 0.556176

11 23 0.603146

12 23 0.647735

13 23 0.689768

14 23 0.729078

15 23 0.765511

16 23 0.798923

17 23 0.829182

18 23 0.856169

19 23 0.879777

20 23 0.899912

21 23 0.916497

22 23 0.929464

23 23 0.938763

24 23 0.944357

25 23 0.946224

26 23 0.944357

27 23 0.938763

28 23 0.929464

29 23 0.916497

30 23 0.899912

31 23 0.879777

32 23 0.856169

33 23 0.829182

34 23 0.798923

35 23 0.765511

36 23 0.729078

37 23 0.689768

38 23 0.647735

39 23 0.603146

40 23 0.556176

41 23 0.507012

42 23 0.455847

43 23 0.402883

44 23 0.348328

45 23 0.292399

46 23 0.235316

47 23 0.177305

48 23 0.118593

49 23 0.0594139

50 23 0

0 24 0

1 24 0.0597679

2 24 0.1193

3 24 0.178361

4 24 0.236719

5 24 0.294142

6 24 0.350404

7 24 0.405283

8 24 0.458563

9 24 0.510033

10 24 0.559491

11 24 0.60674

12 24 0.651595

13 24 0.693878

14 24 0.733423

15 24 0.770073

16 24 0.803684

17 24 0.834123

18 24 0.861271

19 24 0.885019

20 24 0.905275

21 24 0.921958

22 24 0.935002

23 24 0.944357

24 24 0.949984

25 24 0.951862

26 24 0.949984

27 24 0.944357

28 24 0.935002

29 24 0.921958

30 24 0.905275

31 24 0.885019

32 24 0.861271

33 24 0.834123

34 24 0.803684

35 24 0.770073

36 24 0.733423

37 24 0.693878

38 24 0.651595

39 24 0.60674

40 24 0.559491

41 24 0.510033

42 24 0.458563

43 24 0.405283

44 24 0.350404

45 24 0.294142

46 24 0.236719

47 24 0.178361

48 24 0.1193

49 24 0.0597679

50 24 0

0 25 0

1 25 0.0598861

2 25 0.119536

3 25 0.178714

4 25 0.237187

5 25 0.294723

6 25 0.351097

7 25 0.406085

8 25 0.45947

9 25 0.511042

10 25 0.560597

11 25 0.60794

12 25 0.652883

13 25 0.69525

14 25 0.734873

15 25 0.771595

16 25 0.805273

17 25 0.835773

18 25 0.862974

19 25 0.886769

20 25 0.907065

21 25 0.923781

22 25 0.936851

23 25 0.946224

24 25 0.951862

25 25 0.953744

26 25 0.951862

27 25 0.946224

28 25 0.936851

29 25 0.923781

30 25 0.907065

31 25 0.886769

32 25 0.862974

33 25 0.835773

34 25 0.805273

35 25 0.771595

36 25 0.734873

37 25 0.69525

38 25 0.652883

39 25 0.60794

40 25 0.560597

41 25 0.511042

42 25 0.45947

43 25 0.406085

44 25 0.351097

45 25 0.294723

46 25 0.237187

47 25 0.178714

48 25 0.119536

49 25 0.0598861

50 25 0

0 26 0

1 26 0.0597679

2 26 0.1193

3 26 0.178361

4 26 0.236719

5 26 0.294142

6 26 0.350404

7 26 0.405283

8 26 0.458563

9 26 0.510033

10 26 0.559491

11 26 0.60674

12 26 0.651595

13 26 0.693878

14 26 0.733423

15 26 0.770073

16 26 0.803684

17 26 0.834123

18 26 0.861271

19 26 0.885019

20 26 0.905275

21 26 0.921958

22 26 0.935002

23 26 0.944357

24 26 0.949984

25 26 0.951862

26 26 0.949984

27 26 0.944357

28 26 0.935002

29 26 0.921958

30 26 0.905275

31 26 0.885019

32 26 0.861271

33 26 0.834123

34 26 0.803684

35 26 0.770073

36 26 0.733423

37 26 0.693878

38 26 0.651595

39 26 0.60674

40 26 0.559491

41 26 0.510033

42 26 0.458563

43 26 0.405283

44 26 0.350404

45 26 0.294142

46 26 0.236719

47 26 0.178361

48 26 0.1193

49 26 0.0597679

50 26 0

0 27 0

1 27 0.0594139

2 27 0.118593

3 27 0.177305

4 27 0.235316

5 27 0.292399

6 27 0.348328

7 27 0.402883

8 27 0.455847

9 27 0.507012

10 27 0.556176

11 27 0.603146

12 27 0.647735

13 27 0.689768

14 27 0.729078

15 27 0.765511

16 27 0.798923

17 27 0.829182

18 27 0.856169

19 27 0.879777

20 27 0.899912

21 27 0.916497

22 27 0.929464

23 27 0.938763

24 27 0.944357

25 27 0.946224

26 27 0.944357

27 27 0.938763

28 27 0.929464

29 27 0.916497

30 27 0.899912

31 27 0.879777

32 27 0.856169

33 27 0.829182

34 27 0.798923

35 27 0.765511

36 27 0.729078

37 27 0.689768

38 27 0.647735

39 27 0.603146

40 27 0.556176

41 27 0.507012

42 27 0.455847

43 27 0.402883

44 27 0.348328

45 27 0.292399

46 27 0.235316

47 27 0.177305

48 27 0.118593

49 27 0.0594139

50 27 0

0 28 0

1 28 0.0588254

2 28 0.117419

3 28 0.175548

4 28 0.232985

5 28 0.289503

6 28 0.344878

7 28 0.398892

8 28 0.451331

9 28 0.50199

10 28 0.550667

11 28 0.597171

12 28 0.641319

13 28 0.682935

14 28 0.721856

15 28 0.757928

16 28 0.791009

17 28 0.820969

18 28 0.847688

19 28 0.871062

20 28 0.890998

21 28 0.907418

22 28 0.920257

23 28 0.929464

24 28 0.935002

25 28 0.936851

26 28 0.935002

27 28 0.929464

28 28 0.920257

29 28 0.907418

30 28 0.890998

31 28 0.871062

32 28 0.847688

33 28 0.820969

34 28 0.791009

35 28 0.757928

36 28 0.721856

37 28 0.682935

38 28 0.641319

39 28 0.597171

40 28 0.550667

41 28 0.50199

42 28 0.451331

43 28 0.398892

44 28 0.344878

45 28 0.289503

46 28 0.232985

47 28 0.175548

48 28 0.117419

49 28 0.0588254

50 28 0

0 29 0

1 29 0.0580047

2 29 0.11578

3 29 0.173099

4 29 0.229735

5 29 0.285464

6 29 0.340066

7 29 0.393327

8 29 0.445035

9 29 0.494987

10 29 0.542985

11 29 0.58884

12 29 0.632371

13 29 0.673407

14 29 0.711785

15 29 0.747354

16 29 0.779974

17 29 0.809515

18 29 0.835862

19 29 0.85891

20 29 0.878568

21 29 0.894759

22 29 0.907418

23 29 0.916497

24 29 0.921958

25 29 0.923781

26 29 0.921958

27 29 0.916497

28 29 0.907418

29 29 0.894759

30 29 0.878568

31 29 0.85891

32 29 0.835862

33 29 0.809515

34 29 0.779974

35 29 0.747354

36 29 0.711785

37 29 0.673407

38 29 0.632371

39 29 0.58884

40 29 0.542985

41 29 0.494987

42 29 0.445035

43 29 0.393327

44 29 0.340066

45 29 0.285464

46 29 0.229735

47 29 0.173099

48 29 0.11578

49 29 0.0580047

50 29 0

0 30 0

1 30 0.0569551

2 30 0.113685

3 30 0.169967

4 30 0.225578

5 30 0.280298

6 30 0.333913

7 30 0.386209

8 30 0.436982

9 30 0.48603

10 30 0.533159

11 30 0.578185

12 30 0.620929

13 30 0.661222

14 30 0.698906

15 30 0.733831

16 30 0.76586

17 30 0.794867

18 30 0.820737

19 30 0.843368

20 30 0.86267

21 30 0.878568

22 30 0.890998

23 30 0.899912

24 30 0.905275

25 30 0.907065

26 30 0.905275

27 30 0.899912

28 30 0.890998

29 30 0.878568

30 30 0.86267

31 30 0.843368

32 30 0.820737

33 30 0.794867

34 30 0.76586

35 30 0.733831

36 30 0.698906

37 30 0.661222

38 30 0.620929

39 30 0.578185

40 30 0.533159

41 30 0.48603

42 30 0.436982

43 30 0.386209

44 30 0.333913

45 30 0.280298

46 30 0.225578

47 30 0.169967

48 30 0.113685

49 30 0.0569551

50 30 0

0 31 0

1 31 0.0556807

2 31 0.111142

3 31 0.166164

4 31 0.220531

5 31 0.274027

6 31 0.326442

7 31 0.377568

8 31 0.427204

9 31 0.475155

10 31 0.52123

11 31 0.565248

12 31 0.607035

13 31 0.646427

14 31 0.683267

15 31 0.717411

16 31 0.748724

17 31 0.777082

18 31 0.802373

19 31 0.824497

20 31 0.843368

21 31 0.85891

22 31 0.871062

23 31 0.879777

24 31 0.885019

25 31 0.886769

26 31 0.885019

27 31 0.879777

28 31 0.871062

29 31 0.85891

30 31 0.843368

31 31 0.824497

32 31 0.802373

33 31 0.777082

34 31 0.748724

35 31 0.717411

36 31 0.683267

37 31 0.646427

38 31 0.607035

39 31 0.565248

40 31 0.52123

41 31 0.475155

42 31 0.427204

43 31 0.377568

44 31 0.326442

45 31 0.274027

46 31 0.220531

47 31 0.166164

48 31 0.111142

49 31 0.0556807

50 31 0

0 32 0

1 32 0.0541866

2 32 0.108159

3 32 0.161705

4 32 0.214613

5 32 0.266674

6 32 0.317682

7 32 0.367436

8 32 0.415741

9 32 0.462404

10 32 0.507243

11 32 0.55008

12 32 0.590746

13 32 0.629081

14 32 0.664933

15 32 0.69816

16 32 0.728633

17 32 0.75623

18 32 0.780842

19 32 0.802373

20 32 0.820737

21 32 0.835862

22 32 0.847688

23 32 0.856169

24 32 0.861271

25 32 0.862974

26 32 0.861271

27 32 0.856169

28 32 0.847688

29 32 0.835862

30 32 0.820737

31 32 0.802373

32 32 0.780842

33 32 0.75623

34 32 0.728633

35 32 0.69816

36 32 0.664933

37 32 0.629081

38 32 0.590746

39 32 0.55008

40 32 0.507243

41 32 0.462404

42 32 0.415741

43 32 0.367436

44 32 0.317682

45 32 0.266674

46 32 0.214613

47 32 0.161705

48 32 0.108159

49 32 0.0541866

50 32 0

0 33 0

1 33 0.0524786

2 33 0.10475

3 33 0.156608

4 33 0.207848

5 33 0.258268

6 33 0.307668

7 33 0.355855

8 33 0.402637

9 33 0.447829

10 33 0.491255

11 33 0.532742

12 33 0.572126

13 33 0.609252

14 33 0.643974

15 33 0.676154

16 33 0.705666

17 33 0.732393

18 33 0.75623

19 33 0.777082

20 33 0.794867

21 33 0.809515

22 33 0.820969

23 33 0.829182

24 33 0.834123

25 33 0.835773

26 33 0.834123

27 33 0.829182

28 33 0.820969

29 33 0.809515

30 33 0.794867

31 33 0.777082

32 33 0.75623

33 33 0.732393

34 33 0.705666

35 33 0.676154

36 33 0.643974

37 33 0.609252

38 33 0.572126

39 33 0.532742

40 33 0.491255

41 33 0.447829

42 33 0.402637

43 33 0.355855

44 33 0.307668

45 33 0.258268

46 33 0.207848

47 33 0.156608

48 33 0.10475

49 33 0.0524786

50 33 0

0 34 0

1 34 0.0505635

2 34 0.100927

3 34 0.150893

4 34 0.200263

5 34 0.248843

6 34 0.296441

7 34 0.342869

8 34 0.387943

9 34 0.431487

10 34 0.473328

11 34 0.5133

12 34 0.551247

13 34 0.587019

14 34 0.620474

15 34 0.65148

16 34 0.679915

17 34 0.705666

18 34 0.728633

19 34 0.748724

20 34 0.76586

21 34 0.779974

22 34 0.791009

23 34 0.798923

24 34 0.803684

25 34 0.805273

26 34 0.803684

27 34 0.798923

28 34 0.791009

29 34 0.779974

30 34 0.76586

31 34 0.748724

32 34 0.728633

33 34 0.705666

34 34 0.679915

35 34 0.65148

36 34 0.620474

37 34 0.587019

38 34 0.551247

39 34 0.5133

40 34 0.473328

41 34 0.431487

42 34 0.387943

43 34 0.342869

44 34 0.296441

45 34 0.248843

46 34 0.200263

47 34 0.150893

48 34 0.100927

49 34 0.0505635

50 34 0

0 35 0

1 35 0.0484489

2 35 0.0967066

3 35 0.144583

4 35 0.191888

5 35 0.238436

6 35 0.284043

7 35 0.328529

8 35 0.371719

9 35 0.413442

10 35 0.453532

11 35 0.491833

12 35 0.528193

13 35 0.562469

14 35 0.594525

15 35 0.624234

16 35 0.65148

17 35 0.676154

18 35 0.69816

19 35 0.717411

20 35 0.733831

21 35 0.747354

22 35 0.757928

23 35 0.765511

24 35 0.770073

25 35 0.771595

26 35 0.770073

27 35 0.765511

28 35 0.757928

29 35 0.747354

30 35 0.733831

31 35 0.717411

32 35 0.69816

33 35 0.676154

34 35 0.65148

35 35 0.624234

36 35 0.594525

37 35 0.562469

38 35 0.528193

39 35 0.491833

40 35 0.453532

41 35 0.413442

42 35 0.371719

43 35 0.328529

44 35 0.284043

45 35 0.238436

46 35 0.191888

47 35 0.144583

48 35 0.0967066

49 35 0.0484489

50 35 0

0 36 0

1 36 0.046143

2 36 0.092104

3 36 0.137701

4 36 0.182755

5 36 0.227088

6 36 0.270525

7 36 0.312894

8 36 0.354028

9 36 0.393765

10 36 0.431947

11 36 0.468426

12 36 0.503055

13 36 0.535699

14 36 0.566229

15 36 0.594525

16 36 0.620474

17 36 0.643974

18 36 0.664933

19 36 0.683267

20 36 0.698906

21 36 0.711785

22 36 0.721856

23 36 0.729078

24 36 0.733423

25 36 0.734873

26 36 0.733423

27 36 0.729078

28 36 0.721856

29 36 0.711785

30 36 0.698906

31 36 0.683267

32 36 0.664933

33 36 0.643974

34 36 0.620474

35 36 0.594525

36 36 0.566229

37 36 0.535699

38 36 0.503055

39 36 0.468426

40 36 0.431947

41 36 0.393765

42 36 0.354028

43 36 0.312894

44 36 0.270525

45 36 0.227088

46 36 0.182755

47 36 0.137701

48 36 0.092104

49 36 0.046143

50 36 0

0 37 0

1 37 0.0436551

2 37 0.0871379

3 37 0.130277

4 37 0.172902

5 37 0.214844

6 37 0.255939

7 37 0.296023

8 37 0.334939

9 37 0.372533

10 37 0.408658

11 37 0.443169

12 37 0.475931

13 37 0.506815

14 37 0.535699

15 37 0.562469

16 37 0.587019

17 37 0.609252

18 37 0.629081

19 37 0.646427

20 37 0.661222

21 37 0.673407

22 37 0.682935

23 37 0.689768

24 37 0.693878

25 37 0.69525

26 37 0.693878

27 37 0.689768

28 37 0.682935

29 37 0.673407

30 37 0.661222

31 37 0.646427

32 37 0.629081

33 37 0.609252

34 37 0.587019

35 37 0.562469

36 37 0.535699

37 37 0.506815

38 37 0.475931

39 37 0.443169

40 37 0.408658

41 37 0.372533

42 37 0.334939

43 37 0.296023

44 37 0.255939

45 37 0.214844

46 37 0.172902

47 37 0.130277

48 37 0.0871379

49 37 0.0436551

50 37 0

0 38 0

1 38 0.0409949

2 38 0.0818279

3 38 0.122338

4 38 0.162365

5 38 0.201752

6 38 0.240342

7 38 0.277984

8 38 0.314529

9 38 0.349832

10 38 0.383755

11 38 0.416163

12 38 0.446929

13 38 0.475931

14 38 0.503055

15 38 0.528193

16 38 0.551247

17 38 0.572126

18 38 0.590746

19 38 0.607035

20 38 0.620929

21 38 0.632371

22 38 0.641319

23 38 0.647735

24 38 0.651595

25 38 0.652883

26 38 0.651595

27 38 0.647735

28 38 0.641319

29 38 0.632371

30 38 0.620929

31 38 0.607035

32 38 0.590746

33 38 0.572126

34 38 0.551247

35 38 0.528193

36 38 0.503055

37 38 0.475931

38 38 0.446929

39 38 0.416163

40 38 0.383755

41 38 0.349832

42 38 0.314529

43 38 0.277984

44 38 0.240342

45 38 0.201752

46 38 0.162365

47 38 0.122338

48 38 0.0818279

49 38 0.0409949

50 38 0

0 39 0

1 39 0.0381728

2 39 0.076195

3 39 0.113917

4 39 0.151188

5 39 0.187864

6 39 0.223797

7 39 0.258848

8 39 0.292877

9 39 0.32575

10 39 0.357338

11 39 0.387515

12 39 0.416163

13 39 0.443169

14 39 0.468426

15 39 0.491833

16 39 0.5133

17 39 0.532742

18 39 0.55008

19 39 0.565248

20 39 0.578185

21 39 0.58884

22 39 0.597171

23 39 0.603146

24 39 0.60674

25 39 0.60794

26 39 0.60674

27 39 0.603146

28 39 0.597171

29 39 0.58884

30 39 0.578185

31 39 0.565248

32 39 0.55008

33 39 0.532742

34 39 0.5133

35 39 0.491833

36 39 0.468426

37 39 0.443169

38 39 0.416163

39 39 0.387515

40 39 0.357338

41 39 0.32575

42 39 0.292877

43 39 0.258848

44 39 0.223797

45 39 0.187864

46 39 0.151188

47 39 0.113917

48 39 0.076195

49 39 0.0381728

50 39 0

0 40 0

1 40 0.0352002

2 40 0.0702614

3 40 0.105045

4 40 0.139415

5 40 0.173234

6 40 0.206369

7 40 0.238691

8 40 0.27007

9 40 0.300383

10 40 0.329511

11 40 0.357338

12 40 0.383755

13 40 0.408658

14 40 0.431947

15 40 0.453532

16 40 0.473328

17 40 0.491255

18 40 0.507243

19 40 0.52123

20 40 0.533159

21 40 0.542985

22 40 0.550667

23 40 0.556176

24 40 0.559491

25 40 0.560597

26 40 0.559491

27 40 0.556176

28 40 0.550667

29 40 0.542985

30 40 0.533159

31 40 0.52123

32 40 0.507243

33 40 0.491255

34 40 0.473328

35 40 0.453532

36 40 0.431947

37 40 0.408658

38 40 0.383755

39 40 0.357338

40 40 0.329511

41 40 0.300383

42 40 0.27007

43 40 0.238691

44 40 0.206369

45 40 0.173234

46 40 0.139415

47 40 0.105045

48 40 0.0702614

49 40 0.0352002

50 40 0

0 41 0

1 41 0.0320886

2 41 0.0640505

3 41 0.0957597

4 41 0.127091

5 41 0.157921

6 41 0.188127

7 41 0.217591

8 41 0.246196

9 41 0.27383

10 41 0.300383

11 41 0.32575

12 41 0.349832

13 41 0.372533

14 41 0.393765

15 41 0.413442

16 41 0.431487

17 41 0.447829

18 41 0.462404

19 41 0.475155

20 41 0.48603

21 41 0.494987

22 41 0.50199

23 41 0.507012

24 41 0.510033

25 41 0.511042

26 41 0.510033

27 41 0.507012

28 41 0.50199

29 41 0.494987

30 41 0.48603

31 41 0.475155

32 41 0.462404

33 41 0.447829

34 41 0.431487

35 41 0.413442

36 41 0.393765

37 41 0.372533

38 41 0.349832

39 41 0.32575

40 41 0.300383

41 41 0.27383

42 41 0.246196

43 41 0.217591

44 41 0.188127

45 41 0.157921

46 41 0.127091

47 41 0.0957597

48 41 0.0640505

49 41 0.0320886

50 41 0

0 42 0

1 42 0.0288504

2 42 0.0575868

3 42 0.0860961

4 42 0.114266

5 42 0.141984

6 42 0.169142

7 42 0.195633

8 42 0.221351

9 42 0.246196

10 42 0.27007

11 42 0.292877

12 42 0.314529

13 42 0.334939

14 42 0.354028

15 42 0.371719

16 42 0.387943

17 42 0.402637

18 42 0.415741

19 42 0.427204

20 42 0.436982

21 42 0.445035

22 42 0.451331

23 42 0.455847

24 42 0.458563

25 42 0.45947

26 42 0.458563

27 42 0.455847

28 42 0.451331

29 42 0.445035

30 42 0.436982

31 42 0.427204

32 42 0.415741

33 42 0.402637

34 42 0.387943

35 42 0.371719

36 42 0.354028

37 42 0.334939

38 42 0.314529

39 42 0.292877

40 42 0.27007

41 42 0.246196

42 42 0.221351

43 42 0.195633

44 42 0.169142

45 42 0.141984

46 42 0.114266

47 42 0.0860961

48 42 0.0575868

49 42 0.0288504

50 42 0

0 43 0

1 43 0.0254983

2 43 0.0508959

3 43 0.0760927

4 43 0.100989

5 43 0.125487

6 43 0.14949

7 43 0.172902

8 43 0.195633

9 43 0.217591

10 43 0.238691

11 43 0.258848

12 43 0.277984

13 43 0.296023

14 43 0.312894

15 43 0.328529

16 43 0.342869

17 43 0.355855

18 43 0.367436

19 43 0.377568

20 43 0.386209

21 43 0.393327

22 43 0.398892

23 43 0.402883

24 43 0.405283

25 43 0.406085

26 43 0.405283

27 43 0.402883

28 43 0.398892

29 43 0.393327

30 43 0.386209

31 43 0.377568

32 43 0.367436

33 43 0.355855

34 43 0.342869

35 43 0.328529

36 43 0.312894

37 43 0.296023

38 43 0.277984

39 43 0.258848

40 43 0.238691

41 43 0.217591

42 43 0.195633

43 43 0.172902

44 43 0.14949

45 43 0.125487

46 43 0.100989

47 43 0.0760927

48 43 0.0508959

49 43 0.0254983

50 43 0

0 44 0

1 44 0.0220455

2 44 0.0440041

3 44 0.065789

4 44 0.0873142

5 44 0.108495

6 44 0.129247

7 44 0.14949

8 44 0.169142

9 44 0.188127

10 44 0.206369

11 44 0.223797

12 44 0.240342

13 44 0.255939

14 44 0.270525

15 44 0.284043

16 44 0.296441

17 44 0.307668

18 44 0.317682

19 44 0.326442

20 44 0.333913

21 44 0.340066

22 44 0.344878

23 44 0.348328

24 44 0.350404

25 44 0.351097

26 44 0.350404

27 44 0.348328

28 44 0.344878

29 44 0.340066

30 44 0.333913

31 44 0.326442

32 44 0.317682

33 44 0.307668

34 44 0.296441

35 44 0.284043

36 44 0.270525

37 44 0.255939

38 44 0.240342

39 44 0.223797

40 44 0.206369

41 44 0.188127

42 44 0.169142

43 44 0.14949

44 44 0.129247

45 44 0.108495

46 44 0.0873142

47 44 0.065789

48 44 0.0440041

49 44 0.0220455

50 44 0

0 45 0

1 45 0.0185058

2 45 0.0369386

3 45 0.0552256

4 45 0.0732947

5 45 0.0910745

6 45 0.108495

7 45 0.125487

8 45 0.141984

9 45 0.157921

10 45 0.173234

11 45 0.187864

12 45 0.201752

13 45 0.214844

14 45 0.227088

15 45 0.238436

16 45 0.248843

17 45 0.258268

18 45 0.266674

19 45 0.274027

20 45 0.280298

21 45 0.285464

22 45 0.289503

23 45 0.292399

24 45 0.294142

25 45 0.294723

26 45 0.294142

27 45 0.292399

28 45 0.289503

29 45 0.285464

30 45 0.280298

31 45 0.274027

32 45 0.266674

33 45 0.258268

34 45 0.248843

35 45 0.238436

36 45 0.227088

37 45 0.214844

38 45 0.201752

39 45 0.187864

40 45 0.173234

41 45 0.157921

42 45 0.141984

43 45 0.125487

44 45 0.108495

45 45 0.0910745

46 45 0.0732947

47 45 0.0552256

48 45 0.0369386

49 45 0.0185058

50 45 0

0 46 0

1 46 0.0148931

2 46 0.0297274

3 46 0.0444443

4 46 0.0589859

5 46 0.0732947

6 46 0.0873142

7 46 0.100989

8 46 0.114266

9 46 0.127091

10 46 0.139415

11 46 0.151188

12 46 0.162365

13 46 0.172902

14 46 0.182755

15 46 0.191888

16 46 0.200263

17 46 0.207848

18 46 0.214613

19 46 0.220531

20 46 0.225578

21 46 0.229735

22 46 0.232985

23 46 0.235316

24 46 0.236719

25 46 0.237187

26 46 0.236719

27 46 0.235316

28 46 0.232985

29 46 0.229735

30 46 0.225578

31 46 0.220531

32 46 0.214613

33 46 0.207848

34 46 0.200263

35 46 0.191888

36 46 0.182755

37 46 0.172902

38 46 0.162365

39 46 0.151188

40 46 0.139415

41 46 0.127091

42 46 0.114266

43 46 0.100989

44 46 0.0873142

45 46 0.0732947

46 46 0.0589859

47 46 0.0444443

48 46 0.0297274

49 46 0.0148931

50 46 0

0 47 0

1 47 0.0112215

2 47 0.0223988

3 47 0.0334876

4 47 0.0444443

5 47 0.0552256

6 47 0.065789

7 47 0.0760927

8 47 0.0860961

9 47 0.0957597

10 47 0.105045

11 47 0.113917

12 47 0.122338

13 47 0.130277

14 47 0.137701

15 47 0.144583

16 47 0.150893

17 47 0.156608

18 47 0.161705

19 47 0.166164

20 47 0.169967

21 47 0.173099

22 47 0.175548

23 47 0.177305

24 47 0.178361

25 47 0.178714

26 47 0.178361

27 47 0.177305

28 47 0.175548

29 47 0.173099

30 47 0.169967

31 47 0.166164

32 47 0.161705

33 47 0.156608

34 47 0.150893

35 47 0.144583

36 47 0.137701

37 47 0.130277

38 47 0.122338

39 47 0.113917

40 47 0.105045

41 47 0.0957597

42 47 0.0860961

43 47 0.0760927

44 47 0.065789

45 47 0.0552256

46 47 0.0444443

47 47 0.0334876

48 47 0.0223988

49 47 0.0112215

50 47 0

0 48 0

1 48 0.00750572

2 48 0.0149818

3 48 0.0223988

4 48 0.0297274

5 48 0.0369386

6 48 0.0440041

7 48 0.0508959

8 48 0.0575868

9 48 0.0640505

10 48 0.0702614

11 48 0.076195

12 48 0.0818279

13 48 0.0871379

14 48 0.092104

15 48 0.0967066

16 48 0.100927

17 48 0.10475

18 48 0.108159

19 48 0.111142

20 48 0.113685

21 48 0.11578

22 48 0.117419

23 48 0.118593

24 48 0.1193

25 48 0.119536

26 48 0.1193

27 48 0.118593

28 48 0.117419

29 48 0.11578

30 48 0.113685

31 48 0.111142

32 48 0.108159

33 48 0.10475

34 48 0.100927

35 48 0.0967066

36 48 0.092104

37 48 0.0871379

38 48 0.0818279

39 48 0.076195

40 48 0.0702614

41 48 0.0640505

42 48 0.0575868

43 48 0.0508959

44 48 0.0440041

45 48 0.0369386

46 48 0.0297274

47 48 0.0223988

48 48 0.0149818

49 48 0.00750572

50 48 0

0 49 0

1 49 0.00376028

2 49 0.00750572

3 49 0.0112215

4 49 0.0148931

5 49 0.0185058

6 49 0.0220455

7 49 0.0254983

8 49 0.0288504

9 49 0.0320886

10 49 0.0352002

11 49 0.0381728

12 49 0.0409949

13 49 0.0436551

14 49 0.046143

15 49 0.0484489

16 49 0.0505635

17 49 0.0524786

18 49 0.0541866

19 49 0.0556807

20 49 0.0569551

21 49 0.0580047

22 49 0.0588254

23 49 0.0594139

24 49 0.0597679

25 49 0.0598861

26 49 0.0597679

27 49 0.0594139

28 49 0.0588254

29 49 0.0580047

30 49 0.0569551

31 49 0.0556807

32 49 0.0541866

33 49 0.0524786

34 49 0.0505635

35 49 0.0484489

36 49 0.046143

37 49 0.0436551

38 49 0.0409949

39 49 0.0381728

40 49 0.0352002

41 49 0.0320886

42 49 0.0288504

43 49 0.0254983

44 49 0.0220455

45 49 0.0185058

46 49 0.0148931

47 49 0.0112215

48 49 0.00750572

49 49 0.00376028

50 49 0

