0 1 0

1 1 0.000705481

2 1 0.00140818

3 1 0.00210532

4 1 0.00279415

5 1 0.00347195

6 1 0.00413605

7 1 0.00478383

8 1 0.00541273

9 1 0.00602026

10 1 0.00660404

11 1 0.00716176

12 1 0.00769121

13 1 0.0081903

14 1 0.00865708

15 1 0.00908968

16 1 0.00948642

17 1 0.00984572

18 1 0.0101662

19 1 0.0104465

20 1 0.0106856

21 1 0.0108825

22 1 0.0110365

23 1 0.0111469

24 1 0.0112133

25 1 0.0112355

26 1 0.0112133

27 1 0.0111469

28 1 0.0110365

29 1 0.0108825

30 1 0.0106856

31 1 0.0104465

32 1 0.0101662

33 1 0.00984572

34 1 0.00948642

35 1 0.00908968

36 1 0.00865708

37 1 0.0081903

38 1 0.00769121

39 1 0.00716176

40 1 0.00660404

41 1 0.00602026

42 1 0.00541273

43 1 0.00478383

44 1 0.00413605

45 1 0.00347195

46 1 0.00279415

47 1 0.00210532

48 1 0.00140818

49 1 0.000705481

50 1 0

0 2 0

1 2 0.00140818

2 2 0.0028108

3 2 0.00420232

4 2 0.00557727

5 2 0.0069302

6 2 0.00825578

7 2 0.00954878

8 2 0.0108041

9 2 0.0120168

10 2 0.013182

11 2 0.0142952

12 2 0.0153521

13 2 0.0163483

14 2 0.01728

15 2 0.0181435

16 2 0.0189354

17 2 0.0196526

18 2 0.0202922

19 2 0.0208517

20 2 0.021329

21 2 0.021722

22 2 0.0220294

23 2 0.0222498

24 2 0.0223823

25 2 0.0224266

26 2 0.0223823

27 2 0.0222498

28 2 0.0220294

29 2 0.021722

30 2 0.021329

31 2 0.0208517

32 2 0.0202922

33 2 0.0196526

34 2 0.0189354

35 2 0.0181435

36 2 0.01728

37 2 0.0163483

38 2 0.0153521

39 2 0.0142952

40 2 0.013182

41 2 0.0120168

42 2 0.0108041

43 2 0.00954878

44 2 0.00825578

45 2 0.0069302

46 2 0.00557727

47 2 0.00420232

48 2 0.0028108

49 2 0.00140818

50 2 0

0 3 0

1 3 0.00210532

2 3 0.00420232

3 3 0.00628275

4 3 0.00833838

5 3 0.0103611

6 3 0.0123429

7 3 0.014276

8 3 0.0161528

9 3 0.0179659

10 3 0.019708

11 3 0.0213723

12 3 0.0229523

13 3 0.0244417

14 3 0.0258347

15 3 0.0271257

16 3 0.0283097

17 3 0.0293819

18 3 0.0303381

19 3 0.0311747

20 3 0.0318882

21 3 0.0324758

22 3 0.0329353

23 3 0.0332648

24 3 0.0334631

25 3 0.0335292

26 3 0.0334631

27 3 0.0332648

28 3 0.0329353

29 3 0.0324758

30 3 0.0318882

31 3 0.0311747

32 3 0.0303381

33 3 0.0293819

34 3 0.0283097

35 3 0.0271257

36 3 0.0258347

37 3 0.0244417

38 3 0.0229523

39 3 0.0213723

40 3 0.019708

41 3 0.0179659

42 3 0.0161528

43 3 0.014276

44 3 0.0123429

45 3 0.0103611

46 3 0.00833838

47 3 0.00628275

48 3 0.00420232

49 3 0.00210532

50 3 0

0 4 0

1 4 0.00279415

2 4 0.00557727

3 4 0.00833838

4 4 0.0110666

5 4 0.0137511

6 4 0.0163814

7 4 0.018947

8 4 0.0214378

9 4 0.023844

10 4 0.0261562

11 4 0.0283651

12 4 0.030462

13 4 0.0324387

14 4 0.0342875

15 4 0.0360009

16 4 0.0375722

17 4 0.0389952

18 4 0.0402644

19 4 0.0413746

20 4 0.0423215

21 4 0.0431015

22 4 0.0437113

23 4 0.0441486

24 4 0.0444117

25 4 0.0444995

26 4 0.0444117

27 4 0.0441486

28 4 0.0437113

29 4 0.0431015

30 4 0.0423215

31 4 0.0413746

32 4 0.0402644

33 4 0.0389952

34 4 0.0375722

35 4 0.0360009

36 4 0.0342875

37 4 0.0324387

38 4 0.030462

39 4 0.0283651

40 4 0.0261562

41 4 0.023844

42 4 0.0214378

43 4 0.018947

44 4 0.0163814

45 4 0.0137511

46 4 0.0110666

47 4 0.00833838

48 4 0.00557727

49 4 0.00279415

50 4 0

0 5 0

1 5 0.00347195

2 5 0.0069302

3 5 0.0103611

4 5 0.0137511

5 5 0.0170868

6 5 0.0203551

7 5 0.0235431

8 5 0.0266382

9 5 0.0296281

10 5 0.0325011

11 5 0.0352458

12 5 0.0378515

13 5 0.0403077

14 5 0.0426049

15 5 0.0447339

16 5 0.0466864

17 5 0.0484547

18 5 0.0500317

19 5 0.0514112

20 5 0.0525879

21 5 0.053557

22 5 0.0543148

23 5 0.0548582

24 5 0.0551851

25 5 0.0552942

26 5 0.0551851

27 5 0.0548582

28 5 0.0543148

29 5 0.053557

30 5 0.0525879

31 5 0.0514112

32 5 0.0500317

33 5 0.0484547

34 5 0.0466864

35 5 0.0447339

36 5 0.0426049

37 5 0.0403077

38 5 0.0378515

39 5 0.0352458

40 5 0.0325011

41 5 0.0296281

42 5 0.0266382

43 5 0.0235431

44 5 0.0203551

45 5 0.0170868

46 5 0.0137511

47 5 0.0103611

48 5 0.0069302

49 5 0.00347195

50 5 0

0 6 0

1 6 0.00413605

2 6 0.00825578

3 6 0.0123429

4 6 0.0163814

5 6 0.0203551

6 6 0.0242486

7 6 0.0280464

8 6 0.0317334

9 6 0.0352953

10 6 0.0387178

11 6 0.0419875

12 6 0.0450916

13 6 0.0480176

14 6 0.0507542

15 6 0.0532905

16 6 0.0556164

17 6 0.0577229

18 6 0.0596015

19 6 0.061245

20 6 0.0626467

21 6 0.0638012

22 6 0.0647039

23 6 0.0653512

24 6 0.0657407

25 6 0.0658706

26 6 0.0657407

27 6 0.0653512

28 6 0.0647039

29 6 0.0638012

30 6 0.0626467

31 6 0.061245

32 6 0.0596015

33 6 0.0577229

34 6 0.0556164

35 6 0.0532905

36 6 0.0507542

37 6 0.0480176

38 6 0.0450916

39 6 0.0419875

40 6 0.0387178

41 6 0.0352953

42 6 0.0317334

43 6 0.0280464

44 6 0.0242486

45 6 0.0203551

46 6 0.0163814

47 6 0.0123429

48 6 0.00825578

49 6 0.00413605

50 6 0

0 7 0

1 7 0.00478383

2 7 0.00954878

3 7 0.014276

4 7 0.018947

5 7 0.0235431

6 7 0.0280464

7 7 0.0324389

8 7 0.0367034

9 7 0.0408231

10 7 0.0447817

11 7 0.0485635

12 7 0.0521537

13 7 0.055538

14 7 0.0587032

15 7 0.0616367

16 7 0.0643269

17 7 0.0667633

18 7 0.0689362

19 7 0.070837

20 7 0.0724583

21 7 0.0737936

22 7 0.0748376

23 7 0.0755864

24 7 0.0760368

25 7 0.0761871

26 7 0.0760368

27 7 0.0755864

28 7 0.0748376

29 7 0.0737936

30 7 0.0724583

31 7 0.070837

32 7 0.0689362

33 7 0.0667633

34 7 0.0643269

35 7 0.0616367

36 7 0.0587032

37 7 0.055538

38 7 0.0521537

39 7 0.0485635

40 7 0.0447817

41 7 0.0408231

42 7 0.0367034

43 7 0.0324389

44 7 0.0280464

45 7 0.0235431

46 7 0.018947

47 7 0.014276

48 7 0.00954878

49 7 0.00478383

50 7 0

0 8 0

1 8 0.00541273

2 8 0.0108041

3 8 0.0161528

4 8 0.0214378

5 8 0.0266382

6 8 0.0317334

7 8 0.0367034

8 8 0.0415286

9 8 0.0461898

10 8 0.0506688

11 8 0.0549478

12 8 0.05901

13 8 0.0628392

14 8 0.0664205

15 8 0.0697397

16 8 0.0727836

17 8 0.0755402

18 8 0.0779988

19 8 0.0801495

20 8 0.0819839

21 8 0.0834947

22 8 0.0846761

23 8 0.0855232

24 8 0.0860328

25 8 0.0862029

26 8 0.0860328

27 8 0.0855232

28 8 0.0846761

29 8 0.0834947

30 8 0.0819839

31 8 0.0801495

32 8 0.0779988

33 8 0.0755402

34 8 0.0727836

35 8 0.0697397

36 8 0.0664205

37 8 0.0628392

38 8 0.05901

39 8 0.0549478

40 8 0.0506688

41 8 0.0461898

42 8 0.0415286

43 8 0.0367034

44 8 0.0317334

45 8 0.0266382

46 8 0.0214378

47 8 0.0161528

48 8 0.0108041

49 8 0.00541273

50 8 0

0 9 0

1 9 0.00602026

2 9 0.0120168

3 9 0.0179659

4 9 0.023844

5 9 0.0296281

6 9 0.0352953

7 9 0.0408231

8 9 0.0461898

9 9 0.0513743

10 9 0.056356

11 9 0.0611153

12 9 0.0656334

13 9 0.0698925

14 9 0.0738757

15 9 0.0775674

16 9 0.0809529

17 9 0.084019

18 9 0.0867535

19 9 0.0891456

20 9 0.0911859

21 9 0.0928664

22 9 0.0941803

23 9 0.0951225

24 9 0.0956894

25 9 0.0958786

26 9 0.0956894

27 9 0.0951225

28 9 0.0941803

29 9 0.0928664

30 9 0.0911859

31 9 0.0891456

32 9 0.0867535

33 9 0.084019

34 9 0.0809529

35 9 0.0775674

36 9 0.0738757

37 9 0.0698925

38 9 0.0656334

39 9 0.0611153

40 9 0.056356

41 9 0.0513743

42 9 0.0461898

43 9 0.0408231

44 9 0.0352953

45 9 0.0296281

46 9 0.023844

47 9 0.0179659

48 9 0.0120168

49 9 0.00602026

50 9 0

0 10 0

1 10 0.00660404

2 10 0.013182

3 10 0.019708

4 10 0.0261562

5 10 0.0325011

6 10 0.0387178

7 10 0.0447817

8 10 0.0506688

9 10 0.056356

10 10 0.0618208

11 10 0.0670416

12 10 0.0719978

13 10 0.0766698

14 10 0.0810393

15 10 0.085089

16 10 0.0888029

17 10 0.0921662

18 10 0.0951659

19 10 0.09779

20 10 0.100028

21 10 0.101871

22 10 0.103313

23 10 0.104346

24 10 0.104968

25 10 0.105176

26 10 0.104968

27 10 0.104346

28 10 0.103313

29 10 0.101871

30 10 0.100028

31 10 0.09779

32 10 0.0951659

33 10 0.0921662

34 10 0.0888029

35 10 0.085089

36 10 0.0810393

37 10 0.0766698

38 10 0.0719978

39 10 0.0670416

40 10 0.0618208

41 10 0.056356

42 10 0.0506688

43 10 0.0447817

44 10 0.0387178

45 10 0.0325011

46 10 0.0261562

47 10 0.019708

48 10 0.013182

49 10 0.00660404

50 10 0

0 11 0

1 11 0.00716176

2 11 0.0142952

3 11 0.0213723

4 11 0.0283651

5 11 0.0352458

6 11 0.0419875

7 11 0.0485635

8 11 0.0549478

9 11 0.0611153

10 11 0.0670416

11 11 0.0727033

12 11 0.078078

13 11 0.0831447

14 11 0.0878831

15 11 0.0922748

16 11 0.0963023

17 11 0.0999497

18 11 0.103203

19 11 0.106048

20 11 0.108476

21 11 0.110475

22 11 0.112038

23 11 0.113159

24 11 0.113833

25 11 0.114058

26 11 0.113833

27 11 0.113159

28 11 0.112038

29 11 0.110475

30 11 0.108476

31 11 0.106048

32 11 0.103203

33 11 0.0999497

34 11 0.0963023

35 11 0.0922748

36 11 0.0878831

37 11 0.0831447

38 11 0.078078

39 11 0.0727033

40 11 0.0670416

41 11 0.0611153

42 11 0.0549478

43 11 0.0485635

44 11 0.0419875

45 11 0.0352458

46 11 0.0283651

47 11 0.0213723

48 11 0.0142952

49 11 0.00716176

50 11 0

0 12 0

1 12 0.00769121

2 12 0.0153521

3 12 0.0229523

4 12 0.030462

5 12 0.0378515

6 12 0.0450916

7 12 0.0521537

8 12 0.05901

9 12 0.0656334

10 12 0.0719978

11 12 0.078078

12 12 0.0838501

13 12 0.0892913

14 12 0.0943801

15 12 0.0990964

16 12 0.103422

17 12 0.107339

18 12 0.110832

19 12 0.113888

20 12 0.116495

21 12 0.118642

22 12 0.12032

23 12 0.121524

24 12 0.122248

25 12 0.12249

26 12 0.122248

27 12 0.121524

28 12 0.12032

29 12 0.118642

30 12 0.116495

31 12 0.113888

32 12 0.110832

33 12 0.107339

34 12 0.103422

35 12 0.0990964

36 12 0.0943801

37 12 0.0892913

38 12 0.0838501

39 12 0.078078

40 12 0.0719978

41 12 0.0656334

42 12 0.05901

43 12 0.0521537

44 12 0.0450916

45 12 0.0378515

46 12 0.030462

47 12 0.0229523

48 12 0.0153521

49 12 0.00769121

50 12 0

0 13 0

1 13 0.0081903

2 13 0.0163483

3 13 0.0244417

4 13 0.0324387

5 13 0.0403077

6 13 0.0480176

7 13 0.055538

8 13 0.0628392

9 13 0.0698925

10 13 0.0766698

11 13 0.0831447

12 13 0.0892913

13 13 0.0950856

14 13 0.100505

15 13 0.105527

16 13 0.110133

17 13 0.114304

18 13 0.118024

19 13 0.121279

20 13 0.124054

21 13 0.126341

22 13 0.128128

23 13 0.12941

24 13 0.130181

25 13 0.130439

26 13 0.130181

27 13 0.12941

28 13 0.128128

29 13 0.126341

30 13 0.124054

31 13 0.121279

32 13 0.118024

33 13 0.114304

34 13 0.110133

35 13 0.105527

36 13 0.100505

37 13 0.0950856

38 13 0.0892913

39 13 0.0831447

40 13 0.0766698

41 13 0.0698925

42 13 0.0628392

43 13 0.055538

44 13 0.0480176

45 13 0.0403077

46 13 0.0324387

47 13 0.0244417

48 13 0.0163483

49 13 0.0081903

50 13 0

0 14 0

1 14 0.00865708

2 14 0.01728

3 14 0.0258347

4 14 0.0342875

5 14 0.0426049

6 14 0.0507542

7 14 0.0587032

8 14 0.0664205

9 14 0.0738757

10 14 0.0810393

11 14 0.0878831

12 14 0.0943801

13 14 0.100505

14 14 0.106232

15 14 0.111541

16 14 0.116409

17 14 0.120818

18 14 0.124751

19 14 0.12819

20 14 0.131124

21 14 0.133541

22 14 0.13543

23 14 0.136785

24 14 0.1376

25 14 0.137872

26 14 0.1376

27 14 0.136785

28 14 0.13543

29 14 0.133541

30 14 0.131124

31 14 0.12819

32 14 0.124751

33 14 0.120818

34 14 0.116409

35 14 0.111541

36 14 0.106232

37 14 0.100505

38 14 0.0943801

39 14 0.0878831

40 14 0.0810393

41 14 0.0738757

42 14 0.0664205

43 14 0.0587032

44 14 0.0507542

45 14 0.0426049

46 14 0.0342875

47 14 0.0258347

48 14 0.01728

49 14 0.00865708

50 14 0

0 15 0

1 15 0.00908968

2 15 0.0181435

3 15 0.0271257

4 15 0.0360009

5 15 0.0447339

6 15 0.0532905

7 15 0.0616367

8 15 0.0697397

9 15 0.0775674

10 15 0.085089

11 15 0.0922748

12 15 0.0990964

13 15 0.105527

14 15 0.111541

15 15 0.117115

16 15 0.122227

17 15 0.126856

18 15 0.130985

19 15 0.134596

20 15 0.137677

21 15 0.140214

22 15 0.142198

23 15 0.143621

24 15 0.144476

25 15 0.144762

26 15 0.144476

27 15 0.143621

28 15 0.142198

29 15 0.140214

30 15 0.137677

31 15 0.134596

32 15 0.130985

33 15 0.126856

34 15 0.122227

35 15 0.117115

36 15 0.111541

37 15 0.105527

38 15 0.0990964

39 15 0.0922748

40 15 0.085089

41 15 0.0775674

42 15 0.0697397

43 15 0.0616367

44 15 0.0532905

45 15 0.0447339

46 15 0.0360009

47 15 0.0271257

48 15 0.0181435

49 15 0.00908968

50 15 0

0 16 0

1 16 0.00948642

2 16 0.0189354

3 16 0.0283097

4 16 0.0375722

5 16 0.0466864

6 16 0.0556164

7 16 0.0643269

8 16 0.0727836

9 16 0.0809529

10 16 0.0888029

11 16 0.0963023

12 16 0.103422

13 16 0.110133

14 16 0.116409

15 16 0.122227

16 16 0.127561

17 16 0.132393

18 16 0.136702

19 16 0.140471

20 16 0.143686

21 16 0.146334

22 16 0.148404

23 16 0.149889

24 16 0.150782

25 16 0.15108

26 16 0.150782

27 16 0.149889

28 16 0.148404

29 16 0.146334

30 16 0.143686

31 16 0.140471

32 16 0.136702

33 16 0.132393

34 16 0.127561

35 16 0.122227

36 16 0.116409

37 16 0.110133

38 16 0.103422

39 16 0.0963023

40 16 0.0888029

41 16 0.0809529

42 16 0.0727836

43 16 0.0643269

44 16 0.0556164

45 16 0.0466864

46 16 0.0375722

47 16 0.0283097

48 16 0.0189354

49 16 0.00948642

50 16 0

0 17 0

1 17 0.00984572

2 17 0.0196526

3 17 0.0293819

4 17 0.0389952

5 17 0.0484547

6 17 0.0577229

7 17 0.0667633

8 17 0.0755402

9 17 0.084019

10 17 0.0921662

11 17 0.0999497

12 17 0.107339

13 17 0.114304

14 17 0.120818

15 17 0.126856

16 17 0.132393

17 17 0.137407

18 17 0.141879

19 17 0.145791

20 17 0.149128

21 17 0.151876

22 17 0.154025

23 17 0.155566

24 17 0.156493

25 17 0.156803

26 17 0.156493

27 17 0.155566

28 17 0.154025

29 17 0.151876

30 17 0.149128

31 17 0.145791

32 17 0.141879

33 17 0.137407

34 17 0.132393

35 17 0.126856

36 17 0.120818

37 17 0.114304

38 17 0.107339

39 17 0.0999497

40 17 0.0921662

41 17 0.084019

42 17 0.0755402

43 17 0.0667633

44 17 0.0577229

45 17 0.0484547

46 17 0.0389952

47 17 0.0293819

48 17 0.0196526

49 17 0.00984572

50 17 0

0 18 0

1 18 0.0101662

2 18 0.0202922

3 18 0.0303381

4 18 0.0402644

5 18 0.0500317

6 18 0.0596015

7 18 0.0689362

8 18 0.0779988

9 18 0.0867535

10 18 0.0951659

11 18 0.103203

12 18 0.110832

13 18 0.118024

14 18 0.124751

15 18 0.130985

16 18 0.136702

17 18 0.141879

18 18 0.146497

19 18 0.150536

20 18 0.153982

21 18 0.156819

22 18 0.159038

23 18 0.160629

24 18 0.161586

25 18 0.161906

26 18 0.161586

27 18 0.160629

28 18 0.159038

29 18 0.156819

30 18 0.153982

31 18 0.150536

32 18 0.146497

33 18 0.141879

34 18 0.136702

35 18 0.130985

36 18 0.124751

37 18 0.118024

38 18 0.110832

39 18 0.103203

40 18 0.0951659

41 18 0.0867535

42 18 0.0779988

43 18 0.0689362

44 18 0.0596015

45 18 0.0500317

46 18 0.0402644

47 18 0.0303381

48 18 0.0202922

49 18 0.0101662

50 18 0

0 19 0

1 19 0.0104465

2 19 0.0208517

3 19 0.0311747

4 19 0.0413746

5 19 0.0514112

6 19 0.061245

7 19 0.070837

8 19 0.0801495

9 19 0.0891456

10 19 0.09779

11 19 0.106048

12 19 0.113888

13 19 0.121279

14 19 0.12819

15 19 0.134596

16 19 0.140471

17 19 0.145791

18 19 0.150536

19 19 0.154687

20 19 0.158228

21 19 0.161143

22 19 0.163423

23 19 0.165058

24 19 0.166042

25 19 0.16637

26 19 0.166042

27 19 0.165058

28 19 0.163423

29 19 0.161143

30 19 0.158228

31 19 0.154687

32 19 0.150536

33 19 0.145791

34 19 0.140471

35 19 0.134596

36 19 0.12819

37 19 0.121279

38 19 0.113888

39 19 0.106048

40 19 0.09779

41 19 0.0891456

42 19 0.0801495

43 19 0.070837

44 19 0.061245

45 19 0.0514112

46 19 0.0413746

47 19 0.0311747

48 19 0.0208517

49 19 0.0104465

50 19 0

0 20 0

1 20 0.0106856

2 20 0.021329

3 20 0.0318882

4 20 0.0423215

5 20 0.0525879

6 20 0.0626467

7 20 0.0724583

8 20 0.0819839

9 20 0.0911859

10 20 0.100028

11 20 0.108476

12 20 0.116495

13 20 0.124054

14 20 0.131124

15 20 0.137677

16 20 0.143686

17 20 0.149128

18 20 0.153982

19 20 0.158228

20 20 0.161849

21 20 0.164832

22 20 0.167164

23 20 0.168836

24 20 0.169842

25 20 0.170178

26 20 0.169842

27 20 0.168836

28 20 0.167164

29 20 0.164832

30 20 0.161849

31 20 0.158228

32 20 0.153982

33 20 0.149128

34 20 0.143686

35 20 0.137677

36 20 0.131124

37 20 0.124054

38 20 0.116495

39 20 0.108476

40 20 0.100028

41 20 0.0911859

42 20 0.0819839

43 20 0.0724583

44 20 0.0626467

45 20 0.0525879

46 20 0.0423215

47 20 0.0318882

48 20 0.021329

49 20 0.0106856

50 20 0

0 21 0

1 21 0.0108825

2 21 0.021722

3 21 0.0324758

4 21 0.0431015

5 21 0.053557

6 21 0.0638012

7 21 0.0737936

8 21 0.0834947

9 21 0.0928664

10 21 0.101871

11 21 0.110475

12 21 0.118642

13 21 0.126341

14 21 0.133541

15 21 0.140214

16 21 0.146334

17 21 0.151876

18 21 0.156819

19 21 0.161143

20 21 0.164832

21 21 0.167869

22 21 0.170244

23 21 0.171948

24 21 0.172972

25 21 0.173314

26 21 0.172972

27 21 0.171948

28 21 0.170244

29 21 0.167869

30 21 0.164832

31 21 0.161143

32 21 0.156819

33 21 0.151876

34 21 0.146334

35 21 0.140214

36 21 0.133541

37 21 0.126341

38 21 0.118642

39 21 0.110475

40 21 0.101871

41 21 0.0928664

42 21 0.0834947

43 21 0.0737936

44 21 0.0638012

45 21 0.053557

46 21 0.0431015

47 21 0.0324758

48 21 0.021722

49 21 0.0108825

50 21 0

0 22 0

1 22 0.0110365

2 22 0.0220294

3 22 0.0329353

4 22 0.0437113

5 22 0.0543148

6 22 0.0647039

7 22 0.0748376

8 22 0.0846761

9 22 0.0941803

10 22 0.103313

11 22 0.112038

12 22 0.12032

13 22 0.128128

14 22 0.13543

15 22 0.142198

16 22 0.148404

17 22 0.154025

18 22 0.159038

19 22 0.163423

20 22 0.167164

21 22 0.170244

22 22 0.172653

23 22 0.17438

24 22 0.175419

25 22 0.175766

26 22 0.175419

27 22 0.17438

28 22 0.172653

29 22 0.170244

30 22 0.167164

31 22 0.163423

32 22 0.159038

33 22 0.154025

34 22 0.148404

35 22 0.142198

36 22 0.13543

37 22 0.128128

38 22 0.12032

39 22 0.112038

40 22 0.103313

41 22 0.0941803

42 22 0.0846761

43 22 0.0748376

44 22 0.0647039

45 22 0.0543148

46 22 0.0437113

47 22 0.0329353

48 22 0.0220294

49 22 0.0110365

50 22 0

0 23 0

1 23 0.0111469

2 23 0.0222498

3 23 0.0332648

4 23 0.0441486

5 23 0.0548582

6 23 0.0653512

7 23 0.0755864

8 23 0.0855232

9 23 0.0951225

10 23 0.104346

11 23 0.113159

12 23 0.121524

13 23 0.12941

14 23 0.136785

15 23 0.143621

16 23 0.149889

17 23 0.155566

18 23 0.160629

19 23 0.165058

20 23 0.168836

21 23 0.171948

22 23 0.17438

23 23 0.176125

24 23 0.177174

25 23 0.177525

26 23 0.177174

27 23 0.176125

28 23 0.17438

29 23 0.171948

30 23 0.168836

31 23 0.165058

32 23 0.160629

33 23 0.155566

34 23 0.149889

35 23 0.143621

36 23 0.136785

37 23 0.12941

38 23 0.121524

39 23 0.113159

40 23 0.104346

41 23 0.0951225

42 23 0.0855232

43 23 0.0755864

44 23 0.0653512

45 23 0.0548582

46 23 0.0441486

47 23 0.0332648

48 23 0.0222498

49 23 0.0111469

50 23 0

0 24 0

1 24 0.0112133

2 24 0.0223823

3 24 0.0334631

4 24 0.0444117

5 24 0.0551851

6 24 0.0657407

7 24 0.0760368

8 24 0.0860328

9 24 0.0956894

10 24 0.104968

11 24 0.113833

12 24 0.122248

13 24 0.130181

14 24 0.1376

15 24 0.144476

16 24 0.150782

17 24 0.156493

18 24 0.161586

19 24 0.166042

20 24 0.169842

21 24 0.172972

22 24 0.175419

23 24 0.177174

24 24 0.17823

25 24 0.178583

26 24 0.17823

27 24 0.177174

28 24 0.175419

29 24 0.172972

30 24 0.169842

31 24 0.166042

32 24 0.161586

33 24 0.156493

34 24 0.150782

35 24 0.144476

36 24 0.1376

37 24 0.130181

38 24 0.122248

39 24 0.113833

40 24 0.104968

41 24 0.0956894

42 24 0.0860328

43 24 0.0760368

44 24 0.0657407

45 24 0.0551851

46 24 0.0444117

47 24 0.0334631

48 24 0.0223823

49 24 0.0112133

50 24 0

0 25 0

1 25 0.0112355

2 25 0.0224266

3 25 0.0335292

4 25 0.0444995

5 25 0.0552942

6 25 0.0658706

7 25 0.0761871

8 25 0.0862029

9 25 0.0958786

10 25 0.105176

11 25 0.114058

12 25 0.12249

13 25 0.130439

14 25 0.137872

15 25 0.144762

16 25 0.15108

17 25 0.156803

18 25 0.161906

19 25 0.16637

20 25 0.170178

21 25 0.173314

22 25 0.175766

23 25 0.177525

24 25 0.178583

25 25 0.178936

26 25 0.178583

27 25 0.177525

28 25 0.175766

29 25 0.173314

30 25 0.170178

31 25 0.16637

32 25 0.161906

33 25 0.156803

34 25 0.15108

35 25 0.144762

36 25 0.137872

37 25 0.130439

38 25 0.12249

39 25 0.114058

40 25 0.105176

41 25 0.0958786

42 25 0.0862029

43 25 0.0761871

44 25 0.0658706

45 25 0.0552942

46 25 0.0444995

47 25 0.0335292

48 25 0.0224266

49 25 0.0112355

50 25 0

0 26 0

1 26 0.0112133

2 26 0.0223823

3 26 0.0334631

4 26 0.0444117

5 26 0.0551851

6 26 0.0657407

7 26 0.0760368

8 26 0.0860328

9 26 0.0956894

10 26 0.104968

11 26 0.113833

12 26 0.122248

13 26 0.130181

14 26 0.1376

15 26 0.144476

16 26 0.150782

17 26 0.156493

18 26 0.161586

19 26 0.166042

20 26 0.169842

21 26 0.172972

22 26 0.175419

23 26 0.177174

24 26 0.17823

25 26 0.178583

26 26 0.17823

27 26 0.177174

28 26 0.175419

29 26 0.172972

30 26 0.169842

31 26 0.166042

32 26 0.161586

33 26 0.156493

34 26 0.150782

35 26 0.144476

36 26 0.1376

37 26 0.130181

38 26 0.122248

39 26 0.113833

40 26 0.104968

41 26 0.0956894

42 26 0.0860328

43 26 0.0760368

44 26 0.0657407

45 26 0.0551851

46 26 0.0444117

47 26 0.0334631

48 26 0.0223823

49 26 0.0112133

50 26 0

0 27 0

1 27 0.0111469

2 27 0.0222498

3 27 0.0332648

4 27 0.0441486

5 27 0.0548582

6 27 0.0653512

7 27 0.0755864

8 27 0.0855232

9 27 0.0951225

10 27 0.104346

11 27 0.113159

12 27 0.121524

13 27 0.12941

14 27 0.136785

15 27 0.143621

16 27 0.149889

17 27 0.155566

18 27 0.160629

19 27 0.165058

20 27 0.168836

21 27 0.171948

22 27 0.17438

23 27 0.176125

24 27 0.177174

25 27 0.177525

26 27 0.177174

27 27 0.176125

28 27 0.17438

29 27 0.171948

30 27 0.168836

31 27 0.165058

32 27 0.160629

33 27 0.155566

34 27 0.149889

35 27 0.143621

36 27 0.136785

37 27 0.12941

38 27 0.121524

39 27 0.113159

40 27 0.104346

41 27 0.0951225

42 27 0.0855232

43 27 0.0755864

44 27 0.0653512

45 27 0.0548582

46 27 0.0441486

47 27 0.0332648

48 27 0.0222498

49 27 0.0111469

50 27 0

0 28 0

1 28 0.0110365

2 28 0.0220294

3 28 0.0329353

4 28 0.0437113

5 28 0.0543148

6 28 0.0647039

7 28 0.0748376

8 28 0.0846761

9 28 0.0941803

10 28 0.103313

11 28 0.112038

12 28 0.12032

13 28 0.128128

14 28 0.13543

15 28 0.142198

16 28 0.148404

17 28 0.154025

18 28 0.159038

19 28 0.163423

20 28 0.167164

21 28 0.170244

22 28 0.172653

23 28 0.17438

24 28 0.175419

25 28 0.175766

26 28 0.175419

27 28 0.17438

28 28 0.172653

29 28 0.170244

30 28 0.167164

31 28 0.163423

32 28 0.159038

33 28 0.154025

34 28 0.148404

35 28 0.142198

36 28 0.13543

37 28 0.128128

38 28 0.12032

39 28 0.112038

40 28 0.103313

41 28 0.0941803

42 28 0.0846761

43 28 0.0748376

44 28 0.0647039

45 28 0.0543148

46 28 0.0437113

47 28 0.0329353

48 28 0.0220294

49 28 0.0110365

50 28 0

0 29 0

1 29 0.0108825

2 29 0.021722

3 29 0.0324758

4 29 0.0431015

5 29 0.053557

6 29 0.0638012

7 29 0.0737936

8 29 0.0834947

9 29 0.0928664

10 29 0.101871

11 29 0.110475

12 29 0.118642

13 29 0.126341

14 29 0.133541

15 29 0.140214

16 29 0.146334

17 29 0.151876

18 29 0.156819

19 29 0.161143

20 29 0.164832

21 29 0.167869

22 29 0.170244

23 29 0.171948

24 29 0.172972

25 29 0.173314

26 29 0.172972

27 29 0.171948

28 29 0.170244

29 29 0.167869

30 29 0.164832

31 29 0.161143

32 29 0.156819

33 29 0.151876

34 29 0.146334

35 29 0.140214

36 29 0.133541

37 29 0.126341

38 29 0.118642

39 29 0.110475

40 29 0.101871

41 29 0.0928664

42 29 0.0834947

43 29 0.0737936

44 29 0.0638012

45 29 0.053557

46 29 0.0431015

47 29 0.0324758

48 29 0.021722

49 29 0.0108825

50 29 0

0 30 0

1 30 0.0106856

2 30 0.021329

3 30 0.0318882

4 30 0.0423215

5 30 0.0525879

6 30 0.0626467

7 30 0.0724583

8 30 0.0819839

9 30 0.0911859

10 30 0.100028

11 30 0.108476

12 30 0.116495

13 30 0.124054

14 30 0.131124

15 30 0.137677

16 30 0.143686

17 30 0.149128

18 30 0.153982

19 30 0.158228

20 30 0.161849

21 30 0.164832

22 30 0.167164

23 30 0.168836

24 30 0.169842

25 30 0.170178

26 30 0.169842

27 30 0.168836

28 30 0.167164

29 30 0.164832

30 30 0.161849

31 30 0.158228

32 30 0.153982

33 30 0.149128

34 30 0.143686

35 30 0.137677

36 30 0.131124

37 30 0.124054

38 30 0.116495

39 30 0.108476

40 30 0.100028

41 30 0.0911859

42 30 0.0819839

43 30 0.0724583

44 30 0.0626467

45 30 0.0525879

46 30 0.0423215

47 30 0.0318882

48 30 0.021329

49 30 0.0106856

50 30 0

0 31 0

1 31 0.0104465

2 31 0.0208517

3 31 0.0311747

4 31 0.0413746

5 31 0.0514112

6 31 0.061245

7 31 0.070837

8 31 0.0801495

9 31 0.0891456

10 31 0.09779

11 31 0.106048

12 31 0.113888

13 31 0.121279

14 31 0.12819

15 31 0.134596

16 31 0.140471

17 31 0.145791

18 31 0.150536

19 31 0.154687

20 31 0.158228

21 31 0.161143

22 31 0.163423

23 31 0.165058

24 31 0.166042

25 31 0.16637

26 31 0.166042

27 31 0.165058

28 31 0.163423

29 31 0.161143

30 31 0.158228

31 31 0.154687

32 31 0.150536

33 31 0.145791

34 31 0.140471

35 31 0.134596

36 31 0.12819

37 31 0.121279

38 31 0.113888

39 31 0.106048

40 31 0.09779

41 31 0.0891456

42 31 0.0801495

43 31 0.070837

44 31 0.061245

45 31 0.0514112

46 31 0.0413746

47 31 0.0311747

48 31 0.0208517

49 31 0.0104465

50 31 0

0 32 0

1 32 0.0101662

2 32 0.0202922

3 32 0.0303381

4 32 0.0402644

5 32 0.0500317

6 32 0.0596015

7 32 0.0689362

8 32 0.0779988

9 32 0.0867535

10 32 0.0951659

11 32 0.103203

12 32 0.110832

13 32 0.118024

14 32 0.124751

15 32 0.130985

16 32 0.136702

17 32 0.141879

18 32 0.146497

19 32 0.150536

20 32 0.153982

21 32 0.156819

22 32 0.159038

23 32 0.160629

24 32 0.161586

25 32 0.161906

26 32 0.161586

27 32 0.160629

28 32 0.159038

29 32 0.156819

30 32 0.153982

31 32 0.150536

32 32 0.146497

33 32 0.141879

34 32 0.136702

35 32 0.130985

36 32 0.124751

37 32 0.118024

38 32 0.110832

39 32 0.103203

40 32 0.0951659

41 32 0.0867535

42 32 0.0779988

43 32 0.0689362

44 32 0.0596015

45 32 0.0500317

46 32 0.0402644

47 32 0.0303381

48 32 0.0202922

49 32 0.0101662

50 32 0

0 33 0

1 33 0.00984572

2 33 0.0196526

3 33 0.0293819

4 33 0.0389952

5 33 0.0484547

6 33 0.0577229

7 33 0.0667633

8 33 0.0755402

9 33 0.084019

10 33 0.0921662

11 33 0.0999497

12 33 0.107339

13 33 0.114304

14 33 0.120818

15 33 0.126856

16 33 0.132393

17 33 0.137407

18 33 0.141879

19 33 0.145791

20 33 0.149128

21 33 0.151876

22 33 0.154025

23 33 0.155566

24 33 0.156493

25 33 0.156803

26 33 0.156493

27 33 0.155566

28 33 0.154025

29 33 0.151876

30 33 0.149128

31 33 0.145791

32 33 0.141879

33 33 0.137407

34 33 0.132393

35 33 0.126856

36 33 0.120818

37 33 0.114304

38 33 0.107339

39 33 0.0999497

40 33 0.0921662

41 33 0.084019

42 33 0.0755402

43 33 0.0667633

44 33 0.0577229

45 33 0.0484547

46 33 0.0389952

47 33 0.0293819

48 33 0.0196526

49 33 0.00984572

50 33 0

0 34 0

1 34 0.00948642

2 34 0.0189354

3 34 0.0283097

4 34 0.0375722

5 34 0.0466864

6 34 0.0556164

7 34 0.0643269

8 34 0.0727836

9 34 0.0809529

10 34 0.0888029

11 34 0.0963023

12 34 0.103422

13 34 0.110133

14 34 0.116409

15 34 0.122227

16 34 0.127561

17 34 0.132393

18 34 0.136702

19 34 0.140471

20 34 0.143686

21 34 0.146334

22 34 0.148404

23 34 0.149889

24 34 0.150782

25 34 0.15108

26 34 0.150782

27 34 0.149889

28 34 0.148404

29 34 0.146334

30 34 0.143686

31 34 0.140471

32 34 0.136702

33 34 0.132393

34 34 0.127561

35 34 0.122227

36 34 0.116409

37 34 0.110133

38 34 0.103422

39 34 0.0963023

40 34 0.0888029

41 34 0.0809529

42 34 0.0727836

43 34 0.0643269

44 34 0.0556164

45 34 0.0466864

46 34 0.0375722

47 34 0.0283097

48 34 0.0189354

49 34 0.00948642

50 34 0

0 35 0

1 35 0.00908968

2 35 0.0181435

3 35 0.0271257

4 35 0.0360009

5 35 0.0447339

6 35 0.0532905

7 35 0.0616367

8 35 0.0697397

9 35 0.0775674

10 35 0.085089

11 35 0.0922748

12 35 0.0990964

13 35 0.105527

14 35 0.111541

15 35 0.117115

16 35 0.122227

17 35 0.126856

18 35 0.130985

19 35 0.134596

20 35 0.137677

21 35 0.140214

22 35 0.142198

23 35 0.143621

24 35 0.144476

25 35 0.144762

26 35 0.144476

27 35 0.143621

28 35 0.142198

29 35 0.140214

30 35 0.137677

31 35 0.134596

32 35 0.130985

33 35 0.126856

34 35 0.122227

35 35 0.117115

36 35 0.111541

37 35 0.105527

38 35 0.0990964

39 35 0.0922748

40 35 0.085089

41 35 0.0775674

42 35 0.0697397

43 35 0.0616367

44 35 0.0532905

45 35 0.0447339

46 35 0.0360009

47 35 0.0271257

48 35 0.0181435

49 35 0.00908968

50 35 0

0 36 0

1 36 0.00865708

2 36 0.01728

3 36 0.0258347

4 36 0.0342875

5 36 0.0426049

6 36 0.0507542

7 36 0.0587032

8 36 0.0664205

9 36 0.0738757

10 36 0.0810393

11 36 0.0878831

12 36 0.0943801

13 36 0.100505

14 36 0.106232

15 36 0.111541

16 36 0.116409

17 36 0.120818

18 36 0.124751

19 36 0.12819

20 36 0.131124

21 36 0.133541

22 36 0.13543

23 36 0.136785

24 36 0.1376

25 36 0.137872

26 36 0.1376

27 36 0.136785

28 36 0.13543

29 36 0.133541

30 36 0.131124

31 36 0.12819

32 36 0.124751

33 36 0.120818

34 36 0.116409

35 36 0.111541

36 36 0.106232

37 36 0.100505

38 36 0.0943801

39 36 0.0878831

40 36 0.0810393

41 36 0.0738757

42 36 0.0664205

43 36 0.0587032

44 36 0.0507542

45 36 0.0426049

46 36 0.0342875

47 36 0.0258347

48 36 0.01728

49 36 0.00865708

50 36 0

0 37 0

1 37 0.0081903

2 37 0.0163483

3 37 0.0244417

4 37 0.0324387

5 37 0.0403077

6 37 0.0480176

7 37 0.055538

8 37 0.0628392

9 37 0.0698925

10 37 0.0766698

11 37 0.0831447

12 37 0.0892913

13 37 0.0950856

14 37 0.100505

15 37 0.105527

16 37 0.110133

17 37 0.114304

18 37 0.118024

19 37 0.121279

20 37 0.124054

21 37 0.126341

22 37 0.128128

23 37 0.12941

24 37 0.130181

25 37 0.130439

26 37 0.130181

27 37 0.12941

28 37 0.128128

29 37 0.126341

30 37 0.124054

31 37 0.121279

32 37 0.118024

33 37 0.114304

34 37 0.110133

35 37 0.105527

36 37 0.100505

37 37 0.0950856

38 37 0.0892913

39 37 0.0831447

40 37 0.0766698

41 37 0.0698925

42 37 0.0628392

43 37 0.055538

44 37 0.0480176

45 37 0.0403077

46 37 0.0324387

47 37 0.0244417

48 37 0.0163483

49 37 0.0081903

50 37 0

0 38 0

1 38 0.00769121

2 38 0.0153521

3 38 0.0229523

4 38 0.030462

5 38 0.0378515

6 38 0.0450916

7 38 0.0521537

8 38 0.05901

9 38 0.0656334

10 38 0.0719978

11 38 0.078078

12 38 0.0838501

13 38 0.0892913

14 38 0.0943801

15 38 0.0990964

16 38 0.103422

17 38 0.107339

18 38 0.110832

19 38 0.113888

20 38 0.116495

21 38 0.118642

22 38 0.12032

23 38 0.121524

24 38 0.122248

25 38 0.12249

26 38 0.122248

27 38 0.121524

28 38 0.12032

29 38 0.118642

30 38 0.116495

31 38 0.113888

32 38 0.110832

33 38 0.107339

34 38 0.103422

35 38 0.0990964

36 38 0.0943801

37 38 0.0892913

38 38 0.0838501

39 38 0.078078

40 38 0.0719978

41 38 0.0656334

42 38 0.05901

43 38 0.0521537

44 38 0.0450916

45 38 0.0378515

46 38 0.030462

47 38 0.0229523

48 38 0.0153521

49 38 0.00769121

50 38 0

0 39 0

1 39 0.00716176

2 39 0.0142952

3 39 0.0213723

4 39 0.0283651

5 39 0.0352458

6 39 0.0419875

7 39 0.0485635

8 39 0.0549478

9 39 0.0611153

10 39 0.0670416

11 39 0.0727033

12 39 0.078078

13 39 0.0831447

14 39 0.0878831

15 39 0.0922748

16 39 0.0963023

17 39 0.0999497

18 39 0.103203

19 39 0.106048

20 39 0.108476

21 39 0.110475

22 39 0.112038

23 39 0.113159

24 39 0.113833

25 39 0.114058

26 39 0.113833

27 39 0.113159

28 39 0.112038

29 39 0.110475

30 39 0.108476

31 39 0.106048

32 39 0.103203

33 39 0.0999497

34 39 0.0963023

35 39 0.0922748

36 39 0.0878831

37 39 0.0831447

38 39 0.078078

39 39 0.0727033

40 39 0.0670416

41 39 0.0611153

42 39 0.0549478

43 39 0.0485635

44 39 0.0419875

45 39 0.0352458

46 39 0.0283651

47 39 0.0213723

48 39 0.0142952

49 39 0.00716176

50 39 0

0 40 0

1 40 0.00660404

2 40 0.013182

3 40 0.019708

4 40 0.0261562

5 40 0.0325011

6 40 0.0387178

7 40 0.0447817

8 40 0.0506688

9 40 0.056356

10 40 0.0618208

11 40 0.0670416

12 40 0.0719978

13 40 0.0766698

14 40 0.0810393

15 40 0.085089

16 40 0.0888029

17 40 0.0921662

18 40 0.0951659

19 40 0.09779

20 40 0.100028

21 40 0.101871

22 40 0.103313

23 40 0.104346

24 40 0.104968

25 40 0.105176

26 40 0.104968

27 40 0.104346

28 40 0.103313

29 40 0.101871

30 40 0.100028

31 40 0.09779

32 40 0.0951659

33 40 0.0921662

34 40 0.0888029

35 40 0.085089

36 40 0.0810393

37 40 0.0766698

38 40 0.0719978

39 40 0.0670416

40 40 0.0618208

41 40 0.056356

42 40 0.0506688

43 40 0.0447817

44 40 0.0387178

45 40 0.0325011

46 40 0.0261562

47 40 0.019708

48 40 0.013182

49 40 0.00660404

50 40 0

0 41 0

1 41 0.00602026

2 41 0.0120168

3 41 0.0179659

4 41 0.023844

5 41 0.0296281

6 41 0.0352953

7 41 0.0408231

8 41 0.0461898

9 41 0.0513743

10 41 0.056356

11 41 0.0611153

12 41 0.0656334

13 41 0.0698925

14 41 0.0738757

15 41 0.0775674

16 41 0.0809529

17 41 0.084019

18 41 0.0867535

19 41 0.0891456

20 41 0.0911859

21 41 0.0928664

22 41 0.0941803

23 41 0.0951225

24 41 0.0956894

25 41 0.0958786

26 41 0.0956894

27 41 0.0951225

28 41 0.0941803

29 41 0.0928664

30 41 0.0911859

31 41 0.0891456

32 41 0.0867535

33 41 0.084019

34 41 0.0809529

35 41 0.0775674

36 41 0.0738757

37 41 0.0698925

38 41 0.0656334

39 41 0.0611153

40 41 0.056356

41 41 0.0513743

42 41 0.0461898

43 41 0.0408231

44 41 0.0352953

45 41 0.0296281

46 41 0.023844

47 41 0.0179659

48 41 0.0120168

49 41 0.00602026

50 41 0

0 42 0

1 42 0.00541273

2 42 0.0108041

3 42 0.0161528

4 42 0.0214378

5 42 0.0266382

6 42 0.0317334

7 42 0.0367034

8 42 0.0415286

9 42 0.0461898

10 42 0.0506688

11 42 0.0549478

12 42 0.05901

13 42 0.0628392

14 42 0.0664205

15 42 0.0697397

16 42 0.0727836

17 42 0.0755402

18 42 0.0779988

19 42 0.0801495

20 42 0.0819839

21 42 0.0834947

22 42 0.0846761

23 42 0.0855232

24 42 0.0860328

25 42 0.0862029

26 42 0.0860328

27 42 0.0855232

28 42 0.0846761

29 42 0.0834947

30 42 0.0819839

31 42 0.0801495

32 42 0.0779988

33 42 0.0755402

34 42 0.0727836

35 42 0.0697397

36 42 0.0664205

37 42 0.0628392

38 42 0.05901

39 42 0.0549478

40 42 0.0506688

41 42 0.0461898

42 42 0.0415286

43 42 0.0367034

44 42 0.0317334

45 42 0.0266382

46 42 0.0214378

47 42 0.0161528

48 42 0.0108041

49 42 0.00541273

50 42 0

0 43 0

1 43 0.00478383

2 43 0.00954878

3 43 0.014276

4 43 0.018947

5 43 0.0235431

6 43 0.0280464

7 43 0.0324389

8 43 0.0367034

9 43 0.0408231

10 43 0.0447817

11 43 0.0485635

12 43 0.0521537

13 43 0.055538

14 43 0.0587032

15 43 0.0616367

16 43 0.0643269

17 43 0.0667633

18 43 0.0689362

19 43 0.070837

20 43 0.0724583

21 43 0.0737936

22 43 0.0748376

23 43 0.0755864

24 43 0.0760368

25 43 0.0761871

26 43 0.0760368

27 43 0.0755864

28 43 0.0748376

29 43 0.0737936

30 43 0.0724583

31 43 0.070837

32 43 0.0689362

33 43 0.0667633

34 43 0.0643269

35 43 0.0616367

36 43 0.0587032

37 43 0.055538

38 43 0.0521537

39 43 0.0485635

40 43 0.0447817

41 43 0.0408231

42 43 0.0367034

43 43 0.0324389

44 43 0.0280464

45 43 0.0235431

46 43 0.018947

47 43 0.014276

48 43 0.00954878

49 43 0.00478383

50 43 0

0 44 0

1 44 0.00413605

2 44 0.00825578

3 44 0.0123429

4 44 0.0163814

5 44 0.0203551

6 44 0.0242486

7 44 0.0280464

8 44 0.0317334

9 44 0.0352953

10 44 0.0387178

11 44 0.0419875

12 44 0.0450916

13 44 0.0480176

14 44 0.0507542

15 44 0.0532905

16 44 0.0556164

17 44 0.0577229

18 44 0.0596015

19 44 0.061245

20 44 0.0626467

21 44 0.0638012

22 44 0.0647039

23 44 0.0653512

24 44 0.0657407

25 44 0.0658706

26 44 0.0657407

27 44 0.0653512

28 44 0.0647039

29 44 0.0638012

30 44 0.0626467

31 44 0.061245

32 44 0.0596015

33 44 0.0577229

34 44 0.0556164

35 44 0.0532905

36 44 0.0507542

37 44 0.0480176

38 44 0.0450916

39 44 0.0419875

40 44 0.0387178

41 44 0.0352953

42 44 0.0317334

43 44 0.0280464

44 44 0.0242486

45 44 0.0203551

46 44 0.0163814

47 44 0.0123429

48 44 0.00825578

49 44 0.00413605

50 44 0

0 45 0

1 45 0.00347195

2 45 0.0069302

3 45 0.0103611

4 45 0.0137511

5 45 0.0170868

6 45 0.0203551

7 45 0.0235431

8 45 0.0266382

9 45 0.0296281

10 45 0.0325011

11 45 0.0352458

12 45 0.0378515

13 45 0.0403077

14 45 0.0426049

15 45 0.0447339

16 45 0.0466864

17 45 0.0484547

18 45 0.0500317

19 45 0.0514112

20 45 0.0525879

21 45 0.053557

22 45 0.0543148

23 45 0.0548582

24 45 0.0551851

25 45 0.0552942

26 45 0.0551851

27 45 0.0548582

28 45 0.0543148

29 45 0.053557

30 45 0.0525879

31 45 0.0514112

32 45 0.0500317

33 45 0.0484547

34 45 0.0466864

35 45 0.0447339

36 45 0.0426049

37 45 0.0403077

38 45 0.0378515

39 45 0.0352458

40 45 0.0325011

41 45 0.0296281

42 45 0.0266382

43 45 0.0235431

44 45 0.0203551

45 45 0.0170868

46 45 0.0137511

47 45 0.0103611

48 45 0.0069302

49 45 0.00347195

50 45 0

0 46 0

1 46 0.00279415

2 46 0.00557727

3 46 0.00833838

4 46 0.0110666

5 46 0.0137511

6 46 0.0163814

7 46 0.018947

8 46 0.0214378

9 46 0.023844

10 46 0.0261562

11 46 0.0283651

12 46 0.030462

13 46 0.0324387

14 46 0.0342875

15 46 0.0360009

16 46 0.0375722

17 46 0.0389952

18 46 0.0402644

19 46 0.0413746

20 46 0.0423215

21 46 0.0431015

22 46 0.0437113

23 46 0.0441486

24 46 0.0444117

25 46 0.0444995

26 46 0.0444117

27 46 0.0441486

28 46 0.0437113

29 46 0.0431015

30 46 0.0423215

31 46 0.0413746

32 46 0.0402644

33 46 0.0389952

34 46 0.0375722

35 46 0.0360009

36 46 0.0342875

37 46 0.0324387

38 46 0.030462

39 46 0.0283651

40 46 0.0261562

41 46 0.023844

42 46 0.0214378

43 46 0.018947

44 46 0.0163814

45 46 0.0137511

46 46 0.0110666

47 46 0.00833838

48 46 0.00557727

49 46 0.00279415

50 46 0

0 47 0

1 47 0.00210532

2 47 0.00420232

3 47 0.00628275

4 47 0.00833838

5 47 0.0103611

6 47 0.0123429

7 47 0.014276

8 47 0.0161528

9 47 0.0179659

10 47 0.019708

11 47 0.0213723

12 47 0.0229523

13 47 0.0244417

14 47 0.0258347

15 47 0.0271257

16 47 0.0283097

17 47 0.0293819

18 47 0.0303381

19 47 0.0311747

20 47 0.0318882

21 47 0.0324758

22 47 0.0329353

23 47 0.0332648

24 47 0.0334631

25 47 0.0335292

26 47 0.0334631

27 47 0.0332648

28 47 0.0329353

29 47 0.0324758

30 47 0.0318882

31 47 0.0311747

32 47 0.0303381

33 47 0.0293819

34 47 0.0283097

35 47 0.0271257

36 47 0.0258347

37 47 0.0244417

38 47 0.0229523

39 47 0.0213723

40 47 0.019708

41 47 0.0179659

42 47 0.0161528

43 47 0.014276

44 47 0.0123429

45 47 0.0103611

46 47 0.00833838

47 47 0.00628275

48 47 0.00420232

49 47 0.00210532

50 47 0

0 48 0

1 48 0.00140818

2 48 0.0028108

3 48 0.00420232

4 48 0.00557727

5 48 0.0069302

6 48 0.00825578

7 48 0.00954878

8 48 0.0108041

9 48 0.0120168

10 48 0.013182

11 48 0.0142952

12 48 0.0153521

13 48 0.0163483

14 48 0.01728

15 48 0.0181435

16 48 0.0189354

17 48 0.0196526

18 48 0.0202922

19 48 0.0208517

20 48 0.021329

21 48 0.021722

22 48 0.0220294

23 48 0.0222498

24 48 0.0223823

25 48 0.0224266

26 48 0.0223823

27 48 0.0222498

28 48 0.0220294

29 48 0.021722

30 48 0.021329

31 48 0.0208517

32 48 0.0202922

33 48 0.0196526

34 48 0.0189354

35 48 0.0181435

36 48 0.01728

37 48 0.0163483

38 48 0.0153521

39 48 0.0142952

40 48 0.013182

41 48 0.0120168

42 48 0.0108041

43 48 0.00954878

44 48 0.00825578

45 48 0.0069302

46 48 0.00557727

47 48 0.00420232

48 48 0.0028108

49 48 0.00140818

50 48 0

0 49 0

1 49 0.000705481

2 49 0.00140818

3 49 0.00210532

4 49 0.00279415

5 49 0.00347195

6 49 0.00413605

7 49 0.00478383

8 49 0.00541273

9 49 0.00602026

10 49 0.00660404

11 49 0.00716176

12 49 0.00769121

13 49 0.0081903

14 49 0.00865708

15 49 0.00908968

16 49 0.00948642

17 49 0.00984572

18 49 0.0101662

19 49 0.0104465

20 49 0.0106856

21 49 0.0108825

22 49 0.0110365

23 49 0.0111469

24 49 0.0112133

25 49 0.0112355

26 49 0.0112133

27 49 0.0111469

28 49 0.0110365

29 49 0.0108825

30 49 0.0106856

31 49 0.0104465

32 49 0.0101662

33 49 0.00984572

34 49 0.00948642

35 49 0.00908968

36 49 0.00865708

37 49 0.0081903

38 49 0.00769121

39 49 0.00716176

40 49 0.00660404

41 49 0.00602026

42 49 0.00541273

43 49 0.00478383

44 49 0.00413605

45 49 0.00347195

46 49 0.00279415

47 49 0.00210532

48 49 0.00140818

49 49 0.000705481

50 49 0

