0 1 0

1 1 0.0028752

2 1 0.00573906

3 1 0.00858026

4 1 0.0113876

5 1 0.01415

6 1 0.0168566

7 1 0.0194966

8 1 0.0220597

9 1 0.0245357

10 1 0.0269149

11 1 0.0291879

12 1 0.0313457

13 1 0.0333798

14 1 0.0352821

15 1 0.0370452

16 1 0.0386621

17 1 0.0401264

18 1 0.0414324

19 1 0.0425748

20 1 0.0435492

21 1 0.0443518

22 1 0.0449793

23 1 0.0454293

24 1 0.0457

25 1 0.0457904

26 1 0.0457

27 1 0.0454293

28 1 0.0449793

29 1 0.0443518

30 1 0.0435492

31 1 0.0425748

32 1 0.0414324

33 1 0.0401264

34 1 0.0386621

35 1 0.0370452

36 1 0.0352821

37 1 0.0333798

38 1 0.0313457

39 1 0.0291879

40 1 0.0269149

41 1 0.0245357

42 1 0.0220597

43 1 0.0194966

44 1 0.0168566

45 1 0.01415

46 1 0.0113876

47 1 0.00858026

48 1 0.00573906

49 1 0.0028752

50 1 0

0 2 0

1 2 0.00573906

2 2 0.0114555

3 2 0.0171267

4 2 0.0227303

5 2 0.0282442

6 2 0.0336466

7 2 0.0389162

8 2 0.0440323

9 2 0.0489746

10 2 0.0537236

11 2 0.0582606

12 2 0.0625676

13 2 0.0666278

14 2 0.070425

15 2 0.0739442

16 2 0.0771716

17 2 0.0800945

18 2 0.0827012

19 2 0.0849816

20 2 0.0869266

21 2 0.0885286

22 2 0.0897811

23 2 0.0906793

24 2 0.0912197

25 2 0.0914001

26 2 0.0912197

27 2 0.0906793

28 2 0.0897811

29 2 0.0885286

30 2 0.0869266

31 2 0.0849816

32 2 0.0827012

33 2 0.0800945

34 2 0.0771716

35 2 0.0739442

36 2 0.070425

37 2 0.0666278

38 2 0.0625676

39 2 0.0582606

40 2 0.0537236

41 2 0.0489746

42 2 0.0440323

43 2 0.0389162

44 2 0.0336466

45 2 0.0282442

46 2 0.0227303

47 2 0.0171267

48 2 0.0114555

49 2 0.00573906

50 2 0

0 3 0

1 3 0.00858026

2 3 0.0171267

3 3 0.0256055

4 3 0.0339832

5 3 0.0422269

6 3 0.0503039

7 3 0.0581823

8 3 0.0658312

9 3 0.0732202

10 3 0.0803203

11 3 0.0871034

12 3 0.0935427

13 3 0.0996128

14 3 0.10529

15 3 0.110551

16 3 0.115377

17 3 0.119746

18 3 0.123644

19 3 0.127053

20 3 0.129961

21 3 0.132356

22 3 0.134229

23 3 0.135571

24 3 0.136379

25 3 0.136649

26 3 0.136379

27 3 0.135571

28 3 0.134229

29 3 0.132356

30 3 0.129961

31 3 0.127053

32 3 0.123644

33 3 0.119746

34 3 0.115377

35 3 0.110551

36 3 0.10529

37 3 0.0996128

38 3 0.0935427

39 3 0.0871034

40 3 0.0803203

41 3 0.0732202

42 3 0.0658312

43 3 0.0581823

44 3 0.0503039

45 3 0.0422269

46 3 0.0339832

47 3 0.0256055

48 3 0.0171267

49 3 0.00858026

50 3 0

0 4 0

1 4 0.0113876

2 4 0.0227303

3 4 0.0339832

4 4 0.0451021

5 4 0.0560429

6 4 0.0667626

7 4 0.0772188

8 4 0.0873702

9 4 0.0971768

10 4 0.1066

11 4 0.115602

12 4 0.124149

13 4 0.132205

14 4 0.139739

15 4 0.146722

16 4 0.153126

17 4 0.158926

18 4 0.164098

19 4 0.168623

20 4 0.172482

21 4 0.175661

22 4 0.178146

23 4 0.179929

24 4 0.181001

25 4 0.181359

26 4 0.181001

27 4 0.179929

28 4 0.178146

29 4 0.175661

30 4 0.172482

31 4 0.168623

32 4 0.164098

33 4 0.158926

34 4 0.153126

35 4 0.146722

36 4 0.139739

37 4 0.132205

38 4 0.124149

39 4 0.115602

40 4 0.1066

41 4 0.0971768

42 4 0.0873702

43 4 0.0772188

44 4 0.0667626

45 4 0.0560429

46 4 0.0451021

47 4 0.0339832

48 4 0.0227303

49 4 0.0113876

50 4 0

0 5 0

1 5 0.01415

2 5 0.0282442

3 5 0.0422269

4 5 0.0560429

5 5 0.0696378

6 5 0.0829578

7 5 0.0959505

8 5 0.108564

9 5 0.12075

10 5 0.132459

11 5 0.143645

12 5 0.154264

13 5 0.164275

14 5 0.173637

15 5 0.182314

16 5 0.190271

17 5 0.197478

18 5 0.203905

19 5 0.209528

20 5 0.214323

21 5 0.218273

22 5 0.221361

23 5 0.223576

24 5 0.224908

25 5 0.225353

26 5 0.224908

27 5 0.223576

28 5 0.221361

29 5 0.218273

30 5 0.214323

31 5 0.209528

32 5 0.203905

33 5 0.197478

34 5 0.190271

35 5 0.182314

36 5 0.173637

37 5 0.164275

38 5 0.154264

39 5 0.143645

40 5 0.132459

41 5 0.12075

42 5 0.108564

43 5 0.0959505

44 5 0.0829578

45 5 0.0696378

46 5 0.0560429

47 5 0.0422269

48 5 0.0282442

49 5 0.01415

50 5 0

0 6 0

1 6 0.0168566

2 6 0.0336466

3 6 0.0503039

4 6 0.0667626

5 6 0.0829578

6 6 0.0988257

7 6 0.114303

8 6 0.12933

9 6 0.143847

10 6 0.157795

11 6 0.171121

12 6 0.183772

13 6 0.195697

14 6 0.20685

15 6 0.217186

16 6 0.226666

17 6 0.235251

18 6 0.242907

19 6 0.249605

20 6 0.255318

21 6 0.260023

22 6 0.263702

23 6 0.26634

24 6 0.267927

25 6 0.268457

26 6 0.267927

27 6 0.26634

28 6 0.263702

29 6 0.260023

30 6 0.255318

31 6 0.249605

32 6 0.242907

33 6 0.235251

34 6 0.226666

35 6 0.217186

36 6 0.20685

37 6 0.195697

38 6 0.183772

39 6 0.171121

40 6 0.157795

41 6 0.143847

42 6 0.12933

43 6 0.114303

44 6 0.0988257

45 6 0.0829578

46 6 0.0667626

47 6 0.0503039

48 6 0.0336466

49 6 0.0168566

50 6 0

0 7 0

1 7 0.0194966

2 7 0.0389162

3 7 0.0581823

4 7 0.0772188

5 7 0.0959505

6 7 0.114303

7 7 0.132205

8 7 0.149586

9 7 0.166375

10 7 0.182509

11 7 0.197922

12 7 0.212553

13 7 0.226346

14 7 0.239246

15 7 0.251202

16 7 0.262166

17 7 0.272095

18 7 0.280951

19 7 0.288698

20 7 0.295305

21 7 0.300747

22 7 0.305002

23 7 0.308054

24 7 0.30989

25 7 0.310502

26 7 0.30989

27 7 0.308054

28 7 0.305002

29 7 0.300747

30 7 0.295305

31 7 0.288698

32 7 0.280951

33 7 0.272095

34 7 0.262166

35 7 0.251202

36 7 0.239246

37 7 0.226346

38 7 0.212553

39 7 0.197922

40 7 0.182509

41 7 0.166375

42 7 0.149586

43 7 0.132205

44 7 0.114303

45 7 0.0959505

46 7 0.0772188

47 7 0.0581823

48 7 0.0389162

49 7 0.0194966

50 7 0

0 8 0

1 8 0.0220597

2 8 0.0440323

3 8 0.0658312

4 8 0.0873702

5 8 0.108564

6 8 0.12933

7 8 0.149586

8 8 0.169251

9 8 0.188248

10 8 0.206502

11 8 0.223941

12 8 0.240496

13 8 0.256103

14 8 0.270698

15 8 0.284225

16 8 0.296631

17 8 0.307866

18 8 0.317886

19 8 0.326651

20 8 0.334127

21 8 0.340284

22 8 0.345099

23 8 0.348552

24 8 0.350629

25 8 0.351322

26 8 0.350629

27 8 0.348552

28 8 0.345099

29 8 0.340284

30 8 0.334127

31 8 0.326651

32 8 0.317886

33 8 0.307866

34 8 0.296631

35 8 0.284225

36 8 0.270698

37 8 0.256103

38 8 0.240496

39 8 0.223941

40 8 0.206502

41 8 0.188248

42 8 0.169251

43 8 0.149586

44 8 0.12933

45 8 0.108564

46 8 0.0873702

47 8 0.0658312

48 8 0.0440323

49 8 0.0220597

50 8 0

0 9 0

1 9 0.0245357

2 9 0.0489746

3 9 0.0732202

4 9 0.0971768

5 9 0.12075

6 9 0.143847

7 9 0.166375

8 9 0.188248

9 9 0.209377

10 9 0.22968

11 9 0.249077

12 9 0.26749

13 9 0.284848

14 9 0.301082

15 9 0.316127

16 9 0.329925

17 9 0.342421

18 9 0.353566

19 9 0.363315

20 9 0.37163

21 9 0.378479

22 9 0.383834

23 9 0.387674

24 9 0.389984

25 9 0.390755

26 9 0.389984

27 9 0.387674

28 9 0.383834

29 9 0.378479

30 9 0.37163

31 9 0.363315

32 9 0.353566

33 9 0.342421

34 9 0.329925

35 9 0.316127

36 9 0.301082

37 9 0.284848

38 9 0.26749

39 9 0.249077

40 9 0.22968

41 9 0.209377

42 9 0.188248

43 9 0.166375

44 9 0.143847

45 9 0.12075

46 9 0.0971768

47 9 0.0732202

48 9 0.0489746

49 9 0.0245357

50 9 0

0 10 0

1 10 0.0269149

2 10 0.0537236

3 10 0.0803203

4 10 0.1066

5 10 0.132459

6 10 0.157795

7 10 0.182509

8 10 0.206502

9 10 0.22968

10 10 0.251952

11 10 0.273229

12 10 0.293428

13 10 0.31247

14 10 0.330278

15 10 0.346782

16 10 0.361918

17 10 0.375625

18 10 0.387851

19 10 0.398545

20 10 0.407667

21 10 0.415179

22 10 0.421054

23 10 0.425266

24 10 0.4278

25 10 0.428646

26 10 0.4278

27 10 0.425266

28 10 0.421054

29 10 0.415179

30 10 0.407667

31 10 0.398545

32 10 0.387851

33 10 0.375625

34 10 0.361918

35 10 0.346782

36 10 0.330278

37 10 0.31247

38 10 0.293428

39 10 0.273229

40 10 0.251952

41 10 0.22968

42 10 0.206502

43 10 0.182509

44 10 0.157795

45 10 0.132459

46 10 0.1066

47 10 0.0803203

48 10 0.0537236

49 10 0.0269149

50 10 0

0 11 0

1 11 0.0291879

2 11 0.0582606

3 11 0.0871034

4 11 0.115602

5 11 0.143645

6 11 0.171121

7 11 0.197922

8 11 0.223941

9 11 0.249077

10 11 0.273229

11 11 0.296304

12 11 0.318209

13 11 0.338858

14 11 0.35817

15 11 0.376068

16 11 0.392482

17 11 0.407347

18 11 0.420605

19 11 0.432202

20 11 0.442094

21 11 0.450241

22 11 0.456612

23 11 0.46118

24 11 0.463928

25 11 0.464845

26 11 0.463928

27 11 0.46118

28 11 0.456612

29 11 0.450241

30 11 0.442094

31 11 0.432202

32 11 0.420605

33 11 0.407347

34 11 0.392482

35 11 0.376068

36 11 0.35817

37 11 0.338858

38 11 0.318209

39 11 0.296304

40 11 0.273229

41 11 0.249077

42 11 0.223941

43 11 0.197922

44 11 0.171121

45 11 0.143645

46 11 0.115602

47 11 0.0871034

48 11 0.0582606

49 11 0.0291879

50 11 0

0 12 0

1 12 0.0313457

2 12 0.0625676

3 12 0.0935427

4 12 0.124149

5 12 0.154264

6 12 0.183772

7 12 0.212553

8 12 0.240496

9 12 0.26749

10 12 0.293428

11 12 0.318209

12 12 0.341733

13 12 0.363909

14 12 0.384648

15 12 0.40387

16 12 0.421497

17 12 0.437461

18 12 0.451699

19 12 0.464154

20 12 0.474777

21 12 0.483527

22 12 0.490368

23 12 0.495274

24 12 0.498225

25 12 0.49921

26 12 0.498225

27 12 0.495274

28 12 0.490368

29 12 0.483527

30 12 0.474777

31 12 0.464154

32 12 0.451699

33 12 0.437461

34 12 0.421497

35 12 0.40387

36 12 0.384648

37 12 0.363909

38 12 0.341733

39 12 0.318209

40 12 0.293428

41 12 0.26749

42 12 0.240496

43 12 0.212553

44 12 0.183772

45 12 0.154264

46 12 0.124149

47 12 0.0935427

48 12 0.0625676

49 12 0.0313457

50 12 0

0 13 0

1 13 0.0333798

2 13 0.0666278

3 13 0.0996128

4 13 0.132205

5 13 0.164275

6 13 0.195697

7 13 0.226346

8 13 0.256103

9 13 0.284848

10 13 0.31247

11 13 0.338858

12 13 0.363909

13 13 0.387523

14 13 0.409609

15 13 0.430077

16 13 0.448849

17 13 0.465849

18 13 0.481011

19 13 0.494274

20 13 0.505586

21 13 0.514904

22 13 0.522189

23 13 0.527413

24 13 0.530556

25 13 0.531605

26 13 0.530556

27 13 0.527413

28 13 0.522189

29 13 0.514904

30 13 0.505586

31 13 0.494274

32 13 0.481011

33 13 0.465849

34 13 0.448849

35 13 0.430077

36 13 0.409609

37 13 0.387523

38 13 0.363909

39 13 0.338858

40 13 0.31247

41 13 0.284848

42 13 0.256103

43 13 0.226346

44 13 0.195697

45 13 0.164275

46 13 0.132205

47 13 0.0996128

48 13 0.0666278

49 13 0.0333798

50 13 0

0 14 0

1 14 0.0352821

2 14 0.070425

3 14 0.10529

4 14 0.139739

5 14 0.173637

6 14 0.20685

7 14 0.239246

8 14 0.270698

9 14 0.301082

10 14 0.330278

11 14 0.35817

12 14 0.384648

13 14 0.409609

14 14 0.432953

15 14 0.454588

16 14 0.474429

17 14 0.492398

18 14 0.508424

19 14 0.522443

20 14 0.5344

21 14 0.544248

22 14 0.551949

23 14 0.557471

24 14 0.560793

25 14 0.561902

26 14 0.560793

27 14 0.557471

28 14 0.551949

29 14 0.544248

30 14 0.5344

31 14 0.522443

32 14 0.508424

33 14 0.492398

34 14 0.474429

35 14 0.454588

36 14 0.432953

37 14 0.409609

38 14 0.384648

39 14 0.35817

40 14 0.330278

41 14 0.301082

42 14 0.270698

43 14 0.239246

44 14 0.20685

45 14 0.173637

46 14 0.139739

47 14 0.10529

48 14 0.070425

49 14 0.0352821

50 14 0

0 15 0

1 15 0.0370452

2 15 0.0739442

3 15 0.110551

4 15 0.146722

5 15 0.182314

6 15 0.217186

7 15 0.251202

8 15 0.284225

9 15 0.316127

10 15 0.346782

11 15 0.376068

12 15 0.40387

13 15 0.430077

14 15 0.454588

15 15 0.477304

16 15 0.498137

17 15 0.517004

18 15 0.533831

19 15 0.54855

20 15 0.561105

21 15 0.571445

22 15 0.579531

23 15 0.585329

24 15 0.588817

25 15 0.589981

26 15 0.588817

27 15 0.585329

28 15 0.579531

29 15 0.571445

30 15 0.561105

31 15 0.54855

32 15 0.533831

33 15 0.517004

34 15 0.498137

35 15 0.477304

36 15 0.454588

37 15 0.430077

38 15 0.40387

39 15 0.376068

40 15 0.346782

41 15 0.316127

42 15 0.284225

43 15 0.251202

44 15 0.217186

45 15 0.182314

46 15 0.146722

47 15 0.110551

48 15 0.0739442

49 15 0.0370452

50 15 0

0 16 0

1 16 0.0386621

2 16 0.0771716

3 16 0.115377

4 16 0.153126

5 16 0.190271

6 16 0.226666

7 16 0.262166

8 16 0.296631

9 16 0.329925

10 16 0.361918

11 16 0.392482

12 16 0.421497

13 16 0.448849

14 16 0.474429

15 16 0.498137

16 16 0.519879

17 16 0.53957

18 16 0.55713

19 16 0.572493

20 16 0.585595

21 16 0.596387

22 16 0.604825

23 16 0.610876

24 16 0.614516

25 16 0.615731

26 16 0.614516

27 16 0.610876

28 16 0.604825

29 16 0.596387

30 16 0.585595

31 16 0.572493

32 16 0.55713

33 16 0.53957

34 16 0.519879

35 16 0.498137

36 16 0.474429

37 16 0.448849

38 16 0.421497

39 16 0.392482

40 16 0.361918

41 16 0.329925

42 16 0.296631

43 16 0.262166

44 16 0.226666

45 16 0.190271

46 16 0.153126

47 16 0.115377

48 16 0.0771716

49 16 0.0386621

50 16 0

0 17 0

1 17 0.0401264

2 17 0.0800945

3 17 0.119746

4 17 0.158926

5 17 0.197478

6 17 0.235251

7 17 0.272095

8 17 0.307866

9 17 0.342421

10 17 0.375625

11 17 0.407347

12 17 0.437461

13 17 0.465849

14 17 0.492398

15 17 0.517004

16 17 0.53957

17 17 0.560006

18 17 0.578232

19 17 0.594176

20 17 0.607775

21 17 0.618975

22 17 0.627733

23 17 0.634013

24 17 0.637791

25 17 0.639052

26 17 0.637791

27 17 0.634013

28 17 0.627733

29 17 0.618975

30 17 0.607775

31 17 0.594176

32 17 0.578232

33 17 0.560006

34 17 0.53957

35 17 0.517004

36 17 0.492398

37 17 0.465849

38 17 0.437461

39 17 0.407347

40 17 0.375625

41 17 0.342421

42 17 0.307866

43 17 0.272095

44 17 0.235251

45 17 0.197478

46 17 0.158926

47 17 0.119746

48 17 0.0800945

49 17 0.0401264

50 17 0

0 18 0

1 18 0.0414324

2 18 0.0827012

3 18 0.123644

4 18 0.164098

5 18 0.203905

6 18 0.242907

7 18 0.280951

8 18 0.317886

9 18 0.353566

10 18 0.387851

11 18 0.420605

12 18 0.451699

13 18 0.481011

14 18 0.508424

15 18 0.533831

16 18 0.55713

17 18 0.578232

18 18 0.597051

19 18 0.613514

20 18 0.627555

21 18 0.63912

22 18 0.648163

23 18 0.654648

24 18 0.658549

25 18 0.659851

26 18 0.658549

27 18 0.654648

28 18 0.648163

29 18 0.63912

30 18 0.627555

31 18 0.613514

32 18 0.597051

33 18 0.578232

34 18 0.55713

35 18 0.533831

36 18 0.508424

37 18 0.481011

38 18 0.451699

39 18 0.420605

40 18 0.387851

41 18 0.353566

42 18 0.317886

43 18 0.280951

44 18 0.242907

45 18 0.203905

46 18 0.164098

47 18 0.123644

48 18 0.0827012

49 18 0.0414324

50 18 0

0 19 0

1 19 0.0425748

2 19 0.0849816

3 19 0.127053

4 19 0.168623

5 19 0.209528

6 19 0.249605

7 19 0.288698

8 19 0.326651

9 19 0.363315

10 19 0.398545

11 19 0.432202

12 19 0.464154

13 19 0.494274

14 19 0.522443

15 19 0.54855

16 19 0.572493

17 19 0.594176

18 19 0.613514

19 19 0.630431

20 19 0.644859

21 19 0.656743

22 19 0.666035

23 19 0.672699

24 19 0.676707

25 19 0.678045

26 19 0.676707

27 19 0.672699

28 19 0.666035

29 19 0.656743

30 19 0.644859

31 19 0.630431

32 19 0.613514

33 19 0.594176

34 19 0.572493

35 19 0.54855

36 19 0.522443

37 19 0.494274

38 19 0.464154

39 19 0.432202

40 19 0.398545

41 19 0.363315

42 19 0.326651

43 19 0.288698

44 19 0.249605

45 19 0.209528

46 19 0.168623

47 19 0.127053

48 19 0.0849816

49 19 0.0425748

50 19 0

0 20 0

1 20 0.0435492

2 20 0.0869266

3 20 0.129961

4 20 0.172482

5 20 0.214323

6 20 0.255318

7 20 0.295305

8 20 0.334127

9 20 0.37163

10 20 0.407667

11 20 0.442094

12 20 0.474777

13 20 0.505586

14 20 0.5344

15 20 0.561105

16 20 0.585595

17 20 0.607775

18 20 0.627555

19 20 0.644859

20 20 0.659619

21 20 0.671774

22 20 0.681279

23 20 0.688095

24 20 0.692195

25 20 0.693564

26 20 0.692195

27 20 0.688095

28 20 0.681279

29 20 0.671774

30 20 0.659619

31 20 0.644859

32 20 0.627555

33 20 0.607775

34 20 0.585595

35 20 0.561105

36 20 0.5344

37 20 0.505586

38 20 0.474777

39 20 0.442094

40 20 0.407667

41 20 0.37163

42 20 0.334127

43 20 0.295305

44 20 0.255318

45 20 0.214323

46 20 0.172482

47 20 0.129961

48 20 0.0869266

49 20 0.0435492

50 20 0

0 21 0

1 21 0.0443518

2 21 0.0885286

3 21 0.132356

4 21 0.175661

5 21 0.218273

6 21 0.260023

7 21 0.300747

8 21 0.340284

9 21 0.378479

10 21 0.415179

11 21 0.450241

12 21 0.483527

13 21 0.514904

14 21 0.544248

15 21 0.571445

16 21 0.596387

17 21 0.618975

18 21 0.63912

19 21 0.656743

20 21 0.671774

21 21 0.684154

22 21 0.693834

23 21 0.700776

24 21 0.704952

25 21 0.706345

26 21 0.704952

27 21 0.700776

28 21 0.693834

29 21 0.684154

30 21 0.671774

31 21 0.656743

32 21 0.63912

33 21 0.618975

34 21 0.596387

35 21 0.571445

36 21 0.544248

37 21 0.514904

38 21 0.483527

39 21 0.450241

40 21 0.415179

41 21 0.378479

42 21 0.340284

43 21 0.300747

44 21 0.260023

45 21 0.218273

46 21 0.175661

47 21 0.132356

48 21 0.0885286

49 21 0.0443518

50 21 0

0 22 0

1 22 0.0449793

2 22 0.0897811

3 22 0.134229

4 22 0.178146

5 22 0.221361

6 22 0.263702

7 22 0.305002

8 22 0.345099

9 22 0.383834

10 22 0.421054

11 22 0.456612

12 22 0.490368

13 22 0.522189

14 22 0.551949

15 22 0.579531

16 22 0.604825

17 22 0.627733

18 22 0.648163

19 22 0.666035

20 22 0.681279

21 22 0.693834

22 22 0.703651

23 22 0.710691

24 22 0.714926

25 22 0.716339

26 22 0.714926

27 22 0.710691

28 22 0.703651

29 22 0.693834

30 22 0.681279

31 22 0.666035

32 22 0.648163

33 22 0.627733

34 22 0.604825

35 22 0.579531

36 22 0.551949

37 22 0.522189

38 22 0.490368

39 22 0.456612

40 22 0.421054

41 22 0.383834

42 22 0.345099

43 22 0.305002

44 22 0.263702

45 22 0.221361

46 22 0.178146

47 22 0.134229

48 22 0.0897811

49 22 0.0449793

50 22 0

0 23 0

1 23 0.0454293

2 23 0.0906793

3 23 0.135571

4 23 0.179929

5 23 0.223576

6 23 0.26634

7 23 0.308054

8 23 0.348552

9 23 0.387674

10 23 0.425266

11 23 0.46118

12 23 0.495274

13 23 0.527413

14 23 0.557471

15 23 0.585329

16 23 0.610876

17 23 0.634013

18 23 0.654648

19 23 0.672699

20 23 0.688095

21 23 0.700776

22 23 0.710691

23 23 0.717801

24 23 0.722078

25 23 0.723506

26 23 0.722078

27 23 0.717801

28 23 0.710691

29 23 0.700776

30 23 0.688095

31 23 0.672699

32 23 0.654648

33 23 0.634013

34 23 0.610876

35 23 0.585329

36 23 0.557471

37 23 0.527413

38 23 0.495274

39 23 0.46118

40 23 0.425266

41 23 0.387674

42 23 0.348552

43 23 0.308054

44 23 0.26634

45 23 0.223576

46 23 0.179929

47 23 0.135571

48 23 0.0906793

49 23 0.0454293

50 23 0

0 24 0

1 24 0.0457

2 24 0.0912197

3 24 0.136379

4 24 0.181001

5 24 0.224908

6 24 0.267927

7 24 0.30989

8 24 0.350629

9 24 0.389984

10 24 0.4278

11 24 0.463928

12 24 0.498225

13 24 0.530556

14 24 0.560793

15 24 0.588817

16 24 0.614516

17 24 0.637791

18 24 0.658549

19 24 0.676707

20 24 0.692195

21 24 0.704952

22 24 0.714926

23 24 0.722078

24 24 0.726381

25 24 0.727817

26 24 0.726381

27 24 0.722078

28 24 0.714926

29 24 0.704952

30 24 0.692195

31 24 0.676707

32 24 0.658549

33 24 0.637791

34 24 0.614516

35 24 0.588817

36 24 0.560793

37 24 0.530556

38 24 0.498225

39 24 0.463928

40 24 0.4278

41 24 0.389984

42 24 0.350629

43 24 0.30989

44 24 0.267927

45 24 0.224908

46 24 0.181001

47 24 0.136379

48 24 0.0912197

49 24 0.0457

50 24 0

0 25 0

1 25 0.0457904

2 25 0.0914001

3 25 0.136649

4 25 0.181359

5 25 0.225353

6 25 0.268457

7 25 0.310502

8 25 0.351322

9 25 0.390755

10 25 0.428646

11 25 0.464845

12 25 0.49921

13 25 0.531605

14 25 0.561902

15 25 0.589981

16 25 0.615731

17 25 0.639052

18 25 0.659851

19 25 0.678045

20 25 0.693564

21 25 0.706345

22 25 0.716339

23 25 0.723506

24 25 0.727817

25 25 0.729256

26 25 0.727817

27 25 0.723506

28 25 0.716339

29 25 0.706345

30 25 0.693564

31 25 0.678045

32 25 0.659851

33 25 0.639052

34 25 0.615731

35 25 0.589981

36 25 0.561902

37 25 0.531605

38 25 0.49921

39 25 0.464845

40 25 0.428646

41 25 0.390755

42 25 0.351322

43 25 0.310502

44 25 0.268457

45 25 0.225353

46 25 0.181359

47 25 0.136649

48 25 0.0914001

49 25 0.0457904

50 25 0

0 26 0

1 26 0.0457

2 26 0.0912197

3 26 0.136379

4 26 0.181001

5 26 0.224908

6 26 0.267927

7 26 0.30989

8 26 0.350629

9 26 0.389984

10 26 0.4278

11 26 0.463928

12 26 0.498225

13 26 0.530556

14 26 0.560793

15 26 0.588817

16 26 0.614516

17 26 0.637791

18 26 0.658549

19 26 0.676707

20 26 0.692195

21 26 0.704952

22 26 0.714926

23 26 0.722078

24 26 0.726381

25 26 0.727817

26 26 0.726381

27 26 0.722078

28 26 0.714926

29 26 0.704952

30 26 0.692195

31 26 0.676707

32 26 0.658549

33 26 0.637791

34 26 0.614516

35 26 0.588817

36 26 0.560793

37 26 0.530556

38 26 0.498225

39 26 0.463928

40 26 0.4278

41 26 0.389984

42 26 0.350629

43 26 0.30989

44 26 0.267927

45 26 0.224908

46 26 0.181001

47 26 0.136379

48 26 0.0912197

49 26 0.0457

50 26 0

0 27 0

1 27 0.0454293

2 27 0.0906793

3 27 0.135571

4 27 0.179929

5 27 0.223576

6 27 0.26634

7 27 0.308054

8 27 0.348552

9 27 0.387674

10 27 0.425266

11 27 0.46118

12 27 0.495274

13 27 0.527413

14 27 0.557471

15 27 0.585329

16 27 0.610876

17 27 0.634013

18 27 0.654648

19 27 0.672699

20 27 0.688095

21 27 0.700776

22 27 0.710691

23 27 0.717801

24 27 0.722078

25 27 0.723506

26 27 0.722078

27 27 0.717801

28 27 0.710691

29 27 0.700776

30 27 0.688095

31 27 0.672699

32 27 0.654648

33 27 0.634013

34 27 0.610876

35 27 0.585329

36 27 0.557471

37 27 0.527413

38 27 0.495274

39 27 0.46118

40 27 0.425266

41 27 0.387674

42 27 0.348552

43 27 0.308054

44 27 0.26634

45 27 0.223576

46 27 0.179929

47 27 0.135571

48 27 0.0906793

49 27 0.0454293

50 27 0

0 28 0

1 28 0.0449793

2 28 0.0897811

3 28 0.134229

4 28 0.178146

5 28 0.221361

6 28 0.263702

7 28 0.305002

8 28 0.345099

9 28 0.383834

10 28 0.421054

11 28 0.456612

12 28 0.490368

13 28 0.522189

14 28 0.551949

15 28 0.579531

16 28 0.604825

17 28 0.627733

18 28 0.648163

19 28 0.666035

20 28 0.681279

21 28 0.693834

22 28 0.703651

23 28 0.710691

24 28 0.714926

25 28 0.716339

26 28 0.714926

27 28 0.710691

28 28 0.703651

29 28 0.693834

30 28 0.681279

31 28 0.666035

32 28 0.648163

33 28 0.627733

34 28 0.604825

35 28 0.579531

36 28 0.551949

37 28 0.522189

38 28 0.490368

39 28 0.456612

40 28 0.421054

41 28 0.383834

42 28 0.345099

43 28 0.305002

44 28 0.263702

45 28 0.221361

46 28 0.178146

47 28 0.134229

48 28 0.0897811

49 28 0.0449793

50 28 0

0 29 0

1 29 0.0443518

2 29 0.0885286

3 29 0.132356

4 29 0.175661

5 29 0.218273

6 29 0.260023

7 29 0.300747

8 29 0.340284

9 29 0.378479

10 29 0.415179

11 29 0.450241

12 29 0.483527

13 29 0.514904

14 29 0.544248

15 29 0.571445

16 29 0.596387

17 29 0.618975

18 29 0.63912

19 29 0.656743

20 29 0.671774

21 29 0.684154

22 29 0.693834

23 29 0.700776

24 29 0.704952

25 29 0.706345

26 29 0.704952

27 29 0.700776

28 29 0.693834

29 29 0.684154

30 29 0.671774

31 29 0.656743

32 29 0.63912

33 29 0.618975

34 29 0.596387

35 29 0.571445

36 29 0.544248

37 29 0.514904

38 29 0.483527

39 29 0.450241

40 29 0.415179

41 29 0.378479

42 29 0.340284

43 29 0.300747

44 29 0.260023

45 29 0.218273

46 29 0.175661

47 29 0.132356

48 29 0.0885286

49 29 0.0443518

50 29 0

0 30 0

1 30 0.0435492

2 30 0.0869266

3 30 0.129961

4 30 0.172482

5 30 0.214323

6 30 0.255318

7 30 0.295305

8 30 0.334127

9 30 0.37163

10 30 0.407667

11 30 0.442094

12 30 0.474777

13 30 0.505586

14 30 0.5344

15 30 0.561105

16 30 0.585595

17 30 0.607775

18 30 0.627555

19 30 0.644859

20 30 0.659619

21 30 0.671774

22 30 0.681279

23 30 0.688095

24 30 0.692195

25 30 0.693564

26 30 0.692195

27 30 0.688095

28 30 0.681279

29 30 0.671774

30 30 0.659619

31 30 0.644859

32 30 0.627555

33 30 0.607775

34 30 0.585595

35 30 0.561105

36 30 0.5344

37 30 0.505586

38 30 0.474777

39 30 0.442094

40 30 0.407667

41 30 0.37163

42 30 0.334127

43 30 0.295305

44 30 0.255318

45 30 0.214323

46 30 0.172482

47 30 0.129961

48 30 0.0869266

49 30 0.0435492

50 30 0

0 31 0

1 31 0.0425748

2 31 0.0849816

3 31 0.127053

4 31 0.168623

5 31 0.209528

6 31 0.249605

7 31 0.288698

8 31 0.326651

9 31 0.363315

10 31 0.398545

11 31 0.432202

12 31 0.464154

13 31 0.494274

14 31 0.522443

15 31 0.54855

16 31 0.572493

17 31 0.594176

18 31 0.613514

19 31 0.630431

20 31 0.644859

21 31 0.656743

22 31 0.666035

23 31 0.672699

24 31 0.676707

25 31 0.678045

26 31 0.676707

27 31 0.672699

28 31 0.666035

29 31 0.656743

30 31 0.644859

31 31 0.630431

32 31 0.613514

33 31 0.594176

34 31 0.572493

35 31 0.54855

36 31 0.522443

37 31 0.494274

38 31 0.464154

39 31 0.432202

40 31 0.398545

41 31 0.363315

42 31 0.326651

43 31 0.288698

44 31 0.249605

45 31 0.209528

46 31 0.168623

47 31 0.127053

48 31 0.0849816

49 31 0.0425748

50 31 0

0 32 0

1 32 0.0414324

2 32 0.0827012

3 32 0.123644

4 32 0.164098

5 32 0.203905

6 32 0.242907

7 32 0.280951

8 32 0.317886

9 32 0.353566

10 32 0.387851

11 32 0.420605

12 32 0.451699

13 32 0.481011

14 32 0.508424

15 32 0.533831

16 32 0.55713

17 32 0.578232

18 32 0.597051

19 32 0.613514

20 32 0.627555

21 32 0.63912

22 32 0.648163

23 32 0.654648

24 32 0.658549

25 32 0.659851

26 32 0.658549

27 32 0.654648

28 32 0.648163

29 32 0.63912

30 32 0.627555

31 32 0.613514

32 32 0.597051

33 32 0.578232

34 32 0.55713

35 32 0.533831

36 32 0.508424

37 32 0.481011

38 32 0.451699

39 32 0.420605

40 32 0.387851

41 32 0.353566

42 32 0.317886

43 32 0.280951

44 32 0.242907

45 32 0.203905

46 32 0.164098

47 32 0.123644

48 32 0.0827012

49 32 0.0414324

50 32 0

0 33 0

1 33 0.0401264

2 33 0.0800945

3 33 0.119746

4 33 0.158926

5 33 0.197478

6 33 0.235251

7 33 0.272095

8 33 0.307866

9 33 0.342421

10 33 0.375625

11 33 0.407347

12 33 0.437461

13 33 0.465849

14 33 0.492398

15 33 0.517004

16 33 0.53957

17 33 0.560006

18 33 0.578232

19 33 0.594176

20 33 0.607775

21 33 0.618975

22 33 0.627733

23 33 0.634013

24 33 0.637791

25 33 0.639052

26 33 0.637791

27 33 0.634013

28 33 0.627733

29 33 0.618975

30 33 0.607775

31 33 0.594176

32 33 0.578232

33 33 0.560006

34 33 0.53957

35 33 0.517004

36 33 0.492398

37 33 0.465849

38 33 0.437461

39 33 0.407347

40 33 0.375625

41 33 0.342421

42 33 0.307866

43 33 0.272095

44 33 0.235251

45 33 0.197478

46 33 0.158926

47 33 0.119746

48 33 0.0800945

49 33 0.0401264

50 33 0

0 34 0

1 34 0.0386621

2 34 0.0771716

3 34 0.115377

4 34 0.153126

5 34 0.190271

6 34 0.226666

7 34 0.262166

8 34 0.296631

9 34 0.329925

10 34 0.361918

11 34 0.392482

12 34 0.421497

13 34 0.448849

14 34 0.474429

15 34 0.498137

16 34 0.519879

17 34 0.53957

18 34 0.55713

19 34 0.572493

20 34 0.585595

21 34 0.596387

22 34 0.604825

23 34 0.610876

24 34 0.614516

25 34 0.615731

26 34 0.614516

27 34 0.610876

28 34 0.604825

29 34 0.596387

30 34 0.585595

31 34 0.572493

32 34 0.55713

33 34 0.53957

34 34 0.519879

35 34 0.498137

36 34 0.474429

37 34 0.448849

38 34 0.421497

39 34 0.392482

40 34 0.361918

41 34 0.329925

42 34 0.296631

43 34 0.262166

44 34 0.226666

45 34 0.190271

46 34 0.153126

47 34 0.115377

48 34 0.0771716

49 34 0.0386621

50 34 0

0 35 0

1 35 0.0370452

2 35 0.0739442

3 35 0.110551

4 35 0.146722

5 35 0.182314

6 35 0.217186

7 35 0.251202

8 35 0.284225

9 35 0.316127

10 35 0.346782

11 35 0.376068

12 35 0.40387

13 35 0.430077

14 35 0.454588

15 35 0.477304

16 35 0.498137

17 35 0.517004

18 35 0.533831

19 35 0.54855

20 35 0.561105

21 35 0.571445

22 35 0.579531

23 35 0.585329

24 35 0.588817

25 35 0.589981

26 35 0.588817

27 35 0.585329

28 35 0.579531

29 35 0.571445

30 35 0.561105

31 35 0.54855

32 35 0.533831

33 35 0.517004

34 35 0.498137

35 35 0.477304

36 35 0.454588

37 35 0.430077

38 35 0.40387

39 35 0.376068

40 35 0.346782

41 35 0.316127

42 35 0.284225

43 35 0.251202

44 35 0.217186

45 35 0.182314

46 35 0.146722

47 35 0.110551

48 35 0.0739442

49 35 0.0370452

50 35 0

0 36 0

1 36 0.0352821

2 36 0.070425

3 36 0.10529

4 36 0.139739

5 36 0.173637

6 36 0.20685

7 36 0.239246

8 36 0.270698

9 36 0.301082

10 36 0.330278

11 36 0.35817

12 36 0.384648

13 36 0.409609

14 36 0.432953

15 36 0.454588

16 36 0.474429

17 36 0.492398

18 36 0.508424

19 36 0.522443

20 36 0.5344

21 36 0.544248

22 36 0.551949

23 36 0.557471

24 36 0.560793

25 36 0.561902

26 36 0.560793

27 36 0.557471

28 36 0.551949

29 36 0.544248

30 36 0.5344

31 36 0.522443

32 36 0.508424

33 36 0.492398

34 36 0.474429

35 36 0.454588

36 36 0.432953

37 36 0.409609

38 36 0.384648

39 36 0.35817

40 36 0.330278

41 36 0.301082

42 36 0.270698

43 36 0.239246

44 36 0.20685

45 36 0.173637

46 36 0.139739

47 36 0.10529

48 36 0.070425

49 36 0.0352821

50 36 0

0 37 0

1 37 0.0333798

2 37 0.0666278

3 37 0.0996128

4 37 0.132205

5 37 0.164275

6 37 0.195697

7 37 0.226346

8 37 0.256103

9 37 0.284848

10 37 0.31247

11 37 0.338858

12 37 0.363909

13 37 0.387523

14 37 0.409609

15 37 0.430077

16 37 0.448849

17 37 0.465849

18 37 0.481011

19 37 0.494274

20 37 0.505586

21 37 0.514904

22 37 0.522189

23 37 0.527413

24 37 0.530556

25 37 0.531605

26 37 0.530556

27 37 0.527413

28 37 0.522189

29 37 0.514904

30 37 0.505586

31 37 0.494274

32 37 0.481011

33 37 0.465849

34 37 0.448849

35 37 0.430077

36 37 0.409609

37 37 0.387523

38 37 0.363909

39 37 0.338858

40 37 0.31247

41 37 0.284848

42 37 0.256103

43 37 0.226346

44 37 0.195697

45 37 0.164275

46 37 0.132205

47 37 0.0996128

48 37 0.0666278

49 37 0.0333798

50 37 0

0 38 0

1 38 0.0313457

2 38 0.0625676

3 38 0.0935427

4 38 0.124149

5 38 0.154264

6 38 0.183772

7 38 0.212553

8 38 0.240496

9 38 0.26749

10 38 0.293428

11 38 0.318209

12 38 0.341733

13 38 0.363909

14 38 0.384648

15 38 0.40387

16 38 0.421497

17 38 0.437461

18 38 0.451699

19 38 0.464154

20 38 0.474777

21 38 0.483527

22 38 0.490368

23 38 0.495274

24 38 0.498225

25 38 0.49921

26 38 0.498225

27 38 0.495274

28 38 0.490368

29 38 0.483527

30 38 0.474777

31 38 0.464154

32 38 0.451699

33 38 0.437461

34 38 0.421497

35 38 0.40387

36 38 0.384648

37 38 0.363909

38 38 0.341733

39 38 0.318209

40 38 0.293428

41 38 0.26749

42 38 0.240496

43 38 0.212553

44 38 0.183772

45 38 0.154264

46 38 0.124149

47 38 0.0935427

48 38 0.0625676

49 38 0.0313457

50 38 0

0 39 0

1 39 0.0291879

2 39 0.0582606

3 39 0.0871034

4 39 0.115602

5 39 0.143645

6 39 0.171121

7 39 0.197922

8 39 0.223941

9 39 0.249077

10 39 0.273229

11 39 0.296304

12 39 0.318209

13 39 0.338858

14 39 0.35817

15 39 0.376068

16 39 0.392482

17 39 0.407347

18 39 0.420605

19 39 0.432202

20 39 0.442094

21 39 0.450241

22 39 0.456612

23 39 0.46118

24 39 0.463928

25 39 0.464845

26 39 0.463928

27 39 0.46118

28 39 0.456612

29 39 0.450241

30 39 0.442094

31 39 0.432202

32 39 0.420605

33 39 0.407347

34 39 0.392482

35 39 0.376068

36 39 0.35817

37 39 0.338858

38 39 0.318209

39 39 0.296304

40 39 0.273229

41 39 0.249077

42 39 0.223941

43 39 0.197922

44 39 0.171121

45 39 0.143645

46 39 0.115602

47 39 0.0871034

48 39 0.0582606

49 39 0.0291879

50 39 0

0 40 0

1 40 0.0269149

2 40 0.0537236

3 40 0.0803203

4 40 0.1066

5 40 0.132459

6 40 0.157795

7 40 0.182509

8 40 0.206502

9 40 0.22968

10 40 0.251952

11 40 0.273229

12 40 0.293428

13 40 0.31247

14 40 0.330278

15 40 0.346782

16 40 0.361918

17 40 0.375625

18 40 0.387851

19 40 0.398545

20 40 0.407667

21 40 0.415179

22 40 0.421054

23 40 0.425266

24 40 0.4278

25 40 0.428646

26 40 0.4278

27 40 0.425266

28 40 0.421054

29 40 0.415179

30 40 0.407667

31 40 0.398545

32 40 0.387851

33 40 0.375625

34 40 0.361918

35 40 0.346782

36 40 0.330278

37 40 0.31247

38 40 0.293428

39 40 0.273229

40 40 0.251952

41 40 0.22968

42 40 0.206502

43 40 0.182509

44 40 0.157795

45 40 0.132459

46 40 0.1066

47 40 0.0803203

48 40 0.0537236

49 40 0.0269149

50 40 0

0 41 0

1 41 0.0245357

2 41 0.0489746

3 41 0.0732202

4 41 0.0971768

5 41 0.12075

6 41 0.143847

7 41 0.166375

8 41 0.188248

9 41 0.209377

10 41 0.22968

11 41 0.249077

12 41 0.26749

13 41 0.284848

14 41 0.301082

15 41 0.316127

16 41 0.329925

17 41 0.342421

18 41 0.353566

19 41 0.363315

20 41 0.37163

21 41 0.378479

22 41 0.383834

23 41 0.387674

24 41 0.389984

25 41 0.390755

26 41 0.389984

27 41 0.387674

28 41 0.383834

29 41 0.378479

30 41 0.37163

31 41 0.363315

32 41 0.353566

33 41 0.342421

34 41 0.329925

35 41 0.316127

36 41 0.301082

37 41 0.284848

38 41 0.26749

39 41 0.249077

40 41 0.22968

41 41 0.209377

42 41 0.188248

43 41 0.166375

44 41 0.143847

45 41 0.12075

46 41 0.0971768

47 41 0.0732202

48 41 0.0489746

49 41 0.0245357

50 41 0

0 42 0

1 42 0.0220597

2 42 0.0440323

3 42 0.0658312

4 42 0.0873702

5 42 0.108564

6 42 0.12933

7 42 0.149586

8 42 0.169251

9 42 0.188248

10 42 0.206502

11 42 0.223941

12 42 0.240496

13 42 0.256103

14 42 0.270698

15 42 0.284225

16 42 0.296631

17 42 0.307866

18 42 0.317886

19 42 0.326651

20 42 0.334127

21 42 0.340284

22 42 0.345099

23 42 0.348552

24 42 0.350629

25 42 0.351322

26 42 0.350629

27 42 0.348552

28 42 0.345099

29 42 0.340284

30 42 0.334127

31 42 0.326651

32 42 0.317886

33 42 0.307866

34 42 0.296631

35 42 0.284225

36 42 0.270698

37 42 0.256103

38 42 0.240496

39 42 0.223941

40 42 0.206502

41 42 0.188248

42 42 0.169251

43 42 0.149586

44 42 0.12933

45 42 0.108564

46 42 0.0873702

47 42 0.0658312

48 42 0.0440323

49 42 0.0220597

50 42 0

0 43 0

1 43 0.0194966

2 43 0.0389162

3 43 0.0581823

4 43 0.0772188

5 43 0.0959505

6 43 0.114303

7 43 0.132205

8 43 0.149586

9 43 0.166375

10 43 0.182509

11 43 0.197922

12 43 0.212553

13 43 0.226346

14 43 0.239246

15 43 0.251202

16 43 0.262166

17 43 0.272095

18 43 0.280951

19 43 0.288698

20 43 0.295305

21 43 0.300747

22 43 0.305002

23 43 0.308054

24 43 0.30989

25 43 0.310502

26 43 0.30989

27 43 0.308054

28 43 0.305002

29 43 0.300747

30 43 0.295305

31 43 0.288698

32 43 0.280951

33 43 0.272095

34 43 0.262166

35 43 0.251202

36 43 0.239246

37 43 0.226346

38 43 0.212553

39 43 0.197922

40 43 0.182509

41 43 0.166375

42 43 0.149586

43 43 0.132205

44 43 0.114303

45 43 0.0959505

46 43 0.0772188

47 43 0.0581823

48 43 0.0389162

49 43 0.0194966

50 43 0

0 44 0

1 44 0.0168566

2 44 0.0336466

3 44 0.0503039

4 44 0.0667626

5 44 0.0829578

6 44 0.0988257

7 44 0.114303

8 44 0.12933

9 44 0.143847

10 44 0.157795

11 44 0.171121

12 44 0.183772

13 44 0.195697

14 44 0.20685

15 44 0.217186

16 44 0.226666

17 44 0.235251

18 44 0.242907

19 44 0.249605

20 44 0.255318

21 44 0.260023

22 44 0.263702

23 44 0.26634

24 44 0.267927

25 44 0.268457

26 44 0.267927

27 44 0.26634

28 44 0.263702

29 44 0.260023

30 44 0.255318

31 44 0.249605

32 44 0.242907

33 44 0.235251

34 44 0.226666

35 44 0.217186

36 44 0.20685

37 44 0.195697

38 44 0.183772

39 44 0.171121

40 44 0.157795

41 44 0.143847

42 44 0.12933

43 44 0.114303

44 44 0.0988257

45 44 0.0829578

46 44 0.0667626

47 44 0.0503039

48 44 0.0336466

49 44 0.0168566

50 44 0

0 45 0

1 45 0.01415

2 45 0.0282442

3 45 0.0422269

4 45 0.0560429

5 45 0.0696378

6 45 0.0829578

7 45 0.0959505

8 45 0.108564

9 45 0.12075

10 45 0.132459

11 45 0.143645

12 45 0.154264

13 45 0.164275

14 45 0.173637

15 45 0.182314

16 45 0.190271

17 45 0.197478

18 45 0.203905

19 45 0.209528

20 45 0.214323

21 45 0.218273

22 45 0.221361

23 45 0.223576

24 45 0.224908

25 45 0.225353

26 45 0.224908

27 45 0.223576

28 45 0.221361

29 45 0.218273

30 45 0.214323

31 45 0.209528

32 45 0.203905

33 45 0.197478

34 45 0.190271

35 45 0.182314

36 45 0.173637

37 45 0.164275

38 45 0.154264

39 45 0.143645

40 45 0.132459

41 45 0.12075

42 45 0.108564

43 45 0.0959505

44 45 0.0829578

45 45 0.0696378

46 45 0.0560429

47 45 0.0422269

48 45 0.0282442

49 45 0.01415

50 45 0

0 46 0

1 46 0.0113876

2 46 0.0227303

3 46 0.0339832

4 46 0.0451021

5 46 0.0560429

6 46 0.0667626

7 46 0.0772188

8 46 0.0873702

9 46 0.0971768

10 46 0.1066

11 46 0.115602

12 46 0.124149

13 46 0.132205

14 46 0.139739

15 46 0.146722

16 46 0.153126

17 46 0.158926

18 46 0.164098

19 46 0.168623

20 46 0.172482

21 46 0.175661

22 46 0.178146

23 46 0.179929

24 46 0.181001

25 46 0.181359

26 46 0.181001

27 46 0.179929

28 46 0.178146

29 46 0.175661

30 46 0.172482

31 46 0.168623

32 46 0.164098

33 46 0.158926

34 46 0.153126

35 46 0.146722

36 46 0.139739

37 46 0.132205

38 46 0.124149

39 46 0.115602

40 46 0.1066

41 46 0.0971768

42 46 0.0873702

43 46 0.0772188

44 46 0.0667626

45 46 0.0560429

46 46 0.0451021

47 46 0.0339832

48 46 0.0227303

49 46 0.0113876

50 46 0

0 47 0

1 47 0.00858026

2 47 0.0171267

3 47 0.0256055

4 47 0.0339832

5 47 0.0422269

6 47 0.0503039

7 47 0.0581823

8 47 0.0658312

9 47 0.0732202

10 47 0.0803203

11 47 0.0871034

12 47 0.0935427

13 47 0.0996128

14 47 0.10529

15 47 0.110551

16 47 0.115377

17 47 0.119746

18 47 0.123644

19 47 0.127053

20 47 0.129961

21 47 0.132356

22 47 0.134229

23 47 0.135571

24 47 0.136379

25 47 0.136649

26 47 0.136379

27 47 0.135571

28 47 0.134229

29 47 0.132356

30 47 0.129961

31 47 0.127053

32 47 0.123644

33 47 0.119746

34 47 0.115377

35 47 0.110551

36 47 0.10529

37 47 0.0996128

38 47 0.0935427

39 47 0.0871034

40 47 0.0803203

41 47 0.0732202

42 47 0.0658312

43 47 0.0581823

44 47 0.0503039

45 47 0.0422269

46 47 0.0339832

47 47 0.0256055

48 47 0.0171267

49 47 0.00858026

50 47 0

0 48 0

1 48 0.00573906

2 48 0.0114555

3 48 0.0171267

4 48 0.0227303

5 48 0.0282442

6 48 0.0336466

7 48 0.0389162

8 48 0.0440323

9 48 0.0489746

10 48 0.0537236

11 48 0.0582606

12 48 0.0625676

13 48 0.0666278

14 48 0.070425

15 48 0.0739442

16 48 0.0771716

17 48 0.0800945

18 48 0.0827012

19 48 0.0849816

20 48 0.0869266

21 48 0.0885286

22 48 0.0897811

23 48 0.0906793

24 48 0.0912197

25 48 0.0914001

26 48 0.0912197

27 48 0.0906793

28 48 0.0897811

29 48 0.0885286

30 48 0.0869266

31 48 0.0849816

32 48 0.0827012

33 48 0.0800945

34 48 0.0771716

35 48 0.0739442

36 48 0.070425

37 48 0.0666278

38 48 0.0625676

39 48 0.0582606

40 48 0.0537236

41 48 0.0489746

42 48 0.0440323

43 48 0.0389162

44 48 0.0336466

45 48 0.0282442

46 48 0.0227303

47 48 0.0171267

48 48 0.0114555

49 48 0.00573906

50 48 0

0 49 0

1 49 0.0028752

2 49 0.00573906

3 49 0.00858026

4 49 0.0113876

5 49 0.01415

6 49 0.0168566

7 49 0.0194966

8 49 0.0220597

9 49 0.0245357

10 49 0.0269149

11 49 0.0291879

12 49 0.0313457

13 49 0.0333798

14 49 0.0352821

15 49 0.0370452

16 49 0.0386621

17 49 0.0401264

18 49 0.0414324

19 49 0.0425748

20 49 0.0435492

21 49 0.0443518

22 49 0.0449793

23 49 0.0454293

24 49 0.0457

25 49 0.0457904

26 49 0.0457

27 49 0.0454293

28 49 0.0449793

29 49 0.0443518

30 49 0.0435492

31 49 0.0425748

32 49 0.0414324

33 49 0.0401264

34 49 0.0386621

35 49 0.0370452

36 49 0.0352821

37 49 0.0333798

38 49 0.0313457

39 49 0.0291879

40 49 0.0269149

41 49 0.0245357

42 49 0.0220597

43 49 0.0194966

44 49 0.0168566

45 49 0.01415

46 49 0.0113876

47 49 0.00858026

48 49 0.00573906

49 49 0.0028752

50 49 0

