0 1 0

1 1 0.00025284

2 1 0.000504682

3 1 0.000754533

4 1 0.00100141

5 1 0.00124433

6 1 0.00148234

7 1 0.0017145

8 1 0.00193989

9 1 0.00215763

10 1 0.00236685

11 1 0.00256673

12 1 0.00275648

13 1 0.00293536

14 1 0.00310264

15 1 0.00325769

16 1 0.00339988

17 1 0.00352864

18 1 0.00364349

19 1 0.00374395

20 1 0.00382964

21 1 0.00390022

22 1 0.0039554

23 1 0.00399497

24 1 0.00401878

25 1 0.00402672

26 1 0.00401878

27 1 0.00399497

28 1 0.0039554

29 1 0.00390022

30 1 0.00382964

31 1 0.00374395

32 1 0.00364349

33 1 0.00352864

34 1 0.00339988

35 1 0.00325769

36 1 0.00310264

37 1 0.00293536

38 1 0.00275648

39 1 0.00256673

40 1 0.00236685

41 1 0.00215763

42 1 0.00193989

43 1 0.0017145

44 1 0.00148234

45 1 0.00124433

46 1 0.00100141

47 1 0.000754533

48 1 0.000504682

49 1 0.00025284

50 1 0

0 2 0

1 2 0.000504682

2 2 0.00100737

3 2 0.00150609

4 2 0.00199886

5 2 0.00248374

6 2 0.00295882

7 2 0.00342222

8 2 0.00387212

9 2 0.00430674

10 2 0.00472436

11 2 0.00512333

12 2 0.00550209

13 2 0.00585913

14 2 0.00619304

15 2 0.00650252

16 2 0.00678633

17 2 0.00704336

18 2 0.0072726

19 2 0.00747313

20 2 0.00764417

21 2 0.00778504

22 2 0.00789519

23 2 0.00797418

24 2 0.0080217

25 2 0.00803756

26 2 0.0080217

27 2 0.00797418

28 2 0.00789519

29 2 0.00778504

30 2 0.00764417

31 2 0.00747313

32 2 0.0072726

33 2 0.00704336

34 2 0.00678633

35 2 0.00650252

36 2 0.00619304

37 2 0.00585913

38 2 0.00550209

39 2 0.00512333

40 2 0.00472436

41 2 0.00430674

42 2 0.00387212

43 2 0.00342222

44 2 0.00295882

45 2 0.00248374

46 2 0.00199886

47 2 0.00150609

48 2 0.00100737

49 2 0.000504682

50 2 0

0 3 0

1 3 0.000754533

2 3 0.00150609

3 3 0.0022517

4 3 0.00298842

5 3 0.00371335

6 3 0.00442363

7 3 0.00511645

8 3 0.00578907

9 3 0.00643885

10 3 0.00706322

11 3 0.00765971

12 3 0.00822597

13 3 0.00875977

14 3 0.009259

15 3 0.00972169

16 3 0.010146

17 3 0.0105303

18 3 0.010873

19 3 0.0111728

20 3 0.0114285

21 3 0.0116391

22 3 0.0118038

23 3 0.0119219

24 3 0.011993

25 3 0.0120167

26 3 0.011993

27 3 0.0119219

28 3 0.0118038

29 3 0.0116391

30 3 0.0114285

31 3 0.0111728

32 3 0.010873

33 3 0.0105303

34 3 0.010146

35 3 0.00972169

36 3 0.009259

37 3 0.00875977

38 3 0.00822597

39 3 0.00765971

40 3 0.00706322

41 3 0.00643885

42 3 0.00578907

43 3 0.00511645

44 3 0.00442363

45 3 0.00371335

46 3 0.00298842

47 3 0.0022517

48 3 0.00150609

49 3 0.000754533

50 3 0

0 4 0

1 4 0.00100141

2 4 0.00199886

3 4 0.00298842

4 4 0.00396619

5 4 0.00492831

6 4 0.00587098

7 4 0.00679048

8 4 0.00768318

9 4 0.00854556

10 4 0.00937421

11 4 0.0101659

12 4 0.0109174

13 4 0.0116258

14 4 0.0122884

15 4 0.0129025

16 4 0.0134656

17 4 0.0139756

18 4 0.0144305

19 4 0.0148284

20 4 0.0151678

21 4 0.0154473

22 4 0.0156659

23 4 0.0158226

24 4 0.0159169

25 4 0.0159484

26 4 0.0159169

27 4 0.0158226

28 4 0.0156659

29 4 0.0154473

30 4 0.0151678

31 4 0.0148284

32 4 0.0144305

33 4 0.0139756

34 4 0.0134656

35 4 0.0129025

36 4 0.0122884

37 4 0.0116258

38 4 0.0109174

39 4 0.0101659

40 4 0.00937421

41 4 0.00854556

42 4 0.00768318

43 4 0.00679048

44 4 0.00587098

45 4 0.00492831

46 4 0.00396619

47 4 0.00298842

48 4 0.00199886

49 4 0.00100141

50 4 0

0 5 0

1 5 0.00124433

2 5 0.00248374

3 5 0.00371335

4 5 0.00492831

5 5 0.00612382

6 5 0.00729516

7 5 0.00843771

8 5 0.00954696

9 5 0.0106185

10 5 0.0116482

11 5 0.0126319

12 5 0.0135657

13 5 0.014446

14 5 0.0152693

15 5 0.0160324

16 5 0.0167321

17 5 0.0173659

18 5 0.017931

19 5 0.0184255

20 5 0.0188472

21 5 0.0191945

22 5 0.0194661

23 5 0.0196608

24 5 0.019778

25 5 0.0198171

26 5 0.019778

27 5 0.0196608

28 5 0.0194661

29 5 0.0191945

30 5 0.0188472

31 5 0.0184255

32 5 0.017931

33 5 0.0173659

34 5 0.0167321

35 5 0.0160324

36 5 0.0152693

37 5 0.014446

38 5 0.0135657

39 5 0.0126319

40 5 0.0116482

41 5 0.0106185

42 5 0.00954696

43 5 0.00843771

44 5 0.00729516

45 5 0.00612382

46 5 0.00492831

47 5 0.00371335

48 5 0.00248374

49 5 0.00124433

50 5 0

0 6 0

1 6 0.00148234

2 6 0.00295882

3 6 0.00442363

4 6 0.00587098

5 6 0.00729516

6 6 0.00869055

7 6 0.0100516

8 6 0.0113731

9 6 0.0126496

10 6 0.0138762

11 6 0.0150481

12 6 0.0161605

13 6 0.0172092

14 6 0.01819

15 6 0.019099

16 6 0.0199326

17 6 0.0206875

18 6 0.0213608

19 6 0.0219498

20 6 0.0224522

21 6 0.022866

22 6 0.0231895

23 6 0.0234215

24 6 0.0235611

25 6 0.0236076

26 6 0.0235611

27 6 0.0234215

28 6 0.0231895

29 6 0.022866

30 6 0.0224522

31 6 0.0219498

32 6 0.0213608

33 6 0.0206875

34 6 0.0199326

35 6 0.019099

36 6 0.01819

37 6 0.0172092

38 6 0.0161605

39 6 0.0150481

40 6 0.0138762

41 6 0.0126496

42 6 0.0113731

43 6 0.0100516

44 6 0.00869055

45 6 0.00729516

46 6 0.00587098

47 6 0.00442363

48 6 0.00295882

49 6 0.00148234

50 6 0

0 7 0

1 7 0.0017145

2 7 0.00342222

3 7 0.00511645

4 7 0.00679048

5 7 0.00843771

6 7 0.0100516

7 7 0.0116259

8 7 0.0131543

9 7 0.0146308

10 7 0.0160495

11 7 0.0174049

12 7 0.0186916

13 7 0.0199045

14 7 0.0210389

15 7 0.0220902

16 7 0.0230544

17 7 0.0239276

18 7 0.0247063

19 7 0.0253876

20 7 0.0259686

21 7 0.0264472

22 7 0.0268214

23 7 0.0270897

24 7 0.0272511

25 7 0.027305

26 7 0.0272511

27 7 0.0270897

28 7 0.0268214

29 7 0.0264472

30 7 0.0259686

31 7 0.0253876

32 7 0.0247063

33 7 0.0239276

34 7 0.0230544

35 7 0.0220902

36 7 0.0210389

37 7 0.0199045

38 7 0.0186916

39 7 0.0174049

40 7 0.0160495

41 7 0.0146308

42 7 0.0131543

43 7 0.0116259

44 7 0.0100516

45 7 0.00843771

46 7 0.00679048

47 7 0.00511645

48 7 0.00342222

49 7 0.0017145

50 7 0

0 8 0

1 8 0.00193989

2 8 0.00387212

3 8 0.00578907

4 8 0.00768318

5 8 0.00954696

6 8 0.0113731

7 8 0.0131543

8 8 0.0148836

9 8 0.0165542

10 8 0.0181594

11 8 0.019693

12 8 0.0211488

13 8 0.0225212

14 8 0.0238047

15 8 0.0249943

16 8 0.0260852

17 8 0.0270732

18 8 0.0279543

19 8 0.0287251

20 8 0.0293825

21 8 0.029924

22 8 0.0303474

23 8 0.030651

24 8 0.0308337

25 8 0.0308946

26 8 0.0308337

27 8 0.030651

28 8 0.0303474

29 8 0.029924

30 8 0.0293825

31 8 0.0287251

32 8 0.0279543

33 8 0.0270732

34 8 0.0260852

35 8 0.0249943

36 8 0.0238047

37 8 0.0225212

38 8 0.0211488

39 8 0.019693

40 8 0.0181594

41 8 0.0165542

42 8 0.0148836

43 8 0.0131543

44 8 0.0113731

45 8 0.00954696

46 8 0.00768318

47 8 0.00578907

48 8 0.00387212

49 8 0.00193989

50 8 0

0 9 0

1 9 0.00215763

2 9 0.00430674

3 9 0.00643885

4 9 0.00854556

5 9 0.0106185

6 9 0.0126496

7 9 0.0146308

8 9 0.0165542

9 9 0.0184122

10 9 0.0201977

11 9 0.0219034

12 9 0.0235226

13 9 0.025049

14 9 0.0264766

15 9 0.0277997

16 9 0.029013

17 9 0.0301119

18 9 0.0310919

19 9 0.0319493

20 9 0.0326805

21 9 0.0332827

22 9 0.0337536

23 9 0.0340913

24 9 0.0342945

25 9 0.0343623

26 9 0.0342945

27 9 0.0340913

28 9 0.0337536

29 9 0.0332827

30 9 0.0326805

31 9 0.0319493

32 9 0.0310919

33 9 0.0301119

34 9 0.029013

35 9 0.0277997

36 9 0.0264766

37 9 0.025049

38 9 0.0235226

39 9 0.0219034

40 9 0.0201977

41 9 0.0184122

42 9 0.0165542

43 9 0.0146308

44 9 0.0126496

45 9 0.0106185

46 9 0.00854556

47 9 0.00643885

48 9 0.00430674

49 9 0.00215763

50 9 0

0 10 0

1 10 0.00236685

2 10 0.00472436

3 10 0.00706322

4 10 0.00937421

5 10 0.0116482

6 10 0.0138762

7 10 0.0160495

8 10 0.0181594

9 10 0.0201977

10 10 0.0221562

11 10 0.0240273

12 10 0.0258036

13 10 0.027478

14 10 0.029044

15 10 0.0304954

16 10 0.0318264

17 10 0.0330318

18 10 0.0341069

19 10 0.0350473

20 10 0.0358495

21 10 0.0365101

22 10 0.0370267

23 10 0.0373971

24 10 0.03762

25 10 0.0376944

26 10 0.03762

27 10 0.0373971

28 10 0.0370267

29 10 0.0365101

30 10 0.0358495

31 10 0.0350473

32 10 0.0341069

33 10 0.0330318

34 10 0.0318264

35 10 0.0304954

36 10 0.029044

37 10 0.027478

38 10 0.0258036

39 10 0.0240273

40 10 0.0221562

41 10 0.0201977

42 10 0.0181594

43 10 0.0160495

44 10 0.0138762

45 10 0.0116482

46 10 0.00937421

47 10 0.00706322

48 10 0.00472436

49 10 0.00236685

50 10 0

0 11 0

1 11 0.00256673

2 11 0.00512333

3 11 0.00765971

4 11 0.0101659

5 11 0.0126319

6 11 0.0150481

7 11 0.0174049

8 11 0.019693

9 11 0.0219034

10 11 0.0240273

11 11 0.0260564

12 11 0.0279827

13 11 0.0297985

14 11 0.0314968

15 11 0.0330707

16 11 0.0345142

17 11 0.0358214

18 11 0.0369872

19 11 0.0380071

20 11 0.038877

21 11 0.0395934

22 11 0.0401536

23 11 0.0405553

24 11 0.040797

25 11 0.0408777

26 11 0.040797

27 11 0.0405553

28 11 0.0401536

29 11 0.0395934

30 11 0.038877

31 11 0.0380071

32 11 0.0369872

33 11 0.0358214

34 11 0.0345142

35 11 0.0330707

36 11 0.0314968

37 11 0.0297985

38 11 0.0279827

39 11 0.0260564

40 11 0.0240273

41 11 0.0219034

42 11 0.019693

43 11 0.0174049

44 11 0.0150481

45 11 0.0126319

46 11 0.0101659

47 11 0.00765971

48 11 0.00512333

49 11 0.00256673

50 11 0

0 12 0

1 12 0.00275648

2 12 0.00550209

3 12 0.00822597

4 12 0.0109174

5 12 0.0135657

6 12 0.0161605

7 12 0.0186916

8 12 0.0211488

9 12 0.0235226

10 12 0.0258036

11 12 0.0279827

12 12 0.0300514

13 12 0.0320015

14 12 0.0338253

15 12 0.0355156

16 12 0.0370657

17 12 0.0384696

18 12 0.0397216

19 12 0.0408169

20 12 0.041751

21 12 0.0425205

22 12 0.0431221

23 12 0.0435535

24 12 0.043813

25 12 0.0438997

26 12 0.043813

27 12 0.0435535

28 12 0.0431221

29 12 0.0425205

30 12 0.041751

31 12 0.0408169

32 12 0.0397216

33 12 0.0384696

34 12 0.0370657

35 12 0.0355156

36 12 0.0338253

37 12 0.0320015

38 12 0.0300514

39 12 0.0279827

40 12 0.0258036

41 12 0.0235226

42 12 0.0211488

43 12 0.0186916

44 12 0.0161605

45 12 0.0135657

46 12 0.0109174

47 12 0.00822597

48 12 0.00550209

49 12 0.00275648

50 12 0

0 13 0

1 13 0.00293536

2 13 0.00585913

3 13 0.00875977

4 13 0.0116258

5 13 0.014446

6 13 0.0172092

7 13 0.0199045

8 13 0.0225212

9 13 0.025049

10 13 0.027478

11 13 0.0297985

12 13 0.0320015

13 13 0.0340781

14 13 0.0360202

15 13 0.0378202

16 13 0.039471

17 13 0.0409659

18 13 0.0422992

19 13 0.0434655

20 13 0.0444604

21 13 0.0452797

22 13 0.0459203

23 13 0.0463798

24 13 0.0466561

25 13 0.0467484

26 13 0.0466561

27 13 0.0463798

28 13 0.0459203

29 13 0.0452797

30 13 0.0444604

31 13 0.0434655

32 13 0.0422992

33 13 0.0409659

34 13 0.039471

35 13 0.0378202

36 13 0.0360202

37 13 0.0340781

38 13 0.0320015

39 13 0.0297985

40 13 0.027478

41 13 0.025049

42 13 0.0225212

43 13 0.0199045

44 13 0.0172092

45 13 0.014446

46 13 0.0116258

47 13 0.00875977

48 13 0.00585913

49 13 0.00293536

50 13 0

0 14 0

1 14 0.00310264

2 14 0.00619304

3 14 0.009259

4 14 0.0122884

5 14 0.0152693

6 14 0.01819

7 14 0.0210389

8 14 0.0238047

9 14 0.0264766

10 14 0.029044

11 14 0.0314968

12 14 0.0338253

13 14 0.0360202

14 14 0.0380731

15 14 0.0399756

16 14 0.0417205

17 14 0.0433006

18 14 0.0447099

19 14 0.0459427

20 14 0.0469942

21 14 0.0478602

22 14 0.0485374

23 14 0.049023

24 14 0.0493151

25 14 0.0494126

26 14 0.0493151

27 14 0.049023

28 14 0.0485374

29 14 0.0478602

30 14 0.0469942

31 14 0.0459427

32 14 0.0447099

33 14 0.0433006

34 14 0.0417205

35 14 0.0399756

36 14 0.0380731

37 14 0.0360202

38 14 0.0338253

39 14 0.0314968

40 14 0.029044

41 14 0.0264766

42 14 0.0238047

43 14 0.0210389

44 14 0.01819

45 14 0.0152693

46 14 0.0122884

47 14 0.009259

48 14 0.00619304

49 14 0.00310264

50 14 0

0 15 0

1 15 0.00325769

2 15 0.00650252

3 15 0.00972169

4 15 0.0129025

5 15 0.0160324

6 15 0.019099

7 15 0.0220902

8 15 0.0249943

9 15 0.0277997

10 15 0.0304954

11 15 0.0330707

12 15 0.0355156

13 15 0.0378202

14 15 0.0399756

15 15 0.0419733

16 15 0.0438053

17 15 0.0454644

18 15 0.0469441

19 15 0.0482385

20 15 0.0493426

21 15 0.0502519

22 15 0.0509629

23 15 0.0514727

24 15 0.0517795

25 15 0.0518818

26 15 0.0517795

27 15 0.0514727

28 15 0.0509629

29 15 0.0502519

30 15 0.0493426

31 15 0.0482385

32 15 0.0469441

33 15 0.0454644

34 15 0.0438053

35 15 0.0419733

36 15 0.0399756

37 15 0.0378202

38 15 0.0355156

39 15 0.0330707

40 15 0.0304954

41 15 0.0277997

42 15 0.0249943

43 15 0.0220902

44 15 0.019099

45 15 0.0160324

46 15 0.0129025

47 15 0.00972169

48 15 0.00650252

49 15 0.00325769

50 15 0

0 16 0

1 16 0.00339988

2 16 0.00678633

3 16 0.010146

4 16 0.0134656

5 16 0.0167321

6 16 0.0199326

7 16 0.0230544

8 16 0.0260852

9 16 0.029013

10 16 0.0318264

11 16 0.0345142

12 16 0.0370657

13 16 0.039471

14 16 0.0417205

15 16 0.0438053

16 16 0.0457172

17 16 0.0474488

18 16 0.048993

19 16 0.050344

20 16 0.0514962

21 16 0.0524452

22 16 0.0531872

23 16 0.0537194

24 16 0.0540395

25 16 0.0541463

26 16 0.0540395

27 16 0.0537194

28 16 0.0531872

29 16 0.0524452

30 16 0.0514962

31 16 0.050344

32 16 0.048993

33 16 0.0474488

34 16 0.0457172

35 16 0.0438053

36 16 0.0417205

37 16 0.039471

38 16 0.0370657

39 16 0.0345142

40 16 0.0318264

41 16 0.029013

42 16 0.0260852

43 16 0.0230544

44 16 0.0199326

45 16 0.0167321

46 16 0.0134656

47 16 0.010146

48 16 0.00678633

49 16 0.00339988

50 16 0

0 17 0

1 17 0.00352864

2 17 0.00704336

3 17 0.0105303

4 17 0.0139756

5 17 0.0173659

6 17 0.0206875

7 17 0.0239276

8 17 0.0270732

9 17 0.0301119

10 17 0.0330318

11 17 0.0358214

12 17 0.0384696

13 17 0.0409659

14 17 0.0433006

15 17 0.0454644

16 17 0.0474488

17 17 0.0492459

18 17 0.0508487

19 17 0.0522507

20 17 0.0534466

21 17 0.0544316

22 17 0.0552017

23 17 0.055754

24 17 0.0560862

25 17 0.0561971

26 17 0.0560862

27 17 0.055754

28 17 0.0552017

29 17 0.0544316

30 17 0.0534466

31 17 0.0522507

32 17 0.0508487

33 17 0.0492459

34 17 0.0474488

35 17 0.0454644

36 17 0.0433006

37 17 0.0409659

38 17 0.0384696

39 17 0.0358214

40 17 0.0330318

41 17 0.0301119

42 17 0.0270732

43 17 0.0239276

44 17 0.0206875

45 17 0.0173659

46 17 0.0139756

47 17 0.0105303

48 17 0.00704336

49 17 0.00352864

50 17 0

0 18 0

1 18 0.00364349

2 18 0.0072726

3 18 0.010873

4 18 0.0144305

5 18 0.017931

6 18 0.0213608

7 18 0.0247063

8 18 0.0279543

9 18 0.0310919

10 18 0.0341069

11 18 0.0369872

12 18 0.0397216

13 18 0.0422992

14 18 0.0447099

15 18 0.0469441

16 18 0.048993

17 18 0.0508487

18 18 0.0525036

19 18 0.0539513

20 18 0.0551861

21 18 0.0562031

22 18 0.0569983

23 18 0.0575685

24 18 0.0579116

25 18 0.0580261

26 18 0.0579116

27 18 0.0575685

28 18 0.0569983

29 18 0.0562031

30 18 0.0551861

31 18 0.0539513

32 18 0.0525036

33 18 0.0508487

34 18 0.048993

35 18 0.0469441

36 18 0.0447099

37 18 0.0422992

38 18 0.0397216

39 18 0.0369872

40 18 0.0341069

41 18 0.0310919

42 18 0.0279543

43 18 0.0247063

44 18 0.0213608

45 18 0.017931

46 18 0.0144305

47 18 0.010873

48 18 0.0072726

49 18 0.00364349

50 18 0

0 19 0

1 19 0.00374395

2 19 0.00747313

3 19 0.0111728

4 19 0.0148284

5 19 0.0184255

6 19 0.0219498

7 19 0.0253876

8 19 0.0287251

9 19 0.0319493

10 19 0.0350473

11 19 0.0380071

12 19 0.0408169

13 19 0.0434655

14 19 0.0459427

15 19 0.0482385

16 19 0.050344

17 19 0.0522507

18 19 0.0539513

19 19 0.0554389

20 19 0.0567078

21 19 0.0577528

22 19 0.0585699

23 19 0.0591559

24 19 0.0595084

25 19 0.0596261

26 19 0.0595084

27 19 0.0591559

28 19 0.0585699

29 19 0.0577528

30 19 0.0567078

31 19 0.0554389

32 19 0.0539513

33 19 0.0522507

34 19 0.050344

35 19 0.0482385

36 19 0.0459427

37 19 0.0434655

38 19 0.0408169

39 19 0.0380071

40 19 0.0350473

41 19 0.0319493

42 19 0.0287251

43 19 0.0253876

44 19 0.0219498

45 19 0.0184255

46 19 0.0148284

47 19 0.0111728

48 19 0.00747313

49 19 0.00374395

50 19 0

0 20 0

1 20 0.00382964

2 20 0.00764417

3 20 0.0114285

4 20 0.0151678

5 20 0.0188472

6 20 0.0224522

7 20 0.0259686

8 20 0.0293825

9 20 0.0326805

10 20 0.0358495

11 20 0.038877

12 20 0.041751

13 20 0.0444604

14 20 0.0469942

15 20 0.0493426

16 20 0.0514962

17 20 0.0534466

18 20 0.0551861

19 20 0.0567078

20 20 0.0580057

21 20 0.0590746

22 20 0.0599104

23 20 0.0605098

24 20 0.0608704

25 20 0.0609908

26 20 0.0608704

27 20 0.0605098

28 20 0.0599104

29 20 0.0590746

30 20 0.0580057

31 20 0.0567078

32 20 0.0551861

33 20 0.0534466

34 20 0.0514962

35 20 0.0493426

36 20 0.0469942

37 20 0.0444604

38 20 0.041751

39 20 0.038877

40 20 0.0358495

41 20 0.0326805

42 20 0.0293825

43 20 0.0259686

44 20 0.0224522

45 20 0.0188472

46 20 0.0151678

47 20 0.0114285

48 20 0.00764417

49 20 0.00382964

50 20 0

0 21 0

1 21 0.00390022

2 21 0.00778504

3 21 0.0116391

4 21 0.0154473

5 21 0.0191945

6 21 0.022866

7 21 0.0264472

8 21 0.029924

9 21 0.0332827

10 21 0.0365101

11 21 0.0395934

12 21 0.0425205

13 21 0.0452797

14 21 0.0478602

15 21 0.0502519

16 21 0.0524452

17 21 0.0544316

18 21 0.0562031

19 21 0.0577528

20 21 0.0590746

21 21 0.0601633

22 21 0.0610145

23 21 0.0616249

24 21 0.0619922

25 21 0.0621147

26 21 0.0619922

27 21 0.0616249

28 21 0.0610145

29 21 0.0601633

30 21 0.0590746

31 21 0.0577528

32 21 0.0562031

33 21 0.0544316

34 21 0.0524452

35 21 0.0502519

36 21 0.0478602

37 21 0.0452797

38 21 0.0425205

39 21 0.0395934

40 21 0.0365101

41 21 0.0332827

42 21 0.029924

43 21 0.0264472

44 21 0.022866

45 21 0.0191945

46 21 0.0154473

47 21 0.0116391

48 21 0.00778504

49 21 0.00390022

50 21 0

0 22 0

1 22 0.0039554

2 22 0.00789519

3 22 0.0118038

4 22 0.0156659

5 22 0.0194661

6 22 0.0231895

7 22 0.0268214

8 22 0.0303474

9 22 0.0337536

10 22 0.0370267

11 22 0.0401536

12 22 0.0431221

13 22 0.0459203

14 22 0.0485374

15 22 0.0509629

16 22 0.0531872

17 22 0.0552017

18 22 0.0569983

19 22 0.0585699

20 22 0.0599104

21 22 0.0610145

22 22 0.0618778

23 22 0.0624969

24 22 0.0628693

25 22 0.0629936

26 22 0.0628693

27 22 0.0624969

28 22 0.0618778

29 22 0.0610145

30 22 0.0599104

31 22 0.0585699

32 22 0.0569983

33 22 0.0552017

34 22 0.0531872

35 22 0.0509629

36 22 0.0485374

37 22 0.0459203

38 22 0.0431221

39 22 0.0401536

40 22 0.0370267

41 22 0.0337536

42 22 0.0303474

43 22 0.0268214

44 22 0.0231895

45 22 0.0194661

46 22 0.0156659

47 22 0.0118038

48 22 0.00789519

49 22 0.0039554

50 22 0

0 23 0

1 23 0.00399497

2 23 0.00797418

3 23 0.0119219

4 23 0.0158226

5 23 0.0196608

6 23 0.0234215

7 23 0.0270897

8 23 0.030651

9 23 0.0340913

10 23 0.0373971

11 23 0.0405553

12 23 0.0435535

13 23 0.0463798

14 23 0.049023

15 23 0.0514727

16 23 0.0537194

17 23 0.055754

18 23 0.0575685

19 23 0.0591559

20 23 0.0605098

21 23 0.0616249

22 23 0.0624969

23 23 0.0631221

24 23 0.0634983

25 23 0.0636238

26 23 0.0634983

27 23 0.0631221

28 23 0.0624969

29 23 0.0616249

30 23 0.0605098

31 23 0.0591559

32 23 0.0575685

33 23 0.055754

34 23 0.0537194

35 23 0.0514727

36 23 0.049023

37 23 0.0463798

38 23 0.0435535

39 23 0.0405553

40 23 0.0373971

41 23 0.0340913

42 23 0.030651

43 23 0.0270897

44 23 0.0234215

45 23 0.0196608

46 23 0.0158226

47 23 0.0119219

48 23 0.00797418

49 23 0.00399497

50 23 0

0 24 0

1 24 0.00401878

2 24 0.0080217

3 24 0.011993

4 24 0.0159169

5 24 0.019778

6 24 0.0235611

7 24 0.0272511

8 24 0.0308337

9 24 0.0342945

10 24 0.03762

11 24 0.040797

12 24 0.043813

13 24 0.0466561

14 24 0.0493151

15 24 0.0517795

16 24 0.0540395

17 24 0.0560862

18 24 0.0579116

19 24 0.0595084

20 24 0.0608704

21 24 0.0619922

22 24 0.0628693

23 24 0.0634983

24 24 0.0638766

25 24 0.0640029

26 24 0.0638766

27 24 0.0634983

28 24 0.0628693

29 24 0.0619922

30 24 0.0608704

31 24 0.0595084

32 24 0.0579116

33 24 0.0560862

34 24 0.0540395

35 24 0.0517795

36 24 0.0493151

37 24 0.0466561

38 24 0.043813

39 24 0.040797

40 24 0.03762

41 24 0.0342945

42 24 0.0308337

43 24 0.0272511

44 24 0.0235611

45 24 0.019778

46 24 0.0159169

47 24 0.011993

48 24 0.0080217

49 24 0.00401878

50 24 0

0 25 0

1 25 0.00402672

2 25 0.00803756

3 25 0.0120167

4 25 0.0159484

5 25 0.0198171

6 25 0.0236076

7 25 0.027305

8 25 0.0308946

9 25 0.0343623

10 25 0.0376944

11 25 0.0408777

12 25 0.0438997

13 25 0.0467484

14 25 0.0494126

15 25 0.0518818

16 25 0.0541463

17 25 0.0561971

18 25 0.0580261

19 25 0.0596261

20 25 0.0609908

21 25 0.0621147

22 25 0.0629936

23 25 0.0636238

24 25 0.0640029

25 25 0.0641295

26 25 0.0640029

27 25 0.0636238

28 25 0.0629936

29 25 0.0621147

30 25 0.0609908

31 25 0.0596261

32 25 0.0580261

33 25 0.0561971

34 25 0.0541463

35 25 0.0518818

36 25 0.0494126

37 25 0.0467484

38 25 0.0438997

39 25 0.0408777

40 25 0.0376944

41 25 0.0343623

42 25 0.0308946

43 25 0.027305

44 25 0.0236076

45 25 0.0198171

46 25 0.0159484

47 25 0.0120167

48 25 0.00803756

49 25 0.00402672

50 25 0

0 26 0

1 26 0.00401878

2 26 0.0080217

3 26 0.011993

4 26 0.0159169

5 26 0.019778

6 26 0.0235611

7 26 0.0272511

8 26 0.0308337

9 26 0.0342945

10 26 0.03762

11 26 0.040797

12 26 0.043813

13 26 0.0466561

14 26 0.0493151

15 26 0.0517795

16 26 0.0540395

17 26 0.0560862

18 26 0.0579116

19 26 0.0595084

20 26 0.0608704

21 26 0.0619922

22 26 0.0628693

23 26 0.0634983

24 26 0.0638766

25 26 0.0640029

26 26 0.0638766

27 26 0.0634983

28 26 0.0628693

29 26 0.0619922

30 26 0.0608704

31 26 0.0595084

32 26 0.0579116

33 26 0.0560862

34 26 0.0540395

35 26 0.0517795

36 26 0.0493151

37 26 0.0466561

38 26 0.043813

39 26 0.040797

40 26 0.03762

41 26 0.0342945

42 26 0.0308337

43 26 0.0272511

44 26 0.0235611

45 26 0.019778

46 26 0.0159169

47 26 0.011993

48 26 0.0080217

49 26 0.00401878

50 26 0

0 27 0

1 27 0.00399497

2 27 0.00797418

3 27 0.0119219

4 27 0.0158226

5 27 0.0196608

6 27 0.0234215

7 27 0.0270897

8 27 0.030651

9 27 0.0340913

10 27 0.0373971

11 27 0.0405553

12 27 0.0435535

13 27 0.0463798

14 27 0.049023

15 27 0.0514727

16 27 0.0537194

17 27 0.055754

18 27 0.0575685

19 27 0.0591559

20 27 0.0605098

21 27 0.0616249

22 27 0.0624969

23 27 0.0631221

24 27 0.0634983

25 27 0.0636238

26 27 0.0634983

27 27 0.0631221

28 27 0.0624969

29 27 0.0616249

30 27 0.0605098

31 27 0.0591559

32 27 0.0575685

33 27 0.055754

34 27 0.0537194

35 27 0.0514727

36 27 0.049023

37 27 0.0463798

38 27 0.0435535

39 27 0.0405553

40 27 0.0373971

41 27 0.0340913

42 27 0.030651

43 27 0.0270897

44 27 0.0234215

45 27 0.0196608

46 27 0.0158226

47 27 0.0119219

48 27 0.00797418

49 27 0.00399497

50 27 0

0 28 0

1 28 0.0039554

2 28 0.00789519

3 28 0.0118038

4 28 0.0156659

5 28 0.0194661

6 28 0.0231895

7 28 0.0268214

8 28 0.0303474

9 28 0.0337536

10 28 0.0370267

11 28 0.0401536

12 28 0.0431221

13 28 0.0459203

14 28 0.0485374

15 28 0.0509629

16 28 0.0531872

17 28 0.0552017

18 28 0.0569983

19 28 0.0585699

20 28 0.0599104

21 28 0.0610145

22 28 0.0618778

23 28 0.0624969

24 28 0.0628693

25 28 0.0629936

26 28 0.0628693

27 28 0.0624969

28 28 0.0618778

29 28 0.0610145

30 28 0.0599104

31 28 0.0585699

32 28 0.0569983

33 28 0.0552017

34 28 0.0531872

35 28 0.0509629

36 28 0.0485374

37 28 0.0459203

38 28 0.0431221

39 28 0.0401536

40 28 0.0370267

41 28 0.0337536

42 28 0.0303474

43 28 0.0268214

44 28 0.0231895

45 28 0.0194661

46 28 0.0156659

47 28 0.0118038

48 28 0.00789519

49 28 0.0039554

50 28 0

0 29 0

1 29 0.00390022

2 29 0.00778504

3 29 0.0116391

4 29 0.0154473

5 29 0.0191945

6 29 0.022866

7 29 0.0264472

8 29 0.029924

9 29 0.0332827

10 29 0.0365101

11 29 0.0395934

12 29 0.0425205

13 29 0.0452797

14 29 0.0478602

15 29 0.0502519

16 29 0.0524452

17 29 0.0544316

18 29 0.0562031

19 29 0.0577528

20 29 0.0590746

21 29 0.0601633

22 29 0.0610145

23 29 0.0616249

24 29 0.0619922

25 29 0.0621147

26 29 0.0619922

27 29 0.0616249

28 29 0.0610145

29 29 0.0601633

30 29 0.0590746

31 29 0.0577528

32 29 0.0562031

33 29 0.0544316

34 29 0.0524452

35 29 0.0502519

36 29 0.0478602

37 29 0.0452797

38 29 0.0425205

39 29 0.0395934

40 29 0.0365101

41 29 0.0332827

42 29 0.029924

43 29 0.0264472

44 29 0.022866

45 29 0.0191945

46 29 0.0154473

47 29 0.0116391

48 29 0.00778504

49 29 0.00390022

50 29 0

0 30 0

1 30 0.00382964

2 30 0.00764417

3 30 0.0114285

4 30 0.0151678

5 30 0.0188472

6 30 0.0224522

7 30 0.0259686

8 30 0.0293825

9 30 0.0326805

10 30 0.0358495

11 30 0.038877

12 30 0.041751

13 30 0.0444604

14 30 0.0469942

15 30 0.0493426

16 30 0.0514962

17 30 0.0534466

18 30 0.0551861

19 30 0.0567078

20 30 0.0580057

21 30 0.0590746

22 30 0.0599104

23 30 0.0605098

24 30 0.0608704

25 30 0.0609908

26 30 0.0608704

27 30 0.0605098

28 30 0.0599104

29 30 0.0590746

30 30 0.0580057

31 30 0.0567078

32 30 0.0551861

33 30 0.0534466

34 30 0.0514962

35 30 0.0493426

36 30 0.0469942

37 30 0.0444604

38 30 0.041751

39 30 0.038877

40 30 0.0358495

41 30 0.0326805

42 30 0.0293825

43 30 0.0259686

44 30 0.0224522

45 30 0.0188472

46 30 0.0151678

47 30 0.0114285

48 30 0.00764417

49 30 0.00382964

50 30 0

0 31 0

1 31 0.00374395

2 31 0.00747313

3 31 0.0111728

4 31 0.0148284

5 31 0.0184255

6 31 0.0219498

7 31 0.0253876

8 31 0.0287251

9 31 0.0319493

10 31 0.0350473

11 31 0.0380071

12 31 0.0408169

13 31 0.0434655

14 31 0.0459427

15 31 0.0482385

16 31 0.050344

17 31 0.0522507

18 31 0.0539513

19 31 0.0554389

20 31 0.0567078

21 31 0.0577528

22 31 0.0585699

23 31 0.0591559

24 31 0.0595084

25 31 0.0596261

26 31 0.0595084

27 31 0.0591559

28 31 0.0585699

29 31 0.0577528

30 31 0.0567078

31 31 0.0554389

32 31 0.0539513

33 31 0.0522507

34 31 0.050344

35 31 0.0482385

36 31 0.0459427

37 31 0.0434655

38 31 0.0408169

39 31 0.0380071

40 31 0.0350473

41 31 0.0319493

42 31 0.0287251

43 31 0.0253876

44 31 0.0219498

45 31 0.0184255

46 31 0.0148284

47 31 0.0111728

48 31 0.00747313

49 31 0.00374395

50 31 0

0 32 0

1 32 0.00364349

2 32 0.0072726

3 32 0.010873

4 32 0.0144305

5 32 0.017931

6 32 0.0213608

7 32 0.0247063

8 32 0.0279543

9 32 0.0310919

10 32 0.0341069

11 32 0.0369872

12 32 0.0397216

13 32 0.0422992

14 32 0.0447099

15 32 0.0469441

16 32 0.048993

17 32 0.0508487

18 32 0.0525036

19 32 0.0539513

20 32 0.0551861

21 32 0.0562031

22 32 0.0569983

23 32 0.0575685

24 32 0.0579116

25 32 0.0580261

26 32 0.0579116

27 32 0.0575685

28 32 0.0569983

29 32 0.0562031

30 32 0.0551861

31 32 0.0539513

32 32 0.0525036

33 32 0.0508487

34 32 0.048993

35 32 0.0469441

36 32 0.0447099

37 32 0.0422992

38 32 0.0397216

39 32 0.0369872

40 32 0.0341069

41 32 0.0310919

42 32 0.0279543

43 32 0.0247063

44 32 0.0213608

45 32 0.017931

46 32 0.0144305

47 32 0.010873

48 32 0.0072726

49 32 0.00364349

50 32 0

0 33 0

1 33 0.00352864

2 33 0.00704336

3 33 0.0105303

4 33 0.0139756

5 33 0.0173659

6 33 0.0206875

7 33 0.0239276

8 33 0.0270732

9 33 0.0301119

10 33 0.0330318

11 33 0.0358214

12 33 0.0384696

13 33 0.0409659

14 33 0.0433006

15 33 0.0454644

16 33 0.0474488

17 33 0.0492459

18 33 0.0508487

19 33 0.0522507

20 33 0.0534466

21 33 0.0544316

22 33 0.0552017

23 33 0.055754

24 33 0.0560862

25 33 0.0561971

26 33 0.0560862

27 33 0.055754

28 33 0.0552017

29 33 0.0544316

30 33 0.0534466

31 33 0.0522507

32 33 0.0508487

33 33 0.0492459

34 33 0.0474488

35 33 0.0454644

36 33 0.0433006

37 33 0.0409659

38 33 0.0384696

39 33 0.0358214

40 33 0.0330318

41 33 0.0301119

42 33 0.0270732

43 33 0.0239276

44 33 0.0206875

45 33 0.0173659

46 33 0.0139756

47 33 0.0105303

48 33 0.00704336

49 33 0.00352864

50 33 0

0 34 0

1 34 0.00339988

2 34 0.00678633

3 34 0.010146

4 34 0.0134656

5 34 0.0167321

6 34 0.0199326

7 34 0.0230544

8 34 0.0260852

9 34 0.029013

10 34 0.0318264

11 34 0.0345142

12 34 0.0370657

13 34 0.039471

14 34 0.0417205

15 34 0.0438053

16 34 0.0457172

17 34 0.0474488

18 34 0.048993

19 34 0.050344

20 34 0.0514962

21 34 0.0524452

22 34 0.0531872

23 34 0.0537194

24 34 0.0540395

25 34 0.0541463

26 34 0.0540395

27 34 0.0537194

28 34 0.0531872

29 34 0.0524452

30 34 0.0514962

31 34 0.050344

32 34 0.048993

33 34 0.0474488

34 34 0.0457172

35 34 0.0438053

36 34 0.0417205

37 34 0.039471

38 34 0.0370657

39 34 0.0345142

40 34 0.0318264

41 34 0.029013

42 34 0.0260852

43 34 0.0230544

44 34 0.0199326

45 34 0.0167321

46 34 0.0134656

47 34 0.010146

48 34 0.00678633

49 34 0.00339988

50 34 0

0 35 0

1 35 0.00325769

2 35 0.00650252

3 35 0.00972169

4 35 0.0129025

5 35 0.0160324

6 35 0.019099

7 35 0.0220902

8 35 0.0249943

9 35 0.0277997

10 35 0.0304954

11 35 0.0330707

12 35 0.0355156

13 35 0.0378202

14 35 0.0399756

15 35 0.0419733

16 35 0.0438053

17 35 0.0454644

18 35 0.0469441

19 35 0.0482385

20 35 0.0493426

21 35 0.0502519

22 35 0.0509629

23 35 0.0514727

24 35 0.0517795

25 35 0.0518818

26 35 0.0517795

27 35 0.0514727

28 35 0.0509629

29 35 0.0502519

30 35 0.0493426

31 35 0.0482385

32 35 0.0469441

33 35 0.0454644

34 35 0.0438053

35 35 0.0419733

36 35 0.0399756

37 35 0.0378202

38 35 0.0355156

39 35 0.0330707

40 35 0.0304954

41 35 0.0277997

42 35 0.0249943

43 35 0.0220902

44 35 0.019099

45 35 0.0160324

46 35 0.0129025

47 35 0.00972169

48 35 0.00650252

49 35 0.00325769

50 35 0

0 36 0

1 36 0.00310264

2 36 0.00619304

3 36 0.009259

4 36 0.0122884

5 36 0.0152693

6 36 0.01819

7 36 0.0210389

8 36 0.0238047

9 36 0.0264766

10 36 0.029044

11 36 0.0314968

12 36 0.0338253

13 36 0.0360202

14 36 0.0380731

15 36 0.0399756

16 36 0.0417205

17 36 0.0433006

18 36 0.0447099

19 36 0.0459427

20 36 0.0469942

21 36 0.0478602

22 36 0.0485374

23 36 0.049023

24 36 0.0493151

25 36 0.0494126

26 36 0.0493151

27 36 0.049023

28 36 0.0485374

29 36 0.0478602

30 36 0.0469942

31 36 0.0459427

32 36 0.0447099

33 36 0.0433006

34 36 0.0417205

35 36 0.0399756

36 36 0.0380731

37 36 0.0360202

38 36 0.0338253

39 36 0.0314968

40 36 0.029044

41 36 0.0264766

42 36 0.0238047

43 36 0.0210389

44 36 0.01819

45 36 0.0152693

46 36 0.0122884

47 36 0.009259

48 36 0.00619304

49 36 0.00310264

50 36 0

0 37 0

1 37 0.00293536

2 37 0.00585913

3 37 0.00875977

4 37 0.0116258

5 37 0.014446

6 37 0.0172092

7 37 0.0199045

8 37 0.0225212

9 37 0.025049

10 37 0.027478

11 37 0.0297985

12 37 0.0320015

13 37 0.0340781

14 37 0.0360202

15 37 0.0378202

16 37 0.039471

17 37 0.0409659

18 37 0.0422992

19 37 0.0434655

20 37 0.0444604

21 37 0.0452797

22 37 0.0459203

23 37 0.0463798

24 37 0.0466561

25 37 0.0467484

26 37 0.0466561

27 37 0.0463798

28 37 0.0459203

29 37 0.0452797

30 37 0.0444604

31 37 0.0434655

32 37 0.0422992

33 37 0.0409659

34 37 0.039471

35 37 0.0378202

36 37 0.0360202

37 37 0.0340781

38 37 0.0320015

39 37 0.0297985

40 37 0.027478

41 37 0.025049

42 37 0.0225212

43 37 0.0199045

44 37 0.0172092

45 37 0.014446

46 37 0.0116258

47 37 0.00875977

48 37 0.00585913

49 37 0.00293536

50 37 0

0 38 0

1 38 0.00275648

2 38 0.00550209

3 38 0.00822597

4 38 0.0109174

5 38 0.0135657

6 38 0.0161605

7 38 0.0186916

8 38 0.0211488

9 38 0.0235226

10 38 0.0258036

11 38 0.0279827

12 38 0.0300514

13 38 0.0320015

14 38 0.0338253

15 38 0.0355156

16 38 0.0370657

17 38 0.0384696

18 38 0.0397216

19 38 0.0408169

20 38 0.041751

21 38 0.0425205

22 38 0.0431221

23 38 0.0435535

24 38 0.043813

25 38 0.0438997

26 38 0.043813

27 38 0.0435535

28 38 0.0431221

29 38 0.0425205

30 38 0.041751

31 38 0.0408169

32 38 0.0397216

33 38 0.0384696

34 38 0.0370657

35 38 0.0355156

36 38 0.0338253

37 38 0.0320015

38 38 0.0300514

39 38 0.0279827

40 38 0.0258036

41 38 0.0235226

42 38 0.0211488

43 38 0.0186916

44 38 0.0161605

45 38 0.0135657

46 38 0.0109174

47 38 0.00822597

48 38 0.00550209

49 38 0.00275648

50 38 0

0 39 0

1 39 0.00256673

2 39 0.00512333

3 39 0.00765971

4 39 0.0101659

5 39 0.0126319

6 39 0.0150481

7 39 0.0174049

8 39 0.019693

9 39 0.0219034

10 39 0.0240273

11 39 0.0260564

12 39 0.0279827

13 39 0.0297985

14 39 0.0314968

15 39 0.0330707

16 39 0.0345142

17 39 0.0358214

18 39 0.0369872

19 39 0.0380071

20 39 0.038877

21 39 0.0395934

22 39 0.0401536

23 39 0.0405553

24 39 0.040797

25 39 0.0408777

26 39 0.040797

27 39 0.0405553

28 39 0.0401536

29 39 0.0395934

30 39 0.038877

31 39 0.0380071

32 39 0.0369872

33 39 0.0358214

34 39 0.0345142

35 39 0.0330707

36 39 0.0314968

37 39 0.0297985

38 39 0.0279827

39 39 0.0260564

40 39 0.0240273

41 39 0.0219034

42 39 0.019693

43 39 0.0174049

44 39 0.0150481

45 39 0.0126319

46 39 0.0101659

47 39 0.00765971

48 39 0.00512333

49 39 0.00256673

50 39 0

0 40 0

1 40 0.00236685

2 40 0.00472436

3 40 0.00706322

4 40 0.00937421

5 40 0.0116482

6 40 0.0138762

7 40 0.0160495

8 40 0.0181594

9 40 0.0201977

10 40 0.0221562

11 40 0.0240273

12 40 0.0258036

13 40 0.027478

14 40 0.029044

15 40 0.0304954

16 40 0.0318264

17 40 0.0330318

18 40 0.0341069

19 40 0.0350473

20 40 0.0358495

21 40 0.0365101

22 40 0.0370267

23 40 0.0373971

24 40 0.03762

25 40 0.0376944

26 40 0.03762

27 40 0.0373971

28 40 0.0370267

29 40 0.0365101

30 40 0.0358495

31 40 0.0350473

32 40 0.0341069

33 40 0.0330318

34 40 0.0318264

35 40 0.0304954

36 40 0.029044

37 40 0.027478

38 40 0.0258036

39 40 0.0240273

40 40 0.0221562

41 40 0.0201977

42 40 0.0181594

43 40 0.0160495

44 40 0.0138762

45 40 0.0116482

46 40 0.00937421

47 40 0.00706322

48 40 0.00472436

49 40 0.00236685

50 40 0

0 41 0

1 41 0.00215763

2 41 0.00430674

3 41 0.00643885

4 41 0.00854556

5 41 0.0106185

6 41 0.0126496

7 41 0.0146308

8 41 0.0165542

9 41 0.0184122

10 41 0.0201977

11 41 0.0219034

12 41 0.0235226

13 41 0.025049

14 41 0.0264766

15 41 0.0277997

16 41 0.029013

17 41 0.0301119

18 41 0.0310919

19 41 0.0319493

20 41 0.0326805

21 41 0.0332827

22 41 0.0337536

23 41 0.0340913

24 41 0.0342945

25 41 0.0343623

26 41 0.0342945

27 41 0.0340913

28 41 0.0337536

29 41 0.0332827

30 41 0.0326805

31 41 0.0319493

32 41 0.0310919

33 41 0.0301119

34 41 0.029013

35 41 0.0277997

36 41 0.0264766

37 41 0.025049

38 41 0.0235226

39 41 0.0219034

40 41 0.0201977

41 41 0.0184122

42 41 0.0165542

43 41 0.0146308

44 41 0.0126496

45 41 0.0106185

46 41 0.00854556

47 41 0.00643885

48 41 0.00430674

49 41 0.00215763

50 41 0

0 42 0

1 42 0.00193989

2 42 0.00387212

3 42 0.00578907

4 42 0.00768318

5 42 0.00954696

6 42 0.0113731

7 42 0.0131543

8 42 0.0148836

9 42 0.0165542

10 42 0.0181594

11 42 0.019693

12 42 0.0211488

13 42 0.0225212

14 42 0.0238047

15 42 0.0249943

16 42 0.0260852

17 42 0.0270732

18 42 0.0279543

19 42 0.0287251

20 42 0.0293825

21 42 0.029924

22 42 0.0303474

23 42 0.030651

24 42 0.0308337

25 42 0.0308946

26 42 0.0308337

27 42 0.030651

28 42 0.0303474

29 42 0.029924

30 42 0.0293825

31 42 0.0287251

32 42 0.0279543

33 42 0.0270732

34 42 0.0260852

35 42 0.0249943

36 42 0.0238047

37 42 0.0225212

38 42 0.0211488

39 42 0.019693

40 42 0.0181594

41 42 0.0165542

42 42 0.0148836

43 42 0.0131543

44 42 0.0113731

45 42 0.00954696

46 42 0.00768318

47 42 0.00578907

48 42 0.00387212

49 42 0.00193989

50 42 0

0 43 0

1 43 0.0017145

2 43 0.00342222

3 43 0.00511645

4 43 0.00679048

5 43 0.00843771

6 43 0.0100516

7 43 0.0116259

8 43 0.0131543

9 43 0.0146308

10 43 0.0160495

11 43 0.0174049

12 43 0.0186916

13 43 0.0199045

14 43 0.0210389

15 43 0.0220902

16 43 0.0230544

17 43 0.0239276

18 43 0.0247063

19 43 0.0253876

20 43 0.0259686

21 43 0.0264472

22 43 0.0268214

23 43 0.0270897

24 43 0.0272511

25 43 0.027305

26 43 0.0272511

27 43 0.0270897

28 43 0.0268214

29 43 0.0264472

30 43 0.0259686

31 43 0.0253876

32 43 0.0247063

33 43 0.0239276

34 43 0.0230544

35 43 0.0220902

36 43 0.0210389

37 43 0.0199045

38 43 0.0186916

39 43 0.0174049

40 43 0.0160495

41 43 0.0146308

42 43 0.0131543

43 43 0.0116259

44 43 0.0100516

45 43 0.00843771

46 43 0.00679048

47 43 0.00511645

48 43 0.00342222

49 43 0.0017145

50 43 0

0 44 0

1 44 0.00148234

2 44 0.00295882

3 44 0.00442363

4 44 0.00587098

5 44 0.00729516

6 44 0.00869055

7 44 0.0100516

8 44 0.0113731

9 44 0.0126496

10 44 0.0138762

11 44 0.0150481

12 44 0.0161605

13 44 0.0172092

14 44 0.01819

15 44 0.019099

16 44 0.0199326

17 44 0.0206875

18 44 0.0213608

19 44 0.0219498

20 44 0.0224522

21 44 0.022866

22 44 0.0231895

23 44 0.0234215

24 44 0.0235611

25 44 0.0236076

26 44 0.0235611

27 44 0.0234215

28 44 0.0231895

29 44 0.022866

30 44 0.0224522

31 44 0.0219498

32 44 0.0213608

33 44 0.0206875

34 44 0.0199326

35 44 0.019099

36 44 0.01819

37 44 0.0172092

38 44 0.0161605

39 44 0.0150481

40 44 0.0138762

41 44 0.0126496

42 44 0.0113731

43 44 0.0100516

44 44 0.00869055

45 44 0.00729516

46 44 0.00587098

47 44 0.00442363

48 44 0.00295882

49 44 0.00148234

50 44 0

0 45 0

1 45 0.00124433

2 45 0.00248374

3 45 0.00371335

4 45 0.00492831

5 45 0.00612382

6 45 0.00729516

7 45 0.00843771

8 45 0.00954696

9 45 0.0106185

10 45 0.0116482

11 45 0.0126319

12 45 0.0135657

13 45 0.014446

14 45 0.0152693

15 45 0.0160324

16 45 0.0167321

17 45 0.0173659

18 45 0.017931

19 45 0.0184255

20 45 0.0188472

21 45 0.0191945

22 45 0.0194661

23 45 0.0196608

24 45 0.019778

25 45 0.0198171

26 45 0.019778

27 45 0.0196608

28 45 0.0194661

29 45 0.0191945

30 45 0.0188472

31 45 0.0184255

32 45 0.017931

33 45 0.0173659

34 45 0.0167321

35 45 0.0160324

36 45 0.0152693

37 45 0.014446

38 45 0.0135657

39 45 0.0126319

40 45 0.0116482

41 45 0.0106185

42 45 0.00954696

43 45 0.00843771

44 45 0.00729516

45 45 0.00612382

46 45 0.00492831

47 45 0.00371335

48 45 0.00248374

49 45 0.00124433

50 45 0

0 46 0

1 46 0.00100141

2 46 0.00199886

3 46 0.00298842

4 46 0.00396619

5 46 0.00492831

6 46 0.00587098

7 46 0.00679048

8 46 0.00768318

9 46 0.00854556

10 46 0.00937421

11 46 0.0101659

12 46 0.0109174

13 46 0.0116258

14 46 0.0122884

15 46 0.0129025

16 46 0.0134656

17 46 0.0139756

18 46 0.0144305

19 46 0.0148284

20 46 0.0151678

21 46 0.0154473

22 46 0.0156659

23 46 0.0158226

24 46 0.0159169

25 46 0.0159484

26 46 0.0159169

27 46 0.0158226

28 46 0.0156659

29 46 0.0154473

30 46 0.0151678

31 46 0.0148284

32 46 0.0144305

33 46 0.0139756

34 46 0.0134656

35 46 0.0129025

36 46 0.0122884

37 46 0.0116258

38 46 0.0109174

39 46 0.0101659

40 46 0.00937421

41 46 0.00854556

42 46 0.00768318

43 46 0.00679048

44 46 0.00587098

45 46 0.00492831

46 46 0.00396619

47 46 0.00298842

48 46 0.00199886

49 46 0.00100141

50 46 0

0 47 0

1 47 0.000754533

2 47 0.00150609

3 47 0.0022517

4 47 0.00298842

5 47 0.00371335

6 47 0.00442363

7 47 0.00511645

8 47 0.00578907

9 47 0.00643885

10 47 0.00706322

11 47 0.00765971

12 47 0.00822597

13 47 0.00875977

14 47 0.009259

15 47 0.00972169

16 47 0.010146

17 47 0.0105303

18 47 0.010873

19 47 0.0111728

20 47 0.0114285

21 47 0.0116391

22 47 0.0118038

23 47 0.0119219

24 47 0.011993

25 47 0.0120167

26 47 0.011993

27 47 0.0119219

28 47 0.0118038

29 47 0.0116391

30 47 0.0114285

31 47 0.0111728

32 47 0.010873

33 47 0.0105303

34 47 0.010146

35 47 0.00972169

36 47 0.009259

37 47 0.00875977

38 47 0.00822597

39 47 0.00765971

40 47 0.00706322

41 47 0.00643885

42 47 0.00578907

43 47 0.00511645

44 47 0.00442363

45 47 0.00371335

46 47 0.00298842

47 47 0.0022517

48 47 0.00150609

49 47 0.000754533

50 47 0

0 48 0

1 48 0.000504682

2 48 0.00100737

3 48 0.00150609

4 48 0.00199886

5 48 0.00248374

6 48 0.00295882

7 48 0.00342222

8 48 0.00387212

9 48 0.00430674

10 48 0.00472436

11 48 0.00512333

12 48 0.00550209

13 48 0.00585913

14 48 0.00619304

15 48 0.00650252

16 48 0.00678633

17 48 0.00704336

18 48 0.0072726

19 48 0.00747313

20 48 0.00764417

21 48 0.00778504

22 48 0.00789519

23 48 0.00797418

24 48 0.0080217

25 48 0.00803756

26 48 0.0080217

27 48 0.00797418

28 48 0.00789519

29 48 0.00778504

30 48 0.00764417

31 48 0.00747313

32 48 0.0072726

33 48 0.00704336

34 48 0.00678633

35 48 0.00650252

36 48 0.00619304

37 48 0.00585913

38 48 0.00550209

39 48 0.00512333

40 48 0.00472436

