0 1 0

1 1 0.000556731

2 1 0.00111126

3 1 0.00166141

4 1 0.002205

5 1 0.00273989

6 1 0.00326397

7 1 0.00377516

8 1 0.00427146

9 1 0.0047509

10 1 0.00521159

11 1 0.00565171

12 1 0.00606952

13 1 0.00646339

14 1 0.00683174

15 1 0.00717313

16 1 0.00748622

17 1 0.00776976

18 1 0.00802263

19 1 0.00824385

20 1 0.00843253

21 1 0.00858792

22 1 0.00870943

23 1 0.00879657

24 1 0.00884899

25 1 0.00886648

26 1 0.00884899

27 1 0.00879657

28 1 0.00870943

29 1 0.00858792

30 1 0.00843253

31 1 0.00824385

32 1 0.00802263

33 1 0.00776976

34 1 0.00748622

35 1 0.00717313

36 1 0.00683174

37 1 0.00646339

38 1 0.00606952

39 1 0.00565171

40 1 0.00521159

41 1 0.0047509

42 1 0.00427146

43 1 0.00377516

44 1 0.00326397

45 1 0.00273989

46 1 0.002205

47 1 0.00166141

48 1 0.00111126

49 1 0.000556731

50 1 0

0 2 0

1 2 0.00111126

2 2 0.00221814

3 2 0.00331627

4 2 0.00440131

5 2 0.00546897

6 2 0.00651506

7 2 0.00753543

8 2 0.00852606

9 2 0.00948305

10 2 0.0104026

11 2 0.0112811

12 2 0.0121151

13 2 0.0129013

14 2 0.0136365

15 2 0.014318

16 2 0.0149429

17 2 0.0155089

18 2 0.0160136

19 2 0.0164552

20 2 0.0168318

21 2 0.017142

22 2 0.0173845

23 2 0.0175584

24 2 0.017663

25 2 0.017698

26 2 0.017663

27 2 0.0175584

28 2 0.0173845

29 2 0.017142

30 2 0.0168318

31 2 0.0164552

32 2 0.0160136

33 2 0.0155089

34 2 0.0149429

35 2 0.014318

36 2 0.0136365

37 2 0.0129013

38 2 0.0121151

39 2 0.0112811

40 2 0.0104026

41 2 0.00948305

42 2 0.00852606

43 2 0.00753543

44 2 0.00651506

45 2 0.00546897

46 2 0.00440131

47 2 0.00331627

48 2 0.00221814

49 2 0.00111126

50 2 0

0 3 0

1 3 0.00166141

2 3 0.00331627

3 3 0.00495804

4 3 0.00658024

5 3 0.00817647

6 3 0.00974043

7 3 0.011266

8 3 0.012747

9 3 0.0141778

10 3 0.0155526

11 3 0.016866

12 3 0.0181129

13 3 0.0192882

14 3 0.0203875

15 3 0.0214063

16 3 0.0223406

17 3 0.0231867

18 3 0.0239414

19 3 0.0246015

20 3 0.0251646

21 3 0.0256283

22 3 0.0259909

23 3 0.026251

24 3 0.0264074

25 3 0.0264596

26 3 0.0264074

27 3 0.026251

28 3 0.0259909

29 3 0.0256283

30 3 0.0251646

31 3 0.0246015

32 3 0.0239414

33 3 0.0231867

34 3 0.0223406

35 3 0.0214063

36 3 0.0203875

37 3 0.0192882

38 3 0.0181129

39 3 0.016866

40 3 0.0155526

41 3 0.0141778

42 3 0.012747

43 3 0.011266

44 3 0.00974043

45 3 0.00817647

46 3 0.00658024

47 3 0.00495804

48 3 0.00331627

49 3 0.00166141

50 3 0

0 4 0

1 4 0.002205

2 4 0.00440131

3 4 0.00658024

4 4 0.0087332

5 4 0.0108517

6 4 0.0129274

7 4 0.014952

8 4 0.0169177

9 4 0.0188165

10 4 0.0206412

11 4 0.0223843

12 4 0.0240391

13 4 0.0255991

14 4 0.027058

15 4 0.0284101

16 4 0.0296501

17 4 0.0307731

18 4 0.0317747

19 4 0.0326508

20 4 0.0333981

21 4 0.0340136

22 4 0.0344948

23 4 0.0348399

24 4 0.0350475

25 4 0.0351168

26 4 0.0350475

27 4 0.0348399

28 4 0.0344948

29 4 0.0340136

30 4 0.0333981

31 4 0.0326508

32 4 0.0317747

33 4 0.0307731

34 4 0.0296501

35 4 0.0284101

36 4 0.027058

37 4 0.0255991

38 4 0.0240391

39 4 0.0223843

40 4 0.0206412

41 4 0.0188165

42 4 0.0169177

43 4 0.014952

44 4 0.0129274

45 4 0.0108517

46 4 0.0087332

47 4 0.00658024

48 4 0.00440131

49 4 0.002205

50 4 0

0 5 0

1 5 0.00273989

2 5 0.00546897

3 5 0.00817647

4 5 0.0108517

5 5 0.0134841

6 5 0.0160633

7 5 0.0185791

8 5 0.0210215

9 5 0.0233811

10 5 0.0256483

11 5 0.0278143

12 5 0.0298705

13 5 0.0318089

14 5 0.0336217

15 5 0.0353018

16 5 0.0368426

17 5 0.038238

18 5 0.0394825

19 5 0.0405712

20 5 0.0414998

21 5 0.0422646

22 5 0.0428626

23 5 0.0432914

24 5 0.0435494

25 5 0.0436355

26 5 0.0435494

27 5 0.0432914

28 5 0.0428626

29 5 0.0422646

30 5 0.0414998

31 5 0.0405712

32 5 0.0394825

33 5 0.038238

34 5 0.0368426

35 5 0.0353018

36 5 0.0336217

37 5 0.0318089

38 5 0.0298705

39 5 0.0278143

40 5 0.0256483

41 5 0.0233811

42 5 0.0210215

43 5 0.0185791

44 5 0.0160633

45 5 0.0134841

46 5 0.0108517

47 5 0.00817647

48 5 0.00546897

49 5 0.00273989

50 5 0

0 6 0

1 6 0.00326397

2 6 0.00651506

3 6 0.00974043

4 6 0.0129274

5 6 0.0160633

6 6 0.0191358

7 6 0.0221328

8 6 0.0250425

9 6 0.0278533

10 6 0.0305542

11 6 0.0331345

12 6 0.035584

13 6 0.0378932

14 6 0.0400527

15 6 0.0420542

16 6 0.0438898

17 6 0.0455521

18 6 0.0470346

19 6 0.0483315

20 6 0.0494377

21 6 0.0503488

22 6 0.0510611

23 6 0.051572

24 6 0.0518793

25 6 0.0519819

26 6 0.0518793

27 6 0.051572

28 6 0.0510611

29 6 0.0503488

30 6 0.0494377

31 6 0.0483315

32 6 0.0470346

33 6 0.0455521

34 6 0.0438898

35 6 0.0420542

36 6 0.0400527

37 6 0.0378932

38 6 0.035584

39 6 0.0331345

40 6 0.0305542

41 6 0.0278533

42 6 0.0250425

43 6 0.0221328

44 6 0.0191358

45 6 0.0160633

46 6 0.0129274

47 6 0.00974043

48 6 0.00651506

49 6 0.00326397

50 6 0

0 7 0

1 7 0.00377516

2 7 0.00753543

3 7 0.011266

4 7 0.014952

5 7 0.0185791

6 7 0.0221328

7 7 0.0255992

8 7 0.0289646

9 7 0.0322156

10 7 0.0353395

11 7 0.0383239

12 7 0.0411571

13 7 0.0438279

14 7 0.0463257

15 7 0.0486407

16 7 0.0507637

17 7 0.0526863

18 7 0.0544011

19 7 0.0559011

20 7 0.0571805

21 7 0.0582343

22 7 0.0590582

23 7 0.0596491

24 7 0.0600045

25 7 0.0601232

26 7 0.0600045

27 7 0.0596491

28 7 0.0590582

29 7 0.0582343

30 7 0.0571805

31 7 0.0559011

32 7 0.0544011

33 7 0.0526863

34 7 0.0507637

35 7 0.0486407

36 7 0.0463257

37 7 0.0438279

38 7 0.0411571

39 7 0.0383239

40 7 0.0353395

41 7 0.0322156

42 7 0.0289646

43 7 0.0255992

44 7 0.0221328

45 7 0.0185791

46 7 0.014952

47 7 0.011266

48 7 0.00753543

49 7 0.00377516

50 7 0

0 8 0

1 8 0.00427146

2 8 0.00852606

3 8 0.012747

4 8 0.0169177

5 8 0.0210215

6 8 0.0250425

7 8 0.0289646

8 8 0.0327723

9 8 0.0364508

10 8 0.0399854

11 8 0.0433621

12 8 0.0465678

13 8 0.0495897

14 8 0.0524158

15 8 0.0550351

16 8 0.0574372

17 8 0.0596126

18 8 0.0615528

19 8 0.06325

20 8 0.0646977

21 8 0.06589

22 8 0.0668222

23 8 0.0674907

24 8 0.0678929

25 8 0.0680271

26 8 0.0678929

27 8 0.0674907

28 8 0.0668222

29 8 0.06589

30 8 0.0646977

31 8 0.06325

32 8 0.0615528

33 8 0.0596126

34 8 0.0574372

35 8 0.0550351

36 8 0.0524158

37 8 0.0495897

38 8 0.0465678

39 8 0.0433621

40 8 0.0399854

41 8 0.0364508

42 8 0.0327723

43 8 0.0289646

44 8 0.0250425

45 8 0.0210215

46 8 0.0169177

47 8 0.012747

48 8 0.00852606

49 8 0.00427146

50 8 0

0 9 0

1 9 0.0047509

2 9 0.00948305

3 9 0.0141778

4 9 0.0188165

5 9 0.0233811

6 9 0.0278533

7 9 0.0322156

8 9 0.0364508

9 9 0.0405421

10 9 0.0444734

11 9 0.0482292

12 9 0.0517947

13 9 0.0551557

14 9 0.0582991

15 9 0.0612124

16 9 0.0638841

17 9 0.0663037

18 9 0.0684616

19 9 0.0703494

20 9 0.0719595

21 9 0.0732856

22 9 0.0743225

23 9 0.075066

24 9 0.0755134

25 9 0.0756627

26 9 0.0755134

27 9 0.075066

28 9 0.0743225

29 9 0.0732856

30 9 0.0719595

31 9 0.0703494

32 9 0.0684616

33 9 0.0663037

34 9 0.0638841

35 9 0.0612124

36 9 0.0582991

37 9 0.0551557

38 9 0.0517947

39 9 0.0482292

40 9 0.0444734

41 9 0.0405421

42 9 0.0364508

43 9 0.0322156

44 9 0.0278533

45 9 0.0233811

46 9 0.0188165

47 9 0.0141778

48 9 0.00948305

49 9 0.0047509

50 9 0

0 10 0

1 10 0.00521159

2 10 0.0104026

3 10 0.0155526

4 10 0.0206412

5 10 0.0256483

6 10 0.0305542

7 10 0.0353395

8 10 0.0399854

9 10 0.0444734

10 10 0.0487859

11 10 0.0529059

12 10 0.0568171

13 10 0.0605041

14 10 0.0639523

15 10 0.0671481

16 10 0.0700789

17 10 0.0727331

18 10 0.0751003

19 10 0.0771711

20 10 0.0789373

21 10 0.080392

22 10 0.0815294

23 10 0.0823451

24 10 0.0828358

25 10 0.0829996

26 10 0.0828358

27 10 0.0823451

28 10 0.0815294

29 10 0.080392

30 10 0.0789373

31 10 0.0771711

32 10 0.0751003

33 10 0.0727331

34 10 0.0700789

35 10 0.0671481

36 10 0.0639523

37 10 0.0605041

38 10 0.0568171

39 10 0.0529059

40 10 0.0487859

41 10 0.0444734

42 10 0.0399854

43 10 0.0353395

44 10 0.0305542

45 10 0.0256483

46 10 0.0206412

47 10 0.0155526

48 10 0.0104026

49 10 0.00521159

50 10 0

0 11 0

1 11 0.00565171

2 11 0.0112811

3 11 0.016866

4 11 0.0223843

5 11 0.0278143

6 11 0.0331345

7 11 0.0383239

8 11 0.0433621

9 11 0.0482292

10 11 0.0529059

11 11 0.0573739

12 11 0.0616154

13 11 0.0656137

14 11 0.0693531

15 11 0.0728188

16 11 0.0759971

17 11 0.0788754

18 11 0.0814425

19 11 0.0836882

20 11 0.0856036

21 11 0.0871811

22 11 0.0884146

23 11 0.0892992

24 11 0.0898313

25 11 0.0900089

26 11 0.0898313

27 11 0.0892992

28 11 0.0884146

29 11 0.0871811

30 11 0.0856036

31 11 0.0836882

32 11 0.0814425

33 11 0.0788754

34 11 0.0759971

35 11 0.0728188

36 11 0.0693531

37 11 0.0656137

38 11 0.0616154

39 11 0.0573739

40 11 0.0529059

41 11 0.0482292

42 11 0.0433621

43 11 0.0383239

44 11 0.0331345

45 11 0.0278143

46 11 0.0223843

47 11 0.016866

48 11 0.0112811

49 11 0.00565171

50 11 0

0 12 0

1 12 0.00606952

2 12 0.0121151

3 12 0.0181129

4 12 0.0240391

5 12 0.0298705

6 12 0.035584

7 12 0.0411571

8 12 0.0465678

9 12 0.0517947

10 12 0.0568171

11 12 0.0616154

12 12 0.0661704

13 12 0.0704643

14 12 0.0744802

15 12 0.0782021

16 12 0.0816153

17 12 0.0847065

18 12 0.0874634

19 12 0.089875

20 12 0.091932

21 12 0.0936262

22 12 0.0949509

23 12 0.0959009

24 12 0.0964723

25 12 0.0966631

26 12 0.0964723

27 12 0.0959009

28 12 0.0949509

29 12 0.0936262

30 12 0.091932

31 12 0.089875

32 12 0.0874634

33 12 0.0847065

34 12 0.0816153

35 12 0.0782021

36 12 0.0744802

37 12 0.0704643

38 12 0.0661704

39 12 0.0616154

40 12 0.0568171

41 12 0.0517947

42 12 0.0465678

43 12 0.0411571

44 12 0.035584

45 12 0.0298705

46 12 0.0240391

47 12 0.0181129

48 12 0.0121151

49 12 0.00606952

50 12 0

0 13 0

1 13 0.00646339

2 13 0.0129013

3 13 0.0192882

4 13 0.0255991

5 13 0.0318089

6 13 0.0378932

7 13 0.0438279

8 13 0.0495897

9 13 0.0551557

10 13 0.0605041

11 13 0.0656137

12 13 0.0704643

13 13 0.0750369

14 13 0.0793133

15 13 0.0832767

16 13 0.0869115

17 13 0.0902033

18 13 0.093139

19 13 0.0957072

20 13 0.0978977

21 13 0.0997018

22 13 0.101112

23 13 0.102124

24 13 0.102733

25 13 0.102936

26 13 0.102733

27 13 0.102124

28 13 0.101112

29 13 0.0997018

30 13 0.0978977

31 13 0.0957072

32 13 0.093139

33 13 0.0902033

34 13 0.0869115

35 13 0.0832767

36 13 0.0793133

37 13 0.0750369

38 13 0.0704643

39 13 0.0656137

40 13 0.0605041

41 13 0.0551557

42 13 0.0495897

43 13 0.0438279

44 13 0.0378932

45 13 0.0318089

46 13 0.0255991

47 13 0.0192882

48 13 0.0129013

49 13 0.00646339

50 13 0

0 14 0

1 14 0.00683174

2 14 0.0136365

3 14 0.0203875

4 14 0.027058

5 14 0.0336217

6 14 0.0400527

7 14 0.0463257

8 14 0.0524158

9 14 0.0582991

10 14 0.0639523

11 14 0.0693531

12 14 0.0744802

13 14 0.0793133

14 14 0.0838335

15 14 0.0880228

16 14 0.0918647

17 14 0.095344

18 14 0.0984471

19 14 0.101162

20 14 0.103477

21 14 0.105384

22 14 0.106875

23 14 0.107944

24 14 0.108587

25 14 0.108802

26 14 0.108587

27 14 0.107944

28 14 0.106875

29 14 0.105384

30 14 0.103477

31 14 0.101162

32 14 0.0984471

33 14 0.095344

34 14 0.0918647

35 14 0.0880228

36 14 0.0838335

37 14 0.0793133

38 14 0.0744802

39 14 0.0693531

40 14 0.0639523

41 14 0.0582991

42 14 0.0524158

43 14 0.0463257

44 14 0.0400527

45 14 0.0336217

46 14 0.027058

47 14 0.0203875

48 14 0.0136365

49 14 0.00683174

50 14 0

0 15 0

1 15 0.00717313

2 15 0.014318

3 15 0.0214063

4 15 0.0284101

5 15 0.0353018

6 15 0.0420542

7 15 0.0486407

8 15 0.0550351

9 15 0.0612124

10 15 0.0671481

11 15 0.0728188

12 15 0.0782021

13 15 0.0832767

14 15 0.0880228

15 15 0.0924214

16 15 0.0964553

17 15 0.100109

18 15 0.103367

19 15 0.106217

20 15 0.108648

21 15 0.11065

22 15 0.112216

23 15 0.113338

24 15 0.114014

25 15 0.114239

26 15 0.114014

27 15 0.113338

28 15 0.112216

29 15 0.11065

30 15 0.108648

31 15 0.106217

32 15 0.103367

33 15 0.100109

34 15 0.0964553

35 15 0.0924214

36 15 0.0880228

37 15 0.0832767

38 15 0.0782021

39 15 0.0728188

40 15 0.0671481

41 15 0.0612124

42 15 0.0550351

43 15 0.0486407

44 15 0.0420542

45 15 0.0353018

46 15 0.0284101

47 15 0.0214063

48 15 0.014318

49 15 0.00717313

50 15 0

0 16 0

1 16 0.00748622

2 16 0.0149429

3 16 0.0223406

4 16 0.0296501

5 16 0.0368426

6 16 0.0438898

7 16 0.0507637

8 16 0.0574372

9 16 0.0638841

10 16 0.0700789

11 16 0.0759971

12 16 0.0816153

13 16 0.0869115

14 16 0.0918647

15 16 0.0964553

16 16 0.100665

17 16 0.104478

18 16 0.107878

19 16 0.110853

20 16 0.11339

21 16 0.11548

22 16 0.117113

23 16 0.118285

24 16 0.11899

25 16 0.119225

26 16 0.11899

27 16 0.118285

28 16 0.117113

29 16 0.11548

30 16 0.11339

31 16 0.110853

32 16 0.107878

33 16 0.104478

34 16 0.100665

35 16 0.0964553

36 16 0.0918647

37 16 0.0869115

38 16 0.0816153

39 16 0.0759971

40 16 0.0700789

41 16 0.0638841

42 16 0.0574372

43 16 0.0507637

44 16 0.0438898

45 16 0.0368426

46 16 0.0296501

47 16 0.0223406

48 16 0.0149429

49 16 0.00748622

50 16 0

0 17 0

1 17 0.00776976

2 17 0.0155089

3 17 0.0231867

4 17 0.0307731

5 17 0.038238

6 17 0.0455521

7 17 0.0526863

8 17 0.0596126

9 17 0.0663037

10 17 0.0727331

11 17 0.0788754

12 17 0.0847065

13 17 0.0902033

14 17 0.095344

15 17 0.100109

16 17 0.104478

17 17 0.108435

18 17 0.111964

19 17 0.115051

20 17 0.117685

21 17 0.119853

22 17 0.121549

23 17 0.122765

24 17 0.123497

25 17 0.123741

26 17 0.123497

27 17 0.122765

28 17 0.121549

29 17 0.119853

30 17 0.117685

31 17 0.115051

32 17 0.111964

33 17 0.108435

34 17 0.104478

35 17 0.100109

36 17 0.095344

37 17 0.0902033

38 17 0.0847065

39 17 0.0788754

40 17 0.0727331

41 17 0.0663037

42 17 0.0596126

43 17 0.0526863

44 17 0.0455521

45 17 0.038238

46 17 0.0307731

47 17 0.0231867

48 17 0.0155089

49 17 0.00776976

50 17 0

0 18 0

1 18 0.00802263

2 18 0.0160136

3 18 0.0239414

4 18 0.0317747

5 18 0.0394825

6 18 0.0470346

7 18 0.0544011

8 18 0.0615528

9 18 0.0684616

10 18 0.0751003

11 18 0.0814425

12 18 0.0874634

13 18 0.093139

14 18 0.0984471

15 18 0.103367

16 18 0.107878

17 18 0.111964

18 18 0.115608

19 18 0.118796

20 18 0.121515

21 18 0.123754

22 18 0.125505

23 18 0.126761

24 18 0.127516

25 18 0.127768

26 18 0.127516

27 18 0.126761

28 18 0.125505

29 18 0.123754

30 18 0.121515

31 18 0.118796

32 18 0.115608

33 18 0.111964

34 18 0.107878

35 18 0.103367

36 18 0.0984471

37 18 0.093139

38 18 0.0874634

39 18 0.0814425

40 18 0.0751003

41 18 0.0684616

42 18 0.0615528

43 18 0.0544011

44 18 0.0470346

45 18 0.0394825

46 18 0.0317747

47 18 0.0239414

48 18 0.0160136

49 18 0.00802263

50 18 0

0 19 0

1 19 0.00824385

2 19 0.0164552

3 19 0.0246015

4 19 0.0326508

5 19 0.0405712

6 19 0.0483315

7 19 0.0559011

8 19 0.06325

9 19 0.0703494

10 19 0.0771711

11 19 0.0836882

12 19 0.089875

13 19 0.0957072

14 19 0.101162

15 19 0.106217

16 19 0.110853

17 19 0.115051

18 19 0.118796

19 19 0.122072

20 19 0.124865

21 19 0.127166

22 19 0.128966

23 19 0.130256

24 19 0.131032

25 19 0.131291

26 19 0.131032

27 19 0.130256

28 19 0.128966

29 19 0.127166

30 19 0.124865

31 19 0.122072

32 19 0.118796

33 19 0.115051

34 19 0.110853

35 19 0.106217

36 19 0.101162

37 19 0.0957072

38 19 0.089875

39 19 0.0836882

40 19 0.0771711

41 19 0.0703494

42 19 0.06325

43 19 0.0559011

44 19 0.0483315

45 19 0.0405712

46 19 0.0326508

47 19 0.0246015

48 19 0.0164552

49 19 0.00824385

50 19 0

0 20 0

1 20 0.00843253

2 20 0.0168318

3 20 0.0251646

4 20 0.0333981

5 20 0.0414998

6 20 0.0494377

7 20 0.0571805

8 20 0.0646977

9 20 0.0719595

10 20 0.0789373

11 20 0.0856036

12 20 0.091932

13 20 0.0978977

14 20 0.103477

15 20 0.108648

16 20 0.11339

17 20 0.117685

18 20 0.121515

19 20 0.124865

20 20 0.127723

21 20 0.130077

22 20 0.131917

23 20 0.133237

24 20 0.134031

25 20 0.134296

26 20 0.134031

27 20 0.133237

28 20 0.131917

29 20 0.130077

30 20 0.127723

31 20 0.124865

32 20 0.121515

33 20 0.117685

34 20 0.11339

35 20 0.108648

36 20 0.103477

37 20 0.0978977

38 20 0.091932

39 20 0.0856036

40 20 0.0789373

41 20 0.0719595

42 20 0.0646977

43 20 0.0571805

44 20 0.0494377

45 20 0.0414998

46 20 0.0333981

47 20 0.0251646

48 20 0.0168318

49 20 0.00843253

50 20 0

0 21 0

1 21 0.00858792

2 21 0.017142

3 21 0.0256283

4 21 0.0340136

5 21 0.0422646

6 21 0.0503488

7 21 0.0582343

8 21 0.06589

9 21 0.0732856

10 21 0.080392

11 21 0.0871811

12 21 0.0936262

13 21 0.0997018

14 21 0.105384

15 21 0.11065

16 21 0.11548

17 21 0.119853

18 21 0.123754

19 21 0.127166

20 21 0.130077

21 21 0.132474

22 21 0.134348

23 21 0.135693

24 21 0.136501

25 21 0.136771

26 21 0.136501

27 21 0.135693

28 21 0.134348

29 21 0.132474

30 21 0.130077

31 21 0.127166

32 21 0.123754

33 21 0.119853

34 21 0.11548

35 21 0.11065

36 21 0.105384

37 21 0.0997018

38 21 0.0936262

39 21 0.0871811

40 21 0.080392

41 21 0.0732856

42 21 0.06589

43 21 0.0582343

44 21 0.0503488

45 21 0.0422646

46 21 0.0340136

47 21 0.0256283

48 21 0.017142

49 21 0.00858792

50 21 0

0 22 0

1 22 0.00870943

2 22 0.0173845

3 22 0.0259909

4 22 0.0344948

5 22 0.0428626

6 22 0.0510611

7 22 0.0590582

8 22 0.0668222

9 22 0.0743225

10 22 0.0815294

11 22 0.0884146

12 22 0.0949509

13 22 0.101112

14 22 0.106875

15 22 0.112216

16 22 0.117113

17 22 0.121549

18 22 0.125505

19 22 0.128966

20 22 0.131917

21 22 0.134348

22 22 0.136249

23 22 0.137612

24 22 0.138432

25 22 0.138706

26 22 0.138432

27 22 0.137612

28 22 0.136249

29 22 0.134348

30 22 0.131917

31 22 0.128966

32 22 0.125505

33 22 0.121549

34 22 0.117113

35 22 0.112216

36 22 0.106875

37 22 0.101112

38 22 0.0949509

39 22 0.0884146

40 22 0.0815294

41 22 0.0743225

42 22 0.0668222

43 22 0.0590582

44 22 0.0510611

45 22 0.0428626

46 22 0.0344948

47 22 0.0259909

48 22 0.0173845

49 22 0.00870943

50 22 0

0 23 0

1 23 0.00879657

2 23 0.0175584

3 23 0.026251

4 23 0.0348399

5 23 0.0432914

6 23 0.051572

7 23 0.0596491

8 23 0.0674907

9 23 0.075066

10 23 0.0823451

11 23 0.0892992

12 23 0.0959009

13 23 0.102124

14 23 0.107944

15 23 0.113338

16 23 0.118285

17 23 0.122765

18 23 0.126761

19 23 0.130256

20 23 0.133237

21 23 0.135693

22 23 0.137612

23 23 0.138989

24 23 0.139817

25 23 0.140094

26 23 0.139817

27 23 0.138989

28 23 0.137612

29 23 0.135693

30 23 0.133237

31 23 0.130256

32 23 0.126761

33 23 0.122765

34 23 0.118285

35 23 0.113338

36 23 0.107944

37 23 0.102124

38 23 0.0959009

39 23 0.0892992

40 23 0.0823451

41 23 0.075066

42 23 0.0674907

43 23 0.0596491

44 23 0.051572

45 23 0.0432914

46 23 0.0348399

47 23 0.026251

48 23 0.0175584

49 23 0.00879657

50 23 0

0 24 0

1 24 0.00884899

2 24 0.017663

3 24 0.0264074

4 24 0.0350475

5 24 0.0435494

6 24 0.0518793

7 24 0.0600045

8 24 0.0678929

9 24 0.0755134

10 24 0.0828358

11 24 0.0898313

12 24 0.0964723

13 24 0.102733

14 24 0.108587

15 24 0.114014

16 24 0.11899

17 24 0.123497

18 24 0.127516

19 24 0.131032

20 24 0.134031

21 24 0.136501

22 24 0.138432

23 24 0.139817

24 24 0.140651

25 24 0.140929

26 24 0.140651

27 24 0.139817

28 24 0.138432

29 24 0.136501

30 24 0.134031

31 24 0.131032

32 24 0.127516

33 24 0.123497

34 24 0.11899

35 24 0.114014

36 24 0.108587

37 24 0.102733

38 24 0.0964723

39 24 0.0898313

40 24 0.0828358

41 24 0.0755134

42 24 0.0678929

43 24 0.0600045

44 24 0.0518793

45 24 0.0435494

46 24 0.0350475

47 24 0.0264074

48 24 0.017663

49 24 0.00884899

50 24 0

0 25 0

1 25 0.00886648

2 25 0.017698

3 25 0.0264596

4 25 0.0351168

5 25 0.0436355

6 25 0.0519819

7 25 0.0601232

8 25 0.0680271

9 25 0.0756627

10 25 0.0829996

11 25 0.0900089

12 25 0.0966631

13 25 0.102936

14 25 0.108802

15 25 0.114239

16 25 0.119225

17 25 0.123741

18 25 0.127768

19 25 0.131291

20 25 0.134296

21 25 0.136771

22 25 0.138706

23 25 0.140094

24 25 0.140929

25 25 0.141207

26 25 0.140929

27 25 0.140094

28 25 0.138706

29 25 0.136771

30 25 0.134296

31 25 0.131291

32 25 0.127768

33 25 0.123741

34 25 0.119225

35 25 0.114239

36 25 0.108802

37 25 0.102936

38 25 0.0966631

39 25 0.0900089

40 25 0.0829996

41 25 0.0756627

42 25 0.0680271

43 25 0.0601232

44 25 0.0519819

45 25 0.0436355

46 25 0.0351168

47 25 0.0264596

48 25 0.017698

49 25 0.00886648

50 25 0

0 26 0

1 26 0.00884899

2 26 0.017663

3 26 0.0264074

4 26 0.0350475

5 26 0.0435494

6 26 0.0518793

7 26 0.0600045

8 26 0.0678929

9 26 0.0755134

10 26 0.0828358

11 26 0.0898313

12 26 0.0964723

13 26 0.102733

14 26 0.108587

15 26 0.114014

16 26 0.11899

17 26 0.123497

18 26 0.127516

19 26 0.131032

20 26 0.134031

21 26 0.136501

22 26 0.138432

23 26 0.139817

24 26 0.140651

25 26 0.140929

26 26 0.140651

27 26 0.139817

28 26 0.138432

29 26 0.136501

30 26 0.134031

31 26 0.131032

32 26 0.127516

33 26 0.123497

34 26 0.11899

35 26 0.114014

36 26 0.108587

37 26 0.102733

38 26 0.0964723

39 26 0.0898313

40 26 0.0828358

41 26 0.0755134

42 26 0.0678929

43 26 0.0600045

44 26 0.0518793

45 26 0.0435494

46 26 0.0350475

47 26 0.0264074

48 26 0.017663

49 26 0.00884899

50 26 0

0 27 0

1 27 0.00879657

2 27 0.0175584

3 27 0.026251

4 27 0.0348399

5 27 0.0432914

6 27 0.051572

7 27 0.0596491

8 27 0.0674907

9 27 0.075066

10 27 0.0823451

11 27 0.0892992

12 27 0.0959009

13 27 0.102124

14 27 0.107944

15 27 0.113338

16 27 0.118285

17 27 0.122765

18 27 0.126761

19 27 0.130256

20 27 0.133237

21 27 0.135693

22 27 0.137612

23 27 0.138989

24 27 0.139817

25 27 0.140094

26 27 0.139817

27 27 0.138989

28 27 0.137612

29 27 0.135693

30 27 0.133237

31 27 0.130256

32 27 0.126761

33 27 0.122765

34 27 0.118285

35 27 0.113338

36 27 0.107944

37 27 0.102124

38 27 0.0959009

39 27 0.0892992

40 27 0.0823451

41 27 0.075066

42 27 0.0674907

43 27 0.0596491

44 27 0.051572

45 27 0.0432914

46 27 0.0348399

47 27 0.026251

48 27 0.0175584

49 27 0.00879657

50 27 0

0 28 0

1 28 0.00870943

2 28 0.0173845

3 28 0.0259909

4 28 0.0344948

5 28 0.0428626

6 28 0.0510611

7 28 0.0590582

8 28 0.0668222

9 28 0.0743225

10 28 0.0815294

11 28 0.0884146

12 28 0.0949509

13 28 0.101112

14 28 0.106875

15 28 0.112216

16 28 0.117113

17 28 0.121549

18 28 0.125505

19 28 0.128966

20 28 0.131917

21 28 0.134348

22 28 0.136249

23 28 0.137612

24 28 0.138432

25 28 0.138706

26 28 0.138432

27 28 0.137612

28 28 0.136249

29 28 0.134348

30 28 0.131917

31 28 0.128966

32 28 0.125505

33 28 0.121549

34 28 0.117113

35 28 0.112216

36 28 0.106875

37 28 0.101112

38 28 0.0949509

39 28 0.0884146

40 28 0.0815294

41 28 0.0743225

42 28 0.0668222

43 28 0.0590582

44 28 0.0510611

45 28 0.0428626

46 28 0.0344948

47 28 0.0259909

48 28 0.0173845

49 28 0.00870943

50 28 0

0 29 0

1 29 0.00858792

2 29 0.017142

3 29 0.0256283

4 29 0.0340136

5 29 0.0422646

6 29 0.0503488

7 29 0.0582343

8 29 0.06589

9 29 0.0732856

10 29 0.080392

11 29 0.0871811

12 29 0.0936262

13 29 0.0997018

14 29 0.105384

15 29 0.11065

16 29 0.11548

17 29 0.119853

18 29 0.123754

19 29 0.127166

20 29 0.130077

21 29 0.132474

22 29 0.134348

23 29 0.135693

24 29 0.136501

25 29 0.136771

26 29 0.136501

27 29 0.135693

28 29 0.134348

29 29 0.132474

30 29 0.130077

31 29 0.127166

32 29 0.123754

33 29 0.119853

34 29 0.11548

35 29 0.11065

36 29 0.105384

37 29 0.0997018

38 29 0.0936262

39 29 0.0871811

40 29 0.080392

41 29 0.0732856

42 29 0.06589

43 29 0.0582343

44 29 0.0503488

45 29 0.0422646

46 29 0.0340136

47 29 0.0256283

48 29 0.017142

49 29 0.00858792

50 29 0

0 30 0

1 30 0.00843253

2 30 0.0168318

3 30 0.0251646

4 30 0.0333981

5 30 0.0414998

6 30 0.0494377

7 30 0.0571805

8 30 0.0646977

9 30 0.0719595

10 30 0.0789373

11 30 0.0856036

12 30 0.091932

13 30 0.0978977

14 30 0.103477

15 30 0.108648

16 30 0.11339

17 30 0.117685

18 30 0.121515

19 30 0.124865

20 30 0.127723

21 30 0.130077

22 30 0.131917

23 30 0.133237

24 30 0.134031

25 30 0.134296

26 30 0.134031

27 30 0.133237

28 30 0.131917

29 30 0.130077

30 30 0.127723

31 30 0.124865

32 30 0.121515

33 30 0.117685

34 30 0.11339

35 30 0.108648

36 30 0.103477

37 30 0.0978977

38 30 0.091932

39 30 0.0856036

40 30 0.0789373

41 30 0.0719595

42 30 0.0646977

43 30 0.0571805

44 30 0.0494377

45 30 0.0414998

46 30 0.0333981

47 30 0.0251646

48 30 0.0168318

49 30 0.00843253

50 30 0

0 31 0

1 31 0.00824385

2 31 0.0164552

3 31 0.0246015

4 31 0.0326508

5 31 0.0405712

6 31 0.0483315

7 31 0.0559011

8 31 0.06325

9 31 0.0703494

10 31 0.0771711

11 31 0.0836882

12 31 0.089875

13 31 0.0957072

14 31 0.101162

15 31 0.106217

16 31 0.110853

17 31 0.115051

18 31 0.118796

19 31 0.122072

20 31 0.124865

21 31 0.127166

22 31 0.128966

23 31 0.130256

24 31 0.131032

25 31 0.131291

26 31 0.131032

27 31 0.130256

28 31 0.128966

29 31 0.127166

30 31 0.124865

31 31 0.122072

32 31 0.118796

33 31 0.115051

34 31 0.110853

35 31 0.106217

36 31 0.101162

37 31 0.0957072

38 31 0.089875

39 31 0.0836882

40 31 0.0771711

41 31 0.0703494

42 31 0.06325

43 31 0.0559011

44 31 0.0483315

45 31 0.0405712

46 31 0.0326508

47 31 0.0246015

48 31 0.0164552

49 31 0.00824385

50 31 0

0 32 0

1 32 0.00802263

2 32 0.0160136

3 32 0.0239414

4 32 0.0317747

5 32 0.0394825

6 32 0.0470346

7 32 0.0544011

8 32 0.0615528

9 32 0.0684616

10 32 0.0751003

11 32 0.0814425

12 32 0.0874634

13 32 0.093139

14 32 0.0984471

15 32 0.103367

16 32 0.107878

17 32 0.111964

18 32 0.115608

19 32 0.118796

20 32 0.121515

21 32 0.123754

22 32 0.125505

23 32 0.126761

24 32 0.127516

25 32 0.127768

26 32 0.127516

27 32 0.126761

28 32 0.125505

29 32 0.123754

30 32 0.121515

31 32 0.118796

32 32 0.115608

33 32 0.111964

34 32 0.107878

35 32 0.103367

36 32 0.0984471

37 32 0.093139

38 32 0.0874634

39 32 0.0814425

40 32 0.0751003

41 32 0.0684616

42 32 0.0615528

43 32 0.0544011

44 32 0.0470346

45 32 0.0394825

46 32 0.0317747

47 32 0.0239414

48 32 0.0160136

49 32 0.00802263

50 32 0

0 33 0

1 33 0.00776976

2 33 0.0155089

3 33 0.0231867

4 33 0.0307731

5 33 0.038238

6 33 0.0455521

7 33 0.0526863

8 33 0.0596126

9 33 0.0663037

10 33 0.0727331

11 33 0.0788754

12 33 0.0847065

13 33 0.0902033

14 33 0.095344

15 33 0.100109

16 33 0.104478

17 33 0.108435

18 33 0.111964

19 33 0.115051

20 33 0.117685

21 33 0.119853

22 33 0.121549

23 33 0.122765

24 33 0.123497

25 33 0.123741

26 33 0.123497

27 33 0.122765

28 33 0.121549

29 33 0.119853

30 33 0.117685

31 33 0.115051

32 33 0.111964

33 33 0.108435

34 33 0.104478

35 33 0.100109

36 33 0.095344

37 33 0.0902033

38 33 0.0847065

39 33 0.0788754

40 33 0.0727331

41 33 0.0663037

42 33 0.0596126

43 33 0.0526863

44 33 0.0455521

45 33 0.038238

46 33 0.0307731

47 33 0.0231867

48 33 0.0155089

49 33 0.00776976

50 33 0

0 34 0

1 34 0.00748622

2 34 0.0149429

3 34 0.0223406

4 34 0.0296501

5 34 0.0368426

6 34 0.0438898

7 34 0.0507637

8 34 0.0574372

9 34 0.0638841

10 34 0.0700789

11 34 0.0759971

12 34 0.0816153

13 34 0.0869115

14 34 0.0918647

15 34 0.0964553

16 34 0.100665

17 34 0.104478

18 34 0.107878

19 34 0.110853

20 34 0.11339

21 34 0.11548

22 34 0.117113

23 34 0.118285

24 34 0.11899

25 34 0.119225

26 34 0.11899

27 34 0.118285

28 34 0.117113

29 34 0.11548

30 34 0.11339

31 34 0.110853

32 34 0.107878

33 34 0.104478

34 34 0.100665

35 34 0.0964553

36 34 0.0918647

37 34 0.0869115

38 34 0.0816153

39 34 0.0759971

40 34 0.0700789

41 34 0.0638841

42 34 0.0574372

43 34 0.0507637

44 34 0.0438898

45 34 0.0368426

46 34 0.0296501

47 34 0.0223406

48 34 0.0149429

49 34 0.00748622

50 34 0

0 35 0

1 35 0.00717313

2 35 0.014318

3 35 0.0214063

4 35 0.0284101

5 35 0.0353018

6 35 0.0420542

7 35 0.0486407

8 35 0.0550351

9 35 0.0612124

10 35 0.0671481

11 35 0.0728188

12 35 0.0782021

13 35 0.0832767

14 35 0.0880228

15 35 0.0924214

16 35 0.0964553

17 35 0.100109

18 35 0.103367

19 35 0.106217

20 35 0.108648

21 35 0.11065

22 35 0.112216

23 35 0.113338

24 35 0.114014

25 35 0.114239

26 35 0.114014

27 35 0.113338

28 35 0.112216

29 35 0.11065

30 35 0.108648

31 35 0.106217

32 35 0.103367

33 35 0.100109

34 35 0.0964553

35 35 0.0924214

36 35 0.0880228

37 35 0.0832767

38 35 0.0782021

39 35 0.0728188

40 35 0.0671481

41 35 0.0612124

42 35 0.0550351

43 35 0.0486407

44 35 0.0420542

45 35 0.0353018

46 35 0.0284101

47 35 0.0214063

48 35 0.014318

49 35 0.00717313

50 35 0

0 36 0

1 36 0.00683174

2 36 0.0136365

3 36 0.0203875

4 36 0.027058

5 36 0.0336217

6 36 0.0400527

7 36 0.0463257

8 36 0.0524158

9 36 0.0582991

10 36 0.0639523

11 36 0.0693531

12 36 0.0744802

13 36 0.0793133

14 36 0.0838335

15 36 0.0880228

16 36 0.0918647

17 36 0.095344

18 36 0.0984471

19 36 0.101162

20 36 0.103477

21 36 0.105384

22 36 0.106875

23 36 0.107944

24 36 0.108587

25 36 0.108802

26 36 0.108587

27 36 0.107944

28 36 0.106875

29 36 0.105384

30 36 0.103477

31 36 0.101162

32 36 0.0984471

33 36 0.095344

34 36 0.0918647

35 36 0.0880228

36 36 0.0838335

37 36 0.0793133

38 36 0.0744802

39 36 0.0693531

40 36 0.0639523

41 36 0.0582991

42 36 0.0524158

43 36 0.0463257

44 36 0.0400527

45 36 0.0336217

46 36 0.027058

47 36 0.0203875

48 36 0.0136365

49 36 0.00683174

50 36 0

0 37 0

1 37 0.00646339

2 37 0.0129013

3 37 0.0192882

4 37 0.0255991

5 37 0.0318089

6 37 0.0378932

7 37 0.0438279

8 37 0.0495897

9 37 0.0551557

10 37 0.0605041

11 37 0.0656137

12 37 0.0704643

13 37 0.0750369

14 37 0.0793133

15 37 0.0832767

16 37 0.0869115

17 37 0.0902033

18 37 0.093139

19 37 0.0957072

20 37 0.0978977

21 37 0.0997018

22 37 0.101112

23 37 0.102124

24 37 0.102733

25 37 0.102936

26 37 0.102733

27 37 0.102124

28 37 0.101112

29 37 0.0997018

30 37 0.0978977

31 37 0.0957072

32 37 0.093139

33 37 0.0902033

34 37 0.0869115

35 37 0.0832767

36 37 0.0793133

37 37 0.0750369

38 37 0.0704643

39 37 0.0656137

40 37 0.0605041

41 37 0.0551557

42 37 0.0495897

43 37 0.0438279

44 37 0.0378932

45 37 0.0318089

46 37 0.0255991

47 37 0.0192882

48 37 0.0129013

49 37 0.00646339

50 37 0

0 38 0

1 38 0.00606952

2 38 0.0121151

3 38 0.0181129

4 38 0.0240391

5 38 0.0298705

6 38 0.035584

7 38 0.0411571

8 38 0.0465678

9 38 0.0517947

10 38 0.0568171

11 38 0.0616154

12 38 0.0661704

13 38 0.0704643

14 38 0.0744802

15 38 0.0782021

16 38 0.0816153

17 38 0.0847065

18 38 0.0874634

19 38 0.089875

20 38 0.091932

21 38 0.0936262

22 38 0.0949509

23 38 0.0959009

24 38 0.0964723

25 38 0.0966631

26 38 0.0964723

27 38 0.0959009

28 38 0.0949509

29 38 0.0936262

30 38 0.091932

31 38 0.089875

32 38 0.0874634

33 38 0.0847065

34 38 0.0816153

35 38 0.0782021

36 38 0.0744802

37 38 0.0704643

38 38 0.0661704

39 38 0.0616154

40 38 0.0568171

41 38 0.0517947

42 38 0.0465678

43 38 0.0411571

44 38 0.035584

45 38 0.0298705

46 38 0.0240391

47 38 0.0181129

48 38 0.0121151

49 38 0.00606952

50 38 0

0 39 0

1 39 0.00565171

2 39 0.0112811

3 39 0.016866

4 39 0.0223843

5 39 0.0278143

6 39 0.0331345

7 39 0.0383239

8 39 0.0433621

9 39 0.0482292

10 39 0.0529059

11 39 0.0573739

12 39 0.0616154

13 39 0.0656137

14 39 0.0693531

15 39 0.0728188

16 39 0.0759971

17 39 0.0788754

18 39 0.0814425

19 39 0.0836882

20 39 0.0856036

21 39 0.0871811

22 39 0.0884146

23 39 0.0892992

24 39 0.0898313

25 39 0.0900089

26 39 0.0898313

27 39 0.0892992

28 39 0.0884146

29 39 0.0871811

30 39 0.0856036

31 39 0.0836882

32 39 0.0814425

33 39 0.0788754

34 39 0.0759971

35 39 0.0728188

36 39 0.0693531

37 39 0.0656137

38 39 0.0616154

39 39 0.0573739

40 39 0.0529059

41 39 0.0482292

42 39 0.0433621

43 39 0.0383239

44 39 0.0331345

45 39 0.0278143

46 39 0.0223843

47 39 0.016866

48 39 0.0112811

49 39 0.00565171

50 39 0

0 40 0

1 40 0.00521159

2 40 0.0104026

3 40 0.0155526

4 40 0.0206412

5 40 0.0256483

6 40 0.0305542

7 40 0.0353395

8 40 0.0399854

9 40 0.0444734

10 40 0.0487859

11 40 0.0529059

12 40 0.0568171

13 40 0.0605041

14 40 0.0639523

15 40 0.0671481

16 40 0.0700789

17 40 0.0727331

18 40 0.0751003

19 40 0.0771711

20 40 0.0789373

21 40 0.080392

22 40 0.0815294

23 40 0.0823451

24 40 0.0828358

25 40 0.0829996

26 40 0.0828358

27 40 0.0823451

28 40 0.0815294

29 40 0.080392

30 40 0.0789373

31 40 0.0771711

32 40 0.0751003

33 40 0.0727331

34 40 0.0700789

35 40 0.0671481

36 40 0.0639523

37 40 0.0605041

38 40 0.0568171

39 40 0.0529059

40 40 0.0487859

41 40 0.0444734

42 40 0.0399854

43 40 0.0353395

44 40 0.0305542

45 40 0.0256483

46 40 0.0206412

47 40 0.0155526

48 40 0.0104026

49 40 0.00521159

50 40 0

0 41 0

1 41 0.0047509

2 41 0.00948305

3 41 0.0141778

4 41 0.0188165

5 41 0.0233811

6 41 0.0278533

7 41 0.0322156

8 41 0.0364508

9 41 0.0405421

10 41 0.0444734

11 41 0.0482292

12 41 0.0517947

13 41 0.0551557

14 41 0.0582991

15 41 0.0612124

16 41 0.0638841

17 41 0.0663037

18 41 0.0684616

19 41 0.0703494

20 41 0.0719595

21 41 0.0732856

22 41 0.0743225

23 41 0.075066

24 41 0.0755134

25 41 0.0756627

26 41 0.0755134

27 41 0.075066

28 41 0.0743225

29 41 0.0732856

30 41 0.0719595

31 41 0.0703494

32 41 0.0684616

33 41 0.0663037

34 41 0.0638841

35 41 0.0612124

36 41 0.0582991

37 41 0.0551557

38 41 0.0517947

39 41 0.0482292

40 41 0.0444734

41 41 0.0405421

42 41 0.0364508

43 41 0.0322156

44 41 0.0278533

45 41 0.0233811

46 41 0.0188165

47 41 0.0141778

48 41 0.00948305

49 41 0.0047509

50 41 0

0 42 0

1 42 0.00427146

2 42 0.00852606

3 42 0.012747

4 42 0.0169177

5 42 0.0210215

6 42 0.0250425

7 42 0.0289646

8 42 0.0327723

9 42 0.0364508

10 42 0.0399854

11 42 0.0433621

12 42 0.0465678

13 42 0.0495897

14 42 0.0524158

15 42 0.0550351

16 42 0.0574372

17 42 0.0596126

18 42 0.0615528

19 42 0.06325

20 42 0.0646977

21 42 0.06589

22 42 0.0668222

23 42 0.0674907

24 42 0.0678929

25 42 0.0680271

26 42 0.0678929

27 42 0.0674907

28 42 0.0668222

29 42 0.06589

30 42 0.0646977

31 42 0.06325

32 42 0.0615528

33 42 0.0596126

34 42 0.0574372

35 42 0.0550351

36 42 0.0524158

37 42 0.0495897

38 42 0.0465678

39 42 0.0433621

40 42 0.0399854

41 42 0.0364508

42 42 0.0327723

43 42 0.0289646

44 42 0.0250425

45 42 0.0210215

46 42 0.0169177

47 42 0.012747

48 42 0.00852606

49 42 0.00427146

50 42 0

0 43 0

1 43 0.00377516

2 43 0.00753543

3 43 0.011266

4 43 0.014952

5 43 0.0185791

6 43 0.0221328

7 43 0.0255992

8 43 0.0289646

9 43 0.0322156

10 43 0.0353395

11 43 0.0383239

12 43 0.0411571

13 43 0.0438279

14 43 0.0463257

15 43 0.0486407

16 43 0.0507637

17 43 0.0526863

18 43 0.0544011

19 43 0.0559011

20 43 0.0571805

21 43 0.0582343

22 43 0.0590582

23 43 0.0596491

24 43 0.0600045

25 43 0.0601232

26 43 0.0600045

27 43 0.0596491

28 43 0.0590582

29 43 0.0582343

30 43 0.0571805

31 43 0.0559011

32 43 0.0544011

33 43 0.0526863

34 43 0.0507637

35 43 0.0486407

36 43 0.0463257

37 43 0.0438279

38 43 0.0411571

39 43 0.0383239

40 43 0.0353395

41 43 0.0322156

42 43 0.0289646

43 43 0.0255992

44 43 0.0221328

45 43 0.0185791

46 43 0.014952

47 43 0.011266

48 43 0.00753543

49 43 0.00377516

50 43 0

0 44 0

1 44 0.00326397

2 44 0.00651506

3 44 0.00974043

4 44 0.0129274

5 44 0.0160633

6 44 0.0191358

7 44 0.0221328

8 44 0.0250425

9 44 0.0278533

10 44 0.0305542

11 44 0.0331345

12 44 0.035584

13 44 0.0378932

14 44 0.0400527

15 44 0.0420542

16 44 0.0438898

17 44 0.0455521

18 44 0.0470346

19 44 0.0483315

20 44 0.0494377

21 44 0.0503488

22 44 0.0510611

23 44 0.051572

24 44 0.0518793

25 44 0.0519819

26 44 0.0518793

27 44 0.051572

28 44 0.0510611

29 44 0.0503488

30 44 0.0494377

31 44 0.0483315

32 44 0.0470346

33 44 0.0455521

34 44 0.0438898

35 44 0.0420542

36 44 0.0400527

37 44 0.0378932

38 44 0.035584

39 44 0.0331345

40 44 0.0305542

41 44 0.0278533

42 44 0.0250425

43 44 0.0221328

44 44 0.0191358

45 44 0.0160633

46 44 0.0129274

47 44 0.00974043

48 44 0.00651506

49 44 0.00326397

50 44 0

0 45 0

1 45 0.00273989

2 45 0.00546897

3 45 0.00817647

4 45 0.0108517

5 45 0.0134841

6 45 0.0160633

7 45 0.0185791

8 45 0.0210215

9 45 0.0233811

10 45 0.0256483

11 45 0.0278143

12 45 0.0298705

13 45 0.0318089

14 45 0.0336217

15 45 0.0353018

16 45 0.0368426

17 45 0.038238

18 45 0.0394825

19 45 0.0405712

20 45 0.0414998

21 45 0.0422646

22 45 0.0428626

23 45 0.0432914

24 45 0.0435494

25 45 0.0436355

26 45 0.0435494

27 45 0.0432914

28 45 0.0428626

29 45 0.0422646

30 45 0.0414998

31 45 0.0405712

32 45 0.0394825

33 45 0.038238

34 45 0.0368426

35 45 0.0353018

36 45 0.0336217

37 45 0.0318089

38 45 0.0298705

39 45 0.0278143

40 45 0.0256483

41 45 0.0233811

42 45 0.0210215

43 45 0.0185791

44 45 0.0160633

45 45 0.0134841

46 45 0.0108517

47 45 0.00817647

48 45 0.00546897

49 45 0.00273989

50 45 0

0 46 0

1 46 0.002205

2 46 0.00440131

3 46 0.00658024

4 46 0.0087332

5 46 0.0108517

6 46 0.0129274

7 46 0.014952

8 46 0.0169177

9 46 0.0188165

10 46 0.0206412

11 46 0.0223843

12 46 0.0240391

13 46 0.0255991

14 46 0.027058

15 46 0.0284101

16 46 0.0296501

17 46 0.0307731

18 46 0.0317747

19 46 0.0326508

20 46 0.0333981

21 46 0.0340136

22 46 0.0344948

23 46 0.0348399

24 46 0.0350475

25 46 0.0351168

26 46 0.0350475

27 46 0.0348399

28 46 0.0344948

29 46 0.0340136

30 46 0.0333981

31 46 0.0326508

32 46 0.0317747

33 46 0.0307731

34 46 0.0296501

35 46 0.0284101

36 46 0.027058

37 46 0.0255991

38 46 0.0240391

39 46 0.0223843

40 46 0.0206412

41 46 0.0188165

42 46 0.0169177

43 46 0.014952

44 46 0.0129274

45 46 0.0108517

46 46 0.0087332

47 46 0.00658024

48 46 0.00440131

49 46 0.002205

50 46 0

0 47 0

1 47 0.00166141

2 47 0.00331627

3 47 0.00495804

4 47 0.00658024

5 47 0.00817647

6 47 0.00974043

7 47 0.011266

8 47 0.012747

9 47 0.0141778

10 47 0.0155526

11 47 0.016866

12 47 0.0181129

13 47 0.0192882

14 47 0.0203875

15 47 0.0214063

16 47 0.0223406

17 47 0.0231867

18 47 0.0239414

19 47 0.0246015

20 47 0.0251646

21 47 0.0256283

22 47 0.0259909

23 47 0.026251

24 47 0.0264074

25 47 0.0264596

26 47 0.0264074

27 47 0.026251

28 47 0.0259909

29 47 0.0256283

30 47 0.0251646

31 47 0.0246015

32 47 0.0239414

33 47 0.0231867

34 47 0.0223406

35 47 0.0214063

36 47 0.0203875

37 47 0.0192882

38 47 0.0181129

39 47 0.016866

40 47 0.0155526

41 47 0.0141778

42 47 0.012747

43 47 0.011266

44 47 0.00974043

45 47 0.00817647

46 47 0.00658024

47 47 0.00495804

48 47 0.00331627

49 47 0.00166141

50 47 0

0 48 0

1 48 0.00111126

2 48 0.00221814

3 48 0.00331627

4 48 0.00440131

5 48 0.00546897

6 48 0.00651506

7 48 0.00753543

8 48 0.00852606

9 48 0.00948305

10 48 0.0104026

11 48 0.0112811

12 48 0.0121151

13 48 0.0129013

14 48 0.0136365

15 48 0.014318

16 48 0.0149429

17 48 0.0155089

18 48 0.0160136

19 48 0.0164552

20 48 0.0168318

21 48 0.017142

22 48 0.0173845

23 48 0.0175584

24 48 0.017663

25 48 0.017698

26 48 0.017663

27 48 0.0175584

28 48 0.0173845

29 48 0.017142

30 48 0.0168318

31 48 0.0164552

32 48 0.0160136

33 48 0.0155089

34 48 0.0149429

35 48 0.014318

36 48 0.0136365

37 48 0.0129013

38 48 0.0121151

39 48 0.0112811

40 48 0.0104026

41 48 0.00948305

42 48 0.00852606

43 48 0.00753543

44 48 0.00651506

45 48 0.00546897

46 48 0.00440131

47 48 0.00331627

48 48 0.00221814

49 48 0.00111126

50 48 0

0 49 0

1 49 0.000556731

2 49 0.00111126

3 49 0.00166141

4 49 0.002205

5 49 0.00273989

6 49 0.00326397

7 49 0.00377516

8 49 0.00427146

9 49 0.0047509

10 49 0.00521159

11 49 0.00565171

12 49 0.00606952

13 49 0.00646339

14 49 0.00683174

15 49 0.00717313

16 49 0.00748622

17 49 0.00776976

18 49 0.00802263

19 49 0.00824385

20 49 0.00843253

21 49 0.00858792

22 49 0.00870943

23 49 0.00879657

24 49 0.00884899

25 49 0.00886648

26 49 0.00884899

27 49 0.00879657

28 49 0.00870943

29 49 0.00858792

30 49 0.00843253

31 49 0.00824385

32 49 0.00802263

33 49 0.00776976

