0 1 0

1 1 0.000237368

2 1 0.000473799

3 1 0.00070836

4 1 0.000940126

5 1 0.00116818

6 1 0.00139163

7 1 0.00160958

8 1 0.00182118

9 1 0.00202559

10 1 0.00222201

11 1 0.00240966

12 1 0.0025878

13 1 0.00275573

14 1 0.00291278

15 1 0.00305834

16 1 0.00319182

17 1 0.00331271

18 1 0.00342053

19 1 0.00351485

20 1 0.00359529

21 1 0.00366155

22 1 0.00371335

23 1 0.0037505

24 1 0.00377285

25 1 0.00378031

26 1 0.00377285

27 1 0.0037505

28 1 0.00371335

29 1 0.00366155

30 1 0.00359529

31 1 0.00351485

32 1 0.00342053

33 1 0.00331271

34 1 0.00319182

35 1 0.00305834

36 1 0.00291278

37 1 0.00275573

38 1 0.0025878

39 1 0.00240966

40 1 0.00222201

41 1 0.00202559

42 1 0.00182118

43 1 0.00160958

44 1 0.00139163

45 1 0.00116818

46 1 0.000940126

47 1 0.00070836

48 1 0.000473799

49 1 0.000237368

50 1 0

0 2 0

1 2 0.000473799

2 2 0.000945728

3 2 0.00141392

4 2 0.00187654

5 2 0.00233175

6 2 0.00277776

7 2 0.00321281

8 2 0.00363517

9 2 0.00404319

10 2 0.00443526

11 2 0.00480982

12 2 0.00516539

13 2 0.00550058

14 2 0.00581407

15 2 0.00610461

16 2 0.00637105

17 2 0.00661235

18 2 0.00682756

19 2 0.00701582

20 2 0.0071764

21 2 0.00730865

22 2 0.00741205

23 2 0.00748621

24 2 0.00753082

25 2 0.00754571

26 2 0.00753082

27 2 0.00748621

28 2 0.00741205

29 2 0.00730865

30 2 0.0071764

31 2 0.00701582

32 2 0.00682756

33 2 0.00661235

34 2 0.00637105

35 2 0.00610461

36 2 0.00581407

37 2 0.00550058

38 2 0.00516539

39 2 0.00480982

40 2 0.00443526

41 2 0.00404319

42 2 0.00363517

43 2 0.00321281

44 2 0.00277776

45 2 0.00233175

46 2 0.00187654

47 2 0.00141392

48 2 0.000945728

49 2 0.000473799

50 2 0

0 3 0

1 3 0.00070836

2 3 0.00141392

3 3 0.00211391

4 3 0.00280555

5 3 0.00348612

6 3 0.00415293

7 3 0.00480335

8 3 0.00543482

9 3 0.00604484

10 3 0.006631

11 3 0.00719099

12 3 0.0077226

13 3 0.00822373

14 3 0.00869241

15 3 0.00912678

16 3 0.00952514

17 3 0.0098859

18 3 0.0102076

19 3 0.0104891

20 3 0.0107292

21 3 0.0109269

22 3 0.0110815

23 3 0.0111924

24 3 0.0112591

25 3 0.0112813

26 3 0.0112591

27 3 0.0111924

28 3 0.0110815

29 3 0.0109269

30 3 0.0107292

31 3 0.0104891

32 3 0.0102076

33 3 0.0098859

34 3 0.00952514

35 3 0.00912678

36 3 0.00869241

37 3 0.00822373

38 3 0.0077226

39 3 0.00719099

40 3 0.006631

41 3 0.00604484

42 3 0.00543482

43 3 0.00480335

44 3 0.00415293

45 3 0.00348612

46 3 0.00280555

47 3 0.00211391

48 3 0.00141392

49 3 0.00070836

50 3 0

0 4 0

1 4 0.000940126

2 4 0.00187654

3 4 0.00280555

4 4 0.00372349

5 4 0.00462673

6 4 0.00551171

7 4 0.00637494

8 4 0.00721302

9 4 0.00802262

10 4 0.00880057

11 4 0.00954378

12 4 0.0102493

13 4 0.0109144

14 4 0.0115364

15 4 0.0121129

16 4 0.0126416

17 4 0.0131204

18 4 0.0135474

19 4 0.013921

20 4 0.0142396

21 4 0.014502

22 4 0.0147072

23 4 0.0148544

24 4 0.0149429

25 4 0.0149724

26 4 0.0149429

27 4 0.0148544

28 4 0.0147072

29 4 0.014502

30 4 0.0142396

31 4 0.013921

32 4 0.0135474

33 4 0.0131204

34 4 0.0126416

35 4 0.0121129

36 4 0.0115364

37 4 0.0109144

38 4 0.0102493

39 4 0.00954378

40 4 0.00880057

41 4 0.00802262

42 4 0.00721302

43 4 0.00637494

44 4 0.00551171

45 4 0.00462673

46 4 0.00372349

47 4 0.00280555

48 4 0.00187654

49 4 0.000940126

50 4 0

0 5 0

1 5 0.00116818

2 5 0.00233175

3 5 0.00348612

4 5 0.00462673

5 5 0.00574908

6 5 0.00684874

7 5 0.00792138

8 5 0.00896275

9 5 0.00996875

10 5 0.0109354

11 5 0.0118589

12 5 0.0127356

13 5 0.013562

14 5 0.014335

15 5 0.0150513

16 5 0.0157082

17 5 0.0163032

18 5 0.0168338

19 5 0.017298

20 5 0.0176939

21 5 0.0180199

22 5 0.0182749

23 5 0.0184577

24 5 0.0185677

25 5 0.0186044

26 5 0.0185677

27 5 0.0184577

28 5 0.0182749

29 5 0.0180199

30 5 0.0176939

31 5 0.017298

32 5 0.0168338

33 5 0.0163032

34 5 0.0157082

35 5 0.0150513

36 5 0.014335

37 5 0.013562

38 5 0.0127356

39 5 0.0118589

40 5 0.0109354

41 5 0.00996875

42 5 0.00896275

43 5 0.00792138

44 5 0.00684874

45 5 0.00574908

46 5 0.00462673

47 5 0.00348612

48 5 0.00233175

49 5 0.00116818

50 5 0

0 6 0

1 6 0.00139163

2 6 0.00277776

3 6 0.00415293

4 6 0.00551171

5 6 0.00684874

6 6 0.00815874

7 6 0.00943655

8 6 0.0106771

9 6 0.0118755

10 6 0.0130271

11 6 0.0141272

12 6 0.0151716

13 6 0.0161561

14 6 0.0170769

15 6 0.0179302

16 6 0.0187128

17 6 0.0194216

18 6 0.0200537

19 6 0.0206066

20 6 0.0210783

21 6 0.0214667

22 6 0.0217704

23 6 0.0219882

24 6 0.0221193

25 6 0.022163

26 6 0.0221193

27 6 0.0219882

28 6 0.0217704

29 6 0.0214667

30 6 0.0210783

31 6 0.0206066

32 6 0.0200537

33 6 0.0194216

34 6 0.0187128

35 6 0.0179302

36 6 0.0170769

37 6 0.0161561

38 6 0.0151716

39 6 0.0141272

40 6 0.0130271

41 6 0.0118755

42 6 0.0106771

43 6 0.00943655

44 6 0.00815874

45 6 0.00684874

46 6 0.00551171

47 6 0.00415293

48 6 0.00277776

49 6 0.00139163

50 6 0

0 7 0

1 7 0.00160958

2 7 0.00321281

3 7 0.00480335

4 7 0.00637494

5 7 0.00792138

6 7 0.00943655

7 7 0.0109145

8 7 0.0123493

9 7 0.0137354

10 7 0.0150674

11 7 0.0163398

12 7 0.0175478

13 7 0.0186865

14 7 0.0197514

15 7 0.0207384

16 7 0.0216436

17 7 0.0224633

18 7 0.0231944

19 7 0.023834

20 7 0.0243795

21 7 0.0248288

22 7 0.0251801

23 7 0.025432

24 7 0.0255835

25 7 0.0256341

26 7 0.0255835

27 7 0.025432

28 7 0.0251801

29 7 0.0248288

30 7 0.0243795

31 7 0.023834

32 7 0.0231944

33 7 0.0224633

34 7 0.0216436

35 7 0.0207384

36 7 0.0197514

37 7 0.0186865

38 7 0.0175478

39 7 0.0163398

40 7 0.0150674

41 7 0.0137354

42 7 0.0123493

43 7 0.0109145

44 7 0.00943655

45 7 0.00792138

46 7 0.00637494

47 7 0.00480335

48 7 0.00321281

49 7 0.00160958

50 7 0

0 8 0

1 8 0.00182118

2 8 0.00363517

3 8 0.00543482

4 8 0.00721302

5 8 0.00896275

6 8 0.0106771

7 8 0.0123493

8 8 0.0139728

9 8 0.0155412

10 8 0.0170482

11 8 0.0184879

12 8 0.0198546

13 8 0.0211431

14 8 0.022348

15 8 0.0234648

16 8 0.0244889

17 8 0.0254165

18 8 0.0262437

19 8 0.0269673

20 8 0.0275845

21 8 0.0280928

22 8 0.0284903

23 8 0.0287754

24 8 0.0289468

25 8 0.0290041

26 8 0.0289468

27 8 0.0287754

28 8 0.0284903

29 8 0.0280928

30 8 0.0275845

31 8 0.0269673

32 8 0.0262437

33 8 0.0254165

34 8 0.0244889

35 8 0.0234648

36 8 0.022348

37 8 0.0211431

38 8 0.0198546

39 8 0.0184879

40 8 0.0170482

41 8 0.0155412

42 8 0.0139728

43 8 0.0123493

44 8 0.0106771

45 8 0.00896275

46 8 0.00721302

47 8 0.00543482

48 8 0.00363517

49 8 0.00182118

50 8 0

0 9 0

1 9 0.00202559

2 9 0.00404319

3 9 0.00604484

4 9 0.00802262

5 9 0.00996875

6 9 0.0118755

7 9 0.0137354

8 9 0.0155412

9 9 0.0172855

10 9 0.0189617

11 9 0.020563

12 9 0.0220832

13 9 0.0235162

14 9 0.0248564

15 9 0.0260985

16 9 0.0272376

17 9 0.0282693

18 9 0.0291893

19 9 0.0299942

20 9 0.0306806

21 9 0.031246

22 9 0.0316881

23 9 0.0320052

24 9 0.0321959

25 9 0.0322595

26 9 0.0321959

27 9 0.0320052

28 9 0.0316881

29 9 0.031246

30 9 0.0306806

31 9 0.0299942

32 9 0.0291893

33 9 0.0282693

34 9 0.0272376

35 9 0.0260985

36 9 0.0248564

37 9 0.0235162

38 9 0.0220832

39 9 0.020563

40 9 0.0189617

41 9 0.0172855

42 9 0.0155412

43 9 0.0137354

44 9 0.0118755

45 9 0.00996875

46 9 0.00802262

47 9 0.00604484

48 9 0.00404319

49 9 0.00202559

50 9 0

0 10 0

1 10 0.00222201

2 10 0.00443526

3 10 0.006631

4 10 0.00880057

5 10 0.0109354

6 10 0.0130271

7 10 0.0150674

8 10 0.0170482

9 10 0.0189617

10 10 0.0208004

11 10 0.022557

12 10 0.0242246

13 10 0.0257965

14 10 0.0272667

15 10 0.0286293

16 10 0.0298788

17 10 0.0310105

18 10 0.0320198

19 10 0.0329027

20 10 0.0336557

21 10 0.0342759

22 10 0.0347609

23 10 0.0351087

24 10 0.0353179

25 10 0.0353877

26 10 0.0353179

27 10 0.0351087

28 10 0.0347609

29 10 0.0342759

30 10 0.0336557

31 10 0.0329027

32 10 0.0320198

33 10 0.0310105

34 10 0.0298788

35 10 0.0286293

36 10 0.0272667

37 10 0.0257965

38 10 0.0242246

39 10 0.022557

40 10 0.0208004

41 10 0.0189617

42 10 0.0170482

43 10 0.0150674

44 10 0.0130271

45 10 0.0109354

46 10 0.00880057

47 10 0.006631

48 10 0.00443526

49 10 0.00222201

50 10 0

0 11 0

1 11 0.00240966

2 11 0.00480982

3 11 0.00719099

4 11 0.00954378

5 11 0.0118589

6 11 0.0141272

7 11 0.0163398

8 11 0.0184879

9 11 0.020563

10 11 0.022557

11 11 0.0244619

12 11 0.0262703

13 11 0.0279751

14 11 0.0295694

15 11 0.031047

16 11 0.0324021

17 11 0.0336293

18 11 0.0347238

19 11 0.0356813

20 11 0.036498

21 11 0.0371706

22 11 0.0376965

23 11 0.0380736

24 11 0.0383005

25 11 0.0383762

26 11 0.0383005

27 11 0.0380736

28 11 0.0376965

29 11 0.0371706

30 11 0.036498

31 11 0.0356813

32 11 0.0347238

33 11 0.0336293

34 11 0.0324021

35 11 0.031047

36 11 0.0295694

37 11 0.0279751

38 11 0.0262703

39 11 0.0244619

40 11 0.022557

41 11 0.020563

42 11 0.0184879

43 11 0.0163398

44 11 0.0141272

45 11 0.0118589

46 11 0.00954378

47 11 0.00719099

48 11 0.00480982

49 11 0.00240966

50 11 0

0 12 0

1 12 0.0025878

2 12 0.00516539

3 12 0.0077226

4 12 0.0102493

5 12 0.0127356

6 12 0.0151716

7 12 0.0175478

8 12 0.0198546

9 12 0.0220832

10 12 0.0242246

11 12 0.0262703

12 12 0.0282124

13 12 0.0300432

14 12 0.0317554

15 12 0.0333422

16 12 0.0347975

17 12 0.0361155

18 12 0.0372909

19 12 0.0383191

20 12 0.0391962

21 12 0.0399185

22 12 0.0404833

23 12 0.0408883

24 12 0.0411319

25 12 0.0412133

26 12 0.0411319

27 12 0.0408883

28 12 0.0404833

29 12 0.0399185

30 12 0.0391962

31 12 0.0383191

32 12 0.0372909

33 12 0.0361155

34 12 0.0347975

35 12 0.0333422

36 12 0.0317554

37 12 0.0300432

38 12 0.0282124

39 12 0.0262703

40 12 0.0242246

41 12 0.0220832

42 12 0.0198546

43 12 0.0175478

44 12 0.0151716

45 12 0.0127356

46 12 0.0102493

47 12 0.0077226

48 12 0.00516539

49 12 0.0025878

50 12 0

0 13 0

1 13 0.00275573

2 13 0.00550058

3 13 0.00822373

4 13 0.0109144

5 13 0.013562

6 13 0.0161561

7 13 0.0186865

8 13 0.0211431

9 13 0.0235162

10 13 0.0257965

11 13 0.0279751

12 13 0.0300432

13 13 0.0319927

14 13 0.033816

15 13 0.0355059

16 13 0.0370556

17 13 0.0384591

18 13 0.0397108

19 13 0.0408057

20 13 0.0417397

21 13 0.0425089

22 13 0.0431103

23 13 0.0435416

24 13 0.0438011

25 13 0.0438877

26 13 0.0438011

27 13 0.0435416

28 13 0.0431103

29 13 0.0425089

30 13 0.0417397

31 13 0.0408057

32 13 0.0397108

33 13 0.0384591

34 13 0.0370556

35 13 0.0355059

36 13 0.033816

37 13 0.0319927

38 13 0.0300432

39 13 0.0279751

40 13 0.0257965

41 13 0.0235162

42 13 0.0211431

43 13 0.0186865

44 13 0.0161561

45 13 0.013562

46 13 0.0109144

47 13 0.00822373

48 13 0.00550058

49 13 0.00275573

50 13 0

0 14 0

1 14 0.00291278

2 14 0.00581407

3 14 0.00869241

4 14 0.0115364

5 14 0.014335

6 14 0.0170769

7 14 0.0197514

8 14 0.022348

9 14 0.0248564

10 14 0.0272667

11 14 0.0295694

12 14 0.0317554

13 14 0.033816

14 14 0.0357432

15 14 0.0375294

16 14 0.0391674

17 14 0.0406509

18 14 0.0419739

19 14 0.0431313

20 14 0.0441184

21 14 0.0449315

22 14 0.0455672

23 14 0.0460231

24 14 0.0462973

25 14 0.0463889

26 14 0.0462973

27 14 0.0460231

28 14 0.0455672

29 14 0.0449315

30 14 0.0441184

31 14 0.0431313

32 14 0.0419739

33 14 0.0406509

34 14 0.0391674

35 14 0.0375294

36 14 0.0357432

37 14 0.033816

38 14 0.0317554

39 14 0.0295694

40 14 0.0272667

41 14 0.0248564

42 14 0.022348

43 14 0.0197514

44 14 0.0170769

45 14 0.014335

46 14 0.0115364

47 14 0.00869241

48 14 0.00581407

49 14 0.00291278

50 14 0

0 15 0

1 15 0.00305834

2 15 0.00610461

3 15 0.00912678

4 15 0.0121129

5 15 0.0150513

6 15 0.0179302

7 15 0.0207384

8 15 0.0234648

9 15 0.0260985

10 15 0.0286293

11 15 0.031047

12 15 0.0333422

13 15 0.0355059

14 15 0.0375294

15 15 0.0394048

16 15 0.0411247

17 15 0.0426823

18 15 0.0440714

19 15 0.0452866

20 15 0.0463231

21 15 0.0471768

22 15 0.0478443

23 15 0.0483229

24 15 0.0486109

25 15 0.048707

26 15 0.0486109

27 15 0.0483229

28 15 0.0478443

29 15 0.0471768

30 15 0.0463231

31 15 0.0452866

32 15 0.0440714

33 15 0.0426823

34 15 0.0411247

35 15 0.0394048

36 15 0.0375294

37 15 0.0355059

38 15 0.0333422

39 15 0.031047

40 15 0.0286293

41 15 0.0260985

42 15 0.0234648

43 15 0.0207384

44 15 0.0179302

45 15 0.0150513

46 15 0.0121129

47 15 0.00912678

48 15 0.00610461

49 15 0.00305834

50 15 0

0 16 0

1 16 0.00319182

2 16 0.00637105

3 16 0.00952514

4 16 0.0126416

5 16 0.0157082

6 16 0.0187128

7 16 0.0216436

8 16 0.0244889

9 16 0.0272376

10 16 0.0298788

11 16 0.0324021

12 16 0.0347975

13 16 0.0370556

14 16 0.0391674

15 16 0.0411247

16 16 0.0429196

17 16 0.0445452

18 16 0.045995

19 16 0.0472632

20 16 0.048345

21 16 0.0492359

22 16 0.0499325

23 16 0.0504321

24 16 0.0507326

25 16 0.0508329

26 16 0.0507326

27 16 0.0504321

28 16 0.0499325

29 16 0.0492359

30 16 0.048345

31 16 0.0472632

32 16 0.045995

33 16 0.0445452

34 16 0.0429196

35 16 0.0411247

36 16 0.0391674

37 16 0.0370556

38 16 0.0347975

39 16 0.0324021

40 16 0.0298788

41 16 0.0272376

42 16 0.0244889

43 16 0.0216436

44 16 0.0187128

45 16 0.0157082

46 16 0.0126416

47 16 0.00952514

48 16 0.00637105

49 16 0.00319182

50 16 0

0 17 0

1 17 0.00331271

2 17 0.00661235

3 17 0.0098859

4 17 0.0131204

5 17 0.0163032

6 17 0.0194216

7 17 0.0224633

8 17 0.0254165

9 17 0.0282693

10 17 0.0310105

11 17 0.0336293

12 17 0.0361155

13 17 0.0384591

14 17 0.0406509

15 17 0.0426823

16 17 0.0445452

17 17 0.0462324

18 17 0.047737

19 17 0.0490533

20 17 0.050176

21 17 0.0511007

22 17 0.0518237

23 17 0.0523422

24 17 0.0526541

25 17 0.0527582

26 17 0.0526541

27 17 0.0523422

28 17 0.0518237

29 17 0.0511007

30 17 0.050176

31 17 0.0490533

32 17 0.047737

33 17 0.0462324

34 17 0.0445452

35 17 0.0426823

36 17 0.0406509

37 17 0.0384591

38 17 0.0361155

39 17 0.0336293

40 17 0.0310105

41 17 0.0282693

42 17 0.0254165

43 17 0.0224633

44 17 0.0194216

45 17 0.0163032

46 17 0.0131204

47 17 0.0098859

48 17 0.00661235

49 17 0.00331271

50 17 0

0 18 0

1 18 0.00342053

2 18 0.00682756

3 18 0.0102076

4 18 0.0135474

5 18 0.0168338

6 18 0.0200537

7 18 0.0231944

8 18 0.0262437

9 18 0.0291893

10 18 0.0320198

11 18 0.0347238

12 18 0.0372909

13 18 0.0397108

14 18 0.0419739

15 18 0.0440714

16 18 0.045995

17 18 0.047737

18 18 0.0492907

19 18 0.0506498

20 18 0.0518091

21 18 0.0527638

22 18 0.0535104

23 18 0.0540457

24 18 0.0543678

25 18 0.0544753

26 18 0.0543678

27 18 0.0540457

28 18 0.0535104

29 18 0.0527638

30 18 0.0518091

31 18 0.0506498

32 18 0.0492907

33 18 0.047737

34 18 0.045995

35 18 0.0440714

36 18 0.0419739

37 18 0.0397108

38 18 0.0372909

39 18 0.0347238

40 18 0.0320198

41 18 0.0291893

42 18 0.0262437

43 18 0.0231944

44 18 0.0200537

45 18 0.0168338

46 18 0.0135474

47 18 0.0102076

48 18 0.00682756

49 18 0.00342053

50 18 0

0 19 0

1 19 0.00351485

2 19 0.00701582

3 19 0.0104891

4 19 0.013921

5 19 0.017298

6 19 0.0206066

7 19 0.023834

8 19 0.0269673

9 19 0.0299942

10 19 0.0329027

11 19 0.0356813

12 19 0.0383191

13 19 0.0408057

14 19 0.0431313

15 19 0.0452866

16 19 0.0472632

17 19 0.0490533

18 19 0.0506498

19 19 0.0520464

20 19 0.0532376

21 19 0.0542187

22 19 0.0549858

23 19 0.055536

24 19 0.0558669

25 19 0.0559774

26 19 0.0558669

27 19 0.055536

28 19 0.0549858

29 19 0.0542187

30 19 0.0532376

31 19 0.0520464

32 19 0.0506498

33 19 0.0490533

34 19 0.0472632

35 19 0.0452866

36 19 0.0431313

37 19 0.0408057

38 19 0.0383191

39 19 0.0356813

40 19 0.0329027

41 19 0.0299942

42 19 0.0269673

43 19 0.023834

44 19 0.0206066

45 19 0.017298

46 19 0.013921

47 19 0.0104891

48 19 0.00701582

49 19 0.00351485

50 19 0

0 20 0

1 20 0.00359529

2 20 0.0071764

3 20 0.0107292

4 20 0.0142396

5 20 0.0176939

6 20 0.0210783

7 20 0.0243795

8 20 0.0275845

9 20 0.0306806

10 20 0.0336557

11 20 0.036498

12 20 0.0391962

13 20 0.0417397

14 20 0.0441184

15 20 0.0463231

16 20 0.048345

17 20 0.050176

18 20 0.0518091

19 20 0.0532376

20 20 0.0544561

21 20 0.0554596

22 20 0.0562443

23 20 0.056807

24 20 0.0571455

25 20 0.0572585

26 20 0.0571455

27 20 0.056807

28 20 0.0562443

29 20 0.0554596

30 20 0.0544561

31 20 0.0532376

32 20 0.0518091

33 20 0.050176

34 20 0.048345

35 20 0.0463231

36 20 0.0441184

37 20 0.0417397

38 20 0.0391962

39 20 0.036498

40 20 0.0336557

41 20 0.0306806

42 20 0.0275845

43 20 0.0243795

44 20 0.0210783

45 20 0.0176939

46 20 0.0142396

47 20 0.0107292

48 20 0.0071764

49 20 0.00359529

50 20 0

0 21 0

1 21 0.00366155

2 21 0.00730865

3 21 0.0109269

4 21 0.014502

5 21 0.0180199

6 21 0.0214667

7 21 0.0248288

8 21 0.0280928

9 21 0.031246

10 21 0.0342759

11 21 0.0371706

12 21 0.0399185

13 21 0.0425089

14 21 0.0449315

15 21 0.0471768

16 21 0.0492359

17 21 0.0511007

18 21 0.0527638

19 21 0.0542187

20 21 0.0554596

21 21 0.0564817

22 21 0.0572808

23 21 0.0578539

24 21 0.0581986

25 21 0.0583137

26 21 0.0581986

27 21 0.0578539

28 21 0.0572808

29 21 0.0564817

30 21 0.0554596

31 21 0.0542187

32 21 0.0527638

33 21 0.0511007

34 21 0.0492359

35 21 0.0471768

36 21 0.0449315

37 21 0.0425089

38 21 0.0399185

39 21 0.0371706

40 21 0.0342759

41 21 0.031246

42 21 0.0280928

43 21 0.0248288

44 21 0.0214667

45 21 0.0180199

46 21 0.014502

47 21 0.0109269

48 21 0.00730865

49 21 0.00366155

50 21 0

0 22 0

1 22 0.00371335

2 22 0.00741205

3 22 0.0110815

4 22 0.0147072

5 22 0.0182749

6 22 0.0217704

7 22 0.0251801

8 22 0.0284903

9 22 0.0316881

10 22 0.0347609

11 22 0.0376965

12 22 0.0404833

13 22 0.0431103

14 22 0.0455672

15 22 0.0478443

16 22 0.0499325

17 22 0.0518237

18 22 0.0535104

19 22 0.0549858

20 22 0.0562443

21 22 0.0572808

22 22 0.0580913

23 22 0.0586724

24 22 0.0590221

25 22 0.0591388

26 22 0.0590221

27 22 0.0586724

28 22 0.0580913

29 22 0.0572808

30 22 0.0562443

31 22 0.0549858

32 22 0.0535104

33 22 0.0518237

34 22 0.0499325

35 22 0.0478443

36 22 0.0455672

37 22 0.0431103

38 22 0.0404833

39 22 0.0376965

40 22 0.0347609

41 22 0.0316881

42 22 0.0284903

43 22 0.0251801

44 22 0.0217704

45 22 0.0182749

46 22 0.0147072

47 22 0.0110815

48 22 0.00741205

49 22 0.00371335

50 22 0

0 23 0

1 23 0.0037505

2 23 0.00748621

3 23 0.0111924

4 23 0.0148544

5 23 0.0184577

6 23 0.0219882

7 23 0.025432

8 23 0.0287754

9 23 0.0320052

10 23 0.0351087

11 23 0.0380736

12 23 0.0408883

13 23 0.0435416

14 23 0.0460231

15 23 0.0483229

16 23 0.0504321

17 23 0.0523422

18 23 0.0540457

19 23 0.055536

20 23 0.056807

21 23 0.0578539

22 23 0.0586724

23 23 0.0592594

24 23 0.0596126

25 23 0.0597304

26 23 0.0596126

27 23 0.0592594

28 23 0.0586724

29 23 0.0578539

30 23 0.056807

31 23 0.055536

32 23 0.0540457

33 23 0.0523422

34 23 0.0504321

35 23 0.0483229

36 23 0.0460231

37 23 0.0435416

38 23 0.0408883

39 23 0.0380736

40 23 0.0351087

41 23 0.0320052

42 23 0.0287754

43 23 0.025432

44 23 0.0219882

45 23 0.0184577

46 23 0.0148544

47 23 0.0111924

48 23 0.00748621

49 23 0.0037505

50 23 0

0 24 0

1 24 0.00377285

2 24 0.00753082

3 24 0.0112591

4 24 0.0149429

5 24 0.0185677

6 24 0.0221193

7 24 0.0255835

8 24 0.0289468

9 24 0.0321959

10 24 0.0353179

11 24 0.0383005

12 24 0.0411319

13 24 0.0438011

14 24 0.0462973

15 24 0.0486109

16 24 0.0507326

17 24 0.0526541

18 24 0.0543678

19 24 0.0558669

20 24 0.0571455

21 24 0.0581986

22 24 0.0590221

23 24 0.0596126

24 24 0.0599678

25 24 0.0600864

26 24 0.0599678

27 24 0.0596126

28 24 0.0590221

29 24 0.0581986

30 24 0.0571455

31 24 0.0558669

32 24 0.0543678

33 24 0.0526541

34 24 0.0507326

35 24 0.0486109

36 24 0.0462973

37 24 0.0438011

38 24 0.0411319

39 24 0.0383005

40 24 0.0353179

41 24 0.0321959

42 24 0.0289468

43 24 0.0255835

44 24 0.0221193

45 24 0.0185677

46 24 0.0149429

47 24 0.0112591

48 24 0.00753082

49 24 0.00377285

50 24 0

0 25 0

1 25 0.00378031

2 25 0.00754571

3 25 0.0112813

4 25 0.0149724

5 25 0.0186044

6 25 0.022163

7 25 0.0256341

8 25 0.0290041

9 25 0.0322595

10 25 0.0353877

11 25 0.0383762

12 25 0.0412133

13 25 0.0438877

14 25 0.0463889

15 25 0.048707

16 25 0.0508329

17 25 0.0527582

18 25 0.0544753

19 25 0.0559774

20 25 0.0572585

21 25 0.0583137

22 25 0.0591388

23 25 0.0597304

24 25 0.0600864

25 25 0.0602052

26 25 0.0600864

27 25 0.0597304

28 25 0.0591388

29 25 0.0583137

30 25 0.0572585

31 25 0.0559774

32 25 0.0544753

33 25 0.0527582

34 25 0.0508329

35 25 0.048707

36 25 0.0463889

37 25 0.0438877

38 25 0.0412133

39 25 0.0383762

40 25 0.0353877

41 25 0.0322595

42 25 0.0290041

43 25 0.0256341

44 25 0.022163

45 25 0.0186044

46 25 0.0149724

47 25 0.0112813

48 25 0.00754571

49 25 0.00378031

50 25 0

0 26 0

1 26 0.00377285

2 26 0.00753082

3 26 0.0112591

4 26 0.0149429

5 26 0.0185677

6 26 0.0221193

7 26 0.0255835

8 26 0.0289468

9 26 0.0321959

10 26 0.0353179

11 26 0.0383005

12 26 0.0411319

13 26 0.0438011

14 26 0.0462973

15 26 0.0486109

16 26 0.0507326

17 26 0.0526541

18 26 0.0543678

19 26 0.0558669

20 26 0.0571455

21 26 0.0581986

22 26 0.0590221

23 26 0.0596126

24 26 0.0599678

25 26 0.0600864

26 26 0.0599678

27 26 0.0596126

28 26 0.0590221

29 26 0.0581986

30 26 0.0571455

31 26 0.0558669

32 26 0.0543678

33 26 0.0526541

34 26 0.0507326

35 26 0.0486109

36 26 0.0462973

37 26 0.0438011

38 26 0.0411319

39 26 0.0383005

40 26 0.0353179

41 26 0.0321959

42 26 0.0289468

43 26 0.0255835

44 26 0.0221193

45 26 0.0185677

46 26 0.0149429

47 26 0.0112591

48 26 0.00753082

49 26 0.00377285

50 26 0

0 27 0

1 27 0.0037505

2 27 0.00748621

3 27 0.0111924

4 27 0.0148544

5 27 0.0184577

6 27 0.0219882

7 27 0.025432

8 27 0.0287754

9 27 0.0320052

10 27 0.0351087

11 27 0.0380736

12 27 0.0408883

13 27 0.0435416

14 27 0.0460231

15 27 0.0483229

16 27 0.0504321

17 27 0.0523422

18 27 0.0540457

19 27 0.055536

20 27 0.056807

21 27 0.0578539

22 27 0.0586724

23 27 0.0592594

24 27 0.0596126

25 27 0.0597304

26 27 0.0596126

27 27 0.0592594

28 27 0.0586724

29 27 0.0578539

30 27 0.056807

31 27 0.055536

32 27 0.0540457

33 27 0.0523422

34 27 0.0504321

35 27 0.0483229

36 27 0.0460231

37 27 0.0435416

38 27 0.0408883

39 27 0.0380736

40 27 0.0351087

41 27 0.0320052

42 27 0.0287754

43 27 0.025432

44 27 0.0219882

45 27 0.0184577

46 27 0.0148544

47 27 0.0111924

48 27 0.00748621

49 27 0.0037505

50 27 0

0 28 0

1 28 0.00371335

2 28 0.00741205

3 28 0.0110815

4 28 0.0147072

5 28 0.0182749

6 28 0.0217704

7 28 0.0251801

8 28 0.0284903

9 28 0.0316881

10 28 0.0347609

11 28 0.0376965

12 28 0.0404833

13 28 0.0431103

14 28 0.0455672

15 28 0.0478443

16 28 0.0499325

17 28 0.0518237

18 28 0.0535104

19 28 0.0549858

20 28 0.0562443

21 28 0.0572808

22 28 0.0580913

23 28 0.0586724

24 28 0.0590221

25 28 0.0591388

26 28 0.0590221

27 28 0.0586724

28 28 0.0580913

29 28 0.0572808

30 28 0.0562443

31 28 0.0549858

32 28 0.0535104

33 28 0.0518237

34 28 0.0499325

35 28 0.0478443

36 28 0.0455672

37 28 0.0431103

38 28 0.0404833

39 28 0.0376965

40 28 0.0347609

41 28 0.0316881

42 28 0.0284903

43 28 0.0251801

44 28 0.0217704

45 28 0.0182749

46 28 0.0147072

47 28 0.0110815

48 28 0.00741205

49 28 0.00371335

50 28 0

0 29 0

1 29 0.00366155

2 29 0.00730865

3 29 0.0109269

4 29 0.014502

5 29 0.0180199

6 29 0.0214667

7 29 0.0248288

8 29 0.0280928

9 29 0.031246

10 29 0.0342759

11 29 0.0371706

12 29 0.0399185

13 29 0.0425089

14 29 0.0449315

15 29 0.0471768

16 29 0.0492359

17 29 0.0511007

18 29 0.0527638

19 29 0.0542187

20 29 0.0554596

21 29 0.0564817

22 29 0.0572808

23 29 0.0578539

24 29 0.0581986

25 29 0.0583137

26 29 0.0581986

27 29 0.0578539

28 29 0.0572808

29 29 0.0564817

30 29 0.0554596

31 29 0.0542187

32 29 0.0527638

33 29 0.0511007

34 29 0.0492359

35 29 0.0471768

36 29 0.0449315

37 29 0.0425089

38 29 0.0399185

39 29 0.0371706

40 29 0.0342759

41 29 0.031246

42 29 0.0280928

43 29 0.0248288

44 29 0.0214667

45 29 0.0180199

46 29 0.014502

47 29 0.0109269

48 29 0.00730865

49 29 0.00366155

50 29 0

0 30 0

1 30 0.00359529

2 30 0.0071764

3 30 0.0107292

4 30 0.0142396

5 30 0.0176939

6 30 0.0210783

7 30 0.0243795

8 30 0.0275845

9 30 0.0306806

10 30 0.0336557

11 30 0.036498

12 30 0.0391962

13 30 0.0417397

14 30 0.0441184

15 30 0.0463231

16 30 0.048345

17 30 0.050176

18 30 0.0518091

19 30 0.0532376

20 30 0.0544561

21 30 0.0554596

22 30 0.0562443

23 30 0.056807

24 30 0.0571455

25 30 0.0572585

26 30 0.0571455

27 30 0.056807

28 30 0.0562443

29 30 0.0554596

30 30 0.0544561

31 30 0.0532376

32 30 0.0518091

33 30 0.050176

34 30 0.048345

35 30 0.0463231

36 30 0.0441184

37 30 0.0417397

38 30 0.0391962

39 30 0.036498

40 30 0.0336557

41 30 0.0306806

42 30 0.0275845

43 30 0.0243795

44 30 0.0210783

45 30 0.0176939

46 30 0.0142396

47 30 0.0107292

48 30 0.0071764

49 30 0.00359529

50 30 0

0 31 0

1 31 0.00351485

2 31 0.00701582

3 31 0.0104891

4 31 0.013921

5 31 0.017298

6 31 0.0206066

7 31 0.023834

8 31 0.0269673

9 31 0.0299942

10 31 0.0329027

11 31 0.0356813

12 31 0.0383191

13 31 0.0408057

14 31 0.0431313

15 31 0.0452866

16 31 0.0472632

17 31 0.0490533

18 31 0.0506498

19 31 0.0520464

20 31 0.0532376

21 31 0.0542187

22 31 0.0549858

23 31 0.055536

24 31 0.0558669

25 31 0.0559774

26 31 0.0558669

27 31 0.055536

28 31 0.0549858

29 31 0.0542187

30 31 0.0532376

31 31 0.0520464

32 31 0.0506498

33 31 0.0490533

34 31 0.0472632

35 31 0.0452866

36 31 0.0431313

37 31 0.0408057

38 31 0.0383191

39 31 0.0356813

40 31 0.0329027

41 31 0.0299942

42 31 0.0269673

43 31 0.023834

44 31 0.0206066

45 31 0.017298

46 31 0.013921

47 31 0.0104891

48 31 0.00701582

49 31 0.00351485

50 31 0

0 32 0

1 32 0.00342053

2 32 0.00682756

3 32 0.0102076

4 32 0.0135474

5 32 0.0168338

6 32 0.0200537

7 32 0.0231944

8 32 0.0262437

9 32 0.0291893

10 32 0.0320198

11 32 0.0347238

12 32 0.0372909

13 32 0.0397108

14 32 0.0419739

15 32 0.0440714

16 32 0.045995

17 32 0.047737

18 32 0.0492907

19 32 0.0506498

20 32 0.0518091

21 32 0.0527638

22 32 0.0535104

23 32 0.0540457

24 32 0.0543678

25 32 0.0544753

26 32 0.0543678

27 32 0.0540457

28 32 0.0535104

29 32 0.0527638

30 32 0.0518091

31 32 0.0506498

32 32 0.0492907

33 32 0.047737

34 32 0.045995

35 32 0.0440714

36 32 0.0419739

37 32 0.0397108

38 32 0.0372909

39 32 0.0347238

40 32 0.0320198

41 32 0.0291893

42 32 0.0262437

43 32 0.0231944

44 32 0.0200537

45 32 0.0168338

46 32 0.0135474

47 32 0.0102076

48 32 0.00682756

49 32 0.00342053

50 32 0

0 33 0

1 33 0.00331271

2 33 0.00661235

3 33 0.0098859

4 33 0.0131204

5 33 0.0163032

6 33 0.0194216

7 33 0.0224633

8 33 0.0254165

9 33 0.0282693

10 33 0.0310105

11 33 0.0336293

12 33 0.0361155

13 33 0.0384591

14 33 0.0406509

15 33 0.0426823

16 33 0.0445452

17 33 0.0462324

18 33 0.047737

19 33 0.0490533

20 33 0.050176

21 33 0.0511007

22 33 0.0518237

23 33 0.0523422

24 33 0.0526541

25 33 0.0527582

26 33 0.0526541

27 33 0.0523422

28 33 0.0518237

29 33 0.0511007

30 33 0.050176

31 33 0.0490533

32 33 0.047737

33 33 0.0462324

34 33 0.0445452

35 33 0.0426823

36 33 0.0406509

37 33 0.0384591

38 33 0.0361155

39 33 0.0336293

40 33 0.0310105

41 33 0.0282693

42 33 0.0254165

43 33 0.0224633

44 33 0.0194216

45 33 0.0163032

46 33 0.0131204

47 33 0.0098859

48 33 0.00661235

49 33 0.00331271

50 33 0

0 34 0

1 34 0.00319182

2 34 0.00637105

3 34 0.00952514

4 34 0.0126416

5 34 0.0157082

6 34 0.0187128

7 34 0.0216436

8 34 0.0244889

9 34 0.0272376

10 34 0.0298788

11 34 0.0324021

12 34 0.0347975

13 34 0.0370556

14 34 0.0391674

15 34 0.0411247

16 34 0.0429196

17 34 0.0445452

18 34 0.045995

19 34 0.0472632

20 34 0.048345

21 34 0.0492359

22 34 0.0499325

23 34 0.0504321

24 34 0.0507326

25 34 0.0508329

26 34 0.0507326

27 34 0.0504321

28 34 0.0499325

29 34 0.0492359

30 34 0.048345

31 34 0.0472632

32 34 0.045995

33 34 0.0445452

34 34 0.0429196

35 34 0.0411247

36 34 0.0391674

37 34 0.0370556

38 34 0.0347975

39 34 0.0324021

40 34 0.0298788

41 34 0.0272376

42 34 0.0244889

43 34 0.0216436

44 34 0.0187128

45 34 0.0157082

46 34 0.0126416

47 34 0.00952514

48 34 0.00637105

49 34 0.00319182

50 34 0

0 35 0

1 35 0.00305834

2 35 0.00610461

3 35 0.00912678

4 35 0.0121129

5 35 0.0150513

6 35 0.0179302

7 35 0.0207384

8 35 0.0234648

9 35 0.0260985

10 35 0.0286293

11 35 0.031047

12 35 0.0333422

13 35 0.0355059

14 35 0.0375294

15 35 0.0394048

16 35 0.0411247

17 35 0.0426823

18 35 0.0440714

19 35 0.0452866

20 35 0.0463231

21 35 0.0471768

22 35 0.0478443

23 35 0.0483229

24 35 0.0486109

25 35 0.048707

26 35 0.0486109

27 35 0.0483229

28 35 0.0478443

29 35 0.0471768

30 35 0.0463231

31 35 0.0452866

32 35 0.0440714

33 35 0.0426823

34 35 0.0411247

35 35 0.0394048

36 35 0.0375294

37 35 0.0355059

38 35 0.0333422

39 35 0.031047

40 35 0.0286293

41 35 0.0260985

42 35 0.0234648

43 35 0.0207384

44 35 0.0179302

45 35 0.0150513

46 35 0.0121129

47 35 0.00912678

48 35 0.00610461

49 35 0.00305834

50 35 0

0 36 0

1 36 0.00291278

2 36 0.00581407

3 36 0.00869241

4 36 0.0115364

5 36 0.014335

6 36 0.0170769

7 36 0.0197514

8 36 0.022348

9 36 0.0248564

10 36 0.0272667

11 36 0.0295694

12 36 0.0317554

13 36 0.033816

14 36 0.0357432

15 36 0.0375294

16 36 0.0391674

17 36 0.0406509

18 36 0.0419739

19 36 0.0431313

20 36 0.0441184

21 36 0.0449315

22 36 0.0455672

23 36 0.0460231

24 36 0.0462973

25 36 0.0463889

26 36 0.0462973

27 36 0.0460231

28 36 0.0455672

29 36 0.0449315

30 36 0.0441184

31 36 0.0431313

32 36 0.0419739

33 36 0.0406509

34 36 0.0391674

35 36 0.0375294

36 36 0.0357432

37 36 0.033816

38 36 0.0317554

39 36 0.0295694

40 36 0.0272667

41 36 0.0248564

42 36 0.022348

43 36 0.0197514

44 36 0.0170769

45 36 0.014335

46 36 0.0115364

47 36 0.00869241

48 36 0.00581407

49 36 0.00291278

50 36 0

0 37 0

1 37 0.00275573

2 37 0.00550058

3 37 0.00822373

4 37 0.0109144

5 37 0.013562

6 37 0.0161561

7 37 0.0186865

8 37 0.0211431

9 37 0.0235162

10 37 0.0257965

11 37 0.0279751

12 37 0.0300432

13 37 0.0319927

14 37 0.033816

15 37 0.0355059

16 37 0.0370556

17 37 0.0384591

18 37 0.0397108

19 37 0.0408057

20 37 0.0417397

21 37 0.0425089

22 37 0.0431103

23 37 0.0435416

24 37 0.0438011

25 37 0.0438877

26 37 0.0438011

27 37 0.0435416

28 37 0.0431103

29 37 0.0425089

30 37 0.0417397

31 37 0.0408057

32 37 0.0397108

33 37 0.0384591

34 37 0.0370556

35 37 0.0355059

36 37 0.033816

37 37 0.0319927

38 37 0.0300432

39 37 0.0279751

40 37 0.0257965

41 37 0.0235162

42 37 0.0211431

43 37 0.0186865

44 37 0.0161561

45 37 0.013562

46 37 0.0109144

47 37 0.00822373

48 37 0.00550058

49 37 0.00275573

50 37 0

0 38 0

1 38 0.0025878

2 38 0.00516539

3 38 0.0077226

4 38 0.0102493

5 38 0.0127356

6 38 0.0151716

7 38 0.0175478

8 38 0.0198546

9 38 0.0220832

10 38 0.0242246

11 38 0.0262703

12 38 0.0282124

13 38 0.0300432

14 38 0.0317554

15 38 0.0333422

16 38 0.0347975

17 38 0.0361155

18 38 0.0372909

19 38 0.0383191

20 38 0.0391962

21 38 0.0399185

22 38 0.0404833

23 38 0.0408883

24 38 0.0411319

25 38 0.0412133

26 38 0.0411319

27 38 0.0408883

28 38 0.0404833

29 38 0.0399185

30 38 0.0391962

31 38 0.0383191

32 38 0.0372909

33 38 0.0361155

34 38 0.0347975

35 38 0.0333422

36 38 0.0317554

37 38 0.0300432

38 38 0.0282124

39 38 0.0262703

40 38 0.0242246

41 38 0.0220832

42 38 0.0198546

43 38 0.0175478

44 38 0.0151716

45 38 0.0127356

46 38 0.0102493

47 38 0.0077226

48 38 0.00516539

49 38 0.0025878

50 38 0

0 39 0

1 39 0.00240966

2 39 0.00480982

3 39 0.00719099

4 39 0.00954378

5 39 0.0118589

6 39 0.0141272

7 39 0.0163398

8 39 0.0184879

9 39 0.020563

10 39 0.022557

11 39 0.0244619

12 39 0.0262703

13 39 0.0279751

14 39 0.0295694

15 39 0.031047

16 39 0.0324021

17 39 0.0336293

18 39 0.0347238

19 39 0.0356813

20 39 0.036498

21 39 0.0371706

22 39 0.0376965

23 39 0.0380736

24 39 0.0383005

25 39 0.0383762

26 39 0.0383005

27 39 0.0380736

28 39 0.0376965

29 39 0.0371706

30 39 0.036498

31 39 0.0356813

32 39 0.0347238

33 39 0.0336293

34 39 0.0324021

35 39 0.031047

36 39 0.0295694

37 39 0.0279751

38 39 0.0262703

39 39 0.0244619

40 39 0.022557

41 39 0.020563

42 39 0.0184879

43 39 0.0163398

44 39 0.0141272

45 39 0.0118589

46 39 0.00954378

47 39 0.00719099

48 39 0.00480982

49 39 0.00240966

50 39 0

0 40 0

1 40 0.00222201

2 40 0.00443526

3 40 0.006631

4 40 0.00880057

5 40 0.0109354

6 40 0.0130271

7 40 0.0150674

8 40 0.0170482

9 40 0.0189617

10 40 0.0208004

11 40 0.022557

12 40 0.0242246

13 40 0.0257965

14 40 0.0272667

15 40 0.0286293

16 40 0.0298788

17 40 0.0310105

18 40 0.0320198

19 40 0.0329027

20 40 0.0336557

21 40 0.0342759

22 40 0.0347609

23 40 0.0351087

24 40 0.0353179

25 40 0.0353877

26 40 0.0353179

27 40 0.0351087

28 40 0.0347609

29 40 0.0342759

30 40 0.0336557

31 40 0.0329027

32 40 0.0320198

33 40 0.0310105

34 40 0.0298788

35 40 0.0286293

36 40 0.0272667

37 40 0.0257965

38 40 0.0242246

39 40 0.022557

40 40 0.0208004

41 40 0.0189617

42 40 0.0170482

43 40 0.0150674

44 40 0.0130271

45 40 0.0109354

46 40 0.00880057

47 40 0.006631

48 40 0.00443526

49 40 0.00222201

50 40 0

0 41 0

1 41 0.00202559

2 41 0.00404319

3 41 0.00604484

4 41 0.00802262

5 41 0.00996875

6 41 0.0118755

7 41 0.0137354

8 41 0.0155412

9 41 0.0172855

10 41 0.0189617

11 41 0.020563

12 41 0.0220832

13 41 0.0235162

14 41 0.0248564

15 41 0.0260985

16 41 0.0272376

17 41 0.0282693

18 41 0.0291893

19 41 0.0299942

20 41 0.0306806

21 41 0.031246

22 41 0.0316881

23 41 0.0320052

24 41 0.0321959

25 41 0.0322595

26 41 0.0321959

27 41 0.0320052

28 41 0.0316881

29 41 0.031246

30 41 0.0306806

31 41 0.0299942

32 41 0.0291893

33 41 0.0282693

34 41 0.0272376

35 41 0.0260985

36 41 0.0248564

37 41 0.0235162

38 41 0.0220832

39 41 0.020563

40 41 0.0189617

41 41 0.0172855

42 41 0.0155412

43 41 0.0137354

44 41 0.0118755

45 41 0.00996875

46 41 0.00802262

47 41 0.00604484

48 41 0.00404319

49 41 0.00202559

50 41 0

0 42 0

1 42 0.00182118

2 42 0.00363517

3 42 0.00543482

4 42 0.00721302

5 42 0.00896275

6 42 0.0106771

7 42 0.0123493

8 42 0.0139728

9 42 0.0155412

10 42 0.0170482

11 42 0.0184879

12 42 0.0198546

13 42 0.0211431

14 42 0.022348

15 42 0.0234648

16 42 0.0244889

17 42 0.0254165

18 42 0.0262437

19 42 0.0269673

20 42 0.0275845

21 42 0.0280928

22 42 0.0284903

23 42 0.0287754

24 42 0.0289468

25 42 0.0290041

26 42 0.0289468

27 42 0.0287754

28 42 0.0284903

29 42 0.0280928

30 42 0.0275845

31 42 0.0269673

32 42 0.0262437

33 42 0.0254165

34 42 0.0244889

35 42 0.0234648

36 42 0.022348

37 42 0.0211431

38 42 0.0198546

39 42 0.0184879

40 42 0.0170482

41 42 0.0155412

42 42 0.0139728

43 42 0.0123493

44 42 0.0106771

45 42 0.00896275

46 42 0.00721302

47 42 0.00543482

48 42 0.00363517

49 42 0.00182118

50 42 0

0 43 0

1 43 0.00160958

2 43 0.00321281

3 43 0.00480335

4 43 0.00637494

5 43 0.00792138

6 43 0.00943655

7 43 0.0109145

8 43 0.0123493

9 43 0.0137354

10 43 0.0150674

11 43 0.0163398

12 43 0.0175478

13 43 0.0186865

14 43 0.0197514

15 43 0.0207384

16 43 0.0216436

17 43 0.0224633

18 43 0.0231944

19 43 0.023834

20 43 0.0243795

21 43 0.0248288

22 43 0.0251801

23 43 0.025432

24 43 0.0255835

25 43 0.0256341

26 43 0.0255835

27 43 0.025432

28 43 0.0251801

29 43 0.0248288

30 43 0.0243795

31 43 0.023834

32 43 0.0231944

33 43 0.0224633

34 43 0.0216436

35 43 0.0207384

36 43 0.0197514

37 43 0.0186865

38 43 0.0175478

39 43 0.0163398

40 43 0.0150674

41 43 0.0137354

42 43 0.0123493

43 43 0.0109145

44 43 0.00943655

45 43 0.00792138

46 43 0.00637494

47 43 0.00480335

48 43 0.00321281

49 43 0.00160958

50 43 0

0 44 0

1 44 0.00139163

2 44 0.00277776

3 44 0.00415293

4 44 0.00551171

5 44 0.00684874

6 44 0.00815874

7 44 0.00943655

8 44 0.0106771

9 44 0.0118755

10 44 0.0130271

11 44 0.0141272

12 44 0.0151716

13 44 0.0161561

14 44 0.0170769

15 44 0.0179302

16 44 0.0187128

17 44 0.0194216

18 44 0.0200537

19 44 0.0206066

20 44 0.0210783

21 44 0.0214667

22 44 0.0217704

23 44 0.0219882

24 44 0.0221193

25 44 0.022163

26 44 0.0221193

27 44 0.0219882

28 44 0.0217704

29 44 0.0214667

30 44 0.0210783

31 44 0.0206066

32 44 0.0200537

33 44 0.0194216

34 44 0.0187128

35 44 0.0179302

36 44 0.0170769

37 44 0.0161561

38 44 0.0151716

39 44 0.0141272

40 44 0.0130271

41 44 0.0118755

42 44 0.0106771

43 44 0.00943655

44 44 0.00815874

45 44 0.00684874

46 44 0.00551171

47 44 0.00415293

48 44 0.00277776

49 44 0.00139163

50 44 0

0 45 0

1 45 0.00116818

2 45 0.00233175

3 45 0.00348612

4 45 0.00462673

5 45 0.00574908

6 45 0.00684874

7 45 0.00792138

8 45 0.00896275

9 45 0.00996875

10 45 0.0109354

11 45 0.0118589

12 45 0.0127356

13 45 0.013562

14 45 0.014335

15 45 0.0150513

16 45 0.0157082

17 45 0.0163032

18 45 0.0168338

19 45 0.017298

20 45 0.0176939

21 45 0.0180199

22 45 0.0182749

23 45 0.0184577

24 45 0.0185677

25 45 0.0186044

26 45 0.0185677

27 45 0.0184577

28 45 0.0182749

29 45 0.0180199

30 45 0.0176939

31 45 0.017298

32 45 0.0168338

33 45 0.0163032

34 45 0.0157082

35 45 0.0150513

36 45 0.014335

37 45 0.013562

38 45 0.0127356

39 45 0.0118589

40 45 0.0109354

41 45 0.00996875

42 45 0.00896275

43 45 0.00792138

44 45 0.00684874

45 45 0.00574908

46 45 0.00462673

47 45 0.00348612

48 45 0.00233175

49 45 0.00116818

50 45 0

0 46 0

1 46 0.000940126

2 46 0.00187654

3 46 0.00280555

4 46 0.00372349

5 46 0.00462673

6 46 0.00551171

7 46 0.00637494

8 46 0.00721302

9 46 0.00802262

10 46 0.00880057

11 46 0.00954378

12 46 0.0102493

13 46 0.0109144

14 46 0.0115364

15 46 0.0121129

16 46 0.0126416

17 46 0.0131204

18 46 0.0135474

19 46 0.013921

20 46 0.0142396

21 46 0.014502

22 46 0.0147072

23 46 0.0148544

24 46 0.0149429

25 46 0.0149724

26 46 0.0149429

27 46 0.0148544

28 46 0.0147072

29 46 0.014502

30 46 0.0142396

31 46 0.013921

32 46 0.0135474

33 46 0.0131204

34 46 0.0126416

35 46 0.0121129

36 46 0.0115364

37 46 0.0109144

38 46 0.0102493

39 46 0.00954378

40 46 0.00880057

41 46 0.00802262

42 46 0.00721302

43 46 0.00637494

44 46 0.00551171

45 46 0.00462673

46 46 0.00372349

47 46 0.00280555

48 46 0.00187654

49 46 0.000940126

50 46 0

0 47 0

1 47 0.00070836

2 47 0.00141392

3 47 0.00211391

4 47 0.00280555

5 47 0.00348612

6 47 0.00415293

7 47 0.00480335

8 47 0.00543482

9 47 0.00604484

10 47 0.006631

11 47 0.00719099

12 47 0.0077226

13 47 0.00822373

14 47 0.00869241

15 47 0.00912678

16 47 0.00952514

17 47 0.0098859

18 47 0.0102076

19 47 0.0104891

20 47 0.0107292

21 47 0.0109269

22 47 0.0110815

23 47 0.0111924

24 47 0.0112591

25 47 0.0112813

26 47 0.0112591

27 47 0.0111924

28 47 0.0110815

29 47 0.0109269

30 47 0.0107292

31 47 0.0104891

32 47 0.0102076

33 47 0.0098859

34 47 0.00952514

35 47 0.00912678

36 47 0.00869241

37 47 0.00822373

38 47 0.0077226

39 47 0.00719099

40 47 0.006631

41 47 0.00604484

42 47 0.00543482

43 47 0.00480335

44 47 0.00415293

45 47 0.00348612

46 47 0.00280555

47 47 0.00211391

48 47 0.00141392

49 47 0.00070836

50 47 0

0 48 0

1 48 0.000473799

2 48 0.000945728

3 48 0.00141392

4 48 0.00187654

5 48 0.00233175

6 48 0.00277776

7 48 0.00321281

8 48 0.00363517

9 48 0.00404319

10 48 0.00443526

11 48 0.00480982

12 48 0.00516539

13 48 0.00550058

14 48 0.00581407

15 48 0.00610461

16 48 0.00637105

17 48 0.00661235

18 48 0.00682756

19 48 0.00701582

20 48 0.0071764

21 48 0.00730865

22 48 0.00741205

23 48 0.00748621

24 48 0.00753082

25 48 0.00754571

26 48 0.00753082

27 48 0.00748621

28 48 0.00741205

29 48 0.00730865

30 48 0.0071764

31 48 0.00701582

32 48 0.00682756

33 48 0.00661235

34 48 0.00637105

35 48 0.00610461

