0 1 0

1 1 0.000199529

2 1 0.000398271

3 1 0.00059544

4 1 0.00079026

5 1 0.000981961

6 1 0.00116979

7 1 0.001353

8 1 0.00153087

9 1 0.00170269

10 1 0.0018678

11 1 0.00202554

12 1 0.00217528

13 1 0.00231644

14 1 0.00244845

15 1 0.00257081

16 1 0.00268302

17 1 0.00278463

18 1 0.00287526

19 1 0.00295454

20 1 0.00302217

21 1 0.00307786

22 1 0.00312141

23 1 0.00315264

24 1 0.00317142

25 1 0.00317769

26 1 0.00317142

27 1 0.00315264

28 1 0.00312141

29 1 0.00307786

30 1 0.00302217

31 1 0.00295454

32 1 0.00287526

33 1 0.00278463

34 1 0.00268302

35 1 0.00257081

36 1 0.00244845

37 1 0.00231644

38 1 0.00217528

39 1 0.00202554

40 1 0.0018678

41 1 0.00170269

42 1 0.00153087

43 1 0.001353

44 1 0.00116979

45 1 0.000981961

46 1 0.00079026

47 1 0.00059544

48 1 0.000398271

49 1 0.000199529

50 1 0

0 2 0

1 2 0.000398271

2 2 0.000794969

3 2 0.00118853

4 2 0.0015774

5 2 0.00196005

6 2 0.00233496

7 2 0.00270065

8 2 0.00305569

9 2 0.00339867

10 2 0.00372823

11 2 0.00404308

12 2 0.00434198

13 2 0.00462374

14 2 0.00488725

15 2 0.00513147

16 2 0.00535544

17 2 0.00555828

18 2 0.00573918

19 2 0.00589743

20 2 0.0060324

21 2 0.00614357

22 2 0.0062305

23 2 0.00629283

24 2 0.00633033

25 2 0.00634285

26 2 0.00633033

27 2 0.00629283

28 2 0.0062305

29 2 0.00614357

30 2 0.0060324

31 2 0.00589743

32 2 0.00573918

33 2 0.00555828

34 2 0.00535544

35 2 0.00513147

36 2 0.00488725

37 2 0.00462374

38 2 0.00434198

39 2 0.00404308

40 2 0.00372823

41 2 0.00339867

42 2 0.00305569

43 2 0.00270065

44 2 0.00233496

45 2 0.00196005

46 2 0.0015774

47 2 0.00118853

48 2 0.000794969

49 2 0.000398271

50 2 0

0 3 0

1 3 0.00059544

2 3 0.00118853

3 3 0.00177693

4 3 0.00235832

5 3 0.0029304

6 3 0.00349091

7 3 0.00403765

8 3 0.00456845

9 3 0.00508123

10 3 0.00557395

11 3 0.00604467

12 3 0.00649154

13 3 0.00691278

14 3 0.00730675

15 3 0.00767188

16 3 0.00800673

17 3 0.00830999

18 3 0.00858044

19 3 0.00881704

20 3 0.00901884

21 3 0.00918504

22 3 0.009315

23 3 0.00940819

24 3 0.00946425

25 3 0.00948297

26 3 0.00946425

27 3 0.00940819

28 3 0.009315

29 3 0.00918504

30 3 0.00901884

31 3 0.00881704

32 3 0.00858044

33 3 0.00830999

34 3 0.00800673

35 3 0.00767188

36 3 0.00730675

37 3 0.00691278

38 3 0.00649154

39 3 0.00604467

40 3 0.00557395

41 3 0.00508123

42 3 0.00456845

43 3 0.00403765

44 3 0.00349091

45 3 0.0029304

46 3 0.00235832

47 3 0.00177693

48 3 0.00118853

49 3 0.00059544

50 3 0

0 4 0

1 4 0.00079026

2 4 0.0015774

3 4 0.00235832

4 4 0.00312993

5 4 0.00388918

6 4 0.00463309

7 4 0.00535871

8 4 0.00606319

9 4 0.00674373

10 4 0.00739767

11 4 0.0080224

12 4 0.00861548

13 4 0.00917455

14 4 0.00969742

15 4 0.010182

16 4 0.0106264

17 4 0.0110289

18 4 0.0113878

19 4 0.0117019

20 4 0.0119697

21 4 0.0121903

22 4 0.0123627

23 4 0.0124864

24 4 0.0125608

25 4 0.0125857

26 4 0.0125608

27 4 0.0124864

28 4 0.0123627

29 4 0.0121903

30 4 0.0119697

31 4 0.0117019

32 4 0.0113878

33 4 0.0110289

34 4 0.0106264

35 4 0.010182

36 4 0.00969742

37 4 0.00917455

38 4 0.00861548

39 4 0.0080224

40 4 0.00739767

41 4 0.00674373

42 4 0.00606319

43 4 0.00535871

44 4 0.00463309

45 4 0.00388918

46 4 0.00312993

47 4 0.00235832

48 4 0.0015774

49 4 0.00079026

50 4 0

0 5 0

1 5 0.000981961

2 5 0.00196005

3 5 0.0029304

4 5 0.00388918

5 5 0.00483262

6 5 0.00575698

7 5 0.00665863

8 5 0.00753399

9 5 0.00837963

10 5 0.00919219

11 5 0.00996847

12 5 0.0107054

13 5 0.0114001

14 5 0.0120498

15 5 0.012652

16 5 0.0132042

17 5 0.0137043

18 5 0.0141503

19 5 0.0145405

20 5 0.0148733

21 5 0.0151474

22 5 0.0153617

23 5 0.0155154

24 5 0.0156078

25 5 0.0156387

26 5 0.0156078

27 5 0.0155154

28 5 0.0153617

29 5 0.0151474

30 5 0.0148733

31 5 0.0145405

32 5 0.0141503

33 5 0.0137043

34 5 0.0132042

35 5 0.012652

36 5 0.0120498

37 5 0.0114001

38 5 0.0107054

39 5 0.00996847

40 5 0.00919219

41 5 0.00837963

42 5 0.00753399

43 5 0.00665863

44 5 0.00575698

45 5 0.00483262

46 5 0.00388918

47 5 0.0029304

48 5 0.00196005

49 5 0.000981961

50 5 0

0 6 0

1 6 0.00116979

2 6 0.00233496

3 6 0.00349091

4 6 0.00463309

5 6 0.00575698

6 6 0.00685816

7 6 0.00793226

8 6 0.00897507

9 6 0.00998245

10 6 0.0109504

11 6 0.0118752

12 6 0.0127531

13 6 0.0135807

14 6 0.0143547

15 6 0.015072

16 6 0.0157298

17 6 0.0163256

18 6 0.0168569

19 6 0.0173217

20 6 0.0177182

21 6 0.0180447

22 6 0.0183

23 6 0.0184831

24 6 0.0185932

25 6 0.01863

26 6 0.0185932

27 6 0.0184831

28 6 0.0183

29 6 0.0180447

30 6 0.0177182

31 6 0.0173217

32 6 0.0168569

33 6 0.0163256

34 6 0.0157298

35 6 0.015072

36 6 0.0143547

37 6 0.0135807

38 6 0.0127531

39 6 0.0118752

40 6 0.0109504

41 6 0.00998245

42 6 0.00897507

43 6 0.00793226

44 6 0.00685816

45 6 0.00575698

46 6 0.00463309

47 6 0.00349091

48 6 0.00233496

49 6 0.00116979

50 6 0

0 7 0

1 7 0.001353

2 7 0.00270065

3 7 0.00403765

4 7 0.00535871

5 7 0.00665863

6 7 0.00793226

7 7 0.0091746

8 7 0.0103807

9 7 0.0115459

10 7 0.0126655

11 7 0.0137351

12 7 0.0147505

13 7 0.0157077

14 7 0.0166028

15 7 0.0174325

16 7 0.0181934

17 7 0.0188825

18 7 0.019497

19 7 0.0200346

20 7 0.0204932

21 7 0.0208708

22 7 0.0211661

23 7 0.0213779

24 7 0.0215053

25 7 0.0215478

26 7 0.0215053

27 7 0.0213779

28 7 0.0211661

29 7 0.0208708

30 7 0.0204932

31 7 0.0200346

32 7 0.019497

33 7 0.0188825

34 7 0.0181934

35 7 0.0174325

36 7 0.0166028

37 7 0.0157077

38 7 0.0147505

39 7 0.0137351

40 7 0.0126655

41 7 0.0115459

42 7 0.0103807

43 7 0.0091746

44 7 0.00793226

45 7 0.00665863

46 7 0.00535871

47 7 0.00403765

48 7 0.00270065

49 7 0.001353

50 7 0

0 8 0

1 8 0.00153087

2 8 0.00305569

3 8 0.00456845

4 8 0.00606319

5 8 0.00753399

6 8 0.00897507

7 8 0.0103807

8 8 0.0117454

9 8 0.0130637

10 8 0.0143305

11 8 0.0155407

12 8 0.0166896

13 8 0.0177726

14 8 0.0187855

15 8 0.0197243

16 8 0.0205852

17 8 0.0213648

18 8 0.0220602

19 8 0.0226684

20 8 0.0231873

21 8 0.0236146

22 8 0.0239487

23 8 0.0241883

24 8 0.0243324

25 8 0.0243805

26 8 0.0243324

27 8 0.0241883

28 8 0.0239487

29 8 0.0236146

30 8 0.0231873

31 8 0.0226684

32 8 0.0220602

33 8 0.0213648

34 8 0.0205852

35 8 0.0197243

36 8 0.0187855

37 8 0.0177726

38 8 0.0166896

39 8 0.0155407

40 8 0.0143305

41 8 0.0130637

42 8 0.0117454

43 8 0.0103807

44 8 0.00897507

45 8 0.00753399

46 8 0.00606319

47 8 0.00456845

48 8 0.00305569

49 8 0.00153087

50 8 0

0 9 0

1 9 0.00170269

2 9 0.00339867

3 9 0.00508123

4 9 0.00674373

5 9 0.00837963

6 9 0.00998245

7 9 0.0115459

8 9 0.0130637

9 9 0.01453

10 9 0.015939

11 9 0.0172851

12 9 0.0185629

13 9 0.0197675

14 9 0.020894

15 9 0.0219381

16 9 0.0228957

17 9 0.0237628

18 9 0.0245362

19 9 0.0252128

20 9 0.0257898

21 9 0.0262651

22 9 0.0266367

23 9 0.0269032

24 9 0.0270635

25 9 0.027117

26 9 0.0270635

27 9 0.0269032

28 9 0.0266367

29 9 0.0262651

30 9 0.0257898

31 9 0.0252128

32 9 0.0245362

33 9 0.0237628

34 9 0.0228957

35 9 0.0219381

36 9 0.020894

37 9 0.0197675

38 9 0.0185629

39 9 0.0172851

40 9 0.015939

41 9 0.01453

42 9 0.0130637

43 9 0.0115459

44 9 0.00998245

45 9 0.00837963

46 9 0.00674373

47 9 0.00508123

48 9 0.00339867

49 9 0.00170269

50 9 0

0 10 0

1 10 0.0018678

2 10 0.00372823

3 10 0.00557395

4 10 0.00739767

5 10 0.00919219

6 10 0.0109504

7 10 0.0126655

8 10 0.0143305

9 10 0.015939

10 10 0.0174846

11 10 0.0189612

12 10 0.0203629

13 10 0.0216843

14 10 0.0229201

15 10 0.0240655

16 10 0.0251158

17 10 0.0260671

18 10 0.0269155

19 10 0.0276576

20 10 0.0282906

21 10 0.028812

22 10 0.0292197

23 10 0.029512

24 10 0.0296878

25 10 0.0297465

26 10 0.0296878

27 10 0.029512

28 10 0.0292197

29 10 0.028812

30 10 0.0282906

31 10 0.0276576

32 10 0.0269155

33 10 0.0260671

34 10 0.0251158

35 10 0.0240655

36 10 0.0229201

37 10 0.0216843

38 10 0.0203629

39 10 0.0189612

40 10 0.0174846

41 10 0.015939

42 10 0.0143305

43 10 0.0126655

44 10 0.0109504

45 10 0.00919219

46 10 0.00739767

47 10 0.00557395

48 10 0.00372823

49 10 0.0018678

50 10 0

0 11 0

1 11 0.00202554

2 11 0.00404308

3 11 0.00604467

4 11 0.0080224

5 11 0.00996847

6 11 0.0118752

7 11 0.0137351

8 11 0.0155407

9 11 0.0172851

10 11 0.0189612

11 11 0.0205624

12 11 0.0220826

13 11 0.0235155

14 11 0.0248557

15 11 0.0260978

16 11 0.0272369

17 11 0.0282685

18 11 0.0291885

19 11 0.0299933

20 11 0.0306798

21 11 0.0312452

22 11 0.0316873

23 11 0.0320043

24 11 0.032195

25 11 0.0322587

26 11 0.032195

27 11 0.0320043

28 11 0.0316873

29 11 0.0312452

30 11 0.0306798

31 11 0.0299933

32 11 0.0291885

33 11 0.0282685

34 11 0.0272369

35 11 0.0260978

36 11 0.0248557

37 11 0.0235155

38 11 0.0220826

39 11 0.0205624

40 11 0.0189612

41 11 0.0172851

42 11 0.0155407

43 11 0.0137351

44 11 0.0118752

45 11 0.00996847

46 11 0.0080224

47 11 0.00604467

48 11 0.00404308

49 11 0.00202554

50 11 0

0 12 0

1 12 0.00217528

2 12 0.00434198

3 12 0.00649154

4 12 0.00861548

5 12 0.0107054

6 12 0.0127531

7 12 0.0147505

8 12 0.0166896

9 12 0.0185629

10 12 0.0203629

11 12 0.0220826

12 12 0.0237151

13 12 0.025254

14 12 0.0266932

15 12 0.0280271

16 12 0.0292504

17 12 0.0303583

18 12 0.0313463

19 12 0.0322107

20 12 0.0329479

21 12 0.0335551

22 12 0.0340298

23 12 0.0343703

24 12 0.0345751

25 12 0.0346435

26 12 0.0345751

27 12 0.0343703

28 12 0.0340298

29 12 0.0335551

30 12 0.0329479

31 12 0.0322107

32 12 0.0313463

33 12 0.0303583

34 12 0.0292504

35 12 0.0280271

36 12 0.0266932

37 12 0.025254

38 12 0.0237151

39 12 0.0220826

40 12 0.0203629

41 12 0.0185629

42 12 0.0166896

43 12 0.0147505

44 12 0.0127531

45 12 0.0107054

46 12 0.00861548

47 12 0.00649154

48 12 0.00434198

49 12 0.00217528

50 12 0

0 13 0

1 13 0.00231644

2 13 0.00462374

3 13 0.00691278

4 13 0.00917455

5 13 0.0114001

6 13 0.0135807

7 13 0.0157077

8 13 0.0177726

9 13 0.0197675

10 13 0.0216843

11 13 0.0235155

12 13 0.025254

13 13 0.0268928

14 13 0.0284254

15 13 0.0298459

16 13 0.0311486

17 13 0.0323283

18 13 0.0333805

19 13 0.0343009

20 13 0.0350859

21 13 0.0357325

22 13 0.0362381

23 13 0.0366006

24 13 0.0368187

25 13 0.0368915

26 13 0.0368187

27 13 0.0366006

28 13 0.0362381

29 13 0.0357325

30 13 0.0350859

31 13 0.0343009

32 13 0.0333805

33 13 0.0323283

34 13 0.0311486

35 13 0.0298459

36 13 0.0284254

37 13 0.0268928

38 13 0.025254

39 13 0.0235155

40 13 0.0216843

41 13 0.0197675

42 13 0.0177726

43 13 0.0157077

44 13 0.0135807

45 13 0.0114001

46 13 0.00917455

47 13 0.00691278

48 13 0.00462374

49 13 0.00231644

50 13 0

0 14 0

1 14 0.00244845

2 14 0.00488725

3 14 0.00730675

4 14 0.00969742

5 14 0.0120498

6 14 0.0143547

7 14 0.0166028

8 14 0.0187855

9 14 0.020894

10 14 0.0229201

11 14 0.0248557

12 14 0.0266932

13 14 0.0284254

14 14 0.0300454

15 14 0.0315468

16 14 0.0329237

17 14 0.0341707

18 14 0.0352828

19 14 0.0362557

20 14 0.0370855

21 14 0.0377689

22 14 0.0383033

23 14 0.0386865

24 14 0.0389171

25 14 0.038994

26 14 0.0389171

27 14 0.0386865

28 14 0.0383033

29 14 0.0377689

30 14 0.0370855

31 14 0.0362557

32 14 0.0352828

33 14 0.0341707

34 14 0.0329237

35 14 0.0315468

36 14 0.0300454

37 14 0.0284254

38 14 0.0266932

39 14 0.0248557

40 14 0.0229201

41 14 0.020894

42 14 0.0187855

43 14 0.0166028

44 14 0.0143547

45 14 0.0120498

46 14 0.00969742

47 14 0.00730675

48 14 0.00488725

49 14 0.00244845

50 14 0

0 15 0

1 15 0.00257081

2 15 0.00513147

3 15 0.00767188

4 15 0.010182

5 15 0.012652

6 15 0.015072

7 15 0.0174325

8 15 0.0197243

9 15 0.0219381

10 15 0.0240655

11 15 0.0260978

12 15 0.0280271

13 15 0.0298459

14 15 0.0315468

15 15 0.0331233

16 15 0.034569

17 15 0.0358783

18 15 0.037046

19 15 0.0380675

20 15 0.0389387

21 15 0.0396563

22 15 0.0402174

23 15 0.0406198

24 15 0.0408618

25 15 0.0409426

26 15 0.0408618

27 15 0.0406198

28 15 0.0402174

29 15 0.0396563

30 15 0.0389387

31 15 0.0380675

32 15 0.037046

33 15 0.0358783

34 15 0.034569

35 15 0.0331233

36 15 0.0315468

37 15 0.0298459

38 15 0.0280271

39 15 0.0260978

40 15 0.0240655

41 15 0.0219381

42 15 0.0197243

43 15 0.0174325

44 15 0.015072

45 15 0.012652

46 15 0.010182

47 15 0.00767188

48 15 0.00513147

49 15 0.00257081

50 15 0

0 16 0

1 16 0.00268302

2 16 0.00535544

3 16 0.00800673

4 16 0.0106264

5 16 0.0132042

6 16 0.0157298

7 16 0.0181934

8 16 0.0205852

9 16 0.0228957

10 16 0.0251158

11 16 0.0272369

12 16 0.0292504

13 16 0.0311486

14 16 0.0329237

15 16 0.034569

16 16 0.0360778

17 16 0.0374443

18 16 0.0386629

19 16 0.039729

20 16 0.0406383

21 16 0.0413872

22 16 0.0419728

23 16 0.0423927

24 16 0.0426453

25 16 0.0427296

26 16 0.0426453

27 16 0.0423927

28 16 0.0419728

29 16 0.0413872

30 16 0.0406383

31 16 0.039729

32 16 0.0386629

33 16 0.0374443

34 16 0.0360778

35 16 0.034569

36 16 0.0329237

37 16 0.0311486

38 16 0.0292504

39 16 0.0272369

40 16 0.0251158

41 16 0.0228957

42 16 0.0205852

43 16 0.0181934

44 16 0.0157298

45 16 0.0132042

46 16 0.0106264

47 16 0.00800673

48 16 0.00535544

49 16 0.00268302

50 16 0

0 17 0

1 17 0.00278463

2 17 0.00555828

3 17 0.00830999

4 17 0.0110289

5 17 0.0137043

6 17 0.0163256

7 17 0.0188825

8 17 0.0213648

9 17 0.0237628

10 17 0.0260671

11 17 0.0282685

12 17 0.0303583

13 17 0.0323283

14 17 0.0341707

15 17 0.0358783

16 17 0.0374443

17 17 0.0388624

18 17 0.0401273

19 17 0.0412337

20 17 0.0421775

21 17 0.0429547

22 17 0.0435625

23 17 0.0439983

24 17 0.0442605

25 17 0.044348

26 17 0.0442605

27 17 0.0439983

28 17 0.0435625

29 17 0.0429547

30 17 0.0421775

31 17 0.0412337

32 17 0.0401273

33 17 0.0388624

34 17 0.0374443

35 17 0.0358783

36 17 0.0341707

37 17 0.0323283

38 17 0.0303583

39 17 0.0282685

40 17 0.0260671

41 17 0.0237628

42 17 0.0213648

43 17 0.0188825

44 17 0.0163256

45 17 0.0137043

46 17 0.0110289

47 17 0.00830999

48 17 0.00555828

49 17 0.00278463

50 17 0

0 18 0

1 18 0.00287526

2 18 0.00573918

3 18 0.00858044

4 18 0.0113878

5 18 0.0141503

6 18 0.0168569

7 18 0.019497

8 18 0.0220602

9 18 0.0245362

10 18 0.0269155

11 18 0.0291885

12 18 0.0313463

13 18 0.0333805

14 18 0.0352828

15 18 0.037046

16 18 0.0386629

17 18 0.0401273

18 18 0.0414333

19 18 0.0425757

20 18 0.0435502

21 18 0.0443527

22 18 0.0449803

23 18 0.0454303

24 18 0.045701

25 18 0.0457914

26 18 0.045701

27 18 0.0454303

28 18 0.0449803

29 18 0.0443527

30 18 0.0435502

31 18 0.0425757

32 18 0.0414333

33 18 0.0401273

34 18 0.0386629

35 18 0.037046

36 18 0.0352828

37 18 0.0333805

38 18 0.0313463

39 18 0.0291885

40 18 0.0269155

41 18 0.0245362

42 18 0.0220602

43 18 0.019497

44 18 0.0168569

45 18 0.0141503

46 18 0.0113878

47 18 0.00858044

48 18 0.00573918

49 18 0.00287526

50 18 0

0 19 0

1 19 0.00295454

2 19 0.00589743

3 19 0.00881704

4 19 0.0117019

5 19 0.0145405

6 19 0.0173217

7 19 0.0200346

8 19 0.0226684

9 19 0.0252128

10 19 0.0276576

11 19 0.0299933

12 19 0.0322107

13 19 0.0343009

14 19 0.0362557

15 19 0.0380675

16 19 0.039729

17 19 0.0412337

18 19 0.0425757

19 19 0.0437497

20 19 0.044751

21 19 0.0455757

22 19 0.0462205

23 19 0.046683

24 19 0.0469611

25 19 0.047054

26 19 0.0469611

27 19 0.046683

28 19 0.0462205

29 19 0.0455757

30 19 0.044751

31 19 0.0437497

32 19 0.0425757

33 19 0.0412337

34 19 0.039729

35 19 0.0380675

36 19 0.0362557

37 19 0.0343009

38 19 0.0322107

39 19 0.0299933

40 19 0.0276576

41 19 0.0252128

42 19 0.0226684

43 19 0.0200346

44 19 0.0173217

45 19 0.0145405

46 19 0.0117019

47 19 0.00881704

48 19 0.00589743

49 19 0.00295454

50 19 0

0 20 0

1 20 0.00302217

2 20 0.0060324

3 20 0.00901884

4 20 0.0119697

5 20 0.0148733

6 20 0.0177182

7 20 0.0204932

8 20 0.0231873

9 20 0.0257898

10 20 0.0282906

11 20 0.0306798

12 20 0.0329479

13 20 0.0350859

14 20 0.0370855

15 20 0.0389387

16 20 0.0406383

17 20 0.0421775

18 20 0.0435502

19 20 0.044751

20 20 0.0457752

21 20 0.0466188

22 20 0.0472784

23 20 0.0477514

24 20 0.048036

25 20 0.0481309

26 20 0.048036

27 20 0.0477514

28 20 0.0472784

29 20 0.0466188

30 20 0.0457752

31 20 0.044751

32 20 0.0435502

33 20 0.0421775

34 20 0.0406383

35 20 0.0389387

36 20 0.0370855

37 20 0.0350859

38 20 0.0329479

39 20 0.0306798

40 20 0.0282906

41 20 0.0257898

42 20 0.0231873

43 20 0.0204932

44 20 0.0177182

45 20 0.0148733

46 20 0.0119697

47 20 0.00901884

48 20 0.0060324

49 20 0.00302217

50 20 0

0 21 0

1 21 0.00307786

2 21 0.00614357

3 21 0.00918504

4 21 0.0121903

5 21 0.0151474

6 21 0.0180447

7 21 0.0208708

8 21 0.0236146

9 21 0.0262651

10 21 0.028812

11 21 0.0312452

12 21 0.0335551

13 21 0.0357325

14 21 0.0377689

15 21 0.0396563

16 21 0.0413872

17 21 0.0429547

18 21 0.0443527

19 21 0.0455757

20 21 0.0466188

21 21 0.0474779

22 21 0.0481497

23 21 0.0486314

24 21 0.0489212

25 21 0.0490179

26 21 0.0489212

27 21 0.0486314

28 21 0.0481497

29 21 0.0474779

30 21 0.0466188

31 21 0.0455757

32 21 0.0443527

33 21 0.0429547

34 21 0.0413872

35 21 0.0396563

36 21 0.0377689

37 21 0.0357325

38 21 0.0335551

39 21 0.0312452

40 21 0.028812

41 21 0.0262651

42 21 0.0236146

43 21 0.0208708

44 21 0.0180447

45 21 0.0151474

46 21 0.0121903

47 21 0.00918504

48 21 0.00614357

49 21 0.00307786

50 21 0

0 22 0

1 22 0.00312141

2 22 0.0062305

3 22 0.009315

4 22 0.0123627

5 22 0.0153617

6 22 0.0183

7 22 0.0211661

8 22 0.0239487

9 22 0.0266367

10 22 0.0292197

11 22 0.0316873

12 22 0.0340298

13 22 0.0362381

14 22 0.0383033

15 22 0.0402174

16 22 0.0419728

17 22 0.0435625

18 22 0.0449803

19 22 0.0462205

20 22 0.0472784

21 22 0.0481497

22 22 0.0488309

23 22 0.0493195

24 22 0.0496134

25 22 0.0497114

26 22 0.0496134

27 22 0.0493195

28 22 0.0488309

29 22 0.0481497

30 22 0.0472784

31 22 0.0462205

32 22 0.0449803

33 22 0.0435625

34 22 0.0419728

35 22 0.0402174

36 22 0.0383033

37 22 0.0362381

38 22 0.0340298

39 22 0.0316873

40 22 0.0292197

41 22 0.0266367

42 22 0.0239487

43 22 0.0211661

44 22 0.0183

45 22 0.0153617

46 22 0.0123627

47 22 0.009315

48 22 0.0062305

49 22 0.00312141

50 22 0

0 23 0

1 23 0.00315264

2 23 0.00629283

3 23 0.00940819

4 23 0.0124864

5 23 0.0155154

6 23 0.0184831

7 23 0.0213779

8 23 0.0241883

9 23 0.0269032

10 23 0.029512

11 23 0.0320043

12 23 0.0343703

13 23 0.0366006

14 23 0.0386865

15 23 0.0406198

16 23 0.0423927

17 23 0.0439983

18 23 0.0454303

19 23 0.046683

20 23 0.0477514

21 23 0.0486314

22 23 0.0493195

23 23 0.0498129

24 23 0.0501097

25 23 0.0502088

26 23 0.0501097

27 23 0.0498129

28 23 0.0493195

29 23 0.0486314

30 23 0.0477514

31 23 0.046683

32 23 0.0454303

33 23 0.0439983

34 23 0.0423927

35 23 0.0406198

36 23 0.0386865

37 23 0.0366006

38 23 0.0343703

39 23 0.0320043

40 23 0.029512

41 23 0.0269032

42 23 0.0241883

43 23 0.0213779

44 23 0.0184831

45 23 0.0155154

46 23 0.0124864

47 23 0.00940819

48 23 0.00629283

49 23 0.00315264

50 23 0

0 24 0

1 24 0.00317142

2 24 0.00633033

3 24 0.00946425

4 24 0.0125608

5 24 0.0156078

6 24 0.0185932

7 24 0.0215053

8 24 0.0243324

9 24 0.0270635

10 24 0.0296878

11 24 0.032195

12 24 0.0345751

13 24 0.0368187

14 24 0.0389171

15 24 0.0408618

16 24 0.0426453

17 24 0.0442605

18 24 0.045701

19 24 0.0469611

20 24 0.048036

21 24 0.0489212

22 24 0.0496134

23 24 0.0501097

24 24 0.0504083

25 24 0.050508

26 24 0.0504083

27 24 0.0501097

28 24 0.0496134

29 24 0.0489212

30 24 0.048036

31 24 0.0469611

32 24 0.045701

33 24 0.0442605

34 24 0.0426453

35 24 0.0408618

36 24 0.0389171

37 24 0.0368187

38 24 0.0345751

39 24 0.032195

40 24 0.0296878

41 24 0.0270635

42 24 0.0243324

43 24 0.0215053

44 24 0.0185932

45 24 0.0156078

46 24 0.0125608

47 24 0.00946425

48 24 0.00633033

49 24 0.00317142

50 24 0

0 25 0

1 25 0.00317769

2 25 0.00634285

3 25 0.00948297

4 25 0.0125857

5 25 0.0156387

6 25 0.01863

7 25 0.0215478

8 25 0.0243805

9 25 0.027117

10 25 0.0297465

11 25 0.0322587

12 25 0.0346435

13 25 0.0368915

14 25 0.038994

15 25 0.0409426

16 25 0.0427296

17 25 0.044348

18 25 0.0457914

19 25 0.047054

20 25 0.0481309

21 25 0.0490179

22 25 0.0497114

23 25 0.0502088

24 25 0.050508

25 25 0.0506078

26 25 0.050508

27 25 0.0502088

28 25 0.0497114

29 25 0.0490179

30 25 0.0481309

31 25 0.047054

32 25 0.0457914

33 25 0.044348

34 25 0.0427296

35 25 0.0409426

36 25 0.038994

37 25 0.0368915

38 25 0.0346435

39 25 0.0322587

40 25 0.0297465

41 25 0.027117

42 25 0.0243805

43 25 0.0215478

44 25 0.01863

45 25 0.0156387

46 25 0.0125857

47 25 0.00948297

48 25 0.00634285

49 25 0.00317769

50 25 0

0 26 0

1 26 0.00317142

2 26 0.00633033

3 26 0.00946425

4 26 0.0125608

5 26 0.0156078

6 26 0.0185932

7 26 0.0215053

8 26 0.0243324

9 26 0.0270635

10 26 0.0296878

11 26 0.032195

12 26 0.0345751

13 26 0.0368187

14 26 0.0389171

15 26 0.0408618

16 26 0.0426453

17 26 0.0442605

18 26 0.045701

19 26 0.0469611

20 26 0.048036

21 26 0.0489212

22 26 0.0496134

23 26 0.0501097

24 26 0.0504083

25 26 0.050508

26 26 0.0504083

27 26 0.0501097

28 26 0.0496134

29 26 0.0489212

30 26 0.048036

31 26 0.0469611

32 26 0.045701

33 26 0.0442605

34 26 0.0426453

35 26 0.0408618

36 26 0.0389171

37 26 0.0368187

38 26 0.0345751

39 26 0.032195

40 26 0.0296878

41 26 0.0270635

42 26 0.0243324

43 26 0.0215053

44 26 0.0185932

45 26 0.0156078

46 26 0.0125608

47 26 0.00946425

48 26 0.00633033

49 26 0.00317142

50 26 0

0 27 0

1 27 0.00315264

2 27 0.00629283

3 27 0.00940819

4 27 0.0124864

5 27 0.0155154

6 27 0.0184831

7 27 0.0213779

8 27 0.0241883

9 27 0.0269032

10 27 0.029512

11 27 0.0320043

12 27 0.0343703

13 27 0.0366006

14 27 0.0386865

15 27 0.0406198

16 27 0.0423927

17 27 0.0439983

18 27 0.0454303

19 27 0.046683

20 27 0.0477514

21 27 0.0486314

22 27 0.0493195

23 27 0.0498129

24 27 0.0501097

25 27 0.0502088

26 27 0.0501097

27 27 0.0498129

28 27 0.0493195

29 27 0.0486314

30 27 0.0477514

31 27 0.046683

32 27 0.0454303

33 27 0.0439983

34 27 0.0423927

35 27 0.0406198

36 27 0.0386865

37 27 0.0366006

38 27 0.0343703

39 27 0.0320043

40 27 0.029512

41 27 0.0269032

42 27 0.0241883

43 27 0.0213779

44 27 0.0184831

45 27 0.0155154

46 27 0.0124864

47 27 0.00940819

48 27 0.00629283

49 27 0.00315264

50 27 0

0 28 0

1 28 0.00312141

2 28 0.0062305

3 28 0.009315

4 28 0.0123627

5 28 0.0153617

6 28 0.0183

7 28 0.0211661

8 28 0.0239487

9 28 0.0266367

10 28 0.0292197

11 28 0.0316873

12 28 0.0340298

13 28 0.0362381

14 28 0.0383033

15 28 0.0402174

16 28 0.0419728

17 28 0.0435625

18 28 0.0449803

19 28 0.0462205

20 28 0.0472784

21 28 0.0481497

22 28 0.0488309

23 28 0.0493195

24 28 0.0496134

25 28 0.0497114

26 28 0.0496134

27 28 0.0493195

28 28 0.0488309

29 28 0.0481497

30 28 0.0472784

31 28 0.0462205

32 28 0.0449803

33 28 0.0435625

34 28 0.0419728

35 28 0.0402174

36 28 0.0383033

37 28 0.0362381

38 28 0.0340298

39 28 0.0316873

40 28 0.0292197

41 28 0.0266367

42 28 0.0239487

43 28 0.0211661

44 28 0.0183

45 28 0.0153617

46 28 0.0123627

47 28 0.009315

48 28 0.0062305

49 28 0.00312141

50 28 0

0 29 0

1 29 0.00307786

2 29 0.00614357

3 29 0.00918504

4 29 0.0121903

5 29 0.0151474

6 29 0.0180447

7 29 0.0208708

8 29 0.0236146

9 29 0.0262651

10 29 0.028812

11 29 0.0312452

12 29 0.0335551

13 29 0.0357325

14 29 0.0377689

15 29 0.0396563

16 29 0.0413872

17 29 0.0429547

18 29 0.0443527

19 29 0.0455757

20 29 0.0466188

21 29 0.0474779

22 29 0.0481497

23 29 0.0486314

24 29 0.0489212

25 29 0.0490179

26 29 0.0489212

27 29 0.0486314

28 29 0.0481497

29 29 0.0474779

30 29 0.0466188

31 29 0.0455757

32 29 0.0443527

33 29 0.0429547

34 29 0.0413872

35 29 0.0396563

36 29 0.0377689

37 29 0.0357325

38 29 0.0335551

39 29 0.0312452

40 29 0.028812

41 29 0.0262651

42 29 0.0236146

43 29 0.0208708

44 29 0.0180447

45 29 0.0151474

46 29 0.0121903

47 29 0.00918504

48 29 0.00614357

49 29 0.00307786

50 29 0

0 30 0

1 30 0.00302217

2 30 0.0060324

3 30 0.00901884

4 30 0.0119697

5 30 0.0148733

6 30 0.0177182

7 30 0.0204932

8 30 0.0231873

9 30 0.0257898

10 30 0.0282906

11 30 0.0306798

12 30 0.0329479

13 30 0.0350859

14 30 0.0370855

15 30 0.0389387

16 30 0.0406383

17 30 0.0421775

18 30 0.0435502

19 30 0.044751

20 30 0.0457752

21 30 0.0466188

22 30 0.0472784

23 30 0.0477514

24 30 0.048036

25 30 0.0481309

26 30 0.048036

27 30 0.0477514

28 30 0.0472784

29 30 0.0466188

30 30 0.0457752

31 30 0.044751

32 30 0.0435502

33 30 0.0421775

34 30 0.0406383

35 30 0.0389387

36 30 0.0370855

37 30 0.0350859

38 30 0.0329479

39 30 0.0306798

40 30 0.0282906

41 30 0.0257898

42 30 0.0231873

43 30 0.0204932

44 30 0.0177182

45 30 0.0148733

46 30 0.0119697

47 30 0.00901884

48 30 0.0060324

49 30 0.00302217

50 30 0

0 31 0

1 31 0.00295454

2 31 0.00589743

3 31 0.00881704

4 31 0.0117019

5 31 0.0145405

6 31 0.0173217

7 31 0.0200346

8 31 0.0226684

9 31 0.0252128

10 31 0.0276576

11 31 0.0299933

12 31 0.0322107

13 31 0.0343009

14 31 0.0362557

15 31 0.0380675

16 31 0.039729

17 31 0.0412337

18 31 0.0425757

19 31 0.0437497

20 31 0.044751

21 31 0.0455757

22 31 0.0462205

23 31 0.046683

24 31 0.0469611

25 31 0.047054

26 31 0.0469611

27 31 0.046683

28 31 0.0462205

29 31 0.0455757

30 31 0.044751

31 31 0.0437497

32 31 0.0425757

33 31 0.0412337

34 31 0.039729

35 31 0.0380675

36 31 0.0362557

37 31 0.0343009

38 31 0.0322107

39 31 0.0299933

40 31 0.0276576

41 31 0.0252128

42 31 0.0226684

43 31 0.0200346

44 31 0.0173217

45 31 0.0145405

46 31 0.0117019

47 31 0.00881704

48 31 0.00589743

49 31 0.00295454

50 31 0

0 32 0

1 32 0.00287526

2 32 0.00573918

3 32 0.00858044

4 32 0.0113878

5 32 0.0141503

6 32 0.0168569

7 32 0.019497

8 32 0.0220602

9 32 0.0245362

10 32 0.0269155

11 32 0.0291885

12 32 0.0313463

13 32 0.0333805

14 32 0.0352828

15 32 0.037046

16 32 0.0386629

17 32 0.0401273

18 32 0.0414333

19 32 0.0425757

20 32 0.0435502

21 32 0.0443527

22 32 0.0449803

23 32 0.0454303

24 32 0.045701

25 32 0.0457914

26 32 0.045701

27 32 0.0454303

28 32 0.0449803

29 32 0.0443527

30 32 0.0435502

31 32 0.0425757

32 32 0.0414333

33 32 0.0401273

34 32 0.0386629

35 32 0.037046

36 32 0.0352828

37 32 0.0333805

38 32 0.0313463

39 32 0.0291885

40 32 0.0269155

41 32 0.0245362

42 32 0.0220602

43 32 0.019497

44 32 0.0168569

45 32 0.0141503

46 32 0.0113878

47 32 0.00858044

48 32 0.00573918

49 32 0.00287526

50 32 0

0 33 0

1 33 0.00278463

2 33 0.00555828

3 33 0.00830999

4 33 0.0110289

5 33 0.0137043

6 33 0.0163256

7 33 0.0188825

8 33 0.0213648

9 33 0.0237628

10 33 0.0260671

11 33 0.0282685

12 33 0.0303583

13 33 0.0323283

14 33 0.0341707

15 33 0.0358783

16 33 0.0374443

17 33 0.0388624

18 33 0.0401273

19 33 0.0412337

20 33 0.0421775

21 33 0.0429547

22 33 0.0435625

23 33 0.0439983

24 33 0.0442605

25 33 0.044348

26 33 0.0442605

27 33 0.0439983

28 33 0.0435625

29 33 0.0429547

30 33 0.0421775

31 33 0.0412337

32 33 0.0401273

33 33 0.0388624

34 33 0.0374443

35 33 0.0358783

36 33 0.0341707

37 33 0.0323283

38 33 0.0303583

39 33 0.0282685

40 33 0.0260671

41 33 0.0237628

42 33 0.0213648

43 33 0.0188825

44 33 0.0163256

45 33 0.0137043

46 33 0.0110289

47 33 0.00830999

48 33 0.00555828

49 33 0.00278463

50 33 0

0 34 0

1 34 0.00268302

2 34 0.00535544

3 34 0.00800673

4 34 0.0106264

5 34 0.0132042

6 34 0.0157298

7 34 0.0181934

8 34 0.0205852

9 34 0.0228957

10 34 0.0251158

11 34 0.0272369

12 34 0.0292504

13 34 0.0311486

14 34 0.0329237

15 34 0.034569

16 34 0.0360778

17 34 0.0374443

18 34 0.0386629

19 34 0.039729

20 34 0.0406383

21 34 0.0413872

22 34 0.0419728

23 34 0.0423927

24 34 0.0426453

25 34 0.0427296

26 34 0.0426453

27 34 0.0423927

28 34 0.0419728

29 34 0.0413872

30 34 0.0406383

31 34 0.039729

32 34 0.0386629

33 34 0.0374443

34 34 0.0360778

35 34 0.034569

36 34 0.0329237

37 34 0.0311486

38 34 0.0292504

39 34 0.0272369

40 34 0.0251158

41 34 0.0228957

42 34 0.0205852

43 34 0.0181934

44 34 0.0157298

45 34 0.0132042

46 34 0.0106264

47 34 0.00800673

48 34 0.00535544

49 34 0.00268302

50 34 0

0 35 0

1 35 0.00257081

2 35 0.00513147

3 35 0.00767188

4 35 0.010182

5 35 0.012652

6 35 0.015072

7 35 0.0174325

8 35 0.0197243

9 35 0.0219381

10 35 0.0240655

11 35 0.0260978

12 35 0.0280271

13 35 0.0298459

14 35 0.0315468

15 35 0.0331233

16 35 0.034569

17 35 0.0358783

18 35 0.037046

19 35 0.0380675

20 35 0.0389387

21 35 0.0396563

22 35 0.0402174

23 35 0.0406198

24 35 0.0408618

25 35 0.0409426

26 35 0.0408618

27 35 0.0406198

28 35 0.0402174

29 35 0.0396563

30 35 0.0389387

31 35 0.0380675

32 35 0.037046

33 35 0.0358783

34 35 0.034569

35 35 0.0331233

36 35 0.0315468

37 35 0.0298459

38 35 0.0280271

39 35 0.0260978

40 35 0.0240655

41 35 0.0219381

42 35 0.0197243

43 35 0.0174325

44 35 0.015072

45 35 0.012652

46 35 0.010182

47 35 0.00767188

48 35 0.00513147

49 35 0.00257081

50 35 0

0 36 0

1 36 0.00244845

2 36 0.00488725

3 36 0.00730675

4 36 0.00969742

5 36 0.0120498

6 36 0.0143547

7 36 0.0166028

8 36 0.0187855

9 36 0.020894

10 36 0.0229201

11 36 0.0248557

12 36 0.0266932

13 36 0.0284254

14 36 0.0300454

15 36 0.0315468

16 36 0.0329237

17 36 0.0341707

18 36 0.0352828

19 36 0.0362557

20 36 0.0370855

21 36 0.0377689

22 36 0.0383033

23 36 0.0386865

24 36 0.0389171

25 36 0.038994

26 36 0.0389171

27 36 0.0386865

28 36 0.0383033

29 36 0.0377689

30 36 0.0370855

31 36 0.0362557

32 36 0.0352828

33 36 0.0341707

34 36 0.0329237

35 36 0.0315468

36 36 0.0300454

37 36 0.0284254

38 36 0.0266932

39 36 0.0248557

40 36 0.0229201

41 36 0.020894

42 36 0.0187855

43 36 0.0166028

44 36 0.0143547

45 36 0.0120498

46 36 0.00969742

47 36 0.00730675

48 36 0.00488725

49 36 0.00244845

50 36 0

0 37 0

1 37 0.00231644

2 37 0.00462374

3 37 0.00691278

4 37 0.00917455

5 37 0.0114001

6 37 0.0135807

7 37 0.0157077

8 37 0.0177726

9 37 0.0197675

10 37 0.0216843

11 37 0.0235155

12 37 0.025254

13 37 0.0268928

14 37 0.0284254

15 37 0.0298459

16 37 0.0311486

17 37 0.0323283

18 37 0.0333805

19 37 0.0343009

20 37 0.0350859

21 37 0.0357325

22 37 0.0362381

23 37 0.0366006

24 37 0.0368187

25 37 0.0368915

26 37 0.0368187

27 37 0.0366006

28 37 0.0362381

29 37 0.0357325

30 37 0.0350859

31 37 0.0343009

32 37 0.0333805

33 37 0.0323283

34 37 0.0311486

35 37 0.0298459

36 37 0.0284254

37 37 0.0268928

38 37 0.025254

39 37 0.0235155

40 37 0.0216843

41 37 0.0197675

42 37 0.0177726

43 37 0.0157077

44 37 0.0135807

45 37 0.0114001

46 37 0.00917455

47 37 0.00691278

48 37 0.00462374

49 37 0.00231644

50 37 0

0 38 0

1 38 0.00217528

2 38 0.00434198

3 38 0.00649154

4 38 0.00861548

5 38 0.0107054

6 38 0.0127531

7 38 0.0147505

8 38 0.0166896

9 38 0.0185629

10 38 0.0203629

11 38 0.0220826

12 38 0.0237151

13 38 0.025254

14 38 0.0266932

15 38 0.0280271

16 38 0.0292504

17 38 0.0303583

18 38 0.0313463

19 38 0.0322107

20 38 0.0329479

21 38 0.0335551

22 38 0.0340298

23 38 0.0343703

24 38 0.0345751

25 38 0.0346435

26 38 0.0345751

27 38 0.0343703

28 38 0.0340298

29 38 0.0335551

30 38 0.0329479

31 38 0.0322107

32 38 0.0313463

33 38 0.0303583

34 38 0.0292504

35 38 0.0280271

36 38 0.0266932

37 38 0.025254

38 38 0.0237151

39 38 0.0220826

40 38 0.0203629

41 38 0.0185629

42 38 0.0166896

43 38 0.0147505

44 38 0.0127531

45 38 0.0107054

46 38 0.00861548

47 38 0.00649154

48 38 0.00434198

49 38 0.00217528

50 38 0

0 39 0

1 39 0.00202554

2 39 0.00404308

3 39 0.00604467

4 39 0.0080224

5 39 0.00996847

6 39 0.0118752

7 39 0.0137351

8 39 0.0155407

9 39 0.0172851

10 39 0.0189612

11 39 0.0205624

12 39 0.0220826

13 39 0.0235155

14 39 0.0248557

15 39 0.0260978

16 39 0.0272369

17 39 0.0282685

18 39 0.0291885

19 39 0.0299933

20 39 0.0306798

21 39 0.0312452

22 39 0.0316873

23 39 0.0320043

24 39 0.032195

25 39 0.0322587

26 39 0.032195

27 39 0.0320043

28 39 0.0316873

29 39 0.0312452

30 39 0.0306798

31 39 0.0299933

32 39 0.0291885

33 39 0.0282685

34 39 0.0272369

35 39 0.0260978

36 39 0.0248557

37 39 0.0235155

38 39 0.0220826

39 39 0.0205624

40 39 0.0189612

41 39 0.0172851

42 39 0.0155407

43 39 0.0137351

44 39 0.0118752

45 39 0.00996847

46 39 0.0080224

47 39 0.00604467

48 39 0.00404308

49 39 0.00202554

50 39 0

0 40 0

1 40 0.0018678

2 40 0.00372823

3 40 0.00557395

4 40 0.00739767

5 40 0.00919219

6 40 0.0109504

7 40 0.0126655

8 40 0.0143305

9 40 0.015939

10 40 0.0174846

11 40 0.0189612

12 40 0.0203629

13 40 0.0216843

14 40 0.0229201

15 40 0.0240655

16 40 0.0251158

17 40 0.0260671

18 40 0.0269155

19 40 0.0276576

20 40 0.0282906

21 40 0.028812

22 40 0.0292197

23 40 0.029512

24 40 0.0296878

25 40 0.0297465

26 40 0.0296878

27 40 0.029512

28 40 0.0292197

29 40 0.028812

30 40 0.0282906

31 40 0.0276576

32 40 0.0269155

33 40 0.0260671

34 40 0.0251158

35 40 0.0240655

36 40 0.0229201

37 40 0.0216843

38 40 0.0203629

39 40 0.0189612

40 40 0.0174846

41 40 0.015939

42 40 0.0143305

43 40 0.0126655

44 40 0.0109504

45 40 0.00919219

46 40 0.00739767

47 40 0.00557395

48 40 0.00372823

49 40 0.0018678

50 40 0

0 41 0

1 41 0.00170269

2 41 0.00339867

3 41 0.00508123

4 41 0.00674373

5 41 0.00837963

6 41 0.00998245

7 41 0.0115459

8 41 0.0130637

9 41 0.01453

10 41 0.015939

11 41 0.0172851

12 41 0.0185629

13 41 0.0197675

14 41 0.020894

15 41 0.0219381

16 41 0.0228957

17 41 0.0237628

18 41 0.0245362

19 41 0.0252128

20 41 0.0257898

21 41 0.0262651

22 41 0.0266367

23 41 0.0269032

24 41 0.0270635

25 41 0.027117

26 41 0.0270635

27 41 0.0269032

28 41 0.0266367

29 41 0.0262651

30 41 0.0257898

31 41 0.0252128

32 41 0.0245362

33 41 0.0237628

34 41 0.0228957

35 41 0.0219381

36 41 0.020894

37 41 0.0197675

38 41 0.0185629

39 41 0.0172851

40 41 0.015939

41 41 0.01453

42 41 0.0130637

43 41 0.0115459

44 41 0.00998245

45 41 0.00837963

46 41 0.00674373

47 41 0.00508123

48 41 0.00339867

49 41 0.00170269

50 41 0

0 42 0

1 42 0.00153087

2 42 0.00305569

3 42 0.00456845

4 42 0.00606319

5 42 0.00753399

6 42 0.00897507

7 42 0.0103807

8 42 0.0117454

9 42 0.0130637

10 42 0.0143305

11 42 0.0155407

12 42 0.0166896

13 42 0.0177726

14 42 0.0187855

15 42 0.0197243

16 42 0.0205852

17 42 0.0213648

18 42 0.0220602

19 42 0.0226684

20 42 0.0231873

21 42 0.0236146

22 42 0.0239487

23 42 0.0241883

24 42 0.0243324

25 42 0.0243805

26 42 0.0243324

27 42 0.0241883

28 42 0.0239487

29 42 0.0236146

30 42 0.0231873

31 42 0.0226684

32 42 0.0220602

33 42 0.0213648

34 42 0.0205852

35 42 0.0197243

36 42 0.0187855

37 42 0.0177726

38 42 0.0166896

39 42 0.0155407

40 42 0.0143305

41 42 0.0130637

42 42 0.0117454

43 42 0.0103807

44 42 0.00897507

45 42 0.00753399

46 42 0.00606319

47 42 0.00456845

48 42 0.00305569

49 42 0.00153087

50 42 0

0 43 0

1 43 0.001353

2 43 0.00270065

3 43 0.00403765

4 43 0.00535871

5 43 0.00665863

6 43 0.00793226

7 43 0.0091746

8 43 0.0103807

9 43 0.0115459

10 43 0.0126655

11 43 0.0137351

12 43 0.0147505

13 43 0.0157077

14 43 0.0166028

15 43 0.0174325

16 43 0.0181934

17 43 0.0188825

18 43 0.019497

19 43 0.0200346

20 43 0.0204932

21 43 0.0208708

22 43 0.0211661

23 43 0.0213779

24 43 0.0215053

25 43 0.0215478

26 43 0.0215053

27 43 0.0213779

28 43 0.0211661

29 43 0.0208708

30 43 0.0204932

31 43 0.0200346

32 43 0.019497

33 43 0.0188825

34 43 0.0181934

35 43 0.0174325

36 43 0.0166028

37 43 0.0157077

38 43 0.0147505

39 43 0.0137351

40 43 0.0126655

41 43 0.0115459

42 43 0.0103807

43 43 0.0091746

44 43 0.00793226

45 43 0.00665863

46 43 0.00535871

47 43 0.00403765

48 43 0.00270065

49 43 0.001353

50 43 0

0 44 0

1 44 0.00116979

2 44 0.00233496

3 44 0.00349091

4 44 0.00463309

5 44 0.00575698

6 44 0.00685816

7 44 0.00793226

8 44 0.00897507

9 44 0.00998245

10 44 0.0109504

11 44 0.0118752

12 44 0.0127531

13 44 0.0135807

14 44 0.0143547

15 44 0.015072

16 44 0.0157298

17 44 0.0163256

18 44 0.0168569

19 44 0.0173217

20 44 0.0177182

21 44 0.0180447

22 44 0.0183

23 44 0.0184831

24 44 0.0185932

25 44 0.01863

26 44 0.0185932

27 44 0.0184831

28 44 0.0183

29 44 0.0180447

30 44 0.0177182

31 44 0.0173217

32 44 0.0168569

33 44 0.0163256

34 44 0.0157298

35 44 0.015072

36 44 0.0143547

37 44 0.0135807

38 44 0.0127531

39 44 0.0118752

40 44 0.0109504

41 44 0.00998245

42 44 0.00897507

43 44 0.00793226

44 44 0.00685816

45 44 0.00575698

46 44 0.00463309

47 44 0.00349091

48 44 0.00233496

49 44 0.00116979

50 44 0

0 45 0

1 45 0.000981961

2 45 0.00196005

3 45 0.0029304

4 45 0.00388918

5 45 0.00483262

6 45 0.00575698

7 45 0.00665863

8 45 0.00753399

9 45 0.00837963

10 45 0.00919219

11 45 0.00996847

12 45 0.0107054

13 45 0.0114001

14 45 0.0120498

15 45 0.012652

16 45 0.0132042

17 45 0.0137043

18 45 0.0141503

19 45 0.0145405

20 45 0.0148733

21 45 0.0151474

22 45 0.0153617

23 45 0.0155154

24 45 0.0156078

25 45 0.0156387

26 45 0.0156078

27 45 0.0155154

28 45 0.0153617

29 45 0.0151474

30 45 0.0148733

31 45 0.0145405

32 45 0.0141503

33 45 0.0137043

34 45 0.0132042

35 45 0.012652

36 45 0.0120498

37 45 0.0114001

38 45 0.0107054

39 45 0.00996847

40 45 0.00919219

41 45 0.00837963

42 45 0.00753399

43 45 0.00665863

44 45 0.00575698

45 45 0.00483262

46 45 0.00388918

47 45 0.0029304

48 45 0.00196005

49 45 0.000981961

50 45 0

0 46 0

1 46 0.00079026

2 46 0.0015774

3 46 0.00235832

4 46 0.00312993

5 46 0.00388918

6 46 0.00463309

7 46 0.00535871

8 46 0.00606319

9 46 0.00674373

10 46 0.00739767

11 46 0.0080224

12 46 0.00861548

13 46 0.00917455

14 46 0.00969742

15 46 0.010182

16 46 0.0106264

17 46 0.0110289

18 46 0.0113878

19 46 0.0117019

20 46 0.0119697

21 46 0.0121903

22 46 0.0123627

23 46 0.0124864

24 46 0.0125608

25 46 0.0125857

26 46 0.0125608

27 46 0.0124864

28 46 0.0123627

29 46 0.0121903

30 46 0.0119697

31 46 0.0117019

32 46 0.0113878

33 46 0.0110289

34 46 0.0106264

35 46 0.010182

36 46 0.00969742

37 46 0.00917455

38 46 0.00861548

39 46 0.0080224

40 46 0.00739767

41 46 0.00674373

42 46 0.00606319

43 46 0.00535871

44 46 0.00463309

45 46 0.00388918

46 46 0.00312993

47 46 0.00235832

48 46 0.0015774

49 46 0.00079026

50 46 0

0 47 0

1 47 0.00059544

2 47 0.00118853

3 47 0.00177693

4 47 0.00235832

5 47 0.0029304

6 47 0.00349091

7 47 0.00403765

8 47 0.00456845

9 47 0.00508123

10 47 0.00557395

11 47 0.00604467

12 47 0.00649154

13 47 0.00691278

14 47 0.00730675

15 47 0.00767188

16 47 0.00800673

17 47 0.00830999

18 47 0.00858044

19 47 0.00881704

20 47 0.00901884

21 47 0.00918504

22 47 0.009315

23 47 0.00940819

24 47 0.00946425

25 47 0.00948297

26 47 0.00946425

27 47 0.00940819

28 47 0.009315

29 47 0.00918504

30 47 0.00901884

31 47 0.00881704

32 47 0.00858044

33 47 0.00830999

34 47 0.00800673

35 47 0.00767188

36 47 0.00730675

37 47 0.00691278

38 47 0.00649154

39 47 0.00604467

40 47 0.00557395

41 47 0.00508123

42 47 0.00456845

43 47 0.00403765

44 47 0.00349091

45 47 0.0029304

46 47 0.00235832

47 47 0.00177693

48 47 0.00118853

49 47 0.00059544

50 47 0

0 48 0

1 48 0.000398271

2 48 0.000794969

3 48 0.00118853

4 48 0.0015774

5 48 0.00196005

6 48 0.00233496

7 48 0.00270065

8 48 0.00305569

9 48 0.00339867

10 48 0.00372823

11 48 0.00404308

12 48 0.00434198

13 48 0.00462374

14 48 0.00488725

15 48 0.00513147

16 48 0.00535544

17 48 0.00555828

18 48 0.00573918

19 48 0.00589743

20 48 0.0060324

21 48 0.00614357

22 48 0.0062305

23 48 0.00629283

24 48 0.00633033

25 48 0.00634285

26 48 0.00633033

27 48 0.00629283

28 48 0.0062305

29 48 0.00614357

30 48 0.0060324

31 48 0.00589743

