0 1 0

1 1 0.000381155

2 1 0.000760806

3 1 0.00113745

4 1 0.00150961

5 1 0.00187581

6 1 0.00223461

7 1 0.00258459

8 1 0.00292437

9 1 0.00325261

10 1 0.00356801

11 1 0.00386933

12 1 0.00415538

13 1 0.00442503

14 1 0.00467722

15 1 0.00491095

16 1 0.00512529

17 1 0.00531941

18 1 0.00549254

19 1 0.00564399

20 1 0.00577316

21 1 0.00587956

22 1 0.00596274

23 1 0.0060224

24 1 0.00605829

25 1 0.00607026

26 1 0.00605829

27 1 0.0060224

28 1 0.00596274

29 1 0.00587956

30 1 0.00577316

31 1 0.00564399

32 1 0.00549254

33 1 0.00531941

34 1 0.00512529

35 1 0.00491095

36 1 0.00467722

37 1 0.00442503

38 1 0.00415538

39 1 0.00386933

40 1 0.00356801

41 1 0.00325261

42 1 0.00292437

43 1 0.00258459

44 1 0.00223461

45 1 0.00187581

46 1 0.00150961

47 1 0.00113745

48 1 0.000760806

49 1 0.000381155

50 1 0

0 2 0

1 2 0.000760806

2 2 0.00151861

3 2 0.00227042

4 2 0.00301327

5 2 0.00374423

6 2 0.00446041

7 2 0.00515898

8 2 0.0058372

9 2 0.00649238

10 2 0.00712194

11 2 0.00772339

12 2 0.00829436

13 2 0.0088326

14 2 0.00933598

15 2 0.00980251

16 2 0.0102304

17 2 0.0106178

18 2 0.0109634

19 2 0.0112657

20 2 0.0115235

21 2 0.0117359

22 2 0.011902

23 2 0.012021

24 2 0.0120927

25 2 0.0121166

26 2 0.0120927

27 2 0.012021

28 2 0.011902

29 2 0.0117359

30 2 0.0115235

31 2 0.0112657

32 2 0.0109634

33 2 0.0106178

34 2 0.0102304

35 2 0.00980251

36 2 0.00933598

37 2 0.0088326

38 2 0.00829436

39 2 0.00772339

40 2 0.00712194

41 2 0.00649238

42 2 0.0058372

43 2 0.00515898

44 2 0.00446041

45 2 0.00374423

46 2 0.00301327

47 2 0.00227042

48 2 0.00151861

49 2 0.000760806

50 2 0

0 3 0

1 3 0.00113745

2 3 0.00227042

3 3 0.00339442

4 3 0.00450503

5 3 0.00559786

6 3 0.0066686

7 3 0.00771302

8 3 0.008727

9 3 0.00970653

10 3 0.0106478

11 3 0.011547

12 3 0.0124006

13 3 0.0132053

14 3 0.0139579

15 3 0.0146554

16 3 0.0152951

17 3 0.0158743

18 3 0.016391

19 3 0.016843

20 3 0.0172284

21 3 0.0175459

22 3 0.0177942

23 3 0.0179722

24 3 0.0180793

25 3 0.0181151

26 3 0.0180793

27 3 0.0179722

28 3 0.0177942

29 3 0.0175459

30 3 0.0172284

31 3 0.016843

32 3 0.016391

33 3 0.0158743

34 3 0.0152951

35 3 0.0146554

36 3 0.0139579

37 3 0.0132053

38 3 0.0124006

39 3 0.011547

40 3 0.0106478

41 3 0.00970653

42 3 0.008727

43 3 0.00771302

44 3 0.0066686

45 3 0.00559786

46 3 0.00450503

47 3 0.00339442

48 3 0.00227042

49 3 0.00113745

50 3 0

0 4 0

1 4 0.00150961

2 4 0.00301327

3 4 0.00450503

4 4 0.00597902

5 4 0.0074294

6 4 0.00885047

7 4 0.0102366

8 4 0.0115823

9 4 0.0128824

10 4 0.0141316

11 4 0.015325

12 4 0.0164579

13 4 0.0175259

14 4 0.0185247

15 4 0.0194504

16 4 0.0202994

17 4 0.0210682

18 4 0.0217539

19 4 0.0223537

20 4 0.0228654

21 4 0.0232867

22 4 0.0236162

23 4 0.0238525

24 4 0.0239946

25 4 0.0240421

26 4 0.0239946

27 4 0.0238525

28 4 0.0236162

29 4 0.0232867

30 4 0.0228654

31 4 0.0223537

32 4 0.0217539

33 4 0.0210682

34 4 0.0202994

35 4 0.0194504

36 4 0.0185247

37 4 0.0175259

38 4 0.0164579

39 4 0.015325

40 4 0.0141316

41 4 0.0128824

42 4 0.0115823

43 4 0.0102366

44 4 0.00885047

45 4 0.0074294

46 4 0.00597902

47 4 0.00450503

48 4 0.00301327

49 4 0.00150961

50 4 0

0 5 0

1 5 0.00187581

2 5 0.00374423

3 5 0.00559786

4 5 0.0074294

5 5 0.00923163

6 5 0.0109974

7 5 0.0127198

8 5 0.014392

9 5 0.0160074

10 5 0.0175596

11 5 0.0190425

12 5 0.0204503

13 5 0.0217773

14 5 0.0230184

15 5 0.0241687

16 5 0.0252236

17 5 0.0261789

18 5 0.027031

19 5 0.0277763

20 5 0.028412

21 5 0.0289356

22 5 0.029345

23 5 0.0296386

24 5 0.0298152

25 5 0.0298742

26 5 0.0298152

27 5 0.0296386

28 5 0.029345

29 5 0.0289356

30 5 0.028412

31 5 0.0277763

32 5 0.027031

33 5 0.0261789

34 5 0.0252236

35 5 0.0241687

36 5 0.0230184

37 5 0.0217773

38 5 0.0204503

39 5 0.0190425

40 5 0.0175596

41 5 0.0160074

42 5 0.014392

43 5 0.0127198

44 5 0.0109974

45 5 0.00923163

46 5 0.0074294

47 5 0.00559786

48 5 0.00374423

49 5 0.00187581

50 5 0

0 6 0

1 6 0.00223461

2 6 0.00446041

3 6 0.0066686

4 6 0.00885047

5 6 0.0109974

6 6 0.013101

7 6 0.0151528

8 6 0.0171448

9 6 0.0190692

10 6 0.0209183

11 6 0.0226849

12 6 0.0243619

13 6 0.0259428

14 6 0.0274213

15 6 0.0287916

16 6 0.0300483

17 6 0.0311863

18 6 0.0322013

19 6 0.0330892

20 6 0.0338466

21 6 0.0344703

22 6 0.034958

23 6 0.0353078

24 6 0.0355182

25 6 0.0355884

26 6 0.0355182

27 6 0.0353078

28 6 0.034958

29 6 0.0344703

30 6 0.0338466

31 6 0.0330892

32 6 0.0322013

33 6 0.0311863

34 6 0.0300483

35 6 0.0287916

36 6 0.0274213

37 6 0.0259428

38 6 0.0243619

39 6 0.0226849

40 6 0.0209183

41 6 0.0190692

42 6 0.0171448

43 6 0.0151528

44 6 0.013101

45 6 0.0109974

46 6 0.00885047

47 6 0.0066686

48 6 0.00446041

49 6 0.00223461

50 6 0

0 7 0

1 7 0.00258459

2 7 0.00515898

3 7 0.00771302

4 7 0.0102366

5 7 0.0127198

6 7 0.0151528

7 7 0.017526

8 7 0.01983

9 7 0.0220558

10 7 0.0241945

11 7 0.0262377

12 7 0.0281774

13 7 0.0300059

14 7 0.031716

15 7 0.0333009

16 7 0.0347543

17 7 0.0360707

18 7 0.0372446

19 7 0.0382716

20 7 0.0391475

21 7 0.039869

22 7 0.0404331

23 7 0.0408376

24 7 0.0410809

25 7 0.0411621

26 7 0.0410809

27 7 0.0408376

28 7 0.0404331

29 7 0.039869

30 7 0.0391475

31 7 0.0382716

32 7 0.0372446

33 7 0.0360707

34 7 0.0347543

35 7 0.0333009

36 7 0.031716

37 7 0.0300059

38 7 0.0281774

39 7 0.0262377

40 7 0.0241945

41 7 0.0220558

42 7 0.01983

43 7 0.017526

44 7 0.0151528

45 7 0.0127198

46 7 0.0102366

47 7 0.00771302

48 7 0.00515898

49 7 0.00258459

50 7 0

0 8 0

1 8 0.00292437

2 8 0.0058372

3 8 0.008727

4 8 0.0115823

5 8 0.014392

6 8 0.0171448

7 8 0.01983

8 8 0.0224369

9 8 0.0249553

10 8 0.0273752

11 8 0.029687

12 8 0.0318817

13 8 0.0339506

14 8 0.0358855

15 8 0.0376787

16 8 0.0393233

17 8 0.0408126

18 8 0.0421409

19 8 0.0433029

20 8 0.044294

21 8 0.0451103

22 8 0.0457485

23 8 0.0462062

24 8 0.0464816

25 8 0.0465735

26 8 0.0464816

27 8 0.0462062

28 8 0.0457485

29 8 0.0451103

30 8 0.044294

31 8 0.0433029

32 8 0.0421409

33 8 0.0408126

34 8 0.0393233

35 8 0.0376787

36 8 0.0358855

37 8 0.0339506

38 8 0.0318817

39 8 0.029687

40 8 0.0273752

41 8 0.0249553

42 8 0.0224369

43 8 0.01983

44 8 0.0171448

45 8 0.014392

46 8 0.0115823

47 8 0.008727

48 8 0.0058372

49 8 0.00292437

50 8 0

0 9 0

1 9 0.00325261

2 9 0.00649238

3 9 0.00970653

4 9 0.0128824

5 9 0.0160074

6 9 0.0190692

7 9 0.0220558

8 9 0.0249553

9 9 0.0277563

10 9 0.0304478

11 9 0.0330192

12 9 0.0354602

13 9 0.0377613

14 9 0.0399133

15 9 0.0419079

16 9 0.043737

17 9 0.0453935

18 9 0.0468709

19 9 0.0481633

20 9 0.0492657

21 9 0.0501735

22 9 0.0508834

23 9 0.0513925

24 9 0.0516988

25 9 0.051801

26 9 0.0516988

27 9 0.0513925

28 9 0.0508834

29 9 0.0501735

30 9 0.0492657

31 9 0.0481633

32 9 0.0468709

33 9 0.0453935

34 9 0.043737

35 9 0.0419079

36 9 0.0399133

37 9 0.0377613

38 9 0.0354602

39 9 0.0330192

40 9 0.0304478

41 9 0.0277563

42 9 0.0249553

43 9 0.0220558

44 9 0.0190692

45 9 0.0160074

46 9 0.0128824

47 9 0.00970653

48 9 0.00649238

49 9 0.00325261

50 9 0

0 10 0

1 10 0.00356801

2 10 0.00712194

3 10 0.0106478

4 10 0.0141316

5 10 0.0175596

6 10 0.0209183

7 10 0.0241945

8 10 0.0273752

9 10 0.0304478

10 10 0.0334003

11 10 0.036221

12 10 0.0388987

13 10 0.0414229

14 10 0.0437837

15 10 0.0459716

16 10 0.0479781

17 10 0.0497953

18 10 0.0514159

19 10 0.0528337

20 10 0.0540429

21 10 0.0550388

22 10 0.0558175

23 10 0.056376

24 10 0.0567119

25 10 0.056824

26 10 0.0567119

27 10 0.056376

28 10 0.0558175

29 10 0.0550388

30 10 0.0540429

31 10 0.0528337

32 10 0.0514159

33 10 0.0497953

34 10 0.0479781

35 10 0.0459716

36 10 0.0437837

37 10 0.0414229

38 10 0.0388987

39 10 0.036221

40 10 0.0334003

41 10 0.0304478

42 10 0.0273752

43 10 0.0241945

44 10 0.0209183

45 10 0.0175596

46 10 0.0141316

47 10 0.0106478

48 10 0.00712194

49 10 0.00356801

50 10 0

0 11 0

1 11 0.00386933

2 11 0.00772339

3 11 0.011547

4 11 0.015325

5 11 0.0190425

6 11 0.0226849

7 11 0.0262377

8 11 0.029687

9 11 0.0330192

10 11 0.036221

11 11 0.0392799

12 11 0.0421838

13 11 0.0449211

14 11 0.0474812

15 11 0.0498539

16 11 0.0520299

17 11 0.0540005

18 11 0.055758

19 11 0.0572955

20 11 0.0586068

21 11 0.0596869

22 11 0.0605314

23 11 0.0611369

24 11 0.0615013

25 11 0.0616229

26 11 0.0615013

27 11 0.0611369

28 11 0.0605314

29 11 0.0596869

30 11 0.0586068

31 11 0.0572955

32 11 0.055758

33 11 0.0540005

34 11 0.0520299

35 11 0.0498539

36 11 0.0474812

37 11 0.0449211

38 11 0.0421838

39 11 0.0392799

40 11 0.036221

41 11 0.0330192

42 11 0.029687

43 11 0.0262377

44 11 0.0226849

45 11 0.0190425

46 11 0.015325

47 11 0.011547

48 11 0.00772339

49 11 0.00386933

50 11 0

0 12 0

1 12 0.00415538

2 12 0.00829436

3 12 0.0124006

4 12 0.0164579

5 12 0.0204503

6 12 0.0243619

7 12 0.0281774

8 12 0.0318817

9 12 0.0354602

10 12 0.0388987

11 12 0.0421838

12 12 0.0453023

13 12 0.048242

14 12 0.0509914

15 12 0.0535395

16 12 0.0558763

17 12 0.0579926

18 12 0.0598801

19 12 0.0615312

20 12 0.0629395

21 12 0.0640994

22 12 0.0650063

23 12 0.0656566

24 12 0.0660479

25 12 0.0661785

26 12 0.0660479

27 12 0.0656566

28 12 0.0650063

29 12 0.0640994

30 12 0.0629395

31 12 0.0615312

32 12 0.0598801

33 12 0.0579926

34 12 0.0558763

35 12 0.0535395

36 12 0.0509914

37 12 0.048242

38 12 0.0453023

39 12 0.0421838

40 12 0.0388987

41 12 0.0354602

42 12 0.0318817

43 12 0.0281774

44 12 0.0243619

45 12 0.0204503

46 12 0.0164579

47 12 0.0124006

48 12 0.00829436

49 12 0.00415538

50 12 0

0 13 0

1 13 0.00442503

2 13 0.0088326

3 13 0.0132053

4 13 0.0175259

5 13 0.0217773

6 13 0.0259428

7 13 0.0300059

8 13 0.0339506

9 13 0.0377613

10 13 0.0414229

11 13 0.0449211

12 13 0.048242

13 13 0.0513726

14 13 0.0543003

15 13 0.0570138

16 13 0.0595023

17 13 0.0617559

18 13 0.0637658

19 13 0.0655241

20 13 0.0670237

21 13 0.0682589

22 13 0.0692247

23 13 0.0699172

24 13 0.0703339

25 13 0.0704729

26 13 0.0703339

27 13 0.0699172

28 13 0.0692247

29 13 0.0682589

30 13 0.0670237

31 13 0.0655241

32 13 0.0637658

33 13 0.0617559

34 13 0.0595023

35 13 0.0570138

36 13 0.0543003

37 13 0.0513726

38 13 0.048242

39 13 0.0449211

40 13 0.0414229

41 13 0.0377613

42 13 0.0339506

43 13 0.0300059

44 13 0.0259428

45 13 0.0217773

46 13 0.0175259

47 13 0.0132053

48 13 0.0088326

49 13 0.00442503

50 13 0

0 14 0

1 14 0.00467722

2 14 0.00933598

3 14 0.0139579

4 14 0.0185247

5 14 0.0230184

6 14 0.0274213

7 14 0.031716

8 14 0.0358855

9 14 0.0399133

10 14 0.0437837

11 14 0.0474812

12 14 0.0509914

13 14 0.0543003

14 14 0.057395

15 14 0.0602631

16 14 0.0628934

17 14 0.0652754

18 14 0.0673999

19 14 0.0692584

20 14 0.0708435

21 14 0.072149

22 14 0.0731698

23 14 0.0739019

24 14 0.0743423

25 14 0.0744892

26 14 0.0743423

27 14 0.0739019

28 14 0.0731698

29 14 0.072149

30 14 0.0708435

31 14 0.0692584

32 14 0.0673999

33 14 0.0652754

34 14 0.0628934

35 14 0.0602631

36 14 0.057395

37 14 0.0543003

38 14 0.0509914

39 14 0.0474812

40 14 0.0437837

41 14 0.0399133

42 14 0.0358855

43 14 0.031716

44 14 0.0274213

45 14 0.0230184

46 14 0.0185247

47 14 0.0139579

48 14 0.00933598

49 14 0.00467722

50 14 0

0 15 0

1 15 0.00491095

2 15 0.00980251

3 15 0.0146554

4 15 0.0194504

5 15 0.0241687

6 15 0.0287916

7 15 0.0333009

8 15 0.0376787

9 15 0.0419079

10 15 0.0459716

11 15 0.0498539

12 15 0.0535395

13 15 0.0570138

14 15 0.0602631

15 15 0.0632745

16 15 0.0660362

17 15 0.0685373

18 15 0.070768

19 15 0.0727193

20 15 0.0743836

21 15 0.0757544

22 15 0.0768262

23 15 0.0775949

24 15 0.0780573

25 15 0.0782116

26 15 0.0780573

27 15 0.0775949

28 15 0.0768262

29 15 0.0757544

30 15 0.0743836

31 15 0.0727193

32 15 0.070768

33 15 0.0685373

34 15 0.0660362

35 15 0.0632745

36 15 0.0602631

37 15 0.0570138

38 15 0.0535395

39 15 0.0498539

40 15 0.0459716

41 15 0.0419079

42 15 0.0376787

43 15 0.0333009

44 15 0.0287916

45 15 0.0241687

46 15 0.0194504

47 15 0.0146554

48 15 0.00980251

49 15 0.00491095

50 15 0

0 16 0

1 16 0.00512529

2 16 0.0102304

3 16 0.0152951

4 16 0.0202994

5 16 0.0252236

6 16 0.0300483

7 16 0.0347543

8 16 0.0393233

9 16 0.043737

10 16 0.0479781

11 16 0.0520299

12 16 0.0558763

13 16 0.0595023

14 16 0.0628934

15 16 0.0660362

16 16 0.0689185

17 16 0.0715288

18 16 0.0738568

19 16 0.0758933

20 16 0.0776302

21 16 0.0790609

22 16 0.0801795

23 16 0.0809816

24 16 0.0814642

25 16 0.0816253

26 16 0.0814642

27 16 0.0809816

28 16 0.0801795

29 16 0.0790609

30 16 0.0776302

31 16 0.0758933

32 16 0.0738568

33 16 0.0715288

34 16 0.0689185

35 16 0.0660362

36 16 0.0628934

37 16 0.0595023

38 16 0.0558763

39 16 0.0520299

40 16 0.0479781

41 16 0.043737

42 16 0.0393233

43 16 0.0347543

44 16 0.0300483

45 16 0.0252236

46 16 0.0202994

47 16 0.0152951

48 16 0.0102304

49 16 0.00512529

50 16 0

0 17 0

1 17 0.00531941

2 17 0.0106178

3 17 0.0158743

4 17 0.0210682

5 17 0.0261789

6 17 0.0311863

7 17 0.0360707

8 17 0.0408126

9 17 0.0453935

10 17 0.0497953

11 17 0.0540005

12 17 0.0579926

13 17 0.0617559

14 17 0.0652754

15 17 0.0685373

16 17 0.0715288

17 17 0.0742379

18 17 0.0766541

19 17 0.0787677

20 17 0.0805705

21 17 0.0820553

22 17 0.0832162

23 17 0.0840488

24 17 0.0845496

25 17 0.0847168

26 17 0.0845496

27 17 0.0840488

28 17 0.0832162

29 17 0.0820553

30 17 0.0805705

31 17 0.0787677

32 17 0.0766541

33 17 0.0742379

34 17 0.0715288

35 17 0.0685373

36 17 0.0652754

37 17 0.0617559

38 17 0.0579926

39 17 0.0540005

40 17 0.0497953

41 17 0.0453935

42 17 0.0408126

43 17 0.0360707

44 17 0.0311863

45 17 0.0261789

46 17 0.0210682

47 17 0.0158743

48 17 0.0106178

49 17 0.00531941

50 17 0

0 18 0

1 18 0.00549254

2 18 0.0109634

3 18 0.016391

4 18 0.0217539

5 18 0.027031

6 18 0.0322013

7 18 0.0372446

8 18 0.0421409

9 18 0.0468709

10 18 0.0514159

11 18 0.055758

12 18 0.0598801

13 18 0.0637658

14 18 0.0673999

15 18 0.070768

16 18 0.0738568

17 18 0.0766541

18 18 0.0791489

19 18 0.0813313

20 18 0.0831927

21 18 0.0847259

22 18 0.0859246

23 18 0.0867843

24 18 0.0873014

25 18 0.087474

26 18 0.0873014

27 18 0.0867843

28 18 0.0859246

29 18 0.0847259

30 18 0.0831927

31 18 0.0813313

32 18 0.0791489

33 18 0.0766541

34 18 0.0738568

35 18 0.070768

36 18 0.0673999

37 18 0.0637658

38 18 0.0598801

39 18 0.055758

40 18 0.0514159

41 18 0.0468709

42 18 0.0421409

43 18 0.0372446

44 18 0.0322013

45 18 0.027031

46 18 0.0217539

47 18 0.016391

48 18 0.0109634

49 18 0.00549254

50 18 0

0 19 0

1 19 0.00564399

2 19 0.0112657

3 19 0.016843

4 19 0.0223537

5 19 0.0277763

6 19 0.0330892

7 19 0.0382716

8 19 0.0433029

9 19 0.0481633

10 19 0.0528337

11 19 0.0572955

12 19 0.0615312

13 19 0.0655241

14 19 0.0692584

15 19 0.0727193

16 19 0.0758933

17 19 0.0787677

18 19 0.0813313

19 19 0.0835739

20 19 0.0854867

21 19 0.0870621

22 19 0.0882939

23 19 0.0891772

24 19 0.0897086

25 19 0.089886

26 19 0.0897086

27 19 0.0891772

28 19 0.0882939

29 19 0.0870621

30 19 0.0854867

31 19 0.0835739

32 19 0.0813313

33 19 0.0787677

34 19 0.0758933

35 19 0.0727193

36 19 0.0692584

37 19 0.0655241

38 19 0.0615312

39 19 0.0572955

40 19 0.0528337

41 19 0.0481633

42 19 0.0433029

43 19 0.0382716

44 19 0.0330892

45 19 0.0277763

46 19 0.0223537

47 19 0.016843

48 19 0.0112657

49 19 0.00564399

50 19 0

0 20 0

1 20 0.00577316

2 20 0.0115235

3 20 0.0172284

4 20 0.0228654

5 20 0.028412

6 20 0.0338466

7 20 0.0391475

8 20 0.044294

9 20 0.0492657

10 20 0.0540429

11 20 0.0586068

12 20 0.0629395

13 20 0.0670237

14 20 0.0708435

15 20 0.0743836

16 20 0.0776302

17 20 0.0805705

18 20 0.0831927

19 20 0.0854867

20 20 0.0874432

21 20 0.0890547

22 20 0.0903147

23 20 0.0912182

24 20 0.0917618

25 20 0.0919432

26 20 0.0917618

27 20 0.0912182

28 20 0.0903147

29 20 0.0890547

30 20 0.0874432

31 20 0.0854867

32 20 0.0831927

33 20 0.0805705

34 20 0.0776302

35 20 0.0743836

36 20 0.0708435

37 20 0.0670237

38 20 0.0629395

39 20 0.0586068

40 20 0.0540429

41 20 0.0492657

42 20 0.044294

43 20 0.0391475

44 20 0.0338466

45 20 0.028412

46 20 0.0228654

47 20 0.0172284

48 20 0.0115235

49 20 0.00577316

50 20 0

0 21 0

1 21 0.00587956

2 21 0.0117359

3 21 0.0175459

4 21 0.0232867

5 21 0.0289356

6 21 0.0344703

7 21 0.039869

8 21 0.0451103

9 21 0.0501735

10 21 0.0550388

11 21 0.0596869

12 21 0.0640994

13 21 0.0682589

14 21 0.072149

15 21 0.0757544

16 21 0.0790609

17 21 0.0820553

18 21 0.0847259

19 21 0.0870621

20 21 0.0890547

21 21 0.0906958

22 21 0.091979

23 21 0.0928993

24 21 0.0934529

25 21 0.0936376

26 21 0.0934529

27 21 0.0928993

28 21 0.091979

29 21 0.0906958

30 21 0.0890547

31 21 0.0870621

32 21 0.0847259

33 21 0.0820553

34 21 0.0790609

35 21 0.0757544

36 21 0.072149

37 21 0.0682589

38 21 0.0640994

39 21 0.0596869

40 21 0.0550388

41 21 0.0501735

42 21 0.0451103

43 21 0.039869

44 21 0.0344703

45 21 0.0289356

46 21 0.0232867

47 21 0.0175459

48 21 0.0117359

49 21 0.00587956

50 21 0

0 22 0

1 22 0.00596274

2 22 0.011902

3 22 0.0177942

4 22 0.0236162

5 22 0.029345

6 22 0.034958

7 22 0.0404331

8 22 0.0457485

9 22 0.0508834

10 22 0.0558175

11 22 0.0605314

12 22 0.0650063

13 22 0.0692247

14 22 0.0731698

15 22 0.0768262

16 22 0.0801795

17 22 0.0832162

18 22 0.0859246

19 22 0.0882939

20 22 0.0903147

21 22 0.091979

22 22 0.0932804

23 22 0.0942137

24 22 0.0947751

25 22 0.0949625

26 22 0.0947751

27 22 0.0942137

28 22 0.0932804

29 22 0.091979

30 22 0.0903147

31 22 0.0882939

32 22 0.0859246

33 22 0.0832162

34 22 0.0801795

35 22 0.0768262

36 22 0.0731698

37 22 0.0692247

38 22 0.0650063

39 22 0.0605314

40 22 0.0558175

41 22 0.0508834

42 22 0.0457485

43 22 0.0404331

44 22 0.034958

45 22 0.029345

46 22 0.0236162

47 22 0.0177942

48 22 0.011902

49 22 0.00596274

50 22 0

0 23 0

1 23 0.0060224

2 23 0.012021

3 23 0.0179722

4 23 0.0238525

5 23 0.0296386

6 23 0.0353078

7 23 0.0408376

8 23 0.0462062

9 23 0.0513925

10 23 0.056376

11 23 0.0611369

12 23 0.0656566

13 23 0.0699172

14 23 0.0739019

15 23 0.0775949

16 23 0.0809816

17 23 0.0840488

18 23 0.0867843

19 23 0.0891772

20 23 0.0912182

21 23 0.0928993

22 23 0.0942137

23 23 0.0951562

24 23 0.0957233

25 23 0.0959125

26 23 0.0957233

27 23 0.0951562

28 23 0.0942137

29 23 0.0928993

30 23 0.0912182

31 23 0.0891772

32 23 0.0867843

33 23 0.0840488

34 23 0.0809816

35 23 0.0775949

36 23 0.0739019

37 23 0.0699172

38 23 0.0656566

39 23 0.0611369

40 23 0.056376

41 23 0.0513925

42 23 0.0462062

43 23 0.0408376

44 23 0.0353078

45 23 0.0296386

46 23 0.0238525

47 23 0.0179722

48 23 0.012021

49 23 0.0060224

50 23 0

0 24 0

1 24 0.00605829

2 24 0.0120927

3 24 0.0180793

4 24 0.0239946

5 24 0.0298152

6 24 0.0355182

7 24 0.0410809

8 24 0.0464816

9 24 0.0516988

10 24 0.0567119

11 24 0.0615013

12 24 0.0660479

13 24 0.0703339

14 24 0.0743423

15 24 0.0780573

16 24 0.0814642

17 24 0.0845496

18 24 0.0873014

19 24 0.0897086

20 24 0.0917618

21 24 0.0934529

22 24 0.0947751

23 24 0.0957233

24 24 0.0962937

25 24 0.0964841

26 24 0.0962937

27 24 0.0957233

28 24 0.0947751

29 24 0.0934529

30 24 0.0917618

31 24 0.0897086

32 24 0.0873014

33 24 0.0845496

34 24 0.0814642

35 24 0.0780573

36 24 0.0743423

37 24 0.0703339

38 24 0.0660479

39 24 0.0615013

40 24 0.0567119

41 24 0.0516988

42 24 0.0464816

43 24 0.0410809

44 24 0.0355182

45 24 0.0298152

46 24 0.0239946

47 24 0.0180793

48 24 0.0120927

49 24 0.00605829

50 24 0

0 25 0

1 25 0.00607026

2 25 0.0121166

3 25 0.0181151

4 25 0.0240421

5 25 0.0298742

6 25 0.0355884

7 25 0.0411621

8 25 0.0465735

9 25 0.051801

10 25 0.056824

11 25 0.0616229

12 25 0.0661785

13 25 0.0704729

14 25 0.0744892

15 25 0.0782116

16 25 0.0816253

17 25 0.0847168

18 25 0.087474

19 25 0.089886

20 25 0.0919432

21 25 0.0936376

22 25 0.0949625

23 25 0.0959125

24 25 0.0964841

25 25 0.0966748

26 25 0.0964841

27 25 0.0959125

28 25 0.0949625

29 25 0.0936376

30 25 0.0919432

31 25 0.089886

32 25 0.087474

33 25 0.0847168

34 25 0.0816253

35 25 0.0782116

36 25 0.0744892

37 25 0.0704729

38 25 0.0661785

39 25 0.0616229

40 25 0.056824

41 25 0.051801

42 25 0.0465735

43 25 0.0411621

44 25 0.0355884

45 25 0.0298742

46 25 0.0240421

47 25 0.0181151

48 25 0.0121166

49 25 0.00607026

50 25 0

0 26 0

1 26 0.00605829

2 26 0.0120927

3 26 0.0180793

4 26 0.0239946

5 26 0.0298152

6 26 0.0355182

7 26 0.0410809

8 26 0.0464816

9 26 0.0516988

10 26 0.0567119

11 26 0.0615013

12 26 0.0660479

13 26 0.0703339

14 26 0.0743423

15 26 0.0780573

16 26 0.0814642

17 26 0.0845496

18 26 0.0873014

19 26 0.0897086

20 26 0.0917618

21 26 0.0934529

22 26 0.0947751

23 26 0.0957233

24 26 0.0962937

25 26 0.0964841

26 26 0.0962937

27 26 0.0957233

28 26 0.0947751

29 26 0.0934529

30 26 0.0917618

31 26 0.0897086

32 26 0.0873014

33 26 0.0845496

34 26 0.0814642

35 26 0.0780573

36 26 0.0743423

37 26 0.0703339

38 26 0.0660479

39 26 0.0615013

40 26 0.0567119

41 26 0.0516988

42 26 0.0464816

43 26 0.0410809

44 26 0.0355182

45 26 0.0298152

46 26 0.0239946

47 26 0.0180793

48 26 0.0120927

49 26 0.00605829

50 26 0

0 27 0

1 27 0.0060224

2 27 0.012021

3 27 0.0179722

4 27 0.0238525

5 27 0.0296386

6 27 0.0353078

7 27 0.0408376

8 27 0.0462062

9 27 0.0513925

10 27 0.056376

11 27 0.0611369

12 27 0.0656566

13 27 0.0699172

14 27 0.0739019

15 27 0.0775949

16 27 0.0809816

17 27 0.0840488

18 27 0.0867843

19 27 0.0891772

20 27 0.0912182

21 27 0.0928993

22 27 0.0942137

23 27 0.0951562

24 27 0.0957233

25 27 0.0959125

26 27 0.0957233

27 27 0.0951562

28 27 0.0942137

29 27 0.0928993

30 27 0.0912182

31 27 0.0891772

32 27 0.0867843

33 27 0.0840488

34 27 0.0809816

35 27 0.0775949

36 27 0.0739019

37 27 0.0699172

38 27 0.0656566

39 27 0.0611369

40 27 0.056376

41 27 0.0513925

42 27 0.0462062

43 27 0.0408376

44 27 0.0353078

45 27 0.0296386

46 27 0.0238525

47 27 0.0179722

48 27 0.012021

49 27 0.0060224

50 27 0

0 28 0

1 28 0.00596274

2 28 0.011902

3 28 0.0177942

4 28 0.0236162

5 28 0.029345

6 28 0.034958

7 28 0.0404331

8 28 0.0457485

9 28 0.0508834

10 28 0.0558175

11 28 0.0605314

12 28 0.0650063

13 28 0.0692247

14 28 0.0731698

15 28 0.0768262

16 28 0.0801795

17 28 0.0832162

18 28 0.0859246

19 28 0.0882939

20 28 0.0903147

21 28 0.091979

22 28 0.0932804

23 28 0.0942137

24 28 0.0947751

25 28 0.0949625

26 28 0.0947751

27 28 0.0942137

28 28 0.0932804

29 28 0.091979

30 28 0.0903147

31 28 0.0882939

32 28 0.0859246

33 28 0.0832162

34 28 0.0801795

35 28 0.0768262

36 28 0.0731698

37 28 0.0692247

38 28 0.0650063

39 28 0.0605314

40 28 0.0558175

41 28 0.0508834

42 28 0.0457485

43 28 0.0404331

44 28 0.034958

45 28 0.029345

46 28 0.0236162

47 28 0.0177942

48 28 0.011902

49 28 0.00596274

50 28 0

0 29 0

1 29 0.00587956

2 29 0.0117359

3 29 0.0175459

4 29 0.0232867

5 29 0.0289356

6 29 0.0344703

7 29 0.039869

8 29 0.0451103

9 29 0.0501735

10 29 0.0550388

11 29 0.0596869

12 29 0.0640994

13 29 0.0682589

14 29 0.072149

15 29 0.0757544

16 29 0.0790609

17 29 0.0820553

18 29 0.0847259

19 29 0.0870621

20 29 0.0890547

21 29 0.0906958

22 29 0.091979

23 29 0.0928993

24 29 0.0934529

25 29 0.0936376

26 29 0.0934529

27 29 0.0928993

28 29 0.091979

29 29 0.0906958

30 29 0.0890547

31 29 0.0870621

32 29 0.0847259

33 29 0.0820553

34 29 0.0790609

35 29 0.0757544

36 29 0.072149

37 29 0.0682589

38 29 0.0640994

39 29 0.0596869

40 29 0.0550388

41 29 0.0501735

42 29 0.0451103

43 29 0.039869

44 29 0.0344703

45 29 0.0289356

46 29 0.0232867

47 29 0.0175459

48 29 0.0117359

49 29 0.00587956

50 29 0

0 30 0

1 30 0.00577316

2 30 0.0115235

3 30 0.0172284

4 30 0.0228654

5 30 0.028412

6 30 0.0338466

7 30 0.0391475

8 30 0.044294

9 30 0.0492657

10 30 0.0540429

11 30 0.0586068

12 30 0.0629395

13 30 0.0670237

14 30 0.0708435

15 30 0.0743836

16 30 0.0776302

17 30 0.0805705

18 30 0.0831927

19 30 0.0854867

20 30 0.0874432

21 30 0.0890547

22 30 0.0903147

23 30 0.0912182

24 30 0.0917618

25 30 0.0919432

26 30 0.0917618

27 30 0.0912182

28 30 0.0903147

29 30 0.0890547

30 30 0.0874432

31 30 0.0854867

32 30 0.0831927

33 30 0.0805705

34 30 0.0776302

35 30 0.0743836

36 30 0.0708435

37 30 0.0670237

38 30 0.0629395

39 30 0.0586068

40 30 0.0540429

41 30 0.0492657

42 30 0.044294

43 30 0.0391475

44 30 0.0338466

45 30 0.028412

46 30 0.0228654

47 30 0.0172284

48 30 0.0115235

49 30 0.00577316

50 30 0

0 31 0

1 31 0.00564399

2 31 0.0112657

3 31 0.016843

4 31 0.0223537

5 31 0.0277763

6 31 0.0330892

7 31 0.0382716

8 31 0.0433029

9 31 0.0481633

10 31 0.0528337

11 31 0.0572955

12 31 0.0615312

13 31 0.0655241

14 31 0.0692584

15 31 0.0727193

16 31 0.0758933

17 31 0.0787677

18 31 0.0813313

19 31 0.0835739

20 31 0.0854867

21 31 0.0870621

22 31 0.0882939

23 31 0.0891772

24 31 0.0897086

25 31 0.089886

26 31 0.0897086

27 31 0.0891772

28 31 0.0882939

29 31 0.0870621

30 31 0.0854867

31 31 0.0835739

32 31 0.0813313

33 31 0.0787677

34 31 0.0758933

35 31 0.0727193

36 31 0.0692584

37 31 0.0655241

38 31 0.0615312

39 31 0.0572955

40 31 0.0528337

41 31 0.0481633

42 31 0.0433029

43 31 0.0382716

44 31 0.0330892

45 31 0.0277763

46 31 0.0223537

47 31 0.016843

48 31 0.0112657

49 31 0.00564399

50 31 0

0 32 0

1 32 0.00549254

2 32 0.0109634

3 32 0.016391

4 32 0.0217539

5 32 0.027031

6 32 0.0322013

7 32 0.0372446

8 32 0.0421409

9 32 0.0468709

10 32 0.0514159

11 32 0.055758

12 32 0.0598801

13 32 0.0637658

14 32 0.0673999

15 32 0.070768

16 32 0.0738568

17 32 0.0766541

18 32 0.0791489

19 32 0.0813313

20 32 0.0831927

21 32 0.0847259

22 32 0.0859246

23 32 0.0867843

24 32 0.0873014

25 32 0.087474

26 32 0.0873014

27 32 0.0867843

28 32 0.0859246

29 32 0.0847259

30 32 0.0831927

31 32 0.0813313

32 32 0.0791489

33 32 0.0766541

34 32 0.0738568

35 32 0.070768

36 32 0.0673999

37 32 0.0637658

38 32 0.0598801

39 32 0.055758

40 32 0.0514159

41 32 0.0468709

42 32 0.0421409

43 32 0.0372446

44 32 0.0322013

45 32 0.027031

46 32 0.0217539

47 32 0.016391

48 32 0.0109634

49 32 0.00549254

50 32 0

0 33 0

1 33 0.00531941

2 33 0.0106178

3 33 0.0158743

4 33 0.0210682

5 33 0.0261789

6 33 0.0311863

7 33 0.0360707

8 33 0.0408126

9 33 0.0453935

10 33 0.0497953

11 33 0.0540005

12 33 0.0579926

13 33 0.0617559

14 33 0.0652754

15 33 0.0685373

16 33 0.0715288

17 33 0.0742379

18 33 0.0766541

19 33 0.0787677

20 33 0.0805705

21 33 0.0820553

22 33 0.0832162

23 33 0.0840488

24 33 0.0845496

25 33 0.0847168

26 33 0.0845496

27 33 0.0840488

28 33 0.0832162

29 33 0.0820553

30 33 0.0805705

31 33 0.0787677

32 33 0.0766541

33 33 0.0742379

34 33 0.0715288

35 33 0.0685373

36 33 0.0652754

37 33 0.0617559

38 33 0.0579926

39 33 0.0540005

40 33 0.0497953

41 33 0.0453935

42 33 0.0408126

43 33 0.0360707

44 33 0.0311863

45 33 0.0261789

46 33 0.0210682

47 33 0.0158743

48 33 0.0106178

49 33 0.00531941

50 33 0

0 34 0

1 34 0.00512529

2 34 0.0102304

3 34 0.0152951

4 34 0.0202994

5 34 0.0252236

6 34 0.0300483

7 34 0.0347543

8 34 0.0393233

9 34 0.043737

10 34 0.0479781

11 34 0.0520299

12 34 0.0558763

13 34 0.0595023

14 34 0.0628934

15 34 0.0660362

16 34 0.0689185

17 34 0.0715288

18 34 0.0738568

19 34 0.0758933

20 34 0.0776302

21 34 0.0790609

22 34 0.0801795

23 34 0.0809816

24 34 0.0814642

25 34 0.0816253

26 34 0.0814642

27 34 0.0809816

28 34 0.0801795

29 34 0.0790609

30 34 0.0776302

31 34 0.0758933

32 34 0.0738568

33 34 0.0715288

34 34 0.0689185

35 34 0.0660362

36 34 0.0628934

37 34 0.0595023

38 34 0.0558763

39 34 0.0520299

40 34 0.0479781

41 34 0.043737

42 34 0.0393233

43 34 0.0347543

44 34 0.0300483

45 34 0.0252236

46 34 0.0202994

47 34 0.0152951

48 34 0.0102304

49 34 0.00512529

50 34 0

0 35 0

1 35 0.00491095

2 35 0.00980251

3 35 0.0146554

4 35 0.0194504

5 35 0.0241687

6 35 0.0287916

7 35 0.0333009

8 35 0.0376787

9 35 0.0419079

10 35 0.0459716

11 35 0.0498539

12 35 0.0535395

13 35 0.0570138

14 35 0.0602631

15 35 0.0632745

16 35 0.0660362

17 35 0.0685373

18 35 0.070768

19 35 0.0727193

20 35 0.0743836

21 35 0.0757544

22 35 0.0768262

23 35 0.0775949

24 35 0.0780573

25 35 0.0782116

26 35 0.0780573

27 35 0.0775949

28 35 0.0768262

29 35 0.0757544

30 35 0.0743836

31 35 0.0727193

32 35 0.070768

33 35 0.0685373

34 35 0.0660362

35 35 0.0632745

36 35 0.0602631

37 35 0.0570138

38 35 0.0535395

39 35 0.0498539

40 35 0.0459716

41 35 0.0419079

42 35 0.0376787

43 35 0.0333009

44 35 0.0287916

45 35 0.0241687

46 35 0.0194504

47 35 0.0146554

48 35 0.00980251

49 35 0.00491095

50 35 0

0 36 0

1 36 0.00467722

2 36 0.00933598

3 36 0.0139579

4 36 0.0185247

5 36 0.0230184

6 36 0.0274213

7 36 0.031716

8 36 0.0358855

9 36 0.0399133

10 36 0.0437837

11 36 0.0474812

12 36 0.0509914

13 36 0.0543003

14 36 0.057395

15 36 0.0602631

16 36 0.0628934

17 36 0.0652754

18 36 0.0673999

19 36 0.0692584

20 36 0.0708435

21 36 0.072149

22 36 0.0731698

23 36 0.0739019

24 36 0.0743423

25 36 0.0744892

26 36 0.0743423

27 36 0.0739019

28 36 0.0731698

29 36 0.072149

30 36 0.0708435

31 36 0.0692584

32 36 0.0673999

33 36 0.0652754

34 36 0.0628934

35 36 0.0602631

36 36 0.057395

37 36 0.0543003

38 36 0.0509914

39 36 0.0474812

40 36 0.0437837

41 36 0.0399133

42 36 0.0358855

43 36 0.031716

44 36 0.0274213

45 36 0.0230184

46 36 0.0185247

47 36 0.0139579

48 36 0.00933598

49 36 0.00467722

50 36 0

0 37 0

1 37 0.00442503

2 37 0.0088326

3 37 0.0132053

4 37 0.0175259

5 37 0.0217773

6 37 0.0259428

7 37 0.0300059

8 37 0.0339506

9 37 0.0377613

10 37 0.0414229

11 37 0.0449211

12 37 0.048242

13 37 0.0513726

14 37 0.0543003

15 37 0.0570138

16 37 0.0595023

17 37 0.0617559

18 37 0.0637658

19 37 0.0655241

20 37 0.0670237

21 37 0.0682589

22 37 0.0692247

23 37 0.0699172

24 37 0.0703339

25 37 0.0704729

26 37 0.0703339

27 37 0.0699172

28 37 0.0692247

29 37 0.0682589

30 37 0.0670237

31 37 0.0655241

32 37 0.0637658

33 37 0.0617559

34 37 0.0595023

35 37 0.0570138

36 37 0.0543003

37 37 0.0513726

38 37 0.048242

39 37 0.0449211

40 37 0.0414229

41 37 0.0377613

42 37 0.0339506

43 37 0.0300059

44 37 0.0259428

45 37 0.0217773

46 37 0.0175259

47 37 0.0132053

48 37 0.0088326

49 37 0.00442503

50 37 0

0 38 0

1 38 0.00415538

2 38 0.00829436

3 38 0.0124006

4 38 0.0164579

5 38 0.0204503

6 38 0.0243619

7 38 0.0281774

8 38 0.0318817

9 38 0.0354602

10 38 0.0388987

11 38 0.0421838

12 38 0.0453023

13 38 0.048242

14 38 0.0509914

15 38 0.0535395

16 38 0.0558763

17 38 0.0579926

18 38 0.0598801

19 38 0.0615312

20 38 0.0629395

21 38 0.0640994

22 38 0.0650063

23 38 0.0656566

24 38 0.0660479

25 38 0.0661785

26 38 0.0660479

27 38 0.0656566

28 38 0.0650063

29 38 0.0640994

30 38 0.0629395

31 38 0.0615312

32 38 0.0598801

33 38 0.0579926

34 38 0.0558763

35 38 0.0535395

36 38 0.0509914

37 38 0.048242

38 38 0.0453023

39 38 0.0421838

40 38 0.0388987

41 38 0.0354602

42 38 0.0318817

43 38 0.0281774

44 38 0.0243619

45 38 0.0204503

46 38 0.0164579

47 38 0.0124006

48 38 0.00829436

49 38 0.00415538

50 38 0

0 39 0

1 39 0.00386933

2 39 0.00772339

3 39 0.011547

4 39 0.015325

5 39 0.0190425

6 39 0.0226849

7 39 0.0262377

8 39 0.029687

9 39 0.0330192

10 39 0.036221

11 39 0.0392799

12 39 0.0421838

13 39 0.0449211

14 39 0.0474812

15 39 0.0498539

16 39 0.0520299

17 39 0.0540005

18 39 0.055758

19 39 0.0572955

20 39 0.0586068

21 39 0.0596869

22 39 0.0605314

23 39 0.0611369

24 39 0.0615013

25 39 0.0616229

26 39 0.0615013

27 39 0.0611369

28 39 0.0605314

29 39 0.0596869

30 39 0.0586068

31 39 0.0572955

32 39 0.055758

33 39 0.0540005

34 39 0.0520299

35 39 0.0498539

36 39 0.0474812

37 39 0.0449211

38 39 0.0421838

39 39 0.0392799

40 39 0.036221

41 39 0.0330192

42 39 0.029687

43 39 0.0262377

44 39 0.0226849

45 39 0.0190425

46 39 0.015325

47 39 0.011547

48 39 0.00772339

49 39 0.00386933

50 39 0

0 40 0

1 40 0.00356801

2 40 0.00712194

3 40 0.0106478

4 40 0.0141316

5 40 0.0175596

6 40 0.0209183

7 40 0.0241945

8 40 0.0273752

9 40 0.0304478

10 40 0.0334003

11 40 0.036221

12 40 0.0388987

13 40 0.0414229

14 40 0.0437837

15 40 0.0459716

16 40 0.0479781

17 40 0.0497953

18 40 0.0514159

19 40 0.0528337

20 40 0.0540429

21 40 0.0550388

22 40 0.0558175

23 40 0.056376

24 40 0.0567119

25 40 0.056824

26 40 0.0567119

27 40 0.056376

28 40 0.0558175

29 40 0.0550388

30 40 0.0540429

31 40 0.0528337

32 40 0.0514159

33 40 0.0497953

34 40 0.0479781

35 40 0.0459716

36 40 0.0437837

37 40 0.0414229

38 40 0.0388987

39 40 0.036221

40 40 0.0334003

41 40 0.0304478

42 40 0.0273752

43 40 0.0241945

44 40 0.0209183

45 40 0.0175596

46 40 0.0141316

47 40 0.0106478

48 40 0.00712194

49 40 0.00356801

50 40 0

0 41 0

1 41 0.00325261

2 41 0.00649238

3 41 0.00970653

4 41 0.0128824

5 41 0.0160074

6 41 0.0190692

7 41 0.0220558

8 41 0.0249553

9 41 0.0277563

10 41 0.0304478

11 41 0.0330192

12 41 0.0354602

13 41 0.0377613

14 41 0.0399133

15 41 0.0419079

16 41 0.043737

17 41 0.0453935

18 41 0.0468709

19 41 0.0481633

20 41 0.0492657

21 41 0.0501735

22 41 0.0508834

23 41 0.0513925

24 41 0.0516988

25 41 0.051801

26 41 0.0516988

27 41 0.0513925

28 41 0.0508834

29 41 0.0501735

30 41 0.0492657

31 41 0.0481633

32 41 0.0468709

33 41 0.0453935

34 41 0.043737

35 41 0.0419079

36 41 0.0399133

37 41 0.0377613

38 41 0.0354602

39 41 0.0330192

40 41 0.0304478

41 41 0.0277563

42 41 0.0249553

43 41 0.0220558

44 41 0.0190692

45 41 0.0160074

46 41 0.0128824

47 41 0.00970653

48 41 0.00649238

49 41 0.00325261

50 41 0

0 42 0

1 42 0.00292437

2 42 0.0058372

3 42 0.008727

4 42 0.0115823

5 42 0.014392

6 42 0.0171448

7 42 0.01983

8 42 0.0224369

9 42 0.0249553

10 42 0.0273752

11 42 0.029687

12 42 0.0318817

13 42 0.0339506

14 42 0.0358855

15 42 0.0376787

16 42 0.0393233

17 42 0.0408126

18 42 0.0421409

19 42 0.0433029

20 42 0.044294

21 42 0.0451103

22 42 0.0457485

23 42 0.0462062

24 42 0.0464816

25 42 0.0465735

26 42 0.0464816

27 42 0.0462062

28 42 0.0457485

29 42 0.0451103

30 42 0.044294

31 42 0.0433029

32 42 0.0421409

33 42 0.0408126

34 42 0.0393233

35 42 0.0376787

36 42 0.0358855

37 42 0.0339506

38 42 0.0318817

39 42 0.029687

40 42 0.0273752

41 42 0.0249553

42 42 0.0224369

43 42 0.01983

44 42 0.0171448

45 42 0.014392

46 42 0.0115823

47 42 0.008727

48 42 0.0058372

49 42 0.00292437

50 42 0

0 43 0

1 43 0.00258459

2 43 0.00515898

3 43 0.00771302

4 43 0.0102366

5 43 0.0127198

6 43 0.0151528

7 43 0.017526

8 43 0.01983

9 43 0.0220558

10 43 0.0241945

11 43 0.0262377

12 43 0.0281774

13 43 0.0300059

14 43 0.031716

15 43 0.0333009

16 43 0.0347543

17 43 0.0360707

18 43 0.0372446

19 43 0.0382716

20 43 0.0391475

21 43 0.039869

22 43 0.0404331

23 43 0.0408376

24 43 0.0410809

25 43 0.0411621

26 43 0.0410809

27 43 0.0408376

28 43 0.0404331

29 43 0.039869

30 43 0.0391475

31 43 0.0382716

32 43 0.0372446

33 43 0.0360707

34 43 0.0347543

35 43 0.0333009

36 43 0.031716

37 43 0.0300059

38 43 0.0281774

39 43 0.0262377

40 43 0.0241945

41 43 0.0220558

42 43 0.01983

43 43 0.017526

44 43 0.0151528

45 43 0.0127198

46 43 0.0102366

47 43 0.00771302

48 43 0.00515898

49 43 0.00258459

50 43 0

0 44 0

1 44 0.00223461

2 44 0.00446041

3 44 0.0066686

4 44 0.00885047

5 44 0.0109974

6 44 0.013101

7 44 0.0151528

8 44 0.0171448

9 44 0.0190692

10 44 0.0209183

11 44 0.0226849

12 44 0.0243619

13 44 0.0259428

14 44 0.0274213

15 44 0.0287916

16 44 0.0300483

17 44 0.0311863

18 44 0.0322013

19 44 0.0330892

20 44 0.0338466

21 44 0.0344703

22 44 0.034958

23 44 0.0353078

24 44 0.0355182

25 44 0.0355884

26 44 0.0355182

27 44 0.0353078

28 44 0.034958

29 44 0.0344703

30 44 0.0338466

31 44 0.0330892

32 44 0.0322013

33 44 0.0311863

34 44 0.0300483

35 44 0.0287916

36 44 0.0274213

37 44 0.0259428

38 44 0.0243619

39 44 0.0226849

40 44 0.0209183

41 44 0.0190692

42 44 0.0171448

43 44 0.0151528

44 44 0.013101

45 44 0.0109974

46 44 0.00885047

47 44 0.0066686

48 44 0.00446041

49 44 0.00223461

50 44 0

0 45 0

1 45 0.00187581

2 45 0.00374423

3 45 0.00559786

4 45 0.0074294

5 45 0.00923163

6 45 0.0109974

7 45 0.0127198

8 45 0.014392

9 45 0.0160074

10 45 0.0175596

11 45 0.0190425

12 45 0.0204503

13 45 0.0217773

14 45 0.0230184

15 45 0.0241687

16 45 0.0252236

17 45 0.0261789

18 45 0.027031

19 45 0.0277763

20 45 0.028412

21 45 0.0289356

22 45 0.029345

23 45 0.0296386

24 45 0.0298152

25 45 0.0298742

26 45 0.0298152

27 45 0.0296386

28 45 0.029345

29 45 0.0289356

30 45 0.028412

31 45 0.0277763

32 45 0.027031

33 45 0.0261789

34 45 0.0252236

35 45 0.0241687

36 45 0.0230184

37 45 0.0217773

38 45 0.0204503

39 45 0.0190425

40 45 0.0175596

41 45 0.0160074

42 45 0.014392

43 45 0.0127198

44 45 0.0109974

45 45 0.00923163

46 45 0.0074294

47 45 0.00559786

48 45 0.00374423

49 45 0.00187581

50 45 0

0 46 0

1 46 0.00150961

2 46 0.00301327

3 46 0.00450503

4 46 0.00597902

5 46 0.0074294

6 46 0.00885047

7 46 0.0102366

8 46 0.0115823

9 46 0.0128824

10 46 0.0141316

11 46 0.015325

12 46 0.0164579

13 46 0.0175259

14 46 0.0185247

15 46 0.0194504

16 46 0.0202994

17 46 0.0210682

18 46 0.0217539

19 46 0.0223537

20 46 0.0228654

21 46 0.0232867

22 46 0.0236162

23 46 0.0238525

24 46 0.0239946

25 46 0.0240421

26 46 0.0239946

27 46 0.0238525

28 46 0.0236162

29 46 0.0232867

30 46 0.0228654

31 46 0.0223537

32 46 0.0217539

33 46 0.0210682

34 46 0.0202994

35 46 0.0194504

36 46 0.0185247

37 46 0.0175259

38 46 0.0164579

39 46 0.015325

40 46 0.0141316

41 46 0.0128824

42 46 0.0115823

43 46 0.0102366

44 46 0.00885047

45 46 0.0074294

46 46 0.00597902

47 46 0.00450503

48 46 0.00301327

49 46 0.00150961

50 46 0

0 47 0

1 47 0.00113745

2 47 0.00227042

3 47 0.00339442

4 47 0.00450503

5 47 0.00559786

6 47 0.0066686

7 47 0.00771302

8 47 0.008727

9 47 0.00970653

10 47 0.0106478

11 47 0.011547

12 47 0.0124006

13 47 0.0132053

14 47 0.0139579

15 47 0.0146554

16 47 0.0152951

17 47 0.0158743

18 47 0.016391

19 47 0.016843

20 47 0.0172284

21 47 0.0175459

22 47 0.0177942

23 47 0.0179722

24 47 0.0180793

25 47 0.0181151

26 47 0.0180793

27 47 0.0179722

28 47 0.0177942

29 47 0.0175459

30 47 0.0172284

31 47 0.016843

32 47 0.016391

33 47 0.0158743

34 47 0.0152951

35 47 0.0146554

36 47 0.0139579

37 47 0.0132053

38 47 0.0124006

39 47 0.011547

40 47 0.0106478

41 47 0.00970653

42 47 0.008727

43 47 0.00771302

44 47 0.0066686

45 47 0.00559786

46 47 0.00450503

47 47 0.00339442

48 47 0.00227042

49 47 0.00113745

50 47 0

0 48 0

1 48 0.000760806

2 48 0.00151861

3 48 0.00227042

4 48 0.00301327

5 48 0.00374423

6 48 0.00446041

7 48 0.00515898

8 48 0.0058372

9 48 0.00649238

10 48 0.00712194

11 48 0.00772339

12 48 0.00829436

13 48 0.0088326

14 48 0.00933598

15 48 0.00980251

16 48 0.0102304

17 48 0.0106178

18 48 0.0109634

19 48 0.0112657

20 48 0.0115235

21 48 0.0117359

22 48 0.011902

23 48 0.012021

24 48 0.0120927

25 48 0.0121166

26 48 0.0120927

27 48 0.012021

28 48 0.011902

29 48 0.0117359

30 48 0.0115235

31 48 0.0112657

32 48 0.0109634

33 48 0.0106178

34 48 0.0102304

35 48 0.00980251

36 48 0.00933598

37 48 0.0088326

38 48 0.00829436

39 48 0.00772339

40 48 0.00712194

41 48 0.00649238

42 48 0.0058372

43 48 0.00515898

44 48 0.00446041

45 48 0.00374423

46 48 0.00301327

47 48 0.00227042

48 48 0.00151861

49 48 0.000760806

50 48 0

0 49 0

1 49 0.000381155

