0 1 0

1 1 0.00113283

2 1 0.00226119

3 1 0.00338063

4 1 0.00448672

5 1 0.00557511

6 1 0.00664149

7 1 0.00768167

8 1 0.00869152

9 1 0.00966708

10 1 0.0106045

11 1 0.0115

12 1 0.0123502

13 1 0.0131516

14 1 0.0139012

15 1 0.0145958

16 1 0.0152329

17 1 0.0158098

18 1 0.0163244

19 1 0.0167745

20 1 0.0171584

21 1 0.0174746

22 1 0.0177219

23 1 0.0178992

24 1 0.0180058

25 1 0.0180414

26 1 0.0180058

27 1 0.0178992

28 1 0.0177219

29 1 0.0174746

30 1 0.0171584

31 1 0.0167745

32 1 0.0163244

33 1 0.0158098

34 1 0.0152329

35 1 0.0145958

36 1 0.0139012

37 1 0.0131516

38 1 0.0123502

39 1 0.0115

40 1 0.0106045

41 1 0.00966708

42 1 0.00869152

43 1 0.00768167

44 1 0.00664149

45 1 0.00557511

46 1 0.00448672

47 1 0.00338063

48 1 0.00226119

49 1 0.00113283

50 1 0

0 2 0

1 2 0.00226119

2 2 0.00451346

3 2 0.00674791

4 2 0.00895573

5 2 0.0111282

6 2 0.0132568

7 2 0.015333

8 2 0.0173487

9 2 0.019296

10 2 0.0211671

11 2 0.0229547

12 2 0.0246517

13 2 0.0262514

14 2 0.0277475

15 2 0.029134

16 2 0.0304056

17 2 0.0315573

18 2 0.0325843

19 2 0.0334828

20 2 0.0342491

21 2 0.0348803

22 2 0.0353738

23 2 0.0357277

24 2 0.0359406

25 2 0.0360117

26 2 0.0359406

27 2 0.0357277

28 2 0.0353738

29 2 0.0348803

30 2 0.0342491

31 2 0.0334828

32 2 0.0325843

33 2 0.0315573

34 2 0.0304056

35 2 0.029134

36 2 0.0277475

37 2 0.0262514

38 2 0.0246517

39 2 0.0229547

40 2 0.0211671

41 2 0.019296

42 2 0.0173487

43 2 0.015333

44 2 0.0132568

45 2 0.0111282

46 2 0.00895573

47 2 0.00674791

48 2 0.00451346

49 2 0.00226119

50 2 0

0 3 0

1 3 0.00338063

2 3 0.00674791

3 3 0.0100886

4 3 0.0133894

5 3 0.0166374

6 3 0.0198197

7 3 0.0229239

8 3 0.0259375

9 3 0.0288488

10 3 0.0316462

11 3 0.0343188

12 3 0.0368558

13 3 0.0392475

14 3 0.0414842

15 3 0.0435573

16 3 0.0454584

17 3 0.0471801

18 3 0.0487157

19 3 0.0500589

20 3 0.0512046

21 3 0.0521483

22 3 0.0528861

23 3 0.0534152

24 3 0.0537335

25 3 0.0538398

26 3 0.0537335

27 3 0.0534152

28 3 0.0528861

29 3 0.0521483

30 3 0.0512046

31 3 0.0500589

32 3 0.0487157

33 3 0.0471801

34 3 0.0454584

35 3 0.0435573

36 3 0.0414842

37 3 0.0392475

38 3 0.0368558

39 3 0.0343188

40 3 0.0316462

41 3 0.0288488

42 3 0.0259375

43 3 0.0229239

44 3 0.0198197

45 3 0.0166374

46 3 0.0133894

47 3 0.0100886

48 3 0.00674791

49 3 0.00338063

50 3 0

0 4 0

1 4 0.00448672

2 4 0.00895573

3 4 0.0133894

4 4 0.0177702

5 4 0.0220809

6 4 0.0263045

7 4 0.0304242

8 4 0.0344239

9 4 0.0382877

10 4 0.0420004

11 4 0.0455474

12 4 0.0489146

13 4 0.0520887

14 4 0.0550573

15 4 0.0578086

16 4 0.0603318

17 4 0.0626168

18 4 0.0646548

19 4 0.0664375

20 4 0.0679581

21 4 0.0692105

22 4 0.0701897

23 4 0.0708919

24 4 0.0713144

25 4 0.0714554

26 4 0.0713144

27 4 0.0708919

28 4 0.0701897

29 4 0.0692105

30 4 0.0679581

31 4 0.0664375

32 4 0.0646548

33 4 0.0626168

34 4 0.0603318

35 4 0.0578086

36 4 0.0550573

37 4 0.0520887

38 4 0.0489146

39 4 0.0455474

40 4 0.0420004

41 4 0.0382877

42 4 0.0344239

43 4 0.0304242

44 4 0.0263045

45 4 0.0220809

46 4 0.0177702

47 4 0.0133894

48 4 0.00895573

49 4 0.00448672

50 4 0

0 5 0

1 5 0.00557511

2 5 0.0111282

3 5 0.0166374

4 5 0.0220809

5 5 0.0274373

6 5 0.0326854

7 5 0.0378045

8 5 0.0427744

9 5 0.0475755

10 5 0.0521889

11 5 0.0565962

12 5 0.0607803

13 5 0.0647244

14 5 0.0684131

15 5 0.0718318

16 5 0.074967

17 5 0.0778064

18 5 0.0803387

19 5 0.0825539

20 5 0.0844434

21 5 0.0859995

22 5 0.0872163

23 5 0.0880889

24 5 0.0886138

25 5 0.088789

26 5 0.0886138

27 5 0.0880889

28 5 0.0872163

29 5 0.0859995

30 5 0.0844434

31 5 0.0825539

32 5 0.0803387

33 5 0.0778064

34 5 0.074967

35 5 0.0718318

36 5 0.0684131

37 5 0.0647244

38 5 0.0607803

39 5 0.0565962

40 5 0.0521889

41 5 0.0475755

42 5 0.0427744

43 5 0.0378045

44 5 0.0326854

45 5 0.0274373

46 5 0.0220809

47 5 0.0166374

48 5 0.0111282

49 5 0.00557511

50 5 0

0 6 0

1 6 0.00664149

2 6 0.0132568

3 6 0.0198197

4 6 0.0263045

5 6 0.0326854

6 6 0.0389373

7 6 0.0450356

8 6 0.0509562

9 6 0.0566756

10 6 0.0621713

11 6 0.0674217

12 6 0.0724061

13 6 0.0771046

14 6 0.0814989

15 6 0.0855715

16 6 0.0893064

17 6 0.0926889

18 6 0.0957056

19 6 0.0983445

20 6 0.100595

21 6 0.102449

22 6 0.103899

23 6 0.104938

24 6 0.105563

25 6 0.105772

26 6 0.105563

27 6 0.104938

28 6 0.103899

29 6 0.102449

30 6 0.100595

31 6 0.0983445

32 6 0.0957056

33 6 0.0926889

34 6 0.0893064

35 6 0.0855715

36 6 0.0814989

37 6 0.0771046

38 6 0.0724061

39 6 0.0674217

40 6 0.0621713

41 6 0.0566756

42 6 0.0509562

43 6 0.0450356

44 6 0.0389373

45 6 0.0326854

46 6 0.0263045

47 6 0.0198197

48 6 0.0132568

49 6 0.00664149

50 6 0

0 7 0

1 7 0.00768167

2 7 0.015333

3 7 0.0229239

4 7 0.0304242

5 7 0.0378045

6 7 0.0450356

7 7 0.052089

8 7 0.0589368

9 7 0.065552

10 7 0.0719085

11 7 0.0779812

12 7 0.0837461

13 7 0.0891806

14 7 0.094263

15 7 0.0989735

16 7 0.103293

17 7 0.107206

18 7 0.110695

19 7 0.113747

20 7 0.11635

21 7 0.118495

22 7 0.120171

23 7 0.121373

24 7 0.122097

25 7 0.122338

26 7 0.122097

27 7 0.121373

28 7 0.120171

29 7 0.118495

30 7 0.11635

31 7 0.113747

32 7 0.110695

33 7 0.107206

34 7 0.103293

35 7 0.0989735

36 7 0.094263

37 7 0.0891806

38 7 0.0837461

39 7 0.0779812

40 7 0.0719085

41 7 0.065552

42 7 0.0589368

43 7 0.052089

44 7 0.0450356

45 7 0.0378045

46 7 0.0304242

47 7 0.0229239

48 7 0.015333

49 7 0.00768167

50 7 0

0 8 0

1 8 0.00869152

2 8 0.0173487

3 8 0.0259375

4 8 0.0344239

5 8 0.0427744

6 8 0.0509562

7 8 0.0589368

8 8 0.0666848

9 8 0.0741697

10 8 0.0813618

11 8 0.0882328

12 8 0.0947557

13 8 0.100905

14 8 0.106655

15 8 0.111985

16 8 0.116873

17 8 0.121299

18 8 0.125247

19 8 0.128701

20 8 0.131646

21 8 0.134072

22 8 0.135969

23 8 0.137329

24 8 0.138148

25 8 0.138421

26 8 0.138148

27 8 0.137329

28 8 0.135969

29 8 0.134072

30 8 0.131646

31 8 0.128701

32 8 0.125247

33 8 0.121299

34 8 0.116873

35 8 0.111985

36 8 0.106655

37 8 0.100905

38 8 0.0947557

39 8 0.0882328

40 8 0.0813618

41 8 0.0741697

42 8 0.0666848

43 8 0.0589368

44 8 0.0509562

45 8 0.0427744

46 8 0.0344239

47 8 0.0259375

48 8 0.0173487

49 8 0.00869152

50 8 0

0 9 0

1 9 0.00966708

2 9 0.019296

3 9 0.0288488

4 9 0.0382877

5 9 0.0475755

6 9 0.0566756

7 9 0.065552

8 9 0.0741697

9 9 0.0824946

10 9 0.090494

11 9 0.0981363

12 9 0.105391

13 9 0.11223

14 9 0.118626

15 9 0.124554

16 9 0.129991

17 9 0.134914

18 9 0.139305

19 9 0.143146

20 9 0.146422

21 9 0.149121

22 9 0.151231

23 9 0.152744

24 9 0.153654

25 9 0.153958

26 9 0.153654

27 9 0.152744

28 9 0.151231

29 9 0.149121

30 9 0.146422

31 9 0.143146

32 9 0.139305

33 9 0.134914

34 9 0.129991

35 9 0.124554

36 9 0.118626

37 9 0.11223

38 9 0.105391

39 9 0.0981363

40 9 0.090494

41 9 0.0824946

42 9 0.0741697

43 9 0.065552

44 9 0.0566756

45 9 0.0475755

46 9 0.0382877

47 9 0.0288488

48 9 0.019296

49 9 0.00966708

50 9 0

0 10 0

1 10 0.0106045

2 10 0.0211671

3 10 0.0316462

4 10 0.0420004

5 10 0.0521889

6 10 0.0621713

7 10 0.0719085

8 10 0.0813618

9 10 0.090494

10 10 0.0992691

11 10 0.107652

12 10 0.115611

13 10 0.123113

14 10 0.130129

15 10 0.136632

16 10 0.142596

17 10 0.147997

18 10 0.152813

19 10 0.157027

20 10 0.160621

21 10 0.163581

22 10 0.165895

23 10 0.167555

24 10 0.168553

25 10 0.168887

26 10 0.168553

27 10 0.167555

28 10 0.165895

29 10 0.163581

30 10 0.160621

31 10 0.157027

32 10 0.152813

33 10 0.147997

34 10 0.142596

35 10 0.136632

36 10 0.130129

37 10 0.123113

38 10 0.115611

39 10 0.107652

40 10 0.0992691

41 10 0.090494

42 10 0.0813618

43 10 0.0719085

44 10 0.0621713

45 10 0.0521889

46 10 0.0420004

47 10 0.0316462

48 10 0.0211671

49 10 0.0106045

50 10 0

0 11 0

1 11 0.0115

2 11 0.0229547

3 11 0.0343188

4 11 0.0455474

5 11 0.0565962

6 11 0.0674217

7 11 0.0779812

8 11 0.0882328

9 11 0.0981363

10 11 0.107652

11 11 0.116744

12 11 0.125374

13 11 0.13351

14 11 0.141119

15 11 0.148171

16 11 0.154638

17 11 0.160495

18 11 0.165718

19 11 0.170288

20 11 0.174185

21 11 0.177395

22 11 0.179905

23 11 0.181705

24 11 0.182788

25 11 0.183149

26 11 0.182788

27 11 0.181705

28 11 0.179905

29 11 0.177395

30 11 0.174185

31 11 0.170288

32 11 0.165718

33 11 0.160495

34 11 0.154638

35 11 0.148171

36 11 0.141119

37 11 0.13351

38 11 0.125374

39 11 0.116744

40 11 0.107652

41 11 0.0981363

42 11 0.0882328

43 11 0.0779812

44 11 0.0674217

45 11 0.0565962

46 11 0.0455474

47 11 0.0343188

48 11 0.0229547

49 11 0.0115

50 11 0

0 12 0

1 12 0.0123502

2 12 0.0246517

3 12 0.0368558

4 12 0.0489146

5 12 0.0607803

6 12 0.0724061

7 12 0.0837461

8 12 0.0947557

9 12 0.105391

10 12 0.115611

11 12 0.125374

12 12 0.134643

13 12 0.14338

14 12 0.151551

15 12 0.159125

16 12 0.16607

17 12 0.17236

18 12 0.17797

19 12 0.182877

20 12 0.187062

21 12 0.19051

22 12 0.193205

23 12 0.195138

24 12 0.196301

25 12 0.196689

26 12 0.196301

27 12 0.195138

28 12 0.193205

29 12 0.19051

30 12 0.187062

31 12 0.182877

32 12 0.17797

33 12 0.17236

34 12 0.16607

35 12 0.159125

36 12 0.151551

37 12 0.14338

38 12 0.134643

39 12 0.125374

40 12 0.115611

41 12 0.105391

42 12 0.0947557

43 12 0.0837461

44 12 0.0724061

45 12 0.0607803

46 12 0.0489146

47 12 0.0368558

48 12 0.0246517

49 12 0.0123502

50 12 0

0 13 0

1 13 0.0131516

2 13 0.0262514

3 13 0.0392475

4 13 0.0520887

5 13 0.0647244

6 13 0.0771046

7 13 0.0891806

8 13 0.100905

9 13 0.11223

10 13 0.123113

11 13 0.13351

12 13 0.14338

13 13 0.152684

14 13 0.161386

15 13 0.169451

16 13 0.176847

17 13 0.183545

18 13 0.189518

19 13 0.194744

20 13 0.199201

21 13 0.202872

22 13 0.205743

23 13 0.207801

24 13 0.209039

25 13 0.209453

26 13 0.209039

27 13 0.207801

28 13 0.205743

29 13 0.202872

30 13 0.199201

31 13 0.194744

32 13 0.189518

33 13 0.183545

34 13 0.176847

35 13 0.169451

36 13 0.161386

37 13 0.152684

38 13 0.14338

39 13 0.13351

40 13 0.123113

41 13 0.11223

42 13 0.100905

43 13 0.0891806

44 13 0.0771046

45 13 0.0647244

46 13 0.0520887

47 13 0.0392475

48 13 0.0262514

49 13 0.0131516

50 13 0

0 14 0

1 14 0.0139012

2 14 0.0277475

3 14 0.0414842

4 14 0.0550573

5 14 0.0684131

6 14 0.0814989

7 14 0.094263

8 14 0.106655

9 14 0.118626

10 14 0.130129

11 14 0.141119

12 14 0.151551

13 14 0.161386

14 14 0.170583

15 14 0.179108

16 14 0.186925

17 14 0.194005

18 14 0.200319

19 14 0.205843

20 14 0.210554

21 14 0.214434

22 14 0.217468

23 14 0.219644

24 14 0.220953

25 14 0.221389

26 14 0.220953

27 14 0.219644

28 14 0.217468

29 14 0.214434

30 14 0.210554

31 14 0.205843

32 14 0.200319

33 14 0.194005

34 14 0.186925

35 14 0.179108

36 14 0.170583

37 14 0.161386

38 14 0.151551

39 14 0.141119

40 14 0.130129

41 14 0.118626

42 14 0.106655

43 14 0.094263

44 14 0.0814989

45 14 0.0684131

46 14 0.0550573

47 14 0.0414842

48 14 0.0277475

49 14 0.0139012

50 14 0

0 15 0

1 15 0.0145958

2 15 0.029134

3 15 0.0435573

4 15 0.0578086

5 15 0.0718318

6 15 0.0855715

7 15 0.0989735

8 15 0.111985

9 15 0.124554

10 15 0.136632

11 15 0.148171

12 15 0.159125

13 15 0.169451

14 15 0.179108

15 15 0.188058

16 15 0.196266

17 15 0.2037

18 15 0.210329

19 15 0.216129

20 15 0.221076

21 15 0.22515

22 15 0.228335

23 15 0.23062

24 15 0.231994

25 15 0.232453

26 15 0.231994

27 15 0.23062

28 15 0.228335

29 15 0.22515

30 15 0.221076

31 15 0.216129

32 15 0.210329

33 15 0.2037

34 15 0.196266

35 15 0.188058

36 15 0.179108

37 15 0.169451

38 15 0.159125

39 15 0.148171

40 15 0.136632

41 15 0.124554

42 15 0.111985

43 15 0.0989735

44 15 0.0855715

45 15 0.0718318

46 15 0.0578086

47 15 0.0435573

48 15 0.029134

49 15 0.0145958

50 15 0

0 16 0

1 16 0.0152329

2 16 0.0304056

3 16 0.0454584

4 16 0.0603318

5 16 0.074967

6 16 0.0893064

7 16 0.103293

8 16 0.116873

9 16 0.129991

10 16 0.142596

11 16 0.154638

12 16 0.16607

13 16 0.176847

14 16 0.186925

15 16 0.196266

16 16 0.204833

17 16 0.212591

18 16 0.21951

19 16 0.225562

20 16 0.230725

21 16 0.234977

22 16 0.238301

23 16 0.240685

24 16 0.24212

25 16 0.242598

26 16 0.24212

27 16 0.240685

28 16 0.238301

29 16 0.234977

30 16 0.230725

31 16 0.225562

32 16 0.21951

33 16 0.212591

34 16 0.204833

35 16 0.196266

36 16 0.186925

37 16 0.176847

38 16 0.16607

39 16 0.154638

40 16 0.142596

41 16 0.129991

42 16 0.116873

43 16 0.103293

44 16 0.0893064

45 16 0.074967

46 16 0.0603318

47 16 0.0454584

48 16 0.0304056

49 16 0.0152329

50 16 0

0 17 0

1 17 0.0158098

2 17 0.0315573

3 17 0.0471801

4 17 0.0626168

5 17 0.0778064

6 17 0.0926889

7 17 0.107206

8 17 0.121299

9 17 0.134914

10 17 0.147997

11 17 0.160495

12 17 0.17236

13 17 0.183545

14 17 0.194005

15 17 0.2037

16 17 0.212591

17 17 0.220642

18 17 0.227823

19 17 0.234105

20 17 0.239463

21 17 0.243876

22 17 0.247327

23 17 0.249801

24 17 0.25129

25 17 0.251787

26 17 0.25129

27 17 0.249801

28 17 0.247327

29 17 0.243876

30 17 0.239463

31 17 0.234105

32 17 0.227823

33 17 0.220642

34 17 0.212591

35 17 0.2037

36 17 0.194005

37 17 0.183545

38 17 0.17236

39 17 0.160495

40 17 0.147997

41 17 0.134914

42 17 0.121299

43 17 0.107206

44 17 0.0926889

45 17 0.0778064

46 17 0.0626168

47 17 0.0471801

48 17 0.0315573

49 17 0.0158098

50 17 0

0 18 0

1 18 0.0163244

2 18 0.0325843

3 18 0.0487157

4 18 0.0646548

5 18 0.0803387

6 18 0.0957056

7 18 0.110695

8 18 0.125247

9 18 0.139305

10 18 0.152813

11 18 0.165718

12 18 0.17797

13 18 0.189518

14 18 0.200319

15 18 0.210329

16 18 0.21951

17 18 0.227823

18 18 0.235238

19 18 0.241725

20 18 0.247257

21 18 0.251814

22 18 0.255376

23 18 0.257931

24 18 0.259468

25 18 0.259981

26 18 0.259468

27 18 0.257931

28 18 0.255376

29 18 0.251814

30 18 0.247257

31 18 0.241725

32 18 0.235238

33 18 0.227823

34 18 0.21951

35 18 0.210329

36 18 0.200319

37 18 0.189518

38 18 0.17797

39 18 0.165718

40 18 0.152813

41 18 0.139305

42 18 0.125247

43 18 0.110695

44 18 0.0957056

45 18 0.0803387

46 18 0.0646548

47 18 0.0487157

48 18 0.0325843

49 18 0.0163244

50 18 0

0 19 0

1 19 0.0167745

2 19 0.0334828

3 19 0.0500589

4 19 0.0664375

5 19 0.0825539

6 19 0.0983445

7 19 0.113747

8 19 0.128701

9 19 0.143146

10 19 0.157027

11 19 0.170288

12 19 0.182877

13 19 0.194744

14 19 0.205843

15 19 0.216129

16 19 0.225562

17 19 0.234105

18 19 0.241725

19 19 0.24839

20 19 0.254075

21 19 0.258757

22 19 0.262418

23 19 0.265044

24 19 0.266623

25 19 0.26715

26 19 0.266623

27 19 0.265044

28 19 0.262418

29 19 0.258757

30 19 0.254075

31 19 0.24839

32 19 0.241725

33 19 0.234105

34 19 0.225562

35 19 0.216129

36 19 0.205843

37 19 0.194744

38 19 0.182877

39 19 0.170288

40 19 0.157027

41 19 0.143146

42 19 0.128701

43 19 0.113747

44 19 0.0983445

45 19 0.0825539

46 19 0.0664375

47 19 0.0500589

48 19 0.0334828

49 19 0.0167745

50 19 0

0 20 0

1 20 0.0171584

2 20 0.0342491

3 20 0.0512046

4 20 0.0679581

5 20 0.0844434

6 20 0.100595

7 20 0.11635

8 20 0.131646

9 20 0.146422

10 20 0.160621

11 20 0.174185

12 20 0.187062

13 20 0.199201

14 20 0.210554

15 20 0.221076

16 20 0.230725

17 20 0.239463

18 20 0.247257

19 20 0.254075

20 20 0.25989

21 20 0.264679

22 20 0.268424

23 20 0.27111

24 20 0.272725

25 20 0.273264

26 20 0.272725

27 20 0.27111

28 20 0.268424

29 20 0.264679

30 20 0.25989

31 20 0.254075

32 20 0.247257

33 20 0.239463

34 20 0.230725

35 20 0.221076

36 20 0.210554

37 20 0.199201

38 20 0.187062

39 20 0.174185

40 20 0.160621

41 20 0.146422

42 20 0.131646

43 20 0.11635

44 20 0.100595

45 20 0.0844434

46 20 0.0679581

47 20 0.0512046

48 20 0.0342491

49 20 0.0171584

50 20 0

0 21 0

1 21 0.0174746

2 21 0.0348803

3 21 0.0521483

4 21 0.0692105

5 21 0.0859995

6 21 0.102449

7 21 0.118495

8 21 0.134072

9 21 0.149121

10 21 0.163581

11 21 0.177395

12 21 0.19051

13 21 0.202872

14 21 0.214434

15 21 0.22515

16 21 0.234977

17 21 0.243876

18 21 0.251814

19 21 0.258757

20 21 0.264679

21 21 0.269557

22 21 0.273371

23 21 0.276106

24 21 0.277751

25 21 0.2783

26 21 0.277751

27 21 0.276106

28 21 0.273371

29 21 0.269557

30 21 0.264679

31 21 0.258757

32 21 0.251814

33 21 0.243876

34 21 0.234977

35 21 0.22515

36 21 0.214434

37 21 0.202872

38 21 0.19051

39 21 0.177395

40 21 0.163581

41 21 0.149121

42 21 0.134072

43 21 0.118495

44 21 0.102449

45 21 0.0859995

46 21 0.0692105

47 21 0.0521483

48 21 0.0348803

49 21 0.0174746

50 21 0

0 22 0

1 22 0.0177219

2 22 0.0353738

3 22 0.0528861

4 22 0.0701897

5 22 0.0872163

6 22 0.103899

7 22 0.120171

8 22 0.135969

9 22 0.151231

10 22 0.165895

11 22 0.179905

12 22 0.193205

13 22 0.205743

14 22 0.217468

15 22 0.228335

16 22 0.238301

17 22 0.247327

18 22 0.255376

19 22 0.262418

20 22 0.268424

21 22 0.273371

22 22 0.277239

23 22 0.280012

24 22 0.281681

25 22 0.282238

26 22 0.281681

27 22 0.280012

28 22 0.277239

29 22 0.273371

30 22 0.268424

31 22 0.262418

32 22 0.255376

33 22 0.247327

34 22 0.238301

35 22 0.228335

36 22 0.217468

37 22 0.205743

38 22 0.193205

39 22 0.179905

40 22 0.165895

41 22 0.151231

42 22 0.135969

43 22 0.120171

44 22 0.103899

45 22 0.0872163

46 22 0.0701897

47 22 0.0528861

48 22 0.0353738

49 22 0.0177219

50 22 0

0 23 0

1 23 0.0178992

2 23 0.0357277

3 23 0.0534152

4 23 0.0708919

5 23 0.0880889

6 23 0.104938

7 23 0.121373

8 23 0.137329

9 23 0.152744

10 23 0.167555

11 23 0.181705

12 23 0.195138

13 23 0.207801

14 23 0.219644

15 23 0.23062

16 23 0.240685

17 23 0.249801

18 23 0.257931

19 23 0.265044

20 23 0.27111

21 23 0.276106

22 23 0.280012

23 23 0.282814

24 23 0.284499

25 23 0.285062

26 23 0.284499

27 23 0.282814

28 23 0.280012

29 23 0.276106

30 23 0.27111

31 23 0.265044

32 23 0.257931

33 23 0.249801

34 23 0.240685

35 23 0.23062

36 23 0.219644

37 23 0.207801

38 23 0.195138

39 23 0.181705

40 23 0.167555

41 23 0.152744

42 23 0.137329

43 23 0.121373

44 23 0.104938

45 23 0.0880889

46 23 0.0708919

47 23 0.0534152

48 23 0.0357277

49 23 0.0178992

50 23 0

0 24 0

1 24 0.0180058

2 24 0.0359406

3 24 0.0537335

4 24 0.0713144

5 24 0.0886138

6 24 0.105563

7 24 0.122097

8 24 0.138148

9 24 0.153654

10 24 0.168553

11 24 0.182788

12 24 0.196301

13 24 0.209039

14 24 0.220953

15 24 0.231994

16 24 0.24212

17 24 0.25129

18 24 0.259468

19 24 0.266623

20 24 0.272725

21 24 0.277751

22 24 0.281681

23 24 0.284499

24 24 0.286194

25 24 0.28676

26 24 0.286194

27 24 0.284499

28 24 0.281681

29 24 0.277751

30 24 0.272725

31 24 0.266623

32 24 0.259468

33 24 0.25129

34 24 0.24212

35 24 0.231994

36 24 0.220953

37 24 0.209039

38 24 0.196301

39 24 0.182788

40 24 0.168553

41 24 0.153654

42 24 0.138148

43 24 0.122097

44 24 0.105563

45 24 0.0886138

46 24 0.0713144

47 24 0.0537335

48 24 0.0359406

49 24 0.0180058

50 24 0

0 25 0

1 25 0.0180414

2 25 0.0360117

3 25 0.0538398

4 25 0.0714554

5 25 0.088789

6 25 0.105772

7 25 0.122338

8 25 0.138421

9 25 0.153958

10 25 0.168887

11 25 0.183149

12 25 0.196689

13 25 0.209453

14 25 0.221389

15 25 0.232453

16 25 0.242598

17 25 0.251787

18 25 0.259981

19 25 0.26715

20 25 0.273264

21 25 0.2783

22 25 0.282238

23 25 0.285062

24 25 0.28676

25 25 0.287327

26 25 0.28676

27 25 0.285062

28 25 0.282238

29 25 0.2783

30 25 0.273264

31 25 0.26715

32 25 0.259981

33 25 0.251787

34 25 0.242598

35 25 0.232453

36 25 0.221389

37 25 0.209453

38 25 0.196689

39 25 0.183149

40 25 0.168887

41 25 0.153958

42 25 0.138421

43 25 0.122338

44 25 0.105772

45 25 0.088789

46 25 0.0714554

47 25 0.0538398

48 25 0.0360117

49 25 0.0180414

50 25 0

0 26 0

1 26 0.0180058

2 26 0.0359406

3 26 0.0537335

4 26 0.0713144

5 26 0.0886138

6 26 0.105563

7 26 0.122097

8 26 0.138148

9 26 0.153654

10 26 0.168553

11 26 0.182788

12 26 0.196301

13 26 0.209039

14 26 0.220953

15 26 0.231994

16 26 0.24212

17 26 0.25129

18 26 0.259468

19 26 0.266623

20 26 0.272725

21 26 0.277751

22 26 0.281681

23 26 0.284499

24 26 0.286194

25 26 0.28676

26 26 0.286194

27 26 0.284499

28 26 0.281681

29 26 0.277751

30 26 0.272725

31 26 0.266623

32 26 0.259468

33 26 0.25129

34 26 0.24212

35 26 0.231994

36 26 0.220953

37 26 0.209039

38 26 0.196301

39 26 0.182788

40 26 0.168553

41 26 0.153654

42 26 0.138148

43 26 0.122097

44 26 0.105563

45 26 0.0886138

46 26 0.0713144

47 26 0.0537335

48 26 0.0359406

49 26 0.0180058

50 26 0

0 27 0

1 27 0.0178992

2 27 0.0357277

3 27 0.0534152

4 27 0.0708919

5 27 0.0880889

6 27 0.104938

7 27 0.121373

8 27 0.137329

9 27 0.152744

10 27 0.167555

11 27 0.181705

12 27 0.195138

13 27 0.207801

14 27 0.219644

15 27 0.23062

16 27 0.240685

17 27 0.249801

18 27 0.257931

19 27 0.265044

20 27 0.27111

21 27 0.276106

22 27 0.280012

23 27 0.282814

24 27 0.284499

25 27 0.285062

26 27 0.284499

27 27 0.282814

28 27 0.280012

29 27 0.276106

30 27 0.27111

31 27 0.265044

32 27 0.257931

33 27 0.249801

34 27 0.240685

35 27 0.23062

36 27 0.219644

37 27 0.207801

38 27 0.195138

39 27 0.181705

40 27 0.167555

41 27 0.152744

42 27 0.137329

43 27 0.121373

44 27 0.104938

45 27 0.0880889

46 27 0.0708919

47 27 0.0534152

48 27 0.0357277

49 27 0.0178992

50 27 0

0 28 0

1 28 0.0177219

2 28 0.0353738

3 28 0.0528861

4 28 0.0701897

5 28 0.0872163

6 28 0.103899

7 28 0.120171

8 28 0.135969

9 28 0.151231

10 28 0.165895

11 28 0.179905

12 28 0.193205

13 28 0.205743

14 28 0.217468

15 28 0.228335

16 28 0.238301

17 28 0.247327

18 28 0.255376

19 28 0.262418

20 28 0.268424

21 28 0.273371

22 28 0.277239

23 28 0.280012

24 28 0.281681

25 28 0.282238

26 28 0.281681

27 28 0.280012

28 28 0.277239

29 28 0.273371

30 28 0.268424

31 28 0.262418

32 28 0.255376

33 28 0.247327

34 28 0.238301

35 28 0.228335

36 28 0.217468

37 28 0.205743

38 28 0.193205

39 28 0.179905

40 28 0.165895

41 28 0.151231

42 28 0.135969

43 28 0.120171

44 28 0.103899

45 28 0.0872163

46 28 0.0701897

47 28 0.0528861

48 28 0.0353738

49 28 0.0177219

50 28 0

0 29 0

1 29 0.0174746

2 29 0.0348803

3 29 0.0521483

4 29 0.0692105

5 29 0.0859995

6 29 0.102449

7 29 0.118495

8 29 0.134072

9 29 0.149121

10 29 0.163581

11 29 0.177395

12 29 0.19051

13 29 0.202872

14 29 0.214434

15 29 0.22515

16 29 0.234977

17 29 0.243876

18 29 0.251814

19 29 0.258757

20 29 0.264679

21 29 0.269557

22 29 0.273371

23 29 0.276106

24 29 0.277751

25 29 0.2783

26 29 0.277751

27 29 0.276106

28 29 0.273371

29 29 0.269557

30 29 0.264679

31 29 0.258757

32 29 0.251814

33 29 0.243876

34 29 0.234977

35 29 0.22515

36 29 0.214434

37 29 0.202872

38 29 0.19051

39 29 0.177395

40 29 0.163581

41 29 0.149121

42 29 0.134072

43 29 0.118495

44 29 0.102449

45 29 0.0859995

46 29 0.0692105

47 29 0.0521483

48 29 0.0348803

49 29 0.0174746

50 29 0

0 30 0

1 30 0.0171584

2 30 0.0342491

3 30 0.0512046

4 30 0.0679581

5 30 0.0844434

6 30 0.100595

7 30 0.11635

8 30 0.131646

9 30 0.146422

10 30 0.160621

11 30 0.174185

12 30 0.187062

13 30 0.199201

14 30 0.210554

15 30 0.221076

16 30 0.230725

17 30 0.239463

18 30 0.247257

19 30 0.254075

20 30 0.25989

21 30 0.264679

22 30 0.268424

23 30 0.27111

24 30 0.272725

25 30 0.273264

26 30 0.272725

27 30 0.27111

28 30 0.268424

29 30 0.264679

30 30 0.25989

31 30 0.254075

32 30 0.247257

33 30 0.239463

34 30 0.230725

35 30 0.221076

36 30 0.210554

37 30 0.199201

38 30 0.187062

39 30 0.174185

40 30 0.160621

41 30 0.146422

42 30 0.131646

43 30 0.11635

44 30 0.100595

45 30 0.0844434

46 30 0.0679581

47 30 0.0512046

48 30 0.0342491

49 30 0.0171584

50 30 0

0 31 0

1 31 0.0167745

2 31 0.0334828

3 31 0.0500589

4 31 0.0664375

5 31 0.0825539

6 31 0.0983445

7 31 0.113747

8 31 0.128701

9 31 0.143146

10 31 0.157027

11 31 0.170288

12 31 0.182877

13 31 0.194744

14 31 0.205843

15 31 0.216129

16 31 0.225562

17 31 0.234105

18 31 0.241725

19 31 0.24839

20 31 0.254075

21 31 0.258757

22 31 0.262418

23 31 0.265044

24 31 0.266623

25 31 0.26715

26 31 0.266623

27 31 0.265044

28 31 0.262418

29 31 0.258757

30 31 0.254075

31 31 0.24839

32 31 0.241725

33 31 0.234105

34 31 0.225562

35 31 0.216129

36 31 0.205843

37 31 0.194744

38 31 0.182877

39 31 0.170288

40 31 0.157027

41 31 0.143146

42 31 0.128701

43 31 0.113747

44 31 0.0983445

45 31 0.0825539

46 31 0.0664375

47 31 0.0500589

48 31 0.0334828

49 31 0.0167745

50 31 0

0 32 0

1 32 0.0163244

2 32 0.0325843

3 32 0.0487157

4 32 0.0646548

5 32 0.0803387

6 32 0.0957056

7 32 0.110695

8 32 0.125247

9 32 0.139305

10 32 0.152813

11 32 0.165718

12 32 0.17797

13 32 0.189518

14 32 0.200319

15 32 0.210329

16 32 0.21951

17 32 0.227823

18 32 0.235238

19 32 0.241725

20 32 0.247257

21 32 0.251814

22 32 0.255376

23 32 0.257931

24 32 0.259468

25 32 0.259981

26 32 0.259468

27 32 0.257931

28 32 0.255376

29 32 0.251814

30 32 0.247257

31 32 0.241725

32 32 0.235238

33 32 0.227823

34 32 0.21951

35 32 0.210329

36 32 0.200319

37 32 0.189518

38 32 0.17797

39 32 0.165718

40 32 0.152813

41 32 0.139305

42 32 0.125247

43 32 0.110695

44 32 0.0957056

45 32 0.0803387

46 32 0.0646548

47 32 0.0487157

48 32 0.0325843

49 32 0.0163244

50 32 0

0 33 0

1 33 0.0158098

2 33 0.0315573

3 33 0.0471801

4 33 0.0626168

5 33 0.0778064

6 33 0.0926889

7 33 0.107206

8 33 0.121299

9 33 0.134914

10 33 0.147997

11 33 0.160495

12 33 0.17236

13 33 0.183545

14 33 0.194005

15 33 0.2037

16 33 0.212591

17 33 0.220642

18 33 0.227823

19 33 0.234105

20 33 0.239463

21 33 0.243876

22 33 0.247327

23 33 0.249801

24 33 0.25129

25 33 0.251787

26 33 0.25129

27 33 0.249801

28 33 0.247327

29 33 0.243876

30 33 0.239463

31 33 0.234105

32 33 0.227823

33 33 0.220642

34 33 0.212591

35 33 0.2037

36 33 0.194005

37 33 0.183545

38 33 0.17236

39 33 0.160495

40 33 0.147997

41 33 0.134914

42 33 0.121299

43 33 0.107206

44 33 0.0926889

45 33 0.0778064

46 33 0.0626168

47 33 0.0471801

48 33 0.0315573

49 33 0.0158098

50 33 0

0 34 0

1 34 0.0152329

2 34 0.0304056

3 34 0.0454584

4 34 0.0603318

5 34 0.074967

6 34 0.0893064

7 34 0.103293

8 34 0.116873

9 34 0.129991

10 34 0.142596

11 34 0.154638

12 34 0.16607

13 34 0.176847

14 34 0.186925

15 34 0.196266

16 34 0.204833

17 34 0.212591

18 34 0.21951

19 34 0.225562

20 34 0.230725

21 34 0.234977

22 34 0.238301

23 34 0.240685

24 34 0.24212

25 34 0.242598

26 34 0.24212

27 34 0.240685

28 34 0.238301

29 34 0.234977

30 34 0.230725

31 34 0.225562

32 34 0.21951

33 34 0.212591

34 34 0.204833

35 34 0.196266

36 34 0.186925

37 34 0.176847

38 34 0.16607

39 34 0.154638

40 34 0.142596

41 34 0.129991

42 34 0.116873

43 34 0.103293

44 34 0.0893064

45 34 0.074967

46 34 0.0603318

47 34 0.0454584

48 34 0.0304056

49 34 0.0152329

50 34 0

0 35 0

1 35 0.0145958

2 35 0.029134

3 35 0.0435573

4 35 0.0578086

5 35 0.0718318

6 35 0.0855715

7 35 0.0989735

8 35 0.111985

9 35 0.124554

10 35 0.136632

11 35 0.148171

12 35 0.159125

13 35 0.169451

14 35 0.179108

15 35 0.188058

16 35 0.196266

17 35 0.2037

18 35 0.210329

19 35 0.216129

20 35 0.221076

21 35 0.22515

22 35 0.228335

23 35 0.23062

24 35 0.231994

25 35 0.232453

26 35 0.231994

27 35 0.23062

28 35 0.228335

29 35 0.22515

30 35 0.221076

31 35 0.216129

32 35 0.210329

33 35 0.2037

34 35 0.196266

35 35 0.188058

36 35 0.179108

37 35 0.169451

38 35 0.159125

39 35 0.148171

40 35 0.136632

41 35 0.124554

42 35 0.111985

43 35 0.0989735

44 35 0.0855715

45 35 0.0718318

46 35 0.0578086

47 35 0.0435573

48 35 0.029134

49 35 0.0145958

50 35 0

0 36 0

1 36 0.0139012

2 36 0.0277475

3 36 0.0414842

4 36 0.0550573

5 36 0.0684131

6 36 0.0814989

7 36 0.094263

8 36 0.106655

9 36 0.118626

10 36 0.130129

11 36 0.141119

12 36 0.151551

13 36 0.161386

14 36 0.170583

15 36 0.179108

16 36 0.186925

17 36 0.194005

18 36 0.200319

19 36 0.205843

20 36 0.210554

21 36 0.214434

22 36 0.217468

23 36 0.219644

24 36 0.220953

25 36 0.221389

26 36 0.220953

27 36 0.219644

28 36 0.217468

29 36 0.214434

30 36 0.210554

31 36 0.205843

32 36 0.200319

33 36 0.194005

34 36 0.186925

35 36 0.179108

36 36 0.170583

37 36 0.161386

38 36 0.151551

39 36 0.141119

40 36 0.130129

41 36 0.118626

42 36 0.106655

43 36 0.094263

44 36 0.0814989

45 36 0.0684131

46 36 0.0550573

47 36 0.0414842

48 36 0.0277475

49 36 0.0139012

50 36 0

0 37 0

1 37 0.0131516

2 37 0.0262514

3 37 0.0392475

4 37 0.0520887

5 37 0.0647244

6 37 0.0771046

7 37 0.0891806

8 37 0.100905

9 37 0.11223

10 37 0.123113

11 37 0.13351

12 37 0.14338

13 37 0.152684

14 37 0.161386

15 37 0.169451

16 37 0.176847

17 37 0.183545

18 37 0.189518

19 37 0.194744

20 37 0.199201

21 37 0.202872

22 37 0.205743

23 37 0.207801

24 37 0.209039

25 37 0.209453

26 37 0.209039

27 37 0.207801

28 37 0.205743

29 37 0.202872

30 37 0.199201

31 37 0.194744

32 37 0.189518

33 37 0.183545

34 37 0.176847

35 37 0.169451

36 37 0.161386

37 37 0.152684

38 37 0.14338

39 37 0.13351

40 37 0.123113

41 37 0.11223

42 37 0.100905

43 37 0.0891806

44 37 0.0771046

45 37 0.0647244

46 37 0.0520887

47 37 0.0392475

48 37 0.0262514

49 37 0.0131516

50 37 0

0 38 0

1 38 0.0123502

2 38 0.0246517

3 38 0.0368558

4 38 0.0489146

5 38 0.0607803

6 38 0.0724061

7 38 0.0837461

8 38 0.0947557

9 38 0.105391

10 38 0.115611

11 38 0.125374

12 38 0.134643

13 38 0.14338

14 38 0.151551

15 38 0.159125

16 38 0.16607

17 38 0.17236

18 38 0.17797

19 38 0.182877

20 38 0.187062

21 38 0.19051

22 38 0.193205

23 38 0.195138

24 38 0.196301

25 38 0.196689

26 38 0.196301

27 38 0.195138

28 38 0.193205

29 38 0.19051

30 38 0.187062

31 38 0.182877

32 38 0.17797

33 38 0.17236

34 38 0.16607

35 38 0.159125

36 38 0.151551

37 38 0.14338

38 38 0.134643

39 38 0.125374

40 38 0.115611

41 38 0.105391

42 38 0.0947557

43 38 0.0837461

44 38 0.0724061

45 38 0.0607803

46 38 0.0489146

47 38 0.0368558

48 38 0.0246517

49 38 0.0123502

50 38 0

0 39 0

1 39 0.0115

2 39 0.0229547

3 39 0.0343188

4 39 0.0455474

5 39 0.0565962

6 39 0.0674217

7 39 0.0779812

8 39 0.0882328

9 39 0.0981363

10 39 0.107652

11 39 0.116744

12 39 0.125374

13 39 0.13351

14 39 0.141119

15 39 0.148171

16 39 0.154638

17 39 0.160495

18 39 0.165718

19 39 0.170288

20 39 0.174185

21 39 0.177395

22 39 0.179905

23 39 0.181705

24 39 0.182788

25 39 0.183149

26 39 0.182788

27 39 0.181705

28 39 0.179905

29 39 0.177395

30 39 0.174185

31 39 0.170288

32 39 0.165718

33 39 0.160495

34 39 0.154638

35 39 0.148171

36 39 0.141119

37 39 0.13351

38 39 0.125374

39 39 0.116744

40 39 0.107652

41 39 0.0981363

42 39 0.0882328

43 39 0.0779812

44 39 0.0674217

45 39 0.0565962

46 39 0.0455474

47 39 0.0343188

48 39 0.0229547

49 39 0.0115

50 39 0

0 40 0

1 40 0.0106045

2 40 0.0211671

3 40 0.0316462

4 40 0.0420004

5 40 0.0521889

6 40 0.0621713

7 40 0.0719085

8 40 0.0813618

9 40 0.090494

10 40 0.0992691

11 40 0.107652

12 40 0.115611

13 40 0.123113

14 40 0.130129

15 40 0.136632

16 40 0.142596

17 40 0.147997

18 40 0.152813

19 40 0.157027

20 40 0.160621

21 40 0.163581

22 40 0.165895

23 40 0.167555

24 40 0.168553

25 40 0.168887

26 40 0.168553

27 40 0.167555

28 40 0.165895

29 40 0.163581

30 40 0.160621

31 40 0.157027

32 40 0.152813

33 40 0.147997

34 40 0.142596

35 40 0.136632

36 40 0.130129

37 40 0.123113

38 40 0.115611

39 40 0.107652

40 40 0.0992691

41 40 0.090494

42 40 0.0813618

43 40 0.0719085

44 40 0.0621713

45 40 0.0521889

46 40 0.0420004

47 40 0.0316462

48 40 0.0211671

49 40 0.0106045

50 40 0

0 41 0

1 41 0.00966708

2 41 0.019296

3 41 0.0288488

4 41 0.0382877

5 41 0.0475755

6 41 0.0566756

7 41 0.065552

8 41 0.0741697

9 41 0.0824946

10 41 0.090494

11 41 0.0981363

12 41 0.105391

13 41 0.11223

14 41 0.118626

15 41 0.124554

16 41 0.129991

17 41 0.134914

18 41 0.139305

19 41 0.143146

20 41 0.146422

21 41 0.149121

22 41 0.151231

23 41 0.152744

24 41 0.153654

25 41 0.153958

26 41 0.153654

27 41 0.152744

28 41 0.151231

29 41 0.149121

30 41 0.146422

31 41 0.143146

32 41 0.139305

33 41 0.134914

34 41 0.129991

35 41 0.124554

36 41 0.118626

37 41 0.11223

38 41 0.105391

39 41 0.0981363

40 41 0.090494

41 41 0.0824946

42 41 0.0741697

43 41 0.065552

44 41 0.0566756

45 41 0.0475755

46 41 0.0382877

47 41 0.0288488

48 41 0.019296

49 41 0.00966708

50 41 0

0 42 0

1 42 0.00869152

2 42 0.0173487

3 42 0.0259375

4 42 0.0344239

5 42 0.0427744

6 42 0.0509562

7 42 0.0589368

8 42 0.0666848

9 42 0.0741697

10 42 0.0813618

11 42 0.0882328

12 42 0.0947557

13 42 0.100905

14 42 0.106655

15 42 0.111985

16 42 0.116873

17 42 0.121299

18 42 0.125247

19 42 0.128701

20 42 0.131646

21 42 0.134072

22 42 0.135969

23 42 0.137329

24 42 0.138148

25 42 0.138421

26 42 0.138148

27 42 0.137329

28 42 0.135969

29 42 0.134072

30 42 0.131646

31 42 0.128701

32 42 0.125247

33 42 0.121299

34 42 0.116873

35 42 0.111985

36 42 0.106655

37 42 0.100905

38 42 0.0947557

39 42 0.0882328

40 42 0.0813618

41 42 0.0741697

42 42 0.0666848

43 42 0.0589368

44 42 0.0509562

45 42 0.0427744

46 42 0.0344239

47 42 0.0259375

48 42 0.0173487

49 42 0.00869152

50 42 0

0 43 0

1 43 0.00768167

2 43 0.015333

3 43 0.0229239

4 43 0.0304242

5 43 0.0378045

6 43 0.0450356

7 43 0.052089

8 43 0.0589368

9 43 0.065552

10 43 0.0719085

11 43 0.0779812

12 43 0.0837461

13 43 0.0891806

14 43 0.094263

15 43 0.0989735

16 43 0.103293

17 43 0.107206

18 43 0.110695

19 43 0.113747

20 43 0.11635

21 43 0.118495

22 43 0.120171

23 43 0.121373

24 43 0.122097

25 43 0.122338

26 43 0.122097

27 43 0.121373

28 43 0.120171

29 43 0.118495

30 43 0.11635

31 43 0.113747

32 43 0.110695

33 43 0.107206

34 43 0.103293

35 43 0.0989735

36 43 0.094263

37 43 0.0891806

38 43 0.0837461

39 43 0.0779812

40 43 0.0719085

41 43 0.065552

42 43 0.0589368

43 43 0.052089

44 43 0.0450356

45 43 0.0378045

46 43 0.0304242

47 43 0.0229239

48 43 0.015333

49 43 0.00768167

50 43 0

0 44 0

1 44 0.00664149

2 44 0.0132568

3 44 0.0198197

4 44 0.0263045

5 44 0.0326854

6 44 0.0389373

7 44 0.0450356

8 44 0.0509562

9 44 0.0566756

10 44 0.0621713

11 44 0.0674217

12 44 0.0724061

13 44 0.0771046

14 44 0.0814989

15 44 0.0855715

16 44 0.0893064

17 44 0.0926889

18 44 0.0957056

19 44 0.0983445

20 44 0.100595

21 44 0.102449

22 44 0.103899

23 44 0.104938

24 44 0.105563

25 44 0.105772

26 44 0.105563

27 44 0.104938

28 44 0.103899

29 44 0.102449

30 44 0.100595

31 44 0.0983445

32 44 0.0957056

33 44 0.0926889

34 44 0.0893064

35 44 0.0855715

36 44 0.0814989

37 44 0.0771046

38 44 0.0724061

39 44 0.0674217

40 44 0.0621713

41 44 0.0566756

42 44 0.0509562

43 44 0.0450356

44 44 0.0389373

45 44 0.0326854

46 44 0.0263045

47 44 0.0198197

48 44 0.0132568

49 44 0.00664149

50 44 0

0 45 0

1 45 0.00557511

2 45 0.0111282

3 45 0.0166374

4 45 0.0220809

5 45 0.0274373

6 45 0.0326854

7 45 0.0378045

8 45 0.0427744

9 45 0.0475755

10 45 0.0521889

11 45 0.0565962

12 45 0.0607803

13 45 0.0647244

14 45 0.0684131

15 45 0.0718318

16 45 0.074967

17 45 0.0778064

18 45 0.0803387

19 45 0.0825539

20 45 0.0844434

21 45 0.0859995

22 45 0.0872163

23 45 0.0880889

24 45 0.0886138

25 45 0.088789

26 45 0.0886138

27 45 0.0880889

28 45 0.0872163

29 45 0.0859995

30 45 0.0844434

31 45 0.0825539

32 45 0.0803387

33 45 0.0778064

34 45 0.074967

35 45 0.0718318

36 45 0.0684131

37 45 0.0647244

38 45 0.0607803

39 45 0.0565962

40 45 0.0521889

41 45 0.0475755

42 45 0.0427744

43 45 0.0378045

44 45 0.0326854

45 45 0.0274373

46 45 0.0220809

47 45 0.0166374

48 45 0.0111282

49 45 0.00557511

50 45 0

0 46 0

1 46 0.00448672

2 46 0.00895573

3 46 0.0133894

4 46 0.0177702

5 46 0.0220809

6 46 0.0263045

7 46 0.0304242

8 46 0.0344239

9 46 0.0382877

10 46 0.0420004

11 46 0.0455474

12 46 0.0489146

13 46 0.0520887

14 46 0.0550573

15 46 0.0578086

16 46 0.0603318

17 46 0.0626168

18 46 0.0646548

19 46 0.0664375

20 46 0.0679581

21 46 0.0692105

22 46 0.0701897

23 46 0.0708919

24 46 0.0713144

25 46 0.0714554

26 46 0.0713144

27 46 0.0708919

28 46 0.0701897

29 46 0.0692105

30 46 0.0679581

31 46 0.0664375

32 46 0.0646548

33 46 0.0626168

34 46 0.0603318

35 46 0.0578086

36 46 0.0550573

37 46 0.0520887

38 46 0.0489146

39 46 0.0455474

40 46 0.0420004

41 46 0.0382877

42 46 0.0344239

43 46 0.0304242

44 46 0.0263045

45 46 0.0220809

46 46 0.0177702

47 46 0.0133894

48 46 0.00895573

49 46 0.00448672

50 46 0

0 47 0

1 47 0.00338063

2 47 0.00674791

3 47 0.0100886

4 47 0.0133894

5 47 0.0166374

6 47 0.0198197

7 47 0.0229239

8 47 0.0259375

9 47 0.0288488

10 47 0.0316462

11 47 0.0343188

12 47 0.0368558

13 47 0.0392475

14 47 0.0414842

15 47 0.0435573

16 47 0.0454584

17 47 0.0471801

18 47 0.0487157

19 47 0.0500589

20 47 0.0512046

21 47 0.0521483

22 47 0.0528861

23 47 0.0534152

24 47 0.0537335

25 47 0.0538398

26 47 0.0537335

27 47 0.0534152

28 47 0.0528861

29 47 0.0521483

30 47 0.0512046

31 47 0.0500589

32 47 0.0487157

33 47 0.0471801

34 47 0.0454584

35 47 0.0435573

36 47 0.0414842

37 47 0.0392475

38 47 0.0368558

39 47 0.0343188

40 47 0.0316462

41 47 0.0288488

42 47 0.0259375

43 47 0.0229239

44 47 0.0198197

45 47 0.0166374

46 47 0.0133894

47 47 0.0100886

48 47 0.00674791

49 47 0.00338063

50 47 0

0 48 0

1 48 0.00226119

2 48 0.00451346

3 48 0.00674791

4 48 0.00895573

5 48 0.0111282

6 48 0.0132568

7 48 0.015333

8 48 0.0173487

9 48 0.019296

10 48 0.0211671

11 48 0.0229547

12 48 0.0246517

13 48 0.0262514

14 48 0.0277475

15 48 0.029134

16 48 0.0304056

17 48 0.0315573

18 48 0.0325843

19 48 0.0334828

20 48 0.0342491

21 48 0.0348803

22 48 0.0353738

23 48 0.0357277

24 48 0.0359406

25 48 0.0360117

26 48 0.0359406

27 48 0.0357277

28 48 0.0353738

29 48 0.0348803

30 48 0.0342491

31 48 0.0334828

32 48 0.0325843

33 48 0.0315573

34 48 0.0304056

35 48 0.029134

36 48 0.0277475

37 48 0.0262514

38 48 0.0246517

39 48 0.0229547

40 48 0.0211671

41 48 0.019296

42 48 0.0173487

43 48 0.015333

44 48 0.0132568

45 48 0.0111282

46 48 0.00895573

47 48 0.00674791

48 48 0.00451346

49 48 0.00226119

50 48 0

0 49 0

1 49 0.00113283

2 49 0.00226119

3 49 0.00338063

4 49 0.00448672

5 49 0.00557511

6 49 0.00664149

7 49 0.00768167

8 49 0.00869152

9 49 0.00966708

10 49 0.0106045

11 49 0.0115

12 49 0.0123502

13 49 0.0131516

14 49 0.0139012

15 49 0.0145958

16 49 0.0152329

17 49 0.0158098

18 49 0.0163244

19 49 0.0167745

20 49 0.0171584

21 49 0.0174746

22 49 0.0177219

23 49 0.0178992

24 49 0.0180058

25 49 0.0180414

26 49 0.0180058

27 49 0.0178992

28 49 0.0177219

29 49 0.0174746

30 49 0.0171584

31 49 0.0167745

32 49 0.0163244

33 49 0.0158098

34 49 0.0152329

35 49 0.0145958

36 49 0.0139012

37 49 0.0131516

38 49 0.0123502

39 49 0.0115

40 49 0.0106045

41 49 0.00966708

42 49 0.00869152

43 49 0.00768167

44 49 0.00664149

45 49 0.00557511

46 49 0.00448672

47 49 0.00338063

48 49 0.00226119

49 49 0.00113283

50 49 0

