0 1 0

1 1 0.000269321

2 1 0.000537579

3 1 0.000803715

4 1 0.00106668

5 1 0.00132543

6 1 0.00157896

7 1 0.00182625

8 1 0.00206634

9 1 0.00229827

10 1 0.00252113

11 1 0.00273404

12 1 0.00293616

13 1 0.00312669

14 1 0.00330488

15 1 0.00347003

16 1 0.00362149

17 1 0.00375865

18 1 0.00388098

19 1 0.00398799

20 1 0.00407927

21 1 0.00415444

22 1 0.00421322

23 1 0.00425537

24 1 0.00428073

25 1 0.00428919

26 1 0.00428073

27 1 0.00425537

28 1 0.00421322

29 1 0.00415444

30 1 0.00407927

31 1 0.00398799

32 1 0.00388098

33 1 0.00375865

34 1 0.00362149

35 1 0.00347003

36 1 0.00330488

37 1 0.00312669

38 1 0.00293616

39 1 0.00273404

40 1 0.00252113

41 1 0.00229827

42 1 0.00206634

43 1 0.00182625

44 1 0.00157896

45 1 0.00132543

46 1 0.00106668

47 1 0.000803715

48 1 0.000537579

49 1 0.000269321

50 1 0

0 2 0

1 2 0.000537579

2 2 0.00107304

3 2 0.00160426

4 2 0.00212915

5 2 0.00264564

6 2 0.00315168

7 2 0.00364529

8 2 0.00412452

9 2 0.00458746

10 2 0.0050323

11 2 0.00545728

12 2 0.00586072

13 2 0.00624104

14 2 0.00659672

15 2 0.00692637

16 2 0.00722868

17 2 0.00750247

18 2 0.00774664

19 2 0.00796025

20 2 0.00814243

21 2 0.00829249

22 2 0.00840982

23 2 0.00849395

24 2 0.00854457

25 2 0.00856146

26 2 0.00854457

27 2 0.00849395

28 2 0.00840982

29 2 0.00829249

30 2 0.00814243

31 2 0.00796025

32 2 0.00774664

33 2 0.00750247

34 2 0.00722868

35 2 0.00692637

36 2 0.00659672

37 2 0.00624104

38 2 0.00586072

39 2 0.00545728

40 2 0.0050323

41 2 0.00458746

42 2 0.00412452

43 2 0.00364529

44 2 0.00315168

45 2 0.00264564

46 2 0.00212915

47 2 0.00160426

48 2 0.00107304

49 2 0.000537579

50 2 0

0 3 0

1 3 0.000803715

2 3 0.00160426

3 3 0.00239847

4 3 0.00318322

5 3 0.0039554

6 3 0.00471197

7 3 0.00544995

8 3 0.00616642

9 3 0.00685855

10 3 0.00752362

11 3 0.00815899

12 3 0.00876216

13 3 0.00933076

14 3 0.00986252

15 3 0.0103554

16 3 0.0108073

17 3 0.0112167

18 3 0.0115817

19 3 0.0119011

20 3 0.0121735

21 3 0.0123978

22 3 0.0125732

23 3 0.012699

24 3 0.0127747

25 3 0.0127999

26 3 0.0127747

27 3 0.012699

28 3 0.0125732

29 3 0.0123978

30 3 0.0121735

31 3 0.0119011

32 3 0.0115817

33 3 0.0112167

34 3 0.0108073

35 3 0.0103554

36 3 0.00986252

37 3 0.00933076

38 3 0.00876216

39 3 0.00815899

40 3 0.00752362

41 3 0.00685855

42 3 0.00616642

43 3 0.00544995

44 3 0.00471197

45 3 0.0039554

46 3 0.00318322

47 3 0.00239847

48 3 0.00160426

49 3 0.000803715

50 3 0

0 4 0

1 4 0.00106668

2 4 0.00212915

3 4 0.00318322

4 4 0.00422472

5 4 0.00524955

6 4 0.00625366

7 4 0.0072331

8 4 0.00818399

9 4 0.00910257

10 4 0.00998524

11 4 0.0108285

12 4 0.011629

13 4 0.0123836

14 4 0.0130894

15 4 0.0137435

16 4 0.0143434

17 4 0.0148866

18 4 0.0153711

19 4 0.015795

20 4 0.0161565

21 4 0.0164542

22 4 0.016687

23 4 0.016854

24 4 0.0169544

25 4 0.0169879

26 4 0.0169544

27 4 0.016854

28 4 0.016687

29 4 0.0164542

30 4 0.0161565

31 4 0.015795

32 4 0.0153711

33 4 0.0148866

34 4 0.0143434

35 4 0.0137435

36 4 0.0130894

37 4 0.0123836

38 4 0.011629

39 4 0.0108285

40 4 0.00998524

41 4 0.00910257

42 4 0.00818399

43 4 0.0072331

44 4 0.00625366

45 4 0.00524955

46 4 0.00422472

47 4 0.00318322

48 4 0.00212915

49 4 0.00106668

50 4 0

0 5 0

1 5 0.00132543

2 5 0.00264564

3 5 0.0039554

4 5 0.00524955

5 5 0.00652299

6 5 0.00777068

7 5 0.0089877

8 5 0.0101693

9 5 0.0113107

10 5 0.0124075

11 5 0.0134553

12 5 0.01445

13 5 0.0153877

14 5 0.0162646

15 5 0.0170774

16 5 0.0178228

17 5 0.0184978

18 5 0.0190998

19 5 0.0196265

20 5 0.0200757

21 5 0.0204457

22 5 0.0207349

23 5 0.0209424

24 5 0.0210672

25 5 0.0211088

26 5 0.0210672

27 5 0.0209424

28 5 0.0207349

29 5 0.0204457

30 5 0.0200757

31 5 0.0196265

32 5 0.0190998

33 5 0.0184978

34 5 0.0178228

35 5 0.0170774

36 5 0.0162646

37 5 0.0153877

38 5 0.01445

39 5 0.0134553

40 5 0.0124075

41 5 0.0113107

42 5 0.0101693

43 5 0.0089877

44 5 0.00777068

45 5 0.00652299

46 5 0.00524955

47 5 0.0039554

48 5 0.00264564

49 5 0.00132543

50 5 0

0 6 0

1 6 0.00157896

2 6 0.00315168

3 6 0.00471197

4 6 0.00625366

5 6 0.00777068

6 6 0.00925702

7 6 0.0107068

8 6 0.0121144

9 6 0.0134741

10 6 0.0147807

11 6 0.0160289

12 6 0.0172139

13 6 0.018331

14 6 0.0193757

15 6 0.0203439

16 6 0.0212318

17 6 0.022036

18 6 0.0227532

19 6 0.0233806

20 6 0.0239157

21 6 0.0243564

22 6 0.024701

23 6 0.0249482

24 6 0.0250968

25 6 0.0251464

26 6 0.0250968

27 6 0.0249482

28 6 0.024701

29 6 0.0243564

30 6 0.0239157

31 6 0.0233806

32 6 0.0227532

33 6 0.022036

34 6 0.0212318

35 6 0.0203439

36 6 0.0193757

37 6 0.018331

38 6 0.0172139

39 6 0.0160289

40 6 0.0147807

41 6 0.0134741

42 6 0.0121144

43 6 0.0107068

44 6 0.00925702

45 6 0.00777068

46 6 0.00625366

47 6 0.00471197

48 6 0.00315168

49 6 0.00157896

50 6 0

0 7 0

1 7 0.00182625

2 7 0.00364529

3 7 0.00544995

4 7 0.0072331

5 7 0.0089877

6 7 0.0107068

7 7 0.0123837

8 7 0.0140117

9 7 0.0155844

10 7 0.0170956

11 7 0.0185394

12 7 0.0199099

13 7 0.0212019

14 7 0.0224102

15 7 0.0235301

16 7 0.0245571

17 7 0.0254872

18 7 0.0263167

19 7 0.0270424

20 7 0.0276613

21 7 0.0281711

22 7 0.0285696

23 7 0.0288555

24 7 0.0290274

25 7 0.0290848

26 7 0.0290274

27 7 0.0288555

28 7 0.0285696

29 7 0.0281711

30 7 0.0276613

31 7 0.0270424

32 7 0.0263167

33 7 0.0254872

34 7 0.0245571

35 7 0.0235301

36 7 0.0224102

37 7 0.0212019

38 7 0.0199099

39 7 0.0185394

40 7 0.0170956

41 7 0.0155844

42 7 0.0140117

43 7 0.0123837

44 7 0.0107068

45 7 0.0089877

46 7 0.0072331

47 7 0.00544995

48 7 0.00364529

49 7 0.00182625

50 7 0

0 8 0

1 8 0.00206634

2 8 0.00412452

3 8 0.00616642

4 8 0.00818399

5 8 0.0101693

6 8 0.0121144

7 8 0.0140117

8 8 0.0158537

9 8 0.0176332

10 8 0.0193431

11 8 0.0209766

12 8 0.0225273

13 8 0.0239892

14 8 0.0253564

15 8 0.0266235

16 8 0.0277855

17 8 0.0288378

18 8 0.0297764

19 8 0.0305975

20 8 0.0312977

21 8 0.0318745

22 8 0.0323255

23 8 0.0326489

24 8 0.0328435

25 8 0.0329084

26 8 0.0328435

27 8 0.0326489

28 8 0.0323255

29 8 0.0318745

30 8 0.0312977

31 8 0.0305975

32 8 0.0297764

33 8 0.0288378

34 8 0.0277855

35 8 0.0266235

36 8 0.0253564

37 8 0.0239892

38 8 0.0225273

39 8 0.0209766

40 8 0.0193431

41 8 0.0176332

42 8 0.0158537

43 8 0.0140117

44 8 0.0121144

45 8 0.0101693

46 8 0.00818399

47 8 0.00616642

48 8 0.00412452

49 8 0.00206634

50 8 0

0 9 0

1 9 0.00229827

2 9 0.00458746

3 9 0.00685855

4 9 0.00910257

5 9 0.0113107

6 9 0.0134741

7 9 0.0155844

8 9 0.0176332

9 9 0.0196124

10 9 0.0215142

11 9 0.0233311

12 9 0.0250559

13 9 0.0266818

14 9 0.0282024

15 9 0.0296117

16 9 0.0309042

17 9 0.0320747

18 9 0.0331186

19 9 0.0340318

20 9 0.0348107

21 9 0.0354522

22 9 0.0359538

23 9 0.0363135

24 9 0.0365299

25 9 0.0366021

26 9 0.0365299

27 9 0.0363135

28 9 0.0359538

29 9 0.0354522

30 9 0.0348107

31 9 0.0340318

32 9 0.0331186

33 9 0.0320747

34 9 0.0309042

35 9 0.0296117

36 9 0.0282024

37 9 0.0266818

38 9 0.0250559

39 9 0.0233311

40 9 0.0215142

41 9 0.0196124

42 9 0.0176332

43 9 0.0155844

44 9 0.0134741

45 9 0.0113107

46 9 0.00910257

47 9 0.00685855

48 9 0.00458746

49 9 0.00229827

50 9 0

0 10 0

1 10 0.00252113

2 10 0.0050323

3 10 0.00752362

4 10 0.00998524

5 10 0.0124075

6 10 0.0147807

7 10 0.0170956

8 10 0.0193431

9 10 0.0215142

10 10 0.0236004

11 10 0.0255934

12 10 0.0274855

13 10 0.0292691

14 10 0.0309372

15 10 0.0324831

16 10 0.0339009

17 10 0.0351849

18 10 0.03633

19 10 0.0373318

20 10 0.0381862

21 10 0.0388899

22 10 0.0394402

23 10 0.0398348

24 10 0.0400721

25 10 0.0401514

26 10 0.0400721

27 10 0.0398348

28 10 0.0394402

29 10 0.0388899

30 10 0.0381862

31 10 0.0373318

32 10 0.03633

33 10 0.0351849

34 10 0.0339009

35 10 0.0324831

36 10 0.0309372

37 10 0.0292691

38 10 0.0274855

39 10 0.0255934

40 10 0.0236004

41 10 0.0215142

42 10 0.0193431

43 10 0.0170956

44 10 0.0147807

45 10 0.0124075

46 10 0.00998524

47 10 0.00752362

48 10 0.0050323

49 10 0.00252113

50 10 0

0 11 0

1 11 0.00273404

2 11 0.00545728

3 11 0.00815899

4 11 0.0108285

5 11 0.0134553

6 11 0.0160289

7 11 0.0185394

8 11 0.0209766

9 11 0.0233311

10 11 0.0255934

11 11 0.0277548

12 11 0.0298067

13 11 0.0317409

14 11 0.0335498

15 11 0.0352264

16 11 0.0367639

17 11 0.0381563

18 11 0.0393981

19 11 0.0404845

20 11 0.0414111

21 11 0.0421742

22 11 0.0427709

23 11 0.0431988

24 11 0.0434563

25 11 0.0435422

26 11 0.0434563

27 11 0.0431988

28 11 0.0427709

29 11 0.0421742

30 11 0.0414111

31 11 0.0404845

32 11 0.0393981

33 11 0.0381563

34 11 0.0367639

35 11 0.0352264

36 11 0.0335498

37 11 0.0317409

38 11 0.0298067

39 11 0.0277548

40 11 0.0255934

41 11 0.0233311

42 11 0.0209766

43 11 0.0185394

44 11 0.0160289

45 11 0.0134553

46 11 0.0108285

47 11 0.00815899

48 11 0.00545728

49 11 0.00273404

50 11 0

0 12 0

1 12 0.00293616

2 12 0.00586072

3 12 0.00876216

4 12 0.011629

5 12 0.01445

6 12 0.0172139

7 12 0.0199099

8 12 0.0225273

9 12 0.0250559

10 12 0.0274855

11 12 0.0298067

12 12 0.0320102

13 12 0.0340874

14 12 0.0360301

15 12 0.0378306

16 12 0.0394817

17 12 0.0409771

18 12 0.0423107

19 12 0.0434774

20 12 0.0444725

21 12 0.045292

22 12 0.0459329

23 12 0.0463924

24 12 0.0466689

25 12 0.0467611

26 12 0.0466689

27 12 0.0463924

28 12 0.0459329

29 12 0.045292

30 12 0.0444725

31 12 0.0434774

32 12 0.0423107

33 12 0.0409771

34 12 0.0394817

35 12 0.0378306

36 12 0.0360301

37 12 0.0340874

38 12 0.0320102

39 12 0.0298067

40 12 0.0274855

41 12 0.0250559

42 12 0.0225273

43 12 0.0199099

44 12 0.0172139

45 12 0.01445

46 12 0.011629

47 12 0.00876216

48 12 0.00586072

49 12 0.00293616

50 12 0

0 13 0

1 13 0.00312669

2 13 0.00624104

3 13 0.00933076

4 13 0.0123836

5 13 0.0153877

6 13 0.018331

7 13 0.0212019

8 13 0.0239892

9 13 0.0266818

10 13 0.0292691

11 13 0.0317409

12 13 0.0340874

13 13 0.0362994

14 13 0.0383681

15 13 0.0402854

16 13 0.0420438

17 13 0.0436362

18 13 0.0450564

19 13 0.0462987

20 13 0.0473584

21 13 0.0482311

22 13 0.0489135

23 13 0.0494029

24 13 0.0496973

25 13 0.0497956

26 13 0.0496973

27 13 0.0494029

28 13 0.0489135

29 13 0.0482311

30 13 0.0473584

31 13 0.0462987

32 13 0.0450564

33 13 0.0436362

34 13 0.0420438

35 13 0.0402854

36 13 0.0383681

37 13 0.0362994

38 13 0.0340874

39 13 0.0317409

40 13 0.0292691

41 13 0.0266818

42 13 0.0239892

43 13 0.0212019

44 13 0.018331

45 13 0.0153877

46 13 0.0123836

47 13 0.00933076

48 13 0.00624104

49 13 0.00312669

50 13 0

0 14 0

1 14 0.00330488

2 14 0.00659672

3 14 0.00986252

4 14 0.0130894

5 14 0.0162646

6 14 0.0193757

7 14 0.0224102

8 14 0.0253564

9 14 0.0282024

10 14 0.0309372

11 14 0.0335498

12 14 0.0360301

13 14 0.0383681

14 14 0.0405548

15 14 0.0425814

16 14 0.0444399

17 14 0.046123

18 14 0.0476242

19 14 0.0489373

20 14 0.0500574

21 14 0.0509799

22 14 0.0517012

23 14 0.0522184

24 14 0.0525296

25 14 0.0526334

26 14 0.0525296

27 14 0.0522184

28 14 0.0517012

29 14 0.0509799

30 14 0.0500574

31 14 0.0489373

32 14 0.0476242

33 14 0.046123

34 14 0.0444399

35 14 0.0425814

36 14 0.0405548

37 14 0.0383681

38 14 0.0360301

39 14 0.0335498

40 14 0.0309372

41 14 0.0282024

42 14 0.0253564

43 14 0.0224102

44 14 0.0193757

45 14 0.0162646

46 14 0.0130894

47 14 0.00986252

48 14 0.00659672

49 14 0.00330488

50 14 0

0 15 0

1 15 0.00347003

2 15 0.00692637

3 15 0.0103554

4 15 0.0137435

5 15 0.0170774

6 15 0.0203439

7 15 0.0235301

8 15 0.0266235

9 15 0.0296117

10 15 0.0324831

11 15 0.0352264

12 15 0.0378306

13 15 0.0402854

14 15 0.0425814

15 15 0.0447092

16 15 0.0466606

17 15 0.0484279

18 15 0.050004

19 15 0.0513828

20 15 0.0525588

21 15 0.0535274

22 15 0.0542848

23 15 0.0548279

24 15 0.0551546

25 15 0.0552636

26 15 0.0551546

27 15 0.0548279

28 15 0.0542848

29 15 0.0535274

30 15 0.0525588

31 15 0.0513828

32 15 0.050004

33 15 0.0484279

34 15 0.0466606

35 15 0.0447092

36 15 0.0425814

37 15 0.0402854

38 15 0.0378306

39 15 0.0352264

40 15 0.0324831

41 15 0.0296117

42 15 0.0266235

43 15 0.0235301

44 15 0.0203439

45 15 0.0170774

46 15 0.0137435

47 15 0.0103554

48 15 0.00692637

49 15 0.00347003

50 15 0

0 16 0

1 16 0.00362149

2 16 0.00722868

3 16 0.0108073

4 16 0.0143434

5 16 0.0178228

6 16 0.0212318

7 16 0.0245571

8 16 0.0277855

9 16 0.0309042

10 16 0.0339009

11 16 0.0367639

12 16 0.0394817

13 16 0.0420438

14 16 0.0444399

15 16 0.0466606

16 16 0.0486972

17 16 0.0505416

18 16 0.0521865

19 16 0.0536255

20 16 0.0548528

21 16 0.0558637

22 16 0.0566541

23 16 0.0572209

24 16 0.0575619

25 16 0.0576757

26 16 0.0575619

27 16 0.0572209

28 16 0.0566541

29 16 0.0558637

30 16 0.0548528

31 16 0.0536255

32 16 0.0521865

33 16 0.0505416

34 16 0.0486972

35 16 0.0466606

36 16 0.0444399

37 16 0.0420438

38 16 0.0394817

39 16 0.0367639

40 16 0.0339009

41 16 0.0309042

42 16 0.0277855

43 16 0.0245571

44 16 0.0212318

45 16 0.0178228

46 16 0.0143434

47 16 0.0108073

48 16 0.00722868

49 16 0.00362149

50 16 0

0 17 0

1 17 0.00375865

2 17 0.00750247

3 17 0.0112167

4 17 0.0148866

5 17 0.0184978

6 17 0.022036

7 17 0.0254872

8 17 0.0288378

9 17 0.0320747

10 17 0.0351849

11 17 0.0381563

12 17 0.0409771

13 17 0.0436362

14 17 0.046123

15 17 0.0484279

16 17 0.0505416

17 17 0.0524559

18 17 0.0541631

19 17 0.0556566

20 17 0.0569304

21 17 0.0579795

22 17 0.0587999

23 17 0.0593881

24 17 0.059742

25 17 0.0598602

26 17 0.059742

27 17 0.0593881

28 17 0.0587999

29 17 0.0579795

30 17 0.0569304

31 17 0.0556566

32 17 0.0541631

33 17 0.0524559

34 17 0.0505416

35 17 0.0484279

36 17 0.046123

37 17 0.0436362

38 17 0.0409771

39 17 0.0381563

40 17 0.0351849

41 17 0.0320747

42 17 0.0288378

43 17 0.0254872

44 17 0.022036

45 17 0.0184978

46 17 0.0148866

47 17 0.0112167

48 17 0.00750247

49 17 0.00375865

50 17 0

0 18 0

1 18 0.00388098

2 18 0.00774664

3 18 0.0115817

4 18 0.0153711

5 18 0.0190998

6 18 0.0227532

7 18 0.0263167

8 18 0.0297764

9 18 0.0331186

10 18 0.03633

11 18 0.0393981

12 18 0.0423107

13 18 0.0450564

14 18 0.0476242

15 18 0.050004

16 18 0.0521865

17 18 0.0541631

18 18 0.0559259

19 18 0.057468

20 18 0.0587833

21 18 0.0598665

22 18 0.0607136

23 18 0.061321

24 18 0.0616864

25 18 0.0618084

26 18 0.0616864

27 18 0.061321

28 18 0.0607136

29 18 0.0598665

30 18 0.0587833

31 18 0.057468

32 18 0.0559259

33 18 0.0541631

34 18 0.0521865

35 18 0.050004

36 18 0.0476242

37 18 0.0450564

38 18 0.0423107

39 18 0.0393981

40 18 0.03633

41 18 0.0331186

42 18 0.0297764

43 18 0.0263167

44 18 0.0227532

45 18 0.0190998

46 18 0.0153711

47 18 0.0115817

48 18 0.00774664

49 18 0.00388098

50 18 0

0 19 0

1 19 0.00398799

2 19 0.00796025

3 19 0.0119011

4 19 0.015795

5 19 0.0196265

6 19 0.0233806

7 19 0.0270424

8 19 0.0305975

9 19 0.0340318

10 19 0.0373318

11 19 0.0404845

12 19 0.0434774

13 19 0.0462987

14 19 0.0489373

15 19 0.0513828

16 19 0.0536255

17 19 0.0556566

18 19 0.057468

19 19 0.0590526

20 19 0.0604041

21 19 0.0615173

22 19 0.0623877

23 19 0.0630118

24 19 0.0633873

25 19 0.0635127

26 19 0.0633873

27 19 0.0630118

28 19 0.0623877

29 19 0.0615173

30 19 0.0604041

31 19 0.0590526

32 19 0.057468

33 19 0.0556566

34 19 0.0536255

35 19 0.0513828

36 19 0.0489373

37 19 0.0462987

38 19 0.0434774

39 19 0.0404845

40 19 0.0373318

41 19 0.0340318

42 19 0.0305975

43 19 0.0270424

44 19 0.0233806

45 19 0.0196265

46 19 0.015795

47 19 0.0119011

48 19 0.00796025

49 19 0.00398799

50 19 0

0 20 0

1 20 0.00407927

2 20 0.00814243

3 20 0.0121735

4 20 0.0161565

5 20 0.0200757

6 20 0.0239157

7 20 0.0276613

8 20 0.0312977

9 20 0.0348107

10 20 0.0381862

11 20 0.0414111

12 20 0.0444725

13 20 0.0473584

14 20 0.0500574

15 20 0.0525588

16 20 0.0548528

17 20 0.0569304

18 20 0.0587833

19 20 0.0604041

20 20 0.0617866

21 20 0.0629252

22 20 0.0638156

23 20 0.064454

24 20 0.0648381

25 20 0.0649663

26 20 0.0648381

27 20 0.064454

28 20 0.0638156

29 20 0.0629252

30 20 0.0617866

31 20 0.0604041

32 20 0.0587833

33 20 0.0569304

34 20 0.0548528

35 20 0.0525588

36 20 0.0500574

37 20 0.0473584

38 20 0.0444725

39 20 0.0414111

40 20 0.0381862

41 20 0.0348107

42 20 0.0312977

43 20 0.0276613

44 20 0.0239157

45 20 0.0200757

46 20 0.0161565

47 20 0.0121735

48 20 0.00814243

49 20 0.00407927

50 20 0

0 21 0

1 21 0.00415444

2 21 0.00829249

3 21 0.0123978

4 21 0.0164542

5 21 0.0204457

6 21 0.0243564

7 21 0.0281711

8 21 0.0318745

9 21 0.0354522

10 21 0.0388899

11 21 0.0421742

12 21 0.045292

13 21 0.0482311

14 21 0.0509799

15 21 0.0535274

16 21 0.0558637

17 21 0.0579795

18 21 0.0598665

19 21 0.0615173

20 21 0.0629252

21 21 0.0640849

22 21 0.0649916

23 21 0.0656418

24 21 0.066033

25 21 0.0661635

26 21 0.066033

27 21 0.0656418

28 21 0.0649916

29 21 0.0640849

30 21 0.0629252

31 21 0.0615173

32 21 0.0598665

33 21 0.0579795

34 21 0.0558637

35 21 0.0535274

36 21 0.0509799

37 21 0.0482311

38 21 0.045292

39 21 0.0421742

40 21 0.0388899

41 21 0.0354522

42 21 0.0318745

43 21 0.0281711

44 21 0.0243564

45 21 0.0204457

46 21 0.0164542

47 21 0.0123978

48 21 0.00829249

49 21 0.00415444

50 21 0

0 22 0

1 22 0.00421322

2 22 0.00840982

3 22 0.0125732

4 22 0.016687

5 22 0.0207349

6 22 0.024701

7 22 0.0285696

8 22 0.0323255

9 22 0.0359538

10 22 0.0394402

11 22 0.0427709

12 22 0.0459329

13 22 0.0489135

14 22 0.0517012

15 22 0.0542848

16 22 0.0566541

17 22 0.0587999

18 22 0.0607136

19 22 0.0623877

20 22 0.0638156

21 22 0.0649916

22 22 0.0659111

23 22 0.0665705

24 22 0.0669672

25 22 0.0670996

26 22 0.0669672

27 22 0.0665705

28 22 0.0659111

29 22 0.0649916

30 22 0.0638156

31 22 0.0623877

32 22 0.0607136

33 22 0.0587999

34 22 0.0566541

35 22 0.0542848

36 22 0.0517012

37 22 0.0489135

38 22 0.0459329

39 22 0.0427709

40 22 0.0394402

41 22 0.0359538

42 22 0.0323255

43 22 0.0285696

44 22 0.024701

45 22 0.0207349

46 22 0.016687

47 22 0.0125732

48 22 0.00840982

49 22 0.00421322

50 22 0

0 23 0

1 23 0.00425537

2 23 0.00849395

3 23 0.012699

4 23 0.016854

5 23 0.0209424

6 23 0.0249482

7 23 0.0288555

8 23 0.0326489

9 23 0.0363135

10 23 0.0398348

11 23 0.0431988

12 23 0.0463924

13 23 0.0494029

14 23 0.0522184

15 23 0.0548279

16 23 0.0572209

17 23 0.0593881

18 23 0.061321

19 23 0.0630118

20 23 0.064454

21 23 0.0656418

22 23 0.0665705

23 23 0.0672366

24 23 0.0676372

25 23 0.067771

26 23 0.0676372

27 23 0.0672366

28 23 0.0665705

29 23 0.0656418

30 23 0.064454

31 23 0.0630118

32 23 0.061321

33 23 0.0593881

34 23 0.0572209

35 23 0.0548279

36 23 0.0522184

37 23 0.0494029

38 23 0.0463924

39 23 0.0431988

40 23 0.0398348

41 23 0.0363135

42 23 0.0326489

43 23 0.0288555

44 23 0.0249482

45 23 0.0209424

46 23 0.016854

47 23 0.012699

48 23 0.00849395

49 23 0.00425537

50 23 0

0 24 0

1 24 0.00428073

2 24 0.00854457

3 24 0.0127747

4 24 0.0169544

5 24 0.0210672

6 24 0.0250968

7 24 0.0290274

8 24 0.0328435

9 24 0.0365299

10 24 0.0400721

11 24 0.0434563

12 24 0.0466689

13 24 0.0496973

14 24 0.0525296

15 24 0.0551546

16 24 0.0575619

17 24 0.059742

18 24 0.0616864

19 24 0.0633873

20 24 0.0648381

21 24 0.066033

22 24 0.0669672

23 24 0.0676372

24 24 0.0680403

25 24 0.0681748

26 24 0.0680403

27 24 0.0676372

28 24 0.0669672

29 24 0.066033

30 24 0.0648381

31 24 0.0633873

32 24 0.0616864

33 24 0.059742

34 24 0.0575619

35 24 0.0551546

36 24 0.0525296

37 24 0.0496973

38 24 0.0466689

39 24 0.0434563

40 24 0.0400721

41 24 0.0365299

42 24 0.0328435

43 24 0.0290274

44 24 0.0250968

45 24 0.0210672

46 24 0.0169544

47 24 0.0127747

48 24 0.00854457

49 24 0.00428073

50 24 0

0 25 0

1 25 0.00428919

2 25 0.00856146

3 25 0.0127999

4 25 0.0169879

5 25 0.0211088

6 25 0.0251464

7 25 0.0290848

8 25 0.0329084

9 25 0.0366021

10 25 0.0401514

11 25 0.0435422

12 25 0.0467611

13 25 0.0497956

14 25 0.0526334

15 25 0.0552636

16 25 0.0576757

17 25 0.0598602

18 25 0.0618084

19 25 0.0635127

20 25 0.0649663

21 25 0.0661635

22 25 0.0670996

23 25 0.067771

24 25 0.0681748

25 25 0.0683096

26 25 0.0681748

27 25 0.067771

28 25 0.0670996

29 25 0.0661635

30 25 0.0649663

31 25 0.0635127

32 25 0.0618084

33 25 0.0598602

34 25 0.0576757

35 25 0.0552636

36 25 0.0526334

37 25 0.0497956

38 25 0.0467611

39 25 0.0435422

40 25 0.0401514

41 25 0.0366021

42 25 0.0329084

43 25 0.0290848

44 25 0.0251464

45 25 0.0211088

46 25 0.0169879

47 25 0.0127999

48 25 0.00856146

49 25 0.00428919

50 25 0

0 26 0

1 26 0.00428073

2 26 0.00854457

3 26 0.0127747

4 26 0.0169544

5 26 0.0210672

6 26 0.0250968

7 26 0.0290274

8 26 0.0328435

9 26 0.0365299

10 26 0.0400721

11 26 0.0434563

12 26 0.0466689

13 26 0.0496973

14 26 0.0525296

15 26 0.0551546

16 26 0.0575619

17 26 0.059742

18 26 0.0616864

19 26 0.0633873

20 26 0.0648381

21 26 0.066033

22 26 0.0669672

23 26 0.0676372

24 26 0.0680403

25 26 0.0681748

26 26 0.0680403

27 26 0.0676372

28 26 0.0669672

29 26 0.066033

30 26 0.0648381

31 26 0.0633873

32 26 0.0616864

33 26 0.059742

34 26 0.0575619

35 26 0.0551546

36 26 0.0525296

37 26 0.0496973

38 26 0.0466689

39 26 0.0434563

40 26 0.0400721

41 26 0.0365299

42 26 0.0328435

43 26 0.0290274

44 26 0.0250968

45 26 0.0210672

46 26 0.0169544

47 26 0.0127747

48 26 0.00854457

49 26 0.00428073

50 26 0

0 27 0

1 27 0.00425537

2 27 0.00849395

3 27 0.012699

4 27 0.016854

5 27 0.0209424

6 27 0.0249482

7 27 0.0288555

8 27 0.0326489

9 27 0.0363135

10 27 0.0398348

11 27 0.0431988

12 27 0.0463924

13 27 0.0494029

14 27 0.0522184

15 27 0.0548279

16 27 0.0572209

17 27 0.0593881

18 27 0.061321

19 27 0.0630118

20 27 0.064454

21 27 0.0656418

22 27 0.0665705

23 27 0.0672366

24 27 0.0676372

25 27 0.067771

26 27 0.0676372

27 27 0.0672366

28 27 0.0665705

29 27 0.0656418

30 27 0.064454

31 27 0.0630118

32 27 0.061321

33 27 0.0593881

34 27 0.0572209

35 27 0.0548279

36 27 0.0522184

37 27 0.0494029

38 27 0.0463924

39 27 0.0431988

40 27 0.0398348

41 27 0.0363135

42 27 0.0326489

43 27 0.0288555

44 27 0.0249482

45 27 0.0209424

46 27 0.016854

47 27 0.012699

48 27 0.00849395

49 27 0.00425537

50 27 0

0 28 0

1 28 0.00421322

2 28 0.00840982

3 28 0.0125732

4 28 0.016687

5 28 0.0207349

6 28 0.024701

7 28 0.0285696

8 28 0.0323255

9 28 0.0359538

10 28 0.0394402

11 28 0.0427709

12 28 0.0459329

13 28 0.0489135

14 28 0.0517012

15 28 0.0542848

16 28 0.0566541

17 28 0.0587999

18 28 0.0607136

19 28 0.0623877

20 28 0.0638156

21 28 0.0649916

22 28 0.0659111

23 28 0.0665705

24 28 0.0669672

25 28 0.0670996

26 28 0.0669672

27 28 0.0665705

28 28 0.0659111

29 28 0.0649916

30 28 0.0638156

31 28 0.0623877

32 28 0.0607136

33 28 0.0587999

34 28 0.0566541

35 28 0.0542848

36 28 0.0517012

37 28 0.0489135

38 28 0.0459329

39 28 0.0427709

40 28 0.0394402

41 28 0.0359538

42 28 0.0323255

43 28 0.0285696

44 28 0.024701

45 28 0.0207349

46 28 0.016687

47 28 0.0125732

48 28 0.00840982

49 28 0.00421322

50 28 0

0 29 0

1 29 0.00415444

2 29 0.00829249

3 29 0.0123978

4 29 0.0164542

5 29 0.0204457

6 29 0.0243564

7 29 0.0281711

8 29 0.0318745

9 29 0.0354522

10 29 0.0388899

11 29 0.0421742

12 29 0.045292

13 29 0.0482311

14 29 0.0509799

15 29 0.0535274

16 29 0.0558637

17 29 0.0579795

18 29 0.0598665

19 29 0.0615173

20 29 0.0629252

21 29 0.0640849

22 29 0.0649916

23 29 0.0656418

24 29 0.066033

25 29 0.0661635

26 29 0.066033

27 29 0.0656418

28 29 0.0649916

29 29 0.0640849

30 29 0.0629252

31 29 0.0615173

32 29 0.0598665

33 29 0.0579795

34 29 0.0558637

35 29 0.0535274

36 29 0.0509799

37 29 0.0482311

38 29 0.045292

39 29 0.0421742

40 29 0.0388899

41 29 0.0354522

42 29 0.0318745

43 29 0.0281711

44 29 0.0243564

45 29 0.0204457

46 29 0.0164542

47 29 0.0123978

48 29 0.00829249

49 29 0.00415444

50 29 0

0 30 0

1 30 0.00407927

2 30 0.00814243

3 30 0.0121735

4 30 0.0161565

5 30 0.0200757

6 30 0.0239157

7 30 0.0276613

8 30 0.0312977

9 30 0.0348107

10 30 0.0381862

11 30 0.0414111

12 30 0.0444725

13 30 0.0473584

14 30 0.0500574

15 30 0.0525588

16 30 0.0548528

17 30 0.0569304

18 30 0.0587833

19 30 0.0604041

20 30 0.0617866

21 30 0.0629252

22 30 0.0638156

23 30 0.064454

24 30 0.0648381

25 30 0.0649663

26 30 0.0648381

27 30 0.064454

28 30 0.0638156

29 30 0.0629252

30 30 0.0617866

31 30 0.0604041

32 30 0.0587833

33 30 0.0569304

34 30 0.0548528

35 30 0.0525588

36 30 0.0500574

37 30 0.0473584

38 30 0.0444725

39 30 0.0414111

40 30 0.0381862

41 30 0.0348107

42 30 0.0312977

43 30 0.0276613

44 30 0.0239157

45 30 0.0200757

46 30 0.0161565

47 30 0.0121735

48 30 0.00814243

49 30 0.00407927

50 30 0

0 31 0

1 31 0.00398799

2 31 0.00796025

3 31 0.0119011

4 31 0.015795

5 31 0.0196265

6 31 0.0233806

7 31 0.0270424

8 31 0.0305975

9 31 0.0340318

10 31 0.0373318

11 31 0.0404845

12 31 0.0434774

13 31 0.0462987

14 31 0.0489373

15 31 0.0513828

16 31 0.0536255

17 31 0.0556566

18 31 0.057468

19 31 0.0590526

20 31 0.0604041

21 31 0.0615173

22 31 0.0623877

23 31 0.0630118

24 31 0.0633873

25 31 0.0635127

26 31 0.0633873

27 31 0.0630118

28 31 0.0623877

29 31 0.0615173

30 31 0.0604041

31 31 0.0590526

32 31 0.057468

33 31 0.0556566

34 31 0.0536255

35 31 0.0513828

36 31 0.0489373

37 31 0.0462987

38 31 0.0434774

39 31 0.0404845

40 31 0.0373318

41 31 0.0340318

42 31 0.0305975

43 31 0.0270424

44 31 0.0233806

45 31 0.0196265

46 31 0.015795

47 31 0.0119011

48 31 0.00796025

49 31 0.00398799

50 31 0

0 32 0

1 32 0.00388098

2 32 0.00774664

3 32 0.0115817

4 32 0.0153711

5 32 0.0190998

6 32 0.0227532

7 32 0.0263167

8 32 0.0297764

9 32 0.0331186

10 32 0.03633

11 32 0.0393981

12 32 0.0423107

13 32 0.0450564

14 32 0.0476242

15 32 0.050004

16 32 0.0521865

17 32 0.0541631

18 32 0.0559259

19 32 0.057468

20 32 0.0587833

21 32 0.0598665

22 32 0.0607136

23 32 0.061321

24 32 0.0616864

25 32 0.0618084

26 32 0.0616864

27 32 0.061321

28 32 0.0607136

29 32 0.0598665

30 32 0.0587833

31 32 0.057468

32 32 0.0559259

33 32 0.0541631

34 32 0.0521865

35 32 0.050004

36 32 0.0476242

37 32 0.0450564

38 32 0.0423107

39 32 0.0393981

40 32 0.03633

41 32 0.0331186

42 32 0.0297764

43 32 0.0263167

44 32 0.0227532

45 32 0.0190998

46 32 0.0153711

47 32 0.0115817

48 32 0.00774664

49 32 0.00388098

50 32 0

0 33 0

1 33 0.00375865

2 33 0.00750247

3 33 0.0112167

4 33 0.0148866

5 33 0.0184978

6 33 0.022036

7 33 0.0254872

8 33 0.0288378

9 33 0.0320747

10 33 0.0351849

11 33 0.0381563

12 33 0.0409771

13 33 0.0436362

14 33 0.046123

15 33 0.0484279

16 33 0.0505416

17 33 0.0524559

18 33 0.0541631

19 33 0.0556566

20 33 0.0569304

21 33 0.0579795

22 33 0.0587999

23 33 0.0593881

24 33 0.059742

25 33 0.0598602

26 33 0.059742

27 33 0.0593881

28 33 0.0587999

29 33 0.0579795

30 33 0.0569304

31 33 0.0556566

32 33 0.0541631

33 33 0.0524559

34 33 0.0505416

35 33 0.0484279

36 33 0.046123

37 33 0.0436362

38 33 0.0409771

39 33 0.0381563

40 33 0.0351849

41 33 0.0320747

42 33 0.0288378

43 33 0.0254872

44 33 0.022036

45 33 0.0184978

46 33 0.0148866

47 33 0.0112167

48 33 0.00750247

49 33 0.00375865

50 33 0

0 34 0

1 34 0.00362149

2 34 0.00722868

3 34 0.0108073

4 34 0.0143434

5 34 0.0178228

6 34 0.0212318

7 34 0.0245571

8 34 0.0277855

9 34 0.0309042

10 34 0.0339009

11 34 0.0367639

12 34 0.0394817

13 34 0.0420438

14 34 0.0444399

15 34 0.0466606

16 34 0.0486972

17 34 0.0505416

18 34 0.0521865

19 34 0.0536255

20 34 0.0548528

21 34 0.0558637

22 34 0.0566541

23 34 0.0572209

24 34 0.0575619

25 34 0.0576757

26 34 0.0575619

27 34 0.0572209

28 34 0.0566541

29 34 0.0558637

30 34 0.0548528

31 34 0.0536255

32 34 0.0521865

33 34 0.0505416

34 34 0.0486972

35 34 0.0466606

36 34 0.0444399

37 34 0.0420438

38 34 0.0394817

39 34 0.0367639

40 34 0.0339009

41 34 0.0309042

42 34 0.0277855

43 34 0.0245571

44 34 0.0212318

45 34 0.0178228

46 34 0.0143434

47 34 0.0108073

48 34 0.00722868

49 34 0.00362149

50 34 0

0 35 0

1 35 0.00347003

2 35 0.00692637

3 35 0.0103554

4 35 0.0137435

5 35 0.0170774

6 35 0.0203439

7 35 0.0235301

8 35 0.0266235

9 35 0.0296117

10 35 0.0324831

11 35 0.0352264

12 35 0.0378306

13 35 0.0402854

14 35 0.0425814

15 35 0.0447092

16 35 0.0466606

17 35 0.0484279

18 35 0.050004

19 35 0.0513828

20 35 0.0525588

21 35 0.0535274

22 35 0.0542848

23 35 0.0548279

24 35 0.0551546

25 35 0.0552636

26 35 0.0551546

27 35 0.0548279

28 35 0.0542848

29 35 0.0535274

30 35 0.0525588

31 35 0.0513828

32 35 0.050004

33 35 0.0484279

34 35 0.0466606

35 35 0.0447092

36 35 0.0425814

37 35 0.0402854

38 35 0.0378306

39 35 0.0352264

40 35 0.0324831

41 35 0.0296117

42 35 0.0266235

43 35 0.0235301

44 35 0.0203439

45 35 0.0170774

46 35 0.0137435

47 35 0.0103554

48 35 0.00692637

49 35 0.00347003

50 35 0

0 36 0

1 36 0.00330488

2 36 0.00659672

3 36 0.00986252

4 36 0.0130894

5 36 0.0162646

6 36 0.0193757

7 36 0.0224102

8 36 0.0253564

9 36 0.0282024

10 36 0.0309372

11 36 0.0335498

12 36 0.0360301

13 36 0.0383681

14 36 0.0405548

15 36 0.0425814

16 36 0.0444399

17 36 0.046123

18 36 0.0476242

19 36 0.0489373

20 36 0.0500574

21 36 0.0509799

22 36 0.0517012

23 36 0.0522184

24 36 0.0525296

25 36 0.0526334

26 36 0.0525296

27 36 0.0522184

28 36 0.0517012

29 36 0.0509799

30 36 0.0500574

31 36 0.0489373

32 36 0.0476242

33 36 0.046123

34 36 0.0444399

35 36 0.0425814

36 36 0.0405548

37 36 0.0383681

38 36 0.0360301

39 36 0.0335498

40 36 0.0309372

41 36 0.0282024

42 36 0.0253564

43 36 0.0224102

44 36 0.0193757

45 36 0.0162646

46 36 0.0130894

47 36 0.00986252

48 36 0.00659672

49 36 0.00330488

50 36 0

0 37 0

1 37 0.00312669

2 37 0.00624104

3 37 0.00933076

4 37 0.0123836

5 37 0.0153877

6 37 0.018331

7 37 0.0212019

8 37 0.0239892

9 37 0.0266818

10 37 0.0292691

11 37 0.0317409

12 37 0.0340874

13 37 0.0362994

14 37 0.0383681

15 37 0.0402854

16 37 0.0420438

17 37 0.0436362

18 37 0.0450564

19 37 0.0462987

20 37 0.0473584

21 37 0.0482311

22 37 0.0489135

23 37 0.0494029

24 37 0.0496973

25 37 0.0497956

26 37 0.0496973

27 37 0.0494029

28 37 0.0489135

29 37 0.0482311

30 37 0.0473584

31 37 0.0462987

32 37 0.0450564

33 37 0.0436362

34 37 0.0420438

35 37 0.0402854

36 37 0.0383681

37 37 0.0362994

38 37 0.0340874

39 37 0.0317409

40 37 0.0292691

41 37 0.0266818

42 37 0.0239892

43 37 0.0212019

44 37 0.018331

45 37 0.0153877

46 37 0.0123836

47 37 0.00933076

48 37 0.00624104

49 37 0.00312669

50 37 0

0 38 0

1 38 0.00293616

2 38 0.00586072

3 38 0.00876216

4 38 0.011629

5 38 0.01445

6 38 0.0172139

7 38 0.0199099

8 38 0.0225273

9 38 0.0250559

10 38 0.0274855

11 38 0.0298067

12 38 0.0320102

13 38 0.0340874

14 38 0.0360301

15 38 0.0378306

16 38 0.0394817

17 38 0.0409771

18 38 0.0423107

19 38 0.0434774

20 38 0.0444725

21 38 0.045292

22 38 0.0459329

23 38 0.0463924

24 38 0.0466689

25 38 0.0467611

26 38 0.0466689

27 38 0.0463924

28 38 0.0459329

29 38 0.045292

30 38 0.0444725

31 38 0.0434774

32 38 0.0423107

33 38 0.0409771

34 38 0.0394817

35 38 0.0378306

36 38 0.0360301

37 38 0.0340874

38 38 0.0320102

39 38 0.0298067

40 38 0.0274855

41 38 0.0250559

42 38 0.0225273

43 38 0.0199099

44 38 0.0172139

45 38 0.01445

46 38 0.011629

47 38 0.00876216

48 38 0.00586072

49 38 0.00293616

50 38 0

0 39 0

1 39 0.00273404

2 39 0.00545728

3 39 0.00815899

4 39 0.0108285

5 39 0.0134553

6 39 0.0160289

7 39 0.0185394

8 39 0.0209766

9 39 0.0233311

10 39 0.0255934

11 39 0.0277548

12 39 0.0298067

13 39 0.0317409

14 39 0.0335498

15 39 0.0352264

16 39 0.0367639

17 39 0.0381563

18 39 0.0393981

19 39 0.0404845

20 39 0.0414111

21 39 0.0421742

22 39 0.0427709

23 39 0.0431988

24 39 0.0434563

25 39 0.0435422

26 39 0.0434563

27 39 0.0431988

28 39 0.0427709

29 39 0.0421742

30 39 0.0414111

31 39 0.0404845

32 39 0.0393981

33 39 0.0381563

34 39 0.0367639

35 39 0.0352264

36 39 0.0335498

37 39 0.0317409

38 39 0.0298067

39 39 0.0277548

40 39 0.0255934

41 39 0.0233311

42 39 0.0209766

43 39 0.0185394

44 39 0.0160289

45 39 0.0134553

46 39 0.0108285

47 39 0.00815899

48 39 0.00545728

49 39 0.00273404

50 39 0

0 40 0

1 40 0.00252113

2 40 0.0050323

3 40 0.00752362

4 40 0.00998524

5 40 0.0124075

6 40 0.0147807

7 40 0.0170956

8 40 0.0193431

9 40 0.0215142

10 40 0.0236004

11 40 0.0255934

12 40 0.0274855

13 40 0.0292691

14 40 0.0309372

15 40 0.0324831

16 40 0.0339009

17 40 0.0351849

18 40 0.03633

19 40 0.0373318

20 40 0.0381862

21 40 0.0388899

22 40 0.0394402

23 40 0.0398348

24 40 0.0400721

25 40 0.0401514

26 40 0.0400721

27 40 0.0398348

28 40 0.0394402

29 40 0.0388899

30 40 0.0381862

31 40 0.0373318

32 40 0.03633

33 40 0.0351849

34 40 0.0339009

35 40 0.0324831

36 40 0.0309372

37 40 0.0292691

38 40 0.0274855

39 40 0.0255934

40 40 0.0236004

41 40 0.0215142

42 40 0.0193431

43 40 0.0170956

44 40 0.0147807

45 40 0.0124075

46 40 0.00998524

47 40 0.00752362

48 40 0.0050323

49 40 0.00252113

50 40 0

0 41 0

1 41 0.00229827

2 41 0.00458746

3 41 0.00685855

4 41 0.00910257

5 41 0.0113107

6 41 0.0134741

7 41 0.0155844

8 41 0.0176332

9 41 0.0196124

10 41 0.0215142

11 41 0.0233311

12 41 0.0250559

13 41 0.0266818

14 41 0.0282024

15 41 0.0296117

16 41 0.0309042

17 41 0.0320747

18 41 0.0331186

19 41 0.0340318

20 41 0.0348107

21 41 0.0354522

22 41 0.0359538

23 41 0.0363135

24 41 0.0365299

25 41 0.0366021

26 41 0.0365299

27 41 0.0363135

28 41 0.0359538

29 41 0.0354522

30 41 0.0348107

31 41 0.0340318

32 41 0.0331186

33 41 0.0320747

34 41 0.0309042

35 41 0.0296117

36 41 0.0282024

37 41 0.0266818

38 41 0.0250559

39 41 0.0233311

40 41 0.0215142

41 41 0.0196124

42 41 0.0176332

43 41 0.0155844

44 41 0.0134741

45 41 0.0113107

46 41 0.00910257

47 41 0.00685855

48 41 0.00458746

49 41 0.00229827

50 41 0

0 42 0

1 42 0.00206634

2 42 0.00412452

3 42 0.00616642

4 42 0.00818399

5 42 0.0101693

6 42 0.0121144

7 42 0.0140117

8 42 0.0158537

9 42 0.0176332

10 42 0.0193431

11 42 0.0209766

12 42 0.0225273

13 42 0.0239892

14 42 0.0253564

15 42 0.0266235

16 42 0.0277855

17 42 0.0288378

18 42 0.0297764

19 42 0.0305975

20 42 0.0312977

21 42 0.0318745

22 42 0.0323255

23 42 0.0326489

24 42 0.0328435

25 42 0.0329084

26 42 0.0328435

27 42 0.0326489

28 42 0.0323255

29 42 0.0318745

30 42 0.0312977

31 42 0.0305975

32 42 0.0297764

33 42 0.0288378

34 42 0.0277855

35 42 0.0266235

36 42 0.0253564

37 42 0.0239892

38 42 0.0225273

39 42 0.0209766

40 42 0.0193431

41 42 0.0176332

42 42 0.0158537

43 42 0.0140117

44 42 0.0121144

45 42 0.0101693

46 42 0.00818399

47 42 0.00616642

48 42 0.00412452

49 42 0.00206634

50 42 0

0 43 0

1 43 0.00182625

2 43 0.00364529

3 43 0.00544995

4 43 0.0072331

5 43 0.0089877

6 43 0.0107068

7 43 0.0123837

8 43 0.0140117

9 43 0.0155844

10 43 0.0170956

11 43 0.0185394

12 43 0.0199099

13 43 0.0212019

14 43 0.0224102

15 43 0.0235301

16 43 0.0245571

17 43 0.0254872

18 43 0.0263167

19 43 0.0270424

20 43 0.0276613

21 43 0.0281711

22 43 0.0285696

23 43 0.0288555

24 43 0.0290274

25 43 0.0290848

26 43 0.0290274

27 43 0.0288555

28 43 0.0285696

29 43 0.0281711

30 43 0.0276613

31 43 0.0270424

32 43 0.0263167

33 43 0.0254872

34 43 0.0245571

35 43 0.0235301

36 43 0.0224102

37 43 0.0212019

38 43 0.0199099

39 43 0.0185394

40 43 0.0170956

41 43 0.0155844

42 43 0.0140117

43 43 0.0123837

44 43 0.0107068

45 43 0.0089877

46 43 0.0072331

47 43 0.00544995

48 43 0.00364529

49 43 0.00182625

50 43 0

0 44 0

1 44 0.00157896

2 44 0.00315168

3 44 0.00471197

4 44 0.00625366

5 44 0.00777068

6 44 0.00925702

7 44 0.0107068

8 44 0.0121144

9 44 0.0134741

10 44 0.0147807

11 44 0.0160289

12 44 0.0172139

13 44 0.018331

14 44 0.0193757

15 44 0.0203439

16 44 0.0212318

17 44 0.022036

18 44 0.0227532

19 44 0.0233806

20 44 0.0239157

21 44 0.0243564

22 44 0.024701

23 44 0.0249482

24 44 0.0250968

25 44 0.0251464

26 44 0.0250968

27 44 0.0249482

28 44 0.024701

29 44 0.0243564

30 44 0.0239157

31 44 0.0233806

32 44 0.0227532

33 44 0.022036

34 44 0.0212318

35 44 0.0203439

36 44 0.0193757

37 44 0.018331

38 44 0.0172139

39 44 0.0160289

40 44 0.0147807

41 44 0.0134741

42 44 0.0121144

43 44 0.0107068

44 44 0.00925702

45 44 0.00777068

46 44 0.00625366

47 44 0.00471197

48 44 0.00315168

49 44 0.00157896

50 44 0

0 45 0

1 45 0.00132543

2 45 0.00264564

3 45 0.0039554

4 45 0.00524955

5 45 0.00652299

6 45 0.00777068

7 45 0.0089877

8 45 0.0101693

9 45 0.0113107

10 45 0.0124075

11 45 0.0134553

12 45 0.01445

13 45 0.0153877

14 45 0.0162646

15 45 0.0170774

16 45 0.0178228

17 45 0.0184978

18 45 0.0190998

19 45 0.0196265

20 45 0.0200757

21 45 0.0204457

22 45 0.0207349

23 45 0.0209424

24 45 0.0210672

25 45 0.0211088

26 45 0.0210672

27 45 0.0209424

28 45 0.0207349

29 45 0.0204457

30 45 0.0200757

31 45 0.0196265

32 45 0.0190998

33 45 0.0184978

34 45 0.0178228

35 45 0.0170774

36 45 0.0162646

37 45 0.0153877

38 45 0.01445

39 45 0.0134553

40 45 0.0124075

41 45 0.0113107

42 45 0.0101693

43 45 0.0089877

44 45 0.00777068

45 45 0.00652299

46 45 0.00524955

47 45 0.0039554

48 45 0.00264564

49 45 0.00132543

50 45 0

0 46 0

1 46 0.00106668

2 46 0.00212915

3 46 0.00318322

4 46 0.00422472

5 46 0.00524955

6 46 0.00625366

7 46 0.0072331

8 46 0.00818399

9 46 0.00910257

10 46 0.00998524

11 46 0.0108285

12 46 0.011629

13 46 0.0123836

14 46 0.0130894

15 46 0.0137435

16 46 0.0143434

17 46 0.0148866

18 46 0.0153711

19 46 0.015795

20 46 0.0161565

21 46 0.0164542

22 46 0.016687

23 46 0.016854

24 46 0.0169544

25 46 0.0169879

26 46 0.0169544

27 46 0.016854

28 46 0.016687

29 46 0.0164542

30 46 0.0161565

31 46 0.015795

32 46 0.0153711

33 46 0.0148866

34 46 0.0143434

35 46 0.0137435

36 46 0.0130894

37 46 0.0123836

38 46 0.011629

39 46 0.0108285

40 46 0.00998524

41 46 0.00910257

42 46 0.00818399

43 46 0.0072331

44 46 0.00625366

45 46 0.00524955

46 46 0.00422472

47 46 0.00318322

48 46 0.00212915

49 46 0.00106668

50 46 0

0 47 0

1 47 0.000803715

2 47 0.00160426

3 47 0.00239847

4 47 0.00318322

5 47 0.0039554

6 47 0.00471197

7 47 0.00544995

8 47 0.00616642

9 47 0.00685855

10 47 0.00752362

11 47 0.00815899

12 47 0.00876216

13 47 0.00933076

14 47 0.00986252

15 47 0.0103554

16 47 0.0108073

17 47 0.0112167

18 47 0.0115817

19 47 0.0119011

20 47 0.0121735

21 47 0.0123978

22 47 0.0125732

23 47 0.012699

24 47 0.0127747

25 47 0.0127999

26 47 0.0127747

27 47 0.012699

28 47 0.0125732

29 47 0.0123978

30 47 0.0121735

31 47 0.0119011

32 47 0.0115817

33 47 0.0112167

34 47 0.0108073

35 47 0.0103554

36 47 0.00986252

37 47 0.00933076

38 47 0.00876216

39 47 0.00815899

40 47 0.00752362

41 47 0.00685855

42 47 0.00616642

43 47 0.00544995

44 47 0.00471197

45 47 0.0039554

46 47 0.00318322

47 47 0.00239847

48 47 0.00160426

49 47 0.000803715

50 47 0

0 48 0

1 48 0.000537579

2 48 0.00107304

3 48 0.00160426

4 48 0.00212915

5 48 0.00264564

6 48 0.00315168

7 48 0.00364529

8 48 0.00412452

9 48 0.00458746

10 48 0.0050323

11 48 0.00545728

12 48 0.00586072

13 48 0.00624104

14 48 0.00659672

15 48 0.00692637

16 48 0.00722868

17 48 0.00750247

18 48 0.00774664

19 48 0.00796025

20 48 0.00814243

21 48 0.00829249

22 48 0.00840982

23 48 0.00849395

24 48 0.00854457

25 48 0.00856146

26 48 0.00854457

27 48 0.00849395

28 48 0.00840982

29 48 0.00829249

30 48 0.00814243

31 48 0.00796025

32 48 0.00774664

33 48 0.00750247

34 48 0.00722868

35 48 0.00692637

36 48 0.00659672

37 48 0.00624104

