0 1 0

1 1 0.00150513

2 1 0.00300431

3 1 0.00449164

4 1 0.00596124

5 1 0.00740732

6 1 0.00882416

7 1 0.0102062

8 1 0.0115479

9 1 0.0128441

10 1 0.0140896

11 1 0.0152794

12 1 0.016409

13 1 0.0174738

14 1 0.0184697

15 1 0.0193926

16 1 0.020239

17 1 0.0210056

18 1 0.0216892

19 1 0.0222873

20 1 0.0227974

21 1 0.0232175

22 1 0.023546

23 1 0.0237816

24 1 0.0239233

25 1 0.0239706

26 1 0.0239233

27 1 0.0237816

28 1 0.023546

29 1 0.0232175

30 1 0.0227974

31 1 0.0222873

32 1 0.0216892

33 1 0.0210056

34 1 0.020239

35 1 0.0193926

36 1 0.0184697

37 1 0.0174738

38 1 0.016409

39 1 0.0152794

40 1 0.0140896

41 1 0.0128441

42 1 0.0115479

43 1 0.0102062

44 1 0.00882416

45 1 0.00740732

46 1 0.00596124

47 1 0.00449164

48 1 0.00300431

49 1 0.00150513

50 1 0

0 2 0

1 2 0.00300431

2 2 0.00599677

3 2 0.00896555

4 2 0.011899

5 2 0.0147854

6 2 0.0176135

7 2 0.0203721

8 2 0.0230503

9 2 0.0256375

10 2 0.0281235

11 2 0.0304986

12 2 0.0327532

13 2 0.0348787

14 2 0.0368664

15 2 0.0387087

16 2 0.0403982

17 2 0.0419283

18 2 0.0432929

19 2 0.0444866

20 2 0.0455048

21 2 0.0463434

22 2 0.0469991

23 2 0.0474693

24 2 0.0477522

25 2 0.0478466

26 2 0.0477522

27 2 0.0474693

28 2 0.0469991

29 2 0.0463434

30 2 0.0455048

31 2 0.0444866

32 2 0.0432929

33 2 0.0419283

34 2 0.0403982

35 2 0.0387087

36 2 0.0368664

37 2 0.0348787

38 2 0.0327532

39 2 0.0304986

40 2 0.0281235

41 2 0.0256375

42 2 0.0230503

43 2 0.0203721

44 2 0.0176135

45 2 0.0147854

46 2 0.011899

47 2 0.00896555

48 2 0.00599677

49 2 0.00300431

50 2 0

0 3 0

1 3 0.00449164

2 3 0.00896555

3 3 0.0134041

4 3 0.0177897

5 3 0.0221051

6 3 0.0263333

7 3 0.0304576

8 3 0.0344616

9 3 0.0383297

10 3 0.0420465

11 3 0.0455973

12 3 0.0489682

13 3 0.0521458

14 3 0.0551177

15 3 0.057872

16 3 0.0603979

17 3 0.0626855

18 3 0.0647257

19 3 0.0665104

20 3 0.0680326

21 3 0.0692864

22 3 0.0702667

23 3 0.0709697

24 3 0.0713926

25 3 0.0715337

26 3 0.0713926

27 3 0.0709697

28 3 0.0702667

29 3 0.0692864

30 3 0.0680326

31 3 0.0665104

32 3 0.0647257

33 3 0.0626855

34 3 0.0603979

35 3 0.057872

36 3 0.0551177

37 3 0.0521458

38 3 0.0489682

39 3 0.0455973

40 3 0.0420465

41 3 0.0383297

42 3 0.0344616

43 3 0.0304576

44 3 0.0263333

45 3 0.0221051

46 3 0.0177897

47 3 0.0134041

48 3 0.00896555

49 3 0.00449164

50 3 0

0 4 0

1 4 0.00596124

2 4 0.011899

3 4 0.0177897

4 4 0.0236103

5 4 0.0293376

6 4 0.0349492

7 4 0.0404229

8 4 0.045737

9 4 0.0508706

10 4 0.0558035

11 4 0.0605161

12 4 0.0649899

13 4 0.0692072

14 4 0.0731514

15 4 0.0768069

16 4 0.0801593

17 4 0.0831953

18 4 0.085903

19 4 0.0882717

20 4 0.090292

21 4 0.0919559

22 4 0.093257

23 4 0.09419

24 4 0.0947512

25 4 0.0949386

26 4 0.0947512

27 4 0.09419

28 4 0.093257

29 4 0.0919559

30 4 0.090292

31 4 0.0882717

32 4 0.085903

33 4 0.0831953

34 4 0.0801593

35 4 0.0768069

36 4 0.0731514

37 4 0.0692072

38 4 0.0649899

39 4 0.0605161

40 4 0.0558035

41 4 0.0508706

42 4 0.045737

43 4 0.0404229

44 4 0.0349492

45 4 0.0293376

46 4 0.0236103

47 4 0.0177897

48 4 0.011899

49 4 0.00596124

50 4 0

0 5 0

1 5 0.00740732

2 5 0.0147854

3 5 0.0221051

4 5 0.0293376

5 5 0.0364543

6 5 0.0434272

7 5 0.0502287

8 5 0.0568319

9 5 0.0632108

10 5 0.0693403

11 5 0.0751961

12 5 0.0807552

13 5 0.0859955

14 5 0.0908965

15 5 0.0954387

16 5 0.0996043

17 5 0.103377

18 5 0.106741

19 5 0.109685

20 5 0.112195

21 5 0.114263

22 5 0.115879

23 5 0.117039

24 5 0.117736

25 5 0.117969

26 5 0.117736

27 5 0.117039

28 5 0.115879

29 5 0.114263

30 5 0.112195

31 5 0.109685

32 5 0.106741

33 5 0.103377

34 5 0.0996043

35 5 0.0954387

36 5 0.0908965

37 5 0.0859955

38 5 0.0807552

39 5 0.0751961

40 5 0.0693403

41 5 0.0632108

42 5 0.0568319

43 5 0.0502287

44 5 0.0434272

45 5 0.0364543

46 5 0.0293376

47 5 0.0221051

48 5 0.0147854

49 5 0.00740732

50 5 0

0 6 0

1 6 0.00882416

2 6 0.0176135

3 6 0.0263333

4 6 0.0349492

5 6 0.0434272

6 6 0.0517338

7 6 0.0598362

8 6 0.0677025

9 6 0.0753015

10 6 0.0826034

11 6 0.0895793

12 6 0.0962017

13 6 0.102444

14 6 0.108283

15 6 0.113694

16 6 0.118656

17 6 0.12315

18 6 0.127158

19 6 0.130665

20 6 0.133655

21 6 0.136118

22 6 0.138044

23 6 0.139425

24 6 0.140256

25 6 0.140533

26 6 0.140256

27 6 0.139425

28 6 0.138044

29 6 0.136118

30 6 0.133655

31 6 0.130665

32 6 0.127158

33 6 0.12315

34 6 0.118656

35 6 0.113694

36 6 0.108283

37 6 0.102444

38 6 0.0962017

39 6 0.0895793

40 6 0.0826034

41 6 0.0753015

42 6 0.0677025

43 6 0.0598362

44 6 0.0517338

45 6 0.0434272

46 6 0.0349492

47 6 0.0263333

48 6 0.0176135

49 6 0.00882416

50 6 0

0 7 0

1 7 0.0102062

2 7 0.0203721

3 7 0.0304576

4 7 0.0404229

5 7 0.0502287

6 7 0.0598362

7 7 0.0692076

8 7 0.0783058

9 7 0.0870951

10 7 0.0955406

11 7 0.103609

12 7 0.111269

13 7 0.118489

14 7 0.125242

15 7 0.1315

16 7 0.13724

17 7 0.142438

18 7 0.147074

19 7 0.151129

20 7 0.154588

21 7 0.157437

22 7 0.159664

23 7 0.161262

24 7 0.162223

25 7 0.162543

26 7 0.162223

27 7 0.161262

28 7 0.159664

29 7 0.157437

30 7 0.154588

31 7 0.151129

32 7 0.147074

33 7 0.142438

34 7 0.13724

35 7 0.1315

36 7 0.125242

37 7 0.118489

38 7 0.111269

39 7 0.103609

40 7 0.0955406

41 7 0.0870951

42 7 0.0783058

43 7 0.0692076

44 7 0.0598362

45 7 0.0502287

46 7 0.0404229

47 7 0.0304576

48 7 0.0203721

49 7 0.0102062

50 7 0

0 8 0

1 8 0.0115479

2 8 0.0230503

3 8 0.0344616

4 8 0.045737

5 8 0.0568319

6 8 0.0677025

7 8 0.0783058

8 8 0.0886002

9 8 0.0985449

10 8 0.108101

11 8 0.11723

12 8 0.125896

13 8 0.134066

14 8 0.141706

15 8 0.148788

16 8 0.155282

17 8 0.161163

18 8 0.166408

19 8 0.170997

20 8 0.174911

21 8 0.178134

22 8 0.180654

23 8 0.182462

24 8 0.183549

25 8 0.183912

26 8 0.183549

27 8 0.182462

28 8 0.180654

29 8 0.178134

30 8 0.174911

31 8 0.170997

32 8 0.166408

33 8 0.161163

34 8 0.155282

35 8 0.148788

36 8 0.141706

37 8 0.134066

38 8 0.125896

39 8 0.11723

40 8 0.108101

41 8 0.0985449

42 8 0.0886002

43 8 0.0783058

44 8 0.0677025

45 8 0.0568319

46 8 0.045737

47 8 0.0344616

48 8 0.0230503

49 8 0.0115479

50 8 0

0 9 0

1 9 0.0128441

2 9 0.0256375

3 9 0.0383297

4 9 0.0508706

5 9 0.0632108

6 9 0.0753015

7 9 0.0870951

8 9 0.0985449

9 9 0.109606

10 9 0.120234

11 9 0.130388

12 9 0.140027

13 9 0.149114

14 9 0.157612

15 9 0.165488

16 9 0.172711

17 9 0.179252

18 9 0.185086

19 9 0.19019

20 9 0.194543

21 9 0.198128

22 9 0.200931

23 9 0.202942

24 9 0.204151

25 9 0.204554

26 9 0.204151

27 9 0.202942

28 9 0.200931

29 9 0.198128

30 9 0.194543

31 9 0.19019

32 9 0.185086

33 9 0.179252

34 9 0.172711

35 9 0.165488

36 9 0.157612

37 9 0.149114

38 9 0.140027

39 9 0.130388

40 9 0.120234

41 9 0.109606

42 9 0.0985449

43 9 0.0870951

44 9 0.0753015

45 9 0.0632108

46 9 0.0508706

47 9 0.0383297

48 9 0.0256375

49 9 0.0128441

50 9 0

0 10 0

1 10 0.0140896

2 10 0.0281235

3 10 0.0420465

4 10 0.0558035

5 10 0.0693403

6 10 0.0826034

7 10 0.0955406

8 10 0.108101

9 10 0.120234

10 10 0.131893

11 10 0.143032

12 10 0.153605

13 10 0.163573

14 10 0.172895

15 10 0.181535

16 10 0.189459

17 10 0.196634

18 10 0.203034

19 10 0.208632

20 10 0.213407

21 10 0.21734

22 10 0.220415

23 10 0.222621

24 10 0.223947

25 10 0.22439

26 10 0.223947

27 10 0.222621

28 10 0.220415

29 10 0.21734

30 10 0.213407

31 10 0.208632

32 10 0.203034

33 10 0.196634

34 10 0.189459

35 10 0.181535

36 10 0.172895

37 10 0.163573

38 10 0.153605

39 10 0.143032

40 10 0.131893

41 10 0.120234

42 10 0.108101

43 10 0.0955406

44 10 0.0826034

45 10 0.0693403

46 10 0.0558035

47 10 0.0420465

48 10 0.0281235

49 10 0.0140896

50 10 0

0 11 0

1 11 0.0152794

2 11 0.0304986

3 11 0.0455973

4 11 0.0605161

5 11 0.0751961

6 11 0.0895793

7 11 0.103609

8 11 0.11723

9 11 0.130388

10 11 0.143032

11 11 0.155111

12 11 0.166578

13 11 0.177387

14 11 0.187496

15 11 0.196866

16 11 0.205459

17 11 0.21324

18 11 0.22018

19 11 0.226252

20 11 0.23143

21 11 0.235695

22 11 0.23903

23 11 0.241421

24 11 0.24286

25 11 0.24334

26 11 0.24286

27 11 0.241421

28 11 0.23903

29 11 0.235695

30 11 0.23143

31 11 0.226252

32 11 0.22018

33 11 0.21324

34 11 0.205459

35 11 0.196866

36 11 0.187496

37 11 0.177387

38 11 0.166578

39 11 0.155111

40 11 0.143032

41 11 0.130388

42 11 0.11723

43 11 0.103609

44 11 0.0895793

45 11 0.0751961

46 11 0.0605161

47 11 0.0455973

48 11 0.0304986

49 11 0.0152794

50 11 0

0 12 0

1 12 0.016409

2 12 0.0327532

3 12 0.0489682

4 12 0.0649899

5 12 0.0807552

6 12 0.0962017

7 12 0.111269

8 12 0.125896

9 12 0.140027

10 12 0.153605

11 12 0.166578

12 12 0.178892

13 12 0.190501

14 12 0.201358

15 12 0.21142

16 12 0.220648

17 12 0.229005

18 12 0.236458

19 12 0.242978

20 12 0.248539

21 12 0.253119

22 12 0.2567

23 12 0.259269

24 12 0.260814

25 12 0.261329

26 12 0.260814

27 12 0.259269

28 12 0.2567

29 12 0.253119

30 12 0.248539

31 12 0.242978

32 12 0.236458

33 12 0.229005

34 12 0.220648

35 12 0.21142

36 12 0.201358

37 12 0.190501

38 12 0.178892

39 12 0.166578

40 12 0.153605

41 12 0.140027

42 12 0.125896

43 12 0.111269

44 12 0.0962017

45 12 0.0807552

46 12 0.0649899

47 12 0.0489682

48 12 0.0327532

49 12 0.016409

50 12 0

0 13 0

1 13 0.0174738

2 13 0.0348787

3 13 0.0521458

4 13 0.0692072

5 13 0.0859955

6 13 0.102444

7 13 0.118489

8 13 0.134066

9 13 0.149114

10 13 0.163573

11 13 0.177387

12 13 0.190501

13 13 0.202863

14 13 0.214424

15 13 0.225139

16 13 0.234966

17 13 0.243865

18 13 0.251802

19 13 0.258745

20 13 0.264667

21 13 0.269544

22 13 0.273358

23 13 0.276093

24 13 0.277738

25 13 0.278287

26 13 0.277738

27 13 0.276093

28 13 0.273358

29 13 0.269544

30 13 0.264667

31 13 0.258745

32 13 0.251802

33 13 0.243865

34 13 0.234966

35 13 0.225139

36 13 0.214424

37 13 0.202863

38 13 0.190501

39 13 0.177387

40 13 0.163573

41 13 0.149114

42 13 0.134066

43 13 0.118489

44 13 0.102444

45 13 0.0859955

46 13 0.0692072

47 13 0.0521458

48 13 0.0348787

49 13 0.0174738

50 13 0

0 14 0

1 14 0.0184697

2 14 0.0368664

3 14 0.0551177

4 14 0.0731514

5 14 0.0908965

6 14 0.108283

7 14 0.125242

8 14 0.141706

9 14 0.157612

10 14 0.172895

11 14 0.187496

12 14 0.201358

13 14 0.214424

14 14 0.226644

15 14 0.23797

16 14 0.248357

17 14 0.257763

18 14 0.266152

19 14 0.273491

20 14 0.279751

21 14 0.284906

22 14 0.288937

23 14 0.291828

24 14 0.293567

25 14 0.294147

26 14 0.293567

27 14 0.291828

28 14 0.288937

29 14 0.284906

30 14 0.279751

31 14 0.273491

32 14 0.266152

33 14 0.257763

34 14 0.248357

35 14 0.23797

36 14 0.226644

37 14 0.214424

38 14 0.201358

39 14 0.187496

40 14 0.172895

41 14 0.157612

42 14 0.141706

43 14 0.125242

44 14 0.108283

45 14 0.0908965

46 14 0.0731514

47 14 0.0551177

48 14 0.0368664

49 14 0.0184697

50 14 0

0 15 0

1 15 0.0193926

2 15 0.0387087

3 15 0.057872

4 15 0.0768069

5 15 0.0954387

6 15 0.113694

7 15 0.1315

8 15 0.148788

9 15 0.165488

10 15 0.181535

11 15 0.196866

12 15 0.21142

13 15 0.225139

14 15 0.23797

15 15 0.249862

16 15 0.260767

17 15 0.270644

18 15 0.279452

19 15 0.287158

20 15 0.29373

21 15 0.299143

22 15 0.303376

23 15 0.306411

24 15 0.308237

25 15 0.308846

26 15 0.308237

27 15 0.306411

28 15 0.303376

29 15 0.299143

30 15 0.29373

31 15 0.287158

32 15 0.279452

33 15 0.270644

34 15 0.260767

35 15 0.249862

36 15 0.23797

37 15 0.225139

38 15 0.21142

39 15 0.196866

40 15 0.181535

41 15 0.165488

42 15 0.148788

43 15 0.1315

44 15 0.113694

45 15 0.0954387

46 15 0.0768069

47 15 0.057872

48 15 0.0387087

49 15 0.0193926

50 15 0

0 16 0

1 16 0.020239

2 16 0.0403982

3 16 0.0603979

4 16 0.0801593

5 16 0.0996043

6 16 0.118656

7 16 0.13724

8 16 0.155282

9 16 0.172711

10 16 0.189459

11 16 0.205459

12 16 0.220648

13 16 0.234966

14 16 0.248357

15 16 0.260767

16 16 0.272149

17 16 0.282457

18 16 0.29165

19 16 0.299691

20 16 0.306551

21 16 0.3122

22 16 0.316617

23 16 0.319785

24 16 0.32169

25 16 0.322326

26 16 0.32169

27 16 0.319785

28 16 0.316617

29 16 0.3122

30 16 0.306551

31 16 0.299691

32 16 0.29165

33 16 0.282457

34 16 0.272149

35 16 0.260767

36 16 0.248357

37 16 0.234966

38 16 0.220648

39 16 0.205459

40 16 0.189459

41 16 0.172711

42 16 0.155282

43 16 0.13724

44 16 0.118656

45 16 0.0996043

46 16 0.0801593

47 16 0.0603979

48 16 0.0403982

49 16 0.020239

50 16 0

0 17 0

1 17 0.0210056

2 17 0.0419283

3 17 0.0626855

4 17 0.0831953

5 17 0.103377

6 17 0.12315

7 17 0.142438

8 17 0.161163

9 17 0.179252

10 17 0.196634

11 17 0.21324

12 17 0.229005

13 17 0.243865

14 17 0.257763

15 17 0.270644

16 17 0.282457

17 17 0.293155

18 17 0.302696

19 17 0.311042

20 17 0.318161

21 17 0.324024

22 17 0.328609

23 17 0.331896

24 17 0.333874

25 17 0.334534

26 17 0.333874

27 17 0.331896

28 17 0.328609

29 17 0.324024

30 17 0.318161

31 17 0.311042

32 17 0.302696

33 17 0.293155

34 17 0.282457

35 17 0.270644

36 17 0.257763

37 17 0.243865

38 17 0.229005

39 17 0.21324

40 17 0.196634

41 17 0.179252

42 17 0.161163

43 17 0.142438

44 17 0.12315

45 17 0.103377

46 17 0.0831953

47 17 0.0626855

48 17 0.0419283

49 17 0.0210056

50 17 0

0 18 0

1 18 0.0216892

2 18 0.0432929

3 18 0.0647257

4 18 0.085903

5 18 0.106741

6 18 0.127158

7 18 0.147074

8 18 0.166408

9 18 0.185086

10 18 0.203034

11 18 0.22018

12 18 0.236458

13 18 0.251802

14 18 0.266152

15 18 0.279452

16 18 0.29165

17 18 0.302696

18 18 0.312547

19 18 0.321165

20 18 0.328516

21 18 0.33457

22 18 0.339304

23 18 0.342698

24 18 0.344741

25 18 0.345422

26 18 0.344741

27 18 0.342698

28 18 0.339304

29 18 0.33457

30 18 0.328516

31 18 0.321165

32 18 0.312547

33 18 0.302696

34 18 0.29165

35 18 0.279452

36 18 0.266152

37 18 0.251802

38 18 0.236458

39 18 0.22018

40 18 0.203034

41 18 0.185086

42 18 0.166408

43 18 0.147074

44 18 0.127158

45 18 0.106741

46 18 0.085903

47 18 0.0647257

48 18 0.0432929

49 18 0.0216892

50 18 0

0 19 0

1 19 0.0222873

2 19 0.0444866

3 19 0.0665104

4 19 0.0882717

5 19 0.109685

6 19 0.130665

7 19 0.151129

8 19 0.170997

9 19 0.19019

10 19 0.208632

11 19 0.226252

12 19 0.242978

13 19 0.258745

14 19 0.273491

15 19 0.287158

16 19 0.299691

17 19 0.311042

18 19 0.321165

19 19 0.330021

20 19 0.337574

21 19 0.343795

22 19 0.34866

23 19 0.352148

24 19 0.354246

25 19 0.354947

26 19 0.354246

27 19 0.352148

28 19 0.34866

29 19 0.343795

30 19 0.337574

31 19 0.330021

32 19 0.321165

33 19 0.311042

34 19 0.299691

35 19 0.287158

36 19 0.273491

37 19 0.258745

38 19 0.242978

39 19 0.226252

40 19 0.208632

41 19 0.19019

42 19 0.170997

43 19 0.151129

44 19 0.130665

45 19 0.109685

46 19 0.0882717

47 19 0.0665104

48 19 0.0444866

49 19 0.0222873

50 19 0

0 20 0

1 20 0.0227974

2 20 0.0455048

3 20 0.0680326

4 20 0.090292

5 20 0.112195

6 20 0.133655

7 20 0.154588

8 20 0.174911

9 20 0.194543

10 20 0.213407

11 20 0.23143

12 20 0.248539

13 20 0.264667

14 20 0.279751

15 20 0.29373

16 20 0.306551

17 20 0.318161

18 20 0.328516

19 20 0.337574

20 20 0.345301

21 20 0.351664

22 20 0.356639

23 20 0.360208

24 20 0.362354

25 20 0.36307

26 20 0.362354

27 20 0.360208

28 20 0.356639

29 20 0.351664

30 20 0.345301

31 20 0.337574

32 20 0.328516

33 20 0.318161

34 20 0.306551

35 20 0.29373

36 20 0.279751

37 20 0.264667

38 20 0.248539

39 20 0.23143

40 20 0.213407

41 20 0.194543

42 20 0.174911

43 20 0.154588

44 20 0.133655

45 20 0.112195

46 20 0.090292

47 20 0.0680326

48 20 0.0455048

49 20 0.0227974

50 20 0

0 21 0

1 21 0.0232175

2 21 0.0463434

3 21 0.0692864

4 21 0.0919559

5 21 0.114263

6 21 0.136118

7 21 0.157437

8 21 0.178134

9 21 0.198128

10 21 0.21734

11 21 0.235695

12 21 0.253119

13 21 0.269544

14 21 0.284906

15 21 0.299143

16 21 0.3122

17 21 0.324024

18 21 0.33457

19 21 0.343795

20 21 0.351664

21 21 0.358145

22 21 0.363212

23 21 0.366846

24 21 0.369032

25 21 0.369761

26 21 0.369032

27 21 0.366846

28 21 0.363212

29 21 0.358145

30 21 0.351664

31 21 0.343795

32 21 0.33457

33 21 0.324024

34 21 0.3122

35 21 0.299143

36 21 0.284906

37 21 0.269544

38 21 0.253119

39 21 0.235695

40 21 0.21734

41 21 0.198128

42 21 0.178134

43 21 0.157437

44 21 0.136118

45 21 0.114263

46 21 0.0919559

47 21 0.0692864

48 21 0.0463434

49 21 0.0232175

50 21 0

0 22 0

1 22 0.023546

2 22 0.0469991

3 22 0.0702667

4 22 0.093257

5 22 0.115879

6 22 0.138044

7 22 0.159664

8 22 0.180654

9 22 0.200931

10 22 0.220415

11 22 0.23903

12 22 0.2567

13 22 0.273358

14 22 0.288937

15 22 0.303376

16 22 0.316617

17 22 0.328609

18 22 0.339304

19 22 0.34866

20 22 0.356639

21 22 0.363212

22 22 0.368351

23 22 0.372036

24 22 0.374253

25 22 0.374993

26 22 0.374253

27 22 0.372036

28 22 0.368351

29 22 0.363212

30 22 0.356639

31 22 0.34866

32 22 0.339304

33 22 0.328609

34 22 0.316617

35 22 0.303376

36 22 0.288937

37 22 0.273358

38 22 0.2567

39 22 0.23903

40 22 0.220415

41 22 0.200931

42 22 0.180654

43 22 0.159664

44 22 0.138044

45 22 0.115879

46 22 0.093257

47 22 0.0702667

48 22 0.0469991

49 22 0.023546

50 22 0

0 23 0

1 23 0.0237816

2 23 0.0474693

3 23 0.0709697

4 23 0.09419

5 23 0.117039

6 23 0.139425

7 23 0.161262

8 23 0.182462

9 23 0.202942

10 23 0.222621

11 23 0.241421

12 23 0.259269

13 23 0.276093

14 23 0.291828

15 23 0.306411

16 23 0.319785

17 23 0.331896

18 23 0.342698

19 23 0.352148

20 23 0.360208

21 23 0.366846

22 23 0.372036

23 23 0.375758

24 23 0.377997

25 23 0.378745

26 23 0.377997

27 23 0.375758

28 23 0.372036

29 23 0.366846

30 23 0.360208

31 23 0.352148

32 23 0.342698

33 23 0.331896

34 23 0.319785

35 23 0.306411

36 23 0.291828

37 23 0.276093

38 23 0.259269

39 23 0.241421

40 23 0.222621

41 23 0.202942

42 23 0.182462

43 23 0.161262

44 23 0.139425

45 23 0.117039

46 23 0.09419

47 23 0.0709697

48 23 0.0474693

49 23 0.0237816

50 23 0

0 24 0

1 24 0.0239233

2 24 0.0477522

3 24 0.0713926

4 24 0.0947512

5 24 0.117736

6 24 0.140256

7 24 0.162223

8 24 0.183549

9 24 0.204151

10 24 0.223947

11 24 0.24286

12 24 0.260814

13 24 0.277738

14 24 0.293567

15 24 0.308237

16 24 0.32169

17 24 0.333874

18 24 0.344741

19 24 0.354246

20 24 0.362354

21 24 0.369032

22 24 0.374253

23 24 0.377997

24 24 0.38025

25 24 0.381002

26 24 0.38025

27 24 0.377997

28 24 0.374253

29 24 0.369032

30 24 0.362354

31 24 0.354246

32 24 0.344741

33 24 0.333874

34 24 0.32169

35 24 0.308237

36 24 0.293567

37 24 0.277738

38 24 0.260814

39 24 0.24286

40 24 0.223947

41 24 0.204151

42 24 0.183549

43 24 0.162223

44 24 0.140256

45 24 0.117736

46 24 0.0947512

47 24 0.0713926

48 24 0.0477522

49 24 0.0239233

50 24 0

0 25 0

1 25 0.0239706

2 25 0.0478466

3 25 0.0715337

4 25 0.0949386

5 25 0.117969

6 25 0.140533

7 25 0.162543

8 25 0.183912

9 25 0.204554

10 25 0.22439

11 25 0.24334

12 25 0.261329

13 25 0.278287

14 25 0.294147

15 25 0.308846

16 25 0.322326

17 25 0.334534

18 25 0.345422

19 25 0.354947

20 25 0.36307

21 25 0.369761

22 25 0.374993

23 25 0.378745

24 25 0.381002

25 25 0.381755

26 25 0.381002

27 25 0.378745

28 25 0.374993

29 25 0.369761

30 25 0.36307

31 25 0.354947

32 25 0.345422

33 25 0.334534

34 25 0.322326

35 25 0.308846

36 25 0.294147

37 25 0.278287

38 25 0.261329

39 25 0.24334

40 25 0.22439

41 25 0.204554

42 25 0.183912

43 25 0.162543

44 25 0.140533

45 25 0.117969

46 25 0.0949386

47 25 0.0715337

48 25 0.0478466

49 25 0.0239706

50 25 0

0 26 0

1 26 0.0239233

2 26 0.0477522

3 26 0.0713926

4 26 0.0947512

5 26 0.117736

6 26 0.140256

7 26 0.162223

8 26 0.183549

9 26 0.204151

10 26 0.223947

11 26 0.24286

12 26 0.260814

13 26 0.277738

14 26 0.293567

15 26 0.308237

16 26 0.32169

17 26 0.333874

18 26 0.344741

19 26 0.354246

20 26 0.362354

21 26 0.369032

22 26 0.374253

23 26 0.377997

24 26 0.38025

25 26 0.381002

26 26 0.38025

27 26 0.377997

28 26 0.374253

29 26 0.369032

30 26 0.362354

31 26 0.354246

32 26 0.344741

33 26 0.333874

34 26 0.32169

35 26 0.308237

36 26 0.293567

37 26 0.277738

38 26 0.260814

39 26 0.24286

40 26 0.223947

41 26 0.204151

42 26 0.183549

43 26 0.162223

44 26 0.140256

45 26 0.117736

46 26 0.0947512

47 26 0.0713926

48 26 0.0477522

49 26 0.0239233

50 26 0

0 27 0

1 27 0.0237816

2 27 0.0474693

3 27 0.0709697

4 27 0.09419

5 27 0.117039

6 27 0.139425

7 27 0.161262

8 27 0.182462

9 27 0.202942

10 27 0.222621

11 27 0.241421

12 27 0.259269

13 27 0.276093

14 27 0.291828

15 27 0.306411

16 27 0.319785

17 27 0.331896

18 27 0.342698

19 27 0.352148

20 27 0.360208

21 27 0.366846

22 27 0.372036

23 27 0.375758

24 27 0.377997

25 27 0.378745

26 27 0.377997

27 27 0.375758

28 27 0.372036

29 27 0.366846

30 27 0.360208

31 27 0.352148

32 27 0.342698

33 27 0.331896

34 27 0.319785

35 27 0.306411

36 27 0.291828

37 27 0.276093

38 27 0.259269

39 27 0.241421

40 27 0.222621

41 27 0.202942

42 27 0.182462

43 27 0.161262

44 27 0.139425

45 27 0.117039

46 27 0.09419

47 27 0.0709697

48 27 0.0474693

49 27 0.0237816

50 27 0

0 28 0

1 28 0.023546

2 28 0.0469991

3 28 0.0702667

4 28 0.093257

5 28 0.115879

6 28 0.138044

7 28 0.159664

8 28 0.180654

9 28 0.200931

10 28 0.220415

11 28 0.23903

12 28 0.2567

13 28 0.273358

14 28 0.288937

15 28 0.303376

16 28 0.316617

17 28 0.328609

18 28 0.339304

19 28 0.34866

20 28 0.356639

21 28 0.363212

22 28 0.368351

23 28 0.372036

24 28 0.374253

25 28 0.374993

26 28 0.374253

27 28 0.372036

28 28 0.368351

29 28 0.363212

30 28 0.356639

31 28 0.34866

32 28 0.339304

33 28 0.328609

34 28 0.316617

35 28 0.303376

36 28 0.288937

37 28 0.273358

38 28 0.2567

39 28 0.23903

40 28 0.220415

41 28 0.200931

42 28 0.180654

43 28 0.159664

44 28 0.138044

45 28 0.115879

46 28 0.093257

47 28 0.0702667

48 28 0.0469991

49 28 0.023546

50 28 0

0 29 0

1 29 0.0232175

2 29 0.0463434

3 29 0.0692864

4 29 0.0919559

5 29 0.114263

6 29 0.136118

7 29 0.157437

8 29 0.178134

9 29 0.198128

10 29 0.21734

11 29 0.235695

12 29 0.253119

13 29 0.269544

14 29 0.284906

15 29 0.299143

16 29 0.3122

17 29 0.324024

18 29 0.33457

19 29 0.343795

20 29 0.351664

21 29 0.358145

22 29 0.363212

23 29 0.366846

24 29 0.369032

25 29 0.369761

26 29 0.369032

27 29 0.366846

28 29 0.363212

29 29 0.358145

30 29 0.351664

31 29 0.343795

32 29 0.33457

33 29 0.324024

34 29 0.3122

35 29 0.299143

36 29 0.284906

37 29 0.269544

38 29 0.253119

39 29 0.235695

40 29 0.21734

41 29 0.198128

42 29 0.178134

43 29 0.157437

44 29 0.136118

45 29 0.114263

46 29 0.0919559

47 29 0.0692864

48 29 0.0463434

49 29 0.0232175

50 29 0

0 30 0

1 30 0.0227974

2 30 0.0455048

3 30 0.0680326

4 30 0.090292

5 30 0.112195

6 30 0.133655

7 30 0.154588

8 30 0.174911

9 30 0.194543

10 30 0.213407

11 30 0.23143

12 30 0.248539

13 30 0.264667

14 30 0.279751

15 30 0.29373

16 30 0.306551

17 30 0.318161

18 30 0.328516

19 30 0.337574

20 30 0.345301

21 30 0.351664

22 30 0.356639

23 30 0.360208

24 30 0.362354

25 30 0.36307

26 30 0.362354

27 30 0.360208

28 30 0.356639

29 30 0.351664

30 30 0.345301

31 30 0.337574

32 30 0.328516

33 30 0.318161

34 30 0.306551

35 30 0.29373

36 30 0.279751

37 30 0.264667

38 30 0.248539

39 30 0.23143

40 30 0.213407

41 30 0.194543

42 30 0.174911

43 30 0.154588

44 30 0.133655

45 30 0.112195

46 30 0.090292

47 30 0.0680326

48 30 0.0455048

49 30 0.0227974

50 30 0

0 31 0

1 31 0.0222873

2 31 0.0444866

3 31 0.0665104

4 31 0.0882717

5 31 0.109685

6 31 0.130665

7 31 0.151129

8 31 0.170997

9 31 0.19019

10 31 0.208632

11 31 0.226252

12 31 0.242978

13 31 0.258745

14 31 0.273491

15 31 0.287158

16 31 0.299691

17 31 0.311042

18 31 0.321165

19 31 0.330021

20 31 0.337574

21 31 0.343795

22 31 0.34866

23 31 0.352148

24 31 0.354246

25 31 0.354947

26 31 0.354246

27 31 0.352148

28 31 0.34866

29 31 0.343795

30 31 0.337574

31 31 0.330021

32 31 0.321165

33 31 0.311042

34 31 0.299691

35 31 0.287158

36 31 0.273491

37 31 0.258745

38 31 0.242978

39 31 0.226252

40 31 0.208632

41 31 0.19019

42 31 0.170997

43 31 0.151129

44 31 0.130665

45 31 0.109685

46 31 0.0882717

47 31 0.0665104

48 31 0.0444866

49 31 0.0222873

50 31 0

0 32 0

1 32 0.0216892

2 32 0.0432929

3 32 0.0647257

4 32 0.085903

5 32 0.106741

6 32 0.127158

7 32 0.147074

8 32 0.166408

9 32 0.185086

10 32 0.203034

11 32 0.22018

12 32 0.236458

13 32 0.251802

14 32 0.266152

15 32 0.279452

16 32 0.29165

17 32 0.302696

18 32 0.312547

19 32 0.321165

20 32 0.328516

21 32 0.33457

22 32 0.339304

23 32 0.342698

24 32 0.344741

25 32 0.345422

26 32 0.344741

27 32 0.342698

28 32 0.339304

29 32 0.33457

30 32 0.328516

31 32 0.321165

32 32 0.312547

33 32 0.302696

34 32 0.29165

35 32 0.279452

36 32 0.266152

37 32 0.251802

38 32 0.236458

39 32 0.22018

40 32 0.203034

41 32 0.185086

42 32 0.166408

43 32 0.147074

44 32 0.127158

45 32 0.106741

46 32 0.085903

47 32 0.0647257

48 32 0.0432929

49 32 0.0216892

50 32 0

0 33 0

1 33 0.0210056

2 33 0.0419283

3 33 0.0626855

4 33 0.0831953

5 33 0.103377

6 33 0.12315

7 33 0.142438

8 33 0.161163

9 33 0.179252

10 33 0.196634

11 33 0.21324

12 33 0.229005

13 33 0.243865

14 33 0.257763

15 33 0.270644

16 33 0.282457

17 33 0.293155

18 33 0.302696

19 33 0.311042

20 33 0.318161

21 33 0.324024

22 33 0.328609

23 33 0.331896

24 33 0.333874

25 33 0.334534

26 33 0.333874

27 33 0.331896

28 33 0.328609

29 33 0.324024

30 33 0.318161

31 33 0.311042

32 33 0.302696

33 33 0.293155

34 33 0.282457

35 33 0.270644

36 33 0.257763

37 33 0.243865

38 33 0.229005

39 33 0.21324

40 33 0.196634

41 33 0.179252

42 33 0.161163

43 33 0.142438

44 33 0.12315

45 33 0.103377

46 33 0.0831953

47 33 0.0626855

48 33 0.0419283

49 33 0.0210056

50 33 0

0 34 0

1 34 0.020239

2 34 0.0403982

3 34 0.0603979

4 34 0.0801593

5 34 0.0996043

6 34 0.118656

7 34 0.13724

8 34 0.155282

9 34 0.172711

10 34 0.189459

11 34 0.205459

12 34 0.220648

13 34 0.234966

14 34 0.248357

15 34 0.260767

16 34 0.272149

17 34 0.282457

18 34 0.29165

19 34 0.299691

20 34 0.306551

21 34 0.3122

22 34 0.316617

23 34 0.319785

24 34 0.32169

25 34 0.322326

26 34 0.32169

27 34 0.319785

28 34 0.316617

29 34 0.3122

30 34 0.306551

31 34 0.299691

32 34 0.29165

33 34 0.282457

34 34 0.272149

35 34 0.260767

36 34 0.248357

37 34 0.234966

38 34 0.220648

39 34 0.205459

40 34 0.189459

41 34 0.172711

42 34 0.155282

43 34 0.13724

44 34 0.118656

45 34 0.0996043

46 34 0.0801593

47 34 0.0603979

48 34 0.0403982

49 34 0.020239

50 34 0

0 35 0

1 35 0.0193926

2 35 0.0387087

3 35 0.057872

4 35 0.0768069

5 35 0.0954387

6 35 0.113694

7 35 0.1315

8 35 0.148788

9 35 0.165488

10 35 0.181535

11 35 0.196866

12 35 0.21142

13 35 0.225139

14 35 0.23797

15 35 0.249862

16 35 0.260767

17 35 0.270644

18 35 0.279452

19 35 0.287158

20 35 0.29373

21 35 0.299143

22 35 0.303376

23 35 0.306411

24 35 0.308237

25 35 0.308846

26 35 0.308237

27 35 0.306411

28 35 0.303376

29 35 0.299143

30 35 0.29373

31 35 0.287158

32 35 0.279452

33 35 0.270644

34 35 0.260767

35 35 0.249862

36 35 0.23797

37 35 0.225139

38 35 0.21142

39 35 0.196866

40 35 0.181535

41 35 0.165488

42 35 0.148788

43 35 0.1315

44 35 0.113694

45 35 0.0954387

46 35 0.0768069

47 35 0.057872

48 35 0.0387087

49 35 0.0193926

50 35 0

0 36 0

1 36 0.0184697

2 36 0.0368664

3 36 0.0551177

4 36 0.0731514

5 36 0.0908965

6 36 0.108283

7 36 0.125242

8 36 0.141706

9 36 0.157612

10 36 0.172895

11 36 0.187496

12 36 0.201358

13 36 0.214424

14 36 0.226644

15 36 0.23797

16 36 0.248357

17 36 0.257763

18 36 0.266152

19 36 0.273491

20 36 0.279751

21 36 0.284906

22 36 0.288937

23 36 0.291828

24 36 0.293567

25 36 0.294147

26 36 0.293567

27 36 0.291828

28 36 0.288937

29 36 0.284906

30 36 0.279751

31 36 0.273491

32 36 0.266152

33 36 0.257763

34 36 0.248357

35 36 0.23797

36 36 0.226644

37 36 0.214424

38 36 0.201358

39 36 0.187496

40 36 0.172895

41 36 0.157612

42 36 0.141706

43 36 0.125242

44 36 0.108283

45 36 0.0908965

46 36 0.0731514

47 36 0.0551177

48 36 0.0368664

49 36 0.0184697

50 36 0

0 37 0

1 37 0.0174738

2 37 0.0348787

3 37 0.0521458

4 37 0.0692072

5 37 0.0859955

6 37 0.102444

7 37 0.118489

8 37 0.134066

9 37 0.149114

10 37 0.163573

11 37 0.177387

12 37 0.190501

13 37 0.202863

14 37 0.214424

15 37 0.225139

16 37 0.234966

17 37 0.243865

18 37 0.251802

19 37 0.258745

20 37 0.264667

21 37 0.269544

22 37 0.273358

23 37 0.276093

24 37 0.277738

25 37 0.278287

26 37 0.277738

27 37 0.276093

28 37 0.273358

29 37 0.269544

30 37 0.264667

31 37 0.258745

32 37 0.251802

33 37 0.243865

34 37 0.234966

35 37 0.225139

36 37 0.214424

37 37 0.202863

38 37 0.190501

39 37 0.177387

40 37 0.163573

41 37 0.149114

42 37 0.134066

43 37 0.118489

44 37 0.102444

45 37 0.0859955

46 37 0.0692072

47 37 0.0521458

48 37 0.0348787

49 37 0.0174738

50 37 0

0 38 0

1 38 0.016409

2 38 0.0327532

3 38 0.0489682

4 38 0.0649899

5 38 0.0807552

6 38 0.0962017

7 38 0.111269

8 38 0.125896

9 38 0.140027

10 38 0.153605

11 38 0.166578

12 38 0.178892

13 38 0.190501

14 38 0.201358

15 38 0.21142

16 38 0.220648

17 38 0.229005

18 38 0.236458

19 38 0.242978

20 38 0.248539

21 38 0.253119

22 38 0.2567

23 38 0.259269

24 38 0.260814

25 38 0.261329

26 38 0.260814

27 38 0.259269

28 38 0.2567

29 38 0.253119

30 38 0.248539

31 38 0.242978

32 38 0.236458

33 38 0.229005

34 38 0.220648

35 38 0.21142

36 38 0.201358

37 38 0.190501

38 38 0.178892

39 38 0.166578

40 38 0.153605

41 38 0.140027

42 38 0.125896

43 38 0.111269

44 38 0.0962017

45 38 0.0807552

46 38 0.0649899

47 38 0.0489682

48 38 0.0327532

49 38 0.016409

50 38 0

0 39 0

1 39 0.0152794

2 39 0.0304986

3 39 0.0455973

4 39 0.0605161

5 39 0.0751961

6 39 0.0895793

7 39 0.103609

8 39 0.11723

9 39 0.130388

10 39 0.143032

11 39 0.155111

12 39 0.166578

13 39 0.177387

14 39 0.187496

15 39 0.196866

16 39 0.205459

17 39 0.21324

18 39 0.22018

19 39 0.226252

20 39 0.23143

21 39 0.235695

22 39 0.23903

23 39 0.241421

24 39 0.24286

25 39 0.24334

26 39 0.24286

27 39 0.241421

28 39 0.23903

29 39 0.235695

30 39 0.23143

31 39 0.226252

32 39 0.22018

33 39 0.21324

34 39 0.205459

35 39 0.196866

36 39 0.187496

37 39 0.177387

38 39 0.166578

39 39 0.155111

40 39 0.143032

41 39 0.130388

42 39 0.11723

43 39 0.103609

44 39 0.0895793

45 39 0.0751961

46 39 0.0605161

47 39 0.0455973

48 39 0.0304986

49 39 0.0152794

50 39 0

0 40 0

1 40 0.0140896

2 40 0.0281235

3 40 0.0420465

4 40 0.0558035

5 40 0.0693403

6 40 0.0826034

7 40 0.0955406

8 40 0.108101

9 40 0.120234

10 40 0.131893

11 40 0.143032

12 40 0.153605

13 40 0.163573

14 40 0.172895

15 40 0.181535

16 40 0.189459

17 40 0.196634

18 40 0.203034

19 40 0.208632

20 40 0.213407

21 40 0.21734

22 40 0.220415

23 40 0.222621

24 40 0.223947

25 40 0.22439

26 40 0.223947

27 40 0.222621

28 40 0.220415

29 40 0.21734

30 40 0.213407

31 40 0.208632

32 40 0.203034

33 40 0.196634

34 40 0.189459

35 40 0.181535

36 40 0.172895

37 40 0.163573

38 40 0.153605

39 40 0.143032

40 40 0.131893

41 40 0.120234

42 40 0.108101

43 40 0.0955406

44 40 0.0826034

45 40 0.0693403

46 40 0.0558035

47 40 0.0420465

48 40 0.0281235

49 40 0.0140896

50 40 0

0 41 0

1 41 0.0128441

2 41 0.0256375

3 41 0.0383297

4 41 0.0508706

5 41 0.0632108

6 41 0.0753015

7 41 0.0870951

8 41 0.0985449

9 41 0.109606

10 41 0.120234

11 41 0.130388

12 41 0.140027

13 41 0.149114

14 41 0.157612

15 41 0.165488

16 41 0.172711

17 41 0.179252

18 41 0.185086

19 41 0.19019

20 41 0.194543

21 41 0.198128

22 41 0.200931

23 41 0.202942

24 41 0.204151

25 41 0.204554

26 41 0.204151

27 41 0.202942

28 41 0.200931

29 41 0.198128

30 41 0.194543

31 41 0.19019

32 41 0.185086

33 41 0.179252

34 41 0.172711

35 41 0.165488

36 41 0.157612

37 41 0.149114

38 41 0.140027

39 41 0.130388

40 41 0.120234

41 41 0.109606

42 41 0.0985449

43 41 0.0870951

44 41 0.0753015

45 41 0.0632108

46 41 0.0508706

47 41 0.0383297

48 41 0.0256375

49 41 0.0128441

50 41 0

0 42 0

1 42 0.0115479

2 42 0.0230503

3 42 0.0344616

4 42 0.045737

5 42 0.0568319

6 42 0.0677025

7 42 0.0783058

8 42 0.0886002

9 42 0.0985449

10 42 0.108101

11 42 0.11723

12 42 0.125896

13 42 0.134066

14 42 0.141706

15 42 0.148788

16 42 0.155282

17 42 0.161163

18 42 0.166408

19 42 0.170997

20 42 0.174911

21 42 0.178134

22 42 0.180654

23 42 0.182462

24 42 0.183549

25 42 0.183912

26 42 0.183549

27 42 0.182462

28 42 0.180654

29 42 0.178134

30 42 0.174911

31 42 0.170997

32 42 0.166408

33 42 0.161163

34 42 0.155282

35 42 0.148788

36 42 0.141706

37 42 0.134066

38 42 0.125896

39 42 0.11723

40 42 0.108101

41 42 0.0985449

42 42 0.0886002

43 42 0.0783058

44 42 0.0677025

45 42 0.0568319

46 42 0.045737

47 42 0.0344616

48 42 0.0230503

49 42 0.0115479

50 42 0

0 43 0

1 43 0.0102062

2 43 0.0203721

3 43 0.0304576

4 43 0.0404229

5 43 0.0502287

6 43 0.0598362

7 43 0.0692076

8 43 0.0783058

9 43 0.0870951

10 43 0.0955406

11 43 0.103609

12 43 0.111269

13 43 0.118489

14 43 0.125242

15 43 0.1315

16 43 0.13724

17 43 0.142438

18 43 0.147074

19 43 0.151129

20 43 0.154588

21 43 0.157437

22 43 0.159664

23 43 0.161262

24 43 0.162223

25 43 0.162543

26 43 0.162223

27 43 0.161262

28 43 0.159664

29 43 0.157437

30 43 0.154588

31 43 0.151129

32 43 0.147074

33 43 0.142438

34 43 0.13724

35 43 0.1315

36 43 0.125242

37 43 0.118489

38 43 0.111269

39 43 0.103609

40 43 0.0955406

41 43 0.0870951

42 43 0.0783058

43 43 0.0692076

44 43 0.0598362

45 43 0.0502287

46 43 0.0404229

47 43 0.0304576

48 43 0.0203721

49 43 0.0102062

50 43 0

0 44 0

1 44 0.00882416

2 44 0.0176135

3 44 0.0263333

4 44 0.0349492

5 44 0.0434272

6 44 0.0517338

7 44 0.0598362

8 44 0.0677025

9 44 0.0753015

10 44 0.0826034

11 44 0.0895793

12 44 0.0962017

13 44 0.102444

14 44 0.108283

15 44 0.113694

16 44 0.118656

17 44 0.12315

18 44 0.127158

19 44 0.130665

20 44 0.133655

21 44 0.136118

22 44 0.138044

23 44 0.139425

24 44 0.140256

25 44 0.140533

26 44 0.140256

27 44 0.139425

28 44 0.138044

29 44 0.136118

30 44 0.133655

31 44 0.130665

32 44 0.127158

33 44 0.12315

34 44 0.118656

35 44 0.113694

36 44 0.108283

37 44 0.102444

38 44 0.0962017

39 44 0.0895793

40 44 0.0826034

41 44 0.0753015

42 44 0.0677025

43 44 0.0598362

44 44 0.0517338

45 44 0.0434272

46 44 0.0349492

47 44 0.0263333

48 44 0.0176135

49 44 0.00882416

50 44 0

0 45 0

1 45 0.00740732

2 45 0.0147854

3 45 0.0221051

4 45 0.0293376

5 45 0.0364543

6 45 0.0434272

7 45 0.0502287

8 45 0.0568319

9 45 0.0632108

10 45 0.0693403

11 45 0.0751961

12 45 0.0807552

13 45 0.0859955

14 45 0.0908965

15 45 0.0954387

16 45 0.0996043

17 45 0.103377

18 45 0.106741

19 45 0.109685

20 45 0.112195

21 45 0.114263

22 45 0.115879

23 45 0.117039

24 45 0.117736

25 45 0.117969

26 45 0.117736

27 45 0.117039

28 45 0.115879

29 45 0.114263

30 45 0.112195

31 45 0.109685

32 45 0.106741

33 45 0.103377

34 45 0.0996043

35 45 0.0954387

36 45 0.0908965

37 45 0.0859955

38 45 0.0807552

39 45 0.0751961

40 45 0.0693403

41 45 0.0632108

42 45 0.0568319

43 45 0.0502287

44 45 0.0434272

45 45 0.0364543

46 45 0.0293376

47 45 0.0221051

48 45 0.0147854

49 45 0.00740732

50 45 0

0 46 0

1 46 0.00596124

2 46 0.011899

3 46 0.0177897

4 46 0.0236103

5 46 0.0293376

6 46 0.0349492

7 46 0.0404229

8 46 0.045737

9 46 0.0508706

10 46 0.0558035

11 46 0.0605161

12 46 0.0649899

13 46 0.0692072

14 46 0.0731514

15 46 0.0768069

16 46 0.0801593

17 46 0.0831953

18 46 0.085903

19 46 0.0882717

20 46 0.090292

21 46 0.0919559

22 46 0.093257

23 46 0.09419

24 46 0.0947512

25 46 0.0949386

26 46 0.0947512

27 46 0.09419

28 46 0.093257

29 46 0.0919559

30 46 0.090292

31 46 0.0882717

32 46 0.085903

33 46 0.0831953

34 46 0.0801593

35 46 0.0768069

36 46 0.0731514

37 46 0.0692072

38 46 0.0649899

39 46 0.0605161

40 46 0.0558035

41 46 0.0508706

42 46 0.045737

43 46 0.0404229

44 46 0.0349492

45 46 0.0293376

46 46 0.0236103

47 46 0.0177897

48 46 0.011899

49 46 0.00596124

50 46 0

0 47 0

1 47 0.00449164

2 47 0.00896555

3 47 0.0134041

4 47 0.0177897

5 47 0.0221051

6 47 0.0263333

7 47 0.0304576

8 47 0.0344616

9 47 0.0383297

10 47 0.0420465

11 47 0.0455973

12 47 0.0489682

13 47 0.0521458

14 47 0.0551177

15 47 0.057872

16 47 0.0603979

17 47 0.0626855

18 47 0.0647257

19 47 0.0665104

20 47 0.0680326

21 47 0.0692864

22 47 0.0702667

23 47 0.0709697

24 47 0.0713926

25 47 0.0715337

26 47 0.0713926

27 47 0.0709697

28 47 0.0702667

29 47 0.0692864

30 47 0.0680326

31 47 0.0665104

32 47 0.0647257

33 47 0.0626855

34 47 0.0603979

35 47 0.057872

36 47 0.0551177

37 47 0.0521458

38 47 0.0489682

39 47 0.0455973

40 47 0.0420465

41 47 0.0383297

42 47 0.0344616

43 47 0.0304576

44 47 0.0263333

45 47 0.0221051

46 47 0.0177897

47 47 0.0134041

48 47 0.00896555

49 47 0.00449164

50 47 0

0 48 0

1 48 0.00300431

2 48 0.00599677

3 48 0.00896555

4 48 0.011899

5 48 0.0147854

6 48 0.0176135

7 48 0.0203721

8 48 0.0230503

9 48 0.0256375

10 48 0.0281235

11 48 0.0304986

12 48 0.0327532

13 48 0.0348787

14 48 0.0368664

15 48 0.0387087

16 48 0.0403982

17 48 0.0419283

18 48 0.0432929

19 48 0.0444866

20 48 0.0455048

21 48 0.0463434

22 48 0.0469991

23 48 0.0474693

24 48 0.0477522

25 48 0.0478466

26 48 0.0477522

27 48 0.0474693

28 48 0.0469991

29 48 0.0463434

30 48 0.0455048

31 48 0.0444866

32 48 0.0432929

33 48 0.0419283

34 48 0.0403982

35 48 0.0387087

36 48 0.0368664

37 48 0.0348787

38 48 0.0327532

39 48 0.0304986

40 48 0.0281235

41 48 0.0256375

42 48 0.0230503

43 48 0.0203721

44 48 0.0176135

45 48 0.0147854

46 48 0.011899

47 48 0.00896555

48 48 0.00599677

49 48 0.00300431

50 48 0

0 49 0

1 49 0.00150513

2 49 0.00300431

3 49 0.00449164

4 49 0.00596124

5 49 0.00740732

6 49 0.00882416

7 49 0.0102062

8 49 0.0115479

9 49 0.0128441

10 49 0.0140896

11 49 0.0152794

12 49 0.016409

13 49 0.0174738

14 49 0.0184697

15 49 0.0193926

16 49 0.020239

17 49 0.0210056

18 49 0.0216892

19 49 0.0222873

20 49 0.0227974

21 49 0.0232175

22 49 0.023546

23 49 0.0237816

24 49 0.0239233

25 49 0.0239706

26 49 0.0239233

27 49 0.0237816

28 49 0.023546

29 49 0.0232175

30 49 0.0227974

31 49 0.0222873

32 49 0.0216892

33 49 0.0210056

34 49 0.020239

35 49 0.0193926

36 49 0.0184697

37 49 0.0174738

38 49 0.016409

39 49 0.0152794

40 49 0.0140896

41 49 0.0128441

42 49 0.0115479

43 49 0.0102062

44 49 0.00882416

45 49 0.00740732

46 49 0.00596124

47 49 0.00449164

48 49 0.00300431

49 49 0.00150513

50 49 0

