0 1 0

1 1 0.000467982

2 1 0.000934118

3 1 0.00139657

4 1 0.0018535

5 1 0.00230313

6 1 0.00274366

7 1 0.00317336

8 1 0.00359055

9 1 0.00399356

10 1 0.00438081

11 1 0.00475077

12 1 0.00510198

13 1 0.00543306

14 1 0.00574269

15 1 0.00602966

16 1 0.00629284

17 1 0.00653118

18 1 0.00674374

19 1 0.00692969

20 1 0.00708829

21 1 0.00721892

22 1 0.00732106

23 1 0.0073943

24 1 0.00743837

25 1 0.00745307

26 1 0.00743837

27 1 0.0073943

28 1 0.00732106

29 1 0.00721892

30 1 0.00708829

31 1 0.00692969

32 1 0.00674374

33 1 0.00653118

34 1 0.00629284

35 1 0.00602966

36 1 0.00574269

37 1 0.00543306

38 1 0.00510198

39 1 0.00475077

40 1 0.00438081

41 1 0.00399356

42 1 0.00359055

43 1 0.00317336

44 1 0.00274366

45 1 0.00230313

46 1 0.0018535

47 1 0.00139657

48 1 0.000934118

49 1 0.000467982

50 1 0

0 2 0

1 2 0.000934118

2 2 0.00186455

3 2 0.00278762

4 2 0.00369969

5 2 0.00459716

6 2 0.00547649

7 2 0.00633421

8 2 0.00716692

9 2 0.00797135

10 2 0.00874432

11 2 0.00948279

12 2 0.0101838

13 2 0.0108447

14 2 0.0114627

15 2 0.0120355

16 2 0.0125608

17 2 0.0130366

18 2 0.0134609

19 2 0.013832

20 2 0.0141486

21 2 0.0144094

22 2 0.0146132

23 2 0.0147594

24 2 0.0148474

25 2 0.0148767

26 2 0.0148474

27 2 0.0147594

28 2 0.0146132

29 2 0.0144094

30 2 0.0141486

31 2 0.013832

32 2 0.0134609

33 2 0.0130366

34 2 0.0125608

35 2 0.0120355

36 2 0.0114627

37 2 0.0108447

38 2 0.0101838

39 2 0.00948279

40 2 0.00874432

41 2 0.00797135

42 2 0.00716692

43 2 0.00633421

44 2 0.00547649

45 2 0.00459716

46 2 0.00369969

47 2 0.00278762

48 2 0.00186455

49 2 0.000934118

50 2 0

0 3 0

1 3 0.00139657

2 3 0.00278762

3 3 0.00416768

4 3 0.00553128

5 3 0.00687306

6 3 0.00818771

7 3 0.00947005

8 3 0.010715

9 3 0.0119177

10 3 0.0130733

11 3 0.0141774

12 3 0.0152255

13 3 0.0162135

14 3 0.0171375

15 3 0.0179939

16 3 0.0187793

17 3 0.0194905

18 3 0.0201249

19 3 0.0206798

20 3 0.0211531

21 3 0.0215429

22 3 0.0218477

23 3 0.0220663

24 3 0.0221978

25 3 0.0222417

26 3 0.0221978

27 3 0.0220663

28 3 0.0218477

29 3 0.0215429

30 3 0.0211531

31 3 0.0206798

32 3 0.0201249

33 3 0.0194905

34 3 0.0187793

35 3 0.0179939

36 3 0.0171375

37 3 0.0162135

38 3 0.0152255

39 3 0.0141774

40 3 0.0130733

41 3 0.0119177

42 3 0.010715

43 3 0.00947005

44 3 0.00818771

45 3 0.00687306

46 3 0.00553128

47 3 0.00416768

48 3 0.00278762

49 3 0.00139657

50 3 0

0 4 0

1 4 0.0018535

2 4 0.00369969

3 4 0.00553128

4 4 0.00734104

5 4 0.00912183

6 4 0.0108666

7 4 0.0125685

8 4 0.0142208

9 4 0.015817

10 4 0.0173507

11 4 0.018816

12 4 0.020207

13 4 0.0215183

14 4 0.0227447

15 4 0.0238813

16 4 0.0249236

17 4 0.0258676

18 4 0.0267095

19 4 0.0274459

20 4 0.0280741

21 4 0.0285915

22 4 0.028996

23 4 0.0292861

24 4 0.0294606

25 4 0.0295189

26 4 0.0294606

27 4 0.0292861

28 4 0.028996

29 4 0.0285915

30 4 0.0280741

31 4 0.0274459

32 4 0.0267095

33 4 0.0258676

34 4 0.0249236

35 4 0.0238813

36 4 0.0227447

37 4 0.0215183

38 4 0.020207

39 4 0.018816

40 4 0.0173507

41 4 0.015817

42 4 0.0142208

43 4 0.0125685

44 4 0.0108666

45 4 0.00912183

46 4 0.00734104

47 4 0.00553128

48 4 0.00369969

49 4 0.0018535

50 4 0

0 5 0

1 5 0.00230313

2 5 0.00459716

3 5 0.00687306

4 5 0.00912183

5 5 0.0113346

6 5 0.0135026

7 5 0.0156174

8 5 0.0176705

9 5 0.0196539

10 5 0.0215597

11 5 0.0233804

12 5 0.0251089

13 5 0.0267382

14 5 0.0282621

15 5 0.0296744

16 5 0.0309695

17 5 0.0321425

18 5 0.0331886

19 5 0.0341038

20 5 0.0348843

21 5 0.0355272

22 5 0.0360298

23 5 0.0363903

24 5 0.0366071

25 5 0.0366795

26 5 0.0366071

27 5 0.0363903

28 5 0.0360298

29 5 0.0355272

30 5 0.0348843

31 5 0.0341038

32 5 0.0331886

33 5 0.0321425

34 5 0.0309695

35 5 0.0296744

36 5 0.0282621

37 5 0.0267382

38 5 0.0251089

39 5 0.0233804

40 5 0.0215597

41 5 0.0196539

42 5 0.0176705

43 5 0.0156174

44 5 0.0135026

45 5 0.0113346

46 5 0.00912183

47 5 0.00687306

48 5 0.00459716

49 5 0.00230313

50 5 0

0 6 0

1 6 0.00274366

2 6 0.00547649

3 6 0.00818771

4 6 0.0108666

5 6 0.0135026

6 6 0.0160854

7 6 0.0186046

8 6 0.0210504

9 6 0.0234132

10 6 0.0256835

11 6 0.0278525

12 6 0.0299116

13 6 0.0318526

14 6 0.0336679

15 6 0.0353504

16 6 0.0368933

17 6 0.0382906

18 6 0.0395368

19 6 0.040627

20 6 0.0415568

21 6 0.0423227

22 6 0.0429215

23 6 0.0433509

24 6 0.0436092

25 6 0.0436954

26 6 0.0436092

27 6 0.0433509

28 6 0.0429215

29 6 0.0423227

30 6 0.0415568

31 6 0.040627

32 6 0.0395368

33 6 0.0382906

34 6 0.0368933

35 6 0.0353504

36 6 0.0336679

37 6 0.0318526

38 6 0.0299116

39 6 0.0278525

40 6 0.0256835

41 6 0.0234132

42 6 0.0210504

43 6 0.0186046

44 6 0.0160854

45 6 0.0135026

46 6 0.0108666

47 6 0.00818771

48 6 0.00547649

49 6 0.00274366

50 6 0

0 7 0

1 7 0.00317336

2 7 0.00633421

3 7 0.00947005

4 7 0.0125685

5 7 0.0156174

6 7 0.0186046

7 7 0.0215184

8 7 0.0243473

9 7 0.0270801

10 7 0.029706

11 7 0.0322147

12 7 0.0345963

13 7 0.0368413

14 7 0.0389409

15 7 0.0408868

16 7 0.0426714

17 7 0.0442876

18 7 0.045729

19 7 0.0469899

20 7 0.0480654

21 7 0.0489511

22 7 0.0496437

23 7 0.0501404

24 7 0.0504392

25 7 0.0505389

26 7 0.0504392

27 7 0.0501404

28 7 0.0496437

29 7 0.0489511

30 7 0.0480654

31 7 0.0469899

32 7 0.045729

33 7 0.0442876

34 7 0.0426714

35 7 0.0408868

36 7 0.0389409

37 7 0.0368413

38 7 0.0345963

39 7 0.0322147

40 7 0.029706

41 7 0.0270801

42 7 0.0243473

43 7 0.0215184

44 7 0.0186046

45 7 0.0156174

46 7 0.0125685

47 7 0.00947005

48 7 0.00633421

49 7 0.00317336

50 7 0

0 8 0

1 8 0.00359055

2 8 0.00716692

3 8 0.010715

4 8 0.0142208

5 8 0.0176705

6 8 0.0210504

7 8 0.0243473

8 8 0.0275481

9 8 0.0306401

10 8 0.0336113

11 8 0.0364498

12 8 0.0391444

13 8 0.0416846

14 8 0.0440602

15 8 0.046262

16 8 0.0482811

17 8 0.0501098

18 8 0.0517407

19 8 0.0531673

20 8 0.0543842

21 8 0.0553864

22 8 0.0561701

23 8 0.056732

24 8 0.0570701

25 8 0.0571829

26 8 0.0570701

27 8 0.056732

28 8 0.0561701

29 8 0.0553864

30 8 0.0543842

31 8 0.0531673

32 8 0.0517407

33 8 0.0501098

34 8 0.0482811

35 8 0.046262

36 8 0.0440602

37 8 0.0416846

38 8 0.0391444

39 8 0.0364498

40 8 0.0336113

41 8 0.0306401

42 8 0.0275481

43 8 0.0243473

44 8 0.0210504

45 8 0.0176705

46 8 0.0142208

47 8 0.010715

48 8 0.00716692

49 8 0.00359055

50 8 0

0 9 0

1 9 0.00399356

2 9 0.00797135

3 9 0.0119177

4 9 0.015817

5 9 0.0196539

6 9 0.0234132

7 9 0.0270801

8 9 0.0306401

9 9 0.0340793

10 9 0.0373839

11 9 0.040541

12 9 0.0435381

13 9 0.0463633

14 9 0.0490056

15 9 0.0514545

16 9 0.0537003

17 9 0.0557342

18 9 0.0575481

19 9 0.059135

20 9 0.0604884

21 9 0.0616031

22 9 0.0624747

23 9 0.0630998

24 9 0.0634758

25 9 0.0636013

26 9 0.0634758

27 9 0.0630998

28 9 0.0624747

29 9 0.0616031

30 9 0.0604884

31 9 0.059135

32 9 0.0575481

33 9 0.0557342

34 9 0.0537003

35 9 0.0514545

36 9 0.0490056

37 9 0.0463633

38 9 0.0435381

39 9 0.040541

40 9 0.0373839

41 9 0.0340793

42 9 0.0306401

43 9 0.0270801

44 9 0.0234132

45 9 0.0196539

46 9 0.015817

47 9 0.0119177

48 9 0.00797135

49 9 0.00399356

50 9 0

0 10 0

1 10 0.00438081

2 10 0.00874432

3 10 0.0130733

4 10 0.0173507

5 10 0.0215597

6 10 0.0256835

7 10 0.029706

8 10 0.0336113

9 10 0.0373839

10 10 0.041009

11 10 0.0444722

12 10 0.0477599

13 10 0.0508591

14 10 0.0537576

15 10 0.056444

16 10 0.0589076

17 10 0.0611387

18 10 0.0631285

19 10 0.0648692

20 10 0.0663539

21 10 0.0675767

22 10 0.0685328

23 10 0.0692185

24 10 0.0696309

25 10 0.0697686

26 10 0.0696309

27 10 0.0692185

28 10 0.0685328

29 10 0.0675767

30 10 0.0663539

31 10 0.0648692

32 10 0.0631285

33 10 0.0611387

34 10 0.0589076

35 10 0.056444

36 10 0.0537576

37 10 0.0508591

38 10 0.0477599

39 10 0.0444722

40 10 0.041009

41 10 0.0373839

42 10 0.0336113

43 10 0.029706

44 10 0.0256835

45 10 0.0215597

46 10 0.0173507

47 10 0.0130733

48 10 0.00874432

49 10 0.00438081

50 10 0

0 11 0

1 11 0.00475077

2 11 0.00948279

3 11 0.0141774

4 11 0.018816

5 11 0.0233804

6 11 0.0278525

7 11 0.0322147

8 11 0.0364498

9 11 0.040541

10 11 0.0444722

11 11 0.0482279

12 11 0.0517932

13 11 0.0551542

14 11 0.0582975

15 11 0.0612107

16 11 0.0638824

17 11 0.0663019

18 11 0.0684598

19 11 0.0703474

20 11 0.0719575

21 11 0.0732836

22 11 0.0743204

23 11 0.075064

24 11 0.0755113

25 11 0.0756606

26 11 0.0755113

27 11 0.075064

28 11 0.0743204

29 11 0.0732836

30 11 0.0719575

31 11 0.0703474

32 11 0.0684598

33 11 0.0663019

34 11 0.0638824

35 11 0.0612107

36 11 0.0582975

37 11 0.0551542

38 11 0.0517932

39 11 0.0482279

40 11 0.0444722

41 11 0.040541

42 11 0.0364498

43 11 0.0322147

44 11 0.0278525

45 11 0.0233804

46 11 0.018816

47 11 0.0141774

48 11 0.00948279

49 11 0.00475077

50 11 0

0 12 0

1 12 0.00510198

2 12 0.0101838

3 12 0.0152255

4 12 0.020207

5 12 0.0251089

6 12 0.0299116

7 12 0.0345963

8 12 0.0391444

9 12 0.0435381

10 12 0.0477599

11 12 0.0517932

12 12 0.0556222

13 12 0.0592316

14 12 0.0626073

15 12 0.0657359

16 12 0.068605

17 12 0.0712034

18 12 0.0735208

19 12 0.075548

20 12 0.0772771

21 12 0.0787012

22 12 0.0798148

23 12 0.0806133

24 12 0.0810937

25 12 0.081254

26 12 0.0810937

27 12 0.0806133

28 12 0.0798148

29 12 0.0787012

30 12 0.0772771

31 12 0.075548

32 12 0.0735208

33 12 0.0712034

34 12 0.068605

35 12 0.0657359

36 12 0.0626073

37 12 0.0592316

38 12 0.0556222

39 12 0.0517932

40 12 0.0477599

41 12 0.0435381

42 12 0.0391444

43 12 0.0345963

44 12 0.0299116

45 12 0.0251089

46 12 0.020207

47 12 0.0152255

48 12 0.0101838

49 12 0.00510198

50 12 0

0 13 0

1 13 0.00543306

2 13 0.0108447

3 13 0.0162135

4 13 0.0215183

5 13 0.0267382

6 13 0.0318526

7 13 0.0368413

8 13 0.0416846

9 13 0.0463633

10 13 0.0508591

11 13 0.0551542

12 13 0.0592316

13 13 0.0630753

14 13 0.06667

15 13 0.0700016

16 13 0.0730569

17 13 0.0758239

18 13 0.0782917

19 13 0.0804505

20 13 0.0822918

21 13 0.0838083

22 13 0.0849941

23 13 0.0858444

24 13 0.086356

25 13 0.0865267

26 13 0.086356

27 13 0.0858444

28 13 0.0849941

29 13 0.0838083

30 13 0.0822918

31 13 0.0804505

32 13 0.0782917

33 13 0.0758239

34 13 0.0730569

35 13 0.0700016

36 13 0.06667

37 13 0.0630753

38 13 0.0592316

39 13 0.0551542

40 13 0.0508591

41 13 0.0463633

42 13 0.0416846

43 13 0.0368413

44 13 0.0318526

45 13 0.0267382

46 13 0.0215183

47 13 0.0162135

48 13 0.0108447

49 13 0.00543306

50 13 0

0 14 0

1 14 0.00574269

2 14 0.0114627

3 14 0.0171375

4 14 0.0227447

5 14 0.0282621

6 14 0.0336679

7 14 0.0389409

8 14 0.0440602

9 14 0.0490056

10 14 0.0537576

11 14 0.0582975

12 14 0.0626073

13 14 0.06667

14 14 0.0704696

15 14 0.073991

16 14 0.0772205

17 14 0.0801452

18 14 0.0827536

19 14 0.0850354

20 14 0.0869817

21 14 0.0885846

22 14 0.089838

23 14 0.0907368

24 14 0.0912775

25 14 0.0914579

26 14 0.0912775

27 14 0.0907368

28 14 0.089838

29 14 0.0885846

30 14 0.0869817

31 14 0.0850354

32 14 0.0827536

33 14 0.0801452

34 14 0.0772205

35 14 0.073991

36 14 0.0704696

37 14 0.06667

38 14 0.0626073

39 14 0.0582975

40 14 0.0537576

41 14 0.0490056

42 14 0.0440602

43 14 0.0389409

44 14 0.0336679

45 14 0.0282621

46 14 0.0227447

47 14 0.0171375

48 14 0.0114627

49 14 0.00574269

50 14 0

0 15 0

1 15 0.00602966

2 15 0.0120355

3 15 0.0179939

4 15 0.0238813

5 15 0.0296744

6 15 0.0353504

7 15 0.0408868

8 15 0.046262

9 15 0.0514545

10 15 0.056444

11 15 0.0612107

12 15 0.0657359

13 15 0.0700016

14 15 0.073991

15 15 0.0776885

16 15 0.0810793

17 15 0.0841502

18 15 0.086889

19 15 0.0892848

20 15 0.0913283

21 15 0.0930113

22 15 0.0943273

23 15 0.095271

24 15 0.0958388

25 15 0.0960282

26 15 0.0958388

27 15 0.095271

28 15 0.0943273

29 15 0.0930113

30 15 0.0913283

31 15 0.0892848

32 15 0.086889

33 15 0.0841502

34 15 0.0810793

35 15 0.0776885

36 15 0.073991

37 15 0.0700016

38 15 0.0657359

39 15 0.0612107

40 15 0.056444

41 15 0.0514545

42 15 0.046262

43 15 0.0408868

44 15 0.0353504

45 15 0.0296744

46 15 0.0238813

47 15 0.0179939

48 15 0.0120355

49 15 0.00602966

50 15 0

0 16 0

1 16 0.00629284

2 16 0.0125608

3 16 0.0187793

4 16 0.0249236

5 16 0.0309695

6 16 0.0368933

7 16 0.0426714

8 16 0.0482811

9 16 0.0537003

10 16 0.0589076

11 16 0.0638824

12 16 0.068605

13 16 0.0730569

14 16 0.0772205

15 16 0.0810793

16 16 0.0846182

17 16 0.0878231

18 16 0.0906814

19 16 0.0931818

20 16 0.0953145

21 16 0.097071

22 16 0.0984444

23 16 0.0994293

24 16 0.100022

25 16 0.10022

26 16 0.100022

27 16 0.0994293

28 16 0.0984444

29 16 0.097071

30 16 0.0953145

31 16 0.0931818

32 16 0.0906814

33 16 0.0878231

34 16 0.0846182

35 16 0.0810793

36 16 0.0772205

37 16 0.0730569

38 16 0.068605

39 16 0.0638824

40 16 0.0589076

41 16 0.0537003

42 16 0.0482811

43 16 0.0426714

44 16 0.0368933

45 16 0.0309695

46 16 0.0249236

47 16 0.0187793

48 16 0.0125608

49 16 0.00629284

50 16 0

0 17 0

1 17 0.00653118

2 17 0.0130366

3 17 0.0194905

4 17 0.0258676

5 17 0.0321425

6 17 0.0382906

7 17 0.0442876

8 17 0.0501098

9 17 0.0557342

10 17 0.0611387

11 17 0.0663019

12 17 0.0712034

13 17 0.0758239

14 17 0.0801452

15 17 0.0841502

16 17 0.0878231

17 17 0.0911494

18 17 0.0941159

19 17 0.096711

20 17 0.0989245

21 17 0.100748

22 17 0.102173

23 17 0.103195

24 17 0.10381

25 17 0.104015

26 17 0.10381

27 17 0.103195

28 17 0.102173

29 17 0.100748

30 17 0.0989245

31 17 0.096711

32 17 0.0941159

33 17 0.0911494

34 17 0.0878231

35 17 0.0841502

36 17 0.0801452

37 17 0.0758239

38 17 0.0712034

39 17 0.0663019

40 17 0.0611387

41 17 0.0557342

42 17 0.0501098

43 17 0.0442876

44 17 0.0382906

45 17 0.0321425

46 17 0.0258676

47 17 0.0194905

48 17 0.0130366

49 17 0.00653118

50 17 0

0 18 0

1 18 0.00674374

2 18 0.0134609

3 18 0.0201249

4 18 0.0267095

5 18 0.0331886

6 18 0.0395368

7 18 0.045729

8 18 0.0517407

9 18 0.0575481

10 18 0.0631285

11 18 0.0684598

12 18 0.0735208

13 18 0.0782917

14 18 0.0827536

15 18 0.086889

16 18 0.0906814

17 18 0.0941159

18 18 0.097179

19 18 0.0998586

20 18 0.102144

21 18 0.104026

22 18 0.105498

23 18 0.106554

24 18 0.107189

25 18 0.107401

26 18 0.107189

27 18 0.106554

28 18 0.105498

29 18 0.104026

30 18 0.102144

31 18 0.0998586

32 18 0.097179

33 18 0.0941159

34 18 0.0906814

35 18 0.086889

36 18 0.0827536

37 18 0.0782917

38 18 0.0735208

39 18 0.0684598

40 18 0.0631285

41 18 0.0575481

42 18 0.0517407

43 18 0.045729

44 18 0.0395368

45 18 0.0331886

46 18 0.0267095

47 18 0.0201249

48 18 0.0134609

49 18 0.00674374

50 18 0

0 19 0

1 19 0.00692969

2 19 0.013832

3 19 0.0206798

4 19 0.0274459

5 19 0.0341038

6 19 0.040627

7 19 0.0469899

8 19 0.0531673

9 19 0.059135

10 19 0.0648692

11 19 0.0703474

12 19 0.075548

13 19 0.0804505

14 19 0.0850354

15 19 0.0892848

16 19 0.0931818

17 19 0.096711

18 19 0.0998586

19 19 0.102612

20 19 0.104961

21 19 0.106895

22 19 0.108407

23 19 0.109492

24 19 0.110144

25 19 0.110362

26 19 0.110144

27 19 0.109492

28 19 0.108407

29 19 0.106895

30 19 0.104961

31 19 0.102612

32 19 0.0998586

33 19 0.096711

34 19 0.0931818

35 19 0.0892848

36 19 0.0850354

37 19 0.0804505

38 19 0.075548

39 19 0.0703474

40 19 0.0648692

41 19 0.059135

42 19 0.0531673

43 19 0.0469899

44 19 0.040627

45 19 0.0341038

46 19 0.0274459

47 19 0.0206798

48 19 0.013832

49 19 0.00692969

50 19 0

0 20 0

1 20 0.00708829

2 20 0.0141486

3 20 0.0211531

4 20 0.0280741

5 20 0.0348843

6 20 0.0415568

7 20 0.0480654

8 20 0.0543842

9 20 0.0604884

10 20 0.0663539

11 20 0.0719575

12 20 0.0772771

13 20 0.0822918

14 20 0.0869817

15 20 0.0913283

16 20 0.0953145

17 20 0.0989245

18 20 0.102144

19 20 0.104961

20 20 0.107363

21 20 0.109341

22 20 0.110888

23 20 0.111998

24 20 0.112665

25 20 0.112888

26 20 0.112665

27 20 0.111998

28 20 0.110888

29 20 0.109341

30 20 0.107363

31 20 0.104961

32 20 0.102144

33 20 0.0989245

34 20 0.0953145

35 20 0.0913283

36 20 0.0869817

37 20 0.0822918

38 20 0.0772771

39 20 0.0719575

40 20 0.0663539

41 20 0.0604884

42 20 0.0543842

43 20 0.0480654

44 20 0.0415568

45 20 0.0348843

46 20 0.0280741

47 20 0.0211531

48 20 0.0141486

49 20 0.00708829

50 20 0

0 21 0

1 21 0.00721892

2 21 0.0144094

3 21 0.0215429

4 21 0.0285915

5 21 0.0355272

6 21 0.0423227

7 21 0.0489511

8 21 0.0553864

9 21 0.0616031

10 21 0.0675767

11 21 0.0732836

12 21 0.0787012

13 21 0.0838083

14 21 0.0885846

15 21 0.0930113

16 21 0.097071

17 21 0.100748

18 21 0.104026

19 21 0.106895

20 21 0.109341

21 21 0.111356

22 21 0.112932

23 21 0.114062

24 21 0.114741

25 21 0.114968

26 21 0.114741

27 21 0.114062

28 21 0.112932

29 21 0.111356

30 21 0.109341

31 21 0.106895

32 21 0.104026

33 21 0.100748

34 21 0.097071

35 21 0.0930113

36 21 0.0885846

37 21 0.0838083

38 21 0.0787012

39 21 0.0732836

40 21 0.0675767

41 21 0.0616031

42 21 0.0553864

43 21 0.0489511

44 21 0.0423227

45 21 0.0355272

46 21 0.0285915

47 21 0.0215429

48 21 0.0144094

49 21 0.00721892

50 21 0

0 22 0

1 22 0.00732106

2 22 0.0146132

3 22 0.0218477

4 22 0.028996

5 22 0.0360298

6 22 0.0429215

7 22 0.0496437

8 22 0.0561701

9 22 0.0624747

10 22 0.0685328

11 22 0.0743204

12 22 0.0798148

13 22 0.0849941

14 22 0.089838

15 22 0.0943273

16 22 0.0984444

17 22 0.102173

18 22 0.105498

19 22 0.108407

20 22 0.110888

21 22 0.112932

22 22 0.11453

23 22 0.115676

24 22 0.116365

25 22 0.116595

26 22 0.116365

27 22 0.115676

28 22 0.11453

29 22 0.112932

30 22 0.110888

31 22 0.108407

32 22 0.105498

33 22 0.102173

34 22 0.0984444

35 22 0.0943273

36 22 0.089838

37 22 0.0849941

38 22 0.0798148

39 22 0.0743204

40 22 0.0685328

41 22 0.0624747

42 22 0.0561701

43 22 0.0496437

44 22 0.0429215

45 22 0.0360298

46 22 0.028996

47 22 0.0218477

48 22 0.0146132

49 22 0.00732106

50 22 0

0 23 0

1 23 0.0073943

2 23 0.0147594

3 23 0.0220663

4 23 0.0292861

5 23 0.0363903

6 23 0.0433509

7 23 0.0501404

8 23 0.056732

9 23 0.0630998

10 23 0.0692185

11 23 0.075064

12 23 0.0806133

13 23 0.0858444

14 23 0.0907368

15 23 0.095271

16 23 0.0994293

17 23 0.103195

18 23 0.106554

19 23 0.109492

20 23 0.111998

21 23 0.114062

22 23 0.115676

23 23 0.116833

24 23 0.117529

25 23 0.117761

26 23 0.117529

27 23 0.116833

28 23 0.115676

29 23 0.114062

30 23 0.111998

31 23 0.109492

32 23 0.106554

33 23 0.103195

34 23 0.0994293

35 23 0.095271

36 23 0.0907368

37 23 0.0858444

38 23 0.0806133

39 23 0.075064

40 23 0.0692185

41 23 0.0630998

42 23 0.056732

43 23 0.0501404

44 23 0.0433509

45 23 0.0363903

46 23 0.0292861

47 23 0.0220663

48 23 0.0147594

49 23 0.0073943

50 23 0

0 24 0

1 24 0.00743837

2 24 0.0148474

3 24 0.0221978

4 24 0.0294606

5 24 0.0366071

6 24 0.0436092

7 24 0.0504392

8 24 0.0570701

9 24 0.0634758

10 24 0.0696309

11 24 0.0755113

12 24 0.0810937

13 24 0.086356

14 24 0.0912775

15 24 0.0958388

16 24 0.100022

17 24 0.10381

18 24 0.107189

19 24 0.110144

20 24 0.112665

21 24 0.114741

22 24 0.116365

23 24 0.117529

24 24 0.118229

25 24 0.118463

26 24 0.118229

27 24 0.117529

28 24 0.116365

29 24 0.114741

30 24 0.112665

31 24 0.110144

32 24 0.107189

33 24 0.10381

34 24 0.100022

35 24 0.0958388

36 24 0.0912775

37 24 0.086356

38 24 0.0810937

39 24 0.0755113

40 24 0.0696309

41 24 0.0634758

42 24 0.0570701

43 24 0.0504392

44 24 0.0436092

45 24 0.0366071

46 24 0.0294606

47 24 0.0221978

48 24 0.0148474

49 24 0.00743837

50 24 0

0 25 0

1 25 0.00745307

2 25 0.0148767

3 25 0.0222417

4 25 0.0295189

5 25 0.0366795

6 25 0.0436954

7 25 0.0505389

8 25 0.0571829

9 25 0.0636013

10 25 0.0697686

11 25 0.0756606

12 25 0.081254

13 25 0.0865267

14 25 0.0914579

15 25 0.0960282

16 25 0.10022

17 25 0.104015

18 25 0.107401

19 25 0.110362

20 25 0.112888

21 25 0.114968

22 25 0.116595

23 25 0.117761

24 25 0.118463

25 25 0.118697

26 25 0.118463

27 25 0.117761

28 25 0.116595

29 25 0.114968

30 25 0.112888

31 25 0.110362

32 25 0.107401

33 25 0.104015

34 25 0.10022

35 25 0.0960282

36 25 0.0914579

37 25 0.0865267

38 25 0.081254

39 25 0.0756606

40 25 0.0697686

41 25 0.0636013

42 25 0.0571829

43 25 0.0505389

44 25 0.0436954

45 25 0.0366795

46 25 0.0295189

47 25 0.0222417

48 25 0.0148767

49 25 0.00745307

50 25 0

0 26 0

1 26 0.00743837

2 26 0.0148474

3 26 0.0221978

4 26 0.0294606

5 26 0.0366071

6 26 0.0436092

7 26 0.0504392

8 26 0.0570701

9 26 0.0634758

10 26 0.0696309

11 26 0.0755113

12 26 0.0810937

13 26 0.086356

14 26 0.0912775

15 26 0.0958388

16 26 0.100022

17 26 0.10381

18 26 0.107189

19 26 0.110144

20 26 0.112665

21 26 0.114741

22 26 0.116365

23 26 0.117529

24 26 0.118229

25 26 0.118463

26 26 0.118229

27 26 0.117529

28 26 0.116365

29 26 0.114741

30 26 0.112665

31 26 0.110144

32 26 0.107189

33 26 0.10381

34 26 0.100022

35 26 0.0958388

36 26 0.0912775

37 26 0.086356

38 26 0.0810937

39 26 0.0755113

40 26 0.0696309

41 26 0.0634758

42 26 0.0570701

43 26 0.0504392

44 26 0.0436092

45 26 0.0366071

46 26 0.0294606

47 26 0.0221978

48 26 0.0148474

49 26 0.00743837

50 26 0

0 27 0

1 27 0.0073943

2 27 0.0147594

3 27 0.0220663

4 27 0.0292861

5 27 0.0363903

6 27 0.0433509

7 27 0.0501404

8 27 0.056732

9 27 0.0630998

10 27 0.0692185

11 27 0.075064

12 27 0.0806133

13 27 0.0858444

14 27 0.0907368

15 27 0.095271

16 27 0.0994293

17 27 0.103195

18 27 0.106554

19 27 0.109492

20 27 0.111998

21 27 0.114062

22 27 0.115676

23 27 0.116833

24 27 0.117529

25 27 0.117761

26 27 0.117529

27 27 0.116833

28 27 0.115676

29 27 0.114062

30 27 0.111998

31 27 0.109492

32 27 0.106554

33 27 0.103195

34 27 0.0994293

35 27 0.095271

36 27 0.0907368

37 27 0.0858444

38 27 0.0806133

39 27 0.075064

40 27 0.0692185

41 27 0.0630998

42 27 0.056732

43 27 0.0501404

44 27 0.0433509

45 27 0.0363903

46 27 0.0292861

47 27 0.0220663

48 27 0.0147594

49 27 0.0073943

50 27 0

0 28 0

1 28 0.00732106

2 28 0.0146132

3 28 0.0218477

4 28 0.028996

5 28 0.0360298

6 28 0.0429215

7 28 0.0496437

8 28 0.0561701

9 28 0.0624747

10 28 0.0685328

11 28 0.0743204

12 28 0.0798148

13 28 0.0849941

14 28 0.089838

15 28 0.0943273

16 28 0.0984444

17 28 0.102173

18 28 0.105498

19 28 0.108407

20 28 0.110888

21 28 0.112932

22 28 0.11453

23 28 0.115676

24 28 0.116365

25 28 0.116595

26 28 0.116365

27 28 0.115676

28 28 0.11453

29 28 0.112932

30 28 0.110888

31 28 0.108407

32 28 0.105498

33 28 0.102173

34 28 0.0984444

35 28 0.0943273

36 28 0.089838

37 28 0.0849941

38 28 0.0798148

39 28 0.0743204

40 28 0.0685328

41 28 0.0624747

42 28 0.0561701

43 28 0.0496437

44 28 0.0429215

45 28 0.0360298

46 28 0.028996

47 28 0.0218477

48 28 0.0146132

49 28 0.00732106

50 28 0

0 29 0

1 29 0.00721892

2 29 0.0144094

3 29 0.0215429

4 29 0.0285915

5 29 0.0355272

6 29 0.0423227

7 29 0.0489511

8 29 0.0553864

9 29 0.0616031

10 29 0.0675767

11 29 0.0732836

12 29 0.0787012

13 29 0.0838083

14 29 0.0885846

15 29 0.0930113

16 29 0.097071

17 29 0.100748

18 29 0.104026

19 29 0.106895

20 29 0.109341

21 29 0.111356

22 29 0.112932

23 29 0.114062

24 29 0.114741

25 29 0.114968

26 29 0.114741

27 29 0.114062

28 29 0.112932

29 29 0.111356

30 29 0.109341

31 29 0.106895

32 29 0.104026

33 29 0.100748

34 29 0.097071

35 29 0.0930113

36 29 0.0885846

37 29 0.0838083

38 29 0.0787012

39 29 0.0732836

40 29 0.0675767

41 29 0.0616031

42 29 0.0553864

43 29 0.0489511

44 29 0.0423227

45 29 0.0355272

46 29 0.0285915

47 29 0.0215429

48 29 0.0144094

49 29 0.00721892

50 29 0

0 30 0

1 30 0.00708829

2 30 0.0141486

3 30 0.0211531

4 30 0.0280741

5 30 0.0348843

6 30 0.0415568

7 30 0.0480654

8 30 0.0543842

9 30 0.0604884

10 30 0.0663539

11 30 0.0719575

12 30 0.0772771

13 30 0.0822918

14 30 0.0869817

15 30 0.0913283

16 30 0.0953145

17 30 0.0989245

18 30 0.102144

19 30 0.104961

20 30 0.107363

21 30 0.109341

22 30 0.110888

23 30 0.111998

24 30 0.112665

25 30 0.112888

26 30 0.112665

27 30 0.111998

28 30 0.110888

29 30 0.109341

30 30 0.107363

31 30 0.104961

32 30 0.102144

33 30 0.0989245

34 30 0.0953145

35 30 0.0913283

36 30 0.0869817

37 30 0.0822918

38 30 0.0772771

39 30 0.0719575

40 30 0.0663539

41 30 0.0604884

42 30 0.0543842

43 30 0.0480654

44 30 0.0415568

45 30 0.0348843

46 30 0.0280741

47 30 0.0211531

48 30 0.0141486

49 30 0.00708829

50 30 0

0 31 0

1 31 0.00692969

2 31 0.013832

3 31 0.0206798

4 31 0.0274459

5 31 0.0341038

6 31 0.040627

7 31 0.0469899

8 31 0.0531673

9 31 0.059135

10 31 0.0648692

11 31 0.0703474

12 31 0.075548

13 31 0.0804505

14 31 0.0850354

15 31 0.0892848

16 31 0.0931818

17 31 0.096711

18 31 0.0998586

19 31 0.102612

20 31 0.104961

21 31 0.106895

22 31 0.108407

23 31 0.109492

24 31 0.110144

25 31 0.110362

26 31 0.110144

27 31 0.109492

28 31 0.108407

29 31 0.106895

30 31 0.104961

31 31 0.102612

32 31 0.0998586

33 31 0.096711

34 31 0.0931818

35 31 0.0892848

36 31 0.0850354

37 31 0.0804505

38 31 0.075548

39 31 0.0703474

40 31 0.0648692

41 31 0.059135

42 31 0.0531673

43 31 0.0469899

44 31 0.040627

45 31 0.0341038

46 31 0.0274459

47 31 0.0206798

48 31 0.013832

49 31 0.00692969

50 31 0

0 32 0

1 32 0.00674374

2 32 0.0134609

3 32 0.0201249

4 32 0.0267095

5 32 0.0331886

6 32 0.0395368

7 32 0.045729

8 32 0.0517407

9 32 0.0575481

10 32 0.0631285

11 32 0.0684598

12 32 0.0735208

13 32 0.0782917

14 32 0.0827536

15 32 0.086889

16 32 0.0906814

17 32 0.0941159

18 32 0.097179

19 32 0.0998586

20 32 0.102144

21 32 0.104026

22 32 0.105498

23 32 0.106554

24 32 0.107189

25 32 0.107401

26 32 0.107189

27 32 0.106554

28 32 0.105498

29 32 0.104026

30 32 0.102144

31 32 0.0998586

32 32 0.097179

33 32 0.0941159

34 32 0.0906814

35 32 0.086889

36 32 0.0827536

37 32 0.0782917

38 32 0.0735208

39 32 0.0684598

40 32 0.0631285

41 32 0.0575481

42 32 0.0517407

43 32 0.045729

44 32 0.0395368

45 32 0.0331886

46 32 0.0267095

47 32 0.0201249

48 32 0.0134609

49 32 0.00674374

50 32 0

0 33 0

1 33 0.00653118

2 33 0.0130366

3 33 0.0194905

4 33 0.0258676

5 33 0.0321425

6 33 0.0382906

7 33 0.0442876

8 33 0.0501098

9 33 0.0557342

10 33 0.0611387

11 33 0.0663019

12 33 0.0712034

13 33 0.0758239

14 33 0.0801452

15 33 0.0841502

16 33 0.0878231

17 33 0.0911494

18 33 0.0941159

19 33 0.096711

20 33 0.0989245

21 33 0.100748

22 33 0.102173

23 33 0.103195

24 33 0.10381

25 33 0.104015

26 33 0.10381

27 33 0.103195

28 33 0.102173

29 33 0.100748

30 33 0.0989245

31 33 0.096711

32 33 0.0941159

33 33 0.0911494

34 33 0.0878231

35 33 0.0841502

36 33 0.0801452

37 33 0.0758239

38 33 0.0712034

39 33 0.0663019

40 33 0.0611387

41 33 0.0557342

42 33 0.0501098

43 33 0.0442876

44 33 0.0382906

45 33 0.0321425

46 33 0.0258676

47 33 0.0194905

48 33 0.0130366

49 33 0.00653118

50 33 0

0 34 0

1 34 0.00629284

2 34 0.0125608

3 34 0.0187793

4 34 0.0249236

5 34 0.0309695

6 34 0.0368933

7 34 0.0426714

8 34 0.0482811

9 34 0.0537003

10 34 0.0589076

11 34 0.0638824

12 34 0.068605

13 34 0.0730569

14 34 0.0772205

15 34 0.0810793

16 34 0.0846182

17 34 0.0878231

18 34 0.0906814

19 34 0.0931818

20 34 0.0953145

21 34 0.097071

22 34 0.0984444

23 34 0.0994293

24 34 0.100022

25 34 0.10022

26 34 0.100022

27 34 0.0994293

28 34 0.0984444

29 34 0.097071

30 34 0.0953145

31 34 0.0931818

32 34 0.0906814

33 34 0.0878231

34 34 0.0846182

35 34 0.0810793

36 34 0.0772205

37 34 0.0730569

38 34 0.068605

39 34 0.0638824

40 34 0.0589076

41 34 0.0537003

42 34 0.0482811

43 34 0.0426714

44 34 0.0368933

45 34 0.0309695

46 34 0.0249236

47 34 0.0187793

48 34 0.0125608

49 34 0.00629284

50 34 0

0 35 0

1 35 0.00602966

2 35 0.0120355

3 35 0.0179939

4 35 0.0238813

5 35 0.0296744

6 35 0.0353504

7 35 0.0408868

8 35 0.046262

9 35 0.0514545

10 35 0.056444

11 35 0.0612107

12 35 0.0657359

13 35 0.0700016

14 35 0.073991

15 35 0.0776885

16 35 0.0810793

17 35 0.0841502

18 35 0.086889

19 35 0.0892848

20 35 0.0913283

21 35 0.0930113

22 35 0.0943273

23 35 0.095271

24 35 0.0958388

25 35 0.0960282

26 35 0.0958388

27 35 0.095271

28 35 0.0943273

29 35 0.0930113

30 35 0.0913283

31 35 0.0892848

32 35 0.086889

33 35 0.0841502

34 35 0.0810793

35 35 0.0776885

36 35 0.073991

37 35 0.0700016

38 35 0.0657359

39 35 0.0612107

40 35 0.056444

41 35 0.0514545

42 35 0.046262

43 35 0.0408868

44 35 0.0353504

45 35 0.0296744

46 35 0.0238813

47 35 0.0179939

48 35 0.0120355

49 35 0.00602966

50 35 0

0 36 0

1 36 0.00574269

2 36 0.0114627

3 36 0.0171375

4 36 0.0227447

5 36 0.0282621

6 36 0.0336679

7 36 0.0389409

8 36 0.0440602

9 36 0.0490056

10 36 0.0537576

11 36 0.0582975

12 36 0.0626073

13 36 0.06667

14 36 0.0704696

15 36 0.073991

16 36 0.0772205

17 36 0.0801452

18 36 0.0827536

19 36 0.0850354

20 36 0.0869817

21 36 0.0885846

22 36 0.089838

23 36 0.0907368

24 36 0.0912775

25 36 0.0914579

26 36 0.0912775

27 36 0.0907368

28 36 0.089838

29 36 0.0885846

30 36 0.0869817

31 36 0.0850354

32 36 0.0827536

33 36 0.0801452

34 36 0.0772205

35 36 0.073991

36 36 0.0704696

37 36 0.06667

38 36 0.0626073

39 36 0.0582975

40 36 0.0537576

41 36 0.0490056

42 36 0.0440602

43 36 0.0389409

44 36 0.0336679

45 36 0.0282621

46 36 0.0227447

47 36 0.0171375

48 36 0.0114627

49 36 0.00574269

50 36 0

0 37 0

1 37 0.00543306

2 37 0.0108447

3 37 0.0162135

4 37 0.0215183

5 37 0.0267382

6 37 0.0318526

7 37 0.0368413

8 37 0.0416846

9 37 0.0463633

10 37 0.0508591

11 37 0.0551542

12 37 0.0592316

13 37 0.0630753

14 37 0.06667

15 37 0.0700016

16 37 0.0730569

17 37 0.0758239

18 37 0.0782917

19 37 0.0804505

20 37 0.0822918

21 37 0.0838083

22 37 0.0849941

23 37 0.0858444

24 37 0.086356

25 37 0.0865267

26 37 0.086356

27 37 0.0858444

28 37 0.0849941

29 37 0.0838083

30 37 0.0822918

31 37 0.0804505

32 37 0.0782917

33 37 0.0758239

34 37 0.0730569

35 37 0.0700016

36 37 0.06667

37 37 0.0630753

38 37 0.0592316

39 37 0.0551542

40 37 0.0508591

41 37 0.0463633

42 37 0.0416846

43 37 0.0368413

44 37 0.0318526

45 37 0.0267382

46 37 0.0215183

47 37 0.0162135

48 37 0.0108447

49 37 0.00543306

50 37 0

0 38 0

1 38 0.00510198

2 38 0.0101838

3 38 0.0152255

4 38 0.020207

5 38 0.0251089

6 38 0.0299116

7 38 0.0345963

8 38 0.0391444

9 38 0.0435381

10 38 0.0477599

11 38 0.0517932

12 38 0.0556222

13 38 0.0592316

14 38 0.0626073

15 38 0.0657359

16 38 0.068605

17 38 0.0712034

18 38 0.0735208

19 38 0.075548

20 38 0.0772771

21 38 0.0787012

22 38 0.0798148

23 38 0.0806133

24 38 0.0810937

25 38 0.081254

26 38 0.0810937

27 38 0.0806133

28 38 0.0798148

29 38 0.0787012

30 38 0.0772771

31 38 0.075548

32 38 0.0735208

33 38 0.0712034

34 38 0.068605

35 38 0.0657359

36 38 0.0626073

37 38 0.0592316

38 38 0.0556222

39 38 0.0517932

40 38 0.0477599

41 38 0.0435381

42 38 0.0391444

43 38 0.0345963

44 38 0.0299116

45 38 0.0251089

46 38 0.020207

47 38 0.0152255

48 38 0.0101838

49 38 0.00510198

50 38 0

0 39 0

1 39 0.00475077

2 39 0.00948279

3 39 0.0141774

4 39 0.018816

5 39 0.0233804

6 39 0.0278525

7 39 0.0322147

8 39 0.0364498

9 39 0.040541

10 39 0.0444722

11 39 0.0482279

12 39 0.0517932

13 39 0.0551542

14 39 0.0582975

15 39 0.0612107

16 39 0.0638824

17 39 0.0663019

18 39 0.0684598

19 39 0.0703474

20 39 0.0719575

21 39 0.0732836

22 39 0.0743204

23 39 0.075064

24 39 0.0755113

25 39 0.0756606

26 39 0.0755113

27 39 0.075064

28 39 0.0743204

29 39 0.0732836

30 39 0.0719575

31 39 0.0703474

32 39 0.0684598

33 39 0.0663019

34 39 0.0638824

35 39 0.0612107

36 39 0.0582975

37 39 0.0551542

38 39 0.0517932

39 39 0.0482279

40 39 0.0444722

41 39 0.040541

42 39 0.0364498

43 39 0.0322147

44 39 0.0278525

45 39 0.0233804

46 39 0.018816

47 39 0.0141774

48 39 0.00948279

49 39 0.00475077

50 39 0

0 40 0

1 40 0.00438081

2 40 0.00874432

3 40 0.0130733

4 40 0.0173507

5 40 0.0215597

6 40 0.0256835

7 40 0.029706

8 40 0.0336113

9 40 0.0373839

10 40 0.041009

11 40 0.0444722

12 40 0.0477599

13 40 0.0508591

14 40 0.0537576

15 40 0.056444

16 40 0.0589076

17 40 0.0611387

18 40 0.0631285

19 40 0.0648692

20 40 0.0663539

21 40 0.0675767

22 40 0.0685328

23 40 0.0692185

24 40 0.0696309

25 40 0.0697686

26 40 0.0696309

27 40 0.0692185

28 40 0.0685328

29 40 0.0675767

30 40 0.0663539

31 40 0.0648692

32 40 0.0631285

33 40 0.0611387

34 40 0.0589076

35 40 0.056444

36 40 0.0537576

37 40 0.0508591

38 40 0.0477599

39 40 0.0444722

40 40 0.041009

41 40 0.0373839

42 40 0.0336113

43 40 0.029706

44 40 0.0256835

45 40 0.0215597

46 40 0.0173507

47 40 0.0130733

48 40 0.00874432

49 40 0.00438081

50 40 0

0 41 0

1 41 0.00399356

2 41 0.00797135

3 41 0.0119177

4 41 0.015817

5 41 0.0196539

6 41 0.0234132

7 41 0.0270801

8 41 0.0306401

9 41 0.0340793

10 41 0.0373839

11 41 0.040541

12 41 0.0435381

13 41 0.0463633

14 41 0.0490056

15 41 0.0514545

16 41 0.0537003

17 41 0.0557342

18 41 0.0575481

19 41 0.059135

20 41 0.0604884

21 41 0.0616031

22 41 0.0624747

23 41 0.0630998

24 41 0.0634758

25 41 0.0636013

26 41 0.0634758

27 41 0.0630998

28 41 0.0624747

29 41 0.0616031

30 41 0.0604884

31 41 0.059135

32 41 0.0575481

33 41 0.0557342

34 41 0.0537003

35 41 0.0514545

36 41 0.0490056

37 41 0.0463633

38 41 0.0435381

39 41 0.040541

40 41 0.0373839

41 41 0.0340793

42 41 0.0306401

43 41 0.0270801

44 41 0.0234132

45 41 0.0196539

46 41 0.015817

47 41 0.0119177

48 41 0.00797135

49 41 0.00399356

50 41 0

0 42 0

1 42 0.00359055

2 42 0.00716692

3 42 0.010715

4 42 0.0142208

5 42 0.0176705

6 42 0.0210504

7 42 0.0243473

8 42 0.0275481

9 42 0.0306401

10 42 0.0336113

11 42 0.0364498

12 42 0.0391444

13 42 0.0416846

14 42 0.0440602

15 42 0.046262

16 42 0.0482811

17 42 0.0501098

18 42 0.0517407

19 42 0.0531673

20 42 0.0543842

21 42 0.0553864

22 42 0.0561701

23 42 0.056732

24 42 0.0570701

25 42 0.0571829

26 42 0.0570701

27 42 0.056732

28 42 0.0561701

29 42 0.0553864

30 42 0.0543842

31 42 0.0531673

32 42 0.0517407

33 42 0.0501098

34 42 0.0482811

35 42 0.046262

36 42 0.0440602

37 42 0.0416846

38 42 0.0391444

39 42 0.0364498

40 42 0.0336113

41 42 0.0306401

42 42 0.0275481

43 42 0.0243473

44 42 0.0210504

45 42 0.0176705

46 42 0.0142208

47 42 0.010715

48 42 0.00716692

49 42 0.00359055

50 42 0

0 43 0

1 43 0.00317336

2 43 0.00633421

3 43 0.00947005

4 43 0.0125685

5 43 0.0156174

6 43 0.0186046

7 43 0.0215184

8 43 0.0243473

9 43 0.0270801

10 43 0.029706

11 43 0.0322147

12 43 0.0345963

13 43 0.0368413

14 43 0.0389409

15 43 0.0408868

16 43 0.0426714

17 43 0.0442876

18 43 0.045729

19 43 0.0469899

20 43 0.0480654

21 43 0.0489511

22 43 0.0496437

23 43 0.0501404

24 43 0.0504392

25 43 0.0505389

26 43 0.0504392

27 43 0.0501404

28 43 0.0496437

29 43 0.0489511

30 43 0.0480654

31 43 0.0469899

32 43 0.045729

33 43 0.0442876

34 43 0.0426714

35 43 0.0408868

36 43 0.0389409

37 43 0.0368413

38 43 0.0345963

39 43 0.0322147

40 43 0.029706

41 43 0.0270801

42 43 0.0243473

43 43 0.0215184

44 43 0.0186046

45 43 0.0156174

46 43 0.0125685

47 43 0.00947005

48 43 0.00633421

49 43 0.00317336

50 43 0

0 44 0

1 44 0.00274366

2 44 0.00547649

3 44 0.00818771

4 44 0.0108666

5 44 0.0135026

6 44 0.0160854

7 44 0.0186046

8 44 0.0210504

9 44 0.0234132

10 44 0.0256835

11 44 0.0278525

12 44 0.0299116

13 44 0.0318526

14 44 0.0336679

15 44 0.0353504

16 44 0.0368933

17 44 0.0382906

18 44 0.0395368

19 44 0.040627

20 44 0.0415568

21 44 0.0423227

22 44 0.0429215

23 44 0.0433509

24 44 0.0436092

25 44 0.0436954

26 44 0.0436092

27 44 0.0433509

28 44 0.0429215

29 44 0.0423227

30 44 0.0415568

31 44 0.040627

32 44 0.0395368

33 44 0.0382906

34 44 0.0368933

35 44 0.0353504

36 44 0.0336679

37 44 0.0318526

38 44 0.0299116

39 44 0.0278525

40 44 0.0256835

41 44 0.0234132

42 44 0.0210504

43 44 0.0186046

44 44 0.0160854

45 44 0.0135026

46 44 0.0108666

47 44 0.00818771

48 44 0.00547649

49 44 0.00274366

50 44 0

0 45 0

1 45 0.00230313

2 45 0.00459716

3 45 0.00687306

4 45 0.00912183

5 45 0.0113346

6 45 0.0135026

7 45 0.0156174

8 45 0.0176705

9 45 0.0196539

10 45 0.0215597

11 45 0.0233804

12 45 0.0251089

13 45 0.0267382

14 45 0.0282621

15 45 0.0296744

16 45 0.0309695

17 45 0.0321425

18 45 0.0331886

19 45 0.0341038

20 45 0.0348843

21 45 0.0355272

22 45 0.0360298

23 45 0.0363903

24 45 0.0366071

25 45 0.0366795

26 45 0.0366071

27 45 0.0363903

28 45 0.0360298

29 45 0.0355272

30 45 0.0348843

31 45 0.0341038

32 45 0.0331886

33 45 0.0321425

34 45 0.0309695

35 45 0.0296744

36 45 0.0282621

37 45 0.0267382

38 45 0.0251089

39 45 0.0233804

40 45 0.0215597

41 45 0.0196539

42 45 0.0176705

43 45 0.0156174

44 45 0.0135026

45 45 0.0113346

46 45 0.00912183

47 45 0.00687306

48 45 0.00459716

49 45 0.00230313

50 45 0

0 46 0

1 46 0.0018535

2 46 0.00369969

3 46 0.00553128

4 46 0.00734104

5 46 0.00912183

6 46 0.0108666

7 46 0.0125685

8 46 0.0142208

9 46 0.015817

10 46 0.0173507

11 46 0.018816

12 46 0.020207

13 46 0.0215183

14 46 0.0227447

15 46 0.0238813

16 46 0.0249236

17 46 0.0258676

18 46 0.0267095

19 46 0.0274459

20 46 0.0280741

21 46 0.0285915

22 46 0.028996

23 46 0.0292861

24 46 0.0294606

25 46 0.0295189

26 46 0.0294606

27 46 0.0292861

28 46 0.028996

29 46 0.0285915

30 46 0.0280741

31 46 0.0274459

32 46 0.0267095

33 46 0.0258676

34 46 0.0249236

35 46 0.0238813

36 46 0.0227447

37 46 0.0215183

38 46 0.020207

39 46 0.018816

40 46 0.0173507

41 46 0.015817

42 46 0.0142208

43 46 0.0125685

44 46 0.0108666

45 46 0.00912183

46 46 0.00734104

47 46 0.00553128

48 46 0.00369969

49 46 0.0018535

50 46 0

0 47 0

1 47 0.00139657

2 47 0.00278762

3 47 0.00416768

4 47 0.00553128

5 47 0.00687306

6 47 0.00818771

7 47 0.00947005

8 47 0.010715

9 47 0.0119177

10 47 0.0130733

11 47 0.0141774

12 47 0.0152255

13 47 0.0162135

14 47 0.0171375

15 47 0.0179939

16 47 0.0187793

17 47 0.0194905

18 47 0.0201249

19 47 0.0206798

20 47 0.0211531

21 47 0.0215429

22 47 0.0218477

23 47 0.0220663

24 47 0.0221978

25 47 0.0222417

26 47 0.0221978

27 47 0.0220663

28 47 0.0218477

29 47 0.0215429

30 47 0.0211531

31 47 0.0206798

32 47 0.0201249

33 47 0.0194905

34 47 0.0187793

35 47 0.0179939

36 47 0.0171375

37 47 0.0162135

38 47 0.0152255

39 47 0.0141774

40 47 0.0130733

41 47 0.0119177

42 47 0.010715

43 47 0.00947005

44 47 0.00818771

45 47 0.00687306

46 47 0.00553128

47 47 0.00416768

48 47 0.00278762

49 47 0.00139657

50 47 0

0 48 0

1 48 0.000934118

2 48 0.00186455

3 48 0.00278762

4 48 0.00369969

5 48 0.00459716

6 48 0.00547649

7 48 0.00633421

8 48 0.00716692

9 48 0.00797135

10 48 0.00874432

11 48 0.00948279

12 48 0.0101838

13 48 0.0108447

14 48 0.0114627

15 48 0.0120355

16 48 0.0125608

17 48 0.0130366

18 48 0.0134609

19 48 0.013832

20 48 0.0141486

21 48 0.0144094

22 48 0.0146132

23 48 0.0147594

24 48 0.0148474

25 48 0.0148767

26 48 0.0148474

27 48 0.0147594

28 48 0.0146132

29 48 0.0144094

30 48 0.0141486

31 48 0.013832

32 48 0.0134609

33 48 0.0130366

34 48 0.0125608

35 48 0.0120355

36 48 0.0114627

37 48 0.0108447

38 48 0.0101838

39 48 0.00948279

40 48 0.00874432

41 48 0.00797135

42 48 0.00716692

43 48 0.00633421

44 48 0.00547649

45 48 0.00459716

46 48 0.00369969

47 48 0.00278762

48 48 0.00186455

49 48 0.000934118

50 48 0

0 49 0

1 49 0.000467982

2 49 0.000934118

3 49 0.00139657

4 49 0.0018535

5 49 0.00230313

6 49 0.00274366

7 49 0.00317336

8 49 0.00359055

9 49 0.00399356

10 49 0.00438081

11 49 0.00475077

12 49 0.00510198

13 49 0.00543306

14 49 0.00574269

15 49 0.00602966

16 49 0.00629284

17 49 0.00653118

18 49 0.00674374

