0 1 0

1 1 0.00101432

2 1 0.00202463

3 1 0.00302695

4 1 0.00401733

5 1 0.00499185

6 1 0.00594667

7 1 0.00687802

8 1 0.00778223

9 1 0.00865572

10 1 0.00949506

11 1 0.0102969

12 1 0.0110581

13 1 0.0117757

14 1 0.0124468

15 1 0.0130688

16 1 0.0136392

17 1 0.0141558

18 1 0.0146165

19 1 0.0150196

20 1 0.0153633

21 1 0.0156465

22 1 0.0158678

23 1 0.0160266

24 1 0.0161221

25 1 0.016154

26 1 0.0161221

27 1 0.0160266

28 1 0.0158678

29 1 0.0156465

30 1 0.0153633

31 1 0.0150196

32 1 0.0146165

33 1 0.0141558

34 1 0.0136392

35 1 0.0130688

36 1 0.0124468

37 1 0.0117757

38 1 0.0110581

39 1 0.0102969

40 1 0.00949506

41 1 0.00865572

42 1 0.00778223

43 1 0.00687802

44 1 0.00594667

45 1 0.00499185

46 1 0.00401733

47 1 0.00302695

48 1 0.00202463

49 1 0.00101432

50 1 0

0 2 0

1 2 0.00202463

2 2 0.00404127

3 2 0.00604195

4 2 0.0080188

5 2 0.00996399

6 2 0.0118699

7 2 0.0137289

8 2 0.0155337

9 2 0.0172773

10 2 0.0189526

11 2 0.0205532

12 2 0.0220726

13 2 0.023505

14 2 0.0248446

15 2 0.0260861

16 2 0.0272246

17 2 0.0282558

18 2 0.0291754

19 2 0.0299799

20 2 0.030666

21 2 0.0312312

22 2 0.031673

23 2 0.0319899

24 2 0.0321805

25 2 0.0322442

26 2 0.0321805

27 2 0.0319899

28 2 0.031673

29 2 0.0312312

30 2 0.030666

31 2 0.0299799

32 2 0.0291754

33 2 0.0282558

34 2 0.0272246

35 2 0.0260861

36 2 0.0248446

37 2 0.023505

38 2 0.0220726

39 2 0.0205532

40 2 0.0189526

41 2 0.0172773

42 2 0.0155337

43 2 0.0137289

44 2 0.0118699

45 2 0.00996399

46 2 0.0080188

47 2 0.00604195

48 2 0.00404127

49 2 0.00202463

50 2 0

0 3 0

1 3 0.00302695

2 3 0.00604195

3 3 0.00903311

4 3 0.0119886

5 3 0.0148968

6 3 0.0177462

7 3 0.0205256

8 3 0.023224

9 3 0.0258307

10 3 0.0283354

11 3 0.0307284

12 3 0.033

13 3 0.0351415

14 3 0.0371442

15 3 0.0390004

16 3 0.0407026

17 3 0.0422442

18 3 0.0436191

19 3 0.0448218

20 3 0.0458477

21 3 0.0466926

22 3 0.0473532

23 3 0.047827

24 3 0.048112

25 3 0.0482071

26 3 0.048112

27 3 0.047827

28 3 0.0473532

29 3 0.0466926

30 3 0.0458477

31 3 0.0448218

32 3 0.0436191

33 3 0.0422442

34 3 0.0407026

35 3 0.0390004

36 3 0.0371442

37 3 0.0351415

38 3 0.033

39 3 0.0307284

40 3 0.0283354

41 3 0.0258307

42 3 0.023224

43 3 0.0205256

44 3 0.0177462

45 3 0.0148968

46 3 0.0119886

47 3 0.00903311

48 3 0.00604195

49 3 0.00302695

50 3 0

0 4 0

1 4 0.00401733

2 4 0.0080188

3 4 0.0119886

4 4 0.0159111

5 4 0.0197709

6 4 0.0235525

7 4 0.0272413

8 4 0.0308225

9 4 0.0342821

10 4 0.0376064

11 4 0.0407823

12 4 0.0437972

13 4 0.0466393

14 4 0.0492973

15 4 0.0517608

16 4 0.0540199

17 4 0.0560659

18 4 0.0578907

19 4 0.0594869

20 4 0.0608484

21 4 0.0619698

22 4 0.0628466

23 4 0.0634753

24 4 0.0638536

25 4 0.0639798

26 4 0.0638536

27 4 0.0634753

28 4 0.0628466

29 4 0.0619698

30 4 0.0608484

31 4 0.0594869

32 4 0.0578907

33 4 0.0560659

34 4 0.0540199

35 4 0.0517608

36 4 0.0492973

37 4 0.0466393

38 4 0.0437972

39 4 0.0407823

40 4 0.0376064

41 4 0.0342821

42 4 0.0308225

43 4 0.0272413

44 4 0.0235525

45 4 0.0197709

46 4 0.0159111

47 4 0.0119886

48 4 0.0080188

49 4 0.00401733

50 4 0

0 5 0

1 5 0.00499185

2 5 0.00996399

3 5 0.0148968

4 5 0.0197709

5 5 0.0245669

6 5 0.0292659

7 5 0.0338495

8 5 0.0382994

9 5 0.0425982

10 5 0.0467289

11 5 0.0506752

12 5 0.0544215

13 5 0.057953

14 5 0.0612558

15 5 0.0643169

16 5 0.0671241

17 5 0.0696664

18 5 0.0719338

19 5 0.0739172

20 5 0.075609

21 5 0.0770024

22 5 0.0780919

23 5 0.0788731

24 5 0.0793431

25 5 0.0795

26 5 0.0793431

27 5 0.0788731

28 5 0.0780919

29 5 0.0770024

30 5 0.075609

31 5 0.0739172

32 5 0.0719338

33 5 0.0696664

34 5 0.0671241

35 5 0.0643169

36 5 0.0612558

37 5 0.057953

38 5 0.0544215

39 5 0.0506752

40 5 0.0467289

41 5 0.0425982

42 5 0.0382994

43 5 0.0338495

44 5 0.0292659

45 5 0.0245669

46 5 0.0197709

47 5 0.0148968

48 5 0.00996399

49 5 0.00499185

50 5 0

0 6 0

1 6 0.00594667

2 6 0.0118699

3 6 0.0177462

4 6 0.0235525

5 6 0.0292659

6 6 0.0348638

7 6 0.0403241

8 6 0.0456252

9 6 0.0507463

10 6 0.0556671

11 6 0.0603682

12 6 0.064831

13 6 0.069038

14 6 0.0729726

15 6 0.0766191

16 6 0.0799633

17 6 0.0829919

18 6 0.085693

19 6 0.0880558

20 6 0.0900712

21 6 0.0917311

22 6 0.093029

23 6 0.0939597

24 6 0.0945196

25 6 0.0947065

26 6 0.0945196

27 6 0.0939597

28 6 0.093029

29 6 0.0917311

30 6 0.0900712

31 6 0.0880558

32 6 0.085693

33 6 0.0829919

34 6 0.0799633

35 6 0.0766191

36 6 0.0729726

37 6 0.069038

38 6 0.064831

39 6 0.0603682

40 6 0.0556671

41 6 0.0507463

42 6 0.0456252

43 6 0.0403241

44 6 0.0348638

45 6 0.0292659

46 6 0.0235525

47 6 0.0177462

48 6 0.0118699

49 6 0.00594667

50 6 0

0 7 0

1 7 0.00687802

2 7 0.0137289

3 7 0.0205256

4 7 0.0272413

5 7 0.0338495

6 7 0.0403241

7 7 0.0466395

8 7 0.0527709

9 7 0.058694

10 7 0.0643855

11 7 0.0698229

12 7 0.0749847

13 7 0.0798506

14 7 0.0844014

15 7 0.088619

16 7 0.092487

17 7 0.0959899

18 7 0.099114

19 7 0.101847

20 7 0.104178

21 7 0.106098

22 7 0.107599

23 7 0.108675

24 7 0.109323

25 7 0.109539

26 7 0.109323

27 7 0.108675

28 7 0.107599

29 7 0.106098

30 7 0.104178

31 7 0.101847

32 7 0.099114

33 7 0.0959899

34 7 0.092487

35 7 0.088619

36 7 0.0844014

37 7 0.0798506

38 7 0.0749847

39 7 0.0698229

40 7 0.0643855

41 7 0.058694

42 7 0.0527709

43 7 0.0466395

44 7 0.0403241

45 7 0.0338495

46 7 0.0272413

47 7 0.0205256

48 7 0.0137289

49 7 0.00687802

50 7 0

0 8 0

1 8 0.00778223

2 8 0.0155337

3 8 0.023224

4 8 0.0308225

5 8 0.0382994

6 8 0.0456252

7 8 0.0527709

8 8 0.0597083

9 8 0.0664101

10 8 0.0728498

11 8 0.079002

12 8 0.0848425

13 8 0.090348

14 8 0.0954971

15 8 0.100269

16 8 0.104646

17 8 0.108609

18 8 0.112144

19 8 0.115236

20 8 0.117874

21 8 0.120046

22 8 0.121744

23 8 0.122962

24 8 0.123695

25 8 0.12394

26 8 0.123695

27 8 0.122962

28 8 0.121744

29 8 0.120046

30 8 0.117874

31 8 0.115236

32 8 0.112144

33 8 0.108609

34 8 0.104646

35 8 0.100269

36 8 0.0954971

37 8 0.090348

38 8 0.0848425

39 8 0.079002

40 8 0.0728498

41 8 0.0664101

42 8 0.0597083

43 8 0.0527709

44 8 0.0456252

45 8 0.0382994

46 8 0.0308225

47 8 0.023224

48 8 0.0155337

49 8 0.00778223

50 8 0

0 9 0

1 9 0.00865572

2 9 0.0172773

3 9 0.0258307

4 9 0.0342821

5 9 0.0425982

6 9 0.0507463

7 9 0.058694

8 9 0.0664101

9 9 0.0738642

10 9 0.0810267

11 9 0.0878694

12 9 0.0943654

13 9 0.100489

14 9 0.106216

15 9 0.111524

16 9 0.116391

17 9 0.1208

18 9 0.124731

19 9 0.12817

20 9 0.131104

21 9 0.13352

22 9 0.135409

23 9 0.136764

24 9 0.137579

25 9 0.137851

26 9 0.137579

27 9 0.136764

28 9 0.135409

29 9 0.13352

30 9 0.131104

31 9 0.12817

32 9 0.124731

33 9 0.1208

34 9 0.116391

35 9 0.111524

36 9 0.106216

37 9 0.100489

38 9 0.0943654

39 9 0.0878694

40 9 0.0810267

41 9 0.0738642

42 9 0.0664101

43 9 0.058694

44 9 0.0507463

45 9 0.0425982

46 9 0.0342821

47 9 0.0258307

48 9 0.0172773

49 9 0.00865572

50 9 0

0 10 0

1 10 0.00949506

2 10 0.0189526

3 10 0.0283354

4 10 0.0376064

5 10 0.0467289

6 10 0.0556671

7 10 0.0643855

8 10 0.0728498

9 10 0.0810267

10 10 0.0888837

11 10 0.09639

12 10 0.103516

13 10 0.110233

14 10 0.116515

15 10 0.122338

16 10 0.127678

17 10 0.132513

18 10 0.136826

19 10 0.140599

20 10 0.143817

21 10 0.146467

22 10 0.14854

23 10 0.150026

24 10 0.15092

25 10 0.151218

26 10 0.15092

27 10 0.150026

28 10 0.14854

29 10 0.146467

30 10 0.143817

31 10 0.140599

32 10 0.136826

33 10 0.132513

34 10 0.127678

35 10 0.122338

36 10 0.116515

37 10 0.110233

38 10 0.103516

39 10 0.09639

40 10 0.0888837

41 10 0.0810267

42 10 0.0728498

43 10 0.0643855

44 10 0.0556671

45 10 0.0467289

46 10 0.0376064

47 10 0.0283354

48 10 0.0189526

49 10 0.00949506

50 10 0

0 11 0

1 11 0.0102969

2 11 0.0205532

3 11 0.0307284

4 11 0.0407823

5 11 0.0506752

6 11 0.0603682

7 11 0.0698229

8 11 0.079002

9 11 0.0878694

10 11 0.09639

11 11 0.10453

12 11 0.112258

13 11 0.119542

14 11 0.126355

15 11 0.132669

16 11 0.13846

17 11 0.143704

18 11 0.148381

19 11 0.152473

20 11 0.155962

21 11 0.158836

22 11 0.161084

23 11 0.162695

24 11 0.163665

25 11 0.163988

26 11 0.163665

27 11 0.162695

28 11 0.161084

29 11 0.158836

30 11 0.155962

31 11 0.152473

32 11 0.148381

33 11 0.143704

34 11 0.13846

35 11 0.132669

36 11 0.126355

37 11 0.119542

38 11 0.112258

39 11 0.10453

40 11 0.09639

41 11 0.0878694

42 11 0.079002

43 11 0.0698229

44 11 0.0603682

45 11 0.0506752

46 11 0.0407823

47 11 0.0307284

48 11 0.0205532

49 11 0.0102969

50 11 0

0 12 0

1 12 0.0110581

2 12 0.0220726

3 12 0.033

4 12 0.0437972

5 12 0.0544215

6 12 0.064831

7 12 0.0749847

8 12 0.0848425

9 12 0.0943654

10 12 0.103516

11 12 0.112258

12 12 0.120557

13 12 0.12838

14 12 0.135696

15 12 0.142477

16 12 0.148696

17 12 0.154328

18 12 0.159351

19 12 0.163745

20 12 0.167492

21 12 0.170579

22 12 0.172992

23 12 0.174723

24 12 0.175764

25 12 0.176112

26 12 0.175764

27 12 0.174723

28 12 0.172992

29 12 0.170579

30 12 0.167492

31 12 0.163745

32 12 0.159351

33 12 0.154328

34 12 0.148696

35 12 0.142477

36 12 0.135696

37 12 0.12838

38 12 0.120557

39 12 0.112258

40 12 0.103516

41 12 0.0943654

42 12 0.0848425

43 12 0.0749847

44 12 0.064831

45 12 0.0544215

46 12 0.0437972

47 12 0.033

48 12 0.0220726

49 12 0.0110581

50 12 0

0 13 0

1 13 0.0117757

2 13 0.023505

3 13 0.0351415

4 13 0.0466393

5 13 0.057953

6 13 0.069038

7 13 0.0798506

8 13 0.090348

9 13 0.100489

10 13 0.110233

11 13 0.119542

12 13 0.12838

13 13 0.136711

14 13 0.144502

15 13 0.151723

16 13 0.158345

17 13 0.164342

18 13 0.169691

19 13 0.17437

20 13 0.178361

21 13 0.181648

22 13 0.184218

23 13 0.186061

24 13 0.18717

25 13 0.18754

26 13 0.18717

27 13 0.186061

28 13 0.184218

29 13 0.181648

30 13 0.178361

31 13 0.17437

32 13 0.169691

33 13 0.164342

34 13 0.158345

35 13 0.151723

36 13 0.144502

37 13 0.136711

38 13 0.12838

39 13 0.119542

40 13 0.110233

41 13 0.100489

42 13 0.090348

43 13 0.0798506

44 13 0.069038

45 13 0.057953

46 13 0.0466393

47 13 0.0351415

48 13 0.023505

49 13 0.0117757

50 13 0

0 14 0

1 14 0.0124468

2 14 0.0248446

3 14 0.0371442

4 14 0.0492973

5 14 0.0612558

6 14 0.0729726

7 14 0.0844014

8 14 0.0954971

9 14 0.106216

10 14 0.116515

11 14 0.126355

12 14 0.135696

13 14 0.144502

14 14 0.152737

15 14 0.16037

16 14 0.167369

17 14 0.173709

18 14 0.179362

19 14 0.184308

20 14 0.188526

21 14 0.192

22 14 0.194717

23 14 0.196665

24 14 0.197837

25 14 0.198228

26 14 0.197837

27 14 0.196665

28 14 0.194717

29 14 0.192

30 14 0.188526

31 14 0.184308

32 14 0.179362

33 14 0.173709

34 14 0.167369

35 14 0.16037

36 14 0.152737

37 14 0.144502

38 14 0.135696

39 14 0.126355

40 14 0.116515

41 14 0.106216

42 14 0.0954971

43 14 0.0844014

44 14 0.0729726

45 14 0.0612558

46 14 0.0492973

47 14 0.0371442

48 14 0.0248446

49 14 0.0124468

50 14 0

0 15 0

1 15 0.0130688

2 15 0.0260861

3 15 0.0390004

4 15 0.0517608

5 15 0.0643169

6 15 0.0766191

7 15 0.088619

8 15 0.100269

9 15 0.111524

10 15 0.122338

11 15 0.132669

12 15 0.142477

13 15 0.151723

14 15 0.16037

15 15 0.168384

16 15 0.175733

17 15 0.182389

18 15 0.188325

19 15 0.193518

20 15 0.197947

21 15 0.201595

22 15 0.204447

23 15 0.206493

24 15 0.207723

25 15 0.208134

26 15 0.207723

27 15 0.206493

28 15 0.204447

29 15 0.201595

30 15 0.197947

31 15 0.193518

32 15 0.188325

33 15 0.182389

34 15 0.175733

35 15 0.168384

36 15 0.16037

37 15 0.151723

38 15 0.142477

39 15 0.132669

40 15 0.122338

41 15 0.111524

42 15 0.100269

43 15 0.088619

44 15 0.0766191

45 15 0.0643169

46 15 0.0517608

47 15 0.0390004

48 15 0.0260861

49 15 0.0130688

50 15 0

0 16 0

1 16 0.0136392

2 16 0.0272246

3 16 0.0407026

4 16 0.0540199

5 16 0.0671241

6 16 0.0799633

7 16 0.092487

8 16 0.104646

9 16 0.116391

10 16 0.127678

11 16 0.13846

12 16 0.148696

13 16 0.158345

14 16 0.167369

15 16 0.175733

16 16 0.183403

17 16 0.19035

18 16 0.196545

19 16 0.201964

20 16 0.206587

21 16 0.210394

22 16 0.213371

23 16 0.215505

24 16 0.216789

25 16 0.217218

26 16 0.216789

27 16 0.215505

28 16 0.213371

29 16 0.210394

30 16 0.206587

31 16 0.201964

32 16 0.196545

33 16 0.19035

34 16 0.183403

35 16 0.175733

36 16 0.167369

37 16 0.158345

38 16 0.148696

39 16 0.13846

40 16 0.127678

41 16 0.116391

42 16 0.104646

43 16 0.092487

44 16 0.0799633

45 16 0.0671241

46 16 0.0540199

47 16 0.0407026

48 16 0.0272246

49 16 0.0136392

50 16 0

0 17 0

1 17 0.0141558

2 17 0.0282558

3 17 0.0422442

4 17 0.0560659

5 17 0.0696664

6 17 0.0829919

7 17 0.0959899

8 17 0.108609

9 17 0.1208

10 17 0.132513

11 17 0.143704

12 17 0.154328

13 17 0.164342

14 17 0.173709

15 17 0.182389

16 17 0.19035

17 17 0.197559

18 17 0.203989

19 17 0.209614

20 17 0.214411

21 17 0.218362

22 17 0.221452

23 17 0.223667

24 17 0.225

25 17 0.225445

26 17 0.225

27 17 0.223667

28 17 0.221452

29 17 0.218362

30 17 0.214411

31 17 0.209614

32 17 0.203989

33 17 0.197559

34 17 0.19035

35 17 0.182389

36 17 0.173709

37 17 0.164342

38 17 0.154328

39 17 0.143704

40 17 0.132513

41 17 0.1208

42 17 0.108609

43 17 0.0959899

44 17 0.0829919

45 17 0.0696664

46 17 0.0560659

47 17 0.0422442

48 17 0.0282558

49 17 0.0141558

50 17 0

0 18 0

1 18 0.0146165

2 18 0.0291754

3 18 0.0436191

4 18 0.0578907

5 18 0.0719338

6 18 0.085693

7 18 0.099114

8 18 0.112144

9 18 0.124731

10 18 0.136826

11 18 0.148381

12 18 0.159351

13 18 0.169691

14 18 0.179362

15 18 0.188325

16 18 0.196545

17 18 0.203989

18 18 0.210628

19 18 0.216436

20 18 0.221389

21 18 0.225469

22 18 0.228659

23 18 0.230947

24 18 0.232323

25 18 0.232783

26 18 0.232323

27 18 0.230947

28 18 0.228659

29 18 0.225469

30 18 0.221389

31 18 0.216436

32 18 0.210628

33 18 0.203989

34 18 0.196545

35 18 0.188325

36 18 0.179362

37 18 0.169691

38 18 0.159351

39 18 0.148381

40 18 0.136826

41 18 0.124731

42 18 0.112144

43 18 0.099114

44 18 0.085693

45 18 0.0719338

46 18 0.0578907

47 18 0.0436191

48 18 0.0291754

49 18 0.0146165

50 18 0

0 19 0

1 19 0.0150196

2 19 0.0299799

3 19 0.0448218

4 19 0.0594869

5 19 0.0739172

6 19 0.0880558

7 19 0.101847

8 19 0.115236

9 19 0.12817

10 19 0.140599

11 19 0.152473

12 19 0.163745

13 19 0.17437

14 19 0.184308

15 19 0.193518

16 19 0.201964

17 19 0.209614

18 19 0.216436

19 19 0.222404

20 19 0.227494

21 19 0.231686

22 19 0.234964

23 19 0.237315

24 19 0.238729

25 19 0.239201

26 19 0.238729

27 19 0.237315

28 19 0.234964

29 19 0.231686

30 19 0.227494

31 19 0.222404

32 19 0.216436

33 19 0.209614

34 19 0.201964

35 19 0.193518

36 19 0.184308

37 19 0.17437

38 19 0.163745

39 19 0.152473

40 19 0.140599

41 19 0.12817

42 19 0.115236

43 19 0.101847

44 19 0.0880558

45 19 0.0739172

46 19 0.0594869

47 19 0.0448218

48 19 0.0299799

49 19 0.0150196

50 19 0

0 20 0

1 20 0.0153633

2 20 0.030666

3 20 0.0458477

4 20 0.0608484

5 20 0.075609

6 20 0.0900712

7 20 0.104178

8 20 0.117874

9 20 0.131104

10 20 0.143817

11 20 0.155962

12 20 0.167492

13 20 0.178361

14 20 0.188526

15 20 0.197947

16 20 0.206587

17 20 0.214411

18 20 0.221389

19 20 0.227494

20 20 0.232701

21 20 0.236989

22 20 0.240342

23 20 0.242747

24 20 0.244193

25 20 0.244676

26 20 0.244193

27 20 0.242747

28 20 0.240342

29 20 0.236989

30 20 0.232701

31 20 0.227494

32 20 0.221389

33 20 0.214411

34 20 0.206587

35 20 0.197947

36 20 0.188526

37 20 0.178361

38 20 0.167492

39 20 0.155962

40 20 0.143817

41 20 0.131104

42 20 0.117874

43 20 0.104178

44 20 0.0900712

45 20 0.075609

46 20 0.0608484

47 20 0.0458477

48 20 0.030666

49 20 0.0153633

50 20 0

0 21 0

1 21 0.0156465

2 21 0.0312312

3 21 0.0466926

4 21 0.0619698

5 21 0.0770024

6 21 0.0917311

7 21 0.106098

8 21 0.120046

9 21 0.13352

10 21 0.146467

11 21 0.158836

12 21 0.170579

13 21 0.181648

14 21 0.192

15 21 0.201595

16 21 0.210394

17 21 0.218362

18 21 0.225469

19 21 0.231686

20 21 0.236989

21 21 0.241356

22 21 0.244771

23 21 0.24722

24 21 0.248693

25 21 0.249185

26 21 0.248693

27 21 0.24722

28 21 0.244771

29 21 0.241356

30 21 0.236989

31 21 0.231686

32 21 0.225469

33 21 0.218362

34 21 0.210394

35 21 0.201595

36 21 0.192

37 21 0.181648

38 21 0.170579

39 21 0.158836

40 21 0.146467

41 21 0.13352

42 21 0.120046

43 21 0.106098

44 21 0.0917311

45 21 0.0770024

46 21 0.0619698

47 21 0.0466926

48 21 0.0312312

49 21 0.0156465

50 21 0

0 22 0

1 22 0.0158678

2 22 0.031673

3 22 0.0473532

4 22 0.0628466

5 22 0.0780919

6 22 0.093029

7 22 0.107599

8 22 0.121744

9 22 0.135409

10 22 0.14854

11 22 0.161084

12 22 0.172992

13 22 0.184218

14 22 0.194717

15 22 0.204447

16 22 0.213371

17 22 0.221452

18 22 0.228659

19 22 0.234964

20 22 0.240342

21 22 0.244771

22 22 0.248234

23 22 0.250718

24 22 0.252212

25 22 0.252711

26 22 0.252212

27 22 0.250718

28 22 0.248234

29 22 0.244771

30 22 0.240342

31 22 0.234964

32 22 0.228659

33 22 0.221452

34 22 0.213371

35 22 0.204447

36 22 0.194717

37 22 0.184218

38 22 0.172992

39 22 0.161084

40 22 0.14854

41 22 0.135409

42 22 0.121744

43 22 0.107599

44 22 0.093029

45 22 0.0780919

46 22 0.0628466

47 22 0.0473532

48 22 0.031673

49 22 0.0158678

50 22 0

0 23 0

1 23 0.0160266

2 23 0.0319899

3 23 0.047827

4 23 0.0634753

5 23 0.0788731

6 23 0.0939597

7 23 0.108675

8 23 0.122962

9 23 0.136764

10 23 0.150026

11 23 0.162695

12 23 0.174723

13 23 0.186061

14 23 0.196665

15 23 0.206493

16 23 0.215505

17 23 0.223667

18 23 0.230947

19 23 0.237315

20 23 0.242747

21 23 0.24722

22 23 0.250718

23 23 0.253226

24 23 0.254735

25 23 0.255239

26 23 0.254735

27 23 0.253226

28 23 0.250718

29 23 0.24722

30 23 0.242747

31 23 0.237315

32 23 0.230947

33 23 0.223667

34 23 0.215505

35 23 0.206493

36 23 0.196665

37 23 0.186061

38 23 0.174723

39 23 0.162695

40 23 0.150026

41 23 0.136764

42 23 0.122962

43 23 0.108675

44 23 0.0939597

45 23 0.0788731

46 23 0.0634753

47 23 0.047827

48 23 0.0319899

49 23 0.0160266

50 23 0

0 24 0

1 24 0.0161221

2 24 0.0321805

3 24 0.048112

4 24 0.0638536

5 24 0.0793431

6 24 0.0945196

7 24 0.109323

8 24 0.123695

9 24 0.137579

10 24 0.15092

11 24 0.163665

12 24 0.175764

13 24 0.18717

14 24 0.197837

15 24 0.207723

16 24 0.216789

17 24 0.225

18 24 0.232323

19 24 0.238729

20 24 0.244193

21 24 0.248693

22 24 0.252212

23 24 0.254735

24 24 0.256253

25 24 0.25676

26 24 0.256253

27 24 0.254735

28 24 0.252212

29 24 0.248693

30 24 0.244193

31 24 0.238729

32 24 0.232323

33 24 0.225

34 24 0.216789

35 24 0.207723

36 24 0.197837

37 24 0.18717

38 24 0.175764

39 24 0.163665

40 24 0.15092

41 24 0.137579

42 24 0.123695

43 24 0.109323

44 24 0.0945196

45 24 0.0793431

46 24 0.0638536

47 24 0.048112

48 24 0.0321805

49 24 0.0161221

50 24 0

0 25 0

1 25 0.016154

2 25 0.0322442

3 25 0.0482071

4 25 0.0639798

5 25 0.0795

6 25 0.0947065

7 25 0.109539

8 25 0.12394

9 25 0.137851

10 25 0.151218

11 25 0.163988

12 25 0.176112

13 25 0.18754

14 25 0.198228

15 25 0.208134

16 25 0.217218

17 25 0.225445

18 25 0.232783

19 25 0.239201

20 25 0.244676

21 25 0.249185

22 25 0.252711

23 25 0.255239

24 25 0.25676

25 25 0.257267

26 25 0.25676

27 25 0.255239

28 25 0.252711

29 25 0.249185

30 25 0.244676

31 25 0.239201

32 25 0.232783

33 25 0.225445

34 25 0.217218

35 25 0.208134

36 25 0.198228

37 25 0.18754

38 25 0.176112

39 25 0.163988

40 25 0.151218

41 25 0.137851

42 25 0.12394

43 25 0.109539

44 25 0.0947065

45 25 0.0795

46 25 0.0639798

47 25 0.0482071

48 25 0.0322442

49 25 0.016154

50 25 0

0 26 0

1 26 0.0161221

2 26 0.0321805

3 26 0.048112

4 26 0.0638536

5 26 0.0793431

6 26 0.0945196

7 26 0.109323

8 26 0.123695

9 26 0.137579

10 26 0.15092

11 26 0.163665

12 26 0.175764

13 26 0.18717

14 26 0.197837

15 26 0.207723

16 26 0.216789

17 26 0.225

18 26 0.232323

19 26 0.238729

20 26 0.244193

21 26 0.248693

22 26 0.252212

23 26 0.254735

24 26 0.256253

25 26 0.25676

26 26 0.256253

27 26 0.254735

28 26 0.252212

29 26 0.248693

30 26 0.244193

31 26 0.238729

32 26 0.232323

33 26 0.225

34 26 0.216789

35 26 0.207723

36 26 0.197837

37 26 0.18717

38 26 0.175764

39 26 0.163665

40 26 0.15092

41 26 0.137579

42 26 0.123695

43 26 0.109323

44 26 0.0945196

45 26 0.0793431

46 26 0.0638536

47 26 0.048112

48 26 0.0321805

49 26 0.0161221

50 26 0

0 27 0

1 27 0.0160266

2 27 0.0319899

3 27 0.047827

4 27 0.0634753

5 27 0.0788731

6 27 0.0939597

7 27 0.108675

8 27 0.122962

9 27 0.136764

10 27 0.150026

11 27 0.162695

12 27 0.174723

13 27 0.186061

14 27 0.196665

15 27 0.206493

16 27 0.215505

17 27 0.223667

18 27 0.230947

19 27 0.237315

20 27 0.242747

21 27 0.24722

22 27 0.250718

23 27 0.253226

24 27 0.254735

25 27 0.255239

26 27 0.254735

27 27 0.253226

28 27 0.250718

29 27 0.24722

30 27 0.242747

31 27 0.237315

32 27 0.230947

33 27 0.223667

34 27 0.215505

35 27 0.206493

36 27 0.196665

37 27 0.186061

38 27 0.174723

39 27 0.162695

40 27 0.150026

41 27 0.136764

42 27 0.122962

43 27 0.108675

44 27 0.0939597

45 27 0.0788731

46 27 0.0634753

47 27 0.047827

48 27 0.0319899

49 27 0.0160266

50 27 0

0 28 0

1 28 0.0158678

2 28 0.031673

3 28 0.0473532

4 28 0.0628466

5 28 0.0780919

6 28 0.093029

7 28 0.107599

8 28 0.121744

9 28 0.135409

10 28 0.14854

11 28 0.161084

12 28 0.172992

13 28 0.184218

14 28 0.194717

15 28 0.204447

16 28 0.213371

17 28 0.221452

18 28 0.228659

19 28 0.234964

20 28 0.240342

21 28 0.244771

22 28 0.248234

23 28 0.250718

24 28 0.252212

25 28 0.252711

26 28 0.252212

27 28 0.250718

28 28 0.248234

29 28 0.244771

30 28 0.240342

31 28 0.234964

32 28 0.228659

33 28 0.221452

34 28 0.213371

35 28 0.204447

36 28 0.194717

37 28 0.184218

38 28 0.172992

39 28 0.161084

40 28 0.14854

41 28 0.135409

42 28 0.121744

43 28 0.107599

44 28 0.093029

45 28 0.0780919

46 28 0.0628466

47 28 0.0473532

48 28 0.031673

49 28 0.0158678

50 28 0

0 29 0

1 29 0.0156465

2 29 0.0312312

3 29 0.0466926

4 29 0.0619698

5 29 0.0770024

6 29 0.0917311

7 29 0.106098

8 29 0.120046

9 29 0.13352

10 29 0.146467

11 29 0.158836

12 29 0.170579

13 29 0.181648

14 29 0.192

15 29 0.201595

16 29 0.210394

17 29 0.218362

18 29 0.225469

19 29 0.231686

20 29 0.236989

21 29 0.241356

22 29 0.244771

23 29 0.24722

24 29 0.248693

25 29 0.249185

26 29 0.248693

27 29 0.24722

28 29 0.244771

29 29 0.241356

30 29 0.236989

31 29 0.231686

32 29 0.225469

33 29 0.218362

34 29 0.210394

35 29 0.201595

36 29 0.192

37 29 0.181648

38 29 0.170579

39 29 0.158836

40 29 0.146467

41 29 0.13352

42 29 0.120046

43 29 0.106098

44 29 0.0917311

45 29 0.0770024

46 29 0.0619698

47 29 0.0466926

48 29 0.0312312

49 29 0.0156465

50 29 0

0 30 0

1 30 0.0153633

2 30 0.030666

3 30 0.0458477

4 30 0.0608484

5 30 0.075609

6 30 0.0900712

7 30 0.104178

8 30 0.117874

9 30 0.131104

10 30 0.143817

11 30 0.155962

12 30 0.167492

13 30 0.178361

14 30 0.188526

15 30 0.197947

16 30 0.206587

17 30 0.214411

18 30 0.221389

19 30 0.227494

20 30 0.232701

21 30 0.236989

22 30 0.240342

23 30 0.242747

24 30 0.244193

25 30 0.244676

26 30 0.244193

27 30 0.242747

28 30 0.240342

29 30 0.236989

30 30 0.232701

31 30 0.227494

32 30 0.221389

33 30 0.214411

34 30 0.206587

35 30 0.197947

36 30 0.188526

37 30 0.178361

38 30 0.167492

39 30 0.155962

40 30 0.143817

41 30 0.131104

42 30 0.117874

43 30 0.104178

44 30 0.0900712

45 30 0.075609

46 30 0.0608484

47 30 0.0458477

48 30 0.030666

49 30 0.0153633

50 30 0

0 31 0

1 31 0.0150196

2 31 0.0299799

3 31 0.0448218

4 31 0.0594869

5 31 0.0739172

6 31 0.0880558

7 31 0.101847

8 31 0.115236

9 31 0.12817

10 31 0.140599

11 31 0.152473

12 31 0.163745

13 31 0.17437

14 31 0.184308

15 31 0.193518

16 31 0.201964

17 31 0.209614

18 31 0.216436

19 31 0.222404

20 31 0.227494

21 31 0.231686

22 31 0.234964

23 31 0.237315

24 31 0.238729

25 31 0.239201

26 31 0.238729

27 31 0.237315

28 31 0.234964

29 31 0.231686

30 31 0.227494

31 31 0.222404

32 31 0.216436

33 31 0.209614

34 31 0.201964

35 31 0.193518

36 31 0.184308

37 31 0.17437

38 31 0.163745

39 31 0.152473

40 31 0.140599

41 31 0.12817

42 31 0.115236

43 31 0.101847

44 31 0.0880558

45 31 0.0739172

46 31 0.0594869

47 31 0.0448218

48 31 0.0299799

49 31 0.0150196

50 31 0

0 32 0

1 32 0.0146165

2 32 0.0291754

3 32 0.0436191

4 32 0.0578907

5 32 0.0719338

6 32 0.085693

7 32 0.099114

8 32 0.112144

9 32 0.124731

10 32 0.136826

11 32 0.148381

12 32 0.159351

13 32 0.169691

14 32 0.179362

15 32 0.188325

16 32 0.196545

17 32 0.203989

18 32 0.210628

19 32 0.216436

20 32 0.221389

21 32 0.225469

22 32 0.228659

23 32 0.230947

24 32 0.232323

25 32 0.232783

26 32 0.232323

27 32 0.230947

28 32 0.228659

29 32 0.225469

30 32 0.221389

31 32 0.216436

32 32 0.210628

33 32 0.203989

34 32 0.196545

35 32 0.188325

36 32 0.179362

37 32 0.169691

38 32 0.159351

39 32 0.148381

40 32 0.136826

41 32 0.124731

42 32 0.112144

43 32 0.099114

44 32 0.085693

45 32 0.0719338

46 32 0.0578907

47 32 0.0436191

48 32 0.0291754

49 32 0.0146165

50 32 0

0 33 0

1 33 0.0141558

2 33 0.0282558

3 33 0.0422442

4 33 0.0560659

5 33 0.0696664

6 33 0.0829919

7 33 0.0959899

8 33 0.108609

9 33 0.1208

10 33 0.132513

11 33 0.143704

12 33 0.154328

13 33 0.164342

14 33 0.173709

15 33 0.182389

16 33 0.19035

17 33 0.197559

18 33 0.203989

19 33 0.209614

20 33 0.214411

21 33 0.218362

22 33 0.221452

23 33 0.223667

24 33 0.225

25 33 0.225445

26 33 0.225

27 33 0.223667

28 33 0.221452

29 33 0.218362

30 33 0.214411

31 33 0.209614

32 33 0.203989

33 33 0.197559

34 33 0.19035

35 33 0.182389

36 33 0.173709

37 33 0.164342

38 33 0.154328

39 33 0.143704

40 33 0.132513

41 33 0.1208

42 33 0.108609

43 33 0.0959899

44 33 0.0829919

45 33 0.0696664

46 33 0.0560659

47 33 0.0422442

48 33 0.0282558

49 33 0.0141558

50 33 0

0 34 0

1 34 0.0136392

2 34 0.0272246

3 34 0.0407026

4 34 0.0540199

5 34 0.0671241

6 34 0.0799633

7 34 0.092487

8 34 0.104646

9 34 0.116391

10 34 0.127678

11 34 0.13846

12 34 0.148696

13 34 0.158345

14 34 0.167369

15 34 0.175733

16 34 0.183403

17 34 0.19035

18 34 0.196545

19 34 0.201964

20 34 0.206587

21 34 0.210394

22 34 0.213371

23 34 0.215505

24 34 0.216789

25 34 0.217218

26 34 0.216789

27 34 0.215505

28 34 0.213371

29 34 0.210394

30 34 0.206587

31 34 0.201964

32 34 0.196545

33 34 0.19035

34 34 0.183403

35 34 0.175733

36 34 0.167369

37 34 0.158345

38 34 0.148696

39 34 0.13846

40 34 0.127678

41 34 0.116391

42 34 0.104646

43 34 0.092487

44 34 0.0799633

45 34 0.0671241

46 34 0.0540199

47 34 0.0407026

48 34 0.0272246

49 34 0.0136392

50 34 0

0 35 0

1 35 0.0130688

2 35 0.0260861

3 35 0.0390004

4 35 0.0517608

5 35 0.0643169

6 35 0.0766191

7 35 0.088619

8 35 0.100269

9 35 0.111524

10 35 0.122338

11 35 0.132669

12 35 0.142477

13 35 0.151723

14 35 0.16037

15 35 0.168384

16 35 0.175733

17 35 0.182389

18 35 0.188325

19 35 0.193518

20 35 0.197947

21 35 0.201595

22 35 0.204447

23 35 0.206493

24 35 0.207723

25 35 0.208134

26 35 0.207723

27 35 0.206493

28 35 0.204447

29 35 0.201595

30 35 0.197947

31 35 0.193518

32 35 0.188325

33 35 0.182389

34 35 0.175733

35 35 0.168384

36 35 0.16037

37 35 0.151723

38 35 0.142477

39 35 0.132669

40 35 0.122338

41 35 0.111524

42 35 0.100269

43 35 0.088619

44 35 0.0766191

45 35 0.0643169

46 35 0.0517608

47 35 0.0390004

48 35 0.0260861

49 35 0.0130688

50 35 0

0 36 0

1 36 0.0124468

2 36 0.0248446

3 36 0.0371442

4 36 0.0492973

5 36 0.0612558

6 36 0.0729726

7 36 0.0844014

8 36 0.0954971

9 36 0.106216

10 36 0.116515

11 36 0.126355

12 36 0.135696

13 36 0.144502

14 36 0.152737

15 36 0.16037

16 36 0.167369

17 36 0.173709

18 36 0.179362

19 36 0.184308

20 36 0.188526

21 36 0.192

22 36 0.194717

23 36 0.196665

24 36 0.197837

25 36 0.198228

26 36 0.197837

27 36 0.196665

28 36 0.194717

29 36 0.192

30 36 0.188526

31 36 0.184308

32 36 0.179362

33 36 0.173709

34 36 0.167369

35 36 0.16037

36 36 0.152737

37 36 0.144502

38 36 0.135696

39 36 0.126355

40 36 0.116515

41 36 0.106216

42 36 0.0954971

43 36 0.0844014

44 36 0.0729726

45 36 0.0612558

46 36 0.0492973

47 36 0.0371442

48 36 0.0248446

49 36 0.0124468

50 36 0

0 37 0

1 37 0.0117757

2 37 0.023505

3 37 0.0351415

4 37 0.0466393

5 37 0.057953

6 37 0.069038

7 37 0.0798506

8 37 0.090348

9 37 0.100489

10 37 0.110233

11 37 0.119542

12 37 0.12838

13 37 0.136711

14 37 0.144502

15 37 0.151723

16 37 0.158345

17 37 0.164342

18 37 0.169691

19 37 0.17437

20 37 0.178361

21 37 0.181648

22 37 0.184218

23 37 0.186061

24 37 0.18717

25 37 0.18754

26 37 0.18717

27 37 0.186061

28 37 0.184218

29 37 0.181648

30 37 0.178361

31 37 0.17437

32 37 0.169691

33 37 0.164342

34 37 0.158345

35 37 0.151723

36 37 0.144502

37 37 0.136711

38 37 0.12838

39 37 0.119542

40 37 0.110233

41 37 0.100489

42 37 0.090348

43 37 0.0798506

44 37 0.069038

45 37 0.057953

46 37 0.0466393

47 37 0.0351415

48 37 0.023505

49 37 0.0117757

50 37 0

0 38 0

1 38 0.0110581

2 38 0.0220726

3 38 0.033

4 38 0.0437972

5 38 0.0544215

6 38 0.064831

7 38 0.0749847

8 38 0.0848425

9 38 0.0943654

10 38 0.103516

11 38 0.112258

12 38 0.120557

13 38 0.12838

14 38 0.135696

15 38 0.142477

16 38 0.148696

17 38 0.154328

18 38 0.159351

19 38 0.163745

20 38 0.167492

21 38 0.170579

22 38 0.172992

23 38 0.174723

24 38 0.175764

25 38 0.176112

26 38 0.175764

27 38 0.174723

28 38 0.172992

29 38 0.170579

30 38 0.167492

31 38 0.163745

32 38 0.159351

33 38 0.154328

34 38 0.148696

35 38 0.142477

36 38 0.135696

37 38 0.12838

38 38 0.120557

39 38 0.112258

40 38 0.103516

41 38 0.0943654

42 38 0.0848425

43 38 0.0749847

44 38 0.064831

45 38 0.0544215

46 38 0.0437972

47 38 0.033

48 38 0.0220726

49 38 0.0110581

50 38 0

0 39 0

1 39 0.0102969

2 39 0.0205532

3 39 0.0307284

4 39 0.0407823

5 39 0.0506752

6 39 0.0603682

7 39 0.0698229

8 39 0.079002

9 39 0.0878694

10 39 0.09639

11 39 0.10453

12 39 0.112258

13 39 0.119542

14 39 0.126355

15 39 0.132669

16 39 0.13846

17 39 0.143704

18 39 0.148381

19 39 0.152473

20 39 0.155962

21 39 0.158836

22 39 0.161084

23 39 0.162695

24 39 0.163665

25 39 0.163988

26 39 0.163665

27 39 0.162695

28 39 0.161084

29 39 0.158836

30 39 0.155962

31 39 0.152473

32 39 0.148381

33 39 0.143704

34 39 0.13846

35 39 0.132669

36 39 0.126355

37 39 0.119542

38 39 0.112258

39 39 0.10453

40 39 0.09639

41 39 0.0878694

42 39 0.079002

43 39 0.0698229

44 39 0.0603682

45 39 0.0506752

46 39 0.0407823

47 39 0.0307284

48 39 0.0205532

49 39 0.0102969

50 39 0

0 40 0

1 40 0.00949506

2 40 0.0189526

3 40 0.0283354

4 40 0.0376064

5 40 0.0467289

6 40 0.0556671

7 40 0.0643855

8 40 0.0728498

9 40 0.0810267

10 40 0.0888837

11 40 0.09639

12 40 0.103516

13 40 0.110233

14 40 0.116515

15 40 0.122338

16 40 0.127678

17 40 0.132513

18 40 0.136826

19 40 0.140599

20 40 0.143817

21 40 0.146467

22 40 0.14854

23 40 0.150026

24 40 0.15092

25 40 0.151218

26 40 0.15092

27 40 0.150026

28 40 0.14854

29 40 0.146467

30 40 0.143817

31 40 0.140599

32 40 0.136826

33 40 0.132513

34 40 0.127678

35 40 0.122338

36 40 0.116515

37 40 0.110233

38 40 0.103516

39 40 0.09639

40 40 0.0888837

41 40 0.0810267

42 40 0.0728498

43 40 0.0643855

44 40 0.0556671

45 40 0.0467289

46 40 0.0376064

47 40 0.0283354

48 40 0.0189526

49 40 0.00949506

50 40 0

0 41 0

1 41 0.00865572

2 41 0.0172773

3 41 0.0258307

4 41 0.0342821

5 41 0.0425982

6 41 0.0507463

7 41 0.058694

8 41 0.0664101

9 41 0.0738642

10 41 0.0810267

11 41 0.0878694

12 41 0.0943654

13 41 0.100489

14 41 0.106216

15 41 0.111524

16 41 0.116391

17 41 0.1208

18 41 0.124731

19 41 0.12817

20 41 0.131104

21 41 0.13352

22 41 0.135409

23 41 0.136764

24 41 0.137579

25 41 0.137851

26 41 0.137579

27 41 0.136764

28 41 0.135409

29 41 0.13352

30 41 0.131104

31 41 0.12817

32 41 0.124731

33 41 0.1208

34 41 0.116391

35 41 0.111524

36 41 0.106216

37 41 0.100489

38 41 0.0943654

39 41 0.0878694

40 41 0.0810267

41 41 0.0738642

42 41 0.0664101

43 41 0.058694

44 41 0.0507463

45 41 0.0425982

46 41 0.0342821

47 41 0.0258307

48 41 0.0172773

49 41 0.00865572

50 41 0

0 42 0

1 42 0.00778223

2 42 0.0155337

3 42 0.023224

4 42 0.0308225

5 42 0.0382994

6 42 0.0456252

7 42 0.0527709

8 42 0.0597083

9 42 0.0664101

10 42 0.0728498

11 42 0.079002

12 42 0.0848425

13 42 0.090348

14 42 0.0954971

15 42 0.100269

16 42 0.104646

17 42 0.108609

18 42 0.112144

19 42 0.115236

20 42 0.117874

21 42 0.120046

22 42 0.121744

23 42 0.122962

24 42 0.123695

25 42 0.12394

26 42 0.123695

27 42 0.122962

28 42 0.121744

29 42 0.120046

30 42 0.117874

31 42 0.115236

32 42 0.112144

33 42 0.108609

34 42 0.104646

35 42 0.100269

36 42 0.0954971

37 42 0.090348

38 42 0.0848425

39 42 0.079002

40 42 0.0728498

41 42 0.0664101

42 42 0.0597083

43 42 0.0527709

44 42 0.0456252

45 42 0.0382994

46 42 0.0308225

47 42 0.023224

48 42 0.0155337

49 42 0.00778223

50 42 0

0 43 0

1 43 0.00687802

2 43 0.0137289

3 43 0.0205256

4 43 0.0272413

5 43 0.0338495

6 43 0.0403241

7 43 0.0466395

8 43 0.0527709

9 43 0.058694

10 43 0.0643855

11 43 0.0698229

12 43 0.0749847

13 43 0.0798506

14 43 0.0844014

15 43 0.088619

16 43 0.092487

17 43 0.0959899

18 43 0.099114

19 43 0.101847

20 43 0.104178

21 43 0.106098

22 43 0.107599

23 43 0.108675

24 43 0.109323

25 43 0.109539

26 43 0.109323

27 43 0.108675

28 43 0.107599

29 43 0.106098

30 43 0.104178

31 43 0.101847

32 43 0.099114

33 43 0.0959899

34 43 0.092487

35 43 0.088619

36 43 0.0844014

37 43 0.0798506

38 43 0.0749847

39 43 0.0698229

40 43 0.0643855

41 43 0.058694

42 43 0.0527709

43 43 0.0466395

44 43 0.0403241

45 43 0.0338495

46 43 0.0272413

47 43 0.0205256

48 43 0.0137289

49 43 0.00687802

50 43 0

0 44 0

1 44 0.00594667

2 44 0.0118699

3 44 0.0177462

4 44 0.0235525

5 44 0.0292659

6 44 0.0348638

7 44 0.0403241

8 44 0.0456252

9 44 0.0507463

10 44 0.0556671

11 44 0.0603682

12 44 0.064831

13 44 0.069038

14 44 0.0729726

15 44 0.0766191

16 44 0.0799633

17 44 0.0829919

18 44 0.085693

19 44 0.0880558

20 44 0.0900712

21 44 0.0917311

22 44 0.093029

23 44 0.0939597

24 44 0.0945196

25 44 0.0947065

26 44 0.0945196

27 44 0.0939597

28 44 0.093029

29 44 0.0917311

30 44 0.0900712

31 44 0.0880558

32 44 0.085693

33 44 0.0829919

34 44 0.0799633

35 44 0.0766191

36 44 0.0729726

37 44 0.069038

38 44 0.064831

39 44 0.0603682

40 44 0.0556671

41 44 0.0507463

42 44 0.0456252

43 44 0.0403241

44 44 0.0348638

45 44 0.0292659

46 44 0.0235525

47 44 0.0177462

48 44 0.0118699

49 44 0.00594667

50 44 0

0 45 0

1 45 0.00499185

2 45 0.00996399

3 45 0.0148968

4 45 0.0197709

5 45 0.0245669

6 45 0.0292659

7 45 0.0338495

8 45 0.0382994

9 45 0.0425982

10 45 0.0467289

11 45 0.0506752

12 45 0.0544215

13 45 0.057953

14 45 0.0612558

15 45 0.0643169

16 45 0.0671241

17 45 0.0696664

18 45 0.0719338

19 45 0.0739172

20 45 0.075609

21 45 0.0770024

22 45 0.0780919

23 45 0.0788731

24 45 0.0793431

25 45 0.0795

26 45 0.0793431

27 45 0.0788731

28 45 0.0780919

29 45 0.0770024

30 45 0.075609

31 45 0.0739172

32 45 0.0719338

33 45 0.0696664

34 45 0.0671241

35 45 0.0643169

36 45 0.0612558

37 45 0.057953

38 45 0.0544215

39 45 0.0506752

40 45 0.0467289

41 45 0.0425982

42 45 0.0382994

43 45 0.0338495

44 45 0.0292659

45 45 0.0245669

46 45 0.0197709

47 45 0.0148968

48 45 0.00996399

49 45 0.00499185

50 45 0

0 46 0

1 46 0.00401733

2 46 0.0080188

3 46 0.0119886

4 46 0.0159111

5 46 0.0197709

6 46 0.0235525

7 46 0.0272413

8 46 0.0308225

9 46 0.0342821

10 46 0.0376064

11 46 0.0407823

12 46 0.0437972

13 46 0.0466393

14 46 0.0492973

15 46 0.0517608

16 46 0.0540199

17 46 0.0560659

18 46 0.0578907

19 46 0.0594869

20 46 0.0608484

21 46 0.0619698

22 46 0.0628466

23 46 0.0634753

24 46 0.0638536

25 46 0.0639798

26 46 0.0638536

27 46 0.0634753

28 46 0.0628466

29 46 0.0619698

30 46 0.0608484

31 46 0.0594869

32 46 0.0578907

33 46 0.0560659

34 46 0.0540199

35 46 0.0517608

36 46 0.0492973

37 46 0.0466393

38 46 0.0437972

39 46 0.0407823

40 46 0.0376064

41 46 0.0342821

42 46 0.0308225

43 46 0.0272413

44 46 0.0235525

45 46 0.0197709

46 46 0.0159111

47 46 0.0119886

48 46 0.0080188

49 46 0.00401733

50 46 0

0 47 0

1 47 0.00302695

2 47 0.00604195

3 47 0.00903311

4 47 0.0119886

5 47 0.0148968

6 47 0.0177462

7 47 0.0205256

8 47 0.023224

9 47 0.0258307

10 47 0.0283354

11 47 0.0307284

12 47 0.033

13 47 0.0351415

14 47 0.0371442

15 47 0.0390004

16 47 0.0407026

17 47 0.0422442

18 47 0.0436191

19 47 0.0448218

20 47 0.0458477

21 47 0.0466926

22 47 0.0473532

23 47 0.047827

24 47 0.048112

25 47 0.0482071

26 47 0.048112

27 47 0.047827

28 47 0.0473532

29 47 0.0466926

30 47 0.0458477

31 47 0.0448218

32 47 0.0436191

33 47 0.0422442

34 47 0.0407026

35 47 0.0390004

36 47 0.0371442

37 47 0.0351415

38 47 0.033

39 47 0.0307284

40 47 0.0283354

41 47 0.0258307

42 47 0.023224

43 47 0.0205256

44 47 0.0177462

45 47 0.0148968

46 47 0.0119886

47 47 0.00903311

48 47 0.00604195

49 47 0.00302695

50 47 0

0 48 0

1 48 0.00202463

2 48 0.00404127

3 48 0.00604195

4 48 0.0080188

5 48 0.00996399

6 48 0.0118699

7 48 0.0137289

8 48 0.0155337

9 48 0.0172773

10 48 0.0189526

11 48 0.0205532

12 48 0.0220726

13 48 0.023505

14 48 0.0248446

15 48 0.0260861

16 48 0.0272246

17 48 0.0282558

18 48 0.0291754

19 48 0.0299799

20 48 0.030666

21 48 0.0312312

22 48 0.031673

23 48 0.0319899

24 48 0.0321805

25 48 0.0322442

26 48 0.0321805

27 48 0.0319899

28 48 0.031673

29 48 0.0312312

30 48 0.030666

31 48 0.0299799

32 48 0.0291754

33 48 0.0282558

34 48 0.0272246

35 48 0.0260861

36 48 0.0248446

37 48 0.023505

38 48 0.0220726

39 48 0.0205532

40 48 0.0189526

41 48 0.0172773

42 48 0.0155337

43 48 0.0137289

44 48 0.0118699

45 48 0.00996399

46 48 0.0080188

47 48 0.00604195

48 48 0.00404127

49 48 0.00202463

50 48 0

0 49 0

1 49 0.00101432

2 49 0.00202463

3 49 0.00302695

4 49 0.00401733

5 49 0.00499185

6 49 0.00594667

7 49 0.00687802

8 49 0.00778223

9 49 0.00865572

10 49 0.00949506

11 49 0.0102969

12 49 0.0110581

13 49 0.0117757

14 49 0.0124468

15 49 0.0130688

16 49 0.0136392

17 49 0.0141558

18 49 0.0146165

19 49 0.0150196

20 49 0.0153633

21 49 0.0156465

22 49 0.0158678

23 49 0.0160266

24 49 0.0161221

25 49 0.016154

26 49 0.0161221

27 49 0.0160266

28 49 0.0158678

29 49 0.0156465

30 49 0.0153633

31 49 0.0150196

32 49 0.0146165

33 49 0.0141558

34 49 0.0136392

35 49 0.0130688

36 49 0.0124468

37 49 0.0117757

38 49 0.0110581

39 49 0.0102969

40 49 0.00949506

41 49 0.00865572

42 49 0.00778223

43 49 0.00687802

44 49 0.00594667

45 49 0.00499185

46 49 0.00401733

47 49 0.00302695

48 49 0.00202463

49 49 0.00101432

50 49 0

