0 1 0

1 1 0.000694431

2 1 0.00138612

3 1 0.00207234

4 1 0.00275038

5 1 0.00341757

6 1 0.00407127

7 1 0.0047089

8 1 0.00532795

9 1 0.00592597

10 1 0.00650061

11 1 0.00704959

12 1 0.00757074

13 1 0.00806202

14 1 0.00852148

15 1 0.00894732

16 1 0.00933784

17 1 0.00969151

18 1 0.0100069

19 1 0.0102829

20 1 0.0105182

21 1 0.010712

22 1 0.0108636

23 1 0.0109723

24 1 0.0110377

25 1 0.0110595

26 1 0.0110377

27 1 0.0109723

28 1 0.0108636

29 1 0.010712

30 1 0.0105182

31 1 0.0102829

32 1 0.0100069

33 1 0.00969151

34 1 0.00933784

35 1 0.00894732

36 1 0.00852148

37 1 0.00806202

38 1 0.00757074

39 1 0.00704959

40 1 0.00650061

41 1 0.00592597

42 1 0.00532795

43 1 0.0047089

44 1 0.00407127

45 1 0.00341757

46 1 0.00275038

47 1 0.00207234

48 1 0.00138612

49 1 0.000694431

50 1 0

0 2 0

1 2 0.00138612

2 2 0.00276677

3 2 0.00413651

4 2 0.00548991

5 2 0.00682165

6 2 0.00812647

7 2 0.00939922

8 2 0.0106349

9 2 0.0118286

10 2 0.0129756

11 2 0.0140713

12 2 0.0151116

13 2 0.0160922

14 2 0.0170093

15 2 0.0178593

16 2 0.0186388

17 2 0.0193448

18 2 0.0199744

19 2 0.0205251

20 2 0.0209949

21 2 0.0213818

22 2 0.0216843

23 2 0.0219013

24 2 0.0220318

25 2 0.0220753

26 2 0.0220318

27 2 0.0219013

28 2 0.0216843

29 2 0.0213818

30 2 0.0209949

31 2 0.0205251

32 2 0.0199744

33 2 0.0193448

34 2 0.0186388

35 2 0.0178593

36 2 0.0170093

37 2 0.0160922

38 2 0.0151116

39 2 0.0140713

40 2 0.0129756

41 2 0.0118286

42 2 0.0106349

43 2 0.00939922

44 2 0.00812647

45 2 0.00682165

46 2 0.00548991

47 2 0.00413651

48 2 0.00276677

49 2 0.00138612

50 2 0

0 3 0

1 3 0.00207234

2 3 0.00413651

3 3 0.00618434

4 3 0.00820778

5 3 0.0101988

6 3 0.0121496

7 3 0.0140524

8 3 0.0158998

9 3 0.0176845

10 3 0.0193993

11 3 0.0210376

12 3 0.0225928

13 3 0.0240589

14 3 0.0254301

15 3 0.0267008

16 3 0.0278663

17 3 0.0289217

18 3 0.029863

19 3 0.0306864

20 3 0.0313887

21 3 0.0319672

22 3 0.0324195

23 3 0.0327438

24 3 0.0329389

25 3 0.0330041

26 3 0.0329389

27 3 0.0327438

28 3 0.0324195

29 3 0.0319672

30 3 0.0313887

31 3 0.0306864

32 3 0.029863

33 3 0.0289217

34 3 0.0278663

35 3 0.0267008

36 3 0.0254301

37 3 0.0240589

38 3 0.0225928

39 3 0.0210376

40 3 0.0193993

41 3 0.0176845

42 3 0.0158998

43 3 0.0140524

44 3 0.0121496

45 3 0.0101988

46 3 0.00820778

47 3 0.00618434

48 3 0.00413651

49 3 0.00207234

50 3 0

0 4 0

1 4 0.00275038

2 4 0.00548991

3 4 0.00820778

4 4 0.0108932

5 4 0.0135357

6 4 0.0161248

7 4 0.0186502

8 4 0.021102

9 4 0.0234706

10 4 0.0257465

11 4 0.0279208

12 4 0.0299849

13 4 0.0319307

14 4 0.0337504

15 4 0.035437

16 4 0.0369837

17 4 0.0383845

18 4 0.0396337

19 4 0.0407266

20 4 0.0416587

21 4 0.0424264

22 4 0.0430267

23 4 0.0434571

24 4 0.0437161

25 4 0.0438025

26 4 0.0437161

27 4 0.0434571

28 4 0.0430267

29 4 0.0424264

30 4 0.0416587

31 4 0.0407266

32 4 0.0396337

33 4 0.0383845

34 4 0.0369837

35 4 0.035437

36 4 0.0337504

37 4 0.0319307

38 4 0.0299849

39 4 0.0279208

40 4 0.0257465

41 4 0.0234706

42 4 0.021102

43 4 0.0186502

44 4 0.0161248

45 4 0.0135357

46 4 0.0108932

47 4 0.00820778

48 4 0.00548991

49 4 0.00275038

50 4 0

0 5 0

1 5 0.00341757

2 5 0.00682165

3 5 0.0101988

4 5 0.0135357

5 5 0.0168192

6 5 0.0200363

7 5 0.0231744

8 5 0.026221

9 5 0.0291641

10 5 0.0319921

11 5 0.0346938

12 5 0.0372586

13 5 0.0396764

14 5 0.0419376

15 5 0.0440333

16 5 0.0459552

17 5 0.0476957

18 5 0.049248

19 5 0.050606

20 5 0.0517642

21 5 0.0527182

22 5 0.0534641

23 5 0.053999

24 5 0.0543207

25 5 0.0544281

26 5 0.0543207

27 5 0.053999

28 5 0.0534641

29 5 0.0527182

30 5 0.0517642

31 5 0.050606

32 5 0.049248

33 5 0.0476957

34 5 0.0459552

35 5 0.0440333

36 5 0.0419376

37 5 0.0396764

38 5 0.0372586

39 5 0.0346938

40 5 0.0319921

41 5 0.0291641

42 5 0.026221

43 5 0.0231744

44 5 0.0200363

45 5 0.0168192

46 5 0.0135357

47 5 0.0101988

48 5 0.00682165

49 5 0.00341757

50 5 0

0 6 0

1 6 0.00407127

2 6 0.00812647

3 6 0.0121496

4 6 0.0161248

5 6 0.0200363

6 6 0.0238688

7 6 0.0276071

8 6 0.0312364

9 6 0.0347424

10 6 0.0381114

11 6 0.0413299

12 6 0.0443853

13 6 0.0472656

14 6 0.0499593

15 6 0.0524558

16 6 0.0547453

17 6 0.0568188

18 6 0.058668

19 6 0.0602857

20 6 0.0616655

21 6 0.0628019

22 6 0.0636905

23 6 0.0643277

24 6 0.064711

25 6 0.0648389

26 6 0.064711

27 6 0.0643277

28 6 0.0636905

29 6 0.0628019

30 6 0.0616655

31 6 0.0602857

32 6 0.058668

33 6 0.0568188

34 6 0.0547453

35 6 0.0524558

36 6 0.0499593

37 6 0.0472656

38 6 0.0443853

39 6 0.0413299

40 6 0.0381114

41 6 0.0347424

42 6 0.0312364

43 6 0.0276071

44 6 0.0238688

45 6 0.0200363

46 6 0.0161248

47 6 0.0121496

48 6 0.00812647

49 6 0.00407127

50 6 0

0 7 0

1 7 0.0047089

2 7 0.00939922

3 7 0.0140524

4 7 0.0186502

5 7 0.0231744

6 7 0.0276071

7 7 0.0319308

8 7 0.0361286

9 7 0.0401837

10 7 0.0440803

11 7 0.0478029

12 7 0.0513368

13 7 0.0546682

14 7 0.0577838

15 7 0.0606713

16 7 0.0633194

17 7 0.0657176

18 7 0.0678565

19 7 0.0697275

20 7 0.0713234

21 7 0.0726378

22 7 0.0736655

23 7 0.0744025

24 7 0.0748459

25 7 0.0749938

26 7 0.0748459

27 7 0.0744025

28 7 0.0736655

29 7 0.0726378

30 7 0.0713234

31 7 0.0697275

32 7 0.0678565

33 7 0.0657176

34 7 0.0633194

35 7 0.0606713

36 7 0.0577838

37 7 0.0546682

38 7 0.0513368

39 7 0.0478029

40 7 0.0440803

41 7 0.0401837

42 7 0.0361286

43 7 0.0319308

44 7 0.0276071

45 7 0.0231744

46 7 0.0186502

47 7 0.0140524

48 7 0.00939922

49 7 0.0047089

50 7 0

0 8 0

1 8 0.00532795

2 8 0.0106349

3 8 0.0158998

4 8 0.021102

5 8 0.026221

6 8 0.0312364

7 8 0.0361286

8 8 0.0408781

9 8 0.0454664

10 8 0.0498752

11 8 0.0540872

12 8 0.0580857

13 8 0.061855

14 8 0.0653802

15 8 0.0686474

16 8 0.0716436

17 8 0.0743571

18 8 0.0767771

19 8 0.0788941

20 8 0.0806998

21 8 0.082187

22 8 0.0833498

23 8 0.0841837

24 8 0.0846854

25 8 0.0848528

26 8 0.0846854

27 8 0.0841837

28 8 0.0833498

29 8 0.082187

30 8 0.0806998

31 8 0.0788941

32 8 0.0767771

33 8 0.0743571

34 8 0.0716436

35 8 0.0686474

36 8 0.0653802

37 8 0.061855

38 8 0.0580857

39 8 0.0540872

40 8 0.0498752

41 8 0.0454664

42 8 0.0408781

43 8 0.0361286

44 8 0.0312364

45 8 0.026221

46 8 0.021102

47 8 0.0158998

48 8 0.0106349

49 8 0.00532795

50 8 0

0 9 0

1 9 0.00592597

2 9 0.0118286

3 9 0.0176845

4 9 0.0234706

5 9 0.0291641

6 9 0.0347424

7 9 0.0401837

8 9 0.0454664

9 9 0.0505697

10 9 0.0554733

11 9 0.0601581

12 9 0.0646054

13 9 0.0687978

14 9 0.0727186

15 9 0.0763525

16 9 0.079685

17 9 0.0827031

18 9 0.0853947

19 9 0.0877494

20 9 0.0897577

21 9 0.0914118

22 9 0.0927052

23 9 0.0936327

24 9 0.0941906

25 9 0.0943769

26 9 0.0941906

27 9 0.0936327

28 9 0.0927052

29 9 0.0914118

30 9 0.0897577

31 9 0.0877494

32 9 0.0853947

33 9 0.0827031

34 9 0.079685

35 9 0.0763525

36 9 0.0727186

37 9 0.0687978

38 9 0.0646054

39 9 0.0601581

40 9 0.0554733

41 9 0.0505697

42 9 0.0454664

43 9 0.0401837

44 9 0.0347424

45 9 0.0291641

46 9 0.0234706

47 9 0.0176845

48 9 0.0118286

49 9 0.00592597

50 9 0

0 10 0

1 10 0.00650061

2 10 0.0129756

3 10 0.0193993

4 10 0.0257465

5 10 0.0319921

6 10 0.0381114

7 10 0.0440803

8 10 0.0498752

9 10 0.0554733

10 10 0.0608525

11 10 0.0659915

12 10 0.0708701

13 10 0.075469

14 10 0.0797701

15 10 0.0837563

16 10 0.087412

17 10 0.0907227

18 10 0.0936754

19 10 0.0962583

20 10 0.0984614

21 10 0.100276

22 10 0.101695

23 10 0.102712

24 10 0.103324

25 10 0.103528

26 10 0.103324

27 10 0.102712

28 10 0.101695

29 10 0.100276

30 10 0.0984614

31 10 0.0962583

32 10 0.0936754

33 10 0.0907227

34 10 0.087412

35 10 0.0837563

36 10 0.0797701

37 10 0.075469

38 10 0.0708701

39 10 0.0659915

40 10 0.0608525

41 10 0.0554733

42 10 0.0498752

43 10 0.0440803

44 10 0.0381114

45 10 0.0319921

46 10 0.0257465

47 10 0.0193993

48 10 0.0129756

49 10 0.00650061

50 10 0

0 11 0

1 11 0.00704959

2 11 0.0140713

3 11 0.0210376

4 11 0.0279208

5 11 0.0346938

6 11 0.0413299

7 11 0.0478029

8 11 0.0540872

9 11 0.0601581

10 11 0.0659915

11 11 0.0715645

12 11 0.0768551

13 11 0.0818424

14 11 0.0865067

15 11 0.0908295

16 11 0.094794

17 11 0.0983843

18 11 0.101586

19 11 0.104387

20 11 0.106777

21 11 0.108744

22 11 0.110283

23 11 0.111386

24 11 0.11205

25 11 0.112271

26 11 0.11205

27 11 0.111386

28 11 0.110283

29 11 0.108744

30 11 0.106777

31 11 0.104387

32 11 0.101586

33 11 0.0983843

34 11 0.094794

35 11 0.0908295

36 11 0.0865067

37 11 0.0818424

38 11 0.0768551

39 11 0.0715645

40 11 0.0659915

41 11 0.0601581

42 11 0.0540872

43 11 0.0478029

44 11 0.0413299

45 11 0.0346938

46 11 0.0279208

47 11 0.0210376

48 11 0.0140713

49 11 0.00704959

50 11 0

0 12 0

1 12 0.00757074

2 12 0.0151116

3 12 0.0225928

4 12 0.0299849

5 12 0.0372586

6 12 0.0443853

7 12 0.0513368

8 12 0.0580857

9 12 0.0646054

10 12 0.0708701

11 12 0.0768551

12 12 0.0825368

13 12 0.0878928

14 12 0.0929019

15 12 0.0975443

16 12 0.101802

17 12 0.105658

18 12 0.109096

19 12 0.112104

20 12 0.11467

21 12 0.116783

22 12 0.118436

23 12 0.119621

24 12 0.120334

25 12 0.120571

26 12 0.120334

27 12 0.119621

28 12 0.118436

29 12 0.116783

30 12 0.11467

31 12 0.112104

32 12 0.109096

33 12 0.105658

34 12 0.101802

35 12 0.0975443

36 12 0.0929019

37 12 0.0878928

38 12 0.0825368

39 12 0.0768551

40 12 0.0708701

41 12 0.0646054

42 12 0.0580857

43 12 0.0513368

44 12 0.0443853

45 12 0.0372586

46 12 0.0299849

47 12 0.0225928

48 12 0.0151116

49 12 0.00757074

50 12 0

0 13 0

1 13 0.00806202

2 13 0.0160922

3 13 0.0240589

4 13 0.0319307

5 13 0.0396764

6 13 0.0472656

7 13 0.0546682

8 13 0.061855

9 13 0.0687978

10 13 0.075469

11 13 0.0818424

12 13 0.0878928

13 13 0.0935963

14 13 0.0989305

15 13 0.103874

16 13 0.108408

17 13 0.112514

18 13 0.116176

19 13 0.119379

20 13 0.122111

21 13 0.124362

22 13 0.126121

23 13 0.127383

24 13 0.128142

25 13 0.128396

26 13 0.128142

27 13 0.127383

28 13 0.126121

29 13 0.124362

30 13 0.122111

31 13 0.119379

32 13 0.116176

33 13 0.112514

34 13 0.108408

35 13 0.103874

36 13 0.0989305

37 13 0.0935963

38 13 0.0878928

39 13 0.0818424

40 13 0.075469

41 13 0.0687978

42 13 0.061855

43 13 0.0546682

44 13 0.0472656

45 13 0.0396764

46 13 0.0319307

47 13 0.0240589

48 13 0.0160922

49 13 0.00806202

50 13 0

0 14 0

1 14 0.00852148

2 14 0.0170093

3 14 0.0254301

4 14 0.0337504

5 14 0.0419376

6 14 0.0499593

7 14 0.0577838

8 14 0.0653802

9 14 0.0727186

10 14 0.0797701

11 14 0.0865067

12 14 0.0929019

13 14 0.0989305

14 14 0.104569

15 14 0.109794

16 14 0.114586

17 14 0.118926

18 14 0.122797

19 14 0.126183

20 14 0.129071

21 14 0.131449

22 14 0.133309

23 14 0.134643

24 14 0.135445

25 14 0.135713

26 14 0.135445

27 14 0.134643

28 14 0.133309

29 14 0.131449

30 14 0.129071

31 14 0.126183

32 14 0.122797

33 14 0.118926

34 14 0.114586

35 14 0.109794

36 14 0.104569

37 14 0.0989305

38 14 0.0929019

39 14 0.0865067

40 14 0.0797701

41 14 0.0727186

42 14 0.0653802

43 14 0.0577838

44 14 0.0499593

45 14 0.0419376

46 14 0.0337504

47 14 0.0254301

48 14 0.0170093

49 14 0.00852148

50 14 0

0 15 0

1 15 0.00894732

2 15 0.0178593

3 15 0.0267008

4 15 0.035437

5 15 0.0440333

6 15 0.0524558

7 15 0.0606713

8 15 0.0686474

9 15 0.0763525

10 15 0.0837563

11 15 0.0908295

12 15 0.0975443

13 15 0.103874

14 15 0.109794

15 15 0.115281

16 15 0.120312

17 15 0.124869

18 15 0.128933

19 15 0.132488

20 15 0.135521

21 15 0.138018

22 15 0.139971

23 15 0.141371

24 15 0.142214

25 15 0.142495

26 15 0.142214

27 15 0.141371

28 15 0.139971

29 15 0.138018

30 15 0.135521

31 15 0.132488

32 15 0.128933

33 15 0.124869

34 15 0.120312

35 15 0.115281

36 15 0.109794

37 15 0.103874

38 15 0.0975443

39 15 0.0908295

40 15 0.0837563

41 15 0.0763525

42 15 0.0686474

43 15 0.0606713

44 15 0.0524558

45 15 0.0440333

46 15 0.035437

47 15 0.0267008

48 15 0.0178593

49 15 0.00894732

50 15 0

0 16 0

1 16 0.00933784

2 16 0.0186388

3 16 0.0278663

4 16 0.0369837

5 16 0.0459552

6 16 0.0547453

7 16 0.0633194

8 16 0.0716436

9 16 0.079685

10 16 0.087412

11 16 0.094794

12 16 0.101802

13 16 0.108408

14 16 0.114586

15 16 0.120312

16 16 0.125563

17 16 0.130319

18 16 0.134561

19 16 0.138271

20 16 0.141436

21 16 0.144042

22 16 0.14608

23 16 0.147541

24 16 0.148421

25 16 0.148714

26 16 0.148421

27 16 0.147541

28 16 0.14608

29 16 0.144042

30 16 0.141436

31 16 0.138271

32 16 0.134561

33 16 0.130319

34 16 0.125563

35 16 0.120312

36 16 0.114586

37 16 0.108408

38 16 0.101802

39 16 0.094794

40 16 0.087412

41 16 0.079685

42 16 0.0716436

43 16 0.0633194

44 16 0.0547453

45 16 0.0459552

46 16 0.0369837

47 16 0.0278663

48 16 0.0186388

49 16 0.00933784

50 16 0

0 17 0

1 17 0.00969151

2 17 0.0193448

3 17 0.0289217

4 17 0.0383845

5 17 0.0476957

6 17 0.0568188

7 17 0.0657176

8 17 0.0743571

9 17 0.0827031

10 17 0.0907227

11 17 0.0983843

12 17 0.105658

13 17 0.112514

14 17 0.118926

15 17 0.124869

16 17 0.130319

17 17 0.135255

18 17 0.139657

19 17 0.143508

20 17 0.146792

21 17 0.149498

22 17 0.151613

23 17 0.15313

24 17 0.154042

25 17 0.154347

26 17 0.154042

27 17 0.15313

28 17 0.151613

29 17 0.149498

30 17 0.146792

31 17 0.143508

32 17 0.139657

33 17 0.135255

34 17 0.130319

35 17 0.124869

36 17 0.118926

37 17 0.112514

38 17 0.105658

39 17 0.0983843

40 17 0.0907227

41 17 0.0827031

42 17 0.0743571

43 17 0.0657176

44 17 0.0568188

45 17 0.0476957

46 17 0.0383845

47 17 0.0289217

48 17 0.0193448

49 17 0.00969151

50 17 0

0 18 0

1 18 0.0100069

2 18 0.0199744

3 18 0.029863

4 18 0.0396337

5 18 0.049248

6 18 0.058668

7 18 0.0678565

8 18 0.0767771

9 18 0.0853947

10 18 0.0936754

11 18 0.101586

12 18 0.109096

13 18 0.116176

14 18 0.122797

15 18 0.128933

16 18 0.134561

17 18 0.139657

18 18 0.144202

19 18 0.148179

20 18 0.15157

21 18 0.154363

22 18 0.156547

23 18 0.158113

24 18 0.159056

25 18 0.15937

26 18 0.159056

27 18 0.158113

28 18 0.156547

29 18 0.154363

30 18 0.15157

31 18 0.148179

32 18 0.144202

33 18 0.139657

34 18 0.134561

35 18 0.128933

36 18 0.122797

37 18 0.116176

38 18 0.109096

39 18 0.101586

40 18 0.0936754

41 18 0.0853947

42 18 0.0767771

43 18 0.0678565

44 18 0.058668

45 18 0.049248

46 18 0.0396337

47 18 0.029863

48 18 0.0199744

49 18 0.0100069

50 18 0

0 19 0

1 19 0.0102829

2 19 0.0205251

3 19 0.0306864

4 19 0.0407266

5 19 0.050606

6 19 0.0602857

7 19 0.0697275

8 19 0.0788941

9 19 0.0877494

10 19 0.0962583

11 19 0.104387

12 19 0.112104

13 19 0.119379

14 19 0.126183

15 19 0.132488

16 19 0.138271

17 19 0.143508

18 19 0.148179

19 19 0.152264

20 19 0.155749

21 19 0.158619

22 19 0.160864

23 19 0.162473

24 19 0.163441

25 19 0.163764

26 19 0.163441

27 19 0.162473

28 19 0.160864

29 19 0.158619

30 19 0.155749

31 19 0.152264

32 19 0.148179

33 19 0.143508

34 19 0.138271

35 19 0.132488

36 19 0.126183

37 19 0.119379

38 19 0.112104

39 19 0.104387

40 19 0.0962583

41 19 0.0877494

42 19 0.0788941

43 19 0.0697275

44 19 0.0602857

45 19 0.050606

46 19 0.0407266

47 19 0.0306864

48 19 0.0205251

49 19 0.0102829

50 19 0

0 20 0

1 20 0.0105182

2 20 0.0209949

3 20 0.0313887

4 20 0.0416587

5 20 0.0517642

6 20 0.0616655

7 20 0.0713234

8 20 0.0806998

9 20 0.0897577

10 20 0.0984614

11 20 0.106777

12 20 0.11467

13 20 0.122111

14 20 0.129071

15 20 0.135521

16 20 0.141436

17 20 0.146792

18 20 0.15157

19 20 0.155749

20 20 0.159314

21 20 0.16225

22 20 0.164545

23 20 0.166192

24 20 0.167182

25 20 0.167513

26 20 0.167182

27 20 0.166192

28 20 0.164545

29 20 0.16225

30 20 0.159314

31 20 0.155749

32 20 0.15157

33 20 0.146792

34 20 0.141436

35 20 0.135521

36 20 0.129071

37 20 0.122111

38 20 0.11467

39 20 0.106777

40 20 0.0984614

41 20 0.0897577

42 20 0.0806998

43 20 0.0713234

44 20 0.0616655

45 20 0.0517642

46 20 0.0416587

47 20 0.0313887

48 20 0.0209949

49 20 0.0105182

50 20 0

0 21 0

1 21 0.010712

2 21 0.0213818

3 21 0.0319672

4 21 0.0424264

5 21 0.0527182

6 21 0.0628019

7 21 0.0726378

8 21 0.082187

9 21 0.0914118

10 21 0.100276

11 21 0.108744

12 21 0.116783

13 21 0.124362

14 21 0.131449

15 21 0.138018

16 21 0.144042

17 21 0.149498

18 21 0.154363

19 21 0.158619

20 21 0.16225

21 21 0.16524

22 21 0.167578

23 21 0.169254

24 21 0.170263

25 21 0.1706

26 21 0.170263

27 21 0.169254

28 21 0.167578

29 21 0.16524

30 21 0.16225

31 21 0.158619

32 21 0.154363

33 21 0.149498

34 21 0.144042

35 21 0.138018

36 21 0.131449

37 21 0.124362

38 21 0.116783

39 21 0.108744

40 21 0.100276

41 21 0.0914118

42 21 0.082187

43 21 0.0726378

44 21 0.0628019

45 21 0.0527182

46 21 0.0424264

47 21 0.0319672

48 21 0.0213818

49 21 0.010712

50 21 0

0 22 0

1 22 0.0108636

2 22 0.0216843

3 22 0.0324195

4 22 0.0430267

5 22 0.0534641

6 22 0.0636905

7 22 0.0736655

8 22 0.0833498

9 22 0.0927052

10 22 0.101695

11 22 0.110283

12 22 0.118436

13 22 0.126121

14 22 0.133309

15 22 0.139971

16 22 0.14608

17 22 0.151613

18 22 0.156547

19 22 0.160864

20 22 0.164545

21 22 0.167578

22 22 0.169949

23 22 0.171649

24 22 0.172672

25 22 0.173013

26 22 0.172672

27 22 0.171649

28 22 0.169949

29 22 0.167578

30 22 0.164545

31 22 0.160864

32 22 0.156547

33 22 0.151613

34 22 0.14608

35 22 0.139971

36 22 0.133309

37 22 0.126121

38 22 0.118436

39 22 0.110283

40 22 0.101695

41 22 0.0927052

42 22 0.0833498

43 22 0.0736655

44 22 0.0636905

45 22 0.0534641

46 22 0.0430267

47 22 0.0324195

48 22 0.0216843

49 22 0.0108636

50 22 0

0 23 0

1 23 0.0109723

2 23 0.0219013

3 23 0.0327438

4 23 0.0434571

5 23 0.053999

6 23 0.0643277

7 23 0.0744025

8 23 0.0841837

9 23 0.0936327

10 23 0.102712

11 23 0.111386

12 23 0.119621

13 23 0.127383

14 23 0.134643

15 23 0.141371

16 23 0.147541

17 23 0.15313

18 23 0.158113

19 23 0.162473

20 23 0.166192

21 23 0.169254

22 23 0.171649

23 23 0.173366

24 23 0.174399

25 23 0.174744

26 23 0.174399

27 23 0.173366

28 23 0.171649

29 23 0.169254

30 23 0.166192

31 23 0.162473

32 23 0.158113

33 23 0.15313

34 23 0.147541

35 23 0.141371

36 23 0.134643

37 23 0.127383

38 23 0.119621

39 23 0.111386

40 23 0.102712

41 23 0.0936327

42 23 0.0841837

43 23 0.0744025

44 23 0.0643277

45 23 0.053999

46 23 0.0434571

47 23 0.0327438

48 23 0.0219013

49 23 0.0109723

50 23 0

0 24 0

1 24 0.0110377

2 24 0.0220318

3 24 0.0329389

4 24 0.0437161

5 24 0.0543207

6 24 0.064711

7 24 0.0748459

8 24 0.0846854

9 24 0.0941906

10 24 0.103324

11 24 0.11205

12 24 0.120334

13 24 0.128142

14 24 0.135445

15 24 0.142214

16 24 0.148421

17 24 0.154042

18 24 0.159056

19 24 0.163441

20 24 0.167182

21 24 0.170263

22 24 0.172672

23 24 0.174399

24 24 0.175439

25 24 0.175786

26 24 0.175439

27 24 0.174399

28 24 0.172672

29 24 0.170263

30 24 0.167182

31 24 0.163441

32 24 0.159056

33 24 0.154042

34 24 0.148421

35 24 0.142214

36 24 0.135445

37 24 0.128142

38 24 0.120334

39 24 0.11205

40 24 0.103324

41 24 0.0941906

42 24 0.0846854

43 24 0.0748459

44 24 0.064711

45 24 0.0543207

46 24 0.0437161

47 24 0.0329389

48 24 0.0220318

49 24 0.0110377

50 24 0

0 25 0

1 25 0.0110595

2 25 0.0220753

3 25 0.0330041

4 25 0.0438025

5 25 0.0544281

6 25 0.0648389

7 25 0.0749938

8 25 0.0848528

9 25 0.0943769

10 25 0.103528

11 25 0.112271

12 25 0.120571

13 25 0.128396

14 25 0.135713

15 25 0.142495

16 25 0.148714

17 25 0.154347

18 25 0.15937

19 25 0.163764

20 25 0.167513

21 25 0.1706

22 25 0.173013

23 25 0.174744

24 25 0.175786

25 25 0.176133

26 25 0.175786

27 25 0.174744

28 25 0.173013

29 25 0.1706

30 25 0.167513

31 25 0.163764

32 25 0.15937

33 25 0.154347

34 25 0.148714

35 25 0.142495

36 25 0.135713

37 25 0.128396

38 25 0.120571

39 25 0.112271

40 25 0.103528

41 25 0.0943769

42 25 0.0848528

43 25 0.0749938

44 25 0.0648389

45 25 0.0544281

46 25 0.0438025

47 25 0.0330041

48 25 0.0220753

49 25 0.0110595

50 25 0

0 26 0

1 26 0.0110377

2 26 0.0220318

3 26 0.0329389

4 26 0.0437161

5 26 0.0543207

6 26 0.064711

7 26 0.0748459

8 26 0.0846854

9 26 0.0941906

10 26 0.103324

11 26 0.11205

12 26 0.120334

13 26 0.128142

14 26 0.135445

15 26 0.142214

16 26 0.148421

17 26 0.154042

18 26 0.159056

19 26 0.163441

20 26 0.167182

21 26 0.170263

22 26 0.172672

23 26 0.174399

24 26 0.175439

25 26 0.175786

26 26 0.175439

27 26 0.174399

28 26 0.172672

29 26 0.170263

30 26 0.167182

31 26 0.163441

32 26 0.159056

33 26 0.154042

34 26 0.148421

35 26 0.142214

36 26 0.135445

37 26 0.128142

38 26 0.120334

39 26 0.11205

40 26 0.103324

41 26 0.0941906

42 26 0.0846854

43 26 0.0748459

44 26 0.064711

45 26 0.0543207

46 26 0.0437161

47 26 0.0329389

48 26 0.0220318

49 26 0.0110377

50 26 0

0 27 0

1 27 0.0109723

2 27 0.0219013

3 27 0.0327438

4 27 0.0434571

5 27 0.053999

6 27 0.0643277

7 27 0.0744025

8 27 0.0841837

9 27 0.0936327

10 27 0.102712

11 27 0.111386

12 27 0.119621

13 27 0.127383

14 27 0.134643

15 27 0.141371

16 27 0.147541

17 27 0.15313

18 27 0.158113

19 27 0.162473

20 27 0.166192

21 27 0.169254

22 27 0.171649

23 27 0.173366

24 27 0.174399

25 27 0.174744

26 27 0.174399

27 27 0.173366

28 27 0.171649

29 27 0.169254

30 27 0.166192

31 27 0.162473

32 27 0.158113

33 27 0.15313

34 27 0.147541

35 27 0.141371

36 27 0.134643

37 27 0.127383

38 27 0.119621

39 27 0.111386

40 27 0.102712

41 27 0.0936327

42 27 0.0841837

43 27 0.0744025

44 27 0.0643277

45 27 0.053999

46 27 0.0434571

47 27 0.0327438

48 27 0.0219013

49 27 0.0109723

50 27 0

0 28 0

1 28 0.0108636

2 28 0.0216843

3 28 0.0324195

4 28 0.0430267

5 28 0.0534641

6 28 0.0636905

7 28 0.0736655

8 28 0.0833498

9 28 0.0927052

10 28 0.101695

11 28 0.110283

12 28 0.118436

13 28 0.126121

14 28 0.133309

15 28 0.139971

16 28 0.14608

17 28 0.151613

18 28 0.156547

19 28 0.160864

20 28 0.164545

21 28 0.167578

22 28 0.169949

23 28 0.171649

24 28 0.172672

25 28 0.173013

26 28 0.172672

27 28 0.171649

28 28 0.169949

29 28 0.167578

30 28 0.164545

31 28 0.160864

32 28 0.156547

33 28 0.151613

34 28 0.14608

35 28 0.139971

36 28 0.133309

37 28 0.126121

38 28 0.118436

39 28 0.110283

40 28 0.101695

41 28 0.0927052

42 28 0.0833498

43 28 0.0736655

44 28 0.0636905

45 28 0.0534641

46 28 0.0430267

47 28 0.0324195

48 28 0.0216843

49 28 0.0108636

50 28 0

0 29 0

1 29 0.010712

2 29 0.0213818

3 29 0.0319672

4 29 0.0424264

5 29 0.0527182

6 29 0.0628019

7 29 0.0726378

8 29 0.082187

9 29 0.0914118

10 29 0.100276

11 29 0.108744

12 29 0.116783

13 29 0.124362

14 29 0.131449

15 29 0.138018

16 29 0.144042

17 29 0.149498

18 29 0.154363

19 29 0.158619

20 29 0.16225

21 29 0.16524

22 29 0.167578

23 29 0.169254

24 29 0.170263

25 29 0.1706

26 29 0.170263

27 29 0.169254

28 29 0.167578

29 29 0.16524

30 29 0.16225

31 29 0.158619

32 29 0.154363

33 29 0.149498

34 29 0.144042

35 29 0.138018

36 29 0.131449

37 29 0.124362

38 29 0.116783

39 29 0.108744

40 29 0.100276

41 29 0.0914118

42 29 0.082187

43 29 0.0726378

44 29 0.0628019

45 29 0.0527182

46 29 0.0424264

47 29 0.0319672

48 29 0.0213818

49 29 0.010712

50 29 0

0 30 0

1 30 0.0105182

2 30 0.0209949

3 30 0.0313887

4 30 0.0416587

5 30 0.0517642

6 30 0.0616655

7 30 0.0713234

8 30 0.0806998

9 30 0.0897577

10 30 0.0984614

11 30 0.106777

12 30 0.11467

13 30 0.122111

14 30 0.129071

15 30 0.135521

16 30 0.141436

17 30 0.146792

18 30 0.15157

19 30 0.155749

20 30 0.159314

21 30 0.16225

22 30 0.164545

23 30 0.166192

24 30 0.167182

25 30 0.167513

26 30 0.167182

27 30 0.166192

28 30 0.164545

29 30 0.16225

30 30 0.159314

31 30 0.155749

32 30 0.15157

33 30 0.146792

34 30 0.141436

35 30 0.135521

36 30 0.129071

37 30 0.122111

38 30 0.11467

39 30 0.106777

40 30 0.0984614

41 30 0.0897577

42 30 0.0806998

43 30 0.0713234

44 30 0.0616655

45 30 0.0517642

46 30 0.0416587

47 30 0.0313887

48 30 0.0209949

49 30 0.0105182

50 30 0

0 31 0

1 31 0.0102829

2 31 0.0205251

3 31 0.0306864

4 31 0.0407266

5 31 0.050606

6 31 0.0602857

7 31 0.0697275

8 31 0.0788941

9 31 0.0877494

10 31 0.0962583

11 31 0.104387

12 31 0.112104

13 31 0.119379

14 31 0.126183

15 31 0.132488

16 31 0.138271

17 31 0.143508

18 31 0.148179

19 31 0.152264

20 31 0.155749

21 31 0.158619

22 31 0.160864

23 31 0.162473

24 31 0.163441

25 31 0.163764

26 31 0.163441

27 31 0.162473

28 31 0.160864

29 31 0.158619

30 31 0.155749

31 31 0.152264

32 31 0.148179

33 31 0.143508

34 31 0.138271

35 31 0.132488

36 31 0.126183

37 31 0.119379

38 31 0.112104

39 31 0.104387

40 31 0.0962583

41 31 0.0877494

42 31 0.0788941

43 31 0.0697275

44 31 0.0602857

45 31 0.050606

46 31 0.0407266

47 31 0.0306864

48 31 0.0205251

49 31 0.0102829

50 31 0

0 32 0

1 32 0.0100069

2 32 0.0199744

3 32 0.029863

4 32 0.0396337

5 32 0.049248

6 32 0.058668

7 32 0.0678565

8 32 0.0767771

9 32 0.0853947

10 32 0.0936754

11 32 0.101586

12 32 0.109096

13 32 0.116176

14 32 0.122797

15 32 0.128933

16 32 0.134561

17 32 0.139657

18 32 0.144202

19 32 0.148179

20 32 0.15157

21 32 0.154363

22 32 0.156547

23 32 0.158113

24 32 0.159056

25 32 0.15937

26 32 0.159056

27 32 0.158113

28 32 0.156547

29 32 0.154363

30 32 0.15157

31 32 0.148179

32 32 0.144202

33 32 0.139657

34 32 0.134561

35 32 0.128933

36 32 0.122797

37 32 0.116176

38 32 0.109096

39 32 0.101586

40 32 0.0936754

41 32 0.0853947

42 32 0.0767771

43 32 0.0678565

44 32 0.058668

45 32 0.049248

46 32 0.0396337

47 32 0.029863

48 32 0.0199744

49 32 0.0100069

50 32 0

0 33 0

1 33 0.00969151

2 33 0.0193448

3 33 0.0289217

4 33 0.0383845

5 33 0.0476957

6 33 0.0568188

7 33 0.0657176

8 33 0.0743571

9 33 0.0827031

10 33 0.0907227

11 33 0.0983843

12 33 0.105658

13 33 0.112514

14 33 0.118926

15 33 0.124869

16 33 0.130319

17 33 0.135255

18 33 0.139657

19 33 0.143508

20 33 0.146792

21 33 0.149498

22 33 0.151613

23 33 0.15313

24 33 0.154042

25 33 0.154347

26 33 0.154042

27 33 0.15313

28 33 0.151613

29 33 0.149498

30 33 0.146792

31 33 0.143508

32 33 0.139657

33 33 0.135255

34 33 0.130319

35 33 0.124869

36 33 0.118926

37 33 0.112514

38 33 0.105658

39 33 0.0983843

40 33 0.0907227

41 33 0.0827031

42 33 0.0743571

43 33 0.0657176

44 33 0.0568188

45 33 0.0476957

46 33 0.0383845

47 33 0.0289217

48 33 0.0193448

49 33 0.00969151

50 33 0

0 34 0

1 34 0.00933784

2 34 0.0186388

3 34 0.0278663

4 34 0.0369837

5 34 0.0459552

6 34 0.0547453

7 34 0.0633194

8 34 0.0716436

9 34 0.079685

10 34 0.087412

11 34 0.094794

12 34 0.101802

13 34 0.108408

14 34 0.114586

15 34 0.120312

16 34 0.125563

17 34 0.130319

18 34 0.134561

19 34 0.138271

20 34 0.141436

21 34 0.144042

22 34 0.14608

23 34 0.147541

24 34 0.148421

25 34 0.148714

26 34 0.148421

27 34 0.147541

28 34 0.14608

29 34 0.144042

30 34 0.141436

31 34 0.138271

32 34 0.134561

33 34 0.130319

34 34 0.125563

35 34 0.120312

36 34 0.114586

37 34 0.108408

38 34 0.101802

39 34 0.094794

40 34 0.087412

41 34 0.079685

42 34 0.0716436

43 34 0.0633194

44 34 0.0547453

45 34 0.0459552

46 34 0.0369837

47 34 0.0278663

48 34 0.0186388

49 34 0.00933784

50 34 0

0 35 0

1 35 0.00894732

2 35 0.0178593

3 35 0.0267008

4 35 0.035437

5 35 0.0440333

6 35 0.0524558

7 35 0.0606713

8 35 0.0686474

9 35 0.0763525

10 35 0.0837563

11 35 0.0908295

12 35 0.0975443

13 35 0.103874

14 35 0.109794

15 35 0.115281

16 35 0.120312

17 35 0.124869

18 35 0.128933

19 35 0.132488

20 35 0.135521

21 35 0.138018

22 35 0.139971

23 35 0.141371

24 35 0.142214

25 35 0.142495

26 35 0.142214

27 35 0.141371

28 35 0.139971

29 35 0.138018

30 35 0.135521

31 35 0.132488

32 35 0.128933

33 35 0.124869

34 35 0.120312

35 35 0.115281

36 35 0.109794

37 35 0.103874

38 35 0.0975443

39 35 0.0908295

40 35 0.0837563

41 35 0.0763525

42 35 0.0686474

43 35 0.0606713

44 35 0.0524558

45 35 0.0440333

46 35 0.035437

47 35 0.0267008

48 35 0.0178593

49 35 0.00894732

50 35 0

0 36 0

1 36 0.00852148

2 36 0.0170093

3 36 0.0254301

4 36 0.0337504

5 36 0.0419376

6 36 0.0499593

7 36 0.0577838

8 36 0.0653802

9 36 0.0727186

10 36 0.0797701

11 36 0.0865067

12 36 0.0929019

13 36 0.0989305

14 36 0.104569

15 36 0.109794

16 36 0.114586

17 36 0.118926

18 36 0.122797

19 36 0.126183

20 36 0.129071

21 36 0.131449

22 36 0.133309

23 36 0.134643

24 36 0.135445

25 36 0.135713

26 36 0.135445

27 36 0.134643

28 36 0.133309

29 36 0.131449

30 36 0.129071

31 36 0.126183

32 36 0.122797

33 36 0.118926

34 36 0.114586

35 36 0.109794

36 36 0.104569

37 36 0.0989305

38 36 0.0929019

39 36 0.0865067

40 36 0.0797701

41 36 0.0727186

42 36 0.0653802

43 36 0.0577838

44 36 0.0499593

45 36 0.0419376

46 36 0.0337504

47 36 0.0254301

48 36 0.0170093

49 36 0.00852148

50 36 0

0 37 0

1 37 0.00806202

2 37 0.0160922

3 37 0.0240589

4 37 0.0319307

5 37 0.0396764

6 37 0.0472656

7 37 0.0546682

8 37 0.061855

9 37 0.0687978

10 37 0.075469

11 37 0.0818424

12 37 0.0878928

13 37 0.0935963

14 37 0.0989305

15 37 0.103874

16 37 0.108408

17 37 0.112514

18 37 0.116176

19 37 0.119379

20 37 0.122111

21 37 0.124362

22 37 0.126121

23 37 0.127383

24 37 0.128142

25 37 0.128396

26 37 0.128142

27 37 0.127383

28 37 0.126121

29 37 0.124362

30 37 0.122111

31 37 0.119379

32 37 0.116176

33 37 0.112514

34 37 0.108408

35 37 0.103874

36 37 0.0989305

37 37 0.0935963

38 37 0.0878928

39 37 0.0818424

40 37 0.075469

41 37 0.0687978

42 37 0.061855

43 37 0.0546682

44 37 0.0472656

45 37 0.0396764

46 37 0.0319307

47 37 0.0240589

48 37 0.0160922

49 37 0.00806202

50 37 0

0 38 0

1 38 0.00757074

2 38 0.0151116

3 38 0.0225928

4 38 0.0299849

5 38 0.0372586

6 38 0.0443853

7 38 0.0513368

8 38 0.0580857

9 38 0.0646054

10 38 0.0708701

11 38 0.0768551

12 38 0.0825368

13 38 0.0878928

14 38 0.0929019

15 38 0.0975443

16 38 0.101802

17 38 0.105658

18 38 0.109096

19 38 0.112104

20 38 0.11467

21 38 0.116783

22 38 0.118436

23 38 0.119621

24 38 0.120334

25 38 0.120571

26 38 0.120334

27 38 0.119621

28 38 0.118436

29 38 0.116783

30 38 0.11467

31 38 0.112104

32 38 0.109096

33 38 0.105658

34 38 0.101802

35 38 0.0975443

36 38 0.0929019

37 38 0.0878928

38 38 0.0825368

39 38 0.0768551

40 38 0.0708701

41 38 0.0646054

42 38 0.0580857

43 38 0.0513368

44 38 0.0443853

45 38 0.0372586

46 38 0.0299849

47 38 0.0225928

48 38 0.0151116

49 38 0.00757074

50 38 0

0 39 0

1 39 0.00704959

2 39 0.0140713

3 39 0.0210376

4 39 0.0279208

5 39 0.0346938

6 39 0.0413299

7 39 0.0478029

8 39 0.0540872

9 39 0.0601581

10 39 0.0659915

11 39 0.0715645

12 39 0.0768551

13 39 0.0818424

14 39 0.0865067

15 39 0.0908295

16 39 0.094794

17 39 0.0983843

18 39 0.101586

19 39 0.104387

20 39 0.106777

21 39 0.108744

22 39 0.110283

23 39 0.111386

24 39 0.11205

25 39 0.112271

26 39 0.11205

27 39 0.111386

28 39 0.110283

29 39 0.108744

30 39 0.106777

31 39 0.104387

32 39 0.101586

33 39 0.0983843

34 39 0.094794

35 39 0.0908295

36 39 0.0865067

37 39 0.0818424

38 39 0.0768551

39 39 0.0715645

40 39 0.0659915

41 39 0.0601581

42 39 0.0540872

43 39 0.0478029

44 39 0.0413299

45 39 0.0346938

46 39 0.0279208

47 39 0.0210376

48 39 0.0140713

49 39 0.00704959

50 39 0

0 40 0

1 40 0.00650061

2 40 0.0129756

3 40 0.0193993

4 40 0.0257465

5 40 0.0319921

6 40 0.0381114

7 40 0.0440803

8 40 0.0498752

9 40 0.0554733

10 40 0.0608525

11 40 0.0659915

12 40 0.0708701

13 40 0.075469

14 40 0.0797701

15 40 0.0837563

16 40 0.087412

17 40 0.0907227

18 40 0.0936754

19 40 0.0962583

20 40 0.0984614

21 40 0.100276

22 40 0.101695

23 40 0.102712

24 40 0.103324

25 40 0.103528

26 40 0.103324

27 40 0.102712

28 40 0.101695

29 40 0.100276

30 40 0.0984614

31 40 0.0962583

32 40 0.0936754

33 40 0.0907227

34 40 0.087412

35 40 0.0837563

36 40 0.0797701

37 40 0.075469

38 40 0.0708701

39 40 0.0659915

40 40 0.0608525

41 40 0.0554733

42 40 0.0498752

43 40 0.0440803

44 40 0.0381114

45 40 0.0319921

46 40 0.0257465

47 40 0.0193993

48 40 0.0129756

49 40 0.00650061

50 40 0

0 41 0

1 41 0.00592597

2 41 0.0118286

3 41 0.0176845

4 41 0.0234706

5 41 0.0291641

6 41 0.0347424

7 41 0.0401837

8 41 0.0454664

9 41 0.0505697

10 41 0.0554733

11 41 0.0601581

12 41 0.0646054

13 41 0.0687978

14 41 0.0727186

15 41 0.0763525

16 41 0.079685

17 41 0.0827031

18 41 0.0853947

19 41 0.0877494

20 41 0.0897577

21 41 0.0914118

22 41 0.0927052

23 41 0.0936327

24 41 0.0941906

25 41 0.0943769

26 41 0.0941906

27 41 0.0936327

28 41 0.0927052

29 41 0.0914118

30 41 0.0897577

31 41 0.0877494

32 41 0.0853947

33 41 0.0827031

34 41 0.079685

35 41 0.0763525

36 41 0.0727186

37 41 0.0687978

38 41 0.0646054

39 41 0.0601581

40 41 0.0554733

41 41 0.0505697

42 41 0.0454664

43 41 0.0401837

44 41 0.0347424

45 41 0.0291641

46 41 0.0234706

47 41 0.0176845

48 41 0.0118286

49 41 0.00592597

50 41 0

0 42 0

1 42 0.00532795

2 42 0.0106349

3 42 0.0158998

4 42 0.021102

5 42 0.026221

6 42 0.0312364

7 42 0.0361286

8 42 0.0408781

9 42 0.0454664

10 42 0.0498752

11 42 0.0540872

12 42 0.0580857

13 42 0.061855

14 42 0.0653802

15 42 0.0686474

16 42 0.0716436

17 42 0.0743571

18 42 0.0767771

19 42 0.0788941

20 42 0.0806998

21 42 0.082187

22 42 0.0833498

23 42 0.0841837

24 42 0.0846854

25 42 0.0848528

26 42 0.0846854

27 42 0.0841837

28 42 0.0833498

29 42 0.082187

30 42 0.0806998

31 42 0.0788941

32 42 0.0767771

33 42 0.0743571

34 42 0.0716436

35 42 0.0686474

36 42 0.0653802

37 42 0.061855

38 42 0.0580857

39 42 0.0540872

40 42 0.0498752

41 42 0.0454664

42 42 0.0408781

43 42 0.0361286

44 42 0.0312364

45 42 0.026221

46 42 0.021102

47 42 0.0158998

48 42 0.0106349

49 42 0.00532795

50 42 0

0 43 0

1 43 0.0047089

2 43 0.00939922

3 43 0.0140524

4 43 0.0186502

5 43 0.0231744

6 43 0.0276071

7 43 0.0319308

8 43 0.0361286

9 43 0.0401837

10 43 0.0440803

11 43 0.0478029

12 43 0.0513368

13 43 0.0546682

14 43 0.0577838

15 43 0.0606713

16 43 0.0633194

17 43 0.0657176

18 43 0.0678565

19 43 0.0697275

20 43 0.0713234

21 43 0.0726378

22 43 0.0736655

23 43 0.0744025

24 43 0.0748459

25 43 0.0749938

26 43 0.0748459

27 43 0.0744025

28 43 0.0736655

29 43 0.0726378

30 43 0.0713234

31 43 0.0697275

32 43 0.0678565

33 43 0.0657176

34 43 0.0633194

35 43 0.0606713

36 43 0.0577838

37 43 0.0546682

38 43 0.0513368

39 43 0.0478029

40 43 0.0440803

41 43 0.0401837

42 43 0.0361286

43 43 0.0319308

44 43 0.0276071

45 43 0.0231744

46 43 0.0186502

47 43 0.0140524

48 43 0.00939922

49 43 0.0047089

50 43 0

0 44 0

1 44 0.00407127

2 44 0.00812647

3 44 0.0121496

4 44 0.0161248

5 44 0.0200363

6 44 0.0238688

7 44 0.0276071

8 44 0.0312364

9 44 0.0347424

10 44 0.0381114

11 44 0.0413299

12 44 0.0443853

13 44 0.0472656

14 44 0.0499593

15 44 0.0524558

16 44 0.0547453

17 44 0.0568188

18 44 0.058668

19 44 0.0602857

20 44 0.0616655

21 44 0.0628019

22 44 0.0636905

23 44 0.0643277

24 44 0.064711

25 44 0.0648389

26 44 0.064711

27 44 0.0643277

28 44 0.0636905

29 44 0.0628019

30 44 0.0616655

31 44 0.0602857

32 44 0.058668

33 44 0.0568188

34 44 0.0547453

35 44 0.0524558

36 44 0.0499593

37 44 0.0472656

38 44 0.0443853

39 44 0.0413299

40 44 0.0381114

41 44 0.0347424

42 44 0.0312364

43 44 0.0276071

44 44 0.0238688

45 44 0.0200363

46 44 0.0161248

47 44 0.0121496

48 44 0.00812647

49 44 0.00407127

50 44 0

0 45 0

1 45 0.00341757

2 45 0.00682165

3 45 0.0101988

4 45 0.0135357

5 45 0.0168192

6 45 0.0200363

7 45 0.0231744

8 45 0.026221

9 45 0.0291641

10 45 0.0319921

11 45 0.0346938

12 45 0.0372586

13 45 0.0396764

14 45 0.0419376

15 45 0.0440333

16 45 0.0459552

17 45 0.0476957

18 45 0.049248

19 45 0.050606

20 45 0.0517642

21 45 0.0527182

22 45 0.0534641

23 45 0.053999

24 45 0.0543207

25 45 0.0544281

26 45 0.0543207

27 45 0.053999

28 45 0.0534641

29 45 0.0527182

30 45 0.0517642

31 45 0.050606

32 45 0.049248

33 45 0.0476957

34 45 0.0459552

35 45 0.0440333

36 45 0.0419376

37 45 0.0396764

38 45 0.0372586

39 45 0.0346938

40 45 0.0319921

41 45 0.0291641

42 45 0.026221

43 45 0.0231744

44 45 0.0200363

45 45 0.0168192

46 45 0.0135357

47 45 0.0101988

48 45 0.00682165

49 45 0.00341757

50 45 0

0 46 0

1 46 0.00275038

2 46 0.00548991

3 46 0.00820778

4 46 0.0108932

5 46 0.0135357

6 46 0.0161248

7 46 0.0186502

8 46 0.021102

9 46 0.0234706

10 46 0.0257465

11 46 0.0279208

12 46 0.0299849

13 46 0.0319307

14 46 0.0337504

15 46 0.035437

16 46 0.0369837

17 46 0.0383845

18 46 0.0396337

19 46 0.0407266

20 46 0.0416587

21 46 0.0424264

22 46 0.0430267

23 46 0.0434571

24 46 0.0437161

25 46 0.0438025

26 46 0.0437161

27 46 0.0434571

28 46 0.0430267

29 46 0.0424264

30 46 0.0416587

31 46 0.0407266

32 46 0.0396337

33 46 0.0383845

34 46 0.0369837

35 46 0.035437

36 46 0.0337504

37 46 0.0319307

38 46 0.0299849

39 46 0.0279208

40 46 0.0257465

41 46 0.0234706

42 46 0.021102

43 46 0.0186502

44 46 0.0161248

45 46 0.0135357

46 46 0.0108932

47 46 0.00820778

48 46 0.00548991

49 46 0.00275038

50 46 0

0 47 0

1 47 0.00207234

2 47 0.00413651

3 47 0.00618434

4 47 0.00820778

5 47 0.0101988

6 47 0.0121496

7 47 0.0140524

8 47 0.0158998

9 47 0.0176845

10 47 0.0193993

11 47 0.0210376

12 47 0.0225928

13 47 0.0240589

14 47 0.0254301

15 47 0.0267008

16 47 0.0278663

17 47 0.0289217

18 47 0.029863

19 47 0.0306864

20 47 0.0313887

21 47 0.0319672

22 47 0.0324195

23 47 0.0327438

24 47 0.0329389

25 47 0.0330041

26 47 0.0329389

27 47 0.0327438

28 47 0.0324195

29 47 0.0319672

30 47 0.0313887

31 47 0.0306864

32 47 0.029863

33 47 0.0289217

34 47 0.0278663

35 47 0.0267008

36 47 0.0254301

37 47 0.0240589

38 47 0.0225928

39 47 0.0210376

40 47 0.0193993

41 47 0.0176845

42 47 0.0158998

43 47 0.0140524

44 47 0.0121496

45 47 0.0101988

46 47 0.00820778

47 47 0.00618434

48 47 0.00413651

49 47 0.00207234

50 47 0

0 48 0

1 48 0.00138612

2 48 0.00276677

3 48 0.00413651

4 48 0.00548991

5 48 0.00682165

6 48 0.00812647

7 48 0.00939922

8 48 0.0106349

9 48 0.0118286

10 48 0.0129756

11 48 0.0140713

12 48 0.0151116

13 48 0.0160922

14 48 0.0170093

15 48 0.0178593

16 48 0.0186388

17 48 0.0193448

18 48 0.0199744

19 48 0.0205251

20 48 0.0209949

21 48 0.0213818

22 48 0.0216843

23 48 0.0219013

24 48 0.0220318

25 48 0.0220753

26 48 0.0220318

27 48 0.0219013

28 48 0.0216843

29 48 0.0213818

30 48 0.0209949

31 48 0.0205251

32 48 0.0199744

33 48 0.0193448

34 48 0.0186388

35 48 0.0178593

36 48 0.0170093

37 48 0.0160922

38 48 0.0151116

39 48 0.0140713

40 48 0.0129756

41 48 0.0118286

42 48 0.0106349

43 48 0.00939922

44 48 0.00812647

45 48 0.00682165

46 48 0.00548991

47 48 0.00413651

48 48 0.00276677

49 48 0.00138612

50 48 0

0 49 0

1 49 0.000694431

2 49 0.00138612

3 49 0.00207234

4 49 0.00275038

5 49 0.00341757

6 49 0.00407127

7 49 0.0047089

8 49 0.00532795

9 49 0.00592597

10 49 0.00650061

11 49 0.00704959

12 49 0.00757074

13 49 0.00806202

14 49 0.00852148

15 49 0.00894732

16 49 0.00933784

17 49 0.00969151

18 49 0.0100069

19 49 0.0102829

20 49 0.0105182

21 49 0.010712

22 49 0.0108636

23 49 0.0109723

24 49 0.0110377

25 49 0.0110595

26 49 0.0110377

27 49 0.0109723

28 49 0.0108636

29 49 0.010712

30 49 0.0105182

31 49 0.0102829

32 49 0.0100069

33 49 0.00969151

34 49 0.00933784

35 49 0.00894732

36 49 0.00852148

37 49 0.00806202

38 49 0.00757074

39 49 0.00704959

40 49 0.00650061

41 49 0.00592597

42 49 0.00532795

43 49 0.0047089

44 49 0.00407127

45 49 0.00341757

46 49 0.00275038

47 49 0.00207234

48 49 0.00138612

49 49 0.000694431

50 49 0

