0 1 0

1 1 0.00160323

2 1 0.00320014

3 1 0.00478442

4 1 0.00634981

5 1 0.00789015

6 1 0.00939934

7 1 0.0108714

8 1 0.0123006

9 1 0.0136813

10 1 0.0150079

11 1 0.0162754

12 1 0.0174786

13 1 0.0186128

14 1 0.0196736

15 1 0.0206567

16 1 0.0215583

17 1 0.0223748

18 1 0.023103

19 1 0.02374

20 1 0.0242834

21 1 0.0247309

22 1 0.0250808

23 1 0.0253317

24 1 0.0254827

25 1 0.025533

26 1 0.0254827

27 1 0.0253317

28 1 0.0250808

29 1 0.0247309

30 1 0.0242834

31 1 0.02374

32 1 0.023103

33 1 0.0223748

34 1 0.0215583

35 1 0.0206567

36 1 0.0196736

37 1 0.0186128

38 1 0.0174786

39 1 0.0162754

40 1 0.0150079

41 1 0.0136813

42 1 0.0123006

43 1 0.0108714

44 1 0.00939934

45 1 0.00789015

46 1 0.00634981

47 1 0.00478442

48 1 0.00320014

49 1 0.00160323

50 1 0

0 2 0

1 2 0.00320014

2 2 0.00638765

3 2 0.00954995

4 2 0.0126746

5 2 0.0157492

6 2 0.0187616

7 2 0.0217

8 2 0.0245527

9 2 0.0273086

10 2 0.0299567

11 2 0.0324865

12 2 0.0348882

13 2 0.0371521

14 2 0.0392695

15 2 0.0412318

16 2 0.0430314

17 2 0.0446613

18 2 0.0461148

19 2 0.0473864

20 2 0.0484709

21 2 0.0493642

22 2 0.0500626

23 2 0.0505634

24 2 0.0508648

25 2 0.0509653

26 2 0.0508648

27 2 0.0505634

28 2 0.0500626

29 2 0.0493642

30 2 0.0484709

31 2 0.0473864

32 2 0.0461148

33 2 0.0446613

34 2 0.0430314

35 2 0.0412318

36 2 0.0392695

37 2 0.0371521

38 2 0.0348882

39 2 0.0324865

40 2 0.0299567

41 2 0.0273086

42 2 0.0245527

43 2 0.0217

44 2 0.0187616

45 2 0.0157492

46 2 0.0126746

47 2 0.00954995

48 2 0.00638765

49 2 0.00320014

50 2 0

0 3 0

1 3 0.00478442

2 3 0.00954995

3 3 0.0142778

4 3 0.0189493

5 3 0.023546

6 3 0.0280498

7 3 0.0324429

8 3 0.0367079

9 3 0.0408281

10 3 0.0447872

11 3 0.0485695

12 3 0.0521601

13 3 0.0555448

14 3 0.0587104

15 3 0.0616442

16 3 0.0643348

17 3 0.0667715

18 3 0.0689446

19 3 0.0708457

20 3 0.0724671

21 3 0.0738026

22 3 0.0748468

23 3 0.0755956

24 3 0.0760461

25 3 0.0761965

26 3 0.0760461

27 3 0.0755956

28 3 0.0748468

29 3 0.0738026

30 3 0.0724671

31 3 0.0708457

32 3 0.0689446

33 3 0.0667715

34 3 0.0643348

35 3 0.0616442

36 3 0.0587104

37 3 0.0555448

38 3 0.0521601

39 3 0.0485695

40 3 0.0447872

41 3 0.0408281

42 3 0.0367079

43 3 0.0324429

44 3 0.0280498

45 3 0.023546

46 3 0.0189493

47 3 0.0142778

48 3 0.00954995

49 3 0.00478442

50 3 0

0 4 0

1 4 0.00634981

2 4 0.0126746

3 4 0.0189493

4 4 0.0251492

5 4 0.0312499

6 4 0.0372273

7 4 0.0430577

8 4 0.0487183

9 4 0.0541865

10 4 0.0594409

11 4 0.0644607

12 4 0.0692261

13 4 0.0737183

14 4 0.0779196

15 4 0.0818134

16 4 0.0853843

17 4 0.0886182

18 4 0.0915024

19 4 0.0940254

20 4 0.0961774

21 4 0.0979498

22 4 0.0993357

23 4 0.100329

24 4 0.100927

25 4 0.101127

26 4 0.100927

27 4 0.100329

28 4 0.0993357

29 4 0.0979498

30 4 0.0961774

31 4 0.0940254

32 4 0.0915024

33 4 0.0886182

34 4 0.0853843

35 4 0.0818134

36 4 0.0779196

37 4 0.0737183

38 4 0.0692261

39 4 0.0644607

40 4 0.0594409

41 4 0.0541865

42 4 0.0487183

43 4 0.0430577

44 4 0.0372273

45 4 0.0312499

46 4 0.0251492

47 4 0.0189493

48 4 0.0126746

49 4 0.00634981

50 4 0

0 5 0

1 5 0.00789015

2 5 0.0157492

3 5 0.023546

4 5 0.0312499

5 5 0.0388305

6 5 0.0462579

7 5 0.0535027

8 5 0.0605363

9 5 0.067331

10 5 0.0738601

11 5 0.0800976

12 5 0.086019

13 5 0.0916009

14 5 0.0968213

15 5 0.10166

16 5 0.106097

17 5 0.110115

18 5 0.113699

19 5 0.116834

20 5 0.119508

21 5 0.12171

22 5 0.123432

23 5 0.124667

24 5 0.12541

25 5 0.125658

26 5 0.12541

27 5 0.124667

28 5 0.123432

29 5 0.12171

30 5 0.119508

31 5 0.116834

32 5 0.113699

33 5 0.110115

34 5 0.106097

35 5 0.10166

36 5 0.0968213

37 5 0.0916009

38 5 0.086019

39 5 0.0800976

40 5 0.0738601

41 5 0.067331

42 5 0.0605363

43 5 0.0535027

44 5 0.0462579

45 5 0.0388305

46 5 0.0312499

47 5 0.023546

48 5 0.0157492

49 5 0.00789015

50 5 0

0 6 0

1 6 0.00939934

2 6 0.0187616

3 6 0.0280498

4 6 0.0372273

5 6 0.0462579

6 6 0.0551059

7 6 0.0637365

8 6 0.0721155

9 6 0.0802099

10 6 0.0879877

11 6 0.0954183

12 6 0.102472

13 6 0.109122

14 6 0.115341

15 6 0.121105

16 6 0.126391

17 6 0.131178

18 6 0.135447

19 6 0.139182

20 6 0.142367

21 6 0.144991

22 6 0.147042

23 6 0.148513

24 6 0.149398

25 6 0.149694

26 6 0.149398

27 6 0.148513

28 6 0.147042

29 6 0.144991

30 6 0.142367

31 6 0.139182

32 6 0.135447

33 6 0.131178

34 6 0.126391

35 6 0.121105

36 6 0.115341

37 6 0.109122

38 6 0.102472

39 6 0.0954183

40 6 0.0879877

41 6 0.0802099

42 6 0.0721155

43 6 0.0637365

44 6 0.0551059

45 6 0.0462579

46 6 0.0372273

47 6 0.0280498

48 6 0.0187616

49 6 0.00939934

50 6 0

0 7 0

1 7 0.0108714

2 7 0.0217

3 7 0.0324429

4 7 0.0430577

5 7 0.0535027

6 7 0.0637365

7 7 0.0737187

8 7 0.08341

9 7 0.0927721

10 7 0.101768

11 7 0.110362

12 7 0.118521

13 7 0.126212

14 7 0.133405

15 7 0.140072

16 7 0.146185

17 7 0.151722

18 7 0.15666

19 7 0.16098

20 7 0.164664

21 7 0.167699

22 7 0.170072

23 7 0.171773

24 7 0.172797

25 7 0.173138

26 7 0.172797

27 7 0.171773

28 7 0.170072

29 7 0.167699

30 7 0.164664

31 7 0.16098

32 7 0.15666

33 7 0.151722

34 7 0.146185

35 7 0.140072

36 7 0.133405

37 7 0.126212

38 7 0.118521

39 7 0.110362

40 7 0.101768

41 7 0.0927721

42 7 0.08341

43 7 0.0737187

44 7 0.0637365

45 7 0.0535027

46 7 0.0430577

47 7 0.0324429

48 7 0.0217

49 7 0.0108714

50 7 0

0 8 0

1 8 0.0123006

2 8 0.0245527

3 8 0.0367079

4 8 0.0487183

5 8 0.0605363

6 8 0.0721155

7 8 0.08341

8 8 0.0943754

9 8 0.104968

10 8 0.115147

11 8 0.124871

12 8 0.134103

13 8 0.142805

14 8 0.150943

15 8 0.158486

16 8 0.165404

17 8 0.171668

18 8 0.177255

19 8 0.182143

20 8 0.186312

21 8 0.189745

22 8 0.19243

23 8 0.194355

24 8 0.195513

25 8 0.1959

26 8 0.195513

27 8 0.194355

28 8 0.19243

29 8 0.189745

30 8 0.186312

31 8 0.182143

32 8 0.177255

33 8 0.171668

34 8 0.165404

35 8 0.158486

36 8 0.150943

37 8 0.142805

38 8 0.134103

39 8 0.124871

40 8 0.115147

41 8 0.104968

42 8 0.0943754

43 8 0.08341

44 8 0.0721155

45 8 0.0605363

46 8 0.0487183

47 8 0.0367079

48 8 0.0245527

49 8 0.0123006

50 8 0

0 9 0

1 9 0.0136813

2 9 0.0273086

3 9 0.0408281

4 9 0.0541865

5 9 0.067331

6 9 0.0802099

7 9 0.0927721

8 9 0.104968

9 9 0.11675

10 9 0.128071

11 9 0.138887

12 9 0.149154

13 9 0.158833

14 9 0.167885

15 9 0.176275

16 9 0.183969

17 9 0.190937

18 9 0.197151

19 9 0.202587

20 9 0.207224

21 9 0.211042

22 9 0.214028

23 9 0.21617

24 9 0.217458

25 9 0.217888

26 9 0.217458

27 9 0.21617

28 9 0.214028

29 9 0.211042

30 9 0.207224

31 9 0.202587

32 9 0.197151

33 9 0.190937

34 9 0.183969

35 9 0.176275

36 9 0.167885

37 9 0.158833

38 9 0.149154

39 9 0.138887

40 9 0.128071

41 9 0.11675

42 9 0.104968

43 9 0.0927721

44 9 0.0802099

45 9 0.067331

46 9 0.0541865

47 9 0.0408281

48 9 0.0273086

49 9 0.0136813

50 9 0

0 10 0

1 10 0.0150079

2 10 0.0299567

3 10 0.0447872

4 10 0.0594409

5 10 0.0738601

6 10 0.0879877

7 10 0.101768

8 10 0.115147

9 10 0.128071

10 10 0.14049

11 10 0.152355

12 10 0.163618

13 10 0.174235

14 10 0.184165

15 10 0.193368

16 10 0.201808

17 10 0.209451

18 10 0.216268

19 10 0.222232

20 10 0.227318

21 10 0.231507

22 10 0.234783

23 10 0.237131

24 10 0.238545

25 10 0.239016

26 10 0.238545

27 10 0.237131

28 10 0.234783

29 10 0.231507

30 10 0.227318

31 10 0.222232

32 10 0.216268

33 10 0.209451

34 10 0.201808

35 10 0.193368

36 10 0.184165

37 10 0.174235

38 10 0.163618

39 10 0.152355

40 10 0.14049

41 10 0.128071

42 10 0.115147

43 10 0.101768

44 10 0.0879877

45 10 0.0738601

46 10 0.0594409

47 10 0.0447872

48 10 0.0299567

49 10 0.0150079

50 10 0

0 11 0

1 11 0.0162754

2 11 0.0324865

3 11 0.0485695

4 11 0.0644607

5 11 0.0800976

6 11 0.0954183

7 11 0.110362

8 11 0.124871

9 11 0.138887

10 11 0.152355

11 11 0.165221

12 11 0.177435

13 11 0.18895

14 11 0.199718

15 11 0.209698

16 11 0.218851

17 11 0.22714

18 11 0.234532

19 11 0.240999

20 11 0.246515

21 11 0.251058

22 11 0.25461

23 11 0.257157

24 11 0.25869

25 11 0.259201

26 11 0.25869

27 11 0.257157

28 11 0.25461

29 11 0.251058

30 11 0.246515

31 11 0.240999

32 11 0.234532

33 11 0.22714

34 11 0.218851

35 11 0.209698

36 11 0.199718

37 11 0.18895

38 11 0.177435

39 11 0.165221

40 11 0.152355

41 11 0.138887

42 11 0.124871

43 11 0.110362

44 11 0.0954183

45 11 0.0800976

46 11 0.0644607

47 11 0.0485695

48 11 0.0324865

49 11 0.0162754

50 11 0

0 12 0

1 12 0.0174786

2 12 0.0348882

3 12 0.0521601

4 12 0.0692261

5 12 0.086019

6 12 0.102472

7 12 0.118521

8 12 0.134103

9 12 0.149154

10 12 0.163618

11 12 0.177435

12 12 0.190553

13 12 0.202918

14 12 0.214483

15 12 0.225201

16 12 0.23503

17 12 0.243932

18 12 0.251871

19 12 0.258816

20 12 0.264739

21 12 0.269618

22 12 0.273433

23 12 0.276168

24 12 0.277814

25 12 0.278363

26 12 0.277814

27 12 0.276168

28 12 0.273433

29 12 0.269618

30 12 0.264739

31 12 0.258816

32 12 0.251871

33 12 0.243932

34 12 0.23503

35 12 0.225201

36 12 0.214483

37 12 0.202918

38 12 0.190553

39 12 0.177435

40 12 0.163618

41 12 0.149154

42 12 0.134103

43 12 0.118521

44 12 0.102472

45 12 0.086019

46 12 0.0692261

47 12 0.0521601

48 12 0.0348882

49 12 0.0174786

50 12 0

0 13 0

1 13 0.0186128

2 13 0.0371521

3 13 0.0555448

4 13 0.0737183

5 13 0.0916009

6 13 0.109122

7 13 0.126212

8 13 0.142805

9 13 0.158833

10 13 0.174235

11 13 0.18895

12 13 0.202918

13 13 0.216086

14 13 0.228401

15 13 0.239814

16 13 0.250281

17 13 0.259761

18 13 0.268215

19 13 0.275611

20 13 0.281919

21 13 0.287114

22 13 0.291176

23 13 0.294089

24 13 0.295842

25 13 0.296427

26 13 0.295842

27 13 0.294089

28 13 0.291176

29 13 0.287114

30 13 0.281919

31 13 0.275611

32 13 0.268215

33 13 0.259761

34 13 0.250281

35 13 0.239814

36 13 0.228401

37 13 0.216086

38 13 0.202918

39 13 0.18895

40 13 0.174235

41 13 0.158833

42 13 0.142805

43 13 0.126212

44 13 0.109122

45 13 0.0916009

46 13 0.0737183

47 13 0.0555448

48 13 0.0371521

49 13 0.0186128

50 13 0

0 14 0

1 14 0.0196736

2 14 0.0392695

3 14 0.0587104

4 14 0.0779196

5 14 0.0968213

6 14 0.115341

7 14 0.133405

8 14 0.150943

9 14 0.167885

10 14 0.184165

11 14 0.199718

12 14 0.214483

13 14 0.228401

14 14 0.241418

15 14 0.253482

16 14 0.264545

17 14 0.274565

18 14 0.283501

19 14 0.291318

20 14 0.297985

21 14 0.303477

22 14 0.307771

23 14 0.31085

24 14 0.312702

25 14 0.31332

26 14 0.312702

27 14 0.31085

28 14 0.307771

29 14 0.303477

30 14 0.297985

31 14 0.291318

32 14 0.283501

33 14 0.274565

34 14 0.264545

35 14 0.253482

36 14 0.241418

37 14 0.228401

38 14 0.214483

39 14 0.199718

40 14 0.184165

41 14 0.167885

42 14 0.150943

43 14 0.133405

44 14 0.115341

45 14 0.0968213

46 14 0.0779196

47 14 0.0587104

48 14 0.0392695

49 14 0.0196736

50 14 0

0 15 0

1 15 0.0206567

2 15 0.0412318

3 15 0.0616442

4 15 0.0818134

5 15 0.10166

6 15 0.121105

7 15 0.140072

8 15 0.158486

9 15 0.176275

10 15 0.193368

11 15 0.209698

12 15 0.225201

13 15 0.239814

14 15 0.253482

15 15 0.266148

16 15 0.277765

17 15 0.288285

18 15 0.297668

19 15 0.305876

20 15 0.312876

21 15 0.318642

22 15 0.32315

23 15 0.326383

24 15 0.328328

25 15 0.328978

26 15 0.328328

27 15 0.326383

28 15 0.32315

29 15 0.318642

30 15 0.312876

31 15 0.305876

32 15 0.297668

33 15 0.288285

34 15 0.277765

35 15 0.266148

36 15 0.253482

37 15 0.239814

38 15 0.225201

39 15 0.209698

40 15 0.193368

41 15 0.176275

42 15 0.158486

43 15 0.140072

44 15 0.121105

45 15 0.10166

46 15 0.0818134

47 15 0.0616442

48 15 0.0412318

49 15 0.0206567

50 15 0

0 16 0

1 16 0.0215583

2 16 0.0430314

3 16 0.0643348

4 16 0.0853843

5 16 0.106097

6 16 0.126391

7 16 0.146185

8 16 0.165404

9 16 0.183969

10 16 0.201808

11 16 0.218851

12 16 0.23503

13 16 0.250281

14 16 0.264545

15 16 0.277765

16 16 0.289888

17 16 0.300868

18 16 0.31066

19 16 0.319226

20 16 0.326532

21 16 0.33255

22 16 0.337255

23 16 0.340629

24 16 0.342659

25 16 0.343336

26 16 0.342659

27 16 0.340629

28 16 0.337255

29 16 0.33255

30 16 0.326532

31 16 0.319226

32 16 0.31066

33 16 0.300868

34 16 0.289888

35 16 0.277765

36 16 0.264545

37 16 0.250281

38 16 0.23503

39 16 0.218851

40 16 0.201808

41 16 0.183969

42 16 0.165404

43 16 0.146185

44 16 0.126391

45 16 0.106097

46 16 0.0853843

47 16 0.0643348

48 16 0.0430314

49 16 0.0215583

50 16 0

0 17 0

1 17 0.0223748

2 17 0.0446613

3 17 0.0667715

4 17 0.0886182

5 17 0.110115

6 17 0.131178

7 17 0.151722

8 17 0.171668

9 17 0.190937

10 17 0.209451

11 17 0.22714

12 17 0.243932

13 17 0.259761

14 17 0.274565

15 17 0.288285

16 17 0.300868

17 17 0.312263

18 17 0.322426

19 17 0.331317

20 17 0.3389

21 17 0.345145

22 17 0.350028

23 17 0.35353

24 17 0.355637

25 17 0.35634

26 17 0.355637

27 17 0.35353

28 17 0.350028

29 17 0.345145

30 17 0.3389

31 17 0.331317

32 17 0.322426

33 17 0.312263

34 17 0.300868

35 17 0.288285

36 17 0.274565

37 17 0.259761

38 17 0.243932

39 17 0.22714

40 17 0.209451

41 17 0.190937

42 17 0.171668

43 17 0.151722

44 17 0.131178

45 17 0.110115

46 17 0.0886182

47 17 0.0667715

48 17 0.0446613

49 17 0.0223748

50 17 0

0 18 0

1 18 0.023103

2 18 0.0461148

3 18 0.0689446

4 18 0.0915024

5 18 0.113699

6 18 0.135447

7 18 0.15666

8 18 0.177255

9 18 0.197151

10 18 0.216268

11 18 0.234532

12 18 0.251871

13 18 0.268215

14 18 0.283501

15 18 0.297668

16 18 0.31066

17 18 0.322426

18 18 0.33292

19 18 0.3421

20 18 0.349929

21 18 0.356378

22 18 0.36142

23 18 0.365036

24 18 0.367212

25 18 0.367938

26 18 0.367212

27 18 0.365036

28 18 0.36142

29 18 0.356378

30 18 0.349929

31 18 0.3421

32 18 0.33292

33 18 0.322426

34 18 0.31066

35 18 0.297668

36 18 0.283501

37 18 0.268215

38 18 0.251871

39 18 0.234532

40 18 0.216268

41 18 0.197151

42 18 0.177255

43 18 0.15666

44 18 0.135447

45 18 0.113699

46 18 0.0915024

47 18 0.0689446

48 18 0.0461148

49 18 0.023103

50 18 0

0 19 0

1 19 0.02374

2 19 0.0473864

3 19 0.0708457

4 19 0.0940254

5 19 0.116834

6 19 0.139182

7 19 0.16098

8 19 0.182143

9 19 0.202587

10 19 0.222232

11 19 0.240999

12 19 0.258816

13 19 0.275611

14 19 0.291318

15 19 0.305876

16 19 0.319226

17 19 0.331317

18 19 0.3421

19 19 0.351533

20 19 0.359578

21 19 0.366205

22 19 0.371386

23 19 0.375102

24 19 0.377337

25 19 0.378083

26 19 0.377337

27 19 0.375102

28 19 0.371386

29 19 0.366205

30 19 0.359578

31 19 0.351533

32 19 0.3421

33 19 0.331317

34 19 0.319226

35 19 0.305876

36 19 0.291318

37 19 0.275611

38 19 0.258816

39 19 0.240999

40 19 0.222232

41 19 0.202587

42 19 0.182143

43 19 0.16098

44 19 0.139182

45 19 0.116834

46 19 0.0940254

47 19 0.0708457

48 19 0.0473864

49 19 0.02374

50 19 0

0 20 0

1 20 0.0242834

2 20 0.0484709

3 20 0.0724671

4 20 0.0961774

5 20 0.119508

6 20 0.142367

7 20 0.164664

8 20 0.186312

9 20 0.207224

10 20 0.227318

11 20 0.246515

12 20 0.264739

13 20 0.281919

14 20 0.297985

15 20 0.312876

16 20 0.326532

17 20 0.3389

18 20 0.349929

19 20 0.359578

20 20 0.367808

21 20 0.374586

22 20 0.379886

23 20 0.383687

24 20 0.385973

25 20 0.386736

26 20 0.385973

27 20 0.383687

28 20 0.379886

29 20 0.374586

30 20 0.367808

31 20 0.359578

32 20 0.349929

33 20 0.3389

34 20 0.326532

35 20 0.312876

36 20 0.297985

37 20 0.281919

38 20 0.264739

39 20 0.246515

40 20 0.227318

41 20 0.207224

42 20 0.186312

43 20 0.164664

44 20 0.142367

45 20 0.119508

46 20 0.0961774

47 20 0.0724671

48 20 0.0484709

49 20 0.0242834

50 20 0

0 21 0

1 21 0.0247309

2 21 0.0493642

3 21 0.0738026

4 21 0.0979498

5 21 0.12171

6 21 0.144991

7 21 0.167699

8 21 0.189745

9 21 0.211042

10 21 0.231507

11 21 0.251058

12 21 0.269618

13 21 0.287114

14 21 0.303477

15 21 0.318642

16 21 0.33255

17 21 0.345145

18 21 0.356378

19 21 0.366205

20 21 0.374586

21 21 0.381489

22 21 0.386887

23 21 0.390758

24 21 0.393086

25 21 0.393863

26 21 0.393086

27 21 0.390758

28 21 0.386887

29 21 0.381489

30 21 0.374586

31 21 0.366205

32 21 0.356378

33 21 0.345145

34 21 0.33255

35 21 0.318642

36 21 0.303477

37 21 0.287114

38 21 0.269618

39 21 0.251058

40 21 0.231507

41 21 0.211042

42 21 0.189745

43 21 0.167699

44 21 0.144991

45 21 0.12171

46 21 0.0979498

47 21 0.0738026

48 21 0.0493642

49 21 0.0247309

50 21 0

0 22 0

1 22 0.0250808

2 22 0.0500626

3 22 0.0748468

4 22 0.0993357

5 22 0.123432

6 22 0.147042

7 22 0.170072

8 22 0.19243

9 22 0.214028

10 22 0.234783

11 22 0.25461

12 22 0.273433

13 22 0.291176

14 22 0.307771

15 22 0.32315

16 22 0.337255

17 22 0.350028

18 22 0.36142

19 22 0.371386

20 22 0.379886

21 22 0.386887

22 22 0.392361

23 22 0.396286

24 22 0.398648

25 22 0.399436

26 22 0.398648

27 22 0.396286

28 22 0.392361

29 22 0.386887

30 22 0.379886

31 22 0.371386

32 22 0.36142

33 22 0.350028

34 22 0.337255

35 22 0.32315

36 22 0.307771

37 22 0.291176

38 22 0.273433

39 22 0.25461

40 22 0.234783

41 22 0.214028

42 22 0.19243

43 22 0.170072

44 22 0.147042

45 22 0.123432

46 22 0.0993357

47 22 0.0748468

48 22 0.0500626

49 22 0.0250808

50 22 0

0 23 0

1 23 0.0253317

2 23 0.0505634

3 23 0.0755956

4 23 0.100329

5 23 0.124667

6 23 0.148513

7 23 0.171773

8 23 0.194355

9 23 0.21617

10 23 0.237131

11 23 0.257157

12 23 0.276168

13 23 0.294089

14 23 0.31085

15 23 0.326383

16 23 0.340629

17 23 0.35353

18 23 0.365036

19 23 0.375102

20 23 0.383687

21 23 0.390758

22 23 0.396286

23 23 0.400251

24 23 0.402636

25 23 0.403432

26 23 0.402636

27 23 0.400251

28 23 0.396286

29 23 0.390758

30 23 0.383687

31 23 0.375102

32 23 0.365036

33 23 0.35353

34 23 0.340629

35 23 0.326383

36 23 0.31085

37 23 0.294089

38 23 0.276168

39 23 0.257157

40 23 0.237131

41 23 0.21617

42 23 0.194355

43 23 0.171773

44 23 0.148513

45 23 0.124667

46 23 0.100329

47 23 0.0755956

48 23 0.0505634

49 23 0.0253317

50 23 0

0 24 0

1 24 0.0254827

2 24 0.0508648

3 24 0.0760461

4 24 0.100927

5 24 0.12541

6 24 0.149398

7 24 0.172797

8 24 0.195513

9 24 0.217458

10 24 0.238545

11 24 0.25869

12 24 0.277814

13 24 0.295842

14 24 0.312702

15 24 0.328328

16 24 0.342659

17 24 0.355637

18 24 0.367212

19 24 0.377337

20 24 0.385973

21 24 0.393086

22 24 0.398648

23 24 0.402636

24 24 0.405035

25 24 0.405836

26 24 0.405035

27 24 0.402636

28 24 0.398648

29 24 0.393086

30 24 0.385973

31 24 0.377337

32 24 0.367212

33 24 0.355637

34 24 0.342659

35 24 0.328328

36 24 0.312702

37 24 0.295842

38 24 0.277814

39 24 0.25869

40 24 0.238545

41 24 0.217458

42 24 0.195513

43 24 0.172797

44 24 0.149398

45 24 0.12541

46 24 0.100927

47 24 0.0760461

48 24 0.0508648

49 24 0.0254827

50 24 0

0 25 0

1 25 0.025533

2 25 0.0509653

3 25 0.0761965

4 25 0.101127

5 25 0.125658

6 25 0.149694

7 25 0.173138

8 25 0.1959

9 25 0.217888

10 25 0.239016

11 25 0.259201

12 25 0.278363

13 25 0.296427

14 25 0.31332

15 25 0.328978

16 25 0.343336

17 25 0.35634

18 25 0.367938

19 25 0.378083

20 25 0.386736

21 25 0.393863

22 25 0.399436

23 25 0.403432

24 25 0.405836

25 25 0.406639

26 25 0.405836

27 25 0.403432

28 25 0.399436

29 25 0.393863

30 25 0.386736

31 25 0.378083

32 25 0.367938

33 25 0.35634

34 25 0.343336

35 25 0.328978

36 25 0.31332

37 25 0.296427

38 25 0.278363

39 25 0.259201

40 25 0.239016

41 25 0.217888

42 25 0.1959

43 25 0.173138

44 25 0.149694

45 25 0.125658

46 25 0.101127

47 25 0.0761965

48 25 0.0509653

49 25 0.025533

50 25 0

0 26 0

1 26 0.0254827

2 26 0.0508648

3 26 0.0760461

4 26 0.100927

5 26 0.12541

6 26 0.149398

7 26 0.172797

8 26 0.195513

9 26 0.217458

10 26 0.238545

11 26 0.25869

12 26 0.277814

13 26 0.295842

14 26 0.312702

15 26 0.328328

16 26 0.342659

17 26 0.355637

18 26 0.367212

19 26 0.377337

20 26 0.385973

21 26 0.393086

22 26 0.398648

23 26 0.402636

24 26 0.405035

25 26 0.405836

26 26 0.405035

27 26 0.402636

28 26 0.398648

29 26 0.393086

30 26 0.385973

31 26 0.377337

32 26 0.367212

33 26 0.355637

34 26 0.342659

35 26 0.328328

36 26 0.312702

37 26 0.295842

38 26 0.277814

39 26 0.25869

40 26 0.238545

41 26 0.217458

42 26 0.195513

43 26 0.172797

44 26 0.149398

45 26 0.12541

46 26 0.100927

47 26 0.0760461

48 26 0.0508648

49 26 0.0254827

50 26 0

0 27 0

1 27 0.0253317

2 27 0.0505634

3 27 0.0755956

4 27 0.100329

5 27 0.124667

6 27 0.148513

7 27 0.171773

8 27 0.194355

9 27 0.21617

10 27 0.237131

11 27 0.257157

12 27 0.276168

13 27 0.294089

14 27 0.31085

15 27 0.326383

16 27 0.340629

17 27 0.35353

18 27 0.365036

19 27 0.375102

20 27 0.383687

21 27 0.390758

22 27 0.396286

23 27 0.400251

24 27 0.402636

25 27 0.403432

26 27 0.402636

27 27 0.400251

28 27 0.396286

29 27 0.390758

30 27 0.383687

31 27 0.375102

32 27 0.365036

33 27 0.35353

34 27 0.340629

35 27 0.326383

36 27 0.31085

37 27 0.294089

38 27 0.276168

39 27 0.257157

40 27 0.237131

41 27 0.21617

42 27 0.194355

43 27 0.171773

44 27 0.148513

45 27 0.124667

46 27 0.100329

47 27 0.0755956

48 27 0.0505634

49 27 0.0253317

50 27 0

0 28 0

1 28 0.0250808

2 28 0.0500626

3 28 0.0748468

4 28 0.0993357

5 28 0.123432

6 28 0.147042

7 28 0.170072

8 28 0.19243

9 28 0.214028

10 28 0.234783

11 28 0.25461

12 28 0.273433

13 28 0.291176

14 28 0.307771

15 28 0.32315

16 28 0.337255

17 28 0.350028

18 28 0.36142

19 28 0.371386

20 28 0.379886

21 28 0.386887

22 28 0.392361

23 28 0.396286

24 28 0.398648

25 28 0.399436

26 28 0.398648

27 28 0.396286

28 28 0.392361

29 28 0.386887

30 28 0.379886

31 28 0.371386

32 28 0.36142

33 28 0.350028

34 28 0.337255

35 28 0.32315

36 28 0.307771

37 28 0.291176

38 28 0.273433

39 28 0.25461

40 28 0.234783

41 28 0.214028

42 28 0.19243

43 28 0.170072

44 28 0.147042

45 28 0.123432

46 28 0.0993357

47 28 0.0748468

48 28 0.0500626

49 28 0.0250808

50 28 0

0 29 0

1 29 0.0247309

2 29 0.0493642

3 29 0.0738026

4 29 0.0979498

5 29 0.12171

6 29 0.144991

7 29 0.167699

8 29 0.189745

9 29 0.211042

10 29 0.231507

11 29 0.251058

12 29 0.269618

13 29 0.287114

14 29 0.303477

15 29 0.318642

16 29 0.33255

17 29 0.345145

18 29 0.356378

19 29 0.366205

20 29 0.374586

21 29 0.381489

22 29 0.386887

23 29 0.390758

24 29 0.393086

25 29 0.393863

26 29 0.393086

27 29 0.390758

28 29 0.386887

29 29 0.381489

30 29 0.374586

31 29 0.366205

32 29 0.356378

33 29 0.345145

34 29 0.33255

35 29 0.318642

36 29 0.303477

37 29 0.287114

38 29 0.269618

39 29 0.251058

40 29 0.231507

41 29 0.211042

42 29 0.189745

43 29 0.167699

44 29 0.144991

45 29 0.12171

46 29 0.0979498

47 29 0.0738026

48 29 0.0493642

49 29 0.0247309

50 29 0

0 30 0

1 30 0.0242834

2 30 0.0484709

3 30 0.0724671

4 30 0.0961774

5 30 0.119508

6 30 0.142367

7 30 0.164664

8 30 0.186312

9 30 0.207224

10 30 0.227318

11 30 0.246515

12 30 0.264739

13 30 0.281919

14 30 0.297985

15 30 0.312876

16 30 0.326532

17 30 0.3389

18 30 0.349929

19 30 0.359578

20 30 0.367808

21 30 0.374586

22 30 0.379886

23 30 0.383687

24 30 0.385973

25 30 0.386736

26 30 0.385973

27 30 0.383687

28 30 0.379886

29 30 0.374586

30 30 0.367808

31 30 0.359578

32 30 0.349929

33 30 0.3389

34 30 0.326532

35 30 0.312876

36 30 0.297985

37 30 0.281919

38 30 0.264739

39 30 0.246515

40 30 0.227318

41 30 0.207224

42 30 0.186312

43 30 0.164664

44 30 0.142367

45 30 0.119508

46 30 0.0961774

47 30 0.0724671

48 30 0.0484709

49 30 0.0242834

50 30 0

0 31 0

1 31 0.02374

2 31 0.0473864

3 31 0.0708457

4 31 0.0940254

5 31 0.116834

6 31 0.139182

7 31 0.16098

8 31 0.182143

9 31 0.202587

10 31 0.222232

11 31 0.240999

12 31 0.258816

13 31 0.275611

14 31 0.291318

15 31 0.305876

16 31 0.319226

17 31 0.331317

18 31 0.3421

19 31 0.351533

20 31 0.359578

21 31 0.366205

22 31 0.371386

23 31 0.375102

24 31 0.377337

25 31 0.378083

26 31 0.377337

27 31 0.375102

28 31 0.371386

29 31 0.366205

30 31 0.359578

31 31 0.351533

32 31 0.3421

33 31 0.331317

34 31 0.319226

35 31 0.305876

36 31 0.291318

37 31 0.275611

38 31 0.258816

39 31 0.240999

40 31 0.222232

41 31 0.202587

42 31 0.182143

43 31 0.16098

44 31 0.139182

45 31 0.116834

46 31 0.0940254

47 31 0.0708457

48 31 0.0473864

49 31 0.02374

50 31 0

0 32 0

1 32 0.023103

2 32 0.0461148

3 32 0.0689446

4 32 0.0915024

5 32 0.113699

6 32 0.135447

7 32 0.15666

8 32 0.177255

9 32 0.197151

10 32 0.216268

11 32 0.234532

12 32 0.251871

13 32 0.268215

14 32 0.283501

15 32 0.297668

16 32 0.31066

17 32 0.322426

18 32 0.33292

19 32 0.3421

20 32 0.349929

21 32 0.356378

22 32 0.36142

23 32 0.365036

24 32 0.367212

25 32 0.367938

26 32 0.367212

27 32 0.365036

28 32 0.36142

29 32 0.356378

30 32 0.349929

31 32 0.3421

32 32 0.33292

33 32 0.322426

34 32 0.31066

35 32 0.297668

36 32 0.283501

37 32 0.268215

38 32 0.251871

39 32 0.234532

40 32 0.216268

41 32 0.197151

42 32 0.177255

43 32 0.15666

44 32 0.135447

45 32 0.113699

46 32 0.0915024

47 32 0.0689446

48 32 0.0461148

49 32 0.023103

50 32 0

0 33 0

1 33 0.0223748

2 33 0.0446613

3 33 0.0667715

4 33 0.0886182

5 33 0.110115

6 33 0.131178

7 33 0.151722

8 33 0.171668

9 33 0.190937

10 33 0.209451

11 33 0.22714

12 33 0.243932

13 33 0.259761

14 33 0.274565

15 33 0.288285

16 33 0.300868

17 33 0.312263

18 33 0.322426

19 33 0.331317

20 33 0.3389

21 33 0.345145

22 33 0.350028

23 33 0.35353

24 33 0.355637

25 33 0.35634

26 33 0.355637

27 33 0.35353

28 33 0.350028

29 33 0.345145

30 33 0.3389

31 33 0.331317

32 33 0.322426

33 33 0.312263

34 33 0.300868

35 33 0.288285

36 33 0.274565

37 33 0.259761

38 33 0.243932

39 33 0.22714

40 33 0.209451

41 33 0.190937

42 33 0.171668

43 33 0.151722

44 33 0.131178

45 33 0.110115

46 33 0.0886182

47 33 0.0667715

48 33 0.0446613

49 33 0.0223748

50 33 0

0 34 0

1 34 0.0215583

2 34 0.0430314

3 34 0.0643348

4 34 0.0853843

5 34 0.106097

6 34 0.126391

7 34 0.146185

8 34 0.165404

9 34 0.183969

10 34 0.201808

11 34 0.218851

12 34 0.23503

13 34 0.250281

14 34 0.264545

15 34 0.277765

16 34 0.289888

17 34 0.300868

18 34 0.31066

19 34 0.319226

20 34 0.326532

21 34 0.33255

22 34 0.337255

23 34 0.340629

24 34 0.342659

25 34 0.343336

26 34 0.342659

27 34 0.340629

28 34 0.337255

29 34 0.33255

30 34 0.326532

31 34 0.319226

32 34 0.31066

33 34 0.300868

34 34 0.289888

35 34 0.277765

36 34 0.264545

37 34 0.250281

38 34 0.23503

39 34 0.218851

40 34 0.201808

41 34 0.183969

42 34 0.165404

43 34 0.146185

44 34 0.126391

45 34 0.106097

46 34 0.0853843

47 34 0.0643348

48 34 0.0430314

49 34 0.0215583

50 34 0

0 35 0

1 35 0.0206567

2 35 0.0412318

3 35 0.0616442

4 35 0.0818134

5 35 0.10166

6 35 0.121105

7 35 0.140072

8 35 0.158486

9 35 0.176275

10 35 0.193368

11 35 0.209698

12 35 0.225201

13 35 0.239814

14 35 0.253482

15 35 0.266148

16 35 0.277765

17 35 0.288285

18 35 0.297668

19 35 0.305876

20 35 0.312876

21 35 0.318642

22 35 0.32315

23 35 0.326383

24 35 0.328328

25 35 0.328978

26 35 0.328328

27 35 0.326383

28 35 0.32315

29 35 0.318642

30 35 0.312876

31 35 0.305876

32 35 0.297668

33 35 0.288285

34 35 0.277765

35 35 0.266148

36 35 0.253482

37 35 0.239814

38 35 0.225201

39 35 0.209698

40 35 0.193368

41 35 0.176275

42 35 0.158486

43 35 0.140072

44 35 0.121105

45 35 0.10166

46 35 0.0818134

47 35 0.0616442

48 35 0.0412318

49 35 0.0206567

50 35 0

0 36 0

1 36 0.0196736

2 36 0.0392695

3 36 0.0587104

4 36 0.0779196

5 36 0.0968213

6 36 0.115341

7 36 0.133405

8 36 0.150943

9 36 0.167885

10 36 0.184165

11 36 0.199718

12 36 0.214483

13 36 0.228401

14 36 0.241418

15 36 0.253482

16 36 0.264545

17 36 0.274565

18 36 0.283501

19 36 0.291318

20 36 0.297985

21 36 0.303477

22 36 0.307771

23 36 0.31085

24 36 0.312702

25 36 0.31332

26 36 0.312702

27 36 0.31085

28 36 0.307771

29 36 0.303477

30 36 0.297985

31 36 0.291318

32 36 0.283501

33 36 0.274565

34 36 0.264545

35 36 0.253482

36 36 0.241418

37 36 0.228401

38 36 0.214483

39 36 0.199718

40 36 0.184165

41 36 0.167885

42 36 0.150943

43 36 0.133405

44 36 0.115341

45 36 0.0968213

46 36 0.0779196

47 36 0.0587104

48 36 0.0392695

49 36 0.0196736

50 36 0

0 37 0

1 37 0.0186128

2 37 0.0371521

3 37 0.0555448

4 37 0.0737183

5 37 0.0916009

6 37 0.109122

7 37 0.126212

8 37 0.142805

9 37 0.158833

10 37 0.174235

11 37 0.18895

12 37 0.202918

13 37 0.216086

14 37 0.228401

15 37 0.239814

16 37 0.250281

17 37 0.259761

18 37 0.268215

19 37 0.275611

20 37 0.281919

21 37 0.287114

22 37 0.291176

23 37 0.294089

24 37 0.295842

25 37 0.296427

26 37 0.295842

27 37 0.294089

28 37 0.291176

29 37 0.287114

30 37 0.281919

31 37 0.275611

32 37 0.268215

33 37 0.259761

34 37 0.250281

35 37 0.239814

36 37 0.228401

37 37 0.216086

38 37 0.202918

39 37 0.18895

40 37 0.174235

41 37 0.158833

42 37 0.142805

43 37 0.126212

44 37 0.109122

45 37 0.0916009

46 37 0.0737183

47 37 0.0555448

48 37 0.0371521

49 37 0.0186128

50 37 0

0 38 0

1 38 0.0174786

2 38 0.0348882

3 38 0.0521601

4 38 0.0692261

5 38 0.086019

6 38 0.102472

7 38 0.118521

8 38 0.134103

9 38 0.149154

10 38 0.163618

11 38 0.177435

12 38 0.190553

13 38 0.202918

14 38 0.214483

15 38 0.225201

16 38 0.23503

17 38 0.243932

18 38 0.251871

19 38 0.258816

20 38 0.264739

21 38 0.269618

22 38 0.273433

23 38 0.276168

24 38 0.277814

25 38 0.278363

26 38 0.277814

27 38 0.276168

28 38 0.273433

29 38 0.269618

30 38 0.264739

31 38 0.258816

32 38 0.251871

33 38 0.243932

34 38 0.23503

35 38 0.225201

36 38 0.214483

37 38 0.202918

38 38 0.190553

39 38 0.177435

40 38 0.163618

41 38 0.149154

42 38 0.134103

43 38 0.118521

44 38 0.102472

45 38 0.086019

46 38 0.0692261

47 38 0.0521601

48 38 0.0348882

49 38 0.0174786

50 38 0

0 39 0

1 39 0.0162754

2 39 0.0324865

3 39 0.0485695

4 39 0.0644607

5 39 0.0800976

6 39 0.0954183

7 39 0.110362

8 39 0.124871

9 39 0.138887

10 39 0.152355

11 39 0.165221

12 39 0.177435

13 39 0.18895

14 39 0.199718

15 39 0.209698

16 39 0.218851

17 39 0.22714

18 39 0.234532

19 39 0.240999

20 39 0.246515

21 39 0.251058

22 39 0.25461

23 39 0.257157

24 39 0.25869

25 39 0.259201

26 39 0.25869

27 39 0.257157

28 39 0.25461

29 39 0.251058

30 39 0.246515

31 39 0.240999

32 39 0.234532

33 39 0.22714

34 39 0.218851

35 39 0.209698

36 39 0.199718

37 39 0.18895

38 39 0.177435

39 39 0.165221

40 39 0.152355

41 39 0.138887

42 39 0.124871

43 39 0.110362

44 39 0.0954183

45 39 0.0800976

46 39 0.0644607

47 39 0.0485695

48 39 0.0324865

49 39 0.0162754

50 39 0

0 40 0

1 40 0.0150079

2 40 0.0299567

3 40 0.0447872

4 40 0.0594409

5 40 0.0738601

6 40 0.0879877

7 40 0.101768

8 40 0.115147

9 40 0.128071

10 40 0.14049

11 40 0.152355

12 40 0.163618

13 40 0.174235

14 40 0.184165

15 40 0.193368

16 40 0.201808

17 40 0.209451

18 40 0.216268

19 40 0.222232

20 40 0.227318

21 40 0.231507

22 40 0.234783

23 40 0.237131

24 40 0.238545

25 40 0.239016

26 40 0.238545

27 40 0.237131

28 40 0.234783

29 40 0.231507

30 40 0.227318

31 40 0.222232

32 40 0.216268

33 40 0.209451

34 40 0.201808

35 40 0.193368

36 40 0.184165

37 40 0.174235

38 40 0.163618

39 40 0.152355

40 40 0.14049

41 40 0.128071

42 40 0.115147

43 40 0.101768

44 40 0.0879877

45 40 0.0738601

46 40 0.0594409

47 40 0.0447872

48 40 0.0299567

49 40 0.0150079

50 40 0

0 41 0

1 41 0.0136813

2 41 0.0273086

3 41 0.0408281

4 41 0.0541865

5 41 0.067331

6 41 0.0802099

7 41 0.0927721

8 41 0.104968

9 41 0.11675

10 41 0.128071

11 41 0.138887

12 41 0.149154

13 41 0.158833

14 41 0.167885

15 41 0.176275

16 41 0.183969

17 41 0.190937

18 41 0.197151

19 41 0.202587

20 41 0.207224

21 41 0.211042

22 41 0.214028

23 41 0.21617

24 41 0.217458

25 41 0.217888

26 41 0.217458

27 41 0.21617

28 41 0.214028

29 41 0.211042

30 41 0.207224

31 41 0.202587

32 41 0.197151

33 41 0.190937

34 41 0.183969

35 41 0.176275

36 41 0.167885

37 41 0.158833

38 41 0.149154

39 41 0.138887

40 41 0.128071

41 41 0.11675

42 41 0.104968

43 41 0.0927721

44 41 0.0802099

45 41 0.067331

46 41 0.0541865

47 41 0.0408281

48 41 0.0273086

49 41 0.0136813

50 41 0

0 42 0

1 42 0.0123006

2 42 0.0245527

3 42 0.0367079

4 42 0.0487183

5 42 0.0605363

6 42 0.0721155

7 42 0.08341

8 42 0.0943754

9 42 0.104968

10 42 0.115147

11 42 0.124871

12 42 0.134103

13 42 0.142805

14 42 0.150943

15 42 0.158486

16 42 0.165404

17 42 0.171668

18 42 0.177255

19 42 0.182143

20 42 0.186312

21 42 0.189745

22 42 0.19243

23 42 0.194355

24 42 0.195513

25 42 0.1959

26 42 0.195513

27 42 0.194355

28 42 0.19243

29 42 0.189745

30 42 0.186312

31 42 0.182143

32 42 0.177255

33 42 0.171668

34 42 0.165404

35 42 0.158486

36 42 0.150943

37 42 0.142805

38 42 0.134103

39 42 0.124871

40 42 0.115147

41 42 0.104968

42 42 0.0943754

43 42 0.08341

44 42 0.0721155

45 42 0.0605363

46 42 0.0487183

47 42 0.0367079

48 42 0.0245527

49 42 0.0123006

50 42 0

0 43 0

1 43 0.0108714

2 43 0.0217

3 43 0.0324429

4 43 0.0430577

5 43 0.0535027

6 43 0.0637365

7 43 0.0737187

8 43 0.08341

9 43 0.0927721

10 43 0.101768

11 43 0.110362

12 43 0.118521

13 43 0.126212

14 43 0.133405

15 43 0.140072

16 43 0.146185

17 43 0.151722

18 43 0.15666

19 43 0.16098

20 43 0.164664

21 43 0.167699

22 43 0.170072

23 43 0.171773

24 43 0.172797

25 43 0.173138

26 43 0.172797

27 43 0.171773

28 43 0.170072

29 43 0.167699

30 43 0.164664

31 43 0.16098

32 43 0.15666

33 43 0.151722

34 43 0.146185

35 43 0.140072

36 43 0.133405

37 43 0.126212

38 43 0.118521

39 43 0.110362

40 43 0.101768

41 43 0.0927721

42 43 0.08341

43 43 0.0737187

44 43 0.0637365

45 43 0.0535027

46 43 0.0430577

47 43 0.0324429

48 43 0.0217

49 43 0.0108714

50 43 0

0 44 0

1 44 0.00939934

2 44 0.0187616

3 44 0.0280498

4 44 0.0372273

5 44 0.0462579

6 44 0.0551059

7 44 0.0637365

8 44 0.0721155

9 44 0.0802099

10 44 0.0879877

11 44 0.0954183

12 44 0.102472

13 44 0.109122

14 44 0.115341

15 44 0.121105

16 44 0.126391

17 44 0.131178

18 44 0.135447

19 44 0.139182

20 44 0.142367

21 44 0.144991

22 44 0.147042

23 44 0.148513

24 44 0.149398

25 44 0.149694

26 44 0.149398

27 44 0.148513

28 44 0.147042

29 44 0.144991

30 44 0.142367

31 44 0.139182

32 44 0.135447

33 44 0.131178

34 44 0.126391

35 44 0.121105

36 44 0.115341

37 44 0.109122

38 44 0.102472

39 44 0.0954183

40 44 0.0879877

41 44 0.0802099

42 44 0.0721155

43 44 0.0637365

44 44 0.0551059

45 44 0.0462579

46 44 0.0372273

47 44 0.0280498

48 44 0.0187616

49 44 0.00939934

50 44 0

0 45 0

1 45 0.00789015

2 45 0.0157492

3 45 0.023546

4 45 0.0312499

5 45 0.0388305

6 45 0.0462579

7 45 0.0535027

8 45 0.0605363

9 45 0.067331

10 45 0.0738601

11 45 0.0800976

12 45 0.086019

13 45 0.0916009

14 45 0.0968213

15 45 0.10166

16 45 0.106097

17 45 0.110115

18 45 0.113699

19 45 0.116834

20 45 0.119508

21 45 0.12171

22 45 0.123432

23 45 0.124667

24 45 0.12541

25 45 0.125658

26 45 0.12541

27 45 0.124667

28 45 0.123432

29 45 0.12171

30 45 0.119508

31 45 0.116834

32 45 0.113699

33 45 0.110115

34 45 0.106097

35 45 0.10166

36 45 0.0968213

37 45 0.0916009

38 45 0.086019

39 45 0.0800976

40 45 0.0738601

41 45 0.067331

42 45 0.0605363

43 45 0.0535027

44 45 0.0462579

45 45 0.0388305

46 45 0.0312499

47 45 0.023546

48 45 0.0157492

49 45 0.00789015

50 45 0

0 46 0

1 46 0.00634981

2 46 0.0126746

3 46 0.0189493

4 46 0.0251492

5 46 0.0312499

6 46 0.0372273

7 46 0.0430577

8 46 0.0487183

9 46 0.0541865

10 46 0.0594409

11 46 0.0644607

12 46 0.0692261

13 46 0.0737183

14 46 0.0779196

15 46 0.0818134

16 46 0.0853843

17 46 0.0886182

18 46 0.0915024

19 46 0.0940254

20 46 0.0961774

21 46 0.0979498

22 46 0.0993357

23 46 0.100329

24 46 0.100927

25 46 0.101127

26 46 0.100927

27 46 0.100329

28 46 0.0993357

29 46 0.0979498

30 46 0.0961774

31 46 0.0940254

32 46 0.0915024

33 46 0.0886182

34 46 0.0853843

35 46 0.0818134

36 46 0.0779196

37 46 0.0737183

38 46 0.0692261

39 46 0.0644607

40 46 0.0594409

41 46 0.0541865

42 46 0.0487183

43 46 0.0430577

44 46 0.0372273

45 46 0.0312499

46 46 0.0251492

47 46 0.0189493

48 46 0.0126746

49 46 0.00634981

50 46 0

0 47 0

1 47 0.00478442

2 47 0.00954995

3 47 0.0142778

4 47 0.0189493

5 47 0.023546

6 47 0.0280498

7 47 0.0324429

8 47 0.0367079

9 47 0.0408281

10 47 0.0447872

11 47 0.0485695

12 47 0.0521601

13 47 0.0555448

14 47 0.0587104

15 47 0.0616442

16 47 0.0643348

17 47 0.0667715

18 47 0.0689446

19 47 0.0708457

20 47 0.0724671

21 47 0.0738026

22 47 0.0748468

23 47 0.0755956

24 47 0.0760461

25 47 0.0761965

26 47 0.0760461

27 47 0.0755956

28 47 0.0748468

29 47 0.0738026

30 47 0.0724671

31 47 0.0708457

32 47 0.0689446

33 47 0.0667715

34 47 0.0643348

35 47 0.0616442

36 47 0.0587104

37 47 0.0555448

38 47 0.0521601

39 47 0.0485695

40 47 0.0447872

41 47 0.0408281

42 47 0.0367079

43 47 0.0324429

44 47 0.0280498

45 47 0.023546

46 47 0.0189493

47 47 0.0142778

48 47 0.00954995

49 47 0.00478442

50 47 0

0 48 0

1 48 0.00320014

2 48 0.00638765

3 48 0.00954995

4 48 0.0126746

5 48 0.0157492

6 48 0.0187616

7 48 0.0217

8 48 0.0245527

9 48 0.0273086

10 48 0.0299567

11 48 0.0324865

12 48 0.0348882

13 48 0.0371521

14 48 0.0392695

15 48 0.0412318

16 48 0.0430314

17 48 0.0446613

18 48 0.0461148

19 48 0.0473864

20 48 0.0484709

21 48 0.0493642

22 48 0.0500626

23 48 0.0505634

24 48 0.0508648

25 48 0.0509653

26 48 0.0508648

27 48 0.0505634

28 48 0.0500626

29 48 0.0493642

30 48 0.0484709

31 48 0.0473864

32 48 0.0461148

33 48 0.0446613

34 48 0.0430314

35 48 0.0412318

36 48 0.0392695

37 48 0.0371521

38 48 0.0348882

39 48 0.0324865

40 48 0.0299567

41 48 0.0273086

42 48 0.0245527

43 48 0.0217

44 48 0.0187616

45 48 0.0157492

46 48 0.0126746

47 48 0.00954995

48 48 0.00638765

49 48 0.00320014

50 48 0

0 49 0

1 49 0.00160323

2 49 0.00320014

3 49 0.00478442

4 49 0.00634981

5 49 0.00789015

6 49 0.00939934

7 49 0.0108714

8 49 0.0123006

9 49 0.0136813

10 49 0.0150079

11 49 0.0162754

12 49 0.0174786

13 49 0.0186128

14 49 0.0196736

15 49 0.0206567

16 49 0.0215583

17 49 0.0223748

18 49 0.023103

19 49 0.02374

20 49 0.0242834

21 49 0.0247309

22 49 0.0250808

23 49 0.0253317

24 49 0.0254827

25 49 0.025533

26 49 0.0254827

27 49 0.0253317

28 49 0.0250808

29 49 0.0247309

30 49 0.0242834

31 49 0.02374

32 49 0.023103

33 49 0.0223748

34 49 0.0215583

35 49 0.0206567

36 49 0.0196736

37 49 0.0186128

38 49 0.0174786

39 49 0.0162754

40 49 0.0150079

41 49 0.0136813

42 49 0.0123006

43 49 0.0108714

44 49 0.00939934

45 49 0.00789015

46 49 0.00634981

47 49 0.00478442

48 49 0.00320014

49 49 0.00160323

50 49 0

