0 1 0

1 1 0.000357831

2 1 0.000714249

3 1 0.00106785

4 1 0.00141723

5 1 0.00176103

6 1 0.00209787

7 1 0.00242643

8 1 0.00274542

9 1 0.00305357

10 1 0.00334967

11 1 0.00363255

12 1 0.0039011

13 1 0.00415425

14 1 0.004391

15 1 0.00461043

16 1 0.00481166

17 1 0.0049939

18 1 0.00515643

19 1 0.00529861

20 1 0.00541988

21 1 0.00551976

22 1 0.00559786

23 1 0.00565387

24 1 0.00568756

25 1 0.0056988

26 1 0.00568756

27 1 0.00565387

28 1 0.00559786

29 1 0.00551976

30 1 0.00541988

31 1 0.00529861

32 1 0.00515643

33 1 0.0049939

34 1 0.00481166

35 1 0.00461043

36 1 0.004391

37 1 0.00415425

38 1 0.0039011

39 1 0.00363255

40 1 0.00334967

41 1 0.00305357

42 1 0.00274542

43 1 0.00242643

44 1 0.00209787

45 1 0.00176103

46 1 0.00141723

47 1 0.00106785

48 1 0.000714249

49 1 0.000357831

50 1 0

0 2 0

1 2 0.000714249

2 2 0.00142568

3 2 0.00213148

4 2 0.00282888

5 2 0.0035151

6 2 0.00418746

7 2 0.00484329

8 2 0.00548

9 2 0.00609509

10 2 0.00668612

11 2 0.00725077

12 2 0.0077868

13 2 0.0082921

14 2 0.00876468

15 2 0.00920266

16 2 0.00960433

17 2 0.00996809

18 2 0.0102925

19 2 0.0105763

20 2 0.0108184

21 2 0.0110177

22 2 0.0111736

23 2 0.0112854

24 2 0.0113527

25 2 0.0113751

26 2 0.0113527

27 2 0.0112854

28 2 0.0111736

29 2 0.0110177

30 2 0.0108184

31 2 0.0105763

32 2 0.0102925

33 2 0.00996809

34 2 0.00960433

35 2 0.00920266

36 2 0.00876468

37 2 0.0082921

38 2 0.0077868

39 2 0.00725077

40 2 0.00668612

41 2 0.00609509

42 2 0.00548

43 2 0.00484329

44 2 0.00418746

45 2 0.0035151

46 2 0.00282888

47 2 0.00213148

48 2 0.00142568

49 2 0.000714249

50 2 0

0 3 0

1 3 0.00106785

2 3 0.00213148

3 3 0.00318671

4 3 0.00422935

5 3 0.00525531

6 3 0.00626052

7 3 0.00724103

8 3 0.00819296

9 3 0.00911256

10 3 0.00999619

11 3 0.0108404

12 3 0.0116418

13 3 0.0123972

14 3 0.0131038

15 3 0.0137586

16 3 0.0143591

17 3 0.0149029

18 3 0.015388

19 3 0.0158123

20 3 0.0161742

21 3 0.0164722

22 3 0.0167053

23 3 0.0168724

24 3 0.016973

25 3 0.0170065

26 3 0.016973

27 3 0.0168724

28 3 0.0167053

29 3 0.0164722

30 3 0.0161742

31 3 0.0158123

32 3 0.015388

33 3 0.0149029

34 3 0.0143591

35 3 0.0137586

36 3 0.0131038

37 3 0.0123972

38 3 0.0116418

39 3 0.0108404

40 3 0.00999619

41 3 0.00911256

42 3 0.00819296

43 3 0.00724103

44 3 0.00626052

45 3 0.00525531

46 3 0.00422935

47 3 0.00318671

48 3 0.00213148

49 3 0.00106785

50 3 0

0 4 0

1 4 0.00141723

2 4 0.00282888

3 4 0.00422935

4 4 0.00561314

5 4 0.00697477

6 4 0.00830888

7 4 0.00961019

8 4 0.0108736

9 4 0.0120941

10 4 0.0132668

11 4 0.0143872

12 4 0.0154508

13 4 0.0164534

14 4 0.0173911

15 4 0.0182602

16 4 0.0190572

17 4 0.019779

18 4 0.0204227

19 4 0.0209858

20 4 0.0214661

21 4 0.0218617

22 4 0.022171

23 4 0.0223929

24 4 0.0225263

25 4 0.0225708

26 4 0.0225263

27 4 0.0223929

28 4 0.022171

29 4 0.0218617

30 4 0.0214661

31 4 0.0209858

32 4 0.0204227

33 4 0.019779

34 4 0.0190572

35 4 0.0182602

36 4 0.0173911

37 4 0.0164534

38 4 0.0154508

39 4 0.0143872

40 4 0.0132668

41 4 0.0120941

42 4 0.0108736

43 4 0.00961019

44 4 0.00830888

45 4 0.00697477

46 4 0.00561314

47 4 0.00422935

48 4 0.00282888

49 4 0.00141723

50 4 0

0 5 0

1 5 0.00176103

2 5 0.0035151

3 5 0.00525531

4 5 0.00697477

5 5 0.00866671

6 5 0.0103244

7 5 0.0119414

8 5 0.0135113

9 5 0.0150278

10 5 0.0164851

11 5 0.0178772

12 5 0.0191989

13 5 0.0204447

14 5 0.0216099

15 5 0.0226897

16 5 0.0236801

17 5 0.024577

18 5 0.0253768

19 5 0.0260766

20 5 0.0266734

21 5 0.0271649

22 5 0.0275493

23 5 0.0278249

24 5 0.0279907

25 5 0.0280461

26 5 0.0279907

27 5 0.0278249

28 5 0.0275493

29 5 0.0271649

30 5 0.0266734

31 5 0.0260766

32 5 0.0253768

33 5 0.024577

34 5 0.0236801

35 5 0.0226897

36 5 0.0216099

37 5 0.0204447

38 5 0.0191989

39 5 0.0178772

40 5 0.0164851

41 5 0.0150278

42 5 0.0135113

43 5 0.0119414

44 5 0.0103244

45 5 0.00866671

46 5 0.00697477

47 5 0.00525531

48 5 0.0035151

49 5 0.00176103

50 5 0

0 6 0

1 6 0.00209787

2 6 0.00418746

3 6 0.00626052

4 6 0.00830888

5 6 0.0103244

6 6 0.0122993

7 6 0.0142255

8 6 0.0160957

9 6 0.0179023

10 6 0.0196383

11 6 0.0212967

12 6 0.0228711

13 6 0.0243553

14 6 0.0257433

15 6 0.0270297

16 6 0.0282095

17 6 0.0292779

18 6 0.0302308

19 6 0.0310644

20 6 0.0317754

21 6 0.0323609

22 6 0.0328188

23 6 0.0331471

24 6 0.0333447

25 6 0.0334106

26 6 0.0333447

27 6 0.0331471

28 6 0.0328188

29 6 0.0323609

30 6 0.0317754

31 6 0.0310644

32 6 0.0302308

33 6 0.0292779

34 6 0.0282095

35 6 0.0270297

36 6 0.0257433

37 6 0.0243553

38 6 0.0228711

39 6 0.0212967

40 6 0.0196383

41 6 0.0179023

42 6 0.0160957

43 6 0.0142255

44 6 0.0122993

45 6 0.0103244

46 6 0.00830888

47 6 0.00626052

48 6 0.00418746

49 6 0.00209787

50 6 0

0 7 0

1 7 0.00242643

2 7 0.00484329

3 7 0.00724103

4 7 0.00961019

5 7 0.0119414

6 7 0.0142255

7 7 0.0164535

8 7 0.0186165

9 7 0.0207061

10 7 0.022714

11 7 0.0246322

12 7 0.0264531

13 7 0.0281697

14 7 0.0297752

15 7 0.0312631

16 7 0.0326276

17 7 0.0338634

18 7 0.0349655

19 7 0.0359296

20 7 0.0367519

21 7 0.0374292

22 7 0.0379588

23 7 0.0383386

24 7 0.038567

25 7 0.0386433

26 7 0.038567

27 7 0.0383386

28 7 0.0379588

29 7 0.0374292

30 7 0.0367519

31 7 0.0359296

32 7 0.0349655

33 7 0.0338634

34 7 0.0326276

35 7 0.0312631

36 7 0.0297752

37 7 0.0281697

38 7 0.0264531

39 7 0.0246322

40 7 0.022714

41 7 0.0207061

42 7 0.0186165

43 7 0.0164535

44 7 0.0142255

45 7 0.0119414

46 7 0.00961019

47 7 0.00724103

48 7 0.00484329

49 7 0.00242643

50 7 0

0 8 0

1 8 0.00274542

2 8 0.00548

3 8 0.00819296

4 8 0.0108736

5 8 0.0135113

6 8 0.0160957

7 8 0.0186165

8 8 0.0210639

9 8 0.0234282

10 8 0.0257

11 8 0.0278704

12 8 0.0299308

13 8 0.031873

14 8 0.0336895

15 8 0.035373

16 8 0.0369169

17 8 0.0383152

18 8 0.0395622

19 8 0.040653

20 8 0.0415835

21 8 0.0423498

22 8 0.042949

23 8 0.0433787

24 8 0.0436372

25 8 0.0437235

26 8 0.0436372

27 8 0.0433787

28 8 0.042949

29 8 0.0423498

30 8 0.0415835

31 8 0.040653

32 8 0.0395622

33 8 0.0383152

34 8 0.0369169

35 8 0.035373

36 8 0.0336895

37 8 0.031873

38 8 0.0299308

39 8 0.0278704

40 8 0.0257

41 8 0.0234282

42 8 0.0210639

43 8 0.0186165

44 8 0.0160957

45 8 0.0135113

46 8 0.0108736

47 8 0.00819296

48 8 0.00548

49 8 0.00274542

50 8 0

0 9 0

1 9 0.00305357

2 9 0.00609509

3 9 0.00911256

4 9 0.0120941

5 9 0.0150278

6 9 0.0179023

7 9 0.0207061

8 9 0.0234282

9 9 0.0260578

10 9 0.0285846

11 9 0.0309986

12 9 0.0332903

13 9 0.0354505

14 9 0.0374709

15 9 0.0393434

16 9 0.0410606

17 9 0.0426157

18 9 0.0440027

19 9 0.045216

20 9 0.0462509

21 9 0.0471032

22 9 0.0477697

23 9 0.0482476

24 9 0.0485351

25 9 0.0486311

26 9 0.0485351

27 9 0.0482476

28 9 0.0477697

29 9 0.0471032

30 9 0.0462509

31 9 0.045216

32 9 0.0440027

33 9 0.0426157

34 9 0.0410606

35 9 0.0393434

36 9 0.0374709

37 9 0.0354505

38 9 0.0332903

39 9 0.0309986

40 9 0.0285846

41 9 0.0260578

42 9 0.0234282

43 9 0.0207061

44 9 0.0179023

45 9 0.0150278

46 9 0.0120941

47 9 0.00911256

48 9 0.00609509

49 9 0.00305357

50 9 0

0 10 0

1 10 0.00334967

2 10 0.00668612

3 10 0.00999619

4 10 0.0132668

5 10 0.0164851

6 10 0.0196383

7 10 0.022714

8 10 0.0257

9 10 0.0285846

10 10 0.0313564

11 10 0.0340045

12 10 0.0365184

13 10 0.0388881

14 10 0.0411044

15 10 0.0431585

16 10 0.0450422

17 10 0.0467481

18 10 0.0482696

19 10 0.0496006

20 10 0.0507358

21 10 0.0516708

22 10 0.0524019

23 10 0.0529261

24 10 0.0532415

25 10 0.0533468

26 10 0.0532415

27 10 0.0529261

28 10 0.0524019

29 10 0.0516708

30 10 0.0507358

31 10 0.0496006

32 10 0.0482696

33 10 0.0467481

34 10 0.0450422

35 10 0.0431585

36 10 0.0411044

37 10 0.0388881

38 10 0.0365184

39 10 0.0340045

40 10 0.0313564

41 10 0.0285846

42 10 0.0257

43 10 0.022714

44 10 0.0196383

45 10 0.0164851

46 10 0.0132668

47 10 0.00999619

48 10 0.00668612

49 10 0.00334967

50 10 0

0 11 0

1 11 0.00363255

2 11 0.00725077

3 11 0.0108404

4 11 0.0143872

5 11 0.0178772

6 11 0.0212967

7 11 0.0246322

8 11 0.0278704

9 11 0.0309986

10 11 0.0340045

11 11 0.0368762

12 11 0.0396024

13 11 0.0421722

14 11 0.0445757

15 11 0.0468032

16 11 0.048846

17 11 0.050696

18 11 0.052346

19 11 0.0537894

20 11 0.0550205

21 11 0.0560344

22 11 0.0568272

23 11 0.0573958

24 11 0.0577378

25 11 0.0578519

26 11 0.0577378

27 11 0.0573958

28 11 0.0568272

29 11 0.0560344

30 11 0.0550205

31 11 0.0537894

32 11 0.052346

33 11 0.050696

34 11 0.048846

35 11 0.0468032

36 11 0.0445757

37 11 0.0421722

38 11 0.0396024

39 11 0.0368762

40 11 0.0340045

41 11 0.0309986

42 11 0.0278704

43 11 0.0246322

44 11 0.0212967

45 11 0.0178772

46 11 0.0143872

47 11 0.0108404

48 11 0.00725077

49 11 0.00363255

50 11 0

0 12 0

1 12 0.0039011

2 12 0.0077868

3 12 0.0116418

4 12 0.0154508

5 12 0.0191989

6 12 0.0228711

7 12 0.0264531

8 12 0.0299308

9 12 0.0332903

10 12 0.0365184

11 12 0.0396024

12 12 0.0425301

13 12 0.0452899

14 12 0.0478711

15 12 0.0502632

16 12 0.0524571

17 12 0.0544439

18 12 0.0562158

19 12 0.0577659

20 12 0.059088

21 12 0.0601769

22 12 0.0610283

23 12 0.0616389

24 12 0.0620062

25 12 0.0621288

26 12 0.0620062

27 12 0.0616389

28 12 0.0610283

29 12 0.0601769

30 12 0.059088

31 12 0.0577659

32 12 0.0562158

33 12 0.0544439

34 12 0.0524571

35 12 0.0502632

36 12 0.0478711

37 12 0.0452899

38 12 0.0425301

39 12 0.0396024

40 12 0.0365184

41 12 0.0332903

42 12 0.0299308

43 12 0.0264531

44 12 0.0228711

45 12 0.0191989

46 12 0.0154508

47 12 0.0116418

48 12 0.0077868

49 12 0.0039011

50 12 0

0 13 0

1 13 0.00415425

2 13 0.0082921

3 13 0.0123972

4 13 0.0164534

5 13 0.0204447

6 13 0.0243553

7 13 0.0281697

8 13 0.031873

9 13 0.0354505

10 13 0.0388881

11 13 0.0421722

12 13 0.0452899

13 13 0.0482289

14 13 0.0509775

15 13 0.0535249

16 13 0.0558611

17 13 0.0579768

18 13 0.0598638

19 13 0.0615144

20 13 0.0629223

21 13 0.0640819

22 13 0.0649886

23 13 0.0656387

24 13 0.0660299

25 13 0.0661604

26 13 0.0660299

27 13 0.0656387

28 13 0.0649886

29 13 0.0640819

30 13 0.0629223

31 13 0.0615144

32 13 0.0598638

33 13 0.0579768

34 13 0.0558611

35 13 0.0535249

36 13 0.0509775

37 13 0.0482289

38 13 0.0452899

39 13 0.0421722

40 13 0.0388881

41 13 0.0354505

42 13 0.031873

43 13 0.0281697

44 13 0.0243553

45 13 0.0204447

46 13 0.0164534

47 13 0.0123972

48 13 0.0082921

49 13 0.00415425

50 13 0

0 14 0

1 14 0.004391

2 14 0.00876468

3 14 0.0131038

4 14 0.0173911

5 14 0.0216099

6 14 0.0257433

7 14 0.0297752

8 14 0.0336895

9 14 0.0374709

10 14 0.0411044

11 14 0.0445757

12 14 0.0478711

13 14 0.0509775

14 14 0.0538827

15 14 0.0565754

16 14 0.0590447

17 14 0.061281

18 14 0.0632754

19 14 0.0650202

20 14 0.0665083

21 14 0.067734

22 14 0.0686923

23 14 0.0693796

24 14 0.069793

25 14 0.069931

26 14 0.069793

27 14 0.0693796

28 14 0.0686923

29 14 0.067734

30 14 0.0665083

31 14 0.0650202

32 14 0.0632754

33 14 0.061281

34 14 0.0590447

35 14 0.0565754

36 14 0.0538827

37 14 0.0509775

38 14 0.0478711

39 14 0.0445757

40 14 0.0411044

41 14 0.0374709

42 14 0.0336895

43 14 0.0297752

44 14 0.0257433

45 14 0.0216099

46 14 0.0173911

47 14 0.0131038

48 14 0.00876468

49 14 0.004391

50 14 0

0 15 0

1 15 0.00461043

2 15 0.00920266

3 15 0.0137586

4 15 0.0182602

5 15 0.0226897

6 15 0.0270297

7 15 0.0312631

8 15 0.035373

9 15 0.0393434

10 15 0.0431585

11 15 0.0468032

12 15 0.0502632

13 15 0.0535249

14 15 0.0565754

15 15 0.0594025

16 15 0.0619952

17 15 0.0643433

18 15 0.0664374

19 15 0.0682693

20 15 0.0698318

21 15 0.0711187

22 15 0.072125

23 15 0.0728466

24 15 0.0732807

25 15 0.0734255

26 15 0.0732807

27 15 0.0728466

28 15 0.072125

29 15 0.0711187

30 15 0.0698318

31 15 0.0682693

32 15 0.0664374

33 15 0.0643433

34 15 0.0619952

35 15 0.0594025

36 15 0.0565754

37 15 0.0535249

38 15 0.0502632

39 15 0.0468032

40 15 0.0431585

41 15 0.0393434

42 15 0.035373

43 15 0.0312631

44 15 0.0270297

45 15 0.0226897

46 15 0.0182602

47 15 0.0137586

48 15 0.00920266

49 15 0.00461043

50 15 0

0 16 0

1 16 0.00481166

2 16 0.00960433

3 16 0.0143591

4 16 0.0190572

5 16 0.0236801

6 16 0.0282095

7 16 0.0326276

8 16 0.0369169

9 16 0.0410606

10 16 0.0450422

11 16 0.048846

12 16 0.0524571

13 16 0.0558611

14 16 0.0590447

15 16 0.0619952

16 16 0.0647011

17 16 0.0671517

18 16 0.0693372

19 16 0.0712491

20 16 0.0728798

21 16 0.0742228

22 16 0.075273

23 16 0.0760261

24 16 0.0764791

25 16 0.0766303

26 16 0.0764791

27 16 0.0760261

28 16 0.075273

29 16 0.0742228

30 16 0.0728798

31 16 0.0712491

32 16 0.0693372

33 16 0.0671517

34 16 0.0647011

35 16 0.0619952

36 16 0.0590447

37 16 0.0558611

38 16 0.0524571

39 16 0.048846

40 16 0.0450422

41 16 0.0410606

42 16 0.0369169

43 16 0.0326276

44 16 0.0282095

45 16 0.0236801

46 16 0.0190572

47 16 0.0143591

48 16 0.00960433

49 16 0.00481166

50 16 0

0 17 0

1 17 0.0049939

2 17 0.00996809

3 17 0.0149029

4 17 0.019779

5 17 0.024577

6 17 0.0292779

7 17 0.0338634

8 17 0.0383152

9 17 0.0426157

10 17 0.0467481

11 17 0.050696

12 17 0.0544439

13 17 0.0579768

14 17 0.061281

15 17 0.0643433

16 17 0.0671517

17 17 0.069695

18 17 0.0719633

19 17 0.0739476

20 17 0.0756401

21 17 0.077034

22 17 0.0781239

23 17 0.0789055

24 17 0.0793757

25 17 0.0795327

26 17 0.0793757

27 17 0.0789055

28 17 0.0781239

29 17 0.077034

30 17 0.0756401

31 17 0.0739476

32 17 0.0719633

33 17 0.069695

34 17 0.0671517

35 17 0.0643433

36 17 0.061281

37 17 0.0579768

38 17 0.0544439

39 17 0.050696

40 17 0.0467481

41 17 0.0426157

42 17 0.0383152

43 17 0.0338634

44 17 0.0292779

45 17 0.024577

46 17 0.019779

47 17 0.0149029

48 17 0.00996809

49 17 0.0049939

50 17 0

0 18 0

1 18 0.00515643

2 18 0.0102925

3 18 0.015388

4 18 0.0204227

5 18 0.0253768

6 18 0.0302308

7 18 0.0349655

8 18 0.0395622

9 18 0.0440027

10 18 0.0482696

11 18 0.052346

12 18 0.0562158

13 18 0.0598638

14 18 0.0632754

15 18 0.0664374

16 18 0.0693372

17 18 0.0719633

18 18 0.0743055

19 18 0.0763543

20 18 0.0781019

21 18 0.0795412

22 18 0.0806666

23 18 0.0814736

24 18 0.0819591

25 18 0.0821212

26 18 0.0819591

27 18 0.0814736

28 18 0.0806666

29 18 0.0795412

30 18 0.0781019

31 18 0.0763543

32 18 0.0743055

33 18 0.0719633

34 18 0.0693372

35 18 0.0664374

36 18 0.0632754

37 18 0.0598638

38 18 0.0562158

39 18 0.052346

40 18 0.0482696

41 18 0.0440027

42 18 0.0395622

43 18 0.0349655

44 18 0.0302308

45 18 0.0253768

46 18 0.0204227

47 18 0.015388

48 18 0.0102925

49 18 0.00515643

50 18 0

0 19 0

1 19 0.00529861

2 19 0.0105763

3 19 0.0158123

4 19 0.0209858

5 19 0.0260766

6 19 0.0310644

7 19 0.0359296

8 19 0.040653

9 19 0.045216

10 19 0.0496006

11 19 0.0537894

12 19 0.0577659

13 19 0.0615144

14 19 0.0650202

15 19 0.0682693

16 19 0.0712491

17 19 0.0739476

18 19 0.0763543

19 19 0.0784597

20 19 0.0802554

21 19 0.0817344

22 19 0.0828908

23 19 0.0837201

24 19 0.084219

25 19 0.0843855

26 19 0.084219

27 19 0.0837201

28 19 0.0828908

29 19 0.0817344

30 19 0.0802554

31 19 0.0784597

32 19 0.0763543

33 19 0.0739476

34 19 0.0712491

35 19 0.0682693

36 19 0.0650202

37 19 0.0615144

38 19 0.0577659

39 19 0.0537894

40 19 0.0496006

41 19 0.045216

42 19 0.040653

43 19 0.0359296

44 19 0.0310644

45 19 0.0260766

46 19 0.0209858

47 19 0.0158123

48 19 0.0105763

49 19 0.00529861

50 19 0

0 20 0

1 20 0.00541988

2 20 0.0108184

3 20 0.0161742

4 20 0.0214661

5 20 0.0266734

6 20 0.0317754

7 20 0.0367519

8 20 0.0415835

9 20 0.0462509

10 20 0.0507358

11 20 0.0550205

12 20 0.059088

13 20 0.0629223

14 20 0.0665083

15 20 0.0698318

16 20 0.0728798

17 20 0.0756401

18 20 0.0781019

19 20 0.0802554

20 20 0.0820923

21 20 0.0836051

22 20 0.084788

23 20 0.0856363

24 20 0.0861466

25 20 0.0863169

26 20 0.0861466

27 20 0.0856363

28 20 0.084788

29 20 0.0836051

30 20 0.0820923

31 20 0.0802554

32 20 0.0781019

33 20 0.0756401

34 20 0.0728798

35 20 0.0698318

36 20 0.0665083

37 20 0.0629223

38 20 0.059088

39 20 0.0550205

40 20 0.0507358

41 20 0.0462509

42 20 0.0415835

43 20 0.0367519

44 20 0.0317754

45 20 0.0266734

46 20 0.0214661

47 20 0.0161742

48 20 0.0108184

49 20 0.00541988

50 20 0

0 21 0

1 21 0.00551976

2 21 0.0110177

3 21 0.0164722

4 21 0.0218617

5 21 0.0271649

6 21 0.0323609

7 21 0.0374292

8 21 0.0423498

9 21 0.0471032

10 21 0.0516708

11 21 0.0560344

12 21 0.0601769

13 21 0.0640819

14 21 0.067734

15 21 0.0711187

16 21 0.0742228

17 21 0.077034

18 21 0.0795412

19 21 0.0817344

20 21 0.0836051

21 21 0.0851458

22 21 0.0863505

23 21 0.0872144

24 21 0.0877341

25 21 0.0879076

26 21 0.0877341

27 21 0.0872144

28 21 0.0863505

29 21 0.0851458

30 21 0.0836051

31 21 0.0817344

32 21 0.0795412

33 21 0.077034

34 21 0.0742228

35 21 0.0711187

36 21 0.067734

37 21 0.0640819

38 21 0.0601769

39 21 0.0560344

40 21 0.0516708

41 21 0.0471032

42 21 0.0423498

43 21 0.0374292

44 21 0.0323609

45 21 0.0271649

46 21 0.0218617

47 21 0.0164722

48 21 0.0110177

49 21 0.00551976

50 21 0

0 22 0

1 22 0.00559786

2 22 0.0111736

3 22 0.0167053

4 22 0.022171

5 22 0.0275493

6 22 0.0328188

7 22 0.0379588

8 22 0.042949

9 22 0.0477697

10 22 0.0524019

11 22 0.0568272

12 22 0.0610283

13 22 0.0649886

14 22 0.0686923

15 22 0.072125

16 22 0.075273

17 22 0.0781239

18 22 0.0806666

19 22 0.0828908

20 22 0.084788

21 22 0.0863505

22 22 0.0875723

23 22 0.0884484

24 22 0.0889755

25 22 0.0891514

26 22 0.0889755

27 22 0.0884484

28 22 0.0875723

29 22 0.0863505

30 22 0.084788

31 22 0.0828908

32 22 0.0806666

33 22 0.0781239

34 22 0.075273

35 22 0.072125

36 22 0.0686923

37 22 0.0649886

38 22 0.0610283

39 22 0.0568272

40 22 0.0524019

41 22 0.0477697

42 22 0.042949

43 22 0.0379588

44 22 0.0328188

45 22 0.0275493

46 22 0.022171

47 22 0.0167053

48 22 0.0111736

49 22 0.00559786

50 22 0

0 23 0

1 23 0.00565387

2 23 0.0112854

3 23 0.0168724

4 23 0.0223929

5 23 0.0278249

6 23 0.0331471

7 23 0.0383386

8 23 0.0433787

9 23 0.0482476

10 23 0.0529261

11 23 0.0573958

12 23 0.0616389

13 23 0.0656387

14 23 0.0693796

15 23 0.0728466

16 23 0.0760261

17 23 0.0789055

18 23 0.0814736

19 23 0.0837201

20 23 0.0856363

21 23 0.0872144

22 23 0.0884484

23 23 0.0893333

24 23 0.0898656

25 23 0.0900433

26 23 0.0898656

27 23 0.0893333

28 23 0.0884484

29 23 0.0872144

30 23 0.0856363

31 23 0.0837201

32 23 0.0814736

33 23 0.0789055

34 23 0.0760261

35 23 0.0728466

36 23 0.0693796

37 23 0.0656387

38 23 0.0616389

39 23 0.0573958

40 23 0.0529261

41 23 0.0482476

42 23 0.0433787

43 23 0.0383386

44 23 0.0331471

45 23 0.0278249

46 23 0.0223929

47 23 0.0168724

48 23 0.0112854

49 23 0.00565387

50 23 0

0 24 0

1 24 0.00568756

2 24 0.0113527

3 24 0.016973

4 24 0.0225263

5 24 0.0279907

6 24 0.0333447

7 24 0.038567

8 24 0.0436372

9 24 0.0485351

10 24 0.0532415

11 24 0.0577378

12 24 0.0620062

13 24 0.0660299

14 24 0.069793

15 24 0.0732807

16 24 0.0764791

17 24 0.0793757

18 24 0.0819591

19 24 0.084219

20 24 0.0861466

21 24 0.0877341

22 24 0.0889755

23 24 0.0898656

24 24 0.0904011

25 24 0.0905799

26 24 0.0904011

27 24 0.0898656

28 24 0.0889755

29 24 0.0877341

30 24 0.0861466

31 24 0.084219

32 24 0.0819591

33 24 0.0793757

34 24 0.0764791

35 24 0.0732807

36 24 0.069793

37 24 0.0660299

38 24 0.0620062

39 24 0.0577378

40 24 0.0532415

41 24 0.0485351

42 24 0.0436372

43 24 0.038567

44 24 0.0333447

45 24 0.0279907

46 24 0.0225263

47 24 0.016973

48 24 0.0113527

49 24 0.00568756

50 24 0

0 25 0

1 25 0.0056988

2 25 0.0113751

3 25 0.0170065

4 25 0.0225708

5 25 0.0280461

6 25 0.0334106

7 25 0.0386433

8 25 0.0437235

9 25 0.0486311

10 25 0.0533468

11 25 0.0578519

12 25 0.0621288

13 25 0.0661604

14 25 0.069931

15 25 0.0734255

16 25 0.0766303

17 25 0.0795327

18 25 0.0821212

19 25 0.0843855

20 25 0.0863169

21 25 0.0879076

22 25 0.0891514

23 25 0.0900433

24 25 0.0905799

25 25 0.090759

26 25 0.0905799

27 25 0.0900433

28 25 0.0891514

29 25 0.0879076

30 25 0.0863169

31 25 0.0843855

32 25 0.0821212

33 25 0.0795327

34 25 0.0766303

35 25 0.0734255

36 25 0.069931

37 25 0.0661604

38 25 0.0621288

39 25 0.0578519

40 25 0.0533468

41 25 0.0486311

42 25 0.0437235

43 25 0.0386433

44 25 0.0334106

45 25 0.0280461

46 25 0.0225708

47 25 0.0170065

48 25 0.0113751

49 25 0.0056988

50 25 0

0 26 0

1 26 0.00568756

2 26 0.0113527

3 26 0.016973

4 26 0.0225263

5 26 0.0279907

6 26 0.0333447

7 26 0.038567

8 26 0.0436372

9 26 0.0485351

10 26 0.0532415

11 26 0.0577378

12 26 0.0620062

13 26 0.0660299

14 26 0.069793

15 26 0.0732807

16 26 0.0764791

17 26 0.0793757

18 26 0.0819591

19 26 0.084219

20 26 0.0861466

21 26 0.0877341

22 26 0.0889755

23 26 0.0898656

24 26 0.0904011

25 26 0.0905799

26 26 0.0904011

27 26 0.0898656

28 26 0.0889755

29 26 0.0877341

30 26 0.0861466

31 26 0.084219

32 26 0.0819591

33 26 0.0793757

34 26 0.0764791

35 26 0.0732807

36 26 0.069793

37 26 0.0660299

38 26 0.0620062

39 26 0.0577378

40 26 0.0532415

41 26 0.0485351

42 26 0.0436372

43 26 0.038567

44 26 0.0333447

45 26 0.0279907

46 26 0.0225263

47 26 0.016973

48 26 0.0113527

49 26 0.00568756

50 26 0

0 27 0

1 27 0.00565387

2 27 0.0112854

3 27 0.0168724

4 27 0.0223929

5 27 0.0278249

6 27 0.0331471

7 27 0.0383386

8 27 0.0433787

9 27 0.0482476

10 27 0.0529261

11 27 0.0573958

12 27 0.0616389

13 27 0.0656387

14 27 0.0693796

15 27 0.0728466

16 27 0.0760261

17 27 0.0789055

18 27 0.0814736

19 27 0.0837201

20 27 0.0856363

21 27 0.0872144

22 27 0.0884484

23 27 0.0893333

24 27 0.0898656

25 27 0.0900433

26 27 0.0898656

27 27 0.0893333

28 27 0.0884484

29 27 0.0872144

30 27 0.0856363

31 27 0.0837201

32 27 0.0814736

33 27 0.0789055

34 27 0.0760261

35 27 0.0728466

36 27 0.0693796

37 27 0.0656387

38 27 0.0616389

39 27 0.0573958

40 27 0.0529261

41 27 0.0482476

42 27 0.0433787

43 27 0.0383386

44 27 0.0331471

45 27 0.0278249

46 27 0.0223929

47 27 0.0168724

48 27 0.0112854

49 27 0.00565387

50 27 0

0 28 0

1 28 0.00559786

2 28 0.0111736

3 28 0.0167053

4 28 0.022171

5 28 0.0275493

6 28 0.0328188

7 28 0.0379588

8 28 0.042949

9 28 0.0477697

10 28 0.0524019

11 28 0.0568272

12 28 0.0610283

13 28 0.0649886

14 28 0.0686923

15 28 0.072125

16 28 0.075273

17 28 0.0781239

18 28 0.0806666

19 28 0.0828908

20 28 0.084788

21 28 0.0863505

22 28 0.0875723

23 28 0.0884484

24 28 0.0889755

25 28 0.0891514

26 28 0.0889755

27 28 0.0884484

28 28 0.0875723

29 28 0.0863505

30 28 0.084788

31 28 0.0828908

32 28 0.0806666

33 28 0.0781239

34 28 0.075273

35 28 0.072125

36 28 0.0686923

37 28 0.0649886

38 28 0.0610283

39 28 0.0568272

40 28 0.0524019

41 28 0.0477697

42 28 0.042949

43 28 0.0379588

44 28 0.0328188

45 28 0.0275493

46 28 0.022171

47 28 0.0167053

48 28 0.0111736

49 28 0.00559786

50 28 0

0 29 0

1 29 0.00551976

2 29 0.0110177

3 29 0.0164722

4 29 0.0218617

5 29 0.0271649

6 29 0.0323609

7 29 0.0374292

8 29 0.0423498

9 29 0.0471032

10 29 0.0516708

11 29 0.0560344

12 29 0.0601769

13 29 0.0640819

14 29 0.067734

15 29 0.0711187

16 29 0.0742228

17 29 0.077034

18 29 0.0795412

19 29 0.0817344

20 29 0.0836051

21 29 0.0851458

22 29 0.0863505

23 29 0.0872144

24 29 0.0877341

25 29 0.0879076

26 29 0.0877341

27 29 0.0872144

28 29 0.0863505

29 29 0.0851458

30 29 0.0836051

31 29 0.0817344

32 29 0.0795412

33 29 0.077034

34 29 0.0742228

35 29 0.0711187

36 29 0.067734

37 29 0.0640819

38 29 0.0601769

39 29 0.0560344

40 29 0.0516708

41 29 0.0471032

42 29 0.0423498

43 29 0.0374292

44 29 0.0323609

45 29 0.0271649

46 29 0.0218617

47 29 0.0164722

48 29 0.0110177

49 29 0.00551976

50 29 0

0 30 0

1 30 0.00541988

2 30 0.0108184

3 30 0.0161742

4 30 0.0214661

5 30 0.0266734

6 30 0.0317754

7 30 0.0367519

8 30 0.0415835

9 30 0.0462509

10 30 0.0507358

11 30 0.0550205

12 30 0.059088

13 30 0.0629223

14 30 0.0665083

15 30 0.0698318

16 30 0.0728798

17 30 0.0756401

18 30 0.0781019

19 30 0.0802554

20 30 0.0820923

21 30 0.0836051

22 30 0.084788

23 30 0.0856363

24 30 0.0861466

25 30 0.0863169

26 30 0.0861466

27 30 0.0856363

28 30 0.084788

29 30 0.0836051

30 30 0.0820923

31 30 0.0802554

32 30 0.0781019

33 30 0.0756401

34 30 0.0728798

35 30 0.0698318

36 30 0.0665083

37 30 0.0629223

38 30 0.059088

39 30 0.0550205

40 30 0.0507358

41 30 0.0462509

42 30 0.0415835

43 30 0.0367519

44 30 0.0317754

45 30 0.0266734

46 30 0.0214661

47 30 0.0161742

48 30 0.0108184

49 30 0.00541988

50 30 0

0 31 0

1 31 0.00529861

2 31 0.0105763

3 31 0.0158123

4 31 0.0209858

5 31 0.0260766

6 31 0.0310644

7 31 0.0359296

8 31 0.040653

9 31 0.045216

10 31 0.0496006

11 31 0.0537894

12 31 0.0577659

13 31 0.0615144

14 31 0.0650202

15 31 0.0682693

16 31 0.0712491

17 31 0.0739476

18 31 0.0763543

19 31 0.0784597

20 31 0.0802554

21 31 0.0817344

22 31 0.0828908

23 31 0.0837201

24 31 0.084219

25 31 0.0843855

26 31 0.084219

27 31 0.0837201

28 31 0.0828908

29 31 0.0817344

30 31 0.0802554

31 31 0.0784597

32 31 0.0763543

33 31 0.0739476

34 31 0.0712491

35 31 0.0682693

36 31 0.0650202

37 31 0.0615144

38 31 0.0577659

39 31 0.0537894

40 31 0.0496006

41 31 0.045216

42 31 0.040653

43 31 0.0359296

44 31 0.0310644

45 31 0.0260766

46 31 0.0209858

47 31 0.0158123

48 31 0.0105763

49 31 0.00529861

50 31 0

0 32 0

1 32 0.00515643

2 32 0.0102925

3 32 0.015388

4 32 0.0204227

5 32 0.0253768

6 32 0.0302308

7 32 0.0349655

8 32 0.0395622

9 32 0.0440027

10 32 0.0482696

11 32 0.052346

12 32 0.0562158

13 32 0.0598638

14 32 0.0632754

15 32 0.0664374

16 32 0.0693372

17 32 0.0719633

18 32 0.0743055

19 32 0.0763543

20 32 0.0781019

21 32 0.0795412

22 32 0.0806666

23 32 0.0814736

24 32 0.0819591

25 32 0.0821212

26 32 0.0819591

27 32 0.0814736

28 32 0.0806666

29 32 0.0795412

30 32 0.0781019

31 32 0.0763543

32 32 0.0743055

33 32 0.0719633

34 32 0.0693372

35 32 0.0664374

36 32 0.0632754

37 32 0.0598638

38 32 0.0562158

39 32 0.052346

40 32 0.0482696

41 32 0.0440027

42 32 0.0395622

43 32 0.0349655

44 32 0.0302308

45 32 0.0253768

46 32 0.0204227

47 32 0.015388

48 32 0.0102925

49 32 0.00515643

50 32 0

0 33 0

1 33 0.0049939

2 33 0.00996809

3 33 0.0149029

4 33 0.019779

5 33 0.024577

6 33 0.0292779

7 33 0.0338634

8 33 0.0383152

9 33 0.0426157

10 33 0.0467481

11 33 0.050696

12 33 0.0544439

13 33 0.0579768

14 33 0.061281

15 33 0.0643433

16 33 0.0671517

17 33 0.069695

18 33 0.0719633

19 33 0.0739476

20 33 0.0756401

21 33 0.077034

22 33 0.0781239

23 33 0.0789055

24 33 0.0793757

25 33 0.0795327

26 33 0.0793757

27 33 0.0789055

28 33 0.0781239

29 33 0.077034

30 33 0.0756401

31 33 0.0739476

32 33 0.0719633

33 33 0.069695

34 33 0.0671517

35 33 0.0643433

36 33 0.061281

37 33 0.0579768

38 33 0.0544439

39 33 0.050696

40 33 0.0467481

41 33 0.0426157

42 33 0.0383152

43 33 0.0338634

44 33 0.0292779

45 33 0.024577

46 33 0.019779

47 33 0.0149029

48 33 0.00996809

49 33 0.0049939

50 33 0

0 34 0

1 34 0.00481166

2 34 0.00960433

3 34 0.0143591

4 34 0.0190572

5 34 0.0236801

6 34 0.0282095

7 34 0.0326276

8 34 0.0369169

9 34 0.0410606

10 34 0.0450422

11 34 0.048846

12 34 0.0524571

13 34 0.0558611

14 34 0.0590447

15 34 0.0619952

16 34 0.0647011

17 34 0.0671517

18 34 0.0693372

19 34 0.0712491

20 34 0.0728798

21 34 0.0742228

22 34 0.075273

23 34 0.0760261

24 34 0.0764791

25 34 0.0766303

26 34 0.0764791

27 34 0.0760261

28 34 0.075273

29 34 0.0742228

30 34 0.0728798

31 34 0.0712491

32 34 0.0693372

33 34 0.0671517

34 34 0.0647011

35 34 0.0619952

36 34 0.0590447

37 34 0.0558611

38 34 0.0524571

39 34 0.048846

40 34 0.0450422

41 34 0.0410606

42 34 0.0369169

43 34 0.0326276

44 34 0.0282095

45 34 0.0236801

46 34 0.0190572

47 34 0.0143591

48 34 0.00960433

49 34 0.00481166

50 34 0

0 35 0

1 35 0.00461043

2 35 0.00920266

3 35 0.0137586

4 35 0.0182602

5 35 0.0226897

6 35 0.0270297

7 35 0.0312631

8 35 0.035373

9 35 0.0393434

10 35 0.0431585

11 35 0.0468032

12 35 0.0502632

13 35 0.0535249

14 35 0.0565754

15 35 0.0594025

16 35 0.0619952

17 35 0.0643433

18 35 0.0664374

19 35 0.0682693

20 35 0.0698318

21 35 0.0711187

22 35 0.072125

23 35 0.0728466

24 35 0.0732807

25 35 0.0734255

26 35 0.0732807

27 35 0.0728466

28 35 0.072125

29 35 0.0711187

30 35 0.0698318

31 35 0.0682693

32 35 0.0664374

33 35 0.0643433

34 35 0.0619952

35 35 0.0594025

36 35 0.0565754

37 35 0.0535249

38 35 0.0502632

39 35 0.0468032

40 35 0.0431585

41 35 0.0393434

42 35 0.035373

43 35 0.0312631

44 35 0.0270297

45 35 0.0226897

46 35 0.0182602

47 35 0.0137586

48 35 0.00920266

49 35 0.00461043

50 35 0

0 36 0

1 36 0.004391

2 36 0.00876468

3 36 0.0131038

4 36 0.0173911

5 36 0.0216099

6 36 0.0257433

7 36 0.0297752

8 36 0.0336895

9 36 0.0374709

10 36 0.0411044

11 36 0.0445757

12 36 0.0478711

13 36 0.0509775

14 36 0.0538827

15 36 0.0565754

16 36 0.0590447

17 36 0.061281

18 36 0.0632754

19 36 0.0650202

20 36 0.0665083

21 36 0.067734

22 36 0.0686923

23 36 0.0693796

24 36 0.069793

25 36 0.069931

26 36 0.069793

27 36 0.0693796

28 36 0.0686923

29 36 0.067734

30 36 0.0665083

31 36 0.0650202

32 36 0.0632754

33 36 0.061281

34 36 0.0590447

35 36 0.0565754

36 36 0.0538827

37 36 0.0509775

38 36 0.0478711

39 36 0.0445757

40 36 0.0411044

41 36 0.0374709

42 36 0.0336895

43 36 0.0297752

44 36 0.0257433

45 36 0.0216099

46 36 0.0173911

47 36 0.0131038

48 36 0.00876468

49 36 0.004391

50 36 0

0 37 0

1 37 0.00415425

2 37 0.0082921

3 37 0.0123972

4 37 0.0164534

5 37 0.0204447

6 37 0.0243553

7 37 0.0281697

8 37 0.031873

9 37 0.0354505

10 37 0.0388881

11 37 0.0421722

12 37 0.0452899

13 37 0.0482289

14 37 0.0509775

15 37 0.0535249

16 37 0.0558611

17 37 0.0579768

18 37 0.0598638

19 37 0.0615144

20 37 0.0629223

21 37 0.0640819

22 37 0.0649886

23 37 0.0656387

24 37 0.0660299

25 37 0.0661604

26 37 0.0660299

27 37 0.0656387

28 37 0.0649886

29 37 0.0640819

30 37 0.0629223

31 37 0.0615144

32 37 0.0598638

33 37 0.0579768

34 37 0.0558611

35 37 0.0535249

36 37 0.0509775

37 37 0.0482289

38 37 0.0452899

39 37 0.0421722

40 37 0.0388881

41 37 0.0354505

42 37 0.031873

43 37 0.0281697

44 37 0.0243553

45 37 0.0204447

46 37 0.0164534

47 37 0.0123972

48 37 0.0082921

49 37 0.00415425

50 37 0

0 38 0

1 38 0.0039011

2 38 0.0077868

3 38 0.0116418

4 38 0.0154508

5 38 0.0191989

6 38 0.0228711

7 38 0.0264531

8 38 0.0299308

9 38 0.0332903

10 38 0.0365184

11 38 0.0396024

12 38 0.0425301

13 38 0.0452899

14 38 0.0478711

15 38 0.0502632

16 38 0.0524571

17 38 0.0544439

18 38 0.0562158

19 38 0.0577659

20 38 0.059088

21 38 0.0601769

22 38 0.0610283

23 38 0.0616389

24 38 0.0620062

25 38 0.0621288

26 38 0.0620062

27 38 0.0616389

28 38 0.0610283

29 38 0.0601769

30 38 0.059088

31 38 0.0577659

32 38 0.0562158

33 38 0.0544439

34 38 0.0524571

35 38 0.0502632

36 38 0.0478711

37 38 0.0452899

38 38 0.0425301

39 38 0.0396024

40 38 0.0365184

41 38 0.0332903

42 38 0.0299308

43 38 0.0264531

44 38 0.0228711

45 38 0.0191989

46 38 0.0154508

47 38 0.0116418

48 38 0.0077868

49 38 0.0039011

50 38 0

0 39 0

1 39 0.00363255

2 39 0.00725077

3 39 0.0108404

4 39 0.0143872

5 39 0.0178772

6 39 0.0212967

7 39 0.0246322

8 39 0.0278704

9 39 0.0309986

10 39 0.0340045

11 39 0.0368762

12 39 0.0396024

13 39 0.0421722

14 39 0.0445757

15 39 0.0468032

16 39 0.048846

17 39 0.050696

18 39 0.052346

19 39 0.0537894

20 39 0.0550205

21 39 0.0560344

22 39 0.0568272

23 39 0.0573958

24 39 0.0577378

25 39 0.0578519

26 39 0.0577378

27 39 0.0573958

28 39 0.0568272

29 39 0.0560344

30 39 0.0550205

31 39 0.0537894

32 39 0.052346

33 39 0.050696

34 39 0.048846

35 39 0.0468032

36 39 0.0445757

37 39 0.0421722

38 39 0.0396024

39 39 0.0368762

40 39 0.0340045

41 39 0.0309986

42 39 0.0278704

43 39 0.0246322

44 39 0.0212967

45 39 0.0178772

46 39 0.0143872

47 39 0.0108404

48 39 0.00725077

49 39 0.00363255

50 39 0

0 40 0

1 40 0.00334967

2 40 0.00668612

3 40 0.00999619

4 40 0.0132668

5 40 0.0164851

6 40 0.0196383

7 40 0.022714

8 40 0.0257

9 40 0.0285846

10 40 0.0313564

11 40 0.0340045

12 40 0.0365184

13 40 0.0388881

14 40 0.0411044

15 40 0.0431585

16 40 0.0450422

17 40 0.0467481

18 40 0.0482696

19 40 0.0496006

20 40 0.0507358

21 40 0.0516708

22 40 0.0524019

23 40 0.0529261

24 40 0.0532415

25 40 0.0533468

26 40 0.0532415

27 40 0.0529261

28 40 0.0524019

29 40 0.0516708

30 40 0.0507358

31 40 0.0496006

32 40 0.0482696

33 40 0.0467481

34 40 0.0450422

35 40 0.0431585

36 40 0.0411044

37 40 0.0388881

38 40 0.0365184

39 40 0.0340045

40 40 0.0313564

41 40 0.0285846

42 40 0.0257

43 40 0.022714

44 40 0.0196383

45 40 0.0164851

46 40 0.0132668

47 40 0.00999619

48 40 0.00668612

49 40 0.00334967

50 40 0

0 41 0

1 41 0.00305357

2 41 0.00609509

3 41 0.00911256

4 41 0.0120941

5 41 0.0150278

6 41 0.0179023

7 41 0.0207061

8 41 0.0234282

9 41 0.0260578

10 41 0.0285846

11 41 0.0309986

12 41 0.0332903

13 41 0.0354505

14 41 0.0374709

15 41 0.0393434

16 41 0.0410606

17 41 0.0426157

18 41 0.0440027

19 41 0.045216

20 41 0.0462509

21 41 0.0471032

22 41 0.0477697

23 41 0.0482476

24 41 0.0485351

25 41 0.0486311

26 41 0.0485351

27 41 0.0482476

28 41 0.0477697

29 41 0.0471032

30 41 0.0462509

31 41 0.045216

32 41 0.0440027

33 41 0.0426157

34 41 0.0410606

35 41 0.0393434

36 41 0.0374709

37 41 0.0354505

38 41 0.0332903

39 41 0.0309986

40 41 0.0285846

41 41 0.0260578

42 41 0.0234282

43 41 0.0207061

44 41 0.0179023

45 41 0.0150278

46 41 0.0120941

47 41 0.00911256

48 41 0.00609509

49 41 0.00305357

50 41 0

0 42 0

1 42 0.00274542

2 42 0.00548

3 42 0.00819296

4 42 0.0108736

5 42 0.0135113

6 42 0.0160957

7 42 0.0186165

8 42 0.0210639

9 42 0.0234282

10 42 0.0257

11 42 0.0278704

12 42 0.0299308

13 42 0.031873

14 42 0.0336895

15 42 0.035373

16 42 0.0369169

17 42 0.0383152

18 42 0.0395622

19 42 0.040653

20 42 0.0415835

21 42 0.0423498

22 42 0.042949

23 42 0.0433787

24 42 0.0436372

25 42 0.0437235

26 42 0.0436372

27 42 0.0433787

28 42 0.042949

29 42 0.0423498

30 42 0.0415835

31 42 0.040653

32 42 0.0395622

33 42 0.0383152

34 42 0.0369169

35 42 0.035373

36 42 0.0336895

37 42 0.031873

38 42 0.0299308

39 42 0.0278704

40 42 0.0257

41 42 0.0234282

42 42 0.0210639

43 42 0.0186165

44 42 0.0160957

45 42 0.0135113

46 42 0.0108736

47 42 0.00819296

48 42 0.00548

49 42 0.00274542

50 42 0

0 43 0

1 43 0.00242643

2 43 0.00484329

3 43 0.00724103

4 43 0.00961019

5 43 0.0119414

6 43 0.0142255

7 43 0.0164535

8 43 0.0186165

9 43 0.0207061

10 43 0.022714

11 43 0.0246322

12 43 0.0264531

13 43 0.0281697

14 43 0.0297752

15 43 0.0312631

16 43 0.0326276

17 43 0.0338634

18 43 0.0349655

19 43 0.0359296

20 43 0.0367519

21 43 0.0374292

22 43 0.0379588

23 43 0.0383386

24 43 0.038567

25 43 0.0386433

26 43 0.038567

27 43 0.0383386

28 43 0.0379588

29 43 0.0374292

30 43 0.0367519

31 43 0.0359296

32 43 0.0349655

33 43 0.0338634

34 43 0.0326276

35 43 0.0312631

36 43 0.0297752

37 43 0.0281697

38 43 0.0264531

39 43 0.0246322

40 43 0.022714

41 43 0.0207061

42 43 0.0186165

43 43 0.0164535

44 43 0.0142255

45 43 0.0119414

46 43 0.00961019

47 43 0.00724103

48 43 0.00484329

49 43 0.00242643

50 43 0

0 44 0

1 44 0.00209787

2 44 0.00418746

3 44 0.00626052

4 44 0.00830888

5 44 0.0103244

6 44 0.0122993

7 44 0.0142255

8 44 0.0160957

9 44 0.0179023

10 44 0.0196383

11 44 0.0212967

12 44 0.0228711

13 44 0.0243553

14 44 0.0257433

15 44 0.0270297

16 44 0.0282095

17 44 0.0292779

18 44 0.0302308

19 44 0.0310644

20 44 0.0317754

21 44 0.0323609

22 44 0.0328188

23 44 0.0331471

24 44 0.0333447

25 44 0.0334106

26 44 0.0333447

27 44 0.0331471

28 44 0.0328188

29 44 0.0323609

30 44 0.0317754

31 44 0.0310644

32 44 0.0302308

33 44 0.0292779

34 44 0.0282095

35 44 0.0270297

36 44 0.0257433

37 44 0.0243553

38 44 0.0228711

39 44 0.0212967

40 44 0.0196383

41 44 0.0179023

42 44 0.0160957

43 44 0.0142255

44 44 0.0122993

45 44 0.0103244

46 44 0.00830888

47 44 0.00626052

48 44 0.00418746

49 44 0.00209787

50 44 0

0 45 0

1 45 0.00176103

2 45 0.0035151

3 45 0.00525531

4 45 0.00697477

5 45 0.00866671

6 45 0.0103244

7 45 0.0119414

8 45 0.0135113

9 45 0.0150278

10 45 0.0164851

11 45 0.0178772

12 45 0.0191989

13 45 0.0204447

14 45 0.0216099

15 45 0.0226897

16 45 0.0236801

17 45 0.024577

18 45 0.0253768

19 45 0.0260766

20 45 0.0266734

21 45 0.0271649

22 45 0.0275493

23 45 0.0278249

24 45 0.0279907

25 45 0.0280461

26 45 0.0279907

27 45 0.0278249

28 45 0.0275493

29 45 0.0271649

30 45 0.0266734

31 45 0.0260766

32 45 0.0253768

33 45 0.024577

34 45 0.0236801

35 45 0.0226897

36 45 0.0216099

37 45 0.0204447

38 45 0.0191989

39 45 0.0178772

40 45 0.0164851

41 45 0.0150278

42 45 0.0135113

43 45 0.0119414

44 45 0.0103244

45 45 0.00866671

46 45 0.00697477

47 45 0.00525531

48 45 0.0035151

49 45 0.00176103

50 45 0

0 46 0

1 46 0.00141723

2 46 0.00282888

3 46 0.00422935

4 46 0.00561314

5 46 0.00697477

6 46 0.00830888

7 46 0.00961019

8 46 0.0108736

9 46 0.0120941

10 46 0.0132668

11 46 0.0143872

12 46 0.0154508

13 46 0.0164534

14 46 0.0173911

15 46 0.0182602

16 46 0.0190572

17 46 0.019779

18 46 0.0204227

19 46 0.0209858

20 46 0.0214661

21 46 0.0218617

22 46 0.022171

23 46 0.0223929

24 46 0.0225263

25 46 0.0225708

26 46 0.0225263

27 46 0.0223929

28 46 0.022171

29 46 0.0218617

30 46 0.0214661

31 46 0.0209858

32 46 0.0204227

33 46 0.019779

34 46 0.0190572

35 46 0.0182602

36 46 0.0173911

37 46 0.0164534

38 46 0.0154508

39 46 0.0143872

40 46 0.0132668

41 46 0.0120941

42 46 0.0108736

43 46 0.00961019

44 46 0.00830888

45 46 0.00697477

46 46 0.00561314

47 46 0.00422935

48 46 0.00282888

49 46 0.00141723

50 46 0

0 47 0

1 47 0.00106785

2 47 0.00213148

3 47 0.00318671

4 47 0.00422935

5 47 0.00525531

6 47 0.00626052

7 47 0.00724103

8 47 0.00819296

9 47 0.00911256

10 47 0.00999619

11 47 0.0108404

12 47 0.0116418

13 47 0.0123972

14 47 0.0131038

15 47 0.0137586

16 47 0.0143591

17 47 0.0149029

18 47 0.015388

19 47 0.0158123

20 47 0.0161742

21 47 0.0164722

22 47 0.0167053

23 47 0.0168724

24 47 0.016973

25 47 0.0170065

26 47 0.016973

27 47 0.0168724

28 47 0.0167053

29 47 0.0164722

30 47 0.0161742

31 47 0.0158123

32 47 0.015388

33 47 0.0149029

34 47 0.0143591

35 47 0.0137586

36 47 0.0131038

37 47 0.0123972

38 47 0.0116418

39 47 0.0108404

40 47 0.00999619

41 47 0.00911256

42 47 0.00819296

43 47 0.00724103

44 47 0.00626052

45 47 0.00525531

46 47 0.00422935

47 47 0.00318671

48 47 0.00213148

49 47 0.00106785

50 47 0

0 48 0

1 48 0.000714249

2 48 0.00142568

3 48 0.00213148

4 48 0.00282888

5 48 0.0035151

6 48 0.00418746

7 48 0.00484329

8 48 0.00548

9 48 0.00609509

10 48 0.00668612

11 48 0.00725077

12 48 0.0077868

13 48 0.0082921

14 48 0.00876468

15 48 0.00920266

16 48 0.00960433

17 48 0.00996809

18 48 0.0102925

19 48 0.0105763

20 48 0.0108184

21 48 0.0110177

22 48 0.0111736

23 48 0.0112854

24 48 0.0113527

25 48 0.0113751

26 48 0.0113527

27 48 0.0112854

28 48 0.0111736

29 48 0.0110177

30 48 0.0108184

31 48 0.0105763

32 48 0.0102925

33 48 0.00996809

34 48 0.00960433

35 48 0.00920266

36 48 0.00876468

37 48 0.0082921

38 48 0.0077868

39 48 0.00725077

40 48 0.00668612

41 48 0.00609509

42 48 0.00548

43 48 0.00484329

44 48 0.00418746

45 48 0.0035151

46 48 0.00282888

47 48 0.00213148

48 48 0.00142568

49 48 0.000714249

50 48 0

0 49 0

