0 1 0

1 1 0.000621781

2 1 0.00124111

3 1 0.00185554

4 1 0.00246264

5 1 0.00306003

6 1 0.00364534

7 1 0.00421626

8 1 0.00477055

9 1 0.00530601

10 1 0.00582052

11 1 0.00631207

12 1 0.0067787

13 1 0.00721859

14 1 0.00762998

15 1 0.00801126

16 1 0.00836093

17 1 0.00867759

18 1 0.00896002

19 1 0.00920708

20 1 0.0094178

21 1 0.00959136

22 1 0.00972706

23 1 0.00982438

24 1 0.00988292

25 1 0.00990246

26 1 0.00988292

27 1 0.00982438

28 1 0.00972706

29 1 0.00959136

30 1 0.0094178

31 1 0.00920708

32 1 0.00896002

33 1 0.00867759

34 1 0.00836093

35 1 0.00801126

36 1 0.00762998

37 1 0.00721859

38 1 0.0067787

39 1 0.00631207

40 1 0.00582052

41 1 0.00530601

42 1 0.00477055

43 1 0.00421626

44 1 0.00364534

45 1 0.00306003

46 1 0.00246264

47 1 0.00185554

48 1 0.00124111

49 1 0.000621781

50 1 0

0 2 0

1 2 0.00124111

2 2 0.00247732

3 2 0.00370375

4 2 0.00491557

5 2 0.00610798

6 2 0.00727629

7 2 0.00841589

8 2 0.00952227

9 2 0.0105911

10 2 0.0116181

11 2 0.0125992

12 2 0.0135307

13 2 0.0144087

14 2 0.0152298

15 2 0.0159909

16 2 0.0166889

17 2 0.0173209

18 2 0.0178847

19 2 0.0183778

20 2 0.0187984

21 2 0.0191449

22 2 0.0194157

23 2 0.01961

24 2 0.0197268

25 2 0.0197658

26 2 0.0197268

27 2 0.01961

28 2 0.0194157

29 2 0.0191449

30 2 0.0187984

31 2 0.0183778

32 2 0.0178847

33 2 0.0173209

34 2 0.0166889

35 2 0.0159909

36 2 0.0152298

37 2 0.0144087

38 2 0.0135307

39 2 0.0125992

40 2 0.0116181

41 2 0.0105911

42 2 0.00952227

43 2 0.00841589

44 2 0.00727629

45 2 0.00610798

46 2 0.00491557

47 2 0.00370375

48 2 0.00247732

49 2 0.00124111

50 2 0

0 3 0

1 3 0.00185554

2 3 0.00370375

3 3 0.00553735

4 3 0.00734909

5 3 0.00913183

6 3 0.0108785

7 3 0.0125823

8 3 0.0142364

9 3 0.0158343

10 3 0.0173698

11 3 0.0188367

12 3 0.0202292

13 3 0.0215419

14 3 0.0227696

15 3 0.0239074

16 3 0.0249509

17 3 0.0258959

18 3 0.0267387

19 3 0.027476

20 3 0.0281049

21 3 0.0286228

22 3 0.0290278

23 3 0.0293182

24 3 0.0294929

25 3 0.0295512

26 3 0.0294929

27 3 0.0293182

28 3 0.0290278

29 3 0.0286228

30 3 0.0281049

31 3 0.027476

32 3 0.0267387

33 3 0.0258959

34 3 0.0249509

35 3 0.0239074

36 3 0.0227696

37 3 0.0215419

38 3 0.0202292

39 3 0.0188367

40 3 0.0173698

41 3 0.0158343

42 3 0.0142364

43 3 0.0125823

44 3 0.0108785

45 3 0.00913183

46 3 0.00734909

47 3 0.00553735

48 3 0.00370375

49 3 0.00185554

50 3 0

0 4 0

1 4 0.00246264

2 4 0.00491557

3 4 0.00734909

4 4 0.00975361

5 4 0.0121196

6 4 0.0144378

7 4 0.0166991

8 4 0.0188944

9 4 0.0210151

10 4 0.0230529

11 4 0.0249998

12 4 0.0268479

13 4 0.0285901

14 4 0.0302195

15 4 0.0317296

16 4 0.0331145

17 4 0.0343687

18 4 0.0354873

19 4 0.0364658

20 4 0.0373004

21 4 0.0379878

22 4 0.0385253

23 4 0.0389107

24 4 0.0391426

25 4 0.03922

26 4 0.0391426

27 4 0.0389107

28 4 0.0385253

29 4 0.0379878

30 4 0.0373004

31 4 0.0364658

32 4 0.0354873

33 4 0.0343687

34 4 0.0331145

35 4 0.0317296

36 4 0.0302195

37 4 0.0285901

38 4 0.0268479

39 4 0.0249998

40 4 0.0230529

41 4 0.0210151

42 4 0.0188944

43 4 0.0166991

44 4 0.0144378

45 4 0.0121196

46 4 0.00975361

47 4 0.00734909

48 4 0.00491557

49 4 0.00246264

50 4 0

0 5 0

1 5 0.00306003

2 5 0.00610798

3 5 0.00913183

4 5 0.0121196

5 5 0.0150596

6 5 0.0179402

7 5 0.0207499

8 5 0.0234778

9 5 0.026113

10 5 0.0286451

11 5 0.0310642

12 5 0.0333607

13 5 0.0355255

14 5 0.0375501

15 5 0.0394266

16 5 0.0411474

17 5 0.0427059

18 5 0.0440958

19 5 0.0453117

20 5 0.0463487

21 5 0.0472029

22 5 0.0478707

23 5 0.0483497

24 5 0.0486378

25 5 0.0487339

26 5 0.0486378

27 5 0.0483497

28 5 0.0478707

29 5 0.0472029

30 5 0.0463487

31 5 0.0453117

32 5 0.0440958

33 5 0.0427059

34 5 0.0411474

35 5 0.0394266

36 5 0.0375501

37 5 0.0355255

38 5 0.0333607

39 5 0.0310642

40 5 0.0286451

41 5 0.026113

42 5 0.0234778

43 5 0.0207499

44 5 0.0179402

45 5 0.0150596

46 5 0.0121196

47 5 0.00913183

48 5 0.00610798

49 5 0.00306003

50 5 0

0 6 0

1 6 0.00364534

2 6 0.00727629

3 6 0.0108785

4 6 0.0144378

5 6 0.0179402

6 6 0.0213717

7 6 0.0247189

8 6 0.0279685

9 6 0.0311077

10 6 0.0341242

11 6 0.037006

12 6 0.0397418

13 6 0.0423207

14 6 0.0447326

15 6 0.0469679

16 6 0.0490179

17 6 0.0508745

18 6 0.0525303

19 6 0.0539787

20 6 0.0552141

21 6 0.0562317

22 6 0.0570273

23 6 0.0575978

24 6 0.057941

25 6 0.0580556

26 6 0.057941

27 6 0.0575978

28 6 0.0570273

29 6 0.0562317

30 6 0.0552141

31 6 0.0539787

32 6 0.0525303

33 6 0.0508745

34 6 0.0490179

35 6 0.0469679

36 6 0.0447326

37 6 0.0423207

38 6 0.0397418

39 6 0.037006

40 6 0.0341242

41 6 0.0311077

42 6 0.0279685

43 6 0.0247189

44 6 0.0213717

45 6 0.0179402

46 6 0.0144378

47 6 0.0108785

48 6 0.00727629

49 6 0.00364534

50 6 0

0 7 0

1 7 0.00421626

2 7 0.00841589

3 7 0.0125823

4 7 0.0166991

5 7 0.0207499

6 7 0.0247189

7 7 0.0285903

8 7 0.0323488

9 7 0.0359797

10 7 0.0394687

11 7 0.0428018

12 7 0.045966

13 7 0.0489489

14 7 0.0517385

15 7 0.054324

16 7 0.056695

17 7 0.0588423

18 7 0.0607574

19 7 0.0624327

20 7 0.0638616

21 7 0.0650385

22 7 0.0659587

23 7 0.0666186

24 7 0.0670156

25 7 0.0671481

26 7 0.0670156

27 7 0.0666186

28 7 0.0659587

29 7 0.0650385

30 7 0.0638616

31 7 0.0624327

32 7 0.0607574

33 7 0.0588423

34 7 0.056695

35 7 0.054324

36 7 0.0517385

37 7 0.0489489

38 7 0.045966

39 7 0.0428018

40 7 0.0394687

41 7 0.0359797

42 7 0.0323488

43 7 0.0285903

44 7 0.0247189

45 7 0.0207499

46 7 0.0166991

47 7 0.0125823

48 7 0.00841589

49 7 0.00421626

50 7 0

0 8 0

1 8 0.00477055

2 8 0.00952227

3 8 0.0142364

4 8 0.0188944

5 8 0.0234778

6 8 0.0279685

7 8 0.0323488

8 8 0.0366015

9 8 0.0407098

10 8 0.0446573

11 8 0.0484287

12 8 0.0520089

13 8 0.0553838

14 8 0.0585402

15 8 0.0614656

16 8 0.0641483

17 8 0.0665779

18 8 0.0687448

19 8 0.0706403

20 8 0.0722571

21 8 0.0735887

22 8 0.0746299

23 8 0.0753765

24 8 0.0758257

25 8 0.0759756

26 8 0.0758257

27 8 0.0753765

28 8 0.0746299

29 8 0.0735887

30 8 0.0722571

31 8 0.0706403

32 8 0.0687448

33 8 0.0665779

34 8 0.0641483

35 8 0.0614656

36 8 0.0585402

37 8 0.0553838

38 8 0.0520089

39 8 0.0484287

40 8 0.0446573

41 8 0.0407098

42 8 0.0366015

43 8 0.0323488

44 8 0.0279685

45 8 0.0234778

46 8 0.0188944

47 8 0.0142364

48 8 0.00952227

49 8 0.00477055

50 8 0

0 9 0

1 9 0.00530601

2 9 0.0105911

3 9 0.0158343

4 9 0.0210151

5 9 0.026113

6 9 0.0311077

7 9 0.0359797

8 9 0.0407098

9 9 0.0452791

10 9 0.0496698

11 9 0.0538644

12 9 0.0578465

13 9 0.0616002

14 9 0.0651109

15 9 0.0683646

16 9 0.0713485

17 9 0.0740508

18 9 0.0764609

19 9 0.0785692

20 9 0.0803674

21 9 0.0818485

22 9 0.0830065

23 9 0.083837

24 9 0.0843365

25 9 0.0845033

26 9 0.0843365

27 9 0.083837

28 9 0.0830065

29 9 0.0818485

30 9 0.0803674

31 9 0.0785692

32 9 0.0764609

33 9 0.0740508

34 9 0.0713485

35 9 0.0683646

36 9 0.0651109

37 9 0.0616002

38 9 0.0578465

39 9 0.0538644

40 9 0.0496698

41 9 0.0452791

42 9 0.0407098

43 9 0.0359797

44 9 0.0311077

45 9 0.026113

46 9 0.0210151

47 9 0.0158343

48 9 0.0105911

49 9 0.00530601

50 9 0

0 10 0

1 10 0.00582052

2 10 0.0116181

3 10 0.0173698

4 10 0.0230529

5 10 0.0286451

6 10 0.0341242

7 10 0.0394687

8 10 0.0446573

9 10 0.0496698

10 10 0.0544862

11 10 0.0590876

12 10 0.0634558

13 10 0.0675735

14 10 0.0714246

15 10 0.0749938

16 10 0.0782671

17 10 0.0812314

18 10 0.0838752

19 10 0.0861879

20 10 0.0881605

21 10 0.0897852

22 10 0.0910555

23 10 0.0919665

24 10 0.0925145

25 10 0.0926975

26 10 0.0925145

27 10 0.0919665

28 10 0.0910555

29 10 0.0897852

30 10 0.0881605

31 10 0.0861879

32 10 0.0838752

33 10 0.0812314

34 10 0.0782671

35 10 0.0749938

36 10 0.0714246

37 10 0.0675735

38 10 0.0634558

39 10 0.0590876

40 10 0.0544862

41 10 0.0496698

42 10 0.0446573

43 10 0.0394687

44 10 0.0341242

45 10 0.0286451

46 10 0.0230529

47 10 0.0173698

48 10 0.0116181

49 10 0.00582052

50 10 0

0 11 0

1 11 0.00631207

2 11 0.0125992

3 11 0.0188367

4 11 0.0249998

5 11 0.0310642

6 11 0.037006

7 11 0.0428018

8 11 0.0484287

9 11 0.0538644

10 11 0.0590876

11 11 0.0640776

12 11 0.0688147

13 11 0.0732802

14 11 0.0774565

15 11 0.0813271

16 11 0.0848767

17 11 0.0880914

18 11 0.0909585

19 11 0.0934665

20 11 0.0956057

21 11 0.0973676

22 11 0.0987452

23 11 0.0997331

24 11 0.100327

25 11 0.100526

26 11 0.100327

27 11 0.0997331

28 11 0.0987452

29 11 0.0973676

30 11 0.0956057

31 11 0.0934665

32 11 0.0909585

33 11 0.0880914

34 11 0.0848767

35 11 0.0813271

36 11 0.0774565

37 11 0.0732802

38 11 0.0688147

39 11 0.0640776

40 11 0.0590876

41 11 0.0538644

42 11 0.0484287

43 11 0.0428018

44 11 0.037006

45 11 0.0310642

46 11 0.0249998

47 11 0.0188367

48 11 0.0125992

49 11 0.00631207

50 11 0

0 12 0

1 12 0.0067787

2 12 0.0135307

3 12 0.0202292

4 12 0.0268479

5 12 0.0333607

6 12 0.0397418

7 12 0.045966

8 12 0.0520089

9 12 0.0578465

10 12 0.0634558

11 12 0.0688147

12 12 0.0739019

13 12 0.0786976

14 12 0.0831826

15 12 0.0873394

16 12 0.0911515

17 12 0.0946038

18 12 0.0976828

19 12 0.100376

20 12 0.102674

21 12 0.104566

22 12 0.106045

23 12 0.107106

24 12 0.107744

25 12 0.107957

26 12 0.107744

27 12 0.107106

28 12 0.106045

29 12 0.104566

30 12 0.102674

31 12 0.100376

32 12 0.0976828

33 12 0.0946038

34 12 0.0911515

35 12 0.0873394

36 12 0.0831826

37 12 0.0786976

38 12 0.0739019

39 12 0.0688147

40 12 0.0634558

41 12 0.0578465

42 12 0.0520089

43 12 0.045966

44 12 0.0397418

45 12 0.0333607

46 12 0.0268479

47 12 0.0202292

48 12 0.0135307

49 12 0.0067787

50 12 0

0 13 0

1 13 0.00721859

2 13 0.0144087

3 13 0.0215419

4 13 0.0285901

5 13 0.0355255

6 13 0.0423207

7 13 0.0489489

8 13 0.0553838

9 13 0.0616002

10 13 0.0675735

11 13 0.0732802

12 13 0.0786976

13 13 0.0838044

14 13 0.0885805

15 13 0.093007

16 13 0.0970665

17 13 0.100743

18 13 0.104022

19 13 0.10689

20 13 0.109336

21 13 0.111351

22 13 0.112927

23 13 0.114056

24 13 0.114736

25 13 0.114963

26 13 0.114736

27 13 0.114056

28 13 0.112927

29 13 0.111351

30 13 0.109336

31 13 0.10689

32 13 0.104022

33 13 0.100743

34 13 0.0970665

35 13 0.093007

36 13 0.0885805

37 13 0.0838044

38 13 0.0786976

39 13 0.0732802

40 13 0.0675735

41 13 0.0616002

42 13 0.0553838

43 13 0.0489489

44 13 0.0423207

45 13 0.0355255

46 13 0.0285901

47 13 0.0215419

48 13 0.0144087

49 13 0.00721859

50 13 0

0 14 0

1 14 0.00762998

2 14 0.0152298

3 14 0.0227696

4 14 0.0302195

5 14 0.0375501

6 14 0.0447326

7 14 0.0517385

8 14 0.0585402

9 14 0.0651109

10 14 0.0714246

11 14 0.0774565

12 14 0.0831826

13 14 0.0885805

14 14 0.0936288

15 14 0.0983076

16 14 0.102598

17 14 0.106484

18 14 0.10995

19 14 0.112982

20 14 0.115567

21 14 0.117697

22 14 0.119362

23 14 0.120557

24 14 0.121275

25 14 0.121515

26 14 0.121275

27 14 0.120557

28 14 0.119362

29 14 0.117697

30 14 0.115567

31 14 0.112982

32 14 0.10995

33 14 0.106484

34 14 0.102598

35 14 0.0983076

36 14 0.0936288

37 14 0.0885805

38 14 0.0831826

39 14 0.0774565

40 14 0.0714246

41 14 0.0651109

42 14 0.0585402

43 14 0.0517385

44 14 0.0447326

45 14 0.0375501

46 14 0.0302195

47 14 0.0227696

48 14 0.0152298

49 14 0.00762998

50 14 0

0 15 0

1 15 0.00801126

2 15 0.0159909

3 15 0.0239074

4 15 0.0317296

5 15 0.0394266

6 15 0.0469679

7 15 0.054324

8 15 0.0614656

9 15 0.0683646

10 15 0.0749938

11 15 0.0813271

12 15 0.0873394

13 15 0.093007

14 15 0.0983076

15 15 0.10322

16 15 0.107725

17 15 0.111805

18 15 0.115444

19 15 0.118627

20 15 0.121343

21 15 0.123579

22 15 0.125327

23 15 0.126581

24 15 0.127335

25 15 0.127587

26 15 0.127335

27 15 0.126581

28 15 0.125327

29 15 0.123579

30 15 0.121343

31 15 0.118627

32 15 0.115444

33 15 0.111805

34 15 0.107725

35 15 0.10322

36 15 0.0983076

37 15 0.093007

38 15 0.0873394

39 15 0.0813271

40 15 0.0749938

41 15 0.0683646

42 15 0.0614656

43 15 0.054324

44 15 0.0469679

45 15 0.0394266

46 15 0.0317296

47 15 0.0239074

48 15 0.0159909

49 15 0.00801126

50 15 0

0 16 0

1 16 0.00836093

2 16 0.0166889

3 16 0.0249509

4 16 0.0331145

5 16 0.0411474

6 16 0.0490179

7 16 0.056695

8 16 0.0641483

9 16 0.0713485

10 16 0.0782671

11 16 0.0848767

12 16 0.0911515

13 16 0.0970665

14 16 0.102598

15 16 0.107725

16 16 0.112427

17 16 0.116685

18 16 0.120483

19 16 0.123805

20 16 0.126639

21 16 0.128973

22 16 0.130797

23 16 0.132106

24 16 0.132893

25 16 0.133156

26 16 0.132893

27 16 0.132106

28 16 0.130797

29 16 0.128973

30 16 0.126639

31 16 0.123805

32 16 0.120483

33 16 0.116685

34 16 0.112427

35 16 0.107725

36 16 0.102598

37 16 0.0970665

38 16 0.0911515

39 16 0.0848767

40 16 0.0782671

41 16 0.0713485

42 16 0.0641483

43 16 0.056695

44 16 0.0490179

45 16 0.0411474

46 16 0.0331145

47 16 0.0249509

48 16 0.0166889

49 16 0.00836093

50 16 0

0 17 0

1 17 0.00867759

2 17 0.0173209

3 17 0.0258959

4 17 0.0343687

5 17 0.0427059

6 17 0.0508745

7 17 0.0588423

8 17 0.0665779

9 17 0.0740508

10 17 0.0812314

11 17 0.0880914

12 17 0.0946038

13 17 0.100743

14 17 0.106484

15 17 0.111805

16 17 0.116685

17 17 0.121105

18 17 0.125046

19 17 0.128494

20 17 0.131435

21 17 0.133857

22 17 0.135751

23 17 0.137109

24 17 0.137926

25 17 0.138199

26 17 0.137926

27 17 0.137109

28 17 0.135751

29 17 0.133857

30 17 0.131435

31 17 0.128494

32 17 0.125046

33 17 0.121105

34 17 0.116685

35 17 0.111805

36 17 0.106484

37 17 0.100743

38 17 0.0946038

39 17 0.0880914

40 17 0.0812314

41 17 0.0740508

42 17 0.0665779

43 17 0.0588423

44 17 0.0508745

45 17 0.0427059

46 17 0.0343687

47 17 0.0258959

48 17 0.0173209

49 17 0.00867759

50 17 0

0 18 0

1 18 0.00896002

2 18 0.0178847

3 18 0.0267387

4 18 0.0354873

5 18 0.0440958

6 18 0.0525303

7 18 0.0607574

8 18 0.0687448

9 18 0.0764609

10 18 0.0838752

11 18 0.0909585

12 18 0.0976828

13 18 0.104022

14 18 0.10995

15 18 0.115444

16 18 0.120483

17 18 0.125046

18 18 0.129116

19 18 0.132676

20 18 0.135713

21 18 0.138214

22 18 0.140169

23 18 0.141572

24 18 0.142415

25 18 0.142697

26 18 0.142415

27 18 0.141572

28 18 0.140169

29 18 0.138214

30 18 0.135713

31 18 0.132676

32 18 0.129116

33 18 0.125046

34 18 0.120483

35 18 0.115444

36 18 0.10995

37 18 0.104022

38 18 0.0976828

39 18 0.0909585

40 18 0.0838752

41 18 0.0764609

42 18 0.0687448

43 18 0.0607574

44 18 0.0525303

45 18 0.0440958

46 18 0.0354873

47 18 0.0267387

48 18 0.0178847

49 18 0.00896002

50 18 0

0 19 0

1 19 0.00920708

2 19 0.0183778

3 19 0.027476

4 19 0.0364658

5 19 0.0453117

6 19 0.0539787

7 19 0.0624327

8 19 0.0706403

9 19 0.0785692

10 19 0.0861879

11 19 0.0934665

12 19 0.100376

13 19 0.10689

14 19 0.112982

15 19 0.118627

16 19 0.123805

17 19 0.128494

18 19 0.132676

19 19 0.136335

20 19 0.139455

21 19 0.142025

22 19 0.144034

23 19 0.145475

24 19 0.146342

25 19 0.146632

26 19 0.146342

27 19 0.145475

28 19 0.144034

29 19 0.142025

30 19 0.139455

31 19 0.136335

32 19 0.132676

33 19 0.128494

34 19 0.123805

35 19 0.118627

36 19 0.112982

37 19 0.10689

38 19 0.100376

39 19 0.0934665

40 19 0.0861879

41 19 0.0785692

42 19 0.0706403

43 19 0.0624327

44 19 0.0539787

45 19 0.0453117

46 19 0.0364658

47 19 0.027476

48 19 0.0183778

49 19 0.00920708

50 19 0

0 20 0

1 20 0.0094178

2 20 0.0187984

3 20 0.0281049

4 20 0.0373004

5 20 0.0463487

6 20 0.0552141

7 20 0.0638616

8 20 0.0722571

9 20 0.0803674

10 20 0.0881605

11 20 0.0956057

12 20 0.102674

13 20 0.109336

14 20 0.115567

15 20 0.121343

16 20 0.126639

17 20 0.131435

18 20 0.135713

19 20 0.139455

20 20 0.142647

21 20 0.145276

22 20 0.147331

23 20 0.148805

24 20 0.149692

25 20 0.149988

26 20 0.149692

27 20 0.148805

28 20 0.147331

29 20 0.145276

30 20 0.142647

31 20 0.139455

32 20 0.135713

33 20 0.131435

34 20 0.126639

35 20 0.121343

36 20 0.115567

37 20 0.109336

38 20 0.102674

39 20 0.0956057

40 20 0.0881605

41 20 0.0803674

42 20 0.0722571

43 20 0.0638616

44 20 0.0552141

45 20 0.0463487

46 20 0.0373004

47 20 0.0281049

48 20 0.0187984

49 20 0.0094178

50 20 0

0 21 0

1 21 0.00959136

2 21 0.0191449

3 21 0.0286228

4 21 0.0379878

5 21 0.0472029

6 21 0.0562317

7 21 0.0650385

8 21 0.0735887

9 21 0.0818485

10 21 0.0897852

11 21 0.0973676

12 21 0.104566

13 21 0.111351

14 21 0.117697

15 21 0.123579

16 21 0.128973

17 21 0.133857

18 21 0.138214

19 21 0.142025

20 21 0.145276

21 21 0.147953

22 21 0.150046

23 21 0.151547

24 21 0.15245

25 21 0.152752

26 21 0.15245

27 21 0.151547

28 21 0.150046

29 21 0.147953

30 21 0.145276

31 21 0.142025

32 21 0.138214

33 21 0.133857

34 21 0.128973

35 21 0.123579

36 21 0.117697

37 21 0.111351

38 21 0.104566

39 21 0.0973676

40 21 0.0897852

41 21 0.0818485

42 21 0.0735887

43 21 0.0650385

44 21 0.0562317

45 21 0.0472029

46 21 0.0379878

47 21 0.0286228

48 21 0.0191449

49 21 0.00959136

50 21 0

0 22 0

1 22 0.00972706

2 22 0.0194157

3 22 0.0290278

4 22 0.0385253

5 22 0.0478707

6 22 0.0570273

7 22 0.0659587

8 22 0.0746299

9 22 0.0830065

10 22 0.0910555

11 22 0.0987452

12 22 0.106045

13 22 0.112927

14 22 0.119362

15 22 0.125327

16 22 0.130797

17 22 0.135751

18 22 0.140169

19 22 0.144034

20 22 0.147331

21 22 0.150046

22 22 0.152169

23 22 0.153691

24 22 0.154607

25 22 0.154913

26 22 0.154607

27 22 0.153691

28 22 0.152169

29 22 0.150046

30 22 0.147331

31 22 0.144034

32 22 0.140169

33 22 0.135751

34 22 0.130797

35 22 0.125327

36 22 0.119362

37 22 0.112927

38 22 0.106045

39 22 0.0987452

40 22 0.0910555

41 22 0.0830065

42 22 0.0746299

43 22 0.0659587

44 22 0.0570273

45 22 0.0478707

46 22 0.0385253

47 22 0.0290278

48 22 0.0194157

49 22 0.00972706

50 22 0

0 23 0

1 23 0.00982438

2 23 0.01961

3 23 0.0293182

4 23 0.0389107

5 23 0.0483497

6 23 0.0575978

7 23 0.0666186

8 23 0.0753765

9 23 0.083837

10 23 0.0919665

11 23 0.0997331

12 23 0.107106

13 23 0.114056

14 23 0.120557

15 23 0.126581

16 23 0.132106

17 23 0.137109

18 23 0.141572

19 23 0.145475

20 23 0.148805

21 23 0.151547

22 23 0.153691

23 23 0.155229

24 23 0.156154

25 23 0.156463

26 23 0.156154

27 23 0.155229

28 23 0.153691

29 23 0.151547

30 23 0.148805

31 23 0.145475

32 23 0.141572

33 23 0.137109

34 23 0.132106

35 23 0.126581

36 23 0.120557

37 23 0.114056

38 23 0.107106

39 23 0.0997331

40 23 0.0919665

41 23 0.083837

42 23 0.0753765

43 23 0.0666186

44 23 0.0575978

45 23 0.0483497

46 23 0.0389107

47 23 0.0293182

48 23 0.01961

49 23 0.00982438

50 23 0

0 24 0

1 24 0.00988292

2 24 0.0197268

3 24 0.0294929

4 24 0.0391426

5 24 0.0486378

6 24 0.057941

7 24 0.0670156

8 24 0.0758257

9 24 0.0843365

10 24 0.0925145

11 24 0.100327

12 24 0.107744

13 24 0.114736

14 24 0.121275

15 24 0.127335

16 24 0.132893

17 24 0.137926

18 24 0.142415

19 24 0.146342

20 24 0.149692

21 24 0.15245

22 24 0.154607

23 24 0.156154

24 24 0.157085

25 24 0.157395

26 24 0.157085

27 24 0.156154

28 24 0.154607

29 24 0.15245

30 24 0.149692

31 24 0.146342

32 24 0.142415

33 24 0.137926

34 24 0.132893

35 24 0.127335

36 24 0.121275

37 24 0.114736

38 24 0.107744

39 24 0.100327

40 24 0.0925145

41 24 0.0843365

42 24 0.0758257

43 24 0.0670156

44 24 0.057941

45 24 0.0486378

46 24 0.0391426

47 24 0.0294929

48 24 0.0197268

49 24 0.00988292

50 24 0

0 25 0

1 25 0.00990246

2 25 0.0197658

3 25 0.0295512

4 25 0.03922

5 25 0.0487339

6 25 0.0580556

7 25 0.0671481

8 25 0.0759756

9 25 0.0845033

10 25 0.0926975

11 25 0.100526

12 25 0.107957

13 25 0.114963

14 25 0.121515

15 25 0.127587

16 25 0.133156

17 25 0.138199

18 25 0.142697

19 25 0.146632

20 25 0.149988

21 25 0.152752

22 25 0.154913

23 25 0.156463

24 25 0.157395

25 25 0.157706

26 25 0.157395

27 25 0.156463

28 25 0.154913

29 25 0.152752

30 25 0.149988

31 25 0.146632

32 25 0.142697

33 25 0.138199

34 25 0.133156

35 25 0.127587

36 25 0.121515

37 25 0.114963

38 25 0.107957

39 25 0.100526

40 25 0.0926975

41 25 0.0845033

42 25 0.0759756

43 25 0.0671481

44 25 0.0580556

45 25 0.0487339

46 25 0.03922

47 25 0.0295512

48 25 0.0197658

49 25 0.00990246

50 25 0

0 26 0

1 26 0.00988292

2 26 0.0197268

3 26 0.0294929

4 26 0.0391426

5 26 0.0486378

6 26 0.057941

7 26 0.0670156

8 26 0.0758257

9 26 0.0843365

10 26 0.0925145

11 26 0.100327

12 26 0.107744

13 26 0.114736

14 26 0.121275

15 26 0.127335

16 26 0.132893

17 26 0.137926

18 26 0.142415

19 26 0.146342

20 26 0.149692

21 26 0.15245

22 26 0.154607

23 26 0.156154

24 26 0.157085

25 26 0.157395

26 26 0.157085

27 26 0.156154

28 26 0.154607

29 26 0.15245

30 26 0.149692

31 26 0.146342

32 26 0.142415

33 26 0.137926

34 26 0.132893

35 26 0.127335

36 26 0.121275

37 26 0.114736

38 26 0.107744

39 26 0.100327

40 26 0.0925145

41 26 0.0843365

42 26 0.0758257

43 26 0.0670156

44 26 0.057941

45 26 0.0486378

46 26 0.0391426

47 26 0.0294929

48 26 0.0197268

49 26 0.00988292

50 26 0

0 27 0

1 27 0.00982438

2 27 0.01961

3 27 0.0293182

4 27 0.0389107

5 27 0.0483497

6 27 0.0575978

7 27 0.0666186

8 27 0.0753765

9 27 0.083837

10 27 0.0919665

11 27 0.0997331

12 27 0.107106

13 27 0.114056

14 27 0.120557

15 27 0.126581

16 27 0.132106

17 27 0.137109

18 27 0.141572

19 27 0.145475

20 27 0.148805

21 27 0.151547

22 27 0.153691

23 27 0.155229

24 27 0.156154

25 27 0.156463

26 27 0.156154

27 27 0.155229

28 27 0.153691

29 27 0.151547

30 27 0.148805

31 27 0.145475

32 27 0.141572

33 27 0.137109

34 27 0.132106

35 27 0.126581

36 27 0.120557

37 27 0.114056

38 27 0.107106

39 27 0.0997331

40 27 0.0919665

41 27 0.083837

42 27 0.0753765

43 27 0.0666186

44 27 0.0575978

45 27 0.0483497

46 27 0.0389107

47 27 0.0293182

48 27 0.01961

49 27 0.00982438

50 27 0

0 28 0

1 28 0.00972706

2 28 0.0194157

3 28 0.0290278

4 28 0.0385253

5 28 0.0478707

6 28 0.0570273

7 28 0.0659587

8 28 0.0746299

9 28 0.0830065

10 28 0.0910555

11 28 0.0987452

12 28 0.106045

13 28 0.112927

14 28 0.119362

15 28 0.125327

16 28 0.130797

17 28 0.135751

18 28 0.140169

19 28 0.144034

20 28 0.147331

21 28 0.150046

22 28 0.152169

23 28 0.153691

24 28 0.154607

25 28 0.154913

26 28 0.154607

27 28 0.153691

28 28 0.152169

29 28 0.150046

30 28 0.147331

31 28 0.144034

32 28 0.140169

33 28 0.135751

34 28 0.130797

35 28 0.125327

36 28 0.119362

37 28 0.112927

38 28 0.106045

39 28 0.0987452

40 28 0.0910555

41 28 0.0830065

42 28 0.0746299

43 28 0.0659587

44 28 0.0570273

45 28 0.0478707

46 28 0.0385253

47 28 0.0290278

48 28 0.0194157

49 28 0.00972706

50 28 0

0 29 0

1 29 0.00959136

2 29 0.0191449

3 29 0.0286228

4 29 0.0379878

5 29 0.0472029

6 29 0.0562317

7 29 0.0650385

8 29 0.0735887

9 29 0.0818485

10 29 0.0897852

11 29 0.0973676

12 29 0.104566

13 29 0.111351

14 29 0.117697

15 29 0.123579

16 29 0.128973

17 29 0.133857

18 29 0.138214

19 29 0.142025

20 29 0.145276

21 29 0.147953

22 29 0.150046

23 29 0.151547

24 29 0.15245

25 29 0.152752

26 29 0.15245

27 29 0.151547

28 29 0.150046

29 29 0.147953

30 29 0.145276

31 29 0.142025

32 29 0.138214

33 29 0.133857

34 29 0.128973

35 29 0.123579

36 29 0.117697

37 29 0.111351

38 29 0.104566

39 29 0.0973676

40 29 0.0897852

41 29 0.0818485

42 29 0.0735887

43 29 0.0650385

44 29 0.0562317

45 29 0.0472029

46 29 0.0379878

47 29 0.0286228

48 29 0.0191449

49 29 0.00959136

50 29 0

0 30 0

1 30 0.0094178

2 30 0.0187984

3 30 0.0281049

4 30 0.0373004

5 30 0.0463487

6 30 0.0552141

7 30 0.0638616

8 30 0.0722571

9 30 0.0803674

10 30 0.0881605

11 30 0.0956057

12 30 0.102674

13 30 0.109336

14 30 0.115567

15 30 0.121343

16 30 0.126639

17 30 0.131435

18 30 0.135713

19 30 0.139455

20 30 0.142647

21 30 0.145276

22 30 0.147331

23 30 0.148805

24 30 0.149692

25 30 0.149988

26 30 0.149692

27 30 0.148805

28 30 0.147331

29 30 0.145276

30 30 0.142647

31 30 0.139455

32 30 0.135713

33 30 0.131435

34 30 0.126639

35 30 0.121343

36 30 0.115567

37 30 0.109336

38 30 0.102674

39 30 0.0956057

40 30 0.0881605

41 30 0.0803674

42 30 0.0722571

43 30 0.0638616

44 30 0.0552141

45 30 0.0463487

46 30 0.0373004

47 30 0.0281049

48 30 0.0187984

49 30 0.0094178

50 30 0

0 31 0

1 31 0.00920708

2 31 0.0183778

3 31 0.027476

4 31 0.0364658

5 31 0.0453117

6 31 0.0539787

7 31 0.0624327

8 31 0.0706403

9 31 0.0785692

10 31 0.0861879

11 31 0.0934665

12 31 0.100376

13 31 0.10689

14 31 0.112982

15 31 0.118627

16 31 0.123805

17 31 0.128494

18 31 0.132676

19 31 0.136335

20 31 0.139455

21 31 0.142025

22 31 0.144034

23 31 0.145475

24 31 0.146342

25 31 0.146632

26 31 0.146342

27 31 0.145475

28 31 0.144034

29 31 0.142025

30 31 0.139455

31 31 0.136335

32 31 0.132676

33 31 0.128494

34 31 0.123805

35 31 0.118627

36 31 0.112982

37 31 0.10689

38 31 0.100376

39 31 0.0934665

40 31 0.0861879

41 31 0.0785692

42 31 0.0706403

43 31 0.0624327

44 31 0.0539787

45 31 0.0453117

46 31 0.0364658

47 31 0.027476

48 31 0.0183778

49 31 0.00920708

50 31 0

0 32 0

1 32 0.00896002

2 32 0.0178847

3 32 0.0267387

4 32 0.0354873

5 32 0.0440958

6 32 0.0525303

7 32 0.0607574

8 32 0.0687448

9 32 0.0764609

10 32 0.0838752

11 32 0.0909585

12 32 0.0976828

13 32 0.104022

14 32 0.10995

15 32 0.115444

16 32 0.120483

17 32 0.125046

18 32 0.129116

19 32 0.132676

20 32 0.135713

21 32 0.138214

22 32 0.140169

23 32 0.141572

24 32 0.142415

25 32 0.142697

26 32 0.142415

27 32 0.141572

28 32 0.140169

29 32 0.138214

30 32 0.135713

31 32 0.132676

32 32 0.129116

33 32 0.125046

34 32 0.120483

35 32 0.115444

36 32 0.10995

37 32 0.104022

38 32 0.0976828

39 32 0.0909585

40 32 0.0838752

41 32 0.0764609

42 32 0.0687448

43 32 0.0607574

44 32 0.0525303

45 32 0.0440958

46 32 0.0354873

47 32 0.0267387

48 32 0.0178847

49 32 0.00896002

50 32 0

0 33 0

1 33 0.00867759

2 33 0.0173209

3 33 0.0258959

4 33 0.0343687

5 33 0.0427059

6 33 0.0508745

7 33 0.0588423

8 33 0.0665779

9 33 0.0740508

10 33 0.0812314

11 33 0.0880914

12 33 0.0946038

13 33 0.100743

14 33 0.106484

15 33 0.111805

16 33 0.116685

17 33 0.121105

18 33 0.125046

19 33 0.128494

20 33 0.131435

21 33 0.133857

22 33 0.135751

23 33 0.137109

24 33 0.137926

25 33 0.138199

26 33 0.137926

27 33 0.137109

28 33 0.135751

29 33 0.133857

30 33 0.131435

31 33 0.128494

32 33 0.125046

33 33 0.121105

34 33 0.116685

35 33 0.111805

36 33 0.106484

37 33 0.100743

38 33 0.0946038

39 33 0.0880914

40 33 0.0812314

41 33 0.0740508

42 33 0.0665779

43 33 0.0588423

44 33 0.0508745

45 33 0.0427059

46 33 0.0343687

47 33 0.0258959

48 33 0.0173209

49 33 0.00867759

50 33 0

0 34 0

1 34 0.00836093

2 34 0.0166889

3 34 0.0249509

4 34 0.0331145

5 34 0.0411474

6 34 0.0490179

7 34 0.056695

8 34 0.0641483

9 34 0.0713485

10 34 0.0782671

11 34 0.0848767

12 34 0.0911515

13 34 0.0970665

14 34 0.102598

15 34 0.107725

16 34 0.112427

17 34 0.116685

18 34 0.120483

19 34 0.123805

20 34 0.126639

21 34 0.128973

22 34 0.130797

23 34 0.132106

24 34 0.132893

25 34 0.133156

26 34 0.132893

27 34 0.132106

28 34 0.130797

29 34 0.128973

30 34 0.126639

31 34 0.123805

32 34 0.120483

33 34 0.116685

34 34 0.112427

35 34 0.107725

36 34 0.102598

37 34 0.0970665

38 34 0.0911515

39 34 0.0848767

40 34 0.0782671

41 34 0.0713485

42 34 0.0641483

43 34 0.056695

44 34 0.0490179

45 34 0.0411474

46 34 0.0331145

47 34 0.0249509

48 34 0.0166889

49 34 0.00836093

50 34 0

0 35 0

1 35 0.00801126

2 35 0.0159909

3 35 0.0239074

4 35 0.0317296

5 35 0.0394266

6 35 0.0469679

7 35 0.054324

8 35 0.0614656

9 35 0.0683646

10 35 0.0749938

11 35 0.0813271

12 35 0.0873394

13 35 0.093007

14 35 0.0983076

15 35 0.10322

16 35 0.107725

17 35 0.111805

18 35 0.115444

19 35 0.118627

20 35 0.121343

21 35 0.123579

22 35 0.125327

23 35 0.126581

24 35 0.127335

25 35 0.127587

26 35 0.127335

27 35 0.126581

28 35 0.125327

29 35 0.123579

30 35 0.121343

31 35 0.118627

32 35 0.115444

33 35 0.111805

34 35 0.107725

35 35 0.10322

36 35 0.0983076

37 35 0.093007

38 35 0.0873394

39 35 0.0813271

40 35 0.0749938

41 35 0.0683646

42 35 0.0614656

43 35 0.054324

44 35 0.0469679

45 35 0.0394266

46 35 0.0317296

47 35 0.0239074

48 35 0.0159909

49 35 0.00801126

50 35 0

0 36 0

1 36 0.00762998

2 36 0.0152298

3 36 0.0227696

4 36 0.0302195

5 36 0.0375501

6 36 0.0447326

7 36 0.0517385

8 36 0.0585402

9 36 0.0651109

10 36 0.0714246

11 36 0.0774565

12 36 0.0831826

13 36 0.0885805

14 36 0.0936288

15 36 0.0983076

16 36 0.102598

17 36 0.106484

18 36 0.10995

19 36 0.112982

20 36 0.115567

21 36 0.117697

22 36 0.119362

23 36 0.120557

24 36 0.121275

25 36 0.121515

26 36 0.121275

27 36 0.120557

28 36 0.119362

29 36 0.117697

30 36 0.115567

31 36 0.112982

32 36 0.10995

33 36 0.106484

34 36 0.102598

35 36 0.0983076

36 36 0.0936288

37 36 0.0885805

38 36 0.0831826

39 36 0.0774565

40 36 0.0714246

41 36 0.0651109

42 36 0.0585402

43 36 0.0517385

44 36 0.0447326

45 36 0.0375501

46 36 0.0302195

47 36 0.0227696

48 36 0.0152298

49 36 0.00762998

50 36 0

0 37 0

1 37 0.00721859

2 37 0.0144087

3 37 0.0215419

4 37 0.0285901

5 37 0.0355255

6 37 0.0423207

7 37 0.0489489

8 37 0.0553838

9 37 0.0616002

10 37 0.0675735

11 37 0.0732802

12 37 0.0786976

13 37 0.0838044

14 37 0.0885805

15 37 0.093007

16 37 0.0970665

17 37 0.100743

18 37 0.104022

19 37 0.10689

20 37 0.109336

21 37 0.111351

22 37 0.112927

23 37 0.114056

24 37 0.114736

25 37 0.114963

26 37 0.114736

27 37 0.114056

28 37 0.112927

29 37 0.111351

30 37 0.109336

31 37 0.10689

32 37 0.104022

33 37 0.100743

34 37 0.0970665

35 37 0.093007

36 37 0.0885805

37 37 0.0838044

38 37 0.0786976

39 37 0.0732802

40 37 0.0675735

41 37 0.0616002

42 37 0.0553838

43 37 0.0489489

44 37 0.0423207

45 37 0.0355255

46 37 0.0285901

47 37 0.0215419

48 37 0.0144087

49 37 0.00721859

50 37 0

0 38 0

1 38 0.0067787

2 38 0.0135307

3 38 0.0202292

4 38 0.0268479

5 38 0.0333607

6 38 0.0397418

7 38 0.045966

8 38 0.0520089

9 38 0.0578465

10 38 0.0634558

11 38 0.0688147

12 38 0.0739019

13 38 0.0786976

14 38 0.0831826

15 38 0.0873394

16 38 0.0911515

17 38 0.0946038

18 38 0.0976828

19 38 0.100376

20 38 0.102674

21 38 0.104566

22 38 0.106045

23 38 0.107106

24 38 0.107744

25 38 0.107957

26 38 0.107744

27 38 0.107106

28 38 0.106045

29 38 0.104566

30 38 0.102674

31 38 0.100376

32 38 0.0976828

33 38 0.0946038

34 38 0.0911515

35 38 0.0873394

36 38 0.0831826

37 38 0.0786976

38 38 0.0739019

39 38 0.0688147

40 38 0.0634558

41 38 0.0578465

42 38 0.0520089

43 38 0.045966

44 38 0.0397418

45 38 0.0333607

46 38 0.0268479

47 38 0.0202292

48 38 0.0135307

49 38 0.0067787

50 38 0

0 39 0

1 39 0.00631207

2 39 0.0125992

3 39 0.0188367

4 39 0.0249998

5 39 0.0310642

6 39 0.037006

7 39 0.0428018

8 39 0.0484287

9 39 0.0538644

10 39 0.0590876

11 39 0.0640776

12 39 0.0688147

13 39 0.0732802

14 39 0.0774565

15 39 0.0813271

16 39 0.0848767

17 39 0.0880914

18 39 0.0909585

19 39 0.0934665

20 39 0.0956057

21 39 0.0973676

22 39 0.0987452

23 39 0.0997331

24 39 0.100327

25 39 0.100526

26 39 0.100327

27 39 0.0997331

28 39 0.0987452

29 39 0.0973676

30 39 0.0956057

31 39 0.0934665

32 39 0.0909585

33 39 0.0880914

34 39 0.0848767

35 39 0.0813271

36 39 0.0774565

37 39 0.0732802

38 39 0.0688147

39 39 0.0640776

40 39 0.0590876

41 39 0.0538644

42 39 0.0484287

43 39 0.0428018

44 39 0.037006

45 39 0.0310642

46 39 0.0249998

47 39 0.0188367

48 39 0.0125992

49 39 0.00631207

50 39 0

0 40 0

1 40 0.00582052

2 40 0.0116181

3 40 0.0173698

4 40 0.0230529

5 40 0.0286451

6 40 0.0341242

7 40 0.0394687

8 40 0.0446573

9 40 0.0496698

10 40 0.0544862

11 40 0.0590876

12 40 0.0634558

13 40 0.0675735

14 40 0.0714246

15 40 0.0749938

16 40 0.0782671

17 40 0.0812314

18 40 0.0838752

19 40 0.0861879

20 40 0.0881605

21 40 0.0897852

22 40 0.0910555

23 40 0.0919665

24 40 0.0925145

25 40 0.0926975

26 40 0.0925145

27 40 0.0919665

28 40 0.0910555

29 40 0.0897852

30 40 0.0881605

31 40 0.0861879

32 40 0.0838752

33 40 0.0812314

34 40 0.0782671

35 40 0.0749938

36 40 0.0714246

37 40 0.0675735

38 40 0.0634558

39 40 0.0590876

40 40 0.0544862

41 40 0.0496698

42 40 0.0446573

43 40 0.0394687

44 40 0.0341242

45 40 0.0286451

46 40 0.0230529

47 40 0.0173698

48 40 0.0116181

49 40 0.00582052

50 40 0

0 41 0

1 41 0.00530601

2 41 0.0105911

3 41 0.0158343

4 41 0.0210151

5 41 0.026113

6 41 0.0311077

7 41 0.0359797

8 41 0.0407098

9 41 0.0452791

10 41 0.0496698

11 41 0.0538644

12 41 0.0578465

13 41 0.0616002

14 41 0.0651109

15 41 0.0683646

16 41 0.0713485

17 41 0.0740508

18 41 0.0764609

19 41 0.0785692

20 41 0.0803674

21 41 0.0818485

22 41 0.0830065

23 41 0.083837

24 41 0.0843365

25 41 0.0845033

26 41 0.0843365

27 41 0.083837

28 41 0.0830065

29 41 0.0818485

30 41 0.0803674

31 41 0.0785692

32 41 0.0764609

33 41 0.0740508

34 41 0.0713485

35 41 0.0683646

36 41 0.0651109

37 41 0.0616002

38 41 0.0578465

39 41 0.0538644

40 41 0.0496698

41 41 0.0452791

42 41 0.0407098

43 41 0.0359797

44 41 0.0311077

45 41 0.026113

46 41 0.0210151

47 41 0.0158343

48 41 0.0105911

49 41 0.00530601

50 41 0

0 42 0

1 42 0.00477055

2 42 0.00952227

3 42 0.0142364

4 42 0.0188944

5 42 0.0234778

6 42 0.0279685

7 42 0.0323488

8 42 0.0366015

9 42 0.0407098

10 42 0.0446573

11 42 0.0484287

12 42 0.0520089

13 42 0.0553838

14 42 0.0585402

15 42 0.0614656

16 42 0.0641483

17 42 0.0665779

18 42 0.0687448

19 42 0.0706403

20 42 0.0722571

21 42 0.0735887

22 42 0.0746299

23 42 0.0753765

24 42 0.0758257

25 42 0.0759756

26 42 0.0758257

27 42 0.0753765

28 42 0.0746299

29 42 0.0735887

30 42 0.0722571

31 42 0.0706403

32 42 0.0687448

33 42 0.0665779

34 42 0.0641483

35 42 0.0614656

36 42 0.0585402

37 42 0.0553838

38 42 0.0520089

39 42 0.0484287

40 42 0.0446573

41 42 0.0407098

42 42 0.0366015

43 42 0.0323488

44 42 0.0279685

45 42 0.0234778

46 42 0.0188944

47 42 0.0142364

48 42 0.00952227

49 42 0.00477055

50 42 0

0 43 0

1 43 0.00421626

2 43 0.00841589

3 43 0.0125823

4 43 0.0166991

5 43 0.0207499

6 43 0.0247189

7 43 0.0285903

8 43 0.0323488

9 43 0.0359797

10 43 0.0394687

11 43 0.0428018

12 43 0.045966

13 43 0.0489489

14 43 0.0517385

15 43 0.054324

16 43 0.056695

17 43 0.0588423

18 43 0.0607574

19 43 0.0624327

20 43 0.0638616

21 43 0.0650385

22 43 0.0659587

23 43 0.0666186

24 43 0.0670156

25 43 0.0671481

26 43 0.0670156

27 43 0.0666186

28 43 0.0659587

29 43 0.0650385

30 43 0.0638616

31 43 0.0624327

32 43 0.0607574

33 43 0.0588423

34 43 0.056695

35 43 0.054324

36 43 0.0517385

37 43 0.0489489

38 43 0.045966

39 43 0.0428018

40 43 0.0394687

41 43 0.0359797

42 43 0.0323488

43 43 0.0285903

44 43 0.0247189

45 43 0.0207499

46 43 0.0166991

47 43 0.0125823

48 43 0.00841589

49 43 0.00421626

50 43 0

0 44 0

1 44 0.00364534

2 44 0.00727629

3 44 0.0108785

4 44 0.0144378

5 44 0.0179402

6 44 0.0213717

7 44 0.0247189

8 44 0.0279685

9 44 0.0311077

10 44 0.0341242

11 44 0.037006

12 44 0.0397418

13 44 0.0423207

14 44 0.0447326

15 44 0.0469679

16 44 0.0490179

17 44 0.0508745

18 44 0.0525303

19 44 0.0539787

20 44 0.0552141

21 44 0.0562317

22 44 0.0570273

23 44 0.0575978

24 44 0.057941

25 44 0.0580556

26 44 0.057941

27 44 0.0575978

28 44 0.0570273

29 44 0.0562317

30 44 0.0552141

31 44 0.0539787

32 44 0.0525303

33 44 0.0508745

34 44 0.0490179

35 44 0.0469679

36 44 0.0447326

37 44 0.0423207

38 44 0.0397418

39 44 0.037006

40 44 0.0341242

41 44 0.0311077

42 44 0.0279685

43 44 0.0247189

44 44 0.0213717

45 44 0.0179402

46 44 0.0144378

47 44 0.0108785

48 44 0.00727629

49 44 0.00364534

50 44 0

0 45 0

1 45 0.00306003

2 45 0.00610798

3 45 0.00913183

4 45 0.0121196

5 45 0.0150596

6 45 0.0179402

7 45 0.0207499

8 45 0.0234778

9 45 0.026113

10 45 0.0286451

11 45 0.0310642

12 45 0.0333607

13 45 0.0355255

14 45 0.0375501

15 45 0.0394266

16 45 0.0411474

17 45 0.0427059

18 45 0.0440958

19 45 0.0453117

20 45 0.0463487

21 45 0.0472029

22 45 0.0478707

23 45 0.0483497

24 45 0.0486378

25 45 0.0487339

26 45 0.0486378

27 45 0.0483497

28 45 0.0478707

29 45 0.0472029

30 45 0.0463487

31 45 0.0453117

32 45 0.0440958

33 45 0.0427059

34 45 0.0411474

35 45 0.0394266

36 45 0.0375501

37 45 0.0355255

38 45 0.0333607

39 45 0.0310642

40 45 0.0286451

41 45 0.026113

42 45 0.0234778

43 45 0.0207499

44 45 0.0179402

45 45 0.0150596

46 45 0.0121196

47 45 0.00913183

48 45 0.00610798

49 45 0.00306003

50 45 0

0 46 0

1 46 0.00246264

2 46 0.00491557

3 46 0.00734909

4 46 0.00975361

5 46 0.0121196

6 46 0.0144378

7 46 0.0166991

8 46 0.0188944

9 46 0.0210151

10 46 0.0230529

11 46 0.0249998

12 46 0.0268479

13 46 0.0285901

14 46 0.0302195

15 46 0.0317296

16 46 0.0331145

17 46 0.0343687

18 46 0.0354873

19 46 0.0364658

20 46 0.0373004

21 46 0.0379878

22 46 0.0385253

23 46 0.0389107

24 46 0.0391426

25 46 0.03922

26 46 0.0391426

27 46 0.0389107

28 46 0.0385253

29 46 0.0379878

30 46 0.0373004

31 46 0.0364658

32 46 0.0354873

33 46 0.0343687

34 46 0.0331145

35 46 0.0317296

36 46 0.0302195

37 46 0.0285901

38 46 0.0268479

39 46 0.0249998

40 46 0.0230529

41 46 0.0210151

42 46 0.0188944

43 46 0.0166991

44 46 0.0144378

45 46 0.0121196

46 46 0.00975361

47 46 0.00734909

48 46 0.00491557

49 46 0.00246264

50 46 0

0 47 0

1 47 0.00185554

2 47 0.00370375

3 47 0.00553735

4 47 0.00734909

5 47 0.00913183

6 47 0.0108785

7 47 0.0125823

8 47 0.0142364

9 47 0.0158343

10 47 0.0173698

11 47 0.0188367

12 47 0.0202292

13 47 0.0215419

14 47 0.0227696

15 47 0.0239074

16 47 0.0249509

17 47 0.0258959

18 47 0.0267387

19 47 0.027476

20 47 0.0281049

21 47 0.0286228

22 47 0.0290278

23 47 0.0293182

24 47 0.0294929

25 47 0.0295512

26 47 0.0294929

27 47 0.0293182

28 47 0.0290278

29 47 0.0286228

30 47 0.0281049

31 47 0.027476

32 47 0.0267387

33 47 0.0258959

34 47 0.0249509

35 47 0.0239074

36 47 0.0227696

37 47 0.0215419

38 47 0.0202292

39 47 0.0188367

40 47 0.0173698

41 47 0.0158343

42 47 0.0142364

43 47 0.0125823

44 47 0.0108785

45 47 0.00913183

46 47 0.00734909

47 47 0.00553735

48 47 0.00370375

49 47 0.00185554

50 47 0

0 48 0

1 48 0.00124111

2 48 0.00247732

3 48 0.00370375

4 48 0.00491557

5 48 0.00610798

6 48 0.00727629

7 48 0.00841589

8 48 0.00952227

9 48 0.0105911

10 48 0.0116181

11 48 0.0125992

12 48 0.0135307

13 48 0.0144087

14 48 0.0152298

15 48 0.0159909

16 48 0.0166889

17 48 0.0173209

18 48 0.0178847

19 48 0.0183778

20 48 0.0187984

21 48 0.0191449

22 48 0.0194157

23 48 0.01961

24 48 0.0197268

25 48 0.0197658

26 48 0.0197268

27 48 0.01961

28 48 0.0194157

29 48 0.0191449

30 48 0.0187984

31 48 0.0183778

32 48 0.0178847

33 48 0.0173209

34 48 0.0166889

35 48 0.0159909

36 48 0.0152298

37 48 0.0144087

38 48 0.0135307

39 48 0.0125992

40 48 0.0116181

41 48 0.0105911

42 48 0.00952227

43 48 0.00841589

44 48 0.00727629

45 48 0.00610798

46 48 0.00491557

47 48 0.00370375

48 48 0.00247732

49 48 0.00124111

50 48 0

0 49 0

1 49 0.000621781

2 49 0.00124111

3 49 0.00185554

4 49 0.00246264

5 49 0.00306003

6 49 0.00364534

7 49 0.00421626

8 49 0.00477055

9 49 0.00530601

10 49 0.00582052

11 49 0.00631207

12 49 0.0067787

13 49 0.00721859

14 49 0.00762998

15 49 0.00801126

16 49 0.00836093

17 49 0.00867759

18 49 0.00896002

19 49 0.00920708

20 49 0.0094178

21 49 0.00959136

22 49 0.00972706

23 49 0.00982438

24 49 0.00988292

25 49 0.00990246

26 49 0.00988292

27 49 0.00982438

28 49 0.00972706

29 49 0.00959136

30 49 0.0094178

31 49 0.00920708

32 49 0.00896002

33 49 0.00867759

34 49 0.00836093

35 49 0.00801126

36 49 0.00762998

