0 1 0

1 1 0.00126519

2 1 0.00252539

3 1 0.00377563

4 1 0.00501096

5 1 0.00622652

6 1 0.0074175

7 1 0.00857921

8 1 0.00970706

9 1 0.0107966

10 1 0.0118435

11 1 0.0128437

12 1 0.0137932

13 1 0.0146883

14 1 0.0155254

15 1 0.0163012

16 1 0.0170127

17 1 0.0176571

18 1 0.0182318

19 1 0.0187345

20 1 0.0191632

21 1 0.0195164

22 1 0.0197925

23 1 0.0199905

24 1 0.0201097

25 1 0.0201494

26 1 0.0201097

27 1 0.0199905

28 1 0.0197925

29 1 0.0195164

30 1 0.0191632

31 1 0.0187345

32 1 0.0182318

33 1 0.0176571

34 1 0.0170127

35 1 0.0163012

36 1 0.0155254

37 1 0.0146883

38 1 0.0137932

39 1 0.0128437

40 1 0.0118435

41 1 0.0107966

42 1 0.00970706

43 1 0.00857921

44 1 0.0074175

45 1 0.00622652

46 1 0.00501096

47 1 0.00377563

48 1 0.00252539

49 1 0.00126519

50 1 0

0 2 0

1 2 0.00252539

2 2 0.00504082

3 2 0.00753635

4 2 0.0100021

5 2 0.0124285

6 2 0.0148057

7 2 0.0171246

8 2 0.0193758

9 2 0.0215506

10 2 0.0236403

11 2 0.0256368

12 2 0.027532

13 2 0.0293186

14 2 0.0309895

15 2 0.0325381

16 2 0.0339583

17 2 0.0352445

18 2 0.0363915

19 2 0.037395

20 2 0.0382509

21 2 0.0389558

22 2 0.0395069

23 2 0.0399022

24 2 0.04014

25 2 0.0402193

26 2 0.04014

27 2 0.0399022

28 2 0.0395069

29 2 0.0389558

30 2 0.0382509

31 2 0.037395

32 2 0.0363915

33 2 0.0352445

34 2 0.0339583

35 2 0.0325381

36 2 0.0309895

37 2 0.0293186

38 2 0.027532

39 2 0.0256368

40 2 0.0236403

41 2 0.0215506

42 2 0.0193758

43 2 0.0171246

44 2 0.0148057

45 2 0.0124285

46 2 0.0100021

47 2 0.00753635

48 2 0.00504082

49 2 0.00252539

50 2 0

0 3 0

1 3 0.00377563

2 3 0.00753635

3 3 0.0112673

4 3 0.0149539

5 3 0.0185814

6 3 0.0221355

7 3 0.0256023

8 3 0.0289681

9 3 0.0322195

10 3 0.0353438

11 3 0.0383286

12 3 0.0411622

13 3 0.0438333

14 3 0.0463314

15 3 0.0486466

16 3 0.0507699

17 3 0.0526928

18 3 0.0544077

19 3 0.0559079

20 3 0.0571875

21 3 0.0582414

22 3 0.0590654

23 3 0.0596564

24 3 0.0600119

25 3 0.0601305

26 3 0.0600119

27 3 0.0596564

28 3 0.0590654

29 3 0.0582414

30 3 0.0571875

31 3 0.0559079

32 3 0.0544077

33 3 0.0526928

34 3 0.0507699

35 3 0.0486466

36 3 0.0463314

37 3 0.0438333

38 3 0.0411622

39 3 0.0383286

40 3 0.0353438

41 3 0.0322195

42 3 0.0289681

43 3 0.0256023

44 3 0.0221355

45 3 0.0185814

46 3 0.0149539

47 3 0.0112673

48 3 0.00753635

49 3 0.00377563

50 3 0

0 4 0

1 4 0.00501096

2 4 0.0100021

3 4 0.0149539

4 4 0.0198465

5 4 0.0246609

6 4 0.029378

7 4 0.0339791

8 4 0.0384461

9 4 0.0427613

10 4 0.0469079

11 4 0.0508692

12 4 0.0546299

13 4 0.0581749

14 4 0.0614903

15 4 0.0645631

16 4 0.0673811

17 4 0.0699331

18 4 0.0722092

19 4 0.0742003

20 4 0.0758985

21 4 0.0772972

22 4 0.0783908

23 4 0.0791751

24 4 0.0796469

25 4 0.0798044

26 4 0.0796469

27 4 0.0791751

28 4 0.0783908

29 4 0.0772972

30 4 0.0758985

31 4 0.0742003

32 4 0.0722092

33 4 0.0699331

34 4 0.0673811

35 4 0.0645631

36 4 0.0614903

37 4 0.0581749

38 4 0.0546299

39 4 0.0508692

40 4 0.0469079

41 4 0.0427613

42 4 0.0384461

43 4 0.0339791

44 4 0.029378

45 4 0.0246609

46 4 0.0198465

47 4 0.0149539

48 4 0.0100021

49 4 0.00501096

50 4 0

0 5 0

1 5 0.00622652

2 5 0.0124285

3 5 0.0185814

4 5 0.0246609

5 5 0.0306432

6 5 0.0365045

7 5 0.0422217

8 5 0.0477723

9 5 0.0531344

10 5 0.0582867

11 5 0.0632091

12 5 0.067882

13 5 0.072287

14 5 0.0764067

15 5 0.0802248

16 5 0.0837264

17 5 0.0868975

18 5 0.0897257

19 5 0.0921997

20 5 0.0943099

21 5 0.0960479

22 5 0.0974069

23 5 0.0983814

24 5 0.0989676

25 5 0.0991633

26 5 0.0989676

27 5 0.0983814

28 5 0.0974069

29 5 0.0960479

30 5 0.0943099

31 5 0.0921997

32 5 0.0897257

33 5 0.0868975

34 5 0.0837264

35 5 0.0802248

36 5 0.0764067

37 5 0.072287

38 5 0.067882

39 5 0.0632091

40 5 0.0582867

41 5 0.0531344

42 5 0.0477723

43 5 0.0422217

44 5 0.0365045

45 5 0.0306432

46 5 0.0246609

47 5 0.0185814

48 5 0.0124285

49 5 0.00622652

50 5 0

0 6 0

1 6 0.0074175

2 6 0.0148057

3 6 0.0221355

4 6 0.029378

5 6 0.0365045

6 6 0.0434869

7 6 0.0502977

8 6 0.05691

9 6 0.0632977

10 6 0.0694356

11 6 0.0752995

12 6 0.0808662

13 6 0.0861137

14 6 0.0910214

15 6 0.0955699

16 6 0.0997412

17 6 0.103519

18 6 0.106888

19 6 0.109835

20 6 0.112349

21 6 0.11442

22 6 0.116038

23 6 0.117199

24 6 0.117898

25 6 0.118131

26 6 0.117898

27 6 0.117199

28 6 0.116038

29 6 0.11442

30 6 0.112349

31 6 0.109835

32 6 0.106888

33 6 0.103519

34 6 0.0997412

35 6 0.0955699

36 6 0.0910214

37 6 0.0861137

38 6 0.0808662

39 6 0.0752995

40 6 0.0694356

41 6 0.0632977

42 6 0.05691

43 6 0.0502977

44 6 0.0434869

45 6 0.0365045

46 6 0.029378

47 6 0.0221355

48 6 0.0148057

49 6 0.0074175

50 6 0

0 7 0

1 7 0.00857921

2 7 0.0171246

3 7 0.0256023

4 7 0.0339791

5 7 0.0422217

6 7 0.0502977

7 7 0.0581752

8 7 0.0658231

9 7 0.0732112

10 7 0.0803104

11 7 0.0870927

12 7 0.0935312

13 7 0.0996006

14 7 0.105277

15 7 0.110538

16 7 0.115362

17 7 0.119732

18 7 0.123629

19 7 0.127037

20 7 0.129945

21 7 0.13234

22 7 0.134212

23 7 0.135555

24 7 0.136363

25 7 0.136632

26 7 0.136363

27 7 0.135555

28 7 0.134212

29 7 0.13234

30 7 0.129945

31 7 0.127037

32 7 0.123629

33 7 0.119732

34 7 0.115362

35 7 0.110538

36 7 0.105277

37 7 0.0996006

38 7 0.0935312

39 7 0.0870927

40 7 0.0803104

41 7 0.0732112

42 7 0.0658231

43 7 0.0581752

44 7 0.0502977

45 7 0.0422217

46 7 0.0339791

47 7 0.0256023

48 7 0.0171246

49 7 0.00857921

50 7 0

0 8 0

1 8 0.00970706

2 8 0.0193758

3 8 0.0289681

4 8 0.0384461

5 8 0.0477723

6 8 0.05691

7 8 0.0658231

8 8 0.0744764

9 8 0.0828358

10 8 0.0908683

11 8 0.0985422

12 8 0.105827

13 8 0.112694

14 8 0.119117

15 8 0.125069

16 8 0.130528

17 8 0.135472

18 8 0.139881

19 8 0.143738

20 8 0.147028

21 8 0.149738

22 8 0.151856

23 8 0.153375

24 8 0.154289

25 8 0.154594

26 8 0.154289

27 8 0.153375

28 8 0.151856

29 8 0.149738

30 8 0.147028

31 8 0.143738

32 8 0.139881

33 8 0.135472

34 8 0.130528

35 8 0.125069

36 8 0.119117

37 8 0.112694

38 8 0.105827

39 8 0.0985422

40 8 0.0908683

41 8 0.0828358

42 8 0.0744764

43 8 0.0658231

44 8 0.05691

45 8 0.0477723

46 8 0.0384461

47 8 0.0289681

48 8 0.0193758

49 8 0.00970706

50 8 0

0 9 0

1 9 0.0107966

2 9 0.0215506

3 9 0.0322195

4 9 0.0427613

5 9 0.0531344

6 9 0.0632977

7 9 0.0732112

8 9 0.0828358

9 9 0.0921335

10 9 0.101068

11 9 0.109603

12 9 0.117705

13 9 0.125344

14 9 0.132487

15 9 0.139108

16 9 0.145179

17 9 0.150678

18 9 0.155582

19 9 0.159872

20 9 0.163531

21 9 0.166544

22 9 0.168901

23 9 0.170591

24 9 0.171607

25 9 0.171946

26 9 0.171607

27 9 0.170591

28 9 0.168901

29 9 0.166544

30 9 0.163531

31 9 0.159872

32 9 0.155582

33 9 0.150678

34 9 0.145179

35 9 0.139108

36 9 0.132487

37 9 0.125344

38 9 0.117705

39 9 0.109603

40 9 0.101068

41 9 0.0921335

42 9 0.0828358

43 9 0.0732112

44 9 0.0632977

45 9 0.0531344

46 9 0.0427613

47 9 0.0322195

48 9 0.0215506

49 9 0.0107966

50 9 0

0 10 0

1 10 0.0118435

2 10 0.0236403

3 10 0.0353438

4 10 0.0469079

5 10 0.0582867

6 10 0.0694356

7 10 0.0803104

8 10 0.0908683

9 10 0.101068

10 10 0.110868

11 10 0.120231

12 10 0.129119

13 10 0.137498

14 10 0.145334

15 10 0.152597

16 10 0.159257

17 10 0.165289

18 10 0.170668

19 10 0.175374

20 10 0.179388

21 10 0.182694

22 10 0.185279

23 10 0.187133

24 10 0.188248

25 10 0.18862

26 10 0.188248

27 10 0.187133

28 10 0.185279

29 10 0.182694

30 10 0.179388

31 10 0.175374

32 10 0.170668

33 10 0.165289

34 10 0.159257

35 10 0.152597

36 10 0.145334

37 10 0.137498

38 10 0.129119

39 10 0.120231

40 10 0.110868

41 10 0.101068

42 10 0.0908683

43 10 0.0803104

44 10 0.0694356

45 10 0.0582867

46 10 0.0469079

47 10 0.0353438

48 10 0.0236403

49 10 0.0118435

50 10 0

0 11 0

1 11 0.0128437

2 11 0.0256368

3 11 0.0383286

4 11 0.0508692

5 11 0.0632091

6 11 0.0752995

7 11 0.0870927

8 11 0.0985422

9 11 0.109603

10 11 0.120231

11 11 0.130384

12 11 0.140023

13 11 0.14911

14 11 0.157608

15 11 0.165484

16 11 0.172706

17 11 0.179248

18 11 0.185081

19 11 0.190185

20 11 0.194538

21 11 0.198123

22 11 0.200926

23 11 0.202936

24 11 0.204145

25 11 0.204549

26 11 0.204145

27 11 0.202936

28 11 0.200926

29 11 0.198123

30 11 0.194538

31 11 0.190185

32 11 0.185081

33 11 0.179248

34 11 0.172706

35 11 0.165484

36 11 0.157608

37 11 0.14911

38 11 0.140023

39 11 0.130384

40 11 0.120231

41 11 0.109603

42 11 0.0985422

43 11 0.0870927

44 11 0.0752995

45 11 0.0632091

46 11 0.0508692

47 11 0.0383286

48 11 0.0256368

49 11 0.0128437

50 11 0

0 12 0

1 12 0.0137932

2 12 0.027532

3 12 0.0411622

4 12 0.0546299

5 12 0.067882

6 12 0.0808662

7 12 0.0935312

8 12 0.105827

9 12 0.117705

10 12 0.129119

11 12 0.140023

12 12 0.150375

13 12 0.160133

14 12 0.169259

15 12 0.177717

16 12 0.185474

17 12 0.192499

18 12 0.198764

19 12 0.204245

20 12 0.208919

21 12 0.212769

22 12 0.21578

23 12 0.217938

24 12 0.219237

25 12 0.219671

26 12 0.219237

27 12 0.217938

28 12 0.21578

29 12 0.212769

30 12 0.208919

31 12 0.204245

32 12 0.198764

33 12 0.192499

34 12 0.185474

35 12 0.177717

36 12 0.169259

37 12 0.160133

38 12 0.150375

39 12 0.140023

40 12 0.129119

41 12 0.117705

42 12 0.105827

43 12 0.0935312

44 12 0.0808662

45 12 0.067882

46 12 0.0546299

47 12 0.0411622

48 12 0.027532

49 12 0.0137932

50 12 0

0 13 0

1 13 0.0146883

2 13 0.0293186

3 13 0.0438333

4 13 0.0581749

5 13 0.072287

6 13 0.0861137

7 13 0.0996006

8 13 0.112694

9 13 0.125344

10 13 0.137498

11 13 0.14911

12 13 0.160133

13 13 0.170524

14 13 0.180243

15 13 0.18925

16 13 0.19751

17 13 0.20499

18 13 0.211662

19 13 0.217498

20 13 0.222476

21 13 0.226576

22 13 0.229782

23 13 0.232081

24 13 0.233464

25 13 0.233925

26 13 0.233464

27 13 0.232081

28 13 0.229782

29 13 0.226576

30 13 0.222476

31 13 0.217498

32 13 0.211662

33 13 0.20499

34 13 0.19751

35 13 0.18925

36 13 0.180243

37 13 0.170524

38 13 0.160133

39 13 0.14911

40 13 0.137498

41 13 0.125344

42 13 0.112694

43 13 0.0996006

44 13 0.0861137

45 13 0.072287

46 13 0.0581749

47 13 0.0438333

48 13 0.0293186

49 13 0.0146883

50 13 0

0 14 0

1 14 0.0155254

2 14 0.0309895

3 14 0.0463314

4 14 0.0614903

5 14 0.0764067

6 14 0.0910214

7 14 0.105277

8 14 0.119117

9 14 0.132487

10 14 0.145334

11 14 0.157608

12 14 0.169259

13 14 0.180243

14 14 0.190515

15 14 0.200035

16 14 0.208766

17 14 0.216673

18 14 0.223725

19 14 0.229894

20 14 0.235156

21 14 0.239489

22 14 0.242878

23 14 0.245307

24 14 0.246769

25 14 0.247257

26 14 0.246769

27 14 0.245307

28 14 0.242878

29 14 0.239489

30 14 0.235156

31 14 0.229894

32 14 0.223725

33 14 0.216673

34 14 0.208766

35 14 0.200035

36 14 0.190515

37 14 0.180243

38 14 0.169259

39 14 0.157608

40 14 0.145334

41 14 0.132487

42 14 0.119117

43 14 0.105277

44 14 0.0910214

45 14 0.0764067

46 14 0.0614903

47 14 0.0463314

48 14 0.0309895

49 14 0.0155254

50 14 0

0 15 0

1 15 0.0163012

2 15 0.0325381

3 15 0.0486466

4 15 0.0645631

5 15 0.0802248

6 15 0.0955699

7 15 0.110538

8 15 0.125069

9 15 0.139108

10 15 0.152597

11 15 0.165484

12 15 0.177717

13 15 0.18925

14 15 0.200035

15 15 0.210031

16 15 0.219198

17 15 0.227501

18 15 0.234905

19 15 0.241382

20 15 0.246907

21 15 0.251457

22 15 0.255014

23 15 0.257566

24 15 0.259101

25 15 0.259613

26 15 0.259101

27 15 0.257566

28 15 0.255014

29 15 0.251457

30 15 0.246907

31 15 0.241382

32 15 0.234905

33 15 0.227501

34 15 0.219198

35 15 0.210031

36 15 0.200035

37 15 0.18925

38 15 0.177717

39 15 0.165484

40 15 0.152597

41 15 0.139108

42 15 0.125069

43 15 0.110538

44 15 0.0955699

45 15 0.0802248

46 15 0.0645631

47 15 0.0486466

48 15 0.0325381

49 15 0.0163012

50 15 0

0 16 0

1 16 0.0170127

2 16 0.0339583

3 16 0.0507699

4 16 0.0673811

5 16 0.0837264

6 16 0.0997412

7 16 0.115362

8 16 0.130528

9 16 0.145179

10 16 0.159257

11 16 0.172706

12 16 0.185474

13 16 0.19751

14 16 0.208766

15 16 0.219198

16 16 0.228766

17 16 0.23743

18 16 0.245158

19 16 0.251918

20 16 0.257683

21 16 0.262432

22 16 0.266145

23 16 0.268808

24 16 0.27041

25 16 0.270944

26 16 0.27041

27 16 0.268808

28 16 0.266145

29 16 0.262432

30 16 0.257683

31 16 0.251918

32 16 0.245158

33 16 0.23743

34 16 0.228766

35 16 0.219198

36 16 0.208766

37 16 0.19751

38 16 0.185474

39 16 0.172706

40 16 0.159257

41 16 0.145179

42 16 0.130528

43 16 0.115362

44 16 0.0997412

45 16 0.0837264

46 16 0.0673811

47 16 0.0507699

48 16 0.0339583

49 16 0.0170127

50 16 0

0 17 0

1 17 0.0176571

2 17 0.0352445

3 17 0.0526928

4 17 0.0699331

5 17 0.0868975

6 17 0.103519

7 17 0.119732

8 17 0.135472

9 17 0.150678

10 17 0.165289

11 17 0.179248

12 17 0.192499

13 17 0.20499

14 17 0.216673

15 17 0.227501

16 17 0.23743

17 17 0.246423

18 17 0.254443

19 17 0.261459

20 17 0.267443

21 17 0.272372

22 17 0.276225

23 17 0.278989

24 17 0.280651

25 17 0.281206

26 17 0.280651

27 17 0.278989

28 17 0.276225

29 17 0.272372

30 17 0.267443

31 17 0.261459

32 17 0.254443

33 17 0.246423

34 17 0.23743

35 17 0.227501

36 17 0.216673

37 17 0.20499

38 17 0.192499

39 17 0.179248

40 17 0.165289

41 17 0.150678

42 17 0.135472

43 17 0.119732

44 17 0.103519

45 17 0.0868975

46 17 0.0699331

47 17 0.0526928

48 17 0.0352445

49 17 0.0176571

50 17 0

0 18 0

1 18 0.0182318

2 18 0.0363915

3 18 0.0544077

4 18 0.0722092

5 18 0.0897257

6 18 0.106888

7 18 0.123629

8 18 0.139881

9 18 0.155582

10 18 0.170668

11 18 0.185081

12 18 0.198764

13 18 0.211662

14 18 0.223725

15 18 0.234905

16 18 0.245158

17 18 0.254443

18 18 0.262724

19 18 0.269968

20 18 0.276147

21 18 0.281236

22 18 0.285215

23 18 0.288069

24 18 0.289785

25 18 0.290358

26 18 0.289785

27 18 0.288069

28 18 0.285215

29 18 0.281236

30 18 0.276147

31 18 0.269968

32 18 0.262724

33 18 0.254443

34 18 0.245158

35 18 0.234905

36 18 0.223725

37 18 0.211662

38 18 0.198764

39 18 0.185081

40 18 0.170668

41 18 0.155582

42 18 0.139881

43 18 0.123629

44 18 0.106888

45 18 0.0897257

46 18 0.0722092

47 18 0.0544077

48 18 0.0363915

49 18 0.0182318

50 18 0

0 19 0

1 19 0.0187345

2 19 0.037395

3 19 0.0559079

4 19 0.0742003

5 19 0.0921997

6 19 0.109835

7 19 0.127037

8 19 0.143738

9 19 0.159872

10 19 0.175374

11 19 0.190185

12 19 0.204245

13 19 0.217498

14 19 0.229894

15 19 0.241382

16 19 0.251918

17 19 0.261459

18 19 0.269968

19 19 0.277412

20 19 0.283762

21 19 0.288991

22 19 0.29308

23 19 0.296012

24 19 0.297776

25 19 0.298365

26 19 0.297776

27 19 0.296012

28 19 0.29308

29 19 0.288991

30 19 0.283762

31 19 0.277412

32 19 0.269968

33 19 0.261459

34 19 0.251918

35 19 0.241382

36 19 0.229894

37 19 0.217498

38 19 0.204245

39 19 0.190185

40 19 0.175374

41 19 0.159872

42 19 0.143738

43 19 0.127037

44 19 0.109835

45 19 0.0921997

46 19 0.0742003

47 19 0.0559079

48 19 0.037395

49 19 0.0187345

50 19 0

0 20 0

1 20 0.0191632

2 20 0.0382509

3 20 0.0571875

4 20 0.0758985

5 20 0.0943099

6 20 0.112349

7 20 0.129945

8 20 0.147028

9 20 0.163531

10 20 0.179388

11 20 0.194538

12 20 0.208919

13 20 0.222476

14 20 0.235156

15 20 0.246907

16 20 0.257683

17 20 0.267443

18 20 0.276147

19 20 0.283762

20 20 0.290256

21 20 0.295605

22 20 0.299788

23 20 0.302787

24 20 0.304591

25 20 0.305193

26 20 0.304591

27 20 0.302787

28 20 0.299788

29 20 0.295605

30 20 0.290256

31 20 0.283762

32 20 0.276147

33 20 0.267443

34 20 0.257683

35 20 0.246907

36 20 0.235156

37 20 0.222476

38 20 0.208919

39 20 0.194538

40 20 0.179388

41 20 0.163531

42 20 0.147028

43 20 0.129945

44 20 0.112349

45 20 0.0943099

46 20 0.0758985

47 20 0.0571875

48 20 0.0382509

49 20 0.0191632

50 20 0

0 21 0

1 21 0.0195164

2 21 0.0389558

3 21 0.0582414

4 21 0.0772972

5 21 0.0960479

6 21 0.11442

7 21 0.13234

8 21 0.149738

9 21 0.166544

10 21 0.182694

11 21 0.198123

12 21 0.212769

13 21 0.226576

14 21 0.239489

15 21 0.251457

16 21 0.262432

17 21 0.272372

18 21 0.281236

19 21 0.288991

20 21 0.295605

21 21 0.301053

22 21 0.305312

23 21 0.308367

24 21 0.310204

25 21 0.310818

26 21 0.310204

27 21 0.308367

28 21 0.305312

29 21 0.301053

30 21 0.295605

31 21 0.288991

32 21 0.281236

33 21 0.272372

34 21 0.262432

35 21 0.251457

36 21 0.239489

37 21 0.226576

38 21 0.212769

39 21 0.198123

40 21 0.182694

41 21 0.166544

42 21 0.149738

43 21 0.13234

44 21 0.11442

45 21 0.0960479

46 21 0.0772972

47 21 0.0582414

48 21 0.0389558

49 21 0.0195164

50 21 0

0 22 0

1 22 0.0197925

2 22 0.0395069

3 22 0.0590654

4 22 0.0783908

5 22 0.0974069

6 22 0.116038

7 22 0.134212

8 22 0.151856

9 22 0.168901

10 22 0.185279

11 22 0.200926

12 22 0.21578

13 22 0.229782

14 22 0.242878

15 22 0.255014

16 22 0.266145

17 22 0.276225

18 22 0.285215

19 22 0.29308

20 22 0.299788

21 22 0.305312

22 22 0.309632

23 22 0.31273

24 22 0.314593

25 22 0.315215

26 22 0.314593

27 22 0.31273

28 22 0.309632

29 22 0.305312

30 22 0.299788

31 22 0.29308

32 22 0.285215

33 22 0.276225

34 22 0.266145

35 22 0.255014

36 22 0.242878

37 22 0.229782

38 22 0.21578

39 22 0.200926

40 22 0.185279

41 22 0.168901

42 22 0.151856

43 22 0.134212

44 22 0.116038

45 22 0.0974069

46 22 0.0783908

47 22 0.0590654

48 22 0.0395069

49 22 0.0197925

50 22 0

0 23 0

1 23 0.0199905

2 23 0.0399022

3 23 0.0596564

4 23 0.0791751

5 23 0.0983814

6 23 0.117199

7 23 0.135555

8 23 0.153375

9 23 0.170591

10 23 0.187133

11 23 0.202936

12 23 0.217938

13 23 0.232081

14 23 0.245307

15 23 0.257566

16 23 0.268808

17 23 0.278989

18 23 0.288069

19 23 0.296012

20 23 0.302787

21 23 0.308367

22 23 0.31273

23 23 0.315858

24 23 0.317741

25 23 0.318369

26 23 0.317741

27 23 0.315858

28 23 0.31273

29 23 0.308367

30 23 0.302787

31 23 0.296012

32 23 0.288069

33 23 0.278989

34 23 0.268808

35 23 0.257566

36 23 0.245307

37 23 0.232081

38 23 0.217938

39 23 0.202936

40 23 0.187133

41 23 0.170591

42 23 0.153375

43 23 0.135555

44 23 0.117199

45 23 0.0983814

46 23 0.0791751

47 23 0.0596564

48 23 0.0399022

49 23 0.0199905

50 23 0

0 24 0

1 24 0.0201097

2 24 0.04014

3 24 0.0600119

4 24 0.0796469

5 24 0.0989676

6 24 0.117898

7 24 0.136363

8 24 0.154289

9 24 0.171607

10 24 0.188248

11 24 0.204145

12 24 0.219237

13 24 0.233464

14 24 0.246769

15 24 0.259101

16 24 0.27041

17 24 0.280651

18 24 0.289785

19 24 0.297776

20 24 0.304591

21 24 0.310204

22 24 0.314593

23 24 0.317741

24 24 0.319634

25 24 0.320266

26 24 0.319634

27 24 0.317741

28 24 0.314593

29 24 0.310204

30 24 0.304591

31 24 0.297776

32 24 0.289785

33 24 0.280651

34 24 0.27041

35 24 0.259101

36 24 0.246769

37 24 0.233464

38 24 0.219237

39 24 0.204145

40 24 0.188248

41 24 0.171607

42 24 0.154289

43 24 0.136363

44 24 0.117898

45 24 0.0989676

46 24 0.0796469

47 24 0.0600119

48 24 0.04014

49 24 0.0201097

50 24 0

0 25 0

1 25 0.0201494

2 25 0.0402193

3 25 0.0601305

4 25 0.0798044

5 25 0.0991633

6 25 0.118131

7 25 0.136632

8 25 0.154594

9 25 0.171946

10 25 0.18862

11 25 0.204549

12 25 0.219671

13 25 0.233925

14 25 0.247257

15 25 0.259613

16 25 0.270944

17 25 0.281206

18 25 0.290358

19 25 0.298365

20 25 0.305193

21 25 0.310818

22 25 0.315215

23 25 0.318369

24 25 0.320266

25 25 0.320899

26 25 0.320266

27 25 0.318369

28 25 0.315215

29 25 0.310818

30 25 0.305193

31 25 0.298365

32 25 0.290358

33 25 0.281206

34 25 0.270944

35 25 0.259613

36 25 0.247257

37 25 0.233925

38 25 0.219671

39 25 0.204549

40 25 0.18862

41 25 0.171946

42 25 0.154594

43 25 0.136632

44 25 0.118131

45 25 0.0991633

46 25 0.0798044

47 25 0.0601305

48 25 0.0402193

49 25 0.0201494

50 25 0

0 26 0

1 26 0.0201097

2 26 0.04014

3 26 0.0600119

4 26 0.0796469

5 26 0.0989676

6 26 0.117898

7 26 0.136363

8 26 0.154289

9 26 0.171607

10 26 0.188248

11 26 0.204145

12 26 0.219237

13 26 0.233464

14 26 0.246769

15 26 0.259101

16 26 0.27041

17 26 0.280651

18 26 0.289785

19 26 0.297776

20 26 0.304591

21 26 0.310204

22 26 0.314593

23 26 0.317741

24 26 0.319634

25 26 0.320266

26 26 0.319634

27 26 0.317741

28 26 0.314593

29 26 0.310204

30 26 0.304591

31 26 0.297776

32 26 0.289785

33 26 0.280651

34 26 0.27041

35 26 0.259101

36 26 0.246769

37 26 0.233464

38 26 0.219237

39 26 0.204145

40 26 0.188248

41 26 0.171607

42 26 0.154289

43 26 0.136363

44 26 0.117898

45 26 0.0989676

46 26 0.0796469

47 26 0.0600119

48 26 0.04014

49 26 0.0201097

50 26 0

0 27 0

1 27 0.0199905

2 27 0.0399022

3 27 0.0596564

4 27 0.0791751

5 27 0.0983814

6 27 0.117199

7 27 0.135555

8 27 0.153375

9 27 0.170591

10 27 0.187133

11 27 0.202936

12 27 0.217938

13 27 0.232081

14 27 0.245307

15 27 0.257566

16 27 0.268808

17 27 0.278989

18 27 0.288069

19 27 0.296012

20 27 0.302787

21 27 0.308367

22 27 0.31273

23 27 0.315858

24 27 0.317741

25 27 0.318369

26 27 0.317741

27 27 0.315858

28 27 0.31273

29 27 0.308367

30 27 0.302787

31 27 0.296012

32 27 0.288069

33 27 0.278989

34 27 0.268808

35 27 0.257566

36 27 0.245307

37 27 0.232081

38 27 0.217938

39 27 0.202936

40 27 0.187133

41 27 0.170591

42 27 0.153375

43 27 0.135555

44 27 0.117199

45 27 0.0983814

46 27 0.0791751

47 27 0.0596564

48 27 0.0399022

49 27 0.0199905

50 27 0

0 28 0

1 28 0.0197925

2 28 0.0395069

3 28 0.0590654

4 28 0.0783908

5 28 0.0974069

6 28 0.116038

7 28 0.134212

8 28 0.151856

9 28 0.168901

10 28 0.185279

11 28 0.200926

12 28 0.21578

13 28 0.229782

14 28 0.242878

15 28 0.255014

16 28 0.266145

17 28 0.276225

18 28 0.285215

19 28 0.29308

20 28 0.299788

21 28 0.305312

22 28 0.309632

23 28 0.31273

24 28 0.314593

25 28 0.315215

26 28 0.314593

27 28 0.31273

28 28 0.309632

29 28 0.305312

30 28 0.299788

31 28 0.29308

32 28 0.285215

33 28 0.276225

34 28 0.266145

35 28 0.255014

36 28 0.242878

37 28 0.229782

38 28 0.21578

39 28 0.200926

40 28 0.185279

41 28 0.168901

42 28 0.151856

43 28 0.134212

44 28 0.116038

45 28 0.0974069

46 28 0.0783908

47 28 0.0590654

48 28 0.0395069

49 28 0.0197925

50 28 0

0 29 0

1 29 0.0195164

2 29 0.0389558

3 29 0.0582414

4 29 0.0772972

5 29 0.0960479

6 29 0.11442

7 29 0.13234

8 29 0.149738

9 29 0.166544

10 29 0.182694

11 29 0.198123

12 29 0.212769

13 29 0.226576

14 29 0.239489

15 29 0.251457

16 29 0.262432

17 29 0.272372

18 29 0.281236

19 29 0.288991

20 29 0.295605

21 29 0.301053

22 29 0.305312

23 29 0.308367

24 29 0.310204

25 29 0.310818

26 29 0.310204

27 29 0.308367

28 29 0.305312

29 29 0.301053

30 29 0.295605

31 29 0.288991

32 29 0.281236

33 29 0.272372

34 29 0.262432

35 29 0.251457

36 29 0.239489

37 29 0.226576

38 29 0.212769

39 29 0.198123

40 29 0.182694

41 29 0.166544

42 29 0.149738

43 29 0.13234

44 29 0.11442

45 29 0.0960479

46 29 0.0772972

47 29 0.0582414

48 29 0.0389558

49 29 0.0195164

50 29 0

0 30 0

1 30 0.0191632

2 30 0.0382509

3 30 0.0571875

4 30 0.0758985

5 30 0.0943099

6 30 0.112349

7 30 0.129945

8 30 0.147028

9 30 0.163531

10 30 0.179388

11 30 0.194538

12 30 0.208919

13 30 0.222476

14 30 0.235156

15 30 0.246907

16 30 0.257683

17 30 0.267443

18 30 0.276147

19 30 0.283762

20 30 0.290256

21 30 0.295605

22 30 0.299788

23 30 0.302787

24 30 0.304591

25 30 0.305193

26 30 0.304591

27 30 0.302787

28 30 0.299788

29 30 0.295605

30 30 0.290256

31 30 0.283762

32 30 0.276147

33 30 0.267443

34 30 0.257683

35 30 0.246907

36 30 0.235156

37 30 0.222476

38 30 0.208919

39 30 0.194538

40 30 0.179388

41 30 0.163531

42 30 0.147028

43 30 0.129945

44 30 0.112349

45 30 0.0943099

46 30 0.0758985

47 30 0.0571875

48 30 0.0382509

49 30 0.0191632

50 30 0

0 31 0

1 31 0.0187345

2 31 0.037395

3 31 0.0559079

4 31 0.0742003

5 31 0.0921997

6 31 0.109835

7 31 0.127037

8 31 0.143738

9 31 0.159872

10 31 0.175374

11 31 0.190185

12 31 0.204245

13 31 0.217498

14 31 0.229894

15 31 0.241382

16 31 0.251918

17 31 0.261459

18 31 0.269968

19 31 0.277412

20 31 0.283762

21 31 0.288991

22 31 0.29308

23 31 0.296012

24 31 0.297776

25 31 0.298365

26 31 0.297776

27 31 0.296012

28 31 0.29308

29 31 0.288991

30 31 0.283762

31 31 0.277412

32 31 0.269968

33 31 0.261459

34 31 0.251918

35 31 0.241382

36 31 0.229894

37 31 0.217498

38 31 0.204245

39 31 0.190185

40 31 0.175374

41 31 0.159872

42 31 0.143738

43 31 0.127037

44 31 0.109835

45 31 0.0921997

46 31 0.0742003

47 31 0.0559079

48 31 0.037395

49 31 0.0187345

50 31 0

0 32 0

1 32 0.0182318

2 32 0.0363915

3 32 0.0544077

4 32 0.0722092

5 32 0.0897257

6 32 0.106888

7 32 0.123629

8 32 0.139881

9 32 0.155582

10 32 0.170668

11 32 0.185081

12 32 0.198764

13 32 0.211662

14 32 0.223725

15 32 0.234905

16 32 0.245158

17 32 0.254443

18 32 0.262724

19 32 0.269968

20 32 0.276147

21 32 0.281236

22 32 0.285215

23 32 0.288069

24 32 0.289785

25 32 0.290358

26 32 0.289785

27 32 0.288069

28 32 0.285215

29 32 0.281236

30 32 0.276147

31 32 0.269968

32 32 0.262724

33 32 0.254443

34 32 0.245158

35 32 0.234905

36 32 0.223725

37 32 0.211662

38 32 0.198764

39 32 0.185081

40 32 0.170668

41 32 0.155582

42 32 0.139881

43 32 0.123629

44 32 0.106888

45 32 0.0897257

46 32 0.0722092

47 32 0.0544077

48 32 0.0363915

49 32 0.0182318

50 32 0

0 33 0

1 33 0.0176571

2 33 0.0352445

3 33 0.0526928

4 33 0.0699331

5 33 0.0868975

6 33 0.103519

7 33 0.119732

8 33 0.135472

9 33 0.150678

10 33 0.165289

11 33 0.179248

12 33 0.192499

13 33 0.20499

14 33 0.216673

15 33 0.227501

16 33 0.23743

17 33 0.246423

18 33 0.254443

19 33 0.261459

20 33 0.267443

21 33 0.272372

22 33 0.276225

23 33 0.278989

24 33 0.280651

25 33 0.281206

26 33 0.280651

27 33 0.278989

28 33 0.276225

29 33 0.272372

30 33 0.267443

31 33 0.261459

32 33 0.254443

33 33 0.246423

34 33 0.23743

35 33 0.227501

36 33 0.216673

37 33 0.20499

38 33 0.192499

39 33 0.179248

40 33 0.165289

41 33 0.150678

42 33 0.135472

43 33 0.119732

44 33 0.103519

45 33 0.0868975

46 33 0.0699331

47 33 0.0526928

48 33 0.0352445

49 33 0.0176571

50 33 0

0 34 0

1 34 0.0170127

2 34 0.0339583

3 34 0.0507699

4 34 0.0673811

5 34 0.0837264

6 34 0.0997412

7 34 0.115362

8 34 0.130528

9 34 0.145179

10 34 0.159257

11 34 0.172706

12 34 0.185474

13 34 0.19751

14 34 0.208766

15 34 0.219198

16 34 0.228766

17 34 0.23743

18 34 0.245158

19 34 0.251918

20 34 0.257683

21 34 0.262432

22 34 0.266145

23 34 0.268808

24 34 0.27041

25 34 0.270944

26 34 0.27041

27 34 0.268808

28 34 0.266145

29 34 0.262432

30 34 0.257683

31 34 0.251918

32 34 0.245158

33 34 0.23743

34 34 0.228766

35 34 0.219198

36 34 0.208766

37 34 0.19751

38 34 0.185474

39 34 0.172706

40 34 0.159257

41 34 0.145179

42 34 0.130528

43 34 0.115362

44 34 0.0997412

45 34 0.0837264

46 34 0.0673811

47 34 0.0507699

48 34 0.0339583

49 34 0.0170127

50 34 0

0 35 0

1 35 0.0163012

2 35 0.0325381

3 35 0.0486466

4 35 0.0645631

5 35 0.0802248

6 35 0.0955699

7 35 0.110538

8 35 0.125069

9 35 0.139108

10 35 0.152597

11 35 0.165484

12 35 0.177717

13 35 0.18925

14 35 0.200035

15 35 0.210031

16 35 0.219198

17 35 0.227501

18 35 0.234905

19 35 0.241382

20 35 0.246907

21 35 0.251457

22 35 0.255014

23 35 0.257566

24 35 0.259101

25 35 0.259613

26 35 0.259101

27 35 0.257566

28 35 0.255014

29 35 0.251457

30 35 0.246907

31 35 0.241382

32 35 0.234905

33 35 0.227501

34 35 0.219198

35 35 0.210031

36 35 0.200035

37 35 0.18925

38 35 0.177717

39 35 0.165484

40 35 0.152597

41 35 0.139108

42 35 0.125069

43 35 0.110538

44 35 0.0955699

45 35 0.0802248

46 35 0.0645631

47 35 0.0486466

48 35 0.0325381

49 35 0.0163012

50 35 0

0 36 0

1 36 0.0155254

2 36 0.0309895

3 36 0.0463314

4 36 0.0614903

5 36 0.0764067

6 36 0.0910214

7 36 0.105277

8 36 0.119117

9 36 0.132487

10 36 0.145334

11 36 0.157608

12 36 0.169259

13 36 0.180243

14 36 0.190515

15 36 0.200035

16 36 0.208766

17 36 0.216673

18 36 0.223725

19 36 0.229894

20 36 0.235156

21 36 0.239489

22 36 0.242878

23 36 0.245307

24 36 0.246769

25 36 0.247257

26 36 0.246769

27 36 0.245307

28 36 0.242878

29 36 0.239489

30 36 0.235156

31 36 0.229894

32 36 0.223725

33 36 0.216673

34 36 0.208766

35 36 0.200035

36 36 0.190515

37 36 0.180243

38 36 0.169259

39 36 0.157608

40 36 0.145334

41 36 0.132487

42 36 0.119117

43 36 0.105277

44 36 0.0910214

45 36 0.0764067

46 36 0.0614903

47 36 0.0463314

48 36 0.0309895

49 36 0.0155254

50 36 0

0 37 0

1 37 0.0146883

2 37 0.0293186

3 37 0.0438333

4 37 0.0581749

5 37 0.072287

6 37 0.0861137

7 37 0.0996006

8 37 0.112694

9 37 0.125344

10 37 0.137498

11 37 0.14911

12 37 0.160133

13 37 0.170524

14 37 0.180243

15 37 0.18925

16 37 0.19751

17 37 0.20499

18 37 0.211662

19 37 0.217498

20 37 0.222476

21 37 0.226576

22 37 0.229782

23 37 0.232081

24 37 0.233464

25 37 0.233925

26 37 0.233464

27 37 0.232081

28 37 0.229782

29 37 0.226576

30 37 0.222476

31 37 0.217498

32 37 0.211662

33 37 0.20499

34 37 0.19751

35 37 0.18925

36 37 0.180243

37 37 0.170524

38 37 0.160133

39 37 0.14911

40 37 0.137498

41 37 0.125344

42 37 0.112694

43 37 0.0996006

44 37 0.0861137

45 37 0.072287

46 37 0.0581749

47 37 0.0438333

48 37 0.0293186

49 37 0.0146883

50 37 0

0 38 0

1 38 0.0137932

2 38 0.027532

3 38 0.0411622

4 38 0.0546299

5 38 0.067882

6 38 0.0808662

7 38 0.0935312

8 38 0.105827

9 38 0.117705

10 38 0.129119

11 38 0.140023

12 38 0.150375

13 38 0.160133

14 38 0.169259

15 38 0.177717

16 38 0.185474

17 38 0.192499

18 38 0.198764

19 38 0.204245

20 38 0.208919

21 38 0.212769

22 38 0.21578

23 38 0.217938

24 38 0.219237

25 38 0.219671

26 38 0.219237

27 38 0.217938

28 38 0.21578

29 38 0.212769

30 38 0.208919

31 38 0.204245

32 38 0.198764

33 38 0.192499

34 38 0.185474

35 38 0.177717

36 38 0.169259

37 38 0.160133

38 38 0.150375

39 38 0.140023

40 38 0.129119

41 38 0.117705

42 38 0.105827

43 38 0.0935312

44 38 0.0808662

45 38 0.067882

46 38 0.0546299

47 38 0.0411622

48 38 0.027532

49 38 0.0137932

50 38 0

0 39 0

1 39 0.0128437

2 39 0.0256368

3 39 0.0383286

4 39 0.0508692

5 39 0.0632091

6 39 0.0752995

7 39 0.0870927

8 39 0.0985422

9 39 0.109603

10 39 0.120231

11 39 0.130384

12 39 0.140023

13 39 0.14911

14 39 0.157608

15 39 0.165484

16 39 0.172706

17 39 0.179248

18 39 0.185081

19 39 0.190185

20 39 0.194538

21 39 0.198123

22 39 0.200926

23 39 0.202936

24 39 0.204145

25 39 0.204549

26 39 0.204145

27 39 0.202936

28 39 0.200926

29 39 0.198123

30 39 0.194538

31 39 0.190185

32 39 0.185081

33 39 0.179248

34 39 0.172706

35 39 0.165484

36 39 0.157608

37 39 0.14911

38 39 0.140023

39 39 0.130384

40 39 0.120231

41 39 0.109603

42 39 0.0985422

43 39 0.0870927

44 39 0.0752995

45 39 0.0632091

46 39 0.0508692

47 39 0.0383286

48 39 0.0256368

49 39 0.0128437

50 39 0

0 40 0

1 40 0.0118435

2 40 0.0236403

3 40 0.0353438

4 40 0.0469079

5 40 0.0582867

6 40 0.0694356

7 40 0.0803104

8 40 0.0908683

9 40 0.101068

10 40 0.110868

11 40 0.120231

12 40 0.129119

13 40 0.137498

14 40 0.145334

15 40 0.152597

16 40 0.159257

17 40 0.165289

18 40 0.170668

19 40 0.175374

20 40 0.179388

21 40 0.182694

22 40 0.185279

23 40 0.187133

24 40 0.188248

25 40 0.18862

26 40 0.188248

27 40 0.187133

28 40 0.185279

29 40 0.182694

30 40 0.179388

31 40 0.175374

32 40 0.170668

33 40 0.165289

34 40 0.159257

35 40 0.152597

36 40 0.145334

37 40 0.137498

38 40 0.129119

39 40 0.120231

40 40 0.110868

41 40 0.101068

42 40 0.0908683

43 40 0.0803104

44 40 0.0694356

45 40 0.0582867

46 40 0.0469079

47 40 0.0353438

48 40 0.0236403

49 40 0.0118435

50 40 0

0 41 0

1 41 0.0107966

2 41 0.0215506

3 41 0.0322195

4 41 0.0427613

5 41 0.0531344

6 41 0.0632977

7 41 0.0732112

8 41 0.0828358

9 41 0.0921335

10 41 0.101068

11 41 0.109603

12 41 0.117705

13 41 0.125344

14 41 0.132487

15 41 0.139108

16 41 0.145179

17 41 0.150678

18 41 0.155582

19 41 0.159872

20 41 0.163531

21 41 0.166544

22 41 0.168901

23 41 0.170591

24 41 0.171607

25 41 0.171946

26 41 0.171607

27 41 0.170591

28 41 0.168901

29 41 0.166544

30 41 0.163531

31 41 0.159872

32 41 0.155582

33 41 0.150678

34 41 0.145179

35 41 0.139108

36 41 0.132487

37 41 0.125344

38 41 0.117705

39 41 0.109603

40 41 0.101068

41 41 0.0921335

42 41 0.0828358

43 41 0.0732112

44 41 0.0632977

45 41 0.0531344

46 41 0.0427613

47 41 0.0322195

48 41 0.0215506

49 41 0.0107966

50 41 0

0 42 0

1 42 0.00970706

2 42 0.0193758

3 42 0.0289681

4 42 0.0384461

5 42 0.0477723

6 42 0.05691

7 42 0.0658231

8 42 0.0744764

9 42 0.0828358

10 42 0.0908683

11 42 0.0985422

12 42 0.105827

13 42 0.112694

14 42 0.119117

15 42 0.125069

16 42 0.130528

17 42 0.135472

18 42 0.139881

19 42 0.143738

20 42 0.147028

21 42 0.149738

22 42 0.151856

23 42 0.153375

24 42 0.154289

25 42 0.154594

26 42 0.154289

27 42 0.153375

28 42 0.151856

29 42 0.149738

30 42 0.147028

31 42 0.143738

32 42 0.139881

33 42 0.135472

34 42 0.130528

35 42 0.125069

36 42 0.119117

37 42 0.112694

38 42 0.105827

39 42 0.0985422

40 42 0.0908683

41 42 0.0828358

42 42 0.0744764

43 42 0.0658231

44 42 0.05691

45 42 0.0477723

46 42 0.0384461

47 42 0.0289681

48 42 0.0193758

49 42 0.00970706

50 42 0

0 43 0

1 43 0.00857921

2 43 0.0171246

3 43 0.0256023

4 43 0.0339791

5 43 0.0422217

6 43 0.0502977

7 43 0.0581752

8 43 0.0658231

9 43 0.0732112

10 43 0.0803104

11 43 0.0870927

12 43 0.0935312

13 43 0.0996006

14 43 0.105277

15 43 0.110538

16 43 0.115362

17 43 0.119732

18 43 0.123629

19 43 0.127037

20 43 0.129945

21 43 0.13234

22 43 0.134212

23 43 0.135555

24 43 0.136363

25 43 0.136632

26 43 0.136363

27 43 0.135555

28 43 0.134212

29 43 0.13234

30 43 0.129945

31 43 0.127037

32 43 0.123629

33 43 0.119732

34 43 0.115362

35 43 0.110538

36 43 0.105277

37 43 0.0996006

38 43 0.0935312

39 43 0.0870927

40 43 0.0803104

41 43 0.0732112

42 43 0.0658231

43 43 0.0581752

44 43 0.0502977

45 43 0.0422217

46 43 0.0339791

47 43 0.0256023

48 43 0.0171246

49 43 0.00857921

50 43 0

0 44 0

1 44 0.0074175

2 44 0.0148057

3 44 0.0221355

4 44 0.029378

5 44 0.0365045

6 44 0.0434869

7 44 0.0502977

8 44 0.05691

9 44 0.0632977

10 44 0.0694356

11 44 0.0752995

12 44 0.0808662

13 44 0.0861137

14 44 0.0910214

15 44 0.0955699

16 44 0.0997412

17 44 0.103519

18 44 0.106888

19 44 0.109835

20 44 0.112349

21 44 0.11442

22 44 0.116038

23 44 0.117199

24 44 0.117898

25 44 0.118131

26 44 0.117898

27 44 0.117199

28 44 0.116038

29 44 0.11442

30 44 0.112349

31 44 0.109835

32 44 0.106888

33 44 0.103519

34 44 0.0997412

35 44 0.0955699

36 44 0.0910214

37 44 0.0861137

38 44 0.0808662

39 44 0.0752995

40 44 0.0694356

41 44 0.0632977

42 44 0.05691

43 44 0.0502977

44 44 0.0434869

45 44 0.0365045

46 44 0.029378

47 44 0.0221355

48 44 0.0148057

49 44 0.0074175

50 44 0

0 45 0

1 45 0.00622652

2 45 0.0124285

3 45 0.0185814

4 45 0.0246609

5 45 0.0306432

6 45 0.0365045

7 45 0.0422217

8 45 0.0477723

9 45 0.0531344

10 45 0.0582867

11 45 0.0632091

12 45 0.067882

13 45 0.072287

14 45 0.0764067

15 45 0.0802248

16 45 0.0837264

17 45 0.0868975

18 45 0.0897257

19 45 0.0921997

20 45 0.0943099

21 45 0.0960479

22 45 0.0974069

23 45 0.0983814

24 45 0.0989676

25 45 0.0991633

26 45 0.0989676

27 45 0.0983814

28 45 0.0974069

29 45 0.0960479

30 45 0.0943099

31 45 0.0921997

32 45 0.0897257

33 45 0.0868975

34 45 0.0837264

35 45 0.0802248

36 45 0.0764067

37 45 0.072287

38 45 0.067882

39 45 0.0632091

40 45 0.0582867

41 45 0.0531344

42 45 0.0477723

43 45 0.0422217

44 45 0.0365045

45 45 0.0306432

46 45 0.0246609

47 45 0.0185814

48 45 0.0124285

49 45 0.00622652

50 45 0

0 46 0

1 46 0.00501096

2 46 0.0100021

3 46 0.0149539

4 46 0.0198465

5 46 0.0246609

6 46 0.029378

7 46 0.0339791

8 46 0.0384461

9 46 0.0427613

10 46 0.0469079

11 46 0.0508692

12 46 0.0546299

13 46 0.0581749

14 46 0.0614903

15 46 0.0645631

16 46 0.0673811

17 46 0.0699331

18 46 0.0722092

19 46 0.0742003

20 46 0.0758985

21 46 0.0772972

22 46 0.0783908

23 46 0.0791751

24 46 0.0796469

25 46 0.0798044

26 46 0.0796469

27 46 0.0791751

28 46 0.0783908

29 46 0.0772972

30 46 0.0758985

31 46 0.0742003

32 46 0.0722092

33 46 0.0699331

34 46 0.0673811

35 46 0.0645631

36 46 0.0614903

37 46 0.0581749

38 46 0.0546299

39 46 0.0508692

40 46 0.0469079

41 46 0.0427613

42 46 0.0384461

43 46 0.0339791

44 46 0.029378

45 46 0.0246609

46 46 0.0198465

47 46 0.0149539

48 46 0.0100021

49 46 0.00501096

50 46 0

0 47 0

1 47 0.00377563

2 47 0.00753635

3 47 0.0112673

4 47 0.0149539

5 47 0.0185814

6 47 0.0221355

7 47 0.0256023

8 47 0.0289681

9 47 0.0322195

10 47 0.0353438

11 47 0.0383286

12 47 0.0411622

13 47 0.0438333

14 47 0.0463314

15 47 0.0486466

16 47 0.0507699

17 47 0.0526928

18 47 0.0544077

19 47 0.0559079

20 47 0.0571875

21 47 0.0582414

22 47 0.0590654

23 47 0.0596564

24 47 0.0600119

25 47 0.0601305

26 47 0.0600119

27 47 0.0596564

28 47 0.0590654

29 47 0.0582414

30 47 0.0571875

31 47 0.0559079

32 47 0.0544077

33 47 0.0526928

34 47 0.0507699

35 47 0.0486466

36 47 0.0463314

37 47 0.0438333

38 47 0.0411622

39 47 0.0383286

40 47 0.0353438

41 47 0.0322195

42 47 0.0289681

43 47 0.0256023

44 47 0.0221355

45 47 0.0185814

46 47 0.0149539

47 47 0.0112673

48 47 0.00753635

49 47 0.00377563

50 47 0

0 48 0

1 48 0.00252539

2 48 0.00504082

3 48 0.00753635

4 48 0.0100021

5 48 0.0124285

6 48 0.0148057

7 48 0.0171246

8 48 0.0193758

9 48 0.0215506

10 48 0.0236403

11 48 0.0256368

12 48 0.027532

13 48 0.0293186

14 48 0.0309895

15 48 0.0325381

16 48 0.0339583

17 48 0.0352445

18 48 0.0363915

19 48 0.037395

20 48 0.0382509

21 48 0.0389558

22 48 0.0395069

23 48 0.0399022

24 48 0.04014

25 48 0.0402193

26 48 0.04014

27 48 0.0399022

28 48 0.0395069

29 48 0.0389558

30 48 0.0382509

31 48 0.037395

32 48 0.0363915

33 48 0.0352445

34 48 0.0339583

35 48 0.0325381

36 48 0.0309895

37 48 0.0293186

38 48 0.027532

39 48 0.0256368

40 48 0.0236403

41 48 0.0215506

42 48 0.0193758

43 48 0.0171246

44 48 0.0148057

45 48 0.0124285

46 48 0.0100021

47 48 0.00753635

48 48 0.00504082

49 48 0.00252539

50 48 0

0 49 0

1 49 0.00126519

2 49 0.00252539

3 49 0.00377563

4 49 0.00501096

5 49 0.00622652

6 49 0.0074175

7 49 0.00857921

8 49 0.00970706

9 49 0.0107966

10 49 0.0118435

11 49 0.0128437

12 49 0.0137932

13 49 0.0146883

14 49 0.0155254

15 49 0.0163012

16 49 0.0170127

17 49 0.0176571

18 49 0.0182318

19 49 0.0187345

20 49 0.0191632

21 49 0.0195164

22 49 0.0197925

23 49 0.0199905

24 49 0.0201097

25 49 0.0201494

26 49 0.0201097

27 49 0.0199905

28 49 0.0197925

29 49 0.0195164

30 49 0.0191632

31 49 0.0187345

32 49 0.0182318

33 49 0.0176571

34 49 0.0170127

35 49 0.0163012

36 49 0.0155254

37 49 0.0146883

38 49 0.0137932

39 49 0.0128437

40 49 0.0118435

41 49 0.0107966

42 49 0.00970706

43 49 0.00857921

44 49 0.0074175

45 49 0.00622652

46 49 0.00501096

47 49 0.00377563

48 49 0.00252539

49 49 0.00126519

50 49 0

