0 1 0

1 1 0.000346709

2 1 0.000692051

3 1 0.00103466

4 1 0.00137319

5 1 0.00170629

6 1 0.00203267

7 1 0.00235102

8 1 0.00266009

9 1 0.00295867

10 1 0.00324556

11 1 0.00351965

12 1 0.00377985

13 1 0.00402514

14 1 0.00425453

15 1 0.00446714

16 1 0.00466211

17 1 0.00483869

18 1 0.00499617

19 1 0.00513393

20 1 0.00525143

21 1 0.00534821

22 1 0.00542388

23 1 0.00547814

24 1 0.00551079

25 1 0.00552168

26 1 0.00551079

27 1 0.00547814

28 1 0.00542388

29 1 0.00534821

30 1 0.00525143

31 1 0.00513393

32 1 0.00499617

33 1 0.00483869

34 1 0.00466211

35 1 0.00446714

36 1 0.00425453

37 1 0.00402514

38 1 0.00377985

39 1 0.00351965

40 1 0.00324556

41 1 0.00295867

42 1 0.00266009

43 1 0.00235102

44 1 0.00203267

45 1 0.00170629

46 1 0.00137319

47 1 0.00103466

48 1 0.000692051

49 1 0.000346709

50 1 0

0 2 0

1 2 0.000692051

2 2 0.00138137

3 2 0.00206524

4 2 0.00274096

5 2 0.00340585

6 2 0.00405731

7 2 0.00469276

8 2 0.00530969

9 2 0.00590566

10 2 0.00647832

11 2 0.00702542

12 2 0.00754479

13 2 0.00803438

14 2 0.00849227

15 2 0.00891664

16 2 0.00930583

17 2 0.00965828

18 2 0.00997262

19 2 0.0102476

20 2 0.0104821

21 2 0.0106753

22 2 0.0108264

23 2 0.0109347

24 2 0.0109998

25 2 0.0110216

26 2 0.0109998

27 2 0.0109347

28 2 0.0108264

29 2 0.0106753

30 2 0.0104821

31 2 0.0102476

32 2 0.00997262

33 2 0.00965828

34 2 0.00930583

35 2 0.00891664

36 2 0.00849227

37 2 0.00803438

38 2 0.00754479

39 2 0.00702542

40 2 0.00647832

41 2 0.00590566

42 2 0.00530969

43 2 0.00469276

44 2 0.00405731

45 2 0.00340585

46 2 0.00274096

47 2 0.00206524

48 2 0.00138137

49 2 0.000692051

50 2 0

0 3 0

1 3 0.00103466

2 3 0.00206524

3 3 0.00308766

4 3 0.00409791

5 3 0.00509197

6 3 0.00606595

7 3 0.00701598

8 3 0.00793832

9 3 0.00882934

10 3 0.00968551

11 3 0.0105035

12 3 0.0112799

13 3 0.0120119

14 3 0.0126965

15 3 0.013331

16 3 0.0139128

17 3 0.0144398

18 3 0.0149097

19 3 0.0153208

20 3 0.0156715

21 3 0.0159603

22 3 0.0161861

23 3 0.016348

24 3 0.0164455

25 3 0.016478

26 3 0.0164455

27 3 0.016348

28 3 0.0161861

29 3 0.0159603

30 3 0.0156715

31 3 0.0153208

32 3 0.0149097

33 3 0.0144398

34 3 0.0139128

35 3 0.013331

36 3 0.0126965

37 3 0.0120119

38 3 0.0112799

39 3 0.0105035

40 3 0.00968551

41 3 0.00882934

42 3 0.00793832

43 3 0.00701598

44 3 0.00606595

45 3 0.00509197

46 3 0.00409791

47 3 0.00308766

48 3 0.00206524

49 3 0.00103466

50 3 0

0 4 0

1 4 0.00137319

2 4 0.00274096

3 4 0.00409791

4 4 0.00543868

5 4 0.006758

6 4 0.00805064

7 4 0.00931151

8 4 0.0105356

9 4 0.0117182

10 4 0.0128545

11 4 0.01394

12 4 0.0149706

13 4 0.0159421

14 4 0.0168506

15 4 0.0176927

16 4 0.0184649

17 4 0.0191642

18 4 0.019788

19 4 0.0203336

20 4 0.020799

21 4 0.0211823

22 4 0.021482

23 4 0.0216969

24 4 0.0218262

25 4 0.0218693

26 4 0.0218262

27 4 0.0216969

28 4 0.021482

29 4 0.0211823

30 4 0.020799

31 4 0.0203336

32 4 0.019788

33 4 0.0191642

34 4 0.0184649

35 4 0.0176927

36 4 0.0168506

37 4 0.0159421

38 4 0.0149706

39 4 0.01394

40 4 0.0128545

41 4 0.0117182

42 4 0.0105356

43 4 0.00931151

44 4 0.00805064

45 4 0.006758

46 4 0.00543868

47 4 0.00409791

48 4 0.00274096

49 4 0.00137319

50 4 0

0 5 0

1 5 0.00170629

2 5 0.00340585

3 5 0.00509197

4 5 0.006758

5 5 0.00839735

6 5 0.0100036

7 5 0.0115703

8 5 0.0130914

9 5 0.0145608

10 5 0.0159727

11 5 0.0173216

12 5 0.0186022

13 5 0.0198093

14 5 0.0209382

15 5 0.0219845

16 5 0.0229441

17 5 0.0238131

18 5 0.0245881

19 5 0.0252661

20 5 0.0258444

21 5 0.0263207

22 5 0.0266931

23 5 0.0269601

24 5 0.0271208

25 5 0.0271744

26 5 0.0271208

27 5 0.0269601

28 5 0.0266931

29 5 0.0263207

30 5 0.0258444

31 5 0.0252661

32 5 0.0245881

33 5 0.0238131

34 5 0.0229441

35 5 0.0219845

36 5 0.0209382

37 5 0.0198093

38 5 0.0186022

39 5 0.0173216

40 5 0.0159727

41 5 0.0145608

42 5 0.0130914

43 5 0.0115703

44 5 0.0100036

45 5 0.00839735

46 5 0.006758

47 5 0.00509197

48 5 0.00340585

49 5 0.00170629

50 5 0

0 6 0

1 6 0.00203267

2 6 0.00405731

3 6 0.00606595

4 6 0.00805064

5 6 0.0100036

6 6 0.011917

7 6 0.0137834

8 6 0.0155954

9 6 0.0173459

10 6 0.0190279

11 6 0.0206348

12 6 0.0221603

13 6 0.0235983

14 6 0.0249432

15 6 0.0261897

16 6 0.0273328

17 6 0.028368

18 6 0.0292912

19 6 0.0300989

20 6 0.0307878

21 6 0.0313552

22 6 0.0317988

23 6 0.0321169

24 6 0.0323083

25 6 0.0323722

26 6 0.0323083

27 6 0.0321169

28 6 0.0317988

29 6 0.0313552

30 6 0.0307878

31 6 0.0300989

32 6 0.0292912

33 6 0.028368

34 6 0.0273328

35 6 0.0261897

36 6 0.0249432

37 6 0.0235983

38 6 0.0221603

39 6 0.0206348

40 6 0.0190279

41 6 0.0173459

42 6 0.0155954

43 6 0.0137834

44 6 0.011917

45 6 0.0100036

46 6 0.00805064

47 6 0.00606595

48 6 0.00405731

49 6 0.00203267

50 6 0

0 7 0

1 7 0.00235102

2 7 0.00469276

3 7 0.00701598

4 7 0.00931151

5 7 0.0115703

6 7 0.0137834

7 7 0.0159421

8 7 0.0180379

9 7 0.0200626

10 7 0.022008

11 7 0.0238666

12 7 0.025631

13 7 0.0272942

14 7 0.0288498

15 7 0.0302914

16 7 0.0316135

17 7 0.0328109

18 7 0.0338788

19 7 0.0348129

20 7 0.0356097

21 7 0.0362659

22 7 0.0367791

23 7 0.037147

24 7 0.0373684

25 7 0.0374423

26 7 0.0373684

27 7 0.037147

28 7 0.0367791

29 7 0.0362659

30 7 0.0356097

31 7 0.0348129

32 7 0.0338788

33 7 0.0328109

34 7 0.0316135

35 7 0.0302914

36 7 0.0288498

37 7 0.0272942

38 7 0.025631

39 7 0.0238666

40 7 0.022008

41 7 0.0200626

42 7 0.0180379

43 7 0.0159421

44 7 0.0137834

45 7 0.0115703

46 7 0.00931151

47 7 0.00701598

48 7 0.00469276

49 7 0.00235102

50 7 0

0 8 0

1 8 0.00266009

2 8 0.00530969

3 8 0.00793832

4 8 0.0105356

5 8 0.0130914

6 8 0.0155954

7 8 0.0180379

8 8 0.0204093

9 8 0.0227001

10 8 0.0249013

11 8 0.0270042

12 8 0.0290005

13 8 0.0308824

14 8 0.0326424

15 8 0.0342736

16 8 0.0357696

17 8 0.0371243

18 8 0.0383326

19 8 0.0393896

20 8 0.0402911

21 8 0.0410336

22 8 0.0416142

23 8 0.0420305

24 8 0.042281

25 8 0.0423645

26 8 0.042281

27 8 0.0420305

28 8 0.0416142

29 8 0.0410336

30 8 0.0402911

31 8 0.0393896

32 8 0.0383326

33 8 0.0371243

34 8 0.0357696

35 8 0.0342736

36 8 0.0326424

37 8 0.0308824

38 8 0.0290005

39 8 0.0270042

40 8 0.0249013

41 8 0.0227001

42 8 0.0204093

43 8 0.0180379

44 8 0.0155954

45 8 0.0130914

46 8 0.0105356

47 8 0.00793832

48 8 0.00530969

49 8 0.00266009

50 8 0

0 9 0

1 9 0.00295867

2 9 0.00590566

3 9 0.00882934

4 9 0.0117182

5 9 0.0145608

6 9 0.0173459

7 9 0.0200626

8 9 0.0227001

9 9 0.025248

10 9 0.0276962

11 9 0.0300352

12 9 0.0322556

13 9 0.0343487

14 9 0.0363063

15 9 0.0381206

16 9 0.0397844

17 9 0.0412913

18 9 0.0426351

19 9 0.0438107

20 9 0.0448134

21 9 0.0456393

22 9 0.046285

23 9 0.0467481

24 9 0.0470267

25 9 0.0471196

26 9 0.0470267

27 9 0.0467481

28 9 0.046285

29 9 0.0456393

30 9 0.0448134

31 9 0.0438107

32 9 0.0426351

33 9 0.0412913

34 9 0.0397844

35 9 0.0381206

36 9 0.0363063

37 9 0.0343487

38 9 0.0322556

39 9 0.0300352

40 9 0.0276962

41 9 0.025248

42 9 0.0227001

43 9 0.0200626

44 9 0.0173459

45 9 0.0145608

46 9 0.0117182

47 9 0.00882934

48 9 0.00590566

49 9 0.00295867

50 9 0

0 10 0

1 10 0.00324556

2 10 0.00647832

3 10 0.00968551

4 10 0.0128545

5 10 0.0159727

6 10 0.0190279

7 10 0.022008

8 10 0.0249013

9 10 0.0276962

10 10 0.0303819

11 10 0.0329477

12 10 0.0353834

13 10 0.0376795

14 10 0.0398269

15 10 0.0418171

16 10 0.0436423

17 10 0.0452952

18 10 0.0467694

19 10 0.048059

20 10 0.0491589

21 10 0.0500649

22 10 0.0507732

23 10 0.0512812

24 10 0.0515868

25 10 0.0516888

26 10 0.0515868

27 10 0.0512812

28 10 0.0507732

29 10 0.0500649

30 10 0.0491589

31 10 0.048059

32 10 0.0467694

33 10 0.0452952

34 10 0.0436423

35 10 0.0418171

36 10 0.0398269

37 10 0.0376795

38 10 0.0353834

39 10 0.0329477

40 10 0.0303819

41 10 0.0276962

42 10 0.0249013

43 10 0.022008

44 10 0.0190279

45 10 0.0159727

46 10 0.0128545

47 10 0.00968551

48 10 0.00647832

49 10 0.00324556

50 10 0

0 11 0

1 11 0.00351965

2 11 0.00702542

3 11 0.0105035

4 11 0.01394

5 11 0.0173216

6 11 0.0206348

7 11 0.0238666

8 11 0.0270042

9 11 0.0300352

10 11 0.0329477

11 11 0.0357301

12 11 0.0383715

13 11 0.0408615

14 11 0.0431903

15 11 0.0453486

16 11 0.0473279

17 11 0.0491204

18 11 0.0507191

19 11 0.0521176

20 11 0.0533104

21 11 0.0542929

22 11 0.055061

23 11 0.0556119

24 11 0.0559433

25 11 0.0560539

26 11 0.0559433

27 11 0.0556119

28 11 0.055061

29 11 0.0542929

30 11 0.0533104

31 11 0.0521176

32 11 0.0507191

33 11 0.0491204

34 11 0.0473279

35 11 0.0453486

36 11 0.0431903

37 11 0.0408615

38 11 0.0383715

39 11 0.0357301

40 11 0.0329477

41 11 0.0300352

42 11 0.0270042

43 11 0.0238666

44 11 0.0206348

45 11 0.0173216

46 11 0.01394

47 11 0.0105035

48 11 0.00702542

49 11 0.00351965

50 11 0

0 12 0

1 12 0.00377985

2 12 0.00754479

3 12 0.0112799

4 12 0.0149706

5 12 0.0186022

6 12 0.0221603

7 12 0.025631

8 12 0.0290005

9 12 0.0322556

10 12 0.0353834

11 12 0.0383715

12 12 0.0412083

13 12 0.0438823

14 12 0.0463832

15 12 0.0487011

16 12 0.0508267

17 12 0.0527518

18 12 0.0544686

19 12 0.0559705

20 12 0.0572515

21 12 0.0583066

22 12 0.0591316

23 12 0.0597232

24 12 0.060079

25 12 0.0601978

26 12 0.060079

27 12 0.0597232

28 12 0.0591316

29 12 0.0583066

30 12 0.0572515

31 12 0.0559705

32 12 0.0544686

33 12 0.0527518

34 12 0.0508267

35 12 0.0487011

36 12 0.0463832

37 12 0.0438823

38 12 0.0412083

39 12 0.0383715

40 12 0.0353834

41 12 0.0322556

42 12 0.0290005

43 12 0.025631

44 12 0.0221603

45 12 0.0186022

46 12 0.0149706

47 12 0.0112799

48 12 0.00754479

49 12 0.00377985

50 12 0

0 13 0

1 13 0.00402514

2 13 0.00803438

3 13 0.0120119

4 13 0.0159421

5 13 0.0198093

6 13 0.0235983

7 13 0.0272942

8 13 0.0308824

9 13 0.0343487

10 13 0.0376795

11 13 0.0408615

12 13 0.0438823

13 13 0.0467299

14 13 0.0493931

15 13 0.0518614

16 13 0.054125

17 13 0.0561749

18 13 0.0580032

19 13 0.0596026

20 13 0.0609667

21 13 0.0620902

22 13 0.0629687

23 13 0.0635987

24 13 0.0639777

25 13 0.0641042

26 13 0.0639777

27 13 0.0635987

28 13 0.0629687

29 13 0.0620902

30 13 0.0609667

31 13 0.0596026

32 13 0.0580032

33 13 0.0561749

34 13 0.054125

35 13 0.0518614

36 13 0.0493931

37 13 0.0467299

38 13 0.0438823

39 13 0.0408615

40 13 0.0376795

41 13 0.0343487

42 13 0.0308824

43 13 0.0272942

44 13 0.0235983

45 13 0.0198093

46 13 0.0159421

47 13 0.0120119

48 13 0.00803438

49 13 0.00402514

50 13 0

0 14 0

1 14 0.00425453

2 14 0.00849227

3 14 0.0126965

4 14 0.0168506

5 14 0.0209382

6 14 0.0249432

7 14 0.0288498

8 14 0.0326424

9 14 0.0363063

10 14 0.0398269

11 14 0.0431903

12 14 0.0463832

13 14 0.0493931

14 14 0.0522081

15 14 0.054817

16 14 0.0572096

17 14 0.0593764

18 14 0.0613089

19 14 0.0629994

20 14 0.0644413

21 14 0.0656288

22 14 0.0665574

23 14 0.0672233

24 14 0.0676238

25 14 0.0677575

26 14 0.0676238

27 14 0.0672233

28 14 0.0665574

29 14 0.0656288

30 14 0.0644413

31 14 0.0629994

32 14 0.0613089

33 14 0.0593764

34 14 0.0572096

35 14 0.054817

36 14 0.0522081

37 14 0.0493931

38 14 0.0463832

39 14 0.0431903

40 14 0.0398269

41 14 0.0363063

42 14 0.0326424

43 14 0.0288498

44 14 0.0249432

45 14 0.0209382

46 14 0.0168506

47 14 0.0126965

48 14 0.00849227

49 14 0.00425453

50 14 0

0 15 0

1 15 0.00446714

2 15 0.00891664

3 15 0.013331

4 15 0.0176927

5 15 0.0219845

6 15 0.0261897

7 15 0.0302914

8 15 0.0342736

9 15 0.0381206

10 15 0.0418171

11 15 0.0453486

12 15 0.0487011

13 15 0.0518614

14 15 0.054817

15 15 0.0575563

16 15 0.0600684

17 15 0.0623435

18 15 0.0643726

19 15 0.0661475

20 15 0.0676615

21 15 0.0689084

22 15 0.0698833

23 15 0.0705825

24 15 0.0710031

25 15 0.0711435

26 15 0.0710031

27 15 0.0705825

28 15 0.0698833

29 15 0.0689084

30 15 0.0676615

31 15 0.0661475

32 15 0.0643726

33 15 0.0623435

34 15 0.0600684

35 15 0.0575563

36 15 0.054817

37 15 0.0518614

38 15 0.0487011

39 15 0.0453486

40 15 0.0418171

41 15 0.0381206

42 15 0.0342736

43 15 0.0302914

44 15 0.0261897

45 15 0.0219845

46 15 0.0176927

47 15 0.013331

48 15 0.00891664

49 15 0.00446714

50 15 0

0 16 0

1 16 0.00466211

2 16 0.00930583

3 16 0.0139128

4 16 0.0184649

5 16 0.0229441

6 16 0.0273328

7 16 0.0316135

8 16 0.0357696

9 16 0.0397844

10 16 0.0436423

11 16 0.0473279

12 16 0.0508267

13 16 0.054125

14 16 0.0572096

15 16 0.0600684

16 16 0.0626902

17 16 0.0650646

18 16 0.0671822

19 16 0.0690347

20 16 0.0706147

21 16 0.071916

22 16 0.0729335

23 16 0.0736632

24 16 0.0741022

25 16 0.0742487

26 16 0.0741022

27 16 0.0736632

28 16 0.0729335

29 16 0.071916

30 16 0.0706147

31 16 0.0690347

32 16 0.0671822

33 16 0.0650646

34 16 0.0626902

35 16 0.0600684

36 16 0.0572096

37 16 0.054125

38 16 0.0508267

39 16 0.0473279

40 16 0.0436423

41 16 0.0397844

42 16 0.0357696

43 16 0.0316135

44 16 0.0273328

45 16 0.0229441

46 16 0.0184649

47 16 0.0139128

48 16 0.00930583

49 16 0.00466211

50 16 0

0 17 0

1 17 0.00483869

2 17 0.00965828

3 17 0.0144398

4 17 0.0191642

5 17 0.0238131

6 17 0.028368

7 17 0.0328109

8 17 0.0371243

9 17 0.0412913

10 17 0.0452952

11 17 0.0491204

12 17 0.0527518

13 17 0.0561749

14 17 0.0593764

15 17 0.0623435

16 17 0.0650646

17 17 0.0675289

18 17 0.0697267

19 17 0.0716493

20 17 0.0732892

21 17 0.0746398

22 17 0.0756959

23 17 0.0764532

24 17 0.0769088

25 17 0.0770608

26 17 0.0769088

27 17 0.0764532

28 17 0.0756959

29 17 0.0746398

30 17 0.0732892

31 17 0.0716493

32 17 0.0697267

33 17 0.0675289

34 17 0.0650646

35 17 0.0623435

36 17 0.0593764

37 17 0.0561749

38 17 0.0527518

39 17 0.0491204

40 17 0.0452952

41 17 0.0412913

42 17 0.0371243

43 17 0.0328109

44 17 0.028368

45 17 0.0238131

46 17 0.0191642

47 17 0.0144398

48 17 0.00965828

49 17 0.00483869

50 17 0

0 18 0

1 18 0.00499617

2 18 0.00997262

3 18 0.0149097

4 18 0.019788

5 18 0.0245881

6 18 0.0292912

7 18 0.0338788

8 18 0.0383326

9 18 0.0426351

10 18 0.0467694

11 18 0.0507191

12 18 0.0544686

13 18 0.0580032

14 18 0.0613089

15 18 0.0643726

16 18 0.0671822

17 18 0.0697267

18 18 0.0719961

19 18 0.0739813

20 18 0.0756745

21 18 0.0770691

22 18 0.0781595

23 18 0.0789414

24 18 0.0794118

25 18 0.0795689

26 18 0.0794118

27 18 0.0789414

28 18 0.0781595

29 18 0.0770691

30 18 0.0756745

31 18 0.0739813

32 18 0.0719961

33 18 0.0697267

34 18 0.0671822

35 18 0.0643726

36 18 0.0613089

37 18 0.0580032

38 18 0.0544686

39 18 0.0507191

40 18 0.0467694

41 18 0.0426351

42 18 0.0383326

43 18 0.0338788

44 18 0.0292912

45 18 0.0245881

46 18 0.019788

47 18 0.0149097

48 18 0.00997262

49 18 0.00499617

50 18 0

0 19 0

1 19 0.00513393

2 19 0.0102476

3 19 0.0153208

4 19 0.0203336

5 19 0.0252661

6 19 0.0300989

7 19 0.0348129

8 19 0.0393896

9 19 0.0438107

10 19 0.048059

11 19 0.0521176

12 19 0.0559705

13 19 0.0596026

14 19 0.0629994

15 19 0.0661475

16 19 0.0690347

17 19 0.0716493

18 19 0.0739813

19 19 0.0760212

20 19 0.0777611

21 19 0.0791941

22 19 0.0803146

23 19 0.0811181

24 19 0.0816015

25 19 0.0817629

26 19 0.0816015

27 19 0.0811181

28 19 0.0803146

29 19 0.0791941

30 19 0.0777611

31 19 0.0760212

32 19 0.0739813

33 19 0.0716493

34 19 0.0690347

35 19 0.0661475

36 19 0.0629994

37 19 0.0596026

38 19 0.0559705

39 19 0.0521176

40 19 0.048059

41 19 0.0438107

42 19 0.0393896

43 19 0.0348129

44 19 0.0300989

45 19 0.0252661

46 19 0.0203336

47 19 0.0153208

48 19 0.0102476

49 19 0.00513393

50 19 0

0 20 0

1 20 0.00525143

2 20 0.0104821

3 20 0.0156715

4 20 0.020799

5 20 0.0258444

6 20 0.0307878

7 20 0.0356097

8 20 0.0402911

9 20 0.0448134

10 20 0.0491589

11 20 0.0533104

12 20 0.0572515

13 20 0.0609667

14 20 0.0644413

15 20 0.0676615

16 20 0.0706147

17 20 0.0732892

18 20 0.0756745

19 20 0.0777611

20 20 0.0795408

21 20 0.0810067

22 20 0.0821528

23 20 0.0829747

24 20 0.0834692

25 20 0.0836342

26 20 0.0834692

27 20 0.0829747

28 20 0.0821528

29 20 0.0810067

30 20 0.0795408

31 20 0.0777611

32 20 0.0756745

33 20 0.0732892

34 20 0.0706147

35 20 0.0676615

36 20 0.0644413

37 20 0.0609667

38 20 0.0572515

39 20 0.0533104

40 20 0.0491589

41 20 0.0448134

42 20 0.0402911

43 20 0.0356097

44 20 0.0307878

45 20 0.0258444

46 20 0.020799

47 20 0.0156715

48 20 0.0104821

49 20 0.00525143

50 20 0

0 21 0

1 21 0.00534821

2 21 0.0106753

3 21 0.0159603

4 21 0.0211823

5 21 0.0263207

6 21 0.0313552

7 21 0.0362659

8 21 0.0410336

9 21 0.0456393

10 21 0.0500649

11 21 0.0542929

12 21 0.0583066

13 21 0.0620902

14 21 0.0656288

15 21 0.0689084

16 21 0.071916

17 21 0.0746398

18 21 0.0770691

19 21 0.0791941

20 21 0.0810067

21 21 0.0824995

22 21 0.0836668

23 21 0.0845038

24 21 0.0850074

25 21 0.0851755

26 21 0.0850074

27 21 0.0845038

28 21 0.0836668

29 21 0.0824995

30 21 0.0810067

31 21 0.0791941

32 21 0.0770691

33 21 0.0746398

34 21 0.071916

35 21 0.0689084

36 21 0.0656288

37 21 0.0620902

38 21 0.0583066

39 21 0.0542929

40 21 0.0500649

41 21 0.0456393

42 21 0.0410336

43 21 0.0362659

44 21 0.0313552

45 21 0.0263207

46 21 0.0211823

47 21 0.0159603

48 21 0.0106753

49 21 0.00534821

50 21 0

0 22 0

1 22 0.00542388

2 22 0.0108264

3 22 0.0161861

4 22 0.021482

5 22 0.0266931

6 22 0.0317988

7 22 0.0367791

8 22 0.0416142

9 22 0.046285

10 22 0.0507732

11 22 0.055061

12 22 0.0591316

13 22 0.0629687

14 22 0.0665574

15 22 0.0698833

16 22 0.0729335

17 22 0.0756959

18 22 0.0781595

19 22 0.0803146

20 22 0.0821528

21 22 0.0836668

22 22 0.0848505

23 22 0.0856994

24 22 0.0862101

25 22 0.0863806

26 22 0.0862101

27 22 0.0856994

28 22 0.0848505

29 22 0.0836668

30 22 0.0821528

31 22 0.0803146

32 22 0.0781595

33 22 0.0756959

34 22 0.0729335

35 22 0.0698833

36 22 0.0665574

37 22 0.0629687

38 22 0.0591316

39 22 0.055061

40 22 0.0507732

41 22 0.046285

42 22 0.0416142

43 22 0.0367791

44 22 0.0317988

45 22 0.0266931

46 22 0.021482

47 22 0.0161861

48 22 0.0108264

49 22 0.00542388

50 22 0

0 23 0

1 23 0.00547814

2 23 0.0109347

3 23 0.016348

4 23 0.0216969

5 23 0.0269601

6 23 0.0321169

7 23 0.037147

8 23 0.0420305

9 23 0.0467481

10 23 0.0512812

11 23 0.0556119

12 23 0.0597232

13 23 0.0635987

14 23 0.0672233

15 23 0.0705825

16 23 0.0736632

17 23 0.0764532

18 23 0.0789414

19 23 0.0811181

20 23 0.0829747

21 23 0.0845038

22 23 0.0856994

23 23 0.0865568

24 23 0.0870726

25 23 0.0872448

26 23 0.0870726

27 23 0.0865568

28 23 0.0856994

29 23 0.0845038

30 23 0.0829747

31 23 0.0811181

32 23 0.0789414

33 23 0.0764532

34 23 0.0736632

35 23 0.0705825

36 23 0.0672233

37 23 0.0635987

38 23 0.0597232

39 23 0.0556119

40 23 0.0512812

41 23 0.0467481

42 23 0.0420305

43 23 0.037147

44 23 0.0321169

45 23 0.0269601

46 23 0.0216969

47 23 0.016348

48 23 0.0109347

49 23 0.00547814

50 23 0

0 24 0

1 24 0.00551079

2 24 0.0109998

3 24 0.0164455

4 24 0.0218262

5 24 0.0271208

6 24 0.0323083

7 24 0.0373684

8 24 0.042281

9 24 0.0470267

10 24 0.0515868

11 24 0.0559433

12 24 0.060079

13 24 0.0639777

14 24 0.0676238

15 24 0.0710031

16 24 0.0741022

17 24 0.0769088

18 24 0.0794118

19 24 0.0816015

20 24 0.0834692

21 24 0.0850074

22 24 0.0862101

23 24 0.0870726

24 24 0.0875915

25 24 0.0877647

26 24 0.0875915

27 24 0.0870726

28 24 0.0862101

29 24 0.0850074

30 24 0.0834692

31 24 0.0816015

32 24 0.0794118

33 24 0.0769088

34 24 0.0741022

35 24 0.0710031

36 24 0.0676238

37 24 0.0639777

38 24 0.060079

39 24 0.0559433

40 24 0.0515868

41 24 0.0470267

42 24 0.042281

43 24 0.0373684

44 24 0.0323083

45 24 0.0271208

46 24 0.0218262

47 24 0.0164455

48 24 0.0109998

49 24 0.00551079

50 24 0

0 25 0

1 25 0.00552168

2 25 0.0110216

3 25 0.016478

4 25 0.0218693

5 25 0.0271744

6 25 0.0323722

7 25 0.0374423

8 25 0.0423645

9 25 0.0471196

10 25 0.0516888

11 25 0.0560539

12 25 0.0601978

13 25 0.0641042

14 25 0.0677575

15 25 0.0711435

16 25 0.0742487

17 25 0.0770608

18 25 0.0795689

19 25 0.0817629

20 25 0.0836342

21 25 0.0851755

22 25 0.0863806

23 25 0.0872448

24 25 0.0877647

25 25 0.0879382

26 25 0.0877647

27 25 0.0872448

28 25 0.0863806

29 25 0.0851755

30 25 0.0836342

31 25 0.0817629

32 25 0.0795689

33 25 0.0770608

34 25 0.0742487

35 25 0.0711435

36 25 0.0677575

37 25 0.0641042

38 25 0.0601978

39 25 0.0560539

40 25 0.0516888

41 25 0.0471196

42 25 0.0423645

43 25 0.0374423

44 25 0.0323722

45 25 0.0271744

46 25 0.0218693

47 25 0.016478

48 25 0.0110216

49 25 0.00552168

50 25 0

0 26 0

1 26 0.00551079

2 26 0.0109998

3 26 0.0164455

4 26 0.0218262

5 26 0.0271208

6 26 0.0323083

7 26 0.0373684

8 26 0.042281

9 26 0.0470267

10 26 0.0515868

11 26 0.0559433

12 26 0.060079

13 26 0.0639777

14 26 0.0676238

15 26 0.0710031

16 26 0.0741022

17 26 0.0769088

18 26 0.0794118

19 26 0.0816015

20 26 0.0834692

21 26 0.0850074

22 26 0.0862101

23 26 0.0870726

24 26 0.0875915

25 26 0.0877647

26 26 0.0875915

27 26 0.0870726

28 26 0.0862101

29 26 0.0850074

30 26 0.0834692

31 26 0.0816015

32 26 0.0794118

33 26 0.0769088

34 26 0.0741022

35 26 0.0710031

36 26 0.0676238

37 26 0.0639777

38 26 0.060079

39 26 0.0559433

40 26 0.0515868

41 26 0.0470267

42 26 0.042281

43 26 0.0373684

44 26 0.0323083

45 26 0.0271208

46 26 0.0218262

47 26 0.0164455

48 26 0.0109998

49 26 0.00551079

50 26 0

0 27 0

1 27 0.00547814

2 27 0.0109347

3 27 0.016348

4 27 0.0216969

5 27 0.0269601

6 27 0.0321169

7 27 0.037147

8 27 0.0420305

9 27 0.0467481

10 27 0.0512812

11 27 0.0556119

12 27 0.0597232

13 27 0.0635987

14 27 0.0672233

15 27 0.0705825

16 27 0.0736632

17 27 0.0764532

18 27 0.0789414

19 27 0.0811181

20 27 0.0829747

21 27 0.0845038

22 27 0.0856994

23 27 0.0865568

24 27 0.0870726

25 27 0.0872448

26 27 0.0870726

27 27 0.0865568

28 27 0.0856994

29 27 0.0845038

30 27 0.0829747

31 27 0.0811181

32 27 0.0789414

33 27 0.0764532

34 27 0.0736632

35 27 0.0705825

36 27 0.0672233

37 27 0.0635987

38 27 0.0597232

39 27 0.0556119

40 27 0.0512812

41 27 0.0467481

42 27 0.0420305

43 27 0.037147

44 27 0.0321169

45 27 0.0269601

46 27 0.0216969

47 27 0.016348

48 27 0.0109347

49 27 0.00547814

50 27 0

0 28 0

1 28 0.00542388

2 28 0.0108264

3 28 0.0161861

4 28 0.021482

5 28 0.0266931

6 28 0.0317988

7 28 0.0367791

8 28 0.0416142

9 28 0.046285

10 28 0.0507732

11 28 0.055061

12 28 0.0591316

13 28 0.0629687

14 28 0.0665574

15 28 0.0698833

16 28 0.0729335

17 28 0.0756959

18 28 0.0781595

19 28 0.0803146

20 28 0.0821528

21 28 0.0836668

22 28 0.0848505

23 28 0.0856994

24 28 0.0862101

25 28 0.0863806

26 28 0.0862101

27 28 0.0856994

28 28 0.0848505

29 28 0.0836668

30 28 0.0821528

31 28 0.0803146

32 28 0.0781595

33 28 0.0756959

34 28 0.0729335

35 28 0.0698833

36 28 0.0665574

37 28 0.0629687

38 28 0.0591316

39 28 0.055061

40 28 0.0507732

41 28 0.046285

42 28 0.0416142

43 28 0.0367791

44 28 0.0317988

45 28 0.0266931

46 28 0.021482

47 28 0.0161861

48 28 0.0108264

49 28 0.00542388

50 28 0

0 29 0

1 29 0.00534821

2 29 0.0106753

3 29 0.0159603

4 29 0.0211823

5 29 0.0263207

6 29 0.0313552

7 29 0.0362659

8 29 0.0410336

9 29 0.0456393

10 29 0.0500649

11 29 0.0542929

12 29 0.0583066

13 29 0.0620902

14 29 0.0656288

15 29 0.0689084

16 29 0.071916

17 29 0.0746398

18 29 0.0770691

19 29 0.0791941

20 29 0.0810067

21 29 0.0824995

22 29 0.0836668

23 29 0.0845038

24 29 0.0850074

25 29 0.0851755

26 29 0.0850074

27 29 0.0845038

28 29 0.0836668

29 29 0.0824995

30 29 0.0810067

31 29 0.0791941

32 29 0.0770691

33 29 0.0746398

34 29 0.071916

35 29 0.0689084

36 29 0.0656288

37 29 0.0620902

38 29 0.0583066

39 29 0.0542929

40 29 0.0500649

41 29 0.0456393

42 29 0.0410336

43 29 0.0362659

44 29 0.0313552

45 29 0.0263207

46 29 0.0211823

47 29 0.0159603

48 29 0.0106753

49 29 0.00534821

50 29 0

0 30 0

1 30 0.00525143

2 30 0.0104821

3 30 0.0156715

4 30 0.020799

5 30 0.0258444

6 30 0.0307878

7 30 0.0356097

8 30 0.0402911

9 30 0.0448134

10 30 0.0491589

11 30 0.0533104

12 30 0.0572515

13 30 0.0609667

14 30 0.0644413

15 30 0.0676615

16 30 0.0706147

17 30 0.0732892

18 30 0.0756745

19 30 0.0777611

20 30 0.0795408

21 30 0.0810067

22 30 0.0821528

23 30 0.0829747

24 30 0.0834692

25 30 0.0836342

26 30 0.0834692

27 30 0.0829747

28 30 0.0821528

29 30 0.0810067

30 30 0.0795408

31 30 0.0777611

32 30 0.0756745

33 30 0.0732892

34 30 0.0706147

35 30 0.0676615

36 30 0.0644413

37 30 0.0609667

38 30 0.0572515

39 30 0.0533104

40 30 0.0491589

41 30 0.0448134

42 30 0.0402911

43 30 0.0356097

44 30 0.0307878

45 30 0.0258444

46 30 0.020799

47 30 0.0156715

48 30 0.0104821

49 30 0.00525143

50 30 0

0 31 0

1 31 0.00513393

2 31 0.0102476

3 31 0.0153208

4 31 0.0203336

5 31 0.0252661

6 31 0.0300989

7 31 0.0348129

8 31 0.0393896

9 31 0.0438107

10 31 0.048059

11 31 0.0521176

12 31 0.0559705

13 31 0.0596026

14 31 0.0629994

15 31 0.0661475

16 31 0.0690347

17 31 0.0716493

18 31 0.0739813

19 31 0.0760212

20 31 0.0777611

21 31 0.0791941

22 31 0.0803146

23 31 0.0811181

24 31 0.0816015

25 31 0.0817629

26 31 0.0816015

27 31 0.0811181

28 31 0.0803146

29 31 0.0791941

30 31 0.0777611

31 31 0.0760212

32 31 0.0739813

33 31 0.0716493

34 31 0.0690347

35 31 0.0661475

36 31 0.0629994

37 31 0.0596026

38 31 0.0559705

39 31 0.0521176

40 31 0.048059

41 31 0.0438107

42 31 0.0393896

43 31 0.0348129

44 31 0.0300989

45 31 0.0252661

46 31 0.0203336

47 31 0.0153208

48 31 0.0102476

49 31 0.00513393

50 31 0

0 32 0

1 32 0.00499617

2 32 0.00997262

3 32 0.0149097

4 32 0.019788

5 32 0.0245881

6 32 0.0292912

7 32 0.0338788

8 32 0.0383326

9 32 0.0426351

10 32 0.0467694

11 32 0.0507191

12 32 0.0544686

13 32 0.0580032

14 32 0.0613089

15 32 0.0643726

16 32 0.0671822

17 32 0.0697267

18 32 0.0719961

19 32 0.0739813

20 32 0.0756745

21 32 0.0770691

22 32 0.0781595

23 32 0.0789414

24 32 0.0794118

25 32 0.0795689

26 32 0.0794118

27 32 0.0789414

28 32 0.0781595

29 32 0.0770691

30 32 0.0756745

31 32 0.0739813

32 32 0.0719961

33 32 0.0697267

34 32 0.0671822

35 32 0.0643726

36 32 0.0613089

37 32 0.0580032

38 32 0.0544686

39 32 0.0507191

40 32 0.0467694

41 32 0.0426351

42 32 0.0383326

43 32 0.0338788

44 32 0.0292912

45 32 0.0245881

46 32 0.019788

47 32 0.0149097

48 32 0.00997262

49 32 0.00499617

50 32 0

0 33 0

1 33 0.00483869

2 33 0.00965828

3 33 0.0144398

4 33 0.0191642

5 33 0.0238131

6 33 0.028368

7 33 0.0328109

8 33 0.0371243

9 33 0.0412913

10 33 0.0452952

11 33 0.0491204

12 33 0.0527518

13 33 0.0561749

14 33 0.0593764

15 33 0.0623435

16 33 0.0650646

17 33 0.0675289

18 33 0.0697267

19 33 0.0716493

20 33 0.0732892

21 33 0.0746398

22 33 0.0756959

23 33 0.0764532

24 33 0.0769088

25 33 0.0770608

26 33 0.0769088

27 33 0.0764532

28 33 0.0756959

29 33 0.0746398

30 33 0.0732892

31 33 0.0716493

32 33 0.0697267

33 33 0.0675289

34 33 0.0650646

35 33 0.0623435

36 33 0.0593764

37 33 0.0561749

38 33 0.0527518

39 33 0.0491204

40 33 0.0452952

41 33 0.0412913

42 33 0.0371243

43 33 0.0328109

44 33 0.028368

45 33 0.0238131

46 33 0.0191642

47 33 0.0144398

48 33 0.00965828

49 33 0.00483869

50 33 0

0 34 0

1 34 0.00466211

2 34 0.00930583

3 34 0.0139128

4 34 0.0184649

5 34 0.0229441

6 34 0.0273328

7 34 0.0316135

8 34 0.0357696

9 34 0.0397844

10 34 0.0436423

11 34 0.0473279

12 34 0.0508267

13 34 0.054125

14 34 0.0572096

15 34 0.0600684

16 34 0.0626902

17 34 0.0650646

18 34 0.0671822

19 34 0.0690347

20 34 0.0706147

21 34 0.071916

22 34 0.0729335

23 34 0.0736632

24 34 0.0741022

25 34 0.0742487

26 34 0.0741022

27 34 0.0736632

28 34 0.0729335

29 34 0.071916

30 34 0.0706147

31 34 0.0690347

32 34 0.0671822

33 34 0.0650646

34 34 0.0626902

35 34 0.0600684

36 34 0.0572096

37 34 0.054125

38 34 0.0508267

39 34 0.0473279

40 34 0.0436423

41 34 0.0397844

42 34 0.0357696

43 34 0.0316135

44 34 0.0273328

45 34 0.0229441

46 34 0.0184649

47 34 0.0139128

48 34 0.00930583

49 34 0.00466211

50 34 0

0 35 0

1 35 0.00446714

2 35 0.00891664

3 35 0.013331

4 35 0.0176927

5 35 0.0219845

6 35 0.0261897

7 35 0.0302914

8 35 0.0342736

9 35 0.0381206

10 35 0.0418171

11 35 0.0453486

12 35 0.0487011

13 35 0.0518614

14 35 0.054817

15 35 0.0575563

16 35 0.0600684

17 35 0.0623435

18 35 0.0643726

19 35 0.0661475

20 35 0.0676615

21 35 0.0689084

22 35 0.0698833

23 35 0.0705825

24 35 0.0710031

25 35 0.0711435

26 35 0.0710031

27 35 0.0705825

28 35 0.0698833

29 35 0.0689084

30 35 0.0676615

31 35 0.0661475

32 35 0.0643726

33 35 0.0623435

34 35 0.0600684

35 35 0.0575563

36 35 0.054817

37 35 0.0518614

38 35 0.0487011

39 35 0.0453486

40 35 0.0418171

41 35 0.0381206

42 35 0.0342736

43 35 0.0302914

44 35 0.0261897

45 35 0.0219845

46 35 0.0176927

47 35 0.013331

48 35 0.00891664

49 35 0.00446714

50 35 0

0 36 0

1 36 0.00425453

2 36 0.00849227

3 36 0.0126965

4 36 0.0168506

5 36 0.0209382

6 36 0.0249432

7 36 0.0288498

8 36 0.0326424

9 36 0.0363063

10 36 0.0398269

11 36 0.0431903

12 36 0.0463832

13 36 0.0493931

14 36 0.0522081

15 36 0.054817

16 36 0.0572096

17 36 0.0593764

18 36 0.0613089

19 36 0.0629994

20 36 0.0644413

21 36 0.0656288

22 36 0.0665574

23 36 0.0672233

24 36 0.0676238

25 36 0.0677575

26 36 0.0676238

27 36 0.0672233

28 36 0.0665574

29 36 0.0656288

30 36 0.0644413

31 36 0.0629994

32 36 0.0613089

33 36 0.0593764

34 36 0.0572096

35 36 0.054817

36 36 0.0522081

37 36 0.0493931

38 36 0.0463832

39 36 0.0431903

40 36 0.0398269

41 36 0.0363063

42 36 0.0326424

43 36 0.0288498

44 36 0.0249432

45 36 0.0209382

46 36 0.0168506

47 36 0.0126965

48 36 0.00849227

49 36 0.00425453

50 36 0

0 37 0

1 37 0.00402514

2 37 0.00803438

3 37 0.0120119

4 37 0.0159421

5 37 0.0198093

6 37 0.0235983

7 37 0.0272942

8 37 0.0308824

9 37 0.0343487

10 37 0.0376795

11 37 0.0408615

12 37 0.0438823

13 37 0.0467299

14 37 0.0493931

15 37 0.0518614

16 37 0.054125

17 37 0.0561749

18 37 0.0580032

19 37 0.0596026

20 37 0.0609667

21 37 0.0620902

22 37 0.0629687

23 37 0.0635987

24 37 0.0639777

25 37 0.0641042

26 37 0.0639777

27 37 0.0635987

28 37 0.0629687

29 37 0.0620902

30 37 0.0609667

31 37 0.0596026

32 37 0.0580032

33 37 0.0561749

34 37 0.054125

35 37 0.0518614

36 37 0.0493931

37 37 0.0467299

38 37 0.0438823

39 37 0.0408615

40 37 0.0376795

41 37 0.0343487

42 37 0.0308824

43 37 0.0272942

44 37 0.0235983

45 37 0.0198093

46 37 0.0159421

47 37 0.0120119

48 37 0.00803438

49 37 0.00402514

50 37 0

0 38 0

1 38 0.00377985

2 38 0.00754479

3 38 0.0112799

4 38 0.0149706

5 38 0.0186022

6 38 0.0221603

7 38 0.025631

8 38 0.0290005

9 38 0.0322556

10 38 0.0353834

11 38 0.0383715

12 38 0.0412083

13 38 0.0438823

14 38 0.0463832

15 38 0.0487011

16 38 0.0508267

17 38 0.0527518

18 38 0.0544686

19 38 0.0559705

20 38 0.0572515

21 38 0.0583066

22 38 0.0591316

23 38 0.0597232

24 38 0.060079

25 38 0.0601978

26 38 0.060079

27 38 0.0597232

28 38 0.0591316

29 38 0.0583066

30 38 0.0572515

31 38 0.0559705

32 38 0.0544686

33 38 0.0527518

34 38 0.0508267

35 38 0.0487011

36 38 0.0463832

37 38 0.0438823

38 38 0.0412083

39 38 0.0383715

40 38 0.0353834

41 38 0.0322556

42 38 0.0290005

43 38 0.025631

44 38 0.0221603

45 38 0.0186022

46 38 0.0149706

47 38 0.0112799

48 38 0.00754479

49 38 0.00377985

50 38 0

0 39 0

1 39 0.00351965

2 39 0.00702542

3 39 0.0105035

4 39 0.01394

5 39 0.0173216

6 39 0.0206348

7 39 0.0238666

8 39 0.0270042

9 39 0.0300352

10 39 0.0329477

11 39 0.0357301

12 39 0.0383715

13 39 0.0408615

14 39 0.0431903

15 39 0.0453486

16 39 0.0473279

17 39 0.0491204

18 39 0.0507191

19 39 0.0521176

20 39 0.0533104

21 39 0.0542929

22 39 0.055061

23 39 0.0556119

24 39 0.0559433

25 39 0.0560539

26 39 0.0559433

27 39 0.0556119

28 39 0.055061

29 39 0.0542929

30 39 0.0533104

31 39 0.0521176

32 39 0.0507191

33 39 0.0491204

34 39 0.0473279

35 39 0.0453486

36 39 0.0431903

37 39 0.0408615

38 39 0.0383715

39 39 0.0357301

40 39 0.0329477

41 39 0.0300352

42 39 0.0270042

43 39 0.0238666

44 39 0.0206348

45 39 0.0173216

46 39 0.01394

47 39 0.0105035

48 39 0.00702542

49 39 0.00351965

50 39 0

0 40 0

1 40 0.00324556

2 40 0.00647832

3 40 0.00968551

4 40 0.0128545

5 40 0.0159727

6 40 0.0190279

7 40 0.022008

8 40 0.0249013

9 40 0.0276962

10 40 0.0303819

11 40 0.0329477

12 40 0.0353834

13 40 0.0376795

14 40 0.0398269

15 40 0.0418171

16 40 0.0436423

17 40 0.0452952

18 40 0.0467694

19 40 0.048059

20 40 0.0491589

21 40 0.0500649

22 40 0.0507732

23 40 0.0512812

24 40 0.0515868

25 40 0.0516888

26 40 0.0515868

27 40 0.0512812

28 40 0.0507732

29 40 0.0500649

30 40 0.0491589

31 40 0.048059

32 40 0.0467694

33 40 0.0452952

34 40 0.0436423

35 40 0.0418171

36 40 0.0398269

37 40 0.0376795

38 40 0.0353834

39 40 0.0329477

40 40 0.0303819

41 40 0.0276962

42 40 0.0249013

43 40 0.022008

44 40 0.0190279

45 40 0.0159727

46 40 0.0128545

47 40 0.00968551

48 40 0.00647832

49 40 0.00324556

50 40 0

0 41 0

1 41 0.00295867

2 41 0.00590566

3 41 0.00882934

4 41 0.0117182

5 41 0.0145608

6 41 0.0173459

7 41 0.0200626

8 41 0.0227001

9 41 0.025248

10 41 0.0276962

11 41 0.0300352

12 41 0.0322556

13 41 0.0343487

14 41 0.0363063

15 41 0.0381206

16 41 0.0397844

17 41 0.0412913

18 41 0.0426351

19 41 0.0438107

20 41 0.0448134

21 41 0.0456393

22 41 0.046285

23 41 0.0467481

24 41 0.0470267

25 41 0.0471196

26 41 0.0470267

27 41 0.0467481

28 41 0.046285

29 41 0.0456393

30 41 0.0448134

31 41 0.0438107

32 41 0.0426351

33 41 0.0412913

34 41 0.0397844

35 41 0.0381206

36 41 0.0363063

37 41 0.0343487

38 41 0.0322556

39 41 0.0300352

40 41 0.0276962

41 41 0.025248

42 41 0.0227001

43 41 0.0200626

44 41 0.0173459

45 41 0.0145608

46 41 0.0117182

47 41 0.00882934

48 41 0.00590566

49 41 0.00295867

50 41 0

0 42 0

1 42 0.00266009

2 42 0.00530969

3 42 0.00793832

4 42 0.0105356

5 42 0.0130914

6 42 0.0155954

7 42 0.0180379

8 42 0.0204093

9 42 0.0227001

10 42 0.0249013

11 42 0.0270042

12 42 0.0290005

13 42 0.0308824

14 42 0.0326424

15 42 0.0342736

16 42 0.0357696

17 42 0.0371243

18 42 0.0383326

19 42 0.0393896

20 42 0.0402911

21 42 0.0410336

22 42 0.0416142

23 42 0.0420305

24 42 0.042281

25 42 0.0423645

26 42 0.042281

27 42 0.0420305

28 42 0.0416142

29 42 0.0410336

30 42 0.0402911

31 42 0.0393896

32 42 0.0383326

33 42 0.0371243

34 42 0.0357696

35 42 0.0342736

36 42 0.0326424

37 42 0.0308824

38 42 0.0290005

39 42 0.0270042

40 42 0.0249013

41 42 0.0227001

42 42 0.0204093

43 42 0.0180379

44 42 0.0155954

45 42 0.0130914

46 42 0.0105356

47 42 0.00793832

48 42 0.00530969

49 42 0.00266009

50 42 0

0 43 0

1 43 0.00235102

2 43 0.00469276

3 43 0.00701598

4 43 0.00931151

5 43 0.0115703

6 43 0.0137834

7 43 0.0159421

8 43 0.0180379

9 43 0.0200626

10 43 0.022008

11 43 0.0238666

12 43 0.025631

13 43 0.0272942

14 43 0.0288498

15 43 0.0302914

16 43 0.0316135

17 43 0.0328109

18 43 0.0338788

19 43 0.0348129

20 43 0.0356097

21 43 0.0362659

22 43 0.0367791

23 43 0.037147

24 43 0.0373684

25 43 0.0374423

26 43 0.0373684

27 43 0.037147

28 43 0.0367791

29 43 0.0362659

30 43 0.0356097

31 43 0.0348129

32 43 0.0338788

33 43 0.0328109

34 43 0.0316135

35 43 0.0302914

36 43 0.0288498

37 43 0.0272942

38 43 0.025631

39 43 0.0238666

40 43 0.022008

41 43 0.0200626

42 43 0.0180379

43 43 0.0159421

44 43 0.0137834

45 43 0.0115703

46 43 0.00931151

47 43 0.00701598

48 43 0.00469276

49 43 0.00235102

50 43 0

0 44 0

1 44 0.00203267

2 44 0.00405731

3 44 0.00606595

4 44 0.00805064

5 44 0.0100036

6 44 0.011917

7 44 0.0137834

8 44 0.0155954

9 44 0.0173459

10 44 0.0190279

11 44 0.0206348

12 44 0.0221603

13 44 0.0235983

14 44 0.0249432

15 44 0.0261897

16 44 0.0273328

17 44 0.028368

18 44 0.0292912

19 44 0.0300989

20 44 0.0307878

21 44 0.0313552

22 44 0.0317988

23 44 0.0321169

24 44 0.0323083

25 44 0.0323722

26 44 0.0323083

27 44 0.0321169

28 44 0.0317988

29 44 0.0313552

30 44 0.0307878

31 44 0.0300989

32 44 0.0292912

33 44 0.028368

34 44 0.0273328

35 44 0.0261897

36 44 0.0249432

37 44 0.0235983

38 44 0.0221603

39 44 0.0206348

40 44 0.0190279

41 44 0.0173459

42 44 0.0155954

43 44 0.0137834

44 44 0.011917

45 44 0.0100036

46 44 0.00805064

47 44 0.00606595

48 44 0.00405731

49 44 0.00203267

50 44 0

0 45 0

1 45 0.00170629

2 45 0.00340585

3 45 0.00509197

4 45 0.006758

5 45 0.00839735

6 45 0.0100036

7 45 0.0115703

8 45 0.0130914

9 45 0.0145608

10 45 0.0159727

11 45 0.0173216

12 45 0.0186022

13 45 0.0198093

14 45 0.0209382

15 45 0.0219845

16 45 0.0229441

17 45 0.0238131

18 45 0.0245881

19 45 0.0252661

20 45 0.0258444

21 45 0.0263207

22 45 0.0266931

23 45 0.0269601

24 45 0.0271208

25 45 0.0271744

26 45 0.0271208

27 45 0.0269601

28 45 0.0266931

29 45 0.0263207

30 45 0.0258444

31 45 0.0252661

32 45 0.0245881

33 45 0.0238131

34 45 0.0229441

35 45 0.0219845

36 45 0.0209382

37 45 0.0198093

38 45 0.0186022

39 45 0.0173216

40 45 0.0159727

41 45 0.0145608

42 45 0.0130914

43 45 0.0115703

44 45 0.0100036

45 45 0.00839735

46 45 0.006758

47 45 0.00509197

48 45 0.00340585

49 45 0.00170629

50 45 0

0 46 0

1 46 0.00137319

2 46 0.00274096

3 46 0.00409791

4 46 0.00543868

5 46 0.006758

6 46 0.00805064

7 46 0.00931151

8 46 0.0105356

9 46 0.0117182

10 46 0.0128545

11 46 0.01394

12 46 0.0149706

13 46 0.0159421

14 46 0.0168506

15 46 0.0176927

16 46 0.0184649

17 46 0.0191642

18 46 0.019788

19 46 0.0203336

20 46 0.020799

21 46 0.0211823

22 46 0.021482

23 46 0.0216969

24 46 0.0218262

25 46 0.0218693

26 46 0.0218262

27 46 0.0216969

28 46 0.021482

29 46 0.0211823

30 46 0.020799

31 46 0.0203336

32 46 0.019788

33 46 0.0191642

34 46 0.0184649

35 46 0.0176927

36 46 0.0168506

37 46 0.0159421

38 46 0.0149706

39 46 0.01394

40 46 0.0128545

41 46 0.0117182

42 46 0.0105356

43 46 0.00931151

44 46 0.00805064

45 46 0.006758

46 46 0.00543868

47 46 0.00409791

48 46 0.00274096

49 46 0.00137319

50 46 0

0 47 0

1 47 0.00103466

2 47 0.00206524

3 47 0.00308766

4 47 0.00409791

5 47 0.00509197

6 47 0.00606595

7 47 0.00701598

8 47 0.00793832

9 47 0.00882934

10 47 0.00968551

11 47 0.0105035

12 47 0.0112799

13 47 0.0120119

14 47 0.0126965

15 47 0.013331

16 47 0.0139128

17 47 0.0144398

18 47 0.0149097

19 47 0.0153208

20 47 0.0156715

21 47 0.0159603

22 47 0.0161861

23 47 0.016348

24 47 0.0164455

25 47 0.016478

26 47 0.0164455

27 47 0.016348

28 47 0.0161861

29 47 0.0159603

30 47 0.0156715

31 47 0.0153208

32 47 0.0149097

33 47 0.0144398

34 47 0.0139128

35 47 0.013331

36 47 0.0126965

37 47 0.0120119

38 47 0.0112799

39 47 0.0105035

40 47 0.00968551

41 47 0.00882934

42 47 0.00793832

43 47 0.00701598

44 47 0.00606595

45 47 0.00509197

46 47 0.00409791

47 47 0.00308766

48 47 0.00206524

49 47 0.00103466

50 47 0

0 48 0

1 48 0.000692051

2 48 0.00138137

3 48 0.00206524

4 48 0.00274096

5 48 0.00340585

6 48 0.00405731

7 48 0.00469276

8 48 0.00530969

9 48 0.00590566

10 48 0.00647832

11 48 0.00702542

12 48 0.00754479

13 48 0.00803438

14 48 0.00849227

15 48 0.00891664

16 48 0.00930583

17 48 0.00965828

18 48 0.00997262

19 48 0.0102476

20 48 0.0104821

21 48 0.0106753

22 48 0.0108264

23 48 0.0109347

24 48 0.0109998

25 48 0.0110216

26 48 0.0109998

27 48 0.0109347

28 48 0.0108264

29 48 0.0106753

30 48 0.0104821

31 48 0.0102476

32 48 0.00997262

33 48 0.00965828

34 48 0.00930583

35 48 0.00891664

36 48 0.00849227

37 48 0.00803438

38 48 0.00754479

39 48 0.00702542

40 48 0.00647832

41 48 0.00590566

42 48 0.00530969

43 48 0.00469276

