0 1 0

1 1 0.000574589

2 1 0.00114691

3 1 0.00171471

4 1 0.00227573

5 1 0.00282778

6 1 0.00336867

7 1 0.00389626

8 1 0.00440847

9 1 0.00490329

10 1 0.00537876

11 1 0.005833

12 1 0.00626421

13 1 0.00667071

14 1 0.00705088

15 1 0.00740322

16 1 0.00772635

17 1 0.00801899

18 1 0.00827997

19 1 0.00850828

20 1 0.00870301

21 1 0.0088634

22 1 0.0089888

23 1 0.00907873

24 1 0.00913283

25 1 0.00915089

26 1 0.00913283

27 1 0.00907873

28 1 0.0089888

29 1 0.0088634

30 1 0.00870301

31 1 0.00850828

32 1 0.00827997

33 1 0.00801899

34 1 0.00772635

35 1 0.00740322

36 1 0.00705088

37 1 0.00667071

38 1 0.00626421

39 1 0.005833

40 1 0.00537876

41 1 0.00490329

42 1 0.00440847

43 1 0.00389626

44 1 0.00336867

45 1 0.00282778

46 1 0.00227573

47 1 0.00171471

48 1 0.00114691

49 1 0.000574589

50 1 0

0 2 0

1 2 0.00114691

2 2 0.00228929

3 2 0.00342264

4 2 0.00454249

5 2 0.0056444

6 2 0.00672404

7 2 0.00777714

8 2 0.00879955

9 2 0.00978723

10 2 0.0107363

11 2 0.011643

12 2 0.0125037

13 2 0.0133151

14 2 0.0140739

15 2 0.0147772

16 2 0.0154222

17 2 0.0160063

18 2 0.0165273

19 2 0.016983

20 2 0.0173717

21 2 0.0176918

22 2 0.0179421

23 2 0.0181216

24 2 0.0182296

25 2 0.0182657

26 2 0.0182296

27 2 0.0181216

28 2 0.0179421

29 2 0.0176918

30 2 0.0173717

31 2 0.016983

32 2 0.0165273

33 2 0.0160063

34 2 0.0154222

35 2 0.0147772

36 2 0.0140739

37 2 0.0133151

38 2 0.0125037

39 2 0.011643

40 2 0.0107363

41 2 0.00978723

42 2 0.00879955

43 2 0.00777714

44 2 0.00672404

45 2 0.0056444

46 2 0.00454249

47 2 0.00342264

48 2 0.00228929

49 2 0.00114691

50 2 0

0 3 0

1 3 0.00171471

2 3 0.00342264

3 3 0.00511707

4 3 0.00679131

5 3 0.00843874

6 3 0.0100529

7 3 0.0116273

8 3 0.0131559

9 3 0.0146325

10 3 0.0160514

11 3 0.017407

12 3 0.0186939

13 3 0.0199069

14 3 0.0210414

15 3 0.0220929

16 3 0.0230572

17 3 0.0239305

18 3 0.0247093

19 3 0.0253907

20 3 0.0259718

21 3 0.0264504

22 3 0.0268246

23 3 0.027093

24 3 0.0272545

25 3 0.0273084

26 3 0.0272545

27 3 0.027093

28 3 0.0268246

29 3 0.0264504

30 3 0.0259718

31 3 0.0253907

32 3 0.0247093

33 3 0.0239305

34 3 0.0230572

35 3 0.0220929

36 3 0.0210414

37 3 0.0199069

38 3 0.0186939

39 3 0.017407

40 3 0.0160514

41 3 0.0146325

42 3 0.0131559

43 3 0.0116273

44 3 0.0100529

45 3 0.00843874

46 3 0.00679131

47 3 0.00511707

48 3 0.00342264

49 3 0.00171471

50 3 0

0 4 0

1 4 0.00227573

2 4 0.00454249

3 4 0.00679131

4 4 0.00901333

5 4 0.0111998

6 4 0.013342

7 4 0.0154316

8 4 0.0174603

9 4 0.0194201

10 4 0.0213033

11 4 0.0231023

12 4 0.0248102

13 4 0.0264202

14 4 0.0279259

15 4 0.0293214

16 4 0.0306012

17 4 0.0317602

18 4 0.0327939

19 4 0.0336981

20 4 0.0344694

21 4 0.0351046

22 4 0.0356013

23 4 0.0359575

24 4 0.0361717

25 4 0.0362433

26 4 0.0361717

27 4 0.0359575

28 4 0.0356013

29 4 0.0351046

30 4 0.0344694

31 4 0.0336981

32 4 0.0327939

33 4 0.0317602

34 4 0.0306012

35 4 0.0293214

36 4 0.0279259

37 4 0.0264202

38 4 0.0248102

39 4 0.0231023

40 4 0.0213033

41 4 0.0194201

42 4 0.0174603

43 4 0.0154316

44 4 0.013342

45 4 0.0111998

46 4 0.00901333

47 4 0.00679131

48 4 0.00454249

49 4 0.00227573

50 4 0

0 5 0

1 5 0.00282778

2 5 0.0056444

3 5 0.00843874

4 5 0.0111998

5 5 0.0139166

6 5 0.0165785

7 5 0.019175

8 5 0.0216958

9 5 0.024131

10 5 0.026471

11 5 0.0287065

12 5 0.0308287

13 5 0.0328292

14 5 0.0347002

15 5 0.0364342

16 5 0.0380244

17 5 0.0394646

18 5 0.040749

19 5 0.0418726

20 5 0.042831

21 5 0.0436203

22 5 0.0442375

23 5 0.04468

24 5 0.0449463

25 5 0.0450351

26 5 0.0449463

27 5 0.04468

28 5 0.0442375

29 5 0.0436203

30 5 0.042831

31 5 0.0418726

32 5 0.040749

33 5 0.0394646

34 5 0.0380244

35 5 0.0364342

36 5 0.0347002

37 5 0.0328292

38 5 0.0308287

39 5 0.0287065

40 5 0.026471

41 5 0.024131

42 5 0.0216958

43 5 0.019175

44 5 0.0165785

45 5 0.0139166

46 5 0.0111998

47 5 0.00843874

48 5 0.0056444

49 5 0.00282778

50 5 0

0 6 0

1 6 0.00336867

2 6 0.00672404

3 6 0.0100529

4 6 0.013342

5 6 0.0165785

6 6 0.0197496

7 6 0.0228428

8 6 0.0258457

9 6 0.0287467

10 6 0.0315343

11 6 0.0341973

12 6 0.0367255

13 6 0.0391087

14 6 0.0413375

15 6 0.0434032

16 6 0.0452976

17 6 0.0470132

18 6 0.0485433

19 6 0.0498819

20 6 0.0510235

21 6 0.0519638

22 6 0.052699

23 6 0.0532263

24 6 0.0535434

25 6 0.0536493

26 6 0.0535434

27 6 0.0532263

28 6 0.052699

29 6 0.0519638

30 6 0.0510235

31 6 0.0498819

32 6 0.0485433

33 6 0.0470132

34 6 0.0452976

35 6 0.0434032

36 6 0.0413375

37 6 0.0391087

38 6 0.0367255

39 6 0.0341973

40 6 0.0315343

41 6 0.0287467

42 6 0.0258457

43 6 0.0228428

44 6 0.0197496

45 6 0.0165785

46 6 0.013342

47 6 0.0100529

48 6 0.00672404

49 6 0.00336867

50 6 0

0 7 0

1 7 0.00389626

2 7 0.00777714

3 7 0.0116273

4 7 0.0154316

5 7 0.019175

6 7 0.0228428

7 7 0.0264203

8 7 0.0298936

9 7 0.033249

10 7 0.0364731

11 7 0.0395532

12 7 0.0424773

13 7 0.0452337

14 7 0.0478117

15 7 0.0502009

16 7 0.052392

17 7 0.0543763

18 7 0.0561461

19 7 0.0576942

20 7 0.0590147

21 7 0.0601022

22 7 0.0609526

23 7 0.0615624

24 7 0.0619293

25 7 0.0620517

26 7 0.0619293

27 7 0.0615624

28 7 0.0609526

29 7 0.0601022

30 7 0.0590147

31 7 0.0576942

32 7 0.0561461

33 7 0.0543763

34 7 0.052392

35 7 0.0502009

36 7 0.0478117

37 7 0.0452337

38 7 0.0424773

39 7 0.0395532

40 7 0.0364731

41 7 0.033249

42 7 0.0298936

43 7 0.0264203

44 7 0.0228428

45 7 0.019175

46 7 0.0154316

47 7 0.0116273

48 7 0.00777714

49 7 0.00389626

50 7 0

0 8 0

1 8 0.00440847

2 8 0.00879955

3 8 0.0131559

4 8 0.0174603

5 8 0.0216958

6 8 0.0258457

7 8 0.0298936

8 8 0.0338236

9 8 0.03762

10 8 0.041268

11 8 0.0447531

12 8 0.0480615

13 8 0.0511803

14 8 0.0540971

15 8 0.0568005

16 8 0.0592796

17 8 0.0615248

18 8 0.0635272

19 8 0.0652789

20 8 0.066773

21 8 0.0680035

22 8 0.0689656

23 8 0.0696556

24 8 0.0700707

25 8 0.0702092

26 8 0.0700707

27 8 0.0696556

28 8 0.0689656

29 8 0.0680035

30 8 0.066773

31 8 0.0652789

32 8 0.0635272

33 8 0.0615248

34 8 0.0592796

35 8 0.0568005

36 8 0.0540971

37 8 0.0511803

38 8 0.0480615

39 8 0.0447531

40 8 0.041268

41 8 0.03762

42 8 0.0338236

43 8 0.0298936

44 8 0.0258457

45 8 0.0216958

46 8 0.0174603

47 8 0.0131559

48 8 0.00879955

49 8 0.00440847

50 8 0

0 9 0

1 9 0.00490329

2 9 0.00978723

3 9 0.0146325

4 9 0.0194201

5 9 0.024131

6 9 0.0287467

7 9 0.033249

8 9 0.03762

9 9 0.0418425

10 9 0.0459

11 9 0.0497762

12 9 0.0534561

13 9 0.0569249

14 9 0.0601691

15 9 0.0631759

16 9 0.0659333

17 9 0.0684305

18 9 0.0706577

19 9 0.0726059

20 9 0.0742677

21 9 0.0756363

22 9 0.0767065

23 9 0.0774739

24 9 0.0779356

25 9 0.0780897

26 9 0.0779356

27 9 0.0774739

28 9 0.0767065

29 9 0.0756363

30 9 0.0742677

31 9 0.0726059

32 9 0.0706577

33 9 0.0684305

34 9 0.0659333

35 9 0.0631759

36 9 0.0601691

37 9 0.0569249

38 9 0.0534561

39 9 0.0497762

40 9 0.0459

41 9 0.0418425

42 9 0.03762

43 9 0.033249

44 9 0.0287467

45 9 0.024131

46 9 0.0194201

47 9 0.0146325

48 9 0.00978723

49 9 0.00490329

50 9 0

0 10 0

1 10 0.00537876

2 10 0.0107363

3 10 0.0160514

4 10 0.0213033

5 10 0.026471

6 10 0.0315343

7 10 0.0364731

8 10 0.041268

9 10 0.0459

10 10 0.0503508

11 10 0.054603

12 10 0.0586396

13 10 0.0624449

14 10 0.0660037

15 10 0.069302

16 10 0.0723268

17 10 0.0750661

18 10 0.0775092

19 10 0.0796465

20 10 0.0814693

21 10 0.0829707

22 10 0.0841446

23 10 0.0849865

24 10 0.0854929

25 10 0.0856619

26 10 0.0854929

27 10 0.0849865

28 10 0.0841446

29 10 0.0829707

30 10 0.0814693

31 10 0.0796465

32 10 0.0775092

33 10 0.0750661

34 10 0.0723268

35 10 0.069302

36 10 0.0660037

37 10 0.0624449

38 10 0.0586396

39 10 0.054603

40 10 0.0503508

41 10 0.0459

42 10 0.041268

43 10 0.0364731

44 10 0.0315343

45 10 0.026471

46 10 0.0213033

47 10 0.0160514

48 10 0.0107363

49 10 0.00537876

50 10 0

0 11 0

1 11 0.005833

2 11 0.011643

3 11 0.017407

4 11 0.0231023

5 11 0.0287065

6 11 0.0341973

7 11 0.0395532

8 11 0.0447531

9 11 0.0497762

10 11 0.054603

11 11 0.0592142

12 11 0.0635918

13 11 0.0677184

14 11 0.0715777

15 11 0.0751545

16 11 0.0784348

17 11 0.0814055

18 11 0.0840549

19 11 0.0863726

20 11 0.0883495

21 11 0.0899776

22 11 0.0912507

23 11 0.0921636

24 11 0.0927128

25 11 0.0928961

26 11 0.0927128

27 11 0.0921636

28 11 0.0912507

29 11 0.0899776

30 11 0.0883495

31 11 0.0863726

32 11 0.0840549

33 11 0.0814055

34 11 0.0784348

35 11 0.0751545

36 11 0.0715777

37 11 0.0677184

38 11 0.0635918

39 11 0.0592142

40 11 0.054603

41 11 0.0497762

42 11 0.0447531

43 11 0.0395532

44 11 0.0341973

45 11 0.0287065

46 11 0.0231023

47 11 0.017407

48 11 0.011643

49 11 0.005833

50 11 0

0 12 0

1 12 0.00626421

2 12 0.0125037

3 12 0.0186939

4 12 0.0248102

5 12 0.0308287

6 12 0.0367255

7 12 0.0424773

8 12 0.0480615

9 12 0.0534561

10 12 0.0586396

11 12 0.0635918

12 12 0.068293

13 12 0.0727246

14 12 0.0768693

15 12 0.0807105

16 12 0.0842333

17 12 0.0874236

18 12 0.0902689

19 12 0.0927579

20 12 0.0948809

21 12 0.0966294

22 12 0.0979966

23 12 0.098977

24 12 0.0995668

25 12 0.0997637

26 12 0.0995668

27 12 0.098977

28 12 0.0979966

29 12 0.0966294

30 12 0.0948809

31 12 0.0927579

32 12 0.0902689

33 12 0.0874236

34 12 0.0842333

35 12 0.0807105

36 12 0.0768693

37 12 0.0727246

38 12 0.068293

39 12 0.0635918

40 12 0.0586396

41 12 0.0534561

42 12 0.0480615

43 12 0.0424773

44 12 0.0367255

45 12 0.0308287

46 12 0.0248102

47 12 0.0186939

48 12 0.0125037

49 12 0.00626421

50 12 0

0 13 0

1 13 0.00667071

2 13 0.0133151

3 13 0.0199069

4 13 0.0264202

5 13 0.0328292

6 13 0.0391087

7 13 0.0452337

8 13 0.0511803

9 13 0.0569249

10 13 0.0624449

11 13 0.0677184

12 13 0.0727246

13 13 0.0774438

14 13 0.0818574

15 13 0.085948

16 13 0.0896993

17 13 0.0930967

18 13 0.0961266

19 13 0.0987772

20 13 0.101038

21 13 0.1029

22 13 0.104356

23 13 0.1054

24 13 0.106028

25 13 0.106238

26 13 0.106028

27 13 0.1054

28 13 0.104356

29 13 0.1029

30 13 0.101038

31 13 0.0987772

32 13 0.0961266

33 13 0.0930967

34 13 0.0896993

35 13 0.085948

36 13 0.0818574

37 13 0.0774438

38 13 0.0727246

39 13 0.0677184

40 13 0.0624449

41 13 0.0569249

42 13 0.0511803

43 13 0.0452337

44 13 0.0391087

45 13 0.0328292

46 13 0.0264202

47 13 0.0199069

48 13 0.0133151

49 13 0.00667071

50 13 0

0 14 0

1 14 0.00705088

2 14 0.0140739

3 14 0.0210414

4 14 0.0279259

5 14 0.0347002

6 14 0.0413375

7 14 0.0478117

8 14 0.0540971

9 14 0.0601691

10 14 0.0660037

11 14 0.0715777

12 14 0.0768693

13 14 0.0818574

14 14 0.0865226

15 14 0.0908462

16 14 0.0948114

17 14 0.0984023

18 14 0.101605

19 14 0.104407

20 14 0.106796

21 14 0.108764

22 14 0.110303

23 14 0.111407

24 14 0.112071

25 14 0.112292

26 14 0.112071

27 14 0.111407

28 14 0.110303

29 14 0.108764

30 14 0.106796

31 14 0.104407

32 14 0.101605

33 14 0.0984023

34 14 0.0948114

35 14 0.0908462

36 14 0.0865226

37 14 0.0818574

38 14 0.0768693

39 14 0.0715777

40 14 0.0660037

41 14 0.0601691

42 14 0.0540971

43 14 0.0478117

44 14 0.0413375

45 14 0.0347002

46 14 0.0279259

47 14 0.0210414

48 14 0.0140739

49 14 0.00705088

50 14 0

0 15 0

1 15 0.00740322

2 15 0.0147772

3 15 0.0220929

4 15 0.0293214

5 15 0.0364342

6 15 0.0434032

7 15 0.0502009

8 15 0.0568005

9 15 0.0631759

10 15 0.069302

11 15 0.0751545

12 15 0.0807105

13 15 0.085948

14 15 0.0908462

15 15 0.095386

16 15 0.0995493

17 15 0.10332

18 15 0.106682

19 15 0.109624

20 15 0.112133

21 15 0.114199

22 15 0.115815

23 15 0.116974

24 15 0.117671

25 15 0.117904

26 15 0.117671

27 15 0.116974

28 15 0.115815

29 15 0.114199

30 15 0.112133

31 15 0.109624

32 15 0.106682

33 15 0.10332

34 15 0.0995493

35 15 0.095386

36 15 0.0908462

37 15 0.085948

38 15 0.0807105

39 15 0.0751545

40 15 0.069302

41 15 0.0631759

42 15 0.0568005

43 15 0.0502009

44 15 0.0434032

45 15 0.0364342

46 15 0.0293214

47 15 0.0220929

48 15 0.0147772

49 15 0.00740322

50 15 0

0 16 0

1 16 0.00772635

2 16 0.0154222

3 16 0.0230572

4 16 0.0306012

5 16 0.0380244

6 16 0.0452976

7 16 0.052392

8 16 0.0592796

9 16 0.0659333

10 16 0.0723268

11 16 0.0784348

12 16 0.0842333

13 16 0.0896993

14 16 0.0948114

15 16 0.0995493

16 16 0.103894

17 16 0.107829

18 16 0.111339

19 16 0.114409

20 16 0.117027

21 16 0.119184

22 16 0.12087

23 16 0.122079

24 16 0.122807

25 16 0.12305

26 16 0.122807

27 16 0.122079

28 16 0.12087

29 16 0.119184

30 16 0.117027

31 16 0.114409

32 16 0.111339

33 16 0.107829

34 16 0.103894

35 16 0.0995493

36 16 0.0948114

37 16 0.0896993

38 16 0.0842333

39 16 0.0784348

40 16 0.0723268

41 16 0.0659333

42 16 0.0592796

43 16 0.052392

44 16 0.0452976

45 16 0.0380244

46 16 0.0306012

47 16 0.0230572

48 16 0.0154222

49 16 0.00772635

50 16 0

0 17 0

1 17 0.00801899

2 17 0.0160063

3 17 0.0239305

4 17 0.0317602

5 17 0.0394646

6 17 0.0470132

7 17 0.0543763

8 17 0.0615248

9 17 0.0684305

10 17 0.0750661

11 17 0.0814055

12 17 0.0874236

13 17 0.0930967

14 17 0.0984023

15 17 0.10332

16 17 0.107829

17 17 0.111913

18 17 0.115556

19 17 0.118742

20 17 0.12146

21 17 0.123698

22 17 0.125448

23 17 0.126703

24 17 0.127458

25 17 0.12771

26 17 0.127458

27 17 0.126703

28 17 0.125448

29 17 0.123698

30 17 0.12146

31 17 0.118742

32 17 0.115556

33 17 0.111913

34 17 0.107829

35 17 0.10332

36 17 0.0984023

37 17 0.0930967

38 17 0.0874236

39 17 0.0814055

40 17 0.0750661

41 17 0.0684305

42 17 0.0615248

43 17 0.0543763

44 17 0.0470132

45 17 0.0394646

46 17 0.0317602

47 17 0.0239305

48 17 0.0160063

49 17 0.00801899

50 17 0

0 18 0

1 18 0.00827997

2 18 0.0165273

3 18 0.0247093

4 18 0.0327939

5 18 0.040749

6 18 0.0485433

7 18 0.0561461

8 18 0.0635272

9 18 0.0706577

10 18 0.0775092

11 18 0.0840549

12 18 0.0902689

13 18 0.0961266

14 18 0.101605

15 18 0.106682

16 18 0.111339

17 18 0.115556

18 18 0.119316

19 18 0.122606

20 18 0.125413

21 18 0.127724

22 18 0.129531

23 18 0.130827

24 18 0.131606

25 18 0.131867

26 18 0.131606

27 18 0.130827

28 18 0.129531

29 18 0.127724

30 18 0.125413

31 18 0.122606

32 18 0.119316

33 18 0.115556

34 18 0.111339

35 18 0.106682

36 18 0.101605

37 18 0.0961266

38 18 0.0902689

39 18 0.0840549

40 18 0.0775092

41 18 0.0706577

42 18 0.0635272

43 18 0.0561461

44 18 0.0485433

45 18 0.040749

46 18 0.0327939

47 18 0.0247093

48 18 0.0165273

49 18 0.00827997

50 18 0

0 19 0

1 19 0.00850828

2 19 0.016983

3 19 0.0253907

4 19 0.0336981

5 19 0.0418726

6 19 0.0498819

7 19 0.0576942

8 19 0.0652789

9 19 0.0726059

10 19 0.0796465

11 19 0.0863726

12 19 0.0927579

13 19 0.0987772

14 19 0.104407

15 19 0.109624

16 19 0.114409

17 19 0.118742

18 19 0.122606

19 19 0.125987

20 19 0.128871

21 19 0.131246

22 19 0.133103

23 19 0.134434

24 19 0.135235

25 19 0.135503

26 19 0.135235

27 19 0.134434

28 19 0.133103

29 19 0.131246

30 19 0.128871

31 19 0.125987

32 19 0.122606

33 19 0.118742

34 19 0.114409

35 19 0.109624

36 19 0.104407

37 19 0.0987772

38 19 0.0927579

39 19 0.0863726

40 19 0.0796465

41 19 0.0726059

42 19 0.0652789

43 19 0.0576942

44 19 0.0498819

45 19 0.0418726

46 19 0.0336981

47 19 0.0253907

48 19 0.016983

49 19 0.00850828

50 19 0

0 20 0

1 20 0.00870301

2 20 0.0173717

3 20 0.0259718

4 20 0.0344694

5 20 0.042831

6 20 0.0510235

7 20 0.0590147

8 20 0.066773

9 20 0.0742677

10 20 0.0814693

11 20 0.0883495

12 20 0.0948809

13 20 0.101038

14 20 0.106796

15 20 0.112133

16 20 0.117027

17 20 0.12146

18 20 0.125413

19 20 0.128871

20 20 0.13182

21 20 0.134249

22 20 0.136149

23 20 0.137511

24 20 0.13833

25 20 0.138604

26 20 0.13833

27 20 0.137511

28 20 0.136149

29 20 0.134249

30 20 0.13182

31 20 0.128871

32 20 0.125413

33 20 0.12146

34 20 0.117027

35 20 0.112133

36 20 0.106796

37 20 0.101038

38 20 0.0948809

39 20 0.0883495

40 20 0.0814693

41 20 0.0742677

42 20 0.066773

43 20 0.0590147

44 20 0.0510235

45 20 0.042831

46 20 0.0344694

47 20 0.0259718

48 20 0.0173717

49 20 0.00870301

50 20 0

0 21 0

1 21 0.0088634

2 21 0.0176918

3 21 0.0264504

4 21 0.0351046

5 21 0.0436203

6 21 0.0519638

7 21 0.0601022

8 21 0.0680035

9 21 0.0756363

10 21 0.0829707

11 21 0.0899776

12 21 0.0966294

13 21 0.1029

14 21 0.108764

15 21 0.114199

16 21 0.119184

17 21 0.123698

18 21 0.127724

19 21 0.131246

20 21 0.134249

21 21 0.136723

22 21 0.138658

23 21 0.140045

24 21 0.14088

25 21 0.141158

26 21 0.14088

27 21 0.140045

28 21 0.138658

29 21 0.136723

30 21 0.134249

31 21 0.131246

32 21 0.127724

33 21 0.123698

34 21 0.119184

35 21 0.114199

36 21 0.108764

37 21 0.1029

38 21 0.0966294

39 21 0.0899776

40 21 0.0829707

41 21 0.0756363

42 21 0.0680035

43 21 0.0601022

44 21 0.0519638

45 21 0.0436203

46 21 0.0351046

47 21 0.0264504

48 21 0.0176918

49 21 0.0088634

50 21 0

0 22 0

1 22 0.0089888

2 22 0.0179421

3 22 0.0268246

4 22 0.0356013

5 22 0.0442375

6 22 0.052699

7 22 0.0609526

8 22 0.0689656

9 22 0.0767065

10 22 0.0841446

11 22 0.0912507

12 22 0.0979966

13 22 0.104356

14 22 0.110303

15 22 0.115815

16 22 0.12087

17 22 0.125448

18 22 0.129531

19 22 0.133103

20 22 0.136149

21 22 0.138658

22 22 0.14062

23 22 0.142027

24 22 0.142873

25 22 0.143155

26 22 0.142873

27 22 0.142027

28 22 0.14062

29 22 0.138658

30 22 0.136149

31 22 0.133103

32 22 0.129531

33 22 0.125448

34 22 0.12087

35 22 0.115815

36 22 0.110303

37 22 0.104356

38 22 0.0979966

39 22 0.0912507

40 22 0.0841446

41 22 0.0767065

42 22 0.0689656

43 22 0.0609526

44 22 0.052699

45 22 0.0442375

46 22 0.0356013

47 22 0.0268246

48 22 0.0179421

49 22 0.0089888

50 22 0

0 23 0

1 23 0.00907873

2 23 0.0181216

3 23 0.027093

4 23 0.0359575

5 23 0.04468

6 23 0.0532263

7 23 0.0615624

8 23 0.0696556

9 23 0.0774739

10 23 0.0849865

11 23 0.0921636

12 23 0.098977

13 23 0.1054

14 23 0.111407

15 23 0.116974

16 23 0.122079

17 23 0.126703

18 23 0.130827

19 23 0.134434

20 23 0.137511

21 23 0.140045

22 23 0.142027

23 23 0.143448

24 23 0.144302

25 23 0.144588

26 23 0.144302

27 23 0.143448

28 23 0.142027

29 23 0.140045

30 23 0.137511

31 23 0.134434

32 23 0.130827

33 23 0.126703

34 23 0.122079

35 23 0.116974

36 23 0.111407

37 23 0.1054

38 23 0.098977

39 23 0.0921636

40 23 0.0849865

41 23 0.0774739

42 23 0.0696556

43 23 0.0615624

44 23 0.0532263

45 23 0.04468

46 23 0.0359575

47 23 0.027093

48 23 0.0181216

49 23 0.00907873

50 23 0

0 24 0

1 24 0.00913283

2 24 0.0182296

3 24 0.0272545

4 24 0.0361717

5 24 0.0449463

6 24 0.0535434

7 24 0.0619293

8 24 0.0700707

9 24 0.0779356

10 24 0.0854929

11 24 0.0927128

12 24 0.0995668

13 24 0.106028

14 24 0.112071

15 24 0.117671

16 24 0.122807

17 24 0.127458

18 24 0.131606

19 24 0.135235

20 24 0.13833

21 24 0.14088

22 24 0.142873

23 24 0.144302

24 24 0.145162

25 24 0.145449

26 24 0.145162

27 24 0.144302

28 24 0.142873

29 24 0.14088

30 24 0.13833

31 24 0.135235

32 24 0.131606

33 24 0.127458

34 24 0.122807

35 24 0.117671

36 24 0.112071

37 24 0.106028

38 24 0.0995668

39 24 0.0927128

40 24 0.0854929

41 24 0.0779356

42 24 0.0700707

43 24 0.0619293

44 24 0.0535434

45 24 0.0449463

46 24 0.0361717

47 24 0.0272545

48 24 0.0182296

49 24 0.00913283

50 24 0

0 25 0

1 25 0.00915089

2 25 0.0182657

3 25 0.0273084

4 25 0.0362433

5 25 0.0450351

6 25 0.0536493

7 25 0.0620517

8 25 0.0702092

9 25 0.0780897

10 25 0.0856619

11 25 0.0928961

12 25 0.0997637

13 25 0.106238

14 25 0.112292

15 25 0.117904

16 25 0.12305

17 25 0.12771

18 25 0.131867

19 25 0.135503

20 25 0.138604

21 25 0.141158

22 25 0.143155

23 25 0.144588

24 25 0.145449

25 25 0.145737

26 25 0.145449

27 25 0.144588

28 25 0.143155

29 25 0.141158

30 25 0.138604

31 25 0.135503

32 25 0.131867

33 25 0.12771

34 25 0.12305

35 25 0.117904

36 25 0.112292

37 25 0.106238

38 25 0.0997637

39 25 0.0928961

40 25 0.0856619

41 25 0.0780897

42 25 0.0702092

43 25 0.0620517

44 25 0.0536493

45 25 0.0450351

46 25 0.0362433

47 25 0.0273084

48 25 0.0182657

49 25 0.00915089

50 25 0

0 26 0

1 26 0.00913283

2 26 0.0182296

3 26 0.0272545

4 26 0.0361717

5 26 0.0449463

6 26 0.0535434

7 26 0.0619293

8 26 0.0700707

9 26 0.0779356

10 26 0.0854929

11 26 0.0927128

12 26 0.0995668

13 26 0.106028

14 26 0.112071

15 26 0.117671

16 26 0.122807

17 26 0.127458

18 26 0.131606

19 26 0.135235

20 26 0.13833

21 26 0.14088

22 26 0.142873

23 26 0.144302

24 26 0.145162

25 26 0.145449

26 26 0.145162

27 26 0.144302

28 26 0.142873

29 26 0.14088

30 26 0.13833

31 26 0.135235

32 26 0.131606

33 26 0.127458

34 26 0.122807

35 26 0.117671

36 26 0.112071

37 26 0.106028

38 26 0.0995668

39 26 0.0927128

40 26 0.0854929

41 26 0.0779356

42 26 0.0700707

43 26 0.0619293

44 26 0.0535434

45 26 0.0449463

46 26 0.0361717

47 26 0.0272545

48 26 0.0182296

49 26 0.00913283

50 26 0

0 27 0

1 27 0.00907873

2 27 0.0181216

3 27 0.027093

4 27 0.0359575

5 27 0.04468

6 27 0.0532263

7 27 0.0615624

8 27 0.0696556

9 27 0.0774739

10 27 0.0849865

11 27 0.0921636

12 27 0.098977

13 27 0.1054

14 27 0.111407

15 27 0.116974

16 27 0.122079

17 27 0.126703

18 27 0.130827

19 27 0.134434

20 27 0.137511

21 27 0.140045

22 27 0.142027

23 27 0.143448

24 27 0.144302

25 27 0.144588

26 27 0.144302

27 27 0.143448

28 27 0.142027

29 27 0.140045

30 27 0.137511

31 27 0.134434

32 27 0.130827

33 27 0.126703

34 27 0.122079

35 27 0.116974

36 27 0.111407

37 27 0.1054

38 27 0.098977

39 27 0.0921636

40 27 0.0849865

41 27 0.0774739

42 27 0.0696556

43 27 0.0615624

44 27 0.0532263

45 27 0.04468

46 27 0.0359575

47 27 0.027093

48 27 0.0181216

49 27 0.00907873

50 27 0

0 28 0

1 28 0.0089888

2 28 0.0179421

3 28 0.0268246

4 28 0.0356013

5 28 0.0442375

6 28 0.052699

7 28 0.0609526

8 28 0.0689656

9 28 0.0767065

10 28 0.0841446

11 28 0.0912507

12 28 0.0979966

13 28 0.104356

14 28 0.110303

15 28 0.115815

16 28 0.12087

17 28 0.125448

18 28 0.129531

19 28 0.133103

20 28 0.136149

21 28 0.138658

22 28 0.14062

23 28 0.142027

24 28 0.142873

25 28 0.143155

26 28 0.142873

27 28 0.142027

28 28 0.14062

29 28 0.138658

30 28 0.136149

31 28 0.133103

32 28 0.129531

33 28 0.125448

34 28 0.12087

35 28 0.115815

36 28 0.110303

37 28 0.104356

38 28 0.0979966

39 28 0.0912507

40 28 0.0841446

41 28 0.0767065

42 28 0.0689656

43 28 0.0609526

44 28 0.052699

45 28 0.0442375

46 28 0.0356013

47 28 0.0268246

48 28 0.0179421

49 28 0.0089888

50 28 0

0 29 0

1 29 0.0088634

2 29 0.0176918

3 29 0.0264504

4 29 0.0351046

5 29 0.0436203

6 29 0.0519638

7 29 0.0601022

8 29 0.0680035

9 29 0.0756363

10 29 0.0829707

11 29 0.0899776

12 29 0.0966294

13 29 0.1029

14 29 0.108764

15 29 0.114199

16 29 0.119184

17 29 0.123698

18 29 0.127724

19 29 0.131246

20 29 0.134249

21 29 0.136723

22 29 0.138658

23 29 0.140045

24 29 0.14088

25 29 0.141158

26 29 0.14088

27 29 0.140045

28 29 0.138658

29 29 0.136723

30 29 0.134249

31 29 0.131246

32 29 0.127724

33 29 0.123698

34 29 0.119184

35 29 0.114199

36 29 0.108764

37 29 0.1029

38 29 0.0966294

39 29 0.0899776

40 29 0.0829707

41 29 0.0756363

42 29 0.0680035

43 29 0.0601022

44 29 0.0519638

45 29 0.0436203

46 29 0.0351046

47 29 0.0264504

48 29 0.0176918

49 29 0.0088634

50 29 0

0 30 0

1 30 0.00870301

2 30 0.0173717

3 30 0.0259718

4 30 0.0344694

5 30 0.042831

6 30 0.0510235

7 30 0.0590147

8 30 0.066773

9 30 0.0742677

10 30 0.0814693

11 30 0.0883495

12 30 0.0948809

13 30 0.101038

14 30 0.106796

15 30 0.112133

16 30 0.117027

17 30 0.12146

18 30 0.125413

19 30 0.128871

20 30 0.13182

21 30 0.134249

22 30 0.136149

23 30 0.137511

24 30 0.13833

25 30 0.138604

26 30 0.13833

27 30 0.137511

28 30 0.136149

29 30 0.134249

30 30 0.13182

31 30 0.128871

32 30 0.125413

33 30 0.12146

34 30 0.117027

35 30 0.112133

36 30 0.106796

37 30 0.101038

38 30 0.0948809

39 30 0.0883495

40 30 0.0814693

41 30 0.0742677

42 30 0.066773

43 30 0.0590147

44 30 0.0510235

45 30 0.042831

46 30 0.0344694

47 30 0.0259718

48 30 0.0173717

49 30 0.00870301

50 30 0

0 31 0

1 31 0.00850828

2 31 0.016983

3 31 0.0253907

4 31 0.0336981

5 31 0.0418726

6 31 0.0498819

7 31 0.0576942

8 31 0.0652789

9 31 0.0726059

10 31 0.0796465

11 31 0.0863726

12 31 0.0927579

13 31 0.0987772

14 31 0.104407

15 31 0.109624

16 31 0.114409

17 31 0.118742

18 31 0.122606

19 31 0.125987

20 31 0.128871

21 31 0.131246

22 31 0.133103

23 31 0.134434

24 31 0.135235

25 31 0.135503

26 31 0.135235

27 31 0.134434

28 31 0.133103

29 31 0.131246

30 31 0.128871

31 31 0.125987

32 31 0.122606

33 31 0.118742

34 31 0.114409

35 31 0.109624

36 31 0.104407

37 31 0.0987772

38 31 0.0927579

39 31 0.0863726

40 31 0.0796465

41 31 0.0726059

42 31 0.0652789

43 31 0.0576942

44 31 0.0498819

45 31 0.0418726

46 31 0.0336981

47 31 0.0253907

48 31 0.016983

49 31 0.00850828

50 31 0

0 32 0

1 32 0.00827997

2 32 0.0165273

3 32 0.0247093

4 32 0.0327939

5 32 0.040749

6 32 0.0485433

7 32 0.0561461

8 32 0.0635272

9 32 0.0706577

10 32 0.0775092

11 32 0.0840549

12 32 0.0902689

13 32 0.0961266

14 32 0.101605

15 32 0.106682

16 32 0.111339

17 32 0.115556

18 32 0.119316

19 32 0.122606

20 32 0.125413

21 32 0.127724

22 32 0.129531

23 32 0.130827

24 32 0.131606

25 32 0.131867

26 32 0.131606

27 32 0.130827

28 32 0.129531

29 32 0.127724

30 32 0.125413

31 32 0.122606

32 32 0.119316

33 32 0.115556

34 32 0.111339

35 32 0.106682

36 32 0.101605

37 32 0.0961266

38 32 0.0902689

39 32 0.0840549

40 32 0.0775092

41 32 0.0706577

42 32 0.0635272

43 32 0.0561461

44 32 0.0485433

45 32 0.040749

46 32 0.0327939

47 32 0.0247093

48 32 0.0165273

49 32 0.00827997

50 32 0

0 33 0

1 33 0.00801899

2 33 0.0160063

3 33 0.0239305

4 33 0.0317602

5 33 0.0394646

6 33 0.0470132

7 33 0.0543763

8 33 0.0615248

9 33 0.0684305

10 33 0.0750661

11 33 0.0814055

12 33 0.0874236

13 33 0.0930967

14 33 0.0984023

15 33 0.10332

16 33 0.107829

17 33 0.111913

18 33 0.115556

19 33 0.118742

20 33 0.12146

21 33 0.123698

22 33 0.125448

23 33 0.126703

24 33 0.127458

25 33 0.12771

26 33 0.127458

27 33 0.126703

28 33 0.125448

29 33 0.123698

30 33 0.12146

31 33 0.118742

32 33 0.115556

33 33 0.111913

34 33 0.107829

35 33 0.10332

36 33 0.0984023

37 33 0.0930967

38 33 0.0874236

39 33 0.0814055

40 33 0.0750661

41 33 0.0684305

42 33 0.0615248

43 33 0.0543763

44 33 0.0470132

45 33 0.0394646

46 33 0.0317602

47 33 0.0239305

48 33 0.0160063

49 33 0.00801899

50 33 0

0 34 0

1 34 0.00772635

2 34 0.0154222

3 34 0.0230572

4 34 0.0306012

5 34 0.0380244

6 34 0.0452976

7 34 0.052392

8 34 0.0592796

9 34 0.0659333

10 34 0.0723268

11 34 0.0784348

12 34 0.0842333

13 34 0.0896993

14 34 0.0948114

15 34 0.0995493

16 34 0.103894

17 34 0.107829

18 34 0.111339

19 34 0.114409

20 34 0.117027

21 34 0.119184

22 34 0.12087

23 34 0.122079

24 34 0.122807

25 34 0.12305

26 34 0.122807

27 34 0.122079

28 34 0.12087

29 34 0.119184

30 34 0.117027

31 34 0.114409

32 34 0.111339

33 34 0.107829

34 34 0.103894

35 34 0.0995493

36 34 0.0948114

37 34 0.0896993

38 34 0.0842333

39 34 0.0784348

40 34 0.0723268

41 34 0.0659333

42 34 0.0592796

43 34 0.052392

44 34 0.0452976

45 34 0.0380244

46 34 0.0306012

47 34 0.0230572

48 34 0.0154222

49 34 0.00772635

50 34 0

0 35 0

1 35 0.00740322

2 35 0.0147772

3 35 0.0220929

4 35 0.0293214

5 35 0.0364342

6 35 0.0434032

7 35 0.0502009

8 35 0.0568005

9 35 0.0631759

10 35 0.069302

11 35 0.0751545

12 35 0.0807105

13 35 0.085948

14 35 0.0908462

15 35 0.095386

16 35 0.0995493

17 35 0.10332

18 35 0.106682

19 35 0.109624

20 35 0.112133

21 35 0.114199

22 35 0.115815

23 35 0.116974

24 35 0.117671

25 35 0.117904

26 35 0.117671

27 35 0.116974

28 35 0.115815

29 35 0.114199

30 35 0.112133

31 35 0.109624

32 35 0.106682

33 35 0.10332

34 35 0.0995493

35 35 0.095386

36 35 0.0908462

37 35 0.085948

38 35 0.0807105

39 35 0.0751545

40 35 0.069302

41 35 0.0631759

42 35 0.0568005

43 35 0.0502009

44 35 0.0434032

45 35 0.0364342

46 35 0.0293214

47 35 0.0220929

48 35 0.0147772

49 35 0.00740322

50 35 0

0 36 0

1 36 0.00705088

2 36 0.0140739

3 36 0.0210414

4 36 0.0279259

5 36 0.0347002

6 36 0.0413375

7 36 0.0478117

8 36 0.0540971

9 36 0.0601691

10 36 0.0660037

11 36 0.0715777

12 36 0.0768693

13 36 0.0818574

14 36 0.0865226

15 36 0.0908462

16 36 0.0948114

17 36 0.0984023

18 36 0.101605

19 36 0.104407

20 36 0.106796

21 36 0.108764

22 36 0.110303

23 36 0.111407

24 36 0.112071

25 36 0.112292

26 36 0.112071

27 36 0.111407

28 36 0.110303

29 36 0.108764

30 36 0.106796

31 36 0.104407

32 36 0.101605

33 36 0.0984023

34 36 0.0948114

35 36 0.0908462

36 36 0.0865226

37 36 0.0818574

38 36 0.0768693

39 36 0.0715777

40 36 0.0660037

41 36 0.0601691

42 36 0.0540971

43 36 0.0478117

44 36 0.0413375

45 36 0.0347002

46 36 0.0279259

47 36 0.0210414

48 36 0.0140739

49 36 0.00705088

50 36 0

0 37 0

1 37 0.00667071

2 37 0.0133151

3 37 0.0199069

4 37 0.0264202

5 37 0.0328292

6 37 0.0391087

7 37 0.0452337

8 37 0.0511803

9 37 0.0569249

10 37 0.0624449

11 37 0.0677184

12 37 0.0727246

13 37 0.0774438

14 37 0.0818574

15 37 0.085948

16 37 0.0896993

17 37 0.0930967

18 37 0.0961266

19 37 0.0987772

20 37 0.101038

21 37 0.1029

22 37 0.104356

23 37 0.1054

24 37 0.106028

25 37 0.106238

26 37 0.106028

27 37 0.1054

28 37 0.104356

29 37 0.1029

30 37 0.101038

31 37 0.0987772

32 37 0.0961266

33 37 0.0930967

34 37 0.0896993

35 37 0.085948

36 37 0.0818574

37 37 0.0774438

38 37 0.0727246

39 37 0.0677184

40 37 0.0624449

41 37 0.0569249

42 37 0.0511803

43 37 0.0452337

44 37 0.0391087

45 37 0.0328292

46 37 0.0264202

47 37 0.0199069

48 37 0.0133151

49 37 0.00667071

50 37 0

0 38 0

1 38 0.00626421

2 38 0.0125037

3 38 0.0186939

4 38 0.0248102

5 38 0.0308287

6 38 0.0367255

7 38 0.0424773

8 38 0.0480615

9 38 0.0534561

10 38 0.0586396

11 38 0.0635918

12 38 0.068293

13 38 0.0727246

14 38 0.0768693

15 38 0.0807105

16 38 0.0842333

17 38 0.0874236

18 38 0.0902689

19 38 0.0927579

20 38 0.0948809

21 38 0.0966294

22 38 0.0979966

23 38 0.098977

24 38 0.0995668

25 38 0.0997637

26 38 0.0995668

27 38 0.098977

28 38 0.0979966

29 38 0.0966294

30 38 0.0948809

31 38 0.0927579

32 38 0.0902689

33 38 0.0874236

34 38 0.0842333

35 38 0.0807105

36 38 0.0768693

37 38 0.0727246

38 38 0.068293

39 38 0.0635918

40 38 0.0586396

41 38 0.0534561

42 38 0.0480615

43 38 0.0424773

44 38 0.0367255

45 38 0.0308287

46 38 0.0248102

47 38 0.0186939

48 38 0.0125037

49 38 0.00626421

50 38 0

0 39 0

1 39 0.005833

2 39 0.011643

3 39 0.017407

4 39 0.0231023

5 39 0.0287065

6 39 0.0341973

7 39 0.0395532

8 39 0.0447531

9 39 0.0497762

10 39 0.054603

11 39 0.0592142

12 39 0.0635918

13 39 0.0677184

14 39 0.0715777

15 39 0.0751545

16 39 0.0784348

17 39 0.0814055

18 39 0.0840549

19 39 0.0863726

20 39 0.0883495

21 39 0.0899776

22 39 0.0912507

23 39 0.0921636

24 39 0.0927128

25 39 0.0928961

26 39 0.0927128

27 39 0.0921636

28 39 0.0912507

29 39 0.0899776

30 39 0.0883495

31 39 0.0863726

32 39 0.0840549

33 39 0.0814055

34 39 0.0784348

35 39 0.0751545

36 39 0.0715777

37 39 0.0677184

38 39 0.0635918

39 39 0.0592142

40 39 0.054603

41 39 0.0497762

42 39 0.0447531

43 39 0.0395532

44 39 0.0341973

45 39 0.0287065

46 39 0.0231023

47 39 0.017407

48 39 0.011643

49 39 0.005833

50 39 0

0 40 0

1 40 0.00537876

2 40 0.0107363

3 40 0.0160514

4 40 0.0213033

5 40 0.026471

6 40 0.0315343

7 40 0.0364731

8 40 0.041268

9 40 0.0459

10 40 0.0503508

11 40 0.054603

12 40 0.0586396

13 40 0.0624449

14 40 0.0660037

15 40 0.069302

16 40 0.0723268

17 40 0.0750661

18 40 0.0775092

19 40 0.0796465

20 40 0.0814693

21 40 0.0829707

22 40 0.0841446

23 40 0.0849865

24 40 0.0854929

25 40 0.0856619

26 40 0.0854929

27 40 0.0849865

28 40 0.0841446

29 40 0.0829707

30 40 0.0814693

31 40 0.0796465

32 40 0.0775092

33 40 0.0750661

34 40 0.0723268

35 40 0.069302

36 40 0.0660037

37 40 0.0624449

38 40 0.0586396

39 40 0.054603

40 40 0.0503508

41 40 0.0459

42 40 0.041268

43 40 0.0364731

44 40 0.0315343

45 40 0.026471

46 40 0.0213033

47 40 0.0160514

48 40 0.0107363

49 40 0.00537876

50 40 0

0 41 0

1 41 0.00490329

2 41 0.00978723

3 41 0.0146325

4 41 0.0194201

5 41 0.024131

6 41 0.0287467

7 41 0.033249

8 41 0.03762

9 41 0.0418425

10 41 0.0459

11 41 0.0497762

12 41 0.0534561

13 41 0.0569249

14 41 0.0601691

15 41 0.0631759

16 41 0.0659333

17 41 0.0684305

18 41 0.0706577

19 41 0.0726059

20 41 0.0742677

21 41 0.0756363

22 41 0.0767065

23 41 0.0774739

24 41 0.0779356

25 41 0.0780897

26 41 0.0779356

27 41 0.0774739

28 41 0.0767065

29 41 0.0756363

30 41 0.0742677

31 41 0.0726059

32 41 0.0706577

33 41 0.0684305

34 41 0.0659333

35 41 0.0631759

36 41 0.0601691

37 41 0.0569249

38 41 0.0534561

39 41 0.0497762

40 41 0.0459

41 41 0.0418425

42 41 0.03762

43 41 0.033249

44 41 0.0287467

45 41 0.024131

46 41 0.0194201

47 41 0.0146325

48 41 0.00978723

49 41 0.00490329

50 41 0

0 42 0

1 42 0.00440847

2 42 0.00879955

3 42 0.0131559

4 42 0.0174603

5 42 0.0216958

6 42 0.0258457

7 42 0.0298936

8 42 0.0338236

9 42 0.03762

10 42 0.041268

11 42 0.0447531

12 42 0.0480615

13 42 0.0511803

14 42 0.0540971

15 42 0.0568005

16 42 0.0592796

17 42 0.0615248

18 42 0.0635272

19 42 0.0652789

20 42 0.066773

21 42 0.0680035

22 42 0.0689656

23 42 0.0696556

24 42 0.0700707

25 42 0.0702092

26 42 0.0700707

27 42 0.0696556

28 42 0.0689656

29 42 0.0680035

30 42 0.066773

31 42 0.0652789

32 42 0.0635272

33 42 0.0615248

34 42 0.0592796

35 42 0.0568005

36 42 0.0540971

37 42 0.0511803

38 42 0.0480615

39 42 0.0447531

40 42 0.041268

41 42 0.03762

42 42 0.0338236

43 42 0.0298936

44 42 0.0258457

45 42 0.0216958

46 42 0.0174603

47 42 0.0131559

48 42 0.00879955

49 42 0.00440847

50 42 0

0 43 0

1 43 0.00389626

2 43 0.00777714

3 43 0.0116273

4 43 0.0154316

5 43 0.019175

6 43 0.0228428

7 43 0.0264203

8 43 0.0298936

9 43 0.033249

10 43 0.0364731

11 43 0.0395532

12 43 0.0424773

13 43 0.0452337

14 43 0.0478117

15 43 0.0502009

16 43 0.052392

17 43 0.0543763

18 43 0.0561461

19 43 0.0576942

20 43 0.0590147

21 43 0.0601022

22 43 0.0609526

23 43 0.0615624

24 43 0.0619293

25 43 0.0620517

26 43 0.0619293

27 43 0.0615624

28 43 0.0609526

29 43 0.0601022

30 43 0.0590147

31 43 0.0576942

32 43 0.0561461

33 43 0.0543763

34 43 0.052392

35 43 0.0502009

36 43 0.0478117

37 43 0.0452337

38 43 0.0424773

39 43 0.0395532

40 43 0.0364731

41 43 0.033249

42 43 0.0298936

43 43 0.0264203

44 43 0.0228428

45 43 0.019175

46 43 0.0154316

47 43 0.0116273

48 43 0.00777714

49 43 0.00389626

50 43 0

0 44 0

1 44 0.00336867

2 44 0.00672404

3 44 0.0100529

4 44 0.013342

5 44 0.0165785

6 44 0.0197496

7 44 0.0228428

8 44 0.0258457

9 44 0.0287467

10 44 0.0315343

11 44 0.0341973

12 44 0.0367255

13 44 0.0391087

14 44 0.0413375

15 44 0.0434032

16 44 0.0452976

17 44 0.0470132

18 44 0.0485433

19 44 0.0498819

20 44 0.0510235

21 44 0.0519638

22 44 0.052699

23 44 0.0532263

24 44 0.0535434

25 44 0.0536493

26 44 0.0535434

27 44 0.0532263

28 44 0.052699

29 44 0.0519638

30 44 0.0510235

31 44 0.0498819

32 44 0.0485433

33 44 0.0470132

34 44 0.0452976

35 44 0.0434032

36 44 0.0413375

37 44 0.0391087

38 44 0.0367255

39 44 0.0341973

40 44 0.0315343

41 44 0.0287467

42 44 0.0258457

43 44 0.0228428

44 44 0.0197496

45 44 0.0165785

46 44 0.013342

47 44 0.0100529

48 44 0.00672404

49 44 0.00336867

50 44 0

0 45 0

1 45 0.00282778

2 45 0.0056444

3 45 0.00843874

4 45 0.0111998

5 45 0.0139166

6 45 0.0165785

7 45 0.019175

8 45 0.0216958

9 45 0.024131

10 45 0.026471

11 45 0.0287065

12 45 0.0308287

13 45 0.0328292

14 45 0.0347002

15 45 0.0364342

16 45 0.0380244

17 45 0.0394646

18 45 0.040749

19 45 0.0418726

20 45 0.042831

21 45 0.0436203

22 45 0.0442375

23 45 0.04468

24 45 0.0449463

25 45 0.0450351

26 45 0.0449463

27 45 0.04468

28 45 0.0442375

29 45 0.0436203

30 45 0.042831

31 45 0.0418726

32 45 0.040749

33 45 0.0394646

34 45 0.0380244

35 45 0.0364342

36 45 0.0347002

37 45 0.0328292

38 45 0.0308287

39 45 0.0287065

40 45 0.026471

41 45 0.024131

42 45 0.0216958

43 45 0.019175

44 45 0.0165785

45 45 0.0139166

46 45 0.0111998

47 45 0.00843874

48 45 0.0056444

49 45 0.00282778

50 45 0

0 46 0

1 46 0.00227573

2 46 0.00454249

3 46 0.00679131

4 46 0.00901333

5 46 0.0111998

6 46 0.013342

7 46 0.0154316

8 46 0.0174603

9 46 0.0194201

10 46 0.0213033

11 46 0.0231023

12 46 0.0248102

13 46 0.0264202

14 46 0.0279259

15 46 0.0293214

16 46 0.0306012

17 46 0.0317602

18 46 0.0327939

19 46 0.0336981

20 46 0.0344694

21 46 0.0351046

22 46 0.0356013

23 46 0.0359575

24 46 0.0361717

25 46 0.0362433

26 46 0.0361717

27 46 0.0359575

28 46 0.0356013

29 46 0.0351046

30 46 0.0344694

31 46 0.0336981

32 46 0.0327939

33 46 0.0317602

34 46 0.0306012

35 46 0.0293214

36 46 0.0279259

37 46 0.0264202

38 46 0.0248102

39 46 0.0231023

40 46 0.0213033

41 46 0.0194201

42 46 0.0174603

43 46 0.0154316

44 46 0.013342

45 46 0.0111998

46 46 0.00901333

47 46 0.00679131

48 46 0.00454249

49 46 0.00227573

50 46 0

0 47 0

1 47 0.00171471

2 47 0.00342264

3 47 0.00511707

4 47 0.00679131

5 47 0.00843874

6 47 0.0100529

7 47 0.0116273

8 47 0.0131559

9 47 0.0146325

10 47 0.0160514

11 47 0.017407

12 47 0.0186939

13 47 0.0199069

14 47 0.0210414

15 47 0.0220929

16 47 0.0230572

17 47 0.0239305

18 47 0.0247093

19 47 0.0253907

20 47 0.0259718

21 47 0.0264504

22 47 0.0268246

23 47 0.027093

24 47 0.0272545

25 47 0.0273084

26 47 0.0272545

27 47 0.027093

28 47 0.0268246

29 47 0.0264504

30 47 0.0259718

31 47 0.0253907

32 47 0.0247093

33 47 0.0239305

34 47 0.0230572

35 47 0.0220929

36 47 0.0210414

37 47 0.0199069

38 47 0.0186939

39 47 0.017407

40 47 0.0160514

41 47 0.0146325

42 47 0.0131559

43 47 0.0116273

44 47 0.0100529

45 47 0.00843874

46 47 0.00679131

47 47 0.00511707

48 47 0.00342264

49 47 0.00171471

50 47 0

0 48 0

1 48 0.00114691

2 48 0.00228929

3 48 0.00342264

4 48 0.00454249

5 48 0.0056444

6 48 0.00672404

7 48 0.00777714

8 48 0.00879955

9 48 0.00978723

10 48 0.0107363

11 48 0.011643

12 48 0.0125037

13 48 0.0133151

14 48 0.0140739

15 48 0.0147772

16 48 0.0154222

17 48 0.0160063

18 48 0.0165273

19 48 0.016983

20 48 0.0173717

21 48 0.0176918

22 48 0.0179421

23 48 0.0181216

24 48 0.0182296

25 48 0.0182657

26 48 0.0182296

27 48 0.0181216

28 48 0.0179421

29 48 0.0176918

30 48 0.0173717

31 48 0.016983

32 48 0.0165273

33 48 0.0160063

34 48 0.0154222

35 48 0.0147772

36 48 0.0140739

37 48 0.0133151

38 48 0.0125037

39 48 0.011643

40 48 0.0107363

41 48 0.00978723

42 48 0.00879955

43 48 0.00777714

44 48 0.00672404

45 48 0.0056444

46 48 0.00454249

47 48 0.00342264

48 48 0.00228929

49 48 0.00114691

50 48 0

0 49 0

1 49 0.000574589

2 49 0.00114691

3 49 0.00171471

4 49 0.00227573

5 49 0.00282778

6 49 0.00336867

7 49 0.00389626

8 49 0.00440847

9 49 0.00490329

10 49 0.00537876

11 49 0.005833

12 49 0.00626421

13 49 0.00667071

14 49 0.00705088

15 49 0.00740322

16 49 0.00772635

17 49 0.00801899

18 49 0.00827997

19 49 0.00850828

20 49 0.00870301

21 49 0.0088634

22 49 0.0089888

23 49 0.00907873

24 49 0.00913283

25 49 0.00915089

26 49 0.00913283

27 49 0.00907873

28 49 0.0089888

29 49 0.0088634

30 49 0.00870301

31 49 0.00850828

32 49 0.00827997

33 49 0.00801899

34 49 0.00772635

35 49 0.00740322

36 49 0.00705088

37 49 0.00667071

38 49 0.00626421

39 49 0.005833

40 49 0.00537876

41 49 0.00490329

