0 1 0

1 1 0.000612042

2 1 0.00122167

3 1 0.00182647

4 1 0.00242407

5 1 0.0030121

6 1 0.00358824

7 1 0.00415023

8 1 0.00469583

9 1 0.0052229

10 1 0.00572936

11 1 0.0062132

12 1 0.00667253

13 1 0.00710552

14 1 0.00751047

15 1 0.00788578

16 1 0.00822997

17 1 0.00854168

18 1 0.00881968

19 1 0.00906287

20 1 0.0092703

21 1 0.00944113

22 1 0.00957471

23 1 0.0096705

24 1 0.00972813

25 1 0.00974737

26 1 0.00972813

27 1 0.0096705

28 1 0.00957471

29 1 0.00944113

30 1 0.0092703

31 1 0.00906287

32 1 0.00881968

33 1 0.00854168

34 1 0.00822997

35 1 0.00788578

36 1 0.00751047

37 1 0.00710552

38 1 0.00667253

39 1 0.0062132

40 1 0.00572936

41 1 0.0052229

42 1 0.00469583

43 1 0.00415023

44 1 0.00358824

45 1 0.0030121

46 1 0.00242407

47 1 0.00182647

48 1 0.00122167

49 1 0.000612042

50 1 0

0 2 0

1 2 0.00122167

2 2 0.00243852

3 2 0.00364574

4 2 0.00483858

5 2 0.00601232

6 2 0.00716233

7 2 0.00828407

8 2 0.00937313

9 2 0.0104252

10 2 0.0114361

11 2 0.0124019

12 2 0.0133187

13 2 0.014183

14 2 0.0149913

15 2 0.0157404

16 2 0.0164275

17 2 0.0170497

18 2 0.0176046

19 2 0.01809

20 2 0.018504

21 2 0.018845

22 2 0.0191116

23 2 0.0193028

24 2 0.0194179

25 2 0.0194563

26 2 0.0194179

27 2 0.0193028

28 2 0.0191116

29 2 0.018845

30 2 0.018504

31 2 0.01809

32 2 0.0176046

33 2 0.0170497

34 2 0.0164275

35 2 0.0157404

36 2 0.0149913

37 2 0.014183

38 2 0.0133187

39 2 0.0124019

40 2 0.0114361

41 2 0.0104252

42 2 0.00937313

43 2 0.00828407

44 2 0.00716233

45 2 0.00601232

46 2 0.00483858

47 2 0.00364574

48 2 0.00243852

49 2 0.00122167

50 2 0

0 3 0

1 3 0.00182647

2 3 0.00364574

3 3 0.00545062

4 3 0.00723398

5 3 0.0089888

6 3 0.0107081

7 3 0.0123852

8 3 0.0140134

9 3 0.0155863

10 3 0.0170977

11 3 0.0185416

12 3 0.0199124

13 3 0.0212045

14 3 0.022413

15 3 0.023533

16 3 0.0245601

17 3 0.0254903

18 3 0.0263199

19 3 0.0270457

20 3 0.0276647

21 3 0.0281745

22 3 0.0285731

23 3 0.028859

24 3 0.029031

25 3 0.0290884

26 3 0.029031

27 3 0.028859

28 3 0.0285731

29 3 0.0281745

30 3 0.0276647

31 3 0.0270457

32 3 0.0263199

33 3 0.0254903

34 3 0.0245601

35 3 0.023533

36 3 0.022413

37 3 0.0212045

38 3 0.0199124

39 3 0.0185416

40 3 0.0170977

41 3 0.0155863

42 3 0.0140134

43 3 0.0123852

44 3 0.0107081

45 3 0.0089888

46 3 0.00723398

47 3 0.00545062

48 3 0.00364574

49 3 0.00182647

50 3 0

0 4 0

1 4 0.00242407

2 4 0.00483858

3 4 0.00723398

4 4 0.00960084

5 4 0.0119298

6 4 0.0142117

7 4 0.0164375

8 4 0.0185984

9 4 0.020686

10 4 0.0226919

11 4 0.0246082

12 4 0.0264274

13 4 0.0281423

14 4 0.0297462

15 4 0.0312327

16 4 0.0325959

17 4 0.0338304

18 4 0.0349315

19 4 0.0358947

20 4 0.0367162

21 4 0.0373928

22 4 0.0379219

23 4 0.0383013

24 4 0.0385295

25 4 0.0386057

26 4 0.0385295

27 4 0.0383013

28 4 0.0379219

29 4 0.0373928

30 4 0.0367162

31 4 0.0358947

32 4 0.0349315

33 4 0.0338304

34 4 0.0325959

35 4 0.0312327

36 4 0.0297462

37 4 0.0281423

38 4 0.0264274

39 4 0.0246082

40 4 0.0226919

41 4 0.020686

42 4 0.0185984

43 4 0.0164375

44 4 0.0142117

45 4 0.0119298

46 4 0.00960084

47 4 0.00723398

48 4 0.00483858

49 4 0.00242407

50 4 0

0 5 0

1 5 0.0030121

2 5 0.00601232

3 5 0.0089888

4 5 0.0119298

5 5 0.0148237

6 5 0.0176592

7 5 0.0204249

8 5 0.02311

9 5 0.025704

10 5 0.0281964

11 5 0.0305776

12 5 0.0328382

13 5 0.0349691

14 5 0.036962

15 5 0.0388091

16 5 0.040503

17 5 0.042037

18 5 0.0434051

19 5 0.044602

20 5 0.0456228

21 5 0.0464636

22 5 0.047121

23 5 0.0475924

24 5 0.047876

25 5 0.0479706

26 5 0.047876

27 5 0.0475924

28 5 0.047121

29 5 0.0464636

30 5 0.0456228

31 5 0.044602

32 5 0.0434051

33 5 0.042037

34 5 0.040503

35 5 0.0388091

36 5 0.036962

37 5 0.0349691

38 5 0.0328382

39 5 0.0305776

40 5 0.0281964

41 5 0.025704

42 5 0.02311

43 5 0.0204249

44 5 0.0176592

45 5 0.0148237

46 5 0.0119298

47 5 0.0089888

48 5 0.00601232

49 5 0.0030121

50 5 0

0 6 0

1 6 0.00358824

2 6 0.00716233

3 6 0.0107081

4 6 0.0142117

5 6 0.0176592

6 6 0.0210369

7 6 0.0243317

8 6 0.0275304

9 6 0.0306205

10 6 0.0335897

11 6 0.0364264

12 6 0.0391193

13 6 0.0416578

14 6 0.044032

15 6 0.0462323

16 6 0.0482502

17 6 0.0500777

18 6 0.0517075

19 6 0.0531333

20 6 0.0543493

21 6 0.0553509

22 6 0.0561341

23 6 0.0566957

24 6 0.0570335

25 6 0.0571463

26 6 0.0570335

27 6 0.0566957

28 6 0.0561341

29 6 0.0553509

30 6 0.0543493

31 6 0.0531333

32 6 0.0517075

33 6 0.0500777

34 6 0.0482502

35 6 0.0462323

36 6 0.044032

37 6 0.0416578

38 6 0.0391193

39 6 0.0364264

40 6 0.0335897

41 6 0.0306205

42 6 0.0275304

43 6 0.0243317

44 6 0.0210369

45 6 0.0176592

46 6 0.0142117

47 6 0.0107081

48 6 0.00716233

49 6 0.00358824

50 6 0

0 7 0

1 7 0.00415023

2 7 0.00828407

3 7 0.0123852

4 7 0.0164375

5 7 0.0204249

6 7 0.0243317

7 7 0.0281425

8 7 0.0318422

9 7 0.0354162

10 7 0.0388505

11 7 0.0421314

12 7 0.0452461

13 7 0.0481822

14 7 0.0509281

15 7 0.0534731

16 7 0.055807

17 7 0.0579207

18 7 0.0598058

19 7 0.0614549

20 7 0.0628614

21 7 0.0640198

22 7 0.0649256

23 7 0.0655752

24 7 0.065966

25 7 0.0660964

26 7 0.065966

27 7 0.0655752

28 7 0.0649256

29 7 0.0640198

30 7 0.0628614

31 7 0.0614549

32 7 0.0598058

33 7 0.0579207

34 7 0.055807

35 7 0.0534731

36 7 0.0509281

37 7 0.0481822

38 7 0.0452461

39 7 0.0421314

40 7 0.0388505

41 7 0.0354162

42 7 0.0318422

43 7 0.0281425

44 7 0.0243317

45 7 0.0204249

46 7 0.0164375

47 7 0.0123852

48 7 0.00828407

49 7 0.00415023

50 7 0

0 8 0

1 8 0.00469583

2 8 0.00937313

3 8 0.0140134

4 8 0.0185984

5 8 0.02311

6 8 0.0275304

7 8 0.0318422

8 8 0.0360283

9 8 0.0400721

10 8 0.0439579

11 8 0.0476702

12 8 0.0511943

13 8 0.0545164

14 8 0.0576233

15 8 0.0605029

16 8 0.0631436

17 8 0.0655352

18 8 0.0676681

19 8 0.0695339

20 8 0.0711254

21 8 0.0724361

22 8 0.073461

23 8 0.0741959

24 8 0.0746381

25 8 0.0747856

26 8 0.0746381

27 8 0.0741959

28 8 0.073461

29 8 0.0724361

30 8 0.0711254

31 8 0.0695339

32 8 0.0676681

33 8 0.0655352

34 8 0.0631436

35 8 0.0605029

36 8 0.0576233

37 8 0.0545164

38 8 0.0511943

39 8 0.0476702

40 8 0.0439579

41 8 0.0400721

42 8 0.0360283

43 8 0.0318422

44 8 0.0275304

45 8 0.02311

46 8 0.0185984

47 8 0.0140134

48 8 0.00937313

49 8 0.00469583

50 8 0

0 9 0

1 9 0.0052229

2 9 0.0104252

3 9 0.0155863

4 9 0.020686

5 9 0.025704

6 9 0.0306205

7 9 0.0354162

8 9 0.0400721

9 9 0.0445699

10 9 0.0488918

11 9 0.0530208

12 9 0.0569405

13 9 0.0606354

14 9 0.0640911

15 9 0.0672938

16 9 0.070231

17 9 0.072891

18 9 0.0752633

19 9 0.0773386

20 9 0.0791086

21 9 0.0805665

22 9 0.0817064

23 9 0.0825239

24 9 0.0830156

25 9 0.0831797

26 9 0.0830156

27 9 0.0825239

28 9 0.0817064

29 9 0.0805665

30 9 0.0791086

31 9 0.0773386

32 9 0.0752633

33 9 0.072891

34 9 0.070231

35 9 0.0672938

36 9 0.0640911

37 9 0.0606354

38 9 0.0569405

39 9 0.0530208

40 9 0.0488918

41 9 0.0445699

42 9 0.0400721

43 9 0.0354162

44 9 0.0306205

45 9 0.025704

46 9 0.020686

47 9 0.0155863

48 9 0.0104252

49 9 0.0052229

50 9 0

0 10 0

1 10 0.00572936

2 10 0.0114361

3 10 0.0170977

4 10 0.0226919

5 10 0.0281964

6 10 0.0335897

7 10 0.0388505

8 10 0.0439579

9 10 0.0488918

10 10 0.0536328

11 10 0.0581621

12 10 0.0624619

13 10 0.0665152

14 10 0.0703059

15 10 0.0738192

16 10 0.0770412

17 10 0.0799591

18 10 0.0825615

19 10 0.084838

20 10 0.0867797

21 10 0.0883789

22 10 0.0896294

23 10 0.0905261

24 10 0.0910655

25 10 0.0912456

26 10 0.0910655

27 10 0.0905261

28 10 0.0896294

29 10 0.0883789

30 10 0.0867797

31 10 0.084838

32 10 0.0825615

33 10 0.0799591

34 10 0.0770412

35 10 0.0738192

36 10 0.0703059

37 10 0.0665152

38 10 0.0624619

39 10 0.0581621

40 10 0.0536328

41 10 0.0488918

42 10 0.0439579

43 10 0.0388505

44 10 0.0335897

45 10 0.0281964

46 10 0.0226919

47 10 0.0170977

48 10 0.0114361

49 10 0.00572936

50 10 0

0 11 0

1 11 0.0062132

2 11 0.0124019

3 11 0.0185416

4 11 0.0246082

5 11 0.0305776

6 11 0.0364264

7 11 0.0421314

8 11 0.0476702

9 11 0.0530208

10 11 0.0581621

11 11 0.0630739

12 11 0.0677368

13 11 0.0721324

14 11 0.0762433

15 11 0.0800533

16 11 0.0835474

17 11 0.0867117

18 11 0.0895338

19 11 0.0920026

20 11 0.0941083

21 11 0.0958426

22 11 0.0971986

23 11 0.0981711

24 11 0.0987561

25 11 0.0989513

26 11 0.0987561

27 11 0.0981711

28 11 0.0971986

29 11 0.0958426

30 11 0.0941083

31 11 0.0920026

32 11 0.0895338

33 11 0.0867117

34 11 0.0835474

35 11 0.0800533

36 11 0.0762433

37 11 0.0721324

38 11 0.0677368

39 11 0.0630739

40 11 0.0581621

41 11 0.0530208

42 11 0.0476702

43 11 0.0421314

44 11 0.0364264

45 11 0.0305776

46 11 0.0246082

47 11 0.0185416

48 11 0.0124019

49 11 0.0062132

50 11 0

0 12 0

1 12 0.00667253

2 12 0.0133187

3 12 0.0199124

4 12 0.0264274

5 12 0.0328382

6 12 0.0391193

7 12 0.0452461

8 12 0.0511943

9 12 0.0569405

10 12 0.0624619

11 12 0.0677368

12 12 0.0727444

13 12 0.077465

14 12 0.0818798

15 12 0.0859714

16 12 0.0897238

17 12 0.0931221

18 12 0.0961528

19 12 0.0988041

20 12 0.101065

21 12 0.102928

22 12 0.104384

23 12 0.105429

24 12 0.106057

25 12 0.106267

26 12 0.106057

27 12 0.105429

28 12 0.104384

29 12 0.102928

30 12 0.101065

31 12 0.0988041

32 12 0.0961528

33 12 0.0931221

34 12 0.0897238

35 12 0.0859714

36 12 0.0818798

37 12 0.077465

38 12 0.0727444

39 12 0.0677368

40 12 0.0624619

41 12 0.0569405

42 12 0.0511943

43 12 0.0452461

44 12 0.0391193

45 12 0.0328382

46 12 0.0264274

47 12 0.0199124

48 12 0.0133187

49 12 0.00667253

50 12 0

0 13 0

1 13 0.00710552

2 13 0.014183

3 13 0.0212045

4 13 0.0281423

5 13 0.0349691

6 13 0.0416578

7 13 0.0481822

8 13 0.0545164

9 13 0.0606354

10 13 0.0665152

11 13 0.0721324

12 13 0.077465

13 13 0.0824918

14 13 0.0871931

15 13 0.0915503

16 13 0.0955461

17 13 0.0991649

18 13 0.102392

19 13 0.105216

20 13 0.107624

21 13 0.109607

22 13 0.111158

23 13 0.11227

24 13 0.112939

25 13 0.113162

26 13 0.112939

27 13 0.11227

28 13 0.111158

29 13 0.109607

30 13 0.107624

31 13 0.105216

32 13 0.102392

33 13 0.0991649

34 13 0.0955461

35 13 0.0915503

36 13 0.0871931

37 13 0.0824918

38 13 0.077465

39 13 0.0721324

40 13 0.0665152

41 13 0.0606354

42 13 0.0545164

43 13 0.0481822

44 13 0.0416578

45 13 0.0349691

46 13 0.0281423

47 13 0.0212045

48 13 0.014183

49 13 0.00710552

50 13 0

0 14 0

1 14 0.00751047

2 14 0.0149913

3 14 0.022413

4 14 0.0297462

5 14 0.036962

6 14 0.044032

7 14 0.0509281

8 14 0.0576233

9 14 0.0640911

10 14 0.0703059

11 14 0.0762433

12 14 0.0818798

13 14 0.0871931

14 14 0.0921623

15 14 0.0967678

16 14 0.100991

17 14 0.104816

18 14 0.108228

19 14 0.111212

20 14 0.113757

21 14 0.115854

22 14 0.117493

23 14 0.118668

24 14 0.119376

25 14 0.119612

26 14 0.119376

27 14 0.118668

28 14 0.117493

29 14 0.115854

30 14 0.113757

31 14 0.111212

32 14 0.108228

33 14 0.104816

34 14 0.100991

35 14 0.0967678

36 14 0.0921623

37 14 0.0871931

38 14 0.0818798

39 14 0.0762433

40 14 0.0703059

41 14 0.0640911

42 14 0.0576233

43 14 0.0509281

44 14 0.044032

45 14 0.036962

46 14 0.0297462

47 14 0.022413

48 14 0.0149913

49 14 0.00751047

50 14 0

0 15 0

1 15 0.00788578

2 15 0.0157404

3 15 0.023533

4 15 0.0312327

5 15 0.0388091

6 15 0.0462323

7 15 0.0534731

8 15 0.0605029

9 15 0.0672938

10 15 0.0738192

11 15 0.0800533

12 15 0.0859714

13 15 0.0915503

14 15 0.0967678

15 15 0.101603

16 15 0.106038

17 15 0.110054

18 15 0.113636

19 15 0.116769

20 15 0.119442

21 15 0.121643

22 15 0.123364

23 15 0.124598

24 15 0.125341

25 15 0.125589

26 15 0.125341

27 15 0.124598

28 15 0.123364

29 15 0.121643

30 15 0.119442

31 15 0.116769

32 15 0.113636

33 15 0.110054

34 15 0.106038

35 15 0.101603

36 15 0.0967678

37 15 0.0915503

38 15 0.0859714

39 15 0.0800533

40 15 0.0738192

41 15 0.0672938

42 15 0.0605029

43 15 0.0534731

44 15 0.0462323

45 15 0.0388091

46 15 0.0312327

47 15 0.023533

48 15 0.0157404

49 15 0.00788578

50 15 0

0 16 0

1 16 0.00822997

2 16 0.0164275

3 16 0.0245601

4 16 0.0325959

5 16 0.040503

6 16 0.0482502

7 16 0.055807

8 16 0.0631436

9 16 0.070231

10 16 0.0770412

11 16 0.0835474

12 16 0.0897238

13 16 0.0955461

14 16 0.100991

15 16 0.106038

16 16 0.110666

17 16 0.114858

18 16 0.118596

19 16 0.121866

20 16 0.124655

21 16 0.126952

22 16 0.128749

23 16 0.130037

24 16 0.130812

25 16 0.13107

26 16 0.130812

27 16 0.130037

28 16 0.128749

29 16 0.126952

30 16 0.124655

31 16 0.121866

32 16 0.118596

33 16 0.114858

34 16 0.110666

35 16 0.106038

36 16 0.100991

37 16 0.0955461

38 16 0.0897238

39 16 0.0835474

40 16 0.0770412

41 16 0.070231

42 16 0.0631436

43 16 0.055807

44 16 0.0482502

45 16 0.040503

46 16 0.0325959

47 16 0.0245601

48 16 0.0164275

49 16 0.00822997

50 16 0

0 17 0

1 17 0.00854168

2 17 0.0170497

3 17 0.0254903

4 17 0.0338304

5 17 0.042037

6 17 0.0500777

7 17 0.0579207

8 17 0.0655352

9 17 0.072891

10 17 0.0799591

11 17 0.0867117

12 17 0.0931221

13 17 0.0991649

14 17 0.104816

15 17 0.110054

16 17 0.114858

17 17 0.119208

18 17 0.123088

19 17 0.126482

20 17 0.129377

21 17 0.131761

22 17 0.133625

23 17 0.134962

24 17 0.135766

25 17 0.136035

26 17 0.135766

27 17 0.134962

28 17 0.133625

29 17 0.131761

30 17 0.129377

31 17 0.126482

32 17 0.123088

33 17 0.119208

34 17 0.114858

35 17 0.110054

36 17 0.104816

37 17 0.0991649

38 17 0.0931221

39 17 0.0867117

40 17 0.0799591

41 17 0.072891

42 17 0.0655352

43 17 0.0579207

44 17 0.0500777

45 17 0.042037

46 17 0.0338304

47 17 0.0254903

48 17 0.0170497

49 17 0.00854168

50 17 0

0 18 0

1 18 0.00881968

2 18 0.0176046

3 18 0.0263199

4 18 0.0349315

5 18 0.0434051

6 18 0.0517075

7 18 0.0598058

8 18 0.0676681

9 18 0.0752633

10 18 0.0825615

11 18 0.0895338

12 18 0.0961528

13 18 0.102392

14 18 0.108228

15 18 0.113636

16 18 0.118596

17 18 0.123088

18 18 0.127094

19 18 0.130598

20 18 0.133587

21 18 0.136049

22 18 0.137974

23 18 0.139354

24 18 0.140185

25 18 0.140462

26 18 0.140185

27 18 0.139354

28 18 0.137974

29 18 0.136049

30 18 0.133587

31 18 0.130598

32 18 0.127094

33 18 0.123088

34 18 0.118596

35 18 0.113636

36 18 0.108228

37 18 0.102392

38 18 0.0961528

39 18 0.0895338

40 18 0.0825615

41 18 0.0752633

42 18 0.0676681

43 18 0.0598058

44 18 0.0517075

45 18 0.0434051

46 18 0.0349315

47 18 0.0263199

48 18 0.0176046

49 18 0.00881968

50 18 0

0 19 0

1 19 0.00906287

2 19 0.01809

3 19 0.0270457

4 19 0.0358947

5 19 0.044602

6 19 0.0531333

7 19 0.0614549

8 19 0.0695339

9 19 0.0773386

10 19 0.084838

11 19 0.0920026

12 19 0.0988041

13 19 0.105216

14 19 0.111212

15 19 0.116769

16 19 0.121866

17 19 0.126482

18 19 0.130598

19 19 0.134199

20 19 0.137271

21 19 0.1398

22 19 0.141778

23 19 0.143197

24 19 0.14405

25 19 0.144335

26 19 0.14405

27 19 0.143197

28 19 0.141778

29 19 0.1398

30 19 0.137271

31 19 0.134199

32 19 0.130598

33 19 0.126482

34 19 0.121866

35 19 0.116769

36 19 0.111212

37 19 0.105216

38 19 0.0988041

39 19 0.0920026

40 19 0.084838

41 19 0.0773386

42 19 0.0695339

43 19 0.0614549

44 19 0.0531333

45 19 0.044602

46 19 0.0358947

47 19 0.0270457

48 19 0.01809

49 19 0.00906287

50 19 0

0 20 0

1 20 0.0092703

2 20 0.018504

3 20 0.0276647

4 20 0.0367162

5 20 0.0456228

6 20 0.0543493

7 20 0.0628614

8 20 0.0711254

9 20 0.0791086

10 20 0.0867797

11 20 0.0941083

12 20 0.101065

13 20 0.107624

14 20 0.113757

15 20 0.119442

16 20 0.124655

17 20 0.129377

18 20 0.133587

19 20 0.137271

20 20 0.140413

21 20 0.143

22 20 0.145023

23 20 0.146474

24 20 0.147347

25 20 0.147638

26 20 0.147347

27 20 0.146474

28 20 0.145023

29 20 0.143

30 20 0.140413

31 20 0.137271

32 20 0.133587

33 20 0.129377

34 20 0.124655

35 20 0.119442

36 20 0.113757

37 20 0.107624

38 20 0.101065

39 20 0.0941083

40 20 0.0867797

41 20 0.0791086

42 20 0.0711254

43 20 0.0628614

44 20 0.0543493

45 20 0.0456228

46 20 0.0367162

47 20 0.0276647

48 20 0.018504

49 20 0.0092703

50 20 0

0 21 0

1 21 0.00944113

2 21 0.018845

3 21 0.0281745

4 21 0.0373928

5 21 0.0464636

6 21 0.0553509

7 21 0.0640198

8 21 0.0724361

9 21 0.0805665

10 21 0.0883789

11 21 0.0958426

12 21 0.102928

13 21 0.109607

14 21 0.115854

15 21 0.121643

16 21 0.126952

17 21 0.131761

18 21 0.136049

19 21 0.1398

20 21 0.143

21 21 0.145635

22 21 0.147696

23 21 0.149174

24 21 0.150063

25 21 0.150359

26 21 0.150063

27 21 0.149174

28 21 0.147696

29 21 0.145635

30 21 0.143

31 21 0.1398

32 21 0.136049

33 21 0.131761

34 21 0.126952

35 21 0.121643

36 21 0.115854

37 21 0.109607

38 21 0.102928

39 21 0.0958426

40 21 0.0883789

41 21 0.0805665

42 21 0.0724361

43 21 0.0640198

44 21 0.0553509

45 21 0.0464636

46 21 0.0373928

47 21 0.0281745

48 21 0.018845

49 21 0.00944113

50 21 0

0 22 0

1 22 0.00957471

2 22 0.0191116

3 22 0.0285731

4 22 0.0379219

5 22 0.047121

6 22 0.0561341

7 22 0.0649256

8 22 0.073461

9 22 0.0817064

10 22 0.0896294

11 22 0.0971986

12 22 0.104384

13 22 0.111158

14 22 0.117493

15 22 0.123364

16 22 0.128749

17 22 0.133625

18 22 0.137974

19 22 0.141778

20 22 0.145023

21 22 0.147696

22 22 0.149786

23 22 0.151284

24 22 0.152186

25 22 0.152487

26 22 0.152186

27 22 0.151284

28 22 0.149786

29 22 0.147696

30 22 0.145023

31 22 0.141778

32 22 0.137974

33 22 0.133625

34 22 0.128749

35 22 0.123364

36 22 0.117493

37 22 0.111158

38 22 0.104384

39 22 0.0971986

40 22 0.0896294

41 22 0.0817064

42 22 0.073461

43 22 0.0649256

44 22 0.0561341

45 22 0.047121

46 22 0.0379219

47 22 0.0285731

48 22 0.0191116

49 22 0.00957471

50 22 0

0 23 0

1 23 0.0096705

2 23 0.0193028

3 23 0.028859

4 23 0.0383013

5 23 0.0475924

6 23 0.0566957

7 23 0.0655752

8 23 0.0741959

9 23 0.0825239

10 23 0.0905261

11 23 0.0981711

12 23 0.105429

13 23 0.11227

14 23 0.118668

15 23 0.124598

16 23 0.130037

17 23 0.134962

18 23 0.139354

19 23 0.143197

20 23 0.146474

21 23 0.149174

22 23 0.151284

23 23 0.152798

24 23 0.153708

25 23 0.154012

26 23 0.153708

27 23 0.152798

28 23 0.151284

29 23 0.149174

30 23 0.146474

31 23 0.143197

32 23 0.139354

33 23 0.134962

34 23 0.130037

35 23 0.124598

36 23 0.118668

37 23 0.11227

38 23 0.105429

39 23 0.0981711

40 23 0.0905261

41 23 0.0825239

42 23 0.0741959

43 23 0.0655752

44 23 0.0566957

45 23 0.0475924

46 23 0.0383013

47 23 0.028859

48 23 0.0193028

49 23 0.0096705

50 23 0

0 24 0

1 24 0.00972813

2 24 0.0194179

3 24 0.029031

4 24 0.0385295

5 24 0.047876

6 24 0.0570335

7 24 0.065966

8 24 0.0746381

9 24 0.0830156

10 24 0.0910655

11 24 0.0987561

12 24 0.106057

13 24 0.112939

14 24 0.119376

15 24 0.125341

16 24 0.130812

17 24 0.135766

18 24 0.140185

19 24 0.14405

20 24 0.147347

21 24 0.150063

22 24 0.152186

23 24 0.153708

24 24 0.154624

25 24 0.15493

26 24 0.154624

27 24 0.153708

28 24 0.152186

29 24 0.150063

30 24 0.147347

31 24 0.14405

32 24 0.140185

33 24 0.135766

34 24 0.130812

35 24 0.125341

36 24 0.119376

37 24 0.112939

38 24 0.106057

39 24 0.0987561

40 24 0.0910655

41 24 0.0830156

42 24 0.0746381

43 24 0.065966

44 24 0.0570335

45 24 0.047876

46 24 0.0385295

47 24 0.029031

48 24 0.0194179

49 24 0.00972813

50 24 0

0 25 0

1 25 0.00974737

2 25 0.0194563

3 25 0.0290884

4 25 0.0386057

5 25 0.0479706

6 25 0.0571463

7 25 0.0660964

8 25 0.0747856

9 25 0.0831797

10 25 0.0912456

11 25 0.0989513

12 25 0.106267

13 25 0.113162

14 25 0.119612

15 25 0.125589

16 25 0.13107

17 25 0.136035

18 25 0.140462

19 25 0.144335

20 25 0.147638

21 25 0.150359

22 25 0.152487

23 25 0.154012

24 25 0.15493

25 25 0.155236

26 25 0.15493

27 25 0.154012

28 25 0.152487

29 25 0.150359

30 25 0.147638

31 25 0.144335

32 25 0.140462

33 25 0.136035

34 25 0.13107

35 25 0.125589

36 25 0.119612

37 25 0.113162

38 25 0.106267

39 25 0.0989513

40 25 0.0912456

41 25 0.0831797

42 25 0.0747856

43 25 0.0660964

44 25 0.0571463

45 25 0.0479706

46 25 0.0386057

47 25 0.0290884

48 25 0.0194563

49 25 0.00974737

50 25 0

0 26 0

1 26 0.00972813

2 26 0.0194179

3 26 0.029031

4 26 0.0385295

5 26 0.047876

6 26 0.0570335

7 26 0.065966

8 26 0.0746381

9 26 0.0830156

10 26 0.0910655

11 26 0.0987561

12 26 0.106057

13 26 0.112939

14 26 0.119376

15 26 0.125341

16 26 0.130812

17 26 0.135766

18 26 0.140185

19 26 0.14405

20 26 0.147347

21 26 0.150063

22 26 0.152186

23 26 0.153708

24 26 0.154624

25 26 0.15493

26 26 0.154624

27 26 0.153708

28 26 0.152186

29 26 0.150063

30 26 0.147347

31 26 0.14405

32 26 0.140185

33 26 0.135766

34 26 0.130812

35 26 0.125341

36 26 0.119376

37 26 0.112939

38 26 0.106057

39 26 0.0987561

40 26 0.0910655

41 26 0.0830156

42 26 0.0746381

43 26 0.065966

44 26 0.0570335

45 26 0.047876

46 26 0.0385295

47 26 0.029031

48 26 0.0194179

49 26 0.00972813

50 26 0

0 27 0

1 27 0.0096705

2 27 0.0193028

3 27 0.028859

4 27 0.0383013

5 27 0.0475924

6 27 0.0566957

7 27 0.0655752

8 27 0.0741959

9 27 0.0825239

10 27 0.0905261

11 27 0.0981711

12 27 0.105429

13 27 0.11227

14 27 0.118668

15 27 0.124598

16 27 0.130037

17 27 0.134962

18 27 0.139354

19 27 0.143197

20 27 0.146474

21 27 0.149174

22 27 0.151284

23 27 0.152798

24 27 0.153708

25 27 0.154012

26 27 0.153708

27 27 0.152798

28 27 0.151284

29 27 0.149174

30 27 0.146474

31 27 0.143197

32 27 0.139354

33 27 0.134962

34 27 0.130037

35 27 0.124598

36 27 0.118668

37 27 0.11227

38 27 0.105429

39 27 0.0981711

40 27 0.0905261

41 27 0.0825239

42 27 0.0741959

43 27 0.0655752

44 27 0.0566957

45 27 0.0475924

46 27 0.0383013

47 27 0.028859

48 27 0.0193028

49 27 0.0096705

50 27 0

0 28 0

1 28 0.00957471

2 28 0.0191116

3 28 0.0285731

4 28 0.0379219

5 28 0.047121

6 28 0.0561341

7 28 0.0649256

8 28 0.073461

9 28 0.0817064

10 28 0.0896294

11 28 0.0971986

12 28 0.104384

13 28 0.111158

14 28 0.117493

15 28 0.123364

16 28 0.128749

17 28 0.133625

18 28 0.137974

19 28 0.141778

20 28 0.145023

21 28 0.147696

22 28 0.149786

23 28 0.151284

24 28 0.152186

25 28 0.152487

26 28 0.152186

27 28 0.151284

28 28 0.149786

29 28 0.147696

30 28 0.145023

31 28 0.141778

32 28 0.137974

33 28 0.133625

34 28 0.128749

35 28 0.123364

36 28 0.117493

37 28 0.111158

38 28 0.104384

39 28 0.0971986

40 28 0.0896294

41 28 0.0817064

42 28 0.073461

43 28 0.0649256

44 28 0.0561341

45 28 0.047121

46 28 0.0379219

47 28 0.0285731

48 28 0.0191116

49 28 0.00957471

50 28 0

0 29 0

1 29 0.00944113

2 29 0.018845

3 29 0.0281745

4 29 0.0373928

5 29 0.0464636

6 29 0.0553509

7 29 0.0640198

8 29 0.0724361

9 29 0.0805665

10 29 0.0883789

11 29 0.0958426

12 29 0.102928

13 29 0.109607

14 29 0.115854

15 29 0.121643

16 29 0.126952

17 29 0.131761

18 29 0.136049

19 29 0.1398

20 29 0.143

21 29 0.145635

22 29 0.147696

23 29 0.149174

24 29 0.150063

25 29 0.150359

26 29 0.150063

27 29 0.149174

28 29 0.147696

29 29 0.145635

30 29 0.143

31 29 0.1398

32 29 0.136049

33 29 0.131761

34 29 0.126952

35 29 0.121643

36 29 0.115854

37 29 0.109607

38 29 0.102928

39 29 0.0958426

40 29 0.0883789

41 29 0.0805665

42 29 0.0724361

43 29 0.0640198

44 29 0.0553509

45 29 0.0464636

46 29 0.0373928

47 29 0.0281745

48 29 0.018845

49 29 0.00944113

50 29 0

0 30 0

1 30 0.0092703

2 30 0.018504

3 30 0.0276647

4 30 0.0367162

5 30 0.0456228

6 30 0.0543493

7 30 0.0628614

8 30 0.0711254

9 30 0.0791086

10 30 0.0867797

11 30 0.0941083

12 30 0.101065

13 30 0.107624

14 30 0.113757

15 30 0.119442

16 30 0.124655

17 30 0.129377

18 30 0.133587

19 30 0.137271

20 30 0.140413

21 30 0.143

22 30 0.145023

23 30 0.146474

24 30 0.147347

25 30 0.147638

26 30 0.147347

27 30 0.146474

28 30 0.145023

29 30 0.143

30 30 0.140413

31 30 0.137271

32 30 0.133587

33 30 0.129377

34 30 0.124655

35 30 0.119442

36 30 0.113757

37 30 0.107624

38 30 0.101065

39 30 0.0941083

40 30 0.0867797

41 30 0.0791086

42 30 0.0711254

43 30 0.0628614

44 30 0.0543493

45 30 0.0456228

46 30 0.0367162

47 30 0.0276647

48 30 0.018504

49 30 0.0092703

50 30 0

0 31 0

1 31 0.00906287

2 31 0.01809

3 31 0.0270457

4 31 0.0358947

5 31 0.044602

6 31 0.0531333

7 31 0.0614549

8 31 0.0695339

9 31 0.0773386

10 31 0.084838

11 31 0.0920026

12 31 0.0988041

13 31 0.105216

14 31 0.111212

15 31 0.116769

16 31 0.121866

17 31 0.126482

18 31 0.130598

19 31 0.134199

20 31 0.137271

21 31 0.1398

22 31 0.141778

23 31 0.143197

24 31 0.14405

25 31 0.144335

26 31 0.14405

27 31 0.143197

28 31 0.141778

29 31 0.1398

30 31 0.137271

31 31 0.134199

32 31 0.130598

33 31 0.126482

34 31 0.121866

35 31 0.116769

36 31 0.111212

37 31 0.105216

38 31 0.0988041

39 31 0.0920026

40 31 0.084838

41 31 0.0773386

42 31 0.0695339

43 31 0.0614549

44 31 0.0531333

45 31 0.044602

46 31 0.0358947

47 31 0.0270457

48 31 0.01809

49 31 0.00906287

50 31 0

0 32 0

1 32 0.00881968

2 32 0.0176046

3 32 0.0263199

4 32 0.0349315

5 32 0.0434051

6 32 0.0517075

7 32 0.0598058

8 32 0.0676681

9 32 0.0752633

10 32 0.0825615

11 32 0.0895338

12 32 0.0961528

13 32 0.102392

14 32 0.108228

15 32 0.113636

16 32 0.118596

17 32 0.123088

18 32 0.127094

19 32 0.130598

20 32 0.133587

21 32 0.136049

22 32 0.137974

23 32 0.139354

24 32 0.140185

25 32 0.140462

26 32 0.140185

27 32 0.139354

28 32 0.137974

29 32 0.136049

30 32 0.133587

31 32 0.130598

32 32 0.127094

33 32 0.123088

34 32 0.118596

35 32 0.113636

36 32 0.108228

37 32 0.102392

38 32 0.0961528

39 32 0.0895338

40 32 0.0825615

41 32 0.0752633

42 32 0.0676681

43 32 0.0598058

44 32 0.0517075

45 32 0.0434051

46 32 0.0349315

47 32 0.0263199

48 32 0.0176046

49 32 0.00881968

50 32 0

0 33 0

1 33 0.00854168

2 33 0.0170497

3 33 0.0254903

4 33 0.0338304

5 33 0.042037

6 33 0.0500777

7 33 0.0579207

8 33 0.0655352

9 33 0.072891

10 33 0.0799591

11 33 0.0867117

12 33 0.0931221

13 33 0.0991649

14 33 0.104816

15 33 0.110054

16 33 0.114858

17 33 0.119208

18 33 0.123088

19 33 0.126482

20 33 0.129377

21 33 0.131761

22 33 0.133625

23 33 0.134962

24 33 0.135766

25 33 0.136035

26 33 0.135766

27 33 0.134962

28 33 0.133625

29 33 0.131761

30 33 0.129377

31 33 0.126482

32 33 0.123088

33 33 0.119208

34 33 0.114858

35 33 0.110054

36 33 0.104816

37 33 0.0991649

38 33 0.0931221

39 33 0.0867117

40 33 0.0799591

41 33 0.072891

42 33 0.0655352

43 33 0.0579207

44 33 0.0500777

45 33 0.042037

46 33 0.0338304

47 33 0.0254903

48 33 0.0170497

49 33 0.00854168

50 33 0

0 34 0

1 34 0.00822997

2 34 0.0164275

3 34 0.0245601

4 34 0.0325959

5 34 0.040503

6 34 0.0482502

7 34 0.055807

8 34 0.0631436

9 34 0.070231

10 34 0.0770412

11 34 0.0835474

12 34 0.0897238

13 34 0.0955461

14 34 0.100991

15 34 0.106038

16 34 0.110666

17 34 0.114858

18 34 0.118596

19 34 0.121866

20 34 0.124655

21 34 0.126952

22 34 0.128749

23 34 0.130037

24 34 0.130812

25 34 0.13107

26 34 0.130812

27 34 0.130037

28 34 0.128749

29 34 0.126952

30 34 0.124655

31 34 0.121866

32 34 0.118596

33 34 0.114858

34 34 0.110666

35 34 0.106038

36 34 0.100991

37 34 0.0955461

38 34 0.0897238

39 34 0.0835474

40 34 0.0770412

41 34 0.070231

42 34 0.0631436

43 34 0.055807

44 34 0.0482502

45 34 0.040503

46 34 0.0325959

47 34 0.0245601

48 34 0.0164275

49 34 0.00822997

50 34 0

0 35 0

1 35 0.00788578

2 35 0.0157404

3 35 0.023533

4 35 0.0312327

5 35 0.0388091

6 35 0.0462323

7 35 0.0534731

8 35 0.0605029

9 35 0.0672938

10 35 0.0738192

11 35 0.0800533

12 35 0.0859714

13 35 0.0915503

14 35 0.0967678

15 35 0.101603

16 35 0.106038

17 35 0.110054

18 35 0.113636

19 35 0.116769

20 35 0.119442

21 35 0.121643

22 35 0.123364

23 35 0.124598

24 35 0.125341

25 35 0.125589

26 35 0.125341

27 35 0.124598

28 35 0.123364

29 35 0.121643

30 35 0.119442

31 35 0.116769

32 35 0.113636

33 35 0.110054

34 35 0.106038

35 35 0.101603

36 35 0.0967678

37 35 0.0915503

38 35 0.0859714

39 35 0.0800533

40 35 0.0738192

41 35 0.0672938

42 35 0.0605029

43 35 0.0534731

44 35 0.0462323

45 35 0.0388091

46 35 0.0312327

47 35 0.023533

48 35 0.0157404

49 35 0.00788578

50 35 0

0 36 0

1 36 0.00751047

2 36 0.0149913

3 36 0.022413

4 36 0.0297462

5 36 0.036962

6 36 0.044032

7 36 0.0509281

8 36 0.0576233

9 36 0.0640911

10 36 0.0703059

11 36 0.0762433

12 36 0.0818798

13 36 0.0871931

14 36 0.0921623

15 36 0.0967678

16 36 0.100991

17 36 0.104816

18 36 0.108228

19 36 0.111212

20 36 0.113757

21 36 0.115854

22 36 0.117493

23 36 0.118668

24 36 0.119376

25 36 0.119612

26 36 0.119376

27 36 0.118668

28 36 0.117493

29 36 0.115854

30 36 0.113757

31 36 0.111212

32 36 0.108228

33 36 0.104816

34 36 0.100991

35 36 0.0967678

36 36 0.0921623

37 36 0.0871931

38 36 0.0818798

39 36 0.0762433

40 36 0.0703059

41 36 0.0640911

42 36 0.0576233

43 36 0.0509281

44 36 0.044032

45 36 0.036962

46 36 0.0297462

47 36 0.022413

48 36 0.0149913

49 36 0.00751047

50 36 0

0 37 0

1 37 0.00710552

2 37 0.014183

3 37 0.0212045

4 37 0.0281423

5 37 0.0349691

6 37 0.0416578

7 37 0.0481822

8 37 0.0545164

9 37 0.0606354

10 37 0.0665152

11 37 0.0721324

12 37 0.077465

13 37 0.0824918

14 37 0.0871931

15 37 0.0915503

16 37 0.0955461

17 37 0.0991649

18 37 0.102392

19 37 0.105216

20 37 0.107624

21 37 0.109607

22 37 0.111158

23 37 0.11227

24 37 0.112939

25 37 0.113162

26 37 0.112939

27 37 0.11227

28 37 0.111158

29 37 0.109607

30 37 0.107624

31 37 0.105216

32 37 0.102392

33 37 0.0991649

34 37 0.0955461

35 37 0.0915503

36 37 0.0871931

37 37 0.0824918

38 37 0.077465

39 37 0.0721324

40 37 0.0665152

41 37 0.0606354

42 37 0.0545164

43 37 0.0481822

44 37 0.0416578

45 37 0.0349691

46 37 0.0281423

47 37 0.0212045

48 37 0.014183

49 37 0.00710552

50 37 0

0 38 0

1 38 0.00667253

2 38 0.0133187

3 38 0.0199124

4 38 0.0264274

5 38 0.0328382

6 38 0.0391193

7 38 0.0452461

8 38 0.0511943

9 38 0.0569405

10 38 0.0624619

11 38 0.0677368

12 38 0.0727444

13 38 0.077465

14 38 0.0818798

15 38 0.0859714

16 38 0.0897238

17 38 0.0931221

18 38 0.0961528

19 38 0.0988041

20 38 0.101065

21 38 0.102928

22 38 0.104384

23 38 0.105429

24 38 0.106057

25 38 0.106267

26 38 0.106057

27 38 0.105429

28 38 0.104384

29 38 0.102928

30 38 0.101065

31 38 0.0988041

32 38 0.0961528

33 38 0.0931221

34 38 0.0897238

35 38 0.0859714

36 38 0.0818798

37 38 0.077465

38 38 0.0727444

39 38 0.0677368

40 38 0.0624619

41 38 0.0569405

42 38 0.0511943

43 38 0.0452461

44 38 0.0391193

45 38 0.0328382

46 38 0.0264274

47 38 0.0199124

48 38 0.0133187

49 38 0.00667253

50 38 0

0 39 0

1 39 0.0062132

2 39 0.0124019

3 39 0.0185416

4 39 0.0246082

5 39 0.0305776

6 39 0.0364264

7 39 0.0421314

8 39 0.0476702

9 39 0.0530208

10 39 0.0581621

11 39 0.0630739

12 39 0.0677368

13 39 0.0721324

14 39 0.0762433

15 39 0.0800533

16 39 0.0835474

17 39 0.0867117

18 39 0.0895338

19 39 0.0920026

20 39 0.0941083

21 39 0.0958426

22 39 0.0971986

23 39 0.0981711

24 39 0.0987561

25 39 0.0989513

26 39 0.0987561

27 39 0.0981711

28 39 0.0971986

29 39 0.0958426

30 39 0.0941083

31 39 0.0920026

32 39 0.0895338

33 39 0.0867117

34 39 0.0835474

35 39 0.0800533

36 39 0.0762433

37 39 0.0721324

38 39 0.0677368

39 39 0.0630739

40 39 0.0581621

41 39 0.0530208

42 39 0.0476702

43 39 0.0421314

44 39 0.0364264

45 39 0.0305776

46 39 0.0246082

47 39 0.0185416

48 39 0.0124019

49 39 0.0062132

50 39 0

0 40 0

1 40 0.00572936

2 40 0.0114361

3 40 0.0170977

4 40 0.0226919

5 40 0.0281964

6 40 0.0335897

7 40 0.0388505

8 40 0.0439579

9 40 0.0488918

10 40 0.0536328

11 40 0.0581621

12 40 0.0624619

13 40 0.0665152

14 40 0.0703059

15 40 0.0738192

16 40 0.0770412

17 40 0.0799591

18 40 0.0825615

19 40 0.084838

20 40 0.0867797

21 40 0.0883789

22 40 0.0896294

23 40 0.0905261

24 40 0.0910655

25 40 0.0912456

26 40 0.0910655

27 40 0.0905261

28 40 0.0896294

29 40 0.0883789

30 40 0.0867797

31 40 0.084838

32 40 0.0825615

33 40 0.0799591

34 40 0.0770412

35 40 0.0738192

36 40 0.0703059

37 40 0.0665152

38 40 0.0624619

39 40 0.0581621

40 40 0.0536328

41 40 0.0488918

42 40 0.0439579

43 40 0.0388505

44 40 0.0335897

45 40 0.0281964

46 40 0.0226919

47 40 0.0170977

48 40 0.0114361

49 40 0.00572936

50 40 0

0 41 0

1 41 0.0052229

2 41 0.0104252

3 41 0.0155863

4 41 0.020686

5 41 0.025704

6 41 0.0306205

7 41 0.0354162

8 41 0.0400721

9 41 0.0445699

10 41 0.0488918

11 41 0.0530208

12 41 0.0569405

13 41 0.0606354

14 41 0.0640911

15 41 0.0672938

16 41 0.070231

17 41 0.072891

18 41 0.0752633

19 41 0.0773386

20 41 0.0791086

21 41 0.0805665

22 41 0.0817064

23 41 0.0825239

24 41 0.0830156

25 41 0.0831797

26 41 0.0830156

27 41 0.0825239

28 41 0.0817064

29 41 0.0805665

30 41 0.0791086

31 41 0.0773386

32 41 0.0752633

33 41 0.072891

34 41 0.070231

35 41 0.0672938

36 41 0.0640911

37 41 0.0606354

38 41 0.0569405

39 41 0.0530208

40 41 0.0488918

41 41 0.0445699

42 41 0.0400721

43 41 0.0354162

44 41 0.0306205

45 41 0.025704

46 41 0.020686

47 41 0.0155863

48 41 0.0104252

49 41 0.0052229

50 41 0

0 42 0

1 42 0.00469583

2 42 0.00937313

3 42 0.0140134

4 42 0.0185984

5 42 0.02311

6 42 0.0275304

7 42 0.0318422

8 42 0.0360283

9 42 0.0400721

10 42 0.0439579

11 42 0.0476702

12 42 0.0511943

13 42 0.0545164

14 42 0.0576233

15 42 0.0605029

16 42 0.0631436

17 42 0.0655352

18 42 0.0676681

19 42 0.0695339

20 42 0.0711254

21 42 0.0724361

22 42 0.073461

23 42 0.0741959

24 42 0.0746381

25 42 0.0747856

26 42 0.0746381

27 42 0.0741959

28 42 0.073461

29 42 0.0724361

30 42 0.0711254

31 42 0.0695339

32 42 0.0676681

33 42 0.0655352

34 42 0.0631436

35 42 0.0605029

36 42 0.0576233

37 42 0.0545164

38 42 0.0511943

39 42 0.0476702

40 42 0.0439579

41 42 0.0400721

42 42 0.0360283

43 42 0.0318422

44 42 0.0275304

45 42 0.02311

46 42 0.0185984

47 42 0.0140134

48 42 0.00937313

49 42 0.00469583

50 42 0

0 43 0

1 43 0.00415023

2 43 0.00828407

3 43 0.0123852

4 43 0.0164375

5 43 0.0204249

6 43 0.0243317

7 43 0.0281425

8 43 0.0318422

9 43 0.0354162

10 43 0.0388505

11 43 0.0421314

12 43 0.0452461

13 43 0.0481822

14 43 0.0509281

15 43 0.0534731

16 43 0.055807

17 43 0.0579207

18 43 0.0598058

19 43 0.0614549

20 43 0.0628614

21 43 0.0640198

22 43 0.0649256

23 43 0.0655752

24 43 0.065966

25 43 0.0660964

26 43 0.065966

27 43 0.0655752

28 43 0.0649256

29 43 0.0640198

30 43 0.0628614

31 43 0.0614549

32 43 0.0598058

33 43 0.0579207

34 43 0.055807

35 43 0.0534731

36 43 0.0509281

37 43 0.0481822

38 43 0.0452461

39 43 0.0421314

40 43 0.0388505

41 43 0.0354162

42 43 0.0318422

43 43 0.0281425

44 43 0.0243317

45 43 0.0204249

46 43 0.0164375

47 43 0.0123852

48 43 0.00828407

49 43 0.00415023

50 43 0

0 44 0

1 44 0.00358824

2 44 0.00716233

3 44 0.0107081

4 44 0.0142117

5 44 0.0176592

6 44 0.0210369

7 44 0.0243317

8 44 0.0275304

9 44 0.0306205

10 44 0.0335897

11 44 0.0364264

12 44 0.0391193

13 44 0.0416578

14 44 0.044032

15 44 0.0462323

16 44 0.0482502

17 44 0.0500777

18 44 0.0517075

19 44 0.0531333

20 44 0.0543493

21 44 0.0553509

22 44 0.0561341

23 44 0.0566957

24 44 0.0570335

25 44 0.0571463

26 44 0.0570335

27 44 0.0566957

28 44 0.0561341

29 44 0.0553509

30 44 0.0543493

31 44 0.0531333

32 44 0.0517075

33 44 0.0500777

34 44 0.0482502

35 44 0.0462323

36 44 0.044032

37 44 0.0416578

38 44 0.0391193

39 44 0.0364264

40 44 0.0335897

41 44 0.0306205

42 44 0.0275304

43 44 0.0243317

44 44 0.0210369

45 44 0.0176592

46 44 0.0142117

47 44 0.0107081

48 44 0.00716233

49 44 0.00358824

50 44 0

0 45 0

1 45 0.0030121

2 45 0.00601232

3 45 0.0089888

4 45 0.0119298

5 45 0.0148237

6 45 0.0176592

7 45 0.0204249

8 45 0.02311

9 45 0.025704

10 45 0.0281964

11 45 0.0305776

12 45 0.0328382

13 45 0.0349691

14 45 0.036962

15 45 0.0388091

16 45 0.040503

17 45 0.042037

18 45 0.0434051

19 45 0.044602

20 45 0.0456228

21 45 0.0464636

22 45 0.047121

23 45 0.0475924

24 45 0.047876

25 45 0.0479706

26 45 0.047876

27 45 0.0475924

28 45 0.047121

29 45 0.0464636

30 45 0.0456228

31 45 0.044602

32 45 0.0434051

33 45 0.042037

34 45 0.040503

35 45 0.0388091

36 45 0.036962

37 45 0.0349691

38 45 0.0328382

39 45 0.0305776

40 45 0.0281964

41 45 0.025704

42 45 0.02311

43 45 0.0204249

44 45 0.0176592

45 45 0.0148237

46 45 0.0119298

47 45 0.0089888

48 45 0.00601232

49 45 0.0030121

50 45 0

0 46 0

1 46 0.00242407

2 46 0.00483858

3 46 0.00723398

4 46 0.00960084

5 46 0.0119298

6 46 0.0142117

7 46 0.0164375

8 46 0.0185984

9 46 0.020686

10 46 0.0226919

11 46 0.0246082

12 46 0.0264274

13 46 0.0281423

14 46 0.0297462

15 46 0.0312327

16 46 0.0325959

17 46 0.0338304

18 46 0.0349315

19 46 0.0358947

20 46 0.0367162

21 46 0.0373928

22 46 0.0379219

23 46 0.0383013

24 46 0.0385295

25 46 0.0386057

26 46 0.0385295

27 46 0.0383013

28 46 0.0379219

29 46 0.0373928

30 46 0.0367162

31 46 0.0358947

32 46 0.0349315

33 46 0.0338304

34 46 0.0325959

35 46 0.0312327

36 46 0.0297462

37 46 0.0281423

38 46 0.0264274

39 46 0.0246082

40 46 0.0226919

41 46 0.020686

42 46 0.0185984

43 46 0.0164375

44 46 0.0142117

45 46 0.0119298

46 46 0.00960084

47 46 0.00723398

48 46 0.00483858

49 46 0.00242407

50 46 0

0 47 0

1 47 0.00182647

2 47 0.00364574

3 47 0.00545062

4 47 0.00723398

5 47 0.0089888

6 47 0.0107081

7 47 0.0123852

8 47 0.0140134

9 47 0.0155863

10 47 0.0170977

11 47 0.0185416

12 47 0.0199124

13 47 0.0212045

14 47 0.022413

15 47 0.023533

16 47 0.0245601

17 47 0.0254903

18 47 0.0263199

19 47 0.0270457

20 47 0.0276647

21 47 0.0281745

22 47 0.0285731

23 47 0.028859

24 47 0.029031

25 47 0.0290884

26 47 0.029031

27 47 0.028859

28 47 0.0285731

29 47 0.0281745

30 47 0.0276647

31 47 0.0270457

32 47 0.0263199

33 47 0.0254903

34 47 0.0245601

35 47 0.023533

36 47 0.022413

37 47 0.0212045

38 47 0.0199124

39 47 0.0185416

40 47 0.0170977

41 47 0.0155863

42 47 0.0140134

43 47 0.0123852

44 47 0.0107081

45 47 0.0089888

46 47 0.00723398

47 47 0.00545062

48 47 0.00364574

49 47 0.00182647

50 47 0

0 48 0

1 48 0.00122167

2 48 0.00243852

3 48 0.00364574

4 48 0.00483858

5 48 0.00601232

6 48 0.00716233

7 48 0.00828407

8 48 0.00937313

9 48 0.0104252

10 48 0.0114361

11 48 0.0124019

12 48 0.0133187

13 48 0.014183

14 48 0.0149913

15 48 0.0157404

16 48 0.0164275

17 48 0.0170497

18 48 0.0176046

19 48 0.01809

20 48 0.018504

21 48 0.018845

22 48 0.0191116

23 48 0.0193028

24 48 0.0194179

25 48 0.0194563

26 48 0.0194179

27 48 0.0193028

28 48 0.0191116

29 48 0.018845

30 48 0.018504

31 48 0.01809

32 48 0.0176046

33 48 0.0170497

34 48 0.0164275

35 48 0.0157404

36 48 0.0149913

37 48 0.014183

38 48 0.0133187

39 48 0.0124019

40 48 0.0114361

41 48 0.0104252

42 48 0.00937313

43 48 0.00828407

44 48 0.00716233

45 48 0.00601232

46 48 0.00483858

47 48 0.00364574

48 48 0.00243852

49 48 0.00122167

50 48 0

0 49 0

1 49 0.000612042

2 49 0.00122167

3 49 0.00182647

4 49 0.00242407

5 49 0.0030121

6 49 0.00358824

7 49 0.00415023

8 49 0.00469583

9 49 0.0052229

10 49 0.00572936

11 49 0.0062132

12 49 0.00667253

13 49 0.00710552

14 49 0.00751047

15 49 0.00788578

16 49 0.00822997

17 49 0.00854168

18 49 0.00881968

19 49 0.00906287

20 49 0.0092703

21 49 0.00944113

22 49 0.00957471

23 49 0.0096705

24 49 0.00972813

25 49 0.00974737

26 49 0.00972813

27 49 0.0096705

28 49 0.00957471

29 49 0.00944113

30 49 0.0092703

31 49 0.00906287

32 49 0.00881968

33 49 0.00854168

34 49 0.00822997

35 49 0.00788578

36 49 0.00751047

37 49 0.00710552

38 49 0.00667253

39 49 0.0062132

40 49 0.00572936

41 49 0.0052229

42 49 0.00469583

43 49 0.00415023

44 49 0.00358824

45 49 0.0030121

