0 1 0

1 1 0.000273606

2 1 0.000546132

3 1 0.000816503

4 1 0.00108365

5 1 0.00134652

6 1 0.00160408

7 1 0.00185531

8 1 0.00209921

9 1 0.00233483

10 1 0.00256124

11 1 0.00277754

12 1 0.00298288

13 1 0.00317644

14 1 0.00335747

15 1 0.00352525

16 1 0.00367911

17 1 0.00381846

18 1 0.00394273

19 1 0.00405145

20 1 0.00414418

21 1 0.00422055

22 1 0.00428026

23 1 0.00432308

24 1 0.00434885

25 1 0.00435744

26 1 0.00434885

27 1 0.00432308

28 1 0.00428026

29 1 0.00422055

30 1 0.00414418

31 1 0.00405145

32 1 0.00394273

33 1 0.00381846

34 1 0.00367911

35 1 0.00352525

36 1 0.00335747

37 1 0.00317644

38 1 0.00298288

39 1 0.00277754

40 1 0.00256124

41 1 0.00233483

42 1 0.00209921

43 1 0.00185531

44 1 0.00160408

45 1 0.00134652

46 1 0.00108365

47 1 0.000816503

48 1 0.000546132

49 1 0.000273606

50 1 0

0 2 0

1 2 0.000546132

2 2 0.00109011

3 2 0.00162978

4 2 0.00216303

5 2 0.00268773

6 2 0.00320183

7 2 0.0037033

8 2 0.00419014

9 2 0.00466046

10 2 0.00511237

11 2 0.00554412

12 2 0.00595398

13 2 0.00634034

14 2 0.00670169

15 2 0.00703658

16 2 0.0073437

17 2 0.00762184

18 2 0.00786991

19 2 0.00808691

20 2 0.00827199

21 2 0.00842444

22 2 0.00854363

23 2 0.00862911

24 2 0.00868053

25 2 0.00869769

26 2 0.00868053

27 2 0.00862911

28 2 0.00854363

29 2 0.00842444

30 2 0.00827199

31 2 0.00808691

32 2 0.00786991

33 2 0.00762184

34 2 0.0073437

35 2 0.00703658

36 2 0.00670169

37 2 0.00634034

38 2 0.00595398

39 2 0.00554412

40 2 0.00511237

41 2 0.00466046

42 2 0.00419014

43 2 0.0037033

44 2 0.00320183

45 2 0.00268773

46 2 0.00216303

47 2 0.00162978

48 2 0.00109011

49 2 0.000546132

50 2 0

0 3 0

1 3 0.000816503

2 3 0.00162978

3 3 0.00243663

4 3 0.00323387

5 3 0.00401834

6 3 0.00478695

7 3 0.00553667

8 3 0.00626454

9 3 0.00696768

10 3 0.00764333

11 3 0.00828881

12 3 0.00890158

13 3 0.00947922

14 3 0.0100195

15 3 0.0105201

16 3 0.0109793

17 3 0.0113952

18 3 0.011766

19 3 0.0120905

20 3 0.0123672

21 3 0.0125951

22 3 0.0127733

23 3 0.0129011

24 3 0.012978

25 3 0.0130036

26 3 0.012978

27 3 0.0129011

28 3 0.0127733

29 3 0.0125951

30 3 0.0123672

31 3 0.0120905

32 3 0.011766

33 3 0.0113952

34 3 0.0109793

35 3 0.0105201

36 3 0.0100195

37 3 0.00947922

38 3 0.00890158

39 3 0.00828881

40 3 0.00764333

41 3 0.00696768

42 3 0.00626454

43 3 0.00553667

44 3 0.00478695

45 3 0.00401834

46 3 0.00323387

47 3 0.00243663

48 3 0.00162978

49 3 0.000816503

50 3 0

0 4 0

1 4 0.00108365

2 4 0.00216303

3 4 0.00323387

4 4 0.00429194

5 4 0.00533308

6 4 0.00635317

7 4 0.00734819

8 4 0.00831421

9 4 0.00924741

10 4 0.0101441

11 4 0.0110008

12 4 0.0118141

13 4 0.0125807

14 4 0.0132977

15 4 0.0139622

16 4 0.0145716

17 4 0.0151235

18 4 0.0156157

19 4 0.0160463

20 4 0.0164135

21 4 0.016716

22 4 0.0169525

23 4 0.0171221

24 4 0.0172242

25 4 0.0172582

26 4 0.0172242

27 4 0.0171221

28 4 0.0169525

29 4 0.016716

30 4 0.0164135

31 4 0.0160463

32 4 0.0156157

33 4 0.0151235

34 4 0.0145716

35 4 0.0139622

36 4 0.0132977

37 4 0.0125807

38 4 0.0118141

39 4 0.0110008

40 4 0.0101441

41 4 0.00924741

42 4 0.00831421

43 4 0.00734819

44 4 0.00635317

45 4 0.00533308

46 4 0.00429194

47 4 0.00323387

48 4 0.00216303

49 4 0.00108365

50 4 0

0 5 0

1 5 0.00134652

2 5 0.00268773

3 5 0.00401834

4 5 0.00533308

5 5 0.00662678

6 5 0.00789432

7 5 0.00913071

8 5 0.0103311

9 5 0.0114906

10 5 0.0126049

11 5 0.0136694

12 5 0.0146799

13 5 0.0156325

14 5 0.0165234

15 5 0.0173491

16 5 0.0181064

17 5 0.0187921

18 5 0.0194037

19 5 0.0199388

20 5 0.0203951

21 5 0.020771

22 5 0.0210649

23 5 0.0212756

24 5 0.0214024

25 5 0.0214447

26 5 0.0214024

27 5 0.0212756

28 5 0.0210649

29 5 0.020771

30 5 0.0203951

31 5 0.0199388

32 5 0.0194037

33 5 0.0187921

34 5 0.0181064

35 5 0.0173491

36 5 0.0165234

37 5 0.0156325

38 5 0.0146799

39 5 0.0136694

40 5 0.0126049

41 5 0.0114906

42 5 0.0103311

43 5 0.00913071

44 5 0.00789432

45 5 0.00662678

46 5 0.00533308

47 5 0.00401834

48 5 0.00268773

49 5 0.00134652

50 5 0

0 6 0

1 6 0.00160408

2 6 0.00320183

3 6 0.00478695

4 6 0.00635317

5 6 0.00789432

6 6 0.00940432

7 6 0.0108772

8 6 0.0123072

9 6 0.0136885

10 6 0.0150159

11 6 0.016284

12 6 0.0174878

13 6 0.0186226

14 6 0.019684

15 6 0.0206676

16 6 0.0215697

17 6 0.0223866

18 6 0.0231152

19 6 0.0237526

20 6 0.0242962

21 6 0.024744

22 6 0.0250941

23 6 0.0253451

24 6 0.0254962

25 6 0.0255466

26 6 0.0254962

27 6 0.0253451

28 6 0.0250941

29 6 0.024744

30 6 0.0242962

31 6 0.0237526

32 6 0.0231152

33 6 0.0223866

34 6 0.0215697

35 6 0.0206676

36 6 0.019684

37 6 0.0186226

38 6 0.0174878

39 6 0.016284

40 6 0.0150159

41 6 0.0136885

42 6 0.0123072

43 6 0.0108772

44 6 0.00940432

45 6 0.00789432

46 6 0.00635317

47 6 0.00478695

48 6 0.00320183

49 6 0.00160408

50 6 0

0 7 0

1 7 0.00185531

2 7 0.0037033

3 7 0.00553667

4 7 0.00734819

5 7 0.00913071

6 7 0.0108772

7 7 0.0125808

8 7 0.0142347

9 7 0.0158324

10 7 0.0173676

11 7 0.0188343

12 7 0.0202267

13 7 0.0215393

14 7 0.0227668

15 7 0.0239045

16 7 0.0249479

17 7 0.0258928

18 7 0.0267355

19 7 0.0274727

20 7 0.0281014

21 7 0.0286193

22 7 0.0290242

23 7 0.0293146

24 7 0.0294893

25 7 0.0295476

26 7 0.0294893

27 7 0.0293146

28 7 0.0290242

29 7 0.0286193

30 7 0.0281014

31 7 0.0274727

32 7 0.0267355

33 7 0.0258928

34 7 0.0249479

35 7 0.0239045

36 7 0.0227668

37 7 0.0215393

38 7 0.0202267

39 7 0.0188343

40 7 0.0173676

41 7 0.0158324

42 7 0.0142347

43 7 0.0125808

44 7 0.0108772

45 7 0.00913071

46 7 0.00734819

47 7 0.00553667

48 7 0.0037033

49 7 0.00185531

50 7 0

0 8 0

1 8 0.00209921

2 8 0.00419014

3 8 0.00626454

4 8 0.00831421

5 8 0.0103311

6 8 0.0123072

7 8 0.0142347

8 8 0.016106

9 8 0.0179138

10 8 0.0196509

11 8 0.0213104

12 8 0.0228858

13 8 0.0243709

14 8 0.0257598

15 8 0.0270471

16 8 0.0282276

17 8 0.0292967

18 8 0.0302502

19 8 0.0310843

20 8 0.0317957

21 8 0.0323817

22 8 0.0328399

23 8 0.0331684

24 8 0.0333661

25 8 0.033432

26 8 0.0333661

27 8 0.0331684

28 8 0.0328399

29 8 0.0323817

30 8 0.0317957

31 8 0.0310843

32 8 0.0302502

33 8 0.0292967

34 8 0.0282276

35 8 0.0270471

36 8 0.0257598

37 8 0.0243709

38 8 0.0228858

39 8 0.0213104

40 8 0.0196509

41 8 0.0179138

42 8 0.016106

43 8 0.0142347

44 8 0.0123072

45 8 0.0103311

46 8 0.00831421

47 8 0.00626454

48 8 0.00419014

49 8 0.00209921

50 8 0

0 9 0

1 9 0.00233483

2 9 0.00466046

3 9 0.00696768

4 9 0.00924741

5 9 0.0114906

6 9 0.0136885

7 9 0.0158324

8 9 0.0179138

9 9 0.0199245

10 9 0.0218565

11 9 0.0237023

12 9 0.0254546

13 9 0.0271063

14 9 0.0286512

15 9 0.0300829

16 9 0.0313959

17 9 0.032585

18 9 0.0336456

19 9 0.0345733

20 9 0.0353646

21 9 0.0360163

22 9 0.0365259

23 9 0.0368913

24 9 0.0371111

25 9 0.0371845

26 9 0.0371111

27 9 0.0368913

28 9 0.0365259

29 9 0.0360163

30 9 0.0353646

31 9 0.0345733

32 9 0.0336456

33 9 0.032585

34 9 0.0313959

35 9 0.0300829

36 9 0.0286512

37 9 0.0271063

38 9 0.0254546

39 9 0.0237023

40 9 0.0218565

41 9 0.0199245

42 9 0.0179138

43 9 0.0158324

44 9 0.0136885

45 9 0.0114906

46 9 0.00924741

47 9 0.00696768

48 9 0.00466046

49 9 0.00233483

50 9 0

0 10 0

1 10 0.00256124

2 10 0.00511237

3 10 0.00764333

4 10 0.0101441

5 10 0.0126049

6 10 0.0150159

7 10 0.0173676

8 10 0.0196509

9 10 0.0218565

10 10 0.0239759

11 10 0.0260007

12 10 0.0279228

13 10 0.0297348

14 10 0.0314294

15 10 0.033

16 10 0.0344403

17 10 0.0357448

18 10 0.0369081

19 10 0.0379258

20 10 0.0387938

21 10 0.0395087

22 10 0.0400677

23 10 0.0404686

24 10 0.0407098

25 10 0.0407903

26 10 0.0407098

27 10 0.0404686

28 10 0.0400677

29 10 0.0395087

30 10 0.0387938

31 10 0.0379258

32 10 0.0369081

33 10 0.0357448

34 10 0.0344403

35 10 0.033

36 10 0.0314294

37 10 0.0297348

38 10 0.0279228

39 10 0.0260007

40 10 0.0239759

41 10 0.0218565

42 10 0.0196509

43 10 0.0173676

44 10 0.0150159

45 10 0.0126049

46 10 0.0101441

47 10 0.00764333

48 10 0.00511237

49 10 0.00256124

50 10 0

0 11 0

1 11 0.00277754

2 11 0.00554412

3 11 0.00828881

4 11 0.0110008

5 11 0.0136694

6 11 0.016284

7 11 0.0188343

8 11 0.0213104

9 11 0.0237023

10 11 0.0260007

11 11 0.0281965

12 11 0.0302809

13 11 0.0322459

14 11 0.0340837

15 11 0.0357869

16 11 0.0373489

17 11 0.0387634

18 11 0.040025

19 11 0.0411287

20 11 0.04207

21 11 0.0428453

22 11 0.0434515

23 11 0.0438862

24 11 0.0441477

25 11 0.044235

26 11 0.0441477

27 11 0.0438862

28 11 0.0434515

29 11 0.0428453

30 11 0.04207

31 11 0.0411287

32 11 0.040025

33 11 0.0387634

34 11 0.0373489

35 11 0.0357869

36 11 0.0340837

37 11 0.0322459

38 11 0.0302809

39 11 0.0281965

40 11 0.0260007

41 11 0.0237023

42 11 0.0213104

43 11 0.0188343

44 11 0.016284

45 11 0.0136694

46 11 0.0110008

47 11 0.00828881

48 11 0.00554412

49 11 0.00277754

50 11 0

0 12 0

1 12 0.00298288

2 12 0.00595398

3 12 0.00890158

4 12 0.0118141

5 12 0.0146799

6 12 0.0174878

7 12 0.0202267

8 12 0.0228858

9 12 0.0254546

10 12 0.0279228

11 12 0.0302809

12 12 0.0325195

13 12 0.0346298

14 12 0.0366034

15 12 0.0384325

16 12 0.04011

17 12 0.0416291

18 12 0.042984

19 12 0.0441692

20 12 0.0451801

21 12 0.0460127

22 12 0.0466637

23 12 0.0471306

24 12 0.0474114

25 12 0.0475052

26 12 0.0474114

27 12 0.0471306

28 12 0.0466637

29 12 0.0460127

30 12 0.0451801

31 12 0.0441692

32 12 0.042984

33 12 0.0416291

34 12 0.04011

35 12 0.0384325

36 12 0.0366034

37 12 0.0346298

38 12 0.0325195

39 12 0.0302809

40 12 0.0279228

41 12 0.0254546

42 12 0.0228858

43 12 0.0202267

44 12 0.0174878

45 12 0.0146799

46 12 0.0118141

47 12 0.00890158

48 12 0.00595398

49 12 0.00298288

50 12 0

0 13 0

1 13 0.00317644

2 13 0.00634034

3 13 0.00947922

4 13 0.0125807

5 13 0.0156325

6 13 0.0186226

7 13 0.0215393

8 13 0.0243709

9 13 0.0271063

10 13 0.0297348

11 13 0.0322459

12 13 0.0346298

13 13 0.036877

14 13 0.0389786

15 13 0.0409265

16 13 0.0427128

17 13 0.0443305

18 13 0.0457733

19 13 0.0470354

20 13 0.0481119

21 13 0.0489986

22 13 0.0496918

23 13 0.050189

24 13 0.0504881

25 13 0.0505879

26 13 0.0504881

27 13 0.050189

28 13 0.0496918

29 13 0.0489986

30 13 0.0481119

31 13 0.0470354

32 13 0.0457733

33 13 0.0443305

34 13 0.0427128

35 13 0.0409265

36 13 0.0389786

37 13 0.036877

38 13 0.0346298

39 13 0.0322459

40 13 0.0297348

41 13 0.0271063

42 13 0.0243709

43 13 0.0215393

44 13 0.0186226

45 13 0.0156325

46 13 0.0125807

47 13 0.00947922

48 13 0.00634034

49 13 0.00317644

50 13 0

0 14 0

1 14 0.00335747

2 14 0.00670169

3 14 0.0100195

4 14 0.0132977

5 14 0.0165234

6 14 0.019684

7 14 0.0227668

8 14 0.0257598

9 14 0.0286512

10 14 0.0314294

11 14 0.0340837

12 14 0.0366034

13 14 0.0389786

14 14 0.0412001

15 14 0.0432589

16 14 0.045147

17 14 0.0468569

18 14 0.048382

19 14 0.049716

20 14 0.0508539

21 14 0.051791

22 14 0.0525238

23 14 0.0530493

24 14 0.0533654

25 14 0.0534709

26 14 0.0533654

27 14 0.0530493

28 14 0.0525238

29 14 0.051791

30 14 0.0508539

31 14 0.049716

32 14 0.048382

33 14 0.0468569

34 14 0.045147

35 14 0.0432589

36 14 0.0412001

37 14 0.0389786

38 14 0.0366034

39 14 0.0340837

40 14 0.0314294

41 14 0.0286512

42 14 0.0257598

43 14 0.0227668

44 14 0.019684

45 14 0.0165234

46 14 0.0132977

47 14 0.0100195

48 14 0.00670169

49 14 0.00335747

50 14 0

0 15 0

1 15 0.00352525

2 15 0.00703658

3 15 0.0105201

4 15 0.0139622

5 15 0.0173491

6 15 0.0206676

7 15 0.0239045

8 15 0.0270471

9 15 0.0300829

10 15 0.033

11 15 0.0357869

12 15 0.0384325

13 15 0.0409265

14 15 0.0432589

15 15 0.0454206

16 15 0.0474031

17 15 0.0491985

18 15 0.0507997

19 15 0.0522004

20 15 0.0533951

21 15 0.0543791

22 15 0.0551485

23 15 0.0557003

24 15 0.0560322

25 15 0.056143

26 15 0.0560322

27 15 0.0557003

28 15 0.0551485

29 15 0.0543791

30 15 0.0533951

31 15 0.0522004

32 15 0.0507997

33 15 0.0491985

34 15 0.0474031

35 15 0.0454206

36 15 0.0432589

37 15 0.0409265

38 15 0.0384325

39 15 0.0357869

40 15 0.033

41 15 0.0300829

42 15 0.0270471

43 15 0.0239045

44 15 0.0206676

45 15 0.0173491

46 15 0.0139622

47 15 0.0105201

48 15 0.00703658

49 15 0.00352525

50 15 0

0 16 0

1 16 0.00367911

2 16 0.0073437

3 16 0.0109793

4 16 0.0145716

5 16 0.0181064

6 16 0.0215697

7 16 0.0249479

8 16 0.0282276

9 16 0.0313959

10 16 0.0344403

11 16 0.0373489

12 16 0.04011

13 16 0.0427128

14 16 0.045147

15 16 0.0474031

16 16 0.0494721

17 16 0.0513458

18 16 0.0530169

19 16 0.0544788

20 16 0.0557257

21 16 0.0567526

22 16 0.0575556

23 16 0.0581314

24 16 0.0584778

25 16 0.0585934

26 16 0.0584778

27 16 0.0581314

28 16 0.0575556

29 16 0.0567526

30 16 0.0557257

31 16 0.0544788

32 16 0.0530169

33 16 0.0513458

34 16 0.0494721

35 16 0.0474031

36 16 0.045147

37 16 0.0427128

38 16 0.04011

39 16 0.0373489

40 16 0.0344403

41 16 0.0313959

42 16 0.0282276

43 16 0.0249479

44 16 0.0215697

45 16 0.0181064

46 16 0.0145716

47 16 0.0109793

48 16 0.0073437

49 16 0.00367911

50 16 0

0 17 0

1 17 0.00381846

2 17 0.00762184

3 17 0.0113952

4 17 0.0151235

5 17 0.0187921

6 17 0.0223866

7 17 0.0258928

8 17 0.0292967

9 17 0.032585

10 17 0.0357448

11 17 0.0387634

12 17 0.0416291

13 17 0.0443305

14 17 0.0468569

15 17 0.0491985

16 17 0.0513458

17 17 0.0532905

18 17 0.0550249

19 17 0.0565422

20 17 0.0578363

21 17 0.0589021

22 17 0.0597355

23 17 0.0603331

24 17 0.0606926

25 17 0.0608126

26 17 0.0606926

27 17 0.0603331

28 17 0.0597355

29 17 0.0589021

30 17 0.0578363

31 17 0.0565422

32 17 0.0550249

33 17 0.0532905

34 17 0.0513458

35 17 0.0491985

36 17 0.0468569

37 17 0.0443305

38 17 0.0416291

39 17 0.0387634

40 17 0.0357448

41 17 0.032585

42 17 0.0292967

43 17 0.0258928

44 17 0.0223866

45 17 0.0187921

46 17 0.0151235

47 17 0.0113952

48 17 0.00762184

49 17 0.00381846

50 17 0

0 18 0

1 18 0.00394273

2 18 0.00786991

3 18 0.011766

4 18 0.0156157

5 18 0.0194037

6 18 0.0231152

7 18 0.0267355

8 18 0.0302502

9 18 0.0336456

10 18 0.0369081

11 18 0.040025

12 18 0.042984

13 18 0.0457733

14 18 0.048382

15 18 0.0507997

16 18 0.0530169

17 18 0.0550249

18 18 0.0568158

19 18 0.0583824

20 18 0.0597186

21 18 0.0608191

22 18 0.0616796

23 18 0.0622967

24 18 0.0626679

25 18 0.0627918

26 18 0.0626679

27 18 0.0622967

28 18 0.0616796

29 18 0.0608191

30 18 0.0597186

31 18 0.0583824

32 18 0.0568158

33 18 0.0550249

34 18 0.0530169

35 18 0.0507997

36 18 0.048382

37 18 0.0457733

38 18 0.042984

39 18 0.040025

40 18 0.0369081

41 18 0.0336456

42 18 0.0302502

43 18 0.0267355

44 18 0.0231152

45 18 0.0194037

46 18 0.0156157

47 18 0.011766

48 18 0.00786991

49 18 0.00394273

50 18 0

0 19 0

1 19 0.00405145

2 19 0.00808691

3 19 0.0120905

4 19 0.0160463

5 19 0.0199388

6 19 0.0237526

7 19 0.0274727

8 19 0.0310843

9 19 0.0345733

10 19 0.0379258

11 19 0.0411287

12 19 0.0441692

13 19 0.0470354

14 19 0.049716

15 19 0.0522004

16 19 0.0544788

17 19 0.0565422

18 19 0.0583824

19 19 0.0599922

20 19 0.0613653

21 19 0.0624961

22 19 0.0633804

23 19 0.0640145

24 19 0.0643959

25 19 0.0645233

26 19 0.0643959

27 19 0.0640145

28 19 0.0633804

29 19 0.0624961

30 19 0.0613653

31 19 0.0599922

32 19 0.0583824

33 19 0.0565422

34 19 0.0544788

35 19 0.0522004

36 19 0.049716

37 19 0.0470354

38 19 0.0441692

39 19 0.0411287

40 19 0.0379258

41 19 0.0345733

42 19 0.0310843

43 19 0.0274727

44 19 0.0237526

45 19 0.0199388

46 19 0.0160463

47 19 0.0120905

48 19 0.00808691

49 19 0.00405145

50 19 0

0 20 0

1 20 0.00414418

2 20 0.00827199

3 20 0.0123672

4 20 0.0164135

5 20 0.0203951

6 20 0.0242962

7 20 0.0281014

8 20 0.0317957

9 20 0.0353646

10 20 0.0387938

11 20 0.04207

12 20 0.0451801

13 20 0.0481119

14 20 0.0508539

15 20 0.0533951

16 20 0.0557257

17 20 0.0578363

18 20 0.0597186

19 20 0.0613653

20 20 0.0627697

21 20 0.0639265

22 20 0.064831

23 20 0.0654796

24 20 0.0658698

25 20 0.066

26 20 0.0658698

27 20 0.0654796

28 20 0.064831

29 20 0.0639265

30 20 0.0627697

31 20 0.0613653

32 20 0.0597186

33 20 0.0578363

34 20 0.0557257

35 20 0.0533951

36 20 0.0508539

37 20 0.0481119

38 20 0.0451801

39 20 0.04207

40 20 0.0387938

41 20 0.0353646

42 20 0.0317957

43 20 0.0281014

44 20 0.0242962

45 20 0.0203951

46 20 0.0164135

47 20 0.0123672

48 20 0.00827199

49 20 0.00414418

50 20 0

0 21 0

1 21 0.00422055

2 21 0.00842444

3 21 0.0125951

4 21 0.016716

5 21 0.020771

6 21 0.024744

7 21 0.0286193

8 21 0.0323817

9 21 0.0360163

10 21 0.0395087

11 21 0.0428453

12 21 0.0460127

13 21 0.0489986

14 21 0.051791

15 21 0.0543791

16 21 0.0567526

17 21 0.0589021

18 21 0.0608191

19 21 0.0624961

20 21 0.0639265

21 21 0.0651046

22 21 0.0660257

23 21 0.0666863

24 21 0.0670837

25 21 0.0672163

26 21 0.0670837

27 21 0.0666863

28 21 0.0660257

29 21 0.0651046

30 21 0.0639265

31 21 0.0624961

32 21 0.0608191

33 21 0.0589021

34 21 0.0567526

35 21 0.0543791

36 21 0.051791

37 21 0.0489986

38 21 0.0460127

39 21 0.0428453

40 21 0.0395087

41 21 0.0360163

42 21 0.0323817

43 21 0.0286193

44 21 0.024744

45 21 0.020771

46 21 0.016716

47 21 0.0125951

48 21 0.00842444

49 21 0.00422055

50 21 0

0 22 0

1 22 0.00428026

2 22 0.00854363

3 22 0.0127733

4 22 0.0169525

5 22 0.0210649

6 22 0.0250941

7 22 0.0290242

8 22 0.0328399

9 22 0.0365259

10 22 0.0400677

11 22 0.0434515

12 22 0.0466637

13 22 0.0496918

14 22 0.0525238

15 22 0.0551485

16 22 0.0575556

17 22 0.0597355

18 22 0.0616796

19 22 0.0633804

20 22 0.064831

21 22 0.0660257

22 22 0.0669599

23 22 0.0676298

24 22 0.0680328

25 22 0.0681673

26 22 0.0680328

27 22 0.0676298

28 22 0.0669599

29 22 0.0660257

30 22 0.064831

31 22 0.0633804

32 22 0.0616796

33 22 0.0597355

34 22 0.0575556

35 22 0.0551485

36 22 0.0525238

37 22 0.0496918

38 22 0.0466637

39 22 0.0434515

40 22 0.0400677

41 22 0.0365259

42 22 0.0328399

43 22 0.0290242

44 22 0.0250941

45 22 0.0210649

46 22 0.0169525

47 22 0.0127733

48 22 0.00854363

49 22 0.00428026

50 22 0

0 23 0

1 23 0.00432308

2 23 0.00862911

3 23 0.0129011

4 23 0.0171221

5 23 0.0212756

6 23 0.0253451

7 23 0.0293146

8 23 0.0331684

9 23 0.0368913

10 23 0.0404686

11 23 0.0438862

12 23 0.0471306

13 23 0.050189

14 23 0.0530493

15 23 0.0557003

16 23 0.0581314

17 23 0.0603331

18 23 0.0622967

19 23 0.0640145

20 23 0.0654796

21 23 0.0666863

22 23 0.0676298

23 23 0.0683064

24 23 0.0687134

25 23 0.0688493

26 23 0.0687134

27 23 0.0683064

28 23 0.0676298

29 23 0.0666863

30 23 0.0654796

31 23 0.0640145

32 23 0.0622967

33 23 0.0603331

34 23 0.0581314

35 23 0.0557003

36 23 0.0530493

37 23 0.050189

38 23 0.0471306

39 23 0.0438862

40 23 0.0404686

41 23 0.0368913

42 23 0.0331684

43 23 0.0293146

44 23 0.0253451

45 23 0.0212756

46 23 0.0171221

47 23 0.0129011

48 23 0.00862911

49 23 0.00432308

50 23 0

0 24 0

1 24 0.00434885

2 24 0.00868053

3 24 0.012978

4 24 0.0172242

5 24 0.0214024

6 24 0.0254962

7 24 0.0294893

8 24 0.0333661

9 24 0.0371111

10 24 0.0407098

11 24 0.0441477

12 24 0.0474114

13 24 0.0504881

14 24 0.0533654

15 24 0.0560322

16 24 0.0584778

17 24 0.0606926

18 24 0.0626679

19 24 0.0643959

20 24 0.0658698

21 24 0.0670837

22 24 0.0680328

23 24 0.0687134

24 24 0.0691229

25 24 0.0692596

26 24 0.0691229

27 24 0.0687134

28 24 0.0680328

29 24 0.0670837

30 24 0.0658698

31 24 0.0643959

32 24 0.0626679

33 24 0.0606926

34 24 0.0584778

35 24 0.0560322

36 24 0.0533654

37 24 0.0504881

38 24 0.0474114

39 24 0.0441477

40 24 0.0407098

41 24 0.0371111

42 24 0.0333661

43 24 0.0294893

44 24 0.0254962

45 24 0.0214024

46 24 0.0172242

47 24 0.012978

48 24 0.00868053

49 24 0.00434885

50 24 0

0 25 0

1 25 0.00435744

2 25 0.00869769

3 25 0.0130036

4 25 0.0172582

5 25 0.0214447

6 25 0.0255466

7 25 0.0295476

8 25 0.033432

9 25 0.0371845

10 25 0.0407903

11 25 0.044235

12 25 0.0475052

13 25 0.0505879

14 25 0.0534709

15 25 0.056143

16 25 0.0585934

17 25 0.0608126

18 25 0.0627918

19 25 0.0645233

20 25 0.066

21 25 0.0672163

22 25 0.0681673

23 25 0.0688493

24 25 0.0692596

25 25 0.0693965

26 25 0.0692596

27 25 0.0688493

28 25 0.0681673

29 25 0.0672163

30 25 0.066

31 25 0.0645233

32 25 0.0627918

33 25 0.0608126

34 25 0.0585934

35 25 0.056143

36 25 0.0534709

37 25 0.0505879

38 25 0.0475052

39 25 0.044235

40 25 0.0407903

41 25 0.0371845

42 25 0.033432

43 25 0.0295476

44 25 0.0255466

45 25 0.0214447

46 25 0.0172582

47 25 0.0130036

48 25 0.00869769

49 25 0.00435744

50 25 0

0 26 0

1 26 0.00434885

2 26 0.00868053

3 26 0.012978

4 26 0.0172242

5 26 0.0214024

6 26 0.0254962

7 26 0.0294893

8 26 0.0333661

9 26 0.0371111

10 26 0.0407098

11 26 0.0441477

12 26 0.0474114

13 26 0.0504881

14 26 0.0533654

15 26 0.0560322

16 26 0.0584778

17 26 0.0606926

18 26 0.0626679

19 26 0.0643959

20 26 0.0658698

21 26 0.0670837

22 26 0.0680328

23 26 0.0687134

24 26 0.0691229

25 26 0.0692596

26 26 0.0691229

27 26 0.0687134

28 26 0.0680328

29 26 0.0670837

30 26 0.0658698

31 26 0.0643959

32 26 0.0626679

33 26 0.0606926

34 26 0.0584778

35 26 0.0560322

36 26 0.0533654

37 26 0.0504881

38 26 0.0474114

39 26 0.0441477

40 26 0.0407098

41 26 0.0371111

42 26 0.0333661

43 26 0.0294893

44 26 0.0254962

45 26 0.0214024

46 26 0.0172242

47 26 0.012978

48 26 0.00868053

49 26 0.00434885

50 26 0

0 27 0

1 27 0.00432308

2 27 0.00862911

3 27 0.0129011

4 27 0.0171221

5 27 0.0212756

6 27 0.0253451

7 27 0.0293146

8 27 0.0331684

9 27 0.0368913

10 27 0.0404686

11 27 0.0438862

12 27 0.0471306

13 27 0.050189

14 27 0.0530493

15 27 0.0557003

16 27 0.0581314

17 27 0.0603331

18 27 0.0622967

19 27 0.0640145

20 27 0.0654796

21 27 0.0666863

22 27 0.0676298

23 27 0.0683064

24 27 0.0687134

25 27 0.0688493

26 27 0.0687134

27 27 0.0683064

28 27 0.0676298

29 27 0.0666863

30 27 0.0654796

31 27 0.0640145

32 27 0.0622967

33 27 0.0603331

34 27 0.0581314

35 27 0.0557003

36 27 0.0530493

37 27 0.050189

38 27 0.0471306

39 27 0.0438862

40 27 0.0404686

41 27 0.0368913

42 27 0.0331684

43 27 0.0293146

44 27 0.0253451

45 27 0.0212756

46 27 0.0171221

47 27 0.0129011

48 27 0.00862911

49 27 0.00432308

50 27 0

0 28 0

1 28 0.00428026

2 28 0.00854363

3 28 0.0127733

4 28 0.0169525

5 28 0.0210649

6 28 0.0250941

7 28 0.0290242

8 28 0.0328399

9 28 0.0365259

10 28 0.0400677

11 28 0.0434515

12 28 0.0466637

13 28 0.0496918

14 28 0.0525238

15 28 0.0551485

16 28 0.0575556

17 28 0.0597355

18 28 0.0616796

19 28 0.0633804

20 28 0.064831

21 28 0.0660257

22 28 0.0669599

23 28 0.0676298

24 28 0.0680328

25 28 0.0681673

26 28 0.0680328

27 28 0.0676298

28 28 0.0669599

29 28 0.0660257

30 28 0.064831

31 28 0.0633804

32 28 0.0616796

33 28 0.0597355

34 28 0.0575556

35 28 0.0551485

36 28 0.0525238

37 28 0.0496918

38 28 0.0466637

39 28 0.0434515

40 28 0.0400677

41 28 0.0365259

42 28 0.0328399

43 28 0.0290242

44 28 0.0250941

45 28 0.0210649

46 28 0.0169525

47 28 0.0127733

48 28 0.00854363

49 28 0.00428026

50 28 0

0 29 0

1 29 0.00422055

2 29 0.00842444

3 29 0.0125951

4 29 0.016716

5 29 0.020771

6 29 0.024744

7 29 0.0286193

8 29 0.0323817

9 29 0.0360163

10 29 0.0395087

11 29 0.0428453

12 29 0.0460127

13 29 0.0489986

14 29 0.051791

15 29 0.0543791

16 29 0.0567526

17 29 0.0589021

18 29 0.0608191

19 29 0.0624961

20 29 0.0639265

21 29 0.0651046

22 29 0.0660257

23 29 0.0666863

24 29 0.0670837

25 29 0.0672163

26 29 0.0670837

27 29 0.0666863

28 29 0.0660257

29 29 0.0651046

30 29 0.0639265

31 29 0.0624961

32 29 0.0608191

33 29 0.0589021

34 29 0.0567526

35 29 0.0543791

36 29 0.051791

37 29 0.0489986

38 29 0.0460127

39 29 0.0428453

40 29 0.0395087

41 29 0.0360163

42 29 0.0323817

43 29 0.0286193

44 29 0.024744

45 29 0.020771

46 29 0.016716

47 29 0.0125951

48 29 0.00842444

49 29 0.00422055

50 29 0

0 30 0

1 30 0.00414418

2 30 0.00827199

3 30 0.0123672

4 30 0.0164135

5 30 0.0203951

6 30 0.0242962

7 30 0.0281014

8 30 0.0317957

9 30 0.0353646

10 30 0.0387938

11 30 0.04207

12 30 0.0451801

13 30 0.0481119

14 30 0.0508539

15 30 0.0533951

16 30 0.0557257

17 30 0.0578363

18 30 0.0597186

19 30 0.0613653

20 30 0.0627697

21 30 0.0639265

22 30 0.064831

23 30 0.0654796

24 30 0.0658698

25 30 0.066

26 30 0.0658698

27 30 0.0654796

28 30 0.064831

29 30 0.0639265

30 30 0.0627697

31 30 0.0613653

32 30 0.0597186

33 30 0.0578363

34 30 0.0557257

35 30 0.0533951

36 30 0.0508539

37 30 0.0481119

38 30 0.0451801

39 30 0.04207

40 30 0.0387938

41 30 0.0353646

42 30 0.0317957

43 30 0.0281014

44 30 0.0242962

45 30 0.0203951

46 30 0.0164135

47 30 0.0123672

48 30 0.00827199

49 30 0.00414418

50 30 0

0 31 0

1 31 0.00405145

2 31 0.00808691

3 31 0.0120905

4 31 0.0160463

5 31 0.0199388

6 31 0.0237526

7 31 0.0274727

8 31 0.0310843

9 31 0.0345733

10 31 0.0379258

11 31 0.0411287

12 31 0.0441692

13 31 0.0470354

14 31 0.049716

15 31 0.0522004

16 31 0.0544788

17 31 0.0565422

18 31 0.0583824

19 31 0.0599922

20 31 0.0613653

21 31 0.0624961

22 31 0.0633804

23 31 0.0640145

24 31 0.0643959

25 31 0.0645233

26 31 0.0643959

27 31 0.0640145

28 31 0.0633804

29 31 0.0624961

30 31 0.0613653

31 31 0.0599922

32 31 0.0583824

33 31 0.0565422

34 31 0.0544788

35 31 0.0522004

36 31 0.049716

37 31 0.0470354

38 31 0.0441692

39 31 0.0411287

40 31 0.0379258

41 31 0.0345733

42 31 0.0310843

43 31 0.0274727

44 31 0.0237526

45 31 0.0199388

46 31 0.0160463

47 31 0.0120905

48 31 0.00808691

49 31 0.00405145

50 31 0

0 32 0

1 32 0.00394273

2 32 0.00786991

3 32 0.011766

4 32 0.0156157

5 32 0.0194037

6 32 0.0231152

7 32 0.0267355

8 32 0.0302502

9 32 0.0336456

10 32 0.0369081

11 32 0.040025

12 32 0.042984

13 32 0.0457733

14 32 0.048382

15 32 0.0507997

16 32 0.0530169

17 32 0.0550249

18 32 0.0568158

19 32 0.0583824

20 32 0.0597186

21 32 0.0608191

22 32 0.0616796

23 32 0.0622967

24 32 0.0626679

25 32 0.0627918

26 32 0.0626679

27 32 0.0622967

28 32 0.0616796

29 32 0.0608191

30 32 0.0597186

31 32 0.0583824

32 32 0.0568158

33 32 0.0550249

34 32 0.0530169

35 32 0.0507997

36 32 0.048382

37 32 0.0457733

38 32 0.042984

39 32 0.040025

40 32 0.0369081

41 32 0.0336456

42 32 0.0302502

43 32 0.0267355

44 32 0.0231152

45 32 0.0194037

46 32 0.0156157

47 32 0.011766

48 32 0.00786991

49 32 0.00394273

50 32 0

0 33 0

1 33 0.00381846

2 33 0.00762184

3 33 0.0113952

4 33 0.0151235

5 33 0.0187921

6 33 0.0223866

7 33 0.0258928

8 33 0.0292967

9 33 0.032585

10 33 0.0357448

11 33 0.0387634

12 33 0.0416291

13 33 0.0443305

14 33 0.0468569

15 33 0.0491985

16 33 0.0513458

17 33 0.0532905

18 33 0.0550249

19 33 0.0565422

20 33 0.0578363

21 33 0.0589021

22 33 0.0597355

23 33 0.0603331

24 33 0.0606926

25 33 0.0608126

26 33 0.0606926

27 33 0.0603331

28 33 0.0597355

29 33 0.0589021

30 33 0.0578363

31 33 0.0565422

32 33 0.0550249

33 33 0.0532905

34 33 0.0513458

35 33 0.0491985

36 33 0.0468569

37 33 0.0443305

38 33 0.0416291

39 33 0.0387634

40 33 0.0357448

41 33 0.032585

42 33 0.0292967

43 33 0.0258928

44 33 0.0223866

45 33 0.0187921

46 33 0.0151235

47 33 0.0113952

48 33 0.00762184

49 33 0.00381846

50 33 0

0 34 0

1 34 0.00367911

2 34 0.0073437

3 34 0.0109793

4 34 0.0145716

5 34 0.0181064

6 34 0.0215697

7 34 0.0249479

8 34 0.0282276

9 34 0.0313959

10 34 0.0344403

11 34 0.0373489

12 34 0.04011

13 34 0.0427128

14 34 0.045147

15 34 0.0474031

16 34 0.0494721

17 34 0.0513458

18 34 0.0530169

19 34 0.0544788

20 34 0.0557257

21 34 0.0567526

22 34 0.0575556

23 34 0.0581314

24 34 0.0584778

25 34 0.0585934

26 34 0.0584778

27 34 0.0581314

28 34 0.0575556

29 34 0.0567526

30 34 0.0557257

31 34 0.0544788

32 34 0.0530169

33 34 0.0513458

34 34 0.0494721

35 34 0.0474031

36 34 0.045147

37 34 0.0427128

38 34 0.04011

39 34 0.0373489

40 34 0.0344403

41 34 0.0313959

42 34 0.0282276

43 34 0.0249479

44 34 0.0215697

45 34 0.0181064

46 34 0.0145716

47 34 0.0109793

48 34 0.0073437

49 34 0.00367911

50 34 0

0 35 0

1 35 0.00352525

2 35 0.00703658

3 35 0.0105201

4 35 0.0139622

5 35 0.0173491

6 35 0.0206676

7 35 0.0239045

8 35 0.0270471

9 35 0.0300829

10 35 0.033

11 35 0.0357869

12 35 0.0384325

13 35 0.0409265

14 35 0.0432589

15 35 0.0454206

16 35 0.0474031

17 35 0.0491985

18 35 0.0507997

19 35 0.0522004

20 35 0.0533951

21 35 0.0543791

22 35 0.0551485

23 35 0.0557003

24 35 0.0560322

25 35 0.056143

26 35 0.0560322

27 35 0.0557003

28 35 0.0551485

29 35 0.0543791

30 35 0.0533951

31 35 0.0522004

32 35 0.0507997

33 35 0.0491985

34 35 0.0474031

35 35 0.0454206

36 35 0.0432589

37 35 0.0409265

38 35 0.0384325

39 35 0.0357869

40 35 0.033

41 35 0.0300829

42 35 0.0270471

43 35 0.0239045

44 35 0.0206676

45 35 0.0173491

46 35 0.0139622

47 35 0.0105201

48 35 0.00703658

49 35 0.00352525

50 35 0

0 36 0

1 36 0.00335747

2 36 0.00670169

3 36 0.0100195

4 36 0.0132977

5 36 0.0165234

6 36 0.019684

7 36 0.0227668

8 36 0.0257598

9 36 0.0286512

10 36 0.0314294

11 36 0.0340837

12 36 0.0366034

13 36 0.0389786

14 36 0.0412001

15 36 0.0432589

16 36 0.045147

17 36 0.0468569

18 36 0.048382

19 36 0.049716

20 36 0.0508539

21 36 0.051791

22 36 0.0525238

23 36 0.0530493

24 36 0.0533654

25 36 0.0534709

26 36 0.0533654

27 36 0.0530493

28 36 0.0525238

29 36 0.051791

30 36 0.0508539

31 36 0.049716

32 36 0.048382

33 36 0.0468569

34 36 0.045147

35 36 0.0432589

36 36 0.0412001

37 36 0.0389786

38 36 0.0366034

39 36 0.0340837

40 36 0.0314294

41 36 0.0286512

42 36 0.0257598

43 36 0.0227668

44 36 0.019684

45 36 0.0165234

46 36 0.0132977

47 36 0.0100195

48 36 0.00670169

49 36 0.00335747

50 36 0

0 37 0

1 37 0.00317644

2 37 0.00634034

3 37 0.00947922

4 37 0.0125807

5 37 0.0156325

6 37 0.0186226

7 37 0.0215393

8 37 0.0243709

9 37 0.0271063

10 37 0.0297348

11 37 0.0322459

12 37 0.0346298

13 37 0.036877

14 37 0.0389786

15 37 0.0409265

16 37 0.0427128

17 37 0.0443305

18 37 0.0457733

19 37 0.0470354

20 37 0.0481119

21 37 0.0489986

22 37 0.0496918

23 37 0.050189

24 37 0.0504881

25 37 0.0505879

26 37 0.0504881

27 37 0.050189

28 37 0.0496918

29 37 0.0489986

30 37 0.0481119

31 37 0.0470354

32 37 0.0457733

33 37 0.0443305

34 37 0.0427128

35 37 0.0409265

36 37 0.0389786

37 37 0.036877

38 37 0.0346298

39 37 0.0322459

40 37 0.0297348

41 37 0.0271063

42 37 0.0243709

43 37 0.0215393

44 37 0.0186226

45 37 0.0156325

46 37 0.0125807

47 37 0.00947922

48 37 0.00634034

49 37 0.00317644

50 37 0

0 38 0

1 38 0.00298288

2 38 0.00595398

3 38 0.00890158

4 38 0.0118141

5 38 0.0146799

6 38 0.0174878

7 38 0.0202267

8 38 0.0228858

9 38 0.0254546

10 38 0.0279228

11 38 0.0302809

12 38 0.0325195

13 38 0.0346298

14 38 0.0366034

15 38 0.0384325

16 38 0.04011

17 38 0.0416291

18 38 0.042984

19 38 0.0441692

20 38 0.0451801

21 38 0.0460127

22 38 0.0466637

23 38 0.0471306

24 38 0.0474114

25 38 0.0475052

26 38 0.0474114

27 38 0.0471306

28 38 0.0466637

29 38 0.0460127

30 38 0.0451801

31 38 0.0441692

32 38 0.042984

33 38 0.0416291

34 38 0.04011

35 38 0.0384325

36 38 0.0366034

37 38 0.0346298

38 38 0.0325195

39 38 0.0302809

40 38 0.0279228

41 38 0.0254546

42 38 0.0228858

43 38 0.0202267

44 38 0.0174878

45 38 0.0146799

46 38 0.0118141

47 38 0.00890158

48 38 0.00595398

49 38 0.00298288

50 38 0

0 39 0

1 39 0.00277754

2 39 0.00554412

3 39 0.00828881

4 39 0.0110008

5 39 0.0136694

6 39 0.016284

7 39 0.0188343

8 39 0.0213104

9 39 0.0237023

10 39 0.0260007

11 39 0.0281965

12 39 0.0302809

13 39 0.0322459

14 39 0.0340837

15 39 0.0357869

16 39 0.0373489

17 39 0.0387634

18 39 0.040025

19 39 0.0411287

20 39 0.04207

21 39 0.0428453

22 39 0.0434515

23 39 0.0438862

24 39 0.0441477

25 39 0.044235

26 39 0.0441477

27 39 0.0438862

28 39 0.0434515

29 39 0.0428453

30 39 0.04207

31 39 0.0411287

32 39 0.040025

33 39 0.0387634

34 39 0.0373489

35 39 0.0357869

36 39 0.0340837

37 39 0.0322459

38 39 0.0302809

39 39 0.0281965

40 39 0.0260007

41 39 0.0237023

42 39 0.0213104

43 39 0.0188343

44 39 0.016284

45 39 0.0136694

46 39 0.0110008

47 39 0.00828881

48 39 0.00554412

49 39 0.00277754

50 39 0

0 40 0

1 40 0.00256124

2 40 0.00511237

3 40 0.00764333

4 40 0.0101441

5 40 0.0126049

6 40 0.0150159

7 40 0.0173676

8 40 0.0196509

9 40 0.0218565

10 40 0.0239759

11 40 0.0260007

12 40 0.0279228

13 40 0.0297348

14 40 0.0314294

15 40 0.033

16 40 0.0344403

17 40 0.0357448

18 40 0.0369081

19 40 0.0379258

20 40 0.0387938

21 40 0.0395087

22 40 0.0400677

23 40 0.0404686

24 40 0.0407098

25 40 0.0407903

26 40 0.0407098

27 40 0.0404686

28 40 0.0400677

29 40 0.0395087

30 40 0.0387938

31 40 0.0379258

32 40 0.0369081

33 40 0.0357448

34 40 0.0344403

35 40 0.033

36 40 0.0314294

37 40 0.0297348

38 40 0.0279228

39 40 0.0260007

40 40 0.0239759

41 40 0.0218565

42 40 0.0196509

43 40 0.0173676

44 40 0.0150159

45 40 0.0126049

46 40 0.0101441

47 40 0.00764333

48 40 0.00511237

49 40 0.00256124

50 40 0

0 41 0

1 41 0.00233483

2 41 0.00466046

3 41 0.00696768

4 41 0.00924741

5 41 0.0114906

6 41 0.0136885

7 41 0.0158324

8 41 0.0179138

9 41 0.0199245

10 41 0.0218565

11 41 0.0237023

12 41 0.0254546

13 41 0.0271063

14 41 0.0286512

15 41 0.0300829

16 41 0.0313959

17 41 0.032585

18 41 0.0336456

19 41 0.0345733

20 41 0.0353646

21 41 0.0360163

22 41 0.0365259

23 41 0.0368913

24 41 0.0371111

25 41 0.0371845

26 41 0.0371111

27 41 0.0368913

28 41 0.0365259

29 41 0.0360163

30 41 0.0353646

31 41 0.0345733

32 41 0.0336456

33 41 0.032585

34 41 0.0313959

35 41 0.0300829

36 41 0.0286512

37 41 0.0271063

38 41 0.0254546

39 41 0.0237023

40 41 0.0218565

41 41 0.0199245

42 41 0.0179138

43 41 0.0158324

44 41 0.0136885

45 41 0.0114906

46 41 0.00924741

47 41 0.00696768

48 41 0.00466046

49 41 0.00233483

50 41 0

0 42 0

1 42 0.00209921

2 42 0.00419014

3 42 0.00626454

4 42 0.00831421

5 42 0.0103311

6 42 0.0123072

7 42 0.0142347

8 42 0.016106

9 42 0.0179138

10 42 0.0196509

11 42 0.0213104

12 42 0.0228858

13 42 0.0243709

14 42 0.0257598

15 42 0.0270471

16 42 0.0282276

17 42 0.0292967

18 42 0.0302502

19 42 0.0310843

20 42 0.0317957

21 42 0.0323817

22 42 0.0328399

23 42 0.0331684

24 42 0.0333661

25 42 0.033432

26 42 0.0333661

27 42 0.0331684

28 42 0.0328399

29 42 0.0323817

30 42 0.0317957

31 42 0.0310843

32 42 0.0302502

33 42 0.0292967

34 42 0.0282276

35 42 0.0270471

36 42 0.0257598

37 42 0.0243709

38 42 0.0228858

39 42 0.0213104

40 42 0.0196509

41 42 0.0179138

42 42 0.016106

43 42 0.0142347

44 42 0.0123072

45 42 0.0103311

46 42 0.00831421

47 42 0.00626454

48 42 0.00419014

49 42 0.00209921

50 42 0

0 43 0

1 43 0.00185531

2 43 0.0037033

3 43 0.00553667

4 43 0.00734819

5 43 0.00913071

6 43 0.0108772

7 43 0.0125808

8 43 0.0142347

9 43 0.0158324

10 43 0.0173676

11 43 0.0188343

12 43 0.0202267

13 43 0.0215393

14 43 0.0227668

15 43 0.0239045

16 43 0.0249479

17 43 0.0258928

18 43 0.0267355

19 43 0.0274727

20 43 0.0281014

21 43 0.0286193

22 43 0.0290242

23 43 0.0293146

24 43 0.0294893

25 43 0.0295476

26 43 0.0294893

27 43 0.0293146

28 43 0.0290242

29 43 0.0286193

30 43 0.0281014

31 43 0.0274727

32 43 0.0267355

33 43 0.0258928

34 43 0.0249479

35 43 0.0239045

36 43 0.0227668

37 43 0.0215393

38 43 0.0202267

39 43 0.0188343

40 43 0.0173676

41 43 0.0158324

42 43 0.0142347

43 43 0.0125808

44 43 0.0108772

45 43 0.00913071

46 43 0.00734819

47 43 0.00553667

48 43 0.0037033

49 43 0.00185531

50 43 0

0 44 0

1 44 0.00160408

2 44 0.00320183

3 44 0.00478695

4 44 0.00635317

5 44 0.00789432

6 44 0.00940432

7 44 0.0108772

8 44 0.0123072

9 44 0.0136885

10 44 0.0150159

11 44 0.016284

12 44 0.0174878

13 44 0.0186226

14 44 0.019684

15 44 0.0206676

16 44 0.0215697

17 44 0.0223866

18 44 0.0231152

19 44 0.0237526

20 44 0.0242962

21 44 0.024744

22 44 0.0250941

23 44 0.0253451

24 44 0.0254962

25 44 0.0255466

26 44 0.0254962

27 44 0.0253451

28 44 0.0250941

29 44 0.024744

30 44 0.0242962

31 44 0.0237526

32 44 0.0231152

33 44 0.0223866

34 44 0.0215697

35 44 0.0206676

36 44 0.019684

37 44 0.0186226

38 44 0.0174878

39 44 0.016284

40 44 0.0150159

41 44 0.0136885

42 44 0.0123072

43 44 0.0108772

44 44 0.00940432

45 44 0.00789432

46 44 0.00635317

47 44 0.00478695

48 44 0.00320183

49 44 0.00160408

50 44 0

0 45 0

1 45 0.00134652

2 45 0.00268773

3 45 0.00401834

4 45 0.00533308

5 45 0.00662678

6 45 0.00789432

7 45 0.00913071

8 45 0.0103311

9 45 0.0114906

10 45 0.0126049

11 45 0.0136694

12 45 0.0146799

13 45 0.0156325

14 45 0.0165234

15 45 0.0173491

16 45 0.0181064

17 45 0.0187921

18 45 0.0194037

19 45 0.0199388

20 45 0.0203951

21 45 0.020771

22 45 0.0210649

23 45 0.0212756

24 45 0.0214024

25 45 0.0214447

26 45 0.0214024

27 45 0.0212756

28 45 0.0210649

29 45 0.020771

30 45 0.0203951

31 45 0.0199388

32 45 0.0194037

33 45 0.0187921

34 45 0.0181064

35 45 0.0173491

36 45 0.0165234

37 45 0.0156325

38 45 0.0146799

39 45 0.0136694

40 45 0.0126049

41 45 0.0114906

42 45 0.0103311

43 45 0.00913071

44 45 0.00789432

45 45 0.00662678

46 45 0.00533308

47 45 0.00401834

48 45 0.00268773

49 45 0.00134652

50 45 0

0 46 0

1 46 0.00108365

2 46 0.00216303

3 46 0.00323387

4 46 0.00429194

5 46 0.00533308

6 46 0.00635317

7 46 0.00734819

8 46 0.00831421

9 46 0.00924741

10 46 0.0101441

11 46 0.0110008

12 46 0.0118141

13 46 0.0125807

14 46 0.0132977

15 46 0.0139622

16 46 0.0145716

17 46 0.0151235

18 46 0.0156157

19 46 0.0160463

20 46 0.0164135

21 46 0.016716

22 46 0.0169525

23 46 0.0171221

24 46 0.0172242

25 46 0.0172582

26 46 0.0172242

27 46 0.0171221

28 46 0.0169525

29 46 0.016716

30 46 0.0164135

31 46 0.0160463

32 46 0.0156157

33 46 0.0151235

34 46 0.0145716

35 46 0.0139622

36 46 0.0132977

37 46 0.0125807

38 46 0.0118141

39 46 0.0110008

40 46 0.0101441

41 46 0.00924741

42 46 0.00831421

43 46 0.00734819

44 46 0.00635317

45 46 0.00533308

46 46 0.00429194

47 46 0.00323387

48 46 0.00216303

49 46 0.00108365

50 46 0

0 47 0

1 47 0.000816503

2 47 0.00162978

3 47 0.00243663

4 47 0.00323387

5 47 0.00401834

6 47 0.00478695

7 47 0.00553667

8 47 0.00626454

9 47 0.00696768

10 47 0.00764333

11 47 0.00828881

12 47 0.00890158

13 47 0.00947922

14 47 0.0100195

15 47 0.0105201

16 47 0.0109793

17 47 0.0113952

18 47 0.011766

19 47 0.0120905

20 47 0.0123672

21 47 0.0125951

22 47 0.0127733

23 47 0.0129011

24 47 0.012978

25 47 0.0130036

26 47 0.012978

27 47 0.0129011

28 47 0.0127733

29 47 0.0125951

30 47 0.0123672

31 47 0.0120905

32 47 0.011766

33 47 0.0113952

34 47 0.0109793

35 47 0.0105201

36 47 0.0100195

37 47 0.00947922

38 47 0.00890158

39 47 0.00828881

40 47 0.00764333

41 47 0.00696768

42 47 0.00626454

43 47 0.00553667

44 47 0.00478695

45 47 0.00401834

46 47 0.00323387

47 47 0.00243663

48 47 0.00162978

49 47 0.000816503

50 47 0

0 48 0

1 48 0.000546132

2 48 0.00109011

3 48 0.00162978

4 48 0.00216303

5 48 0.00268773

6 48 0.00320183

7 48 0.0037033

8 48 0.00419014

9 48 0.00466046

10 48 0.00511237

11 48 0.00554412

12 48 0.00595398

13 48 0.00634034

14 48 0.00670169

15 48 0.00703658

16 48 0.0073437

17 48 0.00762184

18 48 0.00786991

19 48 0.00808691

20 48 0.00827199

21 48 0.00842444

22 48 0.00854363

23 48 0.00862911

24 48 0.00868053

25 48 0.00869769

26 48 0.00868053

27 48 0.00862911

28 48 0.00854363

29 48 0.00842444

30 48 0.00827199

31 48 0.00808691

32 48 0.00786991

33 48 0.00762184

34 48 0.0073437

35 48 0.00703658

36 48 0.00670169

37 48 0.00634034

38 48 0.00595398

39 48 0.00554412

40 48 0.00511237

