0 1 0

1 1 0.000683555

2 1 0.00136441

3 1 0.00203988

4 1 0.00270731

5 1 0.00336404

6 1 0.0040075

7 1 0.00463515

8 1 0.0052445

9 1 0.00583316

10 1 0.00639879

11 1 0.00693917

12 1 0.00745217

13 1 0.00793575

14 1 0.00838802

15 1 0.00880718

16 1 0.00919158

17 1 0.00953971

18 1 0.00985019

19 1 0.0101218

20 1 0.0103535

21 1 0.0105443

22 1 0.0106934

23 1 0.0108004

24 1 0.0108648

25 1 0.0108863

26 1 0.0108648

27 1 0.0108004

28 1 0.0106934

29 1 0.0105443

30 1 0.0103535

31 1 0.0101218

32 1 0.00985019

33 1 0.00953971

34 1 0.00919158

35 1 0.00880718

36 1 0.00838802

37 1 0.00793575

38 1 0.00745217

39 1 0.00693917

40 1 0.00639879

41 1 0.00583316

42 1 0.0052445

43 1 0.00463515

44 1 0.0040075

45 1 0.00336404

46 1 0.00270731

47 1 0.00203988

48 1 0.00136441

49 1 0.000683555

50 1 0

0 2 0

1 2 0.00136441

2 2 0.00272344

3 2 0.00407172

4 2 0.00540393

5 2 0.00671481

6 2 0.00799919

7 2 0.00925201

8 2 0.0104683

9 2 0.0116433

10 2 0.0127723

11 2 0.013851

12 2 0.0148749

13 2 0.0158402

14 2 0.0167429

15 2 0.0175796

16 2 0.0183469

17 2 0.0190418

18 2 0.0196615

19 2 0.0202037

20 2 0.0206661

21 2 0.0210469

22 2 0.0213447

23 2 0.0215582

24 2 0.0216867

25 2 0.0217296

26 2 0.0216867

27 2 0.0215582

28 2 0.0213447

29 2 0.0210469

30 2 0.0206661

31 2 0.0202037

32 2 0.0196615

33 2 0.0190418

34 2 0.0183469

35 2 0.0175796

36 2 0.0167429

37 2 0.0158402

38 2 0.0148749

39 2 0.013851

40 2 0.0127723

41 2 0.0116433

42 2 0.0104683

43 2 0.00925201

44 2 0.00799919

45 2 0.00671481

46 2 0.00540393

47 2 0.00407172

48 2 0.00272344

49 2 0.00136441

50 2 0

0 3 0

1 3 0.00203988

2 3 0.00407172

3 3 0.00608748

4 3 0.00807922

5 3 0.0100391

6 3 0.0119593

7 3 0.0138323

8 3 0.0156508

9 3 0.0174075

10 3 0.0190955

11 3 0.0207081

12 3 0.022239

13 3 0.0236821

14 3 0.0250318

15 3 0.0262826

16 3 0.0274298

17 3 0.0284687

18 3 0.0293952

19 3 0.0302058

20 3 0.0308971

21 3 0.0314665

22 3 0.0319117

23 3 0.032231

24 3 0.032423

25 3 0.0324871

26 3 0.032423

27 3 0.032231

28 3 0.0319117

29 3 0.0314665

30 3 0.0308971

31 3 0.0302058

32 3 0.0293952

33 3 0.0284687

34 3 0.0274298

35 3 0.0262826

36 3 0.0250318

37 3 0.0236821

38 3 0.022239

39 3 0.0207081

40 3 0.0190955

41 3 0.0174075

42 3 0.0156508

43 3 0.0138323

44 3 0.0119593

45 3 0.0100391

46 3 0.00807922

47 3 0.00608748

48 3 0.00407172

49 3 0.00203988

50 3 0

0 4 0

1 4 0.00270731

2 4 0.00540393

3 4 0.00807922

4 4 0.0107226

5 4 0.0133237

6 4 0.0158722

7 4 0.0183581

8 4 0.0207715

9 4 0.023103

10 4 0.0253432

11 4 0.0274835

12 4 0.0295153

13 4 0.0314306

14 4 0.0332218

15 4 0.034882

16 4 0.0364044

17 4 0.0377833

18 4 0.039013

19 4 0.0400887

20 4 0.0410062

21 4 0.0417619

22 4 0.0423528

23 4 0.0427765

24 4 0.0430314

25 4 0.0431165

26 4 0.0430314

27 4 0.0427765

28 4 0.0423528

29 4 0.0417619

30 4 0.0410062

31 4 0.0400887

32 4 0.039013

33 4 0.0377833

34 4 0.0364044

35 4 0.034882

36 4 0.0332218

37 4 0.0314306

38 4 0.0295153

39 4 0.0274835

40 4 0.0253432

41 4 0.023103

42 4 0.0207715

43 4 0.0183581

44 4 0.0158722

45 4 0.0133237

46 4 0.0107226

47 4 0.00807922

48 4 0.00540393

49 4 0.00270731

50 4 0

0 5 0

1 5 0.00336404

2 5 0.00671481

3 5 0.0100391

4 5 0.0133237

5 5 0.0165558

6 5 0.0197225

7 5 0.0228114

8 5 0.0258103

9 5 0.0287073

10 5 0.031491

11 5 0.0341504

12 5 0.0366751

13 5 0.039055

14 5 0.0412808

15 5 0.0433436

16 5 0.0452354

17 5 0.0469487

18 5 0.0484767

19 5 0.0498134

20 5 0.0509535

21 5 0.0518925

22 5 0.0526267

23 5 0.0531532

24 5 0.0534699

25 5 0.0535757

26 5 0.0534699

27 5 0.0531532

28 5 0.0526267

29 5 0.0518925

30 5 0.0509535

31 5 0.0498134

32 5 0.0484767

33 5 0.0469487

34 5 0.0452354

35 5 0.0433436

36 5 0.0412808

37 5 0.039055

38 5 0.0366751

39 5 0.0341504

40 5 0.031491

41 5 0.0287073

42 5 0.0258103

43 5 0.0228114

44 5 0.0197225

45 5 0.0165558

46 5 0.0133237

47 5 0.0100391

48 5 0.00671481

49 5 0.00336404

50 5 0

0 6 0

1 6 0.0040075

2 6 0.00799919

3 6 0.0119593

4 6 0.0158722

5 6 0.0197225

6 6 0.023495

7 6 0.0271747

8 6 0.0307472

9 6 0.0341983

10 6 0.0375144

11 6 0.0406826

12 6 0.0436901

13 6 0.0465253

14 6 0.0491768

15 6 0.0516342

16 6 0.0538879

17 6 0.0559289

18 6 0.0577491

19 6 0.0593415

20 6 0.0606997

21 6 0.0618183

22 6 0.0626929

23 6 0.0633201

24 6 0.0636975

25 6 0.0638234

26 6 0.0636975

27 6 0.0633201

28 6 0.0626929

29 6 0.0618183

30 6 0.0606997

31 6 0.0593415

32 6 0.0577491

33 6 0.0559289

34 6 0.0538879

35 6 0.0516342

36 6 0.0491768

37 6 0.0465253

38 6 0.0436901

39 6 0.0406826

40 6 0.0375144

41 6 0.0341983

42 6 0.0307472

43 6 0.0271747

44 6 0.023495

45 6 0.0197225

46 6 0.0158722

47 6 0.0119593

48 6 0.00799919

49 6 0.0040075

50 6 0

0 7 0

1 7 0.00463515

2 7 0.00925201

3 7 0.0138323

4 7 0.0183581

5 7 0.0228114

6 7 0.0271747

7 7 0.0314307

8 7 0.0355627

9 7 0.0395543

10 7 0.0433899

11 7 0.0470542

12 7 0.0505328

13 7 0.0538119

14 7 0.0568787

15 7 0.059721

16 7 0.0623277

17 7 0.0646883

18 7 0.0667937

19 7 0.0686354

20 7 0.0702063

21 7 0.0715001

22 7 0.0725117

23 7 0.0732372

24 7 0.0736736

25 7 0.0738193

26 7 0.0736736

27 7 0.0732372

28 7 0.0725117

29 7 0.0715001

30 7 0.0702063

31 7 0.0686354

32 7 0.0667937

33 7 0.0646883

34 7 0.0623277

35 7 0.059721

36 7 0.0568787

37 7 0.0538119

38 7 0.0505328

39 7 0.0470542

40 7 0.0433899

41 7 0.0395543

42 7 0.0355627

43 7 0.0314307

44 7 0.0271747

45 7 0.0228114

46 7 0.0183581

47 7 0.0138323

48 7 0.00925201

49 7 0.00463515

50 7 0

0 8 0

1 8 0.0052445

2 8 0.0104683

3 8 0.0156508

4 8 0.0207715

5 8 0.0258103

6 8 0.0307472

7 8 0.0355627

8 8 0.0402379

9 8 0.0447543

10 8 0.049094

11 8 0.0532401

12 8 0.057176

13 8 0.0608862

14 8 0.0643562

15 8 0.0675722

16 8 0.0705215

17 8 0.0731924

18 8 0.0755746

19 8 0.0776584

20 8 0.0794358

21 8 0.0808997

22 8 0.0820443

23 8 0.0828652

24 8 0.083359

25 8 0.0835238

26 8 0.083359

27 8 0.0828652

28 8 0.0820443

29 8 0.0808997

30 8 0.0794358

31 8 0.0776584

32 8 0.0755746

33 8 0.0731924

34 8 0.0705215

35 8 0.0675722

36 8 0.0643562

37 8 0.0608862

38 8 0.057176

39 8 0.0532401

40 8 0.049094

41 8 0.0447543

42 8 0.0402379

43 8 0.0355627

44 8 0.0307472

45 8 0.0258103

46 8 0.0207715

47 8 0.0156508

48 8 0.0104683

49 8 0.0052445

50 8 0

0 9 0

1 9 0.00583316

2 9 0.0116433

3 9 0.0174075

4 9 0.023103

5 9 0.0287073

6 9 0.0341983

7 9 0.0395543

8 9 0.0447543

9 9 0.0497776

10 9 0.0546045

11 9 0.0592158

12 9 0.0635935

13 9 0.0677202

14 9 0.0715797

15 9 0.0751566

16 9 0.0784369

17 9 0.0814077

18 9 0.0840572

19 9 0.086375

20 9 0.0883519

21 9 0.0899801

22 9 0.0912532

23 9 0.0921661

24 9 0.0927154

25 9 0.0928987

26 9 0.0927154

27 9 0.0921661

28 9 0.0912532

29 9 0.0899801

30 9 0.0883519

31 9 0.086375

32 9 0.0840572

33 9 0.0814077

34 9 0.0784369

35 9 0.0751566

36 9 0.0715797

37 9 0.0677202

38 9 0.0635935

39 9 0.0592158

40 9 0.0546045

41 9 0.0497776

42 9 0.0447543

43 9 0.0395543

44 9 0.0341983

45 9 0.0287073

46 9 0.023103

47 9 0.0174075

48 9 0.0116433

49 9 0.00583316

50 9 0

0 10 0

1 10 0.00639879

2 10 0.0127723

3 10 0.0190955

4 10 0.0253432

5 10 0.031491

6 10 0.0375144

7 10 0.0433899

8 10 0.049094

9 10 0.0546045

10 10 0.0598994

11 10 0.0649579

12 10 0.0697601

13 10 0.074287

14 10 0.0785207

15 10 0.0824445

16 10 0.0860429

17 10 0.0893017

18 10 0.0922082

19 10 0.0947507

20 10 0.0969193

21 10 0.0987054

22 10 0.100102

23 10 0.101103

24 10 0.101706

25 10 0.101907

26 10 0.101706

27 10 0.101103

28 10 0.100102

29 10 0.0987054

30 10 0.0969193

31 10 0.0947507

32 10 0.0922082

33 10 0.0893017

34 10 0.0860429

35 10 0.0824445

36 10 0.0785207

37 10 0.074287

38 10 0.0697601

39 10 0.0649579

40 10 0.0598994

41 10 0.0546045

42 10 0.049094

43 10 0.0433899

44 10 0.0375144

45 10 0.031491

46 10 0.0253432

47 10 0.0190955

48 10 0.0127723

49 10 0.00639879

50 10 0

0 11 0

1 11 0.00693917

2 11 0.013851

3 11 0.0207081

4 11 0.0274835

5 11 0.0341504

6 11 0.0406826

7 11 0.0470542

8 11 0.0532401

9 11 0.0592158

10 11 0.0649579

11 11 0.0704437

12 11 0.0756514

13 11 0.0805605

14 11 0.0851518

15 11 0.0894069

16 11 0.0933092

17 11 0.0968433

18 11 0.0999952

19 11 0.102752

20 11 0.105104

21 11 0.107041

22 11 0.108556

23 11 0.109642

24 11 0.110295

25 11 0.110513

26 11 0.110295

27 11 0.109642

28 11 0.108556

29 11 0.107041

30 11 0.105104

31 11 0.102752

32 11 0.0999952

33 11 0.0968433

34 11 0.0933092

35 11 0.0894069

36 11 0.0851518

37 11 0.0805605

38 11 0.0756514

39 11 0.0704437

40 11 0.0649579

41 11 0.0592158

42 11 0.0532401

43 11 0.0470542

44 11 0.0406826

45 11 0.0341504

46 11 0.0274835

47 11 0.0207081

48 11 0.013851

49 11 0.00693917

50 11 0

0 12 0

1 12 0.00745217

2 12 0.0148749

3 12 0.022239

4 12 0.0295153

5 12 0.0366751

6 12 0.0436901

7 12 0.0505328

8 12 0.057176

9 12 0.0635935

10 12 0.0697601

11 12 0.0756514

12 12 0.0812441

13 12 0.0865162

14 12 0.0914468

15 12 0.0960165

16 12 0.100207

17 12 0.104003

18 12 0.107388

19 12 0.110349

20 12 0.112874

21 12 0.114954

22 12 0.116581

23 12 0.117747

24 12 0.118449

25 12 0.118683

26 12 0.118449

27 12 0.117747

28 12 0.116581

29 12 0.114954

30 12 0.112874

31 12 0.110349

32 12 0.107388

33 12 0.104003

34 12 0.100207

35 12 0.0960165

36 12 0.0914468

37 12 0.0865162

38 12 0.0812441

39 12 0.0756514

40 12 0.0697601

41 12 0.0635935

42 12 0.057176

43 12 0.0505328

44 12 0.0436901

45 12 0.0366751

46 12 0.0295153

47 12 0.022239

48 12 0.0148749

49 12 0.00745217

50 12 0

0 13 0

1 13 0.00793575

2 13 0.0158402

3 13 0.0236821

4 13 0.0314306

5 13 0.039055

6 13 0.0465253

7 13 0.0538119

8 13 0.0608862

9 13 0.0677202

10 13 0.074287

11 13 0.0805605

12 13 0.0865162

13 13 0.0921304

14 13 0.097381

15 13 0.102247

16 13 0.10671

17 13 0.110752

18 13 0.114356

19 13 0.117509

20 13 0.120199

21 13 0.122414

22 13 0.124146

23 13 0.125388

24 13 0.126135

25 13 0.126385

26 13 0.126135

27 13 0.125388

28 13 0.124146

29 13 0.122414

30 13 0.120199

31 13 0.117509

32 13 0.114356

33 13 0.110752

34 13 0.10671

35 13 0.102247

36 13 0.097381

37 13 0.0921304

38 13 0.0865162

39 13 0.0805605

40 13 0.074287

41 13 0.0677202

42 13 0.0608862

43 13 0.0538119

44 13 0.0465253

45 13 0.039055

46 13 0.0314306

47 13 0.0236821

48 13 0.0158402

49 13 0.00793575

50 13 0

0 14 0

1 14 0.00838802

2 14 0.0167429

3 14 0.0250318

4 14 0.0332218

5 14 0.0412808

6 14 0.0491768

7 14 0.0568787

8 14 0.0643562

9 14 0.0715797

10 14 0.0785207

11 14 0.0851518

12 14 0.0914468

13 14 0.097381

14 14 0.102931

15 14 0.108074

16 14 0.112791

17 14 0.117063

18 14 0.120873

19 14 0.124206

20 14 0.127049

21 14 0.12939

22 14 0.131221

23 14 0.132534

24 14 0.133324

25 14 0.133587

26 14 0.133324

27 14 0.132534

28 14 0.131221

29 14 0.12939

30 14 0.127049

31 14 0.124206

32 14 0.120873

33 14 0.117063

34 14 0.112791

35 14 0.108074

36 14 0.102931

37 14 0.097381

38 14 0.0914468

39 14 0.0851518

40 14 0.0785207

41 14 0.0715797

42 14 0.0643562

43 14 0.0568787

44 14 0.0491768

45 14 0.0412808

46 14 0.0332218

47 14 0.0250318

48 14 0.0167429

49 14 0.00838802

50 14 0

0 15 0

1 15 0.00880718

2 15 0.0175796

3 15 0.0262826

4 15 0.034882

5 15 0.0433436

6 15 0.0516342

7 15 0.059721

8 15 0.0675722

9 15 0.0751566

10 15 0.0824445

11 15 0.0894069

12 15 0.0960165

13 15 0.102247

14 15 0.108074

15 15 0.113475

16 15 0.118428

17 15 0.122913

18 15 0.126914

19 15 0.130413

20 15 0.133398

21 15 0.135856

22 15 0.137778

23 15 0.139157

24 15 0.139986

25 15 0.140263

26 15 0.139986

27 15 0.139157

28 15 0.137778

29 15 0.135856

30 15 0.133398

31 15 0.130413

32 15 0.126914

33 15 0.122913

34 15 0.118428

35 15 0.113475

36 15 0.108074

37 15 0.102247

38 15 0.0960165

39 15 0.0894069

40 15 0.0824445

41 15 0.0751566

42 15 0.0675722

43 15 0.059721

44 15 0.0516342

45 15 0.0433436

46 15 0.034882

47 15 0.0262826

48 15 0.0175796

49 15 0.00880718

50 15 0

0 16 0

1 16 0.00919158

2 16 0.0183469

3 16 0.0274298

4 16 0.0364044

5 16 0.0452354

6 16 0.0538879

7 16 0.0623277

8 16 0.0705215

9 16 0.0784369

10 16 0.0860429

11 16 0.0933092

12 16 0.100207

13 16 0.10671

14 16 0.112791

15 16 0.118428

16 16 0.123597

17 16 0.128278

18 16 0.132453

19 16 0.136105

20 16 0.13922

21 16 0.141786

22 16 0.143792

23 16 0.145231

24 16 0.146096

25 16 0.146385

26 16 0.146096

27 16 0.145231

28 16 0.143792

29 16 0.141786

30 16 0.13922

31 16 0.136105

32 16 0.132453

33 16 0.128278

34 16 0.123597

35 16 0.118428

36 16 0.112791

37 16 0.10671

38 16 0.100207

39 16 0.0933092

40 16 0.0860429

41 16 0.0784369

42 16 0.0705215

43 16 0.0623277

44 16 0.0538879

45 16 0.0452354

46 16 0.0364044

47 16 0.0274298

48 16 0.0183469

49 16 0.00919158

50 16 0

0 17 0

1 17 0.00953971

2 17 0.0190418

3 17 0.0284687

4 17 0.0377833

5 17 0.0469487

6 17 0.0559289

7 17 0.0646883

8 17 0.0731924

9 17 0.0814077

10 17 0.0893017

11 17 0.0968433

12 17 0.104003

13 17 0.110752

14 17 0.117063

15 17 0.122913

16 17 0.128278

17 17 0.133137

18 17 0.13747

19 17 0.14126

20 17 0.144493

21 17 0.147156

22 17 0.149238

23 17 0.150731

24 17 0.151629

25 17 0.151929

26 17 0.151629

27 17 0.150731

28 17 0.149238

29 17 0.147156

30 17 0.144493

31 17 0.14126

32 17 0.13747

33 17 0.133137

34 17 0.128278

35 17 0.122913

36 17 0.117063

37 17 0.110752

38 17 0.104003

39 17 0.0968433

40 17 0.0893017

41 17 0.0814077

42 17 0.0731924

43 17 0.0646883

44 17 0.0559289

45 17 0.0469487

46 17 0.0377833

47 17 0.0284687

48 17 0.0190418

49 17 0.00953971

50 17 0

0 18 0

1 18 0.00985019

2 18 0.0196615

3 18 0.0293952

4 18 0.039013

5 18 0.0484767

6 18 0.0577491

7 18 0.0667937

8 18 0.0755746

9 18 0.0840572

10 18 0.0922082

11 18 0.0999952

12 18 0.107388

13 18 0.114356

14 18 0.120873

15 18 0.126914

16 18 0.132453

17 18 0.13747

18 18 0.141944

19 18 0.145858

20 18 0.149196

21 18 0.151945

22 18 0.154095

23 18 0.155637

24 18 0.156564

25 18 0.156874

26 18 0.156564

27 18 0.155637

28 18 0.154095

29 18 0.151945

30 18 0.149196

31 18 0.145858

32 18 0.141944

33 18 0.13747

34 18 0.132453

35 18 0.126914

36 18 0.120873

37 18 0.114356

38 18 0.107388

39 18 0.0999952

40 18 0.0922082

41 18 0.0840572

42 18 0.0755746

43 18 0.0667937

44 18 0.0577491

45 18 0.0484767

46 18 0.039013

47 18 0.0293952

48 18 0.0196615

49 18 0.00985019

50 18 0

0 19 0

1 19 0.0101218

2 19 0.0202037

3 19 0.0302058

4 19 0.0400887

5 19 0.0498134

6 19 0.0593415

7 19 0.0686354

8 19 0.0776584

9 19 0.086375

10 19 0.0947507

11 19 0.102752

12 19 0.110349

13 19 0.117509

14 19 0.124206

15 19 0.130413

16 19 0.136105

17 19 0.14126

18 19 0.145858

19 19 0.149879

20 19 0.15331

21 19 0.156135

22 19 0.158344

23 19 0.159928

24 19 0.160881

25 19 0.161199

26 19 0.160881

27 19 0.159928

28 19 0.158344

29 19 0.156135

30 19 0.15331

31 19 0.149879

32 19 0.145858

33 19 0.14126

34 19 0.136105

35 19 0.130413

36 19 0.124206

37 19 0.117509

38 19 0.110349

39 19 0.102752

40 19 0.0947507

41 19 0.086375

42 19 0.0776584

43 19 0.0686354

44 19 0.0593415

45 19 0.0498134

46 19 0.0400887

47 19 0.0302058

48 19 0.0202037

49 19 0.0101218

50 19 0

0 20 0

1 20 0.0103535

2 20 0.0206661

3 20 0.0308971

4 20 0.0410062

5 20 0.0509535

6 20 0.0606997

7 20 0.0702063

8 20 0.0794358

9 20 0.0883519

10 20 0.0969193

11 20 0.105104

12 20 0.112874

13 20 0.120199

14 20 0.127049

15 20 0.133398

16 20 0.13922

17 20 0.144493

18 20 0.149196

19 20 0.15331

20 20 0.156819

21 20 0.159709

22 20 0.161968

23 20 0.163589

24 20 0.164564

25 20 0.164889

26 20 0.164564

27 20 0.163589

28 20 0.161968

29 20 0.159709

30 20 0.156819

31 20 0.15331

32 20 0.149196

33 20 0.144493

34 20 0.13922

35 20 0.133398

36 20 0.127049

37 20 0.120199

38 20 0.112874

39 20 0.105104

40 20 0.0969193

41 20 0.0883519

42 20 0.0794358

43 20 0.0702063

44 20 0.0606997

45 20 0.0509535

46 20 0.0410062

47 20 0.0308971

48 20 0.0206661

49 20 0.0103535

50 20 0

0 21 0

1 21 0.0105443

2 21 0.0210469

3 21 0.0314665

4 21 0.0417619

5 21 0.0518925

6 21 0.0618183

7 21 0.0715001

8 21 0.0808997

9 21 0.0899801

10 21 0.0987054

11 21 0.107041

12 21 0.114954

13 21 0.122414

14 21 0.12939

15 21 0.135856

16 21 0.141786

17 21 0.147156

18 21 0.151945

19 21 0.156135

20 21 0.159709

21 21 0.162652

22 21 0.164953

23 21 0.166603

24 21 0.167596

25 21 0.167928

26 21 0.167596

27 21 0.166603

28 21 0.164953

29 21 0.162652

30 21 0.159709

31 21 0.156135

32 21 0.151945

33 21 0.147156

34 21 0.141786

35 21 0.135856

36 21 0.12939

37 21 0.122414

38 21 0.114954

39 21 0.107041

40 21 0.0987054

41 21 0.0899801

42 21 0.0808997

43 21 0.0715001

44 21 0.0618183

45 21 0.0518925

46 21 0.0417619

47 21 0.0314665

48 21 0.0210469

49 21 0.0105443

50 21 0

0 22 0

1 22 0.0106934

2 22 0.0213447

3 22 0.0319117

4 22 0.0423528

5 22 0.0526267

6 22 0.0626929

7 22 0.0725117

8 22 0.0820443

9 22 0.0912532

10 22 0.100102

11 22 0.108556

12 22 0.116581

13 22 0.124146

14 22 0.131221

15 22 0.137778

16 22 0.143792

17 22 0.149238

18 22 0.154095

19 22 0.158344

20 22 0.161968

21 22 0.164953

22 22 0.167287

23 22 0.168961

24 22 0.169967

25 22 0.170304

26 22 0.169967

27 22 0.168961

28 22 0.167287

29 22 0.164953

30 22 0.161968

31 22 0.158344

32 22 0.154095

33 22 0.149238

34 22 0.143792

35 22 0.137778

36 22 0.131221

37 22 0.124146

38 22 0.116581

39 22 0.108556

40 22 0.100102

41 22 0.0912532

42 22 0.0820443

43 22 0.0725117

44 22 0.0626929

45 22 0.0526267

46 22 0.0423528

47 22 0.0319117

48 22 0.0213447

49 22 0.0106934

50 22 0

0 23 0

1 23 0.0108004

2 23 0.0215582

3 23 0.032231

4 23 0.0427765

5 23 0.0531532

6 23 0.0633201

7 23 0.0732372

8 23 0.0828652

9 23 0.0921661

10 23 0.101103

11 23 0.109642

12 23 0.117747

13 23 0.125388

14 23 0.132534

15 23 0.139157

16 23 0.145231

17 23 0.150731

18 23 0.155637

19 23 0.159928

20 23 0.163589

21 23 0.166603

22 23 0.168961

23 23 0.170651

24 23 0.171668

25 23 0.172007

26 23 0.171668

27 23 0.170651

28 23 0.168961

29 23 0.166603

30 23 0.163589

31 23 0.159928

32 23 0.155637

33 23 0.150731

34 23 0.145231

35 23 0.139157

36 23 0.132534

37 23 0.125388

38 23 0.117747

39 23 0.109642

40 23 0.101103

41 23 0.0921661

42 23 0.0828652

43 23 0.0732372

44 23 0.0633201

45 23 0.0531532

46 23 0.0427765

47 23 0.032231

48 23 0.0215582

49 23 0.0108004

50 23 0

0 24 0

1 24 0.0108648

2 24 0.0216867

3 24 0.032423

4 24 0.0430314

5 24 0.0534699

6 24 0.0636975

7 24 0.0736736

8 24 0.083359

9 24 0.0927154

10 24 0.101706

11 24 0.110295

12 24 0.118449

13 24 0.126135

14 24 0.133324

15 24 0.139986

16 24 0.146096

17 24 0.151629

18 24 0.156564

19 24 0.160881

20 24 0.164564

21 24 0.167596

22 24 0.169967

23 24 0.171668

24 24 0.172691

25 24 0.173032

26 24 0.172691

27 24 0.171668

28 24 0.169967

29 24 0.167596

30 24 0.164564

31 24 0.160881

32 24 0.156564

33 24 0.151629

34 24 0.146096

35 24 0.139986

36 24 0.133324

37 24 0.126135

38 24 0.118449

39 24 0.110295

40 24 0.101706

41 24 0.0927154

42 24 0.083359

43 24 0.0736736

44 24 0.0636975

45 24 0.0534699

46 24 0.0430314

47 24 0.032423

48 24 0.0216867

49 24 0.0108648

50 24 0

0 25 0

1 25 0.0108863

2 25 0.0217296

3 25 0.0324871

4 25 0.0431165

5 25 0.0535757

6 25 0.0638234

7 25 0.0738193

8 25 0.0835238

9 25 0.0928987

10 25 0.101907

11 25 0.110513

12 25 0.118683

13 25 0.126385

14 25 0.133587

15 25 0.140263

16 25 0.146385

17 25 0.151929

18 25 0.156874

19 25 0.161199

20 25 0.164889

21 25 0.167928

22 25 0.170304

23 25 0.172007

24 25 0.173032

25 25 0.173374

26 25 0.173032

27 25 0.172007

28 25 0.170304

29 25 0.167928

30 25 0.164889

31 25 0.161199

32 25 0.156874

33 25 0.151929

34 25 0.146385

35 25 0.140263

36 25 0.133587

37 25 0.126385

38 25 0.118683

39 25 0.110513

40 25 0.101907

41 25 0.0928987

42 25 0.0835238

43 25 0.0738193

44 25 0.0638234

45 25 0.0535757

46 25 0.0431165

47 25 0.0324871

48 25 0.0217296

49 25 0.0108863

50 25 0

0 26 0

1 26 0.0108648

2 26 0.0216867

3 26 0.032423

4 26 0.0430314

5 26 0.0534699

6 26 0.0636975

7 26 0.0736736

8 26 0.083359

9 26 0.0927154

10 26 0.101706

11 26 0.110295

12 26 0.118449

13 26 0.126135

14 26 0.133324

15 26 0.139986

16 26 0.146096

17 26 0.151629

18 26 0.156564

19 26 0.160881

20 26 0.164564

21 26 0.167596

22 26 0.169967

23 26 0.171668

24 26 0.172691

25 26 0.173032

26 26 0.172691

27 26 0.171668

28 26 0.169967

29 26 0.167596

30 26 0.164564

31 26 0.160881

32 26 0.156564

33 26 0.151629

34 26 0.146096

35 26 0.139986

36 26 0.133324

37 26 0.126135

38 26 0.118449

39 26 0.110295

40 26 0.101706

41 26 0.0927154

42 26 0.083359

43 26 0.0736736

44 26 0.0636975

45 26 0.0534699

46 26 0.0430314

47 26 0.032423

48 26 0.0216867

49 26 0.0108648

50 26 0

0 27 0

1 27 0.0108004

2 27 0.0215582

3 27 0.032231

4 27 0.0427765

5 27 0.0531532

6 27 0.0633201

7 27 0.0732372

8 27 0.0828652

9 27 0.0921661

10 27 0.101103

11 27 0.109642

12 27 0.117747

13 27 0.125388

14 27 0.132534

15 27 0.139157

16 27 0.145231

17 27 0.150731

18 27 0.155637

19 27 0.159928

20 27 0.163589

21 27 0.166603

22 27 0.168961

23 27 0.170651

24 27 0.171668

25 27 0.172007

26 27 0.171668

27 27 0.170651

28 27 0.168961

29 27 0.166603

30 27 0.163589

31 27 0.159928

32 27 0.155637

33 27 0.150731

34 27 0.145231

35 27 0.139157

36 27 0.132534

37 27 0.125388

38 27 0.117747

39 27 0.109642

40 27 0.101103

41 27 0.0921661

42 27 0.0828652

43 27 0.0732372

44 27 0.0633201

45 27 0.0531532

46 27 0.0427765

47 27 0.032231

48 27 0.0215582

49 27 0.0108004

50 27 0

0 28 0

1 28 0.0106934

2 28 0.0213447

3 28 0.0319117

4 28 0.0423528

5 28 0.0526267

6 28 0.0626929

7 28 0.0725117

8 28 0.0820443

9 28 0.0912532

10 28 0.100102

11 28 0.108556

12 28 0.116581

13 28 0.124146

14 28 0.131221

15 28 0.137778

16 28 0.143792

17 28 0.149238

18 28 0.154095

19 28 0.158344

20 28 0.161968

21 28 0.164953

22 28 0.167287

23 28 0.168961

24 28 0.169967

25 28 0.170304

26 28 0.169967

27 28 0.168961

28 28 0.167287

29 28 0.164953

30 28 0.161968

31 28 0.158344

32 28 0.154095

33 28 0.149238

34 28 0.143792

35 28 0.137778

36 28 0.131221

37 28 0.124146

38 28 0.116581

39 28 0.108556

40 28 0.100102

41 28 0.0912532

42 28 0.0820443

43 28 0.0725117

44 28 0.0626929

45 28 0.0526267

46 28 0.0423528

47 28 0.0319117

48 28 0.0213447

49 28 0.0106934

50 28 0

0 29 0

1 29 0.0105443

2 29 0.0210469

3 29 0.0314665

4 29 0.0417619

5 29 0.0518925

6 29 0.0618183

7 29 0.0715001

8 29 0.0808997

9 29 0.0899801

10 29 0.0987054

11 29 0.107041

12 29 0.114954

13 29 0.122414

14 29 0.12939

15 29 0.135856

16 29 0.141786

17 29 0.147156

18 29 0.151945

19 29 0.156135

20 29 0.159709

21 29 0.162652

22 29 0.164953

23 29 0.166603

24 29 0.167596

25 29 0.167928

26 29 0.167596

27 29 0.166603

28 29 0.164953

29 29 0.162652

30 29 0.159709

31 29 0.156135

32 29 0.151945

33 29 0.147156

34 29 0.141786

35 29 0.135856

36 29 0.12939

37 29 0.122414

38 29 0.114954

39 29 0.107041

40 29 0.0987054

41 29 0.0899801

42 29 0.0808997

43 29 0.0715001

44 29 0.0618183

45 29 0.0518925

46 29 0.0417619

47 29 0.0314665

48 29 0.0210469

49 29 0.0105443

50 29 0

0 30 0

1 30 0.0103535

2 30 0.0206661

3 30 0.0308971

4 30 0.0410062

5 30 0.0509535

6 30 0.0606997

7 30 0.0702063

8 30 0.0794358

9 30 0.0883519

10 30 0.0969193

11 30 0.105104

12 30 0.112874

13 30 0.120199

14 30 0.127049

15 30 0.133398

16 30 0.13922

17 30 0.144493

18 30 0.149196

19 30 0.15331

20 30 0.156819

21 30 0.159709

22 30 0.161968

23 30 0.163589

24 30 0.164564

25 30 0.164889

26 30 0.164564

27 30 0.163589

28 30 0.161968

29 30 0.159709

30 30 0.156819

31 30 0.15331

32 30 0.149196

33 30 0.144493

34 30 0.13922

35 30 0.133398

36 30 0.127049

37 30 0.120199

38 30 0.112874

39 30 0.105104

40 30 0.0969193

41 30 0.0883519

42 30 0.0794358

43 30 0.0702063

44 30 0.0606997

45 30 0.0509535

46 30 0.0410062

47 30 0.0308971

48 30 0.0206661

49 30 0.0103535

50 30 0

0 31 0

1 31 0.0101218

2 31 0.0202037

3 31 0.0302058

4 31 0.0400887

5 31 0.0498134

6 31 0.0593415

7 31 0.0686354

8 31 0.0776584

9 31 0.086375

10 31 0.0947507

11 31 0.102752

12 31 0.110349

13 31 0.117509

14 31 0.124206

15 31 0.130413

16 31 0.136105

17 31 0.14126

18 31 0.145858

19 31 0.149879

20 31 0.15331

21 31 0.156135

22 31 0.158344

23 31 0.159928

24 31 0.160881

25 31 0.161199

26 31 0.160881

27 31 0.159928

28 31 0.158344

29 31 0.156135

30 31 0.15331

31 31 0.149879

32 31 0.145858

33 31 0.14126

34 31 0.136105

35 31 0.130413

36 31 0.124206

37 31 0.117509

38 31 0.110349

39 31 0.102752

40 31 0.0947507

41 31 0.086375

42 31 0.0776584

43 31 0.0686354

44 31 0.0593415

45 31 0.0498134

46 31 0.0400887

47 31 0.0302058

48 31 0.0202037

49 31 0.0101218

50 31 0

0 32 0

1 32 0.00985019

2 32 0.0196615

3 32 0.0293952

4 32 0.039013

5 32 0.0484767

6 32 0.0577491

7 32 0.0667937

8 32 0.0755746

9 32 0.0840572

10 32 0.0922082

11 32 0.0999952

12 32 0.107388

13 32 0.114356

14 32 0.120873

15 32 0.126914

16 32 0.132453

17 32 0.13747

18 32 0.141944

19 32 0.145858

20 32 0.149196

21 32 0.151945

22 32 0.154095

23 32 0.155637

24 32 0.156564

25 32 0.156874

26 32 0.156564

27 32 0.155637

28 32 0.154095

29 32 0.151945

30 32 0.149196

31 32 0.145858

32 32 0.141944

33 32 0.13747

34 32 0.132453

35 32 0.126914

36 32 0.120873

37 32 0.114356

38 32 0.107388

39 32 0.0999952

40 32 0.0922082

41 32 0.0840572

42 32 0.0755746

43 32 0.0667937

44 32 0.0577491

45 32 0.0484767

46 32 0.039013

47 32 0.0293952

48 32 0.0196615

49 32 0.00985019

50 32 0

0 33 0

1 33 0.00953971

2 33 0.0190418

3 33 0.0284687

4 33 0.0377833

5 33 0.0469487

6 33 0.0559289

7 33 0.0646883

8 33 0.0731924

9 33 0.0814077

10 33 0.0893017

11 33 0.0968433

12 33 0.104003

13 33 0.110752

14 33 0.117063

15 33 0.122913

16 33 0.128278

17 33 0.133137

18 33 0.13747

19 33 0.14126

20 33 0.144493

21 33 0.147156

22 33 0.149238

23 33 0.150731

24 33 0.151629

25 33 0.151929

26 33 0.151629

27 33 0.150731

28 33 0.149238

29 33 0.147156

30 33 0.144493

31 33 0.14126

32 33 0.13747

33 33 0.133137

34 33 0.128278

35 33 0.122913

36 33 0.117063

37 33 0.110752

38 33 0.104003

39 33 0.0968433

40 33 0.0893017

41 33 0.0814077

42 33 0.0731924

43 33 0.0646883

44 33 0.0559289

45 33 0.0469487

46 33 0.0377833

47 33 0.0284687

48 33 0.0190418

49 33 0.00953971

50 33 0

0 34 0

1 34 0.00919158

2 34 0.0183469

3 34 0.0274298

4 34 0.0364044

5 34 0.0452354

6 34 0.0538879

7 34 0.0623277

8 34 0.0705215

9 34 0.0784369

10 34 0.0860429

11 34 0.0933092

12 34 0.100207

13 34 0.10671

14 34 0.112791

15 34 0.118428

16 34 0.123597

17 34 0.128278

18 34 0.132453

19 34 0.136105

20 34 0.13922

21 34 0.141786

22 34 0.143792

23 34 0.145231

24 34 0.146096

25 34 0.146385

26 34 0.146096

27 34 0.145231

28 34 0.143792

29 34 0.141786

30 34 0.13922

31 34 0.136105

32 34 0.132453

33 34 0.128278

34 34 0.123597

35 34 0.118428

36 34 0.112791

37 34 0.10671

38 34 0.100207

39 34 0.0933092

40 34 0.0860429

41 34 0.0784369

42 34 0.0705215

43 34 0.0623277

44 34 0.0538879

45 34 0.0452354

46 34 0.0364044

47 34 0.0274298

48 34 0.0183469

49 34 0.00919158

50 34 0

0 35 0

1 35 0.00880718

2 35 0.0175796

3 35 0.0262826

4 35 0.034882

5 35 0.0433436

6 35 0.0516342

7 35 0.059721

8 35 0.0675722

9 35 0.0751566

10 35 0.0824445

11 35 0.0894069

12 35 0.0960165

13 35 0.102247

14 35 0.108074

15 35 0.113475

16 35 0.118428

17 35 0.122913

18 35 0.126914

19 35 0.130413

20 35 0.133398

21 35 0.135856

22 35 0.137778

23 35 0.139157

24 35 0.139986

25 35 0.140263

26 35 0.139986

27 35 0.139157

28 35 0.137778

29 35 0.135856

30 35 0.133398

31 35 0.130413

32 35 0.126914

33 35 0.122913

34 35 0.118428

35 35 0.113475

36 35 0.108074

37 35 0.102247

38 35 0.0960165

39 35 0.0894069

40 35 0.0824445

41 35 0.0751566

42 35 0.0675722

43 35 0.059721

44 35 0.0516342

45 35 0.0433436

46 35 0.034882

47 35 0.0262826

48 35 0.0175796

49 35 0.00880718

50 35 0

0 36 0

1 36 0.00838802

2 36 0.0167429

3 36 0.0250318

4 36 0.0332218

5 36 0.0412808

6 36 0.0491768

7 36 0.0568787

8 36 0.0643562

9 36 0.0715797

10 36 0.0785207

11 36 0.0851518

12 36 0.0914468

13 36 0.097381

14 36 0.102931

15 36 0.108074

16 36 0.112791

17 36 0.117063

18 36 0.120873

19 36 0.124206

20 36 0.127049

21 36 0.12939

22 36 0.131221

23 36 0.132534

24 36 0.133324

25 36 0.133587

26 36 0.133324

27 36 0.132534

28 36 0.131221

29 36 0.12939

30 36 0.127049

31 36 0.124206

32 36 0.120873

33 36 0.117063

34 36 0.112791

35 36 0.108074

36 36 0.102931

37 36 0.097381

38 36 0.0914468

39 36 0.0851518

40 36 0.0785207

41 36 0.0715797

42 36 0.0643562

43 36 0.0568787

44 36 0.0491768

45 36 0.0412808

46 36 0.0332218

47 36 0.0250318

48 36 0.0167429

49 36 0.00838802

50 36 0

0 37 0

1 37 0.00793575

2 37 0.0158402

3 37 0.0236821

4 37 0.0314306

5 37 0.039055

6 37 0.0465253

7 37 0.0538119

8 37 0.0608862

9 37 0.0677202

10 37 0.074287

11 37 0.0805605

12 37 0.0865162

13 37 0.0921304

14 37 0.097381

15 37 0.102247

16 37 0.10671

17 37 0.110752

18 37 0.114356

19 37 0.117509

20 37 0.120199

21 37 0.122414

22 37 0.124146

23 37 0.125388

24 37 0.126135

25 37 0.126385

26 37 0.126135

27 37 0.125388

28 37 0.124146

29 37 0.122414

30 37 0.120199

31 37 0.117509

32 37 0.114356

33 37 0.110752

34 37 0.10671

35 37 0.102247

36 37 0.097381

37 37 0.0921304

38 37 0.0865162

39 37 0.0805605

40 37 0.074287

41 37 0.0677202

42 37 0.0608862

43 37 0.0538119

44 37 0.0465253

45 37 0.039055

46 37 0.0314306

47 37 0.0236821

48 37 0.0158402

49 37 0.00793575

50 37 0

0 38 0

1 38 0.00745217

2 38 0.0148749

3 38 0.022239

4 38 0.0295153

5 38 0.0366751

6 38 0.0436901

7 38 0.0505328

8 38 0.057176

9 38 0.0635935

10 38 0.0697601

11 38 0.0756514

12 38 0.0812441

13 38 0.0865162

14 38 0.0914468

15 38 0.0960165

16 38 0.100207

17 38 0.104003

18 38 0.107388

19 38 0.110349

20 38 0.112874

21 38 0.114954

22 38 0.116581

23 38 0.117747

24 38 0.118449

25 38 0.118683

26 38 0.118449

27 38 0.117747

28 38 0.116581

29 38 0.114954

30 38 0.112874

31 38 0.110349

32 38 0.107388

33 38 0.104003

34 38 0.100207

35 38 0.0960165

36 38 0.0914468

37 38 0.0865162

38 38 0.0812441

39 38 0.0756514

40 38 0.0697601

41 38 0.0635935

42 38 0.057176

43 38 0.0505328

44 38 0.0436901

45 38 0.0366751

46 38 0.0295153

47 38 0.022239

48 38 0.0148749

49 38 0.00745217

50 38 0

0 39 0

1 39 0.00693917

2 39 0.013851

3 39 0.0207081

4 39 0.0274835

5 39 0.0341504

6 39 0.0406826

7 39 0.0470542

8 39 0.0532401

9 39 0.0592158

10 39 0.0649579

11 39 0.0704437

12 39 0.0756514

13 39 0.0805605

14 39 0.0851518

15 39 0.0894069

16 39 0.0933092

17 39 0.0968433

18 39 0.0999952

19 39 0.102752

20 39 0.105104

21 39 0.107041

22 39 0.108556

23 39 0.109642

24 39 0.110295

25 39 0.110513

26 39 0.110295

27 39 0.109642

28 39 0.108556

29 39 0.107041

30 39 0.105104

31 39 0.102752

32 39 0.0999952

33 39 0.0968433

34 39 0.0933092

35 39 0.0894069

36 39 0.0851518

37 39 0.0805605

38 39 0.0756514

39 39 0.0704437

40 39 0.0649579

41 39 0.0592158

42 39 0.0532401

43 39 0.0470542

44 39 0.0406826

45 39 0.0341504

46 39 0.0274835

47 39 0.0207081

48 39 0.013851

49 39 0.00693917

50 39 0

0 40 0

1 40 0.00639879

2 40 0.0127723

3 40 0.0190955

4 40 0.0253432

5 40 0.031491

6 40 0.0375144

7 40 0.0433899

8 40 0.049094

9 40 0.0546045

10 40 0.0598994

11 40 0.0649579

12 40 0.0697601

13 40 0.074287

14 40 0.0785207

15 40 0.0824445

16 40 0.0860429

17 40 0.0893017

18 40 0.0922082

19 40 0.0947507

20 40 0.0969193

21 40 0.0987054

22 40 0.100102

23 40 0.101103

24 40 0.101706

25 40 0.101907

26 40 0.101706

27 40 0.101103

28 40 0.100102

29 40 0.0987054

30 40 0.0969193

31 40 0.0947507

32 40 0.0922082

33 40 0.0893017

34 40 0.0860429

35 40 0.0824445

36 40 0.0785207

37 40 0.074287

38 40 0.0697601

39 40 0.0649579

40 40 0.0598994

41 40 0.0546045

42 40 0.049094

43 40 0.0433899

44 40 0.0375144

45 40 0.031491

46 40 0.0253432

47 40 0.0190955

48 40 0.0127723

49 40 0.00639879

50 40 0

0 41 0

1 41 0.00583316

2 41 0.0116433

3 41 0.0174075

4 41 0.023103

5 41 0.0287073

6 41 0.0341983

7 41 0.0395543

8 41 0.0447543

9 41 0.0497776

10 41 0.0546045

11 41 0.0592158

12 41 0.0635935

13 41 0.0677202

14 41 0.0715797

15 41 0.0751566

16 41 0.0784369

17 41 0.0814077

18 41 0.0840572

19 41 0.086375

20 41 0.0883519

21 41 0.0899801

22 41 0.0912532

23 41 0.0921661

24 41 0.0927154

25 41 0.0928987

26 41 0.0927154

27 41 0.0921661

28 41 0.0912532

29 41 0.0899801

30 41 0.0883519

31 41 0.086375

32 41 0.0840572

33 41 0.0814077

34 41 0.0784369

35 41 0.0751566

36 41 0.0715797

37 41 0.0677202

38 41 0.0635935

39 41 0.0592158

40 41 0.0546045

41 41 0.0497776

42 41 0.0447543

43 41 0.0395543

44 41 0.0341983

45 41 0.0287073

46 41 0.023103

47 41 0.0174075

48 41 0.0116433

49 41 0.00583316

50 41 0

0 42 0

1 42 0.0052445

2 42 0.0104683

3 42 0.0156508

4 42 0.0207715

5 42 0.0258103

6 42 0.0307472

7 42 0.0355627

8 42 0.0402379

9 42 0.0447543

10 42 0.049094

11 42 0.0532401

12 42 0.057176

13 42 0.0608862

14 42 0.0643562

15 42 0.0675722

16 42 0.0705215

17 42 0.0731924

18 42 0.0755746

19 42 0.0776584

20 42 0.0794358

21 42 0.0808997

22 42 0.0820443

23 42 0.0828652

24 42 0.083359

25 42 0.0835238

26 42 0.083359

27 42 0.0828652

28 42 0.0820443

29 42 0.0808997

30 42 0.0794358

31 42 0.0776584

32 42 0.0755746

33 42 0.0731924

34 42 0.0705215

35 42 0.0675722

36 42 0.0643562

37 42 0.0608862

38 42 0.057176

39 42 0.0532401

40 42 0.049094

41 42 0.0447543

42 42 0.0402379

43 42 0.0355627

44 42 0.0307472

45 42 0.0258103

46 42 0.0207715

47 42 0.0156508

48 42 0.0104683

49 42 0.0052445

50 42 0

0 43 0

1 43 0.00463515

2 43 0.00925201

3 43 0.0138323

4 43 0.0183581

5 43 0.0228114

6 43 0.0271747

7 43 0.0314307

8 43 0.0355627

9 43 0.0395543

10 43 0.0433899

11 43 0.0470542

12 43 0.0505328

13 43 0.0538119

14 43 0.0568787

15 43 0.059721

16 43 0.0623277

17 43 0.0646883

18 43 0.0667937

19 43 0.0686354

20 43 0.0702063

21 43 0.0715001

22 43 0.0725117

23 43 0.0732372

24 43 0.0736736

25 43 0.0738193

26 43 0.0736736

27 43 0.0732372

28 43 0.0725117

29 43 0.0715001

30 43 0.0702063

31 43 0.0686354

32 43 0.0667937

33 43 0.0646883

34 43 0.0623277

35 43 0.059721

36 43 0.0568787

37 43 0.0538119

38 43 0.0505328

39 43 0.0470542

40 43 0.0433899

41 43 0.0395543

42 43 0.0355627

43 43 0.0314307

44 43 0.0271747

45 43 0.0228114

46 43 0.0183581

47 43 0.0138323

48 43 0.00925201

49 43 0.00463515

50 43 0

0 44 0

1 44 0.0040075

2 44 0.00799919

3 44 0.0119593

4 44 0.0158722

5 44 0.0197225

6 44 0.023495

7 44 0.0271747

8 44 0.0307472

9 44 0.0341983

10 44 0.0375144

11 44 0.0406826

12 44 0.0436901

13 44 0.0465253

14 44 0.0491768

15 44 0.0516342

16 44 0.0538879

17 44 0.0559289

18 44 0.0577491

19 44 0.0593415

20 44 0.0606997

21 44 0.0618183

22 44 0.0626929

23 44 0.0633201

24 44 0.0636975

25 44 0.0638234

26 44 0.0636975

27 44 0.0633201

28 44 0.0626929

29 44 0.0618183

30 44 0.0606997

31 44 0.0593415

32 44 0.0577491

33 44 0.0559289

34 44 0.0538879

35 44 0.0516342

36 44 0.0491768

37 44 0.0465253

38 44 0.0436901

39 44 0.0406826

40 44 0.0375144

41 44 0.0341983

42 44 0.0307472

43 44 0.0271747

44 44 0.023495

45 44 0.0197225

46 44 0.0158722

47 44 0.0119593

48 44 0.00799919

49 44 0.0040075

50 44 0

0 45 0

1 45 0.00336404

2 45 0.00671481

3 45 0.0100391

4 45 0.0133237

5 45 0.0165558

6 45 0.0197225

7 45 0.0228114

8 45 0.0258103

9 45 0.0287073

10 45 0.031491

11 45 0.0341504

12 45 0.0366751

13 45 0.039055

14 45 0.0412808

15 45 0.0433436

16 45 0.0452354

17 45 0.0469487

18 45 0.0484767

19 45 0.0498134

20 45 0.0509535

21 45 0.0518925

22 45 0.0526267

23 45 0.0531532

24 45 0.0534699

25 45 0.0535757

26 45 0.0534699

27 45 0.0531532

28 45 0.0526267

29 45 0.0518925

30 45 0.0509535

31 45 0.0498134

32 45 0.0484767

33 45 0.0469487

34 45 0.0452354

35 45 0.0433436

36 45 0.0412808

37 45 0.039055

38 45 0.0366751

39 45 0.0341504

40 45 0.031491

41 45 0.0287073

42 45 0.0258103

43 45 0.0228114

44 45 0.0197225

45 45 0.0165558

46 45 0.0133237

47 45 0.0100391

48 45 0.00671481

49 45 0.00336404

50 45 0

0 46 0

1 46 0.00270731

2 46 0.00540393

3 46 0.00807922

4 46 0.0107226

5 46 0.0133237

6 46 0.0158722

7 46 0.0183581

8 46 0.0207715

9 46 0.023103

10 46 0.0253432

11 46 0.0274835

12 46 0.0295153

13 46 0.0314306

14 46 0.0332218

15 46 0.034882

16 46 0.0364044

17 46 0.0377833

18 46 0.039013

19 46 0.0400887

20 46 0.0410062

21 46 0.0417619

22 46 0.0423528

23 46 0.0427765

24 46 0.0430314

25 46 0.0431165

26 46 0.0430314

27 46 0.0427765

28 46 0.0423528

29 46 0.0417619

30 46 0.0410062

31 46 0.0400887

32 46 0.039013

33 46 0.0377833

34 46 0.0364044

35 46 0.034882

36 46 0.0332218

37 46 0.0314306

38 46 0.0295153

39 46 0.0274835

40 46 0.0253432

41 46 0.023103

42 46 0.0207715

43 46 0.0183581

44 46 0.0158722

45 46 0.0133237

46 46 0.0107226

47 46 0.00807922

48 46 0.00540393

49 46 0.00270731

50 46 0

0 47 0

1 47 0.00203988

2 47 0.00407172

3 47 0.00608748

4 47 0.00807922

5 47 0.0100391

6 47 0.0119593

7 47 0.0138323

8 47 0.0156508

9 47 0.0174075

10 47 0.0190955

11 47 0.0207081

12 47 0.022239

13 47 0.0236821

14 47 0.0250318

15 47 0.0262826

16 47 0.0274298

17 47 0.0284687

18 47 0.0293952

19 47 0.0302058

20 47 0.0308971

21 47 0.0314665

22 47 0.0319117

23 47 0.032231

24 47 0.032423

25 47 0.0324871

26 47 0.032423

27 47 0.032231

28 47 0.0319117

29 47 0.0314665

30 47 0.0308971

31 47 0.0302058

32 47 0.0293952

33 47 0.0284687

34 47 0.0274298

35 47 0.0262826

36 47 0.0250318

37 47 0.0236821

38 47 0.022239

39 47 0.0207081

40 47 0.0190955

41 47 0.0174075

42 47 0.0156508

43 47 0.0138323

44 47 0.0119593

45 47 0.0100391

46 47 0.00807922

47 47 0.00608748

48 47 0.00407172

49 47 0.00203988

50 47 0

0 48 0

1 48 0.00136441

2 48 0.00272344

3 48 0.00407172

4 48 0.00540393

5 48 0.00671481

6 48 0.00799919

7 48 0.00925201

8 48 0.0104683

9 48 0.0116433

10 48 0.0127723

11 48 0.013851

12 48 0.0148749

13 48 0.0158402

14 48 0.0167429

15 48 0.0175796

16 48 0.0183469

17 48 0.0190418

18 48 0.0196615

19 48 0.0202037

20 48 0.0206661

21 48 0.0210469

22 48 0.0213447

23 48 0.0215582

24 48 0.0216867

25 48 0.0217296

26 48 0.0216867

27 48 0.0215582

28 48 0.0213447

29 48 0.0210469

30 48 0.0206661

31 48 0.0202037

32 48 0.0196615

33 48 0.0190418

34 48 0.0183469

35 48 0.0175796

36 48 0.0167429

37 48 0.0158402

38 48 0.0148749

39 48 0.013851

40 48 0.0127723

41 48 0.0116433

42 48 0.0104683

43 48 0.00925201

44 48 0.00799919

45 48 0.00671481

46 48 0.00540393

47 48 0.00407172

48 48 0.00272344

49 48 0.00136441

50 48 0

0 49 0

1 49 0.000683555

2 49 0.00136441

3 49 0.00203988

4 49 0.00270731

5 49 0.00336404

6 49 0.0040075

7 49 0.00463515

8 49 0.0052445

9 49 0.00583316

10 49 0.00639879

11 49 0.00693917

12 49 0.00745217

13 49 0.00793575

14 49 0.00838802

15 49 0.00880718

16 49 0.00919158

17 49 0.00953971

18 49 0.00985019

19 49 0.0101218

20 49 0.0103535

21 49 0.0105443

22 49 0.0106934

23 49 0.0108004

24 49 0.0108648

25 49 0.0108863

26 49 0.0108648

27 49 0.0108004

28 49 0.0106934

29 49 0.0105443

30 49 0.0103535

31 49 0.0101218

32 49 0.00985019

33 49 0.00953971

34 49 0.00919158

35 49 0.00880718

36 49 0.00838802

37 49 0.00793575

38 49 0.00745217

39 49 0.00693917

40 49 0.00639879

41 49 0.00583316

42 49 0.0052445

43 49 0.00463515

44 49 0.0040075

45 49 0.00336404

46 49 0.00270731

47 49 0.00203988

48 49 0.00136441

49 49 0.000683555

50 49 0

