0 1 0

1 1 0.00331415

2 1 0.00661522

3 1 0.00989019

4 1 0.0131261

5 1 0.0163102

6 1 0.01943

7 1 0.0224731

8 1 0.0254275

9 1 0.0282815

10 1 0.0310239

11 1 0.0336439

12 1 0.0361311

13 1 0.0384757

14 1 0.0406685

15 1 0.0427008

16 1 0.0445645

17 1 0.0462524

18 1 0.0477577

19 1 0.0490746

20 1 0.0501978

21 1 0.0511229

22 1 0.0518462

23 1 0.0523649

24 1 0.0526769

25 1 0.0527811

26 1 0.0526769

27 1 0.0523649

28 1 0.0518462

29 1 0.0511229

30 1 0.0501978

31 1 0.0490746

32 1 0.0477577

33 1 0.0462524

34 1 0.0445645

35 1 0.0427008

36 1 0.0406685

37 1 0.0384757

38 1 0.0361311

39 1 0.0336439

40 1 0.0310239

41 1 0.0282815

42 1 0.0254275

43 1 0.0224731

44 1 0.01943

45 1 0.0163102

46 1 0.0131261

47 1 0.00989019

48 1 0.00661522

49 1 0.00331415

50 1 0

0 2 0

1 2 0.00661522

2 2 0.0132043

3 2 0.0197413

4 2 0.0262004

5 2 0.0325561

6 2 0.0387833

7 2 0.0448575

8 2 0.0507546

9 2 0.0564514

10 2 0.0619254

11 2 0.0671551

12 2 0.0721197

13 2 0.0767996

14 2 0.0811765

15 2 0.085233

16 2 0.0889532

17 2 0.0923223

18 2 0.095327

19 2 0.0979555

20 2 0.100197

21 2 0.102044

22 2 0.103488

23 2 0.104523

24 2 0.105146

25 2 0.105354

26 2 0.105146

27 2 0.104523

28 2 0.103488

29 2 0.102044

30 2 0.100197

31 2 0.0979555

32 2 0.095327

33 2 0.0923223

34 2 0.0889532

35 2 0.085233

36 2 0.0811765

37 2 0.0767996

38 2 0.0721197

39 2 0.0671551

40 2 0.0619254

41 2 0.0564514

42 2 0.0507546

43 2 0.0448575

44 2 0.0387833

45 2 0.0325561

46 2 0.0262004

47 2 0.0197413

48 2 0.0132043

49 2 0.00661522

50 2 0

0 3 0

1 3 0.00989019

2 3 0.0197413

3 3 0.0295146

4 3 0.0391713

5 3 0.0486735

6 3 0.0579836

7 3 0.0670648

8 3 0.0758814

9 3 0.0843985

10 3 0.0925825

11 3 0.100401

12 3 0.107824

13 3 0.11482

14 3 0.121364

15 3 0.127429

16 3 0.132991

17 3 0.138028

18 3 0.14252

19 3 0.14645

20 3 0.149802

21 3 0.152562

22 3 0.154721

23 3 0.156269

24 3 0.1572

25 3 0.157511

26 3 0.1572

27 3 0.156269

28 3 0.154721

29 3 0.152562

30 3 0.149802

31 3 0.14645

32 3 0.14252

33 3 0.138028

34 3 0.132991

35 3 0.127429

36 3 0.121364

37 3 0.11482

38 3 0.107824

39 3 0.100401

40 3 0.0925825

41 3 0.0843985

42 3 0.0758814

43 3 0.0670648

44 3 0.0579836

45 3 0.0486735

46 3 0.0391713

47 3 0.0295146

48 3 0.0197413

49 3 0.00989019

50 3 0

0 4 0

1 4 0.0131261

2 4 0.0262004

3 4 0.0391713

4 4 0.0519877

5 4 0.0645988

6 4 0.076955

7 4 0.0890075

8 4 0.100709

9 4 0.112013

10 4 0.122874

11 4 0.133251

12 4 0.143102

13 4 0.152388

14 4 0.161073

15 4 0.169122

16 4 0.176504

17 4 0.183189

18 4 0.189151

19 4 0.194366

20 4 0.198815

21 4 0.202479

22 4 0.205343

23 4 0.207398

24 4 0.208634

25 4 0.209046

26 4 0.208634

27 4 0.207398

28 4 0.205343

29 4 0.202479

30 4 0.198815

31 4 0.194366

32 4 0.189151

33 4 0.183189

34 4 0.176504

35 4 0.169122

36 4 0.161073

37 4 0.152388

38 4 0.143102

39 4 0.133251

40 4 0.122874

41 4 0.112013

42 4 0.100709

43 4 0.0890075

44 4 0.076955

45 4 0.0645988

46 4 0.0519877

47 4 0.0391713

48 4 0.0262004

49 4 0.0131261

50 4 0

0 5 0

1 5 0.0163102

2 5 0.0325561

3 5 0.0486735

4 5 0.0645988

5 5 0.0802692

6 5 0.0956228

7 5 0.110599

8 5 0.125139

9 5 0.139185

10 5 0.152681

11 5 0.165575

12 5 0.177816

13 5 0.189354

14 5 0.200146

15 5 0.210147

16 5 0.21932

17 5 0.227626

18 5 0.235035

19 5 0.241516

20 5 0.247043

21 5 0.251596

22 5 0.255156

23 5 0.257708

24 5 0.259244

25 5 0.259757

26 5 0.259244

27 5 0.257708

28 5 0.255156

29 5 0.251596

30 5 0.247043

31 5 0.241516

32 5 0.235035

33 5 0.227626

34 5 0.21932

35 5 0.210147

36 5 0.200146

37 5 0.189354

38 5 0.177816

39 5 0.165575

40 5 0.152681

41 5 0.139185

42 5 0.125139

43 5 0.110599

44 5 0.0956228

45 5 0.0802692

46 5 0.0645988

47 5 0.0486735

48 5 0.0325561

49 5 0.0163102

50 5 0

0 6 0

1 6 0.01943

2 6 0.0387833

3 6 0.0579836

4 6 0.076955

5 6 0.0956228

6 6 0.113913

7 6 0.131754

8 6 0.149075

9 6 0.165807

10 6 0.181885

11 6 0.197246

12 6 0.211827

13 6 0.225573

14 6 0.238429

15 6 0.250344

16 6 0.26127

17 6 0.271166

18 6 0.279991

19 6 0.287712

20 6 0.294297

21 6 0.29972

22 6 0.303961

23 6 0.307002

24 6 0.308831

25 6 0.309442

26 6 0.308831

27 6 0.307002

28 6 0.303961

29 6 0.29972

30 6 0.294297

31 6 0.287712

32 6 0.279991

33 6 0.271166

34 6 0.26127

35 6 0.250344

36 6 0.238429

37 6 0.225573

38 6 0.211827

39 6 0.197246

40 6 0.181885

41 6 0.165807

42 6 0.149075

43 6 0.131754

44 6 0.113913

45 6 0.0956228

46 6 0.076955

47 6 0.0579836

48 6 0.0387833

49 6 0.01943

50 6 0

0 7 0

1 7 0.0224731

2 7 0.0448575

3 7 0.0670648

4 7 0.0890075

5 7 0.110599

6 7 0.131754

7 7 0.152389

8 7 0.172422

9 7 0.191775

10 7 0.210372

11 7 0.228138

12 7 0.245003

13 7 0.260902

14 7 0.275771

15 7 0.289552

16 7 0.30219

17 7 0.313635

18 7 0.323843

19 7 0.332772

20 7 0.340389

21 7 0.346661

22 7 0.351566

23 7 0.355084

24 7 0.357199

25 7 0.357906

26 7 0.357199

27 7 0.355084

28 7 0.351566

29 7 0.346661

30 7 0.340389

31 7 0.332772

32 7 0.323843

33 7 0.313635

34 7 0.30219

35 7 0.289552

36 7 0.275771

37 7 0.260902

38 7 0.245003

39 7 0.228138

40 7 0.210372

41 7 0.191775

42 7 0.172422

43 7 0.152389

44 7 0.131754

45 7 0.110599

46 7 0.0890075

47 7 0.0670648

48 7 0.0448575

49 7 0.0224731

50 7 0

0 8 0

1 8 0.0254275

2 8 0.0507546

3 8 0.0758814

4 8 0.100709

5 8 0.125139

6 8 0.149075

7 8 0.172422

8 8 0.19509

9 8 0.216987

10 8 0.238028

11 8 0.258129

12 8 0.277212

13 8 0.295201

14 8 0.312025

15 8 0.327617

16 8 0.341917

17 8 0.354867

18 8 0.366416

19 8 0.37652

20 8 0.385137

21 8 0.392235

22 8 0.397784

23 8 0.401764

24 8 0.404158

25 8 0.404957

26 8 0.404158

27 8 0.401764

28 8 0.397784

29 8 0.392235

30 8 0.385137

31 8 0.37652

32 8 0.366416

33 8 0.354867

34 8 0.341917

35 8 0.327617

36 8 0.312025

37 8 0.295201

38 8 0.277212

39 8 0.258129

40 8 0.238028

41 8 0.216987

42 8 0.19509

43 8 0.172422

44 8 0.149075

45 8 0.125139

46 8 0.100709

47 8 0.0758814

48 8 0.0507546

49 8 0.0254275

50 8 0

0 9 0

1 9 0.0282815

2 9 0.0564514

3 9 0.0843985

4 9 0.112013

5 9 0.139185

6 9 0.165807

7 9 0.191775

8 9 0.216987

9 9 0.241342

10 9 0.264745

11 9 0.287102

12 9 0.308327

13 9 0.328335

14 9 0.347047

15 9 0.36439

16 9 0.380294

17 9 0.394698

18 9 0.407544

19 9 0.418781

20 9 0.428366

21 9 0.43626

22 9 0.442433

23 9 0.446859

24 9 0.449522

25 9 0.450411

26 9 0.449522

27 9 0.446859

28 9 0.442433

29 9 0.43626

30 9 0.428366

31 9 0.418781

32 9 0.407544

33 9 0.394698

34 9 0.380294

35 9 0.36439

36 9 0.347047

37 9 0.328335

38 9 0.308327

39 9 0.287102

40 9 0.264745

41 9 0.241342

42 9 0.216987

43 9 0.191775

44 9 0.165807

45 9 0.139185

46 9 0.112013

47 9 0.0843985

48 9 0.0564514

49 9 0.0282815

50 9 0

0 10 0

1 10 0.0310239

2 10 0.0619254

3 10 0.0925825

4 10 0.122874

5 10 0.152681

6 10 0.181885

7 10 0.210372

8 10 0.238028

9 10 0.264745

10 10 0.290417

11 10 0.314942

12 10 0.338225

13 10 0.360173

14 10 0.3807

15 10 0.399724

16 10 0.417171

17 10 0.432971

18 10 0.447063

19 10 0.45939

20 10 0.469904

21 10 0.478564

22 10 0.485335

23 10 0.49019

24 10 0.493111

25 10 0.494086

26 10 0.493111

27 10 0.49019

28 10 0.485335

29 10 0.478564

30 10 0.469904

31 10 0.45939

32 10 0.447063

33 10 0.432971

34 10 0.417171

35 10 0.399724

36 10 0.3807

37 10 0.360173

38 10 0.338225

39 10 0.314942

40 10 0.290417

41 10 0.264745

42 10 0.238028

43 10 0.210372

44 10 0.181885

45 10 0.152681

46 10 0.122874

47 10 0.0925825

48 10 0.0619254

49 10 0.0310239

50 10 0

0 11 0

1 11 0.0336439

2 11 0.0671551

3 11 0.100401

4 11 0.133251

5 11 0.165575

6 11 0.197246

7 11 0.228138

8 11 0.258129

9 11 0.287102

10 11 0.314942

11 11 0.341539

12 11 0.366789

13 11 0.39059

14 11 0.41285

15 11 0.433481

16 11 0.452401

17 11 0.469536

18 11 0.484817

19 11 0.498185

20 11 0.509588

21 11 0.518979

22 11 0.526321

23 11 0.531587

24 11 0.534755

25 11 0.535812

26 11 0.534755

27 11 0.531587

28 11 0.526321

29 11 0.518979

30 11 0.509588

31 11 0.498185

32 11 0.484817

33 11 0.469536

34 11 0.452401

35 11 0.433481

36 11 0.41285

37 11 0.39059

38 11 0.366789

39 11 0.341539

40 11 0.314942

41 11 0.287102

42 11 0.258129

43 11 0.228138

44 11 0.197246

45 11 0.165575

46 11 0.133251

47 11 0.100401

48 11 0.0671551

49 11 0.0336439

50 11 0

0 12 0

1 12 0.0361311

2 12 0.0721197

3 12 0.107824

4 12 0.143102

5 12 0.177816

6 12 0.211827

7 12 0.245003

8 12 0.277212

9 12 0.308327

10 12 0.338225

11 12 0.366789

12 12 0.393904

13 12 0.419466

14 12 0.443371

15 12 0.465527

16 12 0.485846

17 12 0.504247

18 12 0.520659

19 12 0.535015

20 12 0.54726

21 12 0.557345

22 12 0.565231

23 12 0.570886

24 12 0.574288

25 12 0.575423

26 12 0.574288

27 12 0.570886

28 12 0.565231

29 12 0.557345

30 12 0.54726

31 12 0.535015

32 12 0.520659

33 12 0.504247

34 12 0.485846

35 12 0.465527

36 12 0.443371

37 12 0.419466

38 12 0.393904

39 12 0.366789

40 12 0.338225

41 12 0.308327

42 12 0.277212

43 12 0.245003

44 12 0.211827

45 12 0.177816

46 12 0.143102

47 12 0.107824

48 12 0.0721197

49 12 0.0361311

50 12 0

0 13 0

1 13 0.0384757

2 13 0.0767996

3 13 0.11482

4 13 0.152388

5 13 0.189354

6 13 0.225573

7 13 0.260902

8 13 0.295201

9 13 0.328335

10 13 0.360173

11 13 0.39059

12 13 0.419466

13 13 0.446685

14 13 0.472142

15 13 0.495736

16 13 0.517373

17 13 0.536969

18 13 0.554445

19 13 0.569733

20 13 0.582773

21 13 0.593512

22 13 0.60191

23 13 0.607932

24 13 0.611554

25 13 0.612764

26 13 0.611554

27 13 0.607932

28 13 0.60191

29 13 0.593512

30 13 0.582773

31 13 0.569733

32 13 0.554445

33 13 0.536969

34 13 0.517373

35 13 0.495736

36 13 0.472142

37 13 0.446685

38 13 0.419466

39 13 0.39059

40 13 0.360173

41 13 0.328335

42 13 0.295201

43 13 0.260902

44 13 0.225573

45 13 0.189354

46 13 0.152388

47 13 0.11482

48 13 0.0767996

49 13 0.0384757

50 13 0

0 14 0

1 14 0.0406685

2 14 0.0811765

3 14 0.121364

4 14 0.161073

5 14 0.200146

6 14 0.238429

7 14 0.275771

8 14 0.312025

9 14 0.347047

10 14 0.3807

11 14 0.41285

12 14 0.443371

13 14 0.472142

14 14 0.49905

15 14 0.523989

16 14 0.546859

17 14 0.567571

18 14 0.586043

19 14 0.602203

20 14 0.615986

21 14 0.627337

22 14 0.636213

23 14 0.642578

24 14 0.646408

25 14 0.647686

26 14 0.646408

27 14 0.642578

28 14 0.636213

29 14 0.627337

30 14 0.615986

31 14 0.602203

32 14 0.586043

33 14 0.567571

34 14 0.546859

35 14 0.523989

36 14 0.49905

37 14 0.472142

38 14 0.443371

39 14 0.41285

40 14 0.3807

41 14 0.347047

42 14 0.312025

43 14 0.275771

44 14 0.238429

45 14 0.200146

46 14 0.161073

47 14 0.121364

48 14 0.0811765

49 14 0.0406685

50 14 0

0 15 0

1 15 0.0427008

2 15 0.085233

3 15 0.127429

4 15 0.169122

5 15 0.210147

6 15 0.250344

7 15 0.289552

8 15 0.327617

9 15 0.36439

10 15 0.399724

11 15 0.433481

12 15 0.465527

13 15 0.495736

14 15 0.523989

15 15 0.550173

16 15 0.574186

17 15 0.595934

18 15 0.615329

19 15 0.632296

20 15 0.646767

21 15 0.658686

22 15 0.668006

23 15 0.674689

24 15 0.678709

25 15 0.680051

26 15 0.678709

27 15 0.674689

28 15 0.668006

29 15 0.658686

30 15 0.646767

31 15 0.632296

32 15 0.615329

33 15 0.595934

34 15 0.574186

35 15 0.550173

36 15 0.523989

37 15 0.495736

38 15 0.465527

39 15 0.433481

40 15 0.399724

41 15 0.36439

42 15 0.327617

43 15 0.289552

44 15 0.250344

45 15 0.210147

46 15 0.169122

47 15 0.127429

48 15 0.085233

49 15 0.0427008

50 15 0

0 16 0

1 16 0.0445645

2 16 0.0889532

3 16 0.132991

4 16 0.176504

5 16 0.21932

6 16 0.26127

7 16 0.30219

8 16 0.341917

9 16 0.380294

10 16 0.417171

11 16 0.452401

12 16 0.485846

13 16 0.517373

14 16 0.546859

15 16 0.574186

16 16 0.599248

17 16 0.621944

18 16 0.642186

19 16 0.659893

20 16 0.674997

21 16 0.687436

22 16 0.697162

23 16 0.704137

24 16 0.708333

25 16 0.709733

26 16 0.708333

27 16 0.704137

28 16 0.697162

29 16 0.687436

30 16 0.674997

31 16 0.659893

32 16 0.642186

33 16 0.621944

34 16 0.599248

35 16 0.574186

36 16 0.546859

37 16 0.517373

38 16 0.485846

39 16 0.452401

40 16 0.417171

41 16 0.380294

42 16 0.341917

43 16 0.30219

44 16 0.26127

45 16 0.21932

46 16 0.176504

47 16 0.132991

48 16 0.0889532

49 16 0.0445645

50 16 0

0 17 0

1 17 0.0462524

2 17 0.0923223

3 17 0.138028

4 17 0.183189

5 17 0.227626

6 17 0.271166

7 17 0.313635

8 17 0.354867

9 17 0.394698

10 17 0.432971

11 17 0.469536

12 17 0.504247

13 17 0.536969

14 17 0.567571

15 17 0.595934

16 17 0.621944

17 17 0.6455

18 17 0.666509

19 17 0.684887

20 17 0.700562

21 17 0.713472

22 17 0.723567

23 17 0.730806

24 17 0.735161

25 17 0.736614

26 17 0.735161

27 17 0.730806

28 17 0.723567

29 17 0.713472

30 17 0.700562

31 17 0.684887

32 17 0.666509

33 17 0.6455

34 17 0.621944

35 17 0.595934

36 17 0.567571

37 17 0.536969

38 17 0.504247

39 17 0.469536

40 17 0.432971

41 17 0.394698

42 17 0.354867

43 17 0.313635

44 17 0.271166

45 17 0.227626

46 17 0.183189

47 17 0.138028

48 17 0.0923223

49 17 0.0462524

50 17 0

0 18 0

1 18 0.0477577

2 18 0.095327

3 18 0.14252

4 18 0.189151

5 18 0.235035

6 18 0.279991

7 18 0.323843

8 18 0.366416

9 18 0.407544

10 18 0.447063

11 18 0.484817

12 18 0.520659

13 18 0.554445

14 18 0.586043

15 18 0.615329

16 18 0.642186

17 18 0.666509

18 18 0.688201

19 18 0.707177

20 18 0.723363

21 18 0.736693

22 18 0.747116

23 18 0.754591

24 18 0.759088

25 18 0.760588

26 18 0.759088

27 18 0.754591

28 18 0.747116

29 18 0.736693

30 18 0.723363

31 18 0.707177

32 18 0.688201

33 18 0.666509

34 18 0.642186

35 18 0.615329

36 18 0.586043

37 18 0.554445

38 18 0.520659

39 18 0.484817

40 18 0.447063

41 18 0.407544

42 18 0.366416

43 18 0.323843

44 18 0.279991

45 18 0.235035

46 18 0.189151

47 18 0.14252

48 18 0.095327

49 18 0.0477577

50 18 0

0 19 0

1 19 0.0490746

2 19 0.0979555

3 19 0.14645

4 19 0.194366

5 19 0.241516

6 19 0.287712

7 19 0.332772

8 19 0.37652

9 19 0.418781

10 19 0.45939

11 19 0.498185

12 19 0.535015

13 19 0.569733

14 19 0.602203

15 19 0.632296

16 19 0.659893

17 19 0.684887

18 19 0.707177

19 19 0.726677

20 19 0.743308

21 19 0.757006

22 19 0.767717

23 19 0.775398

24 19 0.780018

25 19 0.781561

26 19 0.780018

27 19 0.775398

28 19 0.767717

29 19 0.757006

30 19 0.743308

31 19 0.726677

32 19 0.707177

33 19 0.684887

34 19 0.659893

35 19 0.632296

36 19 0.602203

37 19 0.569733

38 19 0.535015

39 19 0.498185

40 19 0.45939

41 19 0.418781

42 19 0.37652

43 19 0.332772

44 19 0.287712

45 19 0.241516

46 19 0.194366

47 19 0.14645

48 19 0.0979555

49 19 0.0490746

50 19 0

0 20 0

1 20 0.0501978

2 20 0.100197

3 20 0.149802

4 20 0.198815

5 20 0.247043

6 20 0.294297

7 20 0.340389

8 20 0.385137

9 20 0.428366

10 20 0.469904

11 20 0.509588

12 20 0.54726

13 20 0.582773

14 20 0.615986

15 20 0.646767

16 20 0.674997

17 20 0.700562

18 20 0.723363

19 20 0.743308

20 20 0.760321

21 20 0.774332

22 20 0.785288

23 20 0.793145

24 20 0.797871

25 20 0.799448

26 20 0.797871

27 20 0.793145

28 20 0.785288

29 20 0.774332

30 20 0.760321

31 20 0.743308

32 20 0.723363

33 20 0.700562

34 20 0.674997

35 20 0.646767

36 20 0.615986

37 20 0.582773

38 20 0.54726

39 20 0.509588

40 20 0.469904

41 20 0.428366

42 20 0.385137

43 20 0.340389

44 20 0.294297

45 20 0.247043

46 20 0.198815

47 20 0.149802

48 20 0.100197

49 20 0.0501978

50 20 0

0 21 0

1 21 0.0511229

2 21 0.102044

3 21 0.152562

4 21 0.202479

5 21 0.251596

6 21 0.29972

7 21 0.346661

8 21 0.392235

9 21 0.43626

10 21 0.478564

11 21 0.518979

12 21 0.557345

13 21 0.593512

14 21 0.627337

15 21 0.658686

16 21 0.687436

17 21 0.713472

18 21 0.736693

19 21 0.757006

20 21 0.774332

21 21 0.788602

22 21 0.79976

23 21 0.807761

24 21 0.812575

25 21 0.814181

26 21 0.812575

27 21 0.807761

28 21 0.79976

29 21 0.788602

30 21 0.774332

31 21 0.757006

32 21 0.736693

33 21 0.713472

34 21 0.687436

35 21 0.658686

36 21 0.627337

37 21 0.593512

38 21 0.557345

39 21 0.518979

40 21 0.478564

41 21 0.43626

42 21 0.392235

43 21 0.346661

44 21 0.29972

45 21 0.251596

46 21 0.202479

47 21 0.152562

48 21 0.102044

49 21 0.0511229

50 21 0

0 22 0

1 22 0.0518462

2 22 0.103488

3 22 0.154721

4 22 0.205343

5 22 0.255156

6 22 0.303961

7 22 0.351566

8 22 0.397784

9 22 0.442433

10 22 0.485335

11 22 0.526321

12 22 0.565231

13 22 0.60191

14 22 0.636213

15 22 0.668006

16 22 0.697162

17 22 0.723567

18 22 0.747116

19 22 0.767717

20 22 0.785288

21 22 0.79976

22 22 0.811075

23 22 0.81919

24 22 0.824071

25 22 0.825701

26 22 0.824071

27 22 0.81919

28 22 0.811075

29 22 0.79976

30 22 0.785288

31 22 0.767717

32 22 0.747116

33 22 0.723567

34 22 0.697162

35 22 0.668006

36 22 0.636213

37 22 0.60191

38 22 0.565231

39 22 0.526321

40 22 0.485335

41 22 0.442433

42 22 0.397784

43 22 0.351566

44 22 0.303961

45 22 0.255156

46 22 0.205343

47 22 0.154721

48 22 0.103488

49 22 0.0518462

50 22 0

0 23 0

1 23 0.0523649

2 23 0.104523

3 23 0.156269

4 23 0.207398

5 23 0.257708

6 23 0.307002

7 23 0.355084

8 23 0.401764

9 23 0.446859

10 23 0.49019

11 23 0.531587

12 23 0.570886

13 23 0.607932

14 23 0.642578

15 23 0.674689

16 23 0.704137

17 23 0.730806

18 23 0.754591

19 23 0.775398

20 23 0.793145

21 23 0.807761

22 23 0.81919

23 23 0.827385

24 23 0.832316

25 23 0.833961

26 23 0.832316

27 23 0.827385

28 23 0.81919

29 23 0.807761

30 23 0.793145

31 23 0.775398

32 23 0.754591

33 23 0.730806

34 23 0.704137

35 23 0.674689

36 23 0.642578

37 23 0.607932

38 23 0.570886

39 23 0.531587

40 23 0.49019

41 23 0.446859

42 23 0.401764

43 23 0.355084

44 23 0.307002

45 23 0.257708

46 23 0.207398

47 23 0.156269

48 23 0.104523

49 23 0.0523649

50 23 0

0 24 0

1 24 0.0526769

2 24 0.105146

3 24 0.1572

4 24 0.208634

5 24 0.259244

6 24 0.308831

7 24 0.357199

8 24 0.404158

9 24 0.449522

10 24 0.493111

11 24 0.534755

12 24 0.574288

13 24 0.611554

14 24 0.646408

15 24 0.678709

16 24 0.708333

17 24 0.735161

18 24 0.759088

19 24 0.780018

20 24 0.797871

21 24 0.812575

22 24 0.824071

23 24 0.832316

24 24 0.837276

25 24 0.838931

26 24 0.837276

27 24 0.832316

28 24 0.824071

29 24 0.812575

30 24 0.797871

31 24 0.780018

32 24 0.759088

33 24 0.735161

34 24 0.708333

35 24 0.678709

36 24 0.646408

37 24 0.611554

38 24 0.574288

39 24 0.534755

40 24 0.493111

41 24 0.449522

42 24 0.404158

43 24 0.357199

44 24 0.308831

45 24 0.259244

46 24 0.208634

47 24 0.1572

48 24 0.105146

49 24 0.0526769

50 24 0

0 25 0

1 25 0.0527811

2 25 0.105354

3 25 0.157511

4 25 0.209046

5 25 0.259757

6 25 0.309442

7 25 0.357906

8 25 0.404957

9 25 0.450411

10 25 0.494086

11 25 0.535812

12 25 0.575423

13 25 0.612764

14 25 0.647686

15 25 0.680051

16 25 0.709733

17 25 0.736614

18 25 0.760588

19 25 0.781561

20 25 0.799448

21 25 0.814181

22 25 0.825701

23 25 0.833961

24 25 0.838931

25 25 0.84059

26 25 0.838931

27 25 0.833961

28 25 0.825701

29 25 0.814181

30 25 0.799448

31 25 0.781561

32 25 0.760588

33 25 0.736614

34 25 0.709733

35 25 0.680051

36 25 0.647686

37 25 0.612764

38 25 0.575423

39 25 0.535812

40 25 0.494086

41 25 0.450411

42 25 0.404957

43 25 0.357906

44 25 0.309442

45 25 0.259757

46 25 0.209046

47 25 0.157511

48 25 0.105354

49 25 0.0527811

50 25 0

0 26 0

1 26 0.0526769

2 26 0.105146

3 26 0.1572

4 26 0.208634

5 26 0.259244

6 26 0.308831

7 26 0.357199

8 26 0.404158

9 26 0.449522

10 26 0.493111

11 26 0.534755

12 26 0.574288

13 26 0.611554

14 26 0.646408

15 26 0.678709

16 26 0.708333

17 26 0.735161

18 26 0.759088

19 26 0.780018

20 26 0.797871

21 26 0.812575

22 26 0.824071

23 26 0.832316

24 26 0.837276

25 26 0.838931

26 26 0.837276

27 26 0.832316

28 26 0.824071

29 26 0.812575

30 26 0.797871

31 26 0.780018

32 26 0.759088

33 26 0.735161

34 26 0.708333

35 26 0.678709

36 26 0.646408

37 26 0.611554

38 26 0.574288

39 26 0.534755

40 26 0.493111

41 26 0.449522

42 26 0.404158

43 26 0.357199

44 26 0.308831

45 26 0.259244

46 26 0.208634

47 26 0.1572

48 26 0.105146

49 26 0.0526769

50 26 0

0 27 0

1 27 0.0523649

2 27 0.104523

3 27 0.156269

4 27 0.207398

5 27 0.257708

6 27 0.307002

7 27 0.355084

8 27 0.401764

9 27 0.446859

10 27 0.49019

11 27 0.531587

12 27 0.570886

13 27 0.607932

14 27 0.642578

15 27 0.674689

16 27 0.704137

17 27 0.730806

18 27 0.754591

19 27 0.775398

20 27 0.793145

21 27 0.807761

22 27 0.81919

23 27 0.827385

24 27 0.832316

25 27 0.833961

26 27 0.832316

27 27 0.827385

28 27 0.81919

29 27 0.807761

30 27 0.793145

31 27 0.775398

32 27 0.754591

33 27 0.730806

34 27 0.704137

35 27 0.674689

36 27 0.642578

37 27 0.607932

38 27 0.570886

39 27 0.531587

40 27 0.49019

41 27 0.446859

42 27 0.401764

43 27 0.355084

44 27 0.307002

45 27 0.257708

46 27 0.207398

47 27 0.156269

48 27 0.104523

49 27 0.0523649

50 27 0

0 28 0

1 28 0.0518462

2 28 0.103488

3 28 0.154721

4 28 0.205343

5 28 0.255156

6 28 0.303961

7 28 0.351566

8 28 0.397784

9 28 0.442433

10 28 0.485335

11 28 0.526321

12 28 0.565231

13 28 0.60191

14 28 0.636213

15 28 0.668006

16 28 0.697162

17 28 0.723567

18 28 0.747116

19 28 0.767717

20 28 0.785288

21 28 0.79976

22 28 0.811075

23 28 0.81919

24 28 0.824071

25 28 0.825701

26 28 0.824071

27 28 0.81919

28 28 0.811075

29 28 0.79976

30 28 0.785288

31 28 0.767717

32 28 0.747116

33 28 0.723567

34 28 0.697162

35 28 0.668006

36 28 0.636213

37 28 0.60191

38 28 0.565231

39 28 0.526321

40 28 0.485335

41 28 0.442433

42 28 0.397784

43 28 0.351566

44 28 0.303961

45 28 0.255156

46 28 0.205343

47 28 0.154721

48 28 0.103488

49 28 0.0518462

50 28 0

0 29 0

1 29 0.0511229

2 29 0.102044

3 29 0.152562

4 29 0.202479

5 29 0.251596

6 29 0.29972

7 29 0.346661

8 29 0.392235

9 29 0.43626

10 29 0.478564

11 29 0.518979

12 29 0.557345

13 29 0.593512

14 29 0.627337

15 29 0.658686

16 29 0.687436

17 29 0.713472

18 29 0.736693

19 29 0.757006

20 29 0.774332

21 29 0.788602

22 29 0.79976

23 29 0.807761

24 29 0.812575

25 29 0.814181

26 29 0.812575

27 29 0.807761

28 29 0.79976

29 29 0.788602

30 29 0.774332

31 29 0.757006

32 29 0.736693

33 29 0.713472

34 29 0.687436

35 29 0.658686

36 29 0.627337

37 29 0.593512

38 29 0.557345

39 29 0.518979

40 29 0.478564

41 29 0.43626

42 29 0.392235

43 29 0.346661

44 29 0.29972

45 29 0.251596

46 29 0.202479

47 29 0.152562

48 29 0.102044

49 29 0.0511229

50 29 0

0 30 0

1 30 0.0501978

2 30 0.100197

3 30 0.149802

4 30 0.198815

5 30 0.247043

6 30 0.294297

7 30 0.340389

8 30 0.385137

9 30 0.428366

10 30 0.469904

11 30 0.509588

12 30 0.54726

13 30 0.582773

14 30 0.615986

15 30 0.646767

16 30 0.674997

17 30 0.700562

18 30 0.723363

19 30 0.743308

20 30 0.760321

21 30 0.774332

22 30 0.785288

23 30 0.793145

24 30 0.797871

25 30 0.799448

26 30 0.797871

27 30 0.793145

28 30 0.785288

29 30 0.774332

30 30 0.760321

31 30 0.743308

32 30 0.723363

33 30 0.700562

34 30 0.674997

35 30 0.646767

36 30 0.615986

37 30 0.582773

38 30 0.54726

39 30 0.509588

40 30 0.469904

41 30 0.428366

42 30 0.385137

43 30 0.340389

44 30 0.294297

45 30 0.247043

46 30 0.198815

47 30 0.149802

48 30 0.100197

49 30 0.0501978

50 30 0

0 31 0

1 31 0.0490746

2 31 0.0979555

3 31 0.14645

4 31 0.194366

5 31 0.241516

6 31 0.287712

7 31 0.332772

8 31 0.37652

9 31 0.418781

10 31 0.45939

11 31 0.498185

12 31 0.535015

13 31 0.569733

14 31 0.602203

15 31 0.632296

16 31 0.659893

17 31 0.684887

18 31 0.707177

19 31 0.726677

20 31 0.743308

21 31 0.757006

22 31 0.767717

23 31 0.775398

24 31 0.780018

25 31 0.781561

26 31 0.780018

27 31 0.775398

28 31 0.767717

29 31 0.757006

30 31 0.743308

31 31 0.726677

32 31 0.707177

33 31 0.684887

34 31 0.659893

35 31 0.632296

36 31 0.602203

37 31 0.569733

38 31 0.535015

39 31 0.498185

40 31 0.45939

41 31 0.418781

42 31 0.37652

43 31 0.332772

44 31 0.287712

45 31 0.241516

46 31 0.194366

47 31 0.14645

48 31 0.0979555

49 31 0.0490746

50 31 0

0 32 0

1 32 0.0477577

2 32 0.095327

3 32 0.14252

4 32 0.189151

5 32 0.235035

6 32 0.279991

7 32 0.323843

8 32 0.366416

9 32 0.407544

10 32 0.447063

11 32 0.484817

12 32 0.520659

13 32 0.554445

14 32 0.586043

15 32 0.615329

16 32 0.642186

17 32 0.666509

18 32 0.688201

19 32 0.707177

20 32 0.723363

21 32 0.736693

22 32 0.747116

23 32 0.754591

24 32 0.759088

25 32 0.760588

26 32 0.759088

27 32 0.754591

28 32 0.747116

29 32 0.736693

30 32 0.723363

31 32 0.707177

32 32 0.688201

33 32 0.666509

34 32 0.642186

35 32 0.615329

36 32 0.586043

37 32 0.554445

38 32 0.520659

39 32 0.484817

40 32 0.447063

41 32 0.407544

42 32 0.366416

43 32 0.323843

44 32 0.279991

45 32 0.235035

46 32 0.189151

47 32 0.14252

48 32 0.095327

49 32 0.0477577

50 32 0

0 33 0

1 33 0.0462524

2 33 0.0923223

3 33 0.138028

4 33 0.183189

5 33 0.227626

6 33 0.271166

7 33 0.313635

8 33 0.354867

9 33 0.394698

10 33 0.432971

11 33 0.469536

12 33 0.504247

13 33 0.536969

14 33 0.567571

15 33 0.595934

16 33 0.621944

17 33 0.6455

18 33 0.666509

19 33 0.684887

20 33 0.700562

21 33 0.713472

22 33 0.723567

23 33 0.730806

24 33 0.735161

25 33 0.736614

26 33 0.735161

27 33 0.730806

28 33 0.723567

29 33 0.713472

30 33 0.700562

31 33 0.684887

32 33 0.666509

33 33 0.6455

34 33 0.621944

35 33 0.595934

36 33 0.567571

37 33 0.536969

38 33 0.504247

39 33 0.469536

40 33 0.432971

41 33 0.394698

42 33 0.354867

43 33 0.313635

44 33 0.271166

45 33 0.227626

46 33 0.183189

47 33 0.138028

48 33 0.0923223

49 33 0.0462524

50 33 0

0 34 0

1 34 0.0445645

2 34 0.0889532

3 34 0.132991

4 34 0.176504

5 34 0.21932

6 34 0.26127

7 34 0.30219

8 34 0.341917

9 34 0.380294

10 34 0.417171

11 34 0.452401

12 34 0.485846

13 34 0.517373

14 34 0.546859

15 34 0.574186

16 34 0.599248

17 34 0.621944

18 34 0.642186

19 34 0.659893

20 34 0.674997

21 34 0.687436

22 34 0.697162

23 34 0.704137

24 34 0.708333

25 34 0.709733

26 34 0.708333

27 34 0.704137

28 34 0.697162

29 34 0.687436

30 34 0.674997

31 34 0.659893

32 34 0.642186

33 34 0.621944

34 34 0.599248

35 34 0.574186

36 34 0.546859

37 34 0.517373

38 34 0.485846

39 34 0.452401

40 34 0.417171

41 34 0.380294

42 34 0.341917

43 34 0.30219

44 34 0.26127

45 34 0.21932

46 34 0.176504

47 34 0.132991

48 34 0.0889532

49 34 0.0445645

50 34 0

0 35 0

1 35 0.0427008

2 35 0.085233

3 35 0.127429

4 35 0.169122

5 35 0.210147

6 35 0.250344

7 35 0.289552

8 35 0.327617

9 35 0.36439

10 35 0.399724

11 35 0.433481

12 35 0.465527

13 35 0.495736

14 35 0.523989

15 35 0.550173

16 35 0.574186

17 35 0.595934

18 35 0.615329

19 35 0.632296

20 35 0.646767

21 35 0.658686

22 35 0.668006

23 35 0.674689

24 35 0.678709

25 35 0.680051

26 35 0.678709

27 35 0.674689

28 35 0.668006

29 35 0.658686

30 35 0.646767

31 35 0.632296

32 35 0.615329

33 35 0.595934

34 35 0.574186

35 35 0.550173

36 35 0.523989

37 35 0.495736

38 35 0.465527

39 35 0.433481

40 35 0.399724

41 35 0.36439

42 35 0.327617

43 35 0.289552

44 35 0.250344

45 35 0.210147

46 35 0.169122

47 35 0.127429

48 35 0.085233

49 35 0.0427008

50 35 0

0 36 0

1 36 0.0406685

2 36 0.0811765

3 36 0.121364

4 36 0.161073

5 36 0.200146

6 36 0.238429

7 36 0.275771

8 36 0.312025

9 36 0.347047

10 36 0.3807

11 36 0.41285

12 36 0.443371

13 36 0.472142

14 36 0.49905

15 36 0.523989

16 36 0.546859

17 36 0.567571

18 36 0.586043

19 36 0.602203

20 36 0.615986

21 36 0.627337

22 36 0.636213

23 36 0.642578

24 36 0.646408

25 36 0.647686

26 36 0.646408

27 36 0.642578

28 36 0.636213

29 36 0.627337

30 36 0.615986

31 36 0.602203

32 36 0.586043

33 36 0.567571

34 36 0.546859

35 36 0.523989

36 36 0.49905

37 36 0.472142

38 36 0.443371

39 36 0.41285

40 36 0.3807

41 36 0.347047

42 36 0.312025

43 36 0.275771

44 36 0.238429

45 36 0.200146

46 36 0.161073

47 36 0.121364

48 36 0.0811765

49 36 0.0406685

50 36 0

0 37 0

1 37 0.0384757

2 37 0.0767996

3 37 0.11482

4 37 0.152388

5 37 0.189354

6 37 0.225573

7 37 0.260902

8 37 0.295201

9 37 0.328335

10 37 0.360173

11 37 0.39059

12 37 0.419466

13 37 0.446685

14 37 0.472142

15 37 0.495736

16 37 0.517373

17 37 0.536969

18 37 0.554445

19 37 0.569733

20 37 0.582773

21 37 0.593512

22 37 0.60191

23 37 0.607932

24 37 0.611554

25 37 0.612764

26 37 0.611554

27 37 0.607932

28 37 0.60191

29 37 0.593512

30 37 0.582773

31 37 0.569733

32 37 0.554445

33 37 0.536969

34 37 0.517373

35 37 0.495736

36 37 0.472142

37 37 0.446685

38 37 0.419466

39 37 0.39059

40 37 0.360173

41 37 0.328335

42 37 0.295201

43 37 0.260902

44 37 0.225573

45 37 0.189354

46 37 0.152388

47 37 0.11482

48 37 0.0767996

49 37 0.0384757

50 37 0

0 38 0

1 38 0.0361311

2 38 0.0721197

3 38 0.107824

4 38 0.143102

5 38 0.177816

6 38 0.211827

7 38 0.245003

8 38 0.277212

9 38 0.308327

10 38 0.338225

11 38 0.366789

12 38 0.393904

13 38 0.419466

14 38 0.443371

15 38 0.465527

16 38 0.485846

17 38 0.504247

18 38 0.520659

19 38 0.535015

20 38 0.54726

21 38 0.557345

22 38 0.565231

23 38 0.570886

24 38 0.574288

25 38 0.575423

26 38 0.574288

27 38 0.570886

28 38 0.565231

29 38 0.557345

30 38 0.54726

31 38 0.535015

32 38 0.520659

33 38 0.504247

34 38 0.485846

35 38 0.465527

36 38 0.443371

37 38 0.419466

38 38 0.393904

39 38 0.366789

40 38 0.338225

41 38 0.308327

42 38 0.277212

43 38 0.245003

44 38 0.211827

45 38 0.177816

46 38 0.143102

47 38 0.107824

48 38 0.0721197

49 38 0.0361311

50 38 0

0 39 0

1 39 0.0336439

2 39 0.0671551

3 39 0.100401

4 39 0.133251

5 39 0.165575

6 39 0.197246

7 39 0.228138

8 39 0.258129

9 39 0.287102

10 39 0.314942

11 39 0.341539

12 39 0.366789

13 39 0.39059

14 39 0.41285

15 39 0.433481

16 39 0.452401

17 39 0.469536

18 39 0.484817

19 39 0.498185

20 39 0.509588

21 39 0.518979

22 39 0.526321

23 39 0.531587

24 39 0.534755

25 39 0.535812

26 39 0.534755

27 39 0.531587

28 39 0.526321

29 39 0.518979

30 39 0.509588

31 39 0.498185

32 39 0.484817

33 39 0.469536

34 39 0.452401

35 39 0.433481

36 39 0.41285

37 39 0.39059

38 39 0.366789

39 39 0.341539

40 39 0.314942

41 39 0.287102

42 39 0.258129

43 39 0.228138

44 39 0.197246

45 39 0.165575

46 39 0.133251

47 39 0.100401

48 39 0.0671551

49 39 0.0336439

50 39 0

0 40 0

1 40 0.0310239

2 40 0.0619254

3 40 0.0925825

4 40 0.122874

5 40 0.152681

6 40 0.181885

7 40 0.210372

8 40 0.238028

9 40 0.264745

10 40 0.290417

11 40 0.314942

12 40 0.338225

13 40 0.360173

14 40 0.3807

15 40 0.399724

16 40 0.417171

17 40 0.432971

18 40 0.447063

19 40 0.45939

20 40 0.469904

21 40 0.478564

22 40 0.485335

23 40 0.49019

24 40 0.493111

25 40 0.494086

26 40 0.493111

27 40 0.49019

28 40 0.485335

29 40 0.478564

30 40 0.469904

31 40 0.45939

32 40 0.447063

33 40 0.432971

34 40 0.417171

35 40 0.399724

36 40 0.3807

37 40 0.360173

38 40 0.338225

39 40 0.314942

40 40 0.290417

41 40 0.264745

42 40 0.238028

43 40 0.210372

44 40 0.181885

45 40 0.152681

46 40 0.122874

47 40 0.0925825

48 40 0.0619254

49 40 0.0310239

50 40 0

0 41 0

1 41 0.0282815

2 41 0.0564514

3 41 0.0843985

4 41 0.112013

5 41 0.139185

6 41 0.165807

7 41 0.191775

8 41 0.216987

9 41 0.241342

10 41 0.264745

11 41 0.287102

12 41 0.308327

13 41 0.328335

14 41 0.347047

15 41 0.36439

16 41 0.380294

17 41 0.394698

18 41 0.407544

19 41 0.418781

20 41 0.428366

21 41 0.43626

22 41 0.442433

23 41 0.446859

24 41 0.449522

25 41 0.450411

26 41 0.449522

27 41 0.446859

28 41 0.442433

29 41 0.43626

30 41 0.428366

31 41 0.418781

32 41 0.407544

33 41 0.394698

34 41 0.380294

35 41 0.36439

36 41 0.347047

37 41 0.328335

38 41 0.308327

39 41 0.287102

40 41 0.264745

41 41 0.241342

42 41 0.216987

43 41 0.191775

44 41 0.165807

45 41 0.139185

46 41 0.112013

47 41 0.0843985

48 41 0.0564514

49 41 0.0282815

50 41 0

0 42 0

1 42 0.0254275

2 42 0.0507546

3 42 0.0758814

4 42 0.100709

5 42 0.125139

6 42 0.149075

7 42 0.172422

8 42 0.19509

9 42 0.216987

10 42 0.238028

11 42 0.258129

12 42 0.277212

13 42 0.295201

14 42 0.312025

15 42 0.327617

16 42 0.341917

17 42 0.354867

18 42 0.366416

19 42 0.37652

20 42 0.385137

21 42 0.392235

22 42 0.397784

23 42 0.401764

24 42 0.404158

25 42 0.404957

26 42 0.404158

27 42 0.401764

28 42 0.397784

29 42 0.392235

30 42 0.385137

31 42 0.37652

32 42 0.366416

33 42 0.354867

34 42 0.341917

35 42 0.327617

36 42 0.312025

37 42 0.295201

38 42 0.277212

39 42 0.258129

40 42 0.238028

41 42 0.216987

42 42 0.19509

43 42 0.172422

44 42 0.149075

45 42 0.125139

46 42 0.100709

47 42 0.0758814

48 42 0.0507546

49 42 0.0254275

50 42 0

0 43 0

1 43 0.0224731

2 43 0.0448575

3 43 0.0670648

4 43 0.0890075

5 43 0.110599

6 43 0.131754

7 43 0.152389

8 43 0.172422

9 43 0.191775

10 43 0.210372

11 43 0.228138

12 43 0.245003

13 43 0.260902

14 43 0.275771

15 43 0.289552

16 43 0.30219

17 43 0.313635

18 43 0.323843

19 43 0.332772

20 43 0.340389

21 43 0.346661

22 43 0.351566

23 43 0.355084

24 43 0.357199

25 43 0.357906

26 43 0.357199

27 43 0.355084

28 43 0.351566

29 43 0.346661

30 43 0.340389

31 43 0.332772

32 43 0.323843

33 43 0.313635

34 43 0.30219

35 43 0.289552

36 43 0.275771

37 43 0.260902

38 43 0.245003

39 43 0.228138

40 43 0.210372

41 43 0.191775

42 43 0.172422

43 43 0.152389

44 43 0.131754

45 43 0.110599

46 43 0.0890075

47 43 0.0670648

48 43 0.0448575

49 43 0.0224731

50 43 0

0 44 0

1 44 0.01943

2 44 0.0387833

3 44 0.0579836

4 44 0.076955

5 44 0.0956228

6 44 0.113913

7 44 0.131754

8 44 0.149075

9 44 0.165807

10 44 0.181885

11 44 0.197246

12 44 0.211827

13 44 0.225573

14 44 0.238429

15 44 0.250344

16 44 0.26127

17 44 0.271166

18 44 0.279991

19 44 0.287712

20 44 0.294297

21 44 0.29972

22 44 0.303961

23 44 0.307002

24 44 0.308831

25 44 0.309442

26 44 0.308831

27 44 0.307002

28 44 0.303961

29 44 0.29972

30 44 0.294297

31 44 0.287712

32 44 0.279991

33 44 0.271166

34 44 0.26127

35 44 0.250344

36 44 0.238429

37 44 0.225573

38 44 0.211827

39 44 0.197246

40 44 0.181885

41 44 0.165807

42 44 0.149075

43 44 0.131754

44 44 0.113913

45 44 0.0956228

46 44 0.076955

47 44 0.0579836

48 44 0.0387833

49 44 0.01943

50 44 0

0 45 0

1 45 0.0163102

2 45 0.0325561

3 45 0.0486735

4 45 0.0645988

5 45 0.0802692

6 45 0.0956228

7 45 0.110599

8 45 0.125139

9 45 0.139185

10 45 0.152681

11 45 0.165575

12 45 0.177816

13 45 0.189354

14 45 0.200146

15 45 0.210147

16 45 0.21932

17 45 0.227626

18 45 0.235035

19 45 0.241516

20 45 0.247043

21 45 0.251596

22 45 0.255156

23 45 0.257708

24 45 0.259244

25 45 0.259757

26 45 0.259244

27 45 0.257708

28 45 0.255156

29 45 0.251596

30 45 0.247043

31 45 0.241516

32 45 0.235035

33 45 0.227626

34 45 0.21932

35 45 0.210147

36 45 0.200146

37 45 0.189354

38 45 0.177816

39 45 0.165575

40 45 0.152681

41 45 0.139185

42 45 0.125139

43 45 0.110599

44 45 0.0956228

45 45 0.0802692

46 45 0.0645988

47 45 0.0486735

48 45 0.0325561

49 45 0.0163102

50 45 0

0 46 0

1 46 0.0131261

2 46 0.0262004

3 46 0.0391713

4 46 0.0519877

5 46 0.0645988

6 46 0.076955

7 46 0.0890075

8 46 0.100709

9 46 0.112013

10 46 0.122874

11 46 0.133251

12 46 0.143102

13 46 0.152388

14 46 0.161073

15 46 0.169122

16 46 0.176504

17 46 0.183189

18 46 0.189151

19 46 0.194366

20 46 0.198815

21 46 0.202479

22 46 0.205343

23 46 0.207398

24 46 0.208634

25 46 0.209046

26 46 0.208634

27 46 0.207398

28 46 0.205343

29 46 0.202479

30 46 0.198815

31 46 0.194366

32 46 0.189151

33 46 0.183189

34 46 0.176504

35 46 0.169122

36 46 0.161073

37 46 0.152388

38 46 0.143102

39 46 0.133251

40 46 0.122874

41 46 0.112013

42 46 0.100709

43 46 0.0890075

44 46 0.076955

45 46 0.0645988

46 46 0.0519877

47 46 0.0391713

48 46 0.0262004

49 46 0.0131261

50 46 0

0 47 0

1 47 0.00989019

2 47 0.0197413

3 47 0.0295146

4 47 0.0391713

5 47 0.0486735

6 47 0.0579836

7 47 0.0670648

8 47 0.0758814

9 47 0.0843985

10 47 0.0925825

11 47 0.100401

12 47 0.107824

13 47 0.11482

14 47 0.121364

15 47 0.127429

16 47 0.132991

17 47 0.138028

18 47 0.14252

19 47 0.14645

20 47 0.149802

21 47 0.152562

22 47 0.154721

23 47 0.156269

24 47 0.1572

25 47 0.157511

26 47 0.1572

27 47 0.156269

28 47 0.154721

29 47 0.152562

30 47 0.149802

31 47 0.14645

32 47 0.14252

33 47 0.138028

34 47 0.132991

35 47 0.127429

36 47 0.121364

37 47 0.11482

38 47 0.107824

39 47 0.100401

40 47 0.0925825

41 47 0.0843985

42 47 0.0758814

43 47 0.0670648

44 47 0.0579836

45 47 0.0486735

46 47 0.0391713

47 47 0.0295146

48 47 0.0197413

49 47 0.00989019

50 47 0

0 48 0

1 48 0.00661522

2 48 0.0132043

3 48 0.0197413

4 48 0.0262004

5 48 0.0325561

6 48 0.0387833

7 48 0.0448575

8 48 0.0507546

9 48 0.0564514

10 48 0.0619254

11 48 0.0671551

12 48 0.0721197

13 48 0.0767996

14 48 0.0811765

15 48 0.085233

16 48 0.0889532

17 48 0.0923223

18 48 0.095327

19 48 0.0979555

20 48 0.100197

21 48 0.102044

22 48 0.103488

23 48 0.104523

24 48 0.105146

25 48 0.105354

26 48 0.105146

27 48 0.104523

28 48 0.103488

29 48 0.102044

30 48 0.100197

31 48 0.0979555

32 48 0.095327

33 48 0.0923223

34 48 0.0889532

35 48 0.085233

36 48 0.0811765

37 48 0.0767996

38 48 0.0721197

39 48 0.0671551

40 48 0.0619254

41 48 0.0564514

42 48 0.0507546

43 48 0.0448575

44 48 0.0387833

45 48 0.0325561

46 48 0.0262004

47 48 0.0197413

48 48 0.0132043

49 48 0.00661522

50 48 0

0 49 0

1 49 0.00331415

2 49 0.00661522

3 49 0.00989019

4 49 0.0131261

5 49 0.0163102

6 49 0.01943

7 49 0.0224731

8 49 0.0254275

9 49 0.0282815

10 49 0.0310239

11 49 0.0336439

12 49 0.0361311

13 49 0.0384757

14 49 0.0406685

15 49 0.0427008

16 49 0.0445645

17 49 0.0462524

18 49 0.0477577

19 49 0.0490746

20 49 0.0501978

21 49 0.0511229

22 49 0.0518462

23 49 0.0523649

24 49 0.0526769

25 49 0.0527811

26 49 0.0526769

27 49 0.0523649

28 49 0.0518462

29 49 0.0511229

30 49 0.0501978

31 49 0.0490746

32 49 0.0477577

33 49 0.0462524

34 49 0.0445645

35 49 0.0427008

36 49 0.0406685

37 49 0.0384757

38 49 0.0361311

39 49 0.0336439

40 49 0.0310239

41 49 0.0282815

42 49 0.0254275

43 49 0.0224731

44 49 0.01943

45 49 0.0163102

46 49 0.0131261

47 49 0.00989019

48 49 0.00661522

49 49 0.00331415

50 49 0

