0 1 0

1 1 0.000363524

2 1 0.000725614

3 1 0.00108484

4 1 0.00143979

5 1 0.00178905

6 1 0.00213125

7 1 0.00246504

8 1 0.0027891

9 1 0.00310216

10 1 0.00340297

11 1 0.00369035

12 1 0.00396317

13 1 0.00422035

14 1 0.00446087

15 1 0.00468379

16 1 0.00488822

17 1 0.00507336

18 1 0.00523848

19 1 0.00538292

20 1 0.00550612

21 1 0.00560759

22 1 0.00568693

23 1 0.00574383

24 1 0.00577806

25 1 0.00578948

26 1 0.00577806

27 1 0.00574383

28 1 0.00568693

29 1 0.00560759

30 1 0.00550612

31 1 0.00538292

32 1 0.00523848

33 1 0.00507336

34 1 0.00488822

35 1 0.00468379

36 1 0.00446087

37 1 0.00422035

38 1 0.00396317

39 1 0.00369035

40 1 0.00340297

41 1 0.00310216

42 1 0.0027891

43 1 0.00246504

44 1 0.00213125

45 1 0.00178905

46 1 0.00143979

47 1 0.00108484

48 1 0.000725614

49 1 0.000363524

50 1 0

0 2 0

1 2 0.000725614

2 2 0.00144836

3 2 0.0021654

4 2 0.00287389

5 2 0.00357104

6 2 0.00425409

7 2 0.00492035

8 2 0.0055672

9 2 0.00619207

10 2 0.00679251

11 2 0.00736614

12 2 0.0079107

13 2 0.00842404

14 2 0.00890414

15 2 0.00934909

16 2 0.00975715

17 2 0.0101267

18 2 0.0104563

19 2 0.0107446

20 2 0.0109905

21 2 0.0111931

22 2 0.0113514

23 2 0.011465

24 2 0.0115333

25 2 0.0115561

26 2 0.0115333

27 2 0.011465

28 2 0.0113514

29 2 0.0111931

30 2 0.0109905

31 2 0.0107446

32 2 0.0104563

33 2 0.0101267

34 2 0.00975715

35 2 0.00934909

36 2 0.00890414

37 2 0.00842404

38 2 0.0079107

39 2 0.00736614

40 2 0.00679251

41 2 0.00619207

42 2 0.0055672

43 2 0.00492035

44 2 0.00425409

45 2 0.00357104

46 2 0.00287389

47 2 0.0021654

48 2 0.00144836

49 2 0.000725614

50 2 0

0 3 0

1 3 0.00108484

2 3 0.0021654

3 3 0.00323741

4 3 0.00429665

5 3 0.00533893

6 3 0.00636014

7 3 0.00735625

8 3 0.00832332

9 3 0.00925755

10 3 0.0101552

11 3 0.0110129

12 3 0.011827

13 3 0.0125945

14 3 0.0133123

15 3 0.0139775

16 3 0.0145876

17 3 0.0151401

18 3 0.0156328

19 3 0.0160639

20 3 0.0164315

21 3 0.0167343

22 3 0.0169711

23 3 0.0171409

24 3 0.017243

25 3 0.0172771

26 3 0.017243

27 3 0.0171409

28 3 0.0169711

29 3 0.0167343

30 3 0.0164315

31 3 0.0160639

32 3 0.0156328

33 3 0.0151401

34 3 0.0145876

35 3 0.0139775

36 3 0.0133123

37 3 0.0125945

38 3 0.011827

39 3 0.0110129

40 3 0.0101552

41 3 0.00925755

42 3 0.00832332

43 3 0.00735625

44 3 0.00636014

45 3 0.00533893

46 3 0.00429665

47 3 0.00323741

48 3 0.0021654

49 3 0.00108484

50 3 0

0 4 0

1 4 0.00143979

2 4 0.00287389

3 4 0.00429665

4 4 0.00570245

5 4 0.00708575

6 4 0.00844109

7 4 0.00976311

8 4 0.0110466

9 4 0.0122865

10 4 0.0134779

11 4 0.0146161

12 4 0.0156966

13 4 0.0167152

14 4 0.0176679

15 4 0.0185507

16 4 0.0193604

17 4 0.0200937

18 4 0.0207477

19 4 0.0213198

20 4 0.0218077

21 4 0.0222096

22 4 0.0225238

23 4 0.0227492

24 4 0.0228847

25 4 0.02293

26 4 0.0228847

27 4 0.0227492

28 4 0.0225238

29 4 0.0222096

30 4 0.0218077

31 4 0.0213198

32 4 0.0207477

33 4 0.0200937

34 4 0.0193604

35 4 0.0185507

36 4 0.0176679

37 4 0.0167152

38 4 0.0156966

39 4 0.0146161

40 4 0.0134779

41 4 0.0122865

42 4 0.0110466

43 4 0.00976311

44 4 0.00844109

45 4 0.00708575

46 4 0.00570245

47 4 0.00429665

48 4 0.00287389

49 4 0.00143979

50 4 0

0 5 0

1 5 0.00178905

2 5 0.00357104

3 5 0.00533893

4 5 0.00708575

5 5 0.00880461

6 5 0.0104887

7 5 0.0121314

8 5 0.0137263

9 5 0.015267

10 5 0.0167474

11 5 0.0181617

12 5 0.0195043

13 5 0.02077

14 5 0.0219537

15 5 0.0230508

16 5 0.0240569

17 5 0.024968

18 5 0.0257806

19 5 0.0264915

20 5 0.0270978

21 5 0.0275972

22 5 0.0279876

23 5 0.0282677

24 5 0.0284361

25 5 0.0284923

26 5 0.0284361

27 5 0.0282677

28 5 0.0279876

29 5 0.0275972

30 5 0.0270978

31 5 0.0264915

32 5 0.0257806

33 5 0.024968

34 5 0.0240569

35 5 0.0230508

36 5 0.0219537

37 5 0.02077

38 5 0.0195043

39 5 0.0181617

40 5 0.0167474

41 5 0.015267

42 5 0.0137263

43 5 0.0121314

44 5 0.0104887

45 5 0.00880461

46 5 0.00708575

47 5 0.00533893

48 5 0.00357104

49 5 0.00178905

50 5 0

0 6 0

1 6 0.00213125

2 6 0.00425409

3 6 0.00636014

4 6 0.00844109

5 6 0.0104887

6 6 0.012495

7 6 0.0144519

8 6 0.0163518

9 6 0.0181872

10 6 0.0199507

11 6 0.0216356

12 6 0.0232351

13 6 0.0247428

14 6 0.0261529

15 6 0.0274598

16 6 0.0286584

17 6 0.0297438

18 6 0.0307118

19 6 0.0315587

20 6 0.032281

21 6 0.0328759

22 6 0.033341

23 6 0.0336746

24 6 0.0338752

25 6 0.0339422

26 6 0.0338752

27 6 0.0336746

28 6 0.033341

29 6 0.0328759

30 6 0.032281

31 6 0.0315587

32 6 0.0307118

33 6 0.0297438

34 6 0.0286584

35 6 0.0274598

36 6 0.0261529

37 6 0.0247428

38 6 0.0232351

39 6 0.0216356

40 6 0.0199507

41 6 0.0181872

42 6 0.0163518

43 6 0.0144519

44 6 0.012495

45 6 0.0104887

46 6 0.00844109

47 6 0.00636014

48 6 0.00425409

49 6 0.00213125

50 6 0

0 7 0

1 7 0.00246504

2 7 0.00492035

3 7 0.00735625

4 7 0.00976311

5 7 0.0121314

6 7 0.0144519

7 7 0.0167153

8 7 0.0189128

9 7 0.0210356

10 7 0.0230754

11 7 0.0250241

12 7 0.0268741

13 7 0.028618

14 7 0.0302489

15 7 0.0317605

16 7 0.0331468

17 7 0.0344022

18 7 0.0355219

19 7 0.0365013

20 7 0.0373367

21 7 0.0380248

22 7 0.0385628

23 7 0.0389486

24 7 0.0391807

25 7 0.0392582

26 7 0.0391807

27 7 0.0389486

28 7 0.0385628

29 7 0.0380248

30 7 0.0373367

31 7 0.0365013

32 7 0.0355219

33 7 0.0344022

34 7 0.0331468

35 7 0.0317605

36 7 0.0302489

37 7 0.028618

38 7 0.0268741

39 7 0.0250241

40 7 0.0230754

41 7 0.0210356

42 7 0.0189128

43 7 0.0167153

44 7 0.0144519

45 7 0.0121314

46 7 0.00976311

47 7 0.00735625

48 7 0.00492035

49 7 0.00246504

50 7 0

0 8 0

1 8 0.0027891

2 8 0.0055672

3 8 0.00832332

4 8 0.0110466

5 8 0.0137263

6 8 0.0163518

7 8 0.0189128

8 8 0.0213991

9 8 0.023801

10 8 0.0261089

11 8 0.0283139

12 8 0.030407

13 8 0.0323802

14 8 0.0342256

15 8 0.0359359

16 8 0.0375044

17 8 0.0389248

18 8 0.0401917

19 8 0.0412999

20 8 0.0422452

21 8 0.0430237

22 8 0.0436324

23 8 0.0440689

24 8 0.0443315

25 8 0.0444192

26 8 0.0443315

27 8 0.0440689

28 8 0.0436324

29 8 0.0430237

30 8 0.0422452

31 8 0.0412999

32 8 0.0401917

33 8 0.0389248

34 8 0.0375044

35 8 0.0359359

36 8 0.0342256

37 8 0.0323802

38 8 0.030407

39 8 0.0283139

40 8 0.0261089

41 8 0.023801

42 8 0.0213991

43 8 0.0189128

44 8 0.0163518

45 8 0.0137263

46 8 0.0110466

47 8 0.00832332

48 8 0.0055672

49 8 0.0027891

50 8 0

0 9 0

1 9 0.00310216

2 9 0.00619207

3 9 0.00925755

4 9 0.0122865

5 9 0.015267

6 9 0.0181872

7 9 0.0210356

8 9 0.023801

9 9 0.0264725

10 9 0.0290395

11 9 0.0314919

12 9 0.03382

13 9 0.0360146

14 9 0.0380671

15 9 0.0399694

16 9 0.0417139

17 9 0.0432938

18 9 0.0447029

19 9 0.0459355

20 9 0.0469868

21 9 0.0478527

22 9 0.0485298

23 9 0.0490153

24 9 0.0493074

25 9 0.0494049

26 9 0.0493074

27 9 0.0490153

28 9 0.0485298

29 9 0.0478527

30 9 0.0469868

31 9 0.0459355

32 9 0.0447029

33 9 0.0432938

34 9 0.0417139

35 9 0.0399694

36 9 0.0380671

37 9 0.0360146

38 9 0.03382

39 9 0.0314919

40 9 0.0290395

41 9 0.0264725

42 9 0.023801

43 9 0.0210356

44 9 0.0181872

45 9 0.015267

46 9 0.0122865

47 9 0.00925755

48 9 0.00619207

49 9 0.00310216

50 9 0

0 10 0

1 10 0.00340297

2 10 0.00679251

3 10 0.0101552

4 10 0.0134779

5 10 0.0167474

6 10 0.0199507

7 10 0.0230754

8 10 0.0261089

9 10 0.0290395

10 10 0.0318554

11 10 0.0345456

12 10 0.0370995

13 10 0.0395069

14 10 0.0417584

15 10 0.0438452

16 10 0.0457589

17 10 0.047492

18 10 0.0490377

19 10 0.0503898

20 10 0.0515431

21 10 0.052493

22 10 0.0532357

23 10 0.0537683

24 10 0.0540887

25 10 0.0541956

26 10 0.0540887

27 10 0.0537683

28 10 0.0532357

29 10 0.052493

30 10 0.0515431

31 10 0.0503898

32 10 0.0490377

33 10 0.047492

34 10 0.0457589

35 10 0.0438452

36 10 0.0417584

37 10 0.0395069

38 10 0.0370995

39 10 0.0345456

40 10 0.0318554

41 10 0.0290395

42 10 0.0261089

43 10 0.0230754

44 10 0.0199507

45 10 0.0167474

46 10 0.0134779

47 10 0.0101552

48 10 0.00679251

49 10 0.00340297

50 10 0

0 11 0

1 11 0.00369035

2 11 0.00736614

3 11 0.0110129

4 11 0.0146161

5 11 0.0181617

6 11 0.0216356

7 11 0.0250241

8 11 0.0283139

9 11 0.0314919

10 11 0.0345456

11 11 0.037463

12 11 0.0402325

13 11 0.0428433

14 11 0.045285

15 11 0.0475479

16 11 0.0496232

17 11 0.0515027

18 11 0.0531789

19 11 0.0546453

20 11 0.0558959

21 11 0.056926

22 11 0.0577314

23 11 0.058309

24 11 0.0586565

25 11 0.0587725

26 11 0.0586565

27 11 0.058309

28 11 0.0577314

29 11 0.056926

30 11 0.0558959

31 11 0.0546453

32 11 0.0531789

33 11 0.0515027

34 11 0.0496232

35 11 0.0475479

36 11 0.045285

37 11 0.0428433

38 11 0.0402325

39 11 0.037463

40 11 0.0345456

41 11 0.0314919

42 11 0.0283139

43 11 0.0250241

44 11 0.0216356

45 11 0.0181617

46 11 0.0146161

47 11 0.0110129

48 11 0.00736614

49 11 0.00369035

50 11 0

0 12 0

1 12 0.00396317

2 12 0.0079107

3 12 0.011827

4 12 0.0156966

5 12 0.0195043

6 12 0.0232351

7 12 0.0268741

8 12 0.030407

9 12 0.03382

10 12 0.0370995

11 12 0.0402325

12 12 0.0432068

13 12 0.0460106

14 12 0.0486328

15 12 0.051063

16 12 0.0532918

17 12 0.0553102

18 12 0.0571103

19 12 0.058685

20 12 0.0600282

21 12 0.0611344

22 12 0.0619994

23 12 0.0626197

24 12 0.0629928

25 12 0.0631174

26 12 0.0629928

27 12 0.0626197

28 12 0.0619994

29 12 0.0611344

30 12 0.0600282

31 12 0.058685

32 12 0.0571103

33 12 0.0553102

34 12 0.0532918

35 12 0.051063

36 12 0.0486328

37 12 0.0460106

38 12 0.0432068

39 12 0.0402325

40 12 0.0370995

41 12 0.03382

42 12 0.030407

43 12 0.0268741

44 12 0.0232351

45 12 0.0195043

46 12 0.0156966

47 12 0.011827

48 12 0.0079107

49 12 0.00396317

50 12 0

0 13 0

1 13 0.00422035

2 13 0.00842404

3 13 0.0125945

4 13 0.0167152

5 13 0.02077

6 13 0.0247428

7 13 0.028618

8 13 0.0323802

9 13 0.0360146

10 13 0.0395069

11 13 0.0428433

12 13 0.0460106

13 13 0.0489963

14 13 0.0517886

15 13 0.0543766

16 13 0.05675

17 13 0.0588993

18 13 0.0608163

19 13 0.0624932

20 13 0.0639235

21 13 0.0651015

22 13 0.0660226

23 13 0.0666832

24 13 0.0670805

25 13 0.0672132

26 13 0.0670805

27 13 0.0666832

28 13 0.0660226

29 13 0.0651015

30 13 0.0639235

31 13 0.0624932

32 13 0.0608163

33 13 0.0588993

34 13 0.05675

35 13 0.0543766

36 13 0.0517886

37 13 0.0489963

38 13 0.0460106

39 13 0.0428433

40 13 0.0395069

41 13 0.0360146

42 13 0.0323802

43 13 0.028618

44 13 0.0247428

45 13 0.02077

46 13 0.0167152

47 13 0.0125945

48 13 0.00842404

49 13 0.00422035

50 13 0

0 14 0

1 14 0.00446087

2 14 0.00890414

3 14 0.0133123

4 14 0.0176679

5 14 0.0219537

6 14 0.0261529

7 14 0.0302489

8 14 0.0342256

9 14 0.0380671

10 14 0.0417584

11 14 0.045285

12 14 0.0486328

13 14 0.0517886

14 14 0.0547401

15 14 0.0574756

16 14 0.0599842

17 14 0.0622561

18 14 0.0642823

19 14 0.0660548

20 14 0.0675666

21 14 0.0688117

22 14 0.0697853

23 14 0.0704835

24 14 0.0709035

25 14 0.0710437

26 14 0.0709035

27 14 0.0704835

28 14 0.0697853

29 14 0.0688117

30 14 0.0675666

31 14 0.0660548

32 14 0.0642823

33 14 0.0622561

34 14 0.0599842

35 14 0.0574756

36 14 0.0547401

37 14 0.0517886

38 14 0.0486328

39 14 0.045285

40 14 0.0417584

41 14 0.0380671

42 14 0.0342256

43 14 0.0302489

44 14 0.0261529

45 14 0.0219537

46 14 0.0176679

47 14 0.0133123

48 14 0.00890414

49 14 0.00446087

50 14 0

0 15 0

1 15 0.00468379

2 15 0.00934909

3 15 0.0139775

4 15 0.0185507

5 15 0.0230508

6 15 0.0274598

7 15 0.0317605

8 15 0.0359359

9 15 0.0399694

10 15 0.0438452

11 15 0.0475479

12 15 0.051063

13 15 0.0543766

14 15 0.0574756

15 15 0.0603477

16 15 0.0629817

17 15 0.0653671

18 15 0.0674946

19 15 0.0693556

20 15 0.070943

21 15 0.0722504

22 15 0.0732726

23 15 0.0740057

24 15 0.0744467

25 15 0.0745939

26 15 0.0744467

27 15 0.0740057

28 15 0.0732726

29 15 0.0722504

30 15 0.070943

31 15 0.0693556

32 15 0.0674946

33 15 0.0653671

34 15 0.0629817

35 15 0.0603477

36 15 0.0574756

37 15 0.0543766

38 15 0.051063

39 15 0.0475479

40 15 0.0438452

41 15 0.0399694

42 15 0.0359359

43 15 0.0317605

44 15 0.0274598

45 15 0.0230508

46 15 0.0185507

47 15 0.0139775

48 15 0.00934909

49 15 0.00468379

50 15 0

0 16 0

1 16 0.00488822

2 16 0.00975715

3 16 0.0145876

4 16 0.0193604

5 16 0.0240569

6 16 0.0286584

7 16 0.0331468

8 16 0.0375044

9 16 0.0417139

10 16 0.0457589

11 16 0.0496232

12 16 0.0532918

13 16 0.05675

14 16 0.0599842

15 16 0.0629817

16 16 0.0657306

17 16 0.0682202

18 16 0.0704405

19 16 0.0723828

20 16 0.0740394

21 16 0.0754039

22 16 0.0764707

23 16 0.0772358

24 16 0.077696

25 16 0.0778496

26 16 0.077696

27 16 0.0772358

28 16 0.0764707

29 16 0.0754039

30 16 0.0740394

31 16 0.0723828

32 16 0.0704405

33 16 0.0682202

34 16 0.0657306

35 16 0.0629817

36 16 0.0599842

37 16 0.05675

38 16 0.0532918

39 16 0.0496232

40 16 0.0457589

41 16 0.0417139

42 16 0.0375044

43 16 0.0331468

44 16 0.0286584

45 16 0.0240569

46 16 0.0193604

47 16 0.0145876

48 16 0.00975715

49 16 0.00488822

50 16 0

0 17 0

1 17 0.00507336

2 17 0.0101267

3 17 0.0151401

4 17 0.0200937

5 17 0.024968

6 17 0.0297438

7 17 0.0344022

8 17 0.0389248

9 17 0.0432938

10 17 0.047492

11 17 0.0515027

12 17 0.0553102

13 17 0.0588993

14 17 0.0622561

15 17 0.0653671

16 17 0.0682202

17 17 0.070804

18 17 0.0731084

19 17 0.0751243

20 17 0.0768436

21 17 0.0782598

22 17 0.079367

23 17 0.0801611

24 17 0.0806388

25 17 0.0807982

26 17 0.0806388

27 17 0.0801611

28 17 0.079367

29 17 0.0782598

30 17 0.0768436

31 17 0.0751243

32 17 0.0731084

33 17 0.070804

34 17 0.0682202

35 17 0.0653671

36 17 0.0622561

37 17 0.0588993

38 17 0.0553102

39 17 0.0515027

40 17 0.047492

41 17 0.0432938

42 17 0.0389248

43 17 0.0344022

44 17 0.0297438

45 17 0.024968

46 17 0.0200937

47 17 0.0151401

48 17 0.0101267

49 17 0.00507336

50 17 0

0 18 0

1 18 0.00523848

2 18 0.0104563

3 18 0.0156328

4 18 0.0207477

5 18 0.0257806

6 18 0.0307118

7 18 0.0355219

8 18 0.0401917

9 18 0.0447029

10 18 0.0490377

11 18 0.0531789

12 18 0.0571103

13 18 0.0608163

14 18 0.0642823

15 18 0.0674946

16 18 0.0704405

17 18 0.0731084

18 18 0.0754878

19 18 0.0775693

20 18 0.0793446

21 18 0.0808068

22 18 0.0819501

23 18 0.08277

24 18 0.0832632

25 18 0.0834279

26 18 0.0832632

27 18 0.08277

28 18 0.0819501

29 18 0.0808068

30 18 0.0793446

31 18 0.0775693

32 18 0.0754878

33 18 0.0731084

34 18 0.0704405

35 18 0.0674946

36 18 0.0642823

37 18 0.0608163

38 18 0.0571103

39 18 0.0531789

40 18 0.0490377

41 18 0.0447029

42 18 0.0401917

43 18 0.0355219

44 18 0.0307118

45 18 0.0257806

46 18 0.0207477

47 18 0.0156328

48 18 0.0104563

49 18 0.00523848

50 18 0

0 19 0

1 19 0.00538292

2 19 0.0107446

3 19 0.0160639

4 19 0.0213198

5 19 0.0264915

6 19 0.0315587

7 19 0.0365013

8 19 0.0412999

9 19 0.0459355

10 19 0.0503898

11 19 0.0546453

12 19 0.058685

13 19 0.0624932

14 19 0.0660548

15 19 0.0693556

16 19 0.0723828

17 19 0.0751243

18 19 0.0775693

19 19 0.0797081

20 19 0.0815324

21 19 0.083035

22 19 0.0842098

23 19 0.0850523

24 19 0.0855591

25 19 0.0857283

26 19 0.0855591

27 19 0.0850523

28 19 0.0842098

29 19 0.083035

30 19 0.0815324

31 19 0.0797081

32 19 0.0775693

33 19 0.0751243

34 19 0.0723828

35 19 0.0693556

36 19 0.0660548

37 19 0.0624932

38 19 0.058685

39 19 0.0546453

40 19 0.0503898

41 19 0.0459355

42 19 0.0412999

43 19 0.0365013

44 19 0.0315587

45 19 0.0264915

46 19 0.0213198

47 19 0.0160639

48 19 0.0107446

49 19 0.00538292

50 19 0

0 20 0

1 20 0.00550612

2 20 0.0109905

3 20 0.0164315

4 20 0.0218077

5 20 0.0270978

6 20 0.032281

7 20 0.0373367

8 20 0.0422452

9 20 0.0469868

10 20 0.0515431

11 20 0.0558959

12 20 0.0600282

13 20 0.0639235

14 20 0.0675666

15 20 0.070943

16 20 0.0740394

17 20 0.0768436

18 20 0.0793446

19 20 0.0815324

20 20 0.0833985

21 20 0.0849354

22 20 0.0861371

23 20 0.0869989

24 20 0.0875173

25 20 0.0876904

26 20 0.0875173

27 20 0.0869989

28 20 0.0861371

29 20 0.0849354

30 20 0.0833985

31 20 0.0815324

32 20 0.0793446

33 20 0.0768436

34 20 0.0740394

35 20 0.070943

36 20 0.0675666

37 20 0.0639235

38 20 0.0600282

39 20 0.0558959

40 20 0.0515431

41 20 0.0469868

42 20 0.0422452

43 20 0.0373367

44 20 0.032281

45 20 0.0270978

46 20 0.0218077

47 20 0.0164315

48 20 0.0109905

49 20 0.00550612

50 20 0

0 21 0

1 21 0.00560759

2 21 0.0111931

3 21 0.0167343

4 21 0.0222096

5 21 0.0275972

6 21 0.0328759

7 21 0.0380248

8 21 0.0430237

9 21 0.0478527

10 21 0.052493

11 21 0.056926

12 21 0.0611344

13 21 0.0651015

14 21 0.0688117

15 21 0.0722504

16 21 0.0754039

17 21 0.0782598

18 21 0.0808068

19 21 0.083035

20 21 0.0849354

21 21 0.0865006

22 21 0.0877245

23 21 0.0886022

24 21 0.0891301

25 21 0.0893064

26 21 0.0891301

27 21 0.0886022

28 21 0.0877245

29 21 0.0865006

30 21 0.0849354

31 21 0.083035

32 21 0.0808068

33 21 0.0782598

34 21 0.0754039

35 21 0.0722504

36 21 0.0688117

37 21 0.0651015

38 21 0.0611344

39 21 0.056926

40 21 0.052493

41 21 0.0478527

42 21 0.0430237

43 21 0.0380248

44 21 0.0328759

45 21 0.0275972

46 21 0.0222096

47 21 0.0167343

48 21 0.0111931

49 21 0.00560759

50 21 0

0 22 0

1 22 0.00568693

2 22 0.0113514

3 22 0.0169711

4 22 0.0225238

5 22 0.0279876

6 22 0.033341

7 22 0.0385628

8 22 0.0436324

9 22 0.0485298

10 22 0.0532357

11 22 0.0577314

12 22 0.0619994

13 22 0.0660226

14 22 0.0697853

15 22 0.0732726

16 22 0.0764707

17 22 0.079367

18 22 0.0819501

19 22 0.0842098

20 22 0.0861371

21 22 0.0877245

22 22 0.0889657

23 22 0.0898558

24 22 0.0903912

25 22 0.0905699

26 22 0.0903912

27 22 0.0898558

28 22 0.0889657

29 22 0.0877245

30 22 0.0861371

31 22 0.0842098

32 22 0.0819501

33 22 0.079367

34 22 0.0764707

35 22 0.0732726

36 22 0.0697853

37 22 0.0660226

38 22 0.0619994

39 22 0.0577314

40 22 0.0532357

41 22 0.0485298

42 22 0.0436324

43 22 0.0385628

44 22 0.033341

45 22 0.0279876

46 22 0.0225238

47 22 0.0169711

48 22 0.0113514

49 22 0.00568693

50 22 0

0 23 0

1 23 0.00574383

2 23 0.011465

3 23 0.0171409

4 23 0.0227492

5 23 0.0282677

6 23 0.0336746

7 23 0.0389486

8 23 0.0440689

9 23 0.0490153

10 23 0.0537683

11 23 0.058309

12 23 0.0626197

13 23 0.0666832

14 23 0.0704835

15 23 0.0740057

16 23 0.0772358

17 23 0.0801611

18 23 0.08277

19 23 0.0850523

20 23 0.0869989

21 23 0.0886022

22 23 0.0898558

23 23 0.0907547

24 23 0.0912955

25 23 0.091476

26 23 0.0912955

27 23 0.0907547

28 23 0.0898558

29 23 0.0886022

30 23 0.0869989

31 23 0.0850523

32 23 0.08277

33 23 0.0801611

34 23 0.0772358

35 23 0.0740057

36 23 0.0704835

37 23 0.0666832

38 23 0.0626197

39 23 0.058309

40 23 0.0537683

41 23 0.0490153

42 23 0.0440689

43 23 0.0389486

44 23 0.0336746

45 23 0.0282677

46 23 0.0227492

47 23 0.0171409

48 23 0.011465

49 23 0.00574383

50 23 0

0 24 0

1 24 0.00577806

2 24 0.0115333

3 24 0.017243

4 24 0.0228847

5 24 0.0284361

6 24 0.0338752

7 24 0.0391807

8 24 0.0443315

9 24 0.0493074

10 24 0.0540887

11 24 0.0586565

12 24 0.0629928

13 24 0.0670805

14 24 0.0709035

15 24 0.0744467

16 24 0.077696

17 24 0.0806388

18 24 0.0832632

19 24 0.0855591

20 24 0.0875173

21 24 0.0891301

22 24 0.0903912

23 24 0.0912955

24 24 0.0918396

25 24 0.0920212

26 24 0.0918396

27 24 0.0912955

28 24 0.0903912

29 24 0.0891301

30 24 0.0875173

31 24 0.0855591

32 24 0.0832632

33 24 0.0806388

34 24 0.077696

35 24 0.0744467

36 24 0.0709035

37 24 0.0670805

38 24 0.0629928

39 24 0.0586565

40 24 0.0540887

41 24 0.0493074

42 24 0.0443315

43 24 0.0391807

44 24 0.0338752

45 24 0.0284361

46 24 0.0228847

47 24 0.017243

48 24 0.0115333

49 24 0.00577806

50 24 0

0 25 0

1 25 0.00578948

2 25 0.0115561

3 25 0.0172771

4 25 0.02293

5 25 0.0284923

6 25 0.0339422

7 25 0.0392582

8 25 0.0444192

9 25 0.0494049

10 25 0.0541956

11 25 0.0587725

12 25 0.0631174

13 25 0.0672132

14 25 0.0710437

15 25 0.0745939

16 25 0.0778496

17 25 0.0807982

18 25 0.0834279

19 25 0.0857283

20 25 0.0876904

21 25 0.0893064

22 25 0.0905699

23 25 0.091476

24 25 0.0920212

25 25 0.0922031

26 25 0.0920212

27 25 0.091476

28 25 0.0905699

29 25 0.0893064

30 25 0.0876904

31 25 0.0857283

32 25 0.0834279

33 25 0.0807982

34 25 0.0778496

35 25 0.0745939

36 25 0.0710437

37 25 0.0672132

38 25 0.0631174

39 25 0.0587725

40 25 0.0541956

41 25 0.0494049

42 25 0.0444192

43 25 0.0392582

44 25 0.0339422

45 25 0.0284923

46 25 0.02293

47 25 0.0172771

48 25 0.0115561

49 25 0.00578948

50 25 0

0 26 0

1 26 0.00577806

2 26 0.0115333

3 26 0.017243

4 26 0.0228847

5 26 0.0284361

6 26 0.0338752

7 26 0.0391807

8 26 0.0443315

9 26 0.0493074

10 26 0.0540887

11 26 0.0586565

12 26 0.0629928

13 26 0.0670805

14 26 0.0709035

15 26 0.0744467

16 26 0.077696

17 26 0.0806388

18 26 0.0832632

19 26 0.0855591

20 26 0.0875173

21 26 0.0891301

22 26 0.0903912

23 26 0.0912955

24 26 0.0918396

25 26 0.0920212

26 26 0.0918396

27 26 0.0912955

28 26 0.0903912

29 26 0.0891301

30 26 0.0875173

31 26 0.0855591

32 26 0.0832632

33 26 0.0806388

34 26 0.077696

35 26 0.0744467

36 26 0.0709035

37 26 0.0670805

38 26 0.0629928

39 26 0.0586565

40 26 0.0540887

41 26 0.0493074

42 26 0.0443315

43 26 0.0391807

44 26 0.0338752

45 26 0.0284361

46 26 0.0228847

47 26 0.017243

48 26 0.0115333

49 26 0.00577806

50 26 0

0 27 0

1 27 0.00574383

2 27 0.011465

3 27 0.0171409

4 27 0.0227492

5 27 0.0282677

6 27 0.0336746

7 27 0.0389486

8 27 0.0440689

9 27 0.0490153

10 27 0.0537683

11 27 0.058309

12 27 0.0626197

13 27 0.0666832

14 27 0.0704835

15 27 0.0740057

16 27 0.0772358

17 27 0.0801611

18 27 0.08277

19 27 0.0850523

20 27 0.0869989

21 27 0.0886022

22 27 0.0898558

23 27 0.0907547

24 27 0.0912955

25 27 0.091476

26 27 0.0912955

27 27 0.0907547

28 27 0.0898558

29 27 0.0886022

30 27 0.0869989

31 27 0.0850523

32 27 0.08277

33 27 0.0801611

34 27 0.0772358

35 27 0.0740057

36 27 0.0704835

37 27 0.0666832

38 27 0.0626197

39 27 0.058309

40 27 0.0537683

41 27 0.0490153

42 27 0.0440689

43 27 0.0389486

44 27 0.0336746

45 27 0.0282677

46 27 0.0227492

47 27 0.0171409

48 27 0.011465

49 27 0.00574383

50 27 0

0 28 0

1 28 0.00568693

2 28 0.0113514

3 28 0.0169711

4 28 0.0225238

5 28 0.0279876

6 28 0.033341

7 28 0.0385628

8 28 0.0436324

9 28 0.0485298

10 28 0.0532357

11 28 0.0577314

12 28 0.0619994

13 28 0.0660226

14 28 0.0697853

15 28 0.0732726

16 28 0.0764707

17 28 0.079367

18 28 0.0819501

19 28 0.0842098

20 28 0.0861371

21 28 0.0877245

22 28 0.0889657

23 28 0.0898558

24 28 0.0903912

25 28 0.0905699

26 28 0.0903912

27 28 0.0898558

28 28 0.0889657

29 28 0.0877245

30 28 0.0861371

31 28 0.0842098

32 28 0.0819501

33 28 0.079367

34 28 0.0764707

35 28 0.0732726

36 28 0.0697853

37 28 0.0660226

38 28 0.0619994

39 28 0.0577314

40 28 0.0532357

41 28 0.0485298

42 28 0.0436324

43 28 0.0385628

44 28 0.033341

45 28 0.0279876

46 28 0.0225238

47 28 0.0169711

48 28 0.0113514

49 28 0.00568693

50 28 0

0 29 0

1 29 0.00560759

2 29 0.0111931

3 29 0.0167343

4 29 0.0222096

5 29 0.0275972

6 29 0.0328759

7 29 0.0380248

8 29 0.0430237

9 29 0.0478527

10 29 0.052493

11 29 0.056926

12 29 0.0611344

13 29 0.0651015

14 29 0.0688117

15 29 0.0722504

16 29 0.0754039

17 29 0.0782598

18 29 0.0808068

19 29 0.083035

20 29 0.0849354

21 29 0.0865006

22 29 0.0877245

23 29 0.0886022

24 29 0.0891301

25 29 0.0893064

26 29 0.0891301

27 29 0.0886022

28 29 0.0877245

29 29 0.0865006

30 29 0.0849354

31 29 0.083035

32 29 0.0808068

33 29 0.0782598

34 29 0.0754039

35 29 0.0722504

36 29 0.0688117

37 29 0.0651015

38 29 0.0611344

39 29 0.056926

40 29 0.052493

41 29 0.0478527

42 29 0.0430237

43 29 0.0380248

44 29 0.0328759

45 29 0.0275972

46 29 0.0222096

47 29 0.0167343

48 29 0.0111931

49 29 0.00560759

50 29 0

0 30 0

1 30 0.00550612

2 30 0.0109905

3 30 0.0164315

4 30 0.0218077

5 30 0.0270978

6 30 0.032281

7 30 0.0373367

8 30 0.0422452

9 30 0.0469868

10 30 0.0515431

11 30 0.0558959

12 30 0.0600282

13 30 0.0639235

14 30 0.0675666

15 30 0.070943

16 30 0.0740394

17 30 0.0768436

18 30 0.0793446

19 30 0.0815324

20 30 0.0833985

21 30 0.0849354

22 30 0.0861371

23 30 0.0869989

24 30 0.0875173

25 30 0.0876904

26 30 0.0875173

27 30 0.0869989

28 30 0.0861371

29 30 0.0849354

30 30 0.0833985

31 30 0.0815324

32 30 0.0793446

33 30 0.0768436

34 30 0.0740394

35 30 0.070943

36 30 0.0675666

37 30 0.0639235

38 30 0.0600282

39 30 0.0558959

40 30 0.0515431

41 30 0.0469868

42 30 0.0422452

43 30 0.0373367

44 30 0.032281

45 30 0.0270978

46 30 0.0218077

47 30 0.0164315

48 30 0.0109905

49 30 0.00550612

50 30 0

0 31 0

1 31 0.00538292

2 31 0.0107446

3 31 0.0160639

4 31 0.0213198

5 31 0.0264915

6 31 0.0315587

7 31 0.0365013

8 31 0.0412999

9 31 0.0459355

10 31 0.0503898

11 31 0.0546453

12 31 0.058685

13 31 0.0624932

14 31 0.0660548

15 31 0.0693556

16 31 0.0723828

17 31 0.0751243

18 31 0.0775693

19 31 0.0797081

20 31 0.0815324

21 31 0.083035

22 31 0.0842098

23 31 0.0850523

24 31 0.0855591

25 31 0.0857283

26 31 0.0855591

27 31 0.0850523

28 31 0.0842098

29 31 0.083035

30 31 0.0815324

31 31 0.0797081

32 31 0.0775693

33 31 0.0751243

34 31 0.0723828

35 31 0.0693556

36 31 0.0660548

37 31 0.0624932

38 31 0.058685

39 31 0.0546453

40 31 0.0503898

41 31 0.0459355

42 31 0.0412999

43 31 0.0365013

44 31 0.0315587

45 31 0.0264915

46 31 0.0213198

47 31 0.0160639

48 31 0.0107446

49 31 0.00538292

50 31 0

0 32 0

1 32 0.00523848

2 32 0.0104563

3 32 0.0156328

4 32 0.0207477

5 32 0.0257806

6 32 0.0307118

7 32 0.0355219

8 32 0.0401917

9 32 0.0447029

10 32 0.0490377

11 32 0.0531789

12 32 0.0571103

13 32 0.0608163

14 32 0.0642823

15 32 0.0674946

16 32 0.0704405

17 32 0.0731084

18 32 0.0754878

19 32 0.0775693

20 32 0.0793446

21 32 0.0808068

22 32 0.0819501

23 32 0.08277

24 32 0.0832632

25 32 0.0834279

26 32 0.0832632

27 32 0.08277

28 32 0.0819501

29 32 0.0808068

30 32 0.0793446

31 32 0.0775693

32 32 0.0754878

33 32 0.0731084

34 32 0.0704405

35 32 0.0674946

36 32 0.0642823

37 32 0.0608163

38 32 0.0571103

39 32 0.0531789

40 32 0.0490377

41 32 0.0447029

42 32 0.0401917

43 32 0.0355219

44 32 0.0307118

45 32 0.0257806

46 32 0.0207477

47 32 0.0156328

48 32 0.0104563

49 32 0.00523848

50 32 0

0 33 0

1 33 0.00507336

2 33 0.0101267

3 33 0.0151401

4 33 0.0200937

5 33 0.024968

6 33 0.0297438

7 33 0.0344022

8 33 0.0389248

9 33 0.0432938

10 33 0.047492

11 33 0.0515027

12 33 0.0553102

13 33 0.0588993

14 33 0.0622561

15 33 0.0653671

16 33 0.0682202

17 33 0.070804

18 33 0.0731084

19 33 0.0751243

20 33 0.0768436

21 33 0.0782598

22 33 0.079367

23 33 0.0801611

24 33 0.0806388

25 33 0.0807982

26 33 0.0806388

27 33 0.0801611

28 33 0.079367

29 33 0.0782598

30 33 0.0768436

31 33 0.0751243

32 33 0.0731084

33 33 0.070804

34 33 0.0682202

35 33 0.0653671

36 33 0.0622561

37 33 0.0588993

38 33 0.0553102

39 33 0.0515027

40 33 0.047492

41 33 0.0432938

42 33 0.0389248

43 33 0.0344022

44 33 0.0297438

45 33 0.024968

46 33 0.0200937

47 33 0.0151401

48 33 0.0101267

49 33 0.00507336

50 33 0

0 34 0

1 34 0.00488822

2 34 0.00975715

3 34 0.0145876

4 34 0.0193604

5 34 0.0240569

6 34 0.0286584

7 34 0.0331468

8 34 0.0375044

9 34 0.0417139

10 34 0.0457589

11 34 0.0496232

12 34 0.0532918

13 34 0.05675

14 34 0.0599842

15 34 0.0629817

16 34 0.0657306

17 34 0.0682202

18 34 0.0704405

19 34 0.0723828

20 34 0.0740394

21 34 0.0754039

22 34 0.0764707

23 34 0.0772358

24 34 0.077696

25 34 0.0778496

26 34 0.077696

27 34 0.0772358

28 34 0.0764707

29 34 0.0754039

30 34 0.0740394

31 34 0.0723828

32 34 0.0704405

33 34 0.0682202

34 34 0.0657306

35 34 0.0629817

36 34 0.0599842

37 34 0.05675

38 34 0.0532918

39 34 0.0496232

40 34 0.0457589

41 34 0.0417139

42 34 0.0375044

43 34 0.0331468

44 34 0.0286584

45 34 0.0240569

46 34 0.0193604

47 34 0.0145876

48 34 0.00975715

49 34 0.00488822

50 34 0

0 35 0

1 35 0.00468379

2 35 0.00934909

3 35 0.0139775

4 35 0.0185507

5 35 0.0230508

6 35 0.0274598

7 35 0.0317605

8 35 0.0359359

9 35 0.0399694

10 35 0.0438452

11 35 0.0475479

12 35 0.051063

13 35 0.0543766

14 35 0.0574756

15 35 0.0603477

16 35 0.0629817

17 35 0.0653671

18 35 0.0674946

19 35 0.0693556

20 35 0.070943

21 35 0.0722504

22 35 0.0732726

23 35 0.0740057

24 35 0.0744467

25 35 0.0745939

26 35 0.0744467

27 35 0.0740057

28 35 0.0732726

29 35 0.0722504

30 35 0.070943

31 35 0.0693556

32 35 0.0674946

33 35 0.0653671

34 35 0.0629817

35 35 0.0603477

36 35 0.0574756

37 35 0.0543766

38 35 0.051063

39 35 0.0475479

40 35 0.0438452

41 35 0.0399694

42 35 0.0359359

43 35 0.0317605

44 35 0.0274598

45 35 0.0230508

46 35 0.0185507

47 35 0.0139775

48 35 0.00934909

49 35 0.00468379

50 35 0

0 36 0

1 36 0.00446087

2 36 0.00890414

3 36 0.0133123

4 36 0.0176679

5 36 0.0219537

6 36 0.0261529

7 36 0.0302489

8 36 0.0342256

9 36 0.0380671

10 36 0.0417584

11 36 0.045285

12 36 0.0486328

13 36 0.0517886

14 36 0.0547401

15 36 0.0574756

16 36 0.0599842

17 36 0.0622561

18 36 0.0642823

19 36 0.0660548

20 36 0.0675666

21 36 0.0688117

22 36 0.0697853

23 36 0.0704835

24 36 0.0709035

25 36 0.0710437

26 36 0.0709035

27 36 0.0704835

28 36 0.0697853

29 36 0.0688117

30 36 0.0675666

31 36 0.0660548

32 36 0.0642823

33 36 0.0622561

34 36 0.0599842

35 36 0.0574756

36 36 0.0547401

37 36 0.0517886

38 36 0.0486328

39 36 0.045285

40 36 0.0417584

41 36 0.0380671

42 36 0.0342256

43 36 0.0302489

44 36 0.0261529

45 36 0.0219537

46 36 0.0176679

47 36 0.0133123

48 36 0.00890414

49 36 0.00446087

50 36 0

0 37 0

1 37 0.00422035

2 37 0.00842404

3 37 0.0125945

4 37 0.0167152

5 37 0.02077

6 37 0.0247428

7 37 0.028618

8 37 0.0323802

9 37 0.0360146

10 37 0.0395069

11 37 0.0428433

12 37 0.0460106

13 37 0.0489963

14 37 0.0517886

15 37 0.0543766

16 37 0.05675

17 37 0.0588993

18 37 0.0608163

19 37 0.0624932

20 37 0.0639235

21 37 0.0651015

22 37 0.0660226

23 37 0.0666832

24 37 0.0670805

25 37 0.0672132

26 37 0.0670805

27 37 0.0666832

28 37 0.0660226

29 37 0.0651015

30 37 0.0639235

31 37 0.0624932

32 37 0.0608163

33 37 0.0588993

34 37 0.05675

35 37 0.0543766

36 37 0.0517886

37 37 0.0489963

38 37 0.0460106

39 37 0.0428433

40 37 0.0395069

41 37 0.0360146

42 37 0.0323802

43 37 0.028618

44 37 0.0247428

45 37 0.02077

46 37 0.0167152

47 37 0.0125945

48 37 0.00842404

49 37 0.00422035

50 37 0

0 38 0

1 38 0.00396317

2 38 0.0079107

3 38 0.011827

4 38 0.0156966

5 38 0.0195043

6 38 0.0232351

7 38 0.0268741

8 38 0.030407

9 38 0.03382

10 38 0.0370995

11 38 0.0402325

12 38 0.0432068

13 38 0.0460106

14 38 0.0486328

15 38 0.051063

16 38 0.0532918

17 38 0.0553102

18 38 0.0571103

19 38 0.058685

20 38 0.0600282

21 38 0.0611344

22 38 0.0619994

23 38 0.0626197

24 38 0.0629928

25 38 0.0631174

26 38 0.0629928

27 38 0.0626197

28 38 0.0619994

29 38 0.0611344

30 38 0.0600282

31 38 0.058685

32 38 0.0571103

33 38 0.0553102

34 38 0.0532918

35 38 0.051063

36 38 0.0486328

37 38 0.0460106

38 38 0.0432068

39 38 0.0402325

40 38 0.0370995

41 38 0.03382

42 38 0.030407

43 38 0.0268741

44 38 0.0232351

45 38 0.0195043

46 38 0.0156966

47 38 0.011827

48 38 0.0079107

49 38 0.00396317

50 38 0

0 39 0

1 39 0.00369035

2 39 0.00736614

3 39 0.0110129

4 39 0.0146161

5 39 0.0181617

6 39 0.0216356

7 39 0.0250241

8 39 0.0283139

9 39 0.0314919

10 39 0.0345456

11 39 0.037463

12 39 0.0402325

13 39 0.0428433

14 39 0.045285

15 39 0.0475479

16 39 0.0496232

17 39 0.0515027

18 39 0.0531789

19 39 0.0546453

20 39 0.0558959

21 39 0.056926

22 39 0.0577314

23 39 0.058309

24 39 0.0586565

25 39 0.0587725

26 39 0.0586565

27 39 0.058309

28 39 0.0577314

29 39 0.056926

30 39 0.0558959

31 39 0.0546453

32 39 0.0531789

33 39 0.0515027

34 39 0.0496232

35 39 0.0475479

36 39 0.045285

37 39 0.0428433

38 39 0.0402325

39 39 0.037463

40 39 0.0345456

41 39 0.0314919

42 39 0.0283139

43 39 0.0250241

44 39 0.0216356

45 39 0.0181617

46 39 0.0146161

47 39 0.0110129

48 39 0.00736614

49 39 0.00369035

50 39 0

0 40 0

1 40 0.00340297

2 40 0.00679251

3 40 0.0101552

4 40 0.0134779

5 40 0.0167474

6 40 0.0199507

7 40 0.0230754

8 40 0.0261089

9 40 0.0290395

10 40 0.0318554

11 40 0.0345456

12 40 0.0370995

13 40 0.0395069

14 40 0.0417584

15 40 0.0438452

16 40 0.0457589

17 40 0.047492

18 40 0.0490377

19 40 0.0503898

20 40 0.0515431

21 40 0.052493

22 40 0.0532357

23 40 0.0537683

24 40 0.0540887

25 40 0.0541956

26 40 0.0540887

27 40 0.0537683

28 40 0.0532357

29 40 0.052493

30 40 0.0515431

31 40 0.0503898

32 40 0.0490377

33 40 0.047492

34 40 0.0457589

35 40 0.0438452

36 40 0.0417584

37 40 0.0395069

38 40 0.0370995

39 40 0.0345456

40 40 0.0318554

41 40 0.0290395

42 40 0.0261089

43 40 0.0230754

44 40 0.0199507

45 40 0.0167474

46 40 0.0134779

47 40 0.0101552

48 40 0.00679251

49 40 0.00340297

50 40 0

0 41 0

1 41 0.00310216

2 41 0.00619207

3 41 0.00925755

4 41 0.0122865

5 41 0.015267

6 41 0.0181872

7 41 0.0210356

8 41 0.023801

9 41 0.0264725

10 41 0.0290395

11 41 0.0314919

12 41 0.03382

13 41 0.0360146

14 41 0.0380671

15 41 0.0399694

16 41 0.0417139

17 41 0.0432938

18 41 0.0447029

19 41 0.0459355

20 41 0.0469868

21 41 0.0478527

22 41 0.0485298

23 41 0.0490153

24 41 0.0493074

25 41 0.0494049

26 41 0.0493074

27 41 0.0490153

28 41 0.0485298

29 41 0.0478527

30 41 0.0469868

31 41 0.0459355

32 41 0.0447029

33 41 0.0432938

34 41 0.0417139

35 41 0.0399694

36 41 0.0380671

37 41 0.0360146

38 41 0.03382

39 41 0.0314919

40 41 0.0290395

41 41 0.0264725

42 41 0.023801

43 41 0.0210356

44 41 0.0181872

45 41 0.015267

46 41 0.0122865

47 41 0.00925755

48 41 0.00619207

49 41 0.00310216

50 41 0

0 42 0

1 42 0.0027891

2 42 0.0055672

3 42 0.00832332

4 42 0.0110466

5 42 0.0137263

6 42 0.0163518

7 42 0.0189128

8 42 0.0213991

9 42 0.023801

10 42 0.0261089

11 42 0.0283139

12 42 0.030407

13 42 0.0323802

14 42 0.0342256

15 42 0.0359359

16 42 0.0375044

17 42 0.0389248

18 42 0.0401917

19 42 0.0412999

20 42 0.0422452

21 42 0.0430237

22 42 0.0436324

23 42 0.0440689

24 42 0.0443315

25 42 0.0444192

26 42 0.0443315

27 42 0.0440689

28 42 0.0436324

29 42 0.0430237

30 42 0.0422452

31 42 0.0412999

32 42 0.0401917

33 42 0.0389248

34 42 0.0375044

35 42 0.0359359

36 42 0.0342256

37 42 0.0323802

38 42 0.030407

39 42 0.0283139

40 42 0.0261089

41 42 0.023801

42 42 0.0213991

43 42 0.0189128

44 42 0.0163518

45 42 0.0137263

46 42 0.0110466

47 42 0.00832332

48 42 0.0055672

49 42 0.0027891

50 42 0

0 43 0

1 43 0.00246504

2 43 0.00492035

3 43 0.00735625

4 43 0.00976311

5 43 0.0121314

6 43 0.0144519

7 43 0.0167153

8 43 0.0189128

9 43 0.0210356

10 43 0.0230754

11 43 0.0250241

12 43 0.0268741

13 43 0.028618

14 43 0.0302489

15 43 0.0317605

16 43 0.0331468

17 43 0.0344022

18 43 0.0355219

19 43 0.0365013

20 43 0.0373367

21 43 0.0380248

22 43 0.0385628

23 43 0.0389486

24 43 0.0391807

25 43 0.0392582

26 43 0.0391807

27 43 0.0389486

28 43 0.0385628

29 43 0.0380248

30 43 0.0373367

31 43 0.0365013

32 43 0.0355219

33 43 0.0344022

34 43 0.0331468

35 43 0.0317605

36 43 0.0302489

37 43 0.028618

38 43 0.0268741

39 43 0.0250241

40 43 0.0230754

41 43 0.0210356

42 43 0.0189128

43 43 0.0167153

44 43 0.0144519

45 43 0.0121314

46 43 0.00976311

47 43 0.00735625

48 43 0.00492035

49 43 0.00246504

50 43 0

0 44 0

1 44 0.00213125

2 44 0.00425409

3 44 0.00636014

4 44 0.00844109

5 44 0.0104887

6 44 0.012495

7 44 0.0144519

8 44 0.0163518

9 44 0.0181872

10 44 0.0199507

11 44 0.0216356

12 44 0.0232351

13 44 0.0247428

14 44 0.0261529

15 44 0.0274598

16 44 0.0286584

17 44 0.0297438

18 44 0.0307118

19 44 0.0315587

20 44 0.032281

21 44 0.0328759

22 44 0.033341

23 44 0.0336746

24 44 0.0338752

25 44 0.0339422

26 44 0.0338752

27 44 0.0336746

28 44 0.033341

29 44 0.0328759

30 44 0.032281

31 44 0.0315587

32 44 0.0307118

33 44 0.0297438

34 44 0.0286584

35 44 0.0274598

36 44 0.0261529

37 44 0.0247428

38 44 0.0232351

39 44 0.0216356

40 44 0.0199507

41 44 0.0181872

42 44 0.0163518

43 44 0.0144519

44 44 0.012495

45 44 0.0104887

46 44 0.00844109

47 44 0.00636014

48 44 0.00425409

49 44 0.00213125

50 44 0

0 45 0

1 45 0.00178905

2 45 0.00357104

3 45 0.00533893

4 45 0.00708575

5 45 0.00880461

6 45 0.0104887

7 45 0.0121314

8 45 0.0137263

9 45 0.015267

10 45 0.0167474

11 45 0.0181617

12 45 0.0195043

13 45 0.02077

14 45 0.0219537

15 45 0.0230508

16 45 0.0240569

17 45 0.024968

18 45 0.0257806

19 45 0.0264915

20 45 0.0270978

21 45 0.0275972

22 45 0.0279876

23 45 0.0282677

24 45 0.0284361

25 45 0.0284923

26 45 0.0284361

27 45 0.0282677

28 45 0.0279876

29 45 0.0275972

30 45 0.0270978

31 45 0.0264915

32 45 0.0257806

33 45 0.024968

34 45 0.0240569

35 45 0.0230508

36 45 0.0219537

37 45 0.02077

38 45 0.0195043

39 45 0.0181617

40 45 0.0167474

41 45 0.015267

42 45 0.0137263

43 45 0.0121314

44 45 0.0104887

45 45 0.00880461

46 45 0.00708575

47 45 0.00533893

48 45 0.00357104

49 45 0.00178905

50 45 0

0 46 0

1 46 0.00143979

2 46 0.00287389

3 46 0.00429665

4 46 0.00570245

5 46 0.00708575

6 46 0.00844109

7 46 0.00976311

8 46 0.0110466

9 46 0.0122865

10 46 0.0134779

11 46 0.0146161

12 46 0.0156966

13 46 0.0167152

14 46 0.0176679

15 46 0.0185507

16 46 0.0193604

17 46 0.0200937

18 46 0.0207477

19 46 0.0213198

20 46 0.0218077

21 46 0.0222096

22 46 0.0225238

23 46 0.0227492

24 46 0.0228847

25 46 0.02293

26 46 0.0228847

27 46 0.0227492

28 46 0.0225238

29 46 0.0222096

30 46 0.0218077

31 46 0.0213198

32 46 0.0207477

33 46 0.0200937

34 46 0.0193604

35 46 0.0185507

36 46 0.0176679

37 46 0.0167152

38 46 0.0156966

39 46 0.0146161

40 46 0.0134779

41 46 0.0122865

42 46 0.0110466

43 46 0.00976311

44 46 0.00844109

45 46 0.00708575

46 46 0.00570245

47 46 0.00429665

48 46 0.00287389

49 46 0.00143979

50 46 0

0 47 0

1 47 0.00108484

2 47 0.0021654

3 47 0.00323741

4 47 0.00429665

5 47 0.00533893

6 47 0.00636014

7 47 0.00735625

8 47 0.00832332

9 47 0.00925755

10 47 0.0101552

11 47 0.0110129

12 47 0.011827

13 47 0.0125945

14 47 0.0133123

15 47 0.0139775

16 47 0.0145876

17 47 0.0151401

18 47 0.0156328

19 47 0.0160639

20 47 0.0164315

21 47 0.0167343

22 47 0.0169711

23 47 0.0171409

24 47 0.017243

25 47 0.0172771

26 47 0.017243

27 47 0.0171409

28 47 0.0169711

29 47 0.0167343

30 47 0.0164315

31 47 0.0160639

32 47 0.0156328

33 47 0.0151401

34 47 0.0145876

35 47 0.0139775

36 47 0.0133123

37 47 0.0125945

38 47 0.011827

39 47 0.0110129

40 47 0.0101552

41 47 0.00925755

42 47 0.00832332

43 47 0.00735625

44 47 0.00636014

45 47 0.00533893

46 47 0.00429665

47 47 0.00323741

48 47 0.0021654

49 47 0.00108484

50 47 0

0 48 0

1 48 0.000725614

2 48 0.00144836

3 48 0.0021654

4 48 0.00287389

5 48 0.00357104

6 48 0.00425409

7 48 0.00492035

8 48 0.0055672

9 48 0.00619207

10 48 0.00679251

11 48 0.00736614

12 48 0.0079107

13 48 0.00842404

14 48 0.00890414

15 48 0.00934909

16 48 0.00975715

17 48 0.0101267

18 48 0.0104563

19 48 0.0107446

20 48 0.0109905

21 48 0.0111931

22 48 0.0113514

23 48 0.011465

24 48 0.0115333

25 48 0.0115561

26 48 0.0115333

27 48 0.011465

28 48 0.0113514

29 48 0.0111931

30 48 0.0109905

31 48 0.0107446

32 48 0.0104563

33 48 0.0101267

34 48 0.00975715

35 48 0.00934909

36 48 0.00890414

37 48 0.00842404

38 48 0.0079107

39 48 0.00736614

40 48 0.00679251

41 48 0.00619207

42 48 0.0055672

43 48 0.00492035

44 48 0.00425409

45 48 0.00357104

46 48 0.00287389

47 48 0.0021654

48 48 0.00144836

49 48 0.000725614

50 48 0

0 49 0

1 49 0.000363524

