0 1 0

1 1 0.00179056

2 1 0.00357405

3 1 0.00534344

4 1 0.00709174

5 1 0.00881205

6 1 0.0104976

7 1 0.0121417

8 1 0.0137379

9 1 0.0152798

10 1 0.0167615

11 1 0.018177

12 1 0.0195208

13 1 0.0207876

14 1 0.0219723

15 1 0.0230702

16 1 0.0240772

17 1 0.0249891

18 1 0.0258024

19 1 0.0265139

20 1 0.0271207

21 1 0.0276205

22 1 0.0280113

23 1 0.0282915

24 1 0.0284601

25 1 0.0285164

26 1 0.0284601

27 1 0.0282915

28 1 0.0280113

29 1 0.0276205

30 1 0.0271207

31 1 0.0265139

32 1 0.0258024

33 1 0.0249891

34 1 0.0240772

35 1 0.0230702

36 1 0.0219723

37 1 0.0207876

38 1 0.0195208

39 1 0.018177

40 1 0.0167615

41 1 0.0152798

42 1 0.0137379

43 1 0.0121417

44 1 0.0104976

45 1 0.00881205

46 1 0.00709174

47 1 0.00534344

48 1 0.00357405

49 1 0.00179056

50 1 0

0 2 0

1 2 0.00357405

2 2 0.007134

3 2 0.0106658

4 2 0.0141555

5 2 0.0175893

6 2 0.0209537

7 2 0.0242355

8 2 0.0274215

9 2 0.0304994

10 2 0.0334569

11 2 0.0362823

12 2 0.0389646

13 2 0.0414931

14 2 0.0438578

15 2 0.0460494

16 2 0.0480594

17 2 0.0498796

18 2 0.051503

19 2 0.0529231

20 2 0.0541344

21 2 0.055132

22 2 0.055912

23 2 0.0564714

24 2 0.0568079

25 2 0.0569202

26 2 0.0568079

27 2 0.0564714

28 2 0.055912

29 2 0.055132

30 2 0.0541344

31 2 0.0529231

32 2 0.051503

33 2 0.0498796

34 2 0.0480594

35 2 0.0460494

36 2 0.0438578

37 2 0.0414931

38 2 0.0389646

39 2 0.0362823

40 2 0.0334569

41 2 0.0304994

42 2 0.0274215

43 2 0.0242355

44 2 0.0209537

45 2 0.0175893

46 2 0.0141555

47 2 0.0106658

48 2 0.007134

49 2 0.00357405

50 2 0

0 3 0

1 3 0.00534344

2 3 0.0106658

3 3 0.015946

4 3 0.0211634

5 3 0.0262972

6 3 0.0313272

7 3 0.0362336

8 3 0.040997

9 3 0.0455986

10 3 0.0500202

11 3 0.0542444

12 3 0.0582546

13 3 0.0620348

14 3 0.0655703

15 3 0.0688469

16 3 0.0718518

17 3 0.0745732

18 3 0.0770003

19 3 0.0791235

20 3 0.0809344

21 3 0.0824259

22 3 0.0835921

23 3 0.0844284

24 3 0.0849315

25 3 0.0850995

26 3 0.0849315

27 3 0.0844284

28 3 0.0835921

29 3 0.0824259

30 3 0.0809344

31 3 0.0791235

32 3 0.0770003

33 3 0.0745732

34 3 0.0718518

35 3 0.0688469

36 3 0.0655703

37 3 0.0620348

38 3 0.0582546

39 3 0.0542444

40 3 0.0500202

41 3 0.0455986

42 3 0.040997

43 3 0.0362336

44 3 0.0313272

45 3 0.0262972

46 3 0.0211634

47 3 0.015946

48 3 0.0106658

49 3 0.00534344

50 3 0

0 4 0

1 4 0.00709174

2 4 0.0141555

3 4 0.0211634

4 4 0.0280877

5 4 0.0349013

6 4 0.041577

7 4 0.0480887

8 4 0.0544106

9 4 0.0605178

10 4 0.0663861

11 4 0.0719925

12 4 0.0773147

13 4 0.0823318

14 4 0.0870239

15 4 0.0913727

16 4 0.0953608

17 4 0.0989725

18 4 0.102194

19 4 0.105012

20 4 0.107415

21 4 0.109395

22 4 0.110942

23 4 0.112052

24 4 0.11272

25 4 0.112943

26 4 0.11272

27 4 0.112052

28 4 0.110942

29 4 0.109395

30 4 0.107415

31 4 0.105012

32 4 0.102194

33 4 0.0989725

34 4 0.0953608

35 4 0.0913727

36 4 0.0870239

37 4 0.0823318

38 4 0.0773147

39 4 0.0719925

40 4 0.0663861

41 4 0.0605178

42 4 0.0544106

43 4 0.0480887

44 4 0.041577

45 4 0.0349013

46 4 0.0280877

47 4 0.0211634

48 4 0.0141555

49 4 0.00709174

50 4 0

0 5 0

1 5 0.00881205

2 5 0.0175893

3 5 0.0262972

4 5 0.0349013

5 5 0.0433676

6 5 0.0516628

7 5 0.0597541

8 5 0.0676095

9 5 0.0751982

10 5 0.08249

11 5 0.0894564

12 5 0.0960696

13 5 0.102304

14 5 0.108134

15 5 0.113538

16 5 0.118493

17 5 0.122981

18 5 0.126984

19 5 0.130485

20 5 0.133472

21 5 0.135931

22 5 0.137855

23 5 0.139234

24 5 0.140064

25 5 0.14034

26 5 0.140064

27 5 0.139234

28 5 0.137855

29 5 0.135931

30 5 0.133472

31 5 0.130485

32 5 0.126984

33 5 0.122981

34 5 0.118493

35 5 0.113538

36 5 0.108134

37 5 0.102304

38 5 0.0960696

39 5 0.0894564

40 5 0.08249

41 5 0.0751982

42 5 0.0676095

43 5 0.0597541

44 5 0.0516628

45 5 0.0433676

46 5 0.0349013

47 5 0.0262972

48 5 0.0175893

49 5 0.00881205

50 5 0

0 6 0

1 6 0.0104976

2 6 0.0209537

3 6 0.0313272

4 6 0.041577

5 6 0.0516628

6 6 0.0615446

7 6 0.0711836

8 6 0.0805416

9 6 0.0895818

10 6 0.0982684

11 6 0.106567

12 6 0.114445

13 6 0.121872

14 6 0.128818

15 6 0.135255

16 6 0.141158

17 6 0.146505

18 6 0.151273

19 6 0.155444

20 6 0.159002

21 6 0.161932

22 6 0.164223

23 6 0.165866

24 6 0.166854

25 6 0.167184

26 6 0.166854

27 6 0.165866

28 6 0.164223

29 6 0.161932

30 6 0.159002

31 6 0.155444

32 6 0.151273

33 6 0.146505

34 6 0.141158

35 6 0.135255

36 6 0.128818

37 6 0.121872

38 6 0.114445

39 6 0.106567

40 6 0.0982684

41 6 0.0895818

42 6 0.0805416

43 6 0.0711836

44 6 0.0615446

45 6 0.0516628

46 6 0.041577

47 6 0.0313272

48 6 0.0209537

49 6 0.0104976

50 6 0

0 7 0

1 7 0.0121417

2 7 0.0242355

3 7 0.0362336

4 7 0.0480887

5 7 0.0597541

6 7 0.0711836

7 7 0.0823322

8 7 0.0931558

9 7 0.103612

10 7 0.113659

11 7 0.123258

12 7 0.13237

13 7 0.140959

14 7 0.148993

15 7 0.156438

16 7 0.163266

17 7 0.16945

18 7 0.174965

19 7 0.179789

20 7 0.183904

21 7 0.187293

22 7 0.189943

23 7 0.191843

24 7 0.192987

25 7 0.193368

26 7 0.192987

27 7 0.191843

28 7 0.189943

29 7 0.187293

30 7 0.183904

31 7 0.179789

32 7 0.174965

33 7 0.16945

34 7 0.163266

35 7 0.156438

36 7 0.148993

37 7 0.140959

38 7 0.13237

39 7 0.123258

40 7 0.113659

41 7 0.103612

42 7 0.0931558

43 7 0.0823322

44 7 0.0711836

45 7 0.0597541

46 7 0.0480887

47 7 0.0362336

48 7 0.0242355

49 7 0.0121417

50 7 0

0 8 0

1 8 0.0137379

2 8 0.0274215

3 8 0.040997

4 8 0.0544106

5 8 0.0676095

6 8 0.0805416

7 8 0.0931558

8 8 0.105402

9 8 0.117233

10 8 0.128601

11 8 0.139461

12 8 0.149771

13 8 0.15949

14 8 0.16858

15 8 0.177004

16 8 0.18473

17 8 0.191726

18 8 0.197966

19 8 0.203425

20 8 0.208081

21 8 0.211915

22 8 0.214914

23 8 0.217064

24 8 0.218357

25 8 0.218789

26 8 0.218357

27 8 0.217064

28 8 0.214914

29 8 0.211915

30 8 0.208081

31 8 0.203425

32 8 0.197966

33 8 0.191726

34 8 0.18473

35 8 0.177004

36 8 0.16858

37 8 0.15949

38 8 0.149771

39 8 0.139461

40 8 0.128601

41 8 0.117233

42 8 0.105402

43 8 0.0931558

44 8 0.0805416

45 8 0.0676095

46 8 0.0544106

47 8 0.040997

48 8 0.0274215

49 8 0.0137379

50 8 0

0 9 0

1 9 0.0152798

2 9 0.0304994

3 9 0.0455986

4 9 0.0605178

5 9 0.0751982

6 9 0.0895818

7 9 0.103612

8 9 0.117233

9 9 0.130392

10 9 0.143035

11 9 0.155115

12 9 0.166582

13 9 0.177392

14 9 0.187502

15 9 0.196871

16 9 0.205464

17 9 0.213246

18 9 0.220186

19 9 0.226258

20 9 0.231436

21 9 0.235701

22 9 0.239036

23 9 0.241428

24 9 0.242866

25 9 0.243346

26 9 0.242866

27 9 0.241428

28 9 0.239036

29 9 0.235701

30 9 0.231436

31 9 0.226258

32 9 0.220186

33 9 0.213246

34 9 0.205464

35 9 0.196871

36 9 0.187502

37 9 0.177392

38 9 0.166582

39 9 0.155115

40 9 0.143035

41 9 0.130392

42 9 0.117233

43 9 0.103612

44 9 0.0895818

45 9 0.0751982

46 9 0.0605178

47 9 0.0455986

48 9 0.0304994

49 9 0.0152798

50 9 0

0 10 0

1 10 0.0167615

2 10 0.0334569

3 10 0.0500202

4 10 0.0663861

5 10 0.08249

6 10 0.0982684

7 10 0.113659

8 10 0.128601

9 10 0.143035

10 10 0.156905

11 10 0.170156

12 10 0.182735

13 10 0.194593

14 10 0.205683

15 10 0.215962

16 10 0.225388

17 10 0.233924

18 10 0.241538

19 10 0.248198

20 10 0.253878

21 10 0.258557

22 10 0.262215

23 10 0.264838

24 10 0.266417

25 10 0.266943

26 10 0.266417

27 10 0.264838

28 10 0.262215

29 10 0.258557

30 10 0.253878

31 10 0.248198

32 10 0.241538

33 10 0.233924

34 10 0.225388

35 10 0.215962

36 10 0.205683

37 10 0.194593

38 10 0.182735

39 10 0.170156

40 10 0.156905

41 10 0.143035

42 10 0.128601

43 10 0.113659

44 10 0.0982684

45 10 0.08249

46 10 0.0663861

47 10 0.0500202

48 10 0.0334569

49 10 0.0167615

50 10 0

0 11 0

1 11 0.018177

2 11 0.0362823

3 11 0.0542444

4 11 0.0719925

5 11 0.0894564

6 11 0.106567

7 11 0.123258

8 11 0.139461

9 11 0.155115

10 11 0.170156

11 11 0.184526

12 11 0.198167

13 11 0.211027

14 11 0.223053

15 11 0.2342

16 11 0.244422

17 11 0.253679

18 11 0.261936

19 11 0.269158

20 11 0.275318

21 11 0.280392

22 11 0.284359

23 11 0.287204

24 11 0.288916

25 11 0.289487

26 11 0.288916

27 11 0.287204

28 11 0.284359

29 11 0.280392

30 11 0.275318

31 11 0.269158

32 11 0.261936

33 11 0.253679

34 11 0.244422

35 11 0.2342

36 11 0.223053

37 11 0.211027

38 11 0.198167

39 11 0.184526

40 11 0.170156

41 11 0.155115

42 11 0.139461

43 11 0.123258

44 11 0.106567

45 11 0.0894564

46 11 0.0719925

47 11 0.0542444

48 11 0.0362823

49 11 0.018177

50 11 0

0 12 0

1 12 0.0195208

2 12 0.0389646

3 12 0.0582546

4 12 0.0773147

5 12 0.0960696

6 12 0.114445

7 12 0.13237

8 12 0.149771

9 12 0.166582

10 12 0.182735

11 12 0.198167

12 12 0.212817

13 12 0.226628

14 12 0.239543

15 12 0.251514

16 12 0.262491

17 12 0.272433

18 12 0.2813

19 12 0.289056

20 12 0.295672

21 12 0.301121

22 12 0.305381

23 12 0.308436

24 12 0.310274

25 12 0.310888

26 12 0.310274

27 12 0.308436

28 12 0.305381

29 12 0.301121

30 12 0.295672

31 12 0.289056

32 12 0.2813

33 12 0.272433

34 12 0.262491

35 12 0.251514

36 12 0.239543

37 12 0.226628

38 12 0.212817

39 12 0.198167

40 12 0.182735

41 12 0.166582

42 12 0.149771

43 12 0.13237

44 12 0.114445

45 12 0.0960696

46 12 0.0773147

47 12 0.0582546

48 12 0.0389646

49 12 0.0195208

50 12 0

0 13 0

1 13 0.0207876

2 13 0.0414931

3 13 0.0620348

4 13 0.0823318

5 13 0.102304

6 13 0.121872

7 13 0.140959

8 13 0.15949

9 13 0.177392

10 13 0.194593

11 13 0.211027

12 13 0.226628

13 13 0.241334

14 13 0.255088

15 13 0.267835

16 13 0.279525

17 13 0.290112

18 13 0.299554

19 13 0.307814

20 13 0.314859

21 13 0.320661

22 13 0.325198

23 13 0.328451

24 13 0.330409

25 13 0.331062

26 13 0.330409

27 13 0.328451

28 13 0.325198

29 13 0.320661

30 13 0.314859

31 13 0.307814

32 13 0.299554

33 13 0.290112

34 13 0.279525

35 13 0.267835

36 13 0.255088

37 13 0.241334

38 13 0.226628

39 13 0.211027

40 13 0.194593

41 13 0.177392

42 13 0.15949

43 13 0.140959

44 13 0.121872

45 13 0.102304

46 13 0.0823318

47 13 0.0620348

48 13 0.0414931

49 13 0.0207876

50 13 0

0 14 0

1 14 0.0219723

2 14 0.0438578

3 14 0.0655703

4 14 0.0870239

5 14 0.108134

6 14 0.128818

7 14 0.148993

8 14 0.16858

9 14 0.187502

10 14 0.205683

11 14 0.223053

12 14 0.239543

13 14 0.255088

14 14 0.269625

15 14 0.283099

16 14 0.295455

17 14 0.306646

18 14 0.316626

19 14 0.325356

20 14 0.332803

21 14 0.338936

22 14 0.343731

23 14 0.34717

24 14 0.349239

25 14 0.34993

26 14 0.349239

27 14 0.34717

28 14 0.343731

29 14 0.338936

30 14 0.332803

31 14 0.325356

32 14 0.316626

33 14 0.306646

34 14 0.295455

35 14 0.283099

36 14 0.269625

37 14 0.255088

38 14 0.239543

39 14 0.223053

40 14 0.205683

41 14 0.187502

42 14 0.16858

43 14 0.148993

44 14 0.128818

45 14 0.108134

46 14 0.0870239

47 14 0.0655703

48 14 0.0438578

49 14 0.0219723

50 14 0

0 15 0

1 15 0.0230702

2 15 0.0460494

3 15 0.0688469

4 15 0.0913727

5 15 0.113538

6 15 0.135255

7 15 0.156438

8 15 0.177004

9 15 0.196871

10 15 0.215962

11 15 0.2342

12 15 0.251514

13 15 0.267835

14 15 0.283099

15 15 0.297246

16 15 0.31022

17 15 0.321969

18 15 0.332448

19 15 0.341615

20 15 0.349433

21 15 0.355873

22 15 0.360908

23 15 0.364519

24 15 0.366691

25 15 0.367416

26 15 0.366691

27 15 0.364519

28 15 0.360908

29 15 0.355873

30 15 0.349433

31 15 0.341615

32 15 0.332448

33 15 0.321969

34 15 0.31022

35 15 0.297246

36 15 0.283099

37 15 0.267835

38 15 0.251514

39 15 0.2342

40 15 0.215962

41 15 0.196871

42 15 0.177004

43 15 0.156438

44 15 0.135255

45 15 0.113538

46 15 0.0913727

47 15 0.0688469

48 15 0.0460494

49 15 0.0230702

50 15 0

0 16 0

1 16 0.0240772

2 16 0.0480594

3 16 0.0718518

4 16 0.0953608

5 16 0.118493

6 16 0.141158

7 16 0.163266

8 16 0.18473

9 16 0.205464

10 16 0.225388

11 16 0.244422

12 16 0.262491

13 16 0.279525

14 16 0.295455

15 16 0.31022

16 16 0.32376

17 16 0.336022

18 16 0.346958

19 16 0.356525

20 16 0.364685

21 16 0.371406

22 16 0.376661

23 16 0.380429

24 16 0.382696

25 16 0.383453

26 16 0.382696

27 16 0.380429

28 16 0.376661

29 16 0.371406

30 16 0.364685

31 16 0.356525

32 16 0.346958

33 16 0.336022

34 16 0.32376

35 16 0.31022

36 16 0.295455

37 16 0.279525

38 16 0.262491

39 16 0.244422

40 16 0.225388

41 16 0.205464

42 16 0.18473

43 16 0.163266

44 16 0.141158

45 16 0.118493

46 16 0.0953608

47 16 0.0718518

48 16 0.0480594

49 16 0.0240772

50 16 0

0 17 0

1 17 0.0249891

2 17 0.0498796

3 17 0.0745732

4 17 0.0989725

5 17 0.122981

6 17 0.146505

7 17 0.16945

8 17 0.191726

9 17 0.213246

10 17 0.233924

11 17 0.253679

12 17 0.272433

13 17 0.290112

14 17 0.306646

15 17 0.321969

16 17 0.336022

17 17 0.348749

18 17 0.360099

19 17 0.370029

20 17 0.378497

21 17 0.385473

22 17 0.390927

23 17 0.394838

24 17 0.39719

25 17 0.397976

26 17 0.39719

27 17 0.394838

28 17 0.390927

29 17 0.385473

30 17 0.378497

31 17 0.370029

32 17 0.360099

33 17 0.348749

34 17 0.336022

35 17 0.321969

36 17 0.306646

37 17 0.290112

38 17 0.272433

39 17 0.253679

40 17 0.233924

41 17 0.213246

42 17 0.191726

43 17 0.16945

44 17 0.146505

45 17 0.122981

46 17 0.0989725

47 17 0.0745732

48 17 0.0498796

49 17 0.0249891

50 17 0

0 18 0

1 18 0.0258024

2 18 0.051503

3 18 0.0770003

4 18 0.102194

5 18 0.126984

6 18 0.151273

7 18 0.174965

8 18 0.197966

9 18 0.220186

10 18 0.241538

11 18 0.261936

12 18 0.2813

13 18 0.299554

14 18 0.316626

15 18 0.332448

16 18 0.346958

17 18 0.360099

18 18 0.371819

19 18 0.382071

20 18 0.390816

21 18 0.398018

22 18 0.40365

23 18 0.407688

24 18 0.410117

25 18 0.410928

26 18 0.410117

27 18 0.407688

28 18 0.40365

29 18 0.398018

30 18 0.390816

31 18 0.382071

32 18 0.371819

33 18 0.360099

34 18 0.346958

35 18 0.332448

36 18 0.316626

37 18 0.299554

38 18 0.2813

39 18 0.261936

40 18 0.241538

41 18 0.220186

42 18 0.197966

43 18 0.174965

44 18 0.151273

45 18 0.126984

46 18 0.102194

47 18 0.0770003

48 18 0.051503

49 18 0.0258024

50 18 0

0 19 0

1 19 0.0265139

2 19 0.0529231

3 19 0.0791235

4 19 0.105012

5 19 0.130485

6 19 0.155444

7 19 0.179789

8 19 0.203425

9 19 0.226258

10 19 0.248198

11 19 0.269158

12 19 0.289056

13 19 0.307814

14 19 0.325356

15 19 0.341615

16 19 0.356525

17 19 0.370029

18 19 0.382071

19 19 0.392607

20 19 0.401592

21 19 0.408993

22 19 0.41478

23 19 0.418929

24 19 0.421426

25 19 0.422259

26 19 0.421426

27 19 0.418929

28 19 0.41478

29 19 0.408993

30 19 0.401592

31 19 0.392607

32 19 0.382071

33 19 0.370029

34 19 0.356525

35 19 0.341615

36 19 0.325356

37 19 0.307814

38 19 0.289056

39 19 0.269158

40 19 0.248198

41 19 0.226258

42 19 0.203425

43 19 0.179789

44 19 0.155444

45 19 0.130485

46 19 0.105012

47 19 0.0791235

48 19 0.0529231

49 19 0.0265139

50 19 0

0 20 0

1 20 0.0271207

2 20 0.0541344

3 20 0.0809344

4 20 0.107415

5 20 0.133472

6 20 0.159002

7 20 0.183904

8 20 0.208081

9 20 0.231436

10 20 0.253878

11 20 0.275318

12 20 0.295672

13 20 0.314859

14 20 0.332803

15 20 0.349433

16 20 0.364685

17 20 0.378497

18 20 0.390816

19 20 0.401592

20 20 0.410784

21 20 0.418354

22 20 0.424273

23 20 0.428518

24 20 0.431071

25 20 0.431923

26 20 0.431071

27 20 0.428518

28 20 0.424273

29 20 0.418354

30 20 0.410784

31 20 0.401592

32 20 0.390816

33 20 0.378497

34 20 0.364685

35 20 0.349433

36 20 0.332803

37 20 0.314859

38 20 0.295672

39 20 0.275318

40 20 0.253878

41 20 0.231436

42 20 0.208081

43 20 0.183904

44 20 0.159002

45 20 0.133472

46 20 0.107415

47 20 0.0809344

48 20 0.0541344

49 20 0.0271207

50 20 0

0 21 0

1 21 0.0276205

2 21 0.055132

3 21 0.0824259

4 21 0.109395

5 21 0.135931

6 21 0.161932

7 21 0.187293

8 21 0.211915

9 21 0.235701

10 21 0.258557

11 21 0.280392

12 21 0.301121

13 21 0.320661

14 21 0.338936

15 21 0.355873

16 21 0.371406

17 21 0.385473

18 21 0.398018

19 21 0.408993

20 21 0.418354

21 21 0.426063

22 21 0.432092

23 21 0.436415

24 21 0.439015

25 21 0.439883

26 21 0.439015

27 21 0.436415

28 21 0.432092

29 21 0.426063

30 21 0.418354

31 21 0.408993

32 21 0.398018

33 21 0.385473

34 21 0.371406

35 21 0.355873

36 21 0.338936

37 21 0.320661

38 21 0.301121

39 21 0.280392

40 21 0.258557

41 21 0.235701

42 21 0.211915

43 21 0.187293

44 21 0.161932

45 21 0.135931

46 21 0.109395

47 21 0.0824259

48 21 0.055132

49 21 0.0276205

50 21 0

0 22 0

1 22 0.0280113

2 22 0.055912

3 22 0.0835921

4 22 0.110942

5 22 0.137855

6 22 0.164223

7 22 0.189943

8 22 0.214914

9 22 0.239036

10 22 0.262215

11 22 0.284359

12 22 0.305381

13 22 0.325198

14 22 0.343731

15 22 0.360908

16 22 0.376661

17 22 0.390927

18 22 0.40365

19 22 0.41478

20 22 0.424273

21 22 0.432092

22 22 0.438205

23 22 0.442589

24 22 0.445227

25 22 0.446107

26 22 0.445227

27 22 0.442589

28 22 0.438205

29 22 0.432092

30 22 0.424273

31 22 0.41478

32 22 0.40365

33 22 0.390927

34 22 0.376661

35 22 0.360908

36 22 0.343731

37 22 0.325198

38 22 0.305381

39 22 0.284359

40 22 0.262215

41 22 0.239036

42 22 0.214914

43 22 0.189943

44 22 0.164223

45 22 0.137855

46 22 0.110942

47 22 0.0835921

48 22 0.055912

49 22 0.0280113

50 22 0

0 23 0

1 23 0.0282915

2 23 0.0564714

3 23 0.0844284

4 23 0.112052

5 23 0.139234

6 23 0.165866

7 23 0.191843

8 23 0.217064

9 23 0.241428

10 23 0.264838

11 23 0.287204

12 23 0.308436

13 23 0.328451

14 23 0.34717

15 23 0.364519

16 23 0.380429

17 23 0.394838

18 23 0.407688

19 23 0.418929

20 23 0.428518

21 23 0.436415

22 23 0.442589

23 23 0.447017

24 23 0.449681

25 23 0.45057

26 23 0.449681

27 23 0.447017

28 23 0.442589

29 23 0.436415

30 23 0.428518

31 23 0.418929

32 23 0.407688

33 23 0.394838

34 23 0.380429

35 23 0.364519

36 23 0.34717

37 23 0.328451

38 23 0.308436

39 23 0.287204

40 23 0.264838

41 23 0.241428

42 23 0.217064

43 23 0.191843

44 23 0.165866

45 23 0.139234

46 23 0.112052

47 23 0.0844284

48 23 0.0564714

49 23 0.0282915

50 23 0

0 24 0

1 24 0.0284601

2 24 0.0568079

3 24 0.0849315

4 24 0.11272

5 24 0.140064

6 24 0.166854

7 24 0.192987

8 24 0.218357

9 24 0.242866

10 24 0.266417

11 24 0.288916

12 24 0.310274

13 24 0.330409

14 24 0.349239

15 24 0.366691

16 24 0.382696

17 24 0.39719

18 24 0.410117

19 24 0.421426

20 24 0.431071

21 24 0.439015

22 24 0.445227

23 24 0.449681

24 24 0.452361

25 24 0.453255

26 24 0.452361

27 24 0.449681

28 24 0.445227

29 24 0.439015

30 24 0.431071

31 24 0.421426

32 24 0.410117

33 24 0.39719

34 24 0.382696

35 24 0.366691

36 24 0.349239

37 24 0.330409

38 24 0.310274

39 24 0.288916

40 24 0.266417

41 24 0.242866

42 24 0.218357

43 24 0.192987

44 24 0.166854

45 24 0.140064

46 24 0.11272

47 24 0.0849315

48 24 0.0568079

49 24 0.0284601

50 24 0

0 25 0

1 25 0.0285164

2 25 0.0569202

3 25 0.0850995

4 25 0.112943

5 25 0.14034

6 25 0.167184

7 25 0.193368

8 25 0.218789

9 25 0.243346

10 25 0.266943

11 25 0.289487

12 25 0.310888

13 25 0.331062

14 25 0.34993

15 25 0.367416

16 25 0.383453

17 25 0.397976

18 25 0.410928

19 25 0.422259

20 25 0.431923

21 25 0.439883

22 25 0.446107

23 25 0.45057

24 25 0.453255

25 25 0.454151

26 25 0.453255

27 25 0.45057

28 25 0.446107

29 25 0.439883

30 25 0.431923

31 25 0.422259

32 25 0.410928

33 25 0.397976

34 25 0.383453

35 25 0.367416

36 25 0.34993

37 25 0.331062

38 25 0.310888

39 25 0.289487

40 25 0.266943

41 25 0.243346

42 25 0.218789

43 25 0.193368

44 25 0.167184

45 25 0.14034

46 25 0.112943

47 25 0.0850995

48 25 0.0569202

49 25 0.0285164

50 25 0

0 26 0

1 26 0.0284601

2 26 0.0568079

3 26 0.0849315

4 26 0.11272

5 26 0.140064

6 26 0.166854

7 26 0.192987

8 26 0.218357

9 26 0.242866

10 26 0.266417

11 26 0.288916

12 26 0.310274

13 26 0.330409

14 26 0.349239

15 26 0.366691

16 26 0.382696

17 26 0.39719

18 26 0.410117

19 26 0.421426

20 26 0.431071

21 26 0.439015

22 26 0.445227

23 26 0.449681

24 26 0.452361

25 26 0.453255

26 26 0.452361

27 26 0.449681

28 26 0.445227

29 26 0.439015

30 26 0.431071

31 26 0.421426

32 26 0.410117

33 26 0.39719

34 26 0.382696

35 26 0.366691

36 26 0.349239

37 26 0.330409

38 26 0.310274

39 26 0.288916

40 26 0.266417

41 26 0.242866

42 26 0.218357

43 26 0.192987

44 26 0.166854

45 26 0.140064

46 26 0.11272

47 26 0.0849315

48 26 0.0568079

49 26 0.0284601

50 26 0

0 27 0

1 27 0.0282915

2 27 0.0564714

3 27 0.0844284

4 27 0.112052

5 27 0.139234

6 27 0.165866

7 27 0.191843

8 27 0.217064

9 27 0.241428

10 27 0.264838

11 27 0.287204

12 27 0.308436

13 27 0.328451

14 27 0.34717

15 27 0.364519

16 27 0.380429

17 27 0.394838

18 27 0.407688

19 27 0.418929

20 27 0.428518

21 27 0.436415

22 27 0.442589

23 27 0.447017

24 27 0.449681

25 27 0.45057

26 27 0.449681

27 27 0.447017

28 27 0.442589

29 27 0.436415

30 27 0.428518

31 27 0.418929

32 27 0.407688

33 27 0.394838

34 27 0.380429

35 27 0.364519

36 27 0.34717

37 27 0.328451

38 27 0.308436

39 27 0.287204

40 27 0.264838

41 27 0.241428

42 27 0.217064

43 27 0.191843

44 27 0.165866

45 27 0.139234

46 27 0.112052

47 27 0.0844284

48 27 0.0564714

49 27 0.0282915

50 27 0

0 28 0

1 28 0.0280113

2 28 0.055912

3 28 0.0835921

4 28 0.110942

5 28 0.137855

6 28 0.164223

7 28 0.189943

8 28 0.214914

9 28 0.239036

10 28 0.262215

11 28 0.284359

12 28 0.305381

13 28 0.325198

14 28 0.343731

15 28 0.360908

16 28 0.376661

17 28 0.390927

18 28 0.40365

19 28 0.41478

20 28 0.424273

21 28 0.432092

22 28 0.438205

23 28 0.442589

24 28 0.445227

25 28 0.446107

26 28 0.445227

27 28 0.442589

28 28 0.438205

29 28 0.432092

30 28 0.424273

31 28 0.41478

32 28 0.40365

33 28 0.390927

34 28 0.376661

35 28 0.360908

36 28 0.343731

37 28 0.325198

38 28 0.305381

39 28 0.284359

40 28 0.262215

41 28 0.239036

42 28 0.214914

43 28 0.189943

44 28 0.164223

45 28 0.137855

46 28 0.110942

47 28 0.0835921

48 28 0.055912

49 28 0.0280113

50 28 0

0 29 0

1 29 0.0276205

2 29 0.055132

3 29 0.0824259

4 29 0.109395

5 29 0.135931

6 29 0.161932

7 29 0.187293

8 29 0.211915

9 29 0.235701

10 29 0.258557

11 29 0.280392

12 29 0.301121

13 29 0.320661

14 29 0.338936

15 29 0.355873

16 29 0.371406

17 29 0.385473

18 29 0.398018

19 29 0.408993

20 29 0.418354

21 29 0.426063

22 29 0.432092

23 29 0.436415

24 29 0.439015

25 29 0.439883

26 29 0.439015

27 29 0.436415

28 29 0.432092

29 29 0.426063

30 29 0.418354

31 29 0.408993

32 29 0.398018

33 29 0.385473

34 29 0.371406

35 29 0.355873

36 29 0.338936

37 29 0.320661

38 29 0.301121

39 29 0.280392

40 29 0.258557

41 29 0.235701

42 29 0.211915

43 29 0.187293

44 29 0.161932

45 29 0.135931

46 29 0.109395

47 29 0.0824259

48 29 0.055132

49 29 0.0276205

50 29 0

0 30 0

1 30 0.0271207

2 30 0.0541344

3 30 0.0809344

4 30 0.107415

5 30 0.133472

6 30 0.159002

7 30 0.183904

8 30 0.208081

9 30 0.231436

10 30 0.253878

11 30 0.275318

12 30 0.295672

13 30 0.314859

14 30 0.332803

15 30 0.349433

16 30 0.364685

17 30 0.378497

18 30 0.390816

19 30 0.401592

20 30 0.410784

21 30 0.418354

22 30 0.424273

23 30 0.428518

24 30 0.431071

25 30 0.431923

26 30 0.431071

27 30 0.428518

28 30 0.424273

29 30 0.418354

30 30 0.410784

31 30 0.401592

32 30 0.390816

33 30 0.378497

34 30 0.364685

35 30 0.349433

36 30 0.332803

37 30 0.314859

38 30 0.295672

39 30 0.275318

40 30 0.253878

41 30 0.231436

42 30 0.208081

43 30 0.183904

44 30 0.159002

45 30 0.133472

46 30 0.107415

47 30 0.0809344

48 30 0.0541344

49 30 0.0271207

50 30 0

0 31 0

1 31 0.0265139

2 31 0.0529231

3 31 0.0791235

4 31 0.105012

5 31 0.130485

6 31 0.155444

7 31 0.179789

8 31 0.203425

9 31 0.226258

10 31 0.248198

11 31 0.269158

12 31 0.289056

13 31 0.307814

14 31 0.325356

15 31 0.341615

16 31 0.356525

17 31 0.370029

18 31 0.382071

19 31 0.392607

20 31 0.401592

21 31 0.408993

22 31 0.41478

23 31 0.418929

24 31 0.421426

25 31 0.422259

26 31 0.421426

27 31 0.418929

28 31 0.41478

29 31 0.408993

30 31 0.401592

31 31 0.392607

32 31 0.382071

33 31 0.370029

34 31 0.356525

35 31 0.341615

36 31 0.325356

37 31 0.307814

38 31 0.289056

39 31 0.269158

40 31 0.248198

41 31 0.226258

42 31 0.203425

43 31 0.179789

44 31 0.155444

45 31 0.130485

46 31 0.105012

47 31 0.0791235

48 31 0.0529231

49 31 0.0265139

50 31 0

0 32 0

1 32 0.0258024

2 32 0.051503

3 32 0.0770003

4 32 0.102194

5 32 0.126984

6 32 0.151273

7 32 0.174965

8 32 0.197966

9 32 0.220186

10 32 0.241538

11 32 0.261936

12 32 0.2813

13 32 0.299554

14 32 0.316626

15 32 0.332448

16 32 0.346958

17 32 0.360099

18 32 0.371819

19 32 0.382071

20 32 0.390816

21 32 0.398018

22 32 0.40365

23 32 0.407688

24 32 0.410117

25 32 0.410928

26 32 0.410117

27 32 0.407688

28 32 0.40365

29 32 0.398018

30 32 0.390816

31 32 0.382071

32 32 0.371819

33 32 0.360099

34 32 0.346958

35 32 0.332448

36 32 0.316626

37 32 0.299554

38 32 0.2813

39 32 0.261936

40 32 0.241538

41 32 0.220186

42 32 0.197966

43 32 0.174965

44 32 0.151273

45 32 0.126984

46 32 0.102194

47 32 0.0770003

48 32 0.051503

49 32 0.0258024

50 32 0

0 33 0

1 33 0.0249891

2 33 0.0498796

3 33 0.0745732

4 33 0.0989725

5 33 0.122981

6 33 0.146505

7 33 0.16945

8 33 0.191726

9 33 0.213246

10 33 0.233924

11 33 0.253679

12 33 0.272433

13 33 0.290112

14 33 0.306646

15 33 0.321969

16 33 0.336022

17 33 0.348749

18 33 0.360099

19 33 0.370029

20 33 0.378497

21 33 0.385473

22 33 0.390927

23 33 0.394838

24 33 0.39719

25 33 0.397976

26 33 0.39719

27 33 0.394838

28 33 0.390927

29 33 0.385473

30 33 0.378497

31 33 0.370029

32 33 0.360099

33 33 0.348749

34 33 0.336022

35 33 0.321969

36 33 0.306646

37 33 0.290112

38 33 0.272433

39 33 0.253679

40 33 0.233924

41 33 0.213246

42 33 0.191726

43 33 0.16945

44 33 0.146505

45 33 0.122981

46 33 0.0989725

47 33 0.0745732

48 33 0.0498796

49 33 0.0249891

50 33 0

0 34 0

1 34 0.0240772

2 34 0.0480594

3 34 0.0718518

4 34 0.0953608

5 34 0.118493

6 34 0.141158

7 34 0.163266

8 34 0.18473

9 34 0.205464

10 34 0.225388

11 34 0.244422

12 34 0.262491

13 34 0.279525

14 34 0.295455

15 34 0.31022

16 34 0.32376

17 34 0.336022

18 34 0.346958

19 34 0.356525

20 34 0.364685

21 34 0.371406

22 34 0.376661

23 34 0.380429

24 34 0.382696

25 34 0.383453

26 34 0.382696

27 34 0.380429

28 34 0.376661

29 34 0.371406

30 34 0.364685

31 34 0.356525

32 34 0.346958

33 34 0.336022

34 34 0.32376

35 34 0.31022

36 34 0.295455

37 34 0.279525

38 34 0.262491

39 34 0.244422

40 34 0.225388

41 34 0.205464

42 34 0.18473

43 34 0.163266

44 34 0.141158

45 34 0.118493

46 34 0.0953608

47 34 0.0718518

48 34 0.0480594

49 34 0.0240772

50 34 0

0 35 0

1 35 0.0230702

2 35 0.0460494

3 35 0.0688469

4 35 0.0913727

5 35 0.113538

6 35 0.135255

7 35 0.156438

8 35 0.177004

9 35 0.196871

10 35 0.215962

11 35 0.2342

12 35 0.251514

13 35 0.267835

14 35 0.283099

15 35 0.297246

16 35 0.31022

17 35 0.321969

18 35 0.332448

19 35 0.341615

20 35 0.349433

21 35 0.355873

22 35 0.360908

23 35 0.364519

24 35 0.366691

25 35 0.367416

26 35 0.366691

27 35 0.364519

28 35 0.360908

29 35 0.355873

30 35 0.349433

31 35 0.341615

32 35 0.332448

33 35 0.321969

34 35 0.31022

35 35 0.297246

36 35 0.283099

37 35 0.267835

38 35 0.251514

39 35 0.2342

40 35 0.215962

41 35 0.196871

42 35 0.177004

43 35 0.156438

44 35 0.135255

45 35 0.113538

46 35 0.0913727

47 35 0.0688469

48 35 0.0460494

49 35 0.0230702

50 35 0

0 36 0

1 36 0.0219723

2 36 0.0438578

3 36 0.0655703

4 36 0.0870239

5 36 0.108134

6 36 0.128818

7 36 0.148993

8 36 0.16858

9 36 0.187502

10 36 0.205683

11 36 0.223053

12 36 0.239543

13 36 0.255088

14 36 0.269625

15 36 0.283099

16 36 0.295455

17 36 0.306646

18 36 0.316626

19 36 0.325356

20 36 0.332803

21 36 0.338936

22 36 0.343731

23 36 0.34717

24 36 0.349239

25 36 0.34993

26 36 0.349239

27 36 0.34717

28 36 0.343731

29 36 0.338936

30 36 0.332803

31 36 0.325356

32 36 0.316626

33 36 0.306646

34 36 0.295455

35 36 0.283099

36 36 0.269625

37 36 0.255088

38 36 0.239543

39 36 0.223053

40 36 0.205683

41 36 0.187502

42 36 0.16858

43 36 0.148993

44 36 0.128818

45 36 0.108134

46 36 0.0870239

47 36 0.0655703

48 36 0.0438578

49 36 0.0219723

50 36 0

0 37 0

1 37 0.0207876

2 37 0.0414931

3 37 0.0620348

4 37 0.0823318

5 37 0.102304

6 37 0.121872

7 37 0.140959

8 37 0.15949

9 37 0.177392

10 37 0.194593

11 37 0.211027

12 37 0.226628

13 37 0.241334

14 37 0.255088

15 37 0.267835

16 37 0.279525

17 37 0.290112

18 37 0.299554

19 37 0.307814

20 37 0.314859

21 37 0.320661

22 37 0.325198

23 37 0.328451

24 37 0.330409

25 37 0.331062

26 37 0.330409

27 37 0.328451

28 37 0.325198

29 37 0.320661

30 37 0.314859

31 37 0.307814

32 37 0.299554

33 37 0.290112

34 37 0.279525

35 37 0.267835

36 37 0.255088

37 37 0.241334

38 37 0.226628

39 37 0.211027

40 37 0.194593

41 37 0.177392

42 37 0.15949

43 37 0.140959

44 37 0.121872

45 37 0.102304

46 37 0.0823318

47 37 0.0620348

48 37 0.0414931

49 37 0.0207876

50 37 0

0 38 0

1 38 0.0195208

2 38 0.0389646

3 38 0.0582546

4 38 0.0773147

5 38 0.0960696

6 38 0.114445

7 38 0.13237

8 38 0.149771

9 38 0.166582

10 38 0.182735

11 38 0.198167

12 38 0.212817

13 38 0.226628

14 38 0.239543

15 38 0.251514

16 38 0.262491

17 38 0.272433

18 38 0.2813

19 38 0.289056

20 38 0.295672

21 38 0.301121

22 38 0.305381

23 38 0.308436

24 38 0.310274

25 38 0.310888

26 38 0.310274

27 38 0.308436

28 38 0.305381

29 38 0.301121

30 38 0.295672

31 38 0.289056

32 38 0.2813

33 38 0.272433

34 38 0.262491

35 38 0.251514

36 38 0.239543

37 38 0.226628

38 38 0.212817

39 38 0.198167

40 38 0.182735

41 38 0.166582

42 38 0.149771

43 38 0.13237

44 38 0.114445

45 38 0.0960696

46 38 0.0773147

47 38 0.0582546

48 38 0.0389646

49 38 0.0195208

50 38 0

0 39 0

1 39 0.018177

2 39 0.0362823

3 39 0.0542444

4 39 0.0719925

5 39 0.0894564

6 39 0.106567

7 39 0.123258

8 39 0.139461

9 39 0.155115

10 39 0.170156

11 39 0.184526

12 39 0.198167

13 39 0.211027

14 39 0.223053

15 39 0.2342

16 39 0.244422

17 39 0.253679

18 39 0.261936

19 39 0.269158

20 39 0.275318

21 39 0.280392

22 39 0.284359

23 39 0.287204

24 39 0.288916

25 39 0.289487

26 39 0.288916

27 39 0.287204

28 39 0.284359

29 39 0.280392

30 39 0.275318

31 39 0.269158

32 39 0.261936

33 39 0.253679

34 39 0.244422

35 39 0.2342

36 39 0.223053

37 39 0.211027

38 39 0.198167

39 39 0.184526

40 39 0.170156

41 39 0.155115

42 39 0.139461

43 39 0.123258

44 39 0.106567

45 39 0.0894564

46 39 0.0719925

47 39 0.0542444

48 39 0.0362823

49 39 0.018177

50 39 0

0 40 0

1 40 0.0167615

2 40 0.0334569

3 40 0.0500202

4 40 0.0663861

5 40 0.08249

6 40 0.0982684

7 40 0.113659

8 40 0.128601

9 40 0.143035

10 40 0.156905

11 40 0.170156

12 40 0.182735

13 40 0.194593

14 40 0.205683

15 40 0.215962

16 40 0.225388

17 40 0.233924

18 40 0.241538

19 40 0.248198

20 40 0.253878

21 40 0.258557

22 40 0.262215

23 40 0.264838

24 40 0.266417

25 40 0.266943

26 40 0.266417

27 40 0.264838

28 40 0.262215

29 40 0.258557

30 40 0.253878

31 40 0.248198

32 40 0.241538

33 40 0.233924

34 40 0.225388

35 40 0.215962

36 40 0.205683

37 40 0.194593

38 40 0.182735

39 40 0.170156

40 40 0.156905

41 40 0.143035

42 40 0.128601

43 40 0.113659

44 40 0.0982684

45 40 0.08249

46 40 0.0663861

47 40 0.0500202

48 40 0.0334569

49 40 0.0167615

50 40 0

0 41 0

1 41 0.0152798

2 41 0.0304994

3 41 0.0455986

4 41 0.0605178

5 41 0.0751982

6 41 0.0895818

7 41 0.103612

8 41 0.117233

9 41 0.130392

10 41 0.143035

11 41 0.155115

12 41 0.166582

13 41 0.177392

14 41 0.187502

15 41 0.196871

16 41 0.205464

17 41 0.213246

18 41 0.220186

19 41 0.226258

20 41 0.231436

21 41 0.235701

22 41 0.239036

23 41 0.241428

24 41 0.242866

25 41 0.243346

26 41 0.242866

27 41 0.241428

28 41 0.239036

29 41 0.235701

30 41 0.231436

31 41 0.226258

32 41 0.220186

33 41 0.213246

34 41 0.205464

35 41 0.196871

36 41 0.187502

37 41 0.177392

38 41 0.166582

39 41 0.155115

40 41 0.143035

41 41 0.130392

42 41 0.117233

43 41 0.103612

44 41 0.0895818

45 41 0.0751982

46 41 0.0605178

47 41 0.0455986

48 41 0.0304994

49 41 0.0152798

50 41 0

0 42 0

1 42 0.0137379

2 42 0.0274215

3 42 0.040997

4 42 0.0544106

5 42 0.0676095

6 42 0.0805416

7 42 0.0931558

8 42 0.105402

9 42 0.117233

10 42 0.128601

11 42 0.139461

12 42 0.149771

13 42 0.15949

14 42 0.16858

15 42 0.177004

16 42 0.18473

17 42 0.191726

18 42 0.197966

19 42 0.203425

20 42 0.208081

21 42 0.211915

22 42 0.214914

23 42 0.217064

24 42 0.218357

25 42 0.218789

26 42 0.218357

27 42 0.217064

28 42 0.214914

29 42 0.211915

30 42 0.208081

31 42 0.203425

32 42 0.197966

33 42 0.191726

34 42 0.18473

35 42 0.177004

36 42 0.16858

37 42 0.15949

38 42 0.149771

39 42 0.139461

40 42 0.128601

41 42 0.117233

42 42 0.105402

43 42 0.0931558

44 42 0.0805416

45 42 0.0676095

46 42 0.0544106

47 42 0.040997

48 42 0.0274215

49 42 0.0137379

50 42 0

0 43 0

1 43 0.0121417

2 43 0.0242355

3 43 0.0362336

4 43 0.0480887

5 43 0.0597541

6 43 0.0711836

7 43 0.0823322

8 43 0.0931558

9 43 0.103612

10 43 0.113659

11 43 0.123258

12 43 0.13237

13 43 0.140959

14 43 0.148993

15 43 0.156438

16 43 0.163266

17 43 0.16945

18 43 0.174965

19 43 0.179789

20 43 0.183904

21 43 0.187293

22 43 0.189943

23 43 0.191843

24 43 0.192987

25 43 0.193368

26 43 0.192987

27 43 0.191843

28 43 0.189943

29 43 0.187293

30 43 0.183904

31 43 0.179789

32 43 0.174965

33 43 0.16945

34 43 0.163266

35 43 0.156438

36 43 0.148993

37 43 0.140959

38 43 0.13237

39 43 0.123258

40 43 0.113659

41 43 0.103612

42 43 0.0931558

43 43 0.0823322

44 43 0.0711836

45 43 0.0597541

46 43 0.0480887

47 43 0.0362336

48 43 0.0242355

49 43 0.0121417

50 43 0

0 44 0

1 44 0.0104976

2 44 0.0209537

3 44 0.0313272

4 44 0.041577

5 44 0.0516628

6 44 0.0615446

7 44 0.0711836

8 44 0.0805416

9 44 0.0895818

10 44 0.0982684

11 44 0.106567

12 44 0.114445

13 44 0.121872

14 44 0.128818

15 44 0.135255

16 44 0.141158

17 44 0.146505

18 44 0.151273

19 44 0.155444

20 44 0.159002

21 44 0.161932

22 44 0.164223

23 44 0.165866

24 44 0.166854

25 44 0.167184

26 44 0.166854

27 44 0.165866

28 44 0.164223

29 44 0.161932

30 44 0.159002

31 44 0.155444

32 44 0.151273

33 44 0.146505

34 44 0.141158

35 44 0.135255

36 44 0.128818

37 44 0.121872

38 44 0.114445

39 44 0.106567

40 44 0.0982684

41 44 0.0895818

42 44 0.0805416

43 44 0.0711836

44 44 0.0615446

45 44 0.0516628

46 44 0.041577

47 44 0.0313272

48 44 0.0209537

49 44 0.0104976

50 44 0

0 45 0

1 45 0.00881205

2 45 0.0175893

3 45 0.0262972

4 45 0.0349013

5 45 0.0433676

6 45 0.0516628

7 45 0.0597541

8 45 0.0676095

9 45 0.0751982

10 45 0.08249

11 45 0.0894564

12 45 0.0960696

13 45 0.102304

14 45 0.108134

15 45 0.113538

16 45 0.118493

17 45 0.122981

18 45 0.126984

19 45 0.130485

20 45 0.133472

21 45 0.135931

22 45 0.137855

23 45 0.139234

24 45 0.140064

25 45 0.14034

26 45 0.140064

27 45 0.139234

28 45 0.137855

29 45 0.135931

30 45 0.133472

31 45 0.130485

32 45 0.126984

33 45 0.122981

34 45 0.118493

35 45 0.113538

36 45 0.108134

37 45 0.102304

38 45 0.0960696

39 45 0.0894564

40 45 0.08249

41 45 0.0751982

42 45 0.0676095

43 45 0.0597541

44 45 0.0516628

45 45 0.0433676

46 45 0.0349013

47 45 0.0262972

48 45 0.0175893

49 45 0.00881205

50 45 0

0 46 0

1 46 0.00709174

2 46 0.0141555

3 46 0.0211634

4 46 0.0280877

5 46 0.0349013

6 46 0.041577

7 46 0.0480887

8 46 0.0544106

9 46 0.0605178

10 46 0.0663861

11 46 0.0719925

12 46 0.0773147

13 46 0.0823318

14 46 0.0870239

15 46 0.0913727

16 46 0.0953608

17 46 0.0989725

18 46 0.102194

19 46 0.105012

20 46 0.107415

21 46 0.109395

22 46 0.110942

23 46 0.112052

24 46 0.11272

25 46 0.112943

26 46 0.11272

27 46 0.112052

28 46 0.110942

29 46 0.109395

30 46 0.107415

31 46 0.105012

32 46 0.102194

33 46 0.0989725

34 46 0.0953608

35 46 0.0913727

36 46 0.0870239

37 46 0.0823318

38 46 0.0773147

39 46 0.0719925

40 46 0.0663861

41 46 0.0605178

42 46 0.0544106

43 46 0.0480887

44 46 0.041577

45 46 0.0349013

46 46 0.0280877

47 46 0.0211634

48 46 0.0141555

49 46 0.00709174

50 46 0

0 47 0

1 47 0.00534344

2 47 0.0106658

3 47 0.015946

4 47 0.0211634

5 47 0.0262972

6 47 0.0313272

7 47 0.0362336

8 47 0.040997

9 47 0.0455986

10 47 0.0500202

11 47 0.0542444

12 47 0.0582546

13 47 0.0620348

14 47 0.0655703

15 47 0.0688469

16 47 0.0718518

17 47 0.0745732

18 47 0.0770003

19 47 0.0791235

20 47 0.0809344

21 47 0.0824259

22 47 0.0835921

23 47 0.0844284

24 47 0.0849315

25 47 0.0850995

26 47 0.0849315

27 47 0.0844284

28 47 0.0835921

29 47 0.0824259

30 47 0.0809344

31 47 0.0791235

32 47 0.0770003

33 47 0.0745732

34 47 0.0718518

35 47 0.0688469

36 47 0.0655703

37 47 0.0620348

38 47 0.0582546

39 47 0.0542444

40 47 0.0500202

41 47 0.0455986

42 47 0.040997

43 47 0.0362336

44 47 0.0313272

45 47 0.0262972

46 47 0.0211634

47 47 0.015946

48 47 0.0106658

49 47 0.00534344

50 47 0

0 48 0

1 48 0.00357405

2 48 0.007134

3 48 0.0106658

4 48 0.0141555

5 48 0.0175893

6 48 0.0209537

7 48 0.0242355

8 48 0.0274215

9 48 0.0304994

10 48 0.0334569

11 48 0.0362823

12 48 0.0389646

13 48 0.0414931

14 48 0.0438578

15 48 0.0460494

16 48 0.0480594

17 48 0.0498796

18 48 0.051503

19 48 0.0529231

20 48 0.0541344

21 48 0.055132

22 48 0.055912

23 48 0.0564714

24 48 0.0568079

25 48 0.0569202

26 48 0.0568079

27 48 0.0564714

28 48 0.055912

29 48 0.055132

30 48 0.0541344

31 48 0.0529231

32 48 0.051503

33 48 0.0498796

34 48 0.0480594

35 48 0.0460494

36 48 0.0438578

37 48 0.0414931

38 48 0.0389646

39 48 0.0362823

40 48 0.0334569

41 48 0.0304994

42 48 0.0274215

43 48 0.0242355

44 48 0.0209537

45 48 0.0175893

46 48 0.0141555

47 48 0.0106658

48 48 0.007134

49 48 0.00357405

50 48 0

0 49 0

1 49 0.00179056

2 49 0.00357405

3 49 0.00534344

4 49 0.00709174

5 49 0.00881205

6 49 0.0104976

7 49 0.0121417

8 49 0.0137379

9 49 0.0152798

10 49 0.0167615

11 49 0.018177

12 49 0.0195208

13 49 0.0207876

14 49 0.0219723

15 49 0.0230702

16 49 0.0240772

17 49 0.0249891

18 49 0.0258024

19 49 0.0265139

20 49 0.0271207

21 49 0.0276205

22 49 0.0280113

23 49 0.0282915

24 49 0.0284601

25 49 0.0285164

26 49 0.0284601

27 49 0.0282915

28 49 0.0280113

29 49 0.0276205

30 49 0.0271207

31 49 0.0265139

32 49 0.0258024

33 49 0.0249891

34 49 0.0240772

35 49 0.0230702

36 49 0.0219723

37 49 0.0207876

38 49 0.0195208

39 49 0.018177

40 49 0.0167615

41 49 0.0152798

42 49 0.0137379

43 49 0.0121417

44 49 0.0104976

45 49 0.00881205

46 49 0.00709174

47 49 0.00534344

48 49 0.00357405

49 49 0.00179056

50 49 0

