0 1 0

1 1 0.000222842

2 1 0.000444805

3 1 0.000665013

4 1 0.000882596

5 1 0.0010967

6 1 0.00130647

7 1 0.00151108

8 1 0.00170974

9 1 0.00190164

10 1 0.00208604

11 1 0.00226221

12 1 0.00242945

13 1 0.0025871

14 1 0.00273454

15 1 0.00287119

16 1 0.00299651

17 1 0.00311

18 1 0.00321122

19 1 0.00329976

20 1 0.00337528

21 1 0.00343748

22 1 0.00348612

23 1 0.003521

24 1 0.00354198

25 1 0.00354898

26 1 0.00354198

27 1 0.003521

28 1 0.00348612

29 1 0.00343748

30 1 0.00337528

31 1 0.00329976

32 1 0.00321122

33 1 0.00311

34 1 0.00299651

35 1 0.00287119

36 1 0.00273454

37 1 0.0025871

38 1 0.00242945

39 1 0.00226221

40 1 0.00208604

41 1 0.00190164

42 1 0.00170974

43 1 0.00151108

44 1 0.00130647

45 1 0.0010967

46 1 0.000882596

47 1 0.000665013

48 1 0.000444805

49 1 0.000222842

50 1 0

0 2 0

1 2 0.000444805

2 2 0.000887856

3 2 0.0013274

4 2 0.00176171

5 2 0.00218906

6 2 0.00260778

7 2 0.0030162

8 2 0.00341272

9 2 0.00379578

10 2 0.00416385

11 2 0.00451549

12 2 0.0048493

13 2 0.00516398

14 2 0.00545828

15 2 0.00573104

16 2 0.00598118

17 2 0.00620772

18 2 0.00640976

19 2 0.0065865

20 2 0.00673725

21 2 0.0068614

22 2 0.00695848

23 2 0.0070281

24 2 0.00706998

25 2 0.00708396

26 2 0.00706998

27 2 0.0070281

28 2 0.00695848

29 2 0.0068614

30 2 0.00673725

31 2 0.0065865

32 2 0.00640976

33 2 0.00620772

34 2 0.00598118

35 2 0.00573104

36 2 0.00545828

37 2 0.00516398

38 2 0.0048493

39 2 0.00451549

40 2 0.00416385

41 2 0.00379578

42 2 0.00341272

43 2 0.0030162

44 2 0.00260778

45 2 0.00218906

46 2 0.00176171

47 2 0.0013274

48 2 0.000887856

49 2 0.000444805

50 2 0

0 3 0

1 3 0.000665013

2 3 0.0013274

3 3 0.00198455

4 3 0.00263387

5 3 0.00327279

6 3 0.0038988

7 3 0.00450942

8 3 0.00510224

9 3 0.00567493

10 3 0.00622522

11 3 0.00675094

12 3 0.00725002

13 3 0.00772049

14 3 0.00816049

15 3 0.00856828

16 3 0.00894226

17 3 0.00928095

18 3 0.009583

19 3 0.00984724

20 3 0.0100726

21 3 0.0102582

22 3 0.0104034

23 3 0.0105075

24 3 0.0105701

25 3 0.010591

26 3 0.0105701

27 3 0.0105075

28 3 0.0104034

29 3 0.0102582

30 3 0.0100726

31 3 0.00984724

32 3 0.009583

33 3 0.00928095

34 3 0.00894226

35 3 0.00856828

36 3 0.00816049

37 3 0.00772049

38 3 0.00725002

39 3 0.00675094

40 3 0.00622522

41 3 0.00567493

42 3 0.00510224

43 3 0.00450942

44 3 0.0038988

45 3 0.00327279

46 3 0.00263387

47 3 0.00198455

48 3 0.0013274

49 3 0.000665013

50 3 0

0 4 0

1 4 0.000882596

2 4 0.00176171

3 4 0.00263387

4 4 0.00349563

5 4 0.0043436

6 4 0.00517443

7 4 0.00598484

8 4 0.00677163

9 4 0.00753169

10 4 0.00826203

11 4 0.00895976

12 4 0.00962213

13 4 0.0102465

14 4 0.0108305

15 4 0.0113717

16 4 0.011868

17 4 0.0123175

18 4 0.0127184

19 4 0.0130691

20 4 0.0133682

21 4 0.0136146

22 4 0.0138072

23 4 0.0139454

24 4 0.0140285

25 4 0.0140562

26 4 0.0140285

27 4 0.0139454

28 4 0.0138072

29 4 0.0136146

30 4 0.0133682

31 4 0.0130691

32 4 0.0127184

33 4 0.0123175

34 4 0.011868

35 4 0.0113717

36 4 0.0108305

37 4 0.0102465

38 4 0.00962213

39 4 0.00895976

40 4 0.00826203

41 4 0.00753169

42 4 0.00677163

43 4 0.00598484

44 4 0.00517443

45 4 0.0043436

46 4 0.00349563

47 4 0.00263387

48 4 0.00176171

49 4 0.000882596

50 4 0

0 5 0

1 5 0.0010967

2 5 0.00218906

3 5 0.00327279

4 5 0.0043436

5 5 0.00539727

6 5 0.00642964

7 5 0.00743664

8 5 0.00841428

9 5 0.00935872

10 5 0.0102662

11 5 0.0111332

12 5 0.0119563

13 5 0.0127321

14 5 0.0134577

15 5 0.0141302

16 5 0.014747

17 5 0.0153055

18 5 0.0158037

19 5 0.0162394

20 5 0.0166111

21 5 0.0169172

22 5 0.0171566

23 5 0.0173282

24 5 0.0174315

25 5 0.0174659

26 5 0.0174315

27 5 0.0173282

28 5 0.0171566

29 5 0.0169172

30 5 0.0166111

31 5 0.0162394

32 5 0.0158037

33 5 0.0153055

34 5 0.014747

35 5 0.0141302

36 5 0.0134577

37 5 0.0127321

38 5 0.0119563

39 5 0.0111332

40 5 0.0102662

41 5 0.00935872

42 5 0.00841428

43 5 0.00743664

44 5 0.00642964

45 5 0.00539727

46 5 0.0043436

47 5 0.00327279

48 5 0.00218906

49 5 0.0010967

50 5 0

0 6 0

1 6 0.00130647

2 6 0.00260778

3 6 0.0038988

4 6 0.00517443

5 6 0.00642964

6 6 0.00765948

7 6 0.00885909

8 6 0.0100237

9 6 0.0111488

10 6 0.0122299

11 6 0.0132627

12 6 0.0142432

13 6 0.0151675

14 6 0.0160319

15 6 0.016833

16 6 0.0175677

17 6 0.0182331

18 6 0.0188265

19 6 0.0193456

20 6 0.0197884

21 6 0.0201531

22 6 0.0204382

23 6 0.0206427

24 6 0.0207657

25 6 0.0208068

26 6 0.0207657

27 6 0.0206427

28 6 0.0204382

29 6 0.0201531

30 6 0.0197884

31 6 0.0193456

32 6 0.0188265

33 6 0.0182331

34 6 0.0175677

35 6 0.016833

36 6 0.0160319

37 6 0.0151675

38 6 0.0142432

39 6 0.0132627

40 6 0.0122299

41 6 0.0111488

42 6 0.0100237

43 6 0.00885909

44 6 0.00765948

45 6 0.00642964

46 6 0.00517443

47 6 0.0038988

48 6 0.00260778

49 6 0.00130647

50 6 0

0 7 0

1 7 0.00151108

2 7 0.0030162

3 7 0.00450942

4 7 0.00598484

5 7 0.00743664

6 7 0.00885909

7 7 0.0102466

8 7 0.0115936

9 7 0.0128949

10 7 0.0141453

11 7 0.0153399

12 7 0.0164739

13 7 0.017543

14 7 0.0185428

15 7 0.0194694

16 7 0.0203191

17 7 0.0210887

18 7 0.0217751

19 7 0.0223755

20 7 0.0228876

21 7 0.0233094

22 7 0.0236392

23 7 0.0238757

24 7 0.024018

25 7 0.0240655

26 7 0.024018

27 7 0.0238757

28 7 0.0236392

29 7 0.0233094

30 7 0.0228876

31 7 0.0223755

32 7 0.0217751

33 7 0.0210887

34 7 0.0203191

35 7 0.0194694

36 7 0.0185428

37 7 0.017543

38 7 0.0164739

39 7 0.0153399

40 7 0.0141453

41 7 0.0128949

42 7 0.0115936

43 7 0.0102466

44 7 0.00885909

45 7 0.00743664

46 7 0.00598484

47 7 0.00450942

48 7 0.0030162

49 7 0.00151108

50 7 0

0 8 0

1 8 0.00170974

2 8 0.00341272

3 8 0.00510224

4 8 0.00677163

5 8 0.00841428

6 8 0.0100237

7 8 0.0115936

8 8 0.0131178

9 8 0.0145901

10 8 0.0160049

11 8 0.0173565

12 8 0.0186397

13 8 0.0198492

14 8 0.0209805

15 8 0.0220289

16 8 0.0229904

17 8 0.0238611

18 8 0.0246377

19 8 0.0253171

20 8 0.0258965

21 8 0.0263737

22 8 0.0267469

23 8 0.0270145

24 8 0.0271755

25 8 0.0272292

26 8 0.0271755

27 8 0.0270145

28 8 0.0267469

29 8 0.0263737

30 8 0.0258965

31 8 0.0253171

32 8 0.0246377

33 8 0.0238611

34 8 0.0229904

35 8 0.0220289

36 8 0.0209805

37 8 0.0198492

38 8 0.0186397

39 8 0.0173565

40 8 0.0160049

41 8 0.0145901

42 8 0.0131178

43 8 0.0115936

44 8 0.0100237

45 8 0.00841428

46 8 0.00677163

47 8 0.00510224

48 8 0.00341272

49 8 0.00170974

50 8 0

0 9 0

1 9 0.00190164

2 9 0.00379578

3 9 0.00567493

4 9 0.00753169

5 9 0.00935872

6 9 0.0111488

7 9 0.0128949

8 9 0.0145901

9 9 0.0162278

10 9 0.0178013

11 9 0.0193047

12 9 0.0207318

13 9 0.0220772

14 9 0.0233354

15 9 0.0245015

16 9 0.0255709

17 9 0.0265394

18 9 0.0274031

19 9 0.0281587

20 9 0.0288032

21 9 0.029334

22 9 0.029749

23 9 0.0300467

24 9 0.0302257

25 9 0.0302855

26 9 0.0302257

27 9 0.0300467

28 9 0.029749

29 9 0.029334

30 9 0.0288032

31 9 0.0281587

32 9 0.0274031

33 9 0.0265394

34 9 0.0255709

35 9 0.0245015

36 9 0.0233354

37 9 0.0220772

38 9 0.0207318

39 9 0.0193047

40 9 0.0178013

41 9 0.0162278

42 9 0.0145901

43 9 0.0128949

44 9 0.0111488

45 9 0.00935872

46 9 0.00753169

47 9 0.00567493

48 9 0.00379578

49 9 0.00190164

50 9 0

0 10 0

1 10 0.00208604

2 10 0.00416385

3 10 0.00622522

4 10 0.00826203

5 10 0.0102662

6 10 0.0122299

7 10 0.0141453

8 10 0.0160049

9 10 0.0178013

10 10 0.0195275

11 10 0.0211766

12 10 0.0227422

13 10 0.0242179

14 10 0.0255982

15 10 0.0268773

16 10 0.0280504

17 10 0.0291128

18 10 0.0300604

19 10 0.0308892

20 10 0.0315962

21 10 0.0321785

22 10 0.0326338

23 10 0.0329602

24 10 0.0331567

25 10 0.0332222

26 10 0.0331567

27 10 0.0329602

28 10 0.0326338

29 10 0.0321785

30 10 0.0315962

31 10 0.0308892

32 10 0.0300604

33 10 0.0291128

34 10 0.0280504

35 10 0.0268773

36 10 0.0255982

37 10 0.0242179

38 10 0.0227422

39 10 0.0211766

40 10 0.0195275

41 10 0.0178013

42 10 0.0160049

43 10 0.0141453

44 10 0.0122299

45 10 0.0102662

46 10 0.00826203

47 10 0.00622522

48 10 0.00416385

49 10 0.00208604

50 10 0

0 11 0

1 11 0.00226221

2 11 0.00451549

3 11 0.00675094

4 11 0.00895976

5 11 0.0111332

6 11 0.0132627

7 11 0.0153399

8 11 0.0173565

9 11 0.0193047

10 11 0.0211766

11 11 0.022965

12 11 0.0246628

13 11 0.0262632

14 11 0.0277599

15 11 0.0291471

16 11 0.0304193

17 11 0.0315714

18 11 0.032599

19 11 0.0334978

20 11 0.0342645

21 11 0.034896

22 11 0.0353897

23 11 0.0357437

24 11 0.0359567

25 11 0.0360278

26 11 0.0359567

27 11 0.0357437

28 11 0.0353897

29 11 0.034896

30 11 0.0342645

31 11 0.0334978

32 11 0.032599

33 11 0.0315714

34 11 0.0304193

35 11 0.0291471

36 11 0.0277599

37 11 0.0262632

38 11 0.0246628

39 11 0.022965

40 11 0.0211766

41 11 0.0193047

42 11 0.0173565

43 11 0.0153399

44 11 0.0132627

45 11 0.0111332

46 11 0.00895976

47 11 0.00675094

48 11 0.00451549

49 11 0.00226221

50 11 0

0 12 0

1 12 0.00242945

2 12 0.0048493

3 12 0.00725002

4 12 0.00962213

5 12 0.0119563

6 12 0.0142432

7 12 0.0164739

8 12 0.0186397

9 12 0.0207318

10 12 0.0227422

11 12 0.0246628

12 12 0.026486

13 12 0.0282047

14 12 0.0298121

15 12 0.0313019

16 12 0.0326681

17 12 0.0339054

18 12 0.0350089

19 12 0.0359742

20 12 0.0367976

21 12 0.0374757

22 12 0.038006

23 12 0.0383862

24 12 0.0386149

25 12 0.0386913

26 12 0.0386149

27 12 0.0383862

28 12 0.038006

29 12 0.0374757

30 12 0.0367976

31 12 0.0359742

32 12 0.0350089

33 12 0.0339054

34 12 0.0326681

35 12 0.0313019

36 12 0.0298121

37 12 0.0282047

38 12 0.026486

39 12 0.0246628

40 12 0.0227422

41 12 0.0207318

42 12 0.0186397

43 12 0.0164739

44 12 0.0142432

45 12 0.0119563

46 12 0.00962213

47 12 0.00725002

48 12 0.0048493

49 12 0.00242945

50 12 0

0 13 0

1 13 0.0025871

2 13 0.00516398

3 13 0.00772049

4 13 0.0102465

5 13 0.0127321

6 13 0.0151675

7 13 0.017543

8 13 0.0198492

9 13 0.0220772

10 13 0.0242179

11 13 0.0262632

12 13 0.0282047

13 13 0.030035

14 13 0.0317467

15 13 0.0333331

16 13 0.034788

17 13 0.0361056

18 13 0.0372807

19 13 0.0383087

20 13 0.0391855

21 13 0.0399076

22 13 0.0404722

23 13 0.0408771

24 13 0.0411207

25 13 0.041202

26 13 0.0411207

27 13 0.0408771

28 13 0.0404722

29 13 0.0399076

30 13 0.0391855

31 13 0.0383087

32 13 0.0372807

33 13 0.0361056

34 13 0.034788

35 13 0.0333331

36 13 0.0317467

37 13 0.030035

38 13 0.0282047

39 13 0.0262632

40 13 0.0242179

41 13 0.0220772

42 13 0.0198492

43 13 0.017543

44 13 0.0151675

45 13 0.0127321

46 13 0.0102465

47 13 0.00772049

48 13 0.00516398

49 13 0.0025871

50 13 0

0 14 0

1 14 0.00273454

2 14 0.00545828

3 14 0.00816049

4 14 0.0108305

5 14 0.0134577

6 14 0.0160319

7 14 0.0185428

8 14 0.0209805

9 14 0.0233354

10 14 0.0255982

11 14 0.0277599

12 14 0.0298121

13 14 0.0317467

14 14 0.033556

15 14 0.0352328

16 14 0.0367706

17 14 0.0381633

18 14 0.0394054

19 14 0.0404919

20 14 0.0414187

21 14 0.042182

22 14 0.0427788

23 14 0.0432068

24 14 0.0434642

25 14 0.0435502

26 14 0.0434642

27 14 0.0432068

28 14 0.0427788

29 14 0.042182

30 14 0.0414187

31 14 0.0404919

32 14 0.0394054

33 14 0.0381633

34 14 0.0367706

35 14 0.0352328

36 14 0.033556

37 14 0.0317467

38 14 0.0298121

39 14 0.0277599

40 14 0.0255982

41 14 0.0233354

42 14 0.0209805

43 14 0.0185428

44 14 0.0160319

45 14 0.0134577

46 14 0.0108305

47 14 0.00816049

48 14 0.00545828

49 14 0.00273454

50 14 0

0 15 0

1 15 0.00287119

2 15 0.00573104

3 15 0.00856828

4 15 0.0113717

5 15 0.0141302

6 15 0.016833

7 15 0.0194694

8 15 0.0220289

9 15 0.0245015

10 15 0.0268773

11 15 0.0291471

12 15 0.0313019

13 15 0.0333331

14 15 0.0352328

15 15 0.0369935

16 15 0.0386081

17 15 0.0400704

18 15 0.0413745

19 15 0.0425154

20 15 0.0434884

21 15 0.0442899

22 15 0.0449165

23 15 0.0453659

24 15 0.0456362

25 15 0.0457264

26 15 0.0456362

27 15 0.0453659

28 15 0.0449165

29 15 0.0442899

30 15 0.0434884

31 15 0.0425154

32 15 0.0413745

33 15 0.0400704

34 15 0.0386081

35 15 0.0369935

36 15 0.0352328

37 15 0.0333331

38 15 0.0313019

39 15 0.0291471

40 15 0.0268773

41 15 0.0245015

42 15 0.0220289

43 15 0.0194694

44 15 0.016833

45 15 0.0141302

46 15 0.0113717

47 15 0.00856828

48 15 0.00573104

49 15 0.00287119

50 15 0

0 16 0

1 16 0.00299651

2 16 0.00598118

3 16 0.00894226

4 16 0.011868

5 16 0.014747

6 16 0.0175677

7 16 0.0203191

8 16 0.0229904

9 16 0.0255709

10 16 0.0280504

11 16 0.0304193

12 16 0.0326681

13 16 0.034788

14 16 0.0367706

15 16 0.0386081

16 16 0.0402932

17 16 0.0418193

18 16 0.0431804

19 16 0.044371

20 16 0.0453866

21 16 0.046223

22 16 0.046877

23 16 0.047346

24 16 0.0476281

25 16 0.0477223

26 16 0.0476281

27 16 0.047346

28 16 0.046877

29 16 0.046223

30 16 0.0453866

31 16 0.044371

32 16 0.0431804

33 16 0.0418193

34 16 0.0402932

35 16 0.0386081

36 16 0.0367706

37 16 0.034788

38 16 0.0326681

39 16 0.0304193

40 16 0.0280504

41 16 0.0255709

42 16 0.0229904

43 16 0.0203191

44 16 0.0175677

45 16 0.014747

46 16 0.011868

47 16 0.00894226

48 16 0.00598118

49 16 0.00299651

50 16 0

0 17 0

1 17 0.00311

2 17 0.00620772

3 17 0.00928095

4 17 0.0123175

5 17 0.0153055

6 17 0.0182331

7 17 0.0210887

8 17 0.0238611

9 17 0.0265394

10 17 0.0291128

11 17 0.0315714

12 17 0.0339054

13 17 0.0361056

14 17 0.0381633

15 17 0.0400704

16 17 0.0418193

17 17 0.0434032

18 17 0.0448158

19 17 0.0460516

20 17 0.0471056

21 17 0.0479737

22 17 0.0486524

23 17 0.0491392

24 17 0.049432

25 17 0.0495297

26 17 0.049432

27 17 0.0491392

28 17 0.0486524

29 17 0.0479737

30 17 0.0471056

31 17 0.0460516

32 17 0.0448158

33 17 0.0434032

34 17 0.0418193

35 17 0.0400704

36 17 0.0381633

37 17 0.0361056

38 17 0.0339054

39 17 0.0315714

40 17 0.0291128

41 17 0.0265394

42 17 0.0238611

43 17 0.0210887

44 17 0.0182331

45 17 0.0153055

46 17 0.0123175

47 17 0.00928095

48 17 0.00620772

49 17 0.00311

50 17 0

0 18 0

1 18 0.00321122

2 18 0.00640976

3 18 0.009583

4 18 0.0127184

5 18 0.0158037

6 18 0.0188265

7 18 0.0217751

8 18 0.0246377

9 18 0.0274031

10 18 0.0300604

11 18 0.032599

12 18 0.0350089

13 18 0.0372807

14 18 0.0394054

15 18 0.0413745

16 18 0.0431804

17 18 0.0448158

18 18 0.0462744

19 18 0.0475504

20 18 0.0486387

21 18 0.049535

22 18 0.0502359

23 18 0.0507385

24 18 0.0510408

25 18 0.0511417

26 18 0.0510408

27 18 0.0507385

28 18 0.0502359

29 18 0.049535

30 18 0.0486387

31 18 0.0475504

32 18 0.0462744

33 18 0.0448158

34 18 0.0431804

35 18 0.0413745

36 18 0.0394054

37 18 0.0372807

38 18 0.0350089

39 18 0.032599

40 18 0.0300604

41 18 0.0274031

42 18 0.0246377

43 18 0.0217751

44 18 0.0188265

45 18 0.0158037

46 18 0.0127184

47 18 0.009583

48 18 0.00640976

49 18 0.00321122

50 18 0

0 19 0

1 19 0.00329976

2 19 0.0065865

3 19 0.00984724

4 19 0.0130691

5 19 0.0162394

6 19 0.0193456

7 19 0.0223755

8 19 0.0253171

9 19 0.0281587

10 19 0.0308892

11 19 0.0334978

12 19 0.0359742

13 19 0.0383087

14 19 0.0404919

15 19 0.0425154

16 19 0.044371

17 19 0.0460516

18 19 0.0475504

19 19 0.0488615

20 19 0.0499798

21 19 0.0509009

22 19 0.0516211

23 19 0.0521375

24 19 0.0524482

25 19 0.0525519

26 19 0.0524482

27 19 0.0521375

28 19 0.0516211

29 19 0.0509009

30 19 0.0499798

31 19 0.0488615

32 19 0.0475504

33 19 0.0460516

34 19 0.044371

35 19 0.0425154

36 19 0.0404919

37 19 0.0383087

38 19 0.0359742

39 19 0.0334978

40 19 0.0308892

41 19 0.0281587

42 19 0.0253171

43 19 0.0223755

44 19 0.0193456

45 19 0.0162394

46 19 0.0130691

47 19 0.00984724

48 19 0.0065865

49 19 0.00329976

50 19 0

0 20 0

1 20 0.00337528

2 20 0.00673725

3 20 0.0100726

4 20 0.0133682

5 20 0.0166111

6 20 0.0197884

7 20 0.0228876

8 20 0.0258965

9 20 0.0288032

10 20 0.0315962

11 20 0.0342645

12 20 0.0367976

13 20 0.0391855

14 20 0.0414187

15 20 0.0434884

16 20 0.0453866

17 20 0.0471056

18 20 0.0486387

19 20 0.0499798

20 20 0.0511237

21 20 0.0520659

22 20 0.0528025

23 20 0.0533308

24 20 0.0536486

25 20 0.0537547

26 20 0.0536486

27 20 0.0533308

28 20 0.0528025

29 20 0.0520659

30 20 0.0511237

31 20 0.0499798

32 20 0.0486387

33 20 0.0471056

34 20 0.0453866

35 20 0.0434884

36 20 0.0414187

37 20 0.0391855

38 20 0.0367976

39 20 0.0342645

40 20 0.0315962

41 20 0.0288032

42 20 0.0258965

43 20 0.0228876

44 20 0.0197884

45 20 0.0166111

46 20 0.0133682

47 20 0.0100726

48 20 0.00673725

49 20 0.00337528

50 20 0

0 21 0

1 21 0.00343748

2 21 0.0068614

3 21 0.0102582

4 21 0.0136146

5 21 0.0169172

6 21 0.0201531

7 21 0.0233094

8 21 0.0263737

9 21 0.029334

10 21 0.0321785

11 21 0.034896

12 21 0.0374757

13 21 0.0399076

14 21 0.042182

15 21 0.0442899

16 21 0.046223

17 21 0.0479737

18 21 0.049535

19 21 0.0509009

20 21 0.0520659

21 21 0.0530254

22 21 0.0537756

23 21 0.0543136

24 21 0.0546373

25 21 0.0547453

26 21 0.0546373

27 21 0.0543136

28 21 0.0537756

29 21 0.0530254

30 21 0.0520659

31 21 0.0509009

32 21 0.049535

33 21 0.0479737

34 21 0.046223

35 21 0.0442899

36 21 0.042182

37 21 0.0399076

38 21 0.0374757

39 21 0.034896

40 21 0.0321785

41 21 0.029334

42 21 0.0263737

43 21 0.0233094

44 21 0.0201531

45 21 0.0169172

46 21 0.0136146

47 21 0.0102582

48 21 0.0068614

49 21 0.00343748

50 21 0

0 22 0

1 22 0.00348612

2 22 0.00695848

3 22 0.0104034

4 22 0.0138072

5 22 0.0171566

6 22 0.0204382

7 22 0.0236392

8 22 0.0267469

9 22 0.029749

10 22 0.0326338

11 22 0.0353897

12 22 0.038006

13 22 0.0404722

14 22 0.0427788

15 22 0.0449165

16 22 0.046877

17 22 0.0486524

18 22 0.0502359

19 22 0.0516211

20 22 0.0528025

21 22 0.0537756

22 22 0.0545364

23 22 0.0550821

24 22 0.0554103

25 22 0.0555199

26 22 0.0554103

27 22 0.0550821

28 22 0.0545364

29 22 0.0537756

30 22 0.0528025

31 22 0.0516211

32 22 0.0502359

33 22 0.0486524

34 22 0.046877

35 22 0.0449165

36 22 0.0427788

37 22 0.0404722

38 22 0.038006

39 22 0.0353897

40 22 0.0326338

41 22 0.029749

42 22 0.0267469

43 22 0.0236392

44 22 0.0204382

45 22 0.0171566

46 22 0.0138072

47 22 0.0104034

48 22 0.00695848

49 22 0.00348612

50 22 0

0 23 0

1 23 0.003521

2 23 0.0070281

3 23 0.0105075

4 23 0.0139454

5 23 0.0173282

6 23 0.0206427

7 23 0.0238757

8 23 0.0270145

9 23 0.0300467

10 23 0.0329602

11 23 0.0357437

12 23 0.0383862

13 23 0.0408771

14 23 0.0432068

15 23 0.0453659

16 23 0.047346

17 23 0.0491392

18 23 0.0507385

19 23 0.0521375

20 23 0.0533308

21 23 0.0543136

22 23 0.0550821

23 23 0.0556331

24 23 0.0559647

25 23 0.0560753

26 23 0.0559647

27 23 0.0556331

28 23 0.0550821

29 23 0.0543136

30 23 0.0533308

31 23 0.0521375

32 23 0.0507385

33 23 0.0491392

34 23 0.047346

35 23 0.0453659

36 23 0.0432068

37 23 0.0408771

38 23 0.0383862

39 23 0.0357437

40 23 0.0329602

41 23 0.0300467

42 23 0.0270145

43 23 0.0238757

44 23 0.0206427

45 23 0.0173282

46 23 0.0139454

47 23 0.0105075

48 23 0.0070281

49 23 0.003521

50 23 0

0 24 0

1 24 0.00354198

2 24 0.00706998

3 24 0.0105701

4 24 0.0140285

5 24 0.0174315

6 24 0.0207657

7 24 0.024018

8 24 0.0271755

9 24 0.0302257

10 24 0.0331567

11 24 0.0359567

12 24 0.0386149

13 24 0.0411207

14 24 0.0434642

15 24 0.0456362

16 24 0.0476281

17 24 0.049432

18 24 0.0510408

19 24 0.0524482

20 24 0.0536486

21 24 0.0546373

22 24 0.0554103

23 24 0.0559647

24 24 0.0562982

25 24 0.0564095

26 24 0.0562982

27 24 0.0559647

28 24 0.0554103

29 24 0.0546373

30 24 0.0536486

31 24 0.0524482

32 24 0.0510408

33 24 0.049432

34 24 0.0476281

35 24 0.0456362

36 24 0.0434642

37 24 0.0411207

38 24 0.0386149

39 24 0.0359567

40 24 0.0331567

41 24 0.0302257

42 24 0.0271755

43 24 0.024018

44 24 0.0207657

45 24 0.0174315

46 24 0.0140285

47 24 0.0105701

48 24 0.00706998

49 24 0.00354198

50 24 0

0 25 0

1 25 0.00354898

2 25 0.00708396

3 25 0.010591

4 25 0.0140562

5 25 0.0174659

6 25 0.0208068

7 25 0.0240655

8 25 0.0272292

9 25 0.0302855

10 25 0.0332222

11 25 0.0360278

12 25 0.0386913

13 25 0.041202

14 25 0.0435502

15 25 0.0457264

16 25 0.0477223

17 25 0.0495297

18 25 0.0511417

19 25 0.0525519

20 25 0.0537547

21 25 0.0547453

22 25 0.0555199

23 25 0.0560753

24 25 0.0564095

25 25 0.056521

26 25 0.0564095

27 25 0.0560753

28 25 0.0555199

29 25 0.0547453

30 25 0.0537547

31 25 0.0525519

32 25 0.0511417

33 25 0.0495297

34 25 0.0477223

35 25 0.0457264

36 25 0.0435502

37 25 0.041202

38 25 0.0386913

39 25 0.0360278

40 25 0.0332222

41 25 0.0302855

42 25 0.0272292

43 25 0.0240655

44 25 0.0208068

45 25 0.0174659

46 25 0.0140562

47 25 0.010591

48 25 0.00708396

49 25 0.00354898

50 25 0

0 26 0

1 26 0.00354198

2 26 0.00706998

3 26 0.0105701

4 26 0.0140285

5 26 0.0174315

6 26 0.0207657

7 26 0.024018

8 26 0.0271755

9 26 0.0302257

10 26 0.0331567

11 26 0.0359567

12 26 0.0386149

13 26 0.0411207

14 26 0.0434642

15 26 0.0456362

16 26 0.0476281

17 26 0.049432

18 26 0.0510408

19 26 0.0524482

20 26 0.0536486

21 26 0.0546373

22 26 0.0554103

23 26 0.0559647

24 26 0.0562982

25 26 0.0564095

26 26 0.0562982

27 26 0.0559647

28 26 0.0554103

29 26 0.0546373

30 26 0.0536486

31 26 0.0524482

32 26 0.0510408

33 26 0.049432

34 26 0.0476281

35 26 0.0456362

36 26 0.0434642

37 26 0.0411207

38 26 0.0386149

39 26 0.0359567

40 26 0.0331567

41 26 0.0302257

42 26 0.0271755

43 26 0.024018

44 26 0.0207657

45 26 0.0174315

46 26 0.0140285

47 26 0.0105701

48 26 0.00706998

49 26 0.00354198

50 26 0

0 27 0

1 27 0.003521

2 27 0.0070281

3 27 0.0105075

4 27 0.0139454

5 27 0.0173282

6 27 0.0206427

7 27 0.0238757

8 27 0.0270145

9 27 0.0300467

10 27 0.0329602

11 27 0.0357437

12 27 0.0383862

13 27 0.0408771

14 27 0.0432068

15 27 0.0453659

16 27 0.047346

17 27 0.0491392

18 27 0.0507385

19 27 0.0521375

20 27 0.0533308

21 27 0.0543136

22 27 0.0550821

23 27 0.0556331

24 27 0.0559647

25 27 0.0560753

26 27 0.0559647

27 27 0.0556331

28 27 0.0550821

29 27 0.0543136

30 27 0.0533308

31 27 0.0521375

32 27 0.0507385

33 27 0.0491392

34 27 0.047346

35 27 0.0453659

36 27 0.0432068

37 27 0.0408771

38 27 0.0383862

39 27 0.0357437

40 27 0.0329602

41 27 0.0300467

42 27 0.0270145

43 27 0.0238757

44 27 0.0206427

45 27 0.0173282

46 27 0.0139454

47 27 0.0105075

48 27 0.0070281

49 27 0.003521

50 27 0

0 28 0

1 28 0.00348612

2 28 0.00695848

3 28 0.0104034

4 28 0.0138072

5 28 0.0171566

6 28 0.0204382

7 28 0.0236392

8 28 0.0267469

9 28 0.029749

10 28 0.0326338

11 28 0.0353897

12 28 0.038006

13 28 0.0404722

14 28 0.0427788

15 28 0.0449165

16 28 0.046877

17 28 0.0486524

18 28 0.0502359

19 28 0.0516211

20 28 0.0528025

21 28 0.0537756

22 28 0.0545364

23 28 0.0550821

24 28 0.0554103

25 28 0.0555199

26 28 0.0554103

27 28 0.0550821

28 28 0.0545364

29 28 0.0537756

30 28 0.0528025

31 28 0.0516211

32 28 0.0502359

33 28 0.0486524

34 28 0.046877

35 28 0.0449165

36 28 0.0427788

37 28 0.0404722

38 28 0.038006

39 28 0.0353897

40 28 0.0326338

41 28 0.029749

42 28 0.0267469

43 28 0.0236392

44 28 0.0204382

45 28 0.0171566

46 28 0.0138072

47 28 0.0104034

48 28 0.00695848

49 28 0.00348612

50 28 0

0 29 0

1 29 0.00343748

2 29 0.0068614

3 29 0.0102582

4 29 0.0136146

5 29 0.0169172

6 29 0.0201531

7 29 0.0233094

8 29 0.0263737

9 29 0.029334

10 29 0.0321785

11 29 0.034896

12 29 0.0374757

13 29 0.0399076

14 29 0.042182

15 29 0.0442899

16 29 0.046223

17 29 0.0479737

18 29 0.049535

19 29 0.0509009

20 29 0.0520659

21 29 0.0530254

22 29 0.0537756

23 29 0.0543136

24 29 0.0546373

25 29 0.0547453

26 29 0.0546373

27 29 0.0543136

28 29 0.0537756

29 29 0.0530254

30 29 0.0520659

31 29 0.0509009

32 29 0.049535

33 29 0.0479737

34 29 0.046223

35 29 0.0442899

36 29 0.042182

37 29 0.0399076

38 29 0.0374757

39 29 0.034896

40 29 0.0321785

41 29 0.029334

42 29 0.0263737

43 29 0.0233094

44 29 0.0201531

45 29 0.0169172

46 29 0.0136146

47 29 0.0102582

48 29 0.0068614

49 29 0.00343748

50 29 0

0 30 0

1 30 0.00337528

2 30 0.00673725

3 30 0.0100726

4 30 0.0133682

5 30 0.0166111

6 30 0.0197884

7 30 0.0228876

8 30 0.0258965

9 30 0.0288032

10 30 0.0315962

11 30 0.0342645

12 30 0.0367976

13 30 0.0391855

14 30 0.0414187

15 30 0.0434884

16 30 0.0453866

17 30 0.0471056

18 30 0.0486387

19 30 0.0499798

20 30 0.0511237

21 30 0.0520659

22 30 0.0528025

23 30 0.0533308

24 30 0.0536486

25 30 0.0537547

26 30 0.0536486

27 30 0.0533308

28 30 0.0528025

29 30 0.0520659

30 30 0.0511237

31 30 0.0499798

32 30 0.0486387

33 30 0.0471056

34 30 0.0453866

35 30 0.0434884

36 30 0.0414187

37 30 0.0391855

38 30 0.0367976

39 30 0.0342645

40 30 0.0315962

41 30 0.0288032

42 30 0.0258965

43 30 0.0228876

44 30 0.0197884

45 30 0.0166111

46 30 0.0133682

47 30 0.0100726

48 30 0.00673725

49 30 0.00337528

50 30 0

0 31 0

1 31 0.00329976

2 31 0.0065865

3 31 0.00984724

4 31 0.0130691

5 31 0.0162394

6 31 0.0193456

7 31 0.0223755

8 31 0.0253171

9 31 0.0281587

10 31 0.0308892

11 31 0.0334978

12 31 0.0359742

13 31 0.0383087

14 31 0.0404919

15 31 0.0425154

16 31 0.044371

17 31 0.0460516

18 31 0.0475504

19 31 0.0488615

20 31 0.0499798

21 31 0.0509009

22 31 0.0516211

23 31 0.0521375

24 31 0.0524482

25 31 0.0525519

26 31 0.0524482

27 31 0.0521375

28 31 0.0516211

29 31 0.0509009

30 31 0.0499798

31 31 0.0488615

32 31 0.0475504

33 31 0.0460516

34 31 0.044371

35 31 0.0425154

36 31 0.0404919

37 31 0.0383087

38 31 0.0359742

39 31 0.0334978

40 31 0.0308892

41 31 0.0281587

42 31 0.0253171

43 31 0.0223755

44 31 0.0193456

45 31 0.0162394

46 31 0.0130691

47 31 0.00984724

48 31 0.0065865

49 31 0.00329976

50 31 0

0 32 0

1 32 0.00321122

2 32 0.00640976

3 32 0.009583

4 32 0.0127184

5 32 0.0158037

6 32 0.0188265

7 32 0.0217751

8 32 0.0246377

9 32 0.0274031

10 32 0.0300604

11 32 0.032599

12 32 0.0350089

13 32 0.0372807

14 32 0.0394054

15 32 0.0413745

16 32 0.0431804

17 32 0.0448158

18 32 0.0462744

19 32 0.0475504

20 32 0.0486387

21 32 0.049535

22 32 0.0502359

23 32 0.0507385

24 32 0.0510408

25 32 0.0511417

26 32 0.0510408

27 32 0.0507385

28 32 0.0502359

29 32 0.049535

30 32 0.0486387

31 32 0.0475504

32 32 0.0462744

33 32 0.0448158

34 32 0.0431804

35 32 0.0413745

36 32 0.0394054

37 32 0.0372807

38 32 0.0350089

39 32 0.032599

40 32 0.0300604

41 32 0.0274031

42 32 0.0246377

43 32 0.0217751

44 32 0.0188265

45 32 0.0158037

46 32 0.0127184

47 32 0.009583

48 32 0.00640976

49 32 0.00321122

50 32 0

0 33 0

1 33 0.00311

2 33 0.00620772

3 33 0.00928095

4 33 0.0123175

5 33 0.0153055

6 33 0.0182331

7 33 0.0210887

8 33 0.0238611

9 33 0.0265394

10 33 0.0291128

11 33 0.0315714

12 33 0.0339054

13 33 0.0361056

14 33 0.0381633

15 33 0.0400704

16 33 0.0418193

17 33 0.0434032

18 33 0.0448158

19 33 0.0460516

20 33 0.0471056

21 33 0.0479737

22 33 0.0486524

23 33 0.0491392

24 33 0.049432

25 33 0.0495297

26 33 0.049432

27 33 0.0491392

28 33 0.0486524

29 33 0.0479737

30 33 0.0471056

31 33 0.0460516

32 33 0.0448158

33 33 0.0434032

34 33 0.0418193

35 33 0.0400704

36 33 0.0381633

37 33 0.0361056

38 33 0.0339054

39 33 0.0315714

40 33 0.0291128

41 33 0.0265394

42 33 0.0238611

43 33 0.0210887

44 33 0.0182331

45 33 0.0153055

46 33 0.0123175

47 33 0.00928095

48 33 0.00620772

49 33 0.00311

50 33 0

0 34 0

1 34 0.00299651

2 34 0.00598118

3 34 0.00894226

4 34 0.011868

5 34 0.014747

6 34 0.0175677

7 34 0.0203191

8 34 0.0229904

9 34 0.0255709

10 34 0.0280504

11 34 0.0304193

12 34 0.0326681

13 34 0.034788

14 34 0.0367706

15 34 0.0386081

16 34 0.0402932

17 34 0.0418193

18 34 0.0431804

19 34 0.044371

20 34 0.0453866

21 34 0.046223

22 34 0.046877

23 34 0.047346

24 34 0.0476281

25 34 0.0477223

26 34 0.0476281

27 34 0.047346

28 34 0.046877

29 34 0.046223

30 34 0.0453866

31 34 0.044371

32 34 0.0431804

33 34 0.0418193

34 34 0.0402932

35 34 0.0386081

36 34 0.0367706

37 34 0.034788

38 34 0.0326681

39 34 0.0304193

40 34 0.0280504

41 34 0.0255709

42 34 0.0229904

43 34 0.0203191

44 34 0.0175677

45 34 0.014747

46 34 0.011868

47 34 0.00894226

48 34 0.00598118

49 34 0.00299651

50 34 0

0 35 0

1 35 0.00287119

2 35 0.00573104

3 35 0.00856828

4 35 0.0113717

5 35 0.0141302

6 35 0.016833

7 35 0.0194694

8 35 0.0220289

9 35 0.0245015

10 35 0.0268773

11 35 0.0291471

12 35 0.0313019

13 35 0.0333331

14 35 0.0352328

15 35 0.0369935

16 35 0.0386081

17 35 0.0400704

18 35 0.0413745

19 35 0.0425154

20 35 0.0434884

21 35 0.0442899

22 35 0.0449165

23 35 0.0453659

24 35 0.0456362

25 35 0.0457264

26 35 0.0456362

27 35 0.0453659

28 35 0.0449165

29 35 0.0442899

30 35 0.0434884

31 35 0.0425154

32 35 0.0413745

33 35 0.0400704

34 35 0.0386081

35 35 0.0369935

36 35 0.0352328

37 35 0.0333331

38 35 0.0313019

39 35 0.0291471

40 35 0.0268773

41 35 0.0245015

42 35 0.0220289

43 35 0.0194694

44 35 0.016833

45 35 0.0141302

46 35 0.0113717

47 35 0.00856828

48 35 0.00573104

49 35 0.00287119

50 35 0

0 36 0

1 36 0.00273454

2 36 0.00545828

3 36 0.00816049

4 36 0.0108305

5 36 0.0134577

6 36 0.0160319

7 36 0.0185428

8 36 0.0209805

9 36 0.0233354

10 36 0.0255982

11 36 0.0277599

12 36 0.0298121

13 36 0.0317467

14 36 0.033556

15 36 0.0352328

16 36 0.0367706

17 36 0.0381633

18 36 0.0394054

19 36 0.0404919

20 36 0.0414187

21 36 0.042182

22 36 0.0427788

23 36 0.0432068

24 36 0.0434642

25 36 0.0435502

26 36 0.0434642

27 36 0.0432068

28 36 0.0427788

29 36 0.042182

30 36 0.0414187

31 36 0.0404919

32 36 0.0394054

33 36 0.0381633

34 36 0.0367706

35 36 0.0352328

36 36 0.033556

37 36 0.0317467

38 36 0.0298121

39 36 0.0277599

40 36 0.0255982

41 36 0.0233354

42 36 0.0209805

43 36 0.0185428

44 36 0.0160319

45 36 0.0134577

46 36 0.0108305

47 36 0.00816049

48 36 0.00545828

49 36 0.00273454

50 36 0

0 37 0

1 37 0.0025871

2 37 0.00516398

3 37 0.00772049

4 37 0.0102465

5 37 0.0127321

6 37 0.0151675

7 37 0.017543

8 37 0.0198492

9 37 0.0220772

10 37 0.0242179

11 37 0.0262632

12 37 0.0282047

13 37 0.030035

14 37 0.0317467

15 37 0.0333331

16 37 0.034788

17 37 0.0361056

18 37 0.0372807

19 37 0.0383087

20 37 0.0391855

21 37 0.0399076

22 37 0.0404722

23 37 0.0408771

24 37 0.0411207

25 37 0.041202

26 37 0.0411207

27 37 0.0408771

28 37 0.0404722

29 37 0.0399076

30 37 0.0391855

31 37 0.0383087

32 37 0.0372807

33 37 0.0361056

34 37 0.034788

35 37 0.0333331

36 37 0.0317467

37 37 0.030035

38 37 0.0282047

39 37 0.0262632

40 37 0.0242179

41 37 0.0220772

42 37 0.0198492

43 37 0.017543

44 37 0.0151675

45 37 0.0127321

46 37 0.0102465

47 37 0.00772049

48 37 0.00516398

49 37 0.0025871

50 37 0

0 38 0

1 38 0.00242945

2 38 0.0048493

3 38 0.00725002

4 38 0.00962213

5 38 0.0119563

6 38 0.0142432

7 38 0.0164739

8 38 0.0186397

9 38 0.0207318

10 38 0.0227422

11 38 0.0246628

12 38 0.026486

13 38 0.0282047

14 38 0.0298121

15 38 0.0313019

16 38 0.0326681

17 38 0.0339054

18 38 0.0350089

19 38 0.0359742

20 38 0.0367976

21 38 0.0374757

22 38 0.038006

23 38 0.0383862

24 38 0.0386149

25 38 0.0386913

26 38 0.0386149

27 38 0.0383862

28 38 0.038006

29 38 0.0374757

30 38 0.0367976

31 38 0.0359742

32 38 0.0350089

33 38 0.0339054

34 38 0.0326681

35 38 0.0313019

36 38 0.0298121

37 38 0.0282047

38 38 0.026486

39 38 0.0246628

40 38 0.0227422

41 38 0.0207318

42 38 0.0186397

43 38 0.0164739

44 38 0.0142432

45 38 0.0119563

46 38 0.00962213

47 38 0.00725002

48 38 0.0048493

49 38 0.00242945

50 38 0

0 39 0

1 39 0.00226221

2 39 0.00451549

3 39 0.00675094

4 39 0.00895976

5 39 0.0111332

6 39 0.0132627

7 39 0.0153399

8 39 0.0173565

9 39 0.0193047

10 39 0.0211766

11 39 0.022965

12 39 0.0246628

13 39 0.0262632

14 39 0.0277599

15 39 0.0291471

16 39 0.0304193

17 39 0.0315714

18 39 0.032599

19 39 0.0334978

20 39 0.0342645

21 39 0.034896

22 39 0.0353897

23 39 0.0357437

24 39 0.0359567

25 39 0.0360278

26 39 0.0359567

27 39 0.0357437

28 39 0.0353897

29 39 0.034896

30 39 0.0342645

31 39 0.0334978

32 39 0.032599

33 39 0.0315714

34 39 0.0304193

35 39 0.0291471

36 39 0.0277599

37 39 0.0262632

38 39 0.0246628

39 39 0.022965

40 39 0.0211766

41 39 0.0193047

42 39 0.0173565

43 39 0.0153399

44 39 0.0132627

45 39 0.0111332

46 39 0.00895976

47 39 0.00675094

48 39 0.00451549

49 39 0.00226221

50 39 0

0 40 0

1 40 0.00208604

2 40 0.00416385

3 40 0.00622522

4 40 0.00826203

5 40 0.0102662

6 40 0.0122299

7 40 0.0141453

8 40 0.0160049

9 40 0.0178013

10 40 0.0195275

11 40 0.0211766

12 40 0.0227422

13 40 0.0242179

14 40 0.0255982

15 40 0.0268773

16 40 0.0280504

17 40 0.0291128

18 40 0.0300604

19 40 0.0308892

20 40 0.0315962

21 40 0.0321785

22 40 0.0326338

23 40 0.0329602

24 40 0.0331567

25 40 0.0332222

26 40 0.0331567

27 40 0.0329602

28 40 0.0326338

29 40 0.0321785

30 40 0.0315962

31 40 0.0308892

32 40 0.0300604

33 40 0.0291128

34 40 0.0280504

35 40 0.0268773

36 40 0.0255982

37 40 0.0242179

38 40 0.0227422

39 40 0.0211766

40 40 0.0195275

41 40 0.0178013

42 40 0.0160049

43 40 0.0141453

44 40 0.0122299

45 40 0.0102662

46 40 0.00826203

47 40 0.00622522

48 40 0.00416385

49 40 0.00208604

50 40 0

0 41 0

1 41 0.00190164

2 41 0.00379578

3 41 0.00567493

4 41 0.00753169

5 41 0.00935872

6 41 0.0111488

7 41 0.0128949

8 41 0.0145901

9 41 0.0162278

10 41 0.0178013

11 41 0.0193047

12 41 0.0207318

13 41 0.0220772

14 41 0.0233354

15 41 0.0245015

16 41 0.0255709

17 41 0.0265394

18 41 0.0274031

19 41 0.0281587

20 41 0.0288032

21 41 0.029334

22 41 0.029749

23 41 0.0300467

24 41 0.0302257

25 41 0.0302855

26 41 0.0302257

27 41 0.0300467

28 41 0.029749

29 41 0.029334

30 41 0.0288032

31 41 0.0281587

32 41 0.0274031

33 41 0.0265394

34 41 0.0255709

35 41 0.0245015

36 41 0.0233354

37 41 0.0220772

38 41 0.0207318

39 41 0.0193047

40 41 0.0178013

41 41 0.0162278

42 41 0.0145901

43 41 0.0128949

44 41 0.0111488

45 41 0.00935872

46 41 0.00753169

47 41 0.00567493

48 41 0.00379578

49 41 0.00190164

50 41 0

0 42 0

1 42 0.00170974

2 42 0.00341272

3 42 0.00510224

4 42 0.00677163

5 42 0.00841428

6 42 0.0100237

7 42 0.0115936

8 42 0.0131178

9 42 0.0145901

10 42 0.0160049

11 42 0.0173565

12 42 0.0186397

13 42 0.0198492

14 42 0.0209805

15 42 0.0220289

16 42 0.0229904

17 42 0.0238611

18 42 0.0246377

19 42 0.0253171

20 42 0.0258965

21 42 0.0263737

22 42 0.0267469

23 42 0.0270145

24 42 0.0271755

25 42 0.0272292

26 42 0.0271755

27 42 0.0270145

28 42 0.0267469

29 42 0.0263737

30 42 0.0258965

31 42 0.0253171

32 42 0.0246377

33 42 0.0238611

34 42 0.0229904

35 42 0.0220289

36 42 0.0209805

37 42 0.0198492

38 42 0.0186397

39 42 0.0173565

40 42 0.0160049

41 42 0.0145901

42 42 0.0131178

43 42 0.0115936

44 42 0.0100237

45 42 0.00841428

46 42 0.00677163

47 42 0.00510224

48 42 0.00341272

49 42 0.00170974

50 42 0

0 43 0

1 43 0.00151108

2 43 0.0030162

3 43 0.00450942

4 43 0.00598484

5 43 0.00743664

6 43 0.00885909

7 43 0.0102466

8 43 0.0115936

9 43 0.0128949

10 43 0.0141453

11 43 0.0153399

12 43 0.0164739

13 43 0.017543

14 43 0.0185428

15 43 0.0194694

16 43 0.0203191

17 43 0.0210887

18 43 0.0217751

19 43 0.0223755

20 43 0.0228876

21 43 0.0233094

22 43 0.0236392

23 43 0.0238757

24 43 0.024018

25 43 0.0240655

26 43 0.024018

27 43 0.0238757

28 43 0.0236392

29 43 0.0233094

30 43 0.0228876

31 43 0.0223755

32 43 0.0217751

33 43 0.0210887

34 43 0.0203191

35 43 0.0194694

36 43 0.0185428

37 43 0.017543

38 43 0.0164739

39 43 0.0153399

40 43 0.0141453

41 43 0.0128949

42 43 0.0115936

43 43 0.0102466

44 43 0.00885909

45 43 0.00743664

46 43 0.00598484

47 43 0.00450942

48 43 0.0030162

49 43 0.00151108

50 43 0

0 44 0

1 44 0.00130647

2 44 0.00260778

3 44 0.0038988

4 44 0.00517443

5 44 0.00642964

6 44 0.00765948

7 44 0.00885909

8 44 0.0100237

9 44 0.0111488

10 44 0.0122299

11 44 0.0132627

12 44 0.0142432

13 44 0.0151675

14 44 0.0160319

15 44 0.016833

16 44 0.0175677

17 44 0.0182331

18 44 0.0188265

19 44 0.0193456

20 44 0.0197884

21 44 0.0201531

22 44 0.0204382

23 44 0.0206427

24 44 0.0207657

25 44 0.0208068

26 44 0.0207657

27 44 0.0206427

28 44 0.0204382

29 44 0.0201531

30 44 0.0197884

31 44 0.0193456

32 44 0.0188265

33 44 0.0182331

34 44 0.0175677

35 44 0.016833

36 44 0.0160319

37 44 0.0151675

38 44 0.0142432

39 44 0.0132627

40 44 0.0122299

41 44 0.0111488

42 44 0.0100237

43 44 0.00885909

44 44 0.00765948

45 44 0.00642964

46 44 0.00517443

47 44 0.0038988

48 44 0.00260778

49 44 0.00130647

50 44 0

0 45 0

1 45 0.0010967

2 45 0.00218906

3 45 0.00327279

4 45 0.0043436

5 45 0.00539727

6 45 0.00642964

7 45 0.00743664

8 45 0.00841428

9 45 0.00935872

10 45 0.0102662

11 45 0.0111332

12 45 0.0119563

13 45 0.0127321

14 45 0.0134577

15 45 0.0141302

16 45 0.014747

17 45 0.0153055

18 45 0.0158037

19 45 0.0162394

20 45 0.0166111

21 45 0.0169172

22 45 0.0171566

23 45 0.0173282

24 45 0.0174315

25 45 0.0174659

26 45 0.0174315

27 45 0.0173282

28 45 0.0171566

29 45 0.0169172

30 45 0.0166111

31 45 0.0162394

32 45 0.0158037

33 45 0.0153055

34 45 0.014747

35 45 0.0141302

36 45 0.0134577

37 45 0.0127321

38 45 0.0119563

39 45 0.0111332

40 45 0.0102662

41 45 0.00935872

42 45 0.00841428

43 45 0.00743664

44 45 0.00642964

45 45 0.00539727

46 45 0.0043436

47 45 0.00327279

48 45 0.00218906

49 45 0.0010967

50 45 0

0 46 0

1 46 0.000882596

2 46 0.00176171

3 46 0.00263387

4 46 0.00349563

5 46 0.0043436

6 46 0.00517443

7 46 0.00598484

8 46 0.00677163

9 46 0.00753169

10 46 0.00826203

11 46 0.00895976

12 46 0.00962213

13 46 0.0102465

14 46 0.0108305

15 46 0.0113717

16 46 0.011868

17 46 0.0123175

18 46 0.0127184

19 46 0.0130691

20 46 0.0133682

21 46 0.0136146

22 46 0.0138072

23 46 0.0139454

24 46 0.0140285

25 46 0.0140562

26 46 0.0140285

27 46 0.0139454

28 46 0.0138072

29 46 0.0136146

30 46 0.0133682

31 46 0.0130691

32 46 0.0127184

33 46 0.0123175

34 46 0.011868

35 46 0.0113717

36 46 0.0108305

37 46 0.0102465

38 46 0.00962213

39 46 0.00895976

40 46 0.00826203

41 46 0.00753169

42 46 0.00677163

43 46 0.00598484

44 46 0.00517443

45 46 0.0043436

46 46 0.00349563

47 46 0.00263387

48 46 0.00176171

49 46 0.000882596

50 46 0

0 47 0

1 47 0.000665013

2 47 0.0013274

3 47 0.00198455

4 47 0.00263387

5 47 0.00327279

6 47 0.0038988

7 47 0.00450942

8 47 0.00510224

9 47 0.00567493

10 47 0.00622522

11 47 0.00675094

12 47 0.00725002

13 47 0.00772049

14 47 0.00816049

15 47 0.00856828

16 47 0.00894226

17 47 0.00928095

18 47 0.009583

19 47 0.00984724

20 47 0.0100726

21 47 0.0102582

22 47 0.0104034

23 47 0.0105075

24 47 0.0105701

25 47 0.010591

26 47 0.0105701

27 47 0.0105075

28 47 0.0104034

29 47 0.0102582

30 47 0.0100726

31 47 0.00984724

32 47 0.009583

33 47 0.00928095

34 47 0.00894226

35 47 0.00856828

36 47 0.00816049

37 47 0.00772049

38 47 0.00725002

39 47 0.00675094

40 47 0.00622522

41 47 0.00567493

42 47 0.00510224

43 47 0.00450942

44 47 0.0038988

45 47 0.00327279

46 47 0.00263387

47 47 0.00198455

48 47 0.0013274

49 47 0.000665013

50 47 0

0 48 0

1 48 0.000444805

2 48 0.000887856

3 48 0.0013274

4 48 0.00176171

5 48 0.00218906

6 48 0.00260778

7 48 0.0030162

8 48 0.00341272

9 48 0.00379578

10 48 0.00416385

11 48 0.00451549

12 48 0.0048493

13 48 0.00516398

14 48 0.00545828

15 48 0.00573104

16 48 0.00598118

17 48 0.00620772

18 48 0.00640976

19 48 0.0065865

20 48 0.00673725

21 48 0.0068614

22 48 0.00695848

23 48 0.0070281

24 48 0.00706998

25 48 0.00708396

26 48 0.00706998

27 48 0.0070281

28 48 0.00695848

29 48 0.0068614

30 48 0.00673725

31 48 0.0065865

32 48 0.00640976

33 48 0.00620772

34 48 0.00598118

35 48 0.00573104

36 48 0.00545828

37 48 0.00516398

