0 1 0

1 1 0.000787911

2 1 0.00157271

3 1 0.00235131

4 1 0.00312062

5 1 0.00387762

6 1 0.00461932

7 1 0.00534278

8 1 0.00604516

9 1 0.00672369

10 1 0.00737568

11 1 0.00799855

12 1 0.00858987

13 1 0.00914728

14 1 0.00966859

15 1 0.0101517

16 1 0.0105948

17 1 0.0109961

18 1 0.011354

19 1 0.0116671

20 1 0.0119341

21 1 0.012154

22 1 0.012326

23 1 0.0124493

24 1 0.0125235

25 1 0.0125482

26 1 0.0125235

27 1 0.0124493

28 1 0.012326

29 1 0.012154

30 1 0.0119341

31 1 0.0116671

32 1 0.011354

33 1 0.0109961

34 1 0.0105948

35 1 0.0101517

36 1 0.00966859

37 1 0.00914728

38 1 0.00858987

39 1 0.00799855

40 1 0.00737568

41 1 0.00672369

42 1 0.00604516

43 1 0.00534278

44 1 0.00461932

45 1 0.00387762

46 1 0.00312062

47 1 0.00235131

48 1 0.00157271

49 1 0.000787911

50 1 0

0 2 0

1 2 0.00157271

2 2 0.00313922

3 2 0.00469333

4 2 0.00622893

5 2 0.00773994

6 2 0.00922041

7 2 0.0106645

8 2 0.0120665

9 2 0.0134208

10 2 0.0147222

11 2 0.0159655

12 2 0.0171458

13 2 0.0182585

14 2 0.019299

15 2 0.0202634

16 2 0.0211479

17 2 0.0219488

18 2 0.0226632

19 2 0.0232881

20 2 0.0238211

21 2 0.0242601

22 2 0.0246033

23 2 0.0248495

24 2 0.0249975

25 2 0.025047

26 2 0.0249975

27 2 0.0248495

28 2 0.0246033

29 2 0.0242601

30 2 0.0238211

31 2 0.0232881

32 2 0.0226632

33 2 0.0219488

34 2 0.0211479

35 2 0.0202634

36 2 0.019299

37 2 0.0182585

38 2 0.0171458

39 2 0.0159655

40 2 0.0147222

41 2 0.0134208

42 2 0.0120665

43 2 0.0106645

44 2 0.00922041

45 2 0.00773994

46 2 0.00622893

47 2 0.00469333

48 2 0.00313922

49 2 0.00157271

50 2 0

0 3 0

1 3 0.00235131

2 3 0.00469333

3 3 0.00701684

4 3 0.00931265

5 3 0.0115717

6 3 0.0137851

7 3 0.0159441

8 3 0.0180402

9 3 0.020065

10 3 0.0220107

11 3 0.0238695

12 3 0.0256341

13 3 0.0272976

14 3 0.0288533

15 3 0.0302951

16 3 0.0316174

17 3 0.0328149

18 3 0.0338829

19 3 0.0348172

20 3 0.0356141

21 3 0.0362704

22 3 0.0367836

23 3 0.0371516

24 3 0.037373

25 3 0.0374469

26 3 0.037373

27 3 0.0371516

28 3 0.0367836

29 3 0.0362704

30 3 0.0356141

31 3 0.0348172

32 3 0.0338829

33 3 0.0328149

34 3 0.0316174

35 3 0.0302951

36 3 0.0288533

37 3 0.0272976

38 3 0.0256341

39 3 0.0238695

40 3 0.0220107

41 3 0.020065

42 3 0.0180402

43 3 0.0159441

44 3 0.0137851

45 3 0.0115717

46 3 0.00931265

47 3 0.00701684

48 3 0.00469333

49 3 0.00235131

50 3 0

0 4 0

1 4 0.00312062

2 4 0.00622893

3 4 0.00931265

4 4 0.0123596

5 4 0.0153578

6 4 0.0182954

7 4 0.0211608

8 4 0.0239426

9 4 0.02663

10 4 0.0292123

11 4 0.0316793

12 4 0.0340213

13 4 0.036229

14 4 0.0382937

15 4 0.0402073

16 4 0.0419622

17 4 0.0435515

18 4 0.0449689

19 4 0.0462089

20 4 0.0472665

21 4 0.0481376

22 4 0.0488186

23 4 0.0493071

24 4 0.0496009

25 4 0.0496989

26 4 0.0496009

27 4 0.0493071

28 4 0.0488186

29 4 0.0481376

30 4 0.0472665

31 4 0.0462089

32 4 0.0449689

33 4 0.0435515

34 4 0.0419622

35 4 0.0402073

36 4 0.0382937

37 4 0.036229

38 4 0.0340213

39 4 0.0316793

40 4 0.0292123

41 4 0.02663

42 4 0.0239426

43 4 0.0211608

44 4 0.0182954

45 4 0.0153578

46 4 0.0123596

47 4 0.00931265

48 4 0.00622893

49 4 0.00312062

50 4 0

0 5 0

1 5 0.00387762

2 5 0.00773994

3 5 0.0115717

4 5 0.0153578

5 5 0.0190833

6 5 0.0227335

7 5 0.026294

8 5 0.0297506

9 5 0.0330899

10 5 0.0362986

11 5 0.0393641

12 5 0.0422741

13 5 0.0450174

14 5 0.047583

15 5 0.0499608

16 5 0.0521414

17 5 0.0541162

18 5 0.0558775

19 5 0.0574182

20 5 0.0587324

21 5 0.0598148

22 5 0.060661

23 5 0.0612679

24 5 0.061633

25 5 0.0617549

26 5 0.061633

27 5 0.0612679

28 5 0.060661

29 5 0.0598148

30 5 0.0587324

31 5 0.0574182

32 5 0.0558775

33 5 0.0541162

34 5 0.0521414

35 5 0.0499608

36 5 0.047583

37 5 0.0450174

38 5 0.0422741

39 5 0.0393641

40 5 0.0362986

41 5 0.0330899

42 5 0.0297506

43 5 0.026294

44 5 0.0227335

45 5 0.0190833

46 5 0.0153578

47 5 0.0115717

48 5 0.00773994

49 5 0.00387762

50 5 0

0 6 0

1 6 0.00461932

2 6 0.00922041

3 6 0.0137851

4 6 0.0182954

5 6 0.0227335

6 6 0.0270819

7 6 0.0313234

8 6 0.0354412

9 6 0.0394192

10 6 0.0432417

11 6 0.0468935

12 6 0.0503602

13 6 0.0536281

14 6 0.0566844

15 6 0.0595171

16 6 0.0621148

17 6 0.0644674

18 6 0.0665655

19 6 0.068401

20 6 0.0699665

21 6 0.0712559

22 6 0.0722641

23 6 0.072987

24 6 0.073422

25 6 0.0735671

26 6 0.073422

27 6 0.072987

28 6 0.0722641

29 6 0.0712559

30 6 0.0699665

31 6 0.068401

32 6 0.0665655

33 6 0.0644674

34 6 0.0621148

35 6 0.0595171

36 6 0.0566844

37 6 0.0536281

38 6 0.0503602

39 6 0.0468935

40 6 0.0432417

41 6 0.0394192

42 6 0.0354412

43 6 0.0313234

44 6 0.0270819

45 6 0.0227335

46 6 0.0182954

47 6 0.0137851

48 6 0.00922041

49 6 0.00461932

50 6 0

0 7 0

1 7 0.00534278

2 7 0.0106645

3 7 0.0159441

4 7 0.0211608

5 7 0.026294

6 7 0.0313234

7 7 0.0362291

8 7 0.040992

9 7 0.045593

10 7 0.0500141

11 7 0.0542378

12 7 0.0582474

13 7 0.0620272

14 7 0.0655622

15 7 0.0688385

16 7 0.071843

17 7 0.0745641

18 7 0.0769909

19 7 0.0791138

20 7 0.0809245

21 7 0.0824158

22 7 0.0835819

23 7 0.0844181

24 7 0.0849211

25 7 0.085089

26 7 0.0849211

27 7 0.0844181

28 7 0.0835819

29 7 0.0824158

30 7 0.0809245

31 7 0.0791138

32 7 0.0769909

33 7 0.0745641

34 7 0.071843

35 7 0.0688385

36 7 0.0655622

37 7 0.0620272

38 7 0.0582474

39 7 0.0542378

40 7 0.0500141

41 7 0.045593

42 7 0.040992

43 7 0.0362291

44 7 0.0313234

45 7 0.026294

46 7 0.0211608

47 7 0.0159441

48 7 0.0106645

49 7 0.00534278

50 7 0

0 8 0

1 8 0.00604516

2 8 0.0120665

3 8 0.0180402

4 8 0.0239426

5 8 0.0297506

6 8 0.0354412

7 8 0.040992

8 8 0.0463809

9 8 0.0515868

10 8 0.0565891

11 8 0.0613681

12 8 0.0659049

13 8 0.0701815

14 8 0.0741813

15 8 0.0778882

16 8 0.0812878

17 8 0.0843665

18 8 0.0871123

19 8 0.0895143

20 8 0.0915631

21 8 0.0932505

22 8 0.0945698

23 8 0.095516

24 8 0.0960851

25 8 0.0962751

26 8 0.0960851

27 8 0.095516

28 8 0.0945698

29 8 0.0932505

30 8 0.0915631

31 8 0.0895143

32 8 0.0871123

33 8 0.0843665

34 8 0.0812878

35 8 0.0778882

36 8 0.0741813

37 8 0.0701815

38 8 0.0659049

39 8 0.0613681

40 8 0.0565891

41 8 0.0515868

42 8 0.0463809

43 8 0.040992

44 8 0.0354412

45 8 0.0297506

46 8 0.0239426

47 8 0.0180402

48 8 0.0120665

49 8 0.00604516

50 8 0

0 9 0

1 9 0.00672369

2 9 0.0134208

3 9 0.020065

4 9 0.02663

5 9 0.0330899

6 9 0.0394192

7 9 0.045593

8 9 0.0515868

9 9 0.057377

10 9 0.0629408

11 9 0.0682562

12 9 0.0733022

13 9 0.0780589

14 9 0.0825075

15 9 0.0866306

16 9 0.0904117

17 9 0.093836

18 9 0.09689

19 9 0.0995616

20 9 0.10184

21 9 0.103717

22 9 0.105185

23 9 0.106237

24 9 0.10687

25 9 0.107081

26 9 0.10687

27 9 0.106237

28 9 0.105185

29 9 0.103717

30 9 0.10184

31 9 0.0995616

32 9 0.09689

33 9 0.093836

34 9 0.0904117

35 9 0.0866306

36 9 0.0825075

37 9 0.0780589

38 9 0.0733022

39 9 0.0682562

40 9 0.0629408

41 9 0.057377

42 9 0.0515868

43 9 0.045593

44 9 0.0394192

45 9 0.0330899

46 9 0.02663

47 9 0.020065

48 9 0.0134208

49 9 0.00672369

50 9 0

0 10 0

1 10 0.00737568

2 10 0.0147222

3 10 0.0220107

4 10 0.0292123

5 10 0.0362986

6 10 0.0432417

7 10 0.0500141

8 10 0.0565891

9 10 0.0629408

10 10 0.0690441

11 10 0.0748749

12 10 0.0804102

13 10 0.0856281

14 10 0.0905082

15 10 0.095031

16 10 0.0991788

17 10 0.102935

18 10 0.106285

19 10 0.109216

20 10 0.111716

21 10 0.113774

22 10 0.115384

23 10 0.116539

24 10 0.117233

25 10 0.117465

26 10 0.117233

27 10 0.116539

28 10 0.115384

29 10 0.113774

30 10 0.111716

31 10 0.109216

32 10 0.106285

33 10 0.102935

34 10 0.0991788

35 10 0.095031

36 10 0.0905082

37 10 0.0856281

38 10 0.0804102

39 10 0.0748749

40 10 0.0690441

41 10 0.0629408

42 10 0.0565891

43 10 0.0500141

44 10 0.0432417

45 10 0.0362986

46 10 0.0292123

47 10 0.0220107

48 10 0.0147222

49 10 0.00737568

50 10 0

0 11 0

1 11 0.00799855

2 11 0.0159655

3 11 0.0238695

4 11 0.0316793

5 11 0.0393641

6 11 0.0468935

7 11 0.0542378

8 11 0.0613681

9 11 0.0682562

10 11 0.0748749

11 11 0.0811981

12 11 0.0872009

13 11 0.0928595

14 11 0.0981516

15 11 0.103056

16 11 0.107554

17 11 0.111628

18 11 0.115261

19 11 0.118439

20 11 0.12115

21 11 0.123383

22 11 0.125128

23 11 0.12638

24 11 0.127133

25 11 0.127385

26 11 0.127133

27 11 0.12638

28 11 0.125128

29 11 0.123383

30 11 0.12115

31 11 0.118439

32 11 0.115261

33 11 0.111628

34 11 0.107554

35 11 0.103056

36 11 0.0981516

37 11 0.0928595

38 11 0.0872009

39 11 0.0811981

40 11 0.0748749

41 11 0.0682562

42 11 0.0613681

43 11 0.0542378

44 11 0.0468935

45 11 0.0393641

46 11 0.0316793

47 11 0.0238695

48 11 0.0159655

49 11 0.00799855

50 11 0

0 12 0

1 12 0.00858987

2 12 0.0171458

3 12 0.0256341

4 12 0.0340213

5 12 0.0422741

6 12 0.0503602

7 12 0.0582474

8 12 0.0659049

9 12 0.0733022

10 12 0.0804102

11 12 0.0872009

12 12 0.0936474

13 12 0.0997243

14 12 0.105408

15 12 0.110675

16 12 0.115506

17 12 0.11988

18 12 0.123782

19 12 0.127195

20 12 0.130106

21 12 0.132504

22 12 0.134379

23 12 0.135723

24 12 0.136532

25 12 0.136802

26 12 0.136532

27 12 0.135723

28 12 0.134379

29 12 0.132504

30 12 0.130106

31 12 0.127195

32 12 0.123782

33 12 0.11988

34 12 0.115506

35 12 0.110675

36 12 0.105408

37 12 0.0997243

38 12 0.0936474

39 12 0.0872009

40 12 0.0804102

41 12 0.0733022

42 12 0.0659049

43 12 0.0582474

44 12 0.0503602

45 12 0.0422741

46 12 0.0340213

47 12 0.0256341

48 12 0.0171458

49 12 0.00858987

50 12 0

0 13 0

1 13 0.00914728

2 13 0.0182585

3 13 0.0272976

4 13 0.036229

5 13 0.0450174

6 13 0.0536281

7 13 0.0620272

8 13 0.0701815

9 13 0.0780589

10 13 0.0856281

11 13 0.0928595

12 13 0.0997243

13 13 0.106196

14 13 0.112248

15 13 0.117857

16 13 0.123001

17 13 0.12766

18 13 0.131815

19 13 0.135449

20 13 0.138549

21 13 0.141103

22 13 0.143099

23 13 0.144531

24 13 0.145392

25 13 0.145679

26 13 0.145392

27 13 0.144531

28 13 0.143099

29 13 0.141103

30 13 0.138549

31 13 0.135449

32 13 0.131815

33 13 0.12766

34 13 0.123001

35 13 0.117857

36 13 0.112248

37 13 0.106196

38 13 0.0997243

39 13 0.0928595

40 13 0.0856281

41 13 0.0780589

42 13 0.0701815

43 13 0.0620272

44 13 0.0536281

45 13 0.0450174

46 13 0.036229

47 13 0.0272976

48 13 0.0182585

49 13 0.00914728

50 13 0

0 14 0

1 14 0.00966859

2 14 0.019299

3 14 0.0288533

4 14 0.0382937

5 14 0.047583

6 14 0.0566844

7 14 0.0655622

8 14 0.0741813

9 14 0.0825075

10 14 0.0905082

11 14 0.0981516

12 14 0.105408

13 14 0.112248

14 14 0.118645

15 14 0.124574

16 14 0.130011

17 14 0.134935

18 14 0.139327

19 14 0.143169

20 14 0.146445

21 14 0.149144

22 14 0.151254

23 14 0.152768

24 14 0.153678

25 14 0.153982

26 14 0.153678

27 14 0.152768

28 14 0.151254

29 14 0.149144

30 14 0.146445

31 14 0.143169

32 14 0.139327

33 14 0.134935

34 14 0.130011

35 14 0.124574

36 14 0.118645

37 14 0.112248

38 14 0.105408

39 14 0.0981516

40 14 0.0905082

41 14 0.0825075

42 14 0.0741813

43 14 0.0655622

44 14 0.0566844

45 14 0.047583

46 14 0.0382937

47 14 0.0288533

48 14 0.019299

49 14 0.00966859

50 14 0

0 15 0

1 15 0.0101517

2 15 0.0202634

3 15 0.0302951

4 15 0.0402073

5 15 0.0499608

6 15 0.0595171

7 15 0.0688385

8 15 0.0778882

9 15 0.0866306

10 15 0.095031

11 15 0.103056

12 15 0.110675

13 15 0.117857

14 15 0.124574

15 15 0.130799

16 15 0.136508

17 15 0.141678

18 15 0.146289

19 15 0.150323

20 15 0.153763

21 15 0.156597

22 15 0.158813

23 15 0.160402

24 15 0.161357

25 15 0.161676

26 15 0.161357

27 15 0.160402

28 15 0.158813

29 15 0.156597

30 15 0.153763

31 15 0.150323

32 15 0.146289

33 15 0.141678

34 15 0.136508

35 15 0.130799

36 15 0.124574

37 15 0.117857

38 15 0.110675

39 15 0.103056

40 15 0.095031

41 15 0.0866306

42 15 0.0778882

43 15 0.0688385

44 15 0.0595171

45 15 0.0499608

46 15 0.0402073

47 15 0.0302951

48 15 0.0202634

49 15 0.0101517

50 15 0

0 16 0

1 16 0.0105948

2 16 0.0211479

3 16 0.0316174

4 16 0.0419622

5 16 0.0521414

6 16 0.0621148

7 16 0.071843

8 16 0.0812878

9 16 0.0904117

10 16 0.0991788

11 16 0.107554

12 16 0.115506

13 16 0.123001

14 16 0.130011

15 16 0.136508

16 16 0.142466

17 16 0.147862

18 16 0.152674

19 16 0.156884

20 16 0.160475

21 16 0.163432

22 16 0.165744

23 16 0.167403

24 16 0.1684

25 16 0.168733

26 16 0.1684

27 16 0.167403

28 16 0.165744

29 16 0.163432

30 16 0.160475

31 16 0.156884

32 16 0.152674

33 16 0.147862

34 16 0.142466

35 16 0.136508

36 16 0.130011

37 16 0.123001

38 16 0.115506

39 16 0.107554

40 16 0.0991788

41 16 0.0904117

42 16 0.0812878

43 16 0.071843

44 16 0.0621148

45 16 0.0521414

46 16 0.0419622

47 16 0.0316174

48 16 0.0211479

49 16 0.0105948

50 16 0

0 17 0

1 17 0.0109961

2 17 0.0219488

3 17 0.0328149

4 17 0.0435515

5 17 0.0541162

6 17 0.0644674

7 17 0.0745641

8 17 0.0843665

9 17 0.093836

10 17 0.102935

11 17 0.111628

12 17 0.11988

13 17 0.12766

14 17 0.134935

15 17 0.141678

16 17 0.147862

17 17 0.153462

18 17 0.158457

19 17 0.162826

20 17 0.166553

21 17 0.169622

22 17 0.172022

23 17 0.173743

24 17 0.174778

25 17 0.175124

26 17 0.174778

27 17 0.173743

28 17 0.172022

29 17 0.169622

30 17 0.166553

31 17 0.162826

32 17 0.158457

33 17 0.153462

34 17 0.147862

35 17 0.141678

36 17 0.134935

37 17 0.12766

38 17 0.11988

39 17 0.111628

40 17 0.102935

41 17 0.093836

42 17 0.0843665

43 17 0.0745641

44 17 0.0644674

45 17 0.0541162

46 17 0.0435515

47 17 0.0328149

48 17 0.0219488

49 17 0.0109961

50 17 0

0 18 0

1 18 0.011354

2 18 0.0226632

3 18 0.0338829

4 18 0.0449689

5 18 0.0558775

6 18 0.0665655

7 18 0.0769909

8 18 0.0871123

9 18 0.09689

10 18 0.106285

11 18 0.115261

12 18 0.123782

13 18 0.131815

14 18 0.139327

15 18 0.146289

16 18 0.152674

17 18 0.158457

18 18 0.163614

19 18 0.168125

20 18 0.171973

21 18 0.175142

22 18 0.177621

23 18 0.179398

24 18 0.180467

25 18 0.180823

26 18 0.180467

27 18 0.179398

28 18 0.177621

29 18 0.175142

30 18 0.171973

31 18 0.168125

32 18 0.163614

33 18 0.158457

34 18 0.152674

35 18 0.146289

36 18 0.139327

37 18 0.131815

38 18 0.123782

39 18 0.115261

40 18 0.106285

41 18 0.09689

42 18 0.0871123

43 18 0.0769909

44 18 0.0665655

45 18 0.0558775

46 18 0.0449689

47 18 0.0338829

48 18 0.0226632

49 18 0.011354

50 18 0

0 19 0

1 19 0.0116671

2 19 0.0232881

3 19 0.0348172

4 19 0.0462089

5 19 0.0574182

6 19 0.068401

7 19 0.0791138

8 19 0.0895143

9 19 0.0995616

10 19 0.109216

11 19 0.118439

12 19 0.127195

13 19 0.135449

14 19 0.143169

15 19 0.150323

16 19 0.156884

17 19 0.162826

18 19 0.168125

19 19 0.172761

20 19 0.176715

21 19 0.179972

22 19 0.182518

23 19 0.184344

24 19 0.185443

25 19 0.185809

26 19 0.185443

27 19 0.184344

28 19 0.182518

29 19 0.179972

30 19 0.176715

31 19 0.172761

32 19 0.168125

33 19 0.162826

34 19 0.156884

35 19 0.150323

36 19 0.143169

37 19 0.135449

38 19 0.127195

39 19 0.118439

40 19 0.109216

41 19 0.0995616

42 19 0.0895143

43 19 0.0791138

44 19 0.068401

45 19 0.0574182

46 19 0.0462089

47 19 0.0348172

48 19 0.0232881

49 19 0.0116671

50 19 0

0 20 0

1 20 0.0119341

2 20 0.0238211

3 20 0.0356141

4 20 0.0472665

5 20 0.0587324

6 20 0.0699665

7 20 0.0809245

8 20 0.0915631

9 20 0.10184

10 20 0.111716

11 20 0.12115

12 20 0.130106

13 20 0.138549

14 20 0.146445

15 20 0.153763

16 20 0.160475

17 20 0.166553

18 20 0.171973

19 20 0.176715

20 20 0.18076

21 20 0.184091

22 20 0.186696

23 20 0.188563

24 20 0.189687

25 20 0.190062

26 20 0.189687

27 20 0.188563

28 20 0.186696

29 20 0.184091

30 20 0.18076

31 20 0.176715

32 20 0.171973

33 20 0.166553

34 20 0.160475

35 20 0.153763

36 20 0.146445

37 20 0.138549

38 20 0.130106

39 20 0.12115

40 20 0.111716

41 20 0.10184

42 20 0.0915631

43 20 0.0809245

44 20 0.0699665

45 20 0.0587324

46 20 0.0472665

47 20 0.0356141

48 20 0.0238211

49 20 0.0119341

50 20 0

0 21 0

1 21 0.012154

2 21 0.0242601

3 21 0.0362704

4 21 0.0481376

5 21 0.0598148

6 21 0.0712559

7 21 0.0824158

8 21 0.0932505

9 21 0.103717

10 21 0.113774

11 21 0.123383

12 21 0.132504

13 21 0.141103

14 21 0.149144

15 21 0.156597

16 21 0.163432

17 21 0.169622

18 21 0.175142

19 21 0.179972

20 21 0.184091

21 21 0.187483

22 21 0.190136

23 21 0.192038

24 21 0.193183

25 21 0.193565

26 21 0.193183

27 21 0.192038

28 21 0.190136

29 21 0.187483

30 21 0.184091

31 21 0.179972

32 21 0.175142

33 21 0.169622

34 21 0.163432

35 21 0.156597

36 21 0.149144

37 21 0.141103

38 21 0.132504

39 21 0.123383

40 21 0.113774

41 21 0.103717

42 21 0.0932505

43 21 0.0824158

44 21 0.0712559

45 21 0.0598148

46 21 0.0481376

47 21 0.0362704

48 21 0.0242601

49 21 0.012154

50 21 0

0 22 0

1 22 0.012326

2 22 0.0246033

3 22 0.0367836

4 22 0.0488186

5 22 0.060661

6 22 0.0722641

7 22 0.0835819

8 22 0.0945698

9 22 0.105185

10 22 0.115384

11 22 0.125128

12 22 0.134379

13 22 0.143099

14 22 0.151254

15 22 0.158813

16 22 0.165744

17 22 0.172022

18 22 0.177621

19 22 0.182518

20 22 0.186696

21 22 0.190136

22 22 0.192826

23 22 0.194755

24 22 0.195916

25 22 0.196303

26 22 0.195916

27 22 0.194755

28 22 0.192826

29 22 0.190136

30 22 0.186696

31 22 0.182518

32 22 0.177621

33 22 0.172022

34 22 0.165744

35 22 0.158813

36 22 0.151254

37 22 0.143099

38 22 0.134379

39 22 0.125128

40 22 0.115384

41 22 0.105185

42 22 0.0945698

43 22 0.0835819

44 22 0.0722641

45 22 0.060661

46 22 0.0488186

47 22 0.0367836

48 22 0.0246033

49 22 0.012326

50 22 0

0 23 0

1 23 0.0124493

2 23 0.0248495

3 23 0.0371516

4 23 0.0493071

5 23 0.0612679

6 23 0.072987

7 23 0.0844181

8 23 0.095516

9 23 0.106237

10 23 0.116539

11 23 0.12638

12 23 0.135723

13 23 0.144531

14 23 0.152768

15 23 0.160402

16 23 0.167403

17 23 0.173743

18 23 0.179398

19 23 0.184344

20 23 0.188563

21 23 0.192038

22 23 0.194755

23 23 0.196704

24 23 0.197876

25 23 0.198267

26 23 0.197876

27 23 0.196704

28 23 0.194755

29 23 0.192038

30 23 0.188563

31 23 0.184344

32 23 0.179398

33 23 0.173743

34 23 0.167403

35 23 0.160402

36 23 0.152768

37 23 0.144531

38 23 0.135723

39 23 0.12638

40 23 0.116539

41 23 0.106237

42 23 0.095516

43 23 0.0844181

44 23 0.072987

45 23 0.0612679

46 23 0.0493071

47 23 0.0371516

48 23 0.0248495

49 23 0.0124493

50 23 0

0 24 0

1 24 0.0125235

2 24 0.0249975

3 24 0.037373

4 24 0.0496009

5 24 0.061633

6 24 0.073422

7 24 0.0849211

8 24 0.0960851

9 24 0.10687

10 24 0.117233

11 24 0.127133

12 24 0.136532

13 24 0.145392

14 24 0.153678

15 24 0.161357

16 24 0.1684

17 24 0.174778

18 24 0.180467

19 24 0.185443

20 24 0.189687

21 24 0.193183

22 24 0.195916

23 24 0.197876

24 24 0.199055

25 24 0.199449

26 24 0.199055

27 24 0.197876

28 24 0.195916

29 24 0.193183

30 24 0.189687

31 24 0.185443

32 24 0.180467

33 24 0.174778

34 24 0.1684

35 24 0.161357

36 24 0.153678

37 24 0.145392

38 24 0.136532

39 24 0.127133

40 24 0.117233

41 24 0.10687

42 24 0.0960851

43 24 0.0849211

44 24 0.073422

45 24 0.061633

46 24 0.0496009

47 24 0.037373

48 24 0.0249975

49 24 0.0125235

50 24 0

0 25 0

1 25 0.0125482

2 25 0.025047

3 25 0.0374469

4 25 0.0496989

5 25 0.0617549

6 25 0.0735671

7 25 0.085089

8 25 0.0962751

9 25 0.107081

10 25 0.117465

11 25 0.127385

12 25 0.136802

13 25 0.145679

14 25 0.153982

15 25 0.161676

16 25 0.168733

17 25 0.175124

18 25 0.180823

19 25 0.185809

20 25 0.190062

21 25 0.193565

22 25 0.196303

23 25 0.198267

24 25 0.199449

25 25 0.199843

26 25 0.199449

27 25 0.198267

28 25 0.196303

29 25 0.193565

30 25 0.190062

31 25 0.185809

32 25 0.180823

33 25 0.175124

34 25 0.168733

35 25 0.161676

36 25 0.153982

37 25 0.145679

38 25 0.136802

39 25 0.127385

40 25 0.117465

41 25 0.107081

42 25 0.0962751

43 25 0.085089

44 25 0.0735671

45 25 0.0617549

46 25 0.0496989

47 25 0.0374469

48 25 0.025047

49 25 0.0125482

50 25 0

0 26 0

1 26 0.0125235

2 26 0.0249975

3 26 0.037373

4 26 0.0496009

5 26 0.061633

6 26 0.073422

7 26 0.0849211

8 26 0.0960851

9 26 0.10687

10 26 0.117233

11 26 0.127133

12 26 0.136532

13 26 0.145392

14 26 0.153678

15 26 0.161357

16 26 0.1684

17 26 0.174778

18 26 0.180467

19 26 0.185443

20 26 0.189687

21 26 0.193183

22 26 0.195916

23 26 0.197876

24 26 0.199055

25 26 0.199449

26 26 0.199055

27 26 0.197876

28 26 0.195916

29 26 0.193183

30 26 0.189687

31 26 0.185443

32 26 0.180467

33 26 0.174778

34 26 0.1684

35 26 0.161357

36 26 0.153678

37 26 0.145392

38 26 0.136532

39 26 0.127133

40 26 0.117233

41 26 0.10687

42 26 0.0960851

43 26 0.0849211

44 26 0.073422

45 26 0.061633

46 26 0.0496009

47 26 0.037373

48 26 0.0249975

49 26 0.0125235

50 26 0

0 27 0

1 27 0.0124493

2 27 0.0248495

3 27 0.0371516

4 27 0.0493071

5 27 0.0612679

6 27 0.072987

7 27 0.0844181

8 27 0.095516

9 27 0.106237

10 27 0.116539

11 27 0.12638

12 27 0.135723

13 27 0.144531

14 27 0.152768

15 27 0.160402

16 27 0.167403

17 27 0.173743

18 27 0.179398

19 27 0.184344

20 27 0.188563

21 27 0.192038

22 27 0.194755

23 27 0.196704

24 27 0.197876

25 27 0.198267

26 27 0.197876

27 27 0.196704

28 27 0.194755

29 27 0.192038

30 27 0.188563

31 27 0.184344

32 27 0.179398

33 27 0.173743

34 27 0.167403

35 27 0.160402

36 27 0.152768

37 27 0.144531

38 27 0.135723

39 27 0.12638

40 27 0.116539

41 27 0.106237

42 27 0.095516

43 27 0.0844181

44 27 0.072987

45 27 0.0612679

46 27 0.0493071

47 27 0.0371516

48 27 0.0248495

49 27 0.0124493

50 27 0

0 28 0

1 28 0.012326

2 28 0.0246033

3 28 0.0367836

4 28 0.0488186

5 28 0.060661

6 28 0.0722641

7 28 0.0835819

8 28 0.0945698

9 28 0.105185

10 28 0.115384

11 28 0.125128

12 28 0.134379

13 28 0.143099

14 28 0.151254

15 28 0.158813

16 28 0.165744

17 28 0.172022

18 28 0.177621

19 28 0.182518

20 28 0.186696

21 28 0.190136

22 28 0.192826

23 28 0.194755

24 28 0.195916

25 28 0.196303

26 28 0.195916

27 28 0.194755

28 28 0.192826

29 28 0.190136

30 28 0.186696

31 28 0.182518

32 28 0.177621

33 28 0.172022

34 28 0.165744

35 28 0.158813

36 28 0.151254

37 28 0.143099

38 28 0.134379

39 28 0.125128

40 28 0.115384

41 28 0.105185

42 28 0.0945698

43 28 0.0835819

44 28 0.0722641

45 28 0.060661

46 28 0.0488186

47 28 0.0367836

48 28 0.0246033

49 28 0.012326

50 28 0

0 29 0

1 29 0.012154

2 29 0.0242601

3 29 0.0362704

4 29 0.0481376

5 29 0.0598148

6 29 0.0712559

7 29 0.0824158

8 29 0.0932505

9 29 0.103717

10 29 0.113774

11 29 0.123383

12 29 0.132504

13 29 0.141103

14 29 0.149144

15 29 0.156597

16 29 0.163432

17 29 0.169622

18 29 0.175142

19 29 0.179972

20 29 0.184091

21 29 0.187483

22 29 0.190136

23 29 0.192038

24 29 0.193183

25 29 0.193565

26 29 0.193183

27 29 0.192038

28 29 0.190136

29 29 0.187483

30 29 0.184091

31 29 0.179972

32 29 0.175142

33 29 0.169622

34 29 0.163432

35 29 0.156597

36 29 0.149144

37 29 0.141103

38 29 0.132504

39 29 0.123383

40 29 0.113774

41 29 0.103717

42 29 0.0932505

43 29 0.0824158

44 29 0.0712559

45 29 0.0598148

46 29 0.0481376

47 29 0.0362704

48 29 0.0242601

49 29 0.012154

50 29 0

0 30 0

1 30 0.0119341

2 30 0.0238211

3 30 0.0356141

4 30 0.0472665

5 30 0.0587324

6 30 0.0699665

7 30 0.0809245

8 30 0.0915631

9 30 0.10184

10 30 0.111716

11 30 0.12115

12 30 0.130106

13 30 0.138549

14 30 0.146445

15 30 0.153763

16 30 0.160475

17 30 0.166553

18 30 0.171973

19 30 0.176715

20 30 0.18076

21 30 0.184091

22 30 0.186696

23 30 0.188563

24 30 0.189687

25 30 0.190062

26 30 0.189687

27 30 0.188563

28 30 0.186696

29 30 0.184091

30 30 0.18076

31 30 0.176715

32 30 0.171973

33 30 0.166553

34 30 0.160475

35 30 0.153763

36 30 0.146445

37 30 0.138549

38 30 0.130106

39 30 0.12115

40 30 0.111716

41 30 0.10184

42 30 0.0915631

43 30 0.0809245

44 30 0.0699665

45 30 0.0587324

46 30 0.0472665

47 30 0.0356141

48 30 0.0238211

49 30 0.0119341

50 30 0

0 31 0

1 31 0.0116671

2 31 0.0232881

3 31 0.0348172

4 31 0.0462089

5 31 0.0574182

6 31 0.068401

7 31 0.0791138

8 31 0.0895143

9 31 0.0995616

10 31 0.109216

11 31 0.118439

12 31 0.127195

13 31 0.135449

14 31 0.143169

15 31 0.150323

16 31 0.156884

17 31 0.162826

18 31 0.168125

19 31 0.172761

20 31 0.176715

21 31 0.179972

22 31 0.182518

23 31 0.184344

24 31 0.185443

25 31 0.185809

26 31 0.185443

27 31 0.184344

28 31 0.182518

29 31 0.179972

30 31 0.176715

31 31 0.172761

32 31 0.168125

33 31 0.162826

34 31 0.156884

35 31 0.150323

36 31 0.143169

37 31 0.135449

38 31 0.127195

39 31 0.118439

40 31 0.109216

41 31 0.0995616

42 31 0.0895143

43 31 0.0791138

44 31 0.068401

45 31 0.0574182

46 31 0.0462089

47 31 0.0348172

48 31 0.0232881

49 31 0.0116671

50 31 0

0 32 0

1 32 0.011354

2 32 0.0226632

3 32 0.0338829

4 32 0.0449689

5 32 0.0558775

6 32 0.0665655

7 32 0.0769909

8 32 0.0871123

9 32 0.09689

10 32 0.106285

11 32 0.115261

12 32 0.123782

13 32 0.131815

14 32 0.139327

15 32 0.146289

16 32 0.152674

17 32 0.158457

18 32 0.163614

19 32 0.168125

20 32 0.171973

21 32 0.175142

22 32 0.177621

23 32 0.179398

24 32 0.180467

25 32 0.180823

26 32 0.180467

27 32 0.179398

28 32 0.177621

29 32 0.175142

30 32 0.171973

31 32 0.168125

32 32 0.163614

33 32 0.158457

34 32 0.152674

35 32 0.146289

36 32 0.139327

37 32 0.131815

38 32 0.123782

39 32 0.115261

40 32 0.106285

41 32 0.09689

42 32 0.0871123

43 32 0.0769909

44 32 0.0665655

45 32 0.0558775

46 32 0.0449689

47 32 0.0338829

48 32 0.0226632

49 32 0.011354

50 32 0

0 33 0

1 33 0.0109961

2 33 0.0219488

3 33 0.0328149

4 33 0.0435515

5 33 0.0541162

6 33 0.0644674

7 33 0.0745641

8 33 0.0843665

9 33 0.093836

10 33 0.102935

11 33 0.111628

12 33 0.11988

13 33 0.12766

14 33 0.134935

15 33 0.141678

16 33 0.147862

17 33 0.153462

18 33 0.158457

19 33 0.162826

20 33 0.166553

21 33 0.169622

22 33 0.172022

23 33 0.173743

24 33 0.174778

25 33 0.175124

26 33 0.174778

27 33 0.173743

28 33 0.172022

29 33 0.169622

30 33 0.166553

31 33 0.162826

32 33 0.158457

33 33 0.153462

34 33 0.147862

35 33 0.141678

36 33 0.134935

37 33 0.12766

38 33 0.11988

39 33 0.111628

40 33 0.102935

41 33 0.093836

42 33 0.0843665

43 33 0.0745641

44 33 0.0644674

45 33 0.0541162

46 33 0.0435515

47 33 0.0328149

48 33 0.0219488

49 33 0.0109961

50 33 0

0 34 0

1 34 0.0105948

2 34 0.0211479

3 34 0.0316174

4 34 0.0419622

5 34 0.0521414

6 34 0.0621148

7 34 0.071843

8 34 0.0812878

9 34 0.0904117

10 34 0.0991788

11 34 0.107554

12 34 0.115506

13 34 0.123001

14 34 0.130011

15 34 0.136508

16 34 0.142466

17 34 0.147862

18 34 0.152674

19 34 0.156884

20 34 0.160475

21 34 0.163432

22 34 0.165744

23 34 0.167403

24 34 0.1684

25 34 0.168733

26 34 0.1684

27 34 0.167403

28 34 0.165744

29 34 0.163432

30 34 0.160475

31 34 0.156884

32 34 0.152674

33 34 0.147862

34 34 0.142466

35 34 0.136508

36 34 0.130011

37 34 0.123001

38 34 0.115506

39 34 0.107554

40 34 0.0991788

41 34 0.0904117

42 34 0.0812878

43 34 0.071843

44 34 0.0621148

45 34 0.0521414

46 34 0.0419622

47 34 0.0316174

48 34 0.0211479

49 34 0.0105948

50 34 0

0 35 0

1 35 0.0101517

2 35 0.0202634

3 35 0.0302951

4 35 0.0402073

5 35 0.0499608

6 35 0.0595171

7 35 0.0688385

8 35 0.0778882

9 35 0.0866306

10 35 0.095031

11 35 0.103056

12 35 0.110675

13 35 0.117857

14 35 0.124574

15 35 0.130799

16 35 0.136508

17 35 0.141678

18 35 0.146289

19 35 0.150323

20 35 0.153763

21 35 0.156597

22 35 0.158813

23 35 0.160402

24 35 0.161357

25 35 0.161676

26 35 0.161357

27 35 0.160402

28 35 0.158813

29 35 0.156597

30 35 0.153763

31 35 0.150323

32 35 0.146289

33 35 0.141678

34 35 0.136508

35 35 0.130799

36 35 0.124574

37 35 0.117857

38 35 0.110675

39 35 0.103056

40 35 0.095031

41 35 0.0866306

42 35 0.0778882

43 35 0.0688385

44 35 0.0595171

45 35 0.0499608

46 35 0.0402073

47 35 0.0302951

48 35 0.0202634

49 35 0.0101517

50 35 0

0 36 0

1 36 0.00966859

2 36 0.019299

3 36 0.0288533

4 36 0.0382937

5 36 0.047583

6 36 0.0566844

7 36 0.0655622

8 36 0.0741813

9 36 0.0825075

10 36 0.0905082

11 36 0.0981516

12 36 0.105408

13 36 0.112248

14 36 0.118645

15 36 0.124574

16 36 0.130011

17 36 0.134935

18 36 0.139327

19 36 0.143169

20 36 0.146445

21 36 0.149144

22 36 0.151254

23 36 0.152768

24 36 0.153678

25 36 0.153982

26 36 0.153678

27 36 0.152768

28 36 0.151254

29 36 0.149144

30 36 0.146445

31 36 0.143169

32 36 0.139327

33 36 0.134935

34 36 0.130011

35 36 0.124574

36 36 0.118645

37 36 0.112248

38 36 0.105408

39 36 0.0981516

40 36 0.0905082

41 36 0.0825075

42 36 0.0741813

43 36 0.0655622

44 36 0.0566844

45 36 0.047583

46 36 0.0382937

47 36 0.0288533

48 36 0.019299

49 36 0.00966859

50 36 0

0 37 0

1 37 0.00914728

2 37 0.0182585

3 37 0.0272976

4 37 0.036229

5 37 0.0450174

6 37 0.0536281

7 37 0.0620272

8 37 0.0701815

9 37 0.0780589

10 37 0.0856281

11 37 0.0928595

12 37 0.0997243

13 37 0.106196

14 37 0.112248

15 37 0.117857

16 37 0.123001

17 37 0.12766

18 37 0.131815

19 37 0.135449

20 37 0.138549

21 37 0.141103

22 37 0.143099

23 37 0.144531

24 37 0.145392

25 37 0.145679

26 37 0.145392

27 37 0.144531

28 37 0.143099

29 37 0.141103

30 37 0.138549

31 37 0.135449

32 37 0.131815

33 37 0.12766

34 37 0.123001

35 37 0.117857

36 37 0.112248

37 37 0.106196

38 37 0.0997243

39 37 0.0928595

40 37 0.0856281

41 37 0.0780589

42 37 0.0701815

43 37 0.0620272

44 37 0.0536281

45 37 0.0450174

46 37 0.036229

47 37 0.0272976

48 37 0.0182585

49 37 0.00914728

50 37 0

0 38 0

1 38 0.00858987

2 38 0.0171458

3 38 0.0256341

4 38 0.0340213

5 38 0.0422741

6 38 0.0503602

7 38 0.0582474

8 38 0.0659049

9 38 0.0733022

10 38 0.0804102

11 38 0.0872009

12 38 0.0936474

13 38 0.0997243

14 38 0.105408

15 38 0.110675

16 38 0.115506

17 38 0.11988

18 38 0.123782

19 38 0.127195

20 38 0.130106

21 38 0.132504

22 38 0.134379

23 38 0.135723

24 38 0.136532

25 38 0.136802

26 38 0.136532

27 38 0.135723

28 38 0.134379

29 38 0.132504

30 38 0.130106

31 38 0.127195

32 38 0.123782

33 38 0.11988

34 38 0.115506

35 38 0.110675

36 38 0.105408

37 38 0.0997243

38 38 0.0936474

39 38 0.0872009

40 38 0.0804102

41 38 0.0733022

42 38 0.0659049

43 38 0.0582474

44 38 0.0503602

45 38 0.0422741

46 38 0.0340213

47 38 0.0256341

48 38 0.0171458

49 38 0.00858987

50 38 0

0 39 0

1 39 0.00799855

2 39 0.0159655

3 39 0.0238695

4 39 0.0316793

5 39 0.0393641

6 39 0.0468935

7 39 0.0542378

8 39 0.0613681

9 39 0.0682562

10 39 0.0748749

11 39 0.0811981

12 39 0.0872009

13 39 0.0928595

14 39 0.0981516

15 39 0.103056

16 39 0.107554

17 39 0.111628

18 39 0.115261

19 39 0.118439

20 39 0.12115

21 39 0.123383

22 39 0.125128

23 39 0.12638

24 39 0.127133

25 39 0.127385

26 39 0.127133

27 39 0.12638

28 39 0.125128

29 39 0.123383

30 39 0.12115

31 39 0.118439

32 39 0.115261

33 39 0.111628

34 39 0.107554

35 39 0.103056

36 39 0.0981516

37 39 0.0928595

38 39 0.0872009

39 39 0.0811981

40 39 0.0748749

41 39 0.0682562

42 39 0.0613681

43 39 0.0542378

44 39 0.0468935

45 39 0.0393641

46 39 0.0316793

47 39 0.0238695

48 39 0.0159655

49 39 0.00799855

50 39 0

0 40 0

1 40 0.00737568

2 40 0.0147222

3 40 0.0220107

4 40 0.0292123

5 40 0.0362986

6 40 0.0432417

7 40 0.0500141

8 40 0.0565891

9 40 0.0629408

10 40 0.0690441

11 40 0.0748749

12 40 0.0804102

13 40 0.0856281

14 40 0.0905082

15 40 0.095031

16 40 0.0991788

17 40 0.102935

18 40 0.106285

19 40 0.109216

20 40 0.111716

21 40 0.113774

22 40 0.115384

23 40 0.116539

24 40 0.117233

25 40 0.117465

26 40 0.117233

27 40 0.116539

28 40 0.115384

29 40 0.113774

30 40 0.111716

31 40 0.109216

32 40 0.106285

33 40 0.102935

34 40 0.0991788

35 40 0.095031

36 40 0.0905082

37 40 0.0856281

38 40 0.0804102

39 40 0.0748749

40 40 0.0690441

41 40 0.0629408

42 40 0.0565891

43 40 0.0500141

44 40 0.0432417

45 40 0.0362986

46 40 0.0292123

47 40 0.0220107

48 40 0.0147222

49 40 0.00737568

50 40 0

0 41 0

1 41 0.00672369

2 41 0.0134208

3 41 0.020065

4 41 0.02663

5 41 0.0330899

6 41 0.0394192

7 41 0.045593

8 41 0.0515868

9 41 0.057377

10 41 0.0629408

11 41 0.0682562

12 41 0.0733022

13 41 0.0780589

14 41 0.0825075

15 41 0.0866306

16 41 0.0904117

17 41 0.093836

18 41 0.09689

19 41 0.0995616

20 41 0.10184

21 41 0.103717

22 41 0.105185

23 41 0.106237

24 41 0.10687

25 41 0.107081

26 41 0.10687

27 41 0.106237

28 41 0.105185

29 41 0.103717

30 41 0.10184

31 41 0.0995616

32 41 0.09689

33 41 0.093836

34 41 0.0904117

35 41 0.0866306

36 41 0.0825075

37 41 0.0780589

38 41 0.0733022

39 41 0.0682562

40 41 0.0629408

41 41 0.057377

42 41 0.0515868

43 41 0.045593

44 41 0.0394192

45 41 0.0330899

46 41 0.02663

47 41 0.020065

48 41 0.0134208

49 41 0.00672369

50 41 0

0 42 0

1 42 0.00604516

2 42 0.0120665

3 42 0.0180402

4 42 0.0239426

5 42 0.0297506

6 42 0.0354412

7 42 0.040992

8 42 0.0463809

9 42 0.0515868

10 42 0.0565891

11 42 0.0613681

12 42 0.0659049

13 42 0.0701815

14 42 0.0741813

15 42 0.0778882

16 42 0.0812878

17 42 0.0843665

18 42 0.0871123

19 42 0.0895143

20 42 0.0915631

21 42 0.0932505

22 42 0.0945698

23 42 0.095516

24 42 0.0960851

25 42 0.0962751

26 42 0.0960851

27 42 0.095516

28 42 0.0945698

29 42 0.0932505

30 42 0.0915631

31 42 0.0895143

32 42 0.0871123

33 42 0.0843665

34 42 0.0812878

35 42 0.0778882

36 42 0.0741813

37 42 0.0701815

38 42 0.0659049

39 42 0.0613681

40 42 0.0565891

41 42 0.0515868

42 42 0.0463809

43 42 0.040992

44 42 0.0354412

45 42 0.0297506

46 42 0.0239426

47 42 0.0180402

48 42 0.0120665

49 42 0.00604516

50 42 0

0 43 0

1 43 0.00534278

2 43 0.0106645

3 43 0.0159441

4 43 0.0211608

5 43 0.026294

6 43 0.0313234

7 43 0.0362291

8 43 0.040992

9 43 0.045593

10 43 0.0500141

11 43 0.0542378

12 43 0.0582474

13 43 0.0620272

14 43 0.0655622

15 43 0.0688385

16 43 0.071843

17 43 0.0745641

18 43 0.0769909

19 43 0.0791138

20 43 0.0809245

21 43 0.0824158

22 43 0.0835819

23 43 0.0844181

24 43 0.0849211

25 43 0.085089

26 43 0.0849211

27 43 0.0844181

28 43 0.0835819

29 43 0.0824158

30 43 0.0809245

31 43 0.0791138

32 43 0.0769909

33 43 0.0745641

34 43 0.071843

35 43 0.0688385

36 43 0.0655622

37 43 0.0620272

38 43 0.0582474

39 43 0.0542378

40 43 0.0500141

41 43 0.045593

42 43 0.040992

43 43 0.0362291

44 43 0.0313234

45 43 0.026294

46 43 0.0211608

47 43 0.0159441

48 43 0.0106645

49 43 0.00534278

50 43 0

0 44 0

1 44 0.00461932

2 44 0.00922041

3 44 0.0137851

4 44 0.0182954

5 44 0.0227335

6 44 0.0270819

7 44 0.0313234

8 44 0.0354412

9 44 0.0394192

10 44 0.0432417

11 44 0.0468935

12 44 0.0503602

13 44 0.0536281

14 44 0.0566844

15 44 0.0595171

16 44 0.0621148

17 44 0.0644674

18 44 0.0665655

19 44 0.068401

20 44 0.0699665

21 44 0.0712559

22 44 0.0722641

23 44 0.072987

24 44 0.073422

25 44 0.0735671

26 44 0.073422

27 44 0.072987

28 44 0.0722641

29 44 0.0712559

30 44 0.0699665

31 44 0.068401

32 44 0.0665655

33 44 0.0644674

34 44 0.0621148

35 44 0.0595171

36 44 0.0566844

37 44 0.0536281

38 44 0.0503602

39 44 0.0468935

40 44 0.0432417

41 44 0.0394192

42 44 0.0354412

43 44 0.0313234

44 44 0.0270819

45 44 0.0227335

46 44 0.0182954

47 44 0.0137851

48 44 0.00922041

49 44 0.00461932

50 44 0

0 45 0

1 45 0.00387762

2 45 0.00773994

3 45 0.0115717

4 45 0.0153578

5 45 0.0190833

6 45 0.0227335

7 45 0.026294

8 45 0.0297506

9 45 0.0330899

10 45 0.0362986

11 45 0.0393641

12 45 0.0422741

13 45 0.0450174

14 45 0.047583

15 45 0.0499608

16 45 0.0521414

17 45 0.0541162

18 45 0.0558775

19 45 0.0574182

20 45 0.0587324

21 45 0.0598148

22 45 0.060661

23 45 0.0612679

24 45 0.061633

25 45 0.0617549

26 45 0.061633

27 45 0.0612679

28 45 0.060661

29 45 0.0598148

30 45 0.0587324

31 45 0.0574182

32 45 0.0558775

33 45 0.0541162

34 45 0.0521414

35 45 0.0499608

36 45 0.047583

37 45 0.0450174

38 45 0.0422741

39 45 0.0393641

40 45 0.0362986

41 45 0.0330899

42 45 0.0297506

43 45 0.026294

44 45 0.0227335

45 45 0.0190833

46 45 0.0153578

47 45 0.0115717

48 45 0.00773994

49 45 0.00387762

50 45 0

0 46 0

1 46 0.00312062

2 46 0.00622893

3 46 0.00931265

4 46 0.0123596

5 46 0.0153578

6 46 0.0182954

7 46 0.0211608

8 46 0.0239426

9 46 0.02663

10 46 0.0292123

11 46 0.0316793

12 46 0.0340213

13 46 0.036229

14 46 0.0382937

15 46 0.0402073

16 46 0.0419622

17 46 0.0435515

18 46 0.0449689

19 46 0.0462089

20 46 0.0472665

21 46 0.0481376

22 46 0.0488186

23 46 0.0493071

24 46 0.0496009

25 46 0.0496989

26 46 0.0496009

27 46 0.0493071

28 46 0.0488186

29 46 0.0481376

30 46 0.0472665

31 46 0.0462089

32 46 0.0449689

33 46 0.0435515

34 46 0.0419622

35 46 0.0402073

36 46 0.0382937

37 46 0.036229

38 46 0.0340213

39 46 0.0316793

40 46 0.0292123

41 46 0.02663

42 46 0.0239426

43 46 0.0211608

44 46 0.0182954

45 46 0.0153578

46 46 0.0123596

47 46 0.00931265

48 46 0.00622893

49 46 0.00312062

50 46 0

0 47 0

1 47 0.00235131

2 47 0.00469333

3 47 0.00701684

4 47 0.00931265

5 47 0.0115717

6 47 0.0137851

7 47 0.0159441

8 47 0.0180402

9 47 0.020065

10 47 0.0220107

11 47 0.0238695

12 47 0.0256341

13 47 0.0272976

14 47 0.0288533

15 47 0.0302951

16 47 0.0316174

17 47 0.0328149

18 47 0.0338829

19 47 0.0348172

20 47 0.0356141

21 47 0.0362704

22 47 0.0367836

23 47 0.0371516

24 47 0.037373

25 47 0.0374469

26 47 0.037373

27 47 0.0371516

28 47 0.0367836

29 47 0.0362704

30 47 0.0356141

31 47 0.0348172

32 47 0.0338829

33 47 0.0328149

34 47 0.0316174

35 47 0.0302951

36 47 0.0288533

37 47 0.0272976

38 47 0.0256341

39 47 0.0238695

40 47 0.0220107

41 47 0.020065

42 47 0.0180402

43 47 0.0159441

44 47 0.0137851

45 47 0.0115717

46 47 0.00931265

47 47 0.00701684

48 47 0.00469333

49 47 0.00235131

50 47 0

0 48 0

1 48 0.00157271

2 48 0.00313922

3 48 0.00469333

4 48 0.00622893

5 48 0.00773994

6 48 0.00922041

7 48 0.0106645

8 48 0.0120665

9 48 0.0134208

10 48 0.0147222

11 48 0.0159655

12 48 0.0171458

13 48 0.0182585

14 48 0.019299

15 48 0.0202634

16 48 0.0211479

17 48 0.0219488

18 48 0.0226632

19 48 0.0232881

20 48 0.0238211

21 48 0.0242601

22 48 0.0246033

23 48 0.0248495

24 48 0.0249975

25 48 0.025047

26 48 0.0249975

27 48 0.0248495

28 48 0.0246033

29 48 0.0242601

30 48 0.0238211

31 48 0.0232881

32 48 0.0226632

33 48 0.0219488

34 48 0.0211479

35 48 0.0202634

36 48 0.019299

37 48 0.0182585

38 48 0.0171458

39 48 0.0159655

40 48 0.0147222

41 48 0.0134208

42 48 0.0120665

43 48 0.0106645

44 48 0.00922041

45 48 0.00773994

46 48 0.00622893

47 48 0.00469333

48 48 0.00313922

49 48 0.00157271

50 48 0

0 49 0

1 49 0.000787911

2 49 0.00157271

3 49 0.00235131

4 49 0.00312062

5 49 0.00387762

6 49 0.00461932

7 49 0.00534278

8 49 0.00604516

9 49 0.00672369

10 49 0.00737568

11 49 0.00799855

12 49 0.00858987

13 49 0.00914728

14 49 0.00966859

15 49 0.0101517

16 49 0.0105948

17 49 0.0109961

18 49 0.011354

19 49 0.0116671

20 49 0.0119341

21 49 0.012154

22 49 0.012326

23 49 0.0124493

24 49 0.0125235

25 49 0.0125482

26 49 0.0125235

27 49 0.0124493

28 49 0.012326

29 49 0.012154

30 49 0.0119341

31 49 0.0116671

32 49 0.011354

33 49 0.0109961

34 49 0.0105948

35 49 0.0101517

36 49 0.00966859

37 49 0.00914728

38 49 0.00858987

39 49 0.00799855

40 49 0.00737568

41 49 0.00672369

42 49 0.00604516

43 49 0.00534278

44 49 0.00461932

45 49 0.00387762

46 49 0.00312062

47 49 0.00235131

48 49 0.00157271

49 49 0.000787911

50 49 0

