0 1 0

1 1 0.00109762

2 1 0.00219091

3 1 0.00327556

4 1 0.00434727

5 1 0.00540183

6 1 0.00643508

7 1 0.00744292

8 1 0.00842139

9 1 0.00936663

10 1 0.0102749

11 1 0.0111426

12 1 0.0119664

13 1 0.0127429

14 1 0.0134691

15 1 0.0141422

16 1 0.0147594

17 1 0.0153185

18 1 0.015817

19 1 0.0162531

20 1 0.0166251

21 1 0.0169315

22 1 0.0171711

23 1 0.0173429

24 1 0.0174462

25 1 0.0174807

26 1 0.0174462

27 1 0.0173429

28 1 0.0171711

29 1 0.0169315

30 1 0.0166251

31 1 0.0162531

32 1 0.015817

33 1 0.0153185

34 1 0.0147594

35 1 0.0141422

36 1 0.0134691

37 1 0.0127429

38 1 0.0119664

39 1 0.0111426

40 1 0.0102749

41 1 0.00936663

42 1 0.00842139

43 1 0.00744292

44 1 0.00643508

45 1 0.00540183

46 1 0.00434727

47 1 0.00327556

48 1 0.00219091

49 1 0.00109762

50 1 0

0 2 0

1 2 0.00219091

2 2 0.00437318

3 2 0.00653819

4 2 0.00867739

5 2 0.0107823

6 2 0.0128448

7 2 0.0148565

8 2 0.0168096

9 2 0.0186963

10 2 0.0205092

11 2 0.0222413

12 2 0.0238855

13 2 0.0254355

14 2 0.0268851

15 2 0.0282286

16 2 0.0294606

17 2 0.0305765

18 2 0.0315716

19 2 0.0324421

20 2 0.0331847

21 2 0.0337962

22 2 0.0342744

23 2 0.0346173

24 2 0.0348236

25 2 0.0348924

26 2 0.0348236

27 2 0.0346173

28 2 0.0342744

29 2 0.0337962

30 2 0.0331847

31 2 0.0324421

32 2 0.0315716

33 2 0.0305765

34 2 0.0294606

35 2 0.0282286

36 2 0.0268851

37 2 0.0254355

38 2 0.0238855

39 2 0.0222413

40 2 0.0205092

41 2 0.0186963

42 2 0.0168096

43 2 0.0148565

44 2 0.0128448

45 2 0.0107823

46 2 0.00867739

47 2 0.00653819

48 2 0.00437318

49 2 0.00219091

50 2 0

0 3 0

1 3 0.00327556

2 3 0.00653819

3 3 0.00977501

4 3 0.0129733

5 3 0.0161203

6 3 0.0192037

7 3 0.0222114

8 3 0.0251314

9 3 0.0279522

10 3 0.0306627

11 3 0.0332521

12 3 0.0357104

13 3 0.0380277

14 3 0.0401949

15 3 0.0422035

16 3 0.0440456

17 3 0.0457138

18 3 0.0472016

19 3 0.0485031

20 3 0.0496132

21 3 0.0505275

22 3 0.0512424

23 3 0.0517551

24 3 0.0520635

25 3 0.0521664

26 3 0.0520635

27 3 0.0517551

28 3 0.0512424

29 3 0.0505275

30 3 0.0496132

31 3 0.0485031

32 3 0.0472016

33 3 0.0457138

34 3 0.0440456

35 3 0.0422035

36 3 0.0401949

37 3 0.0380277

38 3 0.0357104

39 3 0.0332521

40 3 0.0306627

41 3 0.0279522

42 3 0.0251314

43 3 0.0222114

44 3 0.0192037

45 3 0.0161203

46 3 0.0129733

47 3 0.00977501

48 3 0.00653819

49 3 0.00327556

50 3 0

0 4 0

1 4 0.00434727

2 4 0.00867739

3 4 0.0129733

4 4 0.0172179

5 4 0.0213947

6 4 0.0254869

7 4 0.0294786

8 4 0.033354

9 4 0.0370977

10 4 0.0406951

11 4 0.0441318

12 4 0.0473943

13 4 0.0504698

14 4 0.0533461

15 4 0.0560119

16 4 0.0584567

17 4 0.0606707

18 4 0.0626453

19 4 0.0643727

20 4 0.065846

21 4 0.0670594

22 4 0.0680082

23 4 0.0686886

24 4 0.0690979

25 4 0.0692346

26 4 0.0690979

27 4 0.0686886

28 4 0.0680082

29 4 0.0670594

30 4 0.065846

31 4 0.0643727

32 4 0.0626453

33 4 0.0606707

34 4 0.0584567

35 4 0.0560119

36 4 0.0533461

37 4 0.0504698

38 4 0.0473943

39 4 0.0441318

40 4 0.0406951

41 4 0.0370977

42 4 0.033354

43 4 0.0294786

44 4 0.0254869

45 4 0.0213947

46 4 0.0172179

47 4 0.0129733

48 4 0.00867739

49 4 0.00434727

50 4 0

0 5 0

1 5 0.00540183

2 5 0.0107823

3 5 0.0161203

4 5 0.0213947

5 5 0.0265846

6 5 0.0316696

7 5 0.0366296

8 5 0.041445

9 5 0.0460969

10 5 0.0505668

11 5 0.0548372

12 5 0.0588912

13 5 0.0627128

14 5 0.0662868

15 5 0.0695993

16 5 0.0726371

17 5 0.0753882

18 5 0.0778418

19 5 0.0799882

20 5 0.0818189

21 5 0.0833267

22 5 0.0845056

23 5 0.0853511

24 5 0.0858597

25 5 0.0860295

26 5 0.0858597

27 5 0.0853511

28 5 0.0845056

29 5 0.0833267

30 5 0.0818189

31 5 0.0799882

32 5 0.0778418

33 5 0.0753882

34 5 0.0726371

35 5 0.0695993

36 5 0.0662868

37 5 0.0627128

38 5 0.0588912

39 5 0.0548372

40 5 0.0505668

41 5 0.0460969

42 5 0.041445

43 5 0.0366296

44 5 0.0316696

45 5 0.0265846

46 5 0.0213947

47 5 0.0161203

48 5 0.0107823

49 5 0.00540183

50 5 0

0 6 0

1 6 0.00643508

2 6 0.0128448

3 6 0.0192037

4 6 0.0254869

5 6 0.0316696

6 6 0.0377272

7 6 0.0436359

8 6 0.0493724

9 6 0.0549141

10 6 0.0602391

11 6 0.0653263

12 6 0.0701557

13 6 0.0747082

14 6 0.0789659

15 6 0.082912

16 6 0.0865308

17 6 0.0898081

18 6 0.092731

19 6 0.095288

20 6 0.0974689

21 6 0.0992651

22 6 0.10067

23 6 0.101677

24 6 0.102283

25 6 0.102485

26 6 0.102283

27 6 0.101677

28 6 0.10067

29 6 0.0992651

30 6 0.0974689

31 6 0.095288

32 6 0.092731

33 6 0.0898081

34 6 0.0865308

35 6 0.082912

36 6 0.0789659

37 6 0.0747082

38 6 0.0701557

39 6 0.0653263

40 6 0.0602391

41 6 0.0549141

42 6 0.0493724

43 6 0.0436359

44 6 0.0377272

45 6 0.0316696

46 6 0.0254869

47 6 0.0192037

48 6 0.0128448

49 6 0.00643508

50 6 0

0 7 0

1 7 0.00744292

2 7 0.0148565

3 7 0.0222114

4 7 0.0294786

5 7 0.0366296

6 7 0.0436359

7 7 0.0504701

8 7 0.057105

9 7 0.0635146

10 7 0.0696736

11 7 0.0755575

12 7 0.0811433

13 7 0.0864088

14 7 0.0913334

15 7 0.0958974

16 7 0.100083

17 7 0.103874

18 7 0.107254

19 7 0.110212

20 7 0.112734

21 7 0.114812

22 7 0.116436

23 7 0.117601

24 7 0.118302

25 7 0.118536

26 7 0.118302

27 7 0.117601

28 7 0.116436

29 7 0.114812

30 7 0.112734

31 7 0.110212

32 7 0.107254

33 7 0.103874

34 7 0.100083

35 7 0.0958974

36 7 0.0913334

37 7 0.0864088

38 7 0.0811433

39 7 0.0755575

40 7 0.0696736

41 7 0.0635146

42 7 0.057105

43 7 0.0504701

44 7 0.0436359

45 7 0.0366296

46 7 0.0294786

47 7 0.0222114

48 7 0.0148565

49 7 0.00744292

50 7 0

0 8 0

1 8 0.00842139

2 8 0.0168096

3 8 0.0251314

4 8 0.033354

5 8 0.041445

6 8 0.0493724

7 8 0.057105

8 8 0.0646123

9 8 0.0718645

10 8 0.0788331

11 8 0.0854906

12 8 0.0918107

13 8 0.0977684

14 8 0.10334

15 8 0.108504

16 8 0.11324

17 8 0.117529

18 8 0.121354

19 8 0.124701

20 8 0.127555

21 8 0.129905

22 8 0.131743

23 8 0.133061

24 8 0.133854

25 8 0.134119

26 8 0.133854

27 8 0.133061

28 8 0.131743

29 8 0.129905

30 8 0.127555

31 8 0.124701

32 8 0.121354

33 8 0.117529

34 8 0.11324

35 8 0.108504

36 8 0.10334

37 8 0.0977684

38 8 0.0918107

39 8 0.0854906

40 8 0.0788331

41 8 0.0718645

42 8 0.0646123

43 8 0.057105

44 8 0.0493724

45 8 0.041445

46 8 0.033354

47 8 0.0251314

48 8 0.0168096

49 8 0.00842139

50 8 0

0 9 0

1 9 0.00936663

2 9 0.0186963

3 9 0.0279522

4 9 0.0370977

5 9 0.0460969

6 9 0.0549141

7 9 0.0635146

8 9 0.0718645

9 9 0.0799307

10 9 0.0876815

11 9 0.0950862

12 9 0.102116

13 9 0.108742

14 9 0.11494

15 9 0.120683

16 9 0.125951

17 9 0.130721

18 9 0.134975

19 9 0.138697

20 9 0.141872

21 9 0.144486

22 9 0.14653

23 9 0.147996

24 9 0.148878

25 9 0.149173

26 9 0.148878

27 9 0.147996

28 9 0.14653

29 9 0.144486

30 9 0.141872

31 9 0.138697

32 9 0.134975

33 9 0.130721

34 9 0.125951

35 9 0.120683

36 9 0.11494

37 9 0.108742

38 9 0.102116

39 9 0.0950862

40 9 0.0876815

41 9 0.0799307

42 9 0.0718645

43 9 0.0635146

44 9 0.0549141

45 9 0.0460969

46 9 0.0370977

47 9 0.0279522

48 9 0.0186963

49 9 0.00936663

50 9 0

0 10 0

1 10 0.0102749

2 10 0.0205092

3 10 0.0306627

4 10 0.0406951

5 10 0.0505668

6 10 0.0602391

7 10 0.0696736

8 10 0.0788331

9 10 0.0876815

10 10 0.0961839

11 10 0.104307

12 10 0.112018

13 10 0.119287

14 10 0.126085

15 10 0.132386

16 10 0.138164

17 10 0.143397

18 10 0.148064

19 10 0.152147

20 10 0.155629

21 10 0.158497

22 10 0.160739

23 10 0.162347

24 10 0.163315

25 10 0.163638

26 10 0.163315

27 10 0.162347

28 10 0.160739

29 10 0.158497

30 10 0.155629

31 10 0.152147

32 10 0.148064

33 10 0.143397

34 10 0.138164

35 10 0.132386

36 10 0.126085

37 10 0.119287

38 10 0.112018

39 10 0.104307

40 10 0.0961839

41 10 0.0876815

42 10 0.0788331

43 10 0.0696736

44 10 0.0602391

45 10 0.0505668

46 10 0.0406951

47 10 0.0306627

48 10 0.0205092

49 10 0.0102749

50 10 0

0 11 0

1 11 0.0111426

2 11 0.0222413

3 11 0.0332521

4 11 0.0441318

5 11 0.0548372

6 11 0.0653263

7 11 0.0755575

8 11 0.0854906

9 11 0.0950862

10 11 0.104307

11 11 0.113115

12 11 0.121478

13 11 0.129361

14 11 0.136733

15 11 0.143566

16 11 0.149832

17 11 0.155507

18 11 0.160568

19 11 0.164995

20 11 0.168772

21 11 0.171882

22 11 0.174314

23 11 0.176058

24 11 0.177107

25 11 0.177457

26 11 0.177107

27 11 0.176058

28 11 0.174314

29 11 0.171882

30 11 0.168772

31 11 0.164995

32 11 0.160568

33 11 0.155507

34 11 0.149832

35 11 0.143566

36 11 0.136733

37 11 0.129361

38 11 0.121478

39 11 0.113115

40 11 0.104307

41 11 0.0950862

42 11 0.0854906

43 11 0.0755575

44 11 0.0653263

45 11 0.0548372

46 11 0.0441318

47 11 0.0332521

48 11 0.0222413

49 11 0.0111426

50 11 0

0 12 0

1 12 0.0119664

2 12 0.0238855

3 12 0.0357104

4 12 0.0473943

5 12 0.0588912

6 12 0.0701557

7 12 0.0811433

8 12 0.0918107

9 12 0.102116

10 12 0.112018

11 12 0.121478

12 12 0.130458

13 12 0.138924

14 12 0.146841

15 12 0.154179

16 12 0.160909

17 12 0.167003

18 12 0.172438

19 12 0.177193

20 12 0.181249

21 12 0.184589

22 12 0.1872

23 12 0.189073

24 12 0.1902

25 12 0.190576

26 12 0.1902

27 12 0.189073

28 12 0.1872

29 12 0.184589

30 12 0.181249

31 12 0.177193

32 12 0.172438

33 12 0.167003

34 12 0.160909

35 12 0.154179

36 12 0.146841

37 12 0.138924

38 12 0.130458

39 12 0.121478

40 12 0.112018

41 12 0.102116

42 12 0.0918107

43 12 0.0811433

44 12 0.0701557

45 12 0.0588912

46 12 0.0473943

47 12 0.0357104

48 12 0.0238855

49 12 0.0119664

50 12 0

0 13 0

1 13 0.0127429

2 13 0.0254355

3 13 0.0380277

4 13 0.0504698

5 13 0.0627128

6 13 0.0747082

7 13 0.0864088

8 13 0.0977684

9 13 0.108742

10 13 0.119287

11 13 0.129361

12 13 0.138924

13 13 0.147939

14 13 0.15637

15 13 0.164184

16 13 0.17135

17 13 0.17784

18 13 0.183628

19 13 0.188691

20 13 0.19301

21 13 0.196567

22 13 0.199348

23 13 0.201343

24 13 0.202542

25 13 0.202943

26 13 0.202542

27 13 0.201343

28 13 0.199348

29 13 0.196567

30 13 0.19301

31 13 0.188691

32 13 0.183628

33 13 0.17784

34 13 0.17135

35 13 0.164184

36 13 0.15637

37 13 0.147939

38 13 0.138924

39 13 0.129361

40 13 0.119287

41 13 0.108742

42 13 0.0977684

43 13 0.0864088

44 13 0.0747082

45 13 0.0627128

46 13 0.0504698

47 13 0.0380277

48 13 0.0254355

49 13 0.0127429

50 13 0

0 14 0

1 14 0.0134691

2 14 0.0268851

3 14 0.0401949

4 14 0.0533461

5 14 0.0662868

6 14 0.0789659

7 14 0.0913334

8 14 0.10334

9 14 0.11494

10 14 0.126085

11 14 0.136733

12 14 0.146841

13 14 0.15637

14 14 0.165282

15 14 0.173541

16 14 0.181116

17 14 0.187975

18 14 0.194093

19 14 0.199445

20 14 0.20401

21 14 0.20777

22 14 0.210709

23 14 0.212817

24 14 0.214085

25 14 0.214509

26 14 0.214085

27 14 0.212817

28 14 0.210709

29 14 0.20777

30 14 0.20401

31 14 0.199445

32 14 0.194093

33 14 0.187975

34 14 0.181116

35 14 0.173541

36 14 0.165282

37 14 0.15637

38 14 0.146841

39 14 0.136733

40 14 0.126085

41 14 0.11494

42 14 0.10334

43 14 0.0913334

44 14 0.0789659

45 14 0.0662868

46 14 0.0533461

47 14 0.0401949

48 14 0.0268851

49 14 0.0134691

50 14 0

0 15 0

1 15 0.0141422

2 15 0.0282286

3 15 0.0422035

4 15 0.0560119

5 15 0.0695993

6 15 0.082912

7 15 0.0958974

8 15 0.108504

9 15 0.120683

10 15 0.132386

11 15 0.143566

12 15 0.154179

13 15 0.164184

14 15 0.173541

15 15 0.182213

16 15 0.190166

17 15 0.197369

18 15 0.203792

19 15 0.209412

20 15 0.214205

21 15 0.218152

22 15 0.221239

23 15 0.223452

24 15 0.224784

25 15 0.225228

26 15 0.224784

27 15 0.223452

28 15 0.221239

29 15 0.218152

30 15 0.214205

31 15 0.209412

32 15 0.203792

33 15 0.197369

34 15 0.190166

35 15 0.182213

36 15 0.173541

37 15 0.164184

38 15 0.154179

39 15 0.143566

40 15 0.132386

41 15 0.120683

42 15 0.108504

43 15 0.0958974

44 15 0.082912

45 15 0.0695993

46 15 0.0560119

47 15 0.0422035

48 15 0.0282286

49 15 0.0141422

50 15 0

0 16 0

1 16 0.0147594

2 16 0.0294606

3 16 0.0440456

4 16 0.0584567

5 16 0.0726371

6 16 0.0865308

7 16 0.100083

8 16 0.11324

9 16 0.125951

10 16 0.138164

11 16 0.149832

12 16 0.160909

13 16 0.17135

14 16 0.181116

15 16 0.190166

16 16 0.198466

17 16 0.205983

18 16 0.212687

19 16 0.218552

20 16 0.223554

21 16 0.227674

22 16 0.230895

23 16 0.233205

24 16 0.234595

25 16 0.235059

26 16 0.234595

27 16 0.233205

28 16 0.230895

29 16 0.227674

30 16 0.223554

31 16 0.218552

32 16 0.212687

33 16 0.205983

34 16 0.198466

35 16 0.190166

36 16 0.181116

37 16 0.17135

38 16 0.160909

39 16 0.149832

40 16 0.138164

41 16 0.125951

42 16 0.11324

43 16 0.100083

44 16 0.0865308

45 16 0.0726371

46 16 0.0584567

47 16 0.0440456

48 16 0.0294606

49 16 0.0147594

50 16 0

0 17 0

1 17 0.0153185

2 17 0.0305765

3 17 0.0457138

4 17 0.0606707

5 17 0.0753882

6 17 0.0898081

7 17 0.103874

8 17 0.117529

9 17 0.130721

10 17 0.143397

11 17 0.155507

12 17 0.167003

13 17 0.17784

14 17 0.187975

15 17 0.197369

16 17 0.205983

17 17 0.213785

18 17 0.220743

19 17 0.226829

20 17 0.232021

21 17 0.236297

22 17 0.23964

23 17 0.242038

24 17 0.24348

25 17 0.243961

26 17 0.24348

27 17 0.242038

28 17 0.23964

29 17 0.236297

30 17 0.232021

31 17 0.226829

32 17 0.220743

33 17 0.213785

34 17 0.205983

35 17 0.197369

36 17 0.187975

37 17 0.17784

38 17 0.167003

39 17 0.155507

40 17 0.143397

41 17 0.130721

42 17 0.117529

43 17 0.103874

44 17 0.0898081

45 17 0.0753882

46 17 0.0606707

47 17 0.0457138

48 17 0.0305765

49 17 0.0153185

50 17 0

0 18 0

1 18 0.015817

2 18 0.0315716

3 18 0.0472016

4 18 0.0626453

5 18 0.0778418

6 18 0.092731

7 18 0.107254

8 18 0.121354

9 18 0.134975

10 18 0.148064

11 18 0.160568

12 18 0.172438

13 18 0.183628

14 18 0.194093

15 18 0.203792

16 18 0.212687

17 18 0.220743

18 18 0.227927

19 18 0.234212

20 18 0.239572

21 18 0.243987

22 18 0.247439

23 18 0.249915

24 18 0.251404

25 18 0.251901

26 18 0.251404

27 18 0.249915

28 18 0.247439

29 18 0.243987

30 18 0.239572

31 18 0.234212

32 18 0.227927

33 18 0.220743

34 18 0.212687

35 18 0.203792

36 18 0.194093

37 18 0.183628

38 18 0.172438

39 18 0.160568

40 18 0.148064

41 18 0.134975

42 18 0.121354

43 18 0.107254

44 18 0.092731

45 18 0.0778418

46 18 0.0626453

47 18 0.0472016

48 18 0.0315716

49 18 0.015817

50 18 0

0 19 0

1 19 0.0162531

2 19 0.0324421

3 19 0.0485031

4 19 0.0643727

5 19 0.0799882

6 19 0.095288

7 19 0.110212

8 19 0.124701

9 19 0.138697

10 19 0.152147

11 19 0.164995

12 19 0.177193

13 19 0.188691

14 19 0.199445

15 19 0.209412

16 19 0.218552

17 19 0.226829

18 19 0.234212

19 19 0.24067

20 19 0.246178

21 19 0.250715

22 19 0.254262

23 19 0.256806

24 19 0.258336

25 19 0.258847

26 19 0.258336

27 19 0.256806

28 19 0.254262

29 19 0.250715

30 19 0.246178

31 19 0.24067

32 19 0.234212

33 19 0.226829

34 19 0.218552

35 19 0.209412

36 19 0.199445

37 19 0.188691

38 19 0.177193

39 19 0.164995

40 19 0.152147

41 19 0.138697

42 19 0.124701

43 19 0.110212

44 19 0.095288

45 19 0.0799882

46 19 0.0643727

47 19 0.0485031

48 19 0.0324421

49 19 0.0162531

50 19 0

0 20 0

1 20 0.0166251

2 20 0.0331847

3 20 0.0496132

4 20 0.065846

5 20 0.0818189

6 20 0.0974689

7 20 0.112734

8 20 0.127555

9 20 0.141872

10 20 0.155629

11 20 0.168772

12 20 0.181249

13 20 0.19301

14 20 0.20401

15 20 0.214205

16 20 0.223554

17 20 0.232021

18 20 0.239572

19 20 0.246178

20 20 0.251813

21 20 0.256453

22 20 0.260082

23 20 0.262684

24 20 0.264249

25 20 0.264771

26 20 0.264249

27 20 0.262684

28 20 0.260082

29 20 0.256453

30 20 0.251813

31 20 0.246178

32 20 0.239572

33 20 0.232021

34 20 0.223554

35 20 0.214205

36 20 0.20401

37 20 0.19301

38 20 0.181249

39 20 0.168772

40 20 0.155629

41 20 0.141872

42 20 0.127555

43 20 0.112734

44 20 0.0974689

45 20 0.0818189

46 20 0.065846

47 20 0.0496132

48 20 0.0331847

49 20 0.0166251

50 20 0

0 21 0

1 21 0.0169315

2 21 0.0337962

3 21 0.0505275

4 21 0.0670594

5 21 0.0833267

6 21 0.0992651

7 21 0.114812

8 21 0.129905

9 21 0.144486

10 21 0.158497

11 21 0.171882

12 21 0.184589

13 21 0.196567

14 21 0.20777

15 21 0.218152

16 21 0.227674

17 21 0.236297

18 21 0.243987

19 21 0.250715

20 21 0.256453

21 21 0.261179

22 21 0.264875

23 21 0.267525

24 21 0.269119

25 21 0.269651

26 21 0.269119

27 21 0.267525

28 21 0.264875

29 21 0.261179

30 21 0.256453

31 21 0.250715

32 21 0.243987

33 21 0.236297

34 21 0.227674

35 21 0.218152

36 21 0.20777

37 21 0.196567

38 21 0.184589

39 21 0.171882

40 21 0.158497

41 21 0.144486

42 21 0.129905

43 21 0.114812

44 21 0.0992651

45 21 0.0833267

46 21 0.0670594

47 21 0.0505275

48 21 0.0337962

49 21 0.0169315

50 21 0

0 22 0

1 22 0.0171711

2 22 0.0342744

3 22 0.0512424

4 22 0.0680082

5 22 0.0845056

6 22 0.10067

7 22 0.116436

8 22 0.131743

9 22 0.14653

10 22 0.160739

11 22 0.174314

12 22 0.1872

13 22 0.199348

14 22 0.210709

15 22 0.221239

16 22 0.230895

17 22 0.23964

18 22 0.247439

19 22 0.254262

20 22 0.260082

21 22 0.264875

22 22 0.268622

23 22 0.27131

24 22 0.272926

25 22 0.273466

26 22 0.272926

27 22 0.27131

28 22 0.268622

29 22 0.264875

30 22 0.260082

31 22 0.254262

32 22 0.247439

33 22 0.23964

34 22 0.230895

35 22 0.221239

36 22 0.210709

37 22 0.199348

38 22 0.1872

39 22 0.174314

40 22 0.160739

41 22 0.14653

42 22 0.131743

43 22 0.116436

44 22 0.10067

45 22 0.0845056

46 22 0.0680082

47 22 0.0512424

48 22 0.0342744

49 22 0.0171711

50 22 0

0 23 0

1 23 0.0173429

2 23 0.0346173

3 23 0.0517551

4 23 0.0686886

5 23 0.0853511

6 23 0.101677

7 23 0.117601

8 23 0.133061

9 23 0.147996

10 23 0.162347

11 23 0.176058

12 23 0.189073

13 23 0.201343

14 23 0.212817

15 23 0.223452

16 23 0.233205

17 23 0.242038

18 23 0.249915

19 23 0.256806

20 23 0.262684

21 23 0.267525

22 23 0.27131

23 23 0.274024

24 23 0.275657

25 23 0.276202

26 23 0.275657

27 23 0.274024

28 23 0.27131

29 23 0.267525

30 23 0.262684

31 23 0.256806

32 23 0.249915

33 23 0.242038

34 23 0.233205

35 23 0.223452

36 23 0.212817

37 23 0.201343

38 23 0.189073

39 23 0.176058

40 23 0.162347

41 23 0.147996

42 23 0.133061

43 23 0.117601

44 23 0.101677

45 23 0.0853511

46 23 0.0686886

47 23 0.0517551

48 23 0.0346173

49 23 0.0173429

50 23 0

0 24 0

1 24 0.0174462

2 24 0.0348236

3 24 0.0520635

4 24 0.0690979

5 24 0.0858597

6 24 0.102283

7 24 0.118302

8 24 0.133854

9 24 0.148878

10 24 0.163315

11 24 0.177107

12 24 0.1902

13 24 0.202542

14 24 0.214085

15 24 0.224784

16 24 0.234595

17 24 0.24348

18 24 0.251404

19 24 0.258336

20 24 0.264249

21 24 0.269119

22 24 0.272926

23 24 0.275657

24 24 0.2773

25 24 0.277848

26 24 0.2773

27 24 0.275657

28 24 0.272926

29 24 0.269119

30 24 0.264249

31 24 0.258336

32 24 0.251404

33 24 0.24348

34 24 0.234595

35 24 0.224784

36 24 0.214085

37 24 0.202542

38 24 0.1902

39 24 0.177107

40 24 0.163315

41 24 0.148878

42 24 0.133854

43 24 0.118302

44 24 0.102283

45 24 0.0858597

46 24 0.0690979

47 24 0.0520635

48 24 0.0348236

49 24 0.0174462

50 24 0

0 25 0

1 25 0.0174807

2 25 0.0348924

3 25 0.0521664

4 25 0.0692346

5 25 0.0860295

6 25 0.102485

7 25 0.118536

8 25 0.134119

9 25 0.149173

10 25 0.163638

11 25 0.177457

12 25 0.190576

13 25 0.202943

14 25 0.214509

15 25 0.225228

16 25 0.235059

17 25 0.243961

18 25 0.251901

19 25 0.258847

20 25 0.264771

21 25 0.269651

22 25 0.273466

23 25 0.276202

24 25 0.277848

25 25 0.278397

26 25 0.277848

27 25 0.276202

28 25 0.273466

29 25 0.269651

30 25 0.264771

31 25 0.258847

32 25 0.251901

33 25 0.243961

34 25 0.235059

35 25 0.225228

36 25 0.214509

37 25 0.202943

38 25 0.190576

39 25 0.177457

40 25 0.163638

41 25 0.149173

42 25 0.134119

43 25 0.118536

44 25 0.102485

45 25 0.0860295

46 25 0.0692346

47 25 0.0521664

48 25 0.0348924

49 25 0.0174807

50 25 0

0 26 0

1 26 0.0174462

2 26 0.0348236

3 26 0.0520635

4 26 0.0690979

5 26 0.0858597

6 26 0.102283

7 26 0.118302

8 26 0.133854

9 26 0.148878

10 26 0.163315

11 26 0.177107

12 26 0.1902

13 26 0.202542

14 26 0.214085

15 26 0.224784

16 26 0.234595

17 26 0.24348

18 26 0.251404

19 26 0.258336

20 26 0.264249

21 26 0.269119

22 26 0.272926

23 26 0.275657

24 26 0.2773

25 26 0.277848

26 26 0.2773

27 26 0.275657

28 26 0.272926

29 26 0.269119

30 26 0.264249

31 26 0.258336

32 26 0.251404

33 26 0.24348

34 26 0.234595

35 26 0.224784

36 26 0.214085

37 26 0.202542

38 26 0.1902

39 26 0.177107

40 26 0.163315

41 26 0.148878

42 26 0.133854

43 26 0.118302

44 26 0.102283

45 26 0.0858597

46 26 0.0690979

47 26 0.0520635

48 26 0.0348236

49 26 0.0174462

50 26 0

0 27 0

1 27 0.0173429

2 27 0.0346173

3 27 0.0517551

4 27 0.0686886

5 27 0.0853511

6 27 0.101677

7 27 0.117601

8 27 0.133061

9 27 0.147996

10 27 0.162347

11 27 0.176058

12 27 0.189073

13 27 0.201343

14 27 0.212817

15 27 0.223452

16 27 0.233205

17 27 0.242038

18 27 0.249915

19 27 0.256806

20 27 0.262684

21 27 0.267525

22 27 0.27131

23 27 0.274024

24 27 0.275657

25 27 0.276202

26 27 0.275657

27 27 0.274024

28 27 0.27131

29 27 0.267525

30 27 0.262684

31 27 0.256806

32 27 0.249915

33 27 0.242038

34 27 0.233205

35 27 0.223452

36 27 0.212817

37 27 0.201343

38 27 0.189073

39 27 0.176058

40 27 0.162347

41 27 0.147996

42 27 0.133061

43 27 0.117601

44 27 0.101677

45 27 0.0853511

46 27 0.0686886

47 27 0.0517551

48 27 0.0346173

49 27 0.0173429

50 27 0

0 28 0

1 28 0.0171711

2 28 0.0342744

3 28 0.0512424

4 28 0.0680082

5 28 0.0845056

6 28 0.10067

7 28 0.116436

8 28 0.131743

9 28 0.14653

10 28 0.160739

11 28 0.174314

12 28 0.1872

13 28 0.199348

14 28 0.210709

15 28 0.221239

16 28 0.230895

17 28 0.23964

18 28 0.247439

19 28 0.254262

20 28 0.260082

21 28 0.264875

22 28 0.268622

23 28 0.27131

24 28 0.272926

25 28 0.273466

26 28 0.272926

27 28 0.27131

28 28 0.268622

29 28 0.264875

30 28 0.260082

31 28 0.254262

32 28 0.247439

33 28 0.23964

34 28 0.230895

35 28 0.221239

36 28 0.210709

37 28 0.199348

38 28 0.1872

39 28 0.174314

40 28 0.160739

41 28 0.14653

42 28 0.131743

43 28 0.116436

44 28 0.10067

45 28 0.0845056

46 28 0.0680082

47 28 0.0512424

48 28 0.0342744

49 28 0.0171711

50 28 0

0 29 0

1 29 0.0169315

2 29 0.0337962

3 29 0.0505275

4 29 0.0670594

5 29 0.0833267

6 29 0.0992651

7 29 0.114812

8 29 0.129905

9 29 0.144486

10 29 0.158497

11 29 0.171882

12 29 0.184589

13 29 0.196567

14 29 0.20777

15 29 0.218152

16 29 0.227674

17 29 0.236297

18 29 0.243987

19 29 0.250715

20 29 0.256453

21 29 0.261179

22 29 0.264875

23 29 0.267525

24 29 0.269119

25 29 0.269651

26 29 0.269119

27 29 0.267525

28 29 0.264875

29 29 0.261179

30 29 0.256453

31 29 0.250715

32 29 0.243987

33 29 0.236297

34 29 0.227674

35 29 0.218152

36 29 0.20777

37 29 0.196567

38 29 0.184589

39 29 0.171882

40 29 0.158497

41 29 0.144486

42 29 0.129905

43 29 0.114812

44 29 0.0992651

45 29 0.0833267

46 29 0.0670594

47 29 0.0505275

48 29 0.0337962

49 29 0.0169315

50 29 0

0 30 0

1 30 0.0166251

2 30 0.0331847

3 30 0.0496132

4 30 0.065846

5 30 0.0818189

6 30 0.0974689

7 30 0.112734

8 30 0.127555

9 30 0.141872

10 30 0.155629

11 30 0.168772

12 30 0.181249

13 30 0.19301

14 30 0.20401

15 30 0.214205

16 30 0.223554

17 30 0.232021

18 30 0.239572

19 30 0.246178

20 30 0.251813

21 30 0.256453

22 30 0.260082

23 30 0.262684

24 30 0.264249

25 30 0.264771

26 30 0.264249

27 30 0.262684

28 30 0.260082

29 30 0.256453

30 30 0.251813

31 30 0.246178

32 30 0.239572

33 30 0.232021

34 30 0.223554

35 30 0.214205

36 30 0.20401

37 30 0.19301

38 30 0.181249

39 30 0.168772

40 30 0.155629

41 30 0.141872

42 30 0.127555

43 30 0.112734

44 30 0.0974689

45 30 0.0818189

46 30 0.065846

47 30 0.0496132

48 30 0.0331847

49 30 0.0166251

50 30 0

0 31 0

1 31 0.0162531

2 31 0.0324421

3 31 0.0485031

4 31 0.0643727

5 31 0.0799882

6 31 0.095288

7 31 0.110212

8 31 0.124701

9 31 0.138697

10 31 0.152147

11 31 0.164995

12 31 0.177193

13 31 0.188691

14 31 0.199445

15 31 0.209412

16 31 0.218552

17 31 0.226829

18 31 0.234212

19 31 0.24067

20 31 0.246178

21 31 0.250715

22 31 0.254262

23 31 0.256806

24 31 0.258336

25 31 0.258847

26 31 0.258336

27 31 0.256806

28 31 0.254262

29 31 0.250715

30 31 0.246178

31 31 0.24067

32 31 0.234212

33 31 0.226829

34 31 0.218552

35 31 0.209412

36 31 0.199445

37 31 0.188691

38 31 0.177193

39 31 0.164995

40 31 0.152147

41 31 0.138697

42 31 0.124701

43 31 0.110212

44 31 0.095288

45 31 0.0799882

46 31 0.0643727

47 31 0.0485031

48 31 0.0324421

49 31 0.0162531

50 31 0

0 32 0

1 32 0.015817

2 32 0.0315716

3 32 0.0472016

4 32 0.0626453

5 32 0.0778418

6 32 0.092731

7 32 0.107254

8 32 0.121354

9 32 0.134975

10 32 0.148064

11 32 0.160568

12 32 0.172438

13 32 0.183628

14 32 0.194093

15 32 0.203792

16 32 0.212687

17 32 0.220743

18 32 0.227927

19 32 0.234212

20 32 0.239572

21 32 0.243987

22 32 0.247439

23 32 0.249915

24 32 0.251404

25 32 0.251901

26 32 0.251404

27 32 0.249915

28 32 0.247439

29 32 0.243987

30 32 0.239572

31 32 0.234212

32 32 0.227927

33 32 0.220743

34 32 0.212687

35 32 0.203792

36 32 0.194093

37 32 0.183628

38 32 0.172438

39 32 0.160568

40 32 0.148064

41 32 0.134975

42 32 0.121354

43 32 0.107254

44 32 0.092731

45 32 0.0778418

46 32 0.0626453

47 32 0.0472016

48 32 0.0315716

49 32 0.015817

50 32 0

0 33 0

1 33 0.0153185

2 33 0.0305765

3 33 0.0457138

4 33 0.0606707

5 33 0.0753882

6 33 0.0898081

7 33 0.103874

8 33 0.117529

9 33 0.130721

10 33 0.143397

11 33 0.155507

12 33 0.167003

13 33 0.17784

14 33 0.187975

15 33 0.197369

16 33 0.205983

17 33 0.213785

18 33 0.220743

19 33 0.226829

20 33 0.232021

21 33 0.236297

22 33 0.23964

23 33 0.242038

24 33 0.24348

25 33 0.243961

26 33 0.24348

27 33 0.242038

28 33 0.23964

29 33 0.236297

30 33 0.232021

31 33 0.226829

32 33 0.220743

33 33 0.213785

34 33 0.205983

35 33 0.197369

36 33 0.187975

37 33 0.17784

38 33 0.167003

39 33 0.155507

40 33 0.143397

41 33 0.130721

42 33 0.117529

43 33 0.103874

44 33 0.0898081

45 33 0.0753882

46 33 0.0606707

47 33 0.0457138

48 33 0.0305765

49 33 0.0153185

50 33 0

0 34 0

1 34 0.0147594

2 34 0.0294606

3 34 0.0440456

4 34 0.0584567

5 34 0.0726371

6 34 0.0865308

7 34 0.100083

8 34 0.11324

9 34 0.125951

10 34 0.138164

11 34 0.149832

12 34 0.160909

13 34 0.17135

14 34 0.181116

15 34 0.190166

16 34 0.198466

17 34 0.205983

18 34 0.212687

19 34 0.218552

20 34 0.223554

21 34 0.227674

22 34 0.230895

23 34 0.233205

24 34 0.234595

25 34 0.235059

26 34 0.234595

27 34 0.233205

28 34 0.230895

29 34 0.227674

30 34 0.223554

31 34 0.218552

32 34 0.212687

33 34 0.205983

34 34 0.198466

35 34 0.190166

36 34 0.181116

37 34 0.17135

38 34 0.160909

39 34 0.149832

40 34 0.138164

41 34 0.125951

42 34 0.11324

43 34 0.100083

44 34 0.0865308

45 34 0.0726371

46 34 0.0584567

47 34 0.0440456

48 34 0.0294606

49 34 0.0147594

50 34 0

0 35 0

1 35 0.0141422

2 35 0.0282286

3 35 0.0422035

4 35 0.0560119

5 35 0.0695993

6 35 0.082912

7 35 0.0958974

8 35 0.108504

9 35 0.120683

10 35 0.132386

11 35 0.143566

12 35 0.154179

13 35 0.164184

14 35 0.173541

15 35 0.182213

16 35 0.190166

17 35 0.197369

18 35 0.203792

19 35 0.209412

20 35 0.214205

21 35 0.218152

22 35 0.221239

23 35 0.223452

24 35 0.224784

25 35 0.225228

26 35 0.224784

27 35 0.223452

28 35 0.221239

29 35 0.218152

30 35 0.214205

31 35 0.209412

32 35 0.203792

33 35 0.197369

34 35 0.190166

35 35 0.182213

36 35 0.173541

37 35 0.164184

38 35 0.154179

39 35 0.143566

40 35 0.132386

41 35 0.120683

42 35 0.108504

43 35 0.0958974

44 35 0.082912

45 35 0.0695993

46 35 0.0560119

47 35 0.0422035

48 35 0.0282286

49 35 0.0141422

50 35 0

0 36 0

1 36 0.0134691

2 36 0.0268851

3 36 0.0401949

4 36 0.0533461

5 36 0.0662868

6 36 0.0789659

7 36 0.0913334

8 36 0.10334

9 36 0.11494

10 36 0.126085

11 36 0.136733

12 36 0.146841

13 36 0.15637

14 36 0.165282

15 36 0.173541

16 36 0.181116

17 36 0.187975

18 36 0.194093

19 36 0.199445

20 36 0.20401

21 36 0.20777

22 36 0.210709

23 36 0.212817

24 36 0.214085

25 36 0.214509

26 36 0.214085

27 36 0.212817

28 36 0.210709

29 36 0.20777

30 36 0.20401

31 36 0.199445

32 36 0.194093

33 36 0.187975

34 36 0.181116

35 36 0.173541

36 36 0.165282

37 36 0.15637

38 36 0.146841

39 36 0.136733

40 36 0.126085

41 36 0.11494

42 36 0.10334

43 36 0.0913334

44 36 0.0789659

45 36 0.0662868

46 36 0.0533461

47 36 0.0401949

48 36 0.0268851

49 36 0.0134691

50 36 0

0 37 0

1 37 0.0127429

2 37 0.0254355

3 37 0.0380277

4 37 0.0504698

5 37 0.0627128

6 37 0.0747082

7 37 0.0864088

8 37 0.0977684

9 37 0.108742

10 37 0.119287

11 37 0.129361

12 37 0.138924

13 37 0.147939

14 37 0.15637

15 37 0.164184

16 37 0.17135

17 37 0.17784

18 37 0.183628

19 37 0.188691

20 37 0.19301

21 37 0.196567

22 37 0.199348

23 37 0.201343

24 37 0.202542

25 37 0.202943

26 37 0.202542

27 37 0.201343

28 37 0.199348

29 37 0.196567

30 37 0.19301

31 37 0.188691

32 37 0.183628

33 37 0.17784

34 37 0.17135

35 37 0.164184

36 37 0.15637

37 37 0.147939

38 37 0.138924

39 37 0.129361

40 37 0.119287

41 37 0.108742

42 37 0.0977684

43 37 0.0864088

44 37 0.0747082

45 37 0.0627128

46 37 0.0504698

47 37 0.0380277

48 37 0.0254355

49 37 0.0127429

50 37 0

0 38 0

1 38 0.0119664

2 38 0.0238855

3 38 0.0357104

4 38 0.0473943

5 38 0.0588912

6 38 0.0701557

7 38 0.0811433

8 38 0.0918107

9 38 0.102116

10 38 0.112018

11 38 0.121478

12 38 0.130458

13 38 0.138924

14 38 0.146841

15 38 0.154179

16 38 0.160909

17 38 0.167003

18 38 0.172438

19 38 0.177193

20 38 0.181249

21 38 0.184589

22 38 0.1872

23 38 0.189073

24 38 0.1902

25 38 0.190576

26 38 0.1902

27 38 0.189073

28 38 0.1872

29 38 0.184589

30 38 0.181249

31 38 0.177193

32 38 0.172438

33 38 0.167003

34 38 0.160909

35 38 0.154179

36 38 0.146841

37 38 0.138924

38 38 0.130458

39 38 0.121478

40 38 0.112018

41 38 0.102116

42 38 0.0918107

43 38 0.0811433

44 38 0.0701557

45 38 0.0588912

46 38 0.0473943

47 38 0.0357104

48 38 0.0238855

49 38 0.0119664

50 38 0

0 39 0

1 39 0.0111426

2 39 0.0222413

3 39 0.0332521

4 39 0.0441318

5 39 0.0548372

6 39 0.0653263

7 39 0.0755575

8 39 0.0854906

9 39 0.0950862

10 39 0.104307

11 39 0.113115

12 39 0.121478

13 39 0.129361

14 39 0.136733

15 39 0.143566

16 39 0.149832

17 39 0.155507

18 39 0.160568

19 39 0.164995

20 39 0.168772

21 39 0.171882

22 39 0.174314

23 39 0.176058

24 39 0.177107

25 39 0.177457

26 39 0.177107

27 39 0.176058

28 39 0.174314

29 39 0.171882

30 39 0.168772

31 39 0.164995

32 39 0.160568

33 39 0.155507

34 39 0.149832

35 39 0.143566

36 39 0.136733

37 39 0.129361

38 39 0.121478

39 39 0.113115

40 39 0.104307

41 39 0.0950862

42 39 0.0854906

43 39 0.0755575

44 39 0.0653263

45 39 0.0548372

46 39 0.0441318

47 39 0.0332521

48 39 0.0222413

49 39 0.0111426

50 39 0

0 40 0

1 40 0.0102749

2 40 0.0205092

3 40 0.0306627

4 40 0.0406951

5 40 0.0505668

6 40 0.0602391

7 40 0.0696736

8 40 0.0788331

9 40 0.0876815

10 40 0.0961839

11 40 0.104307

12 40 0.112018

13 40 0.119287

14 40 0.126085

15 40 0.132386

16 40 0.138164

17 40 0.143397

18 40 0.148064

19 40 0.152147

20 40 0.155629

21 40 0.158497

22 40 0.160739

23 40 0.162347

24 40 0.163315

25 40 0.163638

26 40 0.163315

27 40 0.162347

28 40 0.160739

29 40 0.158497

30 40 0.155629

31 40 0.152147

32 40 0.148064

33 40 0.143397

34 40 0.138164

35 40 0.132386

36 40 0.126085

37 40 0.119287

38 40 0.112018

39 40 0.104307

40 40 0.0961839

41 40 0.0876815

42 40 0.0788331

43 40 0.0696736

44 40 0.0602391

45 40 0.0505668

46 40 0.0406951

47 40 0.0306627

48 40 0.0205092

49 40 0.0102749

50 40 0

0 41 0

1 41 0.00936663

2 41 0.0186963

3 41 0.0279522

4 41 0.0370977

5 41 0.0460969

6 41 0.0549141

7 41 0.0635146

8 41 0.0718645

9 41 0.0799307

10 41 0.0876815

11 41 0.0950862

12 41 0.102116

13 41 0.108742

14 41 0.11494

15 41 0.120683

16 41 0.125951

17 41 0.130721

18 41 0.134975

19 41 0.138697

20 41 0.141872

21 41 0.144486

22 41 0.14653

23 41 0.147996

24 41 0.148878

25 41 0.149173

26 41 0.148878

27 41 0.147996

28 41 0.14653

29 41 0.144486

30 41 0.141872

31 41 0.138697

32 41 0.134975

33 41 0.130721

34 41 0.125951

35 41 0.120683

36 41 0.11494

37 41 0.108742

38 41 0.102116

39 41 0.0950862

40 41 0.0876815

41 41 0.0799307

42 41 0.0718645

43 41 0.0635146

44 41 0.0549141

45 41 0.0460969

46 41 0.0370977

47 41 0.0279522

48 41 0.0186963

49 41 0.00936663

50 41 0

0 42 0

1 42 0.00842139

2 42 0.0168096

3 42 0.0251314

4 42 0.033354

5 42 0.041445

6 42 0.0493724

7 42 0.057105

8 42 0.0646123

9 42 0.0718645

10 42 0.0788331

11 42 0.0854906

12 42 0.0918107

13 42 0.0977684

14 42 0.10334

15 42 0.108504

16 42 0.11324

17 42 0.117529

18 42 0.121354

19 42 0.124701

20 42 0.127555

21 42 0.129905

22 42 0.131743

23 42 0.133061

24 42 0.133854

25 42 0.134119

26 42 0.133854

27 42 0.133061

28 42 0.131743

29 42 0.129905

30 42 0.127555

31 42 0.124701

32 42 0.121354

33 42 0.117529

34 42 0.11324

35 42 0.108504

36 42 0.10334

37 42 0.0977684

38 42 0.0918107

39 42 0.0854906

40 42 0.0788331

41 42 0.0718645

42 42 0.0646123

43 42 0.057105

44 42 0.0493724

45 42 0.041445

46 42 0.033354

47 42 0.0251314

48 42 0.0168096

49 42 0.00842139

50 42 0

0 43 0

1 43 0.00744292

2 43 0.0148565

3 43 0.0222114

4 43 0.0294786

5 43 0.0366296

6 43 0.0436359

7 43 0.0504701

8 43 0.057105

9 43 0.0635146

10 43 0.0696736

11 43 0.0755575

12 43 0.0811433

13 43 0.0864088

14 43 0.0913334

15 43 0.0958974

16 43 0.100083

17 43 0.103874

18 43 0.107254

19 43 0.110212

20 43 0.112734

21 43 0.114812

22 43 0.116436

23 43 0.117601

24 43 0.118302

25 43 0.118536

26 43 0.118302

27 43 0.117601

28 43 0.116436

29 43 0.114812

30 43 0.112734

31 43 0.110212

32 43 0.107254

33 43 0.103874

34 43 0.100083

35 43 0.0958974

36 43 0.0913334

37 43 0.0864088

38 43 0.0811433

39 43 0.0755575

40 43 0.0696736

41 43 0.0635146

42 43 0.057105

43 43 0.0504701

44 43 0.0436359

45 43 0.0366296

46 43 0.0294786

47 43 0.0222114

48 43 0.0148565

49 43 0.00744292

50 43 0

0 44 0

1 44 0.00643508

2 44 0.0128448

3 44 0.0192037

4 44 0.0254869

5 44 0.0316696

6 44 0.0377272

7 44 0.0436359

8 44 0.0493724

9 44 0.0549141

10 44 0.0602391

11 44 0.0653263

12 44 0.0701557

13 44 0.0747082

14 44 0.0789659

15 44 0.082912

16 44 0.0865308

17 44 0.0898081

18 44 0.092731

19 44 0.095288

20 44 0.0974689

21 44 0.0992651

22 44 0.10067

23 44 0.101677

24 44 0.102283

25 44 0.102485

26 44 0.102283

27 44 0.101677

28 44 0.10067

29 44 0.0992651

30 44 0.0974689

31 44 0.095288

32 44 0.092731

33 44 0.0898081

34 44 0.0865308

35 44 0.082912

36 44 0.0789659

37 44 0.0747082

38 44 0.0701557

39 44 0.0653263

40 44 0.0602391

41 44 0.0549141

42 44 0.0493724

43 44 0.0436359

44 44 0.0377272

45 44 0.0316696

46 44 0.0254869

47 44 0.0192037

48 44 0.0128448

49 44 0.00643508

50 44 0

0 45 0

1 45 0.00540183

2 45 0.0107823

3 45 0.0161203

4 45 0.0213947

5 45 0.0265846

6 45 0.0316696

7 45 0.0366296

8 45 0.041445

9 45 0.0460969

10 45 0.0505668

11 45 0.0548372

12 45 0.0588912

13 45 0.0627128

14 45 0.0662868

15 45 0.0695993

16 45 0.0726371

17 45 0.0753882

18 45 0.0778418

19 45 0.0799882

20 45 0.0818189

21 45 0.0833267

22 45 0.0845056

23 45 0.0853511

24 45 0.0858597

25 45 0.0860295

26 45 0.0858597

27 45 0.0853511

28 45 0.0845056

29 45 0.0833267

30 45 0.0818189

31 45 0.0799882

32 45 0.0778418

33 45 0.0753882

34 45 0.0726371

35 45 0.0695993

36 45 0.0662868

37 45 0.0627128

38 45 0.0588912

39 45 0.0548372

40 45 0.0505668

41 45 0.0460969

42 45 0.041445

43 45 0.0366296

44 45 0.0316696

45 45 0.0265846

46 45 0.0213947

47 45 0.0161203

48 45 0.0107823

49 45 0.00540183

50 45 0

0 46 0

1 46 0.00434727

2 46 0.00867739

3 46 0.0129733

4 46 0.0172179

5 46 0.0213947

6 46 0.0254869

7 46 0.0294786

8 46 0.033354

9 46 0.0370977

10 46 0.0406951

11 46 0.0441318

12 46 0.0473943

13 46 0.0504698

14 46 0.0533461

15 46 0.0560119

16 46 0.0584567

17 46 0.0606707

18 46 0.0626453

19 46 0.0643727

20 46 0.065846

21 46 0.0670594

22 46 0.0680082

23 46 0.0686886

24 46 0.0690979

25 46 0.0692346

26 46 0.0690979

27 46 0.0686886

28 46 0.0680082

29 46 0.0670594

30 46 0.065846

31 46 0.0643727

32 46 0.0626453

33 46 0.0606707

34 46 0.0584567

35 46 0.0560119

36 46 0.0533461

37 46 0.0504698

38 46 0.0473943

39 46 0.0441318

40 46 0.0406951

41 46 0.0370977

42 46 0.033354

43 46 0.0294786

44 46 0.0254869

45 46 0.0213947

46 46 0.0172179

47 46 0.0129733

48 46 0.00867739

49 46 0.00434727

50 46 0

0 47 0

1 47 0.00327556

2 47 0.00653819

3 47 0.00977501

4 47 0.0129733

5 47 0.0161203

6 47 0.0192037

7 47 0.0222114

8 47 0.0251314

9 47 0.0279522

10 47 0.0306627

11 47 0.0332521

12 47 0.0357104

13 47 0.0380277

14 47 0.0401949

15 47 0.0422035

16 47 0.0440456

17 47 0.0457138

18 47 0.0472016

19 47 0.0485031

20 47 0.0496132

21 47 0.0505275

22 47 0.0512424

23 47 0.0517551

24 47 0.0520635

25 47 0.0521664

26 47 0.0520635

27 47 0.0517551

28 47 0.0512424

29 47 0.0505275

30 47 0.0496132

31 47 0.0485031

32 47 0.0472016

33 47 0.0457138

34 47 0.0440456

35 47 0.0422035

36 47 0.0401949

37 47 0.0380277

38 47 0.0357104

39 47 0.0332521

40 47 0.0306627

41 47 0.0279522

42 47 0.0251314

43 47 0.0222114

44 47 0.0192037

45 47 0.0161203

46 47 0.0129733

47 47 0.00977501

48 47 0.00653819

49 47 0.00327556

50 47 0

0 48 0

1 48 0.00219091

2 48 0.00437318

3 48 0.00653819

4 48 0.00867739

5 48 0.0107823

6 48 0.0128448

7 48 0.0148565

8 48 0.0168096

9 48 0.0186963

10 48 0.0205092

11 48 0.0222413

12 48 0.0238855

13 48 0.0254355

14 48 0.0268851

15 48 0.0282286

16 48 0.0294606

17 48 0.0305765

18 48 0.0315716

19 48 0.0324421

20 48 0.0331847

21 48 0.0337962

22 48 0.0342744

23 48 0.0346173

24 48 0.0348236

25 48 0.0348924

26 48 0.0348236

27 48 0.0346173

28 48 0.0342744

29 48 0.0337962

30 48 0.0331847

31 48 0.0324421

32 48 0.0315716

33 48 0.0305765

34 48 0.0294606

35 48 0.0282286

36 48 0.0268851

37 48 0.0254355

38 48 0.0238855

39 48 0.0222413

40 48 0.0205092

41 48 0.0186963

42 48 0.0168096

43 48 0.0148565

44 48 0.0128448

45 48 0.0107823

46 48 0.00867739

47 48 0.00653819

48 48 0.00437318

49 48 0.00219091

50 48 0

0 49 0

1 49 0.00109762

2 49 0.00219091

3 49 0.00327556

4 49 0.00434727

5 49 0.00540183

6 49 0.00643508

7 49 0.00744292

8 49 0.00842139

9 49 0.00936663

10 49 0.0102749

11 49 0.0111426

12 49 0.0119664

13 49 0.0127429

14 49 0.0134691

15 49 0.0141422

16 49 0.0147594

17 49 0.0153185

18 49 0.015817

19 49 0.0162531

20 49 0.0166251

21 49 0.0169315

22 49 0.0171711

23 49 0.0173429

24 49 0.0174462

25 49 0.0174807

26 49 0.0174462

27 49 0.0173429

28 49 0.0171711

29 49 0.0169315

30 49 0.0166251

31 49 0.0162531

32 49 0.015817

33 49 0.0153185

34 49 0.0147594

35 49 0.0141422

36 49 0.0134691

37 49 0.0127429

38 49 0.0119664

39 49 0.0111426

40 49 0.0102749

41 49 0.00936663

42 49 0.00842139

43 49 0.00744292

44 49 0.00643508

45 49 0.00540183

46 49 0.00434727

47 49 0.00327556

48 49 0.00219091

49 49 0.00109762

50 49 0

