0 1 0

1 1 0.000982791

2 1 0.0019617

3 1 0.00293287

4 1 0.00389247

5 1 0.0048367

6 1 0.00576185

7 1 0.00666425

8 1 0.00754036

9 1 0.00838671

10 1 0.00919995

11 1 0.00997689

12 1 0.0107145

13 1 0.0114097

14 1 0.01206

15 1 0.0126626

16 1 0.0132153

17 1 0.0137159

18 1 0.0141623

19 1 0.0145528

20 1 0.0148858

21 1 0.0151602

22 1 0.0153747

23 1 0.0155285

24 1 0.015621

25 1 0.0156519

26 1 0.015621

27 1 0.0155285

28 1 0.0153747

29 1 0.0151602

30 1 0.0148858

31 1 0.0145528

32 1 0.0141623

33 1 0.0137159

34 1 0.0132153

35 1 0.0126626

36 1 0.01206

37 1 0.0114097

38 1 0.0107145

39 1 0.00997689

40 1 0.00919995

41 1 0.00838671

42 1 0.00754036

43 1 0.00666425

44 1 0.00576185

45 1 0.0048367

46 1 0.00389247

47 1 0.00293287

48 1 0.0019617

49 1 0.000982791

50 1 0

0 2 0

1 2 0.0019617

2 2 0.00391566

3 2 0.00585417

4 2 0.00776957

5 2 0.00965432

6 2 0.011501

7 2 0.0133022

8 2 0.015051

9 2 0.0167403

10 2 0.0183636

11 2 0.0199144

12 2 0.0213866

13 2 0.0227745

14 2 0.0240724

15 2 0.0252753

16 2 0.0263785

17 2 0.0273776

18 2 0.0282686

19 2 0.0290481

20 2 0.0297129

21 2 0.0302605

22 2 0.0306886

23 2 0.0309957

24 2 0.0311804

25 2 0.031242

26 2 0.0311804

27 2 0.0309957

28 2 0.0306886

29 2 0.0302605

30 2 0.0297129

31 2 0.0290481

32 2 0.0282686

33 2 0.0273776

34 2 0.0263785

35 2 0.0252753

36 2 0.0240724

37 2 0.0227745

38 2 0.0213866

39 2 0.0199144

40 2 0.0183636

41 2 0.0167403

42 2 0.015051

43 2 0.0133022

44 2 0.011501

45 2 0.00965432

46 2 0.00776957

47 2 0.00585417

48 2 0.00391566

49 2 0.0019617

50 2 0

0 3 0

1 3 0.00293287

2 3 0.00585417

3 3 0.00875237

4 3 0.011616

5 3 0.0144338

6 3 0.0171947

7 3 0.0198877

8 3 0.0225022

9 3 0.0250279

10 3 0.0274548

11 3 0.0297733

12 3 0.0319744

13 3 0.0340493

14 3 0.0359898

15 3 0.0377883

16 3 0.0394376

17 3 0.0409313

18 3 0.0422634

19 3 0.0434288

20 3 0.0444228

21 3 0.0452414

22 3 0.0458815

23 3 0.0463405

24 3 0.0466167

25 3 0.0467088

26 3 0.0466167

27 3 0.0463405

28 3 0.0458815

29 3 0.0452414

30 3 0.0444228

31 3 0.0434288

32 3 0.0422634

33 3 0.0409313

34 3 0.0394376

35 3 0.0377883

36 3 0.0359898

37 3 0.0340493

38 3 0.0319744

39 3 0.0297733

40 3 0.0274548

41 3 0.0250279

42 3 0.0225022

43 3 0.0198877

44 3 0.0171947

45 3 0.0144338

46 3 0.011616

47 3 0.00875237

48 3 0.00585417

49 3 0.00293287

50 3 0

0 4 0

1 4 0.00389247

2 4 0.00776957

3 4 0.011616

4 4 0.0154166

5 4 0.0191564

6 4 0.0228205

7 4 0.0263946

8 4 0.0298646

9 4 0.0332166

10 4 0.0364376

11 4 0.0395148

12 4 0.042436

13 4 0.0451897

14 4 0.0477651

15 4 0.050152

16 4 0.052341

17 4 0.0543234

18 4 0.0560914

19 4 0.0576381

20 4 0.0589573

21 4 0.0600438

22 4 0.0608933

23 4 0.0615025

24 4 0.061869

25 4 0.0619913

26 4 0.061869

27 4 0.0615025

28 4 0.0608933

29 4 0.0600438

30 4 0.0589573

31 4 0.0576381

32 4 0.0560914

33 4 0.0543234

34 4 0.052341

35 4 0.050152

36 4 0.0477651

37 4 0.0451897

38 4 0.042436

39 4 0.0395148

40 4 0.0364376

41 4 0.0332166

42 4 0.0298646

43 4 0.0263946

44 4 0.0228205

45 4 0.0191564

46 4 0.0154166

47 4 0.011616

48 4 0.00776957

49 4 0.00389247

50 4 0

0 5 0

1 5 0.0048367

2 5 0.00965432

3 5 0.0144338

4 5 0.0191564

5 5 0.0238033

6 5 0.0283563

7 5 0.0327974

8 5 0.0371091

9 5 0.0412743

10 5 0.0452766

11 5 0.0491002

12 5 0.0527301

13 5 0.0561519

14 5 0.059352

15 5 0.0623179

16 5 0.0650379

17 5 0.0675012

18 5 0.0696981

19 5 0.0716199

20 5 0.0732591

21 5 0.0746092

22 5 0.0756648

23 5 0.0764218

24 5 0.0768772

25 5 0.0770292

26 5 0.0768772

27 5 0.0764218

28 5 0.0756648

29 5 0.0746092

30 5 0.0732591

31 5 0.0716199

32 5 0.0696981

33 5 0.0675012

34 5 0.0650379

35 5 0.0623179

36 5 0.059352

37 5 0.0561519

38 5 0.0527301

39 5 0.0491002

40 5 0.0452766

41 5 0.0412743

42 5 0.0371091

43 5 0.0327974

44 5 0.0283563

45 5 0.0238033

46 5 0.0191564

47 5 0.0144338

48 5 0.00965432

49 5 0.0048367

50 5 0

0 6 0

1 6 0.00576185

2 6 0.011501

3 6 0.0171947

4 6 0.0228205

5 6 0.0283563

6 6 0.0337802

7 6 0.0390708

8 6 0.0442072

9 6 0.0491691

10 6 0.0539369

11 6 0.0584919

12 6 0.0628161

13 6 0.0668924

14 6 0.0707046

15 6 0.0742378

16 6 0.0774781

17 6 0.0804125

18 6 0.0830297

19 6 0.0853191

20 6 0.0872718

21 6 0.0888801

22 6 0.0901376

23 6 0.0910394

24 6 0.0915819

25 6 0.091763

26 6 0.0915819

27 6 0.0910394

28 6 0.0901376

29 6 0.0888801

30 6 0.0872718

31 6 0.0853191

32 6 0.0830297

33 6 0.0804125

34 6 0.0774781

35 6 0.0742378

36 6 0.0707046

37 6 0.0668924

38 6 0.0628161

39 6 0.0584919

40 6 0.0539369

41 6 0.0491691

42 6 0.0442072

43 6 0.0390708

44 6 0.0337802

45 6 0.0283563

46 6 0.0228205

47 6 0.0171947

48 6 0.011501

49 6 0.00576185

50 6 0

0 7 0

1 7 0.00666425

2 7 0.0133022

3 7 0.0198877

4 7 0.0263946

5 7 0.0327974

6 7 0.0390708

7 7 0.04519

8 7 0.0511308

9 7 0.0568698

10 7 0.0623844

11 7 0.0676528

12 7 0.0726542

13 7 0.0773689

14 7 0.0817782

15 7 0.0858648

16 7 0.0896125

17 7 0.0930066

18 7 0.0960336

19 7 0.0986816

20 7 0.10094

21 7 0.1028

22 7 0.104255

23 7 0.105298

24 7 0.105925

25 7 0.106135

26 7 0.105925

27 7 0.105298

28 7 0.104255

29 7 0.1028

30 7 0.10094

31 7 0.0986816

32 7 0.0960336

33 7 0.0930066

34 7 0.0896125

35 7 0.0858648

36 7 0.0817782

37 7 0.0773689

38 7 0.0726542

39 7 0.0676528

40 7 0.0623844

41 7 0.0568698

42 7 0.0511308

43 7 0.04519

44 7 0.0390708

45 7 0.0327974

46 7 0.0263946

47 7 0.0198877

48 7 0.0133022

49 7 0.00666425

50 7 0

0 8 0

1 8 0.00754036

2 8 0.015051

3 8 0.0225022

4 8 0.0298646

5 8 0.0371091

6 8 0.0442072

7 8 0.0511308

8 8 0.0578526

9 8 0.0643461

10 8 0.0705857

11 8 0.0765467

12 8 0.0822056

13 8 0.08754

14 8 0.092529

15 8 0.0971529

16 8 0.101393

17 8 0.105234

18 8 0.108658

19 8 0.111655

20 8 0.11421

21 8 0.116315

22 8 0.11796

23 8 0.119141

24 8 0.119851

25 8 0.120088

26 8 0.119851

27 8 0.119141

28 8 0.11796

29 8 0.116315

30 8 0.11421

31 8 0.111655

32 8 0.108658

33 8 0.105234

34 8 0.101393

35 8 0.0971529

36 8 0.092529

37 8 0.08754

38 8 0.0822056

39 8 0.0765467

40 8 0.0705857

41 8 0.0643461

42 8 0.0578526

43 8 0.0511308

44 8 0.0442072

45 8 0.0371091

46 8 0.0298646

47 8 0.0225022

48 8 0.015051

49 8 0.00754036

50 8 0

0 9 0

1 9 0.00838671

2 9 0.0167403

3 9 0.0250279

4 9 0.0332166

5 9 0.0412743

6 9 0.0491691

7 9 0.0568698

8 9 0.0643461

9 9 0.0715685

10 9 0.0785084

11 9 0.0851384

12 9 0.0914325

13 9 0.0973657

14 9 0.102915

15 9 0.108058

16 9 0.112774

17 9 0.117045

18 9 0.120855

19 9 0.124187

20 9 0.127029

21 9 0.12937

22 9 0.131201

23 9 0.132513

24 9 0.133303

25 9 0.133566

26 9 0.133303

27 9 0.132513

28 9 0.131201

29 9 0.12937

30 9 0.127029

31 9 0.124187

32 9 0.120855

33 9 0.117045

34 9 0.112774

35 9 0.108058

36 9 0.102915

37 9 0.0973657

38 9 0.0914325

39 9 0.0851384

40 9 0.0785084

41 9 0.0715685

42 9 0.0643461

43 9 0.0568698

44 9 0.0491691

45 9 0.0412743

46 9 0.0332166

47 9 0.0250279

48 9 0.0167403

49 9 0.00838671

50 9 0

0 10 0

1 10 0.00919995

2 10 0.0183636

3 10 0.0274548

4 10 0.0364376

5 10 0.0452766

6 10 0.0539369

7 10 0.0623844

8 10 0.0705857

9 10 0.0785084

10 10 0.0861212

11 10 0.0933942

12 10 0.100299

13 10 0.106807

14 10 0.112894

15 10 0.118536

16 10 0.123709

17 10 0.128395

18 10 0.132574

19 10 0.136229

20 10 0.139347

21 10 0.141915

22 10 0.143923

23 10 0.145363

24 10 0.146229

25 10 0.146518

26 10 0.146229

27 10 0.145363

28 10 0.143923

29 10 0.141915

30 10 0.139347

31 10 0.136229

32 10 0.132574

33 10 0.128395

34 10 0.123709

35 10 0.118536

36 10 0.112894

37 10 0.106807

38 10 0.100299

39 10 0.0933942

40 10 0.0861212

41 10 0.0785084

42 10 0.0705857

43 10 0.0623844

44 10 0.0539369

45 10 0.0452766

46 10 0.0364376

47 10 0.0274548

48 10 0.0183636

49 10 0.00919995

50 10 0

0 11 0

1 11 0.00997689

2 11 0.0199144

3 11 0.0297733

4 11 0.0395148

5 11 0.0491002

6 11 0.0584919

7 11 0.0676528

8 11 0.0765467

9 11 0.0851384

10 11 0.0933942

11 11 0.101281

12 11 0.108769

13 11 0.115827

14 11 0.122428

15 11 0.128546

16 11 0.134157

17 11 0.139238

18 11 0.14377

19 11 0.147734

20 11 0.151115

21 11 0.1539

22 11 0.156077

23 11 0.157639

24 11 0.158578

25 11 0.158892

26 11 0.158578

27 11 0.157639

28 11 0.156077

29 11 0.1539

30 11 0.151115

31 11 0.147734

32 11 0.14377

33 11 0.139238

34 11 0.134157

35 11 0.128546

36 11 0.122428

37 11 0.115827

38 11 0.108769

39 11 0.101281

40 11 0.0933942

41 11 0.0851384

42 11 0.0765467

43 11 0.0676528

44 11 0.0584919

45 11 0.0491002

46 11 0.0395148

47 11 0.0297733

48 11 0.0199144

49 11 0.00997689

50 11 0

0 12 0

1 12 0.0107145

2 12 0.0213866

3 12 0.0319744

4 12 0.042436

5 12 0.0527301

6 12 0.0628161

7 12 0.0726542

8 12 0.0822056

9 12 0.0914325

10 12 0.100299

11 12 0.108769

12 12 0.11681

13 12 0.12439

14 12 0.131479

15 12 0.138049

16 12 0.144075

17 12 0.149531

18 12 0.154398

19 12 0.158655

20 12 0.162287

21 12 0.165277

22 12 0.167616

23 12 0.169293

24 12 0.170301

25 12 0.170638

26 12 0.170301

27 12 0.169293

28 12 0.167616

29 12 0.165277

30 12 0.162287

31 12 0.158655

32 12 0.154398

33 12 0.149531

34 12 0.144075

35 12 0.138049

36 12 0.131479

37 12 0.12439

38 12 0.11681

39 12 0.108769

40 12 0.100299

41 12 0.0914325

42 12 0.0822056

43 12 0.0726542

44 12 0.0628161

45 12 0.0527301

46 12 0.042436

47 12 0.0319744

48 12 0.0213866

49 12 0.0107145

50 12 0

0 13 0

1 13 0.0114097

2 13 0.0227745

3 13 0.0340493

4 13 0.0451897

5 13 0.0561519

6 13 0.0668924

7 13 0.0773689

8 13 0.08754

9 13 0.0973657

10 13 0.106807

11 13 0.115827

12 13 0.12439

13 13 0.132462

14 13 0.140011

15 13 0.147007

16 13 0.153424

17 13 0.159235

18 13 0.164417

19 13 0.168951

20 13 0.172818

21 13 0.176002

22 13 0.178493

23 13 0.180278

24 13 0.181353

25 13 0.181711

26 13 0.181353

27 13 0.180278

28 13 0.178493

29 13 0.176002

30 13 0.172818

31 13 0.168951

32 13 0.164417

33 13 0.159235

34 13 0.153424

35 13 0.147007

36 13 0.140011

37 13 0.132462

38 13 0.12439

39 13 0.115827

40 13 0.106807

41 13 0.0973657

42 13 0.08754

43 13 0.0773689

44 13 0.0668924

45 13 0.0561519

46 13 0.0451897

47 13 0.0340493

48 13 0.0227745

49 13 0.0114097

50 13 0

0 14 0

1 14 0.01206

2 14 0.0240724

3 14 0.0359898

4 14 0.0477651

5 14 0.059352

6 14 0.0707046

7 14 0.0817782

8 14 0.092529

9 14 0.102915

10 14 0.112894

11 14 0.122428

12 14 0.131479

13 14 0.140011

14 14 0.14799

15 14 0.155386

16 14 0.162168

17 14 0.16831

18 14 0.173788

19 14 0.178579

20 14 0.182667

21 14 0.186033

22 14 0.188665

23 14 0.190553

24 14 0.191688

25 14 0.192067

26 14 0.191688

27 14 0.190553

28 14 0.188665

29 14 0.186033

30 14 0.182667

31 14 0.178579

32 14 0.173788

33 14 0.16831

34 14 0.162168

35 14 0.155386

36 14 0.14799

37 14 0.140011

38 14 0.131479

39 14 0.122428

40 14 0.112894

41 14 0.102915

42 14 0.092529

43 14 0.0817782

44 14 0.0707046

45 14 0.059352

46 14 0.0477651

47 14 0.0359898

48 14 0.0240724

49 14 0.01206

50 14 0

0 15 0

1 15 0.0126626

2 15 0.0252753

3 15 0.0377883

4 15 0.050152

5 15 0.0623179

6 15 0.0742378

7 15 0.0858648

8 15 0.0971529

9 15 0.108058

10 15 0.118536

11 15 0.128546

12 15 0.138049

13 15 0.147007

14 15 0.155386

15 15 0.16315

16 15 0.170271

17 15 0.17672

18 15 0.182472

19 15 0.187503

20 15 0.191795

21 15 0.195329

22 15 0.198093

23 15 0.200075

24 15 0.201267

25 15 0.201665

26 15 0.201267

27 15 0.200075

28 15 0.198093

29 15 0.195329

30 15 0.191795

31 15 0.187503

32 15 0.182472

33 15 0.17672

34 15 0.170271

35 15 0.16315

36 15 0.155386

37 15 0.147007

38 15 0.138049

39 15 0.128546

40 15 0.118536

41 15 0.108058

42 15 0.0971529

43 15 0.0858648

44 15 0.0742378

45 15 0.0623179

46 15 0.050152

47 15 0.0377883

48 15 0.0252753

49 15 0.0126626

50 15 0

0 16 0

1 16 0.0132153

2 16 0.0263785

3 16 0.0394376

4 16 0.052341

5 16 0.0650379

6 16 0.0774781

7 16 0.0896125

8 16 0.101393

9 16 0.112774

10 16 0.123709

11 16 0.134157

12 16 0.144075

13 16 0.153424

14 16 0.162168

15 16 0.170271

16 16 0.177703

17 16 0.184434

18 16 0.190436

19 16 0.195687

20 16 0.200166

21 16 0.203855

22 16 0.206739

23 16 0.208807

24 16 0.210052

25 16 0.210467

26 16 0.210052

27 16 0.208807

28 16 0.206739

29 16 0.203855

30 16 0.200166

31 16 0.195687

32 16 0.190436

33 16 0.184434

34 16 0.177703

35 16 0.170271

36 16 0.162168

37 16 0.153424

38 16 0.144075

39 16 0.134157

40 16 0.123709

41 16 0.112774

42 16 0.101393

43 16 0.0896125

44 16 0.0774781

45 16 0.0650379

46 16 0.052341

47 16 0.0394376

48 16 0.0263785

49 16 0.0132153

50 16 0

0 17 0

1 17 0.0137159

2 17 0.0273776

3 17 0.0409313

4 17 0.0543234

5 17 0.0675012

6 17 0.0804125

7 17 0.0930066

8 17 0.105234

9 17 0.117045

10 17 0.128395

11 17 0.139238

12 17 0.149531

13 17 0.159235

14 17 0.16831

15 17 0.17672

16 17 0.184434

17 17 0.191419

18 17 0.197649

19 17 0.203099

20 17 0.207747

21 17 0.211576

22 17 0.214569

23 17 0.216716

24 17 0.218007

25 17 0.218438

26 17 0.218007

27 17 0.216716

28 17 0.214569

29 17 0.211576

30 17 0.207747

31 17 0.203099

32 17 0.197649

33 17 0.191419

34 17 0.184434

35 17 0.17672

36 17 0.16831

37 17 0.159235

38 17 0.149531

39 17 0.139238

40 17 0.128395

41 17 0.117045

42 17 0.105234

43 17 0.0930066

44 17 0.0804125

45 17 0.0675012

46 17 0.0543234

47 17 0.0409313

48 17 0.0273776

49 17 0.0137159

50 17 0

0 18 0

1 18 0.0141623

2 18 0.0282686

3 18 0.0422634

4 18 0.0560914

5 18 0.0696981

6 18 0.0830297

7 18 0.0960336

8 18 0.108658

9 18 0.120855

10 18 0.132574

11 18 0.14377

12 18 0.154398

13 18 0.164417

14 18 0.173788

15 18 0.182472

16 18 0.190436

17 18 0.197649

18 18 0.204082

19 18 0.209709

20 18 0.214509

21 18 0.218462

22 18 0.221553

23 18 0.223769

24 18 0.225103

25 18 0.225548

26 18 0.225103

27 18 0.223769

28 18 0.221553

29 18 0.218462

30 18 0.214509

31 18 0.209709

32 18 0.204082

33 18 0.197649

34 18 0.190436

35 18 0.182472

36 18 0.173788

37 18 0.164417

38 18 0.154398

39 18 0.14377

40 18 0.132574

41 18 0.120855

42 18 0.108658

43 18 0.0960336

44 18 0.0830297

45 18 0.0696981

46 18 0.0560914

47 18 0.0422634

48 18 0.0282686

49 18 0.0141623

50 18 0

0 19 0

1 19 0.0145528

2 19 0.0290481

3 19 0.0434288

4 19 0.0576381

5 19 0.0716199

6 19 0.0853191

7 19 0.0986816

8 19 0.111655

9 19 0.124187

10 19 0.136229

11 19 0.147734

12 19 0.158655

13 19 0.168951

14 19 0.178579

15 19 0.187503

16 19 0.195687

17 19 0.203099

18 19 0.209709

19 19 0.215491

20 19 0.220423

21 19 0.224486

22 19 0.227662

23 19 0.229939

24 19 0.23131

25 19 0.231767

26 19 0.23131

27 19 0.229939

28 19 0.227662

29 19 0.224486

30 19 0.220423

31 19 0.215491

32 19 0.209709

33 19 0.203099

34 19 0.195687

35 19 0.187503

36 19 0.178579

37 19 0.168951

38 19 0.158655

39 19 0.147734

40 19 0.136229

41 19 0.124187

42 19 0.111655

43 19 0.0986816

44 19 0.0853191

45 19 0.0716199

46 19 0.0576381

47 19 0.0434288

48 19 0.0290481

49 19 0.0145528

50 19 0

0 20 0

1 20 0.0148858

2 20 0.0297129

3 20 0.0444228

4 20 0.0589573

5 20 0.0732591

6 20 0.0872718

7 20 0.10094

8 20 0.11421

9 20 0.127029

10 20 0.139347

11 20 0.151115

12 20 0.162287

13 20 0.172818

14 20 0.182667

15 20 0.191795

16 20 0.200166

17 20 0.207747

18 20 0.214509

19 20 0.220423

20 20 0.225468

21 20 0.229623

22 20 0.232872

23 20 0.235202

24 20 0.236604

25 20 0.237071

26 20 0.236604

27 20 0.235202

28 20 0.232872

29 20 0.229623

30 20 0.225468

31 20 0.220423

32 20 0.214509

33 20 0.207747

34 20 0.200166

35 20 0.191795

36 20 0.182667

37 20 0.172818

38 20 0.162287

39 20 0.151115

40 20 0.139347

41 20 0.127029

42 20 0.11421

43 20 0.10094

44 20 0.0872718

45 20 0.0732591

46 20 0.0589573

47 20 0.0444228

48 20 0.0297129

49 20 0.0148858

50 20 0

0 21 0

1 21 0.0151602

2 21 0.0302605

3 21 0.0452414

4 21 0.0600438

5 21 0.0746092

6 21 0.0888801

7 21 0.1028

8 21 0.116315

9 21 0.12937

10 21 0.141915

11 21 0.1539

12 21 0.165277

13 21 0.176002

14 21 0.186033

15 21 0.195329

16 21 0.203855

17 21 0.211576

18 21 0.218462

19 21 0.224486

20 21 0.229623

21 21 0.233855

22 21 0.237164

23 21 0.239536

24 21 0.240964

25 21 0.24144

26 21 0.240964

27 21 0.239536

28 21 0.237164

29 21 0.233855

30 21 0.229623

31 21 0.224486

32 21 0.218462

33 21 0.211576

34 21 0.203855

35 21 0.195329

36 21 0.186033

37 21 0.176002

38 21 0.165277

39 21 0.1539

40 21 0.141915

41 21 0.12937

42 21 0.116315

43 21 0.1028

44 21 0.0888801

45 21 0.0746092

46 21 0.0600438

47 21 0.0452414

48 21 0.0302605

49 21 0.0151602

50 21 0

0 22 0

1 22 0.0153747

2 22 0.0306886

3 22 0.0458815

4 22 0.0608933

5 22 0.0756648

6 22 0.0901376

7 22 0.104255

8 22 0.11796

9 22 0.131201

10 22 0.143923

11 22 0.156077

12 22 0.167616

13 22 0.178493

14 22 0.188665

15 22 0.198093

16 22 0.206739

17 22 0.214569

18 22 0.221553

19 22 0.227662

20 22 0.232872

21 22 0.237164

22 22 0.240519

23 22 0.242926

24 22 0.244373

25 22 0.244856

26 22 0.244373

27 22 0.242926

28 22 0.240519

29 22 0.237164

30 22 0.232872

31 22 0.227662

32 22 0.221553

33 22 0.214569

34 22 0.206739

35 22 0.198093

36 22 0.188665

37 22 0.178493

38 22 0.167616

39 22 0.156077

40 22 0.143923

41 22 0.131201

42 22 0.11796

43 22 0.104255

44 22 0.0901376

45 22 0.0756648

46 22 0.0608933

47 22 0.0458815

48 22 0.0306886

49 22 0.0153747

50 22 0

0 23 0

1 23 0.0155285

2 23 0.0309957

3 23 0.0463405

4 23 0.0615025

5 23 0.0764218

6 23 0.0910394

7 23 0.105298

8 23 0.119141

9 23 0.132513

10 23 0.145363

11 23 0.157639

12 23 0.169293

13 23 0.180278

14 23 0.190553

15 23 0.200075

16 23 0.208807

17 23 0.216716

18 23 0.223769

19 23 0.229939

20 23 0.235202

21 23 0.239536

22 23 0.242926

23 23 0.245356

24 23 0.246818

25 23 0.247306

26 23 0.246818

27 23 0.245356

28 23 0.242926

29 23 0.239536

30 23 0.235202

31 23 0.229939

32 23 0.223769

33 23 0.216716

34 23 0.208807

35 23 0.200075

36 23 0.190553

37 23 0.180278

38 23 0.169293

39 23 0.157639

40 23 0.145363

41 23 0.132513

42 23 0.119141

43 23 0.105298

44 23 0.0910394

45 23 0.0764218

46 23 0.0615025

47 23 0.0463405

48 23 0.0309957

49 23 0.0155285

50 23 0

0 24 0

1 24 0.015621

2 24 0.0311804

3 24 0.0466167

4 24 0.061869

5 24 0.0768772

6 24 0.0915819

7 24 0.105925

8 24 0.119851

9 24 0.133303

10 24 0.146229

11 24 0.158578

12 24 0.170301

13 24 0.181353

14 24 0.191688

15 24 0.201267

16 24 0.210052

17 24 0.218007

18 24 0.225103

19 24 0.23131

20 24 0.236604

21 24 0.240964

22 24 0.244373

23 24 0.246818

24 24 0.248289

25 24 0.24878

26 24 0.248289

27 24 0.246818

28 24 0.244373

29 24 0.240964

30 24 0.236604

31 24 0.23131

32 24 0.225103

33 24 0.218007

34 24 0.210052

35 24 0.201267

36 24 0.191688

37 24 0.181353

38 24 0.170301

39 24 0.158578

40 24 0.146229

41 24 0.133303

42 24 0.119851

43 24 0.105925

44 24 0.0915819

45 24 0.0768772

46 24 0.061869

47 24 0.0466167

48 24 0.0311804

49 24 0.015621

50 24 0

0 25 0

1 25 0.0156519

2 25 0.031242

3 25 0.0467088

4 25 0.0619913

5 25 0.0770292

6 25 0.091763

7 25 0.106135

8 25 0.120088

9 25 0.133566

10 25 0.146518

11 25 0.158892

12 25 0.170638

13 25 0.181711

14 25 0.192067

15 25 0.201665

16 25 0.210467

17 25 0.218438

18 25 0.225548

19 25 0.231767

20 25 0.237071

21 25 0.24144

22 25 0.244856

23 25 0.247306

24 25 0.24878

25 25 0.249272

26 25 0.24878

27 25 0.247306

28 25 0.244856

29 25 0.24144

30 25 0.237071

31 25 0.231767

32 25 0.225548

33 25 0.218438

34 25 0.210467

35 25 0.201665

36 25 0.192067

37 25 0.181711

38 25 0.170638

39 25 0.158892

40 25 0.146518

41 25 0.133566

42 25 0.120088

43 25 0.106135

44 25 0.091763

45 25 0.0770292

46 25 0.0619913

47 25 0.0467088

48 25 0.031242

49 25 0.0156519

50 25 0

0 26 0

1 26 0.015621

2 26 0.0311804

3 26 0.0466167

4 26 0.061869

5 26 0.0768772

6 26 0.0915819

7 26 0.105925

8 26 0.119851

9 26 0.133303

10 26 0.146229

11 26 0.158578

12 26 0.170301

13 26 0.181353

14 26 0.191688

15 26 0.201267

16 26 0.210052

17 26 0.218007

18 26 0.225103

19 26 0.23131

20 26 0.236604

21 26 0.240964

22 26 0.244373

23 26 0.246818

24 26 0.248289

25 26 0.24878

26 26 0.248289

27 26 0.246818

28 26 0.244373

29 26 0.240964

30 26 0.236604

31 26 0.23131

32 26 0.225103

33 26 0.218007

34 26 0.210052

35 26 0.201267

36 26 0.191688

37 26 0.181353

38 26 0.170301

39 26 0.158578

40 26 0.146229

41 26 0.133303

42 26 0.119851

43 26 0.105925

44 26 0.0915819

45 26 0.0768772

46 26 0.061869

47 26 0.0466167

48 26 0.0311804

49 26 0.015621

50 26 0

0 27 0

1 27 0.0155285

2 27 0.0309957

3 27 0.0463405

4 27 0.0615025

5 27 0.0764218

6 27 0.0910394

7 27 0.105298

8 27 0.119141

9 27 0.132513

10 27 0.145363

11 27 0.157639

12 27 0.169293

13 27 0.180278

14 27 0.190553

15 27 0.200075

16 27 0.208807

17 27 0.216716

18 27 0.223769

19 27 0.229939

20 27 0.235202

21 27 0.239536

22 27 0.242926

23 27 0.245356

24 27 0.246818

25 27 0.247306

26 27 0.246818

27 27 0.245356

28 27 0.242926

29 27 0.239536

30 27 0.235202

31 27 0.229939

32 27 0.223769

33 27 0.216716

34 27 0.208807

35 27 0.200075

36 27 0.190553

37 27 0.180278

38 27 0.169293

39 27 0.157639

40 27 0.145363

41 27 0.132513

42 27 0.119141

43 27 0.105298

44 27 0.0910394

45 27 0.0764218

46 27 0.0615025

47 27 0.0463405

48 27 0.0309957

49 27 0.0155285

50 27 0

0 28 0

1 28 0.0153747

2 28 0.0306886

3 28 0.0458815

4 28 0.0608933

5 28 0.0756648

6 28 0.0901376

7 28 0.104255

8 28 0.11796

9 28 0.131201

10 28 0.143923

11 28 0.156077

12 28 0.167616

13 28 0.178493

14 28 0.188665

15 28 0.198093

16 28 0.206739

17 28 0.214569

18 28 0.221553

19 28 0.227662

20 28 0.232872

21 28 0.237164

22 28 0.240519

23 28 0.242926

24 28 0.244373

25 28 0.244856

26 28 0.244373

27 28 0.242926

28 28 0.240519

29 28 0.237164

30 28 0.232872

31 28 0.227662

32 28 0.221553

33 28 0.214569

34 28 0.206739

35 28 0.198093

36 28 0.188665

37 28 0.178493

38 28 0.167616

39 28 0.156077

40 28 0.143923

41 28 0.131201

42 28 0.11796

43 28 0.104255

44 28 0.0901376

45 28 0.0756648

46 28 0.0608933

47 28 0.0458815

48 28 0.0306886

49 28 0.0153747

50 28 0

0 29 0

1 29 0.0151602

2 29 0.0302605

3 29 0.0452414

4 29 0.0600438

5 29 0.0746092

6 29 0.0888801

7 29 0.1028

8 29 0.116315

9 29 0.12937

10 29 0.141915

11 29 0.1539

12 29 0.165277

13 29 0.176002

14 29 0.186033

15 29 0.195329

16 29 0.203855

17 29 0.211576

18 29 0.218462

19 29 0.224486

20 29 0.229623

21 29 0.233855

22 29 0.237164

23 29 0.239536

24 29 0.240964

25 29 0.24144

26 29 0.240964

27 29 0.239536

28 29 0.237164

29 29 0.233855

30 29 0.229623

31 29 0.224486

32 29 0.218462

33 29 0.211576

34 29 0.203855

35 29 0.195329

36 29 0.186033

37 29 0.176002

38 29 0.165277

39 29 0.1539

40 29 0.141915

41 29 0.12937

42 29 0.116315

43 29 0.1028

44 29 0.0888801

45 29 0.0746092

46 29 0.0600438

47 29 0.0452414

48 29 0.0302605

49 29 0.0151602

50 29 0

0 30 0

1 30 0.0148858

2 30 0.0297129

3 30 0.0444228

4 30 0.0589573

5 30 0.0732591

6 30 0.0872718

7 30 0.10094

8 30 0.11421

9 30 0.127029

10 30 0.139347

11 30 0.151115

12 30 0.162287

13 30 0.172818

14 30 0.182667

15 30 0.191795

16 30 0.200166

17 30 0.207747

18 30 0.214509

19 30 0.220423

20 30 0.225468

21 30 0.229623

22 30 0.232872

23 30 0.235202

24 30 0.236604

25 30 0.237071

26 30 0.236604

27 30 0.235202

28 30 0.232872

29 30 0.229623

30 30 0.225468

31 30 0.220423

32 30 0.214509

33 30 0.207747

34 30 0.200166

35 30 0.191795

36 30 0.182667

37 30 0.172818

38 30 0.162287

39 30 0.151115

40 30 0.139347

41 30 0.127029

42 30 0.11421

43 30 0.10094

44 30 0.0872718

45 30 0.0732591

46 30 0.0589573

47 30 0.0444228

48 30 0.0297129

49 30 0.0148858

50 30 0

0 31 0

1 31 0.0145528

2 31 0.0290481

3 31 0.0434288

4 31 0.0576381

5 31 0.0716199

6 31 0.0853191

7 31 0.0986816

8 31 0.111655

9 31 0.124187

10 31 0.136229

11 31 0.147734

12 31 0.158655

13 31 0.168951

14 31 0.178579

15 31 0.187503

16 31 0.195687

17 31 0.203099

18 31 0.209709

19 31 0.215491

20 31 0.220423

21 31 0.224486

22 31 0.227662

23 31 0.229939

24 31 0.23131

25 31 0.231767

26 31 0.23131

27 31 0.229939

28 31 0.227662

29 31 0.224486

30 31 0.220423

31 31 0.215491

32 31 0.209709

33 31 0.203099

34 31 0.195687

35 31 0.187503

36 31 0.178579

37 31 0.168951

38 31 0.158655

39 31 0.147734

40 31 0.136229

41 31 0.124187

42 31 0.111655

43 31 0.0986816

44 31 0.0853191

45 31 0.0716199

46 31 0.0576381

47 31 0.0434288

48 31 0.0290481

49 31 0.0145528

50 31 0

0 32 0

1 32 0.0141623

2 32 0.0282686

3 32 0.0422634

4 32 0.0560914

5 32 0.0696981

6 32 0.0830297

7 32 0.0960336

8 32 0.108658

9 32 0.120855

10 32 0.132574

11 32 0.14377

12 32 0.154398

13 32 0.164417

14 32 0.173788

15 32 0.182472

16 32 0.190436

17 32 0.197649

18 32 0.204082

19 32 0.209709

20 32 0.214509

21 32 0.218462

22 32 0.221553

23 32 0.223769

24 32 0.225103

25 32 0.225548

26 32 0.225103

27 32 0.223769

28 32 0.221553

29 32 0.218462

30 32 0.214509

31 32 0.209709

32 32 0.204082

33 32 0.197649

34 32 0.190436

35 32 0.182472

36 32 0.173788

37 32 0.164417

38 32 0.154398

39 32 0.14377

40 32 0.132574

41 32 0.120855

42 32 0.108658

43 32 0.0960336

44 32 0.0830297

45 32 0.0696981

46 32 0.0560914

47 32 0.0422634

48 32 0.0282686

49 32 0.0141623

50 32 0

0 33 0

1 33 0.0137159

2 33 0.0273776

3 33 0.0409313

4 33 0.0543234

5 33 0.0675012

6 33 0.0804125

7 33 0.0930066

8 33 0.105234

9 33 0.117045

10 33 0.128395

11 33 0.139238

12 33 0.149531

13 33 0.159235

14 33 0.16831

15 33 0.17672

16 33 0.184434

17 33 0.191419

18 33 0.197649

19 33 0.203099

20 33 0.207747

21 33 0.211576

22 33 0.214569

23 33 0.216716

24 33 0.218007

25 33 0.218438

26 33 0.218007

27 33 0.216716

28 33 0.214569

29 33 0.211576

30 33 0.207747

31 33 0.203099

32 33 0.197649

33 33 0.191419

34 33 0.184434

35 33 0.17672

36 33 0.16831

37 33 0.159235

38 33 0.149531

39 33 0.139238

40 33 0.128395

41 33 0.117045

42 33 0.105234

43 33 0.0930066

44 33 0.0804125

45 33 0.0675012

46 33 0.0543234

47 33 0.0409313

48 33 0.0273776

49 33 0.0137159

50 33 0

0 34 0

1 34 0.0132153

2 34 0.0263785

3 34 0.0394376

4 34 0.052341

5 34 0.0650379

6 34 0.0774781

7 34 0.0896125

8 34 0.101393

9 34 0.112774

10 34 0.123709

11 34 0.134157

12 34 0.144075

13 34 0.153424

14 34 0.162168

15 34 0.170271

16 34 0.177703

17 34 0.184434

18 34 0.190436

19 34 0.195687

20 34 0.200166

21 34 0.203855

22 34 0.206739

23 34 0.208807

24 34 0.210052

25 34 0.210467

26 34 0.210052

27 34 0.208807

28 34 0.206739

29 34 0.203855

30 34 0.200166

31 34 0.195687

32 34 0.190436

33 34 0.184434

34 34 0.177703

35 34 0.170271

36 34 0.162168

37 34 0.153424

38 34 0.144075

39 34 0.134157

40 34 0.123709

41 34 0.112774

42 34 0.101393

43 34 0.0896125

44 34 0.0774781

45 34 0.0650379

46 34 0.052341

47 34 0.0394376

48 34 0.0263785

49 34 0.0132153

50 34 0

0 35 0

1 35 0.0126626

2 35 0.0252753

3 35 0.0377883

4 35 0.050152

5 35 0.0623179

6 35 0.0742378

7 35 0.0858648

8 35 0.0971529

9 35 0.108058

10 35 0.118536

11 35 0.128546

12 35 0.138049

13 35 0.147007

14 35 0.155386

15 35 0.16315

16 35 0.170271

17 35 0.17672

18 35 0.182472

19 35 0.187503

20 35 0.191795

21 35 0.195329

22 35 0.198093

23 35 0.200075

24 35 0.201267

25 35 0.201665

26 35 0.201267

27 35 0.200075

28 35 0.198093

29 35 0.195329

30 35 0.191795

31 35 0.187503

32 35 0.182472

33 35 0.17672

34 35 0.170271

35 35 0.16315

36 35 0.155386

37 35 0.147007

38 35 0.138049

39 35 0.128546

40 35 0.118536

41 35 0.108058

42 35 0.0971529

43 35 0.0858648

44 35 0.0742378

45 35 0.0623179

46 35 0.050152

47 35 0.0377883

48 35 0.0252753

49 35 0.0126626

50 35 0

0 36 0

1 36 0.01206

2 36 0.0240724

3 36 0.0359898

4 36 0.0477651

5 36 0.059352

6 36 0.0707046

7 36 0.0817782

8 36 0.092529

9 36 0.102915

10 36 0.112894

11 36 0.122428

12 36 0.131479

13 36 0.140011

14 36 0.14799

15 36 0.155386

16 36 0.162168

17 36 0.16831

18 36 0.173788

19 36 0.178579

20 36 0.182667

21 36 0.186033

22 36 0.188665

23 36 0.190553

24 36 0.191688

25 36 0.192067

26 36 0.191688

27 36 0.190553

28 36 0.188665

29 36 0.186033

30 36 0.182667

31 36 0.178579

32 36 0.173788

33 36 0.16831

34 36 0.162168

35 36 0.155386

36 36 0.14799

37 36 0.140011

38 36 0.131479

39 36 0.122428

40 36 0.112894

41 36 0.102915

42 36 0.092529

43 36 0.0817782

44 36 0.0707046

45 36 0.059352

46 36 0.0477651

47 36 0.0359898

48 36 0.0240724

49 36 0.01206

50 36 0

0 37 0

1 37 0.0114097

2 37 0.0227745

3 37 0.0340493

4 37 0.0451897

5 37 0.0561519

6 37 0.0668924

7 37 0.0773689

8 37 0.08754

9 37 0.0973657

10 37 0.106807

11 37 0.115827

12 37 0.12439

13 37 0.132462

14 37 0.140011

15 37 0.147007

16 37 0.153424

17 37 0.159235

18 37 0.164417

19 37 0.168951

20 37 0.172818

21 37 0.176002

22 37 0.178493

23 37 0.180278

24 37 0.181353

25 37 0.181711

26 37 0.181353

27 37 0.180278

28 37 0.178493

29 37 0.176002

30 37 0.172818

31 37 0.168951

32 37 0.164417

33 37 0.159235

34 37 0.153424

35 37 0.147007

36 37 0.140011

37 37 0.132462

38 37 0.12439

39 37 0.115827

40 37 0.106807

41 37 0.0973657

42 37 0.08754

43 37 0.0773689

44 37 0.0668924

45 37 0.0561519

46 37 0.0451897

47 37 0.0340493

48 37 0.0227745

49 37 0.0114097

50 37 0

0 38 0

1 38 0.0107145

2 38 0.0213866

3 38 0.0319744

4 38 0.042436

5 38 0.0527301

6 38 0.0628161

7 38 0.0726542

8 38 0.0822056

9 38 0.0914325

10 38 0.100299

11 38 0.108769

12 38 0.11681

13 38 0.12439

14 38 0.131479

15 38 0.138049

16 38 0.144075

17 38 0.149531

18 38 0.154398

19 38 0.158655

20 38 0.162287

21 38 0.165277

22 38 0.167616

23 38 0.169293

24 38 0.170301

25 38 0.170638

26 38 0.170301

27 38 0.169293

28 38 0.167616

29 38 0.165277

30 38 0.162287

31 38 0.158655

32 38 0.154398

33 38 0.149531

34 38 0.144075

35 38 0.138049

36 38 0.131479

37 38 0.12439

38 38 0.11681

39 38 0.108769

40 38 0.100299

41 38 0.0914325

42 38 0.0822056

43 38 0.0726542

44 38 0.0628161

45 38 0.0527301

46 38 0.042436

47 38 0.0319744

48 38 0.0213866

49 38 0.0107145

50 38 0

0 39 0

1 39 0.00997689

2 39 0.0199144

3 39 0.0297733

4 39 0.0395148

5 39 0.0491002

6 39 0.0584919

7 39 0.0676528

8 39 0.0765467

9 39 0.0851384

10 39 0.0933942

11 39 0.101281

12 39 0.108769

13 39 0.115827

14 39 0.122428

15 39 0.128546

16 39 0.134157

17 39 0.139238

18 39 0.14377

19 39 0.147734

20 39 0.151115

21 39 0.1539

22 39 0.156077

23 39 0.157639

24 39 0.158578

25 39 0.158892

26 39 0.158578

27 39 0.157639

28 39 0.156077

29 39 0.1539

30 39 0.151115

31 39 0.147734

32 39 0.14377

33 39 0.139238

34 39 0.134157

35 39 0.128546

36 39 0.122428

37 39 0.115827

38 39 0.108769

39 39 0.101281

40 39 0.0933942

41 39 0.0851384

42 39 0.0765467

43 39 0.0676528

44 39 0.0584919

45 39 0.0491002

46 39 0.0395148

47 39 0.0297733

48 39 0.0199144

49 39 0.00997689

50 39 0

0 40 0

1 40 0.00919995

2 40 0.0183636

3 40 0.0274548

4 40 0.0364376

5 40 0.0452766

6 40 0.0539369

7 40 0.0623844

8 40 0.0705857

9 40 0.0785084

10 40 0.0861212

11 40 0.0933942

12 40 0.100299

13 40 0.106807

14 40 0.112894

15 40 0.118536

16 40 0.123709

17 40 0.128395

18 40 0.132574

19 40 0.136229

20 40 0.139347

21 40 0.141915

22 40 0.143923

23 40 0.145363

24 40 0.146229

25 40 0.146518

26 40 0.146229

27 40 0.145363

28 40 0.143923

29 40 0.141915

30 40 0.139347

31 40 0.136229

32 40 0.132574

33 40 0.128395

34 40 0.123709

35 40 0.118536

36 40 0.112894

37 40 0.106807

38 40 0.100299

39 40 0.0933942

40 40 0.0861212

41 40 0.0785084

42 40 0.0705857

43 40 0.0623844

44 40 0.0539369

45 40 0.0452766

46 40 0.0364376

47 40 0.0274548

48 40 0.0183636

49 40 0.00919995

50 40 0

0 41 0

1 41 0.00838671

2 41 0.0167403

3 41 0.0250279

4 41 0.0332166

5 41 0.0412743

6 41 0.0491691

7 41 0.0568698

8 41 0.0643461

9 41 0.0715685

10 41 0.0785084

11 41 0.0851384

12 41 0.0914325

13 41 0.0973657

14 41 0.102915

15 41 0.108058

16 41 0.112774

17 41 0.117045

18 41 0.120855

19 41 0.124187

20 41 0.127029

21 41 0.12937

22 41 0.131201

23 41 0.132513

24 41 0.133303

25 41 0.133566

26 41 0.133303

27 41 0.132513

28 41 0.131201

29 41 0.12937

30 41 0.127029

31 41 0.124187

32 41 0.120855

33 41 0.117045

34 41 0.112774

35 41 0.108058

36 41 0.102915

37 41 0.0973657

38 41 0.0914325

39 41 0.0851384

40 41 0.0785084

41 41 0.0715685

42 41 0.0643461

43 41 0.0568698

44 41 0.0491691

45 41 0.0412743

46 41 0.0332166

47 41 0.0250279

48 41 0.0167403

49 41 0.00838671

50 41 0

0 42 0

1 42 0.00754036

2 42 0.015051

3 42 0.0225022

4 42 0.0298646

5 42 0.0371091

6 42 0.0442072

7 42 0.0511308

8 42 0.0578526

9 42 0.0643461

10 42 0.0705857

11 42 0.0765467

12 42 0.0822056

13 42 0.08754

14 42 0.092529

15 42 0.0971529

16 42 0.101393

17 42 0.105234

18 42 0.108658

19 42 0.111655

20 42 0.11421

21 42 0.116315

22 42 0.11796

23 42 0.119141

24 42 0.119851

25 42 0.120088

26 42 0.119851

27 42 0.119141

28 42 0.11796

29 42 0.116315

30 42 0.11421

31 42 0.111655

32 42 0.108658

33 42 0.105234

34 42 0.101393

35 42 0.0971529

36 42 0.092529

37 42 0.08754

38 42 0.0822056

39 42 0.0765467

40 42 0.0705857

41 42 0.0643461

42 42 0.0578526

43 42 0.0511308

44 42 0.0442072

45 42 0.0371091

46 42 0.0298646

47 42 0.0225022

48 42 0.015051

49 42 0.00754036

50 42 0

0 43 0

1 43 0.00666425

2 43 0.0133022

3 43 0.0198877

4 43 0.0263946

5 43 0.0327974

6 43 0.0390708

7 43 0.04519

8 43 0.0511308

9 43 0.0568698

10 43 0.0623844

11 43 0.0676528

12 43 0.0726542

13 43 0.0773689

14 43 0.0817782

15 43 0.0858648

16 43 0.0896125

17 43 0.0930066

18 43 0.0960336

19 43 0.0986816

20 43 0.10094

21 43 0.1028

22 43 0.104255

23 43 0.105298

24 43 0.105925

25 43 0.106135

26 43 0.105925

27 43 0.105298

28 43 0.104255

29 43 0.1028

30 43 0.10094

31 43 0.0986816

32 43 0.0960336

33 43 0.0930066

34 43 0.0896125

35 43 0.0858648

36 43 0.0817782

37 43 0.0773689

38 43 0.0726542

39 43 0.0676528

40 43 0.0623844

41 43 0.0568698

42 43 0.0511308

43 43 0.04519

44 43 0.0390708

45 43 0.0327974

46 43 0.0263946

47 43 0.0198877

48 43 0.0133022

49 43 0.00666425

50 43 0

0 44 0

1 44 0.00576185

2 44 0.011501

3 44 0.0171947

4 44 0.0228205

5 44 0.0283563

6 44 0.0337802

7 44 0.0390708

8 44 0.0442072

9 44 0.0491691

10 44 0.0539369

11 44 0.0584919

12 44 0.0628161

13 44 0.0668924

14 44 0.0707046

15 44 0.0742378

16 44 0.0774781

17 44 0.0804125

18 44 0.0830297

19 44 0.0853191

20 44 0.0872718

21 44 0.0888801

22 44 0.0901376

23 44 0.0910394

24 44 0.0915819

25 44 0.091763

26 44 0.0915819

27 44 0.0910394

28 44 0.0901376

29 44 0.0888801

30 44 0.0872718

31 44 0.0853191

32 44 0.0830297

33 44 0.0804125

34 44 0.0774781

35 44 0.0742378

36 44 0.0707046

37 44 0.0668924

38 44 0.0628161

39 44 0.0584919

40 44 0.0539369

41 44 0.0491691

42 44 0.0442072

43 44 0.0390708

44 44 0.0337802

45 44 0.0283563

46 44 0.0228205

47 44 0.0171947

48 44 0.011501

49 44 0.00576185

50 44 0

0 45 0

1 45 0.0048367

2 45 0.00965432

3 45 0.0144338

4 45 0.0191564

5 45 0.0238033

6 45 0.0283563

7 45 0.0327974

8 45 0.0371091

9 45 0.0412743

10 45 0.0452766

11 45 0.0491002

12 45 0.0527301

13 45 0.0561519

14 45 0.059352

15 45 0.0623179

16 45 0.0650379

17 45 0.0675012

18 45 0.0696981

19 45 0.0716199

20 45 0.0732591

21 45 0.0746092

22 45 0.0756648

23 45 0.0764218

24 45 0.0768772

25 45 0.0770292

26 45 0.0768772

27 45 0.0764218

28 45 0.0756648

29 45 0.0746092

30 45 0.0732591

31 45 0.0716199

32 45 0.0696981

33 45 0.0675012

34 45 0.0650379

35 45 0.0623179

36 45 0.059352

37 45 0.0561519

38 45 0.0527301

39 45 0.0491002

40 45 0.0452766

41 45 0.0412743

42 45 0.0371091

43 45 0.0327974

44 45 0.0283563

45 45 0.0238033

46 45 0.0191564

47 45 0.0144338

48 45 0.00965432

49 45 0.0048367

50 45 0

0 46 0

1 46 0.00389247

2 46 0.00776957

3 46 0.011616

4 46 0.0154166

5 46 0.0191564

6 46 0.0228205

7 46 0.0263946

8 46 0.0298646

9 46 0.0332166

10 46 0.0364376

11 46 0.0395148

12 46 0.042436

13 46 0.0451897

14 46 0.0477651

15 46 0.050152

16 46 0.052341

17 46 0.0543234

18 46 0.0560914

19 46 0.0576381

20 46 0.0589573

21 46 0.0600438

22 46 0.0608933

23 46 0.0615025

24 46 0.061869

25 46 0.0619913

26 46 0.061869

27 46 0.0615025

28 46 0.0608933

29 46 0.0600438

30 46 0.0589573

31 46 0.0576381

32 46 0.0560914

33 46 0.0543234

34 46 0.052341

35 46 0.050152

36 46 0.0477651

37 46 0.0451897

38 46 0.042436

39 46 0.0395148

40 46 0.0364376

41 46 0.0332166

42 46 0.0298646

43 46 0.0263946

44 46 0.0228205

45 46 0.0191564

46 46 0.0154166

47 46 0.011616

48 46 0.00776957

49 46 0.00389247

50 46 0

0 47 0

1 47 0.00293287

2 47 0.00585417

3 47 0.00875237

4 47 0.011616

5 47 0.0144338

6 47 0.0171947

7 47 0.0198877

8 47 0.0225022

9 47 0.0250279

10 47 0.0274548

11 47 0.0297733

12 47 0.0319744

13 47 0.0340493

14 47 0.0359898

15 47 0.0377883

16 47 0.0394376

17 47 0.0409313

18 47 0.0422634

19 47 0.0434288

20 47 0.0444228

21 47 0.0452414

22 47 0.0458815

23 47 0.0463405

24 47 0.0466167

25 47 0.0467088

26 47 0.0466167

27 47 0.0463405

28 47 0.0458815

29 47 0.0452414

30 47 0.0444228

31 47 0.0434288

32 47 0.0422634

33 47 0.0409313

34 47 0.0394376

35 47 0.0377883

36 47 0.0359898

37 47 0.0340493

38 47 0.0319744

39 47 0.0297733

40 47 0.0274548

41 47 0.0250279

42 47 0.0225022

43 47 0.0198877

44 47 0.0171947

45 47 0.0144338

46 47 0.011616

47 47 0.00875237

48 47 0.00585417

49 47 0.00293287

50 47 0

0 48 0

1 48 0.0019617

2 48 0.00391566

3 48 0.00585417

4 48 0.00776957

5 48 0.00965432

6 48 0.011501

7 48 0.0133022

8 48 0.015051

9 48 0.0167403

10 48 0.0183636

11 48 0.0199144

12 48 0.0213866

13 48 0.0227745

14 48 0.0240724

15 48 0.0252753

16 48 0.0263785

17 48 0.0273776

18 48 0.0282686

19 48 0.0290481

20 48 0.0297129

21 48 0.0302605

22 48 0.0306886

23 48 0.0309957

24 48 0.0311804

25 48 0.031242

26 48 0.0311804

27 48 0.0309957

28 48 0.0306886

29 48 0.0302605

30 48 0.0297129

31 48 0.0290481

32 48 0.0282686

33 48 0.0273776

34 48 0.0263785

35 48 0.0252753

36 48 0.0240724

37 48 0.0227745

38 48 0.0213866

39 48 0.0199144

40 48 0.0183636

41 48 0.0167403

42 48 0.015051

43 48 0.0133022

44 48 0.011501

45 48 0.00965432

46 48 0.00776957

47 48 0.00585417

48 48 0.00391566

49 48 0.0019617

50 48 0

0 49 0

1 49 0.000982791

2 49 0.0019617

3 49 0.00293287

4 49 0.00389247

5 49 0.0048367

6 49 0.00576185

7 49 0.00666425

8 49 0.00754036

9 49 0.00838671

10 49 0.00919995

11 49 0.00997689

12 49 0.0107145

13 49 0.0114097

14 49 0.01206

15 49 0.0126626

16 49 0.0132153

17 49 0.0137159

18 49 0.0141623

19 49 0.0145528

20 49 0.0148858

21 49 0.0151602

22 49 0.0153747

23 49 0.0155285

24 49 0.015621

25 49 0.0156519

26 49 0.015621

27 49 0.0155285

28 49 0.0153747

29 49 0.0151602

30 49 0.0148858

31 49 0.0145528

32 49 0.0141623

33 49 0.0137159

34 49 0.0132153

35 49 0.0126626

36 49 0.01206

37 49 0.0114097

38 49 0.0107145

39 49 0.00997689

40 49 0.00919995

41 49 0.00838671

42 49 0.00754036

43 49 0.00666425

44 49 0.00576185

45 49 0.0048367

46 49 0.00389247

47 49 0.00293287

48 49 0.0019617

49 49 0.000982791

50 49 0

