0 1 0

1 1 0.00086619

2 1 0.00172896

3 1 0.00258491

4 1 0.00343066

5 1 0.00426286

6 1 0.00507825

7 1 0.00587359

8 1 0.00664575

9 1 0.00739169

10 1 0.00810845

11 1 0.00879321

12 1 0.00944327

13 1 0.0100561

14 1 0.0106292

15 1 0.0111603

16 1 0.0116474

17 1 0.0120886

18 1 0.012482

19 1 0.0128262

20 1 0.0131197

21 1 0.0133615

22 1 0.0135506

23 1 0.0136861

24 1 0.0137677

25 1 0.0137949

26 1 0.0137677

27 1 0.0136861

28 1 0.0135506

29 1 0.0133615

30 1 0.0131197

31 1 0.0128262

32 1 0.012482

33 1 0.0120886

34 1 0.0116474

35 1 0.0111603

36 1 0.0106292

37 1 0.0100561

38 1 0.00944327

39 1 0.00879321

40 1 0.00810845

41 1 0.00739169

42 1 0.00664575

43 1 0.00587359

44 1 0.00507825

45 1 0.00426286

46 1 0.00343066

47 1 0.00258491

48 1 0.00172896

49 1 0.00086619

50 1 0

0 2 0

1 2 0.00172896

2 2 0.0034511

3 2 0.00515962

4 2 0.00684777

5 2 0.0085089

6 2 0.0101365

7 2 0.011724

8 2 0.0132653

9 2 0.0147542

10 2 0.0161849

11 2 0.0175517

12 2 0.0188493

13 2 0.0200724

14 2 0.0212164

15 2 0.0222766

16 2 0.0232489

17 2 0.0241294

18 2 0.0249148

19 2 0.0256018

20 2 0.0261877

21 2 0.0266703

22 2 0.0270477

23 2 0.0273183

24 2 0.0274811

25 2 0.0275354

26 2 0.0274811

27 2 0.0273183

28 2 0.0270477

29 2 0.0266703

30 2 0.0261877

31 2 0.0256018

32 2 0.0249148

33 2 0.0241294

34 2 0.0232489

35 2 0.0222766

36 2 0.0212164

37 2 0.0200724

38 2 0.0188493

39 2 0.0175517

40 2 0.0161849

41 2 0.0147542

42 2 0.0132653

43 2 0.011724

44 2 0.0101365

45 2 0.0085089

46 2 0.00684777

47 2 0.00515962

48 2 0.0034511

49 2 0.00172896

50 2 0

0 3 0

1 3 0.00258491

2 3 0.00515962

3 3 0.00771396

4 3 0.0102379

5 3 0.0127214

6 3 0.0151547

7 3 0.0175281

8 3 0.0198324

9 3 0.0220585

10 3 0.0241975

11 3 0.026241

12 3 0.0281809

13 3 0.0300096

14 3 0.0317199

15 3 0.033305

16 3 0.0347586

17 3 0.0360751

18 3 0.0372492

19 3 0.0382763

20 3 0.0391523

21 3 0.0398738

22 3 0.040438

23 3 0.0408426

24 3 0.041086

25 3 0.0411672

26 3 0.041086

27 3 0.0408426

28 3 0.040438

29 3 0.0398738

30 3 0.0391523

31 3 0.0382763

32 3 0.0372492

33 3 0.0360751

34 3 0.0347586

35 3 0.033305

36 3 0.0317199

37 3 0.0300096

38 3 0.0281809

39 3 0.026241

40 3 0.0241975

41 3 0.0220585

42 3 0.0198324

43 3 0.0175281

44 3 0.0151547

45 3 0.0127214

46 3 0.0102379

47 3 0.00771396

48 3 0.00515962

49 3 0.00258491

50 3 0

0 4 0

1 4 0.00343066

2 4 0.00684777

3 4 0.0102379

4 4 0.0135876

5 4 0.0168836

6 4 0.020113

7 4 0.0232631

8 4 0.0263213

9 4 0.0292757

10 4 0.0321145

11 4 0.0348266

12 4 0.0374013

13 4 0.0398283

14 4 0.0420982

15 4 0.0442019

16 4 0.0461311

17 4 0.0478784

18 4 0.0494366

19 4 0.0507998

20 4 0.0519624

21 4 0.05292

22 4 0.0536688

23 4 0.0542057

24 4 0.0545287

25 4 0.0546365

26 4 0.0545287

27 4 0.0542057

28 4 0.0536688

29 4 0.05292

30 4 0.0519624

31 4 0.0507998

32 4 0.0494366

33 4 0.0478784

34 4 0.0461311

35 4 0.0442019

36 4 0.0420982

37 4 0.0398283

38 4 0.0374013

39 4 0.0348266

40 4 0.0321145

41 4 0.0292757

42 4 0.0263213

43 4 0.0232631

44 4 0.020113

45 4 0.0168836

46 4 0.0135876

47 4 0.0102379

48 4 0.00684777

49 4 0.00343066

50 4 0

0 5 0

1 5 0.00426286

2 5 0.0085089

3 5 0.0127214

4 5 0.0168836

5 5 0.0209792

6 5 0.0249921

7 5 0.0289063

8 5 0.0327064

9 5 0.0363774

10 5 0.0399049

11 5 0.0432749

12 5 0.0464741

13 5 0.0494899

14 5 0.0523103

15 5 0.0549244

16 5 0.0573216

17 5 0.0594927

18 5 0.0614289

19 5 0.0631227

20 5 0.0645675

21 5 0.0657573

22 5 0.0666877

23 5 0.0673549

24 5 0.0677563

25 5 0.0678902

26 5 0.0677563

27 5 0.0673549

28 5 0.0666877

29 5 0.0657573

30 5 0.0645675

31 5 0.0631227

32 5 0.0614289

33 5 0.0594927

34 5 0.0573216

35 5 0.0549244

36 5 0.0523103

37 5 0.0494899

38 5 0.0464741

39 5 0.0432749

40 5 0.0399049

41 5 0.0363774

42 5 0.0327064

43 5 0.0289063

44 5 0.0249921

45 5 0.0209792

46 5 0.0168836

47 5 0.0127214

48 5 0.0085089

49 5 0.00426286

50 5 0

0 6 0

1 6 0.00507825

2 6 0.0101365

3 6 0.0151547

4 6 0.020113

5 6 0.0249921

6 6 0.0297724

7 6 0.0344353

8 6 0.0389623

9 6 0.0433355

10 6 0.0475377

11 6 0.0515523

12 6 0.0553634

13 6 0.0589561

14 6 0.062316

15 6 0.0654301

16 6 0.0682859

17 6 0.0708722

18 6 0.0731788

19 6 0.0751966

20 6 0.0769177

21 6 0.0783351

22 6 0.0794435

23 6 0.0802383

24 6 0.0807164

25 6 0.080876

26 6 0.0807164

27 6 0.0802383

28 6 0.0794435

29 6 0.0783351

30 6 0.0769177

31 6 0.0751966

32 6 0.0731788

33 6 0.0708722

34 6 0.0682859

35 6 0.0654301

36 6 0.062316

37 6 0.0589561

38 6 0.0553634

39 6 0.0515523

40 6 0.0475377

41 6 0.0433355

42 6 0.0389623

43 6 0.0344353

44 6 0.0297724

45 6 0.0249921

46 6 0.020113

47 6 0.0151547

48 6 0.0101365

49 6 0.00507825

50 6 0

0 7 0

1 7 0.00587359

2 7 0.011724

3 7 0.0175281

4 7 0.0232631

5 7 0.0289063

6 7 0.0344353

7 7 0.0398285

8 7 0.0450645

9 7 0.0501226

10 7 0.054983

11 7 0.0596263

12 7 0.0640343

13 7 0.0681896

14 7 0.0720758

15 7 0.0756776

16 7 0.0789806

17 7 0.081972

18 7 0.0846399

19 7 0.0869737

20 7 0.0889643

21 7 0.0906038

22 7 0.0918857

23 7 0.092805

24 7 0.093358

25 7 0.0935426

26 7 0.093358

27 7 0.092805

28 7 0.0918857

29 7 0.0906038

30 7 0.0889643

31 7 0.0869737

32 7 0.0846399

33 7 0.081972

34 7 0.0789806

35 7 0.0756776

36 7 0.0720758

37 7 0.0681896

38 7 0.0640343

39 7 0.0596263

40 7 0.054983

41 7 0.0501226

42 7 0.0450645

43 7 0.0398285

44 7 0.0344353

45 7 0.0289063

46 7 0.0232631

47 7 0.0175281

48 7 0.011724

49 7 0.00587359

50 7 0

0 8 0

1 8 0.00664575

2 8 0.0132653

3 8 0.0198324

4 8 0.0263213

5 8 0.0327064

6 8 0.0389623

7 8 0.0450645

8 8 0.0509888

9 8 0.0567119

10 8 0.0622112

11 8 0.067465

12 8 0.0724525

13 8 0.0771541

14 8 0.0815512

15 8 0.0856264

16 8 0.0893637

17 8 0.0927483

18 8 0.0957669

19 8 0.0984076

20 8 0.10066

21 8 0.102515

22 8 0.103965

23 8 0.105005

24 8 0.105631

25 8 0.10584

26 8 0.105631

27 8 0.105005

28 8 0.103965

29 8 0.102515

30 8 0.10066

31 8 0.0984076

32 8 0.0957669

33 8 0.0927483

34 8 0.0893637

35 8 0.0856264

36 8 0.0815512

37 8 0.0771541

38 8 0.0724525

39 8 0.067465

40 8 0.0622112

41 8 0.0567119

42 8 0.0509888

43 8 0.0450645

44 8 0.0389623

45 8 0.0327064

46 8 0.0263213

47 8 0.0198324

48 8 0.0132653

49 8 0.00664575

50 8 0

0 9 0

1 9 0.00739169

2 9 0.0147542

3 9 0.0220585

4 9 0.0292757

5 9 0.0363774

6 9 0.0433355

7 9 0.0501226

8 9 0.0567119

9 9 0.0630774

10 9 0.0691939

11 9 0.0750374

12 9 0.0805847

13 9 0.085814

14 9 0.0907046

15 9 0.0952373

16 9 0.0993941

17 9 0.103159

18 9 0.106516

19 9 0.109453

20 9 0.111958

21 9 0.114021

22 9 0.115635

23 9 0.116792

24 9 0.117487

25 9 0.11772

26 9 0.117487

27 9 0.116792

28 9 0.115635

29 9 0.114021

30 9 0.111958

31 9 0.109453

32 9 0.106516

33 9 0.103159

34 9 0.0993941

35 9 0.0952373

36 9 0.0907046

37 9 0.085814

38 9 0.0805847

39 9 0.0750374

40 9 0.0691939

41 9 0.0630774

42 9 0.0567119

43 9 0.0501226

44 9 0.0433355

45 9 0.0363774

46 9 0.0292757

47 9 0.0220585

48 9 0.0147542

49 9 0.00739169

50 9 0

0 10 0

1 10 0.00810845

2 10 0.0161849

3 10 0.0241975

4 10 0.0321145

5 10 0.0399049

6 10 0.0475377

7 10 0.054983

8 10 0.0622112

9 10 0.0691939

10 10 0.0759036

11 10 0.0823137

12 10 0.0883989

13 10 0.0941353

14 10 0.0995002

15 10 0.104472

16 10 0.109032

17 10 0.113162

18 10 0.116845

19 10 0.120067

20 10 0.122815

21 10 0.125078

22 10 0.126848

23 10 0.128117

24 10 0.12888

25 10 0.129135

26 10 0.12888

27 10 0.128117

28 10 0.126848

29 10 0.125078

30 10 0.122815

31 10 0.120067

32 10 0.116845

33 10 0.113162

34 10 0.109032

35 10 0.104472

36 10 0.0995002

37 10 0.0941353

38 10 0.0883989

39 10 0.0823137

40 10 0.0759036

41 10 0.0691939

42 10 0.0622112

43 10 0.054983

44 10 0.0475377

45 10 0.0399049

46 10 0.0321145

47 10 0.0241975

48 10 0.0161849

49 10 0.00810845

50 10 0

0 11 0

1 11 0.00879321

2 11 0.0175517

3 11 0.026241

4 11 0.0348266

5 11 0.0432749

6 11 0.0515523

7 11 0.0596263

8 11 0.067465

9 11 0.0750374

10 11 0.0823137

11 11 0.0892651

12 11 0.0958643

13 11 0.102085

14 11 0.107903

15 11 0.113295

16 11 0.11824

17 11 0.122718

18 11 0.126712

19 11 0.130206

20 11 0.133186

21 11 0.135641

22 11 0.13756

23 11 0.138936

24 11 0.139764

25 11 0.14004

26 11 0.139764

27 11 0.138936

28 11 0.13756

29 11 0.135641

30 11 0.133186

31 11 0.130206

32 11 0.126712

33 11 0.122718

34 11 0.11824

35 11 0.113295

36 11 0.107903

37 11 0.102085

38 11 0.0958643

39 11 0.0892651

40 11 0.0823137

41 11 0.0750374

42 11 0.067465

43 11 0.0596263

44 11 0.0515523

45 11 0.0432749

46 11 0.0348266

47 11 0.026241

48 11 0.0175517

49 11 0.00879321

50 11 0

0 12 0

1 12 0.00944327

2 12 0.0188493

3 12 0.0281809

4 12 0.0374013

5 12 0.0464741

6 12 0.0553634

7 12 0.0640343

8 12 0.0724525

9 12 0.0805847

10 12 0.0883989

11 12 0.0958643

12 12 0.102951

13 12 0.109632

14 12 0.11588

15 12 0.121671

16 12 0.126981

17 12 0.131791

18 12 0.13608

19 12 0.139832

20 12 0.143032

21 12 0.145668

22 12 0.147729

23 12 0.149207

24 12 0.150096

25 12 0.150393

26 12 0.150096

27 12 0.149207

28 12 0.147729

29 12 0.145668

30 12 0.143032

31 12 0.139832

32 12 0.13608

33 12 0.131791

34 12 0.126981

35 12 0.121671

36 12 0.11588

37 12 0.109632

38 12 0.102951

39 12 0.0958643

40 12 0.0883989

41 12 0.0805847

42 12 0.0724525

43 12 0.0640343

44 12 0.0553634

45 12 0.0464741

46 12 0.0374013

47 12 0.0281809

48 12 0.0188493

49 12 0.00944327

50 12 0

0 13 0

1 13 0.0100561

2 13 0.0200724

3 13 0.0300096

4 13 0.0398283

5 13 0.0494899

6 13 0.0589561

7 13 0.0681896

8 13 0.0771541

9 13 0.085814

10 13 0.0941353

11 13 0.102085

12 13 0.109632

13 13 0.116746

14 13 0.1234

15 13 0.129566

16 13 0.135221

17 13 0.140343

18 13 0.14491

19 13 0.148906

20 13 0.152314

21 13 0.155121

22 13 0.157316

23 13 0.15889

24 13 0.159837

25 13 0.160153

26 13 0.159837

27 13 0.15889

28 13 0.157316

29 13 0.155121

30 13 0.152314

31 13 0.148906

32 13 0.14491

33 13 0.140343

34 13 0.135221

35 13 0.129566

36 13 0.1234

37 13 0.116746

38 13 0.109632

39 13 0.102085

40 13 0.0941353

41 13 0.085814

42 13 0.0771541

43 13 0.0681896

44 13 0.0589561

45 13 0.0494899

46 13 0.0398283

47 13 0.0300096

48 13 0.0200724

49 13 0.0100561

50 13 0

0 14 0

1 14 0.0106292

2 14 0.0212164

3 14 0.0317199

4 14 0.0420982

5 14 0.0523103

6 14 0.062316

7 14 0.0720758

8 14 0.0815512

9 14 0.0907046

10 14 0.0995002

11 14 0.107903

12 14 0.11588

13 14 0.1234

14 14 0.130432

15 14 0.13695

16 14 0.142928

17 14 0.148341

18 14 0.153169

19 14 0.157392

20 14 0.160995

21 14 0.163962

22 14 0.166281

23 14 0.167945

24 14 0.168946

25 14 0.16928

26 14 0.168946

27 14 0.167945

28 14 0.166281

29 14 0.163962

30 14 0.160995

31 14 0.157392

32 14 0.153169

33 14 0.148341

34 14 0.142928

35 14 0.13695

36 14 0.130432

37 14 0.1234

38 14 0.11588

39 14 0.107903

40 14 0.0995002

41 14 0.0907046

42 14 0.0815512

43 14 0.0720758

44 14 0.062316

45 14 0.0523103

46 14 0.0420982

47 14 0.0317199

48 14 0.0212164

49 14 0.0106292

50 14 0

0 15 0

1 15 0.0111603

2 15 0.0222766

3 15 0.033305

4 15 0.0442019

5 15 0.0549244

6 15 0.0654301

7 15 0.0756776

8 15 0.0856264

9 15 0.0952373

10 15 0.104472

11 15 0.113295

12 15 0.121671

13 15 0.129566

14 15 0.13695

15 15 0.143794

16 15 0.15007

17 15 0.155754

18 15 0.160823

19 15 0.165257

20 15 0.16904

21 15 0.172155

22 15 0.174591

23 15 0.176337

24 15 0.177388

25 15 0.177739

26 15 0.177388

27 15 0.176337

28 15 0.174591

29 15 0.172155

30 15 0.16904

31 15 0.165257

32 15 0.160823

33 15 0.155754

34 15 0.15007

35 15 0.143794

36 15 0.13695

37 15 0.129566

38 15 0.121671

39 15 0.113295

40 15 0.104472

41 15 0.0952373

42 15 0.0856264

43 15 0.0756776

44 15 0.0654301

45 15 0.0549244

46 15 0.0442019

47 15 0.033305

48 15 0.0222766

49 15 0.0111603

50 15 0

0 16 0

1 16 0.0116474

2 16 0.0232489

3 16 0.0347586

4 16 0.0461311

5 16 0.0573216

6 16 0.0682859

7 16 0.0789806

8 16 0.0893637

9 16 0.0993941

10 16 0.109032

11 16 0.11824

12 16 0.126981

13 16 0.135221

14 16 0.142928

15 16 0.15007

16 16 0.15662

17 16 0.162552

18 16 0.167842

19 16 0.17247

20 16 0.176418

21 16 0.179669

22 16 0.182211

23 16 0.184034

24 16 0.185131

25 16 0.185497

26 16 0.185131

27 16 0.184034

28 16 0.182211

29 16 0.179669

30 16 0.176418

31 16 0.17247

32 16 0.167842

33 16 0.162552

34 16 0.15662

35 16 0.15007

36 16 0.142928

37 16 0.135221

38 16 0.126981

39 16 0.11824

40 16 0.109032

41 16 0.0993941

42 16 0.0893637

43 16 0.0789806

44 16 0.0682859

45 16 0.0573216

46 16 0.0461311

47 16 0.0347586

48 16 0.0232489

49 16 0.0116474

50 16 0

0 17 0

1 17 0.0120886

2 17 0.0241294

3 17 0.0360751

4 17 0.0478784

5 17 0.0594927

6 17 0.0708722

7 17 0.081972

8 17 0.0927483

9 17 0.103159

10 17 0.113162

11 17 0.122718

12 17 0.131791

13 17 0.140343

14 17 0.148341

15 17 0.155754

16 17 0.162552

17 17 0.168709

18 17 0.174199

19 17 0.179003

20 17 0.1831

21 17 0.186474

22 17 0.189112

23 17 0.191004

24 17 0.192142

25 17 0.192522

26 17 0.192142

27 17 0.191004

28 17 0.189112

29 17 0.186474

30 17 0.1831

31 17 0.179003

32 17 0.174199

33 17 0.168709

34 17 0.162552

35 17 0.155754

36 17 0.148341

37 17 0.140343

38 17 0.131791

39 17 0.122718

40 17 0.113162

41 17 0.103159

42 17 0.0927483

43 17 0.081972

44 17 0.0708722

45 17 0.0594927

46 17 0.0478784

47 17 0.0360751

48 17 0.0241294

49 17 0.0120886

50 17 0

0 18 0

1 18 0.012482

2 18 0.0249148

3 18 0.0372492

4 18 0.0494366

5 18 0.0614289

6 18 0.0731788

7 18 0.0846399

8 18 0.0957669

9 18 0.106516

10 18 0.116845

11 18 0.126712

12 18 0.13608

13 18 0.14491

14 18 0.153169

15 18 0.160823

16 18 0.167842

17 18 0.174199

18 18 0.179869

19 18 0.184829

20 18 0.189059

21 18 0.192543

22 18 0.195267

23 18 0.197221

24 18 0.198396

25 18 0.198788

26 18 0.198396

27 18 0.197221

28 18 0.195267

29 18 0.192543

30 18 0.189059

31 18 0.184829

32 18 0.179869

33 18 0.174199

34 18 0.167842

35 18 0.160823

36 18 0.153169

37 18 0.14491

38 18 0.13608

39 18 0.126712

40 18 0.116845

41 18 0.106516

42 18 0.0957669

43 18 0.0846399

44 18 0.0731788

45 18 0.0614289

46 18 0.0494366

47 18 0.0372492

48 18 0.0249148

49 18 0.012482

50 18 0

0 19 0

1 19 0.0128262

2 19 0.0256018

3 19 0.0382763

4 19 0.0507998

5 19 0.0631227

6 19 0.0751966

7 19 0.0869737

8 19 0.0984076

9 19 0.109453

10 19 0.120067

11 19 0.130206

12 19 0.139832

13 19 0.148906

14 19 0.157392

15 19 0.165257

16 19 0.17247

17 19 0.179003

18 19 0.184829

19 19 0.189925

20 19 0.194272

21 19 0.197852

22 19 0.200651

23 19 0.202659

24 19 0.203866

25 19 0.204269

26 19 0.203866

27 19 0.202659

28 19 0.200651

29 19 0.197852

30 19 0.194272

31 19 0.189925

32 19 0.184829

33 19 0.179003

34 19 0.17247

35 19 0.165257

36 19 0.157392

37 19 0.148906

38 19 0.139832

39 19 0.130206

40 19 0.120067

41 19 0.109453

42 19 0.0984076

43 19 0.0869737

44 19 0.0751966

45 19 0.0631227

46 19 0.0507998

47 19 0.0382763

48 19 0.0256018

49 19 0.0128262

50 19 0

0 20 0

1 20 0.0131197

2 20 0.0261877

3 20 0.0391523

4 20 0.0519624

5 20 0.0645675

6 20 0.0769177

7 20 0.0889643

8 20 0.10066

9 20 0.111958

10 20 0.122815

11 20 0.133186

12 20 0.143032

13 20 0.152314

14 20 0.160995

15 20 0.16904

16 20 0.176418

17 20 0.1831

18 20 0.189059

19 20 0.194272

20 20 0.198718

21 20 0.20238

22 20 0.205244

23 20 0.207297

24 20 0.208532

25 20 0.208945

26 20 0.208532

27 20 0.207297

28 20 0.205244

29 20 0.20238

30 20 0.198718

31 20 0.194272

32 20 0.189059

33 20 0.1831

34 20 0.176418

35 20 0.16904

36 20 0.160995

37 20 0.152314

38 20 0.143032

39 20 0.133186

40 20 0.122815

41 20 0.111958

42 20 0.10066

43 20 0.0889643

44 20 0.0769177

45 20 0.0645675

46 20 0.0519624

47 20 0.0391523

48 20 0.0261877

49 20 0.0131197

50 20 0

0 21 0

1 21 0.0133615

2 21 0.0266703

3 21 0.0398738

4 21 0.05292

5 21 0.0657573

6 21 0.0783351

7 21 0.0906038

8 21 0.102515

9 21 0.114021

10 21 0.125078

11 21 0.135641

12 21 0.145668

13 21 0.155121

14 21 0.163962

15 21 0.172155

16 21 0.179669

17 21 0.186474

18 21 0.192543

19 21 0.197852

20 21 0.20238

21 21 0.20611

22 21 0.209026

23 21 0.211117

24 21 0.212375

25 21 0.212795

26 21 0.212375

27 21 0.211117

28 21 0.209026

29 21 0.20611

30 21 0.20238

31 21 0.197852

32 21 0.192543

33 21 0.186474

34 21 0.179669

35 21 0.172155

36 21 0.163962

37 21 0.155121

38 21 0.145668

39 21 0.135641

40 21 0.125078

41 21 0.114021

42 21 0.102515

43 21 0.0906038

44 21 0.0783351

45 21 0.0657573

46 21 0.05292

47 21 0.0398738

48 21 0.0266703

49 21 0.0133615

50 21 0

0 22 0

1 22 0.0135506

2 22 0.0270477

3 22 0.040438

4 22 0.0536688

5 22 0.0666877

6 22 0.0794435

7 22 0.0918857

8 22 0.103965

9 22 0.115635

10 22 0.126848

11 22 0.13756

12 22 0.147729

13 22 0.157316

14 22 0.166281

15 22 0.174591

16 22 0.182211

17 22 0.189112

18 22 0.195267

19 22 0.200651

20 22 0.205244

21 22 0.209026

22 22 0.211983

23 22 0.214104

24 22 0.21538

25 22 0.215806

26 22 0.21538

27 22 0.214104

28 22 0.211983

29 22 0.209026

30 22 0.205244

31 22 0.200651

32 22 0.195267

33 22 0.189112

34 22 0.182211

35 22 0.174591

36 22 0.166281

37 22 0.157316

38 22 0.147729

39 22 0.13756

40 22 0.126848

41 22 0.115635

42 22 0.103965

43 22 0.0918857

44 22 0.0794435

45 22 0.0666877

46 22 0.0536688

47 22 0.040438

48 22 0.0270477

49 22 0.0135506

50 22 0

0 23 0

1 23 0.0136861

2 23 0.0273183

3 23 0.0408426

4 23 0.0542057

5 23 0.0673549

6 23 0.0802383

7 23 0.092805

8 23 0.105005

9 23 0.116792

10 23 0.128117

11 23 0.138936

12 23 0.149207

13 23 0.15889

14 23 0.167945

15 23 0.176337

16 23 0.184034

17 23 0.191004

18 23 0.197221

19 23 0.202659

20 23 0.207297

21 23 0.211117

22 23 0.214104

23 23 0.216246

24 23 0.217535

25 23 0.217965

26 23 0.217535

27 23 0.216246

28 23 0.214104

29 23 0.211117

30 23 0.207297

31 23 0.202659

32 23 0.197221

33 23 0.191004

34 23 0.184034

35 23 0.176337

36 23 0.167945

37 23 0.15889

38 23 0.149207

39 23 0.138936

40 23 0.128117

41 23 0.116792

42 23 0.105005

43 23 0.092805

44 23 0.0802383

45 23 0.0673549

46 23 0.0542057

47 23 0.0408426

48 23 0.0273183

49 23 0.0136861

50 23 0

0 24 0

1 24 0.0137677

2 24 0.0274811

3 24 0.041086

4 24 0.0545287

5 24 0.0677563

6 24 0.0807164

7 24 0.093358

8 24 0.105631

9 24 0.117487

10 24 0.12888

11 24 0.139764

12 24 0.150096

13 24 0.159837

14 24 0.168946

15 24 0.177388

16 24 0.185131

17 24 0.192142

18 24 0.198396

19 24 0.203866

20 24 0.208532

21 24 0.212375

22 24 0.21538

23 24 0.217535

24 24 0.218831

25 24 0.219264

26 24 0.218831

27 24 0.217535

28 24 0.21538

29 24 0.212375

30 24 0.208532

31 24 0.203866

32 24 0.198396

33 24 0.192142

34 24 0.185131

35 24 0.177388

36 24 0.168946

37 24 0.159837

38 24 0.150096

39 24 0.139764

40 24 0.12888

41 24 0.117487

42 24 0.105631

43 24 0.093358

44 24 0.0807164

45 24 0.0677563

46 24 0.0545287

47 24 0.041086

48 24 0.0274811

49 24 0.0137677

50 24 0

0 25 0

1 25 0.0137949

2 25 0.0275354

3 25 0.0411672

4 25 0.0546365

5 25 0.0678902

6 25 0.080876

7 25 0.0935426

8 25 0.10584

9 25 0.11772

10 25 0.129135

11 25 0.14004

12 25 0.150393

13 25 0.160153

14 25 0.16928

15 25 0.177739

16 25 0.185497

17 25 0.192522

18 25 0.198788

19 25 0.204269

20 25 0.208945

21 25 0.212795

22 25 0.215806

23 25 0.217965

24 25 0.219264

25 25 0.219697

26 25 0.219264

27 25 0.217965

28 25 0.215806

29 25 0.212795

30 25 0.208945

31 25 0.204269

32 25 0.198788

33 25 0.192522

34 25 0.185497

35 25 0.177739

36 25 0.16928

37 25 0.160153

38 25 0.150393

39 25 0.14004

40 25 0.129135

41 25 0.11772

42 25 0.10584

43 25 0.0935426

44 25 0.080876

45 25 0.0678902

46 25 0.0546365

47 25 0.0411672

48 25 0.0275354

49 25 0.0137949

50 25 0

0 26 0

1 26 0.0137677

2 26 0.0274811

3 26 0.041086

4 26 0.0545287

5 26 0.0677563

6 26 0.0807164

7 26 0.093358

8 26 0.105631

9 26 0.117487

10 26 0.12888

11 26 0.139764

12 26 0.150096

13 26 0.159837

14 26 0.168946

15 26 0.177388

16 26 0.185131

17 26 0.192142

18 26 0.198396

19 26 0.203866

20 26 0.208532

21 26 0.212375

22 26 0.21538

23 26 0.217535

24 26 0.218831

25 26 0.219264

26 26 0.218831

27 26 0.217535

28 26 0.21538

29 26 0.212375

30 26 0.208532

31 26 0.203866

32 26 0.198396

33 26 0.192142

34 26 0.185131

35 26 0.177388

36 26 0.168946

37 26 0.159837

38 26 0.150096

39 26 0.139764

40 26 0.12888

41 26 0.117487

42 26 0.105631

43 26 0.093358

44 26 0.0807164

45 26 0.0677563

46 26 0.0545287

47 26 0.041086

48 26 0.0274811

49 26 0.0137677

50 26 0

0 27 0

1 27 0.0136861

2 27 0.0273183

3 27 0.0408426

4 27 0.0542057

5 27 0.0673549

6 27 0.0802383

7 27 0.092805

8 27 0.105005

9 27 0.116792

10 27 0.128117

11 27 0.138936

12 27 0.149207

13 27 0.15889

14 27 0.167945

15 27 0.176337

16 27 0.184034

17 27 0.191004

18 27 0.197221

19 27 0.202659

20 27 0.207297

21 27 0.211117

22 27 0.214104

23 27 0.216246

24 27 0.217535

25 27 0.217965

26 27 0.217535

27 27 0.216246

28 27 0.214104

29 27 0.211117

30 27 0.207297

31 27 0.202659

32 27 0.197221

33 27 0.191004

34 27 0.184034

35 27 0.176337

36 27 0.167945

37 27 0.15889

38 27 0.149207

39 27 0.138936

40 27 0.128117

41 27 0.116792

42 27 0.105005

43 27 0.092805

44 27 0.0802383

45 27 0.0673549

46 27 0.0542057

47 27 0.0408426

48 27 0.0273183

49 27 0.0136861

50 27 0

0 28 0

1 28 0.0135506

2 28 0.0270477

3 28 0.040438

4 28 0.0536688

5 28 0.0666877

6 28 0.0794435

7 28 0.0918857

8 28 0.103965

9 28 0.115635

10 28 0.126848

11 28 0.13756

12 28 0.147729

13 28 0.157316

14 28 0.166281

15 28 0.174591

16 28 0.182211

17 28 0.189112

18 28 0.195267

19 28 0.200651

20 28 0.205244

21 28 0.209026

22 28 0.211983

23 28 0.214104

24 28 0.21538

25 28 0.215806

26 28 0.21538

27 28 0.214104

28 28 0.211983

29 28 0.209026

30 28 0.205244

31 28 0.200651

32 28 0.195267

33 28 0.189112

34 28 0.182211

35 28 0.174591

36 28 0.166281

37 28 0.157316

38 28 0.147729

39 28 0.13756

40 28 0.126848

41 28 0.115635

42 28 0.103965

43 28 0.0918857

44 28 0.0794435

45 28 0.0666877

46 28 0.0536688

47 28 0.040438

48 28 0.0270477

49 28 0.0135506

50 28 0

0 29 0

1 29 0.0133615

2 29 0.0266703

3 29 0.0398738

4 29 0.05292

5 29 0.0657573

6 29 0.0783351

7 29 0.0906038

8 29 0.102515

9 29 0.114021

10 29 0.125078

11 29 0.135641

12 29 0.145668

13 29 0.155121

14 29 0.163962

15 29 0.172155

16 29 0.179669

17 29 0.186474

18 29 0.192543

19 29 0.197852

20 29 0.20238

21 29 0.20611

22 29 0.209026

23 29 0.211117

24 29 0.212375

25 29 0.212795

26 29 0.212375

27 29 0.211117

28 29 0.209026

29 29 0.20611

30 29 0.20238

31 29 0.197852

32 29 0.192543

33 29 0.186474

34 29 0.179669

35 29 0.172155

36 29 0.163962

37 29 0.155121

38 29 0.145668

39 29 0.135641

40 29 0.125078

41 29 0.114021

42 29 0.102515

43 29 0.0906038

44 29 0.0783351

45 29 0.0657573

46 29 0.05292

47 29 0.0398738

48 29 0.0266703

49 29 0.0133615

50 29 0

0 30 0

1 30 0.0131197

2 30 0.0261877

3 30 0.0391523

4 30 0.0519624

5 30 0.0645675

6 30 0.0769177

7 30 0.0889643

8 30 0.10066

9 30 0.111958

10 30 0.122815

11 30 0.133186

12 30 0.143032

13 30 0.152314

14 30 0.160995

15 30 0.16904

16 30 0.176418

17 30 0.1831

18 30 0.189059

19 30 0.194272

20 30 0.198718

21 30 0.20238

22 30 0.205244

23 30 0.207297

24 30 0.208532

25 30 0.208945

26 30 0.208532

27 30 0.207297

28 30 0.205244

29 30 0.20238

30 30 0.198718

31 30 0.194272

32 30 0.189059

33 30 0.1831

34 30 0.176418

35 30 0.16904

36 30 0.160995

37 30 0.152314

38 30 0.143032

39 30 0.133186

40 30 0.122815

41 30 0.111958

42 30 0.10066

43 30 0.0889643

44 30 0.0769177

45 30 0.0645675

46 30 0.0519624

47 30 0.0391523

48 30 0.0261877

49 30 0.0131197

50 30 0

0 31 0

1 31 0.0128262

2 31 0.0256018

3 31 0.0382763

4 31 0.0507998

5 31 0.0631227

6 31 0.0751966

7 31 0.0869737

8 31 0.0984076

9 31 0.109453

10 31 0.120067

11 31 0.130206

12 31 0.139832

13 31 0.148906

14 31 0.157392

15 31 0.165257

16 31 0.17247

17 31 0.179003

18 31 0.184829

19 31 0.189925

20 31 0.194272

21 31 0.197852

22 31 0.200651

23 31 0.202659

24 31 0.203866

25 31 0.204269

26 31 0.203866

27 31 0.202659

28 31 0.200651

29 31 0.197852

30 31 0.194272

31 31 0.189925

32 31 0.184829

33 31 0.179003

34 31 0.17247

35 31 0.165257

36 31 0.157392

37 31 0.148906

38 31 0.139832

39 31 0.130206

40 31 0.120067

41 31 0.109453

42 31 0.0984076

43 31 0.0869737

44 31 0.0751966

45 31 0.0631227

46 31 0.0507998

47 31 0.0382763

48 31 0.0256018

49 31 0.0128262

50 31 0

0 32 0

1 32 0.012482

2 32 0.0249148

3 32 0.0372492

4 32 0.0494366

5 32 0.0614289

6 32 0.0731788

7 32 0.0846399

8 32 0.0957669

9 32 0.106516

10 32 0.116845

11 32 0.126712

12 32 0.13608

13 32 0.14491

14 32 0.153169

15 32 0.160823

16 32 0.167842

17 32 0.174199

18 32 0.179869

19 32 0.184829

20 32 0.189059

21 32 0.192543

22 32 0.195267

23 32 0.197221

24 32 0.198396

25 32 0.198788

26 32 0.198396

27 32 0.197221

28 32 0.195267

29 32 0.192543

30 32 0.189059

31 32 0.184829

32 32 0.179869

33 32 0.174199

34 32 0.167842

35 32 0.160823

36 32 0.153169

37 32 0.14491

38 32 0.13608

39 32 0.126712

40 32 0.116845

41 32 0.106516

42 32 0.0957669

43 32 0.0846399

44 32 0.0731788

45 32 0.0614289

46 32 0.0494366

47 32 0.0372492

48 32 0.0249148

49 32 0.012482

50 32 0

0 33 0

1 33 0.0120886

2 33 0.0241294

3 33 0.0360751

4 33 0.0478784

5 33 0.0594927

6 33 0.0708722

7 33 0.081972

8 33 0.0927483

9 33 0.103159

10 33 0.113162

11 33 0.122718

12 33 0.131791

13 33 0.140343

14 33 0.148341

15 33 0.155754

16 33 0.162552

17 33 0.168709

18 33 0.174199

19 33 0.179003

20 33 0.1831

21 33 0.186474

22 33 0.189112

23 33 0.191004

24 33 0.192142

25 33 0.192522

26 33 0.192142

27 33 0.191004

28 33 0.189112

29 33 0.186474

30 33 0.1831

31 33 0.179003

32 33 0.174199

33 33 0.168709

34 33 0.162552

35 33 0.155754

36 33 0.148341

37 33 0.140343

38 33 0.131791

39 33 0.122718

40 33 0.113162

41 33 0.103159

42 33 0.0927483

43 33 0.081972

44 33 0.0708722

45 33 0.0594927

46 33 0.0478784

47 33 0.0360751

48 33 0.0241294

49 33 0.0120886

50 33 0

0 34 0

1 34 0.0116474

2 34 0.0232489

3 34 0.0347586

4 34 0.0461311

5 34 0.0573216

6 34 0.0682859

7 34 0.0789806

8 34 0.0893637

9 34 0.0993941

10 34 0.109032

11 34 0.11824

12 34 0.126981

13 34 0.135221

14 34 0.142928

15 34 0.15007

16 34 0.15662

17 34 0.162552

18 34 0.167842

19 34 0.17247

20 34 0.176418

21 34 0.179669

22 34 0.182211

23 34 0.184034

24 34 0.185131

25 34 0.185497

26 34 0.185131

27 34 0.184034

28 34 0.182211

29 34 0.179669

30 34 0.176418

31 34 0.17247

32 34 0.167842

33 34 0.162552

34 34 0.15662

35 34 0.15007

36 34 0.142928

37 34 0.135221

38 34 0.126981

39 34 0.11824

40 34 0.109032

41 34 0.0993941

42 34 0.0893637

43 34 0.0789806

44 34 0.0682859

45 34 0.0573216

46 34 0.0461311

47 34 0.0347586

48 34 0.0232489

49 34 0.0116474

50 34 0

0 35 0

1 35 0.0111603

2 35 0.0222766

3 35 0.033305

4 35 0.0442019

5 35 0.0549244

6 35 0.0654301

7 35 0.0756776

8 35 0.0856264

9 35 0.0952373

10 35 0.104472

11 35 0.113295

12 35 0.121671

13 35 0.129566

14 35 0.13695

15 35 0.143794

16 35 0.15007

17 35 0.155754

18 35 0.160823

19 35 0.165257

20 35 0.16904

21 35 0.172155

22 35 0.174591

23 35 0.176337

24 35 0.177388

25 35 0.177739

26 35 0.177388

27 35 0.176337

28 35 0.174591

29 35 0.172155

30 35 0.16904

31 35 0.165257

32 35 0.160823

33 35 0.155754

34 35 0.15007

35 35 0.143794

36 35 0.13695

37 35 0.129566

38 35 0.121671

39 35 0.113295

40 35 0.104472

41 35 0.0952373

42 35 0.0856264

43 35 0.0756776

44 35 0.0654301

45 35 0.0549244

46 35 0.0442019

47 35 0.033305

48 35 0.0222766

49 35 0.0111603

50 35 0

0 36 0

1 36 0.0106292

2 36 0.0212164

3 36 0.0317199

4 36 0.0420982

5 36 0.0523103

6 36 0.062316

7 36 0.0720758

8 36 0.0815512

9 36 0.0907046

10 36 0.0995002

11 36 0.107903

12 36 0.11588

13 36 0.1234

14 36 0.130432

15 36 0.13695

16 36 0.142928

17 36 0.148341

18 36 0.153169

19 36 0.157392

20 36 0.160995

21 36 0.163962

22 36 0.166281

23 36 0.167945

24 36 0.168946

25 36 0.16928

26 36 0.168946

27 36 0.167945

28 36 0.166281

29 36 0.163962

30 36 0.160995

31 36 0.157392

32 36 0.153169

33 36 0.148341

34 36 0.142928

35 36 0.13695

36 36 0.130432

37 36 0.1234

38 36 0.11588

39 36 0.107903

40 36 0.0995002

41 36 0.0907046

42 36 0.0815512

43 36 0.0720758

44 36 0.062316

45 36 0.0523103

46 36 0.0420982

47 36 0.0317199

48 36 0.0212164

49 36 0.0106292

50 36 0

0 37 0

1 37 0.0100561

2 37 0.0200724

3 37 0.0300096

4 37 0.0398283

5 37 0.0494899

6 37 0.0589561

7 37 0.0681896

8 37 0.0771541

9 37 0.085814

10 37 0.0941353

11 37 0.102085

12 37 0.109632

13 37 0.116746

14 37 0.1234

15 37 0.129566

16 37 0.135221

17 37 0.140343

18 37 0.14491

19 37 0.148906

20 37 0.152314

21 37 0.155121

22 37 0.157316

23 37 0.15889

24 37 0.159837

25 37 0.160153

26 37 0.159837

27 37 0.15889

28 37 0.157316

29 37 0.155121

30 37 0.152314

31 37 0.148906

32 37 0.14491

33 37 0.140343

34 37 0.135221

35 37 0.129566

36 37 0.1234

37 37 0.116746

38 37 0.109632

39 37 0.102085

40 37 0.0941353

41 37 0.085814

42 37 0.0771541

43 37 0.0681896

44 37 0.0589561

45 37 0.0494899

46 37 0.0398283

47 37 0.0300096

48 37 0.0200724

49 37 0.0100561

50 37 0

0 38 0

1 38 0.00944327

2 38 0.0188493

3 38 0.0281809

4 38 0.0374013

5 38 0.0464741

6 38 0.0553634

7 38 0.0640343

8 38 0.0724525

9 38 0.0805847

10 38 0.0883989

11 38 0.0958643

12 38 0.102951

13 38 0.109632

14 38 0.11588

15 38 0.121671

16 38 0.126981

17 38 0.131791

18 38 0.13608

19 38 0.139832

20 38 0.143032

21 38 0.145668

22 38 0.147729

23 38 0.149207

24 38 0.150096

25 38 0.150393

26 38 0.150096

27 38 0.149207

28 38 0.147729

29 38 0.145668

30 38 0.143032

31 38 0.139832

32 38 0.13608

33 38 0.131791

34 38 0.126981

35 38 0.121671

36 38 0.11588

37 38 0.109632

38 38 0.102951

39 38 0.0958643

40 38 0.0883989

41 38 0.0805847

42 38 0.0724525

43 38 0.0640343

44 38 0.0553634

45 38 0.0464741

46 38 0.0374013

47 38 0.0281809

48 38 0.0188493

49 38 0.00944327

50 38 0

0 39 0

1 39 0.00879321

2 39 0.0175517

3 39 0.026241

4 39 0.0348266

5 39 0.0432749

6 39 0.0515523

7 39 0.0596263

8 39 0.067465

9 39 0.0750374

10 39 0.0823137

11 39 0.0892651

12 39 0.0958643

13 39 0.102085

14 39 0.107903

15 39 0.113295

16 39 0.11824

17 39 0.122718

18 39 0.126712

19 39 0.130206

20 39 0.133186

21 39 0.135641

22 39 0.13756

23 39 0.138936

24 39 0.139764

25 39 0.14004

26 39 0.139764

27 39 0.138936

28 39 0.13756

29 39 0.135641

30 39 0.133186

31 39 0.130206

32 39 0.126712

33 39 0.122718

34 39 0.11824

35 39 0.113295

36 39 0.107903

37 39 0.102085

38 39 0.0958643

39 39 0.0892651

40 39 0.0823137

41 39 0.0750374

42 39 0.067465

43 39 0.0596263

44 39 0.0515523

45 39 0.0432749

46 39 0.0348266

47 39 0.026241

48 39 0.0175517

49 39 0.00879321

50 39 0

0 40 0

1 40 0.00810845

2 40 0.0161849

3 40 0.0241975

4 40 0.0321145

5 40 0.0399049

6 40 0.0475377

7 40 0.054983

8 40 0.0622112

9 40 0.0691939

10 40 0.0759036

11 40 0.0823137

12 40 0.0883989

13 40 0.0941353

14 40 0.0995002

15 40 0.104472

16 40 0.109032

17 40 0.113162

18 40 0.116845

19 40 0.120067

20 40 0.122815

21 40 0.125078

22 40 0.126848

23 40 0.128117

24 40 0.12888

25 40 0.129135

26 40 0.12888

27 40 0.128117

28 40 0.126848

29 40 0.125078

30 40 0.122815

31 40 0.120067

32 40 0.116845

33 40 0.113162

34 40 0.109032

35 40 0.104472

36 40 0.0995002

37 40 0.0941353

38 40 0.0883989

39 40 0.0823137

40 40 0.0759036

41 40 0.0691939

42 40 0.0622112

43 40 0.054983

44 40 0.0475377

45 40 0.0399049

46 40 0.0321145

47 40 0.0241975

48 40 0.0161849

49 40 0.00810845

50 40 0

0 41 0

1 41 0.00739169

2 41 0.0147542

3 41 0.0220585

4 41 0.0292757

5 41 0.0363774

6 41 0.0433355

7 41 0.0501226

8 41 0.0567119

9 41 0.0630774

10 41 0.0691939

11 41 0.0750374

12 41 0.0805847

13 41 0.085814

14 41 0.0907046

15 41 0.0952373

16 41 0.0993941

17 41 0.103159

18 41 0.106516

19 41 0.109453

20 41 0.111958

21 41 0.114021

22 41 0.115635

23 41 0.116792

24 41 0.117487

25 41 0.11772

26 41 0.117487

27 41 0.116792

28 41 0.115635

29 41 0.114021

30 41 0.111958

31 41 0.109453

32 41 0.106516

33 41 0.103159

34 41 0.0993941

35 41 0.0952373

36 41 0.0907046

37 41 0.085814

38 41 0.0805847

39 41 0.0750374

40 41 0.0691939

41 41 0.0630774

42 41 0.0567119

43 41 0.0501226

44 41 0.0433355

45 41 0.0363774

46 41 0.0292757

47 41 0.0220585

48 41 0.0147542

49 41 0.00739169

50 41 0

0 42 0

1 42 0.00664575

2 42 0.0132653

3 42 0.0198324

4 42 0.0263213

5 42 0.0327064

6 42 0.0389623

7 42 0.0450645

8 42 0.0509888

9 42 0.0567119

10 42 0.0622112

11 42 0.067465

12 42 0.0724525

13 42 0.0771541

14 42 0.0815512

15 42 0.0856264

16 42 0.0893637

17 42 0.0927483

18 42 0.0957669

19 42 0.0984076

20 42 0.10066

21 42 0.102515

22 42 0.103965

23 42 0.105005

24 42 0.105631

25 42 0.10584

26 42 0.105631

27 42 0.105005

28 42 0.103965

29 42 0.102515

30 42 0.10066

31 42 0.0984076

32 42 0.0957669

33 42 0.0927483

34 42 0.0893637

35 42 0.0856264

36 42 0.0815512

37 42 0.0771541

38 42 0.0724525

39 42 0.067465

40 42 0.0622112

41 42 0.0567119

42 42 0.0509888

43 42 0.0450645

44 42 0.0389623

45 42 0.0327064

46 42 0.0263213

47 42 0.0198324

48 42 0.0132653

49 42 0.00664575

50 42 0

0 43 0

1 43 0.00587359

2 43 0.011724

3 43 0.0175281

4 43 0.0232631

5 43 0.0289063

6 43 0.0344353

7 43 0.0398285

8 43 0.0450645

9 43 0.0501226

10 43 0.054983

11 43 0.0596263

12 43 0.0640343

13 43 0.0681896

14 43 0.0720758

15 43 0.0756776

16 43 0.0789806

17 43 0.081972

18 43 0.0846399

19 43 0.0869737

20 43 0.0889643

21 43 0.0906038

22 43 0.0918857

23 43 0.092805

24 43 0.093358

25 43 0.0935426

26 43 0.093358

27 43 0.092805

28 43 0.0918857

29 43 0.0906038

30 43 0.0889643

31 43 0.0869737

32 43 0.0846399

33 43 0.081972

34 43 0.0789806

35 43 0.0756776

36 43 0.0720758

37 43 0.0681896

38 43 0.0640343

39 43 0.0596263

40 43 0.054983

41 43 0.0501226

42 43 0.0450645

43 43 0.0398285

44 43 0.0344353

45 43 0.0289063

46 43 0.0232631

47 43 0.0175281

48 43 0.011724

49 43 0.00587359

50 43 0

0 44 0

1 44 0.00507825

2 44 0.0101365

3 44 0.0151547

4 44 0.020113

5 44 0.0249921

6 44 0.0297724

7 44 0.0344353

8 44 0.0389623

9 44 0.0433355

10 44 0.0475377

11 44 0.0515523

12 44 0.0553634

13 44 0.0589561

14 44 0.062316

15 44 0.0654301

16 44 0.0682859

17 44 0.0708722

18 44 0.0731788

19 44 0.0751966

20 44 0.0769177

21 44 0.0783351

22 44 0.0794435

23 44 0.0802383

24 44 0.0807164

25 44 0.080876

26 44 0.0807164

27 44 0.0802383

28 44 0.0794435

29 44 0.0783351

30 44 0.0769177

31 44 0.0751966

32 44 0.0731788

33 44 0.0708722

34 44 0.0682859

35 44 0.0654301

36 44 0.062316

37 44 0.0589561

38 44 0.0553634

39 44 0.0515523

40 44 0.0475377

41 44 0.0433355

42 44 0.0389623

43 44 0.0344353

44 44 0.0297724

45 44 0.0249921

46 44 0.020113

47 44 0.0151547

48 44 0.0101365

49 44 0.00507825

50 44 0

0 45 0

1 45 0.00426286

2 45 0.0085089

3 45 0.0127214

4 45 0.0168836

5 45 0.0209792

6 45 0.0249921

7 45 0.0289063

8 45 0.0327064

9 45 0.0363774

10 45 0.0399049

11 45 0.0432749

12 45 0.0464741

13 45 0.0494899

14 45 0.0523103

15 45 0.0549244

16 45 0.0573216

17 45 0.0594927

18 45 0.0614289

19 45 0.0631227

20 45 0.0645675

21 45 0.0657573

22 45 0.0666877

23 45 0.0673549

24 45 0.0677563

25 45 0.0678902

26 45 0.0677563

27 45 0.0673549

28 45 0.0666877

29 45 0.0657573

30 45 0.0645675

31 45 0.0631227

32 45 0.0614289

33 45 0.0594927

34 45 0.0573216

35 45 0.0549244

36 45 0.0523103

37 45 0.0494899

38 45 0.0464741

39 45 0.0432749

40 45 0.0399049

41 45 0.0363774

42 45 0.0327064

43 45 0.0289063

44 45 0.0249921

45 45 0.0209792

46 45 0.0168836

47 45 0.0127214

48 45 0.0085089

49 45 0.00426286

50 45 0

0 46 0

1 46 0.00343066

2 46 0.00684777

3 46 0.0102379

4 46 0.0135876

5 46 0.0168836

6 46 0.020113

7 46 0.0232631

8 46 0.0263213

9 46 0.0292757

10 46 0.0321145

11 46 0.0348266

12 46 0.0374013

13 46 0.0398283

14 46 0.0420982

15 46 0.0442019

16 46 0.0461311

17 46 0.0478784

18 46 0.0494366

19 46 0.0507998

20 46 0.0519624

21 46 0.05292

22 46 0.0536688

23 46 0.0542057

24 46 0.0545287

25 46 0.0546365

26 46 0.0545287

27 46 0.0542057

28 46 0.0536688

29 46 0.05292

30 46 0.0519624

31 46 0.0507998

32 46 0.0494366

33 46 0.0478784

34 46 0.0461311

35 46 0.0442019

36 46 0.0420982

37 46 0.0398283

38 46 0.0374013

39 46 0.0348266

40 46 0.0321145

41 46 0.0292757

42 46 0.0263213

43 46 0.0232631

44 46 0.020113

45 46 0.0168836

46 46 0.0135876

47 46 0.0102379

48 46 0.00684777

49 46 0.00343066

50 46 0

0 47 0

1 47 0.00258491

2 47 0.00515962

3 47 0.00771396

4 47 0.0102379

5 47 0.0127214

6 47 0.0151547

7 47 0.0175281

8 47 0.0198324

9 47 0.0220585

10 47 0.0241975

11 47 0.026241

12 47 0.0281809

13 47 0.0300096

14 47 0.0317199

15 47 0.033305

16 47 0.0347586

17 47 0.0360751

18 47 0.0372492

19 47 0.0382763

20 47 0.0391523

21 47 0.0398738

22 47 0.040438

23 47 0.0408426

24 47 0.041086

25 47 0.0411672

26 47 0.041086

27 47 0.0408426

28 47 0.040438

29 47 0.0398738

30 47 0.0391523

31 47 0.0382763

32 47 0.0372492

33 47 0.0360751

34 47 0.0347586

35 47 0.033305

36 47 0.0317199

37 47 0.0300096

38 47 0.0281809

39 47 0.026241

40 47 0.0241975

41 47 0.0220585

42 47 0.0198324

43 47 0.0175281

44 47 0.0151547

45 47 0.0127214

46 47 0.0102379

47 47 0.00771396

48 47 0.00515962

49 47 0.00258491

50 47 0

0 48 0

1 48 0.00172896

2 48 0.0034511

3 48 0.00515962

4 48 0.00684777

5 48 0.0085089

6 48 0.0101365

7 48 0.011724

8 48 0.0132653

9 48 0.0147542

10 48 0.0161849

11 48 0.0175517

12 48 0.0188493

13 48 0.0200724

14 48 0.0212164

15 48 0.0222766

16 48 0.0232489

17 48 0.0241294

18 48 0.0249148

19 48 0.0256018

20 48 0.0261877

21 48 0.0266703

22 48 0.0270477

23 48 0.0273183

24 48 0.0274811

25 48 0.0275354

26 48 0.0274811

27 48 0.0273183

28 48 0.0270477

29 48 0.0266703

30 48 0.0261877

31 48 0.0256018

32 48 0.0249148

33 48 0.0241294

34 48 0.0232489

35 48 0.0222766

36 48 0.0212164

37 48 0.0200724

38 48 0.0188493

39 48 0.0175517

40 48 0.0161849

41 48 0.0147542

42 48 0.0132653

43 48 0.011724

44 48 0.0101365

45 48 0.0085089

46 48 0.00684777

47 48 0.00515962

48 48 0.0034511

49 48 0.00172896

50 48 0

0 49 0

1 49 0.00086619

2 49 0.00172896

3 49 0.00258491

4 49 0.00343066

5 49 0.00426286

6 49 0.00507825

7 49 0.00587359

8 49 0.00664575

9 49 0.00739169

10 49 0.00810845

11 49 0.00879321

12 49 0.00944327

13 49 0.0100561

14 49 0.0106292

15 49 0.0111603

16 49 0.0116474

17 49 0.0120886

18 49 0.012482

19 49 0.0128262

20 49 0.0131197

21 49 0.0133615

22 49 0.0135506

23 49 0.0136861

24 49 0.0137677

25 49 0.0137949

26 49 0.0137677

27 49 0.0136861

28 49 0.0135506

29 49 0.0133615

30 49 0.0131197

31 49 0.0128262

32 49 0.012482

33 49 0.0120886

34 49 0.0116474

35 49 0.0111603

36 49 0.0106292

37 49 0.0100561

38 49 0.00944327

39 49 0.00879321

40 49 0.00810845

41 49 0.00739169

42 49 0.00664575

43 49 0.00587359

44 49 0.00507825

45 49 0.00426286

46 49 0.00343066

47 49 0.00258491

48 49 0.00172896

49 49 0.00086619

50 49 0

