0 1 0

1 1 0.0025744

2 1 0.00513864

3 1 0.00768261

4 1 0.0101962

5 1 0.0126697

6 1 0.0150931

7 1 0.0174569

8 1 0.0197518

9 1 0.0219688

10 1 0.0240991

11 1 0.0261343

12 1 0.0280663

13 1 0.0298876

14 1 0.0315909

15 1 0.0331696

16 1 0.0346173

17 1 0.0359284

18 1 0.0370978

19 1 0.0381207

20 1 0.0389932

21 1 0.0397118

22 1 0.0402736

23 1 0.0406766

24 1 0.040919

25 1 0.0409999

26 1 0.040919

27 1 0.0406766

28 1 0.0402736

29 1 0.0397118

30 1 0.0389932

31 1 0.0381207

32 1 0.0370978

33 1 0.0359284

34 1 0.0346173

35 1 0.0331696

36 1 0.0315909

37 1 0.0298876

38 1 0.0280663

39 1 0.0261343

40 1 0.0240991

41 1 0.0219688

42 1 0.0197518

43 1 0.0174569

44 1 0.0150931

45 1 0.0126697

46 1 0.0101962

47 1 0.00768261

48 1 0.00513864

49 1 0.0025744

50 1 0

0 2 0

1 2 0.00513864

2 2 0.010257

3 2 0.0153349

4 2 0.0203523

5 2 0.0252893

6 2 0.0301265

7 2 0.0348449

8 2 0.0394257

9 2 0.0438509

10 2 0.0481031

11 2 0.0521654

12 2 0.0560219

13 2 0.0596573

14 2 0.0630572

15 2 0.0662083

16 2 0.069098

17 2 0.0717151

18 2 0.0740492

19 2 0.076091

20 2 0.0778325

21 2 0.0792668

22 2 0.0803883

23 2 0.0811926

24 2 0.0816764

25 2 0.0818379

26 2 0.0816764

27 2 0.0811926

28 2 0.0803883

29 2 0.0792668

30 2 0.0778325

31 2 0.076091

32 2 0.0740492

33 2 0.0717151

34 2 0.069098

35 2 0.0662083

36 2 0.0630572

37 2 0.0596573

38 2 0.0560219

39 2 0.0521654

40 2 0.0481031

41 2 0.0438509

42 2 0.0394257

43 2 0.0348449

44 2 0.0301265

45 2 0.0252893

46 2 0.0203523

47 2 0.0153349

48 2 0.010257

49 2 0.00513864

50 2 0

0 3 0

1 3 0.00768261

2 3 0.0153349

3 3 0.0229267

4 3 0.0304279

5 3 0.0378092

6 3 0.0450411

7 3 0.0520954

8 3 0.058944

9 3 0.06556

10 3 0.0719173

11 3 0.0779907

12 3 0.0837564

13 3 0.0891915

14 3 0.0942746

15 3 0.0989856

16 3 0.103306

17 3 0.107219

18 3 0.110708

19 3 0.113761

20 3 0.116365

21 3 0.118509

22 3 0.120186

23 3 0.121388

24 3 0.122112

25 3 0.122353

26 3 0.122112

27 3 0.121388

28 3 0.120186

29 3 0.118509

30 3 0.116365

31 3 0.113761

32 3 0.110708

33 3 0.107219

34 3 0.103306

35 3 0.0989856

36 3 0.0942746

37 3 0.0891915

38 3 0.0837564

39 3 0.0779907

40 3 0.0719173

41 3 0.06556

42 3 0.058944

43 3 0.0520954

44 3 0.0450411

45 3 0.0378092

46 3 0.0304279

47 3 0.0229267

48 3 0.0153349

49 3 0.00768261

50 3 0

0 4 0

1 4 0.0101962

2 4 0.0203523

3 4 0.0304279

4 4 0.0403836

5 4 0.0501798

6 4 0.059778

7 4 0.0691402

8 4 0.0782297

9 4 0.0870103

10 4 0.0954476

11 4 0.103508

12 4 0.11116

13 4 0.118374

14 4 0.12512

15 4 0.131372

16 4 0.137106

17 4 0.142299

18 4 0.146931

19 4 0.150982

20 4 0.154437

21 4 0.157284

22 4 0.159509

23 4 0.161105

24 4 0.162065

25 4 0.162385

26 4 0.162065

27 4 0.161105

28 4 0.159509

29 4 0.157284

30 4 0.154437

31 4 0.150982

32 4 0.146931

33 4 0.142299

34 4 0.137106

35 4 0.131372

36 4 0.12512

37 4 0.118374

38 4 0.11116

39 4 0.103508

40 4 0.0954476

41 4 0.0870103

42 4 0.0782297

43 4 0.0691402

44 4 0.059778

45 4 0.0501798

46 4 0.0403836

47 4 0.0304279

48 4 0.0203523

49 4 0.0101962

50 4 0

0 5 0

1 5 0.0126697

2 5 0.0252893

3 5 0.0378092

4 5 0.0501798

5 5 0.0623524

6 5 0.0742789

7 5 0.0859123

8 5 0.0972066

9 5 0.108117

10 5 0.118601

11 5 0.128617

12 5 0.138126

13 5 0.147089

14 5 0.155471

15 5 0.163241

16 5 0.170366

17 5 0.176818

18 5 0.182573

19 5 0.187607

20 5 0.191901

21 5 0.195437

22 5 0.198203

23 5 0.200185

24 5 0.201378

25 5 0.201777

26 5 0.201378

27 5 0.200185

28 5 0.198203

29 5 0.195437

30 5 0.191901

31 5 0.187607

32 5 0.182573

33 5 0.176818

34 5 0.170366

35 5 0.163241

36 5 0.155471

37 5 0.147089

38 5 0.138126

39 5 0.128617

40 5 0.118601

41 5 0.108117

42 5 0.0972066

43 5 0.0859123

44 5 0.0742789

45 5 0.0623524

46 5 0.0501798

47 5 0.0378092

48 5 0.0252893

49 5 0.0126697

50 5 0

0 6 0

1 6 0.0150931

2 6 0.0301265

3 6 0.0450411

4 6 0.059778

5 6 0.0742789

6 6 0.0884867

7 6 0.102345

8 6 0.1158

9 6 0.128798

10 6 0.141287

11 6 0.153219

12 6 0.164546

13 6 0.175223

14 6 0.185209

15 6 0.194465

16 6 0.202952

17 6 0.210639

18 6 0.217495

19 6 0.223492

20 6 0.228607

21 6 0.23282

22 6 0.236114

23 6 0.238476

24 6 0.239897

25 6 0.240372

26 6 0.239897

27 6 0.238476

28 6 0.236114

29 6 0.23282

30 6 0.228607

31 6 0.223492

32 6 0.217495

33 6 0.210639

34 6 0.202952

35 6 0.194465

36 6 0.185209

37 6 0.175223

38 6 0.164546

39 6 0.153219

40 6 0.141287

41 6 0.128798

42 6 0.1158

43 6 0.102345

44 6 0.0884867

45 6 0.0742789

46 6 0.059778

47 6 0.0450411

48 6 0.0301265

49 6 0.0150931

50 6 0

0 7 0

1 7 0.0174569

2 7 0.0348449

3 7 0.0520954

4 7 0.0691402

5 7 0.0859123

6 7 0.102345

7 7 0.118374

8 7 0.133936

9 7 0.148969

10 7 0.163415

11 7 0.177215

12 7 0.190316

13 7 0.202666

14 7 0.214216

15 7 0.224921

16 7 0.234738

17 7 0.243629

18 7 0.251558

19 7 0.258495

20 7 0.264411

21 7 0.269283

22 7 0.273093

23 7 0.275826

24 7 0.277469

25 7 0.278018

26 7 0.277469

27 7 0.275826

28 7 0.273093

29 7 0.269283

30 7 0.264411

31 7 0.258495

32 7 0.251558

33 7 0.243629

34 7 0.234738

35 7 0.224921

36 7 0.214216

37 7 0.202666

38 7 0.190316

39 7 0.177215

40 7 0.163415

41 7 0.148969

42 7 0.133936

43 7 0.118374

44 7 0.102345

45 7 0.0859123

46 7 0.0691402

47 7 0.0520954

48 7 0.0348449

49 7 0.0174569

50 7 0

0 8 0

1 8 0.0197518

2 8 0.0394257

3 8 0.058944

4 8 0.0782297

5 8 0.0972066

6 8 0.1158

7 8 0.133936

8 8 0.151544

9 8 0.168553

10 8 0.184898

11 8 0.200513

12 8 0.215336

13 8 0.22931

14 8 0.242378

15 8 0.25449

16 8 0.265598

17 8 0.275657

18 8 0.284629

19 8 0.292477

20 8 0.299171

21 8 0.304684

22 8 0.308995

23 8 0.312087

24 8 0.313946

25 8 0.314567

26 8 0.313946

27 8 0.312087

28 8 0.308995

29 8 0.304684

30 8 0.299171

31 8 0.292477

32 8 0.284629

33 8 0.275657

34 8 0.265598

35 8 0.25449

36 8 0.242378

37 8 0.22931

38 8 0.215336

39 8 0.200513

40 8 0.184898

41 8 0.168553

42 8 0.151544

43 8 0.133936

44 8 0.1158

45 8 0.0972066

46 8 0.0782297

47 8 0.058944

48 8 0.0394257

49 8 0.0197518

50 8 0

0 9 0

1 9 0.0219688

2 9 0.0438509

3 9 0.06556

4 9 0.0870103

5 9 0.108117

6 9 0.128798

7 9 0.148969

8 9 0.168553

9 9 0.187472

10 9 0.205651

11 9 0.223019

12 9 0.239506

13 9 0.255048

14 9 0.269583

15 9 0.283055

16 9 0.295409

17 9 0.306598

18 9 0.316576

19 9 0.325305

20 9 0.332751

21 9 0.338883

22 9 0.343678

23 9 0.347116

24 9 0.349184

25 9 0.349875

26 9 0.349184

27 9 0.347116

28 9 0.343678

29 9 0.338883

30 9 0.332751

31 9 0.325305

32 9 0.316576

33 9 0.306598

34 9 0.295409

35 9 0.283055

36 9 0.269583

37 9 0.255048

38 9 0.239506

39 9 0.223019

40 9 0.205651

41 9 0.187472

42 9 0.168553

43 9 0.148969

44 9 0.128798

45 9 0.108117

46 9 0.0870103

47 9 0.06556

48 9 0.0438509

49 9 0.0219688

50 9 0

0 10 0

1 10 0.0240991

2 10 0.0481031

3 10 0.0719173

4 10 0.0954476

5 10 0.118601

6 10 0.141287

7 10 0.163415

8 10 0.184898

9 10 0.205651

10 10 0.225593

11 10 0.244644

12 10 0.26273

13 10 0.279779

14 10 0.295724

15 10 0.310502

16 10 0.324055

17 10 0.336328

18 10 0.347274

19 10 0.35685

20 10 0.365017

21 10 0.371744

22 10 0.377004

23 10 0.380775

24 10 0.383044

25 10 0.383802

26 10 0.383044

27 10 0.380775

28 10 0.377004

29 10 0.371744

30 10 0.365017

31 10 0.35685

32 10 0.347274

33 10 0.336328

34 10 0.324055

35 10 0.310502

36 10 0.295724

37 10 0.279779

38 10 0.26273

39 10 0.244644

40 10 0.225593

41 10 0.205651

42 10 0.184898

43 10 0.163415

44 10 0.141287

45 10 0.118601

46 10 0.0954476

47 10 0.0719173

48 10 0.0481031

49 10 0.0240991

50 10 0

0 11 0

1 11 0.0261343

2 11 0.0521654

3 11 0.0779907

4 11 0.103508

5 11 0.128617

6 11 0.153219

7 11 0.177215

8 11 0.200513

9 11 0.223019

10 11 0.244644

11 11 0.265305

12 11 0.284918

13 11 0.303407

14 11 0.320698

15 11 0.336724

16 11 0.351421

17 11 0.364731

18 11 0.376602

19 11 0.386986

20 11 0.395843

21 11 0.403138

22 11 0.408842

23 11 0.412932

24 11 0.415393

25 11 0.416214

26 11 0.415393

27 11 0.412932

28 11 0.408842

29 11 0.403138

30 11 0.395843

31 11 0.386986

32 11 0.376602

33 11 0.364731

34 11 0.351421

35 11 0.336724

36 11 0.320698

37 11 0.303407

38 11 0.284918

39 11 0.265305

40 11 0.244644

41 11 0.223019

42 11 0.200513

43 11 0.177215

44 11 0.153219

45 11 0.128617

46 11 0.103508

47 11 0.0779907

48 11 0.0521654

49 11 0.0261343

50 11 0

0 12 0

1 12 0.0280663

2 12 0.0560219

3 12 0.0837564

4 12 0.11116

5 12 0.138126

6 12 0.164546

7 12 0.190316

8 12 0.215336

9 12 0.239506

10 12 0.26273

11 12 0.284918

12 12 0.305981

13 12 0.325837

14 12 0.344407

15 12 0.361617

16 12 0.377401

17 12 0.391695

18 12 0.404443

19 12 0.415595

20 12 0.425107

21 12 0.432941

22 12 0.439066

23 12 0.443459

24 12 0.446102

25 12 0.446984

26 12 0.446102

27 12 0.443459

28 12 0.439066

29 12 0.432941

30 12 0.425107

31 12 0.415595

32 12 0.404443

33 12 0.391695

34 12 0.377401

35 12 0.361617

36 12 0.344407

37 12 0.325837

38 12 0.305981

39 12 0.284918

40 12 0.26273

41 12 0.239506

42 12 0.215336

43 12 0.190316

44 12 0.164546

45 12 0.138126

46 12 0.11116

47 12 0.0837564

48 12 0.0560219

49 12 0.0280663

50 12 0

0 13 0

1 13 0.0298876

2 13 0.0596573

3 13 0.0891915

4 13 0.118374

5 13 0.147089

6 13 0.175223

7 13 0.202666

8 13 0.22931

9 13 0.255048

10 13 0.279779

11 13 0.303407

12 13 0.325837

13 13 0.346981

14 13 0.366756

15 13 0.385083

16 13 0.401891

17 13 0.417113

18 13 0.430688

19 13 0.442564

20 13 0.452693

21 13 0.461035

22 13 0.467558

23 13 0.472236

24 13 0.47505

25 13 0.475989

26 13 0.47505

27 13 0.472236

28 13 0.467558

29 13 0.461035

30 13 0.452693

31 13 0.442564

32 13 0.430688

33 13 0.417113

34 13 0.401891

35 13 0.385083

36 13 0.366756

37 13 0.346981

38 13 0.325837

39 13 0.303407

40 13 0.279779

41 13 0.255048

42 13 0.22931

43 13 0.202666

44 13 0.175223

45 13 0.147089

46 13 0.118374

47 13 0.0891915

48 13 0.0596573

49 13 0.0298876

50 13 0

0 14 0

1 14 0.0315909

2 14 0.0630572

3 14 0.0942746

4 14 0.12512

5 14 0.155471

6 14 0.185209

7 14 0.214216

8 14 0.242378

9 14 0.269583

10 14 0.295724

11 14 0.320698

12 14 0.344407

13 14 0.366756

14 14 0.387658

15 14 0.40703

16 14 0.424795

17 14 0.440884

18 14 0.455233

19 14 0.467786

20 14 0.478492

21 14 0.48731

22 14 0.494205

23 14 0.499149

24 14 0.502124

25 14 0.503116

26 14 0.502124

27 14 0.499149

28 14 0.494205

29 14 0.48731

30 14 0.478492

31 14 0.467786

32 14 0.455233

33 14 0.440884

34 14 0.424795

35 14 0.40703

36 14 0.387658

37 14 0.366756

38 14 0.344407

39 14 0.320698

40 14 0.295724

41 14 0.269583

42 14 0.242378

43 14 0.214216

44 14 0.185209

45 14 0.155471

46 14 0.12512

47 14 0.0942746

48 14 0.0630572

49 14 0.0315909

50 14 0

0 15 0

1 15 0.0331696

2 15 0.0662083

3 15 0.0989856

4 15 0.131372

5 15 0.163241

6 15 0.194465

7 15 0.224921

8 15 0.25449

9 15 0.283055

10 15 0.310502

11 15 0.336724

12 15 0.361617

13 15 0.385083

14 15 0.40703

15 15 0.42737

16 15 0.446023

17 15 0.462916

18 15 0.477982

19 15 0.491162

20 15 0.502403

21 15 0.511662

22 15 0.518901

23 15 0.524092

24 15 0.527215

25 15 0.528258

26 15 0.527215

27 15 0.524092

28 15 0.518901

29 15 0.511662

30 15 0.502403

31 15 0.491162

32 15 0.477982

33 15 0.462916

34 15 0.446023

35 15 0.42737

36 15 0.40703

37 15 0.385083

38 15 0.361617

39 15 0.336724

40 15 0.310502

41 15 0.283055

42 15 0.25449

43 15 0.224921

44 15 0.194465

45 15 0.163241

46 15 0.131372

47 15 0.0989856

48 15 0.0662083

49 15 0.0331696

50 15 0

0 16 0

1 16 0.0346173

2 16 0.069098

3 16 0.103306

4 16 0.137106

5 16 0.170366

6 16 0.202952

7 16 0.234738

8 16 0.265598

9 16 0.295409

10 16 0.324055

11 16 0.351421

12 16 0.377401

13 16 0.401891

14 16 0.424795

15 16 0.446023

16 16 0.46549

17 16 0.483121

18 16 0.498844

19 16 0.512599

20 16 0.524331

21 16 0.533994

22 16 0.541549

23 16 0.546967

24 16 0.550227

25 16 0.551315

26 16 0.550227

27 16 0.546967

28 16 0.541549

29 16 0.533994

30 16 0.524331

31 16 0.512599

32 16 0.498844

33 16 0.483121

34 16 0.46549

35 16 0.446023

36 16 0.424795

37 16 0.401891

38 16 0.377401

39 16 0.351421

40 16 0.324055

41 16 0.295409

42 16 0.265598

43 16 0.234738

44 16 0.202952

45 16 0.170366

46 16 0.137106

47 16 0.103306

48 16 0.069098

49 16 0.0346173

50 16 0

0 17 0

1 17 0.0359284

2 17 0.0717151

3 17 0.107219

4 17 0.142299

5 17 0.176818

6 17 0.210639

7 17 0.243629

8 17 0.275657

9 17 0.306598

10 17 0.336328

11 17 0.364731

12 17 0.391695

13 17 0.417113

14 17 0.440884

15 17 0.462916

16 17 0.483121

17 17 0.501419

18 17 0.517738

19 17 0.532014

20 17 0.54419

21 17 0.554219

22 17 0.56206

23 17 0.567684

24 17 0.571066

25 17 0.572195

26 17 0.571066

27 17 0.567684

28 17 0.56206

29 17 0.554219

30 17 0.54419

31 17 0.532014

32 17 0.517738

33 17 0.501419

34 17 0.483121

35 17 0.462916

36 17 0.440884

37 17 0.417113

38 17 0.391695

39 17 0.364731

40 17 0.336328

41 17 0.306598

42 17 0.275657

43 17 0.243629

44 17 0.210639

45 17 0.176818

46 17 0.142299

47 17 0.107219

48 17 0.0717151

49 17 0.0359284

50 17 0

0 18 0

1 18 0.0370978

2 18 0.0740492

3 18 0.110708

4 18 0.146931

5 18 0.182573

6 18 0.217495

7 18 0.251558

8 18 0.284629

9 18 0.316576

10 18 0.347274

11 18 0.376602

12 18 0.404443

13 18 0.430688

14 18 0.455233

15 18 0.477982

16 18 0.498844

17 18 0.517738

18 18 0.534588

19 18 0.549329

20 18 0.561901

21 18 0.572257

22 18 0.580353

23 18 0.586159

24 18 0.589652

25 18 0.590818

26 18 0.589652

27 18 0.586159

28 18 0.580353

29 18 0.572257

30 18 0.561901

31 18 0.549329

32 18 0.534588

33 18 0.517738

34 18 0.498844

35 18 0.477982

36 18 0.455233

37 18 0.430688

38 18 0.404443

39 18 0.376602

40 18 0.347274

41 18 0.316576

42 18 0.284629

43 18 0.251558

44 18 0.217495

45 18 0.182573

46 18 0.146931

47 18 0.110708

48 18 0.0740492

49 18 0.0370978

50 18 0

0 19 0

1 19 0.0381207

2 19 0.076091

3 19 0.113761

4 19 0.150982

5 19 0.187607

6 19 0.223492

7 19 0.258495

8 19 0.292477

9 19 0.325305

10 19 0.35685

11 19 0.386986

12 19 0.415595

13 19 0.442564

14 19 0.467786

15 19 0.491162

16 19 0.512599

17 19 0.532014

18 19 0.549329

19 19 0.564476

20 19 0.577395

21 19 0.588036

22 19 0.596356

23 19 0.602322

24 19 0.605911

25 19 0.607109

26 19 0.605911

27 19 0.602322

28 19 0.596356

29 19 0.588036

30 19 0.577395

31 19 0.564476

32 19 0.549329

33 19 0.532014

34 19 0.512599

35 19 0.491162

36 19 0.467786

37 19 0.442564

38 19 0.415595

39 19 0.386986

40 19 0.35685

41 19 0.325305

42 19 0.292477

43 19 0.258495

44 19 0.223492

45 19 0.187607

46 19 0.150982

47 19 0.113761

48 19 0.076091

49 19 0.0381207

50 19 0

0 20 0

1 20 0.0389932

2 20 0.0778325

3 20 0.116365

4 20 0.154437

5 20 0.191901

6 20 0.228607

7 20 0.264411

8 20 0.299171

9 20 0.332751

10 20 0.365017

11 20 0.395843

12 20 0.425107

13 20 0.452693

14 20 0.478492

15 20 0.502403

16 20 0.524331

17 20 0.54419

18 20 0.561901

19 20 0.577395

20 20 0.59061

21 20 0.601494

22 20 0.610005

23 20 0.616107

24 20 0.619779

25 20 0.621004

26 20 0.619779

27 20 0.616107

28 20 0.610005

29 20 0.601494

30 20 0.59061

31 20 0.577395

32 20 0.561901

33 20 0.54419

34 20 0.524331

35 20 0.502403

36 20 0.478492

37 20 0.452693

38 20 0.425107

39 20 0.395843

40 20 0.365017

41 20 0.332751

42 20 0.299171

43 20 0.264411

44 20 0.228607

45 20 0.191901

46 20 0.154437

47 20 0.116365

48 20 0.0778325

49 20 0.0389932

50 20 0

0 21 0

1 21 0.0397118

2 21 0.0792668

3 21 0.118509

4 21 0.157284

5 21 0.195437

6 21 0.23282

7 21 0.269283

8 21 0.304684

9 21 0.338883

10 21 0.371744

11 21 0.403138

12 21 0.432941

13 21 0.461035

14 21 0.48731

15 21 0.511662

16 21 0.533994

17 21 0.554219

18 21 0.572257

19 21 0.588036

20 21 0.601494

21 21 0.612579

22 21 0.621246

23 21 0.627461

24 21 0.631201

25 21 0.632449

26 21 0.631201

27 21 0.627461

28 21 0.621246

29 21 0.612579

30 21 0.601494

31 21 0.588036

32 21 0.572257

33 21 0.554219

34 21 0.533994

35 21 0.511662

36 21 0.48731

37 21 0.461035

38 21 0.432941

39 21 0.403138

40 21 0.371744

41 21 0.338883

42 21 0.304684

43 21 0.269283

44 21 0.23282

45 21 0.195437

46 21 0.157284

47 21 0.118509

48 21 0.0792668

49 21 0.0397118

50 21 0

0 22 0

1 22 0.0402736

2 22 0.0803883

3 22 0.120186

4 22 0.159509

5 22 0.198203

6 22 0.236114

7 22 0.273093

8 22 0.308995

9 22 0.343678

10 22 0.377004

11 22 0.408842

12 22 0.439066

13 22 0.467558

14 22 0.494205

15 22 0.518901

16 22 0.541549

17 22 0.56206

18 22 0.580353

19 22 0.596356

20 22 0.610005

21 22 0.621246

22 22 0.630036

23 22 0.636339

24 22 0.640131

25 22 0.641397

26 22 0.640131

27 22 0.636339

28 22 0.630036

29 22 0.621246

30 22 0.610005

31 22 0.596356

32 22 0.580353

33 22 0.56206

34 22 0.541549

35 22 0.518901

36 22 0.494205

37 22 0.467558

38 22 0.439066

39 22 0.408842

40 22 0.377004

41 22 0.343678

42 22 0.308995

43 22 0.273093

44 22 0.236114

45 22 0.198203

46 22 0.159509

47 22 0.120186

48 22 0.0803883

49 22 0.0402736

50 22 0

0 23 0

1 23 0.0406766

2 23 0.0811926

3 23 0.121388

4 23 0.161105

5 23 0.200185

6 23 0.238476

7 23 0.275826

8 23 0.312087

9 23 0.347116

10 23 0.380775

11 23 0.412932

12 23 0.443459

13 23 0.472236

14 23 0.499149

15 23 0.524092

16 23 0.546967

17 23 0.567684

18 23 0.586159

19 23 0.602322

20 23 0.616107

21 23 0.627461

22 23 0.636339

23 23 0.642706

24 23 0.646535

25 23 0.647814

26 23 0.646535

27 23 0.642706

28 23 0.636339

29 23 0.627461

30 23 0.616107

31 23 0.602322

32 23 0.586159

33 23 0.567684

34 23 0.546967

35 23 0.524092

36 23 0.499149

37 23 0.472236

38 23 0.443459

39 23 0.412932

40 23 0.380775

41 23 0.347116

42 23 0.312087

43 23 0.275826

44 23 0.238476

45 23 0.200185

46 23 0.161105

47 23 0.121388

48 23 0.0811926

49 23 0.0406766

50 23 0

0 24 0

1 24 0.040919

2 24 0.0816764

3 24 0.122112

4 24 0.162065

5 24 0.201378

6 24 0.239897

7 24 0.277469

8 24 0.313946

9 24 0.349184

10 24 0.383044

11 24 0.415393

12 24 0.446102

13 24 0.47505

14 24 0.502124

15 24 0.527215

16 24 0.550227

17 24 0.571066

18 24 0.589652

19 24 0.605911

20 24 0.619779

21 24 0.631201

22 24 0.640131

23 24 0.646535

24 24 0.650388

25 24 0.651674

26 24 0.650388

27 24 0.646535

28 24 0.640131

29 24 0.631201

30 24 0.619779

31 24 0.605911

32 24 0.589652

33 24 0.571066

34 24 0.550227

35 24 0.527215

36 24 0.502124

37 24 0.47505

38 24 0.446102

39 24 0.415393

40 24 0.383044

41 24 0.349184

42 24 0.313946

43 24 0.277469

44 24 0.239897

45 24 0.201378

46 24 0.162065

47 24 0.122112

48 24 0.0816764

49 24 0.040919

50 24 0

0 25 0

1 25 0.0409999

2 25 0.0818379

3 25 0.122353

4 25 0.162385

5 25 0.201777

6 25 0.240372

7 25 0.278018

8 25 0.314567

9 25 0.349875

10 25 0.383802

11 25 0.416214

12 25 0.446984

13 25 0.475989

14 25 0.503116

15 25 0.528258

16 25 0.551315

17 25 0.572195

18 25 0.590818

19 25 0.607109

20 25 0.621004

21 25 0.632449

22 25 0.641397

23 25 0.647814

24 25 0.651674

25 25 0.652963

26 25 0.651674

27 25 0.647814

28 25 0.641397

29 25 0.632449

30 25 0.621004

31 25 0.607109

32 25 0.590818

33 25 0.572195

34 25 0.551315

35 25 0.528258

36 25 0.503116

37 25 0.475989

38 25 0.446984

39 25 0.416214

40 25 0.383802

41 25 0.349875

42 25 0.314567

43 25 0.278018

44 25 0.240372

45 25 0.201777

46 25 0.162385

47 25 0.122353

48 25 0.0818379

49 25 0.0409999

50 25 0

0 26 0

1 26 0.040919

2 26 0.0816764

3 26 0.122112

4 26 0.162065

5 26 0.201378

6 26 0.239897

7 26 0.277469

8 26 0.313946

9 26 0.349184

10 26 0.383044

11 26 0.415393

12 26 0.446102

13 26 0.47505

14 26 0.502124

15 26 0.527215

16 26 0.550227

17 26 0.571066

18 26 0.589652

19 26 0.605911

20 26 0.619779

21 26 0.631201

22 26 0.640131

23 26 0.646535

24 26 0.650388

25 26 0.651674

26 26 0.650388

27 26 0.646535

28 26 0.640131

29 26 0.631201

30 26 0.619779

31 26 0.605911

32 26 0.589652

33 26 0.571066

34 26 0.550227

35 26 0.527215

36 26 0.502124

37 26 0.47505

38 26 0.446102

39 26 0.415393

40 26 0.383044

41 26 0.349184

42 26 0.313946

43 26 0.277469

44 26 0.239897

45 26 0.201378

46 26 0.162065

47 26 0.122112

48 26 0.0816764

49 26 0.040919

50 26 0

0 27 0

1 27 0.0406766

2 27 0.0811926

3 27 0.121388

4 27 0.161105

5 27 0.200185

6 27 0.238476

7 27 0.275826

8 27 0.312087

9 27 0.347116

10 27 0.380775

11 27 0.412932

12 27 0.443459

13 27 0.472236

14 27 0.499149

15 27 0.524092

16 27 0.546967

17 27 0.567684

18 27 0.586159

19 27 0.602322

20 27 0.616107

21 27 0.627461

22 27 0.636339

23 27 0.642706

24 27 0.646535

25 27 0.647814

26 27 0.646535

27 27 0.642706

28 27 0.636339

29 27 0.627461

30 27 0.616107

31 27 0.602322

32 27 0.586159

33 27 0.567684

34 27 0.546967

35 27 0.524092

36 27 0.499149

37 27 0.472236

38 27 0.443459

39 27 0.412932

40 27 0.380775

41 27 0.347116

42 27 0.312087

43 27 0.275826

44 27 0.238476

45 27 0.200185

46 27 0.161105

47 27 0.121388

48 27 0.0811926

49 27 0.0406766

50 27 0

0 28 0

1 28 0.0402736

2 28 0.0803883

3 28 0.120186

4 28 0.159509

5 28 0.198203

6 28 0.236114

7 28 0.273093

8 28 0.308995

9 28 0.343678

10 28 0.377004

11 28 0.408842

12 28 0.439066

13 28 0.467558

14 28 0.494205

15 28 0.518901

16 28 0.541549

17 28 0.56206

18 28 0.580353

19 28 0.596356

20 28 0.610005

21 28 0.621246

22 28 0.630036

23 28 0.636339

24 28 0.640131

25 28 0.641397

26 28 0.640131

27 28 0.636339

28 28 0.630036

29 28 0.621246

30 28 0.610005

31 28 0.596356

32 28 0.580353

33 28 0.56206

34 28 0.541549

35 28 0.518901

36 28 0.494205

37 28 0.467558

38 28 0.439066

39 28 0.408842

40 28 0.377004

41 28 0.343678

42 28 0.308995

43 28 0.273093

44 28 0.236114

45 28 0.198203

46 28 0.159509

47 28 0.120186

48 28 0.0803883

49 28 0.0402736

50 28 0

0 29 0

1 29 0.0397118

2 29 0.0792668

3 29 0.118509

4 29 0.157284

5 29 0.195437

6 29 0.23282

7 29 0.269283

8 29 0.304684

9 29 0.338883

10 29 0.371744

11 29 0.403138

12 29 0.432941

13 29 0.461035

14 29 0.48731

15 29 0.511662

16 29 0.533994

17 29 0.554219

18 29 0.572257

19 29 0.588036

20 29 0.601494

21 29 0.612579

22 29 0.621246

23 29 0.627461

24 29 0.631201

25 29 0.632449

26 29 0.631201

27 29 0.627461

28 29 0.621246

29 29 0.612579

30 29 0.601494

31 29 0.588036

32 29 0.572257

33 29 0.554219

34 29 0.533994

35 29 0.511662

36 29 0.48731

37 29 0.461035

38 29 0.432941

39 29 0.403138

40 29 0.371744

41 29 0.338883

42 29 0.304684

43 29 0.269283

44 29 0.23282

45 29 0.195437

46 29 0.157284

47 29 0.118509

48 29 0.0792668

49 29 0.0397118

50 29 0

0 30 0

1 30 0.0389932

2 30 0.0778325

3 30 0.116365

4 30 0.154437

5 30 0.191901

6 30 0.228607

7 30 0.264411

8 30 0.299171

9 30 0.332751

10 30 0.365017

11 30 0.395843

12 30 0.425107

13 30 0.452693

14 30 0.478492

15 30 0.502403

16 30 0.524331

17 30 0.54419

18 30 0.561901

19 30 0.577395

20 30 0.59061

21 30 0.601494

22 30 0.610005

23 30 0.616107

24 30 0.619779

25 30 0.621004

26 30 0.619779

27 30 0.616107

28 30 0.610005

29 30 0.601494

30 30 0.59061

31 30 0.577395

32 30 0.561901

33 30 0.54419

34 30 0.524331

35 30 0.502403

36 30 0.478492

37 30 0.452693

38 30 0.425107

39 30 0.395843

40 30 0.365017

41 30 0.332751

42 30 0.299171

43 30 0.264411

44 30 0.228607

45 30 0.191901

46 30 0.154437

47 30 0.116365

48 30 0.0778325

49 30 0.0389932

50 30 0

0 31 0

1 31 0.0381207

2 31 0.076091

3 31 0.113761

4 31 0.150982

5 31 0.187607

6 31 0.223492

7 31 0.258495

8 31 0.292477

9 31 0.325305

10 31 0.35685

11 31 0.386986

12 31 0.415595

13 31 0.442564

14 31 0.467786

15 31 0.491162

16 31 0.512599

17 31 0.532014

18 31 0.549329

19 31 0.564476

20 31 0.577395

21 31 0.588036

22 31 0.596356

23 31 0.602322

24 31 0.605911

25 31 0.607109

26 31 0.605911

27 31 0.602322

28 31 0.596356

29 31 0.588036

30 31 0.577395

31 31 0.564476

32 31 0.549329

33 31 0.532014

34 31 0.512599

35 31 0.491162

36 31 0.467786

37 31 0.442564

38 31 0.415595

39 31 0.386986

40 31 0.35685

41 31 0.325305

42 31 0.292477

43 31 0.258495

44 31 0.223492

45 31 0.187607

46 31 0.150982

47 31 0.113761

48 31 0.076091

49 31 0.0381207

50 31 0

0 32 0

1 32 0.0370978

2 32 0.0740492

3 32 0.110708

4 32 0.146931

5 32 0.182573

6 32 0.217495

7 32 0.251558

8 32 0.284629

9 32 0.316576

10 32 0.347274

11 32 0.376602

12 32 0.404443

13 32 0.430688

14 32 0.455233

15 32 0.477982

16 32 0.498844

17 32 0.517738

18 32 0.534588

19 32 0.549329

20 32 0.561901

21 32 0.572257

22 32 0.580353

23 32 0.586159

24 32 0.589652

25 32 0.590818

26 32 0.589652

27 32 0.586159

28 32 0.580353

29 32 0.572257

30 32 0.561901

31 32 0.549329

32 32 0.534588

33 32 0.517738

34 32 0.498844

35 32 0.477982

36 32 0.455233

37 32 0.430688

38 32 0.404443

39 32 0.376602

40 32 0.347274

41 32 0.316576

42 32 0.284629

43 32 0.251558

44 32 0.217495

45 32 0.182573

46 32 0.146931

47 32 0.110708

48 32 0.0740492

49 32 0.0370978

50 32 0

0 33 0

1 33 0.0359284

2 33 0.0717151

3 33 0.107219

4 33 0.142299

5 33 0.176818

6 33 0.210639

7 33 0.243629

8 33 0.275657

9 33 0.306598

10 33 0.336328

11 33 0.364731

12 33 0.391695

13 33 0.417113

14 33 0.440884

15 33 0.462916

16 33 0.483121

17 33 0.501419

18 33 0.517738

19 33 0.532014

20 33 0.54419

21 33 0.554219

22 33 0.56206

23 33 0.567684

24 33 0.571066

25 33 0.572195

26 33 0.571066

27 33 0.567684

28 33 0.56206

29 33 0.554219

30 33 0.54419

31 33 0.532014

32 33 0.517738

33 33 0.501419

34 33 0.483121

35 33 0.462916

36 33 0.440884

37 33 0.417113

38 33 0.391695

39 33 0.364731

40 33 0.336328

41 33 0.306598

42 33 0.275657

43 33 0.243629

44 33 0.210639

45 33 0.176818

46 33 0.142299

47 33 0.107219

48 33 0.0717151

49 33 0.0359284

50 33 0

0 34 0

1 34 0.0346173

2 34 0.069098

3 34 0.103306

4 34 0.137106

5 34 0.170366

6 34 0.202952

7 34 0.234738

8 34 0.265598

9 34 0.295409

10 34 0.324055

11 34 0.351421

12 34 0.377401

13 34 0.401891

14 34 0.424795

15 34 0.446023

16 34 0.46549

17 34 0.483121

18 34 0.498844

19 34 0.512599

20 34 0.524331

21 34 0.533994

22 34 0.541549

23 34 0.546967

24 34 0.550227

25 34 0.551315

26 34 0.550227

27 34 0.546967

28 34 0.541549

29 34 0.533994

30 34 0.524331

31 34 0.512599

32 34 0.498844

33 34 0.483121

34 34 0.46549

35 34 0.446023

36 34 0.424795

37 34 0.401891

38 34 0.377401

39 34 0.351421

40 34 0.324055

41 34 0.295409

42 34 0.265598

43 34 0.234738

44 34 0.202952

45 34 0.170366

46 34 0.137106

47 34 0.103306

48 34 0.069098

49 34 0.0346173

50 34 0

0 35 0

1 35 0.0331696

2 35 0.0662083

3 35 0.0989856

4 35 0.131372

5 35 0.163241

6 35 0.194465

7 35 0.224921

8 35 0.25449

9 35 0.283055

10 35 0.310502

11 35 0.336724

12 35 0.361617

13 35 0.385083

14 35 0.40703

15 35 0.42737

16 35 0.446023

17 35 0.462916

18 35 0.477982

19 35 0.491162

20 35 0.502403

21 35 0.511662

22 35 0.518901

23 35 0.524092

24 35 0.527215

25 35 0.528258

26 35 0.527215

27 35 0.524092

28 35 0.518901

29 35 0.511662

30 35 0.502403

31 35 0.491162

32 35 0.477982

33 35 0.462916

34 35 0.446023

35 35 0.42737

36 35 0.40703

37 35 0.385083

38 35 0.361617

39 35 0.336724

40 35 0.310502

41 35 0.283055

42 35 0.25449

43 35 0.224921

44 35 0.194465

45 35 0.163241

46 35 0.131372

47 35 0.0989856

48 35 0.0662083

49 35 0.0331696

50 35 0

0 36 0

1 36 0.0315909

2 36 0.0630572

3 36 0.0942746

4 36 0.12512

5 36 0.155471

6 36 0.185209

7 36 0.214216

8 36 0.242378

9 36 0.269583

10 36 0.295724

11 36 0.320698

12 36 0.344407

13 36 0.366756

14 36 0.387658

15 36 0.40703

16 36 0.424795

17 36 0.440884

18 36 0.455233

19 36 0.467786

20 36 0.478492

21 36 0.48731

22 36 0.494205

23 36 0.499149

24 36 0.502124

25 36 0.503116

26 36 0.502124

27 36 0.499149

28 36 0.494205

29 36 0.48731

30 36 0.478492

31 36 0.467786

32 36 0.455233

33 36 0.440884

34 36 0.424795

35 36 0.40703

36 36 0.387658

37 36 0.366756

38 36 0.344407

39 36 0.320698

40 36 0.295724

41 36 0.269583

42 36 0.242378

43 36 0.214216

44 36 0.185209

45 36 0.155471

46 36 0.12512

47 36 0.0942746

48 36 0.0630572

49 36 0.0315909

50 36 0

0 37 0

1 37 0.0298876

2 37 0.0596573

3 37 0.0891915

4 37 0.118374

5 37 0.147089

6 37 0.175223

7 37 0.202666

8 37 0.22931

9 37 0.255048

10 37 0.279779

11 37 0.303407

12 37 0.325837

13 37 0.346981

14 37 0.366756

15 37 0.385083

16 37 0.401891

17 37 0.417113

18 37 0.430688

19 37 0.442564

20 37 0.452693

21 37 0.461035

22 37 0.467558

23 37 0.472236

24 37 0.47505

25 37 0.475989

26 37 0.47505

27 37 0.472236

28 37 0.467558

29 37 0.461035

30 37 0.452693

31 37 0.442564

32 37 0.430688

33 37 0.417113

34 37 0.401891

35 37 0.385083

36 37 0.366756

37 37 0.346981

38 37 0.325837

39 37 0.303407

40 37 0.279779

41 37 0.255048

42 37 0.22931

43 37 0.202666

44 37 0.175223

45 37 0.147089

46 37 0.118374

47 37 0.0891915

48 37 0.0596573

49 37 0.0298876

50 37 0

0 38 0

1 38 0.0280663

2 38 0.0560219

3 38 0.0837564

4 38 0.11116

5 38 0.138126

6 38 0.164546

7 38 0.190316

8 38 0.215336

9 38 0.239506

10 38 0.26273

11 38 0.284918

12 38 0.305981

13 38 0.325837

14 38 0.344407

15 38 0.361617

16 38 0.377401

17 38 0.391695

18 38 0.404443

19 38 0.415595

20 38 0.425107

21 38 0.432941

22 38 0.439066

23 38 0.443459

24 38 0.446102

25 38 0.446984

26 38 0.446102

27 38 0.443459

28 38 0.439066

29 38 0.432941

30 38 0.425107

31 38 0.415595

32 38 0.404443

33 38 0.391695

34 38 0.377401

35 38 0.361617

36 38 0.344407

37 38 0.325837

38 38 0.305981

39 38 0.284918

40 38 0.26273

41 38 0.239506

42 38 0.215336

43 38 0.190316

44 38 0.164546

45 38 0.138126

46 38 0.11116

47 38 0.0837564

48 38 0.0560219

49 38 0.0280663

50 38 0

0 39 0

1 39 0.0261343

2 39 0.0521654

3 39 0.0779907

4 39 0.103508

5 39 0.128617

6 39 0.153219

7 39 0.177215

8 39 0.200513

9 39 0.223019

10 39 0.244644

11 39 0.265305

12 39 0.284918

13 39 0.303407

14 39 0.320698

15 39 0.336724

16 39 0.351421

17 39 0.364731

18 39 0.376602

19 39 0.386986

20 39 0.395843

21 39 0.403138

22 39 0.408842

23 39 0.412932

24 39 0.415393

25 39 0.416214

26 39 0.415393

27 39 0.412932

28 39 0.408842

29 39 0.403138

30 39 0.395843

31 39 0.386986

32 39 0.376602

33 39 0.364731

34 39 0.351421

35 39 0.336724

36 39 0.320698

37 39 0.303407

38 39 0.284918

39 39 0.265305

40 39 0.244644

41 39 0.223019

42 39 0.200513

43 39 0.177215

44 39 0.153219

45 39 0.128617

46 39 0.103508

47 39 0.0779907

48 39 0.0521654

49 39 0.0261343

50 39 0

0 40 0

1 40 0.0240991

2 40 0.0481031

3 40 0.0719173

4 40 0.0954476

5 40 0.118601

6 40 0.141287

7 40 0.163415

8 40 0.184898

9 40 0.205651

10 40 0.225593

11 40 0.244644

12 40 0.26273

13 40 0.279779

14 40 0.295724

15 40 0.310502

16 40 0.324055

17 40 0.336328

18 40 0.347274

19 40 0.35685

20 40 0.365017

21 40 0.371744

22 40 0.377004

23 40 0.380775

24 40 0.383044

25 40 0.383802

26 40 0.383044

27 40 0.380775

28 40 0.377004

29 40 0.371744

30 40 0.365017

31 40 0.35685

32 40 0.347274

33 40 0.336328

34 40 0.324055

35 40 0.310502

36 40 0.295724

37 40 0.279779

38 40 0.26273

39 40 0.244644

40 40 0.225593

41 40 0.205651

42 40 0.184898

43 40 0.163415

44 40 0.141287

45 40 0.118601

46 40 0.0954476

47 40 0.0719173

48 40 0.0481031

49 40 0.0240991

50 40 0

0 41 0

1 41 0.0219688

2 41 0.0438509

3 41 0.06556

4 41 0.0870103

5 41 0.108117

6 41 0.128798

7 41 0.148969

8 41 0.168553

9 41 0.187472

10 41 0.205651

11 41 0.223019

12 41 0.239506

13 41 0.255048

14 41 0.269583

15 41 0.283055

16 41 0.295409

17 41 0.306598

18 41 0.316576

19 41 0.325305

20 41 0.332751

21 41 0.338883

22 41 0.343678

23 41 0.347116

24 41 0.349184

25 41 0.349875

26 41 0.349184

27 41 0.347116

28 41 0.343678

29 41 0.338883

30 41 0.332751

31 41 0.325305

32 41 0.316576

33 41 0.306598

34 41 0.295409

35 41 0.283055

36 41 0.269583

37 41 0.255048

38 41 0.239506

39 41 0.223019

40 41 0.205651

41 41 0.187472

42 41 0.168553

43 41 0.148969

44 41 0.128798

45 41 0.108117

46 41 0.0870103

47 41 0.06556

48 41 0.0438509

49 41 0.0219688

50 41 0

0 42 0

1 42 0.0197518

2 42 0.0394257

3 42 0.058944

4 42 0.0782297

5 42 0.0972066

6 42 0.1158

7 42 0.133936

8 42 0.151544

9 42 0.168553

10 42 0.184898

11 42 0.200513

12 42 0.215336

13 42 0.22931

14 42 0.242378

15 42 0.25449

16 42 0.265598

17 42 0.275657

18 42 0.284629

19 42 0.292477

20 42 0.299171

21 42 0.304684

22 42 0.308995

23 42 0.312087

24 42 0.313946

25 42 0.314567

26 42 0.313946

27 42 0.312087

28 42 0.308995

29 42 0.304684

30 42 0.299171

31 42 0.292477

32 42 0.284629

33 42 0.275657

34 42 0.265598

35 42 0.25449

36 42 0.242378

37 42 0.22931

38 42 0.215336

39 42 0.200513

40 42 0.184898

41 42 0.168553

42 42 0.151544

43 42 0.133936

44 42 0.1158

45 42 0.0972066

46 42 0.0782297

47 42 0.058944

48 42 0.0394257

49 42 0.0197518

50 42 0

0 43 0

1 43 0.0174569

2 43 0.0348449

3 43 0.0520954

4 43 0.0691402

5 43 0.0859123

6 43 0.102345

7 43 0.118374

8 43 0.133936

9 43 0.148969

10 43 0.163415

11 43 0.177215

12 43 0.190316

13 43 0.202666

14 43 0.214216

15 43 0.224921

16 43 0.234738

17 43 0.243629

18 43 0.251558

19 43 0.258495

20 43 0.264411

21 43 0.269283

22 43 0.273093

23 43 0.275826

24 43 0.277469

25 43 0.278018

26 43 0.277469

27 43 0.275826

28 43 0.273093

29 43 0.269283

30 43 0.264411

31 43 0.258495

32 43 0.251558

33 43 0.243629

34 43 0.234738

35 43 0.224921

36 43 0.214216

37 43 0.202666

38 43 0.190316

39 43 0.177215

40 43 0.163415

41 43 0.148969

42 43 0.133936

43 43 0.118374

44 43 0.102345

45 43 0.0859123

46 43 0.0691402

47 43 0.0520954

48 43 0.0348449

49 43 0.0174569

50 43 0

0 44 0

1 44 0.0150931

2 44 0.0301265

3 44 0.0450411

4 44 0.059778

5 44 0.0742789

6 44 0.0884867

7 44 0.102345

8 44 0.1158

9 44 0.128798

10 44 0.141287

11 44 0.153219

12 44 0.164546

13 44 0.175223

14 44 0.185209

15 44 0.194465

16 44 0.202952

17 44 0.210639

18 44 0.217495

19 44 0.223492

20 44 0.228607

21 44 0.23282

22 44 0.236114

23 44 0.238476

24 44 0.239897

25 44 0.240372

26 44 0.239897

27 44 0.238476

28 44 0.236114

29 44 0.23282

30 44 0.228607

31 44 0.223492

32 44 0.217495

33 44 0.210639

34 44 0.202952

35 44 0.194465

36 44 0.185209

37 44 0.175223

38 44 0.164546

39 44 0.153219

40 44 0.141287

41 44 0.128798

42 44 0.1158

43 44 0.102345

44 44 0.0884867

45 44 0.0742789

46 44 0.059778

47 44 0.0450411

48 44 0.0301265

49 44 0.0150931

50 44 0

0 45 0

1 45 0.0126697

2 45 0.0252893

3 45 0.0378092

4 45 0.0501798

5 45 0.0623524

6 45 0.0742789

7 45 0.0859123

8 45 0.0972066

9 45 0.108117

10 45 0.118601

11 45 0.128617

12 45 0.138126

13 45 0.147089

14 45 0.155471

15 45 0.163241

16 45 0.170366

17 45 0.176818

18 45 0.182573

19 45 0.187607

20 45 0.191901

21 45 0.195437

22 45 0.198203

23 45 0.200185

24 45 0.201378

25 45 0.201777

26 45 0.201378

27 45 0.200185

28 45 0.198203

29 45 0.195437

30 45 0.191901

31 45 0.187607

32 45 0.182573

33 45 0.176818

34 45 0.170366

35 45 0.163241

36 45 0.155471

37 45 0.147089

38 45 0.138126

39 45 0.128617

40 45 0.118601

41 45 0.108117

42 45 0.0972066

43 45 0.0859123

44 45 0.0742789

45 45 0.0623524

46 45 0.0501798

47 45 0.0378092

48 45 0.0252893

49 45 0.0126697

50 45 0

0 46 0

1 46 0.0101962

2 46 0.0203523

3 46 0.0304279

4 46 0.0403836

5 46 0.0501798

6 46 0.059778

7 46 0.0691402

8 46 0.0782297

9 46 0.0870103

10 46 0.0954476

11 46 0.103508

12 46 0.11116

13 46 0.118374

14 46 0.12512

15 46 0.131372

16 46 0.137106

17 46 0.142299

18 46 0.146931

19 46 0.150982

20 46 0.154437

21 46 0.157284

22 46 0.159509

23 46 0.161105

24 46 0.162065

25 46 0.162385

26 46 0.162065

27 46 0.161105

28 46 0.159509

29 46 0.157284

30 46 0.154437

31 46 0.150982

32 46 0.146931

33 46 0.142299

34 46 0.137106

35 46 0.131372

36 46 0.12512

37 46 0.118374

38 46 0.11116

39 46 0.103508

40 46 0.0954476

41 46 0.0870103

42 46 0.0782297

43 46 0.0691402

44 46 0.059778

45 46 0.0501798

46 46 0.0403836

47 46 0.0304279

48 46 0.0203523

49 46 0.0101962

50 46 0

0 47 0

1 47 0.00768261

2 47 0.0153349

3 47 0.0229267

4 47 0.0304279

5 47 0.0378092

6 47 0.0450411

7 47 0.0520954

8 47 0.058944

9 47 0.06556

10 47 0.0719173

11 47 0.0779907

12 47 0.0837564

13 47 0.0891915

14 47 0.0942746

15 47 0.0989856

16 47 0.103306

17 47 0.107219

18 47 0.110708

19 47 0.113761

20 47 0.116365

21 47 0.118509

22 47 0.120186

23 47 0.121388

24 47 0.122112

25 47 0.122353

26 47 0.122112

27 47 0.121388

28 47 0.120186

29 47 0.118509

30 47 0.116365

31 47 0.113761

32 47 0.110708

33 47 0.107219

34 47 0.103306

35 47 0.0989856

36 47 0.0942746

37 47 0.0891915

38 47 0.0837564

39 47 0.0779907

40 47 0.0719173

41 47 0.06556

42 47 0.058944

43 47 0.0520954

44 47 0.0450411

45 47 0.0378092

46 47 0.0304279

47 47 0.0229267

48 47 0.0153349

49 47 0.00768261

50 47 0

0 48 0

1 48 0.00513864

2 48 0.010257

3 48 0.0153349

4 48 0.0203523

5 48 0.0252893

6 48 0.0301265

7 48 0.0348449

8 48 0.0394257

9 48 0.0438509

10 48 0.0481031

11 48 0.0521654

12 48 0.0560219

13 48 0.0596573

14 48 0.0630572

15 48 0.0662083

16 48 0.069098

17 48 0.0717151

18 48 0.0740492

19 48 0.076091

20 48 0.0778325

21 48 0.0792668

22 48 0.0803883

23 48 0.0811926

24 48 0.0816764

25 48 0.0818379

26 48 0.0816764

27 48 0.0811926

28 48 0.0803883

29 48 0.0792668

30 48 0.0778325

31 48 0.076091

32 48 0.0740492

33 48 0.0717151

34 48 0.069098

35 48 0.0662083

36 48 0.0630572

37 48 0.0596573

38 48 0.0560219

39 48 0.0521654

40 48 0.0481031

41 48 0.0438509

42 48 0.0394257

43 48 0.0348449

44 48 0.0301265

45 48 0.0252893

46 48 0.0203523

47 48 0.0153349

48 48 0.010257

49 48 0.00513864

50 48 0

0 49 0

1 49 0.0025744

2 49 0.00513864

3 49 0.00768261

4 49 0.0101962

5 49 0.0126697

6 49 0.0150931

7 49 0.0174569

8 49 0.0197518

9 49 0.0219688

10 49 0.0240991

11 49 0.0261343

12 49 0.0280663

13 49 0.0298876

14 49 0.0315909

15 49 0.0331696

16 49 0.0346173

17 49 0.0359284

18 49 0.0370978

19 49 0.0381207

20 49 0.0389932

21 49 0.0397118

22 49 0.0402736

23 49 0.0406766

24 49 0.040919

25 49 0.0409999

26 49 0.040919

27 49 0.0406766

28 49 0.0402736

29 49 0.0397118

30 49 0.0389932

31 49 0.0381207

32 49 0.0370978

33 49 0.0359284

34 49 0.0346173

35 49 0.0331696

36 49 0.0315909

37 49 0.0298876

38 49 0.0280663

39 49 0.0261343

40 49 0.0240991

41 49 0.0219688

42 49 0.0197518

43 49 0.0174569

44 49 0.0150931

45 49 0.0126697

46 49 0.0101962

47 49 0.00768261

48 49 0.00513864

49 49 0.0025744

50 49 0

