0 1 0

1 1 0.0018774

2 1 0.00374739

3 1 0.00560259

4 1 0.00743568

5 1 0.00923942

6 1 0.0110067

7 1 0.0127305

8 1 0.0144041

9 1 0.0160209

10 1 0.0175744

11 1 0.0190586

12 1 0.0204676

13 1 0.0217957

14 1 0.0230379

15 1 0.0241891

16 1 0.0252449

17 1 0.026201

18 1 0.0270538

19 1 0.0277998

20 1 0.028436

21 1 0.0289601

22 1 0.0293698

23 1 0.0296636

24 1 0.0298404

25 1 0.0298994

26 1 0.0298404

27 1 0.0296636

28 1 0.0293698

29 1 0.0289601

30 1 0.028436

31 1 0.0277998

32 1 0.0270538

33 1 0.026201

34 1 0.0252449

35 1 0.0241891

36 1 0.0230379

37 1 0.0217957

38 1 0.0204676

39 1 0.0190586

40 1 0.0175744

41 1 0.0160209

42 1 0.0144041

43 1 0.0127305

44 1 0.0110067

45 1 0.00923942

46 1 0.00743568

47 1 0.00560259

48 1 0.00374739

49 1 0.0018774

50 1 0

0 2 0

1 2 0.00374739

2 2 0.00747999

3 2 0.0111831

4 2 0.014842

5 2 0.0184424

6 2 0.02197

7 2 0.0254109

8 2 0.0287514

9 2 0.0319786

10 2 0.0350795

11 2 0.038042

12 2 0.0408543

13 2 0.0435054

14 2 0.0459849

15 2 0.0482828

16 2 0.0503902

17 2 0.0522987

18 2 0.0540008

19 2 0.0554898

20 2 0.0567598

21 2 0.0578058

22 2 0.0586237

23 2 0.0592102

24 2 0.059563

25 2 0.0596808

26 2 0.059563

27 2 0.0592102

28 2 0.0586237

29 2 0.0578058

30 2 0.0567598

31 2 0.0554898

32 2 0.0540008

33 2 0.0522987

34 2 0.0503902

35 2 0.0482828

36 2 0.0459849

37 2 0.0435054

38 2 0.0408543

39 2 0.038042

40 2 0.0350795

41 2 0.0319786

42 2 0.0287514

43 2 0.0254109

44 2 0.02197

45 2 0.0184424

46 2 0.014842

47 2 0.0111831

48 2 0.00747999

49 2 0.00374739

50 2 0

0 3 0

1 3 0.00560259

2 3 0.0111831

3 3 0.0167194

4 3 0.0221898

5 3 0.0275726

6 3 0.0328465

7 3 0.0379909

8 3 0.0429853

9 3 0.04781

10 3 0.0524461

11 3 0.0568752

12 3 0.0610799

13 3 0.0650435

14 3 0.0687503

15 3 0.0721859

16 3 0.0753366

17 3 0.0781899

18 3 0.0807347

19 3 0.0829609

20 3 0.0848596

21 3 0.0864235

22 3 0.0876462

23 3 0.0885231

24 3 0.0890506

25 3 0.0892267

26 3 0.0890506

27 3 0.0885231

28 3 0.0876462

29 3 0.0864235

30 3 0.0848596

31 3 0.0829609

32 3 0.0807347

33 3 0.0781899

34 3 0.0753366

35 3 0.0721859

36 3 0.0687503

37 3 0.0650435

38 3 0.0610799

39 3 0.0568752

40 3 0.0524461

41 3 0.04781

42 3 0.0429853

43 3 0.0379909

44 3 0.0328465

45 3 0.0275726

46 3 0.0221898

47 3 0.0167194

48 3 0.0111831

49 3 0.00560259

50 3 0

0 4 0

1 4 0.00743568

2 4 0.014842

3 4 0.0221898

4 4 0.02945

5 4 0.0365939

6 4 0.0435935

7 4 0.050421

8 4 0.0570495

9 4 0.0634528

10 4 0.0696058

11 4 0.075484

12 4 0.0810644

13 4 0.0863248

14 4 0.0912445

15 4 0.0958041

16 4 0.0999857

17 4 0.103773

18 4 0.10715

19 4 0.110105

20 4 0.112625

21 4 0.1147

22 4 0.116323

23 4 0.117487

24 4 0.118187

25 4 0.11842

26 4 0.118187

27 4 0.117487

28 4 0.116323

29 4 0.1147

30 4 0.112625

31 4 0.110105

32 4 0.10715

33 4 0.103773

34 4 0.0999857

35 4 0.0958041

36 4 0.0912445

37 4 0.0863248

38 4 0.0810644

39 4 0.075484

40 4 0.0696058

41 4 0.0634528

42 4 0.0570495

43 4 0.050421

44 4 0.0435935

45 4 0.0365939

46 4 0.02945

47 4 0.0221898

48 4 0.014842

49 4 0.00743568

50 4 0

0 5 0

1 5 0.00923942

2 5 0.0184424

3 5 0.0275726

4 5 0.0365939

5 5 0.0454709

6 5 0.0541684

7 5 0.0626521

8 5 0.0708885

9 5 0.0788452

10 5 0.0864907

11 5 0.0937949

12 5 0.100729

13 5 0.107265

14 5 0.113379

15 5 0.119044

16 5 0.12424

17 5 0.128946

18 5 0.133142

19 5 0.136814

20 5 0.139945

21 5 0.142524

22 5 0.14454

23 5 0.145987

24 5 0.146856

25 5 0.147147

26 5 0.146856

27 5 0.145987

28 5 0.14454

29 5 0.142524

30 5 0.139945

31 5 0.136814

32 5 0.133142

33 5 0.128946

34 5 0.12424

35 5 0.119044

36 5 0.113379

37 5 0.107265

38 5 0.100729

39 5 0.0937949

40 5 0.0864907

41 5 0.0788452

42 5 0.0708885

43 5 0.0626521

44 5 0.0541684

45 5 0.0454709

46 5 0.0365939

47 5 0.0275726

48 5 0.0184424

49 5 0.00923942

50 5 0

0 6 0

1 6 0.0110067

2 6 0.02197

3 6 0.0328465

4 6 0.0435935

5 6 0.0541684

6 6 0.0645295

7 6 0.0746359

8 6 0.0844478

9 6 0.0939264

10 6 0.103034

11 6 0.111736

12 6 0.119996

13 6 0.127783

14 6 0.135065

15 6 0.141815

16 6 0.148004

17 6 0.15361

18 6 0.158609

19 6 0.162983

20 6 0.166713

21 6 0.169785

22 6 0.172188

23 6 0.17391

24 6 0.174947

25 6 0.175292

26 6 0.174947

27 6 0.17391

28 6 0.172188

29 6 0.169785

30 6 0.166713

31 6 0.162983

32 6 0.158609

33 6 0.15361

34 6 0.148004

35 6 0.141815

36 6 0.135065

37 6 0.127783

38 6 0.119996

39 6 0.111736

40 6 0.103034

41 6 0.0939264

42 6 0.0844478

43 6 0.0746359

44 6 0.0645295

45 6 0.0541684

46 6 0.0435935

47 6 0.0328465

48 6 0.02197

49 6 0.0110067

50 6 0

0 7 0

1 7 0.0127305

2 7 0.0254109

3 7 0.0379909

4 7 0.050421

5 7 0.0626521

6 7 0.0746359

7 7 0.0863252

8 7 0.0976738

9 7 0.108637

10 7 0.119171

11 7 0.129235

12 7 0.138789

13 7 0.147796

14 7 0.156219

15 7 0.164025

16 7 0.171184

17 7 0.177668

18 7 0.18345

19 7 0.188509

20 7 0.192823

21 7 0.196377

22 7 0.199155

23 7 0.201148

24 7 0.202346

25 7 0.202746

26 7 0.202346

27 7 0.201148

28 7 0.199155

29 7 0.196377

30 7 0.192823

31 7 0.188509

32 7 0.18345

33 7 0.177668

34 7 0.171184

35 7 0.164025

36 7 0.156219

37 7 0.147796

38 7 0.138789

39 7 0.129235

40 7 0.119171

41 7 0.108637

42 7 0.0976738

43 7 0.0863252

44 7 0.0746359

45 7 0.0626521

46 7 0.050421

47 7 0.0379909

48 7 0.0254109

49 7 0.0127305

50 7 0

0 8 0

1 8 0.0144041

2 8 0.0287514

3 8 0.0429853

4 8 0.0570495

5 8 0.0708885

6 8 0.0844478

7 8 0.0976738

8 8 0.110514

9 8 0.122919

10 8 0.134838

11 8 0.146225

12 8 0.157035

13 8 0.167225

14 8 0.176756

15 8 0.185589

16 8 0.193689

17 8 0.201025

18 8 0.207567

19 8 0.213291

20 8 0.218172

21 8 0.222193

22 8 0.225337

23 8 0.227591

24 8 0.228947

25 8 0.2294

26 8 0.228947

27 8 0.227591

28 8 0.225337

29 8 0.222193

30 8 0.218172

31 8 0.213291

32 8 0.207567

33 8 0.201025

34 8 0.193689

35 8 0.185589

36 8 0.176756

37 8 0.167225

38 8 0.157035

39 8 0.146225

40 8 0.134838

41 8 0.122919

42 8 0.110514

43 8 0.0976738

44 8 0.0844478

45 8 0.0708885

46 8 0.0570495

47 8 0.0429853

48 8 0.0287514

49 8 0.0144041

50 8 0

0 9 0

1 9 0.0160209

2 9 0.0319786

3 9 0.04781

4 9 0.0634528

5 9 0.0788452

6 9 0.0939264

7 9 0.108637

8 9 0.122919

9 9 0.136715

10 9 0.149972

11 9 0.162638

12 9 0.174661

13 9 0.185995

14 9 0.196595

15 9 0.206419

16 9 0.215429

17 9 0.223588

18 9 0.230865

19 9 0.237231

20 9 0.242661

21 9 0.247132

22 9 0.250629

23 9 0.253137

24 9 0.254645

25 9 0.255148

26 9 0.254645

27 9 0.253137

28 9 0.250629

29 9 0.247132

30 9 0.242661

31 9 0.237231

32 9 0.230865

33 9 0.223588

34 9 0.215429

35 9 0.206419

36 9 0.196595

37 9 0.185995

38 9 0.174661

39 9 0.162638

40 9 0.149972

41 9 0.136715

42 9 0.122919

43 9 0.108637

44 9 0.0939264

45 9 0.0788452

46 9 0.0634528

47 9 0.04781

48 9 0.0319786

49 9 0.0160209

50 9 0

0 10 0

1 10 0.0175744

2 10 0.0350795

3 10 0.0524461

4 10 0.0696058

5 10 0.0864907

6 10 0.103034

7 10 0.119171

8 10 0.134838

9 10 0.149972

10 10 0.164515

11 10 0.178409

12 10 0.191598

13 10 0.204031

14 10 0.215659

15 10 0.226436

16 10 0.236319

17 10 0.245269

18 10 0.253252

19 10 0.260235

20 10 0.266191

21 10 0.271097

22 10 0.274932

23 10 0.277683

24 10 0.279338

25 10 0.27989

26 10 0.279338

27 10 0.277683

28 10 0.274932

29 10 0.271097

30 10 0.266191

31 10 0.260235

32 10 0.253252

33 10 0.245269

34 10 0.236319

35 10 0.226436

36 10 0.215659

37 10 0.204031

38 10 0.191598

39 10 0.178409

40 10 0.164515

41 10 0.149972

42 10 0.134838

43 10 0.119171

44 10 0.103034

45 10 0.0864907

46 10 0.0696058

47 10 0.0524461

48 10 0.0350795

49 10 0.0175744

50 10 0

0 11 0

1 11 0.0190586

2 11 0.038042

3 11 0.0568752

4 11 0.075484

5 11 0.0937949

6 11 0.111736

7 11 0.129235

8 11 0.146225

9 11 0.162638

10 11 0.178409

11 11 0.193475

12 11 0.207778

13 11 0.221261

14 11 0.233871

15 11 0.245558

16 11 0.256276

17 11 0.265982

18 11 0.274639

19 11 0.282212

20 11 0.288671

21 11 0.293991

22 11 0.29815

23 11 0.301133

24 11 0.302928

25 11 0.303527

26 11 0.302928

27 11 0.301133

28 11 0.29815

29 11 0.293991

30 11 0.288671

31 11 0.282212

32 11 0.274639

33 11 0.265982

34 11 0.256276

35 11 0.245558

36 11 0.233871

37 11 0.221261

38 11 0.207778

39 11 0.193475

40 11 0.178409

41 11 0.162638

42 11 0.146225

43 11 0.129235

44 11 0.111736

45 11 0.0937949

46 11 0.075484

47 11 0.0568752

48 11 0.038042

49 11 0.0190586

50 11 0

0 12 0

1 12 0.0204676

2 12 0.0408543

3 12 0.0610799

4 12 0.0810644

5 12 0.100729

6 12 0.119996

7 12 0.138789

8 12 0.157035

9 12 0.174661

10 12 0.191598

11 12 0.207778

12 12 0.223139

13 12 0.237619

14 12 0.251161

15 12 0.263712

16 12 0.275222

17 12 0.285646

18 12 0.294943

19 12 0.303075

20 12 0.310012

21 12 0.315725

22 12 0.320192

23 12 0.323395

24 12 0.325322

25 12 0.325966

26 12 0.325322

27 12 0.323395

28 12 0.320192

29 12 0.315725

30 12 0.310012

31 12 0.303075

32 12 0.294943

33 12 0.285646

34 12 0.275222

35 12 0.263712

36 12 0.251161

37 12 0.237619

38 12 0.223139

39 12 0.207778

40 12 0.191598

41 12 0.174661

42 12 0.157035

43 12 0.138789

44 12 0.119996

45 12 0.100729

46 12 0.0810644

47 12 0.0610799

48 12 0.0408543

49 12 0.0204676

50 12 0

0 13 0

1 13 0.0217957

2 13 0.0435054

3 13 0.0650435

4 13 0.0863248

5 13 0.107265

6 13 0.127783

7 13 0.147796

8 13 0.167225

9 13 0.185995

10 13 0.204031

11 13 0.221261

12 13 0.237619

13 13 0.253038

14 13 0.267459

15 13 0.280824

16 13 0.293082

17 13 0.304182

18 13 0.314082

19 13 0.322742

20 13 0.330129

21 13 0.336213

22 13 0.34097

23 13 0.344381

24 13 0.346433

25 13 0.347118

26 13 0.346433

27 13 0.344381

28 13 0.34097

29 13 0.336213

30 13 0.330129

31 13 0.322742

32 13 0.314082

33 13 0.304182

34 13 0.293082

35 13 0.280824

36 13 0.267459

37 13 0.253038

38 13 0.237619

39 13 0.221261

40 13 0.204031

41 13 0.185995

42 13 0.167225

43 13 0.147796

44 13 0.127783

45 13 0.107265

46 13 0.0863248

47 13 0.0650435

48 13 0.0435054

49 13 0.0217957

50 13 0

0 14 0

1 14 0.0230379

2 14 0.0459849

3 14 0.0687503

4 14 0.0912445

5 14 0.113379

6 14 0.135065

7 14 0.156219

8 14 0.176756

9 14 0.196595

10 14 0.215659

11 14 0.233871

12 14 0.251161

13 14 0.267459

14 14 0.282702

15 14 0.296829

16 14 0.309785

17 14 0.321518

18 14 0.331982

19 14 0.341136

20 14 0.348943

21 14 0.355374

22 14 0.360402

23 14 0.364008

24 14 0.366177

25 14 0.366901

26 14 0.366177

27 14 0.364008

28 14 0.360402

29 14 0.355374

30 14 0.348943

31 14 0.341136

32 14 0.331982

33 14 0.321518

34 14 0.309785

35 14 0.296829

36 14 0.282702

37 14 0.267459

38 14 0.251161

39 14 0.233871

40 14 0.215659

41 14 0.196595

42 14 0.176756

43 14 0.156219

44 14 0.135065

45 14 0.113379

46 14 0.0912445

47 14 0.0687503

48 14 0.0459849

49 14 0.0230379

50 14 0

0 15 0

1 15 0.0241891

2 15 0.0482828

3 15 0.0721859

4 15 0.0958041

5 15 0.119044

6 15 0.141815

7 15 0.164025

8 15 0.185589

9 15 0.206419

10 15 0.226436

11 15 0.245558

12 15 0.263712

13 15 0.280824

14 15 0.296829

15 15 0.311662

16 15 0.325265

17 15 0.337584

18 15 0.348571

19 15 0.358183

20 15 0.366381

21 15 0.373132

22 15 0.378412

23 15 0.382198

24 15 0.384475

25 15 0.385235

26 15 0.384475

27 15 0.382198

28 15 0.378412

29 15 0.373132

30 15 0.366381

31 15 0.358183

32 15 0.348571

33 15 0.337584

34 15 0.325265

35 15 0.311662

36 15 0.296829

37 15 0.280824

38 15 0.263712

39 15 0.245558

40 15 0.226436

41 15 0.206419

42 15 0.185589

43 15 0.164025

44 15 0.141815

45 15 0.119044

46 15 0.0958041

47 15 0.0721859

48 15 0.0482828

49 15 0.0241891

50 15 0

0 16 0

1 16 0.0252449

2 16 0.0503902

3 16 0.0753366

4 16 0.0999857

5 16 0.12424

6 16 0.148004

7 16 0.171184

8 16 0.193689

9 16 0.215429

10 16 0.236319

11 16 0.256276

12 16 0.275222

13 16 0.293082

14 16 0.309785

15 16 0.325265

16 16 0.339462

17 16 0.352319

18 16 0.363785

19 16 0.373816

20 16 0.382372

21 16 0.389418

22 16 0.394928

23 16 0.398879

24 16 0.401256

25 16 0.40205

26 16 0.401256

27 16 0.398879

28 16 0.394928

29 16 0.389418

30 16 0.382372

31 16 0.373816

32 16 0.363785

33 16 0.352319

34 16 0.339462

35 16 0.325265

36 16 0.309785

37 16 0.293082

38 16 0.275222

39 16 0.256276

40 16 0.236319

41 16 0.215429

42 16 0.193689

43 16 0.171184

44 16 0.148004

45 16 0.12424

46 16 0.0999857

47 16 0.0753366

48 16 0.0503902

49 16 0.0252449

50 16 0

0 17 0

1 17 0.026201

2 17 0.0522987

3 17 0.0781899

4 17 0.103773

5 17 0.128946

6 17 0.15361

7 17 0.177668

8 17 0.201025

9 17 0.223588

10 17 0.245269

11 17 0.265982

12 17 0.285646

13 17 0.304182

14 17 0.321518

15 17 0.337584

16 17 0.352319

17 17 0.365663

18 17 0.377564

19 17 0.387974

20 17 0.396854

21 17 0.404168

22 17 0.409886

23 17 0.413987

24 17 0.416454

25 17 0.417277

26 17 0.416454

27 17 0.413987

28 17 0.409886

29 17 0.404168

30 17 0.396854

31 17 0.387974

32 17 0.377564

33 17 0.365663

34 17 0.352319

35 17 0.337584

36 17 0.321518

37 17 0.304182

38 17 0.285646

39 17 0.265982

40 17 0.245269

41 17 0.223588

42 17 0.201025

43 17 0.177668

44 17 0.15361

45 17 0.128946

46 17 0.103773

47 17 0.0781899

48 17 0.0522987

49 17 0.026201

50 17 0

0 18 0

1 18 0.0270538

2 18 0.0540008

3 18 0.0807347

4 18 0.10715

5 18 0.133142

6 18 0.158609

7 18 0.18345

8 18 0.207567

9 18 0.230865

10 18 0.253252

11 18 0.274639

12 18 0.294943

13 18 0.314082

14 18 0.331982

15 18 0.348571

16 18 0.363785

17 18 0.377564

18 18 0.389852

19 18 0.400602

20 18 0.40977

21 18 0.417322

22 18 0.423226

23 18 0.42746

24 18 0.430008

25 18 0.430858

26 18 0.430008

27 18 0.42746

28 18 0.423226

29 18 0.417322

30 18 0.40977

31 18 0.400602

32 18 0.389852

33 18 0.377564

34 18 0.363785

35 18 0.348571

36 18 0.331982

37 18 0.314082

38 18 0.294943

39 18 0.274639

40 18 0.253252

41 18 0.230865

42 18 0.207567

43 18 0.18345

44 18 0.158609

45 18 0.133142

46 18 0.10715

47 18 0.0807347

48 18 0.0540008

49 18 0.0270538

50 18 0

0 19 0

1 19 0.0277998

2 19 0.0554898

3 19 0.0829609

4 19 0.110105

5 19 0.136814

6 19 0.162983

7 19 0.188509

8 19 0.213291

9 19 0.237231

10 19 0.260235

11 19 0.282212

12 19 0.303075

13 19 0.322742

14 19 0.341136

15 19 0.358183

16 19 0.373816

17 19 0.387974

18 19 0.400602

19 19 0.411648

20 19 0.421069

21 19 0.428829

22 19 0.434896

23 19 0.439247

24 19 0.441865

25 19 0.442738

26 19 0.441865

27 19 0.439247

28 19 0.434896

29 19 0.428829

30 19 0.421069

31 19 0.411648

32 19 0.400602

33 19 0.387974

34 19 0.373816

35 19 0.358183

36 19 0.341136

37 19 0.322742

38 19 0.303075

39 19 0.282212

40 19 0.260235

41 19 0.237231

42 19 0.213291

43 19 0.188509

44 19 0.162983

45 19 0.136814

46 19 0.110105

47 19 0.0829609

48 19 0.0554898

49 19 0.0277998

50 19 0

0 20 0

1 20 0.028436

2 20 0.0567598

3 20 0.0848596

4 20 0.112625

5 20 0.139945

6 20 0.166713

7 20 0.192823

8 20 0.218172

9 20 0.242661

10 20 0.266191

11 20 0.288671

12 20 0.310012

13 20 0.330129

14 20 0.348943

15 20 0.366381

16 20 0.382372

17 20 0.396854

18 20 0.40977

19 20 0.421069

20 20 0.430706

21 20 0.438644

22 20 0.44485

23 20 0.4493

24 20 0.451978

25 20 0.452871

26 20 0.451978

27 20 0.4493

28 20 0.44485

29 20 0.438644

30 20 0.430706

31 20 0.421069

32 20 0.40977

33 20 0.396854

34 20 0.382372

35 20 0.366381

36 20 0.348943

37 20 0.330129

38 20 0.310012

39 20 0.288671

40 20 0.266191

41 20 0.242661

42 20 0.218172

43 20 0.192823

44 20 0.166713

45 20 0.139945

46 20 0.112625

47 20 0.0848596

48 20 0.0567598

49 20 0.028436

50 20 0

0 21 0

1 21 0.0289601

2 21 0.0578058

3 21 0.0864235

4 21 0.1147

5 21 0.142524

6 21 0.169785

7 21 0.196377

8 21 0.222193

9 21 0.247132

10 21 0.271097

11 21 0.293991

12 21 0.315725

13 21 0.336213

14 21 0.355374

15 21 0.373132

16 21 0.389418

17 21 0.404168

18 21 0.417322

19 21 0.428829

20 21 0.438644

21 21 0.446727

22 21 0.453048

23 21 0.45758

24 21 0.460307

25 21 0.461217

26 21 0.460307

27 21 0.45758

28 21 0.453048

29 21 0.446727

30 21 0.438644

31 21 0.428829

32 21 0.417322

33 21 0.404168

34 21 0.389418

35 21 0.373132

36 21 0.355374

37 21 0.336213

38 21 0.315725

39 21 0.293991

40 21 0.271097

41 21 0.247132

42 21 0.222193

43 21 0.196377

44 21 0.169785

45 21 0.142524

46 21 0.1147

47 21 0.0864235

48 21 0.0578058

49 21 0.0289601

50 21 0

0 22 0

1 22 0.0293698

2 22 0.0586237

3 22 0.0876462

4 22 0.116323

5 22 0.14454

6 22 0.172188

7 22 0.199155

8 22 0.225337

9 22 0.250629

10 22 0.274932

11 22 0.29815

12 22 0.320192

13 22 0.34097

14 22 0.360402

15 22 0.378412

16 22 0.394928

17 22 0.409886

18 22 0.423226

19 22 0.434896

20 22 0.44485

21 22 0.453048

22 22 0.459458

23 22 0.464054

24 22 0.46682

25 22 0.467743

26 22 0.46682

27 22 0.464054

28 22 0.459458

29 22 0.453048

30 22 0.44485

31 22 0.434896

32 22 0.423226

33 22 0.409886

34 22 0.394928

35 22 0.378412

36 22 0.360402

37 22 0.34097

38 22 0.320192

39 22 0.29815

40 22 0.274932

41 22 0.250629

42 22 0.225337

43 22 0.199155

44 22 0.172188

45 22 0.14454

46 22 0.116323

47 22 0.0876462

48 22 0.0586237

49 22 0.0293698

50 22 0

0 23 0

1 23 0.0296636

2 23 0.0592102

3 23 0.0885231

4 23 0.117487

5 23 0.145987

6 23 0.17391

7 23 0.201148

8 23 0.227591

9 23 0.253137

10 23 0.277683

11 23 0.301133

12 23 0.323395

13 23 0.344381

14 23 0.364008

15 23 0.382198

16 23 0.398879

17 23 0.413987

18 23 0.42746

19 23 0.439247

20 23 0.4493

21 23 0.45758

22 23 0.464054

23 23 0.468697

24 23 0.47149

25 23 0.472422

26 23 0.47149

27 23 0.468697

28 23 0.464054

29 23 0.45758

30 23 0.4493

31 23 0.439247

32 23 0.42746

33 23 0.413987

34 23 0.398879

35 23 0.382198

36 23 0.364008

37 23 0.344381

38 23 0.323395

39 23 0.301133

40 23 0.277683

41 23 0.253137

42 23 0.227591

43 23 0.201148

44 23 0.17391

45 23 0.145987

46 23 0.117487

47 23 0.0885231

48 23 0.0592102

49 23 0.0296636

50 23 0

0 24 0

1 24 0.0298404

2 24 0.059563

3 24 0.0890506

4 24 0.118187

5 24 0.146856

6 24 0.174947

7 24 0.202346

8 24 0.228947

9 24 0.254645

10 24 0.279338

11 24 0.302928

12 24 0.325322

13 24 0.346433

14 24 0.366177

15 24 0.384475

16 24 0.401256

17 24 0.416454

18 24 0.430008

19 24 0.441865

20 24 0.451978

21 24 0.460307

22 24 0.46682

23 24 0.47149

24 24 0.4743

25 24 0.475237

26 24 0.4743

27 24 0.47149

28 24 0.46682

29 24 0.460307

30 24 0.451978

31 24 0.441865

32 24 0.430008

33 24 0.416454

34 24 0.401256

35 24 0.384475

36 24 0.366177

37 24 0.346433

38 24 0.325322

39 24 0.302928

40 24 0.279338

41 24 0.254645

42 24 0.228947

43 24 0.202346

44 24 0.174947

45 24 0.146856

46 24 0.118187

47 24 0.0890506

48 24 0.059563

49 24 0.0298404

50 24 0

0 25 0

1 25 0.0298994

2 25 0.0596808

3 25 0.0892267

4 25 0.11842

5 25 0.147147

6 25 0.175292

7 25 0.202746

8 25 0.2294

9 25 0.255148

10 25 0.27989

11 25 0.303527

12 25 0.325966

13 25 0.347118

14 25 0.366901

15 25 0.385235

16 25 0.40205

17 25 0.417277

18 25 0.430858

19 25 0.442738

20 25 0.452871

21 25 0.461217

22 25 0.467743

23 25 0.472422

24 25 0.475237

25 25 0.476177

26 25 0.475237

27 25 0.472422

28 25 0.467743

29 25 0.461217

30 25 0.452871

31 25 0.442738

32 25 0.430858

33 25 0.417277

34 25 0.40205

35 25 0.385235

36 25 0.366901

37 25 0.347118

38 25 0.325966

39 25 0.303527

40 25 0.27989

41 25 0.255148

42 25 0.2294

43 25 0.202746

44 25 0.175292

45 25 0.147147

46 25 0.11842

47 25 0.0892267

48 25 0.0596808

49 25 0.0298994

50 25 0

0 26 0

1 26 0.0298404

2 26 0.059563

3 26 0.0890506

4 26 0.118187

5 26 0.146856

6 26 0.174947

7 26 0.202346

8 26 0.228947

9 26 0.254645

10 26 0.279338

11 26 0.302928

12 26 0.325322

13 26 0.346433

14 26 0.366177

15 26 0.384475

16 26 0.401256

17 26 0.416454

18 26 0.430008

19 26 0.441865

20 26 0.451978

21 26 0.460307

22 26 0.46682

23 26 0.47149

24 26 0.4743

25 26 0.475237

26 26 0.4743

27 26 0.47149

28 26 0.46682

29 26 0.460307

30 26 0.451978

31 26 0.441865

32 26 0.430008

33 26 0.416454

34 26 0.401256

35 26 0.384475

36 26 0.366177

37 26 0.346433

38 26 0.325322

39 26 0.302928

40 26 0.279338

41 26 0.254645

42 26 0.228947

43 26 0.202346

44 26 0.174947

45 26 0.146856

46 26 0.118187

47 26 0.0890506

48 26 0.059563

49 26 0.0298404

50 26 0

0 27 0

1 27 0.0296636

2 27 0.0592102

3 27 0.0885231

4 27 0.117487

5 27 0.145987

6 27 0.17391

7 27 0.201148

8 27 0.227591

9 27 0.253137

10 27 0.277683

11 27 0.301133

12 27 0.323395

13 27 0.344381

14 27 0.364008

15 27 0.382198

16 27 0.398879

17 27 0.413987

18 27 0.42746

19 27 0.439247

20 27 0.4493

21 27 0.45758

22 27 0.464054

23 27 0.468697

24 27 0.47149

25 27 0.472422

26 27 0.47149

27 27 0.468697

28 27 0.464054

29 27 0.45758

30 27 0.4493

31 27 0.439247

32 27 0.42746

33 27 0.413987

34 27 0.398879

35 27 0.382198

36 27 0.364008

37 27 0.344381

38 27 0.323395

39 27 0.301133

40 27 0.277683

41 27 0.253137

42 27 0.227591

43 27 0.201148

44 27 0.17391

45 27 0.145987

46 27 0.117487

47 27 0.0885231

48 27 0.0592102

49 27 0.0296636

50 27 0

0 28 0

1 28 0.0293698

2 28 0.0586237

3 28 0.0876462

4 28 0.116323

5 28 0.14454

6 28 0.172188

7 28 0.199155

8 28 0.225337

9 28 0.250629

10 28 0.274932

11 28 0.29815

12 28 0.320192

13 28 0.34097

14 28 0.360402

15 28 0.378412

16 28 0.394928

17 28 0.409886

18 28 0.423226

19 28 0.434896

20 28 0.44485

21 28 0.453048

22 28 0.459458

23 28 0.464054

24 28 0.46682

25 28 0.467743

26 28 0.46682

27 28 0.464054

28 28 0.459458

29 28 0.453048

30 28 0.44485

31 28 0.434896

32 28 0.423226

33 28 0.409886

34 28 0.394928

35 28 0.378412

36 28 0.360402

37 28 0.34097

38 28 0.320192

39 28 0.29815

40 28 0.274932

41 28 0.250629

42 28 0.225337

43 28 0.199155

44 28 0.172188

45 28 0.14454

46 28 0.116323

47 28 0.0876462

48 28 0.0586237

49 28 0.0293698

50 28 0

0 29 0

1 29 0.0289601

2 29 0.0578058

3 29 0.0864235

4 29 0.1147

5 29 0.142524

6 29 0.169785

7 29 0.196377

8 29 0.222193

9 29 0.247132

10 29 0.271097

11 29 0.293991

12 29 0.315725

13 29 0.336213

14 29 0.355374

15 29 0.373132

16 29 0.389418

17 29 0.404168

18 29 0.417322

19 29 0.428829

20 29 0.438644

21 29 0.446727

22 29 0.453048

23 29 0.45758

24 29 0.460307

25 29 0.461217

26 29 0.460307

27 29 0.45758

28 29 0.453048

29 29 0.446727

30 29 0.438644

31 29 0.428829

32 29 0.417322

33 29 0.404168

34 29 0.389418

35 29 0.373132

36 29 0.355374

37 29 0.336213

38 29 0.315725

39 29 0.293991

40 29 0.271097

41 29 0.247132

42 29 0.222193

43 29 0.196377

44 29 0.169785

45 29 0.142524

46 29 0.1147

47 29 0.0864235

48 29 0.0578058

49 29 0.0289601

50 29 0

0 30 0

1 30 0.028436

2 30 0.0567598

3 30 0.0848596

4 30 0.112625

5 30 0.139945

6 30 0.166713

7 30 0.192823

8 30 0.218172

9 30 0.242661

10 30 0.266191

11 30 0.288671

12 30 0.310012

13 30 0.330129

14 30 0.348943

15 30 0.366381

16 30 0.382372

17 30 0.396854

18 30 0.40977

19 30 0.421069

20 30 0.430706

21 30 0.438644

22 30 0.44485

23 30 0.4493

24 30 0.451978

25 30 0.452871

26 30 0.451978

27 30 0.4493

28 30 0.44485

29 30 0.438644

30 30 0.430706

31 30 0.421069

32 30 0.40977

33 30 0.396854

34 30 0.382372

35 30 0.366381

36 30 0.348943

37 30 0.330129

38 30 0.310012

39 30 0.288671

40 30 0.266191

41 30 0.242661

42 30 0.218172

43 30 0.192823

44 30 0.166713

45 30 0.139945

46 30 0.112625

47 30 0.0848596

48 30 0.0567598

49 30 0.028436

50 30 0

0 31 0

1 31 0.0277998

2 31 0.0554898

3 31 0.0829609

4 31 0.110105

5 31 0.136814

6 31 0.162983

7 31 0.188509

8 31 0.213291

9 31 0.237231

10 31 0.260235

11 31 0.282212

12 31 0.303075

13 31 0.322742

14 31 0.341136

15 31 0.358183

16 31 0.373816

17 31 0.387974

18 31 0.400602

19 31 0.411648

20 31 0.421069

21 31 0.428829

22 31 0.434896

23 31 0.439247

24 31 0.441865

25 31 0.442738

26 31 0.441865

27 31 0.439247

28 31 0.434896

29 31 0.428829

30 31 0.421069

31 31 0.411648

32 31 0.400602

33 31 0.387974

34 31 0.373816

35 31 0.358183

36 31 0.341136

37 31 0.322742

38 31 0.303075

39 31 0.282212

40 31 0.260235

41 31 0.237231

42 31 0.213291

43 31 0.188509

44 31 0.162983

45 31 0.136814

46 31 0.110105

47 31 0.0829609

48 31 0.0554898

49 31 0.0277998

50 31 0

0 32 0

1 32 0.0270538

2 32 0.0540008

3 32 0.0807347

4 32 0.10715

5 32 0.133142

6 32 0.158609

7 32 0.18345

8 32 0.207567

9 32 0.230865

10 32 0.253252

11 32 0.274639

12 32 0.294943

13 32 0.314082

14 32 0.331982

15 32 0.348571

16 32 0.363785

17 32 0.377564

18 32 0.389852

19 32 0.400602

20 32 0.40977

21 32 0.417322

22 32 0.423226

23 32 0.42746

24 32 0.430008

25 32 0.430858

26 32 0.430008

27 32 0.42746

28 32 0.423226

29 32 0.417322

30 32 0.40977

31 32 0.400602

32 32 0.389852

33 32 0.377564

34 32 0.363785

35 32 0.348571

36 32 0.331982

37 32 0.314082

38 32 0.294943

39 32 0.274639

40 32 0.253252

41 32 0.230865

42 32 0.207567

43 32 0.18345

44 32 0.158609

45 32 0.133142

46 32 0.10715

47 32 0.0807347

48 32 0.0540008

49 32 0.0270538

50 32 0

0 33 0

1 33 0.026201

2 33 0.0522987

3 33 0.0781899

4 33 0.103773

5 33 0.128946

6 33 0.15361

7 33 0.177668

8 33 0.201025

9 33 0.223588

10 33 0.245269

11 33 0.265982

12 33 0.285646

13 33 0.304182

14 33 0.321518

15 33 0.337584

16 33 0.352319

17 33 0.365663

18 33 0.377564

19 33 0.387974

20 33 0.396854

21 33 0.404168

22 33 0.409886

23 33 0.413987

24 33 0.416454

25 33 0.417277

26 33 0.416454

27 33 0.413987

28 33 0.409886

29 33 0.404168

30 33 0.396854

31 33 0.387974

32 33 0.377564

33 33 0.365663

34 33 0.352319

35 33 0.337584

36 33 0.321518

37 33 0.304182

38 33 0.285646

39 33 0.265982

40 33 0.245269

41 33 0.223588

42 33 0.201025

43 33 0.177668

44 33 0.15361

45 33 0.128946

46 33 0.103773

47 33 0.0781899

48 33 0.0522987

49 33 0.026201

50 33 0

0 34 0

1 34 0.0252449

2 34 0.0503902

3 34 0.0753366

4 34 0.0999857

5 34 0.12424

6 34 0.148004

7 34 0.171184

8 34 0.193689

9 34 0.215429

10 34 0.236319

11 34 0.256276

12 34 0.275222

13 34 0.293082

14 34 0.309785

15 34 0.325265

16 34 0.339462

17 34 0.352319

18 34 0.363785

19 34 0.373816

20 34 0.382372

21 34 0.389418

22 34 0.394928

23 34 0.398879

24 34 0.401256

25 34 0.40205

26 34 0.401256

27 34 0.398879

28 34 0.394928

29 34 0.389418

30 34 0.382372

31 34 0.373816

32 34 0.363785

33 34 0.352319

34 34 0.339462

35 34 0.325265

36 34 0.309785

37 34 0.293082

38 34 0.275222

39 34 0.256276

40 34 0.236319

41 34 0.215429

42 34 0.193689

43 34 0.171184

44 34 0.148004

45 34 0.12424

46 34 0.0999857

47 34 0.0753366

48 34 0.0503902

49 34 0.0252449

50 34 0

0 35 0

1 35 0.0241891

2 35 0.0482828

3 35 0.0721859

4 35 0.0958041

5 35 0.119044

6 35 0.141815

7 35 0.164025

8 35 0.185589

9 35 0.206419

10 35 0.226436

11 35 0.245558

12 35 0.263712

13 35 0.280824

14 35 0.296829

15 35 0.311662

16 35 0.325265

17 35 0.337584

18 35 0.348571

19 35 0.358183

20 35 0.366381

21 35 0.373132

22 35 0.378412

23 35 0.382198

24 35 0.384475

25 35 0.385235

26 35 0.384475

27 35 0.382198

28 35 0.378412

29 35 0.373132

30 35 0.366381

31 35 0.358183

32 35 0.348571

33 35 0.337584

34 35 0.325265

35 35 0.311662

36 35 0.296829

37 35 0.280824

38 35 0.263712

39 35 0.245558

40 35 0.226436

41 35 0.206419

42 35 0.185589

43 35 0.164025

44 35 0.141815

45 35 0.119044

46 35 0.0958041

47 35 0.0721859

48 35 0.0482828

49 35 0.0241891

50 35 0

0 36 0

1 36 0.0230379

2 36 0.0459849

3 36 0.0687503

4 36 0.0912445

5 36 0.113379

6 36 0.135065

7 36 0.156219

8 36 0.176756

9 36 0.196595

10 36 0.215659

11 36 0.233871

12 36 0.251161

13 36 0.267459

14 36 0.282702

15 36 0.296829

16 36 0.309785

17 36 0.321518

18 36 0.331982

19 36 0.341136

20 36 0.348943

21 36 0.355374

22 36 0.360402

23 36 0.364008

24 36 0.366177

25 36 0.366901

26 36 0.366177

27 36 0.364008

28 36 0.360402

29 36 0.355374

30 36 0.348943

31 36 0.341136

32 36 0.331982

33 36 0.321518

34 36 0.309785

35 36 0.296829

36 36 0.282702

37 36 0.267459

38 36 0.251161

39 36 0.233871

40 36 0.215659

41 36 0.196595

42 36 0.176756

43 36 0.156219

44 36 0.135065

45 36 0.113379

46 36 0.0912445

47 36 0.0687503

48 36 0.0459849

49 36 0.0230379

50 36 0

0 37 0

1 37 0.0217957

2 37 0.0435054

3 37 0.0650435

4 37 0.0863248

5 37 0.107265

6 37 0.127783

7 37 0.147796

8 37 0.167225

9 37 0.185995

10 37 0.204031

11 37 0.221261

12 37 0.237619

13 37 0.253038

14 37 0.267459

15 37 0.280824

16 37 0.293082

17 37 0.304182

18 37 0.314082

19 37 0.322742

20 37 0.330129

21 37 0.336213

22 37 0.34097

23 37 0.344381

24 37 0.346433

25 37 0.347118

26 37 0.346433

27 37 0.344381

28 37 0.34097

29 37 0.336213

30 37 0.330129

31 37 0.322742

32 37 0.314082

33 37 0.304182

34 37 0.293082

35 37 0.280824

36 37 0.267459

37 37 0.253038

38 37 0.237619

39 37 0.221261

40 37 0.204031

41 37 0.185995

42 37 0.167225

43 37 0.147796

44 37 0.127783

45 37 0.107265

46 37 0.0863248

47 37 0.0650435

48 37 0.0435054

49 37 0.0217957

50 37 0

0 38 0

1 38 0.0204676

2 38 0.0408543

3 38 0.0610799

4 38 0.0810644

5 38 0.100729

6 38 0.119996

7 38 0.138789

8 38 0.157035

9 38 0.174661

10 38 0.191598

11 38 0.207778

12 38 0.223139

13 38 0.237619

14 38 0.251161

15 38 0.263712

16 38 0.275222

17 38 0.285646

18 38 0.294943

19 38 0.303075

20 38 0.310012

21 38 0.315725

22 38 0.320192

23 38 0.323395

24 38 0.325322

25 38 0.325966

26 38 0.325322

27 38 0.323395

28 38 0.320192

29 38 0.315725

30 38 0.310012

31 38 0.303075

32 38 0.294943

33 38 0.285646

34 38 0.275222

35 38 0.263712

36 38 0.251161

37 38 0.237619

38 38 0.223139

39 38 0.207778

40 38 0.191598

41 38 0.174661

42 38 0.157035

43 38 0.138789

44 38 0.119996

45 38 0.100729

46 38 0.0810644

47 38 0.0610799

48 38 0.0408543

49 38 0.0204676

50 38 0

0 39 0

1 39 0.0190586

2 39 0.038042

3 39 0.0568752

4 39 0.075484

5 39 0.0937949

6 39 0.111736

7 39 0.129235

8 39 0.146225

9 39 0.162638

10 39 0.178409

11 39 0.193475

12 39 0.207778

13 39 0.221261

14 39 0.233871

15 39 0.245558

16 39 0.256276

17 39 0.265982

18 39 0.274639

19 39 0.282212

20 39 0.288671

21 39 0.293991

22 39 0.29815

23 39 0.301133

24 39 0.302928

25 39 0.303527

26 39 0.302928

27 39 0.301133

28 39 0.29815

29 39 0.293991

30 39 0.288671

31 39 0.282212

32 39 0.274639

33 39 0.265982

34 39 0.256276

35 39 0.245558

36 39 0.233871

37 39 0.221261

38 39 0.207778

39 39 0.193475

40 39 0.178409

41 39 0.162638

42 39 0.146225

43 39 0.129235

44 39 0.111736

45 39 0.0937949

46 39 0.075484

47 39 0.0568752

48 39 0.038042

49 39 0.0190586

50 39 0

0 40 0

1 40 0.0175744

2 40 0.0350795

3 40 0.0524461

4 40 0.0696058

5 40 0.0864907

6 40 0.103034

7 40 0.119171

8 40 0.134838

9 40 0.149972

10 40 0.164515

11 40 0.178409

12 40 0.191598

13 40 0.204031

14 40 0.215659

15 40 0.226436

16 40 0.236319

17 40 0.245269

18 40 0.253252

19 40 0.260235

20 40 0.266191

21 40 0.271097

22 40 0.274932

23 40 0.277683

24 40 0.279338

25 40 0.27989

26 40 0.279338

27 40 0.277683

28 40 0.274932

29 40 0.271097

30 40 0.266191

31 40 0.260235

32 40 0.253252

33 40 0.245269

34 40 0.236319

35 40 0.226436

36 40 0.215659

37 40 0.204031

38 40 0.191598

39 40 0.178409

40 40 0.164515

41 40 0.149972

42 40 0.134838

43 40 0.119171

44 40 0.103034

45 40 0.0864907

46 40 0.0696058

47 40 0.0524461

48 40 0.0350795

49 40 0.0175744

50 40 0

0 41 0

1 41 0.0160209

2 41 0.0319786

3 41 0.04781

4 41 0.0634528

5 41 0.0788452

6 41 0.0939264

7 41 0.108637

8 41 0.122919

9 41 0.136715

10 41 0.149972

11 41 0.162638

12 41 0.174661

13 41 0.185995

14 41 0.196595

15 41 0.206419

16 41 0.215429

17 41 0.223588

18 41 0.230865

19 41 0.237231

20 41 0.242661

21 41 0.247132

22 41 0.250629

23 41 0.253137

24 41 0.254645

25 41 0.255148

26 41 0.254645

27 41 0.253137

28 41 0.250629

29 41 0.247132

30 41 0.242661

31 41 0.237231

32 41 0.230865

33 41 0.223588

34 41 0.215429

35 41 0.206419

36 41 0.196595

37 41 0.185995

38 41 0.174661

39 41 0.162638

40 41 0.149972

41 41 0.136715

42 41 0.122919

43 41 0.108637

44 41 0.0939264

45 41 0.0788452

46 41 0.0634528

47 41 0.04781

48 41 0.0319786

49 41 0.0160209

50 41 0

0 42 0

1 42 0.0144041

2 42 0.0287514

3 42 0.0429853

4 42 0.0570495

5 42 0.0708885

6 42 0.0844478

7 42 0.0976738

8 42 0.110514

9 42 0.122919

10 42 0.134838

11 42 0.146225

12 42 0.157035

13 42 0.167225

14 42 0.176756

15 42 0.185589

16 42 0.193689

17 42 0.201025

18 42 0.207567

19 42 0.213291

20 42 0.218172

21 42 0.222193

22 42 0.225337

23 42 0.227591

24 42 0.228947

25 42 0.2294

26 42 0.228947

27 42 0.227591

28 42 0.225337

29 42 0.222193

30 42 0.218172

31 42 0.213291

32 42 0.207567

33 42 0.201025

34 42 0.193689

35 42 0.185589

36 42 0.176756

37 42 0.167225

38 42 0.157035

39 42 0.146225

40 42 0.134838

41 42 0.122919

42 42 0.110514

43 42 0.0976738

44 42 0.0844478

45 42 0.0708885

46 42 0.0570495

47 42 0.0429853

48 42 0.0287514

49 42 0.0144041

50 42 0

0 43 0

1 43 0.0127305

2 43 0.0254109

3 43 0.0379909

4 43 0.050421

5 43 0.0626521

6 43 0.0746359

7 43 0.0863252

8 43 0.0976738

9 43 0.108637

10 43 0.119171

11 43 0.129235

12 43 0.138789

13 43 0.147796

14 43 0.156219

15 43 0.164025

16 43 0.171184

17 43 0.177668

18 43 0.18345

19 43 0.188509

20 43 0.192823

21 43 0.196377

22 43 0.199155

23 43 0.201148

24 43 0.202346

25 43 0.202746

26 43 0.202346

27 43 0.201148

28 43 0.199155

29 43 0.196377

30 43 0.192823

31 43 0.188509

32 43 0.18345

33 43 0.177668

34 43 0.171184

35 43 0.164025

36 43 0.156219

37 43 0.147796

38 43 0.138789

39 43 0.129235

40 43 0.119171

41 43 0.108637

42 43 0.0976738

43 43 0.0863252

44 43 0.0746359

45 43 0.0626521

46 43 0.050421

47 43 0.0379909

48 43 0.0254109

49 43 0.0127305

50 43 0

0 44 0

1 44 0.0110067

2 44 0.02197

3 44 0.0328465

4 44 0.0435935

5 44 0.0541684

6 44 0.0645295

7 44 0.0746359

8 44 0.0844478

9 44 0.0939264

10 44 0.103034

11 44 0.111736

12 44 0.119996

13 44 0.127783

14 44 0.135065

15 44 0.141815

16 44 0.148004

17 44 0.15361

18 44 0.158609

19 44 0.162983

20 44 0.166713

21 44 0.169785

22 44 0.172188

23 44 0.17391

24 44 0.174947

25 44 0.175292

26 44 0.174947

27 44 0.17391

28 44 0.172188

29 44 0.169785

30 44 0.166713

31 44 0.162983

32 44 0.158609

33 44 0.15361

34 44 0.148004

35 44 0.141815

36 44 0.135065

37 44 0.127783

38 44 0.119996

39 44 0.111736

40 44 0.103034

41 44 0.0939264

42 44 0.0844478

43 44 0.0746359

44 44 0.0645295

45 44 0.0541684

46 44 0.0435935

47 44 0.0328465

48 44 0.02197

49 44 0.0110067

50 44 0

0 45 0

1 45 0.00923942

2 45 0.0184424

3 45 0.0275726

4 45 0.0365939

5 45 0.0454709

6 45 0.0541684

7 45 0.0626521

8 45 0.0708885

9 45 0.0788452

10 45 0.0864907

11 45 0.0937949

12 45 0.100729

13 45 0.107265

14 45 0.113379

15 45 0.119044

16 45 0.12424

17 45 0.128946

18 45 0.133142

19 45 0.136814

20 45 0.139945

21 45 0.142524

22 45 0.14454

23 45 0.145987

24 45 0.146856

25 45 0.147147

26 45 0.146856

27 45 0.145987

28 45 0.14454

29 45 0.142524

30 45 0.139945

31 45 0.136814

32 45 0.133142

33 45 0.128946

34 45 0.12424

35 45 0.119044

36 45 0.113379

37 45 0.107265

38 45 0.100729

39 45 0.0937949

40 45 0.0864907

41 45 0.0788452

42 45 0.0708885

43 45 0.0626521

44 45 0.0541684

45 45 0.0454709

46 45 0.0365939

47 45 0.0275726

48 45 0.0184424

49 45 0.00923942

50 45 0

0 46 0

1 46 0.00743568

2 46 0.014842

3 46 0.0221898

4 46 0.02945

5 46 0.0365939

6 46 0.0435935

7 46 0.050421

8 46 0.0570495

9 46 0.0634528

10 46 0.0696058

11 46 0.075484

12 46 0.0810644

13 46 0.0863248

14 46 0.0912445

15 46 0.0958041

16 46 0.0999857

17 46 0.103773

18 46 0.10715

19 46 0.110105

20 46 0.112625

21 46 0.1147

22 46 0.116323

23 46 0.117487

24 46 0.118187

25 46 0.11842

26 46 0.118187

27 46 0.117487

28 46 0.116323

29 46 0.1147

30 46 0.112625

31 46 0.110105

32 46 0.10715

33 46 0.103773

34 46 0.0999857

35 46 0.0958041

36 46 0.0912445

37 46 0.0863248

38 46 0.0810644

39 46 0.075484

40 46 0.0696058

41 46 0.0634528

42 46 0.0570495

43 46 0.050421

44 46 0.0435935

45 46 0.0365939

46 46 0.02945

47 46 0.0221898

48 46 0.014842

49 46 0.00743568

50 46 0

0 47 0

1 47 0.00560259

2 47 0.0111831

3 47 0.0167194

4 47 0.0221898

5 47 0.0275726

6 47 0.0328465

7 47 0.0379909

8 47 0.0429853

9 47 0.04781

10 47 0.0524461

11 47 0.0568752

12 47 0.0610799

13 47 0.0650435

14 47 0.0687503

15 47 0.0721859

16 47 0.0753366

17 47 0.0781899

18 47 0.0807347

19 47 0.0829609

20 47 0.0848596

21 47 0.0864235

22 47 0.0876462

23 47 0.0885231

24 47 0.0890506

25 47 0.0892267

26 47 0.0890506

27 47 0.0885231

28 47 0.0876462

29 47 0.0864235

30 47 0.0848596

31 47 0.0829609

32 47 0.0807347

33 47 0.0781899

34 47 0.0753366

35 47 0.0721859

36 47 0.0687503

37 47 0.0650435

38 47 0.0610799

39 47 0.0568752

40 47 0.0524461

41 47 0.04781

42 47 0.0429853

43 47 0.0379909

44 47 0.0328465

45 47 0.0275726

46 47 0.0221898

47 47 0.0167194

48 47 0.0111831

49 47 0.00560259

50 47 0

0 48 0

1 48 0.00374739

2 48 0.00747999

3 48 0.0111831

4 48 0.014842

5 48 0.0184424

6 48 0.02197

7 48 0.0254109

8 48 0.0287514

9 48 0.0319786

10 48 0.0350795

11 48 0.038042

12 48 0.0408543

13 48 0.0435054

14 48 0.0459849

15 48 0.0482828

16 48 0.0503902

17 48 0.0522987

18 48 0.0540008

19 48 0.0554898

20 48 0.0567598

21 48 0.0578058

22 48 0.0586237

23 48 0.0592102

24 48 0.059563

25 48 0.0596808

26 48 0.059563

27 48 0.0592102

28 48 0.0586237

29 48 0.0578058

30 48 0.0567598

31 48 0.0554898

32 48 0.0540008

33 48 0.0522987

34 48 0.0503902

35 48 0.0482828

36 48 0.0459849

37 48 0.0435054

38 48 0.0408543

39 48 0.038042

40 48 0.0350795

41 48 0.0319786

42 48 0.0287514

43 48 0.0254109

44 48 0.02197

45 48 0.0184424

46 48 0.014842

47 48 0.0111831

48 48 0.00747999

49 48 0.00374739

50 48 0

0 49 0

1 49 0.0018774

2 49 0.00374739

3 49 0.00560259

4 49 0.00743568

5 49 0.00923942

6 49 0.0110067

7 49 0.0127305

8 49 0.0144041

9 49 0.0160209

10 49 0.0175744

11 49 0.0190586

12 49 0.0204676

13 49 0.0217957

14 49 0.0230379

15 49 0.0241891

16 49 0.0252449

17 49 0.026201

18 49 0.0270538

19 49 0.0277998

20 49 0.028436

21 49 0.0289601

22 49 0.0293698

23 49 0.0296636

24 49 0.0298404

25 49 0.0298994

26 49 0.0298404

27 49 0.0296636

28 49 0.0293698

29 49 0.0289601

30 49 0.028436

31 49 0.0277998

32 49 0.0270538

33 49 0.026201

34 49 0.0252449

35 49 0.0241891

36 49 0.0230379

37 49 0.0217957

38 49 0.0204676

39 49 0.0190586

40 49 0.0175744

41 49 0.0160209

42 49 0.0144041

43 49 0.0127305

44 49 0.0110067

45 49 0.00923942

46 49 0.00743568

47 49 0.00560259

48 49 0.00374739

49 49 0.0018774

50 49 0

