0 1 0

1 1 0.000908199

2 1 0.00181281

3 1 0.00271027

4 1 0.00359704

5 1 0.00446961

6 1 0.00532454

7 1 0.00615845

8 1 0.00696806

9 1 0.00775017

10 1 0.0085017

11 1 0.00921967

12 1 0.00990126

13 1 0.0105438

14 1 0.0111447

15 1 0.0117016

16 1 0.0122123

17 1 0.0126749

18 1 0.0130874

19 1 0.0134482

20 1 0.013756

21 1 0.0140095

22 1 0.0142078

23 1 0.0143499

24 1 0.0144354

25 1 0.014464

26 1 0.0144354

27 1 0.0143499

28 1 0.0142078

29 1 0.0140095

30 1 0.013756

31 1 0.0134482

32 1 0.0130874

33 1 0.0126749

34 1 0.0122123

35 1 0.0117016

36 1 0.0111447

37 1 0.0105438

38 1 0.00990126

39 1 0.00921967

40 1 0.0085017

41 1 0.00775017

42 1 0.00696806

43 1 0.00615845

44 1 0.00532454

45 1 0.00446961

46 1 0.00359704

47 1 0.00271027

48 1 0.00181281

49 1 0.000908199

50 1 0

0 2 0

1 2 0.00181281

2 2 0.00361847

3 2 0.00540985

4 2 0.00717988

5 2 0.00892158

6 2 0.0106281

7 2 0.0122926

8 2 0.0139086

9 2 0.0154698

10 2 0.0169698

11 2 0.018403

12 2 0.0197634

13 2 0.0210459

14 2 0.0222454

15 2 0.023357

16 2 0.0243764

17 2 0.0252997

18 2 0.0261231

19 2 0.0268434

20 2 0.0274578

21 2 0.0279638

22 2 0.0283594

23 2 0.0286432

24 2 0.0288139

25 2 0.0288708

26 2 0.0288139

27 2 0.0286432

28 2 0.0283594

29 2 0.0279638

30 2 0.0274578

31 2 0.0268434

32 2 0.0261231

33 2 0.0252997

34 2 0.0243764

35 2 0.023357

36 2 0.0222454

37 2 0.0210459

38 2 0.0197634

39 2 0.018403

40 2 0.0169698

41 2 0.0154698

42 2 0.0139086

43 2 0.0122926

44 2 0.0106281

45 2 0.00892158

46 2 0.00717988

47 2 0.00540985

48 2 0.00361847

49 2 0.00181281

50 2 0

0 3 0

1 3 0.00271027

2 3 0.00540985

3 3 0.00808808

4 3 0.0107344

5 3 0.0133383

6 3 0.0158896

7 3 0.0183782

8 3 0.0207943

9 3 0.0231283

10 3 0.025371

11 3 0.0275136

12 3 0.0295476

13 3 0.031465

14 3 0.0332582

15 3 0.0349202

16 3 0.0364444

17 3 0.0378247

18 3 0.0390557

19 3 0.0401326

20 3 0.0410512

21 3 0.0418077

22 3 0.0423992

23 3 0.0428234

24 3 0.0430786

25 3 0.0431638

26 3 0.0430786

27 3 0.0428234

28 3 0.0423992

29 3 0.0418077

30 3 0.0410512

31 3 0.0401326

32 3 0.0390557

33 3 0.0378247

34 3 0.0364444

35 3 0.0349202

36 3 0.0332582

37 3 0.031465

38 3 0.0295476

39 3 0.0275136

40 3 0.025371

41 3 0.0231283

42 3 0.0207943

43 3 0.0183782

44 3 0.0158896

45 3 0.0133383

46 3 0.0107344

47 3 0.00808808

48 3 0.00540985

49 3 0.00271027

50 3 0

0 4 0

1 4 0.00359704

2 4 0.00717988

3 4 0.0107344

4 4 0.0142465

5 4 0.0177025

6 4 0.0210885

7 4 0.0243913

8 4 0.0275979

9 4 0.0306956

10 4 0.0336721

11 4 0.0365157

12 4 0.0392152

13 4 0.0417599

14 4 0.0441399

15 4 0.0463456

16 4 0.0483685

17 4 0.0502004

18 4 0.0518342

19 4 0.0532635

20 4 0.0544825

21 4 0.0554866

22 4 0.0562716

23 4 0.0568346

24 4 0.0571733

25 4 0.0572863

26 4 0.0571733

27 4 0.0568346

28 4 0.0562716

29 4 0.0554866

30 4 0.0544825

31 4 0.0532635

32 4 0.0518342

33 4 0.0502004

34 4 0.0483685

35 4 0.0463456

36 4 0.0441399

37 4 0.0417599

38 4 0.0392152

39 4 0.0365157

40 4 0.0336721

41 4 0.0306956

42 4 0.0275979

43 4 0.0243913

44 4 0.0210885

45 4 0.0177025

46 4 0.0142465

47 4 0.0107344

48 4 0.00717988

49 4 0.00359704

50 4 0

0 5 0

1 5 0.00446961

2 5 0.00892158

3 5 0.0133383

4 5 0.0177025

5 5 0.0219967

6 5 0.0262041

7 5 0.0303082

8 5 0.0342926

9 5 0.0381417

10 5 0.0418402

11 5 0.0453736

12 5 0.048728

13 5 0.0518901

14 5 0.0548473

15 5 0.0575881

16 5 0.0601017

17 5 0.062378

18 5 0.0644082

19 5 0.0661841

20 5 0.0676989

21 5 0.0689465

22 5 0.069922

23 5 0.0706215

24 5 0.0710424

25 5 0.0711828

26 5 0.0710424

27 5 0.0706215

28 5 0.069922

29 5 0.0689465

30 5 0.0676989

31 5 0.0661841

32 5 0.0644082

33 5 0.062378

34 5 0.0601017

35 5 0.0575881

36 5 0.0548473

37 5 0.0518901

38 5 0.048728

39 5 0.0453736

40 5 0.0418402

41 5 0.0381417

42 5 0.0342926

43 5 0.0303082

44 5 0.0262041

45 5 0.0219967

46 5 0.0177025

47 5 0.0133383

48 5 0.00892158

49 5 0.00446961

50 5 0

0 6 0

1 6 0.00532454

2 6 0.0106281

3 6 0.0158896

4 6 0.0210885

5 6 0.0262041

6 6 0.0312164

7 6 0.0361054

8 6 0.0408519

9 6 0.0454373

10 6 0.0498433

11 6 0.0540525

12 6 0.0580485

13 6 0.0618154

14 6 0.0653383

15 6 0.0686034

16 6 0.0715977

17 6 0.0743094

18 6 0.0767279

19 6 0.0788436

20 6 0.0806481

21 6 0.0821343

22 6 0.0832964

23 6 0.0841297

24 6 0.0846311

25 6 0.0847984

26 6 0.0846311

27 6 0.0841297

28 6 0.0832964

29 6 0.0821343

30 6 0.0806481

31 6 0.0788436

32 6 0.0767279

33 6 0.0743094

34 6 0.0715977

35 6 0.0686034

36 6 0.0653383

37 6 0.0618154

38 6 0.0580485

39 6 0.0540525

40 6 0.0498433

41 6 0.0454373

42 6 0.0408519

43 6 0.0361054

44 6 0.0312164

45 6 0.0262041

46 6 0.0210885

47 6 0.0158896

48 6 0.0106281

49 6 0.00532454

50 6 0

0 7 0

1 7 0.00615845

2 7 0.0122926

3 7 0.0183782

4 7 0.0243913

5 7 0.0303082

6 7 0.0361054

7 7 0.0417601

8 7 0.0472501

9 7 0.0525535

10 7 0.0576496

11 7 0.0625181

12 7 0.0671399

13 7 0.0714968

14 7 0.0755714

15 7 0.0793478

16 7 0.0828111

17 7 0.0859476

18 7 0.0887448

19 7 0.0911918

20 7 0.093279

21 7 0.094998

22 7 0.0963421

23 7 0.0973059

24 7 0.0978858

25 7 0.0980793

26 7 0.0978858

27 7 0.0973059

28 7 0.0963421

29 7 0.094998

30 7 0.093279

31 7 0.0911918

32 7 0.0887448

33 7 0.0859476

34 7 0.0828111

35 7 0.0793478

36 7 0.0755714

37 7 0.0714968

38 7 0.0671399

39 7 0.0625181

40 7 0.0576496

41 7 0.0525535

42 7 0.0472501

43 7 0.0417601

44 7 0.0361054

45 7 0.0303082

46 7 0.0243913

47 7 0.0183782

48 7 0.0122926

49 7 0.00615845

50 7 0

0 8 0

1 8 0.00696806

2 8 0.0139086

3 8 0.0207943

4 8 0.0275979

5 8 0.0342926

6 8 0.0408519

7 8 0.0472501

8 8 0.0534617

9 8 0.0594624

10 8 0.0652284

11 8 0.070737

12 8 0.0759664

13 8 0.080896

14 8 0.0855063

15 8 0.0897792

16 8 0.0936977

17 8 0.0972465

18 8 0.100412

19 8 0.10318

20 8 0.105542

21 8 0.107487

22 8 0.109008

23 8 0.110098

24 8 0.110754

25 8 0.110973

26 8 0.110754

27 8 0.110098

28 8 0.109008

29 8 0.107487

30 8 0.105542

31 8 0.10318

32 8 0.100412

33 8 0.0972465

34 8 0.0936977

35 8 0.0897792

36 8 0.0855063

37 8 0.080896

38 8 0.0759664

39 8 0.070737

40 8 0.0652284

41 8 0.0594624

42 8 0.0534617

43 8 0.0472501

44 8 0.0408519

45 8 0.0342926

46 8 0.0275979

47 8 0.0207943

48 8 0.0139086

49 8 0.00696806

50 8 0

0 9 0

1 9 0.00775017

2 9 0.0154698

3 9 0.0231283

4 9 0.0306956

5 9 0.0381417

6 9 0.0454373

7 9 0.0525535

8 9 0.0594624

9 9 0.0661366

10 9 0.0725498

11 9 0.0786766

12 9 0.084493

13 9 0.0899759

14 9 0.0951037

15 9 0.0998562

16 9 0.104215

17 9 0.108162

18 9 0.111682

19 9 0.114761

20 9 0.117388

21 9 0.119551

22 9 0.121243

23 9 0.122456

24 9 0.123185

25 9 0.123429

26 9 0.123185

27 9 0.122456

28 9 0.121243

29 9 0.119551

30 9 0.117388

31 9 0.114761

32 9 0.111682

33 9 0.108162

34 9 0.104215

35 9 0.0998562

36 9 0.0951037

37 9 0.0899759

38 9 0.084493

39 9 0.0786766

40 9 0.0725498

41 9 0.0661366

42 9 0.0594624

43 9 0.0525535

44 9 0.0454373

45 9 0.0381417

46 9 0.0306956

47 9 0.0231283

48 9 0.0154698

49 9 0.00775017

50 9 0

0 10 0

1 10 0.0085017

2 10 0.0169698

3 10 0.025371

4 10 0.0336721

5 10 0.0418402

6 10 0.0498433

7 10 0.0576496

8 10 0.0652284

9 10 0.0725498

10 10 0.0795848

11 10 0.0863058

12 10 0.0926862

13 10 0.0987007

14 10 0.104326

15 10 0.109539

16 10 0.11432

17 10 0.11865

18 10 0.122512

19 10 0.12589

20 10 0.128771

21 10 0.131144

22 10 0.133

23 10 0.13433

24 10 0.135131

25 10 0.135398

26 10 0.135131

27 10 0.13433

28 10 0.133

29 10 0.131144

30 10 0.128771

31 10 0.12589

32 10 0.122512

33 10 0.11865

34 10 0.11432

35 10 0.109539

36 10 0.104326

37 10 0.0987007

38 10 0.0926862

39 10 0.0863058

40 10 0.0795848

41 10 0.0725498

42 10 0.0652284

43 10 0.0576496

44 10 0.0498433

45 10 0.0418402

46 10 0.0336721

47 10 0.025371

48 10 0.0169698

49 10 0.0085017

50 10 0

0 11 0

1 11 0.00921967

2 11 0.018403

3 11 0.0275136

4 11 0.0365157

5 11 0.0453736

6 11 0.0540525

7 11 0.0625181

8 11 0.070737

9 11 0.0786766

10 11 0.0863058

11 11 0.0935944

12 11 0.100514

13 11 0.107036

14 11 0.113136

15 11 0.11879

16 11 0.123975

17 11 0.12867

18 11 0.132858

19 11 0.136521

20 11 0.139646

21 11 0.142219

22 11 0.144231

23 11 0.145674

24 11 0.146542

25 11 0.146832

26 11 0.146542

27 11 0.145674

28 11 0.144231

29 11 0.142219

30 11 0.139646

31 11 0.136521

32 11 0.132858

33 11 0.12867

34 11 0.123975

35 11 0.11879

36 11 0.113136

37 11 0.107036

38 11 0.100514

39 11 0.0935944

40 11 0.0863058

41 11 0.0786766

42 11 0.070737

43 11 0.0625181

44 11 0.0540525

45 11 0.0453736

46 11 0.0365157

47 11 0.0275136

48 11 0.018403

49 11 0.00921967

50 11 0

0 12 0

1 12 0.00990126

2 12 0.0197634

3 12 0.0295476

4 12 0.0392152

5 12 0.048728

6 12 0.0580485

7 12 0.0671399

8 12 0.0759664

9 12 0.084493

10 12 0.0926862

11 12 0.100514

12 12 0.107944

13 12 0.114949

14 12 0.1215

15 12 0.127572

16 12 0.13314

17 12 0.138182

18 12 0.14268

19 12 0.146614

20 12 0.149969

21 12 0.152733

22 12 0.154894

23 12 0.156444

24 12 0.157376

25 12 0.157687

26 12 0.157376

27 12 0.156444

28 12 0.154894

29 12 0.152733

30 12 0.149969

31 12 0.146614

32 12 0.14268

33 12 0.138182

34 12 0.13314

35 12 0.127572

36 12 0.1215

37 12 0.114949

38 12 0.107944

39 12 0.100514

40 12 0.0926862

41 12 0.084493

42 12 0.0759664

43 12 0.0671399

44 12 0.0580485

45 12 0.048728

46 12 0.0392152

47 12 0.0295476

48 12 0.0197634

49 12 0.00990126

50 12 0

0 13 0

1 13 0.0105438

2 13 0.0210459

3 13 0.031465

4 13 0.0417599

5 13 0.0518901

6 13 0.0618154

7 13 0.0714968

8 13 0.080896

9 13 0.0899759

10 13 0.0987007

11 13 0.107036

12 13 0.114949

13 13 0.122408

14 13 0.129384

15 13 0.13585

16 13 0.141779

17 13 0.147149

18 13 0.151938

19 13 0.156128

20 13 0.159701

21 13 0.162644

22 13 0.164945

23 13 0.166596

24 13 0.167588

25 13 0.16792

26 13 0.167588

27 13 0.166596

28 13 0.164945

29 13 0.162644

30 13 0.159701

31 13 0.156128

32 13 0.151938

33 13 0.147149

34 13 0.141779

35 13 0.13585

36 13 0.129384

37 13 0.122408

38 13 0.114949

39 13 0.107036

40 13 0.0987007

41 13 0.0899759

42 13 0.080896

43 13 0.0714968

44 13 0.0618154

45 13 0.0518901

46 13 0.0417599

47 13 0.031465

48 13 0.0210459

49 13 0.0105438

50 13 0

0 14 0

1 14 0.0111447

2 14 0.0222454

3 14 0.0332582

4 14 0.0441399

5 14 0.0548473

6 14 0.0653383

7 14 0.0755714

8 14 0.0855063

9 14 0.0951037

10 14 0.104326

11 14 0.113136

12 14 0.1215

13 14 0.129384

14 14 0.136758

15 14 0.143592

16 14 0.149859

17 14 0.155535

18 14 0.160597

19 14 0.165026

20 14 0.168803

21 14 0.171913

22 14 0.174346

23 14 0.17609

24 14 0.177139

25 14 0.17749

26 14 0.177139

27 14 0.17609

28 14 0.174346

29 14 0.171913

30 14 0.168803

31 14 0.165026

32 14 0.160597

33 14 0.155535

34 14 0.149859

35 14 0.143592

36 14 0.136758

37 14 0.129384

38 14 0.1215

39 14 0.113136

40 14 0.104326

41 14 0.0951037

42 14 0.0855063

43 14 0.0755714

44 14 0.0653383

45 14 0.0548473

46 14 0.0441399

47 14 0.0332582

48 14 0.0222454

49 14 0.0111447

50 14 0

0 15 0

1 15 0.0117016

2 15 0.023357

3 15 0.0349202

4 15 0.0463456

5 15 0.0575881

6 15 0.0686034

7 15 0.0793478

8 15 0.0897792

9 15 0.0998562

10 15 0.109539

11 15 0.11879

12 15 0.127572

13 15 0.13585

14 15 0.143592

15 15 0.150768

16 15 0.157348

17 15 0.163308

18 15 0.168623

19 15 0.173272

20 15 0.177238

21 15 0.180504

22 15 0.183058

23 15 0.18489

24 15 0.185991

25 15 0.186359

26 15 0.185991

27 15 0.18489

28 15 0.183058

29 15 0.180504

30 15 0.177238

31 15 0.173272

32 15 0.168623

33 15 0.163308

34 15 0.157348

35 15 0.150768

36 15 0.143592

37 15 0.13585

38 15 0.127572

39 15 0.11879

40 15 0.109539

41 15 0.0998562

42 15 0.0897792

43 15 0.0793478

44 15 0.0686034

45 15 0.0575881

46 15 0.0463456

47 15 0.0349202

48 15 0.023357

49 15 0.0117016

50 15 0

0 16 0

1 16 0.0122123

2 16 0.0243764

3 16 0.0364444

4 16 0.0483685

5 16 0.0601017

6 16 0.0715977

7 16 0.0828111

8 16 0.0936977

9 16 0.104215

10 16 0.11432

11 16 0.123975

12 16 0.13314

13 16 0.141779

14 16 0.149859

15 16 0.157348

16 16 0.164216

17 16 0.170436

18 16 0.175983

19 16 0.180835

20 16 0.184974

21 16 0.188383

22 16 0.191048

23 16 0.192959

24 16 0.194109

25 16 0.194493

26 16 0.194109

27 16 0.192959

28 16 0.191048

29 16 0.188383

30 16 0.184974

31 16 0.180835

32 16 0.175983

33 16 0.170436

34 16 0.164216

35 16 0.157348

36 16 0.149859

37 16 0.141779

38 16 0.13314

39 16 0.123975

40 16 0.11432

41 16 0.104215

42 16 0.0936977

43 16 0.0828111

44 16 0.0715977

45 16 0.0601017

46 16 0.0483685

47 16 0.0364444

48 16 0.0243764

49 16 0.0122123

50 16 0

0 17 0

1 17 0.0126749

2 17 0.0252997

3 17 0.0378247

4 17 0.0502004

5 17 0.062378

6 17 0.0743094

7 17 0.0859476

8 17 0.0972465

9 17 0.108162

10 17 0.11865

11 17 0.12867

12 17 0.138182

13 17 0.147149

14 17 0.155535

15 17 0.163308

16 17 0.170436

17 17 0.176891

18 17 0.182648

19 17 0.187684

20 17 0.19198

21 17 0.195518

22 17 0.198284

23 17 0.200268

24 17 0.201461

25 17 0.201859

26 17 0.201461

27 17 0.200268

28 17 0.198284

29 17 0.195518

30 17 0.19198

31 17 0.187684

32 17 0.182648

33 17 0.176891

34 17 0.170436

35 17 0.163308

36 17 0.155535

37 17 0.147149

38 17 0.138182

39 17 0.12867

40 17 0.11865

41 17 0.108162

42 17 0.0972465

43 17 0.0859476

44 17 0.0743094

45 17 0.062378

46 17 0.0502004

47 17 0.0378247

48 17 0.0252997

49 17 0.0126749

50 17 0

0 18 0

1 18 0.0130874

2 18 0.0261231

3 18 0.0390557

4 18 0.0518342

5 18 0.0644082

6 18 0.0767279

7 18 0.0887448

8 18 0.100412

9 18 0.111682

10 18 0.122512

11 18 0.132858

12 18 0.14268

13 18 0.151938

14 18 0.160597

15 18 0.168623

16 18 0.175983

17 18 0.182648

18 18 0.188592

19 18 0.193793

20 18 0.198228

21 18 0.201881

22 18 0.204737

23 18 0.206786

24 18 0.208018

25 18 0.208429

26 18 0.208018

27 18 0.206786

28 18 0.204737

29 18 0.201881

30 18 0.198228

31 18 0.193793

32 18 0.188592

33 18 0.182648

34 18 0.175983

35 18 0.168623

36 18 0.160597

37 18 0.151938

38 18 0.14268

39 18 0.132858

40 18 0.122512

41 18 0.111682

42 18 0.100412

43 18 0.0887448

44 18 0.0767279

45 18 0.0644082

46 18 0.0518342

47 18 0.0390557

48 18 0.0261231

49 18 0.0130874

50 18 0

0 19 0

1 19 0.0134482

2 19 0.0268434

3 19 0.0401326

4 19 0.0532635

5 19 0.0661841

6 19 0.0788436

7 19 0.0911918

8 19 0.10318

9 19 0.114761

10 19 0.12589

11 19 0.136521

12 19 0.146614

13 19 0.156128

14 19 0.165026

15 19 0.173272

16 19 0.180835

17 19 0.187684

18 19 0.193793

19 19 0.199136

20 19 0.203694

21 19 0.207448

22 19 0.210383

23 19 0.212487

24 19 0.213754

25 19 0.214176

26 19 0.213754

27 19 0.212487

28 19 0.210383

29 19 0.207448

30 19 0.203694

31 19 0.199136

32 19 0.193793

33 19 0.187684

34 19 0.180835

35 19 0.173272

36 19 0.165026

37 19 0.156128

38 19 0.146614

39 19 0.136521

40 19 0.12589

41 19 0.114761

42 19 0.10318

43 19 0.0911918

44 19 0.0788436

45 19 0.0661841

46 19 0.0532635

47 19 0.0401326

48 19 0.0268434

49 19 0.0134482

50 19 0

0 20 0

1 20 0.013756

2 20 0.0274578

3 20 0.0410512

4 20 0.0544825

5 20 0.0676989

6 20 0.0806481

7 20 0.093279

8 20 0.105542

9 20 0.117388

10 20 0.128771

11 20 0.139646

12 20 0.149969

13 20 0.159701

14 20 0.168803

15 20 0.177238

16 20 0.184974

17 20 0.19198

18 20 0.198228

19 20 0.203694

20 20 0.208356

21 20 0.212195

22 20 0.215198

23 20 0.217351

24 20 0.218646

25 20 0.219078

26 20 0.218646

27 20 0.217351

28 20 0.215198

29 20 0.212195

30 20 0.208356

31 20 0.203694

32 20 0.198228

33 20 0.19198

34 20 0.184974

35 20 0.177238

36 20 0.168803

37 20 0.159701

38 20 0.149969

39 20 0.139646

40 20 0.128771

41 20 0.117388

42 20 0.105542

43 20 0.093279

44 20 0.0806481

45 20 0.0676989

46 20 0.0544825

47 20 0.0410512

48 20 0.0274578

49 20 0.013756

50 20 0

0 21 0

1 21 0.0140095

2 21 0.0279638

3 21 0.0418077

4 21 0.0554866

5 21 0.0689465

6 21 0.0821343

7 21 0.094998

8 21 0.107487

9 21 0.119551

10 21 0.131144

11 21 0.142219

12 21 0.152733

13 21 0.162644

14 21 0.171913

15 21 0.180504

16 21 0.188383

17 21 0.195518

18 21 0.201881

19 21 0.207448

20 21 0.212195

21 21 0.216106

22 21 0.219164

23 21 0.221356

24 21 0.222675

25 21 0.223116

26 21 0.222675

27 21 0.221356

28 21 0.219164

29 21 0.216106

30 21 0.212195

31 21 0.207448

32 21 0.201881

33 21 0.195518

34 21 0.188383

35 21 0.180504

36 21 0.171913

37 21 0.162644

38 21 0.152733

39 21 0.142219

40 21 0.131144

41 21 0.119551

42 21 0.107487

43 21 0.094998

44 21 0.0821343

45 21 0.0689465

46 21 0.0554866

47 21 0.0418077

48 21 0.0279638

49 21 0.0140095

50 21 0

0 22 0

1 22 0.0142078

2 22 0.0283594

3 22 0.0423992

4 22 0.0562716

5 22 0.069922

6 22 0.0832964

7 22 0.0963421

8 22 0.109008

9 22 0.121243

10 22 0.133

11 22 0.144231

12 22 0.154894

13 22 0.164945

14 22 0.174346

15 22 0.183058

16 22 0.191048

17 22 0.198284

18 22 0.204737

19 22 0.210383

20 22 0.215198

21 22 0.219164

22 22 0.222264

23 22 0.224488

24 22 0.225826

25 22 0.226272

26 22 0.225826

27 22 0.224488

28 22 0.222264

29 22 0.219164

30 22 0.215198

31 22 0.210383

32 22 0.204737

33 22 0.198284

34 22 0.191048

35 22 0.183058

36 22 0.174346

37 22 0.164945

38 22 0.154894

39 22 0.144231

40 22 0.133

41 22 0.121243

42 22 0.109008

43 22 0.0963421

44 22 0.0832964

45 22 0.069922

46 22 0.0562716

47 22 0.0423992

48 22 0.0283594

49 22 0.0142078

50 22 0

0 23 0

1 23 0.0143499

2 23 0.0286432

3 23 0.0428234

4 23 0.0568346

5 23 0.0706215

6 23 0.0841297

7 23 0.0973059

8 23 0.110098

9 23 0.122456

10 23 0.13433

11 23 0.145674

12 23 0.156444

13 23 0.166596

14 23 0.17609

15 23 0.18489

16 23 0.192959

17 23 0.200268

18 23 0.206786

19 23 0.212487

20 23 0.217351

21 23 0.221356

22 23 0.224488

23 23 0.226734

24 23 0.228085

25 23 0.228536

26 23 0.228085

27 23 0.226734

28 23 0.224488

29 23 0.221356

30 23 0.217351

31 23 0.212487

32 23 0.206786

33 23 0.200268

34 23 0.192959

35 23 0.18489

36 23 0.17609

37 23 0.166596

38 23 0.156444

39 23 0.145674

40 23 0.13433

41 23 0.122456

42 23 0.110098

43 23 0.0973059

44 23 0.0841297

45 23 0.0706215

46 23 0.0568346

47 23 0.0428234

48 23 0.0286432

49 23 0.0143499

50 23 0

0 24 0

1 24 0.0144354

2 24 0.0288139

3 24 0.0430786

4 24 0.0571733

5 24 0.0710424

6 24 0.0846311

7 24 0.0978858

8 24 0.110754

9 24 0.123185

10 24 0.135131

11 24 0.146542

12 24 0.157376

13 24 0.167588

14 24 0.177139

15 24 0.185991

16 24 0.194109

17 24 0.201461

18 24 0.208018

19 24 0.213754

20 24 0.218646

21 24 0.222675

22 24 0.225826

23 24 0.228085

24 24 0.229444

25 24 0.229898

26 24 0.229444

27 24 0.228085

28 24 0.225826

29 24 0.222675

30 24 0.218646

31 24 0.213754

32 24 0.208018

33 24 0.201461

34 24 0.194109

35 24 0.185991

36 24 0.177139

37 24 0.167588

38 24 0.157376

39 24 0.146542

40 24 0.135131

41 24 0.123185

42 24 0.110754

43 24 0.0978858

44 24 0.0846311

45 24 0.0710424

46 24 0.0571733

47 24 0.0430786

48 24 0.0288139

49 24 0.0144354

50 24 0

0 25 0

1 25 0.014464

2 25 0.0288708

3 25 0.0431638

4 25 0.0572863

5 25 0.0711828

6 25 0.0847984

7 25 0.0980793

8 25 0.110973

9 25 0.123429

10 25 0.135398

11 25 0.146832

12 25 0.157687

13 25 0.16792

14 25 0.17749

15 25 0.186359

16 25 0.194493

17 25 0.201859

18 25 0.208429

19 25 0.214176

20 25 0.219078

21 25 0.223116

22 25 0.226272

23 25 0.228536

24 25 0.229898

25 25 0.230352

26 25 0.229898

27 25 0.228536

28 25 0.226272

29 25 0.223116

30 25 0.219078

31 25 0.214176

32 25 0.208429

33 25 0.201859

34 25 0.194493

35 25 0.186359

36 25 0.17749

37 25 0.16792

38 25 0.157687

39 25 0.146832

40 25 0.135398

41 25 0.123429

42 25 0.110973

43 25 0.0980793

44 25 0.0847984

45 25 0.0711828

46 25 0.0572863

47 25 0.0431638

48 25 0.0288708

49 25 0.014464

50 25 0

0 26 0

1 26 0.0144354

2 26 0.0288139

3 26 0.0430786

4 26 0.0571733

5 26 0.0710424

6 26 0.0846311

7 26 0.0978858

8 26 0.110754

9 26 0.123185

10 26 0.135131

11 26 0.146542

12 26 0.157376

13 26 0.167588

14 26 0.177139

15 26 0.185991

16 26 0.194109

17 26 0.201461

18 26 0.208018

19 26 0.213754

20 26 0.218646

21 26 0.222675

22 26 0.225826

23 26 0.228085

24 26 0.229444

25 26 0.229898

26 26 0.229444

27 26 0.228085

28 26 0.225826

29 26 0.222675

30 26 0.218646

31 26 0.213754

32 26 0.208018

33 26 0.201461

34 26 0.194109

35 26 0.185991

36 26 0.177139

37 26 0.167588

38 26 0.157376

39 26 0.146542

40 26 0.135131

41 26 0.123185

42 26 0.110754

43 26 0.0978858

44 26 0.0846311

45 26 0.0710424

46 26 0.0571733

47 26 0.0430786

48 26 0.0288139

49 26 0.0144354

50 26 0

0 27 0

1 27 0.0143499

2 27 0.0286432

3 27 0.0428234

4 27 0.0568346

5 27 0.0706215

6 27 0.0841297

7 27 0.0973059

8 27 0.110098

9 27 0.122456

10 27 0.13433

11 27 0.145674

12 27 0.156444

13 27 0.166596

14 27 0.17609

15 27 0.18489

16 27 0.192959

17 27 0.200268

18 27 0.206786

19 27 0.212487

20 27 0.217351

21 27 0.221356

22 27 0.224488

23 27 0.226734

24 27 0.228085

25 27 0.228536

26 27 0.228085

27 27 0.226734

28 27 0.224488

29 27 0.221356

30 27 0.217351

31 27 0.212487

32 27 0.206786

33 27 0.200268

34 27 0.192959

35 27 0.18489

36 27 0.17609

37 27 0.166596

38 27 0.156444

39 27 0.145674

40 27 0.13433

41 27 0.122456

42 27 0.110098

43 27 0.0973059

44 27 0.0841297

45 27 0.0706215

46 27 0.0568346

47 27 0.0428234

48 27 0.0286432

49 27 0.0143499

50 27 0

0 28 0

1 28 0.0142078

2 28 0.0283594

3 28 0.0423992

4 28 0.0562716

5 28 0.069922

6 28 0.0832964

7 28 0.0963421

8 28 0.109008

9 28 0.121243

10 28 0.133

11 28 0.144231

12 28 0.154894

13 28 0.164945

14 28 0.174346

15 28 0.183058

16 28 0.191048

17 28 0.198284

18 28 0.204737

19 28 0.210383

20 28 0.215198

21 28 0.219164

22 28 0.222264

23 28 0.224488

24 28 0.225826

25 28 0.226272

26 28 0.225826

27 28 0.224488

28 28 0.222264

29 28 0.219164

30 28 0.215198

31 28 0.210383

32 28 0.204737

33 28 0.198284

34 28 0.191048

35 28 0.183058

36 28 0.174346

37 28 0.164945

38 28 0.154894

39 28 0.144231

40 28 0.133

41 28 0.121243

42 28 0.109008

43 28 0.0963421

44 28 0.0832964

45 28 0.069922

46 28 0.0562716

47 28 0.0423992

48 28 0.0283594

49 28 0.0142078

50 28 0

0 29 0

1 29 0.0140095

2 29 0.0279638

3 29 0.0418077

4 29 0.0554866

5 29 0.0689465

6 29 0.0821343

7 29 0.094998

8 29 0.107487

9 29 0.119551

10 29 0.131144

11 29 0.142219

12 29 0.152733

13 29 0.162644

14 29 0.171913

15 29 0.180504

16 29 0.188383

17 29 0.195518

18 29 0.201881

19 29 0.207448

20 29 0.212195

21 29 0.216106

22 29 0.219164

23 29 0.221356

24 29 0.222675

25 29 0.223116

26 29 0.222675

27 29 0.221356

28 29 0.219164

29 29 0.216106

30 29 0.212195

31 29 0.207448

32 29 0.201881

33 29 0.195518

34 29 0.188383

35 29 0.180504

36 29 0.171913

37 29 0.162644

38 29 0.152733

39 29 0.142219

40 29 0.131144

41 29 0.119551

42 29 0.107487

43 29 0.094998

44 29 0.0821343

45 29 0.0689465

46 29 0.0554866

47 29 0.0418077

48 29 0.0279638

49 29 0.0140095

50 29 0

0 30 0

1 30 0.013756

2 30 0.0274578

3 30 0.0410512

4 30 0.0544825

5 30 0.0676989

6 30 0.0806481

7 30 0.093279

8 30 0.105542

9 30 0.117388

10 30 0.128771

11 30 0.139646

12 30 0.149969

13 30 0.159701

14 30 0.168803

15 30 0.177238

16 30 0.184974

17 30 0.19198

18 30 0.198228

19 30 0.203694

20 30 0.208356

21 30 0.212195

22 30 0.215198

23 30 0.217351

24 30 0.218646

25 30 0.219078

26 30 0.218646

27 30 0.217351

28 30 0.215198

29 30 0.212195

30 30 0.208356

31 30 0.203694

32 30 0.198228

33 30 0.19198

34 30 0.184974

35 30 0.177238

36 30 0.168803

37 30 0.159701

38 30 0.149969

39 30 0.139646

40 30 0.128771

41 30 0.117388

42 30 0.105542

43 30 0.093279

44 30 0.0806481

45 30 0.0676989

46 30 0.0544825

47 30 0.0410512

48 30 0.0274578

49 30 0.013756

50 30 0

0 31 0

1 31 0.0134482

2 31 0.0268434

3 31 0.0401326

4 31 0.0532635

5 31 0.0661841

6 31 0.0788436

7 31 0.0911918

8 31 0.10318

9 31 0.114761

10 31 0.12589

11 31 0.136521

12 31 0.146614

13 31 0.156128

14 31 0.165026

15 31 0.173272

16 31 0.180835

17 31 0.187684

18 31 0.193793

19 31 0.199136

20 31 0.203694

21 31 0.207448

22 31 0.210383

23 31 0.212487

24 31 0.213754

25 31 0.214176

26 31 0.213754

27 31 0.212487

28 31 0.210383

29 31 0.207448

30 31 0.203694

31 31 0.199136

32 31 0.193793

33 31 0.187684

34 31 0.180835

35 31 0.173272

36 31 0.165026

37 31 0.156128

38 31 0.146614

39 31 0.136521

40 31 0.12589

41 31 0.114761

42 31 0.10318

43 31 0.0911918

44 31 0.0788436

45 31 0.0661841

46 31 0.0532635

47 31 0.0401326

48 31 0.0268434

49 31 0.0134482

50 31 0

0 32 0

1 32 0.0130874

2 32 0.0261231

3 32 0.0390557

4 32 0.0518342

5 32 0.0644082

6 32 0.0767279

7 32 0.0887448

8 32 0.100412

9 32 0.111682

10 32 0.122512

11 32 0.132858

12 32 0.14268

13 32 0.151938

14 32 0.160597

15 32 0.168623

16 32 0.175983

17 32 0.182648

18 32 0.188592

19 32 0.193793

20 32 0.198228

21 32 0.201881

22 32 0.204737

23 32 0.206786

24 32 0.208018

25 32 0.208429

26 32 0.208018

27 32 0.206786

28 32 0.204737

29 32 0.201881

30 32 0.198228

31 32 0.193793

32 32 0.188592

33 32 0.182648

34 32 0.175983

35 32 0.168623

36 32 0.160597

37 32 0.151938

38 32 0.14268

39 32 0.132858

40 32 0.122512

41 32 0.111682

42 32 0.100412

43 32 0.0887448

44 32 0.0767279

45 32 0.0644082

46 32 0.0518342

47 32 0.0390557

48 32 0.0261231

49 32 0.0130874

50 32 0

0 33 0

1 33 0.0126749

2 33 0.0252997

3 33 0.0378247

4 33 0.0502004

5 33 0.062378

6 33 0.0743094

7 33 0.0859476

8 33 0.0972465

9 33 0.108162

10 33 0.11865

11 33 0.12867

12 33 0.138182

13 33 0.147149

14 33 0.155535

15 33 0.163308

16 33 0.170436

17 33 0.176891

18 33 0.182648

19 33 0.187684

20 33 0.19198

21 33 0.195518

22 33 0.198284

23 33 0.200268

24 33 0.201461

25 33 0.201859

26 33 0.201461

27 33 0.200268

28 33 0.198284

29 33 0.195518

30 33 0.19198

31 33 0.187684

32 33 0.182648

33 33 0.176891

34 33 0.170436

35 33 0.163308

36 33 0.155535

37 33 0.147149

38 33 0.138182

39 33 0.12867

40 33 0.11865

41 33 0.108162

42 33 0.0972465

43 33 0.0859476

44 33 0.0743094

45 33 0.062378

46 33 0.0502004

47 33 0.0378247

48 33 0.0252997

49 33 0.0126749

50 33 0

0 34 0

1 34 0.0122123

2 34 0.0243764

3 34 0.0364444

4 34 0.0483685

5 34 0.0601017

6 34 0.0715977

7 34 0.0828111

8 34 0.0936977

9 34 0.104215

10 34 0.11432

11 34 0.123975

12 34 0.13314

13 34 0.141779

14 34 0.149859

15 34 0.157348

16 34 0.164216

17 34 0.170436

18 34 0.175983

19 34 0.180835

20 34 0.184974

21 34 0.188383

22 34 0.191048

23 34 0.192959

24 34 0.194109

25 34 0.194493

26 34 0.194109

27 34 0.192959

28 34 0.191048

29 34 0.188383

30 34 0.184974

31 34 0.180835

32 34 0.175983

33 34 0.170436

34 34 0.164216

35 34 0.157348

36 34 0.149859

37 34 0.141779

38 34 0.13314

39 34 0.123975

40 34 0.11432

41 34 0.104215

42 34 0.0936977

43 34 0.0828111

44 34 0.0715977

45 34 0.0601017

46 34 0.0483685

47 34 0.0364444

48 34 0.0243764

49 34 0.0122123

50 34 0

0 35 0

1 35 0.0117016

2 35 0.023357

3 35 0.0349202

4 35 0.0463456

5 35 0.0575881

6 35 0.0686034

7 35 0.0793478

8 35 0.0897792

9 35 0.0998562

10 35 0.109539

11 35 0.11879

12 35 0.127572

13 35 0.13585

14 35 0.143592

15 35 0.150768

16 35 0.157348

17 35 0.163308

18 35 0.168623

19 35 0.173272

20 35 0.177238

21 35 0.180504

22 35 0.183058

23 35 0.18489

24 35 0.185991

25 35 0.186359

26 35 0.185991

27 35 0.18489

28 35 0.183058

29 35 0.180504

30 35 0.177238

31 35 0.173272

32 35 0.168623

33 35 0.163308

34 35 0.157348

35 35 0.150768

36 35 0.143592

37 35 0.13585

38 35 0.127572

39 35 0.11879

40 35 0.109539

41 35 0.0998562

42 35 0.0897792

43 35 0.0793478

44 35 0.0686034

45 35 0.0575881

46 35 0.0463456

47 35 0.0349202

48 35 0.023357

49 35 0.0117016

50 35 0

0 36 0

1 36 0.0111447

2 36 0.0222454

3 36 0.0332582

4 36 0.0441399

5 36 0.0548473

6 36 0.0653383

7 36 0.0755714

8 36 0.0855063

9 36 0.0951037

10 36 0.104326

11 36 0.113136

12 36 0.1215

13 36 0.129384

14 36 0.136758

15 36 0.143592

16 36 0.149859

17 36 0.155535

18 36 0.160597

19 36 0.165026

20 36 0.168803

21 36 0.171913

22 36 0.174346

23 36 0.17609

24 36 0.177139

25 36 0.17749

26 36 0.177139

27 36 0.17609

28 36 0.174346

29 36 0.171913

30 36 0.168803

31 36 0.165026

32 36 0.160597

33 36 0.155535

34 36 0.149859

35 36 0.143592

36 36 0.136758

37 36 0.129384

38 36 0.1215

39 36 0.113136

40 36 0.104326

41 36 0.0951037

42 36 0.0855063

43 36 0.0755714

44 36 0.0653383

45 36 0.0548473

46 36 0.0441399

47 36 0.0332582

48 36 0.0222454

49 36 0.0111447

50 36 0

0 37 0

1 37 0.0105438

2 37 0.0210459

3 37 0.031465

4 37 0.0417599

5 37 0.0518901

6 37 0.0618154

7 37 0.0714968

8 37 0.080896

9 37 0.0899759

10 37 0.0987007

11 37 0.107036

12 37 0.114949

13 37 0.122408

14 37 0.129384

15 37 0.13585

16 37 0.141779

17 37 0.147149

18 37 0.151938

19 37 0.156128

20 37 0.159701

21 37 0.162644

22 37 0.164945

23 37 0.166596

24 37 0.167588

25 37 0.16792

26 37 0.167588

27 37 0.166596

28 37 0.164945

29 37 0.162644

30 37 0.159701

31 37 0.156128

32 37 0.151938

33 37 0.147149

34 37 0.141779

35 37 0.13585

36 37 0.129384

37 37 0.122408

38 37 0.114949

39 37 0.107036

40 37 0.0987007

41 37 0.0899759

42 37 0.080896

43 37 0.0714968

44 37 0.0618154

45 37 0.0518901

46 37 0.0417599

47 37 0.031465

48 37 0.0210459

49 37 0.0105438

50 37 0

0 38 0

1 38 0.00990126

2 38 0.0197634

3 38 0.0295476

4 38 0.0392152

5 38 0.048728

6 38 0.0580485

7 38 0.0671399

8 38 0.0759664

9 38 0.084493

10 38 0.0926862

11 38 0.100514

12 38 0.107944

13 38 0.114949

14 38 0.1215

15 38 0.127572

16 38 0.13314

17 38 0.138182

18 38 0.14268

19 38 0.146614

20 38 0.149969

21 38 0.152733

22 38 0.154894

23 38 0.156444

24 38 0.157376

25 38 0.157687

26 38 0.157376

27 38 0.156444

28 38 0.154894

29 38 0.152733

30 38 0.149969

31 38 0.146614

32 38 0.14268

33 38 0.138182

34 38 0.13314

35 38 0.127572

36 38 0.1215

37 38 0.114949

38 38 0.107944

39 38 0.100514

40 38 0.0926862

41 38 0.084493

42 38 0.0759664

43 38 0.0671399

44 38 0.0580485

45 38 0.048728

46 38 0.0392152

47 38 0.0295476

48 38 0.0197634

49 38 0.00990126

50 38 0

0 39 0

1 39 0.00921967

2 39 0.018403

3 39 0.0275136

4 39 0.0365157

5 39 0.0453736

6 39 0.0540525

7 39 0.0625181

8 39 0.070737

9 39 0.0786766

10 39 0.0863058

11 39 0.0935944

12 39 0.100514

13 39 0.107036

14 39 0.113136

15 39 0.11879

16 39 0.123975

17 39 0.12867

18 39 0.132858

19 39 0.136521

20 39 0.139646

21 39 0.142219

22 39 0.144231

23 39 0.145674

24 39 0.146542

25 39 0.146832

26 39 0.146542

27 39 0.145674

28 39 0.144231

29 39 0.142219

30 39 0.139646

31 39 0.136521

32 39 0.132858

33 39 0.12867

34 39 0.123975

35 39 0.11879

36 39 0.113136

37 39 0.107036

38 39 0.100514

39 39 0.0935944

40 39 0.0863058

41 39 0.0786766

42 39 0.070737

43 39 0.0625181

44 39 0.0540525

45 39 0.0453736

46 39 0.0365157

47 39 0.0275136

48 39 0.018403

49 39 0.00921967

50 39 0

0 40 0

1 40 0.0085017

2 40 0.0169698

3 40 0.025371

4 40 0.0336721

5 40 0.0418402

6 40 0.0498433

7 40 0.0576496

8 40 0.0652284

9 40 0.0725498

10 40 0.0795848

11 40 0.0863058

12 40 0.0926862

13 40 0.0987007

14 40 0.104326

15 40 0.109539

16 40 0.11432

17 40 0.11865

18 40 0.122512

19 40 0.12589

20 40 0.128771

21 40 0.131144

22 40 0.133

23 40 0.13433

24 40 0.135131

25 40 0.135398

26 40 0.135131

27 40 0.13433

28 40 0.133

29 40 0.131144

30 40 0.128771

31 40 0.12589

32 40 0.122512

33 40 0.11865

34 40 0.11432

35 40 0.109539

36 40 0.104326

37 40 0.0987007

38 40 0.0926862

39 40 0.0863058

40 40 0.0795848

41 40 0.0725498

42 40 0.0652284

43 40 0.0576496

44 40 0.0498433

45 40 0.0418402

46 40 0.0336721

47 40 0.025371

48 40 0.0169698

49 40 0.0085017

50 40 0

0 41 0

1 41 0.00775017

2 41 0.0154698

3 41 0.0231283

4 41 0.0306956

5 41 0.0381417

6 41 0.0454373

7 41 0.0525535

8 41 0.0594624

9 41 0.0661366

10 41 0.0725498

11 41 0.0786766

12 41 0.084493

13 41 0.0899759

14 41 0.0951037

15 41 0.0998562

16 41 0.104215

17 41 0.108162

18 41 0.111682

19 41 0.114761

20 41 0.117388

21 41 0.119551

22 41 0.121243

23 41 0.122456

24 41 0.123185

25 41 0.123429

26 41 0.123185

27 41 0.122456

28 41 0.121243

29 41 0.119551

30 41 0.117388

31 41 0.114761

32 41 0.111682

33 41 0.108162

34 41 0.104215

35 41 0.0998562

36 41 0.0951037

37 41 0.0899759

38 41 0.084493

39 41 0.0786766

40 41 0.0725498

41 41 0.0661366

42 41 0.0594624

43 41 0.0525535

44 41 0.0454373

45 41 0.0381417

46 41 0.0306956

47 41 0.0231283

48 41 0.0154698

49 41 0.00775017

50 41 0

0 42 0

1 42 0.00696806

2 42 0.0139086

3 42 0.0207943

4 42 0.0275979

5 42 0.0342926

6 42 0.0408519

7 42 0.0472501

8 42 0.0534617

9 42 0.0594624

10 42 0.0652284

11 42 0.070737

12 42 0.0759664

13 42 0.080896

14 42 0.0855063

15 42 0.0897792

16 42 0.0936977

17 42 0.0972465

18 42 0.100412

19 42 0.10318

20 42 0.105542

21 42 0.107487

22 42 0.109008

23 42 0.110098

24 42 0.110754

25 42 0.110973

26 42 0.110754

27 42 0.110098

28 42 0.109008

29 42 0.107487

30 42 0.105542

31 42 0.10318

32 42 0.100412

33 42 0.0972465

34 42 0.0936977

35 42 0.0897792

36 42 0.0855063

37 42 0.080896

38 42 0.0759664

39 42 0.070737

40 42 0.0652284

41 42 0.0594624

42 42 0.0534617

43 42 0.0472501

44 42 0.0408519

45 42 0.0342926

46 42 0.0275979

47 42 0.0207943

48 42 0.0139086

49 42 0.00696806

50 42 0

0 43 0

1 43 0.00615845

2 43 0.0122926

3 43 0.0183782

4 43 0.0243913

5 43 0.0303082

6 43 0.0361054

7 43 0.0417601

8 43 0.0472501

9 43 0.0525535

10 43 0.0576496

11 43 0.0625181

12 43 0.0671399

13 43 0.0714968

14 43 0.0755714

15 43 0.0793478

16 43 0.0828111

17 43 0.0859476

18 43 0.0887448

19 43 0.0911918

20 43 0.093279

21 43 0.094998

22 43 0.0963421

23 43 0.0973059

24 43 0.0978858

25 43 0.0980793

26 43 0.0978858

27 43 0.0973059

28 43 0.0963421

29 43 0.094998

30 43 0.093279

31 43 0.0911918

32 43 0.0887448

33 43 0.0859476

34 43 0.0828111

35 43 0.0793478

36 43 0.0755714

37 43 0.0714968

38 43 0.0671399

39 43 0.0625181

40 43 0.0576496

41 43 0.0525535

42 43 0.0472501

43 43 0.0417601

44 43 0.0361054

45 43 0.0303082

46 43 0.0243913

47 43 0.0183782

48 43 0.0122926

49 43 0.00615845

50 43 0

0 44 0

1 44 0.00532454

2 44 0.0106281

3 44 0.0158896

4 44 0.0210885

5 44 0.0262041

6 44 0.0312164

7 44 0.0361054

8 44 0.0408519

9 44 0.0454373

10 44 0.0498433

11 44 0.0540525

12 44 0.0580485

13 44 0.0618154

14 44 0.0653383

15 44 0.0686034

16 44 0.0715977

17 44 0.0743094

18 44 0.0767279

19 44 0.0788436

20 44 0.0806481

21 44 0.0821343

22 44 0.0832964

23 44 0.0841297

24 44 0.0846311

25 44 0.0847984

26 44 0.0846311

27 44 0.0841297

28 44 0.0832964

29 44 0.0821343

30 44 0.0806481

31 44 0.0788436

32 44 0.0767279

33 44 0.0743094

34 44 0.0715977

35 44 0.0686034

36 44 0.0653383

37 44 0.0618154

38 44 0.0580485

39 44 0.0540525

40 44 0.0498433

41 44 0.0454373

42 44 0.0408519

43 44 0.0361054

44 44 0.0312164

45 44 0.0262041

46 44 0.0210885

47 44 0.0158896

48 44 0.0106281

49 44 0.00532454

50 44 0

0 45 0

1 45 0.00446961

2 45 0.00892158

3 45 0.0133383

4 45 0.0177025

5 45 0.0219967

6 45 0.0262041

7 45 0.0303082

8 45 0.0342926

9 45 0.0381417

10 45 0.0418402

11 45 0.0453736

12 45 0.048728

13 45 0.0518901

14 45 0.0548473

15 45 0.0575881

16 45 0.0601017

17 45 0.062378

18 45 0.0644082

19 45 0.0661841

20 45 0.0676989

21 45 0.0689465

22 45 0.069922

23 45 0.0706215

24 45 0.0710424

25 45 0.0711828

26 45 0.0710424

27 45 0.0706215

28 45 0.069922

29 45 0.0689465

30 45 0.0676989

31 45 0.0661841

32 45 0.0644082

33 45 0.062378

34 45 0.0601017

35 45 0.0575881

36 45 0.0548473

37 45 0.0518901

38 45 0.048728

39 45 0.0453736

40 45 0.0418402

41 45 0.0381417

42 45 0.0342926

43 45 0.0303082

44 45 0.0262041

45 45 0.0219967

46 45 0.0177025

47 45 0.0133383

48 45 0.00892158

49 45 0.00446961

50 45 0

0 46 0

1 46 0.00359704

2 46 0.00717988

3 46 0.0107344

4 46 0.0142465

5 46 0.0177025

6 46 0.0210885

7 46 0.0243913

8 46 0.0275979

9 46 0.0306956

10 46 0.0336721

11 46 0.0365157

12 46 0.0392152

13 46 0.0417599

14 46 0.0441399

15 46 0.0463456

16 46 0.0483685

17 46 0.0502004

18 46 0.0518342

19 46 0.0532635

20 46 0.0544825

21 46 0.0554866

22 46 0.0562716

23 46 0.0568346

24 46 0.0571733

25 46 0.0572863

26 46 0.0571733

27 46 0.0568346

28 46 0.0562716

29 46 0.0554866

30 46 0.0544825

31 46 0.0532635

32 46 0.0518342

33 46 0.0502004

34 46 0.0483685

35 46 0.0463456

36 46 0.0441399

37 46 0.0417599

38 46 0.0392152

39 46 0.0365157

40 46 0.0336721

41 46 0.0306956

42 46 0.0275979

43 46 0.0243913

44 46 0.0210885

45 46 0.0177025

46 46 0.0142465

47 46 0.0107344

48 46 0.00717988

49 46 0.00359704

50 46 0

0 47 0

1 47 0.00271027

2 47 0.00540985

3 47 0.00808808

4 47 0.0107344

5 47 0.0133383

6 47 0.0158896

7 47 0.0183782

8 47 0.0207943

9 47 0.0231283

10 47 0.025371

11 47 0.0275136

12 47 0.0295476

13 47 0.031465

14 47 0.0332582

15 47 0.0349202

16 47 0.0364444

17 47 0.0378247

18 47 0.0390557

19 47 0.0401326

20 47 0.0410512

21 47 0.0418077

22 47 0.0423992

23 47 0.0428234

24 47 0.0430786

25 47 0.0431638

26 47 0.0430786

27 47 0.0428234

28 47 0.0423992

29 47 0.0418077

30 47 0.0410512

31 47 0.0401326

32 47 0.0390557

33 47 0.0378247

34 47 0.0364444

35 47 0.0349202

36 47 0.0332582

37 47 0.031465

38 47 0.0295476

39 47 0.0275136

40 47 0.025371

41 47 0.0231283

42 47 0.0207943

43 47 0.0183782

44 47 0.0158896

45 47 0.0133383

46 47 0.0107344

47 47 0.00808808

48 47 0.00540985

49 47 0.00271027

50 47 0

0 48 0

1 48 0.00181281

2 48 0.00361847

3 48 0.00540985

4 48 0.00717988

5 48 0.00892158

6 48 0.0106281

7 48 0.0122926

8 48 0.0139086

9 48 0.0154698

10 48 0.0169698

11 48 0.018403

12 48 0.0197634

13 48 0.0210459

14 48 0.0222454

15 48 0.023357

16 48 0.0243764

17 48 0.0252997

18 48 0.0261231

19 48 0.0268434

20 48 0.0274578

21 48 0.0279638

22 48 0.0283594

23 48 0.0286432

24 48 0.0288139

25 48 0.0288708

26 48 0.0288139

27 48 0.0286432

28 48 0.0283594

29 48 0.0279638

30 48 0.0274578

31 48 0.0268434

32 48 0.0261231

33 48 0.0252997

34 48 0.0243764

35 48 0.023357

36 48 0.0222454

37 48 0.0210459

38 48 0.0197634

39 48 0.018403

40 48 0.0169698

41 48 0.0154698

42 48 0.0139086

43 48 0.0122926

44 48 0.0106281

45 48 0.00892158

46 48 0.00717988

47 48 0.00540985

48 48 0.00361847

49 48 0.00181281

50 48 0

0 49 0

1 49 0.000908199

2 49 0.00181281

3 49 0.00271027

4 49 0.00359704

5 49 0.00446961

6 49 0.00532454

7 49 0.00615845

8 49 0.00696806

9 49 0.00775017

10 49 0.0085017

11 49 0.00921967

12 49 0.00990126

13 49 0.0105438

14 49 0.0111447

15 49 0.0117016

16 49 0.0122123

17 49 0.0126749

18 49 0.0130874

19 49 0.0134482

20 49 0.013756

21 49 0.0140095

22 49 0.0142078

23 49 0.0143499

24 49 0.0144354

25 49 0.014464

26 49 0.0144354

27 49 0.0143499

28 49 0.0142078

29 49 0.0140095

30 49 0.013756

31 49 0.0134482

32 49 0.0130874

33 49 0.0126749

34 49 0.0122123

35 49 0.0117016

36 49 0.0111447

37 49 0.0105438

38 49 0.00990126

39 49 0.00921967

40 49 0.0085017

41 49 0.00775017

42 49 0.00696806

43 49 0.00615845

44 49 0.00532454

45 49 0.00446961

46 49 0.00359704

47 49 0.00271027

48 49 0.00181281

49 49 0.000908199

50 49 0

