0 1 0

1 1 0.000530979

2 1 0.00105986

3 1 0.00158456

4 1 0.00210301

5 1 0.00261316

6 1 0.00311299

7 1 0.00360054

8 1 0.00407388

9 1 0.00453114

10 1 0.00497052

11 1 0.00539029

12 1 0.00578878

13 1 0.00616442

14 1 0.00651574

15 1 0.00684134

16 1 0.00713994

17 1 0.00741036

18 1 0.00765154

19 1 0.00786252

20 1 0.00804247

21 1 0.00819069

22 1 0.00830657

23 1 0.00838968

24 1 0.00843967

25 1 0.00845636

26 1 0.00843967

27 1 0.00838968

28 1 0.00830657

29 1 0.00819069

30 1 0.00804247

31 1 0.00786252

32 1 0.00765154

33 1 0.00741036

34 1 0.00713994

35 1 0.00684134

36 1 0.00651574

37 1 0.00616442

38 1 0.00578878

39 1 0.00539029

40 1 0.00497052

41 1 0.00453114

42 1 0.00407388

43 1 0.00360054

44 1 0.00311299

45 1 0.00261316

46 1 0.00210301

47 1 0.00158456

48 1 0.00105986

49 1 0.000530979

50 1 0

0 2 0

1 2 0.00105986

2 2 0.00211554

3 2 0.00316287

4 2 0.00419772

5 2 0.005216

6 2 0.0062137

7 2 0.00718687

8 2 0.00813169

9 2 0.0090444

10 2 0.00992143

11 2 0.0107593

12 2 0.0115547

13 2 0.0123045

14 2 0.0130058

15 2 0.0136557

16 2 0.0142517

17 2 0.0147915

18 2 0.0152729

19 2 0.015694

20 2 0.0160532

21 2 0.016349

22 2 0.0165804

23 2 0.0167462

24 2 0.016846

25 2 0.0168793

26 2 0.016846

27 2 0.0167462

28 2 0.0165804

29 2 0.016349

30 2 0.0160532

31 2 0.015694

32 2 0.0152729

33 2 0.0147915

34 2 0.0142517

35 2 0.0136557

36 2 0.0130058

37 2 0.0123045

38 2 0.0115547

39 2 0.0107593

40 2 0.00992143

41 2 0.0090444

42 2 0.00813169

43 2 0.00718687

44 2 0.0062137

45 2 0.005216

46 2 0.00419772

47 2 0.00316287

48 2 0.00211554

49 2 0.00105986

50 2 0

0 3 0

1 3 0.00158456

2 3 0.00316287

3 3 0.0047287

4 3 0.00627587

5 3 0.00779826

6 3 0.00928988

7 3 0.0107448

8 3 0.0121574

9 3 0.013522

10 3 0.0148332

11 3 0.0160858

12 3 0.017275

13 3 0.018396

14 3 0.0194444

15 3 0.0204161

16 3 0.0213072

17 3 0.0221142

18 3 0.022834

19 3 0.0234636

20 3 0.0240006

21 3 0.0244429

22 3 0.0247887

23 3 0.0250367

24 3 0.0251859

25 3 0.0252357

26 3 0.0251859

27 3 0.0250367

28 3 0.0247887

29 3 0.0244429

30 3 0.0240006

31 3 0.0234636

32 3 0.022834

33 3 0.0221142

34 3 0.0213072

35 3 0.0204161

36 3 0.0194444

37 3 0.018396

38 3 0.017275

39 3 0.0160858

40 3 0.0148332

41 3 0.013522

42 3 0.0121574

43 3 0.0107448

44 3 0.00928988

45 3 0.00779826

46 3 0.00627587

47 3 0.0047287

48 3 0.00316287

49 3 0.00158456

50 3 0

0 4 0

1 4 0.00210301

2 4 0.00419772

3 4 0.00627587

4 4 0.00832924

5 4 0.0103497

6 4 0.0123294

7 4 0.0142604

8 4 0.0161351

9 4 0.0179462

10 4 0.0196864

11 4 0.0213489

12 4 0.0229272

13 4 0.024415

14 4 0.0258064

15 4 0.027096

16 4 0.0282786

17 4 0.0293497

18 4 0.0303049

19 4 0.0311405

20 4 0.0318532

21 4 0.0324403

22 4 0.0328992

23 4 0.0332284

24 4 0.0334264

25 4 0.0334925

26 4 0.0334264

27 4 0.0332284

28 4 0.0328992

29 4 0.0324403

30 4 0.0318532

31 4 0.0311405

32 4 0.0303049

33 4 0.0293497

34 4 0.0282786

35 4 0.027096

36 4 0.0258064

37 4 0.024415

38 4 0.0229272

39 4 0.0213489

40 4 0.0196864

41 4 0.0179462

42 4 0.0161351

43 4 0.0142604

44 4 0.0123294

45 4 0.0103497

46 4 0.00832924

47 4 0.00627587

48 4 0.00419772

49 4 0.00210301

50 4 0

0 5 0

1 5 0.00261316

2 5 0.005216

3 5 0.00779826

4 5 0.0103497

5 5 0.0128604

6 5 0.0153203

7 5 0.0177197

8 5 0.0200492

9 5 0.0222995

10 5 0.0244619

11 5 0.0265277

12 5 0.0284889

13 5 0.0303375

14 5 0.0320665

15 5 0.0336689

16 5 0.0351385

17 5 0.0364693

18 5 0.0376563

19 5 0.0386946

20 5 0.0395802

21 5 0.0403096

22 5 0.0408799

23 5 0.0412889

24 5 0.041535

25 5 0.0416171

26 5 0.041535

27 5 0.0412889

28 5 0.0408799

29 5 0.0403096

30 5 0.0395802

31 5 0.0386946

32 5 0.0376563

33 5 0.0364693

34 5 0.0351385

35 5 0.0336689

36 5 0.0320665

37 5 0.0303375

38 5 0.0284889

39 5 0.0265277

40 5 0.0244619

41 5 0.0222995

42 5 0.0200492

43 5 0.0177197

44 5 0.0153203

45 5 0.0128604

46 5 0.0103497

47 5 0.00779826

48 5 0.005216

49 5 0.00261316

50 5 0

0 6 0

1 6 0.00311299

2 6 0.0062137

3 6 0.00928988

4 6 0.0123294

5 6 0.0153203

6 6 0.0182507

7 6 0.021109

8 6 0.0238841

9 6 0.0265649

10 6 0.0291409

11 6 0.0316018

12 6 0.0339381

13 6 0.0361404

14 6 0.0382001

15 6 0.040109

16 6 0.0418596

17 6 0.043445

18 6 0.044859

19 6 0.0460959

20 6 0.0471509

21 6 0.0480199

22 6 0.0486993

23 6 0.0491865

24 6 0.0494796

25 6 0.0495774

26 6 0.0494796

27 6 0.0491865

28 6 0.0486993

29 6 0.0480199

30 6 0.0471509

31 6 0.0460959

32 6 0.044859

33 6 0.043445

34 6 0.0418596

35 6 0.040109

36 6 0.0382001

37 6 0.0361404

38 6 0.0339381

39 6 0.0316018

40 6 0.0291409

41 6 0.0265649

42 6 0.0238841

43 6 0.021109

44 6 0.0182507

45 6 0.0153203

46 6 0.0123294

47 6 0.00928988

48 6 0.0062137

49 6 0.00311299

50 6 0

0 7 0

1 7 0.00360054

2 7 0.00718687

3 7 0.0107448

4 7 0.0142604

5 7 0.0177197

6 7 0.021109

7 7 0.0244151

8 7 0.0276248

9 7 0.0307254

10 7 0.0337049

11 7 0.0365512

12 7 0.0392534

13 7 0.0418006

14 7 0.0441829

15 7 0.0463908

16 7 0.0484156

17 7 0.0502493

18 7 0.0518847

19 7 0.0533154

20 7 0.0545356

21 7 0.0555406

22 7 0.0563264

23 7 0.05689

24 7 0.057229

25 7 0.0573421

26 7 0.057229

27 7 0.05689

28 7 0.0563264

29 7 0.0555406

30 7 0.0545356

31 7 0.0533154

32 7 0.0518847

33 7 0.0502493

34 7 0.0484156

35 7 0.0463908

36 7 0.0441829

37 7 0.0418006

38 7 0.0392534

39 7 0.0365512

40 7 0.0337049

41 7 0.0307254

42 7 0.0276248

43 7 0.0244151

44 7 0.021109

45 7 0.0177197

46 7 0.0142604

47 7 0.0107448

48 7 0.00718687

49 7 0.00360054

50 7 0

0 8 0

1 8 0.00407388

2 8 0.00813169

3 8 0.0121574

4 8 0.0161351

5 8 0.0200492

6 8 0.0238841

7 8 0.0276248

8 8 0.0312564

9 8 0.0347647

10 8 0.0381358

11 8 0.0413564

12 8 0.0444138

13 8 0.0472959

14 8 0.0499913

15 8 0.0524894

16 8 0.0547804

17 8 0.0568552

18 8 0.0587056

19 8 0.0603244

20 8 0.061705

21 8 0.0628422

22 8 0.0637313

23 8 0.0643689

24 8 0.0647525

25 8 0.0648805

26 8 0.0647525

27 8 0.0643689

28 8 0.0637313

29 8 0.0628422

30 8 0.061705

31 8 0.0603244

32 8 0.0587056

33 8 0.0568552

34 8 0.0547804

35 8 0.0524894

36 8 0.0499913

37 8 0.0472959

38 8 0.0444138

39 8 0.0413564

40 8 0.0381358

41 8 0.0347647

42 8 0.0312564

43 8 0.0276248

44 8 0.0238841

45 8 0.0200492

46 8 0.0161351

47 8 0.0121574

48 8 0.00813169

49 8 0.00407388

50 8 0

0 9 0

1 9 0.00453114

2 9 0.0090444

3 9 0.013522

4 9 0.0179462

5 9 0.0222995

6 9 0.0265649

7 9 0.0307254

8 9 0.0347647

9 9 0.0386668

10 9 0.0424163

11 9 0.0459983

12 9 0.0493989

13 9 0.0526045

14 9 0.0556024

15 9 0.058381

16 9 0.0609291

17 9 0.0632368

18 9 0.0652949

19 9 0.0670953

20 9 0.068631

21 9 0.0698957

22 9 0.0708847

23 9 0.0715938

24 9 0.0720205

25 9 0.0721629

26 9 0.0720205

27 9 0.0715938

28 9 0.0708847

29 9 0.0698957

30 9 0.068631

31 9 0.0670953

32 9 0.0652949

33 9 0.0632368

34 9 0.0609291

35 9 0.058381

36 9 0.0556024

37 9 0.0526045

38 9 0.0493989

39 9 0.0459983

40 9 0.0424163

41 9 0.0386668

42 9 0.0347647

43 9 0.0307254

44 9 0.0265649

45 9 0.0222995

46 9 0.0179462

47 9 0.013522

48 9 0.0090444

49 9 0.00453114

50 9 0

0 10 0

1 10 0.00497052

2 10 0.00992143

3 10 0.0148332

4 10 0.0196864

5 10 0.0244619

6 10 0.0291409

7 10 0.0337049

8 10 0.0381358

9 10 0.0424163

10 10 0.0465293

11 10 0.0504587

12 10 0.054189

13 10 0.0577054

14 10 0.0609941

15 10 0.0640421

16 10 0.0668373

17 10 0.0693688

18 10 0.0716265

19 10 0.0736015

20 10 0.075286

21 10 0.0766734

22 10 0.0777582

23 10 0.0785362

24 10 0.0790042

25 10 0.0791604

26 10 0.0790042

27 10 0.0785362

28 10 0.0777582

29 10 0.0766734

30 10 0.075286

31 10 0.0736015

32 10 0.0716265

33 10 0.0693688

34 10 0.0668373

35 10 0.0640421

36 10 0.0609941

37 10 0.0577054

38 10 0.054189

39 10 0.0504587

40 10 0.0465293

41 10 0.0424163

42 10 0.0381358

43 10 0.0337049

44 10 0.0291409

45 10 0.0244619

46 10 0.0196864

47 10 0.0148332

48 10 0.00992143

49 10 0.00497052

50 10 0

0 11 0

1 11 0.00539029

2 11 0.0107593

3 11 0.0160858

4 11 0.0213489

5 11 0.0265277

6 11 0.0316018

7 11 0.0365512

8 11 0.0413564

9 11 0.0459983

10 11 0.0504587

11 11 0.05472

12 11 0.0587653

13 11 0.0625787

14 11 0.0661451

15 11 0.0694505

16 11 0.0724818

17 11 0.075227

18 11 0.0776754

19 11 0.0798172

20 11 0.0816439

21 11 0.0831485

22 11 0.084325

23 11 0.0851686

24 11 0.0856761

25 11 0.0858455

26 11 0.0856761

27 11 0.0851686

28 11 0.084325

29 11 0.0831485

30 11 0.0816439

31 11 0.0798172

32 11 0.0776754

33 11 0.075227

34 11 0.0724818

35 11 0.0694505

36 11 0.0661451

37 11 0.0625787

38 11 0.0587653

39 11 0.05472

40 11 0.0504587

41 11 0.0459983

42 11 0.0413564

43 11 0.0365512

44 11 0.0316018

45 11 0.0265277

46 11 0.0213489

47 11 0.0160858

48 11 0.0107593

49 11 0.00539029

50 11 0

0 12 0

1 12 0.00578878

2 12 0.0115547

3 12 0.017275

4 12 0.0229272

5 12 0.0284889

6 12 0.0339381

7 12 0.0392534

8 12 0.0444138

9 12 0.0493989

10 12 0.054189

11 12 0.0587653

12 12 0.0631097

13 12 0.067205

14 12 0.0710351

15 12 0.0745848

16 12 0.0778402

17 12 0.0807883

18 12 0.0834177

19 12 0.0857178

20 12 0.0876797

21 12 0.0892955

22 12 0.0905589

23 12 0.0914649

24 12 0.0920099

25 12 0.0921919

26 12 0.0920099

27 12 0.0914649

28 12 0.0905589

29 12 0.0892955

30 12 0.0876797

31 12 0.0857178

32 12 0.0834177

33 12 0.0807883

34 12 0.0778402

35 12 0.0745848

36 12 0.0710351

37 12 0.067205

38 12 0.0631097

39 12 0.0587653

40 12 0.054189

41 12 0.0493989

42 12 0.0444138

43 12 0.0392534

44 12 0.0339381

45 12 0.0284889

46 12 0.0229272

47 12 0.017275

48 12 0.0115547

49 12 0.00578878

50 12 0

0 13 0

1 13 0.00616442

2 13 0.0123045

3 13 0.018396

4 13 0.024415

5 13 0.0303375

6 13 0.0361404

7 13 0.0418006

8 13 0.0472959

9 13 0.0526045

10 13 0.0577054

11 13 0.0625787

12 13 0.067205

13 13 0.071566

14 13 0.0756446

15 13 0.0794247

16 13 0.0828914

17 13 0.0860309

18 13 0.0888308

19 13 0.0912802

20 13 0.0933694

21 13 0.09509

22 13 0.0964354

23 13 0.0974002

24 13 0.0979806

25 13 0.0981744

26 13 0.0979806

27 13 0.0974002

28 13 0.0964354

29 13 0.09509

30 13 0.0933694

31 13 0.0912802

32 13 0.0888308

33 13 0.0860309

34 13 0.0828914

35 13 0.0794247

36 13 0.0756446

37 13 0.071566

38 13 0.067205

39 13 0.0625787

40 13 0.0577054

41 13 0.0526045

42 13 0.0472959

43 13 0.0418006

44 13 0.0361404

45 13 0.0303375

46 13 0.024415

47 13 0.018396

48 13 0.0123045

49 13 0.00616442

50 13 0

0 14 0

1 14 0.00651574

2 14 0.0130058

3 14 0.0194444

4 14 0.0258064

5 14 0.0320665

6 14 0.0382001

7 14 0.0441829

8 14 0.0499913

9 14 0.0556024

10 14 0.0609941

11 14 0.0661451

12 14 0.0710351

13 14 0.0756446

14 14 0.0799557

15 14 0.0839512

16 14 0.0876154

17 14 0.0909338

18 14 0.0938934

19 14 0.0964824

20 14 0.0986906

21 14 0.100509

22 14 0.101931

23 14 0.102951

24 14 0.103565

25 14 0.103769

26 14 0.103565

27 14 0.102951

28 14 0.101931

29 14 0.100509

30 14 0.0986906

31 14 0.0964824

32 14 0.0938934

33 14 0.0909338

34 14 0.0876154

35 14 0.0839512

36 14 0.0799557

37 14 0.0756446

38 14 0.0710351

39 14 0.0661451

40 14 0.0609941

41 14 0.0556024

42 14 0.0499913

43 14 0.0441829

44 14 0.0382001

45 14 0.0320665

46 14 0.0258064

47 14 0.0194444

48 14 0.0130058

49 14 0.00651574

50 14 0

0 15 0

1 15 0.00684134

2 15 0.0136557

3 15 0.0204161

4 15 0.027096

5 15 0.0336689

6 15 0.040109

7 15 0.0463908

8 15 0.0524894

9 15 0.058381

10 15 0.0640421

11 15 0.0694505

12 15 0.0745848

13 15 0.0794247

14 15 0.0839512

15 15 0.0881464

16 15 0.0919937

17 15 0.0954779

18 15 0.0985854

19 15 0.101304

20 15 0.103622

21 15 0.105532

22 15 0.107025

23 15 0.108096

24 15 0.10874

25 15 0.108955

26 15 0.10874

27 15 0.108096

28 15 0.107025

29 15 0.105532

30 15 0.103622

31 15 0.101304

32 15 0.0985854

33 15 0.0954779

34 15 0.0919937

35 15 0.0881464

36 15 0.0839512

37 15 0.0794247

38 15 0.0745848

39 15 0.0694505

40 15 0.0640421

41 15 0.058381

42 15 0.0524894

43 15 0.0463908

44 15 0.040109

45 15 0.0336689

46 15 0.027096

47 15 0.0204161

48 15 0.0136557

49 15 0.00684134

50 15 0

0 16 0

1 16 0.00713994

2 16 0.0142517

3 16 0.0213072

4 16 0.0282786

5 16 0.0351385

6 16 0.0418596

7 16 0.0484156

8 16 0.0547804

9 16 0.0609291

10 16 0.0668373

11 16 0.0724818

12 16 0.0778402

13 16 0.0828914

14 16 0.0876154

15 16 0.0919937

16 16 0.0960089

17 16 0.0996452

18 16 0.102888

19 16 0.105725

20 16 0.108145

21 16 0.110138

22 16 0.111696

23 16 0.112814

24 16 0.113486

25 16 0.11371

26 16 0.113486

27 16 0.112814

28 16 0.111696

29 16 0.110138

30 16 0.108145

31 16 0.105725

32 16 0.102888

33 16 0.0996452

34 16 0.0960089

35 16 0.0919937

36 16 0.0876154

37 16 0.0828914

38 16 0.0778402

39 16 0.0724818

40 16 0.0668373

41 16 0.0609291

42 16 0.0547804

43 16 0.0484156

44 16 0.0418596

45 16 0.0351385

46 16 0.0282786

47 16 0.0213072

48 16 0.0142517

49 16 0.00713994

50 16 0

0 17 0

1 17 0.00741036

2 17 0.0147915

3 17 0.0221142

4 17 0.0293497

5 17 0.0364693

6 17 0.043445

7 17 0.0502493

8 17 0.0568552

9 17 0.0632368

10 17 0.0693688

11 17 0.075227

12 17 0.0807883

13 17 0.0860309

14 17 0.0909338

15 17 0.0954779

16 17 0.0996452

17 17 0.103419

18 17 0.106785

19 17 0.10973

20 17 0.112241

21 17 0.114309

22 17 0.115927

23 17 0.117087

24 17 0.117784

25 17 0.118017

26 17 0.117784

27 17 0.117087

28 17 0.115927

29 17 0.114309

30 17 0.112241

31 17 0.10973

32 17 0.106785

33 17 0.103419

34 17 0.0996452

35 17 0.0954779

36 17 0.0909338

37 17 0.0860309

38 17 0.0807883

39 17 0.075227

40 17 0.0693688

41 17 0.0632368

42 17 0.0568552

43 17 0.0502493

44 17 0.043445

45 17 0.0364693

46 17 0.0293497

47 17 0.0221142

48 17 0.0147915

49 17 0.00741036

50 17 0

0 18 0

1 18 0.00765154

2 18 0.0152729

3 18 0.022834

4 18 0.0303049

5 18 0.0376563

6 18 0.044859

7 18 0.0518847

8 18 0.0587056

9 18 0.0652949

10 18 0.0716265

11 18 0.0776754

12 18 0.0834177

13 18 0.0888308

14 18 0.0938934

15 18 0.0985854

16 18 0.102888

17 18 0.106785

18 18 0.110261

19 18 0.113301

20 18 0.115894

21 18 0.11803

22 18 0.1197

23 18 0.120897

24 18 0.121618

25 18 0.121858

26 18 0.121618

27 18 0.120897

28 18 0.1197

29 18 0.11803

30 18 0.115894

31 18 0.113301

32 18 0.110261

33 18 0.106785

34 18 0.102888

35 18 0.0985854

36 18 0.0938934

37 18 0.0888308

38 18 0.0834177

39 18 0.0776754

40 18 0.0716265

41 18 0.0652949

42 18 0.0587056

43 18 0.0518847

44 18 0.044859

45 18 0.0376563

46 18 0.0303049

47 18 0.022834

48 18 0.0152729

49 18 0.00765154

50 18 0

0 19 0

1 19 0.00786252

2 19 0.015694

3 19 0.0234636

4 19 0.0311405

5 19 0.0386946

6 19 0.0460959

7 19 0.0533154

8 19 0.0603244

9 19 0.0670953

10 19 0.0736015

11 19 0.0798172

12 19 0.0857178

13 19 0.0912802

14 19 0.0964824

15 19 0.101304

16 19 0.105725

17 19 0.10973

18 19 0.113301

19 19 0.116425

20 19 0.11909

21 19 0.121284

22 19 0.123

23 19 0.124231

24 19 0.124971

25 19 0.125218

26 19 0.124971

27 19 0.124231

28 19 0.123

29 19 0.121284

30 19 0.11909

31 19 0.116425

32 19 0.113301

33 19 0.10973

34 19 0.105725

35 19 0.101304

36 19 0.0964824

37 19 0.0912802

38 19 0.0857178

39 19 0.0798172

40 19 0.0736015

41 19 0.0670953

42 19 0.0603244

43 19 0.0533154

44 19 0.0460959

45 19 0.0386946

46 19 0.0311405

47 19 0.0234636

48 19 0.015694

49 19 0.00786252

50 19 0

0 20 0

1 20 0.00804247

2 20 0.0160532

3 20 0.0240006

4 20 0.0318532

5 20 0.0395802

6 20 0.0471509

7 20 0.0545356

8 20 0.061705

9 20 0.068631

10 20 0.075286

11 20 0.0816439

12 20 0.0876797

13 20 0.0933694

14 20 0.0986906

15 20 0.103622

16 20 0.108145

17 20 0.112241

18 20 0.115894

19 20 0.11909

20 20 0.121815

21 20 0.12406

22 20 0.125815

23 20 0.127074

24 20 0.127831

25 20 0.128084

26 20 0.127831

27 20 0.127074

28 20 0.125815

29 20 0.12406

30 20 0.121815

31 20 0.11909

32 20 0.115894

33 20 0.112241

34 20 0.108145

35 20 0.103622

36 20 0.0986906

37 20 0.0933694

38 20 0.0876797

39 20 0.0816439

40 20 0.075286

41 20 0.068631

42 20 0.061705

43 20 0.0545356

44 20 0.0471509

45 20 0.0395802

46 20 0.0318532

47 20 0.0240006

48 20 0.0160532

49 20 0.00804247

50 20 0

0 21 0

1 21 0.00819069

2 21 0.016349

3 21 0.0244429

4 21 0.0324403

5 21 0.0403096

6 21 0.0480199

7 21 0.0555406

8 21 0.0628422

9 21 0.0698957

10 21 0.0766734

11 21 0.0831485

12 21 0.0892955

13 21 0.09509

14 21 0.100509

15 21 0.105532

16 21 0.110138

17 21 0.114309

18 21 0.11803

19 21 0.121284

20 21 0.12406

21 21 0.126346

22 21 0.128134

23 21 0.129416

24 21 0.130187

25 21 0.130445

26 21 0.130187

27 21 0.129416

28 21 0.128134

29 21 0.126346

30 21 0.12406

31 21 0.121284

32 21 0.11803

33 21 0.114309

34 21 0.110138

35 21 0.105532

36 21 0.100509

37 21 0.09509

38 21 0.0892955

39 21 0.0831485

40 21 0.0766734

41 21 0.0698957

42 21 0.0628422

43 21 0.0555406

44 21 0.0480199

45 21 0.0403096

46 21 0.0324403

47 21 0.0244429

48 21 0.016349

49 21 0.00819069

50 21 0

0 22 0

1 22 0.00830657

2 22 0.0165804

3 22 0.0247887

4 22 0.0328992

5 22 0.0408799

6 22 0.0486993

7 22 0.0563264

8 22 0.0637313

9 22 0.0708847

10 22 0.0777582

11 22 0.084325

12 22 0.0905589

13 22 0.0964354

14 22 0.101931

15 22 0.107025

16 22 0.111696

17 22 0.115927

18 22 0.1197

19 22 0.123

20 22 0.125815

21 22 0.128134

22 22 0.129947

23 22 0.131247

24 22 0.132029

25 22 0.13229

26 22 0.132029

27 22 0.131247

28 22 0.129947

29 22 0.128134

30 22 0.125815

31 22 0.123

32 22 0.1197

33 22 0.115927

34 22 0.111696

35 22 0.107025

36 22 0.101931

37 22 0.0964354

38 22 0.0905589

39 22 0.084325

40 22 0.0777582

41 22 0.0708847

42 22 0.0637313

43 22 0.0563264

44 22 0.0486993

45 22 0.0408799

46 22 0.0328992

47 22 0.0247887

48 22 0.0165804

49 22 0.00830657

50 22 0

0 23 0

1 23 0.00838968

2 23 0.0167462

3 23 0.0250367

4 23 0.0332284

5 23 0.0412889

6 23 0.0491865

7 23 0.05689

8 23 0.0643689

9 23 0.0715938

10 23 0.0785362

11 23 0.0851686

12 23 0.0914649

13 23 0.0974002

14 23 0.102951

15 23 0.108096

16 23 0.112814

17 23 0.117087

18 23 0.120897

19 23 0.124231

20 23 0.127074

21 23 0.129416

22 23 0.131247

23 23 0.13256

24 23 0.13335

25 23 0.133614

26 23 0.13335

27 23 0.13256

28 23 0.131247

29 23 0.129416

30 23 0.127074

31 23 0.124231

32 23 0.120897

33 23 0.117087

34 23 0.112814

35 23 0.108096

36 23 0.102951

37 23 0.0974002

38 23 0.0914649

39 23 0.0851686

40 23 0.0785362

41 23 0.0715938

42 23 0.0643689

43 23 0.05689

44 23 0.0491865

45 23 0.0412889

46 23 0.0332284

47 23 0.0250367

48 23 0.0167462

49 23 0.00838968

50 23 0

0 24 0

1 24 0.00843967

2 24 0.016846

3 24 0.0251859

4 24 0.0334264

5 24 0.041535

6 24 0.0494796

7 24 0.057229

8 24 0.0647525

9 24 0.0720205

10 24 0.0790042

11 24 0.0856761

12 24 0.0920099

13 24 0.0979806

14 24 0.103565

15 24 0.10874

16 24 0.113486

17 24 0.117784

18 24 0.121618

19 24 0.124971

20 24 0.127831

21 24 0.130187

22 24 0.132029

23 24 0.13335

24 24 0.134145

25 24 0.13441

26 24 0.134145

27 24 0.13335

28 24 0.132029

29 24 0.130187

30 24 0.127831

31 24 0.124971

32 24 0.121618

33 24 0.117784

34 24 0.113486

35 24 0.10874

36 24 0.103565

37 24 0.0979806

38 24 0.0920099

39 24 0.0856761

40 24 0.0790042

41 24 0.0720205

42 24 0.0647525

43 24 0.057229

44 24 0.0494796

45 24 0.041535

46 24 0.0334264

47 24 0.0251859

48 24 0.016846

49 24 0.00843967

50 24 0

0 25 0

1 25 0.00845636

2 25 0.0168793

3 25 0.0252357

4 25 0.0334925

5 25 0.0416171

6 25 0.0495774

7 25 0.0573421

8 25 0.0648805

9 25 0.0721629

10 25 0.0791604

11 25 0.0858455

12 25 0.0921919

13 25 0.0981744

14 25 0.103769

15 25 0.108955

16 25 0.11371

17 25 0.118017

18 25 0.121858

19 25 0.125218

20 25 0.128084

21 25 0.130445

22 25 0.13229

23 25 0.133614

24 25 0.13441

25 25 0.134676

26 25 0.13441

27 25 0.133614

28 25 0.13229

29 25 0.130445

30 25 0.128084

31 25 0.125218

32 25 0.121858

33 25 0.118017

34 25 0.11371

35 25 0.108955

36 25 0.103769

37 25 0.0981744

38 25 0.0921919

39 25 0.0858455

40 25 0.0791604

41 25 0.0721629

42 25 0.0648805

43 25 0.0573421

44 25 0.0495774

45 25 0.0416171

46 25 0.0334925

47 25 0.0252357

48 25 0.0168793

49 25 0.00845636

50 25 0

0 26 0

1 26 0.00843967

2 26 0.016846

3 26 0.0251859

4 26 0.0334264

5 26 0.041535

6 26 0.0494796

7 26 0.057229

8 26 0.0647525

9 26 0.0720205

10 26 0.0790042

11 26 0.0856761

12 26 0.0920099

13 26 0.0979806

14 26 0.103565

15 26 0.10874

16 26 0.113486

17 26 0.117784

18 26 0.121618

19 26 0.124971

20 26 0.127831

21 26 0.130187

22 26 0.132029

23 26 0.13335

24 26 0.134145

25 26 0.13441

26 26 0.134145

27 26 0.13335

28 26 0.132029

29 26 0.130187

30 26 0.127831

31 26 0.124971

32 26 0.121618

33 26 0.117784

34 26 0.113486

35 26 0.10874

36 26 0.103565

37 26 0.0979806

38 26 0.0920099

39 26 0.0856761

40 26 0.0790042

41 26 0.0720205

42 26 0.0647525

43 26 0.057229

44 26 0.0494796

45 26 0.041535

46 26 0.0334264

47 26 0.0251859

48 26 0.016846

49 26 0.00843967

50 26 0

0 27 0

1 27 0.00838968

2 27 0.0167462

3 27 0.0250367

4 27 0.0332284

5 27 0.0412889

6 27 0.0491865

7 27 0.05689

8 27 0.0643689

9 27 0.0715938

10 27 0.0785362

11 27 0.0851686

12 27 0.0914649

13 27 0.0974002

14 27 0.102951

15 27 0.108096

16 27 0.112814

17 27 0.117087

18 27 0.120897

19 27 0.124231

20 27 0.127074

21 27 0.129416

22 27 0.131247

23 27 0.13256

24 27 0.13335

25 27 0.133614

26 27 0.13335

27 27 0.13256

28 27 0.131247

29 27 0.129416

30 27 0.127074

31 27 0.124231

32 27 0.120897

33 27 0.117087

34 27 0.112814

35 27 0.108096

36 27 0.102951

37 27 0.0974002

38 27 0.0914649

39 27 0.0851686

40 27 0.0785362

41 27 0.0715938

42 27 0.0643689

43 27 0.05689

44 27 0.0491865

45 27 0.0412889

46 27 0.0332284

47 27 0.0250367

48 27 0.0167462

49 27 0.00838968

50 27 0

0 28 0

1 28 0.00830657

2 28 0.0165804

3 28 0.0247887

4 28 0.0328992

5 28 0.0408799

6 28 0.0486993

7 28 0.0563264

8 28 0.0637313

9 28 0.0708847

10 28 0.0777582

11 28 0.084325

12 28 0.0905589

13 28 0.0964354

14 28 0.101931

15 28 0.107025

16 28 0.111696

17 28 0.115927

18 28 0.1197

19 28 0.123

20 28 0.125815

21 28 0.128134

22 28 0.129947

23 28 0.131247

24 28 0.132029

25 28 0.13229

26 28 0.132029

27 28 0.131247

28 28 0.129947

29 28 0.128134

30 28 0.125815

31 28 0.123

32 28 0.1197

33 28 0.115927

34 28 0.111696

35 28 0.107025

36 28 0.101931

37 28 0.0964354

38 28 0.0905589

39 28 0.084325

40 28 0.0777582

41 28 0.0708847

42 28 0.0637313

43 28 0.0563264

44 28 0.0486993

45 28 0.0408799

46 28 0.0328992

47 28 0.0247887

48 28 0.0165804

49 28 0.00830657

50 28 0

0 29 0

1 29 0.00819069

2 29 0.016349

3 29 0.0244429

4 29 0.0324403

5 29 0.0403096

6 29 0.0480199

7 29 0.0555406

8 29 0.0628422

9 29 0.0698957

10 29 0.0766734

11 29 0.0831485

12 29 0.0892955

13 29 0.09509

14 29 0.100509

15 29 0.105532

16 29 0.110138

17 29 0.114309

18 29 0.11803

19 29 0.121284

20 29 0.12406

21 29 0.126346

22 29 0.128134

23 29 0.129416

24 29 0.130187

25 29 0.130445

26 29 0.130187

27 29 0.129416

28 29 0.128134

29 29 0.126346

30 29 0.12406

31 29 0.121284

32 29 0.11803

33 29 0.114309

34 29 0.110138

35 29 0.105532

36 29 0.100509

37 29 0.09509

38 29 0.0892955

39 29 0.0831485

40 29 0.0766734

41 29 0.0698957

42 29 0.0628422

43 29 0.0555406

44 29 0.0480199

45 29 0.0403096

46 29 0.0324403

47 29 0.0244429

48 29 0.016349

49 29 0.00819069

50 29 0

0 30 0

1 30 0.00804247

2 30 0.0160532

3 30 0.0240006

4 30 0.0318532

5 30 0.0395802

6 30 0.0471509

7 30 0.0545356

8 30 0.061705

9 30 0.068631

10 30 0.075286

11 30 0.0816439

12 30 0.0876797

13 30 0.0933694

14 30 0.0986906

15 30 0.103622

16 30 0.108145

17 30 0.112241

18 30 0.115894

19 30 0.11909

20 30 0.121815

21 30 0.12406

22 30 0.125815

23 30 0.127074

24 30 0.127831

25 30 0.128084

26 30 0.127831

27 30 0.127074

28 30 0.125815

29 30 0.12406

30 30 0.121815

31 30 0.11909

32 30 0.115894

33 30 0.112241

34 30 0.108145

35 30 0.103622

36 30 0.0986906

37 30 0.0933694

38 30 0.0876797

39 30 0.0816439

40 30 0.075286

41 30 0.068631

42 30 0.061705

43 30 0.0545356

44 30 0.0471509

45 30 0.0395802

46 30 0.0318532

47 30 0.0240006

48 30 0.0160532

49 30 0.00804247

50 30 0

0 31 0

1 31 0.00786252

2 31 0.015694

3 31 0.0234636

4 31 0.0311405

5 31 0.0386946

6 31 0.0460959

7 31 0.0533154

8 31 0.0603244

9 31 0.0670953

10 31 0.0736015

11 31 0.0798172

12 31 0.0857178

13 31 0.0912802

14 31 0.0964824

15 31 0.101304

16 31 0.105725

17 31 0.10973

18 31 0.113301

19 31 0.116425

20 31 0.11909

21 31 0.121284

22 31 0.123

23 31 0.124231

24 31 0.124971

25 31 0.125218

26 31 0.124971

27 31 0.124231

28 31 0.123

29 31 0.121284

30 31 0.11909

31 31 0.116425

32 31 0.113301

33 31 0.10973

34 31 0.105725

35 31 0.101304

36 31 0.0964824

37 31 0.0912802

38 31 0.0857178

39 31 0.0798172

40 31 0.0736015

41 31 0.0670953

42 31 0.0603244

43 31 0.0533154

44 31 0.0460959

45 31 0.0386946

46 31 0.0311405

47 31 0.0234636

48 31 0.015694

49 31 0.00786252

50 31 0

0 32 0

1 32 0.00765154

2 32 0.0152729

3 32 0.022834

4 32 0.0303049

5 32 0.0376563

6 32 0.044859

7 32 0.0518847

8 32 0.0587056

9 32 0.0652949

10 32 0.0716265

11 32 0.0776754

12 32 0.0834177

13 32 0.0888308

14 32 0.0938934

15 32 0.0985854

16 32 0.102888

17 32 0.106785

18 32 0.110261

19 32 0.113301

20 32 0.115894

21 32 0.11803

22 32 0.1197

23 32 0.120897

24 32 0.121618

25 32 0.121858

26 32 0.121618

27 32 0.120897

28 32 0.1197

29 32 0.11803

30 32 0.115894

31 32 0.113301

32 32 0.110261

33 32 0.106785

34 32 0.102888

35 32 0.0985854

36 32 0.0938934

37 32 0.0888308

38 32 0.0834177

39 32 0.0776754

40 32 0.0716265

41 32 0.0652949

42 32 0.0587056

43 32 0.0518847

44 32 0.044859

45 32 0.0376563

46 32 0.0303049

47 32 0.022834

48 32 0.0152729

49 32 0.00765154

50 32 0

0 33 0

1 33 0.00741036

2 33 0.0147915

3 33 0.0221142

4 33 0.0293497

5 33 0.0364693

6 33 0.043445

7 33 0.0502493

8 33 0.0568552

9 33 0.0632368

10 33 0.0693688

11 33 0.075227

12 33 0.0807883

13 33 0.0860309

14 33 0.0909338

15 33 0.0954779

16 33 0.0996452

17 33 0.103419

18 33 0.106785

19 33 0.10973

20 33 0.112241

21 33 0.114309

22 33 0.115927

23 33 0.117087

24 33 0.117784

25 33 0.118017

26 33 0.117784

27 33 0.117087

28 33 0.115927

29 33 0.114309

30 33 0.112241

31 33 0.10973

32 33 0.106785

33 33 0.103419

34 33 0.0996452

35 33 0.0954779

36 33 0.0909338

37 33 0.0860309

38 33 0.0807883

39 33 0.075227

40 33 0.0693688

41 33 0.0632368

42 33 0.0568552

43 33 0.0502493

44 33 0.043445

45 33 0.0364693

46 33 0.0293497

47 33 0.0221142

48 33 0.0147915

49 33 0.00741036

50 33 0

0 34 0

1 34 0.00713994

2 34 0.0142517

3 34 0.0213072

4 34 0.0282786

5 34 0.0351385

6 34 0.0418596

7 34 0.0484156

8 34 0.0547804

9 34 0.0609291

10 34 0.0668373

11 34 0.0724818

12 34 0.0778402

13 34 0.0828914

14 34 0.0876154

15 34 0.0919937

16 34 0.0960089

17 34 0.0996452

18 34 0.102888

19 34 0.105725

20 34 0.108145

21 34 0.110138

22 34 0.111696

23 34 0.112814

24 34 0.113486

25 34 0.11371

26 34 0.113486

27 34 0.112814

28 34 0.111696

29 34 0.110138

30 34 0.108145

31 34 0.105725

32 34 0.102888

33 34 0.0996452

34 34 0.0960089

35 34 0.0919937

36 34 0.0876154

37 34 0.0828914

38 34 0.0778402

39 34 0.0724818

40 34 0.0668373

41 34 0.0609291

42 34 0.0547804

43 34 0.0484156

44 34 0.0418596

45 34 0.0351385

46 34 0.0282786

47 34 0.0213072

48 34 0.0142517

49 34 0.00713994

50 34 0

0 35 0

1 35 0.00684134

2 35 0.0136557

3 35 0.0204161

4 35 0.027096

5 35 0.0336689

6 35 0.040109

7 35 0.0463908

8 35 0.0524894

9 35 0.058381

10 35 0.0640421

11 35 0.0694505

12 35 0.0745848

13 35 0.0794247

14 35 0.0839512

15 35 0.0881464

16 35 0.0919937

17 35 0.0954779

18 35 0.0985854

19 35 0.101304

20 35 0.103622

21 35 0.105532

22 35 0.107025

23 35 0.108096

24 35 0.10874

25 35 0.108955

26 35 0.10874

27 35 0.108096

28 35 0.107025

29 35 0.105532

30 35 0.103622

31 35 0.101304

32 35 0.0985854

33 35 0.0954779

34 35 0.0919937

35 35 0.0881464

36 35 0.0839512

37 35 0.0794247

38 35 0.0745848

39 35 0.0694505

40 35 0.0640421

41 35 0.058381

42 35 0.0524894

43 35 0.0463908

44 35 0.040109

45 35 0.0336689

46 35 0.027096

47 35 0.0204161

48 35 0.0136557

49 35 0.00684134

50 35 0

0 36 0

1 36 0.00651574

2 36 0.0130058

3 36 0.0194444

4 36 0.0258064

5 36 0.0320665

6 36 0.0382001

7 36 0.0441829

8 36 0.0499913

9 36 0.0556024

10 36 0.0609941

11 36 0.0661451

12 36 0.0710351

13 36 0.0756446

14 36 0.0799557

15 36 0.0839512

16 36 0.0876154

17 36 0.0909338

18 36 0.0938934

19 36 0.0964824

20 36 0.0986906

21 36 0.100509

22 36 0.101931

23 36 0.102951

24 36 0.103565

25 36 0.103769

26 36 0.103565

27 36 0.102951

28 36 0.101931

29 36 0.100509

30 36 0.0986906

31 36 0.0964824

32 36 0.0938934

33 36 0.0909338

34 36 0.0876154

35 36 0.0839512

36 36 0.0799557

37 36 0.0756446

38 36 0.0710351

39 36 0.0661451

40 36 0.0609941

41 36 0.0556024

42 36 0.0499913

43 36 0.0441829

44 36 0.0382001

45 36 0.0320665

46 36 0.0258064

47 36 0.0194444

48 36 0.0130058

49 36 0.00651574

50 36 0

0 37 0

1 37 0.00616442

2 37 0.0123045

3 37 0.018396

4 37 0.024415

5 37 0.0303375

6 37 0.0361404

7 37 0.0418006

8 37 0.0472959

9 37 0.0526045

10 37 0.0577054

11 37 0.0625787

12 37 0.067205

13 37 0.071566

14 37 0.0756446

15 37 0.0794247

16 37 0.0828914

17 37 0.0860309

18 37 0.0888308

19 37 0.0912802

20 37 0.0933694

21 37 0.09509

22 37 0.0964354

23 37 0.0974002

24 37 0.0979806

25 37 0.0981744

26 37 0.0979806

27 37 0.0974002

28 37 0.0964354

29 37 0.09509

30 37 0.0933694

31 37 0.0912802

32 37 0.0888308

33 37 0.0860309

34 37 0.0828914

35 37 0.0794247

36 37 0.0756446

37 37 0.071566

38 37 0.067205

39 37 0.0625787

40 37 0.0577054

41 37 0.0526045

42 37 0.0472959

43 37 0.0418006

44 37 0.0361404

45 37 0.0303375

46 37 0.024415

47 37 0.018396

48 37 0.0123045

49 37 0.00616442

50 37 0

0 38 0

1 38 0.00578878

2 38 0.0115547

3 38 0.017275

4 38 0.0229272

5 38 0.0284889

6 38 0.0339381

7 38 0.0392534

8 38 0.0444138

9 38 0.0493989

10 38 0.054189

11 38 0.0587653

12 38 0.0631097

13 38 0.067205

14 38 0.0710351

15 38 0.0745848

16 38 0.0778402

17 38 0.0807883

18 38 0.0834177

19 38 0.0857178

20 38 0.0876797

21 38 0.0892955

22 38 0.0905589

23 38 0.0914649

24 38 0.0920099

25 38 0.0921919

26 38 0.0920099

27 38 0.0914649

28 38 0.0905589

29 38 0.0892955

30 38 0.0876797

31 38 0.0857178

32 38 0.0834177

33 38 0.0807883

34 38 0.0778402

35 38 0.0745848

36 38 0.0710351

37 38 0.067205

38 38 0.0631097

39 38 0.0587653

40 38 0.054189

41 38 0.0493989

42 38 0.0444138

43 38 0.0392534

44 38 0.0339381

45 38 0.0284889

46 38 0.0229272

47 38 0.017275

48 38 0.0115547

49 38 0.00578878

50 38 0

0 39 0

1 39 0.00539029

2 39 0.0107593

3 39 0.0160858

4 39 0.0213489

5 39 0.0265277

6 39 0.0316018

7 39 0.0365512

8 39 0.0413564

9 39 0.0459983

10 39 0.0504587

11 39 0.05472

12 39 0.0587653

13 39 0.0625787

14 39 0.0661451

15 39 0.0694505

16 39 0.0724818

17 39 0.075227

18 39 0.0776754

19 39 0.0798172

20 39 0.0816439

21 39 0.0831485

22 39 0.084325

23 39 0.0851686

24 39 0.0856761

25 39 0.0858455

26 39 0.0856761

27 39 0.0851686

28 39 0.084325

29 39 0.0831485

30 39 0.0816439

31 39 0.0798172

32 39 0.0776754

33 39 0.075227

34 39 0.0724818

35 39 0.0694505

36 39 0.0661451

37 39 0.0625787

38 39 0.0587653

39 39 0.05472

40 39 0.0504587

41 39 0.0459983

42 39 0.0413564

43 39 0.0365512

44 39 0.0316018

45 39 0.0265277

46 39 0.0213489

47 39 0.0160858

48 39 0.0107593

49 39 0.00539029

50 39 0

0 40 0

1 40 0.00497052

2 40 0.00992143

3 40 0.0148332

4 40 0.0196864

5 40 0.0244619

6 40 0.0291409

7 40 0.0337049

8 40 0.0381358

9 40 0.0424163

10 40 0.0465293

11 40 0.0504587

12 40 0.054189

13 40 0.0577054

14 40 0.0609941

15 40 0.0640421

16 40 0.0668373

17 40 0.0693688

18 40 0.0716265

19 40 0.0736015

20 40 0.075286

21 40 0.0766734

22 40 0.0777582

23 40 0.0785362

24 40 0.0790042

25 40 0.0791604

26 40 0.0790042

27 40 0.0785362

28 40 0.0777582

29 40 0.0766734

30 40 0.075286

31 40 0.0736015

32 40 0.0716265

33 40 0.0693688

34 40 0.0668373

35 40 0.0640421

36 40 0.0609941

37 40 0.0577054

38 40 0.054189

39 40 0.0504587

40 40 0.0465293

41 40 0.0424163

42 40 0.0381358

43 40 0.0337049

44 40 0.0291409

45 40 0.0244619

46 40 0.0196864

47 40 0.0148332

48 40 0.00992143

49 40 0.00497052

50 40 0

0 41 0

1 41 0.00453114

2 41 0.0090444

3 41 0.013522

4 41 0.0179462

5 41 0.0222995

6 41 0.0265649

7 41 0.0307254

8 41 0.0347647

9 41 0.0386668

10 41 0.0424163

11 41 0.0459983

12 41 0.0493989

13 41 0.0526045

14 41 0.0556024

15 41 0.058381

16 41 0.0609291

17 41 0.0632368

18 41 0.0652949

19 41 0.0670953

20 41 0.068631

21 41 0.0698957

22 41 0.0708847

23 41 0.0715938

24 41 0.0720205

25 41 0.0721629

26 41 0.0720205

27 41 0.0715938

28 41 0.0708847

29 41 0.0698957

30 41 0.068631

31 41 0.0670953

32 41 0.0652949

33 41 0.0632368

34 41 0.0609291

35 41 0.058381

36 41 0.0556024

37 41 0.0526045

38 41 0.0493989

39 41 0.0459983

40 41 0.0424163

41 41 0.0386668

42 41 0.0347647

43 41 0.0307254

44 41 0.0265649

45 41 0.0222995

46 41 0.0179462

47 41 0.013522

48 41 0.0090444

49 41 0.00453114

50 41 0

0 42 0

1 42 0.00407388

2 42 0.00813169

3 42 0.0121574

4 42 0.0161351

5 42 0.0200492

6 42 0.0238841

7 42 0.0276248

8 42 0.0312564

9 42 0.0347647

10 42 0.0381358

11 42 0.0413564

12 42 0.0444138

13 42 0.0472959

14 42 0.0499913

15 42 0.0524894

16 42 0.0547804

17 42 0.0568552

18 42 0.0587056

19 42 0.0603244

20 42 0.061705

21 42 0.0628422

22 42 0.0637313

23 42 0.0643689

24 42 0.0647525

25 42 0.0648805

26 42 0.0647525

27 42 0.0643689

28 42 0.0637313

29 42 0.0628422

30 42 0.061705

31 42 0.0603244

32 42 0.0587056

33 42 0.0568552

34 42 0.0547804

35 42 0.0524894

36 42 0.0499913

37 42 0.0472959

38 42 0.0444138

39 42 0.0413564

40 42 0.0381358

41 42 0.0347647

42 42 0.0312564

43 42 0.0276248

44 42 0.0238841

45 42 0.0200492

46 42 0.0161351

47 42 0.0121574

48 42 0.00813169

49 42 0.00407388

50 42 0

0 43 0

1 43 0.00360054

2 43 0.00718687

3 43 0.0107448

4 43 0.0142604

5 43 0.0177197

6 43 0.021109

7 43 0.0244151

8 43 0.0276248

9 43 0.0307254

10 43 0.0337049

11 43 0.0365512

12 43 0.0392534

13 43 0.0418006

14 43 0.0441829

15 43 0.0463908

16 43 0.0484156

17 43 0.0502493

18 43 0.0518847

19 43 0.0533154

20 43 0.0545356

21 43 0.0555406

22 43 0.0563264

23 43 0.05689

24 43 0.057229

25 43 0.0573421

26 43 0.057229

27 43 0.05689

28 43 0.0563264

29 43 0.0555406

30 43 0.0545356

31 43 0.0533154

32 43 0.0518847

33 43 0.0502493

34 43 0.0484156

35 43 0.0463908

36 43 0.0441829

37 43 0.0418006

38 43 0.0392534

39 43 0.0365512

40 43 0.0337049

41 43 0.0307254

42 43 0.0276248

43 43 0.0244151

44 43 0.021109

45 43 0.0177197

46 43 0.0142604

47 43 0.0107448

48 43 0.00718687

49 43 0.00360054

50 43 0

0 44 0

1 44 0.00311299

2 44 0.0062137

3 44 0.00928988

4 44 0.0123294

5 44 0.0153203

6 44 0.0182507

7 44 0.021109

8 44 0.0238841

9 44 0.0265649

10 44 0.0291409

11 44 0.0316018

12 44 0.0339381

13 44 0.0361404

14 44 0.0382001

15 44 0.040109

16 44 0.0418596

17 44 0.043445

18 44 0.044859

19 44 0.0460959

20 44 0.0471509

21 44 0.0480199

22 44 0.0486993

23 44 0.0491865

24 44 0.0494796

25 44 0.0495774

26 44 0.0494796

27 44 0.0491865

28 44 0.0486993

29 44 0.0480199

30 44 0.0471509

31 44 0.0460959

32 44 0.044859

33 44 0.043445

34 44 0.0418596

35 44 0.040109

36 44 0.0382001

37 44 0.0361404

38 44 0.0339381

39 44 0.0316018

40 44 0.0291409

41 44 0.0265649

42 44 0.0238841

43 44 0.021109

44 44 0.0182507

45 44 0.0153203

46 44 0.0123294

47 44 0.00928988

48 44 0.0062137

49 44 0.00311299

50 44 0

0 45 0

1 45 0.00261316

2 45 0.005216

3 45 0.00779826

4 45 0.0103497

5 45 0.0128604

6 45 0.0153203

7 45 0.0177197

8 45 0.0200492

9 45 0.0222995

10 45 0.0244619

11 45 0.0265277

12 45 0.0284889

13 45 0.0303375

14 45 0.0320665

15 45 0.0336689

16 45 0.0351385

17 45 0.0364693

18 45 0.0376563

19 45 0.0386946

20 45 0.0395802

21 45 0.0403096

22 45 0.0408799

23 45 0.0412889

24 45 0.041535

25 45 0.0416171

26 45 0.041535

27 45 0.0412889

28 45 0.0408799

29 45 0.0403096

30 45 0.0395802

31 45 0.0386946

32 45 0.0376563

33 45 0.0364693

34 45 0.0351385

35 45 0.0336689

36 45 0.0320665

37 45 0.0303375

38 45 0.0284889

39 45 0.0265277

40 45 0.0244619

41 45 0.0222995

42 45 0.0200492

43 45 0.0177197

44 45 0.0153203

45 45 0.0128604

46 45 0.0103497

47 45 0.00779826

48 45 0.005216

49 45 0.00261316

50 45 0

0 46 0

1 46 0.00210301

2 46 0.00419772

3 46 0.00627587

4 46 0.00832924

5 46 0.0103497

6 46 0.0123294

7 46 0.0142604

8 46 0.0161351

9 46 0.0179462

10 46 0.0196864

11 46 0.0213489

12 46 0.0229272

13 46 0.024415

14 46 0.0258064

15 46 0.027096

16 46 0.0282786

17 46 0.0293497

18 46 0.0303049

19 46 0.0311405

20 46 0.0318532

21 46 0.0324403

22 46 0.0328992

23 46 0.0332284

24 46 0.0334264

25 46 0.0334925

26 46 0.0334264

27 46 0.0332284

28 46 0.0328992

29 46 0.0324403

30 46 0.0318532

31 46 0.0311405

32 46 0.0303049

33 46 0.0293497

34 46 0.0282786

35 46 0.027096

36 46 0.0258064

37 46 0.024415

38 46 0.0229272

39 46 0.0213489

40 46 0.0196864

41 46 0.0179462

42 46 0.0161351

43 46 0.0142604

44 46 0.0123294

45 46 0.0103497

46 46 0.00832924

47 46 0.00627587

48 46 0.00419772

49 46 0.00210301

50 46 0

0 47 0

1 47 0.00158456

2 47 0.00316287

3 47 0.0047287

4 47 0.00627587

5 47 0.00779826

6 47 0.00928988

7 47 0.0107448

8 47 0.0121574

9 47 0.013522

10 47 0.0148332

11 47 0.0160858

12 47 0.017275

13 47 0.018396

14 47 0.0194444

15 47 0.0204161

16 47 0.0213072

17 47 0.0221142

18 47 0.022834

19 47 0.0234636

20 47 0.0240006

21 47 0.0244429

22 47 0.0247887

23 47 0.0250367

24 47 0.0251859

25 47 0.0252357

26 47 0.0251859

27 47 0.0250367

28 47 0.0247887

29 47 0.0244429

30 47 0.0240006

31 47 0.0234636

32 47 0.022834

33 47 0.0221142

34 47 0.0213072

35 47 0.0204161

36 47 0.0194444

37 47 0.018396

38 47 0.017275

39 47 0.0160858

40 47 0.0148332

41 47 0.013522

42 47 0.0121574

43 47 0.0107448

44 47 0.00928988

45 47 0.00779826

46 47 0.00627587

47 47 0.0047287

48 47 0.00316287

49 47 0.00158456

50 47 0

0 48 0

1 48 0.00105986

2 48 0.00211554

3 48 0.00316287

4 48 0.00419772

5 48 0.005216

6 48 0.0062137

7 48 0.00718687

8 48 0.00813169

9 48 0.0090444

10 48 0.00992143

11 48 0.0107593

12 48 0.0115547

13 48 0.0123045

14 48 0.0130058

15 48 0.0136557

16 48 0.0142517

17 48 0.0147915

18 48 0.0152729

19 48 0.015694

20 48 0.0160532

21 48 0.016349

22 48 0.0165804

23 48 0.0167462

24 48 0.016846

25 48 0.0168793

26 48 0.016846

27 48 0.0167462

28 48 0.0165804

29 48 0.016349

30 48 0.0160532

31 48 0.015694

32 48 0.0152729

33 48 0.0147915

34 48 0.0142517

35 48 0.0136557

36 48 0.0130058

37 48 0.0123045

38 48 0.0115547

39 48 0.0107593

40 48 0.00992143

41 48 0.0090444

42 48 0.00813169

43 48 0.00718687

44 48 0.0062137

45 48 0.005216

46 48 0.00419772

47 48 0.00316287

48 48 0.00211554

49 48 0.00105986

50 48 0

0 49 0

1 49 0.000530979

2 49 0.00105986

3 49 0.00158456

4 49 0.00210301

5 49 0.00261316

6 49 0.00311299

7 49 0.00360054

8 49 0.00407388

9 49 0.00453114

10 49 0.00497052

11 49 0.00539029

12 49 0.00578878

13 49 0.00616442

14 49 0.00651574

15 49 0.00684134

16 49 0.00713994

17 49 0.00741036

18 49 0.00765154

19 49 0.00786252

20 49 0.00804247

21 49 0.00819069

22 49 0.00830657

23 49 0.00838968

24 49 0.00843967

25 49 0.00845636

26 49 0.00843967

27 49 0.00838968

28 49 0.00830657

29 49 0.00819069

30 49 0.00804247

31 49 0.00786252

32 49 0.00765154

33 49 0.00741036

34 49 0.00713994

35 49 0.00684134

36 49 0.00651574

