0 1 0

1 1 0.00342046

2 1 0.00682742

3 1 0.0102074

4 1 0.0135472

5 1 0.0168334

6 1 0.0200533

7 1 0.0231939

8 1 0.0262431

9 1 0.0291887

10 1 0.0320191

11 1 0.0347231

12 1 0.0372901

13 1 0.0397099

14 1 0.041973

15 1 0.0440705

16 1 0.045994

17 1 0.047736

18 1 0.0492897

19 1 0.0506487

20 1 0.051808

21 1 0.0527627

22 1 0.0535092

23 1 0.0540446

24 1 0.0543666

25 1 0.0544741

26 1 0.0543666

27 1 0.0540446

28 1 0.0535092

29 1 0.0527627

30 1 0.051808

31 1 0.0506487

32 1 0.0492897

33 1 0.047736

34 1 0.045994

35 1 0.0440705

36 1 0.041973

37 1 0.0397099

38 1 0.0372901

39 1 0.0347231

40 1 0.0320191

41 1 0.0291887

42 1 0.0262431

43 1 0.0231939

44 1 0.0200533

45 1 0.0168334

46 1 0.0135472

47 1 0.0102074

48 1 0.00682742

49 1 0.00342046

50 1 0

0 2 0

1 2 0.00682742

2 2 0.0136279

3 2 0.0203746

4 2 0.0270409

5 2 0.0336004

6 2 0.0400274

7 2 0.0462964

8 2 0.0523826

9 2 0.0582622

10 2 0.0639118

11 2 0.0693092

12 2 0.074433

13 2 0.0792631

14 2 0.0837804

15 2 0.087967

16 2 0.0918065

17 2 0.0952837

18 2 0.0983848

19 2 0.101098

20 2 0.103411

21 2 0.105317

22 2 0.106807

23 2 0.107876

24 2 0.108519

25 2 0.108733

26 2 0.108519

27 2 0.107876

28 2 0.106807

29 2 0.105317

30 2 0.103411

31 2 0.101098

32 2 0.0983848

33 2 0.0952837

34 2 0.0918065

35 2 0.087967

36 2 0.0837804

37 2 0.0792631

38 2 0.074433

39 2 0.0693092

40 2 0.0639118

41 2 0.0582622

42 2 0.0523826

43 2 0.0462964

44 2 0.0400274

45 2 0.0336004

46 2 0.0270409

47 2 0.0203746

48 2 0.0136279

49 2 0.00682742

50 2 0

0 3 0

1 3 0.0102074

2 3 0.0203746

3 3 0.0304613

4 3 0.0404278

5 3 0.0502348

6 3 0.0598435

7 3 0.0692161

8 3 0.0783154

9 3 0.0871057

10 3 0.0955523

11 3 0.103622

12 3 0.111282

13 3 0.118504

14 3 0.125257

15 3 0.131516

16 3 0.137257

17 3 0.142455

18 3 0.147092

19 3 0.151147

20 3 0.154607

21 3 0.157456

22 3 0.159684

23 3 0.161281

24 3 0.162242

25 3 0.162563

26 3 0.162242

27 3 0.161281

28 3 0.159684

29 3 0.157456

30 3 0.154607

31 3 0.151147

32 3 0.147092

33 3 0.142455

34 3 0.137257

35 3 0.131516

36 3 0.125257

37 3 0.118504

38 3 0.111282

39 3 0.103622

40 3 0.0955523

41 3 0.0871057

42 3 0.0783154

43 3 0.0692161

44 3 0.0598435

45 3 0.0502348

46 3 0.0404278

47 3 0.0304613

48 3 0.0203746

49 3 0.0102074

50 3 0

0 4 0

1 4 0.0135472

2 4 0.0270409

3 4 0.0404278

4 4 0.0536553

5 4 0.0666709

6 4 0.0794235

7 4 0.0918626

8 4 0.103939

9 4 0.115606

10 4 0.126816

11 4 0.137525

12 4 0.147692

13 4 0.157276

14 4 0.16624

15 4 0.174547

16 4 0.182165

17 4 0.189065

18 4 0.195218

19 4 0.200601

20 4 0.205192

21 4 0.208973

22 4 0.21193

23 4 0.21405

24 4 0.215326

25 4 0.215752

26 4 0.215326

27 4 0.21405

28 4 0.21193

29 4 0.208973

30 4 0.205192

31 4 0.200601

32 4 0.195218

33 4 0.189065

34 4 0.182165

35 4 0.174547

36 4 0.16624

37 4 0.157276

38 4 0.147692

39 4 0.137525

40 4 0.126816

41 4 0.115606

42 4 0.103939

43 4 0.0918626

44 4 0.0794235

45 4 0.0666709

46 4 0.0536553

47 4 0.0404278

48 4 0.0270409

49 4 0.0135472

50 4 0

0 5 0

1 5 0.0168334

2 5 0.0336004

3 5 0.0502348

4 5 0.0666709

5 5 0.082844

6 5 0.09869

7 5 0.114147

8 5 0.129153

9 5 0.143649

10 5 0.157579

11 5 0.170886

12 5 0.183519

13 5 0.195428

14 5 0.206566

15 5 0.216888

16 5 0.226355

17 5 0.234928

18 5 0.242574

19 5 0.249263

20 5 0.254967

21 5 0.259666

22 5 0.26334

23 5 0.265975

24 5 0.26756

25 5 0.268089

26 5 0.26756

27 5 0.265975

28 5 0.26334

29 5 0.259666

30 5 0.254967

31 5 0.249263

32 5 0.242574

33 5 0.234928

34 5 0.226355

35 5 0.216888

36 5 0.206566

37 5 0.195428

38 5 0.183519

39 5 0.170886

40 5 0.157579

41 5 0.143649

42 5 0.129153

43 5 0.114147

44 5 0.09869

45 5 0.082844

46 5 0.0666709

47 5 0.0502348

48 5 0.0336004

49 5 0.0168334

50 5 0

0 6 0

1 6 0.0200533

2 6 0.0400274

3 6 0.0598435

4 6 0.0794235

5 6 0.09869

6 6 0.117567

7 6 0.13598

8 6 0.153857

9 6 0.171126

10 6 0.18772

11 6 0.203573

12 6 0.218622

13 6 0.232809

14 6 0.246077

15 6 0.258374

16 6 0.269651

17 6 0.279864

18 6 0.288972

19 6 0.29694

20 6 0.303737

21 6 0.309334

22 6 0.313711

23 6 0.316849

24 6 0.318737

25 6 0.319368

26 6 0.318737

27 6 0.316849

28 6 0.313711

29 6 0.309334

30 6 0.303737

31 6 0.29694

32 6 0.288972

33 6 0.279864

34 6 0.269651

35 6 0.258374

36 6 0.246077

37 6 0.232809

38 6 0.218622

39 6 0.203573

40 6 0.18772

41 6 0.171126

42 6 0.153857

43 6 0.13598

44 6 0.117567

45 6 0.09869

46 6 0.0794235

47 6 0.0598435

48 6 0.0400274

49 6 0.0200533

50 6 0

0 7 0

1 7 0.0231939

2 7 0.0462964

3 7 0.0692161

4 7 0.0918626

5 7 0.114147

6 7 0.13598

7 7 0.157277

8 7 0.177953

9 7 0.197927

10 7 0.21712

11 7 0.235456

12 7 0.252862

13 7 0.269271

14 7 0.284617

15 7 0.29884

16 7 0.311883

17 7 0.323696

18 7 0.334231

19 7 0.343447

20 7 0.351307

21 7 0.357781

22 7 0.362843

23 7 0.366473

24 7 0.368657

25 7 0.369386

26 7 0.368657

27 7 0.366473

28 7 0.362843

29 7 0.357781

30 7 0.351307

31 7 0.343447

32 7 0.334231

33 7 0.323696

34 7 0.311883

35 7 0.29884

36 7 0.284617

37 7 0.269271

38 7 0.252862

39 7 0.235456

40 7 0.21712

41 7 0.197927

42 7 0.177953

43 7 0.157277

44 7 0.13598

45 7 0.114147

46 7 0.0918626

47 7 0.0692161

48 7 0.0462964

49 7 0.0231939

50 7 0

0 8 0

1 8 0.0262431

2 8 0.0523826

3 8 0.0783154

4 8 0.103939

5 8 0.129153

6 8 0.153857

7 8 0.177953

8 8 0.201347

9 8 0.223947

10 8 0.245663

11 8 0.266409

12 8 0.286104

13 8 0.30467

14 8 0.322034

15 8 0.338126

16 8 0.352884

17 8 0.36625

18 8 0.37817

19 8 0.388597

20 8 0.397491

21 8 0.404816

22 8 0.410544

23 8 0.414651

24 8 0.417122

25 8 0.417947

26 8 0.417122

27 8 0.414651

28 8 0.410544

29 8 0.404816

30 8 0.397491

31 8 0.388597

32 8 0.37817

33 8 0.36625

34 8 0.352884

35 8 0.338126

36 8 0.322034

37 8 0.30467

38 8 0.286104

39 8 0.266409

40 8 0.245663

41 8 0.223947

42 8 0.201347

43 8 0.177953

44 8 0.153857

45 8 0.129153

46 8 0.103939

47 8 0.0783154

48 8 0.0523826

49 8 0.0262431

50 8 0

0 9 0

1 9 0.0291887

2 9 0.0582622

3 9 0.0871057

4 9 0.115606

5 9 0.143649

6 9 0.171126

7 9 0.197927

8 9 0.223947

9 9 0.249083

10 9 0.273237

11 9 0.296312

12 9 0.318217

13 9 0.338867

14 9 0.358179

15 9 0.376078

16 9 0.392493

17 9 0.407358

18 9 0.420616

19 9 0.432214

20 9 0.442106

21 9 0.450254

22 9 0.456624

23 9 0.461193

24 9 0.463941

25 9 0.464858

26 9 0.463941

27 9 0.461193

28 9 0.456624

29 9 0.450254

30 9 0.442106

31 9 0.432214

32 9 0.420616

33 9 0.407358

34 9 0.392493

35 9 0.376078

36 9 0.358179

37 9 0.338867

38 9 0.318217

39 9 0.296312

40 9 0.273237

41 9 0.249083

42 9 0.223947

43 9 0.197927

44 9 0.171126

45 9 0.143649

46 9 0.115606

47 9 0.0871057

48 9 0.0582622

49 9 0.0291887

50 9 0

0 10 0

1 10 0.0320191

2 10 0.0639118

3 10 0.0955523

4 10 0.126816

5 10 0.157579

6 10 0.18772

7 10 0.21712

8 10 0.245663

9 10 0.273237

10 10 0.299732

11 10 0.325045

12 10 0.349074

13 10 0.371727

14 10 0.392912

15 10 0.412546

16 10 0.430552

17 10 0.446859

18 10 0.461403

19 10 0.474126

20 10 0.484977

21 10 0.493914

22 10 0.500903

23 10 0.505914

24 10 0.508929

25 10 0.509935

26 10 0.508929

27 10 0.505914

28 10 0.500903

29 10 0.493914

30 10 0.484977

31 10 0.474126

32 10 0.461403

33 10 0.446859

34 10 0.430552

35 10 0.412546

36 10 0.392912

37 10 0.371727

38 10 0.349074

39 10 0.325045

40 10 0.299732

41 10 0.273237

42 10 0.245663

43 10 0.21712

44 10 0.18772

45 10 0.157579

46 10 0.126816

47 10 0.0955523

48 10 0.0639118

49 10 0.0320191

50 10 0

0 11 0

1 11 0.0347231

2 11 0.0693092

3 11 0.103622

4 11 0.137525

5 11 0.170886

6 11 0.203573

7 11 0.235456

8 11 0.266409

9 11 0.296312

10 11 0.325045

11 11 0.352495

12 11 0.378554

13 11 0.403119

14 11 0.426093

15 11 0.447386

16 11 0.466913

17 11 0.484597

18 11 0.500369

19 11 0.514166

20 11 0.525933

21 11 0.535626

22 11 0.543204

23 11 0.548639

24 11 0.551908

25 11 0.552999

26 11 0.551908

27 11 0.548639

28 11 0.543204

29 11 0.535626

30 11 0.525933

31 11 0.514166

32 11 0.500369

33 11 0.484597

34 11 0.466913

35 11 0.447386

36 11 0.426093

37 11 0.403119

38 11 0.378554

39 11 0.352495

40 11 0.325045

41 11 0.296312

42 11 0.266409

43 11 0.235456

44 11 0.203573

45 11 0.170886

46 11 0.137525

47 11 0.103622

48 11 0.0693092

49 11 0.0347231

50 11 0

0 12 0

1 12 0.0372901

2 12 0.074433

3 12 0.111282

4 12 0.147692

5 12 0.183519

6 12 0.218622

7 12 0.252862

8 12 0.286104

9 12 0.318217

10 12 0.349074

11 12 0.378554

12 12 0.40654

13 12 0.432921

14 12 0.457593

15 12 0.48046

16 12 0.50143

17 12 0.520422

18 12 0.53736

19 12 0.552177

20 12 0.564814

21 12 0.575223

22 12 0.583362

23 12 0.589198

24 12 0.592709

25 12 0.593881

26 12 0.592709

27 12 0.589198

28 12 0.583362

29 12 0.575223

30 12 0.564814

31 12 0.552177

32 12 0.53736

33 12 0.520422

34 12 0.50143

35 12 0.48046

36 12 0.457593

37 12 0.432921

38 12 0.40654

39 12 0.378554

40 12 0.349074

41 12 0.318217

42 12 0.286104

43 12 0.252862

44 12 0.218622

45 12 0.183519

46 12 0.147692

47 12 0.111282

48 12 0.074433

49 12 0.0372901

50 12 0

0 13 0

1 13 0.0397099

2 13 0.0792631

3 13 0.118504

4 13 0.157276

5 13 0.195428

6 13 0.232809

7 13 0.269271

8 13 0.30467

9 13 0.338867

10 13 0.371727

11 13 0.403119

12 13 0.432921

13 13 0.461014

14 13 0.487287

15 13 0.511638

16 13 0.533969

17 13 0.554193

18 13 0.57223

19 13 0.588008

20 13 0.601466

21 13 0.61255

22 13 0.621217

23 13 0.627432

24 13 0.631171

25 13 0.632419

26 13 0.631171

27 13 0.627432

28 13 0.621217

29 13 0.61255

30 13 0.601466

31 13 0.588008

32 13 0.57223

33 13 0.554193

34 13 0.533969

35 13 0.511638

36 13 0.487287

37 13 0.461014

38 13 0.432921

39 13 0.403119

40 13 0.371727

41 13 0.338867

42 13 0.30467

43 13 0.269271

44 13 0.232809

45 13 0.195428

46 13 0.157276

47 13 0.118504

48 13 0.0792631

49 13 0.0397099

50 13 0

0 14 0

1 14 0.041973

2 14 0.0837804

3 14 0.125257

4 14 0.16624

5 14 0.206566

6 14 0.246077

7 14 0.284617

8 14 0.322034

9 14 0.358179

10 14 0.392912

11 14 0.426093

12 14 0.457593

13 14 0.487287

14 14 0.515058

15 14 0.540796

16 14 0.5644

17 14 0.585777

18 14 0.604842

19 14 0.621519

20 14 0.635744

21 14 0.64746

22 14 0.656621

23 14 0.66319

24 14 0.667142

25 14 0.668461

26 14 0.667142

27 14 0.66319

28 14 0.656621

29 14 0.64746

30 14 0.635744

31 14 0.621519

32 14 0.604842

33 14 0.585777

34 14 0.5644

35 14 0.540796

36 14 0.515058

37 14 0.487287

38 14 0.457593

39 14 0.426093

40 14 0.392912

41 14 0.358179

42 14 0.322034

43 14 0.284617

44 14 0.246077

45 14 0.206566

46 14 0.16624

47 14 0.125257

48 14 0.0837804

49 14 0.041973

50 14 0

0 15 0

1 15 0.0440705

2 15 0.087967

3 15 0.131516

4 15 0.174547

5 15 0.216888

6 15 0.258374

7 15 0.29884

8 15 0.338126

9 15 0.376078

10 15 0.412546

11 15 0.447386

12 15 0.48046

13 15 0.511638

14 15 0.540796

15 15 0.567821

16 15 0.592604

17 15 0.615049

18 15 0.635067

19 15 0.652578

20 15 0.667514

21 15 0.679815

22 15 0.689433

23 15 0.696331

24 15 0.70048

25 15 0.701865

26 15 0.70048

27 15 0.696331

28 15 0.689433

29 15 0.679815

30 15 0.667514

31 15 0.652578

32 15 0.635067

33 15 0.615049

34 15 0.592604

35 15 0.567821

36 15 0.540796

37 15 0.511638

38 15 0.48046

39 15 0.447386

40 15 0.412546

41 15 0.376078

42 15 0.338126

43 15 0.29884

44 15 0.258374

45 15 0.216888

46 15 0.174547

47 15 0.131516

48 15 0.087967

49 15 0.0440705

50 15 0

0 16 0

1 16 0.045994

2 16 0.0918065

3 16 0.137257

4 16 0.182165

5 16 0.226355

6 16 0.269651

7 16 0.311883

8 16 0.352884

9 16 0.392493

10 16 0.430552

11 16 0.466913

12 16 0.50143

13 16 0.533969

14 16 0.5644

15 16 0.592604

16 16 0.61847

17 16 0.641894

18 16 0.662785

19 16 0.681061

20 16 0.696648

21 16 0.709487

22 16 0.719525

23 16 0.726723

24 16 0.731054

25 16 0.732499

26 16 0.731054

27 16 0.726723

28 16 0.719525

29 16 0.709487

30 16 0.696648

31 16 0.681061

32 16 0.662785

33 16 0.641894

34 16 0.61847

35 16 0.592604

36 16 0.5644

37 16 0.533969

38 16 0.50143

39 16 0.466913

40 16 0.430552

41 16 0.392493

42 16 0.352884

43 16 0.311883

44 16 0.269651

45 16 0.226355

46 16 0.182165

47 16 0.137257

48 16 0.0918065

49 16 0.045994

50 16 0

0 17 0

1 17 0.047736

2 17 0.0952837

3 17 0.142455

4 17 0.189065

5 17 0.234928

6 17 0.279864

7 17 0.323696

8 17 0.36625

9 17 0.407358

10 17 0.446859

11 17 0.484597

12 17 0.520422

13 17 0.554193

14 17 0.585777

15 17 0.615049

16 17 0.641894

17 17 0.666206

18 17 0.687888

19 17 0.706856

20 17 0.723034

21 17 0.736358

22 17 0.746777

23 17 0.754248

24 17 0.758742

25 17 0.760243

26 17 0.758742

27 17 0.754248

28 17 0.746777

29 17 0.736358

30 17 0.723034

31 17 0.706856

32 17 0.687888

33 17 0.666206

34 17 0.641894

35 17 0.615049

36 17 0.585777

37 17 0.554193

38 17 0.520422

39 17 0.484597

40 17 0.446859

41 17 0.407358

42 17 0.36625

43 17 0.323696

44 17 0.279864

45 17 0.234928

46 17 0.189065

47 17 0.142455

48 17 0.0952837

49 17 0.047736

50 17 0

0 18 0

1 18 0.0492897

2 18 0.0983848

3 18 0.147092

4 18 0.195218

5 18 0.242574

6 18 0.288972

7 18 0.334231

8 18 0.37817

9 18 0.420616

10 18 0.461403

11 18 0.500369

12 18 0.53736

13 18 0.57223

14 18 0.604842

15 18 0.635067

16 18 0.662785

17 18 0.687888

18 18 0.710276

19 18 0.729861

20 18 0.746566

21 18 0.760324

22 18 0.771081

23 18 0.778796

24 18 0.783437

25 18 0.784986

26 18 0.783437

27 18 0.778796

28 18 0.771081

29 18 0.760324

30 18 0.746566

31 18 0.729861

32 18 0.710276

33 18 0.687888

34 18 0.662785

35 18 0.635067

36 18 0.604842

37 18 0.57223

38 18 0.53736

39 18 0.500369

40 18 0.461403

41 18 0.420616

42 18 0.37817

43 18 0.334231

44 18 0.288972

45 18 0.242574

46 18 0.195218

47 18 0.147092

48 18 0.0983848

49 18 0.0492897

50 18 0

0 19 0

1 19 0.0506487

2 19 0.101098

3 19 0.151147

4 19 0.200601

5 19 0.249263

6 19 0.29694

7 19 0.343447

8 19 0.388597

9 19 0.432214

10 19 0.474126

11 19 0.514166

12 19 0.552177

13 19 0.588008

14 19 0.621519

15 19 0.652578

16 19 0.681061

17 19 0.706856

18 19 0.729861

19 19 0.749986

20 19 0.767151

21 19 0.781289

22 19 0.792343

23 19 0.80027

24 19 0.805039

25 19 0.806631

26 19 0.805039

27 19 0.80027

28 19 0.792343

29 19 0.781289

30 19 0.767151

31 19 0.749986

32 19 0.729861

33 19 0.706856

34 19 0.681061

35 19 0.652578

36 19 0.621519

37 19 0.588008

38 19 0.552177

39 19 0.514166

40 19 0.474126

41 19 0.432214

42 19 0.388597

43 19 0.343447

44 19 0.29694

45 19 0.249263

46 19 0.200601

47 19 0.151147

48 19 0.101098

49 19 0.0506487

50 19 0

0 20 0

1 20 0.051808

2 20 0.103411

3 20 0.154607

4 20 0.205192

5 20 0.254967

6 20 0.303737

7 20 0.351307

8 20 0.397491

9 20 0.442106

10 20 0.484977

11 20 0.525933

12 20 0.564814

13 20 0.601466

14 20 0.635744

15 20 0.667514

16 20 0.696648

17 20 0.723034

18 20 0.746566

19 20 0.767151

20 20 0.784709

21 20 0.79917

22 20 0.810477

23 20 0.818586

24 20 0.823464

25 20 0.825092

26 20 0.823464

27 20 0.818586

28 20 0.810477

29 20 0.79917

30 20 0.784709

31 20 0.767151

32 20 0.746566

33 20 0.723034

34 20 0.696648

35 20 0.667514

36 20 0.635744

37 20 0.601466

38 20 0.564814

39 20 0.525933

40 20 0.484977

41 20 0.442106

42 20 0.397491

43 20 0.351307

44 20 0.303737

45 20 0.254967

46 20 0.205192

47 20 0.154607

48 20 0.103411

49 20 0.051808

50 20 0

0 21 0

1 21 0.0527627

2 21 0.105317

3 21 0.157456

4 21 0.208973

5 21 0.259666

6 21 0.309334

7 21 0.357781

8 21 0.404816

9 21 0.450254

10 21 0.493914

11 21 0.535626

12 21 0.575223

13 21 0.61255

14 21 0.64746

15 21 0.679815

16 21 0.709487

17 21 0.736358

18 21 0.760324

19 21 0.781289

20 21 0.79917

21 21 0.813898

22 21 0.825413

23 21 0.833671

24 21 0.838639

25 21 0.840297

26 21 0.838639

27 21 0.833671

28 21 0.825413

29 21 0.813898

30 21 0.79917

31 21 0.781289

32 21 0.760324

33 21 0.736358

34 21 0.709487

35 21 0.679815

36 21 0.64746

37 21 0.61255

38 21 0.575223

39 21 0.535626

40 21 0.493914

41 21 0.450254

42 21 0.404816

43 21 0.357781

44 21 0.309334

45 21 0.259666

46 21 0.208973

47 21 0.157456

48 21 0.105317

49 21 0.0527627

50 21 0

0 22 0

1 22 0.0535092

2 22 0.106807

3 22 0.159684

4 22 0.21193

5 22 0.26334

6 22 0.313711

7 22 0.362843

8 22 0.410544

9 22 0.456624

10 22 0.500903

11 22 0.543204

12 22 0.583362

13 22 0.621217

14 22 0.656621

15 22 0.689433

16 22 0.719525

17 22 0.746777

18 22 0.771081

19 22 0.792343

20 22 0.810477

21 22 0.825413

22 22 0.837092

23 22 0.845467

24 22 0.850505

25 22 0.852186

26 22 0.850505

27 22 0.845467

28 22 0.837092

29 22 0.825413

30 22 0.810477

31 22 0.792343

32 22 0.771081

33 22 0.746777

34 22 0.719525

35 22 0.689433

36 22 0.656621

37 22 0.621217

38 22 0.583362

39 22 0.543204

40 22 0.500903

41 22 0.456624

42 22 0.410544

43 22 0.362843

44 22 0.313711

45 22 0.26334

46 22 0.21193

47 22 0.159684

48 22 0.106807

49 22 0.0535092

50 22 0

0 23 0

1 23 0.0540446

2 23 0.107876

3 23 0.161281

4 23 0.21405

5 23 0.265975

6 23 0.316849

7 23 0.366473

8 23 0.414651

9 23 0.461193

10 23 0.505914

11 23 0.548639

12 23 0.589198

13 23 0.627432

14 23 0.66319

15 23 0.696331

16 23 0.726723

17 23 0.754248

18 23 0.778796

19 23 0.80027

20 23 0.818586

21 23 0.833671

22 23 0.845467

23 23 0.853925

24 23 0.859014

25 23 0.860712

26 23 0.859014

27 23 0.853925

28 23 0.845467

29 23 0.833671

30 23 0.818586

31 23 0.80027

32 23 0.778796

33 23 0.754248

34 23 0.726723

35 23 0.696331

36 23 0.66319

37 23 0.627432

38 23 0.589198

39 23 0.548639

40 23 0.505914

41 23 0.461193

42 23 0.414651

43 23 0.366473

44 23 0.316849

45 23 0.265975

46 23 0.21405

47 23 0.161281

48 23 0.107876

49 23 0.0540446

50 23 0

0 24 0

1 24 0.0543666

2 24 0.108519

3 24 0.162242

4 24 0.215326

5 24 0.26756

6 24 0.318737

7 24 0.368657

8 24 0.417122

9 24 0.463941

10 24 0.508929

11 24 0.551908

12 24 0.592709

13 24 0.631171

14 24 0.667142

15 24 0.70048

16 24 0.731054

17 24 0.758742

18 24 0.783437

19 24 0.805039

20 24 0.823464

21 24 0.838639

22 24 0.850505

23 24 0.859014

24 24 0.864133

25 24 0.865841

26 24 0.864133

27 24 0.859014

28 24 0.850505

29 24 0.838639

30 24 0.823464

31 24 0.805039

32 24 0.783437

33 24 0.758742

34 24 0.731054

35 24 0.70048

36 24 0.667142

37 24 0.631171

38 24 0.592709

39 24 0.551908

40 24 0.508929

41 24 0.463941

42 24 0.417122

43 24 0.368657

44 24 0.318737

45 24 0.26756

46 24 0.215326

47 24 0.162242

48 24 0.108519

49 24 0.0543666

50 24 0

0 25 0

1 25 0.0544741

2 25 0.108733

3 25 0.162563

4 25 0.215752

5 25 0.268089

6 25 0.319368

7 25 0.369386

8 25 0.417947

9 25 0.464858

10 25 0.509935

11 25 0.552999

12 25 0.593881

13 25 0.632419

14 25 0.668461

15 25 0.701865

16 25 0.732499

17 25 0.760243

18 25 0.784986

19 25 0.806631

20 25 0.825092

21 25 0.840297

22 25 0.852186

23 25 0.860712

24 25 0.865841

25 25 0.867553

26 25 0.865841

27 25 0.860712

28 25 0.852186

29 25 0.840297

30 25 0.825092

31 25 0.806631

32 25 0.784986

33 25 0.760243

34 25 0.732499

35 25 0.701865

36 25 0.668461

37 25 0.632419

38 25 0.593881

39 25 0.552999

40 25 0.509935

41 25 0.464858

42 25 0.417947

43 25 0.369386

44 25 0.319368

45 25 0.268089

46 25 0.215752

47 25 0.162563

48 25 0.108733

49 25 0.0544741

50 25 0

0 26 0

1 26 0.0543666

2 26 0.108519

3 26 0.162242

4 26 0.215326

5 26 0.26756

6 26 0.318737

7 26 0.368657

8 26 0.417122

9 26 0.463941

10 26 0.508929

11 26 0.551908

12 26 0.592709

13 26 0.631171

14 26 0.667142

15 26 0.70048

16 26 0.731054

17 26 0.758742

18 26 0.783437

19 26 0.805039

20 26 0.823464

21 26 0.838639

22 26 0.850505

23 26 0.859014

24 26 0.864133

25 26 0.865841

26 26 0.864133

27 26 0.859014

28 26 0.850505

29 26 0.838639

30 26 0.823464

31 26 0.805039

32 26 0.783437

33 26 0.758742

34 26 0.731054

35 26 0.70048

36 26 0.667142

37 26 0.631171

38 26 0.592709

39 26 0.551908

40 26 0.508929

41 26 0.463941

42 26 0.417122

43 26 0.368657

44 26 0.318737

45 26 0.26756

46 26 0.215326

47 26 0.162242

48 26 0.108519

49 26 0.0543666

50 26 0

0 27 0

1 27 0.0540446

2 27 0.107876

3 27 0.161281

4 27 0.21405

5 27 0.265975

6 27 0.316849

7 27 0.366473

8 27 0.414651

9 27 0.461193

10 27 0.505914

11 27 0.548639

12 27 0.589198

13 27 0.627432

14 27 0.66319

15 27 0.696331

16 27 0.726723

17 27 0.754248

18 27 0.778796

19 27 0.80027

20 27 0.818586

21 27 0.833671

22 27 0.845467

23 27 0.853925

24 27 0.859014

25 27 0.860712

26 27 0.859014

27 27 0.853925

28 27 0.845467

29 27 0.833671

30 27 0.818586

31 27 0.80027

32 27 0.778796

33 27 0.754248

34 27 0.726723

35 27 0.696331

36 27 0.66319

37 27 0.627432

38 27 0.589198

39 27 0.548639

40 27 0.505914

41 27 0.461193

42 27 0.414651

43 27 0.366473

44 27 0.316849

45 27 0.265975

46 27 0.21405

47 27 0.161281

48 27 0.107876

49 27 0.0540446

50 27 0

0 28 0

1 28 0.0535092

2 28 0.106807

3 28 0.159684

4 28 0.21193

5 28 0.26334

6 28 0.313711

7 28 0.362843

8 28 0.410544

9 28 0.456624

10 28 0.500903

11 28 0.543204

12 28 0.583362

13 28 0.621217

14 28 0.656621

15 28 0.689433

16 28 0.719525

17 28 0.746777

18 28 0.771081

19 28 0.792343

20 28 0.810477

21 28 0.825413

22 28 0.837092

23 28 0.845467

24 28 0.850505

25 28 0.852186

26 28 0.850505

27 28 0.845467

28 28 0.837092

29 28 0.825413

30 28 0.810477

31 28 0.792343

32 28 0.771081

33 28 0.746777

34 28 0.719525

35 28 0.689433

36 28 0.656621

37 28 0.621217

38 28 0.583362

39 28 0.543204

40 28 0.500903

41 28 0.456624

42 28 0.410544

43 28 0.362843

44 28 0.313711

45 28 0.26334

46 28 0.21193

47 28 0.159684

48 28 0.106807

49 28 0.0535092

50 28 0

0 29 0

1 29 0.0527627

2 29 0.105317

3 29 0.157456

4 29 0.208973

5 29 0.259666

6 29 0.309334

7 29 0.357781

8 29 0.404816

9 29 0.450254

10 29 0.493914

11 29 0.535626

12 29 0.575223

13 29 0.61255

14 29 0.64746

15 29 0.679815

16 29 0.709487

17 29 0.736358

18 29 0.760324

19 29 0.781289

20 29 0.79917

21 29 0.813898

22 29 0.825413

23 29 0.833671

24 29 0.838639

25 29 0.840297

26 29 0.838639

27 29 0.833671

28 29 0.825413

29 29 0.813898

30 29 0.79917

31 29 0.781289

32 29 0.760324

33 29 0.736358

34 29 0.709487

35 29 0.679815

36 29 0.64746

37 29 0.61255

38 29 0.575223

39 29 0.535626

40 29 0.493914

41 29 0.450254

42 29 0.404816

43 29 0.357781

44 29 0.309334

45 29 0.259666

46 29 0.208973

47 29 0.157456

48 29 0.105317

49 29 0.0527627

50 29 0

0 30 0

1 30 0.051808

2 30 0.103411

3 30 0.154607

4 30 0.205192

5 30 0.254967

6 30 0.303737

7 30 0.351307

8 30 0.397491

9 30 0.442106

10 30 0.484977

11 30 0.525933

12 30 0.564814

13 30 0.601466

14 30 0.635744

15 30 0.667514

16 30 0.696648

17 30 0.723034

18 30 0.746566

19 30 0.767151

20 30 0.784709

21 30 0.79917

22 30 0.810477

23 30 0.818586

24 30 0.823464

25 30 0.825092

26 30 0.823464

27 30 0.818586

28 30 0.810477

29 30 0.79917

30 30 0.784709

31 30 0.767151

32 30 0.746566

33 30 0.723034

34 30 0.696648

35 30 0.667514

36 30 0.635744

37 30 0.601466

38 30 0.564814

39 30 0.525933

40 30 0.484977

41 30 0.442106

42 30 0.397491

43 30 0.351307

44 30 0.303737

45 30 0.254967

46 30 0.205192

47 30 0.154607

48 30 0.103411

49 30 0.051808

50 30 0

0 31 0

1 31 0.0506487

2 31 0.101098

3 31 0.151147

4 31 0.200601

5 31 0.249263

6 31 0.29694

7 31 0.343447

8 31 0.388597

9 31 0.432214

10 31 0.474126

11 31 0.514166

12 31 0.552177

13 31 0.588008

14 31 0.621519

15 31 0.652578

16 31 0.681061

17 31 0.706856

18 31 0.729861

19 31 0.749986

20 31 0.767151

21 31 0.781289

22 31 0.792343

23 31 0.80027

24 31 0.805039

25 31 0.806631

26 31 0.805039

27 31 0.80027

28 31 0.792343

29 31 0.781289

30 31 0.767151

31 31 0.749986

32 31 0.729861

33 31 0.706856

34 31 0.681061

35 31 0.652578

36 31 0.621519

37 31 0.588008

38 31 0.552177

39 31 0.514166

40 31 0.474126

41 31 0.432214

42 31 0.388597

43 31 0.343447

44 31 0.29694

45 31 0.249263

46 31 0.200601

47 31 0.151147

48 31 0.101098

49 31 0.0506487

50 31 0

0 32 0

1 32 0.0492897

2 32 0.0983848

3 32 0.147092

4 32 0.195218

5 32 0.242574

6 32 0.288972

7 32 0.334231

8 32 0.37817

9 32 0.420616

10 32 0.461403

11 32 0.500369

12 32 0.53736

13 32 0.57223

14 32 0.604842

15 32 0.635067

16 32 0.662785

17 32 0.687888

18 32 0.710276

19 32 0.729861

20 32 0.746566

21 32 0.760324

22 32 0.771081

23 32 0.778796

24 32 0.783437

25 32 0.784986

26 32 0.783437

27 32 0.778796

28 32 0.771081

29 32 0.760324

30 32 0.746566

31 32 0.729861

32 32 0.710276

33 32 0.687888

34 32 0.662785

35 32 0.635067

36 32 0.604842

37 32 0.57223

38 32 0.53736

39 32 0.500369

40 32 0.461403

41 32 0.420616

42 32 0.37817

43 32 0.334231

44 32 0.288972

45 32 0.242574

46 32 0.195218

47 32 0.147092

48 32 0.0983848

49 32 0.0492897

50 32 0

0 33 0

1 33 0.047736

2 33 0.0952837

3 33 0.142455

4 33 0.189065

5 33 0.234928

6 33 0.279864

7 33 0.323696

8 33 0.36625

9 33 0.407358

10 33 0.446859

11 33 0.484597

12 33 0.520422

13 33 0.554193

14 33 0.585777

15 33 0.615049

16 33 0.641894

17 33 0.666206

18 33 0.687888

19 33 0.706856

20 33 0.723034

21 33 0.736358

22 33 0.746777

23 33 0.754248

24 33 0.758742

25 33 0.760243

26 33 0.758742

27 33 0.754248

28 33 0.746777

29 33 0.736358

30 33 0.723034

31 33 0.706856

32 33 0.687888

33 33 0.666206

34 33 0.641894

35 33 0.615049

36 33 0.585777

37 33 0.554193

38 33 0.520422

39 33 0.484597

40 33 0.446859

41 33 0.407358

42 33 0.36625

43 33 0.323696

44 33 0.279864

45 33 0.234928

46 33 0.189065

47 33 0.142455

48 33 0.0952837

49 33 0.047736

50 33 0

0 34 0

1 34 0.045994

2 34 0.0918065

3 34 0.137257

4 34 0.182165

5 34 0.226355

6 34 0.269651

7 34 0.311883

8 34 0.352884

9 34 0.392493

10 34 0.430552

11 34 0.466913

12 34 0.50143

13 34 0.533969

14 34 0.5644

15 34 0.592604

16 34 0.61847

17 34 0.641894

18 34 0.662785

19 34 0.681061

20 34 0.696648

21 34 0.709487

22 34 0.719525

23 34 0.726723

24 34 0.731054

25 34 0.732499

26 34 0.731054

27 34 0.726723

28 34 0.719525

29 34 0.709487

30 34 0.696648

31 34 0.681061

32 34 0.662785

33 34 0.641894

34 34 0.61847

35 34 0.592604

36 34 0.5644

37 34 0.533969

38 34 0.50143

39 34 0.466913

40 34 0.430552

41 34 0.392493

42 34 0.352884

43 34 0.311883

44 34 0.269651

45 34 0.226355

46 34 0.182165

47 34 0.137257

48 34 0.0918065

49 34 0.045994

50 34 0

0 35 0

1 35 0.0440705

2 35 0.087967

3 35 0.131516

4 35 0.174547

5 35 0.216888

6 35 0.258374

7 35 0.29884

8 35 0.338126

9 35 0.376078

10 35 0.412546

11 35 0.447386

12 35 0.48046

13 35 0.511638

14 35 0.540796

15 35 0.567821

16 35 0.592604

17 35 0.615049

18 35 0.635067

19 35 0.652578

20 35 0.667514

21 35 0.679815

22 35 0.689433

23 35 0.696331

24 35 0.70048

25 35 0.701865

26 35 0.70048

27 35 0.696331

28 35 0.689433

29 35 0.679815

30 35 0.667514

31 35 0.652578

32 35 0.635067

33 35 0.615049

34 35 0.592604

35 35 0.567821

36 35 0.540796

37 35 0.511638

38 35 0.48046

39 35 0.447386

40 35 0.412546

41 35 0.376078

42 35 0.338126

43 35 0.29884

44 35 0.258374

45 35 0.216888

46 35 0.174547

47 35 0.131516

48 35 0.087967

49 35 0.0440705

50 35 0

0 36 0

1 36 0.041973

2 36 0.0837804

3 36 0.125257

4 36 0.16624

5 36 0.206566

6 36 0.246077

7 36 0.284617

8 36 0.322034

9 36 0.358179

10 36 0.392912

11 36 0.426093

12 36 0.457593

13 36 0.487287

14 36 0.515058

15 36 0.540796

16 36 0.5644

17 36 0.585777

18 36 0.604842

19 36 0.621519

20 36 0.635744

21 36 0.64746

22 36 0.656621

23 36 0.66319

24 36 0.667142

25 36 0.668461

26 36 0.667142

27 36 0.66319

28 36 0.656621

29 36 0.64746

30 36 0.635744

31 36 0.621519

32 36 0.604842

33 36 0.585777

34 36 0.5644

35 36 0.540796

36 36 0.515058

37 36 0.487287

38 36 0.457593

39 36 0.426093

40 36 0.392912

41 36 0.358179

42 36 0.322034

43 36 0.284617

44 36 0.246077

45 36 0.206566

46 36 0.16624

47 36 0.125257

48 36 0.0837804

49 36 0.041973

50 36 0

0 37 0

1 37 0.0397099

2 37 0.0792631

3 37 0.118504

4 37 0.157276

5 37 0.195428

6 37 0.232809

7 37 0.269271

8 37 0.30467

9 37 0.338867

10 37 0.371727

11 37 0.403119

12 37 0.432921

13 37 0.461014

14 37 0.487287

15 37 0.511638

16 37 0.533969

17 37 0.554193

18 37 0.57223

19 37 0.588008

20 37 0.601466

21 37 0.61255

22 37 0.621217

23 37 0.627432

24 37 0.631171

25 37 0.632419

26 37 0.631171

27 37 0.627432

28 37 0.621217

29 37 0.61255

30 37 0.601466

31 37 0.588008

32 37 0.57223

33 37 0.554193

34 37 0.533969

35 37 0.511638

36 37 0.487287

37 37 0.461014

38 37 0.432921

39 37 0.403119

40 37 0.371727

41 37 0.338867

42 37 0.30467

43 37 0.269271

44 37 0.232809

45 37 0.195428

46 37 0.157276

47 37 0.118504

48 37 0.0792631

49 37 0.0397099

50 37 0

0 38 0

1 38 0.0372901

2 38 0.074433

3 38 0.111282

4 38 0.147692

5 38 0.183519

6 38 0.218622

7 38 0.252862

8 38 0.286104

9 38 0.318217

10 38 0.349074

11 38 0.378554

12 38 0.40654

13 38 0.432921

14 38 0.457593

15 38 0.48046

16 38 0.50143

17 38 0.520422

18 38 0.53736

19 38 0.552177

20 38 0.564814

21 38 0.575223

22 38 0.583362

23 38 0.589198

24 38 0.592709

25 38 0.593881

26 38 0.592709

27 38 0.589198

28 38 0.583362

29 38 0.575223

30 38 0.564814

31 38 0.552177

32 38 0.53736

33 38 0.520422

34 38 0.50143

35 38 0.48046

36 38 0.457593

37 38 0.432921

38 38 0.40654

39 38 0.378554

40 38 0.349074

41 38 0.318217

42 38 0.286104

43 38 0.252862

44 38 0.218622

45 38 0.183519

46 38 0.147692

47 38 0.111282

48 38 0.074433

49 38 0.0372901

50 38 0

0 39 0

1 39 0.0347231

2 39 0.0693092

3 39 0.103622

4 39 0.137525

5 39 0.170886

6 39 0.203573

7 39 0.235456

8 39 0.266409

9 39 0.296312

10 39 0.325045

11 39 0.352495

12 39 0.378554

13 39 0.403119

14 39 0.426093

15 39 0.447386

16 39 0.466913

17 39 0.484597

18 39 0.500369

19 39 0.514166

20 39 0.525933

21 39 0.535626

22 39 0.543204

23 39 0.548639

24 39 0.551908

25 39 0.552999

26 39 0.551908

27 39 0.548639

28 39 0.543204

29 39 0.535626

30 39 0.525933

31 39 0.514166

32 39 0.500369

33 39 0.484597

34 39 0.466913

35 39 0.447386

36 39 0.426093

37 39 0.403119

38 39 0.378554

39 39 0.352495

40 39 0.325045

41 39 0.296312

42 39 0.266409

43 39 0.235456

44 39 0.203573

45 39 0.170886

46 39 0.137525

47 39 0.103622

48 39 0.0693092

49 39 0.0347231

50 39 0

0 40 0

1 40 0.0320191

2 40 0.0639118

3 40 0.0955523

4 40 0.126816

5 40 0.157579

6 40 0.18772

7 40 0.21712

8 40 0.245663

9 40 0.273237

10 40 0.299732

11 40 0.325045

12 40 0.349074

13 40 0.371727

14 40 0.392912

15 40 0.412546

16 40 0.430552

17 40 0.446859

18 40 0.461403

19 40 0.474126

20 40 0.484977

21 40 0.493914

22 40 0.500903

23 40 0.505914

24 40 0.508929

25 40 0.509935

26 40 0.508929

27 40 0.505914

28 40 0.500903

29 40 0.493914

30 40 0.484977

31 40 0.474126

32 40 0.461403

33 40 0.446859

34 40 0.430552

35 40 0.412546

36 40 0.392912

37 40 0.371727

38 40 0.349074

39 40 0.325045

40 40 0.299732

41 40 0.273237

42 40 0.245663

43 40 0.21712

44 40 0.18772

45 40 0.157579

46 40 0.126816

47 40 0.0955523

48 40 0.0639118

49 40 0.0320191

50 40 0

0 41 0

1 41 0.0291887

2 41 0.0582622

3 41 0.0871057

4 41 0.115606

5 41 0.143649

6 41 0.171126

7 41 0.197927

8 41 0.223947

9 41 0.249083

10 41 0.273237

11 41 0.296312

12 41 0.318217

13 41 0.338867

14 41 0.358179

15 41 0.376078

16 41 0.392493

17 41 0.407358

18 41 0.420616

19 41 0.432214

20 41 0.442106

21 41 0.450254

22 41 0.456624

23 41 0.461193

24 41 0.463941

25 41 0.464858

26 41 0.463941

27 41 0.461193

28 41 0.456624

29 41 0.450254

30 41 0.442106

31 41 0.432214

32 41 0.420616

33 41 0.407358

34 41 0.392493

35 41 0.376078

36 41 0.358179

37 41 0.338867

38 41 0.318217

39 41 0.296312

40 41 0.273237

41 41 0.249083

42 41 0.223947

43 41 0.197927

44 41 0.171126

45 41 0.143649

46 41 0.115606

47 41 0.0871057

48 41 0.0582622

49 41 0.0291887

50 41 0

0 42 0

1 42 0.0262431

2 42 0.0523826

3 42 0.0783154

4 42 0.103939

5 42 0.129153

6 42 0.153857

7 42 0.177953

8 42 0.201347

9 42 0.223947

10 42 0.245663

11 42 0.266409

12 42 0.286104

13 42 0.30467

14 42 0.322034

15 42 0.338126

16 42 0.352884

17 42 0.36625

18 42 0.37817

19 42 0.388597

20 42 0.397491

21 42 0.404816

22 42 0.410544

23 42 0.414651

24 42 0.417122

25 42 0.417947

26 42 0.417122

27 42 0.414651

28 42 0.410544

29 42 0.404816

30 42 0.397491

31 42 0.388597

32 42 0.37817

33 42 0.36625

34 42 0.352884

35 42 0.338126

36 42 0.322034

37 42 0.30467

38 42 0.286104

39 42 0.266409

40 42 0.245663

41 42 0.223947

42 42 0.201347

43 42 0.177953

44 42 0.153857

45 42 0.129153

46 42 0.103939

47 42 0.0783154

48 42 0.0523826

49 42 0.0262431

50 42 0

0 43 0

1 43 0.0231939

2 43 0.0462964

3 43 0.0692161

4 43 0.0918626

5 43 0.114147

6 43 0.13598

7 43 0.157277

8 43 0.177953

9 43 0.197927

10 43 0.21712

11 43 0.235456

12 43 0.252862

13 43 0.269271

14 43 0.284617

15 43 0.29884

16 43 0.311883

17 43 0.323696

18 43 0.334231

19 43 0.343447

20 43 0.351307

21 43 0.357781

22 43 0.362843

23 43 0.366473

24 43 0.368657

25 43 0.369386

26 43 0.368657

27 43 0.366473

28 43 0.362843

29 43 0.357781

30 43 0.351307

31 43 0.343447

32 43 0.334231

33 43 0.323696

34 43 0.311883

35 43 0.29884

36 43 0.284617

37 43 0.269271

38 43 0.252862

39 43 0.235456

40 43 0.21712

41 43 0.197927

42 43 0.177953

43 43 0.157277

44 43 0.13598

45 43 0.114147

46 43 0.0918626

47 43 0.0692161

48 43 0.0462964

49 43 0.0231939

50 43 0

0 44 0

1 44 0.0200533

2 44 0.0400274

3 44 0.0598435

4 44 0.0794235

5 44 0.09869

6 44 0.117567

7 44 0.13598

8 44 0.153857

9 44 0.171126

10 44 0.18772

11 44 0.203573

12 44 0.218622

13 44 0.232809

14 44 0.246077

15 44 0.258374

16 44 0.269651

17 44 0.279864

18 44 0.288972

19 44 0.29694

20 44 0.303737

21 44 0.309334

22 44 0.313711

23 44 0.316849

24 44 0.318737

25 44 0.319368

26 44 0.318737

27 44 0.316849

28 44 0.313711

29 44 0.309334

30 44 0.303737

31 44 0.29694

32 44 0.288972

33 44 0.279864

34 44 0.269651

35 44 0.258374

36 44 0.246077

37 44 0.232809

38 44 0.218622

39 44 0.203573

40 44 0.18772

41 44 0.171126

42 44 0.153857

43 44 0.13598

44 44 0.117567

45 44 0.09869

46 44 0.0794235

47 44 0.0598435

48 44 0.0400274

49 44 0.0200533

50 44 0

0 45 0

1 45 0.0168334

2 45 0.0336004

3 45 0.0502348

4 45 0.0666709

5 45 0.082844

6 45 0.09869

7 45 0.114147

8 45 0.129153

9 45 0.143649

10 45 0.157579

11 45 0.170886

12 45 0.183519

13 45 0.195428

14 45 0.206566

15 45 0.216888

16 45 0.226355

17 45 0.234928

18 45 0.242574

19 45 0.249263

20 45 0.254967

21 45 0.259666

22 45 0.26334

23 45 0.265975

24 45 0.26756

25 45 0.268089

26 45 0.26756

27 45 0.265975

28 45 0.26334

29 45 0.259666

30 45 0.254967

31 45 0.249263

32 45 0.242574

33 45 0.234928

34 45 0.226355

35 45 0.216888

36 45 0.206566

37 45 0.195428

38 45 0.183519

39 45 0.170886

40 45 0.157579

41 45 0.143649

42 45 0.129153

43 45 0.114147

44 45 0.09869

45 45 0.082844

46 45 0.0666709

47 45 0.0502348

48 45 0.0336004

49 45 0.0168334

50 45 0

0 46 0

1 46 0.0135472

2 46 0.0270409

3 46 0.0404278

4 46 0.0536553

5 46 0.0666709

6 46 0.0794235

7 46 0.0918626

8 46 0.103939

9 46 0.115606

10 46 0.126816

11 46 0.137525

12 46 0.147692

13 46 0.157276

14 46 0.16624

15 46 0.174547

16 46 0.182165

17 46 0.189065

18 46 0.195218

19 46 0.200601

20 46 0.205192

21 46 0.208973

22 46 0.21193

23 46 0.21405

24 46 0.215326

25 46 0.215752

26 46 0.215326

27 46 0.21405

28 46 0.21193

29 46 0.208973

30 46 0.205192

31 46 0.200601

32 46 0.195218

33 46 0.189065

34 46 0.182165

35 46 0.174547

36 46 0.16624

37 46 0.157276

38 46 0.147692

39 46 0.137525

40 46 0.126816

41 46 0.115606

42 46 0.103939

43 46 0.0918626

44 46 0.0794235

45 46 0.0666709

46 46 0.0536553

47 46 0.0404278

48 46 0.0270409

49 46 0.0135472

50 46 0

0 47 0

1 47 0.0102074

2 47 0.0203746

3 47 0.0304613

4 47 0.0404278

5 47 0.0502348

6 47 0.0598435

7 47 0.0692161

8 47 0.0783154

9 47 0.0871057

10 47 0.0955523

11 47 0.103622

12 47 0.111282

13 47 0.118504

14 47 0.125257

15 47 0.131516

16 47 0.137257

17 47 0.142455

18 47 0.147092

19 47 0.151147

20 47 0.154607

21 47 0.157456

22 47 0.159684

23 47 0.161281

24 47 0.162242

25 47 0.162563

26 47 0.162242

27 47 0.161281

28 47 0.159684

29 47 0.157456

30 47 0.154607

31 47 0.151147

32 47 0.147092

33 47 0.142455

34 47 0.137257

35 47 0.131516

36 47 0.125257

37 47 0.118504

38 47 0.111282

39 47 0.103622

40 47 0.0955523

41 47 0.0871057

42 47 0.0783154

43 47 0.0692161

44 47 0.0598435

45 47 0.0502348

46 47 0.0404278

47 47 0.0304613

48 47 0.0203746

49 47 0.0102074

50 47 0

0 48 0

1 48 0.00682742

2 48 0.0136279

3 48 0.0203746

4 48 0.0270409

5 48 0.0336004

6 48 0.0400274

7 48 0.0462964

8 48 0.0523826

9 48 0.0582622

10 48 0.0639118

11 48 0.0693092

12 48 0.074433

13 48 0.0792631

14 48 0.0837804

15 48 0.087967

16 48 0.0918065

17 48 0.0952837

18 48 0.0983848

19 48 0.101098

20 48 0.103411

21 48 0.105317

22 48 0.106807

23 48 0.107876

24 48 0.108519

25 48 0.108733

26 48 0.108519

27 48 0.107876

28 48 0.106807

29 48 0.105317

30 48 0.103411

31 48 0.101098

32 48 0.0983848

33 48 0.0952837

34 48 0.0918065

35 48 0.087967

36 48 0.0837804

37 48 0.0792631

38 48 0.074433

39 48 0.0693092

40 48 0.0639118

41 48 0.0582622

42 48 0.0523826

43 48 0.0462964

44 48 0.0400274

45 48 0.0336004

46 48 0.0270409

47 48 0.0203746

48 48 0.0136279

49 48 0.00682742

50 48 0

0 49 0

1 49 0.00342046

2 49 0.00682742

3 49 0.0102074

4 49 0.0135472

5 49 0.0168334

6 49 0.0200533

7 49 0.0231939

8 49 0.0262431

9 49 0.0291887

10 49 0.0320191

11 49 0.0347231

12 49 0.0372901

13 49 0.0397099

14 49 0.041973

15 49 0.0440705

16 49 0.045994

17 49 0.047736

18 49 0.0492897

19 49 0.0506487

20 49 0.051808

21 49 0.0527627

22 49 0.0535092

23 49 0.0540446

24 49 0.0543666

25 49 0.0544741

26 49 0.0543666

27 49 0.0540446

28 49 0.0535092

29 49 0.0527627

30 49 0.051808

31 49 0.0506487

32 49 0.0492897

33 49 0.047736

34 49 0.045994

35 49 0.0440705

36 49 0.041973

37 49 0.0397099

38 49 0.0372901

39 49 0.0347231

40 49 0.0320191

41 49 0.0291887

42 49 0.0262431

43 49 0.0231939

44 49 0.0200533

45 49 0.0168334

46 49 0.0135472

47 49 0.0102074

48 49 0.00682742

49 49 0.00342046

50 49 0

