0 1 0

1 1 0.00219845

2 1 0.00438822

3 1 0.00656068

4 1 0.00870724

5 1 0.0108194

6 1 0.0128889

7 1 0.0149076

8 1 0.0168674

9 1 0.0187606

10 1 0.0205798

11 1 0.0223178

12 1 0.0239677

13 1 0.025523

14 1 0.0269776

15 1 0.0283257

16 1 0.029562

17 1 0.0306816

18 1 0.0316802

19 1 0.0325537

20 1 0.0332988

21 1 0.0339125

22 1 0.0343923

23 1 0.0347364

24 1 0.0349434

25 1 0.0350124

26 1 0.0349434

27 1 0.0347364

28 1 0.0343923

29 1 0.0339125

30 1 0.0332988

31 1 0.0325537

32 1 0.0316802

33 1 0.0306816

34 1 0.029562

35 1 0.0283257

36 1 0.0269776

37 1 0.025523

38 1 0.0239677

39 1 0.0223178

40 1 0.0205798

41 1 0.0187606

42 1 0.0168674

43 1 0.0149076

44 1 0.0128889

45 1 0.0108194

46 1 0.00870724

47 1 0.00656068

48 1 0.00438822

49 1 0.00219845

50 1 0

0 2 0

1 2 0.00438822

2 2 0.00875913

3 2 0.0130955

4 2 0.0173801

5 2 0.0215962

6 2 0.025727

7 2 0.0297563

8 2 0.0336682

9 2 0.0374472

10 2 0.0410784

11 2 0.0445475

12 2 0.0478407

13 2 0.0509452

14 2 0.0538486

15 2 0.0565395

16 2 0.0590073

17 2 0.0612422

18 2 0.0632354

19 2 0.064979

20 2 0.0664662

21 2 0.0676911

22 2 0.0686488

23 2 0.0693356

24 2 0.0697488

25 2 0.0698867

26 2 0.0697488

27 2 0.0693356

28 2 0.0686488

29 2 0.0676911

30 2 0.0664662

31 2 0.064979

32 2 0.0632354

33 2 0.0612422

34 2 0.0590073

35 2 0.0565395

36 2 0.0538486

37 2 0.0509452

38 2 0.0478407

39 2 0.0445475

40 2 0.0410784

41 2 0.0374472

42 2 0.0336682

43 2 0.0297563

44 2 0.025727

45 2 0.0215962

46 2 0.0173801

47 2 0.0130955

48 2 0.00875913

49 2 0.00438822

50 2 0

0 3 0

1 3 0.00656068

2 3 0.0130955

3 3 0.0195786

4 3 0.0259844

5 3 0.0322877

6 3 0.0384636

7 3 0.0444876

8 3 0.0503361

9 3 0.055986

10 3 0.0614148

11 3 0.0666014

12 3 0.071525

13 3 0.0761664

14 3 0.0805072

15 3 0.0845303

16 3 0.0882197

17 3 0.0915611

18 3 0.094541

19 3 0.0971479

20 3 0.0993713

21 3 0.101203

22 3 0.102634

23 3 0.103661

24 3 0.104279

25 3 0.104485

26 3 0.104279

27 3 0.103661

28 3 0.102634

29 3 0.101203

30 3 0.0993713

31 3 0.0971479

32 3 0.094541

33 3 0.0915611

34 3 0.0882197

35 3 0.0845303

36 3 0.0805072

37 3 0.0761664

38 3 0.071525

39 3 0.0666014

40 3 0.0614148

41 3 0.055986

42 3 0.0503361

43 3 0.0444876

44 3 0.0384636

45 3 0.0322877

46 3 0.0259844

47 3 0.0195786

48 3 0.0130955

49 3 0.00656068

50 3 0

0 4 0

1 4 0.00870724

2 4 0.0173801

3 4 0.0259844

4 4 0.0344861

5 4 0.0428518

6 4 0.0510483

7 4 0.0590434

8 4 0.0668054

9 4 0.0743038

10 4 0.0815089

11 4 0.0883924

12 4 0.094927

13 4 0.101087

14 4 0.106848

15 4 0.112187

16 4 0.117084

17 4 0.121519

18 4 0.125474

19 4 0.128933

20 4 0.131884

21 4 0.134315

22 4 0.136215

23 4 0.137578

24 4 0.138398

25 4 0.138671

26 4 0.138398

27 4 0.137578

28 4 0.136215

29 4 0.134315

30 4 0.131884

31 4 0.128933

32 4 0.125474

33 4 0.121519

34 4 0.117084

35 4 0.112187

36 4 0.106848

37 4 0.101087

38 4 0.094927

39 4 0.0883924

40 4 0.0815089

41 4 0.0743038

42 4 0.0668054

43 4 0.0590434

44 4 0.0510483

45 4 0.0428518

46 4 0.0344861

47 4 0.0259844

48 4 0.0173801

49 4 0.00870724

50 4 0

0 5 0

1 5 0.0108194

2 5 0.0215962

3 5 0.0322877

4 5 0.0428518

5 5 0.0532467

6 5 0.0634316

7 5 0.0733661

8 5 0.083011

9 5 0.0923284

10 5 0.101281

11 5 0.109835

12 5 0.117954

13 5 0.125609

14 5 0.132767

15 5 0.139402

16 5 0.145486

17 5 0.150996

18 5 0.155911

19 5 0.16021

20 5 0.163877

21 5 0.166897

22 5 0.169258

23 5 0.170951

24 5 0.17197

25 5 0.17231

26 5 0.17197

27 5 0.170951

28 5 0.169258

29 5 0.166897

30 5 0.163877

31 5 0.16021

32 5 0.155911

33 5 0.150996

34 5 0.145486

35 5 0.139402

36 5 0.132767

37 5 0.125609

38 5 0.117954

39 5 0.109835

40 5 0.101281

41 5 0.0923284

42 5 0.083011

43 5 0.0733661

44 5 0.0634316

45 5 0.0532467

46 5 0.0428518

47 5 0.0322877

48 5 0.0215962

49 5 0.0108194

50 5 0

0 6 0

1 6 0.0128889

2 6 0.025727

3 6 0.0384636

4 6 0.0510483

5 6 0.0634316

6 6 0.0755645

7 6 0.0873992

8 6 0.098889

9 6 0.109989

10 6 0.120654

11 6 0.130843

12 6 0.140516

13 6 0.149635

14 6 0.158162

15 6 0.166066

16 6 0.173314

17 6 0.179879

18 6 0.185733

19 6 0.190854

20 6 0.195222

21 6 0.19882

22 6 0.201633

23 6 0.20365

24 6 0.204864

25 6 0.205269

26 6 0.204864

27 6 0.20365

28 6 0.201633

29 6 0.19882

30 6 0.195222

31 6 0.190854

32 6 0.185733

33 6 0.179879

34 6 0.173314

35 6 0.166066

36 6 0.158162

37 6 0.149635

38 6 0.140516

39 6 0.130843

40 6 0.120654

41 6 0.109989

42 6 0.098889

43 6 0.0873992

44 6 0.0755645

45 6 0.0634316

46 6 0.0510483

47 6 0.0384636

48 6 0.025727

49 6 0.0128889

50 6 0

0 7 0

1 7 0.0149076

2 7 0.0297563

3 7 0.0444876

4 7 0.0590434

5 7 0.0733661

6 7 0.0873992

7 7 0.101087

8 7 0.114377

9 7 0.127215

10 7 0.139551

11 7 0.151336

12 7 0.162524

13 7 0.17307

14 7 0.182933

15 7 0.192075

16 7 0.200458

17 7 0.208051

18 7 0.214822

19 7 0.220745

20 7 0.225798

21 7 0.229959

22 7 0.233212

23 7 0.235545

24 7 0.236949

25 7 0.237418

26 7 0.236949

27 7 0.235545

28 7 0.233212

29 7 0.229959

30 7 0.225798

31 7 0.220745

32 7 0.214822

33 7 0.208051

34 7 0.200458

35 7 0.192075

36 7 0.182933

37 7 0.17307

38 7 0.162524

39 7 0.151336

40 7 0.139551

41 7 0.127215

42 7 0.114377

43 7 0.101087

44 7 0.0873992

45 7 0.0733661

46 7 0.0590434

47 7 0.0444876

48 7 0.0297563

49 7 0.0149076

50 7 0

0 8 0

1 8 0.0168674

2 8 0.0336682

3 8 0.0503361

4 8 0.0668054

5 8 0.083011

6 8 0.098889

7 8 0.114377

8 8 0.129413

9 8 0.143939

10 8 0.157896

11 8 0.171231

12 8 0.183889

13 8 0.195822

14 8 0.206982

15 8 0.217326

16 8 0.226811

17 8 0.235402

18 8 0.243063

19 8 0.249765

20 8 0.255482

21 8 0.26019

22 8 0.263871

23 8 0.266511

24 8 0.268099

25 8 0.268629

26 8 0.268099

27 8 0.266511

28 8 0.263871

29 8 0.26019

30 8 0.255482

31 8 0.249765

32 8 0.243063

33 8 0.235402

34 8 0.226811

35 8 0.217326

36 8 0.206982

37 8 0.195822

38 8 0.183889

39 8 0.171231

40 8 0.157896

41 8 0.143939

42 8 0.129413

43 8 0.114377

44 8 0.098889

45 8 0.083011

46 8 0.0668054

47 8 0.0503361

48 8 0.0336682

49 8 0.0168674

50 8 0

0 9 0

1 9 0.0187606

2 9 0.0374472

3 9 0.055986

4 9 0.0743038

5 9 0.0923284

6 9 0.109989

7 9 0.127215

8 9 0.143939

9 9 0.160095

10 9 0.175619

11 9 0.19045

12 9 0.20453

13 9 0.217802

14 9 0.230215

15 9 0.241719

16 9 0.252269

17 9 0.261824

18 9 0.270345

19 9 0.277799

20 9 0.284157

21 9 0.289394

22 9 0.293489

23 9 0.296425

24 9 0.298191

25 9 0.298781

26 9 0.298191

27 9 0.296425

28 9 0.293489

29 9 0.289394

30 9 0.284157

31 9 0.277799

32 9 0.270345

33 9 0.261824

34 9 0.252269

35 9 0.241719

36 9 0.230215

37 9 0.217802

38 9 0.20453

39 9 0.19045

40 9 0.175619

41 9 0.160095

42 9 0.143939

43 9 0.127215

44 9 0.109989

45 9 0.0923284

46 9 0.0743038

47 9 0.055986

48 9 0.0374472

49 9 0.0187606

50 9 0

0 10 0

1 10 0.0205798

2 10 0.0410784

3 10 0.0614148

4 10 0.0815089

5 10 0.101281

6 10 0.120654

7 10 0.139551

8 10 0.157896

9 10 0.175619

10 10 0.192649

11 10 0.208918

12 10 0.224363

13 10 0.238922

14 10 0.252538

15 10 0.265158

16 10 0.276731

17 10 0.287212

18 10 0.29656

19 10 0.304737

20 10 0.311712

21 10 0.317456

22 10 0.321948

23 10 0.325169

24 10 0.327107

25 10 0.327753

26 10 0.327107

27 10 0.325169

28 10 0.321948

29 10 0.317456

30 10 0.311712

31 10 0.304737

32 10 0.29656

33 10 0.287212

34 10 0.276731

35 10 0.265158

36 10 0.252538

37 10 0.238922

38 10 0.224363

39 10 0.208918

40 10 0.192649

41 10 0.175619

42 10 0.157896

43 10 0.139551

44 10 0.120654

45 10 0.101281

46 10 0.0815089

47 10 0.0614148

48 10 0.0410784

49 10 0.0205798

50 10 0

0 11 0

1 11 0.0223178

2 11 0.0445475

3 11 0.0666014

4 11 0.0883924

5 11 0.109835

6 11 0.130843

7 11 0.151336

8 11 0.171231

9 11 0.19045

10 11 0.208918

11 11 0.226561

12 11 0.24331

13 11 0.259099

14 11 0.273865

15 11 0.287551

16 11 0.300101

17 11 0.311468

18 11 0.321605

19 11 0.330473

20 11 0.338036

21 11 0.344266

22 11 0.349137

23 11 0.35263

24 11 0.354731

25 11 0.355432

26 11 0.354731

27 11 0.35263

28 11 0.349137

29 11 0.344266

30 11 0.338036

31 11 0.330473

32 11 0.321605

33 11 0.311468

34 11 0.300101

35 11 0.287551

36 11 0.273865

37 11 0.259099

38 11 0.24331

39 11 0.226561

40 11 0.208918

41 11 0.19045

42 11 0.171231

43 11 0.151336

44 11 0.130843

45 11 0.109835

46 11 0.0883924

47 11 0.0666014

48 11 0.0445475

49 11 0.0223178

50 11 0

0 12 0

1 12 0.0239677

2 12 0.0478407

3 12 0.071525

4 12 0.094927

5 12 0.117954

6 12 0.140516

7 12 0.162524

8 12 0.183889

9 12 0.20453

10 12 0.224363

11 12 0.24331

12 12 0.261297

13 12 0.278253

14 12 0.294111

15 12 0.308809

16 12 0.322287

17 12 0.334494

18 12 0.34538

19 12 0.354903

20 12 0.363026

21 12 0.369716

22 12 0.374947

23 12 0.378699

24 12 0.380955

25 12 0.381708

26 12 0.380955

27 12 0.378699

28 12 0.374947

29 12 0.369716

30 12 0.363026

31 12 0.354903

32 12 0.34538

33 12 0.334494

34 12 0.322287

35 12 0.308809

36 12 0.294111

37 12 0.278253

38 12 0.261297

39 12 0.24331

40 12 0.224363

41 12 0.20453

42 12 0.183889

43 12 0.162524

44 12 0.140516

45 12 0.117954

46 12 0.094927

47 12 0.071525

48 12 0.0478407

49 12 0.0239677

50 12 0

0 13 0

1 13 0.025523

2 13 0.0509452

3 13 0.0761664

4 13 0.101087

5 13 0.125609

6 13 0.149635

7 13 0.17307

8 13 0.195822

9 13 0.217802

10 13 0.238922

11 13 0.259099

12 13 0.278253

13 13 0.29631

14 13 0.313197

15 13 0.328848

16 13 0.343201

17 13 0.3562

18 13 0.367792

19 13 0.377934

20 13 0.386584

21 13 0.393708

22 13 0.399278

23 13 0.403273

24 13 0.405676

25 13 0.406478

26 13 0.405676

27 13 0.403273

28 13 0.399278

29 13 0.393708

30 13 0.386584

31 13 0.377934

32 13 0.367792

33 13 0.3562

34 13 0.343201

35 13 0.328848

36 13 0.313197

37 13 0.29631

38 13 0.278253

39 13 0.259099

40 13 0.238922

41 13 0.217802

42 13 0.195822

43 13 0.17307

44 13 0.149635

45 13 0.125609

46 13 0.101087

47 13 0.0761664

48 13 0.0509452

49 13 0.025523

50 13 0

0 14 0

1 14 0.0269776

2 14 0.0538486

3 14 0.0805072

4 14 0.106848

5 14 0.132767

6 14 0.158162

7 14 0.182933

8 14 0.206982

9 14 0.230215

10 14 0.252538

11 14 0.273865

12 14 0.294111

13 14 0.313197

14 14 0.331046

15 14 0.347589

16 14 0.36276

17 14 0.3765

18 14 0.388753

19 14 0.399473

20 14 0.408615

21 14 0.416146

22 14 0.422034

23 14 0.426256

24 14 0.428796

25 14 0.429644

26 14 0.428796

27 14 0.426256

28 14 0.422034

29 14 0.416146

30 14 0.408615

31 14 0.399473

32 14 0.388753

33 14 0.3765

34 14 0.36276

35 14 0.347589

36 14 0.331046

37 14 0.313197

38 14 0.294111

39 14 0.273865

40 14 0.252538

41 14 0.230215

42 14 0.206982

43 14 0.182933

44 14 0.158162

45 14 0.132767

46 14 0.106848

47 14 0.0805072

48 14 0.0538486

49 14 0.0269776

50 14 0

0 15 0

1 15 0.0283257

2 15 0.0565395

3 15 0.0845303

4 15 0.112187

5 15 0.139402

6 15 0.166066

7 15 0.192075

8 15 0.217326

9 15 0.241719

10 15 0.265158

11 15 0.287551

12 15 0.308809

13 15 0.328848

14 15 0.347589

15 15 0.364959

16 15 0.380888

17 15 0.395314

18 15 0.40818

19 15 0.419435

20 15 0.429035

21 15 0.436941

22 15 0.443123

23 15 0.447557

24 15 0.450224

25 15 0.451114

26 15 0.450224

27 15 0.447557

28 15 0.443123

29 15 0.436941

30 15 0.429035

31 15 0.419435

32 15 0.40818

33 15 0.395314

34 15 0.380888

35 15 0.364959

36 15 0.347589

37 15 0.328848

38 15 0.308809

39 15 0.287551

40 15 0.265158

41 15 0.241719

42 15 0.217326

43 15 0.192075

44 15 0.166066

45 15 0.139402

46 15 0.112187

47 15 0.0845303

48 15 0.0565395

49 15 0.0283257

50 15 0

0 16 0

1 16 0.029562

2 16 0.0590073

3 16 0.0882197

4 16 0.117084

5 16 0.145486

6 16 0.173314

7 16 0.200458

8 16 0.226811

9 16 0.252269

10 16 0.276731

11 16 0.300101

12 16 0.322287

13 16 0.343201

14 16 0.36276

15 16 0.380888

16 16 0.397512

17 16 0.412568

18 16 0.425996

19 16 0.437742

20 16 0.447761

21 16 0.456012

22 16 0.462464

23 16 0.467091

24 16 0.469874

25 16 0.470803

26 16 0.469874

27 16 0.467091

28 16 0.462464

29 16 0.456012

30 16 0.447761

31 16 0.437742

32 16 0.425996

33 16 0.412568

34 16 0.397512

35 16 0.380888

36 16 0.36276

37 16 0.343201

38 16 0.322287

39 16 0.300101

40 16 0.276731

41 16 0.252269

42 16 0.226811

43 16 0.200458

44 16 0.173314

45 16 0.145486

46 16 0.117084

47 16 0.0882197

48 16 0.0590073

49 16 0.029562

50 16 0

0 17 0

1 17 0.0306816

2 17 0.0612422

3 17 0.0915611

4 17 0.121519

5 17 0.150996

6 17 0.179879

7 17 0.208051

8 17 0.235402

9 17 0.261824

10 17 0.287212

11 17 0.311468

12 17 0.334494

13 17 0.3562

14 17 0.3765

15 17 0.395314

16 17 0.412568

17 17 0.428194

18 17 0.44213

19 17 0.454321

20 17 0.464719

21 17 0.473284

22 17 0.47998

23 17 0.484782

24 17 0.487671

25 17 0.488635

26 17 0.487671

27 17 0.484782

28 17 0.47998

29 17 0.473284

30 17 0.464719

31 17 0.454321

32 17 0.44213

33 17 0.428194

34 17 0.412568

35 17 0.395314

36 17 0.3765

37 17 0.3562

38 17 0.334494

39 17 0.311468

40 17 0.287212

41 17 0.261824

42 17 0.235402

43 17 0.208051

44 17 0.179879

45 17 0.150996

46 17 0.121519

47 17 0.0915611

48 17 0.0612422

49 17 0.0306816

50 17 0

0 18 0

1 18 0.0316802

2 18 0.0632354

3 18 0.094541

4 18 0.125474

5 18 0.155911

6 18 0.185733

7 18 0.214822

8 18 0.243063

9 18 0.270345

10 18 0.29656

11 18 0.321605

12 18 0.34538

13 18 0.367792

14 18 0.388753

15 18 0.40818

16 18 0.425996

17 18 0.44213

18 18 0.45652

19 18 0.469108

20 18 0.479844

21 18 0.488687

22 18 0.495601

23 18 0.50056

24 18 0.503542

25 18 0.504538

26 18 0.503542

27 18 0.50056

28 18 0.495601

29 18 0.488687

30 18 0.479844

31 18 0.469108

32 18 0.45652

33 18 0.44213

34 18 0.425996

35 18 0.40818

36 18 0.388753

37 18 0.367792

38 18 0.34538

39 18 0.321605

40 18 0.29656

41 18 0.270345

42 18 0.243063

43 18 0.214822

44 18 0.185733

45 18 0.155911

46 18 0.125474

47 18 0.094541

48 18 0.0632354

49 18 0.0316802

50 18 0

0 19 0

1 19 0.0325537

2 19 0.064979

3 19 0.0971479

4 19 0.128933

5 19 0.16021

6 19 0.190854

7 19 0.220745

8 19 0.249765

9 19 0.277799

10 19 0.304737

11 19 0.330473

12 19 0.354903

13 19 0.377934

14 19 0.399473

15 19 0.419435

16 19 0.437742

17 19 0.454321

18 19 0.469108

19 19 0.482043

20 19 0.493075

21 19 0.502162

22 19 0.509267

23 19 0.514362

24 19 0.517427

25 19 0.51845

26 19 0.517427

27 19 0.514362

28 19 0.509267

29 19 0.502162

30 19 0.493075

31 19 0.482043

32 19 0.469108

33 19 0.454321

34 19 0.437742

35 19 0.419435

36 19 0.399473

37 19 0.377934

38 19 0.354903

39 19 0.330473

40 19 0.304737

41 19 0.277799

42 19 0.249765

43 19 0.220745

44 19 0.190854

45 19 0.16021

46 19 0.128933

47 19 0.0971479

48 19 0.064979

49 19 0.0325537

50 19 0

0 20 0

1 20 0.0332988

2 20 0.0664662

3 20 0.0993713

4 20 0.131884

5 20 0.163877

6 20 0.195222

7 20 0.225798

8 20 0.255482

9 20 0.284157

10 20 0.311712

11 20 0.338036

12 20 0.363026

13 20 0.386584

14 20 0.408615

15 20 0.429035

16 20 0.447761

17 20 0.464719

18 20 0.479844

19 20 0.493075

20 20 0.50436

21 20 0.513655

22 20 0.520923

23 20 0.526134

24 20 0.529269

25 20 0.530316

26 20 0.529269

27 20 0.526134

28 20 0.520923

29 20 0.513655

30 20 0.50436

31 20 0.493075

32 20 0.479844

33 20 0.464719

34 20 0.447761

35 20 0.429035

36 20 0.408615

37 20 0.386584

38 20 0.363026

39 20 0.338036

40 20 0.311712

41 20 0.284157

42 20 0.255482

43 20 0.225798

44 20 0.195222

45 20 0.163877

46 20 0.131884

47 20 0.0993713

48 20 0.0664662

49 20 0.0332988

50 20 0

0 21 0

1 21 0.0339125

2 21 0.0676911

3 21 0.101203

4 21 0.134315

5 21 0.166897

6 21 0.19882

7 21 0.229959

8 21 0.26019

9 21 0.289394

10 21 0.317456

11 21 0.344266

12 21 0.369716

13 21 0.393708

14 21 0.416146

15 21 0.436941

16 21 0.456012

17 21 0.473284

18 21 0.488687

19 21 0.502162

20 21 0.513655

21 21 0.523121

22 21 0.530522

23 21 0.53583

24 21 0.539023

25 21 0.540089

26 21 0.539023

27 21 0.53583

28 21 0.530522

29 21 0.523121

30 21 0.513655

31 21 0.502162

32 21 0.488687

33 21 0.473284

34 21 0.456012

35 21 0.436941

36 21 0.416146

37 21 0.393708

38 21 0.369716

39 21 0.344266

40 21 0.317456

41 21 0.289394

42 21 0.26019

43 21 0.229959

44 21 0.19882

45 21 0.166897

46 21 0.134315

47 21 0.101203

48 21 0.0676911

49 21 0.0339125

50 21 0

0 22 0

1 22 0.0343923

2 22 0.0686488

3 22 0.102634

4 22 0.136215

5 22 0.169258

6 22 0.201633

7 22 0.233212

8 22 0.263871

9 22 0.293489

10 22 0.321948

11 22 0.349137

12 22 0.374947

13 22 0.399278

14 22 0.422034

15 22 0.443123

16 22 0.462464

17 22 0.47998

18 22 0.495601

19 22 0.509267

20 22 0.520923

21 22 0.530522

22 22 0.538029

23 22 0.543411

24 22 0.54665

25 22 0.54773

26 22 0.54665

27 22 0.543411

28 22 0.538029

29 22 0.530522

30 22 0.520923

31 22 0.509267

32 22 0.495601

33 22 0.47998

34 22 0.462464

35 22 0.443123

36 22 0.422034

37 22 0.399278

38 22 0.374947

39 22 0.349137

40 22 0.321948

41 22 0.293489

42 22 0.263871

43 22 0.233212

44 22 0.201633

45 22 0.169258

46 22 0.136215

47 22 0.102634

48 22 0.0686488

49 22 0.0343923

50 22 0

0 23 0

1 23 0.0347364

2 23 0.0693356

3 23 0.103661

4 23 0.137578

5 23 0.170951

6 23 0.20365

7 23 0.235545

8 23 0.266511

9 23 0.296425

10 23 0.325169

11 23 0.35263

12 23 0.378699

13 23 0.403273

14 23 0.426256

15 23 0.447557

16 23 0.467091

17 23 0.484782

18 23 0.50056

19 23 0.514362

20 23 0.526134

21 23 0.53583

22 23 0.543411

23 23 0.548848

24 23 0.552119

25 23 0.55321

26 23 0.552119

27 23 0.548848

28 23 0.543411

29 23 0.53583

30 23 0.526134

31 23 0.514362

32 23 0.50056

33 23 0.484782

34 23 0.467091

35 23 0.447557

36 23 0.426256

37 23 0.403273

38 23 0.378699

39 23 0.35263

40 23 0.325169

41 23 0.296425

42 23 0.266511

43 23 0.235545

44 23 0.20365

45 23 0.170951

46 23 0.137578

47 23 0.103661

48 23 0.0693356

49 23 0.0347364

50 23 0

0 24 0

1 24 0.0349434

2 24 0.0697488

3 24 0.104279

4 24 0.138398

5 24 0.17197

6 24 0.204864

7 24 0.236949

8 24 0.268099

9 24 0.298191

10 24 0.327107

11 24 0.354731

12 24 0.380955

13 24 0.405676

14 24 0.428796

15 24 0.450224

16 24 0.469874

17 24 0.487671

18 24 0.503542

19 24 0.517427

20 24 0.529269

21 24 0.539023

22 24 0.54665

23 24 0.552119

24 24 0.555409

25 24 0.556507

26 24 0.555409

27 24 0.552119

28 24 0.54665

29 24 0.539023

30 24 0.529269

31 24 0.517427

32 24 0.503542

33 24 0.487671

34 24 0.469874

35 24 0.450224

36 24 0.428796

37 24 0.405676

38 24 0.380955

39 24 0.354731

40 24 0.327107

41 24 0.298191

42 24 0.268099

43 24 0.236949

44 24 0.204864

45 24 0.17197

46 24 0.138398

47 24 0.104279

48 24 0.0697488

49 24 0.0349434

50 24 0

0 25 0

1 25 0.0350124

2 25 0.0698867

3 25 0.104485

4 25 0.138671

5 25 0.17231

6 25 0.205269

7 25 0.237418

8 25 0.268629

9 25 0.298781

10 25 0.327753

11 25 0.355432

12 25 0.381708

13 25 0.406478

14 25 0.429644

15 25 0.451114

16 25 0.470803

17 25 0.488635

18 25 0.504538

19 25 0.51845

20 25 0.530316

21 25 0.540089

22 25 0.54773

23 25 0.55321

24 25 0.556507

25 25 0.557607

26 25 0.556507

27 25 0.55321

28 25 0.54773

29 25 0.540089

30 25 0.530316

31 25 0.51845

32 25 0.504538

33 25 0.488635

34 25 0.470803

35 25 0.451114

36 25 0.429644

37 25 0.406478

38 25 0.381708

39 25 0.355432

40 25 0.327753

41 25 0.298781

42 25 0.268629

43 25 0.237418

44 25 0.205269

45 25 0.17231

46 25 0.138671

47 25 0.104485

48 25 0.0698867

49 25 0.0350124

50 25 0

0 26 0

1 26 0.0349434

2 26 0.0697488

3 26 0.104279

4 26 0.138398

5 26 0.17197

6 26 0.204864

7 26 0.236949

8 26 0.268099

9 26 0.298191

10 26 0.327107

11 26 0.354731

12 26 0.380955

13 26 0.405676

14 26 0.428796

15 26 0.450224

16 26 0.469874

17 26 0.487671

18 26 0.503542

19 26 0.517427

20 26 0.529269

21 26 0.539023

22 26 0.54665

23 26 0.552119

24 26 0.555409

25 26 0.556507

26 26 0.555409

27 26 0.552119

28 26 0.54665

29 26 0.539023

30 26 0.529269

31 26 0.517427

32 26 0.503542

33 26 0.487671

34 26 0.469874

35 26 0.450224

36 26 0.428796

37 26 0.405676

38 26 0.380955

39 26 0.354731

40 26 0.327107

41 26 0.298191

42 26 0.268099

43 26 0.236949

44 26 0.204864

45 26 0.17197

46 26 0.138398

47 26 0.104279

48 26 0.0697488

49 26 0.0349434

50 26 0

0 27 0

1 27 0.0347364

2 27 0.0693356

3 27 0.103661

4 27 0.137578

5 27 0.170951

6 27 0.20365

7 27 0.235545

8 27 0.266511

9 27 0.296425

10 27 0.325169

11 27 0.35263

12 27 0.378699

13 27 0.403273

14 27 0.426256

15 27 0.447557

16 27 0.467091

17 27 0.484782

18 27 0.50056

19 27 0.514362

20 27 0.526134

21 27 0.53583

22 27 0.543411

23 27 0.548848

24 27 0.552119

25 27 0.55321

26 27 0.552119

27 27 0.548848

28 27 0.543411

29 27 0.53583

30 27 0.526134

31 27 0.514362

32 27 0.50056

33 27 0.484782

34 27 0.467091

35 27 0.447557

36 27 0.426256

37 27 0.403273

38 27 0.378699

39 27 0.35263

40 27 0.325169

41 27 0.296425

42 27 0.266511

43 27 0.235545

44 27 0.20365

45 27 0.170951

46 27 0.137578

47 27 0.103661

48 27 0.0693356

49 27 0.0347364

50 27 0

0 28 0

1 28 0.0343923

2 28 0.0686488

3 28 0.102634

4 28 0.136215

5 28 0.169258

6 28 0.201633

7 28 0.233212

8 28 0.263871

9 28 0.293489

10 28 0.321948

11 28 0.349137

12 28 0.374947

13 28 0.399278

14 28 0.422034

15 28 0.443123

16 28 0.462464

17 28 0.47998

18 28 0.495601

19 28 0.509267

20 28 0.520923

21 28 0.530522

22 28 0.538029

23 28 0.543411

24 28 0.54665

25 28 0.54773

26 28 0.54665

27 28 0.543411

28 28 0.538029

29 28 0.530522

30 28 0.520923

31 28 0.509267

32 28 0.495601

33 28 0.47998

34 28 0.462464

35 28 0.443123

36 28 0.422034

37 28 0.399278

38 28 0.374947

39 28 0.349137

40 28 0.321948

41 28 0.293489

42 28 0.263871

43 28 0.233212

44 28 0.201633

45 28 0.169258

46 28 0.136215

47 28 0.102634

48 28 0.0686488

49 28 0.0343923

50 28 0

0 29 0

1 29 0.0339125

2 29 0.0676911

3 29 0.101203

4 29 0.134315

5 29 0.166897

6 29 0.19882

7 29 0.229959

8 29 0.26019

9 29 0.289394

10 29 0.317456

11 29 0.344266

12 29 0.369716

13 29 0.393708

14 29 0.416146

15 29 0.436941

16 29 0.456012

17 29 0.473284

18 29 0.488687

19 29 0.502162

20 29 0.513655

21 29 0.523121

22 29 0.530522

23 29 0.53583

24 29 0.539023

25 29 0.540089

26 29 0.539023

27 29 0.53583

28 29 0.530522

29 29 0.523121

30 29 0.513655

31 29 0.502162

32 29 0.488687

33 29 0.473284

34 29 0.456012

35 29 0.436941

36 29 0.416146

37 29 0.393708

38 29 0.369716

39 29 0.344266

40 29 0.317456

41 29 0.289394

42 29 0.26019

43 29 0.229959

44 29 0.19882

45 29 0.166897

46 29 0.134315

47 29 0.101203

48 29 0.0676911

49 29 0.0339125

50 29 0

0 30 0

1 30 0.0332988

2 30 0.0664662

3 30 0.0993713

4 30 0.131884

5 30 0.163877

6 30 0.195222

7 30 0.225798

8 30 0.255482

9 30 0.284157

10 30 0.311712

11 30 0.338036

12 30 0.363026

13 30 0.386584

14 30 0.408615

15 30 0.429035

16 30 0.447761

17 30 0.464719

18 30 0.479844

19 30 0.493075

20 30 0.50436

21 30 0.513655

22 30 0.520923

23 30 0.526134

24 30 0.529269

25 30 0.530316

26 30 0.529269

27 30 0.526134

28 30 0.520923

29 30 0.513655

30 30 0.50436

31 30 0.493075

32 30 0.479844

33 30 0.464719

34 30 0.447761

35 30 0.429035

36 30 0.408615

37 30 0.386584

38 30 0.363026

39 30 0.338036

40 30 0.311712

41 30 0.284157

42 30 0.255482

43 30 0.225798

44 30 0.195222

45 30 0.163877

46 30 0.131884

47 30 0.0993713

48 30 0.0664662

49 30 0.0332988

50 30 0

0 31 0

1 31 0.0325537

2 31 0.064979

3 31 0.0971479

4 31 0.128933

5 31 0.16021

6 31 0.190854

7 31 0.220745

8 31 0.249765

9 31 0.277799

10 31 0.304737

11 31 0.330473

12 31 0.354903

13 31 0.377934

14 31 0.399473

15 31 0.419435

16 31 0.437742

17 31 0.454321

18 31 0.469108

19 31 0.482043

20 31 0.493075

21 31 0.502162

22 31 0.509267

23 31 0.514362

24 31 0.517427

25 31 0.51845

26 31 0.517427

27 31 0.514362

28 31 0.509267

29 31 0.502162

30 31 0.493075

31 31 0.482043

32 31 0.469108

33 31 0.454321

34 31 0.437742

35 31 0.419435

36 31 0.399473

37 31 0.377934

38 31 0.354903

39 31 0.330473

40 31 0.304737

41 31 0.277799

42 31 0.249765

43 31 0.220745

44 31 0.190854

45 31 0.16021

46 31 0.128933

47 31 0.0971479

48 31 0.064979

49 31 0.0325537

50 31 0

0 32 0

1 32 0.0316802

2 32 0.0632354

3 32 0.094541

4 32 0.125474

5 32 0.155911

6 32 0.185733

7 32 0.214822

8 32 0.243063

9 32 0.270345

10 32 0.29656

11 32 0.321605

12 32 0.34538

13 32 0.367792

14 32 0.388753

15 32 0.40818

16 32 0.425996

17 32 0.44213

18 32 0.45652

19 32 0.469108

20 32 0.479844

21 32 0.488687

22 32 0.495601

23 32 0.50056

24 32 0.503542

25 32 0.504538

26 32 0.503542

27 32 0.50056

28 32 0.495601

29 32 0.488687

30 32 0.479844

31 32 0.469108

32 32 0.45652

33 32 0.44213

34 32 0.425996

35 32 0.40818

36 32 0.388753

37 32 0.367792

38 32 0.34538

39 32 0.321605

40 32 0.29656

41 32 0.270345

42 32 0.243063

43 32 0.214822

44 32 0.185733

45 32 0.155911

46 32 0.125474

47 32 0.094541

48 32 0.0632354

49 32 0.0316802

50 32 0

0 33 0

1 33 0.0306816

2 33 0.0612422

3 33 0.0915611

4 33 0.121519

5 33 0.150996

6 33 0.179879

7 33 0.208051

8 33 0.235402

9 33 0.261824

10 33 0.287212

11 33 0.311468

12 33 0.334494

13 33 0.3562

14 33 0.3765

15 33 0.395314

16 33 0.412568

17 33 0.428194

18 33 0.44213

19 33 0.454321

20 33 0.464719

21 33 0.473284

22 33 0.47998

23 33 0.484782

24 33 0.487671

25 33 0.488635

26 33 0.487671

27 33 0.484782

28 33 0.47998

29 33 0.473284

30 33 0.464719

31 33 0.454321

32 33 0.44213

33 33 0.428194

34 33 0.412568

35 33 0.395314

36 33 0.3765

37 33 0.3562

38 33 0.334494

39 33 0.311468

40 33 0.287212

41 33 0.261824

42 33 0.235402

43 33 0.208051

44 33 0.179879

45 33 0.150996

46 33 0.121519

47 33 0.0915611

48 33 0.0612422

49 33 0.0306816

50 33 0

0 34 0

1 34 0.029562

2 34 0.0590073

3 34 0.0882197

4 34 0.117084

5 34 0.145486

6 34 0.173314

7 34 0.200458

8 34 0.226811

9 34 0.252269

10 34 0.276731

11 34 0.300101

12 34 0.322287

13 34 0.343201

14 34 0.36276

15 34 0.380888

16 34 0.397512

17 34 0.412568

18 34 0.425996

19 34 0.437742

20 34 0.447761

21 34 0.456012

22 34 0.462464

23 34 0.467091

24 34 0.469874

25 34 0.470803

26 34 0.469874

27 34 0.467091

28 34 0.462464

29 34 0.456012

30 34 0.447761

31 34 0.437742

32 34 0.425996

33 34 0.412568

34 34 0.397512

35 34 0.380888

36 34 0.36276

37 34 0.343201

38 34 0.322287

39 34 0.300101

40 34 0.276731

41 34 0.252269

42 34 0.226811

43 34 0.200458

44 34 0.173314

45 34 0.145486

46 34 0.117084

47 34 0.0882197

48 34 0.0590073

49 34 0.029562

50 34 0

0 35 0

1 35 0.0283257

2 35 0.0565395

3 35 0.0845303

4 35 0.112187

5 35 0.139402

6 35 0.166066

7 35 0.192075

8 35 0.217326

9 35 0.241719

10 35 0.265158

11 35 0.287551

12 35 0.308809

13 35 0.328848

14 35 0.347589

15 35 0.364959

16 35 0.380888

17 35 0.395314

18 35 0.40818

19 35 0.419435

20 35 0.429035

21 35 0.436941

22 35 0.443123

23 35 0.447557

24 35 0.450224

25 35 0.451114

26 35 0.450224

27 35 0.447557

28 35 0.443123

29 35 0.436941

30 35 0.429035

31 35 0.419435

32 35 0.40818

33 35 0.395314

34 35 0.380888

35 35 0.364959

36 35 0.347589

37 35 0.328848

38 35 0.308809

39 35 0.287551

40 35 0.265158

41 35 0.241719

42 35 0.217326

43 35 0.192075

44 35 0.166066

45 35 0.139402

46 35 0.112187

47 35 0.0845303

48 35 0.0565395

49 35 0.0283257

50 35 0

0 36 0

1 36 0.0269776

2 36 0.0538486

3 36 0.0805072

4 36 0.106848

5 36 0.132767

6 36 0.158162

7 36 0.182933

8 36 0.206982

9 36 0.230215

10 36 0.252538

11 36 0.273865

12 36 0.294111

13 36 0.313197

14 36 0.331046

15 36 0.347589

16 36 0.36276

17 36 0.3765

18 36 0.388753

19 36 0.399473

20 36 0.408615

21 36 0.416146

22 36 0.422034

23 36 0.426256

24 36 0.428796

25 36 0.429644

26 36 0.428796

27 36 0.426256

28 36 0.422034

29 36 0.416146

30 36 0.408615

31 36 0.399473

32 36 0.388753

33 36 0.3765

34 36 0.36276

35 36 0.347589

36 36 0.331046

37 36 0.313197

38 36 0.294111

39 36 0.273865

40 36 0.252538

41 36 0.230215

42 36 0.206982

43 36 0.182933

44 36 0.158162

45 36 0.132767

46 36 0.106848

47 36 0.0805072

48 36 0.0538486

49 36 0.0269776

50 36 0

0 37 0

1 37 0.025523

2 37 0.0509452

3 37 0.0761664

4 37 0.101087

5 37 0.125609

6 37 0.149635

7 37 0.17307

8 37 0.195822

9 37 0.217802

10 37 0.238922

11 37 0.259099

12 37 0.278253

13 37 0.29631

14 37 0.313197

15 37 0.328848

16 37 0.343201

17 37 0.3562

18 37 0.367792

19 37 0.377934

20 37 0.386584

21 37 0.393708

22 37 0.399278

23 37 0.403273

24 37 0.405676

25 37 0.406478

26 37 0.405676

27 37 0.403273

28 37 0.399278

29 37 0.393708

30 37 0.386584

31 37 0.377934

32 37 0.367792

33 37 0.3562

34 37 0.343201

35 37 0.328848

36 37 0.313197

37 37 0.29631

38 37 0.278253

39 37 0.259099

40 37 0.238922

41 37 0.217802

42 37 0.195822

43 37 0.17307

44 37 0.149635

45 37 0.125609

46 37 0.101087

47 37 0.0761664

48 37 0.0509452

49 37 0.025523

50 37 0

0 38 0

1 38 0.0239677

2 38 0.0478407

3 38 0.071525

4 38 0.094927

5 38 0.117954

6 38 0.140516

7 38 0.162524

8 38 0.183889

9 38 0.20453

10 38 0.224363

11 38 0.24331

12 38 0.261297

13 38 0.278253

14 38 0.294111

15 38 0.308809

16 38 0.322287

17 38 0.334494

18 38 0.34538

19 38 0.354903

20 38 0.363026

21 38 0.369716

22 38 0.374947

23 38 0.378699

24 38 0.380955

25 38 0.381708

26 38 0.380955

27 38 0.378699

28 38 0.374947

29 38 0.369716

30 38 0.363026

31 38 0.354903

32 38 0.34538

33 38 0.334494

34 38 0.322287

35 38 0.308809

36 38 0.294111

37 38 0.278253

38 38 0.261297

39 38 0.24331

40 38 0.224363

41 38 0.20453

42 38 0.183889

43 38 0.162524

44 38 0.140516

45 38 0.117954

46 38 0.094927

47 38 0.071525

48 38 0.0478407

49 38 0.0239677

50 38 0

0 39 0

1 39 0.0223178

2 39 0.0445475

3 39 0.0666014

4 39 0.0883924

5 39 0.109835

6 39 0.130843

7 39 0.151336

8 39 0.171231

9 39 0.19045

10 39 0.208918

11 39 0.226561

12 39 0.24331

13 39 0.259099

14 39 0.273865

15 39 0.287551

16 39 0.300101

17 39 0.311468

18 39 0.321605

19 39 0.330473

20 39 0.338036

21 39 0.344266

22 39 0.349137

23 39 0.35263

24 39 0.354731

25 39 0.355432

26 39 0.354731

27 39 0.35263

28 39 0.349137

29 39 0.344266

30 39 0.338036

31 39 0.330473

32 39 0.321605

33 39 0.311468

34 39 0.300101

35 39 0.287551

36 39 0.273865

37 39 0.259099

38 39 0.24331

39 39 0.226561

40 39 0.208918

41 39 0.19045

42 39 0.171231

43 39 0.151336

44 39 0.130843

45 39 0.109835

46 39 0.0883924

47 39 0.0666014

48 39 0.0445475

49 39 0.0223178

50 39 0

0 40 0

1 40 0.0205798

2 40 0.0410784

3 40 0.0614148

4 40 0.0815089

5 40 0.101281

6 40 0.120654

7 40 0.139551

8 40 0.157896

9 40 0.175619

10 40 0.192649

11 40 0.208918

12 40 0.224363

13 40 0.238922

14 40 0.252538

15 40 0.265158

16 40 0.276731

17 40 0.287212

18 40 0.29656

19 40 0.304737

20 40 0.311712

21 40 0.317456

22 40 0.321948

23 40 0.325169

24 40 0.327107

25 40 0.327753

26 40 0.327107

27 40 0.325169

28 40 0.321948

29 40 0.317456

30 40 0.311712

31 40 0.304737

32 40 0.29656

33 40 0.287212

34 40 0.276731

35 40 0.265158

36 40 0.252538

37 40 0.238922

38 40 0.224363

39 40 0.208918

40 40 0.192649

41 40 0.175619

42 40 0.157896

43 40 0.139551

44 40 0.120654

45 40 0.101281

46 40 0.0815089

47 40 0.0614148

48 40 0.0410784

49 40 0.0205798

50 40 0

0 41 0

1 41 0.0187606

2 41 0.0374472

3 41 0.055986

4 41 0.0743038

5 41 0.0923284

6 41 0.109989

7 41 0.127215

8 41 0.143939

9 41 0.160095

10 41 0.175619

11 41 0.19045

12 41 0.20453

13 41 0.217802

14 41 0.230215

15 41 0.241719

16 41 0.252269

17 41 0.261824

18 41 0.270345

19 41 0.277799

20 41 0.284157

21 41 0.289394

22 41 0.293489

23 41 0.296425

24 41 0.298191

25 41 0.298781

26 41 0.298191

27 41 0.296425

28 41 0.293489

29 41 0.289394

30 41 0.284157

31 41 0.277799

32 41 0.270345

33 41 0.261824

34 41 0.252269

35 41 0.241719

36 41 0.230215

37 41 0.217802

38 41 0.20453

39 41 0.19045

40 41 0.175619

41 41 0.160095

42 41 0.143939

43 41 0.127215

44 41 0.109989

45 41 0.0923284

46 41 0.0743038

47 41 0.055986

48 41 0.0374472

49 41 0.0187606

50 41 0

0 42 0

1 42 0.0168674

2 42 0.0336682

3 42 0.0503361

4 42 0.0668054

5 42 0.083011

6 42 0.098889

7 42 0.114377

8 42 0.129413

9 42 0.143939

10 42 0.157896

11 42 0.171231

12 42 0.183889

13 42 0.195822

14 42 0.206982

15 42 0.217326

16 42 0.226811

17 42 0.235402

18 42 0.243063

19 42 0.249765

20 42 0.255482

21 42 0.26019

22 42 0.263871

23 42 0.266511

24 42 0.268099

25 42 0.268629

26 42 0.268099

27 42 0.266511

28 42 0.263871

29 42 0.26019

30 42 0.255482

31 42 0.249765

32 42 0.243063

33 42 0.235402

34 42 0.226811

35 42 0.217326

36 42 0.206982

37 42 0.195822

38 42 0.183889

39 42 0.171231

40 42 0.157896

41 42 0.143939

42 42 0.129413

43 42 0.114377

44 42 0.098889

45 42 0.083011

46 42 0.0668054

47 42 0.0503361

48 42 0.0336682

49 42 0.0168674

50 42 0

0 43 0

1 43 0.0149076

2 43 0.0297563

3 43 0.0444876

4 43 0.0590434

5 43 0.0733661

6 43 0.0873992

7 43 0.101087

8 43 0.114377

9 43 0.127215

10 43 0.139551

11 43 0.151336

12 43 0.162524

13 43 0.17307

14 43 0.182933

15 43 0.192075

16 43 0.200458

17 43 0.208051

18 43 0.214822

19 43 0.220745

20 43 0.225798

21 43 0.229959

22 43 0.233212

23 43 0.235545

24 43 0.236949

25 43 0.237418

26 43 0.236949

27 43 0.235545

28 43 0.233212

29 43 0.229959

30 43 0.225798

31 43 0.220745

32 43 0.214822

33 43 0.208051

34 43 0.200458

35 43 0.192075

36 43 0.182933

37 43 0.17307

38 43 0.162524

39 43 0.151336

40 43 0.139551

41 43 0.127215

42 43 0.114377

43 43 0.101087

44 43 0.0873992

45 43 0.0733661

46 43 0.0590434

47 43 0.0444876

48 43 0.0297563

49 43 0.0149076

50 43 0

0 44 0

1 44 0.0128889

2 44 0.025727

3 44 0.0384636

4 44 0.0510483

5 44 0.0634316

6 44 0.0755645

7 44 0.0873992

8 44 0.098889

9 44 0.109989

10 44 0.120654

11 44 0.130843

12 44 0.140516

13 44 0.149635

14 44 0.158162

15 44 0.166066

16 44 0.173314

17 44 0.179879

18 44 0.185733

19 44 0.190854

20 44 0.195222

21 44 0.19882

22 44 0.201633

23 44 0.20365

24 44 0.204864

25 44 0.205269

26 44 0.204864

27 44 0.20365

28 44 0.201633

29 44 0.19882

30 44 0.195222

31 44 0.190854

32 44 0.185733

33 44 0.179879

34 44 0.173314

35 44 0.166066

36 44 0.158162

37 44 0.149635

38 44 0.140516

39 44 0.130843

40 44 0.120654

41 44 0.109989

42 44 0.098889

43 44 0.0873992

44 44 0.0755645

45 44 0.0634316

46 44 0.0510483

47 44 0.0384636

48 44 0.025727

49 44 0.0128889

50 44 0

0 45 0

1 45 0.0108194

2 45 0.0215962

3 45 0.0322877

4 45 0.0428518

5 45 0.0532467

6 45 0.0634316

7 45 0.0733661

8 45 0.083011

9 45 0.0923284

10 45 0.101281

11 45 0.109835

12 45 0.117954

13 45 0.125609

14 45 0.132767

15 45 0.139402

16 45 0.145486

17 45 0.150996

18 45 0.155911

19 45 0.16021

20 45 0.163877

21 45 0.166897

22 45 0.169258

23 45 0.170951

24 45 0.17197

25 45 0.17231

26 45 0.17197

27 45 0.170951

28 45 0.169258

29 45 0.166897

30 45 0.163877

31 45 0.16021

32 45 0.155911

33 45 0.150996

34 45 0.145486

35 45 0.139402

36 45 0.132767

37 45 0.125609

38 45 0.117954

39 45 0.109835

40 45 0.101281

41 45 0.0923284

42 45 0.083011

43 45 0.0733661

44 45 0.0634316

45 45 0.0532467

46 45 0.0428518

47 45 0.0322877

48 45 0.0215962

49 45 0.0108194

50 45 0

0 46 0

1 46 0.00870724

2 46 0.0173801

3 46 0.0259844

4 46 0.0344861

5 46 0.0428518

6 46 0.0510483

7 46 0.0590434

8 46 0.0668054

9 46 0.0743038

10 46 0.0815089

11 46 0.0883924

12 46 0.094927

13 46 0.101087

14 46 0.106848

15 46 0.112187

16 46 0.117084

17 46 0.121519

18 46 0.125474

19 46 0.128933

20 46 0.131884

21 46 0.134315

22 46 0.136215

23 46 0.137578

24 46 0.138398

25 46 0.138671

26 46 0.138398

27 46 0.137578

28 46 0.136215

29 46 0.134315

30 46 0.131884

31 46 0.128933

32 46 0.125474

33 46 0.121519

34 46 0.117084

35 46 0.112187

36 46 0.106848

37 46 0.101087

38 46 0.094927

39 46 0.0883924

40 46 0.0815089

41 46 0.0743038

42 46 0.0668054

43 46 0.0590434

44 46 0.0510483

45 46 0.0428518

46 46 0.0344861

47 46 0.0259844

48 46 0.0173801

49 46 0.00870724

50 46 0

0 47 0

1 47 0.00656068

2 47 0.0130955

3 47 0.0195786

4 47 0.0259844

5 47 0.0322877

6 47 0.0384636

7 47 0.0444876

8 47 0.0503361

9 47 0.055986

10 47 0.0614148

11 47 0.0666014

12 47 0.071525

13 47 0.0761664

14 47 0.0805072

15 47 0.0845303

16 47 0.0882197

17 47 0.0915611

18 47 0.094541

19 47 0.0971479

20 47 0.0993713

21 47 0.101203

22 47 0.102634

23 47 0.103661

24 47 0.104279

25 47 0.104485

26 47 0.104279

27 47 0.103661

28 47 0.102634

29 47 0.101203

30 47 0.0993713

31 47 0.0971479

32 47 0.094541

33 47 0.0915611

34 47 0.0882197

35 47 0.0845303

36 47 0.0805072

37 47 0.0761664

38 47 0.071525

39 47 0.0666014

40 47 0.0614148

41 47 0.055986

42 47 0.0503361

43 47 0.0444876

44 47 0.0384636

45 47 0.0322877

46 47 0.0259844

47 47 0.0195786

48 47 0.0130955

49 47 0.00656068

50 47 0

0 48 0

1 48 0.00438822

2 48 0.00875913

3 48 0.0130955

4 48 0.0173801

5 48 0.0215962

6 48 0.025727

7 48 0.0297563

8 48 0.0336682

9 48 0.0374472

10 48 0.0410784

11 48 0.0445475

12 48 0.0478407

13 48 0.0509452

14 48 0.0538486

15 48 0.0565395

16 48 0.0590073

17 48 0.0612422

18 48 0.0632354

19 48 0.064979

20 48 0.0664662

21 48 0.0676911

22 48 0.0686488

23 48 0.0693356

24 48 0.0697488

25 48 0.0698867

26 48 0.0697488

27 48 0.0693356

28 48 0.0686488

29 48 0.0676911

30 48 0.0664662

31 48 0.064979

32 48 0.0632354

33 48 0.0612422

34 48 0.0590073

35 48 0.0565395

36 48 0.0538486

37 48 0.0509452

38 48 0.0478407

39 48 0.0445475

40 48 0.0410784

41 48 0.0374472

42 48 0.0336682

43 48 0.0297563

44 48 0.025727

45 48 0.0215962

46 48 0.0173801

47 48 0.0130955

48 48 0.00875913

49 48 0.00438822

50 48 0

0 49 0

1 49 0.00219845

2 49 0.00438822

3 49 0.00656068

4 49 0.00870724

5 49 0.0108194

6 49 0.0128889

7 49 0.0149076

8 49 0.0168674

9 49 0.0187606

10 49 0.0205798

11 49 0.0223178

12 49 0.0239677

13 49 0.025523

14 49 0.0269776

15 49 0.0283257

16 49 0.029562

17 49 0.0306816

18 49 0.0316802

19 49 0.0325537

20 49 0.0332988

21 49 0.0339125

22 49 0.0343923

23 49 0.0347364

24 49 0.0349434

25 49 0.0350124

26 49 0.0349434

27 49 0.0347364

28 49 0.0343923

29 49 0.0339125

30 49 0.0332988

31 49 0.0325537

32 49 0.0316802

33 49 0.0306816

34 49 0.029562

35 49 0.0283257

36 49 0.0269776

37 49 0.025523

38 49 0.0239677

39 49 0.0223178

40 49 0.0205798

41 49 0.0187606

42 49 0.0168674

43 49 0.0149076

44 49 0.0128889

45 49 0.0108194

46 49 0.00870724

47 49 0.00656068

48 49 0.00438822

49 49 0.00219845

50 49 0

