0 1 0

1 1 0.000432464

2 1 0.00086322

3 1 0.00129057

4 1 0.00171283

5 1 0.00212832

6 1 0.00253542

7 1 0.00293251

8 1 0.00331803

9 1 0.00369045

10 1 0.00404831

11 1 0.0043902

12 1 0.00471475

13 1 0.0050207

14 1 0.00530683

15 1 0.00557203

16 1 0.00581523

17 1 0.00603548

18 1 0.00623191

19 1 0.00640375

20 1 0.00655031

21 1 0.00667102

22 1 0.00676541

23 1 0.00683309

24 1 0.00687381

25 1 0.0068874

26 1 0.00687381

27 1 0.00683309

28 1 0.00676541

29 1 0.00667102

30 1 0.00655031

31 1 0.00640375

32 1 0.00623191

33 1 0.00603548

34 1 0.00581523

35 1 0.00557203

36 1 0.00530683

37 1 0.0050207

38 1 0.00471475

39 1 0.0043902

40 1 0.00404831

41 1 0.00369045

42 1 0.00331803

43 1 0.00293251

44 1 0.00253542

45 1 0.00212832

46 1 0.00171283

47 1 0.00129057

48 1 0.00086322

49 1 0.000432464

50 1 0

0 2 0

1 2 0.00086322

2 2 0.00172303

3 2 0.00257605

4 2 0.0034189

5 2 0.00424825

6 2 0.00506084

7 2 0.00585345

8 2 0.00662297

9 2 0.00736635

10 2 0.00808065

11 2 0.00876307

12 2 0.0094109

13 2 0.0100216

14 2 0.0105927

15 2 0.0111221

16 2 0.0116075

17 2 0.0120471

18 2 0.0124392

19 2 0.0127822

20 2 0.0130748

21 2 0.0133157

22 2 0.0135041

23 2 0.0136392

24 2 0.0137205

25 2 0.0137476

26 2 0.0137205

27 2 0.0136392

28 2 0.0135041

29 2 0.0133157

30 2 0.0130748

31 2 0.0127822

32 2 0.0124392

33 2 0.0120471

34 2 0.0116075

35 2 0.0111221

36 2 0.0105927

37 2 0.0100216

38 2 0.0094109

39 2 0.00876307

40 2 0.00808065

41 2 0.00736635

42 2 0.00662297

43 2 0.00585345

44 2 0.00506084

45 2 0.00424825

46 2 0.0034189

47 2 0.00257605

48 2 0.00172303

49 2 0.00086322

50 2 0

0 3 0

1 3 0.00129057

2 3 0.00257605

3 3 0.00385136

4 3 0.00511147

5 3 0.00635141

6 3 0.00756628

7 3 0.00875129

8 3 0.00990177

9 3 0.0110132

10 3 0.0120811

11 3 0.0131014

12 3 0.0140699

13 3 0.0149829

14 3 0.0158368

15 3 0.0166282

16 3 0.017354

17 3 0.0180112

18 3 0.0185974

19 3 0.0191102

20 3 0.0195476

21 3 0.0199079

22 3 0.0201895

23 3 0.0203915

24 3 0.020513

25 3 0.0205536

26 3 0.020513

27 3 0.0203915

28 3 0.0201895

29 3 0.0199079

30 3 0.0195476

31 3 0.0191102

32 3 0.0185974

33 3 0.0180112

34 3 0.017354

35 3 0.0166282

36 3 0.0158368

37 3 0.0149829

38 3 0.0140699

39 3 0.0131014

40 3 0.0120811

41 3 0.0110132

42 3 0.00990177

43 3 0.00875129

44 3 0.00756628

45 3 0.00635141

46 3 0.00511147

47 3 0.00385136

48 3 0.00257605

49 3 0.00129057

50 3 0

0 4 0

1 4 0.00171283

2 4 0.0034189

3 4 0.00511147

4 4 0.00678387

5 4 0.0084295

6 4 0.0100419

7 4 0.0116146

8 4 0.0131415

9 4 0.0146165

10 4 0.0160339

11 4 0.0173879

12 4 0.0186734

13 4 0.0198851

14 4 0.0210184

15 4 0.0220687

16 4 0.0230319

17 4 0.0239043

18 4 0.0246823

19 4 0.0253629

20 4 0.0259433

21 4 0.0264214

22 4 0.0267953

23 4 0.0270633

24 4 0.0272246

25 4 0.0272784

26 4 0.0272246

27 4 0.0270633

28 4 0.0267953

29 4 0.0264214

30 4 0.0259433

31 4 0.0253629

32 4 0.0246823

33 4 0.0239043

34 4 0.0230319

35 4 0.0220687

36 4 0.0210184

37 4 0.0198851

38 4 0.0186734

39 4 0.0173879

40 4 0.0160339

41 4 0.0146165

42 4 0.0131415

43 4 0.0116146

44 4 0.0100419

45 4 0.0084295

46 4 0.00678387

47 4 0.00511147

48 4 0.0034189

49 4 0.00171283

50 4 0

0 5 0

1 5 0.00212832

2 5 0.00424825

3 5 0.00635141

4 5 0.0084295

5 5 0.0104743

6 5 0.0124778

7 5 0.0144321

8 5 0.0163293

9 5 0.0181622

10 5 0.0199234

11 5 0.0216059

12 5 0.0232032

13 5 0.0247089

14 5 0.026117

15 5 0.0274221

16 5 0.028619

17 5 0.029703

18 5 0.0306697

19 5 0.0315154

20 5 0.0322367

21 5 0.0328307

22 5 0.0332952

23 5 0.0336284

24 5 0.0338287

25 5 0.0338956

26 5 0.0338287

27 5 0.0336284

28 5 0.0332952

29 5 0.0328307

30 5 0.0322367

31 5 0.0315154

32 5 0.0306697

33 5 0.029703

34 5 0.028619

35 5 0.0274221

36 5 0.026117

37 5 0.0247089

38 5 0.0232032

39 5 0.0216059

40 5 0.0199234

41 5 0.0181622

42 5 0.0163293

43 5 0.0144321

44 5 0.0124778

45 5 0.0104743

46 5 0.0084295

47 5 0.00635141

48 5 0.00424825

49 5 0.00212832

50 5 0

0 6 0

1 6 0.00253542

2 6 0.00506084

3 6 0.00756628

4 6 0.0100419

5 6 0.0124778

6 6 0.0148645

7 6 0.0171926

8 6 0.0194528

9 6 0.0216362

10 6 0.0237342

11 6 0.0257386

12 6 0.0276414

13 6 0.0294351

14 6 0.0311126

15 6 0.0326673

16 6 0.0340932

17 6 0.0353844

18 6 0.0365361

19 6 0.0375435

20 6 0.0384028

21 6 0.0391105

22 6 0.0396638

23 6 0.0400607

24 6 0.0402994

25 6 0.0403791

26 6 0.0402994

27 6 0.0400607

28 6 0.0396638

29 6 0.0391105

30 6 0.0384028

31 6 0.0375435

32 6 0.0365361

33 6 0.0353844

34 6 0.0340932

35 6 0.0326673

36 6 0.0311126

37 6 0.0294351

38 6 0.0276414

39 6 0.0257386

40 6 0.0237342

41 6 0.0216362

42 6 0.0194528

43 6 0.0171926

44 6 0.0148645

45 6 0.0124778

46 6 0.0100419

47 6 0.00756628

48 6 0.00506084

49 6 0.00253542

50 6 0

0 7 0

1 7 0.00293251

2 7 0.00585345

3 7 0.00875129

4 7 0.0116146

5 7 0.0144321

6 7 0.0171926

7 7 0.0198852

8 7 0.0224994

9 7 0.0250248

10 7 0.0274514

11 7 0.0297697

12 7 0.0319705

13 7 0.0340451

14 7 0.0359854

15 7 0.0377836

16 7 0.0394328

17 7 0.0409263

18 7 0.0422583

19 7 0.0434235

20 7 0.0444173

21 7 0.0452359

22 7 0.0458759

23 7 0.0463349

24 7 0.046611

25 7 0.0467031

26 7 0.046611

27 7 0.0463349

28 7 0.0458759

29 7 0.0452359

30 7 0.0444173

31 7 0.0434235

32 7 0.0422583

33 7 0.0409263

34 7 0.0394328

35 7 0.0377836

36 7 0.0359854

37 7 0.0340451

38 7 0.0319705

39 7 0.0297697

40 7 0.0274514

41 7 0.0250248

42 7 0.0224994

43 7 0.0198852

44 7 0.0171926

45 7 0.0144321

46 7 0.0116146

47 7 0.00875129

48 7 0.00585345

49 7 0.00293251

50 7 0

0 8 0

1 8 0.00331803

2 8 0.00662297

3 8 0.00990177

4 8 0.0131415

5 8 0.0163293

6 8 0.0194528

7 8 0.0224994

8 8 0.0254572

9 8 0.0283146

10 8 0.0310603

11 8 0.0336833

12 8 0.0361734

13 8 0.0385208

14 8 0.0407161

15 8 0.0427508

16 8 0.0446167

17 8 0.0463066

18 8 0.0478137

19 8 0.0491321

20 8 0.0502566

21 8 0.0511827

22 8 0.0519069

23 8 0.0524262

24 8 0.0527386

25 8 0.0528429

26 8 0.0527386

27 8 0.0524262

28 8 0.0519069

29 8 0.0511827

30 8 0.0502566

31 8 0.0491321

32 8 0.0478137

33 8 0.0463066

34 8 0.0446167

35 8 0.0427508

36 8 0.0407161

37 8 0.0385208

38 8 0.0361734

39 8 0.0336833

40 8 0.0310603

41 8 0.0283146

42 8 0.0254572

43 8 0.0224994

44 8 0.0194528

45 8 0.0163293

46 8 0.0131415

47 8 0.00990177

48 8 0.00662297

49 8 0.00331803

50 8 0

0 9 0

1 9 0.00369045

2 9 0.00736635

3 9 0.0110132

4 9 0.0146165

5 9 0.0181622

6 9 0.0216362

7 9 0.0250248

8 9 0.0283146

9 9 0.0314927

10 9 0.0345465

11 9 0.037464

12 9 0.0402336

13 9 0.0428445

14 9 0.0452862

15 9 0.0475492

16 9 0.0496246

17 9 0.0515041

18 9 0.0531804

19 9 0.0546468

20 9 0.0558975

21 9 0.0569276

22 9 0.057733

23 9 0.0583106

24 9 0.0586581

25 9 0.0587741

26 9 0.0586581

27 9 0.0583106

28 9 0.057733

29 9 0.0569276

30 9 0.0558975

31 9 0.0546468

32 9 0.0531804

33 9 0.0515041

34 9 0.0496246

35 9 0.0475492

36 9 0.0452862

37 9 0.0428445

38 9 0.0402336

39 9 0.037464

40 9 0.0345465

41 9 0.0314927

42 9 0.0283146

43 9 0.0250248

44 9 0.0216362

45 9 0.0181622

46 9 0.0146165

47 9 0.0110132

48 9 0.00736635

49 9 0.00369045

50 9 0

0 10 0

1 10 0.00404831

2 10 0.00808065

3 10 0.0120811

4 10 0.0160339

5 10 0.0199234

6 10 0.0237342

7 10 0.0274514

8 10 0.0310603

9 10 0.0345465

10 10 0.0378965

11 10 0.0410968

12 10 0.044135

13 10 0.046999

14 10 0.0496776

15 10 0.05216

16 10 0.0544366

17 10 0.0564984

18 10 0.0583372

19 10 0.0599458

20 10 0.0613178

21 10 0.0624478

22 10 0.0633313

23 10 0.0639649

24 10 0.0643461

25 10 0.0644733

26 10 0.0643461

27 10 0.0639649

28 10 0.0633313

29 10 0.0624478

30 10 0.0613178

31 10 0.0599458

32 10 0.0583372

33 10 0.0564984

34 10 0.0544366

35 10 0.05216

36 10 0.0496776

37 10 0.046999

38 10 0.044135

39 10 0.0410968

40 10 0.0378965

41 10 0.0345465

42 10 0.0310603

43 10 0.0274514

44 10 0.0237342

45 10 0.0199234

46 10 0.0160339

47 10 0.0120811

48 10 0.00808065

49 10 0.00404831

50 10 0

0 11 0

1 11 0.0043902

2 11 0.00876307

3 11 0.0131014

4 11 0.0173879

5 11 0.0216059

6 11 0.0257386

7 11 0.0297697

8 11 0.0336833

9 11 0.037464

10 11 0.0410968

11 11 0.0445675

12 11 0.0478623

13 11 0.0509681

14 11 0.0538728

15 11 0.056565

16 11 0.0590338

17 11 0.0612697

18 11 0.0632638

19 11 0.0650082

20 11 0.0664961

21 11 0.0677215

22 11 0.0686797

23 11 0.0693668

24 11 0.0697802

25 11 0.0699181

26 11 0.0697802

27 11 0.0693668

28 11 0.0686797

29 11 0.0677215

30 11 0.0664961

31 11 0.0650082

32 11 0.0632638

33 11 0.0612697

34 11 0.0590338

35 11 0.056565

36 11 0.0538728

37 11 0.0509681

38 11 0.0478623

39 11 0.0445675

40 11 0.0410968

41 11 0.037464

42 11 0.0336833

43 11 0.0297697

44 11 0.0257386

45 11 0.0216059

46 11 0.0173879

47 11 0.0131014

48 11 0.00876307

49 11 0.0043902

50 11 0

0 12 0

1 12 0.00471475

2 12 0.0094109

3 12 0.0140699

4 12 0.0186734

5 12 0.0232032

6 12 0.0276414

7 12 0.0319705

8 12 0.0361734

9 12 0.0402336

10 12 0.044135

11 12 0.0478623

12 12 0.0514006

13 12 0.0547361

14 12 0.0578555

15 12 0.0607467

16 12 0.063398

17 12 0.0657992

18 12 0.0679407

19 12 0.0698141

20 12 0.071412

21 12 0.072728

22 12 0.073757

23 12 0.0744949

24 12 0.0749388

25 12 0.075087

26 12 0.0749388

27 12 0.0744949

28 12 0.073757

29 12 0.072728

30 12 0.071412

31 12 0.0698141

32 12 0.0679407

33 12 0.0657992

34 12 0.063398

35 12 0.0607467

36 12 0.0578555

37 12 0.0547361

38 12 0.0514006

39 12 0.0478623

40 12 0.044135

41 12 0.0402336

42 12 0.0361734

43 12 0.0319705

44 12 0.0276414

45 12 0.0232032

46 12 0.0186734

47 12 0.0140699

48 12 0.0094109

49 12 0.00471475

50 12 0

0 13 0

1 13 0.0050207

2 13 0.0100216

3 13 0.0149829

4 13 0.0198851

5 13 0.0247089

6 13 0.0294351

7 13 0.0340451

8 13 0.0385208

9 13 0.0428445

10 13 0.046999

11 13 0.0509681

12 13 0.0547361

13 13 0.058288

14 13 0.0616099

15 13 0.0646886

16 13 0.0675121

17 13 0.0700691

18 13 0.0723495

19 13 0.0743445

20 13 0.076046

21 13 0.0774475

22 13 0.0785432

23 13 0.079329

24 13 0.0798017

25 13 0.0799595

26 13 0.0798017

27 13 0.079329

28 13 0.0785432

29 13 0.0774475

30 13 0.076046

31 13 0.0743445

32 13 0.0723495

33 13 0.0700691

34 13 0.0675121

35 13 0.0646886

36 13 0.0616099

37 13 0.058288

38 13 0.0547361

39 13 0.0509681

40 13 0.046999

41 13 0.0428445

42 13 0.0385208

43 13 0.0340451

44 13 0.0294351

45 13 0.0247089

46 13 0.0198851

47 13 0.0149829

48 13 0.0100216

49 13 0.0050207

50 13 0

0 14 0

1 14 0.00530683

2 14 0.0105927

3 14 0.0158368

4 14 0.0210184

5 14 0.026117

6 14 0.0311126

7 14 0.0359854

8 14 0.0407161

9 14 0.0452862

10 14 0.0496776

11 14 0.0538728

12 14 0.0578555

13 14 0.0616099

14 14 0.0651211

15 14 0.0683753

16 14 0.0713596

17 14 0.0740624

18 14 0.0764728

19 14 0.0785815

20 14 0.08038

21 14 0.0818613

22 14 0.0830195

23 14 0.0838501

24 14 0.0843497

25 14 0.0845165

26 14 0.0843497

27 14 0.0838501

28 14 0.0830195

29 14 0.0818613

30 14 0.08038

31 14 0.0785815

32 14 0.0764728

33 14 0.0740624

34 14 0.0713596

35 14 0.0683753

36 14 0.0651211

37 14 0.0616099

38 14 0.0578555

39 14 0.0538728

40 14 0.0496776

41 14 0.0452862

42 14 0.0407161

43 14 0.0359854

44 14 0.0311126

45 14 0.026117

46 14 0.0210184

47 14 0.0158368

48 14 0.0105927

49 14 0.00530683

50 14 0

0 15 0

1 15 0.00557203

2 15 0.0111221

3 15 0.0166282

4 15 0.0220687

5 15 0.0274221

6 15 0.0326673

7 15 0.0377836

8 15 0.0427508

9 15 0.0475492

10 15 0.05216

11 15 0.056565

12 15 0.0607467

13 15 0.0646886

14 15 0.0683753

15 15 0.0717921

16 15 0.0749256

17 15 0.0777634

18 15 0.0802943

19 15 0.0825083

20 15 0.0843967

21 15 0.085952

22 15 0.0871681

23 15 0.0880402

24 15 0.0885648

25 15 0.0887399

26 15 0.0885648

27 15 0.0880402

28 15 0.0871681

29 15 0.085952

30 15 0.0843967

31 15 0.0825083

32 15 0.0802943

33 15 0.0777634

34 15 0.0749256

35 15 0.0717921

36 15 0.0683753

37 15 0.0646886

38 15 0.0607467

39 15 0.056565

40 15 0.05216

41 15 0.0475492

42 15 0.0427508

43 15 0.0377836

44 15 0.0326673

45 15 0.0274221

46 15 0.0220687

47 15 0.0166282

48 15 0.0111221

49 15 0.00557203

50 15 0

0 16 0

1 16 0.00581523

2 16 0.0116075

3 16 0.017354

4 16 0.0230319

5 16 0.028619

6 16 0.0340932

7 16 0.0394328

8 16 0.0446167

9 16 0.0496246

10 16 0.0544366

11 16 0.0590338

12 16 0.063398

13 16 0.0675121

14 16 0.0713596

15 16 0.0749256

16 16 0.0781958

17 16 0.0811575

18 16 0.0837989

19 16 0.0861095

20 16 0.0880803

21 16 0.0897035

22 16 0.0909727

23 16 0.0918828

24 16 0.0924304

25 16 0.0926131

26 16 0.0924304

27 16 0.0918828

28 16 0.0909727

29 16 0.0897035

30 16 0.0880803

31 16 0.0861095

32 16 0.0837989

33 16 0.0811575

34 16 0.0781958

35 16 0.0749256

36 16 0.0713596

37 16 0.0675121

38 16 0.063398

39 16 0.0590338

40 16 0.0544366

41 16 0.0496246

42 16 0.0446167

43 16 0.0394328

44 16 0.0340932

45 16 0.028619

46 16 0.0230319

47 16 0.017354

48 16 0.0116075

49 16 0.00581523

50 16 0

0 17 0

1 17 0.00603548

2 17 0.0120471

3 17 0.0180112

4 17 0.0239043

5 17 0.029703

6 17 0.0353844

7 17 0.0409263

8 17 0.0463066

9 17 0.0515041

10 17 0.0564984

11 17 0.0612697

12 17 0.0657992

13 17 0.0700691

14 17 0.0740624

15 17 0.0777634

16 17 0.0811575

17 17 0.0842313

18 17 0.0869727

19 17 0.0893709

20 17 0.0914163

21 17 0.093101

22 17 0.0944183

23 17 0.0953629

24 17 0.0959312

25 17 0.0961208

26 17 0.0959312

27 17 0.0953629

28 17 0.0944183

29 17 0.093101

30 17 0.0914163

31 17 0.0893709

32 17 0.0869727

33 17 0.0842313

34 17 0.0811575

35 17 0.0777634

36 17 0.0740624

37 17 0.0700691

38 17 0.0657992

39 17 0.0612697

40 17 0.0564984

41 17 0.0515041

42 17 0.0463066

43 17 0.0409263

44 17 0.0353844

45 17 0.029703

46 17 0.0239043

47 17 0.0180112

48 17 0.0120471

49 17 0.00603548

50 17 0

0 18 0

1 18 0.00623191

2 18 0.0124392

3 18 0.0185974

4 18 0.0246823

5 18 0.0306697

6 18 0.0365361

7 18 0.0422583

8 18 0.0478137

9 18 0.0531804

10 18 0.0583372

11 18 0.0632638

12 18 0.0679407

13 18 0.0723495

14 18 0.0764728

15 18 0.0802943

16 18 0.0837989

17 18 0.0869727

18 18 0.0898034

19 18 0.0922796

20 18 0.0943916

21 18 0.0961311

22 18 0.0974912

23 18 0.0984666

24 18 0.0990533

25 18 0.0992492

26 18 0.0990533

27 18 0.0984666

28 18 0.0974912

29 18 0.0961311

30 18 0.0943916

31 18 0.0922796

32 18 0.0898034

33 18 0.0869727

34 18 0.0837989

35 18 0.0802943

36 18 0.0764728

37 18 0.0723495

38 18 0.0679407

39 18 0.0632638

40 18 0.0583372

41 18 0.0531804

42 18 0.0478137

43 18 0.0422583

44 18 0.0365361

45 18 0.0306697

46 18 0.0246823

47 18 0.0185974

48 18 0.0124392

49 18 0.00623191

50 18 0

0 19 0

1 19 0.00640375

2 19 0.0127822

3 19 0.0191102

4 19 0.0253629

5 19 0.0315154

6 19 0.0375435

7 19 0.0434235

8 19 0.0491321

9 19 0.0546468

10 19 0.0599458

11 19 0.0650082

12 19 0.0698141

13 19 0.0743445

14 19 0.0785815

15 19 0.0825083

16 19 0.0861095

17 19 0.0893709

18 19 0.0922796

19 19 0.0948241

20 19 0.0969943

21 19 0.0987818

22 19 0.100179

23 19 0.101182

24 19 0.101785

25 19 0.101986

26 19 0.101785

27 19 0.101182

28 19 0.100179

29 19 0.0987818

30 19 0.0969943

31 19 0.0948241

32 19 0.0922796

33 19 0.0893709

34 19 0.0861095

35 19 0.0825083

36 19 0.0785815

37 19 0.0743445

38 19 0.0698141

39 19 0.0650082

40 19 0.0599458

41 19 0.0546468

42 19 0.0491321

43 19 0.0434235

44 19 0.0375435

45 19 0.0315154

46 19 0.0253629

47 19 0.0191102

48 19 0.0127822

49 19 0.00640375

50 19 0

0 20 0

1 20 0.00655031

2 20 0.0130748

3 20 0.0195476

4 20 0.0259433

5 20 0.0322367

6 20 0.0384028

7 20 0.0444173

8 20 0.0502566

9 20 0.0558975

10 20 0.0613178

11 20 0.0664961

12 20 0.071412

13 20 0.076046

14 20 0.08038

15 20 0.0843967

16 20 0.0880803

17 20 0.0914163

18 20 0.0943916

19 20 0.0969943

20 20 0.0992142

21 20 0.101043

22 20 0.102472

23 20 0.103497

24 20 0.104114

25 20 0.10432

26 20 0.104114

27 20 0.103497

28 20 0.102472

29 20 0.101043

30 20 0.0992142

31 20 0.0969943

32 20 0.0943916

33 20 0.0914163

34 20 0.0880803

35 20 0.0843967

36 20 0.08038

37 20 0.076046

38 20 0.071412

39 20 0.0664961

40 20 0.0613178

41 20 0.0558975

42 20 0.0502566

43 20 0.0444173

44 20 0.0384028

45 20 0.0322367

46 20 0.0259433

47 20 0.0195476

48 20 0.0130748

49 20 0.00655031

50 20 0

0 21 0

1 21 0.00667102

2 21 0.0133157

3 21 0.0199079

4 21 0.0264214

5 21 0.0328307

6 21 0.0391105

7 21 0.0452359

8 21 0.0511827

9 21 0.0569276

10 21 0.0624478

11 21 0.0677215

12 21 0.072728

13 21 0.0774475

14 21 0.0818613

15 21 0.085952

16 21 0.0897035

17 21 0.093101

18 21 0.0961311

19 21 0.0987818

20 21 0.101043

21 21 0.102905

22 21 0.104361

23 21 0.105405

24 21 0.106033

25 21 0.106243

26 21 0.106033

27 21 0.105405

28 21 0.104361

29 21 0.102905

30 21 0.101043

31 21 0.0987818

32 21 0.0961311

33 21 0.093101

34 21 0.0897035

35 21 0.085952

36 21 0.0818613

37 21 0.0774475

38 21 0.072728

39 21 0.0677215

40 21 0.0624478

41 21 0.0569276

42 21 0.0511827

43 21 0.0452359

44 21 0.0391105

45 21 0.0328307

46 21 0.0264214

47 21 0.0199079

48 21 0.0133157

49 21 0.00667102

50 21 0

0 22 0

1 22 0.00676541

2 22 0.0135041

3 22 0.0201895

4 22 0.0267953

5 22 0.0332952

6 22 0.0396638

7 22 0.0458759

8 22 0.0519069

9 22 0.057733

10 22 0.0633313

11 22 0.0686797

12 22 0.073757

13 22 0.0785432

14 22 0.0830195

15 22 0.0871681

16 22 0.0909727

17 22 0.0944183

18 22 0.0974912

19 22 0.100179

20 22 0.102472

21 22 0.104361

22 22 0.105837

23 22 0.106896

24 22 0.107533

25 22 0.107746

26 22 0.107533

27 22 0.106896

28 22 0.105837

29 22 0.104361

30 22 0.102472

31 22 0.100179

32 22 0.0974912

33 22 0.0944183

34 22 0.0909727

35 22 0.0871681

36 22 0.0830195

37 22 0.0785432

38 22 0.073757

39 22 0.0686797

40 22 0.0633313

41 22 0.057733

42 22 0.0519069

43 22 0.0458759

44 22 0.0396638

45 22 0.0332952

46 22 0.0267953

47 22 0.0201895

48 22 0.0135041

49 22 0.00676541

50 22 0

0 23 0

1 23 0.00683309

2 23 0.0136392

3 23 0.0203915

4 23 0.0270633

5 23 0.0336284

6 23 0.0400607

7 23 0.0463349

8 23 0.0524262

9 23 0.0583106

10 23 0.0639649

11 23 0.0693668

12 23 0.0744949

13 23 0.079329

14 23 0.0838501

15 23 0.0880402

16 23 0.0918828

17 23 0.0953629

18 23 0.0984666

19 23 0.101182

20 23 0.103497

21 23 0.105405

22 23 0.106896

23 23 0.107966

24 23 0.108609

25 23 0.108824

26 23 0.108609

27 23 0.107966

28 23 0.106896

29 23 0.105405

30 23 0.103497

31 23 0.101182

32 23 0.0984666

33 23 0.0953629

34 23 0.0918828

35 23 0.0880402

36 23 0.0838501

37 23 0.079329

38 23 0.0744949

39 23 0.0693668

40 23 0.0639649

41 23 0.0583106

42 23 0.0524262

43 23 0.0463349

44 23 0.0400607

45 23 0.0336284

46 23 0.0270633

47 23 0.0203915

48 23 0.0136392

49 23 0.00683309

50 23 0

0 24 0

1 24 0.00687381

2 24 0.0137205

3 24 0.020513

4 24 0.0272246

5 24 0.0338287

6 24 0.0402994

7 24 0.046611

8 24 0.0527386

9 24 0.0586581

10 24 0.0643461

11 24 0.0697802

12 24 0.0749388

13 24 0.0798017

14 24 0.0843497

15 24 0.0885648

16 24 0.0924304

17 24 0.0959312

18 24 0.0990533

19 24 0.101785

20 24 0.104114

21 24 0.106033

22 24 0.107533

23 24 0.108609

24 24 0.109256

25 24 0.109472

26 24 0.109256

27 24 0.108609

28 24 0.107533

29 24 0.106033

30 24 0.104114

31 24 0.101785

32 24 0.0990533

33 24 0.0959312

34 24 0.0924304

35 24 0.0885648

36 24 0.0843497

37 24 0.0798017

38 24 0.0749388

39 24 0.0697802

40 24 0.0643461

41 24 0.0586581

42 24 0.0527386

43 24 0.046611

44 24 0.0402994

45 24 0.0338287

46 24 0.0272246

47 24 0.020513

48 24 0.0137205

49 24 0.00687381

50 24 0

0 25 0

1 25 0.0068874

2 25 0.0137476

3 25 0.0205536

4 25 0.0272784

5 25 0.0338956

6 25 0.0403791

7 25 0.0467031

8 25 0.0528429

9 25 0.0587741

10 25 0.0644733

11 25 0.0699181

12 25 0.075087

13 25 0.0799595

14 25 0.0845165

15 25 0.0887399

16 25 0.0926131

17 25 0.0961208

18 25 0.0992492

19 25 0.101986

20 25 0.10432

21 25 0.106243

22 25 0.107746

23 25 0.108824

24 25 0.109472

25 25 0.109689

26 25 0.109472

27 25 0.108824

28 25 0.107746

29 25 0.106243

30 25 0.10432

31 25 0.101986

32 25 0.0992492

33 25 0.0961208

34 25 0.0926131

35 25 0.0887399

36 25 0.0845165

37 25 0.0799595

38 25 0.075087

39 25 0.0699181

40 25 0.0644733

41 25 0.0587741

42 25 0.0528429

43 25 0.0467031

44 25 0.0403791

45 25 0.0338956

46 25 0.0272784

47 25 0.0205536

48 25 0.0137476

49 25 0.0068874

50 25 0

0 26 0

1 26 0.00687381

2 26 0.0137205

3 26 0.020513

4 26 0.0272246

5 26 0.0338287

6 26 0.0402994

7 26 0.046611

8 26 0.0527386

9 26 0.0586581

10 26 0.0643461

11 26 0.0697802

12 26 0.0749388

13 26 0.0798017

14 26 0.0843497

15 26 0.0885648

16 26 0.0924304

17 26 0.0959312

18 26 0.0990533

19 26 0.101785

20 26 0.104114

21 26 0.106033

22 26 0.107533

23 26 0.108609

24 26 0.109256

25 26 0.109472

26 26 0.109256

27 26 0.108609

28 26 0.107533

29 26 0.106033

30 26 0.104114

31 26 0.101785

32 26 0.0990533

33 26 0.0959312

34 26 0.0924304

35 26 0.0885648

36 26 0.0843497

37 26 0.0798017

38 26 0.0749388

39 26 0.0697802

40 26 0.0643461

41 26 0.0586581

42 26 0.0527386

43 26 0.046611

44 26 0.0402994

45 26 0.0338287

46 26 0.0272246

47 26 0.020513

48 26 0.0137205

49 26 0.00687381

50 26 0

0 27 0

1 27 0.00683309

2 27 0.0136392

3 27 0.0203915

4 27 0.0270633

5 27 0.0336284

6 27 0.0400607

7 27 0.0463349

8 27 0.0524262

9 27 0.0583106

10 27 0.0639649

11 27 0.0693668

12 27 0.0744949

13 27 0.079329

14 27 0.0838501

15 27 0.0880402

16 27 0.0918828

17 27 0.0953629

18 27 0.0984666

19 27 0.101182

20 27 0.103497

21 27 0.105405

22 27 0.106896

23 27 0.107966

24 27 0.108609

25 27 0.108824

26 27 0.108609

27 27 0.107966

28 27 0.106896

29 27 0.105405

30 27 0.103497

31 27 0.101182

32 27 0.0984666

33 27 0.0953629

34 27 0.0918828

35 27 0.0880402

36 27 0.0838501

37 27 0.079329

38 27 0.0744949

39 27 0.0693668

40 27 0.0639649

41 27 0.0583106

42 27 0.0524262

43 27 0.0463349

44 27 0.0400607

45 27 0.0336284

46 27 0.0270633

47 27 0.0203915

48 27 0.0136392

49 27 0.00683309

50 27 0

0 28 0

1 28 0.00676541

2 28 0.0135041

3 28 0.0201895

4 28 0.0267953

5 28 0.0332952

6 28 0.0396638

7 28 0.0458759

8 28 0.0519069

9 28 0.057733

10 28 0.0633313

11 28 0.0686797

12 28 0.073757

13 28 0.0785432

14 28 0.0830195

15 28 0.0871681

16 28 0.0909727

17 28 0.0944183

18 28 0.0974912

19 28 0.100179

20 28 0.102472

21 28 0.104361

22 28 0.105837

23 28 0.106896

24 28 0.107533

25 28 0.107746

26 28 0.107533

27 28 0.106896

28 28 0.105837

29 28 0.104361

30 28 0.102472

31 28 0.100179

32 28 0.0974912

33 28 0.0944183

34 28 0.0909727

35 28 0.0871681

36 28 0.0830195

37 28 0.0785432

38 28 0.073757

39 28 0.0686797

40 28 0.0633313

41 28 0.057733

42 28 0.0519069

43 28 0.0458759

44 28 0.0396638

45 28 0.0332952

46 28 0.0267953

47 28 0.0201895

48 28 0.0135041

49 28 0.00676541

50 28 0

0 29 0

1 29 0.00667102

2 29 0.0133157

3 29 0.0199079

4 29 0.0264214

5 29 0.0328307

6 29 0.0391105

7 29 0.0452359

8 29 0.0511827

9 29 0.0569276

10 29 0.0624478

11 29 0.0677215

12 29 0.072728

13 29 0.0774475

14 29 0.0818613

15 29 0.085952

16 29 0.0897035

17 29 0.093101

18 29 0.0961311

19 29 0.0987818

20 29 0.101043

21 29 0.102905

22 29 0.104361

23 29 0.105405

24 29 0.106033

25 29 0.106243

26 29 0.106033

27 29 0.105405

28 29 0.104361

29 29 0.102905

30 29 0.101043

31 29 0.0987818

32 29 0.0961311

33 29 0.093101

34 29 0.0897035

35 29 0.085952

36 29 0.0818613

37 29 0.0774475

38 29 0.072728

39 29 0.0677215

40 29 0.0624478

41 29 0.0569276

42 29 0.0511827

43 29 0.0452359

44 29 0.0391105

45 29 0.0328307

46 29 0.0264214

47 29 0.0199079

48 29 0.0133157

49 29 0.00667102

50 29 0

0 30 0

1 30 0.00655031

2 30 0.0130748

3 30 0.0195476

4 30 0.0259433

5 30 0.0322367

6 30 0.0384028

7 30 0.0444173

8 30 0.0502566

9 30 0.0558975

10 30 0.0613178

11 30 0.0664961

12 30 0.071412

13 30 0.076046

14 30 0.08038

15 30 0.0843967

16 30 0.0880803

17 30 0.0914163

18 30 0.0943916

19 30 0.0969943

20 30 0.0992142

21 30 0.101043

22 30 0.102472

23 30 0.103497

24 30 0.104114

25 30 0.10432

26 30 0.104114

27 30 0.103497

28 30 0.102472

29 30 0.101043

30 30 0.0992142

31 30 0.0969943

32 30 0.0943916

33 30 0.0914163

34 30 0.0880803

35 30 0.0843967

36 30 0.08038

37 30 0.076046

38 30 0.071412

39 30 0.0664961

40 30 0.0613178

41 30 0.0558975

42 30 0.0502566

43 30 0.0444173

44 30 0.0384028

45 30 0.0322367

46 30 0.0259433

47 30 0.0195476

48 30 0.0130748

49 30 0.00655031

50 30 0

0 31 0

1 31 0.00640375

2 31 0.0127822

3 31 0.0191102

4 31 0.0253629

5 31 0.0315154

6 31 0.0375435

7 31 0.0434235

8 31 0.0491321

9 31 0.0546468

10 31 0.0599458

11 31 0.0650082

12 31 0.0698141

13 31 0.0743445

14 31 0.0785815

15 31 0.0825083

16 31 0.0861095

17 31 0.0893709

18 31 0.0922796

19 31 0.0948241

20 31 0.0969943

21 31 0.0987818

22 31 0.100179

23 31 0.101182

24 31 0.101785

25 31 0.101986

26 31 0.101785

27 31 0.101182

28 31 0.100179

29 31 0.0987818

30 31 0.0969943

31 31 0.0948241

32 31 0.0922796

33 31 0.0893709

34 31 0.0861095

35 31 0.0825083

36 31 0.0785815

37 31 0.0743445

38 31 0.0698141

39 31 0.0650082

40 31 0.0599458

41 31 0.0546468

42 31 0.0491321

43 31 0.0434235

44 31 0.0375435

45 31 0.0315154

46 31 0.0253629

47 31 0.0191102

48 31 0.0127822

49 31 0.00640375

50 31 0

0 32 0

1 32 0.00623191

2 32 0.0124392

3 32 0.0185974

4 32 0.0246823

5 32 0.0306697

6 32 0.0365361

7 32 0.0422583

8 32 0.0478137

9 32 0.0531804

10 32 0.0583372

11 32 0.0632638

12 32 0.0679407

13 32 0.0723495

14 32 0.0764728

15 32 0.0802943

16 32 0.0837989

17 32 0.0869727

18 32 0.0898034

19 32 0.0922796

20 32 0.0943916

21 32 0.0961311

22 32 0.0974912

23 32 0.0984666

24 32 0.0990533

25 32 0.0992492

26 32 0.0990533

27 32 0.0984666

28 32 0.0974912

29 32 0.0961311

30 32 0.0943916

31 32 0.0922796

32 32 0.0898034

33 32 0.0869727

34 32 0.0837989

35 32 0.0802943

36 32 0.0764728

37 32 0.0723495

38 32 0.0679407

39 32 0.0632638

40 32 0.0583372

41 32 0.0531804

42 32 0.0478137

43 32 0.0422583

44 32 0.0365361

45 32 0.0306697

46 32 0.0246823

47 32 0.0185974

48 32 0.0124392

49 32 0.00623191

50 32 0

0 33 0

1 33 0.00603548

2 33 0.0120471

3 33 0.0180112

4 33 0.0239043

5 33 0.029703

6 33 0.0353844

7 33 0.0409263

8 33 0.0463066

9 33 0.0515041

10 33 0.0564984

11 33 0.0612697

12 33 0.0657992

13 33 0.0700691

14 33 0.0740624

15 33 0.0777634

16 33 0.0811575

17 33 0.0842313

18 33 0.0869727

19 33 0.0893709

20 33 0.0914163

21 33 0.093101

22 33 0.0944183

23 33 0.0953629

24 33 0.0959312

25 33 0.0961208

26 33 0.0959312

27 33 0.0953629

28 33 0.0944183

29 33 0.093101

30 33 0.0914163

31 33 0.0893709

32 33 0.0869727

33 33 0.0842313

34 33 0.0811575

35 33 0.0777634

36 33 0.0740624

37 33 0.0700691

38 33 0.0657992

39 33 0.0612697

40 33 0.0564984

41 33 0.0515041

42 33 0.0463066

43 33 0.0409263

44 33 0.0353844

45 33 0.029703

46 33 0.0239043

47 33 0.0180112

48 33 0.0120471

49 33 0.00603548

50 33 0

0 34 0

1 34 0.00581523

2 34 0.0116075

3 34 0.017354

4 34 0.0230319

5 34 0.028619

6 34 0.0340932

7 34 0.0394328

8 34 0.0446167

9 34 0.0496246

10 34 0.0544366

11 34 0.0590338

12 34 0.063398

13 34 0.0675121

14 34 0.0713596

15 34 0.0749256

16 34 0.0781958

17 34 0.0811575

18 34 0.0837989

19 34 0.0861095

20 34 0.0880803

21 34 0.0897035

22 34 0.0909727

23 34 0.0918828

24 34 0.0924304

25 34 0.0926131

26 34 0.0924304

27 34 0.0918828

28 34 0.0909727

29 34 0.0897035

30 34 0.0880803

31 34 0.0861095

32 34 0.0837989

33 34 0.0811575

34 34 0.0781958

35 34 0.0749256

36 34 0.0713596

37 34 0.0675121

38 34 0.063398

39 34 0.0590338

40 34 0.0544366

41 34 0.0496246

42 34 0.0446167

43 34 0.0394328

44 34 0.0340932

45 34 0.028619

46 34 0.0230319

47 34 0.017354

48 34 0.0116075

49 34 0.00581523

50 34 0

0 35 0

1 35 0.00557203

2 35 0.0111221

3 35 0.0166282

4 35 0.0220687

5 35 0.0274221

6 35 0.0326673

7 35 0.0377836

8 35 0.0427508

9 35 0.0475492

10 35 0.05216

11 35 0.056565

12 35 0.0607467

13 35 0.0646886

14 35 0.0683753

15 35 0.0717921

16 35 0.0749256

17 35 0.0777634

18 35 0.0802943

19 35 0.0825083

20 35 0.0843967

21 35 0.085952

22 35 0.0871681

23 35 0.0880402

24 35 0.0885648

25 35 0.0887399

26 35 0.0885648

27 35 0.0880402

28 35 0.0871681

29 35 0.085952

30 35 0.0843967

31 35 0.0825083

32 35 0.0802943

33 35 0.0777634

34 35 0.0749256

35 35 0.0717921

36 35 0.0683753

37 35 0.0646886

38 35 0.0607467

39 35 0.056565

40 35 0.05216

41 35 0.0475492

42 35 0.0427508

43 35 0.0377836

44 35 0.0326673

45 35 0.0274221

46 35 0.0220687

47 35 0.0166282

48 35 0.0111221

49 35 0.00557203

50 35 0

0 36 0

1 36 0.00530683

2 36 0.0105927

3 36 0.0158368

4 36 0.0210184

5 36 0.026117

6 36 0.0311126

7 36 0.0359854

8 36 0.0407161

9 36 0.0452862

10 36 0.0496776

11 36 0.0538728

12 36 0.0578555

13 36 0.0616099

14 36 0.0651211

15 36 0.0683753

16 36 0.0713596

17 36 0.0740624

18 36 0.0764728

19 36 0.0785815

20 36 0.08038

21 36 0.0818613

22 36 0.0830195

23 36 0.0838501

24 36 0.0843497

25 36 0.0845165

26 36 0.0843497

27 36 0.0838501

28 36 0.0830195

29 36 0.0818613

30 36 0.08038

31 36 0.0785815

32 36 0.0764728

33 36 0.0740624

34 36 0.0713596

35 36 0.0683753

36 36 0.0651211

37 36 0.0616099

38 36 0.0578555

39 36 0.0538728

40 36 0.0496776

41 36 0.0452862

42 36 0.0407161

43 36 0.0359854

44 36 0.0311126

45 36 0.026117

46 36 0.0210184

47 36 0.0158368

48 36 0.0105927

49 36 0.00530683

50 36 0

0 37 0

1 37 0.0050207

2 37 0.0100216

3 37 0.0149829

4 37 0.0198851

5 37 0.0247089

6 37 0.0294351

7 37 0.0340451

8 37 0.0385208

9 37 0.0428445

10 37 0.046999

11 37 0.0509681

12 37 0.0547361

13 37 0.058288

14 37 0.0616099

15 37 0.0646886

16 37 0.0675121

17 37 0.0700691

18 37 0.0723495

19 37 0.0743445

20 37 0.076046

21 37 0.0774475

22 37 0.0785432

23 37 0.079329

24 37 0.0798017

25 37 0.0799595

26 37 0.0798017

27 37 0.079329

28 37 0.0785432

29 37 0.0774475

30 37 0.076046

31 37 0.0743445

32 37 0.0723495

33 37 0.0700691

34 37 0.0675121

35 37 0.0646886

36 37 0.0616099

37 37 0.058288

38 37 0.0547361

39 37 0.0509681

40 37 0.046999

41 37 0.0428445

42 37 0.0385208

43 37 0.0340451

44 37 0.0294351

45 37 0.0247089

46 37 0.0198851

47 37 0.0149829

48 37 0.0100216

49 37 0.0050207

50 37 0

0 38 0

1 38 0.00471475

2 38 0.0094109

3 38 0.0140699

4 38 0.0186734

5 38 0.0232032

6 38 0.0276414

7 38 0.0319705

8 38 0.0361734

9 38 0.0402336

10 38 0.044135

11 38 0.0478623

12 38 0.0514006

13 38 0.0547361

14 38 0.0578555

15 38 0.0607467

16 38 0.063398

17 38 0.0657992

18 38 0.0679407

19 38 0.0698141

20 38 0.071412

21 38 0.072728

22 38 0.073757

23 38 0.0744949

24 38 0.0749388

25 38 0.075087

26 38 0.0749388

27 38 0.0744949

28 38 0.073757

29 38 0.072728

30 38 0.071412

31 38 0.0698141

32 38 0.0679407

33 38 0.0657992

34 38 0.063398

35 38 0.0607467

36 38 0.0578555

37 38 0.0547361

38 38 0.0514006

39 38 0.0478623

40 38 0.044135

41 38 0.0402336

42 38 0.0361734

43 38 0.0319705

44 38 0.0276414

45 38 0.0232032

46 38 0.0186734

47 38 0.0140699

48 38 0.0094109

49 38 0.00471475

50 38 0

0 39 0

1 39 0.0043902

2 39 0.00876307

3 39 0.0131014

4 39 0.0173879

5 39 0.0216059

6 39 0.0257386

7 39 0.0297697

8 39 0.0336833

9 39 0.037464

10 39 0.0410968

11 39 0.0445675

12 39 0.0478623

13 39 0.0509681

14 39 0.0538728

15 39 0.056565

16 39 0.0590338

17 39 0.0612697

18 39 0.0632638

19 39 0.0650082

20 39 0.0664961

21 39 0.0677215

22 39 0.0686797

23 39 0.0693668

24 39 0.0697802

25 39 0.0699181

26 39 0.0697802

27 39 0.0693668

28 39 0.0686797

29 39 0.0677215

30 39 0.0664961

31 39 0.0650082

32 39 0.0632638

33 39 0.0612697

34 39 0.0590338

35 39 0.056565

36 39 0.0538728

37 39 0.0509681

38 39 0.0478623

39 39 0.0445675

40 39 0.0410968

41 39 0.037464

42 39 0.0336833

43 39 0.0297697

44 39 0.0257386

45 39 0.0216059

46 39 0.0173879

47 39 0.0131014

48 39 0.00876307

49 39 0.0043902

50 39 0

0 40 0

1 40 0.00404831

2 40 0.00808065

3 40 0.0120811

4 40 0.0160339

5 40 0.0199234

6 40 0.0237342

7 40 0.0274514

8 40 0.0310603

9 40 0.0345465

10 40 0.0378965

11 40 0.0410968

12 40 0.044135

13 40 0.046999

14 40 0.0496776

15 40 0.05216

16 40 0.0544366

17 40 0.0564984

18 40 0.0583372

19 40 0.0599458

20 40 0.0613178

21 40 0.0624478

22 40 0.0633313

23 40 0.0639649

24 40 0.0643461

25 40 0.0644733

26 40 0.0643461

27 40 0.0639649

28 40 0.0633313

29 40 0.0624478

30 40 0.0613178

31 40 0.0599458

32 40 0.0583372

33 40 0.0564984

34 40 0.0544366

35 40 0.05216

36 40 0.0496776

37 40 0.046999

38 40 0.044135

39 40 0.0410968

40 40 0.0378965

41 40 0.0345465

42 40 0.0310603

43 40 0.0274514

44 40 0.0237342

45 40 0.0199234

46 40 0.0160339

47 40 0.0120811

48 40 0.00808065

49 40 0.00404831

50 40 0

0 41 0

1 41 0.00369045

2 41 0.00736635

3 41 0.0110132

4 41 0.0146165

5 41 0.0181622

6 41 0.0216362

7 41 0.0250248

8 41 0.0283146

9 41 0.0314927

10 41 0.0345465

11 41 0.037464

12 41 0.0402336

13 41 0.0428445

14 41 0.0452862

15 41 0.0475492

16 41 0.0496246

17 41 0.0515041

18 41 0.0531804

19 41 0.0546468

20 41 0.0558975

21 41 0.0569276

22 41 0.057733

23 41 0.0583106

24 41 0.0586581

25 41 0.0587741

26 41 0.0586581

27 41 0.0583106

28 41 0.057733

29 41 0.0569276

30 41 0.0558975

31 41 0.0546468

32 41 0.0531804

33 41 0.0515041

34 41 0.0496246

35 41 0.0475492

36 41 0.0452862

37 41 0.0428445

38 41 0.0402336

39 41 0.037464

40 41 0.0345465

41 41 0.0314927

42 41 0.0283146

43 41 0.0250248

44 41 0.0216362

45 41 0.0181622

46 41 0.0146165

47 41 0.0110132

48 41 0.00736635

49 41 0.00369045

50 41 0

0 42 0

1 42 0.00331803

2 42 0.00662297

3 42 0.00990177

4 42 0.0131415

5 42 0.0163293

6 42 0.0194528

7 42 0.0224994

8 42 0.0254572

9 42 0.0283146

10 42 0.0310603

11 42 0.0336833

12 42 0.0361734

13 42 0.0385208

14 42 0.0407161

15 42 0.0427508

16 42 0.0446167

17 42 0.0463066

18 42 0.0478137

19 42 0.0491321

20 42 0.0502566

21 42 0.0511827

22 42 0.0519069

23 42 0.0524262

24 42 0.0527386

25 42 0.0528429

26 42 0.0527386

27 42 0.0524262

28 42 0.0519069

29 42 0.0511827

30 42 0.0502566

31 42 0.0491321

32 42 0.0478137

33 42 0.0463066

34 42 0.0446167

35 42 0.0427508

36 42 0.0407161

37 42 0.0385208

38 42 0.0361734

39 42 0.0336833

40 42 0.0310603

41 42 0.0283146

42 42 0.0254572

43 42 0.0224994

44 42 0.0194528

45 42 0.0163293

46 42 0.0131415

47 42 0.00990177

48 42 0.00662297

49 42 0.00331803

50 42 0

0 43 0

1 43 0.00293251

2 43 0.00585345

3 43 0.00875129

4 43 0.0116146

5 43 0.0144321

6 43 0.0171926

7 43 0.0198852

8 43 0.0224994

9 43 0.0250248

10 43 0.0274514

11 43 0.0297697

12 43 0.0319705

13 43 0.0340451

14 43 0.0359854

15 43 0.0377836

16 43 0.0394328

17 43 0.0409263

18 43 0.0422583

19 43 0.0434235

20 43 0.0444173

21 43 0.0452359

22 43 0.0458759

23 43 0.0463349

24 43 0.046611

25 43 0.0467031

26 43 0.046611

27 43 0.0463349

28 43 0.0458759

29 43 0.0452359

30 43 0.0444173

31 43 0.0434235

32 43 0.0422583

33 43 0.0409263

34 43 0.0394328

35 43 0.0377836

36 43 0.0359854

37 43 0.0340451

38 43 0.0319705

39 43 0.0297697

40 43 0.0274514

41 43 0.0250248

42 43 0.0224994

43 43 0.0198852

44 43 0.0171926

45 43 0.0144321

46 43 0.0116146

47 43 0.00875129

48 43 0.00585345

49 43 0.00293251

50 43 0

0 44 0

1 44 0.00253542

2 44 0.00506084

3 44 0.00756628

4 44 0.0100419

5 44 0.0124778

6 44 0.0148645

7 44 0.0171926

8 44 0.0194528

9 44 0.0216362

10 44 0.0237342

11 44 0.0257386

12 44 0.0276414

13 44 0.0294351

14 44 0.0311126

15 44 0.0326673

16 44 0.0340932

17 44 0.0353844

18 44 0.0365361

19 44 0.0375435

20 44 0.0384028

21 44 0.0391105

22 44 0.0396638

23 44 0.0400607

24 44 0.0402994

25 44 0.0403791

26 44 0.0402994

27 44 0.0400607

28 44 0.0396638

29 44 0.0391105

30 44 0.0384028

31 44 0.0375435

32 44 0.0365361

33 44 0.0353844

34 44 0.0340932

35 44 0.0326673

36 44 0.0311126

37 44 0.0294351

38 44 0.0276414

39 44 0.0257386

40 44 0.0237342

41 44 0.0216362

42 44 0.0194528

43 44 0.0171926

44 44 0.0148645

45 44 0.0124778

46 44 0.0100419

47 44 0.00756628

48 44 0.00506084

49 44 0.00253542

50 44 0

0 45 0

1 45 0.00212832

2 45 0.00424825

3 45 0.00635141

4 45 0.0084295

5 45 0.0104743

6 45 0.0124778

7 45 0.0144321

8 45 0.0163293

9 45 0.0181622

10 45 0.0199234

11 45 0.0216059

12 45 0.0232032

13 45 0.0247089

14 45 0.026117

15 45 0.0274221

16 45 0.028619

17 45 0.029703

18 45 0.0306697

19 45 0.0315154

20 45 0.0322367

21 45 0.0328307

22 45 0.0332952

23 45 0.0336284

24 45 0.0338287

25 45 0.0338956

26 45 0.0338287

27 45 0.0336284

28 45 0.0332952

29 45 0.0328307

30 45 0.0322367

31 45 0.0315154

32 45 0.0306697

33 45 0.029703

34 45 0.028619

35 45 0.0274221

36 45 0.026117

37 45 0.0247089

38 45 0.0232032

39 45 0.0216059

40 45 0.0199234

41 45 0.0181622

42 45 0.0163293

43 45 0.0144321

44 45 0.0124778

45 45 0.0104743

46 45 0.0084295

47 45 0.00635141

48 45 0.00424825

49 45 0.00212832

50 45 0

0 46 0

1 46 0.00171283

2 46 0.0034189

3 46 0.00511147

4 46 0.00678387

5 46 0.0084295

6 46 0.0100419

7 46 0.0116146

8 46 0.0131415

9 46 0.0146165

10 46 0.0160339

11 46 0.0173879

12 46 0.0186734

13 46 0.0198851

14 46 0.0210184

15 46 0.0220687

16 46 0.0230319

17 46 0.0239043

18 46 0.0246823

19 46 0.0253629

20 46 0.0259433

21 46 0.0264214

22 46 0.0267953

23 46 0.0270633

24 46 0.0272246

25 46 0.0272784

26 46 0.0272246

27 46 0.0270633

28 46 0.0267953

29 46 0.0264214

30 46 0.0259433

31 46 0.0253629

32 46 0.0246823

33 46 0.0239043

34 46 0.0230319

35 46 0.0220687

36 46 0.0210184

37 46 0.0198851

38 46 0.0186734

39 46 0.0173879

40 46 0.0160339

41 46 0.0146165

42 46 0.0131415

43 46 0.0116146

44 46 0.0100419

45 46 0.0084295

46 46 0.00678387

47 46 0.00511147

48 46 0.0034189

49 46 0.00171283

50 46 0

0 47 0

1 47 0.00129057

2 47 0.00257605

3 47 0.00385136

4 47 0.00511147

5 47 0.00635141

6 47 0.00756628

7 47 0.00875129

8 47 0.00990177

9 47 0.0110132

10 47 0.0120811

11 47 0.0131014

12 47 0.0140699

13 47 0.0149829

14 47 0.0158368

15 47 0.0166282

16 47 0.017354

17 47 0.0180112

18 47 0.0185974

19 47 0.0191102

20 47 0.0195476

21 47 0.0199079

22 47 0.0201895

23 47 0.0203915

24 47 0.020513

25 47 0.0205536

26 47 0.020513

27 47 0.0203915

28 47 0.0201895

29 47 0.0199079

30 47 0.0195476

31 47 0.0191102

32 47 0.0185974

33 47 0.0180112

34 47 0.017354

35 47 0.0166282

36 47 0.0158368

37 47 0.0149829

38 47 0.0140699

39 47 0.0131014

40 47 0.0120811

41 47 0.0110132

42 47 0.00990177

43 47 0.00875129

44 47 0.00756628

45 47 0.00635141

46 47 0.00511147

47 47 0.00385136

48 47 0.00257605

49 47 0.00129057

50 47 0

0 48 0

1 48 0.00086322

2 48 0.00172303

3 48 0.00257605

4 48 0.0034189

5 48 0.00424825

6 48 0.00506084

7 48 0.00585345

8 48 0.00662297

9 48 0.00736635

10 48 0.00808065

11 48 0.00876307

12 48 0.0094109

13 48 0.0100216

14 48 0.0105927

15 48 0.0111221

16 48 0.0116075

17 48 0.0120471

18 48 0.0124392

19 48 0.0127822

20 48 0.0130748

21 48 0.0133157

22 48 0.0135041

23 48 0.0136392

24 48 0.0137205

25 48 0.0137476

26 48 0.0137205

27 48 0.0136392

28 48 0.0135041

29 48 0.0133157

30 48 0.0130748

31 48 0.0127822

32 48 0.0124392

33 48 0.0120471

34 48 0.0116075

35 48 0.0111221

36 48 0.0105927

37 48 0.0100216

38 48 0.0094109

39 48 0.00876307

40 48 0.00808065

41 48 0.00736635

42 48 0.00662297

43 48 0.00585345

44 48 0.00506084

45 48 0.00424825

46 48 0.0034189

47 48 0.00257605

48 48 0.00172303

49 48 0.00086322

50 48 0

0 49 0

1 49 0.000432464

2 49 0.00086322

3 49 0.00129057

4 49 0.00171283

5 49 0.00212832

6 49 0.00253542

7 49 0.00293251

8 49 0.00331803

9 49 0.00369045

10 49 0.00404831

