0 1 0

1 1 0.000193328

2 1 0.000385892

3 1 0.000576934

4 1 0.000765699

5 1 0.000951442

6 1 0.00113343

7 1 0.00131095

8 1 0.00148329

9 1 0.00164977

10 1 0.00180975

11 1 0.00196258

12 1 0.00210767

13 1 0.00224444

14 1 0.00237236

15 1 0.00249091

16 1 0.00259963

17 1 0.00269809

18 1 0.0027859

19 1 0.00286272

20 1 0.00292824

21 1 0.0029822

22 1 0.00302439

23 1 0.00305465

24 1 0.00307286

25 1 0.00307893

26 1 0.00307286

27 1 0.00305465

28 1 0.00302439

29 1 0.0029822

30 1 0.00292824

31 1 0.00286272

32 1 0.0027859

33 1 0.00269809

34 1 0.00259963

35 1 0.00249091

36 1 0.00237236

37 1 0.00224444

38 1 0.00210767

39 1 0.00196258

40 1 0.00180975

41 1 0.00164977

42 1 0.00148329

43 1 0.00131095

44 1 0.00113343

45 1 0.000951442

46 1 0.000765699

47 1 0.000576934

48 1 0.000385892

49 1 0.000193328

50 1 0

0 2 0

1 2 0.000385892

2 2 0.000770262

3 2 0.00115159

4 2 0.00152838

5 2 0.00189913

6 2 0.00226239

7 2 0.00261672

8 2 0.00296072

9 2 0.00329304

10 2 0.00361236

11 2 0.00391742

12 2 0.00420703

13 2 0.00448003

14 2 0.00473535

15 2 0.00497198

16 2 0.005189

17 2 0.00538553

18 2 0.00556081

19 2 0.00571414

20 2 0.00584492

21 2 0.00595263

22 2 0.00603685

23 2 0.00609725

24 2 0.00613358

25 2 0.00614571

26 2 0.00613358

27 2 0.00609725

28 2 0.00603685

29 2 0.00595263

30 2 0.00584492

31 2 0.00571414

32 2 0.00556081

33 2 0.00538553

34 2 0.005189

35 2 0.00497198

36 2 0.00473535

37 2 0.00448003

38 2 0.00420703

39 2 0.00391742

40 2 0.00361236

41 2 0.00329304

42 2 0.00296072

43 2 0.00261672

44 2 0.00226239

45 2 0.00189913

46 2 0.00152838

47 2 0.00115159

48 2 0.000770262

49 2 0.000385892

50 2 0

0 3 0

1 3 0.000576934

2 3 0.00115159

3 3 0.0017217

4 3 0.00228502

5 3 0.00283932

6 3 0.00338242

7 3 0.00391216

8 3 0.00442647

9 3 0.0049233

10 3 0.00540071

11 3 0.0058568

12 3 0.00628978

13 3 0.00669794

14 3 0.00707966

15 3 0.00743344

16 3 0.00775789

17 3 0.00805171

18 3 0.00831377

19 3 0.00854301

20 3 0.00873853

21 3 0.00889957

22 3 0.00902549

23 3 0.00911578

24 3 0.00917011

25 3 0.00918824

26 3 0.00917011

27 3 0.00911578

28 3 0.00902549

29 3 0.00889957

30 3 0.00873853

31 3 0.00854301

32 3 0.00831377

33 3 0.00805171

34 3 0.00775789

35 3 0.00743344

36 3 0.00707966

37 3 0.00669794

38 3 0.00628978

39 3 0.0058568

40 3 0.00540071

41 3 0.0049233

42 3 0.00442647

43 3 0.00391216

44 3 0.00338242

45 3 0.00283932

46 3 0.00228502

47 3 0.0017217

48 3 0.00115159

49 3 0.000576934

50 3 0

0 4 0

1 4 0.000765699

2 4 0.00152838

3 4 0.00228502

4 4 0.00303265

5 4 0.00376831

6 4 0.0044891

7 4 0.00519217

8 4 0.00587475

9 4 0.00653414

10 4 0.00716775

11 4 0.00777307

12 4 0.00834771

13 4 0.00888941

14 4 0.00939602

15 4 0.00986556

16 4 0.0102962

17 4 0.0106861

18 4 0.0110339

19 4 0.0113382

20 4 0.0115977

21 4 0.0118114

22 4 0.0119785

23 4 0.0120983

24 4 0.0121704

25 4 0.0121945

26 4 0.0121704

27 4 0.0120983

28 4 0.0119785

29 4 0.0118114

30 4 0.0115977

31 4 0.0113382

32 4 0.0110339

33 4 0.0106861

34 4 0.0102962

35 4 0.00986556

36 4 0.00939602

37 4 0.00888941

38 4 0.00834771

39 4 0.00777307

40 4 0.00716775

41 4 0.00653414

42 4 0.00587475

43 4 0.00519217

44 4 0.0044891

45 4 0.00376831

46 4 0.00303265

47 4 0.00228502

48 4 0.00152838

49 4 0.000765699

50 4 0

0 5 0

1 5 0.000951442

2 5 0.00189913

3 5 0.00283932

4 5 0.00376831

5 5 0.00468242

6 5 0.00557806

7 5 0.00645168

8 5 0.00729984

9 5 0.00811919

10 5 0.0089065

11 5 0.00965866

12 5 0.0103727

13 5 0.0110458

14 5 0.0116753

15 5 0.0122587

16 5 0.0127938

17 5 0.0132784

18 5 0.0137105

19 5 0.0140886

20 5 0.014411

21 5 0.0146766

22 5 0.0148842

23 5 0.0150332

24 5 0.0151227

25 5 0.0151526

26 5 0.0151227

27 5 0.0150332

28 5 0.0148842

29 5 0.0146766

30 5 0.014411

31 5 0.0140886

32 5 0.0137105

33 5 0.0132784

34 5 0.0127938

35 5 0.0122587

36 5 0.0116753

37 5 0.0110458

38 5 0.0103727

39 5 0.00965866

40 5 0.0089065

41 5 0.00811919

42 5 0.00729984

43 5 0.00645168

44 5 0.00557806

45 5 0.00468242

46 5 0.00376831

47 5 0.00283932

48 5 0.00189913

49 5 0.000951442

50 5 0

0 6 0

1 6 0.00113343

2 6 0.00226239

3 6 0.00338242

4 6 0.0044891

5 6 0.00557806

6 6 0.00664501

7 6 0.00768573

8 6 0.00869612

9 6 0.0096722

10 6 0.0106101

11 6 0.0115061

12 6 0.0123567

13 6 0.0131586

14 6 0.0139085

15 6 0.0146035

16 6 0.0152409

17 6 0.0158182

18 6 0.016333

19 6 0.0167834

20 6 0.0171675

21 6 0.0174839

22 6 0.0177312

23 6 0.0179086

24 6 0.0180154

25 6 0.018051

26 6 0.0180154

27 6 0.0179086

28 6 0.0177312

29 6 0.0174839

30 6 0.0171675

31 6 0.0167834

32 6 0.016333

33 6 0.0158182

34 6 0.0152409

35 6 0.0146035

36 6 0.0139085

37 6 0.0131586

38 6 0.0123567

39 6 0.0115061

40 6 0.0106101

41 6 0.0096722

42 6 0.00869612

43 6 0.00768573

44 6 0.00664501

45 6 0.00557806

46 6 0.0044891

47 6 0.00338242

48 6 0.00226239

49 6 0.00113343

50 6 0

0 7 0

1 7 0.00131095

2 7 0.00261672

3 7 0.00391216

4 7 0.00519217

5 7 0.00645168

6 7 0.00768573

7 7 0.00888945

8 7 0.0100581

9 7 0.011187

10 7 0.0122718

11 7 0.0133082

12 7 0.014292

13 7 0.0152195

14 7 0.0160868

15 7 0.0168907

16 7 0.0176279

17 7 0.0182956

18 7 0.018891

19 7 0.0194119

20 7 0.0198562

21 7 0.0202222

22 7 0.0205083

23 7 0.0207134

24 7 0.0208369

25 7 0.0208781

26 7 0.0208369

27 7 0.0207134

28 7 0.0205083

29 7 0.0202222

30 7 0.0198562

31 7 0.0194119

32 7 0.018891

33 7 0.0182956

34 7 0.0176279

35 7 0.0168907

36 7 0.0160868

37 7 0.0152195

38 7 0.014292

39 7 0.0133082

40 7 0.0122718

41 7 0.011187

42 7 0.0100581

43 7 0.00888945

44 7 0.00768573

45 7 0.00645168

46 7 0.00519217

47 7 0.00391216

48 7 0.00261672

49 7 0.00131095

50 7 0

0 8 0

1 8 0.00148329

2 8 0.00296072

3 8 0.00442647

4 8 0.00587475

5 8 0.00729984

6 8 0.00869612

7 8 0.0100581

8 8 0.0113804

9 8 0.0126577

10 8 0.0138851

11 8 0.0150577

12 8 0.0161709

13 8 0.0172203

14 8 0.0182017

15 8 0.0191112

16 8 0.0199454

17 8 0.0207008

18 8 0.0213745

19 8 0.0219639

20 8 0.0224666

21 8 0.0228806

22 8 0.0232044

23 8 0.0234365

24 8 0.0235762

25 8 0.0236228

26 8 0.0235762

27 8 0.0234365

28 8 0.0232044

29 8 0.0228806

30 8 0.0224666

31 8 0.0219639

32 8 0.0213745

33 8 0.0207008

34 8 0.0199454

35 8 0.0191112

36 8 0.0182017

37 8 0.0172203

38 8 0.0161709

39 8 0.0150577

40 8 0.0138851

41 8 0.0126577

42 8 0.0113804

43 8 0.0100581

44 8 0.00869612

45 8 0.00729984

46 8 0.00587475

47 8 0.00442647

48 8 0.00296072

49 8 0.00148329

50 8 0

0 9 0

1 9 0.00164977

2 9 0.00329304

3 9 0.0049233

4 9 0.00653414

5 9 0.00811919

6 9 0.0096722

7 9 0.011187

8 9 0.0126577

9 9 0.0140784

10 9 0.0154436

11 9 0.0167478

12 9 0.017986

13 9 0.0191531

14 9 0.0202447

15 9 0.0212563

16 9 0.0221841

17 9 0.0230243

18 9 0.0237737

19 9 0.0244292

20 9 0.0249883

21 9 0.0254488

22 9 0.0258089

23 9 0.0260671

24 9 0.0262224

25 9 0.0262743

26 9 0.0262224

27 9 0.0260671

28 9 0.0258089

29 9 0.0254488

30 9 0.0249883

31 9 0.0244292

32 9 0.0237737

33 9 0.0230243

34 9 0.0221841

35 9 0.0212563

36 9 0.0202447

37 9 0.0191531

38 9 0.017986

39 9 0.0167478

40 9 0.0154436

41 9 0.0140784

42 9 0.0126577

43 9 0.011187

44 9 0.0096722

45 9 0.00811919

46 9 0.00653414

47 9 0.0049233

48 9 0.00329304

49 9 0.00164977

50 9 0

0 10 0

1 10 0.00180975

2 10 0.00361236

3 10 0.00540071

4 10 0.00716775

5 10 0.0089065

6 10 0.0106101

7 10 0.0122718

8 10 0.0138851

9 10 0.0154436

10 10 0.0169412

11 10 0.0183719

12 10 0.01973

13 10 0.0210104

14 10 0.0222078

15 10 0.0233175

16 10 0.0243352

17 10 0.0252569

18 10 0.026079

19 10 0.026798

20 10 0.0274114

21 10 0.0279165

22 10 0.0283115

23 10 0.0285948

24 10 0.0287652

25 10 0.028822

26 10 0.0287652

27 10 0.0285948

28 10 0.0283115

29 10 0.0279165

30 10 0.0274114

31 10 0.026798

32 10 0.026079

33 10 0.0252569

34 10 0.0243352

35 10 0.0233175

36 10 0.0222078

37 10 0.0210104

38 10 0.01973

39 10 0.0183719

40 10 0.0169412

41 10 0.0154436

42 10 0.0138851

43 10 0.0122718

44 10 0.0106101

45 10 0.0089065

46 10 0.00716775

47 10 0.00540071

48 10 0.00361236

49 10 0.00180975

50 10 0

0 11 0

1 11 0.00196258

2 11 0.00391742

3 11 0.0058568

4 11 0.00777307

5 11 0.00965866

6 11 0.0115061

7 11 0.0133082

8 11 0.0150577

9 11 0.0167478

10 11 0.0183719

11 11 0.0199234

12 11 0.0213962

13 11 0.0227847

14 11 0.0240832

15 11 0.0252867

16 11 0.0263904

17 11 0.0273899

18 11 0.0282813

19 11 0.0290612

20 11 0.0297263

21 11 0.0302741

22 11 0.0307024

23 11 0.0310096

24 11 0.0311944

25 11 0.0312561

26 11 0.0311944

27 11 0.0310096

28 11 0.0307024

29 11 0.0302741

30 11 0.0297263

31 11 0.0290612

32 11 0.0282813

33 11 0.0273899

34 11 0.0263904

35 11 0.0252867

36 11 0.0240832

37 11 0.0227847

38 11 0.0213962

39 11 0.0199234

40 11 0.0183719

41 11 0.0167478

42 11 0.0150577

43 11 0.0133082

44 11 0.0115061

45 11 0.00965866

46 11 0.00777307

47 11 0.0058568

48 11 0.00391742

49 11 0.00196258

50 11 0

0 12 0

1 12 0.00210767

2 12 0.00420703

3 12 0.00628978

4 12 0.00834771

5 12 0.0103727

6 12 0.0123567

7 12 0.014292

8 12 0.0161709

9 12 0.017986

10 12 0.01973

11 12 0.0213962

12 12 0.022978

13 12 0.0244691

14 12 0.0258636

15 12 0.0271561

16 12 0.0283413

17 12 0.0294148

18 12 0.0303721

19 12 0.0312096

20 12 0.0319239

21 12 0.0325122

22 12 0.0329722

23 12 0.0333021

24 12 0.0335005

25 12 0.0335667

26 12 0.0335005

27 12 0.0333021

28 12 0.0329722

29 12 0.0325122

30 12 0.0319239

31 12 0.0312096

32 12 0.0303721

33 12 0.0294148

34 12 0.0283413

35 12 0.0271561

36 12 0.0258636

37 12 0.0244691

38 12 0.022978

39 12 0.0213962

40 12 0.01973

41 12 0.017986

42 12 0.0161709

43 12 0.014292

44 12 0.0123567

45 12 0.0103727

46 12 0.00834771

47 12 0.00628978

48 12 0.00420703

49 12 0.00210767

50 12 0

0 13 0

1 13 0.00224444

2 13 0.00448003

3 13 0.00669794

4 13 0.00888941

5 13 0.0110458

6 13 0.0131586

7 13 0.0152195

8 13 0.0172203

9 13 0.0191531

10 13 0.0210104

11 13 0.0227847

12 13 0.0244691

13 13 0.026057

14 13 0.027542

15 13 0.0289183

16 13 0.0301805

17 13 0.0313235

18 13 0.032343

19 13 0.0332348

20 13 0.0339955

21 13 0.034622

22 13 0.0351118

23 13 0.0354631

24 13 0.0356744

25 13 0.035745

26 13 0.0356744

27 13 0.0354631

28 13 0.0351118

29 13 0.034622

30 13 0.0339955

31 13 0.0332348

32 13 0.032343

33 13 0.0313235

34 13 0.0301805

35 13 0.0289183

36 13 0.027542

37 13 0.026057

38 13 0.0244691

39 13 0.0227847

40 13 0.0210104

41 13 0.0191531

42 13 0.0172203

43 13 0.0152195

44 13 0.0131586

45 13 0.0110458

46 13 0.00888941

47 13 0.00669794

48 13 0.00448003

49 13 0.00224444

50 13 0

0 14 0

1 14 0.00237236

2 14 0.00473535

3 14 0.00707966

4 14 0.00939602

5 14 0.0116753

6 14 0.0139085

7 14 0.0160868

8 14 0.0182017

9 14 0.0202447

10 14 0.0222078

11 14 0.0240832

12 14 0.0258636

13 14 0.027542

14 14 0.0291116

15 14 0.0305664

16 14 0.0319005

17 14 0.0331087

18 14 0.0341863

19 14 0.0351289

20 14 0.0359329

21 14 0.0365951

22 14 0.0371129

23 14 0.0374842

24 14 0.0377075

25 14 0.0377821

26 14 0.0377075

27 14 0.0374842

28 14 0.0371129

29 14 0.0365951

30 14 0.0359329

31 14 0.0351289

32 14 0.0341863

33 14 0.0331087

34 14 0.0319005

35 14 0.0305664

36 14 0.0291116

37 14 0.027542

38 14 0.0258636

39 14 0.0240832

40 14 0.0222078

41 14 0.0202447

42 14 0.0182017

43 14 0.0160868

44 14 0.0139085

45 14 0.0116753

46 14 0.00939602

47 14 0.00707966

48 14 0.00473535

49 14 0.00237236

50 14 0

0 15 0

1 15 0.00249091

2 15 0.00497198

3 15 0.00743344

4 15 0.00986556

5 15 0.0122587

6 15 0.0146035

7 15 0.0168907

8 15 0.0191112

9 15 0.0212563

10 15 0.0233175

11 15 0.0252867

12 15 0.0271561

13 15 0.0289183

14 15 0.0305664

15 15 0.0320938

16 15 0.0334946

17 15 0.0347632

18 15 0.0358946

19 15 0.0368843

20 15 0.0377285

21 15 0.0384238

22 15 0.0389675

23 15 0.0393573

24 15 0.0395918

25 15 0.0396701

26 15 0.0395918

27 15 0.0393573

28 15 0.0389675

29 15 0.0384238

30 15 0.0377285

31 15 0.0368843

32 15 0.0358946

33 15 0.0347632

34 15 0.0334946

35 15 0.0320938

36 15 0.0305664

37 15 0.0289183

38 15 0.0271561

39 15 0.0252867

40 15 0.0233175

41 15 0.0212563

42 15 0.0191112

43 15 0.0168907

44 15 0.0146035

45 15 0.0122587

46 15 0.00986556

47 15 0.00743344

48 15 0.00497198

49 15 0.00249091

50 15 0

0 16 0

1 16 0.00259963

2 16 0.005189

3 16 0.00775789

4 16 0.0102962

5 16 0.0127938

6 16 0.0152409

7 16 0.0176279

8 16 0.0199454

9 16 0.0221841

10 16 0.0243352

11 16 0.0263904

12 16 0.0283413

13 16 0.0301805

14 16 0.0319005

15 16 0.0334946

16 16 0.0349565

17 16 0.0362805

18 16 0.0374613

19 16 0.0384942

20 16 0.0393753

21 16 0.0401009

22 16 0.0406683

23 16 0.0410751

24 16 0.0413199

25 16 0.0414016

26 16 0.0413199

27 16 0.0410751

28 16 0.0406683

29 16 0.0401009

30 16 0.0393753

31 16 0.0384942

32 16 0.0374613

33 16 0.0362805

34 16 0.0349565

35 16 0.0334946

36 16 0.0319005

37 16 0.0301805

38 16 0.0283413

39 16 0.0263904

40 16 0.0243352

41 16 0.0221841

42 16 0.0199454

43 16 0.0176279

44 16 0.0152409

45 16 0.0127938

46 16 0.0102962

47 16 0.00775789

48 16 0.005189

49 16 0.00259963

50 16 0

0 17 0

1 17 0.00269809

2 17 0.00538553

3 17 0.00805171

4 17 0.0106861

5 17 0.0132784

6 17 0.0158182

7 17 0.0182956

8 17 0.0207008

9 17 0.0230243

10 17 0.0252569

11 17 0.0273899

12 17 0.0294148

13 17 0.0313235

14 17 0.0331087

15 17 0.0347632

16 17 0.0362805

17 17 0.0376546

18 17 0.0388801

19 17 0.0399522

20 17 0.0408666

21 17 0.0416197

22 17 0.0422086

23 17 0.0426308

24 17 0.0428849

25 17 0.0429697

26 17 0.0428849

27 17 0.0426308

28 17 0.0422086

29 17 0.0416197

30 17 0.0408666

31 17 0.0399522

32 17 0.0388801

33 17 0.0376546

34 17 0.0362805

35 17 0.0347632

36 17 0.0331087

37 17 0.0313235

38 17 0.0294148

39 17 0.0273899

40 17 0.0252569

41 17 0.0230243

42 17 0.0207008

43 17 0.0182956

44 17 0.0158182

45 17 0.0132784

46 17 0.0106861

47 17 0.00805171

48 17 0.00538553

49 17 0.00269809

50 17 0

0 18 0

1 18 0.0027859

2 18 0.00556081

3 18 0.00831377

4 18 0.0110339

5 18 0.0137105

6 18 0.016333

7 18 0.018891

8 18 0.0213745

9 18 0.0237737

10 18 0.026079

11 18 0.0282813

12 18 0.0303721

13 18 0.032343

14 18 0.0341863

15 18 0.0358946

16 18 0.0374613

17 18 0.0388801

18 18 0.0401455

19 18 0.0412525

20 18 0.0421966

21 18 0.0429743

22 18 0.0435823

23 18 0.0440183

24 18 0.0442806

25 18 0.0443682

26 18 0.0442806

27 18 0.0440183

28 18 0.0435823

29 18 0.0429743

30 18 0.0421966

31 18 0.0412525

32 18 0.0401455

33 18 0.0388801

34 18 0.0374613

35 18 0.0358946

36 18 0.0341863

37 18 0.032343

38 18 0.0303721

39 18 0.0282813

40 18 0.026079

41 18 0.0237737

42 18 0.0213745

43 18 0.018891

44 18 0.016333

45 18 0.0137105

46 18 0.0110339

47 18 0.00831377

48 18 0.00556081

49 18 0.0027859

50 18 0

0 19 0

1 19 0.00286272

2 19 0.00571414

3 19 0.00854301

4 19 0.0113382

5 19 0.0140886

6 19 0.0167834

7 19 0.0194119

8 19 0.0219639

9 19 0.0244292

10 19 0.026798

11 19 0.0290612

12 19 0.0312096

13 19 0.0332348

14 19 0.0351289

15 19 0.0368843

16 19 0.0384942

17 19 0.0399522

18 19 0.0412525

19 19 0.04239

20 19 0.0433602

21 19 0.0441592

22 19 0.044784

23 19 0.0452321

24 19 0.0455016

25 19 0.0455916

26 19 0.0455016

27 19 0.0452321

28 19 0.044784

29 19 0.0441592

30 19 0.0433602

31 19 0.04239

32 19 0.0412525

33 19 0.0399522

34 19 0.0384942

35 19 0.0368843

36 19 0.0351289

37 19 0.0332348

38 19 0.0312096

39 19 0.0290612

40 19 0.026798

41 19 0.0244292

42 19 0.0219639

43 19 0.0194119

44 19 0.0167834

45 19 0.0140886

46 19 0.0113382

47 19 0.00854301

48 19 0.00571414

49 19 0.00286272

50 19 0

0 20 0

1 20 0.00292824

2 20 0.00584492

3 20 0.00873853

4 20 0.0115977

5 20 0.014411

6 20 0.0171675

7 20 0.0198562

8 20 0.0224666

9 20 0.0249883

10 20 0.0274114

11 20 0.0297263

12 20 0.0319239

13 20 0.0339955

14 20 0.0359329

15 20 0.0377285

16 20 0.0393753

17 20 0.0408666

18 20 0.0421966

19 20 0.0433602

20 20 0.0443525

21 20 0.0451699

22 20 0.045809

23 20 0.0462673

24 20 0.046543

25 20 0.046635

26 20 0.046543

27 20 0.0462673

28 20 0.045809

29 20 0.0451699

30 20 0.0443525

31 20 0.0433602

32 20 0.0421966

33 20 0.0408666

34 20 0.0393753

35 20 0.0377285

36 20 0.0359329

37 20 0.0339955

38 20 0.0319239

39 20 0.0297263

40 20 0.0274114

41 20 0.0249883

42 20 0.0224666

43 20 0.0198562

44 20 0.0171675

45 20 0.014411

46 20 0.0115977

47 20 0.00873853

48 20 0.00584492

49 20 0.00292824

50 20 0

0 21 0

1 21 0.0029822

2 21 0.00595263

3 21 0.00889957

4 21 0.0118114

5 21 0.0146766

6 21 0.0174839

7 21 0.0202222

8 21 0.0228806

9 21 0.0254488

10 21 0.0279165

11 21 0.0302741

12 21 0.0325122

13 21 0.034622

14 21 0.0365951

15 21 0.0384238

16 21 0.0401009

17 21 0.0416197

18 21 0.0429743

19 21 0.0441592

20 21 0.0451699

21 21 0.0460023

22 21 0.0466532

23 21 0.0471199

24 21 0.0474007

25 21 0.0474944

26 21 0.0474007

27 21 0.0471199

28 21 0.0466532

29 21 0.0460023

30 21 0.0451699

31 21 0.0441592

32 21 0.0429743

33 21 0.0416197

34 21 0.0401009

35 21 0.0384238

36 21 0.0365951

37 21 0.034622

38 21 0.0325122

39 21 0.0302741

40 21 0.0279165

41 21 0.0254488

42 21 0.0228806

43 21 0.0202222

44 21 0.0174839

45 21 0.0146766

46 21 0.0118114

47 21 0.00889957

48 21 0.00595263

49 21 0.0029822

50 21 0

0 22 0

1 22 0.00302439

2 22 0.00603685

3 22 0.00902549

4 22 0.0119785

5 22 0.0148842

6 22 0.0177312

7 22 0.0205083

8 22 0.0232044

9 22 0.0258089

10 22 0.0283115

11 22 0.0307024

12 22 0.0329722

13 22 0.0351118

14 22 0.0371129

15 22 0.0389675

16 22 0.0406683

17 22 0.0422086

18 22 0.0435823

19 22 0.044784

20 22 0.045809

21 22 0.0466532

22 22 0.0473133

23 22 0.0477866

24 22 0.0480714

25 22 0.0481664

26 22 0.0480714

27 22 0.0477866

28 22 0.0473133

29 22 0.0466532

30 22 0.045809

31 22 0.044784

32 22 0.0435823

33 22 0.0422086

34 22 0.0406683

35 22 0.0389675

36 22 0.0371129

37 22 0.0351118

38 22 0.0329722

39 22 0.0307024

40 22 0.0283115

41 22 0.0258089

42 22 0.0232044

43 22 0.0205083

44 22 0.0177312

45 22 0.0148842

46 22 0.0119785

47 22 0.00902549

48 22 0.00603685

49 22 0.00302439

50 22 0

0 23 0

1 23 0.00305465

2 23 0.00609725

3 23 0.00911578

4 23 0.0120983

5 23 0.0150332

6 23 0.0179086

7 23 0.0207134

8 23 0.0234365

9 23 0.0260671

10 23 0.0285948

11 23 0.0310096

12 23 0.0333021

13 23 0.0354631

14 23 0.0374842

15 23 0.0393573

16 23 0.0410751

17 23 0.0426308

18 23 0.0440183

19 23 0.0452321

20 23 0.0462673

21 23 0.0471199

22 23 0.0477866

23 23 0.0482647

24 23 0.0485523

25 23 0.0486483

26 23 0.0485523

27 23 0.0482647

28 23 0.0477866

29 23 0.0471199

30 23 0.0462673

31 23 0.0452321

32 23 0.0440183

33 23 0.0426308

34 23 0.0410751

35 23 0.0393573

36 23 0.0374842

37 23 0.0354631

38 23 0.0333021

39 23 0.0310096

40 23 0.0285948

41 23 0.0260671

42 23 0.0234365

43 23 0.0207134

44 23 0.0179086

45 23 0.0150332

46 23 0.0120983

47 23 0.00911578

48 23 0.00609725

49 23 0.00305465

50 23 0

0 24 0

1 24 0.00307286

2 24 0.00613358

3 24 0.00917011

4 24 0.0121704

5 24 0.0151227

6 24 0.0180154

7 24 0.0208369

8 24 0.0235762

9 24 0.0262224

10 24 0.0287652

11 24 0.0311944

12 24 0.0335005

13 24 0.0356744

14 24 0.0377075

15 24 0.0395918

16 24 0.0413199

17 24 0.0428849

18 24 0.0442806

19 24 0.0455016

20 24 0.046543

21 24 0.0474007

22 24 0.0480714

23 24 0.0485523

24 24 0.0488416

25 24 0.0489382

26 24 0.0488416

27 24 0.0485523

28 24 0.0480714

29 24 0.0474007

30 24 0.046543

31 24 0.0455016

32 24 0.0442806

33 24 0.0428849

34 24 0.0413199

35 24 0.0395918

36 24 0.0377075

37 24 0.0356744

38 24 0.0335005

39 24 0.0311944

40 24 0.0287652

41 24 0.0262224

42 24 0.0235762

43 24 0.0208369

44 24 0.0180154

45 24 0.0151227

46 24 0.0121704

47 24 0.00917011

48 24 0.00613358

49 24 0.00307286

50 24 0

0 25 0

1 25 0.00307893

2 25 0.00614571

3 25 0.00918824

4 25 0.0121945

5 25 0.0151526

6 25 0.018051

7 25 0.0208781

8 25 0.0236228

9 25 0.0262743

10 25 0.028822

11 25 0.0312561

12 25 0.0335667

13 25 0.035745

14 25 0.0377821

15 25 0.0396701

16 25 0.0414016

17 25 0.0429697

18 25 0.0443682

19 25 0.0455916

20 25 0.046635

21 25 0.0474944

22 25 0.0481664

23 25 0.0486483

24 25 0.0489382

25 25 0.049035

26 25 0.0489382

27 25 0.0486483

28 25 0.0481664

29 25 0.0474944

30 25 0.046635

31 25 0.0455916

32 25 0.0443682

33 25 0.0429697

34 25 0.0414016

35 25 0.0396701

36 25 0.0377821

37 25 0.035745

38 25 0.0335667

39 25 0.0312561

40 25 0.028822

41 25 0.0262743

42 25 0.0236228

43 25 0.0208781

44 25 0.018051

45 25 0.0151526

46 25 0.0121945

47 25 0.00918824

48 25 0.00614571

49 25 0.00307893

50 25 0

0 26 0

1 26 0.00307286

2 26 0.00613358

3 26 0.00917011

4 26 0.0121704

5 26 0.0151227

6 26 0.0180154

7 26 0.0208369

8 26 0.0235762

9 26 0.0262224

10 26 0.0287652

11 26 0.0311944

12 26 0.0335005

13 26 0.0356744

14 26 0.0377075

15 26 0.0395918

16 26 0.0413199

17 26 0.0428849

18 26 0.0442806

19 26 0.0455016

20 26 0.046543

21 26 0.0474007

22 26 0.0480714

23 26 0.0485523

24 26 0.0488416

25 26 0.0489382

26 26 0.0488416

27 26 0.0485523

28 26 0.0480714

29 26 0.0474007

30 26 0.046543

31 26 0.0455016

32 26 0.0442806

33 26 0.0428849

34 26 0.0413199

35 26 0.0395918

36 26 0.0377075

37 26 0.0356744

38 26 0.0335005

39 26 0.0311944

40 26 0.0287652

41 26 0.0262224

42 26 0.0235762

43 26 0.0208369

44 26 0.0180154

45 26 0.0151227

46 26 0.0121704

47 26 0.00917011

48 26 0.00613358

49 26 0.00307286

50 26 0

0 27 0

1 27 0.00305465

2 27 0.00609725

3 27 0.00911578

4 27 0.0120983

5 27 0.0150332

6 27 0.0179086

7 27 0.0207134

8 27 0.0234365

9 27 0.0260671

10 27 0.0285948

11 27 0.0310096

12 27 0.0333021

13 27 0.0354631

14 27 0.0374842

15 27 0.0393573

16 27 0.0410751

17 27 0.0426308

18 27 0.0440183

19 27 0.0452321

20 27 0.0462673

21 27 0.0471199

22 27 0.0477866

23 27 0.0482647

24 27 0.0485523

25 27 0.0486483

26 27 0.0485523

27 27 0.0482647

28 27 0.0477866

29 27 0.0471199

30 27 0.0462673

31 27 0.0452321

32 27 0.0440183

33 27 0.0426308

34 27 0.0410751

35 27 0.0393573

36 27 0.0374842

37 27 0.0354631

38 27 0.0333021

39 27 0.0310096

40 27 0.0285948

41 27 0.0260671

42 27 0.0234365

43 27 0.0207134

44 27 0.0179086

45 27 0.0150332

46 27 0.0120983

47 27 0.00911578

48 27 0.00609725

49 27 0.00305465

50 27 0

0 28 0

1 28 0.00302439

2 28 0.00603685

3 28 0.00902549

4 28 0.0119785

5 28 0.0148842

6 28 0.0177312

7 28 0.0205083

8 28 0.0232044

9 28 0.0258089

10 28 0.0283115

11 28 0.0307024

12 28 0.0329722

13 28 0.0351118

14 28 0.0371129

15 28 0.0389675

16 28 0.0406683

17 28 0.0422086

18 28 0.0435823

19 28 0.044784

20 28 0.045809

21 28 0.0466532

22 28 0.0473133

23 28 0.0477866

24 28 0.0480714

25 28 0.0481664

26 28 0.0480714

27 28 0.0477866

28 28 0.0473133

29 28 0.0466532

30 28 0.045809

31 28 0.044784

32 28 0.0435823

33 28 0.0422086

34 28 0.0406683

35 28 0.0389675

36 28 0.0371129

37 28 0.0351118

38 28 0.0329722

39 28 0.0307024

40 28 0.0283115

41 28 0.0258089

42 28 0.0232044

43 28 0.0205083

44 28 0.0177312

45 28 0.0148842

46 28 0.0119785

47 28 0.00902549

48 28 0.00603685

49 28 0.00302439

50 28 0

0 29 0

1 29 0.0029822

2 29 0.00595263

3 29 0.00889957

4 29 0.0118114

5 29 0.0146766

6 29 0.0174839

7 29 0.0202222

8 29 0.0228806

9 29 0.0254488

10 29 0.0279165

11 29 0.0302741

12 29 0.0325122

13 29 0.034622

14 29 0.0365951

15 29 0.0384238

16 29 0.0401009

17 29 0.0416197

18 29 0.0429743

19 29 0.0441592

20 29 0.0451699

21 29 0.0460023

22 29 0.0466532

23 29 0.0471199

24 29 0.0474007

25 29 0.0474944

26 29 0.0474007

27 29 0.0471199

28 29 0.0466532

29 29 0.0460023

30 29 0.0451699

31 29 0.0441592

32 29 0.0429743

33 29 0.0416197

34 29 0.0401009

35 29 0.0384238

36 29 0.0365951

37 29 0.034622

38 29 0.0325122

39 29 0.0302741

40 29 0.0279165

41 29 0.0254488

42 29 0.0228806

43 29 0.0202222

44 29 0.0174839

45 29 0.0146766

46 29 0.0118114

47 29 0.00889957

48 29 0.00595263

49 29 0.0029822

50 29 0

0 30 0

1 30 0.00292824

2 30 0.00584492

3 30 0.00873853

4 30 0.0115977

5 30 0.014411

6 30 0.0171675

7 30 0.0198562

8 30 0.0224666

9 30 0.0249883

10 30 0.0274114

11 30 0.0297263

12 30 0.0319239

13 30 0.0339955

14 30 0.0359329

15 30 0.0377285

16 30 0.0393753

17 30 0.0408666

18 30 0.0421966

19 30 0.0433602

20 30 0.0443525

21 30 0.0451699

22 30 0.045809

23 30 0.0462673

24 30 0.046543

25 30 0.046635

26 30 0.046543

27 30 0.0462673

28 30 0.045809

29 30 0.0451699

30 30 0.0443525

31 30 0.0433602

32 30 0.0421966

33 30 0.0408666

34 30 0.0393753

35 30 0.0377285

36 30 0.0359329

37 30 0.0339955

38 30 0.0319239

39 30 0.0297263

40 30 0.0274114

41 30 0.0249883

42 30 0.0224666

43 30 0.0198562

44 30 0.0171675

45 30 0.014411

46 30 0.0115977

47 30 0.00873853

48 30 0.00584492

49 30 0.00292824

50 30 0

0 31 0

1 31 0.00286272

2 31 0.00571414

3 31 0.00854301

4 31 0.0113382

5 31 0.0140886

6 31 0.0167834

7 31 0.0194119

8 31 0.0219639

9 31 0.0244292

10 31 0.026798

11 31 0.0290612

12 31 0.0312096

13 31 0.0332348

14 31 0.0351289

15 31 0.0368843

16 31 0.0384942

17 31 0.0399522

18 31 0.0412525

19 31 0.04239

20 31 0.0433602

21 31 0.0441592

22 31 0.044784

23 31 0.0452321

24 31 0.0455016

25 31 0.0455916

26 31 0.0455016

27 31 0.0452321

28 31 0.044784

29 31 0.0441592

30 31 0.0433602

31 31 0.04239

32 31 0.0412525

33 31 0.0399522

34 31 0.0384942

35 31 0.0368843

36 31 0.0351289

37 31 0.0332348

38 31 0.0312096

39 31 0.0290612

40 31 0.026798

41 31 0.0244292

42 31 0.0219639

43 31 0.0194119

44 31 0.0167834

45 31 0.0140886

46 31 0.0113382

47 31 0.00854301

48 31 0.00571414

49 31 0.00286272

50 31 0

0 32 0

1 32 0.0027859

2 32 0.00556081

3 32 0.00831377

4 32 0.0110339

5 32 0.0137105

6 32 0.016333

7 32 0.018891

8 32 0.0213745

9 32 0.0237737

10 32 0.026079

11 32 0.0282813

12 32 0.0303721

13 32 0.032343

14 32 0.0341863

15 32 0.0358946

16 32 0.0374613

17 32 0.0388801

18 32 0.0401455

19 32 0.0412525

20 32 0.0421966

21 32 0.0429743

22 32 0.0435823

23 32 0.0440183

24 32 0.0442806

25 32 0.0443682

26 32 0.0442806

27 32 0.0440183

28 32 0.0435823

29 32 0.0429743

30 32 0.0421966

31 32 0.0412525

32 32 0.0401455

33 32 0.0388801

34 32 0.0374613

35 32 0.0358946

36 32 0.0341863

37 32 0.032343

38 32 0.0303721

39 32 0.0282813

40 32 0.026079

41 32 0.0237737

42 32 0.0213745

43 32 0.018891

44 32 0.016333

45 32 0.0137105

46 32 0.0110339

47 32 0.00831377

48 32 0.00556081

49 32 0.0027859

50 32 0

0 33 0

1 33 0.00269809

2 33 0.00538553

3 33 0.00805171

4 33 0.0106861

5 33 0.0132784

6 33 0.0158182

7 33 0.0182956

8 33 0.0207008

9 33 0.0230243

10 33 0.0252569

11 33 0.0273899

12 33 0.0294148

13 33 0.0313235

14 33 0.0331087

15 33 0.0347632

16 33 0.0362805

17 33 0.0376546

18 33 0.0388801

19 33 0.0399522

20 33 0.0408666

21 33 0.0416197

22 33 0.0422086

23 33 0.0426308

24 33 0.0428849

25 33 0.0429697

26 33 0.0428849

27 33 0.0426308

28 33 0.0422086

29 33 0.0416197

30 33 0.0408666

31 33 0.0399522

32 33 0.0388801

33 33 0.0376546

34 33 0.0362805

35 33 0.0347632

36 33 0.0331087

37 33 0.0313235

38 33 0.0294148

39 33 0.0273899

40 33 0.0252569

41 33 0.0230243

42 33 0.0207008

43 33 0.0182956

44 33 0.0158182

45 33 0.0132784

46 33 0.0106861

47 33 0.00805171

48 33 0.00538553

49 33 0.00269809

50 33 0

0 34 0

1 34 0.00259963

2 34 0.005189

3 34 0.00775789

4 34 0.0102962

5 34 0.0127938

6 34 0.0152409

7 34 0.0176279

8 34 0.0199454

9 34 0.0221841

10 34 0.0243352

11 34 0.0263904

12 34 0.0283413

13 34 0.0301805

14 34 0.0319005

15 34 0.0334946

16 34 0.0349565

17 34 0.0362805

18 34 0.0374613

19 34 0.0384942

20 34 0.0393753

21 34 0.0401009

22 34 0.0406683

23 34 0.0410751

24 34 0.0413199

25 34 0.0414016

26 34 0.0413199

27 34 0.0410751

28 34 0.0406683

29 34 0.0401009

30 34 0.0393753

31 34 0.0384942

32 34 0.0374613

33 34 0.0362805

34 34 0.0349565

35 34 0.0334946

36 34 0.0319005

37 34 0.0301805

38 34 0.0283413

39 34 0.0263904

40 34 0.0243352

41 34 0.0221841

42 34 0.0199454

43 34 0.0176279

44 34 0.0152409

45 34 0.0127938

46 34 0.0102962

47 34 0.00775789

48 34 0.005189

49 34 0.00259963

50 34 0

0 35 0

1 35 0.00249091

2 35 0.00497198

3 35 0.00743344

4 35 0.00986556

5 35 0.0122587

6 35 0.0146035

7 35 0.0168907

8 35 0.0191112

9 35 0.0212563

10 35 0.0233175

11 35 0.0252867

12 35 0.0271561

13 35 0.0289183

14 35 0.0305664

15 35 0.0320938

16 35 0.0334946

17 35 0.0347632

18 35 0.0358946

19 35 0.0368843

20 35 0.0377285

21 35 0.0384238

22 35 0.0389675

23 35 0.0393573

24 35 0.0395918

25 35 0.0396701

26 35 0.0395918

27 35 0.0393573

28 35 0.0389675

29 35 0.0384238

30 35 0.0377285

31 35 0.0368843

32 35 0.0358946

33 35 0.0347632

34 35 0.0334946

35 35 0.0320938

36 35 0.0305664

37 35 0.0289183

38 35 0.0271561

39 35 0.0252867

40 35 0.0233175

41 35 0.0212563

42 35 0.0191112

43 35 0.0168907

44 35 0.0146035

45 35 0.0122587

46 35 0.00986556

47 35 0.00743344

48 35 0.00497198

49 35 0.00249091

50 35 0

0 36 0

1 36 0.00237236

2 36 0.00473535

3 36 0.00707966

4 36 0.00939602

5 36 0.0116753

6 36 0.0139085

7 36 0.0160868

8 36 0.0182017

9 36 0.0202447

10 36 0.0222078

11 36 0.0240832

12 36 0.0258636

13 36 0.027542

14 36 0.0291116

15 36 0.0305664

16 36 0.0319005

17 36 0.0331087

18 36 0.0341863

19 36 0.0351289

20 36 0.0359329

21 36 0.0365951

22 36 0.0371129

23 36 0.0374842

24 36 0.0377075

25 36 0.0377821

26 36 0.0377075

27 36 0.0374842

28 36 0.0371129

29 36 0.0365951

30 36 0.0359329

31 36 0.0351289

32 36 0.0341863

33 36 0.0331087

34 36 0.0319005

35 36 0.0305664

36 36 0.0291116

37 36 0.027542

38 36 0.0258636

39 36 0.0240832

40 36 0.0222078

41 36 0.0202447

42 36 0.0182017

43 36 0.0160868

44 36 0.0139085

45 36 0.0116753

46 36 0.00939602

47 36 0.00707966

48 36 0.00473535

49 36 0.00237236

50 36 0

0 37 0

1 37 0.00224444

2 37 0.00448003

3 37 0.00669794

4 37 0.00888941

5 37 0.0110458

6 37 0.0131586

7 37 0.0152195

8 37 0.0172203

9 37 0.0191531

10 37 0.0210104

11 37 0.0227847

12 37 0.0244691

13 37 0.026057

14 37 0.027542

15 37 0.0289183

16 37 0.0301805

17 37 0.0313235

18 37 0.032343

19 37 0.0332348

20 37 0.0339955

21 37 0.034622

22 37 0.0351118

23 37 0.0354631

24 37 0.0356744

25 37 0.035745

26 37 0.0356744

27 37 0.0354631

28 37 0.0351118

29 37 0.034622

30 37 0.0339955

31 37 0.0332348

32 37 0.032343

33 37 0.0313235

34 37 0.0301805

35 37 0.0289183

36 37 0.027542

37 37 0.026057

38 37 0.0244691

39 37 0.0227847

40 37 0.0210104

41 37 0.0191531

42 37 0.0172203

43 37 0.0152195

44 37 0.0131586

45 37 0.0110458

46 37 0.00888941

47 37 0.00669794

48 37 0.00448003

49 37 0.00224444

50 37 0

0 38 0

1 38 0.00210767

2 38 0.00420703

3 38 0.00628978

4 38 0.00834771

5 38 0.0103727

6 38 0.0123567

7 38 0.014292

8 38 0.0161709

9 38 0.017986

10 38 0.01973

11 38 0.0213962

12 38 0.022978

13 38 0.0244691

14 38 0.0258636

15 38 0.0271561

16 38 0.0283413

17 38 0.0294148

18 38 0.0303721

19 38 0.0312096

20 38 0.0319239

21 38 0.0325122

22 38 0.0329722

23 38 0.0333021

24 38 0.0335005

25 38 0.0335667

26 38 0.0335005

27 38 0.0333021

28 38 0.0329722

29 38 0.0325122

30 38 0.0319239

31 38 0.0312096

32 38 0.0303721

33 38 0.0294148

34 38 0.0283413

35 38 0.0271561

36 38 0.0258636

37 38 0.0244691

38 38 0.022978

39 38 0.0213962

40 38 0.01973

41 38 0.017986

42 38 0.0161709

43 38 0.014292

44 38 0.0123567

45 38 0.0103727

46 38 0.00834771

47 38 0.00628978

48 38 0.00420703

49 38 0.00210767

50 38 0

0 39 0

1 39 0.00196258

2 39 0.00391742

3 39 0.0058568

4 39 0.00777307

5 39 0.00965866

6 39 0.0115061

7 39 0.0133082

8 39 0.0150577

9 39 0.0167478

10 39 0.0183719

11 39 0.0199234

12 39 0.0213962

13 39 0.0227847

14 39 0.0240832

15 39 0.0252867

16 39 0.0263904

17 39 0.0273899

18 39 0.0282813

19 39 0.0290612

20 39 0.0297263

21 39 0.0302741

22 39 0.0307024

23 39 0.0310096

24 39 0.0311944

25 39 0.0312561

26 39 0.0311944

27 39 0.0310096

28 39 0.0307024

29 39 0.0302741

30 39 0.0297263

31 39 0.0290612

32 39 0.0282813

33 39 0.0273899

34 39 0.0263904

35 39 0.0252867

36 39 0.0240832

37 39 0.0227847

38 39 0.0213962

39 39 0.0199234

40 39 0.0183719

41 39 0.0167478

42 39 0.0150577

43 39 0.0133082

44 39 0.0115061

45 39 0.00965866

46 39 0.00777307

47 39 0.0058568

48 39 0.00391742

49 39 0.00196258

50 39 0

0 40 0

1 40 0.00180975

2 40 0.00361236

3 40 0.00540071

4 40 0.00716775

5 40 0.0089065

6 40 0.0106101

7 40 0.0122718

8 40 0.0138851

9 40 0.0154436

10 40 0.0169412

11 40 0.0183719

12 40 0.01973

13 40 0.0210104

14 40 0.0222078

15 40 0.0233175

16 40 0.0243352

17 40 0.0252569

18 40 0.026079

19 40 0.026798

20 40 0.0274114

21 40 0.0279165

22 40 0.0283115

23 40 0.0285948

24 40 0.0287652

25 40 0.028822

26 40 0.0287652

27 40 0.0285948

28 40 0.0283115

29 40 0.0279165

30 40 0.0274114

31 40 0.026798

32 40 0.026079

33 40 0.0252569

34 40 0.0243352

35 40 0.0233175

36 40 0.0222078

37 40 0.0210104

38 40 0.01973

39 40 0.0183719

40 40 0.0169412

41 40 0.0154436

42 40 0.0138851

43 40 0.0122718

44 40 0.0106101

45 40 0.0089065

46 40 0.00716775

47 40 0.00540071

48 40 0.00361236

49 40 0.00180975

50 40 0

0 41 0

1 41 0.00164977

2 41 0.00329304

3 41 0.0049233

4 41 0.00653414

5 41 0.00811919

6 41 0.0096722

7 41 0.011187

8 41 0.0126577

9 41 0.0140784

10 41 0.0154436

11 41 0.0167478

12 41 0.017986

13 41 0.0191531

14 41 0.0202447

15 41 0.0212563

16 41 0.0221841

17 41 0.0230243

18 41 0.0237737

19 41 0.0244292

20 41 0.0249883

21 41 0.0254488

22 41 0.0258089

23 41 0.0260671

24 41 0.0262224

25 41 0.0262743

26 41 0.0262224

27 41 0.0260671

28 41 0.0258089

29 41 0.0254488

30 41 0.0249883

31 41 0.0244292

32 41 0.0237737

33 41 0.0230243

34 41 0.0221841

35 41 0.0212563

36 41 0.0202447

37 41 0.0191531

38 41 0.017986

39 41 0.0167478

40 41 0.0154436

41 41 0.0140784

42 41 0.0126577

43 41 0.011187

44 41 0.0096722

45 41 0.00811919

46 41 0.00653414

47 41 0.0049233

48 41 0.00329304

49 41 0.00164977

50 41 0

0 42 0

1 42 0.00148329

2 42 0.00296072

3 42 0.00442647

4 42 0.00587475

5 42 0.00729984

6 42 0.00869612

7 42 0.0100581

8 42 0.0113804

9 42 0.0126577

10 42 0.0138851

11 42 0.0150577

12 42 0.0161709

13 42 0.0172203

14 42 0.0182017

15 42 0.0191112

16 42 0.0199454

17 42 0.0207008

18 42 0.0213745

19 42 0.0219639

20 42 0.0224666

21 42 0.0228806

22 42 0.0232044

23 42 0.0234365

24 42 0.0235762

25 42 0.0236228

26 42 0.0235762

27 42 0.0234365

28 42 0.0232044

29 42 0.0228806

30 42 0.0224666

31 42 0.0219639

32 42 0.0213745

33 42 0.0207008

34 42 0.0199454

35 42 0.0191112

36 42 0.0182017

37 42 0.0172203

38 42 0.0161709

39 42 0.0150577

40 42 0.0138851

41 42 0.0126577

42 42 0.0113804

43 42 0.0100581

44 42 0.00869612

45 42 0.00729984

46 42 0.00587475

47 42 0.00442647

48 42 0.00296072

49 42 0.00148329

50 42 0

0 43 0

1 43 0.00131095

2 43 0.00261672

3 43 0.00391216

4 43 0.00519217

5 43 0.00645168

6 43 0.00768573

7 43 0.00888945

8 43 0.0100581

9 43 0.011187

10 43 0.0122718

11 43 0.0133082

12 43 0.014292

13 43 0.0152195

14 43 0.0160868

15 43 0.0168907

16 43 0.0176279

17 43 0.0182956

18 43 0.018891

19 43 0.0194119

20 43 0.0198562

21 43 0.0202222

22 43 0.0205083

23 43 0.0207134

24 43 0.0208369

25 43 0.0208781

26 43 0.0208369

27 43 0.0207134

28 43 0.0205083

29 43 0.0202222

30 43 0.0198562

31 43 0.0194119

32 43 0.018891

33 43 0.0182956

34 43 0.0176279

35 43 0.0168907

36 43 0.0160868

37 43 0.0152195

38 43 0.014292

39 43 0.0133082

40 43 0.0122718

41 43 0.011187

42 43 0.0100581

43 43 0.00888945

44 43 0.00768573

45 43 0.00645168

46 43 0.00519217

47 43 0.00391216

48 43 0.00261672

49 43 0.00131095

50 43 0

0 44 0

1 44 0.00113343

2 44 0.00226239

3 44 0.00338242

4 44 0.0044891

5 44 0.00557806

6 44 0.00664501

7 44 0.00768573

8 44 0.00869612

9 44 0.0096722

10 44 0.0106101

11 44 0.0115061

12 44 0.0123567

13 44 0.0131586

14 44 0.0139085

15 44 0.0146035

16 44 0.0152409

17 44 0.0158182

18 44 0.016333

19 44 0.0167834

20 44 0.0171675

21 44 0.0174839

22 44 0.0177312

23 44 0.0179086

24 44 0.0180154

25 44 0.018051

26 44 0.0180154

27 44 0.0179086

28 44 0.0177312

29 44 0.0174839

30 44 0.0171675

31 44 0.0167834

32 44 0.016333

33 44 0.0158182

34 44 0.0152409

35 44 0.0146035

36 44 0.0139085

37 44 0.0131586

38 44 0.0123567

39 44 0.0115061

40 44 0.0106101

41 44 0.0096722

42 44 0.00869612

43 44 0.00768573

44 44 0.00664501

45 44 0.00557806

46 44 0.0044891

47 44 0.00338242

48 44 0.00226239

49 44 0.00113343

50 44 0

0 45 0

1 45 0.000951442

2 45 0.00189913

3 45 0.00283932

4 45 0.00376831

5 45 0.00468242

6 45 0.00557806

7 45 0.00645168

8 45 0.00729984

9 45 0.00811919

10 45 0.0089065

11 45 0.00965866

12 45 0.0103727

13 45 0.0110458

14 45 0.0116753

15 45 0.0122587

16 45 0.0127938

17 45 0.0132784

18 45 0.0137105

19 45 0.0140886

20 45 0.014411

21 45 0.0146766

22 45 0.0148842

23 45 0.0150332

24 45 0.0151227

25 45 0.0151526

26 45 0.0151227

27 45 0.0150332

28 45 0.0148842

29 45 0.0146766

30 45 0.014411

31 45 0.0140886

32 45 0.0137105

33 45 0.0132784

34 45 0.0127938

35 45 0.0122587

36 45 0.0116753

37 45 0.0110458

38 45 0.0103727

39 45 0.00965866

40 45 0.0089065

41 45 0.00811919

42 45 0.00729984

43 45 0.00645168

44 45 0.00557806

45 45 0.00468242

46 45 0.00376831

47 45 0.00283932

48 45 0.00189913

49 45 0.000951442

50 45 0

0 46 0

1 46 0.000765699

2 46 0.00152838

3 46 0.00228502

4 46 0.00303265

5 46 0.00376831

6 46 0.0044891

7 46 0.00519217

8 46 0.00587475

9 46 0.00653414

10 46 0.00716775

11 46 0.00777307

12 46 0.00834771

13 46 0.00888941

14 46 0.00939602

15 46 0.00986556

16 46 0.0102962

17 46 0.0106861

18 46 0.0110339

19 46 0.0113382

20 46 0.0115977

21 46 0.0118114

22 46 0.0119785

23 46 0.0120983

24 46 0.0121704

25 46 0.0121945

26 46 0.0121704

27 46 0.0120983

28 46 0.0119785

29 46 0.0118114

30 46 0.0115977

31 46 0.0113382

32 46 0.0110339

33 46 0.0106861

34 46 0.0102962

35 46 0.00986556

36 46 0.00939602

37 46 0.00888941

38 46 0.00834771

39 46 0.00777307

40 46 0.00716775

41 46 0.00653414

42 46 0.00587475

43 46 0.00519217

44 46 0.0044891

45 46 0.00376831

46 46 0.00303265

47 46 0.00228502

48 46 0.00152838

49 46 0.000765699

50 46 0

0 47 0

1 47 0.000576934

2 47 0.00115159

3 47 0.0017217

4 47 0.00228502

5 47 0.00283932

6 47 0.00338242

7 47 0.00391216

8 47 0.00442647

9 47 0.0049233

10 47 0.00540071

11 47 0.0058568

12 47 0.00628978

13 47 0.00669794

14 47 0.00707966

15 47 0.00743344

16 47 0.00775789

17 47 0.00805171

18 47 0.00831377

19 47 0.00854301

20 47 0.00873853

21 47 0.00889957

22 47 0.00902549

23 47 0.00911578

24 47 0.00917011

25 47 0.00918824

26 47 0.00917011

27 47 0.00911578

28 47 0.00902549

29 47 0.00889957

30 47 0.00873853

31 47 0.00854301

32 47 0.00831377

33 47 0.00805171

34 47 0.00775789

35 47 0.00743344

36 47 0.00707966

37 47 0.00669794

38 47 0.00628978

39 47 0.0058568

40 47 0.00540071

41 47 0.0049233

42 47 0.00442647

43 47 0.00391216

44 47 0.00338242

45 47 0.00283932

46 47 0.00228502

47 47 0.0017217

48 47 0.00115159

49 47 0.000576934

50 47 0

0 48 0

1 48 0.000385892

2 48 0.000770262

3 48 0.00115159

4 48 0.00152838

5 48 0.00189913

6 48 0.00226239

7 48 0.00261672

8 48 0.00296072

9 48 0.00329304

10 48 0.00361236

11 48 0.00391742

12 48 0.00420703

13 48 0.00448003

14 48 0.00473535

15 48 0.00497198

16 48 0.005189

17 48 0.00538553

18 48 0.00556081

19 48 0.00571414

20 48 0.00584492

21 48 0.00595263

22 48 0.00603685

23 48 0.00609725

24 48 0.00613358

25 48 0.00614571

26 48 0.00613358

27 48 0.00609725

28 48 0.00603685

