0 1 0

1 1 0.00241687

2 1 0.00482419

3 1 0.00721248

4 1 0.0095723

5 1 0.0118944

6 1 0.0141695

7 1 0.0163886

8 1 0.0185431

9 1 0.0206245

10 1 0.0226244

11 1 0.024535

12 1 0.0263489

13 1 0.0280587

14 1 0.0296578

15 1 0.0311398

16 1 0.032499

17 1 0.0337299

18 1 0.0348276

19 1 0.035788

20 1 0.036607

21 1 0.0372817

22 1 0.0378091

23 1 0.0381874

24 1 0.038415

25 1 0.0384909

26 1 0.038415

27 1 0.0381874

28 1 0.0378091

29 1 0.0372817

30 1 0.036607

31 1 0.035788

32 1 0.0348276

33 1 0.0337299

34 1 0.032499

35 1 0.0311398

36 1 0.0296578

37 1 0.0280587

38 1 0.0263489

39 1 0.024535

40 1 0.0226244

41 1 0.0206245

42 1 0.0185431

43 1 0.0163886

44 1 0.0141695

45 1 0.0118944

46 1 0.0095723

47 1 0.00721248

48 1 0.00482419

49 1 0.00241687

50 1 0

0 2 0

1 2 0.00482419

2 2 0.00962935

3 2 0.0143965

4 2 0.0191068

5 2 0.0237418

6 2 0.028283

7 2 0.0327126

8 2 0.0370131

9 2 0.0411675

10 2 0.0451595

11 2 0.0489733

12 2 0.0525937

13 2 0.0560066

14 2 0.0591985

15 2 0.0621567

16 2 0.0648697

17 2 0.0673266

18 2 0.0695178

19 2 0.0714347

20 2 0.0730696

21 2 0.0744162

22 2 0.0754691

23 2 0.0762241

24 2 0.0766783

25 2 0.07683

26 2 0.0766783

27 2 0.0762241

28 2 0.0754691

29 2 0.0744162

30 2 0.0730696

31 2 0.0714347

32 2 0.0695178

33 2 0.0673266

34 2 0.0648697

35 2 0.0621567

36 2 0.0591985

37 2 0.0560066

38 2 0.0525937

39 2 0.0489733

40 2 0.0451595

41 2 0.0411675

42 2 0.0370131

43 2 0.0327126

44 2 0.028283

45 2 0.0237418

46 2 0.0191068

47 2 0.0143965

48 2 0.00962935

49 2 0.00482419

50 2 0

0 3 0

1 3 0.00721248

2 3 0.0143965

3 3 0.0215237

4 3 0.028566

5 3 0.0354955

6 3 0.0422849

7 3 0.0489075

8 3 0.055337

9 3 0.0615482

10 3 0.0675164

11 3 0.0732182

12 3 0.078631

13 3 0.0837335

14 3 0.0885056

15 3 0.0929284

16 3 0.0969844

17 3 0.100658

18 3 0.103934

19 3 0.106799

20 3 0.109244

21 3 0.111257

22 3 0.112831

23 3 0.11396

24 3 0.114639

25 3 0.114866

26 3 0.114639

27 3 0.11396

28 3 0.112831

29 3 0.111257

30 3 0.109244

31 3 0.106799

32 3 0.103934

33 3 0.100658

34 3 0.0969844

35 3 0.0929284

36 3 0.0885056

37 3 0.0837335

38 3 0.078631

39 3 0.0732182

40 3 0.0675164

41 3 0.0615482

42 3 0.055337

43 3 0.0489075

44 3 0.0422849

45 3 0.0354955

46 3 0.028566

47 3 0.0215237

48 3 0.0143965

49 3 0.00721248

50 3 0

0 4 0

1 4 0.0095723

2 4 0.0191068

3 4 0.028566

4 4 0.0379123

5 4 0.0471091

6 4 0.0561199

7 4 0.0649093

8 4 0.0734425

9 4 0.0816859

10 4 0.0896068

11 4 0.0971742

12 4 0.104358

13 4 0.11113

14 4 0.117463

15 4 0.123333

16 4 0.128716

17 4 0.133591

18 4 0.137939

19 4 0.141743

20 4 0.144987

21 4 0.147659

22 4 0.149748

23 4 0.151246

24 4 0.152147

25 4 0.152448

26 4 0.152147

27 4 0.151246

28 4 0.149748

29 4 0.147659

30 4 0.144987

31 4 0.141743

32 4 0.137939

33 4 0.133591

34 4 0.128716

35 4 0.123333

36 4 0.117463

37 4 0.11113

38 4 0.104358

39 4 0.0971742

40 4 0.0896068

41 4 0.0816859

42 4 0.0734425

43 4 0.0649093

44 4 0.0561199

45 4 0.0471091

46 4 0.0379123

47 4 0.028566

48 4 0.0191068

49 4 0.0095723

50 4 0

0 5 0

1 5 0.0118944

2 5 0.0237418

3 5 0.0354955

4 5 0.0471091

5 5 0.0585368

6 5 0.0697335

7 5 0.080655

8 5 0.0912582

9 5 0.101501

10 5 0.111344

11 5 0.120747

12 5 0.129673

13 5 0.138088

14 5 0.145958

15 5 0.153251

16 5 0.15994

17 5 0.165998

18 5 0.171401

19 5 0.176127

20 5 0.180158

21 5 0.183478

22 5 0.186074

23 5 0.187935

24 5 0.189055

25 5 0.189429

26 5 0.189055

27 5 0.187935

28 5 0.186074

29 5 0.183478

30 5 0.180158

31 5 0.176127

32 5 0.171401

33 5 0.165998

34 5 0.15994

35 5 0.153251

36 5 0.145958

37 5 0.138088

38 5 0.129673

39 5 0.120747

40 5 0.111344

41 5 0.101501

42 5 0.0912582

43 5 0.080655

44 5 0.0697335

45 5 0.0585368

46 5 0.0471091

47 5 0.0354955

48 5 0.0237418

49 5 0.0118944

50 5 0

0 6 0

1 6 0.0141695

2 6 0.028283

3 6 0.0422849

4 6 0.0561199

5 6 0.0697335

6 6 0.0830718

7 6 0.0960824

8 6 0.108714

9 6 0.120916

10 6 0.132641

11 6 0.143843

12 6 0.154477

13 6 0.164501

14 6 0.173876

15 6 0.182565

16 6 0.190533

17 6 0.197749

18 6 0.204185

19 6 0.209816

20 6 0.214618

21 6 0.218573

22 6 0.221665

23 6 0.223883

24 6 0.225217

25 6 0.225662

26 6 0.225217

27 6 0.223883

28 6 0.221665

29 6 0.218573

30 6 0.214618

31 6 0.209816

32 6 0.204185

33 6 0.197749

34 6 0.190533

35 6 0.182565

36 6 0.173876

37 6 0.164501

38 6 0.154477

39 6 0.143843

40 6 0.132641

41 6 0.120916

42 6 0.108714

43 6 0.0960824

44 6 0.0830718

45 6 0.0697335

46 6 0.0561199

47 6 0.0422849

48 6 0.028283

49 6 0.0141695

50 6 0

0 7 0

1 7 0.0163886

2 7 0.0327126

3 7 0.0489075

4 7 0.0649093

5 7 0.080655

6 7 0.0960824

7 7 0.111131

8 7 0.12574

9 7 0.139853

10 7 0.153415

11 7 0.166371

12 7 0.17867

13 7 0.190264

14 7 0.201108

15 7 0.211157

16 7 0.220374

17 7 0.22872

18 7 0.236164

19 7 0.242676

20 7 0.248231

21 7 0.252805

22 7 0.256382

23 7 0.258947

24 7 0.26049

25 7 0.261005

26 7 0.26049

27 7 0.258947

28 7 0.256382

29 7 0.252805

30 7 0.248231

31 7 0.242676

32 7 0.236164

33 7 0.22872

34 7 0.220374

35 7 0.211157

36 7 0.201108

37 7 0.190264

38 7 0.17867

39 7 0.166371

40 7 0.153415

41 7 0.139853

42 7 0.12574

43 7 0.111131

44 7 0.0960824

45 7 0.080655

46 7 0.0649093

47 7 0.0489075

48 7 0.0327126

49 7 0.0163886

50 7 0

0 8 0

1 8 0.0185431

2 8 0.0370131

3 8 0.055337

4 8 0.0734425

5 8 0.0912582

6 8 0.108714

7 8 0.12574

8 8 0.14227

9 8 0.158239

10 8 0.173583

11 8 0.188243

12 8 0.202159

13 8 0.215277

14 8 0.227546

15 8 0.238917

16 8 0.249345

17 8 0.258789

18 8 0.267211

19 8 0.274579

20 8 0.280864

21 8 0.28604

22 8 0.290087

23 8 0.292989

24 8 0.294735

25 8 0.295318

26 8 0.294735

27 8 0.292989

28 8 0.290087

29 8 0.28604

30 8 0.280864

31 8 0.274579

32 8 0.267211

33 8 0.258789

34 8 0.249345

35 8 0.238917

36 8 0.227546

37 8 0.215277

38 8 0.202159

39 8 0.188243

40 8 0.173583

41 8 0.158239

42 8 0.14227

43 8 0.12574

44 8 0.108714

45 8 0.0912582

46 8 0.0734425

47 8 0.055337

48 8 0.0370131

49 8 0.0185431

50 8 0

0 9 0

1 9 0.0206245

2 9 0.0411675

3 9 0.0615482

4 9 0.0816859

5 9 0.101501

6 9 0.120916

7 9 0.139853

8 9 0.158239

9 9 0.176

10 9 0.193067

11 9 0.209371

12 9 0.22485

13 9 0.23944

14 9 0.253086

15 9 0.265734

16 9 0.277332

17 9 0.287836

18 9 0.297204

19 9 0.305399

20 9 0.312389

21 9 0.318145

22 9 0.322647

23 9 0.325875

24 9 0.327817

25 9 0.328465

26 9 0.327817

27 9 0.325875

28 9 0.322647

29 9 0.318145

30 9 0.312389

31 9 0.305399

32 9 0.297204

33 9 0.287836

34 9 0.277332

35 9 0.265734

36 9 0.253086

37 9 0.23944

38 9 0.22485

39 9 0.209371

40 9 0.193067

41 9 0.176

42 9 0.158239

43 9 0.139853

44 9 0.120916

45 9 0.101501

46 9 0.0816859

47 9 0.0615482

48 9 0.0411675

49 9 0.0206245

50 9 0

0 10 0

1 10 0.0226244

2 10 0.0451595

3 10 0.0675164

4 10 0.0896068

5 10 0.111344

6 10 0.132641

7 10 0.153415

8 10 0.173583

9 10 0.193067

10 10 0.211788

11 10 0.229674

12 10 0.246653

13 10 0.262659

14 10 0.277628

15 10 0.291501

16 10 0.304224

17 10 0.315747

18 10 0.326023

19 10 0.335013

20 10 0.34268

21 10 0.348996

22 10 0.353933

23 10 0.357474

24 10 0.359605

25 10 0.360316

26 10 0.359605

27 10 0.357474

28 10 0.353933

29 10 0.348996

30 10 0.34268

31 10 0.335013

32 10 0.326023

33 10 0.315747

34 10 0.304224

35 10 0.291501

36 10 0.277628

37 10 0.262659

38 10 0.246653

39 10 0.229674

40 10 0.211788

41 10 0.193067

42 10 0.173583

43 10 0.153415

44 10 0.132641

45 10 0.111344

46 10 0.0896068

47 10 0.0675164

48 10 0.0451595

49 10 0.0226244

50 10 0

0 11 0

1 11 0.024535

2 11 0.0489733

3 11 0.0732182

4 11 0.0971742

5 11 0.120747

6 11 0.143843

7 11 0.166371

8 11 0.188243

9 11 0.209371

10 11 0.229674

11 11 0.24907

12 11 0.267483

13 11 0.28484

14 11 0.301074

15 11 0.316119

16 11 0.329916

17 11 0.342412

18 11 0.353556

19 11 0.363305

20 11 0.37162

21 11 0.378468

22 11 0.383823

23 11 0.387663

24 11 0.389973

25 11 0.390744

26 11 0.389973

27 11 0.387663

28 11 0.383823

29 11 0.378468

30 11 0.37162

31 11 0.363305

32 11 0.353556

33 11 0.342412

34 11 0.329916

35 11 0.316119

36 11 0.301074

37 11 0.28484

38 11 0.267483

39 11 0.24907

40 11 0.229674

41 11 0.209371

42 11 0.188243

43 11 0.166371

44 11 0.143843

45 11 0.120747

46 11 0.0971742

47 11 0.0732182

48 11 0.0489733

49 11 0.024535

50 11 0

0 12 0

1 12 0.0263489

2 12 0.0525937

3 12 0.078631

4 12 0.104358

5 12 0.129673

6 12 0.154477

7 12 0.17867

8 12 0.202159

9 12 0.22485

10 12 0.246653

11 12 0.267483

12 12 0.287257

13 12 0.305898

14 12 0.323331

15 12 0.339489

16 12 0.354306

17 12 0.367726

18 12 0.379694

19 12 0.390163

20 12 0.399093

21 12 0.406448

22 12 0.412198

23 12 0.416322

24 12 0.418803

25 12 0.419631

26 12 0.418803

27 12 0.416322

28 12 0.412198

29 12 0.406448

30 12 0.399093

31 12 0.390163

32 12 0.379694

33 12 0.367726

34 12 0.354306

35 12 0.339489

36 12 0.323331

37 12 0.305898

38 12 0.287257

39 12 0.267483

40 12 0.246653

41 12 0.22485

42 12 0.202159

43 12 0.17867

44 12 0.154477

45 12 0.129673

46 12 0.104358

47 12 0.078631

48 12 0.0525937

49 12 0.0263489

50 12 0

0 13 0

1 13 0.0280587

2 13 0.0560066

3 13 0.0837335

4 13 0.11113

5 13 0.138088

6 13 0.164501

7 13 0.190264

8 13 0.215277

9 13 0.23944

10 13 0.262659

11 13 0.28484

12 13 0.305898

13 13 0.325748

14 13 0.344313

15 13 0.361519

16 13 0.377298

17 13 0.391588

18 13 0.404333

19 13 0.415482

20 13 0.424991

21 13 0.432823

22 13 0.438947

23 13 0.443338

24 13 0.44598

25 13 0.446862

26 13 0.44598

27 13 0.443338

28 13 0.438947

29 13 0.432823

30 13 0.424991

31 13 0.415482

32 13 0.404333

33 13 0.391588

34 13 0.377298

35 13 0.361519

36 13 0.344313

37 13 0.325748

38 13 0.305898

39 13 0.28484

40 13 0.262659

41 13 0.23944

42 13 0.215277

43 13 0.190264

44 13 0.164501

45 13 0.138088

46 13 0.11113

47 13 0.0837335

48 13 0.0560066

49 13 0.0280587

50 13 0

0 14 0

1 14 0.0296578

2 14 0.0591985

3 14 0.0885056

4 14 0.117463

5 14 0.145958

6 14 0.173876

7 14 0.201108

8 14 0.227546

9 14 0.253086

10 14 0.277628

11 14 0.301074

12 14 0.323331

13 14 0.344313

14 14 0.363936

15 14 0.382122

16 14 0.3988

17 14 0.413905

18 14 0.427376

19 14 0.43916

20 14 0.449211

21 14 0.45749

22 14 0.463963

23 14 0.468604

24 14 0.471397

25 14 0.472329

26 14 0.471397

27 14 0.468604

28 14 0.463963

29 14 0.45749

30 14 0.449211

31 14 0.43916

32 14 0.427376

33 14 0.413905

34 14 0.3988

35 14 0.382122

36 14 0.363936

37 14 0.344313

38 14 0.323331

39 14 0.301074

40 14 0.277628

41 14 0.253086

42 14 0.227546

43 14 0.201108

44 14 0.173876

45 14 0.145958

46 14 0.117463

47 14 0.0885056

48 14 0.0591985

49 14 0.0296578

50 14 0

0 15 0

1 15 0.0311398

2 15 0.0621567

3 15 0.0929284

4 15 0.123333

5 15 0.153251

6 15 0.182565

7 15 0.211157

8 15 0.238917

9 15 0.265734

10 15 0.291501

11 15 0.316119

12 15 0.339489

13 15 0.361519

14 15 0.382122

15 15 0.401217

16 15 0.418729

17 15 0.434588

18 15 0.448733

19 15 0.461106

20 15 0.471659

21 15 0.480351

22 15 0.487147

23 15 0.492021

24 15 0.494953

25 15 0.495932

26 15 0.494953

27 15 0.492021

28 15 0.487147

29 15 0.480351

30 15 0.471659

31 15 0.461106

32 15 0.448733

33 15 0.434588

34 15 0.418729

35 15 0.401217

36 15 0.382122

37 15 0.361519

38 15 0.339489

39 15 0.316119

40 15 0.291501

41 15 0.265734

42 15 0.238917

43 15 0.211157

44 15 0.182565

45 15 0.153251

46 15 0.123333

47 15 0.0929284

48 15 0.0621567

49 15 0.0311398

50 15 0

0 16 0

1 16 0.032499

2 16 0.0648697

3 16 0.0969844

4 16 0.128716

5 16 0.15994

6 16 0.190533

7 16 0.220374

8 16 0.249345

9 16 0.277332

10 16 0.304224

11 16 0.329916

12 16 0.354306

13 16 0.377298

14 16 0.3988

15 16 0.418729

16 16 0.437005

17 16 0.453557

18 16 0.468318

19 16 0.481231

20 16 0.492246

21 16 0.501317

22 16 0.50841

23 16 0.513496

24 16 0.516556

25 16 0.517578

26 16 0.516556

27 16 0.513496

28 16 0.50841

29 16 0.501317

30 16 0.492246

31 16 0.481231

32 16 0.468318

33 16 0.453557

34 16 0.437005

35 16 0.418729

36 16 0.3988

37 16 0.377298

38 16 0.354306

39 16 0.329916

40 16 0.304224

41 16 0.277332

42 16 0.249345

43 16 0.220374

44 16 0.190533

45 16 0.15994

46 16 0.128716

47 16 0.0969844

48 16 0.0648697

49 16 0.032499

50 16 0

0 17 0

1 17 0.0337299

2 17 0.0673266

3 17 0.100658

4 17 0.133591

5 17 0.165998

6 17 0.197749

7 17 0.22872

8 17 0.258789

9 17 0.287836

10 17 0.315747

11 17 0.342412

12 17 0.367726

13 17 0.391588

14 17 0.413905

15 17 0.434588

16 17 0.453557

17 17 0.470735

18 17 0.486056

19 17 0.499458

20 17 0.510889

21 17 0.520304

22 17 0.527666

23 17 0.532945

24 17 0.536121

25 17 0.537181

26 17 0.536121

27 17 0.532945

28 17 0.527666

29 17 0.520304

30 17 0.510889

31 17 0.499458

32 17 0.486056

33 17 0.470735

34 17 0.453557

35 17 0.434588

36 17 0.413905

37 17 0.391588

38 17 0.367726

39 17 0.342412

40 17 0.315747

41 17 0.287836

42 17 0.258789

43 17 0.22872

44 17 0.197749

45 17 0.165998

46 17 0.133591

47 17 0.100658

48 17 0.0673266

49 17 0.0337299

50 17 0

0 18 0

1 18 0.0348276

2 18 0.0695178

3 18 0.103934

4 18 0.137939

5 18 0.171401

6 18 0.204185

7 18 0.236164

8 18 0.267211

9 18 0.297204

10 18 0.326023

11 18 0.353556

12 18 0.379694

13 18 0.404333

14 18 0.427376

15 18 0.448733

16 18 0.468318

17 18 0.486056

18 18 0.501875

19 18 0.515713

20 18 0.527517

21 18 0.537238

22 18 0.544839

23 18 0.55029

24 18 0.553569

25 18 0.554664

26 18 0.553569

27 18 0.55029

28 18 0.544839

29 18 0.537238

30 18 0.527517

31 18 0.515713

32 18 0.501875

33 18 0.486056

34 18 0.468318

35 18 0.448733

36 18 0.427376

37 18 0.404333

38 18 0.379694

39 18 0.353556

40 18 0.326023

41 18 0.297204

42 18 0.267211

43 18 0.236164

44 18 0.204185

45 18 0.171401

46 18 0.137939

47 18 0.103934

48 18 0.0695178

49 18 0.0348276

50 18 0

0 19 0

1 19 0.035788

2 19 0.0714347

3 19 0.106799

4 19 0.141743

5 19 0.176127

6 19 0.209816

7 19 0.242676

8 19 0.274579

9 19 0.305399

10 19 0.335013

11 19 0.363305

12 19 0.390163

13 19 0.415482

14 19 0.43916

15 19 0.461106

16 19 0.481231

17 19 0.499458

18 19 0.515713

19 19 0.529934

20 19 0.542062

21 19 0.552052

22 19 0.559862

23 19 0.565464

24 19 0.568833

25 19 0.569958

26 19 0.568833

27 19 0.565464

28 19 0.559862

29 19 0.552052

30 19 0.542062

31 19 0.529934

32 19 0.515713

33 19 0.499458

34 19 0.481231

35 19 0.461106

36 19 0.43916

37 19 0.415482

38 19 0.390163

39 19 0.363305

40 19 0.335013

41 19 0.305399

42 19 0.274579

43 19 0.242676

44 19 0.209816

45 19 0.176127

46 19 0.141743

47 19 0.106799

48 19 0.0714347

49 19 0.035788

50 19 0

0 20 0

1 20 0.036607

2 20 0.0730696

3 20 0.109244

4 20 0.144987

5 20 0.180158

6 20 0.214618

7 20 0.248231

8 20 0.280864

9 20 0.312389

10 20 0.34268

11 20 0.37162

12 20 0.399093

13 20 0.424991

14 20 0.449211

15 20 0.471659

16 20 0.492246

17 20 0.510889

18 20 0.527517

19 20 0.542062

20 20 0.554469

21 20 0.564687

22 20 0.572676

23 20 0.578406

24 20 0.581852

25 20 0.583003

26 20 0.581852

27 20 0.578406

28 20 0.572676

29 20 0.564687

30 20 0.554469

31 20 0.542062

32 20 0.527517

33 20 0.510889

34 20 0.492246

35 20 0.471659

36 20 0.449211

37 20 0.424991

38 20 0.399093

39 20 0.37162

40 20 0.34268

41 20 0.312389

42 20 0.280864

43 20 0.248231

44 20 0.214618

45 20 0.180158

46 20 0.144987

47 20 0.109244

48 20 0.0730696

49 20 0.036607

50 20 0

0 21 0

1 21 0.0372817

2 21 0.0744162

3 21 0.111257

4 21 0.147659

5 21 0.183478

6 21 0.218573

7 21 0.252805

8 21 0.28604

9 21 0.318145

10 21 0.348996

11 21 0.378468

12 21 0.406448

13 21 0.432823

14 21 0.45749

15 21 0.480351

16 21 0.501317

17 21 0.520304

18 21 0.537238

19 21 0.552052

20 21 0.564687

21 21 0.575093

22 21 0.58323

23 21 0.589065

24 21 0.592575

25 21 0.593747

26 21 0.592575

27 21 0.589065

28 21 0.58323

29 21 0.575093

30 21 0.564687

31 21 0.552052

32 21 0.537238

33 21 0.520304

34 21 0.501317

35 21 0.480351

36 21 0.45749

37 21 0.432823

38 21 0.406448

39 21 0.378468

40 21 0.348996

41 21 0.318145

42 21 0.28604

43 21 0.252805

44 21 0.218573

45 21 0.183478

46 21 0.147659

47 21 0.111257

48 21 0.0744162

49 21 0.0372817

50 21 0

0 22 0

1 22 0.0378091

2 22 0.0754691

3 22 0.112831

4 22 0.149748

5 22 0.186074

6 22 0.221665

7 22 0.256382

8 22 0.290087

9 22 0.322647

10 22 0.353933

11 22 0.383823

12 22 0.412198

13 22 0.438947

14 22 0.463963

15 22 0.487147

16 22 0.50841

17 22 0.527666

18 22 0.544839

19 22 0.559862

20 22 0.572676

21 22 0.58323

22 22 0.591482

23 22 0.597399

24 22 0.600959

25 22 0.602147

26 22 0.600959

27 22 0.597399

28 22 0.591482

29 22 0.58323

30 22 0.572676

31 22 0.559862

32 22 0.544839

33 22 0.527666

34 22 0.50841

35 22 0.487147

36 22 0.463963

37 22 0.438947

38 22 0.412198

39 22 0.383823

40 22 0.353933

41 22 0.322647

42 22 0.290087

43 22 0.256382

44 22 0.221665

45 22 0.186074

46 22 0.149748

47 22 0.112831

48 22 0.0754691

49 22 0.0378091

50 22 0

0 23 0

1 23 0.0381874

2 23 0.0762241

3 23 0.11396

4 23 0.151246

5 23 0.187935

6 23 0.223883

7 23 0.258947

8 23 0.292989

9 23 0.325875

10 23 0.357474

11 23 0.387663

12 23 0.416322

13 23 0.443338

14 23 0.468604

15 23 0.492021

16 23 0.513496

17 23 0.532945

18 23 0.55029

19 23 0.565464

20 23 0.578406

21 23 0.589065

22 23 0.597399

23 23 0.603376

24 23 0.606972

25 23 0.608172

26 23 0.606972

27 23 0.603376

28 23 0.597399

29 23 0.589065

30 23 0.578406

31 23 0.565464

32 23 0.55029

33 23 0.532945

34 23 0.513496

35 23 0.492021

36 23 0.468604

37 23 0.443338

38 23 0.416322

39 23 0.387663

40 23 0.357474

41 23 0.325875

42 23 0.292989

43 23 0.258947

44 23 0.223883

45 23 0.187935

46 23 0.151246

47 23 0.11396

48 23 0.0762241

49 23 0.0381874

50 23 0

0 24 0

1 24 0.038415

2 24 0.0766783

3 24 0.114639

4 24 0.152147

5 24 0.189055

6 24 0.225217

7 24 0.26049

8 24 0.294735

9 24 0.327817

10 24 0.359605

11 24 0.389973

12 24 0.418803

13 24 0.44598

14 24 0.471397

15 24 0.494953

16 24 0.516556

17 24 0.536121

18 24 0.553569

19 24 0.568833

20 24 0.581852

21 24 0.592575

22 24 0.600959

23 24 0.606972

24 24 0.610589

25 24 0.611796

26 24 0.610589

27 24 0.606972

28 24 0.600959

29 24 0.592575

30 24 0.581852

31 24 0.568833

32 24 0.553569

33 24 0.536121

34 24 0.516556

35 24 0.494953

36 24 0.471397

37 24 0.44598

38 24 0.418803

39 24 0.389973

40 24 0.359605

41 24 0.327817

42 24 0.294735

43 24 0.26049

44 24 0.225217

45 24 0.189055

46 24 0.152147

47 24 0.114639

48 24 0.0766783

49 24 0.038415

50 24 0

0 25 0

1 25 0.0384909

2 25 0.07683

3 25 0.114866

4 25 0.152448

5 25 0.189429

6 25 0.225662

7 25 0.261005

8 25 0.295318

9 25 0.328465

10 25 0.360316

11 25 0.390744

12 25 0.419631

13 25 0.446862

14 25 0.472329

15 25 0.495932

16 25 0.517578

17 25 0.537181

18 25 0.554664

19 25 0.569958

20 25 0.583003

21 25 0.593747

22 25 0.602147

23 25 0.608172

24 25 0.611796

25 25 0.613005

26 25 0.611796

27 25 0.608172

28 25 0.602147

29 25 0.593747

30 25 0.583003

31 25 0.569958

32 25 0.554664

33 25 0.537181

34 25 0.517578

35 25 0.495932

36 25 0.472329

37 25 0.446862

38 25 0.419631

39 25 0.390744

40 25 0.360316

41 25 0.328465

42 25 0.295318

43 25 0.261005

44 25 0.225662

45 25 0.189429

46 25 0.152448

47 25 0.114866

48 25 0.07683

49 25 0.0384909

50 25 0

0 26 0

1 26 0.038415

2 26 0.0766783

3 26 0.114639

4 26 0.152147

5 26 0.189055

6 26 0.225217

7 26 0.26049

8 26 0.294735

9 26 0.327817

10 26 0.359605

11 26 0.389973

12 26 0.418803

13 26 0.44598

14 26 0.471397

15 26 0.494953

16 26 0.516556

17 26 0.536121

18 26 0.553569

19 26 0.568833

20 26 0.581852

21 26 0.592575

22 26 0.600959

23 26 0.606972

24 26 0.610589

25 26 0.611796

26 26 0.610589

27 26 0.606972

28 26 0.600959

29 26 0.592575

30 26 0.581852

31 26 0.568833

32 26 0.553569

33 26 0.536121

34 26 0.516556

35 26 0.494953

36 26 0.471397

37 26 0.44598

38 26 0.418803

39 26 0.389973

40 26 0.359605

41 26 0.327817

42 26 0.294735

43 26 0.26049

44 26 0.225217

45 26 0.189055

46 26 0.152147

47 26 0.114639

48 26 0.0766783

49 26 0.038415

50 26 0

0 27 0

1 27 0.0381874

2 27 0.0762241

3 27 0.11396

4 27 0.151246

5 27 0.187935

6 27 0.223883

7 27 0.258947

8 27 0.292989

9 27 0.325875

10 27 0.357474

11 27 0.387663

12 27 0.416322

13 27 0.443338

14 27 0.468604

15 27 0.492021

16 27 0.513496

17 27 0.532945

18 27 0.55029

19 27 0.565464

20 27 0.578406

21 27 0.589065

22 27 0.597399

23 27 0.603376

24 27 0.606972

25 27 0.608172

26 27 0.606972

27 27 0.603376

28 27 0.597399

29 27 0.589065

30 27 0.578406

31 27 0.565464

32 27 0.55029

33 27 0.532945

34 27 0.513496

35 27 0.492021

36 27 0.468604

37 27 0.443338

38 27 0.416322

39 27 0.387663

40 27 0.357474

41 27 0.325875

42 27 0.292989

43 27 0.258947

44 27 0.223883

45 27 0.187935

46 27 0.151246

47 27 0.11396

48 27 0.0762241

49 27 0.0381874

50 27 0

0 28 0

1 28 0.0378091

2 28 0.0754691

3 28 0.112831

4 28 0.149748

5 28 0.186074

6 28 0.221665

7 28 0.256382

8 28 0.290087

9 28 0.322647

10 28 0.353933

11 28 0.383823

12 28 0.412198

13 28 0.438947

14 28 0.463963

15 28 0.487147

16 28 0.50841

17 28 0.527666

18 28 0.544839

19 28 0.559862

20 28 0.572676

21 28 0.58323

22 28 0.591482

23 28 0.597399

24 28 0.600959

25 28 0.602147

26 28 0.600959

27 28 0.597399

28 28 0.591482

29 28 0.58323

30 28 0.572676

31 28 0.559862

32 28 0.544839

33 28 0.527666

34 28 0.50841

35 28 0.487147

36 28 0.463963

37 28 0.438947

38 28 0.412198

39 28 0.383823

40 28 0.353933

41 28 0.322647

42 28 0.290087

43 28 0.256382

44 28 0.221665

45 28 0.186074

46 28 0.149748

47 28 0.112831

48 28 0.0754691

49 28 0.0378091

50 28 0

0 29 0

1 29 0.0372817

2 29 0.0744162

3 29 0.111257

4 29 0.147659

5 29 0.183478

6 29 0.218573

7 29 0.252805

8 29 0.28604

9 29 0.318145

10 29 0.348996

11 29 0.378468

12 29 0.406448

13 29 0.432823

14 29 0.45749

15 29 0.480351

16 29 0.501317

17 29 0.520304

18 29 0.537238

19 29 0.552052

20 29 0.564687

21 29 0.575093

22 29 0.58323

23 29 0.589065

24 29 0.592575

25 29 0.593747

26 29 0.592575

27 29 0.589065

28 29 0.58323

29 29 0.575093

30 29 0.564687

31 29 0.552052

32 29 0.537238

33 29 0.520304

34 29 0.501317

35 29 0.480351

36 29 0.45749

37 29 0.432823

38 29 0.406448

39 29 0.378468

40 29 0.348996

41 29 0.318145

42 29 0.28604

43 29 0.252805

44 29 0.218573

45 29 0.183478

46 29 0.147659

47 29 0.111257

48 29 0.0744162

49 29 0.0372817

50 29 0

0 30 0

1 30 0.036607

2 30 0.0730696

3 30 0.109244

4 30 0.144987

5 30 0.180158

6 30 0.214618

7 30 0.248231

8 30 0.280864

9 30 0.312389

10 30 0.34268

11 30 0.37162

12 30 0.399093

13 30 0.424991

14 30 0.449211

15 30 0.471659

16 30 0.492246

17 30 0.510889

18 30 0.527517

19 30 0.542062

20 30 0.554469

21 30 0.564687

22 30 0.572676

23 30 0.578406

24 30 0.581852

25 30 0.583003

26 30 0.581852

27 30 0.578406

28 30 0.572676

29 30 0.564687

30 30 0.554469

31 30 0.542062

32 30 0.527517

33 30 0.510889

34 30 0.492246

35 30 0.471659

36 30 0.449211

37 30 0.424991

38 30 0.399093

39 30 0.37162

40 30 0.34268

41 30 0.312389

42 30 0.280864

43 30 0.248231

44 30 0.214618

45 30 0.180158

46 30 0.144987

47 30 0.109244

48 30 0.0730696

49 30 0.036607

50 30 0

0 31 0

1 31 0.035788

2 31 0.0714347

3 31 0.106799

4 31 0.141743

5 31 0.176127

6 31 0.209816

7 31 0.242676

8 31 0.274579

9 31 0.305399

10 31 0.335013

11 31 0.363305

12 31 0.390163

13 31 0.415482

14 31 0.43916

15 31 0.461106

16 31 0.481231

17 31 0.499458

18 31 0.515713

19 31 0.529934

20 31 0.542062

21 31 0.552052

22 31 0.559862

23 31 0.565464

24 31 0.568833

25 31 0.569958

26 31 0.568833

27 31 0.565464

28 31 0.559862

29 31 0.552052

30 31 0.542062

31 31 0.529934

32 31 0.515713

33 31 0.499458

34 31 0.481231

35 31 0.461106

36 31 0.43916

37 31 0.415482

38 31 0.390163

39 31 0.363305

40 31 0.335013

41 31 0.305399

42 31 0.274579

43 31 0.242676

44 31 0.209816

45 31 0.176127

46 31 0.141743

47 31 0.106799

48 31 0.0714347

49 31 0.035788

50 31 0

0 32 0

1 32 0.0348276

2 32 0.0695178

3 32 0.103934

4 32 0.137939

5 32 0.171401

6 32 0.204185

7 32 0.236164

8 32 0.267211

9 32 0.297204

10 32 0.326023

11 32 0.353556

12 32 0.379694

13 32 0.404333

14 32 0.427376

15 32 0.448733

16 32 0.468318

17 32 0.486056

18 32 0.501875

19 32 0.515713

20 32 0.527517

21 32 0.537238

22 32 0.544839

23 32 0.55029

24 32 0.553569

25 32 0.554664

26 32 0.553569

27 32 0.55029

28 32 0.544839

29 32 0.537238

30 32 0.527517

31 32 0.515713

32 32 0.501875

33 32 0.486056

34 32 0.468318

35 32 0.448733

36 32 0.427376

37 32 0.404333

38 32 0.379694

39 32 0.353556

40 32 0.326023

41 32 0.297204

42 32 0.267211

43 32 0.236164

44 32 0.204185

45 32 0.171401

46 32 0.137939

47 32 0.103934

48 32 0.0695178

49 32 0.0348276

50 32 0

0 33 0

1 33 0.0337299

2 33 0.0673266

3 33 0.100658

4 33 0.133591

5 33 0.165998

6 33 0.197749

7 33 0.22872

8 33 0.258789

9 33 0.287836

10 33 0.315747

11 33 0.342412

12 33 0.367726

13 33 0.391588

14 33 0.413905

15 33 0.434588

16 33 0.453557

17 33 0.470735

18 33 0.486056

19 33 0.499458

20 33 0.510889

21 33 0.520304

22 33 0.527666

23 33 0.532945

24 33 0.536121

25 33 0.537181

26 33 0.536121

27 33 0.532945

28 33 0.527666

29 33 0.520304

30 33 0.510889

31 33 0.499458

32 33 0.486056

33 33 0.470735

34 33 0.453557

35 33 0.434588

36 33 0.413905

37 33 0.391588

38 33 0.367726

39 33 0.342412

40 33 0.315747

41 33 0.287836

42 33 0.258789

43 33 0.22872

44 33 0.197749

45 33 0.165998

46 33 0.133591

47 33 0.100658

48 33 0.0673266

49 33 0.0337299

50 33 0

0 34 0

1 34 0.032499

2 34 0.0648697

3 34 0.0969844

4 34 0.128716

5 34 0.15994

6 34 0.190533

7 34 0.220374

8 34 0.249345

9 34 0.277332

10 34 0.304224

11 34 0.329916

12 34 0.354306

13 34 0.377298

14 34 0.3988

15 34 0.418729

16 34 0.437005

17 34 0.453557

18 34 0.468318

19 34 0.481231

20 34 0.492246

21 34 0.501317

22 34 0.50841

23 34 0.513496

24 34 0.516556

25 34 0.517578

26 34 0.516556

27 34 0.513496

28 34 0.50841

29 34 0.501317

30 34 0.492246

31 34 0.481231

32 34 0.468318

33 34 0.453557

34 34 0.437005

35 34 0.418729

36 34 0.3988

37 34 0.377298

38 34 0.354306

39 34 0.329916

40 34 0.304224

41 34 0.277332

42 34 0.249345

43 34 0.220374

44 34 0.190533

45 34 0.15994

46 34 0.128716

47 34 0.0969844

48 34 0.0648697

49 34 0.032499

50 34 0

0 35 0

1 35 0.0311398

2 35 0.0621567

3 35 0.0929284

4 35 0.123333

5 35 0.153251

6 35 0.182565

7 35 0.211157

8 35 0.238917

9 35 0.265734

10 35 0.291501

11 35 0.316119

12 35 0.339489

13 35 0.361519

14 35 0.382122

15 35 0.401217

16 35 0.418729

17 35 0.434588

18 35 0.448733

19 35 0.461106

20 35 0.471659

21 35 0.480351

22 35 0.487147

23 35 0.492021

24 35 0.494953

25 35 0.495932

26 35 0.494953

27 35 0.492021

28 35 0.487147

29 35 0.480351

30 35 0.471659

31 35 0.461106

32 35 0.448733

33 35 0.434588

34 35 0.418729

35 35 0.401217

36 35 0.382122

37 35 0.361519

38 35 0.339489

39 35 0.316119

40 35 0.291501

41 35 0.265734

42 35 0.238917

43 35 0.211157

44 35 0.182565

45 35 0.153251

46 35 0.123333

47 35 0.0929284

48 35 0.0621567

49 35 0.0311398

50 35 0

0 36 0

1 36 0.0296578

2 36 0.0591985

3 36 0.0885056

4 36 0.117463

5 36 0.145958

6 36 0.173876

7 36 0.201108

8 36 0.227546

9 36 0.253086

10 36 0.277628

11 36 0.301074

12 36 0.323331

13 36 0.344313

14 36 0.363936

15 36 0.382122

16 36 0.3988

17 36 0.413905

18 36 0.427376

19 36 0.43916

20 36 0.449211

21 36 0.45749

22 36 0.463963

23 36 0.468604

24 36 0.471397

25 36 0.472329

26 36 0.471397

27 36 0.468604

28 36 0.463963

29 36 0.45749

30 36 0.449211

31 36 0.43916

32 36 0.427376

33 36 0.413905

34 36 0.3988

35 36 0.382122

36 36 0.363936

37 36 0.344313

38 36 0.323331

39 36 0.301074

40 36 0.277628

41 36 0.253086

42 36 0.227546

43 36 0.201108

44 36 0.173876

45 36 0.145958

46 36 0.117463

47 36 0.0885056

48 36 0.0591985

49 36 0.0296578

50 36 0

0 37 0

1 37 0.0280587

2 37 0.0560066

3 37 0.0837335

4 37 0.11113

5 37 0.138088

6 37 0.164501

7 37 0.190264

8 37 0.215277

9 37 0.23944

10 37 0.262659

11 37 0.28484

12 37 0.305898

13 37 0.325748

14 37 0.344313

15 37 0.361519

16 37 0.377298

17 37 0.391588

18 37 0.404333

19 37 0.415482

20 37 0.424991

21 37 0.432823

22 37 0.438947

23 37 0.443338

24 37 0.44598

25 37 0.446862

26 37 0.44598

27 37 0.443338

28 37 0.438947

29 37 0.432823

30 37 0.424991

31 37 0.415482

32 37 0.404333

33 37 0.391588

34 37 0.377298

35 37 0.361519

36 37 0.344313

37 37 0.325748

38 37 0.305898

39 37 0.28484

40 37 0.262659

41 37 0.23944

42 37 0.215277

43 37 0.190264

44 37 0.164501

45 37 0.138088

46 37 0.11113

47 37 0.0837335

48 37 0.0560066

49 37 0.0280587

50 37 0

0 38 0

1 38 0.0263489

2 38 0.0525937

3 38 0.078631

4 38 0.104358

5 38 0.129673

6 38 0.154477

7 38 0.17867

8 38 0.202159

9 38 0.22485

10 38 0.246653

11 38 0.267483

12 38 0.287257

13 38 0.305898

14 38 0.323331

15 38 0.339489

16 38 0.354306

17 38 0.367726

18 38 0.379694

19 38 0.390163

20 38 0.399093

21 38 0.406448

22 38 0.412198

23 38 0.416322

24 38 0.418803

25 38 0.419631

26 38 0.418803

27 38 0.416322

28 38 0.412198

29 38 0.406448

30 38 0.399093

31 38 0.390163

32 38 0.379694

33 38 0.367726

34 38 0.354306

35 38 0.339489

36 38 0.323331

37 38 0.305898

38 38 0.287257

39 38 0.267483

40 38 0.246653

41 38 0.22485

42 38 0.202159

43 38 0.17867

44 38 0.154477

45 38 0.129673

46 38 0.104358

47 38 0.078631

48 38 0.0525937

49 38 0.0263489

50 38 0

0 39 0

1 39 0.024535

2 39 0.0489733

3 39 0.0732182

4 39 0.0971742

5 39 0.120747

6 39 0.143843

7 39 0.166371

8 39 0.188243

9 39 0.209371

10 39 0.229674

11 39 0.24907

12 39 0.267483

13 39 0.28484

14 39 0.301074

15 39 0.316119

16 39 0.329916

17 39 0.342412

18 39 0.353556

19 39 0.363305

20 39 0.37162

21 39 0.378468

22 39 0.383823

23 39 0.387663

24 39 0.389973

25 39 0.390744

26 39 0.389973

27 39 0.387663

28 39 0.383823

29 39 0.378468

30 39 0.37162

31 39 0.363305

32 39 0.353556

33 39 0.342412

34 39 0.329916

35 39 0.316119

36 39 0.301074

37 39 0.28484

38 39 0.267483

39 39 0.24907

40 39 0.229674

41 39 0.209371

42 39 0.188243

43 39 0.166371

44 39 0.143843

45 39 0.120747

46 39 0.0971742

47 39 0.0732182

48 39 0.0489733

49 39 0.024535

50 39 0

0 40 0

1 40 0.0226244

2 40 0.0451595

3 40 0.0675164

4 40 0.0896068

5 40 0.111344

6 40 0.132641

7 40 0.153415

8 40 0.173583

9 40 0.193067

10 40 0.211788

11 40 0.229674

12 40 0.246653

13 40 0.262659

14 40 0.277628

15 40 0.291501

16 40 0.304224

17 40 0.315747

18 40 0.326023

19 40 0.335013

20 40 0.34268

21 40 0.348996

22 40 0.353933

23 40 0.357474

24 40 0.359605

25 40 0.360316

26 40 0.359605

27 40 0.357474

28 40 0.353933

29 40 0.348996

30 40 0.34268

31 40 0.335013

32 40 0.326023

33 40 0.315747

34 40 0.304224

35 40 0.291501

36 40 0.277628

37 40 0.262659

38 40 0.246653

39 40 0.229674

40 40 0.211788

41 40 0.193067

42 40 0.173583

43 40 0.153415

44 40 0.132641

45 40 0.111344

46 40 0.0896068

47 40 0.0675164

48 40 0.0451595

49 40 0.0226244

50 40 0

0 41 0

1 41 0.0206245

2 41 0.0411675

3 41 0.0615482

4 41 0.0816859

5 41 0.101501

6 41 0.120916

7 41 0.139853

8 41 0.158239

9 41 0.176

10 41 0.193067

11 41 0.209371

12 41 0.22485

13 41 0.23944

14 41 0.253086

15 41 0.265734

16 41 0.277332

17 41 0.287836

18 41 0.297204

19 41 0.305399

20 41 0.312389

21 41 0.318145

22 41 0.322647

23 41 0.325875

24 41 0.327817

25 41 0.328465

26 41 0.327817

27 41 0.325875

28 41 0.322647

29 41 0.318145

30 41 0.312389

31 41 0.305399

32 41 0.297204

33 41 0.287836

34 41 0.277332

35 41 0.265734

36 41 0.253086

37 41 0.23944

38 41 0.22485

39 41 0.209371

40 41 0.193067

41 41 0.176

42 41 0.158239

43 41 0.139853

44 41 0.120916

45 41 0.101501

46 41 0.0816859

47 41 0.0615482

48 41 0.0411675

49 41 0.0206245

50 41 0

0 42 0

1 42 0.0185431

2 42 0.0370131

3 42 0.055337

4 42 0.0734425

5 42 0.0912582

6 42 0.108714

7 42 0.12574

8 42 0.14227

9 42 0.158239

10 42 0.173583

11 42 0.188243

12 42 0.202159

13 42 0.215277

14 42 0.227546

15 42 0.238917

16 42 0.249345

17 42 0.258789

18 42 0.267211

19 42 0.274579

20 42 0.280864

21 42 0.28604

22 42 0.290087

23 42 0.292989

24 42 0.294735

25 42 0.295318

26 42 0.294735

27 42 0.292989

28 42 0.290087

29 42 0.28604

30 42 0.280864

31 42 0.274579

32 42 0.267211

33 42 0.258789

34 42 0.249345

35 42 0.238917

36 42 0.227546

37 42 0.215277

38 42 0.202159

39 42 0.188243

40 42 0.173583

41 42 0.158239

42 42 0.14227

43 42 0.12574

44 42 0.108714

45 42 0.0912582

46 42 0.0734425

47 42 0.055337

48 42 0.0370131

49 42 0.0185431

50 42 0

0 43 0

1 43 0.0163886

2 43 0.0327126

3 43 0.0489075

4 43 0.0649093

5 43 0.080655

6 43 0.0960824

7 43 0.111131

8 43 0.12574

9 43 0.139853

10 43 0.153415

11 43 0.166371

12 43 0.17867

13 43 0.190264

14 43 0.201108

15 43 0.211157

16 43 0.220374

17 43 0.22872

18 43 0.236164

19 43 0.242676

20 43 0.248231

21 43 0.252805

22 43 0.256382

23 43 0.258947

24 43 0.26049

25 43 0.261005

26 43 0.26049

27 43 0.258947

28 43 0.256382

29 43 0.252805

30 43 0.248231

31 43 0.242676

32 43 0.236164

33 43 0.22872

34 43 0.220374

35 43 0.211157

36 43 0.201108

37 43 0.190264

38 43 0.17867

39 43 0.166371

40 43 0.153415

41 43 0.139853

42 43 0.12574

43 43 0.111131

44 43 0.0960824

45 43 0.080655

46 43 0.0649093

47 43 0.0489075

48 43 0.0327126

49 43 0.0163886

50 43 0

0 44 0

1 44 0.0141695

2 44 0.028283

3 44 0.0422849

4 44 0.0561199

5 44 0.0697335

6 44 0.0830718

7 44 0.0960824

8 44 0.108714

9 44 0.120916

10 44 0.132641

11 44 0.143843

12 44 0.154477

13 44 0.164501

14 44 0.173876

15 44 0.182565

16 44 0.190533

17 44 0.197749

18 44 0.204185

19 44 0.209816

20 44 0.214618

21 44 0.218573

22 44 0.221665

23 44 0.223883

24 44 0.225217

25 44 0.225662

26 44 0.225217

27 44 0.223883

28 44 0.221665

29 44 0.218573

30 44 0.214618

31 44 0.209816

32 44 0.204185

33 44 0.197749

34 44 0.190533

35 44 0.182565

36 44 0.173876

37 44 0.164501

38 44 0.154477

39 44 0.143843

40 44 0.132641

41 44 0.120916

42 44 0.108714

43 44 0.0960824

44 44 0.0830718

45 44 0.0697335

46 44 0.0561199

47 44 0.0422849

48 44 0.028283

49 44 0.0141695

50 44 0

0 45 0

1 45 0.0118944

2 45 0.0237418

3 45 0.0354955

4 45 0.0471091

5 45 0.0585368

6 45 0.0697335

7 45 0.080655

8 45 0.0912582

9 45 0.101501

10 45 0.111344

11 45 0.120747

12 45 0.129673

13 45 0.138088

14 45 0.145958

15 45 0.153251

16 45 0.15994

17 45 0.165998

18 45 0.171401

19 45 0.176127

20 45 0.180158

21 45 0.183478

22 45 0.186074

23 45 0.187935

24 45 0.189055

25 45 0.189429

26 45 0.189055

27 45 0.187935

28 45 0.186074

29 45 0.183478

30 45 0.180158

31 45 0.176127

32 45 0.171401

33 45 0.165998

34 45 0.15994

35 45 0.153251

36 45 0.145958

37 45 0.138088

38 45 0.129673

39 45 0.120747

40 45 0.111344

41 45 0.101501

42 45 0.0912582

43 45 0.080655

44 45 0.0697335

45 45 0.0585368

46 45 0.0471091

47 45 0.0354955

48 45 0.0237418

49 45 0.0118944

50 45 0

0 46 0

1 46 0.0095723

2 46 0.0191068

3 46 0.028566

4 46 0.0379123

5 46 0.0471091

6 46 0.0561199

7 46 0.0649093

8 46 0.0734425

9 46 0.0816859

10 46 0.0896068

11 46 0.0971742

12 46 0.104358

13 46 0.11113

14 46 0.117463

15 46 0.123333

16 46 0.128716

17 46 0.133591

18 46 0.137939

19 46 0.141743

20 46 0.144987

21 46 0.147659

22 46 0.149748

23 46 0.151246

24 46 0.152147

25 46 0.152448

26 46 0.152147

27 46 0.151246

28 46 0.149748

29 46 0.147659

30 46 0.144987

31 46 0.141743

32 46 0.137939

33 46 0.133591

34 46 0.128716

35 46 0.123333

36 46 0.117463

37 46 0.11113

38 46 0.104358

39 46 0.0971742

40 46 0.0896068

41 46 0.0816859

42 46 0.0734425

43 46 0.0649093

44 46 0.0561199

45 46 0.0471091

46 46 0.0379123

47 46 0.028566

48 46 0.0191068

49 46 0.0095723

50 46 0

0 47 0

1 47 0.00721248

2 47 0.0143965

3 47 0.0215237

4 47 0.028566

5 47 0.0354955

6 47 0.0422849

7 47 0.0489075

8 47 0.055337

9 47 0.0615482

10 47 0.0675164

11 47 0.0732182

12 47 0.078631

13 47 0.0837335

14 47 0.0885056

15 47 0.0929284

16 47 0.0969844

17 47 0.100658

18 47 0.103934

19 47 0.106799

20 47 0.109244

21 47 0.111257

22 47 0.112831

23 47 0.11396

24 47 0.114639

25 47 0.114866

26 47 0.114639

27 47 0.11396

28 47 0.112831

29 47 0.111257

30 47 0.109244

31 47 0.106799

32 47 0.103934

33 47 0.100658

34 47 0.0969844

35 47 0.0929284

36 47 0.0885056

37 47 0.0837335

38 47 0.078631

39 47 0.0732182

40 47 0.0675164

41 47 0.0615482

42 47 0.055337

43 47 0.0489075

44 47 0.0422849

45 47 0.0354955

46 47 0.028566

47 47 0.0215237

48 47 0.0143965

49 47 0.00721248

50 47 0

0 48 0

1 48 0.00482419

2 48 0.00962935

3 48 0.0143965

4 48 0.0191068

5 48 0.0237418

6 48 0.028283

7 48 0.0327126

8 48 0.0370131

9 48 0.0411675

10 48 0.0451595

11 48 0.0489733

12 48 0.0525937

13 48 0.0560066

14 48 0.0591985

15 48 0.0621567

16 48 0.0648697

17 48 0.0673266

18 48 0.0695178

19 48 0.0714347

20 48 0.0730696

21 48 0.0744162

22 48 0.0754691

23 48 0.0762241

24 48 0.0766783

25 48 0.07683

26 48 0.0766783

27 48 0.0762241

28 48 0.0754691

29 48 0.0744162

30 48 0.0730696

31 48 0.0714347

32 48 0.0695178

33 48 0.0673266

34 48 0.0648697

35 48 0.0621567

36 48 0.0591985

37 48 0.0560066

38 48 0.0525937

39 48 0.0489733

40 48 0.0451595

41 48 0.0411675

42 48 0.0370131

43 48 0.0327126

44 48 0.028283

45 48 0.0237418

46 48 0.0191068

47 48 0.0143965

48 48 0.00962935

49 48 0.00482419

50 48 0

0 49 0

1 49 0.00241687

2 49 0.00482419

3 49 0.00721248

4 49 0.0095723

5 49 0.0118944

6 49 0.0141695

7 49 0.0163886

8 49 0.0185431

9 49 0.0206245

10 49 0.0226244

11 49 0.024535

12 49 0.0263489

13 49 0.0280587

14 49 0.0296578

15 49 0.0311398

16 49 0.032499

17 49 0.0337299

18 49 0.0348276

19 49 0.035788

20 49 0.036607

21 49 0.0372817

22 49 0.0378091

23 49 0.0381874

24 49 0.038415

25 49 0.0384909

26 49 0.038415

27 49 0.0381874

28 49 0.0378091

29 49 0.0372817

30 49 0.036607

31 49 0.035788

32 49 0.0348276

33 49 0.0337299

34 49 0.032499

35 49 0.0311398

36 49 0.0296578

37 49 0.0280587

38 49 0.0263489

39 49 0.024535

40 49 0.0226244

41 49 0.0206245

42 49 0.0185431

43 49 0.0163886

44 49 0.0141695

45 49 0.0118944

46 49 0.0095723

47 49 0.00721248

48 49 0.00482419

49 49 0.00241687

50 49 0

