0 1 0

1 1 0.000506418

2 1 0.00101084

3 1 0.00151127

4 1 0.00200573

5 1 0.00249229

6 1 0.002969

7 1 0.003434

8 1 0.00388544

9 1 0.00432155

10 1 0.00474061

11 1 0.00514095

12 1 0.00552101

13 1 0.00587928

14 1 0.00621435

15 1 0.00652489

16 1 0.00680968

17 1 0.00706759

18 1 0.00729762

19 1 0.00749884

20 1 0.00767047

21 1 0.00781182

22 1 0.00792235

23 1 0.00800161

24 1 0.00804929

25 1 0.0080652

26 1 0.00804929

27 1 0.00800161

28 1 0.00792235

29 1 0.00781182

30 1 0.00767047

31 1 0.00749884

32 1 0.00729762

33 1 0.00706759

34 1 0.00680968

35 1 0.00652489

36 1 0.00621435

37 1 0.00587928

38 1 0.00552101

39 1 0.00514095

40 1 0.00474061

41 1 0.00432155

42 1 0.00388544

43 1 0.003434

44 1 0.002969

45 1 0.00249229

46 1 0.00200573

47 1 0.00151127

48 1 0.00101084

49 1 0.000506418

50 1 0

0 2 0

1 2 0.00101084

2 2 0.00201769

3 2 0.00301657

4 2 0.00400355

5 2 0.00497473

6 2 0.00592628

7 2 0.00685444

8 2 0.00775555

9 2 0.00862605

10 2 0.00946251

11 2 0.0102616

12 2 0.0110202

13 2 0.0117354

14 2 0.0124042

15 2 0.013024

16 2 0.0135925

17 2 0.0141073

18 2 0.0145664

19 2 0.0149681

20 2 0.0153107

21 2 0.0155928

22 2 0.0158134

23 2 0.0159716

24 2 0.0160668

25 2 0.0160986

26 2 0.0160668

27 2 0.0159716

28 2 0.0158134

29 2 0.0155928

30 2 0.0153107

31 2 0.0149681

32 2 0.0145664

33 2 0.0141073

34 2 0.0135925

35 2 0.013024

36 2 0.0124042

37 2 0.0117354

38 2 0.0110202

39 2 0.0102616

40 2 0.00946251

41 2 0.00862605

42 2 0.00775555

43 2 0.00685444

44 2 0.00592628

45 2 0.00497473

46 2 0.00400355

47 2 0.00301657

48 2 0.00201769

49 2 0.00101084

50 2 0

0 3 0

1 3 0.00151127

2 3 0.00301657

3 3 0.00450997

4 3 0.00598557

5 3 0.00743755

6 3 0.00886018

7 3 0.0102478

8 3 0.011595

9 3 0.0128965

10 3 0.0141471

11 3 0.0153418

12 3 0.016476

13 3 0.0175451

14 3 0.018545

15 3 0.0194718

16 3 0.0203216

17 3 0.0210913

18 3 0.0217778

19 3 0.0223783

20 3 0.0228904

21 3 0.0233123

22 3 0.0236421

23 3 0.0238786

24 3 0.0240209

25 3 0.0240684

26 3 0.0240209

27 3 0.0238786

28 3 0.0236421

29 3 0.0233123

30 3 0.0228904

31 3 0.0223783

32 3 0.0217778

33 3 0.0210913

34 3 0.0203216

35 3 0.0194718

36 3 0.018545

37 3 0.0175451

38 3 0.016476

39 3 0.0153418

40 3 0.0141471

41 3 0.0128965

42 3 0.011595

43 3 0.0102478

44 3 0.00886018

45 3 0.00743755

46 3 0.00598557

47 3 0.00450997

48 3 0.00301657

49 3 0.00151127

50 3 0

0 4 0

1 4 0.00200573

2 4 0.00400355

3 4 0.00598557

4 4 0.00794397

5 4 0.00987101

6 4 0.0117591

7 4 0.0136008

8 4 0.0153888

9 4 0.0171161

10 4 0.0187758

11 4 0.0203614

12 4 0.0218667

13 4 0.0232856

14 4 0.0246127

15 4 0.0258427

16 4 0.0269706

17 4 0.0279921

18 4 0.0289031

19 4 0.0297001

20 4 0.0303799

21 4 0.0309397

22 4 0.0313775

23 4 0.0316914

24 4 0.0318802

25 4 0.0319433

26 4 0.0318802

27 4 0.0316914

28 4 0.0313775

29 4 0.0309397

30 4 0.0303799

31 4 0.0297001

32 4 0.0289031

33 4 0.0279921

34 4 0.0269706

35 4 0.0258427

36 4 0.0246127

37 4 0.0232856

38 4 0.0218667

39 4 0.0203614

40 4 0.0187758

41 4 0.0171161

42 4 0.0153888

43 4 0.0136008

44 4 0.0117591

45 4 0.00987101

46 4 0.00794397

47 4 0.00598557

48 4 0.00400355

49 4 0.00200573

50 4 0

0 5 0

1 5 0.00249229

2 5 0.00497473

3 5 0.00743755

4 5 0.00987101

5 5 0.0122655

6 5 0.0146116

7 5 0.0169001

8 5 0.0191218

9 5 0.0212681

10 5 0.0233304

11 5 0.0253007

12 5 0.0271711

13 5 0.0289343

14 5 0.0305833

15 5 0.0321116

16 5 0.0335131

17 5 0.0347824

18 5 0.0359145

19 5 0.0369047

20 5 0.0377494

21 5 0.0384451

22 5 0.038989

23 5 0.0393791

24 5 0.0396137

25 5 0.0396921

26 5 0.0396137

27 5 0.0393791

28 5 0.038989

29 5 0.0384451

30 5 0.0377494

31 5 0.0369047

32 5 0.0359145

33 5 0.0347824

34 5 0.0335131

35 5 0.0321116

36 5 0.0305833

37 5 0.0289343

38 5 0.0271711

39 5 0.0253007

40 5 0.0233304

41 5 0.0212681

42 5 0.0191218

43 5 0.0169001

44 5 0.0146116

45 5 0.0122655

46 5 0.00987101

47 5 0.00743755

48 5 0.00497473

49 5 0.00249229

50 5 0

0 6 0

1 6 0.002969

2 6 0.00592628

3 6 0.00886018

4 6 0.0117591

5 6 0.0146116

6 6 0.0174065

7 6 0.0201326

8 6 0.0227793

9 6 0.0253361

10 6 0.027793

11 6 0.0301401

12 6 0.0323683

13 6 0.0344687

14 6 0.0364331

15 6 0.0382537

16 6 0.0399234

17 6 0.0414355

18 6 0.042784

19 6 0.0439637

20 6 0.04497

21 6 0.0457987

22 6 0.0464467

23 6 0.0469114

24 6 0.0471909

25 6 0.0472842

26 6 0.0471909

27 6 0.0469114

28 6 0.0464467

29 6 0.0457987

30 6 0.04497

31 6 0.0439637

32 6 0.042784

33 6 0.0414355

34 6 0.0399234

35 6 0.0382537

36 6 0.0364331

37 6 0.0344687

38 6 0.0323683

39 6 0.0301401

40 6 0.027793

41 6 0.0253361

42 6 0.0227793

43 6 0.0201326

44 6 0.0174065

45 6 0.0146116

46 6 0.0117591

47 6 0.00886018

48 6 0.00592628

49 6 0.002969

50 6 0

0 7 0

1 7 0.003434

2 7 0.00685444

3 7 0.0102478

4 7 0.0136008

5 7 0.0169001

6 7 0.0201326

7 7 0.0232858

8 7 0.026347

9 7 0.0293042

10 7 0.0321458

11 7 0.0348606

12 7 0.0374377

13 7 0.0398671

14 7 0.0421392

15 7 0.0442449

16 7 0.0461761

17 7 0.047925

18 7 0.0494848

19 7 0.0508492

20 7 0.052013

21 7 0.0529716

22 7 0.053721

23 7 0.0542585

24 7 0.0545818

25 7 0.0546897

26 7 0.0545818

27 7 0.0542585

28 7 0.053721

29 7 0.0529716

30 7 0.052013

31 7 0.0508492

32 7 0.0494848

33 7 0.047925

34 7 0.0461761

35 7 0.0442449

36 7 0.0421392

37 7 0.0398671

38 7 0.0374377

39 7 0.0348606

40 7 0.0321458

41 7 0.0293042

42 7 0.026347

43 7 0.0232858

44 7 0.0201326

45 7 0.0169001

46 7 0.0136008

47 7 0.0102478

48 7 0.00685444

49 7 0.003434

50 7 0

0 8 0

1 8 0.00388544

2 8 0.00775555

3 8 0.011595

4 8 0.0153888

5 8 0.0191218

6 8 0.0227793

7 8 0.026347

8 8 0.0298106

9 8 0.0331567

10 8 0.0363718

11 8 0.0394434

12 8 0.0423594

13 8 0.0451082

14 8 0.0476789

15 8 0.0500615

16 8 0.0522465

17 8 0.0542254

18 8 0.0559902

19 8 0.057534

20 8 0.0588508

21 8 0.0599354

22 8 0.0607834

23 8 0.0613915

24 8 0.0617573

25 8 0.0618794

26 8 0.0617573

27 8 0.0613915

28 8 0.0607834

29 8 0.0599354

30 8 0.0588508

31 8 0.057534

32 8 0.0559902

33 8 0.0542254

34 8 0.0522465

35 8 0.0500615

36 8 0.0476789

37 8 0.0451082

38 8 0.0423594

39 8 0.0394434

40 8 0.0363718

41 8 0.0331567

42 8 0.0298106

43 8 0.026347

44 8 0.0227793

45 8 0.0191218

46 8 0.0153888

47 8 0.011595

48 8 0.00775555

49 8 0.00388544

50 8 0

0 9 0

1 9 0.00432155

2 9 0.00862605

3 9 0.0128965

4 9 0.0171161

5 9 0.0212681

6 9 0.0253361

7 9 0.0293042

8 9 0.0331567

9 9 0.0368782

10 9 0.0404543

11 9 0.0438707

12 9 0.0471139

13 9 0.0501712

14 9 0.0530305

15 9 0.0556805

16 9 0.0581108

17 9 0.0603117

18 9 0.0622747

19 9 0.0639918

20 9 0.0654564

21 9 0.0666627

22 9 0.0676058

23 9 0.0682822

24 9 0.0686891

25 9 0.0688249

26 9 0.0686891

27 9 0.0682822

28 9 0.0676058

29 9 0.0666627

30 9 0.0654564

31 9 0.0639918

32 9 0.0622747

33 9 0.0603117

34 9 0.0581108

35 9 0.0556805

36 9 0.0530305

37 9 0.0501712

38 9 0.0471139

39 9 0.0438707

40 9 0.0404543

41 9 0.0368782

42 9 0.0331567

43 9 0.0293042

44 9 0.0253361

45 9 0.0212681

46 9 0.0171161

47 9 0.0128965

48 9 0.00862605

49 9 0.00432155

50 9 0

0 10 0

1 10 0.00474061

2 10 0.00946251

3 10 0.0141471

4 10 0.0187758

5 10 0.0233304

6 10 0.027793

7 10 0.0321458

8 10 0.0363718

9 10 0.0404543

10 10 0.0443771

11 10 0.0481247

12 10 0.0516825

13 10 0.0550362

14 10 0.0581728

15 10 0.0610798

16 10 0.0637457

17 10 0.0661601

18 10 0.0683133

19 10 0.070197

20 10 0.0718036

21 10 0.0731269

22 10 0.0741615

23 10 0.0749035

24 10 0.0753498

25 10 0.0754988

26 10 0.0753498

27 10 0.0749035

28 10 0.0741615

29 10 0.0731269

30 10 0.0718036

31 10 0.070197

32 10 0.0683133

33 10 0.0661601

34 10 0.0637457

35 10 0.0610798

36 10 0.0581728

37 10 0.0550362

38 10 0.0516825

39 10 0.0481247

40 10 0.0443771

41 10 0.0404543

42 10 0.0363718

43 10 0.0321458

44 10 0.027793

45 10 0.0233304

46 10 0.0187758

47 10 0.0141471

48 10 0.00946251

49 10 0.00474061

50 10 0

0 11 0

1 11 0.00514095

2 11 0.0102616

3 11 0.0153418

4 11 0.0203614

5 11 0.0253007

6 11 0.0301401

7 11 0.0348606

8 11 0.0394434

9 11 0.0438707

10 11 0.0481247

11 11 0.0521889

12 11 0.0560471

13 11 0.0596841

14 11 0.0630855

15 11 0.066238

16 11 0.0691291

17 11 0.0717473

18 11 0.0740824

19 11 0.0761252

20 11 0.0778675

21 11 0.0793025

22 11 0.0804245

23 11 0.0812291

24 11 0.0817131

25 11 0.0818747

26 11 0.0817131

27 11 0.0812291

28 11 0.0804245

29 11 0.0793025

30 11 0.0778675

31 11 0.0761252

32 11 0.0740824

33 11 0.0717473

34 11 0.0691291

35 11 0.066238

36 11 0.0630855

37 11 0.0596841

38 11 0.0560471

39 11 0.0521889

40 11 0.0481247

41 11 0.0438707

42 11 0.0394434

43 11 0.0348606

44 11 0.0301401

45 11 0.0253007

46 11 0.0203614

47 11 0.0153418

48 11 0.0102616

49 11 0.00514095

50 11 0

0 12 0

1 12 0.00552101

2 12 0.0110202

3 12 0.016476

4 12 0.0218667

5 12 0.0271711

6 12 0.0323683

7 12 0.0374377

8 12 0.0423594

9 12 0.0471139

10 12 0.0516825

11 12 0.0560471

12 12 0.0601905

13 12 0.0640964

14 12 0.0677493

15 12 0.0711348

16 12 0.0742396

17 12 0.0770514

18 12 0.0795592

19 12 0.0817529

20 12 0.083624

21 12 0.0851651

22 12 0.08637

23 12 0.0872341

24 12 0.087754

25 12 0.0879275

26 12 0.087754

27 12 0.0872341

28 12 0.08637

29 12 0.0851651

30 12 0.083624

31 12 0.0817529

32 12 0.0795592

33 12 0.0770514

34 12 0.0742396

35 12 0.0711348

36 12 0.0677493

37 12 0.0640964

38 12 0.0601905

39 12 0.0560471

40 12 0.0516825

41 12 0.0471139

42 12 0.0423594

43 12 0.0374377

44 12 0.0323683

45 12 0.0271711

46 12 0.0218667

47 12 0.016476

48 12 0.0110202

49 12 0.00552101

50 12 0

0 13 0

1 13 0.00587928

2 13 0.0117354

3 13 0.0175451

4 13 0.0232856

5 13 0.0289343

6 13 0.0344687

7 13 0.0398671

8 13 0.0451082

9 13 0.0501712

10 13 0.0550362

11 13 0.0596841

12 13 0.0640964

13 13 0.0682557

14 13 0.0721457

15 13 0.0757509

16 13 0.0790572

17 13 0.0820514

18 13 0.0847219

19 13 0.087058

20 13 0.0890505

21 13 0.0906916

22 13 0.0919748

23 13 0.0928949

24 13 0.0934485

25 13 0.0936333

26 13 0.0934485

27 13 0.0928949

28 13 0.0919748

29 13 0.0906916

30 13 0.0890505

31 13 0.087058

32 13 0.0847219

33 13 0.0820514

34 13 0.0790572

35 13 0.0757509

36 13 0.0721457

37 13 0.0682557

38 13 0.0640964

39 13 0.0596841

40 13 0.0550362

41 13 0.0501712

42 13 0.0451082

43 13 0.0398671

44 13 0.0344687

45 13 0.0289343

46 13 0.0232856

47 13 0.0175451

48 13 0.0117354

49 13 0.00587928

50 13 0

0 14 0

1 14 0.00621435

2 14 0.0124042

3 14 0.018545

4 14 0.0246127

5 14 0.0305833

6 14 0.0364331

7 14 0.0421392

8 14 0.0476789

9 14 0.0530305

10 14 0.0581728

11 14 0.0630855

12 14 0.0677493

13 14 0.0721457

14 14 0.0762573

15 14 0.080068

16 14 0.0835627

17 14 0.0867276

18 14 0.0895503

19 14 0.0920195

20 14 0.0941256

21 14 0.0958602

22 14 0.0972165

23 14 0.0981891

24 14 0.0987742

25 14 0.0989695

26 14 0.0987742

27 14 0.0981891

28 14 0.0972165

29 14 0.0958602

30 14 0.0941256

31 14 0.0920195

32 14 0.0895503

33 14 0.0867276

34 14 0.0835627

35 14 0.080068

36 14 0.0762573

37 14 0.0721457

38 14 0.0677493

39 14 0.0630855

40 14 0.0581728

41 14 0.0530305

42 14 0.0476789

43 14 0.0421392

44 14 0.0364331

45 14 0.0305833

46 14 0.0246127

47 14 0.018545

48 14 0.0124042

49 14 0.00621435

50 14 0

0 15 0

1 15 0.00652489

2 15 0.013024

3 15 0.0194718

4 15 0.0258427

5 15 0.0321116

6 15 0.0382537

7 15 0.0442449

8 15 0.0500615

9 15 0.0556805

10 15 0.0610798

11 15 0.066238

12 15 0.0711348

13 15 0.0757509

14 15 0.080068

15 15 0.0840691

16 15 0.0877385

17 15 0.0910616

18 15 0.0940253

19 15 0.0966179

20 15 0.0988292

21 15 0.10065

22 15 0.102075

23 15 0.103096

24 15 0.10371

25 15 0.103915

26 15 0.10371

27 15 0.103096

28 15 0.102075

29 15 0.10065

30 15 0.0988292

31 15 0.0966179

32 15 0.0940253

33 15 0.0910616

34 15 0.0877385

35 15 0.0840691

36 15 0.080068

37 15 0.0757509

38 15 0.0711348

39 15 0.066238

40 15 0.0610798

41 15 0.0556805

42 15 0.0500615

43 15 0.0442449

44 15 0.0382537

45 15 0.0321116

46 15 0.0258427

47 15 0.0194718

48 15 0.013024

49 15 0.00652489

50 15 0

0 16 0

1 16 0.00680968

2 16 0.0135925

3 16 0.0203216

4 16 0.0269706

5 16 0.0335131

6 16 0.0399234

7 16 0.0461761

8 16 0.0522465

9 16 0.0581108

10 16 0.0637457

11 16 0.0691291

12 16 0.0742396

13 16 0.0790572

14 16 0.0835627

15 16 0.0877385

16 16 0.091568

17 16 0.0950361

18 16 0.0981291

19 16 0.100835

20 16 0.103143

21 16 0.105044

22 16 0.10653

23 16 0.107596

24 16 0.108237

25 16 0.108451

26 16 0.108237

27 16 0.107596

28 16 0.10653

29 16 0.105044

30 16 0.103143

31 16 0.100835

32 16 0.0981291

33 16 0.0950361

34 16 0.091568

35 16 0.0877385

36 16 0.0835627

37 16 0.0790572

38 16 0.0742396

39 16 0.0691291

40 16 0.0637457

41 16 0.0581108

42 16 0.0522465

43 16 0.0461761

44 16 0.0399234

45 16 0.0335131

46 16 0.0269706

47 16 0.0203216

48 16 0.0135925

49 16 0.00680968

50 16 0

0 17 0

1 17 0.00706759

2 17 0.0141073

3 17 0.0210913

4 17 0.0279921

5 17 0.0347824

6 17 0.0414355

7 17 0.047925

8 17 0.0542254

9 17 0.0603117

10 17 0.0661601

11 17 0.0717473

12 17 0.0770514

13 17 0.0820514

14 17 0.0867276

15 17 0.0910616

16 17 0.0950361

17 17 0.0986356

18 17 0.101846

19 17 0.104654

20 17 0.107049

21 17 0.109022

22 17 0.110565

23 17 0.111671

24 17 0.112336

25 17 0.112558

26 17 0.112336

27 17 0.111671

28 17 0.110565

29 17 0.109022

30 17 0.107049

31 17 0.104654

32 17 0.101846

33 17 0.0986356

34 17 0.0950361

35 17 0.0910616

36 17 0.0867276

37 17 0.0820514

38 17 0.0770514

39 17 0.0717473

40 17 0.0661601

41 17 0.0603117

42 17 0.0542254

43 17 0.047925

44 17 0.0414355

45 17 0.0347824

46 17 0.0279921

47 17 0.0210913

48 17 0.0141073

49 17 0.00706759

50 17 0

0 18 0

1 18 0.00729762

2 18 0.0145664

3 18 0.0217778

4 18 0.0289031

5 18 0.0359145

6 18 0.042784

7 18 0.0494848

8 18 0.0559902

9 18 0.0622747

10 18 0.0683133

11 18 0.0740824

12 18 0.0795592

13 18 0.0847219

14 18 0.0895503

15 18 0.0940253

16 18 0.0981291

17 18 0.101846

18 18 0.10516

19 18 0.10806

20 18 0.110533

21 18 0.11257

22 18 0.114163

23 18 0.115305

24 18 0.115992

25 18 0.116222

26 18 0.115992

27 18 0.115305

28 18 0.114163

29 18 0.11257

30 18 0.110533

31 18 0.10806

32 18 0.10516

33 18 0.101846

34 18 0.0981291

35 18 0.0940253

36 18 0.0895503

37 18 0.0847219

38 18 0.0795592

39 18 0.0740824

40 18 0.0683133

41 18 0.0622747

42 18 0.0559902

43 18 0.0494848

44 18 0.042784

45 18 0.0359145

46 18 0.0289031

47 18 0.0217778

48 18 0.0145664

49 18 0.00729762

50 18 0

0 19 0

1 19 0.00749884

2 19 0.0149681

3 19 0.0223783

4 19 0.0297001

5 19 0.0369047

6 19 0.0439637

7 19 0.0508492

8 19 0.057534

9 19 0.0639918

10 19 0.070197

11 19 0.0761252

12 19 0.0817529

13 19 0.087058

14 19 0.0920195

15 19 0.0966179

16 19 0.100835

17 19 0.104654

18 19 0.10806

19 19 0.11104

20 19 0.113581

21 19 0.115674

22 19 0.117311

23 19 0.118485

24 19 0.119191

25 19 0.119426

26 19 0.119191

27 19 0.118485

28 19 0.117311

29 19 0.115674

30 19 0.113581

31 19 0.11104

32 19 0.10806

33 19 0.104654

34 19 0.100835

35 19 0.0966179

36 19 0.0920195

37 19 0.087058

38 19 0.0817529

39 19 0.0761252

40 19 0.070197

41 19 0.0639918

42 19 0.057534

43 19 0.0508492

44 19 0.0439637

45 19 0.0369047

46 19 0.0297001

47 19 0.0223783

48 19 0.0149681

49 19 0.00749884

50 19 0

0 20 0

1 20 0.00767047

2 20 0.0153107

3 20 0.0228904

4 20 0.0303799

5 20 0.0377494

6 20 0.04497

7 20 0.052013

8 20 0.0588508

9 20 0.0654564

10 20 0.0718036

11 20 0.0778675

12 20 0.083624

13 20 0.0890505

14 20 0.0941256

15 20 0.0988292

16 20 0.103143

17 20 0.107049

18 20 0.110533

19 20 0.113581

20 20 0.116181

21 20 0.118322

22 20 0.119996

23 20 0.121196

24 20 0.121919

25 20 0.12216

26 20 0.121919

27 20 0.121196

28 20 0.119996

29 20 0.118322

30 20 0.116181

31 20 0.113581

32 20 0.110533

33 20 0.107049

34 20 0.103143

35 20 0.0988292

36 20 0.0941256

37 20 0.0890505

38 20 0.083624

39 20 0.0778675

40 20 0.0718036

41 20 0.0654564

42 20 0.0588508

43 20 0.052013

44 20 0.04497

45 20 0.0377494

46 20 0.0303799

47 20 0.0228904

48 20 0.0153107

49 20 0.00767047

50 20 0

0 21 0

1 21 0.00781182

2 21 0.0155928

3 21 0.0233123

4 21 0.0309397

5 21 0.0384451

6 21 0.0457987

7 21 0.0529716

8 21 0.0599354

9 21 0.0666627

10 21 0.0731269

11 21 0.0793025

12 21 0.0851651

13 21 0.0906916

14 21 0.0958602

15 21 0.10065

16 21 0.105044

17 21 0.109022

18 21 0.11257

19 21 0.115674

20 21 0.118322

21 21 0.120502

22 21 0.122207

23 21 0.12343

24 21 0.124165

25 21 0.124411

26 21 0.124165

27 21 0.12343

28 21 0.122207

29 21 0.120502

30 21 0.118322

31 21 0.115674

32 21 0.11257

33 21 0.109022

34 21 0.105044

35 21 0.10065

36 21 0.0958602

37 21 0.0906916

38 21 0.0851651

39 21 0.0793025

40 21 0.0731269

41 21 0.0666627

42 21 0.0599354

43 21 0.0529716

44 21 0.0457987

45 21 0.0384451

46 21 0.0309397

47 21 0.0233123

48 21 0.0155928

49 21 0.00781182

50 21 0

0 22 0

1 22 0.00792235

2 22 0.0158134

3 22 0.0236421

4 22 0.0313775

5 22 0.038989

6 22 0.0464467

7 22 0.053721

8 22 0.0607834

9 22 0.0676058

10 22 0.0741615

11 22 0.0804245

12 22 0.08637

13 22 0.0919748

14 22 0.0972165

15 22 0.102075

16 22 0.10653

17 22 0.110565

18 22 0.114163

19 22 0.117311

20 22 0.119996

21 22 0.122207

22 22 0.123936

23 22 0.125176

24 22 0.125922

25 22 0.126171

26 22 0.125922

27 22 0.125176

28 22 0.123936

29 22 0.122207

30 22 0.119996

31 22 0.117311

32 22 0.114163

33 22 0.110565

34 22 0.10653

35 22 0.102075

36 22 0.0972165

37 22 0.0919748

38 22 0.08637

39 22 0.0804245

40 22 0.0741615

41 22 0.0676058

42 22 0.0607834

43 22 0.053721

44 22 0.0464467

45 22 0.038989

46 22 0.0313775

47 22 0.0236421

48 22 0.0158134

49 22 0.00792235

50 22 0

0 23 0

1 23 0.00800161

2 23 0.0159716

3 23 0.0238786

4 23 0.0316914

5 23 0.0393791

6 23 0.0469114

7 23 0.0542585

8 23 0.0613915

9 23 0.0682822

10 23 0.0749035

11 23 0.0812291

12 23 0.0872341

13 23 0.0928949

14 23 0.0981891

15 23 0.103096

16 23 0.107596

17 23 0.111671

18 23 0.115305

19 23 0.118485

20 23 0.121196

21 23 0.12343

22 23 0.125176

23 23 0.126429

24 23 0.127182

25 23 0.127433

26 23 0.127182

27 23 0.126429

28 23 0.125176

29 23 0.12343

30 23 0.121196

31 23 0.118485

32 23 0.115305

33 23 0.111671

34 23 0.107596

35 23 0.103096

36 23 0.0981891

37 23 0.0928949

38 23 0.0872341

39 23 0.0812291

40 23 0.0749035

41 23 0.0682822

42 23 0.0613915

43 23 0.0542585

44 23 0.0469114

45 23 0.0393791

46 23 0.0316914

47 23 0.0238786

48 23 0.0159716

49 23 0.00800161

50 23 0

0 24 0

1 24 0.00804929

2 24 0.0160668

3 24 0.0240209

4 24 0.0318802

5 24 0.0396137

6 24 0.0471909

7 24 0.0545818

8 24 0.0617573

9 24 0.0686891

10 24 0.0753498

11 24 0.0817131

12 24 0.087754

13 24 0.0934485

14 24 0.0987742

15 24 0.10371

16 24 0.108237

17 24 0.112336

18 24 0.115992

19 24 0.119191

20 24 0.121919

21 24 0.124165

22 24 0.125922

23 24 0.127182

24 24 0.12794

25 24 0.128193

26 24 0.12794

27 24 0.127182

28 24 0.125922

29 24 0.124165

30 24 0.121919

31 24 0.119191

32 24 0.115992

33 24 0.112336

34 24 0.108237

35 24 0.10371

36 24 0.0987742

37 24 0.0934485

38 24 0.087754

39 24 0.0817131

40 24 0.0753498

41 24 0.0686891

42 24 0.0617573

43 24 0.0545818

44 24 0.0471909

45 24 0.0396137

46 24 0.0318802

47 24 0.0240209

48 24 0.0160668

49 24 0.00804929

50 24 0

0 25 0

1 25 0.0080652

2 25 0.0160986

3 25 0.0240684

4 25 0.0319433

5 25 0.0396921

6 25 0.0472842

7 25 0.0546897

8 25 0.0618794

9 25 0.0688249

10 25 0.0754988

11 25 0.0818747

12 25 0.0879275

13 25 0.0936333

14 25 0.0989695

15 25 0.103915

16 25 0.108451

17 25 0.112558

18 25 0.116222

19 25 0.119426

20 25 0.12216

21 25 0.124411

22 25 0.126171

23 25 0.127433

24 25 0.128193

25 25 0.128446

26 25 0.128193

27 25 0.127433

28 25 0.126171

29 25 0.124411

30 25 0.12216

31 25 0.119426

32 25 0.116222

33 25 0.112558

34 25 0.108451

35 25 0.103915

36 25 0.0989695

37 25 0.0936333

38 25 0.0879275

39 25 0.0818747

40 25 0.0754988

41 25 0.0688249

42 25 0.0618794

43 25 0.0546897

44 25 0.0472842

45 25 0.0396921

46 25 0.0319433

47 25 0.0240684

48 25 0.0160986

49 25 0.0080652

50 25 0

0 26 0

1 26 0.00804929

2 26 0.0160668

3 26 0.0240209

4 26 0.0318802

5 26 0.0396137

6 26 0.0471909

7 26 0.0545818

8 26 0.0617573

9 26 0.0686891

10 26 0.0753498

11 26 0.0817131

12 26 0.087754

13 26 0.0934485

14 26 0.0987742

15 26 0.10371

16 26 0.108237

17 26 0.112336

18 26 0.115992

19 26 0.119191

20 26 0.121919

21 26 0.124165

22 26 0.125922

23 26 0.127182

24 26 0.12794

25 26 0.128193

26 26 0.12794

27 26 0.127182

28 26 0.125922

29 26 0.124165

30 26 0.121919

31 26 0.119191

32 26 0.115992

33 26 0.112336

34 26 0.108237

35 26 0.10371

36 26 0.0987742

37 26 0.0934485

38 26 0.087754

39 26 0.0817131

40 26 0.0753498

41 26 0.0686891

42 26 0.0617573

43 26 0.0545818

44 26 0.0471909

45 26 0.0396137

46 26 0.0318802

47 26 0.0240209

48 26 0.0160668

49 26 0.00804929

50 26 0

0 27 0

1 27 0.00800161

2 27 0.0159716

3 27 0.0238786

4 27 0.0316914

5 27 0.0393791

6 27 0.0469114

7 27 0.0542585

8 27 0.0613915

9 27 0.0682822

10 27 0.0749035

11 27 0.0812291

12 27 0.0872341

13 27 0.0928949

14 27 0.0981891

15 27 0.103096

16 27 0.107596

17 27 0.111671

18 27 0.115305

19 27 0.118485

20 27 0.121196

21 27 0.12343

22 27 0.125176

23 27 0.126429

24 27 0.127182

25 27 0.127433

26 27 0.127182

27 27 0.126429

28 27 0.125176

29 27 0.12343

30 27 0.121196

31 27 0.118485

32 27 0.115305

33 27 0.111671

34 27 0.107596

35 27 0.103096

36 27 0.0981891

37 27 0.0928949

38 27 0.0872341

39 27 0.0812291

40 27 0.0749035

41 27 0.0682822

42 27 0.0613915

43 27 0.0542585

44 27 0.0469114

45 27 0.0393791

46 27 0.0316914

47 27 0.0238786

48 27 0.0159716

49 27 0.00800161

50 27 0

0 28 0

1 28 0.00792235

2 28 0.0158134

3 28 0.0236421

4 28 0.0313775

5 28 0.038989

6 28 0.0464467

7 28 0.053721

8 28 0.0607834

9 28 0.0676058

10 28 0.0741615

11 28 0.0804245

12 28 0.08637

13 28 0.0919748

14 28 0.0972165

15 28 0.102075

16 28 0.10653

17 28 0.110565

18 28 0.114163

19 28 0.117311

20 28 0.119996

21 28 0.122207

22 28 0.123936

23 28 0.125176

24 28 0.125922

25 28 0.126171

26 28 0.125922

27 28 0.125176

28 28 0.123936

29 28 0.122207

30 28 0.119996

31 28 0.117311

32 28 0.114163

33 28 0.110565

34 28 0.10653

35 28 0.102075

36 28 0.0972165

37 28 0.0919748

38 28 0.08637

39 28 0.0804245

40 28 0.0741615

41 28 0.0676058

42 28 0.0607834

43 28 0.053721

44 28 0.0464467

45 28 0.038989

46 28 0.0313775

47 28 0.0236421

48 28 0.0158134

49 28 0.00792235

50 28 0

0 29 0

1 29 0.00781182

2 29 0.0155928

3 29 0.0233123

4 29 0.0309397

5 29 0.0384451

6 29 0.0457987

7 29 0.0529716

8 29 0.0599354

9 29 0.0666627

10 29 0.0731269

11 29 0.0793025

12 29 0.0851651

13 29 0.0906916

14 29 0.0958602

15 29 0.10065

16 29 0.105044

17 29 0.109022

18 29 0.11257

19 29 0.115674

20 29 0.118322

21 29 0.120502

22 29 0.122207

23 29 0.12343

24 29 0.124165

25 29 0.124411

26 29 0.124165

27 29 0.12343

28 29 0.122207

29 29 0.120502

30 29 0.118322

31 29 0.115674

32 29 0.11257

33 29 0.109022

34 29 0.105044

35 29 0.10065

36 29 0.0958602

37 29 0.0906916

38 29 0.0851651

39 29 0.0793025

40 29 0.0731269

41 29 0.0666627

42 29 0.0599354

43 29 0.0529716

44 29 0.0457987

45 29 0.0384451

46 29 0.0309397

47 29 0.0233123

48 29 0.0155928

49 29 0.00781182

50 29 0

0 30 0

1 30 0.00767047

2 30 0.0153107

3 30 0.0228904

4 30 0.0303799

5 30 0.0377494

6 30 0.04497

7 30 0.052013

8 30 0.0588508

9 30 0.0654564

10 30 0.0718036

11 30 0.0778675

12 30 0.083624

13 30 0.0890505

14 30 0.0941256

15 30 0.0988292

16 30 0.103143

17 30 0.107049

18 30 0.110533

19 30 0.113581

20 30 0.116181

21 30 0.118322

22 30 0.119996

23 30 0.121196

24 30 0.121919

25 30 0.12216

26 30 0.121919

27 30 0.121196

28 30 0.119996

29 30 0.118322

30 30 0.116181

31 30 0.113581

32 30 0.110533

33 30 0.107049

34 30 0.103143

35 30 0.0988292

36 30 0.0941256

37 30 0.0890505

38 30 0.083624

39 30 0.0778675

40 30 0.0718036

41 30 0.0654564

42 30 0.0588508

43 30 0.052013

44 30 0.04497

45 30 0.0377494

46 30 0.0303799

47 30 0.0228904

48 30 0.0153107

49 30 0.00767047

50 30 0

0 31 0

1 31 0.00749884

2 31 0.0149681

3 31 0.0223783

4 31 0.0297001

5 31 0.0369047

6 31 0.0439637

7 31 0.0508492

8 31 0.057534

9 31 0.0639918

10 31 0.070197

11 31 0.0761252

12 31 0.0817529

13 31 0.087058

14 31 0.0920195

15 31 0.0966179

16 31 0.100835

17 31 0.104654

18 31 0.10806

19 31 0.11104

20 31 0.113581

21 31 0.115674

22 31 0.117311

23 31 0.118485

24 31 0.119191

25 31 0.119426

26 31 0.119191

27 31 0.118485

28 31 0.117311

29 31 0.115674

30 31 0.113581

31 31 0.11104

32 31 0.10806

33 31 0.104654

34 31 0.100835

35 31 0.0966179

36 31 0.0920195

37 31 0.087058

38 31 0.0817529

39 31 0.0761252

40 31 0.070197

41 31 0.0639918

42 31 0.057534

43 31 0.0508492

44 31 0.0439637

45 31 0.0369047

46 31 0.0297001

47 31 0.0223783

48 31 0.0149681

49 31 0.00749884

50 31 0

0 32 0

1 32 0.00729762

2 32 0.0145664

3 32 0.0217778

4 32 0.0289031

5 32 0.0359145

6 32 0.042784

7 32 0.0494848

8 32 0.0559902

9 32 0.0622747

10 32 0.0683133

11 32 0.0740824

12 32 0.0795592

13 32 0.0847219

14 32 0.0895503

15 32 0.0940253

16 32 0.0981291

17 32 0.101846

18 32 0.10516

19 32 0.10806

20 32 0.110533

21 32 0.11257

22 32 0.114163

23 32 0.115305

24 32 0.115992

25 32 0.116222

26 32 0.115992

27 32 0.115305

28 32 0.114163

29 32 0.11257

30 32 0.110533

31 32 0.10806

32 32 0.10516

33 32 0.101846

34 32 0.0981291

35 32 0.0940253

36 32 0.0895503

37 32 0.0847219

38 32 0.0795592

39 32 0.0740824

40 32 0.0683133

41 32 0.0622747

42 32 0.0559902

43 32 0.0494848

44 32 0.042784

45 32 0.0359145

46 32 0.0289031

47 32 0.0217778

48 32 0.0145664

49 32 0.00729762

50 32 0

0 33 0

1 33 0.00706759

2 33 0.0141073

3 33 0.0210913

4 33 0.0279921

5 33 0.0347824

6 33 0.0414355

7 33 0.047925

8 33 0.0542254

9 33 0.0603117

10 33 0.0661601

11 33 0.0717473

12 33 0.0770514

13 33 0.0820514

14 33 0.0867276

15 33 0.0910616

16 33 0.0950361

17 33 0.0986356

18 33 0.101846

19 33 0.104654

20 33 0.107049

21 33 0.109022

22 33 0.110565

23 33 0.111671

24 33 0.112336

25 33 0.112558

26 33 0.112336

27 33 0.111671

28 33 0.110565

29 33 0.109022

30 33 0.107049

31 33 0.104654

32 33 0.101846

33 33 0.0986356

34 33 0.0950361

35 33 0.0910616

36 33 0.0867276

37 33 0.0820514

38 33 0.0770514

39 33 0.0717473

40 33 0.0661601

41 33 0.0603117

42 33 0.0542254

43 33 0.047925

44 33 0.0414355

45 33 0.0347824

46 33 0.0279921

47 33 0.0210913

48 33 0.0141073

49 33 0.00706759

50 33 0

0 34 0

1 34 0.00680968

2 34 0.0135925

3 34 0.0203216

4 34 0.0269706

5 34 0.0335131

6 34 0.0399234

7 34 0.0461761

8 34 0.0522465

9 34 0.0581108

10 34 0.0637457

11 34 0.0691291

12 34 0.0742396

13 34 0.0790572

14 34 0.0835627

15 34 0.0877385

16 34 0.091568

17 34 0.0950361

18 34 0.0981291

19 34 0.100835

20 34 0.103143

21 34 0.105044

22 34 0.10653

23 34 0.107596

24 34 0.108237

25 34 0.108451

26 34 0.108237

27 34 0.107596

28 34 0.10653

29 34 0.105044

30 34 0.103143

31 34 0.100835

32 34 0.0981291

33 34 0.0950361

34 34 0.091568

35 34 0.0877385

36 34 0.0835627

37 34 0.0790572

38 34 0.0742396

39 34 0.0691291

40 34 0.0637457

41 34 0.0581108

42 34 0.0522465

43 34 0.0461761

44 34 0.0399234

45 34 0.0335131

46 34 0.0269706

47 34 0.0203216

48 34 0.0135925

49 34 0.00680968

50 34 0

0 35 0

1 35 0.00652489

2 35 0.013024

3 35 0.0194718

4 35 0.0258427

5 35 0.0321116

6 35 0.0382537

7 35 0.0442449

8 35 0.0500615

9 35 0.0556805

10 35 0.0610798

11 35 0.066238

12 35 0.0711348

13 35 0.0757509

14 35 0.080068

15 35 0.0840691

16 35 0.0877385

17 35 0.0910616

18 35 0.0940253

19 35 0.0966179

20 35 0.0988292

21 35 0.10065

22 35 0.102075

23 35 0.103096

24 35 0.10371

25 35 0.103915

26 35 0.10371

27 35 0.103096

28 35 0.102075

29 35 0.10065

30 35 0.0988292

31 35 0.0966179

32 35 0.0940253

33 35 0.0910616

34 35 0.0877385

35 35 0.0840691

36 35 0.080068

37 35 0.0757509

38 35 0.0711348

39 35 0.066238

40 35 0.0610798

41 35 0.0556805

42 35 0.0500615

43 35 0.0442449

44 35 0.0382537

45 35 0.0321116

46 35 0.0258427

47 35 0.0194718

48 35 0.013024

49 35 0.00652489

50 35 0

0 36 0

1 36 0.00621435

2 36 0.0124042

3 36 0.018545

4 36 0.0246127

5 36 0.0305833

6 36 0.0364331

7 36 0.0421392

8 36 0.0476789

9 36 0.0530305

10 36 0.0581728

11 36 0.0630855

12 36 0.0677493

13 36 0.0721457

14 36 0.0762573

15 36 0.080068

16 36 0.0835627

17 36 0.0867276

18 36 0.0895503

19 36 0.0920195

20 36 0.0941256

21 36 0.0958602

22 36 0.0972165

23 36 0.0981891

24 36 0.0987742

25 36 0.0989695

26 36 0.0987742

27 36 0.0981891

28 36 0.0972165

29 36 0.0958602

30 36 0.0941256

31 36 0.0920195

32 36 0.0895503

33 36 0.0867276

34 36 0.0835627

35 36 0.080068

36 36 0.0762573

37 36 0.0721457

38 36 0.0677493

39 36 0.0630855

40 36 0.0581728

41 36 0.0530305

42 36 0.0476789

43 36 0.0421392

44 36 0.0364331

45 36 0.0305833

46 36 0.0246127

47 36 0.018545

48 36 0.0124042

49 36 0.00621435

50 36 0

0 37 0

1 37 0.00587928

2 37 0.0117354

3 37 0.0175451

4 37 0.0232856

5 37 0.0289343

6 37 0.0344687

7 37 0.0398671

8 37 0.0451082

9 37 0.0501712

10 37 0.0550362

11 37 0.0596841

12 37 0.0640964

13 37 0.0682557

14 37 0.0721457

15 37 0.0757509

16 37 0.0790572

17 37 0.0820514

18 37 0.0847219

19 37 0.087058

20 37 0.0890505

21 37 0.0906916

22 37 0.0919748

23 37 0.0928949

24 37 0.0934485

25 37 0.0936333

26 37 0.0934485

27 37 0.0928949

28 37 0.0919748

29 37 0.0906916

30 37 0.0890505

31 37 0.087058

32 37 0.0847219

33 37 0.0820514

34 37 0.0790572

35 37 0.0757509

36 37 0.0721457

37 37 0.0682557

38 37 0.0640964

39 37 0.0596841

40 37 0.0550362

41 37 0.0501712

42 37 0.0451082

43 37 0.0398671

44 37 0.0344687

45 37 0.0289343

46 37 0.0232856

47 37 0.0175451

48 37 0.0117354

49 37 0.00587928

50 37 0

0 38 0

1 38 0.00552101

2 38 0.0110202

3 38 0.016476

4 38 0.0218667

5 38 0.0271711

6 38 0.0323683

7 38 0.0374377

8 38 0.0423594

9 38 0.0471139

10 38 0.0516825

11 38 0.0560471

12 38 0.0601905

13 38 0.0640964

14 38 0.0677493

15 38 0.0711348

16 38 0.0742396

17 38 0.0770514

18 38 0.0795592

19 38 0.0817529

20 38 0.083624

21 38 0.0851651

22 38 0.08637

23 38 0.0872341

24 38 0.087754

25 38 0.0879275

26 38 0.087754

27 38 0.0872341

28 38 0.08637

29 38 0.0851651

30 38 0.083624

31 38 0.0817529

32 38 0.0795592

33 38 0.0770514

34 38 0.0742396

35 38 0.0711348

36 38 0.0677493

37 38 0.0640964

38 38 0.0601905

39 38 0.0560471

40 38 0.0516825

41 38 0.0471139

42 38 0.0423594

43 38 0.0374377

44 38 0.0323683

45 38 0.0271711

46 38 0.0218667

47 38 0.016476

48 38 0.0110202

49 38 0.00552101

50 38 0

0 39 0

1 39 0.00514095

2 39 0.0102616

3 39 0.0153418

4 39 0.0203614

5 39 0.0253007

6 39 0.0301401

7 39 0.0348606

8 39 0.0394434

9 39 0.0438707

10 39 0.0481247

11 39 0.0521889

12 39 0.0560471

13 39 0.0596841

14 39 0.0630855

15 39 0.066238

16 39 0.0691291

17 39 0.0717473

18 39 0.0740824

19 39 0.0761252

20 39 0.0778675

21 39 0.0793025

22 39 0.0804245

23 39 0.0812291

24 39 0.0817131

25 39 0.0818747

26 39 0.0817131

27 39 0.0812291

28 39 0.0804245

29 39 0.0793025

30 39 0.0778675

31 39 0.0761252

32 39 0.0740824

33 39 0.0717473

34 39 0.0691291

35 39 0.066238

36 39 0.0630855

37 39 0.0596841

38 39 0.0560471

39 39 0.0521889

40 39 0.0481247

41 39 0.0438707

42 39 0.0394434

43 39 0.0348606

44 39 0.0301401

45 39 0.0253007

46 39 0.0203614

47 39 0.0153418

48 39 0.0102616

49 39 0.00514095

50 39 0

0 40 0

1 40 0.00474061

2 40 0.00946251

3 40 0.0141471

4 40 0.0187758

5 40 0.0233304

6 40 0.027793

7 40 0.0321458

8 40 0.0363718

9 40 0.0404543

10 40 0.0443771

11 40 0.0481247

12 40 0.0516825

13 40 0.0550362

14 40 0.0581728

15 40 0.0610798

16 40 0.0637457

17 40 0.0661601

18 40 0.0683133

19 40 0.070197

20 40 0.0718036

21 40 0.0731269

22 40 0.0741615

23 40 0.0749035

24 40 0.0753498

25 40 0.0754988

26 40 0.0753498

27 40 0.0749035

28 40 0.0741615

29 40 0.0731269

30 40 0.0718036

31 40 0.070197

32 40 0.0683133

33 40 0.0661601

34 40 0.0637457

35 40 0.0610798

36 40 0.0581728

37 40 0.0550362

38 40 0.0516825

39 40 0.0481247

40 40 0.0443771

41 40 0.0404543

42 40 0.0363718

43 40 0.0321458

44 40 0.027793

45 40 0.0233304

46 40 0.0187758

47 40 0.0141471

48 40 0.00946251

49 40 0.00474061

50 40 0

0 41 0

1 41 0.00432155

2 41 0.00862605

3 41 0.0128965

4 41 0.0171161

5 41 0.0212681

6 41 0.0253361

7 41 0.0293042

8 41 0.0331567

9 41 0.0368782

10 41 0.0404543

11 41 0.0438707

12 41 0.0471139

13 41 0.0501712

14 41 0.0530305

15 41 0.0556805

16 41 0.0581108

17 41 0.0603117

18 41 0.0622747

19 41 0.0639918

20 41 0.0654564

21 41 0.0666627

22 41 0.0676058

23 41 0.0682822

24 41 0.0686891

25 41 0.0688249

26 41 0.0686891

27 41 0.0682822

28 41 0.0676058

29 41 0.0666627

30 41 0.0654564

31 41 0.0639918

32 41 0.0622747

33 41 0.0603117

34 41 0.0581108

35 41 0.0556805

36 41 0.0530305

37 41 0.0501712

38 41 0.0471139

39 41 0.0438707

40 41 0.0404543

41 41 0.0368782

42 41 0.0331567

43 41 0.0293042

44 41 0.0253361

45 41 0.0212681

46 41 0.0171161

47 41 0.0128965

48 41 0.00862605

49 41 0.00432155

50 41 0

0 42 0

1 42 0.00388544

2 42 0.00775555

3 42 0.011595

4 42 0.0153888

5 42 0.0191218

6 42 0.0227793

7 42 0.026347

8 42 0.0298106

9 42 0.0331567

10 42 0.0363718

11 42 0.0394434

12 42 0.0423594

13 42 0.0451082

14 42 0.0476789

15 42 0.0500615

16 42 0.0522465

17 42 0.0542254

18 42 0.0559902

19 42 0.057534

20 42 0.0588508

21 42 0.0599354

22 42 0.0607834

23 42 0.0613915

24 42 0.0617573

25 42 0.0618794

26 42 0.0617573

27 42 0.0613915

28 42 0.0607834

29 42 0.0599354

30 42 0.0588508

31 42 0.057534

32 42 0.0559902

33 42 0.0542254

34 42 0.0522465

35 42 0.0500615

36 42 0.0476789

37 42 0.0451082

38 42 0.0423594

39 42 0.0394434

40 42 0.0363718

41 42 0.0331567

42 42 0.0298106

43 42 0.026347

44 42 0.0227793

45 42 0.0191218

46 42 0.0153888

47 42 0.011595

48 42 0.00775555

49 42 0.00388544

50 42 0

0 43 0

1 43 0.003434

2 43 0.00685444

3 43 0.0102478

4 43 0.0136008

5 43 0.0169001

6 43 0.0201326

7 43 0.0232858

8 43 0.026347

9 43 0.0293042

10 43 0.0321458

11 43 0.0348606

12 43 0.0374377

13 43 0.0398671

14 43 0.0421392

15 43 0.0442449

16 43 0.0461761

17 43 0.047925

18 43 0.0494848

19 43 0.0508492

20 43 0.052013

21 43 0.0529716

22 43 0.053721

23 43 0.0542585

24 43 0.0545818

25 43 0.0546897

26 43 0.0545818

27 43 0.0542585

28 43 0.053721

29 43 0.0529716

30 43 0.052013

31 43 0.0508492

32 43 0.0494848

33 43 0.047925

34 43 0.0461761

35 43 0.0442449

36 43 0.0421392

37 43 0.0398671

38 43 0.0374377

39 43 0.0348606

40 43 0.0321458

41 43 0.0293042

42 43 0.026347

43 43 0.0232858

44 43 0.0201326

45 43 0.0169001

46 43 0.0136008

47 43 0.0102478

48 43 0.00685444

49 43 0.003434

50 43 0

0 44 0

1 44 0.002969

2 44 0.00592628

3 44 0.00886018

4 44 0.0117591

5 44 0.0146116

6 44 0.0174065

7 44 0.0201326

8 44 0.0227793

9 44 0.0253361

10 44 0.027793

11 44 0.0301401

12 44 0.0323683

13 44 0.0344687

14 44 0.0364331

15 44 0.0382537

16 44 0.0399234

17 44 0.0414355

18 44 0.042784

19 44 0.0439637

20 44 0.04497

21 44 0.0457987

22 44 0.0464467

23 44 0.0469114

24 44 0.0471909

25 44 0.0472842

26 44 0.0471909

27 44 0.0469114

28 44 0.0464467

29 44 0.0457987

30 44 0.04497

31 44 0.0439637

32 44 0.042784

33 44 0.0414355

34 44 0.0399234

35 44 0.0382537

36 44 0.0364331

37 44 0.0344687

38 44 0.0323683

39 44 0.0301401

40 44 0.027793

41 44 0.0253361

42 44 0.0227793

43 44 0.0201326

44 44 0.0174065

45 44 0.0146116

46 44 0.0117591

47 44 0.00886018

48 44 0.00592628

49 44 0.002969

50 44 0

0 45 0

1 45 0.00249229

2 45 0.00497473

3 45 0.00743755

4 45 0.00987101

5 45 0.0122655

6 45 0.0146116

7 45 0.0169001

8 45 0.0191218

9 45 0.0212681

10 45 0.0233304

11 45 0.0253007

12 45 0.0271711

13 45 0.0289343

14 45 0.0305833

15 45 0.0321116

16 45 0.0335131

17 45 0.0347824

18 45 0.0359145

19 45 0.0369047

20 45 0.0377494

21 45 0.0384451

22 45 0.038989

23 45 0.0393791

24 45 0.0396137

25 45 0.0396921

26 45 0.0396137

27 45 0.0393791

28 45 0.038989

29 45 0.0384451

30 45 0.0377494

31 45 0.0369047

32 45 0.0359145

33 45 0.0347824

34 45 0.0335131

35 45 0.0321116

36 45 0.0305833

37 45 0.0289343

38 45 0.0271711

39 45 0.0253007

40 45 0.0233304

41 45 0.0212681

42 45 0.0191218

43 45 0.0169001

44 45 0.0146116

45 45 0.0122655

46 45 0.00987101

47 45 0.00743755

48 45 0.00497473

49 45 0.00249229

50 45 0

0 46 0

1 46 0.00200573

2 46 0.00400355

3 46 0.00598557

4 46 0.00794397

5 46 0.00987101

6 46 0.0117591

7 46 0.0136008

8 46 0.0153888

9 46 0.0171161

10 46 0.0187758

11 46 0.0203614

12 46 0.0218667

13 46 0.0232856

14 46 0.0246127

15 46 0.0258427

16 46 0.0269706

17 46 0.0279921

18 46 0.0289031

19 46 0.0297001

20 46 0.0303799

21 46 0.0309397

22 46 0.0313775

23 46 0.0316914

24 46 0.0318802

25 46 0.0319433

26 46 0.0318802

27 46 0.0316914

28 46 0.0313775

29 46 0.0309397

30 46 0.0303799

31 46 0.0297001

32 46 0.0289031

33 46 0.0279921

34 46 0.0269706

35 46 0.0258427

36 46 0.0246127

37 46 0.0232856

38 46 0.0218667

39 46 0.0203614

40 46 0.0187758

41 46 0.0171161

42 46 0.0153888

43 46 0.0136008

44 46 0.0117591

45 46 0.00987101

46 46 0.00794397

47 46 0.00598557

48 46 0.00400355

49 46 0.00200573

50 46 0

0 47 0

1 47 0.00151127

2 47 0.00301657

3 47 0.00450997

4 47 0.00598557

5 47 0.00743755

6 47 0.00886018

7 47 0.0102478

8 47 0.011595

9 47 0.0128965

10 47 0.0141471

11 47 0.0153418

12 47 0.016476

13 47 0.0175451

14 47 0.018545

15 47 0.0194718

16 47 0.0203216

17 47 0.0210913

18 47 0.0217778

19 47 0.0223783

20 47 0.0228904

21 47 0.0233123

22 47 0.0236421

23 47 0.0238786

24 47 0.0240209

25 47 0.0240684

26 47 0.0240209

27 47 0.0238786

28 47 0.0236421

29 47 0.0233123

30 47 0.0228904

31 47 0.0223783

32 47 0.0217778

33 47 0.0210913

34 47 0.0203216

35 47 0.0194718

36 47 0.018545

37 47 0.0175451

38 47 0.016476

39 47 0.0153418

40 47 0.0141471

41 47 0.0128965

42 47 0.011595

43 47 0.0102478

44 47 0.00886018

45 47 0.00743755

46 47 0.00598557

47 47 0.00450997

48 47 0.00301657

49 47 0.00151127

50 47 0

0 48 0

1 48 0.00101084

2 48 0.00201769

3 48 0.00301657

4 48 0.00400355

5 48 0.00497473

6 48 0.00592628

7 48 0.00685444

8 48 0.00775555

9 48 0.00862605

10 48 0.00946251

11 48 0.0102616

12 48 0.0110202

13 48 0.0117354

14 48 0.0124042

15 48 0.013024

16 48 0.0135925

17 48 0.0141073

18 48 0.0145664

19 48 0.0149681

20 48 0.0153107

21 48 0.0155928

22 48 0.0158134

23 48 0.0159716

24 48 0.0160668

25 48 0.0160986

26 48 0.0160668

27 48 0.0159716

28 48 0.0158134

29 48 0.0155928

30 48 0.0153107

31 48 0.0149681

32 48 0.0145664

33 48 0.0141073

34 48 0.0135925

35 48 0.013024

36 48 0.0124042

37 48 0.0117354

38 48 0.0110202

39 48 0.0102616

40 48 0.00946251

41 48 0.00862605

42 48 0.00775555

43 48 0.00685444

44 48 0.00592628

45 48 0.00497473

46 48 0.00400355

47 48 0.00301657

48 48 0.00201769

49 48 0.00101084

50 48 0

0 49 0

1 49 0.000506418

2 49 0.00101084

3 49 0.00151127

4 49 0.00200573

5 49 0.00249229

6 49 0.002969

7 49 0.003434

8 49 0.00388544

9 49 0.00432155

10 49 0.00474061

11 49 0.00514095

12 49 0.00552101

13 49 0.00587928

14 49 0.00621435

15 49 0.00652489

16 49 0.00680968

17 49 0.00706759

18 49 0.00729762

19 49 0.00749884

20 49 0.00767047

21 49 0.00781182

22 49 0.00792235

23 49 0.00800161

24 49 0.00804929

25 49 0.0080652

26 49 0.00804929

27 49 0.00800161

