0 1 0

1 1 0.000315377

2 1 0.000629509

3 1 0.000941157

4 1 0.00124909

5 1 0.00155209

6 1 0.00184897

7 1 0.00213855

8 1 0.0024197

9 1 0.00269129

10 1 0.00295226

11 1 0.00320158

12 1 0.00343826

13 1 0.00366138

14 1 0.00387004

15 1 0.00406344

16 1 0.00424079

17 1 0.00440141

18 1 0.00454466

19 1 0.00466997

20 1 0.00477685

21 1 0.00486489

22 1 0.00493372

23 1 0.00498308

24 1 0.00501277

25 1 0.00502268

26 1 0.00501277

27 1 0.00498308

28 1 0.00493372

29 1 0.00486489

30 1 0.00477685

31 1 0.00466997

32 1 0.00454466

33 1 0.00440141

34 1 0.00424079

35 1 0.00406344

36 1 0.00387004

37 1 0.00366138

38 1 0.00343826

39 1 0.00320158

40 1 0.00295226

41 1 0.00269129

42 1 0.0024197

43 1 0.00213855

44 1 0.00184897

45 1 0.00155209

46 1 0.00124909

47 1 0.000941157

48 1 0.000629509

49 1 0.000315377

50 1 0

0 2 0

1 2 0.000629509

2 2 0.00125653

3 2 0.0018786

4 2 0.00249325

5 2 0.00309806

6 2 0.00369065

7 2 0.00426867

8 2 0.00482984

9 2 0.00537195

10 2 0.00589287

11 2 0.00639052

12 2 0.00686296

13 2 0.00730831

14 2 0.00772481

15 2 0.00811083

16 2 0.00846484

17 2 0.00878545

18 2 0.00907138

19 2 0.00932151

20 2 0.00953486

21 2 0.00971057

22 2 0.00984796

23 2 0.00994649

24 2 0.0100058

25 2 0.0100255

26 2 0.0100058

27 2 0.00994649

28 2 0.00984796

29 2 0.00971057

30 2 0.00953486

31 2 0.00932151

32 2 0.00907138

33 2 0.00878545

34 2 0.00846484

35 2 0.00811083

36 2 0.00772481

37 2 0.00730831

38 2 0.00686296

39 2 0.00639052

40 2 0.00589287

41 2 0.00537195

42 2 0.00482984

43 2 0.00426867

44 2 0.00369065

45 2 0.00309806

46 2 0.00249325

47 2 0.0018786

48 2 0.00125653

49 2 0.000629509

50 2 0

0 3 0

1 3 0.000941157

2 3 0.0018786

3 3 0.00280863

4 3 0.00372757

5 3 0.0046318

6 3 0.00551776

7 3 0.00638194

8 3 0.00722093

9 3 0.00803142

10 3 0.00881022

11 3 0.00955424

12 3 0.0102606

13 3 0.0109264

14 3 0.0115491

15 3 0.0121262

16 3 0.0126555

17 3 0.0131348

18 3 0.0135623

19 3 0.0139363

20 3 0.0142552

21 3 0.0145179

22 3 0.0147233

23 3 0.0148706

24 3 0.0149593

25 3 0.0149888

26 3 0.0149593

27 3 0.0148706

28 3 0.0147233

29 3 0.0145179

30 3 0.0142552

31 3 0.0139363

32 3 0.0135623

33 3 0.0131348

34 3 0.0126555

35 3 0.0121262

36 3 0.0115491

37 3 0.0109264

38 3 0.0102606

39 3 0.00955424

40 3 0.00881022

41 3 0.00803142

42 3 0.00722093

43 3 0.00638194

44 3 0.00551776

45 3 0.0046318

46 3 0.00372757

47 3 0.00280863

48 3 0.0018786

49 3 0.000941157

50 3 0

0 4 0

1 4 0.00124909

2 4 0.00249325

3 4 0.00372757

4 4 0.00494718

5 4 0.00614727

6 4 0.00732309

7 4 0.00847002

8 4 0.00958351

9 4 0.0106592

10 4 0.0116928

11 4 0.0126803

12 4 0.0136177

13 4 0.0145014

14 4 0.0153278

15 4 0.0160938

16 4 0.0167962

17 4 0.0174323

18 4 0.0179997

19 4 0.018496

20 4 0.0189193

21 4 0.019268

22 4 0.0195406

23 4 0.0197361

24 4 0.0198537

25 4 0.019893

26 4 0.0198537

27 4 0.0197361

28 4 0.0195406

29 4 0.019268

30 4 0.0189193

31 4 0.018496

32 4 0.0179997

33 4 0.0174323

34 4 0.0167962

35 4 0.0160938

36 4 0.0153278

37 4 0.0145014

38 4 0.0136177

39 4 0.0126803

40 4 0.0116928

41 4 0.0106592

42 4 0.00958351

43 4 0.00847002

44 4 0.00732309

45 4 0.00614727

46 4 0.00494718

47 4 0.00372757

48 4 0.00249325

49 4 0.00124909

50 4 0

0 5 0

1 5 0.00155209

2 5 0.00309806

3 5 0.0046318

4 5 0.00614727

5 5 0.00763847

6 5 0.00909953

7 5 0.0105247

8 5 0.0119083

9 5 0.0132449

10 5 0.0145292

11 5 0.0157562

12 5 0.016921

13 5 0.0180191

14 5 0.019046

15 5 0.0199978

16 5 0.0208706

17 5 0.0216611

18 5 0.0223661

19 5 0.0229828

20 5 0.0235088

21 5 0.023942

22 5 0.0242808

23 5 0.0245237

24 5 0.0246698

25 5 0.0247186

26 5 0.0246698

27 5 0.0245237

28 5 0.0242808

29 5 0.023942

30 5 0.0235088

31 5 0.0229828

32 5 0.0223661

33 5 0.0216611

34 5 0.0208706

35 5 0.0199978

36 5 0.019046

37 5 0.0180191

38 5 0.016921

39 5 0.0157562

40 5 0.0145292

41 5 0.0132449

42 5 0.0119083

43 5 0.0105247

44 5 0.00909953

45 5 0.00763847

46 5 0.00614727

47 5 0.0046318

48 5 0.00309806

49 5 0.00155209

50 5 0

0 6 0

1 6 0.00184897

2 6 0.00369065

3 6 0.00551776

4 6 0.00732309

5 6 0.00909953

6 6 0.01084

7 6 0.0125378

8 6 0.014186

9 6 0.0157783

10 6 0.0173083

11 6 0.01877

12 6 0.0201576

13 6 0.0214657

14 6 0.0226891

15 6 0.0238229

16 6 0.0248627

17 6 0.0258043

18 6 0.0266442

19 6 0.0273788

20 6 0.0280055

21 6 0.0285216

22 6 0.0289251

23 6 0.0292145

24 6 0.0293886

25 6 0.0294467

26 6 0.0293886

27 6 0.0292145

28 6 0.0289251

29 6 0.0285216

30 6 0.0280055

31 6 0.0273788

32 6 0.0266442

33 6 0.0258043

34 6 0.0248627

35 6 0.0238229

36 6 0.0226891

37 6 0.0214657

38 6 0.0201576

39 6 0.01877

40 6 0.0173083

41 6 0.0157783

42 6 0.014186

43 6 0.0125378

44 6 0.01084

45 6 0.00909953

46 6 0.00732309

47 6 0.00551776

48 6 0.00369065

49 6 0.00184897

50 6 0

0 7 0

1 7 0.00213855

2 7 0.00426867

3 7 0.00638194

4 7 0.00847002

5 7 0.0105247

6 7 0.0125378

7 7 0.0145014

8 7 0.0164078

9 7 0.0182495

10 7 0.0200191

11 7 0.0217097

12 7 0.0233147

13 7 0.0248276

14 7 0.0262426

15 7 0.0275539

16 7 0.0287566

17 7 0.0298457

18 7 0.0308171

19 7 0.0316668

20 7 0.0323916

21 7 0.0329885

22 7 0.0334553

23 7 0.03379

24 7 0.0339913

25 7 0.0340585

26 7 0.0339913

27 7 0.03379

28 7 0.0334553

29 7 0.0329885

30 7 0.0323916

31 7 0.0316668

32 7 0.0308171

33 7 0.0298457

34 7 0.0287566

35 7 0.0275539

36 7 0.0262426

37 7 0.0248276

38 7 0.0233147

39 7 0.0217097

40 7 0.0200191

41 7 0.0182495

42 7 0.0164078

43 7 0.0145014

44 7 0.0125378

45 7 0.0105247

46 7 0.00847002

47 7 0.00638194

48 7 0.00426867

49 7 0.00213855

50 7 0

0 8 0

1 8 0.0024197

2 8 0.00482984

3 8 0.00722093

4 8 0.00958351

5 8 0.0119083

6 8 0.014186

7 8 0.0164078

8 8 0.0185649

9 8 0.0206486

10 8 0.0226509

11 8 0.0245638

12 8 0.0263797

13 8 0.0280915

14 8 0.0296925

15 8 0.0311763

16 8 0.032537

17 8 0.0337694

18 8 0.0348684

19 8 0.0358299

20 8 0.0366499

21 8 0.0373253

22 8 0.0378534

23 8 0.0382321

24 8 0.03846

25 8 0.038536

26 8 0.03846

27 8 0.0382321

28 8 0.0378534

29 8 0.0373253

30 8 0.0366499

31 8 0.0358299

32 8 0.0348684

33 8 0.0337694

34 8 0.032537

35 8 0.0311763

36 8 0.0296925

37 8 0.0280915

38 8 0.0263797

39 8 0.0245638

40 8 0.0226509

41 8 0.0206486

42 8 0.0185649

43 8 0.0164078

44 8 0.014186

45 8 0.0119083

46 8 0.00958351

47 8 0.00722093

48 8 0.00482984

49 8 0.0024197

50 8 0

0 9 0

1 9 0.00269129

2 9 0.00537195

3 9 0.00803142

4 9 0.0106592

5 9 0.0132449

6 9 0.0157783

7 9 0.0182495

8 9 0.0206486

9 9 0.0229663

10 9 0.0251933

11 9 0.0273209

12 9 0.0293406

13 9 0.0312446

14 9 0.0330253

15 9 0.0346756

16 9 0.036189

17 9 0.0375597

18 9 0.0387821

19 9 0.0398515

20 9 0.0407636

21 9 0.0415148

22 9 0.0421022

23 9 0.0425234

24 9 0.0427768

25 9 0.0428614

26 9 0.0427768

27 9 0.0425234

28 9 0.0421022

29 9 0.0415148

30 9 0.0407636

31 9 0.0398515

32 9 0.0387821

33 9 0.0375597

34 9 0.036189

35 9 0.0346756

36 9 0.0330253

37 9 0.0312446

38 9 0.0293406

39 9 0.0273209

40 9 0.0251933

41 9 0.0229663

42 9 0.0206486

43 9 0.0182495

44 9 0.0157783

45 9 0.0132449

46 9 0.0106592

47 9 0.00803142

48 9 0.00537195

49 9 0.00269129

50 9 0

0 10 0

1 10 0.00295226

2 10 0.00589287

3 10 0.00881022

4 10 0.0116928

5 10 0.0145292

6 10 0.0173083

7 10 0.0200191

8 10 0.0226509

9 10 0.0251933

10 10 0.0276362

11 10 0.0299701

12 10 0.0321857

13 10 0.0342743

14 10 0.0362277

15 10 0.038038

16 10 0.0396983

17 10 0.0412018

18 10 0.0425428

19 10 0.0437158

20 10 0.0447164

21 10 0.0455404

22 10 0.0461848

23 10 0.0466468

24 10 0.0469248

25 10 0.0470176

26 10 0.0469248

27 10 0.0466468

28 10 0.0461848

29 10 0.0455404

30 10 0.0447164

31 10 0.0437158

32 10 0.0425428

33 10 0.0412018

34 10 0.0396983

35 10 0.038038

36 10 0.0362277

37 10 0.0342743

38 10 0.0321857

39 10 0.0299701

40 10 0.0276362

41 10 0.0251933

42 10 0.0226509

43 10 0.0200191

44 10 0.0173083

45 10 0.0145292

46 10 0.0116928

47 10 0.00881022

48 10 0.00589287

49 10 0.00295226

50 10 0

0 11 0

1 11 0.00320158

2 11 0.00639052

3 11 0.00955424

4 11 0.0126803

5 11 0.0157562

6 11 0.01877

7 11 0.0217097

8 11 0.0245638

9 11 0.0273209

10 11 0.0299701

11 11 0.0325011

12 11 0.0349039

13 11 0.0371688

14 11 0.0392871

15 11 0.0412504

16 11 0.0430508

17 11 0.0446813

18 11 0.0461355

19 11 0.0474077

20 11 0.0484927

21 11 0.0493863

22 11 0.0500851

23 11 0.0505862

24 11 0.0508876

25 11 0.0509882

26 11 0.0508876

27 11 0.0505862

28 11 0.0500851

29 11 0.0493863

30 11 0.0484927

31 11 0.0474077

32 11 0.0461355

33 11 0.0446813

34 11 0.0430508

35 11 0.0412504

36 11 0.0392871

37 11 0.0371688

38 11 0.0349039

39 11 0.0325011

40 11 0.0299701

41 11 0.0273209

42 11 0.0245638

43 11 0.0217097

44 11 0.01877

45 11 0.0157562

46 11 0.0126803

47 11 0.00955424

48 11 0.00639052

49 11 0.00320158

50 11 0

0 12 0

1 12 0.00343826

2 12 0.00686296

3 12 0.0102606

4 12 0.0136177

5 12 0.016921

6 12 0.0201576

7 12 0.0233147

8 12 0.0263797

9 12 0.0293406

10 12 0.0321857

11 12 0.0349039

12 12 0.0374842

13 12 0.0399166

14 12 0.0421915

15 12 0.0442999

16 12 0.0462334

17 12 0.0479845

18 12 0.0495462

19 12 0.0509124

20 12 0.0520776

21 12 0.0530374

22 12 0.0537878

23 12 0.0543259

24 12 0.0546496

25 12 0.0547577

26 12 0.0546496

27 12 0.0543259

28 12 0.0537878

29 12 0.0530374

30 12 0.0520776

31 12 0.0509124

32 12 0.0495462

33 12 0.0479845

34 12 0.0462334

35 12 0.0442999

36 12 0.0421915

37 12 0.0399166

38 12 0.0374842

39 12 0.0349039

40 12 0.0321857

41 12 0.0293406

42 12 0.0263797

43 12 0.0233147

44 12 0.0201576

45 12 0.016921

46 12 0.0136177

47 12 0.0102606

48 12 0.00686296

49 12 0.00343826

50 12 0

0 13 0

1 13 0.00366138

2 13 0.00730831

3 13 0.0109264

4 13 0.0145014

5 13 0.0180191

6 13 0.0214657

7 13 0.0248276

8 13 0.0280915

9 13 0.0312446

10 13 0.0342743

11 13 0.0371688

12 13 0.0399166

13 13 0.0425069

14 13 0.0449294

15 13 0.0471746

16 13 0.0492336

17 13 0.0510983

18 13 0.0527614

19 13 0.0542162

20 13 0.055457

21 13 0.056479

22 13 0.0572781

23 13 0.0578512

24 13 0.0581959

25 13 0.058311

26 13 0.0581959

27 13 0.0578512

28 13 0.0572781

29 13 0.056479

30 13 0.055457

31 13 0.0542162

32 13 0.0527614

33 13 0.0510983

34 13 0.0492336

35 13 0.0471746

36 13 0.0449294

37 13 0.0425069

38 13 0.0399166

39 13 0.0371688

40 13 0.0342743

41 13 0.0312446

42 13 0.0280915

43 13 0.0248276

44 13 0.0214657

45 13 0.0180191

46 13 0.0145014

47 13 0.0109264

48 13 0.00730831

49 13 0.00366138

50 13 0

0 14 0

1 14 0.00387004

2 14 0.00772481

3 14 0.0115491

4 14 0.0153278

5 14 0.019046

6 14 0.0226891

7 14 0.0262426

8 14 0.0296925

9 14 0.0330253

10 14 0.0362277

11 14 0.0392871

12 14 0.0421915

13 14 0.0449294

14 14 0.04749

15 14 0.0498631

16 14 0.0520395

17 14 0.0540105

18 14 0.0557683

19 14 0.057306

20 14 0.0586176

21 14 0.0596978

22 14 0.0605425

23 14 0.0611482

24 14 0.0615126

25 14 0.0616342

26 14 0.0615126

27 14 0.0611482

28 14 0.0605425

29 14 0.0596978

30 14 0.0586176

31 14 0.057306

32 14 0.0557683

33 14 0.0540105

34 14 0.0520395

35 14 0.0498631

36 14 0.04749

37 14 0.0449294

38 14 0.0421915

39 14 0.0392871

40 14 0.0362277

41 14 0.0330253

42 14 0.0296925

43 14 0.0262426

44 14 0.0226891

45 14 0.019046

46 14 0.0153278

47 14 0.0115491

48 14 0.00772481

49 14 0.00387004

50 14 0

0 15 0

1 15 0.00406344

2 15 0.00811083

3 15 0.0121262

4 15 0.0160938

5 15 0.0199978

6 15 0.0238229

7 15 0.0275539

8 15 0.0311763

9 15 0.0346756

10 15 0.038038

11 15 0.0412504

12 15 0.0442999

13 15 0.0471746

14 15 0.0498631

15 15 0.0523548

16 15 0.05464

17 15 0.0567094

18 15 0.0585551

19 15 0.0601697

20 15 0.0615468

21 15 0.062681

22 15 0.0635679

23 15 0.0642039

24 15 0.0645864

25 15 0.0647141

26 15 0.0645864

27 15 0.0642039

28 15 0.0635679

29 15 0.062681

30 15 0.0615468

31 15 0.0601697

32 15 0.0585551

33 15 0.0567094

34 15 0.05464

35 15 0.0523548

36 15 0.0498631

37 15 0.0471746

38 15 0.0442999

39 15 0.0412504

40 15 0.038038

41 15 0.0346756

42 15 0.0311763

43 15 0.0275539

44 15 0.0238229

45 15 0.0199978

46 15 0.0160938

47 15 0.0121262

48 15 0.00811083

49 15 0.00406344

50 15 0

0 16 0

1 16 0.00424079

2 16 0.00846484

3 16 0.0126555

4 16 0.0167962

5 16 0.0208706

6 16 0.0248627

7 16 0.0287566

8 16 0.032537

9 16 0.036189

10 16 0.0396983

11 16 0.0430508

12 16 0.0462334

13 16 0.0492336

14 16 0.0520395

15 16 0.05464

16 16 0.0570248

17 16 0.0591846

18 16 0.0611109

19 16 0.0627959

20 16 0.0642331

21 16 0.0654169

22 16 0.0663424

23 16 0.0670061

24 16 0.0674054

25 16 0.0675387

26 16 0.0674054

27 16 0.0670061

28 16 0.0663424

29 16 0.0654169

30 16 0.0642331

31 16 0.0627959

32 16 0.0611109

33 16 0.0591846

34 16 0.0570248

35 16 0.05464

36 16 0.0520395

37 16 0.0492336

38 16 0.0462334

39 16 0.0430508

40 16 0.0396983

41 16 0.036189

42 16 0.032537

43 16 0.0287566

44 16 0.0248627

45 16 0.0208706

46 16 0.0167962

47 16 0.0126555

48 16 0.00846484

49 16 0.00424079

50 16 0

0 17 0

1 17 0.00440141

2 17 0.00878545

3 17 0.0131348

4 17 0.0174323

5 17 0.0216611

6 17 0.0258043

7 17 0.0298457

8 17 0.0337694

9 17 0.0375597

10 17 0.0412018

11 17 0.0446813

12 17 0.0479845

13 17 0.0510983

14 17 0.0540105

15 17 0.0567094

16 17 0.0591846

17 17 0.0614262

18 17 0.0634254

19 17 0.0651743

20 17 0.0666659

21 17 0.0678945

22 17 0.0688551

23 17 0.069544

24 17 0.0699584

25 17 0.0700967

26 17 0.0699584

27 17 0.069544

28 17 0.0688551

29 17 0.0678945

30 17 0.0666659

31 17 0.0651743

32 17 0.0634254

33 17 0.0614262

34 17 0.0591846

35 17 0.0567094

36 17 0.0540105

37 17 0.0510983

38 17 0.0479845

39 17 0.0446813

40 17 0.0412018

41 17 0.0375597

42 17 0.0337694

43 17 0.0298457

44 17 0.0258043

45 17 0.0216611

46 17 0.0174323

47 17 0.0131348

48 17 0.00878545

49 17 0.00440141

50 17 0

0 18 0

1 18 0.00454466

2 18 0.00907138

3 18 0.0135623

4 18 0.0179997

5 18 0.0223661

6 18 0.0266442

7 18 0.0308171

8 18 0.0348684

9 18 0.0387821

10 18 0.0425428

11 18 0.0461355

12 18 0.0495462

13 18 0.0527614

14 18 0.0557683

15 18 0.0585551

16 18 0.0611109

17 18 0.0634254

18 18 0.0654897

19 18 0.0672955

20 18 0.0688357

21 18 0.0701042

22 18 0.0710961

23 18 0.0718074

24 18 0.0722353

25 18 0.0723781

26 18 0.0722353

27 18 0.0718074

28 18 0.0710961

29 18 0.0701042

30 18 0.0688357

31 18 0.0672955

32 18 0.0654897

33 18 0.0634254

34 18 0.0611109

35 18 0.0585551

36 18 0.0557683

37 18 0.0527614

38 18 0.0495462

39 18 0.0461355

40 18 0.0425428

41 18 0.0387821

42 18 0.0348684

43 18 0.0308171

44 18 0.0266442

45 18 0.0223661

46 18 0.0179997

47 18 0.0135623

48 18 0.00907138

49 18 0.00454466

50 18 0

0 19 0

1 19 0.00466997

2 19 0.00932151

3 19 0.0139363

4 19 0.018496

5 19 0.0229828

6 19 0.0273788

7 19 0.0316668

8 19 0.0358299

9 19 0.0398515

10 19 0.0437158

11 19 0.0474077

12 19 0.0509124

13 19 0.0542162

14 19 0.057306

15 19 0.0601697

16 19 0.0627959

17 19 0.0651743

18 19 0.0672955

19 19 0.069151

20 19 0.0707337

21 19 0.0720372

22 19 0.0730565

23 19 0.0737874

24 19 0.0742271

25 19 0.0743738

26 19 0.0742271

27 19 0.0737874

28 19 0.0730565

29 19 0.0720372

30 19 0.0707337

31 19 0.069151

32 19 0.0672955

33 19 0.0651743

34 19 0.0627959

35 19 0.0601697

36 19 0.057306

37 19 0.0542162

38 19 0.0509124

39 19 0.0474077

40 19 0.0437158

41 19 0.0398515

42 19 0.0358299

43 19 0.0316668

44 19 0.0273788

45 19 0.0229828

46 19 0.018496

47 19 0.0139363

48 19 0.00932151

49 19 0.00466997

50 19 0

0 20 0

1 20 0.00477685

2 20 0.00953486

3 20 0.0142552

4 20 0.0189193

5 20 0.0235088

6 20 0.0280055

7 20 0.0323916

8 20 0.0366499

9 20 0.0407636

10 20 0.0447164

11 20 0.0484927

12 20 0.0520776

13 20 0.055457

14 20 0.0586176

15 20 0.0615468

16 20 0.0642331

17 20 0.0666659

18 20 0.0688357

19 20 0.0707337

20 20 0.0723526

21 20 0.073686

22 20 0.0747285

23 20 0.0754762

24 20 0.0759259

25 20 0.076076

26 20 0.0759259

27 20 0.0754762

28 20 0.0747285

29 20 0.073686

30 20 0.0723526

31 20 0.0707337

32 20 0.0688357

33 20 0.0666659

34 20 0.0642331

35 20 0.0615468

36 20 0.0586176

37 20 0.055457

38 20 0.0520776

39 20 0.0484927

40 20 0.0447164

41 20 0.0407636

42 20 0.0366499

43 20 0.0323916

44 20 0.0280055

45 20 0.0235088

46 20 0.0189193

47 20 0.0142552

48 20 0.00953486

49 20 0.00477685

50 20 0

0 21 0

1 21 0.00486489

2 21 0.00971057

3 21 0.0145179

4 21 0.019268

5 21 0.023942

6 21 0.0285216

7 21 0.0329885

8 21 0.0373253

9 21 0.0415148

10 21 0.0455404

11 21 0.0493863

12 21 0.0530374

13 21 0.056479

14 21 0.0596978

15 21 0.062681

16 21 0.0654169

17 21 0.0678945

18 21 0.0701042

19 21 0.0720372

20 21 0.073686

21 21 0.0750439

22 21 0.0761057

23 21 0.0768671

24 21 0.0773251

25 21 0.077478

26 21 0.0773251

27 21 0.0768671

28 21 0.0761057

29 21 0.0750439

30 21 0.073686

31 21 0.0720372

32 21 0.0701042

33 21 0.0678945

34 21 0.0654169

35 21 0.062681

36 21 0.0596978

37 21 0.056479

38 21 0.0530374

39 21 0.0493863

40 21 0.0455404

41 21 0.0415148

42 21 0.0373253

43 21 0.0329885

44 21 0.0285216

45 21 0.023942

46 21 0.019268

47 21 0.0145179

48 21 0.00971057

49 21 0.00486489

50 21 0

0 22 0

1 22 0.00493372

2 22 0.00984796

3 22 0.0147233

4 22 0.0195406

5 22 0.0242808

6 22 0.0289251

7 22 0.0334553

8 22 0.0378534

9 22 0.0421022

10 22 0.0461848

11 22 0.0500851

12 22 0.0537878

13 22 0.0572781

14 22 0.0605425

15 22 0.0635679

16 22 0.0663424

17 22 0.0688551

18 22 0.0710961

19 22 0.0730565

20 22 0.0747285

21 22 0.0761057

22 22 0.0771825

23 22 0.0779546

24 22 0.0784192

25 22 0.0785742

26 22 0.0784192

27 22 0.0779546

28 22 0.0771825

29 22 0.0761057

30 22 0.0747285

31 22 0.0730565

32 22 0.0710961

33 22 0.0688551

34 22 0.0663424

35 22 0.0635679

36 22 0.0605425

37 22 0.0572781

38 22 0.0537878

39 22 0.0500851

40 22 0.0461848

41 22 0.0421022

42 22 0.0378534

43 22 0.0334553

44 22 0.0289251

45 22 0.0242808

46 22 0.0195406

47 22 0.0147233

48 22 0.00984796

49 22 0.00493372

50 22 0

0 23 0

1 23 0.00498308

2 23 0.00994649

3 23 0.0148706

4 23 0.0197361

5 23 0.0245237

6 23 0.0292145

7 23 0.03379

8 23 0.0382321

9 23 0.0425234

10 23 0.0466468

11 23 0.0505862

12 23 0.0543259

13 23 0.0578512

14 23 0.0611482

15 23 0.0642039

16 23 0.0670061

17 23 0.069544

18 23 0.0718074

19 23 0.0737874

20 23 0.0754762

21 23 0.0768671

22 23 0.0779546

23 23 0.0787346

24 23 0.0792037

25 23 0.0793603

26 23 0.0792037

27 23 0.0787346

28 23 0.0779546

29 23 0.0768671

30 23 0.0754762

31 23 0.0737874

32 23 0.0718074

33 23 0.069544

34 23 0.0670061

35 23 0.0642039

36 23 0.0611482

37 23 0.0578512

38 23 0.0543259

39 23 0.0505862

40 23 0.0466468

41 23 0.0425234

42 23 0.0382321

43 23 0.03379

44 23 0.0292145

45 23 0.0245237

46 23 0.0197361

47 23 0.0148706

48 23 0.00994649

49 23 0.00498308

50 23 0

0 24 0

1 24 0.00501277

2 24 0.0100058

3 24 0.0149593

4 24 0.0198537

5 24 0.0246698

6 24 0.0293886

7 24 0.0339913

8 24 0.03846

9 24 0.0427768

10 24 0.0469248

11 24 0.0508876

12 24 0.0546496

13 24 0.0581959

14 24 0.0615126

15 24 0.0645864

16 24 0.0674054

17 24 0.0699584

18 24 0.0722353

19 24 0.0742271

20 24 0.0759259

21 24 0.0773251

22 24 0.0784192

23 24 0.0792037

24 24 0.0796757

25 24 0.0798332

26 24 0.0796757

27 24 0.0792037

28 24 0.0784192

29 24 0.0773251

30 24 0.0759259

31 24 0.0742271

32 24 0.0722353

33 24 0.0699584

34 24 0.0674054

35 24 0.0645864

36 24 0.0615126

37 24 0.0581959

38 24 0.0546496

39 24 0.0508876

40 24 0.0469248

41 24 0.0427768

42 24 0.03846

43 24 0.0339913

44 24 0.0293886

45 24 0.0246698

46 24 0.0198537

47 24 0.0149593

48 24 0.0100058

49 24 0.00501277

50 24 0

0 25 0

1 25 0.00502268

2 25 0.0100255

3 25 0.0149888

4 25 0.019893

5 25 0.0247186

6 25 0.0294467

7 25 0.0340585

8 25 0.038536

9 25 0.0428614

10 25 0.0470176

11 25 0.0509882

12 25 0.0547577

13 25 0.058311

14 25 0.0616342

15 25 0.0647141

16 25 0.0675387

17 25 0.0700967

18 25 0.0723781

19 25 0.0743738

20 25 0.076076

21 25 0.077478

22 25 0.0785742

23 25 0.0793603

24 25 0.0798332

25 25 0.0799911

26 25 0.0798332

27 25 0.0793603

28 25 0.0785742

29 25 0.077478

30 25 0.076076

31 25 0.0743738

32 25 0.0723781

33 25 0.0700967

34 25 0.0675387

35 25 0.0647141

36 25 0.0616342

37 25 0.058311

38 25 0.0547577

39 25 0.0509882

40 25 0.0470176

41 25 0.0428614

42 25 0.038536

43 25 0.0340585

44 25 0.0294467

45 25 0.0247186

46 25 0.019893

47 25 0.0149888

48 25 0.0100255

49 25 0.00502268

50 25 0

0 26 0

1 26 0.00501277

2 26 0.0100058

3 26 0.0149593

4 26 0.0198537

5 26 0.0246698

6 26 0.0293886

7 26 0.0339913

8 26 0.03846

9 26 0.0427768

10 26 0.0469248

11 26 0.0508876

12 26 0.0546496

13 26 0.0581959

14 26 0.0615126

15 26 0.0645864

16 26 0.0674054

17 26 0.0699584

18 26 0.0722353

19 26 0.0742271

20 26 0.0759259

21 26 0.0773251

22 26 0.0784192

23 26 0.0792037

24 26 0.0796757

25 26 0.0798332

26 26 0.0796757

27 26 0.0792037

28 26 0.0784192

29 26 0.0773251

30 26 0.0759259

31 26 0.0742271

32 26 0.0722353

33 26 0.0699584

34 26 0.0674054

35 26 0.0645864

36 26 0.0615126

37 26 0.0581959

38 26 0.0546496

39 26 0.0508876

40 26 0.0469248

41 26 0.0427768

42 26 0.03846

43 26 0.0339913

44 26 0.0293886

45 26 0.0246698

46 26 0.0198537

47 26 0.0149593

48 26 0.0100058

49 26 0.00501277

50 26 0

0 27 0

1 27 0.00498308

2 27 0.00994649

3 27 0.0148706

4 27 0.0197361

5 27 0.0245237

6 27 0.0292145

7 27 0.03379

8 27 0.0382321

9 27 0.0425234

10 27 0.0466468

11 27 0.0505862

12 27 0.0543259

13 27 0.0578512

14 27 0.0611482

15 27 0.0642039

16 27 0.0670061

17 27 0.069544

18 27 0.0718074

19 27 0.0737874

20 27 0.0754762

21 27 0.0768671

22 27 0.0779546

23 27 0.0787346

24 27 0.0792037

25 27 0.0793603

26 27 0.0792037

27 27 0.0787346

28 27 0.0779546

29 27 0.0768671

30 27 0.0754762

31 27 0.0737874

32 27 0.0718074

33 27 0.069544

34 27 0.0670061

35 27 0.0642039

36 27 0.0611482

37 27 0.0578512

38 27 0.0543259

39 27 0.0505862

40 27 0.0466468

41 27 0.0425234

42 27 0.0382321

43 27 0.03379

44 27 0.0292145

45 27 0.0245237

46 27 0.0197361

47 27 0.0148706

48 27 0.00994649

49 27 0.00498308

50 27 0

0 28 0

1 28 0.00493372

2 28 0.00984796

3 28 0.0147233

4 28 0.0195406

5 28 0.0242808

6 28 0.0289251

7 28 0.0334553

8 28 0.0378534

9 28 0.0421022

10 28 0.0461848

11 28 0.0500851

12 28 0.0537878

13 28 0.0572781

14 28 0.0605425

15 28 0.0635679

16 28 0.0663424

17 28 0.0688551

18 28 0.0710961

19 28 0.0730565

20 28 0.0747285

21 28 0.0761057

22 28 0.0771825

23 28 0.0779546

24 28 0.0784192

25 28 0.0785742

26 28 0.0784192

27 28 0.0779546

28 28 0.0771825

29 28 0.0761057

30 28 0.0747285

31 28 0.0730565

32 28 0.0710961

33 28 0.0688551

34 28 0.0663424

35 28 0.0635679

36 28 0.0605425

37 28 0.0572781

38 28 0.0537878

39 28 0.0500851

40 28 0.0461848

41 28 0.0421022

42 28 0.0378534

43 28 0.0334553

44 28 0.0289251

45 28 0.0242808

46 28 0.0195406

47 28 0.0147233

48 28 0.00984796

49 28 0.00493372

50 28 0

0 29 0

1 29 0.00486489

2 29 0.00971057

3 29 0.0145179

4 29 0.019268

5 29 0.023942

6 29 0.0285216

7 29 0.0329885

8 29 0.0373253

9 29 0.0415148

10 29 0.0455404

11 29 0.0493863

12 29 0.0530374

13 29 0.056479

14 29 0.0596978

15 29 0.062681

16 29 0.0654169

17 29 0.0678945

18 29 0.0701042

19 29 0.0720372

20 29 0.073686

21 29 0.0750439

22 29 0.0761057

23 29 0.0768671

24 29 0.0773251

25 29 0.077478

26 29 0.0773251

27 29 0.0768671

28 29 0.0761057

29 29 0.0750439

30 29 0.073686

31 29 0.0720372

32 29 0.0701042

33 29 0.0678945

34 29 0.0654169

35 29 0.062681

36 29 0.0596978

37 29 0.056479

38 29 0.0530374

39 29 0.0493863

40 29 0.0455404

41 29 0.0415148

42 29 0.0373253

43 29 0.0329885

44 29 0.0285216

45 29 0.023942

46 29 0.019268

47 29 0.0145179

48 29 0.00971057

49 29 0.00486489

50 29 0

0 30 0

1 30 0.00477685

2 30 0.00953486

3 30 0.0142552

4 30 0.0189193

5 30 0.0235088

6 30 0.0280055

7 30 0.0323916

8 30 0.0366499

9 30 0.0407636

10 30 0.0447164

11 30 0.0484927

12 30 0.0520776

13 30 0.055457

14 30 0.0586176

15 30 0.0615468

16 30 0.0642331

17 30 0.0666659

18 30 0.0688357

19 30 0.0707337

20 30 0.0723526

21 30 0.073686

22 30 0.0747285

23 30 0.0754762

24 30 0.0759259

25 30 0.076076

26 30 0.0759259

27 30 0.0754762

28 30 0.0747285

29 30 0.073686

30 30 0.0723526

31 30 0.0707337

32 30 0.0688357

33 30 0.0666659

34 30 0.0642331

35 30 0.0615468

36 30 0.0586176

37 30 0.055457

38 30 0.0520776

39 30 0.0484927

40 30 0.0447164

41 30 0.0407636

42 30 0.0366499

43 30 0.0323916

44 30 0.0280055

45 30 0.0235088

46 30 0.0189193

47 30 0.0142552

48 30 0.00953486

49 30 0.00477685

50 30 0

0 31 0

1 31 0.00466997

2 31 0.00932151

3 31 0.0139363

4 31 0.018496

5 31 0.0229828

6 31 0.0273788

7 31 0.0316668

8 31 0.0358299

9 31 0.0398515

10 31 0.0437158

11 31 0.0474077

12 31 0.0509124

13 31 0.0542162

14 31 0.057306

15 31 0.0601697

16 31 0.0627959

17 31 0.0651743

18 31 0.0672955

19 31 0.069151

20 31 0.0707337

21 31 0.0720372

22 31 0.0730565

23 31 0.0737874

24 31 0.0742271

25 31 0.0743738

26 31 0.0742271

27 31 0.0737874

28 31 0.0730565

29 31 0.0720372

30 31 0.0707337

31 31 0.069151

32 31 0.0672955

33 31 0.0651743

34 31 0.0627959

35 31 0.0601697

36 31 0.057306

37 31 0.0542162

38 31 0.0509124

39 31 0.0474077

40 31 0.0437158

41 31 0.0398515

42 31 0.0358299

43 31 0.0316668

44 31 0.0273788

45 31 0.0229828

46 31 0.018496

47 31 0.0139363

48 31 0.00932151

49 31 0.00466997

50 31 0

0 32 0

1 32 0.00454466

2 32 0.00907138

3 32 0.0135623

4 32 0.0179997

5 32 0.0223661

6 32 0.0266442

7 32 0.0308171

8 32 0.0348684

9 32 0.0387821

10 32 0.0425428

11 32 0.0461355

12 32 0.0495462

13 32 0.0527614

14 32 0.0557683

15 32 0.0585551

16 32 0.0611109

17 32 0.0634254

18 32 0.0654897

19 32 0.0672955

20 32 0.0688357

21 32 0.0701042

22 32 0.0710961

23 32 0.0718074

24 32 0.0722353

25 32 0.0723781

26 32 0.0722353

27 32 0.0718074

28 32 0.0710961

29 32 0.0701042

30 32 0.0688357

31 32 0.0672955

32 32 0.0654897

33 32 0.0634254

34 32 0.0611109

35 32 0.0585551

36 32 0.0557683

37 32 0.0527614

38 32 0.0495462

39 32 0.0461355

40 32 0.0425428

41 32 0.0387821

42 32 0.0348684

43 32 0.0308171

44 32 0.0266442

45 32 0.0223661

46 32 0.0179997

47 32 0.0135623

48 32 0.00907138

49 32 0.00454466

50 32 0

0 33 0

1 33 0.00440141

2 33 0.00878545

3 33 0.0131348

4 33 0.0174323

5 33 0.0216611

6 33 0.0258043

7 33 0.0298457

8 33 0.0337694

9 33 0.0375597

10 33 0.0412018

11 33 0.0446813

12 33 0.0479845

13 33 0.0510983

14 33 0.0540105

15 33 0.0567094

16 33 0.0591846

17 33 0.0614262

18 33 0.0634254

19 33 0.0651743

20 33 0.0666659

21 33 0.0678945

22 33 0.0688551

23 33 0.069544

24 33 0.0699584

25 33 0.0700967

26 33 0.0699584

27 33 0.069544

28 33 0.0688551

29 33 0.0678945

30 33 0.0666659

31 33 0.0651743

32 33 0.0634254

33 33 0.0614262

34 33 0.0591846

35 33 0.0567094

36 33 0.0540105

37 33 0.0510983

38 33 0.0479845

39 33 0.0446813

40 33 0.0412018

41 33 0.0375597

42 33 0.0337694

43 33 0.0298457

44 33 0.0258043

45 33 0.0216611

46 33 0.0174323

47 33 0.0131348

48 33 0.00878545

49 33 0.00440141

50 33 0

0 34 0

1 34 0.00424079

2 34 0.00846484

3 34 0.0126555

4 34 0.0167962

5 34 0.0208706

6 34 0.0248627

7 34 0.0287566

8 34 0.032537

9 34 0.036189

10 34 0.0396983

11 34 0.0430508

12 34 0.0462334

13 34 0.0492336

14 34 0.0520395

15 34 0.05464

16 34 0.0570248

17 34 0.0591846

18 34 0.0611109

19 34 0.0627959

20 34 0.0642331

21 34 0.0654169

22 34 0.0663424

23 34 0.0670061

24 34 0.0674054

25 34 0.0675387

26 34 0.0674054

27 34 0.0670061

28 34 0.0663424

29 34 0.0654169

30 34 0.0642331

31 34 0.0627959

32 34 0.0611109

33 34 0.0591846

34 34 0.0570248

35 34 0.05464

36 34 0.0520395

37 34 0.0492336

38 34 0.0462334

39 34 0.0430508

40 34 0.0396983

41 34 0.036189

42 34 0.032537

43 34 0.0287566

44 34 0.0248627

45 34 0.0208706

46 34 0.0167962

47 34 0.0126555

48 34 0.00846484

49 34 0.00424079

50 34 0

0 35 0

1 35 0.00406344

2 35 0.00811083

3 35 0.0121262

4 35 0.0160938

5 35 0.0199978

6 35 0.0238229

7 35 0.0275539

8 35 0.0311763

9 35 0.0346756

10 35 0.038038

11 35 0.0412504

12 35 0.0442999

13 35 0.0471746

14 35 0.0498631

15 35 0.0523548

16 35 0.05464

17 35 0.0567094

18 35 0.0585551

19 35 0.0601697

20 35 0.0615468

21 35 0.062681

22 35 0.0635679

23 35 0.0642039

24 35 0.0645864

25 35 0.0647141

26 35 0.0645864

27 35 0.0642039

28 35 0.0635679

29 35 0.062681

30 35 0.0615468

31 35 0.0601697

32 35 0.0585551

33 35 0.0567094

34 35 0.05464

35 35 0.0523548

36 35 0.0498631

37 35 0.0471746

38 35 0.0442999

39 35 0.0412504

40 35 0.038038

41 35 0.0346756

42 35 0.0311763

43 35 0.0275539

44 35 0.0238229

45 35 0.0199978

46 35 0.0160938

47 35 0.0121262

48 35 0.00811083

49 35 0.00406344

50 35 0

0 36 0

1 36 0.00387004

2 36 0.00772481

3 36 0.0115491

4 36 0.0153278

5 36 0.019046

6 36 0.0226891

7 36 0.0262426

8 36 0.0296925

9 36 0.0330253

10 36 0.0362277

11 36 0.0392871

12 36 0.0421915

13 36 0.0449294

14 36 0.04749

15 36 0.0498631

16 36 0.0520395

17 36 0.0540105

18 36 0.0557683

19 36 0.057306

20 36 0.0586176

21 36 0.0596978

22 36 0.0605425

23 36 0.0611482

24 36 0.0615126

25 36 0.0616342

26 36 0.0615126

27 36 0.0611482

28 36 0.0605425

29 36 0.0596978

30 36 0.0586176

31 36 0.057306

32 36 0.0557683

33 36 0.0540105

34 36 0.0520395

35 36 0.0498631

36 36 0.04749

37 36 0.0449294

38 36 0.0421915

39 36 0.0392871

40 36 0.0362277

41 36 0.0330253

42 36 0.0296925

43 36 0.0262426

44 36 0.0226891

45 36 0.019046

46 36 0.0153278

47 36 0.0115491

48 36 0.00772481

49 36 0.00387004

50 36 0

0 37 0

1 37 0.00366138

2 37 0.00730831

3 37 0.0109264

4 37 0.0145014

5 37 0.0180191

6 37 0.0214657

7 37 0.0248276

8 37 0.0280915

9 37 0.0312446

10 37 0.0342743

11 37 0.0371688

12 37 0.0399166

13 37 0.0425069

14 37 0.0449294

15 37 0.0471746

16 37 0.0492336

17 37 0.0510983

18 37 0.0527614

19 37 0.0542162

20 37 0.055457

21 37 0.056479

22 37 0.0572781

23 37 0.0578512

24 37 0.0581959

25 37 0.058311

26 37 0.0581959

27 37 0.0578512

28 37 0.0572781

29 37 0.056479

30 37 0.055457

31 37 0.0542162

32 37 0.0527614

33 37 0.0510983

34 37 0.0492336

35 37 0.0471746

36 37 0.0449294

37 37 0.0425069

38 37 0.0399166

39 37 0.0371688

40 37 0.0342743

41 37 0.0312446

42 37 0.0280915

43 37 0.0248276

44 37 0.0214657

45 37 0.0180191

46 37 0.0145014

47 37 0.0109264

48 37 0.00730831

49 37 0.00366138

50 37 0

0 38 0

1 38 0.00343826

2 38 0.00686296

3 38 0.0102606

4 38 0.0136177

5 38 0.016921

6 38 0.0201576

7 38 0.0233147

8 38 0.0263797

9 38 0.0293406

10 38 0.0321857

11 38 0.0349039

12 38 0.0374842

13 38 0.0399166

14 38 0.0421915

15 38 0.0442999

16 38 0.0462334

17 38 0.0479845

18 38 0.0495462

19 38 0.0509124

20 38 0.0520776

21 38 0.0530374

22 38 0.0537878

23 38 0.0543259

24 38 0.0546496

25 38 0.0547577

26 38 0.0546496

27 38 0.0543259

28 38 0.0537878

29 38 0.0530374

30 38 0.0520776

31 38 0.0509124

32 38 0.0495462

33 38 0.0479845

34 38 0.0462334

35 38 0.0442999

36 38 0.0421915

37 38 0.0399166

38 38 0.0374842

39 38 0.0349039

40 38 0.0321857

41 38 0.0293406

42 38 0.0263797

43 38 0.0233147

44 38 0.0201576

45 38 0.016921

46 38 0.0136177

47 38 0.0102606

48 38 0.00686296

49 38 0.00343826

50 38 0

0 39 0

1 39 0.00320158

2 39 0.00639052

3 39 0.00955424

4 39 0.0126803

5 39 0.0157562

6 39 0.01877

7 39 0.0217097

8 39 0.0245638

9 39 0.0273209

10 39 0.0299701

11 39 0.0325011

12 39 0.0349039

13 39 0.0371688

14 39 0.0392871

15 39 0.0412504

16 39 0.0430508

17 39 0.0446813

18 39 0.0461355

19 39 0.0474077

20 39 0.0484927

21 39 0.0493863

22 39 0.0500851

23 39 0.0505862

24 39 0.0508876

25 39 0.0509882

26 39 0.0508876

27 39 0.0505862

28 39 0.0500851

29 39 0.0493863

30 39 0.0484927

31 39 0.0474077

32 39 0.0461355

33 39 0.0446813

34 39 0.0430508

35 39 0.0412504

36 39 0.0392871

37 39 0.0371688

38 39 0.0349039

39 39 0.0325011

40 39 0.0299701

41 39 0.0273209

42 39 0.0245638

43 39 0.0217097

44 39 0.01877

45 39 0.0157562

46 39 0.0126803

47 39 0.00955424

48 39 0.00639052

49 39 0.00320158

50 39 0

0 40 0

1 40 0.00295226

2 40 0.00589287

3 40 0.00881022

4 40 0.0116928

5 40 0.0145292

6 40 0.0173083

7 40 0.0200191

8 40 0.0226509

9 40 0.0251933

10 40 0.0276362

11 40 0.0299701

12 40 0.0321857

13 40 0.0342743

14 40 0.0362277

15 40 0.038038

16 40 0.0396983

17 40 0.0412018

18 40 0.0425428

19 40 0.0437158

20 40 0.0447164

21 40 0.0455404

22 40 0.0461848

23 40 0.0466468

24 40 0.0469248

25 40 0.0470176

26 40 0.0469248

27 40 0.0466468

28 40 0.0461848

29 40 0.0455404

30 40 0.0447164

31 40 0.0437158

32 40 0.0425428

33 40 0.0412018

34 40 0.0396983

35 40 0.038038

36 40 0.0362277

37 40 0.0342743

38 40 0.0321857

39 40 0.0299701

40 40 0.0276362

41 40 0.0251933

42 40 0.0226509

43 40 0.0200191

44 40 0.0173083

45 40 0.0145292

46 40 0.0116928

47 40 0.00881022

48 40 0.00589287

49 40 0.00295226

50 40 0

0 41 0

1 41 0.00269129

2 41 0.00537195

3 41 0.00803142

4 41 0.0106592

5 41 0.0132449

6 41 0.0157783

7 41 0.0182495

8 41 0.0206486

9 41 0.0229663

10 41 0.0251933

11 41 0.0273209

12 41 0.0293406

13 41 0.0312446

14 41 0.0330253

15 41 0.0346756

16 41 0.036189

17 41 0.0375597

18 41 0.0387821

19 41 0.0398515

20 41 0.0407636

21 41 0.0415148

22 41 0.0421022

23 41 0.0425234

24 41 0.0427768

25 41 0.0428614

26 41 0.0427768

27 41 0.0425234

28 41 0.0421022

29 41 0.0415148

30 41 0.0407636

31 41 0.0398515

32 41 0.0387821

33 41 0.0375597

34 41 0.036189

35 41 0.0346756

36 41 0.0330253

37 41 0.0312446

38 41 0.0293406

39 41 0.0273209

40 41 0.0251933

41 41 0.0229663

42 41 0.0206486

43 41 0.0182495

44 41 0.0157783

45 41 0.0132449

46 41 0.0106592

47 41 0.00803142

48 41 0.00537195

49 41 0.00269129

50 41 0

0 42 0

1 42 0.0024197

2 42 0.00482984

3 42 0.00722093

4 42 0.00958351

5 42 0.0119083

6 42 0.014186

7 42 0.0164078

8 42 0.0185649

9 42 0.0206486

10 42 0.0226509

11 42 0.0245638

12 42 0.0263797

13 42 0.0280915

14 42 0.0296925

15 42 0.0311763

16 42 0.032537

17 42 0.0337694

18 42 0.0348684

19 42 0.0358299

20 42 0.0366499

21 42 0.0373253

22 42 0.0378534

23 42 0.0382321

24 42 0.03846

25 42 0.038536

26 42 0.03846

27 42 0.0382321

28 42 0.0378534

29 42 0.0373253

30 42 0.0366499

31 42 0.0358299

32 42 0.0348684

33 42 0.0337694

34 42 0.032537

35 42 0.0311763

36 42 0.0296925

37 42 0.0280915

38 42 0.0263797

39 42 0.0245638

40 42 0.0226509

41 42 0.0206486

42 42 0.0185649

43 42 0.0164078

44 42 0.014186

45 42 0.0119083

46 42 0.00958351

47 42 0.00722093

48 42 0.00482984

49 42 0.0024197

50 42 0

0 43 0

1 43 0.00213855

2 43 0.00426867

3 43 0.00638194

4 43 0.00847002

5 43 0.0105247

6 43 0.0125378

7 43 0.0145014

8 43 0.0164078

9 43 0.0182495

10 43 0.0200191

11 43 0.0217097

12 43 0.0233147

13 43 0.0248276

14 43 0.0262426

15 43 0.0275539

16 43 0.0287566

17 43 0.0298457

18 43 0.0308171

19 43 0.0316668

20 43 0.0323916

21 43 0.0329885

22 43 0.0334553

23 43 0.03379

24 43 0.0339913

25 43 0.0340585

26 43 0.0339913

27 43 0.03379

28 43 0.0334553

29 43 0.0329885

30 43 0.0323916

31 43 0.0316668

32 43 0.0308171

33 43 0.0298457

34 43 0.0287566

35 43 0.0275539

36 43 0.0262426

37 43 0.0248276

38 43 0.0233147

39 43 0.0217097

40 43 0.0200191

41 43 0.0182495

42 43 0.0164078

43 43 0.0145014

44 43 0.0125378

45 43 0.0105247

46 43 0.00847002

47 43 0.00638194

48 43 0.00426867

49 43 0.00213855

50 43 0

0 44 0

1 44 0.00184897

2 44 0.00369065

3 44 0.00551776

4 44 0.00732309

5 44 0.00909953

6 44 0.01084

7 44 0.0125378

8 44 0.014186

9 44 0.0157783

10 44 0.0173083

11 44 0.01877

12 44 0.0201576

13 44 0.0214657

14 44 0.0226891

15 44 0.0238229

16 44 0.0248627

17 44 0.0258043

18 44 0.0266442

19 44 0.0273788

20 44 0.0280055

21 44 0.0285216

22 44 0.0289251

23 44 0.0292145

24 44 0.0293886

25 44 0.0294467

26 44 0.0293886

27 44 0.0292145

28 44 0.0289251

29 44 0.0285216

30 44 0.0280055

31 44 0.0273788

32 44 0.0266442

33 44 0.0258043

34 44 0.0248627

35 44 0.0238229

36 44 0.0226891

37 44 0.0214657

38 44 0.0201576

39 44 0.01877

40 44 0.0173083

41 44 0.0157783

42 44 0.014186

43 44 0.0125378

44 44 0.01084

45 44 0.00909953

46 44 0.00732309

47 44 0.00551776

48 44 0.00369065

49 44 0.00184897

50 44 0

0 45 0

1 45 0.00155209

2 45 0.00309806

3 45 0.0046318

4 45 0.00614727

5 45 0.00763847

6 45 0.00909953

7 45 0.0105247

8 45 0.0119083

9 45 0.0132449

10 45 0.0145292

11 45 0.0157562

12 45 0.016921

13 45 0.0180191

14 45 0.019046

15 45 0.0199978

16 45 0.0208706

17 45 0.0216611

18 45 0.0223661

19 45 0.0229828

20 45 0.0235088

21 45 0.023942

22 45 0.0242808

23 45 0.0245237

24 45 0.0246698

25 45 0.0247186

26 45 0.0246698

27 45 0.0245237

28 45 0.0242808

29 45 0.023942

30 45 0.0235088

31 45 0.0229828

32 45 0.0223661

33 45 0.0216611

34 45 0.0208706

35 45 0.0199978

36 45 0.019046

37 45 0.0180191

38 45 0.016921

39 45 0.0157562

40 45 0.0145292

41 45 0.0132449

42 45 0.0119083

43 45 0.0105247

44 45 0.00909953

45 45 0.00763847

46 45 0.00614727

47 45 0.0046318

48 45 0.00309806

49 45 0.00155209

50 45 0

0 46 0

1 46 0.00124909

2 46 0.00249325

3 46 0.00372757

4 46 0.00494718

5 46 0.00614727

6 46 0.00732309

7 46 0.00847002

8 46 0.00958351

9 46 0.0106592

10 46 0.0116928

11 46 0.0126803

12 46 0.0136177

13 46 0.0145014

14 46 0.0153278

15 46 0.0160938

16 46 0.0167962

17 46 0.0174323

18 46 0.0179997

19 46 0.018496

20 46 0.0189193

21 46 0.019268

22 46 0.0195406

23 46 0.0197361

24 46 0.0198537

25 46 0.019893

26 46 0.0198537

27 46 0.0197361

28 46 0.0195406

29 46 0.019268

30 46 0.0189193

31 46 0.018496

32 46 0.0179997

33 46 0.0174323

34 46 0.0167962

35 46 0.0160938

36 46 0.0153278

37 46 0.0145014

38 46 0.0136177

39 46 0.0126803

40 46 0.0116928

41 46 0.0106592

42 46 0.00958351

43 46 0.00847002

44 46 0.00732309

45 46 0.00614727

46 46 0.00494718

47 46 0.00372757

48 46 0.00249325

49 46 0.00124909

50 46 0

0 47 0

1 47 0.000941157

2 47 0.0018786

3 47 0.00280863

4 47 0.00372757

5 47 0.0046318

6 47 0.00551776

7 47 0.00638194

8 47 0.00722093

9 47 0.00803142

10 47 0.00881022

11 47 0.00955424

12 47 0.0102606

13 47 0.0109264

14 47 0.0115491

15 47 0.0121262

16 47 0.0126555

17 47 0.0131348

18 47 0.0135623

19 47 0.0139363

20 47 0.0142552

21 47 0.0145179

22 47 0.0147233

23 47 0.0148706

24 47 0.0149593

25 47 0.0149888

26 47 0.0149593

27 47 0.0148706

28 47 0.0147233

29 47 0.0145179

30 47 0.0142552

31 47 0.0139363

32 47 0.0135623

33 47 0.0131348

34 47 0.0126555

35 47 0.0121262

36 47 0.0115491

37 47 0.0109264

38 47 0.0102606

39 47 0.00955424

40 47 0.00881022

41 47 0.00803142

42 47 0.00722093

43 47 0.00638194

44 47 0.00551776

45 47 0.0046318

46 47 0.00372757

47 47 0.00280863

48 47 0.0018786

49 47 0.000941157

50 47 0

0 48 0

1 48 0.000629509

2 48 0.00125653

3 48 0.0018786

4 48 0.00249325

5 48 0.00309806

6 48 0.00369065

7 48 0.00426867

8 48 0.00482984

9 48 0.00537195

10 48 0.00589287

11 48 0.00639052

12 48 0.00686296

13 48 0.00730831

14 48 0.00772481

15 48 0.00811083

16 48 0.00846484

17 48 0.00878545

18 48 0.00907138

19 48 0.00932151

20 48 0.00953486

21 48 0.00971057

22 48 0.00984796

23 48 0.00994649

24 48 0.0100058

25 48 0.0100255

26 48 0.0100058

27 48 0.00994649

28 48 0.00984796

29 48 0.00971057

30 48 0.00953486

31 48 0.00932151

32 48 0.00907138

33 48 0.00878545

34 48 0.00846484

35 48 0.00811083

36 48 0.00772481

37 48 0.00730831

38 48 0.00686296

39 48 0.00639052

40 48 0.00589287

41 48 0.00537195

42 48 0.00482984

43 48 0.00426867

