0 1 0

1 1 0.00042569

2 1 0.0008497

3 1 0.00127036

4 1 0.001686

5 1 0.00209499

6 1 0.00249571

7 1 0.00288658

8 1 0.00326606

9 1 0.00363265

10 1 0.00398491

11 1 0.00432143

12 1 0.00464091

13 1 0.00494206

14 1 0.00522372

15 1 0.00548475

16 1 0.00572415

17 1 0.00594095

18 1 0.0061343

19 1 0.00630345

20 1 0.00644771

21 1 0.00656654

22 1 0.00665944

23 1 0.00672607

24 1 0.00676615

25 1 0.00677953

26 1 0.00676615

27 1 0.00672607

28 1 0.00665944

29 1 0.00656654

30 1 0.00644771

31 1 0.00630345

32 1 0.0061343

33 1 0.00594095

34 1 0.00572415

35 1 0.00548475

36 1 0.00522372

37 1 0.00494206

38 1 0.00464091

39 1 0.00432143

40 1 0.00398491

41 1 0.00363265

42 1 0.00326606

43 1 0.00288658

44 1 0.00249571

45 1 0.00209499

46 1 0.001686

47 1 0.00127036

48 1 0.0008497

49 1 0.00042569

50 1 0

0 2 0

1 2 0.0008497

2 2 0.00169605

3 2 0.0025357

4 2 0.00336535

5 2 0.00418171

6 2 0.00498157

7 2 0.00576177

8 2 0.00651924

9 2 0.00725097

10 2 0.00795409

11 2 0.00862581

12 2 0.0092635

13 2 0.00986462

14 2 0.0104268

15 2 0.0109479

16 2 0.0114257

17 2 0.0118584

18 2 0.0122444

19 2 0.012582

20 2 0.01287

21 2 0.0131072

22 2 0.0132926

23 2 0.0134256

24 2 0.0135056

25 2 0.0135323

26 2 0.0135056

27 2 0.0134256

28 2 0.0132926

29 2 0.0131072

30 2 0.01287

31 2 0.012582

32 2 0.0122444

33 2 0.0118584

34 2 0.0114257

35 2 0.0109479

36 2 0.0104268

37 2 0.00986462

38 2 0.0092635

39 2 0.00862581

40 2 0.00795409

41 2 0.00725097

42 2 0.00651924

43 2 0.00576177

44 2 0.00498157

45 2 0.00418171

46 2 0.00336535

47 2 0.0025357

48 2 0.00169605

49 2 0.0008497

50 2 0

0 3 0

1 3 0.00127036

2 3 0.0025357

3 3 0.00379104

4 3 0.00503141

5 3 0.00625193

6 3 0.00744777

7 3 0.00861423

8 3 0.00974668

9 3 0.0108407

10 3 0.0118919

11 3 0.0128962

12 3 0.0138495

13 3 0.0147483

14 3 0.0155888

15 3 0.0163678

16 3 0.0170822

17 3 0.0177291

18 3 0.0183062

19 3 0.0188109

20 3 0.0192415

21 3 0.0195961

22 3 0.0198733

23 3 0.0200721

24 3 0.0201917

25 3 0.0202317

26 3 0.0201917

27 3 0.0200721

28 3 0.0198733

29 3 0.0195961

30 3 0.0192415

31 3 0.0188109

32 3 0.0183062

33 3 0.0177291

34 3 0.0170822

35 3 0.0163678

36 3 0.0155888

37 3 0.0147483

38 3 0.0138495

39 3 0.0128962

40 3 0.0118919

41 3 0.0108407

42 3 0.00974668

43 3 0.00861423

44 3 0.00744777

45 3 0.00625193

46 3 0.00503141

47 3 0.00379104

48 3 0.0025357

49 3 0.00127036

50 3 0

0 4 0

1 4 0.001686

2 4 0.00336535

3 4 0.00503141

4 4 0.00667762

5 4 0.00829747

6 4 0.00988458

7 4 0.0114327

8 4 0.0129357

9 4 0.0143876

10 4 0.0157827

11 4 0.0171156

12 4 0.0183809

13 4 0.0195737

14 4 0.0206892

15 4 0.0217231

16 4 0.0226712

17 4 0.0235299

18 4 0.0242957

19 4 0.0249656

20 4 0.025537

21 4 0.0260076

22 4 0.0263756

23 4 0.0266395

24 4 0.0267982

25 4 0.0268512

26 4 0.0267982

27 4 0.0266395

28 4 0.0263756

29 4 0.0260076

30 4 0.025537

31 4 0.0249656

32 4 0.0242957

33 4 0.0235299

34 4 0.0226712

35 4 0.0217231

36 4 0.0206892

37 4 0.0195737

38 4 0.0183809

39 4 0.0171156

40 4 0.0157827

41 4 0.0143876

42 4 0.0129357

43 4 0.0114327

44 4 0.00988458

45 4 0.00829747

46 4 0.00667762

47 4 0.00503141

48 4 0.00336535

49 4 0.001686

50 4 0

0 5 0

1 5 0.00209499

2 5 0.00418171

3 5 0.00625193

4 5 0.00829747

5 5 0.0103103

6 5 0.0122824

7 5 0.014206

8 5 0.0160736

9 5 0.0178777

10 5 0.0196113

11 5 0.0212675

12 5 0.0228397

13 5 0.0243219

14 5 0.025708

15 5 0.0269926

16 5 0.0281708

17 5 0.0292377

18 5 0.0301893

19 5 0.0310218

20 5 0.0317318

21 5 0.0323165

22 5 0.0327738

23 5 0.0331017

24 5 0.0332989

25 5 0.0333647

26 5 0.0332989

27 5 0.0331017

28 5 0.0327738

29 5 0.0323165

30 5 0.0317318

31 5 0.0310218

32 5 0.0301893

33 5 0.0292377

34 5 0.0281708

35 5 0.0269926

36 5 0.025708

37 5 0.0243219

38 5 0.0228397

39 5 0.0212675

40 5 0.0196113

41 5 0.0178777

42 5 0.0160736

43 5 0.014206

44 5 0.0122824

45 5 0.0103103

46 5 0.00829747

47 5 0.00625193

48 5 0.00418171

49 5 0.00209499

50 5 0

0 6 0

1 6 0.00249571

2 6 0.00498157

3 6 0.00744777

4 6 0.00988458

5 6 0.0122824

6 6 0.0146317

7 6 0.0169233

8 6 0.0191481

9 6 0.0212973

10 6 0.0233625

11 6 0.0253354

12 6 0.0272084

13 6 0.028974

14 6 0.0306253

15 6 0.0321557

16 6 0.0335592

17 6 0.0348302

18 6 0.0359638

19 6 0.0369555

20 6 0.0378013

21 6 0.0384979

22 6 0.0390426

23 6 0.0394332

24 6 0.0396682

25 6 0.0397466

26 6 0.0396682

27 6 0.0394332

28 6 0.0390426

29 6 0.0384979

30 6 0.0378013

31 6 0.0369555

32 6 0.0359638

33 6 0.0348302

34 6 0.0335592

35 6 0.0321557

36 6 0.0306253

37 6 0.028974

38 6 0.0272084

39 6 0.0253354

40 6 0.0233625

41 6 0.0212973

42 6 0.0191481

43 6 0.0169233

44 6 0.0146317

45 6 0.0122824

46 6 0.00988458

47 6 0.00744777

48 6 0.00498157

49 6 0.00249571

50 6 0

0 7 0

1 7 0.00288658

2 7 0.00576177

3 7 0.00861423

4 7 0.0114327

5 7 0.014206

6 7 0.0169233

7 7 0.0195738

8 7 0.022147

9 7 0.0246328

10 7 0.0270214

11 7 0.0293034

12 7 0.0314697

13 7 0.0335119

14 7 0.0354218

15 7 0.0371918

16 7 0.0388151

17 7 0.0402853

18 7 0.0415964

19 7 0.0427433

20 7 0.0437216

21 7 0.0445274

22 7 0.0451574

23 7 0.0456091

24 7 0.0458809

25 7 0.0459716

26 7 0.0458809

27 7 0.0456091

28 7 0.0451574

29 7 0.0445274

30 7 0.0437216

31 7 0.0427433

32 7 0.0415964

33 7 0.0402853

34 7 0.0388151

35 7 0.0371918

36 7 0.0354218

37 7 0.0335119

38 7 0.0314697

39 7 0.0293034

40 7 0.0270214

41 7 0.0246328

42 7 0.022147

43 7 0.0195738

44 7 0.0169233

45 7 0.014206

46 7 0.0114327

47 7 0.00861423

48 7 0.00576177

49 7 0.00288658

50 7 0

0 8 0

1 8 0.00326606

2 8 0.00651924

3 8 0.00974668

4 8 0.0129357

5 8 0.0160736

6 8 0.0191481

7 8 0.022147

8 8 0.0250585

9 8 0.0278711

10 8 0.0305738

11 8 0.0331557

12 8 0.0356069

13 8 0.0379175

14 8 0.0400784

15 8 0.0420812

16 8 0.0439179

17 8 0.0455813

18 8 0.0470648

19 8 0.0483625

20 8 0.0494694

21 8 0.0503811

22 8 0.0510939

23 8 0.0516051

24 8 0.0519126

25 8 0.0520152

26 8 0.0519126

27 8 0.0516051

28 8 0.0510939

29 8 0.0503811

30 8 0.0494694

31 8 0.0483625

32 8 0.0470648

33 8 0.0455813

34 8 0.0439179

35 8 0.0420812

36 8 0.0400784

37 8 0.0379175

38 8 0.0356069

39 8 0.0331557

40 8 0.0305738

41 8 0.0278711

42 8 0.0250585

43 8 0.022147

44 8 0.0191481

45 8 0.0160736

46 8 0.0129357

47 8 0.00974668

48 8 0.00651924

49 8 0.00326606

50 8 0

0 9 0

1 9 0.00363265

2 9 0.00725097

3 9 0.0108407

4 9 0.0143876

5 9 0.0178777

6 9 0.0212973

7 9 0.0246328

8 9 0.0278711

9 9 0.0309995

10 9 0.0340054

11 9 0.0368772

12 9 0.0396035

13 9 0.0421734

14 9 0.0445769

15 9 0.0468045

16 9 0.0488473

17 9 0.0506974

18 9 0.0523474

19 9 0.0537908

20 9 0.055022

21 9 0.056036

22 9 0.0568288

23 9 0.0573973

24 9 0.0577394

25 9 0.0578535

26 9 0.0577394

27 9 0.0573973

28 9 0.0568288

29 9 0.056036

30 9 0.055022

31 9 0.0537908

32 9 0.0523474

33 9 0.0506974

34 9 0.0488473

35 9 0.0468045

36 9 0.0445769

37 9 0.0421734

38 9 0.0396035

39 9 0.0368772

40 9 0.0340054

41 9 0.0309995

42 9 0.0278711

43 9 0.0246328

44 9 0.0212973

45 9 0.0178777

46 9 0.0143876

47 9 0.0108407

48 9 0.00725097

49 9 0.00363265

50 9 0

0 10 0

1 10 0.00398491

2 10 0.00795409

3 10 0.0118919

4 10 0.0157827

5 10 0.0196113

6 10 0.0233625

7 10 0.0270214

8 10 0.0305738

9 10 0.0340054

10 10 0.0373029

11 10 0.0404532

12 10 0.0434438

13 10 0.0462629

14 10 0.0488995

15 10 0.0513431

16 10 0.053584

17 10 0.0556135

18 10 0.0574235

19 10 0.0590069

20 10 0.0603574

21 10 0.0614697

22 10 0.0623394

23 10 0.0629631

24 10 0.0633383

25 10 0.0634635

26 10 0.0633383

27 10 0.0629631

28 10 0.0623394

29 10 0.0614697

30 10 0.0603574

31 10 0.0590069

32 10 0.0574235

33 10 0.0556135

34 10 0.053584

35 10 0.0513431

36 10 0.0488995

37 10 0.0462629

38 10 0.0434438

39 10 0.0404532

40 10 0.0373029

41 10 0.0340054

42 10 0.0305738

43 10 0.0270214

44 10 0.0233625

45 10 0.0196113

46 10 0.0157827

47 10 0.0118919

48 10 0.00795409

49 10 0.00398491

50 10 0

0 11 0

1 11 0.00432143

2 11 0.00862581

3 11 0.0128962

4 11 0.0171156

5 11 0.0212675

6 11 0.0253354

7 11 0.0293034

8 11 0.0331557

9 11 0.0368772

10 11 0.0404532

11 11 0.0438695

12 11 0.0471126

13 11 0.0501698

14 11 0.0530291

15 11 0.055679

16 11 0.0581092

17 11 0.0603101

18 11 0.0622729

19 11 0.06399

20 11 0.0654546

21 11 0.0666608

22 11 0.067604

23 11 0.0682803

24 11 0.0686872

25 11 0.068823

26 11 0.0686872

27 11 0.0682803

28 11 0.067604

29 11 0.0666608

30 11 0.0654546

31 11 0.06399

32 11 0.0622729

33 11 0.0603101

34 11 0.0581092

35 11 0.055679

36 11 0.0530291

37 11 0.0501698

38 11 0.0471126

39 11 0.0438695

40 11 0.0404532

41 11 0.0368772

42 11 0.0331557

43 11 0.0293034

44 11 0.0253354

45 11 0.0212675

46 11 0.0171156

47 11 0.0128962

48 11 0.00862581

49 11 0.00432143

50 11 0

0 12 0

1 12 0.00464091

2 12 0.0092635

3 12 0.0138495

4 12 0.0183809

5 12 0.0228397

6 12 0.0272084

7 12 0.0314697

8 12 0.0356069

9 12 0.0396035

10 12 0.0434438

11 12 0.0471126

12 12 0.0505955

13 12 0.0538788

14 12 0.0569494

15 12 0.0597952

16 12 0.0624051

17 12 0.0647687

18 12 0.0668766

19 12 0.0687207

20 12 0.0702935

21 12 0.0715889

22 12 0.0726018

23 12 0.0733281

24 12 0.0737651

25 12 0.0739109

26 12 0.0737651

27 12 0.0733281

28 12 0.0726018

29 12 0.0715889

30 12 0.0702935

31 12 0.0687207

32 12 0.0668766

33 12 0.0647687

34 12 0.0624051

35 12 0.0597952

36 12 0.0569494

37 12 0.0538788

38 12 0.0505955

39 12 0.0471126

40 12 0.0434438

41 12 0.0396035

42 12 0.0356069

43 12 0.0314697

44 12 0.0272084

45 12 0.0228397

46 12 0.0183809

47 12 0.0138495

48 12 0.0092635

49 12 0.00464091

50 12 0

0 13 0

1 13 0.00494206

2 13 0.00986462

3 13 0.0147483

4 13 0.0195737

5 13 0.0243219

6 13 0.028974

7 13 0.0335119

8 13 0.0379175

9 13 0.0421734

10 13 0.0462629

11 13 0.0501698

12 13 0.0538788

13 13 0.0573751

14 13 0.0606449

15 13 0.0636754

16 13 0.0664547

17 13 0.0689716

18 13 0.0712164

19 13 0.0731801

20 13 0.074855

21 13 0.0762344

22 13 0.077313

23 13 0.0780865

24 13 0.0785518

25 13 0.0787072

26 13 0.0785518

27 13 0.0780865

28 13 0.077313

29 13 0.0762344

30 13 0.074855

31 13 0.0731801

32 13 0.0712164

33 13 0.0689716

34 13 0.0664547

35 13 0.0636754

36 13 0.0606449

37 13 0.0573751

38 13 0.0538788

39 13 0.0501698

40 13 0.0462629

41 13 0.0421734

42 13 0.0379175

43 13 0.0335119

44 13 0.028974

45 13 0.0243219

46 13 0.0195737

47 13 0.0147483

48 13 0.00986462

49 13 0.00494206

50 13 0

0 14 0

1 14 0.00522372

2 14 0.0104268

3 14 0.0155888

4 14 0.0206892

5 14 0.025708

6 14 0.0306253

7 14 0.0354218

8 14 0.0400784

9 14 0.0445769

10 14 0.0488995

11 14 0.0530291

12 14 0.0569494

13 14 0.0606449

14 14 0.0641011

15 14 0.0673044

16 14 0.070242

17 14 0.0729024

18 14 0.0752751

19 14 0.0773507

20 14 0.079121

21 14 0.0805791

22 14 0.0817192

23 14 0.0825368

24 14 0.0830286

25 14 0.0831928

26 14 0.0830286

27 14 0.0825368

28 14 0.0817192

29 14 0.0805791

30 14 0.079121

31 14 0.0773507

32 14 0.0752751

33 14 0.0729024

34 14 0.070242

35 14 0.0673044

36 14 0.0641011

37 14 0.0606449

38 14 0.0569494

39 14 0.0530291

40 14 0.0488995

41 14 0.0445769

42 14 0.0400784

43 14 0.0354218

44 14 0.0306253

45 14 0.025708

46 14 0.0206892

47 14 0.0155888

48 14 0.0104268

49 14 0.00522372

50 14 0

0 15 0

1 15 0.00548475

2 15 0.0109479

3 15 0.0163678

4 15 0.0217231

5 15 0.0269926

6 15 0.0321557

7 15 0.0371918

8 15 0.0420812

9 15 0.0468045

10 15 0.0513431

11 15 0.055679

12 15 0.0597952

13 15 0.0636754

14 15 0.0673044

15 15 0.0706677

16 15 0.0737521

17 15 0.0765454

18 15 0.0790367

19 15 0.081216

20 15 0.0830748

21 15 0.0846058

22 15 0.0858028

23 15 0.0866612

24 15 0.0871777

25 15 0.08735

26 15 0.0871777

27 15 0.0866612

28 15 0.0858028

29 15 0.0846058

30 15 0.0830748

31 15 0.081216

32 15 0.0790367

33 15 0.0765454

34 15 0.0737521

35 15 0.0706677

36 15 0.0673044

37 15 0.0636754

38 15 0.0597952

39 15 0.055679

40 15 0.0513431

41 15 0.0468045

42 15 0.0420812

43 15 0.0371918

44 15 0.0321557

45 15 0.0269926

46 15 0.0217231

47 15 0.0163678

48 15 0.0109479

49 15 0.00548475

50 15 0

0 16 0

1 16 0.00572415

2 16 0.0114257

3 16 0.0170822

4 16 0.0226712

5 16 0.0281708

6 16 0.0335592

7 16 0.0388151

8 16 0.0439179

9 16 0.0488473

10 16 0.053584

11 16 0.0581092

12 16 0.0624051

13 16 0.0664547

14 16 0.070242

15 16 0.0737521

16 16 0.0769711

17 16 0.0798864

18 16 0.0824864

19 16 0.0847608

20 16 0.0867008

21 16 0.0882985

22 16 0.0895478

23 16 0.0904437

24 16 0.0909827

25 16 0.0911626

26 16 0.0909827

27 16 0.0904437

28 16 0.0895478

29 16 0.0882985

30 16 0.0867008

31 16 0.0847608

32 16 0.0824864

33 16 0.0798864

34 16 0.0769711

35 16 0.0737521

36 16 0.070242

37 16 0.0664547

38 16 0.0624051

39 16 0.0581092

40 16 0.053584

41 16 0.0488473

42 16 0.0439179

43 16 0.0388151

44 16 0.0335592

45 16 0.0281708

46 16 0.0226712

47 16 0.0170822

48 16 0.0114257

49 16 0.00572415

50 16 0

0 17 0

1 17 0.00594095

2 17 0.0118584

3 17 0.0177291

4 17 0.0235299

5 17 0.0292377

6 17 0.0348302

7 17 0.0402853

8 17 0.0455813

9 17 0.0506974

10 17 0.0556135

11 17 0.0603101

12 17 0.0647687

13 17 0.0689716

14 17 0.0729024

15 17 0.0765454

16 17 0.0798864

17 17 0.082912

18 17 0.0856105

19 17 0.0879711

20 17 0.0899845

21 17 0.0916428

22 17 0.0929394

23 17 0.0938693

24 17 0.0944286

25 17 0.0946153

26 17 0.0944286

27 17 0.0938693

28 17 0.0929394

29 17 0.0916428

30 17 0.0899845

31 17 0.0879711

32 17 0.0856105

33 17 0.082912

34 17 0.0798864

35 17 0.0765454

36 17 0.0729024

37 17 0.0689716

38 17 0.0647687

39 17 0.0603101

40 17 0.0556135

41 17 0.0506974

42 17 0.0455813

43 17 0.0402853

44 17 0.0348302

45 17 0.0292377

46 17 0.0235299

47 17 0.0177291

48 17 0.0118584

49 17 0.00594095

50 17 0

0 18 0

1 18 0.0061343

2 18 0.0122444

3 18 0.0183062

4 18 0.0242957

5 18 0.0301893

6 18 0.0359638

7 18 0.0415964

8 18 0.0470648

9 18 0.0523474

10 18 0.0574235

11 18 0.0622729

12 18 0.0668766

13 18 0.0712164

14 18 0.0752751

15 18 0.0790367

16 18 0.0824864

17 18 0.0856105

18 18 0.0883968

19 18 0.0908342

20 18 0.0929132

21 18 0.0946254

22 18 0.0959643

23 18 0.0969243

24 18 0.0975019

25 18 0.0976947

26 18 0.0975019

27 18 0.0969243

28 18 0.0959643

29 18 0.0946254

30 18 0.0929132

31 18 0.0908342

32 18 0.0883968

33 18 0.0856105

34 18 0.0824864

35 18 0.0790367

36 18 0.0752751

37 18 0.0712164

38 18 0.0668766

39 18 0.0622729

40 18 0.0574235

41 18 0.0523474

42 18 0.0470648

43 18 0.0415964

44 18 0.0359638

45 18 0.0301893

46 18 0.0242957

47 18 0.0183062

48 18 0.0122444

49 18 0.0061343

50 18 0

0 19 0

1 19 0.00630345

2 19 0.012582

3 19 0.0188109

4 19 0.0249656

5 19 0.0310218

6 19 0.0369555

7 19 0.0427433

8 19 0.0483625

9 19 0.0537908

10 19 0.0590069

11 19 0.06399

12 19 0.0687207

13 19 0.0731801

14 19 0.0773507

15 19 0.081216

16 19 0.0847608

17 19 0.0879711

18 19 0.0908342

19 19 0.0933389

20 19 0.0954751

21 19 0.0972346

22 19 0.0986103

23 19 0.0995969

24 19 0.10019

25 19 0.100389

26 19 0.10019

27 19 0.0995969

28 19 0.0986103

29 19 0.0972346

30 19 0.0954751

31 19 0.0933389

32 19 0.0908342

33 19 0.0879711

34 19 0.0847608

35 19 0.081216

36 19 0.0773507

37 19 0.0731801

38 19 0.0687207

39 19 0.06399

40 19 0.0590069

41 19 0.0537908

42 19 0.0483625

43 19 0.0427433

44 19 0.0369555

45 19 0.0310218

46 19 0.0249656

47 19 0.0188109

48 19 0.012582

49 19 0.00630345

50 19 0

0 20 0

1 20 0.00644771

2 20 0.01287

3 20 0.0192415

4 20 0.025537

5 20 0.0317318

6 20 0.0378013

7 20 0.0437216

8 20 0.0494694

9 20 0.055022

10 20 0.0603574

11 20 0.0654546

12 20 0.0702935

13 20 0.074855

14 20 0.079121

15 20 0.0830748

16 20 0.0867008

17 20 0.0899845

18 20 0.0929132

19 20 0.0954751

20 20 0.0976603

21 20 0.09946

22 20 0.100867

23 20 0.101876

24 20 0.102483

25 20 0.102686

26 20 0.102483

27 20 0.101876

28 20 0.100867

29 20 0.09946

30 20 0.0976603

31 20 0.0954751

32 20 0.0929132

33 20 0.0899845

34 20 0.0867008

35 20 0.0830748

36 20 0.079121

37 20 0.074855

38 20 0.0702935

39 20 0.0654546

40 20 0.0603574

41 20 0.055022

42 20 0.0494694

43 20 0.0437216

44 20 0.0378013

45 20 0.0317318

46 20 0.025537

47 20 0.0192415

48 20 0.01287

49 20 0.00644771

50 20 0

0 21 0

1 21 0.00656654

2 21 0.0131072

3 21 0.0195961

4 21 0.0260076

5 21 0.0323165

6 21 0.0384979

7 21 0.0445274

8 21 0.0503811

9 21 0.056036

10 21 0.0614697

11 21 0.0666608

12 21 0.0715889

13 21 0.0762344

14 21 0.0805791

15 21 0.0846058

16 21 0.0882985

17 21 0.0916428

18 21 0.0946254

19 21 0.0972346

20 21 0.09946

21 21 0.101293

22 21 0.102726

23 21 0.103754

24 21 0.104372

25 21 0.104578

26 21 0.104372

27 21 0.103754

28 21 0.102726

29 21 0.101293

30 21 0.09946

31 21 0.0972346

32 21 0.0946254

33 21 0.0916428

34 21 0.0882985

35 21 0.0846058

36 21 0.0805791

37 21 0.0762344

38 21 0.0715889

39 21 0.0666608

40 21 0.0614697

41 21 0.056036

42 21 0.0503811

43 21 0.0445274

44 21 0.0384979

45 21 0.0323165

46 21 0.0260076

47 21 0.0195961

48 21 0.0131072

49 21 0.00656654

50 21 0

0 22 0

1 22 0.00665944

2 22 0.0132926

3 22 0.0198733

4 22 0.0263756

5 22 0.0327738

6 22 0.0390426

7 22 0.0451574

8 22 0.0510939

9 22 0.0568288

10 22 0.0623394

11 22 0.067604

12 22 0.0726018

13 22 0.077313

14 22 0.0817192

15 22 0.0858028

16 22 0.0895478

17 22 0.0929394

18 22 0.0959643

19 22 0.0986103

20 22 0.100867

21 22 0.102726

22 22 0.10418

23 22 0.105222

24 22 0.105849

25 22 0.106058

26 22 0.105849

27 22 0.105222

28 22 0.10418

29 22 0.102726

30 22 0.100867

31 22 0.0986103

32 22 0.0959643

33 22 0.0929394

34 22 0.0895478

35 22 0.0858028

36 22 0.0817192

37 22 0.077313

38 22 0.0726018

39 22 0.067604

40 22 0.0623394

41 22 0.0568288

42 22 0.0510939

43 22 0.0451574

44 22 0.0390426

45 22 0.0327738

46 22 0.0263756

47 22 0.0198733

48 22 0.0132926

49 22 0.00665944

50 22 0

0 23 0

1 23 0.00672607

2 23 0.0134256

3 23 0.0200721

4 23 0.0266395

5 23 0.0331017

6 23 0.0394332

7 23 0.0456091

8 23 0.0516051

9 23 0.0573973

10 23 0.0629631

11 23 0.0682803

12 23 0.0733281

13 23 0.0780865

14 23 0.0825368

15 23 0.0866612

16 23 0.0904437

17 23 0.0938693

18 23 0.0969243

19 23 0.0995969

20 23 0.101876

21 23 0.103754

22 23 0.105222

23 23 0.106275

24 23 0.106908

25 23 0.107119

26 23 0.106908

27 23 0.106275

28 23 0.105222

29 23 0.103754

30 23 0.101876

31 23 0.0995969

32 23 0.0969243

33 23 0.0938693

34 23 0.0904437

35 23 0.0866612

36 23 0.0825368

37 23 0.0780865

38 23 0.0733281

39 23 0.0682803

40 23 0.0629631

41 23 0.0573973

42 23 0.0516051

43 23 0.0456091

44 23 0.0394332

45 23 0.0331017

46 23 0.0266395

47 23 0.0200721

48 23 0.0134256

49 23 0.00672607

50 23 0

0 24 0

1 24 0.00676615

2 24 0.0135056

3 24 0.0201917

4 24 0.0267982

5 24 0.0332989

6 24 0.0396682

7 24 0.0458809

8 24 0.0519126

9 24 0.0577394

10 24 0.0633383

11 24 0.0686872

12 24 0.0737651

13 24 0.0785518

14 24 0.0830286

15 24 0.0871777

16 24 0.0909827

17 24 0.0944286

18 24 0.0975019

19 24 0.10019

20 24 0.102483

21 24 0.104372

22 24 0.105849

23 24 0.106908

24 24 0.107545

25 24 0.107758

26 24 0.107545

27 24 0.106908

28 24 0.105849

29 24 0.104372

30 24 0.102483

31 24 0.10019

32 24 0.0975019

33 24 0.0944286

34 24 0.0909827

35 24 0.0871777

36 24 0.0830286

37 24 0.0785518

38 24 0.0737651

39 24 0.0686872

40 24 0.0633383

41 24 0.0577394

42 24 0.0519126

43 24 0.0458809

44 24 0.0396682

45 24 0.0332989

46 24 0.0267982

47 24 0.0201917

48 24 0.0135056

49 24 0.00676615

50 24 0

0 25 0

1 25 0.00677953

2 25 0.0135323

3 25 0.0202317

4 25 0.0268512

5 25 0.0333647

6 25 0.0397466

7 25 0.0459716

8 25 0.0520152

9 25 0.0578535

10 25 0.0634635

11 25 0.068823

12 25 0.0739109

13 25 0.0787072

14 25 0.0831928

15 25 0.08735

16 25 0.0911626

17 25 0.0946153

18 25 0.0976947

19 25 0.100389

20 25 0.102686

21 25 0.104578

22 25 0.106058

23 25 0.107119

24 25 0.107758

25 25 0.107971

26 25 0.107758

27 25 0.107119

28 25 0.106058

29 25 0.104578

30 25 0.102686

31 25 0.100389

32 25 0.0976947

33 25 0.0946153

34 25 0.0911626

35 25 0.08735

36 25 0.0831928

37 25 0.0787072

38 25 0.0739109

39 25 0.068823

40 25 0.0634635

41 25 0.0578535

42 25 0.0520152

43 25 0.0459716

44 25 0.0397466

45 25 0.0333647

46 25 0.0268512

47 25 0.0202317

48 25 0.0135323

49 25 0.00677953

50 25 0

0 26 0

1 26 0.00676615

2 26 0.0135056

3 26 0.0201917

4 26 0.0267982

5 26 0.0332989

6 26 0.0396682

7 26 0.0458809

8 26 0.0519126

9 26 0.0577394

10 26 0.0633383

11 26 0.0686872

12 26 0.0737651

13 26 0.0785518

14 26 0.0830286

15 26 0.0871777

16 26 0.0909827

17 26 0.0944286

18 26 0.0975019

19 26 0.10019

20 26 0.102483

21 26 0.104372

22 26 0.105849

23 26 0.106908

24 26 0.107545

25 26 0.107758

26 26 0.107545

27 26 0.106908

28 26 0.105849

29 26 0.104372

30 26 0.102483

31 26 0.10019

32 26 0.0975019

33 26 0.0944286

34 26 0.0909827

35 26 0.0871777

36 26 0.0830286

37 26 0.0785518

38 26 0.0737651

39 26 0.0686872

40 26 0.0633383

41 26 0.0577394

42 26 0.0519126

43 26 0.0458809

44 26 0.0396682

45 26 0.0332989

46 26 0.0267982

47 26 0.0201917

48 26 0.0135056

49 26 0.00676615

50 26 0

0 27 0

1 27 0.00672607

2 27 0.0134256

3 27 0.0200721

4 27 0.0266395

5 27 0.0331017

6 27 0.0394332

7 27 0.0456091

8 27 0.0516051

9 27 0.0573973

10 27 0.0629631

11 27 0.0682803

12 27 0.0733281

13 27 0.0780865

14 27 0.0825368

15 27 0.0866612

16 27 0.0904437

17 27 0.0938693

18 27 0.0969243

19 27 0.0995969

20 27 0.101876

21 27 0.103754

22 27 0.105222

23 27 0.106275

24 27 0.106908

25 27 0.107119

26 27 0.106908

27 27 0.106275

28 27 0.105222

29 27 0.103754

30 27 0.101876

31 27 0.0995969

32 27 0.0969243

33 27 0.0938693

34 27 0.0904437

35 27 0.0866612

36 27 0.0825368

37 27 0.0780865

38 27 0.0733281

39 27 0.0682803

40 27 0.0629631

41 27 0.0573973

42 27 0.0516051

43 27 0.0456091

44 27 0.0394332

45 27 0.0331017

46 27 0.0266395

47 27 0.0200721

48 27 0.0134256

49 27 0.00672607

50 27 0

0 28 0

1 28 0.00665944

2 28 0.0132926

3 28 0.0198733

4 28 0.0263756

5 28 0.0327738

6 28 0.0390426

7 28 0.0451574

8 28 0.0510939

9 28 0.0568288

10 28 0.0623394

11 28 0.067604

12 28 0.0726018

13 28 0.077313

14 28 0.0817192

15 28 0.0858028

16 28 0.0895478

17 28 0.0929394

18 28 0.0959643

19 28 0.0986103

20 28 0.100867

21 28 0.102726

22 28 0.10418

23 28 0.105222

24 28 0.105849

25 28 0.106058

26 28 0.105849

27 28 0.105222

28 28 0.10418

29 28 0.102726

30 28 0.100867

31 28 0.0986103

32 28 0.0959643

33 28 0.0929394

34 28 0.0895478

35 28 0.0858028

36 28 0.0817192

37 28 0.077313

38 28 0.0726018

39 28 0.067604

40 28 0.0623394

41 28 0.0568288

42 28 0.0510939

43 28 0.0451574

44 28 0.0390426

45 28 0.0327738

46 28 0.0263756

47 28 0.0198733

48 28 0.0132926

49 28 0.00665944

50 28 0

0 29 0

1 29 0.00656654

2 29 0.0131072

3 29 0.0195961

4 29 0.0260076

5 29 0.0323165

6 29 0.0384979

7 29 0.0445274

8 29 0.0503811

9 29 0.056036

10 29 0.0614697

11 29 0.0666608

12 29 0.0715889

13 29 0.0762344

14 29 0.0805791

15 29 0.0846058

16 29 0.0882985

17 29 0.0916428

18 29 0.0946254

19 29 0.0972346

20 29 0.09946

21 29 0.101293

22 29 0.102726

23 29 0.103754

24 29 0.104372

25 29 0.104578

26 29 0.104372

27 29 0.103754

28 29 0.102726

29 29 0.101293

30 29 0.09946

31 29 0.0972346

32 29 0.0946254

33 29 0.0916428

34 29 0.0882985

35 29 0.0846058

36 29 0.0805791

37 29 0.0762344

38 29 0.0715889

39 29 0.0666608

40 29 0.0614697

41 29 0.056036

42 29 0.0503811

43 29 0.0445274

44 29 0.0384979

45 29 0.0323165

46 29 0.0260076

47 29 0.0195961

48 29 0.0131072

49 29 0.00656654

50 29 0

0 30 0

1 30 0.00644771

2 30 0.01287

3 30 0.0192415

4 30 0.025537

5 30 0.0317318

6 30 0.0378013

7 30 0.0437216

8 30 0.0494694

9 30 0.055022

10 30 0.0603574

11 30 0.0654546

12 30 0.0702935

13 30 0.074855

14 30 0.079121

15 30 0.0830748

16 30 0.0867008

17 30 0.0899845

18 30 0.0929132

19 30 0.0954751

20 30 0.0976603

21 30 0.09946

22 30 0.100867

23 30 0.101876

24 30 0.102483

25 30 0.102686

26 30 0.102483

27 30 0.101876

28 30 0.100867

29 30 0.09946

30 30 0.0976603

31 30 0.0954751

32 30 0.0929132

33 30 0.0899845

34 30 0.0867008

35 30 0.0830748

36 30 0.079121

37 30 0.074855

38 30 0.0702935

39 30 0.0654546

40 30 0.0603574

41 30 0.055022

42 30 0.0494694

43 30 0.0437216

44 30 0.0378013

45 30 0.0317318

46 30 0.025537

47 30 0.0192415

48 30 0.01287

49 30 0.00644771

50 30 0

0 31 0

1 31 0.00630345

2 31 0.012582

3 31 0.0188109

4 31 0.0249656

5 31 0.0310218

6 31 0.0369555

7 31 0.0427433

8 31 0.0483625

9 31 0.0537908

10 31 0.0590069

11 31 0.06399

12 31 0.0687207

13 31 0.0731801

14 31 0.0773507

15 31 0.081216

16 31 0.0847608

17 31 0.0879711

18 31 0.0908342

19 31 0.0933389

20 31 0.0954751

21 31 0.0972346

22 31 0.0986103

23 31 0.0995969

24 31 0.10019

25 31 0.100389

26 31 0.10019

27 31 0.0995969

28 31 0.0986103

29 31 0.0972346

30 31 0.0954751

31 31 0.0933389

32 31 0.0908342

33 31 0.0879711

34 31 0.0847608

35 31 0.081216

36 31 0.0773507

37 31 0.0731801

38 31 0.0687207

39 31 0.06399

40 31 0.0590069

41 31 0.0537908

42 31 0.0483625

43 31 0.0427433

44 31 0.0369555

45 31 0.0310218

46 31 0.0249656

47 31 0.0188109

48 31 0.012582

49 31 0.00630345

50 31 0

0 32 0

1 32 0.0061343

2 32 0.0122444

3 32 0.0183062

4 32 0.0242957

5 32 0.0301893

6 32 0.0359638

7 32 0.0415964

8 32 0.0470648

9 32 0.0523474

10 32 0.0574235

11 32 0.0622729

12 32 0.0668766

13 32 0.0712164

14 32 0.0752751

15 32 0.0790367

16 32 0.0824864

17 32 0.0856105

18 32 0.0883968

19 32 0.0908342

20 32 0.0929132

21 32 0.0946254

22 32 0.0959643

23 32 0.0969243

24 32 0.0975019

25 32 0.0976947

26 32 0.0975019

27 32 0.0969243

28 32 0.0959643

29 32 0.0946254

30 32 0.0929132

31 32 0.0908342

32 32 0.0883968

33 32 0.0856105

34 32 0.0824864

35 32 0.0790367

36 32 0.0752751

37 32 0.0712164

38 32 0.0668766

39 32 0.0622729

40 32 0.0574235

41 32 0.0523474

42 32 0.0470648

43 32 0.0415964

44 32 0.0359638

45 32 0.0301893

46 32 0.0242957

47 32 0.0183062

48 32 0.0122444

49 32 0.0061343

50 32 0

0 33 0

1 33 0.00594095

2 33 0.0118584

3 33 0.0177291

4 33 0.0235299

5 33 0.0292377

6 33 0.0348302

7 33 0.0402853

8 33 0.0455813

9 33 0.0506974

10 33 0.0556135

11 33 0.0603101

12 33 0.0647687

13 33 0.0689716

14 33 0.0729024

15 33 0.0765454

16 33 0.0798864

17 33 0.082912

18 33 0.0856105

19 33 0.0879711

20 33 0.0899845

21 33 0.0916428

22 33 0.0929394

23 33 0.0938693

24 33 0.0944286

25 33 0.0946153

26 33 0.0944286

27 33 0.0938693

28 33 0.0929394

29 33 0.0916428

30 33 0.0899845

31 33 0.0879711

32 33 0.0856105

33 33 0.082912

34 33 0.0798864

35 33 0.0765454

36 33 0.0729024

37 33 0.0689716

38 33 0.0647687

39 33 0.0603101

40 33 0.0556135

41 33 0.0506974

42 33 0.0455813

43 33 0.0402853

44 33 0.0348302

45 33 0.0292377

46 33 0.0235299

47 33 0.0177291

48 33 0.0118584

49 33 0.00594095

50 33 0

0 34 0

1 34 0.00572415

2 34 0.0114257

3 34 0.0170822

4 34 0.0226712

5 34 0.0281708

6 34 0.0335592

7 34 0.0388151

8 34 0.0439179

9 34 0.0488473

10 34 0.053584

11 34 0.0581092

12 34 0.0624051

13 34 0.0664547

14 34 0.070242

15 34 0.0737521

16 34 0.0769711

17 34 0.0798864

18 34 0.0824864

19 34 0.0847608

20 34 0.0867008

21 34 0.0882985

22 34 0.0895478

23 34 0.0904437

24 34 0.0909827

25 34 0.0911626

26 34 0.0909827

27 34 0.0904437

28 34 0.0895478

29 34 0.0882985

30 34 0.0867008

31 34 0.0847608

32 34 0.0824864

33 34 0.0798864

34 34 0.0769711

35 34 0.0737521

36 34 0.070242

37 34 0.0664547

38 34 0.0624051

39 34 0.0581092

40 34 0.053584

41 34 0.0488473

42 34 0.0439179

43 34 0.0388151

44 34 0.0335592

45 34 0.0281708

46 34 0.0226712

47 34 0.0170822

48 34 0.0114257

49 34 0.00572415

50 34 0

0 35 0

1 35 0.00548475

2 35 0.0109479

3 35 0.0163678

4 35 0.0217231

5 35 0.0269926

6 35 0.0321557

7 35 0.0371918

8 35 0.0420812

9 35 0.0468045

10 35 0.0513431

11 35 0.055679

12 35 0.0597952

13 35 0.0636754

14 35 0.0673044

15 35 0.0706677

16 35 0.0737521

17 35 0.0765454

18 35 0.0790367

19 35 0.081216

20 35 0.0830748

21 35 0.0846058

22 35 0.0858028

23 35 0.0866612

24 35 0.0871777

25 35 0.08735

26 35 0.0871777

27 35 0.0866612

28 35 0.0858028

29 35 0.0846058

30 35 0.0830748

31 35 0.081216

32 35 0.0790367

33 35 0.0765454

34 35 0.0737521

35 35 0.0706677

36 35 0.0673044

37 35 0.0636754

38 35 0.0597952

39 35 0.055679

40 35 0.0513431

41 35 0.0468045

42 35 0.0420812

43 35 0.0371918

44 35 0.0321557

45 35 0.0269926

46 35 0.0217231

47 35 0.0163678

48 35 0.0109479

49 35 0.00548475

50 35 0

0 36 0

1 36 0.00522372

2 36 0.0104268

3 36 0.0155888

4 36 0.0206892

5 36 0.025708

6 36 0.0306253

7 36 0.0354218

8 36 0.0400784

9 36 0.0445769

10 36 0.0488995

11 36 0.0530291

12 36 0.0569494

13 36 0.0606449

14 36 0.0641011

15 36 0.0673044

16 36 0.070242

17 36 0.0729024

18 36 0.0752751

19 36 0.0773507

20 36 0.079121

21 36 0.0805791

22 36 0.0817192

23 36 0.0825368

24 36 0.0830286

25 36 0.0831928

26 36 0.0830286

27 36 0.0825368

28 36 0.0817192

29 36 0.0805791

30 36 0.079121

31 36 0.0773507

32 36 0.0752751

33 36 0.0729024

34 36 0.070242

35 36 0.0673044

36 36 0.0641011

37 36 0.0606449

38 36 0.0569494

39 36 0.0530291

40 36 0.0488995

41 36 0.0445769

42 36 0.0400784

43 36 0.0354218

44 36 0.0306253

45 36 0.025708

46 36 0.0206892

47 36 0.0155888

48 36 0.0104268

49 36 0.00522372

50 36 0

0 37 0

1 37 0.00494206

2 37 0.00986462

3 37 0.0147483

4 37 0.0195737

5 37 0.0243219

6 37 0.028974

7 37 0.0335119

8 37 0.0379175

9 37 0.0421734

10 37 0.0462629

11 37 0.0501698

12 37 0.0538788

13 37 0.0573751

14 37 0.0606449

15 37 0.0636754

16 37 0.0664547

17 37 0.0689716

18 37 0.0712164

19 37 0.0731801

20 37 0.074855

21 37 0.0762344

22 37 0.077313

23 37 0.0780865

24 37 0.0785518

25 37 0.0787072

26 37 0.0785518

27 37 0.0780865

28 37 0.077313

29 37 0.0762344

30 37 0.074855

31 37 0.0731801

32 37 0.0712164

33 37 0.0689716

34 37 0.0664547

35 37 0.0636754

36 37 0.0606449

37 37 0.0573751

38 37 0.0538788

39 37 0.0501698

40 37 0.0462629

41 37 0.0421734

42 37 0.0379175

43 37 0.0335119

44 37 0.028974

45 37 0.0243219

46 37 0.0195737

47 37 0.0147483

48 37 0.00986462

49 37 0.00494206

50 37 0

0 38 0

1 38 0.00464091

2 38 0.0092635

3 38 0.0138495

4 38 0.0183809

5 38 0.0228397

6 38 0.0272084

7 38 0.0314697

8 38 0.0356069

9 38 0.0396035

10 38 0.0434438

11 38 0.0471126

12 38 0.0505955

13 38 0.0538788

14 38 0.0569494

15 38 0.0597952

16 38 0.0624051

17 38 0.0647687

18 38 0.0668766

19 38 0.0687207

20 38 0.0702935

21 38 0.0715889

22 38 0.0726018

23 38 0.0733281

24 38 0.0737651

25 38 0.0739109

26 38 0.0737651

27 38 0.0733281

28 38 0.0726018

29 38 0.0715889

30 38 0.0702935

31 38 0.0687207

32 38 0.0668766

33 38 0.0647687

34 38 0.0624051

35 38 0.0597952

36 38 0.0569494

37 38 0.0538788

38 38 0.0505955

39 38 0.0471126

40 38 0.0434438

41 38 0.0396035

42 38 0.0356069

43 38 0.0314697

44 38 0.0272084

45 38 0.0228397

46 38 0.0183809

47 38 0.0138495

48 38 0.0092635

49 38 0.00464091

50 38 0

0 39 0

1 39 0.00432143

2 39 0.00862581

3 39 0.0128962

4 39 0.0171156

5 39 0.0212675

6 39 0.0253354

7 39 0.0293034

8 39 0.0331557

9 39 0.0368772

10 39 0.0404532

11 39 0.0438695

12 39 0.0471126

13 39 0.0501698

14 39 0.0530291

15 39 0.055679

16 39 0.0581092

17 39 0.0603101

18 39 0.0622729

19 39 0.06399

20 39 0.0654546

21 39 0.0666608

22 39 0.067604

23 39 0.0682803

24 39 0.0686872

25 39 0.068823

26 39 0.0686872

27 39 0.0682803

28 39 0.067604

29 39 0.0666608

30 39 0.0654546

31 39 0.06399

32 39 0.0622729

33 39 0.0603101

34 39 0.0581092

35 39 0.055679

36 39 0.0530291

37 39 0.0501698

38 39 0.0471126

39 39 0.0438695

40 39 0.0404532

41 39 0.0368772

42 39 0.0331557

43 39 0.0293034

44 39 0.0253354

45 39 0.0212675

46 39 0.0171156

47 39 0.0128962

48 39 0.00862581

49 39 0.00432143

50 39 0

0 40 0

1 40 0.00398491

2 40 0.00795409

3 40 0.0118919

4 40 0.0157827

5 40 0.0196113

6 40 0.0233625

7 40 0.0270214

8 40 0.0305738

9 40 0.0340054

10 40 0.0373029

11 40 0.0404532

12 40 0.0434438

13 40 0.0462629

14 40 0.0488995

15 40 0.0513431

16 40 0.053584

17 40 0.0556135

18 40 0.0574235

19 40 0.0590069

20 40 0.0603574

21 40 0.0614697

22 40 0.0623394

23 40 0.0629631

24 40 0.0633383

25 40 0.0634635

26 40 0.0633383

27 40 0.0629631

28 40 0.0623394

29 40 0.0614697

30 40 0.0603574

31 40 0.0590069

32 40 0.0574235

33 40 0.0556135

34 40 0.053584

35 40 0.0513431

36 40 0.0488995

37 40 0.0462629

38 40 0.0434438

39 40 0.0404532

40 40 0.0373029

41 40 0.0340054

42 40 0.0305738

43 40 0.0270214

44 40 0.0233625

45 40 0.0196113

46 40 0.0157827

47 40 0.0118919

48 40 0.00795409

49 40 0.00398491

50 40 0

0 41 0

1 41 0.00363265

2 41 0.00725097

3 41 0.0108407

4 41 0.0143876

5 41 0.0178777

6 41 0.0212973

7 41 0.0246328

8 41 0.0278711

9 41 0.0309995

10 41 0.0340054

11 41 0.0368772

12 41 0.0396035

13 41 0.0421734

14 41 0.0445769

15 41 0.0468045

16 41 0.0488473

17 41 0.0506974

18 41 0.0523474

19 41 0.0537908

20 41 0.055022

21 41 0.056036

22 41 0.0568288

23 41 0.0573973

24 41 0.0577394

25 41 0.0578535

26 41 0.0577394

27 41 0.0573973

28 41 0.0568288

29 41 0.056036

30 41 0.055022

31 41 0.0537908

32 41 0.0523474

33 41 0.0506974

34 41 0.0488473

35 41 0.0468045

36 41 0.0445769

37 41 0.0421734

38 41 0.0396035

39 41 0.0368772

40 41 0.0340054

41 41 0.0309995

42 41 0.0278711

43 41 0.0246328

44 41 0.0212973

45 41 0.0178777

46 41 0.0143876

47 41 0.0108407

48 41 0.00725097

49 41 0.00363265

50 41 0

0 42 0

1 42 0.00326606

2 42 0.00651924

3 42 0.00974668

4 42 0.0129357

5 42 0.0160736

6 42 0.0191481

7 42 0.022147

8 42 0.0250585

9 42 0.0278711

10 42 0.0305738

11 42 0.0331557

12 42 0.0356069

13 42 0.0379175

14 42 0.0400784

15 42 0.0420812

16 42 0.0439179

17 42 0.0455813

18 42 0.0470648

19 42 0.0483625

20 42 0.0494694

21 42 0.0503811

22 42 0.0510939

23 42 0.0516051

24 42 0.0519126

25 42 0.0520152

26 42 0.0519126

27 42 0.0516051

28 42 0.0510939

29 42 0.0503811

30 42 0.0494694

31 42 0.0483625

32 42 0.0470648

33 42 0.0455813

34 42 0.0439179

35 42 0.0420812

36 42 0.0400784

37 42 0.0379175

38 42 0.0356069

39 42 0.0331557

40 42 0.0305738

41 42 0.0278711

42 42 0.0250585

43 42 0.022147

44 42 0.0191481

45 42 0.0160736

46 42 0.0129357

47 42 0.00974668

48 42 0.00651924

49 42 0.00326606

50 42 0

0 43 0

1 43 0.00288658

2 43 0.00576177

3 43 0.00861423

4 43 0.0114327

5 43 0.014206

6 43 0.0169233

7 43 0.0195738

8 43 0.022147

9 43 0.0246328

10 43 0.0270214

11 43 0.0293034

12 43 0.0314697

13 43 0.0335119

14 43 0.0354218

15 43 0.0371918

16 43 0.0388151

17 43 0.0402853

18 43 0.0415964

19 43 0.0427433

20 43 0.0437216

21 43 0.0445274

22 43 0.0451574

23 43 0.0456091

24 43 0.0458809

25 43 0.0459716

26 43 0.0458809

27 43 0.0456091

28 43 0.0451574

29 43 0.0445274

30 43 0.0437216

31 43 0.0427433

32 43 0.0415964

33 43 0.0402853

34 43 0.0388151

35 43 0.0371918

36 43 0.0354218

37 43 0.0335119

38 43 0.0314697

39 43 0.0293034

40 43 0.0270214

41 43 0.0246328

42 43 0.022147

43 43 0.0195738

44 43 0.0169233

45 43 0.014206

46 43 0.0114327

47 43 0.00861423

48 43 0.00576177

49 43 0.00288658

50 43 0

0 44 0

1 44 0.00249571

2 44 0.00498157

3 44 0.00744777

4 44 0.00988458

5 44 0.0122824

6 44 0.0146317

7 44 0.0169233

8 44 0.0191481

9 44 0.0212973

10 44 0.0233625

11 44 0.0253354

12 44 0.0272084

13 44 0.028974

14 44 0.0306253

15 44 0.0321557

16 44 0.0335592

17 44 0.0348302

18 44 0.0359638

19 44 0.0369555

20 44 0.0378013

21 44 0.0384979

22 44 0.0390426

23 44 0.0394332

24 44 0.0396682

25 44 0.0397466

26 44 0.0396682

27 44 0.0394332

28 44 0.0390426

29 44 0.0384979

30 44 0.0378013

31 44 0.0369555

32 44 0.0359638

33 44 0.0348302

34 44 0.0335592

35 44 0.0321557

36 44 0.0306253

37 44 0.028974

38 44 0.0272084

39 44 0.0253354

40 44 0.0233625

41 44 0.0212973

42 44 0.0191481

43 44 0.0169233

44 44 0.0146317

45 44 0.0122824

46 44 0.00988458

47 44 0.00744777

48 44 0.00498157

49 44 0.00249571

50 44 0

0 45 0

1 45 0.00209499

2 45 0.00418171

3 45 0.00625193

4 45 0.00829747

5 45 0.0103103

6 45 0.0122824

7 45 0.014206

8 45 0.0160736

9 45 0.0178777

10 45 0.0196113

11 45 0.0212675

12 45 0.0228397

13 45 0.0243219

14 45 0.025708

15 45 0.0269926

16 45 0.0281708

17 45 0.0292377

18 45 0.0301893

19 45 0.0310218

20 45 0.0317318

21 45 0.0323165

22 45 0.0327738

23 45 0.0331017

24 45 0.0332989

25 45 0.0333647

26 45 0.0332989

27 45 0.0331017

28 45 0.0327738

29 45 0.0323165

30 45 0.0317318

31 45 0.0310218

32 45 0.0301893

33 45 0.0292377

34 45 0.0281708

35 45 0.0269926

36 45 0.025708

37 45 0.0243219

38 45 0.0228397

39 45 0.0212675

40 45 0.0196113

41 45 0.0178777

42 45 0.0160736

43 45 0.014206

44 45 0.0122824

45 45 0.0103103

46 45 0.00829747

47 45 0.00625193

48 45 0.00418171

49 45 0.00209499

50 45 0

0 46 0

1 46 0.001686

2 46 0.00336535

3 46 0.00503141

4 46 0.00667762

5 46 0.00829747

6 46 0.00988458

7 46 0.0114327

8 46 0.0129357

9 46 0.0143876

10 46 0.0157827

11 46 0.0171156

12 46 0.0183809

13 46 0.0195737

14 46 0.0206892

15 46 0.0217231

16 46 0.0226712

17 46 0.0235299

18 46 0.0242957

19 46 0.0249656

20 46 0.025537

21 46 0.0260076

22 46 0.0263756

23 46 0.0266395

24 46 0.0267982

25 46 0.0268512

26 46 0.0267982

27 46 0.0266395

28 46 0.0263756

29 46 0.0260076

30 46 0.025537

31 46 0.0249656

32 46 0.0242957

33 46 0.0235299

34 46 0.0226712

35 46 0.0217231

36 46 0.0206892

37 46 0.0195737

38 46 0.0183809

39 46 0.0171156

40 46 0.0157827

41 46 0.0143876

42 46 0.0129357

43 46 0.0114327

44 46 0.00988458

45 46 0.00829747

46 46 0.00667762

47 46 0.00503141

48 46 0.00336535

49 46 0.001686

50 46 0

0 47 0

1 47 0.00127036

2 47 0.0025357

3 47 0.00379104

4 47 0.00503141

5 47 0.00625193

6 47 0.00744777

7 47 0.00861423

8 47 0.00974668

9 47 0.0108407

10 47 0.0118919

11 47 0.0128962

12 47 0.0138495

13 47 0.0147483

14 47 0.0155888

15 47 0.0163678

16 47 0.0170822

17 47 0.0177291

18 47 0.0183062

19 47 0.0188109

20 47 0.0192415

21 47 0.0195961

22 47 0.0198733

23 47 0.0200721

24 47 0.0201917

25 47 0.0202317

26 47 0.0201917

27 47 0.0200721

28 47 0.0198733

29 47 0.0195961

30 47 0.0192415

31 47 0.0188109

32 47 0.0183062

33 47 0.0177291

34 47 0.0170822

35 47 0.0163678

36 47 0.0155888

37 47 0.0147483

38 47 0.0138495

39 47 0.0128962

40 47 0.0118919

41 47 0.0108407

42 47 0.00974668

43 47 0.00861423

44 47 0.00744777

45 47 0.00625193

46 47 0.00503141

47 47 0.00379104

48 47 0.0025357

49 47 0.00127036

50 47 0

0 48 0

1 48 0.0008497

2 48 0.00169605

3 48 0.0025357

4 48 0.00336535

5 48 0.00418171

6 48 0.00498157

7 48 0.00576177

8 48 0.00651924

9 48 0.00725097

10 48 0.00795409

11 48 0.00862581

12 48 0.0092635

13 48 0.00986462

14 48 0.0104268

15 48 0.0109479

16 48 0.0114257

17 48 0.0118584

18 48 0.0122444

19 48 0.012582

20 48 0.01287

21 48 0.0131072

22 48 0.0132926

23 48 0.0134256

24 48 0.0135056

25 48 0.0135323

26 48 0.0135056

27 48 0.0134256

28 48 0.0132926

29 48 0.0131072

30 48 0.01287

31 48 0.012582

32 48 0.0122444

33 48 0.0118584

34 48 0.0114257

35 48 0.0109479

36 48 0.0104268

37 48 0.00986462

38 48 0.0092635

39 48 0.00862581

40 48 0.00795409

41 48 0.00725097

42 48 0.00651924

43 48 0.00576177

44 48 0.00498157

45 48 0.00418171

46 48 0.00336535

47 48 0.0025357

48 48 0.00169605

49 48 0.0008497

50 48 0

0 49 0

1 49 0.00042569

2 49 0.0008497

3 49 0.00127036

4 49 0.001686

5 49 0.00209499

6 49 0.00249571

7 49 0.00288658

8 49 0.00326606

9 49 0.00363265
