0 1 0

1 1 0.000998429

2 1 0.00199292

3 1 0.00297954

4 1 0.0039544

5 1 0.00491366

6 1 0.00585353

7 1 0.00677029

8 1 0.00766034

9 1 0.00852015

10 1 0.00934634

11 1 0.0101356

12 1 0.0108849

13 1 0.0115913

14 1 0.0122519

15 1 0.0128641

16 1 0.0134256

17 1 0.0139341

18 1 0.0143876

19 1 0.0147843

20 1 0.0151227

21 1 0.0154014

22 1 0.0156193

23 1 0.0157756

24 1 0.0158696

25 1 0.0159009

26 1 0.0158696

27 1 0.0157756

28 1 0.0156193

29 1 0.0154014

30 1 0.0151227

31 1 0.0147843

32 1 0.0143876

33 1 0.0139341

34 1 0.0134256

35 1 0.0128641

36 1 0.0122519

37 1 0.0115913

38 1 0.0108849

39 1 0.0101356

40 1 0.00934634

41 1 0.00852015

42 1 0.00766034

43 1 0.00677029

44 1 0.00585353

45 1 0.00491366

46 1 0.0039544

47 1 0.00297954

48 1 0.00199292

49 1 0.000998429

50 1 0

0 2 0

1 2 0.00199292

2 2 0.00397797

3 2 0.00594732

4 2 0.0078932

5 2 0.00980793

6 2 0.011684

7 2 0.0135139

8 2 0.0152904

9 2 0.0170067

10 2 0.0186558

11 2 0.0202313

12 2 0.0217269

13 2 0.0231368

14 2 0.0244554

15 2 0.0256775

16 2 0.0267982

17 2 0.0278132

18 2 0.0287184

19 2 0.0295103

20 2 0.0301857

21 2 0.030742

22 2 0.0311769

23 2 0.0314889

24 2 0.0316765

25 2 0.0317391

26 2 0.0316765

27 2 0.0314889

28 2 0.0311769

29 2 0.030742

30 2 0.0301857

31 2 0.0295103

32 2 0.0287184

33 2 0.0278132

34 2 0.0267982

35 2 0.0256775

36 2 0.0244554

37 2 0.0231368

38 2 0.0217269

39 2 0.0202313

40 2 0.0186558

41 2 0.0170067

42 2 0.0152904

43 2 0.0135139

44 2 0.011684

45 2 0.00980793

46 2 0.0078932

47 2 0.00594732

48 2 0.00397797

49 2 0.00199292

50 2 0

0 3 0

1 3 0.00297954

2 3 0.00594732

3 3 0.00889163

4 3 0.0118008

5 3 0.0146635

6 3 0.0174683

7 3 0.0202041

8 3 0.0228602

9 3 0.0254261

10 3 0.0278916

11 3 0.0302471

12 3 0.0324832

13 3 0.0345911

14 3 0.0365624

15 3 0.0383895

16 3 0.0400651

17 3 0.0415826

18 3 0.0429359

19 3 0.0441198

20 3 0.0451296

21 3 0.0459613

22 3 0.0466116

23 3 0.0470779

24 3 0.0473584

25 3 0.0474521

26 3 0.0473584

27 3 0.0470779

28 3 0.0466116

29 3 0.0459613

30 3 0.0451296

31 3 0.0441198

32 3 0.0429359

33 3 0.0415826

34 3 0.0400651

35 3 0.0383895

36 3 0.0365624

37 3 0.0345911

38 3 0.0324832

39 3 0.0302471

40 3 0.0278916

41 3 0.0254261

42 3 0.0228602

43 3 0.0202041

44 3 0.0174683

45 3 0.0146635

46 3 0.0118008

47 3 0.00889163

48 3 0.00594732

49 3 0.00297954

50 3 0

0 4 0

1 4 0.0039544

2 4 0.0078932

3 4 0.0118008

4 4 0.0156619

5 4 0.0194612

6 4 0.0231836

7 4 0.0268146

8 4 0.0303398

9 4 0.0337452

10 4 0.0370174

11 4 0.0401435

12 4 0.0431112

13 4 0.0459088

14 4 0.0485252

15 4 0.0509501

16 4 0.0531739

17 4 0.0551878

18 4 0.056984

19 4 0.0585552

20 4 0.0598954

21 4 0.0609992

22 4 0.0618622

23 4 0.0624811

24 4 0.0628535

25 4 0.0629777

26 4 0.0628535

27 4 0.0624811

28 4 0.0618622

29 4 0.0609992

30 4 0.0598954

31 4 0.0585552

32 4 0.056984

33 4 0.0551878

34 4 0.0531739

35 4 0.0509501

36 4 0.0485252

37 4 0.0459088

38 4 0.0431112

39 4 0.0401435

40 4 0.0370174

41 4 0.0337452

42 4 0.0303398

43 4 0.0268146

44 4 0.0231836

45 4 0.0194612

46 4 0.0156619

47 4 0.0118008

48 4 0.0078932

49 4 0.0039544

50 4 0

0 5 0

1 5 0.00491366

2 5 0.00980793

3 5 0.0146635

4 5 0.0194612

5 5 0.0241821

6 5 0.0288075

7 5 0.0333193

8 5 0.0376996

9 5 0.041931

10 5 0.045997

11 5 0.0498815

12 5 0.0535691

13 5 0.0570453

14 5 0.0602964

15 5 0.0633095

16 5 0.0660728

17 5 0.0685752

18 5 0.0708071

19 5 0.0727595

20 5 0.0744248

21 5 0.0757963

22 5 0.0768687

23 5 0.0776378

24 5 0.0781004

25 5 0.0782548

26 5 0.0781004

27 5 0.0776378

28 5 0.0768687

29 5 0.0757963

30 5 0.0744248

31 5 0.0727595

32 5 0.0708071

33 5 0.0685752

34 5 0.0660728

35 5 0.0633095

36 5 0.0602964

37 5 0.0570453

38 5 0.0535691

39 5 0.0498815

40 5 0.045997

41 5 0.041931

42 5 0.0376996

43 5 0.0333193

44 5 0.0288075

45 5 0.0241821

46 5 0.0194612

47 5 0.0146635

48 5 0.00980793

49 5 0.00491366

50 5 0

0 6 0

1 6 0.00585353

2 6 0.011684

3 6 0.0174683

4 6 0.0231836

5 6 0.0288075

6 6 0.0343177

7 6 0.0396925

8 6 0.0449106

9 6 0.0499514

10 6 0.0547952

11 6 0.0594227

12 6 0.0638156

13 6 0.0679567

14 6 0.0718297

15 6 0.0754191

16 6 0.0787109

17 6 0.081692

18 6 0.0843508

19 6 0.0866767

20 6 0.0886605

21 6 0.0902943

22 6 0.0915719

23 6 0.092488

24 6 0.0930392

25 6 0.0932231

26 6 0.0930392

27 6 0.092488

28 6 0.0915719

29 6 0.0902943

30 6 0.0886605

31 6 0.0866767

32 6 0.0843508

33 6 0.081692

34 6 0.0787109

35 6 0.0754191

36 6 0.0718297

37 6 0.0679567

38 6 0.0638156

39 6 0.0594227

40 6 0.0547952

41 6 0.0499514

42 6 0.0449106

43 6 0.0396925

44 6 0.0343177

45 6 0.0288075

46 6 0.0231836

47 6 0.0174683

48 6 0.011684

49 6 0.00585353

50 6 0

0 7 0

1 7 0.00677029

2 7 0.0135139

3 7 0.0202041

4 7 0.0268146

5 7 0.0333193

6 7 0.0396925

7 7 0.045909

8 7 0.0519444

9 7 0.0577747

10 7 0.0633771

11 7 0.0687293

12 7 0.0738103

13 7 0.0785999

14 7 0.0830794

15 7 0.087231

16 7 0.0910384

17 7 0.0944864

18 7 0.0975616

19 7 0.100252

20 7 0.102546

21 7 0.104436

22 7 0.105914

23 7 0.106973

24 7 0.107611

25 7 0.107823

26 7 0.107611

27 7 0.106973

28 7 0.105914

29 7 0.104436

30 7 0.102546

31 7 0.100252

32 7 0.0975616

33 7 0.0944864

34 7 0.0910384

35 7 0.087231

36 7 0.0830794

37 7 0.0785999

38 7 0.0738103

39 7 0.0687293

40 7 0.0633771

41 7 0.0577747

42 7 0.0519444

43 7 0.045909

44 7 0.0396925

45 7 0.0333193

46 7 0.0268146

47 7 0.0202041

48 7 0.0135139

49 7 0.00677029

50 7 0

0 8 0

1 8 0.00766034

2 8 0.0152904

3 8 0.0228602

4 8 0.0303398

5 8 0.0376996

6 8 0.0449106

7 8 0.0519444

8 8 0.0587731

9 8 0.06537

10 8 0.0717088

11 8 0.0777647

12 8 0.0835136

13 8 0.088933

14 8 0.0940013

15 8 0.0986987

16 8 0.103007

17 8 0.106908

18 8 0.110387

19 8 0.113431

20 8 0.116027

21 8 0.118166

22 8 0.119837

23 8 0.121036

24 8 0.121758

25 8 0.121998

26 8 0.121758

27 8 0.121036

28 8 0.119837

29 8 0.118166

30 8 0.116027

31 8 0.113431

32 8 0.110387

33 8 0.106908

34 8 0.103007

35 8 0.0986987

36 8 0.0940013

37 8 0.088933

38 8 0.0835136

39 8 0.0777647

40 8 0.0717088

41 8 0.06537

42 8 0.0587731

43 8 0.0519444

44 8 0.0449106

45 8 0.0376996

46 8 0.0303398

47 8 0.0228602

48 8 0.0152904

49 8 0.00766034

50 8 0

0 9 0

1 9 0.00852015

2 9 0.0170067

3 9 0.0254261

4 9 0.0337452

5 9 0.041931

6 9 0.0499514

7 9 0.0577747

8 9 0.06537

9 9 0.0727073

10 9 0.0797576

11 9 0.0864931

12 9 0.0928874

13 9 0.098915

14 9 0.104552

15 9 0.109777

16 9 0.114568

17 9 0.118908

18 9 0.122778

19 9 0.126163

20 9 0.12905

21 9 0.131429

22 9 0.133288

23 9 0.134622

24 9 0.135424

25 9 0.135692

26 9 0.135424

27 9 0.134622

28 9 0.133288

29 9 0.131429

30 9 0.12905

31 9 0.126163

32 9 0.122778

33 9 0.118908

34 9 0.114568

35 9 0.109777

36 9 0.104552

37 9 0.098915

38 9 0.0928874

39 9 0.0864931

40 9 0.0797576

41 9 0.0727073

42 9 0.06537

43 9 0.0577747

44 9 0.0499514

45 9 0.041931

46 9 0.0337452

47 9 0.0254261

48 9 0.0170067

49 9 0.00852015

50 9 0

0 10 0

1 10 0.00934634

2 10 0.0186558

3 10 0.0278916

4 10 0.0370174

5 10 0.045997

6 10 0.0547952

7 10 0.0633771

8 10 0.0717088

9 10 0.0797576

10 10 0.0874916

11 10 0.0948803

12 10 0.101895

13 10 0.108507

14 10 0.114691

15 10 0.120422

16 10 0.125678

17 10 0.130438

18 10 0.134683

19 10 0.138397

20 10 0.141564

21 10 0.144173

22 10 0.146213

23 10 0.147676

24 10 0.148556

25 10 0.14885

26 10 0.148556

27 10 0.147676

28 10 0.146213

29 10 0.144173

30 10 0.141564

31 10 0.138397

32 10 0.134683

33 10 0.130438

34 10 0.125678

35 10 0.120422

36 10 0.114691

37 10 0.108507

38 10 0.101895

39 10 0.0948803

40 10 0.0874916

41 10 0.0797576

42 10 0.0717088

43 10 0.0633771

44 10 0.0547952

45 10 0.045997

46 10 0.0370174

47 10 0.0278916

48 10 0.0186558

49 10 0.00934634

50 10 0

0 11 0

1 11 0.0101356

2 11 0.0202313

3 11 0.0302471

4 11 0.0401435

5 11 0.0498815

6 11 0.0594227

7 11 0.0687293

8 11 0.0777647

9 11 0.0864931

10 11 0.0948803

11 11 0.102893

12 11 0.1105

13 11 0.11767

14 11 0.124376

15 11 0.130592

16 11 0.136291

17 11 0.141453

18 11 0.146057

19 11 0.150084

20 11 0.15352

21 11 0.156349

22 11 0.158561

23 11 0.160147

24 11 0.161101

25 11 0.16142

26 11 0.161101

27 11 0.160147

28 11 0.158561

29 11 0.156349

30 11 0.15352

31 11 0.150084

32 11 0.146057

33 11 0.141453

34 11 0.136291

35 11 0.130592

36 11 0.124376

37 11 0.11767

38 11 0.1105

39 11 0.102893

40 11 0.0948803

41 11 0.0864931

42 11 0.0777647

43 11 0.0687293

44 11 0.0594227

45 11 0.0498815

46 11 0.0401435

47 11 0.0302471

48 11 0.0202313

49 11 0.0101356

50 11 0

0 12 0

1 12 0.0108849

2 12 0.0217269

3 12 0.0324832

4 12 0.0431112

5 12 0.0535691

6 12 0.0638156

7 12 0.0738103

8 12 0.0835136

9 12 0.0928874

10 12 0.101895

11 12 0.1105

12 12 0.118669

13 12 0.126369

14 12 0.133571

15 12 0.140246

16 12 0.146367

17 12 0.151911

18 12 0.156855

19 12 0.16118

20 12 0.164869

21 12 0.167907

22 12 0.170283

23 12 0.171986

24 12 0.173011

25 12 0.173353

26 12 0.173011

27 12 0.171986

28 12 0.170283

29 12 0.167907

30 12 0.164869

31 12 0.16118

32 12 0.156855

33 12 0.151911

34 12 0.146367

35 12 0.140246

36 12 0.133571

37 12 0.126369

38 12 0.118669

39 12 0.1105

40 12 0.101895

41 12 0.0928874

42 12 0.0835136

43 12 0.0738103

44 12 0.0638156

45 12 0.0535691

46 12 0.0431112

47 12 0.0324832

48 12 0.0217269

49 12 0.0108849

50 12 0

0 13 0

1 13 0.0115913

2 13 0.0231368

3 13 0.0345911

4 13 0.0459088

5 13 0.0570453

6 13 0.0679567

7 13 0.0785999

8 13 0.088933

9 13 0.098915

10 13 0.108507

11 13 0.11767

12 13 0.126369

13 13 0.134569

14 13 0.142239

15 13 0.149347

16 13 0.155865

17 13 0.161768

18 13 0.167033

19 13 0.171639

20 13 0.175567

21 13 0.178803

22 13 0.181333

23 13 0.183147

24 13 0.184238

25 13 0.184603

26 13 0.184238

27 13 0.183147

28 13 0.181333

29 13 0.178803

30 13 0.175567

31 13 0.171639

32 13 0.167033

33 13 0.161768

34 13 0.155865

35 13 0.149347

36 13 0.142239

37 13 0.134569

38 13 0.126369

39 13 0.11767

40 13 0.108507

41 13 0.098915

42 13 0.088933

43 13 0.0785999

44 13 0.0679567

45 13 0.0570453

46 13 0.0459088

47 13 0.0345911

48 13 0.0231368

49 13 0.0115913

50 13 0

0 14 0

1 14 0.0122519

2 14 0.0244554

3 14 0.0365624

4 14 0.0485252

5 14 0.0602964

6 14 0.0718297

7 14 0.0830794

8 14 0.0940013

9 14 0.104552

10 14 0.114691

11 14 0.124376

12 14 0.133571

13 14 0.142239

14 14 0.150345

15 14 0.157858

16 14 0.164748

17 14 0.170988

18 14 0.176553

19 14 0.181421

20 14 0.185573

21 14 0.188993

22 14 0.191667

23 14 0.193585

24 14 0.194738

25 14 0.195123

26 14 0.194738

27 14 0.193585

28 14 0.191667

29 14 0.188993

30 14 0.185573

31 14 0.181421

32 14 0.176553

33 14 0.170988

34 14 0.164748

35 14 0.157858

36 14 0.150345

37 14 0.142239

38 14 0.133571

39 14 0.124376

40 14 0.114691

41 14 0.104552

42 14 0.0940013

43 14 0.0830794

44 14 0.0718297

45 14 0.0602964

46 14 0.0485252

47 14 0.0365624

48 14 0.0244554

49 14 0.0122519

50 14 0

0 15 0

1 15 0.0128641

2 15 0.0256775

3 15 0.0383895

4 15 0.0509501

5 15 0.0633095

6 15 0.0754191

7 15 0.087231

8 15 0.0986987

9 15 0.109777

10 15 0.120422

11 15 0.130592

12 15 0.140246

13 15 0.149347

14 15 0.157858

15 15 0.165746

16 15 0.172981

17 15 0.179532

18 15 0.185375

19 15 0.190487

20 15 0.194847

21 15 0.198437

22 15 0.201245

23 15 0.203258

24 15 0.20447

25 15 0.204874

26 15 0.20447

27 15 0.203258

28 15 0.201245

29 15 0.198437

30 15 0.194847

31 15 0.190487

32 15 0.185375

33 15 0.179532

34 15 0.172981

35 15 0.165746

36 15 0.157858

37 15 0.149347

38 15 0.140246

39 15 0.130592

40 15 0.120422

41 15 0.109777

42 15 0.0986987

43 15 0.087231

44 15 0.0754191

45 15 0.0633095

46 15 0.0509501

47 15 0.0383895

48 15 0.0256775

49 15 0.0128641

50 15 0

0 16 0

1 16 0.0134256

2 16 0.0267982

3 16 0.0400651

4 16 0.0531739

5 16 0.0660728

6 16 0.0787109

7 16 0.0910384

8 16 0.103007

9 16 0.114568

10 16 0.125678

11 16 0.136291

12 16 0.146367

13 16 0.155865

14 16 0.164748

15 16 0.172981

16 16 0.180531

17 16 0.187368

18 16 0.193466

19 16 0.198801

20 16 0.203351

21 16 0.207098

22 16 0.210029

23 16 0.21213

24 16 0.213394

25 16 0.213816

26 16 0.213394

27 16 0.21213

28 16 0.210029

29 16 0.207098

30 16 0.203351

31 16 0.198801

32 16 0.193466

33 16 0.187368

34 16 0.180531

35 16 0.172981

36 16 0.164748

37 16 0.155865

38 16 0.146367

39 16 0.136291

40 16 0.125678

41 16 0.114568

42 16 0.103007

43 16 0.0910384

44 16 0.0787109

45 16 0.0660728

46 16 0.0531739

47 16 0.0400651

48 16 0.0267982

49 16 0.0134256

50 16 0

0 17 0

1 17 0.0139341

2 17 0.0278132

3 17 0.0415826

4 17 0.0551878

5 17 0.0685752

6 17 0.081692

7 17 0.0944864

8 17 0.106908

9 17 0.118908

10 17 0.130438

11 17 0.141453

12 17 0.151911

13 17 0.161768

14 17 0.170988

15 17 0.179532

16 17 0.187368

17 17 0.194465

18 17 0.200794

19 17 0.206331

20 17 0.211053

21 17 0.214942

22 17 0.217983

23 17 0.220164

24 17 0.221476

25 17 0.221914

26 17 0.221476

27 17 0.220164

28 17 0.217983

29 17 0.214942

30 17 0.211053

31 17 0.206331

32 17 0.200794

33 17 0.194465

34 17 0.187368

35 17 0.179532

36 17 0.170988

37 17 0.161768

38 17 0.151911

39 17 0.141453

40 17 0.130438

41 17 0.118908

42 17 0.106908

43 17 0.0944864

44 17 0.081692

45 17 0.0685752

46 17 0.0551878

47 17 0.0415826

48 17 0.0278132

49 17 0.0139341

50 17 0

0 18 0

1 18 0.0143876

2 18 0.0287184

3 18 0.0429359

4 18 0.056984

5 18 0.0708071

6 18 0.0843508

7 18 0.0975616

8 18 0.110387

9 18 0.122778

10 18 0.134683

11 18 0.146057

12 18 0.156855

13 18 0.167033

14 18 0.176553

15 18 0.185375

16 18 0.193466

17 18 0.200794

18 18 0.207329

19 18 0.213046

20 18 0.217922

21 18 0.221938

22 18 0.225078

23 18 0.22733

24 18 0.228684

25 18 0.229137

26 18 0.228684

27 18 0.22733

28 18 0.225078

29 18 0.221938

30 18 0.217922

31 18 0.213046

32 18 0.207329

33 18 0.200794

34 18 0.193466

35 18 0.185375

36 18 0.176553

37 18 0.167033

38 18 0.156855

39 18 0.146057

40 18 0.134683

41 18 0.122778

42 18 0.110387

43 18 0.0975616

44 18 0.0843508

45 18 0.0708071

46 18 0.056984

47 18 0.0429359

48 18 0.0287184

49 18 0.0143876

50 18 0

0 19 0

1 19 0.0147843

2 19 0.0295103

3 19 0.0441198

4 19 0.0585552

5 19 0.0727595

6 19 0.0866767

7 19 0.100252

8 19 0.113431

9 19 0.126163

10 19 0.138397

11 19 0.150084

12 19 0.16118

13 19 0.171639

14 19 0.181421

15 19 0.190487

16 19 0.198801

17 19 0.206331

18 19 0.213046

19 19 0.21892

20 19 0.223931

21 19 0.228057

22 19 0.231284

23 19 0.233598

24 19 0.23499

25 19 0.235455

26 19 0.23499

27 19 0.233598

28 19 0.231284

29 19 0.228057

30 19 0.223931

31 19 0.21892

32 19 0.213046

33 19 0.206331

34 19 0.198801

35 19 0.190487

36 19 0.181421

37 19 0.171639

38 19 0.16118

39 19 0.150084

40 19 0.138397

41 19 0.126163

42 19 0.113431

43 19 0.100252

44 19 0.0866767

45 19 0.0727595

46 19 0.0585552

47 19 0.0441198

48 19 0.0295103

49 19 0.0147843

50 19 0

0 20 0

1 20 0.0151227

2 20 0.0301857

3 20 0.0451296

4 20 0.0598954

5 20 0.0744248

6 20 0.0886605

7 20 0.102546

8 20 0.116027

9 20 0.12905

10 20 0.141564

11 20 0.15352

12 20 0.164869

13 20 0.175567

14 20 0.185573

15 20 0.194847

16 20 0.203351

17 20 0.211053

18 20 0.217922

19 20 0.223931

20 20 0.229056

21 20 0.233277

22 20 0.236578

23 20 0.238945

24 20 0.240368

25 20 0.240844

26 20 0.240368

27 20 0.238945

28 20 0.236578

29 20 0.233277

30 20 0.229056

31 20 0.223931

32 20 0.217922

33 20 0.211053

34 20 0.203351

35 20 0.194847

36 20 0.185573

37 20 0.175567

38 20 0.164869

39 20 0.15352

40 20 0.141564

41 20 0.12905

42 20 0.116027

43 20 0.102546

44 20 0.0886605

45 20 0.0744248

46 20 0.0598954

47 20 0.0451296

48 20 0.0301857

49 20 0.0151227

50 20 0

0 21 0

1 21 0.0154014

2 21 0.030742

3 21 0.0459613

4 21 0.0609992

5 21 0.0757963

6 21 0.0902943

7 21 0.104436

8 21 0.118166

9 21 0.131429

10 21 0.144173

11 21 0.156349

12 21 0.167907

13 21 0.178803

14 21 0.188993

15 21 0.198437

16 21 0.207098

17 21 0.214942

18 21 0.221938

19 21 0.228057

20 21 0.233277

21 21 0.237576

22 21 0.240937

23 21 0.243348

24 21 0.244798

25 21 0.245282

26 21 0.244798

27 21 0.243348

28 21 0.240937

29 21 0.237576

30 21 0.233277

31 21 0.228057

32 21 0.221938

33 21 0.214942

34 21 0.207098

35 21 0.198437

36 21 0.188993

37 21 0.178803

38 21 0.167907

39 21 0.156349

40 21 0.144173

41 21 0.131429

42 21 0.118166

43 21 0.104436

44 21 0.0902943

45 21 0.0757963

46 21 0.0609992

47 21 0.0459613

48 21 0.030742

49 21 0.0154014

50 21 0

0 22 0

1 22 0.0156193

2 22 0.0311769

3 22 0.0466116

4 22 0.0618622

5 22 0.0768687

6 22 0.0915719

7 22 0.105914

8 22 0.119837

9 22 0.133288

10 22 0.146213

11 22 0.158561

12 22 0.170283

13 22 0.181333

14 22 0.191667

15 22 0.201245

16 22 0.210029

17 22 0.217983

18 22 0.225078

19 22 0.231284

20 22 0.236578

21 22 0.240937

22 22 0.244346

23 22 0.246791

24 22 0.248262

25 22 0.248752

26 22 0.248262

27 22 0.246791

28 22 0.244346

29 22 0.240937

30 22 0.236578

31 22 0.231284

32 22 0.225078

33 22 0.217983

34 22 0.210029

35 22 0.201245

36 22 0.191667

37 22 0.181333

38 22 0.170283

39 22 0.158561

40 22 0.146213

41 22 0.133288

42 22 0.119837

43 22 0.105914

44 22 0.0915719

45 22 0.0768687

46 22 0.0618622

47 22 0.0466116

48 22 0.0311769

49 22 0.0156193

50 22 0

0 23 0

1 23 0.0157756

2 23 0.0314889

3 23 0.0470779

4 23 0.0624811

5 23 0.0776378

6 23 0.092488

7 23 0.106973

8 23 0.121036

9 23 0.134622

10 23 0.147676

11 23 0.160147

12 23 0.171986

13 23 0.183147

14 23 0.193585

15 23 0.203258

16 23 0.21213

17 23 0.220164

18 23 0.22733

19 23 0.233598

20 23 0.238945

21 23 0.243348

22 23 0.246791

23 23 0.24926

24 23 0.250745

25 23 0.251241

26 23 0.250745

27 23 0.24926

28 23 0.246791

29 23 0.243348

30 23 0.238945

31 23 0.233598

32 23 0.22733

33 23 0.220164

34 23 0.21213

35 23 0.203258

36 23 0.193585

37 23 0.183147

38 23 0.171986

39 23 0.160147

40 23 0.147676

41 23 0.134622

42 23 0.121036

43 23 0.106973

44 23 0.092488

45 23 0.0776378

46 23 0.0624811

47 23 0.0470779

48 23 0.0314889

49 23 0.0157756

50 23 0

0 24 0

1 24 0.0158696

2 24 0.0316765

3 24 0.0473584

4 24 0.0628535

5 24 0.0781004

6 24 0.0930392

7 24 0.107611

8 24 0.121758

9 24 0.135424

10 24 0.148556

11 24 0.161101

12 24 0.173011

13 24 0.184238

14 24 0.194738

15 24 0.20447

16 24 0.213394

17 24 0.221476

18 24 0.228684

19 24 0.23499

20 24 0.240368

21 24 0.244798

22 24 0.248262

23 24 0.250745

24 24 0.25224

25 24 0.252738

26 24 0.25224

27 24 0.250745

28 24 0.248262

29 24 0.244798

30 24 0.240368

31 24 0.23499

32 24 0.228684

33 24 0.221476

34 24 0.213394

35 24 0.20447

36 24 0.194738

37 24 0.184238

38 24 0.173011

39 24 0.161101

40 24 0.148556

41 24 0.135424

42 24 0.121758

43 24 0.107611

44 24 0.0930392

45 24 0.0781004

46 24 0.0628535

47 24 0.0473584

48 24 0.0316765

49 24 0.0158696

50 24 0

0 25 0

1 25 0.0159009

2 25 0.0317391

3 25 0.0474521

4 25 0.0629777

5 25 0.0782548

6 25 0.0932231

7 25 0.107823

8 25 0.121998

9 25 0.135692

10 25 0.14885

11 25 0.16142

12 25 0.173353

13 25 0.184603

14 25 0.195123

15 25 0.204874

16 25 0.213816

17 25 0.221914

18 25 0.229137

19 25 0.235455

20 25 0.240844

21 25 0.245282

22 25 0.248752

23 25 0.251241

24 25 0.252738

25 25 0.253238

26 25 0.252738

27 25 0.251241

28 25 0.248752

29 25 0.245282

30 25 0.240844

31 25 0.235455

32 25 0.229137

33 25 0.221914

34 25 0.213816

35 25 0.204874

36 25 0.195123

37 25 0.184603

38 25 0.173353

39 25 0.16142

40 25 0.14885

41 25 0.135692

42 25 0.121998

43 25 0.107823

44 25 0.0932231

45 25 0.0782548

46 25 0.0629777

47 25 0.0474521

48 25 0.0317391

49 25 0.0159009

50 25 0

0 26 0

1 26 0.0158696

2 26 0.0316765

3 26 0.0473584

4 26 0.0628535

5 26 0.0781004

6 26 0.0930392

7 26 0.107611

8 26 0.121758

9 26 0.135424

10 26 0.148556

11 26 0.161101

12 26 0.173011

13 26 0.184238

14 26 0.194738

15 26 0.20447

16 26 0.213394

17 26 0.221476

18 26 0.228684

19 26 0.23499

20 26 0.240368

21 26 0.244798

22 26 0.248262

23 26 0.250745

24 26 0.25224

25 26 0.252738

26 26 0.25224

27 26 0.250745

28 26 0.248262

29 26 0.244798

30 26 0.240368

31 26 0.23499

32 26 0.228684

33 26 0.221476

34 26 0.213394

35 26 0.20447

36 26 0.194738

37 26 0.184238

38 26 0.173011

39 26 0.161101

40 26 0.148556

41 26 0.135424

42 26 0.121758

43 26 0.107611

44 26 0.0930392

45 26 0.0781004

46 26 0.0628535

47 26 0.0473584

48 26 0.0316765

49 26 0.0158696

50 26 0

0 27 0

1 27 0.0157756

2 27 0.0314889

3 27 0.0470779

4 27 0.0624811

5 27 0.0776378

6 27 0.092488

7 27 0.106973

8 27 0.121036

9 27 0.134622

10 27 0.147676

11 27 0.160147

12 27 0.171986

13 27 0.183147

14 27 0.193585

15 27 0.203258

16 27 0.21213

17 27 0.220164

18 27 0.22733

19 27 0.233598

20 27 0.238945

21 27 0.243348

22 27 0.246791

23 27 0.24926

24 27 0.250745

25 27 0.251241

26 27 0.250745

27 27 0.24926

28 27 0.246791

29 27 0.243348

30 27 0.238945

31 27 0.233598

32 27 0.22733

33 27 0.220164

34 27 0.21213

35 27 0.203258

36 27 0.193585

37 27 0.183147

38 27 0.171986

39 27 0.160147

40 27 0.147676

41 27 0.134622

42 27 0.121036

43 27 0.106973

44 27 0.092488

45 27 0.0776378

46 27 0.0624811

47 27 0.0470779

48 27 0.0314889

49 27 0.0157756

50 27 0

0 28 0

1 28 0.0156193

2 28 0.0311769

3 28 0.0466116

4 28 0.0618622

5 28 0.0768687

6 28 0.0915719

7 28 0.105914

8 28 0.119837

9 28 0.133288

10 28 0.146213

11 28 0.158561

12 28 0.170283

13 28 0.181333

14 28 0.191667

15 28 0.201245

16 28 0.210029

17 28 0.217983

18 28 0.225078

19 28 0.231284

20 28 0.236578

21 28 0.240937

22 28 0.244346

23 28 0.246791

24 28 0.248262

25 28 0.248752

26 28 0.248262

27 28 0.246791

28 28 0.244346

29 28 0.240937

30 28 0.236578

31 28 0.231284

32 28 0.225078

33 28 0.217983

34 28 0.210029

35 28 0.201245

36 28 0.191667

37 28 0.181333

38 28 0.170283

39 28 0.158561

40 28 0.146213

41 28 0.133288

42 28 0.119837

43 28 0.105914

44 28 0.0915719

45 28 0.0768687

46 28 0.0618622

47 28 0.0466116

48 28 0.0311769

49 28 0.0156193

50 28 0

0 29 0

1 29 0.0154014

2 29 0.030742

3 29 0.0459613

4 29 0.0609992

5 29 0.0757963

6 29 0.0902943

7 29 0.104436

8 29 0.118166

9 29 0.131429

10 29 0.144173

11 29 0.156349

12 29 0.167907

13 29 0.178803

14 29 0.188993

15 29 0.198437

16 29 0.207098

17 29 0.214942

18 29 0.221938

19 29 0.228057

20 29 0.233277

21 29 0.237576

22 29 0.240937

23 29 0.243348

24 29 0.244798

25 29 0.245282

26 29 0.244798

27 29 0.243348

28 29 0.240937

29 29 0.237576

30 29 0.233277

31 29 0.228057

32 29 0.221938

33 29 0.214942

34 29 0.207098

35 29 0.198437

36 29 0.188993

37 29 0.178803

38 29 0.167907

39 29 0.156349

40 29 0.144173

41 29 0.131429

42 29 0.118166

43 29 0.104436

44 29 0.0902943

45 29 0.0757963

46 29 0.0609992

47 29 0.0459613

48 29 0.030742

49 29 0.0154014

50 29 0

0 30 0

1 30 0.0151227

2 30 0.0301857

3 30 0.0451296

4 30 0.0598954

5 30 0.0744248

6 30 0.0886605

7 30 0.102546

8 30 0.116027

9 30 0.12905

10 30 0.141564

11 30 0.15352

12 30 0.164869

13 30 0.175567

14 30 0.185573

15 30 0.194847

16 30 0.203351

17 30 0.211053

18 30 0.217922

19 30 0.223931

20 30 0.229056

21 30 0.233277

22 30 0.236578

23 30 0.238945

24 30 0.240368

25 30 0.240844

26 30 0.240368

27 30 0.238945

28 30 0.236578

29 30 0.233277

30 30 0.229056

31 30 0.223931

32 30 0.217922

33 30 0.211053

34 30 0.203351

35 30 0.194847

36 30 0.185573

37 30 0.175567

38 30 0.164869

39 30 0.15352

40 30 0.141564

41 30 0.12905

42 30 0.116027

43 30 0.102546

44 30 0.0886605

45 30 0.0744248

46 30 0.0598954

47 30 0.0451296

48 30 0.0301857

49 30 0.0151227

50 30 0

0 31 0

1 31 0.0147843

2 31 0.0295103

3 31 0.0441198

4 31 0.0585552

5 31 0.0727595

6 31 0.0866767

7 31 0.100252

8 31 0.113431

9 31 0.126163

10 31 0.138397

11 31 0.150084

12 31 0.16118

13 31 0.171639

14 31 0.181421

15 31 0.190487

16 31 0.198801

17 31 0.206331

18 31 0.213046

19 31 0.21892

20 31 0.223931

21 31 0.228057

22 31 0.231284

23 31 0.233598

24 31 0.23499

25 31 0.235455

26 31 0.23499

27 31 0.233598

28 31 0.231284

29 31 0.228057

30 31 0.223931

31 31 0.21892

32 31 0.213046

33 31 0.206331

34 31 0.198801

35 31 0.190487

36 31 0.181421

37 31 0.171639

38 31 0.16118

39 31 0.150084

40 31 0.138397

41 31 0.126163

42 31 0.113431

43 31 0.100252

44 31 0.0866767

45 31 0.0727595

46 31 0.0585552

47 31 0.0441198

48 31 0.0295103

49 31 0.0147843

50 31 0

0 32 0

1 32 0.0143876

2 32 0.0287184

3 32 0.0429359

4 32 0.056984

5 32 0.0708071

6 32 0.0843508

7 32 0.0975616

8 32 0.110387

9 32 0.122778

10 32 0.134683

11 32 0.146057

12 32 0.156855

13 32 0.167033

14 32 0.176553

15 32 0.185375

16 32 0.193466

17 32 0.200794

18 32 0.207329

19 32 0.213046

20 32 0.217922

21 32 0.221938

22 32 0.225078

23 32 0.22733

24 32 0.228684

25 32 0.229137

26 32 0.228684

27 32 0.22733

28 32 0.225078

29 32 0.221938

30 32 0.217922

31 32 0.213046

32 32 0.207329

33 32 0.200794

34 32 0.193466

35 32 0.185375

36 32 0.176553

37 32 0.167033

38 32 0.156855

39 32 0.146057

40 32 0.134683

41 32 0.122778

42 32 0.110387

43 32 0.0975616

44 32 0.0843508

45 32 0.0708071

46 32 0.056984

47 32 0.0429359

48 32 0.0287184

49 32 0.0143876

50 32 0

0 33 0

1 33 0.0139341

2 33 0.0278132

3 33 0.0415826

4 33 0.0551878

5 33 0.0685752

6 33 0.081692

7 33 0.0944864

8 33 0.106908

9 33 0.118908

10 33 0.130438

11 33 0.141453

12 33 0.151911

13 33 0.161768

14 33 0.170988

15 33 0.179532

16 33 0.187368

17 33 0.194465

18 33 0.200794

19 33 0.206331

20 33 0.211053

21 33 0.214942

22 33 0.217983

23 33 0.220164

24 33 0.221476

25 33 0.221914

26 33 0.221476

27 33 0.220164

28 33 0.217983

29 33 0.214942

30 33 0.211053

31 33 0.206331

32 33 0.200794

33 33 0.194465

34 33 0.187368

35 33 0.179532

36 33 0.170988

37 33 0.161768

38 33 0.151911

39 33 0.141453

40 33 0.130438

41 33 0.118908

42 33 0.106908

43 33 0.0944864

44 33 0.081692

45 33 0.0685752

46 33 0.0551878

47 33 0.0415826

48 33 0.0278132

49 33 0.0139341

50 33 0

0 34 0

1 34 0.0134256

2 34 0.0267982

3 34 0.0400651

4 34 0.0531739

5 34 0.0660728

6 34 0.0787109

7 34 0.0910384

8 34 0.103007

9 34 0.114568

10 34 0.125678

11 34 0.136291

12 34 0.146367

13 34 0.155865

14 34 0.164748

15 34 0.172981

16 34 0.180531

17 34 0.187368

18 34 0.193466

19 34 0.198801

20 34 0.203351

21 34 0.207098

22 34 0.210029

23 34 0.21213

24 34 0.213394

25 34 0.213816

26 34 0.213394

27 34 0.21213

28 34 0.210029

29 34 0.207098

30 34 0.203351

31 34 0.198801

32 34 0.193466

33 34 0.187368

34 34 0.180531

35 34 0.172981

36 34 0.164748

37 34 0.155865

38 34 0.146367

39 34 0.136291

40 34 0.125678

41 34 0.114568

42 34 0.103007

43 34 0.0910384

44 34 0.0787109

45 34 0.0660728

46 34 0.0531739

47 34 0.0400651

48 34 0.0267982

49 34 0.0134256

50 34 0

0 35 0

1 35 0.0128641

2 35 0.0256775

3 35 0.0383895

4 35 0.0509501

5 35 0.0633095

6 35 0.0754191

7 35 0.087231

8 35 0.0986987

9 35 0.109777

10 35 0.120422

11 35 0.130592

12 35 0.140246

13 35 0.149347

14 35 0.157858

15 35 0.165746

16 35 0.172981

17 35 0.179532

18 35 0.185375

19 35 0.190487

20 35 0.194847

21 35 0.198437

22 35 0.201245

23 35 0.203258

24 35 0.20447

25 35 0.204874

26 35 0.20447

27 35 0.203258

28 35 0.201245

29 35 0.198437

30 35 0.194847

31 35 0.190487

32 35 0.185375

33 35 0.179532

34 35 0.172981

35 35 0.165746

36 35 0.157858

37 35 0.149347

38 35 0.140246

39 35 0.130592

40 35 0.120422

41 35 0.109777

42 35 0.0986987

43 35 0.087231

44 35 0.0754191

45 35 0.0633095

46 35 0.0509501

47 35 0.0383895

48 35 0.0256775

49 35 0.0128641

50 35 0

0 36 0

1 36 0.0122519

2 36 0.0244554

3 36 0.0365624

4 36 0.0485252

5 36 0.0602964

6 36 0.0718297

7 36 0.0830794

8 36 0.0940013

9 36 0.104552

10 36 0.114691

11 36 0.124376

12 36 0.133571

13 36 0.142239

14 36 0.150345

15 36 0.157858

16 36 0.164748

17 36 0.170988

18 36 0.176553

19 36 0.181421

20 36 0.185573

21 36 0.188993

22 36 0.191667

23 36 0.193585

24 36 0.194738

25 36 0.195123

26 36 0.194738

27 36 0.193585

28 36 0.191667

29 36 0.188993

30 36 0.185573

31 36 0.181421

32 36 0.176553

33 36 0.170988

34 36 0.164748

35 36 0.157858

36 36 0.150345

37 36 0.142239

38 36 0.133571

39 36 0.124376

40 36 0.114691

41 36 0.104552

42 36 0.0940013

43 36 0.0830794

44 36 0.0718297

45 36 0.0602964

46 36 0.0485252

47 36 0.0365624

48 36 0.0244554

49 36 0.0122519

50 36 0

0 37 0

1 37 0.0115913

2 37 0.0231368

3 37 0.0345911

4 37 0.0459088

5 37 0.0570453

6 37 0.0679567

7 37 0.0785999

8 37 0.088933

9 37 0.098915

10 37 0.108507

11 37 0.11767

12 37 0.126369

13 37 0.134569

14 37 0.142239

15 37 0.149347

16 37 0.155865

17 37 0.161768

18 37 0.167033

19 37 0.171639

20 37 0.175567

21 37 0.178803

22 37 0.181333

23 37 0.183147

24 37 0.184238

25 37 0.184603

26 37 0.184238

27 37 0.183147

28 37 0.181333

29 37 0.178803

30 37 0.175567

31 37 0.171639

32 37 0.167033

33 37 0.161768

34 37 0.155865

35 37 0.149347

36 37 0.142239

37 37 0.134569

38 37 0.126369

39 37 0.11767

40 37 0.108507

41 37 0.098915

42 37 0.088933

43 37 0.0785999

44 37 0.0679567

45 37 0.0570453

46 37 0.0459088

47 37 0.0345911

48 37 0.0231368

49 37 0.0115913

50 37 0

0 38 0

1 38 0.0108849

2 38 0.0217269

3 38 0.0324832

4 38 0.0431112

5 38 0.0535691

6 38 0.0638156

7 38 0.0738103

8 38 0.0835136

9 38 0.0928874

10 38 0.101895

11 38 0.1105

12 38 0.118669

13 38 0.126369

14 38 0.133571

15 38 0.140246

16 38 0.146367

17 38 0.151911

18 38 0.156855

19 38 0.16118

20 38 0.164869

21 38 0.167907

22 38 0.170283

23 38 0.171986

24 38 0.173011

25 38 0.173353

26 38 0.173011

27 38 0.171986

28 38 0.170283

29 38 0.167907

30 38 0.164869

31 38 0.16118

32 38 0.156855

33 38 0.151911

34 38 0.146367

35 38 0.140246

36 38 0.133571

37 38 0.126369

38 38 0.118669

39 38 0.1105

40 38 0.101895

41 38 0.0928874

42 38 0.0835136

43 38 0.0738103

44 38 0.0638156

45 38 0.0535691

46 38 0.0431112

47 38 0.0324832

48 38 0.0217269

49 38 0.0108849

50 38 0

0 39 0

1 39 0.0101356

2 39 0.0202313

3 39 0.0302471

4 39 0.0401435

5 39 0.0498815

6 39 0.0594227

7 39 0.0687293

8 39 0.0777647

9 39 0.0864931

10 39 0.0948803

11 39 0.102893

12 39 0.1105

13 39 0.11767

14 39 0.124376

15 39 0.130592

16 39 0.136291

17 39 0.141453

18 39 0.146057

19 39 0.150084

20 39 0.15352

21 39 0.156349

22 39 0.158561

23 39 0.160147

24 39 0.161101

25 39 0.16142

26 39 0.161101

27 39 0.160147

28 39 0.158561

29 39 0.156349

30 39 0.15352

31 39 0.150084

32 39 0.146057

33 39 0.141453

34 39 0.136291

35 39 0.130592

36 39 0.124376

37 39 0.11767

38 39 0.1105

39 39 0.102893

40 39 0.0948803

41 39 0.0864931

42 39 0.0777647

43 39 0.0687293

44 39 0.0594227

45 39 0.0498815

46 39 0.0401435

47 39 0.0302471

48 39 0.0202313

49 39 0.0101356

50 39 0

0 40 0

1 40 0.00934634

2 40 0.0186558

3 40 0.0278916

4 40 0.0370174

5 40 0.045997

6 40 0.0547952

7 40 0.0633771

8 40 0.0717088

9 40 0.0797576

10 40 0.0874916

11 40 0.0948803

12 40 0.101895

13 40 0.108507

14 40 0.114691

15 40 0.120422

16 40 0.125678

17 40 0.130438

18 40 0.134683

19 40 0.138397

20 40 0.141564

21 40 0.144173

22 40 0.146213

23 40 0.147676

24 40 0.148556

25 40 0.14885

26 40 0.148556

27 40 0.147676

28 40 0.146213

29 40 0.144173

30 40 0.141564

31 40 0.138397

32 40 0.134683

33 40 0.130438

34 40 0.125678

35 40 0.120422

36 40 0.114691

37 40 0.108507

38 40 0.101895

39 40 0.0948803

40 40 0.0874916

41 40 0.0797576

42 40 0.0717088

43 40 0.0633771

44 40 0.0547952

45 40 0.045997

46 40 0.0370174

47 40 0.0278916

48 40 0.0186558

49 40 0.00934634

50 40 0

0 41 0

1 41 0.00852015

2 41 0.0170067

3 41 0.0254261

4 41 0.0337452

5 41 0.041931

6 41 0.0499514

7 41 0.0577747

8 41 0.06537

9 41 0.0727073

10 41 0.0797576

11 41 0.0864931

12 41 0.0928874

13 41 0.098915

14 41 0.104552

15 41 0.109777

16 41 0.114568

17 41 0.118908

18 41 0.122778

19 41 0.126163

20 41 0.12905

21 41 0.131429

22 41 0.133288

23 41 0.134622

24 41 0.135424

25 41 0.135692

26 41 0.135424

27 41 0.134622

28 41 0.133288

29 41 0.131429

30 41 0.12905

31 41 0.126163

32 41 0.122778

33 41 0.118908

34 41 0.114568

35 41 0.109777

36 41 0.104552

37 41 0.098915

38 41 0.0928874

39 41 0.0864931

40 41 0.0797576

41 41 0.0727073

42 41 0.06537

43 41 0.0577747

44 41 0.0499514

45 41 0.041931

46 41 0.0337452

47 41 0.0254261

48 41 0.0170067

49 41 0.00852015

50 41 0

0 42 0

1 42 0.00766034

2 42 0.0152904

3 42 0.0228602

4 42 0.0303398

5 42 0.0376996

6 42 0.0449106

7 42 0.0519444

8 42 0.0587731

9 42 0.06537

10 42 0.0717088

11 42 0.0777647

12 42 0.0835136

13 42 0.088933

14 42 0.0940013

15 42 0.0986987

16 42 0.103007

17 42 0.106908

18 42 0.110387

19 42 0.113431

20 42 0.116027

21 42 0.118166

22 42 0.119837

23 42 0.121036

24 42 0.121758

25 42 0.121998

26 42 0.121758

27 42 0.121036

28 42 0.119837

29 42 0.118166

30 42 0.116027

31 42 0.113431

32 42 0.110387

33 42 0.106908

34 42 0.103007

35 42 0.0986987

36 42 0.0940013

37 42 0.088933

38 42 0.0835136

39 42 0.0777647

40 42 0.0717088

41 42 0.06537

42 42 0.0587731

43 42 0.0519444

44 42 0.0449106

45 42 0.0376996

46 42 0.0303398

47 42 0.0228602

48 42 0.0152904

49 42 0.00766034

50 42 0

0 43 0

1 43 0.00677029

2 43 0.0135139

3 43 0.0202041

4 43 0.0268146

5 43 0.0333193

6 43 0.0396925

7 43 0.045909

8 43 0.0519444

9 43 0.0577747

10 43 0.0633771

11 43 0.0687293

12 43 0.0738103

13 43 0.0785999

14 43 0.0830794

15 43 0.087231

16 43 0.0910384

17 43 0.0944864

18 43 0.0975616

19 43 0.100252

20 43 0.102546

21 43 0.104436

22 43 0.105914

23 43 0.106973

24 43 0.107611

25 43 0.107823

26 43 0.107611

27 43 0.106973

28 43 0.105914

29 43 0.104436

30 43 0.102546

31 43 0.100252

32 43 0.0975616

33 43 0.0944864

34 43 0.0910384

35 43 0.087231

36 43 0.0830794

37 43 0.0785999

38 43 0.0738103

39 43 0.0687293

40 43 0.0633771

41 43 0.0577747

42 43 0.0519444

43 43 0.045909

44 43 0.0396925

45 43 0.0333193

46 43 0.0268146

47 43 0.0202041

48 43 0.0135139

49 43 0.00677029

50 43 0

0 44 0

1 44 0.00585353

2 44 0.011684

3 44 0.0174683

4 44 0.0231836

5 44 0.0288075

6 44 0.0343177

7 44 0.0396925

8 44 0.0449106

9 44 0.0499514

10 44 0.0547952

11 44 0.0594227

12 44 0.0638156

13 44 0.0679567

14 44 0.0718297

15 44 0.0754191

16 44 0.0787109

17 44 0.081692

18 44 0.0843508

19 44 0.0866767

20 44 0.0886605

21 44 0.0902943

22 44 0.0915719

23 44 0.092488

24 44 0.0930392

25 44 0.0932231

26 44 0.0930392

27 44 0.092488

28 44 0.0915719

29 44 0.0902943

30 44 0.0886605

31 44 0.0866767

32 44 0.0843508

33 44 0.081692

34 44 0.0787109

35 44 0.0754191

36 44 0.0718297

37 44 0.0679567

38 44 0.0638156

39 44 0.0594227

40 44 0.0547952

41 44 0.0499514

42 44 0.0449106

43 44 0.0396925

44 44 0.0343177

45 44 0.0288075

46 44 0.0231836

47 44 0.0174683

48 44 0.011684

49 44 0.00585353

50 44 0

0 45 0

1 45 0.00491366

2 45 0.00980793

3 45 0.0146635

4 45 0.0194612

5 45 0.0241821

6 45 0.0288075

7 45 0.0333193

8 45 0.0376996

9 45 0.041931

10 45 0.045997

11 45 0.0498815

12 45 0.0535691

13 45 0.0570453

14 45 0.0602964

15 45 0.0633095

16 45 0.0660728

17 45 0.0685752

18 45 0.0708071

19 45 0.0727595

20 45 0.0744248

21 45 0.0757963

22 45 0.0768687

23 45 0.0776378

24 45 0.0781004

25 45 0.0782548

26 45 0.0781004

27 45 0.0776378

28 45 0.0768687

29 45 0.0757963

30 45 0.0744248

31 45 0.0727595

32 45 0.0708071

33 45 0.0685752

34 45 0.0660728

35 45 0.0633095

36 45 0.0602964

37 45 0.0570453

38 45 0.0535691

39 45 0.0498815

40 45 0.045997

41 45 0.041931

42 45 0.0376996

43 45 0.0333193

44 45 0.0288075

45 45 0.0241821

46 45 0.0194612

47 45 0.0146635

48 45 0.00980793

49 45 0.00491366

50 45 0

0 46 0

1 46 0.0039544

2 46 0.0078932

3 46 0.0118008

4 46 0.0156619

5 46 0.0194612

6 46 0.0231836

7 46 0.0268146

8 46 0.0303398

9 46 0.0337452

10 46 0.0370174

11 46 0.0401435

12 46 0.0431112

13 46 0.0459088

14 46 0.0485252

15 46 0.0509501

16 46 0.0531739

17 46 0.0551878

18 46 0.056984

19 46 0.0585552

20 46 0.0598954

21 46 0.0609992

22 46 0.0618622

23 46 0.0624811

24 46 0.0628535

25 46 0.0629777

26 46 0.0628535

27 46 0.0624811

28 46 0.0618622

29 46 0.0609992

30 46 0.0598954

31 46 0.0585552

32 46 0.056984

33 46 0.0551878

34 46 0.0531739

35 46 0.0509501

36 46 0.0485252

37 46 0.0459088

38 46 0.0431112

39 46 0.0401435

40 46 0.0370174

41 46 0.0337452

42 46 0.0303398

43 46 0.0268146

44 46 0.0231836

45 46 0.0194612

46 46 0.0156619

47 46 0.0118008

48 46 0.0078932

49 46 0.0039544

50 46 0

0 47 0

1 47 0.00297954

2 47 0.00594732

3 47 0.00889163

4 47 0.0118008

5 47 0.0146635

6 47 0.0174683

7 47 0.0202041

8 47 0.0228602

9 47 0.0254261

10 47 0.0278916

11 47 0.0302471

12 47 0.0324832

13 47 0.0345911

14 47 0.0365624

15 47 0.0383895

16 47 0.0400651

17 47 0.0415826

18 47 0.0429359

19 47 0.0441198

20 47 0.0451296

21 47 0.0459613

22 47 0.0466116

23 47 0.0470779

24 47 0.0473584

25 47 0.0474521

26 47 0.0473584

27 47 0.0470779

28 47 0.0466116

29 47 0.0459613

30 47 0.0451296

31 47 0.0441198

32 47 0.0429359

33 47 0.0415826

34 47 0.0400651

35 47 0.0383895

36 47 0.0365624

37 47 0.0345911

38 47 0.0324832

39 47 0.0302471

40 47 0.0278916

41 47 0.0254261

42 47 0.0228602

43 47 0.0202041

44 47 0.0174683

45 47 0.0146635

46 47 0.0118008

47 47 0.00889163

48 47 0.00594732

49 47 0.00297954

50 47 0

0 48 0

1 48 0.00199292

2 48 0.00397797

3 48 0.00594732

4 48 0.0078932

5 48 0.00980793

6 48 0.011684

7 48 0.0135139

8 48 0.0152904

9 48 0.0170067

10 48 0.0186558

11 48 0.0202313

12 48 0.0217269

13 48 0.0231368

14 48 0.0244554

15 48 0.0256775

16 48 0.0267982

17 48 0.0278132

18 48 0.0287184

19 48 0.0295103

20 48 0.0301857

21 48 0.030742

22 48 0.0311769

23 48 0.0314889

24 48 0.0316765

25 48 0.0317391

26 48 0.0316765

27 48 0.0314889

28 48 0.0311769

29 48 0.030742

30 48 0.0301857

31 48 0.0295103

32 48 0.0287184

33 48 0.0278132

34 48 0.0267982

35 48 0.0256775

36 48 0.0244554

37 48 0.0231368

38 48 0.0217269

39 48 0.0202313

40 48 0.0186558

41 48 0.0170067

42 48 0.0152904

43 48 0.0135139

44 48 0.011684

45 48 0.00980793

46 48 0.0078932

47 48 0.00594732

48 48 0.00397797

49 48 0.00199292

50 48 0

0 49 0

1 49 0.000998429

2 49 0.00199292

3 49 0.00297954

4 49 0.0039544

5 49 0.00491366

6 49 0.00585353

7 49 0.00677029

8 49 0.00766034

9 49 0.00852015

10 49 0.00934634

11 49 0.0101356

12 49 0.0108849

13 49 0.0115913

14 49 0.0122519

15 49 0.0128641

16 49 0.0134256

17 49 0.0139341

18 49 0.0143876

19 49 0.0147843

20 49 0.0151227

21 49 0.0154014

22 49 0.0156193

23 49 0.0157756

24 49 0.0158696

25 49 0.0159009

26 49 0.0158696

27 49 0.0157756

28 49 0.0156193

29 49 0.0154014

30 49 0.0151227

31 49 0.0147843

32 49 0.0143876

33 49 0.0139341

34 49 0.0134256

35 49 0.0128641

36 49 0.0122519

37 49 0.0115913

38 49 0.0108849

39 49 0.0101356

40 49 0.00934634

41 49 0.00852015

42 49 0.00766034

43 49 0.00677029

44 49 0.00585353

45 49 0.00491366

46 49 0.0039544

47 49 0.00297954

48 49 0.00199292

49 49 0.000998429

50 49 0

