0 1 0

1 1 0.00226897

2 1 0.00452898

3 1 0.00677112

4 1 0.00898654

5 1 0.0111665

6 1 0.0133024

7 1 0.0153858

8 1 0.0174084

9 1 0.0193624

10 1 0.0212399

11 1 0.0230337

12 1 0.0247365

13 1 0.0263417

14 1 0.0278429

15 1 0.0292343

16 1 0.0305102

17 1 0.0316658

18 1 0.0326964

19 1 0.033598

20 1 0.0343669

21 1 0.0350003

22 1 0.0354955

23 1 0.0358506

24 1 0.0360642

25 1 0.0361355

26 1 0.0360642

27 1 0.0358506

28 1 0.0354955

29 1 0.0350003

30 1 0.0343669

31 1 0.033598

32 1 0.0326964

33 1 0.0316658

34 1 0.0305102

35 1 0.0292343

36 1 0.0278429

37 1 0.0263417

38 1 0.0247365

39 1 0.0230337

40 1 0.0212399

41 1 0.0193624

42 1 0.0174084

43 1 0.0153858

44 1 0.0133024

45 1 0.0111665

46 1 0.00898654

47 1 0.00677112

48 1 0.00452898

49 1 0.00226897

50 1 0

0 2 0

1 2 0.00452898

2 2 0.00904009

3 2 0.0135155

4 2 0.0179376

5 2 0.0222889

6 2 0.0265523

7 2 0.0307108

8 2 0.0347481

9 2 0.0386484

10 2 0.042396

11 2 0.0459764

12 2 0.0493753

13 2 0.0525794

14 2 0.0555759

15 2 0.0583531

16 2 0.0609001

17 2 0.0632066

18 2 0.0652638

19 2 0.0670633

20 2 0.0685982

21 2 0.0698624

22 2 0.0708509

23 2 0.0715597

24 2 0.0719861

25 2 0.0721284

26 2 0.0719861

27 2 0.0715597

28 2 0.0708509

29 2 0.0698624

30 2 0.0685982

31 2 0.0670633

32 2 0.0652638

33 2 0.0632066

34 2 0.0609001

35 2 0.0583531

36 2 0.0555759

37 2 0.0525794

38 2 0.0493753

39 2 0.0459764

40 2 0.042396

41 2 0.0386484

42 2 0.0347481

43 2 0.0307108

44 2 0.0265523

45 2 0.0222889

46 2 0.0179376

47 2 0.0135155

48 2 0.00904009

49 2 0.00452898

50 2 0

0 3 0

1 3 0.00677112

2 3 0.0135155

3 3 0.0202066

4 3 0.0268179

5 3 0.0333234

6 3 0.0396973

7 3 0.0459146

8 3 0.0519507

9 3 0.0577818

10 3 0.0633848

11 3 0.0687377

12 3 0.0738193

13 3 0.0786096

14 3 0.0830896

15 3 0.0872417

16 3 0.0910495

17 3 0.094498

18 3 0.0975736

19 3 0.100264

20 3 0.102559

21 3 0.104449

22 3 0.105927

23 3 0.106986

24 3 0.107624

25 3 0.107837

26 3 0.107624

27 3 0.106986

28 3 0.105927

29 3 0.104449

30 3 0.102559

31 3 0.100264

32 3 0.0975736

33 3 0.094498

34 3 0.0910495

35 3 0.0872417

36 3 0.0830896

37 3 0.0786096

38 3 0.0738193

39 3 0.0687377

40 3 0.0633848

41 3 0.0577818

42 3 0.0519507

43 3 0.0459146

44 3 0.0396973

45 3 0.0333234

46 3 0.0268179

47 3 0.0202066

48 3 0.0135155

49 3 0.00677112

50 3 0

0 4 0

1 4 0.00898654

2 4 0.0179376

3 4 0.0268179

4 4 0.0355923

5 4 0.0442263

6 4 0.0526858

7 4 0.0609373

8 4 0.0689483

9 4 0.0766872

10 4 0.0841235

11 4 0.0912277

12 4 0.097972

13 4 0.10433

14 4 0.110275

15 4 0.115786

16 4 0.12084

17 4 0.125416

18 4 0.129498

19 4 0.133069

20 4 0.136115

21 4 0.138623

22 4 0.140584

23 4 0.141991

24 4 0.142837

25 4 0.143119

26 4 0.142837

27 4 0.141991

28 4 0.140584

29 4 0.138623

30 4 0.136115

31 4 0.133069

32 4 0.129498

33 4 0.125416

34 4 0.12084

35 4 0.115786

36 4 0.110275

37 4 0.10433

38 4 0.097972

39 4 0.0912277

40 4 0.0841235

41 4 0.0766872

42 4 0.0689483

43 4 0.0609373

44 4 0.0526858

45 4 0.0442263

46 4 0.0355923

47 4 0.0268179

48 4 0.0179376

49 4 0.00898654

50 4 0

0 5 0

1 5 0.0111665

2 5 0.0222889

3 5 0.0333234

4 5 0.0442263

5 5 0.0549547

6 5 0.0654663

7 5 0.0757194

8 5 0.0856737

9 5 0.09529

10 5 0.10453

11 5 0.113358

12 5 0.121738

13 5 0.129638

14 5 0.137026

15 5 0.143873

16 5 0.150153

17 5 0.15584

18 5 0.160912

19 5 0.165349

20 5 0.169133

21 5 0.17225

22 5 0.174687

23 5 0.176435

24 5 0.177486

25 5 0.177837

26 5 0.177486

27 5 0.176435

28 5 0.174687

29 5 0.17225

30 5 0.169133

31 5 0.165349

32 5 0.160912

33 5 0.15584

34 5 0.150153

35 5 0.143873

36 5 0.137026

37 5 0.129638

38 5 0.121738

39 5 0.113358

40 5 0.10453

41 5 0.09529

42 5 0.0856737

43 5 0.0757194

44 5 0.0654663

45 5 0.0549547

46 5 0.0442263

47 5 0.0333234

48 5 0.0222889

49 5 0.0111665

50 5 0

0 6 0

1 6 0.0133024

2 6 0.0265523

3 6 0.0396973

4 6 0.0526858

5 6 0.0654663

6 6 0.0779884

7 6 0.0902027

8 6 0.102061

9 6 0.113517

10 6 0.124524

11 6 0.13504

12 6 0.145024

13 6 0.154434

14 6 0.163236

15 6 0.171393

16 6 0.178874

17 6 0.185648

18 6 0.191691

19 6 0.196976

20 6 0.201484

21 6 0.205197

22 6 0.208101

23 6 0.210183

24 6 0.211435

25 6 0.211853

26 6 0.211435

27 6 0.210183

28 6 0.208101

29 6 0.205197

30 6 0.201484

31 6 0.196976

32 6 0.191691

33 6 0.185648

34 6 0.178874

35 6 0.171393

36 6 0.163236

37 6 0.154434

38 6 0.145024

39 6 0.13504

40 6 0.124524

41 6 0.113517

42 6 0.102061

43 6 0.0902027

44 6 0.0779884

45 6 0.0654663

46 6 0.0526858

47 6 0.0396973

48 6 0.0265523

49 6 0.0133024

50 6 0

0 7 0

1 7 0.0153858

2 7 0.0307108

3 7 0.0459146

4 7 0.0609373

5 7 0.0757194

6 7 0.0902027

7 7 0.10433

8 7 0.118046

9 7 0.131295

10 7 0.144027

11 7 0.15619

12 7 0.167737

13 7 0.178621

14 7 0.188801

15 7 0.198236

16 7 0.206888

17 7 0.214724

18 7 0.221713

19 7 0.227826

20 7 0.23304

21 7 0.237335

22 7 0.240693

23 7 0.243101

24 7 0.24455

25 7 0.245033

26 7 0.24455

27 7 0.243101

28 7 0.240693

29 7 0.237335

30 7 0.23304

31 7 0.227826

32 7 0.221713

33 7 0.214724

34 7 0.206888

35 7 0.198236

36 7 0.188801

37 7 0.178621

38 7 0.167737

39 7 0.15619

40 7 0.144027

41 7 0.131295

42 7 0.118046

43 7 0.10433

44 7 0.0902027

45 7 0.0757194

46 7 0.0609373

47 7 0.0459146

48 7 0.0307108

49 7 0.0153858

50 7 0

0 8 0

1 8 0.0174084

2 8 0.0347481

3 8 0.0519507

4 8 0.0689483

5 8 0.0856737

6 8 0.102061

7 8 0.118046

8 8 0.133564

9 8 0.148556

10 8 0.162961

11 8 0.176723

12 8 0.189788

13 8 0.202104

14 8 0.213622

15 8 0.224297

16 8 0.234087

17 8 0.242953

18 8 0.25086

19 8 0.257777

20 8 0.263677

21 8 0.268536

22 8 0.272335

23 8 0.27506

24 8 0.276699

25 8 0.277246

26 8 0.276699

27 8 0.27506

28 8 0.272335

29 8 0.268536

30 8 0.263677

31 8 0.257777

32 8 0.25086

33 8 0.242953

34 8 0.234087

35 8 0.224297

36 8 0.213622

37 8 0.202104

38 8 0.189788

39 8 0.176723

40 8 0.162961

41 8 0.148556

42 8 0.133564

43 8 0.118046

44 8 0.102061

45 8 0.0856737

46 8 0.0689483

47 8 0.0519507

48 8 0.0347481

49 8 0.0174084

50 8 0

0 9 0

1 9 0.0193624

2 9 0.0386484

3 9 0.0577818

4 9 0.0766872

5 9 0.09529

6 9 0.113517

7 9 0.131295

8 9 0.148556

9 9 0.16523

10 9 0.181252

11 9 0.196559

12 9 0.21109

13 9 0.224788

14 9 0.237599

15 9 0.249472

16 9 0.260361

17 9 0.270222

18 9 0.279017

19 9 0.28671

20 9 0.293272

21 9 0.298677

22 9 0.302903

23 9 0.305933

24 9 0.307756

25 9 0.308365

26 9 0.307756

27 9 0.305933

28 9 0.302903

29 9 0.298677

30 9 0.293272

31 9 0.28671

32 9 0.279017

33 9 0.270222

34 9 0.260361

35 9 0.249472

36 9 0.237599

37 9 0.224788

38 9 0.21109

39 9 0.196559

40 9 0.181252

41 9 0.16523

42 9 0.148556

43 9 0.131295

44 9 0.113517

45 9 0.09529

46 9 0.0766872

47 9 0.0577818

48 9 0.0386484

49 9 0.0193624

50 9 0

0 10 0

1 10 0.0212399

2 10 0.042396

3 10 0.0633848

4 10 0.0841235

5 10 0.10453

6 10 0.124524

7 10 0.144027

8 10 0.162961

9 10 0.181252

10 10 0.198828

11 10 0.215619

12 10 0.231559

13 10 0.246586

14 10 0.260639

15 10 0.273663

16 10 0.285608

17 10 0.296425

18 10 0.306073

19 10 0.314512

20 10 0.321711

21 10 0.327639

22 10 0.332275

23 10 0.335599

24 10 0.337599

25 10 0.338267

26 10 0.337599

27 10 0.335599

28 10 0.332275

29 10 0.327639

30 10 0.321711

31 10 0.314512

32 10 0.306073

33 10 0.296425

34 10 0.285608

35 10 0.273663

36 10 0.260639

37 10 0.246586

38 10 0.231559

39 10 0.215619

40 10 0.198828

41 10 0.181252

42 10 0.162961

43 10 0.144027

44 10 0.124524

45 10 0.10453

46 10 0.0841235

47 10 0.0633848

48 10 0.042396

49 10 0.0212399

50 10 0

0 11 0

1 11 0.0230337

2 11 0.0459764

3 11 0.0687377

4 11 0.0912277

5 11 0.113358

6 11 0.13504

7 11 0.15619

8 11 0.176723

9 11 0.196559

10 11 0.215619

11 11 0.233828

12 11 0.251115

13 11 0.26741

14 11 0.28265

15 11 0.296774

16 11 0.309728

17 11 0.321458

18 11 0.331921

19 11 0.341073

20 11 0.348879

21 11 0.355309

22 11 0.360336

23 11 0.363941

24 11 0.366109

25 11 0.366833

26 11 0.366109

27 11 0.363941

28 11 0.360336

29 11 0.355309

30 11 0.348879

31 11 0.341073

32 11 0.331921

33 11 0.321458

34 11 0.309728

35 11 0.296774

36 11 0.28265

37 11 0.26741

38 11 0.251115

39 11 0.233828

40 11 0.215619

41 11 0.196559

42 11 0.176723

43 11 0.15619

44 11 0.13504

45 11 0.113358

46 11 0.0912277

47 11 0.0687377

48 11 0.0459764

49 11 0.0230337

50 11 0

0 12 0

1 12 0.0247365

2 12 0.0493753

3 12 0.0738193

4 12 0.097972

5 12 0.121738

6 12 0.145024

7 12 0.167737

8 12 0.189788

9 12 0.21109

10 12 0.231559

11 12 0.251115

12 12 0.269679

13 12 0.287179

14 12 0.303545

15 12 0.318714

16 12 0.332625

17 12 0.345223

18 12 0.356459

19 12 0.366288

20 12 0.374671

21 12 0.381576

22 12 0.386974

23 12 0.390846

24 12 0.393175

25 12 0.393952

26 12 0.393175

27 12 0.390846

28 12 0.386974

29 12 0.381576

30 12 0.374671

31 12 0.366288

32 12 0.356459

33 12 0.345223

34 12 0.332625

35 12 0.318714

36 12 0.303545

37 12 0.287179

38 12 0.269679

39 12 0.251115

40 12 0.231559

41 12 0.21109

42 12 0.189788

43 12 0.167737

44 12 0.145024

45 12 0.121738

46 12 0.097972

47 12 0.0738193

48 12 0.0493753

49 12 0.0247365

50 12 0

0 13 0

1 13 0.0263417

2 13 0.0525794

3 13 0.0786096

4 13 0.10433

5 13 0.129638

6 13 0.154434

7 13 0.178621

8 13 0.202104

9 13 0.224788

10 13 0.246586

11 13 0.26741

12 13 0.287179

13 13 0.305814

14 13 0.323243

15 13 0.339396

16 13 0.35421

17 13 0.367625

18 13 0.37959

19 13 0.390057

20 13 0.398984

21 13 0.406337

22 13 0.412086

23 13 0.416209

24 13 0.418689

25 13 0.419517

26 13 0.418689

27 13 0.416209

28 13 0.412086

29 13 0.406337

30 13 0.398984

31 13 0.390057

32 13 0.37959

33 13 0.367625

34 13 0.35421

35 13 0.339396

36 13 0.323243

37 13 0.305814

38 13 0.287179

39 13 0.26741

40 13 0.246586

41 13 0.224788

42 13 0.202104

43 13 0.178621

44 13 0.154434

45 13 0.129638

46 13 0.10433

47 13 0.0786096

48 13 0.0525794

49 13 0.0263417

50 13 0

0 14 0

1 14 0.0278429

2 14 0.0555759

3 14 0.0830896

4 14 0.110275

5 14 0.137026

6 14 0.163236

7 14 0.188801

8 14 0.213622

9 14 0.237599

10 14 0.260639

11 14 0.28265

12 14 0.303545

13 14 0.323243

14 14 0.341665

15 14 0.358739

16 14 0.374396

17 14 0.388577

18 14 0.401223

19 14 0.412286

20 14 0.421723

21 14 0.429494

22 14 0.435571

23 14 0.439929

24 14 0.44255

25 14 0.443425

26 14 0.44255

27 14 0.439929

28 14 0.435571

29 14 0.429494

30 14 0.421723

31 14 0.412286

32 14 0.401223

33 14 0.388577

34 14 0.374396

35 14 0.358739

36 14 0.341665

37 14 0.323243

38 14 0.303545

39 14 0.28265

40 14 0.260639

41 14 0.237599

42 14 0.213622

43 14 0.188801

44 14 0.163236

45 14 0.137026

46 14 0.110275

47 14 0.0830896

48 14 0.0555759

49 14 0.0278429

50 14 0

0 15 0

1 15 0.0292343

2 15 0.0583531

3 15 0.0872417

4 15 0.115786

5 15 0.143873

6 15 0.171393

7 15 0.198236

8 15 0.224297

9 15 0.249472

10 15 0.273663

11 15 0.296774

12 15 0.318714

13 15 0.339396

14 15 0.358739

15 15 0.376665

16 15 0.393106

17 15 0.407994

18 15 0.421273

19 15 0.432889

20 15 0.442797

21 15 0.450957

22 15 0.457337

23 15 0.461913

24 15 0.464665

25 15 0.465584

26 15 0.464665

27 15 0.461913

28 15 0.457337

29 15 0.450957

30 15 0.442797

31 15 0.432889

32 15 0.421273

33 15 0.407994

34 15 0.393106

35 15 0.376665

36 15 0.358739

37 15 0.339396

38 15 0.318714

39 15 0.296774

40 15 0.273663

41 15 0.249472

42 15 0.224297

43 15 0.198236

44 15 0.171393

45 15 0.143873

46 15 0.115786

47 15 0.0872417

48 15 0.0583531

49 15 0.0292343

50 15 0

0 16 0

1 16 0.0305102

2 16 0.0609001

3 16 0.0910495

4 16 0.12084

5 16 0.150153

6 16 0.178874

7 16 0.206888

8 16 0.234087

9 16 0.260361

10 16 0.285608

11 16 0.309728

12 16 0.332625

13 16 0.35421

14 16 0.374396

15 16 0.393106

16 16 0.410263

17 16 0.425802

18 16 0.43966

19 16 0.451783

20 16 0.462123

21 16 0.47064

22 16 0.477298

23 16 0.482074

24 16 0.484946

25 16 0.485905

26 16 0.484946

27 16 0.482074

28 16 0.477298

29 16 0.47064

30 16 0.462123

31 16 0.451783

32 16 0.43966

33 16 0.425802

34 16 0.410263

35 16 0.393106

36 16 0.374396

37 16 0.35421

38 16 0.332625

39 16 0.309728

40 16 0.285608

41 16 0.260361

42 16 0.234087

43 16 0.206888

44 16 0.178874

45 16 0.150153

46 16 0.12084

47 16 0.0910495

48 16 0.0609001

49 16 0.0305102

50 16 0

0 17 0

1 17 0.0316658

2 17 0.0632066

3 17 0.094498

4 17 0.125416

5 17 0.15584

6 17 0.185648

7 17 0.214724

8 17 0.242953

9 17 0.270222

10 17 0.296425

11 17 0.321458

12 17 0.345223

13 17 0.367625

14 17 0.388577

15 17 0.407994

16 17 0.425802

17 17 0.441929

18 17 0.456312

19 17 0.468894

20 17 0.479626

21 17 0.488465

22 17 0.495376

23 17 0.500332

24 17 0.503314

25 17 0.504309

26 17 0.503314

27 17 0.500332

28 17 0.495376

29 17 0.488465

30 17 0.479626

31 17 0.468894

32 17 0.456312

33 17 0.441929

34 17 0.425802

35 17 0.407994

36 17 0.388577

37 17 0.367625

38 17 0.345223

39 17 0.321458

40 17 0.296425

41 17 0.270222

42 17 0.242953

43 17 0.214724

44 17 0.185648

45 17 0.15584

46 17 0.125416

47 17 0.094498

48 17 0.0632066

49 17 0.0316658

50 17 0

0 18 0

1 18 0.0326964

2 18 0.0652638

3 18 0.0975736

4 18 0.129498

5 18 0.160912

6 18 0.191691

7 18 0.221713

8 18 0.25086

9 18 0.279017

10 18 0.306073

11 18 0.331921

12 18 0.356459

13 18 0.37959

14 18 0.401223

15 18 0.421273

16 18 0.43966

17 18 0.456312

18 18 0.471163

19 18 0.484155

20 18 0.495236

21 18 0.504363

22 18 0.511499

23 18 0.516616

24 18 0.519694

25 18 0.520722

26 18 0.519694

27 18 0.516616

28 18 0.511499

29 18 0.504363

30 18 0.495236

31 18 0.484155

32 18 0.471163

33 18 0.456312

34 18 0.43966

35 18 0.421273

36 18 0.401223

37 18 0.37959

38 18 0.356459

39 18 0.331921

40 18 0.306073

41 18 0.279017

42 18 0.25086

43 18 0.221713

44 18 0.191691

45 18 0.160912

46 18 0.129498

47 18 0.0975736

48 18 0.0652638

49 18 0.0326964

50 18 0

0 19 0

1 19 0.033598

2 19 0.0670633

3 19 0.100264

4 19 0.133069

5 19 0.165349

6 19 0.196976

7 19 0.227826

8 19 0.257777

9 19 0.28671

10 19 0.314512

11 19 0.341073

12 19 0.366288

13 19 0.390057

14 19 0.412286

15 19 0.432889

16 19 0.451783

17 19 0.468894

18 19 0.484155

19 19 0.497505

20 19 0.508892

21 19 0.51827

22 19 0.525602

23 19 0.530861

24 19 0.534024

25 19 0.53508

26 19 0.534024

27 19 0.530861

28 19 0.525602

29 19 0.51827

30 19 0.508892

31 19 0.497505

32 19 0.484155

33 19 0.468894

34 19 0.451783

35 19 0.432889

36 19 0.412286

37 19 0.390057

38 19 0.366288

39 19 0.341073

40 19 0.314512

41 19 0.28671

42 19 0.257777

43 19 0.227826

44 19 0.196976

45 19 0.165349

46 19 0.133069

47 19 0.100264

48 19 0.0670633

49 19 0.033598

50 19 0

0 20 0

1 20 0.0343669

2 20 0.0685982

3 20 0.102559

4 20 0.136115

5 20 0.169133

6 20 0.201484

7 20 0.23304

8 20 0.263677

9 20 0.293272

10 20 0.321711

11 20 0.348879

12 20 0.374671

13 20 0.398984

14 20 0.421723

15 20 0.442797

16 20 0.462123

17 20 0.479626

18 20 0.495236

19 20 0.508892

20 20 0.520539

21 20 0.530131

22 20 0.537632

23 20 0.543011

24 20 0.546247

25 20 0.547327

26 20 0.546247

27 20 0.543011

28 20 0.537632

29 20 0.530131

30 20 0.520539

31 20 0.508892

32 20 0.495236

33 20 0.479626

34 20 0.462123

35 20 0.442797

36 20 0.421723

37 20 0.398984

38 20 0.374671

39 20 0.348879

40 20 0.321711

41 20 0.293272

42 20 0.263677

43 20 0.23304

44 20 0.201484

45 20 0.169133

46 20 0.136115

47 20 0.102559

48 20 0.0685982

49 20 0.0343669

50 20 0

0 21 0

1 21 0.0350003

2 21 0.0698624

3 21 0.104449

4 21 0.138623

5 21 0.17225

6 21 0.205197

7 21 0.237335

8 21 0.268536

9 21 0.298677

10 21 0.327639

11 21 0.355309

12 21 0.381576

13 21 0.406337

14 21 0.429494

15 21 0.450957

16 21 0.47064

17 21 0.488465

18 21 0.504363

19 21 0.51827

20 21 0.530131

21 21 0.539901

22 21 0.54754

23 21 0.553018

24 21 0.556313

25 21 0.557413

26 21 0.556313

27 21 0.553018

28 21 0.54754

29 21 0.539901

30 21 0.530131

31 21 0.51827

32 21 0.504363

33 21 0.488465

34 21 0.47064

35 21 0.450957

36 21 0.429494

37 21 0.406337

38 21 0.381576

39 21 0.355309

40 21 0.327639

41 21 0.298677

42 21 0.268536

43 21 0.237335

44 21 0.205197

45 21 0.17225

46 21 0.138623

47 21 0.104449

48 21 0.0698624

49 21 0.0350003

50 21 0

0 22 0

1 22 0.0354955

2 22 0.0708509

3 22 0.105927

4 22 0.140584

5 22 0.174687

6 22 0.208101

7 22 0.240693

8 22 0.272335

9 22 0.302903

10 22 0.332275

11 22 0.360336

12 22 0.386974

13 22 0.412086

14 22 0.435571

15 22 0.457337

16 22 0.477298

17 22 0.495376

18 22 0.511499

19 22 0.525602

20 22 0.537632

21 22 0.54754

22 22 0.555287

23 22 0.560842

24 22 0.564184

25 22 0.5653

26 22 0.564184

27 22 0.560842

28 22 0.555287

29 22 0.54754

30 22 0.537632

31 22 0.525602

32 22 0.511499

33 22 0.495376

34 22 0.477298

35 22 0.457337

36 22 0.435571

37 22 0.412086

38 22 0.386974

39 22 0.360336

40 22 0.332275

41 22 0.302903

42 22 0.272335

43 22 0.240693

44 22 0.208101

45 22 0.174687

46 22 0.140584

47 22 0.105927

48 22 0.0708509

49 22 0.0354955

50 22 0

0 23 0

1 23 0.0358506

2 23 0.0715597

3 23 0.106986

4 23 0.141991

5 23 0.176435

6 23 0.210183

7 23 0.243101

8 23 0.27506

9 23 0.305933

10 23 0.335599

11 23 0.363941

12 23 0.390846

13 23 0.416209

14 23 0.439929

15 23 0.461913

16 23 0.482074

17 23 0.500332

18 23 0.516616

19 23 0.530861

20 23 0.543011

21 23 0.553018

22 23 0.560842

23 23 0.566453

24 23 0.569829

25 23 0.570955

26 23 0.569829

27 23 0.566453

28 23 0.560842

29 23 0.553018

30 23 0.543011

31 23 0.530861

32 23 0.516616

33 23 0.500332

34 23 0.482074

35 23 0.461913

36 23 0.439929

37 23 0.416209

38 23 0.390846

39 23 0.363941

40 23 0.335599

41 23 0.305933

42 23 0.27506

43 23 0.243101

44 23 0.210183

45 23 0.176435

46 23 0.141991

47 23 0.106986

48 23 0.0715597

49 23 0.0358506

50 23 0

0 24 0

1 24 0.0360642

2 24 0.0719861

3 24 0.107624

4 24 0.142837

5 24 0.177486

6 24 0.211435

7 24 0.24455

8 24 0.276699

9 24 0.307756

10 24 0.337599

11 24 0.366109

12 24 0.393175

13 24 0.418689

14 24 0.44255

15 24 0.464665

16 24 0.484946

17 24 0.503314

18 24 0.519694

19 24 0.534024

20 24 0.546247

21 24 0.556313

22 24 0.564184

23 24 0.569829

24 24 0.573224

25 24 0.574358

26 24 0.573224

27 24 0.569829

28 24 0.564184

29 24 0.556313

30 24 0.546247

31 24 0.534024

32 24 0.519694

33 24 0.503314

34 24 0.484946

35 24 0.464665

36 24 0.44255

37 24 0.418689

38 24 0.393175

39 24 0.366109

40 24 0.337599

41 24 0.307756

42 24 0.276699

43 24 0.24455

44 24 0.211435

45 24 0.177486

46 24 0.142837

47 24 0.107624

48 24 0.0719861

49 24 0.0360642

50 24 0

0 25 0

1 25 0.0361355

2 25 0.0721284

3 25 0.107837

4 25 0.143119

5 25 0.177837

6 25 0.211853

7 25 0.245033

8 25 0.277246

9 25 0.308365

10 25 0.338267

11 25 0.366833

12 25 0.393952

13 25 0.419517

14 25 0.443425

15 25 0.465584

16 25 0.485905

17 25 0.504309

18 25 0.520722

19 25 0.53508

20 25 0.547327

21 25 0.557413

22 25 0.5653

23 25 0.570955

24 25 0.574358

25 25 0.575493

26 25 0.574358

27 25 0.570955

28 25 0.5653

29 25 0.557413

30 25 0.547327

31 25 0.53508

32 25 0.520722

33 25 0.504309

34 25 0.485905

35 25 0.465584

36 25 0.443425

37 25 0.419517

38 25 0.393952

39 25 0.366833

40 25 0.338267

41 25 0.308365

42 25 0.277246

43 25 0.245033

44 25 0.211853

45 25 0.177837

46 25 0.143119

47 25 0.107837

48 25 0.0721284

49 25 0.0361355

50 25 0

0 26 0

1 26 0.0360642

2 26 0.0719861

3 26 0.107624

4 26 0.142837

5 26 0.177486

6 26 0.211435

7 26 0.24455

8 26 0.276699

9 26 0.307756

10 26 0.337599

11 26 0.366109

12 26 0.393175

13 26 0.418689

14 26 0.44255

15 26 0.464665

16 26 0.484946

17 26 0.503314

18 26 0.519694

19 26 0.534024

20 26 0.546247

21 26 0.556313

22 26 0.564184

23 26 0.569829

24 26 0.573224

25 26 0.574358

26 26 0.573224

27 26 0.569829

28 26 0.564184

29 26 0.556313

30 26 0.546247

31 26 0.534024

32 26 0.519694

33 26 0.503314

34 26 0.484946

35 26 0.464665

36 26 0.44255

37 26 0.418689

38 26 0.393175

39 26 0.366109

40 26 0.337599

41 26 0.307756

42 26 0.276699

43 26 0.24455

44 26 0.211435

45 26 0.177486

46 26 0.142837

47 26 0.107624

48 26 0.0719861

49 26 0.0360642

50 26 0

0 27 0

1 27 0.0358506

2 27 0.0715597

3 27 0.106986

4 27 0.141991

5 27 0.176435

6 27 0.210183

7 27 0.243101

8 27 0.27506

9 27 0.305933

10 27 0.335599

11 27 0.363941

12 27 0.390846

13 27 0.416209

14 27 0.439929

15 27 0.461913

16 27 0.482074

17 27 0.500332

18 27 0.516616

19 27 0.530861

20 27 0.543011

21 27 0.553018

22 27 0.560842

23 27 0.566453

24 27 0.569829

25 27 0.570955

26 27 0.569829

27 27 0.566453

28 27 0.560842

29 27 0.553018

30 27 0.543011

31 27 0.530861

32 27 0.516616

33 27 0.500332

34 27 0.482074

35 27 0.461913

36 27 0.439929

37 27 0.416209

38 27 0.390846

39 27 0.363941

40 27 0.335599

41 27 0.305933

42 27 0.27506

43 27 0.243101

44 27 0.210183

45 27 0.176435

46 27 0.141991

47 27 0.106986

48 27 0.0715597

49 27 0.0358506

50 27 0

0 28 0

1 28 0.0354955

2 28 0.0708509

3 28 0.105927

4 28 0.140584

5 28 0.174687

6 28 0.208101

7 28 0.240693

8 28 0.272335

9 28 0.302903

10 28 0.332275

11 28 0.360336

12 28 0.386974

13 28 0.412086

14 28 0.435571

15 28 0.457337

16 28 0.477298

17 28 0.495376

18 28 0.511499

19 28 0.525602

20 28 0.537632

21 28 0.54754

22 28 0.555287

23 28 0.560842

24 28 0.564184

25 28 0.5653

26 28 0.564184

27 28 0.560842

28 28 0.555287

29 28 0.54754

30 28 0.537632

31 28 0.525602

32 28 0.511499

33 28 0.495376

34 28 0.477298

35 28 0.457337

36 28 0.435571

37 28 0.412086

38 28 0.386974

39 28 0.360336

40 28 0.332275

41 28 0.302903

42 28 0.272335

43 28 0.240693

44 28 0.208101

45 28 0.174687

46 28 0.140584

47 28 0.105927

48 28 0.0708509

49 28 0.0354955

50 28 0

0 29 0

1 29 0.0350003

2 29 0.0698624

3 29 0.104449

4 29 0.138623

5 29 0.17225

6 29 0.205197

7 29 0.237335

8 29 0.268536

9 29 0.298677

10 29 0.327639

11 29 0.355309

12 29 0.381576

13 29 0.406337

14 29 0.429494

15 29 0.450957

16 29 0.47064

17 29 0.488465

18 29 0.504363

19 29 0.51827

20 29 0.530131

21 29 0.539901

22 29 0.54754

23 29 0.553018

24 29 0.556313

25 29 0.557413

26 29 0.556313

27 29 0.553018

28 29 0.54754

29 29 0.539901

30 29 0.530131

31 29 0.51827

32 29 0.504363

33 29 0.488465

34 29 0.47064

35 29 0.450957

36 29 0.429494

37 29 0.406337

38 29 0.381576

39 29 0.355309

40 29 0.327639

41 29 0.298677

42 29 0.268536

43 29 0.237335

44 29 0.205197

45 29 0.17225

46 29 0.138623

47 29 0.104449

48 29 0.0698624

49 29 0.0350003

50 29 0

0 30 0

1 30 0.0343669

2 30 0.0685982

3 30 0.102559

4 30 0.136115

5 30 0.169133

6 30 0.201484

7 30 0.23304

8 30 0.263677

9 30 0.293272

10 30 0.321711

11 30 0.348879

12 30 0.374671

13 30 0.398984

14 30 0.421723

15 30 0.442797

16 30 0.462123

17 30 0.479626

18 30 0.495236

19 30 0.508892

20 30 0.520539

21 30 0.530131

22 30 0.537632

23 30 0.543011

24 30 0.546247

25 30 0.547327

26 30 0.546247

27 30 0.543011

28 30 0.537632

29 30 0.530131

30 30 0.520539

31 30 0.508892

32 30 0.495236

33 30 0.479626

34 30 0.462123

35 30 0.442797

36 30 0.421723

37 30 0.398984

38 30 0.374671

39 30 0.348879

40 30 0.321711

41 30 0.293272

42 30 0.263677

43 30 0.23304

44 30 0.201484

45 30 0.169133

46 30 0.136115

47 30 0.102559

48 30 0.0685982

49 30 0.0343669

50 30 0

0 31 0

1 31 0.033598

2 31 0.0670633

3 31 0.100264

4 31 0.133069

5 31 0.165349

6 31 0.196976

7 31 0.227826

8 31 0.257777

9 31 0.28671

10 31 0.314512

11 31 0.341073

12 31 0.366288

13 31 0.390057

14 31 0.412286

15 31 0.432889

16 31 0.451783

17 31 0.468894

18 31 0.484155

19 31 0.497505

20 31 0.508892

21 31 0.51827

22 31 0.525602

23 31 0.530861

24 31 0.534024

25 31 0.53508

26 31 0.534024

27 31 0.530861

28 31 0.525602

29 31 0.51827

30 31 0.508892

31 31 0.497505

32 31 0.484155

33 31 0.468894

34 31 0.451783

35 31 0.432889

36 31 0.412286

37 31 0.390057

38 31 0.366288

39 31 0.341073

40 31 0.314512

41 31 0.28671

42 31 0.257777

43 31 0.227826

44 31 0.196976

45 31 0.165349

46 31 0.133069

47 31 0.100264

48 31 0.0670633

49 31 0.033598

50 31 0

0 32 0

1 32 0.0326964

2 32 0.0652638

3 32 0.0975736

4 32 0.129498

5 32 0.160912

6 32 0.191691

7 32 0.221713

8 32 0.25086

9 32 0.279017

10 32 0.306073

11 32 0.331921

12 32 0.356459

13 32 0.37959

14 32 0.401223

15 32 0.421273

16 32 0.43966

17 32 0.456312

18 32 0.471163

19 32 0.484155

20 32 0.495236

21 32 0.504363

22 32 0.511499

23 32 0.516616

24 32 0.519694

25 32 0.520722

26 32 0.519694

27 32 0.516616

28 32 0.511499

29 32 0.504363

30 32 0.495236

31 32 0.484155

32 32 0.471163

33 32 0.456312

34 32 0.43966

35 32 0.421273

36 32 0.401223

37 32 0.37959

38 32 0.356459

39 32 0.331921

40 32 0.306073

41 32 0.279017

42 32 0.25086

43 32 0.221713

44 32 0.191691

45 32 0.160912

46 32 0.129498

47 32 0.0975736

48 32 0.0652638

49 32 0.0326964

50 32 0

0 33 0

1 33 0.0316658

2 33 0.0632066

3 33 0.094498

4 33 0.125416

5 33 0.15584

6 33 0.185648

7 33 0.214724

8 33 0.242953

9 33 0.270222

10 33 0.296425

11 33 0.321458

12 33 0.345223

13 33 0.367625

14 33 0.388577

15 33 0.407994

16 33 0.425802

17 33 0.441929

18 33 0.456312

19 33 0.468894

20 33 0.479626

21 33 0.488465

22 33 0.495376

23 33 0.500332

24 33 0.503314

25 33 0.504309

26 33 0.503314

27 33 0.500332

28 33 0.495376

29 33 0.488465

30 33 0.479626

31 33 0.468894

32 33 0.456312

33 33 0.441929

34 33 0.425802

35 33 0.407994

36 33 0.388577

37 33 0.367625

38 33 0.345223

39 33 0.321458

40 33 0.296425

41 33 0.270222

42 33 0.242953

43 33 0.214724

44 33 0.185648

45 33 0.15584

46 33 0.125416

47 33 0.094498

48 33 0.0632066

49 33 0.0316658

50 33 0

0 34 0

1 34 0.0305102

2 34 0.0609001

3 34 0.0910495

4 34 0.12084

5 34 0.150153

6 34 0.178874

7 34 0.206888

8 34 0.234087

9 34 0.260361

10 34 0.285608

11 34 0.309728

12 34 0.332625

13 34 0.35421

14 34 0.374396

15 34 0.393106

16 34 0.410263

17 34 0.425802

18 34 0.43966

19 34 0.451783

20 34 0.462123

21 34 0.47064

22 34 0.477298

23 34 0.482074

24 34 0.484946

25 34 0.485905

26 34 0.484946

27 34 0.482074

28 34 0.477298

29 34 0.47064

30 34 0.462123

31 34 0.451783

32 34 0.43966

33 34 0.425802

34 34 0.410263

35 34 0.393106

36 34 0.374396

37 34 0.35421

38 34 0.332625

39 34 0.309728

40 34 0.285608

41 34 0.260361

42 34 0.234087

43 34 0.206888

44 34 0.178874

45 34 0.150153

46 34 0.12084

47 34 0.0910495

48 34 0.0609001

49 34 0.0305102

50 34 0

0 35 0

1 35 0.0292343

2 35 0.0583531

3 35 0.0872417

4 35 0.115786

5 35 0.143873

6 35 0.171393

7 35 0.198236

8 35 0.224297

9 35 0.249472

10 35 0.273663

11 35 0.296774

12 35 0.318714

13 35 0.339396

14 35 0.358739

15 35 0.376665

16 35 0.393106

17 35 0.407994

18 35 0.421273

19 35 0.432889

20 35 0.442797

21 35 0.450957

22 35 0.457337

23 35 0.461913

24 35 0.464665

25 35 0.465584

26 35 0.464665

27 35 0.461913

28 35 0.457337

29 35 0.450957

30 35 0.442797

31 35 0.432889

32 35 0.421273

33 35 0.407994

34 35 0.393106

35 35 0.376665

36 35 0.358739

37 35 0.339396

38 35 0.318714

39 35 0.296774

40 35 0.273663

41 35 0.249472

42 35 0.224297

43 35 0.198236

44 35 0.171393

45 35 0.143873

46 35 0.115786

47 35 0.0872417

48 35 0.0583531

49 35 0.0292343

50 35 0

0 36 0

1 36 0.0278429

2 36 0.0555759

3 36 0.0830896

4 36 0.110275

5 36 0.137026

6 36 0.163236

7 36 0.188801

8 36 0.213622

9 36 0.237599

10 36 0.260639

11 36 0.28265

12 36 0.303545

13 36 0.323243

14 36 0.341665

15 36 0.358739

16 36 0.374396

17 36 0.388577

18 36 0.401223

19 36 0.412286

20 36 0.421723

21 36 0.429494

22 36 0.435571

23 36 0.439929

24 36 0.44255

25 36 0.443425

26 36 0.44255

27 36 0.439929

28 36 0.435571

29 36 0.429494

30 36 0.421723

31 36 0.412286

32 36 0.401223

33 36 0.388577

34 36 0.374396

35 36 0.358739

36 36 0.341665

37 36 0.323243

38 36 0.303545

39 36 0.28265

40 36 0.260639

41 36 0.237599

42 36 0.213622

43 36 0.188801

44 36 0.163236

45 36 0.137026

46 36 0.110275

47 36 0.0830896

48 36 0.0555759

49 36 0.0278429

50 36 0

0 37 0

1 37 0.0263417

2 37 0.0525794

3 37 0.0786096

4 37 0.10433

5 37 0.129638

6 37 0.154434

7 37 0.178621

8 37 0.202104

9 37 0.224788

10 37 0.246586

11 37 0.26741

12 37 0.287179

13 37 0.305814

14 37 0.323243

15 37 0.339396

16 37 0.35421

17 37 0.367625

18 37 0.37959

19 37 0.390057

20 37 0.398984

21 37 0.406337

22 37 0.412086

23 37 0.416209

24 37 0.418689

25 37 0.419517

26 37 0.418689

27 37 0.416209

28 37 0.412086

29 37 0.406337

30 37 0.398984

31 37 0.390057

32 37 0.37959

33 37 0.367625

34 37 0.35421

35 37 0.339396

36 37 0.323243

37 37 0.305814

38 37 0.287179

39 37 0.26741

40 37 0.246586

41 37 0.224788

42 37 0.202104

43 37 0.178621

44 37 0.154434

45 37 0.129638

46 37 0.10433

47 37 0.0786096

48 37 0.0525794

49 37 0.0263417

50 37 0

0 38 0

1 38 0.0247365

2 38 0.0493753

3 38 0.0738193

4 38 0.097972

5 38 0.121738

6 38 0.145024

7 38 0.167737

8 38 0.189788

9 38 0.21109

10 38 0.231559

11 38 0.251115

12 38 0.269679

13 38 0.287179

14 38 0.303545

15 38 0.318714

16 38 0.332625

17 38 0.345223

18 38 0.356459

19 38 0.366288

20 38 0.374671

21 38 0.381576

22 38 0.386974

23 38 0.390846

24 38 0.393175

25 38 0.393952

26 38 0.393175

27 38 0.390846

28 38 0.386974

29 38 0.381576

30 38 0.374671

31 38 0.366288

32 38 0.356459

33 38 0.345223

34 38 0.332625

35 38 0.318714

36 38 0.303545

37 38 0.287179

38 38 0.269679

39 38 0.251115

40 38 0.231559

41 38 0.21109

42 38 0.189788

43 38 0.167737

44 38 0.145024

45 38 0.121738

46 38 0.097972

47 38 0.0738193

48 38 0.0493753

49 38 0.0247365

50 38 0

0 39 0

1 39 0.0230337

2 39 0.0459764

3 39 0.0687377

4 39 0.0912277

5 39 0.113358

6 39 0.13504

7 39 0.15619

8 39 0.176723

9 39 0.196559

10 39 0.215619

11 39 0.233828

12 39 0.251115

13 39 0.26741

14 39 0.28265

15 39 0.296774

16 39 0.309728

17 39 0.321458

18 39 0.331921

19 39 0.341073

20 39 0.348879

21 39 0.355309

22 39 0.360336

23 39 0.363941

24 39 0.366109

25 39 0.366833

26 39 0.366109

27 39 0.363941

28 39 0.360336

29 39 0.355309

30 39 0.348879

31 39 0.341073

32 39 0.331921

33 39 0.321458

34 39 0.309728

35 39 0.296774

36 39 0.28265

37 39 0.26741

38 39 0.251115

39 39 0.233828

40 39 0.215619

41 39 0.196559

42 39 0.176723

43 39 0.15619

44 39 0.13504

45 39 0.113358

46 39 0.0912277

47 39 0.0687377

48 39 0.0459764

49 39 0.0230337

50 39 0

0 40 0

1 40 0.0212399

2 40 0.042396

3 40 0.0633848

4 40 0.0841235

5 40 0.10453

6 40 0.124524

7 40 0.144027

8 40 0.162961

9 40 0.181252

10 40 0.198828

11 40 0.215619

12 40 0.231559

13 40 0.246586

14 40 0.260639

15 40 0.273663

16 40 0.285608

17 40 0.296425

18 40 0.306073

19 40 0.314512

20 40 0.321711

21 40 0.327639

22 40 0.332275

23 40 0.335599

24 40 0.337599

25 40 0.338267

26 40 0.337599

27 40 0.335599

28 40 0.332275

29 40 0.327639

30 40 0.321711

31 40 0.314512

32 40 0.306073

33 40 0.296425

34 40 0.285608

35 40 0.273663

36 40 0.260639

37 40 0.246586

38 40 0.231559

39 40 0.215619

40 40 0.198828

41 40 0.181252

42 40 0.162961

43 40 0.144027

44 40 0.124524

45 40 0.10453

46 40 0.0841235

47 40 0.0633848

48 40 0.042396

49 40 0.0212399

50 40 0

0 41 0

1 41 0.0193624

2 41 0.0386484

3 41 0.0577818

4 41 0.0766872

5 41 0.09529

6 41 0.113517

7 41 0.131295

8 41 0.148556

9 41 0.16523

10 41 0.181252

11 41 0.196559

12 41 0.21109

13 41 0.224788

14 41 0.237599

15 41 0.249472

16 41 0.260361

17 41 0.270222

18 41 0.279017

19 41 0.28671

20 41 0.293272

21 41 0.298677

22 41 0.302903

23 41 0.305933

24 41 0.307756

25 41 0.308365

26 41 0.307756

27 41 0.305933

28 41 0.302903

29 41 0.298677

30 41 0.293272

31 41 0.28671

32 41 0.279017

33 41 0.270222

34 41 0.260361

35 41 0.249472

36 41 0.237599

37 41 0.224788

38 41 0.21109

39 41 0.196559

40 41 0.181252

41 41 0.16523

42 41 0.148556

43 41 0.131295

44 41 0.113517

45 41 0.09529

46 41 0.0766872

47 41 0.0577818

48 41 0.0386484

49 41 0.0193624

50 41 0

0 42 0

1 42 0.0174084

2 42 0.0347481

3 42 0.0519507

4 42 0.0689483

5 42 0.0856737

6 42 0.102061

7 42 0.118046

8 42 0.133564

9 42 0.148556

10 42 0.162961

11 42 0.176723

12 42 0.189788

13 42 0.202104

14 42 0.213622

15 42 0.224297

16 42 0.234087

17 42 0.242953

18 42 0.25086

19 42 0.257777

20 42 0.263677

21 42 0.268536

22 42 0.272335

23 42 0.27506

24 42 0.276699

25 42 0.277246

26 42 0.276699

27 42 0.27506

28 42 0.272335

29 42 0.268536

30 42 0.263677

31 42 0.257777

32 42 0.25086

33 42 0.242953

34 42 0.234087

35 42 0.224297

36 42 0.213622

37 42 0.202104

38 42 0.189788

39 42 0.176723

40 42 0.162961

41 42 0.148556

42 42 0.133564

43 42 0.118046

44 42 0.102061

45 42 0.0856737

46 42 0.0689483

47 42 0.0519507

48 42 0.0347481

49 42 0.0174084

50 42 0

0 43 0

1 43 0.0153858

2 43 0.0307108

3 43 0.0459146

4 43 0.0609373

5 43 0.0757194

6 43 0.0902027

7 43 0.10433

8 43 0.118046

9 43 0.131295

10 43 0.144027

11 43 0.15619

12 43 0.167737

13 43 0.178621

14 43 0.188801

15 43 0.198236

16 43 0.206888

17 43 0.214724

18 43 0.221713

19 43 0.227826

20 43 0.23304

21 43 0.237335

22 43 0.240693

23 43 0.243101

24 43 0.24455

25 43 0.245033

26 43 0.24455

27 43 0.243101

28 43 0.240693

29 43 0.237335

30 43 0.23304

31 43 0.227826

32 43 0.221713

33 43 0.214724

34 43 0.206888

35 43 0.198236

36 43 0.188801

37 43 0.178621

38 43 0.167737

39 43 0.15619

40 43 0.144027

41 43 0.131295

42 43 0.118046

43 43 0.10433

44 43 0.0902027

45 43 0.0757194

46 43 0.0609373

47 43 0.0459146

48 43 0.0307108

49 43 0.0153858

50 43 0

0 44 0

1 44 0.0133024

2 44 0.0265523

3 44 0.0396973

4 44 0.0526858

5 44 0.0654663

6 44 0.0779884

7 44 0.0902027

8 44 0.102061

9 44 0.113517

10 44 0.124524

11 44 0.13504

12 44 0.145024

13 44 0.154434

14 44 0.163236

15 44 0.171393

16 44 0.178874

17 44 0.185648

18 44 0.191691

19 44 0.196976

20 44 0.201484

21 44 0.205197

22 44 0.208101

23 44 0.210183

24 44 0.211435

25 44 0.211853

26 44 0.211435

27 44 0.210183

28 44 0.208101

29 44 0.205197

30 44 0.201484

31 44 0.196976

32 44 0.191691

33 44 0.185648

34 44 0.178874

35 44 0.171393

36 44 0.163236

37 44 0.154434

38 44 0.145024

39 44 0.13504

40 44 0.124524

41 44 0.113517

42 44 0.102061

43 44 0.0902027

44 44 0.0779884

45 44 0.0654663

46 44 0.0526858

47 44 0.0396973

48 44 0.0265523

49 44 0.0133024

50 44 0

0 45 0

1 45 0.0111665

2 45 0.0222889

3 45 0.0333234

4 45 0.0442263

5 45 0.0549547

6 45 0.0654663

7 45 0.0757194

8 45 0.0856737

9 45 0.09529

10 45 0.10453

11 45 0.113358

12 45 0.121738

13 45 0.129638

14 45 0.137026

15 45 0.143873

16 45 0.150153

17 45 0.15584

18 45 0.160912

19 45 0.165349

20 45 0.169133

21 45 0.17225

22 45 0.174687

23 45 0.176435

24 45 0.177486

25 45 0.177837

26 45 0.177486

27 45 0.176435

28 45 0.174687

29 45 0.17225

30 45 0.169133

31 45 0.165349

32 45 0.160912

33 45 0.15584

34 45 0.150153

35 45 0.143873

36 45 0.137026

37 45 0.129638

38 45 0.121738

39 45 0.113358

40 45 0.10453

41 45 0.09529

42 45 0.0856737

43 45 0.0757194

44 45 0.0654663

45 45 0.0549547

46 45 0.0442263

47 45 0.0333234

48 45 0.0222889

49 45 0.0111665

50 45 0

0 46 0

1 46 0.00898654

2 46 0.0179376

3 46 0.0268179

4 46 0.0355923

5 46 0.0442263

6 46 0.0526858

7 46 0.0609373

8 46 0.0689483

9 46 0.0766872

10 46 0.0841235

11 46 0.0912277

12 46 0.097972

13 46 0.10433

14 46 0.110275

15 46 0.115786

16 46 0.12084

17 46 0.125416

18 46 0.129498

19 46 0.133069

20 46 0.136115

21 46 0.138623

22 46 0.140584

23 46 0.141991

24 46 0.142837

25 46 0.143119

26 46 0.142837

27 46 0.141991

28 46 0.140584

29 46 0.138623

30 46 0.136115

31 46 0.133069

32 46 0.129498

33 46 0.125416

34 46 0.12084

35 46 0.115786

36 46 0.110275

37 46 0.10433

38 46 0.097972

39 46 0.0912277

40 46 0.0841235

41 46 0.0766872

42 46 0.0689483

43 46 0.0609373

44 46 0.0526858

45 46 0.0442263

46 46 0.0355923

47 46 0.0268179

48 46 0.0179376

49 46 0.00898654

50 46 0

0 47 0

1 47 0.00677112

2 47 0.0135155

3 47 0.0202066

4 47 0.0268179

5 47 0.0333234

6 47 0.0396973

7 47 0.0459146

8 47 0.0519507

9 47 0.0577818

10 47 0.0633848

11 47 0.0687377

12 47 0.0738193

13 47 0.0786096

14 47 0.0830896

15 47 0.0872417

16 47 0.0910495

17 47 0.094498

18 47 0.0975736

19 47 0.100264

20 47 0.102559

21 47 0.104449

22 47 0.105927

23 47 0.106986

24 47 0.107624

25 47 0.107837

26 47 0.107624

27 47 0.106986

28 47 0.105927

29 47 0.104449

30 47 0.102559

31 47 0.100264

32 47 0.0975736

33 47 0.094498

34 47 0.0910495

35 47 0.0872417

36 47 0.0830896

37 47 0.0786096

38 47 0.0738193

39 47 0.0687377

40 47 0.0633848

41 47 0.0577818

42 47 0.0519507

43 47 0.0459146

44 47 0.0396973

45 47 0.0333234

46 47 0.0268179

47 47 0.0202066

48 47 0.0135155

49 47 0.00677112

50 47 0

0 48 0

1 48 0.00452898

2 48 0.00904009

3 48 0.0135155

4 48 0.0179376

5 48 0.0222889

6 48 0.0265523

7 48 0.0307108

8 48 0.0347481

9 48 0.0386484

10 48 0.042396

11 48 0.0459764

12 48 0.0493753

13 48 0.0525794

14 48 0.0555759

15 48 0.0583531

16 48 0.0609001

17 48 0.0632066

18 48 0.0652638

19 48 0.0670633

20 48 0.0685982

21 48 0.0698624

22 48 0.0708509

23 48 0.0715597

24 48 0.0719861

25 48 0.0721284

26 48 0.0719861

27 48 0.0715597

28 48 0.0708509

29 48 0.0698624

30 48 0.0685982

31 48 0.0670633

32 48 0.0652638

33 48 0.0632066

34 48 0.0609001

35 48 0.0583531

36 48 0.0555759

37 48 0.0525794

38 48 0.0493753

39 48 0.0459764

40 48 0.042396

41 48 0.0386484

42 48 0.0347481

43 48 0.0307108

44 48 0.0265523

45 48 0.0222889

46 48 0.0179376

47 48 0.0135155

48 48 0.00904009

49 48 0.00452898

50 48 0

0 49 0

1 49 0.00226897

2 49 0.00452898

3 49 0.00677112

4 49 0.00898654

5 49 0.0111665

6 49 0.0133024

7 49 0.0153858

8 49 0.0174084

9 49 0.0193624

10 49 0.0212399

11 49 0.0230337

12 49 0.0247365

13 49 0.0263417

14 49 0.0278429

15 49 0.0292343

16 49 0.0305102

17 49 0.0316658

18 49 0.0326964

19 49 0.033598

20 49 0.0343669

21 49 0.0350003

22 49 0.0354955

23 49 0.0358506

24 49 0.0360642

25 49 0.0361355

26 49 0.0360642

27 49 0.0358506

28 49 0.0354955

29 49 0.0350003

30 49 0.0343669

31 49 0.033598

32 49 0.0326964

33 49 0.0316658

34 49 0.0305102

35 49 0.0292343

36 49 0.0278429

37 49 0.0263417

38 49 0.0247365

39 49 0.0230337

40 49 0.0212399

41 49 0.0193624

42 49 0.0174084

43 49 0.0153858

44 49 0.0133024

45 49 0.0111665

46 49 0.00898654

47 49 0.00677112

48 49 0.00452898

49 49 0.00226897

50 49 0

