0 1 0

1 1 0.00283017

2 1 0.00564917

3 1 0.00844587

4 1 0.0112092

5 1 0.0139284

6 1 0.0165925

7 1 0.0191912

8 1 0.0217142

9 1 0.0241514

10 1 0.0264934

11 1 0.0287307

12 1 0.0308547

13 1 0.0328569

14 1 0.0347295

15 1 0.036465

16 1 0.0380566

17 1 0.0394979

18 1 0.0407834

19 1 0.041908

20 1 0.0428672

21 1 0.0436571

22 1 0.0442748

23 1 0.0447178

24 1 0.0449842

25 1 0.0450732

26 1 0.0449842

27 1 0.0447178

28 1 0.0442748

29 1 0.0436571

30 1 0.0428672

31 1 0.041908

32 1 0.0407834

33 1 0.0394979

34 1 0.0380566

35 1 0.036465

36 1 0.0347295

37 1 0.0328569

38 1 0.0308547

39 1 0.0287307

40 1 0.0264934

41 1 0.0241514

42 1 0.0217142

43 1 0.0191912

44 1 0.0165925

45 1 0.0139284

46 1 0.0112092

47 1 0.00844587

48 1 0.00564917

49 1 0.00283017

50 1 0

0 2 0

1 2 0.00564917

2 2 0.011276

3 2 0.0168584

4 2 0.0223743

5 2 0.0278018

6 2 0.0331196

7 2 0.0383067

8 2 0.0433427

9 2 0.0482075

10 2 0.0528822

11 2 0.0573481

12 2 0.0615877

13 2 0.0655842

14 2 0.0693219

15 2 0.072786

16 2 0.0759629

17 2 0.07884

18 2 0.0814059

19 2 0.0836506

20 2 0.0855651

21 2 0.087142

22 2 0.0883749

23 2 0.0892591

24 2 0.089791

25 2 0.0899685

26 2 0.089791

27 2 0.0892591

28 2 0.0883749

29 2 0.087142

30 2 0.0855651

31 2 0.0836506

32 2 0.0814059

33 2 0.07884

34 2 0.0759629

35 2 0.072786

36 2 0.0693219

37 2 0.0655842

38 2 0.0615877

39 2 0.0573481

40 2 0.0528822

41 2 0.0482075

42 2 0.0433427

43 2 0.0383067

44 2 0.0331196

45 2 0.0278018

46 2 0.0223743

47 2 0.0168584

48 2 0.011276

49 2 0.00564917

50 2 0

0 3 0

1 3 0.00844587

2 3 0.0168584

3 3 0.0252044

4 3 0.033451

5 3 0.0415655

6 3 0.049516

7 3 0.057271

8 3 0.0648001

9 3 0.0720734

10 3 0.0790623

11 3 0.0857391

12 3 0.0920776

13 3 0.0980526

14 3 0.103641

15 3 0.10882

16 3 0.113569

17 3 0.117871

18 3 0.121707

19 3 0.125063

20 3 0.127925

21 3 0.130283

22 3 0.132126

23 3 0.133448

24 3 0.134243

25 3 0.134509

26 3 0.134243

27 3 0.133448

28 3 0.132126

29 3 0.130283

30 3 0.127925

31 3 0.125063

32 3 0.121707

33 3 0.117871

34 3 0.113569

35 3 0.10882

36 3 0.103641

37 3 0.0980526

38 3 0.0920776

39 3 0.0857391

40 3 0.0790623

41 3 0.0720734

42 3 0.0648001

43 3 0.057271

44 3 0.049516

45 3 0.0415655

46 3 0.033451

47 3 0.0252044

48 3 0.0168584

49 3 0.00844587

50 3 0

0 4 0

1 4 0.0112092

2 4 0.0223743

3 4 0.033451

4 4 0.0443957

5 4 0.0551651

6 4 0.0657169

7 4 0.0760093

8 4 0.0860018

9 4 0.0956548

10 4 0.10493

11 4 0.113792

12 4 0.122204

13 4 0.130134

14 4 0.137551

15 4 0.144424

16 4 0.150728

17 4 0.156437

18 4 0.161528

19 4 0.165982

20 4 0.169781

21 4 0.17291

22 4 0.175356

23 4 0.17711

24 4 0.178166

25 4 0.178518

26 4 0.178166

27 4 0.17711

28 4 0.175356

29 4 0.17291

30 4 0.169781

31 4 0.165982

32 4 0.161528

33 4 0.156437

34 4 0.150728

35 4 0.144424

36 4 0.137551

37 4 0.130134

38 4 0.122204

39 4 0.113792

40 4 0.10493

41 4 0.0956548

42 4 0.0860018

43 4 0.0760093

44 4 0.0657169

45 4 0.0551651

46 4 0.0443957

47 4 0.033451

48 4 0.0223743

49 4 0.0112092

50 4 0

0 5 0

1 5 0.0139284

2 5 0.0278018

3 5 0.0415655

4 5 0.0551651

5 5 0.0685471

6 5 0.0816585

7 5 0.0944476

8 5 0.106864

9 5 0.118859

10 5 0.130384

11 5 0.141395

12 5 0.151848

13 5 0.161702

14 5 0.170918

15 5 0.179459

16 5 0.187291

17 5 0.194385

18 5 0.200711

19 5 0.206246

20 5 0.210966

21 5 0.214854

22 5 0.217894

23 5 0.220074

24 5 0.221385

25 5 0.221823

26 5 0.221385

27 5 0.220074

28 5 0.217894

29 5 0.214854

30 5 0.210966

31 5 0.206246

32 5 0.200711

33 5 0.194385

34 5 0.187291

35 5 0.179459

36 5 0.170918

37 5 0.161702

38 5 0.151848

39 5 0.141395

40 5 0.130384

41 5 0.118859

42 5 0.106864

43 5 0.0944476

44 5 0.0816585

45 5 0.0685471

46 5 0.0551651

47 5 0.0415655

48 5 0.0278018

49 5 0.0139284

50 5 0

0 6 0

1 6 0.0165925

2 6 0.0331196

3 6 0.049516

4 6 0.0657169

5 6 0.0816585

6 6 0.0972778

7 6 0.112513

8 6 0.127305

9 6 0.141594

10 6 0.155324

11 6 0.168441

12 6 0.180893

13 6 0.192632

14 6 0.20361

15 6 0.213785

16 6 0.223116

17 6 0.231566

18 6 0.239103

19 6 0.245696

20 6 0.251319

21 6 0.25595

22 6 0.259572

23 6 0.262169

24 6 0.263731

25 6 0.264252

26 6 0.263731

27 6 0.262169

28 6 0.259572

29 6 0.25595

30 6 0.251319

31 6 0.245696

32 6 0.239103

33 6 0.231566

34 6 0.223116

35 6 0.213785

36 6 0.20361

37 6 0.192632

38 6 0.180893

39 6 0.168441

40 6 0.155324

41 6 0.141594

42 6 0.127305

43 6 0.112513

44 6 0.0972778

45 6 0.0816585

46 6 0.0657169

47 6 0.049516

48 6 0.0331196

49 6 0.0165925

50 6 0

0 7 0

1 7 0.0191912

2 7 0.0383067

3 7 0.057271

4 7 0.0760093

5 7 0.0944476

6 7 0.112513

7 7 0.130135

8 7 0.147243

9 7 0.16377

10 7 0.17965

11 7 0.194822

12 7 0.209224

13 7 0.222801

14 7 0.235499

15 7 0.247267

16 7 0.25806

17 7 0.267833

18 7 0.27655

19 7 0.284176

20 7 0.29068

21 7 0.296037

22 7 0.300225

23 7 0.303229

24 7 0.305036

25 7 0.305639

26 7 0.305036

27 7 0.303229

28 7 0.300225

29 7 0.296037

30 7 0.29068

31 7 0.284176

32 7 0.27655

33 7 0.267833

34 7 0.25806

35 7 0.247267

36 7 0.235499

37 7 0.222801

38 7 0.209224

39 7 0.194822

40 7 0.17965

41 7 0.16377

42 7 0.147243

43 7 0.130135

44 7 0.112513

45 7 0.0944476

46 7 0.0760093

47 7 0.057271

48 7 0.0383067

49 7 0.0191912

50 7 0

0 8 0

1 8 0.0217142

2 8 0.0433427

3 8 0.0648001

4 8 0.0860018

5 8 0.106864

6 8 0.127305

7 8 0.147243

8 8 0.1666

9 8 0.185299

10 8 0.203267

11 8 0.220434

12 8 0.23673

13 8 0.252091

14 8 0.266458

15 8 0.279774

16 8 0.291985

17 8 0.303044

18 8 0.312907

19 8 0.321535

20 8 0.328894

21 8 0.334955

22 8 0.339694

23 8 0.343092

24 8 0.345137

25 8 0.345819

26 8 0.345137

27 8 0.343092

28 8 0.339694

29 8 0.334955

30 8 0.328894

31 8 0.321535

32 8 0.312907

33 8 0.303044

34 8 0.291985

35 8 0.279774

36 8 0.266458

37 8 0.252091

38 8 0.23673

39 8 0.220434

40 8 0.203267

41 8 0.185299

42 8 0.1666

43 8 0.147243

44 8 0.127305

45 8 0.106864

46 8 0.0860018

47 8 0.0648001

48 8 0.0433427

49 8 0.0217142

50 8 0

0 9 0

1 9 0.0241514

2 9 0.0482075

3 9 0.0720734

4 9 0.0956548

5 9 0.118859

6 9 0.141594

7 9 0.16377

8 9 0.185299

9 9 0.206098

10 9 0.226083

11 9 0.245175

12 9 0.263301

13 9 0.280387

14 9 0.296366

15 9 0.311176

16 9 0.324758

17 9 0.337058

18 9 0.348028

19 9 0.357624

20 9 0.365809

21 9 0.372551

22 9 0.377822

23 9 0.381602

24 9 0.383876

25 9 0.384635

26 9 0.383876

27 9 0.381602

28 9 0.377822

29 9 0.372551

30 9 0.365809

31 9 0.357624

32 9 0.348028

33 9 0.337058

34 9 0.324758

35 9 0.311176

36 9 0.296366

37 9 0.280387

38 9 0.263301

39 9 0.245175

40 9 0.226083

41 9 0.206098

42 9 0.185299

43 9 0.16377

44 9 0.141594

45 9 0.118859

46 9 0.0956548

47 9 0.0720734

48 9 0.0482075

49 9 0.0241514

50 9 0

0 10 0

1 10 0.0264934

2 10 0.0528822

3 10 0.0790623

4 10 0.10493

5 10 0.130384

6 10 0.155324

7 10 0.17965

8 10 0.203267

9 10 0.226083

10 10 0.248006

11 10 0.26895

12 10 0.288833

13 10 0.307575

14 10 0.325105

15 10 0.34135

16 10 0.356249

17 10 0.369742

18 10 0.381776

19 10 0.392303

20 10 0.401282

21 10 0.408677

22 10 0.414459

23 10 0.418605

24 10 0.4211

25 10 0.421932

26 10 0.4211

27 10 0.418605

28 10 0.414459

29 10 0.408677

30 10 0.401282

31 10 0.392303

32 10 0.381776

33 10 0.369742

34 10 0.356249

35 10 0.34135

36 10 0.325105

37 10 0.307575

38 10 0.288833

39 10 0.26895

40 10 0.248006

41 10 0.226083

42 10 0.203267

43 10 0.17965

44 10 0.155324

45 10 0.130384

46 10 0.10493

47 10 0.0790623

48 10 0.0528822

49 10 0.0264934

50 10 0

0 11 0

1 11 0.0287307

2 11 0.0573481

3 11 0.0857391

4 11 0.113792

5 11 0.141395

6 11 0.168441

7 11 0.194822

8 11 0.220434

9 11 0.245175

10 11 0.26895

11 11 0.291663

12 11 0.313225

13 11 0.33355

14 11 0.35256

15 11 0.370178

16 11 0.386335

17 11 0.400967

18 11 0.414017

19 11 0.425433

20 11 0.43517

21 11 0.44319

22 11 0.44946

23 11 0.453957

24 11 0.456662

25 11 0.457565

26 11 0.456662

27 11 0.453957

28 11 0.44946

29 11 0.44319

30 11 0.43517

31 11 0.425433

32 11 0.414017

33 11 0.400967

34 11 0.386335

35 11 0.370178

36 11 0.35256

37 11 0.33355

38 11 0.313225

39 11 0.291663

40 11 0.26895

41 11 0.245175

42 11 0.220434

43 11 0.194822

44 11 0.168441

45 11 0.141395

46 11 0.113792

47 11 0.0857391

48 11 0.0573481

49 11 0.0287307

50 11 0

0 12 0

1 12 0.0308547

2 12 0.0615877

3 12 0.0920776

4 12 0.122204

5 12 0.151848

6 12 0.180893

7 12 0.209224

8 12 0.23673

9 12 0.263301

10 12 0.288833

11 12 0.313225

12 12 0.336381

13 12 0.358209

14 12 0.378624

15 12 0.397544

16 12 0.414895

17 12 0.43061

18 12 0.444624

19 12 0.456884

20 12 0.467341

21 12 0.475953

22 12 0.482688

23 12 0.487517

24 12 0.490422

25 12 0.491391

26 12 0.490422

27 12 0.487517

28 12 0.482688

29 12 0.475953

30 12 0.467341

31 12 0.456884

32 12 0.444624

33 12 0.43061

34 12 0.414895

35 12 0.397544

36 12 0.378624

37 12 0.358209

38 12 0.336381

39 12 0.313225

40 12 0.288833

41 12 0.263301

42 12 0.23673

43 12 0.209224

44 12 0.180893

45 12 0.151848

46 12 0.122204

47 12 0.0920776

48 12 0.0615877

49 12 0.0308547

50 12 0

0 13 0

1 13 0.0328569

2 13 0.0655842

3 13 0.0980526

4 13 0.130134

5 13 0.161702

6 13 0.192632

7 13 0.222801

8 13 0.252091

9 13 0.280387

10 13 0.307575

11 13 0.33355

12 13 0.358209

13 13 0.381454

14 13 0.403193

15 13 0.423341

16 13 0.441819

17 13 0.458553

18 13 0.473477

19 13 0.486532

20 13 0.497668

21 13 0.506839

22 13 0.51401

23 13 0.519152

24 13 0.522246

25 13 0.523279

26 13 0.522246

27 13 0.519152

28 13 0.51401

29 13 0.506839

30 13 0.497668

31 13 0.486532

32 13 0.473477

33 13 0.458553

34 13 0.441819

35 13 0.423341

36 13 0.403193

37 13 0.381454

38 13 0.358209

39 13 0.33355

40 13 0.307575

41 13 0.280387

42 13 0.252091

43 13 0.222801

44 13 0.192632

45 13 0.161702

46 13 0.130134

47 13 0.0980526

48 13 0.0655842

49 13 0.0328569

50 13 0

0 14 0

1 14 0.0347295

2 14 0.0693219

3 14 0.103641

4 14 0.137551

5 14 0.170918

6 14 0.20361

7 14 0.235499

8 14 0.266458

9 14 0.296366

10 14 0.325105

11 14 0.35256

12 14 0.378624

13 14 0.403193

14 14 0.426172

15 14 0.447468

16 14 0.466998

17 14 0.484686

18 14 0.500461

19 14 0.51426

20 14 0.52603

21 14 0.535724

22 14 0.543304

23 14 0.548739

24 14 0.552009

25 14 0.553101

26 14 0.552009

27 14 0.548739

28 14 0.543304

29 14 0.535724

30 14 0.52603

31 14 0.51426

32 14 0.500461

33 14 0.484686

34 14 0.466998

35 14 0.447468

36 14 0.426172

37 14 0.403193

38 14 0.378624

39 14 0.35256

40 14 0.325105

41 14 0.296366

42 14 0.266458

43 14 0.235499

44 14 0.20361

45 14 0.170918

46 14 0.137551

47 14 0.103641

48 14 0.0693219

49 14 0.0347295

50 14 0

0 15 0

1 15 0.036465

2 15 0.072786

3 15 0.10882

4 15 0.144424

5 15 0.179459

6 15 0.213785

7 15 0.247267

8 15 0.279774

9 15 0.311176

10 15 0.34135

11 15 0.370178

12 15 0.397544

13 15 0.423341

14 15 0.447468

15 15 0.469829

16 15 0.490335

17 15 0.508906

18 15 0.525469

19 15 0.539959

20 15 0.552317

21 15 0.562495

22 15 0.570454

23 15 0.576161

24 15 0.579594

25 15 0.58074

26 15 0.579594

27 15 0.576161

28 15 0.570454

29 15 0.562495

30 15 0.552317

31 15 0.539959

32 15 0.525469

33 15 0.508906

34 15 0.490335

35 15 0.469829

36 15 0.447468

37 15 0.423341

38 15 0.397544

39 15 0.370178

40 15 0.34135

41 15 0.311176

42 15 0.279774

43 15 0.247267

44 15 0.213785

45 15 0.179459

46 15 0.144424

47 15 0.10882

48 15 0.072786

49 15 0.036465

50 15 0

0 16 0

1 16 0.0380566

2 16 0.0759629

3 16 0.113569

4 16 0.150728

5 16 0.187291

6 16 0.223116

7 16 0.25806

8 16 0.291985

9 16 0.324758

10 16 0.356249

11 16 0.386335

12 16 0.414895

13 16 0.441819

14 16 0.466998

15 16 0.490335

16 16 0.511737

17 16 0.531119

18 16 0.548404

19 16 0.563526

20 16 0.576424

21 16 0.587046

22 16 0.595352

23 16 0.601308

24 16 0.604892

25 16 0.606088

26 16 0.604892

27 16 0.601308

28 16 0.595352

29 16 0.587046

30 16 0.576424

31 16 0.563526

32 16 0.548404

33 16 0.531119

34 16 0.511737

35 16 0.490335

36 16 0.466998

37 16 0.441819

38 16 0.414895

39 16 0.386335

40 16 0.356249

41 16 0.324758

42 16 0.291985

43 16 0.25806

44 16 0.223116

45 16 0.187291

46 16 0.150728

47 16 0.113569

48 16 0.0759629

49 16 0.0380566

50 16 0

0 17 0

1 17 0.0394979

2 17 0.07884

3 17 0.117871

4 17 0.156437

5 17 0.194385

6 17 0.231566

7 17 0.267833

8 17 0.303044

9 17 0.337058

10 17 0.369742

11 17 0.400967

12 17 0.43061

13 17 0.458553

14 17 0.484686

15 17 0.508906

16 17 0.531119

17 17 0.551235

18 17 0.569175

19 17 0.584869

20 17 0.598255

21 17 0.60928

22 17 0.617901

23 17 0.624083

24 17 0.627802

25 17 0.629043

26 17 0.627802

27 17 0.624083

28 17 0.617901

29 17 0.60928

30 17 0.598255

31 17 0.584869

32 17 0.569175

33 17 0.551235

34 17 0.531119

35 17 0.508906

36 17 0.484686

37 17 0.458553

38 17 0.43061

39 17 0.400967

40 17 0.369742

41 17 0.337058

42 17 0.303044

43 17 0.267833

44 17 0.231566

45 17 0.194385

46 17 0.156437

47 17 0.117871

48 17 0.07884

49 17 0.0394979

50 17 0

0 18 0

1 18 0.0407834

2 18 0.0814059

3 18 0.121707

4 18 0.161528

5 18 0.200711

6 18 0.239103

7 18 0.27655

8 18 0.312907

9 18 0.348028

10 18 0.381776

11 18 0.414017

12 18 0.444624

13 18 0.473477

14 18 0.500461

15 18 0.525469

16 18 0.548404

17 18 0.569175

18 18 0.5877

19 18 0.603905

20 18 0.617726

21 18 0.62911

22 18 0.638011

23 18 0.644394

24 18 0.648234

25 18 0.649516

26 18 0.648234

27 18 0.644394

28 18 0.638011

29 18 0.62911

30 18 0.617726

31 18 0.603905

32 18 0.5877

33 18 0.569175

34 18 0.548404

35 18 0.525469

36 18 0.500461

37 18 0.473477

38 18 0.444624

39 18 0.414017

40 18 0.381776

41 18 0.348028

42 18 0.312907

43 18 0.27655

44 18 0.239103

45 18 0.200711

46 18 0.161528

47 18 0.121707

48 18 0.0814059

49 18 0.0407834

50 18 0

0 19 0

1 19 0.041908

2 19 0.0836506

3 19 0.125063

4 19 0.165982

5 19 0.206246

6 19 0.245696

7 19 0.284176

8 19 0.321535

9 19 0.357624

10 19 0.392303

11 19 0.425433

12 19 0.456884

13 19 0.486532

14 19 0.51426

15 19 0.539959

16 19 0.563526

17 19 0.584869

18 19 0.603905

19 19 0.620556

20 19 0.634759

21 19 0.646457

22 19 0.655604

23 19 0.662163

24 19 0.666108

25 19 0.667425

26 19 0.666108

27 19 0.662163

28 19 0.655604

29 19 0.646457

30 19 0.634759

31 19 0.620556

32 19 0.603905

33 19 0.584869

34 19 0.563526

35 19 0.539959

36 19 0.51426

37 19 0.486532

38 19 0.456884

39 19 0.425433

40 19 0.392303

41 19 0.357624

42 19 0.321535

43 19 0.284176

44 19 0.245696

45 19 0.206246

46 19 0.165982

47 19 0.125063

48 19 0.0836506

49 19 0.041908

50 19 0

0 20 0

1 20 0.0428672

2 20 0.0855651

3 20 0.127925

4 20 0.169781

5 20 0.210966

6 20 0.251319

7 20 0.29068

8 20 0.328894

9 20 0.365809

10 20 0.401282

11 20 0.43517

12 20 0.467341

13 20 0.497668

14 20 0.52603

15 20 0.552317

16 20 0.576424

17 20 0.598255

18 20 0.617726

19 20 0.634759

20 20 0.649287

21 20 0.661253

22 20 0.670608

23 20 0.677318

24 20 0.681354

25 20 0.682701

26 20 0.681354

27 20 0.677318

28 20 0.670608

29 20 0.661253

30 20 0.649287

31 20 0.634759

32 20 0.617726

33 20 0.598255

34 20 0.576424

35 20 0.552317

36 20 0.52603

37 20 0.497668

38 20 0.467341

39 20 0.43517

40 20 0.401282

41 20 0.365809

42 20 0.328894

43 20 0.29068

44 20 0.251319

45 20 0.210966

46 20 0.169781

47 20 0.127925

48 20 0.0855651

49 20 0.0428672

50 20 0

0 21 0

1 21 0.0436571

2 21 0.087142

3 21 0.130283

4 21 0.17291

5 21 0.214854

6 21 0.25595

7 21 0.296037

8 21 0.334955

9 21 0.372551

10 21 0.408677

11 21 0.44319

12 21 0.475953

13 21 0.506839

14 21 0.535724

15 21 0.562495

16 21 0.587046

17 21 0.60928

18 21 0.62911

19 21 0.646457

20 21 0.661253

21 21 0.673439

22 21 0.682967

23 21 0.6898

24 21 0.69391

25 21 0.695282

26 21 0.69391

27 21 0.6898

28 21 0.682967

29 21 0.673439

30 21 0.661253

31 21 0.646457

32 21 0.62911

33 21 0.60928

34 21 0.587046

35 21 0.562495

36 21 0.535724

37 21 0.506839

38 21 0.475953

39 21 0.44319

40 21 0.408677

41 21 0.372551

42 21 0.334955

43 21 0.296037

44 21 0.25595

45 21 0.214854

46 21 0.17291

47 21 0.130283

48 21 0.087142

49 21 0.0436571

50 21 0

0 22 0

1 22 0.0442748

2 22 0.0883749

3 22 0.132126

4 22 0.175356

5 22 0.217894

6 22 0.259572

7 22 0.300225

8 22 0.339694

9 22 0.377822

10 22 0.414459

11 22 0.44946

12 22 0.482688

13 22 0.51401

14 22 0.543304

15 22 0.570454

16 22 0.595352

17 22 0.617901

18 22 0.638011

19 22 0.655604

20 22 0.670608

21 22 0.682967

22 22 0.69263

23 22 0.699559

24 22 0.703728

25 22 0.705119

26 22 0.703728

27 22 0.699559

28 22 0.69263

29 22 0.682967

30 22 0.670608

31 22 0.655604

32 22 0.638011

33 22 0.617901

34 22 0.595352

35 22 0.570454

36 22 0.543304

37 22 0.51401

38 22 0.482688

39 22 0.44946

40 22 0.414459

41 22 0.377822

42 22 0.339694

43 22 0.300225

44 22 0.259572

45 22 0.217894

46 22 0.175356

47 22 0.132126

48 22 0.0883749

49 22 0.0442748

50 22 0

0 23 0

1 23 0.0447178

2 23 0.0892591

3 23 0.133448

4 23 0.17711

5 23 0.220074

6 23 0.262169

7 23 0.303229

8 23 0.343092

9 23 0.381602

10 23 0.418605

11 23 0.453957

12 23 0.487517

13 23 0.519152

14 23 0.548739

15 23 0.576161

16 23 0.601308

17 23 0.624083

18 23 0.644394

19 23 0.662163

20 23 0.677318

21 23 0.6898

22 23 0.699559

23 23 0.706558

24 23 0.710769

25 23 0.712174

26 23 0.710769

27 23 0.706558

28 23 0.699559

29 23 0.6898

30 23 0.677318

31 23 0.662163

32 23 0.644394

33 23 0.624083

34 23 0.601308

35 23 0.576161

36 23 0.548739

37 23 0.519152

38 23 0.487517

39 23 0.453957

40 23 0.418605

41 23 0.381602

42 23 0.343092

43 23 0.303229

44 23 0.262169

45 23 0.220074

46 23 0.17711

47 23 0.133448

48 23 0.0892591

49 23 0.0447178

50 23 0

0 24 0

1 24 0.0449842

2 24 0.089791

3 24 0.134243

4 24 0.178166

5 24 0.221385

6 24 0.263731

7 24 0.305036

8 24 0.345137

9 24 0.383876

10 24 0.4211

11 24 0.456662

12 24 0.490422

13 24 0.522246

14 24 0.552009

15 24 0.579594

16 24 0.604892

17 24 0.627802

18 24 0.648234

19 24 0.666108

20 24 0.681354

21 24 0.69391

22 24 0.703728

23 24 0.710769

24 24 0.715004

25 24 0.716418

26 24 0.715004

27 24 0.710769

28 24 0.703728

29 24 0.69391

30 24 0.681354

31 24 0.666108

32 24 0.648234

33 24 0.627802

34 24 0.604892

35 24 0.579594

36 24 0.552009

37 24 0.522246

38 24 0.490422

39 24 0.456662

40 24 0.4211

41 24 0.383876

42 24 0.345137

43 24 0.305036

44 24 0.263731

45 24 0.221385

46 24 0.178166

47 24 0.134243

48 24 0.089791

49 24 0.0449842

50 24 0

0 25 0

1 25 0.0450732

2 25 0.0899685

3 25 0.134509

4 25 0.178518

5 25 0.221823

6 25 0.264252

7 25 0.305639

8 25 0.345819

9 25 0.384635

10 25 0.421932

11 25 0.457565

12 25 0.491391

13 25 0.523279

14 25 0.553101

15 25 0.58074

16 25 0.606088

17 25 0.629043

18 25 0.649516

19 25 0.667425

20 25 0.682701

21 25 0.695282

22 25 0.705119

23 25 0.712174

24 25 0.716418

25 25 0.717834

26 25 0.716418

27 25 0.712174

28 25 0.705119

29 25 0.695282

30 25 0.682701

31 25 0.667425

32 25 0.649516

33 25 0.629043

34 25 0.606088

35 25 0.58074

36 25 0.553101

37 25 0.523279

38 25 0.491391

39 25 0.457565

40 25 0.421932

41 25 0.384635

42 25 0.345819

43 25 0.305639

44 25 0.264252

45 25 0.221823

46 25 0.178518

47 25 0.134509

48 25 0.0899685

49 25 0.0450732

50 25 0

0 26 0

1 26 0.0449842

2 26 0.089791

3 26 0.134243

4 26 0.178166

5 26 0.221385

6 26 0.263731

7 26 0.305036

8 26 0.345137

9 26 0.383876

10 26 0.4211

11 26 0.456662

12 26 0.490422

13 26 0.522246

14 26 0.552009

15 26 0.579594

16 26 0.604892

17 26 0.627802

18 26 0.648234

19 26 0.666108

20 26 0.681354

21 26 0.69391

22 26 0.703728

23 26 0.710769

24 26 0.715004

25 26 0.716418

26 26 0.715004

27 26 0.710769

28 26 0.703728

29 26 0.69391

30 26 0.681354

31 26 0.666108

32 26 0.648234

33 26 0.627802

34 26 0.604892

35 26 0.579594

36 26 0.552009

37 26 0.522246

38 26 0.490422

39 26 0.456662

40 26 0.4211

41 26 0.383876

42 26 0.345137

43 26 0.305036

44 26 0.263731

45 26 0.221385

46 26 0.178166

47 26 0.134243

48 26 0.089791

49 26 0.0449842

50 26 0

0 27 0

1 27 0.0447178

2 27 0.0892591

3 27 0.133448

4 27 0.17711

5 27 0.220074

6 27 0.262169

7 27 0.303229

8 27 0.343092

9 27 0.381602

10 27 0.418605

11 27 0.453957

12 27 0.487517

13 27 0.519152

14 27 0.548739

15 27 0.576161

16 27 0.601308

17 27 0.624083

18 27 0.644394

19 27 0.662163

20 27 0.677318

21 27 0.6898

22 27 0.699559

23 27 0.706558

24 27 0.710769

25 27 0.712174

26 27 0.710769

27 27 0.706558

28 27 0.699559

29 27 0.6898

30 27 0.677318

31 27 0.662163

32 27 0.644394

33 27 0.624083

34 27 0.601308

35 27 0.576161

36 27 0.548739

37 27 0.519152

38 27 0.487517

39 27 0.453957

40 27 0.418605

41 27 0.381602

42 27 0.343092

43 27 0.303229

44 27 0.262169

45 27 0.220074

46 27 0.17711

47 27 0.133448

48 27 0.0892591

49 27 0.0447178

50 27 0

0 28 0

1 28 0.0442748

2 28 0.0883749

3 28 0.132126

4 28 0.175356

5 28 0.217894

6 28 0.259572

7 28 0.300225

8 28 0.339694

9 28 0.377822

10 28 0.414459

11 28 0.44946

12 28 0.482688

13 28 0.51401

14 28 0.543304

15 28 0.570454

16 28 0.595352

17 28 0.617901

18 28 0.638011

19 28 0.655604

20 28 0.670608

21 28 0.682967

22 28 0.69263

23 28 0.699559

24 28 0.703728

25 28 0.705119

26 28 0.703728

27 28 0.699559

28 28 0.69263

29 28 0.682967

30 28 0.670608

31 28 0.655604

32 28 0.638011

33 28 0.617901

34 28 0.595352

35 28 0.570454

36 28 0.543304

37 28 0.51401

38 28 0.482688

39 28 0.44946

40 28 0.414459

41 28 0.377822

42 28 0.339694

43 28 0.300225

44 28 0.259572

45 28 0.217894

46 28 0.175356

47 28 0.132126

48 28 0.0883749

49 28 0.0442748

50 28 0

0 29 0

1 29 0.0436571

2 29 0.087142

3 29 0.130283

4 29 0.17291

5 29 0.214854

6 29 0.25595

7 29 0.296037

8 29 0.334955

9 29 0.372551

10 29 0.408677

11 29 0.44319

12 29 0.475953

13 29 0.506839

14 29 0.535724

15 29 0.562495

16 29 0.587046

17 29 0.60928

18 29 0.62911

19 29 0.646457

20 29 0.661253

21 29 0.673439

22 29 0.682967

23 29 0.6898

24 29 0.69391

25 29 0.695282

26 29 0.69391

27 29 0.6898

28 29 0.682967

29 29 0.673439

30 29 0.661253

31 29 0.646457

32 29 0.62911

33 29 0.60928

34 29 0.587046

35 29 0.562495

36 29 0.535724

37 29 0.506839

38 29 0.475953

39 29 0.44319

40 29 0.408677

41 29 0.372551

42 29 0.334955

43 29 0.296037

44 29 0.25595

45 29 0.214854

46 29 0.17291

47 29 0.130283

48 29 0.087142

49 29 0.0436571

50 29 0

0 30 0

1 30 0.0428672

2 30 0.0855651

3 30 0.127925

4 30 0.169781

5 30 0.210966

6 30 0.251319

7 30 0.29068

8 30 0.328894

9 30 0.365809

10 30 0.401282

11 30 0.43517

12 30 0.467341

13 30 0.497668

14 30 0.52603

15 30 0.552317

16 30 0.576424

17 30 0.598255

18 30 0.617726

19 30 0.634759

20 30 0.649287

21 30 0.661253

22 30 0.670608

23 30 0.677318

24 30 0.681354

25 30 0.682701

26 30 0.681354

27 30 0.677318

28 30 0.670608

29 30 0.661253

30 30 0.649287

31 30 0.634759

32 30 0.617726

33 30 0.598255

34 30 0.576424

35 30 0.552317

36 30 0.52603

37 30 0.497668

38 30 0.467341

39 30 0.43517

40 30 0.401282

41 30 0.365809

42 30 0.328894

43 30 0.29068

44 30 0.251319

45 30 0.210966

46 30 0.169781

47 30 0.127925

48 30 0.0855651

49 30 0.0428672

50 30 0

0 31 0

1 31 0.041908

2 31 0.0836506

3 31 0.125063

4 31 0.165982

5 31 0.206246

6 31 0.245696

7 31 0.284176

8 31 0.321535

9 31 0.357624

10 31 0.392303

11 31 0.425433

12 31 0.456884

13 31 0.486532

14 31 0.51426

15 31 0.539959

16 31 0.563526

17 31 0.584869

18 31 0.603905

19 31 0.620556

20 31 0.634759

21 31 0.646457

22 31 0.655604

23 31 0.662163

24 31 0.666108

25 31 0.667425

26 31 0.666108

27 31 0.662163

28 31 0.655604

29 31 0.646457

30 31 0.634759

31 31 0.620556

32 31 0.603905

33 31 0.584869

34 31 0.563526

35 31 0.539959

36 31 0.51426

37 31 0.486532

38 31 0.456884

39 31 0.425433

40 31 0.392303

41 31 0.357624

42 31 0.321535

43 31 0.284176

44 31 0.245696

45 31 0.206246

46 31 0.165982

47 31 0.125063

48 31 0.0836506

49 31 0.041908

50 31 0

0 32 0

1 32 0.0407834

2 32 0.0814059

3 32 0.121707

4 32 0.161528

5 32 0.200711

6 32 0.239103

7 32 0.27655

8 32 0.312907

9 32 0.348028

10 32 0.381776

11 32 0.414017

12 32 0.444624

13 32 0.473477

14 32 0.500461

15 32 0.525469

16 32 0.548404

17 32 0.569175

18 32 0.5877

19 32 0.603905

20 32 0.617726

21 32 0.62911

22 32 0.638011

23 32 0.644394

24 32 0.648234

25 32 0.649516

26 32 0.648234

27 32 0.644394

28 32 0.638011

29 32 0.62911

30 32 0.617726

31 32 0.603905

32 32 0.5877

33 32 0.569175

34 32 0.548404

35 32 0.525469

36 32 0.500461

37 32 0.473477

38 32 0.444624

39 32 0.414017

40 32 0.381776

41 32 0.348028

42 32 0.312907

43 32 0.27655

44 32 0.239103

45 32 0.200711

46 32 0.161528

47 32 0.121707

48 32 0.0814059

49 32 0.0407834

50 32 0

0 33 0

1 33 0.0394979

2 33 0.07884

3 33 0.117871

4 33 0.156437

5 33 0.194385

6 33 0.231566

7 33 0.267833

8 33 0.303044

9 33 0.337058

10 33 0.369742

11 33 0.400967

12 33 0.43061

13 33 0.458553

14 33 0.484686

15 33 0.508906

16 33 0.531119

17 33 0.551235

18 33 0.569175

19 33 0.584869

20 33 0.598255

21 33 0.60928

22 33 0.617901

23 33 0.624083

24 33 0.627802

25 33 0.629043

26 33 0.627802

27 33 0.624083

28 33 0.617901

29 33 0.60928

30 33 0.598255

31 33 0.584869

32 33 0.569175

33 33 0.551235

34 33 0.531119

35 33 0.508906

36 33 0.484686

37 33 0.458553

38 33 0.43061

39 33 0.400967

40 33 0.369742

41 33 0.337058

42 33 0.303044

43 33 0.267833

44 33 0.231566

45 33 0.194385

46 33 0.156437

47 33 0.117871

48 33 0.07884

49 33 0.0394979

50 33 0

0 34 0

1 34 0.0380566

2 34 0.0759629

3 34 0.113569

4 34 0.150728

5 34 0.187291

6 34 0.223116

7 34 0.25806

8 34 0.291985

9 34 0.324758

10 34 0.356249

11 34 0.386335

12 34 0.414895

13 34 0.441819

14 34 0.466998

15 34 0.490335

16 34 0.511737

17 34 0.531119

18 34 0.548404

19 34 0.563526

20 34 0.576424

21 34 0.587046

22 34 0.595352

23 34 0.601308

24 34 0.604892

25 34 0.606088

26 34 0.604892

27 34 0.601308

28 34 0.595352

29 34 0.587046

30 34 0.576424

31 34 0.563526

32 34 0.548404

33 34 0.531119

34 34 0.511737

35 34 0.490335

36 34 0.466998

37 34 0.441819

38 34 0.414895

39 34 0.386335

40 34 0.356249

41 34 0.324758

42 34 0.291985

43 34 0.25806

44 34 0.223116

45 34 0.187291

46 34 0.150728

47 34 0.113569

48 34 0.0759629

49 34 0.0380566

50 34 0

0 35 0

1 35 0.036465

2 35 0.072786

3 35 0.10882

4 35 0.144424

5 35 0.179459

6 35 0.213785

7 35 0.247267

8 35 0.279774

9 35 0.311176

10 35 0.34135

11 35 0.370178

12 35 0.397544

13 35 0.423341

14 35 0.447468

15 35 0.469829

16 35 0.490335

17 35 0.508906

18 35 0.525469

19 35 0.539959

20 35 0.552317

21 35 0.562495

22 35 0.570454

23 35 0.576161

24 35 0.579594

25 35 0.58074

26 35 0.579594

27 35 0.576161

28 35 0.570454

29 35 0.562495

30 35 0.552317

31 35 0.539959

32 35 0.525469

33 35 0.508906

34 35 0.490335

35 35 0.469829

36 35 0.447468

37 35 0.423341

38 35 0.397544

39 35 0.370178

40 35 0.34135

41 35 0.311176

42 35 0.279774

43 35 0.247267

44 35 0.213785

45 35 0.179459

46 35 0.144424

47 35 0.10882

48 35 0.072786

49 35 0.036465

50 35 0

0 36 0

1 36 0.0347295

2 36 0.0693219

3 36 0.103641

4 36 0.137551

5 36 0.170918

6 36 0.20361

7 36 0.235499

8 36 0.266458

9 36 0.296366

10 36 0.325105

11 36 0.35256

12 36 0.378624

13 36 0.403193

14 36 0.426172

15 36 0.447468

16 36 0.466998

17 36 0.484686

18 36 0.500461

19 36 0.51426

20 36 0.52603

21 36 0.535724

22 36 0.543304

23 36 0.548739

24 36 0.552009

25 36 0.553101

26 36 0.552009

27 36 0.548739

28 36 0.543304

29 36 0.535724

30 36 0.52603

31 36 0.51426

32 36 0.500461

33 36 0.484686

34 36 0.466998

35 36 0.447468

36 36 0.426172

37 36 0.403193

38 36 0.378624

39 36 0.35256

40 36 0.325105

41 36 0.296366

42 36 0.266458

43 36 0.235499

44 36 0.20361

45 36 0.170918

46 36 0.137551

47 36 0.103641

48 36 0.0693219

49 36 0.0347295

50 36 0

0 37 0

1 37 0.0328569

2 37 0.0655842

3 37 0.0980526

4 37 0.130134

5 37 0.161702

6 37 0.192632

7 37 0.222801

8 37 0.252091

9 37 0.280387

10 37 0.307575

11 37 0.33355

12 37 0.358209

13 37 0.381454

14 37 0.403193

15 37 0.423341

16 37 0.441819

17 37 0.458553

18 37 0.473477

19 37 0.486532

20 37 0.497668

21 37 0.506839

22 37 0.51401

23 37 0.519152

24 37 0.522246

25 37 0.523279

26 37 0.522246

27 37 0.519152

28 37 0.51401

29 37 0.506839

30 37 0.497668

31 37 0.486532

32 37 0.473477

33 37 0.458553

34 37 0.441819

35 37 0.423341

36 37 0.403193

37 37 0.381454

38 37 0.358209

39 37 0.33355

40 37 0.307575

41 37 0.280387

42 37 0.252091

43 37 0.222801

44 37 0.192632

45 37 0.161702

46 37 0.130134

47 37 0.0980526

48 37 0.0655842

49 37 0.0328569

50 37 0

0 38 0

1 38 0.0308547

2 38 0.0615877

3 38 0.0920776

4 38 0.122204

5 38 0.151848

6 38 0.180893

7 38 0.209224

8 38 0.23673

9 38 0.263301

10 38 0.288833

11 38 0.313225

12 38 0.336381

13 38 0.358209

14 38 0.378624

15 38 0.397544

16 38 0.414895

17 38 0.43061

18 38 0.444624

19 38 0.456884

20 38 0.467341

21 38 0.475953

22 38 0.482688

23 38 0.487517

24 38 0.490422

25 38 0.491391

26 38 0.490422

27 38 0.487517

28 38 0.482688

29 38 0.475953

30 38 0.467341

31 38 0.456884

32 38 0.444624

33 38 0.43061

34 38 0.414895

35 38 0.397544

36 38 0.378624

37 38 0.358209

38 38 0.336381

39 38 0.313225

40 38 0.288833

41 38 0.263301

42 38 0.23673

43 38 0.209224

44 38 0.180893

45 38 0.151848

46 38 0.122204

47 38 0.0920776

48 38 0.0615877

49 38 0.0308547

50 38 0

0 39 0

1 39 0.0287307

2 39 0.0573481

3 39 0.0857391

4 39 0.113792

5 39 0.141395

6 39 0.168441

7 39 0.194822

8 39 0.220434

9 39 0.245175

10 39 0.26895

11 39 0.291663

12 39 0.313225

13 39 0.33355

14 39 0.35256

15 39 0.370178

16 39 0.386335

17 39 0.400967

18 39 0.414017

19 39 0.425433

20 39 0.43517

21 39 0.44319

22 39 0.44946

23 39 0.453957

24 39 0.456662

25 39 0.457565

26 39 0.456662

27 39 0.453957

28 39 0.44946

29 39 0.44319

30 39 0.43517

31 39 0.425433

32 39 0.414017

33 39 0.400967

34 39 0.386335

35 39 0.370178

36 39 0.35256

37 39 0.33355

38 39 0.313225

39 39 0.291663

40 39 0.26895

41 39 0.245175

42 39 0.220434

43 39 0.194822

44 39 0.168441

45 39 0.141395

46 39 0.113792

47 39 0.0857391

48 39 0.0573481

49 39 0.0287307

50 39 0

0 40 0

1 40 0.0264934

2 40 0.0528822

3 40 0.0790623

4 40 0.10493

5 40 0.130384

6 40 0.155324

7 40 0.17965

8 40 0.203267

9 40 0.226083

10 40 0.248006

11 40 0.26895

12 40 0.288833

13 40 0.307575

14 40 0.325105

15 40 0.34135

16 40 0.356249

17 40 0.369742

18 40 0.381776

19 40 0.392303

20 40 0.401282

21 40 0.408677

22 40 0.414459

23 40 0.418605

24 40 0.4211

25 40 0.421932

26 40 0.4211

27 40 0.418605

28 40 0.414459

29 40 0.408677

30 40 0.401282

31 40 0.392303

32 40 0.381776

33 40 0.369742

34 40 0.356249

35 40 0.34135

36 40 0.325105

37 40 0.307575

38 40 0.288833

39 40 0.26895

40 40 0.248006

41 40 0.226083

42 40 0.203267

43 40 0.17965

44 40 0.155324

45 40 0.130384

46 40 0.10493

47 40 0.0790623

48 40 0.0528822

49 40 0.0264934

50 40 0

0 41 0

1 41 0.0241514

2 41 0.0482075

3 41 0.0720734

4 41 0.0956548

5 41 0.118859

6 41 0.141594

7 41 0.16377

8 41 0.185299

9 41 0.206098

10 41 0.226083

11 41 0.245175

12 41 0.263301

13 41 0.280387

14 41 0.296366

15 41 0.311176

16 41 0.324758

17 41 0.337058

18 41 0.348028

19 41 0.357624

20 41 0.365809

21 41 0.372551

22 41 0.377822

23 41 0.381602

24 41 0.383876

25 41 0.384635

26 41 0.383876

27 41 0.381602

28 41 0.377822

29 41 0.372551

30 41 0.365809

31 41 0.357624

32 41 0.348028

33 41 0.337058

34 41 0.324758

35 41 0.311176

36 41 0.296366

37 41 0.280387

38 41 0.263301

39 41 0.245175

40 41 0.226083

41 41 0.206098

42 41 0.185299

43 41 0.16377

44 41 0.141594

45 41 0.118859

46 41 0.0956548

47 41 0.0720734

48 41 0.0482075

49 41 0.0241514

50 41 0

0 42 0

1 42 0.0217142

2 42 0.0433427

3 42 0.0648001

4 42 0.0860018

5 42 0.106864

6 42 0.127305

7 42 0.147243

8 42 0.1666

9 42 0.185299

10 42 0.203267

11 42 0.220434

12 42 0.23673

13 42 0.252091

14 42 0.266458

15 42 0.279774

16 42 0.291985

17 42 0.303044

18 42 0.312907

19 42 0.321535

20 42 0.328894

21 42 0.334955

22 42 0.339694

23 42 0.343092

24 42 0.345137

25 42 0.345819

26 42 0.345137

27 42 0.343092

28 42 0.339694

29 42 0.334955

30 42 0.328894

31 42 0.321535

32 42 0.312907

33 42 0.303044

34 42 0.291985

35 42 0.279774

36 42 0.266458

37 42 0.252091

38 42 0.23673

39 42 0.220434

40 42 0.203267

41 42 0.185299

42 42 0.1666

43 42 0.147243

44 42 0.127305

45 42 0.106864

46 42 0.0860018

47 42 0.0648001

48 42 0.0433427

49 42 0.0217142

50 42 0

0 43 0

1 43 0.0191912

2 43 0.0383067

3 43 0.057271

4 43 0.0760093

5 43 0.0944476

6 43 0.112513

7 43 0.130135

8 43 0.147243

9 43 0.16377

10 43 0.17965

11 43 0.194822

12 43 0.209224

13 43 0.222801

14 43 0.235499

15 43 0.247267

16 43 0.25806

17 43 0.267833

18 43 0.27655

19 43 0.284176

20 43 0.29068

21 43 0.296037

22 43 0.300225

23 43 0.303229

24 43 0.305036

25 43 0.305639

26 43 0.305036

27 43 0.303229

28 43 0.300225

29 43 0.296037

30 43 0.29068

31 43 0.284176

32 43 0.27655

33 43 0.267833

34 43 0.25806

35 43 0.247267

36 43 0.235499

37 43 0.222801

38 43 0.209224

39 43 0.194822

40 43 0.17965

41 43 0.16377

42 43 0.147243

43 43 0.130135

44 43 0.112513

45 43 0.0944476

46 43 0.0760093

47 43 0.057271

48 43 0.0383067

49 43 0.0191912

50 43 0

0 44 0

1 44 0.0165925

2 44 0.0331196

3 44 0.049516

4 44 0.0657169

5 44 0.0816585

6 44 0.0972778

7 44 0.112513

8 44 0.127305

9 44 0.141594

10 44 0.155324

11 44 0.168441

12 44 0.180893

13 44 0.192632

14 44 0.20361

15 44 0.213785

16 44 0.223116

17 44 0.231566

18 44 0.239103

19 44 0.245696

20 44 0.251319

21 44 0.25595

22 44 0.259572

23 44 0.262169

24 44 0.263731

25 44 0.264252

26 44 0.263731

27 44 0.262169

28 44 0.259572

29 44 0.25595

30 44 0.251319

31 44 0.245696

32 44 0.239103

33 44 0.231566

34 44 0.223116

35 44 0.213785

36 44 0.20361

37 44 0.192632

38 44 0.180893

39 44 0.168441

40 44 0.155324

41 44 0.141594

42 44 0.127305

43 44 0.112513

44 44 0.0972778

45 44 0.0816585

46 44 0.0657169

47 44 0.049516

48 44 0.0331196

49 44 0.0165925

50 44 0

0 45 0

1 45 0.0139284

2 45 0.0278018

3 45 0.0415655

4 45 0.0551651

5 45 0.0685471

6 45 0.0816585

7 45 0.0944476

8 45 0.106864

9 45 0.118859

10 45 0.130384

11 45 0.141395

12 45 0.151848

13 45 0.161702

14 45 0.170918

15 45 0.179459

16 45 0.187291

17 45 0.194385

18 45 0.200711

19 45 0.206246

20 45 0.210966

21 45 0.214854

22 45 0.217894

23 45 0.220074

24 45 0.221385

25 45 0.221823

26 45 0.221385

27 45 0.220074

28 45 0.217894

29 45 0.214854

30 45 0.210966

31 45 0.206246

32 45 0.200711

33 45 0.194385

34 45 0.187291

35 45 0.179459

36 45 0.170918

37 45 0.161702

38 45 0.151848

39 45 0.141395

40 45 0.130384

41 45 0.118859

42 45 0.106864

43 45 0.0944476

44 45 0.0816585

45 45 0.0685471

46 45 0.0551651

47 45 0.0415655

48 45 0.0278018

49 45 0.0139284

50 45 0

0 46 0

1 46 0.0112092

2 46 0.0223743

3 46 0.033451

4 46 0.0443957

5 46 0.0551651

6 46 0.0657169

7 46 0.0760093

8 46 0.0860018

9 46 0.0956548

10 46 0.10493

11 46 0.113792

12 46 0.122204

13 46 0.130134

14 46 0.137551

15 46 0.144424

16 46 0.150728

17 46 0.156437

18 46 0.161528

19 46 0.165982

20 46 0.169781

21 46 0.17291

22 46 0.175356

23 46 0.17711

24 46 0.178166

25 46 0.178518

26 46 0.178166

27 46 0.17711

28 46 0.175356

29 46 0.17291

30 46 0.169781

31 46 0.165982

32 46 0.161528

33 46 0.156437

34 46 0.150728

35 46 0.144424

36 46 0.137551

37 46 0.130134

38 46 0.122204

39 46 0.113792

40 46 0.10493

41 46 0.0956548

42 46 0.0860018

43 46 0.0760093

44 46 0.0657169

45 46 0.0551651

46 46 0.0443957

47 46 0.033451

48 46 0.0223743

49 46 0.0112092

50 46 0

0 47 0

1 47 0.00844587

2 47 0.0168584

3 47 0.0252044

4 47 0.033451

5 47 0.0415655

6 47 0.049516

7 47 0.057271

8 47 0.0648001

9 47 0.0720734

10 47 0.0790623

11 47 0.0857391

12 47 0.0920776

13 47 0.0980526

14 47 0.103641

15 47 0.10882

16 47 0.113569

17 47 0.117871

18 47 0.121707

19 47 0.125063

20 47 0.127925

21 47 0.130283

22 47 0.132126

23 47 0.133448

24 47 0.134243

25 47 0.134509

26 47 0.134243

27 47 0.133448

28 47 0.132126

29 47 0.130283

30 47 0.127925

31 47 0.125063

32 47 0.121707

33 47 0.117871

34 47 0.113569

35 47 0.10882

36 47 0.103641

37 47 0.0980526

38 47 0.0920776

39 47 0.0857391

40 47 0.0790623

41 47 0.0720734

42 47 0.0648001

43 47 0.057271

44 47 0.049516

45 47 0.0415655

46 47 0.033451

47 47 0.0252044

48 47 0.0168584

49 47 0.00844587

50 47 0

0 48 0

1 48 0.00564917

2 48 0.011276

3 48 0.0168584

4 48 0.0223743

5 48 0.0278018

6 48 0.0331196

7 48 0.0383067

8 48 0.0433427

9 48 0.0482075

10 48 0.0528822

11 48 0.0573481

12 48 0.0615877

13 48 0.0655842

14 48 0.0693219

15 48 0.072786

16 48 0.0759629

17 48 0.07884

18 48 0.0814059

19 48 0.0836506

20 48 0.0855651

21 48 0.087142

22 48 0.0883749

23 48 0.0892591

24 48 0.089791

25 48 0.0899685

26 48 0.089791

27 48 0.0892591

28 48 0.0883749

29 48 0.087142

30 48 0.0855651

31 48 0.0836506

32 48 0.0814059

33 48 0.07884

34 48 0.0759629

35 48 0.072786

36 48 0.0693219

37 48 0.0655842

38 48 0.0615877

39 48 0.0573481

40 48 0.0528822

41 48 0.0482075

42 48 0.0433427

43 48 0.0383067

44 48 0.0331196

45 48 0.0278018

46 48 0.0223743

47 48 0.0168584

48 48 0.011276

49 48 0.00564917

50 48 0

0 49 0

1 49 0.00283017

2 49 0.00564917

3 49 0.00844587

4 49 0.0112092

5 49 0.0139284

6 49 0.0165925

7 49 0.0191912

8 49 0.0217142

9 49 0.0241514

10 49 0.0264934

11 49 0.0287307

12 49 0.0308547

13 49 0.0328569

14 49 0.0347295

15 49 0.036465

16 49 0.0380566

17 49 0.0394979

18 49 0.0407834

19 49 0.041908

20 49 0.0428672

21 49 0.0436571

22 49 0.0442748

23 49 0.0447178

24 49 0.0449842

25 49 0.0450732

26 49 0.0449842

27 49 0.0447178

28 49 0.0442748

29 49 0.0436571

30 49 0.0428672

31 49 0.041908

32 49 0.0407834

33 49 0.0394979

34 49 0.0380566

35 49 0.036465

36 49 0.0347295

37 49 0.0328569

38 49 0.0308547

39 49 0.0287307

40 49 0.0264934

41 49 0.0241514

42 49 0.0217142

43 49 0.0191912

44 49 0.0165925

45 49 0.0139284

46 49 0.0112092

47 49 0.00844587

48 49 0.00564917

49 49 0.00283017

50 49 0

