0 1 0

1 1 0.000482994

2 1 0.000964081

3 1 0.00144136

4 1 0.00191296

5 1 0.002377

6 1 0.00283167

7 1 0.00327516

8 1 0.00370572

9 1 0.00412166

10 1 0.00452133

11 1 0.00490316

12 1 0.00526563

13 1 0.00560733

14 1 0.0059269

15 1 0.00622308

16 1 0.00649469

17 1 0.00674068

18 1 0.00696006

19 1 0.00715197

20 1 0.00731566

21 1 0.00745048

22 1 0.00755589

23 1 0.00763149

24 1 0.00767697

25 1 0.00769214

26 1 0.00767697

27 1 0.00763149

28 1 0.00755589

29 1 0.00745048

30 1 0.00731566

31 1 0.00715197

32 1 0.00696006

33 1 0.00674068

34 1 0.00649469

35 1 0.00622308

36 1 0.0059269

37 1 0.00560733

38 1 0.00526563

39 1 0.00490316

40 1 0.00452133

41 1 0.00412166

42 1 0.00370572

43 1 0.00327516

44 1 0.00283167

45 1 0.002377

46 1 0.00191296

47 1 0.00144136

48 1 0.000964081

49 1 0.000482994

50 1 0

0 2 0

1 2 0.000964081

2 2 0.00192436

3 2 0.00287704

4 2 0.00381837

5 2 0.00474463

6 2 0.00565216

7 2 0.00653739

8 2 0.00739681

9 2 0.00822705

10 2 0.00902481

11 2 0.00978696

12 2 0.0105105

13 2 0.0111925

14 2 0.0118304

15 2 0.0124216

16 2 0.0129638

17 2 0.0134548

18 2 0.0138927

19 2 0.0142757

20 2 0.0146025

21 2 0.0148716

22 2 0.015082

23 2 0.0152329

24 2 0.0153236

25 2 0.0153539

26 2 0.0153236

27 2 0.0152329

28 2 0.015082

29 2 0.0148716

30 2 0.0146025

31 2 0.0142757

32 2 0.0138927

33 2 0.0134548

34 2 0.0129638

35 2 0.0124216

36 2 0.0118304

37 2 0.0111925

38 2 0.0105105

39 2 0.00978696

40 2 0.00902481

41 2 0.00822705

42 2 0.00739681

43 2 0.00653739

44 2 0.00565216

45 2 0.00474463

46 2 0.00381837

47 2 0.00287704

48 2 0.00192436

49 2 0.000964081

50 2 0

0 3 0

1 3 0.00144136

2 3 0.00287704

3 3 0.00430136

4 3 0.00570871

5 3 0.00709352

6 3 0.00845034

7 3 0.00977382

8 3 0.0110587

9 3 0.0123

10 3 0.0134927

11 3 0.0146321

12 3 0.0157139

13 3 0.0167336

14 3 0.0176872

15 3 0.0185711

16 3 0.0193817

17 3 0.0201157

18 3 0.0207704

19 3 0.0213431

20 3 0.0218316

21 3 0.0222339

22 3 0.0225485

23 3 0.0227741

24 3 0.0229098

25 3 0.0229551

26 3 0.0229098

27 3 0.0227741

28 3 0.0225485

29 3 0.0222339

30 3 0.0218316

31 3 0.0213431

32 3 0.0207704

33 3 0.0201157

34 3 0.0193817

35 3 0.0185711

36 3 0.0176872

37 3 0.0167336

38 3 0.0157139

39 3 0.0146321

40 3 0.0134927

41 3 0.0123

42 3 0.0110587

43 3 0.00977382

44 3 0.00845034

45 3 0.00709352

46 3 0.00570871

47 3 0.00430136

48 3 0.00287704

49 3 0.00144136

50 3 0

0 4 0

1 4 0.00191296

2 4 0.00381837

3 4 0.00570871

4 4 0.00757652

5 4 0.00941443

6 4 0.0112152

7 4 0.0129717

8 4 0.014677

9 4 0.0163243

10 4 0.0179073

11 4 0.0194196

12 4 0.0208552

13 4 0.0222086

14 4 0.0234742

15 4 0.0246473

16 4 0.0257231

17 4 0.0266973

18 4 0.0275662

19 4 0.0283263

20 4 0.0289746

21 4 0.0295086

22 4 0.0299261

23 4 0.0302255

24 4 0.0304056

25 4 0.0304657

26 4 0.0304056

27 4 0.0302255

28 4 0.0299261

29 4 0.0295086

30 4 0.0289746

31 4 0.0283263

32 4 0.0275662

33 4 0.0266973

34 4 0.0257231

35 4 0.0246473

36 4 0.0234742

37 4 0.0222086

38 4 0.0208552

39 4 0.0194196

40 4 0.0179073

41 4 0.0163243

42 4 0.014677

43 4 0.0129717

44 4 0.0112152

45 4 0.00941443

46 4 0.00757652

47 4 0.00570871

48 4 0.00381837

49 4 0.00191296

50 4 0

0 5 0

1 5 0.002377

2 5 0.00474463

3 5 0.00709352

4 5 0.00941443

5 5 0.0116982

6 5 0.0139358

7 5 0.0161183

8 5 0.0182373

9 5 0.0202843

10 5 0.0222512

11 5 0.0241304

12 5 0.0259143

13 5 0.0275959

14 5 0.0291686

15 5 0.0306262

16 5 0.0319629

17 5 0.0331735

18 5 0.0342532

19 5 0.0351977

20 5 0.0360033

21 5 0.0366668

22 5 0.0371855

23 5 0.0375576

24 5 0.0377814

25 5 0.0378561

26 5 0.0377814

27 5 0.0375576

28 5 0.0371855

29 5 0.0366668

30 5 0.0360033

31 5 0.0351977

32 5 0.0342532

33 5 0.0331735

34 5 0.0319629

35 5 0.0306262

36 5 0.0291686

37 5 0.0275959

38 5 0.0259143

39 5 0.0241304

40 5 0.0222512

41 5 0.0202843

42 5 0.0182373

43 5 0.0161183

44 5 0.0139358

45 5 0.0116982

46 5 0.00941443

47 5 0.00709352

48 5 0.00474463

49 5 0.002377

50 5 0

0 6 0

1 6 0.00283167

2 6 0.00565216

3 6 0.00845034

4 6 0.0112152

5 6 0.0139358

6 6 0.0166013

7 6 0.0192014

8 6 0.0217257

9 6 0.0241642

10 6 0.0265074

11 6 0.0287459

12 6 0.0308711

13 6 0.0328743

14 6 0.0347479

15 6 0.0364843

16 6 0.0380767

17 6 0.0395188

18 6 0.040805

19 6 0.0419302

20 6 0.0428898

21 6 0.0436802

22 6 0.0442983

23 6 0.0447414

24 6 0.0450081

25 6 0.045097

26 6 0.0450081

27 6 0.0447414

28 6 0.0442983

29 6 0.0436802

30 6 0.0428898

31 6 0.0419302

32 6 0.040805

33 6 0.0395188

34 6 0.0380767

35 6 0.0364843

36 6 0.0347479

37 6 0.0328743

38 6 0.0308711

39 6 0.0287459

40 6 0.0265074

41 6 0.0241642

42 6 0.0217257

43 6 0.0192014

44 6 0.0166013

45 6 0.0139358

46 6 0.0112152

47 6 0.00845034

48 6 0.00565216

49 6 0.00283167

50 6 0

0 7 0

1 7 0.00327516

2 7 0.00653739

3 7 0.00977382

4 7 0.0129717

5 7 0.0161183

6 7 0.0192014

7 7 0.0222087

8 7 0.0251283

9 7 0.0279487

10 7 0.0306589

11 7 0.0332481

12 7 0.035706

13 7 0.038023

14 7 0.04019

15 7 0.0421984

16 7 0.0440402

17 7 0.0457082

18 7 0.0471958

19 7 0.0484972

20 7 0.0496071

21 7 0.0505213

22 7 0.0512361

23 7 0.0517487

24 7 0.0520571

25 7 0.05216

26 7 0.0520571

27 7 0.0517487

28 7 0.0512361

29 7 0.0505213

30 7 0.0496071

31 7 0.0484972

32 7 0.0471958

33 7 0.0457082

34 7 0.0440402

35 7 0.0421984

36 7 0.04019

37 7 0.038023

38 7 0.035706

39 7 0.0332481

40 7 0.0306589

41 7 0.0279487

42 7 0.0251283

43 7 0.0222087

44 7 0.0192014

45 7 0.0161183

46 7 0.0129717

47 7 0.00977382

48 7 0.00653739

49 7 0.00327516

50 7 0

0 8 0

1 8 0.00370572

2 8 0.00739681

3 8 0.0110587

4 8 0.014677

5 8 0.0182373

6 8 0.0217257

7 8 0.0251283

8 8 0.0284317

9 8 0.031623

10 8 0.0346894

11 8 0.037619

12 8 0.0404

13 8 0.0430217

14 8 0.0454735

15 8 0.0477459

16 8 0.0498298

17 8 0.0517171

18 8 0.0534003

19 8 0.0548728

20 8 0.0561287

21 8 0.057163

22 8 0.0579718

23 8 0.0585518

24 8 0.0589007

25 8 0.0590172

26 8 0.0589007

27 8 0.0585518

28 8 0.0579718

29 8 0.057163

30 8 0.0561287

31 8 0.0548728

32 8 0.0534003

33 8 0.0517171

34 8 0.0498298

35 8 0.0477459

36 8 0.0454735

37 8 0.0430217

38 8 0.0404

39 8 0.037619

40 8 0.0346894

41 8 0.031623

42 8 0.0284317

43 8 0.0251283

44 8 0.0217257

45 8 0.0182373

46 8 0.014677

47 8 0.0110587

48 8 0.00739681

49 8 0.00370572

50 8 0

0 9 0

1 9 0.00412166

2 9 0.00822705

3 9 0.0123

4 9 0.0163243

5 9 0.0202843

6 9 0.0241642

7 9 0.0279487

8 9 0.031623

9 9 0.0351724

10 9 0.038583

11 9 0.0418414

12 9 0.0449346

13 9 0.0478505

14 9 0.0505776

15 9 0.053105

16 9 0.0554229

17 9 0.057522

18 9 0.0593941

19 9 0.0610318

20 9 0.0624287

21 9 0.0635791

22 9 0.0644787

23 9 0.0651238

24 9 0.0655119

25 9 0.0656414

26 9 0.0655119

27 9 0.0651238

28 9 0.0644787

29 9 0.0635791

30 9 0.0624287

31 9 0.0610318

32 9 0.0593941

33 9 0.057522

34 9 0.0554229

35 9 0.053105

36 9 0.0505776

37 9 0.0478505

38 9 0.0449346

39 9 0.0418414

40 9 0.038583

41 9 0.0351724

42 9 0.031623

43 9 0.0279487

44 9 0.0241642

45 9 0.0202843

46 9 0.0163243

47 9 0.0123

48 9 0.00822705

49 9 0.00412166

50 9 0

0 10 0

1 10 0.00452133

2 10 0.00902481

3 10 0.0134927

4 10 0.0179073

5 10 0.0222512

6 10 0.0265074

7 10 0.0306589

8 10 0.0346894

9 10 0.038583

10 10 0.0423244

11 10 0.0458987

12 10 0.0492919

13 10 0.0524905

14 10 0.055482

15 10 0.0582545

16 10 0.0607971

17 10 0.0630998

18 10 0.0651535

19 10 0.06695

20 10 0.0684823

21 10 0.0697443

22 10 0.0707311

23 10 0.0714388

24 10 0.0718645

25 10 0.0720066

26 10 0.0718645

27 10 0.0714388

28 10 0.0707311

29 10 0.0697443

30 10 0.0684823

31 10 0.06695

32 10 0.0651535

33 10 0.0630998

34 10 0.0607971

35 10 0.0582545

36 10 0.055482

37 10 0.0524905

38 10 0.0492919

39 10 0.0458987

40 10 0.0423244

41 10 0.038583

42 10 0.0346894

43 10 0.0306589

44 10 0.0265074

45 10 0.0222512

46 10 0.0179073

47 10 0.0134927

48 10 0.00902481

49 10 0.00452133

50 10 0

0 11 0

1 11 0.00490316

2 11 0.00978696

3 11 0.0146321

4 11 0.0194196

5 11 0.0241304

6 11 0.0287459

7 11 0.0332481

8 11 0.037619

9 11 0.0418414

10 11 0.0458987

11 11 0.0497749

12 11 0.0534546

13 11 0.0569234

14 11 0.0601675

15 11 0.0631741

16 11 0.0659315

17 11 0.0684286

18 11 0.0706557

19 11 0.072604

20 11 0.0742657

21 11 0.0756343

22 11 0.0767044

23 11 0.0774718

24 11 0.0779335

25 11 0.0780875

26 11 0.0779335

27 11 0.0774718

28 11 0.0767044

29 11 0.0756343

30 11 0.0742657

31 11 0.072604

32 11 0.0706557

33 11 0.0684286

34 11 0.0659315

35 11 0.0631741

36 11 0.0601675

37 11 0.0569234

38 11 0.0534546

39 11 0.0497749

40 11 0.0458987

41 11 0.0418414

42 11 0.037619

43 11 0.0332481

44 11 0.0287459

45 11 0.0241304

46 11 0.0194196

47 11 0.0146321

48 11 0.00978696

49 11 0.00490316

50 11 0

0 12 0

1 12 0.00526563

2 12 0.0105105

3 12 0.0157139

4 12 0.0208552

5 12 0.0259143

6 12 0.0308711

7 12 0.035706

8 12 0.0404

9 12 0.0449346

10 12 0.0492919

11 12 0.0534546

12 12 0.0574064

13 12 0.0611316

14 12 0.0646155

15 12 0.0678444

16 12 0.0708056

17 12 0.0734874

18 12 0.0758791

19 12 0.0779714

20 12 0.0797559

21 12 0.0812257

22 12 0.082375

23 12 0.0831991

24 12 0.0836949

25 12 0.0838603

26 12 0.0836949

27 12 0.0831991

28 12 0.082375

29 12 0.0812257

30 12 0.0797559

31 12 0.0779714

32 12 0.0758791

33 12 0.0734874

34 12 0.0708056

35 12 0.0678444

36 12 0.0646155

37 12 0.0611316

38 12 0.0574064

39 12 0.0534546

40 12 0.0492919

41 12 0.0449346

42 12 0.0404

43 12 0.035706

44 12 0.0308711

45 12 0.0259143

46 12 0.0208552

47 12 0.0157139

48 12 0.0105105

49 12 0.00526563

50 12 0

0 13 0

1 13 0.00560733

2 13 0.0111925

3 13 0.0167336

4 13 0.0222086

5 13 0.0275959

6 13 0.0328743

7 13 0.038023

8 13 0.0430217

9 13 0.0478505

10 13 0.0524905

11 13 0.0569234

12 13 0.0611316

13 13 0.0650985

14 13 0.0688085

15 13 0.072247

16 13 0.0754003

17 13 0.0782561

18 13 0.080803

19 13 0.0830311

20 13 0.0849314

21 13 0.0864966

22 13 0.0877204

23 13 0.088598

24 13 0.089126

25 13 0.0893022

26 13 0.089126

27 13 0.088598

28 13 0.0877204

29 13 0.0864966

30 13 0.0849314

31 13 0.0830311

32 13 0.080803

33 13 0.0782561

34 13 0.0754003

35 13 0.072247

36 13 0.0688085

37 13 0.0650985

38 13 0.0611316

39 13 0.0569234

40 13 0.0524905

41 13 0.0478505

42 13 0.0430217

43 13 0.038023

44 13 0.0328743

45 13 0.0275959

46 13 0.0222086

47 13 0.0167336

48 13 0.0111925

49 13 0.00560733

50 13 0

0 14 0

1 14 0.0059269

2 14 0.0118304

3 14 0.0176872

4 14 0.0234742

5 14 0.0291686

6 14 0.0347479

7 14 0.04019

8 14 0.0454735

9 14 0.0505776

10 14 0.055482

11 14 0.0601675

12 14 0.0646155

13 14 0.0688085

14 14 0.07273

15 14 0.0763644

16 14 0.0796975

17 14 0.082716

18 14 0.0854081

19 14 0.0877631

20 14 0.0897718

21 14 0.0914261

22 14 0.0927197

23 14 0.0936473

24 14 0.0942054

25 14 0.0943916

26 14 0.0942054

27 14 0.0936473

28 14 0.0927197

29 14 0.0914261

30 14 0.0897718

31 14 0.0877631

32 14 0.0854081

33 14 0.082716

34 14 0.0796975

35 14 0.0763644

36 14 0.07273

37 14 0.0688085

38 14 0.0646155

39 14 0.0601675

40 14 0.055482

41 14 0.0505776

42 14 0.0454735

43 14 0.04019

44 14 0.0347479

45 14 0.0291686

46 14 0.0234742

47 14 0.0176872

48 14 0.0118304

49 14 0.0059269

50 14 0

0 15 0

1 15 0.00622308

2 15 0.0124216

3 15 0.0185711

4 15 0.0246473

5 15 0.0306262

6 15 0.0364843

7 15 0.0421984

8 15 0.0477459

9 15 0.053105

10 15 0.0582545

11 15 0.0631741

12 15 0.0678444

13 15 0.072247

14 15 0.0763644

15 15 0.0801805

16 15 0.0836801

17 15 0.0868495

18 15 0.0896761

19 15 0.0921488

20 15 0.0942578

21 15 0.0959948

22 15 0.097353

23 15 0.098327

24 15 0.0989129

25 15 0.0991085

26 15 0.0989129

27 15 0.098327

28 15 0.097353

29 15 0.0959948

30 15 0.0942578

31 15 0.0921488

32 15 0.0896761

33 15 0.0868495

34 15 0.0836801

35 15 0.0801805

36 15 0.0763644

37 15 0.072247

38 15 0.0678444

39 15 0.0631741

40 15 0.0582545

41 15 0.053105

42 15 0.0477459

43 15 0.0421984

44 15 0.0364843

45 15 0.0306262

46 15 0.0246473

47 15 0.0185711

48 15 0.0124216

49 15 0.00622308

50 15 0

0 16 0

1 16 0.00649469

2 16 0.0129638

3 16 0.0193817

4 16 0.0257231

5 16 0.0319629

6 16 0.0380767

7 16 0.0440402

8 16 0.0498298

9 16 0.0554229

10 16 0.0607971

11 16 0.0659315

12 16 0.0708056

13 16 0.0754003

14 16 0.0796975

15 16 0.0836801

16 16 0.0873324

17 16 0.0906401

18 16 0.0935901

19 16 0.0961708

20 16 0.0983718

21 16 0.100185

22 16 0.101602

23 16 0.102619

24 16 0.10323

25 16 0.103434

26 16 0.10323

27 16 0.102619

28 16 0.101602

29 16 0.100185

30 16 0.0983718

31 16 0.0961708

32 16 0.0935901

33 16 0.0906401

34 16 0.0873324

35 16 0.0836801

36 16 0.0796975

37 16 0.0754003

38 16 0.0708056

39 16 0.0659315

40 16 0.0607971

41 16 0.0554229

42 16 0.0498298

43 16 0.0440402

44 16 0.0380767

45 16 0.0319629

46 16 0.0257231

47 16 0.0193817

48 16 0.0129638

49 16 0.00649469

50 16 0

0 17 0

1 17 0.00674068

2 17 0.0134548

3 17 0.0201157

4 17 0.0266973

5 17 0.0331735

6 17 0.0395188

7 17 0.0457082

8 17 0.0517171

9 17 0.057522

10 17 0.0630998

11 17 0.0684286

12 17 0.0734874

13 17 0.0782561

14 17 0.082716

15 17 0.0868495

16 17 0.0906401

17 17 0.0940731

18 17 0.0971348

19 17 0.0998132

20 17 0.102098

21 17 0.103979

22 17 0.10545

23 17 0.106505

24 17 0.10714

25 17 0.107352

26 17 0.10714

27 17 0.106505

28 17 0.10545

29 17 0.103979

30 17 0.102098

31 17 0.0998132

32 17 0.0971348

33 17 0.0940731

34 17 0.0906401

35 17 0.0868495

36 17 0.082716

37 17 0.0782561

38 17 0.0734874

39 17 0.0684286

40 17 0.0630998

41 17 0.057522

42 17 0.0517171

43 17 0.0457082

44 17 0.0395188

45 17 0.0331735

46 17 0.0266973

47 17 0.0201157

48 17 0.0134548

49 17 0.00674068

50 17 0

0 18 0

1 18 0.00696006

2 18 0.0138927

3 18 0.0207704

4 18 0.0275662

5 18 0.0342532

6 18 0.040805

7 18 0.0471958

8 18 0.0534003

9 18 0.0593941

10 18 0.0651535

11 18 0.0706557

12 18 0.0758791

13 18 0.080803

14 18 0.0854081

15 18 0.0896761

16 18 0.0935901

17 18 0.0971348

18 18 0.100296

19 18 0.103062

20 18 0.105421

21 18 0.107363

22 18 0.108882

23 18 0.109972

24 18 0.110627

25 18 0.110846

26 18 0.110627

27 18 0.109972

28 18 0.108882

29 18 0.107363

30 18 0.105421

31 18 0.103062

32 18 0.100296

33 18 0.0971348

34 18 0.0935901

35 18 0.0896761

36 18 0.0854081

37 18 0.080803

38 18 0.0758791

39 18 0.0706557

40 18 0.0651535

41 18 0.0593941

42 18 0.0534003

43 18 0.0471958

44 18 0.040805

45 18 0.0342532

46 18 0.0275662

47 18 0.0207704

48 18 0.0138927

49 18 0.00696006

50 18 0

0 19 0

1 19 0.00715197

2 19 0.0142757

3 19 0.0213431

4 19 0.0283263

5 19 0.0351977

6 19 0.0419302

7 19 0.0484972

8 19 0.0548728

9 19 0.0610318

10 19 0.06695

11 19 0.072604

12 19 0.0779714

13 19 0.0830311

14 19 0.0877631

15 19 0.0921488

16 19 0.0961708

17 19 0.0998132

18 19 0.103062

19 19 0.105904

20 19 0.108327

21 19 0.110324

22 19 0.111885

23 19 0.113004

24 19 0.113677

25 19 0.113902

26 19 0.113677

27 19 0.113004

28 19 0.111885

29 19 0.110324

30 19 0.108327

31 19 0.105904

32 19 0.103062

33 19 0.0998132

34 19 0.0961708

35 19 0.0921488

36 19 0.0877631

37 19 0.0830311

38 19 0.0779714

39 19 0.072604

40 19 0.06695

41 19 0.0610318

42 19 0.0548728

43 19 0.0484972

44 19 0.0419302

45 19 0.0351977

46 19 0.0283263

47 19 0.0213431

48 19 0.0142757

49 19 0.00715197

50 19 0

0 20 0

1 20 0.00731566

2 20 0.0146025

3 20 0.0218316

4 20 0.0289746

5 20 0.0360033

6 20 0.0428898

7 20 0.0496071

8 20 0.0561287

9 20 0.0624287

10 20 0.0684823

11 20 0.0742657

12 20 0.0797559

13 20 0.0849314

14 20 0.0897718

15 20 0.0942578

16 20 0.0983718

17 20 0.102098

18 20 0.105421

19 20 0.108327

20 20 0.110807

21 20 0.112849

22 20 0.114445

23 20 0.11559

24 20 0.116279

25 20 0.116509

26 20 0.116279

27 20 0.11559

28 20 0.114445

29 20 0.112849

30 20 0.110807

31 20 0.108327

32 20 0.105421

33 20 0.102098

34 20 0.0983718

35 20 0.0942578

36 20 0.0897718

37 20 0.0849314

38 20 0.0797559

39 20 0.0742657

40 20 0.0684823

41 20 0.0624287

42 20 0.0561287

43 20 0.0496071

44 20 0.0428898

45 20 0.0360033

46 20 0.0289746

47 20 0.0218316

48 20 0.0146025

49 20 0.00731566

50 20 0

0 21 0

1 21 0.00745048

2 21 0.0148716

3 21 0.0222339

4 21 0.0295086

5 21 0.0366668

6 21 0.0436802

7 21 0.0505213

8 21 0.057163

9 21 0.0635791

10 21 0.0697443

11 21 0.0756343

12 21 0.0812257

13 21 0.0864966

14 21 0.0914261

15 21 0.0959948

16 21 0.100185

17 21 0.103979

18 21 0.107363

19 21 0.110324

20 21 0.112849

21 21 0.114928

22 21 0.116554

23 21 0.117721

24 21 0.118422

25 21 0.118656

26 21 0.118422

27 21 0.117721

28 21 0.116554

29 21 0.114928

30 21 0.112849

31 21 0.110324

32 21 0.107363

33 21 0.103979

34 21 0.100185

35 21 0.0959948

36 21 0.0914261

37 21 0.0864966

38 21 0.0812257

39 21 0.0756343

40 21 0.0697443

41 21 0.0635791

42 21 0.057163

43 21 0.0505213

44 21 0.0436802

45 21 0.0366668

46 21 0.0295086

47 21 0.0222339

48 21 0.0148716

49 21 0.00745048

50 21 0

0 22 0

1 22 0.00755589

2 22 0.015082

3 22 0.0225485

4 22 0.0299261

5 22 0.0371855

6 22 0.0442983

7 22 0.0512361

8 22 0.0579718

9 22 0.0644787

10 22 0.0707311

11 22 0.0767044

12 22 0.082375

13 22 0.0877204

14 22 0.0927197

15 22 0.097353

16 22 0.101602

17 22 0.10545

18 22 0.108882

19 22 0.111885

20 22 0.114445

21 22 0.116554

22 22 0.118204

23 22 0.119386

24 22 0.120098

25 22 0.120335

26 22 0.120098

27 22 0.119386

28 22 0.118204

29 22 0.116554

30 22 0.114445

31 22 0.111885

32 22 0.108882

33 22 0.10545

34 22 0.101602

35 22 0.097353

36 22 0.0927197

37 22 0.0877204

38 22 0.082375

39 22 0.0767044

40 22 0.0707311

41 22 0.0644787

42 22 0.0579718

43 22 0.0512361

44 22 0.0442983

45 22 0.0371855

46 22 0.0299261

47 22 0.0225485

48 22 0.015082

49 22 0.00755589

50 22 0

0 23 0

1 23 0.00763149

2 23 0.0152329

3 23 0.0227741

4 23 0.0302255

5 23 0.0375576

6 23 0.0447414

7 23 0.0517487

8 23 0.0585518

9 23 0.0651238

10 23 0.0714388

11 23 0.0774718

12 23 0.0831991

13 23 0.088598

14 23 0.0936473

15 23 0.098327

16 23 0.102619

17 23 0.106505

18 23 0.109972

19 23 0.113004

20 23 0.11559

21 23 0.117721

22 23 0.119386

23 23 0.120581

24 23 0.121299

25 23 0.121539

26 23 0.121299

27 23 0.120581

28 23 0.119386

29 23 0.117721

30 23 0.11559

31 23 0.113004

32 23 0.109972

33 23 0.106505

34 23 0.102619

35 23 0.098327

36 23 0.0936473

37 23 0.088598

38 23 0.0831991

39 23 0.0774718

40 23 0.0714388

41 23 0.0651238

42 23 0.0585518

43 23 0.0517487

44 23 0.0447414

45 23 0.0375576

46 23 0.0302255

47 23 0.0227741

48 23 0.0152329

49 23 0.00763149

50 23 0

0 24 0

1 24 0.00767697

2 24 0.0153236

3 24 0.0229098

4 24 0.0304056

5 24 0.0377814

6 24 0.0450081

7 24 0.0520571

8 24 0.0589007

9 24 0.0655119

10 24 0.0718645

11 24 0.0779335

12 24 0.0836949

13 24 0.089126

14 24 0.0942054

15 24 0.0989129

16 24 0.10323

17 24 0.10714

18 24 0.110627

19 24 0.113677

20 24 0.116279

21 24 0.118422

22 24 0.120098

23 24 0.121299

24 24 0.122022

25 24 0.122263

26 24 0.122022

27 24 0.121299

28 24 0.120098

29 24 0.118422

30 24 0.116279

31 24 0.113677

32 24 0.110627

33 24 0.10714

34 24 0.10323

35 24 0.0989129

36 24 0.0942054

37 24 0.089126

38 24 0.0836949

39 24 0.0779335

40 24 0.0718645

41 24 0.0655119

42 24 0.0589007

43 24 0.0520571

44 24 0.0450081

45 24 0.0377814

46 24 0.0304056

47 24 0.0229098

48 24 0.0153236

49 24 0.00767697

50 24 0

0 25 0

1 25 0.00769214

2 25 0.0153539

3 25 0.0229551

4 25 0.0304657

5 25 0.0378561

6 25 0.045097

7 25 0.05216

8 25 0.0590172

9 25 0.0656414

10 25 0.0720066

11 25 0.0780875

12 25 0.0838603

13 25 0.0893022

14 25 0.0943916

15 25 0.0991085

16 25 0.103434

17 25 0.107352

18 25 0.110846

19 25 0.113902

20 25 0.116509

21 25 0.118656

22 25 0.120335

23 25 0.121539

24 25 0.122263

25 25 0.122505

26 25 0.122263

27 25 0.121539

28 25 0.120335

29 25 0.118656

30 25 0.116509

31 25 0.113902

32 25 0.110846

33 25 0.107352

34 25 0.103434

35 25 0.0991085

36 25 0.0943916

37 25 0.0893022

38 25 0.0838603

39 25 0.0780875

40 25 0.0720066

41 25 0.0656414

42 25 0.0590172

43 25 0.05216

44 25 0.045097

45 25 0.0378561

46 25 0.0304657

47 25 0.0229551

48 25 0.0153539

49 25 0.00769214

50 25 0

0 26 0

1 26 0.00767697

2 26 0.0153236

3 26 0.0229098

4 26 0.0304056

5 26 0.0377814

6 26 0.0450081

7 26 0.0520571

8 26 0.0589007

9 26 0.0655119

10 26 0.0718645

11 26 0.0779335

12 26 0.0836949

13 26 0.089126

14 26 0.0942054

15 26 0.0989129

16 26 0.10323

17 26 0.10714

18 26 0.110627

19 26 0.113677

20 26 0.116279

21 26 0.118422

22 26 0.120098

23 26 0.121299

24 26 0.122022

25 26 0.122263

26 26 0.122022

27 26 0.121299

28 26 0.120098

29 26 0.118422

30 26 0.116279

31 26 0.113677

32 26 0.110627

33 26 0.10714

34 26 0.10323

35 26 0.0989129

36 26 0.0942054

37 26 0.089126

38 26 0.0836949

39 26 0.0779335

40 26 0.0718645

41 26 0.0655119

42 26 0.0589007

43 26 0.0520571

44 26 0.0450081

45 26 0.0377814

46 26 0.0304056

47 26 0.0229098

48 26 0.0153236

49 26 0.00767697

50 26 0

0 27 0

1 27 0.00763149

2 27 0.0152329

3 27 0.0227741

4 27 0.0302255

5 27 0.0375576

6 27 0.0447414

7 27 0.0517487

8 27 0.0585518

9 27 0.0651238

10 27 0.0714388

11 27 0.0774718

12 27 0.0831991

13 27 0.088598

14 27 0.0936473

15 27 0.098327

16 27 0.102619

17 27 0.106505

18 27 0.109972

19 27 0.113004

20 27 0.11559

21 27 0.117721

22 27 0.119386

23 27 0.120581

24 27 0.121299

25 27 0.121539

26 27 0.121299

27 27 0.120581

28 27 0.119386

29 27 0.117721

30 27 0.11559

31 27 0.113004

32 27 0.109972

33 27 0.106505

34 27 0.102619

35 27 0.098327

36 27 0.0936473

37 27 0.088598

38 27 0.0831991

39 27 0.0774718

40 27 0.0714388

41 27 0.0651238

42 27 0.0585518

43 27 0.0517487

44 27 0.0447414

45 27 0.0375576

46 27 0.0302255

47 27 0.0227741

48 27 0.0152329

49 27 0.00763149

50 27 0

0 28 0

1 28 0.00755589

2 28 0.015082

3 28 0.0225485

4 28 0.0299261

5 28 0.0371855

6 28 0.0442983

7 28 0.0512361

8 28 0.0579718

9 28 0.0644787

10 28 0.0707311

11 28 0.0767044

12 28 0.082375

13 28 0.0877204

14 28 0.0927197

15 28 0.097353

16 28 0.101602

17 28 0.10545

18 28 0.108882

19 28 0.111885

20 28 0.114445

21 28 0.116554

22 28 0.118204

23 28 0.119386

24 28 0.120098

25 28 0.120335

26 28 0.120098

27 28 0.119386

28 28 0.118204

29 28 0.116554

30 28 0.114445

31 28 0.111885

32 28 0.108882

33 28 0.10545

34 28 0.101602

35 28 0.097353

36 28 0.0927197

37 28 0.0877204

38 28 0.082375

39 28 0.0767044

40 28 0.0707311

41 28 0.0644787

42 28 0.0579718

43 28 0.0512361

44 28 0.0442983

45 28 0.0371855

46 28 0.0299261

47 28 0.0225485

48 28 0.015082

49 28 0.00755589

50 28 0

0 29 0

1 29 0.00745048

2 29 0.0148716

3 29 0.0222339

4 29 0.0295086

5 29 0.0366668

6 29 0.0436802

7 29 0.0505213

8 29 0.057163

9 29 0.0635791

10 29 0.0697443

11 29 0.0756343

12 29 0.0812257

13 29 0.0864966

14 29 0.0914261

15 29 0.0959948

16 29 0.100185

17 29 0.103979

18 29 0.107363

19 29 0.110324

20 29 0.112849

21 29 0.114928

22 29 0.116554

23 29 0.117721

24 29 0.118422

25 29 0.118656

26 29 0.118422

27 29 0.117721

28 29 0.116554

29 29 0.114928

30 29 0.112849

31 29 0.110324

32 29 0.107363

33 29 0.103979

34 29 0.100185

35 29 0.0959948

36 29 0.0914261

37 29 0.0864966

38 29 0.0812257

39 29 0.0756343

40 29 0.0697443

41 29 0.0635791

42 29 0.057163

43 29 0.0505213

44 29 0.0436802

45 29 0.0366668

46 29 0.0295086

47 29 0.0222339

48 29 0.0148716

49 29 0.00745048

50 29 0

0 30 0

1 30 0.00731566

2 30 0.0146025

3 30 0.0218316

4 30 0.0289746

5 30 0.0360033

6 30 0.0428898

7 30 0.0496071

8 30 0.0561287

9 30 0.0624287

10 30 0.0684823

11 30 0.0742657

12 30 0.0797559

13 30 0.0849314

14 30 0.0897718

15 30 0.0942578

16 30 0.0983718

17 30 0.102098

18 30 0.105421

19 30 0.108327

20 30 0.110807

21 30 0.112849

22 30 0.114445

23 30 0.11559

24 30 0.116279

25 30 0.116509

26 30 0.116279

27 30 0.11559

28 30 0.114445

29 30 0.112849

30 30 0.110807

31 30 0.108327

32 30 0.105421

33 30 0.102098

34 30 0.0983718

35 30 0.0942578

36 30 0.0897718

37 30 0.0849314

38 30 0.0797559

39 30 0.0742657

40 30 0.0684823

41 30 0.0624287

42 30 0.0561287

43 30 0.0496071

44 30 0.0428898

45 30 0.0360033

46 30 0.0289746

47 30 0.0218316

48 30 0.0146025

49 30 0.00731566

50 30 0

0 31 0

1 31 0.00715197

2 31 0.0142757

3 31 0.0213431

4 31 0.0283263

5 31 0.0351977

6 31 0.0419302

7 31 0.0484972

8 31 0.0548728

9 31 0.0610318

10 31 0.06695

11 31 0.072604

12 31 0.0779714

13 31 0.0830311

14 31 0.0877631

15 31 0.0921488

16 31 0.0961708

17 31 0.0998132

18 31 0.103062

19 31 0.105904

20 31 0.108327

21 31 0.110324

22 31 0.111885

23 31 0.113004

24 31 0.113677

25 31 0.113902

26 31 0.113677

27 31 0.113004

28 31 0.111885

29 31 0.110324

30 31 0.108327

31 31 0.105904

32 31 0.103062

33 31 0.0998132

34 31 0.0961708

35 31 0.0921488

36 31 0.0877631

37 31 0.0830311

38 31 0.0779714

39 31 0.072604

40 31 0.06695

41 31 0.0610318

42 31 0.0548728

43 31 0.0484972

44 31 0.0419302

45 31 0.0351977

46 31 0.0283263

47 31 0.0213431

48 31 0.0142757

49 31 0.00715197

50 31 0

0 32 0

1 32 0.00696006

2 32 0.0138927

3 32 0.0207704

4 32 0.0275662

5 32 0.0342532

6 32 0.040805

7 32 0.0471958

8 32 0.0534003

9 32 0.0593941

10 32 0.0651535

11 32 0.0706557

12 32 0.0758791

13 32 0.080803

14 32 0.0854081

15 32 0.0896761

16 32 0.0935901

17 32 0.0971348

18 32 0.100296

19 32 0.103062

20 32 0.105421

21 32 0.107363

22 32 0.108882

23 32 0.109972

24 32 0.110627

25 32 0.110846

26 32 0.110627

27 32 0.109972

28 32 0.108882

29 32 0.107363

30 32 0.105421

31 32 0.103062

32 32 0.100296

33 32 0.0971348

34 32 0.0935901

35 32 0.0896761

36 32 0.0854081

37 32 0.080803

38 32 0.0758791

39 32 0.0706557

40 32 0.0651535

41 32 0.0593941

42 32 0.0534003

43 32 0.0471958

44 32 0.040805

45 32 0.0342532

46 32 0.0275662

47 32 0.0207704

48 32 0.0138927

49 32 0.00696006

50 32 0

0 33 0

1 33 0.00674068

2 33 0.0134548

3 33 0.0201157

4 33 0.0266973

5 33 0.0331735

6 33 0.0395188

7 33 0.0457082

8 33 0.0517171

9 33 0.057522

10 33 0.0630998

11 33 0.0684286

12 33 0.0734874

13 33 0.0782561

14 33 0.082716

15 33 0.0868495

16 33 0.0906401

17 33 0.0940731

18 33 0.0971348

19 33 0.0998132

20 33 0.102098

21 33 0.103979

22 33 0.10545

23 33 0.106505

24 33 0.10714

25 33 0.107352

26 33 0.10714

27 33 0.106505

28 33 0.10545

29 33 0.103979

30 33 0.102098

31 33 0.0998132

32 33 0.0971348

33 33 0.0940731

34 33 0.0906401

35 33 0.0868495

36 33 0.082716

37 33 0.0782561

38 33 0.0734874

39 33 0.0684286

40 33 0.0630998

41 33 0.057522

42 33 0.0517171

43 33 0.0457082

44 33 0.0395188

45 33 0.0331735

46 33 0.0266973

47 33 0.0201157

48 33 0.0134548

49 33 0.00674068

50 33 0

0 34 0

1 34 0.00649469

2 34 0.0129638

3 34 0.0193817

4 34 0.0257231

5 34 0.0319629

6 34 0.0380767

7 34 0.0440402

8 34 0.0498298

9 34 0.0554229

10 34 0.0607971

11 34 0.0659315

12 34 0.0708056

13 34 0.0754003

14 34 0.0796975

15 34 0.0836801

16 34 0.0873324

17 34 0.0906401

18 34 0.0935901

19 34 0.0961708

20 34 0.0983718

21 34 0.100185

22 34 0.101602

23 34 0.102619

24 34 0.10323

25 34 0.103434

26 34 0.10323

27 34 0.102619

28 34 0.101602

29 34 0.100185

30 34 0.0983718

31 34 0.0961708

32 34 0.0935901

33 34 0.0906401

34 34 0.0873324

35 34 0.0836801

36 34 0.0796975

37 34 0.0754003

38 34 0.0708056

39 34 0.0659315

40 34 0.0607971

41 34 0.0554229

42 34 0.0498298

43 34 0.0440402

44 34 0.0380767

45 34 0.0319629

46 34 0.0257231

47 34 0.0193817

48 34 0.0129638

49 34 0.00649469

50 34 0

0 35 0

1 35 0.00622308

2 35 0.0124216

3 35 0.0185711

4 35 0.0246473

5 35 0.0306262

6 35 0.0364843

7 35 0.0421984

8 35 0.0477459

9 35 0.053105

10 35 0.0582545

11 35 0.0631741

12 35 0.0678444

13 35 0.072247

14 35 0.0763644

15 35 0.0801805

16 35 0.0836801

17 35 0.0868495

18 35 0.0896761

19 35 0.0921488

20 35 0.0942578

21 35 0.0959948

22 35 0.097353

23 35 0.098327

24 35 0.0989129

25 35 0.0991085

26 35 0.0989129

27 35 0.098327

28 35 0.097353

29 35 0.0959948

30 35 0.0942578

31 35 0.0921488

32 35 0.0896761

33 35 0.0868495

34 35 0.0836801

35 35 0.0801805

36 35 0.0763644

37 35 0.072247

38 35 0.0678444

39 35 0.0631741

40 35 0.0582545

41 35 0.053105

42 35 0.0477459

43 35 0.0421984

44 35 0.0364843

45 35 0.0306262

46 35 0.0246473

47 35 0.0185711

48 35 0.0124216

49 35 0.00622308

50 35 0

0 36 0

1 36 0.0059269

2 36 0.0118304

3 36 0.0176872

4 36 0.0234742

5 36 0.0291686

6 36 0.0347479

7 36 0.04019

8 36 0.0454735

9 36 0.0505776

10 36 0.055482

11 36 0.0601675

12 36 0.0646155

13 36 0.0688085

14 36 0.07273

15 36 0.0763644

16 36 0.0796975

17 36 0.082716

18 36 0.0854081

19 36 0.0877631

20 36 0.0897718

21 36 0.0914261

22 36 0.0927197

23 36 0.0936473

24 36 0.0942054

25 36 0.0943916

26 36 0.0942054

27 36 0.0936473

28 36 0.0927197

29 36 0.0914261

30 36 0.0897718

31 36 0.0877631

32 36 0.0854081

33 36 0.082716

34 36 0.0796975

35 36 0.0763644

36 36 0.07273

37 36 0.0688085

38 36 0.0646155

39 36 0.0601675

40 36 0.055482

41 36 0.0505776

42 36 0.0454735

43 36 0.04019

44 36 0.0347479

45 36 0.0291686

46 36 0.0234742

47 36 0.0176872

48 36 0.0118304

49 36 0.0059269

50 36 0

0 37 0

1 37 0.00560733

2 37 0.0111925

3 37 0.0167336

4 37 0.0222086

5 37 0.0275959

6 37 0.0328743

7 37 0.038023

8 37 0.0430217

9 37 0.0478505

10 37 0.0524905

11 37 0.0569234

12 37 0.0611316

13 37 0.0650985

14 37 0.0688085

15 37 0.072247

16 37 0.0754003

17 37 0.0782561

18 37 0.080803

19 37 0.0830311

20 37 0.0849314

21 37 0.0864966

22 37 0.0877204

23 37 0.088598

24 37 0.089126

25 37 0.0893022

26 37 0.089126

27 37 0.088598

28 37 0.0877204

29 37 0.0864966

30 37 0.0849314

31 37 0.0830311

32 37 0.080803

33 37 0.0782561

34 37 0.0754003

35 37 0.072247

36 37 0.0688085

37 37 0.0650985

38 37 0.0611316

39 37 0.0569234

40 37 0.0524905

41 37 0.0478505

42 37 0.0430217

43 37 0.038023

44 37 0.0328743

45 37 0.0275959

46 37 0.0222086

47 37 0.0167336

48 37 0.0111925

49 37 0.00560733

50 37 0

0 38 0

1 38 0.00526563

2 38 0.0105105

3 38 0.0157139

4 38 0.0208552

5 38 0.0259143

6 38 0.0308711

7 38 0.035706

8 38 0.0404

9 38 0.0449346

10 38 0.0492919

11 38 0.0534546

12 38 0.0574064

13 38 0.0611316

14 38 0.0646155

15 38 0.0678444

16 38 0.0708056

17 38 0.0734874

18 38 0.0758791

19 38 0.0779714

20 38 0.0797559

21 38 0.0812257

22 38 0.082375

23 38 0.0831991

24 38 0.0836949

25 38 0.0838603

26 38 0.0836949

27 38 0.0831991

28 38 0.082375

29 38 0.0812257

30 38 0.0797559

31 38 0.0779714

32 38 0.0758791

33 38 0.0734874

34 38 0.0708056

35 38 0.0678444

36 38 0.0646155

37 38 0.0611316

38 38 0.0574064

39 38 0.0534546

40 38 0.0492919

41 38 0.0449346

42 38 0.0404

43 38 0.035706

44 38 0.0308711

45 38 0.0259143

46 38 0.0208552

47 38 0.0157139

48 38 0.0105105

49 38 0.00526563

50 38 0

0 39 0

1 39 0.00490316

2 39 0.00978696

3 39 0.0146321

4 39 0.0194196

5 39 0.0241304

6 39 0.0287459

7 39 0.0332481

8 39 0.037619

9 39 0.0418414

10 39 0.0458987

11 39 0.0497749

12 39 0.0534546

13 39 0.0569234

14 39 0.0601675

15 39 0.0631741

16 39 0.0659315

17 39 0.0684286

18 39 0.0706557

19 39 0.072604

20 39 0.0742657

21 39 0.0756343

22 39 0.0767044

23 39 0.0774718

24 39 0.0779335

25 39 0.0780875

26 39 0.0779335

27 39 0.0774718

28 39 0.0767044

29 39 0.0756343

30 39 0.0742657

31 39 0.072604

32 39 0.0706557

33 39 0.0684286

34 39 0.0659315

35 39 0.0631741

36 39 0.0601675

37 39 0.0569234

38 39 0.0534546

39 39 0.0497749

40 39 0.0458987

41 39 0.0418414

42 39 0.037619

43 39 0.0332481

44 39 0.0287459

45 39 0.0241304

46 39 0.0194196

47 39 0.0146321

48 39 0.00978696

49 39 0.00490316

50 39 0

0 40 0

1 40 0.00452133

2 40 0.00902481

3 40 0.0134927

4 40 0.0179073

5 40 0.0222512

6 40 0.0265074

7 40 0.0306589

8 40 0.0346894

9 40 0.038583

10 40 0.0423244

11 40 0.0458987

12 40 0.0492919

13 40 0.0524905

14 40 0.055482

15 40 0.0582545

16 40 0.0607971

17 40 0.0630998

18 40 0.0651535

19 40 0.06695

20 40 0.0684823

21 40 0.0697443

22 40 0.0707311

23 40 0.0714388

24 40 0.0718645

25 40 0.0720066

26 40 0.0718645

27 40 0.0714388

28 40 0.0707311

29 40 0.0697443

30 40 0.0684823

31 40 0.06695

32 40 0.0651535

33 40 0.0630998

34 40 0.0607971

35 40 0.0582545

36 40 0.055482

37 40 0.0524905

38 40 0.0492919

39 40 0.0458987

40 40 0.0423244

41 40 0.038583

42 40 0.0346894

43 40 0.0306589

44 40 0.0265074

45 40 0.0222512

46 40 0.0179073

47 40 0.0134927

48 40 0.00902481

49 40 0.00452133

50 40 0

0 41 0

1 41 0.00412166

2 41 0.00822705

3 41 0.0123

4 41 0.0163243

5 41 0.0202843

6 41 0.0241642

7 41 0.0279487

8 41 0.031623

9 41 0.0351724

10 41 0.038583

11 41 0.0418414

12 41 0.0449346

13 41 0.0478505

14 41 0.0505776

15 41 0.053105

16 41 0.0554229

17 41 0.057522

18 41 0.0593941

19 41 0.0610318

20 41 0.0624287

21 41 0.0635791

22 41 0.0644787

23 41 0.0651238

24 41 0.0655119

25 41 0.0656414

26 41 0.0655119

27 41 0.0651238

28 41 0.0644787

29 41 0.0635791

30 41 0.0624287

31 41 0.0610318

32 41 0.0593941

33 41 0.057522

34 41 0.0554229

35 41 0.053105

36 41 0.0505776

37 41 0.0478505

38 41 0.0449346

39 41 0.0418414

40 41 0.038583

41 41 0.0351724

42 41 0.031623

43 41 0.0279487

44 41 0.0241642

45 41 0.0202843

46 41 0.0163243

47 41 0.0123

48 41 0.00822705

49 41 0.00412166

50 41 0

0 42 0

1 42 0.00370572

2 42 0.00739681

3 42 0.0110587

4 42 0.014677

5 42 0.0182373

6 42 0.0217257

7 42 0.0251283

8 42 0.0284317

9 42 0.031623

10 42 0.0346894

11 42 0.037619

12 42 0.0404

13 42 0.0430217

14 42 0.0454735

15 42 0.0477459

16 42 0.0498298

17 42 0.0517171

18 42 0.0534003

19 42 0.0548728

20 42 0.0561287

21 42 0.057163

22 42 0.0579718

23 42 0.0585518

24 42 0.0589007

25 42 0.0590172

26 42 0.0589007

27 42 0.0585518

28 42 0.0579718

29 42 0.057163

30 42 0.0561287

31 42 0.0548728

32 42 0.0534003

33 42 0.0517171

34 42 0.0498298

35 42 0.0477459

36 42 0.0454735

37 42 0.0430217

38 42 0.0404

39 42 0.037619

40 42 0.0346894

41 42 0.031623

42 42 0.0284317

43 42 0.0251283

44 42 0.0217257

45 42 0.0182373

46 42 0.014677

47 42 0.0110587

48 42 0.00739681

49 42 0.00370572

50 42 0

0 43 0

1 43 0.00327516

2 43 0.00653739

3 43 0.00977382

4 43 0.0129717

5 43 0.0161183

6 43 0.0192014

7 43 0.0222087

8 43 0.0251283

9 43 0.0279487

10 43 0.0306589

11 43 0.0332481

12 43 0.035706

13 43 0.038023

14 43 0.04019

15 43 0.0421984

16 43 0.0440402

17 43 0.0457082

18 43 0.0471958

19 43 0.0484972

20 43 0.0496071

21 43 0.0505213

22 43 0.0512361

23 43 0.0517487

24 43 0.0520571

25 43 0.05216

26 43 0.0520571

27 43 0.0517487

28 43 0.0512361

29 43 0.0505213

30 43 0.0496071

31 43 0.0484972

32 43 0.0471958

33 43 0.0457082

34 43 0.0440402

35 43 0.0421984

36 43 0.04019

37 43 0.038023

38 43 0.035706

39 43 0.0332481

40 43 0.0306589

41 43 0.0279487

42 43 0.0251283

43 43 0.0222087

44 43 0.0192014

45 43 0.0161183

46 43 0.0129717

47 43 0.00977382

48 43 0.00653739

49 43 0.00327516

50 43 0

0 44 0

1 44 0.00283167

2 44 0.00565216

3 44 0.00845034

4 44 0.0112152

5 44 0.0139358

6 44 0.0166013

7 44 0.0192014

8 44 0.0217257

9 44 0.0241642

10 44 0.0265074

11 44 0.0287459

12 44 0.0308711

13 44 0.0328743

14 44 0.0347479

15 44 0.0364843

16 44 0.0380767

17 44 0.0395188

18 44 0.040805

19 44 0.0419302

20 44 0.0428898

21 44 0.0436802

22 44 0.0442983

23 44 0.0447414

24 44 0.0450081

25 44 0.045097

26 44 0.0450081

27 44 0.0447414

28 44 0.0442983

29 44 0.0436802

30 44 0.0428898

31 44 0.0419302

32 44 0.040805

33 44 0.0395188

34 44 0.0380767

35 44 0.0364843

36 44 0.0347479

37 44 0.0328743

38 44 0.0308711

39 44 0.0287459

40 44 0.0265074

41 44 0.0241642

42 44 0.0217257

43 44 0.0192014

44 44 0.0166013

45 44 0.0139358

46 44 0.0112152

47 44 0.00845034

48 44 0.00565216

49 44 0.00283167

50 44 0

0 45 0

1 45 0.002377

2 45 0.00474463

3 45 0.00709352

4 45 0.00941443

5 45 0.0116982

6 45 0.0139358

7 45 0.0161183

8 45 0.0182373

9 45 0.0202843

10 45 0.0222512

11 45 0.0241304

12 45 0.0259143

13 45 0.0275959

14 45 0.0291686

15 45 0.0306262

16 45 0.0319629

17 45 0.0331735

18 45 0.0342532

19 45 0.0351977

20 45 0.0360033

21 45 0.0366668

22 45 0.0371855

23 45 0.0375576

24 45 0.0377814

25 45 0.0378561

26 45 0.0377814

27 45 0.0375576

28 45 0.0371855

29 45 0.0366668

30 45 0.0360033

31 45 0.0351977

32 45 0.0342532

33 45 0.0331735

34 45 0.0319629

35 45 0.0306262

36 45 0.0291686

37 45 0.0275959

38 45 0.0259143

39 45 0.0241304

40 45 0.0222512

41 45 0.0202843

42 45 0.0182373

43 45 0.0161183

44 45 0.0139358

45 45 0.0116982

46 45 0.00941443

47 45 0.00709352

48 45 0.00474463

49 45 0.002377

50 45 0

0 46 0

1 46 0.00191296

2 46 0.00381837

3 46 0.00570871

4 46 0.00757652

5 46 0.00941443

6 46 0.0112152

7 46 0.0129717

8 46 0.014677

9 46 0.0163243

10 46 0.0179073

11 46 0.0194196

12 46 0.0208552

13 46 0.0222086

14 46 0.0234742

15 46 0.0246473

16 46 0.0257231

17 46 0.0266973

18 46 0.0275662

19 46 0.0283263

20 46 0.0289746

21 46 0.0295086

22 46 0.0299261

23 46 0.0302255

24 46 0.0304056

25 46 0.0304657

26 46 0.0304056

27 46 0.0302255

28 46 0.0299261

29 46 0.0295086

30 46 0.0289746

31 46 0.0283263

32 46 0.0275662

33 46 0.0266973

34 46 0.0257231

35 46 0.0246473

36 46 0.0234742

37 46 0.0222086

38 46 0.0208552

39 46 0.0194196

40 46 0.0179073

41 46 0.0163243

42 46 0.014677

43 46 0.0129717

44 46 0.0112152

45 46 0.00941443

46 46 0.00757652

47 46 0.00570871

48 46 0.00381837

49 46 0.00191296

50 46 0

0 47 0

1 47 0.00144136

2 47 0.00287704

3 47 0.00430136

4 47 0.00570871

5 47 0.00709352

6 47 0.00845034

7 47 0.00977382

8 47 0.0110587

9 47 0.0123

10 47 0.0134927

11 47 0.0146321

12 47 0.0157139

13 47 0.0167336

14 47 0.0176872

15 47 0.0185711

16 47 0.0193817

17 47 0.0201157

18 47 0.0207704

19 47 0.0213431

20 47 0.0218316

21 47 0.0222339

22 47 0.0225485

23 47 0.0227741

24 47 0.0229098

25 47 0.0229551

26 47 0.0229098

27 47 0.0227741

28 47 0.0225485

29 47 0.0222339

30 47 0.0218316

31 47 0.0213431

32 47 0.0207704

33 47 0.0201157

34 47 0.0193817

35 47 0.0185711

36 47 0.0176872

37 47 0.0167336

38 47 0.0157139

39 47 0.0146321

40 47 0.0134927

41 47 0.0123

42 47 0.0110587

43 47 0.00977382

44 47 0.00845034

45 47 0.00709352

46 47 0.00570871

47 47 0.00430136

48 47 0.00287704

49 47 0.00144136

50 47 0

0 48 0

1 48 0.000964081

2 48 0.00192436

3 48 0.00287704

4 48 0.00381837

5 48 0.00474463

6 48 0.00565216

7 48 0.00653739

8 48 0.00739681

9 48 0.00822705

10 48 0.00902481

11 48 0.00978696

12 48 0.0105105

13 48 0.0111925

14 48 0.0118304

15 48 0.0124216

16 48 0.0129638

17 48 0.0134548

18 48 0.0138927

19 48 0.0142757

20 48 0.0146025

21 48 0.0148716

22 48 0.015082

23 48 0.0152329

24 48 0.0153236

25 48 0.0153539

26 48 0.0153236

27 48 0.0152329

28 48 0.015082

29 48 0.0148716

30 48 0.0146025

31 48 0.0142757

32 48 0.0138927

33 48 0.0134548

34 48 0.0129638

35 48 0.0124216

36 48 0.0118304

37 48 0.0111925

38 48 0.0105105

39 48 0.00978696

40 48 0.00902481

41 48 0.00822705

42 48 0.00739681

43 48 0.00653739

44 48 0.00565216

45 48 0.00474463

46 48 0.00381837

47 48 0.00287704

48 48 0.00192436

49 48 0.000964081

50 48 0

0 49 0

1 49 0.000482994

2 49 0.000964081

3 49 0.00144136

4 49 0.00191296

5 49 0.002377

6 49 0.00283167

7 49 0.00327516

8 49 0.00370572

9 49 0.00412166

10 49 0.00452133

11 49 0.00490316

12 49 0.00526563

13 49 0.00560733

14 49 0.0059269

15 49 0.00622308

16 49 0.00649469

17 49 0.00674068

18 49 0.00696006

19 49 0.00715197

20 49 0.00731566

21 49 0.00745048

22 49 0.00755589

23 49 0.00763149

24 49 0.00767697

