0 1 0

1 1 0.000852623

2 1 0.00170188

3 1 0.00254442

4 1 0.00337692

5 1 0.0041961

6 1 0.00499871

7 1 0.00578159

8 1 0.00654166

9 1 0.00727591

10 1 0.00798145

11 1 0.00865549

12 1 0.00929536

13 1 0.00989856

14 1 0.0104627

15 1 0.0109855

16 1 0.011465

17 1 0.0118992

18 1 0.0122865

19 1 0.0126253

20 1 0.0129143

21 1 0.0131522

22 1 0.0133383

23 1 0.0134718

24 1 0.0135521

25 1 0.0135789

26 1 0.0135521

27 1 0.0134718

28 1 0.0133383

29 1 0.0131522

30 1 0.0129143

31 1 0.0126253

32 1 0.0122865

33 1 0.0118992

34 1 0.011465

35 1 0.0109855

36 1 0.0104627

37 1 0.00989856

38 1 0.00929536

39 1 0.00865549

40 1 0.00798145

41 1 0.00727591

42 1 0.00654166

43 1 0.00578159

44 1 0.00499871

45 1 0.0041961

46 1 0.00337692

47 1 0.00254442

48 1 0.00170188

49 1 0.000852623

50 1 0

0 2 0

1 2 0.00170188

2 2 0.00339705

3 2 0.0050788

4 2 0.00674052

5 2 0.00837563

6 2 0.00997769

7 2 0.0115404

8 2 0.0130575

9 2 0.0145231

10 2 0.0159314

11 2 0.0172768

12 2 0.018554

13 2 0.019758

14 2 0.0208841

15 2 0.0219277

16 2 0.0228848

17 2 0.0237515

18 2 0.0245245

19 2 0.0252008

20 2 0.0257775

21 2 0.0262526

22 2 0.026624

23 2 0.0268904

24 2 0.0270506

25 2 0.0271041

26 2 0.0270506

27 2 0.0268904

28 2 0.026624

29 2 0.0262526

30 2 0.0257775

31 2 0.0252008

32 2 0.0245245

33 2 0.0237515

34 2 0.0228848

35 2 0.0219277

36 2 0.0208841

37 2 0.019758

38 2 0.018554

39 2 0.0172768

40 2 0.0159314

41 2 0.0145231

42 2 0.0130575

43 2 0.0115404

44 2 0.00997769

45 2 0.00837563

46 2 0.00674052

47 2 0.0050788

48 2 0.00339705

49 2 0.00170188

50 2 0

0 3 0

1 3 0.00254442

2 3 0.0050788

3 3 0.00759314

4 3 0.0100775

5 3 0.0125221

6 3 0.0149173

7 3 0.0172536

8 3 0.0195218

9 3 0.021713

10 3 0.0238185

11 3 0.02583

12 3 0.0277395

13 3 0.0295396

14 3 0.0312231

15 3 0.0327833

16 3 0.0342142

17 3 0.0355101

18 3 0.0366658

19 3 0.0376768

20 3 0.0385391

21 3 0.0392493

22 3 0.0398046

23 3 0.0402029

24 3 0.0404424

25 3 0.0405224

26 3 0.0404424

27 3 0.0402029

28 3 0.0398046

29 3 0.0392493

30 3 0.0385391

31 3 0.0376768

32 3 0.0366658

33 3 0.0355101

34 3 0.0342142

35 3 0.0327833

36 3 0.0312231

37 3 0.0295396

38 3 0.0277395

39 3 0.02583

40 3 0.0238185

41 3 0.021713

42 3 0.0195218

43 3 0.0172536

44 3 0.0149173

45 3 0.0125221

46 3 0.0100775

47 3 0.00759314

48 3 0.0050788

49 3 0.00254442

50 3 0

0 4 0

1 4 0.00337692

2 4 0.00674052

3 4 0.0100775

4 4 0.0133747

5 4 0.0166192

6 4 0.019798

7 4 0.0228987

8 4 0.0259091

9 4 0.0288172

10 4 0.0316115

11 4 0.0342812

12 4 0.0368155

13 4 0.0392045

14 4 0.0414388

15 4 0.0435096

16 4 0.0454086

17 4 0.0471285

18 4 0.0486623

19 4 0.0500041

20 4 0.0511486

21 4 0.0520912

22 4 0.0528282

23 4 0.0533567

24 4 0.0536747

25 4 0.0537808

26 4 0.0536747

27 4 0.0533567

28 4 0.0528282

29 4 0.0520912

30 4 0.0511486

31 4 0.0500041

32 4 0.0486623

33 4 0.0471285

34 4 0.0454086

35 4 0.0435096

36 4 0.0414388

37 4 0.0392045

38 4 0.0368155

39 4 0.0342812

40 4 0.0316115

41 4 0.0288172

42 4 0.0259091

43 4 0.0228987

44 4 0.019798

45 4 0.0166192

46 4 0.0133747

47 4 0.0100775

48 4 0.00674052

49 4 0.00337692

50 4 0

0 5 0

1 5 0.0041961

2 5 0.00837563

3 5 0.0125221

4 5 0.0166192

5 5 0.0206506

6 5 0.0246006

7 5 0.0284535

8 5 0.0321941

9 5 0.0358076

10 5 0.0392799

11 5 0.0425971

12 5 0.0457462

13 5 0.0487147

14 5 0.051491

15 5 0.0540641

16 5 0.0564238

17 5 0.0585609

18 5 0.0604668

19 5 0.0621341

20 5 0.0635562

21 5 0.0647274

22 5 0.0656432

23 5 0.0663

24 5 0.066695

25 5 0.0668269

26 5 0.066695

27 5 0.0663

28 5 0.0656432

29 5 0.0647274

30 5 0.0635562

31 5 0.0621341

32 5 0.0604668

33 5 0.0585609

34 5 0.0564238

35 5 0.0540641

36 5 0.051491

37 5 0.0487147

38 5 0.0457462

39 5 0.0425971

40 5 0.0392799

41 5 0.0358076

42 5 0.0321941

43 5 0.0284535

44 5 0.0246006

45 5 0.0206506

46 5 0.0166192

47 5 0.0125221

48 5 0.00837563

49 5 0.0041961

50 5 0

0 6 0

1 6 0.00499871

2 6 0.00997769

3 6 0.0149173

4 6 0.019798

5 6 0.0246006

6 6 0.0293061

7 6 0.033896

8 6 0.0383521

9 6 0.0426568

10 6 0.0467932

11 6 0.0507449

12 6 0.0544963

13 6 0.0580327

14 6 0.06134

15 6 0.0644053

16 6 0.0672163

17 6 0.0697622

18 6 0.0720326

19 6 0.0740188

20 6 0.0757129

21 6 0.0771082

22 6 0.0781992

23 6 0.0789815

24 6 0.0794522

25 6 0.0796093

26 6 0.0794522

27 6 0.0789815

28 6 0.0781992

29 6 0.0771082

30 6 0.0757129

31 6 0.0740188

32 6 0.0720326

33 6 0.0697622

34 6 0.0672163

35 6 0.0644053

36 6 0.06134

37 6 0.0580327

38 6 0.0544963

39 6 0.0507449

40 6 0.0467932

41 6 0.0426568

42 6 0.0383521

43 6 0.033896

44 6 0.0293061

45 6 0.0246006

46 6 0.019798

47 6 0.0149173

48 6 0.00997769

49 6 0.00499871

50 6 0

0 7 0

1 7 0.00578159

2 7 0.0115404

3 7 0.0172536

4 7 0.0228987

5 7 0.0284535

6 7 0.033896

7 7 0.0392047

8 7 0.0443587

9 7 0.0493376

10 7 0.0541218

11 7 0.0586924

12 7 0.0630314

13 7 0.0671216

14 7 0.0709469

15 7 0.0744923

16 7 0.0777436

17 7 0.0806881

18 7 0.0833142

19 7 0.0856115

20 7 0.0875709

21 7 0.0891847

22 7 0.0904466

23 7 0.0913514

24 7 0.0918958

25 7 0.0920775

26 7 0.0918958

27 7 0.0913514

28 7 0.0904466

29 7 0.0891847

30 7 0.0875709

31 7 0.0856115

32 7 0.0833142

33 7 0.0806881

34 7 0.0777436

35 7 0.0744923

36 7 0.0709469

37 7 0.0671216

38 7 0.0630314

39 7 0.0586924

40 7 0.0541218

41 7 0.0493376

42 7 0.0443587

43 7 0.0392047

44 7 0.033896

45 7 0.0284535

46 7 0.0228987

47 7 0.0172536

48 7 0.0115404

49 7 0.00578159

50 7 0

0 8 0

1 8 0.00654166

2 8 0.0130575

3 8 0.0195218

4 8 0.0259091

5 8 0.0321941

6 8 0.0383521

7 8 0.0443587

8 8 0.0501902

9 8 0.0558237

10 8 0.0612368

11 8 0.0664083

12 8 0.0713177

13 8 0.0759456

14 8 0.0802739

15 8 0.0842853

16 8 0.087964

17 8 0.0912957

18 8 0.094267

19 8 0.0968663

20 8 0.0990833

21 8 0.100909

22 8 0.102337

23 8 0.103361

24 8 0.103977

25 8 0.104182

26 8 0.103977

27 8 0.103361

28 8 0.102337

29 8 0.100909

30 8 0.0990833

31 8 0.0968663

32 8 0.094267

33 8 0.0912957

34 8 0.087964

35 8 0.0842853

36 8 0.0802739

37 8 0.0759456

38 8 0.0713177

39 8 0.0664083

40 8 0.0612368

41 8 0.0558237

42 8 0.0501902

43 8 0.0443587

44 8 0.0383521

45 8 0.0321941

46 8 0.0259091

47 8 0.0195218

48 8 0.0130575

49 8 0.00654166

50 8 0

0 9 0

1 9 0.00727591

2 9 0.0145231

3 9 0.021713

4 9 0.0288172

5 9 0.0358076

6 9 0.0426568

7 9 0.0493376

8 9 0.0558237

9 9 0.0620895

10 9 0.0681102

11 9 0.0738621

12 9 0.0793226

13 9 0.0844699

14 9 0.089284

15 9 0.0937456

16 9 0.0978373

17 9 0.101543

18 9 0.104848

19 9 0.107739

20 9 0.110205

21 9 0.112236

22 9 0.113823

23 9 0.114962

24 9 0.115647

25 9 0.115876

26 9 0.115647

27 9 0.114962

28 9 0.113823

29 9 0.112236

30 9 0.110205

31 9 0.107739

32 9 0.104848

33 9 0.101543

34 9 0.0978373

35 9 0.0937456

36 9 0.089284

37 9 0.0844699

38 9 0.0793226

39 9 0.0738621

40 9 0.0681102

41 9 0.0620895

42 9 0.0558237

43 9 0.0493376

44 9 0.0426568

45 9 0.0358076

46 9 0.0288172

47 9 0.021713

48 9 0.0145231

49 9 0.00727591

50 9 0

0 10 0

1 10 0.00798145

2 10 0.0159314

3 10 0.0238185

4 10 0.0316115

5 10 0.0392799

6 10 0.0467932

7 10 0.0541218

8 10 0.0612368

9 10 0.0681102

10 10 0.0747147

11 10 0.0810244

12 10 0.0870144

13 10 0.0926609

14 10 0.0979417

15 10 0.102836

16 10 0.107324

17 10 0.111389

18 10 0.115015

19 10 0.118186

20 10 0.120891

21 10 0.123119

22 10 0.124861

23 10 0.12611

24 10 0.126861

25 10 0.127112

26 10 0.126861

27 10 0.12611

28 10 0.124861

29 10 0.123119

30 10 0.120891

31 10 0.118186

32 10 0.115015

33 10 0.111389

34 10 0.107324

35 10 0.102836

36 10 0.0979417

37 10 0.0926609

38 10 0.0870144

39 10 0.0810244

40 10 0.0747147

41 10 0.0681102

42 10 0.0612368

43 10 0.0541218

44 10 0.0467932

45 10 0.0392799

46 10 0.0316115

47 10 0.0238185

48 10 0.0159314

49 10 0.00798145

50 10 0

0 11 0

1 11 0.00865549

2 11 0.0172768

3 11 0.02583

4 11 0.0342812

5 11 0.0425971

6 11 0.0507449

7 11 0.0586924

8 11 0.0664083

9 11 0.0738621

10 11 0.0810244

11 11 0.087867

12 11 0.0943628

13 11 0.100486

14 11 0.106213

15 11 0.111521

16 11 0.116388

17 11 0.120796

18 11 0.124728

19 11 0.128167

20 11 0.1311

21 11 0.133516

22 11 0.135405

23 11 0.13676

24 11 0.137575

25 11 0.137847

26 11 0.137575

27 11 0.13676

28 11 0.135405

29 11 0.133516

30 11 0.1311

31 11 0.128167

32 11 0.124728

33 11 0.120796

34 11 0.116388

35 11 0.111521

36 11 0.106213

37 11 0.100486

38 11 0.0943628

39 11 0.087867

40 11 0.0810244

41 11 0.0738621

42 11 0.0664083

43 11 0.0586924

44 11 0.0507449

45 11 0.0425971

46 11 0.0342812

47 11 0.02583

48 11 0.0172768

49 11 0.00865549

50 11 0

0 12 0

1 12 0.00929536

2 12 0.018554

3 12 0.0277395

4 12 0.0368155

5 12 0.0457462

6 12 0.0544963

7 12 0.0630314

8 12 0.0713177

9 12 0.0793226

10 12 0.0870144

11 12 0.0943628

12 12 0.101339

13 12 0.107915

14 12 0.114065

15 12 0.119765

16 12 0.124992

17 12 0.129726

18 12 0.133949

19 12 0.137642

20 12 0.140792

21 12 0.143387

22 12 0.145416

23 12 0.14687

24 12 0.147746

25 12 0.148038

26 12 0.147746

27 12 0.14687

28 12 0.145416

29 12 0.143387

30 12 0.140792

31 12 0.137642

32 12 0.133949

33 12 0.129726

34 12 0.124992

35 12 0.119765

36 12 0.114065

37 12 0.107915

38 12 0.101339

39 12 0.0943628

40 12 0.0870144

41 12 0.0793226

42 12 0.0713177

43 12 0.0630314

44 12 0.0544963

45 12 0.0457462

46 12 0.0368155

47 12 0.0277395

48 12 0.018554

49 12 0.00929536

50 12 0

0 13 0

1 13 0.00989856

2 13 0.019758

3 13 0.0295396

4 13 0.0392045

5 13 0.0487147

6 13 0.0580327

7 13 0.0671216

8 13 0.0759456

9 13 0.0844699

10 13 0.0926609

11 13 0.100486

12 13 0.107915

13 13 0.114918

14 13 0.121467

15 13 0.127537

16 13 0.133103

17 13 0.138145

18 13 0.142641

19 13 0.146574

20 13 0.149928

21 13 0.152691

22 13 0.154852

23 13 0.156401

24 13 0.157333

25 13 0.157644

26 13 0.157333

27 13 0.156401

28 13 0.154852

29 13 0.152691

30 13 0.149928

31 13 0.146574

32 13 0.142641

33 13 0.138145

34 13 0.133103

35 13 0.127537

36 13 0.121467

37 13 0.114918

38 13 0.107915

39 13 0.100486

40 13 0.0926609

41 13 0.0844699

42 13 0.0759456

43 13 0.0671216

44 13 0.0580327

45 13 0.0487147

46 13 0.0392045

47 13 0.0295396

48 13 0.019758

49 13 0.00989856

50 13 0

0 14 0

1 14 0.0104627

2 14 0.0208841

3 14 0.0312231

4 14 0.0414388

5 14 0.051491

6 14 0.06134

7 14 0.0709469

8 14 0.0802739

9 14 0.089284

10 14 0.0979417

11 14 0.106213

12 14 0.114065

13 14 0.121467

14 14 0.128389

15 14 0.134805

16 14 0.140689

17 14 0.146018

18 14 0.15077

19 14 0.154927

20 14 0.158473

21 14 0.161393

22 14 0.163677

23 14 0.165315

24 14 0.1663

25 14 0.166628

26 14 0.1663

27 14 0.165315

28 14 0.163677

29 14 0.161393

30 14 0.158473

31 14 0.154927

32 14 0.15077

33 14 0.146018

34 14 0.140689

35 14 0.134805

36 14 0.128389

37 14 0.121467

38 14 0.114065

39 14 0.106213

40 14 0.0979417

41 14 0.089284

42 14 0.0802739

43 14 0.0709469

44 14 0.06134

45 14 0.051491

46 14 0.0414388

47 14 0.0312231

48 14 0.0208841

49 14 0.0104627

50 14 0

0 15 0

1 15 0.0109855

2 15 0.0219277

3 15 0.0327833

4 15 0.0435096

5 15 0.0540641

6 15 0.0644053

7 15 0.0744923

8 15 0.0842853

9 15 0.0937456

10 15 0.102836

11 15 0.111521

12 15 0.119765

13 15 0.127537

14 15 0.134805

15 15 0.141542

16 15 0.147719

17 15 0.153314

18 15 0.158304

19 15 0.162669

20 15 0.166392

21 15 0.169459

22 15 0.171856

23 15 0.173576

24 15 0.17461

25 15 0.174955

26 15 0.17461

27 15 0.173576

28 15 0.171856

29 15 0.169459

30 15 0.166392

31 15 0.162669

32 15 0.158304

33 15 0.153314

34 15 0.147719

35 15 0.141542

36 15 0.134805

37 15 0.127537

38 15 0.119765

39 15 0.111521

40 15 0.102836

41 15 0.0937456

42 15 0.0842853

43 15 0.0744923

44 15 0.0644053

45 15 0.0540641

46 15 0.0435096

47 15 0.0327833

48 15 0.0219277

49 15 0.0109855

50 15 0

0 16 0

1 16 0.011465

2 16 0.0228848

3 16 0.0342142

4 16 0.0454086

5 16 0.0564238

6 16 0.0672163

7 16 0.0777436

8 16 0.087964

9 16 0.0978373

10 16 0.107324

11 16 0.116388

12 16 0.124992

13 16 0.133103

14 16 0.140689

15 16 0.147719

16 16 0.154167

17 16 0.160006

18 16 0.165214

19 16 0.169769

20 16 0.173655

21 16 0.176855

22 16 0.179357

23 16 0.181152

24 16 0.182231

25 16 0.182591

26 16 0.182231

27 16 0.181152

28 16 0.179357

29 16 0.176855

30 16 0.173655

31 16 0.169769

32 16 0.165214

33 16 0.160006

34 16 0.154167

35 16 0.147719

36 16 0.140689

37 16 0.133103

38 16 0.124992

39 16 0.116388

40 16 0.107324

41 16 0.0978373

42 16 0.087964

43 16 0.0777436

44 16 0.0672163

45 16 0.0564238

46 16 0.0454086

47 16 0.0342142

48 16 0.0228848

49 16 0.011465

50 16 0

0 17 0

1 17 0.0118992

2 17 0.0237515

3 17 0.0355101

4 17 0.0471285

5 17 0.0585609

6 17 0.0697622

7 17 0.0806881

8 17 0.0912957

9 17 0.101543

10 17 0.111389

11 17 0.120796

12 17 0.129726

13 17 0.138145

14 17 0.146018

15 17 0.153314

16 17 0.160006

17 17 0.166066

18 17 0.171471

19 17 0.176199

20 17 0.180232

21 17 0.183553

22 17 0.18615

23 17 0.188013

24 17 0.189133

25 17 0.189507

26 17 0.189133

27 17 0.188013

28 17 0.18615

29 17 0.183553

30 17 0.180232

31 17 0.176199

32 17 0.171471

33 17 0.166066

34 17 0.160006

35 17 0.153314

36 17 0.146018

37 17 0.138145

38 17 0.129726

39 17 0.120796

40 17 0.111389

41 17 0.101543

42 17 0.0912957

43 17 0.0806881

44 17 0.0697622

45 17 0.0585609

46 17 0.0471285

47 17 0.0355101

48 17 0.0237515

49 17 0.0118992

50 17 0

0 18 0

1 18 0.0122865

2 18 0.0245245

3 18 0.0366658

4 18 0.0486623

5 18 0.0604668

6 18 0.0720326

7 18 0.0833142

8 18 0.094267

9 18 0.104848

10 18 0.115015

11 18 0.124728

12 18 0.133949

13 18 0.142641

14 18 0.15077

15 18 0.158304

16 18 0.165214

17 18 0.171471

18 18 0.177052

19 18 0.181934

20 18 0.186098

21 18 0.189527

22 18 0.192209

23 18 0.194132

24 18 0.195289

25 18 0.195675

26 18 0.195289

27 18 0.194132

28 18 0.192209

29 18 0.189527

30 18 0.186098

31 18 0.181934

32 18 0.177052

33 18 0.171471

34 18 0.165214

35 18 0.158304

36 18 0.15077

37 18 0.142641

38 18 0.133949

39 18 0.124728

40 18 0.115015

41 18 0.104848

42 18 0.094267

43 18 0.0833142

44 18 0.0720326

45 18 0.0604668

46 18 0.0486623

47 18 0.0366658

48 18 0.0245245

49 18 0.0122865

50 18 0

0 19 0

1 19 0.0126253

2 19 0.0252008

3 19 0.0376768

4 19 0.0500041

5 19 0.0621341

6 19 0.0740188

7 19 0.0856115

8 19 0.0968663

9 19 0.107739

10 19 0.118186

11 19 0.128167

12 19 0.137642

13 19 0.146574

14 19 0.154927

15 19 0.162669

16 19 0.169769

17 19 0.176199

18 19 0.181934

19 19 0.18695

20 19 0.191229

21 19 0.194753

22 19 0.197509

23 19 0.199485

24 19 0.200673

25 19 0.20107

26 19 0.200673

27 19 0.199485

28 19 0.197509

29 19 0.194753

30 19 0.191229

31 19 0.18695

32 19 0.181934

33 19 0.176199

34 19 0.169769

35 19 0.162669

36 19 0.154927

37 19 0.146574

38 19 0.137642

39 19 0.128167

40 19 0.118186

41 19 0.107739

42 19 0.0968663

43 19 0.0856115

44 19 0.0740188

45 19 0.0621341

46 19 0.0500041

47 19 0.0376768

48 19 0.0252008

49 19 0.0126253

50 19 0

0 20 0

1 20 0.0129143

2 20 0.0257775

3 20 0.0385391

4 20 0.0511486

5 20 0.0635562

6 20 0.0757129

7 20 0.0875709

8 20 0.0990833

9 20 0.110205

10 20 0.120891

11 20 0.1311

12 20 0.140792

13 20 0.149928

14 20 0.158473

15 20 0.166392

16 20 0.173655

17 20 0.180232

18 20 0.186098

19 20 0.191229

20 20 0.195606

21 20 0.19921

22 20 0.202029

23 20 0.20405

24 20 0.205266

25 20 0.205672

26 20 0.205266

27 20 0.20405

28 20 0.202029

29 20 0.19921

30 20 0.195606

31 20 0.191229

32 20 0.186098

33 20 0.180232

34 20 0.173655

35 20 0.166392

36 20 0.158473

37 20 0.149928

38 20 0.140792

39 20 0.1311

40 20 0.120891

41 20 0.110205

42 20 0.0990833

43 20 0.0875709

44 20 0.0757129

45 20 0.0635562

46 20 0.0511486

47 20 0.0385391

48 20 0.0257775

49 20 0.0129143

50 20 0

0 21 0

1 21 0.0131522

2 21 0.0262526

3 21 0.0392493

4 21 0.0520912

5 21 0.0647274

6 21 0.0771082

7 21 0.0891847

8 21 0.100909

9 21 0.112236

10 21 0.123119

11 21 0.133516

12 21 0.143387

13 21 0.152691

14 21 0.161393

15 21 0.169459

16 21 0.176855

17 21 0.183553

18 21 0.189527

19 21 0.194753

20 21 0.19921

21 21 0.202882

22 21 0.205752

23 21 0.207811

24 21 0.209049

25 21 0.209462

26 21 0.209049

27 21 0.207811

28 21 0.205752

29 21 0.202882

30 21 0.19921

31 21 0.194753

32 21 0.189527

33 21 0.183553

34 21 0.176855

35 21 0.169459

36 21 0.161393

37 21 0.152691

38 21 0.143387

39 21 0.133516

40 21 0.123119

41 21 0.112236

42 21 0.100909

43 21 0.0891847

44 21 0.0771082

45 21 0.0647274

46 21 0.0520912

47 21 0.0392493

48 21 0.0262526

49 21 0.0131522

50 21 0

0 22 0

1 22 0.0133383

2 22 0.026624

3 22 0.0398046

4 22 0.0528282

5 22 0.0656432

6 22 0.0781992

7 22 0.0904466

8 22 0.102337

9 22 0.113823

10 22 0.124861

11 22 0.135405

12 22 0.145416

13 22 0.154852

14 22 0.163677

15 22 0.171856

16 22 0.179357

17 22 0.18615

18 22 0.192209

19 22 0.197509

20 22 0.202029

21 22 0.205752

22 22 0.208663

23 22 0.210751

24 22 0.212007

25 22 0.212426

26 22 0.212007

27 22 0.210751

28 22 0.208663

29 22 0.205752

30 22 0.202029

31 22 0.197509

32 22 0.192209

33 22 0.18615

34 22 0.179357

35 22 0.171856

36 22 0.163677

37 22 0.154852

38 22 0.145416

39 22 0.135405

40 22 0.124861

41 22 0.113823

42 22 0.102337

43 22 0.0904466

44 22 0.0781992

45 22 0.0656432

46 22 0.0528282

47 22 0.0398046

48 22 0.026624

49 22 0.0133383

50 22 0

0 23 0

1 23 0.0134718

2 23 0.0268904

3 23 0.0402029

4 23 0.0533567

5 23 0.0663

6 23 0.0789815

7 23 0.0913514

8 23 0.103361

9 23 0.114962

10 23 0.12611

11 23 0.13676

12 23 0.14687

13 23 0.156401

14 23 0.165315

15 23 0.173576

16 23 0.181152

17 23 0.188013

18 23 0.194132

19 23 0.199485

20 23 0.20405

21 23 0.207811

22 23 0.210751

23 23 0.212859

24 23 0.214128

25 23 0.214551

26 23 0.214128

27 23 0.212859

28 23 0.210751

29 23 0.207811

30 23 0.20405

31 23 0.199485

32 23 0.194132

33 23 0.188013

34 23 0.181152

35 23 0.173576

36 23 0.165315

37 23 0.156401

38 23 0.14687

39 23 0.13676

40 23 0.12611

41 23 0.114962

42 23 0.103361

43 23 0.0913514

44 23 0.0789815

45 23 0.0663

46 23 0.0533567

47 23 0.0402029

48 23 0.0268904

49 23 0.0134718

50 23 0

0 24 0

1 24 0.0135521

2 24 0.0270506

3 24 0.0404424

4 24 0.0536747

5 24 0.066695

6 24 0.0794522

7 24 0.0918958

8 24 0.103977

9 24 0.115647

10 24 0.126861

11 24 0.137575

12 24 0.147746

13 24 0.157333

14 24 0.1663

15 24 0.17461

16 24 0.182231

17 24 0.189133

18 24 0.195289

19 24 0.200673

20 24 0.205266

21 24 0.209049

22 24 0.212007

23 24 0.214128

24 24 0.215404

25 24 0.21583

26 24 0.215404

27 24 0.214128

28 24 0.212007

29 24 0.209049

30 24 0.205266

31 24 0.200673

32 24 0.195289

33 24 0.189133

34 24 0.182231

35 24 0.17461

36 24 0.1663

37 24 0.157333

38 24 0.147746

39 24 0.137575

40 24 0.126861

41 24 0.115647

42 24 0.103977

43 24 0.0918958

44 24 0.0794522

45 24 0.066695

46 24 0.0536747

47 24 0.0404424

48 24 0.0270506

49 24 0.0135521

50 24 0

0 25 0

1 25 0.0135789

2 25 0.0271041

3 25 0.0405224

4 25 0.0537808

5 25 0.0668269

6 25 0.0796093

7 25 0.0920775

8 25 0.104182

9 25 0.115876

10 25 0.127112

11 25 0.137847

12 25 0.148038

13 25 0.157644

14 25 0.166628

15 25 0.174955

16 25 0.182591

17 25 0.189507

18 25 0.195675

19 25 0.20107

20 25 0.205672

21 25 0.209462

22 25 0.212426

23 25 0.214551

24 25 0.21583

25 25 0.216256

26 25 0.21583

27 25 0.214551

28 25 0.212426

29 25 0.209462

30 25 0.205672

31 25 0.20107

32 25 0.195675

33 25 0.189507

34 25 0.182591

35 25 0.174955

36 25 0.166628

37 25 0.157644

38 25 0.148038

39 25 0.137847

40 25 0.127112

41 25 0.115876

42 25 0.104182

43 25 0.0920775

44 25 0.0796093

45 25 0.0668269

46 25 0.0537808

47 25 0.0405224

48 25 0.0271041

49 25 0.0135789

50 25 0

0 26 0

1 26 0.0135521

2 26 0.0270506

3 26 0.0404424

4 26 0.0536747

5 26 0.066695

6 26 0.0794522

7 26 0.0918958

8 26 0.103977

9 26 0.115647

10 26 0.126861

11 26 0.137575

12 26 0.147746

13 26 0.157333

14 26 0.1663

15 26 0.17461

16 26 0.182231

17 26 0.189133

18 26 0.195289

19 26 0.200673

20 26 0.205266

21 26 0.209049

22 26 0.212007

23 26 0.214128

24 26 0.215404

25 26 0.21583

26 26 0.215404

27 26 0.214128

28 26 0.212007

29 26 0.209049

30 26 0.205266

31 26 0.200673

32 26 0.195289

33 26 0.189133

34 26 0.182231

35 26 0.17461

36 26 0.1663

37 26 0.157333

38 26 0.147746

39 26 0.137575

40 26 0.126861

41 26 0.115647

42 26 0.103977

43 26 0.0918958

44 26 0.0794522

45 26 0.066695

46 26 0.0536747

47 26 0.0404424

48 26 0.0270506

49 26 0.0135521

50 26 0

0 27 0

1 27 0.0134718

2 27 0.0268904

3 27 0.0402029

4 27 0.0533567

5 27 0.0663

6 27 0.0789815

7 27 0.0913514

8 27 0.103361

9 27 0.114962

10 27 0.12611

11 27 0.13676

12 27 0.14687

13 27 0.156401

14 27 0.165315

15 27 0.173576

16 27 0.181152

17 27 0.188013

18 27 0.194132

19 27 0.199485

20 27 0.20405

21 27 0.207811

22 27 0.210751

23 27 0.212859

24 27 0.214128

25 27 0.214551

26 27 0.214128

27 27 0.212859

28 27 0.210751

29 27 0.207811

30 27 0.20405

31 27 0.199485

32 27 0.194132

33 27 0.188013

34 27 0.181152

35 27 0.173576

36 27 0.165315

37 27 0.156401

38 27 0.14687

39 27 0.13676

40 27 0.12611

41 27 0.114962

42 27 0.103361

43 27 0.0913514

44 27 0.0789815

45 27 0.0663

46 27 0.0533567

47 27 0.0402029

48 27 0.0268904

49 27 0.0134718

50 27 0

0 28 0

1 28 0.0133383

2 28 0.026624

3 28 0.0398046

4 28 0.0528282

5 28 0.0656432

6 28 0.0781992

7 28 0.0904466

8 28 0.102337

9 28 0.113823

10 28 0.124861

11 28 0.135405

12 28 0.145416

13 28 0.154852

14 28 0.163677

15 28 0.171856

16 28 0.179357

17 28 0.18615

18 28 0.192209

19 28 0.197509

20 28 0.202029

21 28 0.205752

22 28 0.208663

23 28 0.210751

24 28 0.212007

25 28 0.212426

26 28 0.212007

27 28 0.210751

28 28 0.208663

29 28 0.205752

30 28 0.202029

31 28 0.197509

32 28 0.192209

33 28 0.18615

34 28 0.179357

35 28 0.171856

36 28 0.163677

37 28 0.154852

38 28 0.145416

39 28 0.135405

40 28 0.124861

41 28 0.113823

42 28 0.102337

43 28 0.0904466

44 28 0.0781992

45 28 0.0656432

46 28 0.0528282

47 28 0.0398046

48 28 0.026624

49 28 0.0133383

50 28 0

0 29 0

1 29 0.0131522

2 29 0.0262526

3 29 0.0392493

4 29 0.0520912

5 29 0.0647274

6 29 0.0771082

7 29 0.0891847

8 29 0.100909

9 29 0.112236

10 29 0.123119

11 29 0.133516

12 29 0.143387

13 29 0.152691

14 29 0.161393

15 29 0.169459

16 29 0.176855

17 29 0.183553

18 29 0.189527

19 29 0.194753

20 29 0.19921

21 29 0.202882

22 29 0.205752

23 29 0.207811

24 29 0.209049

25 29 0.209462

26 29 0.209049

27 29 0.207811

28 29 0.205752

29 29 0.202882

30 29 0.19921

31 29 0.194753

32 29 0.189527

33 29 0.183553

34 29 0.176855

35 29 0.169459

36 29 0.161393

37 29 0.152691

38 29 0.143387

39 29 0.133516

40 29 0.123119

41 29 0.112236

42 29 0.100909

43 29 0.0891847

44 29 0.0771082

45 29 0.0647274

46 29 0.0520912

47 29 0.0392493

48 29 0.0262526

49 29 0.0131522

50 29 0

0 30 0

1 30 0.0129143

2 30 0.0257775

3 30 0.0385391

4 30 0.0511486

5 30 0.0635562

6 30 0.0757129

7 30 0.0875709

8 30 0.0990833

9 30 0.110205

10 30 0.120891

11 30 0.1311

12 30 0.140792

13 30 0.149928

14 30 0.158473

15 30 0.166392

16 30 0.173655

17 30 0.180232

18 30 0.186098

19 30 0.191229

20 30 0.195606

21 30 0.19921

22 30 0.202029

23 30 0.20405

24 30 0.205266

25 30 0.205672

26 30 0.205266

27 30 0.20405

28 30 0.202029

29 30 0.19921

30 30 0.195606

31 30 0.191229

32 30 0.186098

33 30 0.180232

34 30 0.173655

35 30 0.166392

36 30 0.158473

37 30 0.149928

38 30 0.140792

39 30 0.1311

40 30 0.120891

41 30 0.110205

42 30 0.0990833

43 30 0.0875709

44 30 0.0757129

45 30 0.0635562

46 30 0.0511486

47 30 0.0385391

48 30 0.0257775

49 30 0.0129143

50 30 0

0 31 0

1 31 0.0126253

2 31 0.0252008

3 31 0.0376768

4 31 0.0500041

5 31 0.0621341

6 31 0.0740188

7 31 0.0856115

8 31 0.0968663

9 31 0.107739

10 31 0.118186

11 31 0.128167

12 31 0.137642

13 31 0.146574

14 31 0.154927

15 31 0.162669

16 31 0.169769

17 31 0.176199

18 31 0.181934

19 31 0.18695

20 31 0.191229

21 31 0.194753

22 31 0.197509

23 31 0.199485

24 31 0.200673

25 31 0.20107

26 31 0.200673

27 31 0.199485

28 31 0.197509

29 31 0.194753

30 31 0.191229

31 31 0.18695

32 31 0.181934

33 31 0.176199

34 31 0.169769

35 31 0.162669

36 31 0.154927

37 31 0.146574

38 31 0.137642

39 31 0.128167

40 31 0.118186

41 31 0.107739

42 31 0.0968663

43 31 0.0856115

44 31 0.0740188

45 31 0.0621341

46 31 0.0500041

47 31 0.0376768

48 31 0.0252008

49 31 0.0126253

50 31 0

0 32 0

1 32 0.0122865

2 32 0.0245245

3 32 0.0366658

4 32 0.0486623

5 32 0.0604668

6 32 0.0720326

7 32 0.0833142

8 32 0.094267

9 32 0.104848

10 32 0.115015

11 32 0.124728

12 32 0.133949

13 32 0.142641

14 32 0.15077

15 32 0.158304

16 32 0.165214

17 32 0.171471

18 32 0.177052

19 32 0.181934

20 32 0.186098

21 32 0.189527

22 32 0.192209

23 32 0.194132

24 32 0.195289

25 32 0.195675

26 32 0.195289

27 32 0.194132

28 32 0.192209

29 32 0.189527

30 32 0.186098

31 32 0.181934

32 32 0.177052

33 32 0.171471

34 32 0.165214

35 32 0.158304

36 32 0.15077

37 32 0.142641

38 32 0.133949

39 32 0.124728

40 32 0.115015

41 32 0.104848

42 32 0.094267

43 32 0.0833142

44 32 0.0720326

45 32 0.0604668

46 32 0.0486623

47 32 0.0366658

48 32 0.0245245

49 32 0.0122865

50 32 0

0 33 0

1 33 0.0118992

2 33 0.0237515

3 33 0.0355101

4 33 0.0471285

5 33 0.0585609

6 33 0.0697622

7 33 0.0806881

8 33 0.0912957

9 33 0.101543

10 33 0.111389

11 33 0.120796

12 33 0.129726

13 33 0.138145

14 33 0.146018

15 33 0.153314

16 33 0.160006

17 33 0.166066

18 33 0.171471

19 33 0.176199

20 33 0.180232

21 33 0.183553

22 33 0.18615

23 33 0.188013

24 33 0.189133

25 33 0.189507

26 33 0.189133

27 33 0.188013

28 33 0.18615

29 33 0.183553

30 33 0.180232

31 33 0.176199

32 33 0.171471

33 33 0.166066

34 33 0.160006

35 33 0.153314

36 33 0.146018

37 33 0.138145

38 33 0.129726

39 33 0.120796

40 33 0.111389

41 33 0.101543

42 33 0.0912957

43 33 0.0806881

44 33 0.0697622

45 33 0.0585609

46 33 0.0471285

47 33 0.0355101

48 33 0.0237515

49 33 0.0118992

50 33 0

0 34 0

1 34 0.011465

2 34 0.0228848

3 34 0.0342142

4 34 0.0454086

5 34 0.0564238

6 34 0.0672163

7 34 0.0777436

8 34 0.087964

9 34 0.0978373

10 34 0.107324

11 34 0.116388

12 34 0.124992

13 34 0.133103

14 34 0.140689

15 34 0.147719

16 34 0.154167

17 34 0.160006

18 34 0.165214

19 34 0.169769

20 34 0.173655

21 34 0.176855

22 34 0.179357

23 34 0.181152

24 34 0.182231

25 34 0.182591

26 34 0.182231

27 34 0.181152

28 34 0.179357

29 34 0.176855

30 34 0.173655

31 34 0.169769

32 34 0.165214

33 34 0.160006

34 34 0.154167

35 34 0.147719

36 34 0.140689

37 34 0.133103

38 34 0.124992

39 34 0.116388

40 34 0.107324

41 34 0.0978373

42 34 0.087964

43 34 0.0777436

44 34 0.0672163

45 34 0.0564238

46 34 0.0454086

47 34 0.0342142

48 34 0.0228848

49 34 0.011465

50 34 0

0 35 0

1 35 0.0109855

2 35 0.0219277

3 35 0.0327833

4 35 0.0435096

5 35 0.0540641

6 35 0.0644053

7 35 0.0744923

8 35 0.0842853

9 35 0.0937456

10 35 0.102836

11 35 0.111521

12 35 0.119765

13 35 0.127537

14 35 0.134805

15 35 0.141542

16 35 0.147719

17 35 0.153314

18 35 0.158304

19 35 0.162669

20 35 0.166392

21 35 0.169459

22 35 0.171856

23 35 0.173576

24 35 0.17461

25 35 0.174955

26 35 0.17461

27 35 0.173576

28 35 0.171856

29 35 0.169459

30 35 0.166392

31 35 0.162669

32 35 0.158304

33 35 0.153314

34 35 0.147719

35 35 0.141542

36 35 0.134805

37 35 0.127537

38 35 0.119765

39 35 0.111521

40 35 0.102836

41 35 0.0937456

42 35 0.0842853

43 35 0.0744923

44 35 0.0644053

45 35 0.0540641

46 35 0.0435096

47 35 0.0327833

48 35 0.0219277

49 35 0.0109855

50 35 0

0 36 0

1 36 0.0104627

2 36 0.0208841

3 36 0.0312231

4 36 0.0414388

5 36 0.051491

6 36 0.06134

7 36 0.0709469

8 36 0.0802739

9 36 0.089284

10 36 0.0979417

11 36 0.106213

12 36 0.114065

13 36 0.121467

14 36 0.128389

15 36 0.134805

16 36 0.140689

17 36 0.146018

18 36 0.15077

19 36 0.154927

20 36 0.158473

21 36 0.161393

22 36 0.163677

23 36 0.165315

24 36 0.1663

25 36 0.166628

26 36 0.1663

27 36 0.165315

28 36 0.163677

29 36 0.161393

30 36 0.158473

31 36 0.154927

32 36 0.15077

33 36 0.146018

34 36 0.140689

35 36 0.134805

36 36 0.128389

37 36 0.121467

38 36 0.114065

39 36 0.106213

40 36 0.0979417

41 36 0.089284

42 36 0.0802739

43 36 0.0709469

44 36 0.06134

45 36 0.051491

46 36 0.0414388

47 36 0.0312231

48 36 0.0208841

49 36 0.0104627

50 36 0

0 37 0

1 37 0.00989856

2 37 0.019758

3 37 0.0295396

4 37 0.0392045

5 37 0.0487147

6 37 0.0580327

7 37 0.0671216

8 37 0.0759456

9 37 0.0844699

10 37 0.0926609

11 37 0.100486

12 37 0.107915

13 37 0.114918

14 37 0.121467

15 37 0.127537

16 37 0.133103

17 37 0.138145

18 37 0.142641

19 37 0.146574

20 37 0.149928

21 37 0.152691

22 37 0.154852

23 37 0.156401

24 37 0.157333

25 37 0.157644

26 37 0.157333

27 37 0.156401

28 37 0.154852

29 37 0.152691

30 37 0.149928

31 37 0.146574

32 37 0.142641

33 37 0.138145

34 37 0.133103

35 37 0.127537

36 37 0.121467

37 37 0.114918

38 37 0.107915

39 37 0.100486

40 37 0.0926609

41 37 0.0844699

42 37 0.0759456

43 37 0.0671216

44 37 0.0580327

45 37 0.0487147

46 37 0.0392045

47 37 0.0295396

48 37 0.019758

49 37 0.00989856

50 37 0

0 38 0

1 38 0.00929536

2 38 0.018554

3 38 0.0277395

4 38 0.0368155

5 38 0.0457462

6 38 0.0544963

7 38 0.0630314

8 38 0.0713177

9 38 0.0793226

10 38 0.0870144

11 38 0.0943628

12 38 0.101339

13 38 0.107915

14 38 0.114065

15 38 0.119765

16 38 0.124992

17 38 0.129726

18 38 0.133949

19 38 0.137642

20 38 0.140792

21 38 0.143387

22 38 0.145416

23 38 0.14687

24 38 0.147746

25 38 0.148038

26 38 0.147746

27 38 0.14687

28 38 0.145416

29 38 0.143387

30 38 0.140792

31 38 0.137642

32 38 0.133949

33 38 0.129726

34 38 0.124992

35 38 0.119765

36 38 0.114065

37 38 0.107915

38 38 0.101339

39 38 0.0943628

40 38 0.0870144

41 38 0.0793226

42 38 0.0713177

43 38 0.0630314

44 38 0.0544963

45 38 0.0457462

46 38 0.0368155

47 38 0.0277395

48 38 0.018554

49 38 0.00929536

50 38 0

0 39 0

1 39 0.00865549

2 39 0.0172768

3 39 0.02583

4 39 0.0342812

5 39 0.0425971

6 39 0.0507449

7 39 0.0586924

8 39 0.0664083

9 39 0.0738621

10 39 0.0810244

11 39 0.087867

12 39 0.0943628

13 39 0.100486

14 39 0.106213

15 39 0.111521

16 39 0.116388

17 39 0.120796

18 39 0.124728

19 39 0.128167

20 39 0.1311

21 39 0.133516

22 39 0.135405

23 39 0.13676

24 39 0.137575

25 39 0.137847

26 39 0.137575

27 39 0.13676

28 39 0.135405

29 39 0.133516

30 39 0.1311

31 39 0.128167

32 39 0.124728

33 39 0.120796

34 39 0.116388

35 39 0.111521

36 39 0.106213

37 39 0.100486

38 39 0.0943628

39 39 0.087867

40 39 0.0810244

41 39 0.0738621

42 39 0.0664083

43 39 0.0586924

44 39 0.0507449

45 39 0.0425971

46 39 0.0342812

47 39 0.02583

48 39 0.0172768

49 39 0.00865549

50 39 0

0 40 0

1 40 0.00798145

2 40 0.0159314

3 40 0.0238185

4 40 0.0316115

5 40 0.0392799

6 40 0.0467932

7 40 0.0541218

8 40 0.0612368

9 40 0.0681102

10 40 0.0747147

11 40 0.0810244

12 40 0.0870144

13 40 0.0926609

14 40 0.0979417

15 40 0.102836

16 40 0.107324

17 40 0.111389

18 40 0.115015

19 40 0.118186

20 40 0.120891

21 40 0.123119

22 40 0.124861

23 40 0.12611

24 40 0.126861

25 40 0.127112

26 40 0.126861

27 40 0.12611

28 40 0.124861

29 40 0.123119

30 40 0.120891

31 40 0.118186

32 40 0.115015

33 40 0.111389

34 40 0.107324

35 40 0.102836

36 40 0.0979417

37 40 0.0926609

38 40 0.0870144

39 40 0.0810244

40 40 0.0747147

41 40 0.0681102

42 40 0.0612368

43 40 0.0541218

44 40 0.0467932

45 40 0.0392799

46 40 0.0316115

47 40 0.0238185

48 40 0.0159314

49 40 0.00798145

50 40 0

0 41 0

1 41 0.00727591

2 41 0.0145231

3 41 0.021713

4 41 0.0288172

5 41 0.0358076

6 41 0.0426568

7 41 0.0493376

8 41 0.0558237

9 41 0.0620895

10 41 0.0681102

11 41 0.0738621

12 41 0.0793226

13 41 0.0844699

14 41 0.089284

15 41 0.0937456

16 41 0.0978373

17 41 0.101543

18 41 0.104848

19 41 0.107739

20 41 0.110205

21 41 0.112236

22 41 0.113823

23 41 0.114962

24 41 0.115647

25 41 0.115876

26 41 0.115647

27 41 0.114962

28 41 0.113823

29 41 0.112236

30 41 0.110205

31 41 0.107739

32 41 0.104848

33 41 0.101543

34 41 0.0978373

35 41 0.0937456

36 41 0.089284

37 41 0.0844699

38 41 0.0793226

39 41 0.0738621

40 41 0.0681102

41 41 0.0620895

42 41 0.0558237

43 41 0.0493376

44 41 0.0426568

45 41 0.0358076

46 41 0.0288172

47 41 0.021713

48 41 0.0145231

49 41 0.00727591

50 41 0

0 42 0

1 42 0.00654166

2 42 0.0130575

3 42 0.0195218

4 42 0.0259091

5 42 0.0321941

6 42 0.0383521

7 42 0.0443587

8 42 0.0501902

9 42 0.0558237

10 42 0.0612368

11 42 0.0664083

12 42 0.0713177

13 42 0.0759456

14 42 0.0802739

15 42 0.0842853

16 42 0.087964

17 42 0.0912957

18 42 0.094267

19 42 0.0968663

20 42 0.0990833

21 42 0.100909

22 42 0.102337

23 42 0.103361

24 42 0.103977

25 42 0.104182

26 42 0.103977

27 42 0.103361

28 42 0.102337

29 42 0.100909

30 42 0.0990833

31 42 0.0968663

32 42 0.094267

33 42 0.0912957

34 42 0.087964

35 42 0.0842853

36 42 0.0802739

37 42 0.0759456

38 42 0.0713177

39 42 0.0664083

40 42 0.0612368

41 42 0.0558237

42 42 0.0501902

43 42 0.0443587

44 42 0.0383521

45 42 0.0321941

46 42 0.0259091

47 42 0.0195218

48 42 0.0130575

49 42 0.00654166

50 42 0

0 43 0

1 43 0.00578159

2 43 0.0115404

3 43 0.0172536

4 43 0.0228987

5 43 0.0284535

6 43 0.033896

7 43 0.0392047

8 43 0.0443587

9 43 0.0493376

10 43 0.0541218

11 43 0.0586924

12 43 0.0630314

13 43 0.0671216

14 43 0.0709469

15 43 0.0744923

16 43 0.0777436

17 43 0.0806881

18 43 0.0833142

19 43 0.0856115

20 43 0.0875709

21 43 0.0891847

22 43 0.0904466

23 43 0.0913514

24 43 0.0918958

25 43 0.0920775

26 43 0.0918958

27 43 0.0913514

28 43 0.0904466

29 43 0.0891847

30 43 0.0875709

31 43 0.0856115

32 43 0.0833142

33 43 0.0806881

34 43 0.0777436

35 43 0.0744923

36 43 0.0709469

37 43 0.0671216

38 43 0.0630314

39 43 0.0586924

40 43 0.0541218

41 43 0.0493376

42 43 0.0443587

43 43 0.0392047

44 43 0.033896

45 43 0.0284535

46 43 0.0228987

47 43 0.0172536

48 43 0.0115404

49 43 0.00578159

50 43 0

0 44 0

1 44 0.00499871

2 44 0.00997769

3 44 0.0149173

4 44 0.019798

5 44 0.0246006

6 44 0.0293061

7 44 0.033896

8 44 0.0383521

9 44 0.0426568

10 44 0.0467932

11 44 0.0507449

12 44 0.0544963

13 44 0.0580327

14 44 0.06134

15 44 0.0644053

16 44 0.0672163

17 44 0.0697622

18 44 0.0720326

19 44 0.0740188

20 44 0.0757129

21 44 0.0771082

22 44 0.0781992

23 44 0.0789815

24 44 0.0794522

25 44 0.0796093

26 44 0.0794522

27 44 0.0789815

28 44 0.0781992

29 44 0.0771082

30 44 0.0757129

31 44 0.0740188

32 44 0.0720326

33 44 0.0697622

34 44 0.0672163

35 44 0.0644053

36 44 0.06134

37 44 0.0580327

38 44 0.0544963

39 44 0.0507449

40 44 0.0467932

41 44 0.0426568

42 44 0.0383521

43 44 0.033896

44 44 0.0293061

45 44 0.0246006

46 44 0.019798

47 44 0.0149173

48 44 0.00997769

49 44 0.00499871

50 44 0

0 45 0

1 45 0.0041961

2 45 0.00837563

3 45 0.0125221

4 45 0.0166192

5 45 0.0206506

6 45 0.0246006

7 45 0.0284535

8 45 0.0321941

9 45 0.0358076

10 45 0.0392799

11 45 0.0425971

12 45 0.0457462

13 45 0.0487147

14 45 0.051491

15 45 0.0540641

16 45 0.0564238

17 45 0.0585609

18 45 0.0604668

19 45 0.0621341

20 45 0.0635562

21 45 0.0647274

22 45 0.0656432

23 45 0.0663

24 45 0.066695

25 45 0.0668269

26 45 0.066695

27 45 0.0663

28 45 0.0656432

29 45 0.0647274

30 45 0.0635562

31 45 0.0621341

32 45 0.0604668

33 45 0.0585609

34 45 0.0564238

35 45 0.0540641

36 45 0.051491

37 45 0.0487147

38 45 0.0457462

39 45 0.0425971

40 45 0.0392799

41 45 0.0358076

42 45 0.0321941

43 45 0.0284535

44 45 0.0246006

45 45 0.0206506

46 45 0.0166192

47 45 0.0125221

48 45 0.00837563

49 45 0.0041961

50 45 0

0 46 0

1 46 0.00337692

2 46 0.00674052

3 46 0.0100775

4 46 0.0133747

5 46 0.0166192

6 46 0.019798

7 46 0.0228987

8 46 0.0259091

9 46 0.0288172

10 46 0.0316115

11 46 0.0342812

12 46 0.0368155

13 46 0.0392045

14 46 0.0414388

15 46 0.0435096

16 46 0.0454086

17 46 0.0471285

18 46 0.0486623

19 46 0.0500041

20 46 0.0511486

21 46 0.0520912

22 46 0.0528282

23 46 0.0533567

24 46 0.0536747

25 46 0.0537808

26 46 0.0536747

27 46 0.0533567

28 46 0.0528282

29 46 0.0520912

30 46 0.0511486

31 46 0.0500041

32 46 0.0486623

33 46 0.0471285

34 46 0.0454086

35 46 0.0435096

36 46 0.0414388

37 46 0.0392045

38 46 0.0368155

39 46 0.0342812

40 46 0.0316115

41 46 0.0288172

42 46 0.0259091

43 46 0.0228987

44 46 0.019798

45 46 0.0166192

46 46 0.0133747

47 46 0.0100775

48 46 0.00674052

49 46 0.00337692

50 46 0

0 47 0

1 47 0.00254442

2 47 0.0050788

3 47 0.00759314

4 47 0.0100775

5 47 0.0125221

6 47 0.0149173

7 47 0.0172536

8 47 0.0195218

9 47 0.021713

10 47 0.0238185

11 47 0.02583

12 47 0.0277395

13 47 0.0295396

14 47 0.0312231

15 47 0.0327833

16 47 0.0342142

17 47 0.0355101

18 47 0.0366658

19 47 0.0376768

20 47 0.0385391

21 47 0.0392493

22 47 0.0398046

23 47 0.0402029

24 47 0.0404424

25 47 0.0405224

26 47 0.0404424

27 47 0.0402029

28 47 0.0398046

29 47 0.0392493

30 47 0.0385391

31 47 0.0376768

32 47 0.0366658

33 47 0.0355101

34 47 0.0342142

35 47 0.0327833

36 47 0.0312231

37 47 0.0295396

38 47 0.0277395

39 47 0.02583

40 47 0.0238185

41 47 0.021713

42 47 0.0195218

43 47 0.0172536

44 47 0.0149173

45 47 0.0125221

46 47 0.0100775

47 47 0.00759314

48 47 0.0050788

49 47 0.00254442

50 47 0

0 48 0

1 48 0.00170188

2 48 0.00339705

3 48 0.0050788

4 48 0.00674052

5 48 0.00837563

6 48 0.00997769

7 48 0.0115404

8 48 0.0130575

9 48 0.0145231

10 48 0.0159314

11 48 0.0172768

12 48 0.018554

13 48 0.019758

14 48 0.0208841

15 48 0.0219277

16 48 0.0228848

17 48 0.0237515

18 48 0.0245245

19 48 0.0252008

20 48 0.0257775

21 48 0.0262526

22 48 0.026624

23 48 0.0268904

24 48 0.0270506

25 48 0.0271041

26 48 0.0270506

27 48 0.0268904

28 48 0.026624

29 48 0.0262526

30 48 0.0257775

31 48 0.0252008

32 48 0.0245245

33 48 0.0237515

34 48 0.0228848

35 48 0.0219277

36 48 0.0208841

37 48 0.019758

38 48 0.018554

39 48 0.0172768

40 48 0.0159314

41 48 0.0145231

42 48 0.0130575

43 48 0.0115404

44 48 0.00997769

45 48 0.00837563

46 48 0.00674052

47 48 0.0050788

48 48 0.00339705

49 48 0.00170188

50 48 0

0 49 0

1 49 0.000852623

2 49 0.00170188

3 49 0.00254442

4 49 0.00337692

5 49 0.0041961

6 49 0.00499871

7 49 0.00578159

8 49 0.00654166

9 49 0.00727591

10 49 0.00798145

11 49 0.00865549

12 49 0.00929536

13 49 0.00989856

14 49 0.0104627

15 49 0.0109855

16 49 0.011465

17 49 0.0118992

18 49 0.0122865

19 49 0.0126253

20 49 0.0129143

21 49 0.0131522

22 49 0.0133383

23 49 0.0134718

24 49 0.0135521

25 49 0.0135789

26 49 0.0135521

27 49 0.0134718

28 49 0.0133383

29 49 0.0131522

30 49 0.0129143

31 49 0.0126253

32 49 0.0122865

33 49 0.0118992

34 49 0.011465

35 49 0.0109855

36 49 0.0104627

37 49 0.00989856

38 49 0.00929536

39 49 0.00865549

40 49 0.00798145

41 49 0.00727591

42 49 0.00654166

43 49 0.00578159

44 49 0.00499871

45 49 0.0041961

46 49 0.00337692

47 49 0.00254442

48 49 0.00170188

49 49 0.000852623

50 49 0

