0 1 0

1 1 0.00326224

2 1 0.00651161

3 1 0.00973528

4 1 0.0129205

5 1 0.0160548

6 1 0.0191257

7 1 0.0221211

8 1 0.0250292

9 1 0.0278386

10 1 0.030538

11 1 0.033117

12 1 0.0355652

13 1 0.0378731

14 1 0.0400315

15 1 0.042032

16 1 0.0438665

17 1 0.045528

18 1 0.0470097

19 1 0.048306

20 1 0.0494116

21 1 0.0503221

22 1 0.0510341

23 1 0.0515447

24 1 0.0518519

25 1 0.0519544

26 1 0.0518519

27 1 0.0515447

28 1 0.0510341

29 1 0.0503221

30 1 0.0494116

31 1 0.048306

32 1 0.0470097

33 1 0.045528

34 1 0.0438665

35 1 0.042032

36 1 0.0400315

37 1 0.0378731

38 1 0.0355652

39 1 0.033117

40 1 0.030538

41 1 0.0278386

42 1 0.0250292

43 1 0.0221211

44 1 0.0191257

45 1 0.0160548

46 1 0.0129205

47 1 0.00973528

48 1 0.00651161

49 1 0.00326224

50 1 0

0 2 0

1 2 0.00651161

2 2 0.0129975

3 2 0.0194321

4 2 0.0257901

5 2 0.0320462

6 2 0.0381759

7 2 0.0441549

8 2 0.0499597

9 2 0.0555672

10 2 0.0609555

11 2 0.0661032

12 2 0.0709901

13 2 0.0755968

14 2 0.0799051

15 2 0.0838981

16 2 0.08756

17 2 0.0908763

18 2 0.0938339

19 2 0.0964213

20 2 0.0986281

21 2 0.100446

22 2 0.101867

23 2 0.102886

24 2 0.103499

25 2 0.103704

26 2 0.103499

27 2 0.102886

28 2 0.101867

29 2 0.100446

30 2 0.0986281

31 2 0.0964213

32 2 0.0938339

33 2 0.0908763

34 2 0.08756

35 2 0.0838981

36 2 0.0799051

37 2 0.0755968

38 2 0.0709901

39 2 0.0661032

40 2 0.0609555

41 2 0.0555672

42 2 0.0499597

43 2 0.0441549

44 2 0.0381759

45 2 0.0320462

46 2 0.0257901

47 2 0.0194321

48 2 0.0129975

49 2 0.00651161

50 2 0

0 3 0

1 3 0.00973528

2 3 0.0194321

3 3 0.0290523

4 3 0.0385578

5 3 0.0479112

6 3 0.0570754

7 3 0.0660144

8 3 0.0746929

9 3 0.0830766

10 3 0.0911325

11 3 0.0988286

12 3 0.106135

13 3 0.113022

14 3 0.119463

15 3 0.125433

16 3 0.130908

17 3 0.135866

18 3 0.140288

19 3 0.144156

20 3 0.147455

21 3 0.150173

22 3 0.152298

23 3 0.153821

24 3 0.154738

25 3 0.155044

26 3 0.154738

27 3 0.153821

28 3 0.152298

29 3 0.150173

30 3 0.147455

31 3 0.144156

32 3 0.140288

33 3 0.135866

34 3 0.130908

35 3 0.125433

36 3 0.119463

37 3 0.113022

38 3 0.106135

39 3 0.0988286

40 3 0.0911325

41 3 0.0830766

42 3 0.0746929

43 3 0.0660144

44 3 0.0570754

45 3 0.0479112

46 3 0.0385578

47 3 0.0290523

48 3 0.0194321

49 3 0.00973528

50 3 0

0 4 0

1 4 0.0129205

2 4 0.0257901

3 4 0.0385578

4 4 0.0511734

5 4 0.063587

6 4 0.0757497

7 4 0.0876134

8 4 0.0991314

9 4 0.110258

10 4 0.12095

11 4 0.131164

12 4 0.140861

13 4 0.150001

14 4 0.15855

15 4 0.166473

16 4 0.173739

17 4 0.180319

18 4 0.186188

19 4 0.191322

20 4 0.195701

21 4 0.199307

22 4 0.202127

23 4 0.204149

24 4 0.205366

25 4 0.205772

26 4 0.205366

27 4 0.204149

28 4 0.202127

29 4 0.199307

30 4 0.195701

31 4 0.191322

32 4 0.186188

33 4 0.180319

34 4 0.173739

35 4 0.166473

36 4 0.15855

37 4 0.150001

38 4 0.140861

39 4 0.131164

40 4 0.12095

41 4 0.110258

42 4 0.0991314

43 4 0.0876134

44 4 0.0757497

45 4 0.063587

46 4 0.0511734

47 4 0.0385578

48 4 0.0257901

49 4 0.0129205

50 4 0

0 5 0

1 5 0.0160548

2 5 0.0320462

3 5 0.0479112

4 5 0.063587

5 5 0.079012

6 5 0.0941251

7 5 0.108867

8 5 0.123179

9 5 0.137005

10 5 0.15029

11 5 0.162982

12 5 0.175031

13 5 0.186389

14 5 0.197011

15 5 0.206856

16 5 0.215885

17 5 0.224061

18 5 0.231353

19 5 0.237733

20 5 0.243174

21 5 0.247655

22 5 0.251159

23 5 0.253672

24 5 0.255184

25 5 0.255688

26 5 0.255184

27 5 0.253672

28 5 0.251159

29 5 0.247655

30 5 0.243174

31 5 0.237733

32 5 0.231353

33 5 0.224061

34 5 0.215885

35 5 0.206856

36 5 0.197011

37 5 0.186389

38 5 0.175031

39 5 0.162982

40 5 0.15029

41 5 0.137005

42 5 0.123179

43 5 0.108867

44 5 0.0941251

45 5 0.079012

46 5 0.063587

47 5 0.0479112

48 5 0.0320462

49 5 0.0160548

50 5 0

0 6 0

1 6 0.0191257

2 6 0.0381759

3 6 0.0570754

4 6 0.0757497

5 6 0.0941251

6 6 0.112129

7 6 0.12969

8 6 0.14674

9 6 0.16321

10 6 0.179037

11 6 0.194156

12 6 0.20851

13 6 0.22204

14 6 0.234695

15 6 0.246423

16 6 0.257178

17 6 0.266919

18 6 0.275606

19 6 0.283205

20 6 0.289687

21 6 0.295026

22 6 0.2992

23 6 0.302193

24 6 0.303994

25 6 0.304595

26 6 0.303994

27 6 0.302193

28 6 0.2992

29 6 0.295026

30 6 0.289687

31 6 0.283205

32 6 0.275606

33 6 0.266919

34 6 0.257178

35 6 0.246423

36 6 0.234695

37 6 0.22204

38 6 0.20851

39 6 0.194156

40 6 0.179037

41 6 0.16321

42 6 0.14674

43 6 0.12969

44 6 0.112129

45 6 0.0941251

46 6 0.0757497

47 6 0.0570754

48 6 0.0381759

49 6 0.0191257

50 6 0

0 7 0

1 7 0.0221211

2 7 0.0441549

3 7 0.0660144

4 7 0.0876134

5 7 0.108867

6 7 0.12969

7 7 0.150002

8 7 0.169722

9 7 0.188772

10 7 0.207077

11 7 0.224564

12 7 0.241166

13 7 0.256816

14 7 0.271452

15 7 0.285017

16 7 0.297457

17 7 0.308723

18 7 0.318771

19 7 0.32756

20 7 0.335057

21 7 0.341232

22 7 0.34606

23 7 0.349522

24 7 0.351605

25 7 0.3523

26 7 0.351605

27 7 0.349522

28 7 0.34606

29 7 0.341232

30 7 0.335057

31 7 0.32756

32 7 0.318771

33 7 0.308723

34 7 0.297457

35 7 0.285017

36 7 0.271452

37 7 0.256816

38 7 0.241166

39 7 0.224564

40 7 0.207077

41 7 0.188772

42 7 0.169722

43 7 0.150002

44 7 0.12969

45 7 0.108867

46 7 0.0876134

47 7 0.0660144

48 7 0.0441549

49 7 0.0221211

50 7 0

0 8 0

1 8 0.0250292

2 8 0.0499597

3 8 0.0746929

4 8 0.0991314

5 8 0.123179

6 8 0.14674

7 8 0.169722

8 8 0.192034

9 8 0.213588

10 8 0.2343

11 8 0.254086

12 8 0.27287

13 8 0.290578

14 8 0.307138

15 8 0.322486

16 8 0.336561

17 8 0.349309

18 8 0.360677

19 8 0.370622

20 8 0.379105

21 8 0.386091

22 8 0.391554

23 8 0.395471

24 8 0.397828

25 8 0.398615

26 8 0.397828

27 8 0.395471

28 8 0.391554

29 8 0.386091

30 8 0.379105

31 8 0.370622

32 8 0.360677

33 8 0.349309

34 8 0.336561

35 8 0.322486

36 8 0.307138

37 8 0.290578

38 8 0.27287

39 8 0.254086

40 8 0.2343

41 8 0.213588

42 8 0.192034

43 8 0.169722

44 8 0.14674

45 8 0.123179

46 8 0.0991314

47 8 0.0746929

48 8 0.0499597

49 8 0.0250292

50 8 0

0 9 0

1 9 0.0278386

2 9 0.0555672

3 9 0.0830766

4 9 0.110258

5 9 0.137005

6 9 0.16321

7 9 0.188772

8 9 0.213588

9 9 0.237562

10 9 0.260598

11 9 0.282606

12 9 0.303498

13 9 0.323193

14 9 0.341612

15 9 0.358683

16 9 0.374338

17 9 0.388516

18 9 0.40116

19 9 0.412222

20 9 0.421657

21 9 0.429427

22 9 0.435503

23 9 0.43986

24 9 0.442481

25 9 0.443356

26 9 0.442481

27 9 0.43986

28 9 0.435503

29 9 0.429427

30 9 0.421657

31 9 0.412222

32 9 0.40116

33 9 0.388516

34 9 0.374338

35 9 0.358683

36 9 0.341612

37 9 0.323193

38 9 0.303498

39 9 0.282606

40 9 0.260598

41 9 0.237562

42 9 0.213588

43 9 0.188772

44 9 0.16321

45 9 0.137005

46 9 0.110258

47 9 0.0830766

48 9 0.0555672

49 9 0.0278386

50 9 0

0 10 0

1 10 0.030538

2 10 0.0609555

3 10 0.0911325

4 10 0.12095

5 10 0.15029

6 10 0.179037

7 10 0.207077

8 10 0.2343

9 10 0.260598

10 10 0.285868

11 10 0.31001

12 10 0.332928

13 10 0.354532

14 10 0.374737

15 10 0.393463

16 10 0.410637

17 10 0.42619

18 10 0.44006

19 10 0.452195

20 10 0.462544

21 10 0.471068

22 10 0.477733

23 10 0.482513

24 10 0.485388

25 10 0.486348

26 10 0.485388

27 10 0.482513

28 10 0.477733

29 10 0.471068

30 10 0.462544

31 10 0.452195

32 10 0.44006

33 10 0.42619

34 10 0.410637

35 10 0.393463

36 10 0.374737

37 10 0.354532

38 10 0.332928

39 10 0.31001

40 10 0.285868

41 10 0.260598

42 10 0.2343

43 10 0.207077

44 10 0.179037

45 10 0.15029

46 10 0.12095

47 10 0.0911325

48 10 0.0609555

49 10 0.030538

50 10 0

0 11 0

1 11 0.033117

2 11 0.0661032

3 11 0.0988286

4 11 0.131164

5 11 0.162982

6 11 0.194156

7 11 0.224564

8 11 0.254086

9 11 0.282606

10 11 0.31001

11 11 0.33619

12 11 0.361044

13 11 0.384473

14 11 0.406384

15 11 0.426692

16 11 0.445315

17 11 0.462182

18 11 0.477224

19 11 0.490383

20 11 0.501606

21 11 0.51085

22 11 0.518078

23 11 0.523261

24 11 0.526379

25 11 0.52742

26 11 0.526379

27 11 0.523261

28 11 0.518078

29 11 0.51085

30 11 0.501606

31 11 0.490383

32 11 0.477224

33 11 0.462182

34 11 0.445315

35 11 0.426692

36 11 0.406384

37 11 0.384473

38 11 0.361044

39 11 0.33619

40 11 0.31001

41 11 0.282606

42 11 0.254086

43 11 0.224564

44 11 0.194156

45 11 0.162982

46 11 0.131164

47 11 0.0988286

48 11 0.0661032

49 11 0.033117

50 11 0

0 12 0

1 12 0.0355652

2 12 0.0709901

3 12 0.106135

4 12 0.140861

5 12 0.175031

6 12 0.20851

7 12 0.241166

8 12 0.27287

9 12 0.303498

10 12 0.332928

11 12 0.361044

12 12 0.387735

13 12 0.412896

14 12 0.436427

15 12 0.458236

16 12 0.478236

17 12 0.496349

18 12 0.512504

19 12 0.526635

20 12 0.538689

21 12 0.548616

22 12 0.556378

23 12 0.561944

24 12 0.565293

25 12 0.566411

26 12 0.565293

27 12 0.561944

28 12 0.556378

29 12 0.548616

30 12 0.538689

31 12 0.526635

32 12 0.512504

33 12 0.496349

34 12 0.478236

35 12 0.458236

36 12 0.436427

37 12 0.412896

38 12 0.387735

39 12 0.361044

40 12 0.332928

41 12 0.303498

42 12 0.27287

43 12 0.241166

44 12 0.20851

45 12 0.175031

46 12 0.140861

47 12 0.106135

48 12 0.0709901

49 12 0.0355652

50 12 0

0 13 0

1 13 0.0378731

2 13 0.0755968

3 13 0.113022

4 13 0.150001

5 13 0.186389

6 13 0.22204

7 13 0.256816

8 13 0.290578

9 13 0.323193

10 13 0.354532

11 13 0.384473

12 13 0.412896

13 13 0.439689

14 13 0.464748

15 13 0.487972

16 13 0.50927

17 13 0.528559

18 13 0.545761

19 13 0.56081

20 13 0.573645

21 13 0.584217

22 13 0.592482

23 13 0.59841

24 13 0.601976

25 13 0.603166

26 13 0.601976

27 13 0.59841

28 13 0.592482

29 13 0.584217

30 13 0.573645

31 13 0.56081

32 13 0.545761

33 13 0.528559

34 13 0.50927

35 13 0.487972

36 13 0.464748

37 13 0.439689

38 13 0.412896

39 13 0.384473

40 13 0.354532

41 13 0.323193

42 13 0.290578

43 13 0.256816

44 13 0.22204

45 13 0.186389

46 13 0.150001

47 13 0.113022

48 13 0.0755968

49 13 0.0378731

50 13 0

0 14 0

1 14 0.0400315

2 14 0.0799051

3 14 0.119463

4 14 0.15855

5 14 0.197011

6 14 0.234695

7 14 0.271452

8 14 0.307138

9 14 0.341612

10 14 0.374737

11 14 0.406384

12 14 0.436427

13 14 0.464748

14 14 0.491234

15 14 0.515782

16 14 0.538294

17 14 0.558682

18 14 0.576864

19 14 0.592771

20 14 0.606338

21 14 0.617512

22 14 0.626249

23 14 0.632514

24 14 0.636283

25 14 0.637541

26 14 0.636283

27 14 0.632514

28 14 0.626249

29 14 0.617512

30 14 0.606338

31 14 0.592771

32 14 0.576864

33 14 0.558682

34 14 0.538294

35 14 0.515782

36 14 0.491234

37 14 0.464748

38 14 0.436427

39 14 0.406384

40 14 0.374737

41 14 0.341612

42 14 0.307138

43 14 0.271452

44 14 0.234695

45 14 0.197011

46 14 0.15855

47 14 0.119463

48 14 0.0799051

49 14 0.0400315

50 14 0

0 15 0

1 15 0.042032

2 15 0.0838981

3 15 0.125433

4 15 0.166473

5 15 0.206856

6 15 0.246423

7 15 0.285017

8 15 0.322486

9 15 0.358683

10 15 0.393463

11 15 0.426692

12 15 0.458236

13 15 0.487972

14 15 0.515782

15 15 0.541556

16 15 0.565193

17 15 0.5866

18 15 0.605691

19 15 0.622392

20 15 0.636637

21 15 0.64837

22 15 0.657543

23 15 0.664122

24 15 0.668079

25 15 0.6694

26 15 0.668079

27 15 0.664122

28 15 0.657543

29 15 0.64837

30 15 0.636637

31 15 0.622392

32 15 0.605691

33 15 0.5866

34 15 0.565193

35 15 0.541556

36 15 0.515782

37 15 0.487972

38 15 0.458236

39 15 0.426692

40 15 0.393463

41 15 0.358683

42 15 0.322486

43 15 0.285017

44 15 0.246423

45 15 0.206856

46 15 0.166473

47 15 0.125433

48 15 0.0838981

49 15 0.042032

50 15 0

0 16 0

1 16 0.0438665

2 16 0.08756

3 16 0.130908

4 16 0.173739

5 16 0.215885

6 16 0.257178

7 16 0.297457

8 16 0.336561

9 16 0.374338

10 16 0.410637

11 16 0.445315

12 16 0.478236

13 16 0.50927

14 16 0.538294

15 16 0.565193

16 16 0.589862

17 16 0.612203

18 16 0.632128

19 16 0.649558

20 16 0.664424

21 16 0.676669

22 16 0.686243

23 16 0.693108

24 16 0.697239

25 16 0.698617

26 16 0.697239

27 16 0.693108

28 16 0.686243

29 16 0.676669

30 16 0.664424

31 16 0.649558

32 16 0.632128

33 16 0.612203

34 16 0.589862

35 16 0.565193

36 16 0.538294

37 16 0.50927

38 16 0.478236

39 16 0.445315

40 16 0.410637

41 16 0.374338

42 16 0.336561

43 16 0.297457

44 16 0.257178

45 16 0.215885

46 16 0.173739

47 16 0.130908

48 16 0.08756

49 16 0.0438665

50 16 0

0 17 0

1 17 0.045528

2 17 0.0908763

3 17 0.135866

4 17 0.180319

5 17 0.224061

6 17 0.266919

7 17 0.308723

8 17 0.349309

9 17 0.388516

10 17 0.42619

11 17 0.462182

12 17 0.496349

13 17 0.528559

14 17 0.558682

15 17 0.5866

16 17 0.612203

17 17 0.63539

18 17 0.656069

19 17 0.67416

20 17 0.689589

21 17 0.702298

22 17 0.712234

23 17 0.71936

24 17 0.723646

25 17 0.725077

26 17 0.723646

27 17 0.71936

28 17 0.712234

29 17 0.702298

30 17 0.689589

31 17 0.67416

32 17 0.656069

33 17 0.63539

34 17 0.612203

35 17 0.5866

36 17 0.558682

37 17 0.528559

38 17 0.496349

39 17 0.462182

40 17 0.42619

41 17 0.388516

42 17 0.349309

43 17 0.308723

44 17 0.266919

45 17 0.224061

46 17 0.180319

47 17 0.135866

48 17 0.0908763

49 17 0.045528

50 17 0

0 18 0

1 18 0.0470097

2 18 0.0938339

3 18 0.140288

4 18 0.186188

5 18 0.231353

6 18 0.275606

7 18 0.318771

8 18 0.360677

9 18 0.40116

10 18 0.44006

11 18 0.477224

12 18 0.512504

13 18 0.545761

14 18 0.576864

15 18 0.605691

16 18 0.632128

17 18 0.656069

18 18 0.677422

19 18 0.696101

20 18 0.712033

21 18 0.725155

22 18 0.735415

23 18 0.742772

24 18 0.747198

25 18 0.748676

26 18 0.747198

27 18 0.742772

28 18 0.735415

29 18 0.725155

30 18 0.712033

31 18 0.696101

32 18 0.677422

33 18 0.656069

34 18 0.632128

35 18 0.605691

36 18 0.576864

37 18 0.545761

38 18 0.512504

39 18 0.477224

40 18 0.44006

41 18 0.40116

42 18 0.360677

43 18 0.318771

44 18 0.275606

45 18 0.231353

46 18 0.186188

47 18 0.140288

48 18 0.0938339

49 18 0.0470097

50 18 0

0 19 0

1 19 0.048306

2 19 0.0964213

3 19 0.144156

4 19 0.191322

5 19 0.237733

6 19 0.283205

7 19 0.32756

8 19 0.370622

9 19 0.412222

10 19 0.452195

11 19 0.490383

12 19 0.526635

13 19 0.56081

14 19 0.592771

15 19 0.622392

16 19 0.649558

17 19 0.67416

18 19 0.696101

19 19 0.715295

20 19 0.731666

21 19 0.74515

22 19 0.755693

23 19 0.763253

24 19 0.767801

25 19 0.769319

26 19 0.767801

27 19 0.763253

28 19 0.755693

29 19 0.74515

30 19 0.731666

31 19 0.715295

32 19 0.696101

33 19 0.67416

34 19 0.649558

35 19 0.622392

36 19 0.592771

37 19 0.56081

38 19 0.526635

39 19 0.490383

40 19 0.452195

41 19 0.412222

42 19 0.370622

43 19 0.32756

44 19 0.283205

45 19 0.237733

46 19 0.191322

47 19 0.144156

48 19 0.0964213

49 19 0.048306

50 19 0

0 20 0

1 20 0.0494116

2 20 0.0986281

3 20 0.147455

4 20 0.195701

5 20 0.243174

6 20 0.289687

7 20 0.335057

8 20 0.379105

9 20 0.421657

10 20 0.462544

11 20 0.501606

12 20 0.538689

13 20 0.573645

14 20 0.606338

15 20 0.636637

16 20 0.664424

17 20 0.689589

18 20 0.712033

19 20 0.731666

20 20 0.748412

21 20 0.762204

22 20 0.772988

23 20 0.780722

24 20 0.785374

25 20 0.786927

26 20 0.785374

27 20 0.780722

28 20 0.772988

29 20 0.762204

30 20 0.748412

31 20 0.731666

32 20 0.712033

33 20 0.689589

34 20 0.664424

35 20 0.636637

36 20 0.606338

37 20 0.573645

38 20 0.538689

39 20 0.501606

40 20 0.462544

41 20 0.421657

42 20 0.379105

43 20 0.335057

44 20 0.289687

45 20 0.243174

46 20 0.195701

47 20 0.147455

48 20 0.0986281

49 20 0.0494116

50 20 0

0 21 0

1 21 0.0503221

2 21 0.100446

3 21 0.150173

4 21 0.199307

5 21 0.247655

6 21 0.295026

7 21 0.341232

8 21 0.386091

9 21 0.429427

10 21 0.471068

11 21 0.51085

12 21 0.548616

13 21 0.584217

14 21 0.617512

15 21 0.64837

16 21 0.676669

17 21 0.702298

18 21 0.725155

19 21 0.74515

20 21 0.762204

21 21 0.776251

22 21 0.787233

23 21 0.795109

24 21 0.799848

25 21 0.801429

26 21 0.799848

27 21 0.795109

28 21 0.787233

29 21 0.776251

30 21 0.762204

31 21 0.74515

32 21 0.725155

33 21 0.702298

34 21 0.676669

35 21 0.64837

36 21 0.617512

37 21 0.584217

38 21 0.548616

39 21 0.51085

40 21 0.471068

41 21 0.429427

42 21 0.386091

43 21 0.341232

44 21 0.295026

45 21 0.247655

46 21 0.199307

47 21 0.150173

48 21 0.100446

49 21 0.0503221

50 21 0

0 22 0

1 22 0.0510341

2 22 0.101867

3 22 0.152298

4 22 0.202127

5 22 0.251159

6 22 0.2992

7 22 0.34606

8 22 0.391554

9 22 0.435503

10 22 0.477733

11 22 0.518078

12 22 0.556378

13 22 0.592482

14 22 0.626249

15 22 0.657543

16 22 0.686243

17 22 0.712234

18 22 0.735415

19 22 0.755693

20 22 0.772988

21 22 0.787233

22 22 0.798372

23 22 0.806359

24 22 0.811164

25 22 0.812768

26 22 0.811164

27 22 0.806359

28 22 0.798372

29 22 0.787233

30 22 0.772988

31 22 0.755693

32 22 0.735415

33 22 0.712234

34 22 0.686243

35 22 0.657543

36 22 0.626249

37 22 0.592482

38 22 0.556378

39 22 0.518078

40 22 0.477733

41 22 0.435503

42 22 0.391554

43 22 0.34606

44 22 0.2992

45 22 0.251159

46 22 0.202127

47 22 0.152298

48 22 0.101867

49 22 0.0510341

50 22 0

0 23 0

1 23 0.0515447

2 23 0.102886

3 23 0.153821

4 23 0.204149

5 23 0.253672

6 23 0.302193

7 23 0.349522

8 23 0.395471

9 23 0.43986

10 23 0.482513

11 23 0.523261

12 23 0.561944

13 23 0.59841

14 23 0.632514

15 23 0.664122

16 23 0.693108

17 23 0.71936

18 23 0.742772

19 23 0.763253

20 23 0.780722

21 23 0.795109

22 23 0.806359

23 23 0.814426

24 23 0.81928

25 23 0.8209

26 23 0.81928

27 23 0.814426

28 23 0.806359

29 23 0.795109

30 23 0.780722

31 23 0.763253

32 23 0.742772

33 23 0.71936

34 23 0.693108

35 23 0.664122

36 23 0.632514

37 23 0.59841

38 23 0.561944

39 23 0.523261

40 23 0.482513

41 23 0.43986

42 23 0.395471

43 23 0.349522

44 23 0.302193

45 23 0.253672

46 23 0.204149

47 23 0.153821

48 23 0.102886

49 23 0.0515447

50 23 0

0 24 0

1 24 0.0518519

2 24 0.103499

3 24 0.154738

4 24 0.205366

5 24 0.255184

6 24 0.303994

7 24 0.351605

8 24 0.397828

9 24 0.442481

10 24 0.485388

11 24 0.526379

12 24 0.565293

13 24 0.601976

14 24 0.636283

15 24 0.668079

16 24 0.697239

17 24 0.723646

18 24 0.747198

19 24 0.767801

20 24 0.785374

21 24 0.799848

22 24 0.811164

23 24 0.81928

24 24 0.824162

25 24 0.825791

26 24 0.824162

27 24 0.81928

28 24 0.811164

29 24 0.799848

30 24 0.785374

31 24 0.767801

32 24 0.747198

33 24 0.723646

34 24 0.697239

35 24 0.668079

36 24 0.636283

37 24 0.601976

38 24 0.565293

39 24 0.526379

40 24 0.485388

41 24 0.442481

42 24 0.397828

43 24 0.351605

44 24 0.303994

45 24 0.255184

46 24 0.205366

47 24 0.154738

48 24 0.103499

49 24 0.0518519

50 24 0

0 25 0

1 25 0.0519544

2 25 0.103704

3 25 0.155044

4 25 0.205772

5 25 0.255688

6 25 0.304595

7 25 0.3523

8 25 0.398615

9 25 0.443356

10 25 0.486348

11 25 0.52742

12 25 0.566411

13 25 0.603166

14 25 0.637541

15 25 0.6694

16 25 0.698617

17 25 0.725077

18 25 0.748676

19 25 0.769319

20 25 0.786927

21 25 0.801429

22 25 0.812768

23 25 0.8209

24 25 0.825791

25 25 0.827424

26 25 0.825791

27 25 0.8209

28 25 0.812768

29 25 0.801429

30 25 0.786927

31 25 0.769319

32 25 0.748676

33 25 0.725077

34 25 0.698617

35 25 0.6694

36 25 0.637541

37 25 0.603166

38 25 0.566411

39 25 0.52742

40 25 0.486348

41 25 0.443356

42 25 0.398615

43 25 0.3523

44 25 0.304595

45 25 0.255688

46 25 0.205772

47 25 0.155044

48 25 0.103704

49 25 0.0519544

50 25 0

0 26 0

1 26 0.0518519

2 26 0.103499

3 26 0.154738

4 26 0.205366

5 26 0.255184

6 26 0.303994

7 26 0.351605

8 26 0.397828

9 26 0.442481

10 26 0.485388

11 26 0.526379

12 26 0.565293

13 26 0.601976

14 26 0.636283

15 26 0.668079

16 26 0.697239

17 26 0.723646

18 26 0.747198

19 26 0.767801

20 26 0.785374

21 26 0.799848

22 26 0.811164

23 26 0.81928

24 26 0.824162

25 26 0.825791

26 26 0.824162

27 26 0.81928

28 26 0.811164

29 26 0.799848

30 26 0.785374

31 26 0.767801

32 26 0.747198

33 26 0.723646

34 26 0.697239

35 26 0.668079

36 26 0.636283

37 26 0.601976

38 26 0.565293

39 26 0.526379

40 26 0.485388

41 26 0.442481

42 26 0.397828

43 26 0.351605

44 26 0.303994

45 26 0.255184

46 26 0.205366

47 26 0.154738

48 26 0.103499

49 26 0.0518519

50 26 0

0 27 0

1 27 0.0515447

2 27 0.102886

3 27 0.153821

4 27 0.204149

5 27 0.253672

6 27 0.302193

7 27 0.349522

8 27 0.395471

9 27 0.43986

10 27 0.482513

11 27 0.523261

12 27 0.561944

13 27 0.59841

14 27 0.632514

15 27 0.664122

16 27 0.693108

17 27 0.71936

18 27 0.742772

19 27 0.763253

20 27 0.780722

21 27 0.795109

22 27 0.806359

23 27 0.814426

24 27 0.81928

25 27 0.8209

26 27 0.81928

27 27 0.814426

28 27 0.806359

29 27 0.795109

30 27 0.780722

31 27 0.763253

32 27 0.742772

33 27 0.71936

34 27 0.693108

35 27 0.664122

36 27 0.632514

37 27 0.59841

38 27 0.561944

39 27 0.523261

40 27 0.482513

41 27 0.43986

42 27 0.395471

43 27 0.349522

44 27 0.302193

45 27 0.253672

46 27 0.204149

47 27 0.153821

48 27 0.102886

49 27 0.0515447

50 27 0

0 28 0

1 28 0.0510341

2 28 0.101867

3 28 0.152298

4 28 0.202127

5 28 0.251159

6 28 0.2992

7 28 0.34606

8 28 0.391554

9 28 0.435503

10 28 0.477733

11 28 0.518078

12 28 0.556378

13 28 0.592482

14 28 0.626249

15 28 0.657543

16 28 0.686243

17 28 0.712234

18 28 0.735415

19 28 0.755693

20 28 0.772988

21 28 0.787233

22 28 0.798372

23 28 0.806359

24 28 0.811164

25 28 0.812768

26 28 0.811164

27 28 0.806359

28 28 0.798372

29 28 0.787233

30 28 0.772988

31 28 0.755693

32 28 0.735415

33 28 0.712234

34 28 0.686243

35 28 0.657543

36 28 0.626249

37 28 0.592482

38 28 0.556378

39 28 0.518078

40 28 0.477733

41 28 0.435503

42 28 0.391554

43 28 0.34606

44 28 0.2992

45 28 0.251159

46 28 0.202127

47 28 0.152298

48 28 0.101867

49 28 0.0510341

50 28 0

0 29 0

1 29 0.0503221

2 29 0.100446

3 29 0.150173

4 29 0.199307

5 29 0.247655

6 29 0.295026

7 29 0.341232

8 29 0.386091

9 29 0.429427

10 29 0.471068

11 29 0.51085

12 29 0.548616

13 29 0.584217

14 29 0.617512

15 29 0.64837

16 29 0.676669

17 29 0.702298

18 29 0.725155

19 29 0.74515

20 29 0.762204

21 29 0.776251

22 29 0.787233

23 29 0.795109

24 29 0.799848

25 29 0.801429

26 29 0.799848

27 29 0.795109

28 29 0.787233

29 29 0.776251

30 29 0.762204

31 29 0.74515

32 29 0.725155

33 29 0.702298

34 29 0.676669

35 29 0.64837

36 29 0.617512

37 29 0.584217

38 29 0.548616

39 29 0.51085

40 29 0.471068

41 29 0.429427

42 29 0.386091

43 29 0.341232

44 29 0.295026

45 29 0.247655

46 29 0.199307

47 29 0.150173

48 29 0.100446

49 29 0.0503221

50 29 0

0 30 0

1 30 0.0494116

2 30 0.0986281

3 30 0.147455

4 30 0.195701

5 30 0.243174

6 30 0.289687

7 30 0.335057

8 30 0.379105

9 30 0.421657

10 30 0.462544

11 30 0.501606

12 30 0.538689

13 30 0.573645

14 30 0.606338

15 30 0.636637

16 30 0.664424

17 30 0.689589

18 30 0.712033

19 30 0.731666

20 30 0.748412

21 30 0.762204

22 30 0.772988

23 30 0.780722

24 30 0.785374

25 30 0.786927

26 30 0.785374

27 30 0.780722

28 30 0.772988

29 30 0.762204

30 30 0.748412

31 30 0.731666

32 30 0.712033

33 30 0.689589

34 30 0.664424

35 30 0.636637

36 30 0.606338

37 30 0.573645

38 30 0.538689

39 30 0.501606

40 30 0.462544

41 30 0.421657

42 30 0.379105

43 30 0.335057

44 30 0.289687

45 30 0.243174

46 30 0.195701

47 30 0.147455

48 30 0.0986281

49 30 0.0494116

50 30 0

0 31 0

1 31 0.048306

2 31 0.0964213

3 31 0.144156

4 31 0.191322

5 31 0.237733

6 31 0.283205

7 31 0.32756

8 31 0.370622

9 31 0.412222

10 31 0.452195

11 31 0.490383

12 31 0.526635

13 31 0.56081

14 31 0.592771

15 31 0.622392

16 31 0.649558

17 31 0.67416

18 31 0.696101

19 31 0.715295

20 31 0.731666

21 31 0.74515

22 31 0.755693

23 31 0.763253

24 31 0.767801

25 31 0.769319

26 31 0.767801

27 31 0.763253

28 31 0.755693

29 31 0.74515

30 31 0.731666

31 31 0.715295

32 31 0.696101

33 31 0.67416

34 31 0.649558

35 31 0.622392

36 31 0.592771

37 31 0.56081

38 31 0.526635

39 31 0.490383

40 31 0.452195

41 31 0.412222

42 31 0.370622

43 31 0.32756

44 31 0.283205

45 31 0.237733

46 31 0.191322

47 31 0.144156

48 31 0.0964213

49 31 0.048306

50 31 0

0 32 0

1 32 0.0470097

2 32 0.0938339

3 32 0.140288

4 32 0.186188

5 32 0.231353

6 32 0.275606

7 32 0.318771

8 32 0.360677

9 32 0.40116

10 32 0.44006

11 32 0.477224

12 32 0.512504

13 32 0.545761

14 32 0.576864

15 32 0.605691

16 32 0.632128

17 32 0.656069

18 32 0.677422

19 32 0.696101

20 32 0.712033

21 32 0.725155

22 32 0.735415

23 32 0.742772

24 32 0.747198

25 32 0.748676

26 32 0.747198

27 32 0.742772

28 32 0.735415

29 32 0.725155

30 32 0.712033

31 32 0.696101

32 32 0.677422

33 32 0.656069

34 32 0.632128

35 32 0.605691

36 32 0.576864

37 32 0.545761

38 32 0.512504

39 32 0.477224

40 32 0.44006

41 32 0.40116

42 32 0.360677

43 32 0.318771

44 32 0.275606

45 32 0.231353

46 32 0.186188

47 32 0.140288

48 32 0.0938339

49 32 0.0470097

50 32 0

0 33 0

1 33 0.045528

2 33 0.0908763

3 33 0.135866

4 33 0.180319

5 33 0.224061

6 33 0.266919

7 33 0.308723

8 33 0.349309

9 33 0.388516

10 33 0.42619

11 33 0.462182

12 33 0.496349

13 33 0.528559

14 33 0.558682

15 33 0.5866

16 33 0.612203

17 33 0.63539

18 33 0.656069

19 33 0.67416

20 33 0.689589

21 33 0.702298

22 33 0.712234

23 33 0.71936

24 33 0.723646

25 33 0.725077

26 33 0.723646

27 33 0.71936

28 33 0.712234

29 33 0.702298

30 33 0.689589

31 33 0.67416

32 33 0.656069

33 33 0.63539

34 33 0.612203

35 33 0.5866

36 33 0.558682

37 33 0.528559

38 33 0.496349

39 33 0.462182

40 33 0.42619

41 33 0.388516

42 33 0.349309

43 33 0.308723

44 33 0.266919

45 33 0.224061

46 33 0.180319

47 33 0.135866

48 33 0.0908763

49 33 0.045528

50 33 0

0 34 0

1 34 0.0438665

2 34 0.08756

3 34 0.130908

4 34 0.173739

5 34 0.215885

6 34 0.257178

7 34 0.297457

8 34 0.336561

9 34 0.374338

10 34 0.410637

11 34 0.445315

12 34 0.478236

13 34 0.50927

14 34 0.538294

15 34 0.565193

16 34 0.589862

17 34 0.612203

18 34 0.632128

19 34 0.649558

20 34 0.664424

21 34 0.676669

22 34 0.686243

23 34 0.693108

24 34 0.697239

25 34 0.698617

26 34 0.697239

27 34 0.693108

28 34 0.686243

29 34 0.676669

30 34 0.664424

31 34 0.649558

32 34 0.632128

33 34 0.612203

34 34 0.589862

35 34 0.565193

36 34 0.538294

37 34 0.50927

38 34 0.478236

39 34 0.445315

40 34 0.410637

41 34 0.374338

42 34 0.336561

43 34 0.297457

44 34 0.257178

45 34 0.215885

46 34 0.173739

47 34 0.130908

48 34 0.08756

49 34 0.0438665

50 34 0

0 35 0

1 35 0.042032

2 35 0.0838981

3 35 0.125433

4 35 0.166473

5 35 0.206856

6 35 0.246423

7 35 0.285017

8 35 0.322486

9 35 0.358683

10 35 0.393463

11 35 0.426692

12 35 0.458236

13 35 0.487972

14 35 0.515782

15 35 0.541556

16 35 0.565193

17 35 0.5866

18 35 0.605691

19 35 0.622392

20 35 0.636637

21 35 0.64837

22 35 0.657543

23 35 0.664122

24 35 0.668079

25 35 0.6694

26 35 0.668079

27 35 0.664122

28 35 0.657543

29 35 0.64837

30 35 0.636637

31 35 0.622392

32 35 0.605691

33 35 0.5866

34 35 0.565193

35 35 0.541556

36 35 0.515782

37 35 0.487972

38 35 0.458236

39 35 0.426692

40 35 0.393463

41 35 0.358683

42 35 0.322486

43 35 0.285017

44 35 0.246423

45 35 0.206856

46 35 0.166473

47 35 0.125433

48 35 0.0838981

49 35 0.042032

50 35 0

0 36 0

1 36 0.0400315

2 36 0.0799051

3 36 0.119463

4 36 0.15855

5 36 0.197011

6 36 0.234695

7 36 0.271452

8 36 0.307138

9 36 0.341612

10 36 0.374737

11 36 0.406384

12 36 0.436427

13 36 0.464748

14 36 0.491234

15 36 0.515782

16 36 0.538294

17 36 0.558682

18 36 0.576864

19 36 0.592771

20 36 0.606338

21 36 0.617512

22 36 0.626249

23 36 0.632514

24 36 0.636283

25 36 0.637541

26 36 0.636283

27 36 0.632514

28 36 0.626249

29 36 0.617512

30 36 0.606338

31 36 0.592771

32 36 0.576864

33 36 0.558682

34 36 0.538294

35 36 0.515782

36 36 0.491234

37 36 0.464748

38 36 0.436427

39 36 0.406384

40 36 0.374737

41 36 0.341612

42 36 0.307138

43 36 0.271452

44 36 0.234695

45 36 0.197011

46 36 0.15855

47 36 0.119463

48 36 0.0799051

49 36 0.0400315

50 36 0

0 37 0

1 37 0.0378731

2 37 0.0755968

3 37 0.113022

4 37 0.150001

5 37 0.186389

6 37 0.22204

7 37 0.256816

8 37 0.290578

9 37 0.323193

10 37 0.354532

11 37 0.384473

12 37 0.412896

13 37 0.439689

14 37 0.464748

15 37 0.487972

16 37 0.50927

17 37 0.528559

18 37 0.545761

19 37 0.56081

20 37 0.573645

21 37 0.584217

22 37 0.592482

23 37 0.59841

24 37 0.601976

25 37 0.603166

26 37 0.601976

27 37 0.59841

28 37 0.592482

29 37 0.584217

30 37 0.573645

31 37 0.56081

32 37 0.545761

33 37 0.528559

34 37 0.50927

35 37 0.487972

36 37 0.464748

37 37 0.439689

38 37 0.412896

39 37 0.384473

40 37 0.354532

41 37 0.323193

42 37 0.290578

43 37 0.256816

44 37 0.22204

45 37 0.186389

46 37 0.150001

47 37 0.113022

48 37 0.0755968

49 37 0.0378731

50 37 0

0 38 0

1 38 0.0355652

2 38 0.0709901

3 38 0.106135

4 38 0.140861

5 38 0.175031

6 38 0.20851

7 38 0.241166

8 38 0.27287

9 38 0.303498

10 38 0.332928

11 38 0.361044

12 38 0.387735

13 38 0.412896

14 38 0.436427

15 38 0.458236

16 38 0.478236

17 38 0.496349

18 38 0.512504

19 38 0.526635

20 38 0.538689

21 38 0.548616

22 38 0.556378

23 38 0.561944

24 38 0.565293

25 38 0.566411

26 38 0.565293

27 38 0.561944

28 38 0.556378

29 38 0.548616

30 38 0.538689

31 38 0.526635

32 38 0.512504

33 38 0.496349

34 38 0.478236

35 38 0.458236

36 38 0.436427

37 38 0.412896

38 38 0.387735

39 38 0.361044

40 38 0.332928

41 38 0.303498

42 38 0.27287

43 38 0.241166

44 38 0.20851

45 38 0.175031

46 38 0.140861

47 38 0.106135

48 38 0.0709901

49 38 0.0355652

50 38 0

0 39 0

1 39 0.033117

2 39 0.0661032

3 39 0.0988286

4 39 0.131164

5 39 0.162982

6 39 0.194156

7 39 0.224564

8 39 0.254086

9 39 0.282606

10 39 0.31001

11 39 0.33619

12 39 0.361044

13 39 0.384473

14 39 0.406384

15 39 0.426692

16 39 0.445315

17 39 0.462182

18 39 0.477224

19 39 0.490383

20 39 0.501606

21 39 0.51085

22 39 0.518078

23 39 0.523261

24 39 0.526379

25 39 0.52742

26 39 0.526379

27 39 0.523261

28 39 0.518078

29 39 0.51085

30 39 0.501606

31 39 0.490383

32 39 0.477224

33 39 0.462182

34 39 0.445315

35 39 0.426692

36 39 0.406384

37 39 0.384473

38 39 0.361044

39 39 0.33619

40 39 0.31001

41 39 0.282606

42 39 0.254086

43 39 0.224564

44 39 0.194156

45 39 0.162982

46 39 0.131164

47 39 0.0988286

48 39 0.0661032

49 39 0.033117

50 39 0

0 40 0

1 40 0.030538

2 40 0.0609555

3 40 0.0911325

4 40 0.12095

5 40 0.15029

6 40 0.179037

7 40 0.207077

8 40 0.2343

9 40 0.260598

10 40 0.285868

11 40 0.31001

12 40 0.332928

13 40 0.354532

14 40 0.374737

15 40 0.393463

16 40 0.410637

17 40 0.42619

18 40 0.44006

19 40 0.452195

20 40 0.462544

21 40 0.471068

22 40 0.477733

23 40 0.482513

24 40 0.485388

25 40 0.486348

26 40 0.485388

27 40 0.482513

28 40 0.477733

29 40 0.471068

30 40 0.462544

31 40 0.452195

32 40 0.44006

33 40 0.42619

34 40 0.410637

35 40 0.393463

36 40 0.374737

37 40 0.354532

38 40 0.332928

39 40 0.31001

40 40 0.285868

41 40 0.260598

42 40 0.2343

43 40 0.207077

44 40 0.179037

45 40 0.15029

46 40 0.12095

47 40 0.0911325

48 40 0.0609555

49 40 0.030538

50 40 0

0 41 0

1 41 0.0278386

2 41 0.0555672

3 41 0.0830766

4 41 0.110258

5 41 0.137005

6 41 0.16321

7 41 0.188772

8 41 0.213588

9 41 0.237562

10 41 0.260598

11 41 0.282606

12 41 0.303498

13 41 0.323193

14 41 0.341612

15 41 0.358683

16 41 0.374338

17 41 0.388516

18 41 0.40116

19 41 0.412222

20 41 0.421657

21 41 0.429427

22 41 0.435503

23 41 0.43986

24 41 0.442481

25 41 0.443356

26 41 0.442481

27 41 0.43986

28 41 0.435503

29 41 0.429427

30 41 0.421657

31 41 0.412222

32 41 0.40116

33 41 0.388516

34 41 0.374338

35 41 0.358683

36 41 0.341612

37 41 0.323193

38 41 0.303498

39 41 0.282606

40 41 0.260598

41 41 0.237562

42 41 0.213588

43 41 0.188772

44 41 0.16321

45 41 0.137005

46 41 0.110258

47 41 0.0830766

48 41 0.0555672

49 41 0.0278386

50 41 0

0 42 0

1 42 0.0250292

2 42 0.0499597

3 42 0.0746929

4 42 0.0991314

5 42 0.123179

6 42 0.14674

7 42 0.169722

8 42 0.192034

9 42 0.213588

10 42 0.2343

11 42 0.254086

12 42 0.27287

13 42 0.290578

14 42 0.307138

15 42 0.322486

16 42 0.336561

17 42 0.349309

18 42 0.360677

19 42 0.370622

20 42 0.379105

21 42 0.386091

22 42 0.391554

23 42 0.395471

24 42 0.397828

25 42 0.398615

26 42 0.397828

27 42 0.395471

28 42 0.391554

29 42 0.386091

30 42 0.379105

31 42 0.370622

32 42 0.360677

33 42 0.349309

34 42 0.336561

35 42 0.322486

36 42 0.307138

37 42 0.290578

38 42 0.27287

39 42 0.254086

40 42 0.2343

41 42 0.213588

42 42 0.192034

43 42 0.169722

44 42 0.14674

45 42 0.123179

46 42 0.0991314

47 42 0.0746929

48 42 0.0499597

49 42 0.0250292

50 42 0

0 43 0

1 43 0.0221211

2 43 0.0441549

3 43 0.0660144

4 43 0.0876134

5 43 0.108867

6 43 0.12969

7 43 0.150002

8 43 0.169722

9 43 0.188772

10 43 0.207077

11 43 0.224564

12 43 0.241166

13 43 0.256816

14 43 0.271452

15 43 0.285017

16 43 0.297457

17 43 0.308723

18 43 0.318771

19 43 0.32756

20 43 0.335057

21 43 0.341232

22 43 0.34606

23 43 0.349522

24 43 0.351605

25 43 0.3523

26 43 0.351605

27 43 0.349522

28 43 0.34606

29 43 0.341232

30 43 0.335057

31 43 0.32756

32 43 0.318771

33 43 0.308723

34 43 0.297457

35 43 0.285017

36 43 0.271452

37 43 0.256816

38 43 0.241166

39 43 0.224564

40 43 0.207077

41 43 0.188772

42 43 0.169722

43 43 0.150002

44 43 0.12969

45 43 0.108867

46 43 0.0876134

47 43 0.0660144

48 43 0.0441549

49 43 0.0221211

50 43 0

0 44 0

1 44 0.0191257

2 44 0.0381759

3 44 0.0570754

4 44 0.0757497

5 44 0.0941251

6 44 0.112129

7 44 0.12969

8 44 0.14674

9 44 0.16321

10 44 0.179037

11 44 0.194156

12 44 0.20851

13 44 0.22204

14 44 0.234695

15 44 0.246423

16 44 0.257178

17 44 0.266919

18 44 0.275606

19 44 0.283205

20 44 0.289687

21 44 0.295026

22 44 0.2992

23 44 0.302193

24 44 0.303994

25 44 0.304595

26 44 0.303994

27 44 0.302193

28 44 0.2992

29 44 0.295026

30 44 0.289687

31 44 0.283205

32 44 0.275606

33 44 0.266919

34 44 0.257178

35 44 0.246423

36 44 0.234695

37 44 0.22204

38 44 0.20851

39 44 0.194156

40 44 0.179037

41 44 0.16321

42 44 0.14674

43 44 0.12969

44 44 0.112129

45 44 0.0941251

46 44 0.0757497

47 44 0.0570754

48 44 0.0381759

49 44 0.0191257

50 44 0

0 45 0

1 45 0.0160548

2 45 0.0320462

3 45 0.0479112

4 45 0.063587

5 45 0.079012

6 45 0.0941251

7 45 0.108867

8 45 0.123179

9 45 0.137005

10 45 0.15029

11 45 0.162982

12 45 0.175031

13 45 0.186389

14 45 0.197011

15 45 0.206856

16 45 0.215885

17 45 0.224061

18 45 0.231353

19 45 0.237733

20 45 0.243174

21 45 0.247655

22 45 0.251159

23 45 0.253672

24 45 0.255184

25 45 0.255688

26 45 0.255184

27 45 0.253672

28 45 0.251159

29 45 0.247655

30 45 0.243174

31 45 0.237733

32 45 0.231353

33 45 0.224061

34 45 0.215885

35 45 0.206856

36 45 0.197011

37 45 0.186389

38 45 0.175031

39 45 0.162982

40 45 0.15029

41 45 0.137005

42 45 0.123179

43 45 0.108867

44 45 0.0941251

45 45 0.079012

46 45 0.063587

47 45 0.0479112

48 45 0.0320462

49 45 0.0160548

50 45 0

0 46 0

1 46 0.0129205

2 46 0.0257901

3 46 0.0385578

4 46 0.0511734

5 46 0.063587

6 46 0.0757497

7 46 0.0876134

8 46 0.0991314

9 46 0.110258

10 46 0.12095

11 46 0.131164

12 46 0.140861

13 46 0.150001

14 46 0.15855

15 46 0.166473

16 46 0.173739

17 46 0.180319

18 46 0.186188

19 46 0.191322

20 46 0.195701

21 46 0.199307

22 46 0.202127

23 46 0.204149

24 46 0.205366

25 46 0.205772

26 46 0.205366

27 46 0.204149

28 46 0.202127

29 46 0.199307

30 46 0.195701

31 46 0.191322

32 46 0.186188

33 46 0.180319

34 46 0.173739

35 46 0.166473

36 46 0.15855

37 46 0.150001

38 46 0.140861

39 46 0.131164

40 46 0.12095

41 46 0.110258

42 46 0.0991314

43 46 0.0876134

44 46 0.0757497

45 46 0.063587

46 46 0.0511734

47 46 0.0385578

48 46 0.0257901

49 46 0.0129205

50 46 0

0 47 0

1 47 0.00973528

2 47 0.0194321

3 47 0.0290523

4 47 0.0385578

5 47 0.0479112

6 47 0.0570754

7 47 0.0660144

8 47 0.0746929

9 47 0.0830766

10 47 0.0911325

11 47 0.0988286

12 47 0.106135

13 47 0.113022

14 47 0.119463

15 47 0.125433

16 47 0.130908

17 47 0.135866

18 47 0.140288

19 47 0.144156

20 47 0.147455

21 47 0.150173

22 47 0.152298

23 47 0.153821

24 47 0.154738

25 47 0.155044

26 47 0.154738

27 47 0.153821

28 47 0.152298

29 47 0.150173

30 47 0.147455

31 47 0.144156

32 47 0.140288

33 47 0.135866

34 47 0.130908

35 47 0.125433

36 47 0.119463

37 47 0.113022

38 47 0.106135

39 47 0.0988286

40 47 0.0911325

41 47 0.0830766

42 47 0.0746929

43 47 0.0660144

44 47 0.0570754

45 47 0.0479112

46 47 0.0385578

47 47 0.0290523

48 47 0.0194321

49 47 0.00973528

50 47 0

0 48 0

1 48 0.00651161

2 48 0.0129975

3 48 0.0194321

4 48 0.0257901

5 48 0.0320462

6 48 0.0381759

7 48 0.0441549

8 48 0.0499597

9 48 0.0555672

10 48 0.0609555

11 48 0.0661032

12 48 0.0709901

13 48 0.0755968

14 48 0.0799051

15 48 0.0838981

16 48 0.08756

17 48 0.0908763

18 48 0.0938339

19 48 0.0964213

20 48 0.0986281

21 48 0.100446

22 48 0.101867

23 48 0.102886

24 48 0.103499

25 48 0.103704

26 48 0.103499

27 48 0.102886

28 48 0.101867

29 48 0.100446

30 48 0.0986281

31 48 0.0964213

32 48 0.0938339

33 48 0.0908763

34 48 0.08756

35 48 0.0838981

36 48 0.0799051

37 48 0.0755968

38 48 0.0709901

39 48 0.0661032

40 48 0.0609555

41 48 0.0555672

42 48 0.0499597

43 48 0.0441549

44 48 0.0381759

45 48 0.0320462

46 48 0.0257901

47 48 0.0194321

48 48 0.0129975

49 48 0.00651161

50 48 0

0 49 0

1 49 0.00326224

2 49 0.00651161

3 49 0.00973528

4 49 0.0129205

5 49 0.0160548

6 49 0.0191257

7 49 0.0221211

8 49 0.0250292

9 49 0.0278386

10 49 0.030538

11 49 0.033117

12 49 0.0355652

13 49 0.0378731

14 49 0.0400315

15 49 0.042032

16 49 0.0438665

17 49 0.045528

18 49 0.0470097

19 49 0.048306

20 49 0.0494116

21 49 0.0503221

22 49 0.0510341

23 49 0.0515447

24 49 0.0518519

25 49 0.0519544

26 49 0.0518519

27 49 0.0515447

28 49 0.0510341

29 49 0.0503221

30 49 0.0494116

31 49 0.048306

32 49 0.0470097

33 49 0.045528

34 49 0.0438665

35 49 0.042032

36 49 0.0400315

37 49 0.0378731

38 49 0.0355652

39 49 0.033117

40 49 0.030538

41 49 0.0278386

42 49 0.0250292

43 49 0.0221211

44 49 0.0191257

45 49 0.0160548

46 49 0.0129205

47 49 0.00973528

48 49 0.00651161

49 49 0.00326224

50 49 0

