0 1 0

1 1 0.000167722

2 1 0.000334782

3 1 0.000500521

4 1 0.000664285

5 1 0.000825427

6 1 0.000983311

7 1 0.00113731

8 1 0.00128683

9 1 0.00143127

10 1 0.00157005

11 1 0.00170265

12 1 0.00182852

13 1 0.00194717

14 1 0.00205815

15 1 0.00216099

16 1 0.00225532

17 1 0.00234073

18 1 0.00241692

19 1 0.00248356

20 1 0.0025404

21 1 0.00258722

22 1 0.00262382

23 1 0.00265007

24 1 0.00266587

25 1 0.00267114

26 1 0.00266587

27 1 0.00265007

28 1 0.00262382

29 1 0.00258722

30 1 0.0025404

31 1 0.00248356

32 1 0.00241692

33 1 0.00234073

34 1 0.00225532

35 1 0.00216099

36 1 0.00205815

37 1 0.00194717

38 1 0.00182852

39 1 0.00170265

40 1 0.00157005

41 1 0.00143127

42 1 0.00128683

43 1 0.00113731

44 1 0.000983311

45 1 0.000825427

46 1 0.000664285

47 1 0.000500521

48 1 0.000334782

49 1 0.000167722

50 1 0

0 2 0

1 2 0.000334782

2 2 0.000668243

3 2 0.000999067

4 2 0.00132595

5 2 0.0016476

6 2 0.00196274

7 2 0.00227014

8 2 0.00256858

9 2 0.00285688

10 2 0.00313391

11 2 0.00339857

12 2 0.00364982

13 2 0.00388666

14 2 0.00410817

15 2 0.00431346

16 2 0.00450173

17 2 0.00467223

18 2 0.00482429

19 2 0.00495732

20 2 0.00507078

21 2 0.00516422

22 2 0.00523729

23 2 0.00528969

24 2 0.00532121

25 2 0.00533173

26 2 0.00532121

27 2 0.00528969

28 2 0.00523729

29 2 0.00516422

30 2 0.00507078

31 2 0.00495732

32 2 0.00482429

33 2 0.00467223

34 2 0.00450173

35 2 0.00431346

36 2 0.00410817

37 2 0.00388666

38 2 0.00364982

39 2 0.00339857

40 2 0.00313391

41 2 0.00285688

42 2 0.00256858

43 2 0.00227014

44 2 0.00196274

45 2 0.0016476

46 2 0.00132595

47 2 0.000999067

48 2 0.000668243

49 2 0.000334782

50 2 0

0 3 0

1 3 0.000500521

2 3 0.000999067

3 3 0.00149367

4 3 0.00198238

5 3 0.00246326

6 3 0.00293443

7 3 0.00339401

8 3 0.0038402

9 3 0.00427123

10 3 0.0046854

11 3 0.00508109

12 3 0.00545672

13 3 0.00581082

14 3 0.00614198

15 3 0.0064489

16 3 0.00673038

17 3 0.00698529

18 3 0.00721263

19 3 0.00741151

20 3 0.00758114

21 3 0.00772085

22 3 0.00783009

23 3 0.00790843

24 3 0.00795555

25 3 0.00797128

26 3 0.00795555

27 3 0.00790843

28 3 0.00783009

29 3 0.00772085

30 3 0.00758114

31 3 0.00741151

32 3 0.00721263

33 3 0.00698529

34 3 0.00673038

35 3 0.0064489

36 3 0.00614198

37 3 0.00581082

38 3 0.00545672

39 3 0.00508109

40 3 0.0046854

41 3 0.00427123

42 3 0.0038402

43 3 0.00339401

44 3 0.00293443

45 3 0.00246326

46 3 0.00198238

47 3 0.00149367

48 3 0.000999067

49 3 0.000500521

50 3 0

0 4 0

1 4 0.000664285

2 4 0.00132595

3 4 0.00198238

4 4 0.00263098

5 4 0.00326921

6 4 0.00389453

7 4 0.00450448

8 4 0.00509665

9 4 0.00566871

10 4 0.0062184

11 4 0.00674355

12 4 0.00724208

13 4 0.00771203

14 4 0.00815155

15 4 0.0085589

16 4 0.00893246

17 4 0.00927078

18 4 0.00957251

19 4 0.00983646

20 4 0.0100616

21 4 0.010247

22 4 0.010392

23 4 0.010496

24 4 0.0105585

25 4 0.0105794

26 4 0.0105585

27 4 0.010496

28 4 0.010392

29 4 0.010247

30 4 0.0100616

31 4 0.00983646

32 4 0.00957251

33 4 0.00927078

34 4 0.00893246

35 4 0.0085589

36 4 0.00815155

37 4 0.00771203

38 4 0.00724208

39 4 0.00674355

40 4 0.0062184

41 4 0.00566871

42 4 0.00509665

43 4 0.00450448

44 4 0.00389453

45 4 0.00326921

46 4 0.00263098

47 4 0.00198238

48 4 0.00132595

49 4 0.000664285

50 4 0

0 5 0

1 5 0.000825427

2 5 0.0016476

3 5 0.00246326

4 5 0.00326921

5 5 0.00406225

6 5 0.00483926

7 5 0.00559718

8 5 0.006333

9 5 0.00704383

10 5 0.00772686

11 5 0.0083794

12 5 0.00899886

13 5 0.00958282

14 5 0.010129

15 5 0.0106351

16 5 0.0110993

17 5 0.0115197

18 5 0.0118946

19 5 0.0122226

20 5 0.0125023

21 5 0.0127327

22 5 0.0129129

23 5 0.0130421

24 5 0.0131198

25 5 0.0131457

26 5 0.0131198

27 5 0.0130421

28 5 0.0129129

29 5 0.0127327

30 5 0.0125023

31 5 0.0122226

32 5 0.0118946

33 5 0.0115197

34 5 0.0110993

35 5 0.0106351

36 5 0.010129

37 5 0.00958282

38 5 0.00899886

39 5 0.0083794

40 5 0.00772686

41 5 0.00704383

42 5 0.006333

43 5 0.00559718

44 5 0.00483926

45 5 0.00406225

46 5 0.00326921

47 5 0.00246326

48 5 0.0016476

49 5 0.000825427

50 5 0

0 6 0

1 6 0.000983311

2 6 0.00196274

3 6 0.00293443

4 6 0.00389453

5 6 0.00483926

6 6 0.0057649

7 6 0.00666778

8 6 0.00754435

9 6 0.00839114

10 6 0.00920482

11 6 0.00998218

12 6 0.0107201

13 6 0.0114158

14 6 0.0120664

15 6 0.0126694

16 6 0.0132223

17 6 0.0137231

18 6 0.0141698

19 6 0.0145605

20 6 0.0148937

21 6 0.0151682

22 6 0.0153828

23 6 0.0155367

24 6 0.0156293

25 6 0.0156602

26 6 0.0156293

27 6 0.0155367

28 6 0.0153828

29 6 0.0151682

30 6 0.0148937

31 6 0.0145605

32 6 0.0141698

33 6 0.0137231

34 6 0.0132223

35 6 0.0126694

36 6 0.0120664

37 6 0.0114158

38 6 0.0107201

39 6 0.00998218

40 6 0.00920482

41 6 0.00839114

42 6 0.00754435

43 6 0.00666778

44 6 0.0057649

45 6 0.00483926

46 6 0.00389453

47 6 0.00293443

48 6 0.00196274

49 6 0.000983311

50 6 0

0 7 0

1 7 0.00113731

2 7 0.00227014

3 7 0.00339401

4 7 0.00450448

5 7 0.00559718

6 7 0.00666778

7 7 0.00771207

8 7 0.00872593

9 7 0.00970534

10 7 0.0106465

11 7 0.0115456

12 7 0.0123991

13 7 0.0132037

14 7 0.0139562

15 7 0.0146536

16 7 0.0152932

17 7 0.0158724

18 7 0.016389

19 7 0.0168409

20 7 0.0172263

21 7 0.0175438

22 7 0.017792

23 7 0.01797

24 7 0.0180771

25 7 0.0181128

26 7 0.0180771

27 7 0.01797

28 7 0.017792

29 7 0.0175438

30 7 0.0172263

31 7 0.0168409

32 7 0.016389

33 7 0.0158724

34 7 0.0152932

35 7 0.0146536

36 7 0.0139562

37 7 0.0132037

38 7 0.0123991

39 7 0.0115456

40 7 0.0106465

41 7 0.00970534

42 7 0.00872593

43 7 0.00771207

44 7 0.00666778

45 7 0.00559718

46 7 0.00450448

47 7 0.00339401

48 7 0.00227014

49 7 0.00113731

50 7 0

0 8 0

1 8 0.00128683

2 8 0.00256858

3 8 0.0038402

4 8 0.00509665

5 8 0.006333

6 8 0.00754435

7 8 0.00872593

8 8 0.00987307

9 8 0.0109812

10 8 0.0120461

11 8 0.0130634

12 8 0.0140291

13 8 0.0149395

14 8 0.0157909

15 8 0.01658

16 8 0.0173037

17 8 0.017959

18 8 0.0185435

19 8 0.0190549

20 8 0.019491

21 8 0.0198502

22 8 0.020131

23 8 0.0203324

24 8 0.0204536

25 8 0.020494

26 8 0.0204536

27 8 0.0203324

28 8 0.020131

29 8 0.0198502

30 8 0.019491

31 8 0.0190549

32 8 0.0185435

33 8 0.017959

34 8 0.0173037

35 8 0.01658

36 8 0.0157909

37 8 0.0149395

38 8 0.0140291

39 8 0.0130634

40 8 0.0120461

41 8 0.0109812

42 8 0.00987307

43 8 0.00872593

44 8 0.00754435

45 8 0.006333

46 8 0.00509665

47 8 0.0038402

48 8 0.00256858

49 8 0.00128683

50 8 0

0 9 0

1 9 0.00143127

2 9 0.00285688

3 9 0.00427123

4 9 0.00566871

5 9 0.00704383

6 9 0.00839114

7 9 0.00970534

8 9 0.0109812

9 9 0.0122138

10 9 0.0133982

11 9 0.0145296

12 9 0.0156038

13 9 0.0166163

14 9 0.0175633

15 9 0.018441

16 9 0.0192459

17 9 0.0199748

18 9 0.0206249

19 9 0.0211936

20 9 0.0216787

21 9 0.0220782

22 9 0.0223906

23 9 0.0226146

24 9 0.0227493

25 9 0.0227943

26 9 0.0227493

27 9 0.0226146

28 9 0.0223906

29 9 0.0220782

30 9 0.0216787

31 9 0.0211936

32 9 0.0206249

33 9 0.0199748

34 9 0.0192459

35 9 0.018441

36 9 0.0175633

37 9 0.0166163

38 9 0.0156038

39 9 0.0145296

40 9 0.0133982

41 9 0.0122138

42 9 0.0109812

43 9 0.00970534

44 9 0.00839114

45 9 0.00704383

46 9 0.00566871

47 9 0.00427123

48 9 0.00285688

49 9 0.00143127

50 9 0

0 10 0

1 10 0.00157005

2 10 0.00313391

3 10 0.0046854

4 10 0.0062184

5 10 0.00772686

6 10 0.00920482

7 10 0.0106465

8 10 0.0120461

9 10 0.0133982

10 10 0.0146974

11 10 0.0159386

12 10 0.0171169

13 10 0.0182276

14 10 0.0192664

15 10 0.0202292

16 10 0.0211121

17 10 0.0219117

18 10 0.0226249

19 10 0.0232487

20 10 0.0237808

21 10 0.0242191

22 10 0.0245617

23 10 0.0248075

24 10 0.0249553

25 10 0.0250046

26 10 0.0249553

27 10 0.0248075

28 10 0.0245617

29 10 0.0242191

30 10 0.0237808

31 10 0.0232487

32 10 0.0226249

33 10 0.0219117

34 10 0.0211121

35 10 0.0202292

36 10 0.0192664

37 10 0.0182276

38 10 0.0171169

39 10 0.0159386

40 10 0.0146974

41 10 0.0133982

42 10 0.0120461

43 10 0.0106465

44 10 0.00920482

45 10 0.00772686

46 10 0.0062184

47 10 0.0046854

48 10 0.00313391

49 10 0.00157005

50 10 0

0 11 0

1 11 0.00170265

2 11 0.00339857

3 11 0.00508109

4 11 0.00674355

5 11 0.0083794

6 11 0.00998218

7 11 0.0115456

8 11 0.0130634

9 11 0.0145296

10 11 0.0159386

11 11 0.0172846

12 11 0.0185624

13 11 0.0197669

14 11 0.0208935

15 11 0.0219375

16 11 0.022895

17 11 0.0237622

18 11 0.0245356

19 11 0.0252121

20 11 0.0257891

21 11 0.0262644

22 11 0.026636

23 11 0.0269025

24 11 0.0270628

25 11 0.0271163

26 11 0.0270628

27 11 0.0269025

28 11 0.026636

29 11 0.0262644

30 11 0.0257891

31 11 0.0252121

32 11 0.0245356

33 11 0.0237622

34 11 0.022895

35 11 0.0219375

36 11 0.0208935

37 11 0.0197669

38 11 0.0185624

39 11 0.0172846

40 11 0.0159386

41 11 0.0145296

42 11 0.0130634

43 11 0.0115456

44 11 0.00998218

45 11 0.0083794

46 11 0.00674355

47 11 0.00508109

48 11 0.00339857

49 11 0.00170265

50 11 0

0 12 0

1 12 0.00182852

2 12 0.00364982

3 12 0.00545672

4 12 0.00724208

5 12 0.00899886

6 12 0.0107201

7 12 0.0123991

8 12 0.0140291

9 12 0.0156038

10 12 0.0171169

11 12 0.0185624

12 12 0.0199347

13 12 0.0212282

14 12 0.0224381

15 12 0.0235593

16 12 0.0245876

17 12 0.0255189

18 12 0.0263494

19 12 0.027076

20 12 0.0276957

21 12 0.028206

22 12 0.0286051

23 12 0.0288913

24 12 0.0290635

25 12 0.0291209

26 12 0.0290635

27 12 0.0288913

28 12 0.0286051

29 12 0.028206

30 12 0.0276957

31 12 0.027076

32 12 0.0263494

33 12 0.0255189

34 12 0.0245876

35 12 0.0235593

36 12 0.0224381

37 12 0.0212282

38 12 0.0199347

39 12 0.0185624

40 12 0.0171169

41 12 0.0156038

42 12 0.0140291

43 12 0.0123991

44 12 0.0107201

45 12 0.00899886

46 12 0.00724208

47 12 0.00545672

48 12 0.00364982

49 12 0.00182852

50 12 0

0 13 0

1 13 0.00194717

2 13 0.00388666

3 13 0.00581082

4 13 0.00771203

5 13 0.00958282

6 13 0.0114158

7 13 0.0132037

8 13 0.0149395

9 13 0.0166163

10 13 0.0182276

11 13 0.0197669

12 13 0.0212282

13 13 0.0226058

14 13 0.0238941

15 13 0.0250881

16 13 0.0261832

17 13 0.0271748

18 13 0.0280593

19 13 0.028833

20 13 0.0294929

21 13 0.0300364

22 13 0.0304614

23 13 0.0307661

24 13 0.0309495

25 13 0.0310106

26 13 0.0309495

27 13 0.0307661

28 13 0.0304614

29 13 0.0300364

30 13 0.0294929

31 13 0.028833

32 13 0.0280593

33 13 0.0271748

34 13 0.0261832

35 13 0.0250881

36 13 0.0238941

37 13 0.0226058

38 13 0.0212282

39 13 0.0197669

40 13 0.0182276

41 13 0.0166163

42 13 0.0149395

43 13 0.0132037

44 13 0.0114158

45 13 0.00958282

46 13 0.00771203

47 13 0.00581082

48 13 0.00388666

49 13 0.00194717

50 13 0

0 14 0

1 14 0.00205815

2 14 0.00410817

3 14 0.00614198

4 14 0.00815155

5 14 0.010129

6 14 0.0120664

7 14 0.0139562

8 14 0.0157909

9 14 0.0175633

10 14 0.0192664

11 14 0.0208935

12 14 0.0224381

13 14 0.0238941

14 14 0.0252559

15 14 0.0265179

16 14 0.0276754

17 14 0.0287236

18 14 0.0296584

19 14 0.0304762

20 14 0.0311737

21 14 0.0317482

22 14 0.0321974

23 14 0.0325195

24 14 0.0327133

25 14 0.032778

26 14 0.0327133

27 14 0.0325195

28 14 0.0321974

29 14 0.0317482

30 14 0.0311737

31 14 0.0304762

32 14 0.0296584

33 14 0.0287236

34 14 0.0276754

35 14 0.0265179

36 14 0.0252559

37 14 0.0238941

38 14 0.0224381

39 14 0.0208935

40 14 0.0192664

41 14 0.0175633

42 14 0.0157909

43 14 0.0139562

44 14 0.0120664

45 14 0.010129

46 14 0.00815155

47 14 0.00614198

48 14 0.00410817

49 14 0.00205815

50 14 0

0 15 0

1 15 0.00216099

2 15 0.00431346

3 15 0.0064489

4 15 0.0085589

5 15 0.0106351

6 15 0.0126694

7 15 0.0146536

8 15 0.01658

9 15 0.018441

10 15 0.0202292

11 15 0.0219375

12 15 0.0235593

13 15 0.0250881

14 15 0.0265179

15 15 0.0278431

16 15 0.0290583

17 15 0.0301589

18 15 0.0311405

19 15 0.0319991

20 15 0.0327315

21 15 0.0333347

22 15 0.0338063

23 15 0.0341446

24 15 0.034348

25 15 0.0344159

26 15 0.034348

27 15 0.0341446

28 15 0.0338063

29 15 0.0333347

30 15 0.0327315

31 15 0.0319991

32 15 0.0311405

33 15 0.0301589

34 15 0.0290583

35 15 0.0278431

36 15 0.0265179

37 15 0.0250881

38 15 0.0235593

39 15 0.0219375

40 15 0.0202292

41 15 0.018441

42 15 0.01658

43 15 0.0146536

44 15 0.0126694

45 15 0.0106351

46 15 0.0085589

47 15 0.0064489

48 15 0.00431346

49 15 0.00216099

50 15 0

0 16 0

1 16 0.00225532

2 16 0.00450173

3 16 0.00673038

4 16 0.00893246

5 16 0.0110993

6 16 0.0132223

7 16 0.0152932

8 16 0.0173037

9 16 0.0192459

10 16 0.0211121

11 16 0.022895

12 16 0.0245876

13 16 0.0261832

14 16 0.0276754

15 16 0.0290583

16 16 0.0303266

17 16 0.0314753

18 16 0.0324997

19 16 0.0333958

20 16 0.0341601

21 16 0.0347897

22 16 0.0352819

23 16 0.0356349

24 16 0.0358472

25 16 0.0359181

26 16 0.0358472

27 16 0.0356349

28 16 0.0352819

29 16 0.0347897

30 16 0.0341601

31 16 0.0333958

32 16 0.0324997

33 16 0.0314753

34 16 0.0303266

35 16 0.0290583

36 16 0.0276754

37 16 0.0261832

38 16 0.0245876

39 16 0.022895

40 16 0.0211121

41 16 0.0192459

42 16 0.0173037

43 16 0.0152932

44 16 0.0132223

45 16 0.0110993

46 16 0.00893246

47 16 0.00673038

48 16 0.00450173

49 16 0.00225532

50 16 0

0 17 0

1 17 0.00234073

2 17 0.00467223

3 17 0.00698529

4 17 0.00927078

5 17 0.0115197

6 17 0.0137231

7 17 0.0158724

8 17 0.017959

9 17 0.0199748

10 17 0.0219117

11 17 0.0237622

12 17 0.0255189

13 17 0.0271748

14 17 0.0287236

15 17 0.0301589

16 17 0.0314753

17 17 0.0326674

18 17 0.0337306

19 17 0.0346606

20 17 0.0354539

21 17 0.0361073

22 17 0.0366182

23 17 0.0369845

24 17 0.0372049

25 17 0.0372785

26 17 0.0372049

27 17 0.0369845

28 17 0.0366182

29 17 0.0361073

30 17 0.0354539

31 17 0.0346606

32 17 0.0337306

33 17 0.0326674

34 17 0.0314753

35 17 0.0301589

36 17 0.0287236

37 17 0.0271748

38 17 0.0255189

39 17 0.0237622

40 17 0.0219117

41 17 0.0199748

42 17 0.017959

43 17 0.0158724

44 17 0.0137231

45 17 0.0115197

46 17 0.00927078

47 17 0.00698529

48 17 0.00467223

49 17 0.00234073

50 17 0

0 18 0

1 18 0.00241692

2 18 0.00482429

3 18 0.00721263

4 18 0.00957251

5 18 0.0118946

6 18 0.0141698

7 18 0.016389

8 18 0.0185435

9 18 0.0206249

10 18 0.0226249

11 18 0.0245356

12 18 0.0263494

13 18 0.0280593

14 18 0.0296584

15 18 0.0311405

16 18 0.0324997

17 18 0.0337306

18 18 0.0348284

19 18 0.0357887

20 18 0.0366078

21 18 0.0372825

22 18 0.0378099

23 18 0.0381882

24 18 0.0384158

25 18 0.0384917

26 18 0.0384158

27 18 0.0381882

28 18 0.0378099

29 18 0.0372825

30 18 0.0366078

31 18 0.0357887

32 18 0.0348284

33 18 0.0337306

34 18 0.0324997

35 18 0.0311405

36 18 0.0296584

37 18 0.0280593

38 18 0.0263494

39 18 0.0245356

40 18 0.0226249

41 18 0.0206249

42 18 0.0185435

43 18 0.016389

44 18 0.0141698

45 18 0.0118946

46 18 0.00957251

47 18 0.00721263

48 18 0.00482429

49 18 0.00241692

50 18 0

0 19 0

1 19 0.00248356

2 19 0.00495732

3 19 0.00741151

4 19 0.00983646

5 19 0.0122226

6 19 0.0145605

7 19 0.0168409

8 19 0.0190549

9 19 0.0211936

10 19 0.0232487

11 19 0.0252121

12 19 0.027076

13 19 0.028833

14 19 0.0304762

15 19 0.0319991

16 19 0.0333958

17 19 0.0346606

18 19 0.0357887

19 19 0.0367755

20 19 0.0376172

21 19 0.0383105

22 19 0.0388525

23 19 0.0392412

24 19 0.0394751

25 19 0.0395531

26 19 0.0394751

27 19 0.0392412

28 19 0.0388525

29 19 0.0383105

30 19 0.0376172

31 19 0.0367755

32 19 0.0357887

33 19 0.0346606

34 19 0.0333958

35 19 0.0319991

36 19 0.0304762

37 19 0.028833

38 19 0.027076

39 19 0.0252121

40 19 0.0232487

41 19 0.0211936

42 19 0.0190549

43 19 0.0168409

44 19 0.0145605

45 19 0.0122226

46 19 0.00983646

47 19 0.00741151

48 19 0.00495732

49 19 0.00248356

50 19 0

0 20 0

1 20 0.0025404

2 20 0.00507078

3 20 0.00758114

4 20 0.0100616

5 20 0.0125023

6 20 0.0148937

7 20 0.0172263

8 20 0.019491

9 20 0.0216787

10 20 0.0237808

11 20 0.0257891

12 20 0.0276957

13 20 0.0294929

14 20 0.0311737

15 20 0.0327315

16 20 0.0341601

17 20 0.0354539

18 20 0.0366078

19 20 0.0376172

20 20 0.0384782

21 20 0.0391873

22 20 0.0397417

23 20 0.0401393

24 20 0.0403785

25 20 0.0404584

26 20 0.0403785

27 20 0.0401393

28 20 0.0397417

29 20 0.0391873

30 20 0.0384782

31 20 0.0376172

32 20 0.0366078

33 20 0.0354539

34 20 0.0341601

35 20 0.0327315

36 20 0.0311737

37 20 0.0294929

38 20 0.0276957

39 20 0.0257891

40 20 0.0237808

41 20 0.0216787

42 20 0.019491

43 20 0.0172263

44 20 0.0148937

45 20 0.0125023

46 20 0.0100616

47 20 0.00758114

48 20 0.00507078

49 20 0.0025404

50 20 0

0 21 0

1 21 0.00258722

2 21 0.00516422

3 21 0.00772085

4 21 0.010247

5 21 0.0127327

6 21 0.0151682

7 21 0.0175438

8 21 0.0198502

9 21 0.0220782

10 21 0.0242191

11 21 0.0262644

12 21 0.028206

13 21 0.0300364

14 21 0.0317482

15 21 0.0333347

16 21 0.0347897

17 21 0.0361073

18 21 0.0372825

19 21 0.0383105

20 21 0.0391873

21 21 0.0399095

22 21 0.0404741

23 21 0.0408791

24 21 0.0411226

25 21 0.041204

26 21 0.0411226

27 21 0.0408791

28 21 0.0404741

29 21 0.0399095

30 21 0.0391873

31 21 0.0383105

32 21 0.0372825

33 21 0.0361073

34 21 0.0347897

35 21 0.0333347

36 21 0.0317482

37 21 0.0300364

38 21 0.028206

39 21 0.0262644

40 21 0.0242191

41 21 0.0220782

42 21 0.0198502

43 21 0.0175438

44 21 0.0151682

45 21 0.0127327

46 21 0.010247

47 21 0.00772085

48 21 0.00516422

49 21 0.00258722

50 21 0

0 22 0

1 22 0.00262382

2 22 0.00523729

3 22 0.00783009

4 22 0.010392

5 22 0.0129129

6 22 0.0153828

7 22 0.017792

8 22 0.020131

9 22 0.0223906

10 22 0.0245617

11 22 0.026636

12 22 0.0286051

13 22 0.0304614

14 22 0.0321974

15 22 0.0338063

16 22 0.0352819

17 22 0.0366182

18 22 0.0378099

19 22 0.0388525

20 22 0.0397417

21 22 0.0404741

22 22 0.0410468

23 22 0.0414574

24 22 0.0417045

25 22 0.0417869

26 22 0.0417045

27 22 0.0414574

28 22 0.0410468

29 22 0.0404741

30 22 0.0397417

31 22 0.0388525

32 22 0.0378099

33 22 0.0366182

34 22 0.0352819

35 22 0.0338063

36 22 0.0321974

37 22 0.0304614

38 22 0.0286051

39 22 0.026636

40 22 0.0245617

41 22 0.0223906

42 22 0.020131

43 22 0.017792

44 22 0.0153828

45 22 0.0129129

46 22 0.010392

47 22 0.00783009

48 22 0.00523729

49 22 0.00262382

50 22 0

0 23 0

1 23 0.00265007

2 23 0.00528969

3 23 0.00790843

4 23 0.010496

5 23 0.0130421

6 23 0.0155367

7 23 0.01797

8 23 0.0203324

9 23 0.0226146

10 23 0.0248075

11 23 0.0269025

12 23 0.0288913

13 23 0.0307661

14 23 0.0325195

15 23 0.0341446

16 23 0.0356349

17 23 0.0369845

18 23 0.0381882

19 23 0.0392412

20 23 0.0401393

21 23 0.0408791

22 23 0.0414574

23 23 0.0418722

24 23 0.0421217

25 23 0.042205

26 23 0.0421217

27 23 0.0418722

28 23 0.0414574

29 23 0.0408791

30 23 0.0401393

31 23 0.0392412

32 23 0.0381882

33 23 0.0369845

34 23 0.0356349

35 23 0.0341446

36 23 0.0325195

37 23 0.0307661

38 23 0.0288913

39 23 0.0269025

40 23 0.0248075

41 23 0.0226146

42 23 0.0203324

43 23 0.01797

44 23 0.0155367

45 23 0.0130421

46 23 0.010496

47 23 0.00790843

48 23 0.00528969

49 23 0.00265007

50 23 0

0 24 0

1 24 0.00266587

2 24 0.00532121

3 24 0.00795555

4 24 0.0105585

5 24 0.0131198

6 24 0.0156293

7 24 0.0180771

8 24 0.0204536

9 24 0.0227493

10 24 0.0249553

11 24 0.0270628

12 24 0.0290635

13 24 0.0309495

14 24 0.0327133

15 24 0.034348

16 24 0.0358472

17 24 0.0372049

18 24 0.0384158

19 24 0.0394751

20 24 0.0403785

21 24 0.0411226

22 24 0.0417045

23 24 0.0421217

24 24 0.0423727

25 24 0.0424565

26 24 0.0423727

27 24 0.0421217

28 24 0.0417045

29 24 0.0411226

30 24 0.0403785

31 24 0.0394751

32 24 0.0384158

33 24 0.0372049

34 24 0.0358472

35 24 0.034348

36 24 0.0327133

37 24 0.0309495

38 24 0.0290635

39 24 0.0270628

40 24 0.0249553

41 24 0.0227493

42 24 0.0204536

43 24 0.0180771

44 24 0.0156293

45 24 0.0131198

46 24 0.0105585

47 24 0.00795555

48 24 0.00532121

49 24 0.00266587

50 24 0

0 25 0

1 25 0.00267114

2 25 0.00533173

3 25 0.00797128

4 25 0.0105794

5 25 0.0131457

6 25 0.0156602

7 25 0.0181128

8 25 0.020494

9 25 0.0227943

10 25 0.0250046

11 25 0.0271163

12 25 0.0291209

13 25 0.0310106

14 25 0.032778

15 25 0.0344159

16 25 0.0359181

17 25 0.0372785

18 25 0.0384917

19 25 0.0395531

20 25 0.0404584

21 25 0.041204

22 25 0.0417869

23 25 0.042205

24 25 0.0424565

25 25 0.0425404

26 25 0.0424565

27 25 0.042205

28 25 0.0417869

29 25 0.041204

30 25 0.0404584

31 25 0.0395531

32 25 0.0384917

33 25 0.0372785

34 25 0.0359181

35 25 0.0344159

36 25 0.032778

37 25 0.0310106

38 25 0.0291209

39 25 0.0271163

40 25 0.0250046

41 25 0.0227943

42 25 0.020494

43 25 0.0181128

44 25 0.0156602

45 25 0.0131457

46 25 0.0105794

47 25 0.00797128

48 25 0.00533173

49 25 0.00267114

50 25 0

0 26 0

1 26 0.00266587

2 26 0.00532121

3 26 0.00795555

4 26 0.0105585

5 26 0.0131198

6 26 0.0156293

7 26 0.0180771

8 26 0.0204536

9 26 0.0227493

10 26 0.0249553

11 26 0.0270628

12 26 0.0290635

13 26 0.0309495

14 26 0.0327133

15 26 0.034348

16 26 0.0358472

17 26 0.0372049

18 26 0.0384158

19 26 0.0394751

20 26 0.0403785

21 26 0.0411226

22 26 0.0417045

23 26 0.0421217

24 26 0.0423727

25 26 0.0424565

26 26 0.0423727

27 26 0.0421217

28 26 0.0417045

29 26 0.0411226

30 26 0.0403785

31 26 0.0394751

32 26 0.0384158

33 26 0.0372049

34 26 0.0358472

35 26 0.034348

36 26 0.0327133

37 26 0.0309495

38 26 0.0290635

39 26 0.0270628

40 26 0.0249553

41 26 0.0227493

42 26 0.0204536

43 26 0.0180771

44 26 0.0156293

45 26 0.0131198

46 26 0.0105585

47 26 0.00795555

48 26 0.00532121

49 26 0.00266587

50 26 0

0 27 0

1 27 0.00265007

2 27 0.00528969

3 27 0.00790843

4 27 0.010496

5 27 0.0130421

6 27 0.0155367

7 27 0.01797

8 27 0.0203324

9 27 0.0226146

10 27 0.0248075

11 27 0.0269025

12 27 0.0288913

13 27 0.0307661

14 27 0.0325195

15 27 0.0341446

16 27 0.0356349

17 27 0.0369845

18 27 0.0381882

19 27 0.0392412

20 27 0.0401393

21 27 0.0408791

22 27 0.0414574

23 27 0.0418722

24 27 0.0421217

25 27 0.042205

26 27 0.0421217

27 27 0.0418722

28 27 0.0414574

29 27 0.0408791

30 27 0.0401393

31 27 0.0392412

32 27 0.0381882

33 27 0.0369845

34 27 0.0356349

35 27 0.0341446

36 27 0.0325195

37 27 0.0307661

38 27 0.0288913

39 27 0.0269025

40 27 0.0248075

41 27 0.0226146

42 27 0.0203324

43 27 0.01797

44 27 0.0155367

45 27 0.0130421

46 27 0.010496

47 27 0.00790843

48 27 0.00528969

49 27 0.00265007

50 27 0

0 28 0

1 28 0.00262382

2 28 0.00523729

3 28 0.00783009

4 28 0.010392

5 28 0.0129129

6 28 0.0153828

7 28 0.017792

8 28 0.020131

9 28 0.0223906

10 28 0.0245617

11 28 0.026636

12 28 0.0286051

13 28 0.0304614

14 28 0.0321974

15 28 0.0338063

16 28 0.0352819

17 28 0.0366182

18 28 0.0378099

19 28 0.0388525

20 28 0.0397417

21 28 0.0404741

22 28 0.0410468

23 28 0.0414574

24 28 0.0417045

25 28 0.0417869

26 28 0.0417045

27 28 0.0414574

28 28 0.0410468

29 28 0.0404741

30 28 0.0397417

31 28 0.0388525

32 28 0.0378099

33 28 0.0366182

34 28 0.0352819

35 28 0.0338063

36 28 0.0321974

37 28 0.0304614

38 28 0.0286051

39 28 0.026636

40 28 0.0245617

41 28 0.0223906

42 28 0.020131

43 28 0.017792

44 28 0.0153828

45 28 0.0129129

46 28 0.010392

47 28 0.00783009

48 28 0.00523729

49 28 0.00262382

50 28 0

0 29 0

1 29 0.00258722

2 29 0.00516422

3 29 0.00772085

4 29 0.010247

5 29 0.0127327

6 29 0.0151682

7 29 0.0175438

8 29 0.0198502

9 29 0.0220782

10 29 0.0242191

11 29 0.0262644

12 29 0.028206

13 29 0.0300364

14 29 0.0317482

15 29 0.0333347

16 29 0.0347897

17 29 0.0361073

18 29 0.0372825

19 29 0.0383105

20 29 0.0391873

21 29 0.0399095

22 29 0.0404741

23 29 0.0408791

24 29 0.0411226

25 29 0.041204

26 29 0.0411226

27 29 0.0408791

28 29 0.0404741

29 29 0.0399095

30 29 0.0391873

31 29 0.0383105

32 29 0.0372825

33 29 0.0361073

34 29 0.0347897

35 29 0.0333347

36 29 0.0317482

37 29 0.0300364

38 29 0.028206

39 29 0.0262644

40 29 0.0242191

41 29 0.0220782

42 29 0.0198502

43 29 0.0175438

44 29 0.0151682

45 29 0.0127327

46 29 0.010247

47 29 0.00772085

48 29 0.00516422

49 29 0.00258722

50 29 0

0 30 0

1 30 0.0025404

2 30 0.00507078

3 30 0.00758114

4 30 0.0100616

5 30 0.0125023

6 30 0.0148937

7 30 0.0172263

8 30 0.019491

9 30 0.0216787

10 30 0.0237808

11 30 0.0257891

12 30 0.0276957

13 30 0.0294929

14 30 0.0311737

15 30 0.0327315

16 30 0.0341601

17 30 0.0354539

18 30 0.0366078

19 30 0.0376172

20 30 0.0384782

21 30 0.0391873

22 30 0.0397417

23 30 0.0401393

24 30 0.0403785

25 30 0.0404584

26 30 0.0403785

27 30 0.0401393

28 30 0.0397417

29 30 0.0391873

30 30 0.0384782

31 30 0.0376172

32 30 0.0366078

33 30 0.0354539

34 30 0.0341601

35 30 0.0327315

36 30 0.0311737

37 30 0.0294929

38 30 0.0276957

39 30 0.0257891

40 30 0.0237808

41 30 0.0216787

42 30 0.019491

43 30 0.0172263

44 30 0.0148937

45 30 0.0125023

46 30 0.0100616

47 30 0.00758114

48 30 0.00507078

49 30 0.0025404

50 30 0

0 31 0

1 31 0.00248356

2 31 0.00495732

3 31 0.00741151

4 31 0.00983646

5 31 0.0122226

6 31 0.0145605

7 31 0.0168409

8 31 0.0190549

9 31 0.0211936

10 31 0.0232487

11 31 0.0252121

12 31 0.027076

13 31 0.028833

14 31 0.0304762

15 31 0.0319991

16 31 0.0333958

17 31 0.0346606

18 31 0.0357887

19 31 0.0367755

20 31 0.0376172

21 31 0.0383105

22 31 0.0388525

23 31 0.0392412

24 31 0.0394751

25 31 0.0395531

26 31 0.0394751

27 31 0.0392412

28 31 0.0388525

29 31 0.0383105

30 31 0.0376172

31 31 0.0367755

32 31 0.0357887

33 31 0.0346606

34 31 0.0333958

35 31 0.0319991

36 31 0.0304762

37 31 0.028833

38 31 0.027076

39 31 0.0252121

40 31 0.0232487

41 31 0.0211936

42 31 0.0190549

43 31 0.0168409

44 31 0.0145605

45 31 0.0122226

46 31 0.00983646

47 31 0.00741151

48 31 0.00495732

49 31 0.00248356

50 31 0

0 32 0

1 32 0.00241692

2 32 0.00482429

3 32 0.00721263

4 32 0.00957251

5 32 0.0118946

6 32 0.0141698

7 32 0.016389

8 32 0.0185435

9 32 0.0206249

10 32 0.0226249

11 32 0.0245356

12 32 0.0263494

13 32 0.0280593

14 32 0.0296584

15 32 0.0311405

16 32 0.0324997

17 32 0.0337306

18 32 0.0348284

19 32 0.0357887

20 32 0.0366078

21 32 0.0372825

22 32 0.0378099

23 32 0.0381882

24 32 0.0384158

25 32 0.0384917

26 32 0.0384158

27 32 0.0381882

28 32 0.0378099

29 32 0.0372825

30 32 0.0366078

31 32 0.0357887

32 32 0.0348284

33 32 0.0337306

34 32 0.0324997

35 32 0.0311405

36 32 0.0296584

37 32 0.0280593

38 32 0.0263494

39 32 0.0245356

40 32 0.0226249

41 32 0.0206249

42 32 0.0185435

43 32 0.016389

44 32 0.0141698

45 32 0.0118946

46 32 0.00957251

47 32 0.00721263

48 32 0.00482429

49 32 0.00241692

50 32 0

0 33 0

1 33 0.00234073

2 33 0.00467223

3 33 0.00698529

4 33 0.00927078

5 33 0.0115197

6 33 0.0137231

7 33 0.0158724

8 33 0.017959

9 33 0.0199748

10 33 0.0219117

11 33 0.0237622

12 33 0.0255189

13 33 0.0271748

14 33 0.0287236

15 33 0.0301589

16 33 0.0314753

17 33 0.0326674

18 33 0.0337306

19 33 0.0346606

20 33 0.0354539

21 33 0.0361073

22 33 0.0366182

23 33 0.0369845

24 33 0.0372049

25 33 0.0372785

26 33 0.0372049

27 33 0.0369845

28 33 0.0366182

29 33 0.0361073

30 33 0.0354539

31 33 0.0346606

32 33 0.0337306

33 33 0.0326674

34 33 0.0314753

35 33 0.0301589

36 33 0.0287236

37 33 0.0271748

38 33 0.0255189

39 33 0.0237622

40 33 0.0219117

41 33 0.0199748

42 33 0.017959

43 33 0.0158724

44 33 0.0137231

45 33 0.0115197

46 33 0.00927078

47 33 0.00698529

48 33 0.00467223

49 33 0.00234073

50 33 0

0 34 0

1 34 0.00225532

2 34 0.00450173

3 34 0.00673038

4 34 0.00893246

5 34 0.0110993

6 34 0.0132223

7 34 0.0152932

8 34 0.0173037

9 34 0.0192459

10 34 0.0211121

11 34 0.022895

12 34 0.0245876

13 34 0.0261832

14 34 0.0276754

15 34 0.0290583

16 34 0.0303266

17 34 0.0314753

18 34 0.0324997

19 34 0.0333958

20 34 0.0341601

21 34 0.0347897

22 34 0.0352819

23 34 0.0356349

24 34 0.0358472

25 34 0.0359181

26 34 0.0358472

27 34 0.0356349

28 34 0.0352819

29 34 0.0347897

30 34 0.0341601

31 34 0.0333958

32 34 0.0324997

33 34 0.0314753

34 34 0.0303266

35 34 0.0290583

36 34 0.0276754

37 34 0.0261832

38 34 0.0245876

39 34 0.022895

40 34 0.0211121

41 34 0.0192459

42 34 0.0173037

43 34 0.0152932

44 34 0.0132223

45 34 0.0110993

46 34 0.00893246

47 34 0.00673038

48 34 0.00450173

49 34 0.00225532

50 34 0

0 35 0

1 35 0.00216099

2 35 0.00431346

3 35 0.0064489

4 35 0.0085589

5 35 0.0106351

6 35 0.0126694

7 35 0.0146536

8 35 0.01658

9 35 0.018441

10 35 0.0202292

11 35 0.0219375

12 35 0.0235593

13 35 0.0250881

14 35 0.0265179

15 35 0.0278431

16 35 0.0290583

17 35 0.0301589

18 35 0.0311405

19 35 0.0319991

20 35 0.0327315

21 35 0.0333347

22 35 0.0338063

23 35 0.0341446

24 35 0.034348

25 35 0.0344159

26 35 0.034348

27 35 0.0341446

28 35 0.0338063

29 35 0.0333347

30 35 0.0327315

31 35 0.0319991

32 35 0.0311405

33 35 0.0301589

34 35 0.0290583

35 35 0.0278431

36 35 0.0265179

37 35 0.0250881

38 35 0.0235593

39 35 0.0219375

40 35 0.0202292

41 35 0.018441

42 35 0.01658

43 35 0.0146536

44 35 0.0126694

45 35 0.0106351

46 35 0.0085589

47 35 0.0064489

48 35 0.00431346

49 35 0.00216099

50 35 0

0 36 0

1 36 0.00205815

2 36 0.00410817

3 36 0.00614198

4 36 0.00815155

5 36 0.010129

6 36 0.0120664

7 36 0.0139562

8 36 0.0157909

9 36 0.0175633

10 36 0.0192664

11 36 0.0208935

12 36 0.0224381

13 36 0.0238941

14 36 0.0252559

15 36 0.0265179

16 36 0.0276754

17 36 0.0287236

18 36 0.0296584

19 36 0.0304762

20 36 0.0311737

21 36 0.0317482

22 36 0.0321974

23 36 0.0325195

24 36 0.0327133

25 36 0.032778

26 36 0.0327133

27 36 0.0325195

28 36 0.0321974

29 36 0.0317482

30 36 0.0311737

31 36 0.0304762

32 36 0.0296584

33 36 0.0287236

34 36 0.0276754

35 36 0.0265179

36 36 0.0252559

37 36 0.0238941

38 36 0.0224381

39 36 0.0208935

40 36 0.0192664

41 36 0.0175633

42 36 0.0157909

43 36 0.0139562

44 36 0.0120664

45 36 0.010129

46 36 0.00815155

47 36 0.00614198

48 36 0.00410817

49 36 0.00205815

50 36 0

0 37 0

1 37 0.00194717

2 37 0.00388666

3 37 0.00581082

4 37 0.00771203

5 37 0.00958282

6 37 0.0114158

7 37 0.0132037

8 37 0.0149395

9 37 0.0166163

10 37 0.0182276

11 37 0.0197669

12 37 0.0212282

13 37 0.0226058

14 37 0.0238941

15 37 0.0250881

16 37 0.0261832

17 37 0.0271748

18 37 0.0280593

19 37 0.028833

20 37 0.0294929

21 37 0.0300364

22 37 0.0304614

23 37 0.0307661

24 37 0.0309495

25 37 0.0310106

26 37 0.0309495

27 37 0.0307661

28 37 0.0304614

29 37 0.0300364

30 37 0.0294929

31 37 0.028833

32 37 0.0280593

33 37 0.0271748

34 37 0.0261832

35 37 0.0250881

36 37 0.0238941

37 37 0.0226058

38 37 0.0212282

39 37 0.0197669

40 37 0.0182276

41 37 0.0166163

42 37 0.0149395

43 37 0.0132037

44 37 0.0114158

45 37 0.00958282

46 37 0.00771203

47 37 0.00581082

48 37 0.00388666

49 37 0.00194717

50 37 0

0 38 0

1 38 0.00182852

2 38 0.00364982

3 38 0.00545672

4 38 0.00724208

5 38 0.00899886

6 38 0.0107201

7 38 0.0123991

8 38 0.0140291

9 38 0.0156038

10 38 0.0171169

11 38 0.0185624

12 38 0.0199347

13 38 0.0212282

14 38 0.0224381

15 38 0.0235593

16 38 0.0245876

17 38 0.0255189

18 38 0.0263494

19 38 0.027076

20 38 0.0276957

21 38 0.028206

22 38 0.0286051

23 38 0.0288913

24 38 0.0290635

25 38 0.0291209

26 38 0.0290635

27 38 0.0288913

28 38 0.0286051

29 38 0.028206

30 38 0.0276957

31 38 0.027076

32 38 0.0263494

33 38 0.0255189

34 38 0.0245876

35 38 0.0235593

36 38 0.0224381

37 38 0.0212282

38 38 0.0199347

39 38 0.0185624

40 38 0.0171169

41 38 0.0156038

42 38 0.0140291

43 38 0.0123991

44 38 0.0107201

45 38 0.00899886

46 38 0.00724208

47 38 0.00545672

48 38 0.00364982

49 38 0.00182852

50 38 0

0 39 0

1 39 0.00170265

2 39 0.00339857

3 39 0.00508109

4 39 0.00674355

5 39 0.0083794

6 39 0.00998218

7 39 0.0115456

8 39 0.0130634

9 39 0.0145296

10 39 0.0159386

11 39 0.0172846

12 39 0.0185624

13 39 0.0197669

14 39 0.0208935

15 39 0.0219375

16 39 0.022895

17 39 0.0237622

18 39 0.0245356

19 39 0.0252121

20 39 0.0257891

21 39 0.0262644

22 39 0.026636

23 39 0.0269025

24 39 0.0270628

25 39 0.0271163

26 39 0.0270628

27 39 0.0269025

28 39 0.026636

29 39 0.0262644

30 39 0.0257891

31 39 0.0252121

32 39 0.0245356

33 39 0.0237622

34 39 0.022895

35 39 0.0219375

36 39 0.0208935

37 39 0.0197669

38 39 0.0185624

39 39 0.0172846

40 39 0.0159386

41 39 0.0145296

42 39 0.0130634

43 39 0.0115456

44 39 0.00998218

45 39 0.0083794

46 39 0.00674355

47 39 0.00508109

48 39 0.00339857

49 39 0.00170265

50 39 0

0 40 0

1 40 0.00157005

2 40 0.00313391

3 40 0.0046854

4 40 0.0062184

5 40 0.00772686

6 40 0.00920482

7 40 0.0106465

8 40 0.0120461

9 40 0.0133982

10 40 0.0146974

11 40 0.0159386

12 40 0.0171169

13 40 0.0182276

14 40 0.0192664

15 40 0.0202292

16 40 0.0211121

17 40 0.0219117

18 40 0.0226249

19 40 0.0232487

20 40 0.0237808

21 40 0.0242191

22 40 0.0245617

23 40 0.0248075

24 40 0.0249553

25 40 0.0250046

26 40 0.0249553

27 40 0.0248075

28 40 0.0245617

29 40 0.0242191

30 40 0.0237808

31 40 0.0232487

32 40 0.0226249

33 40 0.0219117

34 40 0.0211121

35 40 0.0202292

36 40 0.0192664

37 40 0.0182276

38 40 0.0171169

39 40 0.0159386

40 40 0.0146974

41 40 0.0133982

42 40 0.0120461

43 40 0.0106465

44 40 0.00920482

45 40 0.00772686

46 40 0.0062184

47 40 0.0046854

48 40 0.00313391

49 40 0.00157005

50 40 0

0 41 0

1 41 0.00143127

2 41 0.00285688

3 41 0.00427123

4 41 0.00566871

5 41 0.00704383

6 41 0.00839114

7 41 0.00970534

8 41 0.0109812

9 41 0.0122138

10 41 0.0133982

11 41 0.0145296

12 41 0.0156038

13 41 0.0166163

14 41 0.0175633

15 41 0.018441

16 41 0.0192459

17 41 0.0199748

18 41 0.0206249

19 41 0.0211936

20 41 0.0216787

21 41 0.0220782

22 41 0.0223906

23 41 0.0226146

24 41 0.0227493

25 41 0.0227943

26 41 0.0227493

27 41 0.0226146

28 41 0.0223906

29 41 0.0220782

30 41 0.0216787

31 41 0.0211936

32 41 0.0206249

33 41 0.0199748

34 41 0.0192459

35 41 0.018441

36 41 0.0175633

37 41 0.0166163

38 41 0.0156038

39 41 0.0145296

40 41 0.0133982

41 41 0.0122138

42 41 0.0109812

43 41 0.00970534

44 41 0.00839114

45 41 0.00704383

46 41 0.00566871

47 41 0.00427123

48 41 0.00285688

49 41 0.00143127

50 41 0

0 42 0

1 42 0.00128683

2 42 0.00256858

3 42 0.0038402

4 42 0.00509665

5 42 0.006333

6 42 0.00754435

7 42 0.00872593

8 42 0.00987307

9 42 0.0109812

10 42 0.0120461

11 42 0.0130634

12 42 0.0140291

13 42 0.0149395

14 42 0.0157909

15 42 0.01658

16 42 0.0173037

17 42 0.017959

18 42 0.0185435

19 42 0.0190549

20 42 0.019491

21 42 0.0198502

22 42 0.020131

23 42 0.0203324

24 42 0.0204536

25 42 0.020494

26 42 0.0204536

27 42 0.0203324

28 42 0.020131

29 42 0.0198502

30 42 0.019491

31 42 0.0190549

32 42 0.0185435

33 42 0.017959

34 42 0.0173037

35 42 0.01658

36 42 0.0157909

37 42 0.0149395

38 42 0.0140291

39 42 0.0130634

40 42 0.0120461

41 42 0.0109812

42 42 0.00987307

43 42 0.00872593

44 42 0.00754435

45 42 0.006333

46 42 0.00509665

47 42 0.0038402

48 42 0.00256858

49 42 0.00128683

50 42 0

0 43 0

1 43 0.00113731

2 43 0.00227014

3 43 0.00339401

4 43 0.00450448

5 43 0.00559718

6 43 0.00666778

7 43 0.00771207

8 43 0.00872593

9 43 0.00970534

10 43 0.0106465

11 43 0.0115456

12 43 0.0123991

13 43 0.0132037

14 43 0.0139562

15 43 0.0146536

16 43 0.0152932

17 43 0.0158724

18 43 0.016389

19 43 0.0168409

20 43 0.0172263

21 43 0.0175438

22 43 0.017792

23 43 0.01797

24 43 0.0180771

25 43 0.0181128

26 43 0.0180771

27 43 0.01797

28 43 0.017792

29 43 0.0175438

30 43 0.0172263

31 43 0.0168409

32 43 0.016389

33 43 0.0158724

34 43 0.0152932

35 43 0.0146536

36 43 0.0139562

37 43 0.0132037

38 43 0.0123991

39 43 0.0115456

40 43 0.0106465

41 43 0.00970534

42 43 0.00872593

43 43 0.00771207

44 43 0.00666778

45 43 0.00559718

46 43 0.00450448

47 43 0.00339401

48 43 0.00227014

49 43 0.00113731

50 43 0

0 44 0

1 44 0.000983311

2 44 0.00196274

3 44 0.00293443

4 44 0.00389453

5 44 0.00483926

6 44 0.0057649

7 44 0.00666778

8 44 0.00754435

9 44 0.00839114

10 44 0.00920482

11 44 0.00998218

12 44 0.0107201

13 44 0.0114158

14 44 0.0120664

15 44 0.0126694

16 44 0.0132223

17 44 0.0137231

18 44 0.0141698

19 44 0.0145605

20 44 0.0148937

21 44 0.0151682

22 44 0.0153828

23 44 0.0155367

24 44 0.0156293

25 44 0.0156602

26 44 0.0156293

27 44 0.0155367

28 44 0.0153828

29 44 0.0151682

30 44 0.0148937

31 44 0.0145605

32 44 0.0141698

33 44 0.0137231

34 44 0.0132223

35 44 0.0126694

36 44 0.0120664

37 44 0.0114158

38 44 0.0107201

39 44 0.00998218

40 44 0.00920482

41 44 0.00839114

42 44 0.00754435

43 44 0.00666778

44 44 0.0057649

45 44 0.00483926

46 44 0.00389453

47 44 0.00293443

48 44 0.00196274

49 44 0.000983311

50 44 0

0 45 0

1 45 0.000825427

2 45 0.0016476

3 45 0.00246326

4 45 0.00326921

5 45 0.00406225

6 45 0.00483926

7 45 0.00559718

8 45 0.006333

9 45 0.00704383

10 45 0.00772686

11 45 0.0083794

12 45 0.00899886

13 45 0.00958282

14 45 0.010129

15 45 0.0106351

16 45 0.0110993

17 45 0.0115197

18 45 0.0118946

19 45 0.0122226

20 45 0.0125023

21 45 0.0127327

22 45 0.0129129

23 45 0.0130421

24 45 0.0131198

25 45 0.0131457

26 45 0.0131198

27 45 0.0130421

28 45 0.0129129

29 45 0.0127327

30 45 0.0125023

31 45 0.0122226

32 45 0.0118946

33 45 0.0115197

34 45 0.0110993

35 45 0.0106351

36 45 0.010129

37 45 0.00958282

38 45 0.00899886

39 45 0.0083794

40 45 0.00772686

41 45 0.00704383

42 45 0.006333

43 45 0.00559718

44 45 0.00483926

45 45 0.00406225

46 45 0.00326921

47 45 0.00246326

48 45 0.0016476

49 45 0.000825427

50 45 0

0 46 0

1 46 0.000664285

2 46 0.00132595

3 46 0.00198238

4 46 0.00263098

5 46 0.00326921

6 46 0.00389453

7 46 0.00450448

8 46 0.00509665

9 46 0.00566871

10 46 0.0062184

11 46 0.00674355

12 46 0.00724208

13 46 0.00771203

14 46 0.00815155

15 46 0.0085589

16 46 0.00893246

17 46 0.00927078

18 46 0.00957251

19 46 0.00983646

20 46 0.0100616

21 46 0.010247

22 46 0.010392

23 46 0.010496

24 46 0.0105585

25 46 0.0105794

26 46 0.0105585

27 46 0.010496

28 46 0.010392

29 46 0.010247

30 46 0.0100616

31 46 0.00983646

32 46 0.00957251

33 46 0.00927078

34 46 0.00893246

35 46 0.0085589

36 46 0.00815155

37 46 0.00771203

38 46 0.00724208

39 46 0.00674355

40 46 0.0062184

41 46 0.00566871

42 46 0.00509665

43 46 0.00450448

44 46 0.00389453

45 46 0.00326921

46 46 0.00263098

47 46 0.00198238

48 46 0.00132595

49 46 0.000664285

50 46 0

0 47 0

1 47 0.000500521

2 47 0.000999067

3 47 0.00149367

4 47 0.00198238

5 47 0.00246326

6 47 0.00293443

7 47 0.00339401

8 47 0.0038402

9 47 0.00427123

10 47 0.0046854

11 47 0.00508109

12 47 0.00545672

13 47 0.00581082

14 47 0.00614198

15 47 0.0064489

16 47 0.00673038

17 47 0.00698529

18 47 0.00721263

19 47 0.00741151

20 47 0.00758114

21 47 0.00772085

22 47 0.00783009

23 47 0.00790843

24 47 0.00795555

25 47 0.00797128

26 47 0.00795555

27 47 0.00790843

28 47 0.00783009

29 47 0.00772085

30 47 0.00758114

31 47 0.00741151

32 47 0.00721263

33 47 0.00698529

34 47 0.00673038

35 47 0.0064489

36 47 0.00614198

37 47 0.00581082

38 47 0.00545672

39 47 0.00508109

40 47 0.0046854

41 47 0.00427123

42 47 0.0038402

43 47 0.00339401

44 47 0.00293443

45 47 0.00246326

46 47 0.00198238

47 47 0.00149367

48 47 0.000999067

49 47 0.000500521

50 47 0

0 48 0

1 48 0.000334782

2 48 0.000668243

3 48 0.000999067

4 48 0.00132595

5 48 0.0016476

6 48 0.00196274

7 48 0.00227014

8 48 0.00256858

9 48 0.00285688

10 48 0.00313391

11 48 0.00339857

12 48 0.00364982

13 48 0.00388666

14 48 0.00410817

15 48 0.00431346

16 48 0.00450173

17 48 0.00467223

18 48 0.00482429

19 48 0.00495732

20 48 0.00507078

21 48 0.00516422

22 48 0.00523729

23 48 0.00528969

24 48 0.00532121

