0 1 0

1 1 0.000406

2 1 0.000810397

3 1 0.0012116

4 1 0.00160801

5 1 0.00199808

6 1 0.00238027

7 1 0.00275306

8 1 0.00311499

9 1 0.00346462

10 1 0.00380058

11 1 0.00412154

12 1 0.00442624

13 1 0.00471347

14 1 0.00498209

15 1 0.00523105

16 1 0.00545937

17 1 0.00566614

18 1 0.00585056

19 1 0.00601188

20 1 0.00614947

21 1 0.0062628

22 1 0.00635141

23 1 0.00641495

24 1 0.00645318

25 1 0.00646594

26 1 0.00645318

27 1 0.00641495

28 1 0.00635141

29 1 0.0062628

30 1 0.00614947

31 1 0.00601188

32 1 0.00585056

33 1 0.00566614

34 1 0.00545937

35 1 0.00523105

36 1 0.00498209

37 1 0.00471347

38 1 0.00442624

39 1 0.00412154

40 1 0.00380058

41 1 0.00346462

42 1 0.00311499

43 1 0.00275306

44 1 0.00238027

45 1 0.00199808

46 1 0.00160801

47 1 0.0012116

48 1 0.000810397

49 1 0.000406

50 1 0

0 2 0

1 2 0.000810397

2 2 0.0016176

3 2 0.00241841

4 2 0.00320968

5 2 0.00398828

6 2 0.00475115

7 2 0.00549526

8 2 0.00621769

9 2 0.00691557

10 2 0.00758617

11 2 0.00822682

12 2 0.00883501

13 2 0.00940833

14 2 0.00994452

15 2 0.0104415

16 2 0.0108972

17 2 0.0113099

18 2 0.011678

19 2 0.012

20 2 0.0122747

21 2 0.0125009

22 2 0.0126778

23 2 0.0128046

24 2 0.0128809

25 2 0.0129064

26 2 0.0128809

27 2 0.0128046

28 2 0.0126778

29 2 0.0125009

30 2 0.0122747

31 2 0.012

32 2 0.011678

33 2 0.0113099

34 2 0.0108972

35 2 0.0104415

36 2 0.00994452

37 2 0.00940833

38 2 0.00883501

39 2 0.00822682

40 2 0.00758617

41 2 0.00691557

42 2 0.00621769

43 2 0.00549526

44 2 0.00475115

45 2 0.00398828

46 2 0.00320968

47 2 0.00241841

48 2 0.0016176

49 2 0.000810397

50 2 0

0 3 0

1 3 0.0012116

2 3 0.00241841

3 3 0.00361568

4 3 0.00479868

5 3 0.00596274

6 3 0.00710327

7 3 0.00821577

8 3 0.00929584

9 3 0.0103392

10 3 0.0113418

11 3 0.0122996

12 3 0.0132089

13 3 0.0140661

14 3 0.0148677

15 3 0.0156107

16 3 0.016292

17 3 0.0169091

18 3 0.0174594

19 3 0.0179408

20 3 0.0183514

21 3 0.0186896

22 3 0.0189541

23 3 0.0191437

24 3 0.0192578

25 3 0.0192958

26 3 0.0192578

27 3 0.0191437

28 3 0.0189541

29 3 0.0186896

30 3 0.0183514

31 3 0.0179408

32 3 0.0174594

33 3 0.0169091

34 3 0.016292

35 3 0.0156107

36 3 0.0148677

37 3 0.0140661

38 3 0.0132089

39 3 0.0122996

40 3 0.0113418

41 3 0.0103392

42 3 0.00929584

43 3 0.00821577

44 3 0.00710327

45 3 0.00596274

46 3 0.00479868

47 3 0.00361568

48 3 0.00241841

49 3 0.0012116

50 3 0

0 4 0

1 4 0.00160801

2 4 0.00320968

3 4 0.00479868

4 4 0.00636874

5 4 0.00791367

6 4 0.00942737

7 4 0.0109039

8 4 0.0123373

9 4 0.0137221

10 4 0.0150527

11 4 0.0163239

12 4 0.0175307

13 4 0.0186683

14 4 0.0197322

15 4 0.0207183

16 4 0.0216225

17 4 0.0224415

18 4 0.0231719

19 4 0.0238108

20 4 0.0243558

21 4 0.0248046

22 4 0.0251556

23 4 0.0254072

24 4 0.0255586

25 4 0.0256092

26 4 0.0255586

27 4 0.0254072

28 4 0.0251556

29 4 0.0248046

30 4 0.0243558

31 4 0.0238108

32 4 0.0231719

33 4 0.0224415

34 4 0.0216225

35 4 0.0207183

36 4 0.0197322

37 4 0.0186683

38 4 0.0175307

39 4 0.0163239

40 4 0.0150527

41 4 0.0137221

42 4 0.0123373

43 4 0.0109039

44 4 0.00942737

45 4 0.00791367

46 4 0.00636874

47 4 0.00479868

48 4 0.00320968

49 4 0.00160801

50 4 0

0 5 0

1 5 0.00199808

2 5 0.00398828

3 5 0.00596274

4 5 0.00791367

5 5 0.00983337

6 5 0.0117143

7 5 0.0135489

8 5 0.0153301

9 5 0.0170508

10 5 0.0187042

11 5 0.0202837

12 5 0.0217833

13 5 0.0231968

14 5 0.0245188

15 5 0.0257441

16 5 0.0268677

17 5 0.0278853

18 5 0.0287929

19 5 0.0295868

20 5 0.030264

21 5 0.0308217

22 5 0.0312578

23 5 0.0315705

24 5 0.0317586

25 5 0.0318214

26 5 0.0317586

27 5 0.0315705

28 5 0.0312578

29 5 0.0308217

30 5 0.030264

31 5 0.0295868

32 5 0.0287929

33 5 0.0278853

34 5 0.0268677

35 5 0.0257441

36 5 0.0245188

37 5 0.0231968

38 5 0.0217833

39 5 0.0202837

40 5 0.0187042

41 5 0.0170508

42 5 0.0153301

43 5 0.0135489

44 5 0.0117143

45 5 0.00983337

46 5 0.00791367

47 5 0.00596274

48 5 0.00398828

49 5 0.00199808

50 5 0

0 6 0

1 6 0.00238027

2 6 0.00475115

3 6 0.00710327

4 6 0.00942737

5 6 0.0117143

6 6 0.0139549

7 6 0.0161405

8 6 0.0182624

9 6 0.0203122

10 6 0.0222818

11 6 0.0241635

12 6 0.0259499

13 6 0.0276338

14 6 0.0292087

15 6 0.0306683

16 6 0.0320069

17 6 0.0332191

18 6 0.0343003

19 6 0.0352461

20 6 0.0360528

21 6 0.0367172

22 6 0.0372367

23 6 0.0376092

24 6 0.0378333

25 6 0.0379081

26 6 0.0378333

27 6 0.0376092

28 6 0.0372367

29 6 0.0367172

30 6 0.0360528

31 6 0.0352461

32 6 0.0343003

33 6 0.0332191

34 6 0.0320069

35 6 0.0306683

36 6 0.0292087

37 6 0.0276338

38 6 0.0259499

39 6 0.0241635

40 6 0.0222818

41 6 0.0203122

42 6 0.0182624

43 6 0.0161405

44 6 0.0139549

45 6 0.0117143

46 6 0.00942737

47 6 0.00710327

48 6 0.00475115

49 6 0.00238027

50 6 0

0 7 0

1 7 0.00275306

2 7 0.00549526

3 7 0.00821577

4 7 0.0109039

5 7 0.0135489

6 7 0.0161405

7 7 0.0186684

8 7 0.0211226

9 7 0.0234934

10 7 0.0257716

11 7 0.027948

12 7 0.0300141

13 7 0.0319618

14 7 0.0337833

15 7 0.0354715

16 7 0.0370197

17 7 0.0384218

18 7 0.0396723

19 7 0.0407662

20 7 0.0416993

21 7 0.0424677

22 7 0.0430686

23 7 0.0434995

24 7 0.0437587

25 7 0.0438452

26 7 0.0437587

27 7 0.0434995

28 7 0.0430686

29 7 0.0424677

30 7 0.0416993

31 7 0.0407662

32 7 0.0396723

33 7 0.0384218

34 7 0.0370197

35 7 0.0354715

36 7 0.0337833

37 7 0.0319618

38 7 0.0300141

39 7 0.027948

40 7 0.0257716

41 7 0.0234934

42 7 0.0211226

43 7 0.0186684

44 7 0.0161405

45 7 0.0135489

46 7 0.0109039

47 7 0.00821577

48 7 0.00549526

49 7 0.00275306

50 7 0

0 8 0

1 8 0.00311499

2 8 0.00621769

3 8 0.00929584

4 8 0.0123373

5 8 0.0153301

6 8 0.0182624

7 8 0.0211226

8 8 0.0238994

9 8 0.026582

10 8 0.0291596

11 8 0.0316221

12 8 0.0339599

13 8 0.0361636

14 8 0.0382246

15 8 0.0401347

16 8 0.0418865

17 8 0.0434729

18 8 0.0448878

19 8 0.0461255

20 8 0.0471812

21 8 0.0480507

22 8 0.0487305

23 8 0.049218

24 8 0.0495113

25 8 0.0496092

26 8 0.0495113

27 8 0.049218

28 8 0.0487305

29 8 0.0480507

30 8 0.0471812

31 8 0.0461255

32 8 0.0448878

33 8 0.0434729

34 8 0.0418865

35 8 0.0401347

36 8 0.0382246

37 8 0.0361636

38 8 0.0339599

39 8 0.0316221

40 8 0.0291596

41 8 0.026582

42 8 0.0238994

43 8 0.0211226

44 8 0.0182624

45 8 0.0153301

46 8 0.0123373

47 8 0.00929584

48 8 0.00621769

49 8 0.00311499

50 8 0

0 9 0

1 9 0.00346462

2 9 0.00691557

3 9 0.0103392

4 9 0.0137221

5 9 0.0170508

6 9 0.0203122

7 9 0.0234934

8 9 0.026582

9 9 0.0295656

10 9 0.0324325

11 9 0.0351714

12 9 0.0377716

13 9 0.0402227

14 9 0.042515

15 9 0.0446395

16 9 0.0465879

17 9 0.0483524

18 9 0.0499261

19 9 0.0513027

20 9 0.0524769

21 9 0.053444

22 9 0.0542001

23 9 0.0547424

24 9 0.0550686

25 9 0.0551775

26 9 0.0550686

27 9 0.0547424

28 9 0.0542001

29 9 0.053444

30 9 0.0524769

31 9 0.0513027

32 9 0.0499261

33 9 0.0483524

34 9 0.0465879

35 9 0.0446395

36 9 0.042515

37 9 0.0402227

38 9 0.0377716

39 9 0.0351714

40 9 0.0324325

41 9 0.0295656

42 9 0.026582

43 9 0.0234934

44 9 0.0203122

45 9 0.0170508

46 9 0.0137221

47 9 0.0103392

48 9 0.00691557

49 9 0.00346462

50 9 0

0 10 0

1 10 0.00380058

2 10 0.00758617

3 10 0.0113418

4 10 0.0150527

5 10 0.0187042

6 10 0.0222818

7 10 0.0257716

8 10 0.0291596

9 10 0.0324325

10 10 0.0355774

11 10 0.038582

12 10 0.0414342

13 10 0.044123

14 10 0.0466376

15 10 0.0489682

16 10 0.0511055

17 10 0.0530411

18 10 0.0547673

19 10 0.0562775

20 10 0.0575655

21 10 0.0586264

22 10 0.0594559

23 10 0.0600507

24 10 0.0604085

25 10 0.060528

26 10 0.0604085

27 10 0.0600507

28 10 0.0594559

29 10 0.0586264

30 10 0.0575655

31 10 0.0562775

32 10 0.0547673

33 10 0.0530411

34 10 0.0511055

35 10 0.0489682

36 10 0.0466376

37 10 0.044123

38 10 0.0414342

39 10 0.038582

40 10 0.0355774

41 10 0.0324325

42 10 0.0291596

43 10 0.0257716

44 10 0.0222818

45 10 0.0187042

46 10 0.0150527

47 10 0.0113418

48 10 0.00758617

49 10 0.00380058

50 10 0

0 11 0

1 11 0.00412154

2 11 0.00822682

3 11 0.0122996

4 11 0.0163239

5 11 0.0202837

6 11 0.0241635

7 11 0.027948

8 11 0.0316221

9 11 0.0351714

10 11 0.038582

11 11 0.0418402

12 11 0.0449334

13 11 0.0478492

14 11 0.0505762

15 11 0.0531035

16 11 0.0554213

17 11 0.0575204

18 11 0.0593925

19 11 0.0610301

20 11 0.062427

21 11 0.0635774

22 11 0.0644769

23 11 0.065122

24 11 0.0655101

25 11 0.0656396

26 11 0.0655101

27 11 0.065122

28 11 0.0644769

29 11 0.0635774

30 11 0.062427

31 11 0.0610301

32 11 0.0593925

33 11 0.0575204

34 11 0.0554213

35 11 0.0531035

36 11 0.0505762

37 11 0.0478492

38 11 0.0449334

39 11 0.0418402

40 11 0.038582

41 11 0.0351714

42 11 0.0316221

43 11 0.027948

44 11 0.0241635

45 11 0.0202837

46 11 0.0163239

47 11 0.0122996

48 11 0.00822682

49 11 0.00412154

50 11 0

0 12 0

1 12 0.00442624

2 12 0.00883501

3 12 0.0132089

4 12 0.0175307

5 12 0.0217833

6 12 0.0259499

7 12 0.0300141

8 12 0.0339599

9 12 0.0377716

10 12 0.0414342

11 12 0.0449334

12 12 0.0482552

13 12 0.0513866

14 12 0.0543151

15 12 0.0570293

16 12 0.0595185

17 12 0.0617727

18 12 0.0637832

19 12 0.0655419

20 12 0.067042

21 12 0.0682775

22 12 0.0692435

23 12 0.0699363

24 12 0.0703531

25 12 0.0704922

26 12 0.0703531

27 12 0.0699363

28 12 0.0692435

29 12 0.0682775

30 12 0.067042

31 12 0.0655419

32 12 0.0637832

33 12 0.0617727

34 12 0.0595185

35 12 0.0570293

36 12 0.0543151

37 12 0.0513866

38 12 0.0482552

39 12 0.0449334

40 12 0.0414342

41 12 0.0377716

42 12 0.0339599

43 12 0.0300141

44 12 0.0259499

45 12 0.0217833

46 12 0.0175307

47 12 0.0132089

48 12 0.00883501

49 12 0.00442624

50 12 0

0 13 0

1 13 0.00471347

2 13 0.00940833

3 13 0.0140661

4 13 0.0186683

5 13 0.0231968

6 13 0.0276338

7 13 0.0319618

8 13 0.0361636

9 13 0.0402227

10 13 0.044123

11 13 0.0478492

12 13 0.0513866

13 13 0.0547211

14 13 0.0578397

15 13 0.0607301

16 13 0.0633808

17 13 0.0657813

18 13 0.0679222

19 13 0.0697951

20 13 0.0713925

21 13 0.0727082

22 13 0.0737369

23 13 0.0744746

24 13 0.0749184

25 13 0.0750665

26 13 0.0749184

27 13 0.0744746

28 13 0.0737369

29 13 0.0727082

30 13 0.0713925

31 13 0.0697951

32 13 0.0679222

33 13 0.0657813

34 13 0.0633808

35 13 0.0607301

36 13 0.0578397

37 13 0.0547211

38 13 0.0513866

39 13 0.0478492

40 13 0.044123

41 13 0.0402227

42 13 0.0361636

43 13 0.0319618

44 13 0.0276338

45 13 0.0231968

46 13 0.0186683

47 13 0.0140661

48 13 0.00940833

49 13 0.00471347

50 13 0

0 14 0

1 14 0.00498209

2 14 0.00994452

3 14 0.0148677

4 14 0.0197322

5 14 0.0245188

6 14 0.0292087

7 14 0.0337833

8 14 0.0382246

9 14 0.042515

10 14 0.0466376

11 14 0.0505762

12 14 0.0543151

13 14 0.0578397

14 14 0.0611361

15 14 0.0641912

16 14 0.0669929

17 14 0.0695302

18 14 0.0717932

19 14 0.0737728

20 14 0.0754612

21 14 0.0768519

22 14 0.0779392

23 14 0.078719

24 14 0.0791881

25 14 0.0793446

26 14 0.0791881

27 14 0.078719

28 14 0.0779392

29 14 0.0768519

30 14 0.0754612

31 14 0.0737728

32 14 0.0717932

33 14 0.0695302

34 14 0.0669929

35 14 0.0641912

36 14 0.0611361

37 14 0.0578397

38 14 0.0543151

39 14 0.0505762

40 14 0.0466376

41 14 0.042515

42 14 0.0382246

43 14 0.0337833

44 14 0.0292087

45 14 0.0245188

46 14 0.0197322

47 14 0.0148677

48 14 0.00994452

49 14 0.00498209

50 14 0

0 15 0

1 15 0.00523105

2 15 0.0104415

3 15 0.0156107

4 15 0.0207183

5 15 0.0257441

6 15 0.0306683

7 15 0.0354715

8 15 0.0401347

9 15 0.0446395

10 15 0.0489682

11 15 0.0531035

12 15 0.0570293

13 15 0.0607301

14 15 0.0641912

15 15 0.0673989

16 15 0.0703406

17 15 0.0730048

18 15 0.0753808

19 15 0.0774593

20 15 0.0792321

21 15 0.0806923

22 15 0.081834

23 15 0.0826527

24 15 0.0831452

25 15 0.0833096

26 15 0.0831452

27 15 0.0826527

28 15 0.081834

29 15 0.0806923

30 15 0.0792321

31 15 0.0774593

32 15 0.0753808

33 15 0.0730048

34 15 0.0703406

35 15 0.0673989

36 15 0.0641912

37 15 0.0607301

38 15 0.0570293

39 15 0.0531035

40 15 0.0489682

41 15 0.0446395

42 15 0.0401347

43 15 0.0354715

44 15 0.0306683

45 15 0.0257441

46 15 0.0207183

47 15 0.0156107

48 15 0.0104415

49 15 0.00523105

50 15 0

0 16 0

1 16 0.00545937

2 16 0.0108972

3 16 0.016292

4 16 0.0216225

5 16 0.0268677

6 16 0.0320069

7 16 0.0370197

8 16 0.0418865

9 16 0.0465879

10 16 0.0511055

11 16 0.0554213

12 16 0.0595185

13 16 0.0633808

14 16 0.0669929

15 16 0.0703406

16 16 0.0734108

17 16 0.0761912

18 16 0.0786709

19 16 0.0808402

20 16 0.0826904

21 16 0.0842142

22 16 0.0854057

23 16 0.0862602

24 16 0.0867742

25 16 0.0869458

26 16 0.0867742

27 16 0.0862602

28 16 0.0854057

29 16 0.0842142

30 16 0.0826904

31 16 0.0808402

32 16 0.0786709

33 16 0.0761912

34 16 0.0734108

35 16 0.0703406

36 16 0.0669929

37 16 0.0633808

38 16 0.0595185

39 16 0.0554213

40 16 0.0511055

41 16 0.0465879

42 16 0.0418865

43 16 0.0370197

44 16 0.0320069

45 16 0.0268677

46 16 0.0216225

47 16 0.016292

48 16 0.0108972

49 16 0.00545937

50 16 0

0 17 0

1 17 0.00566614

2 17 0.0113099

3 17 0.0169091

4 17 0.0224415

5 17 0.0278853

6 17 0.0332191

7 17 0.0384218

8 17 0.0434729

9 17 0.0483524

10 17 0.0530411

11 17 0.0575204

12 17 0.0617727

13 17 0.0657813

14 17 0.0695302

15 17 0.0730048

16 17 0.0761912

17 17 0.0790769

18 17 0.0816506

19 17 0.083902

20 17 0.0858222

21 17 0.0874038

22 17 0.0886405

23 17 0.0895273

24 17 0.0900608

25 17 0.0902389

26 17 0.0900608

27 17 0.0895273

28 17 0.0886405

29 17 0.0874038

30 17 0.0858222

31 17 0.083902

32 17 0.0816506

33 17 0.0790769

34 17 0.0761912

35 17 0.0730048

36 17 0.0695302

37 17 0.0657813

38 17 0.0617727

39 17 0.0575204

40 17 0.0530411

41 17 0.0483524

42 17 0.0434729

43 17 0.0384218

44 17 0.0332191

45 17 0.0278853

46 17 0.0224415

47 17 0.0169091

48 17 0.0113099

49 17 0.00566614

50 17 0

0 18 0

1 18 0.00585056

2 18 0.011678

3 18 0.0174594

4 18 0.0231719

5 18 0.0287929

6 18 0.0343003

7 18 0.0396723

8 18 0.0448878

9 18 0.0499261

10 18 0.0547673

11 18 0.0593925

12 18 0.0637832

13 18 0.0679222

14 18 0.0717932

15 18 0.0753808

16 18 0.0786709

17 18 0.0816506

18 18 0.084308

19 18 0.0866326

20 18 0.0886154

21 18 0.0902485

22 18 0.0915254

23 18 0.0924411

24 18 0.0929919

25 18 0.0931758

26 18 0.0929919

27 18 0.0924411

28 18 0.0915254

29 18 0.0902485

30 18 0.0886154

31 18 0.0866326

32 18 0.084308

33 18 0.0816506

34 18 0.0786709

35 18 0.0753808

36 18 0.0717932

37 18 0.0679222

38 18 0.0637832

39 18 0.0593925

40 18 0.0547673

41 18 0.0499261

42 18 0.0448878

43 18 0.0396723

44 18 0.0343003

45 18 0.0287929

46 18 0.0231719

47 18 0.0174594

48 18 0.011678

49 18 0.00585056

50 18 0

0 19 0

1 19 0.00601188

2 19 0.012

3 19 0.0179408

4 19 0.0238108

5 19 0.0295868

6 19 0.0352461

7 19 0.0407662

8 19 0.0461255

9 19 0.0513027

10 19 0.0562775

11 19 0.0610301

12 19 0.0655419

13 19 0.0697951

14 19 0.0737728

15 19 0.0774593

16 19 0.0808402

17 19 0.083902

18 19 0.0866326

19 19 0.0890214

20 19 0.0910589

21 19 0.092737

22 19 0.0940491

23 19 0.09499

24 19 0.095556

25 19 0.095745

26 19 0.095556

27 19 0.09499

28 19 0.0940491

29 19 0.092737

30 19 0.0910589

31 19 0.0890214

32 19 0.0866326

33 19 0.083902

34 19 0.0808402

35 19 0.0774593

36 19 0.0737728

37 19 0.0697951

38 19 0.0655419

39 19 0.0610301

40 19 0.0562775

41 19 0.0513027

42 19 0.0461255

43 19 0.0407662

44 19 0.0352461

45 19 0.0295868

46 19 0.0238108

47 19 0.0179408

48 19 0.012

49 19 0.00601188

50 19 0

0 20 0

1 20 0.00614947

2 20 0.0122747

3 20 0.0183514

4 20 0.0243558

5 20 0.030264

6 20 0.0360528

7 20 0.0416993

8 20 0.0471812

9 20 0.0524769

10 20 0.0575655

11 20 0.062427

12 20 0.067042

13 20 0.0713925

14 20 0.0754612

15 20 0.0792321

16 20 0.0826904

17 20 0.0858222

18 20 0.0886154

19 20 0.0910589

20 20 0.093143

21 20 0.0948595

22 20 0.0962016

23 20 0.0971641

24 20 0.0977431

25 20 0.0979363

26 20 0.0977431

27 20 0.0971641

28 20 0.0962016

29 20 0.0948595

30 20 0.093143

31 20 0.0910589

32 20 0.0886154

33 20 0.0858222

34 20 0.0826904

35 20 0.0792321

36 20 0.0754612

37 20 0.0713925

38 20 0.067042

39 20 0.062427

40 20 0.0575655

41 20 0.0524769

42 20 0.0471812

43 20 0.0416993

44 20 0.0360528

45 20 0.030264

46 20 0.0243558

47 20 0.0183514

48 20 0.0122747

49 20 0.00614947

50 20 0

0 21 0

1 21 0.0062628

2 21 0.0125009

3 21 0.0186896

4 21 0.0248046

5 21 0.0308217

6 21 0.0367172

7 21 0.0424677

8 21 0.0480507

9 21 0.053444

10 21 0.0586264

11 21 0.0635774

12 21 0.0682775

13 21 0.0727082

14 21 0.0768519

15 21 0.0806923

16 21 0.0842142

17 21 0.0874038

18 21 0.0902485

19 21 0.092737

20 21 0.0948595

21 21 0.0966076

22 21 0.0979745

23 21 0.0989547

24 21 0.0995443

25 21 0.0997411

26 21 0.0995443

27 21 0.0989547

28 21 0.0979745

29 21 0.0966076

30 21 0.0948595

31 21 0.092737

32 21 0.0902485

33 21 0.0874038

34 21 0.0842142

35 21 0.0806923

36 21 0.0768519

37 21 0.0727082

38 21 0.0682775

39 21 0.0635774

40 21 0.0586264

41 21 0.053444

42 21 0.0480507

43 21 0.0424677

44 21 0.0367172

45 21 0.0308217

46 21 0.0248046

47 21 0.0186896

48 21 0.0125009

49 21 0.0062628

50 21 0

0 22 0

1 22 0.00635141

2 22 0.0126778

3 22 0.0189541

4 22 0.0251556

5 22 0.0312578

6 22 0.0372367

7 22 0.0430686

8 22 0.0487305

9 22 0.0542001

10 22 0.0594559

11 22 0.0644769

12 22 0.0692435

13 22 0.0737369

14 22 0.0779392

15 22 0.081834

16 22 0.0854057

17 22 0.0886405

18 22 0.0915254

19 22 0.0940491

20 22 0.0962016

21 22 0.0979745

22 22 0.0993607

23 22 0.100355

24 22 0.100953

25 22 0.101152

26 22 0.100953

27 22 0.100355

28 22 0.0993607

29 22 0.0979745

30 22 0.0962016

31 22 0.0940491

32 22 0.0915254

33 22 0.0886405

34 22 0.0854057

35 22 0.081834

36 22 0.0779392

37 22 0.0737369

38 22 0.0692435

39 22 0.0644769

40 22 0.0594559

41 22 0.0542001

42 22 0.0487305

43 22 0.0430686

44 22 0.0372367

45 22 0.0312578

46 22 0.0251556

47 22 0.0189541

48 22 0.0126778

49 22 0.00635141

50 22 0

0 23 0

1 23 0.00641495

2 23 0.0128046

3 23 0.0191437

4 23 0.0254072

5 23 0.0315705

6 23 0.0376092

7 23 0.0434995

8 23 0.049218

9 23 0.0547424

10 23 0.0600507

11 23 0.065122

12 23 0.0699363

13 23 0.0744746

14 23 0.078719

15 23 0.0826527

16 23 0.0862602

17 23 0.0895273

18 23 0.0924411

19 23 0.09499

20 23 0.0971641

21 23 0.0989547

22 23 0.100355

23 23 0.101359

24 23 0.101963

25 23 0.102164

26 23 0.101963

27 23 0.101359

28 23 0.100355

29 23 0.0989547

30 23 0.0971641

31 23 0.09499

32 23 0.0924411

33 23 0.0895273

34 23 0.0862602

35 23 0.0826527

36 23 0.078719

37 23 0.0744746

38 23 0.0699363

39 23 0.065122

40 23 0.0600507

41 23 0.0547424

42 23 0.049218

43 23 0.0434995

44 23 0.0376092

45 23 0.0315705

46 23 0.0254072

47 23 0.0191437

48 23 0.0128046

49 23 0.00641495

50 23 0

0 24 0

1 24 0.00645318

2 24 0.0128809

3 24 0.0192578

4 24 0.0255586

5 24 0.0317586

6 24 0.0378333

7 24 0.0437587

8 24 0.0495113

9 24 0.0550686

10 24 0.0604085

11 24 0.0655101

12 24 0.0703531

13 24 0.0749184

14 24 0.0791881

15 24 0.0831452

16 24 0.0867742

17 24 0.0900608

18 24 0.0929919

19 24 0.095556

20 24 0.0977431

21 24 0.0995443

22 24 0.100953

23 24 0.101963

24 24 0.10257

25 24 0.102773

26 24 0.10257

27 24 0.101963

28 24 0.100953

29 24 0.0995443

30 24 0.0977431

31 24 0.095556

32 24 0.0929919

33 24 0.0900608

34 24 0.0867742

35 24 0.0831452

36 24 0.0791881

37 24 0.0749184

38 24 0.0703531

39 24 0.0655101

40 24 0.0604085

41 24 0.0550686

42 24 0.0495113

43 24 0.0437587

44 24 0.0378333

45 24 0.0317586

46 24 0.0255586

47 24 0.0192578

48 24 0.0128809

49 24 0.00645318

50 24 0

0 25 0

1 25 0.00646594

2 25 0.0129064

3 25 0.0192958

4 25 0.0256092

5 25 0.0318214

6 25 0.0379081

7 25 0.0438452

8 25 0.0496092

9 25 0.0551775

10 25 0.060528

11 25 0.0656396

12 25 0.0704922

13 25 0.0750665

14 25 0.0793446

15 25 0.0833096

16 25 0.0869458

17 25 0.0902389

18 25 0.0931758

19 25 0.095745

20 25 0.0979363

21 25 0.0997411

22 25 0.101152

23 25 0.102164

24 25 0.102773

25 25 0.102976

26 25 0.102773

27 25 0.102164

28 25 0.101152

29 25 0.0997411

30 25 0.0979363

31 25 0.095745

32 25 0.0931758

33 25 0.0902389

34 25 0.0869458

35 25 0.0833096

36 25 0.0793446

37 25 0.0750665

38 25 0.0704922

39 25 0.0656396

40 25 0.060528

41 25 0.0551775

42 25 0.0496092

43 25 0.0438452

44 25 0.0379081

45 25 0.0318214

46 25 0.0256092

47 25 0.0192958

48 25 0.0129064

49 25 0.00646594

50 25 0

0 26 0

1 26 0.00645318

2 26 0.0128809

3 26 0.0192578

4 26 0.0255586

5 26 0.0317586

6 26 0.0378333

7 26 0.0437587

8 26 0.0495113

9 26 0.0550686

10 26 0.0604085

11 26 0.0655101

12 26 0.0703531

13 26 0.0749184

14 26 0.0791881

15 26 0.0831452

16 26 0.0867742

17 26 0.0900608

18 26 0.0929919

19 26 0.095556

20 26 0.0977431

21 26 0.0995443

22 26 0.100953

23 26 0.101963

24 26 0.10257

25 26 0.102773

26 26 0.10257

27 26 0.101963

28 26 0.100953

29 26 0.0995443

30 26 0.0977431

31 26 0.095556

32 26 0.0929919

33 26 0.0900608

34 26 0.0867742

35 26 0.0831452

36 26 0.0791881

37 26 0.0749184

38 26 0.0703531

39 26 0.0655101

40 26 0.0604085

41 26 0.0550686

42 26 0.0495113

43 26 0.0437587

44 26 0.0378333

45 26 0.0317586

46 26 0.0255586

47 26 0.0192578

48 26 0.0128809

49 26 0.00645318

50 26 0

0 27 0

1 27 0.00641495

2 27 0.0128046

3 27 0.0191437

4 27 0.0254072

5 27 0.0315705

6 27 0.0376092

7 27 0.0434995

8 27 0.049218

9 27 0.0547424

10 27 0.0600507

11 27 0.065122

12 27 0.0699363

13 27 0.0744746

14 27 0.078719

15 27 0.0826527

16 27 0.0862602

17 27 0.0895273

18 27 0.0924411

19 27 0.09499

20 27 0.0971641

21 27 0.0989547

22 27 0.100355

23 27 0.101359

24 27 0.101963

25 27 0.102164

26 27 0.101963

27 27 0.101359

28 27 0.100355

29 27 0.0989547

30 27 0.0971641

31 27 0.09499

32 27 0.0924411

33 27 0.0895273

34 27 0.0862602

35 27 0.0826527

36 27 0.078719

37 27 0.0744746

38 27 0.0699363

39 27 0.065122

40 27 0.0600507

41 27 0.0547424

42 27 0.049218

43 27 0.0434995

44 27 0.0376092

45 27 0.0315705

46 27 0.0254072

47 27 0.0191437

48 27 0.0128046

49 27 0.00641495

50 27 0

0 28 0

1 28 0.00635141

2 28 0.0126778

3 28 0.0189541

4 28 0.0251556

5 28 0.0312578

6 28 0.0372367

7 28 0.0430686

8 28 0.0487305

9 28 0.0542001

10 28 0.0594559

11 28 0.0644769

12 28 0.0692435

13 28 0.0737369

14 28 0.0779392

15 28 0.081834

16 28 0.0854057

17 28 0.0886405

18 28 0.0915254

19 28 0.0940491

20 28 0.0962016

21 28 0.0979745

22 28 0.0993607

23 28 0.100355

24 28 0.100953

25 28 0.101152

26 28 0.100953

27 28 0.100355

28 28 0.0993607

29 28 0.0979745

30 28 0.0962016

31 28 0.0940491

32 28 0.0915254

33 28 0.0886405

34 28 0.0854057

35 28 0.081834

36 28 0.0779392

37 28 0.0737369

38 28 0.0692435

39 28 0.0644769

40 28 0.0594559

41 28 0.0542001

42 28 0.0487305

43 28 0.0430686

44 28 0.0372367

45 28 0.0312578

46 28 0.0251556

47 28 0.0189541

48 28 0.0126778

49 28 0.00635141

50 28 0

0 29 0

1 29 0.0062628

2 29 0.0125009

3 29 0.0186896

4 29 0.0248046

5 29 0.0308217

6 29 0.0367172

7 29 0.0424677

8 29 0.0480507

9 29 0.053444

10 29 0.0586264

11 29 0.0635774

12 29 0.0682775

13 29 0.0727082

14 29 0.0768519

15 29 0.0806923

16 29 0.0842142

17 29 0.0874038

18 29 0.0902485

19 29 0.092737

20 29 0.0948595

21 29 0.0966076

22 29 0.0979745

23 29 0.0989547

24 29 0.0995443

25 29 0.0997411

26 29 0.0995443

27 29 0.0989547

28 29 0.0979745

29 29 0.0966076

30 29 0.0948595

31 29 0.092737

32 29 0.0902485

33 29 0.0874038

34 29 0.0842142

35 29 0.0806923

36 29 0.0768519

37 29 0.0727082

38 29 0.0682775

39 29 0.0635774

40 29 0.0586264

41 29 0.053444

42 29 0.0480507

43 29 0.0424677

44 29 0.0367172

45 29 0.0308217

46 29 0.0248046

47 29 0.0186896

48 29 0.0125009

49 29 0.0062628

50 29 0

0 30 0

1 30 0.00614947

2 30 0.0122747

3 30 0.0183514

4 30 0.0243558

5 30 0.030264

6 30 0.0360528

7 30 0.0416993

8 30 0.0471812

9 30 0.0524769

10 30 0.0575655

11 30 0.062427

12 30 0.067042

13 30 0.0713925

14 30 0.0754612

15 30 0.0792321

16 30 0.0826904

17 30 0.0858222

18 30 0.0886154

19 30 0.0910589

20 30 0.093143

21 30 0.0948595

22 30 0.0962016

23 30 0.0971641

24 30 0.0977431

25 30 0.0979363

26 30 0.0977431

27 30 0.0971641

28 30 0.0962016

29 30 0.0948595

30 30 0.093143

31 30 0.0910589

32 30 0.0886154

33 30 0.0858222

34 30 0.0826904

35 30 0.0792321

36 30 0.0754612

37 30 0.0713925

38 30 0.067042

39 30 0.062427

40 30 0.0575655

41 30 0.0524769

42 30 0.0471812

43 30 0.0416993

44 30 0.0360528

45 30 0.030264

46 30 0.0243558

47 30 0.0183514

48 30 0.0122747

49 30 0.00614947

50 30 0

0 31 0

1 31 0.00601188

2 31 0.012

3 31 0.0179408

4 31 0.0238108

5 31 0.0295868

6 31 0.0352461

7 31 0.0407662

8 31 0.0461255

9 31 0.0513027

10 31 0.0562775

11 31 0.0610301

12 31 0.0655419

13 31 0.0697951

14 31 0.0737728

15 31 0.0774593

16 31 0.0808402

17 31 0.083902

18 31 0.0866326

19 31 0.0890214

20 31 0.0910589

21 31 0.092737

22 31 0.0940491

23 31 0.09499

24 31 0.095556

25 31 0.095745

26 31 0.095556

27 31 0.09499

28 31 0.0940491

29 31 0.092737

30 31 0.0910589

31 31 0.0890214

32 31 0.0866326

33 31 0.083902

34 31 0.0808402

35 31 0.0774593

36 31 0.0737728

37 31 0.0697951

38 31 0.0655419

39 31 0.0610301

40 31 0.0562775

41 31 0.0513027

42 31 0.0461255

43 31 0.0407662

44 31 0.0352461

45 31 0.0295868

46 31 0.0238108

47 31 0.0179408

48 31 0.012

49 31 0.00601188

50 31 0

0 32 0

1 32 0.00585056

2 32 0.011678

3 32 0.0174594

4 32 0.0231719

5 32 0.0287929

6 32 0.0343003

7 32 0.0396723

8 32 0.0448878

9 32 0.0499261

10 32 0.0547673

11 32 0.0593925

12 32 0.0637832

13 32 0.0679222

14 32 0.0717932

15 32 0.0753808

16 32 0.0786709

17 32 0.0816506

18 32 0.084308

19 32 0.0866326

20 32 0.0886154

21 32 0.0902485

22 32 0.0915254

23 32 0.0924411

24 32 0.0929919

25 32 0.0931758

26 32 0.0929919

27 32 0.0924411

28 32 0.0915254

29 32 0.0902485

30 32 0.0886154

31 32 0.0866326

32 32 0.084308

33 32 0.0816506

34 32 0.0786709

35 32 0.0753808

36 32 0.0717932

37 32 0.0679222

38 32 0.0637832

39 32 0.0593925

40 32 0.0547673

41 32 0.0499261

42 32 0.0448878

43 32 0.0396723

44 32 0.0343003

45 32 0.0287929

46 32 0.0231719

47 32 0.0174594

48 32 0.011678

49 32 0.00585056

50 32 0

0 33 0

1 33 0.00566614

2 33 0.0113099

3 33 0.0169091

4 33 0.0224415

5 33 0.0278853

6 33 0.0332191

7 33 0.0384218

8 33 0.0434729

9 33 0.0483524

10 33 0.0530411

11 33 0.0575204

12 33 0.0617727

13 33 0.0657813

14 33 0.0695302

15 33 0.0730048

16 33 0.0761912

17 33 0.0790769

18 33 0.0816506

19 33 0.083902

20 33 0.0858222

21 33 0.0874038

22 33 0.0886405

23 33 0.0895273

24 33 0.0900608

25 33 0.0902389

26 33 0.0900608

27 33 0.0895273

28 33 0.0886405

29 33 0.0874038

30 33 0.0858222

31 33 0.083902

32 33 0.0816506

33 33 0.0790769

34 33 0.0761912

35 33 0.0730048

36 33 0.0695302

37 33 0.0657813

38 33 0.0617727

39 33 0.0575204

40 33 0.0530411

41 33 0.0483524

42 33 0.0434729

43 33 0.0384218

44 33 0.0332191

45 33 0.0278853

46 33 0.0224415

47 33 0.0169091

48 33 0.0113099

49 33 0.00566614

50 33 0

0 34 0

1 34 0.00545937

2 34 0.0108972

3 34 0.016292

4 34 0.0216225

5 34 0.0268677

6 34 0.0320069

7 34 0.0370197

8 34 0.0418865

9 34 0.0465879

10 34 0.0511055

11 34 0.0554213

12 34 0.0595185

13 34 0.0633808

14 34 0.0669929

15 34 0.0703406

16 34 0.0734108

17 34 0.0761912

18 34 0.0786709

19 34 0.0808402

20 34 0.0826904

21 34 0.0842142

22 34 0.0854057

23 34 0.0862602

24 34 0.0867742

25 34 0.0869458

26 34 0.0867742

27 34 0.0862602

28 34 0.0854057

29 34 0.0842142

30 34 0.0826904

31 34 0.0808402

32 34 0.0786709

33 34 0.0761912

34 34 0.0734108

35 34 0.0703406

36 34 0.0669929

37 34 0.0633808

38 34 0.0595185

39 34 0.0554213

40 34 0.0511055

41 34 0.0465879

42 34 0.0418865

43 34 0.0370197

44 34 0.0320069

45 34 0.0268677

46 34 0.0216225

47 34 0.016292

48 34 0.0108972

49 34 0.00545937

50 34 0

0 35 0

1 35 0.00523105

2 35 0.0104415

3 35 0.0156107

4 35 0.0207183

5 35 0.0257441

6 35 0.0306683

7 35 0.0354715

8 35 0.0401347

9 35 0.0446395

10 35 0.0489682

11 35 0.0531035

12 35 0.0570293

13 35 0.0607301

14 35 0.0641912

15 35 0.0673989

16 35 0.0703406

17 35 0.0730048

18 35 0.0753808

19 35 0.0774593

20 35 0.0792321

21 35 0.0806923

22 35 0.081834

23 35 0.0826527

24 35 0.0831452

25 35 0.0833096

26 35 0.0831452

27 35 0.0826527

28 35 0.081834

29 35 0.0806923

30 35 0.0792321

31 35 0.0774593

32 35 0.0753808

33 35 0.0730048

34 35 0.0703406

35 35 0.0673989

36 35 0.0641912

37 35 0.0607301

38 35 0.0570293

39 35 0.0531035

40 35 0.0489682

41 35 0.0446395

42 35 0.0401347

43 35 0.0354715

44 35 0.0306683

45 35 0.0257441

46 35 0.0207183

47 35 0.0156107

48 35 0.0104415

49 35 0.00523105

50 35 0

0 36 0

1 36 0.00498209

2 36 0.00994452

3 36 0.0148677

4 36 0.0197322

5 36 0.0245188

6 36 0.0292087

7 36 0.0337833

8 36 0.0382246

9 36 0.042515

10 36 0.0466376

11 36 0.0505762

12 36 0.0543151

13 36 0.0578397

14 36 0.0611361

15 36 0.0641912

16 36 0.0669929

17 36 0.0695302

18 36 0.0717932

19 36 0.0737728

20 36 0.0754612

21 36 0.0768519

22 36 0.0779392

23 36 0.078719

24 36 0.0791881

25 36 0.0793446

26 36 0.0791881

27 36 0.078719

28 36 0.0779392

29 36 0.0768519

30 36 0.0754612

31 36 0.0737728

32 36 0.0717932

33 36 0.0695302

34 36 0.0669929

35 36 0.0641912

36 36 0.0611361

37 36 0.0578397

38 36 0.0543151

39 36 0.0505762

40 36 0.0466376

41 36 0.042515

42 36 0.0382246

43 36 0.0337833

44 36 0.0292087

45 36 0.0245188

46 36 0.0197322

47 36 0.0148677

48 36 0.00994452

49 36 0.00498209

50 36 0

0 37 0

1 37 0.00471347

2 37 0.00940833

3 37 0.0140661

4 37 0.0186683

5 37 0.0231968

6 37 0.0276338

7 37 0.0319618

8 37 0.0361636

9 37 0.0402227

10 37 0.044123

11 37 0.0478492

12 37 0.0513866

13 37 0.0547211

14 37 0.0578397

15 37 0.0607301

16 37 0.0633808

17 37 0.0657813

18 37 0.0679222

19 37 0.0697951

20 37 0.0713925

21 37 0.0727082

22 37 0.0737369

23 37 0.0744746

24 37 0.0749184

25 37 0.0750665

26 37 0.0749184

27 37 0.0744746

28 37 0.0737369

29 37 0.0727082

30 37 0.0713925

31 37 0.0697951

32 37 0.0679222

33 37 0.0657813

34 37 0.0633808

35 37 0.0607301

36 37 0.0578397

37 37 0.0547211

38 37 0.0513866

39 37 0.0478492

40 37 0.044123

41 37 0.0402227

42 37 0.0361636

43 37 0.0319618

44 37 0.0276338

45 37 0.0231968

46 37 0.0186683

47 37 0.0140661

48 37 0.00940833

49 37 0.00471347

50 37 0

0 38 0

1 38 0.00442624

2 38 0.00883501

3 38 0.0132089

4 38 0.0175307

5 38 0.0217833

6 38 0.0259499

7 38 0.0300141

8 38 0.0339599

9 38 0.0377716

10 38 0.0414342

11 38 0.0449334

12 38 0.0482552

13 38 0.0513866

14 38 0.0543151

15 38 0.0570293

16 38 0.0595185

17 38 0.0617727

18 38 0.0637832

19 38 0.0655419

20 38 0.067042

21 38 0.0682775

22 38 0.0692435

23 38 0.0699363

24 38 0.0703531

25 38 0.0704922

26 38 0.0703531

27 38 0.0699363

28 38 0.0692435

29 38 0.0682775

30 38 0.067042

31 38 0.0655419

32 38 0.0637832

33 38 0.0617727

34 38 0.0595185

35 38 0.0570293

36 38 0.0543151

37 38 0.0513866

38 38 0.0482552

39 38 0.0449334

40 38 0.0414342

41 38 0.0377716

42 38 0.0339599

43 38 0.0300141

44 38 0.0259499

45 38 0.0217833

46 38 0.0175307

47 38 0.0132089

48 38 0.00883501

49 38 0.00442624

50 38 0

0 39 0

1 39 0.00412154

2 39 0.00822682

3 39 0.0122996

4 39 0.0163239

5 39 0.0202837

6 39 0.0241635

7 39 0.027948

8 39 0.0316221

9 39 0.0351714

10 39 0.038582

11 39 0.0418402

12 39 0.0449334

13 39 0.0478492

14 39 0.0505762

15 39 0.0531035

16 39 0.0554213

17 39 0.0575204

18 39 0.0593925

19 39 0.0610301

20 39 0.062427

21 39 0.0635774

22 39 0.0644769

23 39 0.065122

24 39 0.0655101

25 39 0.0656396

26 39 0.0655101

27 39 0.065122

28 39 0.0644769

29 39 0.0635774

30 39 0.062427

31 39 0.0610301

32 39 0.0593925

33 39 0.0575204

34 39 0.0554213

35 39 0.0531035

36 39 0.0505762

37 39 0.0478492

38 39 0.0449334

39 39 0.0418402

40 39 0.038582

41 39 0.0351714

42 39 0.0316221

43 39 0.027948

44 39 0.0241635

45 39 0.0202837

46 39 0.0163239

47 39 0.0122996

48 39 0.00822682

49 39 0.00412154

50 39 0

0 40 0

1 40 0.00380058

2 40 0.00758617

3 40 0.0113418

4 40 0.0150527

5 40 0.0187042

6 40 0.0222818

7 40 0.0257716

8 40 0.0291596

9 40 0.0324325

10 40 0.0355774

11 40 0.038582

12 40 0.0414342

13 40 0.044123

14 40 0.0466376

15 40 0.0489682

16 40 0.0511055

17 40 0.0530411

18 40 0.0547673

19 40 0.0562775

20 40 0.0575655

21 40 0.0586264

22 40 0.0594559

23 40 0.0600507

24 40 0.0604085

25 40 0.060528

26 40 0.0604085

27 40 0.0600507

28 40 0.0594559

29 40 0.0586264

30 40 0.0575655

31 40 0.0562775

32 40 0.0547673

33 40 0.0530411

34 40 0.0511055

35 40 0.0489682

36 40 0.0466376

37 40 0.044123

38 40 0.0414342

39 40 0.038582

40 40 0.0355774

41 40 0.0324325

42 40 0.0291596

43 40 0.0257716

44 40 0.0222818

45 40 0.0187042

46 40 0.0150527

47 40 0.0113418

48 40 0.00758617

49 40 0.00380058

50 40 0

0 41 0

1 41 0.00346462

2 41 0.00691557

3 41 0.0103392

4 41 0.0137221

5 41 0.0170508

6 41 0.0203122

7 41 0.0234934

8 41 0.026582

9 41 0.0295656

10 41 0.0324325

11 41 0.0351714

12 41 0.0377716

13 41 0.0402227

14 41 0.042515

15 41 0.0446395

16 41 0.0465879

17 41 0.0483524

18 41 0.0499261

19 41 0.0513027

20 41 0.0524769

21 41 0.053444

22 41 0.0542001

23 41 0.0547424

24 41 0.0550686

25 41 0.0551775

26 41 0.0550686

27 41 0.0547424

28 41 0.0542001

29 41 0.053444

30 41 0.0524769

31 41 0.0513027

32 41 0.0499261

33 41 0.0483524

34 41 0.0465879

35 41 0.0446395

36 41 0.042515

37 41 0.0402227

38 41 0.0377716

39 41 0.0351714

40 41 0.0324325

41 41 0.0295656

42 41 0.026582

43 41 0.0234934

44 41 0.0203122

45 41 0.0170508

46 41 0.0137221

47 41 0.0103392

48 41 0.00691557

49 41 0.00346462

50 41 0

0 42 0

1 42 0.00311499

2 42 0.00621769

3 42 0.00929584

4 42 0.0123373

5 42 0.0153301

6 42 0.0182624

7 42 0.0211226

8 42 0.0238994

9 42 0.026582

10 42 0.0291596

11 42 0.0316221

12 42 0.0339599

13 42 0.0361636

14 42 0.0382246

15 42 0.0401347

16 42 0.0418865

17 42 0.0434729

18 42 0.0448878

19 42 0.0461255

20 42 0.0471812

21 42 0.0480507

22 42 0.0487305

23 42 0.049218

24 42 0.0495113

25 42 0.0496092

26 42 0.0495113

27 42 0.049218

28 42 0.0487305

29 42 0.0480507

30 42 0.0471812

31 42 0.0461255

32 42 0.0448878

33 42 0.0434729

34 42 0.0418865

35 42 0.0401347

36 42 0.0382246

37 42 0.0361636

38 42 0.0339599

39 42 0.0316221

40 42 0.0291596

41 42 0.026582

42 42 0.0238994

43 42 0.0211226

44 42 0.0182624

45 42 0.0153301

46 42 0.0123373

47 42 0.00929584

48 42 0.00621769

49 42 0.00311499

50 42 0

0 43 0

1 43 0.00275306

2 43 0.00549526

3 43 0.00821577

4 43 0.0109039

5 43 0.0135489

6 43 0.0161405

7 43 0.0186684

8 43 0.0211226

9 43 0.0234934

10 43 0.0257716

11 43 0.027948

12 43 0.0300141

13 43 0.0319618

14 43 0.0337833

15 43 0.0354715

16 43 0.0370197

17 43 0.0384218

18 43 0.0396723

19 43 0.0407662

20 43 0.0416993

21 43 0.0424677

22 43 0.0430686

23 43 0.0434995

24 43 0.0437587

25 43 0.0438452

26 43 0.0437587

27 43 0.0434995

28 43 0.0430686

29 43 0.0424677

30 43 0.0416993

31 43 0.0407662

32 43 0.0396723

33 43 0.0384218

34 43 0.0370197

35 43 0.0354715

36 43 0.0337833

37 43 0.0319618

38 43 0.0300141

39 43 0.027948

40 43 0.0257716

41 43 0.0234934

42 43 0.0211226

43 43 0.0186684

44 43 0.0161405

45 43 0.0135489

46 43 0.0109039

47 43 0.00821577

48 43 0.00549526

49 43 0.00275306

50 43 0

0 44 0

1 44 0.00238027

2 44 0.00475115

3 44 0.00710327

4 44 0.00942737

5 44 0.0117143

6 44 0.0139549

7 44 0.0161405

8 44 0.0182624

9 44 0.0203122

10 44 0.0222818

11 44 0.0241635

12 44 0.0259499

13 44 0.0276338

14 44 0.0292087

15 44 0.0306683

16 44 0.0320069

17 44 0.0332191

18 44 0.0343003

19 44 0.0352461

20 44 0.0360528

21 44 0.0367172

22 44 0.0372367

23 44 0.0376092

24 44 0.0378333

25 44 0.0379081

26 44 0.0378333

27 44 0.0376092

28 44 0.0372367

29 44 0.0367172

30 44 0.0360528

31 44 0.0352461

32 44 0.0343003

33 44 0.0332191

34 44 0.0320069

35 44 0.0306683

36 44 0.0292087

37 44 0.0276338

38 44 0.0259499

39 44 0.0241635

40 44 0.0222818

41 44 0.0203122

42 44 0.0182624

43 44 0.0161405

44 44 0.0139549

45 44 0.0117143

46 44 0.00942737

47 44 0.00710327

48 44 0.00475115

49 44 0.00238027

50 44 0

0 45 0

1 45 0.00199808

2 45 0.00398828

3 45 0.00596274

4 45 0.00791367

5 45 0.00983337

6 45 0.0117143

7 45 0.0135489

8 45 0.0153301

9 45 0.0170508

10 45 0.0187042

11 45 0.0202837

12 45 0.0217833

13 45 0.0231968

14 45 0.0245188

15 45 0.0257441

16 45 0.0268677

17 45 0.0278853

18 45 0.0287929

19 45 0.0295868

20 45 0.030264

21 45 0.0308217

22 45 0.0312578

23 45 0.0315705

24 45 0.0317586

25 45 0.0318214

26 45 0.0317586

27 45 0.0315705

28 45 0.0312578

29 45 0.0308217

30 45 0.030264

31 45 0.0295868

32 45 0.0287929

33 45 0.0278853

34 45 0.0268677

35 45 0.0257441

36 45 0.0245188

37 45 0.0231968

38 45 0.0217833

39 45 0.0202837

40 45 0.0187042

41 45 0.0170508

42 45 0.0153301

43 45 0.0135489

44 45 0.0117143

45 45 0.00983337

46 45 0.00791367

47 45 0.00596274

48 45 0.00398828

49 45 0.00199808

50 45 0

0 46 0

1 46 0.00160801

2 46 0.00320968

3 46 0.00479868

4 46 0.00636874

5 46 0.00791367

6 46 0.00942737

7 46 0.0109039

8 46 0.0123373

9 46 0.0137221

10 46 0.0150527

11 46 0.0163239

12 46 0.0175307

13 46 0.0186683

14 46 0.0197322

15 46 0.0207183

16 46 0.0216225

17 46 0.0224415

18 46 0.0231719

19 46 0.0238108

20 46 0.0243558

21 46 0.0248046

22 46 0.0251556

23 46 0.0254072

24 46 0.0255586

25 46 0.0256092

26 46 0.0255586

27 46 0.0254072

28 46 0.0251556

29 46 0.0248046

30 46 0.0243558

31 46 0.0238108

32 46 0.0231719

33 46 0.0224415

34 46 0.0216225

35 46 0.0207183

36 46 0.0197322

37 46 0.0186683

38 46 0.0175307

39 46 0.0163239

40 46 0.0150527

41 46 0.0137221

42 46 0.0123373

43 46 0.0109039

44 46 0.00942737

45 46 0.00791367

46 46 0.00636874

47 46 0.00479868

48 46 0.00320968

49 46 0.00160801

50 46 0

0 47 0

1 47 0.0012116

2 47 0.00241841

3 47 0.00361568

4 47 0.00479868

5 47 0.00596274

6 47 0.00710327

7 47 0.00821577

8 47 0.00929584

9 47 0.0103392

10 47 0.0113418

11 47 0.0122996

12 47 0.0132089

13 47 0.0140661

14 47 0.0148677

15 47 0.0156107

16 47 0.016292

17 47 0.0169091

18 47 0.0174594

19 47 0.0179408

20 47 0.0183514

21 47 0.0186896

22 47 0.0189541

23 47 0.0191437

24 47 0.0192578

25 47 0.0192958

26 47 0.0192578

27 47 0.0191437

28 47 0.0189541

29 47 0.0186896

30 47 0.0183514

31 47 0.0179408

32 47 0.0174594

33 47 0.0169091

34 47 0.016292

35 47 0.0156107

36 47 0.0148677

37 47 0.0140661

38 47 0.0132089

39 47 0.0122996

40 47 0.0113418

41 47 0.0103392

42 47 0.00929584

43 47 0.00821577

44 47 0.00710327

45 47 0.00596274

46 47 0.00479868

47 47 0.00361568

48 47 0.00241841

49 47 0.0012116

50 47 0

0 48 0

1 48 0.000810397

2 48 0.0016176

3 48 0.00241841

4 48 0.00320968

5 48 0.00398828

6 48 0.00475115

7 48 0.00549526

8 48 0.00621769

9 48 0.00691557

10 48 0.00758617

11 48 0.00822682

12 48 0.00883501

13 48 0.00940833

14 48 0.00994452

15 48 0.0104415

16 48 0.0108972

17 48 0.0113099

18 48 0.011678

19 48 0.012

20 48 0.0122747

21 48 0.0125009

22 48 0.0126778

23 48 0.0128046

24 48 0.0128809

25 48 0.0129064

26 48 0.0128809

27 48 0.0128046

28 48 0.0126778

29 48 0.0125009

30 48 0.0122747

31 48 0.012

32 48 0.011678

33 48 0.0113099

34 48 0.0108972

35 48 0.0104415

36 48 0.00994452

37 48 0.00940833

38 48 0.00883501

39 48 0.00822682

40 48 0.00758617

41 48 0.00691557

42 48 0.00621769

43 48 0.00549526

44 48 0.00475115

45 48 0.00398828

46 48 0.00320968

47 48 0.00241841

48 48 0.0016176

49 48 0.000810397

50 48 0

0 49 0

1 49 0.000406

2 49 0.000810397

