0 1 0

1 1 0.00026095

2 1 0.000520871

3 1 0.000778736

4 1 0.00103353

5 1 0.00128424

6 1 0.00152988

7 1 0.00176949

8 1 0.00200211

9 1 0.00222684

10 1 0.00244277

11 1 0.00264906

12 1 0.0028449

13 1 0.00302951

14 1 0.00320217

15 1 0.00336218

16 1 0.00350893

17 1 0.00364183

18 1 0.00376036

19 1 0.00386405

20 1 0.00395248

21 1 0.00402532

22 1 0.00408228

23 1 0.00412312

24 1 0.00414769

25 1 0.00415589

26 1 0.00414769

27 1 0.00412312

28 1 0.00408228

29 1 0.00402532

30 1 0.00395248

31 1 0.00386405

32 1 0.00376036

33 1 0.00364183

34 1 0.00350893

35 1 0.00336218

36 1 0.00320217

37 1 0.00302951

38 1 0.0028449

39 1 0.00264906

40 1 0.00244277

41 1 0.00222684

42 1 0.00200211

43 1 0.00176949

44 1 0.00152988

45 1 0.00128424

46 1 0.00103353

47 1 0.000778736

48 1 0.000520871

49 1 0.00026095

50 1 0

0 2 0

1 2 0.000520871

2 2 0.00103969

3 2 0.0015544

4 2 0.00206298

5 2 0.00256341

6 2 0.00305373

7 2 0.003532

8 2 0.00399633

9 2 0.00444488

10 2 0.0048759

11 2 0.00528767

12 2 0.00567857

13 2 0.00604707

14 2 0.0063917

15 2 0.0067111

16 2 0.00700402

17 2 0.00726929

18 2 0.00750588

19 2 0.00771284

20 2 0.00788937

21 2 0.00803476

22 2 0.00814844

23 2 0.00822996

24 2 0.008279

25 2 0.00829537

26 2 0.008279

27 2 0.00822996

28 2 0.00814844

29 2 0.00803476

30 2 0.00788937

31 2 0.00771284

32 2 0.00750588

33 2 0.00726929

34 2 0.00700402

35 2 0.0067111

36 2 0.0063917

37 2 0.00604707

38 2 0.00567857

39 2 0.00528767

40 2 0.0048759

41 2 0.00444488

42 2 0.00399633

43 2 0.003532

44 2 0.00305373

45 2 0.00256341

46 2 0.00206298

47 2 0.0015544

48 2 0.00103969

49 2 0.000520871

50 2 0

0 3 0

1 3 0.000778736

2 3 0.0015544

3 3 0.00232393

4 3 0.00308428

5 3 0.00383247

6 3 0.00456553

7 3 0.00528057

8 3 0.00597477

9 3 0.00664539

10 3 0.00728978

11 3 0.00790541

12 3 0.00848984

13 3 0.00904076

14 3 0.009556

15 3 0.0100335

16 3 0.0104715

17 3 0.0108681

18 3 0.0112218

19 3 0.0115312

20 3 0.0117951

21 3 0.0120125

22 3 0.0121824

23 3 0.0123043

24 3 0.0123776

25 3 0.0124021

26 3 0.0123776

27 3 0.0123043

28 3 0.0121824

29 3 0.0120125

30 3 0.0117951

31 3 0.0115312

32 3 0.0112218

33 3 0.0108681

34 3 0.0104715

35 3 0.0100335

36 3 0.009556

37 3 0.00904076

38 3 0.00848984

39 3 0.00790541

40 3 0.00728978

41 3 0.00664539

42 3 0.00597477

43 3 0.00528057

44 3 0.00456553

45 3 0.00383247

46 3 0.00308428

47 3 0.00232393

48 3 0.0015544

49 3 0.000778736

50 3 0

0 4 0

1 4 0.00103353

2 4 0.00206298

3 4 0.00308428

4 4 0.00409342

5 4 0.0050864

6 4 0.0060593

7 4 0.0070083

8 4 0.00792963

9 4 0.00881967

10 4 0.0096749

11 4 0.010492

12 4 0.0112676

13 4 0.0119988

14 4 0.0126826

15 4 0.0133164

16 4 0.0138976

17 4 0.0144239

18 4 0.0148934

19 4 0.0153041

20 4 0.0156543

21 4 0.0159428

22 4 0.0161684

23 4 0.0163301

24 4 0.0164274

25 4 0.0164599

26 4 0.0164274

27 4 0.0163301

28 4 0.0161684

29 4 0.0159428

30 4 0.0156543

31 4 0.0153041

32 4 0.0148934

33 4 0.0144239

34 4 0.0138976

35 4 0.0133164

36 4 0.0126826

37 4 0.0119988

38 4 0.0112676

39 4 0.010492

40 4 0.0096749

41 4 0.00881967

42 4 0.00792963

43 4 0.0070083

44 4 0.0060593

45 4 0.0050864

46 4 0.00409342

47 4 0.00308428

48 4 0.00206298

49 4 0.00103353

50 4 0

0 5 0

1 5 0.00128424

2 5 0.00256341

3 5 0.00383247

4 5 0.0050864

5 5 0.00632025

6 5 0.00752917

7 5 0.00870836

8 5 0.0098532

9 5 0.0109591

10 5 0.0120218

11 5 0.0130371

12 5 0.0140009

13 5 0.0149094

14 5 0.0157591

15 5 0.0165466

16 5 0.0172688

17 5 0.0179229

18 5 0.0185062

19 5 0.0190165

20 5 0.0194517

21 5 0.0198102

22 5 0.0200905

23 5 0.0202915

24 5 0.0204124

25 5 0.0204528

26 5 0.0204124

27 5 0.0202915

28 5 0.0200905

29 5 0.0198102

30 5 0.0194517

31 5 0.0190165

32 5 0.0185062

33 5 0.0179229

34 5 0.0172688

35 5 0.0165466

36 5 0.0157591

37 5 0.0149094

38 5 0.0140009

39 5 0.0130371

40 5 0.0120218

41 5 0.0109591

42 5 0.0098532

43 5 0.00870836

44 5 0.00752917

45 5 0.00632025

46 5 0.0050864

47 5 0.00383247

48 5 0.00256341

49 5 0.00128424

50 5 0

0 6 0

1 6 0.00152988

2 6 0.00305373

3 6 0.00456553

4 6 0.0060593

5 6 0.00752917

6 6 0.00896932

7 6 0.0103741

8 6 0.0117379

9 6 0.0130554

10 6 0.0143213

11 6 0.0155308

12 6 0.0166789

13 6 0.0177612

14 6 0.0187735

15 6 0.0197116

16 6 0.020572

17 6 0.0213511

18 6 0.022046

19 6 0.0226539

20 6 0.0231724

21 6 0.0235994

22 6 0.0239333

23 6 0.0241728

24 6 0.0243168

25 6 0.0243649

26 6 0.0243168

27 6 0.0241728

28 6 0.0239333

29 6 0.0235994

30 6 0.0231724

31 6 0.0226539

32 6 0.022046

33 6 0.0213511

34 6 0.020572

35 6 0.0197116

36 6 0.0187735

37 6 0.0177612

38 6 0.0166789

39 6 0.0155308

40 6 0.0143213

41 6 0.0130554

42 6 0.0117379

43 6 0.0103741

44 6 0.00896932

45 6 0.00752917

46 6 0.0060593

47 6 0.00456553

48 6 0.00305373

49 6 0.00152988

50 6 0

0 7 0

1 7 0.00176949

2 7 0.003532

3 7 0.00528057

4 7 0.0070083

5 7 0.00870836

6 7 0.0103741

7 7 0.0119988

8 7 0.0135762

9 7 0.0151001

10 7 0.0165643

11 7 0.0179632

12 7 0.0192911

13 7 0.020543

14 7 0.0217137

15 7 0.0227988

16 7 0.0237939

17 7 0.0246951

18 7 0.0254988

19 7 0.0262019

20 7 0.0268016

21 7 0.0272955

22 7 0.0276817

23 7 0.0279586

24 7 0.0281253

25 7 0.0281809

26 7 0.0281253

27 7 0.0279586

28 7 0.0276817

29 7 0.0272955

30 7 0.0268016

31 7 0.0262019

32 7 0.0254988

33 7 0.0246951

34 7 0.0237939

35 7 0.0227988

36 7 0.0217137

37 7 0.020543

38 7 0.0192911

39 7 0.0179632

40 7 0.0165643

41 7 0.0151001

42 7 0.0135762

43 7 0.0119988

44 7 0.0103741

45 7 0.00870836

46 7 0.0070083

47 7 0.00528057

48 7 0.003532

49 7 0.00176949

50 7 0

0 8 0

1 8 0.00200211

2 8 0.00399633

3 8 0.00597477

4 8 0.00792963

5 8 0.0098532

6 8 0.0117379

7 8 0.0135762

8 8 0.015361

9 8 0.0170852

10 8 0.0187419

11 8 0.0203247

12 8 0.0218272

13 8 0.0232436

14 8 0.0245683

15 8 0.025796

16 8 0.0269219

17 8 0.0279416

18 8 0.028851

19 8 0.0296465

20 8 0.030325

21 8 0.0308839

22 8 0.0313208

23 8 0.0316342

24 8 0.0318227

25 8 0.0318856

26 8 0.0318227

27 8 0.0316342

28 8 0.0313208

29 8 0.0308839

30 8 0.030325

31 8 0.0296465

32 8 0.028851

33 8 0.0279416

34 8 0.0269219

35 8 0.025796

36 8 0.0245683

37 8 0.0232436

38 8 0.0218272

39 8 0.0203247

40 8 0.0187419

41 8 0.0170852

42 8 0.015361

43 8 0.0135762

44 8 0.0117379

45 8 0.0098532

46 8 0.00792963

47 8 0.00597477

48 8 0.00399633

49 8 0.00200211

50 8 0

0 9 0

1 9 0.00222684

2 9 0.00444488

3 9 0.00664539

4 9 0.00881967

5 9 0.0109591

6 9 0.0130554

7 9 0.0151001

8 9 0.0170852

9 9 0.0190028

10 9 0.0208455

11 9 0.0226059

12 9 0.0242771

13 9 0.0258525

14 9 0.0273259

15 9 0.0286914

16 9 0.0299437

17 9 0.0310778

18 9 0.0320893

19 9 0.0329741

20 9 0.0337288

21 9 0.0343503

22 9 0.0348364

23 9 0.0351849

24 9 0.0353945

25 9 0.0354645

26 9 0.0353945

27 9 0.0351849

28 9 0.0348364

29 9 0.0343503

30 9 0.0337288

31 9 0.0329741

32 9 0.0320893

33 9 0.0310778

34 9 0.0299437

35 9 0.0286914

36 9 0.0273259

37 9 0.0258525

38 9 0.0242771

39 9 0.0226059

40 9 0.0208455

41 9 0.0190028

42 9 0.0170852

43 9 0.0151001

44 9 0.0130554

45 9 0.0109591

46 9 0.00881967

47 9 0.00664539

48 9 0.00444488

49 9 0.00222684

50 9 0

0 10 0

1 10 0.00244277

2 10 0.0048759

3 10 0.00728978

4 10 0.0096749

5 10 0.0120218

6 10 0.0143213

7 10 0.0165643

8 10 0.0187419

9 10 0.0208455

10 10 0.0228669

11 10 0.024798

12 10 0.0266313

13 10 0.0283594

14 10 0.0299756

15 10 0.0314736

16 10 0.0328473

17 10 0.0340914

18 10 0.0352009

19 10 0.0361715

20 10 0.0369994

21 10 0.0376813

22 10 0.0382144

23 10 0.0385967

24 10 0.0388267

25 10 0.0389035

26 10 0.0388267

27 10 0.0385967

28 10 0.0382144

29 10 0.0376813

30 10 0.0369994

31 10 0.0361715

32 10 0.0352009

33 10 0.0340914

34 10 0.0328473

35 10 0.0314736

36 10 0.0299756

37 10 0.0283594

38 10 0.0266313

39 10 0.024798

40 10 0.0228669

41 10 0.0208455

42 10 0.0187419

43 10 0.0165643

44 10 0.0143213

45 10 0.0120218

46 10 0.0096749

47 10 0.00728978

48 10 0.0048759

49 10 0.00244277

50 10 0

0 11 0

1 11 0.00264906

2 11 0.00528767

3 11 0.00790541

4 11 0.010492

5 11 0.0130371

6 11 0.0155308

7 11 0.0179632

8 11 0.0203247

9 11 0.0226059

10 11 0.024798

11 11 0.0268922

12 11 0.0288803

13 11 0.0307544

14 11 0.0325071

15 11 0.0341315

16 11 0.0356213

17 11 0.0369704

18 11 0.0381737

19 11 0.0392262

20 11 0.040124

21 11 0.0408635

22 11 0.0414416

23 11 0.0418562

24 11 0.0421056

25 11 0.0421889

26 11 0.0421056

27 11 0.0418562

28 11 0.0414416

29 11 0.0408635

30 11 0.040124

31 11 0.0392262

32 11 0.0381737

33 11 0.0369704

34 11 0.0356213

35 11 0.0341315

36 11 0.0325071

37 11 0.0307544

38 11 0.0288803

39 11 0.0268922

40 11 0.024798

41 11 0.0226059

42 11 0.0203247

43 11 0.0179632

44 11 0.0155308

45 11 0.0130371

46 11 0.010492

47 11 0.00790541

48 11 0.00528767

49 11 0.00264906

50 11 0

0 12 0

1 12 0.0028449

2 12 0.00567857

3 12 0.00848984

4 12 0.0112676

5 12 0.0140009

6 12 0.0166789

7 12 0.0192911

8 12 0.0218272

9 12 0.0242771

10 12 0.0266313

11 12 0.0288803

12 12 0.0310153

13 12 0.033028

14 12 0.0349103

15 12 0.0366548

16 12 0.0382546

17 12 0.0397035

18 12 0.0409957

19 12 0.0421261

20 12 0.0430903

21 12 0.0438844

22 12 0.0445053

23 12 0.0449505

24 12 0.0452184

25 12 0.0453078

26 12 0.0452184

27 12 0.0449505

28 12 0.0445053

29 12 0.0438844

30 12 0.0430903

31 12 0.0421261

32 12 0.0409957

33 12 0.0397035

34 12 0.0382546

35 12 0.0366548

36 12 0.0349103

37 12 0.033028

38 12 0.0310153

39 12 0.0288803

40 12 0.0266313

41 12 0.0242771

42 12 0.0218272

43 12 0.0192911

44 12 0.0166789

45 12 0.0140009

46 12 0.0112676

47 12 0.00848984

48 12 0.00567857

49 12 0.0028449

50 12 0

0 13 0

1 13 0.00302951

2 13 0.00604707

3 13 0.00904076

4 13 0.0119988

5 13 0.0149094

6 13 0.0177612

7 13 0.020543

8 13 0.0232436

9 13 0.0258525

10 13 0.0283594

11 13 0.0307544

12 13 0.033028

13 13 0.0351712

14 13 0.0371757

15 13 0.0390334

16 13 0.0407371

17 13 0.04228

18 13 0.043656

19 13 0.0448598

20 13 0.0458865

21 13 0.0467321

22 13 0.0473933

23 13 0.0478675

24 13 0.0481527

25 13 0.0482479

26 13 0.0481527

27 13 0.0478675

28 13 0.0473933

29 13 0.0467321

30 13 0.0458865

31 13 0.0448598

32 13 0.043656

33 13 0.04228

34 13 0.0407371

35 13 0.0390334

36 13 0.0371757

37 13 0.0351712

38 13 0.033028

39 13 0.0307544

40 13 0.0283594

41 13 0.0258525

42 13 0.0232436

43 13 0.020543

44 13 0.0177612

45 13 0.0149094

46 13 0.0119988

47 13 0.00904076

48 13 0.00604707

49 13 0.00302951

50 13 0

0 14 0

1 14 0.00320217

2 14 0.0063917

3 14 0.009556

4 14 0.0126826

5 14 0.0157591

6 14 0.0187735

7 14 0.0217137

8 14 0.0245683

9 14 0.0273259

10 14 0.0299756

11 14 0.0325071

12 14 0.0349103

13 14 0.0371757

14 14 0.0392943

15 14 0.0412579

16 14 0.0430587

17 14 0.0446895

18 14 0.046144

19 14 0.0474164

20 14 0.0485016

21 14 0.0493954

22 14 0.0500943

23 14 0.0505955

24 14 0.050897

25 14 0.0509976

26 14 0.050897

27 14 0.0505955

28 14 0.0500943

29 14 0.0493954

30 14 0.0485016

31 14 0.0474164

32 14 0.046144

33 14 0.0446895

34 14 0.0430587

35 14 0.0412579

36 14 0.0392943

37 14 0.0371757

38 14 0.0349103

39 14 0.0325071

40 14 0.0299756

41 14 0.0273259

42 14 0.0245683

43 14 0.0217137

44 14 0.0187735

45 14 0.0157591

46 14 0.0126826

47 14 0.009556

48 14 0.0063917

49 14 0.00320217

50 14 0

0 15 0

1 15 0.00336218

2 15 0.0067111

3 15 0.0100335

4 15 0.0133164

5 15 0.0165466

6 15 0.0197116

7 15 0.0227988

8 15 0.025796

9 15 0.0286914

10 15 0.0314736

11 15 0.0341315

12 15 0.0366548

13 15 0.0390334

14 15 0.0412579

15 15 0.0433197

16 15 0.0452104

17 15 0.0469228

18 15 0.0484499

19 15 0.0497858

20 15 0.0509253

21 15 0.0518638

22 15 0.0525976

23 15 0.0531238

24 15 0.0534404

25 15 0.053546

26 15 0.0534404

27 15 0.0531238

28 15 0.0525976

29 15 0.0518638

30 15 0.0509253

31 15 0.0497858

32 15 0.0484499

33 15 0.0469228

34 15 0.0452104

35 15 0.0433197

36 15 0.0412579

37 15 0.0390334

38 15 0.0366548

39 15 0.0341315

40 15 0.0314736

41 15 0.0286914

42 15 0.025796

43 15 0.0227988

44 15 0.0197116

45 15 0.0165466

46 15 0.0133164

47 15 0.0100335

48 15 0.0067111

49 15 0.00336218

50 15 0

0 16 0

1 16 0.00350893

2 16 0.00700402

3 16 0.0104715

4 16 0.0138976

5 16 0.0172688

6 16 0.020572

7 16 0.0237939

8 16 0.0269219

9 16 0.0299437

10 16 0.0328473

11 16 0.0356213

12 16 0.0382546

13 16 0.0407371

14 16 0.0430587

15 16 0.0452104

16 16 0.0471837

17 16 0.0489708

18 16 0.0505646

19 16 0.0519588

20 16 0.053148

21 16 0.0541275

22 16 0.0548933

23 16 0.0554425

24 16 0.0557729

25 16 0.0558831

26 16 0.0557729

27 16 0.0554425

28 16 0.0548933

29 16 0.0541275

30 16 0.053148

31 16 0.0519588

32 16 0.0505646

33 16 0.0489708

34 16 0.0471837

35 16 0.0452104

36 16 0.0430587

37 16 0.0407371

38 16 0.0382546

39 16 0.0356213

40 16 0.0328473

41 16 0.0299437

42 16 0.0269219

43 16 0.0237939

44 16 0.020572

45 16 0.0172688

46 16 0.0138976

47 16 0.0104715

48 16 0.00700402

49 16 0.00350893

50 16 0

0 17 0

1 17 0.00364183

2 17 0.00726929

3 17 0.0108681

4 17 0.0144239

5 17 0.0179229

6 17 0.0213511

7 17 0.0246951

8 17 0.0279416

9 17 0.0310778

10 17 0.0340914

11 17 0.0369704

12 17 0.0397035

13 17 0.04228

14 17 0.0446895

15 17 0.0469228

16 17 0.0489708

17 17 0.0508255

18 17 0.0524797

19 17 0.0539268

20 17 0.055161

21 17 0.0561775

22 17 0.0569724

23 17 0.0575424

24 17 0.0578853

25 17 0.0579997

26 17 0.0578853

27 17 0.0575424

28 17 0.0569724

29 17 0.0561775

30 17 0.055161

31 17 0.0539268

32 17 0.0524797

33 17 0.0508255

34 17 0.0489708

35 17 0.0469228

36 17 0.0446895

37 17 0.04228

38 17 0.0397035

39 17 0.0369704

40 17 0.0340914

41 17 0.0310778

42 17 0.0279416

43 17 0.0246951

44 17 0.0213511

45 17 0.0179229

46 17 0.0144239

47 17 0.0108681

48 17 0.00726929

49 17 0.00364183

50 17 0

0 18 0

1 18 0.00376036

2 18 0.00750588

3 18 0.0112218

4 18 0.0148934

5 18 0.0185062

6 18 0.022046

7 18 0.0254988

8 18 0.028851

9 18 0.0320893

10 18 0.0352009

11 18 0.0381737

12 18 0.0409957

13 18 0.043656

14 18 0.046144

15 18 0.0484499

16 18 0.0505646

17 18 0.0524797

18 18 0.0541877

19 18 0.0556819

20 18 0.0569563

21 18 0.0580059

22 18 0.0588266

23 18 0.0594151

24 18 0.0597692

25 18 0.0598874

26 18 0.0597692

27 18 0.0594151

28 18 0.0588266

29 18 0.0580059

30 18 0.0569563

31 18 0.0556819

32 18 0.0541877

33 18 0.0524797

34 18 0.0505646

35 18 0.0484499

36 18 0.046144

37 18 0.043656

38 18 0.0409957

39 18 0.0381737

40 18 0.0352009

41 18 0.0320893

42 18 0.028851

43 18 0.0254988

44 18 0.022046

45 18 0.0185062

46 18 0.0148934

47 18 0.0112218

48 18 0.00750588

49 18 0.00376036

50 18 0

0 19 0

1 19 0.00386405

2 19 0.00771284

3 19 0.0115312

4 19 0.0153041

5 19 0.0190165

6 19 0.0226539

7 19 0.0262019

8 19 0.0296465

9 19 0.0329741

10 19 0.0361715

11 19 0.0392262

12 19 0.0421261

13 19 0.0448598

14 19 0.0474164

15 19 0.0497858

16 19 0.0519588

17 19 0.0539268

18 19 0.0556819

19 19 0.0572172

20 19 0.0585268

21 19 0.0596053

22 19 0.0604487

23 19 0.0610534

24 19 0.0614173

25 19 0.0615387

26 19 0.0614173

27 19 0.0610534

28 19 0.0604487

29 19 0.0596053

30 19 0.0585268

31 19 0.0572172

32 19 0.0556819

33 19 0.0539268

34 19 0.0519588

35 19 0.0497858

36 19 0.0474164

37 19 0.0448598

38 19 0.0421261

39 19 0.0392262

40 19 0.0361715

41 19 0.0329741

42 19 0.0296465

43 19 0.0262019

44 19 0.0226539

45 19 0.0190165

46 19 0.0153041

47 19 0.0115312

48 19 0.00771284

49 19 0.00386405

50 19 0

0 20 0

1 20 0.00395248

2 20 0.00788937

3 20 0.0117951

4 20 0.0156543

5 20 0.0194517

6 20 0.0231724

7 20 0.0268016

8 20 0.030325

9 20 0.0337288

10 20 0.0369994

11 20 0.040124

12 20 0.0430903

13 20 0.0458865

14 20 0.0485016

15 20 0.0509253

16 20 0.053148

17 20 0.055161

18 20 0.0569563

19 20 0.0585268

20 20 0.0598663

21 20 0.0609695

22 20 0.0618322

23 20 0.0624508

24 20 0.0628229

25 20 0.0629471

26 20 0.0628229

27 20 0.0624508

28 20 0.0618322

29 20 0.0609695

30 20 0.0598663

31 20 0.0585268

32 20 0.0569563

33 20 0.055161

34 20 0.053148

35 20 0.0509253

36 20 0.0485016

37 20 0.0458865

38 20 0.0430903

39 20 0.040124

40 20 0.0369994

41 20 0.0337288

42 20 0.030325

43 20 0.0268016

44 20 0.0231724

45 20 0.0194517

46 20 0.0156543

47 20 0.0117951

48 20 0.00788937

49 20 0.00395248

50 20 0

0 21 0

1 21 0.00402532

2 21 0.00803476

3 21 0.0120125

4 21 0.0159428

5 21 0.0198102

6 21 0.0235994

7 21 0.0272955

8 21 0.0308839

9 21 0.0343503

10 21 0.0376813

11 21 0.0408635

12 21 0.0438844

13 21 0.0467321

14 21 0.0493954

15 21 0.0518638

16 21 0.0541275

17 21 0.0561775

18 21 0.0580059

19 21 0.0596053

20 21 0.0609695

21 21 0.0620931

22 21 0.0629717

23 21 0.0636017

24 21 0.0639807

25 21 0.0641072

26 21 0.0639807

27 21 0.0636017

28 21 0.0629717

29 21 0.0620931

30 21 0.0609695

31 21 0.0596053

32 21 0.0580059

33 21 0.0561775

34 21 0.0541275

35 21 0.0518638

36 21 0.0493954

37 21 0.0467321

38 21 0.0438844

39 21 0.0408635

40 21 0.0376813

41 21 0.0343503

42 21 0.0308839

43 21 0.0272955

44 21 0.0235994

45 21 0.0198102

46 21 0.0159428

47 21 0.0120125

48 21 0.00803476

49 21 0.00402532

50 21 0

0 22 0

1 22 0.00408228

2 22 0.00814844

3 22 0.0121824

4 22 0.0161684

5 22 0.0200905

6 22 0.0239333

7 22 0.0276817

8 22 0.0313208

9 22 0.0348364

10 22 0.0382144

11 22 0.0414416

12 22 0.0445053

13 22 0.0473933

14 22 0.0500943

15 22 0.0525976

16 22 0.0548933

17 22 0.0569724

18 22 0.0588266

19 22 0.0604487

20 22 0.0618322

21 22 0.0629717

22 22 0.0638626

23 22 0.0645015

24 22 0.0648859

25 22 0.0650142

26 22 0.0648859

27 22 0.0645015

28 22 0.0638626

29 22 0.0629717

30 22 0.0618322

31 22 0.0604487

32 22 0.0588266

33 22 0.0569724

34 22 0.0548933

35 22 0.0525976

36 22 0.0500943

37 22 0.0473933

38 22 0.0445053

39 22 0.0414416

40 22 0.0382144

41 22 0.0348364

42 22 0.0313208

43 22 0.0276817

44 22 0.0239333

45 22 0.0200905

46 22 0.0161684

47 22 0.0121824

48 22 0.00814844

49 22 0.00408228

50 22 0

0 23 0

1 23 0.00412312

2 23 0.00822996

3 23 0.0123043

4 23 0.0163301

5 23 0.0202915

6 23 0.0241728

7 23 0.0279586

8 23 0.0316342

9 23 0.0351849

10 23 0.0385967

11 23 0.0418562

12 23 0.0449505

13 23 0.0478675

14 23 0.0505955

15 23 0.0531238

16 23 0.0554425

17 23 0.0575424

18 23 0.0594151

19 23 0.0610534

20 23 0.0624508

21 23 0.0636017

22 23 0.0645015

23 23 0.0651469

24 23 0.0655351

25 23 0.0656646

26 23 0.0655351

27 23 0.0651469

28 23 0.0645015

29 23 0.0636017

30 23 0.0624508

31 23 0.0610534

32 23 0.0594151

33 23 0.0575424

34 23 0.0554425

35 23 0.0531238

36 23 0.0505955

37 23 0.0478675

38 23 0.0449505

39 23 0.0418562

40 23 0.0385967

41 23 0.0351849

42 23 0.0316342

43 23 0.0279586

44 23 0.0241728

45 23 0.0202915

46 23 0.0163301

47 23 0.0123043

48 23 0.00822996

49 23 0.00412312

50 23 0

0 24 0

1 24 0.00414769

2 24 0.008279

3 24 0.0123776

4 24 0.0164274

5 24 0.0204124

6 24 0.0243168

7 24 0.0281253

8 24 0.0318227

9 24 0.0353945

10 24 0.0388267

11 24 0.0421056

12 24 0.0452184

13 24 0.0481527

14 24 0.050897

15 24 0.0534404

16 24 0.0557729

17 24 0.0578853

18 24 0.0597692

19 24 0.0614173

20 24 0.0628229

21 24 0.0639807

22 24 0.0648859

23 24 0.0655351

24 24 0.0659256

25 24 0.0660559

26 24 0.0659256

27 24 0.0655351

28 24 0.0648859

29 24 0.0639807

30 24 0.0628229

31 24 0.0614173

32 24 0.0597692

33 24 0.0578853

34 24 0.0557729

35 24 0.0534404

36 24 0.050897

37 24 0.0481527

38 24 0.0452184

39 24 0.0421056

40 24 0.0388267

41 24 0.0353945

42 24 0.0318227

43 24 0.0281253

44 24 0.0243168

45 24 0.0204124

46 24 0.0164274

47 24 0.0123776

48 24 0.008279

49 24 0.00414769

50 24 0

0 25 0

1 25 0.00415589

2 25 0.00829537

3 25 0.0124021

4 25 0.0164599

5 25 0.0204528

6 25 0.0243649

7 25 0.0281809

8 25 0.0318856

9 25 0.0354645

10 25 0.0389035

11 25 0.0421889

12 25 0.0453078

13 25 0.0482479

14 25 0.0509976

15 25 0.053546

16 25 0.0558831

17 25 0.0579997

18 25 0.0598874

19 25 0.0615387

20 25 0.0629471

21 25 0.0641072

22 25 0.0650142

23 25 0.0656646

24 25 0.0660559

25 25 0.0661865

26 25 0.0660559

27 25 0.0656646

28 25 0.0650142

29 25 0.0641072

30 25 0.0629471

31 25 0.0615387

32 25 0.0598874

33 25 0.0579997

34 25 0.0558831

35 25 0.053546

36 25 0.0509976

37 25 0.0482479

38 25 0.0453078

39 25 0.0421889

40 25 0.0389035

41 25 0.0354645

42 25 0.0318856

43 25 0.0281809

44 25 0.0243649

45 25 0.0204528

46 25 0.0164599

47 25 0.0124021

48 25 0.00829537

49 25 0.00415589

50 25 0

0 26 0

1 26 0.00414769

2 26 0.008279

3 26 0.0123776

4 26 0.0164274

5 26 0.0204124

6 26 0.0243168

7 26 0.0281253

8 26 0.0318227

9 26 0.0353945

10 26 0.0388267

11 26 0.0421056

12 26 0.0452184

13 26 0.0481527

14 26 0.050897

15 26 0.0534404

16 26 0.0557729

17 26 0.0578853

18 26 0.0597692

19 26 0.0614173

20 26 0.0628229

21 26 0.0639807

22 26 0.0648859

23 26 0.0655351

24 26 0.0659256

25 26 0.0660559

26 26 0.0659256

27 26 0.0655351

28 26 0.0648859

29 26 0.0639807

30 26 0.0628229

31 26 0.0614173

32 26 0.0597692

33 26 0.0578853

34 26 0.0557729

35 26 0.0534404

36 26 0.050897

37 26 0.0481527

38 26 0.0452184

39 26 0.0421056

40 26 0.0388267

41 26 0.0353945

42 26 0.0318227

43 26 0.0281253

44 26 0.0243168

45 26 0.0204124

46 26 0.0164274

47 26 0.0123776

48 26 0.008279

49 26 0.00414769

50 26 0

0 27 0

1 27 0.00412312

2 27 0.00822996

3 27 0.0123043

4 27 0.0163301

5 27 0.0202915

6 27 0.0241728

7 27 0.0279586

8 27 0.0316342

9 27 0.0351849

10 27 0.0385967

11 27 0.0418562

12 27 0.0449505

13 27 0.0478675

14 27 0.0505955

15 27 0.0531238

16 27 0.0554425

17 27 0.0575424

18 27 0.0594151

19 27 0.0610534

20 27 0.0624508

21 27 0.0636017

22 27 0.0645015

23 27 0.0651469

24 27 0.0655351

25 27 0.0656646

26 27 0.0655351

27 27 0.0651469

28 27 0.0645015

29 27 0.0636017

30 27 0.0624508

31 27 0.0610534

32 27 0.0594151

33 27 0.0575424

34 27 0.0554425

35 27 0.0531238

36 27 0.0505955

37 27 0.0478675

38 27 0.0449505

39 27 0.0418562

40 27 0.0385967

41 27 0.0351849

42 27 0.0316342

43 27 0.0279586

44 27 0.0241728

45 27 0.0202915

46 27 0.0163301

47 27 0.0123043

48 27 0.00822996

49 27 0.00412312

50 27 0

0 28 0

1 28 0.00408228

2 28 0.00814844

3 28 0.0121824

4 28 0.0161684

5 28 0.0200905

6 28 0.0239333

7 28 0.0276817

8 28 0.0313208

9 28 0.0348364

10 28 0.0382144

11 28 0.0414416

12 28 0.0445053

13 28 0.0473933

14 28 0.0500943

15 28 0.0525976

16 28 0.0548933

17 28 0.0569724

18 28 0.0588266

19 28 0.0604487

20 28 0.0618322

21 28 0.0629717

22 28 0.0638626

23 28 0.0645015

24 28 0.0648859

25 28 0.0650142

26 28 0.0648859

27 28 0.0645015

28 28 0.0638626

29 28 0.0629717

30 28 0.0618322

31 28 0.0604487

32 28 0.0588266

33 28 0.0569724

34 28 0.0548933

35 28 0.0525976

36 28 0.0500943

37 28 0.0473933

38 28 0.0445053

39 28 0.0414416

40 28 0.0382144

41 28 0.0348364

42 28 0.0313208

43 28 0.0276817

44 28 0.0239333

45 28 0.0200905

46 28 0.0161684

47 28 0.0121824

48 28 0.00814844

49 28 0.00408228

50 28 0

0 29 0

1 29 0.00402532

2 29 0.00803476

3 29 0.0120125

4 29 0.0159428

5 29 0.0198102

6 29 0.0235994

7 29 0.0272955

8 29 0.0308839

9 29 0.0343503

10 29 0.0376813

11 29 0.0408635

12 29 0.0438844

13 29 0.0467321

14 29 0.0493954

15 29 0.0518638

16 29 0.0541275

17 29 0.0561775

18 29 0.0580059

19 29 0.0596053

20 29 0.0609695

21 29 0.0620931

22 29 0.0629717

23 29 0.0636017

24 29 0.0639807

25 29 0.0641072

26 29 0.0639807

27 29 0.0636017

28 29 0.0629717

29 29 0.0620931

30 29 0.0609695

31 29 0.0596053

32 29 0.0580059

33 29 0.0561775

34 29 0.0541275

35 29 0.0518638

36 29 0.0493954

37 29 0.0467321

38 29 0.0438844

39 29 0.0408635

40 29 0.0376813

41 29 0.0343503

42 29 0.0308839

43 29 0.0272955

44 29 0.0235994

45 29 0.0198102

46 29 0.0159428

47 29 0.0120125

48 29 0.00803476

49 29 0.00402532

50 29 0

0 30 0

1 30 0.00395248

2 30 0.00788937

3 30 0.0117951

4 30 0.0156543

5 30 0.0194517

6 30 0.0231724

7 30 0.0268016

8 30 0.030325

9 30 0.0337288

10 30 0.0369994

11 30 0.040124

12 30 0.0430903

13 30 0.0458865

14 30 0.0485016

15 30 0.0509253

16 30 0.053148

17 30 0.055161

18 30 0.0569563

19 30 0.0585268

20 30 0.0598663

21 30 0.0609695

22 30 0.0618322

23 30 0.0624508

24 30 0.0628229

25 30 0.0629471

26 30 0.0628229

27 30 0.0624508

28 30 0.0618322

29 30 0.0609695

30 30 0.0598663

31 30 0.0585268

32 30 0.0569563

33 30 0.055161

34 30 0.053148

35 30 0.0509253

36 30 0.0485016

37 30 0.0458865

38 30 0.0430903

39 30 0.040124

40 30 0.0369994

41 30 0.0337288

42 30 0.030325

43 30 0.0268016

44 30 0.0231724

45 30 0.0194517

46 30 0.0156543

47 30 0.0117951

48 30 0.00788937

49 30 0.00395248

50 30 0

0 31 0

1 31 0.00386405

2 31 0.00771284

3 31 0.0115312

4 31 0.0153041

5 31 0.0190165

6 31 0.0226539

7 31 0.0262019

8 31 0.0296465

9 31 0.0329741

10 31 0.0361715

11 31 0.0392262

12 31 0.0421261

13 31 0.0448598

14 31 0.0474164

15 31 0.0497858

16 31 0.0519588

17 31 0.0539268

18 31 0.0556819

19 31 0.0572172

20 31 0.0585268

21 31 0.0596053

22 31 0.0604487

23 31 0.0610534

24 31 0.0614173

25 31 0.0615387

26 31 0.0614173

27 31 0.0610534

28 31 0.0604487

29 31 0.0596053

30 31 0.0585268

31 31 0.0572172

32 31 0.0556819

33 31 0.0539268

34 31 0.0519588

35 31 0.0497858

36 31 0.0474164

37 31 0.0448598

38 31 0.0421261

39 31 0.0392262

40 31 0.0361715

41 31 0.0329741

42 31 0.0296465

43 31 0.0262019

44 31 0.0226539

45 31 0.0190165

46 31 0.0153041

47 31 0.0115312

48 31 0.00771284

49 31 0.00386405

50 31 0

0 32 0

1 32 0.00376036

2 32 0.00750588

3 32 0.0112218

4 32 0.0148934

5 32 0.0185062

6 32 0.022046

7 32 0.0254988

8 32 0.028851

9 32 0.0320893

10 32 0.0352009

11 32 0.0381737

12 32 0.0409957

13 32 0.043656

14 32 0.046144

15 32 0.0484499

16 32 0.0505646

17 32 0.0524797

18 32 0.0541877

19 32 0.0556819

20 32 0.0569563

21 32 0.0580059

22 32 0.0588266

23 32 0.0594151

24 32 0.0597692

25 32 0.0598874

26 32 0.0597692

27 32 0.0594151

28 32 0.0588266

29 32 0.0580059

30 32 0.0569563

31 32 0.0556819

32 32 0.0541877

33 32 0.0524797

34 32 0.0505646

35 32 0.0484499

36 32 0.046144

37 32 0.043656

38 32 0.0409957

39 32 0.0381737

40 32 0.0352009

41 32 0.0320893

42 32 0.028851

43 32 0.0254988

44 32 0.022046

45 32 0.0185062

46 32 0.0148934

47 32 0.0112218

48 32 0.00750588

49 32 0.00376036

50 32 0

0 33 0

1 33 0.00364183

2 33 0.00726929

3 33 0.0108681

4 33 0.0144239

5 33 0.0179229

6 33 0.0213511

7 33 0.0246951

8 33 0.0279416

9 33 0.0310778

10 33 0.0340914

11 33 0.0369704

12 33 0.0397035

13 33 0.04228

14 33 0.0446895

15 33 0.0469228

16 33 0.0489708

17 33 0.0508255

18 33 0.0524797

19 33 0.0539268

20 33 0.055161

21 33 0.0561775

22 33 0.0569724

23 33 0.0575424

24 33 0.0578853

25 33 0.0579997

26 33 0.0578853

27 33 0.0575424

28 33 0.0569724

29 33 0.0561775

30 33 0.055161

31 33 0.0539268

32 33 0.0524797

33 33 0.0508255

34 33 0.0489708

35 33 0.0469228

36 33 0.0446895

37 33 0.04228

38 33 0.0397035

39 33 0.0369704

40 33 0.0340914

41 33 0.0310778

42 33 0.0279416

43 33 0.0246951

44 33 0.0213511

45 33 0.0179229

46 33 0.0144239

47 33 0.0108681

48 33 0.00726929

49 33 0.00364183

50 33 0

0 34 0

1 34 0.00350893

2 34 0.00700402

3 34 0.0104715

4 34 0.0138976

5 34 0.0172688

6 34 0.020572

7 34 0.0237939

8 34 0.0269219

9 34 0.0299437

10 34 0.0328473

11 34 0.0356213

12 34 0.0382546

13 34 0.0407371

14 34 0.0430587

15 34 0.0452104

16 34 0.0471837

17 34 0.0489708

18 34 0.0505646

19 34 0.0519588

20 34 0.053148

21 34 0.0541275

22 34 0.0548933

23 34 0.0554425

24 34 0.0557729

25 34 0.0558831

26 34 0.0557729

27 34 0.0554425

28 34 0.0548933

29 34 0.0541275

30 34 0.053148

31 34 0.0519588

32 34 0.0505646

33 34 0.0489708

34 34 0.0471837

35 34 0.0452104

36 34 0.0430587

37 34 0.0407371

38 34 0.0382546

39 34 0.0356213

40 34 0.0328473

41 34 0.0299437

42 34 0.0269219

43 34 0.0237939

44 34 0.020572

45 34 0.0172688

46 34 0.0138976

47 34 0.0104715

48 34 0.00700402

49 34 0.00350893

50 34 0

0 35 0

1 35 0.00336218

2 35 0.0067111

3 35 0.0100335

4 35 0.0133164

5 35 0.0165466

6 35 0.0197116

7 35 0.0227988

8 35 0.025796

9 35 0.0286914

10 35 0.0314736

11 35 0.0341315

12 35 0.0366548

13 35 0.0390334

14 35 0.0412579

15 35 0.0433197

16 35 0.0452104

17 35 0.0469228

18 35 0.0484499

19 35 0.0497858

20 35 0.0509253

21 35 0.0518638

22 35 0.0525976

23 35 0.0531238

24 35 0.0534404

25 35 0.053546

26 35 0.0534404

27 35 0.0531238

28 35 0.0525976

29 35 0.0518638

30 35 0.0509253

31 35 0.0497858

32 35 0.0484499

33 35 0.0469228

34 35 0.0452104

35 35 0.0433197

36 35 0.0412579

37 35 0.0390334

38 35 0.0366548

39 35 0.0341315

40 35 0.0314736

41 35 0.0286914

42 35 0.025796

43 35 0.0227988

44 35 0.0197116

45 35 0.0165466

46 35 0.0133164

47 35 0.0100335

48 35 0.0067111

49 35 0.00336218

50 35 0

0 36 0

1 36 0.00320217

2 36 0.0063917

3 36 0.009556

4 36 0.0126826

5 36 0.0157591

6 36 0.0187735

7 36 0.0217137

8 36 0.0245683

9 36 0.0273259

10 36 0.0299756

11 36 0.0325071

12 36 0.0349103

13 36 0.0371757

14 36 0.0392943

15 36 0.0412579

16 36 0.0430587

17 36 0.0446895

18 36 0.046144

19 36 0.0474164

20 36 0.0485016

21 36 0.0493954

22 36 0.0500943

23 36 0.0505955

24 36 0.050897

25 36 0.0509976

26 36 0.050897

27 36 0.0505955

28 36 0.0500943

29 36 0.0493954

30 36 0.0485016

31 36 0.0474164

32 36 0.046144

33 36 0.0446895

34 36 0.0430587

35 36 0.0412579

36 36 0.0392943

37 36 0.0371757

38 36 0.0349103

39 36 0.0325071

40 36 0.0299756

41 36 0.0273259

42 36 0.0245683

43 36 0.0217137

44 36 0.0187735

45 36 0.0157591

46 36 0.0126826

47 36 0.009556

48 36 0.0063917

49 36 0.00320217

50 36 0

0 37 0

1 37 0.00302951

2 37 0.00604707

3 37 0.00904076

4 37 0.0119988

5 37 0.0149094

6 37 0.0177612

7 37 0.020543

8 37 0.0232436

9 37 0.0258525

10 37 0.0283594

11 37 0.0307544

12 37 0.033028

13 37 0.0351712

14 37 0.0371757

15 37 0.0390334

16 37 0.0407371

17 37 0.04228

18 37 0.043656

19 37 0.0448598

20 37 0.0458865

21 37 0.0467321

22 37 0.0473933

23 37 0.0478675

24 37 0.0481527

25 37 0.0482479

26 37 0.0481527

27 37 0.0478675

28 37 0.0473933

29 37 0.0467321

30 37 0.0458865

31 37 0.0448598

32 37 0.043656

33 37 0.04228

34 37 0.0407371

35 37 0.0390334

36 37 0.0371757

37 37 0.0351712

38 37 0.033028

39 37 0.0307544

40 37 0.0283594

41 37 0.0258525

42 37 0.0232436

43 37 0.020543

44 37 0.0177612

45 37 0.0149094

46 37 0.0119988

47 37 0.00904076

48 37 0.00604707

49 37 0.00302951

50 37 0

0 38 0

1 38 0.0028449

2 38 0.00567857

3 38 0.00848984

4 38 0.0112676

5 38 0.0140009

6 38 0.0166789

7 38 0.0192911

8 38 0.0218272

9 38 0.0242771

10 38 0.0266313

11 38 0.0288803

12 38 0.0310153

13 38 0.033028

14 38 0.0349103

15 38 0.0366548

16 38 0.0382546

17 38 0.0397035

18 38 0.0409957

19 38 0.0421261

20 38 0.0430903

21 38 0.0438844

22 38 0.0445053

23 38 0.0449505

24 38 0.0452184

25 38 0.0453078

26 38 0.0452184

27 38 0.0449505

28 38 0.0445053

29 38 0.0438844

30 38 0.0430903

31 38 0.0421261

32 38 0.0409957

33 38 0.0397035

34 38 0.0382546

35 38 0.0366548

36 38 0.0349103

37 38 0.033028

38 38 0.0310153

39 38 0.0288803

40 38 0.0266313

41 38 0.0242771

42 38 0.0218272

43 38 0.0192911

44 38 0.0166789

45 38 0.0140009

46 38 0.0112676

47 38 0.00848984

48 38 0.00567857

49 38 0.0028449

50 38 0

0 39 0

1 39 0.00264906

2 39 0.00528767

3 39 0.00790541

4 39 0.010492

5 39 0.0130371

6 39 0.0155308

7 39 0.0179632

8 39 0.0203247

9 39 0.0226059

10 39 0.024798

11 39 0.0268922

12 39 0.0288803

13 39 0.0307544

14 39 0.0325071

15 39 0.0341315

16 39 0.0356213

17 39 0.0369704

18 39 0.0381737

19 39 0.0392262

20 39 0.040124

21 39 0.0408635

22 39 0.0414416

23 39 0.0418562

24 39 0.0421056

25 39 0.0421889

26 39 0.0421056

27 39 0.0418562

28 39 0.0414416

29 39 0.0408635

30 39 0.040124

31 39 0.0392262

32 39 0.0381737

33 39 0.0369704

34 39 0.0356213

35 39 0.0341315

36 39 0.0325071

37 39 0.0307544

38 39 0.0288803

39 39 0.0268922

40 39 0.024798

41 39 0.0226059

42 39 0.0203247

43 39 0.0179632

44 39 0.0155308

45 39 0.0130371

46 39 0.010492

47 39 0.00790541

48 39 0.00528767

49 39 0.00264906

50 39 0

0 40 0

1 40 0.00244277

2 40 0.0048759

3 40 0.00728978

4 40 0.0096749

5 40 0.0120218

6 40 0.0143213

7 40 0.0165643

8 40 0.0187419

9 40 0.0208455

10 40 0.0228669

11 40 0.024798

12 40 0.0266313

13 40 0.0283594

14 40 0.0299756

15 40 0.0314736

16 40 0.0328473

17 40 0.0340914

18 40 0.0352009

19 40 0.0361715

20 40 0.0369994

21 40 0.0376813

22 40 0.0382144

23 40 0.0385967

24 40 0.0388267

25 40 0.0389035

26 40 0.0388267

27 40 0.0385967

28 40 0.0382144

29 40 0.0376813

30 40 0.0369994

31 40 0.0361715

32 40 0.0352009

33 40 0.0340914

34 40 0.0328473

35 40 0.0314736

36 40 0.0299756

37 40 0.0283594

38 40 0.0266313

39 40 0.024798

40 40 0.0228669

41 40 0.0208455

42 40 0.0187419

43 40 0.0165643

44 40 0.0143213

45 40 0.0120218

46 40 0.0096749

47 40 0.00728978

48 40 0.0048759

49 40 0.00244277

50 40 0

0 41 0

1 41 0.00222684

2 41 0.00444488

3 41 0.00664539

4 41 0.00881967

5 41 0.0109591

6 41 0.0130554

7 41 0.0151001

8 41 0.0170852

9 41 0.0190028

10 41 0.0208455

11 41 0.0226059

12 41 0.0242771

13 41 0.0258525

14 41 0.0273259

15 41 0.0286914

16 41 0.0299437

17 41 0.0310778

18 41 0.0320893

19 41 0.0329741

20 41 0.0337288

21 41 0.0343503

22 41 0.0348364

23 41 0.0351849

24 41 0.0353945

25 41 0.0354645

26 41 0.0353945

27 41 0.0351849

28 41 0.0348364

29 41 0.0343503

30 41 0.0337288

31 41 0.0329741

32 41 0.0320893

33 41 0.0310778

34 41 0.0299437

35 41 0.0286914

36 41 0.0273259

37 41 0.0258525

38 41 0.0242771

39 41 0.0226059

40 41 0.0208455

41 41 0.0190028

42 41 0.0170852

43 41 0.0151001

44 41 0.0130554

45 41 0.0109591

46 41 0.00881967

47 41 0.00664539

48 41 0.00444488

49 41 0.00222684

50 41 0

0 42 0

1 42 0.00200211

2 42 0.00399633

3 42 0.00597477

4 42 0.00792963

5 42 0.0098532

6 42 0.0117379

7 42 0.0135762

8 42 0.015361

9 42 0.0170852

10 42 0.0187419

11 42 0.0203247

12 42 0.0218272

13 42 0.0232436

14 42 0.0245683

15 42 0.025796

16 42 0.0269219

17 42 0.0279416

18 42 0.028851

19 42 0.0296465

20 42 0.030325

21 42 0.0308839

22 42 0.0313208

23 42 0.0316342

24 42 0.0318227

25 42 0.0318856

26 42 0.0318227

27 42 0.0316342

28 42 0.0313208

29 42 0.0308839

30 42 0.030325

31 42 0.0296465

32 42 0.028851

33 42 0.0279416

34 42 0.0269219

35 42 0.025796

36 42 0.0245683

37 42 0.0232436

38 42 0.0218272

39 42 0.0203247

40 42 0.0187419

41 42 0.0170852

42 42 0.015361

43 42 0.0135762

44 42 0.0117379

45 42 0.0098532

46 42 0.00792963

47 42 0.00597477

48 42 0.00399633

49 42 0.00200211

50 42 0

0 43 0

1 43 0.00176949

2 43 0.003532

3 43 0.00528057

4 43 0.0070083

5 43 0.00870836

6 43 0.0103741

7 43 0.0119988

8 43 0.0135762

9 43 0.0151001

10 43 0.0165643

11 43 0.0179632

12 43 0.0192911

13 43 0.020543

14 43 0.0217137

15 43 0.0227988

16 43 0.0237939

17 43 0.0246951

18 43 0.0254988

19 43 0.0262019

20 43 0.0268016

21 43 0.0272955

22 43 0.0276817

23 43 0.0279586

24 43 0.0281253

25 43 0.0281809

26 43 0.0281253

27 43 0.0279586

28 43 0.0276817

29 43 0.0272955

30 43 0.0268016

31 43 0.0262019

32 43 0.0254988

33 43 0.0246951

34 43 0.0237939

35 43 0.0227988

36 43 0.0217137

37 43 0.020543

38 43 0.0192911

39 43 0.0179632

40 43 0.0165643

41 43 0.0151001

42 43 0.0135762

43 43 0.0119988

44 43 0.0103741

45 43 0.00870836

46 43 0.0070083

47 43 0.00528057

48 43 0.003532

49 43 0.00176949

50 43 0

0 44 0

1 44 0.00152988

2 44 0.00305373

3 44 0.00456553

4 44 0.0060593

5 44 0.00752917

6 44 0.00896932

7 44 0.0103741

8 44 0.0117379

9 44 0.0130554

10 44 0.0143213

11 44 0.0155308

12 44 0.0166789

13 44 0.0177612

14 44 0.0187735

15 44 0.0197116

16 44 0.020572

17 44 0.0213511

18 44 0.022046

19 44 0.0226539

20 44 0.0231724

21 44 0.0235994

22 44 0.0239333

23 44 0.0241728

24 44 0.0243168

25 44 0.0243649

26 44 0.0243168

27 44 0.0241728

28 44 0.0239333

29 44 0.0235994

30 44 0.0231724

31 44 0.0226539

32 44 0.022046

33 44 0.0213511

34 44 0.020572

35 44 0.0197116

36 44 0.0187735

37 44 0.0177612

38 44 0.0166789

39 44 0.0155308

40 44 0.0143213

41 44 0.0130554

42 44 0.0117379

43 44 0.0103741

44 44 0.00896932

45 44 0.00752917

46 44 0.0060593

47 44 0.00456553

48 44 0.00305373

49 44 0.00152988

50 44 0

0 45 0

1 45 0.00128424

2 45 0.00256341

3 45 0.00383247

4 45 0.0050864

5 45 0.00632025

6 45 0.00752917

7 45 0.00870836

8 45 0.0098532

9 45 0.0109591

10 45 0.0120218

11 45 0.0130371

12 45 0.0140009

13 45 0.0149094

14 45 0.0157591

15 45 0.0165466

16 45 0.0172688

17 45 0.0179229

18 45 0.0185062

19 45 0.0190165

20 45 0.0194517

21 45 0.0198102

22 45 0.0200905

23 45 0.0202915

24 45 0.0204124

25 45 0.0204528

26 45 0.0204124

27 45 0.0202915

28 45 0.0200905

29 45 0.0198102

30 45 0.0194517

31 45 0.0190165

32 45 0.0185062

33 45 0.0179229

34 45 0.0172688

35 45 0.0165466

36 45 0.0157591

37 45 0.0149094

38 45 0.0140009

39 45 0.0130371

40 45 0.0120218

41 45 0.0109591

42 45 0.0098532

43 45 0.00870836

44 45 0.00752917

45 45 0.00632025

46 45 0.0050864

47 45 0.00383247

48 45 0.00256341

49 45 0.00128424

50 45 0

0 46 0

1 46 0.00103353

2 46 0.00206298

3 46 0.00308428

4 46 0.00409342

5 46 0.0050864

6 46 0.0060593

7 46 0.0070083

8 46 0.00792963

9 46 0.00881967

10 46 0.0096749

11 46 0.010492

12 46 0.0112676

13 46 0.0119988

14 46 0.0126826

15 46 0.0133164

16 46 0.0138976

17 46 0.0144239

18 46 0.0148934

19 46 0.0153041

20 46 0.0156543

21 46 0.0159428

22 46 0.0161684

23 46 0.0163301

24 46 0.0164274

25 46 0.0164599

26 46 0.0164274

27 46 0.0163301

28 46 0.0161684

29 46 0.0159428

30 46 0.0156543

31 46 0.0153041

32 46 0.0148934

33 46 0.0144239

34 46 0.0138976

35 46 0.0133164

36 46 0.0126826

37 46 0.0119988

38 46 0.0112676

39 46 0.010492

40 46 0.0096749

41 46 0.00881967

42 46 0.00792963

43 46 0.0070083

44 46 0.0060593

45 46 0.0050864

46 46 0.00409342

47 46 0.00308428

48 46 0.00206298

49 46 0.00103353

50 46 0

0 47 0

1 47 0.000778736

2 47 0.0015544

3 47 0.00232393

4 47 0.00308428

5 47 0.00383247

6 47 0.00456553

7 47 0.00528057

8 47 0.00597477

9 47 0.00664539

10 47 0.00728978

11 47 0.00790541

12 47 0.00848984

13 47 0.00904076

14 47 0.009556

15 47 0.0100335

16 47 0.0104715

17 47 0.0108681

18 47 0.0112218

19 47 0.0115312

20 47 0.0117951

21 47 0.0120125

22 47 0.0121824

23 47 0.0123043

24 47 0.0123776

25 47 0.0124021

26 47 0.0123776

27 47 0.0123043

28 47 0.0121824

29 47 0.0120125

30 47 0.0117951

31 47 0.0115312

32 47 0.0112218

33 47 0.0108681

34 47 0.0104715

35 47 0.0100335

36 47 0.009556

37 47 0.00904076

38 47 0.00848984

39 47 0.00790541

40 47 0.00728978

41 47 0.00664539

42 47 0.00597477

43 47 0.00528057

44 47 0.00456553

45 47 0.00383247

46 47 0.00308428

47 47 0.00232393

48 47 0.0015544

49 47 0.000778736

50 47 0

0 48 0

1 48 0.000520871

2 48 0.00103969

3 48 0.0015544

4 48 0.00206298

5 48 0.00256341

6 48 0.00305373

7 48 0.003532

8 48 0.00399633

9 48 0.00444488

10 48 0.0048759

11 48 0.00528767

12 48 0.00567857

13 48 0.00604707

14 48 0.0063917

15 48 0.0067111

16 48 0.00700402

17 48 0.00726929

18 48 0.00750588

19 48 0.00771284

20 48 0.00788937

21 48 0.00803476

22 48 0.00814844

23 48 0.00822996

24 48 0.008279

25 48 0.00829537

26 48 0.008279

27 48 0.00822996

28 48 0.00814844

29 48 0.00803476

30 48 0.00788937

31 48 0.00771284

32 48 0.00750588

33 48 0.00726929

34 48 0.00700402

35 48 0.0067111

36 48 0.0063917

37 48 0.00604707

38 48 0.00567857

39 48 0.00528767

40 48 0.0048759

