0 1 0

1 1 0.00128532

2 1 0.00256558

3 1 0.0038357

4 1 0.00509069

5 1 0.00632559

6 1 0.00753553

7 1 0.00871572

8 1 0.00986152

9 1 0.0109684

10 1 0.012032

11 1 0.0130481

12 1 0.0140127

13 1 0.014922

14 1 0.0157724

15 1 0.0165606

16 1 0.0172834

17 1 0.017938

18 1 0.0185218

19 1 0.0190326

20 1 0.0194682

21 1 0.0198269

22 1 0.0201075

23 1 0.0203086

24 1 0.0204297

25 1 0.02047

26 1 0.0204297

27 1 0.0203086

28 1 0.0201075

29 1 0.0198269

30 1 0.0194682

31 1 0.0190326

32 1 0.0185218

33 1 0.017938

34 1 0.0172834

35 1 0.0165606

36 1 0.0157724

37 1 0.014922

38 1 0.0140127

39 1 0.0130481

40 1 0.012032

41 1 0.0109684

42 1 0.00986152

43 1 0.00871572

44 1 0.00753553

45 1 0.00632559

46 1 0.00509069

47 1 0.0038357

48 1 0.00256558

49 1 0.00128532

50 1 0

0 2 0

1 2 0.00256558

2 2 0.00512103

3 2 0.00765627

4 2 0.0101613

5 2 0.0126262

6 2 0.0150413

7 2 0.017397

8 2 0.0196841

9 2 0.0218935

10 2 0.0240165

11 2 0.0260447

12 2 0.0279701

13 2 0.0297851

14 2 0.0314826

15 2 0.0330559

16 2 0.0344987

17 2 0.0358053

18 2 0.0369706

19 2 0.03799

20 2 0.0388595

21 2 0.0395756

22 2 0.0401356

23 2 0.0405371

24 2 0.0407787

25 2 0.0408593

26 2 0.0407787

27 2 0.0405371

28 2 0.0401356

29 2 0.0395756

30 2 0.0388595

31 2 0.03799

32 2 0.0369706

33 2 0.0358053

34 2 0.0344987

35 2 0.0330559

36 2 0.0314826

37 2 0.0297851

38 2 0.0279701

39 2 0.0260447

40 2 0.0240165

41 2 0.0218935

42 2 0.0196841

43 2 0.017397

44 2 0.0150413

45 2 0.0126262

46 2 0.0101613

47 2 0.00765627

48 2 0.00512103

49 2 0.00256558

50 2 0

0 3 0

1 3 0.0038357

2 3 0.00765627

3 3 0.0114466

4 3 0.0151918

5 3 0.018877

6 3 0.0224877

7 3 0.0260097

8 3 0.029429

9 3 0.0327322

10 3 0.0359062

11 3 0.0389385

12 3 0.0418171

13 3 0.0445307

14 3 0.0470686

15 3 0.0494207

16 3 0.0515777

17 3 0.0535312

18 3 0.0552734

19 3 0.0567975

20 3 0.0580975

21 3 0.0591681

22 3 0.0600053

23 3 0.0606056

24 3 0.0609668

25 3 0.0610873

26 3 0.0609668

27 3 0.0606056

28 3 0.0600053

29 3 0.0591681

30 3 0.0580975

31 3 0.0567975

32 3 0.0552734

33 3 0.0535312

34 3 0.0515777

35 3 0.0494207

36 3 0.0470686

37 3 0.0445307

38 3 0.0418171

39 3 0.0389385

40 3 0.0359062

41 3 0.0327322

42 3 0.029429

43 3 0.0260097

44 3 0.0224877

45 3 0.018877

46 3 0.0151918

47 3 0.0114466

48 3 0.00765627

49 3 0.0038357

50 3 0

0 4 0

1 4 0.00509069

2 4 0.0101613

3 4 0.0151918

4 4 0.0201623

5 4 0.0250533

6 4 0.0298454

7 4 0.0345197

8 4 0.0390578

9 4 0.0434417

10 4 0.0476542

11 4 0.0516787

12 4 0.0554991

13 4 0.0591006

14 4 0.0624688

15 4 0.0655904

16 4 0.0684532

17 4 0.0710459

18 4 0.0733582

19 4 0.0753809

20 4 0.0771062

21 4 0.0785271

22 4 0.0796382

23 4 0.0804349

24 4 0.0809142

25 4 0.0810742

26 4 0.0809142

27 4 0.0804349

28 4 0.0796382

29 4 0.0785271

30 4 0.0771062

31 4 0.0753809

32 4 0.0733582

33 4 0.0710459

34 4 0.0684532

35 4 0.0655904

36 4 0.0624688

37 4 0.0591006

38 4 0.0554991

39 4 0.0516787

40 4 0.0476542

41 4 0.0434417

42 4 0.0390578

43 4 0.0345197

44 4 0.0298454

45 4 0.0250533

46 4 0.0201623

47 4 0.0151918

48 4 0.0101613

49 4 0.00509069

50 4 0

0 5 0

1 5 0.00632559

2 5 0.0126262

3 5 0.018877

4 5 0.0250533

5 5 0.0311307

6 5 0.0370853

7 5 0.0428935

8 5 0.0485324

9 5 0.0539798

10 5 0.0592142

11 5 0.0642149

12 5 0.0689621

13 5 0.0734372

14 5 0.0776224

15 5 0.0815013

16 5 0.0850586

17 5 0.0882802

18 5 0.0911534

19 5 0.0936668

20 5 0.0958106

21 5 0.0975762

22 5 0.0989568

23 5 0.0999468

24 5 0.100542

25 5 0.100741

26 5 0.100542

27 5 0.0999468

28 5 0.0989568

29 5 0.0975762

30 5 0.0958106

31 5 0.0936668

32 5 0.0911534

33 5 0.0882802

34 5 0.0850586

35 5 0.0815013

36 5 0.0776224

37 5 0.0734372

38 5 0.0689621

39 5 0.0642149

40 5 0.0592142

41 5 0.0539798

42 5 0.0485324

43 5 0.0428935

44 5 0.0370853

45 5 0.0311307

46 5 0.0250533

47 5 0.018877

48 5 0.0126262

49 5 0.00632559

50 5 0

0 6 0

1 6 0.00753553

2 6 0.0150413

3 6 0.0224877

4 6 0.0298454

5 6 0.0370853

6 6 0.0441788

7 6 0.051098

8 6 0.0578155

9 6 0.0643049

10 6 0.0705404

11 6 0.0764976

12 6 0.0821529

13 6 0.0874839

14 6 0.0924697

15 6 0.0970906

16 6 0.101328

17 6 0.105166

18 6 0.108589

19 6 0.111583

20 6 0.114137

21 6 0.11624

22 6 0.117885

23 6 0.119064

24 6 0.119774

25 6 0.120011

26 6 0.119774

27 6 0.119064

28 6 0.117885

29 6 0.11624

30 6 0.114137

31 6 0.111583

32 6 0.108589

33 6 0.105166

34 6 0.101328

35 6 0.0970906

36 6 0.0924697

37 6 0.0874839

38 6 0.0821529

39 6 0.0764976

40 6 0.0705404

41 6 0.0643049

42 6 0.0578155

43 6 0.051098

44 6 0.0441788

45 6 0.0370853

46 6 0.0298454

47 6 0.0224877

48 6 0.0150413

49 6 0.00753553

50 6 0

0 7 0

1 7 0.00871572

2 7 0.017397

3 7 0.0260097

4 7 0.0345197

5 7 0.0428935

6 7 0.051098

7 7 0.0591009

8 7 0.0668705

9 7 0.0743761

10 7 0.0815883

11 7 0.0884785

12 7 0.0950195

13 7 0.101185

14 7 0.106952

15 7 0.112297

16 7 0.117198

17 7 0.121637

18 7 0.125596

19 7 0.129059

20 7 0.132013

21 7 0.134445

22 7 0.136348

23 7 0.137712

24 7 0.138532

25 7 0.138806

26 7 0.138532

27 7 0.137712

28 7 0.136348

29 7 0.134445

30 7 0.132013

31 7 0.129059

32 7 0.125596

33 7 0.121637

34 7 0.117198

35 7 0.112297

36 7 0.106952

37 7 0.101185

38 7 0.0950195

39 7 0.0884785

40 7 0.0815883

41 7 0.0743761

42 7 0.0668705

43 7 0.0591009

44 7 0.051098

45 7 0.0428935

46 7 0.0345197

47 7 0.0260097

48 7 0.017397

49 7 0.00871572

50 7 0

0 8 0

1 8 0.00986152

2 8 0.0196841

3 8 0.029429

4 8 0.0390578

5 8 0.0485324

6 8 0.0578155

7 8 0.0668705

8 8 0.0756615

9 8 0.0841539

10 8 0.0923142

11 8 0.10011

12 8 0.107511

13 8 0.114488

14 8 0.121012

15 8 0.12706

16 8 0.132605

17 8 0.137628

18 8 0.142107

19 8 0.146025

20 8 0.149367

21 8 0.15212

22 8 0.154272

23 8 0.155816

24 8 0.156744

25 8 0.157054

26 8 0.156744

27 8 0.155816

28 8 0.154272

29 8 0.15212

30 8 0.149367

31 8 0.146025

32 8 0.142107

33 8 0.137628

34 8 0.132605

35 8 0.12706

36 8 0.121012

37 8 0.114488

38 8 0.107511

39 8 0.10011

40 8 0.0923142

41 8 0.0841539

42 8 0.0756615

43 8 0.0668705

44 8 0.0578155

45 8 0.0485324

46 8 0.0390578

47 8 0.029429

48 8 0.0196841

49 8 0.00986152

50 8 0

0 9 0

1 9 0.0109684

2 9 0.0218935

3 9 0.0327322

4 9 0.0434417

5 9 0.0539798

6 9 0.0643049

7 9 0.0743761

8 9 0.0841539

9 9 0.0935995

10 9 0.102676

11 9 0.111347

12 9 0.119578

13 9 0.127338

14 9 0.134595

15 9 0.141321

16 9 0.147489

17 9 0.153075

18 9 0.158057

19 9 0.162416

20 9 0.166133

21 9 0.169194

22 9 0.171588

23 9 0.173305

24 9 0.174338

25 9 0.174682

26 9 0.174338

27 9 0.173305

28 9 0.171588

29 9 0.169194

30 9 0.166133

31 9 0.162416

32 9 0.158057

33 9 0.153075

34 9 0.147489

35 9 0.141321

36 9 0.134595

37 9 0.127338

38 9 0.119578

39 9 0.111347

40 9 0.102676

41 9 0.0935995

42 9 0.0841539

43 9 0.0743761

44 9 0.0643049

45 9 0.0539798

46 9 0.0434417

47 9 0.0327322

48 9 0.0218935

49 9 0.0109684

50 9 0

0 10 0

1 10 0.012032

2 10 0.0240165

3 10 0.0359062

4 10 0.0476542

5 10 0.0592142

6 10 0.0705404

7 10 0.0815883

8 10 0.0923142

9 10 0.102676

10 10 0.112632

11 10 0.122144

12 10 0.131174

13 10 0.139686

14 10 0.147647

15 10 0.155025

16 10 0.161791

17 10 0.167919

18 10 0.173384

19 10 0.178165

20 10 0.182243

21 10 0.185601

22 10 0.188227

23 10 0.19011

24 10 0.191243

25 10 0.191621

26 10 0.191243

27 10 0.19011

28 10 0.188227

29 10 0.185601

30 10 0.182243

31 10 0.178165

32 10 0.173384

33 10 0.167919

34 10 0.161791

35 10 0.155025

36 10 0.147647

37 10 0.139686

38 10 0.131174

39 10 0.122144

40 10 0.112632

41 10 0.102676

42 10 0.0923142

43 10 0.0815883

44 10 0.0705404

45 10 0.0592142

46 10 0.0476542

47 10 0.0359062

48 10 0.0240165

49 10 0.012032

50 10 0

0 11 0

1 11 0.0130481

2 11 0.0260447

3 11 0.0389385

4 11 0.0516787

5 11 0.0642149

6 11 0.0764976

7 11 0.0884785

8 11 0.10011

9 11 0.111347

10 11 0.122144

11 11 0.132459

12 11 0.142251

13 11 0.151482

14 11 0.160115

15 11 0.168117

16 11 0.175454

17 11 0.1821

18 11 0.188026

19 11 0.193211

20 11 0.197633

21 11 0.201275

22 11 0.204123

23 11 0.206165

24 11 0.207394

25 11 0.207804

26 11 0.207394

27 11 0.206165

28 11 0.204123

29 11 0.201275

30 11 0.197633

31 11 0.193211

32 11 0.188026

33 11 0.1821

34 11 0.175454

35 11 0.168117

36 11 0.160115

37 11 0.151482

38 11 0.142251

39 11 0.132459

40 11 0.122144

41 11 0.111347

42 11 0.10011

43 11 0.0884785

44 11 0.0764976

45 11 0.0642149

46 11 0.0516787

47 11 0.0389385

48 11 0.0260447

49 11 0.0130481

50 11 0

0 12 0

1 12 0.0140127

2 12 0.0279701

3 12 0.0418171

4 12 0.0554991

5 12 0.0689621

6 12 0.0821529

7 12 0.0950195

8 12 0.107511

9 12 0.119578

10 12 0.131174

11 12 0.142251

12 12 0.152768

13 12 0.162681

14 12 0.171952

15 12 0.180545

16 12 0.188425

17 12 0.195562

18 12 0.201927

19 12 0.207495

20 12 0.212243

21 12 0.216155

22 12 0.219213

23 12 0.221406

24 12 0.222726

25 12 0.223166

26 12 0.222726

27 12 0.221406

28 12 0.219213

29 12 0.216155

30 12 0.212243

31 12 0.207495

32 12 0.201927

33 12 0.195562

34 12 0.188425

35 12 0.180545

36 12 0.171952

37 12 0.162681

38 12 0.152768

39 12 0.142251

40 12 0.131174

41 12 0.119578

42 12 0.107511

43 12 0.0950195

44 12 0.0821529

45 12 0.0689621

46 12 0.0554991

47 12 0.0418171

48 12 0.0279701

49 12 0.0140127

50 12 0

0 13 0

1 13 0.014922

2 13 0.0297851

3 13 0.0445307

4 13 0.0591006

5 13 0.0734372

6 13 0.0874839

7 13 0.101185

8 13 0.114488

9 13 0.127338

10 13 0.139686

11 13 0.151482

12 13 0.162681

13 13 0.173238

14 13 0.183111

15 13 0.192261

16 13 0.200653

17 13 0.208252

18 13 0.21503

19 13 0.220959

20 13 0.226016

21 13 0.230182

22 13 0.233438

23 13 0.235774

24 13 0.237179

25 13 0.237648

26 13 0.237179

27 13 0.235774

28 13 0.233438

29 13 0.230182

30 13 0.226016

31 13 0.220959

32 13 0.21503

33 13 0.208252

34 13 0.200653

35 13 0.192261

36 13 0.183111

37 13 0.173238

38 13 0.162681

39 13 0.151482

40 13 0.139686

41 13 0.127338

42 13 0.114488

43 13 0.101185

44 13 0.0874839

45 13 0.0734372

46 13 0.0591006

47 13 0.0445307

48 13 0.0297851

49 13 0.014922

50 13 0

0 14 0

1 14 0.0157724

2 14 0.0314826

3 14 0.0470686

4 14 0.0624688

5 14 0.0776224

6 14 0.0924697

7 14 0.106952

8 14 0.121012

9 14 0.134595

10 14 0.147647

11 14 0.160115

12 14 0.171952

13 14 0.183111

14 14 0.193546

15 14 0.203218

16 14 0.212088

17 14 0.220121

18 14 0.227285

19 14 0.233552

20 14 0.238897

21 14 0.2433

22 14 0.246742

23 14 0.249211

24 14 0.250696

25 14 0.251191

26 14 0.250696

27 14 0.249211

28 14 0.246742

29 14 0.2433

30 14 0.238897

31 14 0.233552

32 14 0.227285

33 14 0.220121

34 14 0.212088

35 14 0.203218

36 14 0.193546

37 14 0.183111

38 14 0.171952

39 14 0.160115

40 14 0.147647

41 14 0.134595

42 14 0.121012

43 14 0.106952

44 14 0.0924697

45 14 0.0776224

46 14 0.0624688

47 14 0.0470686

48 14 0.0314826

49 14 0.0157724

50 14 0

0 15 0

1 15 0.0165606

2 15 0.0330559

3 15 0.0494207

4 15 0.0655904

5 15 0.0815013

6 15 0.0970906

7 15 0.112297

8 15 0.12706

9 15 0.141321

10 15 0.155025

11 15 0.168117

12 15 0.180545

13 15 0.192261

14 15 0.203218

15 15 0.213373

16 15 0.222686

17 15 0.231121

18 15 0.238643

19 15 0.245223

20 15 0.250835

21 15 0.255458

22 15 0.259072

23 15 0.261664

24 15 0.263223

25 15 0.263744

26 15 0.263223

27 15 0.261664

28 15 0.259072

29 15 0.255458

30 15 0.250835

31 15 0.245223

32 15 0.238643

33 15 0.231121

34 15 0.222686

35 15 0.213373

36 15 0.203218

37 15 0.192261

38 15 0.180545

39 15 0.168117

40 15 0.155025

41 15 0.141321

42 15 0.12706

43 15 0.112297

44 15 0.0970906

45 15 0.0815013

46 15 0.0655904

47 15 0.0494207

48 15 0.0330559

49 15 0.0165606

50 15 0

0 16 0

1 16 0.0172834

2 16 0.0344987

3 16 0.0515777

4 16 0.0684532

5 16 0.0850586

6 16 0.101328

7 16 0.117198

8 16 0.132605

9 16 0.147489

10 16 0.161791

11 16 0.175454

12 16 0.188425

13 16 0.200653

14 16 0.212088

15 16 0.222686

16 16 0.232406

17 16 0.241208

18 16 0.249059

19 16 0.255926

20 16 0.261783

21 16 0.266608

22 16 0.27038

23 16 0.273085

24 16 0.274712

25 16 0.275255

26 16 0.274712

27 16 0.273085

28 16 0.27038

29 16 0.266608

30 16 0.261783

31 16 0.255926

32 16 0.249059

33 16 0.241208

34 16 0.232406

35 16 0.222686

36 16 0.212088

37 16 0.200653

38 16 0.188425

39 16 0.175454

40 16 0.161791

41 16 0.147489

42 16 0.132605

43 16 0.117198

44 16 0.101328

45 16 0.0850586

46 16 0.0684532

47 16 0.0515777

48 16 0.0344987

49 16 0.0172834

50 16 0

0 17 0

1 17 0.017938

2 17 0.0358053

3 17 0.0535312

4 17 0.0710459

5 17 0.0882802

6 17 0.105166

7 17 0.121637

8 17 0.137628

9 17 0.153075

10 17 0.167919

11 17 0.1821

12 17 0.195562

13 17 0.208252

14 17 0.220121

15 17 0.231121

16 17 0.241208

17 17 0.250344

18 17 0.258492

19 17 0.265619

20 17 0.271698

21 17 0.276705

22 17 0.28062

23 17 0.283428

24 17 0.285117

25 17 0.285681

26 17 0.285117

27 17 0.283428

28 17 0.28062

29 17 0.276705

30 17 0.271698

31 17 0.265619

32 17 0.258492

33 17 0.250344

34 17 0.241208

35 17 0.231121

36 17 0.220121

37 17 0.208252

38 17 0.195562

39 17 0.1821

40 17 0.167919

41 17 0.153075

42 17 0.137628

43 17 0.121637

44 17 0.105166

45 17 0.0882802

46 17 0.0710459

47 17 0.0535312

48 17 0.0358053

49 17 0.017938

50 17 0

0 18 0

1 18 0.0185218

2 18 0.0369706

3 18 0.0552734

4 18 0.0733582

5 18 0.0911534

6 18 0.108589

7 18 0.125596

8 18 0.142107

9 18 0.158057

10 18 0.173384

11 18 0.188026

12 18 0.201927

13 18 0.21503

14 18 0.227285

15 18 0.238643

16 18 0.249059

17 18 0.258492

18 18 0.266904

19 18 0.274264

20 18 0.280541

21 18 0.285711

22 18 0.289754

23 18 0.292652

24 18 0.294396

25 18 0.294978

26 18 0.294396

27 18 0.292652

28 18 0.289754

29 18 0.285711

30 18 0.280541

31 18 0.274264

32 18 0.266904

33 18 0.258492

34 18 0.249059

35 18 0.238643

36 18 0.227285

37 18 0.21503

38 18 0.201927

39 18 0.188026

40 18 0.173384

41 18 0.158057

42 18 0.142107

43 18 0.125596

44 18 0.108589

45 18 0.0911534

46 18 0.0733582

47 18 0.0552734

48 18 0.0369706

49 18 0.0185218

50 18 0

0 19 0

1 19 0.0190326

2 19 0.03799

3 19 0.0567975

4 19 0.0753809

5 19 0.0936668

6 19 0.111583

7 19 0.129059

8 19 0.146025

9 19 0.162416

10 19 0.178165

11 19 0.193211

12 19 0.207495

13 19 0.220959

14 19 0.233552

15 19 0.245223

16 19 0.255926

17 19 0.265619

18 19 0.274264

19 19 0.281826

20 19 0.288277

21 19 0.293589

22 19 0.297743

23 19 0.300722

24 19 0.302514

25 19 0.303112

26 19 0.302514

27 19 0.300722

28 19 0.297743

29 19 0.293589

30 19 0.288277

31 19 0.281826

32 19 0.274264

33 19 0.265619

34 19 0.255926

35 19 0.245223

36 19 0.233552

37 19 0.220959

38 19 0.207495

39 19 0.193211

40 19 0.178165

41 19 0.162416

42 19 0.146025

43 19 0.129059

44 19 0.111583

45 19 0.0936668

46 19 0.0753809

47 19 0.0567975

48 19 0.03799

49 19 0.0190326

50 19 0

0 20 0

1 20 0.0194682

2 20 0.0388595

3 20 0.0580975

4 20 0.0771062

5 20 0.0958106

6 20 0.114137

7 20 0.132013

8 20 0.149367

9 20 0.166133

10 20 0.182243

11 20 0.197633

12 20 0.212243

13 20 0.226016

14 20 0.238897

15 20 0.250835

16 20 0.261783

17 20 0.271698

18 20 0.280541

19 20 0.288277

20 20 0.294875

21 20 0.300309

22 20 0.304558

23 20 0.307605

24 20 0.309438

25 20 0.310049

26 20 0.309438

27 20 0.307605

28 20 0.304558

29 20 0.300309

30 20 0.294875

31 20 0.288277

32 20 0.280541

33 20 0.271698

34 20 0.261783

35 20 0.250835

36 20 0.238897

37 20 0.226016

38 20 0.212243

39 20 0.197633

40 20 0.182243

41 20 0.166133

42 20 0.149367

43 20 0.132013

44 20 0.114137

45 20 0.0958106

46 20 0.0771062

47 20 0.0580975

48 20 0.0388595

49 20 0.0194682

50 20 0

0 21 0

1 21 0.0198269

2 21 0.0395756

3 21 0.0591681

4 21 0.0785271

5 21 0.0975762

6 21 0.11624

7 21 0.134445

8 21 0.15212

9 21 0.169194

10 21 0.185601

11 21 0.201275

12 21 0.216155

13 21 0.230182

14 21 0.2433

15 21 0.255458

16 21 0.266608

17 21 0.276705

18 21 0.285711

19 21 0.293589

20 21 0.300309

21 21 0.305843

22 21 0.31017

23 21 0.313273

24 21 0.31514

25 21 0.315763

26 21 0.31514

27 21 0.313273

28 21 0.31017

29 21 0.305843

30 21 0.300309

31 21 0.293589

32 21 0.285711

33 21 0.276705

34 21 0.266608

35 21 0.255458

36 21 0.2433

37 21 0.230182

38 21 0.216155

39 21 0.201275

40 21 0.185601

41 21 0.169194

42 21 0.15212

43 21 0.134445

44 21 0.11624

45 21 0.0975762

46 21 0.0785271

47 21 0.0591681

48 21 0.0395756

49 21 0.0198269

50 21 0

0 22 0

1 22 0.0201075

2 22 0.0401356

3 22 0.0600053

4 22 0.0796382

5 22 0.0989568

6 22 0.117885

7 22 0.136348

8 22 0.154272

9 22 0.171588

10 22 0.188227

11 22 0.204123

12 22 0.219213

13 22 0.233438

14 22 0.246742

15 22 0.259072

16 22 0.27038

17 22 0.28062

18 22 0.289754

19 22 0.297743

20 22 0.304558

21 22 0.31017

22 22 0.314559

23 22 0.317706

24 22 0.319599

25 22 0.320231

26 22 0.319599

27 22 0.317706

28 22 0.314559

29 22 0.31017

30 22 0.304558

31 22 0.297743

32 22 0.289754

33 22 0.28062

34 22 0.27038

35 22 0.259072

36 22 0.246742

37 22 0.233438

38 22 0.219213

39 22 0.204123

40 22 0.188227

41 22 0.171588

42 22 0.154272

43 22 0.136348

44 22 0.117885

45 22 0.0989568

46 22 0.0796382

47 22 0.0600053

48 22 0.0401356

49 22 0.0201075

50 22 0

0 23 0

1 23 0.0203086

2 23 0.0405371

3 23 0.0606056

4 23 0.0804349

5 23 0.0999468

6 23 0.119064

7 23 0.137712

8 23 0.155816

9 23 0.173305

10 23 0.19011

11 23 0.206165

12 23 0.221406

13 23 0.235774

14 23 0.249211

15 23 0.261664

16 23 0.273085

17 23 0.283428

18 23 0.292652

19 23 0.300722

20 23 0.307605

21 23 0.313273

22 23 0.317706

23 23 0.320884

24 23 0.322796

25 23 0.323435

26 23 0.322796

27 23 0.320884

28 23 0.317706

29 23 0.313273

30 23 0.307605

31 23 0.300722

32 23 0.292652

33 23 0.283428

34 23 0.273085

35 23 0.261664

36 23 0.249211

37 23 0.235774

38 23 0.221406

39 23 0.206165

40 23 0.19011

41 23 0.173305

42 23 0.155816

43 23 0.137712

44 23 0.119064

45 23 0.0999468

46 23 0.0804349

47 23 0.0606056

48 23 0.0405371

49 23 0.0203086

50 23 0

0 24 0

1 24 0.0204297

2 24 0.0407787

3 24 0.0609668

4 24 0.0809142

5 24 0.100542

6 24 0.119774

7 24 0.138532

8 24 0.156744

9 24 0.174338

10 24 0.191243

11 24 0.207394

12 24 0.222726

13 24 0.237179

14 24 0.250696

15 24 0.263223

16 24 0.274712

17 24 0.285117

18 24 0.294396

19 24 0.302514

20 24 0.309438

21 24 0.31514

22 24 0.319599

23 24 0.322796

24 24 0.32472

25 24 0.325362

26 24 0.32472

27 24 0.322796

28 24 0.319599

29 24 0.31514

30 24 0.309438

31 24 0.302514

32 24 0.294396

33 24 0.285117

34 24 0.274712

35 24 0.263223

36 24 0.250696

37 24 0.237179

38 24 0.222726

39 24 0.207394

40 24 0.191243

41 24 0.174338

42 24 0.156744

43 24 0.138532

44 24 0.119774

45 24 0.100542

46 24 0.0809142

47 24 0.0609668

48 24 0.0407787

49 24 0.0204297

50 24 0

0 25 0

1 25 0.02047

2 25 0.0408593

3 25 0.0610873

4 25 0.0810742

5 25 0.100741

6 25 0.120011

7 25 0.138806

8 25 0.157054

9 25 0.174682

10 25 0.191621

11 25 0.207804

12 25 0.223166

13 25 0.237648

14 25 0.251191

15 25 0.263744

16 25 0.275255

17 25 0.285681

18 25 0.294978

19 25 0.303112

20 25 0.310049

21 25 0.315763

22 25 0.320231

23 25 0.323435

24 25 0.325362

25 25 0.326005

26 25 0.325362

27 25 0.323435

28 25 0.320231

29 25 0.315763

30 25 0.310049

31 25 0.303112

32 25 0.294978

33 25 0.285681

34 25 0.275255

35 25 0.263744

36 25 0.251191

37 25 0.237648

38 25 0.223166

39 25 0.207804

40 25 0.191621

41 25 0.174682

42 25 0.157054

43 25 0.138806

44 25 0.120011

45 25 0.100741

46 25 0.0810742

47 25 0.0610873

48 25 0.0408593

49 25 0.02047

50 25 0

0 26 0

1 26 0.0204297

2 26 0.0407787

3 26 0.0609668

4 26 0.0809142

5 26 0.100542

6 26 0.119774

7 26 0.138532

8 26 0.156744

9 26 0.174338

10 26 0.191243

11 26 0.207394

12 26 0.222726

13 26 0.237179

14 26 0.250696

15 26 0.263223

16 26 0.274712

17 26 0.285117

18 26 0.294396

19 26 0.302514

20 26 0.309438

21 26 0.31514

22 26 0.319599

23 26 0.322796

24 26 0.32472

25 26 0.325362

26 26 0.32472

27 26 0.322796

28 26 0.319599

29 26 0.31514

30 26 0.309438

31 26 0.302514

32 26 0.294396

33 26 0.285117

34 26 0.274712

35 26 0.263223

36 26 0.250696

37 26 0.237179

38 26 0.222726

39 26 0.207394

40 26 0.191243

41 26 0.174338

42 26 0.156744

43 26 0.138532

44 26 0.119774

45 26 0.100542

46 26 0.0809142

47 26 0.0609668

48 26 0.0407787

49 26 0.0204297

50 26 0

0 27 0

1 27 0.0203086

2 27 0.0405371

3 27 0.0606056

4 27 0.0804349

5 27 0.0999468

6 27 0.119064

7 27 0.137712

8 27 0.155816

9 27 0.173305

10 27 0.19011

11 27 0.206165

12 27 0.221406

13 27 0.235774

14 27 0.249211

15 27 0.261664

16 27 0.273085

17 27 0.283428

18 27 0.292652

19 27 0.300722

20 27 0.307605

21 27 0.313273

22 27 0.317706

23 27 0.320884

24 27 0.322796

25 27 0.323435

26 27 0.322796

27 27 0.320884

28 27 0.317706

29 27 0.313273

30 27 0.307605

31 27 0.300722

32 27 0.292652

33 27 0.283428

34 27 0.273085

35 27 0.261664

36 27 0.249211

37 27 0.235774

38 27 0.221406

39 27 0.206165

40 27 0.19011

41 27 0.173305

42 27 0.155816

43 27 0.137712

44 27 0.119064

45 27 0.0999468

46 27 0.0804349

47 27 0.0606056

48 27 0.0405371

49 27 0.0203086

50 27 0

0 28 0

1 28 0.0201075

2 28 0.0401356

3 28 0.0600053

4 28 0.0796382

5 28 0.0989568

6 28 0.117885

7 28 0.136348

8 28 0.154272

9 28 0.171588

10 28 0.188227

11 28 0.204123

12 28 0.219213

13 28 0.233438

14 28 0.246742

15 28 0.259072

16 28 0.27038

17 28 0.28062

18 28 0.289754

19 28 0.297743

20 28 0.304558

21 28 0.31017

22 28 0.314559

23 28 0.317706

24 28 0.319599

25 28 0.320231

26 28 0.319599

27 28 0.317706

28 28 0.314559

29 28 0.31017

30 28 0.304558

31 28 0.297743

32 28 0.289754

33 28 0.28062

34 28 0.27038

35 28 0.259072

36 28 0.246742

37 28 0.233438

38 28 0.219213

39 28 0.204123

40 28 0.188227

41 28 0.171588

42 28 0.154272

43 28 0.136348

44 28 0.117885

45 28 0.0989568

46 28 0.0796382

47 28 0.0600053

48 28 0.0401356

49 28 0.0201075

50 28 0

0 29 0

1 29 0.0198269

2 29 0.0395756

3 29 0.0591681

4 29 0.0785271

5 29 0.0975762

6 29 0.11624

7 29 0.134445

8 29 0.15212

9 29 0.169194

10 29 0.185601

11 29 0.201275

12 29 0.216155

13 29 0.230182

14 29 0.2433

15 29 0.255458

16 29 0.266608

17 29 0.276705

18 29 0.285711

19 29 0.293589

20 29 0.300309

21 29 0.305843

22 29 0.31017

23 29 0.313273

24 29 0.31514

25 29 0.315763

26 29 0.31514

27 29 0.313273

28 29 0.31017

29 29 0.305843

30 29 0.300309

31 29 0.293589

32 29 0.285711

33 29 0.276705

34 29 0.266608

35 29 0.255458

36 29 0.2433

37 29 0.230182

38 29 0.216155

39 29 0.201275

40 29 0.185601

41 29 0.169194

42 29 0.15212

43 29 0.134445

44 29 0.11624

45 29 0.0975762

46 29 0.0785271

47 29 0.0591681

48 29 0.0395756

49 29 0.0198269

50 29 0

0 30 0

1 30 0.0194682

2 30 0.0388595

3 30 0.0580975

4 30 0.0771062

5 30 0.0958106

6 30 0.114137

7 30 0.132013

8 30 0.149367

9 30 0.166133

10 30 0.182243

11 30 0.197633

12 30 0.212243

13 30 0.226016

14 30 0.238897

15 30 0.250835

16 30 0.261783

17 30 0.271698

18 30 0.280541

19 30 0.288277

20 30 0.294875

21 30 0.300309

22 30 0.304558

23 30 0.307605

24 30 0.309438

25 30 0.310049

26 30 0.309438

27 30 0.307605

28 30 0.304558

29 30 0.300309

30 30 0.294875

31 30 0.288277

32 30 0.280541

33 30 0.271698

34 30 0.261783

35 30 0.250835

36 30 0.238897

37 30 0.226016

38 30 0.212243

39 30 0.197633

40 30 0.182243

41 30 0.166133

42 30 0.149367

43 30 0.132013

44 30 0.114137

45 30 0.0958106

46 30 0.0771062

47 30 0.0580975

48 30 0.0388595

49 30 0.0194682

50 30 0

0 31 0

1 31 0.0190326

2 31 0.03799

3 31 0.0567975

4 31 0.0753809

5 31 0.0936668

6 31 0.111583

7 31 0.129059

8 31 0.146025

9 31 0.162416

10 31 0.178165

11 31 0.193211

12 31 0.207495

13 31 0.220959

14 31 0.233552

15 31 0.245223

16 31 0.255926

17 31 0.265619

18 31 0.274264

19 31 0.281826

20 31 0.288277

21 31 0.293589

22 31 0.297743

23 31 0.300722

24 31 0.302514

25 31 0.303112

26 31 0.302514

27 31 0.300722

28 31 0.297743

29 31 0.293589

30 31 0.288277

31 31 0.281826

32 31 0.274264

33 31 0.265619

34 31 0.255926

35 31 0.245223

36 31 0.233552

37 31 0.220959

38 31 0.207495

39 31 0.193211

40 31 0.178165

41 31 0.162416

42 31 0.146025

43 31 0.129059

44 31 0.111583

45 31 0.0936668

46 31 0.0753809

47 31 0.0567975

48 31 0.03799

49 31 0.0190326

50 31 0

0 32 0

1 32 0.0185218

2 32 0.0369706

3 32 0.0552734

4 32 0.0733582

5 32 0.0911534

6 32 0.108589

7 32 0.125596

8 32 0.142107

9 32 0.158057

10 32 0.173384

11 32 0.188026

12 32 0.201927

13 32 0.21503

14 32 0.227285

15 32 0.238643

16 32 0.249059

17 32 0.258492

18 32 0.266904

19 32 0.274264

20 32 0.280541

21 32 0.285711

22 32 0.289754

23 32 0.292652

24 32 0.294396

25 32 0.294978

26 32 0.294396

27 32 0.292652

28 32 0.289754

29 32 0.285711

30 32 0.280541

31 32 0.274264

32 32 0.266904

33 32 0.258492

34 32 0.249059

35 32 0.238643

36 32 0.227285

37 32 0.21503

38 32 0.201927

39 32 0.188026

40 32 0.173384

41 32 0.158057

42 32 0.142107

43 32 0.125596

44 32 0.108589

45 32 0.0911534

46 32 0.0733582

47 32 0.0552734

48 32 0.0369706

49 32 0.0185218

50 32 0

0 33 0

1 33 0.017938

2 33 0.0358053

3 33 0.0535312

4 33 0.0710459

5 33 0.0882802

6 33 0.105166

7 33 0.121637

8 33 0.137628

9 33 0.153075

10 33 0.167919

11 33 0.1821

12 33 0.195562

13 33 0.208252

14 33 0.220121

15 33 0.231121

16 33 0.241208

17 33 0.250344

18 33 0.258492

19 33 0.265619

20 33 0.271698

21 33 0.276705

22 33 0.28062

23 33 0.283428

24 33 0.285117

25 33 0.285681

26 33 0.285117

27 33 0.283428

28 33 0.28062

29 33 0.276705

30 33 0.271698

31 33 0.265619

32 33 0.258492

33 33 0.250344

34 33 0.241208

35 33 0.231121

36 33 0.220121

37 33 0.208252

38 33 0.195562

39 33 0.1821

40 33 0.167919

41 33 0.153075

42 33 0.137628

43 33 0.121637

44 33 0.105166

45 33 0.0882802

46 33 0.0710459

47 33 0.0535312

48 33 0.0358053

49 33 0.017938

50 33 0

0 34 0

1 34 0.0172834

2 34 0.0344987

3 34 0.0515777

4 34 0.0684532

5 34 0.0850586

6 34 0.101328

7 34 0.117198

8 34 0.132605

9 34 0.147489

10 34 0.161791

11 34 0.175454

12 34 0.188425

13 34 0.200653

14 34 0.212088

15 34 0.222686

16 34 0.232406

17 34 0.241208

18 34 0.249059

19 34 0.255926

20 34 0.261783

21 34 0.266608

22 34 0.27038

23 34 0.273085

24 34 0.274712

25 34 0.275255

26 34 0.274712

27 34 0.273085

28 34 0.27038

29 34 0.266608

30 34 0.261783

31 34 0.255926

32 34 0.249059

33 34 0.241208

34 34 0.232406

35 34 0.222686

36 34 0.212088

37 34 0.200653

38 34 0.188425

39 34 0.175454

40 34 0.161791

41 34 0.147489

42 34 0.132605

43 34 0.117198

44 34 0.101328

45 34 0.0850586

46 34 0.0684532

47 34 0.0515777

48 34 0.0344987

49 34 0.0172834

50 34 0

0 35 0

1 35 0.0165606

2 35 0.0330559

3 35 0.0494207

4 35 0.0655904

5 35 0.0815013

6 35 0.0970906

7 35 0.112297

8 35 0.12706

9 35 0.141321

10 35 0.155025

11 35 0.168117

12 35 0.180545

13 35 0.192261

14 35 0.203218

15 35 0.213373

16 35 0.222686

17 35 0.231121

18 35 0.238643

19 35 0.245223

20 35 0.250835

21 35 0.255458

22 35 0.259072

23 35 0.261664

24 35 0.263223

25 35 0.263744

26 35 0.263223

27 35 0.261664

28 35 0.259072

29 35 0.255458

30 35 0.250835

31 35 0.245223

32 35 0.238643

33 35 0.231121

34 35 0.222686

35 35 0.213373

36 35 0.203218

37 35 0.192261

38 35 0.180545

39 35 0.168117

40 35 0.155025

41 35 0.141321

42 35 0.12706

43 35 0.112297

44 35 0.0970906

45 35 0.0815013

46 35 0.0655904

47 35 0.0494207

48 35 0.0330559

49 35 0.0165606

50 35 0

0 36 0

1 36 0.0157724

2 36 0.0314826

3 36 0.0470686

4 36 0.0624688

5 36 0.0776224

6 36 0.0924697

7 36 0.106952

8 36 0.121012

9 36 0.134595

10 36 0.147647

11 36 0.160115

12 36 0.171952

13 36 0.183111

14 36 0.193546

15 36 0.203218

16 36 0.212088

17 36 0.220121

18 36 0.227285

19 36 0.233552

20 36 0.238897

21 36 0.2433

22 36 0.246742

23 36 0.249211

24 36 0.250696

25 36 0.251191

26 36 0.250696

27 36 0.249211

28 36 0.246742

29 36 0.2433

30 36 0.238897

31 36 0.233552

32 36 0.227285

33 36 0.220121

34 36 0.212088

35 36 0.203218

36 36 0.193546

37 36 0.183111

38 36 0.171952

39 36 0.160115

40 36 0.147647

41 36 0.134595

42 36 0.121012

43 36 0.106952

44 36 0.0924697

45 36 0.0776224

46 36 0.0624688

47 36 0.0470686

48 36 0.0314826

49 36 0.0157724

50 36 0

0 37 0

1 37 0.014922

2 37 0.0297851

3 37 0.0445307

4 37 0.0591006

5 37 0.0734372

6 37 0.0874839

7 37 0.101185

8 37 0.114488

9 37 0.127338

10 37 0.139686

11 37 0.151482

12 37 0.162681

13 37 0.173238

14 37 0.183111

15 37 0.192261

16 37 0.200653

17 37 0.208252

18 37 0.21503

19 37 0.220959

20 37 0.226016

21 37 0.230182

22 37 0.233438

23 37 0.235774

24 37 0.237179

25 37 0.237648

26 37 0.237179

27 37 0.235774

28 37 0.233438

29 37 0.230182

30 37 0.226016

31 37 0.220959

32 37 0.21503

33 37 0.208252

34 37 0.200653

35 37 0.192261

36 37 0.183111

37 37 0.173238

38 37 0.162681

39 37 0.151482

40 37 0.139686

41 37 0.127338

42 37 0.114488

43 37 0.101185

44 37 0.0874839

45 37 0.0734372

46 37 0.0591006

47 37 0.0445307

48 37 0.0297851

49 37 0.014922

50 37 0

0 38 0

1 38 0.0140127

2 38 0.0279701

3 38 0.0418171

4 38 0.0554991

5 38 0.0689621

6 38 0.0821529

7 38 0.0950195

8 38 0.107511

9 38 0.119578

10 38 0.131174

11 38 0.142251

12 38 0.152768

13 38 0.162681

14 38 0.171952

15 38 0.180545

16 38 0.188425

17 38 0.195562

18 38 0.201927

19 38 0.207495

20 38 0.212243

21 38 0.216155

22 38 0.219213

23 38 0.221406

24 38 0.222726

25 38 0.223166

26 38 0.222726

27 38 0.221406

28 38 0.219213

29 38 0.216155

30 38 0.212243

31 38 0.207495

32 38 0.201927

33 38 0.195562

34 38 0.188425

35 38 0.180545

36 38 0.171952

37 38 0.162681

38 38 0.152768

39 38 0.142251

40 38 0.131174

41 38 0.119578

42 38 0.107511

43 38 0.0950195

44 38 0.0821529

45 38 0.0689621

46 38 0.0554991

47 38 0.0418171

48 38 0.0279701

49 38 0.0140127

50 38 0

0 39 0

1 39 0.0130481

2 39 0.0260447

3 39 0.0389385

4 39 0.0516787

5 39 0.0642149

6 39 0.0764976

7 39 0.0884785

8 39 0.10011

9 39 0.111347

10 39 0.122144

11 39 0.132459

12 39 0.142251

13 39 0.151482

14 39 0.160115

15 39 0.168117

16 39 0.175454

17 39 0.1821

18 39 0.188026

19 39 0.193211

20 39 0.197633

21 39 0.201275

22 39 0.204123

23 39 0.206165

24 39 0.207394

25 39 0.207804

26 39 0.207394

27 39 0.206165

28 39 0.204123

29 39 0.201275

30 39 0.197633

31 39 0.193211

32 39 0.188026

33 39 0.1821

34 39 0.175454

35 39 0.168117

36 39 0.160115

37 39 0.151482

38 39 0.142251

39 39 0.132459

40 39 0.122144

41 39 0.111347

42 39 0.10011

43 39 0.0884785

44 39 0.0764976

45 39 0.0642149

46 39 0.0516787

47 39 0.0389385

48 39 0.0260447

49 39 0.0130481

50 39 0

0 40 0

1 40 0.012032

2 40 0.0240165

3 40 0.0359062

4 40 0.0476542

5 40 0.0592142

6 40 0.0705404

7 40 0.0815883

8 40 0.0923142

9 40 0.102676

10 40 0.112632

11 40 0.122144

12 40 0.131174

13 40 0.139686

14 40 0.147647

15 40 0.155025

16 40 0.161791

17 40 0.167919

18 40 0.173384

19 40 0.178165

20 40 0.182243

21 40 0.185601

22 40 0.188227

23 40 0.19011

24 40 0.191243

25 40 0.191621

26 40 0.191243

27 40 0.19011

28 40 0.188227

29 40 0.185601

30 40 0.182243

31 40 0.178165

32 40 0.173384

33 40 0.167919

34 40 0.161791

35 40 0.155025

36 40 0.147647

37 40 0.139686

38 40 0.131174

39 40 0.122144

40 40 0.112632

41 40 0.102676

42 40 0.0923142

43 40 0.0815883

44 40 0.0705404

45 40 0.0592142

46 40 0.0476542

47 40 0.0359062

48 40 0.0240165

49 40 0.012032

50 40 0

0 41 0

1 41 0.0109684

2 41 0.0218935

3 41 0.0327322

4 41 0.0434417

5 41 0.0539798

6 41 0.0643049

7 41 0.0743761

8 41 0.0841539

9 41 0.0935995

10 41 0.102676

11 41 0.111347

12 41 0.119578

13 41 0.127338

14 41 0.134595

15 41 0.141321

16 41 0.147489

17 41 0.153075

18 41 0.158057

19 41 0.162416

20 41 0.166133

21 41 0.169194

22 41 0.171588

23 41 0.173305

24 41 0.174338

25 41 0.174682

26 41 0.174338

27 41 0.173305

28 41 0.171588

29 41 0.169194

30 41 0.166133

31 41 0.162416

32 41 0.158057

33 41 0.153075

34 41 0.147489

35 41 0.141321

36 41 0.134595

37 41 0.127338

38 41 0.119578

39 41 0.111347

40 41 0.102676

41 41 0.0935995

42 41 0.0841539

43 41 0.0743761

44 41 0.0643049

45 41 0.0539798

46 41 0.0434417

47 41 0.0327322

48 41 0.0218935

49 41 0.0109684

50 41 0

0 42 0

1 42 0.00986152

2 42 0.0196841

3 42 0.029429

4 42 0.0390578

5 42 0.0485324

6 42 0.0578155

7 42 0.0668705

8 42 0.0756615

9 42 0.0841539

10 42 0.0923142

11 42 0.10011

12 42 0.107511

13 42 0.114488

14 42 0.121012

15 42 0.12706

16 42 0.132605

17 42 0.137628

18 42 0.142107

19 42 0.146025

20 42 0.149367

21 42 0.15212

22 42 0.154272

23 42 0.155816

24 42 0.156744

25 42 0.157054

26 42 0.156744

27 42 0.155816

28 42 0.154272

29 42 0.15212

30 42 0.149367

31 42 0.146025

32 42 0.142107

33 42 0.137628

34 42 0.132605

35 42 0.12706

36 42 0.121012

37 42 0.114488

38 42 0.107511

39 42 0.10011

40 42 0.0923142

41 42 0.0841539

42 42 0.0756615

43 42 0.0668705

44 42 0.0578155

45 42 0.0485324

46 42 0.0390578

47 42 0.029429

48 42 0.0196841

49 42 0.00986152

50 42 0

0 43 0

1 43 0.00871572

2 43 0.017397

3 43 0.0260097

4 43 0.0345197

5 43 0.0428935

6 43 0.051098

7 43 0.0591009

8 43 0.0668705

9 43 0.0743761

10 43 0.0815883

11 43 0.0884785

12 43 0.0950195

13 43 0.101185

14 43 0.106952

15 43 0.112297

16 43 0.117198

17 43 0.121637

18 43 0.125596

19 43 0.129059

20 43 0.132013

21 43 0.134445

22 43 0.136348

23 43 0.137712

24 43 0.138532

25 43 0.138806

26 43 0.138532

27 43 0.137712

28 43 0.136348

29 43 0.134445

30 43 0.132013

31 43 0.129059

32 43 0.125596

33 43 0.121637

34 43 0.117198

35 43 0.112297

36 43 0.106952

37 43 0.101185

38 43 0.0950195

39 43 0.0884785

40 43 0.0815883

41 43 0.0743761

42 43 0.0668705

43 43 0.0591009

44 43 0.051098

45 43 0.0428935

46 43 0.0345197

47 43 0.0260097

48 43 0.017397

49 43 0.00871572

50 43 0

0 44 0

1 44 0.00753553

2 44 0.0150413

3 44 0.0224877

4 44 0.0298454

5 44 0.0370853

6 44 0.0441788

7 44 0.051098

8 44 0.0578155

9 44 0.0643049

10 44 0.0705404

11 44 0.0764976

12 44 0.0821529

13 44 0.0874839

14 44 0.0924697

15 44 0.0970906

16 44 0.101328

17 44 0.105166

18 44 0.108589

19 44 0.111583

20 44 0.114137

21 44 0.11624

22 44 0.117885

23 44 0.119064

24 44 0.119774

25 44 0.120011

26 44 0.119774

27 44 0.119064

28 44 0.117885

29 44 0.11624

30 44 0.114137

31 44 0.111583

32 44 0.108589

33 44 0.105166

34 44 0.101328

35 44 0.0970906

36 44 0.0924697

37 44 0.0874839

38 44 0.0821529

39 44 0.0764976

40 44 0.0705404

41 44 0.0643049

42 44 0.0578155

43 44 0.051098

44 44 0.0441788

45 44 0.0370853

46 44 0.0298454

47 44 0.0224877

48 44 0.0150413

49 44 0.00753553

50 44 0

0 45 0

1 45 0.00632559

2 45 0.0126262

3 45 0.018877

4 45 0.0250533

5 45 0.0311307

6 45 0.0370853

7 45 0.0428935

8 45 0.0485324

9 45 0.0539798

10 45 0.0592142

11 45 0.0642149

12 45 0.0689621

13 45 0.0734372

14 45 0.0776224

15 45 0.0815013

16 45 0.0850586

17 45 0.0882802

18 45 0.0911534

19 45 0.0936668

20 45 0.0958106

21 45 0.0975762

22 45 0.0989568

23 45 0.0999468

24 45 0.100542

25 45 0.100741

26 45 0.100542

27 45 0.0999468

28 45 0.0989568

29 45 0.0975762

30 45 0.0958106

31 45 0.0936668

32 45 0.0911534

33 45 0.0882802

34 45 0.0850586

35 45 0.0815013

36 45 0.0776224

37 45 0.0734372

38 45 0.0689621

39 45 0.0642149

40 45 0.0592142

41 45 0.0539798

42 45 0.0485324

43 45 0.0428935

44 45 0.0370853

45 45 0.0311307

46 45 0.0250533

47 45 0.018877

48 45 0.0126262

49 45 0.00632559

50 45 0

0 46 0

1 46 0.00509069

2 46 0.0101613

3 46 0.0151918

4 46 0.0201623

5 46 0.0250533

6 46 0.0298454

7 46 0.0345197

8 46 0.0390578

9 46 0.0434417

10 46 0.0476542

11 46 0.0516787

12 46 0.0554991

13 46 0.0591006

14 46 0.0624688

15 46 0.0655904

16 46 0.0684532

17 46 0.0710459

18 46 0.0733582

19 46 0.0753809

20 46 0.0771062

21 46 0.0785271

22 46 0.0796382

23 46 0.0804349

24 46 0.0809142

25 46 0.0810742

26 46 0.0809142

27 46 0.0804349

28 46 0.0796382

29 46 0.0785271

30 46 0.0771062

31 46 0.0753809

32 46 0.0733582

33 46 0.0710459

34 46 0.0684532

35 46 0.0655904

36 46 0.0624688

37 46 0.0591006

38 46 0.0554991

39 46 0.0516787

40 46 0.0476542

41 46 0.0434417

42 46 0.0390578

43 46 0.0345197

44 46 0.0298454

45 46 0.0250533

46 46 0.0201623

47 46 0.0151918

48 46 0.0101613

49 46 0.00509069

50 46 0

0 47 0

1 47 0.0038357

2 47 0.00765627

3 47 0.0114466

4 47 0.0151918

5 47 0.018877

6 47 0.0224877

7 47 0.0260097

8 47 0.029429

9 47 0.0327322

10 47 0.0359062

11 47 0.0389385

12 47 0.0418171

13 47 0.0445307

14 47 0.0470686

15 47 0.0494207

16 47 0.0515777

17 47 0.0535312

18 47 0.0552734

19 47 0.0567975

20 47 0.0580975

21 47 0.0591681

22 47 0.0600053

23 47 0.0606056

24 47 0.0609668

25 47 0.0610873

26 47 0.0609668

27 47 0.0606056

28 47 0.0600053

29 47 0.0591681

30 47 0.0580975

31 47 0.0567975

32 47 0.0552734

33 47 0.0535312

34 47 0.0515777

35 47 0.0494207

36 47 0.0470686

37 47 0.0445307

38 47 0.0418171

39 47 0.0389385

40 47 0.0359062

41 47 0.0327322

42 47 0.029429

43 47 0.0260097

44 47 0.0224877

45 47 0.018877

46 47 0.0151918

47 47 0.0114466

48 47 0.00765627

49 47 0.0038357

50 47 0

0 48 0

1 48 0.00256558

2 48 0.00512103

3 48 0.00765627

4 48 0.0101613

5 48 0.0126262

6 48 0.0150413

7 48 0.017397

8 48 0.0196841

9 48 0.0218935

10 48 0.0240165

11 48 0.0260447

12 48 0.0279701

13 48 0.0297851

14 48 0.0314826

15 48 0.0330559

16 48 0.0344987

17 48 0.0358053

18 48 0.0369706

19 48 0.03799

20 48 0.0388595

21 48 0.0395756

22 48 0.0401356

23 48 0.0405371

24 48 0.0407787

25 48 0.0408593

26 48 0.0407787

27 48 0.0405371

28 48 0.0401356

29 48 0.0395756

30 48 0.0388595

31 48 0.03799

32 48 0.0369706

33 48 0.0358053

34 48 0.0344987

35 48 0.0330559

36 48 0.0314826

37 48 0.0297851

38 48 0.0279701

39 48 0.0260447

40 48 0.0240165

41 48 0.0218935

42 48 0.0196841

43 48 0.017397

44 48 0.0150413

45 48 0.0126262

46 48 0.0101613

47 48 0.00765627

48 48 0.00512103

49 48 0.00256558

50 48 0

0 49 0

1 49 0.00128532

2 49 0.00256558

3 49 0.0038357

4 49 0.00509069

5 49 0.00632559

6 49 0.00753553

7 49 0.00871572

8 49 0.00986152

9 49 0.0109684

10 49 0.012032

11 49 0.0130481

12 49 0.0140127

13 49 0.014922

14 49 0.0157724

15 49 0.0165606

16 49 0.0172834

17 49 0.017938

18 49 0.0185218

19 49 0.0190326

20 49 0.0194682

21 49 0.0198269

22 49 0.0201075

23 49 0.0203086

24 49 0.0204297

25 49 0.02047

26 49 0.0204297

27 49 0.0203086

28 49 0.0201075

29 49 0.0198269

30 49 0.0194682

31 49 0.0190326

32 49 0.0185218

33 49 0.017938

34 49 0.0172834

35 49 0.0165606

36 49 0.0157724

37 49 0.014922

38 49 0.0140127

39 49 0.0130481

40 49 0.012032

41 49 0.0109684

42 49 0.00986152

43 49 0.00871572

44 49 0.00753553

45 49 0.00632559

46 49 0.00509069

47 49 0.0038357

48 49 0.00256558

49 49 0.00128532

50 49 0

