0 1 0

1 1 0.00230507

2 1 0.00460105

3 1 0.00687886

4 1 0.00912953

5 1 0.0113442

6 1 0.013514

7 1 0.0156306

8 1 0.0176854

9 1 0.0196705

10 1 0.0215779

11 1 0.0234002

12 1 0.0251301

13 1 0.0267608

14 1 0.0282859

15 1 0.0296994

16 1 0.0309957

17 1 0.0321697

18 1 0.0332167

19 1 0.0341326

20 1 0.0349138

21 1 0.0355572

22 1 0.0360603

23 1 0.036421

24 1 0.0366381

25 1 0.0367105

26 1 0.0366381

27 1 0.036421

28 1 0.0360603

29 1 0.0355572

30 1 0.0349138

31 1 0.0341326

32 1 0.0332167

33 1 0.0321697

34 1 0.0309957

35 1 0.0296994

36 1 0.0282859

37 1 0.0267608

38 1 0.0251301

39 1 0.0234002

40 1 0.0215779

41 1 0.0196705

42 1 0.0176854

43 1 0.0156306

44 1 0.013514

45 1 0.0113442

46 1 0.00912953

47 1 0.00687886

48 1 0.00460105

49 1 0.00230507

50 1 0

0 2 0

1 2 0.00460105

2 2 0.00918394

3 2 0.0137306

4 2 0.018223

5 2 0.0226436

6 2 0.0269747

7 2 0.0311995

8 2 0.035301

9 2 0.0392633

10 2 0.0430706

11 2 0.046708

12 2 0.050161

13 2 0.053416

14 2 0.0564602

15 2 0.0592816

16 2 0.0618691

17 2 0.0642124

18 2 0.0663022

19 2 0.0681304

20 2 0.0696898

21 2 0.070974

22 2 0.0719782

23 2 0.0726983

24 2 0.0731315

25 2 0.0732761

26 2 0.0731315

27 2 0.0726983

28 2 0.0719782

29 2 0.070974

30 2 0.0696898

31 2 0.0681304

32 2 0.0663022

33 2 0.0642124

34 2 0.0618691

35 2 0.0592816

36 2 0.0564602

37 2 0.053416

38 2 0.050161

39 2 0.046708

40 2 0.0430706

41 2 0.0392633

42 2 0.035301

43 2 0.0311995

44 2 0.0269747

45 2 0.0226436

46 2 0.018223

47 2 0.0137306

48 2 0.00918394

49 2 0.00460105

50 2 0

0 3 0

1 3 0.00687886

2 3 0.0137306

3 3 0.0205281

4 3 0.0272446

5 3 0.0338536

6 3 0.040329

7 3 0.0466452

8 3 0.0527774

9 3 0.0587012

10 3 0.0643934

11 3 0.0698314

12 3 0.0749939

13 3 0.0798604

14 3 0.0844117

15 3 0.0886299

16 3 0.0924983

17 3 0.0960017

18 3 0.0991261

19 3 0.101859

20 3 0.104191

21 3 0.106111

22 3 0.107612

23 3 0.108689

24 3 0.109336

25 3 0.109553

26 3 0.109336

27 3 0.108689

28 3 0.107612

29 3 0.106111

30 3 0.104191

31 3 0.101859

32 3 0.0991261

33 3 0.0960017

34 3 0.0924983

35 3 0.0886299

36 3 0.0844117

37 3 0.0798604

38 3 0.0749939

39 3 0.0698314

40 3 0.0643934

41 3 0.0587012

42 3 0.0527774

43 3 0.0466452

44 3 0.040329

45 3 0.0338536

46 3 0.0272446

47 3 0.0205281

48 3 0.0137306

49 3 0.00687886

50 3 0

0 4 0

1 4 0.00912953

2 4 0.018223

3 4 0.0272446

4 4 0.0361587

5 4 0.04493

6 4 0.0535241

7 4 0.0619069

8 4 0.0700454

9 4 0.0779074

10 4 0.085462

11 4 0.0926793

12 4 0.0995309

13 4 0.10599

14 4 0.11203

15 4 0.117628

16 4 0.122762

17 4 0.127412

18 4 0.131559

19 4 0.135186

20 4 0.13828

21 4 0.140829

22 4 0.142821

23 4 0.14425

24 4 0.14511

25 4 0.145397

26 4 0.14511

27 4 0.14425

28 4 0.142821

29 4 0.140829

30 4 0.13828

31 4 0.135186

32 4 0.131559

33 4 0.127412

34 4 0.122762

35 4 0.117628

36 4 0.11203

37 4 0.10599

38 4 0.0995309

39 4 0.0926793

40 4 0.085462

41 4 0.0779074

42 4 0.0700454

43 4 0.0619069

44 4 0.0535241

45 4 0.04493

46 4 0.0361587

47 4 0.0272446

48 4 0.018223

49 4 0.00912953

50 4 0

0 5 0

1 5 0.0113442

2 5 0.0226436

3 5 0.0338536

4 5 0.04493

5 5 0.0558292

6 5 0.0665079

7 5 0.0769242

8 5 0.087037

9 5 0.0968062

10 5 0.106193

11 5 0.115161

12 5 0.123675

13 5 0.131701

14 5 0.139206

15 5 0.146163

16 5 0.152542

17 5 0.15832

18 5 0.163472

19 5 0.16798

20 5 0.171824

21 5 0.174991

22 5 0.177467

23 5 0.179242

24 5 0.18031

25 5 0.180667

26 5 0.18031

27 5 0.179242

28 5 0.177467

29 5 0.174991

30 5 0.171824

31 5 0.16798

32 5 0.163472

33 5 0.15832

34 5 0.152542

35 5 0.146163

36 5 0.139206

37 5 0.131701

38 5 0.123675

39 5 0.115161

40 5 0.106193

41 5 0.0968062

42 5 0.087037

43 5 0.0769242

44 5 0.0665079

45 5 0.0558292

46 5 0.04493

47 5 0.0338536

48 5 0.0226436

49 5 0.0113442

50 5 0

0 6 0

1 6 0.013514

2 6 0.0269747

3 6 0.040329

4 6 0.0535241

5 6 0.0665079

6 6 0.0792293

7 6 0.091638

8 6 0.103685

9 6 0.115323

10 6 0.126506

11 6 0.137189

12 6 0.147331

13 6 0.156892

14 6 0.165833

15 6 0.17412

16 6 0.18172

17 6 0.188602

18 6 0.194741

19 6 0.20011

20 6 0.20469

21 6 0.208463

22 6 0.211412

23 6 0.213527

24 6 0.2148

25 6 0.215224

26 6 0.2148

27 6 0.213527

28 6 0.211412

29 6 0.208463

30 6 0.20469

31 6 0.20011

32 6 0.194741

33 6 0.188602

34 6 0.18172

35 6 0.17412

36 6 0.165833

37 6 0.156892

38 6 0.147331

39 6 0.137189

40 6 0.126506

41 6 0.115323

42 6 0.103685

43 6 0.091638

44 6 0.0792293

45 6 0.0665079

46 6 0.0535241

47 6 0.040329

48 6 0.0269747

49 6 0.013514

50 6 0

0 7 0

1 7 0.0156306

2 7 0.0311995

3 7 0.0466452

4 7 0.0619069

5 7 0.0769242

6 7 0.091638

7 7 0.10599

8 7 0.119924

9 7 0.133384

10 7 0.146319

11 7 0.158675

12 7 0.170406

13 7 0.181464

14 7 0.191805

15 7 0.20139

16 7 0.21018

17 7 0.218141

18 7 0.22524

19 7 0.231451

20 7 0.236748

21 7 0.241111

22 7 0.244523

23 7 0.246969

24 7 0.248441

25 7 0.248932

26 7 0.248441

27 7 0.246969

28 7 0.244523

29 7 0.241111

30 7 0.236748

31 7 0.231451

32 7 0.22524

33 7 0.218141

34 7 0.21018

35 7 0.20139

36 7 0.191805

37 7 0.181464

38 7 0.170406

39 7 0.158675

40 7 0.146319

41 7 0.133384

42 7 0.119924

43 7 0.10599

44 7 0.091638

45 7 0.0769242

46 7 0.0619069

47 7 0.0466452

48 7 0.0311995

49 7 0.0156306

50 7 0

0 8 0

1 8 0.0176854

2 8 0.035301

3 8 0.0527774

4 8 0.0700454

5 8 0.087037

6 8 0.103685

7 8 0.119924

8 8 0.13569

9 8 0.15092

10 8 0.165554

11 8 0.179535

12 8 0.192808

13 8 0.20532

14 8 0.217021

15 8 0.227866

16 8 0.237811

17 8 0.246818

18 8 0.254851

19 8 0.261879

20 8 0.267872

21 8 0.272809

22 8 0.276669

23 8 0.279437

24 8 0.281102

25 8 0.281658

26 8 0.281102

27 8 0.279437

28 8 0.276669

29 8 0.272809

30 8 0.267872

31 8 0.261879

32 8 0.254851

33 8 0.246818

34 8 0.237811

35 8 0.227866

36 8 0.217021

37 8 0.20532

38 8 0.192808

39 8 0.179535

40 8 0.165554

41 8 0.15092

42 8 0.13569

43 8 0.119924

44 8 0.103685

45 8 0.087037

46 8 0.0700454

47 8 0.0527774

48 8 0.035301

49 8 0.0176854

50 8 0

0 9 0

1 9 0.0196705

2 9 0.0392633

3 9 0.0587012

4 9 0.0779074

5 9 0.0968062

6 9 0.115323

7 9 0.133384

8 9 0.15092

9 9 0.167859

10 9 0.184136

11 9 0.199687

12 9 0.214449

13 9 0.228365

14 9 0.24138

15 9 0.253442

16 9 0.264504

17 9 0.274522

18 9 0.283456

19 9 0.291272

20 9 0.297939

21 9 0.303429

22 9 0.307723

23 9 0.310801

24 9 0.312653

25 9 0.313271

26 9 0.312653

27 9 0.310801

28 9 0.307723

29 9 0.303429

30 9 0.297939

31 9 0.291272

32 9 0.283456

33 9 0.274522

34 9 0.264504

35 9 0.253442

36 9 0.24138

37 9 0.228365

38 9 0.214449

39 9 0.199687

40 9 0.184136

41 9 0.167859

42 9 0.15092

43 9 0.133384

44 9 0.115323

45 9 0.0968062

46 9 0.0779074

47 9 0.0587012

48 9 0.0392633

49 9 0.0196705

50 9 0

0 10 0

1 10 0.0215779

2 10 0.0430706

3 10 0.0643934

4 10 0.085462

5 10 0.106193

6 10 0.126506

7 10 0.146319

8 10 0.165554

9 10 0.184136

10 10 0.201992

11 10 0.21905

12 10 0.235244

13 10 0.250509

14 10 0.264786

15 10 0.278018

16 10 0.290152

17 10 0.301142

18 10 0.310943

19 10 0.319517

20 10 0.32683

21 10 0.332853

22 10 0.337562

23 10 0.340939

24 10 0.342971

25 10 0.343649

26 10 0.342971

27 10 0.340939

28 10 0.337562

29 10 0.332853

30 10 0.32683

31 10 0.319517

32 10 0.310943

33 10 0.301142

34 10 0.290152

35 10 0.278018

36 10 0.264786

37 10 0.250509

38 10 0.235244

39 10 0.21905

40 10 0.201992

41 10 0.184136

42 10 0.165554

43 10 0.146319

44 10 0.126506

45 10 0.106193

46 10 0.085462

47 10 0.0643934

48 10 0.0430706

49 10 0.0215779

50 10 0

0 11 0

1 11 0.0234002

2 11 0.046708

3 11 0.0698314

4 11 0.0926793

5 11 0.115161

6 11 0.137189

7 11 0.158675

8 11 0.179535

9 11 0.199687

10 11 0.21905

11 11 0.237549

12 11 0.25511

13 11 0.271665

14 11 0.287147

15 11 0.301497

16 11 0.314656

17 11 0.326573

18 11 0.337202

19 11 0.3465

20 11 0.35443

21 11 0.360962

22 11 0.366069

23 11 0.369732

24 11 0.371935

25 11 0.37267

26 11 0.371935

27 11 0.369732

28 11 0.366069

29 11 0.360962

30 11 0.35443

31 11 0.3465

32 11 0.337202

33 11 0.326573

34 11 0.314656

35 11 0.301497

36 11 0.287147

37 11 0.271665

38 11 0.25511

39 11 0.237549

40 11 0.21905

41 11 0.199687

42 11 0.179535

43 11 0.158675

44 11 0.137189

45 11 0.115161

46 11 0.0926793

47 11 0.0698314

48 11 0.046708

49 11 0.0234002

50 11 0

0 12 0

1 12 0.0251301

2 12 0.050161

3 12 0.0749939

4 12 0.0995309

5 12 0.123675

6 12 0.147331

7 12 0.170406

8 12 0.192808

9 12 0.214449

10 12 0.235244

11 12 0.25511

12 12 0.27397

13 12 0.291748

14 12 0.308375

15 12 0.323785

16 12 0.337918

17 12 0.350716

18 12 0.362131

19 12 0.372116

20 12 0.380633

21 12 0.387647

22 12 0.393132

23 12 0.397065

24 12 0.399431

25 12 0.400221

26 12 0.399431

27 12 0.397065

28 12 0.393132

29 12 0.387647

30 12 0.380633

31 12 0.372116

32 12 0.362131

33 12 0.350716

34 12 0.337918

35 12 0.323785

36 12 0.308375

37 12 0.291748

38 12 0.27397

39 12 0.25511

40 12 0.235244

41 12 0.214449

42 12 0.192808

43 12 0.170406

44 12 0.147331

45 12 0.123675

46 12 0.0995309

47 12 0.0749939

48 12 0.050161

49 12 0.0251301

50 12 0

0 13 0

1 13 0.0267608

2 13 0.053416

3 13 0.0798604

4 13 0.10599

5 13 0.131701

6 13 0.156892

7 13 0.181464

8 13 0.20532

9 13 0.228365

10 13 0.250509

11 13 0.271665

12 13 0.291748

13 13 0.310681

14 13 0.328386

15 13 0.344796

16 13 0.359846

17 13 0.373475

18 13 0.38563

19 13 0.396263

20 13 0.405333

21 13 0.412802

22 13 0.418643

23 13 0.422831

24 13 0.425351

25 13 0.426192

26 13 0.425351

27 13 0.422831

28 13 0.418643

29 13 0.412802

30 13 0.405333

31 13 0.396263

32 13 0.38563

33 13 0.373475

34 13 0.359846

35 13 0.344796

36 13 0.328386

37 13 0.310681

38 13 0.291748

39 13 0.271665

40 13 0.250509

41 13 0.228365

42 13 0.20532

43 13 0.181464

44 13 0.156892

45 13 0.131701

46 13 0.10599

47 13 0.0798604

48 13 0.053416

49 13 0.0267608

50 13 0

0 14 0

1 14 0.0282859

2 14 0.0564602

3 14 0.0844117

4 14 0.11203

5 14 0.139206

6 14 0.165833

7 14 0.191805

8 14 0.217021

9 14 0.24138

10 14 0.264786

11 14 0.287147

12 14 0.308375

13 14 0.328386

14 14 0.347102

15 14 0.364447

16 14 0.380354

17 14 0.394759

18 14 0.407607

19 14 0.418847

20 14 0.428433

21 14 0.436328

22 14 0.442502

23 14 0.446929

24 14 0.449592

25 14 0.450481

26 14 0.449592

27 14 0.446929

28 14 0.442502

29 14 0.436328

30 14 0.428433

31 14 0.418847

32 14 0.407607

33 14 0.394759

34 14 0.380354

35 14 0.364447

36 14 0.347102

37 14 0.328386

38 14 0.308375

39 14 0.287147

40 14 0.264786

41 14 0.24138

42 14 0.217021

43 14 0.191805

44 14 0.165833

45 14 0.139206

46 14 0.11203

47 14 0.0844117

48 14 0.0564602

49 14 0.0282859

50 14 0

0 15 0

1 15 0.0296994

2 15 0.0592816

3 15 0.0886299

4 15 0.117628

5 15 0.146163

6 15 0.17412

7 15 0.20139

8 15 0.227866

9 15 0.253442

10 15 0.278018

11 15 0.301497

12 15 0.323785

13 15 0.344796

14 15 0.364447

15 15 0.382659

16 15 0.399361

17 15 0.414486

18 15 0.427976

19 15 0.439777

20 15 0.449842

21 15 0.458132

22 15 0.464614

23 15 0.469263

24 15 0.472059

25 15 0.472992

26 15 0.472059

27 15 0.469263

28 15 0.464614

29 15 0.458132

30 15 0.449842

31 15 0.439777

32 15 0.427976

33 15 0.414486

34 15 0.399361

35 15 0.382659

36 15 0.364447

37 15 0.344796

38 15 0.323785

39 15 0.301497

40 15 0.278018

41 15 0.253442

42 15 0.227866

43 15 0.20139

44 15 0.17412

45 15 0.146163

46 15 0.117628

47 15 0.0886299

48 15 0.0592816

49 15 0.0296994

50 15 0

0 16 0

1 16 0.0309957

2 16 0.0618691

3 16 0.0924983

4 16 0.122762

5 16 0.152542

6 16 0.18172

7 16 0.21018

8 16 0.237811

9 16 0.264504

10 16 0.290152

11 16 0.314656

12 16 0.337918

13 16 0.359846

14 16 0.380354

15 16 0.399361

16 16 0.416791

17 16 0.432577

18 16 0.446656

19 16 0.458972

20 16 0.469476

21 16 0.478128

22 16 0.484893

23 16 0.489744

24 16 0.492663

25 16 0.493637

26 16 0.492663

27 16 0.489744

28 16 0.484893

29 16 0.478128

30 16 0.469476

31 16 0.458972

32 16 0.446656

33 16 0.432577

34 16 0.416791

35 16 0.399361

36 16 0.380354

37 16 0.359846

38 16 0.337918

39 16 0.314656

40 16 0.290152

41 16 0.264504

42 16 0.237811

43 16 0.21018

44 16 0.18172

45 16 0.152542

46 16 0.122762

47 16 0.0924983

48 16 0.0618691

49 16 0.0309957

50 16 0

0 17 0

1 17 0.0321697

2 17 0.0642124

3 17 0.0960017

4 17 0.127412

5 17 0.15832

6 17 0.188602

7 17 0.218141

8 17 0.246818

9 17 0.274522

10 17 0.301142

11 17 0.326573

12 17 0.350716

13 17 0.373475

14 17 0.394759

15 17 0.414486

16 17 0.432577

17 17 0.448961

18 17 0.463573

19 17 0.476355

20 17 0.487258

21 17 0.496237

22 17 0.503258

23 17 0.508293

24 17 0.511322

25 17 0.512333

26 17 0.511322

27 17 0.508293

28 17 0.503258

29 17 0.496237

30 17 0.487258

31 17 0.476355

32 17 0.463573

33 17 0.448961

34 17 0.432577

35 17 0.414486

36 17 0.394759

37 17 0.373475

38 17 0.350716

39 17 0.326573

40 17 0.301142

41 17 0.274522

42 17 0.246818

43 17 0.218141

44 17 0.188602

45 17 0.15832

46 17 0.127412

47 17 0.0960017

48 17 0.0642124

49 17 0.0321697

50 17 0

0 18 0

1 18 0.0332167

2 18 0.0663022

3 18 0.0991261

4 18 0.131559

5 18 0.163472

6 18 0.194741

7 18 0.22524

8 18 0.254851

9 18 0.283456

10 18 0.310943

11 18 0.337202

12 18 0.362131

13 18 0.38563

14 18 0.407607

15 18 0.427976

16 18 0.446656

17 18 0.463573

18 18 0.47866

19 18 0.491859

20 18 0.503116

21 18 0.512388

22 18 0.519637

23 18 0.524836

24 18 0.527964

25 18 0.529008

26 18 0.527964

27 18 0.524836

28 18 0.519637

29 18 0.512388

30 18 0.503116

31 18 0.491859

32 18 0.47866

33 18 0.463573

34 18 0.446656

35 18 0.427976

36 18 0.407607

37 18 0.38563

38 18 0.362131

39 18 0.337202

40 18 0.310943

41 18 0.283456

42 18 0.254851

43 18 0.22524

44 18 0.194741

45 18 0.163472

46 18 0.131559

47 18 0.0991261

48 18 0.0663022

49 18 0.0332167

50 18 0

0 19 0

1 19 0.0341326

2 19 0.0681304

3 19 0.101859

4 19 0.135186

5 19 0.16798

6 19 0.20011

7 19 0.231451

8 19 0.261879

9 19 0.291272

10 19 0.319517

11 19 0.3465

12 19 0.372116

13 19 0.396263

14 19 0.418847

15 19 0.439777

16 19 0.458972

17 19 0.476355

18 19 0.491859

19 19 0.505421

20 19 0.516989

21 19 0.526516

22 19 0.533966

23 19 0.539308

24 19 0.542522

25 19 0.543594

26 19 0.542522

27 19 0.539308

28 19 0.533966

29 19 0.526516

30 19 0.516989

31 19 0.505421

32 19 0.491859

33 19 0.476355

34 19 0.458972

35 19 0.439777

36 19 0.418847

37 19 0.396263

38 19 0.372116

39 19 0.3465

40 19 0.319517

41 19 0.291272

42 19 0.261879

43 19 0.231451

44 19 0.20011

45 19 0.16798

46 19 0.135186

47 19 0.101859

48 19 0.0681304

49 19 0.0341326

50 19 0

0 20 0

1 20 0.0349138

2 20 0.0696898

3 20 0.104191

4 20 0.13828

5 20 0.171824

6 20 0.20469

7 20 0.236748

8 20 0.267872

9 20 0.297939

10 20 0.32683

11 20 0.35443

12 20 0.380633

13 20 0.405333

14 20 0.428433

15 20 0.449842

16 20 0.469476

17 20 0.487258

18 20 0.503116

19 20 0.516989

20 20 0.528821

21 20 0.538567

22 20 0.546187

23 20 0.551651

24 20 0.554938

25 20 0.556036

26 20 0.554938

27 20 0.551651

28 20 0.546187

29 20 0.538567

30 20 0.528821

31 20 0.516989

32 20 0.503116

33 20 0.487258

34 20 0.469476

35 20 0.449842

36 20 0.428433

37 20 0.405333

38 20 0.380633

39 20 0.35443

40 20 0.32683

41 20 0.297939

42 20 0.267872

43 20 0.236748

44 20 0.20469

45 20 0.171824

46 20 0.13828

47 20 0.104191

48 20 0.0696898

49 20 0.0349138

50 20 0

0 21 0

1 21 0.0355572

2 21 0.070974

3 21 0.106111

4 21 0.140829

5 21 0.174991

6 21 0.208463

7 21 0.241111

8 21 0.272809

9 21 0.303429

10 21 0.332853

11 21 0.360962

12 21 0.387647

13 21 0.412802

14 21 0.436328

15 21 0.458132

16 21 0.478128

17 21 0.496237

18 21 0.512388

19 21 0.526516

20 21 0.538567

21 21 0.548492

22 21 0.556252

23 21 0.561817

24 21 0.565165

25 21 0.566283

26 21 0.565165

27 21 0.561817

28 21 0.556252

29 21 0.548492

30 21 0.538567

31 21 0.526516

32 21 0.512388

33 21 0.496237

34 21 0.478128

35 21 0.458132

36 21 0.436328

37 21 0.412802

38 21 0.387647

39 21 0.360962

40 21 0.332853

41 21 0.303429

42 21 0.272809

43 21 0.241111

44 21 0.208463

45 21 0.174991

46 21 0.140829

47 21 0.106111

48 21 0.070974

49 21 0.0355572

50 21 0

0 22 0

1 22 0.0360603

2 22 0.0719782

3 22 0.107612

4 22 0.142821

5 22 0.177467

6 22 0.211412

7 22 0.244523

8 22 0.276669

9 22 0.307723

10 22 0.337562

11 22 0.366069

12 22 0.393132

13 22 0.418643

14 22 0.442502

15 22 0.464614

16 22 0.484893

17 22 0.503258

18 22 0.519637

19 22 0.533966

20 22 0.546187

21 22 0.556252

22 22 0.564122

23 22 0.569766

24 22 0.573162

25 22 0.574295

26 22 0.573162

27 22 0.569766

28 22 0.564122

29 22 0.556252

30 22 0.546187

31 22 0.533966

32 22 0.519637

33 22 0.503258

34 22 0.484893

35 22 0.464614

36 22 0.442502

37 22 0.418643

38 22 0.393132

39 22 0.366069

40 22 0.337562

41 22 0.307723

42 22 0.276669

43 22 0.244523

44 22 0.211412

45 22 0.177467

46 22 0.142821

47 22 0.107612

48 22 0.0719782

49 22 0.0360603

50 22 0

0 23 0

1 23 0.036421

2 23 0.0726983

3 23 0.108689

4 23 0.14425

5 23 0.179242

6 23 0.213527

7 23 0.246969

8 23 0.279437

9 23 0.310801

10 23 0.340939

11 23 0.369732

12 23 0.397065

13 23 0.422831

14 23 0.446929

15 23 0.469263

16 23 0.489744

17 23 0.508293

18 23 0.524836

19 23 0.539308

20 23 0.551651

21 23 0.561817

22 23 0.569766

23 23 0.575467

24 23 0.578896

25 23 0.58004

26 23 0.578896

27 23 0.575467

28 23 0.569766

29 23 0.561817

30 23 0.551651

31 23 0.539308

32 23 0.524836

33 23 0.508293

34 23 0.489744

35 23 0.469263

36 23 0.446929

37 23 0.422831

38 23 0.397065

39 23 0.369732

40 23 0.340939

41 23 0.310801

42 23 0.279437

43 23 0.246969

44 23 0.213527

45 23 0.179242

46 23 0.14425

47 23 0.108689

48 23 0.0726983

49 23 0.036421

50 23 0

0 24 0

1 24 0.0366381

2 24 0.0731315

3 24 0.109336

4 24 0.14511

5 24 0.18031

6 24 0.2148

7 24 0.248441

8 24 0.281102

9 24 0.312653

10 24 0.342971

11 24 0.371935

12 24 0.399431

13 24 0.425351

14 24 0.449592

15 24 0.472059

16 24 0.492663

17 24 0.511322

18 24 0.527964

19 24 0.542522

20 24 0.554938

21 24 0.565165

22 24 0.573162

23 24 0.578896

24 24 0.582345

25 24 0.583497

26 24 0.582345

27 24 0.578896

28 24 0.573162

29 24 0.565165

30 24 0.554938

31 24 0.542522

32 24 0.527964

33 24 0.511322

34 24 0.492663

35 24 0.472059

36 24 0.449592

37 24 0.425351

38 24 0.399431

39 24 0.371935

40 24 0.342971

41 24 0.312653

42 24 0.281102

43 24 0.248441

44 24 0.2148

45 24 0.18031

46 24 0.14511

47 24 0.109336

48 24 0.0731315

49 24 0.0366381

50 24 0

0 25 0

1 25 0.0367105

2 25 0.0732761

3 25 0.109553

4 25 0.145397

5 25 0.180667

6 25 0.215224

7 25 0.248932

8 25 0.281658

9 25 0.313271

10 25 0.343649

11 25 0.37267

12 25 0.400221

13 25 0.426192

14 25 0.450481

15 25 0.472992

16 25 0.493637

17 25 0.512333

18 25 0.529008

19 25 0.543594

20 25 0.556036

21 25 0.566283

22 25 0.574295

23 25 0.58004

24 25 0.583497

25 25 0.584651

26 25 0.583497

27 25 0.58004

28 25 0.574295

29 25 0.566283

30 25 0.556036

31 25 0.543594

32 25 0.529008

33 25 0.512333

34 25 0.493637

35 25 0.472992

36 25 0.450481

37 25 0.426192

38 25 0.400221

39 25 0.37267

40 25 0.343649

41 25 0.313271

42 25 0.281658

43 25 0.248932

44 25 0.215224

45 25 0.180667

46 25 0.145397

47 25 0.109553

48 25 0.0732761

49 25 0.0367105

50 25 0

0 26 0

1 26 0.0366381

2 26 0.0731315

3 26 0.109336

4 26 0.14511

5 26 0.18031

6 26 0.2148

7 26 0.248441

8 26 0.281102

9 26 0.312653

10 26 0.342971

11 26 0.371935

12 26 0.399431

13 26 0.425351

14 26 0.449592

15 26 0.472059

16 26 0.492663

17 26 0.511322

18 26 0.527964

19 26 0.542522

20 26 0.554938

21 26 0.565165

22 26 0.573162

23 26 0.578896

24 26 0.582345

25 26 0.583497

26 26 0.582345

27 26 0.578896

28 26 0.573162

29 26 0.565165

30 26 0.554938

31 26 0.542522

32 26 0.527964

33 26 0.511322

34 26 0.492663

35 26 0.472059

36 26 0.449592

37 26 0.425351

38 26 0.399431

39 26 0.371935

40 26 0.342971

41 26 0.312653

42 26 0.281102

43 26 0.248441

44 26 0.2148

45 26 0.18031

46 26 0.14511

47 26 0.109336

48 26 0.0731315

49 26 0.0366381

50 26 0

0 27 0

1 27 0.036421

2 27 0.0726983

3 27 0.108689

4 27 0.14425

5 27 0.179242

6 27 0.213527

7 27 0.246969

8 27 0.279437

9 27 0.310801

10 27 0.340939

11 27 0.369732

12 27 0.397065

13 27 0.422831

14 27 0.446929

15 27 0.469263

16 27 0.489744

17 27 0.508293

18 27 0.524836

19 27 0.539308

20 27 0.551651

21 27 0.561817

22 27 0.569766

23 27 0.575467

24 27 0.578896

25 27 0.58004

26 27 0.578896

27 27 0.575467

28 27 0.569766

29 27 0.561817

30 27 0.551651

31 27 0.539308

32 27 0.524836

33 27 0.508293

34 27 0.489744

35 27 0.469263

36 27 0.446929

37 27 0.422831

38 27 0.397065

39 27 0.369732

40 27 0.340939

41 27 0.310801

42 27 0.279437

43 27 0.246969

44 27 0.213527

45 27 0.179242

46 27 0.14425

47 27 0.108689

48 27 0.0726983

49 27 0.036421

50 27 0

0 28 0

1 28 0.0360603

2 28 0.0719782

3 28 0.107612

4 28 0.142821

5 28 0.177467

6 28 0.211412

7 28 0.244523

8 28 0.276669

9 28 0.307723

10 28 0.337562

11 28 0.366069

12 28 0.393132

13 28 0.418643

14 28 0.442502

15 28 0.464614

16 28 0.484893

17 28 0.503258

18 28 0.519637

19 28 0.533966

20 28 0.546187

21 28 0.556252

22 28 0.564122

23 28 0.569766

24 28 0.573162

25 28 0.574295

26 28 0.573162

27 28 0.569766

28 28 0.564122

29 28 0.556252

30 28 0.546187

31 28 0.533966

32 28 0.519637

33 28 0.503258

34 28 0.484893

35 28 0.464614

36 28 0.442502

37 28 0.418643

38 28 0.393132

39 28 0.366069

40 28 0.337562

41 28 0.307723

42 28 0.276669

43 28 0.244523

44 28 0.211412

45 28 0.177467

46 28 0.142821

47 28 0.107612

48 28 0.0719782

49 28 0.0360603

50 28 0

0 29 0

1 29 0.0355572

2 29 0.070974

3 29 0.106111

4 29 0.140829

5 29 0.174991

6 29 0.208463

7 29 0.241111

8 29 0.272809

9 29 0.303429

10 29 0.332853

11 29 0.360962

12 29 0.387647

13 29 0.412802

14 29 0.436328

15 29 0.458132

16 29 0.478128

17 29 0.496237

18 29 0.512388

19 29 0.526516

20 29 0.538567

21 29 0.548492

22 29 0.556252

23 29 0.561817

24 29 0.565165

25 29 0.566283

26 29 0.565165

27 29 0.561817

28 29 0.556252

29 29 0.548492

30 29 0.538567

31 29 0.526516

32 29 0.512388

33 29 0.496237

34 29 0.478128

35 29 0.458132

36 29 0.436328

37 29 0.412802

38 29 0.387647

39 29 0.360962

40 29 0.332853

41 29 0.303429

42 29 0.272809

43 29 0.241111

44 29 0.208463

45 29 0.174991

46 29 0.140829

47 29 0.106111

48 29 0.070974

49 29 0.0355572

50 29 0

0 30 0

1 30 0.0349138

2 30 0.0696898

3 30 0.104191

4 30 0.13828

5 30 0.171824

6 30 0.20469

7 30 0.236748

8 30 0.267872

9 30 0.297939

10 30 0.32683

11 30 0.35443

12 30 0.380633

13 30 0.405333

14 30 0.428433

15 30 0.449842

16 30 0.469476

17 30 0.487258

18 30 0.503116

19 30 0.516989

20 30 0.528821

21 30 0.538567

22 30 0.546187

23 30 0.551651

24 30 0.554938

25 30 0.556036

26 30 0.554938

27 30 0.551651

28 30 0.546187

29 30 0.538567

30 30 0.528821

31 30 0.516989

32 30 0.503116

33 30 0.487258

34 30 0.469476

35 30 0.449842

36 30 0.428433

37 30 0.405333

38 30 0.380633

39 30 0.35443

40 30 0.32683

41 30 0.297939

42 30 0.267872

43 30 0.236748

44 30 0.20469

45 30 0.171824

46 30 0.13828

47 30 0.104191

48 30 0.0696898

49 30 0.0349138

50 30 0

0 31 0

1 31 0.0341326

2 31 0.0681304

3 31 0.101859

4 31 0.135186

5 31 0.16798

6 31 0.20011

7 31 0.231451

8 31 0.261879

9 31 0.291272

10 31 0.319517

11 31 0.3465

12 31 0.372116

13 31 0.396263

14 31 0.418847

15 31 0.439777

16 31 0.458972

17 31 0.476355

18 31 0.491859

19 31 0.505421

20 31 0.516989

21 31 0.526516

22 31 0.533966

23 31 0.539308

24 31 0.542522

25 31 0.543594

26 31 0.542522

27 31 0.539308

28 31 0.533966

29 31 0.526516

30 31 0.516989

31 31 0.505421

32 31 0.491859

33 31 0.476355

34 31 0.458972

35 31 0.439777

36 31 0.418847

37 31 0.396263

38 31 0.372116

39 31 0.3465

40 31 0.319517

41 31 0.291272

42 31 0.261879

43 31 0.231451

44 31 0.20011

45 31 0.16798

46 31 0.135186

47 31 0.101859

48 31 0.0681304

49 31 0.0341326

50 31 0

0 32 0

1 32 0.0332167

2 32 0.0663022

3 32 0.0991261

4 32 0.131559

5 32 0.163472

6 32 0.194741

7 32 0.22524

8 32 0.254851

9 32 0.283456

10 32 0.310943

11 32 0.337202

12 32 0.362131

13 32 0.38563

14 32 0.407607

15 32 0.427976

16 32 0.446656

17 32 0.463573

18 32 0.47866

19 32 0.491859

20 32 0.503116

21 32 0.512388

22 32 0.519637

23 32 0.524836

24 32 0.527964

25 32 0.529008

26 32 0.527964

27 32 0.524836

28 32 0.519637

29 32 0.512388

30 32 0.503116

31 32 0.491859

32 32 0.47866

33 32 0.463573

34 32 0.446656

35 32 0.427976

36 32 0.407607

37 32 0.38563

38 32 0.362131

39 32 0.337202

40 32 0.310943

41 32 0.283456

42 32 0.254851

43 32 0.22524

44 32 0.194741

45 32 0.163472

46 32 0.131559

47 32 0.0991261

48 32 0.0663022

49 32 0.0332167

50 32 0

0 33 0

1 33 0.0321697

2 33 0.0642124

3 33 0.0960017

4 33 0.127412

5 33 0.15832

6 33 0.188602

7 33 0.218141

8 33 0.246818

9 33 0.274522

10 33 0.301142

11 33 0.326573

12 33 0.350716

13 33 0.373475

14 33 0.394759

15 33 0.414486

16 33 0.432577

17 33 0.448961

18 33 0.463573

19 33 0.476355

20 33 0.487258

21 33 0.496237

22 33 0.503258

23 33 0.508293

24 33 0.511322

25 33 0.512333

26 33 0.511322

27 33 0.508293

28 33 0.503258

29 33 0.496237

30 33 0.487258

31 33 0.476355

32 33 0.463573

33 33 0.448961

34 33 0.432577

35 33 0.414486

36 33 0.394759

37 33 0.373475

38 33 0.350716

39 33 0.326573

40 33 0.301142

41 33 0.274522

42 33 0.246818

43 33 0.218141

44 33 0.188602

45 33 0.15832

46 33 0.127412

47 33 0.0960017

48 33 0.0642124

49 33 0.0321697

50 33 0

0 34 0

1 34 0.0309957

2 34 0.0618691

3 34 0.0924983

4 34 0.122762

5 34 0.152542

6 34 0.18172

7 34 0.21018

8 34 0.237811

9 34 0.264504

10 34 0.290152

11 34 0.314656

12 34 0.337918

13 34 0.359846

14 34 0.380354

15 34 0.399361

16 34 0.416791

17 34 0.432577

18 34 0.446656

19 34 0.458972

20 34 0.469476

21 34 0.478128

22 34 0.484893

23 34 0.489744

24 34 0.492663

25 34 0.493637

26 34 0.492663

27 34 0.489744

28 34 0.484893

29 34 0.478128

30 34 0.469476

31 34 0.458972

32 34 0.446656

33 34 0.432577

34 34 0.416791

35 34 0.399361

36 34 0.380354

37 34 0.359846

38 34 0.337918

39 34 0.314656

40 34 0.290152

41 34 0.264504

42 34 0.237811

43 34 0.21018

44 34 0.18172

45 34 0.152542

46 34 0.122762

47 34 0.0924983

48 34 0.0618691

49 34 0.0309957

50 34 0

0 35 0

1 35 0.0296994

2 35 0.0592816

3 35 0.0886299

4 35 0.117628

5 35 0.146163

6 35 0.17412

7 35 0.20139

8 35 0.227866

9 35 0.253442

10 35 0.278018

11 35 0.301497

12 35 0.323785

13 35 0.344796

14 35 0.364447

15 35 0.382659

16 35 0.399361

17 35 0.414486

18 35 0.427976

19 35 0.439777

20 35 0.449842

21 35 0.458132

22 35 0.464614

23 35 0.469263

24 35 0.472059

25 35 0.472992

26 35 0.472059

27 35 0.469263

28 35 0.464614

29 35 0.458132

30 35 0.449842

31 35 0.439777

32 35 0.427976

33 35 0.414486

34 35 0.399361

35 35 0.382659

36 35 0.364447

37 35 0.344796

38 35 0.323785

39 35 0.301497

40 35 0.278018

41 35 0.253442

42 35 0.227866

43 35 0.20139

44 35 0.17412

45 35 0.146163

46 35 0.117628

47 35 0.0886299

48 35 0.0592816

49 35 0.0296994

50 35 0

0 36 0

1 36 0.0282859

2 36 0.0564602

3 36 0.0844117

4 36 0.11203

5 36 0.139206

6 36 0.165833

7 36 0.191805

8 36 0.217021

9 36 0.24138

10 36 0.264786

11 36 0.287147

12 36 0.308375

13 36 0.328386

14 36 0.347102

15 36 0.364447

16 36 0.380354

17 36 0.394759

18 36 0.407607

19 36 0.418847

20 36 0.428433

21 36 0.436328

22 36 0.442502

23 36 0.446929

24 36 0.449592

25 36 0.450481

26 36 0.449592

27 36 0.446929

28 36 0.442502

29 36 0.436328

30 36 0.428433

31 36 0.418847

32 36 0.407607

33 36 0.394759

34 36 0.380354

35 36 0.364447

36 36 0.347102

37 36 0.328386

38 36 0.308375

39 36 0.287147

40 36 0.264786

41 36 0.24138

42 36 0.217021

43 36 0.191805

44 36 0.165833

45 36 0.139206

46 36 0.11203

47 36 0.0844117

48 36 0.0564602

49 36 0.0282859

50 36 0

0 37 0

1 37 0.0267608

2 37 0.053416

3 37 0.0798604

4 37 0.10599

5 37 0.131701

6 37 0.156892

7 37 0.181464

8 37 0.20532

9 37 0.228365

10 37 0.250509

11 37 0.271665

12 37 0.291748

13 37 0.310681

14 37 0.328386

15 37 0.344796

16 37 0.359846

17 37 0.373475

18 37 0.38563

19 37 0.396263

20 37 0.405333

21 37 0.412802

22 37 0.418643

23 37 0.422831

24 37 0.425351

25 37 0.426192

26 37 0.425351

27 37 0.422831

28 37 0.418643

29 37 0.412802

30 37 0.405333

31 37 0.396263

32 37 0.38563

33 37 0.373475

34 37 0.359846

35 37 0.344796

36 37 0.328386

37 37 0.310681

38 37 0.291748

39 37 0.271665

40 37 0.250509

41 37 0.228365

42 37 0.20532

43 37 0.181464

44 37 0.156892

45 37 0.131701

46 37 0.10599

47 37 0.0798604

48 37 0.053416

49 37 0.0267608

50 37 0

0 38 0

1 38 0.0251301

2 38 0.050161

3 38 0.0749939

4 38 0.0995309

5 38 0.123675

6 38 0.147331

7 38 0.170406

8 38 0.192808

9 38 0.214449

10 38 0.235244

11 38 0.25511

12 38 0.27397

13 38 0.291748

14 38 0.308375

15 38 0.323785

16 38 0.337918

17 38 0.350716

18 38 0.362131

19 38 0.372116

20 38 0.380633

21 38 0.387647

22 38 0.393132

23 38 0.397065

24 38 0.399431

25 38 0.400221

26 38 0.399431

27 38 0.397065

28 38 0.393132

29 38 0.387647

30 38 0.380633

31 38 0.372116

32 38 0.362131

33 38 0.350716

34 38 0.337918

35 38 0.323785

36 38 0.308375

37 38 0.291748

38 38 0.27397

39 38 0.25511

40 38 0.235244

41 38 0.214449

42 38 0.192808

43 38 0.170406

44 38 0.147331

45 38 0.123675

46 38 0.0995309

47 38 0.0749939

48 38 0.050161

49 38 0.0251301

50 38 0

0 39 0

1 39 0.0234002

2 39 0.046708

3 39 0.0698314

4 39 0.0926793

5 39 0.115161

6 39 0.137189

7 39 0.158675

8 39 0.179535

9 39 0.199687

10 39 0.21905

11 39 0.237549

12 39 0.25511

13 39 0.271665

14 39 0.287147

15 39 0.301497

16 39 0.314656

17 39 0.326573

18 39 0.337202

19 39 0.3465

20 39 0.35443

21 39 0.360962

22 39 0.366069

23 39 0.369732

24 39 0.371935

25 39 0.37267

26 39 0.371935

27 39 0.369732

28 39 0.366069

29 39 0.360962

30 39 0.35443

31 39 0.3465

32 39 0.337202

33 39 0.326573

34 39 0.314656

35 39 0.301497

36 39 0.287147

37 39 0.271665

38 39 0.25511

39 39 0.237549

40 39 0.21905

41 39 0.199687

42 39 0.179535

43 39 0.158675

44 39 0.137189

45 39 0.115161

46 39 0.0926793

47 39 0.0698314

48 39 0.046708

49 39 0.0234002

50 39 0

0 40 0

1 40 0.0215779

2 40 0.0430706

3 40 0.0643934

4 40 0.085462

5 40 0.106193

6 40 0.126506

7 40 0.146319

8 40 0.165554

9 40 0.184136

10 40 0.201992

11 40 0.21905

12 40 0.235244

13 40 0.250509

14 40 0.264786

15 40 0.278018

16 40 0.290152

17 40 0.301142

18 40 0.310943

19 40 0.319517

20 40 0.32683

21 40 0.332853

22 40 0.337562

23 40 0.340939

24 40 0.342971

25 40 0.343649

26 40 0.342971

27 40 0.340939

28 40 0.337562

29 40 0.332853

30 40 0.32683

31 40 0.319517

32 40 0.310943

33 40 0.301142

34 40 0.290152

35 40 0.278018

36 40 0.264786

37 40 0.250509

38 40 0.235244

39 40 0.21905

40 40 0.201992

41 40 0.184136

42 40 0.165554

43 40 0.146319

44 40 0.126506

45 40 0.106193

46 40 0.085462

47 40 0.0643934

48 40 0.0430706

49 40 0.0215779

50 40 0

0 41 0

1 41 0.0196705

2 41 0.0392633

3 41 0.0587012

4 41 0.0779074

5 41 0.0968062

6 41 0.115323

7 41 0.133384

8 41 0.15092

9 41 0.167859

10 41 0.184136

11 41 0.199687

12 41 0.214449

13 41 0.228365

14 41 0.24138

15 41 0.253442

16 41 0.264504

17 41 0.274522

18 41 0.283456

19 41 0.291272

20 41 0.297939

21 41 0.303429

22 41 0.307723

23 41 0.310801

24 41 0.312653

25 41 0.313271

26 41 0.312653

27 41 0.310801

28 41 0.307723

29 41 0.303429

30 41 0.297939

31 41 0.291272

32 41 0.283456

33 41 0.274522

34 41 0.264504

35 41 0.253442

36 41 0.24138

37 41 0.228365

38 41 0.214449

39 41 0.199687

40 41 0.184136

41 41 0.167859

42 41 0.15092

43 41 0.133384

44 41 0.115323

45 41 0.0968062

46 41 0.0779074

47 41 0.0587012

48 41 0.0392633

49 41 0.0196705

50 41 0

0 42 0

1 42 0.0176854

2 42 0.035301

3 42 0.0527774

4 42 0.0700454

5 42 0.087037

6 42 0.103685

7 42 0.119924

8 42 0.13569

9 42 0.15092

10 42 0.165554

11 42 0.179535

12 42 0.192808

13 42 0.20532

14 42 0.217021

15 42 0.227866

16 42 0.237811

17 42 0.246818

18 42 0.254851

19 42 0.261879

20 42 0.267872

21 42 0.272809

22 42 0.276669

23 42 0.279437

24 42 0.281102

25 42 0.281658

26 42 0.281102

27 42 0.279437

28 42 0.276669

29 42 0.272809

30 42 0.267872

31 42 0.261879

32 42 0.254851

33 42 0.246818

34 42 0.237811

35 42 0.227866

36 42 0.217021

37 42 0.20532

38 42 0.192808

39 42 0.179535

40 42 0.165554

41 42 0.15092

42 42 0.13569

43 42 0.119924

44 42 0.103685

45 42 0.087037

46 42 0.0700454

47 42 0.0527774

48 42 0.035301

49 42 0.0176854

50 42 0

0 43 0

1 43 0.0156306

2 43 0.0311995

3 43 0.0466452

4 43 0.0619069

5 43 0.0769242

6 43 0.091638

7 43 0.10599

8 43 0.119924

9 43 0.133384

10 43 0.146319

11 43 0.158675

12 43 0.170406

13 43 0.181464

14 43 0.191805

15 43 0.20139

16 43 0.21018

17 43 0.218141

18 43 0.22524

19 43 0.231451

20 43 0.236748

21 43 0.241111

22 43 0.244523

23 43 0.246969

24 43 0.248441

25 43 0.248932

26 43 0.248441

27 43 0.246969

28 43 0.244523

29 43 0.241111

30 43 0.236748

31 43 0.231451

32 43 0.22524

33 43 0.218141

34 43 0.21018

35 43 0.20139

36 43 0.191805

37 43 0.181464

38 43 0.170406

39 43 0.158675

40 43 0.146319

41 43 0.133384

42 43 0.119924

43 43 0.10599

44 43 0.091638

45 43 0.0769242

46 43 0.0619069

47 43 0.0466452

48 43 0.0311995

49 43 0.0156306

50 43 0

0 44 0

1 44 0.013514

2 44 0.0269747

3 44 0.040329

4 44 0.0535241

5 44 0.0665079

6 44 0.0792293

7 44 0.091638

8 44 0.103685

9 44 0.115323

10 44 0.126506

11 44 0.137189

12 44 0.147331

13 44 0.156892

14 44 0.165833

15 44 0.17412

16 44 0.18172

17 44 0.188602

18 44 0.194741

19 44 0.20011

20 44 0.20469

21 44 0.208463

22 44 0.211412

23 44 0.213527

24 44 0.2148

25 44 0.215224

26 44 0.2148

27 44 0.213527

28 44 0.211412

29 44 0.208463

30 44 0.20469

31 44 0.20011

32 44 0.194741

33 44 0.188602

34 44 0.18172

35 44 0.17412

36 44 0.165833

37 44 0.156892

38 44 0.147331

39 44 0.137189

40 44 0.126506

41 44 0.115323

42 44 0.103685

43 44 0.091638

44 44 0.0792293

45 44 0.0665079

46 44 0.0535241

47 44 0.040329

48 44 0.0269747

49 44 0.013514

50 44 0

0 45 0

1 45 0.0113442

2 45 0.0226436

3 45 0.0338536

4 45 0.04493

5 45 0.0558292

6 45 0.0665079

7 45 0.0769242

8 45 0.087037

9 45 0.0968062

10 45 0.106193

11 45 0.115161

12 45 0.123675

13 45 0.131701

14 45 0.139206

15 45 0.146163

16 45 0.152542

17 45 0.15832

18 45 0.163472

19 45 0.16798

20 45 0.171824

21 45 0.174991

22 45 0.177467

23 45 0.179242

24 45 0.18031

25 45 0.180667

26 45 0.18031

27 45 0.179242

28 45 0.177467

29 45 0.174991

30 45 0.171824

31 45 0.16798

32 45 0.163472

33 45 0.15832

34 45 0.152542

35 45 0.146163

36 45 0.139206

37 45 0.131701

38 45 0.123675

39 45 0.115161

40 45 0.106193

41 45 0.0968062

42 45 0.087037

43 45 0.0769242

44 45 0.0665079

45 45 0.0558292

46 45 0.04493

47 45 0.0338536

48 45 0.0226436

49 45 0.0113442

50 45 0

0 46 0

1 46 0.00912953

2 46 0.018223

3 46 0.0272446

4 46 0.0361587

5 46 0.04493

6 46 0.0535241

7 46 0.0619069

8 46 0.0700454

9 46 0.0779074

10 46 0.085462

11 46 0.0926793

12 46 0.0995309

13 46 0.10599

14 46 0.11203

15 46 0.117628

16 46 0.122762

17 46 0.127412

18 46 0.131559

19 46 0.135186

20 46 0.13828

21 46 0.140829

22 46 0.142821

23 46 0.14425

24 46 0.14511

25 46 0.145397

26 46 0.14511

27 46 0.14425

28 46 0.142821

29 46 0.140829

30 46 0.13828

31 46 0.135186

32 46 0.131559

33 46 0.127412

34 46 0.122762

35 46 0.117628

36 46 0.11203

37 46 0.10599

38 46 0.0995309

39 46 0.0926793

40 46 0.085462

41 46 0.0779074

42 46 0.0700454

43 46 0.0619069

44 46 0.0535241

45 46 0.04493

46 46 0.0361587

47 46 0.0272446

48 46 0.018223

49 46 0.00912953

50 46 0

0 47 0

1 47 0.00687886

2 47 0.0137306

3 47 0.0205281

4 47 0.0272446

5 47 0.0338536

6 47 0.040329

7 47 0.0466452

8 47 0.0527774

9 47 0.0587012

10 47 0.0643934

11 47 0.0698314

12 47 0.0749939

13 47 0.0798604

14 47 0.0844117

15 47 0.0886299

16 47 0.0924983

17 47 0.0960017

18 47 0.0991261

19 47 0.101859

20 47 0.104191

21 47 0.106111

22 47 0.107612

23 47 0.108689

24 47 0.109336

25 47 0.109553

26 47 0.109336

27 47 0.108689

28 47 0.107612

29 47 0.106111

30 47 0.104191

31 47 0.101859

32 47 0.0991261

33 47 0.0960017

34 47 0.0924983

35 47 0.0886299

36 47 0.0844117

37 47 0.0798604

38 47 0.0749939

39 47 0.0698314

40 47 0.0643934

41 47 0.0587012

42 47 0.0527774

43 47 0.0466452

44 47 0.040329

45 47 0.0338536

46 47 0.0272446

47 47 0.0205281

48 47 0.0137306

49 47 0.00687886

50 47 0

0 48 0

1 48 0.00460105

2 48 0.00918394

3 48 0.0137306

4 48 0.018223

5 48 0.0226436

6 48 0.0269747

7 48 0.0311995

8 48 0.035301

9 48 0.0392633

10 48 0.0430706

11 48 0.046708

12 48 0.050161

13 48 0.053416

14 48 0.0564602

15 48 0.0592816

16 48 0.0618691

17 48 0.0642124

18 48 0.0663022

19 48 0.0681304

20 48 0.0696898

21 48 0.070974

22 48 0.0719782

23 48 0.0726983

24 48 0.0731315

25 48 0.0732761

26 48 0.0731315

27 48 0.0726983

28 48 0.0719782

29 48 0.070974

30 48 0.0696898

31 48 0.0681304

32 48 0.0663022

33 48 0.0642124

34 48 0.0618691

35 48 0.0592816

36 48 0.0564602

37 48 0.053416

38 48 0.050161

39 48 0.046708

40 48 0.0430706

41 48 0.0392633

42 48 0.035301

43 48 0.0311995

44 48 0.0269747

45 48 0.0226436

46 48 0.018223

47 48 0.0137306

48 48 0.00918394

49 48 0.00460105

50 48 0

0 49 0

1 49 0.00230507

2 49 0.00460105

3 49 0.00687886

4 49 0.00912953

5 49 0.0113442

6 49 0.013514

7 49 0.0156306

8 49 0.0176854

9 49 0.0196705

10 49 0.0215779

11 49 0.0234002

12 49 0.0251301

13 49 0.0267608

14 49 0.0282859

15 49 0.0296994

16 49 0.0309957

17 49 0.0321697

18 49 0.0332167

19 49 0.0341326

20 49 0.0349138

21 49 0.0355572

22 49 0.0360603

23 49 0.036421

24 49 0.0366381

25 49 0.0367105

26 49 0.0366381

27 49 0.036421

28 49 0.0360603

29 49 0.0355572

30 49 0.0349138

31 49 0.0341326

32 49 0.0332167

33 49 0.0321697

34 49 0.0309957

35 49 0.0296994

36 49 0.0282859

37 49 0.0267608

38 49 0.0251301

39 49 0.0234002

40 49 0.0215779

41 49 0.0196705

42 49 0.0176854

43 49 0.0156306

44 49 0.013514

45 49 0.0113442

46 49 0.00912953

47 49 0.00687886

48 49 0.00460105

49 49 0.00230507

50 49 0

