0 1 0

1 1 0.000325493

2 1 0.000649702

3 1 0.000971346

4 1 0.00128916

5 1 0.00160188

6 1 0.00190828

7 1 0.00220715

8 1 0.00249731

9 1 0.00277762

10 1 0.00304696

11 1 0.00330427

12 1 0.00354855

13 1 0.00377882

14 1 0.00399418

15 1 0.00419378

16 1 0.00437682

17 1 0.00454259

18 1 0.00469044

19 1 0.00481977

20 1 0.00493008

21 1 0.00502093

22 1 0.00509197

23 1 0.00514292

24 1 0.00517356

25 1 0.00518379

26 1 0.00517356

27 1 0.00514292

28 1 0.00509197

29 1 0.00502093

30 1 0.00493008

31 1 0.00481977

32 1 0.00469044

33 1 0.00454259

34 1 0.00437682

35 1 0.00419378

36 1 0.00399418

37 1 0.00377882

38 1 0.00354855

39 1 0.00330427

40 1 0.00304696

41 1 0.00277762

42 1 0.00249731

43 1 0.00220715

44 1 0.00190828

45 1 0.00160188

46 1 0.00128916

47 1 0.000971346

48 1 0.000649702

49 1 0.000325493

50 1 0

0 2 0

1 2 0.000649702

2 2 0.00129684

3 2 0.00193886

4 2 0.00257323

5 2 0.00319744

6 2 0.00380903

7 2 0.00440559

8 2 0.00498477

9 2 0.00554427

10 2 0.00608189

11 2 0.00659551

12 2 0.0070831

13 2 0.00754273

14 2 0.0079726

15 2 0.008371

16 2 0.00873637

17 2 0.00906726

18 2 0.00936236

19 2 0.00962052

20 2 0.0098407

21 2 0.0100221

22 2 0.0101639

23 2 0.0102655

24 2 0.0103267

25 2 0.0103471

26 2 0.0103267

27 2 0.0102655

28 2 0.0101639

29 2 0.0100221

30 2 0.0098407

31 2 0.00962052

32 2 0.00936236

33 2 0.00906726

34 2 0.00873637

35 2 0.008371

36 2 0.0079726

37 2 0.00754273

38 2 0.0070831

39 2 0.00659551

40 2 0.00608189

41 2 0.00554427

42 2 0.00498477

43 2 0.00440559

44 2 0.00380903

45 2 0.00319744

46 2 0.00257323

47 2 0.00193886

48 2 0.00129684

49 2 0.000649702

50 2 0

0 3 0

1 3 0.000971346

2 3 0.00193886

3 3 0.00289872

4 3 0.00384714

5 3 0.00478038

6 3 0.00569475

7 3 0.00658665

8 3 0.00745255

9 3 0.00828904

10 3 0.00909282

11 3 0.00986071

12 3 0.0105897

13 3 0.0112769

14 3 0.0119196

15 3 0.0125152

16 3 0.0130614

17 3 0.0135561

18 3 0.0139973

19 3 0.0143833

20 3 0.0147125

21 3 0.0149836

22 3 0.0151956

23 3 0.0153476

24 3 0.0154391

25 3 0.0154696

26 3 0.0154391

27 3 0.0153476

28 3 0.0151956

29 3 0.0149836

30 3 0.0147125

31 3 0.0143833

32 3 0.0139973

33 3 0.0135561

34 3 0.0130614

35 3 0.0125152

36 3 0.0119196

37 3 0.0112769

38 3 0.0105897

39 3 0.00986071

40 3 0.00909282

41 3 0.00828904

42 3 0.00745255

43 3 0.00658665

44 3 0.00569475

45 3 0.00478038

46 3 0.00384714

47 3 0.00289872

48 3 0.00193886

49 3 0.000971346

50 3 0

0 4 0

1 4 0.00128916

2 4 0.00257323

3 4 0.00384714

4 4 0.00510587

5 4 0.00634445

6 4 0.00755799

7 4 0.00874171

8 4 0.00989092

9 4 0.0110011

10 4 0.0120679

11 4 0.013087

12 4 0.0140545

13 4 0.0149665

14 4 0.0158195

15 4 0.01661

16 4 0.017335

17 4 0.0179915

18 4 0.0185771

19 4 0.0190893

20 4 0.0195262

21 4 0.0198861

22 4 0.0201674

23 4 0.0203692

24 4 0.0204906

25 4 0.0205311

26 4 0.0204906

27 4 0.0203692

28 4 0.0201674

29 4 0.0198861

30 4 0.0195262

31 4 0.0190893

32 4 0.0185771

33 4 0.0179915

34 4 0.017335

35 4 0.01661

36 4 0.0158195

37 4 0.0149665

38 4 0.0140545

39 4 0.013087

40 4 0.0120679

41 4 0.0110011

42 4 0.00989092

43 4 0.00874171

44 4 0.00755799

45 4 0.00634445

46 4 0.00510587

47 4 0.00384714

48 4 0.00257323

49 4 0.00128916

50 4 0

0 5 0

1 5 0.00160188

2 5 0.00319744

3 5 0.00478038

4 5 0.00634445

5 5 0.00788349

6 5 0.00939141

7 5 0.0108623

8 5 0.0122903

9 5 0.0136697

10 5 0.0149953

11 5 0.0162616

12 5 0.0174638

13 5 0.0185971

14 5 0.0196569

15 5 0.0206392

16 5 0.0215401

17 5 0.0223559

18 5 0.0230835

19 5 0.02372

20 5 0.0242629

21 5 0.02471

22 5 0.0250596

23 5 0.0253103

24 5 0.0254612

25 5 0.0255115

26 5 0.0254612

27 5 0.0253103

28 5 0.0250596

29 5 0.02471

30 5 0.0242629

31 5 0.02372

32 5 0.0230835

33 5 0.0223559

34 5 0.0215401

35 5 0.0206392

36 5 0.0196569

37 5 0.0185971

38 5 0.0174638

39 5 0.0162616

40 5 0.0149953

41 5 0.0136697

42 5 0.0122903

43 5 0.0108623

44 5 0.00939141

45 5 0.00788349

46 5 0.00634445

47 5 0.00478038

48 5 0.00319744

49 5 0.00160188

50 5 0

0 6 0

1 6 0.00190828

2 6 0.00380903

3 6 0.00569475

4 6 0.00755799

5 6 0.00939141

6 6 0.0111878

7 6 0.01294

8 6 0.0146411

9 6 0.0162844

10 6 0.0178635

11 6 0.0193721

12 6 0.0208042

13 6 0.0221543

14 6 0.0234168

15 6 0.024587

16 6 0.0256602

17 6 0.026632

18 6 0.0274988

19 6 0.0282571

20 6 0.0289038

21 6 0.0294364

22 6 0.0298529

23 6 0.0301516

24 6 0.0303313

25 6 0.0303912

26 6 0.0303313

27 6 0.0301516

28 6 0.0298529

29 6 0.0294364

30 6 0.0289038

31 6 0.0282571

32 6 0.0274988

33 6 0.026632

34 6 0.0256602

35 6 0.024587

36 6 0.0234168

37 6 0.0221543

38 6 0.0208042

39 6 0.0193721

40 6 0.0178635

41 6 0.0162844

42 6 0.0146411

43 6 0.01294

44 6 0.0111878

45 6 0.00939141

46 6 0.00755799

47 6 0.00569475

48 6 0.00380903

49 6 0.00190828

50 6 0

0 7 0

1 7 0.00220715

2 7 0.00440559

3 7 0.00658665

4 7 0.00874171

5 7 0.0108623

6 7 0.01294

7 7 0.0149666

8 7 0.0169341

9 7 0.0188349

10 7 0.0206613

11 7 0.0224061

12 7 0.0240625

13 7 0.025624

14 7 0.0270843

15 7 0.0284378

16 7 0.029679

17 7 0.0308031

18 7 0.0318056

19 7 0.0326826

20 7 0.0334306

21 7 0.0340467

22 7 0.0345284

23 7 0.0348739

24 7 0.0350817

25 7 0.035151

26 7 0.0350817

27 7 0.0348739

28 7 0.0345284

29 7 0.0340467

30 7 0.0334306

31 7 0.0326826

32 7 0.0318056

33 7 0.0308031

34 7 0.029679

35 7 0.0284378

36 7 0.0270843

37 7 0.025624

38 7 0.0240625

39 7 0.0224061

40 7 0.0206613

41 7 0.0188349

42 7 0.0169341

43 7 0.0149666

44 7 0.01294

45 7 0.0108623

46 7 0.00874171

47 7 0.00658665

48 7 0.00440559

49 7 0.00220715

50 7 0

0 8 0

1 8 0.00249731

2 8 0.00498477

3 8 0.00745255

4 8 0.00989092

5 8 0.0122903

6 8 0.0146411

7 8 0.0169341

8 8 0.0191604

9 8 0.021311

10 8 0.0233775

11 8 0.0253517

12 8 0.0272259

13 8 0.0289926

14 8 0.0306449

15 8 0.0321763

16 8 0.0335807

17 8 0.0348526

18 8 0.0359869

19 8 0.0369792

20 8 0.0378255

21 8 0.0385226

22 8 0.0390676

23 8 0.0394585

24 8 0.0396936

25 8 0.0397721

26 8 0.0396936

27 8 0.0394585

28 8 0.0390676

29 8 0.0385226

30 8 0.0378255

31 8 0.0369792

32 8 0.0359869

33 8 0.0348526

34 8 0.0335807

35 8 0.0321763

36 8 0.0306449

37 8 0.0289926

38 8 0.0272259

39 8 0.0253517

40 8 0.0233775

41 8 0.021311

42 8 0.0191604

43 8 0.0169341

44 8 0.0146411

45 8 0.0122903

46 8 0.00989092

47 8 0.00745255

48 8 0.00498477

49 8 0.00249731

50 8 0

0 9 0

1 9 0.00277762

2 9 0.00554427

3 9 0.00828904

4 9 0.0110011

5 9 0.0136697

6 9 0.0162844

7 9 0.0188349

8 9 0.021311

9 9 0.023703

10 9 0.0260014

11 9 0.0281972

12 9 0.0302818

13 9 0.0322468

14 9 0.0340846

15 9 0.0357879

16 9 0.0373499

17 9 0.0387645

18 9 0.0400261

19 9 0.0411298

20 9 0.0420711

21 9 0.0428465

22 9 0.0434527

23 9 0.0438874

24 9 0.0441489

25 9 0.0442362

26 9 0.0441489

27 9 0.0438874

28 9 0.0434527

29 9 0.0428465

30 9 0.0420711

31 9 0.0411298

32 9 0.0400261

33 9 0.0387645

34 9 0.0373499

35 9 0.0357879

36 9 0.0340846

37 9 0.0322468

38 9 0.0302818

39 9 0.0281972

40 9 0.0260014

41 9 0.023703

42 9 0.021311

43 9 0.0188349

44 9 0.0162844

45 9 0.0136697

46 9 0.0110011

47 9 0.00828904

48 9 0.00554427

49 9 0.00277762

50 9 0

0 10 0

1 10 0.00304696

2 10 0.00608189

3 10 0.00909282

4 10 0.0120679

5 10 0.0149953

6 10 0.0178635

7 10 0.0206613

8 10 0.0233775

9 10 0.0260014

10 10 0.0285227

11 10 0.0309315

12 10 0.0332182

13 10 0.0353737

14 10 0.0373897

15 10 0.0392582

16 10 0.0409716

17 10 0.0425234

18 10 0.0439074

19 10 0.0451181

20 10 0.0461507

21 10 0.0470012

22 10 0.0476662

23 10 0.0481431

24 10 0.04843

25 10 0.0485258

26 10 0.04843

27 10 0.0481431

28 10 0.0476662

29 10 0.0470012

30 10 0.0461507

31 10 0.0451181

32 10 0.0439074

33 10 0.0425234

34 10 0.0409716

35 10 0.0392582

36 10 0.0373897

37 10 0.0353737

38 10 0.0332182

39 10 0.0309315

40 10 0.0285227

41 10 0.0260014

42 10 0.0233775

43 10 0.0206613

44 10 0.0178635

45 10 0.0149953

46 10 0.0120679

47 10 0.00909282

48 10 0.00608189

49 10 0.00304696

50 10 0

0 11 0

1 11 0.00330427

2 11 0.00659551

3 11 0.00986071

4 11 0.013087

5 11 0.0162616

6 11 0.0193721

7 11 0.0224061

8 11 0.0253517

9 11 0.0281972

10 11 0.0309315

11 11 0.0335437

12 11 0.0360235

13 11 0.0383611

14 11 0.0405473

15 11 0.0425735

16 11 0.0444317

17 11 0.0461146

18 11 0.0476154

19 11 0.0489283

20 11 0.0500482

21 11 0.0509705

22 11 0.0516917

23 11 0.0522088

24 11 0.0525199

25 11 0.0526238

26 11 0.0525199

27 11 0.0522088

28 11 0.0516917

29 11 0.0509705

30 11 0.0500482

31 11 0.0489283

32 11 0.0476154

33 11 0.0461146

34 11 0.0444317

35 11 0.0425735

36 11 0.0405473

37 11 0.0383611

38 11 0.0360235

39 11 0.0335437

40 11 0.0309315

41 11 0.0281972

42 11 0.0253517

43 11 0.0224061

44 11 0.0193721

45 11 0.0162616

46 11 0.013087

47 11 0.00986071

48 11 0.00659551

49 11 0.00330427

50 11 0

0 12 0

1 12 0.00354855

2 12 0.0070831

3 12 0.0105897

4 12 0.0140545

5 12 0.0174638

6 12 0.0208042

7 12 0.0240625

8 12 0.0272259

9 12 0.0302818

10 12 0.0332182

11 12 0.0360235

12 12 0.0386866

13 12 0.041197

14 12 0.0435449

15 12 0.0457209

16 12 0.0477164

17 12 0.0495237

18 12 0.0511355

19 12 0.0525455

20 12 0.0537481

21 12 0.0547386

22 12 0.0555131

23 12 0.0560685

24 12 0.0564026

25 12 0.0565141

26 12 0.0564026

27 12 0.0560685

28 12 0.0555131

29 12 0.0547386

30 12 0.0537481

31 12 0.0525455

32 12 0.0511355

33 12 0.0495237

34 12 0.0477164

35 12 0.0457209

36 12 0.0435449

37 12 0.041197

38 12 0.0386866

39 12 0.0360235

40 12 0.0332182

41 12 0.0302818

42 12 0.0272259

43 12 0.0240625

44 12 0.0208042

45 12 0.0174638

46 12 0.0140545

47 12 0.0105897

48 12 0.0070831

49 12 0.00354855

50 12 0

0 13 0

1 13 0.00377882

2 13 0.00754273

3 13 0.0112769

4 13 0.0149665

5 13 0.0185971

6 13 0.0221543

7 13 0.025624

8 13 0.0289926

9 13 0.0322468

10 13 0.0353737

11 13 0.0383611

12 13 0.041197

13 13 0.0438704

14 13 0.0463706

15 13 0.0486878

16 13 0.0508129

17 13 0.0527374

18 13 0.0544538

19 13 0.0559553

20 13 0.0572359

21 13 0.0582907

22 13 0.0591154

23 13 0.0597069

24 13 0.0600627

25 13 0.0601814

26 13 0.0600627

27 13 0.0597069

28 13 0.0591154

29 13 0.0582907

30 13 0.0572359

31 13 0.0559553

32 13 0.0544538

33 13 0.0527374

34 13 0.0508129

35 13 0.0486878

36 13 0.0463706

37 13 0.0438704

38 13 0.041197

39 13 0.0383611

40 13 0.0353737

41 13 0.0322468

42 13 0.0289926

43 13 0.025624

44 13 0.0221543

45 13 0.0185971

46 13 0.0149665

47 13 0.0112769

48 13 0.00754273

49 13 0.00377882

50 13 0

0 14 0

1 14 0.00399418

2 14 0.0079726

3 14 0.0119196

4 14 0.0158195

5 14 0.0196569

6 14 0.0234168

7 14 0.0270843

8 14 0.0306449

9 14 0.0340846

10 14 0.0373897

11 14 0.0405473

12 14 0.0435449

13 14 0.0463706

14 14 0.0490133

15 14 0.0514626

16 14 0.0537087

17 14 0.0557429

18 14 0.0575571

19 14 0.0591442

20 14 0.0604979

21 14 0.0616128

22 14 0.0624845

23 14 0.0631096

24 14 0.0634857

25 14 0.0636112

26 14 0.0634857

27 14 0.0631096

28 14 0.0624845

29 14 0.0616128

30 14 0.0604979

31 14 0.0591442

32 14 0.0575571

33 14 0.0557429

34 14 0.0537087

35 14 0.0514626

36 14 0.0490133

37 14 0.0463706

38 14 0.0435449

39 14 0.0405473

40 14 0.0373897

41 14 0.0340846

42 14 0.0306449

43 14 0.0270843

44 14 0.0234168

45 14 0.0196569

46 14 0.0158195

47 14 0.0119196

48 14 0.0079726

49 14 0.00399418

50 14 0

0 15 0

1 15 0.00419378

2 15 0.008371

3 15 0.0125152

4 15 0.01661

5 15 0.0206392

6 15 0.024587

7 15 0.0284378

8 15 0.0321763

9 15 0.0357879

10 15 0.0392582

11 15 0.0425735

12 15 0.0457209

13 15 0.0486878

14 15 0.0514626

15 15 0.0540342

16 15 0.0563926

17 15 0.0585285

18 15 0.0604334

19 15 0.0620997

20 15 0.063521

21 15 0.0646916

22 15 0.0656069

23 15 0.0662633

24 15 0.0666582

25 15 0.06679

26 15 0.0666582

27 15 0.0662633

28 15 0.0656069

29 15 0.0646916

30 15 0.063521

31 15 0.0620997

32 15 0.0604334

33 15 0.0585285

34 15 0.0563926

35 15 0.0540342

36 15 0.0514626

37 15 0.0486878

38 15 0.0457209

39 15 0.0425735

40 15 0.0392582

41 15 0.0357879

42 15 0.0321763

43 15 0.0284378

44 15 0.024587

45 15 0.0206392

46 15 0.01661

47 15 0.0125152

48 15 0.008371

49 15 0.00419378

50 15 0

0 16 0

1 16 0.00437682

2 16 0.00873637

3 16 0.0130614

4 16 0.017335

5 16 0.0215401

6 16 0.0256602

7 16 0.029679

8 16 0.0335807

9 16 0.0373499

10 16 0.0409716

11 16 0.0444317

12 16 0.0477164

13 16 0.0508129

14 16 0.0537087

15 16 0.0563926

16 16 0.058854

17 16 0.0610831

18 16 0.0630711

19 16 0.0648102

20 16 0.0662935

21 16 0.0675152

22 16 0.0684705

23 16 0.0691555

24 16 0.0695676

25 16 0.0697051

26 16 0.0695676

27 16 0.0691555

28 16 0.0684705

29 16 0.0675152

30 16 0.0662935

31 16 0.0648102

32 16 0.0630711

33 16 0.0610831

34 16 0.058854

35 16 0.0563926

36 16 0.0537087

37 16 0.0508129

38 16 0.0477164

39 16 0.0444317

40 16 0.0409716

41 16 0.0373499

42 16 0.0335807

43 16 0.029679

44 16 0.0256602

45 16 0.0215401

46 16 0.017335

47 16 0.0130614

48 16 0.00873637

49 16 0.00437682

50 16 0

0 17 0

1 17 0.00454259

2 17 0.00906726

3 17 0.0135561

4 17 0.0179915

5 17 0.0223559

6 17 0.026632

7 17 0.0308031

8 17 0.0348526

9 17 0.0387645

10 17 0.0425234

11 17 0.0461146

12 17 0.0495237

13 17 0.0527374

14 17 0.0557429

15 17 0.0585285

16 17 0.0610831

17 17 0.0633966

18 17 0.0654599

19 17 0.0672649

20 17 0.0688044

21 17 0.0700723

22 17 0.0710638

23 17 0.0717747

24 17 0.0722024

25 17 0.0723452

26 17 0.0722024

27 17 0.0717747

28 17 0.0710638

29 17 0.0700723

30 17 0.0688044

31 17 0.0672649

32 17 0.0654599

33 17 0.0633966

34 17 0.0610831

35 17 0.0585285

36 17 0.0557429

37 17 0.0527374

38 17 0.0495237

39 17 0.0461146

40 17 0.0425234

41 17 0.0387645

42 17 0.0348526

43 17 0.0308031

44 17 0.026632

45 17 0.0223559

46 17 0.0179915

47 17 0.0135561

48 17 0.00906726

49 17 0.00454259

50 17 0

0 18 0

1 18 0.00469044

2 18 0.00936236

3 18 0.0139973

4 18 0.0185771

5 18 0.0230835

6 18 0.0274988

7 18 0.0318056

8 18 0.0359869

9 18 0.0400261

10 18 0.0439074

11 18 0.0476154

12 18 0.0511355

13 18 0.0544538

14 18 0.0575571

15 18 0.0604334

16 18 0.0630711

17 18 0.0654599

18 18 0.0675904

19 18 0.0694541

20 18 0.0710437

21 18 0.0723529

22 18 0.0733766

23 18 0.0741107

24 18 0.0745523

25 18 0.0746998

26 18 0.0745523

27 18 0.0741107

28 18 0.0733766

29 18 0.0723529

30 18 0.0710437

31 18 0.0694541

32 18 0.0675904

33 18 0.0654599

34 18 0.0630711

35 18 0.0604334

36 18 0.0575571

37 18 0.0544538

38 18 0.0511355

39 18 0.0476154

40 18 0.0439074

41 18 0.0400261

42 18 0.0359869

43 18 0.0318056

44 18 0.0274988

45 18 0.0230835

46 18 0.0185771

47 18 0.0139973

48 18 0.00936236

49 18 0.00469044

50 18 0

0 19 0

1 19 0.00481977

2 19 0.00962052

3 19 0.0143833

4 19 0.0190893

5 19 0.02372

6 19 0.0282571

7 19 0.0326826

8 19 0.0369792

9 19 0.0411298

10 19 0.0451181

11 19 0.0489283

12 19 0.0525455

13 19 0.0559553

14 19 0.0591442

15 19 0.0620997

16 19 0.0648102

17 19 0.0672649

18 19 0.0694541

19 19 0.0713692

20 19 0.0730026

21 19 0.074348

22 19 0.0753999

23 19 0.0761542

24 19 0.076608

25 19 0.0767595

26 19 0.076608

27 19 0.0761542

28 19 0.0753999

29 19 0.074348

30 19 0.0730026

31 19 0.0713692

32 19 0.0694541

33 19 0.0672649

34 19 0.0648102

35 19 0.0620997

36 19 0.0591442

37 19 0.0559553

38 19 0.0525455

39 19 0.0489283

40 19 0.0451181

41 19 0.0411298

42 19 0.0369792

43 19 0.0326826

44 19 0.0282571

45 19 0.02372

46 19 0.0190893

47 19 0.0143833

48 19 0.00962052

49 19 0.00481977

50 19 0

0 20 0

1 20 0.00493008

2 20 0.0098407

3 20 0.0147125

4 20 0.0195262

5 20 0.0242629

6 20 0.0289038

7 20 0.0334306

8 20 0.0378255

9 20 0.0420711

10 20 0.0461507

11 20 0.0500482

12 20 0.0537481

13 20 0.0572359

14 20 0.0604979

15 20 0.063521

16 20 0.0662935

17 20 0.0688044

18 20 0.0710437

19 20 0.0730026

20 20 0.0746735

21 20 0.0760496

22 20 0.0771256

23 20 0.0778972

24 20 0.0783614

25 20 0.0785163

26 20 0.0783614

27 20 0.0778972

28 20 0.0771256

29 20 0.0760496

30 20 0.0746735

31 20 0.0730026

32 20 0.0710437

33 20 0.0688044

34 20 0.0662935

35 20 0.063521

36 20 0.0604979

37 20 0.0572359

38 20 0.0537481

39 20 0.0500482

40 20 0.0461507

41 20 0.0420711

42 20 0.0378255

43 20 0.0334306

44 20 0.0289038

45 20 0.0242629

46 20 0.0195262

47 20 0.0147125

48 20 0.0098407

49 20 0.00493008

50 20 0

0 21 0

1 21 0.00502093

2 21 0.0100221

3 21 0.0149836

4 21 0.0198861

5 21 0.02471

6 21 0.0294364

7 21 0.0340467

8 21 0.0385226

9 21 0.0428465

10 21 0.0470012

11 21 0.0509705

12 21 0.0547386

13 21 0.0582907

14 21 0.0616128

15 21 0.0646916

16 21 0.0675152

17 21 0.0700723

18 21 0.0723529

19 21 0.074348

20 21 0.0760496

21 21 0.0774511

22 21 0.0785469

23 21 0.0793327

24 21 0.0798055

25 21 0.0799633

26 21 0.0798055

27 21 0.0793327

28 21 0.0785469

29 21 0.0774511

30 21 0.0760496

31 21 0.074348

32 21 0.0723529

33 21 0.0700723

34 21 0.0675152

35 21 0.0646916

36 21 0.0616128

37 21 0.0582907

38 21 0.0547386

39 21 0.0509705

40 21 0.0470012

41 21 0.0428465

42 21 0.0385226

43 21 0.0340467

44 21 0.0294364

45 21 0.02471

46 21 0.0198861

47 21 0.0149836

48 21 0.0100221

49 21 0.00502093

50 21 0

0 22 0

1 22 0.00509197

2 22 0.0101639

3 22 0.0151956

4 22 0.0201674

5 22 0.0250596

6 22 0.0298529

7 22 0.0345284

8 22 0.0390676

9 22 0.0434527

10 22 0.0476662

11 22 0.0516917

12 22 0.0555131

13 22 0.0591154

14 22 0.0624845

15 22 0.0656069

16 22 0.0684705

17 22 0.0710638

18 22 0.0733766

19 22 0.0753999

20 22 0.0771256

21 22 0.0785469

22 22 0.0796582

23 22 0.0804552

24 22 0.0809346

25 22 0.0810946

26 22 0.0809346

27 22 0.0804552

28 22 0.0796582

29 22 0.0785469

30 22 0.0771256

31 22 0.0753999

32 22 0.0733766

33 22 0.0710638

34 22 0.0684705

35 22 0.0656069

36 22 0.0624845

37 22 0.0591154

38 22 0.0555131

39 22 0.0516917

40 22 0.0476662

41 22 0.0434527

42 22 0.0390676

43 22 0.0345284

44 22 0.0298529

45 22 0.0250596

46 22 0.0201674

47 22 0.0151956

48 22 0.0101639

49 22 0.00509197

50 22 0

0 23 0

1 23 0.00514292

2 23 0.0102655

3 23 0.0153476

4 23 0.0203692

5 23 0.0253103

6 23 0.0301516

7 23 0.0348739

8 23 0.0394585

9 23 0.0438874

10 23 0.0481431

11 23 0.0522088

12 23 0.0560685

13 23 0.0597069

14 23 0.0631096

15 23 0.0662633

16 23 0.0691555

17 23 0.0717747

18 23 0.0741107

19 23 0.0761542

20 23 0.0778972

21 23 0.0793327

22 23 0.0804552

23 23 0.0812601

24 23 0.0817443

25 23 0.081906

26 23 0.0817443

27 23 0.0812601

28 23 0.0804552

29 23 0.0793327

30 23 0.0778972

31 23 0.0761542

32 23 0.0741107

33 23 0.0717747

34 23 0.0691555

35 23 0.0662633

36 23 0.0631096

37 23 0.0597069

38 23 0.0560685

39 23 0.0522088

40 23 0.0481431

41 23 0.0438874

42 23 0.0394585

43 23 0.0348739

44 23 0.0301516

45 23 0.0253103

46 23 0.0203692

47 23 0.0153476

48 23 0.0102655

49 23 0.00514292

50 23 0

0 24 0

1 24 0.00517356

2 24 0.0103267

3 24 0.0154391

4 24 0.0204906

5 24 0.0254612

6 24 0.0303313

7 24 0.0350817

8 24 0.0396936

9 24 0.0441489

10 24 0.04843

11 24 0.0525199

12 24 0.0564026

13 24 0.0600627

14 24 0.0634857

15 24 0.0666582

16 24 0.0695676

17 24 0.0722024

18 24 0.0745523

19 24 0.076608

20 24 0.0783614

21 24 0.0798055

22 24 0.0809346

23 24 0.0817443

24 24 0.0822314

25 24 0.082394

26 24 0.0822314

27 24 0.0817443

28 24 0.0809346

29 24 0.0798055

30 24 0.0783614

31 24 0.076608

32 24 0.0745523

33 24 0.0722024

34 24 0.0695676

35 24 0.0666582

36 24 0.0634857

37 24 0.0600627

38 24 0.0564026

39 24 0.0525199

40 24 0.04843

41 24 0.0441489

42 24 0.0396936

43 24 0.0350817

44 24 0.0303313

45 24 0.0254612

46 24 0.0204906

47 24 0.0154391

48 24 0.0103267

49 24 0.00517356

50 24 0

0 25 0

1 25 0.00518379

2 25 0.0103471

3 25 0.0154696

4 25 0.0205311

5 25 0.0255115

6 25 0.0303912

7 25 0.035151

8 25 0.0397721

9 25 0.0442362

10 25 0.0485258

11 25 0.0526238

12 25 0.0565141

13 25 0.0601814

14 25 0.0636112

15 25 0.06679

16 25 0.0697051

17 25 0.0723452

18 25 0.0746998

19 25 0.0767595

20 25 0.0785163

21 25 0.0799633

22 25 0.0810946

23 25 0.081906

24 25 0.082394

25 25 0.0825569

26 25 0.082394

27 25 0.081906

28 25 0.0810946

29 25 0.0799633

30 25 0.0785163

31 25 0.0767595

32 25 0.0746998

33 25 0.0723452

34 25 0.0697051

35 25 0.06679

36 25 0.0636112

37 25 0.0601814

38 25 0.0565141

39 25 0.0526238

40 25 0.0485258

41 25 0.0442362

42 25 0.0397721

43 25 0.035151

44 25 0.0303912

45 25 0.0255115

46 25 0.0205311

47 25 0.0154696

48 25 0.0103471

49 25 0.00518379

50 25 0

0 26 0

1 26 0.00517356

2 26 0.0103267

3 26 0.0154391

4 26 0.0204906

5 26 0.0254612

6 26 0.0303313

7 26 0.0350817

8 26 0.0396936

9 26 0.0441489

10 26 0.04843

11 26 0.0525199

12 26 0.0564026

13 26 0.0600627

14 26 0.0634857

15 26 0.0666582

16 26 0.0695676

17 26 0.0722024

18 26 0.0745523

19 26 0.076608

20 26 0.0783614

21 26 0.0798055

22 26 0.0809346

23 26 0.0817443

24 26 0.0822314

25 26 0.082394

26 26 0.0822314

27 26 0.0817443

28 26 0.0809346

29 26 0.0798055

30 26 0.0783614

31 26 0.076608

32 26 0.0745523

33 26 0.0722024

34 26 0.0695676

35 26 0.0666582

36 26 0.0634857

37 26 0.0600627

38 26 0.0564026

39 26 0.0525199

40 26 0.04843

41 26 0.0441489

42 26 0.0396936

43 26 0.0350817

44 26 0.0303313

45 26 0.0254612

46 26 0.0204906

47 26 0.0154391

48 26 0.0103267

49 26 0.00517356

50 26 0

0 27 0

1 27 0.00514292

2 27 0.0102655

3 27 0.0153476

4 27 0.0203692

5 27 0.0253103

6 27 0.0301516

7 27 0.0348739

8 27 0.0394585

9 27 0.0438874

10 27 0.0481431

11 27 0.0522088

12 27 0.0560685

13 27 0.0597069

14 27 0.0631096

15 27 0.0662633

16 27 0.0691555

17 27 0.0717747

18 27 0.0741107

19 27 0.0761542

20 27 0.0778972

21 27 0.0793327

22 27 0.0804552

23 27 0.0812601

24 27 0.0817443

25 27 0.081906

26 27 0.0817443

27 27 0.0812601

28 27 0.0804552

29 27 0.0793327

30 27 0.0778972

31 27 0.0761542

32 27 0.0741107

33 27 0.0717747

34 27 0.0691555

35 27 0.0662633

36 27 0.0631096

37 27 0.0597069

38 27 0.0560685

39 27 0.0522088

40 27 0.0481431

41 27 0.0438874

42 27 0.0394585

43 27 0.0348739

44 27 0.0301516

45 27 0.0253103

46 27 0.0203692

47 27 0.0153476

48 27 0.0102655

49 27 0.00514292

50 27 0

0 28 0

1 28 0.00509197

2 28 0.0101639

3 28 0.0151956

4 28 0.0201674

5 28 0.0250596

6 28 0.0298529

7 28 0.0345284

8 28 0.0390676

9 28 0.0434527

10 28 0.0476662

11 28 0.0516917

12 28 0.0555131

13 28 0.0591154

14 28 0.0624845

15 28 0.0656069

16 28 0.0684705

17 28 0.0710638

18 28 0.0733766

19 28 0.0753999

20 28 0.0771256

21 28 0.0785469

22 28 0.0796582

23 28 0.0804552

24 28 0.0809346

25 28 0.0810946

26 28 0.0809346

27 28 0.0804552

28 28 0.0796582

29 28 0.0785469

30 28 0.0771256

31 28 0.0753999

32 28 0.0733766

33 28 0.0710638

34 28 0.0684705

35 28 0.0656069

36 28 0.0624845

37 28 0.0591154

38 28 0.0555131

39 28 0.0516917

40 28 0.0476662

41 28 0.0434527

42 28 0.0390676

43 28 0.0345284

44 28 0.0298529

45 28 0.0250596

46 28 0.0201674

47 28 0.0151956

48 28 0.0101639

49 28 0.00509197

50 28 0

0 29 0

1 29 0.00502093

2 29 0.0100221

3 29 0.0149836

4 29 0.0198861

5 29 0.02471

6 29 0.0294364

7 29 0.0340467

8 29 0.0385226

9 29 0.0428465

10 29 0.0470012

11 29 0.0509705

12 29 0.0547386

13 29 0.0582907

14 29 0.0616128

15 29 0.0646916

16 29 0.0675152

17 29 0.0700723

18 29 0.0723529

19 29 0.074348

20 29 0.0760496

21 29 0.0774511

22 29 0.0785469

23 29 0.0793327

24 29 0.0798055

25 29 0.0799633

26 29 0.0798055

27 29 0.0793327

28 29 0.0785469

29 29 0.0774511

30 29 0.0760496

31 29 0.074348

32 29 0.0723529

33 29 0.0700723

34 29 0.0675152

35 29 0.0646916

36 29 0.0616128

37 29 0.0582907

38 29 0.0547386

39 29 0.0509705

40 29 0.0470012

41 29 0.0428465

42 29 0.0385226

43 29 0.0340467

44 29 0.0294364

45 29 0.02471

46 29 0.0198861

47 29 0.0149836

48 29 0.0100221

49 29 0.00502093

50 29 0

0 30 0

1 30 0.00493008

2 30 0.0098407

3 30 0.0147125

4 30 0.0195262

5 30 0.0242629

6 30 0.0289038

7 30 0.0334306

8 30 0.0378255

9 30 0.0420711

10 30 0.0461507

11 30 0.0500482

12 30 0.0537481

13 30 0.0572359

14 30 0.0604979

15 30 0.063521

16 30 0.0662935

17 30 0.0688044

18 30 0.0710437

19 30 0.0730026

20 30 0.0746735

21 30 0.0760496

22 30 0.0771256

23 30 0.0778972

24 30 0.0783614

25 30 0.0785163

26 30 0.0783614

27 30 0.0778972

28 30 0.0771256

29 30 0.0760496

30 30 0.0746735

31 30 0.0730026

32 30 0.0710437

33 30 0.0688044

34 30 0.0662935

35 30 0.063521

36 30 0.0604979

37 30 0.0572359

38 30 0.0537481

39 30 0.0500482

40 30 0.0461507

41 30 0.0420711

42 30 0.0378255

43 30 0.0334306

44 30 0.0289038

45 30 0.0242629

46 30 0.0195262

47 30 0.0147125

48 30 0.0098407

49 30 0.00493008

50 30 0

0 31 0

1 31 0.00481977

2 31 0.00962052

3 31 0.0143833

4 31 0.0190893

5 31 0.02372

6 31 0.0282571

7 31 0.0326826

8 31 0.0369792

9 31 0.0411298

10 31 0.0451181

11 31 0.0489283

12 31 0.0525455

13 31 0.0559553

14 31 0.0591442

15 31 0.0620997

16 31 0.0648102

17 31 0.0672649

18 31 0.0694541

19 31 0.0713692

20 31 0.0730026

21 31 0.074348

22 31 0.0753999

23 31 0.0761542

24 31 0.076608

25 31 0.0767595

26 31 0.076608

27 31 0.0761542

28 31 0.0753999

29 31 0.074348

30 31 0.0730026

31 31 0.0713692

32 31 0.0694541

33 31 0.0672649

34 31 0.0648102

35 31 0.0620997

36 31 0.0591442

37 31 0.0559553

38 31 0.0525455

39 31 0.0489283

40 31 0.0451181

41 31 0.0411298

42 31 0.0369792

43 31 0.0326826

44 31 0.0282571

45 31 0.02372

46 31 0.0190893

47 31 0.0143833

48 31 0.00962052

49 31 0.00481977

50 31 0

0 32 0

1 32 0.00469044

2 32 0.00936236

3 32 0.0139973

4 32 0.0185771

5 32 0.0230835

6 32 0.0274988

7 32 0.0318056

8 32 0.0359869

9 32 0.0400261

10 32 0.0439074

11 32 0.0476154

12 32 0.0511355

13 32 0.0544538

14 32 0.0575571

15 32 0.0604334

16 32 0.0630711

17 32 0.0654599

18 32 0.0675904

19 32 0.0694541

20 32 0.0710437

21 32 0.0723529

22 32 0.0733766

23 32 0.0741107

24 32 0.0745523

25 32 0.0746998

26 32 0.0745523

27 32 0.0741107

28 32 0.0733766

29 32 0.0723529

30 32 0.0710437

31 32 0.0694541

32 32 0.0675904

33 32 0.0654599

34 32 0.0630711

35 32 0.0604334

36 32 0.0575571

37 32 0.0544538

38 32 0.0511355

39 32 0.0476154

40 32 0.0439074

41 32 0.0400261

42 32 0.0359869

43 32 0.0318056

44 32 0.0274988

45 32 0.0230835

46 32 0.0185771

47 32 0.0139973

48 32 0.00936236

49 32 0.00469044

50 32 0

0 33 0

1 33 0.00454259

2 33 0.00906726

3 33 0.0135561

4 33 0.0179915

5 33 0.0223559

6 33 0.026632

7 33 0.0308031

8 33 0.0348526

9 33 0.0387645

10 33 0.0425234

11 33 0.0461146

12 33 0.0495237

13 33 0.0527374

14 33 0.0557429

15 33 0.0585285

16 33 0.0610831

17 33 0.0633966

18 33 0.0654599

19 33 0.0672649

20 33 0.0688044

21 33 0.0700723

22 33 0.0710638

23 33 0.0717747

24 33 0.0722024

25 33 0.0723452

26 33 0.0722024

27 33 0.0717747

28 33 0.0710638

29 33 0.0700723

30 33 0.0688044

31 33 0.0672649

32 33 0.0654599

33 33 0.0633966

34 33 0.0610831

35 33 0.0585285

36 33 0.0557429

37 33 0.0527374

38 33 0.0495237

39 33 0.0461146

40 33 0.0425234

41 33 0.0387645

42 33 0.0348526

43 33 0.0308031

44 33 0.026632

45 33 0.0223559

46 33 0.0179915

47 33 0.0135561

48 33 0.00906726

49 33 0.00454259

50 33 0

0 34 0

1 34 0.00437682

2 34 0.00873637

3 34 0.0130614

4 34 0.017335

5 34 0.0215401

6 34 0.0256602

7 34 0.029679

8 34 0.0335807

9 34 0.0373499

10 34 0.0409716

11 34 0.0444317

12 34 0.0477164

13 34 0.0508129

14 34 0.0537087

15 34 0.0563926

16 34 0.058854

17 34 0.0610831

18 34 0.0630711

19 34 0.0648102

20 34 0.0662935

21 34 0.0675152

22 34 0.0684705

23 34 0.0691555

24 34 0.0695676

25 34 0.0697051

26 34 0.0695676

27 34 0.0691555

28 34 0.0684705

29 34 0.0675152

30 34 0.0662935

31 34 0.0648102

32 34 0.0630711

33 34 0.0610831

34 34 0.058854

35 34 0.0563926

36 34 0.0537087

37 34 0.0508129

38 34 0.0477164

39 34 0.0444317

40 34 0.0409716

41 34 0.0373499

42 34 0.0335807

43 34 0.029679

44 34 0.0256602

45 34 0.0215401

46 34 0.017335

47 34 0.0130614

48 34 0.00873637

49 34 0.00437682

50 34 0

0 35 0

1 35 0.00419378

2 35 0.008371

3 35 0.0125152

4 35 0.01661

5 35 0.0206392

6 35 0.024587

7 35 0.0284378

8 35 0.0321763

9 35 0.0357879

10 35 0.0392582

11 35 0.0425735

12 35 0.0457209

13 35 0.0486878

14 35 0.0514626

15 35 0.0540342

16 35 0.0563926

17 35 0.0585285

18 35 0.0604334

19 35 0.0620997

20 35 0.063521

21 35 0.0646916

22 35 0.0656069

23 35 0.0662633

24 35 0.0666582

25 35 0.06679

26 35 0.0666582

27 35 0.0662633

28 35 0.0656069

29 35 0.0646916

30 35 0.063521

31 35 0.0620997

32 35 0.0604334

33 35 0.0585285

34 35 0.0563926

35 35 0.0540342

36 35 0.0514626

37 35 0.0486878

38 35 0.0457209

39 35 0.0425735

40 35 0.0392582

41 35 0.0357879

42 35 0.0321763

43 35 0.0284378

44 35 0.024587

45 35 0.0206392

46 35 0.01661

47 35 0.0125152

48 35 0.008371

49 35 0.00419378

50 35 0

0 36 0

1 36 0.00399418

2 36 0.0079726

3 36 0.0119196

4 36 0.0158195

5 36 0.0196569

6 36 0.0234168

7 36 0.0270843

8 36 0.0306449

9 36 0.0340846

10 36 0.0373897

11 36 0.0405473

12 36 0.0435449

13 36 0.0463706

14 36 0.0490133

15 36 0.0514626

16 36 0.0537087

17 36 0.0557429

18 36 0.0575571

19 36 0.0591442

20 36 0.0604979

21 36 0.0616128

22 36 0.0624845

23 36 0.0631096

24 36 0.0634857

25 36 0.0636112

26 36 0.0634857

27 36 0.0631096

28 36 0.0624845

29 36 0.0616128

30 36 0.0604979

31 36 0.0591442

32 36 0.0575571

33 36 0.0557429

34 36 0.0537087

35 36 0.0514626

36 36 0.0490133

37 36 0.0463706

38 36 0.0435449

39 36 0.0405473

40 36 0.0373897

41 36 0.0340846

42 36 0.0306449

43 36 0.0270843

44 36 0.0234168

45 36 0.0196569

46 36 0.0158195

47 36 0.0119196

48 36 0.0079726

49 36 0.00399418

50 36 0

0 37 0

1 37 0.00377882

2 37 0.00754273

3 37 0.0112769

4 37 0.0149665

5 37 0.0185971

6 37 0.0221543

7 37 0.025624

8 37 0.0289926

9 37 0.0322468

10 37 0.0353737

11 37 0.0383611

12 37 0.041197

13 37 0.0438704

14 37 0.0463706

15 37 0.0486878

16 37 0.0508129

17 37 0.0527374

18 37 0.0544538

19 37 0.0559553

20 37 0.0572359

21 37 0.0582907

22 37 0.0591154

23 37 0.0597069

24 37 0.0600627

25 37 0.0601814

26 37 0.0600627

27 37 0.0597069

28 37 0.0591154

29 37 0.0582907

30 37 0.0572359

31 37 0.0559553

32 37 0.0544538

33 37 0.0527374

34 37 0.0508129

35 37 0.0486878

36 37 0.0463706

37 37 0.0438704

38 37 0.041197

39 37 0.0383611

40 37 0.0353737

41 37 0.0322468

42 37 0.0289926

43 37 0.025624

44 37 0.0221543

45 37 0.0185971

46 37 0.0149665

47 37 0.0112769

48 37 0.00754273

49 37 0.00377882

50 37 0

0 38 0

1 38 0.00354855

2 38 0.0070831

3 38 0.0105897

4 38 0.0140545

5 38 0.0174638

6 38 0.0208042

7 38 0.0240625

8 38 0.0272259

9 38 0.0302818

10 38 0.0332182

11 38 0.0360235

12 38 0.0386866

13 38 0.041197

14 38 0.0435449

15 38 0.0457209

16 38 0.0477164

17 38 0.0495237

18 38 0.0511355

19 38 0.0525455

20 38 0.0537481

21 38 0.0547386

22 38 0.0555131

23 38 0.0560685

24 38 0.0564026

25 38 0.0565141

26 38 0.0564026

27 38 0.0560685

28 38 0.0555131

29 38 0.0547386

30 38 0.0537481

31 38 0.0525455

32 38 0.0511355

33 38 0.0495237

34 38 0.0477164

35 38 0.0457209

36 38 0.0435449

37 38 0.041197

38 38 0.0386866

39 38 0.0360235

40 38 0.0332182

41 38 0.0302818

42 38 0.0272259

43 38 0.0240625

44 38 0.0208042

45 38 0.0174638

46 38 0.0140545

47 38 0.0105897

48 38 0.0070831

49 38 0.00354855

50 38 0

0 39 0

1 39 0.00330427

2 39 0.00659551

3 39 0.00986071

4 39 0.013087

5 39 0.0162616

6 39 0.0193721

7 39 0.0224061

8 39 0.0253517

9 39 0.0281972

10 39 0.0309315

11 39 0.0335437

12 39 0.0360235

13 39 0.0383611

14 39 0.0405473

15 39 0.0425735

16 39 0.0444317

17 39 0.0461146

18 39 0.0476154

19 39 0.0489283

20 39 0.0500482

21 39 0.0509705

22 39 0.0516917

23 39 0.0522088

24 39 0.0525199

25 39 0.0526238

26 39 0.0525199

27 39 0.0522088

28 39 0.0516917

29 39 0.0509705

30 39 0.0500482

31 39 0.0489283

32 39 0.0476154

33 39 0.0461146

34 39 0.0444317

35 39 0.0425735

36 39 0.0405473

37 39 0.0383611

38 39 0.0360235

39 39 0.0335437

40 39 0.0309315

41 39 0.0281972

42 39 0.0253517

43 39 0.0224061

44 39 0.0193721

45 39 0.0162616

46 39 0.013087

47 39 0.00986071

48 39 0.00659551

49 39 0.00330427

50 39 0

0 40 0

1 40 0.00304696

2 40 0.00608189

3 40 0.00909282

4 40 0.0120679

5 40 0.0149953

6 40 0.0178635

7 40 0.0206613

8 40 0.0233775

9 40 0.0260014

10 40 0.0285227

11 40 0.0309315

12 40 0.0332182

13 40 0.0353737

14 40 0.0373897

15 40 0.0392582

16 40 0.0409716

17 40 0.0425234

18 40 0.0439074

19 40 0.0451181

20 40 0.0461507

21 40 0.0470012

22 40 0.0476662

23 40 0.0481431

24 40 0.04843

25 40 0.0485258

26 40 0.04843

27 40 0.0481431

28 40 0.0476662

29 40 0.0470012

30 40 0.0461507

31 40 0.0451181

32 40 0.0439074

33 40 0.0425234

34 40 0.0409716

35 40 0.0392582

36 40 0.0373897

37 40 0.0353737

38 40 0.0332182

39 40 0.0309315

40 40 0.0285227

41 40 0.0260014

42 40 0.0233775

43 40 0.0206613

44 40 0.0178635

45 40 0.0149953

46 40 0.0120679

47 40 0.00909282

48 40 0.00608189

49 40 0.00304696

50 40 0

0 41 0

1 41 0.00277762

2 41 0.00554427

3 41 0.00828904

4 41 0.0110011

5 41 0.0136697

6 41 0.0162844

7 41 0.0188349

8 41 0.021311

9 41 0.023703

10 41 0.0260014

11 41 0.0281972

12 41 0.0302818

13 41 0.0322468

14 41 0.0340846

15 41 0.0357879

16 41 0.0373499

17 41 0.0387645

18 41 0.0400261

19 41 0.0411298

20 41 0.0420711

21 41 0.0428465

22 41 0.0434527

23 41 0.0438874

24 41 0.0441489

25 41 0.0442362

26 41 0.0441489

27 41 0.0438874

28 41 0.0434527

29 41 0.0428465

30 41 0.0420711

31 41 0.0411298

32 41 0.0400261

33 41 0.0387645

34 41 0.0373499

35 41 0.0357879

36 41 0.0340846

37 41 0.0322468

38 41 0.0302818

39 41 0.0281972

40 41 0.0260014

41 41 0.023703

42 41 0.021311

43 41 0.0188349

44 41 0.0162844

45 41 0.0136697

46 41 0.0110011

47 41 0.00828904

48 41 0.00554427

49 41 0.00277762

50 41 0

0 42 0

1 42 0.00249731

2 42 0.00498477

3 42 0.00745255

4 42 0.00989092

5 42 0.0122903

6 42 0.0146411

7 42 0.0169341

8 42 0.0191604

9 42 0.021311

10 42 0.0233775

11 42 0.0253517

12 42 0.0272259

13 42 0.0289926

14 42 0.0306449

15 42 0.0321763

16 42 0.0335807

17 42 0.0348526

18 42 0.0359869

19 42 0.0369792

20 42 0.0378255

21 42 0.0385226

22 42 0.0390676

23 42 0.0394585

24 42 0.0396936

25 42 0.0397721

26 42 0.0396936

27 42 0.0394585

28 42 0.0390676

29 42 0.0385226

30 42 0.0378255

31 42 0.0369792

32 42 0.0359869

33 42 0.0348526

34 42 0.0335807

35 42 0.0321763

36 42 0.0306449

37 42 0.0289926

38 42 0.0272259

39 42 0.0253517

40 42 0.0233775

41 42 0.021311

42 42 0.0191604

43 42 0.0169341

44 42 0.0146411

45 42 0.0122903

46 42 0.00989092

47 42 0.00745255

48 42 0.00498477

49 42 0.00249731

50 42 0

0 43 0

1 43 0.00220715

2 43 0.00440559

3 43 0.00658665

4 43 0.00874171

5 43 0.0108623

6 43 0.01294

7 43 0.0149666

8 43 0.0169341

9 43 0.0188349

10 43 0.0206613

11 43 0.0224061

12 43 0.0240625

13 43 0.025624

14 43 0.0270843

15 43 0.0284378

16 43 0.029679

17 43 0.0308031

18 43 0.0318056

19 43 0.0326826

20 43 0.0334306

21 43 0.0340467

22 43 0.0345284

23 43 0.0348739

24 43 0.0350817

25 43 0.035151

26 43 0.0350817

27 43 0.0348739

28 43 0.0345284

29 43 0.0340467

30 43 0.0334306

31 43 0.0326826

32 43 0.0318056

33 43 0.0308031

34 43 0.029679

35 43 0.0284378

36 43 0.0270843

37 43 0.025624

38 43 0.0240625

39 43 0.0224061

40 43 0.0206613

41 43 0.0188349

42 43 0.0169341

43 43 0.0149666

44 43 0.01294

45 43 0.0108623

46 43 0.00874171

47 43 0.00658665

48 43 0.00440559

49 43 0.00220715

50 43 0

0 44 0

1 44 0.00190828

2 44 0.00380903

3 44 0.00569475

4 44 0.00755799

5 44 0.00939141

6 44 0.0111878

7 44 0.01294

8 44 0.0146411

9 44 0.0162844

10 44 0.0178635

11 44 0.0193721

12 44 0.0208042

13 44 0.0221543

14 44 0.0234168

15 44 0.024587

16 44 0.0256602

17 44 0.026632

18 44 0.0274988

19 44 0.0282571

20 44 0.0289038

21 44 0.0294364

22 44 0.0298529

23 44 0.0301516

24 44 0.0303313

25 44 0.0303912

26 44 0.0303313

27 44 0.0301516

28 44 0.0298529

29 44 0.0294364

30 44 0.0289038

31 44 0.0282571

32 44 0.0274988

33 44 0.026632

34 44 0.0256602

35 44 0.024587

36 44 0.0234168

37 44 0.0221543

38 44 0.0208042

39 44 0.0193721

40 44 0.0178635

41 44 0.0162844

42 44 0.0146411

43 44 0.01294

44 44 0.0111878

45 44 0.00939141

46 44 0.00755799

47 44 0.00569475

48 44 0.00380903

49 44 0.00190828

50 44 0

0 45 0

1 45 0.00160188

2 45 0.00319744

3 45 0.00478038

4 45 0.00634445

5 45 0.00788349

6 45 0.00939141

7 45 0.0108623

8 45 0.0122903

9 45 0.0136697

10 45 0.0149953

11 45 0.0162616

12 45 0.0174638

13 45 0.0185971

14 45 0.0196569

15 45 0.0206392

16 45 0.0215401

17 45 0.0223559

18 45 0.0230835

19 45 0.02372

20 45 0.0242629

21 45 0.02471

22 45 0.0250596

23 45 0.0253103

24 45 0.0254612

25 45 0.0255115

26 45 0.0254612

27 45 0.0253103

28 45 0.0250596

29 45 0.02471

30 45 0.0242629

31 45 0.02372

32 45 0.0230835

33 45 0.0223559

34 45 0.0215401

35 45 0.0206392

36 45 0.0196569

37 45 0.0185971

38 45 0.0174638

39 45 0.0162616

40 45 0.0149953

41 45 0.0136697

42 45 0.0122903

43 45 0.0108623

44 45 0.00939141

45 45 0.00788349

46 45 0.00634445

47 45 0.00478038

48 45 0.00319744

49 45 0.00160188

50 45 0

0 46 0

1 46 0.00128916

2 46 0.00257323

3 46 0.00384714

4 46 0.00510587

5 46 0.00634445

6 46 0.00755799

7 46 0.00874171

8 46 0.00989092

9 46 0.0110011

10 46 0.0120679

11 46 0.013087

12 46 0.0140545

13 46 0.0149665

14 46 0.0158195

15 46 0.01661

16 46 0.017335

17 46 0.0179915

18 46 0.0185771

19 46 0.0190893

20 46 0.0195262

21 46 0.0198861

22 46 0.0201674

23 46 0.0203692

24 46 0.0204906

25 46 0.0205311

26 46 0.0204906

27 46 0.0203692

28 46 0.0201674

29 46 0.0198861

30 46 0.0195262

31 46 0.0190893

32 46 0.0185771

33 46 0.0179915

34 46 0.017335

35 46 0.01661

36 46 0.0158195

37 46 0.0149665

38 46 0.0140545

39 46 0.013087

40 46 0.0120679

41 46 0.0110011

42 46 0.00989092

43 46 0.00874171

44 46 0.00755799

45 46 0.00634445

46 46 0.00510587

47 46 0.00384714

48 46 0.00257323

49 46 0.00128916

50 46 0

0 47 0

1 47 0.000971346

2 47 0.00193886

3 47 0.00289872

4 47 0.00384714

5 47 0.00478038

6 47 0.00569475

7 47 0.00658665

8 47 0.00745255

9 47 0.00828904

10 47 0.00909282

11 47 0.00986071

12 47 0.0105897

13 47 0.0112769

14 47 0.0119196

15 47 0.0125152

16 47 0.0130614

17 47 0.0135561

18 47 0.0139973

19 47 0.0143833

20 47 0.0147125

21 47 0.0149836

22 47 0.0151956

23 47 0.0153476

24 47 0.0154391

25 47 0.0154696

26 47 0.0154391

27 47 0.0153476

28 47 0.0151956

29 47 0.0149836

30 47 0.0147125

31 47 0.0143833

32 47 0.0139973

33 47 0.0135561

34 47 0.0130614

35 47 0.0125152

36 47 0.0119196

37 47 0.0112769

38 47 0.0105897

39 47 0.00986071

40 47 0.00909282

41 47 0.00828904

42 47 0.00745255

43 47 0.00658665

44 47 0.00569475

45 47 0.00478038

46 47 0.00384714

47 47 0.00289872

48 47 0.00193886

49 47 0.000971346

50 47 0

0 48 0

1 48 0.000649702

2 48 0.00129684

3 48 0.00193886

4 48 0.00257323

5 48 0.00319744

6 48 0.00380903

7 48 0.00440559

8 48 0.00498477

9 48 0.00554427

10 48 0.00608189

11 48 0.00659551

12 48 0.0070831

13 48 0.00754273

14 48 0.0079726

15 48 0.008371

16 48 0.00873637

17 48 0.00906726

18 48 0.00936236

19 48 0.00962052

20 48 0.0098407

21 48 0.0100221

22 48 0.0101639

23 48 0.0102655

24 48 0.0103267

25 48 0.0103471

26 48 0.0103267

27 48 0.0102655

28 48 0.0101639

29 48 0.0100221

30 48 0.0098407

31 48 0.00962052

32 48 0.00936236

33 48 0.00906726

34 48 0.00873637

35 48 0.008371

36 48 0.0079726

37 48 0.00754273

38 48 0.0070831

39 48 0.00659551

40 48 0.00608189

41 48 0.00554427

42 48 0.00498477

43 48 0.00440559

44 48 0.00380903

