0 1 0

1 1 0.00173491

2 1 0.00346297

3 1 0.00517737

4 1 0.00687133

5 1 0.00853817

6 1 0.0101713

7 1 0.0117643

8 1 0.0133109

9 1 0.014805

10 1 0.0162406

11 1 0.0176121

12 1 0.0189141

13 1 0.0201415

14 1 0.0212894

15 1 0.0223532

16 1 0.0233289

17 1 0.0242124

18 1 0.0250005

19 1 0.0256898

20 1 0.0262778

21 1 0.0267621

22 1 0.0271407

23 1 0.0274122

24 1 0.0275756

25 1 0.0276301

26 1 0.0275756

27 1 0.0274122

28 1 0.0271407

29 1 0.0267621

30 1 0.0262778

31 1 0.0256898

32 1 0.0250005

33 1 0.0242124

34 1 0.0233289

35 1 0.0223532

36 1 0.0212894

37 1 0.0201415

38 1 0.0189141

39 1 0.0176121

40 1 0.0162406

41 1 0.014805

42 1 0.0133109

43 1 0.0117643

44 1 0.0101713

45 1 0.00853817

46 1 0.00687133

47 1 0.00517737

48 1 0.00346297

49 1 0.00173491

50 1 0

0 2 0

1 2 0.00346297

2 2 0.00691228

3 2 0.0103343

4 2 0.0137155

5 2 0.0170427

6 2 0.0203025

7 2 0.0234822

8 2 0.0265693

9 2 0.0295515

10 2 0.032417

11 2 0.0351547

12 2 0.0377536

13 2 0.0402035

14 2 0.0424947

15 2 0.0446182

16 2 0.0465657

17 2 0.0483293

18 2 0.0499023

19 2 0.0512783

20 2 0.0524519

21 2 0.0534185

22 2 0.0541743

23 2 0.0547163

24 2 0.0550423

25 2 0.0551512

26 2 0.0550423

27 2 0.0547163

28 2 0.0541743

29 2 0.0534185

30 2 0.0524519

31 2 0.0512783

32 2 0.0499023

33 2 0.0483293

34 2 0.0465657

35 2 0.0446182

36 2 0.0424947

37 2 0.0402035

38 2 0.0377536

39 2 0.0351547

40 2 0.032417

41 2 0.0295515

42 2 0.0265693

43 2 0.0234822

44 2 0.0203025

45 2 0.0170427

46 2 0.0137155

47 2 0.0103343

48 2 0.00691228

49 2 0.00346297

50 2 0

0 3 0

1 3 0.00517737

2 3 0.0103343

3 3 0.0154504

4 3 0.0205056

5 3 0.0254799

6 3 0.0303536

7 3 0.0351075

8 3 0.0397228

9 3 0.0441814

10 3 0.0484656

11 3 0.0525585

12 3 0.056444

13 3 0.0601068

14 3 0.0635323

15 3 0.0667072

16 3 0.0696187

17 3 0.0722555

18 3 0.0746071

19 3 0.0766643

20 3 0.078419

21 3 0.0798641

22 3 0.0809941

23 3 0.0818044

24 3 0.0822919

25 3 0.0824546

26 3 0.0822919

27 3 0.0818044

28 3 0.0809941

29 3 0.0798641

30 3 0.078419

31 3 0.0766643

32 3 0.0746071

33 3 0.0722555

34 3 0.0696187

35 3 0.0667072

36 3 0.0635323

37 3 0.0601068

38 3 0.056444

39 3 0.0525585

40 3 0.0484656

41 3 0.0441814

42 3 0.0397228

43 3 0.0351075

44 3 0.0303536

45 3 0.0254799

46 3 0.0205056

47 3 0.0154504

48 3 0.0103343

49 3 0.00517737

50 3 0

0 4 0

1 4 0.00687133

2 4 0.0137155

3 4 0.0205056

4 4 0.0272148

5 4 0.0338165

6 4 0.0402848

7 4 0.0465941

8 4 0.0527195

9 4 0.0586369

10 4 0.0643229

11 4 0.069755

12 4 0.0749118

13 4 0.0797729

14 4 0.0843193

15 4 0.0885328

16 4 0.092397

17 4 0.0958965

18 4 0.0990176

19 4 0.101748

20 4 0.104077

21 4 0.105995

22 4 0.107494

23 4 0.10857

24 4 0.109217

25 4 0.109433

26 4 0.109217

27 4 0.10857

28 4 0.107494

29 4 0.105995

30 4 0.104077

31 4 0.101748

32 4 0.0990176

33 4 0.0958965

34 4 0.092397

35 4 0.0885328

36 4 0.0843193

37 4 0.0797729

38 4 0.0749118

39 4 0.069755

40 4 0.0643229

41 4 0.0586369

42 4 0.0527195

43 4 0.0465941

44 4 0.0402848

45 4 0.0338165

46 4 0.0272148

47 4 0.0205056

48 4 0.0137155

49 4 0.00687133

50 4 0

0 5 0

1 5 0.00853817

2 5 0.0170427

3 5 0.0254799

4 5 0.0338165

5 5 0.0420197

6 5 0.0500571

7 5 0.0578969

8 5 0.0655082

9 5 0.072861

10 5 0.0799263

11 5 0.0866761

12 5 0.0930838

13 5 0.0991242

14 5 0.104773

15 5 0.110009

16 5 0.114811

17 5 0.119159

18 5 0.123037

19 5 0.12643

20 5 0.129323

21 5 0.131707

22 5 0.13357

23 5 0.134906

24 5 0.13571

25 5 0.135979

26 5 0.13571

27 5 0.134906

28 5 0.13357

29 5 0.131707

30 5 0.129323

31 5 0.12643

32 5 0.123037

33 5 0.119159

34 5 0.114811

35 5 0.110009

36 5 0.104773

37 5 0.0991242

38 5 0.0930838

39 5 0.0866761

40 5 0.0799263

41 5 0.072861

42 5 0.0655082

43 5 0.0578969

44 5 0.0500571

45 5 0.0420197

46 5 0.0338165

47 5 0.0254799

48 5 0.0170427

49 5 0.00853817

50 5 0

0 6 0

1 6 0.0101713

2 6 0.0203025

3 6 0.0303536

4 6 0.0402848

5 6 0.0500571

6 6 0.0596318

7 6 0.0689712

8 6 0.0780384

9 6 0.0867976

10 6 0.0952143

11 6 0.103255

12 6 0.110889

13 6 0.118084

14 6 0.124814

15 6 0.131051

16 6 0.136771

17 6 0.141951

18 6 0.146571

19 6 0.150613

20 6 0.15406

21 6 0.156899

22 6 0.159119

23 6 0.160711

24 6 0.161669

25 6 0.161988

26 6 0.161669

27 6 0.160711

28 6 0.159119

29 6 0.156899

30 6 0.15406

31 6 0.150613

32 6 0.146571

33 6 0.141951

34 6 0.136771

35 6 0.131051

36 6 0.124814

37 6 0.118084

38 6 0.110889

39 6 0.103255

40 6 0.0952143

41 6 0.0867976

42 6 0.0780384

43 6 0.0689712

44 6 0.0596318

45 6 0.0500571

46 6 0.0402848

47 6 0.0303536

48 6 0.0203025

49 6 0.0101713

50 6 0

0 7 0

1 7 0.0117643

2 7 0.0234822

3 7 0.0351075

4 7 0.0465941

5 7 0.0578969

6 7 0.0689712

7 7 0.0797733

8 7 0.0902606

9 7 0.100392

10 7 0.110126

11 7 0.119427

12 7 0.128256

13 7 0.136578

14 7 0.144362

15 7 0.151576

16 7 0.158192

17 7 0.164183

18 7 0.169527

19 7 0.174201

20 7 0.178188

21 7 0.181472

22 7 0.18404

23 7 0.185881

24 7 0.186989

25 7 0.187358

26 7 0.186989

27 7 0.185881

28 7 0.18404

29 7 0.181472

30 7 0.178188

31 7 0.174201

32 7 0.169527

33 7 0.164183

34 7 0.158192

35 7 0.151576

36 7 0.144362

37 7 0.136578

38 7 0.128256

39 7 0.119427

40 7 0.110126

41 7 0.100392

42 7 0.0902606

43 7 0.0797733

44 7 0.0689712

45 7 0.0578969

46 7 0.0465941

47 7 0.0351075

48 7 0.0234822

49 7 0.0117643

50 7 0

0 8 0

1 8 0.0133109

2 8 0.0265693

3 8 0.0397228

4 8 0.0527195

5 8 0.0655082

6 8 0.0780384

7 8 0.0902606

8 8 0.102127

9 8 0.113589

10 8 0.124604

11 8 0.135127

12 8 0.145117

13 8 0.154533

14 8 0.16334

15 8 0.171503

16 8 0.178988

17 8 0.185767

18 8 0.191813

19 8 0.197102

20 8 0.201614

21 8 0.205329

22 8 0.208234

23 8 0.210318

24 8 0.211571

25 8 0.211989

26 8 0.211571

27 8 0.210318

28 8 0.208234

29 8 0.205329

30 8 0.201614

31 8 0.197102

32 8 0.191813

33 8 0.185767

34 8 0.178988

35 8 0.171503

36 8 0.16334

37 8 0.154533

38 8 0.145117

39 8 0.135127

40 8 0.124604

41 8 0.113589

42 8 0.102127

43 8 0.0902606

44 8 0.0780384

45 8 0.0655082

46 8 0.0527195

47 8 0.0397228

48 8 0.0265693

49 8 0.0133109

50 8 0

0 9 0

1 9 0.014805

2 9 0.0295515

3 9 0.0441814

4 9 0.0586369

5 9 0.072861

6 9 0.0867976

7 9 0.100392

8 9 0.113589

9 9 0.126339

10 9 0.13859

11 9 0.150294

12 9 0.161405

13 9 0.171879

14 9 0.181674

15 9 0.190753

16 9 0.199078

17 9 0.206618

18 9 0.213343

19 9 0.219226

20 9 0.224243

21 9 0.228376

22 9 0.231607

23 9 0.233924

24 9 0.235318

25 9 0.235783

26 9 0.235318

27 9 0.233924

28 9 0.231607

29 9 0.228376

30 9 0.224243

31 9 0.219226

32 9 0.213343

33 9 0.206618

34 9 0.199078

35 9 0.190753

36 9 0.181674

37 9 0.171879

38 9 0.161405

39 9 0.150294

40 9 0.13859

41 9 0.126339

42 9 0.113589

43 9 0.100392

44 9 0.0867976

45 9 0.072861

46 9 0.0586369

47 9 0.0441814

48 9 0.0295515

49 9 0.014805

50 9 0

0 10 0

1 10 0.0162406

2 10 0.032417

3 10 0.0484656

4 10 0.0643229

5 10 0.0799263

6 10 0.0952143

7 10 0.110126

8 10 0.124604

9 10 0.13859

10 10 0.152029

11 10 0.164868

12 10 0.177056

13 10 0.188545

14 10 0.199291

15 10 0.20925

16 10 0.218383

17 10 0.226654

18 10 0.234031

19 10 0.240484

20 10 0.245988

21 10 0.250521

22 10 0.254066

23 10 0.256607

24 10 0.258136

25 10 0.258647

26 10 0.258136

27 10 0.256607

28 10 0.254066

29 10 0.250521

30 10 0.245988

31 10 0.240484

32 10 0.234031

33 10 0.226654

34 10 0.218383

35 10 0.20925

36 10 0.199291

37 10 0.188545

38 10 0.177056

39 10 0.164868

40 10 0.152029

41 10 0.13859

42 10 0.124604

43 10 0.110126

44 10 0.0952143

45 10 0.0799263

46 10 0.0643229

47 10 0.0484656

48 10 0.032417

49 10 0.0162406

50 10 0

0 11 0

1 11 0.0176121

2 11 0.0351547

3 11 0.0525585

4 11 0.069755

5 11 0.0866761

6 11 0.103255

7 11 0.119427

8 11 0.135127

9 11 0.150294

10 11 0.164868

11 11 0.178791

12 11 0.192008

13 11 0.204468

14 11 0.216121

15 11 0.226921

16 11 0.236825

17 11 0.245795

18 11 0.253795

19 11 0.260793

20 11 0.266762

21 11 0.271678

22 11 0.275521

23 11 0.278278

24 11 0.279936

25 11 0.28049

26 11 0.279936

27 11 0.278278

28 11 0.275521

29 11 0.271678

30 11 0.266762

31 11 0.260793

32 11 0.253795

33 11 0.245795

34 11 0.236825

35 11 0.226921

36 11 0.216121

37 11 0.204468

38 11 0.192008

39 11 0.178791

40 11 0.164868

41 11 0.150294

42 11 0.135127

43 11 0.119427

44 11 0.103255

45 11 0.0866761

46 11 0.069755

47 11 0.0525585

48 11 0.0351547

49 11 0.0176121

50 11 0

0 12 0

1 12 0.0189141

2 12 0.0377536

3 12 0.056444

4 12 0.0749118

5 12 0.0930838

6 12 0.110889

7 12 0.128256

8 12 0.145117

9 12 0.161405

10 12 0.177056

11 12 0.192008

12 12 0.206203

13 12 0.219584

14 12 0.232098

15 12 0.243697

16 12 0.254333

17 12 0.263966

18 12 0.272557

19 12 0.280072

20 12 0.286483

21 12 0.291762

22 12 0.29589

23 12 0.29885

24 12 0.300631

25 12 0.301226

26 12 0.300631

27 12 0.29885

28 12 0.29589

29 12 0.291762

30 12 0.286483

31 12 0.280072

32 12 0.272557

33 12 0.263966

34 12 0.254333

35 12 0.243697

36 12 0.232098

37 12 0.219584

38 12 0.206203

39 12 0.192008

40 12 0.177056

41 12 0.161405

42 12 0.145117

43 12 0.128256

44 12 0.110889

45 12 0.0930838

46 12 0.0749118

47 12 0.056444

48 12 0.0377536

49 12 0.0189141

50 12 0

0 13 0

1 13 0.0201415

2 13 0.0402035

3 13 0.0601068

4 13 0.0797729

5 13 0.0991242

6 13 0.118084

7 13 0.136578

8 13 0.154533

9 13 0.171879

10 13 0.188545

11 13 0.204468

12 13 0.219584

13 13 0.233833

14 13 0.24716

15 13 0.259511

16 13 0.270837

17 13 0.281095

18 13 0.290244

19 13 0.298247

20 13 0.305073

21 13 0.310695

22 13 0.315091

23 13 0.318243

24 13 0.32014

25 13 0.320773

26 13 0.32014

27 13 0.318243

28 13 0.315091

29 13 0.310695

30 13 0.305073

31 13 0.298247

32 13 0.290244

33 13 0.281095

34 13 0.270837

35 13 0.259511

36 13 0.24716

37 13 0.233833

38 13 0.219584

39 13 0.204468

40 13 0.188545

41 13 0.171879

42 13 0.154533

43 13 0.136578

44 13 0.118084

45 13 0.0991242

46 13 0.0797729

47 13 0.0601068

48 13 0.0402035

49 13 0.0201415

50 13 0

0 14 0

1 14 0.0212894

2 14 0.0424947

3 14 0.0635323

4 14 0.0843193

5 14 0.104773

6 14 0.124814

7 14 0.144362

8 14 0.16334

9 14 0.181674

10 14 0.199291

11 14 0.216121

12 14 0.232098

13 14 0.24716

14 14 0.261245

15 14 0.2743

16 14 0.286273

17 14 0.297115

18 14 0.306785

19 14 0.315244

20 14 0.322459

21 14 0.328402

22 14 0.333048

23 14 0.33638

24 14 0.338385

25 14 0.339054

26 14 0.338385

27 14 0.33638

28 14 0.333048

29 14 0.328402

30 14 0.322459

31 14 0.315244

32 14 0.306785

33 14 0.297115

34 14 0.286273

35 14 0.2743

36 14 0.261245

37 14 0.24716

38 14 0.232098

39 14 0.216121

40 14 0.199291

41 14 0.181674

42 14 0.16334

43 14 0.144362

44 14 0.124814

45 14 0.104773

46 14 0.0843193

47 14 0.0635323

48 14 0.0424947

49 14 0.0212894

50 14 0

0 15 0

1 15 0.0223532

2 15 0.0446182

3 15 0.0667072

4 15 0.0885328

5 15 0.110009

6 15 0.131051

7 15 0.151576

8 15 0.171503

9 15 0.190753

10 15 0.20925

11 15 0.226921

12 15 0.243697

13 15 0.259511

14 15 0.2743

15 15 0.288008

16 15 0.300578

17 15 0.311962

18 15 0.322116

19 15 0.330998

20 15 0.338573

21 15 0.344813

22 15 0.349691

23 15 0.35319

24 15 0.355294

25 15 0.355997

26 15 0.355294

27 15 0.35319

28 15 0.349691

29 15 0.344813

30 15 0.338573

31 15 0.330998

32 15 0.322116

33 15 0.311962

34 15 0.300578

35 15 0.288008

36 15 0.2743

37 15 0.259511

38 15 0.243697

39 15 0.226921

40 15 0.20925

41 15 0.190753

42 15 0.171503

43 15 0.151576

44 15 0.131051

45 15 0.110009

46 15 0.0885328

47 15 0.0667072

48 15 0.0446182

49 15 0.0223532

50 15 0

0 16 0

1 16 0.0233289

2 16 0.0465657

3 16 0.0696187

4 16 0.092397

5 16 0.114811

6 16 0.136771

7 16 0.158192

8 16 0.178988

9 16 0.199078

10 16 0.218383

11 16 0.236825

12 16 0.254333

13 16 0.270837

14 16 0.286273

15 16 0.300578

16 16 0.313697

17 16 0.325579

18 16 0.336175

19 16 0.345444

20 16 0.353351

21 16 0.359862

22 16 0.364954

23 16 0.368605

24 16 0.370802

25 16 0.371535

26 16 0.370802

27 16 0.368605

28 16 0.364954

29 16 0.359862

30 16 0.353351

31 16 0.345444

32 16 0.336175

33 16 0.325579

34 16 0.313697

35 16 0.300578

36 16 0.286273

37 16 0.270837

38 16 0.254333

39 16 0.236825

40 16 0.218383

41 16 0.199078

42 16 0.178988

43 16 0.158192

44 16 0.136771

45 16 0.114811

46 16 0.092397

47 16 0.0696187

48 16 0.0465657

49 16 0.0233289

50 16 0

0 17 0

1 17 0.0242124

2 17 0.0483293

3 17 0.0722555

4 17 0.0958965

5 17 0.119159

6 17 0.141951

7 17 0.164183

8 17 0.185767

9 17 0.206618

10 17 0.226654

11 17 0.245795

12 17 0.263966

13 17 0.281095

14 17 0.297115

15 17 0.311962

16 17 0.325579

17 17 0.33791

18 17 0.348907

19 17 0.358528

20 17 0.366734

21 17 0.373492

22 17 0.378777

23 17 0.382566

24 17 0.384846

25 17 0.385607

26 17 0.384846

27 17 0.382566

28 17 0.378777

29 17 0.373492

30 17 0.366734

31 17 0.358528

32 17 0.348907

33 17 0.33791

34 17 0.325579

35 17 0.311962

36 17 0.297115

37 17 0.281095

38 17 0.263966

39 17 0.245795

40 17 0.226654

41 17 0.206618

42 17 0.185767

43 17 0.164183

44 17 0.141951

45 17 0.119159

46 17 0.0958965

47 17 0.0722555

48 17 0.0483293

49 17 0.0242124

50 17 0

0 18 0

1 18 0.0250005

2 18 0.0499023

3 18 0.0746071

4 18 0.0990176

5 18 0.123037

6 18 0.146571

7 18 0.169527

8 18 0.191813

9 18 0.213343

10 18 0.234031

11 18 0.253795

12 18 0.272557

13 18 0.290244

14 18 0.306785

15 18 0.322116

16 18 0.336175

17 18 0.348907

18 18 0.360263

19 18 0.370197

20 18 0.37867

21 18 0.385648

22 18 0.391104

23 18 0.395017

24 18 0.397371

25 18 0.398157

26 18 0.397371

27 18 0.395017

28 18 0.391104

29 18 0.385648

30 18 0.37867

31 18 0.370197

32 18 0.360263

33 18 0.348907

34 18 0.336175

35 18 0.322116

36 18 0.306785

37 18 0.290244

38 18 0.272557

39 18 0.253795

40 18 0.234031

41 18 0.213343

42 18 0.191813

43 18 0.169527

44 18 0.146571

45 18 0.123037

46 18 0.0990176

47 18 0.0746071

48 18 0.0499023

49 18 0.0250005

50 18 0

0 19 0

1 19 0.0256898

2 19 0.0512783

3 19 0.0766643

4 19 0.101748

5 19 0.12643

6 19 0.150613

7 19 0.174201

8 19 0.197102

9 19 0.219226

10 19 0.240484

11 19 0.260793

12 19 0.280072

13 19 0.298247

14 19 0.315244

15 19 0.330998

16 19 0.345444

17 19 0.358528

18 19 0.370197

19 19 0.380404

20 19 0.389111

21 19 0.396282

22 19 0.401889

23 19 0.405909

24 19 0.408328

25 19 0.409135

26 19 0.408328

27 19 0.405909

28 19 0.401889

29 19 0.396282

30 19 0.389111

31 19 0.380404

32 19 0.370197

33 19 0.358528

34 19 0.345444

35 19 0.330998

36 19 0.315244

37 19 0.298247

38 19 0.280072

39 19 0.260793

40 19 0.240484

41 19 0.219226

42 19 0.197102

43 19 0.174201

44 19 0.150613

45 19 0.12643

46 19 0.101748

47 19 0.0766643

48 19 0.0512783

49 19 0.0256898

50 19 0

0 20 0

1 20 0.0262778

2 20 0.0524519

3 20 0.078419

4 20 0.104077

5 20 0.129323

6 20 0.15406

7 20 0.178188

8 20 0.201614

9 20 0.224243

10 20 0.245988

11 20 0.266762

12 20 0.286483

13 20 0.305073

14 20 0.322459

15 20 0.338573

16 20 0.353351

17 20 0.366734

18 20 0.37867

19 20 0.389111

20 20 0.398017

21 20 0.405351

22 20 0.411087

23 20 0.415199

24 20 0.417674

25 20 0.418499

26 20 0.417674

27 20 0.415199

28 20 0.411087

29 20 0.405351

30 20 0.398017

31 20 0.389111

32 20 0.37867

33 20 0.366734

34 20 0.353351

35 20 0.338573

36 20 0.322459

37 20 0.305073

38 20 0.286483

39 20 0.266762

40 20 0.245988

41 20 0.224243

42 20 0.201614

43 20 0.178188

44 20 0.15406

45 20 0.129323

46 20 0.104077

47 20 0.078419

48 20 0.0524519

49 20 0.0262778

50 20 0

0 21 0

1 21 0.0267621

2 21 0.0534185

3 21 0.0798641

4 21 0.105995

5 21 0.131707

6 21 0.156899

7 21 0.181472

8 21 0.205329

9 21 0.228376

10 21 0.250521

11 21 0.271678

12 21 0.291762

13 21 0.310695

14 21 0.328402

15 21 0.344813

16 21 0.359862

17 21 0.373492

18 21 0.385648

19 21 0.396282

20 21 0.405351

21 21 0.412822

22 21 0.418662

23 21 0.422851

24 21 0.425371

25 21 0.426212

26 21 0.425371

27 21 0.422851

28 21 0.418662

29 21 0.412822

30 21 0.405351

31 21 0.396282

32 21 0.385648

33 21 0.373492

34 21 0.359862

35 21 0.344813

36 21 0.328402

37 21 0.310695

38 21 0.291762

39 21 0.271678

40 21 0.250521

41 21 0.228376

42 21 0.205329

43 21 0.181472

44 21 0.156899

45 21 0.131707

46 21 0.105995

47 21 0.0798641

48 21 0.0534185

49 21 0.0267621

50 21 0

0 22 0

1 22 0.0271407

2 22 0.0541743

3 22 0.0809941

4 22 0.107494

5 22 0.13357

6 22 0.159119

7 22 0.18404

8 22 0.208234

9 22 0.231607

10 22 0.254066

11 22 0.275521

12 22 0.29589

13 22 0.315091

14 22 0.333048

15 22 0.349691

16 22 0.364954

17 22 0.378777

18 22 0.391104

19 22 0.401889

20 22 0.411087

21 22 0.418662

22 22 0.424586

23 22 0.428834

24 22 0.431389

25 22 0.432242

26 22 0.431389

27 22 0.428834

28 22 0.424586

29 22 0.418662

30 22 0.411087

31 22 0.401889

32 22 0.391104

33 22 0.378777

34 22 0.364954

35 22 0.349691

36 22 0.333048

37 22 0.315091

38 22 0.29589

39 22 0.275521

40 22 0.254066

41 22 0.231607

42 22 0.208234

43 22 0.18404

44 22 0.159119

45 22 0.13357

46 22 0.107494

47 22 0.0809941

48 22 0.0541743

49 22 0.0271407

50 22 0

0 23 0

1 23 0.0274122

2 23 0.0547163

3 23 0.0818044

4 23 0.10857

5 23 0.134906

6 23 0.160711

7 23 0.185881

8 23 0.210318

9 23 0.233924

10 23 0.256607

11 23 0.278278

12 23 0.29885

13 23 0.318243

14 23 0.33638

15 23 0.35319

16 23 0.368605

17 23 0.382566

18 23 0.395017

19 23 0.405909

20 23 0.415199

21 23 0.422851

22 23 0.428834

23 23 0.433124

24 23 0.435705

25 23 0.436566

26 23 0.435705

27 23 0.433124

28 23 0.428834

29 23 0.422851

30 23 0.415199

31 23 0.405909

32 23 0.395017

33 23 0.382566

34 23 0.368605

35 23 0.35319

36 23 0.33638

37 23 0.318243

38 23 0.29885

39 23 0.278278

40 23 0.256607

41 23 0.233924

42 23 0.210318

43 23 0.185881

44 23 0.160711

45 23 0.134906

46 23 0.10857

47 23 0.0818044

48 23 0.0547163

49 23 0.0274122

50 23 0

0 24 0

1 24 0.0275756

2 24 0.0550423

3 24 0.0822919

4 24 0.109217

5 24 0.13571

6 24 0.161669

7 24 0.186989

8 24 0.211571

9 24 0.235318

10 24 0.258136

11 24 0.279936

12 24 0.300631

13 24 0.32014

14 24 0.338385

15 24 0.355294

16 24 0.370802

17 24 0.384846

18 24 0.397371

19 24 0.408328

20 24 0.417674

21 24 0.425371

22 24 0.431389

23 24 0.435705

24 24 0.438301

25 24 0.439168

26 24 0.438301

27 24 0.435705

28 24 0.431389

29 24 0.425371

30 24 0.417674

31 24 0.408328

32 24 0.397371

33 24 0.384846

34 24 0.370802

35 24 0.355294

36 24 0.338385

37 24 0.32014

38 24 0.300631

39 24 0.279936

40 24 0.258136

41 24 0.235318

42 24 0.211571

43 24 0.186989

44 24 0.161669

45 24 0.13571

46 24 0.109217

47 24 0.0822919

48 24 0.0550423

49 24 0.0275756

50 24 0

0 25 0

1 25 0.0276301

2 25 0.0551512

3 25 0.0824546

4 25 0.109433

5 25 0.135979

6 25 0.161988

7 25 0.187358

8 25 0.211989

9 25 0.235783

10 25 0.258647

11 25 0.28049

12 25 0.301226

13 25 0.320773

14 25 0.339054

15 25 0.355997

16 25 0.371535

17 25 0.385607

18 25 0.398157

19 25 0.409135

20 25 0.418499

21 25 0.426212

22 25 0.432242

23 25 0.436566

24 25 0.439168

25 25 0.440036

26 25 0.439168

27 25 0.436566

28 25 0.432242

29 25 0.426212

30 25 0.418499

31 25 0.409135

32 25 0.398157

33 25 0.385607

34 25 0.371535

35 25 0.355997

36 25 0.339054

37 25 0.320773

38 25 0.301226

39 25 0.28049

40 25 0.258647

41 25 0.235783

42 25 0.211989

43 25 0.187358

44 25 0.161988

45 25 0.135979

46 25 0.109433

47 25 0.0824546

48 25 0.0551512

49 25 0.0276301

50 25 0

0 26 0

1 26 0.0275756

2 26 0.0550423

3 26 0.0822919

4 26 0.109217

5 26 0.13571

6 26 0.161669

7 26 0.186989

8 26 0.211571

9 26 0.235318

10 26 0.258136

11 26 0.279936

12 26 0.300631

13 26 0.32014

14 26 0.338385

15 26 0.355294

16 26 0.370802

17 26 0.384846

18 26 0.397371

19 26 0.408328

20 26 0.417674

21 26 0.425371

22 26 0.431389

23 26 0.435705

24 26 0.438301

25 26 0.439168

26 26 0.438301

27 26 0.435705

28 26 0.431389

29 26 0.425371

30 26 0.417674

31 26 0.408328

32 26 0.397371

33 26 0.384846

34 26 0.370802

35 26 0.355294

36 26 0.338385

37 26 0.32014

38 26 0.300631

39 26 0.279936

40 26 0.258136

41 26 0.235318

42 26 0.211571

43 26 0.186989

44 26 0.161669

45 26 0.13571

46 26 0.109217

47 26 0.0822919

48 26 0.0550423

49 26 0.0275756

50 26 0

0 27 0

1 27 0.0274122

2 27 0.0547163

3 27 0.0818044

4 27 0.10857

5 27 0.134906

6 27 0.160711

7 27 0.185881

8 27 0.210318

9 27 0.233924

10 27 0.256607

11 27 0.278278

12 27 0.29885

13 27 0.318243

14 27 0.33638

15 27 0.35319

16 27 0.368605

17 27 0.382566

18 27 0.395017

19 27 0.405909

20 27 0.415199

21 27 0.422851

22 27 0.428834

23 27 0.433124

24 27 0.435705

25 27 0.436566

26 27 0.435705

27 27 0.433124

28 27 0.428834

29 27 0.422851

30 27 0.415199

31 27 0.405909

32 27 0.395017

33 27 0.382566

34 27 0.368605

35 27 0.35319

36 27 0.33638

37 27 0.318243

38 27 0.29885

39 27 0.278278

40 27 0.256607

41 27 0.233924

42 27 0.210318

43 27 0.185881

44 27 0.160711

45 27 0.134906

46 27 0.10857

47 27 0.0818044

48 27 0.0547163

49 27 0.0274122

50 27 0

0 28 0

1 28 0.0271407

2 28 0.0541743

3 28 0.0809941

4 28 0.107494

5 28 0.13357

6 28 0.159119

7 28 0.18404

8 28 0.208234

9 28 0.231607

10 28 0.254066

11 28 0.275521

12 28 0.29589

13 28 0.315091

14 28 0.333048

15 28 0.349691

16 28 0.364954

17 28 0.378777

18 28 0.391104

19 28 0.401889

20 28 0.411087

21 28 0.418662

22 28 0.424586

23 28 0.428834

24 28 0.431389

25 28 0.432242

26 28 0.431389

27 28 0.428834

28 28 0.424586

29 28 0.418662

30 28 0.411087

31 28 0.401889

32 28 0.391104

33 28 0.378777

34 28 0.364954

35 28 0.349691

36 28 0.333048

37 28 0.315091

38 28 0.29589

39 28 0.275521

40 28 0.254066

41 28 0.231607

42 28 0.208234

43 28 0.18404

44 28 0.159119

45 28 0.13357

46 28 0.107494

47 28 0.0809941

48 28 0.0541743

49 28 0.0271407

50 28 0

0 29 0

1 29 0.0267621

2 29 0.0534185

3 29 0.0798641

4 29 0.105995

5 29 0.131707

6 29 0.156899

7 29 0.181472

8 29 0.205329

9 29 0.228376

10 29 0.250521

11 29 0.271678

12 29 0.291762

13 29 0.310695

14 29 0.328402

15 29 0.344813

16 29 0.359862

17 29 0.373492

18 29 0.385648

19 29 0.396282

20 29 0.405351

21 29 0.412822

22 29 0.418662

23 29 0.422851

24 29 0.425371

25 29 0.426212

26 29 0.425371

27 29 0.422851

28 29 0.418662

29 29 0.412822

30 29 0.405351

31 29 0.396282

32 29 0.385648

33 29 0.373492

34 29 0.359862

35 29 0.344813

36 29 0.328402

37 29 0.310695

38 29 0.291762

39 29 0.271678

40 29 0.250521

41 29 0.228376

42 29 0.205329

43 29 0.181472

44 29 0.156899

45 29 0.131707

46 29 0.105995

47 29 0.0798641

48 29 0.0534185

49 29 0.0267621

50 29 0

0 30 0

1 30 0.0262778

2 30 0.0524519

3 30 0.078419

4 30 0.104077

5 30 0.129323

6 30 0.15406

7 30 0.178188

8 30 0.201614

9 30 0.224243

10 30 0.245988

11 30 0.266762

12 30 0.286483

13 30 0.305073

14 30 0.322459

15 30 0.338573

16 30 0.353351

17 30 0.366734

18 30 0.37867

19 30 0.389111

20 30 0.398017

21 30 0.405351

22 30 0.411087

23 30 0.415199

24 30 0.417674

25 30 0.418499

26 30 0.417674

27 30 0.415199

28 30 0.411087

29 30 0.405351

30 30 0.398017

31 30 0.389111

32 30 0.37867

33 30 0.366734

34 30 0.353351

35 30 0.338573

36 30 0.322459

37 30 0.305073

38 30 0.286483

39 30 0.266762

40 30 0.245988

41 30 0.224243

42 30 0.201614

43 30 0.178188

44 30 0.15406

45 30 0.129323

46 30 0.104077

47 30 0.078419

48 30 0.0524519

49 30 0.0262778

50 30 0

0 31 0

1 31 0.0256898

2 31 0.0512783

3 31 0.0766643

4 31 0.101748

5 31 0.12643

6 31 0.150613

7 31 0.174201

8 31 0.197102

9 31 0.219226

10 31 0.240484

11 31 0.260793

12 31 0.280072

13 31 0.298247

14 31 0.315244

15 31 0.330998

16 31 0.345444

17 31 0.358528

18 31 0.370197

19 31 0.380404

20 31 0.389111

21 31 0.396282

22 31 0.401889

23 31 0.405909

24 31 0.408328

25 31 0.409135

26 31 0.408328

27 31 0.405909

28 31 0.401889

29 31 0.396282

30 31 0.389111

31 31 0.380404

32 31 0.370197

33 31 0.358528

34 31 0.345444

35 31 0.330998

36 31 0.315244

37 31 0.298247

38 31 0.280072

39 31 0.260793

40 31 0.240484

41 31 0.219226

42 31 0.197102

43 31 0.174201

44 31 0.150613

45 31 0.12643

46 31 0.101748

47 31 0.0766643

48 31 0.0512783

49 31 0.0256898

50 31 0

0 32 0

1 32 0.0250005

2 32 0.0499023

3 32 0.0746071

4 32 0.0990176

5 32 0.123037

6 32 0.146571

7 32 0.169527

8 32 0.191813

9 32 0.213343

10 32 0.234031

11 32 0.253795

12 32 0.272557

13 32 0.290244

14 32 0.306785

15 32 0.322116

16 32 0.336175

17 32 0.348907

18 32 0.360263

19 32 0.370197

20 32 0.37867

21 32 0.385648

22 32 0.391104

23 32 0.395017

24 32 0.397371

25 32 0.398157

26 32 0.397371

27 32 0.395017

28 32 0.391104

29 32 0.385648

30 32 0.37867

31 32 0.370197

32 32 0.360263

33 32 0.348907

34 32 0.336175

35 32 0.322116

36 32 0.306785

37 32 0.290244

38 32 0.272557

39 32 0.253795

40 32 0.234031

41 32 0.213343

42 32 0.191813

43 32 0.169527

44 32 0.146571

45 32 0.123037

46 32 0.0990176

47 32 0.0746071

48 32 0.0499023

49 32 0.0250005

50 32 0

0 33 0

1 33 0.0242124

2 33 0.0483293

3 33 0.0722555

4 33 0.0958965

5 33 0.119159

6 33 0.141951

7 33 0.164183

8 33 0.185767

9 33 0.206618

10 33 0.226654

11 33 0.245795

12 33 0.263966

13 33 0.281095

14 33 0.297115

15 33 0.311962

16 33 0.325579

17 33 0.33791

18 33 0.348907

19 33 0.358528

20 33 0.366734

21 33 0.373492

22 33 0.378777

23 33 0.382566

24 33 0.384846

25 33 0.385607

26 33 0.384846

27 33 0.382566

28 33 0.378777

29 33 0.373492

30 33 0.366734

31 33 0.358528

32 33 0.348907

33 33 0.33791

34 33 0.325579

35 33 0.311962

36 33 0.297115

37 33 0.281095

38 33 0.263966

39 33 0.245795

40 33 0.226654

41 33 0.206618

42 33 0.185767

43 33 0.164183

44 33 0.141951

45 33 0.119159

46 33 0.0958965

47 33 0.0722555

48 33 0.0483293

49 33 0.0242124

50 33 0

0 34 0

1 34 0.0233289

2 34 0.0465657

3 34 0.0696187

4 34 0.092397

5 34 0.114811

6 34 0.136771

7 34 0.158192

8 34 0.178988

9 34 0.199078

10 34 0.218383

11 34 0.236825

12 34 0.254333

13 34 0.270837

14 34 0.286273

15 34 0.300578

16 34 0.313697

17 34 0.325579

18 34 0.336175

19 34 0.345444

20 34 0.353351

21 34 0.359862

22 34 0.364954

23 34 0.368605

24 34 0.370802

25 34 0.371535

26 34 0.370802

27 34 0.368605

28 34 0.364954

29 34 0.359862

30 34 0.353351

31 34 0.345444

32 34 0.336175

33 34 0.325579

34 34 0.313697

35 34 0.300578

36 34 0.286273

37 34 0.270837

38 34 0.254333

39 34 0.236825

40 34 0.218383

41 34 0.199078

42 34 0.178988

43 34 0.158192

44 34 0.136771

45 34 0.114811

46 34 0.092397

47 34 0.0696187

48 34 0.0465657

49 34 0.0233289

50 34 0

0 35 0

1 35 0.0223532

2 35 0.0446182

3 35 0.0667072

4 35 0.0885328

5 35 0.110009

6 35 0.131051

7 35 0.151576

8 35 0.171503

9 35 0.190753

10 35 0.20925

11 35 0.226921

12 35 0.243697

13 35 0.259511

14 35 0.2743

15 35 0.288008

16 35 0.300578

17 35 0.311962

18 35 0.322116

19 35 0.330998

20 35 0.338573

21 35 0.344813

22 35 0.349691

23 35 0.35319

24 35 0.355294

25 35 0.355997

26 35 0.355294

27 35 0.35319

28 35 0.349691

29 35 0.344813

30 35 0.338573

31 35 0.330998

32 35 0.322116

33 35 0.311962

34 35 0.300578

35 35 0.288008

36 35 0.2743

37 35 0.259511

38 35 0.243697

39 35 0.226921

40 35 0.20925

41 35 0.190753

42 35 0.171503

43 35 0.151576

44 35 0.131051

45 35 0.110009

46 35 0.0885328

47 35 0.0667072

48 35 0.0446182

49 35 0.0223532

50 35 0

0 36 0

1 36 0.0212894

2 36 0.0424947

3 36 0.0635323

4 36 0.0843193

5 36 0.104773

6 36 0.124814

7 36 0.144362

8 36 0.16334

9 36 0.181674

10 36 0.199291

11 36 0.216121

12 36 0.232098

13 36 0.24716

14 36 0.261245

15 36 0.2743

16 36 0.286273

17 36 0.297115

18 36 0.306785

19 36 0.315244

20 36 0.322459

21 36 0.328402

22 36 0.333048

23 36 0.33638

24 36 0.338385

25 36 0.339054

26 36 0.338385

27 36 0.33638

28 36 0.333048

29 36 0.328402

30 36 0.322459

31 36 0.315244

32 36 0.306785

33 36 0.297115

34 36 0.286273

35 36 0.2743

36 36 0.261245

37 36 0.24716

38 36 0.232098

39 36 0.216121

40 36 0.199291

41 36 0.181674

42 36 0.16334

43 36 0.144362

44 36 0.124814

45 36 0.104773

46 36 0.0843193

47 36 0.0635323

48 36 0.0424947

49 36 0.0212894

50 36 0

0 37 0

1 37 0.0201415

2 37 0.0402035

3 37 0.0601068

4 37 0.0797729

5 37 0.0991242

6 37 0.118084

7 37 0.136578

8 37 0.154533

9 37 0.171879

10 37 0.188545

11 37 0.204468

12 37 0.219584

13 37 0.233833

14 37 0.24716

15 37 0.259511

16 37 0.270837

17 37 0.281095

18 37 0.290244

19 37 0.298247

20 37 0.305073

21 37 0.310695

22 37 0.315091

23 37 0.318243

24 37 0.32014

25 37 0.320773

26 37 0.32014

27 37 0.318243

28 37 0.315091

29 37 0.310695

30 37 0.305073

31 37 0.298247

32 37 0.290244

33 37 0.281095

34 37 0.270837

35 37 0.259511

36 37 0.24716

37 37 0.233833

38 37 0.219584

39 37 0.204468

40 37 0.188545

41 37 0.171879

42 37 0.154533

43 37 0.136578

44 37 0.118084

45 37 0.0991242

46 37 0.0797729

47 37 0.0601068

48 37 0.0402035

49 37 0.0201415

50 37 0

0 38 0

1 38 0.0189141

2 38 0.0377536

3 38 0.056444

4 38 0.0749118

5 38 0.0930838

6 38 0.110889

7 38 0.128256

8 38 0.145117

9 38 0.161405

10 38 0.177056

11 38 0.192008

12 38 0.206203

13 38 0.219584

14 38 0.232098

15 38 0.243697

16 38 0.254333

17 38 0.263966

18 38 0.272557

19 38 0.280072

20 38 0.286483

21 38 0.291762

22 38 0.29589

23 38 0.29885

24 38 0.300631

25 38 0.301226

26 38 0.300631

27 38 0.29885

28 38 0.29589

29 38 0.291762

30 38 0.286483

31 38 0.280072

32 38 0.272557

33 38 0.263966

34 38 0.254333

35 38 0.243697

36 38 0.232098

37 38 0.219584

38 38 0.206203

39 38 0.192008

40 38 0.177056

41 38 0.161405

42 38 0.145117

43 38 0.128256

44 38 0.110889

45 38 0.0930838

46 38 0.0749118

47 38 0.056444

48 38 0.0377536

49 38 0.0189141

50 38 0

0 39 0

1 39 0.0176121

2 39 0.0351547

3 39 0.0525585

4 39 0.069755

5 39 0.0866761

6 39 0.103255

7 39 0.119427

8 39 0.135127

9 39 0.150294

10 39 0.164868

11 39 0.178791

12 39 0.192008

13 39 0.204468

14 39 0.216121

15 39 0.226921

16 39 0.236825

17 39 0.245795

18 39 0.253795

19 39 0.260793

20 39 0.266762

21 39 0.271678

22 39 0.275521

23 39 0.278278

24 39 0.279936

25 39 0.28049

26 39 0.279936

27 39 0.278278

28 39 0.275521

29 39 0.271678

30 39 0.266762

31 39 0.260793

32 39 0.253795

33 39 0.245795

34 39 0.236825

35 39 0.226921

36 39 0.216121

37 39 0.204468

38 39 0.192008

39 39 0.178791

40 39 0.164868

41 39 0.150294

42 39 0.135127

43 39 0.119427

44 39 0.103255

45 39 0.0866761

46 39 0.069755

47 39 0.0525585

48 39 0.0351547

49 39 0.0176121

50 39 0

0 40 0

1 40 0.0162406

2 40 0.032417

3 40 0.0484656

4 40 0.0643229

5 40 0.0799263

6 40 0.0952143

7 40 0.110126

8 40 0.124604

9 40 0.13859

10 40 0.152029

11 40 0.164868

12 40 0.177056

13 40 0.188545

14 40 0.199291

15 40 0.20925

16 40 0.218383

17 40 0.226654

18 40 0.234031

19 40 0.240484

20 40 0.245988

21 40 0.250521

22 40 0.254066

23 40 0.256607

24 40 0.258136

25 40 0.258647

26 40 0.258136

27 40 0.256607

28 40 0.254066

29 40 0.250521

30 40 0.245988

31 40 0.240484

32 40 0.234031

33 40 0.226654

34 40 0.218383

35 40 0.20925

36 40 0.199291

37 40 0.188545

38 40 0.177056

39 40 0.164868

40 40 0.152029

41 40 0.13859

42 40 0.124604

43 40 0.110126

44 40 0.0952143

45 40 0.0799263

46 40 0.0643229

47 40 0.0484656

48 40 0.032417

49 40 0.0162406

50 40 0

0 41 0

1 41 0.014805

2 41 0.0295515

3 41 0.0441814

4 41 0.0586369

5 41 0.072861

6 41 0.0867976

7 41 0.100392

8 41 0.113589

9 41 0.126339

10 41 0.13859

11 41 0.150294

12 41 0.161405

13 41 0.171879

14 41 0.181674

15 41 0.190753

16 41 0.199078

17 41 0.206618

18 41 0.213343

19 41 0.219226

20 41 0.224243

21 41 0.228376

22 41 0.231607

23 41 0.233924

24 41 0.235318

25 41 0.235783

26 41 0.235318

27 41 0.233924

28 41 0.231607

29 41 0.228376

30 41 0.224243

31 41 0.219226

32 41 0.213343

33 41 0.206618

34 41 0.199078

35 41 0.190753

36 41 0.181674

37 41 0.171879

38 41 0.161405

39 41 0.150294

40 41 0.13859

41 41 0.126339

42 41 0.113589

43 41 0.100392

44 41 0.0867976

45 41 0.072861

46 41 0.0586369

47 41 0.0441814

48 41 0.0295515

49 41 0.014805

50 41 0

0 42 0

1 42 0.0133109

2 42 0.0265693

3 42 0.0397228

4 42 0.0527195

5 42 0.0655082

6 42 0.0780384

7 42 0.0902606

8 42 0.102127

9 42 0.113589

10 42 0.124604

11 42 0.135127

12 42 0.145117

13 42 0.154533

14 42 0.16334

15 42 0.171503

16 42 0.178988

17 42 0.185767

18 42 0.191813

19 42 0.197102

20 42 0.201614

21 42 0.205329

22 42 0.208234

23 42 0.210318

24 42 0.211571

25 42 0.211989

26 42 0.211571

27 42 0.210318

28 42 0.208234

29 42 0.205329

30 42 0.201614

31 42 0.197102

32 42 0.191813

33 42 0.185767

34 42 0.178988

35 42 0.171503

36 42 0.16334

37 42 0.154533

38 42 0.145117

39 42 0.135127

40 42 0.124604

41 42 0.113589

42 42 0.102127

43 42 0.0902606

44 42 0.0780384

45 42 0.0655082

46 42 0.0527195

47 42 0.0397228

48 42 0.0265693

49 42 0.0133109

50 42 0

0 43 0

1 43 0.0117643

2 43 0.0234822

3 43 0.0351075

4 43 0.0465941

5 43 0.0578969

6 43 0.0689712

7 43 0.0797733

8 43 0.0902606

9 43 0.100392

10 43 0.110126

11 43 0.119427

12 43 0.128256

13 43 0.136578

14 43 0.144362

15 43 0.151576

16 43 0.158192

17 43 0.164183

18 43 0.169527

19 43 0.174201

20 43 0.178188

21 43 0.181472

22 43 0.18404

23 43 0.185881

24 43 0.186989

25 43 0.187358

26 43 0.186989

27 43 0.185881

28 43 0.18404

29 43 0.181472

30 43 0.178188

31 43 0.174201

32 43 0.169527

33 43 0.164183

34 43 0.158192

35 43 0.151576

36 43 0.144362

37 43 0.136578

38 43 0.128256

39 43 0.119427

40 43 0.110126

41 43 0.100392

42 43 0.0902606

43 43 0.0797733

44 43 0.0689712

45 43 0.0578969

46 43 0.0465941

47 43 0.0351075

48 43 0.0234822

49 43 0.0117643

50 43 0

0 44 0

1 44 0.0101713

2 44 0.0203025

3 44 0.0303536

4 44 0.0402848

5 44 0.0500571

6 44 0.0596318

7 44 0.0689712

8 44 0.0780384

9 44 0.0867976

10 44 0.0952143

11 44 0.103255

12 44 0.110889

13 44 0.118084

14 44 0.124814

15 44 0.131051

16 44 0.136771

17 44 0.141951

18 44 0.146571

19 44 0.150613

20 44 0.15406

21 44 0.156899

22 44 0.159119

23 44 0.160711

24 44 0.161669

25 44 0.161988

26 44 0.161669

27 44 0.160711

28 44 0.159119

29 44 0.156899

30 44 0.15406

31 44 0.150613

32 44 0.146571

33 44 0.141951

34 44 0.136771

35 44 0.131051

36 44 0.124814

37 44 0.118084

38 44 0.110889

39 44 0.103255

40 44 0.0952143

41 44 0.0867976

42 44 0.0780384

43 44 0.0689712

44 44 0.0596318

45 44 0.0500571

46 44 0.0402848

47 44 0.0303536

48 44 0.0203025

49 44 0.0101713

50 44 0

0 45 0

1 45 0.00853817

2 45 0.0170427

3 45 0.0254799

4 45 0.0338165

5 45 0.0420197

6 45 0.0500571

7 45 0.0578969

8 45 0.0655082

9 45 0.072861

10 45 0.0799263

11 45 0.0866761

12 45 0.0930838

13 45 0.0991242

14 45 0.104773

15 45 0.110009

16 45 0.114811

17 45 0.119159

18 45 0.123037

19 45 0.12643

20 45 0.129323

21 45 0.131707

22 45 0.13357

23 45 0.134906

24 45 0.13571

25 45 0.135979

26 45 0.13571

27 45 0.134906

28 45 0.13357

29 45 0.131707

30 45 0.129323

31 45 0.12643

32 45 0.123037

33 45 0.119159

34 45 0.114811

35 45 0.110009

36 45 0.104773

37 45 0.0991242

38 45 0.0930838

39 45 0.0866761

40 45 0.0799263

41 45 0.072861

42 45 0.0655082

43 45 0.0578969

44 45 0.0500571

45 45 0.0420197

46 45 0.0338165

47 45 0.0254799

48 45 0.0170427

49 45 0.00853817

50 45 0

0 46 0

1 46 0.00687133

2 46 0.0137155

3 46 0.0205056

4 46 0.0272148

5 46 0.0338165

6 46 0.0402848

7 46 0.0465941

8 46 0.0527195

9 46 0.0586369

10 46 0.0643229

11 46 0.069755

12 46 0.0749118

13 46 0.0797729

14 46 0.0843193

15 46 0.0885328

16 46 0.092397

17 46 0.0958965

18 46 0.0990176

19 46 0.101748

20 46 0.104077

21 46 0.105995

22 46 0.107494

23 46 0.10857

24 46 0.109217

25 46 0.109433

26 46 0.109217

27 46 0.10857

28 46 0.107494

29 46 0.105995

30 46 0.104077

31 46 0.101748

32 46 0.0990176

33 46 0.0958965

34 46 0.092397

35 46 0.0885328

36 46 0.0843193

37 46 0.0797729

38 46 0.0749118

39 46 0.069755

40 46 0.0643229

41 46 0.0586369

42 46 0.0527195

43 46 0.0465941

44 46 0.0402848

45 46 0.0338165

46 46 0.0272148

47 46 0.0205056

48 46 0.0137155

49 46 0.00687133

50 46 0

0 47 0

1 47 0.00517737

2 47 0.0103343

3 47 0.0154504

4 47 0.0205056

5 47 0.0254799

6 47 0.0303536

7 47 0.0351075

8 47 0.0397228

9 47 0.0441814

10 47 0.0484656

11 47 0.0525585

12 47 0.056444

13 47 0.0601068

14 47 0.0635323

15 47 0.0667072

16 47 0.0696187

17 47 0.0722555

18 47 0.0746071

19 47 0.0766643

20 47 0.078419

21 47 0.0798641

22 47 0.0809941

23 47 0.0818044

24 47 0.0822919

25 47 0.0824546

26 47 0.0822919

27 47 0.0818044

28 47 0.0809941

29 47 0.0798641

30 47 0.078419

31 47 0.0766643

32 47 0.0746071

33 47 0.0722555

34 47 0.0696187

35 47 0.0667072

36 47 0.0635323

37 47 0.0601068

38 47 0.056444

39 47 0.0525585

40 47 0.0484656

41 47 0.0441814

42 47 0.0397228

43 47 0.0351075

44 47 0.0303536

45 47 0.0254799

46 47 0.0205056

47 47 0.0154504

48 47 0.0103343

49 47 0.00517737

50 47 0

0 48 0

1 48 0.00346297

2 48 0.00691228

3 48 0.0103343

4 48 0.0137155

5 48 0.0170427

6 48 0.0203025

7 48 0.0234822

8 48 0.0265693

9 48 0.0295515

10 48 0.032417

11 48 0.0351547

12 48 0.0377536

13 48 0.0402035

14 48 0.0424947

15 48 0.0446182

16 48 0.0465657

17 48 0.0483293

18 48 0.0499023

19 48 0.0512783

20 48 0.0524519

21 48 0.0534185

22 48 0.0541743

23 48 0.0547163

24 48 0.0550423

25 48 0.0551512

26 48 0.0550423

27 48 0.0547163

28 48 0.0541743

29 48 0.0534185

30 48 0.0524519

31 48 0.0512783

32 48 0.0499023

33 48 0.0483293

34 48 0.0465657

35 48 0.0446182

36 48 0.0424947

37 48 0.0402035

38 48 0.0377536

39 48 0.0351547

40 48 0.032417

41 48 0.0295515

42 48 0.0265693

43 48 0.0234822

44 48 0.0203025

45 48 0.0170427

46 48 0.0137155

47 48 0.0103343

48 48 0.00691228

49 48 0.00346297

50 48 0

0 49 0

1 49 0.00173491

2 49 0.00346297

3 49 0.00517737

4 49 0.00687133

5 49 0.00853817

6 49 0.0101713

7 49 0.0117643

8 49 0.0133109

9 49 0.014805

10 49 0.0162406

11 49 0.0176121

12 49 0.0189141

13 49 0.0201415

14 49 0.0212894

15 49 0.0223532

16 49 0.0233289

17 49 0.0242124

18 49 0.0250005

19 49 0.0256898

20 49 0.0262778

21 49 0.0267621

22 49 0.0271407

23 49 0.0274122

24 49 0.0275756

25 49 0.0276301

26 49 0.0275756

27 49 0.0274122

28 49 0.0271407

29 49 0.0267621

30 49 0.0262778

31 49 0.0256898

32 49 0.0250005

33 49 0.0242124

34 49 0.0233289

35 49 0.0223532

36 49 0.0212894

37 49 0.0201415

38 49 0.0189141

39 49 0.0176121

40 49 0.0162406

41 49 0.014805

42 49 0.0133109

43 49 0.0117643

44 49 0.0101713

45 49 0.00853817

46 49 0.00687133

47 49 0.00517737

48 49 0.00346297

49 49 0.00173491

50 49 0

