0 1 0

1 1 0.00165466

2 1 0.00330279

3 1 0.00493788

4 1 0.00655349

5 1 0.00814324

6 1 0.00970084

7 1 0.0112202

8 1 0.0126952

9 1 0.0141201

10 1 0.0154894

11 1 0.0167974

12 1 0.0180392

13 1 0.0192098

14 1 0.0203046

15 1 0.0213193

16 1 0.0222498

17 1 0.0230925

18 1 0.0238441

19 1 0.0245015

20 1 0.0250623

21 1 0.0255242

22 1 0.0258853

23 1 0.0261443

24 1 0.0263001

25 1 0.0263521

26 1 0.0263001

27 1 0.0261443

28 1 0.0258853

29 1 0.0255242

30 1 0.0250623

31 1 0.0245015

32 1 0.0238441

33 1 0.0230925

34 1 0.0222498

35 1 0.0213193

36 1 0.0203046

37 1 0.0192098

38 1 0.0180392

39 1 0.0167974

40 1 0.0154894

41 1 0.0141201

42 1 0.0126952

43 1 0.0112202

44 1 0.00970084

45 1 0.00814324

46 1 0.00655349

47 1 0.00493788

48 1 0.00330279

49 1 0.00165466

50 1 0

0 2 0

1 2 0.00330279

2 2 0.00659254

3 2 0.00985628

4 2 0.0130811

5 2 0.0162543

6 2 0.0193634

7 2 0.022396

8 2 0.0253403

9 2 0.0281846

10 2 0.0309176

11 2 0.0335286

12 2 0.0360073

13 2 0.0383438

14 2 0.0405291

15 2 0.0425544

16 2 0.0444118

17 2 0.0460938

18 2 0.047594

19 2 0.0489064

20 2 0.0500257

21 2 0.0509476

22 2 0.0516684

23 2 0.0521854

24 2 0.0524963

25 2 0.0526001

26 2 0.0524963

27 2 0.0521854

28 2 0.0516684

29 2 0.0509476

30 2 0.0500257

31 2 0.0489064

32 2 0.047594

33 2 0.0460938

34 2 0.0444118

35 2 0.0425544

36 2 0.0405291

37 2 0.0383438

38 2 0.0360073

39 2 0.0335286

40 2 0.0309176

41 2 0.0281846

42 2 0.0253403

43 2 0.022396

44 2 0.0193634

45 2 0.0162543

46 2 0.0130811

47 2 0.00985628

48 2 0.00659254

49 2 0.00330279

50 2 0

0 3 0

1 3 0.00493788

2 3 0.00985628

3 3 0.0147358

4 3 0.0195571

5 3 0.0243013

6 3 0.0289495

7 3 0.0334835

8 3 0.0378854

9 3 0.0421377

10 3 0.0462238

11 3 0.0501274

12 3 0.0538332

13 3 0.0573265

14 3 0.0605936

15 3 0.0636216

16 3 0.0663985

17 3 0.0689133

18 3 0.0711561

19 3 0.0731182

20 3 0.0747917

21 3 0.07617

22 3 0.0772477

23 3 0.0780205

24 3 0.0784854

25 3 0.0786406

26 3 0.0784854

27 3 0.0780205

28 3 0.0772477

29 3 0.07617

30 3 0.0747917

31 3 0.0731182

32 3 0.0711561

33 3 0.0689133

34 3 0.0663985

35 3 0.0636216

36 3 0.0605936

37 3 0.0573265

38 3 0.0538332

39 3 0.0501274

40 3 0.0462238

41 3 0.0421377

42 3 0.0378854

43 3 0.0334835

44 3 0.0289495

45 3 0.0243013

46 3 0.0195571

47 3 0.0147358

48 3 0.00985628

49 3 0.00493788

50 3 0

0 4 0

1 4 0.00655349

2 4 0.0130811

3 4 0.0195571

4 4 0.0259559

5 4 0.0322523

6 4 0.0384214

7 4 0.0444389

8 4 0.050281

9 4 0.0559246

10 4 0.0613476

11 4 0.0665284

12 4 0.0714467

13 4 0.076083

14 4 0.080419

15 4 0.0844377

16 4 0.0881231

17 4 0.0914608

18 4 0.0944374

19 4 0.0970414

20 4 0.0992625

21 4 0.101092

22 4 0.102522

23 4 0.103548

24 4 0.104165

25 4 0.104371

26 4 0.104165

27 4 0.103548

28 4 0.102522

29 4 0.101092

30 4 0.0992625

31 4 0.0970414

32 4 0.0944374

33 4 0.0914608

34 4 0.0881231

35 4 0.0844377

36 4 0.080419

37 4 0.076083

38 4 0.0714467

39 4 0.0665284

40 4 0.0613476

41 4 0.0559246

42 4 0.050281

43 4 0.0444389

44 4 0.0384214

45 4 0.0322523

46 4 0.0259559

47 4 0.0195571

48 4 0.0130811

49 4 0.00655349

50 4 0

0 5 0

1 5 0.00814324

2 5 0.0162543

3 5 0.0243013

4 5 0.0322523

5 5 0.0400761

6 5 0.0477417

7 5 0.0552189

8 5 0.0624781

9 5 0.0694908

10 5 0.0762292

11 5 0.0826668

12 5 0.0887782

13 5 0.0945392

14 5 0.099927

15 5 0.104921

16 5 0.1095

17 5 0.113647

18 5 0.117346

19 5 0.120582

20 5 0.123342

21 5 0.125615

22 5 0.127392

23 5 0.128666

24 5 0.129433

25 5 0.129689

26 5 0.129433

27 5 0.128666

28 5 0.127392

29 5 0.125615

30 5 0.123342

31 5 0.120582

32 5 0.117346

33 5 0.113647

34 5 0.1095

35 5 0.104921

36 5 0.099927

37 5 0.0945392

38 5 0.0887782

39 5 0.0826668

40 5 0.0762292

41 5 0.0694908

42 5 0.0624781

43 5 0.0552189

44 5 0.0477417

45 5 0.0400761

46 5 0.0322523

47 5 0.0243013

48 5 0.0162543

49 5 0.00814324

50 5 0

0 6 0

1 6 0.00970084

2 6 0.0193634

3 6 0.0289495

4 6 0.0384214

5 6 0.0477417

6 6 0.0568735

7 6 0.0657809

8 6 0.0744287

9 6 0.0827827

10 6 0.0908101

11 6 0.098479

12 6 0.105759

13 6 0.112622

14 6 0.119041

15 6 0.124989

16 6 0.130445

17 6 0.135385

18 6 0.139792

19 6 0.143646

20 6 0.146934

21 6 0.149642

22 6 0.151759

23 6 0.153277

24 6 0.15419

25 6 0.154495

26 6 0.15419

27 6 0.153277

28 6 0.151759

29 6 0.149642

30 6 0.146934

31 6 0.143646

32 6 0.139792

33 6 0.135385

34 6 0.130445

35 6 0.124989

36 6 0.119041

37 6 0.112622

38 6 0.105759

39 6 0.098479

40 6 0.0908101

41 6 0.0827827

42 6 0.0744287

43 6 0.0657809

44 6 0.0568735

45 6 0.0477417

46 6 0.0384214

47 6 0.0289495

48 6 0.0193634

49 6 0.00970084

50 6 0

0 7 0

1 7 0.0112202

2 7 0.022396

3 7 0.0334835

4 7 0.0444389

5 7 0.0552189

6 7 0.0657809

7 7 0.0760833

8 7 0.0860855

9 7 0.095748

10 7 0.105033

11 7 0.113903

12 7 0.122323

13 7 0.130261

14 7 0.137685

15 7 0.144565

16 7 0.150875

17 7 0.156589

18 7 0.161685

19 7 0.166144

20 7 0.169946

21 7 0.173078

22 7 0.175527

23 7 0.177283

24 7 0.178339

25 7 0.178692

26 7 0.178339

27 7 0.177283

28 7 0.175527

29 7 0.173078

30 7 0.169946

31 7 0.166144

32 7 0.161685

33 7 0.156589

34 7 0.150875

35 7 0.144565

36 7 0.137685

37 7 0.130261

38 7 0.122323

39 7 0.113903

40 7 0.105033

41 7 0.095748

42 7 0.0860855

43 7 0.0760833

44 7 0.0657809

45 7 0.0552189

46 7 0.0444389

47 7 0.0334835

48 7 0.022396

49 7 0.0112202

50 7 0

0 8 0

1 8 0.0126952

2 8 0.0253403

3 8 0.0378854

4 8 0.050281

5 8 0.0624781

6 8 0.0744287

7 8 0.0860855

8 8 0.0974026

9 8 0.108335

10 8 0.11884

11 8 0.128877

12 8 0.138404

13 8 0.147385

14 8 0.155785

15 8 0.16357

16 8 0.170709

17 8 0.177175

18 8 0.182941

19 8 0.187985

20 8 0.192288

21 8 0.195831

22 8 0.198602

23 8 0.200589

24 8 0.201784

25 8 0.202183

26 8 0.201784

27 8 0.200589

28 8 0.198602

29 8 0.195831

30 8 0.192288

31 8 0.187985

32 8 0.182941

33 8 0.177175

34 8 0.170709

35 8 0.16357

36 8 0.155785

37 8 0.147385

38 8 0.138404

39 8 0.128877

40 8 0.11884

41 8 0.108335

42 8 0.0974026

43 8 0.0860855

44 8 0.0744287

45 8 0.0624781

46 8 0.050281

47 8 0.0378854

48 8 0.0253403

49 8 0.0126952

50 8 0

0 9 0

1 9 0.0141201

2 9 0.0281846

3 9 0.0421377

4 9 0.0559246

5 9 0.0694908

6 9 0.0827827

7 9 0.095748

8 9 0.108335

9 9 0.120495

10 9 0.132179

11 9 0.143342

12 9 0.153939

13 9 0.163928

14 9 0.173271

15 9 0.181929

16 9 0.18987

17 9 0.197061

18 9 0.203475

19 9 0.209085

20 9 0.213871

21 9 0.217812

22 9 0.220894

23 9 0.223104

24 9 0.224433

25 9 0.224877

26 9 0.224433

27 9 0.223104

28 9 0.220894

29 9 0.217812

30 9 0.213871

31 9 0.209085

32 9 0.203475

33 9 0.197061

34 9 0.18987

35 9 0.181929

36 9 0.173271

37 9 0.163928

38 9 0.153939

39 9 0.143342

40 9 0.132179

41 9 0.120495

42 9 0.108335

43 9 0.095748

44 9 0.0827827

45 9 0.0694908

46 9 0.0559246

47 9 0.0421377

48 9 0.0281846

49 9 0.0141201

50 9 0

0 10 0

1 10 0.0154894

2 10 0.0309176

3 10 0.0462238

4 10 0.0613476

5 10 0.0762292

6 10 0.0908101

7 10 0.105033

8 10 0.11884

9 10 0.132179

10 10 0.144997

11 10 0.157242

12 10 0.168866

13 10 0.179824

14 10 0.190073

15 10 0.199571

16 10 0.208281

17 10 0.21617

18 10 0.223205

19 10 0.22936

20 10 0.234609

21 10 0.238933

22 10 0.242314

23 10 0.244738

24 10 0.246196

25 10 0.246683

26 10 0.246196

27 10 0.244738

28 10 0.242314

29 10 0.238933

30 10 0.234609

31 10 0.22936

32 10 0.223205

33 10 0.21617

34 10 0.208281

35 10 0.199571

36 10 0.190073

37 10 0.179824

38 10 0.168866

39 10 0.157242

40 10 0.144997

41 10 0.132179

42 10 0.11884

43 10 0.105033

44 10 0.0908101

45 10 0.0762292

46 10 0.0613476

47 10 0.0462238

48 10 0.0309176

49 10 0.0154894

50 10 0

0 11 0

1 11 0.0167974

2 11 0.0335286

3 11 0.0501274

4 11 0.0665284

5 11 0.0826668

6 11 0.098479

7 11 0.113903

8 11 0.128877

9 11 0.143342

10 11 0.157242

11 11 0.170521

12 11 0.183127

13 11 0.19501

14 11 0.206124

15 11 0.216425

16 11 0.225871

17 11 0.234426

18 11 0.242055

19 11 0.24873

20 11 0.254422

21 11 0.259111

22 11 0.262777

23 11 0.265406

24 11 0.266988

25 11 0.267516

26 11 0.266988

27 11 0.265406

28 11 0.262777

29 11 0.259111

30 11 0.254422

31 11 0.24873

32 11 0.242055

33 11 0.234426

34 11 0.225871

35 11 0.216425

36 11 0.206124

37 11 0.19501

38 11 0.183127

39 11 0.170521

40 11 0.157242

41 11 0.143342

42 11 0.128877

43 11 0.113903

44 11 0.098479

45 11 0.0826668

46 11 0.0665284

47 11 0.0501274

48 11 0.0335286

49 11 0.0167974

50 11 0

0 12 0

1 12 0.0180392

2 12 0.0360073

3 12 0.0538332

4 12 0.0714467

5 12 0.0887782

6 12 0.105759

7 12 0.122323

8 12 0.138404

9 12 0.153939

10 12 0.168866

11 12 0.183127

12 12 0.196665

13 12 0.209427

14 12 0.221362

15 12 0.232424

16 12 0.242569

17 12 0.251756

18 12 0.25995

19 12 0.267118

20 12 0.273231

21 12 0.278266

22 12 0.282203

23 12 0.285027

24 12 0.286725

25 12 0.287292

26 12 0.286725

27 12 0.285027

28 12 0.282203

29 12 0.278266

30 12 0.273231

31 12 0.267118

32 12 0.25995

33 12 0.251756

34 12 0.242569

35 12 0.232424

36 12 0.221362

37 12 0.209427

38 12 0.196665

39 12 0.183127

40 12 0.168866

41 12 0.153939

42 12 0.138404

43 12 0.122323

44 12 0.105759

45 12 0.0887782

46 12 0.0714467

47 12 0.0538332

48 12 0.0360073

49 12 0.0180392

50 12 0

0 13 0

1 13 0.0192098

2 13 0.0383438

3 13 0.0573265

4 13 0.076083

5 13 0.0945392

6 13 0.112622

7 13 0.130261

8 13 0.147385

9 13 0.163928

10 13 0.179824

11 13 0.19501

12 13 0.209427

13 13 0.223017

14 13 0.235727

15 13 0.247507

16 13 0.25831

17 13 0.268093

18 13 0.276818

19 13 0.284451

20 13 0.290962

21 13 0.296324

22 13 0.300516

23 13 0.303523

24 13 0.305331

25 13 0.305935

26 13 0.305331

27 13 0.303523

28 13 0.300516

29 13 0.296324

30 13 0.290962

31 13 0.284451

32 13 0.276818

33 13 0.268093

34 13 0.25831

35 13 0.247507

36 13 0.235727

37 13 0.223017

38 13 0.209427

39 13 0.19501

40 13 0.179824

41 13 0.163928

42 13 0.147385

43 13 0.130261

44 13 0.112622

45 13 0.0945392

46 13 0.076083

47 13 0.0573265

48 13 0.0383438

49 13 0.0192098

50 13 0

0 14 0

1 14 0.0203046

2 14 0.0405291

3 14 0.0605936

4 14 0.080419

5 14 0.099927

6 14 0.119041

7 14 0.137685

8 14 0.155785

9 14 0.173271

10 14 0.190073

11 14 0.206124

12 14 0.221362

13 14 0.235727

14 14 0.249161

15 14 0.261612

16 14 0.273031

17 14 0.283372

18 14 0.292595

19 14 0.300662

20 14 0.307544

21 14 0.313211

22 14 0.317643

23 14 0.320821

24 14 0.322733

25 14 0.323371

26 14 0.322733

27 14 0.320821

28 14 0.317643

29 14 0.313211

30 14 0.307544

31 14 0.300662

32 14 0.292595

33 14 0.283372

34 14 0.273031

35 14 0.261612

36 14 0.249161

37 14 0.235727

38 14 0.221362

39 14 0.206124

40 14 0.190073

41 14 0.173271

42 14 0.155785

43 14 0.137685

44 14 0.119041

45 14 0.099927

46 14 0.080419

47 14 0.0605936

48 14 0.0405291

49 14 0.0203046

50 14 0

0 15 0

1 15 0.0213193

2 15 0.0425544

3 15 0.0636216

4 15 0.0844377

5 15 0.104921

6 15 0.124989

7 15 0.144565

8 15 0.16357

9 15 0.181929

10 15 0.199571

11 15 0.216425

12 15 0.232424

13 15 0.247507

14 15 0.261612

15 15 0.274686

16 15 0.286675

17 15 0.297532

18 15 0.307216

19 15 0.315687

20 15 0.322912

21 15 0.328863

22 15 0.333516

23 15 0.336853

24 15 0.33886

25 15 0.33953

26 15 0.33886

27 15 0.336853

28 15 0.333516

29 15 0.328863

30 15 0.322912

31 15 0.315687

32 15 0.307216

33 15 0.297532

34 15 0.286675

35 15 0.274686

36 15 0.261612

37 15 0.247507

38 15 0.232424

39 15 0.216425

40 15 0.199571

41 15 0.181929

42 15 0.16357

43 15 0.144565

44 15 0.124989

45 15 0.104921

46 15 0.0844377

47 15 0.0636216

48 15 0.0425544

49 15 0.0213193

50 15 0

0 16 0

1 16 0.0222498

2 16 0.0444118

3 16 0.0663985

4 16 0.0881231

5 16 0.1095

6 16 0.130445

7 16 0.150875

8 16 0.170709

9 16 0.18987

10 16 0.208281

11 16 0.225871

12 16 0.242569

13 16 0.25831

14 16 0.273031

15 16 0.286675

16 16 0.299187

17 16 0.310519

18 16 0.320625

19 16 0.329466

20 16 0.337006

21 16 0.343217

22 16 0.348073

23 16 0.351555

24 16 0.35365

25 16 0.354349

26 16 0.35365

27 16 0.351555

28 16 0.348073

29 16 0.343217

30 16 0.337006

31 16 0.329466

32 16 0.320625

33 16 0.310519

34 16 0.299187

35 16 0.286675

36 16 0.273031

37 16 0.25831

38 16 0.242569

39 16 0.225871

40 16 0.208281

41 16 0.18987

42 16 0.170709

43 16 0.150875

44 16 0.130445

45 16 0.1095

46 16 0.0881231

47 16 0.0663985

48 16 0.0444118

49 16 0.0222498

50 16 0

0 17 0

1 17 0.0230925

2 17 0.0460938

3 17 0.0689133

4 17 0.0914608

5 17 0.113647

6 17 0.135385

7 17 0.156589

8 17 0.177175

9 17 0.197061

10 17 0.21617

11 17 0.234426

12 17 0.251756

13 17 0.268093

14 17 0.283372

15 17 0.297532

16 17 0.310519

17 17 0.32228

18 17 0.332769

19 17 0.341944

20 17 0.34977

21 17 0.356216

22 17 0.361256

23 17 0.36487

24 17 0.367045

25 17 0.36777

26 17 0.367045

27 17 0.36487

28 17 0.361256

29 17 0.356216

30 17 0.34977

31 17 0.341944

32 17 0.332769

33 17 0.32228

34 17 0.310519

35 17 0.297532

36 17 0.283372

37 17 0.268093

38 17 0.251756

39 17 0.234426

40 17 0.21617

41 17 0.197061

42 17 0.177175

43 17 0.156589

44 17 0.135385

45 17 0.113647

46 17 0.0914608

47 17 0.0689133

48 17 0.0460938

49 17 0.0230925

50 17 0

0 18 0

1 18 0.0238441

2 18 0.047594

3 18 0.0711561

4 18 0.0944374

5 18 0.117346

6 18 0.139792

7 18 0.161685

8 18 0.182941

9 18 0.203475

10 18 0.223205

11 18 0.242055

12 18 0.25995

13 18 0.276818

14 18 0.292595

15 18 0.307216

16 18 0.320625

17 18 0.332769

18 18 0.343599

19 18 0.353073

20 18 0.361154

21 18 0.36781

22 18 0.373014

23 18 0.376745

24 18 0.37899

25 18 0.37974

26 18 0.37899

27 18 0.376745

28 18 0.373014

29 18 0.36781

30 18 0.361154

31 18 0.353073

32 18 0.343599

33 18 0.332769

34 18 0.320625

35 18 0.307216

36 18 0.292595

37 18 0.276818

38 18 0.25995

39 18 0.242055

40 18 0.223205

41 18 0.203475

42 18 0.182941

43 18 0.161685

44 18 0.139792

45 18 0.117346

46 18 0.0944374

47 18 0.0711561

48 18 0.047594

49 18 0.0238441

50 18 0

0 19 0

1 19 0.0245015

2 19 0.0489064

3 19 0.0731182

4 19 0.0970414

5 19 0.120582

6 19 0.143646

7 19 0.166144

8 19 0.187985

9 19 0.209085

10 19 0.22936

11 19 0.24873

12 19 0.267118

13 19 0.284451

14 19 0.300662

15 19 0.315687

16 19 0.329466

17 19 0.341944

18 19 0.353073

19 19 0.362809

20 19 0.371112

21 19 0.377951

22 19 0.383299

23 19 0.387134

24 19 0.389441

25 19 0.390211

26 19 0.389441

27 19 0.387134

28 19 0.383299

29 19 0.377951

30 19 0.371112

31 19 0.362809

32 19 0.353073

33 19 0.341944

34 19 0.329466

35 19 0.315687

36 19 0.300662

37 19 0.284451

38 19 0.267118

39 19 0.24873

40 19 0.22936

41 19 0.209085

42 19 0.187985

43 19 0.166144

44 19 0.143646

45 19 0.120582

46 19 0.0970414

47 19 0.0731182

48 19 0.0489064

49 19 0.0245015

50 19 0

0 20 0

1 20 0.0250623

2 20 0.0500257

3 20 0.0747917

4 20 0.0992625

5 20 0.123342

6 20 0.146934

7 20 0.169946

8 20 0.192288

9 20 0.213871

10 20 0.234609

11 20 0.254422

12 20 0.273231

13 20 0.290962

14 20 0.307544

15 20 0.322912

16 20 0.337006

17 20 0.34977

18 20 0.361154

19 20 0.371112

20 20 0.379606

21 20 0.386602

22 20 0.392072

23 20 0.395994

24 20 0.398354

25 20 0.399141

26 20 0.398354

27 20 0.395994

28 20 0.392072

29 20 0.386602

30 20 0.379606

31 20 0.371112

32 20 0.361154

33 20 0.34977

34 20 0.337006

35 20 0.322912

36 20 0.307544

37 20 0.290962

38 20 0.273231

39 20 0.254422

40 20 0.234609

41 20 0.213871

42 20 0.192288

43 20 0.169946

44 20 0.146934

45 20 0.123342

46 20 0.0992625

47 20 0.0747917

48 20 0.0500257

49 20 0.0250623

50 20 0

0 21 0

1 21 0.0255242

2 21 0.0509476

3 21 0.07617

4 21 0.101092

5 21 0.125615

6 21 0.149642

7 21 0.173078

8 21 0.195831

9 21 0.217812

10 21 0.238933

11 21 0.259111

12 21 0.278266

13 21 0.296324

14 21 0.313211

15 21 0.328863

16 21 0.343217

17 21 0.356216

18 21 0.36781

19 21 0.377951

20 21 0.386602

21 21 0.393726

22 21 0.399297

23 21 0.403292

24 21 0.405695

25 21 0.406497

26 21 0.405695

27 21 0.403292

28 21 0.399297

29 21 0.393726

30 21 0.386602

31 21 0.377951

32 21 0.36781

33 21 0.356216

34 21 0.343217

35 21 0.328863

36 21 0.313211

37 21 0.296324

38 21 0.278266

39 21 0.259111

40 21 0.238933

41 21 0.217812

42 21 0.195831

43 21 0.173078

44 21 0.149642

45 21 0.125615

46 21 0.101092

47 21 0.07617

48 21 0.0509476

49 21 0.0255242

50 21 0

0 22 0

1 22 0.0258853

2 22 0.0516684

3 22 0.0772477

4 22 0.102522

5 22 0.127392

6 22 0.151759

7 22 0.175527

8 22 0.198602

9 22 0.220894

10 22 0.242314

11 22 0.262777

12 22 0.282203

13 22 0.300516

14 22 0.317643

15 22 0.333516

16 22 0.348073

17 22 0.361256

18 22 0.373014

19 22 0.383299

20 22 0.392072

21 22 0.399297

22 22 0.404946

23 22 0.408998

24 22 0.411435

25 22 0.412248

26 22 0.411435

27 22 0.408998

28 22 0.404946

29 22 0.399297

30 22 0.392072

31 22 0.383299

32 22 0.373014

33 22 0.361256

34 22 0.348073

35 22 0.333516

36 22 0.317643

37 22 0.300516

38 22 0.282203

39 22 0.262777

40 22 0.242314

41 22 0.220894

42 22 0.198602

43 22 0.175527

44 22 0.151759

45 22 0.127392

46 22 0.102522

47 22 0.0772477

48 22 0.0516684

49 22 0.0258853

50 22 0

0 23 0

1 23 0.0261443

2 23 0.0521854

3 23 0.0780205

4 23 0.103548

5 23 0.128666

6 23 0.153277

7 23 0.177283

8 23 0.200589

9 23 0.223104

10 23 0.244738

11 23 0.265406

12 23 0.285027

13 23 0.303523

14 23 0.320821

15 23 0.336853

16 23 0.351555

17 23 0.36487

18 23 0.376745

19 23 0.387134

20 23 0.395994

21 23 0.403292

22 23 0.408998

23 23 0.41309

24 23 0.415551

25 23 0.416373

26 23 0.415551

27 23 0.41309

28 23 0.408998

29 23 0.403292

30 23 0.395994

31 23 0.387134

32 23 0.376745

33 23 0.36487

34 23 0.351555

35 23 0.336853

36 23 0.320821

37 23 0.303523

38 23 0.285027

39 23 0.265406

40 23 0.244738

41 23 0.223104

42 23 0.200589

43 23 0.177283

44 23 0.153277

45 23 0.128666

46 23 0.103548

47 23 0.0780205

48 23 0.0521854

49 23 0.0261443

50 23 0

0 24 0

1 24 0.0263001

2 24 0.0524963

3 24 0.0784854

4 24 0.104165

5 24 0.129433

6 24 0.15419

7 24 0.178339

8 24 0.201784

9 24 0.224433

10 24 0.246196

11 24 0.266988

12 24 0.286725

13 24 0.305331

14 24 0.322733

15 24 0.33886

16 24 0.35365

17 24 0.367045

18 24 0.37899

19 24 0.389441

20 24 0.398354

21 24 0.405695

22 24 0.411435

23 24 0.415551

24 24 0.418028

25 24 0.418854

26 24 0.418028

27 24 0.415551

28 24 0.411435

29 24 0.405695

30 24 0.398354

31 24 0.389441

32 24 0.37899

33 24 0.367045

34 24 0.35365

35 24 0.33886

36 24 0.322733

37 24 0.305331

38 24 0.286725

39 24 0.266988

40 24 0.246196

41 24 0.224433

42 24 0.201784

43 24 0.178339

44 24 0.15419

45 24 0.129433

46 24 0.104165

47 24 0.0784854

48 24 0.0524963

49 24 0.0263001

50 24 0

0 25 0

1 25 0.0263521

2 25 0.0526001

3 25 0.0786406

4 25 0.104371

5 25 0.129689

6 25 0.154495

7 25 0.178692

8 25 0.202183

9 25 0.224877

10 25 0.246683

11 25 0.267516

12 25 0.287292

13 25 0.305935

14 25 0.323371

15 25 0.33953

16 25 0.354349

17 25 0.36777

18 25 0.37974

19 25 0.390211

20 25 0.399141

21 25 0.406497

22 25 0.412248

23 25 0.416373

24 25 0.418854

25 25 0.419682

26 25 0.418854

27 25 0.416373

28 25 0.412248

29 25 0.406497

30 25 0.399141

31 25 0.390211

32 25 0.37974

33 25 0.36777

34 25 0.354349

35 25 0.33953

36 25 0.323371

37 25 0.305935

38 25 0.287292

39 25 0.267516

40 25 0.246683

41 25 0.224877

42 25 0.202183

43 25 0.178692

44 25 0.154495

45 25 0.129689

46 25 0.104371

47 25 0.0786406

48 25 0.0526001

49 25 0.0263521

50 25 0

0 26 0

1 26 0.0263001

2 26 0.0524963

3 26 0.0784854

4 26 0.104165

5 26 0.129433

6 26 0.15419

7 26 0.178339

8 26 0.201784

9 26 0.224433

10 26 0.246196

11 26 0.266988

12 26 0.286725

13 26 0.305331

14 26 0.322733

15 26 0.33886

16 26 0.35365

17 26 0.367045

18 26 0.37899

19 26 0.389441

20 26 0.398354

21 26 0.405695

22 26 0.411435

23 26 0.415551

24 26 0.418028

25 26 0.418854

26 26 0.418028

27 26 0.415551

28 26 0.411435

29 26 0.405695

30 26 0.398354

31 26 0.389441

32 26 0.37899

33 26 0.367045

34 26 0.35365

35 26 0.33886

36 26 0.322733

37 26 0.305331

38 26 0.286725

39 26 0.266988

40 26 0.246196

41 26 0.224433

42 26 0.201784

43 26 0.178339

44 26 0.15419

45 26 0.129433

46 26 0.104165

47 26 0.0784854

48 26 0.0524963

49 26 0.0263001

50 26 0

0 27 0

1 27 0.0261443

2 27 0.0521854

3 27 0.0780205

4 27 0.103548

5 27 0.128666

6 27 0.153277

7 27 0.177283

8 27 0.200589

9 27 0.223104

10 27 0.244738

11 27 0.265406

12 27 0.285027

13 27 0.303523

14 27 0.320821

15 27 0.336853

16 27 0.351555

17 27 0.36487

18 27 0.376745

19 27 0.387134

20 27 0.395994

21 27 0.403292

22 27 0.408998

23 27 0.41309

24 27 0.415551

25 27 0.416373

26 27 0.415551

27 27 0.41309

28 27 0.408998

29 27 0.403292

30 27 0.395994

31 27 0.387134

32 27 0.376745

33 27 0.36487

34 27 0.351555

35 27 0.336853

36 27 0.320821

37 27 0.303523

38 27 0.285027

39 27 0.265406

40 27 0.244738

41 27 0.223104

42 27 0.200589

43 27 0.177283

44 27 0.153277

45 27 0.128666

46 27 0.103548

47 27 0.0780205

48 27 0.0521854

49 27 0.0261443

50 27 0

0 28 0

1 28 0.0258853

2 28 0.0516684

3 28 0.0772477

4 28 0.102522

5 28 0.127392

6 28 0.151759

7 28 0.175527

8 28 0.198602

9 28 0.220894

10 28 0.242314

11 28 0.262777

12 28 0.282203

13 28 0.300516

14 28 0.317643

15 28 0.333516

16 28 0.348073

17 28 0.361256

18 28 0.373014

19 28 0.383299

20 28 0.392072

21 28 0.399297

22 28 0.404946

23 28 0.408998

24 28 0.411435

25 28 0.412248

26 28 0.411435

27 28 0.408998

28 28 0.404946

29 28 0.399297

30 28 0.392072

31 28 0.383299

32 28 0.373014

33 28 0.361256

34 28 0.348073

35 28 0.333516

36 28 0.317643

37 28 0.300516

38 28 0.282203

39 28 0.262777

40 28 0.242314

41 28 0.220894

42 28 0.198602

43 28 0.175527

44 28 0.151759

45 28 0.127392

46 28 0.102522

47 28 0.0772477

48 28 0.0516684

49 28 0.0258853

50 28 0

0 29 0

1 29 0.0255242

2 29 0.0509476

3 29 0.07617

4 29 0.101092

5 29 0.125615

6 29 0.149642

7 29 0.173078

8 29 0.195831

9 29 0.217812

10 29 0.238933

11 29 0.259111

12 29 0.278266

13 29 0.296324

14 29 0.313211

15 29 0.328863

16 29 0.343217

17 29 0.356216

18 29 0.36781

19 29 0.377951

20 29 0.386602

21 29 0.393726

22 29 0.399297

23 29 0.403292

24 29 0.405695

25 29 0.406497

26 29 0.405695

27 29 0.403292

28 29 0.399297

29 29 0.393726

30 29 0.386602

31 29 0.377951

32 29 0.36781

33 29 0.356216

34 29 0.343217

35 29 0.328863

36 29 0.313211

37 29 0.296324

38 29 0.278266

39 29 0.259111

40 29 0.238933

41 29 0.217812

42 29 0.195831

43 29 0.173078

44 29 0.149642

45 29 0.125615

46 29 0.101092

47 29 0.07617

48 29 0.0509476

49 29 0.0255242

50 29 0

0 30 0

1 30 0.0250623

2 30 0.0500257

3 30 0.0747917

4 30 0.0992625

5 30 0.123342

6 30 0.146934

7 30 0.169946

8 30 0.192288

9 30 0.213871

10 30 0.234609

11 30 0.254422

12 30 0.273231

13 30 0.290962

14 30 0.307544

15 30 0.322912

16 30 0.337006

17 30 0.34977

18 30 0.361154

19 30 0.371112

20 30 0.379606

21 30 0.386602

22 30 0.392072

23 30 0.395994

24 30 0.398354

25 30 0.399141

26 30 0.398354

27 30 0.395994

28 30 0.392072

29 30 0.386602

30 30 0.379606

31 30 0.371112

32 30 0.361154

33 30 0.34977

34 30 0.337006

35 30 0.322912

36 30 0.307544

37 30 0.290962

38 30 0.273231

39 30 0.254422

40 30 0.234609

41 30 0.213871

42 30 0.192288

43 30 0.169946

44 30 0.146934

45 30 0.123342

46 30 0.0992625

47 30 0.0747917

48 30 0.0500257

49 30 0.0250623

50 30 0

0 31 0

1 31 0.0245015

2 31 0.0489064

3 31 0.0731182

4 31 0.0970414

5 31 0.120582

6 31 0.143646

7 31 0.166144

8 31 0.187985

9 31 0.209085

10 31 0.22936

11 31 0.24873

12 31 0.267118

13 31 0.284451

14 31 0.300662

15 31 0.315687

16 31 0.329466

17 31 0.341944

18 31 0.353073

19 31 0.362809

20 31 0.371112

21 31 0.377951

22 31 0.383299

23 31 0.387134

24 31 0.389441

25 31 0.390211

26 31 0.389441

27 31 0.387134

28 31 0.383299

29 31 0.377951

30 31 0.371112

31 31 0.362809

32 31 0.353073

33 31 0.341944

34 31 0.329466

35 31 0.315687

36 31 0.300662

37 31 0.284451

38 31 0.267118

39 31 0.24873

40 31 0.22936

41 31 0.209085

42 31 0.187985

43 31 0.166144

44 31 0.143646

45 31 0.120582

46 31 0.0970414

47 31 0.0731182

48 31 0.0489064

49 31 0.0245015

50 31 0

0 32 0

1 32 0.0238441

2 32 0.047594

3 32 0.0711561

4 32 0.0944374

5 32 0.117346

6 32 0.139792

7 32 0.161685

8 32 0.182941

9 32 0.203475

10 32 0.223205

11 32 0.242055

12 32 0.25995

13 32 0.276818

14 32 0.292595

15 32 0.307216

16 32 0.320625

17 32 0.332769

18 32 0.343599

19 32 0.353073

20 32 0.361154

21 32 0.36781

22 32 0.373014

23 32 0.376745

24 32 0.37899

25 32 0.37974

26 32 0.37899

27 32 0.376745

28 32 0.373014

29 32 0.36781

30 32 0.361154

31 32 0.353073

32 32 0.343599

33 32 0.332769

34 32 0.320625

35 32 0.307216

36 32 0.292595

37 32 0.276818

38 32 0.25995

39 32 0.242055

40 32 0.223205

41 32 0.203475

42 32 0.182941

43 32 0.161685

44 32 0.139792

45 32 0.117346

46 32 0.0944374

47 32 0.0711561

48 32 0.047594

49 32 0.0238441

50 32 0

0 33 0

1 33 0.0230925

2 33 0.0460938

3 33 0.0689133

4 33 0.0914608

5 33 0.113647

6 33 0.135385

7 33 0.156589

8 33 0.177175

9 33 0.197061

10 33 0.21617

11 33 0.234426

12 33 0.251756

13 33 0.268093

14 33 0.283372

15 33 0.297532

16 33 0.310519

17 33 0.32228

18 33 0.332769

19 33 0.341944

20 33 0.34977

21 33 0.356216

22 33 0.361256

23 33 0.36487

24 33 0.367045

25 33 0.36777

26 33 0.367045

27 33 0.36487

28 33 0.361256

29 33 0.356216

30 33 0.34977

31 33 0.341944

32 33 0.332769

33 33 0.32228

34 33 0.310519

35 33 0.297532

36 33 0.283372

37 33 0.268093

38 33 0.251756

39 33 0.234426

40 33 0.21617

41 33 0.197061

42 33 0.177175

43 33 0.156589

44 33 0.135385

45 33 0.113647

46 33 0.0914608

47 33 0.0689133

48 33 0.0460938

49 33 0.0230925

50 33 0

0 34 0

1 34 0.0222498

2 34 0.0444118

3 34 0.0663985

4 34 0.0881231

5 34 0.1095

6 34 0.130445

7 34 0.150875

8 34 0.170709

9 34 0.18987

10 34 0.208281

11 34 0.225871

12 34 0.242569

13 34 0.25831

14 34 0.273031

15 34 0.286675

16 34 0.299187

17 34 0.310519

18 34 0.320625

19 34 0.329466

20 34 0.337006

21 34 0.343217

22 34 0.348073

23 34 0.351555

24 34 0.35365

25 34 0.354349

26 34 0.35365

27 34 0.351555

28 34 0.348073

29 34 0.343217

30 34 0.337006

31 34 0.329466

32 34 0.320625

33 34 0.310519

34 34 0.299187

35 34 0.286675

36 34 0.273031

37 34 0.25831

38 34 0.242569

39 34 0.225871

40 34 0.208281

41 34 0.18987

42 34 0.170709

43 34 0.150875

44 34 0.130445

45 34 0.1095

46 34 0.0881231

47 34 0.0663985

48 34 0.0444118

49 34 0.0222498

50 34 0

0 35 0

1 35 0.0213193

2 35 0.0425544

3 35 0.0636216

4 35 0.0844377

5 35 0.104921

6 35 0.124989

7 35 0.144565

8 35 0.16357

9 35 0.181929

10 35 0.199571

11 35 0.216425

12 35 0.232424

13 35 0.247507

14 35 0.261612

15 35 0.274686

16 35 0.286675

17 35 0.297532

18 35 0.307216

19 35 0.315687

20 35 0.322912

21 35 0.328863

22 35 0.333516

23 35 0.336853

24 35 0.33886

25 35 0.33953

26 35 0.33886

27 35 0.336853

28 35 0.333516

29 35 0.328863

30 35 0.322912

31 35 0.315687

32 35 0.307216

33 35 0.297532

34 35 0.286675

35 35 0.274686

36 35 0.261612

37 35 0.247507

38 35 0.232424

39 35 0.216425

40 35 0.199571

41 35 0.181929

42 35 0.16357

43 35 0.144565

44 35 0.124989

45 35 0.104921

46 35 0.0844377

47 35 0.0636216

48 35 0.0425544

49 35 0.0213193

50 35 0

0 36 0

1 36 0.0203046

2 36 0.0405291

3 36 0.0605936

4 36 0.080419

5 36 0.099927

6 36 0.119041

7 36 0.137685

8 36 0.155785

9 36 0.173271

10 36 0.190073

11 36 0.206124

12 36 0.221362

13 36 0.235727

14 36 0.249161

15 36 0.261612

16 36 0.273031

17 36 0.283372

18 36 0.292595

19 36 0.300662

20 36 0.307544

21 36 0.313211

22 36 0.317643

23 36 0.320821

24 36 0.322733

25 36 0.323371

26 36 0.322733

27 36 0.320821

28 36 0.317643

29 36 0.313211

30 36 0.307544

31 36 0.300662

32 36 0.292595

33 36 0.283372

34 36 0.273031

35 36 0.261612

36 36 0.249161

37 36 0.235727

38 36 0.221362

39 36 0.206124

40 36 0.190073

41 36 0.173271

42 36 0.155785

43 36 0.137685

44 36 0.119041

45 36 0.099927

46 36 0.080419

47 36 0.0605936

48 36 0.0405291

49 36 0.0203046

50 36 0

0 37 0

1 37 0.0192098

2 37 0.0383438

3 37 0.0573265

4 37 0.076083

5 37 0.0945392

6 37 0.112622

7 37 0.130261

8 37 0.147385

9 37 0.163928

10 37 0.179824

11 37 0.19501

12 37 0.209427

13 37 0.223017

14 37 0.235727

15 37 0.247507

16 37 0.25831

17 37 0.268093

18 37 0.276818

19 37 0.284451

20 37 0.290962

21 37 0.296324

22 37 0.300516

23 37 0.303523

24 37 0.305331

25 37 0.305935

26 37 0.305331

27 37 0.303523

28 37 0.300516

29 37 0.296324

30 37 0.290962

31 37 0.284451

32 37 0.276818

33 37 0.268093

34 37 0.25831

35 37 0.247507

36 37 0.235727

37 37 0.223017

38 37 0.209427

39 37 0.19501

40 37 0.179824

41 37 0.163928

42 37 0.147385

43 37 0.130261

44 37 0.112622

45 37 0.0945392

46 37 0.076083

47 37 0.0573265

48 37 0.0383438

49 37 0.0192098

50 37 0

0 38 0

1 38 0.0180392

2 38 0.0360073

3 38 0.0538332

4 38 0.0714467

5 38 0.0887782

6 38 0.105759

7 38 0.122323

8 38 0.138404

9 38 0.153939

10 38 0.168866

11 38 0.183127

12 38 0.196665

13 38 0.209427

14 38 0.221362

15 38 0.232424

16 38 0.242569

17 38 0.251756

18 38 0.25995

19 38 0.267118

20 38 0.273231

21 38 0.278266

22 38 0.282203

23 38 0.285027

24 38 0.286725

25 38 0.287292

26 38 0.286725

27 38 0.285027

28 38 0.282203

29 38 0.278266

30 38 0.273231

31 38 0.267118

32 38 0.25995

33 38 0.251756

34 38 0.242569

35 38 0.232424

36 38 0.221362

37 38 0.209427

38 38 0.196665

39 38 0.183127

40 38 0.168866

41 38 0.153939

42 38 0.138404

43 38 0.122323

44 38 0.105759

45 38 0.0887782

46 38 0.0714467

47 38 0.0538332

48 38 0.0360073

49 38 0.0180392

50 38 0

0 39 0

1 39 0.0167974

2 39 0.0335286

3 39 0.0501274

4 39 0.0665284

5 39 0.0826668

6 39 0.098479

7 39 0.113903

8 39 0.128877

9 39 0.143342

10 39 0.157242

11 39 0.170521

12 39 0.183127

13 39 0.19501

14 39 0.206124

15 39 0.216425

16 39 0.225871

17 39 0.234426

18 39 0.242055

19 39 0.24873

20 39 0.254422

21 39 0.259111

22 39 0.262777

23 39 0.265406

24 39 0.266988

25 39 0.267516

26 39 0.266988

27 39 0.265406

28 39 0.262777

29 39 0.259111

30 39 0.254422

31 39 0.24873

32 39 0.242055

33 39 0.234426

34 39 0.225871

35 39 0.216425

36 39 0.206124

37 39 0.19501

38 39 0.183127

39 39 0.170521

40 39 0.157242

41 39 0.143342

42 39 0.128877

43 39 0.113903

44 39 0.098479

45 39 0.0826668

46 39 0.0665284

47 39 0.0501274

48 39 0.0335286

49 39 0.0167974

50 39 0

0 40 0

1 40 0.0154894

2 40 0.0309176

3 40 0.0462238

4 40 0.0613476

5 40 0.0762292

6 40 0.0908101

7 40 0.105033

8 40 0.11884

9 40 0.132179

10 40 0.144997

11 40 0.157242

12 40 0.168866

13 40 0.179824

14 40 0.190073

15 40 0.199571

16 40 0.208281

17 40 0.21617

18 40 0.223205

19 40 0.22936

20 40 0.234609

21 40 0.238933

22 40 0.242314

23 40 0.244738

24 40 0.246196

25 40 0.246683

26 40 0.246196

27 40 0.244738

28 40 0.242314

29 40 0.238933

30 40 0.234609

31 40 0.22936

32 40 0.223205

33 40 0.21617

34 40 0.208281

35 40 0.199571

36 40 0.190073

37 40 0.179824

38 40 0.168866

39 40 0.157242

40 40 0.144997

41 40 0.132179

42 40 0.11884

43 40 0.105033

44 40 0.0908101

45 40 0.0762292

46 40 0.0613476

47 40 0.0462238

48 40 0.0309176

49 40 0.0154894

50 40 0

0 41 0

1 41 0.0141201

2 41 0.0281846

3 41 0.0421377

4 41 0.0559246

5 41 0.0694908

6 41 0.0827827

7 41 0.095748

8 41 0.108335

9 41 0.120495

10 41 0.132179

11 41 0.143342

12 41 0.153939

13 41 0.163928

14 41 0.173271

15 41 0.181929

16 41 0.18987

17 41 0.197061

18 41 0.203475

19 41 0.209085

20 41 0.213871

21 41 0.217812

22 41 0.220894

23 41 0.223104

24 41 0.224433

25 41 0.224877

26 41 0.224433

27 41 0.223104

28 41 0.220894

29 41 0.217812

30 41 0.213871

31 41 0.209085

32 41 0.203475

33 41 0.197061

34 41 0.18987

35 41 0.181929

36 41 0.173271

37 41 0.163928

38 41 0.153939

39 41 0.143342

40 41 0.132179

41 41 0.120495

42 41 0.108335

43 41 0.095748

44 41 0.0827827

45 41 0.0694908

46 41 0.0559246

47 41 0.0421377

48 41 0.0281846

49 41 0.0141201

50 41 0

0 42 0

1 42 0.0126952

2 42 0.0253403

3 42 0.0378854

4 42 0.050281

5 42 0.0624781

6 42 0.0744287

7 42 0.0860855

8 42 0.0974026

9 42 0.108335

10 42 0.11884

11 42 0.128877

12 42 0.138404

13 42 0.147385

14 42 0.155785

15 42 0.16357

16 42 0.170709

17 42 0.177175

18 42 0.182941

19 42 0.187985

20 42 0.192288

21 42 0.195831

22 42 0.198602

23 42 0.200589

24 42 0.201784

25 42 0.202183

26 42 0.201784

27 42 0.200589

28 42 0.198602

29 42 0.195831

30 42 0.192288

31 42 0.187985

32 42 0.182941

33 42 0.177175

34 42 0.170709

35 42 0.16357

36 42 0.155785

37 42 0.147385

38 42 0.138404

39 42 0.128877

40 42 0.11884

41 42 0.108335

42 42 0.0974026

43 42 0.0860855

44 42 0.0744287

45 42 0.0624781

46 42 0.050281

47 42 0.0378854

48 42 0.0253403

49 42 0.0126952

50 42 0

0 43 0

1 43 0.0112202

2 43 0.022396

3 43 0.0334835

4 43 0.0444389

5 43 0.0552189

6 43 0.0657809

7 43 0.0760833

8 43 0.0860855

9 43 0.095748

10 43 0.105033

11 43 0.113903

12 43 0.122323

13 43 0.130261

14 43 0.137685

15 43 0.144565

16 43 0.150875

17 43 0.156589

18 43 0.161685

19 43 0.166144

20 43 0.169946

21 43 0.173078

22 43 0.175527

23 43 0.177283

24 43 0.178339

25 43 0.178692

26 43 0.178339

27 43 0.177283

28 43 0.175527

29 43 0.173078

30 43 0.169946

31 43 0.166144

32 43 0.161685

33 43 0.156589

34 43 0.150875

35 43 0.144565

36 43 0.137685

37 43 0.130261

38 43 0.122323

39 43 0.113903

40 43 0.105033

41 43 0.095748

42 43 0.0860855

43 43 0.0760833

44 43 0.0657809

45 43 0.0552189

46 43 0.0444389

47 43 0.0334835

48 43 0.022396

49 43 0.0112202

50 43 0

0 44 0

1 44 0.00970084

2 44 0.0193634

3 44 0.0289495

4 44 0.0384214

5 44 0.0477417

6 44 0.0568735

7 44 0.0657809

8 44 0.0744287

9 44 0.0827827

10 44 0.0908101

11 44 0.098479

12 44 0.105759

13 44 0.112622

14 44 0.119041

15 44 0.124989

16 44 0.130445

17 44 0.135385

18 44 0.139792

19 44 0.143646

20 44 0.146934

21 44 0.149642

22 44 0.151759

23 44 0.153277

24 44 0.15419

25 44 0.154495

26 44 0.15419

27 44 0.153277

28 44 0.151759

29 44 0.149642

30 44 0.146934

31 44 0.143646

32 44 0.139792

33 44 0.135385

34 44 0.130445

35 44 0.124989

36 44 0.119041

37 44 0.112622

38 44 0.105759

39 44 0.098479

40 44 0.0908101

41 44 0.0827827

42 44 0.0744287

43 44 0.0657809

44 44 0.0568735

45 44 0.0477417

46 44 0.0384214

47 44 0.0289495

48 44 0.0193634

49 44 0.00970084

50 44 0

0 45 0

1 45 0.00814324

2 45 0.0162543

3 45 0.0243013

4 45 0.0322523

5 45 0.0400761

6 45 0.0477417

7 45 0.0552189

8 45 0.0624781

9 45 0.0694908

10 45 0.0762292

11 45 0.0826668

12 45 0.0887782

13 45 0.0945392

14 45 0.099927

15 45 0.104921

16 45 0.1095

17 45 0.113647

18 45 0.117346

19 45 0.120582

20 45 0.123342

21 45 0.125615

22 45 0.127392

23 45 0.128666

24 45 0.129433

25 45 0.129689

26 45 0.129433

27 45 0.128666

28 45 0.127392

29 45 0.125615

30 45 0.123342

31 45 0.120582

32 45 0.117346

33 45 0.113647

34 45 0.1095

35 45 0.104921

36 45 0.099927

37 45 0.0945392

38 45 0.0887782

39 45 0.0826668

40 45 0.0762292

41 45 0.0694908

42 45 0.0624781

43 45 0.0552189

44 45 0.0477417

45 45 0.0400761

46 45 0.0322523

47 45 0.0243013

48 45 0.0162543

49 45 0.00814324

50 45 0

0 46 0

1 46 0.00655349

2 46 0.0130811

3 46 0.0195571

4 46 0.0259559

5 46 0.0322523

6 46 0.0384214

7 46 0.0444389

8 46 0.050281

9 46 0.0559246

10 46 0.0613476

11 46 0.0665284

12 46 0.0714467

13 46 0.076083

14 46 0.080419

15 46 0.0844377

16 46 0.0881231

17 46 0.0914608

18 46 0.0944374

19 46 0.0970414

20 46 0.0992625

21 46 0.101092

22 46 0.102522

23 46 0.103548

24 46 0.104165

25 46 0.104371

26 46 0.104165

27 46 0.103548

28 46 0.102522

29 46 0.101092

30 46 0.0992625

31 46 0.0970414

32 46 0.0944374

33 46 0.0914608

34 46 0.0881231

35 46 0.0844377

36 46 0.080419

37 46 0.076083

38 46 0.0714467

39 46 0.0665284

40 46 0.0613476

41 46 0.0559246

42 46 0.050281

43 46 0.0444389

44 46 0.0384214

45 46 0.0322523

46 46 0.0259559

47 46 0.0195571

48 46 0.0130811

49 46 0.00655349

50 46 0

0 47 0

1 47 0.00493788

2 47 0.00985628

3 47 0.0147358

4 47 0.0195571

5 47 0.0243013

6 47 0.0289495

7 47 0.0334835

8 47 0.0378854

9 47 0.0421377

10 47 0.0462238

11 47 0.0501274

12 47 0.0538332

13 47 0.0573265

14 47 0.0605936

15 47 0.0636216

16 47 0.0663985

17 47 0.0689133

18 47 0.0711561

19 47 0.0731182

20 47 0.0747917

21 47 0.07617

22 47 0.0772477

23 47 0.0780205

24 47 0.0784854

25 47 0.0786406

26 47 0.0784854

27 47 0.0780205

28 47 0.0772477

29 47 0.07617

30 47 0.0747917

31 47 0.0731182

32 47 0.0711561

33 47 0.0689133

34 47 0.0663985

35 47 0.0636216

36 47 0.0605936

37 47 0.0573265

38 47 0.0538332

39 47 0.0501274

40 47 0.0462238

41 47 0.0421377

42 47 0.0378854

43 47 0.0334835

44 47 0.0289495

45 47 0.0243013

46 47 0.0195571

47 47 0.0147358

48 47 0.00985628

49 47 0.00493788

50 47 0

0 48 0

1 48 0.00330279

2 48 0.00659254

3 48 0.00985628

4 48 0.0130811

5 48 0.0162543

6 48 0.0193634

7 48 0.022396

8 48 0.0253403

9 48 0.0281846

10 48 0.0309176

11 48 0.0335286

12 48 0.0360073

13 48 0.0383438

14 48 0.0405291

15 48 0.0425544

16 48 0.0444118

17 48 0.0460938

18 48 0.047594

19 48 0.0489064

20 48 0.0500257

21 48 0.0509476

22 48 0.0516684

23 48 0.0521854

24 48 0.0524963

25 48 0.0526001

26 48 0.0524963

27 48 0.0521854

28 48 0.0516684

29 48 0.0509476

30 48 0.0500257

31 48 0.0489064

32 48 0.047594

33 48 0.0460938

34 48 0.0444118

35 48 0.0425544

36 48 0.0405291

37 48 0.0383438

38 48 0.0360073

39 48 0.0335286

40 48 0.0309176

41 48 0.0281846

42 48 0.0253403

43 48 0.022396

44 48 0.0193634

45 48 0.0162543

46 48 0.0130811

47 48 0.00985628

48 48 0.00659254

49 48 0.00330279

50 48 0

0 49 0

1 49 0.00165466

2 49 0.00330279

3 49 0.00493788

4 49 0.00655349

5 49 0.00814324

6 49 0.00970084

7 49 0.0112202

8 49 0.0126952

9 49 0.0141201

10 49 0.0154894

11 49 0.0167974

12 49 0.0180392

13 49 0.0192098

14 49 0.0203046

15 49 0.0213193

16 49 0.0222498

17 49 0.0230925

18 49 0.0238441

19 49 0.0245015

20 49 0.0250623

21 49 0.0255242

22 49 0.0258853

23 49 0.0261443

24 49 0.0263001

25 49 0.0263521

26 49 0.0263001

27 49 0.0261443

28 49 0.0258853

29 49 0.0255242

30 49 0.0250623

31 49 0.0245015

32 49 0.0238441

33 49 0.0230925

34 49 0.0222498

35 49 0.0213193

36 49 0.0203046

37 49 0.0192098

38 49 0.0180392

39 49 0.0167974

40 49 0.0154894

41 49 0.0141201

42 49 0.0126952

43 49 0.0112202

44 49 0.00970084

45 49 0.00814324

46 49 0.00655349

47 49 0.00493788

48 49 0.00330279

49 49 0.00165466

50 49 0

