0 1 0

1 1 0.000475429

2 1 0.000948981

3 1 0.00141879

4 1 0.001883

5 1 0.00233977

6 1 0.00278732

7 1 0.00322386

8 1 0.00364768

9 1 0.0040571

10 1 0.00445051

11 1 0.00482636

12 1 0.00518316

13 1 0.00551951

14 1 0.00583407

15 1 0.00612561

16 1 0.00639297

17 1 0.0066351

18 1 0.00685105

19 1 0.00703996

20 1 0.00720108

21 1 0.00733379

22 1 0.00743755

23 1 0.00751196

24 1 0.00755672

25 1 0.00757167

26 1 0.00755672

27 1 0.00751196

28 1 0.00743755

29 1 0.00733379

30 1 0.00720108

31 1 0.00703996

32 1 0.00685105

33 1 0.0066351

34 1 0.00639297

35 1 0.00612561

36 1 0.00583407

37 1 0.00551951

38 1 0.00518316

39 1 0.00482636

40 1 0.00445051

41 1 0.0040571

42 1 0.00364768

43 1 0.00322386

44 1 0.00278732

45 1 0.00233977

46 1 0.001883

47 1 0.00141879

48 1 0.000948981

49 1 0.000475429

50 1 0

0 2 0

1 2 0.000948981

2 2 0.00189422

3 2 0.00283198

4 2 0.00375856

5 2 0.00467031

6 2 0.00556363

7 2 0.00643499

8 2 0.00728096

9 2 0.00809819

10 2 0.00888346

11 2 0.00963367

12 2 0.0103459

13 2 0.0110172

14 2 0.0116451

15 2 0.012227

16 2 0.0127607

17 2 0.013244

18 2 0.0136751

19 2 0.0140521

20 2 0.0143737

21 2 0.0146386

22 2 0.0148457

23 2 0.0149943

24 2 0.0150836

25 2 0.0151134

26 2 0.0150836

27 2 0.0149943

28 2 0.0148457

29 2 0.0146386

30 2 0.0143737

31 2 0.0140521

32 2 0.0136751

33 2 0.013244

34 2 0.0127607

35 2 0.012227

36 2 0.0116451

37 2 0.0110172

38 2 0.0103459

39 2 0.00963367

40 2 0.00888346

41 2 0.00809819

42 2 0.00728096

43 2 0.00643499

44 2 0.00556363

45 2 0.00467031

46 2 0.00375856

47 2 0.00283198

48 2 0.00189422

49 2 0.000948981

50 2 0

0 3 0

1 3 0.00141879

2 3 0.00283198

3 3 0.00423399

4 3 0.00561929

5 3 0.00698242

6 3 0.00831799

7 3 0.00962073

8 3 0.0108855

9 3 0.0121073

10 3 0.0132814

11 3 0.014403

12 3 0.0154677

13 3 0.0164715

14 3 0.0174102

15 3 0.0182802

16 3 0.0190781

17 3 0.0198007

18 3 0.0204451

19 3 0.0210088

20 3 0.0214897

21 3 0.0218857

22 3 0.0221954

23 3 0.0224174

24 3 0.022551

25 3 0.0225956

26 3 0.022551

27 3 0.0224174

28 3 0.0221954

29 3 0.0218857

30 3 0.0214897

31 3 0.0210088

32 3 0.0204451

33 3 0.0198007

34 3 0.0190781

35 3 0.0182802

36 3 0.0174102

37 3 0.0164715

38 3 0.0154677

39 3 0.014403

40 3 0.0132814

41 3 0.0121073

42 3 0.0108855

43 3 0.00962073

44 3 0.00831799

45 3 0.00698242

46 3 0.00561929

47 3 0.00423399

48 3 0.00283198

49 3 0.00141879

50 3 0

0 4 0

1 4 0.001883

2 4 0.00375856

3 4 0.00561929

4 4 0.00745785

5 4 0.00926697

6 4 0.0110395

7 4 0.0127685

8 4 0.0144471

9 4 0.0160687

10 4 0.0176268

11 4 0.0191154

12 4 0.0205286

13 4 0.0218607

14 4 0.0231066

15 4 0.0242612

16 4 0.0253202

17 4 0.0262792

18 4 0.0271345

19 4 0.0278826

20 4 0.0285208

21 4 0.0290464

22 4 0.0294574

23 4 0.0297521

24 4 0.0299294

25 4 0.0299885

26 4 0.0299294

27 4 0.0297521

28 4 0.0294574

29 4 0.0290464

30 4 0.0285208

31 4 0.0278826

32 4 0.0271345

33 4 0.0262792

34 4 0.0253202

35 4 0.0242612

36 4 0.0231066

37 4 0.0218607

38 4 0.0205286

39 4 0.0191154

40 4 0.0176268

41 4 0.0160687

42 4 0.0144471

43 4 0.0127685

44 4 0.0110395

45 4 0.00926697

46 4 0.00745785

47 4 0.00561929

48 4 0.00375856

49 4 0.001883

50 4 0

0 5 0

1 5 0.00233977

2 5 0.00467031

3 5 0.00698242

4 5 0.00926697

5 5 0.011515

6 5 0.0137175

7 5 0.0158659

8 5 0.0179517

9 5 0.0199666

10 5 0.0219027

11 5 0.0237524

12 5 0.0255084

13 5 0.0271637

14 5 0.0287118

15 5 0.0301465

16 5 0.0314623

17 5 0.032654

18 5 0.0337167

19 5 0.0346464

20 5 0.0354394

21 5 0.0360925

22 5 0.0366031

23 5 0.0369693

24 5 0.0371896

25 5 0.0372632

26 5 0.0371896

27 5 0.0369693

28 5 0.0366031

29 5 0.0360925

30 5 0.0354394

31 5 0.0346464

32 5 0.0337167

33 5 0.032654

34 5 0.0314623

35 5 0.0301465

36 5 0.0287118

37 5 0.0271637

38 5 0.0255084

39 5 0.0237524

40 5 0.0219027

41 5 0.0199666

42 5 0.0179517

43 5 0.0158659

44 5 0.0137175

45 5 0.011515

46 5 0.00926697

47 5 0.00698242

48 5 0.00467031

49 5 0.00233977

50 5 0

0 6 0

1 6 0.00278732

2 6 0.00556363

3 6 0.00831799

4 6 0.0110395

5 6 0.0137175

6 6 0.0163413

7 6 0.0189006

8 6 0.0213854

9 6 0.0237857

10 6 0.0260922

11 6 0.0282957

12 6 0.0303875

13 6 0.0323594

14 6 0.0342036

15 6 0.0359128

16 6 0.0374803

17 6 0.0388999

18 6 0.0401659

19 6 0.0412734

20 6 0.0422181

21 6 0.0429961

22 6 0.0436044

23 6 0.0440407

24 6 0.0443031

25 6 0.0443907

26 6 0.0443031

27 6 0.0440407

28 6 0.0436044

29 6 0.0429961

30 6 0.0422181

31 6 0.0412734

32 6 0.0401659

33 6 0.0388999

34 6 0.0374803

35 6 0.0359128

36 6 0.0342036

37 6 0.0323594

38 6 0.0303875

39 6 0.0282957

40 6 0.0260922

41 6 0.0237857

42 6 0.0213854

43 6 0.0189006

44 6 0.0163413

45 6 0.0137175

46 6 0.0110395

47 6 0.00831799

48 6 0.00556363

49 6 0.00278732

50 6 0

0 7 0

1 7 0.00322386

2 7 0.00643499

3 7 0.00962073

4 7 0.0127685

5 7 0.0158659

6 7 0.0189006

7 7 0.0218608

8 7 0.0247347

9 7 0.027511

10 7 0.0301787

11 7 0.0327273

12 7 0.0351468

13 7 0.0374275

14 7 0.0395605

15 7 0.0415374

16 7 0.0433504

17 7 0.0449923

18 7 0.0464566

19 7 0.0477376

20 7 0.0488302

21 7 0.04973

22 7 0.0504336

23 7 0.0509382

24 7 0.0512418

25 7 0.0513431

26 7 0.0512418

27 7 0.0509382

28 7 0.0504336

29 7 0.04973

30 7 0.0488302

31 7 0.0477376

32 7 0.0464566

33 7 0.0449923

34 7 0.0433504

35 7 0.0415374

36 7 0.0395605

37 7 0.0374275

38 7 0.0351468

39 7 0.0327273

40 7 0.0301787

41 7 0.027511

42 7 0.0247347

43 7 0.0218608

44 7 0.0189006

45 7 0.0158659

46 7 0.0127685

47 7 0.00962073

48 7 0.00643499

49 7 0.00322386

50 7 0

0 8 0

1 8 0.00364768

2 8 0.00728096

3 8 0.0108855

4 8 0.0144471

5 8 0.0179517

6 8 0.0213854

7 8 0.0247347

8 8 0.0279864

9 8 0.0311277

10 8 0.0341461

11 8 0.0370297

12 8 0.0397673

13 8 0.0423478

14 8 0.0447613

15 8 0.0469981

16 8 0.0490494

17 8 0.0509071

18 8 0.0525639

19 8 0.0540133

20 8 0.0552495

21 8 0.0562677

22 8 0.0570638

23 8 0.0576347

24 8 0.0579782

25 8 0.0580928

26 8 0.0579782

27 8 0.0576347

28 8 0.0570638

29 8 0.0562677

30 8 0.0552495

31 8 0.0540133

32 8 0.0525639

33 8 0.0509071

34 8 0.0490494

35 8 0.0469981

36 8 0.0447613

37 8 0.0423478

38 8 0.0397673

39 8 0.0370297

40 8 0.0341461

41 8 0.0311277

42 8 0.0279864

43 8 0.0247347

44 8 0.0213854

45 8 0.0179517

46 8 0.0144471

47 8 0.0108855

48 8 0.00728096

49 8 0.00364768

50 8 0

0 9 0

1 9 0.0040571

2 9 0.00809819

3 9 0.0121073

4 9 0.0160687

5 9 0.0199666

6 9 0.0237857

7 9 0.027511

8 9 0.0311277

9 9 0.0346215

10 9 0.0379787

11 9 0.0411861

12 9 0.0442308

13 9 0.0471011

14 9 0.0497854

15 9 0.0522732

16 9 0.0545548

17 9 0.056621

18 9 0.0584638

19 9 0.0600759

20 9 0.0614509

21 9 0.0625833

22 9 0.0634688

23 9 0.0641038

24 9 0.0644858

25 9 0.0646133

26 9 0.0644858

27 9 0.0641038

28 9 0.0634688

29 9 0.0625833

30 9 0.0614509

31 9 0.0600759

32 9 0.0584638

33 9 0.056621

34 9 0.0545548

35 9 0.0522732

36 9 0.0497854

37 9 0.0471011

38 9 0.0442308

39 9 0.0411861

40 9 0.0379787

41 9 0.0346215

42 9 0.0311277

43 9 0.027511

44 9 0.0237857

45 9 0.0199666

46 9 0.0160687

47 9 0.0121073

48 9 0.00809819

49 9 0.0040571

50 9 0

0 10 0

1 10 0.00445051

2 10 0.00888346

3 10 0.0132814

4 10 0.0176268

5 10 0.0219027

6 10 0.0260922

7 10 0.0301787

8 10 0.0341461

9 10 0.0379787

10 10 0.0416615

11 10 0.0451798

12 10 0.0485198

13 10 0.0516684

14 10 0.054613

15 10 0.0573421

16 10 0.0598449

17 10 0.0621115

18 10 0.064133

19 10 0.0659014

20 10 0.0674097

21 10 0.068652

22 10 0.0696233

23 10 0.0703198

24 10 0.0707389

25 10 0.0708787

26 10 0.0707389

27 10 0.0703198

28 10 0.0696233

29 10 0.068652

30 10 0.0674097

31 10 0.0659014

32 10 0.064133

33 10 0.0621115

34 10 0.0598449

35 10 0.0573421

36 10 0.054613

37 10 0.0516684

38 10 0.0485198

39 10 0.0451798

40 10 0.0416615

41 10 0.0379787

42 10 0.0341461

43 10 0.0301787

44 10 0.0260922

45 10 0.0219027

46 10 0.0176268

47 10 0.0132814

48 10 0.00888346

49 10 0.00445051

50 10 0

0 11 0

1 11 0.00482636

2 11 0.00963367

3 11 0.014403

4 11 0.0191154

5 11 0.0237524

6 11 0.0282957

7 11 0.0327273

8 11 0.0370297

9 11 0.0411861

10 11 0.0451798

11 11 0.0489953

12 11 0.0526174

13 11 0.0560318

14 11 0.0592251

15 11 0.0621847

16 11 0.0648988

17 11 0.0673569

18 11 0.0695491

19 11 0.0714668

20 11 0.0731025

21 11 0.0744496

22 11 0.075503

23 11 0.0762584

24 11 0.0767128

25 11 0.0768645

26 11 0.0767128

27 11 0.0762584

28 11 0.075503

29 11 0.0744496

30 11 0.0731025

31 11 0.0714668

32 11 0.0695491

33 11 0.0673569

34 11 0.0648988

35 11 0.0621847

36 11 0.0592251

37 11 0.0560318

38 11 0.0526174

39 11 0.0489953

40 11 0.0451798

41 11 0.0411861

42 11 0.0370297

43 11 0.0327273

44 11 0.0282957

45 11 0.0237524

46 11 0.0191154

47 11 0.014403

48 11 0.00963367

49 11 0.00482636

50 11 0

0 12 0

1 12 0.00518316

2 12 0.0103459

3 12 0.0154677

4 12 0.0205286

5 12 0.0255084

6 12 0.0303875

7 12 0.0351468

8 12 0.0397673

9 12 0.0442308

10 12 0.0485198

11 12 0.0526174

12 12 0.0565072

13 12 0.0601741

14 12 0.0636035

15 12 0.0667818

16 12 0.0696966

17 12 0.0723364

18 12 0.0746907

19 12 0.0767502

20 12 0.0785068

21 12 0.0799535

22 12 0.0810848

23 12 0.081896

24 12 0.082384

25 12 0.0825469

26 12 0.082384

27 12 0.081896

28 12 0.0810848

29 12 0.0799535

30 12 0.0785068

31 12 0.0767502

32 12 0.0746907

33 12 0.0723364

34 12 0.0696966

35 12 0.0667818

36 12 0.0636035

37 12 0.0601741

38 12 0.0565072

39 12 0.0526174

40 12 0.0485198

41 12 0.0442308

42 12 0.0397673

43 12 0.0351468

44 12 0.0303875

45 12 0.0255084

46 12 0.0205286

47 12 0.0154677

48 12 0.0103459

49 12 0.00518316

50 12 0

0 13 0

1 13 0.00551951

2 13 0.0110172

3 13 0.0164715

4 13 0.0218607

5 13 0.0271637

6 13 0.0323594

7 13 0.0374275

8 13 0.0423478

9 13 0.0471011

10 13 0.0516684

11 13 0.0560318

12 13 0.0601741

13 13 0.0640789

14 13 0.0677308

15 13 0.0711154

16 13 0.0742194

17 13 0.0770304

18 13 0.0795375

19 13 0.0817306

20 13 0.0836012

21 13 0.0851419

22 13 0.0863465

23 13 0.0872104

24 13 0.08773

25 13 0.0879035

26 13 0.08773

27 13 0.0872104

28 13 0.0863465

29 13 0.0851419

30 13 0.0836012

31 13 0.0817306

32 13 0.0795375

33 13 0.0770304

34 13 0.0742194

35 13 0.0711154

36 13 0.0677308

37 13 0.0640789

38 13 0.0601741

39 13 0.0560318

40 13 0.0516684

41 13 0.0471011

42 13 0.0423478

43 13 0.0374275

44 13 0.0323594

45 13 0.0271637

46 13 0.0218607

47 13 0.0164715

48 13 0.0110172

49 13 0.00551951

50 13 0

0 14 0

1 14 0.00583407

2 14 0.0116451

3 14 0.0174102

4 14 0.0231066

5 14 0.0287118

6 14 0.0342036

7 14 0.0395605

8 14 0.0447613

9 14 0.0497854

10 14 0.054613

11 14 0.0592251

12 14 0.0636035

13 14 0.0677308

14 14 0.0715909

15 14 0.0751684

16 14 0.0784492

17 14 0.0814205

18 14 0.0840704

19 14 0.0863885

20 14 0.0883657

21 14 0.0899942

22 14 0.0912675

23 14 0.0921806

24 14 0.0927299

25 14 0.0929132

26 14 0.0927299

27 14 0.0921806

28 14 0.0912675

29 14 0.0899942

30 14 0.0883657

31 14 0.0863885

32 14 0.0840704

33 14 0.0814205

34 14 0.0784492

35 14 0.0751684

36 14 0.0715909

37 14 0.0677308

38 14 0.0636035

39 14 0.0592251

40 14 0.054613

41 14 0.0497854

42 14 0.0447613

43 14 0.0395605

44 14 0.0342036

45 14 0.0287118

46 14 0.0231066

47 14 0.0174102

48 14 0.0116451

49 14 0.00583407

50 14 0

0 15 0

1 15 0.00612561

2 15 0.012227

3 15 0.0182802

4 15 0.0242612

5 15 0.0301465

6 15 0.0359128

7 15 0.0415374

8 15 0.0469981

9 15 0.0522732

10 15 0.0573421

11 15 0.0621847

12 15 0.0667818

13 15 0.0711154

14 15 0.0751684

15 15 0.0789246

16 15 0.0823694

17 15 0.0854892

18 15 0.0882715

19 15 0.0907055

20 15 0.0927815

21 15 0.0944913

22 15 0.0958282

23 15 0.096787

24 15 0.0973637

25 15 0.0975562

26 15 0.0973637

27 15 0.096787

28 15 0.0958282

29 15 0.0944913

30 15 0.0927815

31 15 0.0907055

32 15 0.0882715

33 15 0.0854892

34 15 0.0823694

35 15 0.0789246

36 15 0.0751684

37 15 0.0711154

38 15 0.0667818

39 15 0.0621847

40 15 0.0573421

41 15 0.0522732

42 15 0.0469981

43 15 0.0415374

44 15 0.0359128

45 15 0.0301465

46 15 0.0242612

47 15 0.0182802

48 15 0.012227

49 15 0.00612561

50 15 0

0 16 0

1 16 0.00639297

2 16 0.0127607

3 16 0.0190781

4 16 0.0253202

5 16 0.0314623

6 16 0.0374803

7 16 0.0433504

8 16 0.0490494

9 16 0.0545548

10 16 0.0598449

11 16 0.0648988

12 16 0.0696966

13 16 0.0742194

14 16 0.0784492

15 16 0.0823694

16 16 0.0859646

17 16 0.0892205

18 16 0.0921243

19 16 0.0946645

20 16 0.0968311

21 16 0.0986156

22 16 0.100011

23 16 0.101011

24 16 0.101613

25 16 0.101814

26 16 0.101613

27 16 0.101011

28 16 0.100011

29 16 0.0986156

30 16 0.0968311

31 16 0.0946645

32 16 0.0921243

33 16 0.0892205

34 16 0.0859646

35 16 0.0823694

36 16 0.0784492

37 16 0.0742194

38 16 0.0696966

39 16 0.0648988

40 16 0.0598449

41 16 0.0545548

42 16 0.0490494

43 16 0.0433504

44 16 0.0374803

45 16 0.0314623

46 16 0.0253202

47 16 0.0190781

48 16 0.0127607

49 16 0.00639297

50 16 0

0 17 0

1 17 0.0066351

2 17 0.013244

3 17 0.0198007

4 17 0.0262792

5 17 0.032654

6 17 0.0388999

7 17 0.0449923

8 17 0.0509071

9 17 0.056621

10 17 0.0621115

11 17 0.0673569

12 17 0.0723364

13 17 0.0770304

14 17 0.0814205

15 17 0.0854892

16 17 0.0892205

17 17 0.0925997

18 17 0.0956135

19 17 0.0982499

20 17 0.100499

21 17 0.102351

22 17 0.103799

23 17 0.104837

24 17 0.105462

25 17 0.10567

26 17 0.105462

27 17 0.104837

28 17 0.103799

29 17 0.102351

30 17 0.100499

31 17 0.0982499

32 17 0.0956135

33 17 0.0925997

34 17 0.0892205

35 17 0.0854892

36 17 0.0814205

37 17 0.0770304

38 17 0.0723364

39 17 0.0673569

40 17 0.0621115

41 17 0.056621

42 17 0.0509071

43 17 0.0449923

44 17 0.0388999

45 17 0.032654

46 17 0.0262792

47 17 0.0198007

48 17 0.013244

49 17 0.0066351

50 17 0

0 18 0

1 18 0.00685105

2 18 0.0136751

3 18 0.0204451

4 18 0.0271345

5 18 0.0337167

6 18 0.0401659

7 18 0.0464566

8 18 0.0525639

9 18 0.0584638

10 18 0.064133

11 18 0.0695491

12 18 0.0746907

13 18 0.0795375

14 18 0.0840704

15 18 0.0882715

16 18 0.0921243

17 18 0.0956135

18 18 0.0987253

19 18 0.101448

20 18 0.103769

21 18 0.105682

22 18 0.107177

23 18 0.108249

24 18 0.108894

25 18 0.10911

26 18 0.108894

27 18 0.108249

28 18 0.107177

29 18 0.105682

30 18 0.103769

31 18 0.101448

32 18 0.0987253

33 18 0.0956135

34 18 0.0921243

35 18 0.0882715

36 18 0.0840704

37 18 0.0795375

38 18 0.0746907

39 18 0.0695491

40 18 0.064133

41 18 0.0584638

42 18 0.0525639

43 18 0.0464566

44 18 0.0401659

45 18 0.0337167

46 18 0.0271345

47 18 0.0204451

48 18 0.0136751

49 18 0.00685105

50 18 0

0 19 0

1 19 0.00703996

2 19 0.0140521

3 19 0.0210088

4 19 0.0278826

5 19 0.0346464

6 19 0.0412734

7 19 0.0477376

8 19 0.0540133

9 19 0.0600759

10 19 0.0659014

11 19 0.0714668

12 19 0.0767502

13 19 0.0817306

14 19 0.0863885

15 19 0.0907055

16 19 0.0946645

17 19 0.0982499

18 19 0.101448

19 19 0.104245

20 19 0.106631

21 19 0.108596

22 19 0.110132

23 19 0.111234

24 19 0.111897

25 19 0.112118

26 19 0.111897

27 19 0.111234

28 19 0.110132

29 19 0.108596

30 19 0.106631

31 19 0.104245

32 19 0.101448

33 19 0.0982499

34 19 0.0946645

35 19 0.0907055

36 19 0.0863885

37 19 0.0817306

38 19 0.0767502

39 19 0.0714668

40 19 0.0659014

41 19 0.0600759

42 19 0.0540133

43 19 0.0477376

44 19 0.0412734

45 19 0.0346464

46 19 0.0278826

47 19 0.0210088

48 19 0.0140521

49 19 0.00703996

50 19 0

0 20 0

1 20 0.00720108

2 20 0.0143737

3 20 0.0214897

4 20 0.0285208

5 20 0.0354394

6 20 0.0422181

7 20 0.0488302

8 20 0.0552495

9 20 0.0614509

10 20 0.0674097

11 20 0.0731025

12 20 0.0785068

13 20 0.0836012

14 20 0.0883657

15 20 0.0927815

16 20 0.0968311

17 20 0.100499

18 20 0.103769

19 20 0.106631

20 20 0.109071

21 20 0.111081

22 20 0.112653

23 20 0.11378

24 20 0.114458

25 20 0.114684

26 20 0.114458

27 20 0.11378

28 20 0.112653

29 20 0.111081

30 20 0.109071

31 20 0.106631

32 20 0.103769

33 20 0.100499

34 20 0.0968311

35 20 0.0927815

36 20 0.0883657

37 20 0.0836012

38 20 0.0785068

39 20 0.0731025

40 20 0.0674097

41 20 0.0614509

42 20 0.0552495

43 20 0.0488302

44 20 0.0422181

45 20 0.0354394

46 20 0.0285208

47 20 0.0214897

48 20 0.0143737

49 20 0.00720108

50 20 0

0 21 0

1 21 0.00733379

2 21 0.0146386

3 21 0.0218857

4 21 0.0290464

5 21 0.0360925

6 21 0.0429961

7 21 0.04973

8 21 0.0562677

9 21 0.0625833

10 21 0.068652

11 21 0.0744496

12 21 0.0799535

13 21 0.0851419

14 21 0.0899942

15 21 0.0944913

16 21 0.0986156

17 21 0.102351

18 21 0.105682

19 21 0.108596

20 21 0.111081

21 21 0.113128

22 21 0.114729

23 21 0.115877

24 21 0.116567

25 21 0.116798

26 21 0.116567

27 21 0.115877

28 21 0.114729

29 21 0.113128

30 21 0.111081

31 21 0.108596

32 21 0.105682

33 21 0.102351

34 21 0.0986156

35 21 0.0944913

36 21 0.0899942

37 21 0.0851419

38 21 0.0799535

39 21 0.0744496

40 21 0.068652

41 21 0.0625833

42 21 0.0562677

43 21 0.04973

44 21 0.0429961

45 21 0.0360925

46 21 0.0290464

47 21 0.0218857

48 21 0.0146386

49 21 0.00733379

50 21 0

0 22 0

1 22 0.00743755

2 22 0.0148457

3 22 0.0221954

4 22 0.0294574

5 22 0.0366031

6 22 0.0436044

7 22 0.0504336

8 22 0.0570638

9 22 0.0634688

10 22 0.0696233

11 22 0.075503

12 22 0.0810848

13 22 0.0863465

14 22 0.0912675

15 22 0.0958282

16 22 0.100011

17 22 0.103799

18 22 0.107177

19 22 0.110132

20 22 0.112653

21 22 0.114729

22 22 0.116352

23 22 0.117516

24 22 0.118216

25 22 0.11845

26 22 0.118216

27 22 0.117516

28 22 0.116352

29 22 0.114729

30 22 0.112653

31 22 0.110132

32 22 0.107177

33 22 0.103799

34 22 0.100011

35 22 0.0958282

36 22 0.0912675

37 22 0.0863465

38 22 0.0810848

39 22 0.075503

40 22 0.0696233

41 22 0.0634688

42 22 0.0570638

43 22 0.0504336

44 22 0.0436044

45 22 0.0366031

46 22 0.0294574

47 22 0.0221954

48 22 0.0148457

49 22 0.00743755

50 22 0

0 23 0

1 23 0.00751196

2 23 0.0149943

3 23 0.0224174

4 23 0.0297521

5 23 0.0369693

6 23 0.0440407

7 23 0.0509382

8 23 0.0576347

9 23 0.0641038

10 23 0.0703198

11 23 0.0762584

12 23 0.081896

13 23 0.0872104

14 23 0.0921806

15 23 0.096787

16 23 0.101011

17 23 0.104837

18 23 0.108249

19 23 0.111234

20 23 0.11378

21 23 0.115877

22 23 0.117516

23 23 0.118692

24 23 0.119399

25 23 0.119635

26 23 0.119399

27 23 0.118692

28 23 0.117516

29 23 0.115877

30 23 0.11378

31 23 0.111234

32 23 0.108249

33 23 0.104837

34 23 0.101011

35 23 0.096787

36 23 0.0921806

37 23 0.0872104

38 23 0.081896

39 23 0.0762584

40 23 0.0703198

41 23 0.0641038

42 23 0.0576347

43 23 0.0509382

44 23 0.0440407

45 23 0.0369693

46 23 0.0297521

47 23 0.0224174

48 23 0.0149943

49 23 0.00751196

50 23 0

0 24 0

1 24 0.00755672

2 24 0.0150836

3 24 0.022551

4 24 0.0299294

5 24 0.0371896

6 24 0.0443031

7 24 0.0512418

8 24 0.0579782

9 24 0.0644858

10 24 0.0707389

11 24 0.0767128

12 24 0.082384

13 24 0.08773

14 24 0.0927299

15 24 0.0973637

16 24 0.101613

17 24 0.105462

18 24 0.108894

19 24 0.111897

20 24 0.114458

21 24 0.116567

22 24 0.118216

23 24 0.119399

24 24 0.120111

25 24 0.120348

26 24 0.120111

27 24 0.119399

28 24 0.118216

29 24 0.116567

30 24 0.114458

31 24 0.111897

32 24 0.108894

33 24 0.105462

34 24 0.101613

35 24 0.0973637

36 24 0.0927299

37 24 0.08773

38 24 0.082384

39 24 0.0767128

40 24 0.0707389

41 24 0.0644858

42 24 0.0579782

43 24 0.0512418

44 24 0.0443031

45 24 0.0371896

46 24 0.0299294

47 24 0.022551

48 24 0.0150836

49 24 0.00755672

50 24 0

0 25 0

1 25 0.00757167

2 25 0.0151134

3 25 0.0225956

4 25 0.0299885

5 25 0.0372632

6 25 0.0443907

7 25 0.0513431

8 25 0.0580928

9 25 0.0646133

10 25 0.0708787

11 25 0.0768645

12 25 0.0825469

13 25 0.0879035

14 25 0.0929132

15 25 0.0975562

16 25 0.101814

17 25 0.10567

18 25 0.10911

19 25 0.112118

20 25 0.114684

21 25 0.116798

22 25 0.11845

23 25 0.119635

24 25 0.120348

25 25 0.120586

26 25 0.120348

27 25 0.119635

28 25 0.11845

29 25 0.116798

30 25 0.114684

31 25 0.112118

32 25 0.10911

33 25 0.10567

34 25 0.101814

35 25 0.0975562

36 25 0.0929132

37 25 0.0879035

38 25 0.0825469

39 25 0.0768645

40 25 0.0708787

41 25 0.0646133

42 25 0.0580928

43 25 0.0513431

44 25 0.0443907

45 25 0.0372632

46 25 0.0299885

47 25 0.0225956

48 25 0.0151134

49 25 0.00757167

50 25 0

0 26 0

1 26 0.00755672

2 26 0.0150836

3 26 0.022551

4 26 0.0299294

5 26 0.0371896

6 26 0.0443031

7 26 0.0512418

8 26 0.0579782

9 26 0.0644858

10 26 0.0707389

11 26 0.0767128

12 26 0.082384

13 26 0.08773

14 26 0.0927299

15 26 0.0973637

16 26 0.101613

17 26 0.105462

18 26 0.108894

19 26 0.111897

20 26 0.114458

21 26 0.116567

22 26 0.118216

23 26 0.119399

24 26 0.120111

25 26 0.120348

26 26 0.120111

27 26 0.119399

28 26 0.118216

29 26 0.116567

30 26 0.114458

31 26 0.111897

32 26 0.108894

33 26 0.105462

34 26 0.101613

35 26 0.0973637

36 26 0.0927299

37 26 0.08773

38 26 0.082384

39 26 0.0767128

40 26 0.0707389

41 26 0.0644858

42 26 0.0579782

43 26 0.0512418

44 26 0.0443031

45 26 0.0371896

46 26 0.0299294

47 26 0.022551

48 26 0.0150836

49 26 0.00755672

50 26 0

0 27 0

1 27 0.00751196

2 27 0.0149943

3 27 0.0224174

4 27 0.0297521

5 27 0.0369693

6 27 0.0440407

7 27 0.0509382

8 27 0.0576347

9 27 0.0641038

10 27 0.0703198

11 27 0.0762584

12 27 0.081896

13 27 0.0872104

14 27 0.0921806

15 27 0.096787

16 27 0.101011

17 27 0.104837

18 27 0.108249

19 27 0.111234

20 27 0.11378

21 27 0.115877

22 27 0.117516

23 27 0.118692

24 27 0.119399

25 27 0.119635

26 27 0.119399

27 27 0.118692

28 27 0.117516

29 27 0.115877

30 27 0.11378

31 27 0.111234

32 27 0.108249

33 27 0.104837

34 27 0.101011

35 27 0.096787

36 27 0.0921806

37 27 0.0872104

38 27 0.081896

39 27 0.0762584

40 27 0.0703198

41 27 0.0641038

42 27 0.0576347

43 27 0.0509382

44 27 0.0440407

45 27 0.0369693

46 27 0.0297521

47 27 0.0224174

48 27 0.0149943

49 27 0.00751196

50 27 0

0 28 0

1 28 0.00743755

2 28 0.0148457

3 28 0.0221954

4 28 0.0294574

5 28 0.0366031

6 28 0.0436044

7 28 0.0504336

8 28 0.0570638

9 28 0.0634688

10 28 0.0696233

11 28 0.075503

12 28 0.0810848

13 28 0.0863465

14 28 0.0912675

15 28 0.0958282

16 28 0.100011

17 28 0.103799

18 28 0.107177

19 28 0.110132

20 28 0.112653

21 28 0.114729

22 28 0.116352

23 28 0.117516

24 28 0.118216

25 28 0.11845

26 28 0.118216

27 28 0.117516

28 28 0.116352

29 28 0.114729

30 28 0.112653

31 28 0.110132

32 28 0.107177

33 28 0.103799

34 28 0.100011

35 28 0.0958282

36 28 0.0912675

37 28 0.0863465

38 28 0.0810848

39 28 0.075503

40 28 0.0696233

41 28 0.0634688

42 28 0.0570638

43 28 0.0504336

44 28 0.0436044

45 28 0.0366031

46 28 0.0294574

47 28 0.0221954

48 28 0.0148457

49 28 0.00743755

50 28 0

0 29 0

1 29 0.00733379

2 29 0.0146386

3 29 0.0218857

4 29 0.0290464

5 29 0.0360925

6 29 0.0429961

7 29 0.04973

8 29 0.0562677

9 29 0.0625833

10 29 0.068652

11 29 0.0744496

12 29 0.0799535

13 29 0.0851419

14 29 0.0899942

15 29 0.0944913

16 29 0.0986156

17 29 0.102351

18 29 0.105682

19 29 0.108596

20 29 0.111081

21 29 0.113128

22 29 0.114729

23 29 0.115877

24 29 0.116567

25 29 0.116798

26 29 0.116567

27 29 0.115877

28 29 0.114729

29 29 0.113128

30 29 0.111081

31 29 0.108596

32 29 0.105682

33 29 0.102351

34 29 0.0986156

35 29 0.0944913

36 29 0.0899942

37 29 0.0851419

38 29 0.0799535

39 29 0.0744496

40 29 0.068652

41 29 0.0625833

42 29 0.0562677

43 29 0.04973

44 29 0.0429961

45 29 0.0360925

46 29 0.0290464

47 29 0.0218857

48 29 0.0146386

49 29 0.00733379

50 29 0

0 30 0

1 30 0.00720108

2 30 0.0143737

3 30 0.0214897

4 30 0.0285208

5 30 0.0354394

6 30 0.0422181

7 30 0.0488302

8 30 0.0552495

9 30 0.0614509

10 30 0.0674097

11 30 0.0731025

12 30 0.0785068

13 30 0.0836012

14 30 0.0883657

15 30 0.0927815

16 30 0.0968311

17 30 0.100499

18 30 0.103769

19 30 0.106631

20 30 0.109071

21 30 0.111081

22 30 0.112653

23 30 0.11378

24 30 0.114458

25 30 0.114684

26 30 0.114458

27 30 0.11378

28 30 0.112653

29 30 0.111081

30 30 0.109071

31 30 0.106631

32 30 0.103769

33 30 0.100499

34 30 0.0968311

35 30 0.0927815

36 30 0.0883657

37 30 0.0836012

38 30 0.0785068

39 30 0.0731025

40 30 0.0674097

41 30 0.0614509

42 30 0.0552495

43 30 0.0488302

44 30 0.0422181

45 30 0.0354394

46 30 0.0285208

47 30 0.0214897

48 30 0.0143737

49 30 0.00720108

50 30 0

0 31 0

1 31 0.00703996

2 31 0.0140521

3 31 0.0210088

4 31 0.0278826

5 31 0.0346464

6 31 0.0412734

7 31 0.0477376

8 31 0.0540133

9 31 0.0600759

10 31 0.0659014

11 31 0.0714668

12 31 0.0767502

13 31 0.0817306

14 31 0.0863885

15 31 0.0907055

16 31 0.0946645

17 31 0.0982499

18 31 0.101448

19 31 0.104245

20 31 0.106631

21 31 0.108596

22 31 0.110132

23 31 0.111234

24 31 0.111897

25 31 0.112118

26 31 0.111897

27 31 0.111234

28 31 0.110132

29 31 0.108596

30 31 0.106631

31 31 0.104245

32 31 0.101448

33 31 0.0982499

34 31 0.0946645

35 31 0.0907055

36 31 0.0863885

37 31 0.0817306

38 31 0.0767502

39 31 0.0714668

40 31 0.0659014

41 31 0.0600759

42 31 0.0540133

43 31 0.0477376

44 31 0.0412734

45 31 0.0346464

46 31 0.0278826

47 31 0.0210088

48 31 0.0140521

49 31 0.00703996

50 31 0

0 32 0

1 32 0.00685105

2 32 0.0136751

3 32 0.0204451

4 32 0.0271345

5 32 0.0337167

6 32 0.0401659

7 32 0.0464566

8 32 0.0525639

9 32 0.0584638

10 32 0.064133

11 32 0.0695491

12 32 0.0746907

13 32 0.0795375

14 32 0.0840704

15 32 0.0882715

16 32 0.0921243

17 32 0.0956135

18 32 0.0987253

19 32 0.101448

20 32 0.103769

21 32 0.105682

22 32 0.107177

23 32 0.108249

24 32 0.108894

25 32 0.10911

26 32 0.108894

27 32 0.108249

28 32 0.107177

29 32 0.105682

30 32 0.103769

31 32 0.101448

32 32 0.0987253

33 32 0.0956135

34 32 0.0921243

35 32 0.0882715

36 32 0.0840704

37 32 0.0795375

38 32 0.0746907

39 32 0.0695491

40 32 0.064133

41 32 0.0584638

42 32 0.0525639

43 32 0.0464566

44 32 0.0401659

45 32 0.0337167

46 32 0.0271345

47 32 0.0204451

48 32 0.0136751

49 32 0.00685105

50 32 0

0 33 0

1 33 0.0066351

2 33 0.013244

3 33 0.0198007

4 33 0.0262792

5 33 0.032654

6 33 0.0388999

7 33 0.0449923

8 33 0.0509071

9 33 0.056621

10 33 0.0621115

11 33 0.0673569

12 33 0.0723364

13 33 0.0770304

14 33 0.0814205

15 33 0.0854892

16 33 0.0892205

17 33 0.0925997

18 33 0.0956135

19 33 0.0982499

20 33 0.100499

21 33 0.102351

22 33 0.103799

23 33 0.104837

24 33 0.105462

25 33 0.10567

26 33 0.105462

27 33 0.104837

28 33 0.103799

29 33 0.102351

30 33 0.100499

31 33 0.0982499

32 33 0.0956135

33 33 0.0925997

34 33 0.0892205

35 33 0.0854892

36 33 0.0814205

37 33 0.0770304

38 33 0.0723364

39 33 0.0673569

40 33 0.0621115

41 33 0.056621

42 33 0.0509071

43 33 0.0449923

44 33 0.0388999

45 33 0.032654

46 33 0.0262792

47 33 0.0198007

48 33 0.013244

49 33 0.0066351

50 33 0

0 34 0

1 34 0.00639297

2 34 0.0127607

3 34 0.0190781

4 34 0.0253202

5 34 0.0314623

6 34 0.0374803

7 34 0.0433504

8 34 0.0490494

9 34 0.0545548

10 34 0.0598449

11 34 0.0648988

12 34 0.0696966

13 34 0.0742194

14 34 0.0784492

15 34 0.0823694

16 34 0.0859646

17 34 0.0892205

18 34 0.0921243

19 34 0.0946645

20 34 0.0968311

21 34 0.0986156

22 34 0.100011

23 34 0.101011

24 34 0.101613

25 34 0.101814

26 34 0.101613

27 34 0.101011

28 34 0.100011

29 34 0.0986156

30 34 0.0968311

31 34 0.0946645

32 34 0.0921243

33 34 0.0892205

34 34 0.0859646

35 34 0.0823694

36 34 0.0784492

37 34 0.0742194

38 34 0.0696966

39 34 0.0648988

40 34 0.0598449

41 34 0.0545548

42 34 0.0490494

43 34 0.0433504

44 34 0.0374803

45 34 0.0314623

46 34 0.0253202

47 34 0.0190781

48 34 0.0127607

49 34 0.00639297

50 34 0

0 35 0

1 35 0.00612561

2 35 0.012227

3 35 0.0182802

4 35 0.0242612

5 35 0.0301465

6 35 0.0359128

7 35 0.0415374

8 35 0.0469981

9 35 0.0522732

10 35 0.0573421

11 35 0.0621847

12 35 0.0667818

13 35 0.0711154

14 35 0.0751684

15 35 0.0789246

16 35 0.0823694

17 35 0.0854892

18 35 0.0882715

19 35 0.0907055

20 35 0.0927815

21 35 0.0944913

22 35 0.0958282

23 35 0.096787

24 35 0.0973637

25 35 0.0975562

26 35 0.0973637

27 35 0.096787

28 35 0.0958282

29 35 0.0944913

30 35 0.0927815

31 35 0.0907055

32 35 0.0882715

33 35 0.0854892

34 35 0.0823694

35 35 0.0789246

36 35 0.0751684

37 35 0.0711154

38 35 0.0667818

39 35 0.0621847

40 35 0.0573421

41 35 0.0522732

42 35 0.0469981

43 35 0.0415374

44 35 0.0359128

45 35 0.0301465

46 35 0.0242612

47 35 0.0182802

48 35 0.012227

49 35 0.00612561

50 35 0

0 36 0

1 36 0.00583407

2 36 0.0116451

3 36 0.0174102

4 36 0.0231066

5 36 0.0287118

6 36 0.0342036

7 36 0.0395605

8 36 0.0447613

9 36 0.0497854

10 36 0.054613

11 36 0.0592251

12 36 0.0636035

13 36 0.0677308

14 36 0.0715909

15 36 0.0751684

16 36 0.0784492

17 36 0.0814205

18 36 0.0840704

19 36 0.0863885

20 36 0.0883657

21 36 0.0899942

22 36 0.0912675

23 36 0.0921806

24 36 0.0927299

25 36 0.0929132

26 36 0.0927299

27 36 0.0921806

28 36 0.0912675

29 36 0.0899942

30 36 0.0883657

31 36 0.0863885

32 36 0.0840704

33 36 0.0814205

34 36 0.0784492

35 36 0.0751684

36 36 0.0715909

37 36 0.0677308

38 36 0.0636035

39 36 0.0592251

40 36 0.054613

41 36 0.0497854

42 36 0.0447613

43 36 0.0395605

44 36 0.0342036

45 36 0.0287118

46 36 0.0231066

47 36 0.0174102

48 36 0.0116451

49 36 0.00583407

50 36 0

0 37 0

1 37 0.00551951

2 37 0.0110172

3 37 0.0164715

4 37 0.0218607

5 37 0.0271637

6 37 0.0323594

7 37 0.0374275

8 37 0.0423478

9 37 0.0471011

10 37 0.0516684

11 37 0.0560318

12 37 0.0601741

13 37 0.0640789

14 37 0.0677308

15 37 0.0711154

16 37 0.0742194

17 37 0.0770304

18 37 0.0795375

19 37 0.0817306

20 37 0.0836012

21 37 0.0851419

22 37 0.0863465

23 37 0.0872104

24 37 0.08773

25 37 0.0879035

26 37 0.08773

27 37 0.0872104

28 37 0.0863465

29 37 0.0851419

30 37 0.0836012

31 37 0.0817306

32 37 0.0795375

33 37 0.0770304

34 37 0.0742194

35 37 0.0711154

36 37 0.0677308

37 37 0.0640789

38 37 0.0601741

39 37 0.0560318

40 37 0.0516684

41 37 0.0471011

42 37 0.0423478

43 37 0.0374275

44 37 0.0323594

45 37 0.0271637

46 37 0.0218607

47 37 0.0164715

48 37 0.0110172

49 37 0.00551951

50 37 0

0 38 0

1 38 0.00518316

2 38 0.0103459

3 38 0.0154677

4 38 0.0205286

5 38 0.0255084

6 38 0.0303875

7 38 0.0351468

8 38 0.0397673

9 38 0.0442308

10 38 0.0485198

11 38 0.0526174

12 38 0.0565072

13 38 0.0601741

14 38 0.0636035

15 38 0.0667818

16 38 0.0696966

17 38 0.0723364

18 38 0.0746907

19 38 0.0767502

20 38 0.0785068

21 38 0.0799535

22 38 0.0810848

23 38 0.081896

24 38 0.082384

25 38 0.0825469

26 38 0.082384

27 38 0.081896

28 38 0.0810848

29 38 0.0799535

30 38 0.0785068

31 38 0.0767502

32 38 0.0746907

33 38 0.0723364

34 38 0.0696966

35 38 0.0667818

36 38 0.0636035

37 38 0.0601741

38 38 0.0565072

39 38 0.0526174

40 38 0.0485198

41 38 0.0442308

42 38 0.0397673

43 38 0.0351468

44 38 0.0303875

45 38 0.0255084

46 38 0.0205286

47 38 0.0154677

48 38 0.0103459

49 38 0.00518316

50 38 0

0 39 0

1 39 0.00482636

2 39 0.00963367

3 39 0.014403

4 39 0.0191154

5 39 0.0237524

6 39 0.0282957

7 39 0.0327273

8 39 0.0370297

9 39 0.0411861

10 39 0.0451798

11 39 0.0489953

12 39 0.0526174

13 39 0.0560318

14 39 0.0592251

15 39 0.0621847

16 39 0.0648988

17 39 0.0673569

18 39 0.0695491

19 39 0.0714668

20 39 0.0731025

21 39 0.0744496

22 39 0.075503

23 39 0.0762584

24 39 0.0767128

25 39 0.0768645

26 39 0.0767128

27 39 0.0762584

28 39 0.075503

29 39 0.0744496

30 39 0.0731025

31 39 0.0714668

32 39 0.0695491

33 39 0.0673569

34 39 0.0648988

35 39 0.0621847

36 39 0.0592251

37 39 0.0560318

38 39 0.0526174

39 39 0.0489953

40 39 0.0451798

41 39 0.0411861

42 39 0.0370297

43 39 0.0327273

44 39 0.0282957

45 39 0.0237524

46 39 0.0191154

47 39 0.014403

48 39 0.00963367

49 39 0.00482636

50 39 0

0 40 0

1 40 0.00445051

2 40 0.00888346

3 40 0.0132814

4 40 0.0176268

5 40 0.0219027

6 40 0.0260922

7 40 0.0301787

8 40 0.0341461

9 40 0.0379787

10 40 0.0416615

11 40 0.0451798

12 40 0.0485198

13 40 0.0516684

14 40 0.054613

15 40 0.0573421

16 40 0.0598449

17 40 0.0621115

18 40 0.064133

19 40 0.0659014

20 40 0.0674097

21 40 0.068652

22 40 0.0696233

23 40 0.0703198

24 40 0.0707389

25 40 0.0708787

26 40 0.0707389

27 40 0.0703198

28 40 0.0696233

29 40 0.068652

30 40 0.0674097

31 40 0.0659014

32 40 0.064133

33 40 0.0621115

34 40 0.0598449

35 40 0.0573421

36 40 0.054613

37 40 0.0516684

38 40 0.0485198

39 40 0.0451798

40 40 0.0416615

41 40 0.0379787

42 40 0.0341461

43 40 0.0301787

44 40 0.0260922

45 40 0.0219027

46 40 0.0176268

47 40 0.0132814

48 40 0.00888346

49 40 0.00445051

50 40 0

0 41 0

1 41 0.0040571

2 41 0.00809819

3 41 0.0121073

4 41 0.0160687

5 41 0.0199666

6 41 0.0237857

7 41 0.027511

8 41 0.0311277

9 41 0.0346215

10 41 0.0379787

11 41 0.0411861

12 41 0.0442308

13 41 0.0471011

14 41 0.0497854

15 41 0.0522732

16 41 0.0545548

17 41 0.056621

18 41 0.0584638

19 41 0.0600759

20 41 0.0614509

21 41 0.0625833

22 41 0.0634688

23 41 0.0641038

24 41 0.0644858

25 41 0.0646133

26 41 0.0644858

27 41 0.0641038

28 41 0.0634688

29 41 0.0625833

30 41 0.0614509

31 41 0.0600759

32 41 0.0584638

33 41 0.056621

34 41 0.0545548

35 41 0.0522732

36 41 0.0497854

37 41 0.0471011

38 41 0.0442308

39 41 0.0411861

40 41 0.0379787

41 41 0.0346215

42 41 0.0311277

43 41 0.027511

44 41 0.0237857

45 41 0.0199666

46 41 0.0160687

47 41 0.0121073

48 41 0.00809819

49 41 0.0040571

50 41 0

0 42 0

1 42 0.00364768

2 42 0.00728096

3 42 0.0108855

4 42 0.0144471

5 42 0.0179517

6 42 0.0213854

7 42 0.0247347

8 42 0.0279864

9 42 0.0311277

10 42 0.0341461

11 42 0.0370297

12 42 0.0397673

13 42 0.0423478

14 42 0.0447613

15 42 0.0469981

16 42 0.0490494

17 42 0.0509071

18 42 0.0525639

19 42 0.0540133

20 42 0.0552495

21 42 0.0562677

22 42 0.0570638

23 42 0.0576347

24 42 0.0579782

25 42 0.0580928

26 42 0.0579782

27 42 0.0576347

28 42 0.0570638

29 42 0.0562677

30 42 0.0552495

31 42 0.0540133

32 42 0.0525639

33 42 0.0509071

34 42 0.0490494

35 42 0.0469981

36 42 0.0447613

37 42 0.0423478

38 42 0.0397673

39 42 0.0370297

40 42 0.0341461

41 42 0.0311277

42 42 0.0279864

43 42 0.0247347

44 42 0.0213854

45 42 0.0179517

46 42 0.0144471

47 42 0.0108855

48 42 0.00728096

49 42 0.00364768

50 42 0

0 43 0

1 43 0.00322386

2 43 0.00643499

3 43 0.00962073

4 43 0.0127685

5 43 0.0158659

6 43 0.0189006

7 43 0.0218608

8 43 0.0247347

9 43 0.027511

10 43 0.0301787

11 43 0.0327273

12 43 0.0351468

13 43 0.0374275

14 43 0.0395605

15 43 0.0415374

16 43 0.0433504

17 43 0.0449923

18 43 0.0464566

19 43 0.0477376

20 43 0.0488302

21 43 0.04973

22 43 0.0504336

23 43 0.0509382

24 43 0.0512418

25 43 0.0513431

26 43 0.0512418

27 43 0.0509382

28 43 0.0504336

29 43 0.04973

30 43 0.0488302

31 43 0.0477376

32 43 0.0464566

33 43 0.0449923

34 43 0.0433504

35 43 0.0415374

36 43 0.0395605

37 43 0.0374275

38 43 0.0351468

39 43 0.0327273

40 43 0.0301787

41 43 0.027511

42 43 0.0247347

43 43 0.0218608

44 43 0.0189006

45 43 0.0158659

46 43 0.0127685

47 43 0.00962073

48 43 0.00643499

49 43 0.00322386

50 43 0

0 44 0

1 44 0.00278732

2 44 0.00556363

3 44 0.00831799

4 44 0.0110395

5 44 0.0137175

6 44 0.0163413

7 44 0.0189006

8 44 0.0213854

9 44 0.0237857

10 44 0.0260922

11 44 0.0282957

12 44 0.0303875

13 44 0.0323594

14 44 0.0342036

15 44 0.0359128

16 44 0.0374803

17 44 0.0388999

18 44 0.0401659

19 44 0.0412734

20 44 0.0422181

21 44 0.0429961

22 44 0.0436044

23 44 0.0440407

24 44 0.0443031

25 44 0.0443907

26 44 0.0443031

27 44 0.0440407

28 44 0.0436044

29 44 0.0429961

30 44 0.0422181

31 44 0.0412734

32 44 0.0401659

33 44 0.0388999

34 44 0.0374803

35 44 0.0359128

36 44 0.0342036

37 44 0.0323594

38 44 0.0303875

39 44 0.0282957

40 44 0.0260922

41 44 0.0237857

42 44 0.0213854

43 44 0.0189006

44 44 0.0163413

45 44 0.0137175

46 44 0.0110395

47 44 0.00831799

48 44 0.00556363

49 44 0.00278732

50 44 0

0 45 0

1 45 0.00233977

2 45 0.00467031

3 45 0.00698242

4 45 0.00926697

5 45 0.011515

6 45 0.0137175

7 45 0.0158659

8 45 0.0179517

9 45 0.0199666

10 45 0.0219027

11 45 0.0237524

12 45 0.0255084

13 45 0.0271637

14 45 0.0287118

15 45 0.0301465

16 45 0.0314623

17 45 0.032654

18 45 0.0337167

19 45 0.0346464

20 45 0.0354394

21 45 0.0360925

22 45 0.0366031

23 45 0.0369693

24 45 0.0371896

25 45 0.0372632

26 45 0.0371896

27 45 0.0369693

28 45 0.0366031

29 45 0.0360925

30 45 0.0354394

31 45 0.0346464

32 45 0.0337167

33 45 0.032654

34 45 0.0314623

35 45 0.0301465

36 45 0.0287118

37 45 0.0271637

38 45 0.0255084

39 45 0.0237524

40 45 0.0219027

41 45 0.0199666

42 45 0.0179517

43 45 0.0158659

44 45 0.0137175

45 45 0.011515

46 45 0.00926697

47 45 0.00698242

48 45 0.00467031

49 45 0.00233977

50 45 0

0 46 0

1 46 0.001883

2 46 0.00375856

3 46 0.00561929

4 46 0.00745785

5 46 0.00926697

6 46 0.0110395

7 46 0.0127685

8 46 0.0144471

9 46 0.0160687

10 46 0.0176268

11 46 0.0191154

12 46 0.0205286

13 46 0.0218607

14 46 0.0231066

15 46 0.0242612

16 46 0.0253202

17 46 0.0262792

18 46 0.0271345

19 46 0.0278826

20 46 0.0285208

21 46 0.0290464

22 46 0.0294574

23 46 0.0297521

24 46 0.0299294

25 46 0.0299885

26 46 0.0299294

27 46 0.0297521

28 46 0.0294574

29 46 0.0290464

30 46 0.0285208

31 46 0.0278826

32 46 0.0271345

33 46 0.0262792

34 46 0.0253202

35 46 0.0242612

36 46 0.0231066

37 46 0.0218607

38 46 0.0205286

39 46 0.0191154

40 46 0.0176268

41 46 0.0160687

42 46 0.0144471

43 46 0.0127685

44 46 0.0110395

45 46 0.00926697

46 46 0.00745785

47 46 0.00561929

48 46 0.00375856

49 46 0.001883

50 46 0

0 47 0

1 47 0.00141879

2 47 0.00283198

3 47 0.00423399

4 47 0.00561929

5 47 0.00698242

6 47 0.00831799

7 47 0.00962073

8 47 0.0108855

9 47 0.0121073

10 47 0.0132814

11 47 0.014403

12 47 0.0154677

13 47 0.0164715

14 47 0.0174102

15 47 0.0182802

16 47 0.0190781

17 47 0.0198007

18 47 0.0204451

19 47 0.0210088

20 47 0.0214897

21 47 0.0218857

22 47 0.0221954

23 47 0.0224174

24 47 0.022551

25 47 0.0225956

26 47 0.022551

27 47 0.0224174

28 47 0.0221954

29 47 0.0218857

30 47 0.0214897

31 47 0.0210088

32 47 0.0204451

33 47 0.0198007

34 47 0.0190781

35 47 0.0182802

36 47 0.0174102

37 47 0.0164715

38 47 0.0154677

39 47 0.014403

40 47 0.0132814

41 47 0.0121073

42 47 0.0108855

43 47 0.00962073

44 47 0.00831799

45 47 0.00698242

46 47 0.00561929

47 47 0.00423399

48 47 0.00283198

49 47 0.00141879

50 47 0

0 48 0

1 48 0.000948981

2 48 0.00189422

3 48 0.00283198

4 48 0.00375856

5 48 0.00467031

6 48 0.00556363

7 48 0.00643499

8 48 0.00728096

9 48 0.00809819

10 48 0.00888346

11 48 0.00963367

12 48 0.0103459

13 48 0.0110172

14 48 0.0116451

15 48 0.012227

16 48 0.0127607

17 48 0.013244

18 48 0.0136751

19 48 0.0140521

20 48 0.0143737

21 48 0.0146386

22 48 0.0148457

23 48 0.0149943

24 48 0.0150836

25 48 0.0151134

26 48 0.0150836

27 48 0.0149943

28 48 0.0148457

29 48 0.0146386

30 48 0.0143737

31 48 0.0140521

32 48 0.0136751

33 48 0.013244

34 48 0.0127607

35 48 0.012227

36 48 0.0116451

37 48 0.0110172

38 48 0.0103459

39 48 0.00963367

40 48 0.00888346

41 48 0.00809819

42 48 0.00728096

43 48 0.00643499

44 48 0.00556363

45 48 0.00467031

46 48 0.00375856

47 48 0.00283198

48 48 0.00189422

49 48 0.000948981

50 48 0

0 49 0

1 49 0.000475429

2 49 0.000948981

3 49 0.00141879

4 49 0.001883

5 49 0.00233977

6 49 0.00278732

7 49 0.00322386

8 49 0.00364768

9 49 0.0040571

10 49 0.00445051

11 49 0.00482636

12 49 0.00518316

13 49 0.00551951

14 49 0.00583407

15 49 0.00612561

16 49 0.00639297

