0 1 0

1 1 0.000879973

2 1 0.00175647

3 1 0.00262604

4 1 0.00348524

5 1 0.00433069

6 1 0.00515905

7 1 0.00596705

8 1 0.0067515

9 1 0.0075093

10 1 0.00823747

11 1 0.00893313

12 1 0.00959353

13 1 0.0102161

14 1 0.0107983

15 1 0.0113379

16 1 0.0118328

17 1 0.0122809

18 1 0.0126806

19 1 0.0130303

20 1 0.0133285

21 1 0.0135741

22 1 0.0137662

23 1 0.0139039

24 1 0.0139868

25 1 0.0140144

26 1 0.0139868

27 1 0.0139039

28 1 0.0137662

29 1 0.0135741

30 1 0.0133285

31 1 0.0130303

32 1 0.0126806

33 1 0.0122809

34 1 0.0118328

35 1 0.0113379

36 1 0.0107983

37 1 0.0102161

38 1 0.00959353

39 1 0.00893313

40 1 0.00823747

41 1 0.0075093

42 1 0.0067515

43 1 0.00596705

44 1 0.00515905

45 1 0.00433069

46 1 0.00348524

47 1 0.00262604

48 1 0.00175647

49 1 0.000879973

50 1 0

0 2 0

1 2 0.00175647

2 2 0.00350601

3 2 0.00524172

4 2 0.00695673

5 2 0.00864429

6 2 0.0102977

7 2 0.0119105

8 2 0.0134763

9 2 0.014989

10 2 0.0164424

11 2 0.017831

12 2 0.0191492

13 2 0.0203918

14 2 0.021554

15 2 0.0226311

16 2 0.0236188

17 2 0.0245134

18 2 0.0253112

19 2 0.0260091

20 2 0.0266044

21 2 0.0270947

22 2 0.027478

23 2 0.0277529

24 2 0.0279183

25 2 0.0279735

26 2 0.0279183

27 2 0.0277529

28 2 0.027478

29 2 0.0270947

30 2 0.0266044

31 2 0.0260091

32 2 0.0253112

33 2 0.0245134

34 2 0.0236188

35 2 0.0226311

36 2 0.021554

37 2 0.0203918

38 2 0.0191492

39 2 0.017831

40 2 0.0164424

41 2 0.014989

42 2 0.0134763

43 2 0.0119105

44 2 0.0102977

45 2 0.00864429

46 2 0.00695673

47 2 0.00524172

48 2 0.00350601

49 2 0.00175647

50 2 0

0 3 0

1 3 0.00262604

2 3 0.00524172

3 3 0.00783671

4 3 0.0104008

5 3 0.0129238

6 3 0.0153958

7 3 0.017807

8 3 0.020148

9 3 0.0224095

10 3 0.0245825

11 3 0.0266585

12 3 0.0286293

13 3 0.0304871

14 3 0.0322246

15 3 0.0338349

16 3 0.0353117

17 3 0.0366491

18 3 0.0378419

19 3 0.0388853

20 3 0.0397753

21 3 0.0405083

22 3 0.0410814

23 3 0.0414925

24 3 0.0417397

25 3 0.0418222

26 3 0.0417397

27 3 0.0414925

28 3 0.0410814

29 3 0.0405083

30 3 0.0397753

31 3 0.0388853

32 3 0.0378419

33 3 0.0366491

34 3 0.0353117

35 3 0.0338349

36 3 0.0322246

37 3 0.0304871

38 3 0.0286293

39 3 0.0266585

40 3 0.0245825

41 3 0.0224095

42 3 0.020148

43 3 0.017807

44 3 0.0153958

45 3 0.0129238

46 3 0.0104008

47 3 0.00783671

48 3 0.00524172

49 3 0.00262604

50 3 0

0 4 0

1 4 0.00348524

2 4 0.00695673

3 4 0.0104008

4 4 0.0138038

5 4 0.0171523

6 4 0.0204331

7 4 0.0236333

8 4 0.0267402

9 4 0.0297415

10 4 0.0326255

11 4 0.0353808

12 4 0.0379964

13 4 0.0404621

14 4 0.042768

15 4 0.0449052

16 4 0.0468652

17 4 0.0486402

18 4 0.0502232

19 4 0.0516081

20 4 0.0527892

21 4 0.0537621

22 4 0.0545227

23 4 0.0550682

24 4 0.0553964

25 4 0.0555059

26 4 0.0553964

27 4 0.0550682

28 4 0.0545227

29 4 0.0537621

30 4 0.0527892

31 4 0.0516081

32 4 0.0502232

33 4 0.0486402

34 4 0.0468652

35 4 0.0449052

36 4 0.042768

37 4 0.0404621

38 4 0.0379964

39 4 0.0353808

40 4 0.0326255

41 4 0.0297415

42 4 0.0267402

43 4 0.0236333

44 4 0.0204331

45 4 0.0171523

46 4 0.0138038

47 4 0.0104008

48 4 0.00695673

49 4 0.00348524

50 4 0

0 5 0

1 5 0.00433069

2 5 0.00864429

3 5 0.0129238

4 5 0.0171523

5 5 0.0213131

6 5 0.0253897

7 5 0.0293662

8 5 0.0332268

9 5 0.0369562

10 5 0.0405398

11 5 0.0439634

12 5 0.0472135

13 5 0.0502773

14 5 0.0531427

15 5 0.0557983

16 5 0.0582337

17 5 0.0604393

18 5 0.0624064

19 5 0.0641271

20 5 0.0655948

21 5 0.0668037

22 5 0.0677488

23 5 0.0684266

24 5 0.0688344

25 5 0.0689705

26 5 0.0688344

27 5 0.0684266

28 5 0.0677488

29 5 0.0668037

30 5 0.0655948

31 5 0.0641271

32 5 0.0624064

33 5 0.0604393

34 5 0.0582337

35 5 0.0557983

36 5 0.0531427

37 5 0.0502773

38 5 0.0472135

39 5 0.0439634

40 5 0.0405398

41 5 0.0369562

42 5 0.0332268

43 5 0.0293662

44 5 0.0253897

45 5 0.0213131

46 5 0.0171523

47 5 0.0129238

48 5 0.00864429

49 5 0.00433069

50 5 0

0 6 0

1 6 0.00515905

2 6 0.0102977

3 6 0.0153958

4 6 0.0204331

5 6 0.0253897

6 6 0.0302462

7 6 0.0349833

8 6 0.0395823

9 6 0.0440251

10 6 0.0482941

11 6 0.0523726

12 6 0.0562444

13 6 0.0598942

14 6 0.0633076

15 6 0.0664712

16 6 0.0693724

17 6 0.0719999

18 6 0.0743432

19 6 0.0763931

20 6 0.0781416

21 6 0.0795816

22 6 0.0807076

23 6 0.081515

24 6 0.0820008

25 6 0.0821629

26 6 0.0820008

27 6 0.081515

28 6 0.0807076

29 6 0.0795816

30 6 0.0781416

31 6 0.0763931

32 6 0.0743432

33 6 0.0719999

34 6 0.0693724

35 6 0.0664712

36 6 0.0633076

37 6 0.0598942

38 6 0.0562444

39 6 0.0523726

40 6 0.0482941

41 6 0.0440251

42 6 0.0395823

43 6 0.0349833

44 6 0.0302462

45 6 0.0253897

46 6 0.0204331

47 6 0.0153958

48 6 0.0102977

49 6 0.00515905

50 6 0

0 7 0

1 7 0.00596705

2 7 0.0119105

3 7 0.017807

4 7 0.0236333

5 7 0.0293662

6 7 0.0349833

7 7 0.0404622

8 7 0.0457816

9 7 0.0509202

10 7 0.0558578

11 7 0.0605751

12 7 0.0650532

13 7 0.0692746

14 7 0.0732227

15 7 0.0768817

16 7 0.0802374

17 7 0.0832763

18 7 0.0859867

19 7 0.0883576

20 7 0.0903799

21 7 0.0920455

22 7 0.0933478

23 7 0.0942817

24 7 0.0948435

25 7 0.095031

26 7 0.0948435

27 7 0.0942817

28 7 0.0933478

29 7 0.0920455

30 7 0.0903799

31 7 0.0883576

32 7 0.0859867

33 7 0.0832763

34 7 0.0802374

35 7 0.0768817

36 7 0.0732227

37 7 0.0692746

38 7 0.0650532

39 7 0.0605751

40 7 0.0558578

41 7 0.0509202

42 7 0.0457816

43 7 0.0404622

44 7 0.0349833

45 7 0.0293662

46 7 0.0236333

47 7 0.017807

48 7 0.0119105

49 7 0.00596705

50 7 0

0 8 0

1 8 0.0067515

2 8 0.0134763

3 8 0.020148

4 8 0.0267402

5 8 0.0332268

6 8 0.0395823

7 8 0.0457816

8 8 0.0518002

9 8 0.0576143

10 8 0.0632011

11 8 0.0685385

12 8 0.0736053

13 8 0.0783817

14 8 0.0828488

15 8 0.0869889

16 8 0.0907856

17 8 0.0942241

18 8 0.0972908

19 8 0.0999734

20 8 0.102262

21 8 0.104146

22 8 0.10562

23 8 0.106676

24 8 0.107312

25 8 0.107524

26 8 0.107312

27 8 0.106676

28 8 0.10562

29 8 0.104146

30 8 0.102262

31 8 0.0999734

32 8 0.0972908

33 8 0.0942241

34 8 0.0907856

35 8 0.0869889

36 8 0.0828488

37 8 0.0783817

38 8 0.0736053

39 8 0.0685385

40 8 0.0632011

41 8 0.0576143

42 8 0.0518002

43 8 0.0457816

44 8 0.0395823

45 8 0.0332268

46 8 0.0267402

47 8 0.020148

48 8 0.0134763

49 8 0.0067515

50 8 0

0 9 0

1 9 0.0075093

2 9 0.014989

3 9 0.0224095

4 9 0.0297415

5 9 0.0369562

6 9 0.0440251

7 9 0.0509202

8 9 0.0576143

9 9 0.0640811

10 9 0.0702949

11 9 0.0762314

12 9 0.081867

13 9 0.0871795

14 9 0.0921479

15 9 0.0967527

16 9 0.100976

17 9 0.1048

18 9 0.108211

19 9 0.111195

20 9 0.11374

21 9 0.115836

22 9 0.117475

23 9 0.11865

24 9 0.119357

25 9 0.119593

26 9 0.119357

27 9 0.11865

28 9 0.117475

29 9 0.115836

30 9 0.11374

31 9 0.111195

32 9 0.108211

33 9 0.1048

34 9 0.100976

35 9 0.0967527

36 9 0.0921479

37 9 0.0871795

38 9 0.081867

39 9 0.0762314

40 9 0.0702949

41 9 0.0640811

42 9 0.0576143

43 9 0.0509202

44 9 0.0440251

45 9 0.0369562

46 9 0.0297415

47 9 0.0224095

48 9 0.014989

49 9 0.0075093

50 9 0

0 10 0

1 10 0.00823747

2 10 0.0164424

3 10 0.0245825

4 10 0.0326255

5 10 0.0405398

6 10 0.0482941

7 10 0.0558578

8 10 0.0632011

9 10 0.0702949

10 10 0.0771114

11 10 0.0836234

12 10 0.0898055

13 10 0.0956332

14 10 0.101083

15 10 0.106135

16 10 0.110767

17 10 0.114962

18 10 0.118704

19 10 0.121977

20 10 0.124769

21 10 0.127068

22 10 0.128866

23 10 0.130155

24 10 0.130931

25 10 0.13119

26 10 0.130931

27 10 0.130155

28 10 0.128866

29 10 0.127068

30 10 0.124769

31 10 0.121977

32 10 0.118704

33 10 0.114962

34 10 0.110767

35 10 0.106135

36 10 0.101083

37 10 0.0956332

38 10 0.0898055

39 10 0.0836234

40 10 0.0771114

41 10 0.0702949

42 10 0.0632011

43 10 0.0558578

44 10 0.0482941

45 10 0.0405398

46 10 0.0326255

47 10 0.0245825

48 10 0.0164424

49 10 0.00823747

50 10 0

0 11 0

1 11 0.00893313

2 11 0.017831

3 11 0.0266585

4 11 0.0353808

5 11 0.0439634

6 11 0.0523726

7 11 0.0605751

8 11 0.0685385

9 11 0.0762314

10 11 0.0836234

11 11 0.0906855

12 11 0.0973896

13 11 0.103709

14 11 0.10962

15 11 0.115098

16 11 0.120121

17 11 0.124671

18 11 0.128729

19 11 0.132278

20 11 0.135306

21 11 0.137799

22 11 0.139749

23 11 0.141147

24 11 0.141988

25 11 0.142269

26 11 0.141988

27 11 0.141147

28 11 0.139749

29 11 0.137799

30 11 0.135306

31 11 0.132278

32 11 0.128729

33 11 0.124671

34 11 0.120121

35 11 0.115098

36 11 0.10962

37 11 0.103709

38 11 0.0973896

39 11 0.0906855

40 11 0.0836234

41 11 0.0762314

42 11 0.0685385

43 11 0.0605751

44 11 0.0523726

45 11 0.0439634

46 11 0.0353808

47 11 0.0266585

48 11 0.017831

49 11 0.00893313

50 11 0

0 12 0

1 12 0.00959353

2 12 0.0191492

3 12 0.0286293

4 12 0.0379964

5 12 0.0472135

6 12 0.0562444

7 12 0.0650532

8 12 0.0736053

9 12 0.081867

10 12 0.0898055

11 12 0.0973896

12 12 0.104589

13 12 0.111376

14 12 0.117724

15 12 0.123607

16 12 0.129002

17 12 0.133888

18 12 0.138245

19 12 0.142057

20 12 0.145308

21 12 0.147986

22 12 0.15008

23 12 0.151581

24 12 0.152485

25 12 0.152786

26 12 0.152485

27 12 0.151581

28 12 0.15008

29 12 0.147986

30 12 0.145308

31 12 0.142057

32 12 0.138245

33 12 0.133888

34 12 0.129002

35 12 0.123607

36 12 0.117724

37 12 0.111376

38 12 0.104589

39 12 0.0973896

40 12 0.0898055

41 12 0.081867

42 12 0.0736053

43 12 0.0650532

44 12 0.0562444

45 12 0.0472135

46 12 0.0379964

47 12 0.0286293

48 12 0.0191492

49 12 0.00959353

50 12 0

0 13 0

1 13 0.0102161

2 13 0.0203918

3 13 0.0304871

4 13 0.0404621

5 13 0.0502773

6 13 0.0598942

7 13 0.0692746

8 13 0.0783817

9 13 0.0871795

10 13 0.0956332

11 13 0.103709

12 13 0.111376

13 13 0.118604

14 13 0.125363

15 13 0.131628

16 13 0.137373

17 13 0.142576

18 13 0.147216

19 13 0.151275

20 13 0.154738

21 13 0.157589

22 13 0.159819

23 13 0.161418

24 13 0.16238

25 13 0.162701

26 13 0.16238

27 13 0.161418

28 13 0.159819

29 13 0.157589

30 13 0.154738

31 13 0.151275

32 13 0.147216

33 13 0.142576

34 13 0.137373

35 13 0.131628

36 13 0.125363

37 13 0.118604

38 13 0.111376

39 13 0.103709

40 13 0.0956332

41 13 0.0871795

42 13 0.0783817

43 13 0.0692746

44 13 0.0598942

45 13 0.0502773

46 13 0.0404621

47 13 0.0304871

48 13 0.0203918

49 13 0.0102161

50 13 0

0 14 0

1 14 0.0107983

2 14 0.021554

3 14 0.0322246

4 14 0.042768

5 14 0.0531427

6 14 0.0633076

7 14 0.0732227

8 14 0.0828488

9 14 0.0921479

10 14 0.101083

11 14 0.10962

12 14 0.117724

13 14 0.125363

14 14 0.132508

15 14 0.139129

16 14 0.145202

17 14 0.150701

18 14 0.155606

19 14 0.159897

20 14 0.163556

21 14 0.16657

22 14 0.168927

23 14 0.170617

24 14 0.171634

25 14 0.171973

26 14 0.171634

27 14 0.170617

28 14 0.168927

29 14 0.16657

30 14 0.163556

31 14 0.159897

32 14 0.155606

33 14 0.150701

34 14 0.145202

35 14 0.139129

36 14 0.132508

37 14 0.125363

38 14 0.117724

39 14 0.10962

40 14 0.101083

41 14 0.0921479

42 14 0.0828488

43 14 0.0732227

44 14 0.0633076

45 14 0.0531427

46 14 0.042768

47 14 0.0322246

48 14 0.021554

49 14 0.0107983

50 14 0

0 15 0

1 15 0.0113379

2 15 0.0226311

3 15 0.0338349

4 15 0.0449052

5 15 0.0557983

6 15 0.0664712

7 15 0.0768817

8 15 0.0869889

9 15 0.0967527

10 15 0.106135

11 15 0.115098

12 15 0.123607

13 15 0.131628

14 15 0.139129

15 15 0.146082

16 15 0.152458

17 15 0.158232

18 15 0.163382

19 15 0.167887

20 15 0.17173

21 15 0.174894

22 15 0.177369

23 15 0.179143

24 15 0.180211

25 15 0.180567

26 15 0.180211

27 15 0.179143

28 15 0.177369

29 15 0.174894

30 15 0.17173

31 15 0.167887

32 15 0.163382

33 15 0.158232

34 15 0.152458

35 15 0.146082

36 15 0.139129

37 15 0.131628

38 15 0.123607

39 15 0.115098

40 15 0.106135

41 15 0.0967527

42 15 0.0869889

43 15 0.0768817

44 15 0.0664712

45 15 0.0557983

46 15 0.0449052

47 15 0.0338349

48 15 0.0226311

49 15 0.0113379

50 15 0

0 16 0

1 16 0.0118328

2 16 0.0236188

3 16 0.0353117

4 16 0.0468652

5 16 0.0582337

6 16 0.0693724

7 16 0.0802374

8 16 0.0907856

9 16 0.100976

10 16 0.110767

11 16 0.120121

12 16 0.129002

13 16 0.137373

14 16 0.145202

15 16 0.152458

16 16 0.159112

17 16 0.165138

18 16 0.170513

19 16 0.175215

20 16 0.179225

21 16 0.182528

22 16 0.18511

23 16 0.186962

24 16 0.188076

25 16 0.188448

26 16 0.188076

27 16 0.186962

28 16 0.18511

29 16 0.182528

30 16 0.179225

31 16 0.175215

32 16 0.170513

33 16 0.165138

34 16 0.159112

35 16 0.152458

36 16 0.145202

37 16 0.137373

38 16 0.129002

39 16 0.120121

40 16 0.110767

41 16 0.100976

42 16 0.0907856

43 16 0.0802374

44 16 0.0693724

45 16 0.0582337

46 16 0.0468652

47 16 0.0353117

48 16 0.0236188

49 16 0.0118328

50 16 0

0 17 0

1 17 0.0122809

2 17 0.0245134

3 17 0.0366491

4 17 0.0486402

5 17 0.0604393

6 17 0.0719999

7 17 0.0832763

8 17 0.0942241

9 17 0.1048

10 17 0.114962

11 17 0.124671

12 17 0.133888

13 17 0.142576

14 17 0.150701

15 17 0.158232

16 17 0.165138

17 17 0.171393

18 17 0.176971

19 17 0.181851

20 17 0.186013

21 17 0.189441

22 17 0.192121

23 17 0.194043

24 17 0.1952

25 17 0.195586

26 17 0.1952

27 17 0.194043

28 17 0.192121

29 17 0.189441

30 17 0.186013

31 17 0.181851

32 17 0.176971

33 17 0.171393

34 17 0.165138

35 17 0.158232

36 17 0.150701

37 17 0.142576

38 17 0.133888

39 17 0.124671

40 17 0.114962

41 17 0.1048

42 17 0.0942241

43 17 0.0832763

44 17 0.0719999

45 17 0.0604393

46 17 0.0486402

47 17 0.0366491

48 17 0.0245134

49 17 0.0122809

50 17 0

0 18 0

1 18 0.0126806

2 18 0.0253112

3 18 0.0378419

4 18 0.0502232

5 18 0.0624064

6 18 0.0743432

7 18 0.0859867

8 18 0.0972908

9 18 0.108211

10 18 0.118704

11 18 0.128729

12 18 0.138245

13 18 0.147216

14 18 0.155606

15 18 0.163382

16 18 0.170513

17 18 0.176971

18 18 0.182731

19 18 0.18777

20 18 0.192067

21 18 0.195607

22 18 0.198374

23 18 0.200359

24 18 0.201553

25 18 0.201951

26 18 0.201553

27 18 0.200359

28 18 0.198374

29 18 0.195607

30 18 0.192067

31 18 0.18777

32 18 0.182731

33 18 0.176971

34 18 0.170513

35 18 0.163382

36 18 0.155606

37 18 0.147216

38 18 0.138245

39 18 0.128729

40 18 0.118704

41 18 0.108211

42 18 0.0972908

43 18 0.0859867

44 18 0.0743432

45 18 0.0624064

46 18 0.0502232

47 18 0.0378419

48 18 0.0253112

49 18 0.0126806

50 18 0

0 19 0

1 19 0.0130303

2 19 0.0260091

3 19 0.0388853

4 19 0.0516081

5 19 0.0641271

6 19 0.0763931

7 19 0.0883576

8 19 0.0999734

9 19 0.111195

10 19 0.121977

11 19 0.132278

12 19 0.142057

13 19 0.151275

14 19 0.159897

15 19 0.167887

16 19 0.175215

17 19 0.181851

18 19 0.18777

19 19 0.192947

20 19 0.197363

21 19 0.201

22 19 0.203844

23 19 0.205883

24 19 0.20711

25 19 0.20752

26 19 0.20711

27 19 0.205883

28 19 0.203844

29 19 0.201

30 19 0.197363

31 19 0.192947

32 19 0.18777

33 19 0.181851

34 19 0.175215

35 19 0.167887

36 19 0.159897

37 19 0.151275

38 19 0.142057

39 19 0.132278

40 19 0.121977

41 19 0.111195

42 19 0.0999734

43 19 0.0883576

44 19 0.0763931

45 19 0.0641271

46 19 0.0516081

47 19 0.0388853

48 19 0.0260091

49 19 0.0130303

50 19 0

0 20 0

1 20 0.0133285

2 20 0.0266044

3 20 0.0397753

4 20 0.0527892

5 20 0.0655948

6 20 0.0781416

7 20 0.0903799

8 20 0.102262

9 20 0.11374

10 20 0.124769

11 20 0.135306

12 20 0.145308

13 20 0.154738

14 20 0.163556

15 20 0.17173

16 20 0.179225

17 20 0.186013

18 20 0.192067

19 20 0.197363

20 20 0.20188

21 20 0.205601

22 20 0.208509

23 20 0.210596

24 20 0.21185

25 20 0.212269

26 20 0.21185

27 20 0.210596

28 20 0.208509

29 20 0.205601

30 20 0.20188

31 20 0.197363

32 20 0.192067

33 20 0.186013

34 20 0.179225

35 20 0.17173

36 20 0.163556

37 20 0.154738

38 20 0.145308

39 20 0.135306

40 20 0.124769

41 20 0.11374

42 20 0.102262

43 20 0.0903799

44 20 0.0781416

45 20 0.0655948

46 20 0.0527892

47 20 0.0397753

48 20 0.0266044

49 20 0.0133285

50 20 0

0 21 0

1 21 0.0135741

2 21 0.0270947

3 21 0.0405083

4 21 0.0537621

5 21 0.0668037

6 21 0.0795816

7 21 0.0920455

8 21 0.104146

9 21 0.115836

10 21 0.127068

11 21 0.137799

12 21 0.147986

13 21 0.157589

14 21 0.16657

15 21 0.174894

16 21 0.182528

17 21 0.189441

18 21 0.195607

19 21 0.201

20 21 0.205601

21 21 0.209389

22 21 0.212352

23 21 0.214477

24 21 0.215755

25 21 0.216181

26 21 0.215755

27 21 0.214477

28 21 0.212352

29 21 0.209389

30 21 0.205601

31 21 0.201

32 21 0.195607

33 21 0.189441

34 21 0.182528

35 21 0.174894

36 21 0.16657

37 21 0.157589

38 21 0.147986

39 21 0.137799

40 21 0.127068

41 21 0.115836

42 21 0.104146

43 21 0.0920455

44 21 0.0795816

45 21 0.0668037

46 21 0.0537621

47 21 0.0405083

48 21 0.0270947

49 21 0.0135741

50 21 0

0 22 0

1 22 0.0137662

2 22 0.027478

3 22 0.0410814

4 22 0.0545227

5 22 0.0677488

6 22 0.0807076

7 22 0.0933478

8 22 0.10562

9 22 0.117475

10 22 0.128866

11 22 0.139749

12 22 0.15008

13 22 0.159819

14 22 0.168927

15 22 0.177369

16 22 0.18511

17 22 0.192121

18 22 0.198374

19 22 0.203844

20 22 0.208509

21 22 0.212352

22 22 0.215356

23 22 0.217511

24 22 0.218807

25 22 0.21924

26 22 0.218807

27 22 0.217511

28 22 0.215356

29 22 0.212352

30 22 0.208509

31 22 0.203844

32 22 0.198374

33 22 0.192121

34 22 0.18511

35 22 0.177369

36 22 0.168927

37 22 0.159819

38 22 0.15008

39 22 0.139749

40 22 0.128866

41 22 0.117475

42 22 0.10562

43 22 0.0933478

44 22 0.0807076

45 22 0.0677488

46 22 0.0545227

47 22 0.0410814

48 22 0.027478

49 22 0.0137662

50 22 0

0 23 0

1 23 0.0139039

2 23 0.0277529

3 23 0.0414925

4 23 0.0550682

5 23 0.0684266

6 23 0.081515

7 23 0.0942817

8 23 0.106676

9 23 0.11865

10 23 0.130155

11 23 0.141147

12 23 0.151581

13 23 0.161418

14 23 0.170617

15 23 0.179143

16 23 0.186962

17 23 0.194043

18 23 0.200359

19 23 0.205883

20 23 0.210596

21 23 0.214477

22 23 0.217511

23 23 0.219687

24 23 0.220996

25 23 0.221433

26 23 0.220996

27 23 0.219687

28 23 0.217511

29 23 0.214477

30 23 0.210596

31 23 0.205883

32 23 0.200359

33 23 0.194043

34 23 0.186962

35 23 0.179143

36 23 0.170617

37 23 0.161418

38 23 0.151581

39 23 0.141147

40 23 0.130155

41 23 0.11865

42 23 0.106676

43 23 0.0942817

44 23 0.081515

45 23 0.0684266

46 23 0.0550682

47 23 0.0414925

48 23 0.0277529

49 23 0.0139039

50 23 0

0 24 0

1 24 0.0139868

2 24 0.0279183

3 24 0.0417397

4 24 0.0553964

5 24 0.0688344

6 24 0.0820008

7 24 0.0948435

8 24 0.107312

9 24 0.119357

10 24 0.130931

11 24 0.141988

12 24 0.152485

13 24 0.16238

14 24 0.171634

15 24 0.180211

16 24 0.188076

17 24 0.1952

18 24 0.201553

19 24 0.20711

20 24 0.21185

21 24 0.215755

22 24 0.218807

23 24 0.220996

24 24 0.222313

25 24 0.222753

26 24 0.222313

27 24 0.220996

28 24 0.218807

29 24 0.215755

30 24 0.21185

31 24 0.20711

32 24 0.201553

33 24 0.1952

34 24 0.188076

35 24 0.180211

36 24 0.171634

37 24 0.16238

38 24 0.152485

39 24 0.141988

40 24 0.130931

41 24 0.119357

42 24 0.107312

43 24 0.0948435

44 24 0.0820008

45 24 0.0688344

46 24 0.0553964

47 24 0.0417397

48 24 0.0279183

49 24 0.0139868

50 24 0

0 25 0

1 25 0.0140144

2 25 0.0279735

3 25 0.0418222

4 25 0.0555059

5 25 0.0689705

6 25 0.0821629

7 25 0.095031

8 25 0.107524

9 25 0.119593

10 25 0.13119

11 25 0.142269

12 25 0.152786

13 25 0.162701

14 25 0.171973

15 25 0.180567

16 25 0.188448

17 25 0.195586

18 25 0.201951

19 25 0.20752

20 25 0.212269

21 25 0.216181

22 25 0.21924

23 25 0.221433

24 25 0.222753

25 25 0.223193

26 25 0.222753

27 25 0.221433

28 25 0.21924

29 25 0.216181

30 25 0.212269

31 25 0.20752

32 25 0.201951

33 25 0.195586

34 25 0.188448

35 25 0.180567

36 25 0.171973

37 25 0.162701

38 25 0.152786

39 25 0.142269

40 25 0.13119

41 25 0.119593

42 25 0.107524

43 25 0.095031

44 25 0.0821629

45 25 0.0689705

46 25 0.0555059

47 25 0.0418222

48 25 0.0279735

49 25 0.0140144

50 25 0

0 26 0

1 26 0.0139868

2 26 0.0279183

3 26 0.0417397

4 26 0.0553964

5 26 0.0688344

6 26 0.0820008

7 26 0.0948435

8 26 0.107312

9 26 0.119357

10 26 0.130931

11 26 0.141988

12 26 0.152485

13 26 0.16238

14 26 0.171634

15 26 0.180211

16 26 0.188076

17 26 0.1952

18 26 0.201553

19 26 0.20711

20 26 0.21185

21 26 0.215755

22 26 0.218807

23 26 0.220996

24 26 0.222313

25 26 0.222753

26 26 0.222313

27 26 0.220996

28 26 0.218807

29 26 0.215755

30 26 0.21185

31 26 0.20711

32 26 0.201553

33 26 0.1952

34 26 0.188076

35 26 0.180211

36 26 0.171634

37 26 0.16238

38 26 0.152485

39 26 0.141988

40 26 0.130931

41 26 0.119357

42 26 0.107312

43 26 0.0948435

44 26 0.0820008

45 26 0.0688344

46 26 0.0553964

47 26 0.0417397

48 26 0.0279183

49 26 0.0139868

50 26 0

0 27 0

1 27 0.0139039

2 27 0.0277529

3 27 0.0414925

4 27 0.0550682

5 27 0.0684266

6 27 0.081515

7 27 0.0942817

8 27 0.106676

9 27 0.11865

10 27 0.130155

11 27 0.141147

12 27 0.151581

13 27 0.161418

14 27 0.170617

15 27 0.179143

16 27 0.186962

17 27 0.194043

18 27 0.200359

19 27 0.205883

20 27 0.210596

21 27 0.214477

22 27 0.217511

23 27 0.219687

24 27 0.220996

25 27 0.221433

26 27 0.220996

27 27 0.219687

28 27 0.217511

29 27 0.214477

30 27 0.210596

31 27 0.205883

32 27 0.200359

33 27 0.194043

34 27 0.186962

35 27 0.179143

36 27 0.170617

37 27 0.161418

38 27 0.151581

39 27 0.141147

40 27 0.130155

41 27 0.11865

42 27 0.106676

43 27 0.0942817

44 27 0.081515

45 27 0.0684266

46 27 0.0550682

47 27 0.0414925

48 27 0.0277529

49 27 0.0139039

50 27 0

0 28 0

1 28 0.0137662

2 28 0.027478

3 28 0.0410814

4 28 0.0545227

5 28 0.0677488

6 28 0.0807076

7 28 0.0933478

8 28 0.10562

9 28 0.117475

10 28 0.128866

11 28 0.139749

12 28 0.15008

13 28 0.159819

14 28 0.168927

15 28 0.177369

16 28 0.18511

17 28 0.192121

18 28 0.198374

19 28 0.203844

20 28 0.208509

21 28 0.212352

22 28 0.215356

23 28 0.217511

24 28 0.218807

25 28 0.21924

26 28 0.218807

27 28 0.217511

28 28 0.215356

29 28 0.212352

30 28 0.208509

31 28 0.203844

32 28 0.198374

33 28 0.192121

34 28 0.18511

35 28 0.177369

36 28 0.168927

37 28 0.159819

38 28 0.15008

39 28 0.139749

40 28 0.128866

41 28 0.117475

42 28 0.10562

43 28 0.0933478

44 28 0.0807076

45 28 0.0677488

46 28 0.0545227

47 28 0.0410814

48 28 0.027478

49 28 0.0137662

50 28 0

0 29 0

1 29 0.0135741

2 29 0.0270947

3 29 0.0405083

4 29 0.0537621

5 29 0.0668037

6 29 0.0795816

7 29 0.0920455

8 29 0.104146

9 29 0.115836

10 29 0.127068

11 29 0.137799

12 29 0.147986

13 29 0.157589

14 29 0.16657

15 29 0.174894

16 29 0.182528

17 29 0.189441

18 29 0.195607

19 29 0.201

20 29 0.205601

21 29 0.209389

22 29 0.212352

23 29 0.214477

24 29 0.215755

25 29 0.216181

26 29 0.215755

27 29 0.214477

28 29 0.212352

29 29 0.209389

30 29 0.205601

31 29 0.201

32 29 0.195607

33 29 0.189441

34 29 0.182528

35 29 0.174894

36 29 0.16657

37 29 0.157589

38 29 0.147986

39 29 0.137799

40 29 0.127068

41 29 0.115836

42 29 0.104146

43 29 0.0920455

44 29 0.0795816

45 29 0.0668037

46 29 0.0537621

47 29 0.0405083

48 29 0.0270947

49 29 0.0135741

50 29 0

0 30 0

1 30 0.0133285

2 30 0.0266044

3 30 0.0397753

4 30 0.0527892

5 30 0.0655948

6 30 0.0781416

7 30 0.0903799

8 30 0.102262

9 30 0.11374

10 30 0.124769

11 30 0.135306

12 30 0.145308

13 30 0.154738

14 30 0.163556

15 30 0.17173

16 30 0.179225

17 30 0.186013

18 30 0.192067

19 30 0.197363

20 30 0.20188

21 30 0.205601

22 30 0.208509

23 30 0.210596

24 30 0.21185

25 30 0.212269

26 30 0.21185

27 30 0.210596

28 30 0.208509

29 30 0.205601

30 30 0.20188

31 30 0.197363

32 30 0.192067

33 30 0.186013

34 30 0.179225

35 30 0.17173

36 30 0.163556

37 30 0.154738

38 30 0.145308

39 30 0.135306

40 30 0.124769

41 30 0.11374

42 30 0.102262

43 30 0.0903799

44 30 0.0781416

45 30 0.0655948

46 30 0.0527892

47 30 0.0397753

48 30 0.0266044

49 30 0.0133285

50 30 0

0 31 0

1 31 0.0130303

2 31 0.0260091

3 31 0.0388853

4 31 0.0516081

5 31 0.0641271

6 31 0.0763931

7 31 0.0883576

8 31 0.0999734

9 31 0.111195

10 31 0.121977

11 31 0.132278

12 31 0.142057

13 31 0.151275

14 31 0.159897

15 31 0.167887

16 31 0.175215

17 31 0.181851

18 31 0.18777

19 31 0.192947

20 31 0.197363

21 31 0.201

22 31 0.203844

23 31 0.205883

24 31 0.20711

25 31 0.20752

26 31 0.20711

27 31 0.205883

28 31 0.203844

29 31 0.201

30 31 0.197363

31 31 0.192947

32 31 0.18777

33 31 0.181851

34 31 0.175215

35 31 0.167887

36 31 0.159897

37 31 0.151275

38 31 0.142057

39 31 0.132278

40 31 0.121977

41 31 0.111195

42 31 0.0999734

43 31 0.0883576

44 31 0.0763931

45 31 0.0641271

46 31 0.0516081

47 31 0.0388853

48 31 0.0260091

49 31 0.0130303

50 31 0

0 32 0

1 32 0.0126806

2 32 0.0253112

3 32 0.0378419

4 32 0.0502232

5 32 0.0624064

6 32 0.0743432

7 32 0.0859867

8 32 0.0972908

9 32 0.108211

10 32 0.118704

11 32 0.128729

12 32 0.138245

13 32 0.147216

14 32 0.155606

15 32 0.163382

16 32 0.170513

17 32 0.176971

18 32 0.182731

19 32 0.18777

20 32 0.192067

21 32 0.195607

22 32 0.198374

23 32 0.200359

24 32 0.201553

25 32 0.201951

26 32 0.201553

27 32 0.200359

28 32 0.198374

29 32 0.195607

30 32 0.192067

31 32 0.18777

32 32 0.182731

33 32 0.176971

34 32 0.170513

35 32 0.163382

36 32 0.155606

37 32 0.147216

38 32 0.138245

39 32 0.128729

40 32 0.118704

41 32 0.108211

42 32 0.0972908

43 32 0.0859867

44 32 0.0743432

45 32 0.0624064

46 32 0.0502232

47 32 0.0378419

48 32 0.0253112

49 32 0.0126806

50 32 0

0 33 0

1 33 0.0122809

2 33 0.0245134

3 33 0.0366491

4 33 0.0486402

5 33 0.0604393

6 33 0.0719999

7 33 0.0832763

8 33 0.0942241

9 33 0.1048

10 33 0.114962

11 33 0.124671

12 33 0.133888

13 33 0.142576

14 33 0.150701

15 33 0.158232

16 33 0.165138

17 33 0.171393

18 33 0.176971

19 33 0.181851

20 33 0.186013

21 33 0.189441

22 33 0.192121

23 33 0.194043

24 33 0.1952

25 33 0.195586

26 33 0.1952

27 33 0.194043

28 33 0.192121

29 33 0.189441

30 33 0.186013

31 33 0.181851

32 33 0.176971

33 33 0.171393

34 33 0.165138

35 33 0.158232

36 33 0.150701

37 33 0.142576

38 33 0.133888

39 33 0.124671

40 33 0.114962

41 33 0.1048

42 33 0.0942241

43 33 0.0832763

44 33 0.0719999

45 33 0.0604393

46 33 0.0486402

47 33 0.0366491

48 33 0.0245134

49 33 0.0122809

50 33 0

0 34 0

1 34 0.0118328

2 34 0.0236188

3 34 0.0353117

4 34 0.0468652

5 34 0.0582337

6 34 0.0693724

7 34 0.0802374

8 34 0.0907856

9 34 0.100976

10 34 0.110767

11 34 0.120121

12 34 0.129002

13 34 0.137373

14 34 0.145202

15 34 0.152458

16 34 0.159112

17 34 0.165138

18 34 0.170513

19 34 0.175215

20 34 0.179225

21 34 0.182528

22 34 0.18511

23 34 0.186962

24 34 0.188076

25 34 0.188448

26 34 0.188076

27 34 0.186962

28 34 0.18511

29 34 0.182528

30 34 0.179225

31 34 0.175215

32 34 0.170513

33 34 0.165138

34 34 0.159112

35 34 0.152458

36 34 0.145202

37 34 0.137373

38 34 0.129002

39 34 0.120121

40 34 0.110767

41 34 0.100976

42 34 0.0907856

43 34 0.0802374

44 34 0.0693724

45 34 0.0582337

46 34 0.0468652

47 34 0.0353117

48 34 0.0236188

49 34 0.0118328

50 34 0

0 35 0

1 35 0.0113379

2 35 0.0226311

3 35 0.0338349

4 35 0.0449052

5 35 0.0557983

6 35 0.0664712

7 35 0.0768817

8 35 0.0869889

9 35 0.0967527

10 35 0.106135

11 35 0.115098

12 35 0.123607

13 35 0.131628

14 35 0.139129

15 35 0.146082

16 35 0.152458

17 35 0.158232

18 35 0.163382

19 35 0.167887

20 35 0.17173

21 35 0.174894

22 35 0.177369

23 35 0.179143

24 35 0.180211

25 35 0.180567

26 35 0.180211

27 35 0.179143

28 35 0.177369

29 35 0.174894

30 35 0.17173

31 35 0.167887

32 35 0.163382

33 35 0.158232

34 35 0.152458

35 35 0.146082

36 35 0.139129

37 35 0.131628

38 35 0.123607

39 35 0.115098

40 35 0.106135

41 35 0.0967527

42 35 0.0869889

43 35 0.0768817

44 35 0.0664712

45 35 0.0557983

46 35 0.0449052

47 35 0.0338349

48 35 0.0226311

49 35 0.0113379

50 35 0

0 36 0

1 36 0.0107983

2 36 0.021554

3 36 0.0322246

4 36 0.042768

5 36 0.0531427

6 36 0.0633076

7 36 0.0732227

8 36 0.0828488

9 36 0.0921479

10 36 0.101083

11 36 0.10962

12 36 0.117724

13 36 0.125363

14 36 0.132508

15 36 0.139129

16 36 0.145202

17 36 0.150701

18 36 0.155606

19 36 0.159897

20 36 0.163556

21 36 0.16657

22 36 0.168927

23 36 0.170617

24 36 0.171634

25 36 0.171973

26 36 0.171634

27 36 0.170617

28 36 0.168927

29 36 0.16657

30 36 0.163556

31 36 0.159897

32 36 0.155606

33 36 0.150701

34 36 0.145202

35 36 0.139129

36 36 0.132508

37 36 0.125363

38 36 0.117724

39 36 0.10962

40 36 0.101083

41 36 0.0921479

42 36 0.0828488

43 36 0.0732227

44 36 0.0633076

45 36 0.0531427

46 36 0.042768

47 36 0.0322246

48 36 0.021554

49 36 0.0107983

50 36 0

0 37 0

1 37 0.0102161

2 37 0.0203918

3 37 0.0304871

4 37 0.0404621

5 37 0.0502773

6 37 0.0598942

7 37 0.0692746

8 37 0.0783817

9 37 0.0871795

10 37 0.0956332

11 37 0.103709

12 37 0.111376

13 37 0.118604

14 37 0.125363

15 37 0.131628

16 37 0.137373

17 37 0.142576

18 37 0.147216

19 37 0.151275

20 37 0.154738

21 37 0.157589

22 37 0.159819

23 37 0.161418

24 37 0.16238

25 37 0.162701

26 37 0.16238

27 37 0.161418

28 37 0.159819

29 37 0.157589

30 37 0.154738

31 37 0.151275

32 37 0.147216

33 37 0.142576

34 37 0.137373

35 37 0.131628

36 37 0.125363

37 37 0.118604

38 37 0.111376

39 37 0.103709

40 37 0.0956332

41 37 0.0871795

42 37 0.0783817

43 37 0.0692746

44 37 0.0598942

45 37 0.0502773

46 37 0.0404621

47 37 0.0304871

48 37 0.0203918

49 37 0.0102161

50 37 0

0 38 0

1 38 0.00959353

2 38 0.0191492

3 38 0.0286293

4 38 0.0379964

5 38 0.0472135

6 38 0.0562444

7 38 0.0650532

8 38 0.0736053

9 38 0.081867

10 38 0.0898055

11 38 0.0973896

12 38 0.104589

13 38 0.111376

14 38 0.117724

15 38 0.123607

16 38 0.129002

17 38 0.133888

18 38 0.138245

19 38 0.142057

20 38 0.145308

21 38 0.147986

22 38 0.15008

23 38 0.151581

24 38 0.152485

25 38 0.152786

26 38 0.152485

27 38 0.151581

28 38 0.15008

29 38 0.147986

30 38 0.145308

31 38 0.142057

32 38 0.138245

33 38 0.133888

34 38 0.129002

35 38 0.123607

36 38 0.117724

37 38 0.111376

38 38 0.104589

39 38 0.0973896

40 38 0.0898055

41 38 0.081867

42 38 0.0736053

43 38 0.0650532

44 38 0.0562444

45 38 0.0472135

46 38 0.0379964

47 38 0.0286293

48 38 0.0191492

49 38 0.00959353

50 38 0

0 39 0

1 39 0.00893313

2 39 0.017831

3 39 0.0266585

4 39 0.0353808

5 39 0.0439634

6 39 0.0523726

7 39 0.0605751

8 39 0.0685385

9 39 0.0762314

10 39 0.0836234

11 39 0.0906855

12 39 0.0973896

13 39 0.103709

14 39 0.10962

15 39 0.115098

16 39 0.120121

17 39 0.124671

18 39 0.128729

19 39 0.132278

20 39 0.135306

21 39 0.137799

22 39 0.139749

23 39 0.141147

24 39 0.141988

25 39 0.142269

26 39 0.141988

27 39 0.141147

28 39 0.139749

29 39 0.137799

30 39 0.135306

31 39 0.132278

32 39 0.128729

33 39 0.124671

34 39 0.120121

35 39 0.115098

36 39 0.10962

37 39 0.103709

38 39 0.0973896

39 39 0.0906855

40 39 0.0836234

41 39 0.0762314

42 39 0.0685385

43 39 0.0605751

44 39 0.0523726

45 39 0.0439634

46 39 0.0353808

47 39 0.0266585

48 39 0.017831

49 39 0.00893313

50 39 0

0 40 0

1 40 0.00823747

2 40 0.0164424

3 40 0.0245825

4 40 0.0326255

5 40 0.0405398

6 40 0.0482941

7 40 0.0558578

8 40 0.0632011

9 40 0.0702949

10 40 0.0771114

11 40 0.0836234

12 40 0.0898055

13 40 0.0956332

14 40 0.101083

15 40 0.106135

16 40 0.110767

17 40 0.114962

18 40 0.118704

19 40 0.121977

20 40 0.124769

21 40 0.127068

22 40 0.128866

23 40 0.130155

24 40 0.130931

25 40 0.13119

26 40 0.130931

27 40 0.130155

28 40 0.128866

29 40 0.127068

30 40 0.124769

31 40 0.121977

32 40 0.118704

33 40 0.114962

34 40 0.110767

35 40 0.106135

36 40 0.101083

37 40 0.0956332

38 40 0.0898055

39 40 0.0836234

40 40 0.0771114

41 40 0.0702949

42 40 0.0632011

43 40 0.0558578

44 40 0.0482941

45 40 0.0405398

46 40 0.0326255

47 40 0.0245825

48 40 0.0164424

49 40 0.00823747

50 40 0

0 41 0

1 41 0.0075093

2 41 0.014989

3 41 0.0224095

4 41 0.0297415

5 41 0.0369562

6 41 0.0440251

7 41 0.0509202

8 41 0.0576143

9 41 0.0640811

10 41 0.0702949

11 41 0.0762314

12 41 0.081867

13 41 0.0871795

14 41 0.0921479

15 41 0.0967527

16 41 0.100976

17 41 0.1048

18 41 0.108211

19 41 0.111195

20 41 0.11374

21 41 0.115836

22 41 0.117475

23 41 0.11865

24 41 0.119357

25 41 0.119593

26 41 0.119357

27 41 0.11865

28 41 0.117475

29 41 0.115836

30 41 0.11374

31 41 0.111195

32 41 0.108211

33 41 0.1048

34 41 0.100976

35 41 0.0967527

36 41 0.0921479

37 41 0.0871795

38 41 0.081867

39 41 0.0762314

40 41 0.0702949

41 41 0.0640811

42 41 0.0576143

43 41 0.0509202

44 41 0.0440251

45 41 0.0369562

46 41 0.0297415

47 41 0.0224095

48 41 0.014989

49 41 0.0075093

50 41 0

0 42 0

1 42 0.0067515

2 42 0.0134763

3 42 0.020148

4 42 0.0267402

5 42 0.0332268

6 42 0.0395823

7 42 0.0457816

8 42 0.0518002

9 42 0.0576143

10 42 0.0632011

11 42 0.0685385

12 42 0.0736053

13 42 0.0783817

14 42 0.0828488

15 42 0.0869889

16 42 0.0907856

17 42 0.0942241

18 42 0.0972908

19 42 0.0999734

20 42 0.102262

21 42 0.104146

22 42 0.10562

23 42 0.106676

24 42 0.107312

25 42 0.107524

26 42 0.107312

27 42 0.106676

28 42 0.10562

29 42 0.104146

30 42 0.102262

31 42 0.0999734

32 42 0.0972908

33 42 0.0942241

34 42 0.0907856

35 42 0.0869889

36 42 0.0828488

37 42 0.0783817

38 42 0.0736053

39 42 0.0685385

40 42 0.0632011

41 42 0.0576143

42 42 0.0518002

43 42 0.0457816

44 42 0.0395823

45 42 0.0332268

46 42 0.0267402

47 42 0.020148

48 42 0.0134763

49 42 0.0067515

50 42 0

0 43 0

1 43 0.00596705

2 43 0.0119105

3 43 0.017807

4 43 0.0236333

5 43 0.0293662

6 43 0.0349833

7 43 0.0404622

8 43 0.0457816

9 43 0.0509202

10 43 0.0558578

11 43 0.0605751

12 43 0.0650532

13 43 0.0692746

14 43 0.0732227

15 43 0.0768817

16 43 0.0802374

17 43 0.0832763

18 43 0.0859867

19 43 0.0883576

20 43 0.0903799

21 43 0.0920455

22 43 0.0933478

23 43 0.0942817

24 43 0.0948435

25 43 0.095031

26 43 0.0948435

27 43 0.0942817

28 43 0.0933478

29 43 0.0920455

30 43 0.0903799

31 43 0.0883576

32 43 0.0859867

33 43 0.0832763

34 43 0.0802374

35 43 0.0768817

36 43 0.0732227

37 43 0.0692746

38 43 0.0650532

39 43 0.0605751

40 43 0.0558578

41 43 0.0509202

42 43 0.0457816

43 43 0.0404622

44 43 0.0349833

45 43 0.0293662

46 43 0.0236333

47 43 0.017807

48 43 0.0119105

49 43 0.00596705

50 43 0

0 44 0

1 44 0.00515905

2 44 0.0102977

3 44 0.0153958

4 44 0.0204331

5 44 0.0253897

6 44 0.0302462

7 44 0.0349833

8 44 0.0395823

9 44 0.0440251

10 44 0.0482941

11 44 0.0523726

12 44 0.0562444

13 44 0.0598942

14 44 0.0633076

15 44 0.0664712

16 44 0.0693724

17 44 0.0719999

18 44 0.0743432

19 44 0.0763931

20 44 0.0781416

21 44 0.0795816

22 44 0.0807076

23 44 0.081515

24 44 0.0820008

25 44 0.0821629

26 44 0.0820008

27 44 0.081515

28 44 0.0807076

29 44 0.0795816

30 44 0.0781416

31 44 0.0763931

32 44 0.0743432

33 44 0.0719999

34 44 0.0693724

35 44 0.0664712

36 44 0.0633076

37 44 0.0598942

38 44 0.0562444

39 44 0.0523726

40 44 0.0482941

41 44 0.0440251

42 44 0.0395823

43 44 0.0349833

44 44 0.0302462

45 44 0.0253897

46 44 0.0204331

47 44 0.0153958

48 44 0.0102977

49 44 0.00515905

50 44 0

0 45 0

1 45 0.00433069

2 45 0.00864429

3 45 0.0129238

4 45 0.0171523

5 45 0.0213131

6 45 0.0253897

7 45 0.0293662

8 45 0.0332268

9 45 0.0369562

10 45 0.0405398

11 45 0.0439634

12 45 0.0472135

13 45 0.0502773

14 45 0.0531427

15 45 0.0557983

16 45 0.0582337

17 45 0.0604393

18 45 0.0624064

19 45 0.0641271

20 45 0.0655948

21 45 0.0668037

22 45 0.0677488

23 45 0.0684266

24 45 0.0688344

25 45 0.0689705

26 45 0.0688344

27 45 0.0684266

28 45 0.0677488

29 45 0.0668037

30 45 0.0655948

31 45 0.0641271

32 45 0.0624064

33 45 0.0604393

34 45 0.0582337

35 45 0.0557983

36 45 0.0531427

37 45 0.0502773

38 45 0.0472135

39 45 0.0439634

40 45 0.0405398

41 45 0.0369562

42 45 0.0332268

43 45 0.0293662

44 45 0.0253897

45 45 0.0213131

46 45 0.0171523

47 45 0.0129238

48 45 0.00864429

49 45 0.00433069

50 45 0

0 46 0

1 46 0.00348524

2 46 0.00695673

3 46 0.0104008

4 46 0.0138038

5 46 0.0171523

6 46 0.0204331

7 46 0.0236333

8 46 0.0267402

9 46 0.0297415

10 46 0.0326255

11 46 0.0353808

12 46 0.0379964

13 46 0.0404621

14 46 0.042768

15 46 0.0449052

16 46 0.0468652

17 46 0.0486402

18 46 0.0502232

19 46 0.0516081

20 46 0.0527892

21 46 0.0537621

22 46 0.0545227

23 46 0.0550682

24 46 0.0553964

25 46 0.0555059

26 46 0.0553964

27 46 0.0550682

28 46 0.0545227

29 46 0.0537621

30 46 0.0527892

31 46 0.0516081

32 46 0.0502232

33 46 0.0486402

34 46 0.0468652

35 46 0.0449052

36 46 0.042768

37 46 0.0404621

38 46 0.0379964

39 46 0.0353808

40 46 0.0326255

41 46 0.0297415

42 46 0.0267402

43 46 0.0236333

44 46 0.0204331

45 46 0.0171523

46 46 0.0138038

47 46 0.0104008

48 46 0.00695673

49 46 0.00348524

50 46 0

0 47 0

1 47 0.00262604

2 47 0.00524172

3 47 0.00783671

4 47 0.0104008

5 47 0.0129238

6 47 0.0153958

7 47 0.017807

8 47 0.020148

9 47 0.0224095

10 47 0.0245825

11 47 0.0266585

12 47 0.0286293

13 47 0.0304871

14 47 0.0322246

15 47 0.0338349

16 47 0.0353117

17 47 0.0366491

18 47 0.0378419

19 47 0.0388853

20 47 0.0397753

21 47 0.0405083

22 47 0.0410814

23 47 0.0414925

24 47 0.0417397

25 47 0.0418222

26 47 0.0417397

27 47 0.0414925

28 47 0.0410814

29 47 0.0405083

30 47 0.0397753

31 47 0.0388853

32 47 0.0378419

33 47 0.0366491

34 47 0.0353117

35 47 0.0338349

36 47 0.0322246

37 47 0.0304871

38 47 0.0286293

39 47 0.0266585

40 47 0.0245825

41 47 0.0224095

42 47 0.020148

43 47 0.017807

44 47 0.0153958

45 47 0.0129238

46 47 0.0104008

47 47 0.00783671

48 47 0.00524172

49 47 0.00262604

50 47 0

0 48 0

1 48 0.00175647

2 48 0.00350601

3 48 0.00524172

4 48 0.00695673

5 48 0.00864429

6 48 0.0102977

7 48 0.0119105

8 48 0.0134763

9 48 0.014989

10 48 0.0164424

11 48 0.017831

12 48 0.0191492

13 48 0.0203918

14 48 0.021554

15 48 0.0226311

16 48 0.0236188

17 48 0.0245134

18 48 0.0253112

19 48 0.0260091

20 48 0.0266044

21 48 0.0270947

22 48 0.027478

23 48 0.0277529

24 48 0.0279183

25 48 0.0279735

26 48 0.0279183

27 48 0.0277529

28 48 0.027478

29 48 0.0270947

30 48 0.0266044

31 48 0.0260091

32 48 0.0253112

33 48 0.0245134

34 48 0.0236188

35 48 0.0226311

36 48 0.021554

37 48 0.0203918

38 48 0.0191492

39 48 0.017831

40 48 0.0164424

41 48 0.014989

42 48 0.0134763

43 48 0.0119105

44 48 0.0102977

45 48 0.00864429

46 48 0.00695673

47 48 0.00524172

48 48 0.00350601

49 48 0.00175647

50 48 0

0 49 0

1 49 0.000879973

2 49 0.00175647

3 49 0.00262604

4 49 0.00348524

5 49 0.00433069

6 49 0.00515905

7 49 0.00596705

8 49 0.0067515

9 49 0.0075093

10 49 0.00823747

11 49 0.00893313

12 49 0.00959353

13 49 0.0102161

14 49 0.0107983

15 49 0.0113379

16 49 0.0118328

17 49 0.0122809

18 49 0.0126806

19 49 0.0130303

20 49 0.0133285

21 49 0.0135741

22 49 0.0137662

23 49 0.0139039

24 49 0.0139868

25 49 0.0140144

26 49 0.0139868

27 49 0.0139039

28 49 0.0137662

29 49 0.0135741

30 49 0.0133285

31 49 0.0130303

32 49 0.0126806

33 49 0.0122809

34 49 0.0118328

35 49 0.0113379

36 49 0.0107983

37 49 0.0102161

38 49 0.00959353

39 49 0.00893313

40 49 0.00823747

41 49 0.0075093

42 49 0.0067515

43 49 0.00596705

44 49 0.00515905

45 49 0.00433069

46 49 0.00348524

47 49 0.00262604

48 49 0.00175647

49 49 0.000879973

50 49 0

