0 1 0

1 1 0.000893974

2 1 0.00178442

3 1 0.00266782

4 1 0.0035407

5 1 0.0043996

6 1 0.00524114

7 1 0.00606199

8 1 0.00685892

9 1 0.00762879

10 1 0.00836854

11 1 0.00907527

12 1 0.00974618

13 1 0.0103786

14 1 0.0109701

15 1 0.0115183

16 1 0.012021

17 1 0.0124763

18 1 0.0128824

19 1 0.0132376

20 1 0.0135406

21 1 0.0137901

22 1 0.0139852

23 1 0.0141251

24 1 0.0142093

25 1 0.0142374

26 1 0.0142093

27 1 0.0141251

28 1 0.0139852

29 1 0.0137901

30 1 0.0135406

31 1 0.0132376

32 1 0.0128824

33 1 0.0124763

34 1 0.012021

35 1 0.0115183

36 1 0.0109701

37 1 0.0103786

38 1 0.00974618

39 1 0.00907527

40 1 0.00836854

41 1 0.00762879

42 1 0.00685892

43 1 0.00606199

44 1 0.00524114

45 1 0.0043996

46 1 0.0035407

47 1 0.00266782

48 1 0.00178442

49 1 0.000893974

50 1 0

0 2 0

1 2 0.00178442

2 2 0.0035618

3 2 0.00532512

4 2 0.00706743

5 2 0.00878184

6 2 0.0104616

7 2 0.0121001

8 2 0.0136908

9 2 0.0152275

10 2 0.0167041

11 2 0.0181147

12 2 0.0194539

13 2 0.0207163

14 2 0.0218969

15 2 0.0229912

16 2 0.0239946

17 2 0.0249034

18 2 0.0257139

19 2 0.026423

20 2 0.0270277

21 2 0.0275258

22 2 0.0279153

23 2 0.0281945

24 2 0.0283626

25 2 0.0284186

26 2 0.0283626

27 2 0.0281945

28 2 0.0279153

29 2 0.0275258

30 2 0.0270277

31 2 0.026423

32 2 0.0257139

33 2 0.0249034

34 2 0.0239946

35 2 0.0229912

36 2 0.0218969

37 2 0.0207163

38 2 0.0194539

39 2 0.0181147

40 2 0.0167041

41 2 0.0152275

42 2 0.0136908

43 2 0.0121001

44 2 0.0104616

45 2 0.00878184

46 2 0.00706743

47 2 0.00532512

48 2 0.0035618

49 2 0.00178442

50 2 0

0 3 0

1 3 0.00266782

2 3 0.00532512

3 3 0.0079614

4 3 0.0105663

5 3 0.0131294

6 3 0.0156408

7 3 0.0180904

8 3 0.0204686

9 3 0.022766

10 3 0.0249736

11 3 0.0270827

12 3 0.0290848

13 3 0.0309722

14 3 0.0327373

15 3 0.0343733

16 3 0.0358736

17 3 0.0372323

18 3 0.038444

19 3 0.0395041

20 3 0.0404082

21 3 0.0411529

22 3 0.0417351

23 3 0.0421527

24 3 0.0424039

25 3 0.0424877

26 3 0.0424039

27 3 0.0421527

28 3 0.0417351

29 3 0.0411529

30 3 0.0404082

31 3 0.0395041

32 3 0.038444

33 3 0.0372323

34 3 0.0358736

35 3 0.0343733

36 3 0.0327373

37 3 0.0309722

38 3 0.0290848

39 3 0.0270827

40 3 0.0249736

41 3 0.022766

42 3 0.0204686

43 3 0.0180904

44 3 0.0156408

45 3 0.0131294

46 3 0.0105663

47 3 0.0079614

48 3 0.00532512

49 3 0.00266782

50 3 0

0 4 0

1 4 0.0035407

2 4 0.00706743

3 4 0.0105663

4 4 0.0140234

5 4 0.0174252

6 4 0.0207582

7 4 0.0240093

8 4 0.0271656

9 4 0.0302148

10 4 0.0331447

11 4 0.0359438

12 4 0.038601

13 4 0.0411059

14 4 0.0434485

15 4 0.0456197

16 4 0.0476109

17 4 0.0494141

18 4 0.0510224

19 4 0.0524292

20 4 0.0536292

21 4 0.0546175

22 4 0.0553903

23 4 0.0559444

24 4 0.0562778

25 4 0.0563891

26 4 0.0562778

27 4 0.0559444

28 4 0.0553903

29 4 0.0546175

30 4 0.0536292

31 4 0.0524292

32 4 0.0510224

33 4 0.0494141

34 4 0.0476109

35 4 0.0456197

36 4 0.0434485

37 4 0.0411059

38 4 0.038601

39 4 0.0359438

40 4 0.0331447

41 4 0.0302148

42 4 0.0271656

43 4 0.0240093

44 4 0.0207582

45 4 0.0174252

46 4 0.0140234

47 4 0.0105663

48 4 0.00706743

49 4 0.0035407

50 4 0

0 5 0

1 5 0.0043996

2 5 0.00878184

3 5 0.0131294

4 5 0.0174252

5 5 0.0216522

6 5 0.0257937

7 5 0.0298335

8 5 0.0337555

9 5 0.0375443

10 5 0.0411849

11 5 0.044663

12 5 0.0479648

13 5 0.0510773

14 5 0.0539883

15 5 0.0566861

16 5 0.0591603

17 5 0.061401

18 5 0.0633994

19 5 0.0651475

20 5 0.0666386

21 5 0.0678666

22 5 0.0688268

23 5 0.0695154

24 5 0.0699297

25 5 0.0700679

26 5 0.0699297

27 5 0.0695154

28 5 0.0688268

29 5 0.0678666

30 5 0.0666386

31 5 0.0651475

32 5 0.0633994

33 5 0.061401

34 5 0.0591603

35 5 0.0566861

36 5 0.0539883

37 5 0.0510773

38 5 0.0479648

39 5 0.044663

40 5 0.0411849

41 5 0.0375443

42 5 0.0337555

43 5 0.0298335

44 5 0.0257937

45 5 0.0216522

46 5 0.0174252

47 5 0.0131294

48 5 0.00878184

49 5 0.0043996

50 5 0

0 6 0

1 6 0.00524114

2 6 0.0104616

3 6 0.0156408

4 6 0.0207582

5 6 0.0257937

6 6 0.0307274

7 6 0.0355399

8 6 0.0402121

9 6 0.0447256

10 6 0.0490626

11 6 0.0532059

12 6 0.0571393

13 6 0.0608472

14 6 0.0643149

15 6 0.0675289

16 6 0.0704763

17 6 0.0731455

18 6 0.0755261

19 6 0.0776087

20 6 0.0793849

21 6 0.0808479

22 6 0.0819918

23 6 0.0828121

24 6 0.0833055

25 6 0.0834703

26 6 0.0833055

27 6 0.0828121

28 6 0.0819918

29 6 0.0808479

30 6 0.0793849

31 6 0.0776087

32 6 0.0755261

33 6 0.0731455

34 6 0.0704763

35 6 0.0675289

36 6 0.0643149

37 6 0.0608472

38 6 0.0571393

39 6 0.0532059

40 6 0.0490626

41 6 0.0447256

42 6 0.0402121

43 6 0.0355399

44 6 0.0307274

45 6 0.0257937

46 6 0.0207582

47 6 0.0156408

48 6 0.0104616

49 6 0.00524114

50 6 0

0 7 0

1 7 0.00606199

2 7 0.0121001

3 7 0.0180904

4 7 0.0240093

5 7 0.0298335

6 7 0.0355399

7 7 0.0411061

8 7 0.04651

9 7 0.0517304

10 7 0.0567466

11 7 0.0615389

12 7 0.0660883

13 7 0.0703769

14 7 0.0743878

15 7 0.0781051

16 7 0.0815141

17 7 0.0846014

18 7 0.0873549

19 7 0.0897636

20 7 0.091818

21 7 0.0935101

22 7 0.0948331

23 7 0.0957819

24 7 0.0963526

25 7 0.0965432

26 7 0.0963526

27 7 0.0957819

28 7 0.0948331

29 7 0.0935101

30 7 0.091818

31 7 0.0897636

32 7 0.0873549

33 7 0.0846014

34 7 0.0815141

35 7 0.0781051

36 7 0.0743878

37 7 0.0703769

38 7 0.0660883

39 7 0.0615389

40 7 0.0567466

41 7 0.0517304

42 7 0.04651

43 7 0.0411061

44 7 0.0355399

45 7 0.0298335

46 7 0.0240093

47 7 0.0180904

48 7 0.0121001

49 7 0.00606199

50 7 0

0 8 0

1 8 0.00685892

2 8 0.0136908

3 8 0.0204686

4 8 0.0271656

5 8 0.0337555

6 8 0.0402121

7 8 0.04651

8 8 0.0526244

9 8 0.0585311

10 8 0.0642067

11 8 0.069629

12 8 0.0747765

13 8 0.0796289

14 8 0.084167

15 8 0.088373

16 8 0.0922302

17 8 0.0957234

18 8 0.0988388

19 8 0.101564

20 8 0.103889

21 8 0.105803

22 8 0.1073

23 8 0.108374

24 8 0.109019

25 8 0.109235

26 8 0.109019

27 8 0.108374

28 8 0.1073

29 8 0.105803

30 8 0.103889

31 8 0.101564

32 8 0.0988388

33 8 0.0957234

34 8 0.0922302

35 8 0.088373

36 8 0.084167

37 8 0.0796289

38 8 0.0747765

39 8 0.069629

40 8 0.0642067

41 8 0.0585311

42 8 0.0526244

43 8 0.04651

44 8 0.0402121

45 8 0.0337555

46 8 0.0271656

47 8 0.0204686

48 8 0.0136908

49 8 0.00685892

50 8 0

0 9 0

1 9 0.00762879

2 9 0.0152275

3 9 0.022766

4 9 0.0302148

5 9 0.0375443

6 9 0.0447256

7 9 0.0517304

8 9 0.0585311

9 9 0.0651007

10 9 0.0714135

11 9 0.0774444

12 9 0.0831696

13 9 0.0885666

14 9 0.0936141

15 9 0.0982922

16 9 0.102582

17 9 0.106468

18 9 0.109933

19 9 0.112964

20 9 0.115549

21 9 0.117679

22 9 0.119344

23 9 0.120538

24 9 0.121256

25 9 0.121496

26 9 0.121256

27 9 0.120538

28 9 0.119344

29 9 0.117679

30 9 0.115549

31 9 0.112964

32 9 0.109933

33 9 0.106468

34 9 0.102582

35 9 0.0982922

36 9 0.0936141

37 9 0.0885666

38 9 0.0831696

39 9 0.0774444

40 9 0.0714135

41 9 0.0651007

42 9 0.0585311

43 9 0.0517304

44 9 0.0447256

45 9 0.0375443

46 9 0.0302148

47 9 0.022766

48 9 0.0152275

49 9 0.00762879

50 9 0

0 10 0

1 10 0.00836854

2 10 0.0167041

3 10 0.0249736

4 10 0.0331447

5 10 0.0411849

6 10 0.0490626

7 10 0.0567466

8 10 0.0642067

9 10 0.0714135

10 10 0.0783383

11 10 0.084954

12 10 0.0912345

13 10 0.0971548

14 10 0.102692

15 10 0.107823

16 10 0.11253

17 10 0.116792

18 10 0.120593

19 10 0.123918

20 10 0.126754

21 10 0.12909

22 10 0.130916

23 10 0.132226

24 10 0.133014

25 10 0.133277

26 10 0.133014

27 10 0.132226

28 10 0.130916

29 10 0.12909

30 10 0.126754

31 10 0.123918

32 10 0.120593

33 10 0.116792

34 10 0.11253

35 10 0.107823

36 10 0.102692

37 10 0.0971548

38 10 0.0912345

39 10 0.084954

40 10 0.0783383

41 10 0.0714135

42 10 0.0642067

43 10 0.0567466

44 10 0.0490626

45 10 0.0411849

46 10 0.0331447

47 10 0.0249736

48 10 0.0167041

49 10 0.00836854

50 10 0

0 11 0

1 11 0.00907527

2 11 0.0181147

3 11 0.0270827

4 11 0.0359438

5 11 0.044663

6 11 0.0532059

7 11 0.0615389

8 11 0.069629

9 11 0.0774444

10 11 0.084954

11 11 0.0921284

12 11 0.0989393

13 11 0.10536

14 11 0.111364

15 11 0.116929

16 11 0.122033

17 11 0.126655

18 11 0.130777

19 11 0.134383

20 11 0.137459

21 11 0.139992

22 11 0.141972

23 11 0.143393

24 11 0.144247

25 11 0.144532

26 11 0.144247

27 11 0.143393

28 11 0.141972

29 11 0.139992

30 11 0.137459

31 11 0.134383

32 11 0.130777

33 11 0.126655

34 11 0.122033

35 11 0.116929

36 11 0.111364

37 11 0.10536

38 11 0.0989393

39 11 0.0921284

40 11 0.084954

41 11 0.0774444

42 11 0.069629

43 11 0.0615389

44 11 0.0532059

45 11 0.044663

46 11 0.0359438

47 11 0.0270827

48 11 0.0181147

49 11 0.00907527

50 11 0

0 12 0

1 12 0.00974618

2 12 0.0194539

3 12 0.0290848

4 12 0.038601

5 12 0.0479648

6 12 0.0571393

7 12 0.0660883

8 12 0.0747765

9 12 0.0831696

10 12 0.0912345

11 12 0.0989393

12 12 0.106254

13 12 0.113149

14 12 0.119597

15 12 0.125573

16 12 0.131054

17 12 0.136018

18 12 0.140445

19 12 0.144317

20 12 0.14762

21 12 0.150341

22 12 0.152468

23 12 0.153993

24 12 0.154911

25 12 0.155217

26 12 0.154911

27 12 0.153993

28 12 0.152468

29 12 0.150341

30 12 0.14762

31 12 0.144317

32 12 0.140445

33 12 0.136018

34 12 0.131054

35 12 0.125573

36 12 0.119597

37 12 0.113149

38 12 0.106254

39 12 0.0989393

40 12 0.0912345

41 12 0.0831696

42 12 0.0747765

43 12 0.0660883

44 12 0.0571393

45 12 0.0479648

46 12 0.038601

47 12 0.0290848

48 12 0.0194539

49 12 0.00974618

50 12 0

0 13 0

1 13 0.0103786

2 13 0.0207163

3 13 0.0309722

4 13 0.0411059

5 13 0.0510773

6 13 0.0608472

7 13 0.0703769

8 13 0.0796289

9 13 0.0885666

10 13 0.0971548

11 13 0.10536

12 13 0.113149

13 13 0.120491

14 13 0.127358

15 13 0.133722

16 13 0.139559

17 13 0.144844

18 13 0.149559

19 13 0.153682

20 13 0.1572

21 13 0.160097

22 13 0.162362

23 13 0.163986

24 13 0.164964

25 13 0.16529

26 13 0.164964

27 13 0.163986

28 13 0.162362

29 13 0.160097

30 13 0.1572

31 13 0.153682

32 13 0.149559

33 13 0.144844

34 13 0.139559

35 13 0.133722

36 13 0.127358

37 13 0.120491

38 13 0.113149

39 13 0.10536

40 13 0.0971548

41 13 0.0885666

42 13 0.0796289

43 13 0.0703769

44 13 0.0608472

45 13 0.0510773

46 13 0.0411059

47 13 0.0309722

48 13 0.0207163

49 13 0.0103786

50 13 0

0 14 0

1 14 0.0109701

2 14 0.0218969

3 14 0.0327373

4 14 0.0434485

5 14 0.0539883

6 14 0.0643149

7 14 0.0743878

8 14 0.084167

9 14 0.0936141

10 14 0.102692

11 14 0.111364

12 14 0.119597

13 14 0.127358

14 14 0.134616

15 14 0.141343

16 14 0.147512

17 14 0.153099

18 14 0.158082

19 14 0.162441

20 14 0.166159

21 14 0.169221

22 14 0.171615

23 14 0.173332

24 14 0.174365

25 14 0.17471

26 14 0.174365

27 14 0.173332

28 14 0.171615

29 14 0.169221

30 14 0.166159

31 14 0.162441

32 14 0.158082

33 14 0.153099

34 14 0.147512

35 14 0.141343

36 14 0.134616

37 14 0.127358

38 14 0.119597

39 14 0.111364

40 14 0.102692

41 14 0.0936141

42 14 0.084167

43 14 0.0743878

44 14 0.0643149

45 14 0.0539883

46 14 0.0434485

47 14 0.0327373

48 14 0.0218969

49 14 0.0109701

50 14 0

0 15 0

1 15 0.0115183

2 15 0.0229912

3 15 0.0343733

4 15 0.0456197

5 15 0.0566861

6 15 0.0675289

7 15 0.0781051

8 15 0.088373

9 15 0.0982922

10 15 0.107823

11 15 0.116929

12 15 0.125573

13 15 0.133722

14 15 0.141343

15 15 0.148406

16 15 0.154884

17 15 0.16075

18 15 0.165982

19 15 0.170558

20 15 0.174462

21 15 0.177677

22 15 0.180191

23 15 0.181994

24 15 0.183078

25 15 0.18344

26 15 0.183078

27 15 0.181994

28 15 0.180191

29 15 0.177677

30 15 0.174462

31 15 0.170558

32 15 0.165982

33 15 0.16075

34 15 0.154884

35 15 0.148406

36 15 0.141343

37 15 0.133722

38 15 0.125573

39 15 0.116929

40 15 0.107823

41 15 0.0982922

42 15 0.088373

43 15 0.0781051

44 15 0.0675289

45 15 0.0566861

46 15 0.0456197

47 15 0.0343733

48 15 0.0229912

49 15 0.0115183

50 15 0

0 16 0

1 16 0.012021

2 16 0.0239946

3 16 0.0358736

4 16 0.0476109

5 16 0.0591603

6 16 0.0704763

7 16 0.0815141

8 16 0.0922302

9 16 0.102582

10 16 0.11253

11 16 0.122033

12 16 0.131054

13 16 0.139559

14 16 0.147512

15 16 0.154884

16 16 0.161644

17 16 0.167766

18 16 0.173226

19 16 0.178003

20 16 0.182077

21 16 0.185432

22 16 0.188056

23 16 0.189937

24 16 0.191069

25 16 0.191447

26 16 0.191069

27 16 0.189937

28 16 0.188056

29 16 0.185432

30 16 0.182077

31 16 0.178003

32 16 0.173226

33 16 0.167766

34 16 0.161644

35 16 0.154884

36 16 0.147512

37 16 0.139559

38 16 0.131054

39 16 0.122033

40 16 0.11253

41 16 0.102582

42 16 0.0922302

43 16 0.0815141

44 16 0.0704763

45 16 0.0591603

46 16 0.0476109

47 16 0.0358736

48 16 0.0239946

49 16 0.012021

50 16 0

0 17 0

1 17 0.0124763

2 17 0.0249034

3 17 0.0372323

4 17 0.0494141

5 17 0.061401

6 17 0.0731455

7 17 0.0846014

8 17 0.0957234

9 17 0.106468

10 17 0.116792

11 17 0.126655

12 17 0.136018

13 17 0.144844

14 17 0.153099

15 17 0.16075

16 17 0.167766

17 17 0.17412

18 17 0.179787

19 17 0.184745

20 17 0.188973

21 17 0.192455

22 17 0.195178

23 17 0.197131

24 17 0.198306

25 17 0.198698

26 17 0.198306

27 17 0.197131

28 17 0.195178

29 17 0.192455

30 17 0.188973

31 17 0.184745

32 17 0.179787

33 17 0.17412

34 17 0.167766

35 17 0.16075

36 17 0.153099

37 17 0.144844

38 17 0.136018

39 17 0.126655

40 17 0.116792

41 17 0.106468

42 17 0.0957234

43 17 0.0846014

44 17 0.0731455

45 17 0.061401

46 17 0.0494141

47 17 0.0372323

48 17 0.0249034

49 17 0.0124763

50 17 0

0 18 0

1 18 0.0128824

2 18 0.0257139

3 18 0.038444

4 18 0.0510224

5 18 0.0633994

6 18 0.0755261

7 18 0.0873549

8 18 0.0988388

9 18 0.109933

10 18 0.120593

11 18 0.130777

12 18 0.140445

13 18 0.149559

14 18 0.158082

15 18 0.165982

16 18 0.173226

17 18 0.179787

18 18 0.185639

19 18 0.190757

20 18 0.195123

21 18 0.198719

22 18 0.201531

23 18 0.203547

24 18 0.20476

25 18 0.205165

26 18 0.20476

27 18 0.203547

28 18 0.201531

29 18 0.198719

30 18 0.195123

31 18 0.190757

32 18 0.185639

33 18 0.179787

34 18 0.173226

35 18 0.165982

36 18 0.158082

37 18 0.149559

38 18 0.140445

39 18 0.130777

40 18 0.120593

41 18 0.109933

42 18 0.0988388

43 18 0.0873549

44 18 0.0755261

45 18 0.0633994

46 18 0.0510224

47 18 0.038444

48 18 0.0257139

49 18 0.0128824

50 18 0

0 19 0

1 19 0.0132376

2 19 0.026423

3 19 0.0395041

4 19 0.0524292

5 19 0.0651475

6 19 0.0776087

7 19 0.0897636

8 19 0.101564

9 19 0.112964

10 19 0.123918

11 19 0.134383

12 19 0.144317

13 19 0.153682

14 19 0.162441

15 19 0.170558

16 19 0.178003

17 19 0.184745

18 19 0.190757

19 19 0.196017

20 19 0.200503

21 19 0.204198

22 19 0.207088

23 19 0.209159

24 19 0.210406

25 19 0.210822

26 19 0.210406

27 19 0.209159

28 19 0.207088

29 19 0.204198

30 19 0.200503

31 19 0.196017

32 19 0.190757

33 19 0.184745

34 19 0.178003

35 19 0.170558

36 19 0.162441

37 19 0.153682

38 19 0.144317

39 19 0.134383

40 19 0.123918

41 19 0.112964

42 19 0.101564

43 19 0.0897636

44 19 0.0776087

45 19 0.0651475

46 19 0.0524292

47 19 0.0395041

48 19 0.026423

49 19 0.0132376

50 19 0

0 20 0

1 20 0.0135406

2 20 0.0270277

3 20 0.0404082

4 20 0.0536292

5 20 0.0666386

6 20 0.0793849

7 20 0.091818

8 20 0.103889

9 20 0.115549

10 20 0.126754

11 20 0.137459

12 20 0.14762

13 20 0.1572

14 20 0.166159

15 20 0.174462

16 20 0.182077

17 20 0.188973

18 20 0.195123

19 20 0.200503

20 20 0.205092

21 20 0.208872

22 20 0.211827

23 20 0.213946

24 20 0.215221

25 20 0.215647

26 20 0.215221

27 20 0.213946

28 20 0.211827

29 20 0.208872

30 20 0.205092

31 20 0.200503

32 20 0.195123

33 20 0.188973

34 20 0.182077

35 20 0.174462

36 20 0.166159

37 20 0.1572

38 20 0.14762

39 20 0.137459

40 20 0.126754

41 20 0.115549

42 20 0.103889

43 20 0.091818

44 20 0.0793849

45 20 0.0666386

46 20 0.0536292

47 20 0.0404082

48 20 0.0270277

49 20 0.0135406

50 20 0

0 21 0

1 21 0.0137901

2 21 0.0275258

3 21 0.0411529

4 21 0.0546175

5 21 0.0678666

6 21 0.0808479

7 21 0.0935101

8 21 0.105803

9 21 0.117679

10 21 0.12909

11 21 0.139992

12 21 0.150341

13 21 0.160097

14 21 0.169221

15 21 0.177677

16 21 0.185432

17 21 0.192455

18 21 0.198719

19 21 0.204198

20 21 0.208872

21 21 0.212721

22 21 0.215731

23 21 0.217889

24 21 0.219188

25 21 0.219621

26 21 0.219188

27 21 0.217889

28 21 0.215731

29 21 0.212721

30 21 0.208872

31 21 0.204198

32 21 0.198719

33 21 0.192455

34 21 0.185432

35 21 0.177677

36 21 0.169221

37 21 0.160097

38 21 0.150341

39 21 0.139992

40 21 0.12909

41 21 0.117679

42 21 0.105803

43 21 0.0935101

44 21 0.0808479

45 21 0.0678666

46 21 0.0546175

47 21 0.0411529

48 21 0.0275258

49 21 0.0137901

50 21 0

0 22 0

1 22 0.0139852

2 22 0.0279153

3 22 0.0417351

4 22 0.0553903

5 22 0.0688268

6 22 0.0819918

7 22 0.0948331

8 22 0.1073

9 22 0.119344

10 22 0.130916

11 22 0.141972

12 22 0.152468

13 22 0.162362

14 22 0.171615

15 22 0.180191

16 22 0.188056

17 22 0.195178

18 22 0.201531

19 22 0.207088

20 22 0.211827

21 22 0.215731

22 22 0.218783

23 22 0.220972

24 22 0.222289

25 22 0.222728

26 22 0.222289

27 22 0.220972

28 22 0.218783

29 22 0.215731

30 22 0.211827

31 22 0.207088

32 22 0.201531

33 22 0.195178

34 22 0.188056

35 22 0.180191

36 22 0.171615

37 22 0.162362

38 22 0.152468

39 22 0.141972

40 22 0.130916

41 22 0.119344

42 22 0.1073

43 22 0.0948331

44 22 0.0819918

45 22 0.0688268

46 22 0.0553903

47 22 0.0417351

48 22 0.0279153

49 22 0.0139852

50 22 0

0 23 0

1 23 0.0141251

2 23 0.0281945

3 23 0.0421527

4 23 0.0559444

5 23 0.0695154

6 23 0.0828121

7 23 0.0957819

8 23 0.108374

9 23 0.120538

10 23 0.132226

11 23 0.143393

12 23 0.153993

13 23 0.163986

14 23 0.173332

15 23 0.181994

16 23 0.189937

17 23 0.197131

18 23 0.203547

19 23 0.209159

20 23 0.213946

21 23 0.217889

22 23 0.220972

23 23 0.223183

24 23 0.224513

25 23 0.224957

26 23 0.224513

27 23 0.223183

28 23 0.220972

29 23 0.217889

30 23 0.213946

31 23 0.209159

32 23 0.203547

33 23 0.197131

34 23 0.189937

35 23 0.181994

36 23 0.173332

37 23 0.163986

38 23 0.153993

39 23 0.143393

40 23 0.132226

41 23 0.120538

42 23 0.108374

43 23 0.0957819

44 23 0.0828121

45 23 0.0695154

46 23 0.0559444

47 23 0.0421527

48 23 0.0281945

49 23 0.0141251

50 23 0

0 24 0

1 24 0.0142093

2 24 0.0283626

3 24 0.0424039

4 24 0.0562778

5 24 0.0699297

6 24 0.0833055

7 24 0.0963526

8 24 0.109019

9 24 0.121256

10 24 0.133014

11 24 0.144247

12 24 0.154911

13 24 0.164964

14 24 0.174365

15 24 0.183078

16 24 0.191069

17 24 0.198306

18 24 0.20476

19 24 0.210406

20 24 0.215221

21 24 0.219188

22 24 0.222289

23 24 0.224513

24 24 0.225851

25 24 0.226297

26 24 0.225851

27 24 0.224513

28 24 0.222289

29 24 0.219188

30 24 0.215221

31 24 0.210406

32 24 0.20476

33 24 0.198306

34 24 0.191069

35 24 0.183078

36 24 0.174365

37 24 0.164964

38 24 0.154911

39 24 0.144247

40 24 0.133014

41 24 0.121256

42 24 0.109019

43 24 0.0963526

44 24 0.0833055

45 24 0.0699297

46 24 0.0562778

47 24 0.0424039

48 24 0.0283626

49 24 0.0142093

50 24 0

0 25 0

1 25 0.0142374

2 25 0.0284186

3 25 0.0424877

4 25 0.0563891

5 25 0.0700679

6 25 0.0834703

7 25 0.0965432

8 25 0.109235

9 25 0.121496

10 25 0.133277

11 25 0.144532

12 25 0.155217

13 25 0.16529

14 25 0.17471

15 25 0.18344

16 25 0.191447

17 25 0.198698

18 25 0.205165

19 25 0.210822

20 25 0.215647

21 25 0.219621

22 25 0.222728

23 25 0.224957

24 25 0.226297

25 25 0.226745

26 25 0.226297

27 25 0.224957

28 25 0.222728

29 25 0.219621

30 25 0.215647

31 25 0.210822

32 25 0.205165

33 25 0.198698

34 25 0.191447

35 25 0.18344

36 25 0.17471

37 25 0.16529

38 25 0.155217

39 25 0.144532

40 25 0.133277

41 25 0.121496

42 25 0.109235

43 25 0.0965432

44 25 0.0834703

45 25 0.0700679

46 25 0.0563891

47 25 0.0424877

48 25 0.0284186

49 25 0.0142374

50 25 0

0 26 0

1 26 0.0142093

2 26 0.0283626

3 26 0.0424039

4 26 0.0562778

5 26 0.0699297

6 26 0.0833055

7 26 0.0963526

8 26 0.109019

9 26 0.121256

10 26 0.133014

11 26 0.144247

12 26 0.154911

13 26 0.164964

14 26 0.174365

15 26 0.183078

16 26 0.191069

17 26 0.198306

18 26 0.20476

19 26 0.210406

20 26 0.215221

21 26 0.219188

22 26 0.222289

23 26 0.224513

24 26 0.225851

25 26 0.226297

26 26 0.225851

27 26 0.224513

28 26 0.222289

29 26 0.219188

30 26 0.215221

31 26 0.210406

32 26 0.20476

33 26 0.198306

34 26 0.191069

35 26 0.183078

36 26 0.174365

37 26 0.164964

38 26 0.154911

39 26 0.144247

40 26 0.133014

41 26 0.121256

42 26 0.109019

43 26 0.0963526

44 26 0.0833055

45 26 0.0699297

46 26 0.0562778

47 26 0.0424039

48 26 0.0283626

49 26 0.0142093

50 26 0

0 27 0

1 27 0.0141251

2 27 0.0281945

3 27 0.0421527

4 27 0.0559444

5 27 0.0695154

6 27 0.0828121

7 27 0.0957819

8 27 0.108374

9 27 0.120538

10 27 0.132226

11 27 0.143393

12 27 0.153993

13 27 0.163986

14 27 0.173332

15 27 0.181994

16 27 0.189937

17 27 0.197131

18 27 0.203547

19 27 0.209159

20 27 0.213946

21 27 0.217889

22 27 0.220972

23 27 0.223183

24 27 0.224513

25 27 0.224957

26 27 0.224513

27 27 0.223183

28 27 0.220972

29 27 0.217889

30 27 0.213946

31 27 0.209159

32 27 0.203547

33 27 0.197131

34 27 0.189937

35 27 0.181994

36 27 0.173332

37 27 0.163986

38 27 0.153993

39 27 0.143393

40 27 0.132226

41 27 0.120538

42 27 0.108374

43 27 0.0957819

44 27 0.0828121

45 27 0.0695154

46 27 0.0559444

47 27 0.0421527

48 27 0.0281945

49 27 0.0141251

50 27 0

0 28 0

1 28 0.0139852

2 28 0.0279153

3 28 0.0417351

4 28 0.0553903

5 28 0.0688268

6 28 0.0819918

7 28 0.0948331

8 28 0.1073

9 28 0.119344

10 28 0.130916

11 28 0.141972

12 28 0.152468

13 28 0.162362

14 28 0.171615

15 28 0.180191

16 28 0.188056

17 28 0.195178

18 28 0.201531

19 28 0.207088

20 28 0.211827

21 28 0.215731

22 28 0.218783

23 28 0.220972

24 28 0.222289

25 28 0.222728

26 28 0.222289

27 28 0.220972

28 28 0.218783

29 28 0.215731

30 28 0.211827

31 28 0.207088

32 28 0.201531

33 28 0.195178

34 28 0.188056

35 28 0.180191

36 28 0.171615

37 28 0.162362

38 28 0.152468

39 28 0.141972

40 28 0.130916

41 28 0.119344

42 28 0.1073

43 28 0.0948331

44 28 0.0819918

45 28 0.0688268

46 28 0.0553903

47 28 0.0417351

48 28 0.0279153

49 28 0.0139852

50 28 0

0 29 0

1 29 0.0137901

2 29 0.0275258

3 29 0.0411529

4 29 0.0546175

5 29 0.0678666

6 29 0.0808479

7 29 0.0935101

8 29 0.105803

9 29 0.117679

10 29 0.12909

11 29 0.139992

12 29 0.150341

13 29 0.160097

14 29 0.169221

15 29 0.177677

16 29 0.185432

17 29 0.192455

18 29 0.198719

19 29 0.204198

20 29 0.208872

21 29 0.212721

22 29 0.215731

23 29 0.217889

24 29 0.219188

25 29 0.219621

26 29 0.219188

27 29 0.217889

28 29 0.215731

29 29 0.212721

30 29 0.208872

31 29 0.204198

32 29 0.198719

33 29 0.192455

34 29 0.185432

35 29 0.177677

36 29 0.169221

37 29 0.160097

38 29 0.150341

39 29 0.139992

40 29 0.12909

41 29 0.117679

42 29 0.105803

43 29 0.0935101

44 29 0.0808479

45 29 0.0678666

46 29 0.0546175

47 29 0.0411529

48 29 0.0275258

49 29 0.0137901

50 29 0

0 30 0

1 30 0.0135406

2 30 0.0270277

3 30 0.0404082

4 30 0.0536292

5 30 0.0666386

6 30 0.0793849

7 30 0.091818

8 30 0.103889

9 30 0.115549

10 30 0.126754

11 30 0.137459

12 30 0.14762

13 30 0.1572

14 30 0.166159

15 30 0.174462

16 30 0.182077

17 30 0.188973

18 30 0.195123

19 30 0.200503

20 30 0.205092

21 30 0.208872

22 30 0.211827

23 30 0.213946

24 30 0.215221

25 30 0.215647

26 30 0.215221

27 30 0.213946

28 30 0.211827

29 30 0.208872

30 30 0.205092

31 30 0.200503

32 30 0.195123

33 30 0.188973

34 30 0.182077

35 30 0.174462

36 30 0.166159

37 30 0.1572

38 30 0.14762

39 30 0.137459

40 30 0.126754

41 30 0.115549

42 30 0.103889

43 30 0.091818

44 30 0.0793849

45 30 0.0666386

46 30 0.0536292

47 30 0.0404082

48 30 0.0270277

49 30 0.0135406

50 30 0

0 31 0

1 31 0.0132376

2 31 0.026423

3 31 0.0395041

4 31 0.0524292

5 31 0.0651475

6 31 0.0776087

7 31 0.0897636

8 31 0.101564

9 31 0.112964

10 31 0.123918

11 31 0.134383

12 31 0.144317

13 31 0.153682

14 31 0.162441

15 31 0.170558

16 31 0.178003

17 31 0.184745

18 31 0.190757

19 31 0.196017

20 31 0.200503

21 31 0.204198

22 31 0.207088

23 31 0.209159

24 31 0.210406

25 31 0.210822

26 31 0.210406

27 31 0.209159

28 31 0.207088

29 31 0.204198

30 31 0.200503

31 31 0.196017

32 31 0.190757

33 31 0.184745

34 31 0.178003

35 31 0.170558

36 31 0.162441

37 31 0.153682

38 31 0.144317

39 31 0.134383

40 31 0.123918

41 31 0.112964

42 31 0.101564

43 31 0.0897636

44 31 0.0776087

45 31 0.0651475

46 31 0.0524292

47 31 0.0395041

48 31 0.026423

49 31 0.0132376

50 31 0

0 32 0

1 32 0.0128824

2 32 0.0257139

3 32 0.038444

4 32 0.0510224

5 32 0.0633994

6 32 0.0755261

7 32 0.0873549

8 32 0.0988388

9 32 0.109933

10 32 0.120593

11 32 0.130777

12 32 0.140445

13 32 0.149559

14 32 0.158082

15 32 0.165982

16 32 0.173226

17 32 0.179787

18 32 0.185639

19 32 0.190757

20 32 0.195123

21 32 0.198719

22 32 0.201531

23 32 0.203547

24 32 0.20476

25 32 0.205165

26 32 0.20476

27 32 0.203547

28 32 0.201531

29 32 0.198719

30 32 0.195123

31 32 0.190757

32 32 0.185639

33 32 0.179787

34 32 0.173226

35 32 0.165982

36 32 0.158082

37 32 0.149559

38 32 0.140445

39 32 0.130777

40 32 0.120593

41 32 0.109933

42 32 0.0988388

43 32 0.0873549

44 32 0.0755261

45 32 0.0633994

46 32 0.0510224

47 32 0.038444

48 32 0.0257139

49 32 0.0128824

50 32 0

0 33 0

1 33 0.0124763

2 33 0.0249034

3 33 0.0372323

4 33 0.0494141

5 33 0.061401

6 33 0.0731455

7 33 0.0846014

8 33 0.0957234

9 33 0.106468

10 33 0.116792

11 33 0.126655

12 33 0.136018

13 33 0.144844

14 33 0.153099

15 33 0.16075

16 33 0.167766

17 33 0.17412

18 33 0.179787

19 33 0.184745

20 33 0.188973

21 33 0.192455

22 33 0.195178

23 33 0.197131

24 33 0.198306

25 33 0.198698

26 33 0.198306

27 33 0.197131

28 33 0.195178

29 33 0.192455

30 33 0.188973

31 33 0.184745

32 33 0.179787

33 33 0.17412

34 33 0.167766

35 33 0.16075

36 33 0.153099

37 33 0.144844

38 33 0.136018

39 33 0.126655

40 33 0.116792

41 33 0.106468

42 33 0.0957234

43 33 0.0846014

44 33 0.0731455

45 33 0.061401

46 33 0.0494141

47 33 0.0372323

48 33 0.0249034

49 33 0.0124763

50 33 0

0 34 0

1 34 0.012021

2 34 0.0239946

3 34 0.0358736

4 34 0.0476109

5 34 0.0591603

6 34 0.0704763

7 34 0.0815141

8 34 0.0922302

9 34 0.102582

10 34 0.11253

11 34 0.122033

12 34 0.131054

13 34 0.139559

14 34 0.147512

15 34 0.154884

16 34 0.161644

17 34 0.167766

18 34 0.173226

19 34 0.178003

20 34 0.182077

21 34 0.185432

22 34 0.188056

23 34 0.189937

24 34 0.191069

25 34 0.191447

26 34 0.191069

27 34 0.189937

28 34 0.188056

29 34 0.185432

30 34 0.182077

31 34 0.178003

32 34 0.173226

33 34 0.167766

34 34 0.161644

35 34 0.154884

36 34 0.147512

37 34 0.139559

38 34 0.131054

39 34 0.122033

40 34 0.11253

41 34 0.102582

42 34 0.0922302

43 34 0.0815141

44 34 0.0704763

45 34 0.0591603

46 34 0.0476109

47 34 0.0358736

48 34 0.0239946

49 34 0.012021

50 34 0

0 35 0

1 35 0.0115183

2 35 0.0229912

3 35 0.0343733

4 35 0.0456197

5 35 0.0566861

6 35 0.0675289

7 35 0.0781051

8 35 0.088373

9 35 0.0982922

10 35 0.107823

11 35 0.116929

12 35 0.125573

13 35 0.133722

14 35 0.141343

15 35 0.148406

16 35 0.154884

17 35 0.16075

18 35 0.165982

19 35 0.170558

20 35 0.174462

21 35 0.177677

22 35 0.180191

23 35 0.181994

24 35 0.183078

25 35 0.18344

26 35 0.183078

27 35 0.181994

28 35 0.180191

29 35 0.177677

30 35 0.174462

31 35 0.170558

32 35 0.165982

33 35 0.16075

34 35 0.154884

35 35 0.148406

36 35 0.141343

37 35 0.133722

38 35 0.125573

39 35 0.116929

40 35 0.107823

41 35 0.0982922

42 35 0.088373

43 35 0.0781051

44 35 0.0675289

45 35 0.0566861

46 35 0.0456197

47 35 0.0343733

48 35 0.0229912

49 35 0.0115183

50 35 0

0 36 0

1 36 0.0109701

2 36 0.0218969

3 36 0.0327373

4 36 0.0434485

5 36 0.0539883

6 36 0.0643149

7 36 0.0743878

8 36 0.084167

9 36 0.0936141

10 36 0.102692

11 36 0.111364

12 36 0.119597

13 36 0.127358

14 36 0.134616

15 36 0.141343

16 36 0.147512

17 36 0.153099

18 36 0.158082

19 36 0.162441

20 36 0.166159

21 36 0.169221

22 36 0.171615

23 36 0.173332

24 36 0.174365

25 36 0.17471

26 36 0.174365

27 36 0.173332

28 36 0.171615

29 36 0.169221

30 36 0.166159

31 36 0.162441

32 36 0.158082

33 36 0.153099

34 36 0.147512

35 36 0.141343

36 36 0.134616

37 36 0.127358

38 36 0.119597

39 36 0.111364

40 36 0.102692

41 36 0.0936141

42 36 0.084167

43 36 0.0743878

44 36 0.0643149

45 36 0.0539883

46 36 0.0434485

47 36 0.0327373

48 36 0.0218969

49 36 0.0109701

50 36 0

0 37 0

1 37 0.0103786

2 37 0.0207163

3 37 0.0309722

4 37 0.0411059

5 37 0.0510773

6 37 0.0608472

7 37 0.0703769

8 37 0.0796289

9 37 0.0885666

10 37 0.0971548

11 37 0.10536

12 37 0.113149

13 37 0.120491

14 37 0.127358

15 37 0.133722

16 37 0.139559

17 37 0.144844

18 37 0.149559

19 37 0.153682

20 37 0.1572

21 37 0.160097

22 37 0.162362

23 37 0.163986

24 37 0.164964

25 37 0.16529

26 37 0.164964

27 37 0.163986

28 37 0.162362

29 37 0.160097

30 37 0.1572

31 37 0.153682

32 37 0.149559

33 37 0.144844

34 37 0.139559

35 37 0.133722

36 37 0.127358

37 37 0.120491

38 37 0.113149

39 37 0.10536

40 37 0.0971548

41 37 0.0885666

42 37 0.0796289

43 37 0.0703769

44 37 0.0608472

45 37 0.0510773

46 37 0.0411059

47 37 0.0309722

48 37 0.0207163

49 37 0.0103786

50 37 0

0 38 0

1 38 0.00974618

2 38 0.0194539

3 38 0.0290848

4 38 0.038601

5 38 0.0479648

6 38 0.0571393

7 38 0.0660883

8 38 0.0747765

9 38 0.0831696

10 38 0.0912345

11 38 0.0989393

12 38 0.106254

13 38 0.113149

14 38 0.119597

15 38 0.125573

16 38 0.131054

17 38 0.136018

18 38 0.140445

19 38 0.144317

20 38 0.14762

21 38 0.150341

22 38 0.152468

23 38 0.153993

24 38 0.154911

25 38 0.155217

26 38 0.154911

27 38 0.153993

28 38 0.152468

29 38 0.150341

30 38 0.14762

31 38 0.144317

32 38 0.140445

33 38 0.136018

34 38 0.131054

35 38 0.125573

36 38 0.119597

37 38 0.113149

38 38 0.106254

39 38 0.0989393

40 38 0.0912345

41 38 0.0831696

42 38 0.0747765

43 38 0.0660883

44 38 0.0571393

45 38 0.0479648

46 38 0.038601

47 38 0.0290848

48 38 0.0194539

49 38 0.00974618

50 38 0

0 39 0

1 39 0.00907527

2 39 0.0181147

3 39 0.0270827

4 39 0.0359438

5 39 0.044663

6 39 0.0532059

7 39 0.0615389

8 39 0.069629

9 39 0.0774444

10 39 0.084954

11 39 0.0921284

12 39 0.0989393

13 39 0.10536

14 39 0.111364

15 39 0.116929

16 39 0.122033

17 39 0.126655

18 39 0.130777

19 39 0.134383

20 39 0.137459

21 39 0.139992

22 39 0.141972

23 39 0.143393

24 39 0.144247

25 39 0.144532

26 39 0.144247

27 39 0.143393

28 39 0.141972

29 39 0.139992

30 39 0.137459

31 39 0.134383

32 39 0.130777

33 39 0.126655

34 39 0.122033

35 39 0.116929

36 39 0.111364

37 39 0.10536

38 39 0.0989393

39 39 0.0921284

40 39 0.084954

41 39 0.0774444

42 39 0.069629

43 39 0.0615389

44 39 0.0532059

45 39 0.044663

46 39 0.0359438

47 39 0.0270827

48 39 0.0181147

49 39 0.00907527

50 39 0

0 40 0

1 40 0.00836854

2 40 0.0167041

3 40 0.0249736

4 40 0.0331447

5 40 0.0411849

6 40 0.0490626

7 40 0.0567466

8 40 0.0642067

9 40 0.0714135

10 40 0.0783383

11 40 0.084954

12 40 0.0912345

13 40 0.0971548

14 40 0.102692

15 40 0.107823

16 40 0.11253

17 40 0.116792

18 40 0.120593

19 40 0.123918

20 40 0.126754

21 40 0.12909

22 40 0.130916

23 40 0.132226

24 40 0.133014

25 40 0.133277

26 40 0.133014

27 40 0.132226

28 40 0.130916

29 40 0.12909

30 40 0.126754

31 40 0.123918

32 40 0.120593

33 40 0.116792

34 40 0.11253

35 40 0.107823

36 40 0.102692

37 40 0.0971548

38 40 0.0912345

39 40 0.084954

40 40 0.0783383

41 40 0.0714135

42 40 0.0642067

43 40 0.0567466

44 40 0.0490626

45 40 0.0411849

46 40 0.0331447

47 40 0.0249736

48 40 0.0167041

49 40 0.00836854

50 40 0

0 41 0

1 41 0.00762879

2 41 0.0152275

3 41 0.022766

4 41 0.0302148

5 41 0.0375443

6 41 0.0447256

7 41 0.0517304

8 41 0.0585311

9 41 0.0651007

10 41 0.0714135

11 41 0.0774444

12 41 0.0831696

13 41 0.0885666

14 41 0.0936141

15 41 0.0982922

16 41 0.102582

17 41 0.106468

18 41 0.109933

19 41 0.112964

20 41 0.115549

21 41 0.117679

22 41 0.119344

23 41 0.120538

24 41 0.121256

25 41 0.121496

26 41 0.121256

27 41 0.120538

28 41 0.119344

29 41 0.117679

30 41 0.115549

31 41 0.112964

32 41 0.109933

33 41 0.106468

34 41 0.102582

35 41 0.0982922

36 41 0.0936141

37 41 0.0885666

38 41 0.0831696

39 41 0.0774444

40 41 0.0714135

41 41 0.0651007

42 41 0.0585311

43 41 0.0517304

44 41 0.0447256

45 41 0.0375443

46 41 0.0302148

47 41 0.022766

48 41 0.0152275

49 41 0.00762879

50 41 0

0 42 0

1 42 0.00685892

2 42 0.0136908

3 42 0.0204686

4 42 0.0271656

5 42 0.0337555

6 42 0.0402121

7 42 0.04651

8 42 0.0526244

9 42 0.0585311

10 42 0.0642067

11 42 0.069629

12 42 0.0747765

13 42 0.0796289

14 42 0.084167

15 42 0.088373

16 42 0.0922302

17 42 0.0957234

18 42 0.0988388

19 42 0.101564

20 42 0.103889

21 42 0.105803

22 42 0.1073

23 42 0.108374

24 42 0.109019

25 42 0.109235

26 42 0.109019

27 42 0.108374

28 42 0.1073

29 42 0.105803

30 42 0.103889

31 42 0.101564

32 42 0.0988388

33 42 0.0957234

34 42 0.0922302

35 42 0.088373

36 42 0.084167

37 42 0.0796289

38 42 0.0747765

39 42 0.069629

40 42 0.0642067

41 42 0.0585311

42 42 0.0526244

43 42 0.04651

44 42 0.0402121

45 42 0.0337555

46 42 0.0271656

47 42 0.0204686

48 42 0.0136908

49 42 0.00685892

50 42 0

0 43 0

1 43 0.00606199

2 43 0.0121001

3 43 0.0180904

4 43 0.0240093

5 43 0.0298335

6 43 0.0355399

7 43 0.0411061

8 43 0.04651

9 43 0.0517304

10 43 0.0567466

11 43 0.0615389

12 43 0.0660883

13 43 0.0703769

14 43 0.0743878

15 43 0.0781051

16 43 0.0815141

17 43 0.0846014

18 43 0.0873549

19 43 0.0897636

20 43 0.091818

21 43 0.0935101

22 43 0.0948331

23 43 0.0957819

24 43 0.0963526

25 43 0.0965432

26 43 0.0963526

27 43 0.0957819

28 43 0.0948331

29 43 0.0935101

30 43 0.091818

31 43 0.0897636

32 43 0.0873549

33 43 0.0846014

34 43 0.0815141

35 43 0.0781051

36 43 0.0743878

37 43 0.0703769

38 43 0.0660883

39 43 0.0615389

40 43 0.0567466

41 43 0.0517304

42 43 0.04651

43 43 0.0411061

44 43 0.0355399

45 43 0.0298335

46 43 0.0240093

47 43 0.0180904

48 43 0.0121001

49 43 0.00606199

50 43 0

0 44 0

1 44 0.00524114

2 44 0.0104616

3 44 0.0156408

4 44 0.0207582

5 44 0.0257937

6 44 0.0307274

7 44 0.0355399

8 44 0.0402121

9 44 0.0447256

10 44 0.0490626

11 44 0.0532059

12 44 0.0571393

13 44 0.0608472

14 44 0.0643149

15 44 0.0675289

16 44 0.0704763

17 44 0.0731455

18 44 0.0755261

19 44 0.0776087

20 44 0.0793849

21 44 0.0808479

22 44 0.0819918

23 44 0.0828121

24 44 0.0833055

25 44 0.0834703

26 44 0.0833055

27 44 0.0828121

28 44 0.0819918

29 44 0.0808479

30 44 0.0793849

31 44 0.0776087

32 44 0.0755261

33 44 0.0731455

34 44 0.0704763

35 44 0.0675289

36 44 0.0643149

37 44 0.0608472

38 44 0.0571393

39 44 0.0532059

40 44 0.0490626

41 44 0.0447256

42 44 0.0402121

43 44 0.0355399

44 44 0.0307274

45 44 0.0257937

46 44 0.0207582

47 44 0.0156408

48 44 0.0104616

49 44 0.00524114

50 44 0

0 45 0

1 45 0.0043996

2 45 0.00878184

3 45 0.0131294

4 45 0.0174252

5 45 0.0216522

6 45 0.0257937

7 45 0.0298335

8 45 0.0337555

9 45 0.0375443

10 45 0.0411849

11 45 0.044663

12 45 0.0479648

13 45 0.0510773

14 45 0.0539883

15 45 0.0566861

16 45 0.0591603

17 45 0.061401

18 45 0.0633994

19 45 0.0651475

20 45 0.0666386

21 45 0.0678666

22 45 0.0688268

23 45 0.0695154

24 45 0.0699297

25 45 0.0700679

26 45 0.0699297

27 45 0.0695154

28 45 0.0688268

29 45 0.0678666

30 45 0.0666386

31 45 0.0651475

32 45 0.0633994

33 45 0.061401

34 45 0.0591603

35 45 0.0566861

36 45 0.0539883

37 45 0.0510773

38 45 0.0479648

39 45 0.044663

40 45 0.0411849

41 45 0.0375443

42 45 0.0337555

43 45 0.0298335

44 45 0.0257937

45 45 0.0216522

46 45 0.0174252

47 45 0.0131294

48 45 0.00878184

49 45 0.0043996

50 45 0

0 46 0

1 46 0.0035407

2 46 0.00706743

3 46 0.0105663

4 46 0.0140234

5 46 0.0174252

6 46 0.0207582

7 46 0.0240093

8 46 0.0271656

9 46 0.0302148

10 46 0.0331447

11 46 0.0359438

12 46 0.038601

13 46 0.0411059

14 46 0.0434485

15 46 0.0456197

16 46 0.0476109

17 46 0.0494141

18 46 0.0510224

19 46 0.0524292

20 46 0.0536292

21 46 0.0546175

22 46 0.0553903

23 46 0.0559444

24 46 0.0562778

25 46 0.0563891

26 46 0.0562778

27 46 0.0559444

28 46 0.0553903

29 46 0.0546175

30 46 0.0536292

31 46 0.0524292

32 46 0.0510224

33 46 0.0494141

34 46 0.0476109

35 46 0.0456197

36 46 0.0434485

37 46 0.0411059

38 46 0.038601

39 46 0.0359438

40 46 0.0331447

41 46 0.0302148

42 46 0.0271656

43 46 0.0240093

44 46 0.0207582

45 46 0.0174252

46 46 0.0140234

47 46 0.0105663

48 46 0.00706743

49 46 0.0035407

50 46 0

0 47 0

1 47 0.00266782

2 47 0.00532512

3 47 0.0079614

4 47 0.0105663

5 47 0.0131294

6 47 0.0156408

7 47 0.0180904

8 47 0.0204686

9 47 0.022766

10 47 0.0249736

11 47 0.0270827

12 47 0.0290848

13 47 0.0309722

14 47 0.0327373

15 47 0.0343733

16 47 0.0358736

17 47 0.0372323

18 47 0.038444

19 47 0.0395041

20 47 0.0404082

21 47 0.0411529

22 47 0.0417351

23 47 0.0421527

24 47 0.0424039

25 47 0.0424877

26 47 0.0424039

27 47 0.0421527

28 47 0.0417351

29 47 0.0411529

30 47 0.0404082

31 47 0.0395041

32 47 0.038444

33 47 0.0372323

34 47 0.0358736

35 47 0.0343733

36 47 0.0327373

37 47 0.0309722

38 47 0.0290848

39 47 0.0270827

40 47 0.0249736

41 47 0.022766

42 47 0.0204686

43 47 0.0180904

44 47 0.0156408

45 47 0.0131294

46 47 0.0105663

47 47 0.0079614

48 47 0.00532512

49 47 0.00266782

50 47 0

0 48 0

1 48 0.00178442

2 48 0.0035618

3 48 0.00532512

4 48 0.00706743

5 48 0.00878184

6 48 0.0104616

7 48 0.0121001

8 48 0.0136908

9 48 0.0152275

10 48 0.0167041

11 48 0.0181147

12 48 0.0194539

13 48 0.0207163

14 48 0.0218969

15 48 0.0229912

16 48 0.0239946

17 48 0.0249034

18 48 0.0257139

19 48 0.026423

20 48 0.0270277

21 48 0.0275258

22 48 0.0279153

23 48 0.0281945

24 48 0.0283626

25 48 0.0284186

26 48 0.0283626

27 48 0.0281945

28 48 0.0279153

29 48 0.0275258

30 48 0.0270277

31 48 0.026423

32 48 0.0257139

33 48 0.0249034

34 48 0.0239946

35 48 0.0229912

36 48 0.0218969

37 48 0.0207163

38 48 0.0194539

39 48 0.0181147

40 48 0.0167041

41 48 0.0152275

42 48 0.0136908

43 48 0.0121001

44 48 0.0104616

45 48 0.00878184

46 48 0.00706743

47 48 0.00532512

48 48 0.0035618

49 48 0.00178442

50 48 0

0 49 0

1 49 0.000893974

2 49 0.00178442

3 49 0.00266782

4 49 0.0035407

5 49 0.0043996

6 49 0.00524114

7 49 0.00606199

8 49 0.00685892

9 49 0.00762879

10 49 0.00836854

11 49 0.00907527

12 49 0.00974618

13 49 0.0103786

14 49 0.0109701

15 49 0.0115183

16 49 0.012021

17 49 0.0124763

18 49 0.0128824

19 49 0.0132376

20 49 0.0135406

21 49 0.0137901

22 49 0.0139852

23 49 0.0141251

24 49 0.0142093

25 49 0.0142374

26 49 0.0142093

27 49 0.0141251

28 49 0.0139852

29 49 0.0137901

30 49 0.0135406

31 49 0.0132376

32 49 0.0128824

33 49 0.0124763

34 49 0.012021

35 49 0.0115183

36 49 0.0109701

37 49 0.0103786

38 49 0.00974618

39 49 0.00907527

40 49 0.00836854

41 49 0.00762879

42 49 0.00685892

43 49 0.00606199

44 49 0.00524114

45 49 0.0043996

46 49 0.0035407

47 49 0.00266782

48 49 0.00178442

49 49 0.000893974

50 49 0

