0 1 0

1 1 0.000763423

2 1 0.00152383

3 1 0.00227823

4 1 0.00302363

5 1 0.00375711

6 1 0.00447575

7 1 0.00517673

8 1 0.00585728

9 1 0.00651472

10 1 0.00714644

11 1 0.00774996

12 1 0.0083229

13 1 0.00886298

14 1 0.00936809

15 1 0.00983623

16 1 0.0102656

17 1 0.0106544

18 1 0.0110011

19 1 0.0113045

20 1 0.0115632

21 1 0.0117763

22 1 0.0119429

23 1 0.0120624

24 1 0.0121343

25 1 0.0121583

26 1 0.0121343

27 1 0.0120624

28 1 0.0119429

29 1 0.0117763

30 1 0.0115632

31 1 0.0113045

32 1 0.0110011

33 1 0.0106544

34 1 0.0102656

35 1 0.00983623

36 1 0.00936809

37 1 0.00886298

38 1 0.0083229

39 1 0.00774996

40 1 0.00714644

41 1 0.00651472

42 1 0.00585728

43 1 0.00517673

44 1 0.00447575

45 1 0.00375711

46 1 0.00302363

47 1 0.00227823

48 1 0.00152383

49 1 0.000763423

50 1 0

0 2 0

1 2 0.00152383

2 2 0.00304165

3 2 0.00454747

4 2 0.00603534

5 2 0.00749938

6 2 0.00893384

7 2 0.010333

8 2 0.0116914

9 2 0.0130037

10 2 0.0142647

11 2 0.0154693

12 2 0.0166129

13 2 0.017691

14 2 0.0186992

15 2 0.0196336

16 2 0.0204906

17 2 0.0212667

18 2 0.0219588

19 2 0.0225643

20 2 0.0230807

21 2 0.0235061

22 2 0.0238387

23 2 0.0240772

24 2 0.0242206

25 2 0.0242685

26 2 0.0242206

27 2 0.0240772

28 2 0.0238387

29 2 0.0235061

30 2 0.0230807

31 2 0.0225643

32 2 0.0219588

33 2 0.0212667

34 2 0.0204906

35 2 0.0196336

36 2 0.0186992

37 2 0.017691

38 2 0.0166129

39 2 0.0154693

40 2 0.0142647

41 2 0.0130037

42 2 0.0116914

43 2 0.010333

44 2 0.00893384

45 2 0.00749938

46 2 0.00603534

47 2 0.00454747

48 2 0.00304165

49 2 0.00152383

50 2 0

0 3 0

1 3 0.00227823

2 3 0.00454747

3 3 0.00679876

4 3 0.00902322

5 3 0.0112121

6 3 0.0133567

7 3 0.0154486

8 3 0.0174795

9 3 0.0194414

10 3 0.0213266

11 3 0.0231277

12 3 0.0248374

13 3 0.0264492

14 3 0.0279565

15 3 0.0293536

16 3 0.0306348

17 3 0.031795

18 3 0.0328298

19 3 0.0337351

20 3 0.0345072

21 3 0.0351431

22 3 0.0356403

23 3 0.0359969

24 3 0.0362114

25 3 0.036283

26 3 0.0362114

27 3 0.0359969

28 3 0.0356403

29 3 0.0351431

30 3 0.0345072

31 3 0.0337351

32 3 0.0328298

33 3 0.031795

34 3 0.0306348

35 3 0.0293536

36 3 0.0279565

37 3 0.0264492

38 3 0.0248374

39 3 0.0231277

40 3 0.0213266

41 3 0.0194414

42 3 0.0174795

43 3 0.0154486

44 3 0.0133567

45 3 0.0112121

46 3 0.00902322

47 3 0.00679876

48 3 0.00454747

49 3 0.00227823

50 3 0

0 4 0

1 4 0.00302363

2 4 0.00603534

3 4 0.00902322

4 4 0.0119755

5 4 0.0148805

6 4 0.0177268

7 4 0.0205031

8 4 0.0231985

9 4 0.0258024

10 4 0.0283044

11 4 0.0306947

12 4 0.0329639

13 4 0.035103

14 4 0.0371035

15 4 0.0389577

16 4 0.040658

17 4 0.0421979

18 4 0.0435713

19 4 0.0447727

20 4 0.0457975

21 4 0.0466415

22 4 0.0473014

23 4 0.0477746

24 4 0.0480593

25 4 0.0481543

26 4 0.0480593

27 4 0.0477746

28 4 0.0473014

29 4 0.0466415

30 4 0.0457975

31 4 0.0447727

32 4 0.0435713

33 4 0.0421979

34 4 0.040658

35 4 0.0389577

36 4 0.0371035

37 4 0.035103

38 4 0.0329639

39 4 0.0306947

40 4 0.0283044

41 4 0.0258024

42 4 0.0231985

43 4 0.0205031

44 4 0.0177268

45 4 0.0148805

46 4 0.0119755

47 4 0.00902322

48 4 0.00603534

49 4 0.00302363

50 4 0

0 5 0

1 5 0.00375711

2 5 0.00749938

3 5 0.0112121

4 5 0.0148805

5 5 0.0184902

6 5 0.0220269

7 5 0.0254767

8 5 0.028826

9 5 0.0320615

10 5 0.0351705

11 5 0.0381406

12 5 0.0409603

13 5 0.0436183

14 5 0.0461041

15 5 0.048408

16 5 0.0505208

17 5 0.0524343

18 5 0.0541408

19 5 0.0556337

20 5 0.056907

21 5 0.0579557

22 5 0.0587757

23 5 0.0593637

24 5 0.0597175

25 5 0.0598356

26 5 0.0597175

27 5 0.0593637

28 5 0.0587757

29 5 0.0579557

30 5 0.056907

31 5 0.0556337

32 5 0.0541408

33 5 0.0524343

34 5 0.0505208

35 5 0.048408

36 5 0.0461041

37 5 0.0436183

38 5 0.0409603

39 5 0.0381406

40 5 0.0351705

41 5 0.0320615

42 5 0.028826

43 5 0.0254767

44 5 0.0220269

45 5 0.0184902

46 5 0.0148805

47 5 0.0112121

48 5 0.00749938

49 5 0.00375711

50 5 0

0 6 0

1 6 0.00447575

2 6 0.00893384

3 6 0.0133567

4 6 0.0177268

5 6 0.0220269

6 6 0.0262402

7 6 0.0303498

8 6 0.0343397

9 6 0.0381941

10 6 0.0418977

11 6 0.045436

12 6 0.048795

13 6 0.0519614

14 6 0.0549227

15 6 0.0576673

16 6 0.0601843

17 6 0.0624637

18 6 0.0644967

19 6 0.0662751

20 6 0.067792

21 6 0.0690413

22 6 0.0700181

23 6 0.0707186

24 6 0.07114

25 6 0.0712807

26 6 0.07114

27 6 0.0707186

28 6 0.0700181

29 6 0.0690413

30 6 0.067792

31 6 0.0662751

32 6 0.0644967

33 6 0.0624637

34 6 0.0601843

35 6 0.0576673

36 6 0.0549227

37 6 0.0519614

38 6 0.048795

39 6 0.045436

40 6 0.0418977

41 6 0.0381941

42 6 0.0343397

43 6 0.0303498

44 6 0.0262402

45 6 0.0220269

46 6 0.0177268

47 6 0.0133567

48 6 0.00893384

49 6 0.00447575

50 6 0

0 7 0

1 7 0.00517673

2 7 0.010333

3 7 0.0154486

4 7 0.0205031

5 7 0.0254767

6 7 0.0303498

7 7 0.0351032

8 7 0.0397179

9 7 0.044176

10 7 0.0484596

11 7 0.0525521

12 7 0.0564371

13 7 0.0600994

14 7 0.0635246

15 7 0.066699

16 7 0.0696102

17 7 0.0722466

18 7 0.074598

19 7 0.0766549

20 7 0.0784094

21 7 0.0798543

22 7 0.0809842

23 7 0.0817944

24 7 0.0822818

25 7 0.0824445

26 7 0.0822818

27 7 0.0817944

28 7 0.0809842

29 7 0.0798543

30 7 0.0784094

31 7 0.0766549

32 7 0.074598

33 7 0.0722466

34 7 0.0696102

35 7 0.066699

36 7 0.0635246

37 7 0.0600994

38 7 0.0564371

39 7 0.0525521

40 7 0.0484596

41 7 0.044176

42 7 0.0397179

43 7 0.0351032

44 7 0.0303498

45 7 0.0254767

46 7 0.0205031

47 7 0.0154486

48 7 0.010333

49 7 0.00517673

50 7 0

0 8 0

1 8 0.00585728

2 8 0.0116914

3 8 0.0174795

4 8 0.0231985

5 8 0.028826

6 8 0.0343397

7 8 0.0397179

8 8 0.0449394

9 8 0.0499835

10 8 0.0548303

11 8 0.0594608

12 8 0.0638565

13 8 0.0680003

14 8 0.0718757

15 8 0.0754675

16 8 0.0787614

17 8 0.0817444

18 8 0.0844049

19 8 0.0867323

20 8 0.0887173

21 8 0.0903523

22 8 0.0916306

23 8 0.0925473

24 8 0.0930988

25 8 0.0932829

26 8 0.0930988

27 8 0.0925473

28 8 0.0916306

29 8 0.0903523

30 8 0.0887173

31 8 0.0867323

32 8 0.0844049

33 8 0.0817444

34 8 0.0787614

35 8 0.0754675

36 8 0.0718757

37 8 0.0680003

38 8 0.0638565

39 8 0.0594608

40 8 0.0548303

41 8 0.0499835

42 8 0.0449394

43 8 0.0397179

44 8 0.0343397

45 8 0.028826

46 8 0.0231985

47 8 0.0174795

48 8 0.0116914

49 8 0.00585728

50 8 0

0 9 0

1 9 0.00651472

2 9 0.0130037

3 9 0.0194414

4 9 0.0258024

5 9 0.0320615

6 9 0.0381941

7 9 0.044176

8 9 0.0499835

9 9 0.0555937

10 9 0.0609846

11 9 0.0661348

12 9 0.0710239

13 9 0.0756328

14 9 0.0799432

15 9 0.0839381

16 9 0.0876017

17 9 0.0909196

18 9 0.0938787

19 9 0.0964673

20 9 0.0986751

21 9 0.100494

22 9 0.101915

23 9 0.102935

24 9 0.103548

25 9 0.103753

26 9 0.103548

27 9 0.102935

28 9 0.101915

29 9 0.100494

30 9 0.0986751

31 9 0.0964673

32 9 0.0938787

33 9 0.0909196

34 9 0.0876017

35 9 0.0839381

36 9 0.0799432

37 9 0.0756328

38 9 0.0710239

39 9 0.0661348

40 9 0.0609846

41 9 0.0555937

42 9 0.0499835

43 9 0.044176

44 9 0.0381941

45 9 0.0320615

46 9 0.0258024

47 9 0.0194414

48 9 0.0130037

49 9 0.00651472

50 9 0

0 10 0

1 10 0.00714644

2 10 0.0142647

3 10 0.0213266

4 10 0.0283044

5 10 0.0351705

6 10 0.0418977

7 10 0.0484596

8 10 0.0548303

9 10 0.0609846

10 10 0.0668982

11 10 0.0725478

12 10 0.0779111

13 10 0.0829668

14 10 0.0876952

15 10 0.0920775

16 10 0.0960963

17 10 0.099736

18 10 0.102982

19 10 0.105822

20 10 0.108244

21 10 0.110238

22 10 0.111798

23 10 0.112917

24 10 0.113589

25 10 0.113814

26 10 0.113589

27 10 0.112917

28 10 0.111798

29 10 0.110238

30 10 0.108244

31 10 0.105822

32 10 0.102982

33 10 0.099736

34 10 0.0960963

35 10 0.0920775

36 10 0.0876952

37 10 0.0829668

38 10 0.0779111

39 10 0.0725478

40 10 0.0668982

41 10 0.0609846

42 10 0.0548303

43 10 0.0484596

44 10 0.0418977

45 10 0.0351705

46 10 0.0283044

47 10 0.0213266

48 10 0.0142647

49 10 0.00714644

50 10 0

0 11 0

1 11 0.00774996

2 11 0.0154693

3 11 0.0231277

4 11 0.0306947

5 11 0.0381406

6 11 0.045436

7 11 0.0525521

8 11 0.0594608

9 11 0.0661348

10 11 0.0725478

11 11 0.0786745

12 11 0.0844907

13 11 0.0899734

14 11 0.0951011

15 11 0.0998535

16 11 0.104212

17 11 0.108159

18 11 0.111679

19 11 0.114758

20 11 0.117385

21 11 0.119548

22 11 0.121239

23 11 0.122452

24 11 0.123182

25 11 0.123426

26 11 0.123182

27 11 0.122452

28 11 0.121239

29 11 0.119548

30 11 0.117385

31 11 0.114758

32 11 0.111679

33 11 0.108159

34 11 0.104212

35 11 0.0998535

36 11 0.0951011

37 11 0.0899734

38 11 0.0844907

39 11 0.0786745

40 11 0.0725478

41 11 0.0661348

42 11 0.0594608

43 11 0.0525521

44 11 0.045436

45 11 0.0381406

46 11 0.0306947

47 11 0.0231277

48 11 0.0154693

49 11 0.00774996

50 11 0

0 12 0

1 12 0.0083229

2 12 0.0166129

3 12 0.0248374

4 12 0.0329639

5 12 0.0409603

6 12 0.048795

7 12 0.0564371

8 12 0.0638565

9 12 0.0710239

10 12 0.0779111

11 12 0.0844907

12 12 0.0907369

13 12 0.0966249

14 12 0.102132

15 12 0.107235

16 12 0.111916

17 12 0.116155

18 12 0.119935

19 12 0.123242

20 12 0.126063

21 12 0.128386

22 12 0.130202

23 12 0.131505

24 12 0.132289

25 12 0.13255

26 12 0.132289

27 12 0.131505

28 12 0.130202

29 12 0.128386

30 12 0.126063

31 12 0.123242

32 12 0.119935

33 12 0.116155

34 12 0.111916

35 12 0.107235

36 12 0.102132

37 12 0.0966249

38 12 0.0907369

39 12 0.0844907

40 12 0.0779111

41 12 0.0710239

42 12 0.0638565

43 12 0.0564371

44 12 0.048795

45 12 0.0409603

46 12 0.0329639

47 12 0.0248374

48 12 0.0166129

49 12 0.0083229

50 12 0

0 13 0

1 13 0.00886298

2 13 0.017691

3 13 0.0264492

4 13 0.035103

5 13 0.0436183

6 13 0.0519614

7 13 0.0600994

8 13 0.0680003

9 13 0.0756328

10 13 0.0829668

11 13 0.0899734

12 13 0.0966249

13 13 0.102895

14 13 0.108759

15 13 0.114194

16 13 0.119178

17 13 0.123692

18 13 0.127718

19 13 0.131239

20 13 0.134243

21 13 0.136717

22 13 0.138651

23 13 0.140039

24 13 0.140873

25 13 0.141152

26 13 0.140873

27 13 0.140039

28 13 0.138651

29 13 0.136717

30 13 0.134243

31 13 0.131239

32 13 0.127718

33 13 0.123692

34 13 0.119178

35 13 0.114194

36 13 0.108759

37 13 0.102895

38 13 0.0966249

39 13 0.0899734

40 13 0.0829668

41 13 0.0756328

42 13 0.0680003

43 13 0.0600994

44 13 0.0519614

45 13 0.0436183

46 13 0.035103

47 13 0.0264492

48 13 0.017691

49 13 0.00886298

50 13 0

0 14 0

1 14 0.00936809

2 14 0.0186992

3 14 0.0279565

4 14 0.0371035

5 14 0.0461041

6 14 0.0549227

7 14 0.0635246

8 14 0.0718757

9 14 0.0799432

10 14 0.0876952

11 14 0.0951011

12 14 0.102132

13 14 0.108759

14 14 0.114957

15 14 0.120702

16 14 0.12597

17 14 0.130741

18 14 0.134997

19 14 0.138719

20 14 0.141894

21 14 0.144509

22 14 0.146553

23 14 0.14802

24 14 0.148902

25 14 0.149196

26 14 0.148902

27 14 0.14802

28 14 0.146553

29 14 0.144509

30 14 0.141894

31 14 0.138719

32 14 0.134997

33 14 0.130741

34 14 0.12597

35 14 0.120702

36 14 0.114957

37 14 0.108759

38 14 0.102132

39 14 0.0951011

40 14 0.0876952

41 14 0.0799432

42 14 0.0718757

43 14 0.0635246

44 14 0.0549227

45 14 0.0461041

46 14 0.0371035

47 14 0.0279565

48 14 0.0186992

49 14 0.00936809

50 14 0

0 15 0

1 15 0.00983623

2 15 0.0196336

3 15 0.0293536

4 15 0.0389577

5 15 0.048408

6 15 0.0576673

7 15 0.066699

8 15 0.0754675

9 15 0.0839381

10 15 0.0920775

11 15 0.0998535

12 15 0.107235

13 15 0.114194

14 15 0.120702

15 15 0.126734

16 15 0.132265

17 15 0.137275

18 15 0.141743

19 15 0.145651

20 15 0.148984

21 15 0.15173

22 15 0.153877

23 15 0.155416

24 15 0.156342

25 15 0.156652

26 15 0.156342

27 15 0.155416

28 15 0.153877

29 15 0.15173

30 15 0.148984

31 15 0.145651

32 15 0.141743

33 15 0.137275

34 15 0.132265

35 15 0.126734

36 15 0.120702

37 15 0.114194

38 15 0.107235

39 15 0.0998535

40 15 0.0920775

41 15 0.0839381

42 15 0.0754675

43 15 0.066699

44 15 0.0576673

45 15 0.048408

46 15 0.0389577

47 15 0.0293536

48 15 0.0196336

49 15 0.00983623

50 15 0

0 16 0

1 16 0.0102656

2 16 0.0204906

3 16 0.0306348

4 16 0.040658

5 16 0.0505208

6 16 0.0601843

7 16 0.0696102

8 16 0.0787614

9 16 0.0876017

10 16 0.0960963

11 16 0.104212

12 16 0.111916

13 16 0.119178

14 16 0.12597

15 16 0.132265

16 16 0.138038

17 16 0.143266

18 16 0.147929

19 16 0.152008

20 16 0.155487

21 16 0.158353

22 16 0.160593

23 16 0.1622

24 16 0.163166

25 16 0.163489

26 16 0.163166

27 16 0.1622

28 16 0.160593

29 16 0.158353

30 16 0.155487

31 16 0.152008

32 16 0.147929

33 16 0.143266

34 16 0.138038

35 16 0.132265

36 16 0.12597

37 16 0.119178

38 16 0.111916

39 16 0.104212

40 16 0.0960963

41 16 0.0876017

42 16 0.0787614

43 16 0.0696102

44 16 0.0601843

45 16 0.0505208

46 16 0.040658

47 16 0.0306348

48 16 0.0204906

49 16 0.0102656

50 16 0

0 17 0

1 17 0.0106544

2 17 0.0212667

3 17 0.031795

4 17 0.0421979

5 17 0.0524343

6 17 0.0624637

7 17 0.0722466

8 17 0.0817444

9 17 0.0909196

10 17 0.099736

11 17 0.108159

12 17 0.116155

13 17 0.123692

14 17 0.130741

15 17 0.137275

16 17 0.143266

17 17 0.148693

18 17 0.153532

19 17 0.157765

20 17 0.161376

21 17 0.16435

22 17 0.166675

23 17 0.168343

24 17 0.169346

25 17 0.169681

26 17 0.169346

27 17 0.168343

28 17 0.166675

29 17 0.16435

30 17 0.161376

31 17 0.157765

32 17 0.153532

33 17 0.148693

34 17 0.143266

35 17 0.137275

36 17 0.130741

37 17 0.123692

38 17 0.116155

39 17 0.108159

40 17 0.099736

41 17 0.0909196

42 17 0.0817444

43 17 0.0722466

44 17 0.0624637

45 17 0.0524343

46 17 0.0421979

47 17 0.031795

48 17 0.0212667

49 17 0.0106544

50 17 0

0 18 0

1 18 0.0110011

2 18 0.0219588

3 18 0.0328298

4 18 0.0435713

5 18 0.0541408

6 18 0.0644967

7 18 0.074598

8 18 0.0844049

9 18 0.0938787

10 18 0.102982

11 18 0.111679

12 18 0.119935

13 18 0.127718

14 18 0.134997

15 18 0.141743

16 18 0.147929

17 18 0.153532

18 18 0.158529

19 18 0.1629

20 18 0.166628

21 18 0.169699

22 18 0.1721

23 18 0.173822

24 18 0.174858

25 18 0.175203

26 18 0.174858

27 18 0.173822

28 18 0.1721

29 18 0.169699

30 18 0.166628

31 18 0.1629

32 18 0.158529

33 18 0.153532

34 18 0.147929

35 18 0.141743

36 18 0.134997

37 18 0.127718

38 18 0.119935

39 18 0.111679

40 18 0.102982

41 18 0.0938787

42 18 0.0844049

43 18 0.074598

44 18 0.0644967

45 18 0.0541408

46 18 0.0435713

47 18 0.0328298

48 18 0.0219588

49 18 0.0110011

50 18 0

0 19 0

1 19 0.0113045

2 19 0.0225643

3 19 0.0337351

4 19 0.0447727

5 19 0.0556337

6 19 0.0662751

7 19 0.0766549

8 19 0.0867323

9 19 0.0964673

10 19 0.105822

11 19 0.114758

12 19 0.123242

13 19 0.131239

14 19 0.138719

15 19 0.145651

16 19 0.152008

17 19 0.157765

18 19 0.1629

19 19 0.167392

20 19 0.171223

21 19 0.174378

22 19 0.176846

23 19 0.178615

24 19 0.179679

25 19 0.180034

26 19 0.179679

27 19 0.178615

28 19 0.176846

29 19 0.174378

30 19 0.171223

31 19 0.167392

32 19 0.1629

33 19 0.157765

34 19 0.152008

35 19 0.145651

36 19 0.138719

37 19 0.131239

38 19 0.123242

39 19 0.114758

40 19 0.105822

41 19 0.0964673

42 19 0.0867323

43 19 0.0766549

44 19 0.0662751

45 19 0.0556337

46 19 0.0447727

47 19 0.0337351

48 19 0.0225643

49 19 0.0113045

50 19 0

0 20 0

1 20 0.0115632

2 20 0.0230807

3 20 0.0345072

4 20 0.0457975

5 20 0.056907

6 20 0.067792

7 20 0.0784094

8 20 0.0887173

9 20 0.0986751

10 20 0.108244

11 20 0.117385

12 20 0.126063

13 20 0.134243

14 20 0.141894

15 20 0.148984

16 20 0.155487

17 20 0.161376

18 20 0.166628

19 20 0.171223

20 20 0.175142

21 20 0.178369

22 20 0.180893

23 20 0.182703

24 20 0.183792

25 20 0.184155

26 20 0.183792

27 20 0.182703

28 20 0.180893

29 20 0.178369

30 20 0.175142

31 20 0.171223

32 20 0.166628

33 20 0.161376

34 20 0.155487

35 20 0.148984

36 20 0.141894

37 20 0.134243

38 20 0.126063

39 20 0.117385

40 20 0.108244

41 20 0.0986751

42 20 0.0887173

43 20 0.0784094

44 20 0.067792

45 20 0.056907

46 20 0.0457975

47 20 0.0345072

48 20 0.0230807

49 20 0.0115632

50 20 0

0 21 0

1 21 0.0117763

2 21 0.0235061

3 21 0.0351431

4 21 0.0466415

5 21 0.0579557

6 21 0.0690413

7 21 0.0798543

8 21 0.0903523

9 21 0.100494

10 21 0.110238

11 21 0.119548

12 21 0.128386

13 21 0.136717

14 21 0.144509

15 21 0.15173

16 21 0.158353

17 21 0.16435

18 21 0.169699

19 21 0.174378

20 21 0.178369

21 21 0.181656

22 21 0.184227

23 21 0.18607

24 21 0.187179

25 21 0.187549

26 21 0.187179

27 21 0.18607

28 21 0.184227

29 21 0.181656

30 21 0.178369

31 21 0.174378

32 21 0.169699

33 21 0.16435

34 21 0.158353

35 21 0.15173

36 21 0.144509

37 21 0.136717

38 21 0.128386

39 21 0.119548

40 21 0.110238

41 21 0.100494

42 21 0.0903523

43 21 0.0798543

44 21 0.0690413

45 21 0.0579557

46 21 0.0466415

47 21 0.0351431

48 21 0.0235061

49 21 0.0117763

50 21 0

0 22 0

1 22 0.0119429

2 22 0.0238387

3 22 0.0356403

4 22 0.0473014

5 22 0.0587757

6 22 0.0700181

7 22 0.0809842

8 22 0.0916306

9 22 0.101915

10 22 0.111798

11 22 0.121239

12 22 0.130202

13 22 0.138651

14 22 0.146553

15 22 0.153877

16 22 0.160593

17 22 0.166675

18 22 0.1721

19 22 0.176846

20 22 0.180893

21 22 0.184227

22 22 0.186833

23 22 0.188702

24 22 0.189827

25 22 0.190202

26 22 0.189827

27 22 0.188702

28 22 0.186833

29 22 0.184227

30 22 0.180893

31 22 0.176846

32 22 0.1721

33 22 0.166675

34 22 0.160593

35 22 0.153877

36 22 0.146553

37 22 0.138651

38 22 0.130202

39 22 0.121239

40 22 0.111798

41 22 0.101915

42 22 0.0916306

43 22 0.0809842

44 22 0.0700181

45 22 0.0587757

46 22 0.0473014

47 22 0.0356403

48 22 0.0238387

49 22 0.0119429

50 22 0

0 23 0

1 23 0.0120624

2 23 0.0240772

3 23 0.0359969

4 23 0.0477746

5 23 0.0593637

6 23 0.0707186

7 23 0.0817944

8 23 0.0925473

9 23 0.102935

10 23 0.112917

11 23 0.122452

12 23 0.131505

13 23 0.140039

14 23 0.14802

15 23 0.155416

16 23 0.1622

17 23 0.168343

18 23 0.173822

19 23 0.178615

20 23 0.182703

21 23 0.18607

22 23 0.188702

23 23 0.19059

24 23 0.191726

25 23 0.192105

26 23 0.191726

27 23 0.19059

28 23 0.188702

29 23 0.18607

30 23 0.182703

31 23 0.178615

32 23 0.173822

33 23 0.168343

34 23 0.1622

35 23 0.155416

36 23 0.14802

37 23 0.140039

38 23 0.131505

39 23 0.122452

40 23 0.112917

41 23 0.102935

42 23 0.0925473

43 23 0.0817944

44 23 0.0707186

45 23 0.0593637

46 23 0.0477746

47 23 0.0359969

48 23 0.0240772

49 23 0.0120624

50 23 0

0 24 0

1 24 0.0121343

2 24 0.0242206

3 24 0.0362114

4 24 0.0480593

5 24 0.0597175

6 24 0.07114

7 24 0.0822818

8 24 0.0930988

9 24 0.103548

10 24 0.113589

11 24 0.123182

12 24 0.132289

13 24 0.140873

14 24 0.148902

15 24 0.156342

16 24 0.163166

17 24 0.169346

18 24 0.174858

19 24 0.179679

20 24 0.183792

21 24 0.187179

22 24 0.189827

23 24 0.191726

24 24 0.192869

25 24 0.19325

26 24 0.192869

27 24 0.191726

28 24 0.189827

29 24 0.187179

30 24 0.183792

31 24 0.179679

32 24 0.174858

33 24 0.169346

34 24 0.163166

35 24 0.156342

36 24 0.148902

37 24 0.140873

38 24 0.132289

39 24 0.123182

40 24 0.113589

41 24 0.103548

42 24 0.0930988

43 24 0.0822818

44 24 0.07114

45 24 0.0597175

46 24 0.0480593

47 24 0.0362114

48 24 0.0242206

49 24 0.0121343

50 24 0

0 25 0

1 25 0.0121583

2 25 0.0242685

3 25 0.036283

4 25 0.0481543

5 25 0.0598356

6 25 0.0712807

7 25 0.0824445

8 25 0.0932829

9 25 0.103753

10 25 0.113814

11 25 0.123426

12 25 0.13255

13 25 0.141152

14 25 0.149196

15 25 0.156652

16 25 0.163489

17 25 0.169681

18 25 0.175203

19 25 0.180034

20 25 0.184155

21 25 0.187549

22 25 0.190202

23 25 0.192105

24 25 0.19325

25 25 0.193632

26 25 0.19325

27 25 0.192105

28 25 0.190202

29 25 0.187549

30 25 0.184155

31 25 0.180034

32 25 0.175203

33 25 0.169681

34 25 0.163489

35 25 0.156652

36 25 0.149196

37 25 0.141152

38 25 0.13255

39 25 0.123426

40 25 0.113814

41 25 0.103753

42 25 0.0932829

43 25 0.0824445

44 25 0.0712807

45 25 0.0598356

46 25 0.0481543

47 25 0.036283

48 25 0.0242685

49 25 0.0121583

50 25 0

0 26 0

1 26 0.0121343

2 26 0.0242206

3 26 0.0362114

4 26 0.0480593

5 26 0.0597175

6 26 0.07114

7 26 0.0822818

8 26 0.0930988

9 26 0.103548

10 26 0.113589

11 26 0.123182

12 26 0.132289

13 26 0.140873

14 26 0.148902

15 26 0.156342

16 26 0.163166

17 26 0.169346

18 26 0.174858

19 26 0.179679

20 26 0.183792

21 26 0.187179

22 26 0.189827

23 26 0.191726

24 26 0.192869

25 26 0.19325

26 26 0.192869

27 26 0.191726

28 26 0.189827

29 26 0.187179

30 26 0.183792

31 26 0.179679

32 26 0.174858

33 26 0.169346

34 26 0.163166

35 26 0.156342

36 26 0.148902

37 26 0.140873

38 26 0.132289

39 26 0.123182

40 26 0.113589

41 26 0.103548

42 26 0.0930988

43 26 0.0822818

44 26 0.07114

45 26 0.0597175

46 26 0.0480593

47 26 0.0362114

48 26 0.0242206

49 26 0.0121343

50 26 0

0 27 0

1 27 0.0120624

2 27 0.0240772

3 27 0.0359969

4 27 0.0477746

5 27 0.0593637

6 27 0.0707186

7 27 0.0817944

8 27 0.0925473

9 27 0.102935

10 27 0.112917

11 27 0.122452

12 27 0.131505

13 27 0.140039

14 27 0.14802

15 27 0.155416

16 27 0.1622

17 27 0.168343

18 27 0.173822

19 27 0.178615

20 27 0.182703

21 27 0.18607

22 27 0.188702

23 27 0.19059

24 27 0.191726

25 27 0.192105

26 27 0.191726

27 27 0.19059

28 27 0.188702

29 27 0.18607

30 27 0.182703

31 27 0.178615

32 27 0.173822

33 27 0.168343

34 27 0.1622

35 27 0.155416

36 27 0.14802

37 27 0.140039

38 27 0.131505

39 27 0.122452

40 27 0.112917

41 27 0.102935

42 27 0.0925473

43 27 0.0817944

44 27 0.0707186

45 27 0.0593637

46 27 0.0477746

47 27 0.0359969

48 27 0.0240772

49 27 0.0120624

50 27 0

0 28 0

1 28 0.0119429

2 28 0.0238387

3 28 0.0356403

4 28 0.0473014

5 28 0.0587757

6 28 0.0700181

7 28 0.0809842

8 28 0.0916306

9 28 0.101915

10 28 0.111798

11 28 0.121239

12 28 0.130202

13 28 0.138651

14 28 0.146553

15 28 0.153877

16 28 0.160593

17 28 0.166675

18 28 0.1721

19 28 0.176846

20 28 0.180893

21 28 0.184227

22 28 0.186833

23 28 0.188702

24 28 0.189827

25 28 0.190202

26 28 0.189827

27 28 0.188702

28 28 0.186833

29 28 0.184227

30 28 0.180893

31 28 0.176846

32 28 0.1721

33 28 0.166675

34 28 0.160593

35 28 0.153877

36 28 0.146553

37 28 0.138651

38 28 0.130202

39 28 0.121239

40 28 0.111798

41 28 0.101915

42 28 0.0916306

43 28 0.0809842

44 28 0.0700181

45 28 0.0587757

46 28 0.0473014

47 28 0.0356403

48 28 0.0238387

49 28 0.0119429

50 28 0

0 29 0

1 29 0.0117763

2 29 0.0235061

3 29 0.0351431

4 29 0.0466415

5 29 0.0579557

6 29 0.0690413

7 29 0.0798543

8 29 0.0903523

9 29 0.100494

10 29 0.110238

11 29 0.119548

12 29 0.128386

13 29 0.136717

14 29 0.144509

15 29 0.15173

16 29 0.158353

17 29 0.16435

18 29 0.169699

19 29 0.174378

20 29 0.178369

21 29 0.181656

22 29 0.184227

23 29 0.18607

24 29 0.187179

25 29 0.187549

26 29 0.187179

27 29 0.18607

28 29 0.184227

29 29 0.181656

30 29 0.178369

31 29 0.174378

32 29 0.169699

33 29 0.16435

34 29 0.158353

35 29 0.15173

36 29 0.144509

37 29 0.136717

38 29 0.128386

39 29 0.119548

40 29 0.110238

41 29 0.100494

42 29 0.0903523

43 29 0.0798543

44 29 0.0690413

45 29 0.0579557

46 29 0.0466415

47 29 0.0351431

48 29 0.0235061

49 29 0.0117763

50 29 0

0 30 0

1 30 0.0115632

2 30 0.0230807

3 30 0.0345072

4 30 0.0457975

5 30 0.056907

6 30 0.067792

7 30 0.0784094

8 30 0.0887173

9 30 0.0986751

10 30 0.108244

11 30 0.117385

12 30 0.126063

13 30 0.134243

14 30 0.141894

15 30 0.148984

16 30 0.155487

17 30 0.161376

18 30 0.166628

19 30 0.171223

20 30 0.175142

21 30 0.178369

22 30 0.180893

23 30 0.182703

24 30 0.183792

25 30 0.184155

26 30 0.183792

27 30 0.182703

28 30 0.180893

29 30 0.178369

30 30 0.175142

31 30 0.171223

32 30 0.166628

33 30 0.161376

34 30 0.155487

35 30 0.148984

36 30 0.141894

37 30 0.134243

38 30 0.126063

39 30 0.117385

40 30 0.108244

41 30 0.0986751

42 30 0.0887173

43 30 0.0784094

44 30 0.067792

45 30 0.056907

46 30 0.0457975

47 30 0.0345072

48 30 0.0230807

49 30 0.0115632

50 30 0

0 31 0

1 31 0.0113045

2 31 0.0225643

3 31 0.0337351

4 31 0.0447727

5 31 0.0556337

6 31 0.0662751

7 31 0.0766549

8 31 0.0867323

9 31 0.0964673

10 31 0.105822

11 31 0.114758

12 31 0.123242

13 31 0.131239

14 31 0.138719

15 31 0.145651

16 31 0.152008

17 31 0.157765

18 31 0.1629

19 31 0.167392

20 31 0.171223

21 31 0.174378

22 31 0.176846

23 31 0.178615

24 31 0.179679

25 31 0.180034

26 31 0.179679

27 31 0.178615

28 31 0.176846

29 31 0.174378

30 31 0.171223

31 31 0.167392

32 31 0.1629

33 31 0.157765

34 31 0.152008

35 31 0.145651

36 31 0.138719

37 31 0.131239

38 31 0.123242

39 31 0.114758

40 31 0.105822

41 31 0.0964673

42 31 0.0867323

43 31 0.0766549

44 31 0.0662751

45 31 0.0556337

46 31 0.0447727

47 31 0.0337351

48 31 0.0225643

49 31 0.0113045

50 31 0

0 32 0

1 32 0.0110011

2 32 0.0219588

3 32 0.0328298

4 32 0.0435713

5 32 0.0541408

6 32 0.0644967

7 32 0.074598

8 32 0.0844049

9 32 0.0938787

10 32 0.102982

11 32 0.111679

12 32 0.119935

13 32 0.127718

14 32 0.134997

15 32 0.141743

16 32 0.147929

17 32 0.153532

18 32 0.158529

19 32 0.1629

20 32 0.166628

21 32 0.169699

22 32 0.1721

23 32 0.173822

24 32 0.174858

25 32 0.175203

26 32 0.174858

27 32 0.173822

28 32 0.1721

29 32 0.169699

30 32 0.166628

31 32 0.1629

32 32 0.158529

33 32 0.153532

34 32 0.147929

35 32 0.141743

36 32 0.134997

37 32 0.127718

38 32 0.119935

39 32 0.111679

40 32 0.102982

41 32 0.0938787

42 32 0.0844049

43 32 0.074598

44 32 0.0644967

45 32 0.0541408

46 32 0.0435713

47 32 0.0328298

48 32 0.0219588

49 32 0.0110011

50 32 0

0 33 0

1 33 0.0106544

2 33 0.0212667

3 33 0.031795

4 33 0.0421979

5 33 0.0524343

6 33 0.0624637

7 33 0.0722466

8 33 0.0817444

9 33 0.0909196

10 33 0.099736

11 33 0.108159

12 33 0.116155

13 33 0.123692

14 33 0.130741

15 33 0.137275

16 33 0.143266

17 33 0.148693

18 33 0.153532

19 33 0.157765

20 33 0.161376

21 33 0.16435

22 33 0.166675

23 33 0.168343

24 33 0.169346

25 33 0.169681

26 33 0.169346

27 33 0.168343

28 33 0.166675

29 33 0.16435

30 33 0.161376

31 33 0.157765

32 33 0.153532

33 33 0.148693

34 33 0.143266

35 33 0.137275

36 33 0.130741

37 33 0.123692

38 33 0.116155

39 33 0.108159

40 33 0.099736

41 33 0.0909196

42 33 0.0817444

43 33 0.0722466

44 33 0.0624637

45 33 0.0524343

46 33 0.0421979

47 33 0.031795

48 33 0.0212667

49 33 0.0106544

50 33 0

0 34 0

1 34 0.0102656

2 34 0.0204906

3 34 0.0306348

4 34 0.040658

5 34 0.0505208

6 34 0.0601843

7 34 0.0696102

8 34 0.0787614

9 34 0.0876017

10 34 0.0960963

11 34 0.104212

12 34 0.111916

13 34 0.119178

14 34 0.12597

15 34 0.132265

16 34 0.138038

17 34 0.143266

18 34 0.147929

19 34 0.152008

20 34 0.155487

21 34 0.158353

22 34 0.160593

23 34 0.1622

24 34 0.163166

25 34 0.163489

26 34 0.163166

27 34 0.1622

28 34 0.160593

29 34 0.158353

30 34 0.155487

31 34 0.152008

32 34 0.147929

33 34 0.143266

34 34 0.138038

35 34 0.132265

36 34 0.12597

37 34 0.119178

38 34 0.111916

39 34 0.104212

40 34 0.0960963

41 34 0.0876017

42 34 0.0787614

43 34 0.0696102

44 34 0.0601843

45 34 0.0505208

46 34 0.040658

47 34 0.0306348

48 34 0.0204906

49 34 0.0102656

50 34 0

0 35 0

1 35 0.00983623

2 35 0.0196336

3 35 0.0293536

4 35 0.0389577

5 35 0.048408

6 35 0.0576673

7 35 0.066699

8 35 0.0754675

9 35 0.0839381

10 35 0.0920775

11 35 0.0998535

12 35 0.107235

13 35 0.114194

14 35 0.120702

15 35 0.126734

16 35 0.132265

17 35 0.137275

18 35 0.141743

19 35 0.145651

20 35 0.148984

21 35 0.15173

22 35 0.153877

23 35 0.155416

24 35 0.156342

25 35 0.156652

26 35 0.156342

27 35 0.155416

28 35 0.153877

29 35 0.15173

30 35 0.148984

31 35 0.145651

32 35 0.141743

33 35 0.137275

34 35 0.132265

35 35 0.126734

36 35 0.120702

37 35 0.114194

38 35 0.107235

39 35 0.0998535

40 35 0.0920775

41 35 0.0839381

42 35 0.0754675

43 35 0.066699

44 35 0.0576673

45 35 0.048408

46 35 0.0389577

47 35 0.0293536

48 35 0.0196336

49 35 0.00983623

50 35 0

0 36 0

1 36 0.00936809

2 36 0.0186992

3 36 0.0279565

4 36 0.0371035

5 36 0.0461041

6 36 0.0549227

7 36 0.0635246

8 36 0.0718757

9 36 0.0799432

10 36 0.0876952

11 36 0.0951011

12 36 0.102132

13 36 0.108759

14 36 0.114957

15 36 0.120702

16 36 0.12597

17 36 0.130741

18 36 0.134997

19 36 0.138719

20 36 0.141894

21 36 0.144509

22 36 0.146553

23 36 0.14802

24 36 0.148902

25 36 0.149196

26 36 0.148902

27 36 0.14802

28 36 0.146553

29 36 0.144509

30 36 0.141894

31 36 0.138719

32 36 0.134997

33 36 0.130741

34 36 0.12597

35 36 0.120702

36 36 0.114957

37 36 0.108759

38 36 0.102132

39 36 0.0951011

40 36 0.0876952

41 36 0.0799432

42 36 0.0718757

43 36 0.0635246

44 36 0.0549227

45 36 0.0461041

46 36 0.0371035

47 36 0.0279565

48 36 0.0186992

49 36 0.00936809

50 36 0

0 37 0

1 37 0.00886298

2 37 0.017691

3 37 0.0264492

4 37 0.035103

5 37 0.0436183

6 37 0.0519614

7 37 0.0600994

8 37 0.0680003

9 37 0.0756328

10 37 0.0829668

11 37 0.0899734

12 37 0.0966249

13 37 0.102895

14 37 0.108759

15 37 0.114194

16 37 0.119178

17 37 0.123692

18 37 0.127718

19 37 0.131239

20 37 0.134243

21 37 0.136717

22 37 0.138651

23 37 0.140039

24 37 0.140873

25 37 0.141152

26 37 0.140873

27 37 0.140039

28 37 0.138651

29 37 0.136717

30 37 0.134243

31 37 0.131239

32 37 0.127718

33 37 0.123692

34 37 0.119178

35 37 0.114194

36 37 0.108759

37 37 0.102895

38 37 0.0966249

39 37 0.0899734

40 37 0.0829668

41 37 0.0756328

42 37 0.0680003

43 37 0.0600994

44 37 0.0519614

45 37 0.0436183

46 37 0.035103

47 37 0.0264492

48 37 0.017691

49 37 0.00886298

50 37 0

0 38 0

1 38 0.0083229

2 38 0.0166129

3 38 0.0248374

4 38 0.0329639

5 38 0.0409603

6 38 0.048795

7 38 0.0564371

8 38 0.0638565

9 38 0.0710239

10 38 0.0779111

11 38 0.0844907

12 38 0.0907369

13 38 0.0966249

14 38 0.102132

15 38 0.107235

16 38 0.111916

17 38 0.116155

18 38 0.119935

19 38 0.123242

20 38 0.126063

21 38 0.128386

22 38 0.130202

23 38 0.131505

24 38 0.132289

25 38 0.13255

26 38 0.132289

27 38 0.131505

28 38 0.130202

29 38 0.128386

30 38 0.126063

31 38 0.123242

32 38 0.119935

33 38 0.116155

34 38 0.111916

35 38 0.107235

36 38 0.102132

37 38 0.0966249

38 38 0.0907369

39 38 0.0844907

40 38 0.0779111

41 38 0.0710239

42 38 0.0638565

43 38 0.0564371

44 38 0.048795

45 38 0.0409603

46 38 0.0329639

47 38 0.0248374

48 38 0.0166129

49 38 0.0083229

50 38 0

0 39 0

1 39 0.00774996

2 39 0.0154693

3 39 0.0231277

4 39 0.0306947

5 39 0.0381406

6 39 0.045436

7 39 0.0525521

8 39 0.0594608

9 39 0.0661348

10 39 0.0725478

11 39 0.0786745

12 39 0.0844907

13 39 0.0899734

14 39 0.0951011

15 39 0.0998535

16 39 0.104212

17 39 0.108159

18 39 0.111679

19 39 0.114758

20 39 0.117385

21 39 0.119548

22 39 0.121239

23 39 0.122452

24 39 0.123182

25 39 0.123426

26 39 0.123182

27 39 0.122452

28 39 0.121239

29 39 0.119548

30 39 0.117385

31 39 0.114758

32 39 0.111679

33 39 0.108159

34 39 0.104212

35 39 0.0998535

36 39 0.0951011

37 39 0.0899734

38 39 0.0844907

39 39 0.0786745

40 39 0.0725478

41 39 0.0661348

42 39 0.0594608

43 39 0.0525521

44 39 0.045436

45 39 0.0381406

46 39 0.0306947

47 39 0.0231277

48 39 0.0154693

49 39 0.00774996

50 39 0

0 40 0

1 40 0.00714644

2 40 0.0142647

3 40 0.0213266

4 40 0.0283044

5 40 0.0351705

6 40 0.0418977

7 40 0.0484596

8 40 0.0548303

9 40 0.0609846

10 40 0.0668982

11 40 0.0725478

12 40 0.0779111

13 40 0.0829668

14 40 0.0876952

15 40 0.0920775

16 40 0.0960963

17 40 0.099736

18 40 0.102982

19 40 0.105822

20 40 0.108244

21 40 0.110238

22 40 0.111798

23 40 0.112917

24 40 0.113589

25 40 0.113814

26 40 0.113589

27 40 0.112917

28 40 0.111798

29 40 0.110238

30 40 0.108244

31 40 0.105822

32 40 0.102982

33 40 0.099736

34 40 0.0960963

35 40 0.0920775

36 40 0.0876952

37 40 0.0829668

38 40 0.0779111

39 40 0.0725478

40 40 0.0668982

41 40 0.0609846

42 40 0.0548303

43 40 0.0484596

44 40 0.0418977

45 40 0.0351705

46 40 0.0283044

47 40 0.0213266

48 40 0.0142647

49 40 0.00714644

50 40 0

0 41 0

1 41 0.00651472

2 41 0.0130037

3 41 0.0194414

4 41 0.0258024

5 41 0.0320615

6 41 0.0381941

7 41 0.044176

8 41 0.0499835

9 41 0.0555937

10 41 0.0609846

11 41 0.0661348

12 41 0.0710239

13 41 0.0756328

14 41 0.0799432

15 41 0.0839381

16 41 0.0876017

17 41 0.0909196

18 41 0.0938787

19 41 0.0964673

20 41 0.0986751

21 41 0.100494

22 41 0.101915

23 41 0.102935

24 41 0.103548

25 41 0.103753

26 41 0.103548

27 41 0.102935

28 41 0.101915

29 41 0.100494

30 41 0.0986751

31 41 0.0964673

32 41 0.0938787

33 41 0.0909196

34 41 0.0876017

35 41 0.0839381

36 41 0.0799432

37 41 0.0756328

38 41 0.0710239

39 41 0.0661348

40 41 0.0609846

41 41 0.0555937

42 41 0.0499835

43 41 0.044176

44 41 0.0381941

45 41 0.0320615

46 41 0.0258024

47 41 0.0194414

48 41 0.0130037

49 41 0.00651472

50 41 0

0 42 0

1 42 0.00585728

2 42 0.0116914

3 42 0.0174795

4 42 0.0231985

5 42 0.028826

6 42 0.0343397

7 42 0.0397179

8 42 0.0449394

9 42 0.0499835

10 42 0.0548303

11 42 0.0594608

12 42 0.0638565

13 42 0.0680003

14 42 0.0718757

15 42 0.0754675

16 42 0.0787614

17 42 0.0817444

18 42 0.0844049

19 42 0.0867323

20 42 0.0887173

21 42 0.0903523

22 42 0.0916306

23 42 0.0925473

24 42 0.0930988

25 42 0.0932829

26 42 0.0930988

27 42 0.0925473

28 42 0.0916306

29 42 0.0903523

30 42 0.0887173

31 42 0.0867323

32 42 0.0844049

33 42 0.0817444

34 42 0.0787614

35 42 0.0754675

36 42 0.0718757

37 42 0.0680003

38 42 0.0638565

39 42 0.0594608

40 42 0.0548303

41 42 0.0499835

42 42 0.0449394

43 42 0.0397179

44 42 0.0343397

45 42 0.028826

46 42 0.0231985

47 42 0.0174795

48 42 0.0116914

49 42 0.00585728

50 42 0

0 43 0

1 43 0.00517673

2 43 0.010333

3 43 0.0154486

4 43 0.0205031

5 43 0.0254767

6 43 0.0303498

7 43 0.0351032

8 43 0.0397179

9 43 0.044176

10 43 0.0484596

11 43 0.0525521

12 43 0.0564371

13 43 0.0600994

14 43 0.0635246

15 43 0.066699

16 43 0.0696102

17 43 0.0722466

18 43 0.074598

19 43 0.0766549

20 43 0.0784094

21 43 0.0798543

22 43 0.0809842

23 43 0.0817944

24 43 0.0822818

25 43 0.0824445

26 43 0.0822818

27 43 0.0817944

28 43 0.0809842

29 43 0.0798543

30 43 0.0784094

31 43 0.0766549

32 43 0.074598

33 43 0.0722466

34 43 0.0696102

35 43 0.066699

36 43 0.0635246

37 43 0.0600994

38 43 0.0564371

39 43 0.0525521

40 43 0.0484596

41 43 0.044176

42 43 0.0397179

43 43 0.0351032

44 43 0.0303498

45 43 0.0254767

46 43 0.0205031

47 43 0.0154486

48 43 0.010333

49 43 0.00517673

50 43 0

0 44 0

1 44 0.00447575

2 44 0.00893384

3 44 0.0133567

4 44 0.0177268

5 44 0.0220269

6 44 0.0262402

7 44 0.0303498

8 44 0.0343397

9 44 0.0381941

10 44 0.0418977

11 44 0.045436

12 44 0.048795

13 44 0.0519614

14 44 0.0549227

15 44 0.0576673

16 44 0.0601843

17 44 0.0624637

18 44 0.0644967

19 44 0.0662751

20 44 0.067792

21 44 0.0690413

22 44 0.0700181

23 44 0.0707186

24 44 0.07114

25 44 0.0712807

26 44 0.07114

27 44 0.0707186

28 44 0.0700181

29 44 0.0690413

30 44 0.067792

31 44 0.0662751

32 44 0.0644967

33 44 0.0624637

34 44 0.0601843

35 44 0.0576673

36 44 0.0549227

37 44 0.0519614

38 44 0.048795

39 44 0.045436

40 44 0.0418977

41 44 0.0381941

42 44 0.0343397

43 44 0.0303498

44 44 0.0262402

45 44 0.0220269

46 44 0.0177268

47 44 0.0133567

48 44 0.00893384

49 44 0.00447575

50 44 0

0 45 0

1 45 0.00375711

2 45 0.00749938

3 45 0.0112121

4 45 0.0148805

5 45 0.0184902

6 45 0.0220269

7 45 0.0254767

8 45 0.028826

9 45 0.0320615

10 45 0.0351705

11 45 0.0381406

12 45 0.0409603

13 45 0.0436183

14 45 0.0461041

15 45 0.048408

16 45 0.0505208

17 45 0.0524343

18 45 0.0541408

19 45 0.0556337

20 45 0.056907

21 45 0.0579557

22 45 0.0587757

23 45 0.0593637

24 45 0.0597175

25 45 0.0598356

26 45 0.0597175

27 45 0.0593637

28 45 0.0587757

29 45 0.0579557

30 45 0.056907

31 45 0.0556337

32 45 0.0541408

33 45 0.0524343

34 45 0.0505208

35 45 0.048408

36 45 0.0461041

37 45 0.0436183

38 45 0.0409603

39 45 0.0381406

40 45 0.0351705

41 45 0.0320615

42 45 0.028826

43 45 0.0254767

44 45 0.0220269

45 45 0.0184902

46 45 0.0148805

47 45 0.0112121

48 45 0.00749938

49 45 0.00375711

50 45 0

0 46 0

1 46 0.00302363

2 46 0.00603534

3 46 0.00902322

4 46 0.0119755

5 46 0.0148805

6 46 0.0177268

7 46 0.0205031

8 46 0.0231985

9 46 0.0258024

10 46 0.0283044

11 46 0.0306947

12 46 0.0329639

13 46 0.035103

14 46 0.0371035

15 46 0.0389577

16 46 0.040658

17 46 0.0421979

18 46 0.0435713

19 46 0.0447727

20 46 0.0457975

21 46 0.0466415

22 46 0.0473014

23 46 0.0477746

24 46 0.0480593

25 46 0.0481543

26 46 0.0480593

27 46 0.0477746

28 46 0.0473014

29 46 0.0466415

30 46 0.0457975

31 46 0.0447727

32 46 0.0435713

33 46 0.0421979

34 46 0.040658

35 46 0.0389577

36 46 0.0371035

37 46 0.035103

38 46 0.0329639

39 46 0.0306947

40 46 0.0283044

41 46 0.0258024

42 46 0.0231985

43 46 0.0205031

44 46 0.0177268

45 46 0.0148805

46 46 0.0119755

47 46 0.00902322

48 46 0.00603534

49 46 0.00302363

50 46 0

0 47 0

1 47 0.00227823

2 47 0.00454747

3 47 0.00679876

4 47 0.00902322

5 47 0.0112121

6 47 0.0133567

7 47 0.0154486

8 47 0.0174795

9 47 0.0194414

10 47 0.0213266

11 47 0.0231277

12 47 0.0248374

13 47 0.0264492

14 47 0.0279565

15 47 0.0293536

16 47 0.0306348

17 47 0.031795

18 47 0.0328298

19 47 0.0337351

20 47 0.0345072

21 47 0.0351431

22 47 0.0356403

23 47 0.0359969

24 47 0.0362114

25 47 0.036283

26 47 0.0362114

27 47 0.0359969

28 47 0.0356403

29 47 0.0351431

30 47 0.0345072

31 47 0.0337351

32 47 0.0328298

33 47 0.031795

34 47 0.0306348

35 47 0.0293536

36 47 0.0279565

37 47 0.0264492

38 47 0.0248374

39 47 0.0231277

40 47 0.0213266

41 47 0.0194414

42 47 0.0174795

43 47 0.0154486

44 47 0.0133567

45 47 0.0112121

46 47 0.00902322

47 47 0.00679876

48 47 0.00454747

49 47 0.00227823

50 47 0

0 48 0

1 48 0.00152383

2 48 0.00304165

3 48 0.00454747

4 48 0.00603534

5 48 0.00749938

6 48 0.00893384

7 48 0.010333

8 48 0.0116914

9 48 0.0130037

10 48 0.0142647

11 48 0.0154693

12 48 0.0166129

13 48 0.017691

14 48 0.0186992

15 48 0.0196336

16 48 0.0204906

17 48 0.0212667

18 48 0.0219588

19 48 0.0225643

20 48 0.0230807

21 48 0.0235061

22 48 0.0238387

23 48 0.0240772

24 48 0.0242206

25 48 0.0242685

26 48 0.0242206

27 48 0.0240772

28 48 0.0238387

29 48 0.0235061

30 48 0.0230807

31 48 0.0225643

32 48 0.0219588

33 48 0.0212667

34 48 0.0204906

35 48 0.0196336

36 48 0.0186992

37 48 0.017691

38 48 0.0166129

39 48 0.0154693

40 48 0.0142647

41 48 0.0130037

42 48 0.0116914

43 48 0.010333

44 48 0.00893384

45 48 0.00749938

46 48 0.00603534

47 48 0.00454747

48 48 0.00304165

49 48 0.00152383

50 48 0

0 49 0

1 49 0.000763423

2 49 0.00152383

3 49 0.00227823

4 49 0.00302363

5 49 0.00375711

6 49 0.00447575

7 49 0.00517673

8 49 0.00585728

9 49 0.00651472

10 49 0.00714644

11 49 0.00774996

12 49 0.0083229

13 49 0.00886298

14 49 0.00936809

15 49 0.00983623

16 49 0.0102656

17 49 0.0106544

18 49 0.0110011

19 49 0.0113045

20 49 0.0115632

21 49 0.0117763

22 49 0.0119429

23 49 0.0120624

24 49 0.0121343

25 49 0.0121583

26 49 0.0121343

27 49 0.0120624

28 49 0.0119429

29 49 0.0117763

30 49 0.0115632

31 49 0.0113045

32 49 0.0110011

33 49 0.0106544

34 49 0.0102656

35 49 0.00983623

36 49 0.00936809

37 49 0.00886298

38 49 0.0083229

39 49 0.00774996

40 49 0.00714644

41 49 0.00651472

42 49 0.00585728

43 49 0.00517673

44 49 0.00447575

45 49 0.00375711

46 49 0.00302363

47 49 0.00227823

48 49 0.00152383

49 49 0.000763423

50 49 0

