0 1 0

1 1 0.00077557

2 1 0.00154808

3 1 0.00231448

4 1 0.00307175

5 1 0.00381689

6 1 0.00454697

7 1 0.0052591

8 1 0.00595048

9 1 0.00661838

10 1 0.00726015

11 1 0.00787328

12 1 0.00845533

13 1 0.00900401

14 1 0.00951716

15 1 0.00999274

16 1 0.0104289

17 1 0.0108239

18 1 0.0111762

19 1 0.0114843

20 1 0.0117472

21 1 0.0119637

22 1 0.0121329

23 1 0.0122543

24 1 0.0123273

25 1 0.0123517

26 1 0.0123273

27 1 0.0122543

28 1 0.0121329

29 1 0.0119637

30 1 0.0117472

31 1 0.0114843

32 1 0.0111762

33 1 0.0108239

34 1 0.0104289

35 1 0.00999274

36 1 0.00951716

37 1 0.00900401

38 1 0.00845533

39 1 0.00787328

40 1 0.00726015

41 1 0.00661838

42 1 0.00595048

43 1 0.0052591

44 1 0.00454697

45 1 0.00381689

46 1 0.00307175

47 1 0.00231448

48 1 0.00154808

49 1 0.00077557

50 1 0

0 2 0

1 2 0.00154808

2 2 0.00309005

3 2 0.00461983

4 2 0.00613137

5 2 0.00761871

6 2 0.00907599

7 2 0.0104974

8 2 0.0118775

9 2 0.0132106

10 2 0.0144917

11 2 0.0157155

12 2 0.0168773

13 2 0.0179725

14 2 0.0189968

15 2 0.0199461

16 2 0.0208166

17 2 0.0216051

18 2 0.0223082

19 2 0.0229233

20 2 0.023448

21 2 0.0238801

22 2 0.024218

23 2 0.0244603

24 2 0.024606

25 2 0.0246547

26 2 0.024606

27 2 0.0244603

28 2 0.024218

29 2 0.0238801

30 2 0.023448

31 2 0.0229233

32 2 0.0223082

33 2 0.0216051

34 2 0.0208166

35 2 0.0199461

36 2 0.0189968

37 2 0.0179725

38 2 0.0168773

39 2 0.0157155

40 2 0.0144917

41 2 0.0132106

42 2 0.0118775

43 2 0.0104974

44 2 0.00907599

45 2 0.00761871

46 2 0.00613137

47 2 0.00461983

48 2 0.00309005

49 2 0.00154808

50 2 0

0 3 0

1 3 0.00231448

2 3 0.00461983

3 3 0.00690694

4 3 0.00916679

5 3 0.0113905

6 3 0.0135692

7 3 0.0156944

8 3 0.0177576

9 3 0.0197508

10 3 0.021666

11 3 0.0234957

12 3 0.0252326

13 3 0.02687

14 3 0.0284014

15 3 0.0298206

16 3 0.0311222

17 3 0.032301

18 3 0.0333522

19 3 0.0342719

20 3 0.0350563

21 3 0.0357023

22 3 0.0362074

23 3 0.0365697

24 3 0.0367876

25 3 0.0368603

26 3 0.0367876

27 3 0.0365697

28 3 0.0362074

29 3 0.0357023

30 3 0.0350563

31 3 0.0342719

32 3 0.0333522

33 3 0.032301

34 3 0.0311222

35 3 0.0298206

36 3 0.0284014

37 3 0.02687

38 3 0.0252326

39 3 0.0234957

40 3 0.021666

41 3 0.0197508

42 3 0.0177576

43 3 0.0156944

44 3 0.0135692

45 3 0.0113905

46 3 0.00916679

47 3 0.00690694

48 3 0.00461983

49 3 0.00231448

50 3 0

0 4 0

1 4 0.00307175

2 4 0.00613137

3 4 0.00916679

4 4 0.012166

5 4 0.0151173

6 4 0.0180088

7 4 0.0208293

8 4 0.0235676

9 4 0.0262129

10 4 0.0287548

11 4 0.0311831

12 4 0.0334884

13 4 0.0356615

14 4 0.0376939

15 4 0.0395775

16 4 0.041305

17 4 0.0428694

18 4 0.0442646

19 4 0.0454852

20 4 0.0465262

21 4 0.0473836

22 4 0.048054

23 4 0.0485348

24 4 0.048824

25 4 0.0489205

26 4 0.048824

27 4 0.0485348

28 4 0.048054

29 4 0.0473836

30 4 0.0465262

31 4 0.0454852

32 4 0.0442646

33 4 0.0428694

34 4 0.041305

35 4 0.0395775

36 4 0.0376939

37 4 0.0356615

38 4 0.0334884

39 4 0.0311831

40 4 0.0287548

41 4 0.0262129

42 4 0.0235676

43 4 0.0208293

44 4 0.0180088

45 4 0.0151173

46 4 0.012166

47 4 0.00916679

48 4 0.00613137

49 4 0.00307175

50 4 0

0 5 0

1 5 0.00381689

2 5 0.00761871

3 5 0.0113905

4 5 0.0151173

5 5 0.0187844

6 5 0.0223774

7 5 0.0258821

8 5 0.0292847

9 5 0.0325717

10 5 0.0357301

11 5 0.0387475

12 5 0.041612

13 5 0.0443123

14 5 0.0468377

15 5 0.0491782

16 5 0.0513247

17 5 0.0532686

18 5 0.0550023

19 5 0.0565189

20 5 0.0578125

21 5 0.0588779

22 5 0.0597109

23 5 0.0603083

24 5 0.0606677

25 5 0.0607877

26 5 0.0606677

27 5 0.0603083

28 5 0.0597109

29 5 0.0588779

30 5 0.0578125

31 5 0.0565189

32 5 0.0550023

33 5 0.0532686

34 5 0.0513247

35 5 0.0491782

36 5 0.0468377

37 5 0.0443123

38 5 0.041612

39 5 0.0387475

40 5 0.0357301

41 5 0.0325717

42 5 0.0292847

43 5 0.0258821

44 5 0.0223774

45 5 0.0187844

46 5 0.0151173

47 5 0.0113905

48 5 0.00761871

49 5 0.00381689

50 5 0

0 6 0

1 6 0.00454697

2 6 0.00907599

3 6 0.0135692

4 6 0.0180088

5 6 0.0223774

6 6 0.0266577

7 6 0.0308328

8 6 0.0348861

9 6 0.0388018

10 6 0.0425644

11 6 0.046159

12 6 0.0495714

13 6 0.0527882

14 6 0.0557966

15 6 0.0585849

16 6 0.0611419

17 6 0.0634576

18 6 0.0655229

19 6 0.0673297

20 6 0.0688706

21 6 0.0701398

22 6 0.0711322

23 6 0.0718439

24 6 0.072272

25 6 0.0724149

26 6 0.072272

27 6 0.0718439

28 6 0.0711322

29 6 0.0701398

30 6 0.0688706

31 6 0.0673297

32 6 0.0655229

33 6 0.0634576

34 6 0.0611419

35 6 0.0585849

36 6 0.0557966

37 6 0.0527882

38 6 0.0495714

39 6 0.046159

40 6 0.0425644

41 6 0.0388018

42 6 0.0348861

43 6 0.0308328

44 6 0.0266577

45 6 0.0223774

46 6 0.0180088

47 6 0.0135692

48 6 0.00907599

49 6 0.00454697

50 6 0

0 7 0

1 7 0.0052591

2 7 0.0104974

3 7 0.0156944

4 7 0.0208293

5 7 0.0258821

6 7 0.0308328

7 7 0.0356617

8 7 0.0403499

9 7 0.0448789

10 7 0.0492307

11 7 0.0533883

12 7 0.0573351

13 7 0.0610557

14 7 0.0645354

15 7 0.0677603

16 7 0.0707178

17 7 0.0733962

18 7 0.075785

19 7 0.0778747

20 7 0.079657

21 7 0.081125

22 7 0.0822728

23 7 0.0830959

24 7 0.083591

25 7 0.0837563

26 7 0.083591

27 7 0.0830959

28 7 0.0822728

29 7 0.081125

30 7 0.079657

31 7 0.0778747

32 7 0.075785

33 7 0.0733962

34 7 0.0707178

35 7 0.0677603

36 7 0.0645354

37 7 0.0610557

38 7 0.0573351

39 7 0.0533883

40 7 0.0492307

41 7 0.0448789

42 7 0.0403499

43 7 0.0356617

44 7 0.0308328

45 7 0.0258821

46 7 0.0208293

47 7 0.0156944

48 7 0.0104974

49 7 0.0052591

50 7 0

0 8 0

1 8 0.00595048

2 8 0.0118775

3 8 0.0177576

4 8 0.0235676

5 8 0.0292847

6 8 0.0348861

7 8 0.0403499

8 8 0.0456544

9 8 0.0507788

10 8 0.0557028

11 8 0.0604069

12 8 0.0648726

13 8 0.0690823

14 8 0.0730194

15 8 0.0766683

16 8 0.0800146

17 8 0.0830451

18 8 0.0857479

19 8 0.0881123

20 8 0.090129

21 8 0.0917899

22 8 0.0930886

23 8 0.0940199

24 8 0.0945802

25 8 0.0947672

26 8 0.0945802

27 8 0.0940199

28 8 0.0930886

29 8 0.0917899

30 8 0.090129

31 8 0.0881123

32 8 0.0857479

33 8 0.0830451

34 8 0.0800146

35 8 0.0766683

36 8 0.0730194

37 8 0.0690823

38 8 0.0648726

39 8 0.0604069

40 8 0.0557028

41 8 0.0507788

42 8 0.0456544

43 8 0.0403499

44 8 0.0348861

45 8 0.0292847

46 8 0.0235676

47 8 0.0177576

48 8 0.0118775

49 8 0.00595048

50 8 0

0 9 0

1 9 0.00661838

2 9 0.0132106

3 9 0.0197508

4 9 0.0262129

5 9 0.0325717

6 9 0.0388018

7 9 0.0448789

8 9 0.0507788

9 9 0.0564783

10 9 0.061955

11 9 0.0671871

12 9 0.0721541

13 9 0.0768363

14 9 0.0812152

15 9 0.0852737

16 9 0.0889956

17 9 0.0923663

18 9 0.0953725

19 9 0.0980022

20 9 0.100245

21 9 0.102093

22 9 0.103537

23 9 0.104573

24 9 0.105196

25 9 0.105404

26 9 0.105196

27 9 0.104573

28 9 0.103537

29 9 0.102093

30 9 0.100245

31 9 0.0980022

32 9 0.0953725

33 9 0.0923663

34 9 0.0889956

35 9 0.0852737

36 9 0.0812152

37 9 0.0768363

38 9 0.0721541

39 9 0.0671871

40 9 0.061955

41 9 0.0564783

42 9 0.0507788

43 9 0.0448789

44 9 0.0388018

45 9 0.0325717

46 9 0.0262129

47 9 0.0197508

48 9 0.0132106

49 9 0.00661838

50 9 0

0 10 0

1 10 0.00726015

2 10 0.0144917

3 10 0.021666

4 10 0.0287548

5 10 0.0357301

6 10 0.0425644

7 10 0.0492307

8 10 0.0557028

9 10 0.061955

10 10 0.0679627

11 10 0.0737021

12 10 0.0791508

13 10 0.084287

14 10 0.0890906

15 10 0.0935426

16 10 0.0976254

17 10 0.101323

18 10 0.104621

19 10 0.107505

20 10 0.109966

21 10 0.111992

22 10 0.113577

23 10 0.114713

24 10 0.115397

25 10 0.115625

26 10 0.115397

27 10 0.114713

28 10 0.113577

29 10 0.111992

30 10 0.109966

31 10 0.107505

32 10 0.104621

33 10 0.101323

34 10 0.0976254

35 10 0.0935426

36 10 0.0890906

37 10 0.084287

38 10 0.0791508

39 10 0.0737021

40 10 0.0679627

41 10 0.061955

42 10 0.0557028

43 10 0.0492307

44 10 0.0425644

45 10 0.0357301

46 10 0.0287548

47 10 0.021666

48 10 0.0144917

49 10 0.00726015

50 10 0

0 11 0

1 11 0.00787328

2 11 0.0157155

3 11 0.0234957

4 11 0.0311831

5 11 0.0387475

6 11 0.046159

7 11 0.0533883

8 11 0.0604069

9 11 0.0671871

10 11 0.0737021

11 11 0.0799263

12 11 0.0858351

13 11 0.0914051

14 11 0.0966143

15 11 0.101442

16 11 0.10587

17 11 0.10988

18 11 0.113456

19 11 0.116584

20 11 0.119253

21 11 0.12145

22 11 0.123169

23 11 0.124401

24 11 0.125142

25 11 0.12539

26 11 0.125142

27 11 0.124401

28 11 0.123169

29 11 0.12145

30 11 0.119253

31 11 0.116584

32 11 0.113456

33 11 0.10988

34 11 0.10587

35 11 0.101442

36 11 0.0966143

37 11 0.0914051

38 11 0.0858351

39 11 0.0799263

40 11 0.0737021

41 11 0.0671871

42 11 0.0604069

43 11 0.0533883

44 11 0.046159

45 11 0.0387475

46 11 0.0311831

47 11 0.0234957

48 11 0.0157155

49 11 0.00787328

50 11 0

0 12 0

1 12 0.00845533

2 12 0.0168773

3 12 0.0252326

4 12 0.0334884

5 12 0.041612

6 12 0.0495714

7 12 0.0573351

8 12 0.0648726

9 12 0.0721541

10 12 0.0791508

11 12 0.0858351

12 12 0.0921806

13 12 0.0981624

14 12 0.103757

15 12 0.108942

16 12 0.113697

17 12 0.118003

18 12 0.121843

19 12 0.125203

20 12 0.128069

21 12 0.130429

22 12 0.132274

23 12 0.133597

24 12 0.134394

25 12 0.134659

26 12 0.134394

27 12 0.133597

28 12 0.132274

29 12 0.130429

30 12 0.128069

31 12 0.125203

32 12 0.121843

33 12 0.118003

34 12 0.113697

35 12 0.108942

36 12 0.103757

37 12 0.0981624

38 12 0.0921806

39 12 0.0858351

40 12 0.0791508

41 12 0.0721541

42 12 0.0648726

43 12 0.0573351

44 12 0.0495714

45 12 0.041612

46 12 0.0334884

47 12 0.0252326

48 12 0.0168773

49 12 0.00845533

50 12 0

0 13 0

1 13 0.00900401

2 13 0.0179725

3 13 0.02687

4 13 0.0356615

5 13 0.0443123

6 13 0.0527882

7 13 0.0610557

8 13 0.0690823

9 13 0.0768363

10 13 0.084287

11 13 0.0914051

12 13 0.0981624

13 13 0.104532

14 13 0.11049

15 13 0.116011

16 13 0.121075

17 13 0.12566

18 13 0.12975

19 13 0.133328

20 13 0.136379

21 13 0.138892

22 13 0.140858

23 13 0.142267

24 13 0.143115

25 13 0.143398

26 13 0.143115

27 13 0.142267

28 13 0.140858

29 13 0.138892

30 13 0.136379

31 13 0.133328

32 13 0.12975

33 13 0.12566

34 13 0.121075

35 13 0.116011

36 13 0.11049

37 13 0.104532

38 13 0.0981624

39 13 0.0914051

40 13 0.084287

41 13 0.0768363

42 13 0.0690823

43 13 0.0610557

44 13 0.0527882

45 13 0.0443123

46 13 0.0356615

47 13 0.02687

48 13 0.0179725

49 13 0.00900401

50 13 0

0 14 0

1 14 0.00951716

2 14 0.0189968

3 14 0.0284014

4 14 0.0376939

5 14 0.0468377

6 14 0.0557966

7 14 0.0645354

8 14 0.0730194

9 14 0.0812152

10 14 0.0890906

11 14 0.0966143

12 14 0.103757

13 14 0.11049

14 14 0.116787

15 14 0.122623

16 14 0.127975

17 14 0.132822

18 14 0.137145

19 14 0.140926

20 14 0.144152

21 14 0.146808

22 14 0.148885

23 14 0.150375

24 14 0.151271

25 14 0.15157

26 14 0.151271

27 14 0.150375

28 14 0.148885

29 14 0.146808

30 14 0.144152

31 14 0.140926

32 14 0.137145

33 14 0.132822

34 14 0.127975

35 14 0.122623

36 14 0.116787

37 14 0.11049

38 14 0.103757

39 14 0.0966143

40 14 0.0890906

41 14 0.0812152

42 14 0.0730194

43 14 0.0645354

44 14 0.0557966

45 14 0.0468377

46 14 0.0376939

47 14 0.0284014

48 14 0.0189968

49 14 0.00951716

50 14 0

0 15 0

1 15 0.00999274

2 15 0.0199461

3 15 0.0298206

4 15 0.0395775

5 15 0.0491782

6 15 0.0585849

7 15 0.0677603

8 15 0.0766683

9 15 0.0852737

10 15 0.0935426

11 15 0.101442

12 15 0.108942

13 15 0.116011

14 15 0.122623

15 15 0.12875

16 15 0.13437

17 15 0.139459

18 15 0.143998

19 15 0.147968

20 15 0.151355

21 15 0.154144

22 15 0.156325

23 15 0.157889

24 15 0.15883

25 15 0.159144

26 15 0.15883

27 15 0.157889

28 15 0.156325

29 15 0.154144

30 15 0.151355

31 15 0.147968

32 15 0.143998

33 15 0.139459

34 15 0.13437

35 15 0.12875

36 15 0.122623

37 15 0.116011

38 15 0.108942

39 15 0.101442

40 15 0.0935426

41 15 0.0852737

42 15 0.0766683

43 15 0.0677603

44 15 0.0585849

45 15 0.0491782

46 15 0.0395775

47 15 0.0298206

48 15 0.0199461

49 15 0.00999274

50 15 0

0 16 0

1 16 0.0104289

2 16 0.0208166

3 16 0.0311222

4 16 0.041305

5 16 0.0513247

6 16 0.0611419

7 16 0.0707178

8 16 0.0800146

9 16 0.0889956

10 16 0.0976254

11 16 0.10587

12 16 0.113697

13 16 0.121075

14 16 0.127975

15 16 0.13437

16 16 0.140235

17 16 0.145546

18 16 0.150283

19 16 0.154427

20 16 0.157961

21 16 0.160872

22 16 0.163148

23 16 0.164781

24 16 0.165763

25 16 0.16609

26 16 0.165763

27 16 0.164781

28 16 0.163148

29 16 0.160872

30 16 0.157961

31 16 0.154427

32 16 0.150283

33 16 0.145546

34 16 0.140235

35 16 0.13437

36 16 0.127975

37 16 0.121075

38 16 0.113697

39 16 0.10587

40 16 0.0976254

41 16 0.0889956

42 16 0.0800146

43 16 0.0707178

44 16 0.0611419

45 16 0.0513247

46 16 0.041305

47 16 0.0311222

48 16 0.0208166

49 16 0.0104289

50 16 0

0 17 0

1 17 0.0108239

2 17 0.0216051

3 17 0.032301

4 17 0.0428694

5 17 0.0532686

6 17 0.0634576

7 17 0.0733962

8 17 0.0830451

9 17 0.0923663

10 17 0.101323

11 17 0.10988

12 17 0.118003

13 17 0.12566

14 17 0.132822

15 17 0.139459

16 17 0.145546

17 17 0.151059

18 17 0.155975

19 17 0.160276

20 17 0.163944

21 17 0.166965

22 17 0.169328

23 17 0.171022

24 17 0.172041

25 17 0.172381

26 17 0.172041

27 17 0.171022

28 17 0.169328

29 17 0.166965

30 17 0.163944

31 17 0.160276

32 17 0.155975

33 17 0.151059

34 17 0.145546

35 17 0.139459

36 17 0.132822

37 17 0.12566

38 17 0.118003

39 17 0.10988

40 17 0.101323

41 17 0.0923663

42 17 0.0830451

43 17 0.0733962

44 17 0.0634576

45 17 0.0532686

46 17 0.0428694

47 17 0.032301

48 17 0.0216051

49 17 0.0108239

50 17 0

0 18 0

1 18 0.0111762

2 18 0.0223082

3 18 0.0333522

4 18 0.0442646

5 18 0.0550023

6 18 0.0655229

7 18 0.075785

8 18 0.0857479

9 18 0.0953725

10 18 0.104621

11 18 0.113456

12 18 0.121843

13 18 0.12975

14 18 0.137145

15 18 0.143998

16 18 0.150283

17 18 0.155975

18 18 0.161051

19 18 0.165492

20 18 0.16928

21 18 0.172399

22 18 0.174839

23 18 0.176588

24 18 0.17764

25 18 0.177991

26 18 0.17764

27 18 0.176588

28 18 0.174839

29 18 0.172399

30 18 0.16928

31 18 0.165492

32 18 0.161051

33 18 0.155975

34 18 0.150283

35 18 0.143998

36 18 0.137145

37 18 0.12975

38 18 0.121843

39 18 0.113456

40 18 0.104621

41 18 0.0953725

42 18 0.0857479

43 18 0.075785

44 18 0.0655229

45 18 0.0550023

46 18 0.0442646

47 18 0.0333522

48 18 0.0223082

49 18 0.0111762

50 18 0

0 19 0

1 19 0.0114843

2 19 0.0229233

3 19 0.0342719

4 19 0.0454852

5 19 0.0565189

6 19 0.0673297

7 19 0.0778747

8 19 0.0881123

9 19 0.0980022

10 19 0.107505

11 19 0.116584

12 19 0.125203

13 19 0.133328

14 19 0.140926

15 19 0.147968

16 19 0.154427

17 19 0.160276

18 19 0.165492

19 19 0.170055

20 19 0.173947

21 19 0.177153

22 19 0.179659

23 19 0.181457

24 19 0.182538

25 19 0.182899

26 19 0.182538

27 19 0.181457

28 19 0.179659

29 19 0.177153

30 19 0.173947

31 19 0.170055

32 19 0.165492

33 19 0.160276

34 19 0.154427

35 19 0.147968

36 19 0.140926

37 19 0.133328

38 19 0.125203

39 19 0.116584

40 19 0.107505

41 19 0.0980022

42 19 0.0881123

43 19 0.0778747

44 19 0.0673297

45 19 0.0565189

46 19 0.0454852

47 19 0.0342719

48 19 0.0229233

49 19 0.0114843

50 19 0

0 20 0

1 20 0.0117472

2 20 0.023448

3 20 0.0350563

4 20 0.0465262

5 20 0.0578125

6 20 0.0688706

7 20 0.079657

8 20 0.090129

9 20 0.100245

10 20 0.109966

11 20 0.119253

12 20 0.128069

13 20 0.136379

14 20 0.144152

15 20 0.151355

16 20 0.157961

17 20 0.163944

18 20 0.16928

19 20 0.173947

20 20 0.177929

21 20 0.181208

22 20 0.183771

23 20 0.18561

24 20 0.186716

25 20 0.187085

26 20 0.186716

27 20 0.18561

28 20 0.183771

29 20 0.181208

30 20 0.177929

31 20 0.173947

32 20 0.16928

33 20 0.163944

34 20 0.157961

35 20 0.151355

36 20 0.144152

37 20 0.136379

38 20 0.128069

39 20 0.119253

40 20 0.109966

41 20 0.100245

42 20 0.090129

43 20 0.079657

44 20 0.0688706

45 20 0.0578125

46 20 0.0465262

47 20 0.0350563

48 20 0.023448

49 20 0.0117472

50 20 0

0 21 0

1 21 0.0119637

2 21 0.0238801

3 21 0.0357023

4 21 0.0473836

5 21 0.0588779

6 21 0.0701398

7 21 0.081125

8 21 0.0917899

9 21 0.102093

10 21 0.111992

11 21 0.12145

12 21 0.130429

13 21 0.138892

14 21 0.146808

15 21 0.154144

16 21 0.160872

17 21 0.166965

18 21 0.172399

19 21 0.177153

20 21 0.181208

21 21 0.184547

22 21 0.187158

23 21 0.18903

24 21 0.190157

25 21 0.190533

26 21 0.190157

27 21 0.18903

28 21 0.187158

29 21 0.184547

30 21 0.181208

31 21 0.177153

32 21 0.172399

33 21 0.166965

34 21 0.160872

35 21 0.154144

36 21 0.146808

37 21 0.138892

38 21 0.130429

39 21 0.12145

40 21 0.111992

41 21 0.102093

42 21 0.0917899

43 21 0.081125

44 21 0.0701398

45 21 0.0588779

46 21 0.0473836

47 21 0.0357023

48 21 0.0238801

49 21 0.0119637

50 21 0

0 22 0

1 22 0.0121329

2 22 0.024218

3 22 0.0362074

4 22 0.048054

5 22 0.0597109

6 22 0.0711322

7 22 0.0822728

8 22 0.0930886

9 22 0.103537

10 22 0.113577

11 22 0.123169

12 22 0.132274

13 22 0.140858

14 22 0.148885

15 22 0.156325

16 22 0.163148

17 22 0.169328

18 22 0.174839

19 22 0.179659

20 22 0.183771

21 22 0.187158

22 22 0.189806

23 22 0.191705

24 22 0.192847

25 22 0.193229

26 22 0.192847

27 22 0.191705

28 22 0.189806

29 22 0.187158

30 22 0.183771

31 22 0.179659

32 22 0.174839

33 22 0.169328

34 22 0.163148

35 22 0.156325

36 22 0.148885

37 22 0.140858

38 22 0.132274

39 22 0.123169

40 22 0.113577

41 22 0.103537

42 22 0.0930886

43 22 0.0822728

44 22 0.0711322

45 22 0.0597109

46 22 0.048054

47 22 0.0362074

48 22 0.024218

49 22 0.0121329

50 22 0

0 23 0

1 23 0.0122543

2 23 0.0244603

3 23 0.0365697

4 23 0.0485348

5 23 0.0603083

6 23 0.0718439

7 23 0.0830959

8 23 0.0940199

9 23 0.104573

10 23 0.114713

11 23 0.124401

12 23 0.133597

13 23 0.142267

14 23 0.150375

15 23 0.157889

16 23 0.164781

17 23 0.171022

18 23 0.176588

19 23 0.181457

20 23 0.18561

21 23 0.18903

22 23 0.191705

23 23 0.193623

24 23 0.194777

25 23 0.195162

26 23 0.194777

27 23 0.193623

28 23 0.191705

29 23 0.18903

30 23 0.18561

31 23 0.181457

32 23 0.176588

33 23 0.171022

34 23 0.164781

35 23 0.157889

36 23 0.150375

37 23 0.142267

38 23 0.133597

39 23 0.124401

40 23 0.114713

41 23 0.104573

42 23 0.0940199

43 23 0.0830959

44 23 0.0718439

45 23 0.0603083

46 23 0.0485348

47 23 0.0365697

48 23 0.0244603

49 23 0.0122543

50 23 0

0 24 0

1 24 0.0123273

2 24 0.024606

3 24 0.0367876

4 24 0.048824

5 24 0.0606677

6 24 0.072272

7 24 0.083591

8 24 0.0945802

9 24 0.105196

10 24 0.115397

11 24 0.125142

12 24 0.134394

13 24 0.143115

14 24 0.151271

15 24 0.15883

16 24 0.165763

17 24 0.172041

18 24 0.17764

19 24 0.182538

20 24 0.186716

21 24 0.190157

22 24 0.192847

23 24 0.194777

24 24 0.195937

25 24 0.196325

26 24 0.195937

27 24 0.194777

28 24 0.192847

29 24 0.190157

30 24 0.186716

31 24 0.182538

32 24 0.17764

33 24 0.172041

34 24 0.165763

35 24 0.15883

36 24 0.151271

37 24 0.143115

38 24 0.134394

39 24 0.125142

40 24 0.115397

41 24 0.105196

42 24 0.0945802

43 24 0.083591

44 24 0.072272

45 24 0.0606677

46 24 0.048824

47 24 0.0367876

48 24 0.024606

49 24 0.0123273

50 24 0

0 25 0

1 25 0.0123517

2 25 0.0246547

3 25 0.0368603

4 25 0.0489205

5 25 0.0607877

6 25 0.0724149

7 25 0.0837563

8 25 0.0947672

9 25 0.105404

10 25 0.115625

11 25 0.12539

12 25 0.134659

13 25 0.143398

14 25 0.15157

15 25 0.159144

16 25 0.16609

17 25 0.172381

18 25 0.177991

19 25 0.182899

20 25 0.187085

21 25 0.190533

22 25 0.193229

23 25 0.195162

24 25 0.196325

25 25 0.196713

26 25 0.196325

27 25 0.195162

28 25 0.193229

29 25 0.190533

30 25 0.187085

31 25 0.182899

32 25 0.177991

33 25 0.172381

34 25 0.16609

35 25 0.159144

36 25 0.15157

37 25 0.143398

38 25 0.134659

39 25 0.12539

40 25 0.115625

41 25 0.105404

42 25 0.0947672

43 25 0.0837563

44 25 0.0724149

45 25 0.0607877

46 25 0.0489205

47 25 0.0368603

48 25 0.0246547

49 25 0.0123517

50 25 0

0 26 0

1 26 0.0123273

2 26 0.024606

3 26 0.0367876

4 26 0.048824

5 26 0.0606677

6 26 0.072272

7 26 0.083591

8 26 0.0945802

9 26 0.105196

10 26 0.115397

11 26 0.125142

12 26 0.134394

13 26 0.143115

14 26 0.151271

15 26 0.15883

16 26 0.165763

17 26 0.172041

18 26 0.17764

19 26 0.182538

20 26 0.186716

21 26 0.190157

22 26 0.192847

23 26 0.194777

24 26 0.195937

25 26 0.196325

26 26 0.195937

27 26 0.194777

28 26 0.192847

29 26 0.190157

30 26 0.186716

31 26 0.182538

32 26 0.17764

33 26 0.172041

34 26 0.165763

35 26 0.15883

36 26 0.151271

37 26 0.143115

38 26 0.134394

39 26 0.125142

40 26 0.115397

41 26 0.105196

42 26 0.0945802

43 26 0.083591

44 26 0.072272

45 26 0.0606677

46 26 0.048824

47 26 0.0367876

48 26 0.024606

49 26 0.0123273

50 26 0

0 27 0

1 27 0.0122543

2 27 0.0244603

3 27 0.0365697

4 27 0.0485348

5 27 0.0603083

6 27 0.0718439

7 27 0.0830959

8 27 0.0940199

9 27 0.104573

10 27 0.114713

11 27 0.124401

12 27 0.133597

13 27 0.142267

14 27 0.150375

15 27 0.157889

16 27 0.164781

17 27 0.171022

18 27 0.176588

19 27 0.181457

20 27 0.18561

21 27 0.18903

22 27 0.191705

23 27 0.193623

24 27 0.194777

25 27 0.195162

26 27 0.194777

27 27 0.193623

28 27 0.191705

29 27 0.18903

30 27 0.18561

31 27 0.181457

32 27 0.176588

33 27 0.171022

34 27 0.164781

35 27 0.157889

36 27 0.150375

37 27 0.142267

38 27 0.133597

39 27 0.124401

40 27 0.114713

41 27 0.104573

42 27 0.0940199

43 27 0.0830959

44 27 0.0718439

45 27 0.0603083

46 27 0.0485348

47 27 0.0365697

48 27 0.0244603

49 27 0.0122543

50 27 0

0 28 0

1 28 0.0121329

2 28 0.024218

3 28 0.0362074

4 28 0.048054

5 28 0.0597109

6 28 0.0711322

7 28 0.0822728

8 28 0.0930886

9 28 0.103537

10 28 0.113577

11 28 0.123169

12 28 0.132274

13 28 0.140858

14 28 0.148885

15 28 0.156325

16 28 0.163148

17 28 0.169328

18 28 0.174839

19 28 0.179659

20 28 0.183771

21 28 0.187158

22 28 0.189806

23 28 0.191705

24 28 0.192847

25 28 0.193229

26 28 0.192847

27 28 0.191705

28 28 0.189806

29 28 0.187158

30 28 0.183771

31 28 0.179659

32 28 0.174839

33 28 0.169328

34 28 0.163148

35 28 0.156325

36 28 0.148885

37 28 0.140858

38 28 0.132274

39 28 0.123169

40 28 0.113577

41 28 0.103537

42 28 0.0930886

43 28 0.0822728

44 28 0.0711322

45 28 0.0597109

46 28 0.048054

47 28 0.0362074

48 28 0.024218

49 28 0.0121329

50 28 0

0 29 0

1 29 0.0119637

2 29 0.0238801

3 29 0.0357023

4 29 0.0473836

5 29 0.0588779

6 29 0.0701398

7 29 0.081125

8 29 0.0917899

9 29 0.102093

10 29 0.111992

11 29 0.12145

12 29 0.130429

13 29 0.138892

14 29 0.146808

15 29 0.154144

16 29 0.160872

17 29 0.166965

18 29 0.172399

19 29 0.177153

20 29 0.181208

21 29 0.184547

22 29 0.187158

23 29 0.18903

24 29 0.190157

25 29 0.190533

26 29 0.190157

27 29 0.18903

28 29 0.187158

29 29 0.184547

30 29 0.181208

31 29 0.177153

32 29 0.172399

33 29 0.166965

34 29 0.160872

35 29 0.154144

36 29 0.146808

37 29 0.138892

38 29 0.130429

39 29 0.12145

40 29 0.111992

41 29 0.102093

42 29 0.0917899

43 29 0.081125

44 29 0.0701398

45 29 0.0588779

46 29 0.0473836

47 29 0.0357023

48 29 0.0238801

49 29 0.0119637

50 29 0

0 30 0

1 30 0.0117472

2 30 0.023448

3 30 0.0350563

4 30 0.0465262

5 30 0.0578125

6 30 0.0688706

7 30 0.079657

8 30 0.090129

9 30 0.100245

10 30 0.109966

11 30 0.119253

12 30 0.128069

13 30 0.136379

14 30 0.144152

15 30 0.151355

16 30 0.157961

17 30 0.163944

18 30 0.16928

19 30 0.173947

20 30 0.177929

21 30 0.181208

22 30 0.183771

23 30 0.18561

24 30 0.186716

25 30 0.187085

26 30 0.186716

27 30 0.18561

28 30 0.183771

29 30 0.181208

30 30 0.177929

31 30 0.173947

32 30 0.16928

33 30 0.163944

34 30 0.157961

35 30 0.151355

36 30 0.144152

37 30 0.136379

38 30 0.128069

39 30 0.119253

40 30 0.109966

41 30 0.100245

42 30 0.090129

43 30 0.079657

44 30 0.0688706

45 30 0.0578125

46 30 0.0465262

47 30 0.0350563

48 30 0.023448

49 30 0.0117472

50 30 0

0 31 0

1 31 0.0114843

2 31 0.0229233

3 31 0.0342719

4 31 0.0454852

5 31 0.0565189

6 31 0.0673297

7 31 0.0778747

8 31 0.0881123

9 31 0.0980022

10 31 0.107505

11 31 0.116584

12 31 0.125203

13 31 0.133328

14 31 0.140926

15 31 0.147968

16 31 0.154427

17 31 0.160276

18 31 0.165492

19 31 0.170055

20 31 0.173947

21 31 0.177153

22 31 0.179659

23 31 0.181457

24 31 0.182538

25 31 0.182899

26 31 0.182538

27 31 0.181457

28 31 0.179659

29 31 0.177153

30 31 0.173947

31 31 0.170055

32 31 0.165492

33 31 0.160276

34 31 0.154427

35 31 0.147968

36 31 0.140926

37 31 0.133328

38 31 0.125203

39 31 0.116584

40 31 0.107505

41 31 0.0980022

42 31 0.0881123

43 31 0.0778747

44 31 0.0673297

45 31 0.0565189

46 31 0.0454852

47 31 0.0342719

48 31 0.0229233

49 31 0.0114843

50 31 0

0 32 0

1 32 0.0111762

2 32 0.0223082

3 32 0.0333522

4 32 0.0442646

5 32 0.0550023

6 32 0.0655229

7 32 0.075785

8 32 0.0857479

9 32 0.0953725

10 32 0.104621

11 32 0.113456

12 32 0.121843

13 32 0.12975

14 32 0.137145

15 32 0.143998

16 32 0.150283

17 32 0.155975

18 32 0.161051

19 32 0.165492

20 32 0.16928

21 32 0.172399

22 32 0.174839

23 32 0.176588

24 32 0.17764

25 32 0.177991

26 32 0.17764

27 32 0.176588

28 32 0.174839

29 32 0.172399

30 32 0.16928

31 32 0.165492

32 32 0.161051

33 32 0.155975

34 32 0.150283

35 32 0.143998

36 32 0.137145

37 32 0.12975

38 32 0.121843

39 32 0.113456

40 32 0.104621

41 32 0.0953725

42 32 0.0857479

43 32 0.075785

44 32 0.0655229

45 32 0.0550023

46 32 0.0442646

47 32 0.0333522

48 32 0.0223082

49 32 0.0111762

50 32 0

0 33 0

1 33 0.0108239

2 33 0.0216051

3 33 0.032301

4 33 0.0428694

5 33 0.0532686

6 33 0.0634576

7 33 0.0733962

8 33 0.0830451

9 33 0.0923663

10 33 0.101323

11 33 0.10988

12 33 0.118003

13 33 0.12566

14 33 0.132822

15 33 0.139459

16 33 0.145546

17 33 0.151059

18 33 0.155975

19 33 0.160276

20 33 0.163944

21 33 0.166965

22 33 0.169328

23 33 0.171022

24 33 0.172041

25 33 0.172381

26 33 0.172041

27 33 0.171022

28 33 0.169328

29 33 0.166965

30 33 0.163944

31 33 0.160276

32 33 0.155975

33 33 0.151059

34 33 0.145546

35 33 0.139459

36 33 0.132822

37 33 0.12566

38 33 0.118003

39 33 0.10988

40 33 0.101323

41 33 0.0923663

42 33 0.0830451

43 33 0.0733962

44 33 0.0634576

45 33 0.0532686

46 33 0.0428694

47 33 0.032301

48 33 0.0216051

49 33 0.0108239

50 33 0

0 34 0

1 34 0.0104289

2 34 0.0208166

3 34 0.0311222

4 34 0.041305

5 34 0.0513247

6 34 0.0611419

7 34 0.0707178

8 34 0.0800146

9 34 0.0889956

10 34 0.0976254

11 34 0.10587

12 34 0.113697

13 34 0.121075

14 34 0.127975

15 34 0.13437

16 34 0.140235

17 34 0.145546

18 34 0.150283

19 34 0.154427

20 34 0.157961

21 34 0.160872

22 34 0.163148

23 34 0.164781

24 34 0.165763

25 34 0.16609

26 34 0.165763

27 34 0.164781

28 34 0.163148

29 34 0.160872

30 34 0.157961

31 34 0.154427

32 34 0.150283

33 34 0.145546

34 34 0.140235

35 34 0.13437

36 34 0.127975

37 34 0.121075

38 34 0.113697

39 34 0.10587

40 34 0.0976254

41 34 0.0889956

42 34 0.0800146

43 34 0.0707178

44 34 0.0611419

45 34 0.0513247

46 34 0.041305

47 34 0.0311222

48 34 0.0208166

49 34 0.0104289

50 34 0

0 35 0

1 35 0.00999274

2 35 0.0199461

3 35 0.0298206

4 35 0.0395775

5 35 0.0491782

6 35 0.0585849

7 35 0.0677603

8 35 0.0766683

9 35 0.0852737

10 35 0.0935426

11 35 0.101442

12 35 0.108942

13 35 0.116011

14 35 0.122623

15 35 0.12875

16 35 0.13437

17 35 0.139459

18 35 0.143998

19 35 0.147968

20 35 0.151355

21 35 0.154144

22 35 0.156325

23 35 0.157889

24 35 0.15883

25 35 0.159144

26 35 0.15883

27 35 0.157889

28 35 0.156325

29 35 0.154144

30 35 0.151355

31 35 0.147968

32 35 0.143998

33 35 0.139459

34 35 0.13437

35 35 0.12875

36 35 0.122623

37 35 0.116011

38 35 0.108942

39 35 0.101442

40 35 0.0935426

41 35 0.0852737

42 35 0.0766683

43 35 0.0677603

44 35 0.0585849

45 35 0.0491782

46 35 0.0395775

47 35 0.0298206

48 35 0.0199461

49 35 0.00999274

50 35 0

0 36 0

1 36 0.00951716

2 36 0.0189968

3 36 0.0284014

4 36 0.0376939

5 36 0.0468377

6 36 0.0557966

7 36 0.0645354

8 36 0.0730194

9 36 0.0812152

10 36 0.0890906

11 36 0.0966143

12 36 0.103757

13 36 0.11049

14 36 0.116787

15 36 0.122623

16 36 0.127975

17 36 0.132822

18 36 0.137145

19 36 0.140926

20 36 0.144152

21 36 0.146808

22 36 0.148885

23 36 0.150375

24 36 0.151271

25 36 0.15157

26 36 0.151271

27 36 0.150375

28 36 0.148885

29 36 0.146808

30 36 0.144152

31 36 0.140926

32 36 0.137145

33 36 0.132822

34 36 0.127975

35 36 0.122623

36 36 0.116787

37 36 0.11049

38 36 0.103757

39 36 0.0966143

40 36 0.0890906

41 36 0.0812152

42 36 0.0730194

43 36 0.0645354

44 36 0.0557966

45 36 0.0468377

46 36 0.0376939

47 36 0.0284014

48 36 0.0189968

49 36 0.00951716

50 36 0

0 37 0

1 37 0.00900401

2 37 0.0179725

3 37 0.02687

4 37 0.0356615

5 37 0.0443123

6 37 0.0527882

7 37 0.0610557

8 37 0.0690823

9 37 0.0768363

10 37 0.084287

11 37 0.0914051

12 37 0.0981624

13 37 0.104532

14 37 0.11049

15 37 0.116011

16 37 0.121075

17 37 0.12566

18 37 0.12975

19 37 0.133328

20 37 0.136379

21 37 0.138892

22 37 0.140858

23 37 0.142267

24 37 0.143115

25 37 0.143398

26 37 0.143115

27 37 0.142267

28 37 0.140858

29 37 0.138892

30 37 0.136379

31 37 0.133328

32 37 0.12975

33 37 0.12566

34 37 0.121075

35 37 0.116011

36 37 0.11049

37 37 0.104532

38 37 0.0981624

39 37 0.0914051

40 37 0.084287

41 37 0.0768363

42 37 0.0690823

43 37 0.0610557

44 37 0.0527882

45 37 0.0443123

46 37 0.0356615

47 37 0.02687

48 37 0.0179725

49 37 0.00900401

50 37 0

0 38 0

1 38 0.00845533

2 38 0.0168773

3 38 0.0252326

4 38 0.0334884

5 38 0.041612

6 38 0.0495714

7 38 0.0573351

8 38 0.0648726

9 38 0.0721541

10 38 0.0791508

11 38 0.0858351

12 38 0.0921806

13 38 0.0981624

14 38 0.103757

15 38 0.108942

16 38 0.113697

17 38 0.118003

18 38 0.121843

19 38 0.125203

20 38 0.128069

21 38 0.130429

22 38 0.132274

23 38 0.133597

24 38 0.134394

25 38 0.134659

26 38 0.134394

27 38 0.133597

28 38 0.132274

29 38 0.130429

30 38 0.128069

31 38 0.125203

32 38 0.121843

33 38 0.118003

34 38 0.113697

35 38 0.108942

36 38 0.103757

37 38 0.0981624

38 38 0.0921806

39 38 0.0858351

40 38 0.0791508

41 38 0.0721541

42 38 0.0648726

43 38 0.0573351

44 38 0.0495714

45 38 0.041612

46 38 0.0334884

47 38 0.0252326

48 38 0.0168773

49 38 0.00845533

50 38 0

0 39 0

1 39 0.00787328

2 39 0.0157155

3 39 0.0234957

4 39 0.0311831

5 39 0.0387475

6 39 0.046159

7 39 0.0533883

8 39 0.0604069

9 39 0.0671871

10 39 0.0737021

11 39 0.0799263

12 39 0.0858351

13 39 0.0914051

14 39 0.0966143

15 39 0.101442

16 39 0.10587

17 39 0.10988

18 39 0.113456

19 39 0.116584

20 39 0.119253

21 39 0.12145

22 39 0.123169

23 39 0.124401

24 39 0.125142

25 39 0.12539

26 39 0.125142

27 39 0.124401

28 39 0.123169

29 39 0.12145

30 39 0.119253

31 39 0.116584

32 39 0.113456

33 39 0.10988

34 39 0.10587

35 39 0.101442

36 39 0.0966143

37 39 0.0914051

38 39 0.0858351

39 39 0.0799263

40 39 0.0737021

41 39 0.0671871

42 39 0.0604069

43 39 0.0533883

44 39 0.046159

45 39 0.0387475

46 39 0.0311831

47 39 0.0234957

48 39 0.0157155

49 39 0.00787328

50 39 0

0 40 0

1 40 0.00726015

2 40 0.0144917

3 40 0.021666

4 40 0.0287548

5 40 0.0357301

6 40 0.0425644

7 40 0.0492307

8 40 0.0557028

9 40 0.061955

10 40 0.0679627

11 40 0.0737021

12 40 0.0791508

13 40 0.084287

14 40 0.0890906

15 40 0.0935426

16 40 0.0976254

17 40 0.101323

18 40 0.104621

19 40 0.107505

20 40 0.109966

21 40 0.111992

22 40 0.113577

23 40 0.114713

24 40 0.115397

25 40 0.115625

26 40 0.115397

27 40 0.114713

28 40 0.113577

29 40 0.111992

30 40 0.109966

31 40 0.107505

32 40 0.104621

33 40 0.101323

34 40 0.0976254

35 40 0.0935426

36 40 0.0890906

37 40 0.084287

38 40 0.0791508

39 40 0.0737021

40 40 0.0679627

41 40 0.061955

42 40 0.0557028

43 40 0.0492307

44 40 0.0425644

45 40 0.0357301

46 40 0.0287548

47 40 0.021666

48 40 0.0144917

49 40 0.00726015

50 40 0

0 41 0

1 41 0.00661838

2 41 0.0132106

3 41 0.0197508

4 41 0.0262129

5 41 0.0325717

6 41 0.0388018

7 41 0.0448789

8 41 0.0507788

9 41 0.0564783

10 41 0.061955

11 41 0.0671871

12 41 0.0721541

13 41 0.0768363

14 41 0.0812152

15 41 0.0852737

16 41 0.0889956

17 41 0.0923663

18 41 0.0953725

19 41 0.0980022

20 41 0.100245

21 41 0.102093

22 41 0.103537

23 41 0.104573

24 41 0.105196

25 41 0.105404

26 41 0.105196

27 41 0.104573

28 41 0.103537

29 41 0.102093

30 41 0.100245

31 41 0.0980022

32 41 0.0953725

33 41 0.0923663

34 41 0.0889956

35 41 0.0852737

36 41 0.0812152

37 41 0.0768363

38 41 0.0721541

39 41 0.0671871

40 41 0.061955

41 41 0.0564783

42 41 0.0507788

43 41 0.0448789

44 41 0.0388018

45 41 0.0325717

46 41 0.0262129

47 41 0.0197508

48 41 0.0132106

49 41 0.00661838

50 41 0

0 42 0

1 42 0.00595048

2 42 0.0118775

3 42 0.0177576

4 42 0.0235676

5 42 0.0292847

6 42 0.0348861

7 42 0.0403499

8 42 0.0456544

9 42 0.0507788

10 42 0.0557028

11 42 0.0604069

12 42 0.0648726

13 42 0.0690823

14 42 0.0730194

15 42 0.0766683

16 42 0.0800146

17 42 0.0830451

18 42 0.0857479

19 42 0.0881123

20 42 0.090129

21 42 0.0917899

22 42 0.0930886

23 42 0.0940199

24 42 0.0945802

25 42 0.0947672

26 42 0.0945802

27 42 0.0940199

28 42 0.0930886

29 42 0.0917899

30 42 0.090129

31 42 0.0881123

32 42 0.0857479

33 42 0.0830451

34 42 0.0800146

35 42 0.0766683

36 42 0.0730194

37 42 0.0690823

38 42 0.0648726

39 42 0.0604069

40 42 0.0557028

41 42 0.0507788

42 42 0.0456544

43 42 0.0403499

44 42 0.0348861

45 42 0.0292847

46 42 0.0235676

47 42 0.0177576

48 42 0.0118775

49 42 0.00595048

50 42 0

0 43 0

1 43 0.0052591

2 43 0.0104974

3 43 0.0156944

4 43 0.0208293

5 43 0.0258821

6 43 0.0308328

7 43 0.0356617

8 43 0.0403499

9 43 0.0448789

10 43 0.0492307

11 43 0.0533883

12 43 0.0573351

13 43 0.0610557

14 43 0.0645354

15 43 0.0677603

16 43 0.0707178

17 43 0.0733962

18 43 0.075785

19 43 0.0778747

20 43 0.079657

21 43 0.081125

22 43 0.0822728

23 43 0.0830959

24 43 0.083591

25 43 0.0837563

26 43 0.083591

27 43 0.0830959

28 43 0.0822728

29 43 0.081125

30 43 0.079657

31 43 0.0778747

32 43 0.075785

33 43 0.0733962

34 43 0.0707178

35 43 0.0677603

36 43 0.0645354

37 43 0.0610557

38 43 0.0573351

39 43 0.0533883

40 43 0.0492307

41 43 0.0448789

42 43 0.0403499

43 43 0.0356617

44 43 0.0308328

45 43 0.0258821

46 43 0.0208293

47 43 0.0156944

48 43 0.0104974

49 43 0.0052591

50 43 0

0 44 0

1 44 0.00454697

2 44 0.00907599

3 44 0.0135692

4 44 0.0180088

5 44 0.0223774

6 44 0.0266577

7 44 0.0308328

8 44 0.0348861

9 44 0.0388018

10 44 0.0425644

11 44 0.046159

12 44 0.0495714

13 44 0.0527882

14 44 0.0557966

15 44 0.0585849

16 44 0.0611419

17 44 0.0634576

18 44 0.0655229

19 44 0.0673297

20 44 0.0688706

21 44 0.0701398

22 44 0.0711322

23 44 0.0718439

24 44 0.072272

25 44 0.0724149

26 44 0.072272

27 44 0.0718439

28 44 0.0711322

29 44 0.0701398

30 44 0.0688706

31 44 0.0673297

32 44 0.0655229

33 44 0.0634576

34 44 0.0611419

35 44 0.0585849

36 44 0.0557966

37 44 0.0527882

38 44 0.0495714

39 44 0.046159

40 44 0.0425644

41 44 0.0388018

42 44 0.0348861

43 44 0.0308328

44 44 0.0266577

45 44 0.0223774

46 44 0.0180088

47 44 0.0135692

48 44 0.00907599

49 44 0.00454697

50 44 0

0 45 0

1 45 0.00381689

2 45 0.00761871

3 45 0.0113905

4 45 0.0151173

5 45 0.0187844

6 45 0.0223774

7 45 0.0258821

8 45 0.0292847

9 45 0.0325717

10 45 0.0357301

11 45 0.0387475

12 45 0.041612

13 45 0.0443123

14 45 0.0468377

15 45 0.0491782

16 45 0.0513247

17 45 0.0532686

18 45 0.0550023

19 45 0.0565189

20 45 0.0578125

21 45 0.0588779

22 45 0.0597109

23 45 0.0603083

24 45 0.0606677

25 45 0.0607877

26 45 0.0606677

27 45 0.0603083

28 45 0.0597109

29 45 0.0588779

30 45 0.0578125

31 45 0.0565189

32 45 0.0550023

33 45 0.0532686

34 45 0.0513247

35 45 0.0491782

36 45 0.0468377

37 45 0.0443123

38 45 0.041612

39 45 0.0387475

40 45 0.0357301

41 45 0.0325717

42 45 0.0292847

43 45 0.0258821

44 45 0.0223774

45 45 0.0187844

46 45 0.0151173

47 45 0.0113905

48 45 0.00761871

49 45 0.00381689

50 45 0

0 46 0

1 46 0.00307175

2 46 0.00613137

3 46 0.00916679

4 46 0.012166

5 46 0.0151173

6 46 0.0180088

7 46 0.0208293

8 46 0.0235676

9 46 0.0262129

10 46 0.0287548

11 46 0.0311831

12 46 0.0334884

13 46 0.0356615

14 46 0.0376939

15 46 0.0395775

16 46 0.041305

17 46 0.0428694

18 46 0.0442646

19 46 0.0454852

20 46 0.0465262

21 46 0.0473836

22 46 0.048054

23 46 0.0485348

24 46 0.048824

25 46 0.0489205

26 46 0.048824

27 46 0.0485348

28 46 0.048054

29 46 0.0473836

30 46 0.0465262

31 46 0.0454852

32 46 0.0442646

33 46 0.0428694

34 46 0.041305

35 46 0.0395775

36 46 0.0376939

37 46 0.0356615

38 46 0.0334884

39 46 0.0311831

40 46 0.0287548

41 46 0.0262129

42 46 0.0235676

43 46 0.0208293

44 46 0.0180088

45 46 0.0151173

46 46 0.012166

47 46 0.00916679

48 46 0.00613137

49 46 0.00307175

50 46 0

0 47 0

1 47 0.00231448

2 47 0.00461983

3 47 0.00690694

4 47 0.00916679

5 47 0.0113905

6 47 0.0135692

7 47 0.0156944

8 47 0.0177576

9 47 0.0197508

10 47 0.021666

11 47 0.0234957

12 47 0.0252326

13 47 0.02687

14 47 0.0284014

15 47 0.0298206

16 47 0.0311222

17 47 0.032301

18 47 0.0333522

19 47 0.0342719

20 47 0.0350563

21 47 0.0357023

22 47 0.0362074

23 47 0.0365697

24 47 0.0367876

25 47 0.0368603

26 47 0.0367876

27 47 0.0365697

28 47 0.0362074

29 47 0.0357023

30 47 0.0350563

31 47 0.0342719

32 47 0.0333522

33 47 0.032301

34 47 0.0311222

35 47 0.0298206

36 47 0.0284014

37 47 0.02687

38 47 0.0252326

39 47 0.0234957

40 47 0.021666

41 47 0.0197508

42 47 0.0177576

43 47 0.0156944

44 47 0.0135692

45 47 0.0113905

46 47 0.00916679

47 47 0.00690694

48 47 0.00461983

49 47 0.00231448

50 47 0

0 48 0

1 48 0.00154808

2 48 0.00309005

3 48 0.00461983

4 48 0.00613137

5 48 0.00761871

6 48 0.00907599

7 48 0.0104974

8 48 0.0118775

9 48 0.0132106

10 48 0.0144917

11 48 0.0157155

12 48 0.0168773

13 48 0.0179725

14 48 0.0189968

15 48 0.0199461

16 48 0.0208166

17 48 0.0216051

18 48 0.0223082

19 48 0.0229233

20 48 0.023448

21 48 0.0238801

22 48 0.024218

23 48 0.0244603

24 48 0.024606

25 48 0.0246547

26 48 0.024606

27 48 0.0244603

28 48 0.024218

29 48 0.0238801

30 48 0.023448

31 48 0.0229233

32 48 0.0223082

33 48 0.0216051

34 48 0.0208166

35 48 0.0199461

36 48 0.0189968

37 48 0.0179725

38 48 0.0168773

39 48 0.0157155

40 48 0.0144917

41 48 0.0132106

42 48 0.0118775

43 48 0.0104974

44 48 0.00907599

45 48 0.00761871

46 48 0.00613137

47 48 0.00461983

48 48 0.00309005

49 48 0.00154808

50 48 0

0 49 0

1 49 0.00077557

2 49 0.00154808

3 49 0.00231448

4 49 0.00307175

5 49 0.00381689

6 49 0.00454697

7 49 0.0052591

8 49 0.00595048

9 49 0.00661838

10 49 0.00726015

11 49 0.00787328

12 49 0.00845533

13 49 0.00900401

14 49 0.00951716

15 49 0.00999274

16 49 0.0104289

17 49 0.0108239

18 49 0.0111762

19 49 0.0114843

20 49 0.0117472

21 49 0.0119637

22 49 0.0121329

23 49 0.0122543

24 49 0.0123273

25 49 0.0123517

26 49 0.0123273

27 49 0.0122543

28 49 0.0121329

29 49 0.0119637

30 49 0.0117472

31 49 0.0114843

32 49 0.0111762

33 49 0.0108239

34 49 0.0104289

35 49 0.00999274

36 49 0.00951716

37 49 0.00900401

38 49 0.00845533

39 49 0.00787328

40 49 0.00726015

41 49 0.00661838

42 49 0.00595048

43 49 0.0052591

44 49 0.00454697

45 49 0.00381689

46 49 0.00307175

47 49 0.00231448

48 49 0.00154808

49 49 0.00077557

50 49 0

