0 1 0

1 1 0.00092265

2 1 0.00184166

3 1 0.0027534

4 1 0.00365427

5 1 0.00454073

6 1 0.00540926

7 1 0.00625644

8 1 0.00707894

9 1 0.00787349

10 1 0.00863698

11 1 0.00936637

12 1 0.0100588

13 1 0.0107115

14 1 0.011322

15 1 0.0118878

16 1 0.0124066

17 1 0.0128765

18 1 0.0132956

19 1 0.0136622

20 1 0.0139749

21 1 0.0142325

22 1 0.0144338

23 1 0.0145782

24 1 0.0146651

25 1 0.0146941

26 1 0.0146651

27 1 0.0145782

28 1 0.0144338

29 1 0.0142325

30 1 0.0139749

31 1 0.0136622

32 1 0.0132956

33 1 0.0128765

34 1 0.0124066

35 1 0.0118878

36 1 0.011322

37 1 0.0107115

38 1 0.0100588

39 1 0.00936637

40 1 0.00863698

41 1 0.00787349

42 1 0.00707894

43 1 0.00625644

44 1 0.00540926

45 1 0.00454073

46 1 0.00365427

47 1 0.0027534

48 1 0.00184166

49 1 0.00092265

50 1 0

0 2 0

1 2 0.00184166

2 2 0.00367605

3 2 0.00549593

4 2 0.00729413

5 2 0.00906353

6 2 0.0107972

7 2 0.0124882

8 2 0.0141299

9 2 0.0157159

10 2 0.0172399

11 2 0.0186958

12 2 0.0200779

13 2 0.0213808

14 2 0.0225993

15 2 0.0237286

16 2 0.0247643

17 2 0.0257023

18 2 0.0265388

19 2 0.0272705

20 2 0.0278947

21 2 0.0284087

22 2 0.0288107

23 2 0.0290989

24 2 0.0292723

25 2 0.0293302

26 2 0.0292723

27 2 0.0290989

28 2 0.0288107

29 2 0.0284087

30 2 0.0278947

31 2 0.0272705

32 2 0.0265388

33 2 0.0257023

34 2 0.0247643

35 2 0.0237286

36 2 0.0225993

37 2 0.0213808

38 2 0.0200779

39 2 0.0186958

40 2 0.0172399

41 2 0.0157159

42 2 0.0141299

43 2 0.0124882

44 2 0.0107972

45 2 0.00906353

46 2 0.00729413

47 2 0.00549593

48 2 0.00367605

49 2 0.00184166

50 2 0

0 3 0

1 3 0.0027534

2 3 0.00549593

3 3 0.00821678

4 3 0.0109052

5 3 0.0135506

6 3 0.0161425

7 3 0.0186707

8 3 0.0211252

9 3 0.0234963

10 3 0.0257747

11 3 0.0279514

12 3 0.0300178

13 3 0.0319657

14 3 0.0337874

15 3 0.0354759

16 3 0.0370243

17 3 0.0384265

18 3 0.0396772

19 3 0.0407712

20 3 0.0417044

21 3 0.0424729

22 3 0.0430739

23 3 0.0435048

24 3 0.043764

25 3 0.0438506

26 3 0.043764

27 3 0.0435048

28 3 0.0430739

29 3 0.0424729

30 3 0.0417044

31 3 0.0407712

32 3 0.0396772

33 3 0.0384265

34 3 0.0370243

35 3 0.0354759

36 3 0.0337874

37 3 0.0319657

38 3 0.0300178

39 3 0.0279514

40 3 0.0257747

41 3 0.0234963

42 3 0.0211252

43 3 0.0186707

44 3 0.0161425

45 3 0.0135506

46 3 0.0109052

47 3 0.00821678

48 3 0.00549593

49 3 0.0027534

50 3 0

0 4 0

1 4 0.00365427

2 4 0.00729413

3 4 0.0109052

4 4 0.0144732

5 4 0.0179841

6 4 0.0214241

7 4 0.0247794

8 4 0.028037

9 4 0.031184

10 4 0.0342078

11 4 0.0370967

12 4 0.0398392

13 4 0.0424244

14 4 0.0448422

15 4 0.0470831

16 4 0.0491381

17 4 0.0509992

18 4 0.052659

19 4 0.054111

20 4 0.0553495

21 4 0.0563695

22 4 0.057167

23 4 0.057739

24 4 0.058083

25 4 0.0581979

26 4 0.058083

27 4 0.057739

28 4 0.057167

29 4 0.0563695

30 4 0.0553495

31 4 0.054111

32 4 0.052659

33 4 0.0509992

34 4 0.0491381

35 4 0.0470831

36 4 0.0448422

37 4 0.0424244

38 4 0.0398392

39 4 0.0370967

40 4 0.0342078

41 4 0.031184

42 4 0.028037

43 4 0.0247794

44 4 0.0214241

45 4 0.0179841

46 4 0.0144732

47 4 0.0109052

48 4 0.00729413

49 4 0.00365427

50 4 0

0 5 0

1 5 0.00454073

2 5 0.00906353

3 5 0.0135506

4 5 0.0179841

5 5 0.0223467

6 5 0.0266211

7 5 0.0307904

8 5 0.0348382

9 5 0.0387486

10 5 0.042506

11 5 0.0460956

12 5 0.0495034

13 5 0.0527157

14 5 0.05572

15 5 0.0585045

16 5 0.061058

17 5 0.0633705

18 5 0.065433

19 5 0.0672372

20 5 0.0687761

21 5 0.0700436

22 5 0.0710346

23 5 0.0717453

24 5 0.0721728

25 5 0.0723155

26 5 0.0721728

27 5 0.0717453

28 5 0.0710346

29 5 0.0700436

30 5 0.0687761

31 5 0.0672372

32 5 0.065433

33 5 0.0633705

34 5 0.061058

35 5 0.0585045

36 5 0.05572

37 5 0.0527157

38 5 0.0495034

39 5 0.0460956

40 5 0.042506

41 5 0.0387486

42 5 0.0348382

43 5 0.0307904

44 5 0.0266211

45 5 0.0223467

46 5 0.0179841

47 5 0.0135506

48 5 0.00906353

49 5 0.00454073

50 5 0

0 6 0

1 6 0.00540926

2 6 0.0107972

3 6 0.0161425

4 6 0.0214241

5 6 0.0266211

6 6 0.0317131

7 6 0.0366799

8 6 0.041502

9 6 0.0461602

10 6 0.0506363

11 6 0.0549126

12 6 0.0589722

13 6 0.062799

14 6 0.0663779

15 6 0.069695

16 6 0.0727369

17 6 0.0754918

18 6 0.0779488

19 6 0.0800981

20 6 0.0819313

21 6 0.0834412

22 6 0.0846218

23 6 0.0854684

24 6 0.0859777

25 6 0.0861477

26 6 0.0859777

27 6 0.0854684

28 6 0.0846218

29 6 0.0834412

30 6 0.0819313

31 6 0.0800981

32 6 0.0779488

33 6 0.0754918

34 6 0.0727369

35 6 0.069695

36 6 0.0663779

37 6 0.062799

38 6 0.0589722

39 6 0.0549126

40 6 0.0506363

41 6 0.0461602

42 6 0.041502

43 6 0.0366799

44 6 0.0317131

45 6 0.0266211

46 6 0.0214241

47 6 0.0161425

48 6 0.0107972

49 6 0.00540926

50 6 0

0 7 0

1 7 0.00625644

2 7 0.0124882

3 7 0.0186707

4 7 0.0247794

5 7 0.0307904

6 7 0.0366799

7 7 0.0424246

8 7 0.0480019

9 7 0.0533897

10 7 0.0585669

11 7 0.0635129

12 7 0.0682082

13 7 0.0726344

14 7 0.0767739

15 7 0.0806104

16 7 0.0841288

17 7 0.0873151

18 7 0.0901569

19 7 0.0926429

20 7 0.0947632

21 7 0.0965096

22 7 0.097875

23 7 0.0988542

24 7 0.0994433

25 7 0.0996399

26 7 0.0994433

27 7 0.0988542

28 7 0.097875

29 7 0.0965096

30 7 0.0947632

31 7 0.0926429

32 7 0.0901569

33 7 0.0873151

34 7 0.0841288

35 7 0.0806104

36 7 0.0767739

37 7 0.0726344

38 7 0.0682082

39 7 0.0635129

40 7 0.0585669

41 7 0.0533897

42 7 0.0480019

43 7 0.0424246

44 7 0.0366799

45 7 0.0307904

46 7 0.0247794

47 7 0.0186707

48 7 0.0124882

49 7 0.00625644

50 7 0

0 8 0

1 8 0.00707894

2 8 0.0141299

3 8 0.0211252

4 8 0.028037

5 8 0.0348382

6 8 0.041502

7 8 0.0480019

8 8 0.0543124

9 8 0.0604085

10 8 0.0662663

11 8 0.0718625

12 8 0.0771751

13 8 0.0821832

14 8 0.0868668

15 8 0.0912077

16 8 0.0951886

17 8 0.0987939

18 8 0.102009

19 8 0.104822

20 8 0.107221

21 8 0.109197

22 8 0.110742

23 8 0.11185

24 8 0.112516

25 8 0.112739

26 8 0.112516

27 8 0.11185

28 8 0.110742

29 8 0.109197

30 8 0.107221

31 8 0.104822

32 8 0.102009

33 8 0.0987939

34 8 0.0951886

35 8 0.0912077

36 8 0.0868668

37 8 0.0821832

38 8 0.0771751

39 8 0.0718625

40 8 0.0662663

41 8 0.0604085

42 8 0.0543124

43 8 0.0480019

44 8 0.041502

45 8 0.0348382

46 8 0.028037

47 8 0.0211252

48 8 0.0141299

49 8 0.00707894

50 8 0

0 9 0

1 9 0.00787349

2 9 0.0157159

3 9 0.0234963

4 9 0.031184

5 9 0.0387486

6 9 0.0461602

7 9 0.0533897

8 9 0.0604085

9 9 0.0671889

10 9 0.0737042

11 9 0.0799285

12 9 0.0858374

13 9 0.0914076

14 9 0.096617

15 9 0.101445

16 9 0.105873

17 9 0.109883

18 9 0.113459

19 9 0.116587

20 9 0.119256

21 9 0.121454

22 9 0.123172

23 9 0.124404

24 9 0.125146

25 9 0.125393

26 9 0.125146

27 9 0.124404

28 9 0.123172

29 9 0.121454

30 9 0.119256

31 9 0.116587

32 9 0.113459

33 9 0.109883

34 9 0.105873

35 9 0.101445

36 9 0.096617

37 9 0.0914076

38 9 0.0858374

39 9 0.0799285

40 9 0.0737042

41 9 0.0671889

42 9 0.0604085

43 9 0.0533897

44 9 0.0461602

45 9 0.0387486

46 9 0.031184

47 9 0.0234963

48 9 0.0157159

49 9 0.00787349

50 9 0

0 10 0

1 10 0.00863698

2 10 0.0172399

3 10 0.0257747

4 10 0.0342078

5 10 0.042506

6 10 0.0506363

7 10 0.0585669

8 10 0.0662663

9 10 0.0737042

10 10 0.0808512

11 10 0.0876791

12 10 0.094161

13 10 0.100271

14 10 0.105986

15 10 0.111282

16 10 0.116139

17 10 0.120538

18 10 0.124461

19 10 0.127893

20 10 0.13082

21 10 0.133231

22 10 0.135116

23 10 0.136468

24 10 0.137281

25 10 0.137552

26 10 0.137281

27 10 0.136468

28 10 0.135116

29 10 0.133231

30 10 0.13082

31 10 0.127893

32 10 0.124461

33 10 0.120538

34 10 0.116139

35 10 0.111282

36 10 0.105986

37 10 0.100271

38 10 0.094161

39 10 0.0876791

40 10 0.0808512

41 10 0.0737042

42 10 0.0662663

43 10 0.0585669

44 10 0.0506363

45 10 0.042506

46 10 0.0342078

47 10 0.0257747

48 10 0.0172399

49 10 0.00863698

50 10 0

0 11 0

1 11 0.00936637

2 11 0.0186958

3 11 0.0279514

4 11 0.0370967

5 11 0.0460956

6 11 0.0549126

7 11 0.0635129

8 11 0.0718625

9 11 0.0799285

10 11 0.0876791

11 11 0.0950836

12 11 0.102113

13 11 0.108739

14 11 0.114936

15 11 0.12068

16 11 0.125947

17 11 0.130717

18 11 0.134972

19 11 0.138693

20 11 0.141868

21 11 0.144482

22 11 0.146526

23 11 0.147992

24 11 0.148874

25 11 0.149169

26 11 0.148874

27 11 0.147992

28 11 0.146526

29 11 0.144482

30 11 0.141868

31 11 0.138693

32 11 0.134972

33 11 0.130717

34 11 0.125947

35 11 0.12068

36 11 0.114936

37 11 0.108739

38 11 0.102113

39 11 0.0950836

40 11 0.0876791

41 11 0.0799285

42 11 0.0718625

43 11 0.0635129

44 11 0.0549126

45 11 0.0460956

46 11 0.0370967

47 11 0.0279514

48 11 0.0186958

49 11 0.00936637

50 11 0

0 12 0

1 12 0.0100588

2 12 0.0200779

3 12 0.0300178

4 12 0.0398392

5 12 0.0495034

6 12 0.0589722

7 12 0.0682082

8 12 0.0771751

9 12 0.0858374

10 12 0.094161

11 12 0.102113

12 12 0.109662

13 12 0.116778

14 12 0.123433

15 12 0.129601

16 12 0.135258

17 12 0.140381

18 12 0.14495

19 12 0.148947

20 12 0.152356

21 12 0.155163

22 12 0.157359

23 12 0.158933

24 12 0.15988

25 12 0.160196

26 12 0.15988

27 12 0.158933

28 12 0.157359

29 12 0.155163

30 12 0.152356

31 12 0.148947

32 12 0.14495

33 12 0.140381

34 12 0.135258

35 12 0.129601

36 12 0.123433

37 12 0.116778

38 12 0.109662

39 12 0.102113

40 12 0.094161

41 12 0.0858374

42 12 0.0771751

43 12 0.0682082

44 12 0.0589722

45 12 0.0495034

46 12 0.0398392

47 12 0.0300178

48 12 0.0200779

49 12 0.0100588

50 12 0

0 13 0

1 13 0.0107115

2 13 0.0213808

3 13 0.0319657

4 13 0.0424244

5 13 0.0527157

6 13 0.062799

7 13 0.0726344

8 13 0.0821832

9 13 0.0914076

10 13 0.100271

11 13 0.108739

12 13 0.116778

13 13 0.124356

14 13 0.131443

15 13 0.138012

16 13 0.144035

17 13 0.149491

18 13 0.154356

19 13 0.158612

20 13 0.162242

21 13 0.165232

22 13 0.16757

23 13 0.169246

24 13 0.170255

25 13 0.170592

26 13 0.170255

27 13 0.169246

28 13 0.16757

29 13 0.165232

30 13 0.162242

31 13 0.158612

32 13 0.154356

33 13 0.149491

34 13 0.144035

35 13 0.138012

36 13 0.131443

37 13 0.124356

38 13 0.116778

39 13 0.108739

40 13 0.100271

41 13 0.0914076

42 13 0.0821832

43 13 0.0726344

44 13 0.062799

45 13 0.0527157

46 13 0.0424244

47 13 0.0319657

48 13 0.0213808

49 13 0.0107115

50 13 0

0 14 0

1 14 0.011322

2 14 0.0225993

3 14 0.0337874

4 14 0.0448422

5 14 0.05572

6 14 0.0663779

7 14 0.0767739

8 14 0.0868668

9 14 0.096617

10 14 0.105986

11 14 0.114936

12 14 0.123433

13 14 0.131443

14 14 0.138934

15 14 0.145877

16 14 0.152244

17 14 0.15801

18 14 0.163153

19 14 0.167652

20 14 0.171489

21 14 0.174649

22 14 0.17712

23 14 0.178892

24 14 0.179958

25 14 0.180314

26 14 0.179958

27 14 0.178892

28 14 0.17712

29 14 0.174649

30 14 0.171489

31 14 0.167652

32 14 0.163153

33 14 0.15801

34 14 0.152244

35 14 0.145877

36 14 0.138934

37 14 0.131443

38 14 0.123433

39 14 0.114936

40 14 0.105986

41 14 0.096617

42 14 0.0868668

43 14 0.0767739

44 14 0.0663779

45 14 0.05572

46 14 0.0448422

47 14 0.0337874

48 14 0.0225993

49 14 0.011322

50 14 0

0 15 0

1 15 0.0118878

2 15 0.0237286

3 15 0.0354759

4 15 0.0470831

5 15 0.0585045

6 15 0.069695

7 15 0.0806104

8 15 0.0912077

9 15 0.101445

10 15 0.111282

11 15 0.12068

12 15 0.129601

13 15 0.138012

14 15 0.145877

15 15 0.153167

16 15 0.159852

17 15 0.165906

18 15 0.171306

19 15 0.176029

20 15 0.180058

21 15 0.183376

22 15 0.185971

23 15 0.187832

24 15 0.188951

25 15 0.189324

26 15 0.188951

27 15 0.187832

28 15 0.185971

29 15 0.183376

30 15 0.180058

31 15 0.176029

32 15 0.171306

33 15 0.165906

34 15 0.159852

35 15 0.153167

36 15 0.145877

37 15 0.138012

38 15 0.129601

39 15 0.12068

40 15 0.111282

41 15 0.101445

42 15 0.0912077

43 15 0.0806104

44 15 0.069695

45 15 0.0585045

46 15 0.0470831

47 15 0.0354759

48 15 0.0237286

49 15 0.0118878

50 15 0

0 16 0

1 16 0.0124066

2 16 0.0247643

3 16 0.0370243

4 16 0.0491381

5 16 0.061058

6 16 0.0727369

7 16 0.0841288

8 16 0.0951886

9 16 0.105873

10 16 0.116139

11 16 0.125947

12 16 0.135258

13 16 0.144035

14 16 0.152244

15 16 0.159852

16 16 0.166829

17 16 0.173147

18 16 0.178783

19 16 0.183712

20 16 0.187917

21 16 0.19138

22 16 0.194088

23 16 0.19603

24 16 0.197198

25 16 0.197588

26 16 0.197198

27 16 0.19603

28 16 0.194088

29 16 0.19138

30 16 0.187917

31 16 0.183712

32 16 0.178783

33 16 0.173147

34 16 0.166829

35 16 0.159852

36 16 0.152244

37 16 0.144035

38 16 0.135258

39 16 0.125947

40 16 0.116139

41 16 0.105873

42 16 0.0951886

43 16 0.0841288

44 16 0.0727369

45 16 0.061058

46 16 0.0491381

47 16 0.0370243

48 16 0.0247643

49 16 0.0124066

50 16 0

0 17 0

1 17 0.0128765

2 17 0.0257023

3 17 0.0384265

4 17 0.0509992

5 17 0.0633705

6 17 0.0754918

7 17 0.0873151

8 17 0.0987939

9 17 0.109883

10 17 0.120538

11 17 0.130717

12 17 0.140381

13 17 0.149491

14 17 0.15801

15 17 0.165906

16 17 0.173147

17 17 0.179705

18 17 0.185554

19 17 0.190671

20 17 0.195034

21 17 0.198629

22 17 0.201439

23 17 0.203454

24 17 0.204667

25 17 0.205071

26 17 0.204667

27 17 0.203454

28 17 0.201439

29 17 0.198629

30 17 0.195034

31 17 0.190671

32 17 0.185554

33 17 0.179705

34 17 0.173147

35 17 0.165906

36 17 0.15801

37 17 0.149491

38 17 0.140381

39 17 0.130717

40 17 0.120538

41 17 0.109883

42 17 0.0987939

43 17 0.0873151

44 17 0.0754918

45 17 0.0633705

46 17 0.0509992

47 17 0.0384265

48 17 0.0257023

49 17 0.0128765

50 17 0

0 18 0

1 18 0.0132956

2 18 0.0265388

3 18 0.0396772

4 18 0.052659

5 18 0.065433

6 18 0.0779488

7 18 0.0901569

8 18 0.102009

9 18 0.113459

10 18 0.124461

11 18 0.134972

12 18 0.14495

13 18 0.154356

14 18 0.163153

15 18 0.171306

16 18 0.178783

17 18 0.185554

18 18 0.191593

19 18 0.196876

20 18 0.201382

21 18 0.205093

22 18 0.207995

23 18 0.210076

24 18 0.211328

25 18 0.211746

26 18 0.211328

27 18 0.210076

28 18 0.207995

29 18 0.205093

30 18 0.201382

31 18 0.196876

32 18 0.191593

33 18 0.185554

34 18 0.178783

35 18 0.171306

36 18 0.163153

37 18 0.154356

38 18 0.14495

39 18 0.134972

40 18 0.124461

41 18 0.113459

42 18 0.102009

43 18 0.0901569

44 18 0.0779488

45 18 0.065433

46 18 0.052659

47 18 0.0396772

48 18 0.0265388

49 18 0.0132956

50 18 0

0 19 0

1 19 0.0136622

2 19 0.0272705

3 19 0.0407712

4 19 0.054111

5 19 0.0672372

6 19 0.0800981

7 19 0.0926429

8 19 0.104822

9 19 0.116587

10 19 0.127893

11 19 0.138693

12 19 0.148947

13 19 0.158612

14 19 0.167652

15 19 0.176029

16 19 0.183712

17 19 0.190671

18 19 0.196876

19 19 0.202305

20 19 0.206935

21 19 0.210748

22 19 0.21373

23 19 0.215869

24 19 0.217155

25 19 0.217584

26 19 0.217155

27 19 0.215869

28 19 0.21373

29 19 0.210748

30 19 0.206935

31 19 0.202305

32 19 0.196876

33 19 0.190671

34 19 0.183712

35 19 0.176029

36 19 0.167652

37 19 0.158612

38 19 0.148947

39 19 0.138693

40 19 0.127893

41 19 0.116587

42 19 0.104822

43 19 0.0926429

44 19 0.0800981

45 19 0.0672372

46 19 0.054111

47 19 0.0407712

48 19 0.0272705

49 19 0.0136622

50 19 0

0 20 0

1 20 0.0139749

2 20 0.0278947

3 20 0.0417044

4 20 0.0553495

5 20 0.0687761

6 20 0.0819313

7 20 0.0947632

8 20 0.107221

9 20 0.119256

10 20 0.13082

11 20 0.141868

12 20 0.152356

13 20 0.162242

14 20 0.171489

15 20 0.180058

16 20 0.187917

17 20 0.195034

18 20 0.201382

19 20 0.206935

20 20 0.211671

21 20 0.215572

22 20 0.218622

23 20 0.220809

24 20 0.222125

25 20 0.222564

26 20 0.222125

27 20 0.220809

28 20 0.218622

29 20 0.215572

30 20 0.211671

31 20 0.206935

32 20 0.201382

33 20 0.195034

34 20 0.187917

35 20 0.180058

36 20 0.171489

37 20 0.162242

38 20 0.152356

39 20 0.141868

40 20 0.13082

41 20 0.119256

42 20 0.107221

43 20 0.0947632

44 20 0.0819313

45 20 0.0687761

46 20 0.0553495

47 20 0.0417044

48 20 0.0278947

49 20 0.0139749

50 20 0

0 21 0

1 21 0.0142325

2 21 0.0284087

3 21 0.0424729

4 21 0.0563695

5 21 0.0700436

6 21 0.0834412

7 21 0.0965096

8 21 0.109197

9 21 0.121454

10 21 0.133231

11 21 0.144482

12 21 0.155163

13 21 0.165232

14 21 0.174649

15 21 0.183376

16 21 0.19138

17 21 0.198629

18 21 0.205093

19 21 0.210748

20 21 0.215572

21 21 0.219545

22 21 0.222651

23 21 0.224878

24 21 0.226218

25 21 0.226666

26 21 0.226218

27 21 0.224878

28 21 0.222651

29 21 0.219545

30 21 0.215572

31 21 0.210748

32 21 0.205093

33 21 0.198629

34 21 0.19138

35 21 0.183376

36 21 0.174649

37 21 0.165232

38 21 0.155163

39 21 0.144482

40 21 0.133231

41 21 0.121454

42 21 0.109197

43 21 0.0965096

44 21 0.0834412

45 21 0.0700436

46 21 0.0563695

47 21 0.0424729

48 21 0.0284087

49 21 0.0142325

50 21 0

0 22 0

1 22 0.0144338

2 22 0.0288107

3 22 0.0430739

4 22 0.057167

5 22 0.0710346

6 22 0.0846218

7 22 0.097875

8 22 0.110742

9 22 0.123172

10 22 0.135116

11 22 0.146526

12 22 0.157359

13 22 0.16757

14 22 0.17712

15 22 0.185971

16 22 0.194088

17 22 0.201439

18 22 0.207995

19 22 0.21373

20 22 0.218622

21 22 0.222651

22 22 0.225801

23 22 0.22806

24 22 0.229419

25 22 0.229873

26 22 0.229419

27 22 0.22806

28 22 0.225801

29 22 0.222651

30 22 0.218622

31 22 0.21373

32 22 0.207995

33 22 0.201439

34 22 0.194088

35 22 0.185971

36 22 0.17712

37 22 0.16757

38 22 0.157359

39 22 0.146526

40 22 0.135116

41 22 0.123172

42 22 0.110742

43 22 0.097875

44 22 0.0846218

45 22 0.0710346

46 22 0.057167

47 22 0.0430739

48 22 0.0288107

49 22 0.0144338

50 22 0

0 23 0

1 23 0.0145782

2 23 0.0290989

3 23 0.0435048

4 23 0.057739

5 23 0.0717453

6 23 0.0854684

7 23 0.0988542

8 23 0.11185

9 23 0.124404

10 23 0.136468

11 23 0.147992

12 23 0.158933

13 23 0.169246

14 23 0.178892

15 23 0.187832

16 23 0.19603

17 23 0.203454

18 23 0.210076

19 23 0.215869

20 23 0.220809

21 23 0.224878

22 23 0.22806

23 23 0.230342

24 23 0.231714

25 23 0.232173

26 23 0.231714

27 23 0.230342

28 23 0.22806

29 23 0.224878

30 23 0.220809

31 23 0.215869

32 23 0.210076

33 23 0.203454

34 23 0.19603

35 23 0.187832

36 23 0.178892

37 23 0.169246

38 23 0.158933

39 23 0.147992

40 23 0.136468

41 23 0.124404

42 23 0.11185

43 23 0.0988542

44 23 0.0854684

45 23 0.0717453

46 23 0.057739

47 23 0.0435048

48 23 0.0290989

49 23 0.0145782

50 23 0

0 24 0

1 24 0.0146651

2 24 0.0292723

3 24 0.043764

4 24 0.058083

5 24 0.0721728

6 24 0.0859777

7 24 0.0994433

8 24 0.112516

9 24 0.125146

10 24 0.137281

11 24 0.148874

12 24 0.15988

13 24 0.170255

14 24 0.179958

15 24 0.188951

16 24 0.197198

17 24 0.204667

18 24 0.211328

19 24 0.217155

20 24 0.222125

21 24 0.226218

22 24 0.229419

23 24 0.231714

24 24 0.233095

25 24 0.233556

26 24 0.233095

27 24 0.231714

28 24 0.229419

29 24 0.226218

30 24 0.222125

31 24 0.217155

32 24 0.211328

33 24 0.204667

34 24 0.197198

35 24 0.188951

36 24 0.179958

37 24 0.170255

38 24 0.15988

39 24 0.148874

40 24 0.137281

41 24 0.125146

42 24 0.112516

43 24 0.0994433

44 24 0.0859777

45 24 0.0721728

46 24 0.058083

47 24 0.043764

48 24 0.0292723

49 24 0.0146651

50 24 0

0 25 0

1 25 0.0146941

2 25 0.0293302

3 25 0.0438506

4 25 0.0581979

5 25 0.0723155

6 25 0.0861477

7 25 0.0996399

8 25 0.112739

9 25 0.125393

10 25 0.137552

11 25 0.149169

12 25 0.160196

13 25 0.170592

14 25 0.180314

15 25 0.189324

16 25 0.197588

17 25 0.205071

18 25 0.211746

19 25 0.217584

20 25 0.222564

21 25 0.226666

22 25 0.229873

23 25 0.232173

24 25 0.233556

25 25 0.234018

26 25 0.233556

27 25 0.232173

28 25 0.229873

29 25 0.226666

30 25 0.222564

31 25 0.217584

32 25 0.211746

33 25 0.205071

34 25 0.197588

35 25 0.189324

36 25 0.180314

37 25 0.170592

38 25 0.160196

39 25 0.149169

40 25 0.137552

41 25 0.125393

42 25 0.112739

43 25 0.0996399

44 25 0.0861477

45 25 0.0723155

46 25 0.0581979

47 25 0.0438506

48 25 0.0293302

49 25 0.0146941

50 25 0

0 26 0

1 26 0.0146651

2 26 0.0292723

3 26 0.043764

4 26 0.058083

5 26 0.0721728

6 26 0.0859777

7 26 0.0994433

8 26 0.112516

9 26 0.125146

10 26 0.137281

11 26 0.148874

12 26 0.15988

13 26 0.170255

14 26 0.179958

15 26 0.188951

16 26 0.197198

17 26 0.204667

18 26 0.211328

19 26 0.217155

20 26 0.222125

21 26 0.226218

22 26 0.229419

23 26 0.231714

24 26 0.233095

25 26 0.233556

26 26 0.233095

27 26 0.231714

28 26 0.229419

29 26 0.226218

30 26 0.222125

31 26 0.217155

32 26 0.211328

33 26 0.204667

34 26 0.197198

35 26 0.188951

36 26 0.179958

37 26 0.170255

38 26 0.15988

39 26 0.148874

40 26 0.137281

41 26 0.125146

42 26 0.112516

43 26 0.0994433

44 26 0.0859777

45 26 0.0721728

46 26 0.058083

47 26 0.043764

48 26 0.0292723

49 26 0.0146651

50 26 0

0 27 0

1 27 0.0145782

2 27 0.0290989

3 27 0.0435048

4 27 0.057739

5 27 0.0717453

6 27 0.0854684

7 27 0.0988542

8 27 0.11185

9 27 0.124404

10 27 0.136468

11 27 0.147992

12 27 0.158933

13 27 0.169246

14 27 0.178892

15 27 0.187832

16 27 0.19603

17 27 0.203454

18 27 0.210076

19 27 0.215869

20 27 0.220809

21 27 0.224878

22 27 0.22806

23 27 0.230342

24 27 0.231714

25 27 0.232173

26 27 0.231714

27 27 0.230342

28 27 0.22806

29 27 0.224878

30 27 0.220809

31 27 0.215869

32 27 0.210076

33 27 0.203454

34 27 0.19603

35 27 0.187832

36 27 0.178892

37 27 0.169246

38 27 0.158933

39 27 0.147992

40 27 0.136468

41 27 0.124404

42 27 0.11185

43 27 0.0988542

44 27 0.0854684

45 27 0.0717453

46 27 0.057739

47 27 0.0435048

48 27 0.0290989

49 27 0.0145782

50 27 0

0 28 0

1 28 0.0144338

2 28 0.0288107

3 28 0.0430739

4 28 0.057167

5 28 0.0710346

6 28 0.0846218

7 28 0.097875

8 28 0.110742

9 28 0.123172

10 28 0.135116

11 28 0.146526

12 28 0.157359

13 28 0.16757

14 28 0.17712

15 28 0.185971

16 28 0.194088

17 28 0.201439

18 28 0.207995

19 28 0.21373

20 28 0.218622

21 28 0.222651

22 28 0.225801

23 28 0.22806

24 28 0.229419

25 28 0.229873

26 28 0.229419

27 28 0.22806

28 28 0.225801

29 28 0.222651

30 28 0.218622

31 28 0.21373

32 28 0.207995

33 28 0.201439

34 28 0.194088

35 28 0.185971

36 28 0.17712

37 28 0.16757

38 28 0.157359

39 28 0.146526

40 28 0.135116

41 28 0.123172

42 28 0.110742

43 28 0.097875

44 28 0.0846218

45 28 0.0710346

46 28 0.057167

47 28 0.0430739

48 28 0.0288107

49 28 0.0144338

50 28 0

0 29 0

1 29 0.0142325

2 29 0.0284087

3 29 0.0424729

4 29 0.0563695

5 29 0.0700436

6 29 0.0834412

7 29 0.0965096

8 29 0.109197

9 29 0.121454

10 29 0.133231

11 29 0.144482

12 29 0.155163

13 29 0.165232

14 29 0.174649

15 29 0.183376

16 29 0.19138

17 29 0.198629

18 29 0.205093

19 29 0.210748

20 29 0.215572

21 29 0.219545

22 29 0.222651

23 29 0.224878

24 29 0.226218

25 29 0.226666

26 29 0.226218

27 29 0.224878

28 29 0.222651

29 29 0.219545

30 29 0.215572

31 29 0.210748

32 29 0.205093

33 29 0.198629

34 29 0.19138

35 29 0.183376

36 29 0.174649

37 29 0.165232

38 29 0.155163

39 29 0.144482

40 29 0.133231

41 29 0.121454

42 29 0.109197

43 29 0.0965096

44 29 0.0834412

45 29 0.0700436

46 29 0.0563695

47 29 0.0424729

48 29 0.0284087

49 29 0.0142325

50 29 0

0 30 0

1 30 0.0139749

2 30 0.0278947

3 30 0.0417044

4 30 0.0553495

5 30 0.0687761

6 30 0.0819313

7 30 0.0947632

8 30 0.107221

9 30 0.119256

10 30 0.13082

11 30 0.141868

12 30 0.152356

13 30 0.162242

14 30 0.171489

15 30 0.180058

16 30 0.187917

17 30 0.195034

18 30 0.201382

19 30 0.206935

20 30 0.211671

21 30 0.215572

22 30 0.218622

23 30 0.220809

24 30 0.222125

25 30 0.222564

26 30 0.222125

27 30 0.220809

28 30 0.218622

29 30 0.215572

30 30 0.211671

31 30 0.206935

32 30 0.201382

33 30 0.195034

34 30 0.187917

35 30 0.180058

36 30 0.171489

37 30 0.162242

38 30 0.152356

39 30 0.141868

40 30 0.13082

41 30 0.119256

42 30 0.107221

43 30 0.0947632

44 30 0.0819313

45 30 0.0687761

46 30 0.0553495

47 30 0.0417044

48 30 0.0278947

49 30 0.0139749

50 30 0

0 31 0

1 31 0.0136622

2 31 0.0272705

3 31 0.0407712

4 31 0.054111

5 31 0.0672372

6 31 0.0800981

7 31 0.0926429

8 31 0.104822

9 31 0.116587

10 31 0.127893

11 31 0.138693

12 31 0.148947

13 31 0.158612

14 31 0.167652

15 31 0.176029

16 31 0.183712

17 31 0.190671

18 31 0.196876

19 31 0.202305

20 31 0.206935

21 31 0.210748

22 31 0.21373

23 31 0.215869

24 31 0.217155

25 31 0.217584

26 31 0.217155

27 31 0.215869

28 31 0.21373

29 31 0.210748

30 31 0.206935

31 31 0.202305

32 31 0.196876

33 31 0.190671

34 31 0.183712

35 31 0.176029

36 31 0.167652

37 31 0.158612

38 31 0.148947

39 31 0.138693

40 31 0.127893

41 31 0.116587

42 31 0.104822

43 31 0.0926429

44 31 0.0800981

45 31 0.0672372

46 31 0.054111

47 31 0.0407712

48 31 0.0272705

49 31 0.0136622

50 31 0

0 32 0

1 32 0.0132956

2 32 0.0265388

3 32 0.0396772

4 32 0.052659

5 32 0.065433

6 32 0.0779488

7 32 0.0901569

8 32 0.102009

9 32 0.113459

10 32 0.124461

11 32 0.134972

12 32 0.14495

13 32 0.154356

14 32 0.163153

15 32 0.171306

16 32 0.178783

17 32 0.185554

18 32 0.191593

19 32 0.196876

20 32 0.201382

21 32 0.205093

22 32 0.207995

23 32 0.210076

24 32 0.211328

25 32 0.211746

26 32 0.211328

27 32 0.210076

28 32 0.207995

29 32 0.205093

30 32 0.201382

31 32 0.196876

32 32 0.191593

33 32 0.185554

34 32 0.178783

35 32 0.171306

36 32 0.163153

37 32 0.154356

38 32 0.14495

39 32 0.134972

40 32 0.124461

41 32 0.113459

42 32 0.102009

43 32 0.0901569

44 32 0.0779488

45 32 0.065433

46 32 0.052659

47 32 0.0396772

48 32 0.0265388

49 32 0.0132956

50 32 0

0 33 0

1 33 0.0128765

2 33 0.0257023

3 33 0.0384265

4 33 0.0509992

5 33 0.0633705

6 33 0.0754918

7 33 0.0873151

8 33 0.0987939

9 33 0.109883

10 33 0.120538

11 33 0.130717

12 33 0.140381

13 33 0.149491

14 33 0.15801

15 33 0.165906

16 33 0.173147

17 33 0.179705

18 33 0.185554

19 33 0.190671

20 33 0.195034

21 33 0.198629

22 33 0.201439

23 33 0.203454

24 33 0.204667

25 33 0.205071

26 33 0.204667

27 33 0.203454

28 33 0.201439

29 33 0.198629

30 33 0.195034

31 33 0.190671

32 33 0.185554

33 33 0.179705

34 33 0.173147

35 33 0.165906

36 33 0.15801

37 33 0.149491

38 33 0.140381

39 33 0.130717

40 33 0.120538

41 33 0.109883

42 33 0.0987939

43 33 0.0873151

44 33 0.0754918

45 33 0.0633705

46 33 0.0509992

47 33 0.0384265

48 33 0.0257023

49 33 0.0128765

50 33 0

0 34 0

1 34 0.0124066

2 34 0.0247643

3 34 0.0370243

4 34 0.0491381

5 34 0.061058

6 34 0.0727369

7 34 0.0841288

8 34 0.0951886

9 34 0.105873

10 34 0.116139

11 34 0.125947

12 34 0.135258

13 34 0.144035

14 34 0.152244

15 34 0.159852

16 34 0.166829

17 34 0.173147

18 34 0.178783

19 34 0.183712

20 34 0.187917

21 34 0.19138

22 34 0.194088

23 34 0.19603

24 34 0.197198

25 34 0.197588

26 34 0.197198

27 34 0.19603

28 34 0.194088

29 34 0.19138

30 34 0.187917

31 34 0.183712

32 34 0.178783

33 34 0.173147

34 34 0.166829

35 34 0.159852

36 34 0.152244

37 34 0.144035

38 34 0.135258

39 34 0.125947

40 34 0.116139

41 34 0.105873

42 34 0.0951886

43 34 0.0841288

44 34 0.0727369

45 34 0.061058

46 34 0.0491381

47 34 0.0370243

48 34 0.0247643

49 34 0.0124066

50 34 0

0 35 0

1 35 0.0118878

2 35 0.0237286

3 35 0.0354759

4 35 0.0470831

5 35 0.0585045

6 35 0.069695

7 35 0.0806104

8 35 0.0912077

9 35 0.101445

10 35 0.111282

11 35 0.12068

12 35 0.129601

13 35 0.138012

14 35 0.145877

15 35 0.153167

16 35 0.159852

17 35 0.165906

18 35 0.171306

19 35 0.176029

20 35 0.180058

21 35 0.183376

22 35 0.185971

23 35 0.187832

24 35 0.188951

25 35 0.189324

26 35 0.188951

27 35 0.187832

28 35 0.185971

29 35 0.183376

30 35 0.180058

31 35 0.176029

32 35 0.171306

33 35 0.165906

34 35 0.159852

35 35 0.153167

36 35 0.145877

37 35 0.138012

38 35 0.129601

39 35 0.12068

40 35 0.111282

41 35 0.101445

42 35 0.0912077

43 35 0.0806104

44 35 0.069695

45 35 0.0585045

46 35 0.0470831

47 35 0.0354759

48 35 0.0237286

49 35 0.0118878

50 35 0

0 36 0

1 36 0.011322

2 36 0.0225993

3 36 0.0337874

4 36 0.0448422

5 36 0.05572

6 36 0.0663779

7 36 0.0767739

8 36 0.0868668

9 36 0.096617

10 36 0.105986

11 36 0.114936

12 36 0.123433

13 36 0.131443

14 36 0.138934

15 36 0.145877

16 36 0.152244

17 36 0.15801

18 36 0.163153

19 36 0.167652

20 36 0.171489

21 36 0.174649

22 36 0.17712

23 36 0.178892

24 36 0.179958

25 36 0.180314

26 36 0.179958

27 36 0.178892

28 36 0.17712

29 36 0.174649

30 36 0.171489

31 36 0.167652

32 36 0.163153

33 36 0.15801

34 36 0.152244

35 36 0.145877

36 36 0.138934

37 36 0.131443

38 36 0.123433

39 36 0.114936

40 36 0.105986

41 36 0.096617

42 36 0.0868668

43 36 0.0767739

44 36 0.0663779

45 36 0.05572

46 36 0.0448422

47 36 0.0337874

48 36 0.0225993

49 36 0.011322

50 36 0

0 37 0

1 37 0.0107115

2 37 0.0213808

3 37 0.0319657

4 37 0.0424244

5 37 0.0527157

6 37 0.062799

7 37 0.0726344

8 37 0.0821832

9 37 0.0914076

10 37 0.100271

11 37 0.108739

12 37 0.116778

13 37 0.124356

14 37 0.131443

15 37 0.138012

16 37 0.144035

17 37 0.149491

18 37 0.154356

19 37 0.158612

20 37 0.162242

21 37 0.165232

22 37 0.16757

23 37 0.169246

24 37 0.170255

25 37 0.170592

26 37 0.170255

27 37 0.169246

28 37 0.16757

29 37 0.165232

30 37 0.162242

31 37 0.158612

32 37 0.154356

33 37 0.149491

34 37 0.144035

35 37 0.138012

36 37 0.131443

37 37 0.124356

38 37 0.116778

39 37 0.108739

40 37 0.100271

41 37 0.0914076

42 37 0.0821832

43 37 0.0726344

44 37 0.062799

45 37 0.0527157

46 37 0.0424244

47 37 0.0319657

48 37 0.0213808

49 37 0.0107115

50 37 0

0 38 0

1 38 0.0100588

2 38 0.0200779

3 38 0.0300178

4 38 0.0398392

5 38 0.0495034

6 38 0.0589722

7 38 0.0682082

8 38 0.0771751

9 38 0.0858374

10 38 0.094161

11 38 0.102113

12 38 0.109662

13 38 0.116778

14 38 0.123433

15 38 0.129601

16 38 0.135258

17 38 0.140381

18 38 0.14495

19 38 0.148947

20 38 0.152356

21 38 0.155163

22 38 0.157359

23 38 0.158933

24 38 0.15988

25 38 0.160196

26 38 0.15988

27 38 0.158933

28 38 0.157359

29 38 0.155163

30 38 0.152356

31 38 0.148947

32 38 0.14495

33 38 0.140381

34 38 0.135258

35 38 0.129601

36 38 0.123433

37 38 0.116778

38 38 0.109662

39 38 0.102113

40 38 0.094161

41 38 0.0858374

42 38 0.0771751

43 38 0.0682082

44 38 0.0589722

45 38 0.0495034

46 38 0.0398392

47 38 0.0300178

48 38 0.0200779

49 38 0.0100588

50 38 0

0 39 0

1 39 0.00936637

2 39 0.0186958

3 39 0.0279514

4 39 0.0370967

5 39 0.0460956

6 39 0.0549126

7 39 0.0635129

8 39 0.0718625

9 39 0.0799285

10 39 0.0876791

11 39 0.0950836

12 39 0.102113

13 39 0.108739

14 39 0.114936

15 39 0.12068

16 39 0.125947

17 39 0.130717

18 39 0.134972

19 39 0.138693

20 39 0.141868

21 39 0.144482

22 39 0.146526

23 39 0.147992

24 39 0.148874

25 39 0.149169

26 39 0.148874

27 39 0.147992

28 39 0.146526

29 39 0.144482

30 39 0.141868

31 39 0.138693

32 39 0.134972

33 39 0.130717

34 39 0.125947

35 39 0.12068

36 39 0.114936

37 39 0.108739

38 39 0.102113

39 39 0.0950836

40 39 0.0876791

41 39 0.0799285

42 39 0.0718625

43 39 0.0635129

44 39 0.0549126

45 39 0.0460956

46 39 0.0370967

47 39 0.0279514

48 39 0.0186958

49 39 0.00936637

50 39 0

0 40 0

1 40 0.00863698

2 40 0.0172399

3 40 0.0257747

4 40 0.0342078

5 40 0.042506

6 40 0.0506363

7 40 0.0585669

8 40 0.0662663

9 40 0.0737042

10 40 0.0808512

11 40 0.0876791

12 40 0.094161

13 40 0.100271

14 40 0.105986

15 40 0.111282

16 40 0.116139

17 40 0.120538

18 40 0.124461

19 40 0.127893

20 40 0.13082

21 40 0.133231

22 40 0.135116

23 40 0.136468

24 40 0.137281

25 40 0.137552

26 40 0.137281

27 40 0.136468

28 40 0.135116

29 40 0.133231

30 40 0.13082

31 40 0.127893

32 40 0.124461

33 40 0.120538

34 40 0.116139

35 40 0.111282

36 40 0.105986

37 40 0.100271

38 40 0.094161

39 40 0.0876791

40 40 0.0808512

41 40 0.0737042

42 40 0.0662663

43 40 0.0585669

44 40 0.0506363

45 40 0.042506

46 40 0.0342078

47 40 0.0257747

48 40 0.0172399

49 40 0.00863698

50 40 0

0 41 0

1 41 0.00787349

2 41 0.0157159

3 41 0.0234963

4 41 0.031184

5 41 0.0387486

6 41 0.0461602

7 41 0.0533897

8 41 0.0604085

9 41 0.0671889

10 41 0.0737042

11 41 0.0799285

12 41 0.0858374

13 41 0.0914076

14 41 0.096617

15 41 0.101445

16 41 0.105873

17 41 0.109883

18 41 0.113459

19 41 0.116587

20 41 0.119256

21 41 0.121454

22 41 0.123172

23 41 0.124404

24 41 0.125146

25 41 0.125393

26 41 0.125146

27 41 0.124404

28 41 0.123172

29 41 0.121454

30 41 0.119256

31 41 0.116587

32 41 0.113459

33 41 0.109883

34 41 0.105873

35 41 0.101445

36 41 0.096617

37 41 0.0914076

38 41 0.0858374

39 41 0.0799285

40 41 0.0737042

41 41 0.0671889

42 41 0.0604085

43 41 0.0533897

44 41 0.0461602

45 41 0.0387486

46 41 0.031184

47 41 0.0234963

48 41 0.0157159

49 41 0.00787349

50 41 0

0 42 0

1 42 0.00707894

2 42 0.0141299

3 42 0.0211252

4 42 0.028037

5 42 0.0348382

6 42 0.041502

7 42 0.0480019

8 42 0.0543124

9 42 0.0604085

10 42 0.0662663

11 42 0.0718625

12 42 0.0771751

13 42 0.0821832

14 42 0.0868668

15 42 0.0912077

16 42 0.0951886

17 42 0.0987939

18 42 0.102009

19 42 0.104822

20 42 0.107221

21 42 0.109197

22 42 0.110742

23 42 0.11185

24 42 0.112516

25 42 0.112739

26 42 0.112516

27 42 0.11185

28 42 0.110742

29 42 0.109197

30 42 0.107221

31 42 0.104822

32 42 0.102009

33 42 0.0987939

34 42 0.0951886

35 42 0.0912077

36 42 0.0868668

37 42 0.0821832

38 42 0.0771751

39 42 0.0718625

40 42 0.0662663

41 42 0.0604085

42 42 0.0543124

43 42 0.0480019

44 42 0.041502

45 42 0.0348382

46 42 0.028037

47 42 0.0211252

48 42 0.0141299

49 42 0.00707894

50 42 0

0 43 0

1 43 0.00625644

2 43 0.0124882

3 43 0.0186707

4 43 0.0247794

5 43 0.0307904

6 43 0.0366799

7 43 0.0424246

8 43 0.0480019

9 43 0.0533897

10 43 0.0585669

11 43 0.0635129

12 43 0.0682082

13 43 0.0726344

14 43 0.0767739

15 43 0.0806104

16 43 0.0841288

17 43 0.0873151

18 43 0.0901569

19 43 0.0926429

20 43 0.0947632

21 43 0.0965096

22 43 0.097875

23 43 0.0988542

24 43 0.0994433

25 43 0.0996399

26 43 0.0994433

27 43 0.0988542

28 43 0.097875

29 43 0.0965096

30 43 0.0947632

31 43 0.0926429

32 43 0.0901569

33 43 0.0873151

34 43 0.0841288

35 43 0.0806104

36 43 0.0767739

37 43 0.0726344

38 43 0.0682082

39 43 0.0635129

40 43 0.0585669

41 43 0.0533897

42 43 0.0480019

43 43 0.0424246

44 43 0.0366799

45 43 0.0307904

46 43 0.0247794

47 43 0.0186707

48 43 0.0124882

49 43 0.00625644

50 43 0

0 44 0

1 44 0.00540926

2 44 0.0107972

3 44 0.0161425

4 44 0.0214241

5 44 0.0266211

6 44 0.0317131

7 44 0.0366799

8 44 0.041502

9 44 0.0461602

10 44 0.0506363

11 44 0.0549126

12 44 0.0589722

13 44 0.062799

14 44 0.0663779

15 44 0.069695

16 44 0.0727369

17 44 0.0754918

18 44 0.0779488

19 44 0.0800981

20 44 0.0819313

21 44 0.0834412

22 44 0.0846218

23 44 0.0854684

24 44 0.0859777

25 44 0.0861477

26 44 0.0859777

27 44 0.0854684

28 44 0.0846218

29 44 0.0834412

30 44 0.0819313

31 44 0.0800981

32 44 0.0779488

33 44 0.0754918

34 44 0.0727369

35 44 0.069695

36 44 0.0663779

37 44 0.062799

38 44 0.0589722

39 44 0.0549126

40 44 0.0506363

41 44 0.0461602

42 44 0.041502

43 44 0.0366799

44 44 0.0317131

45 44 0.0266211

46 44 0.0214241

47 44 0.0161425

48 44 0.0107972

49 44 0.00540926

50 44 0

0 45 0

1 45 0.00454073

2 45 0.00906353

3 45 0.0135506

4 45 0.0179841

5 45 0.0223467

6 45 0.0266211

7 45 0.0307904

8 45 0.0348382

9 45 0.0387486

10 45 0.042506

11 45 0.0460956

12 45 0.0495034

13 45 0.0527157

14 45 0.05572

15 45 0.0585045

16 45 0.061058

17 45 0.0633705

18 45 0.065433

19 45 0.0672372

20 45 0.0687761

21 45 0.0700436

22 45 0.0710346

23 45 0.0717453

24 45 0.0721728

25 45 0.0723155

26 45 0.0721728

27 45 0.0717453

28 45 0.0710346

29 45 0.0700436

30 45 0.0687761

31 45 0.0672372

32 45 0.065433

33 45 0.0633705

34 45 0.061058

35 45 0.0585045

36 45 0.05572

37 45 0.0527157

38 45 0.0495034

39 45 0.0460956

40 45 0.042506

41 45 0.0387486

42 45 0.0348382

43 45 0.0307904

44 45 0.0266211

45 45 0.0223467

46 45 0.0179841

47 45 0.0135506

48 45 0.00906353

49 45 0.00454073

50 45 0

0 46 0

1 46 0.00365427

2 46 0.00729413

3 46 0.0109052

4 46 0.0144732

5 46 0.0179841

6 46 0.0214241

7 46 0.0247794

8 46 0.028037

9 46 0.031184

10 46 0.0342078

11 46 0.0370967

12 46 0.0398392

13 46 0.0424244

14 46 0.0448422

15 46 0.0470831

16 46 0.0491381

17 46 0.0509992

18 46 0.052659

19 46 0.054111

20 46 0.0553495

21 46 0.0563695

22 46 0.057167

23 46 0.057739

24 46 0.058083

25 46 0.0581979

26 46 0.058083

27 46 0.057739

28 46 0.057167

29 46 0.0563695

30 46 0.0553495

31 46 0.054111

32 46 0.052659

33 46 0.0509992

34 46 0.0491381

35 46 0.0470831

36 46 0.0448422

37 46 0.0424244

38 46 0.0398392

39 46 0.0370967

40 46 0.0342078

41 46 0.031184

42 46 0.028037

43 46 0.0247794

44 46 0.0214241

45 46 0.0179841

46 46 0.0144732

47 46 0.0109052

48 46 0.00729413

49 46 0.00365427

50 46 0

0 47 0

1 47 0.0027534

2 47 0.00549593

3 47 0.00821678

4 47 0.0109052

5 47 0.0135506

6 47 0.0161425

7 47 0.0186707

8 47 0.0211252

9 47 0.0234963

10 47 0.0257747

11 47 0.0279514

12 47 0.0300178

13 47 0.0319657

14 47 0.0337874

15 47 0.0354759

16 47 0.0370243

17 47 0.0384265

18 47 0.0396772

19 47 0.0407712

20 47 0.0417044

21 47 0.0424729

22 47 0.0430739

23 47 0.0435048

24 47 0.043764

25 47 0.0438506

26 47 0.043764

27 47 0.0435048

28 47 0.0430739

29 47 0.0424729

30 47 0.0417044

31 47 0.0407712

32 47 0.0396772

33 47 0.0384265

34 47 0.0370243

35 47 0.0354759

36 47 0.0337874

37 47 0.0319657

38 47 0.0300178

39 47 0.0279514

40 47 0.0257747

41 47 0.0234963

42 47 0.0211252

43 47 0.0186707

44 47 0.0161425

45 47 0.0135506

46 47 0.0109052

47 47 0.00821678

48 47 0.00549593

49 47 0.0027534

50 47 0

0 48 0

1 48 0.00184166

2 48 0.00367605

3 48 0.00549593

4 48 0.00729413

5 48 0.00906353

6 48 0.0107972

7 48 0.0124882

8 48 0.0141299

9 48 0.0157159

10 48 0.0172399

11 48 0.0186958

12 48 0.0200779

13 48 0.0213808

14 48 0.0225993

15 48 0.0237286

16 48 0.0247643

17 48 0.0257023

18 48 0.0265388

19 48 0.0272705

20 48 0.0278947

21 48 0.0284087

22 48 0.0288107

23 48 0.0290989

24 48 0.0292723

25 48 0.0293302

26 48 0.0292723

27 48 0.0290989

28 48 0.0288107

29 48 0.0284087

30 48 0.0278947

31 48 0.0272705

32 48 0.0265388

33 48 0.0257023

34 48 0.0247643

35 48 0.0237286

36 48 0.0225993

37 48 0.0213808

38 48 0.0200779

39 48 0.0186958

40 48 0.0172399

41 48 0.0157159

42 48 0.0141299

43 48 0.0124882

44 48 0.0107972

45 48 0.00906353

46 48 0.00729413

47 48 0.00549593

48 48 0.00367605

49 48 0.00184166

50 48 0

0 49 0

1 49 0.00092265

2 49 0.00184166

3 49 0.0027534

4 49 0.00365427

5 49 0.00454073

6 49 0.00540926

7 49 0.00625644

8 49 0.00707894

9 49 0.00787349

10 49 0.00863698

11 49 0.00936637

12 49 0.0100588

13 49 0.0107115

14 49 0.011322

15 49 0.0118878

16 49 0.0124066

17 49 0.0128765

18 49 0.0132956

19 49 0.0136622

20 49 0.0139749

21 49 0.0142325

22 49 0.0144338

23 49 0.0145782

24 49 0.0146651

25 49 0.0146941

26 49 0.0146651

27 49 0.0145782

28 49 0.0144338

29 49 0.0142325

30 49 0.0139749

31 49 0.0136622

32 49 0.0132956

33 49 0.0128765

34 49 0.0124066

35 49 0.0118878

36 49 0.011322

37 49 0.0107115

38 49 0.0100588

39 49 0.00936637

40 49 0.00863698

41 49 0.00787349

42 49 0.00707894

43 49 0.00625644

44 49 0.00540926

45 49 0.00454073

46 49 0.00365427

47 49 0.0027534

48 49 0.00184166

49 49 0.00092265

50 49 0

