0 1 0

1 1 0.000375185

2 1 0.00074889

3 1 0.00111964

4 1 0.00148597

5 1 0.00184643

6 1 0.00219961

7 1 0.00254411

8 1 0.00287857

9 1 0.00320167

10 1 0.00351213

11 1 0.00380873

12 1 0.0040903

13 1 0.00435572

14 1 0.00460396

15 1 0.00483403

16 1 0.00504502

17 1 0.0052361

18 1 0.00540651

19 1 0.00555559

20 1 0.00568274

21 1 0.00578747

22 1 0.00586935

23 1 0.00592807

24 1 0.0059634

25 1 0.00597519

26 1 0.0059634

27 1 0.00592807

28 1 0.00586935

29 1 0.00578747

30 1 0.00568274

31 1 0.00555559

32 1 0.00540651

33 1 0.0052361

34 1 0.00504502

35 1 0.00483403

36 1 0.00460396

37 1 0.00435572

38 1 0.0040903

39 1 0.00380873

40 1 0.00351213

41 1 0.00320167

42 1 0.00287857

43 1 0.00254411

44 1 0.00219961

45 1 0.00184643

46 1 0.00148597

47 1 0.00111964

48 1 0.00074889

49 1 0.000375185

50 1 0

0 2 0

1 2 0.00074889

2 2 0.00149482

3 2 0.00223486

4 2 0.00296607

5 2 0.00368558

6 2 0.00439055

7 2 0.00507818

8 2 0.00574578

9 2 0.0063907

10 2 0.00701039

11 2 0.00760242

12 2 0.00816445

13 2 0.00869426

14 2 0.00918975

15 2 0.00964898

16 2 0.0100701

17 2 0.0104515

18 2 0.0107917

19 2 0.0110893

20 2 0.0113431

21 2 0.0115521

22 2 0.0117155

23 2 0.0118327

24 2 0.0119033

25 2 0.0119268

26 2 0.0119033

27 2 0.0118327

28 2 0.0117155

29 2 0.0115521

30 2 0.0113431

31 2 0.0110893

32 2 0.0107917

33 2 0.0104515

34 2 0.0100701

35 2 0.00964898

36 2 0.00918975

37 2 0.00869426

38 2 0.00816445

39 2 0.00760242

40 2 0.00701039

41 2 0.0063907

42 2 0.00574578

43 2 0.00507818

44 2 0.00439055

45 2 0.00368558

46 2 0.00296607

47 2 0.00223486

48 2 0.00149482

49 2 0.00074889

50 2 0

0 3 0

1 3 0.00111964

2 3 0.00223486

3 3 0.00334126

4 3 0.00443447

5 3 0.00551018

6 3 0.00656415

7 3 0.00759221

8 3 0.00859031

9 3 0.00955451

10 3 0.010481

11 3 0.0113661

12 3 0.0122064

13 3 0.0129985

14 3 0.0137393

15 3 0.0144259

16 3 0.0150555

17 3 0.0156257

18 3 0.0161343

19 3 0.0165792

20 3 0.0169586

21 3 0.0172711

22 3 0.0175155

23 3 0.0176907

24 3 0.0177961

25 3 0.0178313

26 3 0.0177961

27 3 0.0176907

28 3 0.0175155

29 3 0.0172711

30 3 0.0169586

31 3 0.0165792

32 3 0.0161343

33 3 0.0156257

34 3 0.0150555

35 3 0.0144259

36 3 0.0137393

37 3 0.0129985

38 3 0.0122064

39 3 0.0113661

40 3 0.010481

41 3 0.00955451

42 3 0.00859031

43 3 0.00759221

44 3 0.00656415

45 3 0.00551018

46 3 0.00443447

47 3 0.00334126

48 3 0.00223486

49 3 0.00111964

50 3 0

0 4 0

1 4 0.00148597

2 4 0.00296607

3 4 0.00443447

4 4 0.00588537

5 4 0.00731304

6 4 0.00871185

7 4 0.0100763

8 4 0.0114009

9 4 0.0126806

10 4 0.0139102

11 4 0.015085

12 4 0.0162001

13 4 0.0172514

14 4 0.0182346

15 4 0.0191458

16 4 0.0199814

17 4 0.0207382

18 4 0.0214132

19 4 0.0220036

20 4 0.0225072

21 4 0.022922

22 4 0.0232463

23 4 0.0234789

24 4 0.0236188

25 4 0.0236655

26 4 0.0236188

27 4 0.0234789

28 4 0.0232463

29 4 0.022922

30 4 0.0225072

31 4 0.0220036

32 4 0.0214132

33 4 0.0207382

34 4 0.0199814

35 4 0.0191458

36 4 0.0182346

37 4 0.0172514

38 4 0.0162001

39 4 0.015085

40 4 0.0139102

41 4 0.0126806

42 4 0.0114009

43 4 0.0100763

44 4 0.00871185

45 4 0.00731304

46 4 0.00588537

47 4 0.00443447

48 4 0.00296607

49 4 0.00148597

50 4 0

0 5 0

1 5 0.00184643

2 5 0.00368558

3 5 0.00551018

4 5 0.00731304

5 5 0.00908704

6 5 0.0108252

7 5 0.0125206

8 5 0.0141666

9 5 0.0157567

10 5 0.0172846

11 5 0.0187443

12 5 0.02013

13 5 0.0214362

14 5 0.0226579

15 5 0.0237902

16 5 0.0248285

17 5 0.0257689

18 5 0.0266076

19 5 0.0273413

20 5 0.027967

21 5 0.0284824

22 5 0.0288854

23 5 0.0291744

24 5 0.0293482

25 5 0.0294063

26 5 0.0293482

27 5 0.0291744

28 5 0.0288854

29 5 0.0284824

30 5 0.027967

31 5 0.0273413

32 5 0.0266076

33 5 0.0257689

34 5 0.0248285

35 5 0.0237902

36 5 0.0226579

37 5 0.0214362

38 5 0.02013

39 5 0.0187443

40 5 0.0172846

41 5 0.0157567

42 5 0.0141666

43 5 0.0125206

44 5 0.0108252

45 5 0.00908704

46 5 0.00731304

47 5 0.00551018

48 5 0.00368558

49 5 0.00184643

50 5 0

0 6 0

1 6 0.00219961

2 6 0.00439055

3 6 0.00656415

4 6 0.00871185

5 6 0.0108252

6 6 0.0128958

7 6 0.0149155

8 6 0.0168763

9 6 0.0187705

10 6 0.0205907

11 6 0.0223296

12 6 0.0239804

13 6 0.0255365

14 6 0.0269918

15 6 0.0283407

16 6 0.0295776

17 6 0.0306979

18 6 0.031697

19 6 0.032571

20 6 0.0333164

21 6 0.0339304

22 6 0.0344105

23 6 0.0347547

24 6 0.0349619

25 6 0.035031

26 6 0.0349619

27 6 0.0347547

28 6 0.0344105

29 6 0.0339304

30 6 0.0333164

31 6 0.032571

32 6 0.031697

33 6 0.0306979

34 6 0.0295776

35 6 0.0283407

36 6 0.0269918

37 6 0.0255365

38 6 0.0239804

39 6 0.0223296

40 6 0.0205907

41 6 0.0187705

42 6 0.0168763

43 6 0.0149155

44 6 0.0128958

45 6 0.0108252

46 6 0.00871185

47 6 0.00656415

48 6 0.00439055

49 6 0.00219961

50 6 0

0 7 0

1 7 0.00254411

2 7 0.00507818

3 7 0.00759221

4 7 0.0100763

5 7 0.0125206

6 7 0.0149155

7 7 0.0172515

8 7 0.0195194

9 7 0.0217103

10 7 0.0238156

11 7 0.0258268

12 7 0.0277361

13 7 0.0295359

14 7 0.0312192

15 7 0.0327793

16 7 0.03421

17 7 0.0355057

18 7 0.0366613

19 7 0.0376722

20 7 0.0385344

21 7 0.0392445

22 7 0.0397998

23 7 0.040198

24 7 0.0404375

25 7 0.0405174

26 7 0.0404375

27 7 0.040198

28 7 0.0397998

29 7 0.0392445

30 7 0.0385344

31 7 0.0376722

32 7 0.0366613

33 7 0.0355057

34 7 0.03421

35 7 0.0327793

36 7 0.0312192

37 7 0.0295359

38 7 0.0277361

39 7 0.0258268

40 7 0.0238156

41 7 0.0217103

42 7 0.0195194

43 7 0.0172515

44 7 0.0149155

45 7 0.0125206

46 7 0.0100763

47 7 0.00759221

48 7 0.00507818

49 7 0.00254411

50 7 0

0 8 0

1 8 0.00287857

2 8 0.00574578

3 8 0.00859031

4 8 0.0114009

5 8 0.0141666

6 8 0.0168763

7 8 0.0195194

8 8 0.0220855

9 8 0.0245644

10 8 0.0269464

11 8 0.0292221

12 8 0.0313824

13 8 0.0334188

14 8 0.0353234

15 8 0.0370886

16 8 0.0387074

17 8 0.0401734

18 8 0.0414809

19 8 0.0426247

20 8 0.0436002

21 8 0.0444037

22 8 0.045032

23 8 0.0454825

24 8 0.0457535

25 8 0.045844

26 8 0.0457535

27 8 0.0454825

28 8 0.045032

29 8 0.0444037

30 8 0.0436002

31 8 0.0426247

32 8 0.0414809

33 8 0.0401734

34 8 0.0387074

35 8 0.0370886

36 8 0.0353234

37 8 0.0334188

38 8 0.0313824

39 8 0.0292221

40 8 0.0269464

41 8 0.0245644

42 8 0.0220855

43 8 0.0195194

44 8 0.0168763

45 8 0.0141666

46 8 0.0114009

47 8 0.00859031

48 8 0.00574578

49 8 0.00287857

50 8 0

0 9 0

1 9 0.00320167

2 9 0.0063907

3 9 0.00955451

4 9 0.0126806

5 9 0.0157567

6 9 0.0187705

7 9 0.0217103

8 9 0.0245644

9 9 0.0273216

10 9 0.029971

11 9 0.032502

12 9 0.0349048

13 9 0.0371698

14 9 0.0392882

15 9 0.0412515

16 9 0.043052

17 9 0.0446826

18 9 0.0461368

19 9 0.047409

20 9 0.048494

21 9 0.0493877

22 9 0.0500865

23 9 0.0505876

24 9 0.050889

25 9 0.0509896

26 9 0.050889

27 9 0.0505876

28 9 0.0500865

29 9 0.0493877

30 9 0.048494

31 9 0.047409

32 9 0.0461368

33 9 0.0446826

34 9 0.043052

35 9 0.0412515

36 9 0.0392882

37 9 0.0371698

38 9 0.0349048

39 9 0.032502

40 9 0.029971

41 9 0.0273216

42 9 0.0245644

43 9 0.0217103

44 9 0.0187705

45 9 0.0157567

46 9 0.0126806

47 9 0.00955451

48 9 0.0063907

49 9 0.00320167

50 9 0

0 10 0

1 10 0.00351213

2 10 0.00701039

3 10 0.010481

4 10 0.0139102

5 10 0.0172846

6 10 0.0205907

7 10 0.0238156

8 10 0.0269464

9 10 0.029971

10 10 0.0328772

11 10 0.0356537

12 10 0.0382895

13 10 0.0407742

14 10 0.0430979

15 10 0.0452516

16 10 0.0472267

17 10 0.0490154

18 10 0.0506106

19 10 0.0520062

20 10 0.0531964

21 10 0.0541768

22 10 0.0549433

23 10 0.055493

24 10 0.0558237

25 10 0.055934

26 10 0.0558237

27 10 0.055493

28 10 0.0549433

29 10 0.0541768

30 10 0.0531964

31 10 0.0520062

32 10 0.0506106

33 10 0.0490154

34 10 0.0472267

35 10 0.0452516

36 10 0.0430979

37 10 0.0407742

38 10 0.0382895

39 10 0.0356537

40 10 0.0328772

41 10 0.029971

42 10 0.0269464

43 10 0.0238156

44 10 0.0205907

45 10 0.0172846

46 10 0.0139102

47 10 0.010481

48 10 0.00701039

49 10 0.00351213

50 10 0

0 11 0

1 11 0.00380873

2 11 0.00760242

3 11 0.0113661

4 11 0.015085

5 11 0.0187443

6 11 0.0223296

7 11 0.0258268

8 11 0.0292221

9 11 0.032502

10 11 0.0356537

11 11 0.0386647

12 11 0.041523

13 11 0.0442176

14 11 0.0467376

15 11 0.0490731

16 11 0.051215

17 11 0.0531547

18 11 0.0548847

19 11 0.0563981

20 11 0.0576889

21 11 0.058752

22 11 0.0595833

23 11 0.0601794

24 11 0.060538

25 11 0.0606577

26 11 0.060538

27 11 0.0601794

28 11 0.0595833

29 11 0.058752

30 11 0.0576889

31 11 0.0563981

32 11 0.0548847

33 11 0.0531547

34 11 0.051215

35 11 0.0490731

36 11 0.0467376

37 11 0.0442176

38 11 0.041523

39 11 0.0386647

40 11 0.0356537

41 11 0.032502

42 11 0.0292221

43 11 0.0258268

44 11 0.0223296

45 11 0.0187443

46 11 0.015085

47 11 0.0113661

48 11 0.00760242

49 11 0.00380873

50 11 0

0 12 0

1 12 0.0040903

2 12 0.00816445

3 12 0.0122064

4 12 0.0162001

5 12 0.02013

6 12 0.0239804

7 12 0.0277361

8 12 0.0313824

9 12 0.0349048

10 12 0.0382895

11 12 0.041523

12 12 0.0445927

13 12 0.0474864

14 12 0.0501927

15 12 0.052701

16 12 0.0550012

17 12 0.0570843

18 12 0.0589422

19 12 0.0605675

20 12 0.0619537

21 12 0.0630954

22 12 0.0639881

23 12 0.0646283

24 12 0.0650134

25 12 0.065142

26 12 0.0650134

27 12 0.0646283

28 12 0.0639881

29 12 0.0630954

30 12 0.0619537

31 12 0.0605675

32 12 0.0589422

33 12 0.0570843

34 12 0.0550012

35 12 0.052701

36 12 0.0501927

37 12 0.0474864

38 12 0.0445927

39 12 0.041523

40 12 0.0382895

41 12 0.0349048

42 12 0.0313824

43 12 0.0277361

44 12 0.0239804

45 12 0.02013

46 12 0.0162001

47 12 0.0122064

48 12 0.00816445

49 12 0.0040903

50 12 0

0 13 0

1 13 0.00435572

2 13 0.00869426

3 13 0.0129985

4 13 0.0172514

5 13 0.0214362

6 13 0.0255365

7 13 0.0295359

8 13 0.0334188

9 13 0.0371698

10 13 0.0407742

11 13 0.0442176

12 13 0.0474864

13 13 0.0505679

14 13 0.0534498

15 13 0.0561208

16 13 0.0585703

17 13 0.0607886

18 13 0.0627671

19 13 0.0644978

20 13 0.065974

21 13 0.0671898

22 13 0.0681404

23 13 0.0688221

24 13 0.0692323

25 13 0.0693691

26 13 0.0692323

27 13 0.0688221

28 13 0.0681404

29 13 0.0671898

30 13 0.065974

31 13 0.0644978

32 13 0.0627671

33 13 0.0607886

34 13 0.0585703

35 13 0.0561208

36 13 0.0534498

37 13 0.0505679

38 13 0.0474864

39 13 0.0442176

40 13 0.0407742

41 13 0.0371698

42 13 0.0334188

43 13 0.0295359

44 13 0.0255365

45 13 0.0214362

46 13 0.0172514

47 13 0.0129985

48 13 0.00869426

49 13 0.00435572

50 13 0

0 14 0

1 14 0.00460396

2 14 0.00918975

3 14 0.0137393

4 14 0.0182346

5 14 0.0226579

6 14 0.0269918

7 14 0.0312192

8 14 0.0353234

9 14 0.0392882

10 14 0.0430979

11 14 0.0467376

12 14 0.0501927

13 14 0.0534498

14 14 0.056496

15 14 0.0593192

16 14 0.0619083

17 14 0.064253

18 14 0.0663442

19 14 0.0681736

20 14 0.0697339

21 14 0.071019

22 14 0.0720238

23 14 0.0727444

24 14 0.0731779

25 14 0.0733226

26 14 0.0731779

27 14 0.0727444

28 14 0.0720238

29 14 0.071019

30 14 0.0697339

31 14 0.0681736

32 14 0.0663442

33 14 0.064253

34 14 0.0619083

35 14 0.0593192

36 14 0.056496

37 14 0.0534498

38 14 0.0501927

39 14 0.0467376

40 14 0.0430979

41 14 0.0392882

42 14 0.0353234

43 14 0.0312192

44 14 0.0269918

45 14 0.0226579

46 14 0.0182346

47 14 0.0137393

48 14 0.00918975

49 14 0.00460396

50 14 0

0 15 0

1 15 0.00483403

2 15 0.00964898

3 15 0.0144259

4 15 0.0191458

5 15 0.0237902

6 15 0.0283407

7 15 0.0327793

8 15 0.0370886

9 15 0.0412515

10 15 0.0452516

11 15 0.0490731

12 15 0.052701

13 15 0.0561208

14 15 0.0593192

15 15 0.0622835

16 15 0.0650019

17 15 0.0674639

18 15 0.0696596

19 15 0.0715803

20 15 0.0732186

21 15 0.0745679

22 15 0.075623

23 15 0.0763795

24 15 0.0768347

25 15 0.0769866

26 15 0.0768347

27 15 0.0763795

28 15 0.075623

29 15 0.0745679

30 15 0.0732186

31 15 0.0715803

32 15 0.0696596

33 15 0.0674639

34 15 0.0650019

35 15 0.0622835

36 15 0.0593192

37 15 0.0561208

38 15 0.052701

39 15 0.0490731

40 15 0.0452516

41 15 0.0412515

42 15 0.0370886

43 15 0.0327793

44 15 0.0283407

45 15 0.0237902

46 15 0.0191458

47 15 0.0144259

48 15 0.00964898

49 15 0.00483403

50 15 0

0 16 0

1 16 0.00504502

2 16 0.0100701

3 16 0.0150555

4 16 0.0199814

5 16 0.0248285

6 16 0.0295776

7 16 0.03421

8 16 0.0387074

9 16 0.043052

10 16 0.0472267

11 16 0.051215

12 16 0.0550012

13 16 0.0585703

14 16 0.0619083

15 16 0.0650019

16 16 0.0678391

17 16 0.0704084

18 16 0.0727

19 16 0.0747046

20 16 0.0764144

21 16 0.0778226

22 16 0.0789236

23 16 0.0797133

24 16 0.0801883

25 16 0.0803468

26 16 0.0801883

27 16 0.0797133

28 16 0.0789236

29 16 0.0778226

30 16 0.0764144

31 16 0.0747046

32 16 0.0727

33 16 0.0704084

34 16 0.0678391

35 16 0.0650019

36 16 0.0619083

37 16 0.0585703

38 16 0.0550012

39 16 0.051215

40 16 0.0472267

41 16 0.043052

42 16 0.0387074

43 16 0.03421

44 16 0.0295776

45 16 0.0248285

46 16 0.0199814

47 16 0.0150555

48 16 0.0100701

49 16 0.00504502

50 16 0

0 17 0

1 17 0.0052361

2 17 0.0104515

3 17 0.0156257

4 17 0.0207382

5 17 0.0257689

6 17 0.0306979

7 17 0.0355057

8 17 0.0401734

9 17 0.0446826

10 17 0.0490154

11 17 0.0531547

12 17 0.0570843

13 17 0.0607886

14 17 0.064253

15 17 0.0674639

16 17 0.0704084

17 17 0.0730752

18 17 0.0754535

19 17 0.077534

20 17 0.0793085

21 17 0.0807701

22 17 0.0819129

23 17 0.0827324

24 17 0.0832254

25 17 0.0833899

26 17 0.0832254

27 17 0.0827324

28 17 0.0819129

29 17 0.0807701

30 17 0.0793085

31 17 0.077534

32 17 0.0754535

33 17 0.0730752

34 17 0.0704084

35 17 0.0674639

36 17 0.064253

37 17 0.0607886

38 17 0.0570843

39 17 0.0531547

40 17 0.0490154

41 17 0.0446826

42 17 0.0401734

43 17 0.0355057

44 17 0.0306979

45 17 0.0257689

46 17 0.0207382

47 17 0.0156257

48 17 0.0104515

49 17 0.0052361

50 17 0

0 18 0

1 18 0.00540651

2 18 0.0107917

3 18 0.0161343

4 18 0.0214132

5 18 0.0266076

6 18 0.031697

7 18 0.0366613

8 18 0.0414809

9 18 0.0461368

10 18 0.0506106

11 18 0.0548847

12 18 0.0589422

13 18 0.0627671

14 18 0.0663442

15 18 0.0696596

16 18 0.0727

17 18 0.0754535

18 18 0.0779092

19 18 0.0800574

20 18 0.0818897

21 18 0.0833988

22 18 0.0845788

23 18 0.085425

24 18 0.085934

25 18 0.0861039

26 18 0.085934

27 18 0.085425

28 18 0.0845788

29 18 0.0833988

30 18 0.0818897

31 18 0.0800574

32 18 0.0779092

33 18 0.0754535

34 18 0.0727

35 18 0.0696596

36 18 0.0663442

37 18 0.0627671

38 18 0.0589422

39 18 0.0548847

40 18 0.0506106

41 18 0.0461368

42 18 0.0414809

43 18 0.0366613

44 18 0.031697

45 18 0.0266076

46 18 0.0214132

47 18 0.0161343

48 18 0.0107917

49 18 0.00540651

50 18 0

0 19 0

1 19 0.00555559

2 19 0.0110893

3 19 0.0165792

4 19 0.0220036

5 19 0.0273413

6 19 0.032571

7 19 0.0376722

8 19 0.0426247

9 19 0.047409

10 19 0.0520062

11 19 0.0563981

12 19 0.0605675

13 19 0.0644978

14 19 0.0681736

15 19 0.0715803

16 19 0.0747046

17 19 0.077534

18 19 0.0800574

19 19 0.0822649

20 19 0.0841477

21 19 0.0856984

22 19 0.086911

23 19 0.0877805

24 19 0.0883036

25 19 0.0884782

26 19 0.0883036

27 19 0.0877805

28 19 0.086911

29 19 0.0856984

30 19 0.0841477

31 19 0.0822649

32 19 0.0800574

33 19 0.077534

34 19 0.0747046

35 19 0.0715803

36 19 0.0681736

37 19 0.0644978

38 19 0.0605675

39 19 0.0563981

40 19 0.0520062

41 19 0.047409

42 19 0.0426247

43 19 0.0376722

44 19 0.032571

45 19 0.0273413

46 19 0.0220036

47 19 0.0165792

48 19 0.0110893

49 19 0.00555559

50 19 0

0 20 0

1 20 0.00568274

2 20 0.0113431

3 20 0.0169586

4 20 0.0225072

5 20 0.027967

6 20 0.0333164

7 20 0.0385344

8 20 0.0436002

9 20 0.048494

10 20 0.0531964

11 20 0.0576889

12 20 0.0619537

13 20 0.065974

14 20 0.0697339

15 20 0.0732186

16 20 0.0764144

17 20 0.0793085

18 20 0.0818897

19 20 0.0841477

20 20 0.0860736

21 20 0.0876599

22 20 0.0889001

23 20 0.0897895

24 20 0.0903246

25 20 0.0905032

26 20 0.0903246

27 20 0.0897895

28 20 0.0889001

29 20 0.0876599

30 20 0.0860736

31 20 0.0841477

32 20 0.0818897

33 20 0.0793085

34 20 0.0764144

35 20 0.0732186

36 20 0.0697339

37 20 0.065974

38 20 0.0619537

39 20 0.0576889

40 20 0.0531964

41 20 0.048494

42 20 0.0436002

43 20 0.0385344

44 20 0.0333164

45 20 0.027967

46 20 0.0225072

47 20 0.0169586

48 20 0.0113431

49 20 0.00568274

50 20 0

0 21 0

1 21 0.00578747

2 21 0.0115521

3 21 0.0172711

4 21 0.022922

5 21 0.0284824

6 21 0.0339304

7 21 0.0392445

8 21 0.0444037

9 21 0.0493877

10 21 0.0541768

11 21 0.058752

12 21 0.0630954

13 21 0.0671898

14 21 0.071019

15 21 0.0745679

16 21 0.0778226

17 21 0.0807701

18 21 0.0833988

19 21 0.0856984

20 21 0.0876599

21 21 0.0892753

22 21 0.0905384

23 21 0.0914442

24 21 0.0919891

25 21 0.092171

26 21 0.0919891

27 21 0.0914442

28 21 0.0905384

29 21 0.0892753

30 21 0.0876599

31 21 0.0856984

32 21 0.0833988

33 21 0.0807701

34 21 0.0778226

35 21 0.0745679

36 21 0.071019

37 21 0.0671898

38 21 0.0630954

39 21 0.058752

40 21 0.0541768

41 21 0.0493877

42 21 0.0444037

43 21 0.0392445

44 21 0.0339304

45 21 0.0284824

46 21 0.022922

47 21 0.0172711

48 21 0.0115521

49 21 0.00578747

50 21 0

0 22 0

1 22 0.00586935

2 22 0.0117155

3 22 0.0175155

4 22 0.0232463

5 22 0.0288854

6 22 0.0344105

7 22 0.0397998

8 22 0.045032

9 22 0.0500865

10 22 0.0549433

11 22 0.0595833

12 22 0.0639881

13 22 0.0681404

14 22 0.0720238

15 22 0.075623

16 22 0.0789236

17 22 0.0819129

18 22 0.0845788

19 22 0.086911

20 22 0.0889001

21 22 0.0905384

22 22 0.0918194

23 22 0.092738

24 22 0.0932907

25 22 0.0934751

26 22 0.0932907

27 22 0.092738

28 22 0.0918194

29 22 0.0905384

30 22 0.0889001

31 22 0.086911

32 22 0.0845788

33 22 0.0819129

34 22 0.0789236

35 22 0.075623

36 22 0.0720238

37 22 0.0681404

38 22 0.0639881

39 22 0.0595833

40 22 0.0549433

41 22 0.0500865

42 22 0.045032

43 22 0.0397998

44 22 0.0344105

45 22 0.0288854

46 22 0.0232463

47 22 0.0175155

48 22 0.0117155

49 22 0.00586935

50 22 0

0 23 0

1 23 0.00592807

2 23 0.0118327

3 23 0.0176907

4 23 0.0234789

5 23 0.0291744

6 23 0.0347547

7 23 0.040198

8 23 0.0454825

9 23 0.0505876

10 23 0.055493

11 23 0.0601794

12 23 0.0646283

13 23 0.0688221

14 23 0.0727444

15 23 0.0763795

16 23 0.0797133

17 23 0.0827324

18 23 0.085425

19 23 0.0877805

20 23 0.0897895

21 23 0.0914442

22 23 0.092738

23 23 0.0936658

24 23 0.094224

25 23 0.0944103

26 23 0.094224

27 23 0.0936658

28 23 0.092738

29 23 0.0914442

30 23 0.0897895

31 23 0.0877805

32 23 0.085425

33 23 0.0827324

34 23 0.0797133

35 23 0.0763795

36 23 0.0727444

37 23 0.0688221

38 23 0.0646283

39 23 0.0601794

40 23 0.055493

41 23 0.0505876

42 23 0.0454825

43 23 0.040198

44 23 0.0347547

45 23 0.0291744

46 23 0.0234789

47 23 0.0176907

48 23 0.0118327

49 23 0.00592807

50 23 0

0 24 0

1 24 0.0059634

2 24 0.0119033

3 24 0.0177961

4 24 0.0236188

5 24 0.0293482

6 24 0.0349619

7 24 0.0404375

8 24 0.0457535

9 24 0.050889

10 24 0.0558237

11 24 0.060538

12 24 0.0650134

13 24 0.0692323

14 24 0.0731779

15 24 0.0768347

16 24 0.0801883

17 24 0.0832254

18 24 0.085934

19 24 0.0883036

20 24 0.0903246

21 24 0.0919891

22 24 0.0932907

23 24 0.094224

24 24 0.0947855

25 24 0.0949729

26 24 0.0947855

27 24 0.094224

28 24 0.0932907

29 24 0.0919891

30 24 0.0903246

31 24 0.0883036

32 24 0.085934

33 24 0.0832254

34 24 0.0801883

35 24 0.0768347

36 24 0.0731779

37 24 0.0692323

38 24 0.0650134

39 24 0.060538

40 24 0.0558237

41 24 0.050889

42 24 0.0457535

43 24 0.0404375

44 24 0.0349619

45 24 0.0293482

46 24 0.0236188

47 24 0.0177961

48 24 0.0119033

49 24 0.0059634

50 24 0

0 25 0

1 25 0.00597519

2 25 0.0119268

3 25 0.0178313

4 25 0.0236655

5 25 0.0294063

6 25 0.035031

7 25 0.0405174

8 25 0.045844

9 25 0.0509896

10 25 0.055934

11 25 0.0606577

12 25 0.065142

13 25 0.0693691

14 25 0.0733226

15 25 0.0769866

16 25 0.0803468

17 25 0.0833899

18 25 0.0861039

19 25 0.0884782

20 25 0.0905032

21 25 0.092171

22 25 0.0934751

23 25 0.0944103

24 25 0.0949729

25 25 0.0951607

26 25 0.0949729

27 25 0.0944103

28 25 0.0934751

29 25 0.092171

30 25 0.0905032

31 25 0.0884782

32 25 0.0861039

33 25 0.0833899

34 25 0.0803468

35 25 0.0769866

36 25 0.0733226

37 25 0.0693691

38 25 0.065142

39 25 0.0606577

40 25 0.055934

41 25 0.0509896

42 25 0.045844

43 25 0.0405174

44 25 0.035031

45 25 0.0294063

46 25 0.0236655

47 25 0.0178313

48 25 0.0119268

49 25 0.00597519

50 25 0

0 26 0

1 26 0.0059634

2 26 0.0119033

3 26 0.0177961

4 26 0.0236188

5 26 0.0293482

6 26 0.0349619

7 26 0.0404375

8 26 0.0457535

9 26 0.050889

10 26 0.0558237

11 26 0.060538

12 26 0.0650134

13 26 0.0692323

14 26 0.0731779

15 26 0.0768347

16 26 0.0801883

17 26 0.0832254

18 26 0.085934

19 26 0.0883036

20 26 0.0903246

21 26 0.0919891

22 26 0.0932907

23 26 0.094224

24 26 0.0947855

25 26 0.0949729

26 26 0.0947855

27 26 0.094224

28 26 0.0932907

29 26 0.0919891

30 26 0.0903246

31 26 0.0883036

32 26 0.085934

33 26 0.0832254

34 26 0.0801883

35 26 0.0768347

36 26 0.0731779

37 26 0.0692323

38 26 0.0650134

39 26 0.060538

40 26 0.0558237

41 26 0.050889

42 26 0.0457535

43 26 0.0404375

44 26 0.0349619

45 26 0.0293482

46 26 0.0236188

47 26 0.0177961

48 26 0.0119033

49 26 0.0059634

50 26 0

0 27 0

1 27 0.00592807

2 27 0.0118327

3 27 0.0176907

4 27 0.0234789

5 27 0.0291744

6 27 0.0347547

7 27 0.040198

8 27 0.0454825

9 27 0.0505876

10 27 0.055493

11 27 0.0601794

12 27 0.0646283

13 27 0.0688221

14 27 0.0727444

15 27 0.0763795

16 27 0.0797133

17 27 0.0827324

18 27 0.085425

19 27 0.0877805

20 27 0.0897895

21 27 0.0914442

22 27 0.092738

23 27 0.0936658

24 27 0.094224

25 27 0.0944103

26 27 0.094224

27 27 0.0936658

28 27 0.092738

29 27 0.0914442

30 27 0.0897895

31 27 0.0877805

32 27 0.085425

33 27 0.0827324

34 27 0.0797133

35 27 0.0763795

36 27 0.0727444

37 27 0.0688221

38 27 0.0646283

39 27 0.0601794

40 27 0.055493

41 27 0.0505876

42 27 0.0454825

43 27 0.040198

44 27 0.0347547

45 27 0.0291744

46 27 0.0234789

47 27 0.0176907

48 27 0.0118327

49 27 0.00592807

50 27 0

0 28 0

1 28 0.00586935

2 28 0.0117155

3 28 0.0175155

4 28 0.0232463

5 28 0.0288854

6 28 0.0344105

7 28 0.0397998

8 28 0.045032

9 28 0.0500865

10 28 0.0549433

11 28 0.0595833

12 28 0.0639881

13 28 0.0681404

14 28 0.0720238

15 28 0.075623

16 28 0.0789236

17 28 0.0819129

18 28 0.0845788

19 28 0.086911

20 28 0.0889001

21 28 0.0905384

22 28 0.0918194

23 28 0.092738

24 28 0.0932907

25 28 0.0934751

26 28 0.0932907

27 28 0.092738

28 28 0.0918194

29 28 0.0905384

30 28 0.0889001

31 28 0.086911

32 28 0.0845788

33 28 0.0819129

34 28 0.0789236

35 28 0.075623

36 28 0.0720238

37 28 0.0681404

38 28 0.0639881

39 28 0.0595833

40 28 0.0549433

41 28 0.0500865

42 28 0.045032

43 28 0.0397998

44 28 0.0344105

45 28 0.0288854

46 28 0.0232463

47 28 0.0175155

48 28 0.0117155

49 28 0.00586935

50 28 0

0 29 0

1 29 0.00578747

2 29 0.0115521

3 29 0.0172711

4 29 0.022922

5 29 0.0284824

6 29 0.0339304

7 29 0.0392445

8 29 0.0444037

9 29 0.0493877

10 29 0.0541768

11 29 0.058752

12 29 0.0630954

13 29 0.0671898

14 29 0.071019

15 29 0.0745679

16 29 0.0778226

17 29 0.0807701

18 29 0.0833988

19 29 0.0856984

20 29 0.0876599

21 29 0.0892753

22 29 0.0905384

23 29 0.0914442

24 29 0.0919891

25 29 0.092171

26 29 0.0919891

27 29 0.0914442

28 29 0.0905384

29 29 0.0892753

30 29 0.0876599

31 29 0.0856984

32 29 0.0833988

33 29 0.0807701

34 29 0.0778226

35 29 0.0745679

36 29 0.071019

37 29 0.0671898

38 29 0.0630954

39 29 0.058752

40 29 0.0541768

41 29 0.0493877

42 29 0.0444037

43 29 0.0392445

44 29 0.0339304

45 29 0.0284824

46 29 0.022922

47 29 0.0172711

48 29 0.0115521

49 29 0.00578747

50 29 0

0 30 0

1 30 0.00568274

2 30 0.0113431

3 30 0.0169586

4 30 0.0225072

5 30 0.027967

6 30 0.0333164

7 30 0.0385344

8 30 0.0436002

9 30 0.048494

10 30 0.0531964

11 30 0.0576889

12 30 0.0619537

13 30 0.065974

14 30 0.0697339

15 30 0.0732186

16 30 0.0764144

17 30 0.0793085

18 30 0.0818897

19 30 0.0841477

20 30 0.0860736

21 30 0.0876599

22 30 0.0889001

23 30 0.0897895

24 30 0.0903246

25 30 0.0905032

26 30 0.0903246

27 30 0.0897895

28 30 0.0889001

29 30 0.0876599

30 30 0.0860736

31 30 0.0841477

32 30 0.0818897

33 30 0.0793085

34 30 0.0764144

35 30 0.0732186

36 30 0.0697339

37 30 0.065974

38 30 0.0619537

39 30 0.0576889

40 30 0.0531964

41 30 0.048494

42 30 0.0436002

43 30 0.0385344

44 30 0.0333164

45 30 0.027967

46 30 0.0225072

47 30 0.0169586

48 30 0.0113431

49 30 0.00568274

50 30 0

0 31 0

1 31 0.00555559

2 31 0.0110893

3 31 0.0165792

4 31 0.0220036

5 31 0.0273413

6 31 0.032571

7 31 0.0376722

8 31 0.0426247

9 31 0.047409

10 31 0.0520062

11 31 0.0563981

12 31 0.0605675

13 31 0.0644978

14 31 0.0681736

15 31 0.0715803

16 31 0.0747046

17 31 0.077534

18 31 0.0800574

19 31 0.0822649

20 31 0.0841477

21 31 0.0856984

22 31 0.086911

23 31 0.0877805

24 31 0.0883036

25 31 0.0884782

26 31 0.0883036

27 31 0.0877805

28 31 0.086911

29 31 0.0856984

30 31 0.0841477

31 31 0.0822649

32 31 0.0800574

33 31 0.077534

34 31 0.0747046

35 31 0.0715803

36 31 0.0681736

37 31 0.0644978

38 31 0.0605675

39 31 0.0563981

40 31 0.0520062

41 31 0.047409

42 31 0.0426247

43 31 0.0376722

44 31 0.032571

45 31 0.0273413

46 31 0.0220036

47 31 0.0165792

48 31 0.0110893

49 31 0.00555559

50 31 0

0 32 0

1 32 0.00540651

2 32 0.0107917

3 32 0.0161343

4 32 0.0214132

5 32 0.0266076

6 32 0.031697

7 32 0.0366613

8 32 0.0414809

9 32 0.0461368

10 32 0.0506106

11 32 0.0548847

12 32 0.0589422

13 32 0.0627671

14 32 0.0663442

15 32 0.0696596

16 32 0.0727

17 32 0.0754535

18 32 0.0779092

19 32 0.0800574

20 32 0.0818897

21 32 0.0833988

22 32 0.0845788

23 32 0.085425

24 32 0.085934

25 32 0.0861039

26 32 0.085934

27 32 0.085425

28 32 0.0845788

29 32 0.0833988

30 32 0.0818897

31 32 0.0800574

32 32 0.0779092

33 32 0.0754535

34 32 0.0727

35 32 0.0696596

36 32 0.0663442

37 32 0.0627671

38 32 0.0589422

39 32 0.0548847

40 32 0.0506106

41 32 0.0461368

42 32 0.0414809

43 32 0.0366613

44 32 0.031697

45 32 0.0266076

46 32 0.0214132

47 32 0.0161343

48 32 0.0107917

49 32 0.00540651

50 32 0

0 33 0

1 33 0.0052361

2 33 0.0104515

3 33 0.0156257

4 33 0.0207382

5 33 0.0257689

6 33 0.0306979

7 33 0.0355057

8 33 0.0401734

9 33 0.0446826

10 33 0.0490154

11 33 0.0531547

12 33 0.0570843

13 33 0.0607886

14 33 0.064253

15 33 0.0674639

16 33 0.0704084

17 33 0.0730752

18 33 0.0754535

19 33 0.077534

20 33 0.0793085

21 33 0.0807701

22 33 0.0819129

23 33 0.0827324

24 33 0.0832254

25 33 0.0833899

26 33 0.0832254

27 33 0.0827324

28 33 0.0819129

29 33 0.0807701

30 33 0.0793085

31 33 0.077534

32 33 0.0754535

33 33 0.0730752

34 33 0.0704084

35 33 0.0674639

36 33 0.064253

37 33 0.0607886

38 33 0.0570843

39 33 0.0531547

40 33 0.0490154

41 33 0.0446826

42 33 0.0401734

43 33 0.0355057

44 33 0.0306979

45 33 0.0257689

46 33 0.0207382

47 33 0.0156257

48 33 0.0104515

49 33 0.0052361

50 33 0

0 34 0

1 34 0.00504502

2 34 0.0100701

3 34 0.0150555

4 34 0.0199814

5 34 0.0248285

6 34 0.0295776

7 34 0.03421

8 34 0.0387074

9 34 0.043052

10 34 0.0472267

11 34 0.051215

12 34 0.0550012

13 34 0.0585703

14 34 0.0619083

15 34 0.0650019

16 34 0.0678391

17 34 0.0704084

18 34 0.0727

19 34 0.0747046

20 34 0.0764144

21 34 0.0778226

22 34 0.0789236

23 34 0.0797133

24 34 0.0801883

25 34 0.0803468

26 34 0.0801883

27 34 0.0797133

28 34 0.0789236

29 34 0.0778226

30 34 0.0764144

31 34 0.0747046

32 34 0.0727

33 34 0.0704084

34 34 0.0678391

35 34 0.0650019

36 34 0.0619083

37 34 0.0585703

38 34 0.0550012

39 34 0.051215

40 34 0.0472267

41 34 0.043052

42 34 0.0387074

43 34 0.03421

44 34 0.0295776

45 34 0.0248285

46 34 0.0199814

47 34 0.0150555

48 34 0.0100701

49 34 0.00504502

50 34 0

0 35 0

1 35 0.00483403

2 35 0.00964898

3 35 0.0144259

4 35 0.0191458

5 35 0.0237902

6 35 0.0283407

7 35 0.0327793

8 35 0.0370886

9 35 0.0412515

10 35 0.0452516

11 35 0.0490731

12 35 0.052701

13 35 0.0561208

14 35 0.0593192

15 35 0.0622835

16 35 0.0650019

17 35 0.0674639

18 35 0.0696596

19 35 0.0715803

20 35 0.0732186

21 35 0.0745679

22 35 0.075623

23 35 0.0763795

24 35 0.0768347

25 35 0.0769866

26 35 0.0768347

27 35 0.0763795

28 35 0.075623

29 35 0.0745679

30 35 0.0732186

31 35 0.0715803

32 35 0.0696596

33 35 0.0674639

34 35 0.0650019

35 35 0.0622835

36 35 0.0593192

37 35 0.0561208

38 35 0.052701

39 35 0.0490731

40 35 0.0452516

41 35 0.0412515

42 35 0.0370886

43 35 0.0327793

44 35 0.0283407

45 35 0.0237902

46 35 0.0191458

47 35 0.0144259

48 35 0.00964898

49 35 0.00483403

50 35 0

0 36 0

1 36 0.00460396

2 36 0.00918975

3 36 0.0137393

4 36 0.0182346

5 36 0.0226579

6 36 0.0269918

7 36 0.0312192

8 36 0.0353234

9 36 0.0392882

10 36 0.0430979

11 36 0.0467376

12 36 0.0501927

13 36 0.0534498

14 36 0.056496

15 36 0.0593192

16 36 0.0619083

17 36 0.064253

18 36 0.0663442

19 36 0.0681736

20 36 0.0697339

21 36 0.071019

22 36 0.0720238

23 36 0.0727444

24 36 0.0731779

25 36 0.0733226

26 36 0.0731779

27 36 0.0727444

28 36 0.0720238

29 36 0.071019

30 36 0.0697339

31 36 0.0681736

32 36 0.0663442

33 36 0.064253

34 36 0.0619083

35 36 0.0593192

36 36 0.056496

37 36 0.0534498

38 36 0.0501927

39 36 0.0467376

40 36 0.0430979

41 36 0.0392882

42 36 0.0353234

43 36 0.0312192

44 36 0.0269918

45 36 0.0226579

46 36 0.0182346

47 36 0.0137393

48 36 0.00918975

49 36 0.00460396

50 36 0

0 37 0

1 37 0.00435572

2 37 0.00869426

3 37 0.0129985

4 37 0.0172514

5 37 0.0214362

6 37 0.0255365

7 37 0.0295359

8 37 0.0334188

9 37 0.0371698

10 37 0.0407742

11 37 0.0442176

12 37 0.0474864

13 37 0.0505679

14 37 0.0534498

15 37 0.0561208

16 37 0.0585703

17 37 0.0607886

18 37 0.0627671

19 37 0.0644978

20 37 0.065974

21 37 0.0671898

22 37 0.0681404

23 37 0.0688221

24 37 0.0692323

25 37 0.0693691

26 37 0.0692323

27 37 0.0688221

28 37 0.0681404

29 37 0.0671898

30 37 0.065974

31 37 0.0644978

32 37 0.0627671

33 37 0.0607886

34 37 0.0585703

35 37 0.0561208

36 37 0.0534498

37 37 0.0505679

38 37 0.0474864

39 37 0.0442176

40 37 0.0407742

41 37 0.0371698

42 37 0.0334188

43 37 0.0295359

44 37 0.0255365

45 37 0.0214362

46 37 0.0172514

47 37 0.0129985

48 37 0.00869426

49 37 0.00435572

50 37 0

0 38 0

1 38 0.0040903

2 38 0.00816445

3 38 0.0122064

4 38 0.0162001

5 38 0.02013

6 38 0.0239804

7 38 0.0277361

8 38 0.0313824

9 38 0.0349048

10 38 0.0382895

11 38 0.041523

12 38 0.0445927

13 38 0.0474864

14 38 0.0501927

15 38 0.052701

16 38 0.0550012

17 38 0.0570843

18 38 0.0589422

19 38 0.0605675

20 38 0.0619537

21 38 0.0630954

22 38 0.0639881

23 38 0.0646283

24 38 0.0650134

25 38 0.065142

26 38 0.0650134

27 38 0.0646283

28 38 0.0639881

29 38 0.0630954

30 38 0.0619537

31 38 0.0605675

32 38 0.0589422

33 38 0.0570843

34 38 0.0550012

35 38 0.052701

36 38 0.0501927

37 38 0.0474864

38 38 0.0445927

39 38 0.041523

40 38 0.0382895

41 38 0.0349048

42 38 0.0313824

43 38 0.0277361

44 38 0.0239804

45 38 0.02013

46 38 0.0162001

47 38 0.0122064

48 38 0.00816445

49 38 0.0040903

50 38 0

0 39 0

1 39 0.00380873

2 39 0.00760242

3 39 0.0113661

4 39 0.015085

5 39 0.0187443

6 39 0.0223296

7 39 0.0258268

8 39 0.0292221

9 39 0.032502

10 39 0.0356537

11 39 0.0386647

12 39 0.041523

13 39 0.0442176

14 39 0.0467376

15 39 0.0490731

16 39 0.051215

17 39 0.0531547

18 39 0.0548847

19 39 0.0563981

20 39 0.0576889

21 39 0.058752

22 39 0.0595833

23 39 0.0601794

24 39 0.060538

25 39 0.0606577

26 39 0.060538

27 39 0.0601794

28 39 0.0595833

29 39 0.058752

30 39 0.0576889

31 39 0.0563981

32 39 0.0548847

33 39 0.0531547

34 39 0.051215

35 39 0.0490731

36 39 0.0467376

37 39 0.0442176

38 39 0.041523

39 39 0.0386647

40 39 0.0356537

41 39 0.032502

42 39 0.0292221

43 39 0.0258268

44 39 0.0223296

45 39 0.0187443

46 39 0.015085

47 39 0.0113661

48 39 0.00760242

49 39 0.00380873

50 39 0

0 40 0

1 40 0.00351213

2 40 0.00701039

3 40 0.010481

4 40 0.0139102

5 40 0.0172846

6 40 0.0205907

7 40 0.0238156

8 40 0.0269464

9 40 0.029971

10 40 0.0328772

11 40 0.0356537

12 40 0.0382895

13 40 0.0407742

14 40 0.0430979

15 40 0.0452516

16 40 0.0472267

17 40 0.0490154

18 40 0.0506106

19 40 0.0520062

20 40 0.0531964

21 40 0.0541768

22 40 0.0549433

23 40 0.055493

24 40 0.0558237

25 40 0.055934

26 40 0.0558237

27 40 0.055493

28 40 0.0549433

29 40 0.0541768

30 40 0.0531964

31 40 0.0520062

32 40 0.0506106

33 40 0.0490154

34 40 0.0472267

35 40 0.0452516

36 40 0.0430979

37 40 0.0407742

38 40 0.0382895

39 40 0.0356537

40 40 0.0328772

41 40 0.029971

42 40 0.0269464

43 40 0.0238156

44 40 0.0205907

45 40 0.0172846

46 40 0.0139102

47 40 0.010481

48 40 0.00701039

49 40 0.00351213

50 40 0

0 41 0

1 41 0.00320167

2 41 0.0063907

3 41 0.00955451

4 41 0.0126806

5 41 0.0157567

6 41 0.0187705

7 41 0.0217103

8 41 0.0245644

9 41 0.0273216

10 41 0.029971

11 41 0.032502

12 41 0.0349048

13 41 0.0371698

14 41 0.0392882

15 41 0.0412515

16 41 0.043052

17 41 0.0446826

18 41 0.0461368

19 41 0.047409

20 41 0.048494

21 41 0.0493877

22 41 0.0500865

23 41 0.0505876

24 41 0.050889

25 41 0.0509896

26 41 0.050889

27 41 0.0505876

28 41 0.0500865

29 41 0.0493877

30 41 0.048494

31 41 0.047409

32 41 0.0461368

33 41 0.0446826

34 41 0.043052

35 41 0.0412515

36 41 0.0392882

37 41 0.0371698

38 41 0.0349048

39 41 0.032502

40 41 0.029971

41 41 0.0273216

42 41 0.0245644

43 41 0.0217103

44 41 0.0187705

45 41 0.0157567

46 41 0.0126806

47 41 0.00955451

48 41 0.0063907

49 41 0.00320167

50 41 0

0 42 0

1 42 0.00287857

2 42 0.00574578

3 42 0.00859031

4 42 0.0114009

5 42 0.0141666

6 42 0.0168763

7 42 0.0195194

8 42 0.0220855

9 42 0.0245644

10 42 0.0269464

11 42 0.0292221

12 42 0.0313824

13 42 0.0334188

14 42 0.0353234

15 42 0.0370886

16 42 0.0387074

17 42 0.0401734

18 42 0.0414809

19 42 0.0426247

20 42 0.0436002

21 42 0.0444037

22 42 0.045032

23 42 0.0454825

24 42 0.0457535

25 42 0.045844

26 42 0.0457535

27 42 0.0454825

28 42 0.045032

29 42 0.0444037

30 42 0.0436002

31 42 0.0426247

32 42 0.0414809

33 42 0.0401734

34 42 0.0387074

35 42 0.0370886

36 42 0.0353234

37 42 0.0334188

38 42 0.0313824

39 42 0.0292221

40 42 0.0269464

41 42 0.0245644

42 42 0.0220855

43 42 0.0195194

44 42 0.0168763

45 42 0.0141666

46 42 0.0114009

47 42 0.00859031

48 42 0.00574578

49 42 0.00287857

50 42 0

0 43 0

1 43 0.00254411

2 43 0.00507818

3 43 0.00759221

4 43 0.0100763

5 43 0.0125206

6 43 0.0149155

7 43 0.0172515

8 43 0.0195194

9 43 0.0217103

10 43 0.0238156

11 43 0.0258268

12 43 0.0277361

13 43 0.0295359

14 43 0.0312192

15 43 0.0327793

16 43 0.03421

17 43 0.0355057

18 43 0.0366613

19 43 0.0376722

20 43 0.0385344

21 43 0.0392445

22 43 0.0397998

23 43 0.040198

24 43 0.0404375

25 43 0.0405174

26 43 0.0404375

27 43 0.040198

28 43 0.0397998

29 43 0.0392445

30 43 0.0385344

31 43 0.0376722

32 43 0.0366613

33 43 0.0355057

34 43 0.03421

35 43 0.0327793

36 43 0.0312192

37 43 0.0295359

38 43 0.0277361

39 43 0.0258268

40 43 0.0238156

41 43 0.0217103

42 43 0.0195194

43 43 0.0172515

44 43 0.0149155

45 43 0.0125206

46 43 0.0100763

47 43 0.00759221

48 43 0.00507818

49 43 0.00254411

50 43 0

0 44 0

1 44 0.00219961

2 44 0.00439055

3 44 0.00656415

4 44 0.00871185

5 44 0.0108252

6 44 0.0128958

7 44 0.0149155

8 44 0.0168763

9 44 0.0187705

10 44 0.0205907

11 44 0.0223296

12 44 0.0239804

13 44 0.0255365

14 44 0.0269918

15 44 0.0283407

16 44 0.0295776

17 44 0.0306979

18 44 0.031697

19 44 0.032571

20 44 0.0333164

21 44 0.0339304

22 44 0.0344105

23 44 0.0347547

24 44 0.0349619

25 44 0.035031

26 44 0.0349619

27 44 0.0347547

28 44 0.0344105

29 44 0.0339304

30 44 0.0333164

31 44 0.032571

32 44 0.031697

33 44 0.0306979

34 44 0.0295776

35 44 0.0283407

36 44 0.0269918

37 44 0.0255365

38 44 0.0239804

39 44 0.0223296

40 44 0.0205907

41 44 0.0187705

42 44 0.0168763

43 44 0.0149155

44 44 0.0128958

45 44 0.0108252

46 44 0.00871185

47 44 0.00656415

48 44 0.00439055

49 44 0.00219961

50 44 0

0 45 0

1 45 0.00184643

2 45 0.00368558

3 45 0.00551018

4 45 0.00731304

5 45 0.00908704

6 45 0.0108252

7 45 0.0125206

8 45 0.0141666

9 45 0.0157567

10 45 0.0172846

11 45 0.0187443

12 45 0.02013

13 45 0.0214362

14 45 0.0226579

15 45 0.0237902

16 45 0.0248285

17 45 0.0257689

18 45 0.0266076

19 45 0.0273413

20 45 0.027967

21 45 0.0284824

22 45 0.0288854

23 45 0.0291744

24 45 0.0293482

25 45 0.0294063

26 45 0.0293482

27 45 0.0291744

28 45 0.0288854

29 45 0.0284824

30 45 0.027967

31 45 0.0273413

32 45 0.0266076

33 45 0.0257689

34 45 0.0248285

35 45 0.0237902

36 45 0.0226579

37 45 0.0214362

38 45 0.02013

39 45 0.0187443

40 45 0.0172846

41 45 0.0157567

42 45 0.0141666

43 45 0.0125206

44 45 0.0108252

45 45 0.00908704

46 45 0.00731304

47 45 0.00551018

48 45 0.00368558

49 45 0.00184643

50 45 0

0 46 0

1 46 0.00148597

2 46 0.00296607

3 46 0.00443447

4 46 0.00588537

5 46 0.00731304

6 46 0.00871185

7 46 0.0100763

8 46 0.0114009

9 46 0.0126806

10 46 0.0139102

11 46 0.015085

12 46 0.0162001

13 46 0.0172514

14 46 0.0182346

15 46 0.0191458

16 46 0.0199814

17 46 0.0207382

18 46 0.0214132

19 46 0.0220036

20 46 0.0225072

21 46 0.022922

22 46 0.0232463

23 46 0.0234789

24 46 0.0236188

25 46 0.0236655

26 46 0.0236188

27 46 0.0234789

28 46 0.0232463

29 46 0.022922

30 46 0.0225072

31 46 0.0220036

32 46 0.0214132

33 46 0.0207382

34 46 0.0199814

35 46 0.0191458

36 46 0.0182346

37 46 0.0172514

38 46 0.0162001

39 46 0.015085

40 46 0.0139102

41 46 0.0126806

42 46 0.0114009

43 46 0.0100763

44 46 0.00871185

45 46 0.00731304

46 46 0.00588537

47 46 0.00443447

48 46 0.00296607

49 46 0.00148597

50 46 0

0 47 0

1 47 0.00111964

2 47 0.00223486

3 47 0.00334126

4 47 0.00443447

5 47 0.00551018

6 47 0.00656415

7 47 0.00759221

8 47 0.00859031

9 47 0.00955451

10 47 0.010481

11 47 0.0113661

12 47 0.0122064

13 47 0.0129985

14 47 0.0137393

15 47 0.0144259

16 47 0.0150555

17 47 0.0156257

18 47 0.0161343

19 47 0.0165792

20 47 0.0169586

21 47 0.0172711

22 47 0.0175155

23 47 0.0176907

24 47 0.0177961

25 47 0.0178313

26 47 0.0177961

27 47 0.0176907

28 47 0.0175155

29 47 0.0172711

30 47 0.0169586

31 47 0.0165792

32 47 0.0161343

33 47 0.0156257

34 47 0.0150555

35 47 0.0144259

36 47 0.0137393

37 47 0.0129985

38 47 0.0122064

39 47 0.0113661

40 47 0.010481

41 47 0.00955451

42 47 0.00859031

43 47 0.00759221

44 47 0.00656415

45 47 0.00551018

46 47 0.00443447

47 47 0.00334126

48 47 0.00223486

49 47 0.00111964

50 47 0

0 48 0

1 48 0.00074889

2 48 0.00149482

3 48 0.00223486

4 48 0.00296607

5 48 0.00368558

6 48 0.00439055

7 48 0.00507818

8 48 0.00574578

9 48 0.0063907

10 48 0.00701039

11 48 0.00760242

12 48 0.00816445

13 48 0.00869426

14 48 0.00918975

15 48 0.00964898

16 48 0.0100701

17 48 0.0104515

18 48 0.0107917

19 48 0.0110893

20 48 0.0113431

21 48 0.0115521

22 48 0.0117155

23 48 0.0118327

24 48 0.0119033

25 48 0.0119268

26 48 0.0119033

27 48 0.0118327

28 48 0.0117155

29 48 0.0115521

30 48 0.0113431

31 48 0.0110893

32 48 0.0107917

33 48 0.0104515

34 48 0.0100701

35 48 0.00964898

36 48 0.00918975

37 48 0.00869426

38 48 0.00816445

39 48 0.00760242

40 48 0.00701039

41 48 0.0063907

42 48 0.00574578

43 48 0.00507818

44 48 0.00439055

45 48 0.00368558

46 48 0.00296607

47 48 0.00223486

48 48 0.00149482

49 48 0.00074889

50 48 0

0 49 0

1 49 0.000375185

2 49 0.00074889

3 49 0.00111964

4 49 0.00148597

5 49 0.00184643

