0 1 0

1 1 0.000751466

2 1 0.00149997

3 1 0.00224255

4 1 0.00297628

5 1 0.00369826

6 1 0.00440565

7 1 0.00509565

8 1 0.00576554

9 1 0.00641268

10 1 0.00703451

11 1 0.00762858

12 1 0.00819254

13 1 0.00872417

14 1 0.00922137

15 1 0.00968217

16 1 0.0101048

17 1 0.0104875

18 1 0.0108288

19 1 0.0111274

20 1 0.0113821

21 1 0.0115918

22 1 0.0117558

23 1 0.0118735

24 1 0.0119442

25 1 0.0119678

26 1 0.0119442

27 1 0.0118735

28 1 0.0117558

29 1 0.0115918

30 1 0.0113821

31 1 0.0111274

32 1 0.0108288

33 1 0.0104875

34 1 0.0101048

35 1 0.00968217

36 1 0.00922137

37 1 0.00872417

38 1 0.00819254

39 1 0.00762858

40 1 0.00703451

41 1 0.00641268

42 1 0.00576554

43 1 0.00509565

44 1 0.00440565

45 1 0.00369826

46 1 0.00297628

47 1 0.00224255

48 1 0.00149997

49 1 0.000751466

50 1 0

0 2 0

1 2 0.00149997

2 2 0.00299401

3 2 0.00447624

4 2 0.00594081

5 2 0.00738193

6 2 0.00879391

7 2 0.0101712

8 2 0.0115083

9 2 0.0128001

10 2 0.0140413

11 2 0.015227

12 2 0.0163527

13 2 0.0174139

14 2 0.0184063

15 2 0.0193261

16 2 0.0201697

17 2 0.0209336

18 2 0.0216149

19 2 0.0222109

20 2 0.0227192

21 2 0.0231379

22 2 0.0234653

23 2 0.0237

24 2 0.0238413

25 2 0.0238884

26 2 0.0238413

27 2 0.0237

28 2 0.0234653

29 2 0.0231379

30 2 0.0227192

31 2 0.0222109

32 2 0.0216149

33 2 0.0209336

34 2 0.0201697

35 2 0.0193261

36 2 0.0184063

37 2 0.0174139

38 2 0.0163527

39 2 0.015227

40 2 0.0140413

41 2 0.0128001

42 2 0.0115083

43 2 0.0101712

44 2 0.00879391

45 2 0.00738193

46 2 0.00594081

47 2 0.00447624

48 2 0.00299401

49 2 0.00149997

50 2 0

0 3 0

1 3 0.00224255

2 3 0.00447624

3 3 0.00669227

4 3 0.00888189

5 3 0.0110365

6 3 0.0131475

7 3 0.0152066

8 3 0.0172057

9 3 0.0191369

10 3 0.0209926

11 3 0.0227654

12 3 0.0244484

13 3 0.0260349

14 3 0.0275187

15 3 0.0288938

16 3 0.0301549

17 3 0.0312971

18 3 0.0323157

19 3 0.0332067

20 3 0.0339667

21 3 0.0345927

22 3 0.0350821

23 3 0.0354331

24 3 0.0356443

25 3 0.0357147

26 3 0.0356443

27 3 0.0354331

28 3 0.0350821

29 3 0.0345927

30 3 0.0339667

31 3 0.0332067

32 3 0.0323157

33 3 0.0312971

34 3 0.0301549

35 3 0.0288938

36 3 0.0275187

37 3 0.0260349

38 3 0.0244484

39 3 0.0227654

40 3 0.0209926

41 3 0.0191369

42 3 0.0172057

43 3 0.0152066

44 3 0.0131475

45 3 0.0110365

46 3 0.00888189

47 3 0.00669227

48 3 0.00447624

49 3 0.00224255

50 3 0

0 4 0

1 4 0.00297628

2 4 0.00594081

3 4 0.00888189

4 4 0.0117879

5 4 0.0146474

6 4 0.0174491

7 4 0.020182

8 4 0.0228352

9 4 0.0253982

10 4 0.0278611

11 4 0.030214

12 4 0.0324476

13 4 0.0345532

14 4 0.0365224

15 4 0.0383475

16 4 0.0400212

17 4 0.041537

18 4 0.0428889

19 4 0.0440715

20 4 0.0450802

21 4 0.0459109

22 4 0.0465605

23 4 0.0470263

24 4 0.0473066

25 4 0.0474001

26 4 0.0473066

27 4 0.0470263

28 4 0.0465605

29 4 0.0459109

30 4 0.0450802

31 4 0.0440715

32 4 0.0428889

33 4 0.041537

34 4 0.0400212

35 4 0.0383475

36 4 0.0365224

37 4 0.0345532

38 4 0.0324476

39 4 0.030214

40 4 0.0278611

41 4 0.0253982

42 4 0.0228352

43 4 0.020182

44 4 0.0174491

45 4 0.0146474

46 4 0.0117879

47 4 0.00888189

48 4 0.00594081

49 4 0.00297628

50 4 0

0 5 0

1 5 0.00369826

2 5 0.00738193

3 5 0.0110365

4 5 0.0146474

5 5 0.0182006

6 5 0.0216819

7 5 0.0250777

8 5 0.0283745

9 5 0.0315593

10 5 0.0346196

11 5 0.0375432

12 5 0.0403187

13 5 0.0429351

14 5 0.045382

15 5 0.0476498

16 5 0.0497296

17 5 0.0516131

18 5 0.0532929

19 5 0.0547623

20 5 0.0560157

21 5 0.057048

22 5 0.0578551

23 5 0.058434

24 5 0.0587822

25 5 0.0588984

26 5 0.0587822

27 5 0.058434

28 5 0.0578551

29 5 0.057048

30 5 0.0560157

31 5 0.0547623

32 5 0.0532929

33 5 0.0516131

34 5 0.0497296

35 5 0.0476498

36 5 0.045382

37 5 0.0429351

38 5 0.0403187

39 5 0.0375432

40 5 0.0346196

41 5 0.0315593

42 5 0.0283745

43 5 0.0250777

44 5 0.0216819

45 5 0.0182006

46 5 0.0146474

47 5 0.0110365

48 5 0.00738193

49 5 0.00369826

50 5 0

0 6 0

1 6 0.00440565

2 6 0.00879391

3 6 0.0131475

4 6 0.0174491

5 6 0.0216819

6 6 0.0258292

7 6 0.0298745

8 6 0.0338019

9 6 0.0375959

10 6 0.0412415

11 6 0.0447244

12 6 0.0480307

13 6 0.0511475

14 6 0.0540625

15 6 0.0567641

16 6 0.0592416

17 6 0.0614854

18 6 0.0634865

19 6 0.0652371

20 6 0.0667302

21 6 0.0679599

22 6 0.0689214

23 6 0.069611

24 6 0.0700258

25 6 0.0701642

26 6 0.0700258

27 6 0.069611

28 6 0.0689214

29 6 0.0679599

30 6 0.0667302

31 6 0.0652371

32 6 0.0634865

33 6 0.0614854

34 6 0.0592416

35 6 0.0567641

36 6 0.0540625

37 6 0.0511475

38 6 0.0480307

39 6 0.0447244

40 6 0.0412415

41 6 0.0375959

42 6 0.0338019

43 6 0.0298745

44 6 0.0258292

45 6 0.0216819

46 6 0.0174491

47 6 0.0131475

48 6 0.00879391

49 6 0.00440565

50 6 0

0 7 0

1 7 0.00509565

2 7 0.0101712

3 7 0.0152066

4 7 0.020182

5 7 0.0250777

6 7 0.0298745

7 7 0.0345533

8 7 0.0390958

9 7 0.0434841

10 7 0.0477006

11 7 0.051729

12 7 0.0555532

13 7 0.0591581

14 7 0.0625296

15 7 0.0656543

16 7 0.0685199

17 7 0.0711151

18 7 0.0734296

19 7 0.0754543

20 7 0.0771813

21 7 0.0786036

22 7 0.0797157

23 7 0.0805133

24 7 0.0809931

25 7 0.0811532

26 7 0.0809931

27 7 0.0805133

28 7 0.0797157

29 7 0.0786036

30 7 0.0771813

31 7 0.0754543

32 7 0.0734296

33 7 0.0711151

34 7 0.0685199

35 7 0.0656543

36 7 0.0625296

37 7 0.0591581

38 7 0.0555532

39 7 0.051729

40 7 0.0477006

41 7 0.0434841

42 7 0.0390958

43 7 0.0345533

44 7 0.0298745

45 7 0.0250777

46 7 0.020182

47 7 0.0152066

48 7 0.0101712

49 7 0.00509565

50 7 0

0 8 0

1 8 0.00576554

2 8 0.0115083

3 8 0.0172057

4 8 0.0228352

5 8 0.0283745

6 8 0.0338019

7 8 0.0390958

8 8 0.0442355

9 8 0.0492006

10 8 0.0539715

11 8 0.0585295

12 8 0.0628564

13 8 0.0669353

14 8 0.07075

15 8 0.0742854

16 8 0.0775278

17 8 0.0804641

18 8 0.0830829

19 8 0.0853738

20 8 0.0873278

21 8 0.0889371

22 8 0.0901954

23 8 0.0910978

24 8 0.0916407

25 8 0.0918219

26 8 0.0916407

27 8 0.0910978

28 8 0.0901954

29 8 0.0889371

30 8 0.0873278

31 8 0.0853738

32 8 0.0830829

33 8 0.0804641

34 8 0.0775278

35 8 0.0742854

36 8 0.07075

37 8 0.0669353

38 8 0.0628564

39 8 0.0585295

40 8 0.0539715

41 8 0.0492006

42 8 0.0442355

43 8 0.0390958

44 8 0.0338019

45 8 0.0283745

46 8 0.0228352

47 8 0.0172057

48 8 0.0115083

49 8 0.00576554

50 8 0

0 9 0

1 9 0.00641268

2 9 0.0128001

3 9 0.0191369

4 9 0.0253982

5 9 0.0315593

6 9 0.0375959

7 9 0.0434841

8 9 0.0492006

9 9 0.054723

10 9 0.0600294

11 9 0.0650989

12 9 0.0699115

13 9 0.0744482

14 9 0.0786911

15 9 0.0826234

16 9 0.0862297

17 9 0.0894956

18 9 0.0924083

19 9 0.0949564

20 9 0.0971296

21 9 0.0989196

22 9 0.100319

23 9 0.101323

24 9 0.101927

25 9 0.102128

26 9 0.101927

27 9 0.101323

28 9 0.100319

29 9 0.0989196

30 9 0.0971296

31 9 0.0949564

32 9 0.0924083

33 9 0.0894956

34 9 0.0862297

35 9 0.0826234

36 9 0.0786911

37 9 0.0744482

38 9 0.0699115

39 9 0.0650989

40 9 0.0600294

41 9 0.054723

42 9 0.0492006

43 9 0.0434841

44 9 0.0375959

45 9 0.0315593

46 9 0.0253982

47 9 0.0191369

48 9 0.0128001

49 9 0.00641268

50 9 0

0 10 0

1 10 0.00703451

2 10 0.0140413

3 10 0.0209926

4 10 0.0278611

5 10 0.0346196

6 10 0.0412415

7 10 0.0477006

8 10 0.0539715

9 10 0.0600294

10 10 0.0658504

11 10 0.0714115

12 10 0.0766908

13 10 0.0816674

14 10 0.0863217

15 10 0.0906353

16 10 0.0945912

17 10 0.0981739

18 10 0.101369

19 10 0.104164

20 10 0.106548

21 10 0.108512

22 10 0.110047

23 10 0.111148

24 10 0.11181

25 10 0.112031

26 10 0.11181

27 10 0.111148

28 10 0.110047

29 10 0.108512

30 10 0.106548

31 10 0.104164

32 10 0.101369

33 10 0.0981739

34 10 0.0945912

35 10 0.0906353

36 10 0.0863217

37 10 0.0816674

38 10 0.0766908

39 10 0.0714115

40 10 0.0658504

41 10 0.0600294

42 10 0.0539715

43 10 0.0477006

44 10 0.0412415

45 10 0.0346196

46 10 0.0278611

47 10 0.0209926

48 10 0.0140413

49 10 0.00703451

50 10 0

0 11 0

1 11 0.00762858

2 11 0.015227

3 11 0.0227654

4 11 0.030214

5 11 0.0375432

6 11 0.0447244

7 11 0.051729

8 11 0.0585295

9 11 0.0650989

10 11 0.0714115

11 11 0.0774422

12 11 0.0831673

13 11 0.0885642

14 11 0.0936116

15 11 0.0982895

16 11 0.10258

17 11 0.106465

18 11 0.10993

19 11 0.112961

20 11 0.115546

21 11 0.117676

22 11 0.119341

23 11 0.120534

24 11 0.121253

25 11 0.121492

26 11 0.121253

27 11 0.120534

28 11 0.119341

29 11 0.117676

30 11 0.115546

31 11 0.112961

32 11 0.10993

33 11 0.106465

34 11 0.10258

35 11 0.0982895

36 11 0.0936116

37 11 0.0885642

38 11 0.0831673

39 11 0.0774422

40 11 0.0714115

41 11 0.0650989

42 11 0.0585295

43 11 0.051729

44 11 0.0447244

45 11 0.0375432

46 11 0.030214

47 11 0.0227654

48 11 0.015227

49 11 0.00762858

50 11 0

0 12 0

1 12 0.00819254

2 12 0.0163527

3 12 0.0244484

4 12 0.0324476

5 12 0.0403187

6 12 0.0480307

7 12 0.0555532

8 12 0.0628564

9 12 0.0699115

10 12 0.0766908

11 12 0.0831673

12 12 0.0893157

13 12 0.0951115

14 12 0.100532

15 12 0.105556

16 12 0.110163

17 12 0.114335

18 12 0.118057

19 12 0.121312

20 12 0.124088

21 12 0.126375

22 12 0.128163

23 12 0.129445

24 12 0.130217

25 12 0.130474

26 12 0.130217

27 12 0.129445

28 12 0.128163

29 12 0.126375

30 12 0.124088

31 12 0.121312

32 12 0.118057

33 12 0.114335

34 12 0.110163

35 12 0.105556

36 12 0.100532

37 12 0.0951115

38 12 0.0893157

39 12 0.0831673

40 12 0.0766908

41 12 0.0699115

42 12 0.0628564

43 12 0.0555532

44 12 0.0480307

45 12 0.0403187

46 12 0.0324476

47 12 0.0244484

48 12 0.0163527

49 12 0.00819254

50 12 0

0 13 0

1 13 0.00872417

2 13 0.0174139

3 13 0.0260349

4 13 0.0345532

5 13 0.0429351

6 13 0.0511475

7 13 0.0591581

8 13 0.0669353

9 13 0.0744482

10 13 0.0816674

11 13 0.0885642

12 13 0.0951115

13 13 0.101284

14 13 0.107056

15 13 0.112405

16 13 0.117312

17 13 0.121755

18 13 0.125717

19 13 0.129184

20 13 0.132141

21 13 0.134576

22 13 0.13648

23 13 0.137845

24 13 0.138667

25 13 0.138941

26 13 0.138667

27 13 0.137845

28 13 0.13648

29 13 0.134576

30 13 0.132141

31 13 0.129184

32 13 0.125717

33 13 0.121755

34 13 0.117312

35 13 0.112405

36 13 0.107056

37 13 0.101284

38 13 0.0951115

39 13 0.0885642

40 13 0.0816674

41 13 0.0744482

42 13 0.0669353

43 13 0.0591581

44 13 0.0511475

45 13 0.0429351

46 13 0.0345532

47 13 0.0260349

48 13 0.0174139

49 13 0.00872417

50 13 0

0 14 0

1 14 0.00922137

2 14 0.0184063

3 14 0.0275187

4 14 0.0365224

5 14 0.045382

6 14 0.0540625

7 14 0.0625296

8 14 0.07075

9 14 0.0786911

10 14 0.0863217

11 14 0.0936116

12 14 0.100532

13 14 0.107056

14 14 0.113157

15 14 0.118812

16 14 0.123997

17 14 0.128694

18 14 0.132882

19 14 0.136546

20 14 0.139671

21 14 0.142245

22 14 0.144258

23 14 0.145701

24 14 0.146569

25 14 0.146859

26 14 0.146569

27 14 0.145701

28 14 0.144258

29 14 0.142245

30 14 0.139671

31 14 0.136546

32 14 0.132882

33 14 0.128694

34 14 0.123997

35 14 0.118812

36 14 0.113157

37 14 0.107056

38 14 0.100532

39 14 0.0936116

40 14 0.0863217

41 14 0.0786911

42 14 0.07075

43 14 0.0625296

44 14 0.0540625

45 14 0.045382

46 14 0.0365224

47 14 0.0275187

48 14 0.0184063

49 14 0.00922137

50 14 0

0 15 0

1 15 0.00968217

2 15 0.0193261

3 15 0.0288938

4 15 0.0383475

5 15 0.0476498

6 15 0.0567641

7 15 0.0656543

8 15 0.0742854

9 15 0.0826234

10 15 0.0906353

11 15 0.0982895

12 15 0.105556

13 15 0.112405

14 15 0.118812

15 15 0.124749

16 15 0.130194

17 15 0.135125

18 15 0.139523

19 15 0.14337

20 15 0.146651

21 15 0.149354

22 15 0.151467

23 15 0.152982

24 15 0.153894

25 15 0.154198

26 15 0.153894

27 15 0.152982

28 15 0.151467

29 15 0.149354

30 15 0.146651

31 15 0.14337

32 15 0.139523

33 15 0.135125

34 15 0.130194

35 15 0.124749

36 15 0.118812

37 15 0.112405

38 15 0.105556

39 15 0.0982895

40 15 0.0906353

41 15 0.0826234

42 15 0.0742854

43 15 0.0656543

44 15 0.0567641

45 15 0.0476498

46 15 0.0383475

47 15 0.0288938

48 15 0.0193261

49 15 0.00968217

50 15 0

0 16 0

1 16 0.0101048

2 16 0.0201697

3 16 0.0301549

4 16 0.0400212

5 16 0.0497296

6 16 0.0592416

7 16 0.0685199

8 16 0.0775278

9 16 0.0862297

10 16 0.0945912

11 16 0.10258

12 16 0.110163

13 16 0.117312

14 16 0.123997

15 16 0.130194

16 16 0.135876

17 16 0.141022

18 16 0.145612

19 16 0.149627

20 16 0.153052

21 16 0.155872

22 16 0.158078

23 16 0.159659

24 16 0.160611

25 16 0.160928

26 16 0.160611

27 16 0.159659

28 16 0.158078

29 16 0.155872

30 16 0.153052

31 16 0.149627

32 16 0.145612

33 16 0.141022

34 16 0.135876

35 16 0.130194

36 16 0.123997

37 16 0.117312

38 16 0.110163

39 16 0.10258

40 16 0.0945912

41 16 0.0862297

42 16 0.0775278

43 16 0.0685199

44 16 0.0592416

45 16 0.0497296

46 16 0.0400212

47 16 0.0301549

48 16 0.0201697

49 16 0.0101048

50 16 0

0 17 0

1 17 0.0104875

2 17 0.0209336

3 17 0.0312971

4 17 0.041537

5 17 0.0516131

6 17 0.0614854

7 17 0.0711151

8 17 0.0804641

9 17 0.0894956

10 17 0.0981739

11 17 0.106465

12 17 0.114335

13 17 0.121755

14 17 0.128694

15 17 0.135125

16 17 0.141022

17 17 0.146364

18 17 0.151127

19 17 0.155294

20 17 0.158849

21 17 0.161776

22 17 0.164065

23 17 0.165706

24 17 0.166694

25 17 0.167023

26 17 0.166694

27 17 0.165706

28 17 0.164065

29 17 0.161776

30 17 0.158849

31 17 0.155294

32 17 0.151127

33 17 0.146364

34 17 0.141022

35 17 0.135125

36 17 0.128694

37 17 0.121755

38 17 0.114335

39 17 0.106465

40 17 0.0981739

41 17 0.0894956

42 17 0.0804641

43 17 0.0711151

44 17 0.0614854

45 17 0.0516131

46 17 0.041537

47 17 0.0312971

48 17 0.0209336

49 17 0.0104875

50 17 0

0 18 0

1 18 0.0108288

2 18 0.0216149

3 18 0.0323157

4 18 0.0428889

5 18 0.0532929

6 18 0.0634865

7 18 0.0734296

8 18 0.0830829

9 18 0.0924083

10 18 0.101369

11 18 0.10993

12 18 0.118057

13 18 0.125717

14 18 0.132882

15 18 0.139523

16 18 0.145612

17 18 0.151127

18 18 0.156046

19 18 0.160349

20 18 0.164019

21 18 0.167041

22 18 0.169405

23 18 0.171099

24 18 0.172119

25 18 0.172459

26 18 0.172119

27 18 0.171099

28 18 0.169405

29 18 0.167041

30 18 0.164019

31 18 0.160349

32 18 0.156046

33 18 0.151127

34 18 0.145612

35 18 0.139523

36 18 0.132882

37 18 0.125717

38 18 0.118057

39 18 0.10993

40 18 0.101369

41 18 0.0924083

42 18 0.0830829

43 18 0.0734296

44 18 0.0634865

45 18 0.0532929

46 18 0.0428889

47 18 0.0323157

48 18 0.0216149

49 18 0.0108288

50 18 0

0 19 0

1 19 0.0111274

2 19 0.0222109

3 19 0.0332067

4 19 0.0440715

5 19 0.0547623

6 19 0.0652371

7 19 0.0754543

8 19 0.0853738

9 19 0.0949564

10 19 0.104164

11 19 0.112961

12 19 0.121312

13 19 0.129184

14 19 0.136546

15 19 0.14337

16 19 0.149627

17 19 0.155294

18 19 0.160349

19 19 0.16477

20 19 0.168541

21 19 0.171647

22 19 0.174076

23 19 0.175817

24 19 0.176865

25 19 0.177215

26 19 0.176865

27 19 0.175817

28 19 0.174076

29 19 0.171647

30 19 0.168541

31 19 0.16477

32 19 0.160349

33 19 0.155294

34 19 0.149627

35 19 0.14337

36 19 0.136546

37 19 0.129184

38 19 0.121312

39 19 0.112961

40 19 0.104164

41 19 0.0949564

42 19 0.0853738

43 19 0.0754543

44 19 0.0652371

45 19 0.0547623

46 19 0.0440715

47 19 0.0332067

48 19 0.0222109

49 19 0.0111274

50 19 0

0 20 0

1 20 0.0113821

2 20 0.0227192

3 20 0.0339667

4 20 0.0450802

5 20 0.0560157

6 20 0.0667302

7 20 0.0771813

8 20 0.0873278

9 20 0.0971296

10 20 0.106548

11 20 0.115546

12 20 0.124088

13 20 0.132141

14 20 0.139671

15 20 0.146651

16 20 0.153052

17 20 0.158849

18 20 0.164019

19 20 0.168541

20 20 0.172399

21 20 0.175576

22 20 0.17806

23 20 0.179841

24 20 0.180913

25 20 0.181271

26 20 0.180913

27 20 0.179841

28 20 0.17806

29 20 0.175576

30 20 0.172399

31 20 0.168541

32 20 0.164019

33 20 0.158849

34 20 0.153052

35 20 0.146651

36 20 0.139671

37 20 0.132141

38 20 0.124088

39 20 0.115546

40 20 0.106548

41 20 0.0971296

42 20 0.0873278

43 20 0.0771813

44 20 0.0667302

45 20 0.0560157

46 20 0.0450802

47 20 0.0339667

48 20 0.0227192

49 20 0.0113821

50 20 0

0 21 0

1 21 0.0115918

2 21 0.0231379

3 21 0.0345927

4 21 0.0459109

5 21 0.057048

6 21 0.0679599

7 21 0.0786036

8 21 0.0889371

9 21 0.0989196

10 21 0.108512

11 21 0.117676

12 21 0.126375

13 21 0.134576

14 21 0.142245

15 21 0.149354

16 21 0.155872

17 21 0.161776

18 21 0.167041

19 21 0.171647

20 21 0.175576

21 21 0.178811

22 21 0.181341

23 21 0.183155

24 21 0.184247

25 21 0.184611

26 21 0.184247

27 21 0.183155

28 21 0.181341

29 21 0.178811

30 21 0.175576

31 21 0.171647

32 21 0.167041

33 21 0.161776

34 21 0.155872

35 21 0.149354

36 21 0.142245

37 21 0.134576

38 21 0.126375

39 21 0.117676

40 21 0.108512

41 21 0.0989196

42 21 0.0889371

43 21 0.0786036

44 21 0.0679599

45 21 0.057048

46 21 0.0459109

47 21 0.0345927

48 21 0.0231379

49 21 0.0115918

50 21 0

0 22 0

1 22 0.0117558

2 22 0.0234653

3 22 0.0350821

4 22 0.0465605

5 22 0.0578551

6 22 0.0689214

7 22 0.0797157

8 22 0.0901954

9 22 0.100319

10 22 0.110047

11 22 0.119341

12 22 0.128163

13 22 0.13648

14 22 0.144258

15 22 0.151467

16 22 0.158078

17 22 0.164065

18 22 0.169405

19 22 0.174076

20 22 0.17806

21 22 0.181341

22 22 0.183907

23 22 0.185747

24 22 0.186854

25 22 0.187223

26 22 0.186854

27 22 0.185747

28 22 0.183907

29 22 0.181341

30 22 0.17806

31 22 0.174076

32 22 0.169405

33 22 0.164065

34 22 0.158078

35 22 0.151467

36 22 0.144258

37 22 0.13648

38 22 0.128163

39 22 0.119341

40 22 0.110047

41 22 0.100319

42 22 0.0901954

43 22 0.0797157

44 22 0.0689214

45 22 0.0578551

46 22 0.0465605

47 22 0.0350821

48 22 0.0234653

49 22 0.0117558

50 22 0

0 23 0

1 23 0.0118735

2 23 0.0237

3 23 0.0354331

4 23 0.0470263

5 23 0.058434

6 23 0.069611

7 23 0.0805133

8 23 0.0910978

9 23 0.101323

10 23 0.111148

11 23 0.120534

12 23 0.129445

13 23 0.137845

14 23 0.145701

15 23 0.152982

16 23 0.159659

17 23 0.165706

18 23 0.171099

19 23 0.175817

20 23 0.179841

21 23 0.183155

22 23 0.185747

23 23 0.187605

24 23 0.188723

25 23 0.189096

26 23 0.188723

27 23 0.187605

28 23 0.185747

29 23 0.183155

30 23 0.179841

31 23 0.175817

32 23 0.171099

33 23 0.165706

34 23 0.159659

35 23 0.152982

36 23 0.145701

37 23 0.137845

38 23 0.129445

39 23 0.120534

40 23 0.111148

41 23 0.101323

42 23 0.0910978

43 23 0.0805133

44 23 0.069611

45 23 0.058434

46 23 0.0470263

47 23 0.0354331

48 23 0.0237

49 23 0.0118735

50 23 0

0 24 0

1 24 0.0119442

2 24 0.0238413

3 24 0.0356443

4 24 0.0473066

5 24 0.0587822

6 24 0.0700258

7 24 0.0809931

8 24 0.0916407

9 24 0.101927

10 24 0.11181

11 24 0.121253

12 24 0.130217

13 24 0.138667

14 24 0.146569

15 24 0.153894

16 24 0.160611

17 24 0.166694

18 24 0.172119

19 24 0.176865

20 24 0.180913

21 24 0.184247

22 24 0.186854

23 24 0.188723

24 24 0.189848

25 24 0.190223

26 24 0.189848

27 24 0.188723

28 24 0.186854

29 24 0.184247

30 24 0.180913

31 24 0.176865

32 24 0.172119

33 24 0.166694

34 24 0.160611

35 24 0.153894

36 24 0.146569

37 24 0.138667

38 24 0.130217

39 24 0.121253

40 24 0.11181

41 24 0.101927

42 24 0.0916407

43 24 0.0809931

44 24 0.0700258

45 24 0.0587822

46 24 0.0473066

47 24 0.0356443

48 24 0.0238413

49 24 0.0119442

50 24 0

0 25 0

1 25 0.0119678

2 25 0.0238884

3 25 0.0357147

4 25 0.0474001

5 25 0.0588984

6 25 0.0701642

7 25 0.0811532

8 25 0.0918219

9 25 0.102128

10 25 0.112031

11 25 0.121492

12 25 0.130474

13 25 0.138941

14 25 0.146859

15 25 0.154198

16 25 0.160928

17 25 0.167023

18 25 0.172459

19 25 0.177215

20 25 0.181271

21 25 0.184611

22 25 0.187223

23 25 0.189096

24 25 0.190223

25 25 0.190599

26 25 0.190223

27 25 0.189096

28 25 0.187223

29 25 0.184611

30 25 0.181271

31 25 0.177215

32 25 0.172459

33 25 0.167023

34 25 0.160928

35 25 0.154198

36 25 0.146859

37 25 0.138941

38 25 0.130474

39 25 0.121492

40 25 0.112031

41 25 0.102128

42 25 0.0918219

43 25 0.0811532

44 25 0.0701642

45 25 0.0588984

46 25 0.0474001

47 25 0.0357147

48 25 0.0238884

49 25 0.0119678

50 25 0

0 26 0

1 26 0.0119442

2 26 0.0238413

3 26 0.0356443

4 26 0.0473066

5 26 0.0587822

6 26 0.0700258

7 26 0.0809931

8 26 0.0916407

9 26 0.101927

10 26 0.11181

11 26 0.121253

12 26 0.130217

13 26 0.138667

14 26 0.146569

15 26 0.153894

16 26 0.160611

17 26 0.166694

18 26 0.172119

19 26 0.176865

20 26 0.180913

21 26 0.184247

22 26 0.186854

23 26 0.188723

24 26 0.189848

25 26 0.190223

26 26 0.189848

27 26 0.188723

28 26 0.186854

29 26 0.184247

30 26 0.180913

31 26 0.176865

32 26 0.172119

33 26 0.166694

34 26 0.160611

35 26 0.153894

36 26 0.146569

37 26 0.138667

38 26 0.130217

39 26 0.121253

40 26 0.11181

41 26 0.101927

42 26 0.0916407

43 26 0.0809931

44 26 0.0700258

45 26 0.0587822

46 26 0.0473066

47 26 0.0356443

48 26 0.0238413

49 26 0.0119442

50 26 0

0 27 0

1 27 0.0118735

2 27 0.0237

3 27 0.0354331

4 27 0.0470263

5 27 0.058434

6 27 0.069611

7 27 0.0805133

8 27 0.0910978

9 27 0.101323

10 27 0.111148

11 27 0.120534

12 27 0.129445

13 27 0.137845

14 27 0.145701

15 27 0.152982

16 27 0.159659

17 27 0.165706

18 27 0.171099

19 27 0.175817

20 27 0.179841

21 27 0.183155

22 27 0.185747

23 27 0.187605

24 27 0.188723

25 27 0.189096

26 27 0.188723

27 27 0.187605

28 27 0.185747

29 27 0.183155

30 27 0.179841

31 27 0.175817

32 27 0.171099

33 27 0.165706

34 27 0.159659

35 27 0.152982

36 27 0.145701

37 27 0.137845

38 27 0.129445

39 27 0.120534

40 27 0.111148

41 27 0.101323

42 27 0.0910978

43 27 0.0805133

44 27 0.069611

45 27 0.058434

46 27 0.0470263

47 27 0.0354331

48 27 0.0237

49 27 0.0118735

50 27 0

0 28 0

1 28 0.0117558

2 28 0.0234653

3 28 0.0350821

4 28 0.0465605

5 28 0.0578551

6 28 0.0689214

7 28 0.0797157

8 28 0.0901954

9 28 0.100319

10 28 0.110047

11 28 0.119341

12 28 0.128163

13 28 0.13648

14 28 0.144258

15 28 0.151467

16 28 0.158078

17 28 0.164065

18 28 0.169405

19 28 0.174076

20 28 0.17806

21 28 0.181341

22 28 0.183907

23 28 0.185747

24 28 0.186854

25 28 0.187223

26 28 0.186854

27 28 0.185747

28 28 0.183907

29 28 0.181341

30 28 0.17806

31 28 0.174076

32 28 0.169405

33 28 0.164065

34 28 0.158078

35 28 0.151467

36 28 0.144258

37 28 0.13648

38 28 0.128163

39 28 0.119341

40 28 0.110047

41 28 0.100319

42 28 0.0901954

43 28 0.0797157

44 28 0.0689214

45 28 0.0578551

46 28 0.0465605

47 28 0.0350821

48 28 0.0234653

49 28 0.0117558

50 28 0

0 29 0

1 29 0.0115918

2 29 0.0231379

3 29 0.0345927

4 29 0.0459109

5 29 0.057048

6 29 0.0679599

7 29 0.0786036

8 29 0.0889371

9 29 0.0989196

10 29 0.108512

11 29 0.117676

12 29 0.126375

13 29 0.134576

14 29 0.142245

15 29 0.149354

16 29 0.155872

17 29 0.161776

18 29 0.167041

19 29 0.171647

20 29 0.175576

21 29 0.178811

22 29 0.181341

23 29 0.183155

24 29 0.184247

25 29 0.184611

26 29 0.184247

27 29 0.183155

28 29 0.181341

29 29 0.178811

30 29 0.175576

31 29 0.171647

32 29 0.167041

33 29 0.161776

34 29 0.155872

35 29 0.149354

36 29 0.142245

37 29 0.134576

38 29 0.126375

39 29 0.117676

40 29 0.108512

41 29 0.0989196

42 29 0.0889371

43 29 0.0786036

44 29 0.0679599

45 29 0.057048

46 29 0.0459109

47 29 0.0345927

48 29 0.0231379

49 29 0.0115918

50 29 0

0 30 0

1 30 0.0113821

2 30 0.0227192

3 30 0.0339667

4 30 0.0450802

5 30 0.0560157

6 30 0.0667302

7 30 0.0771813

8 30 0.0873278

9 30 0.0971296

10 30 0.106548

11 30 0.115546

12 30 0.124088

13 30 0.132141

14 30 0.139671

15 30 0.146651

16 30 0.153052

17 30 0.158849

18 30 0.164019

19 30 0.168541

20 30 0.172399

21 30 0.175576

22 30 0.17806

23 30 0.179841

24 30 0.180913

25 30 0.181271

26 30 0.180913

27 30 0.179841

28 30 0.17806

29 30 0.175576

30 30 0.172399

31 30 0.168541

32 30 0.164019

33 30 0.158849

34 30 0.153052

35 30 0.146651

36 30 0.139671

37 30 0.132141

38 30 0.124088

39 30 0.115546

40 30 0.106548

41 30 0.0971296

42 30 0.0873278

43 30 0.0771813

44 30 0.0667302

45 30 0.0560157

46 30 0.0450802

47 30 0.0339667

48 30 0.0227192

49 30 0.0113821

50 30 0

0 31 0

1 31 0.0111274

2 31 0.0222109

3 31 0.0332067

4 31 0.0440715

5 31 0.0547623

6 31 0.0652371

7 31 0.0754543

8 31 0.0853738

9 31 0.0949564

10 31 0.104164

11 31 0.112961

12 31 0.121312

13 31 0.129184

14 31 0.136546

15 31 0.14337

16 31 0.149627

17 31 0.155294

18 31 0.160349

19 31 0.16477

20 31 0.168541

21 31 0.171647

22 31 0.174076

23 31 0.175817

24 31 0.176865

25 31 0.177215

26 31 0.176865

27 31 0.175817

28 31 0.174076

29 31 0.171647

30 31 0.168541

31 31 0.16477

32 31 0.160349

33 31 0.155294

34 31 0.149627

35 31 0.14337

36 31 0.136546

37 31 0.129184

38 31 0.121312

39 31 0.112961

40 31 0.104164

41 31 0.0949564

42 31 0.0853738

43 31 0.0754543

44 31 0.0652371

45 31 0.0547623

46 31 0.0440715

47 31 0.0332067

48 31 0.0222109

49 31 0.0111274

50 31 0

0 32 0

1 32 0.0108288

2 32 0.0216149

3 32 0.0323157

4 32 0.0428889

5 32 0.0532929

6 32 0.0634865

7 32 0.0734296

8 32 0.0830829

9 32 0.0924083

10 32 0.101369

11 32 0.10993

12 32 0.118057

13 32 0.125717

14 32 0.132882

15 32 0.139523

16 32 0.145612

17 32 0.151127

18 32 0.156046

19 32 0.160349

20 32 0.164019

21 32 0.167041

22 32 0.169405

23 32 0.171099

24 32 0.172119

25 32 0.172459

26 32 0.172119

27 32 0.171099

28 32 0.169405

29 32 0.167041

30 32 0.164019

31 32 0.160349

32 32 0.156046

33 32 0.151127

34 32 0.145612

35 32 0.139523

36 32 0.132882

37 32 0.125717

38 32 0.118057

39 32 0.10993

40 32 0.101369

41 32 0.0924083

42 32 0.0830829

43 32 0.0734296

44 32 0.0634865

45 32 0.0532929

46 32 0.0428889

47 32 0.0323157

48 32 0.0216149

49 32 0.0108288

50 32 0

0 33 0

1 33 0.0104875

2 33 0.0209336

3 33 0.0312971

4 33 0.041537

5 33 0.0516131

6 33 0.0614854

7 33 0.0711151

8 33 0.0804641

9 33 0.0894956

10 33 0.0981739

11 33 0.106465

12 33 0.114335

13 33 0.121755

14 33 0.128694

15 33 0.135125

16 33 0.141022

17 33 0.146364

18 33 0.151127

19 33 0.155294

20 33 0.158849

21 33 0.161776

22 33 0.164065

23 33 0.165706

24 33 0.166694

25 33 0.167023

26 33 0.166694

27 33 0.165706

28 33 0.164065

29 33 0.161776

30 33 0.158849

31 33 0.155294

32 33 0.151127

33 33 0.146364

34 33 0.141022

35 33 0.135125

36 33 0.128694

37 33 0.121755

38 33 0.114335

39 33 0.106465

40 33 0.0981739

41 33 0.0894956

42 33 0.0804641

43 33 0.0711151

44 33 0.0614854

45 33 0.0516131

46 33 0.041537

47 33 0.0312971

48 33 0.0209336

49 33 0.0104875

50 33 0

0 34 0

1 34 0.0101048

2 34 0.0201697

3 34 0.0301549

4 34 0.0400212

5 34 0.0497296

6 34 0.0592416

7 34 0.0685199

8 34 0.0775278

9 34 0.0862297

10 34 0.0945912

11 34 0.10258

12 34 0.110163

13 34 0.117312

14 34 0.123997

15 34 0.130194

16 34 0.135876

17 34 0.141022

18 34 0.145612

19 34 0.149627

20 34 0.153052

21 34 0.155872

22 34 0.158078

23 34 0.159659

24 34 0.160611

25 34 0.160928

26 34 0.160611

27 34 0.159659

28 34 0.158078

29 34 0.155872

30 34 0.153052

31 34 0.149627

32 34 0.145612

33 34 0.141022

34 34 0.135876

35 34 0.130194

36 34 0.123997

37 34 0.117312

38 34 0.110163

39 34 0.10258

40 34 0.0945912

41 34 0.0862297

42 34 0.0775278

43 34 0.0685199

44 34 0.0592416

45 34 0.0497296

46 34 0.0400212

47 34 0.0301549

48 34 0.0201697

49 34 0.0101048

50 34 0

0 35 0

1 35 0.00968217

2 35 0.0193261

3 35 0.0288938

4 35 0.0383475

5 35 0.0476498

6 35 0.0567641

7 35 0.0656543

8 35 0.0742854

9 35 0.0826234

10 35 0.0906353

11 35 0.0982895

12 35 0.105556

13 35 0.112405

14 35 0.118812

15 35 0.124749

16 35 0.130194

17 35 0.135125

18 35 0.139523

19 35 0.14337

20 35 0.146651

21 35 0.149354

22 35 0.151467

23 35 0.152982

24 35 0.153894

25 35 0.154198

26 35 0.153894

27 35 0.152982

28 35 0.151467

29 35 0.149354

30 35 0.146651

31 35 0.14337

32 35 0.139523

33 35 0.135125

34 35 0.130194

35 35 0.124749

36 35 0.118812

37 35 0.112405

38 35 0.105556

39 35 0.0982895

40 35 0.0906353

41 35 0.0826234

42 35 0.0742854

43 35 0.0656543

44 35 0.0567641

45 35 0.0476498

46 35 0.0383475

47 35 0.0288938

48 35 0.0193261

49 35 0.00968217

50 35 0

0 36 0

1 36 0.00922137

2 36 0.0184063

3 36 0.0275187

4 36 0.0365224

5 36 0.045382

6 36 0.0540625

7 36 0.0625296

8 36 0.07075

9 36 0.0786911

10 36 0.0863217

11 36 0.0936116

12 36 0.100532

13 36 0.107056

14 36 0.113157

15 36 0.118812

16 36 0.123997

17 36 0.128694

18 36 0.132882

19 36 0.136546

20 36 0.139671

21 36 0.142245

22 36 0.144258

23 36 0.145701

24 36 0.146569

25 36 0.146859

26 36 0.146569

27 36 0.145701

28 36 0.144258

29 36 0.142245

30 36 0.139671

31 36 0.136546

32 36 0.132882

33 36 0.128694

34 36 0.123997

35 36 0.118812

36 36 0.113157

37 36 0.107056

38 36 0.100532

39 36 0.0936116

40 36 0.0863217

41 36 0.0786911

42 36 0.07075

43 36 0.0625296

44 36 0.0540625

45 36 0.045382

46 36 0.0365224

47 36 0.0275187

48 36 0.0184063

49 36 0.00922137

50 36 0

0 37 0

1 37 0.00872417

2 37 0.0174139

3 37 0.0260349

4 37 0.0345532

5 37 0.0429351

6 37 0.0511475

7 37 0.0591581

8 37 0.0669353

9 37 0.0744482

10 37 0.0816674

11 37 0.0885642

12 37 0.0951115

13 37 0.101284

14 37 0.107056

15 37 0.112405

16 37 0.117312

17 37 0.121755

18 37 0.125717

19 37 0.129184

20 37 0.132141

21 37 0.134576

22 37 0.13648

23 37 0.137845

24 37 0.138667

25 37 0.138941

26 37 0.138667

27 37 0.137845

28 37 0.13648

29 37 0.134576

30 37 0.132141

31 37 0.129184

32 37 0.125717

33 37 0.121755

34 37 0.117312

35 37 0.112405

36 37 0.107056

37 37 0.101284

38 37 0.0951115

39 37 0.0885642

40 37 0.0816674

41 37 0.0744482

42 37 0.0669353

43 37 0.0591581

44 37 0.0511475

45 37 0.0429351

46 37 0.0345532

47 37 0.0260349

48 37 0.0174139

49 37 0.00872417

50 37 0

0 38 0

1 38 0.00819254

2 38 0.0163527

3 38 0.0244484

4 38 0.0324476

5 38 0.0403187

6 38 0.0480307

7 38 0.0555532

8 38 0.0628564

9 38 0.0699115

10 38 0.0766908

11 38 0.0831673

12 38 0.0893157

13 38 0.0951115

14 38 0.100532

15 38 0.105556

16 38 0.110163

17 38 0.114335

18 38 0.118057

19 38 0.121312

20 38 0.124088

21 38 0.126375

22 38 0.128163

23 38 0.129445

24 38 0.130217

25 38 0.130474

26 38 0.130217

27 38 0.129445

28 38 0.128163

29 38 0.126375

30 38 0.124088

31 38 0.121312

32 38 0.118057

33 38 0.114335

34 38 0.110163

35 38 0.105556

36 38 0.100532

37 38 0.0951115

38 38 0.0893157

39 38 0.0831673

40 38 0.0766908

41 38 0.0699115

42 38 0.0628564

43 38 0.0555532

44 38 0.0480307

45 38 0.0403187

46 38 0.0324476

47 38 0.0244484

48 38 0.0163527

49 38 0.00819254

50 38 0

0 39 0

1 39 0.00762858

2 39 0.015227

3 39 0.0227654

4 39 0.030214

5 39 0.0375432

6 39 0.0447244

7 39 0.051729

8 39 0.0585295

9 39 0.0650989

10 39 0.0714115

11 39 0.0774422

12 39 0.0831673

13 39 0.0885642

14 39 0.0936116

15 39 0.0982895

16 39 0.10258

17 39 0.106465

18 39 0.10993

19 39 0.112961

20 39 0.115546

21 39 0.117676

22 39 0.119341

23 39 0.120534

24 39 0.121253

25 39 0.121492

26 39 0.121253

27 39 0.120534

28 39 0.119341

29 39 0.117676

30 39 0.115546

31 39 0.112961

32 39 0.10993

33 39 0.106465

34 39 0.10258

35 39 0.0982895

36 39 0.0936116

37 39 0.0885642

38 39 0.0831673

39 39 0.0774422

40 39 0.0714115

41 39 0.0650989

42 39 0.0585295

43 39 0.051729

44 39 0.0447244

45 39 0.0375432

46 39 0.030214

47 39 0.0227654

48 39 0.015227

49 39 0.00762858

50 39 0

0 40 0

1 40 0.00703451

2 40 0.0140413

3 40 0.0209926

4 40 0.0278611

5 40 0.0346196

6 40 0.0412415

7 40 0.0477006

8 40 0.0539715

9 40 0.0600294

10 40 0.0658504

11 40 0.0714115

12 40 0.0766908

13 40 0.0816674

14 40 0.0863217

15 40 0.0906353

16 40 0.0945912

17 40 0.0981739

18 40 0.101369

19 40 0.104164

20 40 0.106548

21 40 0.108512

22 40 0.110047

23 40 0.111148

24 40 0.11181

25 40 0.112031

26 40 0.11181

27 40 0.111148

28 40 0.110047

29 40 0.108512

30 40 0.106548

31 40 0.104164

32 40 0.101369

33 40 0.0981739

34 40 0.0945912

35 40 0.0906353

36 40 0.0863217

37 40 0.0816674

38 40 0.0766908

39 40 0.0714115

40 40 0.0658504

41 40 0.0600294

42 40 0.0539715

43 40 0.0477006

44 40 0.0412415

45 40 0.0346196

46 40 0.0278611

47 40 0.0209926

48 40 0.0140413

49 40 0.00703451

50 40 0

0 41 0

1 41 0.00641268

2 41 0.0128001

3 41 0.0191369

4 41 0.0253982

5 41 0.0315593

6 41 0.0375959

7 41 0.0434841

8 41 0.0492006

9 41 0.054723

10 41 0.0600294

11 41 0.0650989

12 41 0.0699115

13 41 0.0744482

14 41 0.0786911

15 41 0.0826234

16 41 0.0862297

17 41 0.0894956

18 41 0.0924083

19 41 0.0949564

20 41 0.0971296

21 41 0.0989196

22 41 0.100319

23 41 0.101323

24 41 0.101927

25 41 0.102128

26 41 0.101927

27 41 0.101323

28 41 0.100319

29 41 0.0989196

30 41 0.0971296

31 41 0.0949564

32 41 0.0924083

33 41 0.0894956

34 41 0.0862297

35 41 0.0826234

36 41 0.0786911

37 41 0.0744482

38 41 0.0699115

39 41 0.0650989

40 41 0.0600294

41 41 0.054723

42 41 0.0492006

43 41 0.0434841

44 41 0.0375959

45 41 0.0315593

46 41 0.0253982

47 41 0.0191369

48 41 0.0128001

49 41 0.00641268

50 41 0

0 42 0

1 42 0.00576554

2 42 0.0115083

3 42 0.0172057

4 42 0.0228352

5 42 0.0283745

6 42 0.0338019

7 42 0.0390958

8 42 0.0442355

9 42 0.0492006

10 42 0.0539715

11 42 0.0585295

12 42 0.0628564

13 42 0.0669353

14 42 0.07075

15 42 0.0742854

16 42 0.0775278

17 42 0.0804641

18 42 0.0830829

19 42 0.0853738

20 42 0.0873278

21 42 0.0889371

22 42 0.0901954

23 42 0.0910978

24 42 0.0916407

25 42 0.0918219

26 42 0.0916407

27 42 0.0910978

28 42 0.0901954

29 42 0.0889371

30 42 0.0873278

31 42 0.0853738

32 42 0.0830829

33 42 0.0804641

34 42 0.0775278

35 42 0.0742854

36 42 0.07075

37 42 0.0669353

38 42 0.0628564

39 42 0.0585295

40 42 0.0539715

41 42 0.0492006

42 42 0.0442355

43 42 0.0390958

44 42 0.0338019

45 42 0.0283745

46 42 0.0228352

47 42 0.0172057

48 42 0.0115083

49 42 0.00576554

50 42 0

0 43 0

1 43 0.00509565

2 43 0.0101712

3 43 0.0152066

4 43 0.020182

5 43 0.0250777

6 43 0.0298745

7 43 0.0345533

8 43 0.0390958

9 43 0.0434841

10 43 0.0477006

11 43 0.051729

12 43 0.0555532

13 43 0.0591581

14 43 0.0625296

15 43 0.0656543

16 43 0.0685199

17 43 0.0711151

18 43 0.0734296

19 43 0.0754543

20 43 0.0771813

21 43 0.0786036

22 43 0.0797157

23 43 0.0805133

24 43 0.0809931

25 43 0.0811532

26 43 0.0809931

27 43 0.0805133

28 43 0.0797157

29 43 0.0786036

30 43 0.0771813

31 43 0.0754543

32 43 0.0734296

33 43 0.0711151

34 43 0.0685199

35 43 0.0656543

36 43 0.0625296

37 43 0.0591581

38 43 0.0555532

39 43 0.051729

40 43 0.0477006

41 43 0.0434841

42 43 0.0390958

43 43 0.0345533

44 43 0.0298745

45 43 0.0250777

46 43 0.020182

47 43 0.0152066

48 43 0.0101712

49 43 0.00509565

50 43 0

0 44 0

1 44 0.00440565

2 44 0.00879391

3 44 0.0131475

4 44 0.0174491

5 44 0.0216819

6 44 0.0258292

7 44 0.0298745

8 44 0.0338019

9 44 0.0375959

10 44 0.0412415

11 44 0.0447244

12 44 0.0480307

13 44 0.0511475

14 44 0.0540625

15 44 0.0567641

16 44 0.0592416

17 44 0.0614854

18 44 0.0634865

19 44 0.0652371

20 44 0.0667302

21 44 0.0679599

22 44 0.0689214

23 44 0.069611

24 44 0.0700258

25 44 0.0701642

26 44 0.0700258

27 44 0.069611

28 44 0.0689214

29 44 0.0679599

30 44 0.0667302

31 44 0.0652371

32 44 0.0634865

33 44 0.0614854

34 44 0.0592416

35 44 0.0567641

36 44 0.0540625

37 44 0.0511475

38 44 0.0480307

39 44 0.0447244

40 44 0.0412415

41 44 0.0375959

42 44 0.0338019

43 44 0.0298745

44 44 0.0258292

45 44 0.0216819

46 44 0.0174491

47 44 0.0131475

48 44 0.00879391

49 44 0.00440565

50 44 0

0 45 0

1 45 0.00369826

2 45 0.00738193

3 45 0.0110365

4 45 0.0146474

5 45 0.0182006

6 45 0.0216819

7 45 0.0250777

8 45 0.0283745

9 45 0.0315593

10 45 0.0346196

11 45 0.0375432

12 45 0.0403187

13 45 0.0429351

14 45 0.045382

15 45 0.0476498

16 45 0.0497296

17 45 0.0516131

18 45 0.0532929

19 45 0.0547623

20 45 0.0560157

21 45 0.057048

22 45 0.0578551

23 45 0.058434

24 45 0.0587822

25 45 0.0588984

26 45 0.0587822

27 45 0.058434

28 45 0.0578551

29 45 0.057048

30 45 0.0560157

31 45 0.0547623

32 45 0.0532929

33 45 0.0516131

34 45 0.0497296

35 45 0.0476498

36 45 0.045382

37 45 0.0429351

38 45 0.0403187

39 45 0.0375432

40 45 0.0346196

41 45 0.0315593

42 45 0.0283745

43 45 0.0250777

44 45 0.0216819

45 45 0.0182006

46 45 0.0146474

47 45 0.0110365

48 45 0.00738193

49 45 0.00369826

50 45 0

0 46 0

1 46 0.00297628

2 46 0.00594081

3 46 0.00888189

4 46 0.0117879

5 46 0.0146474

6 46 0.0174491

7 46 0.020182

8 46 0.0228352

9 46 0.0253982

10 46 0.0278611

11 46 0.030214

12 46 0.0324476

13 46 0.0345532

14 46 0.0365224

15 46 0.0383475

16 46 0.0400212

17 46 0.041537

18 46 0.0428889

19 46 0.0440715

20 46 0.0450802

21 46 0.0459109

22 46 0.0465605

23 46 0.0470263

24 46 0.0473066

25 46 0.0474001

26 46 0.0473066

27 46 0.0470263

28 46 0.0465605

29 46 0.0459109

30 46 0.0450802

31 46 0.0440715

32 46 0.0428889

33 46 0.041537

34 46 0.0400212

35 46 0.0383475

36 46 0.0365224

37 46 0.0345532

38 46 0.0324476

39 46 0.030214

40 46 0.0278611

41 46 0.0253982

42 46 0.0228352

43 46 0.020182

44 46 0.0174491

45 46 0.0146474

46 46 0.0117879

47 46 0.00888189

48 46 0.00594081

49 46 0.00297628

50 46 0

0 47 0

1 47 0.00224255

2 47 0.00447624

3 47 0.00669227

4 47 0.00888189

5 47 0.0110365

6 47 0.0131475

7 47 0.0152066

8 47 0.0172057

9 47 0.0191369

10 47 0.0209926

11 47 0.0227654

12 47 0.0244484

13 47 0.0260349

14 47 0.0275187

15 47 0.0288938

16 47 0.0301549

17 47 0.0312971

18 47 0.0323157

19 47 0.0332067

20 47 0.0339667

21 47 0.0345927

22 47 0.0350821

23 47 0.0354331

24 47 0.0356443

25 47 0.0357147

26 47 0.0356443

27 47 0.0354331

28 47 0.0350821

29 47 0.0345927

30 47 0.0339667

31 47 0.0332067

32 47 0.0323157

33 47 0.0312971

34 47 0.0301549

35 47 0.0288938

36 47 0.0275187

37 47 0.0260349

38 47 0.0244484

39 47 0.0227654

40 47 0.0209926

41 47 0.0191369

42 47 0.0172057

43 47 0.0152066

44 47 0.0131475

45 47 0.0110365

46 47 0.00888189

47 47 0.00669227

48 47 0.00447624

49 47 0.00224255

50 47 0

0 48 0

1 48 0.00149997

2 48 0.00299401

3 48 0.00447624

4 48 0.00594081

5 48 0.00738193

6 48 0.00879391

7 48 0.0101712

8 48 0.0115083

9 48 0.0128001

10 48 0.0140413

11 48 0.015227

12 48 0.0163527

13 48 0.0174139

14 48 0.0184063

15 48 0.0193261

16 48 0.0201697

17 48 0.0209336

18 48 0.0216149

19 48 0.0222109

20 48 0.0227192

21 48 0.0231379

22 48 0.0234653

23 48 0.0237

24 48 0.0238413

25 48 0.0238884

26 48 0.0238413

27 48 0.0237

28 48 0.0234653

29 48 0.0231379

30 48 0.0227192

31 48 0.0222109

32 48 0.0216149

33 48 0.0209336

34 48 0.0201697

35 48 0.0193261

36 48 0.0184063

37 48 0.0174139

38 48 0.0163527

39 48 0.015227

40 48 0.0140413

41 48 0.0128001

42 48 0.0115083

43 48 0.0101712

44 48 0.00879391

45 48 0.00738193

46 48 0.00594081

47 48 0.00447624

48 48 0.00299401

49 48 0.00149997

50 48 0

0 49 0

1 49 0.000751466

2 49 0.00149997

3 49 0.00224255

4 49 0.00297628

5 49 0.00369826

6 49 0.00440565

7 49 0.00509565

8 49 0.00576554

9 49 0.00641268

10 49 0.00703451

11 49 0.00762858

12 49 0.00819254

13 49 0.00872417

14 49 0.00922137

15 49 0.00968217

16 49 0.0101048

17 49 0.0104875

18 49 0.0108288

19 49 0.0111274

20 49 0.0113821

21 49 0.0115918

22 49 0.0117558

23 49 0.0118735

24 49 0.0119442

25 49 0.0119678

26 49 0.0119442

27 49 0.0118735

28 49 0.0117558

29 49 0.0115918

30 49 0.0113821

31 49 0.0111274

32 49 0.0108288

33 49 0.0104875

34 49 0.0101048

35 49 0.00968217

36 49 0.00922137

37 49 0.00872417

38 49 0.00819254

39 49 0.00762858

40 49 0.00703451

41 49 0.00641268

42 49 0.00576554

43 49 0.00509565

44 49 0.00440565

45 49 0.00369826

46 49 0.00297628

47 49 0.00224255

48 49 0.00149997

49 49 0.000751466

50 49 0

