0 1 0

1 1 0.000226388

2 1 0.000451883

3 1 0.000675595

4 1 0.00089664

5 1 0.00111415

6 1 0.00132726

7 1 0.00153513

8 1 0.00173694

9 1 0.0019319

10 1 0.00211923

11 1 0.0022982

12 1 0.0024681

13 1 0.00262826

14 1 0.00277805

15 1 0.00291687

16 1 0.00304418

17 1 0.00315948

18 1 0.00326231

19 1 0.00335227

20 1 0.00342899

21 1 0.00349218

22 1 0.00354159

23 1 0.00357702

24 1 0.00359834

25 1 0.00360545

26 1 0.00359834

27 1 0.00357702

28 1 0.00354159

29 1 0.00349218

30 1 0.00342899

31 1 0.00335227

32 1 0.00326231

33 1 0.00315948

34 1 0.00304418

35 1 0.00291687

36 1 0.00277805

37 1 0.00262826

38 1 0.0024681

39 1 0.0022982

40 1 0.00211923

41 1 0.0019319

42 1 0.00173694

43 1 0.00153513

44 1 0.00132726

45 1 0.00111415

46 1 0.00089664

47 1 0.000675595

48 1 0.000451883

49 1 0.000226388

50 1 0

0 2 0

1 2 0.000451883

2 2 0.000901983

3 2 0.00134852

4 2 0.00178974

5 2 0.0022239

6 2 0.00264927

7 2 0.0030642

8 2 0.00346703

9 2 0.00385617

10 2 0.0042301

11 2 0.00458733

12 2 0.00492646

13 2 0.00524615

14 2 0.00554514

15 2 0.00582223

16 2 0.00607636

17 2 0.0063065

18 2 0.00651175

19 2 0.0066913

20 2 0.00684445

21 2 0.00697058

22 2 0.0070692

23 2 0.00713993

24 2 0.00718248

25 2 0.00719668

26 2 0.00718248

27 2 0.00713993

28 2 0.0070692

29 2 0.00697058

30 2 0.00684445

31 2 0.0066913

32 2 0.00651175

33 2 0.0063065

34 2 0.00607636

35 2 0.00582223

36 2 0.00554514

37 2 0.00524615

38 2 0.00492646

39 2 0.00458733

40 2 0.0042301

41 2 0.00385617

42 2 0.00346703

43 2 0.0030642

44 2 0.00264927

45 2 0.0022239

46 2 0.00178974

47 2 0.00134852

48 2 0.000901983

49 2 0.000451883

50 2 0

0 3 0

1 3 0.000675595

2 3 0.00134852

3 3 0.00201613

4 3 0.00267578

5 3 0.00332487

6 3 0.00396084

7 3 0.00458117

8 3 0.00518343

9 3 0.00576523

10 3 0.00632428

11 3 0.00685836

12 3 0.00736538

13 3 0.00784334

14 3 0.00829034

15 3 0.00870462

16 3 0.00908455

17 3 0.00942862

18 3 0.00973549

19 3 0.0100039

20 3 0.0102329

21 3 0.0104215

22 3 0.0105689

23 3 0.0106747

24 3 0.0107383

25 3 0.0107595

26 3 0.0107383

27 3 0.0106747

28 3 0.0105689

29 3 0.0104215

30 3 0.0102329

31 3 0.0100039

32 3 0.00973549

33 3 0.00942862

34 3 0.00908455

35 3 0.00870462

36 3 0.00829034

37 3 0.00784334

38 3 0.00736538

39 3 0.00685836

40 3 0.00632428

41 3 0.00576523

42 3 0.00518343

43 3 0.00458117

44 3 0.00396084

45 3 0.00332487

46 3 0.00267578

47 3 0.00201613

48 3 0.00134852

49 3 0.000675595

50 3 0

0 4 0

1 4 0.00089664

2 4 0.00178974

3 4 0.00267578

4 4 0.00355126

5 4 0.00441272

6 4 0.00525677

7 4 0.00608007

8 4 0.00687937

9 4 0.00765153

10 4 0.00839349

11 4 0.00910232

12 4 0.00977524

13 4 0.0104096

14 4 0.0110028

15 4 0.0115526

16 4 0.0120569

17 4 0.0125135

18 4 0.0129208

19 4 0.0132771

20 4 0.013581

21 4 0.0138312

22 4 0.0140269

23 4 0.0141673

24 4 0.0142517

25 4 0.0142799

26 4 0.0142517

27 4 0.0141673

28 4 0.0140269

29 4 0.0138312

30 4 0.013581

31 4 0.0132771

32 4 0.0129208

33 4 0.0125135

34 4 0.0120569

35 4 0.0115526

36 4 0.0110028

37 4 0.0104096

38 4 0.00977524

39 4 0.00910232

40 4 0.00839349

41 4 0.00765153

42 4 0.00687937

43 4 0.00608007

44 4 0.00525677

45 4 0.00441272

46 4 0.00355126

47 4 0.00267578

48 4 0.00178974

49 4 0.00089664

50 4 0

0 5 0

1 5 0.00111415

2 5 0.0022239

3 5 0.00332487

4 5 0.00441272

5 5 0.00548316

6 5 0.00653195

7 5 0.00755497

8 5 0.00854817

9 5 0.00950764

10 5 0.0104296

11 5 0.0113104

12 5 0.0121465

13 5 0.0129347

14 5 0.0136719

15 5 0.0143551

16 5 0.0149816

17 5 0.0155491

18 5 0.0160551

19 5 0.0164978

20 5 0.0168754

21 5 0.0171864

22 5 0.0174296

23 5 0.0176039

24 5 0.0177088

25 5 0.0177439

26 5 0.0177088

27 5 0.0176039

28 5 0.0174296

29 5 0.0171864

30 5 0.0168754

31 5 0.0164978

32 5 0.0160551

33 5 0.0155491

34 5 0.0149816

35 5 0.0143551

36 5 0.0136719

37 5 0.0129347

38 5 0.0121465

39 5 0.0113104

40 5 0.0104296

41 5 0.00950764

42 5 0.00854817

43 5 0.00755497

44 5 0.00653195

45 5 0.00548316

46 5 0.00441272

47 5 0.00332487

48 5 0.0022239

49 5 0.00111415

50 5 0

0 6 0

1 6 0.00132726

2 6 0.00264927

3 6 0.00396084

4 6 0.00525677

5 6 0.00653195

6 6 0.00778136

7 6 0.00900005

8 6 0.0101832

9 6 0.0113262

10 6 0.0124245

11 6 0.0134738

12 6 0.0144698

13 6 0.0154088

14 6 0.016287

15 6 0.0171009

16 6 0.0178473

17 6 0.0185232

18 6 0.0191261

19 6 0.0196535

20 6 0.0201033

21 6 0.0204738

22 6 0.0207634

23 6 0.0209712

24 6 0.0210961

25 6 0.0211378

26 6 0.0210961

27 6 0.0209712

28 6 0.0207634

29 6 0.0204738

30 6 0.0201033

31 6 0.0196535

32 6 0.0191261

33 6 0.0185232

34 6 0.0178473

35 6 0.0171009

36 6 0.016287

37 6 0.0154088

38 6 0.0144698

39 6 0.0134738

40 6 0.0124245

41 6 0.0113262

42 6 0.0101832

43 6 0.00900005

44 6 0.00778136

45 6 0.00653195

46 6 0.00525677

47 6 0.00396084

48 6 0.00264927

49 6 0.00132726

50 6 0

0 7 0

1 7 0.00153513

2 7 0.0030642

3 7 0.00458117

4 7 0.00608007

5 7 0.00755497

6 7 0.00900005

7 7 0.0104096

8 7 0.0117781

9 7 0.0131001

10 7 0.0143704

11 7 0.015584

12 7 0.0167361

13 7 0.0178221

14 7 0.0188378

15 7 0.0197792

16 7 0.0206425

17 7 0.0214243

18 7 0.0221216

19 7 0.0227315

20 7 0.0232518

21 7 0.0236803

22 7 0.0240153

23 7 0.0242556

24 7 0.0244002

25 7 0.0244484

26 7 0.0244002

27 7 0.0242556

28 7 0.0240153

29 7 0.0236803

30 7 0.0232518

31 7 0.0227315

32 7 0.0221216

33 7 0.0214243

34 7 0.0206425

35 7 0.0197792

36 7 0.0188378

37 7 0.0178221

38 7 0.0167361

39 7 0.015584

40 7 0.0143704

41 7 0.0131001

42 7 0.0117781

43 7 0.0104096

44 7 0.00900005

45 7 0.00755497

46 7 0.00608007

47 7 0.00458117

48 7 0.0030642

49 7 0.00153513

50 7 0

0 8 0

1 8 0.00173694

2 8 0.00346703

3 8 0.00518343

4 8 0.00687937

5 8 0.00854817

6 8 0.0101832

7 8 0.0117781

8 8 0.0133265

9 8 0.0148223

10 8 0.0162596

11 8 0.0176327

12 8 0.0189363

13 8 0.0201651

14 8 0.0213143

15 8 0.0223794

16 8 0.0233562

17 8 0.0242408

18 8 0.0250297

19 8 0.0257199

20 8 0.0263086

21 8 0.0267934

22 8 0.0271725

23 8 0.0274443

24 8 0.0276079

25 8 0.0276625

26 8 0.0276079

27 8 0.0274443

28 8 0.0271725

29 8 0.0267934

30 8 0.0263086

31 8 0.0257199

32 8 0.0250297

33 8 0.0242408

34 8 0.0233562

35 8 0.0223794

36 8 0.0213143

37 8 0.0201651

38 8 0.0189363

39 8 0.0176327

40 8 0.0162596

41 8 0.0148223

42 8 0.0133265

43 8 0.0117781

44 8 0.0101832

45 8 0.00854817

46 8 0.00687937

47 8 0.00518343

48 8 0.00346703

49 8 0.00173694

50 8 0

0 9 0

1 9 0.0019319

2 9 0.00385617

3 9 0.00576523

4 9 0.00765153

5 9 0.00950764

6 9 0.0113262

7 9 0.0131001

8 9 0.0148223

9 9 0.016486

10 9 0.0180846

11 9 0.0196119

12 9 0.0210617

13 9 0.0224284

14 9 0.0237067

15 9 0.0248913

16 9 0.0259777

17 9 0.0269616

18 9 0.0278391

19 9 0.0286068

20 9 0.0292615

21 9 0.0298007

22 9 0.0302224

23 9 0.0305248

24 9 0.0307066

25 9 0.0307674

26 9 0.0307066

27 9 0.0305248

28 9 0.0302224

29 9 0.0298007

30 9 0.0292615

31 9 0.0286068

32 9 0.0278391

33 9 0.0269616

34 9 0.0259777

35 9 0.0248913

36 9 0.0237067

37 9 0.0224284

38 9 0.0210617

39 9 0.0196119

40 9 0.0180846

41 9 0.016486

42 9 0.0148223

43 9 0.0131001

44 9 0.0113262

45 9 0.00950764

46 9 0.00765153

47 9 0.00576523

48 9 0.00385617

49 9 0.0019319

50 9 0

0 10 0

1 10 0.00211923

2 10 0.0042301

3 10 0.00632428

4 10 0.00839349

5 10 0.0104296

6 10 0.0124245

7 10 0.0143704

8 10 0.0162596

9 10 0.0180846

10 10 0.0198382

11 10 0.0215136

12 10 0.023104

13 10 0.0246033

14 10 0.0260055

15 10 0.027305

16 10 0.0284968

17 10 0.0295761

18 10 0.0305387

19 10 0.0313807

20 10 0.0320989

21 10 0.0326905

22 10 0.033153

23 10 0.0334847

24 10 0.0336842

25 10 0.0337508

26 10 0.0336842

27 10 0.0334847

28 10 0.033153

29 10 0.0326905

30 10 0.0320989

31 10 0.0313807

32 10 0.0305387

33 10 0.0295761

34 10 0.0284968

35 10 0.027305

36 10 0.0260055

37 10 0.0246033

38 10 0.023104

39 10 0.0215136

40 10 0.0198382

41 10 0.0180846

42 10 0.0162596

43 10 0.0143704

44 10 0.0124245

45 10 0.0104296

46 10 0.00839349

47 10 0.00632428

48 10 0.0042301

49 10 0.00211923

50 10 0

0 11 0

1 11 0.0022982

2 11 0.00458733

3 11 0.00685836

4 11 0.00910232

5 11 0.0113104

6 11 0.0134738

7 11 0.015584

8 11 0.0176327

9 11 0.0196119

10 11 0.0215136

11 11 0.0233304

12 11 0.0250552

13 11 0.0266811

14 11 0.0282016

15 11 0.0296109

16 11 0.0309033

17 11 0.0320738

18 11 0.0331177

19 11 0.0340308

20 11 0.0348097

21 11 0.0354512

22 11 0.0359528

23 11 0.0363125

24 11 0.0365289

25 11 0.0366011

26 11 0.0365289

27 11 0.0363125

28 11 0.0359528

29 11 0.0354512

30 11 0.0348097

31 11 0.0340308

32 11 0.0331177

33 11 0.0320738

34 11 0.0309033

35 11 0.0296109

36 11 0.0282016

37 11 0.0266811

38 11 0.0250552

39 11 0.0233304

40 11 0.0215136

41 11 0.0196119

42 11 0.0176327

43 11 0.015584

44 11 0.0134738

45 11 0.0113104

46 11 0.00910232

47 11 0.00685836

48 11 0.00458733

49 11 0.0022982

50 11 0

0 12 0

1 12 0.0024681

2 12 0.00492646

3 12 0.00736538

4 12 0.00977524

5 12 0.0121465

6 12 0.0144698

7 12 0.0167361

8 12 0.0189363

9 12 0.0210617

10 12 0.023104

11 12 0.0250552

12 12 0.0269074

13 12 0.0286535

14 12 0.0302865

15 12 0.0318

16 12 0.0331879

17 12 0.0344449

18 12 0.035566

19 12 0.0365467

20 12 0.0373831

21 12 0.038072

22 12 0.0386107

23 12 0.038997

24 12 0.0392294

25 12 0.0393069

26 12 0.0392294

27 12 0.038997

28 12 0.0386107

29 12 0.038072

30 12 0.0373831

31 12 0.0365467

32 12 0.035566

33 12 0.0344449

34 12 0.0331879

35 12 0.0318

36 12 0.0302865

37 12 0.0286535

38 12 0.0269074

39 12 0.0250552

40 12 0.023104

41 12 0.0210617

42 12 0.0189363

43 12 0.0167361

44 12 0.0144698

45 12 0.0121465

46 12 0.00977524

47 12 0.00736538

48 12 0.00492646

49 12 0.0024681

50 12 0

0 13 0

1 13 0.00262826

2 13 0.00524615

3 13 0.00784334

4 13 0.0104096

5 13 0.0129347

6 13 0.0154088

7 13 0.0178221

8 13 0.0201651

9 13 0.0224284

10 13 0.0246033

11 13 0.0266811

12 13 0.0286535

13 13 0.0305129

14 13 0.0322519

15 13 0.0338635

16 13 0.0353416

17 13 0.0366801

18 13 0.0378739

19 13 0.0389182

20 13 0.039809

21 13 0.0405426

22 13 0.0411162

23 13 0.0415276

24 13 0.041775

25 13 0.0418576

26 13 0.041775

27 13 0.0415276

28 13 0.0411162

29 13 0.0405426

30 13 0.039809

31 13 0.0389182

32 13 0.0378739

33 13 0.0366801

34 13 0.0353416

35 13 0.0338635

36 13 0.0322519

37 13 0.0305129

38 13 0.0286535

39 13 0.0266811

40 13 0.0246033

41 13 0.0224284

42 13 0.0201651

43 13 0.0178221

44 13 0.0154088

45 13 0.0129347

46 13 0.0104096

47 13 0.00784334

48 13 0.00524615

49 13 0.00262826

50 13 0

0 14 0

1 14 0.00277805

2 14 0.00554514

3 14 0.00829034

4 14 0.0110028

5 14 0.0136719

6 14 0.016287

7 14 0.0188378

8 14 0.0213143

9 14 0.0237067

10 14 0.0260055

11 14 0.0282016

12 14 0.0302865

13 14 0.0322519

14 14 0.0340899

15 14 0.0357934

16 14 0.0373557

17 14 0.0387706

18 14 0.0400324

19 14 0.0411362

20 14 0.0420777

21 14 0.0428532

22 14 0.0434595

23 14 0.0438943

24 14 0.0441558

25 14 0.0442431

26 14 0.0441558

27 14 0.0438943

28 14 0.0434595

29 14 0.0428532

30 14 0.0420777

31 14 0.0411362

32 14 0.0400324

33 14 0.0387706

34 14 0.0373557

35 14 0.0357934

36 14 0.0340899

37 14 0.0322519

38 14 0.0302865

39 14 0.0282016

40 14 0.0260055

41 14 0.0237067

42 14 0.0213143

43 14 0.0188378

44 14 0.016287

45 14 0.0136719

46 14 0.0110028

47 14 0.00829034

48 14 0.00554514

49 14 0.00277805

50 14 0

0 15 0

1 15 0.00291687

2 15 0.00582223

3 15 0.00870462

4 15 0.0115526

5 15 0.0143551

6 15 0.0171009

7 15 0.0197792

8 15 0.0223794

9 15 0.0248913

10 15 0.027305

11 15 0.0296109

12 15 0.0318

13 15 0.0338635

14 15 0.0357934

15 15 0.0375821

16 15 0.0392224

17 15 0.040708

18 15 0.0420329

19 15 0.0431919

20 15 0.0441804

21 15 0.0449946

22 15 0.0456312

23 15 0.0460877

24 15 0.0463624

25 15 0.046454

26 15 0.0463624

27 15 0.0460877

28 15 0.0456312

29 15 0.0449946

30 15 0.0441804

31 15 0.0431919

32 15 0.0420329

33 15 0.040708

34 15 0.0392224

35 15 0.0375821

36 15 0.0357934

37 15 0.0338635

38 15 0.0318

39 15 0.0296109

40 15 0.027305

41 15 0.0248913

42 15 0.0223794

43 15 0.0197792

44 15 0.0171009

45 15 0.0143551

46 15 0.0115526

47 15 0.00870462

48 15 0.00582223

49 15 0.00291687

50 15 0

0 16 0

1 16 0.00304418

2 16 0.00607636

3 16 0.00908455

4 16 0.0120569

5 16 0.0149816

6 16 0.0178473

7 16 0.0206425

8 16 0.0233562

9 16 0.0259777

10 16 0.0284968

11 16 0.0309033

12 16 0.0331879

13 16 0.0353416

14 16 0.0373557

15 16 0.0392224

16 16 0.0409344

17 16 0.0424848

18 16 0.0438675

19 16 0.0450771

20 16 0.0461087

21 16 0.0469585

22 16 0.0476229

23 16 0.0480993

24 16 0.0483859

25 16 0.0484816

26 16 0.0483859

27 16 0.0480993

28 16 0.0476229

29 16 0.0469585

30 16 0.0461087

31 16 0.0450771

32 16 0.0438675

33 16 0.0424848

34 16 0.0409344

35 16 0.0392224

36 16 0.0373557

37 16 0.0353416

38 16 0.0331879

39 16 0.0309033

40 16 0.0284968

41 16 0.0259777

42 16 0.0233562

43 16 0.0206425

44 16 0.0178473

45 16 0.0149816

46 16 0.0120569

47 16 0.00908455

48 16 0.00607636

49 16 0.00304418

50 16 0

0 17 0

1 17 0.00315948

2 17 0.0063065

3 17 0.00942862

4 17 0.0125135

5 17 0.0155491

6 17 0.0185232

7 17 0.0214243

8 17 0.0242408

9 17 0.0269616

10 17 0.0295761

11 17 0.0320738

12 17 0.0344449

13 17 0.0366801

14 17 0.0387706

15 17 0.040708

16 17 0.0424848

17 17 0.0440939

18 17 0.0455289

19 17 0.0467843

20 17 0.0478551

21 17 0.048737

22 17 0.0494266

23 17 0.0499211

24 17 0.0502185

25 17 0.0503178

26 17 0.0502185

27 17 0.0499211

28 17 0.0494266

29 17 0.048737

30 17 0.0478551

31 17 0.0467843

32 17 0.0455289

33 17 0.0440939

34 17 0.0424848

35 17 0.040708

36 17 0.0387706

37 17 0.0366801

38 17 0.0344449

39 17 0.0320738

40 17 0.0295761

41 17 0.0269616

42 17 0.0242408

43 17 0.0214243

44 17 0.0185232

45 17 0.0155491

46 17 0.0125135

47 17 0.00942862

48 17 0.0063065

49 17 0.00315948

50 17 0

0 18 0

1 18 0.00326231

2 18 0.00651175

3 18 0.00973549

4 18 0.0129208

5 18 0.0160551

6 18 0.0191261

7 18 0.0221216

8 18 0.0250297

9 18 0.0278391

10 18 0.0305387

11 18 0.0331177

12 18 0.035566

13 18 0.0378739

14 18 0.0400324

15 18 0.0420329

16 18 0.0438675

17 18 0.0455289

18 18 0.0470107

19 18 0.048307

20 18 0.0494126

21 18 0.0503232

22 18 0.0510352

23 18 0.0515458

24 18 0.051853

25 18 0.0519555

26 18 0.051853

27 18 0.0515458

28 18 0.0510352

29 18 0.0503232

30 18 0.0494126

31 18 0.048307

32 18 0.0470107

33 18 0.0455289

34 18 0.0438675

35 18 0.0420329

36 18 0.0400324

37 18 0.0378739

38 18 0.035566

39 18 0.0331177

40 18 0.0305387

41 18 0.0278391

42 18 0.0250297

43 18 0.0221216

44 18 0.0191261

45 18 0.0160551

46 18 0.0129208

47 18 0.00973549

48 18 0.00651175

49 18 0.00326231

50 18 0

0 19 0

1 19 0.00335227

2 19 0.0066913

3 19 0.0100039

4 19 0.0132771

5 19 0.0164978

6 19 0.0196535

7 19 0.0227315

8 19 0.0257199

9 19 0.0286068

10 19 0.0313807

11 19 0.0340308

12 19 0.0365467

13 19 0.0389182

14 19 0.0411362

15 19 0.0431919

16 19 0.0450771

17 19 0.0467843

18 19 0.048307

19 19 0.049639

20 19 0.0507751

21 19 0.0517108

22 19 0.0524424

23 19 0.0529671

24 19 0.0532827

25 19 0.0533881

26 19 0.0532827

27 19 0.0529671

28 19 0.0524424

29 19 0.0517108

30 19 0.0507751

31 19 0.049639

32 19 0.048307

33 19 0.0467843

34 19 0.0450771

35 19 0.0431919

36 19 0.0411362

37 19 0.0389182

38 19 0.0365467

39 19 0.0340308

40 19 0.0313807

41 19 0.0286068

42 19 0.0257199

43 19 0.0227315

44 19 0.0196535

45 19 0.0164978

46 19 0.0132771

47 19 0.0100039

48 19 0.0066913

49 19 0.00335227

50 19 0

0 20 0

1 20 0.00342899

2 20 0.00684445

3 20 0.0102329

4 20 0.013581

5 20 0.0168754

6 20 0.0201033

7 20 0.0232518

8 20 0.0263086

9 20 0.0292615

10 20 0.0320989

11 20 0.0348097

12 20 0.0373831

13 20 0.039809

14 20 0.0420777

15 20 0.0441804

16 20 0.0461087

17 20 0.0478551

18 20 0.0494126

19 20 0.0507751

20 20 0.0519372

21 20 0.0528943

22 20 0.0536427

23 20 0.0541794

24 20 0.0545022

25 20 0.05461

26 20 0.0545022

27 20 0.0541794

28 20 0.0536427

29 20 0.0528943

30 20 0.0519372

31 20 0.0507751

32 20 0.0494126

33 20 0.0478551

34 20 0.0461087

35 20 0.0441804

36 20 0.0420777

37 20 0.039809

38 20 0.0373831

39 20 0.0348097

40 20 0.0320989

41 20 0.0292615

42 20 0.0263086

43 20 0.0232518

44 20 0.0201033

45 20 0.0168754

46 20 0.013581

47 20 0.0102329

48 20 0.00684445

49 20 0.00342899

50 20 0

0 21 0

1 21 0.00349218

2 21 0.00697058

3 21 0.0104215

4 21 0.0138312

5 21 0.0171864

6 21 0.0204738

7 21 0.0236803

8 21 0.0267934

9 21 0.0298007

10 21 0.0326905

11 21 0.0354512

12 21 0.038072

13 21 0.0405426

14 21 0.0428532

15 21 0.0449946

16 21 0.0469585

17 21 0.048737

18 21 0.0503232

19 21 0.0517108

20 21 0.0528943

21 21 0.0538691

22 21 0.0546313

23 21 0.0551778

24 21 0.0555066

25 21 0.0556164

26 21 0.0555066

27 21 0.0551778

28 21 0.0546313

29 21 0.0538691

30 21 0.0528943

31 21 0.0517108

32 21 0.0503232

33 21 0.048737

34 21 0.0469585

35 21 0.0449946

36 21 0.0428532

37 21 0.0405426

38 21 0.038072

39 21 0.0354512

40 21 0.0326905

41 21 0.0298007

42 21 0.0267934

43 21 0.0236803

44 21 0.0204738

45 21 0.0171864

46 21 0.0138312

47 21 0.0104215

48 21 0.00697058

49 21 0.00349218

50 21 0

0 22 0

1 22 0.00354159

2 22 0.0070692

3 22 0.0105689

4 22 0.0140269

5 22 0.0174296

6 22 0.0207634

7 22 0.0240153

8 22 0.0271725

9 22 0.0302224

10 22 0.033153

11 22 0.0359528

12 22 0.0386107

13 22 0.0411162

14 22 0.0434595

15 22 0.0456312

16 22 0.0476229

17 22 0.0494266

18 22 0.0510352

19 22 0.0524424

20 22 0.0536427

21 22 0.0546313

22 22 0.0554042

23 22 0.0559585

24 22 0.056292

25 22 0.0564033

26 22 0.056292

27 22 0.0559585

28 22 0.0554042

29 22 0.0546313

30 22 0.0536427

31 22 0.0524424

32 22 0.0510352

33 22 0.0494266

34 22 0.0476229

35 22 0.0456312

36 22 0.0434595

37 22 0.0411162

38 22 0.0386107

39 22 0.0359528

40 22 0.033153

41 22 0.0302224

42 22 0.0271725

43 22 0.0240153

44 22 0.0207634

45 22 0.0174296

46 22 0.0140269

47 22 0.0105689

48 22 0.0070692

49 22 0.00354159

50 22 0

0 23 0

1 23 0.00357702

2 23 0.00713993

3 23 0.0106747

4 23 0.0141673

5 23 0.0176039

6 23 0.0209712

7 23 0.0242556

8 23 0.0274443

9 23 0.0305248

10 23 0.0334847

11 23 0.0363125

12 23 0.038997

13 23 0.0415276

14 23 0.0438943

15 23 0.0460877

16 23 0.0480993

17 23 0.0499211

18 23 0.0515458

19 23 0.0529671

20 23 0.0541794

21 23 0.0551778

22 23 0.0559585

23 23 0.0565184

24 23 0.0568552

25 23 0.0569676

26 23 0.0568552

27 23 0.0565184

28 23 0.0559585

29 23 0.0551778

30 23 0.0541794

31 23 0.0529671

32 23 0.0515458

33 23 0.0499211

34 23 0.0480993

35 23 0.0460877

36 23 0.0438943

37 23 0.0415276

38 23 0.038997

39 23 0.0363125

40 23 0.0334847

41 23 0.0305248

42 23 0.0274443

43 23 0.0242556

44 23 0.0209712

45 23 0.0176039

46 23 0.0141673

47 23 0.0106747

48 23 0.00713993

49 23 0.00357702

50 23 0

0 24 0

1 24 0.00359834

2 24 0.00718248

3 24 0.0107383

4 24 0.0142517

5 24 0.0177088

6 24 0.0210961

7 24 0.0244002

8 24 0.0276079

9 24 0.0307066

10 24 0.0336842

11 24 0.0365289

12 24 0.0392294

13 24 0.041775

14 24 0.0441558

15 24 0.0463624

16 24 0.0483859

17 24 0.0502185

18 24 0.051853

19 24 0.0532827

20 24 0.0545022

21 24 0.0555066

22 24 0.056292

23 24 0.0568552

24 24 0.057194

25 24 0.057307

26 24 0.057194

27 24 0.0568552

28 24 0.056292

29 24 0.0555066

30 24 0.0545022

31 24 0.0532827

32 24 0.051853

33 24 0.0502185

34 24 0.0483859

35 24 0.0463624

36 24 0.0441558

37 24 0.041775

38 24 0.0392294

39 24 0.0365289

40 24 0.0336842

41 24 0.0307066

42 24 0.0276079

43 24 0.0244002

44 24 0.0210961

45 24 0.0177088

46 24 0.0142517

47 24 0.0107383

48 24 0.00718248

49 24 0.00359834

50 24 0

0 25 0

1 25 0.00360545

2 25 0.00719668

3 25 0.0107595

4 25 0.0142799

5 25 0.0177439

6 25 0.0211378

7 25 0.0244484

8 25 0.0276625

9 25 0.0307674

10 25 0.0337508

11 25 0.0366011

12 25 0.0393069

13 25 0.0418576

14 25 0.0442431

15 25 0.046454

16 25 0.0484816

17 25 0.0503178

18 25 0.0519555

19 25 0.0533881

20 25 0.05461

21 25 0.0556164

22 25 0.0564033

23 25 0.0569676

24 25 0.057307

25 25 0.0574203

26 25 0.057307

27 25 0.0569676

28 25 0.0564033

29 25 0.0556164

30 25 0.05461

31 25 0.0533881

32 25 0.0519555

33 25 0.0503178

34 25 0.0484816

35 25 0.046454

36 25 0.0442431

37 25 0.0418576

38 25 0.0393069

39 25 0.0366011

40 25 0.0337508

41 25 0.0307674

42 25 0.0276625

43 25 0.0244484

44 25 0.0211378

45 25 0.0177439

46 25 0.0142799

47 25 0.0107595

48 25 0.00719668

49 25 0.00360545

50 25 0

0 26 0

1 26 0.00359834

2 26 0.00718248

3 26 0.0107383

4 26 0.0142517

5 26 0.0177088

6 26 0.0210961

7 26 0.0244002

8 26 0.0276079

9 26 0.0307066

10 26 0.0336842

11 26 0.0365289

12 26 0.0392294

13 26 0.041775

14 26 0.0441558

15 26 0.0463624

16 26 0.0483859

17 26 0.0502185

18 26 0.051853

19 26 0.0532827

20 26 0.0545022

21 26 0.0555066

22 26 0.056292

23 26 0.0568552

24 26 0.057194

25 26 0.057307

26 26 0.057194

27 26 0.0568552

28 26 0.056292

29 26 0.0555066

30 26 0.0545022

31 26 0.0532827

32 26 0.051853

33 26 0.0502185

34 26 0.0483859

35 26 0.0463624

36 26 0.0441558

37 26 0.041775

38 26 0.0392294

39 26 0.0365289

40 26 0.0336842

41 26 0.0307066

42 26 0.0276079

43 26 0.0244002

44 26 0.0210961

45 26 0.0177088

46 26 0.0142517

47 26 0.0107383

48 26 0.00718248

49 26 0.00359834

50 26 0

0 27 0

1 27 0.00357702

2 27 0.00713993

3 27 0.0106747

4 27 0.0141673

5 27 0.0176039

6 27 0.0209712

7 27 0.0242556

8 27 0.0274443

9 27 0.0305248

10 27 0.0334847

11 27 0.0363125

12 27 0.038997

13 27 0.0415276

14 27 0.0438943

15 27 0.0460877

16 27 0.0480993

17 27 0.0499211

18 27 0.0515458

19 27 0.0529671

20 27 0.0541794

21 27 0.0551778

22 27 0.0559585

23 27 0.0565184

24 27 0.0568552

25 27 0.0569676

26 27 0.0568552

27 27 0.0565184

28 27 0.0559585

29 27 0.0551778

30 27 0.0541794

31 27 0.0529671

32 27 0.0515458

33 27 0.0499211

34 27 0.0480993

35 27 0.0460877

36 27 0.0438943

37 27 0.0415276

38 27 0.038997

39 27 0.0363125

40 27 0.0334847

41 27 0.0305248

42 27 0.0274443

43 27 0.0242556

44 27 0.0209712

45 27 0.0176039

46 27 0.0141673

47 27 0.0106747

48 27 0.00713993

49 27 0.00357702

50 27 0

0 28 0

1 28 0.00354159

2 28 0.0070692

3 28 0.0105689

4 28 0.0140269

5 28 0.0174296

6 28 0.0207634

7 28 0.0240153

8 28 0.0271725

9 28 0.0302224

10 28 0.033153

11 28 0.0359528

12 28 0.0386107

13 28 0.0411162

14 28 0.0434595

15 28 0.0456312

16 28 0.0476229

17 28 0.0494266

18 28 0.0510352

19 28 0.0524424

20 28 0.0536427

21 28 0.0546313

22 28 0.0554042

23 28 0.0559585

24 28 0.056292

25 28 0.0564033

26 28 0.056292

27 28 0.0559585

28 28 0.0554042

29 28 0.0546313

30 28 0.0536427

31 28 0.0524424

32 28 0.0510352

33 28 0.0494266

34 28 0.0476229

35 28 0.0456312

36 28 0.0434595

37 28 0.0411162

38 28 0.0386107

39 28 0.0359528

40 28 0.033153

41 28 0.0302224

42 28 0.0271725

43 28 0.0240153

44 28 0.0207634

45 28 0.0174296

46 28 0.0140269

47 28 0.0105689

48 28 0.0070692

49 28 0.00354159

50 28 0

0 29 0

1 29 0.00349218

2 29 0.00697058

3 29 0.0104215

4 29 0.0138312

5 29 0.0171864

6 29 0.0204738

7 29 0.0236803

8 29 0.0267934

9 29 0.0298007

10 29 0.0326905

11 29 0.0354512

12 29 0.038072

13 29 0.0405426

14 29 0.0428532

15 29 0.0449946

16 29 0.0469585

17 29 0.048737

18 29 0.0503232

19 29 0.0517108

20 29 0.0528943

21 29 0.0538691

22 29 0.0546313

23 29 0.0551778

24 29 0.0555066

25 29 0.0556164

26 29 0.0555066

27 29 0.0551778

28 29 0.0546313

29 29 0.0538691

30 29 0.0528943

31 29 0.0517108

32 29 0.0503232

33 29 0.048737

34 29 0.0469585

35 29 0.0449946

36 29 0.0428532

37 29 0.0405426

38 29 0.038072

39 29 0.0354512

40 29 0.0326905

41 29 0.0298007

42 29 0.0267934

43 29 0.0236803

44 29 0.0204738

45 29 0.0171864

46 29 0.0138312

47 29 0.0104215

48 29 0.00697058

49 29 0.00349218

50 29 0

0 30 0

1 30 0.00342899

2 30 0.00684445

3 30 0.0102329

4 30 0.013581

5 30 0.0168754

6 30 0.0201033

7 30 0.0232518

8 30 0.0263086

9 30 0.0292615

10 30 0.0320989

11 30 0.0348097

12 30 0.0373831

13 30 0.039809

14 30 0.0420777

15 30 0.0441804

16 30 0.0461087

17 30 0.0478551

18 30 0.0494126

19 30 0.0507751

20 30 0.0519372

21 30 0.0528943

22 30 0.0536427

23 30 0.0541794

24 30 0.0545022

25 30 0.05461

26 30 0.0545022

27 30 0.0541794

28 30 0.0536427

29 30 0.0528943

30 30 0.0519372

31 30 0.0507751

32 30 0.0494126

33 30 0.0478551

34 30 0.0461087

35 30 0.0441804

36 30 0.0420777

37 30 0.039809

38 30 0.0373831

39 30 0.0348097

40 30 0.0320989

41 30 0.0292615

42 30 0.0263086

43 30 0.0232518

44 30 0.0201033

45 30 0.0168754

46 30 0.013581

47 30 0.0102329

48 30 0.00684445

49 30 0.00342899

50 30 0

0 31 0

1 31 0.00335227

2 31 0.0066913

3 31 0.0100039

4 31 0.0132771

5 31 0.0164978

6 31 0.0196535

7 31 0.0227315

8 31 0.0257199

9 31 0.0286068

10 31 0.0313807

11 31 0.0340308

12 31 0.0365467

13 31 0.0389182

14 31 0.0411362

15 31 0.0431919

16 31 0.0450771

17 31 0.0467843

18 31 0.048307

19 31 0.049639

20 31 0.0507751

21 31 0.0517108

22 31 0.0524424

23 31 0.0529671

24 31 0.0532827

25 31 0.0533881

26 31 0.0532827

27 31 0.0529671

28 31 0.0524424

29 31 0.0517108

30 31 0.0507751

31 31 0.049639

32 31 0.048307

33 31 0.0467843

34 31 0.0450771

35 31 0.0431919

36 31 0.0411362

37 31 0.0389182

38 31 0.0365467

39 31 0.0340308

40 31 0.0313807

41 31 0.0286068

42 31 0.0257199

43 31 0.0227315

44 31 0.0196535

45 31 0.0164978

46 31 0.0132771

47 31 0.0100039

48 31 0.0066913

49 31 0.00335227

50 31 0

0 32 0

1 32 0.00326231

2 32 0.00651175

3 32 0.00973549

4 32 0.0129208

5 32 0.0160551

6 32 0.0191261

7 32 0.0221216

8 32 0.0250297

9 32 0.0278391

10 32 0.0305387

11 32 0.0331177

12 32 0.035566

13 32 0.0378739

14 32 0.0400324

15 32 0.0420329

16 32 0.0438675

17 32 0.0455289

18 32 0.0470107

19 32 0.048307

20 32 0.0494126

21 32 0.0503232

22 32 0.0510352

23 32 0.0515458

24 32 0.051853

25 32 0.0519555

26 32 0.051853

27 32 0.0515458

28 32 0.0510352

29 32 0.0503232

30 32 0.0494126

31 32 0.048307

32 32 0.0470107

33 32 0.0455289

34 32 0.0438675

35 32 0.0420329

36 32 0.0400324

37 32 0.0378739

38 32 0.035566

39 32 0.0331177

40 32 0.0305387

41 32 0.0278391

42 32 0.0250297

43 32 0.0221216

44 32 0.0191261

45 32 0.0160551

46 32 0.0129208

47 32 0.00973549

48 32 0.00651175

49 32 0.00326231

50 32 0

0 33 0

1 33 0.00315948

2 33 0.0063065

3 33 0.00942862

4 33 0.0125135

5 33 0.0155491

6 33 0.0185232

7 33 0.0214243

8 33 0.0242408

9 33 0.0269616

10 33 0.0295761

11 33 0.0320738

12 33 0.0344449

13 33 0.0366801

14 33 0.0387706

15 33 0.040708

16 33 0.0424848

17 33 0.0440939

18 33 0.0455289

19 33 0.0467843

20 33 0.0478551

21 33 0.048737

22 33 0.0494266

23 33 0.0499211

24 33 0.0502185

25 33 0.0503178

26 33 0.0502185

27 33 0.0499211

28 33 0.0494266

29 33 0.048737

30 33 0.0478551

31 33 0.0467843

32 33 0.0455289

33 33 0.0440939

34 33 0.0424848

35 33 0.040708

36 33 0.0387706

37 33 0.0366801

38 33 0.0344449

39 33 0.0320738

40 33 0.0295761

41 33 0.0269616

42 33 0.0242408

43 33 0.0214243

44 33 0.0185232

45 33 0.0155491

46 33 0.0125135

47 33 0.00942862

48 33 0.0063065

49 33 0.00315948

50 33 0

0 34 0

1 34 0.00304418

2 34 0.00607636

3 34 0.00908455

4 34 0.0120569

5 34 0.0149816

6 34 0.0178473

7 34 0.0206425

8 34 0.0233562

9 34 0.0259777

10 34 0.0284968

11 34 0.0309033

12 34 0.0331879

13 34 0.0353416

14 34 0.0373557

15 34 0.0392224

16 34 0.0409344

17 34 0.0424848

18 34 0.0438675

19 34 0.0450771

20 34 0.0461087

21 34 0.0469585

22 34 0.0476229

23 34 0.0480993

24 34 0.0483859

25 34 0.0484816

26 34 0.0483859

27 34 0.0480993

28 34 0.0476229

29 34 0.0469585

30 34 0.0461087

31 34 0.0450771

32 34 0.0438675

33 34 0.0424848

34 34 0.0409344

35 34 0.0392224

36 34 0.0373557

37 34 0.0353416

38 34 0.0331879

39 34 0.0309033

40 34 0.0284968

41 34 0.0259777

42 34 0.0233562

43 34 0.0206425

44 34 0.0178473

45 34 0.0149816

46 34 0.0120569

47 34 0.00908455

48 34 0.00607636

49 34 0.00304418

50 34 0

0 35 0

1 35 0.00291687

2 35 0.00582223

3 35 0.00870462

4 35 0.0115526

5 35 0.0143551

6 35 0.0171009

7 35 0.0197792

8 35 0.0223794

9 35 0.0248913

10 35 0.027305

11 35 0.0296109

12 35 0.0318

13 35 0.0338635

14 35 0.0357934

15 35 0.0375821

16 35 0.0392224

17 35 0.040708

18 35 0.0420329

19 35 0.0431919

20 35 0.0441804

21 35 0.0449946

22 35 0.0456312

23 35 0.0460877

24 35 0.0463624

25 35 0.046454

26 35 0.0463624

27 35 0.0460877

28 35 0.0456312

29 35 0.0449946

30 35 0.0441804

31 35 0.0431919

32 35 0.0420329

33 35 0.040708

34 35 0.0392224

35 35 0.0375821

36 35 0.0357934

37 35 0.0338635

38 35 0.0318

39 35 0.0296109

40 35 0.027305

41 35 0.0248913

42 35 0.0223794

43 35 0.0197792

44 35 0.0171009

45 35 0.0143551

46 35 0.0115526

47 35 0.00870462

48 35 0.00582223

49 35 0.00291687

50 35 0

0 36 0

1 36 0.00277805

2 36 0.00554514

3 36 0.00829034

4 36 0.0110028

5 36 0.0136719

6 36 0.016287

7 36 0.0188378

8 36 0.0213143

9 36 0.0237067

10 36 0.0260055

11 36 0.0282016

12 36 0.0302865

13 36 0.0322519

14 36 0.0340899

15 36 0.0357934

16 36 0.0373557

17 36 0.0387706

18 36 0.0400324

19 36 0.0411362

20 36 0.0420777

21 36 0.0428532

22 36 0.0434595

23 36 0.0438943

24 36 0.0441558

25 36 0.0442431

26 36 0.0441558

27 36 0.0438943

28 36 0.0434595

29 36 0.0428532

30 36 0.0420777

31 36 0.0411362

32 36 0.0400324

33 36 0.0387706

34 36 0.0373557

35 36 0.0357934

36 36 0.0340899

37 36 0.0322519

38 36 0.0302865

39 36 0.0282016

40 36 0.0260055

41 36 0.0237067

42 36 0.0213143

43 36 0.0188378

44 36 0.016287

45 36 0.0136719

46 36 0.0110028

47 36 0.00829034

48 36 0.00554514

49 36 0.00277805

50 36 0

0 37 0

1 37 0.00262826

2 37 0.00524615

3 37 0.00784334

4 37 0.0104096

5 37 0.0129347

6 37 0.0154088

7 37 0.0178221

8 37 0.0201651

9 37 0.0224284

10 37 0.0246033

11 37 0.0266811

12 37 0.0286535

13 37 0.0305129

14 37 0.0322519

15 37 0.0338635

16 37 0.0353416

17 37 0.0366801

18 37 0.0378739

19 37 0.0389182

20 37 0.039809

21 37 0.0405426

22 37 0.0411162

23 37 0.0415276

24 37 0.041775

25 37 0.0418576

26 37 0.041775

27 37 0.0415276

28 37 0.0411162

29 37 0.0405426

30 37 0.039809

31 37 0.0389182

32 37 0.0378739

33 37 0.0366801

34 37 0.0353416

35 37 0.0338635

36 37 0.0322519

37 37 0.0305129

38 37 0.0286535

39 37 0.0266811

40 37 0.0246033

41 37 0.0224284

42 37 0.0201651

43 37 0.0178221

44 37 0.0154088

45 37 0.0129347

46 37 0.0104096

47 37 0.00784334

48 37 0.00524615

49 37 0.00262826

50 37 0

0 38 0

1 38 0.0024681

2 38 0.00492646

3 38 0.00736538

4 38 0.00977524

5 38 0.0121465

6 38 0.0144698

7 38 0.0167361

8 38 0.0189363

9 38 0.0210617

10 38 0.023104

11 38 0.0250552

12 38 0.0269074

13 38 0.0286535

14 38 0.0302865

15 38 0.0318

16 38 0.0331879

17 38 0.0344449

18 38 0.035566

19 38 0.0365467

20 38 0.0373831

21 38 0.038072

22 38 0.0386107

23 38 0.038997

24 38 0.0392294

25 38 0.0393069

26 38 0.0392294

27 38 0.038997

28 38 0.0386107

29 38 0.038072

30 38 0.0373831

31 38 0.0365467

32 38 0.035566

33 38 0.0344449

34 38 0.0331879

35 38 0.0318

36 38 0.0302865

37 38 0.0286535

38 38 0.0269074

39 38 0.0250552

40 38 0.023104

41 38 0.0210617

42 38 0.0189363

43 38 0.0167361

44 38 0.0144698

45 38 0.0121465

46 38 0.00977524

47 38 0.00736538

48 38 0.00492646

49 38 0.0024681

50 38 0

0 39 0

1 39 0.0022982

2 39 0.00458733

3 39 0.00685836

4 39 0.00910232

5 39 0.0113104

6 39 0.0134738

7 39 0.015584

8 39 0.0176327

9 39 0.0196119

10 39 0.0215136

11 39 0.0233304

12 39 0.0250552

13 39 0.0266811

14 39 0.0282016

15 39 0.0296109

16 39 0.0309033

17 39 0.0320738

18 39 0.0331177

19 39 0.0340308

20 39 0.0348097

21 39 0.0354512

22 39 0.0359528

23 39 0.0363125

24 39 0.0365289

25 39 0.0366011

26 39 0.0365289

27 39 0.0363125

28 39 0.0359528

29 39 0.0354512

30 39 0.0348097

31 39 0.0340308

32 39 0.0331177

33 39 0.0320738

34 39 0.0309033

35 39 0.0296109

36 39 0.0282016

37 39 0.0266811

38 39 0.0250552

39 39 0.0233304

40 39 0.0215136

41 39 0.0196119

42 39 0.0176327

43 39 0.015584

44 39 0.0134738

45 39 0.0113104

46 39 0.00910232

47 39 0.00685836

48 39 0.00458733

49 39 0.0022982

50 39 0

0 40 0

1 40 0.00211923

2 40 0.0042301

3 40 0.00632428

4 40 0.00839349

5 40 0.0104296

6 40 0.0124245

7 40 0.0143704

8 40 0.0162596

9 40 0.0180846

10 40 0.0198382

11 40 0.0215136

12 40 0.023104

13 40 0.0246033

14 40 0.0260055

15 40 0.027305

16 40 0.0284968

17 40 0.0295761

18 40 0.0305387

19 40 0.0313807

20 40 0.0320989

21 40 0.0326905

22 40 0.033153

23 40 0.0334847

24 40 0.0336842

25 40 0.0337508

26 40 0.0336842

27 40 0.0334847

28 40 0.033153

29 40 0.0326905

30 40 0.0320989

31 40 0.0313807

32 40 0.0305387

33 40 0.0295761

34 40 0.0284968

35 40 0.027305

36 40 0.0260055

37 40 0.0246033

38 40 0.023104

39 40 0.0215136

40 40 0.0198382

41 40 0.0180846

42 40 0.0162596

43 40 0.0143704

44 40 0.0124245

45 40 0.0104296

46 40 0.00839349

47 40 0.00632428

48 40 0.0042301

49 40 0.00211923

50 40 0

0 41 0

1 41 0.0019319

2 41 0.00385617

3 41 0.00576523

4 41 0.00765153

5 41 0.00950764

6 41 0.0113262

7 41 0.0131001

8 41 0.0148223

9 41 0.016486

10 41 0.0180846

11 41 0.0196119

12 41 0.0210617

13 41 0.0224284

14 41 0.0237067

15 41 0.0248913

16 41 0.0259777

17 41 0.0269616

18 41 0.0278391

19 41 0.0286068

20 41 0.0292615

21 41 0.0298007

22 41 0.0302224

23 41 0.0305248

24 41 0.0307066

25 41 0.0307674

26 41 0.0307066

27 41 0.0305248

28 41 0.0302224

29 41 0.0298007

30 41 0.0292615

31 41 0.0286068

32 41 0.0278391

33 41 0.0269616

34 41 0.0259777

35 41 0.0248913

36 41 0.0237067

37 41 0.0224284

38 41 0.0210617

39 41 0.0196119

40 41 0.0180846

41 41 0.016486

42 41 0.0148223

43 41 0.0131001

44 41 0.0113262

45 41 0.00950764

46 41 0.00765153

47 41 0.00576523

48 41 0.00385617

49 41 0.0019319

50 41 0

0 42 0

1 42 0.00173694

2 42 0.00346703

3 42 0.00518343

4 42 0.00687937

5 42 0.00854817

6 42 0.0101832

7 42 0.0117781

8 42 0.0133265

9 42 0.0148223

10 42 0.0162596

11 42 0.0176327

12 42 0.0189363

13 42 0.0201651

14 42 0.0213143

15 42 0.0223794

16 42 0.0233562

17 42 0.0242408

18 42 0.0250297

19 42 0.0257199

20 42 0.0263086

21 42 0.0267934

22 42 0.0271725

23 42 0.0274443

24 42 0.0276079

25 42 0.0276625

26 42 0.0276079

27 42 0.0274443

28 42 0.0271725

29 42 0.0267934

30 42 0.0263086

31 42 0.0257199

32 42 0.0250297

33 42 0.0242408

34 42 0.0233562

35 42 0.0223794

36 42 0.0213143

37 42 0.0201651

38 42 0.0189363

39 42 0.0176327

40 42 0.0162596

41 42 0.0148223

42 42 0.0133265

43 42 0.0117781

44 42 0.0101832

45 42 0.00854817

46 42 0.00687937

47 42 0.00518343

48 42 0.00346703

49 42 0.00173694

50 42 0

0 43 0

1 43 0.00153513

2 43 0.0030642

3 43 0.00458117

4 43 0.00608007

5 43 0.00755497

6 43 0.00900005

7 43 0.0104096

8 43 0.0117781

9 43 0.0131001

10 43 0.0143704

11 43 0.015584

12 43 0.0167361

13 43 0.0178221

14 43 0.0188378

15 43 0.0197792

16 43 0.0206425

17 43 0.0214243

18 43 0.0221216

19 43 0.0227315

20 43 0.0232518

21 43 0.0236803

22 43 0.0240153

23 43 0.0242556

24 43 0.0244002

25 43 0.0244484

26 43 0.0244002

27 43 0.0242556

28 43 0.0240153

29 43 0.0236803

30 43 0.0232518

31 43 0.0227315

32 43 0.0221216

33 43 0.0214243

34 43 0.0206425

35 43 0.0197792

36 43 0.0188378

37 43 0.0178221

38 43 0.0167361

39 43 0.015584

40 43 0.0143704

41 43 0.0131001

42 43 0.0117781

43 43 0.0104096

44 43 0.00900005

45 43 0.00755497

46 43 0.00608007

47 43 0.00458117

48 43 0.0030642

49 43 0.00153513

50 43 0

0 44 0

1 44 0.00132726

2 44 0.00264927

3 44 0.00396084

4 44 0.00525677

5 44 0.00653195

6 44 0.00778136

7 44 0.00900005

8 44 0.0101832

9 44 0.0113262

10 44 0.0124245

11 44 0.0134738

12 44 0.0144698

13 44 0.0154088

14 44 0.016287

15 44 0.0171009

16 44 0.0178473

17 44 0.0185232

18 44 0.0191261

19 44 0.0196535

20 44 0.0201033

21 44 0.0204738

22 44 0.0207634

23 44 0.0209712

24 44 0.0210961

25 44 0.0211378

26 44 0.0210961

27 44 0.0209712

28 44 0.0207634

29 44 0.0204738

30 44 0.0201033

31 44 0.0196535

32 44 0.0191261

33 44 0.0185232

34 44 0.0178473

35 44 0.0171009

36 44 0.016287

37 44 0.0154088

38 44 0.0144698

39 44 0.0134738

40 44 0.0124245

41 44 0.0113262

42 44 0.0101832

43 44 0.00900005

44 44 0.00778136

45 44 0.00653195

46 44 0.00525677

47 44 0.00396084

48 44 0.00264927

49 44 0.00132726

50 44 0

0 45 0

1 45 0.00111415

2 45 0.0022239

3 45 0.00332487

4 45 0.00441272

5 45 0.00548316

6 45 0.00653195

7 45 0.00755497

8 45 0.00854817

9 45 0.00950764

10 45 0.0104296

11 45 0.0113104

12 45 0.0121465

13 45 0.0129347

14 45 0.0136719

15 45 0.0143551

16 45 0.0149816

17 45 0.0155491

18 45 0.0160551

19 45 0.0164978

20 45 0.0168754

21 45 0.0171864

22 45 0.0174296

23 45 0.0176039

24 45 0.0177088

25 45 0.0177439

26 45 0.0177088

27 45 0.0176039

28 45 0.0174296

29 45 0.0171864

30 45 0.0168754

31 45 0.0164978

32 45 0.0160551

33 45 0.0155491

34 45 0.0149816

35 45 0.0143551

36 45 0.0136719

37 45 0.0129347

38 45 0.0121465

39 45 0.0113104

40 45 0.0104296

41 45 0.00950764

42 45 0.00854817

43 45 0.00755497

44 45 0.00653195

45 45 0.00548316

46 45 0.00441272

47 45 0.00332487

48 45 0.0022239

49 45 0.00111415

50 45 0

0 46 0

1 46 0.00089664

2 46 0.00178974

3 46 0.00267578

4 46 0.00355126

5 46 0.00441272

6 46 0.00525677

7 46 0.00608007

8 46 0.00687937

9 46 0.00765153

10 46 0.00839349

11 46 0.00910232

12 46 0.00977524

13 46 0.0104096

14 46 0.0110028

15 46 0.0115526

16 46 0.0120569

17 46 0.0125135

18 46 0.0129208

19 46 0.0132771

20 46 0.013581

21 46 0.0138312

22 46 0.0140269

23 46 0.0141673

24 46 0.0142517

25 46 0.0142799

26 46 0.0142517

27 46 0.0141673

28 46 0.0140269

29 46 0.0138312

30 46 0.013581

31 46 0.0132771

32 46 0.0129208

33 46 0.0125135

34 46 0.0120569

35 46 0.0115526

36 46 0.0110028

37 46 0.0104096

38 46 0.00977524

39 46 0.00910232

40 46 0.00839349

41 46 0.00765153

42 46 0.00687937

43 46 0.00608007

44 46 0.00525677

45 46 0.00441272

46 46 0.00355126

47 46 0.00267578

48 46 0.00178974

49 46 0.00089664

50 46 0

0 47 0

1 47 0.000675595

2 47 0.00134852

3 47 0.00201613

4 47 0.00267578

5 47 0.00332487

6 47 0.00396084

7 47 0.00458117

8 47 0.00518343

9 47 0.00576523

10 47 0.00632428

11 47 0.00685836

12 47 0.00736538

13 47 0.00784334

14 47 0.00829034

15 47 0.00870462

16 47 0.00908455

17 47 0.00942862

18 47 0.00973549

19 47 0.0100039

20 47 0.0102329

21 47 0.0104215

22 47 0.0105689

23 47 0.0106747

24 47 0.0107383

25 47 0.0107595

26 47 0.0107383

27 47 0.0106747

28 47 0.0105689

29 47 0.0104215

30 47 0.0102329

31 47 0.0100039

32 47 0.00973549

33 47 0.00942862

34 47 0.00908455

35 47 0.00870462

36 47 0.00829034

37 47 0.00784334

38 47 0.00736538

39 47 0.00685836

40 47 0.00632428

41 47 0.00576523

42 47 0.00518343

43 47 0.00458117

44 47 0.00396084

45 47 0.00332487

46 47 0.00267578

47 47 0.00201613

48 47 0.00134852

49 47 0.000675595

50 47 0

0 48 0

1 48 0.000451883

2 48 0.000901983

3 48 0.00134852

4 48 0.00178974

5 48 0.0022239

6 48 0.00264927

7 48 0.0030642

8 48 0.00346703

9 48 0.00385617

10 48 0.0042301

11 48 0.00458733

12 48 0.00492646

13 48 0.00524615

14 48 0.00554514

15 48 0.00582223

16 48 0.00607636

17 48 0.0063065

18 48 0.00651175

19 48 0.0066913

20 48 0.00684445

21 48 0.00697058

22 48 0.0070692

23 48 0.00713993

24 48 0.00718248

25 48 0.00719668

26 48 0.00718248

27 48 0.00713993

28 48 0.0070692

29 48 0.00697058

30 48 0.00684445

31 48 0.0066913

32 48 0.00651175

33 48 0.0063065

34 48 0.00607636

35 48 0.00582223

