0 1 0

1 1 0.000173102

2 1 0.000345521

3 1 0.000516576

4 1 0.000685593

5 1 0.000851904

6 1 0.00101485

7 1 0.0011738

8 1 0.00132811

9 1 0.00147718

10 1 0.00162042

11 1 0.00175726

12 1 0.00188717

13 1 0.00200963

14 1 0.00212416

15 1 0.00223031

16 1 0.00232766

17 1 0.00241582

18 1 0.00249444

19 1 0.00256322

20 1 0.00262189

21 1 0.00267021

22 1 0.00270799

23 1 0.00273508

24 1 0.00275138

25 1 0.00275682

26 1 0.00275138

27 1 0.00273508

28 1 0.00270799

29 1 0.00267021

30 1 0.00262189

31 1 0.00256322

32 1 0.00249444

33 1 0.00241582

34 1 0.00232766

35 1 0.00223031

36 1 0.00212416

37 1 0.00200963

38 1 0.00188717

39 1 0.00175726

40 1 0.00162042

41 1 0.00147718

42 1 0.00132811

43 1 0.0011738

44 1 0.00101485

45 1 0.000851904

46 1 0.000685593

47 1 0.000516576

48 1 0.000345521

49 1 0.000173102

50 1 0

0 2 0

1 2 0.000345521

2 2 0.000689678

3 2 0.00103111

4 2 0.00136848

5 2 0.00170044

6 2 0.0020257

7 2 0.00234296

8 2 0.00265097

9 2 0.00294852

10 2 0.00323444

11 2 0.00350759

12 2 0.0037669

13 2 0.00401134

14 2 0.00423995

15 2 0.00445182

16 2 0.00464613

17 2 0.0048221

18 2 0.00497904

19 2 0.00511633

20 2 0.00523343

21 2 0.00532988

22 2 0.00540529

23 2 0.00545936

24 2 0.0054919

25 2 0.00550276

26 2 0.0054919

27 2 0.00545936

28 2 0.00540529

29 2 0.00532988

30 2 0.00523343

31 2 0.00511633

32 2 0.00497904

33 2 0.0048221

34 2 0.00464613

35 2 0.00445182

36 2 0.00423995

37 2 0.00401134

38 2 0.0037669

39 2 0.00350759

40 2 0.00323444

41 2 0.00294852

42 2 0.00265097

43 2 0.00234296

44 2 0.0020257

45 2 0.00170044

46 2 0.00136848

47 2 0.00103111

48 2 0.000689678

49 2 0.000345521

50 2 0

0 3 0

1 3 0.000516576

2 3 0.00103111

3 3 0.00154158

4 3 0.00204597

5 3 0.00254228

6 3 0.00302855

7 3 0.00350288

8 3 0.00396338

9 3 0.00440823

10 3 0.0048357

11 3 0.00524407

12 3 0.00563175

13 3 0.00599721

14 3 0.00633899

15 3 0.00665576

16 3 0.00694627

17 3 0.00720935

18 3 0.00744399

19 3 0.00764925

20 3 0.00782432

21 3 0.00796851

22 3 0.00808125

23 3 0.0081621

24 3 0.00821074

25 3 0.00822698

26 3 0.00821074

27 3 0.0081621

28 3 0.00808125

29 3 0.00796851

30 3 0.00782432

31 3 0.00764925

32 3 0.00744399

33 3 0.00720935

34 3 0.00694627

35 3 0.00665576

36 3 0.00633899

37 3 0.00599721

38 3 0.00563175

39 3 0.00524407

40 3 0.0048357

41 3 0.00440823

42 3 0.00396338

43 3 0.00350288

44 3 0.00302855

45 3 0.00254228

46 3 0.00204597

47 3 0.00154158

48 3 0.00103111

49 3 0.000516576

50 3 0

0 4 0

1 4 0.000685593

2 4 0.00136848

3 4 0.00204597

4 4 0.00271538

5 4 0.00337407

6 4 0.00401945

7 4 0.00464897

8 4 0.00526014

9 4 0.00585055

10 4 0.00641787

11 4 0.00695986

12 4 0.00747438

13 4 0.00795941

14 4 0.00841303

15 4 0.00883344

16 4 0.00921899

17 4 0.00956816

18 4 0.00987956

19 4 0.010152

20 4 0.0103843

21 4 0.0105757

22 4 0.0107253

23 4 0.0108326

24 4 0.0108972

25 4 0.0109187

26 4 0.0108972

27 4 0.0108326

28 4 0.0107253

29 4 0.0105757

30 4 0.0103843

31 4 0.010152

32 4 0.00987956

33 4 0.00956816

34 4 0.00921899

35 4 0.00883344

36 4 0.00841303

37 4 0.00795941

38 4 0.00747438

39 4 0.00695986

40 4 0.00641787

41 4 0.00585055

42 4 0.00526014

43 4 0.00464897

44 4 0.00401945

45 4 0.00337407

46 4 0.00271538

47 4 0.00204597

48 4 0.00136848

49 4 0.000685593

50 4 0

0 5 0

1 5 0.000851904

2 5 0.00170044

3 5 0.00254228

4 5 0.00337407

5 5 0.00419255

6 5 0.00499449

7 5 0.00577671

8 5 0.00653614

9 5 0.00726977

10 5 0.00797471

11 5 0.00864818

12 5 0.00928752

13 5 0.0098902

14 5 0.0104539

15 5 0.0109762

16 5 0.0114553

17 5 0.0118892

18 5 0.0122761

19 5 0.0126146

20 5 0.0129034

21 5 0.0131411

22 5 0.0133271

23 5 0.0134604

24 5 0.0135406

25 5 0.0135674

26 5 0.0135406

27 5 0.0134604

28 5 0.0133271

29 5 0.0131411

30 5 0.0129034

31 5 0.0126146

32 5 0.0122761

33 5 0.0118892

34 5 0.0114553

35 5 0.0109762

36 5 0.0104539

37 5 0.0098902

38 5 0.00928752

39 5 0.00864818

40 5 0.00797471

41 5 0.00726977

42 5 0.00653614

43 5 0.00577671

44 5 0.00499449

45 5 0.00419255

46 5 0.00337407

47 5 0.00254228

48 5 0.00170044

49 5 0.000851904

50 5 0

0 6 0

1 6 0.00101485

2 6 0.0020257

3 6 0.00302855

4 6 0.00401945

5 6 0.00499449

6 6 0.00594982

7 6 0.00688166

8 6 0.00778635

9 6 0.00866031

10 6 0.00950008

11 6 0.0103024

12 6 0.011064

13 6 0.011782

14 6 0.0124534

15 6 0.0130757

16 6 0.0136465

17 6 0.0141633

18 6 0.0146243

19 6 0.0150275

20 6 0.0153715

21 6 0.0156547

22 6 0.0158762

23 6 0.0160351

24 6 0.0161306

25 6 0.0161625

26 6 0.0161306

27 6 0.0160351

28 6 0.0158762

29 6 0.0156547

30 6 0.0153715

31 6 0.0150275

32 6 0.0146243

33 6 0.0141633

34 6 0.0136465

35 6 0.0130757

36 6 0.0124534

37 6 0.011782

38 6 0.011064

39 6 0.0103024

40 6 0.00950008

41 6 0.00866031

42 6 0.00778635

43 6 0.00688166

44 6 0.00594982

45 6 0.00499449

46 6 0.00401945

47 6 0.00302855

48 6 0.0020257

49 6 0.00101485

50 6 0

0 7 0

1 7 0.0011738

2 7 0.00234296

3 7 0.00350288

4 7 0.00464897

5 7 0.00577671

6 7 0.00688166

7 7 0.00795945

8 7 0.00900583

9 7 0.0100167

10 7 0.010988

11 7 0.0119159

12 7 0.0127968

13 7 0.0136272

14 7 0.0144039

15 7 0.0151236

16 7 0.0157837

17 7 0.0163815

18 7 0.0169147

19 7 0.0173811

20 7 0.0177789

21 7 0.0181065

22 7 0.0183627

23 7 0.0185464

24 7 0.018657

25 7 0.0186938

26 7 0.018657

27 7 0.0185464

28 7 0.0183627

29 7 0.0181065

30 7 0.0177789

31 7 0.0173811

32 7 0.0169147

33 7 0.0163815

34 7 0.0157837

35 7 0.0151236

36 7 0.0144039

37 7 0.0136272

38 7 0.0127968

39 7 0.0119159

40 7 0.010988

41 7 0.0100167

42 7 0.00900583

43 7 0.00795945

44 7 0.00688166

45 7 0.00577671

46 7 0.00464897

47 7 0.00350288

48 7 0.00234296

49 7 0.0011738

50 7 0

0 8 0

1 8 0.00132811

2 8 0.00265097

3 8 0.00396338

4 8 0.00526014

5 8 0.00653614

6 8 0.00778635

7 8 0.00900583

8 8 0.0101898

9 8 0.0113335

10 8 0.0124325

11 8 0.0134824

12 8 0.0144791

13 8 0.0154187

14 8 0.0162974

15 8 0.0171118

16 8 0.0178587

17 8 0.0185351

18 8 0.0191384

19 8 0.0196661

20 8 0.0201162

21 8 0.0204869

22 8 0.0207767

23 8 0.0209846

24 8 0.0211097

25 8 0.0211514

26 8 0.0211097

27 8 0.0209846

28 8 0.0207767

29 8 0.0204869

30 8 0.0201162

31 8 0.0196661

32 8 0.0191384

33 8 0.0185351

34 8 0.0178587

35 8 0.0171118

36 8 0.0162974

37 8 0.0154187

38 8 0.0144791

39 8 0.0134824

40 8 0.0124325

41 8 0.0113335

42 8 0.0101898

43 8 0.00900583

44 8 0.00778635

45 8 0.00653614

46 8 0.00526014

47 8 0.00396338

48 8 0.00265097

49 8 0.00132811

50 8 0

0 9 0

1 9 0.00147718

2 9 0.00294852

3 9 0.00440823

4 9 0.00585055

5 9 0.00726977

6 9 0.00866031

7 9 0.0100167

8 9 0.0113335

9 9 0.0126056

10 9 0.0138279

11 9 0.0149957

12 9 0.0161043

13 9 0.0171493

14 9 0.0181267

15 9 0.0190325

16 9 0.0198632

17 9 0.0206155

18 9 0.0212865

19 9 0.0218734

20 9 0.0223741

21 9 0.0227864

22 9 0.0231088

23 9 0.02334

24 9 0.0234791

25 9 0.0235255

26 9 0.0234791

27 9 0.02334

28 9 0.0231088

29 9 0.0227864

30 9 0.0223741

31 9 0.0218734

32 9 0.0212865

33 9 0.0206155

34 9 0.0198632

35 9 0.0190325

36 9 0.0181267

37 9 0.0171493

38 9 0.0161043

39 9 0.0149957

40 9 0.0138279

41 9 0.0126056

42 9 0.0113335

43 9 0.0100167

44 9 0.00866031

45 9 0.00726977

46 9 0.00585055

47 9 0.00440823

48 9 0.00294852

49 9 0.00147718

50 9 0

0 10 0

1 10 0.00162042

2 10 0.00323444

3 10 0.0048357

4 10 0.00641787

5 10 0.00797471

6 10 0.00950008

7 10 0.010988

8 10 0.0124325

9 10 0.0138279

10 10 0.0151688

11 10 0.0164498

12 10 0.0176659

13 10 0.0188123

14 10 0.0198844

15 10 0.0208781

16 10 0.0217893

17 10 0.0226146

18 10 0.0233506

19 10 0.0239945

20 10 0.0245436

21 10 0.0249959

22 10 0.0253496

23 10 0.0256032

24 10 0.0257558

25 10 0.0258067

26 10 0.0257558

27 10 0.0256032

28 10 0.0253496

29 10 0.0249959

30 10 0.0245436

31 10 0.0239945

32 10 0.0233506

33 10 0.0226146

34 10 0.0217893

35 10 0.0208781

36 10 0.0198844

37 10 0.0188123

38 10 0.0176659

39 10 0.0164498

40 10 0.0151688

41 10 0.0138279

42 10 0.0124325

43 10 0.010988

44 10 0.00950008

45 10 0.00797471

46 10 0.00641787

47 10 0.0048357

48 10 0.00323444

49 10 0.00162042

50 10 0

0 11 0

1 11 0.00175726

2 11 0.00350759

3 11 0.00524407

4 11 0.00695986

5 11 0.00864818

6 11 0.0103024

7 11 0.0119159

8 11 0.0134824

9 11 0.0149957

10 11 0.0164498

11 11 0.017839

12 11 0.0191578

13 11 0.020401

14 11 0.0215637

15 11 0.0226412

16 11 0.0236294

17 11 0.0245244

18 11 0.0253226

19 11 0.0260208

20 11 0.0266164

21 11 0.0271069

22 11 0.0274904

23 11 0.0277654

24 11 0.0279309

25 11 0.0279861

26 11 0.0279309

27 11 0.0277654

28 11 0.0274904

29 11 0.0271069

30 11 0.0266164

31 11 0.0260208

32 11 0.0253226

33 11 0.0245244

34 11 0.0236294

35 11 0.0226412

36 11 0.0215637

37 11 0.020401

38 11 0.0191578

39 11 0.017839

40 11 0.0164498

41 11 0.0149957

42 11 0.0134824

43 11 0.0119159

44 11 0.0103024

45 11 0.00864818

46 11 0.00695986

47 11 0.00524407

48 11 0.00350759

49 11 0.00175726

50 11 0

0 12 0

1 12 0.00188717

2 12 0.0037669

3 12 0.00563175

4 12 0.00747438

5 12 0.00928752

6 12 0.011064

7 12 0.0127968

8 12 0.0144791

9 12 0.0161043

10 12 0.0176659

11 12 0.0191578

12 12 0.0205741

13 12 0.0219092

14 12 0.0231578

15 12 0.024315

16 12 0.0253763

17 12 0.0263374

18 12 0.0271946

19 12 0.0279445

20 12 0.028584

21 12 0.0291108

22 12 0.0295227

23 12 0.029818

24 12 0.0299957

25 12 0.030055

26 12 0.0299957

27 12 0.029818

28 12 0.0295227

29 12 0.0291108

30 12 0.028584

31 12 0.0279445

32 12 0.0271946

33 12 0.0263374

34 12 0.0253763

35 12 0.024315

36 12 0.0231578

37 12 0.0219092

38 12 0.0205741

39 12 0.0191578

40 12 0.0176659

41 12 0.0161043

42 12 0.0144791

43 12 0.0127968

44 12 0.011064

45 12 0.00928752

46 12 0.00747438

47 12 0.00563175

48 12 0.0037669

49 12 0.00188717

50 12 0

0 13 0

1 13 0.00200963

2 13 0.00401134

3 13 0.00599721

4 13 0.00795941

5 13 0.0098902

6 13 0.011782

7 13 0.0136272

8 13 0.0154187

9 13 0.0171493

10 13 0.0188123

11 13 0.020401

12 13 0.0219092

13 13 0.0233309

14 13 0.0246606

15 13 0.0258929

16 13 0.027023

17 13 0.0280465

18 13 0.0289593

19 13 0.0297578

20 13 0.0304389

21 13 0.0309999

22 13 0.0314385

23 13 0.031753

24 13 0.0319422

25 13 0.0320054

26 13 0.0319422

27 13 0.031753

28 13 0.0314385

29 13 0.0309999

30 13 0.0304389

31 13 0.0297578

32 13 0.0289593

33 13 0.0280465

34 13 0.027023

35 13 0.0258929

36 13 0.0246606

37 13 0.0233309

38 13 0.0219092

39 13 0.020401

40 13 0.0188123

41 13 0.0171493

42 13 0.0154187

43 13 0.0136272

44 13 0.011782

45 13 0.0098902

46 13 0.00795941

47 13 0.00599721

48 13 0.00401134

49 13 0.00200963

50 13 0

0 14 0

1 14 0.00212416

2 14 0.00423995

3 14 0.00633899

4 14 0.00841303

5 14 0.0104539

6 14 0.0124534

7 14 0.0144039

8 14 0.0162974

9 14 0.0181267

10 14 0.0198844

11 14 0.0215637

12 14 0.0231578

13 14 0.0246606

14 14 0.026066

15 14 0.0273685

16 14 0.0285631

17 14 0.0296449

18 14 0.0306097

19 14 0.0314538

20 14 0.0321737

21 14 0.0327666

22 14 0.0332302

23 14 0.0335626

24 14 0.0337626

25 14 0.0338294

26 14 0.0337626

27 14 0.0335626

28 14 0.0332302

29 14 0.0327666

30 14 0.0321737

31 14 0.0314538

32 14 0.0306097

33 14 0.0296449

34 14 0.0285631

35 14 0.0273685

36 14 0.026066

37 14 0.0246606

38 14 0.0231578

39 14 0.0215637

40 14 0.0198844

41 14 0.0181267

42 14 0.0162974

43 14 0.0144039

44 14 0.0124534

45 14 0.0104539

46 14 0.00841303

47 14 0.00633899

48 14 0.00423995

49 14 0.00212416

50 14 0

0 15 0

1 15 0.00223031

2 15 0.00445182

3 15 0.00665576

4 15 0.00883344

5 15 0.0109762

6 15 0.0130757

7 15 0.0151236

8 15 0.0171118

9 15 0.0190325

10 15 0.0208781

11 15 0.0226412

12 15 0.024315

13 15 0.0258929

14 15 0.0273685

15 15 0.0287362

16 15 0.0299904

17 15 0.0311263

18 15 0.0321394

19 15 0.0330256

20 15 0.0337814

21 15 0.034404

22 15 0.0348907

23 15 0.0352398

24 15 0.0354498

25 15 0.0355199

26 15 0.0354498

27 15 0.0352398

28 15 0.0348907

29 15 0.034404

30 15 0.0337814

31 15 0.0330256

32 15 0.0321394

33 15 0.0311263

34 15 0.0299904

35 15 0.0287362

36 15 0.0273685

37 15 0.0258929

38 15 0.024315

39 15 0.0226412

40 15 0.0208781

41 15 0.0190325

42 15 0.0171118

43 15 0.0151236

44 15 0.0130757

45 15 0.0109762

46 15 0.00883344

47 15 0.00665576

48 15 0.00445182

49 15 0.00223031

50 15 0

0 16 0

1 16 0.00232766

2 16 0.00464613

3 16 0.00694627

4 16 0.00921899

5 16 0.0114553

6 16 0.0136465

7 16 0.0157837

8 16 0.0178587

9 16 0.0198632

10 16 0.0217893

11 16 0.0236294

12 16 0.0253763

13 16 0.027023

14 16 0.0285631

15 16 0.0299904

16 16 0.0312994

17 16 0.0324849

18 16 0.0335421

19 16 0.034467

20 16 0.0352559

21 16 0.0359056

22 16 0.0364136

23 16 0.0367779

24 16 0.0369971

25 16 0.0370702

26 16 0.0369971

27 16 0.0367779

28 16 0.0364136

29 16 0.0359056

30 16 0.0352559

31 16 0.034467

32 16 0.0335421

33 16 0.0324849

34 16 0.0312994

35 16 0.0299904

36 16 0.0285631

37 16 0.027023

38 16 0.0253763

39 16 0.0236294

40 16 0.0217893

41 16 0.0198632

42 16 0.0178587

43 16 0.0157837

44 16 0.0136465

45 16 0.0114553

46 16 0.00921899

47 16 0.00694627

48 16 0.00464613

49 16 0.00232766

50 16 0

0 17 0

1 17 0.00241582

2 17 0.0048221

3 17 0.00720935

4 17 0.00956816

5 17 0.0118892

6 17 0.0141633

7 17 0.0163815

8 17 0.0185351

9 17 0.0206155

10 17 0.0226146

11 17 0.0245244

12 17 0.0263374

13 17 0.0280465

14 17 0.0296449

15 17 0.0311263

16 17 0.0324849

17 17 0.0337152

18 17 0.0348125

19 17 0.0357724

20 17 0.0365912

21 17 0.0372655

22 17 0.0377928

23 17 0.0381709

24 17 0.0383983

25 17 0.0384742

26 17 0.0383983

27 17 0.0381709

28 17 0.0377928

29 17 0.0372655

30 17 0.0365912

31 17 0.0357724

32 17 0.0348125

33 17 0.0337152

34 17 0.0324849

35 17 0.0311263

36 17 0.0296449

37 17 0.0280465

38 17 0.0263374

39 17 0.0245244

40 17 0.0226146

41 17 0.0206155

42 17 0.0185351

43 17 0.0163815

44 17 0.0141633

45 17 0.0118892

46 17 0.00956816

47 17 0.00720935

48 17 0.0048221

49 17 0.00241582

50 17 0

0 18 0

1 18 0.00249444

2 18 0.00497904

3 18 0.00744399

4 18 0.00987956

5 18 0.0122761

6 18 0.0146243

7 18 0.0169147

8 18 0.0191384

9 18 0.0212865

10 18 0.0233506

11 18 0.0253226

12 18 0.0271946

13 18 0.0289593

14 18 0.0306097

15 18 0.0321394

16 18 0.0335421

17 18 0.0348125

18 18 0.0359455

19 18 0.0369367

20 18 0.0377821

21 18 0.0384784

22 18 0.0390228

23 18 0.0394132

24 18 0.039648

25 18 0.0397264

26 18 0.039648

27 18 0.0394132

28 18 0.0390228

29 18 0.0384784

30 18 0.0377821

31 18 0.0369367

32 18 0.0359455

33 18 0.0348125

34 18 0.0335421

35 18 0.0321394

36 18 0.0306097

37 18 0.0289593

38 18 0.0271946

39 18 0.0253226

40 18 0.0233506

41 18 0.0212865

42 18 0.0191384

43 18 0.0169147

44 18 0.0146243

45 18 0.0122761

46 18 0.00987956

47 18 0.00744399

48 18 0.00497904

49 18 0.00249444

50 18 0

0 19 0

1 19 0.00256322

2 19 0.00511633

3 19 0.00764925

4 19 0.010152

5 19 0.0126146

6 19 0.0150275

7 19 0.0173811

8 19 0.0196661

9 19 0.0218734

10 19 0.0239945

11 19 0.0260208

12 19 0.0279445

13 19 0.0297578

14 19 0.0314538

15 19 0.0330256

16 19 0.034467

17 19 0.0357724

18 19 0.0369367

19 19 0.0379552

20 19 0.0388239

21 19 0.0395393

22 19 0.0400988

23 19 0.0404999

24 19 0.0407413

25 19 0.0408218

26 19 0.0407413

27 19 0.0404999

28 19 0.0400988

29 19 0.0395393

30 19 0.0388239

31 19 0.0379552

32 19 0.0369367

33 19 0.0357724

34 19 0.034467

35 19 0.0330256

36 19 0.0314538

37 19 0.0297578

38 19 0.0279445

39 19 0.0260208

40 19 0.0239945

41 19 0.0218734

42 19 0.0196661

43 19 0.0173811

44 19 0.0150275

45 19 0.0126146

46 19 0.010152

47 19 0.00764925

48 19 0.00511633

49 19 0.00256322

50 19 0

0 20 0

1 20 0.00262189

2 20 0.00523343

3 20 0.00782432

4 20 0.0103843

5 20 0.0129034

6 20 0.0153715

7 20 0.0177789

8 20 0.0201162

9 20 0.0223741

10 20 0.0245436

11 20 0.0266164

12 20 0.028584

13 20 0.0304389

14 20 0.0321737

15 20 0.0337814

16 20 0.0352559

17 20 0.0365912

18 20 0.0377821

19 20 0.0388239

20 20 0.0397124

21 20 0.0404443

22 20 0.0410165

23 20 0.0414269

24 20 0.0416737

25 20 0.0417561

26 20 0.0416737

27 20 0.0414269

28 20 0.0410165

29 20 0.0404443

30 20 0.0397124

31 20 0.0388239

32 20 0.0377821

33 20 0.0365912

34 20 0.0352559

35 20 0.0337814

36 20 0.0321737

37 20 0.0304389

38 20 0.028584

39 20 0.0266164

40 20 0.0245436

41 20 0.0223741

42 20 0.0201162

43 20 0.0177789

44 20 0.0153715

45 20 0.0129034

46 20 0.0103843

47 20 0.00782432

48 20 0.00523343

49 20 0.00262189

50 20 0

0 21 0

1 21 0.00267021

2 21 0.00532988

3 21 0.00796851

4 21 0.0105757

5 21 0.0131411

6 21 0.0156547

7 21 0.0181065

8 21 0.0204869

9 21 0.0227864

10 21 0.0249959

11 21 0.0271069

12 21 0.0291108

13 21 0.0309999

14 21 0.0327666

15 21 0.034404

16 21 0.0359056

17 21 0.0372655

18 21 0.0384784

19 21 0.0395393

20 21 0.0404443

21 21 0.0411896

22 21 0.0417724

23 21 0.0421903

24 21 0.0424417

25 21 0.0425256

26 21 0.0424417

27 21 0.0421903

28 21 0.0417724

29 21 0.0411896

30 21 0.0404443

31 21 0.0395393

32 21 0.0384784

33 21 0.0372655

34 21 0.0359056

35 21 0.034404

36 21 0.0327666

37 21 0.0309999

38 21 0.0291108

39 21 0.0271069

40 21 0.0249959

41 21 0.0227864

42 21 0.0204869

43 21 0.0181065

44 21 0.0156547

45 21 0.0131411

46 21 0.0105757

47 21 0.00796851

48 21 0.00532988

49 21 0.00267021

50 21 0

0 22 0

1 22 0.00270799

2 22 0.00540529

3 22 0.00808125

4 22 0.0107253

5 22 0.0133271

6 22 0.0158762

7 22 0.0183627

8 22 0.0207767

9 22 0.0231088

10 22 0.0253496

11 22 0.0274904

12 22 0.0295227

13 22 0.0314385

14 22 0.0332302

15 22 0.0348907

16 22 0.0364136

17 22 0.0377928

18 22 0.0390228

19 22 0.0400988

20 22 0.0410165

21 22 0.0417724

22 22 0.0423634

23 22 0.0427872

24 22 0.0430422

25 22 0.0431273

26 22 0.0430422

27 22 0.0427872

28 22 0.0423634

29 22 0.0417724

30 22 0.0410165

31 22 0.0400988

32 22 0.0390228

33 22 0.0377928

34 22 0.0364136

35 22 0.0348907

36 22 0.0332302

37 22 0.0314385

38 22 0.0295227

39 22 0.0274904

40 22 0.0253496

41 22 0.0231088

42 22 0.0207767

43 22 0.0183627

44 22 0.0158762

45 22 0.0133271

46 22 0.0107253

47 22 0.00808125

48 22 0.00540529

49 22 0.00270799

50 22 0

0 23 0

1 23 0.00273508

2 23 0.00545936

3 23 0.0081621

4 23 0.0108326

5 23 0.0134604

6 23 0.0160351

7 23 0.0185464

8 23 0.0209846

9 23 0.02334

10 23 0.0256032

11 23 0.0277654

12 23 0.029818

13 23 0.031753

14 23 0.0335626

15 23 0.0352398

16 23 0.0367779

17 23 0.0381709

18 23 0.0394132

19 23 0.0404999

20 23 0.0414269

21 23 0.0421903

22 23 0.0427872

23 23 0.0432153

24 23 0.0434728

25 23 0.0435588

26 23 0.0434728

27 23 0.0432153

28 23 0.0427872

29 23 0.0421903

30 23 0.0414269

31 23 0.0404999

32 23 0.0394132

33 23 0.0381709

34 23 0.0367779

35 23 0.0352398

36 23 0.0335626

37 23 0.031753

38 23 0.029818

39 23 0.0277654

40 23 0.0256032

41 23 0.02334

42 23 0.0209846

43 23 0.0185464

44 23 0.0160351

45 23 0.0134604

46 23 0.0108326

47 23 0.0081621

48 23 0.00545936

49 23 0.00273508

50 23 0

0 24 0

1 24 0.00275138

2 24 0.0054919

3 24 0.00821074

4 24 0.0108972

5 24 0.0135406

6 24 0.0161306

7 24 0.018657

8 24 0.0211097

9 24 0.0234791

10 24 0.0257558

11 24 0.0279309

12 24 0.0299957

13 24 0.0319422

14 24 0.0337626

15 24 0.0354498

16 24 0.0369971

17 24 0.0383983

18 24 0.039648

19 24 0.0407413

20 24 0.0416737

21 24 0.0424417

22 24 0.0430422

23 24 0.0434728

24 24 0.0437319

25 24 0.0438184

26 24 0.0437319

27 24 0.0434728

28 24 0.0430422

29 24 0.0424417

30 24 0.0416737

31 24 0.0407413

32 24 0.039648

33 24 0.0383983

34 24 0.0369971

35 24 0.0354498

36 24 0.0337626

37 24 0.0319422

38 24 0.0299957

39 24 0.0279309

40 24 0.0257558

41 24 0.0234791

42 24 0.0211097

43 24 0.018657

44 24 0.0161306

45 24 0.0135406

46 24 0.0108972

47 24 0.00821074

48 24 0.0054919

49 24 0.00275138

50 24 0

0 25 0

1 25 0.00275682

2 25 0.00550276

3 25 0.00822698

4 25 0.0109187

5 25 0.0135674

6 25 0.0161625

7 25 0.0186938

8 25 0.0211514

9 25 0.0235255

10 25 0.0258067

11 25 0.0279861

12 25 0.030055

13 25 0.0320054

14 25 0.0338294

15 25 0.0355199

16 25 0.0370702

17 25 0.0384742

18 25 0.0397264

19 25 0.0408218

20 25 0.0417561

21 25 0.0425256

22 25 0.0431273

23 25 0.0435588

24 25 0.0438184

25 25 0.043905

26 25 0.0438184

27 25 0.0435588

28 25 0.0431273

29 25 0.0425256

30 25 0.0417561

31 25 0.0408218

32 25 0.0397264

33 25 0.0384742

34 25 0.0370702

35 25 0.0355199

36 25 0.0338294

37 25 0.0320054

38 25 0.030055

39 25 0.0279861

40 25 0.0258067

41 25 0.0235255

42 25 0.0211514

43 25 0.0186938

44 25 0.0161625

45 25 0.0135674

46 25 0.0109187

47 25 0.00822698

48 25 0.00550276

49 25 0.00275682

50 25 0

0 26 0

1 26 0.00275138

2 26 0.0054919

3 26 0.00821074

4 26 0.0108972

5 26 0.0135406

6 26 0.0161306

7 26 0.018657

8 26 0.0211097

9 26 0.0234791

10 26 0.0257558

11 26 0.0279309

12 26 0.0299957

13 26 0.0319422

14 26 0.0337626

15 26 0.0354498

16 26 0.0369971

17 26 0.0383983

18 26 0.039648

19 26 0.0407413

20 26 0.0416737

21 26 0.0424417

22 26 0.0430422

23 26 0.0434728

24 26 0.0437319

25 26 0.0438184

26 26 0.0437319

27 26 0.0434728

28 26 0.0430422

29 26 0.0424417

30 26 0.0416737

31 26 0.0407413

32 26 0.039648

33 26 0.0383983

34 26 0.0369971

35 26 0.0354498

36 26 0.0337626

37 26 0.0319422

38 26 0.0299957

39 26 0.0279309

40 26 0.0257558

41 26 0.0234791

42 26 0.0211097

43 26 0.018657

44 26 0.0161306

45 26 0.0135406

46 26 0.0108972

47 26 0.00821074

48 26 0.0054919

49 26 0.00275138

50 26 0

0 27 0

1 27 0.00273508

2 27 0.00545936

3 27 0.0081621

4 27 0.0108326

5 27 0.0134604

6 27 0.0160351

7 27 0.0185464

8 27 0.0209846

9 27 0.02334

10 27 0.0256032

11 27 0.0277654

12 27 0.029818

13 27 0.031753

14 27 0.0335626

15 27 0.0352398

16 27 0.0367779

17 27 0.0381709

18 27 0.0394132

19 27 0.0404999

20 27 0.0414269

21 27 0.0421903

22 27 0.0427872

23 27 0.0432153

24 27 0.0434728

25 27 0.0435588

26 27 0.0434728

27 27 0.0432153

28 27 0.0427872

29 27 0.0421903

30 27 0.0414269

31 27 0.0404999

32 27 0.0394132

33 27 0.0381709

34 27 0.0367779

35 27 0.0352398

36 27 0.0335626

37 27 0.031753

38 27 0.029818

39 27 0.0277654

40 27 0.0256032

41 27 0.02334

42 27 0.0209846

43 27 0.0185464

44 27 0.0160351

45 27 0.0134604

46 27 0.0108326

47 27 0.0081621

48 27 0.00545936

49 27 0.00273508

50 27 0

0 28 0

1 28 0.00270799

2 28 0.00540529

3 28 0.00808125

4 28 0.0107253

5 28 0.0133271

6 28 0.0158762

7 28 0.0183627

8 28 0.0207767

9 28 0.0231088

10 28 0.0253496

11 28 0.0274904

12 28 0.0295227

13 28 0.0314385

14 28 0.0332302

15 28 0.0348907

16 28 0.0364136

17 28 0.0377928

18 28 0.0390228

19 28 0.0400988

20 28 0.0410165

21 28 0.0417724

22 28 0.0423634

23 28 0.0427872

24 28 0.0430422

25 28 0.0431273

26 28 0.0430422

27 28 0.0427872

28 28 0.0423634

29 28 0.0417724

30 28 0.0410165

31 28 0.0400988

32 28 0.0390228

33 28 0.0377928

34 28 0.0364136

35 28 0.0348907

36 28 0.0332302

37 28 0.0314385

38 28 0.0295227

39 28 0.0274904

40 28 0.0253496

41 28 0.0231088

42 28 0.0207767

43 28 0.0183627

44 28 0.0158762

45 28 0.0133271

46 28 0.0107253

47 28 0.00808125

48 28 0.00540529

49 28 0.00270799

50 28 0

0 29 0

1 29 0.00267021

2 29 0.00532988

3 29 0.00796851

4 29 0.0105757

5 29 0.0131411

6 29 0.0156547

7 29 0.0181065

8 29 0.0204869

9 29 0.0227864

10 29 0.0249959

11 29 0.0271069

12 29 0.0291108

13 29 0.0309999

14 29 0.0327666

15 29 0.034404

16 29 0.0359056

17 29 0.0372655

18 29 0.0384784

19 29 0.0395393

20 29 0.0404443

21 29 0.0411896

22 29 0.0417724

23 29 0.0421903

24 29 0.0424417

25 29 0.0425256

26 29 0.0424417

27 29 0.0421903

28 29 0.0417724

29 29 0.0411896

30 29 0.0404443

31 29 0.0395393

32 29 0.0384784

33 29 0.0372655

34 29 0.0359056

35 29 0.034404

36 29 0.0327666

37 29 0.0309999

38 29 0.0291108

39 29 0.0271069

40 29 0.0249959

41 29 0.0227864

42 29 0.0204869

43 29 0.0181065

44 29 0.0156547

45 29 0.0131411

46 29 0.0105757

47 29 0.00796851

48 29 0.00532988

49 29 0.00267021

50 29 0

0 30 0

1 30 0.00262189

2 30 0.00523343

3 30 0.00782432

4 30 0.0103843

5 30 0.0129034

6 30 0.0153715

7 30 0.0177789

8 30 0.0201162

9 30 0.0223741

10 30 0.0245436

11 30 0.0266164

12 30 0.028584

13 30 0.0304389

14 30 0.0321737

15 30 0.0337814

16 30 0.0352559

17 30 0.0365912

18 30 0.0377821

19 30 0.0388239

20 30 0.0397124

21 30 0.0404443

22 30 0.0410165

23 30 0.0414269

24 30 0.0416737

25 30 0.0417561

26 30 0.0416737

27 30 0.0414269

28 30 0.0410165

29 30 0.0404443

30 30 0.0397124

31 30 0.0388239

32 30 0.0377821

33 30 0.0365912

34 30 0.0352559

35 30 0.0337814

36 30 0.0321737

37 30 0.0304389

38 30 0.028584

39 30 0.0266164

40 30 0.0245436

41 30 0.0223741

42 30 0.0201162

43 30 0.0177789

44 30 0.0153715

45 30 0.0129034

46 30 0.0103843

47 30 0.00782432

48 30 0.00523343

49 30 0.00262189

50 30 0

0 31 0

1 31 0.00256322

2 31 0.00511633

3 31 0.00764925

4 31 0.010152

5 31 0.0126146

6 31 0.0150275

7 31 0.0173811

8 31 0.0196661

9 31 0.0218734

10 31 0.0239945

11 31 0.0260208

12 31 0.0279445

13 31 0.0297578

14 31 0.0314538

15 31 0.0330256

16 31 0.034467

17 31 0.0357724

18 31 0.0369367

19 31 0.0379552

20 31 0.0388239

21 31 0.0395393

22 31 0.0400988

23 31 0.0404999

24 31 0.0407413

25 31 0.0408218

26 31 0.0407413

27 31 0.0404999

28 31 0.0400988

29 31 0.0395393

30 31 0.0388239

31 31 0.0379552

32 31 0.0369367

33 31 0.0357724

34 31 0.034467

35 31 0.0330256

36 31 0.0314538

37 31 0.0297578

38 31 0.0279445

39 31 0.0260208

40 31 0.0239945

41 31 0.0218734

42 31 0.0196661

43 31 0.0173811

44 31 0.0150275

45 31 0.0126146

46 31 0.010152

47 31 0.00764925

48 31 0.00511633

49 31 0.00256322

50 31 0

0 32 0

1 32 0.00249444

2 32 0.00497904

3 32 0.00744399

4 32 0.00987956

5 32 0.0122761

6 32 0.0146243

7 32 0.0169147

8 32 0.0191384

9 32 0.0212865

10 32 0.0233506

11 32 0.0253226

12 32 0.0271946

13 32 0.0289593

14 32 0.0306097

15 32 0.0321394

16 32 0.0335421

17 32 0.0348125

18 32 0.0359455

19 32 0.0369367

20 32 0.0377821

21 32 0.0384784

22 32 0.0390228

23 32 0.0394132

24 32 0.039648

25 32 0.0397264

26 32 0.039648

27 32 0.0394132

28 32 0.0390228

29 32 0.0384784

30 32 0.0377821

31 32 0.0369367

32 32 0.0359455

33 32 0.0348125

34 32 0.0335421

35 32 0.0321394

36 32 0.0306097

37 32 0.0289593

38 32 0.0271946

39 32 0.0253226

40 32 0.0233506

41 32 0.0212865

42 32 0.0191384

43 32 0.0169147

44 32 0.0146243

45 32 0.0122761

46 32 0.00987956

47 32 0.00744399

48 32 0.00497904

49 32 0.00249444

50 32 0

0 33 0

1 33 0.00241582

2 33 0.0048221

3 33 0.00720935

4 33 0.00956816

5 33 0.0118892

6 33 0.0141633

7 33 0.0163815

8 33 0.0185351

9 33 0.0206155

10 33 0.0226146

11 33 0.0245244

12 33 0.0263374

13 33 0.0280465

14 33 0.0296449

15 33 0.0311263

16 33 0.0324849

17 33 0.0337152

18 33 0.0348125

19 33 0.0357724

20 33 0.0365912

21 33 0.0372655

22 33 0.0377928

23 33 0.0381709

24 33 0.0383983

25 33 0.0384742

26 33 0.0383983

27 33 0.0381709

28 33 0.0377928

29 33 0.0372655

30 33 0.0365912

31 33 0.0357724

32 33 0.0348125

33 33 0.0337152

34 33 0.0324849

35 33 0.0311263

36 33 0.0296449

37 33 0.0280465

38 33 0.0263374

39 33 0.0245244

40 33 0.0226146

41 33 0.0206155

42 33 0.0185351

43 33 0.0163815

44 33 0.0141633

45 33 0.0118892

46 33 0.00956816

47 33 0.00720935

48 33 0.0048221

49 33 0.00241582

50 33 0

0 34 0

1 34 0.00232766

2 34 0.00464613

3 34 0.00694627

4 34 0.00921899

5 34 0.0114553

6 34 0.0136465

7 34 0.0157837

8 34 0.0178587

9 34 0.0198632

10 34 0.0217893

11 34 0.0236294

12 34 0.0253763

13 34 0.027023

14 34 0.0285631

15 34 0.0299904

16 34 0.0312994

17 34 0.0324849

18 34 0.0335421

19 34 0.034467

20 34 0.0352559

21 34 0.0359056

22 34 0.0364136

23 34 0.0367779

24 34 0.0369971

25 34 0.0370702

26 34 0.0369971

27 34 0.0367779

28 34 0.0364136

29 34 0.0359056

30 34 0.0352559

31 34 0.034467

32 34 0.0335421

33 34 0.0324849

34 34 0.0312994

35 34 0.0299904

36 34 0.0285631

37 34 0.027023

38 34 0.0253763

39 34 0.0236294

40 34 0.0217893

41 34 0.0198632

42 34 0.0178587

43 34 0.0157837

44 34 0.0136465

45 34 0.0114553

46 34 0.00921899

47 34 0.00694627

48 34 0.00464613

49 34 0.00232766

50 34 0

0 35 0

1 35 0.00223031

2 35 0.00445182

3 35 0.00665576

4 35 0.00883344

5 35 0.0109762

6 35 0.0130757

7 35 0.0151236

8 35 0.0171118

9 35 0.0190325

10 35 0.0208781

11 35 0.0226412

12 35 0.024315

13 35 0.0258929

14 35 0.0273685

15 35 0.0287362

16 35 0.0299904

17 35 0.0311263

18 35 0.0321394

19 35 0.0330256

20 35 0.0337814

21 35 0.034404

22 35 0.0348907

23 35 0.0352398

24 35 0.0354498

25 35 0.0355199

26 35 0.0354498

27 35 0.0352398

28 35 0.0348907

29 35 0.034404

30 35 0.0337814

31 35 0.0330256

32 35 0.0321394

33 35 0.0311263

34 35 0.0299904

35 35 0.0287362

36 35 0.0273685

37 35 0.0258929

38 35 0.024315

39 35 0.0226412

40 35 0.0208781

41 35 0.0190325

42 35 0.0171118

43 35 0.0151236

44 35 0.0130757

45 35 0.0109762

46 35 0.00883344

47 35 0.00665576

48 35 0.00445182

49 35 0.00223031

50 35 0

0 36 0

1 36 0.00212416

2 36 0.00423995

3 36 0.00633899

4 36 0.00841303

5 36 0.0104539

6 36 0.0124534

7 36 0.0144039

8 36 0.0162974

9 36 0.0181267

10 36 0.0198844

11 36 0.0215637

12 36 0.0231578

13 36 0.0246606

14 36 0.026066

15 36 0.0273685

16 36 0.0285631

17 36 0.0296449

18 36 0.0306097

19 36 0.0314538

20 36 0.0321737

21 36 0.0327666

22 36 0.0332302

23 36 0.0335626

24 36 0.0337626

25 36 0.0338294

26 36 0.0337626

27 36 0.0335626

28 36 0.0332302

29 36 0.0327666

30 36 0.0321737

31 36 0.0314538

32 36 0.0306097

33 36 0.0296449

34 36 0.0285631

35 36 0.0273685

36 36 0.026066

37 36 0.0246606

38 36 0.0231578

39 36 0.0215637

40 36 0.0198844

41 36 0.0181267

42 36 0.0162974

43 36 0.0144039

44 36 0.0124534

45 36 0.0104539

46 36 0.00841303

47 36 0.00633899

48 36 0.00423995

49 36 0.00212416

50 36 0

0 37 0

1 37 0.00200963

2 37 0.00401134

3 37 0.00599721

4 37 0.00795941

5 37 0.0098902

6 37 0.011782

7 37 0.0136272

8 37 0.0154187

9 37 0.0171493

10 37 0.0188123

11 37 0.020401

12 37 0.0219092

13 37 0.0233309

14 37 0.0246606

15 37 0.0258929

16 37 0.027023

17 37 0.0280465

18 37 0.0289593

19 37 0.0297578

20 37 0.0304389

21 37 0.0309999

22 37 0.0314385

23 37 0.031753

24 37 0.0319422

25 37 0.0320054

26 37 0.0319422

27 37 0.031753

28 37 0.0314385

29 37 0.0309999

30 37 0.0304389

31 37 0.0297578

32 37 0.0289593

33 37 0.0280465

34 37 0.027023

35 37 0.0258929

36 37 0.0246606

37 37 0.0233309

38 37 0.0219092

39 37 0.020401

40 37 0.0188123

41 37 0.0171493

42 37 0.0154187

43 37 0.0136272

44 37 0.011782

45 37 0.0098902

46 37 0.00795941

47 37 0.00599721

48 37 0.00401134

49 37 0.00200963

50 37 0

0 38 0

1 38 0.00188717

2 38 0.0037669

3 38 0.00563175

4 38 0.00747438

5 38 0.00928752

6 38 0.011064

7 38 0.0127968

8 38 0.0144791

9 38 0.0161043

10 38 0.0176659

11 38 0.0191578

12 38 0.0205741

13 38 0.0219092

14 38 0.0231578

15 38 0.024315

16 38 0.0253763

17 38 0.0263374

18 38 0.0271946

19 38 0.0279445

20 38 0.028584

21 38 0.0291108

22 38 0.0295227

23 38 0.029818

24 38 0.0299957

25 38 0.030055

26 38 0.0299957

27 38 0.029818

28 38 0.0295227

29 38 0.0291108

30 38 0.028584

31 38 0.0279445

32 38 0.0271946

33 38 0.0263374

34 38 0.0253763

35 38 0.024315

36 38 0.0231578

37 38 0.0219092

38 38 0.0205741

39 38 0.0191578

40 38 0.0176659

41 38 0.0161043

42 38 0.0144791

43 38 0.0127968

44 38 0.011064

45 38 0.00928752

46 38 0.00747438

47 38 0.00563175

48 38 0.0037669

49 38 0.00188717

50 38 0

0 39 0

1 39 0.00175726

2 39 0.00350759

3 39 0.00524407

4 39 0.00695986

5 39 0.00864818

6 39 0.0103024

7 39 0.0119159

8 39 0.0134824

9 39 0.0149957

10 39 0.0164498

11 39 0.017839

12 39 0.0191578

13 39 0.020401

14 39 0.0215637

15 39 0.0226412

16 39 0.0236294

17 39 0.0245244

18 39 0.0253226

19 39 0.0260208

20 39 0.0266164

21 39 0.0271069

22 39 0.0274904

23 39 0.0277654

24 39 0.0279309

25 39 0.0279861

26 39 0.0279309

27 39 0.0277654

28 39 0.0274904

29 39 0.0271069

30 39 0.0266164

31 39 0.0260208

32 39 0.0253226

33 39 0.0245244

34 39 0.0236294

35 39 0.0226412

36 39 0.0215637

37 39 0.020401

38 39 0.0191578

39 39 0.017839

40 39 0.0164498

41 39 0.0149957

42 39 0.0134824

43 39 0.0119159

44 39 0.0103024

45 39 0.00864818

46 39 0.00695986

47 39 0.00524407

48 39 0.00350759

49 39 0.00175726

50 39 0

0 40 0

1 40 0.00162042

2 40 0.00323444

3 40 0.0048357

4 40 0.00641787

5 40 0.00797471

6 40 0.00950008

7 40 0.010988

8 40 0.0124325

9 40 0.0138279

10 40 0.0151688

11 40 0.0164498

12 40 0.0176659

13 40 0.0188123

14 40 0.0198844

15 40 0.0208781

16 40 0.0217893

17 40 0.0226146

18 40 0.0233506

19 40 0.0239945

20 40 0.0245436

21 40 0.0249959

22 40 0.0253496

23 40 0.0256032

24 40 0.0257558

25 40 0.0258067

26 40 0.0257558

27 40 0.0256032

28 40 0.0253496

29 40 0.0249959

30 40 0.0245436

31 40 0.0239945

32 40 0.0233506

33 40 0.0226146

34 40 0.0217893

35 40 0.0208781

36 40 0.0198844

37 40 0.0188123

38 40 0.0176659

39 40 0.0164498

40 40 0.0151688

41 40 0.0138279

42 40 0.0124325

43 40 0.010988

44 40 0.00950008

45 40 0.00797471

46 40 0.00641787

47 40 0.0048357

48 40 0.00323444

49 40 0.00162042

50 40 0

0 41 0

1 41 0.00147718

2 41 0.00294852

3 41 0.00440823

4 41 0.00585055

5 41 0.00726977

6 41 0.00866031

7 41 0.0100167

8 41 0.0113335

9 41 0.0126056

10 41 0.0138279

11 41 0.0149957

12 41 0.0161043

13 41 0.0171493

14 41 0.0181267

15 41 0.0190325

16 41 0.0198632

17 41 0.0206155

18 41 0.0212865

19 41 0.0218734

20 41 0.0223741

21 41 0.0227864

22 41 0.0231088

23 41 0.02334

24 41 0.0234791

25 41 0.0235255

26 41 0.0234791

27 41 0.02334

28 41 0.0231088

29 41 0.0227864

30 41 0.0223741

31 41 0.0218734

32 41 0.0212865

33 41 0.0206155

34 41 0.0198632

35 41 0.0190325

36 41 0.0181267

37 41 0.0171493

38 41 0.0161043

39 41 0.0149957

40 41 0.0138279

41 41 0.0126056

42 41 0.0113335

43 41 0.0100167

44 41 0.00866031

45 41 0.00726977

46 41 0.00585055

47 41 0.00440823

48 41 0.00294852

49 41 0.00147718

50 41 0

0 42 0

1 42 0.00132811

2 42 0.00265097

3 42 0.00396338

4 42 0.00526014

5 42 0.00653614

6 42 0.00778635

7 42 0.00900583

8 42 0.0101898

9 42 0.0113335

10 42 0.0124325

11 42 0.0134824

12 42 0.0144791

13 42 0.0154187

14 42 0.0162974

15 42 0.0171118

16 42 0.0178587

17 42 0.0185351

18 42 0.0191384

19 42 0.0196661

20 42 0.0201162

21 42 0.0204869

22 42 0.0207767

23 42 0.0209846

24 42 0.0211097

25 42 0.0211514

26 42 0.0211097

27 42 0.0209846

28 42 0.0207767

29 42 0.0204869

30 42 0.0201162

31 42 0.0196661

32 42 0.0191384

33 42 0.0185351

34 42 0.0178587

35 42 0.0171118

36 42 0.0162974

37 42 0.0154187

38 42 0.0144791

39 42 0.0134824

40 42 0.0124325

41 42 0.0113335

42 42 0.0101898

43 42 0.00900583

44 42 0.00778635

45 42 0.00653614

46 42 0.00526014

47 42 0.00396338

48 42 0.00265097

49 42 0.00132811

50 42 0

0 43 0

1 43 0.0011738

2 43 0.00234296

3 43 0.00350288

4 43 0.00464897

5 43 0.00577671

6 43 0.00688166

7 43 0.00795945

8 43 0.00900583

9 43 0.0100167

10 43 0.010988

11 43 0.0119159

12 43 0.0127968

13 43 0.0136272

14 43 0.0144039

15 43 0.0151236

16 43 0.0157837

17 43 0.0163815

18 43 0.0169147

19 43 0.0173811

20 43 0.0177789

21 43 0.0181065

22 43 0.0183627

23 43 0.0185464

24 43 0.018657

25 43 0.0186938

26 43 0.018657

27 43 0.0185464

28 43 0.0183627

29 43 0.0181065

30 43 0.0177789

31 43 0.0173811

32 43 0.0169147

33 43 0.0163815

34 43 0.0157837

35 43 0.0151236

36 43 0.0144039

37 43 0.0136272

38 43 0.0127968

39 43 0.0119159

40 43 0.010988

41 43 0.0100167

42 43 0.00900583

43 43 0.00795945

44 43 0.00688166

45 43 0.00577671

46 43 0.00464897

47 43 0.00350288

48 43 0.00234296

49 43 0.0011738

50 43 0

0 44 0

1 44 0.00101485

2 44 0.0020257

3 44 0.00302855

4 44 0.00401945

5 44 0.00499449

6 44 0.00594982

7 44 0.00688166

8 44 0.00778635

9 44 0.00866031

10 44 0.00950008

11 44 0.0103024

12 44 0.011064

13 44 0.011782

14 44 0.0124534

15 44 0.0130757

16 44 0.0136465

17 44 0.0141633

18 44 0.0146243

19 44 0.0150275

20 44 0.0153715

21 44 0.0156547

22 44 0.0158762

23 44 0.0160351

24 44 0.0161306

25 44 0.0161625

26 44 0.0161306

27 44 0.0160351

28 44 0.0158762

29 44 0.0156547

30 44 0.0153715

31 44 0.0150275

32 44 0.0146243

33 44 0.0141633

34 44 0.0136465

35 44 0.0130757

36 44 0.0124534

37 44 0.011782

38 44 0.011064

39 44 0.0103024

40 44 0.00950008

41 44 0.00866031

42 44 0.00778635

43 44 0.00688166

44 44 0.00594982

45 44 0.00499449

46 44 0.00401945

47 44 0.00302855

48 44 0.0020257

49 44 0.00101485

50 44 0

0 45 0

1 45 0.000851904

2 45 0.00170044

3 45 0.00254228

4 45 0.00337407

5 45 0.00419255

6 45 0.00499449

7 45 0.00577671

8 45 0.00653614

9 45 0.00726977

10 45 0.00797471

11 45 0.00864818

12 45 0.00928752

13 45 0.0098902

14 45 0.0104539

15 45 0.0109762

16 45 0.0114553

17 45 0.0118892

18 45 0.0122761

19 45 0.0126146

20 45 0.0129034

21 45 0.0131411

22 45 0.0133271

23 45 0.0134604

24 45 0.0135406

25 45 0.0135674

26 45 0.0135406

27 45 0.0134604

28 45 0.0133271

29 45 0.0131411

30 45 0.0129034

31 45 0.0126146

32 45 0.0122761

33 45 0.0118892

34 45 0.0114553

35 45 0.0109762

36 45 0.0104539

37 45 0.0098902

38 45 0.00928752

39 45 0.00864818

40 45 0.00797471

41 45 0.00726977

42 45 0.00653614

43 45 0.00577671

44 45 0.00499449

45 45 0.00419255

46 45 0.00337407

47 45 0.00254228

48 45 0.00170044

49 45 0.000851904

50 45 0

0 46 0

1 46 0.000685593

2 46 0.00136848

3 46 0.00204597

4 46 0.00271538

5 46 0.00337407

6 46 0.00401945

7 46 0.00464897

8 46 0.00526014

9 46 0.00585055

10 46 0.00641787

11 46 0.00695986

12 46 0.00747438

13 46 0.00795941

14 46 0.00841303

15 46 0.00883344

16 46 0.00921899

17 46 0.00956816

18 46 0.00987956

19 46 0.010152

20 46 0.0103843

21 46 0.0105757

22 46 0.0107253

23 46 0.0108326

24 46 0.0108972

25 46 0.0109187

26 46 0.0108972

27 46 0.0108326

28 46 0.0107253

29 46 0.0105757

30 46 0.0103843

31 46 0.010152

32 46 0.00987956

33 46 0.00956816

34 46 0.00921899

35 46 0.00883344

36 46 0.00841303

37 46 0.00795941

38 46 0.00747438

39 46 0.00695986

40 46 0.00641787

41 46 0.00585055

42 46 0.00526014

43 46 0.00464897

44 46 0.00401945

45 46 0.00337407

46 46 0.00271538

47 46 0.00204597

48 46 0.00136848

49 46 0.000685593

50 46 0

0 47 0

1 47 0.000516576

2 47 0.00103111

3 47 0.00154158

4 47 0.00204597

5 47 0.00254228

6 47 0.00302855

7 47 0.00350288

8 47 0.00396338

9 47 0.00440823

10 47 0.0048357

11 47 0.00524407

12 47 0.00563175

13 47 0.00599721

14 47 0.00633899

15 47 0.00665576

16 47 0.00694627

17 47 0.00720935

18 47 0.00744399

19 47 0.00764925

20 47 0.00782432

21 47 0.00796851

22 47 0.00808125

23 47 0.0081621

24 47 0.00821074

25 47 0.00822698

26 47 0.00821074

27 47 0.0081621

28 47 0.00808125

29 47 0.00796851

30 47 0.00782432

31 47 0.00764925

32 47 0.00744399

33 47 0.00720935

34 47 0.00694627

35 47 0.00665576

36 47 0.00633899

37 47 0.00599721

38 47 0.00563175

39 47 0.00524407

40 47 0.0048357

41 47 0.00440823

42 47 0.00396338

43 47 0.00350288

44 47 0.00302855

45 47 0.00254228

46 47 0.00204597

47 47 0.00154158

48 47 0.00103111

49 47 0.000516576

50 47 0

0 48 0

1 48 0.000345521

2 48 0.000689678

3 48 0.00103111

4 48 0.00136848

5 48 0.00170044

6 48 0.0020257

7 48 0.00234296

8 48 0.00265097

9 48 0.00294852

10 48 0.00323444

11 48 0.00350759

12 48 0.0037669

13 48 0.00401134

14 48 0.00423995

15 48 0.00445182

16 48 0.00464613

17 48 0.0048221

18 48 0.00497904

19 48 0.00511633

20 48 0.00523343

21 48 0.00532988

22 48 0.00540529

23 48 0.00545936

