0 1 0

1 1 0.00139089

2 1 0.00277629

3 1 0.00415074

4 1 0.0055088

5 1 0.00684512

6 1 0.00815443

7 1 0.00943155

8 1 0.0106715

9 1 0.0118692

10 1 0.0130202

11 1 0.0141198

12 1 0.0151636

13 1 0.0161476

14 1 0.0170679

15 1 0.0179208

16 1 0.0187029

17 1 0.0194113

18 1 0.0200431

19 1 0.0205957

20 1 0.0210671

21 1 0.0214554

22 1 0.0217589

23 1 0.0219766

24 1 0.0221076

25 1 0.0221513

26 1 0.0221076

27 1 0.0219766

28 1 0.0217589

29 1 0.0214554

30 1 0.0210671

31 1 0.0205957

32 1 0.0200431

33 1 0.0194113

34 1 0.0187029

35 1 0.0179208

36 1 0.0170679

37 1 0.0161476

38 1 0.0151636

39 1 0.0141198

40 1 0.0130202

41 1 0.0118692

42 1 0.0106715

43 1 0.00943155

44 1 0.00815443

45 1 0.00684512

46 1 0.0055088

47 1 0.00415074

48 1 0.00277629

49 1 0.00139089

50 1 0

0 2 0

1 2 0.00277629

2 2 0.00554163

3 2 0.00828509

4 2 0.0109959

5 2 0.0136632

6 2 0.0162767

7 2 0.0188259

8 2 0.0213008

9 2 0.0236917

10 2 0.025989

11 2 0.0281838

12 2 0.0302673

13 2 0.0322314

14 2 0.0340683

15 2 0.0357708

16 2 0.0373321

17 2 0.038746

18 2 0.040007

19 2 0.0411102

20 2 0.0420511

21 2 0.042826

22 2 0.043432

23 2 0.0438665

24 2 0.0441279

25 2 0.0442151

26 2 0.0441279

27 2 0.0438665

28 2 0.043432

29 2 0.042826

30 2 0.0420511

31 2 0.0411102

32 2 0.040007

33 2 0.038746

34 2 0.0373321

35 2 0.0357708

36 2 0.0340683

37 2 0.0322314

38 2 0.0302673

39 2 0.0281838

40 2 0.025989

41 2 0.0236917

42 2 0.0213008

43 2 0.0188259

44 2 0.0162767

45 2 0.0136632

46 2 0.0109959

47 2 0.00828509

48 2 0.00554163

49 2 0.00277629

50 2 0

0 3 0

1 3 0.00415074

2 3 0.00828509

3 3 0.0123867

4 3 0.0164395

5 3 0.0204274

6 3 0.0243347

7 3 0.0281459

8 3 0.0318461

9 3 0.0354206

10 3 0.0388552

11 3 0.0421366

12 3 0.0452516

13 3 0.0481881

14 3 0.0509344

15 3 0.0534797

16 3 0.0558139

17 3 0.0579278

18 3 0.0598131

19 3 0.0614624

20 3 0.0628691

21 3 0.0640277

22 3 0.0649336

23 3 0.0655832

24 3 0.065974

25 3 0.0661045

26 3 0.065974

27 3 0.0655832

28 3 0.0649336

29 3 0.0640277

30 3 0.0628691

31 3 0.0614624

32 3 0.0598131

33 3 0.0579278

34 3 0.0558139

35 3 0.0534797

36 3 0.0509344

37 3 0.0481881

38 3 0.0452516

39 3 0.0421366

40 3 0.0388552

41 3 0.0354206

42 3 0.0318461

43 3 0.0281459

44 3 0.0243347

45 3 0.0204274

46 3 0.0164395

47 3 0.0123867

48 3 0.00828509

49 3 0.00415074

50 3 0

0 4 0

1 4 0.0055088

2 4 0.0109959

3 4 0.0164395

4 4 0.0218183

5 4 0.027111

6 4 0.0322967

7 4 0.0373549

8 4 0.0422657

9 4 0.0470097

10 4 0.0515681

11 4 0.0559231

12 4 0.0600573

13 4 0.0639546

14 4 0.0675994

15 4 0.0709775

16 4 0.0740754

17 4 0.076881

18 4 0.0793832

19 4 0.081572

20 4 0.083439

21 4 0.0849767

22 4 0.086179

23 4 0.0870412

24 4 0.0875598

25 4 0.087733

26 4 0.0875598

27 4 0.0870412

28 4 0.086179

29 4 0.0849767

30 4 0.083439

31 4 0.081572

32 4 0.0793832

33 4 0.076881

34 4 0.0740754

35 4 0.0709775

36 4 0.0675994

37 4 0.0639546

38 4 0.0600573

39 4 0.0559231

40 4 0.0515681

41 4 0.0470097

42 4 0.0422657

43 4 0.0373549

44 4 0.0322967

45 4 0.027111

46 4 0.0218183

47 4 0.0164395

48 4 0.0109959

49 4 0.0055088

50 4 0

0 5 0

1 5 0.00684512

2 5 0.0136632

3 5 0.0204274

4 5 0.027111

5 5 0.0336875

6 5 0.0401312

7 5 0.0464164

8 5 0.0525185

9 5 0.0584133

10 5 0.0640775

11 5 0.0694889

12 5 0.074626

13 5 0.0794687

14 5 0.0839976

15 5 0.0881951

16 5 0.0920446

17 5 0.0955307

18 5 0.0986399

19 5 0.10136

20 5 0.10368

21 5 0.10559

22 5 0.107084

23 5 0.108156

24 5 0.1088

25 5 0.109015

26 5 0.1088

27 5 0.108156

28 5 0.107084

29 5 0.10559

30 5 0.10368

31 5 0.10136

32 5 0.0986399

33 5 0.0955307

34 5 0.0920446

35 5 0.0881951

36 5 0.0839976

37 5 0.0794687

38 5 0.074626

39 5 0.0694889

40 5 0.0640775

41 5 0.0584133

42 5 0.0525185

43 5 0.0464164

44 5 0.0401312

45 5 0.0336875

46 5 0.027111

47 5 0.0204274

48 5 0.0136632

49 5 0.00684512

50 5 0

0 6 0

1 6 0.00815443

2 6 0.0162767

3 6 0.0243347

4 6 0.0322967

5 6 0.0401312

6 6 0.0478073

7 6 0.0552948

8 6 0.062564

9 6 0.0695863

10 6 0.076334

11 6 0.0827805

12 6 0.0889002

13 6 0.0946691

14 6 0.100064

15 6 0.105065

16 6 0.10965

17 6 0.113803

18 6 0.117507

19 6 0.120747

20 6 0.123511

21 6 0.125787

22 6 0.127567

23 6 0.128843

24 6 0.129611

25 6 0.129867

26 6 0.129611

27 6 0.128843

28 6 0.127567

29 6 0.125787

30 6 0.123511

31 6 0.120747

32 6 0.117507

33 6 0.113803

34 6 0.10965

35 6 0.105065

36 6 0.100064

37 6 0.0946691

38 6 0.0889002

39 6 0.0827805

40 6 0.076334

41 6 0.0695863

42 6 0.062564

43 6 0.0552948

44 6 0.0478073

45 6 0.0401312

46 6 0.0322967

47 6 0.0243347

48 6 0.0162767

49 6 0.00815443

50 6 0

0 7 0

1 7 0.00943155

2 7 0.0188259

3 7 0.0281459

4 7 0.0373549

5 7 0.0464164

6 7 0.0552948

7 7 0.0639549

8 7 0.0723626

9 7 0.0804848

10 7 0.0882893

11 7 0.0957453

12 7 0.102824

13 7 0.109496

14 7 0.115736

15 7 0.12152

16 7 0.126824

17 7 0.131627

18 7 0.135911

19 7 0.139659

20 7 0.142855

21 7 0.145488

22 7 0.147546

23 7 0.149022

24 7 0.14991

25 7 0.150207

26 7 0.14991

27 7 0.149022

28 7 0.147546

29 7 0.145488

30 7 0.142855

31 7 0.139659

32 7 0.135911

33 7 0.131627

34 7 0.126824

35 7 0.12152

36 7 0.115736

37 7 0.109496

38 7 0.102824

39 7 0.0957453

40 7 0.0882893

41 7 0.0804848

42 7 0.0723626

43 7 0.0639549

44 7 0.0552948

45 7 0.0464164

46 7 0.0373549

47 7 0.0281459

48 7 0.0188259

49 7 0.00943155

50 7 0

0 8 0

1 8 0.0106715

2 8 0.0213008

3 8 0.0318461

4 8 0.0422657

5 8 0.0525185

6 8 0.062564

7 8 0.0723626

8 8 0.0818756

9 8 0.0910656

10 8 0.0998961

11 8 0.108332

12 8 0.116341

13 8 0.123891

14 8 0.130951

15 8 0.137495

16 8 0.143496

17 8 0.148931

18 8 0.153778

19 8 0.158019

20 8 0.161635

21 8 0.164614

22 8 0.166943

23 8 0.168613

24 8 0.169618

25 8 0.169953

26 8 0.169618

27 8 0.168613

28 8 0.166943

29 8 0.164614

30 8 0.161635

31 8 0.158019

32 8 0.153778

33 8 0.148931

34 8 0.143496

35 8 0.137495

36 8 0.130951

37 8 0.123891

38 8 0.116341

39 8 0.108332

40 8 0.0998961

41 8 0.0910656

42 8 0.0818756

43 8 0.0723626

44 8 0.062564

45 8 0.0525185

46 8 0.0422657

47 8 0.0318461

48 8 0.0213008

49 8 0.0106715

50 8 0

0 9 0

1 9 0.0118692

2 9 0.0236917

3 9 0.0354206

4 9 0.0470097

5 9 0.0584133

6 9 0.0695863

7 9 0.0804848

8 9 0.0910656

9 9 0.101287

10 9 0.111109

11 9 0.120492

12 9 0.129399

13 9 0.137796

14 9 0.14565

15 9 0.152928

16 9 0.159603

17 9 0.165648

18 9 0.171039

19 9 0.175755

20 9 0.179778

21 9 0.183091

22 9 0.185681

23 9 0.187539

24 9 0.188656

25 9 0.189029

26 9 0.188656

27 9 0.187539

28 9 0.185681

29 9 0.183091

30 9 0.179778

31 9 0.175755

32 9 0.171039

33 9 0.165648

34 9 0.159603

35 9 0.152928

36 9 0.14565

37 9 0.137796

38 9 0.129399

39 9 0.120492

40 9 0.111109

41 9 0.101287

42 9 0.0910656

43 9 0.0804848

44 9 0.0695863

45 9 0.0584133

46 9 0.0470097

47 9 0.0354206

48 9 0.0236917

49 9 0.0118692

50 9 0

0 10 0

1 10 0.0130202

2 10 0.025989

3 10 0.0388552

4 10 0.0515681

5 10 0.0640775

6 10 0.076334

7 10 0.0882893

8 10 0.0998961

9 10 0.111109

10 10 0.121883

11 10 0.132176

12 10 0.141947

13 10 0.151158

14 10 0.159773

15 10 0.167757

16 10 0.175079

17 10 0.18171

18 10 0.187624

19 10 0.192798

20 10 0.19721

21 10 0.200845

22 10 0.203686

23 10 0.205724

24 10 0.20695

25 10 0.207359

26 10 0.20695

27 10 0.205724

28 10 0.203686

29 10 0.200845

30 10 0.19721

31 10 0.192798

32 10 0.187624

33 10 0.18171

34 10 0.175079

35 10 0.167757

36 10 0.159773

37 10 0.151158

38 10 0.141947

39 10 0.132176

40 10 0.121883

41 10 0.111109

42 10 0.0998961

43 10 0.0882893

44 10 0.076334

45 10 0.0640775

46 10 0.0515681

47 10 0.0388552

48 10 0.025989

49 10 0.0130202

50 10 0

0 11 0

1 11 0.0141198

2 11 0.0281838

3 11 0.0421366

4 11 0.0559231

5 11 0.0694889

6 11 0.0827805

7 11 0.0957453

8 11 0.108332

9 11 0.120492

10 11 0.132176

11 11 0.143338

12 11 0.153935

13 11 0.163924

14 11 0.173266

15 11 0.181924

16 11 0.189865

17 11 0.197056

18 11 0.203469

19 11 0.20908

20 11 0.213865

21 11 0.217806

22 11 0.220888

23 11 0.223098

24 11 0.224427

25 11 0.224871

26 11 0.224427

27 11 0.223098

28 11 0.220888

29 11 0.217806

30 11 0.213865

31 11 0.20908

32 11 0.203469

33 11 0.197056

34 11 0.189865

35 11 0.181924

36 11 0.173266

37 11 0.163924

38 11 0.153935

39 11 0.143338

40 11 0.132176

41 11 0.120492

42 11 0.108332

43 11 0.0957453

44 11 0.0827805

45 11 0.0694889

46 11 0.0559231

47 11 0.0421366

48 11 0.0281838

49 11 0.0141198

50 11 0

0 12 0

1 12 0.0151636

2 12 0.0302673

3 12 0.0452516

4 12 0.0600573

5 12 0.074626

6 12 0.0889002

7 12 0.102824

8 12 0.116341

9 12 0.129399

10 12 0.141947

11 12 0.153935

12 12 0.165315

13 12 0.176042

14 12 0.186075

15 12 0.195373

16 12 0.203901

17 12 0.211624

18 12 0.218511

19 12 0.224536

20 12 0.229675

21 12 0.233908

22 12 0.237217

23 12 0.239591

24 12 0.241018

25 12 0.241495

26 12 0.241018

27 12 0.239591

28 12 0.237217

29 12 0.233908

30 12 0.229675

31 12 0.224536

32 12 0.218511

33 12 0.211624

34 12 0.203901

35 12 0.195373

36 12 0.186075

37 12 0.176042

38 12 0.165315

39 12 0.153935

40 12 0.141947

41 12 0.129399

42 12 0.116341

43 12 0.102824

44 12 0.0889002

45 12 0.074626

46 12 0.0600573

47 12 0.0452516

48 12 0.0302673

49 12 0.0151636

50 12 0

0 13 0

1 13 0.0161476

2 13 0.0322314

3 13 0.0481881

4 13 0.0639546

5 13 0.0794687

6 13 0.0946691

7 13 0.109496

8 13 0.123891

9 13 0.137796

10 13 0.151158

11 13 0.163924

12 13 0.176042

13 13 0.187466

14 13 0.19815

15 13 0.208052

16 13 0.217132

17 13 0.225356

18 13 0.232691

19 13 0.239107

20 13 0.244579

21 13 0.249087

22 13 0.252611

23 13 0.255138

24 13 0.256659

25 13 0.257166

26 13 0.256659

27 13 0.255138

28 13 0.252611

29 13 0.249087

30 13 0.244579

31 13 0.239107

32 13 0.232691

33 13 0.225356

34 13 0.217132

35 13 0.208052

36 13 0.19815

37 13 0.187466

38 13 0.176042

39 13 0.163924

40 13 0.151158

41 13 0.137796

42 13 0.123891

43 13 0.109496

44 13 0.0946691

45 13 0.0794687

46 13 0.0639546

47 13 0.0481881

48 13 0.0322314

49 13 0.0161476

50 13 0

0 14 0

1 14 0.0170679

2 14 0.0340683

3 14 0.0509344

4 14 0.0675994

5 14 0.0839976

6 14 0.100064

7 14 0.115736

8 14 0.130951

9 14 0.14565

10 14 0.159773

11 14 0.173266

12 14 0.186075

13 14 0.19815

14 14 0.209443

15 14 0.219909

16 14 0.229507

17 14 0.2382

18 14 0.245952

19 14 0.252734

20 14 0.258518

21 14 0.263282

22 14 0.267007

23 14 0.269679

24 14 0.271286

25 14 0.271822

26 14 0.271286

27 14 0.269679

28 14 0.267007

29 14 0.263282

30 14 0.258518

31 14 0.252734

32 14 0.245952

33 14 0.2382

34 14 0.229507

35 14 0.219909

36 14 0.209443

37 14 0.19815

38 14 0.186075

39 14 0.173266

40 14 0.159773

41 14 0.14565

42 14 0.130951

43 14 0.115736

44 14 0.100064

45 14 0.0839976

46 14 0.0675994

47 14 0.0509344

48 14 0.0340683

49 14 0.0170679

50 14 0

0 15 0

1 15 0.0179208

2 15 0.0357708

3 15 0.0534797

4 15 0.0709775

5 15 0.0881951

6 15 0.105065

7 15 0.12152

8 15 0.137495

9 15 0.152928

10 15 0.167757

11 15 0.181924

12 15 0.195373

13 15 0.208052

14 15 0.219909

15 15 0.230898

16 15 0.240976

17 15 0.250103

18 15 0.258243

19 15 0.265363

20 15 0.271437

21 15 0.276439

22 15 0.28035

23 15 0.283155

24 15 0.284842

25 15 0.285405

26 15 0.284842

27 15 0.283155

28 15 0.28035

29 15 0.276439

30 15 0.271437

31 15 0.265363

32 15 0.258243

33 15 0.250103

34 15 0.240976

35 15 0.230898

36 15 0.219909

37 15 0.208052

38 15 0.195373

39 15 0.181924

40 15 0.167757

41 15 0.152928

42 15 0.137495

43 15 0.12152

44 15 0.105065

45 15 0.0881951

46 15 0.0709775

47 15 0.0534797

48 15 0.0357708

49 15 0.0179208

50 15 0

0 16 0

1 16 0.0187029

2 16 0.0373321

3 16 0.0558139

4 16 0.0740754

5 16 0.0920446

6 16 0.10965

7 16 0.126824

8 16 0.143496

9 16 0.159603

10 16 0.175079

11 16 0.189865

12 16 0.203901

13 16 0.217132

14 16 0.229507

15 16 0.240976

16 16 0.251494

17 16 0.261019

18 16 0.269514

19 16 0.276946

20 16 0.283284

21 16 0.288505

22 16 0.292587

23 16 0.295514

24 16 0.297275

25 16 0.297862

26 16 0.297275

27 16 0.295514

28 16 0.292587

29 16 0.288505

30 16 0.283284

31 16 0.276946

32 16 0.269514

33 16 0.261019

34 16 0.251494

35 16 0.240976

36 16 0.229507

37 16 0.217132

38 16 0.203901

39 16 0.189865

40 16 0.175079

41 16 0.159603

42 16 0.143496

43 16 0.126824

44 16 0.10965

45 16 0.0920446

46 16 0.0740754

47 16 0.0558139

48 16 0.0373321

49 16 0.0187029

50 16 0

0 17 0

1 17 0.0194113

2 17 0.038746

3 17 0.0579278

4 17 0.076881

5 17 0.0955307

6 17 0.113803

7 17 0.131627

8 17 0.148931

9 17 0.165648

10 17 0.18171

11 17 0.197056

12 17 0.211624

13 17 0.225356

14 17 0.2382

15 17 0.250103

16 17 0.261019

17 17 0.270905

18 17 0.279722

19 17 0.287435

20 17 0.294013

21 17 0.299432

22 17 0.303668

23 17 0.306706

24 17 0.308534

25 17 0.309144

26 17 0.308534

27 17 0.306706

28 17 0.303668

29 17 0.299432

30 17 0.294013

31 17 0.287435

32 17 0.279722

33 17 0.270905

34 17 0.261019

35 17 0.250103

36 17 0.2382

37 17 0.225356

38 17 0.211624

39 17 0.197056

40 17 0.18171

41 17 0.165648

42 17 0.148931

43 17 0.131627

44 17 0.113803

45 17 0.0955307

46 17 0.076881

47 17 0.0579278

48 17 0.038746

49 17 0.0194113

50 17 0

0 18 0

1 18 0.0200431

2 18 0.040007

3 18 0.0598131

4 18 0.0793832

5 18 0.0986399

6 18 0.117507

7 18 0.135911

8 18 0.153778

9 18 0.171039

10 18 0.187624

11 18 0.203469

12 18 0.218511

13 18 0.232691

14 18 0.245952

15 18 0.258243

16 18 0.269514

17 18 0.279722

18 18 0.288826

19 18 0.29679

20 18 0.303582

21 18 0.309177

22 18 0.313551

23 18 0.316688

24 18 0.318576

25 18 0.319205

26 18 0.318576

27 18 0.316688

28 18 0.313551

29 18 0.309177

30 18 0.303582

31 18 0.29679

32 18 0.288826

33 18 0.279722

34 18 0.269514

35 18 0.258243

36 18 0.245952

37 18 0.232691

38 18 0.218511

39 18 0.203469

40 18 0.187624

41 18 0.171039

42 18 0.153778

43 18 0.135911

44 18 0.117507

45 18 0.0986399

46 18 0.0793832

47 18 0.0598131

48 18 0.040007

49 18 0.0200431

50 18 0

0 19 0

1 19 0.0205957

2 19 0.0411102

3 19 0.0614624

4 19 0.081572

5 19 0.10136

6 19 0.120747

7 19 0.139659

8 19 0.158019

9 19 0.175755

10 19 0.192798

11 19 0.20908

12 19 0.224536

13 19 0.239107

14 19 0.252734

15 19 0.265363

16 19 0.276946

17 19 0.287435

18 19 0.29679

19 19 0.304973

20 19 0.311953

21 19 0.317702

22 19 0.322197

23 19 0.325421

24 19 0.32736

25 19 0.328007

26 19 0.32736

27 19 0.325421

28 19 0.322197

29 19 0.317702

30 19 0.311953

31 19 0.304973

32 19 0.29679

33 19 0.287435

34 19 0.276946

35 19 0.265363

36 19 0.252734

37 19 0.239107

38 19 0.224536

39 19 0.20908

40 19 0.192798

41 19 0.175755

42 19 0.158019

43 19 0.139659

44 19 0.120747

45 19 0.10136

46 19 0.081572

47 19 0.0614624

48 19 0.0411102

49 19 0.0205957

50 19 0

0 20 0

1 20 0.0210671

2 20 0.0420511

3 20 0.0628691

4 20 0.083439

5 20 0.10368

6 20 0.123511

7 20 0.142855

8 20 0.161635

9 20 0.179778

10 20 0.19721

11 20 0.213865

12 20 0.229675

13 20 0.244579

14 20 0.258518

15 20 0.271437

16 20 0.283284

17 20 0.294013

18 20 0.303582

19 20 0.311953

20 20 0.319093

21 20 0.324973

22 20 0.329571

23 20 0.332869

24 20 0.334852

25 20 0.335514

26 20 0.334852

27 20 0.332869

28 20 0.329571

29 20 0.324973

30 20 0.319093

31 20 0.311953

32 20 0.303582

33 20 0.294013

34 20 0.283284

35 20 0.271437

36 20 0.258518

37 20 0.244579

38 20 0.229675

39 20 0.213865

40 20 0.19721

41 20 0.179778

42 20 0.161635

43 20 0.142855

44 20 0.123511

45 20 0.10368

46 20 0.083439

47 20 0.0628691

48 20 0.0420511

49 20 0.0210671

50 20 0

0 21 0

1 21 0.0214554

2 21 0.042826

3 21 0.0640277

4 21 0.0849767

5 21 0.10559

6 21 0.125787

7 21 0.145488

8 21 0.164614

9 21 0.183091

10 21 0.200845

11 21 0.217806

12 21 0.233908

13 21 0.249087

14 21 0.263282

15 21 0.276439

16 21 0.288505

17 21 0.299432

18 21 0.309177

19 21 0.317702

20 21 0.324973

21 21 0.330962

22 21 0.335645

23 21 0.339003

24 21 0.341023

25 21 0.341697

26 21 0.341023

27 21 0.339003

28 21 0.335645

29 21 0.330962

30 21 0.324973

31 21 0.317702

32 21 0.309177

33 21 0.299432

34 21 0.288505

35 21 0.276439

36 21 0.263282

37 21 0.249087

38 21 0.233908

39 21 0.217806

40 21 0.200845

41 21 0.183091

42 21 0.164614

43 21 0.145488

44 21 0.125787

45 21 0.10559

46 21 0.0849767

47 21 0.0640277

48 21 0.042826

49 21 0.0214554

50 21 0

0 22 0

1 22 0.0217589

2 22 0.043432

3 22 0.0649336

4 22 0.086179

5 22 0.107084

6 22 0.127567

7 22 0.147546

8 22 0.166943

9 22 0.185681

10 22 0.203686

11 22 0.220888

12 22 0.237217

13 22 0.252611

14 22 0.267007

15 22 0.28035

16 22 0.292587

17 22 0.303668

18 22 0.313551

19 22 0.322197

20 22 0.329571

21 22 0.335645

22 22 0.340394

23 22 0.343799

24 22 0.345848

25 22 0.346532

26 22 0.345848

27 22 0.343799

28 22 0.340394

29 22 0.335645

30 22 0.329571

31 22 0.322197

32 22 0.313551

33 22 0.303668

34 22 0.292587

35 22 0.28035

36 22 0.267007

37 22 0.252611

38 22 0.237217

39 22 0.220888

40 22 0.203686

41 22 0.185681

42 22 0.166943

43 22 0.147546

44 22 0.127567

45 22 0.107084

46 22 0.086179

47 22 0.0649336

48 22 0.043432

49 22 0.0217589

50 22 0

0 23 0

1 23 0.0219766

2 23 0.0438665

3 23 0.0655832

4 23 0.0870412

5 23 0.108156

6 23 0.128843

7 23 0.149022

8 23 0.168613

9 23 0.187539

10 23 0.205724

11 23 0.223098

12 23 0.239591

13 23 0.255138

14 23 0.269679

15 23 0.283155

16 23 0.295514

17 23 0.306706

18 23 0.316688

19 23 0.325421

20 23 0.332869

21 23 0.339003

22 23 0.343799

23 23 0.347239

24 23 0.349308

25 23 0.349999

26 23 0.349308

27 23 0.347239

28 23 0.343799

29 23 0.339003

30 23 0.332869

31 23 0.325421

32 23 0.316688

33 23 0.306706

34 23 0.295514

35 23 0.283155

36 23 0.269679

37 23 0.255138

38 23 0.239591

39 23 0.223098

40 23 0.205724

41 23 0.187539

42 23 0.168613

43 23 0.149022

44 23 0.128843

45 23 0.108156

46 23 0.0870412

47 23 0.0655832

48 23 0.0438665

49 23 0.0219766

50 23 0

0 24 0

1 24 0.0221076

2 24 0.0441279

3 24 0.065974

4 24 0.0875598

5 24 0.1088

6 24 0.129611

7 24 0.14991

8 24 0.169618

9 24 0.188656

10 24 0.20695

11 24 0.224427

12 24 0.241018

13 24 0.256659

14 24 0.271286

15 24 0.284842

16 24 0.297275

17 24 0.308534

18 24 0.318576

19 24 0.32736

20 24 0.334852

21 24 0.341023

22 24 0.345848

23 24 0.349308

24 24 0.35139

25 24 0.352084

26 24 0.35139

27 24 0.349308

28 24 0.345848

29 24 0.341023

30 24 0.334852

31 24 0.32736

32 24 0.318576

33 24 0.308534

34 24 0.297275

35 24 0.284842

36 24 0.271286

37 24 0.256659

38 24 0.241018

39 24 0.224427

40 24 0.20695

41 24 0.188656

42 24 0.169618

43 24 0.14991

44 24 0.129611

45 24 0.1088

46 24 0.0875598

47 24 0.065974

48 24 0.0441279

49 24 0.0221076

50 24 0

0 25 0

1 25 0.0221513

2 25 0.0442151

3 25 0.0661045

4 25 0.087733

5 25 0.109015

6 25 0.129867

7 25 0.150207

8 25 0.169953

9 25 0.189029

10 25 0.207359

11 25 0.224871

12 25 0.241495

13 25 0.257166

14 25 0.271822

15 25 0.285405

16 25 0.297862

17 25 0.309144

18 25 0.319205

19 25 0.328007

20 25 0.335514

21 25 0.341697

22 25 0.346532

23 25 0.349999

24 25 0.352084

25 25 0.352781

26 25 0.352084

27 25 0.349999

28 25 0.346532

29 25 0.341697

30 25 0.335514

31 25 0.328007

32 25 0.319205

33 25 0.309144

34 25 0.297862

35 25 0.285405

36 25 0.271822

37 25 0.257166

38 25 0.241495

39 25 0.224871

40 25 0.207359

41 25 0.189029

42 25 0.169953

43 25 0.150207

44 25 0.129867

45 25 0.109015

46 25 0.087733

47 25 0.0661045

48 25 0.0442151

49 25 0.0221513

50 25 0

0 26 0

1 26 0.0221076

2 26 0.0441279

3 26 0.065974

4 26 0.0875598

5 26 0.1088

6 26 0.129611

7 26 0.14991

8 26 0.169618

9 26 0.188656

10 26 0.20695

11 26 0.224427

12 26 0.241018

13 26 0.256659

14 26 0.271286

15 26 0.284842

16 26 0.297275

17 26 0.308534

18 26 0.318576

19 26 0.32736

20 26 0.334852

21 26 0.341023

22 26 0.345848

23 26 0.349308

24 26 0.35139

25 26 0.352084

26 26 0.35139

27 26 0.349308

28 26 0.345848

29 26 0.341023

30 26 0.334852

31 26 0.32736

32 26 0.318576

33 26 0.308534

34 26 0.297275

35 26 0.284842

36 26 0.271286

37 26 0.256659

38 26 0.241018

39 26 0.224427

40 26 0.20695

41 26 0.188656

42 26 0.169618

43 26 0.14991

44 26 0.129611

45 26 0.1088

46 26 0.0875598

47 26 0.065974

48 26 0.0441279

49 26 0.0221076

50 26 0

0 27 0

1 27 0.0219766

2 27 0.0438665

3 27 0.0655832

4 27 0.0870412

5 27 0.108156

6 27 0.128843

7 27 0.149022

8 27 0.168613

9 27 0.187539

10 27 0.205724

11 27 0.223098

12 27 0.239591

13 27 0.255138

14 27 0.269679

15 27 0.283155

16 27 0.295514

17 27 0.306706

18 27 0.316688

19 27 0.325421

20 27 0.332869

21 27 0.339003

22 27 0.343799

23 27 0.347239

24 27 0.349308

25 27 0.349999

26 27 0.349308

27 27 0.347239

28 27 0.343799

29 27 0.339003

30 27 0.332869

31 27 0.325421

32 27 0.316688

33 27 0.306706

34 27 0.295514

35 27 0.283155

36 27 0.269679

37 27 0.255138

38 27 0.239591

39 27 0.223098

40 27 0.205724

41 27 0.187539

42 27 0.168613

43 27 0.149022

44 27 0.128843

45 27 0.108156

46 27 0.0870412

47 27 0.0655832

48 27 0.0438665

49 27 0.0219766

50 27 0

0 28 0

1 28 0.0217589

2 28 0.043432

3 28 0.0649336

4 28 0.086179

5 28 0.107084

6 28 0.127567

7 28 0.147546

8 28 0.166943

9 28 0.185681

10 28 0.203686

11 28 0.220888

12 28 0.237217

13 28 0.252611

14 28 0.267007

15 28 0.28035

16 28 0.292587

17 28 0.303668

18 28 0.313551

19 28 0.322197

20 28 0.329571

21 28 0.335645

22 28 0.340394

23 28 0.343799

24 28 0.345848

25 28 0.346532

26 28 0.345848

27 28 0.343799

28 28 0.340394

29 28 0.335645

30 28 0.329571

31 28 0.322197

32 28 0.313551

33 28 0.303668

34 28 0.292587

35 28 0.28035

36 28 0.267007

37 28 0.252611

38 28 0.237217

39 28 0.220888

40 28 0.203686

41 28 0.185681

42 28 0.166943

43 28 0.147546

44 28 0.127567

45 28 0.107084

46 28 0.086179

47 28 0.0649336

48 28 0.043432

49 28 0.0217589

50 28 0

0 29 0

1 29 0.0214554

2 29 0.042826

3 29 0.0640277

4 29 0.0849767

5 29 0.10559

6 29 0.125787

7 29 0.145488

8 29 0.164614

9 29 0.183091

10 29 0.200845

11 29 0.217806

12 29 0.233908

13 29 0.249087

14 29 0.263282

15 29 0.276439

16 29 0.288505

17 29 0.299432

18 29 0.309177

19 29 0.317702

20 29 0.324973

21 29 0.330962

22 29 0.335645

23 29 0.339003

24 29 0.341023

25 29 0.341697

26 29 0.341023

27 29 0.339003

28 29 0.335645

29 29 0.330962

30 29 0.324973

31 29 0.317702

32 29 0.309177

33 29 0.299432

34 29 0.288505

35 29 0.276439

36 29 0.263282

37 29 0.249087

38 29 0.233908

39 29 0.217806

40 29 0.200845

41 29 0.183091

42 29 0.164614

43 29 0.145488

44 29 0.125787

45 29 0.10559

46 29 0.0849767

47 29 0.0640277

48 29 0.042826

49 29 0.0214554

50 29 0

0 30 0

1 30 0.0210671

2 30 0.0420511

3 30 0.0628691

4 30 0.083439

5 30 0.10368

6 30 0.123511

7 30 0.142855

8 30 0.161635

9 30 0.179778

10 30 0.19721

11 30 0.213865

12 30 0.229675

13 30 0.244579

14 30 0.258518

15 30 0.271437

16 30 0.283284

17 30 0.294013

18 30 0.303582

19 30 0.311953

20 30 0.319093

21 30 0.324973

22 30 0.329571

23 30 0.332869

24 30 0.334852

25 30 0.335514

26 30 0.334852

27 30 0.332869

28 30 0.329571

29 30 0.324973

30 30 0.319093

31 30 0.311953

32 30 0.303582

33 30 0.294013

34 30 0.283284

35 30 0.271437

36 30 0.258518

37 30 0.244579

38 30 0.229675

39 30 0.213865

40 30 0.19721

41 30 0.179778

42 30 0.161635

43 30 0.142855

44 30 0.123511

45 30 0.10368

46 30 0.083439

47 30 0.0628691

48 30 0.0420511

49 30 0.0210671

50 30 0

0 31 0

1 31 0.0205957

2 31 0.0411102

3 31 0.0614624

4 31 0.081572

5 31 0.10136

6 31 0.120747

7 31 0.139659

8 31 0.158019

9 31 0.175755

10 31 0.192798

11 31 0.20908

12 31 0.224536

13 31 0.239107

14 31 0.252734

15 31 0.265363

16 31 0.276946

17 31 0.287435

18 31 0.29679

19 31 0.304973

20 31 0.311953

21 31 0.317702

22 31 0.322197

23 31 0.325421

24 31 0.32736

25 31 0.328007

26 31 0.32736

27 31 0.325421

28 31 0.322197

29 31 0.317702

30 31 0.311953

31 31 0.304973

32 31 0.29679

33 31 0.287435

34 31 0.276946

35 31 0.265363

36 31 0.252734

37 31 0.239107

38 31 0.224536

39 31 0.20908

40 31 0.192798

41 31 0.175755

42 31 0.158019

43 31 0.139659

44 31 0.120747

45 31 0.10136

46 31 0.081572

47 31 0.0614624

48 31 0.0411102

49 31 0.0205957

50 31 0

0 32 0

1 32 0.0200431

2 32 0.040007

3 32 0.0598131

4 32 0.0793832

5 32 0.0986399

6 32 0.117507

7 32 0.135911

8 32 0.153778

9 32 0.171039

10 32 0.187624

11 32 0.203469

12 32 0.218511

13 32 0.232691

14 32 0.245952

15 32 0.258243

16 32 0.269514

17 32 0.279722

18 32 0.288826

19 32 0.29679

20 32 0.303582

21 32 0.309177

22 32 0.313551

23 32 0.316688

24 32 0.318576

25 32 0.319205

26 32 0.318576

27 32 0.316688

28 32 0.313551

29 32 0.309177

30 32 0.303582

31 32 0.29679

32 32 0.288826

33 32 0.279722

34 32 0.269514

35 32 0.258243

36 32 0.245952

37 32 0.232691

38 32 0.218511

39 32 0.203469

40 32 0.187624

41 32 0.171039

42 32 0.153778

43 32 0.135911

44 32 0.117507

45 32 0.0986399

46 32 0.0793832

47 32 0.0598131

48 32 0.040007

49 32 0.0200431

50 32 0

0 33 0

1 33 0.0194113

2 33 0.038746

3 33 0.0579278

4 33 0.076881

5 33 0.0955307

6 33 0.113803

7 33 0.131627

8 33 0.148931

9 33 0.165648

10 33 0.18171

11 33 0.197056

12 33 0.211624

13 33 0.225356

14 33 0.2382

15 33 0.250103

16 33 0.261019

17 33 0.270905

18 33 0.279722

19 33 0.287435

20 33 0.294013

21 33 0.299432

22 33 0.303668

23 33 0.306706

24 33 0.308534

25 33 0.309144

26 33 0.308534

27 33 0.306706

28 33 0.303668

29 33 0.299432

30 33 0.294013

31 33 0.287435

32 33 0.279722

33 33 0.270905

34 33 0.261019

35 33 0.250103

36 33 0.2382

37 33 0.225356

38 33 0.211624

39 33 0.197056

40 33 0.18171

41 33 0.165648

42 33 0.148931

43 33 0.131627

44 33 0.113803

45 33 0.0955307

46 33 0.076881

47 33 0.0579278

48 33 0.038746

49 33 0.0194113

50 33 0

0 34 0

1 34 0.0187029

2 34 0.0373321

3 34 0.0558139

4 34 0.0740754

5 34 0.0920446

6 34 0.10965

7 34 0.126824

8 34 0.143496

9 34 0.159603

10 34 0.175079

11 34 0.189865

12 34 0.203901

13 34 0.217132

14 34 0.229507

15 34 0.240976

16 34 0.251494

17 34 0.261019

18 34 0.269514

19 34 0.276946

20 34 0.283284

21 34 0.288505

22 34 0.292587

23 34 0.295514

24 34 0.297275

25 34 0.297862

26 34 0.297275

27 34 0.295514

28 34 0.292587

29 34 0.288505

30 34 0.283284

31 34 0.276946

32 34 0.269514

33 34 0.261019

34 34 0.251494

35 34 0.240976

36 34 0.229507

37 34 0.217132

38 34 0.203901

39 34 0.189865

40 34 0.175079

41 34 0.159603

42 34 0.143496

43 34 0.126824

44 34 0.10965

45 34 0.0920446

46 34 0.0740754

47 34 0.0558139

48 34 0.0373321

49 34 0.0187029

50 34 0

0 35 0

1 35 0.0179208

2 35 0.0357708

3 35 0.0534797

4 35 0.0709775

5 35 0.0881951

6 35 0.105065

7 35 0.12152

8 35 0.137495

9 35 0.152928

10 35 0.167757

11 35 0.181924

12 35 0.195373

13 35 0.208052

14 35 0.219909

15 35 0.230898

16 35 0.240976

17 35 0.250103

18 35 0.258243

19 35 0.265363

20 35 0.271437

21 35 0.276439

22 35 0.28035

23 35 0.283155

24 35 0.284842

25 35 0.285405

26 35 0.284842

27 35 0.283155

28 35 0.28035

29 35 0.276439

30 35 0.271437

31 35 0.265363

32 35 0.258243

33 35 0.250103

34 35 0.240976

35 35 0.230898

36 35 0.219909

37 35 0.208052

38 35 0.195373

39 35 0.181924

40 35 0.167757

41 35 0.152928

42 35 0.137495

43 35 0.12152

44 35 0.105065

45 35 0.0881951

46 35 0.0709775

47 35 0.0534797

48 35 0.0357708

49 35 0.0179208

50 35 0

0 36 0

1 36 0.0170679

2 36 0.0340683

3 36 0.0509344

4 36 0.0675994

5 36 0.0839976

6 36 0.100064

7 36 0.115736

8 36 0.130951

9 36 0.14565

10 36 0.159773

11 36 0.173266

12 36 0.186075

13 36 0.19815

14 36 0.209443

15 36 0.219909

16 36 0.229507

17 36 0.2382

18 36 0.245952

19 36 0.252734

20 36 0.258518

21 36 0.263282

22 36 0.267007

23 36 0.269679

24 36 0.271286

25 36 0.271822

26 36 0.271286

27 36 0.269679

28 36 0.267007

29 36 0.263282

30 36 0.258518

31 36 0.252734

32 36 0.245952

33 36 0.2382

34 36 0.229507

35 36 0.219909

36 36 0.209443

37 36 0.19815

38 36 0.186075

39 36 0.173266

40 36 0.159773

41 36 0.14565

42 36 0.130951

43 36 0.115736

44 36 0.100064

45 36 0.0839976

46 36 0.0675994

47 36 0.0509344

48 36 0.0340683

49 36 0.0170679

50 36 0

0 37 0

1 37 0.0161476

2 37 0.0322314

3 37 0.0481881

4 37 0.0639546

5 37 0.0794687

6 37 0.0946691

7 37 0.109496

8 37 0.123891

9 37 0.137796

10 37 0.151158

11 37 0.163924

12 37 0.176042

13 37 0.187466

14 37 0.19815

15 37 0.208052

16 37 0.217132

17 37 0.225356

18 37 0.232691

19 37 0.239107

20 37 0.244579

21 37 0.249087

22 37 0.252611

23 37 0.255138

24 37 0.256659

25 37 0.257166

26 37 0.256659

27 37 0.255138

28 37 0.252611

29 37 0.249087

30 37 0.244579

31 37 0.239107

32 37 0.232691

33 37 0.225356

34 37 0.217132

35 37 0.208052

36 37 0.19815

37 37 0.187466

38 37 0.176042

39 37 0.163924

40 37 0.151158

41 37 0.137796

42 37 0.123891

43 37 0.109496

44 37 0.0946691

45 37 0.0794687

46 37 0.0639546

47 37 0.0481881

48 37 0.0322314

49 37 0.0161476

50 37 0

0 38 0

1 38 0.0151636

2 38 0.0302673

3 38 0.0452516

4 38 0.0600573

5 38 0.074626

6 38 0.0889002

7 38 0.102824

8 38 0.116341

9 38 0.129399

10 38 0.141947

11 38 0.153935

12 38 0.165315

13 38 0.176042

14 38 0.186075

15 38 0.195373

16 38 0.203901

17 38 0.211624

18 38 0.218511

19 38 0.224536

20 38 0.229675

21 38 0.233908

22 38 0.237217

23 38 0.239591

24 38 0.241018

25 38 0.241495

26 38 0.241018

27 38 0.239591

28 38 0.237217

29 38 0.233908

30 38 0.229675

31 38 0.224536

32 38 0.218511

33 38 0.211624

34 38 0.203901

35 38 0.195373

36 38 0.186075

37 38 0.176042

38 38 0.165315

39 38 0.153935

40 38 0.141947

41 38 0.129399

42 38 0.116341

43 38 0.102824

44 38 0.0889002

45 38 0.074626

46 38 0.0600573

47 38 0.0452516

48 38 0.0302673

49 38 0.0151636

50 38 0

0 39 0

1 39 0.0141198

2 39 0.0281838

3 39 0.0421366

4 39 0.0559231

5 39 0.0694889

6 39 0.0827805

7 39 0.0957453

8 39 0.108332

9 39 0.120492

10 39 0.132176

11 39 0.143338

12 39 0.153935

13 39 0.163924

14 39 0.173266

15 39 0.181924

16 39 0.189865

17 39 0.197056

18 39 0.203469

19 39 0.20908

20 39 0.213865

21 39 0.217806

22 39 0.220888

23 39 0.223098

24 39 0.224427

25 39 0.224871

26 39 0.224427

27 39 0.223098

28 39 0.220888

29 39 0.217806

30 39 0.213865

31 39 0.20908

32 39 0.203469

33 39 0.197056

34 39 0.189865

35 39 0.181924

36 39 0.173266

37 39 0.163924

38 39 0.153935

39 39 0.143338

40 39 0.132176

41 39 0.120492

42 39 0.108332

43 39 0.0957453

44 39 0.0827805

45 39 0.0694889

46 39 0.0559231

47 39 0.0421366

48 39 0.0281838

49 39 0.0141198

50 39 0

0 40 0

1 40 0.0130202

2 40 0.025989

3 40 0.0388552

4 40 0.0515681

5 40 0.0640775

6 40 0.076334

7 40 0.0882893

8 40 0.0998961

9 40 0.111109

10 40 0.121883

11 40 0.132176

12 40 0.141947

13 40 0.151158

14 40 0.159773

15 40 0.167757

16 40 0.175079

17 40 0.18171

18 40 0.187624

19 40 0.192798

20 40 0.19721

21 40 0.200845

22 40 0.203686

23 40 0.205724

24 40 0.20695

25 40 0.207359

26 40 0.20695

27 40 0.205724

28 40 0.203686

29 40 0.200845

30 40 0.19721

31 40 0.192798

32 40 0.187624

33 40 0.18171

34 40 0.175079

35 40 0.167757

36 40 0.159773

37 40 0.151158

38 40 0.141947

39 40 0.132176

40 40 0.121883

41 40 0.111109

42 40 0.0998961

43 40 0.0882893

44 40 0.076334

45 40 0.0640775

46 40 0.0515681

47 40 0.0388552

48 40 0.025989

49 40 0.0130202

50 40 0

0 41 0

1 41 0.0118692

2 41 0.0236917

3 41 0.0354206

4 41 0.0470097

5 41 0.0584133

6 41 0.0695863

7 41 0.0804848

8 41 0.0910656

9 41 0.101287

10 41 0.111109

11 41 0.120492

12 41 0.129399

13 41 0.137796

14 41 0.14565

15 41 0.152928

16 41 0.159603

17 41 0.165648

18 41 0.171039

19 41 0.175755

20 41 0.179778

21 41 0.183091

22 41 0.185681

23 41 0.187539

24 41 0.188656

25 41 0.189029

26 41 0.188656

27 41 0.187539

28 41 0.185681

29 41 0.183091

30 41 0.179778

31 41 0.175755

32 41 0.171039

33 41 0.165648

34 41 0.159603

35 41 0.152928

36 41 0.14565

37 41 0.137796

38 41 0.129399

39 41 0.120492

40 41 0.111109

41 41 0.101287

42 41 0.0910656

43 41 0.0804848

44 41 0.0695863

45 41 0.0584133

46 41 0.0470097

47 41 0.0354206

48 41 0.0236917

49 41 0.0118692

50 41 0

0 42 0

1 42 0.0106715

2 42 0.0213008

3 42 0.0318461

4 42 0.0422657

5 42 0.0525185

6 42 0.062564

7 42 0.0723626

8 42 0.0818756

9 42 0.0910656

10 42 0.0998961

11 42 0.108332

12 42 0.116341

13 42 0.123891

14 42 0.130951

15 42 0.137495

16 42 0.143496

17 42 0.148931

18 42 0.153778

19 42 0.158019

20 42 0.161635

21 42 0.164614

22 42 0.166943

23 42 0.168613

24 42 0.169618

25 42 0.169953

26 42 0.169618

27 42 0.168613

28 42 0.166943

29 42 0.164614

30 42 0.161635

31 42 0.158019

32 42 0.153778

33 42 0.148931

34 42 0.143496

35 42 0.137495

36 42 0.130951

37 42 0.123891

38 42 0.116341

39 42 0.108332

40 42 0.0998961

41 42 0.0910656

42 42 0.0818756

43 42 0.0723626

44 42 0.062564

45 42 0.0525185

46 42 0.0422657

47 42 0.0318461

48 42 0.0213008

49 42 0.0106715

50 42 0

0 43 0

1 43 0.00943155

2 43 0.0188259

3 43 0.0281459

4 43 0.0373549

5 43 0.0464164

6 43 0.0552948

7 43 0.0639549

8 43 0.0723626

9 43 0.0804848

10 43 0.0882893

11 43 0.0957453

12 43 0.102824

13 43 0.109496

14 43 0.115736

15 43 0.12152

16 43 0.126824

17 43 0.131627

18 43 0.135911

19 43 0.139659

20 43 0.142855

21 43 0.145488

22 43 0.147546

23 43 0.149022

24 43 0.14991

25 43 0.150207

26 43 0.14991

27 43 0.149022

28 43 0.147546

29 43 0.145488

30 43 0.142855

31 43 0.139659

32 43 0.135911

33 43 0.131627

34 43 0.126824

35 43 0.12152

36 43 0.115736

37 43 0.109496

38 43 0.102824

39 43 0.0957453

40 43 0.0882893

41 43 0.0804848

42 43 0.0723626

43 43 0.0639549

44 43 0.0552948

45 43 0.0464164

46 43 0.0373549

47 43 0.0281459

48 43 0.0188259

49 43 0.00943155

50 43 0

0 44 0

1 44 0.00815443

2 44 0.0162767

3 44 0.0243347

4 44 0.0322967

5 44 0.0401312

6 44 0.0478073

7 44 0.0552948

8 44 0.062564

9 44 0.0695863

10 44 0.076334

11 44 0.0827805

12 44 0.0889002

13 44 0.0946691

14 44 0.100064

15 44 0.105065

16 44 0.10965

17 44 0.113803

18 44 0.117507

19 44 0.120747

20 44 0.123511

21 44 0.125787

22 44 0.127567

23 44 0.128843

24 44 0.129611

25 44 0.129867

26 44 0.129611

27 44 0.128843

28 44 0.127567

29 44 0.125787

30 44 0.123511

31 44 0.120747

32 44 0.117507

33 44 0.113803

34 44 0.10965

35 44 0.105065

36 44 0.100064

37 44 0.0946691

38 44 0.0889002

39 44 0.0827805

40 44 0.076334

41 44 0.0695863

42 44 0.062564

43 44 0.0552948

44 44 0.0478073

45 44 0.0401312

46 44 0.0322967

47 44 0.0243347

48 44 0.0162767

49 44 0.00815443

50 44 0

0 45 0

1 45 0.00684512

2 45 0.0136632

3 45 0.0204274

4 45 0.027111

5 45 0.0336875

6 45 0.0401312

7 45 0.0464164

8 45 0.0525185

9 45 0.0584133

10 45 0.0640775

11 45 0.0694889

12 45 0.074626

13 45 0.0794687

14 45 0.0839976

15 45 0.0881951

16 45 0.0920446

17 45 0.0955307

18 45 0.0986399

19 45 0.10136

20 45 0.10368

21 45 0.10559

22 45 0.107084

23 45 0.108156

24 45 0.1088

25 45 0.109015

26 45 0.1088

27 45 0.108156

28 45 0.107084

29 45 0.10559

30 45 0.10368

31 45 0.10136

32 45 0.0986399

33 45 0.0955307

34 45 0.0920446

35 45 0.0881951

36 45 0.0839976

37 45 0.0794687

38 45 0.074626

39 45 0.0694889

40 45 0.0640775

41 45 0.0584133

42 45 0.0525185

43 45 0.0464164

44 45 0.0401312

45 45 0.0336875

46 45 0.027111

47 45 0.0204274

48 45 0.0136632

49 45 0.00684512

50 45 0

0 46 0

1 46 0.0055088

2 46 0.0109959

3 46 0.0164395

4 46 0.0218183

5 46 0.027111

6 46 0.0322967

7 46 0.0373549

8 46 0.0422657

9 46 0.0470097

10 46 0.0515681

11 46 0.0559231

12 46 0.0600573

13 46 0.0639546

14 46 0.0675994

15 46 0.0709775

16 46 0.0740754

17 46 0.076881

18 46 0.0793832

19 46 0.081572

20 46 0.083439

21 46 0.0849767

22 46 0.086179

23 46 0.0870412

24 46 0.0875598

25 46 0.087733

26 46 0.0875598

27 46 0.0870412

28 46 0.086179

29 46 0.0849767

30 46 0.083439

31 46 0.081572

32 46 0.0793832

33 46 0.076881

34 46 0.0740754

35 46 0.0709775

36 46 0.0675994

37 46 0.0639546

38 46 0.0600573

39 46 0.0559231

40 46 0.0515681

41 46 0.0470097

42 46 0.0422657

43 46 0.0373549

44 46 0.0322967

45 46 0.027111

46 46 0.0218183

47 46 0.0164395

48 46 0.0109959

49 46 0.0055088

50 46 0

0 47 0

1 47 0.00415074

2 47 0.00828509

3 47 0.0123867

4 47 0.0164395

5 47 0.0204274

6 47 0.0243347

7 47 0.0281459

8 47 0.0318461

9 47 0.0354206

10 47 0.0388552

11 47 0.0421366

12 47 0.0452516

13 47 0.0481881

14 47 0.0509344

15 47 0.0534797

16 47 0.0558139

17 47 0.0579278

18 47 0.0598131

19 47 0.0614624

20 47 0.0628691

21 47 0.0640277

22 47 0.0649336

23 47 0.0655832

24 47 0.065974

25 47 0.0661045

26 47 0.065974

27 47 0.0655832

28 47 0.0649336

29 47 0.0640277

30 47 0.0628691

31 47 0.0614624

32 47 0.0598131

33 47 0.0579278

34 47 0.0558139

35 47 0.0534797

36 47 0.0509344

37 47 0.0481881

38 47 0.0452516

39 47 0.0421366

40 47 0.0388552

41 47 0.0354206

42 47 0.0318461

43 47 0.0281459

44 47 0.0243347

45 47 0.0204274

46 47 0.0164395

47 47 0.0123867

48 47 0.00828509

49 47 0.00415074

50 47 0

0 48 0

1 48 0.00277629

2 48 0.00554163

3 48 0.00828509

4 48 0.0109959

5 48 0.0136632

6 48 0.0162767

7 48 0.0188259

8 48 0.0213008

9 48 0.0236917

10 48 0.025989

11 48 0.0281838

12 48 0.0302673

13 48 0.0322314

14 48 0.0340683

15 48 0.0357708

16 48 0.0373321

17 48 0.038746

18 48 0.040007

19 48 0.0411102

20 48 0.0420511

21 48 0.042826

22 48 0.043432

23 48 0.0438665

24 48 0.0441279

25 48 0.0442151

26 48 0.0441279

27 48 0.0438665

28 48 0.043432

29 48 0.042826

30 48 0.0420511

31 48 0.0411102

32 48 0.040007

33 48 0.038746

34 48 0.0373321

35 48 0.0357708

36 48 0.0340683

37 48 0.0322314

38 48 0.0302673

39 48 0.0281838

40 48 0.025989

41 48 0.0236917

42 48 0.0213008

43 48 0.0188259

44 48 0.0162767

45 48 0.0136632

46 48 0.0109959

47 48 0.00828509

48 48 0.00554163

49 48 0.00277629

50 48 0

0 49 0

1 49 0.00139089

2 49 0.00277629

3 49 0.00415074

4 49 0.0055088

5 49 0.00684512

6 49 0.00815443

7 49 0.00943155

8 49 0.0106715

9 49 0.0118692

10 49 0.0130202

11 49 0.0141198

12 49 0.0151636

13 49 0.0161476

14 49 0.0170679

15 49 0.0179208

16 49 0.0187029

17 49 0.0194113

18 49 0.0200431

19 49 0.0205957

20 49 0.0210671

21 49 0.0214554

22 49 0.0217589

23 49 0.0219766

24 49 0.0221076

25 49 0.0221513

26 49 0.0221076

27 49 0.0219766

28 49 0.0217589

29 49 0.0214554

30 49 0.0210671

31 49 0.0205957

32 49 0.0200431

33 49 0.0194113

34 49 0.0187029

35 49 0.0179208

36 49 0.0170679

37 49 0.0161476

38 49 0.0151636

39 49 0.0141198

40 49 0.0130202

41 49 0.0118692

42 49 0.0106715

43 49 0.00943155

44 49 0.00815443

45 49 0.00684512

46 49 0.0055088

47 49 0.00415074

48 49 0.00277629

49 49 0.00139089

50 49 0

