0 1 0

1 1 0.00115086

2 1 0.00229717

3 1 0.00343442

4 1 0.00455811

5 1 0.00566382

6 1 0.00674717

7 1 0.00780389

8 1 0.00882982

9 1 0.0098209

10 1 0.0107732

11 1 0.011683

12 1 0.0125467

13 1 0.0133609

14 1 0.0141223

15 1 0.0148281

16 1 0.0154753

17 1 0.0160614

18 1 0.0165841

19 1 0.0170414

20 1 0.0174314

21 1 0.0177527

22 1 0.0180038

23 1 0.018184

24 1 0.0182923

25 1 0.0183285

26 1 0.0182923

27 1 0.018184

28 1 0.0180038

29 1 0.0177527

30 1 0.0174314

31 1 0.0170414

32 1 0.0165841

33 1 0.0160614

34 1 0.0154753

35 1 0.0148281

36 1 0.0141223

37 1 0.0133609

38 1 0.0125467

39 1 0.011683

40 1 0.0107732

41 1 0.0098209

42 1 0.00882982

43 1 0.00780389

44 1 0.00674717

45 1 0.00566382

46 1 0.00455811

47 1 0.00343442

48 1 0.00229717

49 1 0.00115086

50 1 0

0 2 0

1 2 0.00229717

2 2 0.00458527

3 2 0.00685528

4 2 0.00909823

5 2 0.0113053

6 2 0.0134677

7 2 0.015577

8 2 0.0176248

9 2 0.019603

10 2 0.0215039

11 2 0.0233199

12 2 0.0250439

13 2 0.0266691

14 2 0.028189

15 2 0.0295976

16 2 0.0308895

17 2 0.0320594

18 2 0.0331028

19 2 0.0340156

20 2 0.0347941

21 2 0.0354353

22 2 0.0359366

23 2 0.0362962

24 2 0.0365125

25 2 0.0365847

26 2 0.0365125

27 2 0.0362962

28 2 0.0359366

29 2 0.0354353

30 2 0.0347941

31 2 0.0340156

32 2 0.0331028

33 2 0.0320594

34 2 0.0308895

35 2 0.0295976

36 2 0.028189

37 2 0.0266691

38 2 0.0250439

39 2 0.0233199

40 2 0.0215039

41 2 0.019603

42 2 0.0176248

43 2 0.015577

44 2 0.0134677

45 2 0.0113053

46 2 0.00909823

47 2 0.00685528

48 2 0.00458527

49 2 0.00229717

50 2 0

0 3 0

1 3 0.00343442

2 3 0.00685528

3 3 0.0102491

4 3 0.0136025

5 3 0.0169021

6 3 0.0201351

7 3 0.0232886

8 3 0.0263502

9 3 0.0293078

10 3 0.0321498

11 3 0.0348648

12 3 0.0374423

13 3 0.039872

14 3 0.0421443

15 3 0.0442503

16 3 0.0461817

17 3 0.0479309

18 3 0.0494908

19 3 0.0508555

20 3 0.0520194

21 3 0.0529781

22 3 0.0537276

23 3 0.0542651

24 3 0.0545885

25 3 0.0546964

26 3 0.0545885

27 3 0.0542651

28 3 0.0537276

29 3 0.0529781

30 3 0.0520194

31 3 0.0508555

32 3 0.0494908

33 3 0.0479309

34 3 0.0461817

35 3 0.0442503

36 3 0.0421443

37 3 0.039872

38 3 0.0374423

39 3 0.0348648

40 3 0.0321498

41 3 0.0293078

42 3 0.0263502

43 3 0.0232886

44 3 0.0201351

45 3 0.0169021

46 3 0.0136025

47 3 0.0102491

48 3 0.00685528

49 3 0.00343442

50 3 0

0 4 0

1 4 0.00455811

2 4 0.00909823

3 4 0.0136025

4 4 0.018053

5 4 0.0224323

6 4 0.026723

7 4 0.0309083

8 4 0.0349716

9 4 0.0388969

10 4 0.0426687

11 4 0.0462721

12 4 0.0496929

13 4 0.0529176

14 4 0.0559334

15 4 0.0587285

16 4 0.0612918

17 4 0.0636132

18 4 0.0656835

19 4 0.0674947

20 4 0.0690394

21 4 0.0703117

22 4 0.0713065

23 4 0.0720199

24 4 0.0724491

25 4 0.0725924

26 4 0.0724491

27 4 0.0720199

28 4 0.0713065

29 4 0.0703117

30 4 0.0690394

31 4 0.0674947

32 4 0.0656835

33 4 0.0636132

34 4 0.0612918

35 4 0.0587285

36 4 0.0559334

37 4 0.0529176

38 4 0.0496929

39 4 0.0462721

40 4 0.0426687

41 4 0.0388969

42 4 0.0349716

43 4 0.0309083

44 4 0.026723

45 4 0.0224323

46 4 0.018053

47 4 0.0136025

48 4 0.00909823

49 4 0.00455811

50 4 0

0 5 0

1 5 0.00566382

2 5 0.0113053

3 5 0.0169021

4 5 0.0224323

5 5 0.0278739

6 5 0.0332055

7 5 0.0384061

8 5 0.043455

9 5 0.0483325

10 5 0.0530193

11 5 0.0574968

12 5 0.0617474

13 5 0.0657543

14 5 0.0695017

15 5 0.0729748

16 5 0.0761599

17 5 0.0790444

18 5 0.081617

19 5 0.0838675

20 5 0.085787

21 5 0.0873679

22 5 0.0886041

23 5 0.0894905

24 5 0.0900238

25 5 0.0902018

26 5 0.0900238

27 5 0.0894905

28 5 0.0886041

29 5 0.0873679

30 5 0.085787

31 5 0.0838675

32 5 0.081617

33 5 0.0790444

34 5 0.0761599

35 5 0.0729748

36 5 0.0695017

37 5 0.0657543

38 5 0.0617474

39 5 0.0574968

40 5 0.0530193

41 5 0.0483325

42 5 0.043455

43 5 0.0384061

44 5 0.0332055

45 5 0.0278739

46 5 0.0224323

47 5 0.0169021

48 5 0.0113053

49 5 0.00566382

50 5 0

0 6 0

1 6 0.00674717

2 6 0.0134677

3 6 0.0201351

4 6 0.026723

5 6 0.0332055

6 6 0.0395569

7 6 0.0457522

8 6 0.051767

9 6 0.0575774

10 6 0.0631606

11 6 0.0684945

12 6 0.0735582

13 6 0.0783315

14 6 0.0827957

15 6 0.0869331

16 6 0.0907275

17 6 0.0941637

18 6 0.0972284

19 6 0.0999093

20 6 0.102196

21 6 0.104079

22 6 0.105552

23 6 0.106608

24 6 0.107243

25 6 0.107455

26 6 0.107243

27 6 0.106608

28 6 0.105552

29 6 0.104079

30 6 0.102196

31 6 0.0999093

32 6 0.0972284

33 6 0.0941637

34 6 0.0907275

35 6 0.0869331

36 6 0.0827957

37 6 0.0783315

38 6 0.0735582

39 6 0.0684945

40 6 0.0631606

41 6 0.0575774

42 6 0.051767

43 6 0.0457522

44 6 0.0395569

45 6 0.0332055

46 6 0.026723

47 6 0.0201351

48 6 0.0134677

49 6 0.00674717

50 6 0

0 7 0

1 7 0.00780389

2 7 0.015577

3 7 0.0232886

4 7 0.0309083

5 7 0.0384061

6 7 0.0457522

7 7 0.0529178

8 7 0.0598746

9 7 0.066595

10 7 0.0730527

11 7 0.079222

12 7 0.0850787

13 7 0.0905996

14 7 0.0957629

15 7 0.100548

16 7 0.104937

17 7 0.108911

18 7 0.112456

19 7 0.115557

20 7 0.118202

21 7 0.12038

22 7 0.122083

23 7 0.123305

24 7 0.124039

25 7 0.124285

26 7 0.124039

27 7 0.123305

28 7 0.122083

29 7 0.12038

30 7 0.118202

31 7 0.115557

32 7 0.112456

33 7 0.108911

34 7 0.104937

35 7 0.100548

36 7 0.0957629

37 7 0.0905996

38 7 0.0850787

39 7 0.079222

40 7 0.0730527

41 7 0.066595

42 7 0.0598746

43 7 0.0529178

44 7 0.0457522

45 7 0.0384061

46 7 0.0309083

47 7 0.0232886

48 7 0.015577

49 7 0.00780389

50 7 0

0 8 0

1 8 0.00882982

2 8 0.0176248

3 8 0.0263502

4 8 0.0349716

5 8 0.043455

6 8 0.051767

7 8 0.0598746

8 8 0.0677459

9 8 0.0753498

10 8 0.0826564

11 8 0.0896368

12 8 0.0962634

13 8 0.10251

14 8 0.108352

15 8 0.113767

16 8 0.118732

17 8 0.123229

18 8 0.12724

19 8 0.130748

20 8 0.133741

21 8 0.136206

22 8 0.138133

23 8 0.139515

24 8 0.140346

25 8 0.140623

26 8 0.140346

27 8 0.139515

28 8 0.138133

29 8 0.136206

30 8 0.133741

31 8 0.130748

32 8 0.12724

33 8 0.123229

34 8 0.118732

35 8 0.113767

36 8 0.108352

37 8 0.10251

38 8 0.0962634

39 8 0.0896368

40 8 0.0826564

41 8 0.0753498

42 8 0.0677459

43 8 0.0598746

44 8 0.051767

45 8 0.043455

46 8 0.0349716

47 8 0.0263502

48 8 0.0176248

49 8 0.00882982

50 8 0

0 9 0

1 9 0.0098209

2 9 0.019603

3 9 0.0293078

4 9 0.0388969

5 9 0.0483325

6 9 0.0575774

7 9 0.066595

8 9 0.0753498

9 9 0.0838073

10 9 0.0919339

11 9 0.0996978

12 9 0.107068

13 9 0.114016

14 9 0.120514

15 9 0.126536

16 9 0.132059

17 9 0.137061

18 9 0.141522

19 9 0.145424

20 9 0.148752

21 9 0.151494

22 9 0.153637

23 9 0.155174

24 9 0.156099

25 9 0.156407

26 9 0.156099

27 9 0.155174

28 9 0.153637

29 9 0.151494

30 9 0.148752

31 9 0.145424

32 9 0.141522

33 9 0.137061

34 9 0.132059

35 9 0.126536

36 9 0.120514

37 9 0.114016

38 9 0.107068

39 9 0.0996978

40 9 0.0919339

41 9 0.0838073

42 9 0.0753498

43 9 0.066595

44 9 0.0575774

45 9 0.0483325

46 9 0.0388969

47 9 0.0293078

48 9 0.019603

49 9 0.0098209

50 9 0

0 10 0

1 10 0.0107732

2 10 0.0215039

3 10 0.0321498

4 10 0.0426687

5 10 0.0530193

6 10 0.0631606

7 10 0.0730527

8 10 0.0826564

9 10 0.0919339

10 10 0.100849

11 10 0.109365

12 10 0.11745

13 10 0.125072

14 10 0.1322

15 10 0.138806

16 10 0.144865

17 10 0.150351

18 10 0.155245

19 10 0.159525

20 10 0.163177

21 10 0.166184

22 10 0.168535

23 10 0.170221

24 10 0.171235

25 10 0.171574

26 10 0.171235

27 10 0.170221

28 10 0.168535

29 10 0.166184

30 10 0.163177

31 10 0.159525

32 10 0.155245

33 10 0.150351

34 10 0.144865

35 10 0.138806

36 10 0.1322

37 10 0.125072

38 10 0.11745

39 10 0.109365

40 10 0.100849

41 10 0.0919339

42 10 0.0826564

43 10 0.0730527

44 10 0.0631606

45 10 0.0530193

46 10 0.0426687

47 10 0.0321498

48 10 0.0215039

49 10 0.0107732

50 10 0

0 11 0

1 11 0.011683

2 11 0.0233199

3 11 0.0348648

4 11 0.0462721

5 11 0.0574968

6 11 0.0684945

7 11 0.079222

8 11 0.0896368

9 11 0.0996978

10 11 0.109365

11 11 0.118601

12 11 0.127369

13 11 0.135634

14 11 0.143364

15 11 0.150529

16 11 0.157099

17 11 0.163049

18 11 0.168355

19 11 0.172997

20 11 0.176957

21 11 0.180218

22 11 0.182768

23 11 0.184596

24 11 0.185696

25 11 0.186063

26 11 0.185696

27 11 0.184596

28 11 0.182768

29 11 0.180218

30 11 0.176957

31 11 0.172997

32 11 0.168355

33 11 0.163049

34 11 0.157099

35 11 0.150529

36 11 0.143364

37 11 0.135634

38 11 0.127369

39 11 0.118601

40 11 0.109365

41 11 0.0996978

42 11 0.0896368

43 11 0.079222

44 11 0.0684945

45 11 0.0574968

46 11 0.0462721

47 11 0.0348648

48 11 0.0233199

49 11 0.011683

50 11 0

0 12 0

1 12 0.0125467

2 12 0.0250439

3 12 0.0374423

4 12 0.0496929

5 12 0.0617474

6 12 0.0735582

7 12 0.0850787

8 12 0.0962634

9 12 0.107068

10 12 0.11745

11 12 0.127369

12 12 0.136785

13 12 0.145662

14 12 0.153963

15 12 0.161657

16 12 0.168713

17 12 0.175102

18 12 0.180801

19 12 0.185787

20 12 0.190039

21 12 0.193541

22 12 0.196279

23 12 0.198243

24 12 0.199424

25 12 0.199819

26 12 0.199424

27 12 0.198243

28 12 0.196279

29 12 0.193541

30 12 0.190039

31 12 0.185787

32 12 0.180801

33 12 0.175102

34 12 0.168713

35 12 0.161657

36 12 0.153963

37 12 0.145662

38 12 0.136785

39 12 0.127369

40 12 0.11745

41 12 0.107068

42 12 0.0962634

43 12 0.0850787

44 12 0.0735582

45 12 0.0617474

46 12 0.0496929

47 12 0.0374423

48 12 0.0250439

49 12 0.0125467

50 12 0

0 13 0

1 13 0.0133609

2 13 0.0266691

3 13 0.039872

4 13 0.0529176

5 13 0.0657543

6 13 0.0783315

7 13 0.0905996

8 13 0.10251

9 13 0.114016

10 13 0.125072

11 13 0.135634

12 13 0.145662

13 13 0.155114

14 13 0.163954

15 13 0.172147

16 13 0.179661

17 13 0.186465

18 13 0.192534

19 13 0.197843

20 13 0.202371

21 13 0.2061

22 13 0.209016

23 13 0.211107

24 13 0.212365

25 13 0.212785

26 13 0.212365

27 13 0.211107

28 13 0.209016

29 13 0.2061

30 13 0.202371

31 13 0.197843

32 13 0.192534

33 13 0.186465

34 13 0.179661

35 13 0.172147

36 13 0.163954

37 13 0.155114

38 13 0.145662

39 13 0.135634

40 13 0.125072

41 13 0.114016

42 13 0.10251

43 13 0.0905996

44 13 0.0783315

45 13 0.0657543

46 13 0.0529176

47 13 0.039872

48 13 0.0266691

49 13 0.0133609

50 13 0

0 14 0

1 14 0.0141223

2 14 0.028189

3 14 0.0421443

4 14 0.0559334

5 14 0.0695017

6 14 0.0827957

7 14 0.0957629

8 14 0.108352

9 14 0.120514

10 14 0.1322

11 14 0.143364

12 14 0.153963

13 14 0.163954

14 14 0.173298

15 14 0.181958

16 14 0.1899

17 14 0.197092

18 14 0.203507

19 14 0.209118

20 14 0.213904

21 14 0.217846

22 14 0.220928

23 14 0.223139

24 14 0.224468

25 14 0.224912

26 14 0.224468

27 14 0.223139

28 14 0.220928

29 14 0.217846

30 14 0.213904

31 14 0.209118

32 14 0.203507

33 14 0.197092

34 14 0.1899

35 14 0.181958

36 14 0.173298

37 14 0.163954

38 14 0.153963

39 14 0.143364

40 14 0.1322

41 14 0.120514

42 14 0.108352

43 14 0.0957629

44 14 0.0827957

45 14 0.0695017

46 14 0.0559334

47 14 0.0421443

48 14 0.028189

49 14 0.0141223

50 14 0

0 15 0

1 15 0.0148281

2 15 0.0295976

3 15 0.0442503

4 15 0.0587285

5 15 0.0729748

6 15 0.0869331

7 15 0.100548

8 15 0.113767

9 15 0.126536

10 15 0.138806

11 15 0.150529

12 15 0.161657

13 15 0.172147

14 15 0.181958

15 15 0.19105

16 15 0.199389

17 15 0.206941

18 15 0.213676

19 15 0.219568

20 15 0.224593

21 15 0.228732

22 15 0.231968

23 15 0.234289

24 15 0.235685

25 15 0.236151

26 15 0.235685

27 15 0.234289

28 15 0.231968

29 15 0.228732

30 15 0.224593

31 15 0.219568

32 15 0.213676

33 15 0.206941

34 15 0.199389

35 15 0.19105

36 15 0.181958

37 15 0.172147

38 15 0.161657

39 15 0.150529

40 15 0.138806

41 15 0.126536

42 15 0.113767

43 15 0.100548

44 15 0.0869331

45 15 0.0729748

46 15 0.0587285

47 15 0.0442503

48 15 0.0295976

49 15 0.0148281

50 15 0

0 16 0

1 16 0.0154753

2 16 0.0308895

3 16 0.0461817

4 16 0.0612918

5 16 0.0761599

6 16 0.0907275

7 16 0.104937

8 16 0.118732

9 16 0.132059

10 16 0.144865

11 16 0.157099

12 16 0.168713

13 16 0.179661

14 16 0.1899

15 16 0.199389

16 16 0.208092

17 16 0.215973

18 16 0.223002

19 16 0.229151

20 16 0.234396

21 16 0.238716

22 16 0.242093

23 16 0.244515

24 16 0.245972

25 16 0.246459

26 16 0.245972

27 16 0.244515

28 16 0.242093

29 16 0.238716

30 16 0.234396

31 16 0.229151

32 16 0.223002

33 16 0.215973

34 16 0.208092

35 16 0.199389

36 16 0.1899

37 16 0.179661

38 16 0.168713

39 16 0.157099

40 16 0.144865

41 16 0.132059

42 16 0.118732

43 16 0.104937

44 16 0.0907275

45 16 0.0761599

46 16 0.0612918

47 16 0.0461817

48 16 0.0308895

49 16 0.0154753

50 16 0

0 17 0

1 17 0.0160614

2 17 0.0320594

3 17 0.0479309

4 17 0.0636132

5 17 0.0790444

6 17 0.0941637

7 17 0.108911

8 17 0.123229

9 17 0.137061

10 17 0.150351

11 17 0.163049

12 17 0.175102

13 17 0.186465

14 17 0.197092

15 17 0.206941

16 17 0.215973

17 17 0.224153

18 17 0.231449

19 17 0.23783

20 17 0.243274

21 17 0.247757

22 17 0.251262

23 17 0.253776

24 17 0.255288

25 17 0.255793

26 17 0.255288

27 17 0.253776

28 17 0.251262

29 17 0.247757

30 17 0.243274

31 17 0.23783

32 17 0.231449

33 17 0.224153

34 17 0.215973

35 17 0.206941

36 17 0.197092

37 17 0.186465

38 17 0.175102

39 17 0.163049

40 17 0.150351

41 17 0.137061

42 17 0.123229

43 17 0.108911

44 17 0.0941637

45 17 0.0790444

46 17 0.0636132

47 17 0.0479309

48 17 0.0320594

49 17 0.0160614

50 17 0

0 18 0

1 18 0.0165841

2 18 0.0331028

3 18 0.0494908

4 18 0.0656835

5 18 0.081617

6 18 0.0972284

7 18 0.112456

8 18 0.12724

9 18 0.141522

10 18 0.155245

11 18 0.168355

12 18 0.180801

13 18 0.192534

14 18 0.203507

15 18 0.213676

16 18 0.223002

17 18 0.231449

18 18 0.238981

19 18 0.245571

20 18 0.251191

21 18 0.25582

22 18 0.25944

23 18 0.262036

24 18 0.263597

25 18 0.264118

26 18 0.263597

27 18 0.262036

28 18 0.25944

29 18 0.25582

30 18 0.251191

31 18 0.245571

32 18 0.238981

33 18 0.231449

34 18 0.223002

35 18 0.213676

36 18 0.203507

37 18 0.192534

38 18 0.180801

39 18 0.168355

40 18 0.155245

41 18 0.141522

42 18 0.12724

43 18 0.112456

44 18 0.0972284

45 18 0.081617

46 18 0.0656835

47 18 0.0494908

48 18 0.0331028

49 18 0.0165841

50 18 0

0 19 0

1 19 0.0170414

2 19 0.0340156

3 19 0.0508555

4 19 0.0674947

5 19 0.0838675

6 19 0.0999093

7 19 0.115557

8 19 0.130748

9 19 0.145424

10 19 0.159525

11 19 0.172997

12 19 0.185787

13 19 0.197843

14 19 0.209118

15 19 0.219568

16 19 0.229151

17 19 0.23783

18 19 0.245571

19 19 0.252342

20 19 0.258118

21 19 0.262874

22 19 0.266594

23 19 0.269261

24 19 0.270865

25 19 0.271401

26 19 0.270865

27 19 0.269261

28 19 0.266594

29 19 0.262874

30 19 0.258118

31 19 0.252342

32 19 0.245571

33 19 0.23783

34 19 0.229151

35 19 0.219568

36 19 0.209118

37 19 0.197843

38 19 0.185787

39 19 0.172997

40 19 0.159525

41 19 0.145424

42 19 0.130748

43 19 0.115557

44 19 0.0999093

45 19 0.0838675

46 19 0.0674947

47 19 0.0508555

48 19 0.0340156

49 19 0.0170414

50 19 0

0 20 0

1 20 0.0174314

2 20 0.0347941

3 20 0.0520194

4 20 0.0690394

5 20 0.085787

6 20 0.102196

7 20 0.118202

8 20 0.133741

9 20 0.148752

10 20 0.163177

11 20 0.176957

12 20 0.190039

13 20 0.202371

14 20 0.213904

15 20 0.224593

16 20 0.234396

17 20 0.243274

18 20 0.251191

19 20 0.258118

20 20 0.264025

21 20 0.268891

22 20 0.272695

23 20 0.275423

24 20 0.277065

25 20 0.277613

26 20 0.277065

27 20 0.275423

28 20 0.272695

29 20 0.268891

30 20 0.264025

31 20 0.258118

32 20 0.251191

33 20 0.243274

34 20 0.234396

35 20 0.224593

36 20 0.213904

37 20 0.202371

38 20 0.190039

39 20 0.176957

40 20 0.163177

41 20 0.148752

42 20 0.133741

43 20 0.118202

44 20 0.102196

45 20 0.085787

46 20 0.0690394

47 20 0.0520194

48 20 0.0347941

49 20 0.0174314

50 20 0

0 21 0

1 21 0.0177527

2 21 0.0354353

3 21 0.0529781

4 21 0.0703117

5 21 0.0873679

6 21 0.104079

7 21 0.12038

8 21 0.136206

9 21 0.151494

10 21 0.166184

11 21 0.180218

12 21 0.193541

13 21 0.2061

14 21 0.217846

15 21 0.228732

16 21 0.238716

17 21 0.247757

18 21 0.25582

19 21 0.262874

20 21 0.268891

21 21 0.273846

22 21 0.277721

23 21 0.280499

24 21 0.282171

25 21 0.282729

26 21 0.282171

27 21 0.280499

28 21 0.277721

29 21 0.273846

30 21 0.268891

31 21 0.262874

32 21 0.25582

33 21 0.247757

34 21 0.238716

35 21 0.228732

36 21 0.217846

37 21 0.2061

38 21 0.193541

39 21 0.180218

40 21 0.166184

41 21 0.151494

42 21 0.136206

43 21 0.12038

44 21 0.104079

45 21 0.0873679

46 21 0.0703117

47 21 0.0529781

48 21 0.0354353

49 21 0.0177527

50 21 0

0 22 0

1 22 0.0180038

2 22 0.0359366

3 22 0.0537276

4 22 0.0713065

5 22 0.0886041

6 22 0.105552

7 22 0.122083

8 22 0.138133

9 22 0.153637

10 22 0.168535

11 22 0.182768

12 22 0.196279

13 22 0.209016

14 22 0.220928

15 22 0.231968

16 22 0.242093

17 22 0.251262

18 22 0.25944

19 22 0.266594

20 22 0.272695

21 22 0.277721

22 22 0.28165

23 22 0.284468

24 22 0.286163

25 22 0.286729

26 22 0.286163

27 22 0.284468

28 22 0.28165

29 22 0.277721

30 22 0.272695

31 22 0.266594

32 22 0.25944

33 22 0.251262

34 22 0.242093

35 22 0.231968

36 22 0.220928

37 22 0.209016

38 22 0.196279

39 22 0.182768

40 22 0.168535

41 22 0.153637

42 22 0.138133

43 22 0.122083

44 22 0.105552

45 22 0.0886041

46 22 0.0713065

47 22 0.0537276

48 22 0.0359366

49 22 0.0180038

50 22 0

0 23 0

1 23 0.018184

2 23 0.0362962

3 23 0.0542651

4 23 0.0720199

5 23 0.0894905

6 23 0.106608

7 23 0.123305

8 23 0.139515

9 23 0.155174

10 23 0.170221

11 23 0.184596

12 23 0.198243

13 23 0.211107

14 23 0.223139

15 23 0.234289

16 23 0.244515

17 23 0.253776

18 23 0.262036

19 23 0.269261

20 23 0.275423

21 23 0.280499

22 23 0.284468

23 23 0.287314

24 23 0.289026

25 23 0.289597

26 23 0.289026

27 23 0.287314

28 23 0.284468

29 23 0.280499

30 23 0.275423

31 23 0.269261

32 23 0.262036

33 23 0.253776

34 23 0.244515

35 23 0.234289

36 23 0.223139

37 23 0.211107

38 23 0.198243

39 23 0.184596

40 23 0.170221

41 23 0.155174

42 23 0.139515

43 23 0.123305

44 23 0.106608

45 23 0.0894905

46 23 0.0720199

47 23 0.0542651

48 23 0.0362962

49 23 0.018184

50 23 0

0 24 0

1 24 0.0182923

2 24 0.0365125

3 24 0.0545885

4 24 0.0724491

5 24 0.0900238

6 24 0.107243

7 24 0.124039

8 24 0.140346

9 24 0.156099

10 24 0.171235

11 24 0.185696

12 24 0.199424

13 24 0.212365

14 24 0.224468

15 24 0.235685

16 24 0.245972

17 24 0.255288

18 24 0.263597

19 24 0.270865

20 24 0.277065

21 24 0.282171

22 24 0.286163

23 24 0.289026

24 24 0.290748

25 24 0.291323

26 24 0.290748

27 24 0.289026

28 24 0.286163

29 24 0.282171

30 24 0.277065

31 24 0.270865

32 24 0.263597

33 24 0.255288

34 24 0.245972

35 24 0.235685

36 24 0.224468

37 24 0.212365

38 24 0.199424

39 24 0.185696

40 24 0.171235

41 24 0.156099

42 24 0.140346

43 24 0.124039

44 24 0.107243

45 24 0.0900238

46 24 0.0724491

47 24 0.0545885

48 24 0.0365125

49 24 0.0182923

50 24 0

0 25 0

1 25 0.0183285

2 25 0.0365847

3 25 0.0546964

4 25 0.0725924

5 25 0.0902018

6 25 0.107455

7 25 0.124285

8 25 0.140623

9 25 0.156407

10 25 0.171574

11 25 0.186063

12 25 0.199819

13 25 0.212785

14 25 0.224912

15 25 0.236151

16 25 0.246459

17 25 0.255793

18 25 0.264118

19 25 0.271401

20 25 0.277613

21 25 0.282729

22 25 0.286729

23 25 0.289597

24 25 0.291323

25 25 0.291899

26 25 0.291323

27 25 0.289597

28 25 0.286729

29 25 0.282729

30 25 0.277613

31 25 0.271401

32 25 0.264118

33 25 0.255793

34 25 0.246459

35 25 0.236151

36 25 0.224912

37 25 0.212785

38 25 0.199819

39 25 0.186063

40 25 0.171574

41 25 0.156407

42 25 0.140623

43 25 0.124285

44 25 0.107455

45 25 0.0902018

46 25 0.0725924

47 25 0.0546964

48 25 0.0365847

49 25 0.0183285

50 25 0

0 26 0

1 26 0.0182923

2 26 0.0365125

3 26 0.0545885

4 26 0.0724491

5 26 0.0900238

6 26 0.107243

7 26 0.124039

8 26 0.140346

9 26 0.156099

10 26 0.171235

11 26 0.185696

12 26 0.199424

13 26 0.212365

14 26 0.224468

15 26 0.235685

16 26 0.245972

17 26 0.255288

18 26 0.263597

19 26 0.270865

20 26 0.277065

21 26 0.282171

22 26 0.286163

23 26 0.289026

24 26 0.290748

25 26 0.291323

26 26 0.290748

27 26 0.289026

28 26 0.286163

29 26 0.282171

30 26 0.277065

31 26 0.270865

32 26 0.263597

33 26 0.255288

34 26 0.245972

35 26 0.235685

36 26 0.224468

37 26 0.212365

38 26 0.199424

39 26 0.185696

40 26 0.171235

41 26 0.156099

42 26 0.140346

43 26 0.124039

44 26 0.107243

45 26 0.0900238

46 26 0.0724491

47 26 0.0545885

48 26 0.0365125

49 26 0.0182923

50 26 0

0 27 0

1 27 0.018184

2 27 0.0362962

3 27 0.0542651

4 27 0.0720199

5 27 0.0894905

6 27 0.106608

7 27 0.123305

8 27 0.139515

9 27 0.155174

10 27 0.170221

11 27 0.184596

12 27 0.198243

13 27 0.211107

14 27 0.223139

15 27 0.234289

16 27 0.244515

17 27 0.253776

18 27 0.262036

19 27 0.269261

20 27 0.275423

21 27 0.280499

22 27 0.284468

23 27 0.287314

24 27 0.289026

25 27 0.289597

26 27 0.289026

27 27 0.287314

28 27 0.284468

29 27 0.280499

30 27 0.275423

31 27 0.269261

32 27 0.262036

33 27 0.253776

34 27 0.244515

35 27 0.234289

36 27 0.223139

37 27 0.211107

38 27 0.198243

39 27 0.184596

40 27 0.170221

41 27 0.155174

42 27 0.139515

43 27 0.123305

44 27 0.106608

45 27 0.0894905

46 27 0.0720199

47 27 0.0542651

48 27 0.0362962

49 27 0.018184

50 27 0

0 28 0

1 28 0.0180038

2 28 0.0359366

3 28 0.0537276

4 28 0.0713065

5 28 0.0886041

6 28 0.105552

7 28 0.122083

8 28 0.138133

9 28 0.153637

10 28 0.168535

11 28 0.182768

12 28 0.196279

13 28 0.209016

14 28 0.220928

15 28 0.231968

16 28 0.242093

17 28 0.251262

18 28 0.25944

19 28 0.266594

20 28 0.272695

21 28 0.277721

22 28 0.28165

23 28 0.284468

24 28 0.286163

25 28 0.286729

26 28 0.286163

27 28 0.284468

28 28 0.28165

29 28 0.277721

30 28 0.272695

31 28 0.266594

32 28 0.25944

33 28 0.251262

34 28 0.242093

35 28 0.231968

36 28 0.220928

37 28 0.209016

38 28 0.196279

39 28 0.182768

40 28 0.168535

41 28 0.153637

42 28 0.138133

43 28 0.122083

44 28 0.105552

45 28 0.0886041

46 28 0.0713065

47 28 0.0537276

48 28 0.0359366

49 28 0.0180038

50 28 0

0 29 0

1 29 0.0177527

2 29 0.0354353

3 29 0.0529781

4 29 0.0703117

5 29 0.0873679

6 29 0.104079

7 29 0.12038

8 29 0.136206

9 29 0.151494

10 29 0.166184

11 29 0.180218

12 29 0.193541

13 29 0.2061

14 29 0.217846

15 29 0.228732

16 29 0.238716

17 29 0.247757

18 29 0.25582

19 29 0.262874

20 29 0.268891

21 29 0.273846

22 29 0.277721

23 29 0.280499

24 29 0.282171

25 29 0.282729

26 29 0.282171

27 29 0.280499

28 29 0.277721

29 29 0.273846

30 29 0.268891

31 29 0.262874

32 29 0.25582

33 29 0.247757

34 29 0.238716

35 29 0.228732

36 29 0.217846

37 29 0.2061

38 29 0.193541

39 29 0.180218

40 29 0.166184

41 29 0.151494

42 29 0.136206

43 29 0.12038

44 29 0.104079

45 29 0.0873679

46 29 0.0703117

47 29 0.0529781

48 29 0.0354353

49 29 0.0177527

50 29 0

0 30 0

1 30 0.0174314

2 30 0.0347941

3 30 0.0520194

4 30 0.0690394

5 30 0.085787

6 30 0.102196

7 30 0.118202

8 30 0.133741

9 30 0.148752

10 30 0.163177

11 30 0.176957

12 30 0.190039

13 30 0.202371

14 30 0.213904

15 30 0.224593

16 30 0.234396

17 30 0.243274

18 30 0.251191

19 30 0.258118

20 30 0.264025

21 30 0.268891

22 30 0.272695

23 30 0.275423

24 30 0.277065

25 30 0.277613

26 30 0.277065

27 30 0.275423

28 30 0.272695

29 30 0.268891

30 30 0.264025

31 30 0.258118

32 30 0.251191

33 30 0.243274

34 30 0.234396

35 30 0.224593

36 30 0.213904

37 30 0.202371

38 30 0.190039

39 30 0.176957

40 30 0.163177

41 30 0.148752

42 30 0.133741

43 30 0.118202

44 30 0.102196

45 30 0.085787

46 30 0.0690394

47 30 0.0520194

48 30 0.0347941

49 30 0.0174314

50 30 0

0 31 0

1 31 0.0170414

2 31 0.0340156

3 31 0.0508555

4 31 0.0674947

5 31 0.0838675

6 31 0.0999093

7 31 0.115557

8 31 0.130748

9 31 0.145424

10 31 0.159525

11 31 0.172997

12 31 0.185787

13 31 0.197843

14 31 0.209118

15 31 0.219568

16 31 0.229151

17 31 0.23783

18 31 0.245571

19 31 0.252342

20 31 0.258118

21 31 0.262874

22 31 0.266594

23 31 0.269261

24 31 0.270865

25 31 0.271401

26 31 0.270865

27 31 0.269261

28 31 0.266594

29 31 0.262874

30 31 0.258118

31 31 0.252342

32 31 0.245571

33 31 0.23783

34 31 0.229151

35 31 0.219568

36 31 0.209118

37 31 0.197843

38 31 0.185787

39 31 0.172997

40 31 0.159525

41 31 0.145424

42 31 0.130748

43 31 0.115557

44 31 0.0999093

45 31 0.0838675

46 31 0.0674947

47 31 0.0508555

48 31 0.0340156

49 31 0.0170414

50 31 0

0 32 0

1 32 0.0165841

2 32 0.0331028

3 32 0.0494908

4 32 0.0656835

5 32 0.081617

6 32 0.0972284

7 32 0.112456

8 32 0.12724

9 32 0.141522

10 32 0.155245

11 32 0.168355

12 32 0.180801

13 32 0.192534

14 32 0.203507

15 32 0.213676

16 32 0.223002

17 32 0.231449

18 32 0.238981

19 32 0.245571

20 32 0.251191

21 32 0.25582

22 32 0.25944

23 32 0.262036

24 32 0.263597

25 32 0.264118

26 32 0.263597

27 32 0.262036

28 32 0.25944

29 32 0.25582

30 32 0.251191

31 32 0.245571

32 32 0.238981

33 32 0.231449

34 32 0.223002

35 32 0.213676

36 32 0.203507

37 32 0.192534

38 32 0.180801

39 32 0.168355

40 32 0.155245

41 32 0.141522

42 32 0.12724

43 32 0.112456

44 32 0.0972284

45 32 0.081617

46 32 0.0656835

47 32 0.0494908

48 32 0.0331028

49 32 0.0165841

50 32 0

0 33 0

1 33 0.0160614

2 33 0.0320594

3 33 0.0479309

4 33 0.0636132

5 33 0.0790444

6 33 0.0941637

7 33 0.108911

8 33 0.123229

9 33 0.137061

10 33 0.150351

11 33 0.163049

12 33 0.175102

13 33 0.186465

14 33 0.197092

15 33 0.206941

16 33 0.215973

17 33 0.224153

18 33 0.231449

19 33 0.23783

20 33 0.243274

21 33 0.247757

22 33 0.251262

23 33 0.253776

24 33 0.255288

25 33 0.255793

26 33 0.255288

27 33 0.253776

28 33 0.251262

29 33 0.247757

30 33 0.243274

31 33 0.23783

32 33 0.231449

33 33 0.224153

34 33 0.215973

35 33 0.206941

36 33 0.197092

37 33 0.186465

38 33 0.175102

39 33 0.163049

40 33 0.150351

41 33 0.137061

42 33 0.123229

43 33 0.108911

44 33 0.0941637

45 33 0.0790444

46 33 0.0636132

47 33 0.0479309

48 33 0.0320594

49 33 0.0160614

50 33 0

0 34 0

1 34 0.0154753

2 34 0.0308895

3 34 0.0461817

4 34 0.0612918

5 34 0.0761599

6 34 0.0907275

7 34 0.104937

8 34 0.118732

9 34 0.132059

10 34 0.144865

11 34 0.157099

12 34 0.168713

13 34 0.179661

14 34 0.1899

15 34 0.199389

16 34 0.208092

17 34 0.215973

18 34 0.223002

19 34 0.229151

20 34 0.234396

21 34 0.238716

22 34 0.242093

23 34 0.244515

24 34 0.245972

25 34 0.246459

26 34 0.245972

27 34 0.244515

28 34 0.242093

29 34 0.238716

30 34 0.234396

31 34 0.229151

32 34 0.223002

33 34 0.215973

34 34 0.208092

35 34 0.199389

36 34 0.1899

37 34 0.179661

38 34 0.168713

39 34 0.157099

40 34 0.144865

41 34 0.132059

42 34 0.118732

43 34 0.104937

44 34 0.0907275

45 34 0.0761599

46 34 0.0612918

47 34 0.0461817

48 34 0.0308895

49 34 0.0154753

50 34 0

0 35 0

1 35 0.0148281

2 35 0.0295976

3 35 0.0442503

4 35 0.0587285

5 35 0.0729748

6 35 0.0869331

7 35 0.100548

8 35 0.113767

9 35 0.126536

10 35 0.138806

11 35 0.150529

12 35 0.161657

13 35 0.172147

14 35 0.181958

15 35 0.19105

16 35 0.199389

17 35 0.206941

18 35 0.213676

19 35 0.219568

20 35 0.224593

21 35 0.228732

22 35 0.231968

23 35 0.234289

24 35 0.235685

25 35 0.236151

26 35 0.235685

27 35 0.234289

28 35 0.231968

29 35 0.228732

30 35 0.224593

31 35 0.219568

32 35 0.213676

33 35 0.206941

34 35 0.199389

35 35 0.19105

36 35 0.181958

37 35 0.172147

38 35 0.161657

39 35 0.150529

40 35 0.138806

41 35 0.126536

42 35 0.113767

43 35 0.100548

44 35 0.0869331

45 35 0.0729748

46 35 0.0587285

47 35 0.0442503

48 35 0.0295976

49 35 0.0148281

50 35 0

0 36 0

1 36 0.0141223

2 36 0.028189

3 36 0.0421443

4 36 0.0559334

5 36 0.0695017

6 36 0.0827957

7 36 0.0957629

8 36 0.108352

9 36 0.120514

10 36 0.1322

11 36 0.143364

12 36 0.153963

13 36 0.163954

14 36 0.173298

15 36 0.181958

16 36 0.1899

17 36 0.197092

18 36 0.203507

19 36 0.209118

20 36 0.213904

21 36 0.217846

22 36 0.220928

23 36 0.223139

24 36 0.224468

25 36 0.224912

26 36 0.224468

27 36 0.223139

28 36 0.220928

29 36 0.217846

30 36 0.213904

31 36 0.209118

32 36 0.203507

33 36 0.197092

34 36 0.1899

35 36 0.181958

36 36 0.173298

37 36 0.163954

38 36 0.153963

39 36 0.143364

40 36 0.1322

41 36 0.120514

42 36 0.108352

43 36 0.0957629

44 36 0.0827957

45 36 0.0695017

46 36 0.0559334

47 36 0.0421443

48 36 0.028189

49 36 0.0141223

50 36 0

0 37 0

1 37 0.0133609

2 37 0.0266691

3 37 0.039872

4 37 0.0529176

5 37 0.0657543

6 37 0.0783315

7 37 0.0905996

8 37 0.10251

9 37 0.114016

10 37 0.125072

11 37 0.135634

12 37 0.145662

13 37 0.155114

14 37 0.163954

15 37 0.172147

16 37 0.179661

17 37 0.186465

18 37 0.192534

19 37 0.197843

20 37 0.202371

21 37 0.2061

22 37 0.209016

23 37 0.211107

24 37 0.212365

25 37 0.212785

26 37 0.212365

27 37 0.211107

28 37 0.209016

29 37 0.2061

30 37 0.202371

31 37 0.197843

32 37 0.192534

33 37 0.186465

34 37 0.179661

35 37 0.172147

36 37 0.163954

37 37 0.155114

38 37 0.145662

39 37 0.135634

40 37 0.125072

41 37 0.114016

42 37 0.10251

43 37 0.0905996

44 37 0.0783315

45 37 0.0657543

46 37 0.0529176

47 37 0.039872

48 37 0.0266691

49 37 0.0133609

50 37 0

0 38 0

1 38 0.0125467

2 38 0.0250439

3 38 0.0374423

4 38 0.0496929

5 38 0.0617474

6 38 0.0735582

7 38 0.0850787

8 38 0.0962634

9 38 0.107068

10 38 0.11745

11 38 0.127369

12 38 0.136785

13 38 0.145662

14 38 0.153963

15 38 0.161657

16 38 0.168713

17 38 0.175102

18 38 0.180801

19 38 0.185787

20 38 0.190039

21 38 0.193541

22 38 0.196279

23 38 0.198243

24 38 0.199424

25 38 0.199819

26 38 0.199424

27 38 0.198243

28 38 0.196279

29 38 0.193541

30 38 0.190039

31 38 0.185787

32 38 0.180801

33 38 0.175102

34 38 0.168713

35 38 0.161657

36 38 0.153963

37 38 0.145662

38 38 0.136785

39 38 0.127369

40 38 0.11745

41 38 0.107068

42 38 0.0962634

43 38 0.0850787

44 38 0.0735582

45 38 0.0617474

46 38 0.0496929

47 38 0.0374423

48 38 0.0250439

49 38 0.0125467

50 38 0

0 39 0

1 39 0.011683

2 39 0.0233199

3 39 0.0348648

4 39 0.0462721

5 39 0.0574968

6 39 0.0684945

7 39 0.079222

8 39 0.0896368

9 39 0.0996978

10 39 0.109365

11 39 0.118601

12 39 0.127369

13 39 0.135634

14 39 0.143364

15 39 0.150529

16 39 0.157099

17 39 0.163049

18 39 0.168355

19 39 0.172997

20 39 0.176957

21 39 0.180218

22 39 0.182768

23 39 0.184596

24 39 0.185696

25 39 0.186063

26 39 0.185696

27 39 0.184596

28 39 0.182768

29 39 0.180218

30 39 0.176957

31 39 0.172997

32 39 0.168355

33 39 0.163049

34 39 0.157099

35 39 0.150529

36 39 0.143364

37 39 0.135634

38 39 0.127369

39 39 0.118601

40 39 0.109365

41 39 0.0996978

42 39 0.0896368

43 39 0.079222

44 39 0.0684945

45 39 0.0574968

46 39 0.0462721

47 39 0.0348648

48 39 0.0233199

49 39 0.011683

50 39 0

0 40 0

1 40 0.0107732

2 40 0.0215039

3 40 0.0321498

4 40 0.0426687

5 40 0.0530193

6 40 0.0631606

7 40 0.0730527

8 40 0.0826564

9 40 0.0919339

10 40 0.100849

11 40 0.109365

12 40 0.11745

13 40 0.125072

14 40 0.1322

15 40 0.138806

16 40 0.144865

17 40 0.150351

18 40 0.155245

19 40 0.159525

20 40 0.163177

21 40 0.166184

22 40 0.168535

23 40 0.170221

24 40 0.171235

25 40 0.171574

26 40 0.171235

27 40 0.170221

28 40 0.168535

29 40 0.166184

30 40 0.163177

31 40 0.159525

32 40 0.155245

33 40 0.150351

34 40 0.144865

35 40 0.138806

36 40 0.1322

37 40 0.125072

38 40 0.11745

39 40 0.109365

40 40 0.100849

41 40 0.0919339

42 40 0.0826564

43 40 0.0730527

44 40 0.0631606

45 40 0.0530193

46 40 0.0426687

47 40 0.0321498

48 40 0.0215039

49 40 0.0107732

50 40 0

0 41 0

1 41 0.0098209

2 41 0.019603

3 41 0.0293078

4 41 0.0388969

5 41 0.0483325

6 41 0.0575774

7 41 0.066595

8 41 0.0753498

9 41 0.0838073

10 41 0.0919339

11 41 0.0996978

12 41 0.107068

13 41 0.114016

14 41 0.120514

15 41 0.126536

16 41 0.132059

17 41 0.137061

18 41 0.141522

19 41 0.145424

20 41 0.148752

21 41 0.151494

22 41 0.153637

23 41 0.155174

24 41 0.156099

25 41 0.156407

26 41 0.156099

27 41 0.155174

28 41 0.153637

29 41 0.151494

30 41 0.148752

31 41 0.145424

32 41 0.141522

33 41 0.137061

34 41 0.132059

35 41 0.126536

36 41 0.120514

37 41 0.114016

38 41 0.107068

39 41 0.0996978

40 41 0.0919339

41 41 0.0838073

42 41 0.0753498

43 41 0.066595

44 41 0.0575774

45 41 0.0483325

46 41 0.0388969

47 41 0.0293078

48 41 0.019603

49 41 0.0098209

50 41 0

0 42 0

1 42 0.00882982

2 42 0.0176248

3 42 0.0263502

4 42 0.0349716

5 42 0.043455

6 42 0.051767

7 42 0.0598746

8 42 0.0677459

9 42 0.0753498

10 42 0.0826564

11 42 0.0896368

12 42 0.0962634

13 42 0.10251

14 42 0.108352

15 42 0.113767

16 42 0.118732

17 42 0.123229

18 42 0.12724

19 42 0.130748

20 42 0.133741

21 42 0.136206

22 42 0.138133

23 42 0.139515

24 42 0.140346

25 42 0.140623

26 42 0.140346

27 42 0.139515

28 42 0.138133

29 42 0.136206

30 42 0.133741

31 42 0.130748

32 42 0.12724

33 42 0.123229

34 42 0.118732

35 42 0.113767

36 42 0.108352

37 42 0.10251

38 42 0.0962634

39 42 0.0896368

40 42 0.0826564

41 42 0.0753498

42 42 0.0677459

43 42 0.0598746

44 42 0.051767

45 42 0.043455

46 42 0.0349716

47 42 0.0263502

48 42 0.0176248

49 42 0.00882982

50 42 0

0 43 0

1 43 0.00780389

2 43 0.015577

3 43 0.0232886

4 43 0.0309083

5 43 0.0384061

6 43 0.0457522

7 43 0.0529178

8 43 0.0598746

9 43 0.066595

10 43 0.0730527

11 43 0.079222

12 43 0.0850787

13 43 0.0905996

14 43 0.0957629

15 43 0.100548

16 43 0.104937

17 43 0.108911

18 43 0.112456

19 43 0.115557

20 43 0.118202

21 43 0.12038

22 43 0.122083

23 43 0.123305

24 43 0.124039

25 43 0.124285

26 43 0.124039

27 43 0.123305

28 43 0.122083

29 43 0.12038

30 43 0.118202

31 43 0.115557

32 43 0.112456

33 43 0.108911

34 43 0.104937

35 43 0.100548

36 43 0.0957629

37 43 0.0905996

38 43 0.0850787

39 43 0.079222

40 43 0.0730527

41 43 0.066595

42 43 0.0598746

43 43 0.0529178

44 43 0.0457522

45 43 0.0384061

46 43 0.0309083

47 43 0.0232886

48 43 0.015577

49 43 0.00780389

50 43 0

0 44 0

1 44 0.00674717

2 44 0.0134677

3 44 0.0201351

4 44 0.026723

5 44 0.0332055

6 44 0.0395569

7 44 0.0457522

8 44 0.051767

9 44 0.0575774

10 44 0.0631606

11 44 0.0684945

12 44 0.0735582

13 44 0.0783315

14 44 0.0827957

15 44 0.0869331

16 44 0.0907275

17 44 0.0941637

18 44 0.0972284

19 44 0.0999093

20 44 0.102196

21 44 0.104079

22 44 0.105552

23 44 0.106608

24 44 0.107243

25 44 0.107455

26 44 0.107243

27 44 0.106608

28 44 0.105552

29 44 0.104079

30 44 0.102196

31 44 0.0999093

32 44 0.0972284

33 44 0.0941637

34 44 0.0907275

35 44 0.0869331

36 44 0.0827957

37 44 0.0783315

38 44 0.0735582

39 44 0.0684945

40 44 0.0631606

41 44 0.0575774

42 44 0.051767

43 44 0.0457522

44 44 0.0395569

45 44 0.0332055

46 44 0.026723

47 44 0.0201351

48 44 0.0134677

49 44 0.00674717

50 44 0

0 45 0

1 45 0.00566382

2 45 0.0113053

3 45 0.0169021

4 45 0.0224323

5 45 0.0278739

6 45 0.0332055

7 45 0.0384061

8 45 0.043455

9 45 0.0483325

10 45 0.0530193

11 45 0.0574968

12 45 0.0617474

13 45 0.0657543

14 45 0.0695017

15 45 0.0729748

16 45 0.0761599

17 45 0.0790444

18 45 0.081617

19 45 0.0838675

20 45 0.085787

21 45 0.0873679

22 45 0.0886041

23 45 0.0894905

24 45 0.0900238

25 45 0.0902018

26 45 0.0900238

27 45 0.0894905

28 45 0.0886041

29 45 0.0873679

30 45 0.085787

31 45 0.0838675

32 45 0.081617

33 45 0.0790444

34 45 0.0761599

35 45 0.0729748

36 45 0.0695017

37 45 0.0657543

38 45 0.0617474

39 45 0.0574968

40 45 0.0530193

41 45 0.0483325

42 45 0.043455

43 45 0.0384061

44 45 0.0332055

45 45 0.0278739

46 45 0.0224323

47 45 0.0169021

48 45 0.0113053

49 45 0.00566382

50 45 0

0 46 0

1 46 0.00455811

2 46 0.00909823

3 46 0.0136025

4 46 0.018053

5 46 0.0224323

6 46 0.026723

7 46 0.0309083

8 46 0.0349716

9 46 0.0388969

10 46 0.0426687

11 46 0.0462721

12 46 0.0496929

13 46 0.0529176

14 46 0.0559334

15 46 0.0587285

16 46 0.0612918

17 46 0.0636132

18 46 0.0656835

19 46 0.0674947

20 46 0.0690394

21 46 0.0703117

22 46 0.0713065

23 46 0.0720199

24 46 0.0724491

25 46 0.0725924

26 46 0.0724491

27 46 0.0720199

28 46 0.0713065

29 46 0.0703117

30 46 0.0690394

31 46 0.0674947

32 46 0.0656835

33 46 0.0636132

34 46 0.0612918

35 46 0.0587285

36 46 0.0559334

37 46 0.0529176

38 46 0.0496929

39 46 0.0462721

40 46 0.0426687

41 46 0.0388969

42 46 0.0349716

43 46 0.0309083

44 46 0.026723

45 46 0.0224323

46 46 0.018053

47 46 0.0136025

48 46 0.00909823

49 46 0.00455811

50 46 0

0 47 0

1 47 0.00343442

2 47 0.00685528

3 47 0.0102491

4 47 0.0136025

5 47 0.0169021

6 47 0.0201351

7 47 0.0232886

8 47 0.0263502

9 47 0.0293078

10 47 0.0321498

11 47 0.0348648

12 47 0.0374423

13 47 0.039872

14 47 0.0421443

15 47 0.0442503

16 47 0.0461817

17 47 0.0479309

18 47 0.0494908

19 47 0.0508555

20 47 0.0520194

21 47 0.0529781

22 47 0.0537276

23 47 0.0542651

24 47 0.0545885

25 47 0.0546964

26 47 0.0545885

27 47 0.0542651

28 47 0.0537276

29 47 0.0529781

30 47 0.0520194

31 47 0.0508555

32 47 0.0494908

33 47 0.0479309

34 47 0.0461817

35 47 0.0442503

36 47 0.0421443

37 47 0.039872

38 47 0.0374423

39 47 0.0348648

40 47 0.0321498

41 47 0.0293078

42 47 0.0263502

43 47 0.0232886

44 47 0.0201351

45 47 0.0169021

46 47 0.0136025

47 47 0.0102491

48 47 0.00685528

49 47 0.00343442

50 47 0

0 48 0

1 48 0.00229717

2 48 0.00458527

3 48 0.00685528

4 48 0.00909823

5 48 0.0113053

6 48 0.0134677

7 48 0.015577

8 48 0.0176248

9 48 0.019603

10 48 0.0215039

11 48 0.0233199

12 48 0.0250439

13 48 0.0266691

14 48 0.028189

15 48 0.0295976

16 48 0.0308895

17 48 0.0320594

18 48 0.0331028

19 48 0.0340156

20 48 0.0347941

21 48 0.0354353

22 48 0.0359366

23 48 0.0362962

24 48 0.0365125

25 48 0.0365847

26 48 0.0365125

27 48 0.0362962

28 48 0.0359366

29 48 0.0354353

30 48 0.0347941

31 48 0.0340156

32 48 0.0331028

33 48 0.0320594

34 48 0.0308895

35 48 0.0295976

36 48 0.028189

37 48 0.0266691

38 48 0.0250439

39 48 0.0233199

40 48 0.0215039

41 48 0.019603

42 48 0.0176248

43 48 0.015577

44 48 0.0134677

45 48 0.0113053

46 48 0.00909823

47 48 0.00685528

48 48 0.00458527

49 48 0.00229717

50 48 0

0 49 0

1 49 0.00115086

2 49 0.00229717

3 49 0.00343442

4 49 0.00455811

5 49 0.00566382

6 49 0.00674717

7 49 0.00780389

8 49 0.00882982

9 49 0.0098209

10 49 0.0107732

11 49 0.011683

12 49 0.0125467

13 49 0.0133609

14 49 0.0141223

15 49 0.0148281

16 49 0.0154753

17 49 0.0160614

18 49 0.0165841

19 49 0.0170414

20 49 0.0174314

21 49 0.0177527

22 49 0.0180038

23 49 0.018184

24 49 0.0182923

25 49 0.0183285

26 49 0.0182923

27 49 0.018184

28 49 0.0180038

29 49 0.0177527

30 49 0.0174314

31 49 0.0170414

32 49 0.0165841

33 49 0.0160614

34 49 0.0154753

35 49 0.0148281

36 49 0.0141223

37 49 0.0133609

38 49 0.0125467

39 49 0.011683

40 49 0.0107732

41 49 0.0098209

42 49 0.00882982

43 49 0.00780389

44 49 0.00674717

45 49 0.00566382

46 49 0.00455811

47 49 0.00343442

48 49 0.00229717

49 49 0.00115086

50 49 0

