0 1 0

1 1 0.000393381

2 1 0.00078521

3 1 0.00117394

4 1 0.00155804

5 1 0.00193598

6 1 0.00230629

7 1 0.0026675

8 1 0.00301818

9 1 0.00335694

10 1 0.00368246

11 1 0.00399345

12 1 0.00428867

13 1 0.00456697

14 1 0.00482725

15 1 0.00506847

16 1 0.0052897

17 1 0.00549004

18 1 0.00566872

19 1 0.00582503

20 1 0.00595835

21 1 0.00606815

22 1 0.00615401

23 1 0.00621558

24 1 0.00625262

25 1 0.00626498

26 1 0.00625262

27 1 0.00621558

28 1 0.00615401

29 1 0.00606815

30 1 0.00595835

31 1 0.00582503

32 1 0.00566872

33 1 0.00549004

34 1 0.0052897

35 1 0.00506847

36 1 0.00482725

37 1 0.00456697

38 1 0.00428867

39 1 0.00399345

40 1 0.00368246

41 1 0.00335694

42 1 0.00301818

43 1 0.0026675

44 1 0.00230629

45 1 0.00193598

46 1 0.00155804

47 1 0.00117394

48 1 0.00078521

49 1 0.000393381

50 1 0

0 2 0

1 2 0.00078521

2 2 0.00156732

3 2 0.00234325

4 2 0.00310992

5 2 0.00386433

6 2 0.00460348

7 2 0.00532447

8 2 0.00602444

9 2 0.00670064

10 2 0.00735039

11 2 0.00797113

12 2 0.00856042

13 2 0.00911592

14 2 0.00963545

15 2 0.0101169

16 2 0.0105585

17 2 0.0109584

18 2 0.0113151

19 2 0.0116271

20 2 0.0118932

21 2 0.0121124

22 2 0.0122837

23 2 0.0124066

24 2 0.0124806

25 2 0.0125052

26 2 0.0124806

27 2 0.0124066

28 2 0.0122837

29 2 0.0121124

30 2 0.0118932

31 2 0.0116271

32 2 0.0113151

33 2 0.0109584

34 2 0.0105585

35 2 0.0101169

36 2 0.00963545

37 2 0.00911592

38 2 0.00856042

39 2 0.00797113

40 2 0.00735039

41 2 0.00670064

42 2 0.00602444

43 2 0.00532447

44 2 0.00460348

45 2 0.00386433

46 2 0.00310992

47 2 0.00234325

48 2 0.00156732

49 2 0.00078521

50 2 0

0 3 0

1 3 0.00117394

2 3 0.00234325

3 3 0.00350331

4 3 0.00464954

5 3 0.00577742

6 3 0.0068825

7 3 0.00796043

8 3 0.00900693

9 3 0.0100179

10 3 0.0109893

11 3 0.0119174

12 3 0.0127984

13 3 0.0136289

14 3 0.0144056

15 3 0.0151255

16 3 0.0157857

17 3 0.0163835

18 3 0.0169168

19 3 0.0173832

20 3 0.0177811

21 3 0.0181088

22 3 0.018365

23 3 0.0185487

24 3 0.0186592

25 3 0.0186961

26 3 0.0186592

27 3 0.0185487

28 3 0.018365

29 3 0.0181088

30 3 0.0177811

31 3 0.0173832

32 3 0.0169168

33 3 0.0163835

34 3 0.0157857

35 3 0.0151255

36 3 0.0144056

37 3 0.0136289

38 3 0.0127984

39 3 0.0119174

40 3 0.0109893

41 3 0.0100179

42 3 0.00900693

43 3 0.00796043

44 3 0.0068825

45 3 0.00577742

46 3 0.00464954

47 3 0.00350331

48 3 0.00234325

49 3 0.00117394

50 3 0

0 4 0

1 4 0.00155804

2 4 0.00310992

3 4 0.00464954

4 4 0.0061708

5 4 0.00766771

6 4 0.00913437

7 4 0.010565

8 4 0.0119539

9 4 0.0132956

10 4 0.0145849

11 4 0.0158166

12 4 0.0169858

13 4 0.0180881

14 4 0.0191189

15 4 0.0200743

16 4 0.0209505

17 4 0.021744

18 4 0.0224517

19 4 0.0230708

20 4 0.0235988

21 4 0.0240337

22 4 0.0243737

23 4 0.0246176

24 4 0.0247643

25 4 0.0248132

26 4 0.0247643

27 4 0.0246176

28 4 0.0243737

29 4 0.0240337

30 4 0.0235988

31 4 0.0230708

32 4 0.0224517

33 4 0.021744

34 4 0.0209505

35 4 0.0200743

36 4 0.0191189

37 4 0.0180881

38 4 0.0169858

39 4 0.0158166

40 4 0.0145849

41 4 0.0132956

42 4 0.0119539

43 4 0.010565

44 4 0.00913437

45 4 0.00766771

46 4 0.0061708

47 4 0.00464954

48 4 0.00310992

49 4 0.00155804

50 4 0

0 5 0

1 5 0.00193598

2 5 0.00386433

3 5 0.00577742

4 5 0.00766771

5 5 0.00952775

6 5 0.0113502

7 5 0.0131278

8 5 0.0148536

9 5 0.0165208

10 5 0.0181229

11 5 0.0196533

12 5 0.0211063

13 5 0.0224759

14 5 0.0237568

15 5 0.024944

16 5 0.0260327

17 5 0.0270187

18 5 0.027898

19 5 0.0286673

20 5 0.0293234

21 5 0.0298638

22 5 0.0302863

23 5 0.0305893

24 5 0.0307716

25 5 0.0308324

26 5 0.0307716

27 5 0.0305893

28 5 0.0302863

29 5 0.0298638

30 5 0.0293234

31 5 0.0286673

32 5 0.027898

33 5 0.0270187

34 5 0.0260327

35 5 0.024944

36 5 0.0237568

37 5 0.0224759

38 5 0.0211063

39 5 0.0196533

40 5 0.0181229

41 5 0.0165208

42 5 0.0148536

43 5 0.0131278

44 5 0.0113502

45 5 0.00952775

46 5 0.00766771

47 5 0.00577742

48 5 0.00386433

49 5 0.00193598

50 5 0

0 6 0

1 6 0.00230629

2 6 0.00460348

3 6 0.0068825

4 6 0.00913437

5 6 0.0113502

6 6 0.0135212

7 6 0.0156388

8 6 0.0176948

9 6 0.0196809

10 6 0.0215893

11 6 0.0234125

12 6 0.0251434

13 6 0.026775

14 6 0.0283009

15 6 0.0297151

16 6 0.0310121

17 6 0.0321867

18 6 0.0332342

19 6 0.0341506

20 6 0.0349323

21 6 0.035576

22 6 0.0360794

23 6 0.0364403

24 6 0.0366575

25 6 0.0367299

26 6 0.0366575

27 6 0.0364403

28 6 0.0360794

29 6 0.035576

30 6 0.0349323

31 6 0.0341506

32 6 0.0332342

33 6 0.0321867

34 6 0.0310121

35 6 0.0297151

36 6 0.0283009

37 6 0.026775

38 6 0.0251434

39 6 0.0234125

40 6 0.0215893

41 6 0.0196809

42 6 0.0176948

43 6 0.0156388

44 6 0.0135212

45 6 0.0113502

46 6 0.00913437

47 6 0.0068825

48 6 0.00460348

49 6 0.00230629

50 6 0

0 7 0

1 7 0.0026675

2 7 0.00532447

3 7 0.00796043

4 7 0.010565

5 7 0.0131278

6 7 0.0156388

7 7 0.0180882

8 7 0.0204661

9 7 0.0227633

10 7 0.0249706

11 7 0.0270794

12 7 0.0290813

13 7 0.0309684

14 7 0.0327333

15 7 0.0343691

16 7 0.0358692

17 7 0.0372277

18 7 0.0384393

19 7 0.0394992

20 7 0.0404033

21 7 0.0411478

22 7 0.04173

23 7 0.0421475

24 7 0.0423987

25 7 0.0424825

26 7 0.0423987

27 7 0.0421475

28 7 0.04173

29 7 0.0411478

30 7 0.0404033

31 7 0.0394992

32 7 0.0384393

33 7 0.0372277

34 7 0.0358692

35 7 0.0343691

36 7 0.0327333

37 7 0.0309684

38 7 0.0290813

39 7 0.0270794

40 7 0.0249706

41 7 0.0227633

42 7 0.0204661

43 7 0.0180882

44 7 0.0156388

45 7 0.0131278

46 7 0.010565

47 7 0.00796043

48 7 0.00532447

49 7 0.0026675

50 7 0

0 8 0

1 8 0.00301818

2 8 0.00602444

3 8 0.00900693

4 8 0.0119539

5 8 0.0148536

6 8 0.0176948

7 8 0.0204661

8 8 0.0231566

9 8 0.0257558

10 8 0.0282533

11 8 0.0306393

12 8 0.0329044

13 8 0.0350396

14 8 0.0370366

15 8 0.0388873

16 8 0.0405846

17 8 0.0421218

18 8 0.0434927

19 8 0.0446919

20 8 0.0457148

21 8 0.0465573

22 8 0.047216

23 8 0.0476884

24 8 0.0479725

25 8 0.0480674

26 8 0.0479725

27 8 0.0476884

28 8 0.047216

29 8 0.0465573

30 8 0.0457148

31 8 0.0446919

32 8 0.0434927

33 8 0.0421218

34 8 0.0405846

35 8 0.0388873

36 8 0.0370366

37 8 0.0350396

38 8 0.0329044

39 8 0.0306393

40 8 0.0282533

41 8 0.0257558

42 8 0.0231566

43 8 0.0204661

44 8 0.0176948

45 8 0.0148536

46 8 0.0119539

47 8 0.00900693

48 8 0.00602444

49 8 0.00301818

50 8 0

0 9 0

1 9 0.00335694

2 9 0.00670064

3 9 0.0100179

4 9 0.0132956

5 9 0.0165208

6 9 0.0196809

7 9 0.0227633

8 9 0.0257558

9 9 0.0286467

10 9 0.0314245

11 9 0.0340783

12 9 0.0365977

13 9 0.0389725

14 9 0.0411936

15 9 0.0432521

16 9 0.0451399

17 9 0.0468496

18 9 0.0483744

19 9 0.0497082

20 9 0.0508459

21 9 0.051783

22 9 0.0525156

23 9 0.053041

24 9 0.0533571

25 9 0.0534626

26 9 0.0533571

27 9 0.053041

28 9 0.0525156

29 9 0.051783

30 9 0.0508459

31 9 0.0497082

32 9 0.0483744

33 9 0.0468496

34 9 0.0451399

35 9 0.0432521

36 9 0.0411936

37 9 0.0389725

38 9 0.0365977

39 9 0.0340783

40 9 0.0314245

41 9 0.0286467

42 9 0.0257558

43 9 0.0227633

44 9 0.0196809

45 9 0.0165208

46 9 0.0132956

47 9 0.0100179

48 9 0.00670064

49 9 0.00335694

50 9 0

0 10 0

1 10 0.00368246

2 10 0.00735039

3 10 0.0109893

4 10 0.0145849

5 10 0.0181229

6 10 0.0215893

7 10 0.0249706

8 10 0.0282533

9 10 0.0314245

10 10 0.0344717

11 10 0.0373829

12 10 0.0401465

13 10 0.0427517

14 10 0.0451881

15 10 0.0474462

16 10 0.0495171

17 10 0.0513926

18 10 0.0530652

19 10 0.0545284

20 10 0.0557764

21 10 0.0568043

22 10 0.057608

23 10 0.0581843

24 10 0.058531

25 10 0.0586468

26 10 0.058531

27 10 0.0581843

28 10 0.057608

29 10 0.0568043

30 10 0.0557764

31 10 0.0545284

32 10 0.0530652

33 10 0.0513926

34 10 0.0495171

35 10 0.0474462

36 10 0.0451881

37 10 0.0427517

38 10 0.0401465

39 10 0.0373829

40 10 0.0344717

41 10 0.0314245

42 10 0.0282533

43 10 0.0249706

44 10 0.0215893

45 10 0.0181229

46 10 0.0145849

47 10 0.0109893

48 10 0.00735039

49 10 0.00368246

50 10 0

0 11 0

1 11 0.00399345

2 11 0.00797113

3 11 0.0119174

4 11 0.0158166

5 11 0.0196533

6 11 0.0234125

7 11 0.0270794

8 11 0.0306393

9 11 0.0340783

10 11 0.0373829

11 11 0.0405399

12 11 0.0435369

13 11 0.0463621

14 11 0.0490043

15 11 0.0514531

16 11 0.0536989

17 11 0.0557327

18 11 0.0575466

19 11 0.0591333

20 11 0.0604867

21 11 0.0616014

22 11 0.062473

23 11 0.063098

24 11 0.063474

25 11 0.0635995

26 11 0.063474

27 11 0.063098

28 11 0.062473

29 11 0.0616014

30 11 0.0604867

31 11 0.0591333

32 11 0.0575466

33 11 0.0557327

34 11 0.0536989

35 11 0.0514531

36 11 0.0490043

37 11 0.0463621

38 11 0.0435369

39 11 0.0405399

40 11 0.0373829

41 11 0.0340783

42 11 0.0306393

43 11 0.0270794

44 11 0.0234125

45 11 0.0196533

46 11 0.0158166

47 11 0.0119174

48 11 0.00797113

49 11 0.00399345

50 11 0

0 12 0

1 12 0.00428867

2 12 0.00856042

3 12 0.0127984

4 12 0.0169858

5 12 0.0211063

6 12 0.0251434

7 12 0.0290813

8 12 0.0329044

9 12 0.0365977

10 12 0.0401465

11 12 0.0435369

12 12 0.0467554

13 12 0.0497895

14 12 0.052627

15 12 0.0552569

16 12 0.0576687

17 12 0.0598529

18 12 0.0618008

19 12 0.0635049

20 12 0.0649584

21 12 0.0661555

22 12 0.0670915

23 12 0.0677627

24 12 0.0681665

25 12 0.0683013

26 12 0.0681665

27 12 0.0677627

28 12 0.0670915

29 12 0.0661555

30 12 0.0649584

31 12 0.0635049

32 12 0.0618008

33 12 0.0598529

34 12 0.0576687

35 12 0.0552569

36 12 0.052627

37 12 0.0497895

38 12 0.0467554

39 12 0.0435369

40 12 0.0401465

41 12 0.0365977

42 12 0.0329044

43 12 0.0290813

44 12 0.0251434

45 12 0.0211063

46 12 0.0169858

47 12 0.0127984

48 12 0.00856042

49 12 0.00428867

50 12 0

0 13 0

1 13 0.00456697

2 13 0.00911592

3 13 0.0136289

4 13 0.0180881

5 13 0.0224759

6 13 0.026775

7 13 0.0309684

8 13 0.0350396

9 13 0.0389725

10 13 0.0427517

11 13 0.0463621

12 13 0.0497895

13 13 0.0530204

14 13 0.0560421

15 13 0.0588426

16 13 0.0614109

17 13 0.0637368

18 13 0.0658112

19 13 0.0676259

20 13 0.0691736

21 13 0.0704484

22 13 0.0714452

23 13 0.0721599

24 13 0.0725899

25 13 0.0727335

26 13 0.0725899

27 13 0.0721599

28 13 0.0714452

29 13 0.0704484

30 13 0.0691736

31 13 0.0676259

32 13 0.0658112

33 13 0.0637368

34 13 0.0614109

35 13 0.0588426

36 13 0.0560421

37 13 0.0530204

38 13 0.0497895

39 13 0.0463621

40 13 0.0427517

41 13 0.0389725

42 13 0.0350396

43 13 0.0309684

44 13 0.026775

45 13 0.0224759

46 13 0.0180881

47 13 0.0136289

48 13 0.00911592

49 13 0.00456697

50 13 0

0 14 0

1 14 0.00482725

2 14 0.00963545

3 14 0.0144056

4 14 0.0191189

5 14 0.0237568

6 14 0.0283009

7 14 0.0327333

8 14 0.0370366

9 14 0.0411936

10 14 0.0451881

11 14 0.0490043

12 14 0.052627

13 14 0.0560421

14 14 0.059236

15 14 0.0621961

16 14 0.0649108

17 14 0.0673692

18 14 0.0695619

19 14 0.0714799

20 14 0.0731159

21 14 0.0744633

22 14 0.0755169

23 14 0.0762724

24 14 0.0767269

25 14 0.0768786

26 14 0.0767269

27 14 0.0762724

28 14 0.0755169

29 14 0.0744633

30 14 0.0731159

31 14 0.0714799

32 14 0.0695619

33 14 0.0673692

34 14 0.0649108

35 14 0.0621961

36 14 0.059236

37 14 0.0560421

38 14 0.052627

39 14 0.0490043

40 14 0.0451881

41 14 0.0411936

42 14 0.0370366

43 14 0.0327333

44 14 0.0283009

45 14 0.0237568

46 14 0.0191189

47 14 0.0144056

48 14 0.00963545

49 14 0.00482725

50 14 0

0 15 0

1 15 0.00506847

2 15 0.0101169

3 15 0.0151255

4 15 0.0200743

5 15 0.024944

6 15 0.0297151

7 15 0.0343691

8 15 0.0388873

9 15 0.0432521

10 15 0.0474462

11 15 0.0514531

12 15 0.0552569

13 15 0.0588426

14 15 0.0621961

15 15 0.0653041

16 15 0.0681545

17 15 0.0707358

18 15 0.073038

19 15 0.0750519

20 15 0.0767696

21 15 0.0781844

22 15 0.0792906

23 15 0.0800839

24 15 0.0805611

25 15 0.0807204

26 15 0.0805611

27 15 0.0800839

28 15 0.0792906

29 15 0.0781844

30 15 0.0767696

31 15 0.0750519

32 15 0.073038

33 15 0.0707358

34 15 0.0681545

35 15 0.0653041

36 15 0.0621961

37 15 0.0588426

38 15 0.0552569

39 15 0.0514531

40 15 0.0474462

41 15 0.0432521

42 15 0.0388873

43 15 0.0343691

44 15 0.0297151

45 15 0.024944

46 15 0.0200743

47 15 0.0151255

48 15 0.0101169

49 15 0.00506847

50 15 0

0 16 0

1 16 0.0052897

2 16 0.0105585

3 16 0.0157857

4 16 0.0209505

5 16 0.0260327

6 16 0.0310121

7 16 0.0358692

8 16 0.0405846

9 16 0.0451399

10 16 0.0495171

11 16 0.0536989

12 16 0.0576687

13 16 0.0614109

14 16 0.0649108

15 16 0.0681545

16 16 0.0711292

17 16 0.0738232

18 16 0.0762258

19 16 0.0783277

20 16 0.0801204

21 16 0.0815969

22 16 0.0827514

23 16 0.0835793

24 16 0.0840773

25 16 0.0842435

26 16 0.0840773

27 16 0.0835793

28 16 0.0827514

29 16 0.0815969

30 16 0.0801204

31 16 0.0783277

32 16 0.0762258

33 16 0.0738232

34 16 0.0711292

35 16 0.0681545

36 16 0.0649108

37 16 0.0614109

38 16 0.0576687

39 16 0.0536989

40 16 0.0495171

41 16 0.0451399

42 16 0.0405846

43 16 0.0358692

44 16 0.0310121

45 16 0.0260327

46 16 0.0209505

47 16 0.0157857

48 16 0.0105585

49 16 0.0052897

50 16 0

0 17 0

1 17 0.00549004

2 17 0.0109584

3 17 0.0163835

4 17 0.021744

5 17 0.0270187

6 17 0.0321867

7 17 0.0372277

8 17 0.0421218

9 17 0.0468496

10 17 0.0513926

11 17 0.0557327

12 17 0.0598529

13 17 0.0637368

14 17 0.0673692

15 17 0.0707358

16 17 0.0738232

17 17 0.0766192

18 17 0.0791129

19 17 0.0812943

20 17 0.0831549

21 17 0.0846873

22 17 0.0858855

23 17 0.0867448

24 17 0.0872617

25 17 0.0874342

26 17 0.0872617

27 17 0.0867448

28 17 0.0858855

29 17 0.0846873

30 17 0.0831549

31 17 0.0812943

32 17 0.0791129

33 17 0.0766192

34 17 0.0738232

35 17 0.0707358

36 17 0.0673692

37 17 0.0637368

38 17 0.0598529

39 17 0.0557327

40 17 0.0513926

41 17 0.0468496

42 17 0.0421218

43 17 0.0372277

44 17 0.0321867

45 17 0.0270187

46 17 0.021744

47 17 0.0163835

48 17 0.0109584

49 17 0.00549004

50 17 0

0 18 0

1 18 0.00566872

2 18 0.0113151

3 18 0.0169168

4 18 0.0224517

5 18 0.027898

6 18 0.0332342

7 18 0.0384393

8 18 0.0434927

9 18 0.0483744

10 18 0.0530652

11 18 0.0575466

12 18 0.0618008

13 18 0.0658112

14 18 0.0695619

15 18 0.073038

16 18 0.0762258

17 18 0.0791129

18 18 0.0816877

19 18 0.0839401

20 18 0.0858613

21 18 0.0874436

22 18 0.0886808

23 18 0.089568

24 18 0.0901017

25 18 0.0902799

26 18 0.0901017

27 18 0.089568

28 18 0.0886808

29 18 0.0874436

30 18 0.0858613

31 18 0.0839401

32 18 0.0816877

33 18 0.0791129

34 18 0.0762258

35 18 0.073038

36 18 0.0695619

37 18 0.0658112

38 18 0.0618008

39 18 0.0575466

40 18 0.0530652

41 18 0.0483744

42 18 0.0434927

43 18 0.0384393

44 18 0.0332342

45 18 0.027898

46 18 0.0224517

47 18 0.0169168

48 18 0.0113151

49 18 0.00566872

50 18 0

0 19 0

1 19 0.00582503

2 19 0.0116271

3 19 0.0173832

4 19 0.0230708

5 19 0.0286673

6 19 0.0341506

7 19 0.0394992

8 19 0.0446919

9 19 0.0497082

10 19 0.0545284

11 19 0.0591333

12 19 0.0635049

13 19 0.0676259

14 19 0.0714799

15 19 0.0750519

16 19 0.0783277

17 19 0.0812943

18 19 0.0839401

19 19 0.0862547

20 19 0.0882288

21 19 0.0898547

22 19 0.091126

23 19 0.0920377

24 19 0.0925862

25 19 0.0927692

26 19 0.0925862

27 19 0.0920377

28 19 0.091126

29 19 0.0898547

30 19 0.0882288

31 19 0.0862547

32 19 0.0839401

33 19 0.0812943

34 19 0.0783277

35 19 0.0750519

36 19 0.0714799

37 19 0.0676259

38 19 0.0635049

39 19 0.0591333

40 19 0.0545284

41 19 0.0497082

42 19 0.0446919

43 19 0.0394992

44 19 0.0341506

45 19 0.0286673

46 19 0.0230708

47 19 0.0173832

48 19 0.0116271

49 19 0.00582503

50 19 0

0 20 0

1 20 0.00595835

2 20 0.0118932

3 20 0.0177811

4 20 0.0235988

5 20 0.0293234

6 20 0.0349323

7 20 0.0404033

8 20 0.0457148

9 20 0.0508459

10 20 0.0557764

11 20 0.0604867

12 20 0.0649584

13 20 0.0691736

14 20 0.0731159

15 20 0.0767696

16 20 0.0801204

17 20 0.0831549

18 20 0.0858613

19 20 0.0882288

20 20 0.0902481

21 20 0.0919113

22 20 0.0932117

23 20 0.0941442

24 20 0.0947052

25 20 0.0948925

26 20 0.0947052

27 20 0.0941442

28 20 0.0932117

29 20 0.0919113

30 20 0.0902481

31 20 0.0882288

32 20 0.0858613

33 20 0.0831549

34 20 0.0801204

35 20 0.0767696

36 20 0.0731159

37 20 0.0691736

38 20 0.0649584

39 20 0.0604867

40 20 0.0557764

41 20 0.0508459

42 20 0.0457148

43 20 0.0404033

44 20 0.0349323

45 20 0.0293234

46 20 0.0235988

47 20 0.0177811

48 20 0.0118932

49 20 0.00595835

50 20 0

0 21 0

1 21 0.00606815

2 21 0.0121124

3 21 0.0181088

4 21 0.0240337

5 21 0.0298638

6 21 0.035576

7 21 0.0411478

8 21 0.0465573

9 21 0.051783

10 21 0.0568043

11 21 0.0616014

12 21 0.0661555

13 21 0.0704484

14 21 0.0744633

15 21 0.0781844

16 21 0.0815969

17 21 0.0846873

18 21 0.0874436

19 21 0.0898547

20 21 0.0919113

21 21 0.0936051

22 21 0.0949294

23 21 0.0958792

24 21 0.0964505

25 21 0.0966412

26 21 0.0964505

27 21 0.0958792

28 21 0.0949294

29 21 0.0936051

30 21 0.0919113

31 21 0.0898547

32 21 0.0874436

33 21 0.0846873

34 21 0.0815969

35 21 0.0781844

36 21 0.0744633

37 21 0.0704484

38 21 0.0661555

39 21 0.0616014

40 21 0.0568043

41 21 0.051783

42 21 0.0465573

43 21 0.0411478

44 21 0.035576

45 21 0.0298638

46 21 0.0240337

47 21 0.0181088

48 21 0.0121124

49 21 0.00606815

50 21 0

0 22 0

1 22 0.00615401

2 22 0.0122837

3 22 0.018365

4 22 0.0243737

5 22 0.0302863

6 22 0.0360794

7 22 0.04173

8 22 0.047216

9 22 0.0525156

10 22 0.057608

11 22 0.062473

12 22 0.0670915

13 22 0.0714452

14 22 0.0755169

15 22 0.0792906

16 22 0.0827514

17 22 0.0858855

18 22 0.0886808

19 22 0.091126

20 22 0.0932117

21 22 0.0949294

22 22 0.0962725

23 22 0.0972357

24 22 0.0978152

25 22 0.0980086

26 22 0.0978152

27 22 0.0972357

28 22 0.0962725

29 22 0.0949294

30 22 0.0932117

31 22 0.091126

32 22 0.0886808

33 22 0.0858855

34 22 0.0827514

35 22 0.0792906

36 22 0.0755169

37 22 0.0714452

38 22 0.0670915

39 22 0.062473

40 22 0.057608

41 22 0.0525156

42 22 0.047216

43 22 0.04173

44 22 0.0360794

45 22 0.0302863

46 22 0.0243737

47 22 0.018365

48 22 0.0122837

49 22 0.00615401

50 22 0

0 23 0

1 23 0.00621558

2 23 0.0124066

3 23 0.0185487

4 23 0.0246176

5 23 0.0305893

6 23 0.0364403

7 23 0.0421475

8 23 0.0476884

9 23 0.053041

10 23 0.0581843

11 23 0.063098

12 23 0.0677627

13 23 0.0721599

14 23 0.0762724

15 23 0.0800839

16 23 0.0835793

17 23 0.0867448

18 23 0.089568

19 23 0.0920377

20 23 0.0941442

21 23 0.0958792

22 23 0.0972357

23 23 0.0982085

24 23 0.0987938

25 23 0.0989891

26 23 0.0987938

27 23 0.0982085

28 23 0.0972357

29 23 0.0958792

30 23 0.0941442

31 23 0.0920377

32 23 0.089568

33 23 0.0867448

34 23 0.0835793

35 23 0.0800839

36 23 0.0762724

37 23 0.0721599

38 23 0.0677627

39 23 0.063098

40 23 0.0581843

41 23 0.053041

42 23 0.0476884

43 23 0.0421475

44 23 0.0364403

45 23 0.0305893

46 23 0.0246176

47 23 0.0185487

48 23 0.0124066

49 23 0.00621558

50 23 0

0 24 0

1 24 0.00625262

2 24 0.0124806

3 24 0.0186592

4 24 0.0247643

5 24 0.0307716

6 24 0.0366575

7 24 0.0423987

8 24 0.0479725

9 24 0.0533571

10 24 0.058531

11 24 0.063474

12 24 0.0681665

13 24 0.0725899

14 24 0.0767269

15 24 0.0805611

16 24 0.0840773

17 24 0.0872617

18 24 0.0901017

19 24 0.0925862

20 24 0.0947052

21 24 0.0964505

22 24 0.0978152

23 24 0.0987938

24 24 0.0993825

25 24 0.099579

26 24 0.0993825

27 24 0.0987938

28 24 0.0978152

29 24 0.0964505

30 24 0.0947052

31 24 0.0925862

32 24 0.0901017

33 24 0.0872617

34 24 0.0840773

35 24 0.0805611

36 24 0.0767269

37 24 0.0725899

38 24 0.0681665

39 24 0.063474

40 24 0.058531

41 24 0.0533571

42 24 0.0479725

43 24 0.0423987

44 24 0.0366575

45 24 0.0307716

46 24 0.0247643

47 24 0.0186592

48 24 0.0124806

49 24 0.00625262

50 24 0

0 25 0

1 25 0.00626498

2 25 0.0125052

3 25 0.0186961

4 25 0.0248132

5 25 0.0308324

6 25 0.0367299

7 25 0.0424825

8 25 0.0480674

9 25 0.0534626

10 25 0.0586468

11 25 0.0635995

12 25 0.0683013

13 25 0.0727335

14 25 0.0768786

15 25 0.0807204

16 25 0.0842435

17 25 0.0874342

18 25 0.0902799

19 25 0.0927692

20 25 0.0948925

21 25 0.0966412

22 25 0.0980086

23 25 0.0989891

24 25 0.099579

25 25 0.0997759

26 25 0.099579

27 25 0.0989891

28 25 0.0980086

29 25 0.0966412

30 25 0.0948925

31 25 0.0927692

32 25 0.0902799

33 25 0.0874342

34 25 0.0842435

35 25 0.0807204

36 25 0.0768786

37 25 0.0727335

38 25 0.0683013

39 25 0.0635995

40 25 0.0586468

41 25 0.0534626

42 25 0.0480674

43 25 0.0424825

44 25 0.0367299

45 25 0.0308324

46 25 0.0248132

47 25 0.0186961

48 25 0.0125052

49 25 0.00626498

50 25 0

0 26 0

1 26 0.00625262

2 26 0.0124806

3 26 0.0186592

4 26 0.0247643

5 26 0.0307716

6 26 0.0366575

7 26 0.0423987

8 26 0.0479725

9 26 0.0533571

10 26 0.058531

11 26 0.063474

12 26 0.0681665

13 26 0.0725899

14 26 0.0767269

15 26 0.0805611

16 26 0.0840773

17 26 0.0872617

18 26 0.0901017

19 26 0.0925862

20 26 0.0947052

21 26 0.0964505

22 26 0.0978152

23 26 0.0987938

24 26 0.0993825

25 26 0.099579

26 26 0.0993825

27 26 0.0987938

28 26 0.0978152

29 26 0.0964505

30 26 0.0947052

31 26 0.0925862

32 26 0.0901017

33 26 0.0872617

34 26 0.0840773

35 26 0.0805611

36 26 0.0767269

37 26 0.0725899

38 26 0.0681665

39 26 0.063474

40 26 0.058531

41 26 0.0533571

42 26 0.0479725

43 26 0.0423987

44 26 0.0366575

45 26 0.0307716

46 26 0.0247643

47 26 0.0186592

48 26 0.0124806

49 26 0.00625262

50 26 0

0 27 0

1 27 0.00621558

2 27 0.0124066

3 27 0.0185487

4 27 0.0246176

5 27 0.0305893

6 27 0.0364403

7 27 0.0421475

8 27 0.0476884

9 27 0.053041

10 27 0.0581843

11 27 0.063098

12 27 0.0677627

13 27 0.0721599

14 27 0.0762724

15 27 0.0800839

16 27 0.0835793

17 27 0.0867448

18 27 0.089568

19 27 0.0920377

20 27 0.0941442

21 27 0.0958792

22 27 0.0972357

23 27 0.0982085

24 27 0.0987938

25 27 0.0989891

26 27 0.0987938

27 27 0.0982085

28 27 0.0972357

29 27 0.0958792

30 27 0.0941442

31 27 0.0920377

32 27 0.089568

33 27 0.0867448

34 27 0.0835793

35 27 0.0800839

36 27 0.0762724

37 27 0.0721599

38 27 0.0677627

39 27 0.063098

40 27 0.0581843

41 27 0.053041

42 27 0.0476884

43 27 0.0421475

44 27 0.0364403

45 27 0.0305893

46 27 0.0246176

47 27 0.0185487

48 27 0.0124066

49 27 0.00621558

50 27 0

0 28 0

1 28 0.00615401

2 28 0.0122837

3 28 0.018365

4 28 0.0243737

5 28 0.0302863

6 28 0.0360794

7 28 0.04173

8 28 0.047216

9 28 0.0525156

10 28 0.057608

11 28 0.062473

12 28 0.0670915

13 28 0.0714452

14 28 0.0755169

15 28 0.0792906

16 28 0.0827514

17 28 0.0858855

18 28 0.0886808

19 28 0.091126

20 28 0.0932117

21 28 0.0949294

22 28 0.0962725

23 28 0.0972357

24 28 0.0978152

25 28 0.0980086

26 28 0.0978152

27 28 0.0972357

28 28 0.0962725

29 28 0.0949294

30 28 0.0932117

31 28 0.091126

32 28 0.0886808

33 28 0.0858855

34 28 0.0827514

35 28 0.0792906

36 28 0.0755169

37 28 0.0714452

38 28 0.0670915

39 28 0.062473

40 28 0.057608

41 28 0.0525156

42 28 0.047216

43 28 0.04173

44 28 0.0360794

45 28 0.0302863

46 28 0.0243737

47 28 0.018365

48 28 0.0122837

49 28 0.00615401

50 28 0

0 29 0

1 29 0.00606815

2 29 0.0121124

3 29 0.0181088

4 29 0.0240337

5 29 0.0298638

6 29 0.035576

7 29 0.0411478

8 29 0.0465573

9 29 0.051783

10 29 0.0568043

11 29 0.0616014

12 29 0.0661555

13 29 0.0704484

14 29 0.0744633

15 29 0.0781844

16 29 0.0815969

17 29 0.0846873

18 29 0.0874436

19 29 0.0898547

20 29 0.0919113

21 29 0.0936051

22 29 0.0949294

23 29 0.0958792

24 29 0.0964505

25 29 0.0966412

26 29 0.0964505

27 29 0.0958792

28 29 0.0949294

29 29 0.0936051

30 29 0.0919113

31 29 0.0898547

32 29 0.0874436

33 29 0.0846873

34 29 0.0815969

35 29 0.0781844

36 29 0.0744633

37 29 0.0704484

38 29 0.0661555

39 29 0.0616014

40 29 0.0568043

41 29 0.051783

42 29 0.0465573

43 29 0.0411478

44 29 0.035576

45 29 0.0298638

46 29 0.0240337

47 29 0.0181088

48 29 0.0121124

49 29 0.00606815

50 29 0

0 30 0

1 30 0.00595835

2 30 0.0118932

3 30 0.0177811

4 30 0.0235988

5 30 0.0293234

6 30 0.0349323

7 30 0.0404033

8 30 0.0457148

9 30 0.0508459

10 30 0.0557764

11 30 0.0604867

12 30 0.0649584

13 30 0.0691736

14 30 0.0731159

15 30 0.0767696

16 30 0.0801204

17 30 0.0831549

18 30 0.0858613

19 30 0.0882288

20 30 0.0902481

21 30 0.0919113

22 30 0.0932117

23 30 0.0941442

24 30 0.0947052

25 30 0.0948925

26 30 0.0947052

27 30 0.0941442

28 30 0.0932117

29 30 0.0919113

30 30 0.0902481

31 30 0.0882288

32 30 0.0858613

33 30 0.0831549

34 30 0.0801204

35 30 0.0767696

36 30 0.0731159

37 30 0.0691736

38 30 0.0649584

39 30 0.0604867

40 30 0.0557764

41 30 0.0508459

42 30 0.0457148

43 30 0.0404033

44 30 0.0349323

45 30 0.0293234

46 30 0.0235988

47 30 0.0177811

48 30 0.0118932

49 30 0.00595835

50 30 0

0 31 0

1 31 0.00582503

2 31 0.0116271

3 31 0.0173832

4 31 0.0230708

5 31 0.0286673

6 31 0.0341506

7 31 0.0394992

8 31 0.0446919

9 31 0.0497082

10 31 0.0545284

11 31 0.0591333

12 31 0.0635049

13 31 0.0676259

14 31 0.0714799

15 31 0.0750519

16 31 0.0783277

17 31 0.0812943

18 31 0.0839401

19 31 0.0862547

20 31 0.0882288

21 31 0.0898547

22 31 0.091126

23 31 0.0920377

24 31 0.0925862

25 31 0.0927692

26 31 0.0925862

27 31 0.0920377

28 31 0.091126

29 31 0.0898547

30 31 0.0882288

31 31 0.0862547

32 31 0.0839401

33 31 0.0812943

34 31 0.0783277

35 31 0.0750519

36 31 0.0714799

37 31 0.0676259

38 31 0.0635049

39 31 0.0591333

40 31 0.0545284

41 31 0.0497082

42 31 0.0446919

43 31 0.0394992

44 31 0.0341506

45 31 0.0286673

46 31 0.0230708

47 31 0.0173832

48 31 0.0116271

49 31 0.00582503

50 31 0

0 32 0

1 32 0.00566872

2 32 0.0113151

3 32 0.0169168

4 32 0.0224517

5 32 0.027898

6 32 0.0332342

7 32 0.0384393

8 32 0.0434927

9 32 0.0483744

10 32 0.0530652

11 32 0.0575466

12 32 0.0618008

13 32 0.0658112

14 32 0.0695619

15 32 0.073038

16 32 0.0762258

17 32 0.0791129

18 32 0.0816877

19 32 0.0839401

20 32 0.0858613

21 32 0.0874436

22 32 0.0886808

23 32 0.089568

24 32 0.0901017

25 32 0.0902799

26 32 0.0901017

27 32 0.089568

28 32 0.0886808

29 32 0.0874436

30 32 0.0858613

31 32 0.0839401

32 32 0.0816877

33 32 0.0791129

34 32 0.0762258

35 32 0.073038

36 32 0.0695619

37 32 0.0658112

38 32 0.0618008

39 32 0.0575466

40 32 0.0530652

41 32 0.0483744

42 32 0.0434927

43 32 0.0384393

44 32 0.0332342

45 32 0.027898

46 32 0.0224517

47 32 0.0169168

48 32 0.0113151

49 32 0.00566872

50 32 0

0 33 0

1 33 0.00549004

2 33 0.0109584

3 33 0.0163835

4 33 0.021744

5 33 0.0270187

6 33 0.0321867

7 33 0.0372277

8 33 0.0421218

9 33 0.0468496

10 33 0.0513926

11 33 0.0557327

12 33 0.0598529

13 33 0.0637368

14 33 0.0673692

15 33 0.0707358

16 33 0.0738232

17 33 0.0766192

18 33 0.0791129

19 33 0.0812943

20 33 0.0831549

21 33 0.0846873

22 33 0.0858855

23 33 0.0867448

24 33 0.0872617

25 33 0.0874342

26 33 0.0872617

27 33 0.0867448

28 33 0.0858855

29 33 0.0846873

30 33 0.0831549

31 33 0.0812943

32 33 0.0791129

33 33 0.0766192

34 33 0.0738232

35 33 0.0707358

36 33 0.0673692

37 33 0.0637368

38 33 0.0598529

39 33 0.0557327

40 33 0.0513926

41 33 0.0468496

42 33 0.0421218

43 33 0.0372277

44 33 0.0321867

45 33 0.0270187

46 33 0.021744

47 33 0.0163835

48 33 0.0109584

49 33 0.00549004

50 33 0

0 34 0

1 34 0.0052897

2 34 0.0105585

3 34 0.0157857

4 34 0.0209505

5 34 0.0260327

6 34 0.0310121

7 34 0.0358692

8 34 0.0405846

9 34 0.0451399

10 34 0.0495171

11 34 0.0536989

12 34 0.0576687

13 34 0.0614109

14 34 0.0649108

15 34 0.0681545

16 34 0.0711292

17 34 0.0738232

18 34 0.0762258

19 34 0.0783277

20 34 0.0801204

21 34 0.0815969

22 34 0.0827514

23 34 0.0835793

24 34 0.0840773

25 34 0.0842435

26 34 0.0840773

27 34 0.0835793

28 34 0.0827514

29 34 0.0815969

30 34 0.0801204

31 34 0.0783277

32 34 0.0762258

33 34 0.0738232

34 34 0.0711292

35 34 0.0681545

36 34 0.0649108

37 34 0.0614109

38 34 0.0576687

39 34 0.0536989

40 34 0.0495171

41 34 0.0451399

42 34 0.0405846

43 34 0.0358692

44 34 0.0310121

45 34 0.0260327

46 34 0.0209505

47 34 0.0157857

48 34 0.0105585

49 34 0.0052897

50 34 0

0 35 0

1 35 0.00506847

2 35 0.0101169

3 35 0.0151255

4 35 0.0200743

5 35 0.024944

6 35 0.0297151

7 35 0.0343691

8 35 0.0388873

9 35 0.0432521

10 35 0.0474462

11 35 0.0514531

12 35 0.0552569

13 35 0.0588426

14 35 0.0621961

15 35 0.0653041

16 35 0.0681545

17 35 0.0707358

18 35 0.073038

19 35 0.0750519

20 35 0.0767696

21 35 0.0781844

22 35 0.0792906

23 35 0.0800839

24 35 0.0805611

25 35 0.0807204

26 35 0.0805611

27 35 0.0800839

28 35 0.0792906

29 35 0.0781844

30 35 0.0767696

31 35 0.0750519

32 35 0.073038

33 35 0.0707358

34 35 0.0681545

35 35 0.0653041

36 35 0.0621961

37 35 0.0588426

38 35 0.0552569

39 35 0.0514531

40 35 0.0474462

41 35 0.0432521

42 35 0.0388873

43 35 0.0343691

44 35 0.0297151

45 35 0.024944

46 35 0.0200743

47 35 0.0151255

48 35 0.0101169

49 35 0.00506847

50 35 0

0 36 0

1 36 0.00482725

2 36 0.00963545

3 36 0.0144056

4 36 0.0191189

5 36 0.0237568

6 36 0.0283009

7 36 0.0327333

8 36 0.0370366

9 36 0.0411936

10 36 0.0451881

11 36 0.0490043

12 36 0.052627

13 36 0.0560421

14 36 0.059236

15 36 0.0621961

16 36 0.0649108

17 36 0.0673692

18 36 0.0695619

19 36 0.0714799

20 36 0.0731159

21 36 0.0744633

22 36 0.0755169

23 36 0.0762724

24 36 0.0767269

25 36 0.0768786

26 36 0.0767269

27 36 0.0762724

28 36 0.0755169

29 36 0.0744633

30 36 0.0731159

31 36 0.0714799

32 36 0.0695619

33 36 0.0673692

34 36 0.0649108

35 36 0.0621961

36 36 0.059236

37 36 0.0560421

38 36 0.052627

39 36 0.0490043

40 36 0.0451881

41 36 0.0411936

42 36 0.0370366

43 36 0.0327333

44 36 0.0283009

45 36 0.0237568

46 36 0.0191189

47 36 0.0144056

48 36 0.00963545

49 36 0.00482725

50 36 0

0 37 0

1 37 0.00456697

2 37 0.00911592

3 37 0.0136289

4 37 0.0180881

5 37 0.0224759

6 37 0.026775

7 37 0.0309684

8 37 0.0350396

9 37 0.0389725

10 37 0.0427517

11 37 0.0463621

12 37 0.0497895

13 37 0.0530204

14 37 0.0560421

15 37 0.0588426

16 37 0.0614109

17 37 0.0637368

18 37 0.0658112

19 37 0.0676259

20 37 0.0691736

21 37 0.0704484

22 37 0.0714452

23 37 0.0721599

24 37 0.0725899

25 37 0.0727335

26 37 0.0725899

27 37 0.0721599

28 37 0.0714452

29 37 0.0704484

30 37 0.0691736

31 37 0.0676259

32 37 0.0658112

33 37 0.0637368

34 37 0.0614109

35 37 0.0588426

36 37 0.0560421

37 37 0.0530204

38 37 0.0497895

39 37 0.0463621

40 37 0.0427517

41 37 0.0389725

42 37 0.0350396

43 37 0.0309684

44 37 0.026775

45 37 0.0224759

46 37 0.0180881

47 37 0.0136289

48 37 0.00911592

49 37 0.00456697

50 37 0

0 38 0

1 38 0.00428867

2 38 0.00856042

3 38 0.0127984

4 38 0.0169858

5 38 0.0211063

6 38 0.0251434

7 38 0.0290813

8 38 0.0329044

9 38 0.0365977

10 38 0.0401465

11 38 0.0435369

12 38 0.0467554

13 38 0.0497895

14 38 0.052627

15 38 0.0552569

16 38 0.0576687

17 38 0.0598529

18 38 0.0618008

19 38 0.0635049

20 38 0.0649584

21 38 0.0661555

22 38 0.0670915

23 38 0.0677627

24 38 0.0681665

25 38 0.0683013

26 38 0.0681665

27 38 0.0677627

28 38 0.0670915

29 38 0.0661555

30 38 0.0649584

31 38 0.0635049

32 38 0.0618008

33 38 0.0598529

34 38 0.0576687

35 38 0.0552569

36 38 0.052627

37 38 0.0497895

38 38 0.0467554

39 38 0.0435369

40 38 0.0401465

41 38 0.0365977

42 38 0.0329044

43 38 0.0290813

44 38 0.0251434

45 38 0.0211063

46 38 0.0169858

47 38 0.0127984

48 38 0.00856042

49 38 0.00428867

50 38 0

0 39 0

1 39 0.00399345

2 39 0.00797113

3 39 0.0119174

4 39 0.0158166

5 39 0.0196533

6 39 0.0234125

7 39 0.0270794

8 39 0.0306393

9 39 0.0340783

10 39 0.0373829

11 39 0.0405399

12 39 0.0435369

13 39 0.0463621

14 39 0.0490043

15 39 0.0514531

16 39 0.0536989

17 39 0.0557327

18 39 0.0575466

19 39 0.0591333

20 39 0.0604867

21 39 0.0616014

22 39 0.062473

23 39 0.063098

24 39 0.063474

25 39 0.0635995

26 39 0.063474

27 39 0.063098

28 39 0.062473

29 39 0.0616014

30 39 0.0604867

31 39 0.0591333

32 39 0.0575466

33 39 0.0557327

34 39 0.0536989

35 39 0.0514531

36 39 0.0490043

37 39 0.0463621

38 39 0.0435369

39 39 0.0405399

40 39 0.0373829

41 39 0.0340783

42 39 0.0306393

43 39 0.0270794

44 39 0.0234125

45 39 0.0196533

46 39 0.0158166

47 39 0.0119174

48 39 0.00797113

49 39 0.00399345

50 39 0

0 40 0

1 40 0.00368246

2 40 0.00735039

3 40 0.0109893

4 40 0.0145849

5 40 0.0181229

6 40 0.0215893

7 40 0.0249706

8 40 0.0282533

9 40 0.0314245

10 40 0.0344717

11 40 0.0373829

12 40 0.0401465

13 40 0.0427517

14 40 0.0451881

15 40 0.0474462

16 40 0.0495171

17 40 0.0513926

18 40 0.0530652

19 40 0.0545284

20 40 0.0557764

21 40 0.0568043

22 40 0.057608

23 40 0.0581843

24 40 0.058531

25 40 0.0586468

26 40 0.058531

27 40 0.0581843

28 40 0.057608

29 40 0.0568043

30 40 0.0557764

31 40 0.0545284

32 40 0.0530652

33 40 0.0513926

34 40 0.0495171

35 40 0.0474462

36 40 0.0451881

37 40 0.0427517

38 40 0.0401465

39 40 0.0373829

40 40 0.0344717

41 40 0.0314245

42 40 0.0282533

43 40 0.0249706

44 40 0.0215893

45 40 0.0181229

46 40 0.0145849

47 40 0.0109893

48 40 0.00735039

49 40 0.00368246

50 40 0

0 41 0

1 41 0.00335694

2 41 0.00670064

3 41 0.0100179

4 41 0.0132956

5 41 0.0165208

6 41 0.0196809

7 41 0.0227633

8 41 0.0257558

9 41 0.0286467

10 41 0.0314245

11 41 0.0340783

12 41 0.0365977

13 41 0.0389725

14 41 0.0411936

15 41 0.0432521

16 41 0.0451399

17 41 0.0468496

18 41 0.0483744

19 41 0.0497082

20 41 0.0508459

21 41 0.051783

22 41 0.0525156

23 41 0.053041

24 41 0.0533571

25 41 0.0534626

26 41 0.0533571

27 41 0.053041

28 41 0.0525156

29 41 0.051783

30 41 0.0508459

31 41 0.0497082

32 41 0.0483744

33 41 0.0468496

34 41 0.0451399

35 41 0.0432521

36 41 0.0411936

37 41 0.0389725

38 41 0.0365977

39 41 0.0340783

40 41 0.0314245

41 41 0.0286467

42 41 0.0257558

43 41 0.0227633

44 41 0.0196809

45 41 0.0165208

46 41 0.0132956

47 41 0.0100179

48 41 0.00670064

49 41 0.00335694

50 41 0

0 42 0

1 42 0.00301818

2 42 0.00602444

3 42 0.00900693

4 42 0.0119539

5 42 0.0148536

6 42 0.0176948

7 42 0.0204661

8 42 0.0231566

9 42 0.0257558

10 42 0.0282533

11 42 0.0306393

12 42 0.0329044

13 42 0.0350396

14 42 0.0370366

15 42 0.0388873

16 42 0.0405846

17 42 0.0421218

18 42 0.0434927

19 42 0.0446919

20 42 0.0457148

21 42 0.0465573

22 42 0.047216

23 42 0.0476884

24 42 0.0479725

25 42 0.0480674

26 42 0.0479725

27 42 0.0476884

28 42 0.047216

29 42 0.0465573

30 42 0.0457148

31 42 0.0446919

32 42 0.0434927

33 42 0.0421218

34 42 0.0405846

35 42 0.0388873

36 42 0.0370366

37 42 0.0350396

38 42 0.0329044

39 42 0.0306393

40 42 0.0282533

41 42 0.0257558

42 42 0.0231566

43 42 0.0204661

44 42 0.0176948

45 42 0.0148536

46 42 0.0119539

47 42 0.00900693

48 42 0.00602444

49 42 0.00301818

50 42 0

0 43 0

1 43 0.0026675

2 43 0.00532447

3 43 0.00796043

4 43 0.010565

5 43 0.0131278

6 43 0.0156388

7 43 0.0180882

8 43 0.0204661

9 43 0.0227633

10 43 0.0249706

11 43 0.0270794

12 43 0.0290813

13 43 0.0309684

14 43 0.0327333

15 43 0.0343691

16 43 0.0358692

17 43 0.0372277

18 43 0.0384393

19 43 0.0394992

20 43 0.0404033

21 43 0.0411478

22 43 0.04173

23 43 0.0421475

24 43 0.0423987

25 43 0.0424825

26 43 0.0423987

27 43 0.0421475

28 43 0.04173

29 43 0.0411478

30 43 0.0404033

31 43 0.0394992

32 43 0.0384393

33 43 0.0372277

34 43 0.0358692

35 43 0.0343691

36 43 0.0327333

37 43 0.0309684

38 43 0.0290813

39 43 0.0270794

40 43 0.0249706

41 43 0.0227633

42 43 0.0204661

43 43 0.0180882

44 43 0.0156388

45 43 0.0131278

46 43 0.010565

47 43 0.00796043

48 43 0.00532447

49 43 0.0026675

50 43 0

0 44 0

1 44 0.00230629

2 44 0.00460348

3 44 0.0068825

4 44 0.00913437

5 44 0.0113502

6 44 0.0135212

7 44 0.0156388

8 44 0.0176948

9 44 0.0196809

10 44 0.0215893

11 44 0.0234125

12 44 0.0251434

13 44 0.026775

14 44 0.0283009

15 44 0.0297151

16 44 0.0310121

17 44 0.0321867

18 44 0.0332342

19 44 0.0341506

20 44 0.0349323

21 44 0.035576

22 44 0.0360794

23 44 0.0364403

24 44 0.0366575

25 44 0.0367299

26 44 0.0366575

27 44 0.0364403

28 44 0.0360794

29 44 0.035576

30 44 0.0349323

31 44 0.0341506

32 44 0.0332342

33 44 0.0321867

34 44 0.0310121

35 44 0.0297151

36 44 0.0283009

37 44 0.026775

38 44 0.0251434

39 44 0.0234125

40 44 0.0215893

41 44 0.0196809

42 44 0.0176948

43 44 0.0156388

44 44 0.0135212

45 44 0.0113502

46 44 0.00913437

47 44 0.0068825

48 44 0.00460348

49 44 0.00230629

50 44 0

0 45 0

1 45 0.00193598

2 45 0.00386433

3 45 0.00577742

4 45 0.00766771

5 45 0.00952775

6 45 0.0113502

7 45 0.0131278

8 45 0.0148536

9 45 0.0165208

10 45 0.0181229

11 45 0.0196533

12 45 0.0211063

13 45 0.0224759

14 45 0.0237568

15 45 0.024944

16 45 0.0260327

17 45 0.0270187

18 45 0.027898

19 45 0.0286673

20 45 0.0293234

21 45 0.0298638

22 45 0.0302863

23 45 0.0305893

24 45 0.0307716

25 45 0.0308324

26 45 0.0307716

27 45 0.0305893

28 45 0.0302863

29 45 0.0298638

30 45 0.0293234

31 45 0.0286673

32 45 0.027898

33 45 0.0270187

34 45 0.0260327

35 45 0.024944

36 45 0.0237568

37 45 0.0224759

38 45 0.0211063

39 45 0.0196533

40 45 0.0181229

41 45 0.0165208

42 45 0.0148536

43 45 0.0131278

44 45 0.0113502

45 45 0.00952775

46 45 0.00766771

47 45 0.00577742

48 45 0.00386433

49 45 0.00193598

50 45 0

0 46 0

1 46 0.00155804

2 46 0.00310992

3 46 0.00464954

4 46 0.0061708

5 46 0.00766771

6 46 0.00913437

7 46 0.010565

8 46 0.0119539

9 46 0.0132956

10 46 0.0145849

11 46 0.0158166

12 46 0.0169858

13 46 0.0180881

14 46 0.0191189

15 46 0.0200743

16 46 0.0209505

17 46 0.021744

18 46 0.0224517

19 46 0.0230708

20 46 0.0235988

21 46 0.0240337

22 46 0.0243737

23 46 0.0246176

24 46 0.0247643

25 46 0.0248132

26 46 0.0247643

27 46 0.0246176

28 46 0.0243737

29 46 0.0240337

30 46 0.0235988

31 46 0.0230708

32 46 0.0224517

33 46 0.021744

34 46 0.0209505

35 46 0.0200743

36 46 0.0191189

37 46 0.0180881

38 46 0.0169858

39 46 0.0158166

40 46 0.0145849

41 46 0.0132956

42 46 0.0119539

43 46 0.010565

44 46 0.00913437

45 46 0.00766771

46 46 0.0061708

47 46 0.00464954

48 46 0.00310992

49 46 0.00155804

50 46 0

0 47 0

1 47 0.00117394

2 47 0.00234325

3 47 0.00350331

4 47 0.00464954

5 47 0.00577742

6 47 0.0068825

7 47 0.00796043

8 47 0.00900693

9 47 0.0100179

10 47 0.0109893

11 47 0.0119174

12 47 0.0127984

13 47 0.0136289

14 47 0.0144056

15 47 0.0151255

16 47 0.0157857

17 47 0.0163835

18 47 0.0169168

19 47 0.0173832

20 47 0.0177811

21 47 0.0181088

22 47 0.018365

23 47 0.0185487

24 47 0.0186592

25 47 0.0186961

26 47 0.0186592

27 47 0.0185487

28 47 0.018365

29 47 0.0181088

30 47 0.0177811

31 47 0.0173832

32 47 0.0169168

33 47 0.0163835

34 47 0.0157857

35 47 0.0151255

36 47 0.0144056

37 47 0.0136289

38 47 0.0127984

39 47 0.0119174

40 47 0.0109893

41 47 0.0100179

42 47 0.00900693

43 47 0.00796043

44 47 0.0068825

45 47 0.00577742

46 47 0.00464954

47 47 0.00350331

48 47 0.00234325

49 47 0.00117394

50 47 0

0 48 0

1 48 0.00078521

2 48 0.00156732

3 48 0.00234325

4 48 0.00310992

5 48 0.00386433

6 48 0.00460348

7 48 0.00532447

8 48 0.00602444

9 48 0.00670064

10 48 0.00735039

11 48 0.00797113

12 48 0.00856042

13 48 0.00911592

14 48 0.00963545

15 48 0.0101169

16 48 0.0105585

17 48 0.0109584

18 48 0.0113151

19 48 0.0116271

20 48 0.0118932

21 48 0.0121124

22 48 0.0122837

23 48 0.0124066

24 48 0.0124806

25 48 0.0125052

26 48 0.0124806

27 48 0.0124066

28 48 0.0122837

29 48 0.0121124

30 48 0.0118932

31 48 0.0116271

32 48 0.0113151

33 48 0.0109584

34 48 0.0105585

35 48 0.0101169

36 48 0.00963545

37 48 0.00911592

38 48 0.00856042

39 48 0.00797113

40 48 0.00735039

41 48 0.00670064

42 48 0.00602444

43 48 0.00532447

44 48 0.00460348

45 48 0.00386433

46 48 0.00310992

47 48 0.00234325

48 48 0.00156732

