0 1 0

1 1 0.000839269

2 1 0.00167523

3 1 0.00250457

4 1 0.00332403

5 1 0.00413037

6 1 0.00492042

7 1 0.00569104

8 1 0.0064392

9 1 0.00716195

10 1 0.00785644

11 1 0.00851992

12 1 0.00914977

13 1 0.00974352

14 1 0.0102988

15 1 0.0108135

16 1 0.0112854

17 1 0.0117129

18 1 0.0120941

19 1 0.0124276

20 1 0.012712

21 1 0.0129462

22 1 0.0131294

23 1 0.0132608

24 1 0.0133398

25 1 0.0133662

26 1 0.0133398

27 1 0.0132608

28 1 0.0131294

29 1 0.0129462

30 1 0.012712

31 1 0.0124276

32 1 0.0120941

33 1 0.0117129

34 1 0.0112854

35 1 0.0108135

36 1 0.0102988

37 1 0.00974352

38 1 0.00914977

39 1 0.00851992

40 1 0.00785644

41 1 0.00716195

42 1 0.0064392

43 1 0.00569104

44 1 0.00492042

45 1 0.00413037

46 1 0.00332403

47 1 0.00250457

48 1 0.00167523

49 1 0.000839269

50 1 0

0 2 0

1 2 0.00167523

2 2 0.00334384

3 2 0.00499926

4 2 0.00663495

5 2 0.00824445

6 2 0.00982141

7 2 0.0113596

8 2 0.012853

9 2 0.0142956

10 2 0.0156819

11 2 0.0170062

12 2 0.0182634

13 2 0.0194486

14 2 0.020557

15 2 0.0215842

16 2 0.0225263

17 2 0.0233795

18 2 0.0241404

19 2 0.0248061

20 2 0.0253738

21 2 0.0258414

22 2 0.026207

23 2 0.0264692

24 2 0.0266269

25 2 0.0266796

26 2 0.0266269

27 2 0.0264692

28 2 0.026207

29 2 0.0258414

30 2 0.0253738

31 2 0.0248061

32 2 0.0241404

33 2 0.0233795

34 2 0.0225263

35 2 0.0215842

36 2 0.020557

37 2 0.0194486

38 2 0.0182634

39 2 0.0170062

40 2 0.0156819

41 2 0.0142956

42 2 0.012853

43 2 0.0113596

44 2 0.00982141

45 2 0.00824445

46 2 0.00663495

47 2 0.00499926

48 2 0.00334384

49 2 0.00167523

50 2 0

0 3 0

1 3 0.00250457

2 3 0.00499926

3 3 0.00747421

4 3 0.00991967

5 3 0.012326

6 3 0.0146837

7 3 0.0169834

8 3 0.0192161

9 3 0.0213729

10 3 0.0234454

11 3 0.0254254

12 3 0.027305

13 3 0.0290769

14 3 0.030734

15 3 0.0322698

16 3 0.0336783

17 3 0.0349539

18 3 0.0360915

19 3 0.0370867

20 3 0.0379355

21 3 0.0386346

22 3 0.0391812

23 3 0.0395732

24 3 0.039809

25 3 0.0398877

26 3 0.039809

27 3 0.0395732

28 3 0.0391812

29 3 0.0386346

30 3 0.0379355

31 3 0.0370867

32 3 0.0360915

33 3 0.0349539

34 3 0.0336783

35 3 0.0322698

36 3 0.030734

37 3 0.0290769

38 3 0.027305

39 3 0.0254254

40 3 0.0234454

41 3 0.0213729

42 3 0.0192161

43 3 0.0169834

44 3 0.0146837

45 3 0.012326

46 3 0.00991967

47 3 0.00747421

48 3 0.00499926

49 3 0.00250457

50 3 0

0 4 0

1 4 0.00332403

2 4 0.00663495

3 4 0.00991967

4 4 0.0131653

5 4 0.0163589

6 4 0.0194879

7 4 0.0225401

8 4 0.0255033

9 4 0.0283658

10 4 0.0311164

11 4 0.0337442

12 4 0.0362389

13 4 0.0385905

14 4 0.0407898

15 4 0.0428281

16 4 0.0446974

17 4 0.0463903

18 4 0.0479001

19 4 0.0492209

20 4 0.0503474

21 4 0.0512753

22 4 0.0520008

23 4 0.052521

24 4 0.052834

25 4 0.0529384

26 4 0.052834

27 4 0.052521

28 4 0.0520008

29 4 0.0512753

30 4 0.0503474

31 4 0.0492209

32 4 0.0479001

33 4 0.0463903

34 4 0.0446974

35 4 0.0428281

36 4 0.0407898

37 4 0.0385905

38 4 0.0362389

39 4 0.0337442

40 4 0.0311164

41 4 0.0283658

42 4 0.0255033

43 4 0.0225401

44 4 0.0194879

45 4 0.0163589

46 4 0.0131653

47 4 0.00991967

48 4 0.00663495

49 4 0.00332403

50 4 0

0 5 0

1 5 0.00413037

2 5 0.00824445

3 5 0.012326

4 5 0.0163589

5 5 0.0203272

6 5 0.0242153

7 5 0.0280079

8 5 0.0316899

9 5 0.0352468

10 5 0.0386646

11 5 0.0419299

12 5 0.0450297

13 5 0.0479517

14 5 0.0506845

15 5 0.0532173

16 5 0.0555401

17 5 0.0576436

18 5 0.0595197

19 5 0.0611609

20 5 0.0625607

21 5 0.0637136

22 5 0.0646151

23 5 0.0652615

24 5 0.0656504

25 5 0.0657802

26 5 0.0656504

27 5 0.0652615

28 5 0.0646151

29 5 0.0637136

30 5 0.0625607

31 5 0.0611609

32 5 0.0595197

33 5 0.0576436

34 5 0.0555401

35 5 0.0532173

36 5 0.0506845

37 5 0.0479517

38 5 0.0450297

39 5 0.0419299

40 5 0.0386646

41 5 0.0352468

42 5 0.0316899

43 5 0.0280079

44 5 0.0242153

45 5 0.0203272

46 5 0.0163589

47 5 0.012326

48 5 0.00824445

49 5 0.00413037

50 5 0

0 6 0

1 6 0.00492042

2 6 0.00982141

3 6 0.0146837

4 6 0.0194879

5 6 0.0242153

6 6 0.0288471

7 6 0.0333651

8 6 0.0377514

9 6 0.0419887

10 6 0.0460603

11 6 0.0499501

12 6 0.0536428

13 6 0.0571237

14 6 0.0603793

15 6 0.0633965

16 6 0.0661636

17 6 0.0686695

18 6 0.0709044

19 6 0.0728595

20 6 0.0745271

21 6 0.0759005

22 6 0.0769744

23 6 0.0777445

24 6 0.0782078

25 6 0.0783624

26 6 0.0782078

27 6 0.0777445

28 6 0.0769744

29 6 0.0759005

30 6 0.0745271

31 6 0.0728595

32 6 0.0709044

33 6 0.0686695

34 6 0.0661636

35 6 0.0633965

36 6 0.0603793

37 6 0.0571237

38 6 0.0536428

39 6 0.0499501

40 6 0.0460603

41 6 0.0419887

42 6 0.0377514

43 6 0.0333651

44 6 0.0288471

45 6 0.0242153

46 6 0.0194879

47 6 0.0146837

48 6 0.00982141

49 6 0.00492042

50 6 0

0 7 0

1 7 0.00569104

2 7 0.0113596

3 7 0.0169834

4 7 0.0225401

5 7 0.0280079

6 7 0.0333651

7 7 0.0385906

8 7 0.0436639

9 7 0.0485648

10 7 0.0532741

11 7 0.0577731

12 7 0.0620442

13 7 0.0660703

14 7 0.0698357

15 7 0.0733255

16 7 0.0765259

17 7 0.0794243

18 7 0.0820093

19 7 0.0842706

20 7 0.0861993

21 7 0.0877879

22 7 0.0890299

23 7 0.0899206

24 7 0.0904565

25 7 0.0906353

26 7 0.0904565

27 7 0.0899206

28 7 0.0890299

29 7 0.0877879

30 7 0.0861993

31 7 0.0842706

32 7 0.0820093

33 7 0.0794243

34 7 0.0765259

35 7 0.0733255

36 7 0.0698357

37 7 0.0660703

38 7 0.0620442

39 7 0.0577731

40 7 0.0532741

41 7 0.0485648

42 7 0.0436639

43 7 0.0385906

44 7 0.0333651

45 7 0.0280079

46 7 0.0225401

47 7 0.0169834

48 7 0.0113596

49 7 0.00569104

50 7 0

0 8 0

1 8 0.0064392

2 8 0.012853

3 8 0.0192161

4 8 0.0255033

5 8 0.0316899

6 8 0.0377514

7 8 0.0436639

8 8 0.0494041

9 8 0.0549493

10 8 0.0602777

11 8 0.0653682

12 8 0.0702007

13 8 0.0747561

14 8 0.0790166

15 8 0.0829651

16 8 0.0865863

17 8 0.0898657

18 8 0.0927905

19 8 0.0953491

20 8 0.0975314

21 8 0.0993287

22 8 0.100734

23 8 0.101742

24 8 0.102348

25 8 0.102551

26 8 0.102348

27 8 0.101742

28 8 0.100734

29 8 0.0993287

30 8 0.0975314

31 8 0.0953491

32 8 0.0927905

33 8 0.0898657

34 8 0.0865863

35 8 0.0829651

36 8 0.0790166

37 8 0.0747561

38 8 0.0702007

39 8 0.0653682

40 8 0.0602777

41 8 0.0549493

42 8 0.0494041

43 8 0.0436639

44 8 0.0377514

45 8 0.0316899

46 8 0.0255033

47 8 0.0192161

48 8 0.012853

49 8 0.0064392

50 8 0

0 9 0

1 9 0.00716195

2 9 0.0142956

3 9 0.0213729

4 9 0.0283658

5 9 0.0352468

6 9 0.0419887

7 9 0.0485648

8 9 0.0549493

9 9 0.061117

10 9 0.0670434

11 9 0.0727053

12 9 0.0780802

13 9 0.0831469

14 9 0.0878856

15 9 0.0922773

16 9 0.0963049

17 9 0.0999525

18 9 0.103206

19 9 0.106051

20 9 0.108479

21 9 0.110478

22 9 0.112041

23 9 0.113162

24 9 0.113836

25 9 0.114061

26 9 0.113836

27 9 0.113162

28 9 0.112041

29 9 0.110478

30 9 0.108479

31 9 0.106051

32 9 0.103206

33 9 0.0999525

34 9 0.0963049

35 9 0.0922773

36 9 0.0878856

37 9 0.0831469

38 9 0.0780802

39 9 0.0727053

40 9 0.0670434

41 9 0.061117

42 9 0.0549493

43 9 0.0485648

44 9 0.0419887

45 9 0.0352468

46 9 0.0283658

47 9 0.0213729

48 9 0.0142956

49 9 0.00716195

50 9 0

0 10 0

1 10 0.00785644

2 10 0.0156819

3 10 0.0234454

4 10 0.0311164

5 10 0.0386646

6 10 0.0460603

7 10 0.0532741

8 10 0.0602777

9 10 0.0670434

10 10 0.0735445

11 10 0.0797554

12 10 0.0856515

13 10 0.0912096

14 10 0.0964077

15 10 0.101225

16 10 0.105644

17 10 0.109645

18 10 0.113213

19 10 0.116335

20 10 0.118998

21 10 0.121191

22 10 0.122905

23 10 0.124135

24 10 0.124875

25 10 0.125121

26 10 0.124875

27 10 0.124135

28 10 0.122905

29 10 0.121191

30 10 0.118998

31 10 0.116335

32 10 0.113213

33 10 0.109645

34 10 0.105644

35 10 0.101225

36 10 0.0964077

37 10 0.0912096

38 10 0.0856515

39 10 0.0797554

40 10 0.0735445

41 10 0.0670434

42 10 0.0602777

43 10 0.0532741

44 10 0.0460603

45 10 0.0386646

46 10 0.0311164

47 10 0.0234454

48 10 0.0156819

49 10 0.00785644

50 10 0

0 11 0

1 11 0.00851992

2 11 0.0170062

3 11 0.0254254

4 11 0.0337442

5 11 0.0419299

6 11 0.0499501

7 11 0.0577731

8 11 0.0653682

9 11 0.0727053

10 11 0.0797554

11 11 0.0864908

12 11 0.0928848

13 11 0.0989123

14 11 0.104549

15 11 0.109774

16 11 0.114565

17 11 0.118904

18 11 0.122774

19 11 0.126159

20 11 0.129047

21 11 0.131425

22 11 0.133285

23 11 0.134618

24 11 0.13542

25 11 0.135688

26 11 0.13542

27 11 0.134618

28 11 0.133285

29 11 0.131425

30 11 0.129047

31 11 0.126159

32 11 0.122774

33 11 0.118904

34 11 0.114565

35 11 0.109774

36 11 0.104549

37 11 0.0989123

38 11 0.0928848

39 11 0.0864908

40 11 0.0797554

41 11 0.0727053

42 11 0.0653682

43 11 0.0577731

44 11 0.0499501

45 11 0.0419299

46 11 0.0337442

47 11 0.0254254

48 11 0.0170062

49 11 0.00851992

50 11 0

0 12 0

1 12 0.00914977

2 12 0.0182634

3 12 0.027305

4 12 0.0362389

5 12 0.0450297

6 12 0.0536428

7 12 0.0620442

8 12 0.0702007

9 12 0.0780802

10 12 0.0856515

11 12 0.0928848

12 12 0.0997516

13 12 0.106225

14 12 0.112278

15 12 0.117889

16 12 0.123035

17 12 0.127695

18 12 0.131851

19 12 0.135486

20 12 0.138587

21 12 0.141141

22 12 0.143138

23 12 0.14457

24 12 0.145432

25 12 0.145719

26 12 0.145432

27 12 0.14457

28 12 0.143138

29 12 0.141141

30 12 0.138587

31 12 0.135486

32 12 0.131851

33 12 0.127695

34 12 0.123035

35 12 0.117889

36 12 0.112278

37 12 0.106225

38 12 0.0997516

39 12 0.0928848

40 12 0.0856515

41 12 0.0780802

42 12 0.0702007

43 12 0.0620442

44 12 0.0536428

45 12 0.0450297

46 12 0.0362389

47 12 0.027305

48 12 0.0182634

49 12 0.00914977

50 12 0

0 13 0

1 13 0.00974352

2 13 0.0194486

3 13 0.0290769

4 13 0.0385905

5 13 0.0479517

6 13 0.0571237

7 13 0.0660703

8 13 0.0747561

9 13 0.0831469

10 13 0.0912096

11 13 0.0989123

12 13 0.106225

13 13 0.113118

14 13 0.119564

15 13 0.125539

16 13 0.131019

17 13 0.135981

18 13 0.140407

19 13 0.144278

20 13 0.14758

21 13 0.1503

22 13 0.152426

23 13 0.153951

24 13 0.154869

25 13 0.155175

26 13 0.154869

27 13 0.153951

28 13 0.152426

29 13 0.1503

30 13 0.14758

31 13 0.144278

32 13 0.140407

33 13 0.135981

34 13 0.131019

35 13 0.125539

36 13 0.119564

37 13 0.113118

38 13 0.106225

39 13 0.0989123

40 13 0.0912096

41 13 0.0831469

42 13 0.0747561

43 13 0.0660703

44 13 0.0571237

45 13 0.0479517

46 13 0.0385905

47 13 0.0290769

48 13 0.0194486

49 13 0.00974352

50 13 0

0 14 0

1 14 0.0102988

2 14 0.020557

3 14 0.030734

4 14 0.0407898

5 14 0.0506845

6 14 0.0603793

7 14 0.0698357

8 14 0.0790166

9 14 0.0878856

10 14 0.0964077

11 14 0.104549

12 14 0.112278

13 14 0.119564

14 14 0.126378

15 14 0.132694

16 14 0.138485

17 14 0.143731

18 14 0.148408

19 14 0.152501

20 14 0.155991

21 14 0.158866

22 14 0.161113

23 14 0.162725

24 14 0.163695

25 14 0.164019

26 14 0.163695

27 14 0.162725

28 14 0.161113

29 14 0.158866

30 14 0.155991

31 14 0.152501

32 14 0.148408

33 14 0.143731

34 14 0.138485

35 14 0.132694

36 14 0.126378

37 14 0.119564

38 14 0.112278

39 14 0.104549

40 14 0.0964077

41 14 0.0878856

42 14 0.0790166

43 14 0.0698357

44 14 0.0603793

45 14 0.0506845

46 14 0.0407898

47 14 0.030734

48 14 0.020557

49 14 0.0102988

50 14 0

0 15 0

1 15 0.0108135

2 15 0.0215842

3 15 0.0322698

4 15 0.0428281

5 15 0.0532173

6 15 0.0633965

7 15 0.0733255

8 15 0.0829651

9 15 0.0922773

10 15 0.101225

11 15 0.109774

12 15 0.117889

13 15 0.125539

14 15 0.132694

15 15 0.139325

16 15 0.145406

17 15 0.150913

18 15 0.155825

19 15 0.160121

20 15 0.163786

21 15 0.166804

22 15 0.169164

23 15 0.170857

24 15 0.171875

25 15 0.172215

26 15 0.171875

27 15 0.170857

28 15 0.169164

29 15 0.166804

30 15 0.163786

31 15 0.160121

32 15 0.155825

33 15 0.150913

34 15 0.145406

35 15 0.139325

36 15 0.132694

37 15 0.125539

38 15 0.117889

39 15 0.109774

40 15 0.101225

41 15 0.0922773

42 15 0.0829651

43 15 0.0733255

44 15 0.0633965

45 15 0.0532173

46 15 0.0428281

47 15 0.0322698

48 15 0.0215842

49 15 0.0108135

50 15 0

0 16 0

1 16 0.0112854

2 16 0.0225263

3 16 0.0336783

4 16 0.0446974

5 16 0.0555401

6 16 0.0661636

7 16 0.0765259

8 16 0.0865863

9 16 0.0963049

10 16 0.105644

11 16 0.114565

12 16 0.123035

13 16 0.131019

14 16 0.138485

15 16 0.145406

16 16 0.151752

17 16 0.1575

18 16 0.162626

19 16 0.16711

20 16 0.170935

21 16 0.174085

22 16 0.176548

23 16 0.178314

24 16 0.179377

25 16 0.179731

26 16 0.179377

27 16 0.178314

28 16 0.176548

29 16 0.174085

30 16 0.170935

31 16 0.16711

32 16 0.162626

33 16 0.1575

34 16 0.151752

35 16 0.145406

36 16 0.138485

37 16 0.131019

38 16 0.123035

39 16 0.114565

40 16 0.105644

41 16 0.0963049

42 16 0.0865863

43 16 0.0765259

44 16 0.0661636

45 16 0.0555401

46 16 0.0446974

47 16 0.0336783

48 16 0.0225263

49 16 0.0112854

50 16 0

0 17 0

1 17 0.0117129

2 17 0.0233795

3 17 0.0349539

4 17 0.0463903

5 17 0.0576436

6 17 0.0686695

7 17 0.0794243

8 17 0.0898657

9 17 0.0999525

10 17 0.109645

11 17 0.118904

12 17 0.127695

13 17 0.135981

14 17 0.143731

15 17 0.150913

16 17 0.1575

17 17 0.163465

18 17 0.168785

19 17 0.173439

20 17 0.177409

21 17 0.180678

22 17 0.183235

23 17 0.185068

24 17 0.186171

25 17 0.186539

26 17 0.186171

27 17 0.185068

28 17 0.183235

29 17 0.180678

30 17 0.177409

31 17 0.173439

32 17 0.168785

33 17 0.163465

34 17 0.1575

35 17 0.150913

36 17 0.143731

37 17 0.135981

38 17 0.127695

39 17 0.118904

40 17 0.109645

41 17 0.0999525

42 17 0.0898657

43 17 0.0794243

44 17 0.0686695

45 17 0.0576436

46 17 0.0463903

47 17 0.0349539

48 17 0.0233795

49 17 0.0117129

50 17 0

0 18 0

1 18 0.0120941

2 18 0.0241404

3 18 0.0360915

4 18 0.0479001

5 18 0.0595197

6 18 0.0709044

7 18 0.0820093

8 18 0.0927905

9 18 0.103206

10 18 0.113213

11 18 0.122774

12 18 0.131851

13 18 0.140407

14 18 0.148408

15 18 0.155825

16 18 0.162626

17 18 0.168785

18 18 0.174279

19 18 0.179084

20 18 0.183183

21 18 0.186559

22 18 0.189198

23 18 0.191091

24 18 0.19223

25 18 0.19261

26 18 0.19223

27 18 0.191091

28 18 0.189198

29 18 0.186559

30 18 0.183183

31 18 0.179084

32 18 0.174279

33 18 0.168785

34 18 0.162626

35 18 0.155825

36 18 0.148408

37 18 0.140407

38 18 0.131851

39 18 0.122774

40 18 0.113213

41 18 0.103206

42 18 0.0927905

43 18 0.0820093

44 18 0.0709044

45 18 0.0595197

46 18 0.0479001

47 18 0.0360915

48 18 0.0241404

49 18 0.0120941

50 18 0

0 19 0

1 19 0.0124276

2 19 0.0248061

3 19 0.0370867

4 19 0.0492209

5 19 0.0611609

6 19 0.0728595

7 19 0.0842706

8 19 0.0953491

9 19 0.106051

10 19 0.116335

11 19 0.126159

12 19 0.135486

13 19 0.144278

14 19 0.152501

15 19 0.160121

16 19 0.16711

17 19 0.173439

18 19 0.179084

19 19 0.184022

20 19 0.188234

21 19 0.191703

22 19 0.194415

23 19 0.19636

24 19 0.19753

25 19 0.197921

26 19 0.19753

27 19 0.19636

28 19 0.194415

29 19 0.191703

30 19 0.188234

31 19 0.184022

32 19 0.179084

33 19 0.173439

34 19 0.16711

35 19 0.160121

36 19 0.152501

37 19 0.144278

38 19 0.135486

39 19 0.126159

40 19 0.116335

41 19 0.106051

42 19 0.0953491

43 19 0.0842706

44 19 0.0728595

45 19 0.0611609

46 19 0.0492209

47 19 0.0370867

48 19 0.0248061

49 19 0.0124276

50 19 0

0 20 0

1 20 0.012712

2 20 0.0253738

3 20 0.0379355

4 20 0.0503474

5 20 0.0625607

6 20 0.0745271

7 20 0.0861993

8 20 0.0975314

9 20 0.108479

10 20 0.118998

11 20 0.129047

12 20 0.138587

13 20 0.14758

14 20 0.155991

15 20 0.163786

16 20 0.170935

17 20 0.177409

18 20 0.183183

19 20 0.188234

20 20 0.192542

21 20 0.19609

22 20 0.198865

23 20 0.200854

24 20 0.202051

25 20 0.202451

26 20 0.202051

27 20 0.200854

28 20 0.198865

29 20 0.19609

30 20 0.192542

31 20 0.188234

32 20 0.183183

33 20 0.177409

34 20 0.170935

35 20 0.163786

36 20 0.155991

37 20 0.14758

38 20 0.138587

39 20 0.129047

40 20 0.118998

41 20 0.108479

42 20 0.0975314

43 20 0.0861993

44 20 0.0745271

45 20 0.0625607

46 20 0.0503474

47 20 0.0379355

48 20 0.0253738

49 20 0.012712

50 20 0

0 21 0

1 21 0.0129462

2 21 0.0258414

3 21 0.0386346

4 21 0.0512753

5 21 0.0637136

6 21 0.0759005

7 21 0.0877879

8 21 0.0993287

9 21 0.110478

10 21 0.121191

11 21 0.131425

12 21 0.141141

13 21 0.1503

14 21 0.158866

15 21 0.166804

16 21 0.174085

17 21 0.180678

18 21 0.186559

19 21 0.191703

20 21 0.19609

21 21 0.199704

22 21 0.20253

23 21 0.204556

24 21 0.205775

25 21 0.206182

26 21 0.205775

27 21 0.204556

28 21 0.20253

29 21 0.199704

30 21 0.19609

31 21 0.191703

32 21 0.186559

33 21 0.180678

34 21 0.174085

35 21 0.166804

36 21 0.158866

37 21 0.1503

38 21 0.141141

39 21 0.131425

40 21 0.121191

41 21 0.110478

42 21 0.0993287

43 21 0.0877879

44 21 0.0759005

45 21 0.0637136

46 21 0.0512753

47 21 0.0386346

48 21 0.0258414

49 21 0.0129462

50 21 0

0 22 0

1 22 0.0131294

2 22 0.026207

3 22 0.0391812

4 22 0.0520008

5 22 0.0646151

6 22 0.0769744

7 22 0.0890299

8 22 0.100734

9 22 0.112041

10 22 0.122905

11 22 0.133285

12 22 0.143138

13 22 0.152426

14 22 0.161113

15 22 0.169164

16 22 0.176548

17 22 0.183235

18 22 0.189198

19 22 0.194415

20 22 0.198865

21 22 0.20253

22 22 0.205395

23 22 0.20745

24 22 0.208686

25 22 0.209099

26 22 0.208686

27 22 0.20745

28 22 0.205395

29 22 0.20253

30 22 0.198865

31 22 0.194415

32 22 0.189198

33 22 0.183235

34 22 0.176548

35 22 0.169164

36 22 0.161113

37 22 0.152426

38 22 0.143138

39 22 0.133285

40 22 0.122905

41 22 0.112041

42 22 0.100734

43 22 0.0890299

44 22 0.0769744

45 22 0.0646151

46 22 0.0520008

47 22 0.0391812

48 22 0.026207

49 22 0.0131294

50 22 0

0 23 0

1 23 0.0132608

2 23 0.0264692

3 23 0.0395732

4 23 0.052521

5 23 0.0652615

6 23 0.0777445

7 23 0.0899206

8 23 0.101742

9 23 0.113162

10 23 0.124135

11 23 0.134618

12 23 0.14457

13 23 0.153951

14 23 0.162725

15 23 0.170857

16 23 0.178314

17 23 0.185068

18 23 0.191091

19 23 0.19636

20 23 0.200854

21 23 0.204556

22 23 0.20745

23 23 0.209525

24 23 0.210774

25 23 0.211191

26 23 0.210774

27 23 0.209525

28 23 0.20745

29 23 0.204556

30 23 0.200854

31 23 0.19636

32 23 0.191091

33 23 0.185068

34 23 0.178314

35 23 0.170857

36 23 0.162725

37 23 0.153951

38 23 0.14457

39 23 0.134618

40 23 0.124135

41 23 0.113162

42 23 0.101742

43 23 0.0899206

44 23 0.0777445

45 23 0.0652615

46 23 0.052521

47 23 0.0395732

48 23 0.0264692

49 23 0.0132608

50 23 0

0 24 0

1 24 0.0133398

2 24 0.0266269

3 24 0.039809

4 24 0.052834

5 24 0.0656504

6 24 0.0782078

7 24 0.0904565

8 24 0.102348

9 24 0.113836

10 24 0.124875

11 24 0.13542

12 24 0.145432

13 24 0.154869

14 24 0.163695

15 24 0.171875

16 24 0.179377

17 24 0.186171

18 24 0.19223

19 24 0.19753

20 24 0.202051

21 24 0.205775

22 24 0.208686

23 24 0.210774

24 24 0.21203

25 24 0.212449

26 24 0.21203

27 24 0.210774

28 24 0.208686

29 24 0.205775

30 24 0.202051

31 24 0.19753

32 24 0.19223

33 24 0.186171

34 24 0.179377

35 24 0.171875

36 24 0.163695

37 24 0.154869

38 24 0.145432

39 24 0.13542

40 24 0.124875

41 24 0.113836

42 24 0.102348

43 24 0.0904565

44 24 0.0782078

45 24 0.0656504

46 24 0.052834

47 24 0.039809

48 24 0.0266269

49 24 0.0133398

50 24 0

0 25 0

1 25 0.0133662

2 25 0.0266796

3 25 0.0398877

4 25 0.0529384

5 25 0.0657802

6 25 0.0783624

7 25 0.0906353

8 25 0.102551

9 25 0.114061

10 25 0.125121

11 25 0.135688

12 25 0.145719

13 25 0.155175

14 25 0.164019

15 25 0.172215

16 25 0.179731

17 25 0.186539

18 25 0.19261

19 25 0.197921

20 25 0.202451

21 25 0.206182

22 25 0.209099

23 25 0.211191

24 25 0.212449

25 25 0.212869

26 25 0.212449

27 25 0.211191

28 25 0.209099

29 25 0.206182

30 25 0.202451

31 25 0.197921

32 25 0.19261

33 25 0.186539

34 25 0.179731

35 25 0.172215

36 25 0.164019

37 25 0.155175

38 25 0.145719

39 25 0.135688

40 25 0.125121

41 25 0.114061

42 25 0.102551

43 25 0.0906353

44 25 0.0783624

45 25 0.0657802

46 25 0.0529384

47 25 0.0398877

48 25 0.0266796

49 25 0.0133662

50 25 0

0 26 0

1 26 0.0133398

2 26 0.0266269

3 26 0.039809

4 26 0.052834

5 26 0.0656504

6 26 0.0782078

7 26 0.0904565

8 26 0.102348

9 26 0.113836

10 26 0.124875

11 26 0.13542

12 26 0.145432

13 26 0.154869

14 26 0.163695

15 26 0.171875

16 26 0.179377

17 26 0.186171

18 26 0.19223

19 26 0.19753

20 26 0.202051

21 26 0.205775

22 26 0.208686

23 26 0.210774

24 26 0.21203

25 26 0.212449

26 26 0.21203

27 26 0.210774

28 26 0.208686

29 26 0.205775

30 26 0.202051

31 26 0.19753

32 26 0.19223

33 26 0.186171

34 26 0.179377

35 26 0.171875

36 26 0.163695

37 26 0.154869

38 26 0.145432

39 26 0.13542

40 26 0.124875

41 26 0.113836

42 26 0.102348

43 26 0.0904565

44 26 0.0782078

45 26 0.0656504

46 26 0.052834

47 26 0.039809

48 26 0.0266269

49 26 0.0133398

50 26 0

0 27 0

1 27 0.0132608

2 27 0.0264692

3 27 0.0395732

4 27 0.052521

5 27 0.0652615

6 27 0.0777445

7 27 0.0899206

8 27 0.101742

9 27 0.113162

10 27 0.124135

11 27 0.134618

12 27 0.14457

13 27 0.153951

14 27 0.162725

15 27 0.170857

16 27 0.178314

17 27 0.185068

18 27 0.191091

19 27 0.19636

20 27 0.200854

21 27 0.204556

22 27 0.20745

23 27 0.209525

24 27 0.210774

25 27 0.211191

26 27 0.210774

27 27 0.209525

28 27 0.20745

29 27 0.204556

30 27 0.200854

31 27 0.19636

32 27 0.191091

33 27 0.185068

34 27 0.178314

35 27 0.170857

36 27 0.162725

37 27 0.153951

38 27 0.14457

39 27 0.134618

40 27 0.124135

41 27 0.113162

42 27 0.101742

43 27 0.0899206

44 27 0.0777445

45 27 0.0652615

46 27 0.052521

47 27 0.0395732

48 27 0.0264692

49 27 0.0132608

50 27 0

0 28 0

1 28 0.0131294

2 28 0.026207

3 28 0.0391812

4 28 0.0520008

5 28 0.0646151

6 28 0.0769744

7 28 0.0890299

8 28 0.100734

9 28 0.112041

10 28 0.122905

11 28 0.133285

12 28 0.143138

13 28 0.152426

14 28 0.161113

15 28 0.169164

16 28 0.176548

17 28 0.183235

18 28 0.189198

19 28 0.194415

20 28 0.198865

21 28 0.20253

22 28 0.205395

23 28 0.20745

24 28 0.208686

25 28 0.209099

26 28 0.208686

27 28 0.20745

28 28 0.205395

29 28 0.20253

30 28 0.198865

31 28 0.194415

32 28 0.189198

33 28 0.183235

34 28 0.176548

35 28 0.169164

36 28 0.161113

37 28 0.152426

38 28 0.143138

39 28 0.133285

40 28 0.122905

41 28 0.112041

42 28 0.100734

43 28 0.0890299

44 28 0.0769744

45 28 0.0646151

46 28 0.0520008

47 28 0.0391812

48 28 0.026207

49 28 0.0131294

50 28 0

0 29 0

1 29 0.0129462

2 29 0.0258414

3 29 0.0386346

4 29 0.0512753

5 29 0.0637136

6 29 0.0759005

7 29 0.0877879

8 29 0.0993287

9 29 0.110478

10 29 0.121191

11 29 0.131425

12 29 0.141141

13 29 0.1503

14 29 0.158866

15 29 0.166804

16 29 0.174085

17 29 0.180678

18 29 0.186559

19 29 0.191703

20 29 0.19609

21 29 0.199704

22 29 0.20253

23 29 0.204556

24 29 0.205775

25 29 0.206182

26 29 0.205775

27 29 0.204556

28 29 0.20253

29 29 0.199704

30 29 0.19609

31 29 0.191703

32 29 0.186559

33 29 0.180678

34 29 0.174085

35 29 0.166804

36 29 0.158866

37 29 0.1503

38 29 0.141141

39 29 0.131425

40 29 0.121191

41 29 0.110478

42 29 0.0993287

43 29 0.0877879

44 29 0.0759005

45 29 0.0637136

46 29 0.0512753

47 29 0.0386346

48 29 0.0258414

49 29 0.0129462

50 29 0

0 30 0

1 30 0.012712

2 30 0.0253738

3 30 0.0379355

4 30 0.0503474

5 30 0.0625607

6 30 0.0745271

7 30 0.0861993

8 30 0.0975314

9 30 0.108479

10 30 0.118998

11 30 0.129047

12 30 0.138587

13 30 0.14758

14 30 0.155991

15 30 0.163786

16 30 0.170935

17 30 0.177409

18 30 0.183183

19 30 0.188234

20 30 0.192542

21 30 0.19609

22 30 0.198865

23 30 0.200854

24 30 0.202051

25 30 0.202451

26 30 0.202051

27 30 0.200854

28 30 0.198865

29 30 0.19609

30 30 0.192542

31 30 0.188234

32 30 0.183183

33 30 0.177409

34 30 0.170935

35 30 0.163786

36 30 0.155991

37 30 0.14758

38 30 0.138587

39 30 0.129047

40 30 0.118998

41 30 0.108479

42 30 0.0975314

43 30 0.0861993

44 30 0.0745271

45 30 0.0625607

46 30 0.0503474

47 30 0.0379355

48 30 0.0253738

49 30 0.012712

50 30 0

0 31 0

1 31 0.0124276

2 31 0.0248061

3 31 0.0370867

4 31 0.0492209

5 31 0.0611609

6 31 0.0728595

7 31 0.0842706

8 31 0.0953491

9 31 0.106051

10 31 0.116335

11 31 0.126159

12 31 0.135486

13 31 0.144278

14 31 0.152501

15 31 0.160121

16 31 0.16711

17 31 0.173439

18 31 0.179084

19 31 0.184022

20 31 0.188234

21 31 0.191703

22 31 0.194415

23 31 0.19636

24 31 0.19753

25 31 0.197921

26 31 0.19753

27 31 0.19636

28 31 0.194415

29 31 0.191703

30 31 0.188234

31 31 0.184022

32 31 0.179084

33 31 0.173439

34 31 0.16711

35 31 0.160121

36 31 0.152501

37 31 0.144278

38 31 0.135486

39 31 0.126159

40 31 0.116335

41 31 0.106051

42 31 0.0953491

43 31 0.0842706

44 31 0.0728595

45 31 0.0611609

46 31 0.0492209

47 31 0.0370867

48 31 0.0248061

49 31 0.0124276

50 31 0

0 32 0

1 32 0.0120941

2 32 0.0241404

3 32 0.0360915

4 32 0.0479001

5 32 0.0595197

6 32 0.0709044

7 32 0.0820093

8 32 0.0927905

9 32 0.103206

10 32 0.113213

11 32 0.122774

12 32 0.131851

13 32 0.140407

14 32 0.148408

15 32 0.155825

16 32 0.162626

17 32 0.168785

18 32 0.174279

19 32 0.179084

20 32 0.183183

21 32 0.186559

22 32 0.189198

23 32 0.191091

24 32 0.19223

25 32 0.19261

26 32 0.19223

27 32 0.191091

28 32 0.189198

29 32 0.186559

30 32 0.183183

31 32 0.179084

32 32 0.174279

33 32 0.168785

34 32 0.162626

35 32 0.155825

36 32 0.148408

37 32 0.140407

38 32 0.131851

39 32 0.122774

40 32 0.113213

41 32 0.103206

42 32 0.0927905

43 32 0.0820093

44 32 0.0709044

45 32 0.0595197

46 32 0.0479001

47 32 0.0360915

48 32 0.0241404

49 32 0.0120941

50 32 0

0 33 0

1 33 0.0117129

2 33 0.0233795

3 33 0.0349539

4 33 0.0463903

5 33 0.0576436

6 33 0.0686695

7 33 0.0794243

8 33 0.0898657

9 33 0.0999525

10 33 0.109645

11 33 0.118904

12 33 0.127695

13 33 0.135981

14 33 0.143731

15 33 0.150913

16 33 0.1575

17 33 0.163465

18 33 0.168785

19 33 0.173439

20 33 0.177409

21 33 0.180678

22 33 0.183235

23 33 0.185068

24 33 0.186171

25 33 0.186539

26 33 0.186171

27 33 0.185068

28 33 0.183235

29 33 0.180678

30 33 0.177409

31 33 0.173439

32 33 0.168785

33 33 0.163465

34 33 0.1575

35 33 0.150913

36 33 0.143731

37 33 0.135981

38 33 0.127695

39 33 0.118904

40 33 0.109645

41 33 0.0999525

42 33 0.0898657

43 33 0.0794243

44 33 0.0686695

45 33 0.0576436

46 33 0.0463903

47 33 0.0349539

48 33 0.0233795

49 33 0.0117129

50 33 0

0 34 0

1 34 0.0112854

2 34 0.0225263

3 34 0.0336783

4 34 0.0446974

5 34 0.0555401

6 34 0.0661636

7 34 0.0765259

8 34 0.0865863

9 34 0.0963049

10 34 0.105644

11 34 0.114565

12 34 0.123035

13 34 0.131019

14 34 0.138485

15 34 0.145406

16 34 0.151752

17 34 0.1575

18 34 0.162626

19 34 0.16711

20 34 0.170935

21 34 0.174085

22 34 0.176548

23 34 0.178314

24 34 0.179377

25 34 0.179731

26 34 0.179377

27 34 0.178314

28 34 0.176548

29 34 0.174085

30 34 0.170935

31 34 0.16711

32 34 0.162626

33 34 0.1575

34 34 0.151752

35 34 0.145406

36 34 0.138485

37 34 0.131019

38 34 0.123035

39 34 0.114565

40 34 0.105644

41 34 0.0963049

42 34 0.0865863

43 34 0.0765259

44 34 0.0661636

45 34 0.0555401

46 34 0.0446974

47 34 0.0336783

48 34 0.0225263

49 34 0.0112854

50 34 0

0 35 0

1 35 0.0108135

2 35 0.0215842

3 35 0.0322698

4 35 0.0428281

5 35 0.0532173

6 35 0.0633965

7 35 0.0733255

8 35 0.0829651

9 35 0.0922773

10 35 0.101225

11 35 0.109774

12 35 0.117889

13 35 0.125539

14 35 0.132694

15 35 0.139325

16 35 0.145406

17 35 0.150913

18 35 0.155825

19 35 0.160121

20 35 0.163786

21 35 0.166804

22 35 0.169164

23 35 0.170857

24 35 0.171875

25 35 0.172215

26 35 0.171875

27 35 0.170857

28 35 0.169164

29 35 0.166804

30 35 0.163786

31 35 0.160121

32 35 0.155825

33 35 0.150913

34 35 0.145406

35 35 0.139325

36 35 0.132694

37 35 0.125539

38 35 0.117889

39 35 0.109774

40 35 0.101225

41 35 0.0922773

42 35 0.0829651

43 35 0.0733255

44 35 0.0633965

45 35 0.0532173

46 35 0.0428281

47 35 0.0322698

48 35 0.0215842

49 35 0.0108135

50 35 0

0 36 0

1 36 0.0102988

2 36 0.020557

3 36 0.030734

4 36 0.0407898

5 36 0.0506845

6 36 0.0603793

7 36 0.0698357

8 36 0.0790166

9 36 0.0878856

10 36 0.0964077

11 36 0.104549

12 36 0.112278

13 36 0.119564

14 36 0.126378

15 36 0.132694

16 36 0.138485

17 36 0.143731

18 36 0.148408

19 36 0.152501

20 36 0.155991

21 36 0.158866

22 36 0.161113

23 36 0.162725

24 36 0.163695

25 36 0.164019

26 36 0.163695

27 36 0.162725

28 36 0.161113

29 36 0.158866

30 36 0.155991

31 36 0.152501

32 36 0.148408

33 36 0.143731

34 36 0.138485

35 36 0.132694

36 36 0.126378

37 36 0.119564

38 36 0.112278

39 36 0.104549

40 36 0.0964077

41 36 0.0878856

42 36 0.0790166

43 36 0.0698357

44 36 0.0603793

45 36 0.0506845

46 36 0.0407898

47 36 0.030734

48 36 0.020557

49 36 0.0102988

50 36 0

0 37 0

1 37 0.00974352

2 37 0.0194486

3 37 0.0290769

4 37 0.0385905

5 37 0.0479517

6 37 0.0571237

7 37 0.0660703

8 37 0.0747561

9 37 0.0831469

10 37 0.0912096

11 37 0.0989123

12 37 0.106225

13 37 0.113118

14 37 0.119564

15 37 0.125539

16 37 0.131019

17 37 0.135981

18 37 0.140407

19 37 0.144278

20 37 0.14758

21 37 0.1503

22 37 0.152426

23 37 0.153951

24 37 0.154869

25 37 0.155175

26 37 0.154869

27 37 0.153951

28 37 0.152426

29 37 0.1503

30 37 0.14758

31 37 0.144278

32 37 0.140407

33 37 0.135981

34 37 0.131019

35 37 0.125539

36 37 0.119564

37 37 0.113118

38 37 0.106225

39 37 0.0989123

40 37 0.0912096

41 37 0.0831469

42 37 0.0747561

43 37 0.0660703

44 37 0.0571237

45 37 0.0479517

46 37 0.0385905

47 37 0.0290769

48 37 0.0194486

49 37 0.00974352

50 37 0

0 38 0

1 38 0.00914977

2 38 0.0182634

3 38 0.027305

4 38 0.0362389

5 38 0.0450297

6 38 0.0536428

7 38 0.0620442

8 38 0.0702007

9 38 0.0780802

10 38 0.0856515

11 38 0.0928848

12 38 0.0997516

13 38 0.106225

14 38 0.112278

15 38 0.117889

16 38 0.123035

17 38 0.127695

18 38 0.131851

19 38 0.135486

20 38 0.138587

21 38 0.141141

22 38 0.143138

23 38 0.14457

24 38 0.145432

25 38 0.145719

26 38 0.145432

27 38 0.14457

28 38 0.143138

29 38 0.141141

30 38 0.138587

31 38 0.135486

32 38 0.131851

33 38 0.127695

34 38 0.123035

35 38 0.117889

36 38 0.112278

37 38 0.106225

38 38 0.0997516

39 38 0.0928848

40 38 0.0856515

41 38 0.0780802

42 38 0.0702007

43 38 0.0620442

44 38 0.0536428

45 38 0.0450297

46 38 0.0362389

47 38 0.027305

48 38 0.0182634

49 38 0.00914977

50 38 0

0 39 0

1 39 0.00851992

2 39 0.0170062

3 39 0.0254254

4 39 0.0337442

5 39 0.0419299

6 39 0.0499501

7 39 0.0577731

8 39 0.0653682

9 39 0.0727053

10 39 0.0797554

11 39 0.0864908

12 39 0.0928848

13 39 0.0989123

14 39 0.104549

15 39 0.109774

16 39 0.114565

17 39 0.118904

18 39 0.122774

19 39 0.126159

20 39 0.129047

21 39 0.131425

22 39 0.133285

23 39 0.134618

24 39 0.13542

25 39 0.135688

26 39 0.13542

27 39 0.134618

28 39 0.133285

29 39 0.131425

30 39 0.129047

31 39 0.126159

32 39 0.122774

33 39 0.118904

34 39 0.114565

35 39 0.109774

36 39 0.104549

37 39 0.0989123

38 39 0.0928848

39 39 0.0864908

40 39 0.0797554

41 39 0.0727053

42 39 0.0653682

43 39 0.0577731

44 39 0.0499501

45 39 0.0419299

46 39 0.0337442

47 39 0.0254254

48 39 0.0170062

49 39 0.00851992

50 39 0

0 40 0

1 40 0.00785644

2 40 0.0156819

3 40 0.0234454

4 40 0.0311164

5 40 0.0386646

6 40 0.0460603

7 40 0.0532741

8 40 0.0602777

9 40 0.0670434

10 40 0.0735445

11 40 0.0797554

12 40 0.0856515

13 40 0.0912096

14 40 0.0964077

15 40 0.101225

16 40 0.105644

17 40 0.109645

18 40 0.113213

19 40 0.116335

20 40 0.118998

21 40 0.121191

22 40 0.122905

23 40 0.124135

24 40 0.124875

25 40 0.125121

26 40 0.124875

27 40 0.124135

28 40 0.122905

29 40 0.121191

30 40 0.118998

31 40 0.116335

32 40 0.113213

33 40 0.109645

34 40 0.105644

35 40 0.101225

36 40 0.0964077

37 40 0.0912096

38 40 0.0856515

39 40 0.0797554

40 40 0.0735445

41 40 0.0670434

42 40 0.0602777

43 40 0.0532741

44 40 0.0460603

45 40 0.0386646

46 40 0.0311164

47 40 0.0234454

48 40 0.0156819

49 40 0.00785644

50 40 0

0 41 0

1 41 0.00716195

2 41 0.0142956

3 41 0.0213729

4 41 0.0283658

5 41 0.0352468

6 41 0.0419887

7 41 0.0485648

8 41 0.0549493

9 41 0.061117

10 41 0.0670434

11 41 0.0727053

12 41 0.0780802

13 41 0.0831469

14 41 0.0878856

15 41 0.0922773

16 41 0.0963049

17 41 0.0999525

18 41 0.103206

19 41 0.106051

20 41 0.108479

21 41 0.110478

22 41 0.112041

23 41 0.113162

24 41 0.113836

25 41 0.114061

26 41 0.113836

27 41 0.113162

28 41 0.112041

29 41 0.110478

30 41 0.108479

31 41 0.106051

32 41 0.103206

33 41 0.0999525

34 41 0.0963049

35 41 0.0922773

36 41 0.0878856

37 41 0.0831469

38 41 0.0780802

39 41 0.0727053

40 41 0.0670434

41 41 0.061117

42 41 0.0549493

43 41 0.0485648

44 41 0.0419887

45 41 0.0352468

46 41 0.0283658

47 41 0.0213729

48 41 0.0142956

49 41 0.00716195

50 41 0

0 42 0

1 42 0.0064392

2 42 0.012853

3 42 0.0192161

4 42 0.0255033

5 42 0.0316899

6 42 0.0377514

7 42 0.0436639

8 42 0.0494041

9 42 0.0549493

10 42 0.0602777

11 42 0.0653682

12 42 0.0702007

13 42 0.0747561

14 42 0.0790166

15 42 0.0829651

16 42 0.0865863

17 42 0.0898657

18 42 0.0927905

19 42 0.0953491

20 42 0.0975314

21 42 0.0993287

22 42 0.100734

23 42 0.101742

24 42 0.102348

25 42 0.102551

26 42 0.102348

27 42 0.101742

28 42 0.100734

29 42 0.0993287

30 42 0.0975314

31 42 0.0953491

32 42 0.0927905

33 42 0.0898657

34 42 0.0865863

35 42 0.0829651

36 42 0.0790166

37 42 0.0747561

38 42 0.0702007

39 42 0.0653682

40 42 0.0602777

41 42 0.0549493

42 42 0.0494041

43 42 0.0436639

44 42 0.0377514

45 42 0.0316899

46 42 0.0255033

47 42 0.0192161

48 42 0.012853

49 42 0.0064392

50 42 0

0 43 0

1 43 0.00569104

2 43 0.0113596

3 43 0.0169834

4 43 0.0225401

5 43 0.0280079

6 43 0.0333651

7 43 0.0385906

8 43 0.0436639

9 43 0.0485648

10 43 0.0532741

11 43 0.0577731

12 43 0.0620442

13 43 0.0660703

14 43 0.0698357

15 43 0.0733255

16 43 0.0765259

17 43 0.0794243

18 43 0.0820093

19 43 0.0842706

20 43 0.0861993

21 43 0.0877879

22 43 0.0890299

23 43 0.0899206

24 43 0.0904565

25 43 0.0906353

26 43 0.0904565

27 43 0.0899206

28 43 0.0890299

29 43 0.0877879

30 43 0.0861993

31 43 0.0842706

32 43 0.0820093

33 43 0.0794243

34 43 0.0765259

35 43 0.0733255

36 43 0.0698357

37 43 0.0660703

38 43 0.0620442

39 43 0.0577731

40 43 0.0532741

41 43 0.0485648

42 43 0.0436639

43 43 0.0385906

44 43 0.0333651

45 43 0.0280079

46 43 0.0225401

47 43 0.0169834

48 43 0.0113596

49 43 0.00569104

50 43 0

0 44 0

1 44 0.00492042

2 44 0.00982141

3 44 0.0146837

4 44 0.0194879

5 44 0.0242153

6 44 0.0288471

7 44 0.0333651

8 44 0.0377514

9 44 0.0419887

10 44 0.0460603

11 44 0.0499501

12 44 0.0536428

13 44 0.0571237

14 44 0.0603793

15 44 0.0633965

16 44 0.0661636

17 44 0.0686695

18 44 0.0709044

19 44 0.0728595

20 44 0.0745271

21 44 0.0759005

22 44 0.0769744

23 44 0.0777445

24 44 0.0782078

25 44 0.0783624

26 44 0.0782078

27 44 0.0777445

28 44 0.0769744

29 44 0.0759005

30 44 0.0745271

31 44 0.0728595

32 44 0.0709044

33 44 0.0686695

34 44 0.0661636

35 44 0.0633965

36 44 0.0603793

37 44 0.0571237

38 44 0.0536428

39 44 0.0499501

40 44 0.0460603

41 44 0.0419887

42 44 0.0377514

43 44 0.0333651

44 44 0.0288471

45 44 0.0242153

46 44 0.0194879

47 44 0.0146837

48 44 0.00982141

49 44 0.00492042

50 44 0

0 45 0

1 45 0.00413037

2 45 0.00824445

3 45 0.012326

4 45 0.0163589

5 45 0.0203272

6 45 0.0242153

7 45 0.0280079

8 45 0.0316899

9 45 0.0352468

10 45 0.0386646

11 45 0.0419299

12 45 0.0450297

13 45 0.0479517

14 45 0.0506845

15 45 0.0532173

16 45 0.0555401

17 45 0.0576436

18 45 0.0595197

19 45 0.0611609

20 45 0.0625607

21 45 0.0637136

22 45 0.0646151

23 45 0.0652615

24 45 0.0656504

25 45 0.0657802

26 45 0.0656504

27 45 0.0652615

28 45 0.0646151

29 45 0.0637136

30 45 0.0625607

31 45 0.0611609

32 45 0.0595197

33 45 0.0576436

34 45 0.0555401

35 45 0.0532173

36 45 0.0506845

37 45 0.0479517

38 45 0.0450297

39 45 0.0419299

40 45 0.0386646

41 45 0.0352468

42 45 0.0316899

43 45 0.0280079

44 45 0.0242153

45 45 0.0203272

46 45 0.0163589

47 45 0.012326

48 45 0.00824445

49 45 0.00413037

50 45 0

0 46 0

1 46 0.00332403

2 46 0.00663495

3 46 0.00991967

4 46 0.0131653

5 46 0.0163589

6 46 0.0194879

7 46 0.0225401

8 46 0.0255033

9 46 0.0283658

10 46 0.0311164

11 46 0.0337442

12 46 0.0362389

13 46 0.0385905

14 46 0.0407898

15 46 0.0428281

16 46 0.0446974

17 46 0.0463903

18 46 0.0479001

19 46 0.0492209

20 46 0.0503474

21 46 0.0512753

22 46 0.0520008

23 46 0.052521

24 46 0.052834

25 46 0.0529384

26 46 0.052834

27 46 0.052521

28 46 0.0520008

29 46 0.0512753

30 46 0.0503474

31 46 0.0492209

32 46 0.0479001

33 46 0.0463903

34 46 0.0446974

35 46 0.0428281

36 46 0.0407898

37 46 0.0385905

38 46 0.0362389

39 46 0.0337442

40 46 0.0311164

41 46 0.0283658

42 46 0.0255033

43 46 0.0225401

44 46 0.0194879

45 46 0.0163589

46 46 0.0131653

47 46 0.00991967

48 46 0.00663495

49 46 0.00332403

50 46 0

0 47 0

1 47 0.00250457

2 47 0.00499926

3 47 0.00747421

4 47 0.00991967

5 47 0.012326

6 47 0.0146837

7 47 0.0169834

8 47 0.0192161

9 47 0.0213729

10 47 0.0234454

11 47 0.0254254

12 47 0.027305

13 47 0.0290769

14 47 0.030734

15 47 0.0322698

16 47 0.0336783

17 47 0.0349539

18 47 0.0360915

19 47 0.0370867

20 47 0.0379355

21 47 0.0386346

22 47 0.0391812

23 47 0.0395732

24 47 0.039809

25 47 0.0398877

26 47 0.039809

27 47 0.0395732

28 47 0.0391812

29 47 0.0386346

30 47 0.0379355

31 47 0.0370867

32 47 0.0360915

33 47 0.0349539

34 47 0.0336783

35 47 0.0322698

36 47 0.030734

37 47 0.0290769

38 47 0.027305

39 47 0.0254254

40 47 0.0234454

41 47 0.0213729

42 47 0.0192161

43 47 0.0169834

44 47 0.0146837

45 47 0.012326

46 47 0.00991967

47 47 0.00747421

48 47 0.00499926

49 47 0.00250457

50 47 0

0 48 0

1 48 0.00167523

2 48 0.00334384

3 48 0.00499926

4 48 0.00663495

5 48 0.00824445

6 48 0.00982141

7 48 0.0113596

8 48 0.012853

9 48 0.0142956

10 48 0.0156819

11 48 0.0170062

12 48 0.0182634

13 48 0.0194486

14 48 0.020557

15 48 0.0215842

16 48 0.0225263

17 48 0.0233795

18 48 0.0241404

19 48 0.0248061

20 48 0.0253738

21 48 0.0258414

22 48 0.026207

23 48 0.0264692

24 48 0.0266269

25 48 0.0266796

26 48 0.0266269

27 48 0.0264692

28 48 0.026207

29 48 0.0258414

30 48 0.0253738

31 48 0.0248061

32 48 0.0241404

33 48 0.0233795

34 48 0.0225263

35 48 0.0215842

36 48 0.020557

37 48 0.0194486

38 48 0.0182634

39 48 0.0170062

40 48 0.0156819

41 48 0.0142956

42 48 0.012853

43 48 0.0113596

44 48 0.00982141

45 48 0.00824445

46 48 0.00663495

47 48 0.00499926

48 48 0.00334384

49 48 0.00167523

50 48 0

0 49 0

1 49 0.000839269

2 49 0.00167523

3 49 0.00250457

4 49 0.00332403

5 49 0.00413037

6 49 0.00492042

7 49 0.00569104

8 49 0.0064392

9 49 0.00716195

10 49 0.00785644

11 49 0.00851992

12 49 0.00914977

13 49 0.00974352

14 49 0.0102988

15 49 0.0108135

16 49 0.0112854

17 49 0.0117129

18 49 0.0120941

19 49 0.0124276

20 49 0.012712

21 49 0.0129462

22 49 0.0131294

23 49 0.0132608

24 49 0.0133398

25 49 0.0133662

26 49 0.0133398

27 49 0.0132608

28 49 0.0131294

29 49 0.0129462

30 49 0.012712

31 49 0.0124276

32 49 0.0120941

33 49 0.0117129

34 49 0.0112854

35 49 0.0108135

36 49 0.0102988

37 49 0.00974352

38 49 0.00914977

39 49 0.00851992

40 49 0.00785644

41 49 0.00716195

42 49 0.0064392

43 49 0.00569104

44 49 0.00492042

45 49 0.00413037

46 49 0.00332403

47 49 0.00250457

48 49 0.00167523

49 49 0.000839269

50 49 0

