0 1 0

1 1 0.00196845

2 1 0.00392913

3 1 0.00587431

4 1 0.0077963

5 1 0.00968753

6 1 0.0115405

7 1 0.013348

8 1 0.0151027

9 1 0.0167979

10 1 0.0184268

11 1 0.0199829

12 1 0.0214602

13 1 0.0228528

14 1 0.0241552

15 1 0.0253623

16 1 0.0264693

17 1 0.0274718

18 1 0.0283659

19 1 0.029148

20 1 0.0298151

21 1 0.0303646

22 1 0.0307942

23 1 0.0311023

24 1 0.0312876

25 1 0.0313495

26 1 0.0312876

27 1 0.0311023

28 1 0.0307942

29 1 0.0303646

30 1 0.0298151

31 1 0.029148

32 1 0.0283659

33 1 0.0274718

34 1 0.0264693

35 1 0.0253623

36 1 0.0241552

37 1 0.0228528

38 1 0.0214602

39 1 0.0199829

40 1 0.0184268

41 1 0.0167979

42 1 0.0151027

43 1 0.013348

44 1 0.0115405

45 1 0.00968753

46 1 0.0077963

47 1 0.00587431

48 1 0.00392913

49 1 0.00196845

50 1 0

0 2 0

1 2 0.00392913

2 2 0.00784276

3 2 0.0117254

4 2 0.0155618

5 2 0.0193368

6 2 0.0230355

7 2 0.0266433

8 2 0.0301459

9 2 0.0335295

10 2 0.0367808

11 2 0.039887

12 2 0.0428357

13 2 0.0456154

14 2 0.0482151

15 2 0.0506245

16 2 0.052834

17 2 0.0548351

18 2 0.0566198

19 2 0.058181

20 2 0.0595126

21 2 0.0606093

22 2 0.0614669

23 2 0.0620818

24 2 0.0624518

25 2 0.0625753

26 2 0.0624518

27 2 0.0620818

28 2 0.0614669

29 2 0.0606093

30 2 0.0595126

31 2 0.058181

32 2 0.0566198

33 2 0.0548351

34 2 0.052834

35 2 0.0506245

36 2 0.0482151

37 2 0.0456154

38 2 0.0428357

39 2 0.039887

40 2 0.0367808

41 2 0.0335295

42 2 0.0301459

43 2 0.0266433

44 2 0.0230355

45 2 0.0193368

46 2 0.0155618

47 2 0.0117254

48 2 0.00784276

49 2 0.00392913

50 2 0

0 3 0

1 3 0.00587431

2 3 0.0117254

3 3 0.0175303

4 3 0.023266

5 3 0.0289098

6 3 0.0344396

7 3 0.0398334

8 3 0.04507

9 3 0.0501288

10 3 0.0549897

11 3 0.0596336

12 3 0.0640422

13 3 0.068198

14 3 0.0720847

15 3 0.0756868

16 3 0.0789903

17 3 0.0819821

18 3 0.0846503

19 3 0.0869844

20 3 0.0889752

21 3 0.0906149

22 3 0.091897

23 3 0.0928164

24 3 0.0933695

25 3 0.0935541

26 3 0.0933695

27 3 0.0928164

28 3 0.091897

29 3 0.0906149

30 3 0.0889752

31 3 0.0869844

32 3 0.0846503

33 3 0.0819821

34 3 0.0789903

35 3 0.0756868

36 3 0.0720847

37 3 0.068198

38 3 0.0640422

39 3 0.0596336

40 3 0.0549897

41 3 0.0501288

42 3 0.04507

43 3 0.0398334

44 3 0.0344396

45 3 0.0289098

46 3 0.023266

47 3 0.0175303

48 3 0.0117254

49 3 0.00587431

50 3 0

0 4 0

1 4 0.0077963

2 4 0.0155618

3 4 0.023266

4 4 0.0308783

5 4 0.0383687

6 4 0.0457077

7 4 0.0528663

8 4 0.0598163

9 4 0.0665302

10 4 0.0729816

11 4 0.0791449

12 4 0.0849959

13 4 0.0905114

14 4 0.0956698

15 4 0.100451

16 4 0.104835

17 4 0.108805

18 4 0.112347

19 4 0.115444

20 4 0.118087

21 4 0.120263

22 4 0.121964

23 4 0.123185

24 4 0.123919

25 4 0.124164

26 4 0.123919

27 4 0.123185

28 4 0.121964

29 4 0.120263

30 4 0.118087

31 4 0.115444

32 4 0.112347

33 4 0.108805

34 4 0.104835

35 4 0.100451

36 4 0.0956698

37 4 0.0905114

38 4 0.0849959

39 4 0.0791449

40 4 0.0729816

41 4 0.0665302

42 4 0.0598163

43 4 0.0528663

44 4 0.0457077

45 4 0.0383687

46 4 0.0308783

47 4 0.023266

48 4 0.0155618

49 4 0.0077963

50 4 0

0 5 0

1 5 0.00968753

2 5 0.0193368

3 5 0.0289098

4 5 0.0383687

5 5 0.0476761

6 5 0.0567955

7 5 0.0656906

8 5 0.0743265

9 5 0.0826691

10 5 0.0906854

11 5 0.0983439

12 5 0.105614

13 5 0.112468

14 5 0.118877

15 5 0.124818

16 5 0.130266

17 5 0.135199

18 5 0.1396

19 5 0.143449

20 5 0.146732

21 5 0.149436

22 5 0.15155

23 5 0.153067

24 5 0.153979

25 5 0.154283

26 5 0.153979

27 5 0.153067

28 5 0.15155

29 5 0.149436

30 5 0.146732

31 5 0.143449

32 5 0.1396

33 5 0.135199

34 5 0.130266

35 5 0.124818

36 5 0.118877

37 5 0.112468

38 5 0.105614

39 5 0.0983439

40 5 0.0906854

41 5 0.0826691

42 5 0.0743265

43 5 0.0656906

44 5 0.0567955

45 5 0.0476761

46 5 0.0383687

47 5 0.0289098

48 5 0.0193368

49 5 0.00968753

50 5 0

0 6 0

1 6 0.0115405

2 6 0.0230355

3 6 0.0344396

4 6 0.0457077

5 6 0.0567955

6 6 0.0676591

7 6 0.0782557

8 6 0.0885434

9 6 0.0984817

10 6 0.108031

11 6 0.117155

12 6 0.125816

13 6 0.13398

14 6 0.141616

15 6 0.148692

16 6 0.155182

17 6 0.16106

18 6 0.166302

19 6 0.170887

20 6 0.174798

21 6 0.17802

22 6 0.180538

23 6 0.182345

24 6 0.183431

25 6 0.183794

26 6 0.183431

27 6 0.182345

28 6 0.180538

29 6 0.17802

30 6 0.174798

31 6 0.170887

32 6 0.166302

33 6 0.16106

34 6 0.155182

35 6 0.148692

36 6 0.141616

37 6 0.13398

38 6 0.125816

39 6 0.117155

40 6 0.108031

41 6 0.0984817

42 6 0.0885434

43 6 0.0782557

44 6 0.0676591

45 6 0.0567955

46 6 0.0457077

47 6 0.0344396

48 6 0.0230355

49 6 0.0115405

50 6 0

0 7 0

1 7 0.013348

2 7 0.0266433

3 7 0.0398334

4 7 0.0528663

5 7 0.0656906

6 7 0.0782557

7 7 0.0905119

8 7 0.102411

9 7 0.113906

10 7 0.124951

11 7 0.135503

12 7 0.145521

13 7 0.154964

14 7 0.163795

15 7 0.17198

16 7 0.179487

17 7 0.186285

18 7 0.192348

19 7 0.197651

20 7 0.202175

21 7 0.205901

22 7 0.208814

23 7 0.210903

24 7 0.21216

25 7 0.212579

26 7 0.21216

27 7 0.210903

28 7 0.208814

29 7 0.205901

30 7 0.202175

31 7 0.197651

32 7 0.192348

33 7 0.186285

34 7 0.179487

35 7 0.17198

36 7 0.163795

37 7 0.154964

38 7 0.145521

39 7 0.135503

40 7 0.124951

41 7 0.113906

42 7 0.102411

43 7 0.0905119

44 7 0.0782557

45 7 0.0656906

46 7 0.0528663

47 7 0.0398334

48 7 0.0266433

49 7 0.013348

50 7 0

0 8 0

1 8 0.0151027

2 8 0.0301459

3 8 0.04507

4 8 0.0598163

5 8 0.0743265

6 8 0.0885434

7 8 0.102411

8 8 0.115874

9 8 0.12888

10 8 0.141377

11 8 0.153317

12 8 0.164651

13 8 0.175336

14 8 0.185328

15 8 0.194589

16 8 0.203083

17 8 0.210774

18 8 0.217634

19 8 0.223635

20 8 0.228754

21 8 0.232969

22 8 0.236265

23 8 0.238629

24 8 0.240051

25 8 0.240526

26 8 0.240051

27 8 0.238629

28 8 0.236265

29 8 0.232969

30 8 0.228754

31 8 0.223635

32 8 0.217634

33 8 0.210774

34 8 0.203083

35 8 0.194589

36 8 0.185328

37 8 0.175336

38 8 0.164651

39 8 0.153317

40 8 0.141377

41 8 0.12888

42 8 0.115874

43 8 0.102411

44 8 0.0885434

45 8 0.0743265

46 8 0.0598163

47 8 0.04507

48 8 0.0301459

49 8 0.0151027

50 8 0

0 9 0

1 9 0.0167979

2 9 0.0335295

3 9 0.0501288

4 9 0.0665302

5 9 0.0826691

6 9 0.0984817

7 9 0.113906

8 9 0.12888

9 9 0.143346

10 9 0.157246

11 9 0.170525

12 9 0.183132

13 9 0.195016

14 9 0.20613

15 9 0.216431

16 9 0.225877

17 9 0.234432

18 9 0.242062

19 9 0.248736

20 9 0.254429

21 9 0.259118

22 9 0.262784

23 9 0.265413

24 9 0.266995

25 9 0.267523

26 9 0.266995

27 9 0.265413

28 9 0.262784

29 9 0.259118

30 9 0.254429

31 9 0.248736

32 9 0.242062

33 9 0.234432

34 9 0.225877

35 9 0.216431

36 9 0.20613

37 9 0.195016

38 9 0.183132

39 9 0.170525

40 9 0.157246

41 9 0.143346

42 9 0.12888

43 9 0.113906

44 9 0.0984817

45 9 0.0826691

46 9 0.0665302

47 9 0.0501288

48 9 0.0335295

49 9 0.0167979

50 9 0

0 10 0

1 10 0.0184268

2 10 0.0367808

3 10 0.0549897

4 10 0.0729816

5 10 0.0906854

6 10 0.108031

7 10 0.124951

8 10 0.141377

9 10 0.157246

10 10 0.172494

11 10 0.187061

12 10 0.20089

13 10 0.213926

14 10 0.226118

15 10 0.237418

16 10 0.24778

17 10 0.257165

18 10 0.265534

19 10 0.272856

20 10 0.279101

21 10 0.284244

22 10 0.288266

23 10 0.29115

24 10 0.292885

25 10 0.293464

26 10 0.292885

27 10 0.29115

28 10 0.288266

29 10 0.284244

30 10 0.279101

31 10 0.272856

32 10 0.265534

33 10 0.257165

34 10 0.24778

35 10 0.237418

36 10 0.226118

37 10 0.213926

38 10 0.20089

39 10 0.187061

40 10 0.172494

41 10 0.157246

42 10 0.141377

43 10 0.124951

44 10 0.108031

45 10 0.0906854

46 10 0.0729816

47 10 0.0549897

48 10 0.0367808

49 10 0.0184268

50 10 0

0 11 0

1 11 0.0199829

2 11 0.039887

3 11 0.0596336

4 11 0.0791449

5 11 0.0983439

6 11 0.117155

7 11 0.135503

8 11 0.153317

9 11 0.170525

10 11 0.187061

11 11 0.202859

12 11 0.217855

13 11 0.231992

14 11 0.245214

15 11 0.257468

16 11 0.268705

17 11 0.278882

18 11 0.287959

19 11 0.295899

20 11 0.302671

21 11 0.308249

22 11 0.31261

23 11 0.315738

24 11 0.317619

25 11 0.318247

26 11 0.317619

27 11 0.315738

28 11 0.31261

29 11 0.308249

30 11 0.302671

31 11 0.295899

32 11 0.287959

33 11 0.278882

34 11 0.268705

35 11 0.257468

36 11 0.245214

37 11 0.231992

38 11 0.217855

39 11 0.202859

40 11 0.187061

41 11 0.170525

42 11 0.153317

43 11 0.135503

44 11 0.117155

45 11 0.0983439

46 11 0.0791449

47 11 0.0596336

48 11 0.039887

49 11 0.0199829

50 11 0

0 12 0

1 12 0.0214602

2 12 0.0428357

3 12 0.0640422

4 12 0.0849959

5 12 0.105614

6 12 0.125816

7 12 0.145521

8 12 0.164651

9 12 0.183132

10 12 0.20089

11 12 0.217855

12 12 0.233961

13 12 0.249143

14 12 0.263342

15 12 0.276501

16 12 0.28857

17 12 0.299499

18 12 0.309247

19 12 0.317774

20 12 0.325047

21 12 0.331037

22 12 0.335721

23 12 0.33908

24 12 0.3411

25 12 0.341775

26 12 0.3411

27 12 0.33908

28 12 0.335721

29 12 0.331037

30 12 0.325047

31 12 0.317774

32 12 0.309247

33 12 0.299499

34 12 0.28857

35 12 0.276501

36 12 0.263342

37 12 0.249143

38 12 0.233961

39 12 0.217855

40 12 0.20089

41 12 0.183132

42 12 0.164651

43 12 0.145521

44 12 0.125816

45 12 0.105614

46 12 0.0849959

47 12 0.0640422

48 12 0.0428357

49 12 0.0214602

50 12 0

0 13 0

1 13 0.0228528

2 13 0.0456154

3 13 0.068198

4 13 0.0905114

5 13 0.112468

6 13 0.13398

7 13 0.154964

8 13 0.175336

9 13 0.195016

10 13 0.213926

11 13 0.231992

12 13 0.249143

13 13 0.26531

14 13 0.280431

15 13 0.294444

16 13 0.307296

17 13 0.318934

18 13 0.329315

19 13 0.338395

20 13 0.34614

21 13 0.352519

22 13 0.357506

23 13 0.361083

24 13 0.363235

25 13 0.363953

26 13 0.363235

27 13 0.361083

28 13 0.357506

29 13 0.352519

30 13 0.34614

31 13 0.338395

32 13 0.329315

33 13 0.318934

34 13 0.307296

35 13 0.294444

36 13 0.280431

37 13 0.26531

38 13 0.249143

39 13 0.231992

40 13 0.213926

41 13 0.195016

42 13 0.175336

43 13 0.154964

44 13 0.13398

45 13 0.112468

46 13 0.0905114

47 13 0.068198

48 13 0.0456154

49 13 0.0228528

50 13 0

0 14 0

1 14 0.0241552

2 14 0.0482151

3 14 0.0720847

4 14 0.0956698

5 14 0.118877

6 14 0.141616

7 14 0.163795

8 14 0.185328

9 14 0.20613

10 14 0.226118

11 14 0.245214

12 14 0.263342

13 14 0.280431

14 14 0.296413

15 14 0.311225

16 14 0.324809

17 14 0.337111

18 14 0.348082

19 14 0.35768

20 14 0.365867

21 14 0.372609

22 14 0.377881

23 14 0.381662

24 14 0.383936

25 14 0.384695

26 14 0.383936

27 14 0.381662

28 14 0.377881

29 14 0.372609

30 14 0.365867

31 14 0.35768

32 14 0.348082

33 14 0.337111

34 14 0.324809

35 14 0.311225

36 14 0.296413

37 14 0.280431

38 14 0.263342

39 14 0.245214

40 14 0.226118

41 14 0.20613

42 14 0.185328

43 14 0.163795

44 14 0.141616

45 14 0.118877

46 14 0.0956698

47 14 0.0720847

48 14 0.0482151

49 14 0.0241552

50 14 0

0 15 0

1 15 0.0253623

2 15 0.0506245

3 15 0.0756868

4 15 0.100451

5 15 0.124818

6 15 0.148692

7 15 0.17198

8 15 0.194589

9 15 0.216431

10 15 0.237418

11 15 0.257468

12 15 0.276501

13 15 0.294444

14 15 0.311225

15 15 0.326777

16 15 0.34104

17 15 0.353957

18 15 0.365477

19 15 0.375554

20 15 0.38415

21 15 0.391229

22 15 0.396764

23 15 0.400734

24 15 0.403122

25 15 0.403919

26 15 0.403122

27 15 0.400734

28 15 0.396764

29 15 0.391229

30 15 0.38415

31 15 0.375554

32 15 0.365477

33 15 0.353957

34 15 0.34104

35 15 0.326777

36 15 0.311225

37 15 0.294444

38 15 0.276501

39 15 0.257468

40 15 0.237418

41 15 0.216431

42 15 0.194589

43 15 0.17198

44 15 0.148692

45 15 0.124818

46 15 0.100451

47 15 0.0756868

48 15 0.0506245

49 15 0.0253623

50 15 0

0 16 0

1 16 0.0264693

2 16 0.052834

3 16 0.0789903

4 16 0.104835

5 16 0.130266

6 16 0.155182

7 16 0.179487

8 16 0.203083

9 16 0.225877

10 16 0.24778

11 16 0.268705

12 16 0.28857

13 16 0.307296

14 16 0.324809

15 16 0.34104

16 16 0.355925

17 16 0.369406

18 16 0.381429

19 16 0.391946

20 16 0.400916

21 16 0.408305

22 16 0.414082

23 16 0.418225

24 16 0.420717

25 16 0.421549

26 16 0.420717

27 16 0.418225

28 16 0.414082

29 16 0.408305

30 16 0.400916

31 16 0.391946

32 16 0.381429

33 16 0.369406

34 16 0.355925

35 16 0.34104

36 16 0.324809

37 16 0.307296

38 16 0.28857

39 16 0.268705

40 16 0.24778

41 16 0.225877

42 16 0.203083

43 16 0.179487

44 16 0.155182

45 16 0.130266

46 16 0.104835

47 16 0.0789903

48 16 0.052834

49 16 0.0264693

50 16 0

0 17 0

1 17 0.0274718

2 17 0.0548351

3 17 0.0819821

4 17 0.108805

5 17 0.135199

6 17 0.16106

7 17 0.186285

8 17 0.210774

9 17 0.234432

10 17 0.257165

11 17 0.278882

12 17 0.299499

13 17 0.318934

14 17 0.337111

15 17 0.353957

16 17 0.369406

17 17 0.383397

18 17 0.395875

19 17 0.406791

20 17 0.416101

21 17 0.423769

22 17 0.429765

23 17 0.434065

24 17 0.436651

25 17 0.437515

26 17 0.436651

27 17 0.434065

28 17 0.429765

29 17 0.423769

30 17 0.416101

31 17 0.406791

32 17 0.395875

33 17 0.383397

34 17 0.369406

35 17 0.353957

36 17 0.337111

37 17 0.318934

38 17 0.299499

39 17 0.278882

40 17 0.257165

41 17 0.234432

42 17 0.210774

43 17 0.186285

44 17 0.16106

45 17 0.135199

46 17 0.108805

47 17 0.0819821

48 17 0.0548351

49 17 0.0274718

50 17 0

0 18 0

1 18 0.0283659

2 18 0.0566198

3 18 0.0846503

4 18 0.112347

5 18 0.1396

6 18 0.166302

7 18 0.192348

8 18 0.217634

9 18 0.242062

10 18 0.265534

11 18 0.287959

12 18 0.309247

13 18 0.329315

14 18 0.348082

15 18 0.365477

16 18 0.381429

17 18 0.395875

18 18 0.408759

19 18 0.42003

20 18 0.429644

21 18 0.437561

22 18 0.443752

23 18 0.448192

24 18 0.450863

25 18 0.451754

26 18 0.450863

27 18 0.448192

28 18 0.443752

29 18 0.437561

30 18 0.429644

31 18 0.42003

32 18 0.408759

33 18 0.395875

34 18 0.381429

35 18 0.365477

36 18 0.348082

37 18 0.329315

38 18 0.309247

39 18 0.287959

40 18 0.265534

41 18 0.242062

42 18 0.217634

43 18 0.192348

44 18 0.166302

45 18 0.1396

46 18 0.112347

47 18 0.0846503

48 18 0.0566198

49 18 0.0283659

50 18 0

0 19 0

1 19 0.029148

2 19 0.058181

3 19 0.0869844

4 19 0.115444

5 19 0.143449

6 19 0.170887

7 19 0.197651

8 19 0.223635

9 19 0.248736

10 19 0.272856

11 19 0.295899

12 19 0.317774

13 19 0.338395

14 19 0.35768

15 19 0.375554

16 19 0.391946

17 19 0.406791

18 19 0.42003

19 19 0.431612

20 19 0.44149

21 19 0.449627

22 19 0.455988

23 19 0.46055

24 19 0.463295

25 19 0.464211

26 19 0.463295

27 19 0.46055

28 19 0.455988

29 19 0.449627

30 19 0.44149

31 19 0.431612

32 19 0.42003

33 19 0.406791

34 19 0.391946

35 19 0.375554

36 19 0.35768

37 19 0.338395

38 19 0.317774

39 19 0.295899

40 19 0.272856

41 19 0.248736

42 19 0.223635

43 19 0.197651

44 19 0.170887

45 19 0.143449

46 19 0.115444

47 19 0.0869844

48 19 0.058181

49 19 0.029148

50 19 0

0 20 0

1 20 0.0298151

2 20 0.0595126

3 20 0.0889752

4 20 0.118087

5 20 0.146732

6 20 0.174798

7 20 0.202175

8 20 0.228754

9 20 0.254429

10 20 0.279101

11 20 0.302671

12 20 0.325047

13 20 0.34614

14 20 0.365867

15 20 0.38415

16 20 0.400916

17 20 0.416101

18 20 0.429644

19 20 0.44149

20 20 0.451595

21 20 0.459917

22 20 0.466424

23 20 0.471091

24 20 0.473898

25 20 0.474835

26 20 0.473898

27 20 0.471091

28 20 0.466424

29 20 0.459917

30 20 0.451595

31 20 0.44149

32 20 0.429644

33 20 0.416101

34 20 0.400916

35 20 0.38415

36 20 0.365867

37 20 0.34614

38 20 0.325047

39 20 0.302671

40 20 0.279101

41 20 0.254429

42 20 0.228754

43 20 0.202175

44 20 0.174798

45 20 0.146732

46 20 0.118087

47 20 0.0889752

48 20 0.0595126

49 20 0.0298151

50 20 0

0 21 0

1 21 0.0303646

2 21 0.0606093

3 21 0.0906149

4 21 0.120263

5 21 0.149436

6 21 0.17802

7 21 0.205901

8 21 0.232969

9 21 0.259118

10 21 0.284244

11 21 0.308249

12 21 0.331037

13 21 0.352519

14 21 0.372609

15 21 0.391229

16 21 0.408305

17 21 0.423769

18 21 0.437561

19 21 0.449627

20 21 0.459917

21 21 0.468393

22 21 0.47502

23 21 0.479772

24 21 0.482631

25 21 0.483586

26 21 0.482631

27 21 0.479772

28 21 0.47502

29 21 0.468393

30 21 0.459917

31 21 0.449627

32 21 0.437561

33 21 0.423769

34 21 0.408305

35 21 0.391229

36 21 0.372609

37 21 0.352519

38 21 0.331037

39 21 0.308249

40 21 0.284244

41 21 0.259118

42 21 0.232969

43 21 0.205901

44 21 0.17802

45 21 0.149436

46 21 0.120263

47 21 0.0906149

48 21 0.0606093

49 21 0.0303646

50 21 0

0 22 0

1 22 0.0307942

2 22 0.0614669

3 22 0.091897

4 22 0.121964

5 22 0.15155

6 22 0.180538

7 22 0.208814

8 22 0.236265

9 22 0.262784

10 22 0.288266

11 22 0.31261

12 22 0.335721

13 22 0.357506

14 22 0.377881

15 22 0.396764

16 22 0.414082

17 22 0.429765

18 22 0.443752

19 22 0.455988

20 22 0.466424

21 22 0.47502

22 22 0.481741

23 22 0.48656

24 22 0.48946

25 22 0.490428

26 22 0.48946

27 22 0.48656

28 22 0.481741

29 22 0.47502

30 22 0.466424

31 22 0.455988

32 22 0.443752

33 22 0.429765

34 22 0.414082

35 22 0.396764

36 22 0.377881

37 22 0.357506

38 22 0.335721

39 22 0.31261

40 22 0.288266

41 22 0.262784

42 22 0.236265

43 22 0.208814

44 22 0.180538

45 22 0.15155

46 22 0.121964

47 22 0.091897

48 22 0.0614669

49 22 0.0307942

50 22 0

0 23 0

1 23 0.0311023

2 23 0.0620818

3 23 0.0928164

4 23 0.123185

5 23 0.153067

6 23 0.182345

7 23 0.210903

8 23 0.238629

9 23 0.265413

10 23 0.29115

11 23 0.315738

12 23 0.33908

13 23 0.361083

14 23 0.381662

15 23 0.400734

16 23 0.418225

17 23 0.434065

18 23 0.448192

19 23 0.46055

20 23 0.471091

21 23 0.479772

22 23 0.48656

23 23 0.491428

24 23 0.494357

25 23 0.495334

26 23 0.494357

27 23 0.491428

28 23 0.48656

29 23 0.479772

30 23 0.471091

31 23 0.46055

32 23 0.448192

33 23 0.434065

34 23 0.418225

35 23 0.400734

36 23 0.381662

37 23 0.361083

38 23 0.33908

39 23 0.315738

40 23 0.29115

41 23 0.265413

42 23 0.238629

43 23 0.210903

44 23 0.182345

45 23 0.153067

46 23 0.123185

47 23 0.0928164

48 23 0.0620818

49 23 0.0311023

50 23 0

0 24 0

1 24 0.0312876

2 24 0.0624518

3 24 0.0933695

4 24 0.123919

5 24 0.153979

6 24 0.183431

7 24 0.21216

8 24 0.240051

9 24 0.266995

10 24 0.292885

11 24 0.317619

12 24 0.3411

13 24 0.363235

14 24 0.383936

15 24 0.403122

16 24 0.420717

17 24 0.436651

18 24 0.450863

19 24 0.463295

20 24 0.473898

21 24 0.482631

22 24 0.48946

23 24 0.494357

24 24 0.497303

25 24 0.498286

26 24 0.497303

27 24 0.494357

28 24 0.48946

29 24 0.482631

30 24 0.473898

31 24 0.463295

32 24 0.450863

33 24 0.436651

34 24 0.420717

35 24 0.403122

36 24 0.383936

37 24 0.363235

38 24 0.3411

39 24 0.317619

40 24 0.292885

41 24 0.266995

42 24 0.240051

43 24 0.21216

44 24 0.183431

45 24 0.153979

46 24 0.123919

47 24 0.0933695

48 24 0.0624518

49 24 0.0312876

50 24 0

0 25 0

1 25 0.0313495

2 25 0.0625753

3 25 0.0935541

4 25 0.124164

5 25 0.154283

6 25 0.183794

7 25 0.212579

8 25 0.240526

9 25 0.267523

10 25 0.293464

11 25 0.318247

12 25 0.341775

13 25 0.363953

14 25 0.384695

15 25 0.403919

16 25 0.421549

17 25 0.437515

18 25 0.451754

19 25 0.464211

20 25 0.474835

21 25 0.483586

22 25 0.490428

23 25 0.495334

24 25 0.498286

25 25 0.499271

26 25 0.498286

27 25 0.495334

28 25 0.490428

29 25 0.483586

30 25 0.474835

31 25 0.464211

32 25 0.451754

33 25 0.437515

34 25 0.421549

35 25 0.403919

36 25 0.384695

37 25 0.363953

38 25 0.341775

39 25 0.318247

40 25 0.293464

41 25 0.267523

42 25 0.240526

43 25 0.212579

44 25 0.183794

45 25 0.154283

46 25 0.124164

47 25 0.0935541

48 25 0.0625753

49 25 0.0313495

50 25 0

0 26 0

1 26 0.0312876

2 26 0.0624518

3 26 0.0933695

4 26 0.123919

5 26 0.153979

6 26 0.183431

7 26 0.21216

8 26 0.240051

9 26 0.266995

10 26 0.292885

11 26 0.317619

12 26 0.3411

13 26 0.363235

14 26 0.383936

15 26 0.403122

16 26 0.420717

17 26 0.436651

18 26 0.450863

19 26 0.463295

20 26 0.473898

21 26 0.482631

22 26 0.48946

23 26 0.494357

24 26 0.497303

25 26 0.498286

26 26 0.497303

27 26 0.494357

28 26 0.48946

29 26 0.482631

30 26 0.473898

31 26 0.463295

32 26 0.450863

33 26 0.436651

34 26 0.420717

35 26 0.403122

36 26 0.383936

37 26 0.363235

38 26 0.3411

39 26 0.317619

40 26 0.292885

41 26 0.266995

42 26 0.240051

43 26 0.21216

44 26 0.183431

45 26 0.153979

46 26 0.123919

47 26 0.0933695

48 26 0.0624518

49 26 0.0312876

50 26 0

0 27 0

1 27 0.0311023

2 27 0.0620818

3 27 0.0928164

4 27 0.123185

5 27 0.153067

6 27 0.182345

7 27 0.210903

8 27 0.238629

9 27 0.265413

10 27 0.29115

11 27 0.315738

12 27 0.33908

13 27 0.361083

14 27 0.381662

15 27 0.400734

16 27 0.418225

17 27 0.434065

18 27 0.448192

19 27 0.46055

20 27 0.471091

21 27 0.479772

22 27 0.48656

23 27 0.491428

24 27 0.494357

25 27 0.495334

26 27 0.494357

27 27 0.491428

28 27 0.48656

29 27 0.479772

30 27 0.471091

31 27 0.46055

32 27 0.448192

33 27 0.434065

34 27 0.418225

35 27 0.400734

36 27 0.381662

37 27 0.361083

38 27 0.33908

39 27 0.315738

40 27 0.29115

41 27 0.265413

42 27 0.238629

43 27 0.210903

44 27 0.182345

45 27 0.153067

46 27 0.123185

47 27 0.0928164

48 27 0.0620818

49 27 0.0311023

50 27 0

0 28 0

1 28 0.0307942

2 28 0.0614669

3 28 0.091897

4 28 0.121964

5 28 0.15155

6 28 0.180538

7 28 0.208814

8 28 0.236265

9 28 0.262784

10 28 0.288266

11 28 0.31261

12 28 0.335721

13 28 0.357506

14 28 0.377881

15 28 0.396764

16 28 0.414082

17 28 0.429765

18 28 0.443752

19 28 0.455988

20 28 0.466424

21 28 0.47502

22 28 0.481741

23 28 0.48656

24 28 0.48946

25 28 0.490428

26 28 0.48946

27 28 0.48656

28 28 0.481741

29 28 0.47502

30 28 0.466424

31 28 0.455988

32 28 0.443752

33 28 0.429765

34 28 0.414082

35 28 0.396764

36 28 0.377881

37 28 0.357506

38 28 0.335721

39 28 0.31261

40 28 0.288266

41 28 0.262784

42 28 0.236265

43 28 0.208814

44 28 0.180538

45 28 0.15155

46 28 0.121964

47 28 0.091897

48 28 0.0614669

49 28 0.0307942

50 28 0

0 29 0

1 29 0.0303646

2 29 0.0606093

3 29 0.0906149

4 29 0.120263

5 29 0.149436

6 29 0.17802

7 29 0.205901

8 29 0.232969

9 29 0.259118

10 29 0.284244

11 29 0.308249

12 29 0.331037

13 29 0.352519

14 29 0.372609

15 29 0.391229

16 29 0.408305

17 29 0.423769

18 29 0.437561

19 29 0.449627

20 29 0.459917

21 29 0.468393

22 29 0.47502

23 29 0.479772

24 29 0.482631

25 29 0.483586

26 29 0.482631

27 29 0.479772

28 29 0.47502

29 29 0.468393

30 29 0.459917

31 29 0.449627

32 29 0.437561

33 29 0.423769

34 29 0.408305

35 29 0.391229

36 29 0.372609

37 29 0.352519

38 29 0.331037

39 29 0.308249

40 29 0.284244

41 29 0.259118

42 29 0.232969

43 29 0.205901

44 29 0.17802

45 29 0.149436

46 29 0.120263

47 29 0.0906149

48 29 0.0606093

49 29 0.0303646

50 29 0

0 30 0

1 30 0.0298151

2 30 0.0595126

3 30 0.0889752

4 30 0.118087

5 30 0.146732

6 30 0.174798

7 30 0.202175

8 30 0.228754

9 30 0.254429

10 30 0.279101

11 30 0.302671

12 30 0.325047

13 30 0.34614

14 30 0.365867

15 30 0.38415

16 30 0.400916

17 30 0.416101

18 30 0.429644

19 30 0.44149

20 30 0.451595

21 30 0.459917

22 30 0.466424

23 30 0.471091

24 30 0.473898

25 30 0.474835

26 30 0.473898

27 30 0.471091

28 30 0.466424

29 30 0.459917

30 30 0.451595

31 30 0.44149

32 30 0.429644

33 30 0.416101

34 30 0.400916

35 30 0.38415

36 30 0.365867

37 30 0.34614

38 30 0.325047

39 30 0.302671

40 30 0.279101

41 30 0.254429

42 30 0.228754

43 30 0.202175

44 30 0.174798

45 30 0.146732

46 30 0.118087

47 30 0.0889752

48 30 0.0595126

49 30 0.0298151

50 30 0

0 31 0

1 31 0.029148

2 31 0.058181

3 31 0.0869844

4 31 0.115444

5 31 0.143449

6 31 0.170887

7 31 0.197651

8 31 0.223635

9 31 0.248736

10 31 0.272856

11 31 0.295899

12 31 0.317774

13 31 0.338395

14 31 0.35768

15 31 0.375554

16 31 0.391946

17 31 0.406791

18 31 0.42003

19 31 0.431612

20 31 0.44149

21 31 0.449627

22 31 0.455988

23 31 0.46055

24 31 0.463295

25 31 0.464211

26 31 0.463295

27 31 0.46055

28 31 0.455988

29 31 0.449627

30 31 0.44149

31 31 0.431612

32 31 0.42003

33 31 0.406791

34 31 0.391946

35 31 0.375554

36 31 0.35768

37 31 0.338395

38 31 0.317774

39 31 0.295899

40 31 0.272856

41 31 0.248736

42 31 0.223635

43 31 0.197651

44 31 0.170887

45 31 0.143449

46 31 0.115444

47 31 0.0869844

48 31 0.058181

49 31 0.029148

50 31 0

0 32 0

1 32 0.0283659

2 32 0.0566198

3 32 0.0846503

4 32 0.112347

5 32 0.1396

6 32 0.166302

7 32 0.192348

8 32 0.217634

9 32 0.242062

10 32 0.265534

11 32 0.287959

12 32 0.309247

13 32 0.329315

14 32 0.348082

15 32 0.365477

16 32 0.381429

17 32 0.395875

18 32 0.408759

19 32 0.42003

20 32 0.429644

21 32 0.437561

22 32 0.443752

23 32 0.448192

24 32 0.450863

25 32 0.451754

26 32 0.450863

27 32 0.448192

28 32 0.443752

29 32 0.437561

30 32 0.429644

31 32 0.42003

32 32 0.408759

33 32 0.395875

34 32 0.381429

35 32 0.365477

36 32 0.348082

37 32 0.329315

38 32 0.309247

39 32 0.287959

40 32 0.265534

41 32 0.242062

42 32 0.217634

43 32 0.192348

44 32 0.166302

45 32 0.1396

46 32 0.112347

47 32 0.0846503

48 32 0.0566198

49 32 0.0283659

50 32 0

0 33 0

1 33 0.0274718

2 33 0.0548351

3 33 0.0819821

4 33 0.108805

5 33 0.135199

6 33 0.16106

7 33 0.186285

8 33 0.210774

9 33 0.234432

10 33 0.257165

11 33 0.278882

12 33 0.299499

13 33 0.318934

14 33 0.337111

15 33 0.353957

16 33 0.369406

17 33 0.383397

18 33 0.395875

19 33 0.406791

20 33 0.416101

21 33 0.423769

22 33 0.429765

23 33 0.434065

24 33 0.436651

25 33 0.437515

26 33 0.436651

27 33 0.434065

28 33 0.429765

29 33 0.423769

30 33 0.416101

31 33 0.406791

32 33 0.395875

33 33 0.383397

34 33 0.369406

35 33 0.353957

36 33 0.337111

37 33 0.318934

38 33 0.299499

39 33 0.278882

40 33 0.257165

41 33 0.234432

42 33 0.210774

43 33 0.186285

44 33 0.16106

45 33 0.135199

46 33 0.108805

47 33 0.0819821

48 33 0.0548351

49 33 0.0274718

50 33 0

0 34 0

1 34 0.0264693

2 34 0.052834

3 34 0.0789903

4 34 0.104835

5 34 0.130266

6 34 0.155182

7 34 0.179487

8 34 0.203083

9 34 0.225877

10 34 0.24778

11 34 0.268705

12 34 0.28857

13 34 0.307296

14 34 0.324809

15 34 0.34104

16 34 0.355925

17 34 0.369406

18 34 0.381429

19 34 0.391946

20 34 0.400916

21 34 0.408305

22 34 0.414082

23 34 0.418225

24 34 0.420717

25 34 0.421549

26 34 0.420717

27 34 0.418225

28 34 0.414082

29 34 0.408305

30 34 0.400916

31 34 0.391946

32 34 0.381429

33 34 0.369406

34 34 0.355925

35 34 0.34104

36 34 0.324809

37 34 0.307296

38 34 0.28857

39 34 0.268705

40 34 0.24778

41 34 0.225877

42 34 0.203083

43 34 0.179487

44 34 0.155182

45 34 0.130266

46 34 0.104835

47 34 0.0789903

48 34 0.052834

49 34 0.0264693

50 34 0

0 35 0

1 35 0.0253623

2 35 0.0506245

3 35 0.0756868

4 35 0.100451

5 35 0.124818

6 35 0.148692

7 35 0.17198

8 35 0.194589

9 35 0.216431

10 35 0.237418

11 35 0.257468

12 35 0.276501

13 35 0.294444

14 35 0.311225

15 35 0.326777

16 35 0.34104

17 35 0.353957

18 35 0.365477

19 35 0.375554

20 35 0.38415

21 35 0.391229

22 35 0.396764

23 35 0.400734

24 35 0.403122

25 35 0.403919

26 35 0.403122

27 35 0.400734

28 35 0.396764

29 35 0.391229

30 35 0.38415

31 35 0.375554

32 35 0.365477

33 35 0.353957

34 35 0.34104

35 35 0.326777

36 35 0.311225

37 35 0.294444

38 35 0.276501

39 35 0.257468

40 35 0.237418

41 35 0.216431

42 35 0.194589

43 35 0.17198

44 35 0.148692

45 35 0.124818

46 35 0.100451

47 35 0.0756868

48 35 0.0506245

49 35 0.0253623

50 35 0

0 36 0

1 36 0.0241552

2 36 0.0482151

3 36 0.0720847

4 36 0.0956698

5 36 0.118877

6 36 0.141616

7 36 0.163795

8 36 0.185328

9 36 0.20613

10 36 0.226118

11 36 0.245214

12 36 0.263342

13 36 0.280431

14 36 0.296413

15 36 0.311225

16 36 0.324809

17 36 0.337111

18 36 0.348082

19 36 0.35768

20 36 0.365867

21 36 0.372609

22 36 0.377881

23 36 0.381662

24 36 0.383936

25 36 0.384695

26 36 0.383936

27 36 0.381662

28 36 0.377881

29 36 0.372609

30 36 0.365867

31 36 0.35768

32 36 0.348082

33 36 0.337111

34 36 0.324809

35 36 0.311225

36 36 0.296413

37 36 0.280431

38 36 0.263342

39 36 0.245214

40 36 0.226118

41 36 0.20613

42 36 0.185328

43 36 0.163795

44 36 0.141616

45 36 0.118877

46 36 0.0956698

47 36 0.0720847

48 36 0.0482151

49 36 0.0241552

50 36 0

0 37 0

1 37 0.0228528

2 37 0.0456154

3 37 0.068198

4 37 0.0905114

5 37 0.112468

6 37 0.13398

7 37 0.154964

8 37 0.175336

9 37 0.195016

10 37 0.213926

11 37 0.231992

12 37 0.249143

13 37 0.26531

14 37 0.280431

15 37 0.294444

16 37 0.307296

17 37 0.318934

18 37 0.329315

19 37 0.338395

20 37 0.34614

21 37 0.352519

22 37 0.357506

23 37 0.361083

24 37 0.363235

25 37 0.363953

26 37 0.363235

27 37 0.361083

28 37 0.357506

29 37 0.352519

30 37 0.34614

31 37 0.338395

32 37 0.329315

33 37 0.318934

34 37 0.307296

35 37 0.294444

36 37 0.280431

37 37 0.26531

38 37 0.249143

39 37 0.231992

40 37 0.213926

41 37 0.195016

42 37 0.175336

43 37 0.154964

44 37 0.13398

45 37 0.112468

46 37 0.0905114

47 37 0.068198

48 37 0.0456154

49 37 0.0228528

50 37 0

0 38 0

1 38 0.0214602

2 38 0.0428357

3 38 0.0640422

4 38 0.0849959

5 38 0.105614

6 38 0.125816

7 38 0.145521

8 38 0.164651

9 38 0.183132

10 38 0.20089

11 38 0.217855

12 38 0.233961

13 38 0.249143

14 38 0.263342

15 38 0.276501

16 38 0.28857

17 38 0.299499

18 38 0.309247

19 38 0.317774

20 38 0.325047

21 38 0.331037

22 38 0.335721

23 38 0.33908

24 38 0.3411

25 38 0.341775

26 38 0.3411

27 38 0.33908

28 38 0.335721

29 38 0.331037

30 38 0.325047

31 38 0.317774

32 38 0.309247

33 38 0.299499

34 38 0.28857

35 38 0.276501

36 38 0.263342

37 38 0.249143

38 38 0.233961

39 38 0.217855

40 38 0.20089

41 38 0.183132

42 38 0.164651

43 38 0.145521

44 38 0.125816

45 38 0.105614

46 38 0.0849959

47 38 0.0640422

48 38 0.0428357

49 38 0.0214602

50 38 0

0 39 0

1 39 0.0199829

2 39 0.039887

3 39 0.0596336

4 39 0.0791449

5 39 0.0983439

6 39 0.117155

7 39 0.135503

8 39 0.153317

9 39 0.170525

10 39 0.187061

11 39 0.202859

12 39 0.217855

13 39 0.231992

14 39 0.245214

15 39 0.257468

16 39 0.268705

17 39 0.278882

18 39 0.287959

19 39 0.295899

20 39 0.302671

21 39 0.308249

22 39 0.31261

23 39 0.315738

24 39 0.317619

25 39 0.318247

26 39 0.317619

27 39 0.315738

28 39 0.31261

29 39 0.308249

30 39 0.302671

31 39 0.295899

32 39 0.287959

33 39 0.278882

34 39 0.268705

35 39 0.257468

36 39 0.245214

37 39 0.231992

38 39 0.217855

39 39 0.202859

40 39 0.187061

41 39 0.170525

42 39 0.153317

43 39 0.135503

44 39 0.117155

45 39 0.0983439

46 39 0.0791449

47 39 0.0596336

48 39 0.039887

49 39 0.0199829

50 39 0

0 40 0

1 40 0.0184268

2 40 0.0367808

3 40 0.0549897

4 40 0.0729816

5 40 0.0906854

6 40 0.108031

7 40 0.124951

8 40 0.141377

9 40 0.157246

10 40 0.172494

11 40 0.187061

12 40 0.20089

13 40 0.213926

14 40 0.226118

15 40 0.237418

16 40 0.24778

17 40 0.257165

18 40 0.265534

19 40 0.272856

20 40 0.279101

21 40 0.284244

22 40 0.288266

23 40 0.29115

24 40 0.292885

25 40 0.293464

26 40 0.292885

27 40 0.29115

28 40 0.288266

29 40 0.284244

30 40 0.279101

31 40 0.272856

32 40 0.265534

33 40 0.257165

34 40 0.24778

35 40 0.237418

36 40 0.226118

37 40 0.213926

38 40 0.20089

39 40 0.187061

40 40 0.172494

41 40 0.157246

42 40 0.141377

43 40 0.124951

44 40 0.108031

45 40 0.0906854

46 40 0.0729816

47 40 0.0549897

48 40 0.0367808

49 40 0.0184268

50 40 0

0 41 0

1 41 0.0167979

2 41 0.0335295

3 41 0.0501288

4 41 0.0665302

5 41 0.0826691

6 41 0.0984817

7 41 0.113906

8 41 0.12888

9 41 0.143346

10 41 0.157246

11 41 0.170525

12 41 0.183132

13 41 0.195016

14 41 0.20613

15 41 0.216431

16 41 0.225877

17 41 0.234432

18 41 0.242062

19 41 0.248736

20 41 0.254429

21 41 0.259118

22 41 0.262784

23 41 0.265413

24 41 0.266995

25 41 0.267523

26 41 0.266995

27 41 0.265413

28 41 0.262784

29 41 0.259118

30 41 0.254429

31 41 0.248736

32 41 0.242062

33 41 0.234432

34 41 0.225877

35 41 0.216431

36 41 0.20613

37 41 0.195016

38 41 0.183132

39 41 0.170525

40 41 0.157246

41 41 0.143346

42 41 0.12888

43 41 0.113906

44 41 0.0984817

45 41 0.0826691

46 41 0.0665302

47 41 0.0501288

48 41 0.0335295

49 41 0.0167979

50 41 0

0 42 0

1 42 0.0151027

2 42 0.0301459

3 42 0.04507

4 42 0.0598163

5 42 0.0743265

6 42 0.0885434

7 42 0.102411

8 42 0.115874

9 42 0.12888

10 42 0.141377

11 42 0.153317

12 42 0.164651

13 42 0.175336

14 42 0.185328

15 42 0.194589

16 42 0.203083

17 42 0.210774

18 42 0.217634

19 42 0.223635

20 42 0.228754

21 42 0.232969

22 42 0.236265

23 42 0.238629

24 42 0.240051

25 42 0.240526

26 42 0.240051

27 42 0.238629

28 42 0.236265

29 42 0.232969

30 42 0.228754

31 42 0.223635

32 42 0.217634

33 42 0.210774

34 42 0.203083

35 42 0.194589

36 42 0.185328

37 42 0.175336

38 42 0.164651

39 42 0.153317

40 42 0.141377

41 42 0.12888

42 42 0.115874

43 42 0.102411

44 42 0.0885434

45 42 0.0743265

46 42 0.0598163

47 42 0.04507

48 42 0.0301459

49 42 0.0151027

50 42 0

0 43 0

1 43 0.013348

2 43 0.0266433

3 43 0.0398334

4 43 0.0528663

5 43 0.0656906

6 43 0.0782557

7 43 0.0905119

8 43 0.102411

9 43 0.113906

10 43 0.124951

11 43 0.135503

12 43 0.145521

13 43 0.154964

14 43 0.163795

15 43 0.17198

16 43 0.179487

17 43 0.186285

18 43 0.192348

19 43 0.197651

20 43 0.202175

21 43 0.205901

22 43 0.208814

23 43 0.210903

24 43 0.21216

25 43 0.212579

26 43 0.21216

27 43 0.210903

28 43 0.208814

29 43 0.205901

30 43 0.202175

31 43 0.197651

32 43 0.192348

33 43 0.186285

34 43 0.179487

35 43 0.17198

36 43 0.163795

37 43 0.154964

38 43 0.145521

39 43 0.135503

40 43 0.124951

41 43 0.113906

42 43 0.102411

43 43 0.0905119

44 43 0.0782557

45 43 0.0656906

46 43 0.0528663

47 43 0.0398334

48 43 0.0266433

49 43 0.013348

50 43 0

0 44 0

1 44 0.0115405

2 44 0.0230355

3 44 0.0344396

4 44 0.0457077

5 44 0.0567955

6 44 0.0676591

7 44 0.0782557

8 44 0.0885434

9 44 0.0984817

10 44 0.108031

11 44 0.117155

12 44 0.125816

13 44 0.13398

14 44 0.141616

15 44 0.148692

16 44 0.155182

17 44 0.16106

18 44 0.166302

19 44 0.170887

20 44 0.174798

21 44 0.17802

22 44 0.180538

23 44 0.182345

24 44 0.183431

25 44 0.183794

26 44 0.183431

27 44 0.182345

28 44 0.180538

29 44 0.17802

30 44 0.174798

31 44 0.170887

32 44 0.166302

33 44 0.16106

34 44 0.155182

35 44 0.148692

36 44 0.141616

37 44 0.13398

38 44 0.125816

39 44 0.117155

40 44 0.108031

41 44 0.0984817

42 44 0.0885434

43 44 0.0782557

44 44 0.0676591

45 44 0.0567955

46 44 0.0457077

47 44 0.0344396

48 44 0.0230355

49 44 0.0115405

50 44 0

0 45 0

1 45 0.00968753

2 45 0.0193368

3 45 0.0289098

4 45 0.0383687

5 45 0.0476761

6 45 0.0567955

7 45 0.0656906

8 45 0.0743265

9 45 0.0826691

10 45 0.0906854

11 45 0.0983439

12 45 0.105614

13 45 0.112468

14 45 0.118877

15 45 0.124818

16 45 0.130266

17 45 0.135199

18 45 0.1396

19 45 0.143449

20 45 0.146732

21 45 0.149436

22 45 0.15155

23 45 0.153067

24 45 0.153979

25 45 0.154283

26 45 0.153979

27 45 0.153067

28 45 0.15155

29 45 0.149436

30 45 0.146732

31 45 0.143449

32 45 0.1396

33 45 0.135199

34 45 0.130266

35 45 0.124818

36 45 0.118877

37 45 0.112468

38 45 0.105614

39 45 0.0983439

40 45 0.0906854

41 45 0.0826691

42 45 0.0743265

43 45 0.0656906

44 45 0.0567955

45 45 0.0476761

46 45 0.0383687

47 45 0.0289098

48 45 0.0193368

49 45 0.00968753

50 45 0

0 46 0

1 46 0.0077963

2 46 0.0155618

3 46 0.023266

4 46 0.0308783

5 46 0.0383687

6 46 0.0457077

7 46 0.0528663

8 46 0.0598163

9 46 0.0665302

10 46 0.0729816

11 46 0.0791449

12 46 0.0849959

13 46 0.0905114

14 46 0.0956698

15 46 0.100451

16 46 0.104835

17 46 0.108805

18 46 0.112347

19 46 0.115444

20 46 0.118087

21 46 0.120263

22 46 0.121964

23 46 0.123185

24 46 0.123919

25 46 0.124164

26 46 0.123919

27 46 0.123185

28 46 0.121964

29 46 0.120263

30 46 0.118087

31 46 0.115444

32 46 0.112347

33 46 0.108805

34 46 0.104835

35 46 0.100451

36 46 0.0956698

37 46 0.0905114

38 46 0.0849959

39 46 0.0791449

40 46 0.0729816

41 46 0.0665302

42 46 0.0598163

43 46 0.0528663

44 46 0.0457077

45 46 0.0383687

46 46 0.0308783

47 46 0.023266

48 46 0.0155618

49 46 0.0077963

50 46 0

0 47 0

1 47 0.00587431

2 47 0.0117254

3 47 0.0175303

4 47 0.023266

5 47 0.0289098

6 47 0.0344396

7 47 0.0398334

8 47 0.04507

9 47 0.0501288

10 47 0.0549897

11 47 0.0596336

12 47 0.0640422

13 47 0.068198

14 47 0.0720847

15 47 0.0756868

16 47 0.0789903

17 47 0.0819821

18 47 0.0846503

19 47 0.0869844

20 47 0.0889752

21 47 0.0906149

22 47 0.091897

23 47 0.0928164

24 47 0.0933695

25 47 0.0935541

26 47 0.0933695

27 47 0.0928164

28 47 0.091897

29 47 0.0906149

30 47 0.0889752

31 47 0.0869844

32 47 0.0846503

33 47 0.0819821

34 47 0.0789903

35 47 0.0756868

36 47 0.0720847

37 47 0.068198

38 47 0.0640422

39 47 0.0596336

40 47 0.0549897

41 47 0.0501288

42 47 0.04507

43 47 0.0398334

44 47 0.0344396

45 47 0.0289098

46 47 0.023266

47 47 0.0175303

48 47 0.0117254

49 47 0.00587431

50 47 0

0 48 0

1 48 0.00392913

2 48 0.00784276

3 48 0.0117254

4 48 0.0155618

5 48 0.0193368

6 48 0.0230355

7 48 0.0266433

8 48 0.0301459

9 48 0.0335295

10 48 0.0367808

11 48 0.039887

12 48 0.0428357

13 48 0.0456154

14 48 0.0482151

15 48 0.0506245

16 48 0.052834

17 48 0.0548351

18 48 0.0566198

19 48 0.058181

20 48 0.0595126

21 48 0.0606093

22 48 0.0614669

23 48 0.0620818

24 48 0.0624518

25 48 0.0625753

26 48 0.0624518

27 48 0.0620818

28 48 0.0614669

29 48 0.0606093

30 48 0.0595126

31 48 0.058181

32 48 0.0566198

33 48 0.0548351

34 48 0.052834

35 48 0.0506245

36 48 0.0482151

37 48 0.0456154

38 48 0.0428357

39 48 0.039887

40 48 0.0367808

41 48 0.0335295

42 48 0.0301459

43 48 0.0266433

44 48 0.0230355

45 48 0.0193368

46 48 0.0155618

47 48 0.0117254

48 48 0.00784276

49 48 0.00392913

50 48 0

0 49 0

1 49 0.00196845

2 49 0.00392913

3 49 0.00587431

4 49 0.0077963

5 49 0.00968753

6 49 0.0115405

7 49 0.013348

8 49 0.0151027

9 49 0.0167979

10 49 0.0184268

11 49 0.0199829

12 49 0.0214602

13 49 0.0228528

14 49 0.0241552

15 49 0.0253623

16 49 0.0264693

17 49 0.0274718

18 49 0.0283659

19 49 0.029148

20 49 0.0298151

21 49 0.0303646

22 49 0.0307942

23 49 0.0311023

24 49 0.0312876

25 49 0.0313495

26 49 0.0312876

27 49 0.0311023

28 49 0.0307942

29 49 0.0303646

30 49 0.0298151

31 49 0.029148

32 49 0.0283659

33 49 0.0274718

34 49 0.0264693

35 49 0.0253623

36 49 0.0241552

37 49 0.0228528

38 49 0.0214602

39 49 0.0199829

40 49 0.0184268

41 49 0.0167979

42 49 0.0151027

43 49 0.013348

44 49 0.0115405

45 49 0.00968753

46 49 0.0077963

47 49 0.00587431

48 49 0.00392913

49 49 0.00196845

50 49 0

