0 1 0

1 1 0.000229991

2 1 0.000459073

3 1 0.000686344

4 1 0.000910907

5 1 0.00113187

6 1 0.00134837

7 1 0.00155955

8 1 0.00176458

9 1 0.00196264

10 1 0.00215295

11 1 0.00233477

12 1 0.00250737

13 1 0.00267008

14 1 0.00282225

15 1 0.00296329

16 1 0.00309262

17 1 0.00320976

18 1 0.00331422

19 1 0.00340561

20 1 0.00348355

21 1 0.00354775

22 1 0.00359794

23 1 0.00363394

24 1 0.00365559

25 1 0.00366282

26 1 0.00365559

27 1 0.00363394

28 1 0.00359794

29 1 0.00354775

30 1 0.00348355

31 1 0.00340561

32 1 0.00331422

33 1 0.00320976

34 1 0.00309262

35 1 0.00296329

36 1 0.00282225

37 1 0.00267008

38 1 0.00250737

39 1 0.00233477

40 1 0.00215295

41 1 0.00196264

42 1 0.00176458

43 1 0.00155955

44 1 0.00134837

45 1 0.00113187

46 1 0.000910907

47 1 0.000686344

48 1 0.000459073

49 1 0.000229991

50 1 0

0 2 0

1 2 0.000459073

2 2 0.000916335

3 2 0.00136998

4 2 0.00181822

5 2 0.00225928

6 2 0.00269143

7 2 0.00311295

8 2 0.00352219

9 2 0.00391753

10 2 0.00429741

11 2 0.00466033

12 2 0.00500485

13 2 0.00532963

14 2 0.00563337

15 2 0.00591488

16 2 0.00617304

17 2 0.00640684

18 2 0.00661536

19 2 0.00679777

20 2 0.00695335

21 2 0.0070815

22 2 0.00718169

23 2 0.00725354

24 2 0.00729676

25 2 0.00731119

26 2 0.00729676

27 2 0.00725354

28 2 0.00718169

29 2 0.0070815

30 2 0.00695335

31 2 0.00679777

32 2 0.00661536

33 2 0.00640684

34 2 0.00617304

35 2 0.00591488

36 2 0.00563337

37 2 0.00532963

38 2 0.00500485

39 2 0.00466033

40 2 0.00429741

41 2 0.00391753

42 2 0.00352219

43 2 0.00311295

44 2 0.00269143

45 2 0.00225928

46 2 0.00181822

47 2 0.00136998

48 2 0.000916335

49 2 0.000459073

50 2 0

0 3 0

1 3 0.000686344

2 3 0.00136998

3 3 0.00204821

4 3 0.00271836

5 3 0.00337777

6 3 0.00402386

7 3 0.00465407

8 3 0.00526591

9 3 0.00585696

10 3 0.00642491

11 3 0.00696749

12 3 0.00748258

13 3 0.00796814

14 3 0.00842225

15 3 0.00884312

16 3 0.0092291

17 3 0.00957865

18 3 0.0098904

19 3 0.0101631

20 3 0.0103957

21 3 0.0105873

22 3 0.0107371

23 3 0.0108445

24 3 0.0109091

25 3 0.0109307

26 3 0.0109091

27 3 0.0108445

28 3 0.0107371

29 3 0.0105873

30 3 0.0103957

31 3 0.0101631

32 3 0.0098904

33 3 0.00957865

34 3 0.0092291

35 3 0.00884312

36 3 0.00842225

37 3 0.00796814

38 3 0.00748258

39 3 0.00696749

40 3 0.00642491

41 3 0.00585696

42 3 0.00526591

43 3 0.00465407

44 3 0.00402386

45 3 0.00337777

46 3 0.00271836

47 3 0.00204821

48 3 0.00136998

49 3 0.000686344

50 3 0

0 4 0

1 4 0.000910907

2 4 0.00181822

3 4 0.00271836

4 4 0.00360776

5 4 0.00448293

6 4 0.00534041

7 4 0.00617681

8 4 0.00698884

9 4 0.00777328

10 4 0.00852705

11 4 0.00924716

12 4 0.00993078

13 4 0.0105752

14 4 0.0111779

15 4 0.0117365

16 4 0.0122487

17 4 0.0127126

18 4 0.0131264

19 4 0.0134883

20 4 0.0137971

21 4 0.0140513

22 4 0.0142501

23 4 0.0143927

24 4 0.0144785

25 4 0.0145071

26 4 0.0144785

27 4 0.0143927

28 4 0.0142501

29 4 0.0140513

30 4 0.0137971

31 4 0.0134883

32 4 0.0131264

33 4 0.0127126

34 4 0.0122487

35 4 0.0117365

36 4 0.0111779

37 4 0.0105752

38 4 0.00993078

39 4 0.00924716

40 4 0.00852705

41 4 0.00777328

42 4 0.00698884

43 4 0.00617681

44 4 0.00534041

45 4 0.00448293

46 4 0.00360776

47 4 0.00271836

48 4 0.00181822

49 4 0.000910907

50 4 0

0 5 0

1 5 0.00113187

2 5 0.00225928

3 5 0.00337777

4 5 0.00448293

5 5 0.0055704

6 5 0.00663589

7 5 0.00767518

8 5 0.00868419

9 5 0.00965892

10 5 0.0105955

11 5 0.0114903

12 5 0.0123398

13 5 0.0131405

14 5 0.0138894

15 5 0.0145835

16 5 0.01522

17 5 0.0157965

18 5 0.0163106

19 5 0.0167603

20 5 0.0171439

21 5 0.0174599

22 5 0.0177069

23 5 0.0178841

24 5 0.0179906

25 5 0.0180262

26 5 0.0179906

27 5 0.0178841

28 5 0.0177069

29 5 0.0174599

30 5 0.0171439

31 5 0.0167603

32 5 0.0163106

33 5 0.0157965

34 5 0.01522

35 5 0.0145835

36 5 0.0138894

37 5 0.0131405

38 5 0.0123398

39 5 0.0114903

40 5 0.0105955

41 5 0.00965892

42 5 0.00868419

43 5 0.00767518

44 5 0.00663589

45 5 0.0055704

46 5 0.00448293

47 5 0.00337777

48 5 0.00225928

49 5 0.00113187

50 5 0

0 6 0

1 6 0.00134837

2 6 0.00269143

3 6 0.00402386

4 6 0.00534041

5 6 0.00663589

6 6 0.00790517

7 6 0.00914326

8 6 0.0103453

9 6 0.0115064

10 6 0.0126222

11 6 0.0136882

12 6 0.0147001

13 6 0.015654

14 6 0.0165461

15 6 0.017373

16 6 0.0181312

17 6 0.018818

18 6 0.0194304

19 6 0.0199662

20 6 0.0204232

21 6 0.0207995

22 6 0.0210938

23 6 0.0213048

24 6 0.0214318

25 6 0.0214742

26 6 0.0214318

27 6 0.0213048

28 6 0.0210938

29 6 0.0207995

30 6 0.0204232

31 6 0.0199662

32 6 0.0194304

33 6 0.018818

34 6 0.0181312

35 6 0.017373

36 6 0.0165461

37 6 0.015654

38 6 0.0147001

39 6 0.0136882

40 6 0.0126222

41 6 0.0115064

42 6 0.0103453

43 6 0.00914326

44 6 0.00790517

45 6 0.00663589

46 6 0.00534041

47 6 0.00402386

48 6 0.00269143

49 6 0.00134837

50 6 0

0 7 0

1 7 0.00155955

2 7 0.00311295

3 7 0.00465407

4 7 0.00617681

5 7 0.00767518

6 7 0.00914326

7 7 0.0105753

8 7 0.0119655

9 7 0.0133086

10 7 0.0145991

11 7 0.015832

12 7 0.0170024

13 7 0.0181057

14 7 0.0191376

15 7 0.0200939

16 7 0.0209709

17 7 0.0217652

18 7 0.0224736

19 7 0.0230932

20 7 0.0236218

21 7 0.0240571

22 7 0.0243975

23 7 0.0246416

24 7 0.0247884

25 7 0.0248374

26 7 0.0247884

27 7 0.0246416

28 7 0.0243975

29 7 0.0240571

30 7 0.0236218

31 7 0.0230932

32 7 0.0224736

33 7 0.0217652

34 7 0.0209709

35 7 0.0200939

36 7 0.0191376

37 7 0.0181057

38 7 0.0170024

39 7 0.015832

40 7 0.0145991

41 7 0.0133086

42 7 0.0119655

43 7 0.0105753

44 7 0.00914326

45 7 0.00767518

46 7 0.00617681

47 7 0.00465407

48 7 0.00311295

49 7 0.00155955

50 7 0

0 8 0

1 8 0.00176458

2 8 0.00352219

3 8 0.00526591

4 8 0.00698884

5 8 0.00868419

6 8 0.0103453

7 8 0.0119655

8 8 0.0135385

9 8 0.0150581

10 8 0.0165183

11 8 0.0179133

12 8 0.0192376

13 8 0.0204859

14 8 0.0216534

15 8 0.0227355

16 8 0.0237278

17 8 0.0246265

18 8 0.025428

19 8 0.0261292

20 8 0.0267272

21 8 0.0272197

22 8 0.0276048

23 8 0.027881

24 8 0.0280472

25 8 0.0281026

26 8 0.0280472

27 8 0.027881

28 8 0.0276048

29 8 0.0272197

30 8 0.0267272

31 8 0.0261292

32 8 0.025428

33 8 0.0246265

34 8 0.0237278

35 8 0.0227355

36 8 0.0216534

37 8 0.0204859

38 8 0.0192376

39 8 0.0179133

40 8 0.0165183

41 8 0.0150581

42 8 0.0135385

43 8 0.0119655

44 8 0.0103453

45 8 0.00868419

46 8 0.00698884

47 8 0.00526591

48 8 0.00352219

49 8 0.00176458

50 8 0

0 9 0

1 9 0.00196264

2 9 0.00391753

3 9 0.00585696

4 9 0.00777328

5 9 0.00965892

6 9 0.0115064

7 9 0.0133086

8 9 0.0150581

9 9 0.0167483

10 9 0.0183724

11 9 0.0199239

12 9 0.0213968

13 9 0.0227853

14 9 0.0240839

15 9 0.0252874

16 9 0.0263911

17 9 0.0273907

18 9 0.0282821

19 9 0.029062

20 9 0.0297271

21 9 0.0302749

22 9 0.0307033

23 9 0.0310105

24 9 0.0311952

25 9 0.0312569

26 9 0.0311952

27 9 0.0310105

28 9 0.0307033

29 9 0.0302749

30 9 0.0297271

31 9 0.029062

32 9 0.0282821

33 9 0.0273907

34 9 0.0263911

35 9 0.0252874

36 9 0.0240839

37 9 0.0227853

38 9 0.0213968

39 9 0.0199239

40 9 0.0183724

41 9 0.0167483

42 9 0.0150581

43 9 0.0133086

44 9 0.0115064

45 9 0.00965892

46 9 0.00777328

47 9 0.00585696

48 9 0.00391753

49 9 0.00196264

50 9 0

0 10 0

1 10 0.00215295

2 10 0.00429741

3 10 0.00642491

4 10 0.00852705

5 10 0.0105955

6 10 0.0126222

7 10 0.0145991

8 10 0.0165183

9 10 0.0183724

10 10 0.0201539

11 10 0.0218559

12 10 0.0234717

13 10 0.0249948

14 10 0.0264193

15 10 0.0277395

16 10 0.0289502

17 10 0.0300467

18 10 0.0310246

19 10 0.0318801

20 10 0.0326097

21 10 0.0332107

22 10 0.0336805

23 10 0.0340175

24 10 0.0342202

25 10 0.0342879

26 10 0.0342202

27 10 0.0340175

28 10 0.0336805

29 10 0.0332107

30 10 0.0326097

31 10 0.0318801

32 10 0.0310246

33 10 0.0300467

34 10 0.0289502

35 10 0.0277395

36 10 0.0264193

37 10 0.0249948

38 10 0.0234717

39 10 0.0218559

40 10 0.0201539

41 10 0.0183724

42 10 0.0165183

43 10 0.0145991

44 10 0.0126222

45 10 0.0105955

46 10 0.00852705

47 10 0.00642491

48 10 0.00429741

49 10 0.00215295

50 10 0

0 11 0

1 11 0.00233477

2 11 0.00466033

3 11 0.00696749

4 11 0.00924716

5 11 0.0114903

6 11 0.0136882

7 11 0.015832

8 11 0.0179133

9 11 0.0199239

10 11 0.0218559

11 11 0.0237017

12 11 0.0254539

13 11 0.0271056

14 11 0.0286504

15 11 0.0300821

16 11 0.0313951

17 11 0.0325841

18 11 0.0336446

19 11 0.0345723

20 11 0.0353636

21 11 0.0360153

22 11 0.0365249

23 11 0.0368903

24 11 0.0371101

25 11 0.0371835

26 11 0.0371101

27 11 0.0368903

28 11 0.0365249

29 11 0.0360153

30 11 0.0353636

31 11 0.0345723

32 11 0.0336446

33 11 0.0325841

34 11 0.0313951

35 11 0.0300821

36 11 0.0286504

37 11 0.0271056

38 11 0.0254539

39 11 0.0237017

40 11 0.0218559

41 11 0.0199239

42 11 0.0179133

43 11 0.015832

44 11 0.0136882

45 11 0.0114903

46 11 0.00924716

47 11 0.00696749

48 11 0.00466033

49 11 0.00233477

50 11 0

0 12 0

1 12 0.00250737

2 12 0.00500485

3 12 0.00748258

4 12 0.00993078

5 12 0.0123398

6 12 0.0147001

7 12 0.0170024

8 12 0.0192376

9 12 0.0213968

10 12 0.0234717

11 12 0.0254539

12 12 0.0273356

13 12 0.0291094

14 12 0.0307684

15 12 0.032306

16 12 0.033716

17 12 0.034993

18 12 0.0361319

19 12 0.0371282

20 12 0.0379779

21 12 0.0386778

22 12 0.0392251

23 12 0.0396175

24 12 0.0398536

25 12 0.0399324

26 12 0.0398536

27 12 0.0396175

28 12 0.0392251

29 12 0.0386778

30 12 0.0379779

31 12 0.0371282

32 12 0.0361319

33 12 0.034993

34 12 0.033716

35 12 0.032306

36 12 0.0307684

37 12 0.0291094

38 12 0.0273356

39 12 0.0254539

40 12 0.0234717

41 12 0.0213968

42 12 0.0192376

43 12 0.0170024

44 12 0.0147001

45 12 0.0123398

46 12 0.00993078

47 12 0.00748258

48 12 0.00500485

49 12 0.00250737

50 12 0

0 13 0

1 13 0.00267008

2 13 0.00532963

3 13 0.00796814

4 13 0.0105752

5 13 0.0131405

6 13 0.015654

7 13 0.0181057

8 13 0.0204859

9 13 0.0227853

10 13 0.0249948

11 13 0.0271056

12 13 0.0291094

13 13 0.0309984

14 13 0.032765

15 13 0.0344024

16 13 0.0359039

17 13 0.0372638

18 13 0.0384766

19 13 0.0395375

20 13 0.0404424

21 13 0.0411877

22 13 0.0417704

23 13 0.0421883

24 13 0.0424397

25 13 0.0425237

26 13 0.0424397

27 13 0.0421883

28 13 0.0417704

29 13 0.0411877

30 13 0.0404424

31 13 0.0395375

32 13 0.0384766

33 13 0.0372638

34 13 0.0359039

35 13 0.0344024

36 13 0.032765

37 13 0.0309984

38 13 0.0291094

39 13 0.0271056

40 13 0.0249948

41 13 0.0227853

42 13 0.0204859

43 13 0.0181057

44 13 0.015654

45 13 0.0131405

46 13 0.0105752

47 13 0.00796814

48 13 0.00532963

49 13 0.00267008

50 13 0

0 14 0

1 14 0.00282225

2 14 0.00563337

3 14 0.00842225

4 14 0.0111779

5 14 0.0138894

6 14 0.0165461

7 14 0.0191376

8 14 0.0216534

9 14 0.0240839

10 14 0.0264193

11 14 0.0286504

12 14 0.0307684

13 14 0.032765

14 14 0.0346324

15 14 0.036363

16 14 0.0379501

17 14 0.0393875

18 14 0.0406694

19 14 0.0417908

20 14 0.0427473

21 14 0.043535

22 14 0.044151

23 14 0.0445927

24 14 0.0448584

25 14 0.0449471

26 14 0.0448584

27 14 0.0445927

28 14 0.044151

29 14 0.043535

30 14 0.0427473

31 14 0.0417908

32 14 0.0406694

33 14 0.0393875

34 14 0.0379501

35 14 0.036363

36 14 0.0346324

37 14 0.032765

38 14 0.0307684

39 14 0.0286504

40 14 0.0264193

41 14 0.0240839

42 14 0.0216534

43 14 0.0191376

44 14 0.0165461

45 14 0.0138894

46 14 0.0111779

47 14 0.00842225

48 14 0.00563337

49 14 0.00282225

50 14 0

0 15 0

1 15 0.00296329

2 15 0.00591488

3 15 0.00884312

4 15 0.0117365

5 15 0.0145835

6 15 0.017373

7 15 0.0200939

8 15 0.0227355

9 15 0.0252874

10 15 0.0277395

11 15 0.0300821

12 15 0.032306

13 15 0.0344024

14 15 0.036363

15 15 0.0381801

16 15 0.0398465

17 15 0.0413557

18 15 0.0427017

19 15 0.0438791

20 15 0.0448834

21 15 0.0457105

22 15 0.0463573

23 15 0.0468211

24 15 0.0471001

25 15 0.0471932

26 15 0.0471001

27 15 0.0468211

28 15 0.0463573

29 15 0.0457105

30 15 0.0448834

31 15 0.0438791

32 15 0.0427017

33 15 0.0413557

34 15 0.0398465

35 15 0.0381801

36 15 0.036363

37 15 0.0344024

38 15 0.032306

39 15 0.0300821

40 15 0.0277395

41 15 0.0252874

42 15 0.0227355

43 15 0.0200939

44 15 0.017373

45 15 0.0145835

46 15 0.0117365

47 15 0.00884312

48 15 0.00591488

49 15 0.00296329

50 15 0

0 16 0

1 16 0.00309262

2 16 0.00617304

3 16 0.0092291

4 16 0.0122487

5 16 0.01522

6 16 0.0181312

7 16 0.0209709

8 16 0.0237278

9 16 0.0263911

10 16 0.0289502

11 16 0.0313951

12 16 0.033716

13 16 0.0359039

14 16 0.0379501

15 16 0.0398465

16 16 0.0415857

17 16 0.0431608

18 16 0.0445655

19 16 0.0457943

20 16 0.0468424

21 16 0.0477057

22 16 0.0483806

23 16 0.0488647

24 16 0.0491558

25 16 0.049253

26 16 0.0491558

27 16 0.0488647

28 16 0.0483806

29 16 0.0477057

30 16 0.0468424

31 16 0.0457943

32 16 0.0445655

33 16 0.0431608

34 16 0.0415857

35 16 0.0398465

36 16 0.0379501

37 16 0.0359039

38 16 0.033716

39 16 0.0313951

40 16 0.0289502

41 16 0.0263911

42 16 0.0237278

43 16 0.0209709

44 16 0.0181312

45 16 0.01522

46 16 0.0122487

47 16 0.0092291

48 16 0.00617304

49 16 0.00309262

50 16 0

0 17 0

1 17 0.00320976

2 17 0.00640684

3 17 0.00957865

4 17 0.0127126

5 17 0.0157965

6 17 0.018818

7 17 0.0217652

8 17 0.0246265

9 17 0.0273907

10 17 0.0300467

11 17 0.0325841

12 17 0.034993

13 17 0.0372638

14 17 0.0393875

15 17 0.0413557

16 17 0.0431608

17 17 0.0447955

18 17 0.0462534

19 17 0.0475288

20 17 0.0486166

21 17 0.0495125

22 17 0.050213

23 17 0.0507154

24 17 0.0510176

25 17 0.0511185

26 17 0.0510176

27 17 0.0507154

28 17 0.050213

29 17 0.0495125

30 17 0.0486166

31 17 0.0475288

32 17 0.0462534

33 17 0.0447955

34 17 0.0431608

35 17 0.0413557

36 17 0.0393875

37 17 0.0372638

38 17 0.034993

39 17 0.0325841

40 17 0.0300467

41 17 0.0273907

42 17 0.0246265

43 17 0.0217652

44 17 0.018818

45 17 0.0157965

46 17 0.0127126

47 17 0.00957865

48 17 0.00640684

49 17 0.00320976

50 17 0

0 18 0

1 18 0.00331422

2 18 0.00661536

3 18 0.0098904

4 18 0.0131264

5 18 0.0163106

6 18 0.0194304

7 18 0.0224736

8 18 0.025428

9 18 0.0282821

10 18 0.0310246

11 18 0.0336446

12 18 0.0361319

13 18 0.0384766

14 18 0.0406694

15 18 0.0427017

16 18 0.0445655

17 18 0.0462534

18 18 0.0477587

19 18 0.0490756

20 18 0.0501988

21 18 0.0511239

22 18 0.0518473

23 18 0.052366

24 18 0.052678

25 18 0.0527822

26 18 0.052678

27 18 0.052366

28 18 0.0518473

29 18 0.0511239

30 18 0.0501988

31 18 0.0490756

32 18 0.0477587

33 18 0.0462534

34 18 0.0445655

35 18 0.0427017

36 18 0.0406694

37 18 0.0384766

38 18 0.0361319

39 18 0.0336446

40 18 0.0310246

41 18 0.0282821

42 18 0.025428

43 18 0.0224736

44 18 0.0194304

45 18 0.0163106

46 18 0.0131264

47 18 0.0098904

48 18 0.00661536

49 18 0.00331422

50 18 0

0 19 0

1 19 0.00340561

2 19 0.00679777

3 19 0.0101631

4 19 0.0134883

5 19 0.0167603

6 19 0.0199662

7 19 0.0230932

8 19 0.0261292

9 19 0.029062

10 19 0.0318801

11 19 0.0345723

12 19 0.0371282

13 19 0.0395375

14 19 0.0417908

15 19 0.0438791

16 19 0.0457943

17 19 0.0475288

18 19 0.0490756

19 19 0.0504288

20 19 0.051583

21 19 0.0525336

22 19 0.0532769

23 19 0.0538099

24 19 0.0541306

25 19 0.0542376

26 19 0.0541306

27 19 0.0538099

28 19 0.0532769

29 19 0.0525336

30 19 0.051583

31 19 0.0504288

32 19 0.0490756

33 19 0.0475288

34 19 0.0457943

35 19 0.0438791

36 19 0.0417908

37 19 0.0395375

38 19 0.0371282

39 19 0.0345723

40 19 0.0318801

41 19 0.029062

42 19 0.0261292

43 19 0.0230932

44 19 0.0199662

45 19 0.0167603

46 19 0.0134883

47 19 0.0101631

48 19 0.00679777

49 19 0.00340561

50 19 0

0 20 0

1 20 0.00348355

2 20 0.00695335

3 20 0.0103957

4 20 0.0137971

5 20 0.0171439

6 20 0.0204232

7 20 0.0236218

8 20 0.0267272

9 20 0.0297271

10 20 0.0326097

11 20 0.0353636

12 20 0.0379779

13 20 0.0404424

14 20 0.0427473

15 20 0.0448834

16 20 0.0468424

17 20 0.0486166

18 20 0.0501988

19 20 0.051583

20 20 0.0527636

21 20 0.053736

22 20 0.0544963

23 20 0.0550415

24 20 0.0553695

25 20 0.0554789

26 20 0.0553695

27 20 0.0550415

28 20 0.0544963

29 20 0.053736

30 20 0.0527636

31 20 0.051583

32 20 0.0501988

33 20 0.0486166

34 20 0.0468424

35 20 0.0448834

36 20 0.0427473

37 20 0.0404424

38 20 0.0379779

39 20 0.0353636

40 20 0.0326097

41 20 0.0297271

42 20 0.0267272

43 20 0.0236218

44 20 0.0204232

45 20 0.0171439

46 20 0.0137971

47 20 0.0103957

48 20 0.00695335

49 20 0.00348355

50 20 0

0 21 0

1 21 0.00354775

2 21 0.0070815

3 21 0.0105873

4 21 0.0140513

5 21 0.0174599

6 21 0.0207995

7 21 0.0240571

8 21 0.0272197

9 21 0.0302749

10 21 0.0332107

11 21 0.0360153

12 21 0.0386778

13 21 0.0411877

14 21 0.043535

15 21 0.0457105

16 21 0.0477057

17 21 0.0495125

18 21 0.0511239

19 21 0.0525336

20 21 0.053736

21 21 0.0547262

22 21 0.0555005

23 21 0.0560558

24 21 0.0563898

25 21 0.0565013

26 21 0.0563898

27 21 0.0560558

28 21 0.0555005

29 21 0.0547262

30 21 0.053736

31 21 0.0525336

32 21 0.0511239

33 21 0.0495125

34 21 0.0477057

35 21 0.0457105

36 21 0.043535

37 21 0.0411877

38 21 0.0386778

39 21 0.0360153

40 21 0.0332107

41 21 0.0302749

42 21 0.0272197

43 21 0.0240571

44 21 0.0207995

45 21 0.0174599

46 21 0.0140513

47 21 0.0105873

48 21 0.0070815

49 21 0.00354775

50 21 0

0 22 0

1 22 0.00359794

2 22 0.00718169

3 22 0.0107371

4 22 0.0142501

5 22 0.0177069

6 22 0.0210938

7 22 0.0243975

8 22 0.0276048

9 22 0.0307033

10 22 0.0336805

11 22 0.0365249

12 22 0.0392251

13 22 0.0417704

14 22 0.044151

15 22 0.0463573

16 22 0.0483806

17 22 0.050213

18 22 0.0518473

19 22 0.0532769

20 22 0.0544963

21 22 0.0555005

22 22 0.0562858

23 22 0.0568489

24 22 0.0571877

25 22 0.0573007

26 22 0.0571877

27 22 0.0568489

28 22 0.0562858

29 22 0.0555005

30 22 0.0544963

31 22 0.0532769

32 22 0.0518473

33 22 0.050213

34 22 0.0483806

35 22 0.0463573

36 22 0.044151

37 22 0.0417704

38 22 0.0392251

39 22 0.0365249

40 22 0.0336805

41 22 0.0307033

42 22 0.0276048

43 22 0.0243975

44 22 0.0210938

45 22 0.0177069

46 22 0.0142501

47 22 0.0107371

48 22 0.00718169

49 22 0.00359794

50 22 0

0 23 0

1 23 0.00363394

2 23 0.00725354

3 23 0.0108445

4 23 0.0143927

5 23 0.0178841

6 23 0.0213048

7 23 0.0246416

8 23 0.027881

9 23 0.0310105

10 23 0.0340175

11 23 0.0368903

12 23 0.0396175

13 23 0.0421883

14 23 0.0445927

15 23 0.0468211

16 23 0.0488647

17 23 0.0507154

18 23 0.052366

19 23 0.0538099

20 23 0.0550415

21 23 0.0560558

22 23 0.0568489

23 23 0.0574177

24 23 0.0577598

25 23 0.057874

26 23 0.0577598

27 23 0.0574177

28 23 0.0568489

29 23 0.0560558

30 23 0.0550415

31 23 0.0538099

32 23 0.052366

33 23 0.0507154

34 23 0.0488647

35 23 0.0468211

36 23 0.0445927

37 23 0.0421883

38 23 0.0396175

39 23 0.0368903

40 23 0.0340175

41 23 0.0310105

42 23 0.027881

43 23 0.0246416

44 23 0.0213048

45 23 0.0178841

46 23 0.0143927

47 23 0.0108445

48 23 0.00725354

49 23 0.00363394

50 23 0

0 24 0

1 24 0.00365559

2 24 0.00729676

3 24 0.0109091

4 24 0.0144785

5 24 0.0179906

6 24 0.0214318

7 24 0.0247884

8 24 0.0280472

9 24 0.0311952

10 24 0.0342202

11 24 0.0371101

12 24 0.0398536

13 24 0.0424397

14 24 0.0448584

15 24 0.0471001

16 24 0.0491558

17 24 0.0510176

18 24 0.052678

19 24 0.0541306

20 24 0.0553695

21 24 0.0563898

22 24 0.0571877

23 24 0.0577598

24 24 0.058104

25 24 0.0582189

26 24 0.058104

27 24 0.0577598

28 24 0.0571877

29 24 0.0563898

30 24 0.0553695

31 24 0.0541306

32 24 0.052678

33 24 0.0510176

34 24 0.0491558

35 24 0.0471001

36 24 0.0448584

37 24 0.0424397

38 24 0.0398536

39 24 0.0371101

40 24 0.0342202

41 24 0.0311952

42 24 0.0280472

43 24 0.0247884

44 24 0.0214318

45 24 0.0179906

46 24 0.0144785

47 24 0.0109091

48 24 0.00729676

49 24 0.00365559

50 24 0

0 25 0

1 25 0.00366282

2 25 0.00731119

3 25 0.0109307

4 25 0.0145071

5 25 0.0180262

6 25 0.0214742

7 25 0.0248374

8 25 0.0281026

9 25 0.0312569

10 25 0.0342879

11 25 0.0371835

12 25 0.0399324

13 25 0.0425237

14 25 0.0449471

15 25 0.0471932

16 25 0.049253

17 25 0.0511185

18 25 0.0527822

19 25 0.0542376

20 25 0.0554789

21 25 0.0565013

22 25 0.0573007

23 25 0.057874

24 25 0.0582189

25 25 0.058334

26 25 0.0582189

27 25 0.057874

28 25 0.0573007

29 25 0.0565013

30 25 0.0554789

31 25 0.0542376

32 25 0.0527822

33 25 0.0511185

34 25 0.049253

35 25 0.0471932

36 25 0.0449471

37 25 0.0425237

38 25 0.0399324

39 25 0.0371835

40 25 0.0342879

41 25 0.0312569

42 25 0.0281026

43 25 0.0248374

44 25 0.0214742

45 25 0.0180262

46 25 0.0145071

47 25 0.0109307

48 25 0.00731119

49 25 0.00366282

50 25 0

0 26 0

1 26 0.00365559

2 26 0.00729676

3 26 0.0109091

4 26 0.0144785

5 26 0.0179906

6 26 0.0214318

7 26 0.0247884

8 26 0.0280472

9 26 0.0311952

10 26 0.0342202

11 26 0.0371101

12 26 0.0398536

13 26 0.0424397

14 26 0.0448584

15 26 0.0471001

16 26 0.0491558

17 26 0.0510176

18 26 0.052678

19 26 0.0541306

20 26 0.0553695

21 26 0.0563898

22 26 0.0571877

23 26 0.0577598

24 26 0.058104

25 26 0.0582189

26 26 0.058104

27 26 0.0577598

28 26 0.0571877

29 26 0.0563898

30 26 0.0553695

31 26 0.0541306

32 26 0.052678

33 26 0.0510176

34 26 0.0491558

35 26 0.0471001

36 26 0.0448584

37 26 0.0424397

38 26 0.0398536

39 26 0.0371101

40 26 0.0342202

41 26 0.0311952

42 26 0.0280472

43 26 0.0247884

44 26 0.0214318

45 26 0.0179906

46 26 0.0144785

47 26 0.0109091

48 26 0.00729676

49 26 0.00365559

50 26 0

0 27 0

1 27 0.00363394

2 27 0.00725354

3 27 0.0108445

4 27 0.0143927

5 27 0.0178841

6 27 0.0213048

7 27 0.0246416

8 27 0.027881

9 27 0.0310105

10 27 0.0340175

11 27 0.0368903

12 27 0.0396175

13 27 0.0421883

14 27 0.0445927

15 27 0.0468211

16 27 0.0488647

17 27 0.0507154

18 27 0.052366

19 27 0.0538099

20 27 0.0550415

21 27 0.0560558

22 27 0.0568489

23 27 0.0574177

24 27 0.0577598

25 27 0.057874

26 27 0.0577598

27 27 0.0574177

28 27 0.0568489

29 27 0.0560558

30 27 0.0550415

31 27 0.0538099

32 27 0.052366

33 27 0.0507154

34 27 0.0488647

35 27 0.0468211

36 27 0.0445927

37 27 0.0421883

38 27 0.0396175

39 27 0.0368903

40 27 0.0340175

41 27 0.0310105

42 27 0.027881

43 27 0.0246416

44 27 0.0213048

45 27 0.0178841

46 27 0.0143927

47 27 0.0108445

48 27 0.00725354

49 27 0.00363394

50 27 0

0 28 0

1 28 0.00359794

2 28 0.00718169

3 28 0.0107371

4 28 0.0142501

5 28 0.0177069

6 28 0.0210938

7 28 0.0243975

8 28 0.0276048

9 28 0.0307033

10 28 0.0336805

11 28 0.0365249

12 28 0.0392251

13 28 0.0417704

14 28 0.044151

15 28 0.0463573

16 28 0.0483806

17 28 0.050213

18 28 0.0518473

19 28 0.0532769

20 28 0.0544963

21 28 0.0555005

22 28 0.0562858

23 28 0.0568489

24 28 0.0571877

25 28 0.0573007

26 28 0.0571877

27 28 0.0568489

28 28 0.0562858

29 28 0.0555005

30 28 0.0544963

31 28 0.0532769

32 28 0.0518473

33 28 0.050213

34 28 0.0483806

35 28 0.0463573

36 28 0.044151

37 28 0.0417704

38 28 0.0392251

39 28 0.0365249

40 28 0.0336805

41 28 0.0307033

42 28 0.0276048

43 28 0.0243975

44 28 0.0210938

45 28 0.0177069

46 28 0.0142501

47 28 0.0107371

48 28 0.00718169

49 28 0.00359794

50 28 0

0 29 0

1 29 0.00354775

2 29 0.0070815

3 29 0.0105873

4 29 0.0140513

5 29 0.0174599

6 29 0.0207995

7 29 0.0240571

8 29 0.0272197

9 29 0.0302749

10 29 0.0332107

11 29 0.0360153

12 29 0.0386778

13 29 0.0411877

14 29 0.043535

15 29 0.0457105

16 29 0.0477057

17 29 0.0495125

18 29 0.0511239

19 29 0.0525336

20 29 0.053736

21 29 0.0547262

22 29 0.0555005

23 29 0.0560558

24 29 0.0563898

25 29 0.0565013

26 29 0.0563898

27 29 0.0560558

28 29 0.0555005

29 29 0.0547262

30 29 0.053736

31 29 0.0525336

32 29 0.0511239

33 29 0.0495125

34 29 0.0477057

35 29 0.0457105

36 29 0.043535

37 29 0.0411877

38 29 0.0386778

39 29 0.0360153

40 29 0.0332107

41 29 0.0302749

42 29 0.0272197

43 29 0.0240571

44 29 0.0207995

45 29 0.0174599

46 29 0.0140513

47 29 0.0105873

48 29 0.0070815

49 29 0.00354775

50 29 0

0 30 0

1 30 0.00348355

2 30 0.00695335

3 30 0.0103957

4 30 0.0137971

5 30 0.0171439

6 30 0.0204232

7 30 0.0236218

8 30 0.0267272

9 30 0.0297271

10 30 0.0326097

11 30 0.0353636

12 30 0.0379779

13 30 0.0404424

14 30 0.0427473

15 30 0.0448834

16 30 0.0468424

17 30 0.0486166

18 30 0.0501988

19 30 0.051583

20 30 0.0527636

21 30 0.053736

22 30 0.0544963

23 30 0.0550415

24 30 0.0553695

25 30 0.0554789

26 30 0.0553695

27 30 0.0550415

28 30 0.0544963

29 30 0.053736

30 30 0.0527636

31 30 0.051583

32 30 0.0501988

33 30 0.0486166

34 30 0.0468424

35 30 0.0448834

36 30 0.0427473

37 30 0.0404424

38 30 0.0379779

39 30 0.0353636

40 30 0.0326097

41 30 0.0297271

42 30 0.0267272

43 30 0.0236218

44 30 0.0204232

45 30 0.0171439

46 30 0.0137971

47 30 0.0103957

48 30 0.00695335

49 30 0.00348355

50 30 0

0 31 0

1 31 0.00340561

2 31 0.00679777

3 31 0.0101631

4 31 0.0134883

5 31 0.0167603

6 31 0.0199662

7 31 0.0230932

8 31 0.0261292

9 31 0.029062

10 31 0.0318801

11 31 0.0345723

12 31 0.0371282

13 31 0.0395375

14 31 0.0417908

15 31 0.0438791

16 31 0.0457943

17 31 0.0475288

18 31 0.0490756

19 31 0.0504288

20 31 0.051583

21 31 0.0525336

22 31 0.0532769

23 31 0.0538099

24 31 0.0541306

25 31 0.0542376

26 31 0.0541306

27 31 0.0538099

28 31 0.0532769

29 31 0.0525336

30 31 0.051583

31 31 0.0504288

32 31 0.0490756

33 31 0.0475288

34 31 0.0457943

35 31 0.0438791

36 31 0.0417908

37 31 0.0395375

38 31 0.0371282

39 31 0.0345723

40 31 0.0318801

41 31 0.029062

42 31 0.0261292

43 31 0.0230932

44 31 0.0199662

45 31 0.0167603

46 31 0.0134883

47 31 0.0101631

48 31 0.00679777

49 31 0.00340561

50 31 0

0 32 0

1 32 0.00331422

2 32 0.00661536

3 32 0.0098904

4 32 0.0131264

5 32 0.0163106

6 32 0.0194304

7 32 0.0224736

8 32 0.025428

9 32 0.0282821

10 32 0.0310246

11 32 0.0336446

12 32 0.0361319

13 32 0.0384766

14 32 0.0406694

15 32 0.0427017

16 32 0.0445655

17 32 0.0462534

18 32 0.0477587

19 32 0.0490756

20 32 0.0501988

21 32 0.0511239

22 32 0.0518473

23 32 0.052366

24 32 0.052678

25 32 0.0527822

26 32 0.052678

27 32 0.052366

28 32 0.0518473

29 32 0.0511239

30 32 0.0501988

31 32 0.0490756

32 32 0.0477587

33 32 0.0462534

34 32 0.0445655

35 32 0.0427017

36 32 0.0406694

37 32 0.0384766

38 32 0.0361319

39 32 0.0336446

40 32 0.0310246

41 32 0.0282821

42 32 0.025428

43 32 0.0224736

44 32 0.0194304

45 32 0.0163106

46 32 0.0131264

47 32 0.0098904

48 32 0.00661536

49 32 0.00331422

50 32 0

0 33 0

1 33 0.00320976

2 33 0.00640684

3 33 0.00957865

4 33 0.0127126

5 33 0.0157965

6 33 0.018818

7 33 0.0217652

8 33 0.0246265

9 33 0.0273907

10 33 0.0300467

11 33 0.0325841

12 33 0.034993

13 33 0.0372638

14 33 0.0393875

15 33 0.0413557

16 33 0.0431608

17 33 0.0447955

18 33 0.0462534

19 33 0.0475288

20 33 0.0486166

21 33 0.0495125

22 33 0.050213

23 33 0.0507154

24 33 0.0510176

25 33 0.0511185

26 33 0.0510176

27 33 0.0507154

28 33 0.050213

29 33 0.0495125

30 33 0.0486166

31 33 0.0475288

32 33 0.0462534

33 33 0.0447955

34 33 0.0431608

35 33 0.0413557

36 33 0.0393875

37 33 0.0372638

38 33 0.034993

39 33 0.0325841

40 33 0.0300467

41 33 0.0273907

42 33 0.0246265

43 33 0.0217652

44 33 0.018818

45 33 0.0157965

46 33 0.0127126

47 33 0.00957865

48 33 0.00640684

49 33 0.00320976

50 33 0

0 34 0

1 34 0.00309262

2 34 0.00617304

3 34 0.0092291

4 34 0.0122487

5 34 0.01522

6 34 0.0181312

7 34 0.0209709

8 34 0.0237278

9 34 0.0263911

10 34 0.0289502

11 34 0.0313951

12 34 0.033716

13 34 0.0359039

14 34 0.0379501

15 34 0.0398465

16 34 0.0415857

17 34 0.0431608

18 34 0.0445655

19 34 0.0457943

20 34 0.0468424

21 34 0.0477057

22 34 0.0483806

23 34 0.0488647

24 34 0.0491558

25 34 0.049253

26 34 0.0491558

27 34 0.0488647

28 34 0.0483806

29 34 0.0477057

30 34 0.0468424

31 34 0.0457943

32 34 0.0445655

33 34 0.0431608

34 34 0.0415857

35 34 0.0398465

36 34 0.0379501

37 34 0.0359039

38 34 0.033716

39 34 0.0313951

40 34 0.0289502

41 34 0.0263911

42 34 0.0237278

43 34 0.0209709

44 34 0.0181312

45 34 0.01522

46 34 0.0122487

47 34 0.0092291

48 34 0.00617304

49 34 0.00309262

50 34 0

0 35 0

1 35 0.00296329

2 35 0.00591488

3 35 0.00884312

4 35 0.0117365

5 35 0.0145835

6 35 0.017373

7 35 0.0200939

8 35 0.0227355

9 35 0.0252874

10 35 0.0277395

11 35 0.0300821

12 35 0.032306

13 35 0.0344024

14 35 0.036363

15 35 0.0381801

16 35 0.0398465

17 35 0.0413557

18 35 0.0427017

19 35 0.0438791

20 35 0.0448834

21 35 0.0457105

22 35 0.0463573

23 35 0.0468211

24 35 0.0471001

25 35 0.0471932

26 35 0.0471001

27 35 0.0468211

28 35 0.0463573

29 35 0.0457105

30 35 0.0448834

31 35 0.0438791

32 35 0.0427017

33 35 0.0413557

34 35 0.0398465

35 35 0.0381801

36 35 0.036363

37 35 0.0344024

38 35 0.032306

39 35 0.0300821

40 35 0.0277395

41 35 0.0252874

42 35 0.0227355

43 35 0.0200939

44 35 0.017373

45 35 0.0145835

46 35 0.0117365

47 35 0.00884312

48 35 0.00591488

49 35 0.00296329

50 35 0

0 36 0

1 36 0.00282225

2 36 0.00563337

3 36 0.00842225

4 36 0.0111779

5 36 0.0138894

6 36 0.0165461

7 36 0.0191376

8 36 0.0216534

9 36 0.0240839

10 36 0.0264193

11 36 0.0286504

12 36 0.0307684

13 36 0.032765

14 36 0.0346324

15 36 0.036363

16 36 0.0379501

17 36 0.0393875

18 36 0.0406694

19 36 0.0417908

20 36 0.0427473

21 36 0.043535

22 36 0.044151

23 36 0.0445927

24 36 0.0448584

25 36 0.0449471

26 36 0.0448584

27 36 0.0445927

28 36 0.044151

29 36 0.043535

30 36 0.0427473

31 36 0.0417908

32 36 0.0406694

33 36 0.0393875

34 36 0.0379501

35 36 0.036363

36 36 0.0346324

37 36 0.032765

38 36 0.0307684

39 36 0.0286504

40 36 0.0264193

41 36 0.0240839

42 36 0.0216534

43 36 0.0191376

44 36 0.0165461

45 36 0.0138894

46 36 0.0111779

47 36 0.00842225

48 36 0.00563337

49 36 0.00282225

50 36 0

0 37 0

1 37 0.00267008

2 37 0.00532963

3 37 0.00796814

4 37 0.0105752

5 37 0.0131405

6 37 0.015654

7 37 0.0181057

8 37 0.0204859

9 37 0.0227853

10 37 0.0249948

11 37 0.0271056

12 37 0.0291094

13 37 0.0309984

14 37 0.032765

15 37 0.0344024

16 37 0.0359039

17 37 0.0372638

18 37 0.0384766

19 37 0.0395375

20 37 0.0404424

21 37 0.0411877

22 37 0.0417704

23 37 0.0421883

24 37 0.0424397

25 37 0.0425237

26 37 0.0424397

27 37 0.0421883

28 37 0.0417704

29 37 0.0411877

30 37 0.0404424

31 37 0.0395375

32 37 0.0384766

33 37 0.0372638

34 37 0.0359039

35 37 0.0344024

36 37 0.032765

37 37 0.0309984

38 37 0.0291094

39 37 0.0271056

40 37 0.0249948

41 37 0.0227853

42 37 0.0204859

43 37 0.0181057

44 37 0.015654

45 37 0.0131405

46 37 0.0105752

47 37 0.00796814

48 37 0.00532963

49 37 0.00267008

50 37 0

0 38 0

1 38 0.00250737

2 38 0.00500485

3 38 0.00748258

4 38 0.00993078

5 38 0.0123398

6 38 0.0147001

7 38 0.0170024

8 38 0.0192376

9 38 0.0213968

10 38 0.0234717

11 38 0.0254539

12 38 0.0273356

13 38 0.0291094

14 38 0.0307684

15 38 0.032306

16 38 0.033716

17 38 0.034993

18 38 0.0361319

19 38 0.0371282

20 38 0.0379779

21 38 0.0386778

22 38 0.0392251

23 38 0.0396175

24 38 0.0398536

25 38 0.0399324

26 38 0.0398536

27 38 0.0396175

28 38 0.0392251

29 38 0.0386778

30 38 0.0379779

31 38 0.0371282

32 38 0.0361319

33 38 0.034993

34 38 0.033716

35 38 0.032306

36 38 0.0307684

37 38 0.0291094

38 38 0.0273356

39 38 0.0254539

40 38 0.0234717

41 38 0.0213968

42 38 0.0192376

43 38 0.0170024

44 38 0.0147001

45 38 0.0123398

46 38 0.00993078

47 38 0.00748258

48 38 0.00500485

49 38 0.00250737

50 38 0

0 39 0

1 39 0.00233477

2 39 0.00466033

3 39 0.00696749

4 39 0.00924716

5 39 0.0114903

6 39 0.0136882

7 39 0.015832

8 39 0.0179133

9 39 0.0199239

10 39 0.0218559

11 39 0.0237017

12 39 0.0254539

13 39 0.0271056

14 39 0.0286504

15 39 0.0300821

16 39 0.0313951

17 39 0.0325841

18 39 0.0336446

19 39 0.0345723

20 39 0.0353636

21 39 0.0360153

22 39 0.0365249

23 39 0.0368903

24 39 0.0371101

25 39 0.0371835

26 39 0.0371101

27 39 0.0368903

28 39 0.0365249

29 39 0.0360153

30 39 0.0353636

31 39 0.0345723

32 39 0.0336446

33 39 0.0325841

34 39 0.0313951

35 39 0.0300821

36 39 0.0286504

37 39 0.0271056

38 39 0.0254539

39 39 0.0237017

40 39 0.0218559

41 39 0.0199239

42 39 0.0179133

43 39 0.015832

44 39 0.0136882

45 39 0.0114903

46 39 0.00924716

47 39 0.00696749

48 39 0.00466033

49 39 0.00233477

50 39 0

0 40 0

1 40 0.00215295

2 40 0.00429741

3 40 0.00642491

4 40 0.00852705

5 40 0.0105955

6 40 0.0126222

7 40 0.0145991

8 40 0.0165183

9 40 0.0183724

10 40 0.0201539

11 40 0.0218559

12 40 0.0234717

13 40 0.0249948

14 40 0.0264193

15 40 0.0277395

16 40 0.0289502

17 40 0.0300467

18 40 0.0310246

19 40 0.0318801

20 40 0.0326097

21 40 0.0332107

22 40 0.0336805

23 40 0.0340175

24 40 0.0342202

25 40 0.0342879

26 40 0.0342202

27 40 0.0340175

28 40 0.0336805

29 40 0.0332107

30 40 0.0326097

31 40 0.0318801

32 40 0.0310246

33 40 0.0300467

34 40 0.0289502

35 40 0.0277395

36 40 0.0264193

37 40 0.0249948

38 40 0.0234717

39 40 0.0218559

40 40 0.0201539

41 40 0.0183724

42 40 0.0165183

43 40 0.0145991

44 40 0.0126222

45 40 0.0105955

46 40 0.00852705

47 40 0.00642491

48 40 0.00429741

49 40 0.00215295

50 40 0

0 41 0

1 41 0.00196264

2 41 0.00391753

3 41 0.00585696

4 41 0.00777328

5 41 0.00965892

6 41 0.0115064

7 41 0.0133086

8 41 0.0150581

9 41 0.0167483

10 41 0.0183724

11 41 0.0199239

12 41 0.0213968

13 41 0.0227853

14 41 0.0240839

15 41 0.0252874

16 41 0.0263911

17 41 0.0273907

18 41 0.0282821

19 41 0.029062

20 41 0.0297271

21 41 0.0302749

22 41 0.0307033

23 41 0.0310105

24 41 0.0311952

25 41 0.0312569

26 41 0.0311952

27 41 0.0310105

28 41 0.0307033

29 41 0.0302749

30 41 0.0297271

31 41 0.029062

32 41 0.0282821

33 41 0.0273907

34 41 0.0263911

35 41 0.0252874

36 41 0.0240839

37 41 0.0227853

38 41 0.0213968

39 41 0.0199239

40 41 0.0183724

41 41 0.0167483

42 41 0.0150581

43 41 0.0133086

44 41 0.0115064

45 41 0.00965892

46 41 0.00777328

47 41 0.00585696

48 41 0.00391753

49 41 0.00196264

50 41 0

0 42 0

1 42 0.00176458

2 42 0.00352219

3 42 0.00526591

4 42 0.00698884

5 42 0.00868419

6 42 0.0103453

7 42 0.0119655

8 42 0.0135385

9 42 0.0150581

10 42 0.0165183

11 42 0.0179133

12 42 0.0192376

13 42 0.0204859

14 42 0.0216534

15 42 0.0227355

16 42 0.0237278

17 42 0.0246265

18 42 0.025428

19 42 0.0261292

20 42 0.0267272

21 42 0.0272197

22 42 0.0276048

23 42 0.027881

24 42 0.0280472

25 42 0.0281026

26 42 0.0280472

27 42 0.027881

28 42 0.0276048

29 42 0.0272197

30 42 0.0267272

31 42 0.0261292

32 42 0.025428

33 42 0.0246265

34 42 0.0237278

35 42 0.0227355

36 42 0.0216534

37 42 0.0204859

38 42 0.0192376

39 42 0.0179133

40 42 0.0165183

41 42 0.0150581

42 42 0.0135385

43 42 0.0119655

44 42 0.0103453

45 42 0.00868419

46 42 0.00698884

47 42 0.00526591

48 42 0.00352219

49 42 0.00176458

50 42 0

0 43 0

1 43 0.00155955

2 43 0.00311295

3 43 0.00465407

4 43 0.00617681

5 43 0.00767518

6 43 0.00914326

7 43 0.0105753

8 43 0.0119655

9 43 0.0133086

10 43 0.0145991

11 43 0.015832

12 43 0.0170024

13 43 0.0181057

14 43 0.0191376

15 43 0.0200939

16 43 0.0209709

17 43 0.0217652

18 43 0.0224736

19 43 0.0230932

20 43 0.0236218

21 43 0.0240571

22 43 0.0243975

23 43 0.0246416

24 43 0.0247884

25 43 0.0248374

26 43 0.0247884

27 43 0.0246416

28 43 0.0243975

29 43 0.0240571

30 43 0.0236218

31 43 0.0230932

32 43 0.0224736

33 43 0.0217652

34 43 0.0209709

35 43 0.0200939

36 43 0.0191376

37 43 0.0181057

38 43 0.0170024

39 43 0.015832

40 43 0.0145991

41 43 0.0133086

42 43 0.0119655

43 43 0.0105753

44 43 0.00914326

45 43 0.00767518

46 43 0.00617681

47 43 0.00465407

48 43 0.00311295

49 43 0.00155955

50 43 0

0 44 0

1 44 0.00134837

2 44 0.00269143

3 44 0.00402386

4 44 0.00534041

5 44 0.00663589

6 44 0.00790517

7 44 0.00914326

8 44 0.0103453

9 44 0.0115064

10 44 0.0126222

11 44 0.0136882

12 44 0.0147001

13 44 0.015654

14 44 0.0165461

15 44 0.017373

16 44 0.0181312

17 44 0.018818

18 44 0.0194304

19 44 0.0199662

20 44 0.0204232

21 44 0.0207995

22 44 0.0210938

23 44 0.0213048

24 44 0.0214318

25 44 0.0214742

26 44 0.0214318

27 44 0.0213048

28 44 0.0210938

29 44 0.0207995

30 44 0.0204232

31 44 0.0199662

32 44 0.0194304

33 44 0.018818

34 44 0.0181312

35 44 0.017373

36 44 0.0165461

37 44 0.015654

38 44 0.0147001

39 44 0.0136882

40 44 0.0126222

41 44 0.0115064

42 44 0.0103453

43 44 0.00914326

44 44 0.00790517

45 44 0.00663589

46 44 0.00534041

47 44 0.00402386

48 44 0.00269143

49 44 0.00134837

50 44 0

0 45 0

1 45 0.00113187

2 45 0.00225928

3 45 0.00337777

4 45 0.00448293

5 45 0.0055704

6 45 0.00663589

7 45 0.00767518

8 45 0.00868419

9 45 0.00965892

10 45 0.0105955

11 45 0.0114903

12 45 0.0123398

13 45 0.0131405

14 45 0.0138894

15 45 0.0145835

16 45 0.01522

17 45 0.0157965

18 45 0.0163106

19 45 0.0167603

20 45 0.0171439

21 45 0.0174599

22 45 0.0177069

23 45 0.0178841

24 45 0.0179906

25 45 0.0180262

26 45 0.0179906

27 45 0.0178841

28 45 0.0177069

29 45 0.0174599

30 45 0.0171439

31 45 0.0167603

32 45 0.0163106

33 45 0.0157965

34 45 0.01522

35 45 0.0145835

36 45 0.0138894

37 45 0.0131405

38 45 0.0123398

39 45 0.0114903

40 45 0.0105955

41 45 0.00965892

42 45 0.00868419

43 45 0.00767518

44 45 0.00663589

45 45 0.0055704

46 45 0.00448293

47 45 0.00337777

48 45 0.00225928

49 45 0.00113187

50 45 0

0 46 0

1 46 0.000910907

2 46 0.00181822

3 46 0.00271836

4 46 0.00360776

5 46 0.00448293

6 46 0.00534041

7 46 0.00617681

8 46 0.00698884

9 46 0.00777328

10 46 0.00852705

11 46 0.00924716

12 46 0.00993078

13 46 0.0105752

14 46 0.0111779

15 46 0.0117365

16 46 0.0122487

17 46 0.0127126

18 46 0.0131264

19 46 0.0134883

20 46 0.0137971

21 46 0.0140513

22 46 0.0142501

23 46 0.0143927

24 46 0.0144785

25 46 0.0145071

26 46 0.0144785

27 46 0.0143927

28 46 0.0142501

29 46 0.0140513

30 46 0.0137971

31 46 0.0134883

32 46 0.0131264

33 46 0.0127126

34 46 0.0122487

35 46 0.0117365

36 46 0.0111779

37 46 0.0105752

38 46 0.00993078

39 46 0.00924716

40 46 0.00852705

41 46 0.00777328

42 46 0.00698884

43 46 0.00617681

44 46 0.00534041

45 46 0.00448293

46 46 0.00360776

47 46 0.00271836

48 46 0.00181822

49 46 0.000910907

50 46 0

0 47 0

1 47 0.000686344

2 47 0.00136998

3 47 0.00204821

4 47 0.00271836

5 47 0.00337777

6 47 0.00402386

7 47 0.00465407

8 47 0.00526591

9 47 0.00585696

10 47 0.00642491

11 47 0.00696749

12 47 0.00748258

13 47 0.00796814

14 47 0.00842225

15 47 0.00884312

16 47 0.0092291

17 47 0.00957865

18 47 0.0098904

19 47 0.0101631

20 47 0.0103957

21 47 0.0105873

22 47 0.0107371

23 47 0.0108445

24 47 0.0109091

25 47 0.0109307

26 47 0.0109091

27 47 0.0108445

28 47 0.0107371

29 47 0.0105873

30 47 0.0103957

31 47 0.0101631

32 47 0.0098904

33 47 0.00957865

34 47 0.0092291

35 47 0.00884312

36 47 0.00842225

37 47 0.00796814

38 47 0.00748258

39 47 0.00696749

40 47 0.00642491

41 47 0.00585696

42 47 0.00526591

43 47 0.00465407

44 47 0.00402386

45 47 0.00337777

46 47 0.00271836

47 47 0.00204821

48 47 0.00136998

49 47 0.000686344

50 47 0

0 48 0

1 48 0.000459073

2 48 0.000916335

3 48 0.00136998

4 48 0.00181822

5 48 0.00225928

6 48 0.00269143

7 48 0.00311295

8 48 0.00352219

9 48 0.00391753

10 48 0.00429741

11 48 0.00466033

12 48 0.00500485

13 48 0.00532963

14 48 0.00563337

15 48 0.00591488

16 48 0.00617304

17 48 0.00640684

18 48 0.00661536

19 48 0.00679777

20 48 0.00695335

21 48 0.0070815

22 48 0.00718169

23 48 0.00725354

24 48 0.00729676

25 48 0.00731119

26 48 0.00729676

27 48 0.00725354

28 48 0.00718169

29 48 0.0070815

30 48 0.00695335

31 48 0.00679777

32 48 0.00661536

33 48 0.00640684

