0 1 0

1 1 0.000305575

2 1 0.000609944

3 1 0.000911906

4 1 0.00121027

5 1 0.00150386

6 1 0.00179151

7 1 0.00207209

8 1 0.00234449

9 1 0.00260764

10 1 0.0028605

11 1 0.00310207

12 1 0.0033314

13 1 0.00354758

14 1 0.00374976

15 1 0.00393714

16 1 0.00410899

17 1 0.00426461

18 1 0.00440341

19 1 0.00452483

20 1 0.00462839

21 1 0.00471369

22 1 0.00478038

23 1 0.0048282

24 1 0.00485697

25 1 0.00486658

26 1 0.00485697

27 1 0.0048282

28 1 0.00478038

29 1 0.00471369

30 1 0.00462839

31 1 0.00452483

32 1 0.00440341

33 1 0.00426461

34 1 0.00410899

35 1 0.00393714

36 1 0.00374976

37 1 0.00354758

38 1 0.0033314

39 1 0.00310207

40 1 0.0028605

41 1 0.00260764

42 1 0.00234449

43 1 0.00207209

44 1 0.00179151

45 1 0.00150386

46 1 0.00121027

47 1 0.000911906

48 1 0.000609944

49 1 0.000305575

50 1 0

0 2 0

1 2 0.000609944

2 2 0.00121748

3 2 0.00182021

4 2 0.00241576

5 2 0.00300178

6 2 0.00357594

7 2 0.004136

8 2 0.00467973

9 2 0.00520499

10 2 0.00570972

11 2 0.0061919

12 2 0.00664966

13 2 0.00708116

14 2 0.00748473

15 2 0.00785875

16 2 0.00820176

17 2 0.0085124

18 2 0.00878944

19 2 0.0090318

20 2 0.00923852

21 2 0.00940877

22 2 0.00954189

23 2 0.00963735

24 2 0.00969478

25 2 0.00971395

26 2 0.00969478

27 2 0.00963735

28 2 0.00954189

29 2 0.00940877

30 2 0.00923852

31 2 0.0090318

32 2 0.00878944

33 2 0.0085124

34 2 0.00820176

35 2 0.00785875

36 2 0.00748473

37 2 0.00708116

38 2 0.00664966

39 2 0.0061919

40 2 0.00570972

41 2 0.00520499

42 2 0.00467973

43 2 0.004136

44 2 0.00357594

45 2 0.00300178

46 2 0.00241576

47 2 0.00182021

48 2 0.00121748

49 2 0.000609944

50 2 0

0 3 0

1 3 0.000911906

2 3 0.00182021

3 3 0.00272134

4 3 0.00361172

5 3 0.00448785

6 3 0.00534627

7 3 0.00618359

8 3 0.0069965

9 3 0.0077818

10 3 0.0085364

11 3 0.0092573

12 3 0.00994167

13 3 0.0105868

14 3 0.0111902

15 3 0.0117493

16 3 0.0122622

17 3 0.0127266

18 3 0.0131408

19 3 0.0135031

20 3 0.0138122

21 3 0.0140667

22 3 0.0142657

23 3 0.0144085

24 3 0.0144943

25 3 0.014523

26 3 0.0144943

27 3 0.0144085

28 3 0.0142657

29 3 0.0140667

30 3 0.0138122

31 3 0.0135031

32 3 0.0131408

33 3 0.0127266

34 3 0.0122622

35 3 0.0117493

36 3 0.0111902

37 3 0.0105868

38 3 0.00994167

39 3 0.0092573

40 3 0.0085364

41 3 0.0077818

42 3 0.0069965

43 3 0.00618359

44 3 0.00534627

45 3 0.00448785

46 3 0.00361172

47 3 0.00272134

48 3 0.00182021

49 3 0.000911906

50 3 0

0 4 0

1 4 0.00121027

2 4 0.00241576

3 4 0.00361172

4 4 0.00479342

5 4 0.00595621

6 4 0.00709549

7 4 0.00820677

8 4 0.00928566

9 4 0.0103279

10 4 0.0113294

11 4 0.0122862

12 4 0.0131944

13 4 0.0140507

14 4 0.0148514

15 4 0.0155936

16 4 0.0162742

17 4 0.0168906

18 4 0.0174403

19 4 0.0179212

20 4 0.0183313

21 4 0.0186692

22 4 0.0189333

23 4 0.0191227

24 4 0.0192367

25 4 0.0192747

26 4 0.0192367

27 4 0.0191227

28 4 0.0189333

29 4 0.0186692

30 4 0.0183313

31 4 0.0179212

32 4 0.0174403

33 4 0.0168906

34 4 0.0162742

35 4 0.0155936

36 4 0.0148514

37 4 0.0140507

38 4 0.0131944

39 4 0.0122862

40 4 0.0113294

41 4 0.0103279

42 4 0.00928566

43 4 0.00820677

44 4 0.00709549

45 4 0.00595621

46 4 0.00479342

47 4 0.00361172

48 4 0.00241576

49 4 0.00121027

50 4 0

0 5 0

1 5 0.00150386

2 5 0.00300178

3 5 0.00448785

4 5 0.00595621

5 5 0.00740107

6 5 0.00881671

7 5 0.0101976

8 5 0.0115382

9 5 0.0128332

10 5 0.0140777

11 5 0.0152665

12 5 0.0163951

13 5 0.0174591

14 5 0.0184541

15 5 0.0193762

16 5 0.020222

17 5 0.0209879

18 5 0.0216709

19 5 0.0222685

20 5 0.0227781

21 5 0.0231979

22 5 0.0235261

23 5 0.0237615

24 5 0.0239031

25 5 0.0239504

26 5 0.0239031

27 5 0.0237615

28 5 0.0235261

29 5 0.0231979

30 5 0.0227781

31 5 0.0222685

32 5 0.0216709

33 5 0.0209879

34 5 0.020222

35 5 0.0193762

36 5 0.0184541

37 5 0.0174591

38 5 0.0163951

39 5 0.0152665

40 5 0.0140777

41 5 0.0128332

42 5 0.0115382

43 5 0.0101976

44 5 0.00881671

45 5 0.00740107

46 5 0.00595621

47 5 0.00448785

48 5 0.00300178

49 5 0.00150386

50 5 0

0 6 0

1 6 0.00179151

2 6 0.00357594

3 6 0.00534627

4 6 0.00709549

5 6 0.00881671

6 6 0.0105031

7 6 0.0121481

8 6 0.0137451

9 6 0.0152879

10 6 0.0167704

11 6 0.0181867

12 6 0.0195311

13 6 0.0207986

14 6 0.0219839

15 6 0.0230825

16 6 0.0240899

17 6 0.0250023

18 6 0.0258161

19 6 0.0265279

20 6 0.0271351

21 6 0.0276351

22 6 0.0280261

23 6 0.0283065

24 6 0.0284752

25 6 0.0285315

26 6 0.0284752

27 6 0.0283065

28 6 0.0280261

29 6 0.0276351

30 6 0.0271351

31 6 0.0265279

32 6 0.0258161

33 6 0.0250023

34 6 0.0240899

35 6 0.0230825

36 6 0.0219839

37 6 0.0207986

38 6 0.0195311

39 6 0.0181867

40 6 0.0167704

41 6 0.0152879

42 6 0.0137451

43 6 0.0121481

44 6 0.0105031

45 6 0.00881671

46 6 0.00709549

47 6 0.00534627

48 6 0.00357594

49 6 0.00179151

50 6 0

0 7 0

1 7 0.00207209

2 7 0.004136

3 7 0.00618359

4 7 0.00820677

5 7 0.0101976

6 7 0.0121481

7 7 0.0140507

8 7 0.0158979

9 7 0.0176823

10 7 0.0193969

11 7 0.021035

12 7 0.0225901

13 7 0.024056

14 7 0.0254269

15 7 0.0266976

16 7 0.0278628

17 7 0.0289181

18 7 0.0298593

19 7 0.0306826

20 7 0.0313849

21 7 0.0319633

22 7 0.0324155

23 7 0.0327398

24 7 0.0329349

25 7 0.033

26 7 0.0329349

27 7 0.0327398

28 7 0.0324155

29 7 0.0319633

30 7 0.0313849

31 7 0.0306826

32 7 0.0298593

33 7 0.0289181

34 7 0.0278628

35 7 0.0266976

36 7 0.0254269

37 7 0.024056

38 7 0.0225901

39 7 0.021035

40 7 0.0193969

41 7 0.0176823

42 7 0.0158979

43 7 0.0140507

44 7 0.0121481

45 7 0.0101976

46 7 0.00820677

47 7 0.00618359

48 7 0.004136

49 7 0.00207209

50 7 0

0 8 0

1 8 0.00234449

2 8 0.00467973

3 8 0.0069965

4 8 0.00928566

5 8 0.0115382

6 8 0.0137451

7 8 0.0158979

8 8 0.0179879

9 8 0.0200069

10 8 0.0219469

11 8 0.0238003

12 8 0.0255598

13 8 0.0272185

14 8 0.0287697

15 8 0.0302073

16 8 0.0315258

17 8 0.0327198

18 8 0.0337847

19 8 0.0347163

20 8 0.0355108

21 8 0.0361653

22 8 0.0366769

23 8 0.0370439

24 8 0.0372646

25 8 0.0373383

26 8 0.0372646

27 8 0.0370439

28 8 0.0366769

29 8 0.0361653

30 8 0.0355108

31 8 0.0347163

32 8 0.0337847

33 8 0.0327198

34 8 0.0315258

35 8 0.0302073

36 8 0.0287697

37 8 0.0272185

38 8 0.0255598

39 8 0.0238003

40 8 0.0219469

41 8 0.0200069

42 8 0.0179879

43 8 0.0158979

44 8 0.0137451

45 8 0.0115382

46 8 0.00928566

47 8 0.0069965

48 8 0.00467973

49 8 0.00234449

50 8 0

0 9 0

1 9 0.00260764

2 9 0.00520499

3 9 0.0077818

4 9 0.0103279

5 9 0.0128332

6 9 0.0152879

7 9 0.0176823

8 9 0.0200069

9 9 0.0222525

10 9 0.0244103

11 9 0.0264717

12 9 0.0284287

13 9 0.0302735

14 9 0.0319988

15 9 0.0335979

16 9 0.0350643

17 9 0.0363924

18 9 0.0375768

19 9 0.0386129

20 9 0.0394967

21 9 0.0402245

22 9 0.0407936

23 9 0.0412018

24 9 0.0414473

25 9 0.0415292

26 9 0.0414473

27 9 0.0412018

28 9 0.0407936

29 9 0.0402245

30 9 0.0394967

31 9 0.0386129

32 9 0.0375768

33 9 0.0363924

34 9 0.0350643

35 9 0.0335979

36 9 0.0319988

37 9 0.0302735

38 9 0.0284287

39 9 0.0264717

40 9 0.0244103

41 9 0.0222525

42 9 0.0200069

43 9 0.0176823

44 9 0.0152879

45 9 0.0128332

46 9 0.0103279

47 9 0.0077818

48 9 0.00520499

49 9 0.00260764

50 9 0

0 10 0

1 10 0.0028605

2 10 0.00570972

3 10 0.0085364

4 10 0.0113294

5 10 0.0140777

6 10 0.0167704

7 10 0.0193969

8 10 0.0219469

9 10 0.0244103

10 10 0.0267773

11 10 0.0290387

12 10 0.0311854

13 10 0.0332091

14 10 0.0351017

15 10 0.0368558

16 10 0.0384644

17 10 0.0399213

18 10 0.0412206

19 10 0.0423572

20 10 0.0433266

21 10 0.0441251

22 10 0.0447494

23 10 0.0451971

24 10 0.0454664

25 10 0.0455563

26 10 0.0454664

27 10 0.0451971

28 10 0.0447494

29 10 0.0441251

30 10 0.0433266

31 10 0.0423572

32 10 0.0412206

33 10 0.0399213

34 10 0.0384644

35 10 0.0368558

36 10 0.0351017

37 10 0.0332091

38 10 0.0311854

39 10 0.0290387

40 10 0.0267773

41 10 0.0244103

42 10 0.0219469

43 10 0.0193969

44 10 0.0167704

45 10 0.0140777

46 10 0.0113294

47 10 0.0085364

48 10 0.00570972

49 10 0.0028605

50 10 0

0 11 0

1 11 0.00310207

2 11 0.0061919

3 11 0.0092573

4 11 0.0122862

5 11 0.0152665

6 11 0.0181867

7 11 0.021035

8 11 0.0238003

9 11 0.0264717

10 11 0.0290387

11 11 0.031491

12 11 0.033819

13 11 0.0360136

14 11 0.0380661

15 11 0.0399683

16 11 0.0417128

17 11 0.0432926

18 11 0.0447017

19 11 0.0459342

20 11 0.0469856

21 11 0.0478514

22 11 0.0485285

23 11 0.049014

24 11 0.049306

25 11 0.0494035

26 11 0.049306

27 11 0.049014

28 11 0.0485285

29 11 0.0478514

30 11 0.0469856

31 11 0.0459342

32 11 0.0447017

33 11 0.0432926

34 11 0.0417128

35 11 0.0399683

36 11 0.0380661

37 11 0.0360136

38 11 0.033819

39 11 0.031491

40 11 0.0290387

41 11 0.0264717

42 11 0.0238003

43 11 0.021035

44 11 0.0181867

45 11 0.0152665

46 11 0.0122862

47 11 0.0092573

48 11 0.0061919

49 11 0.00310207

50 11 0

0 12 0

1 12 0.0033314

2 12 0.00664966

3 12 0.00994167

4 12 0.0131944

5 12 0.0163951

6 12 0.0195311

7 12 0.0225901

8 12 0.0255598

9 12 0.0284287

10 12 0.0311854

11 12 0.033819

12 12 0.0363192

13 12 0.038676

14 12 0.0408802

15 12 0.0429231

16 12 0.0447965

17 12 0.0464932

18 12 0.0480063

19 12 0.04933

20 12 0.0504591

21 12 0.051389

22 12 0.052116

23 12 0.0526374

24 12 0.0529511

25 12 0.0530558

26 12 0.0529511

27 12 0.0526374

28 12 0.052116

29 12 0.051389

30 12 0.0504591

31 12 0.04933

32 12 0.0480063

33 12 0.0464932

34 12 0.0447965

35 12 0.0429231

36 12 0.0408802

37 12 0.038676

38 12 0.0363192

39 12 0.033819

40 12 0.0311854

41 12 0.0284287

42 12 0.0255598

43 12 0.0225901

44 12 0.0195311

45 12 0.0163951

46 12 0.0131944

47 12 0.00994167

48 12 0.00664966

49 12 0.0033314

50 12 0

0 13 0

1 13 0.00354758

2 13 0.00708116

3 13 0.0105868

4 13 0.0140507

5 13 0.0174591

6 13 0.0207986

7 13 0.024056

8 13 0.0272185

9 13 0.0302735

10 13 0.0332091

11 13 0.0360136

12 13 0.038676

13 13 0.0411858

14 13 0.043533

15 13 0.0457084

16 13 0.0477034

17 13 0.0495102

18 13 0.0511216

19 13 0.0525312

20 13 0.0537335

21 13 0.0547237

22 13 0.055498

23 13 0.0560532

24 13 0.0563872

25 13 0.0564987

26 13 0.0563872

27 13 0.0560532

28 13 0.055498

29 13 0.0547237

30 13 0.0537335

31 13 0.0525312

32 13 0.0511216

33 13 0.0495102

34 13 0.0477034

35 13 0.0457084

36 13 0.043533

37 13 0.0411858

38 13 0.038676

39 13 0.0360136

40 13 0.0332091

41 13 0.0302735

42 13 0.0272185

43 13 0.024056

44 13 0.0207986

45 13 0.0174591

46 13 0.0140507

47 13 0.0105868

48 13 0.00708116

49 13 0.00354758

50 13 0

0 14 0

1 14 0.00374976

2 14 0.00748473

3 14 0.0111902

4 14 0.0148514

5 14 0.0184541

6 14 0.0219839

7 14 0.0254269

8 14 0.0287697

9 14 0.0319988

10 14 0.0351017

11 14 0.0380661

12 14 0.0408802

13 14 0.043533

14 14 0.046014

15 14 0.0483134

16 14 0.0504221

17 14 0.0523318

18 14 0.054035

19 14 0.055525

20 14 0.0567958

21 14 0.0578424

22 14 0.0586608

23 14 0.0592477

24 14 0.0596008

25 14 0.0597186

26 14 0.0596008

27 14 0.0592477

28 14 0.0586608

29 14 0.0578424

30 14 0.0567958

31 14 0.055525

32 14 0.054035

33 14 0.0523318

34 14 0.0504221

35 14 0.0483134

36 14 0.046014

37 14 0.043533

38 14 0.0408802

39 14 0.0380661

40 14 0.0351017

41 14 0.0319988

42 14 0.0287697

43 14 0.0254269

44 14 0.0219839

45 14 0.0184541

46 14 0.0148514

47 14 0.0111902

48 14 0.00748473

49 14 0.00374976

50 14 0

0 15 0

1 15 0.00393714

2 15 0.00785875

3 15 0.0117493

4 15 0.0155936

5 15 0.0193762

6 15 0.0230825

7 15 0.0266976

8 15 0.0302073

9 15 0.0335979

10 15 0.0368558

11 15 0.0399683

12 15 0.0429231

13 15 0.0457084

14 15 0.0483134

15 15 0.0507277

16 15 0.0529418

17 15 0.0549469

18 15 0.0567352

19 15 0.0582996

20 15 0.059634

21 15 0.0607329

22 15 0.0615922

23 15 0.0622084

24 15 0.0625791

25 15 0.0627028

26 15 0.0625791

27 15 0.0622084

28 15 0.0615922

29 15 0.0607329

30 15 0.059634

31 15 0.0582996

32 15 0.0567352

33 15 0.0549469

34 15 0.0529418

35 15 0.0507277

36 15 0.0483134

37 15 0.0457084

38 15 0.0429231

39 15 0.0399683

40 15 0.0368558

41 15 0.0335979

42 15 0.0302073

43 15 0.0266976

44 15 0.0230825

45 15 0.0193762

46 15 0.0155936

47 15 0.0117493

48 15 0.00785875

49 15 0.00393714

50 15 0

0 16 0

1 16 0.00410899

2 16 0.00820176

3 16 0.0122622

4 16 0.0162742

5 16 0.020222

6 16 0.0240899

7 16 0.0278628

8 16 0.0315258

9 16 0.0350643

10 16 0.0384644

11 16 0.0417128

12 16 0.0447965

13 16 0.0477034

14 16 0.0504221

15 16 0.0529418

16 16 0.0552525

17 16 0.0573452

18 16 0.0592115

19 16 0.0608442

20 16 0.0622368

21 16 0.0633837

22 16 0.0642805

23 16 0.0649236

24 16 0.0653105

25 16 0.0654396

26 16 0.0653105

27 16 0.0649236

28 16 0.0642805

29 16 0.0633837

30 16 0.0622368

31 16 0.0608442

32 16 0.0592115

33 16 0.0573452

34 16 0.0552525

35 16 0.0529418

36 16 0.0504221

37 16 0.0477034

38 16 0.0447965

39 16 0.0417128

40 16 0.0384644

41 16 0.0350643

42 16 0.0315258

43 16 0.0278628

44 16 0.0240899

45 16 0.020222

46 16 0.0162742

47 16 0.0122622

48 16 0.00820176

49 16 0.00410899

50 16 0

0 17 0

1 17 0.00426461

2 17 0.0085124

3 17 0.0127266

4 17 0.0168906

5 17 0.0209879

6 17 0.0250023

7 17 0.0289181

8 17 0.0327198

9 17 0.0363924

10 17 0.0399213

11 17 0.0432926

12 17 0.0464932

13 17 0.0495102

14 17 0.0523318

15 17 0.0549469

16 17 0.0573452

17 17 0.0595171

18 17 0.0614542

19 17 0.0631487

20 17 0.064594

21 17 0.0657844

22 17 0.0667151

23 17 0.0673826

24 17 0.0677841

25 17 0.0679181

26 17 0.0677841

27 17 0.0673826

28 17 0.0667151

29 17 0.0657844

30 17 0.064594

31 17 0.0631487

32 17 0.0614542

33 17 0.0595171

34 17 0.0573452

35 17 0.0549469

36 17 0.0523318

37 17 0.0495102

38 17 0.0464932

39 17 0.0432926

40 17 0.0399213

41 17 0.0363924

42 17 0.0327198

43 17 0.0289181

44 17 0.0250023

45 17 0.0209879

46 17 0.0168906

47 17 0.0127266

48 17 0.0085124

49 17 0.00426461

50 17 0

0 18 0

1 18 0.00440341

2 18 0.00878944

3 18 0.0131408

4 18 0.0174403

5 18 0.0216709

6 18 0.0258161

7 18 0.0298593

8 18 0.0337847

9 18 0.0375768

10 18 0.0412206

11 18 0.0447017

12 18 0.0480063

13 18 0.0511216

14 18 0.054035

15 18 0.0567352

16 18 0.0592115

17 18 0.0614542

18 18 0.0634543

19 18 0.0652039

20 18 0.0666963

21 18 0.0679254

22 18 0.0688864

23 18 0.0695756

24 18 0.0699902

25 18 0.0701286

26 18 0.0699902

27 18 0.0695756

28 18 0.0688864

29 18 0.0679254

30 18 0.0666963

31 18 0.0652039

32 18 0.0634543

33 18 0.0614542

34 18 0.0592115

35 18 0.0567352

36 18 0.054035

37 18 0.0511216

38 18 0.0480063

39 18 0.0447017

40 18 0.0412206

41 18 0.0375768

42 18 0.0337847

43 18 0.0298593

44 18 0.0258161

45 18 0.0216709

46 18 0.0174403

47 18 0.0131408

48 18 0.00878944

49 18 0.00440341

50 18 0

0 19 0

1 19 0.00452483

2 19 0.0090318

3 19 0.0135031

4 19 0.0179212

5 19 0.0222685

6 19 0.0265279

7 19 0.0306826

8 19 0.0347163

9 19 0.0386129

10 19 0.0423572

11 19 0.0459342

12 19 0.04933

13 19 0.0525312

14 19 0.055525

15 19 0.0582996

16 19 0.0608442

17 19 0.0631487

18 19 0.0652039

19 19 0.0670018

20 19 0.0685353

21 19 0.0697983

22 19 0.0707859

23 19 0.0714941

24 19 0.0719201

25 19 0.0720623

26 19 0.0719201

27 19 0.0714941

28 19 0.0707859

29 19 0.0697983

30 19 0.0685353

31 19 0.0670018

32 19 0.0652039

33 19 0.0631487

34 19 0.0608442

35 19 0.0582996

36 19 0.055525

37 19 0.0525312

38 19 0.04933

39 19 0.0459342

40 19 0.0423572

41 19 0.0386129

42 19 0.0347163

43 19 0.0306826

44 19 0.0265279

45 19 0.0222685

46 19 0.0179212

47 19 0.0135031

48 19 0.0090318

49 19 0.00452483

50 19 0

0 20 0

1 20 0.00462839

2 20 0.00923852

3 20 0.0138122

4 20 0.0183313

5 20 0.0227781

6 20 0.0271351

7 20 0.0313849

8 20 0.0355108

9 20 0.0394967

10 20 0.0433266

11 20 0.0469856

12 20 0.0504591

13 20 0.0537335

14 20 0.0567958

15 20 0.059634

16 20 0.0622368

17 20 0.064594

18 20 0.0666963

19 20 0.0685353

20 20 0.0701039

21 20 0.0713958

22 20 0.072406

23 20 0.0731304

24 20 0.0735662

25 20 0.0737116

26 20 0.0735662

27 20 0.0731304

28 20 0.072406

29 20 0.0713958

30 20 0.0701039

31 20 0.0685353

32 20 0.0666963

33 20 0.064594

34 20 0.0622368

35 20 0.059634

36 20 0.0567958

37 20 0.0537335

38 20 0.0504591

39 20 0.0469856

40 20 0.0433266

41 20 0.0394967

42 20 0.0355108

43 20 0.0313849

44 20 0.0271351

45 20 0.0227781

46 20 0.0183313

47 20 0.0138122

48 20 0.00923852

49 20 0.00462839

50 20 0

0 21 0

1 21 0.00471369

2 21 0.00940877

3 21 0.0140667

4 21 0.0186692

5 21 0.0231979

6 21 0.0276351

7 21 0.0319633

8 21 0.0361653

9 21 0.0402245

10 21 0.0441251

11 21 0.0478514

12 21 0.051389

13 21 0.0547237

14 21 0.0578424

15 21 0.0607329

16 21 0.0633837

17 21 0.0657844

18 21 0.0679254

19 21 0.0697983

20 21 0.0713958

21 21 0.0727116

22 21 0.0737403

23 21 0.0744781

24 21 0.0749219

25 21 0.07507

26 21 0.0749219

27 21 0.0744781

28 21 0.0737403

29 21 0.0727116

30 21 0.0713958

31 21 0.0697983

32 21 0.0679254

33 21 0.0657844

34 21 0.0633837

35 21 0.0607329

36 21 0.0578424

37 21 0.0547237

38 21 0.051389

39 21 0.0478514

40 21 0.0441251

41 21 0.0402245

42 21 0.0361653

43 21 0.0319633

44 21 0.0276351

45 21 0.0231979

46 21 0.0186692

47 21 0.0140667

48 21 0.00940877

49 21 0.00471369

50 21 0

0 22 0

1 22 0.00478038

2 22 0.00954189

3 22 0.0142657

4 22 0.0189333

5 22 0.0235261

6 22 0.0280261

7 22 0.0324155

8 22 0.0366769

9 22 0.0407936

10 22 0.0447494

11 22 0.0485285

12 22 0.052116

13 22 0.055498

14 22 0.0586608

15 22 0.0615922

16 22 0.0642805

17 22 0.0667151

18 22 0.0688864

19 22 0.0707859

20 22 0.072406

21 22 0.0737403

22 22 0.0747836

23 22 0.0755318

24 22 0.0759819

25 22 0.0761322

26 22 0.0759819

27 22 0.0755318

28 22 0.0747836

29 22 0.0737403

30 22 0.072406

31 22 0.0707859

32 22 0.0688864

33 22 0.0667151

34 22 0.0642805

35 22 0.0615922

36 22 0.0586608

37 22 0.055498

38 22 0.052116

39 22 0.0485285

40 22 0.0447494

41 22 0.0407936

42 22 0.0366769

43 22 0.0324155

44 22 0.0280261

45 22 0.0235261

46 22 0.0189333

47 22 0.0142657

48 22 0.00954189

49 22 0.00478038

50 22 0

0 23 0

1 23 0.0048282

2 23 0.00963735

3 23 0.0144085

4 23 0.0191227

5 23 0.0237615

6 23 0.0283065

7 23 0.0327398

8 23 0.0370439

9 23 0.0412018

10 23 0.0451971

11 23 0.049014

12 23 0.0526374

13 23 0.0560532

14 23 0.0592477

15 23 0.0622084

16 23 0.0649236

17 23 0.0673826

18 23 0.0695756

19 23 0.0714941

20 23 0.0731304

21 23 0.0744781

22 23 0.0755318

23 23 0.0762875

24 23 0.0767421

25 23 0.0768938

26 23 0.0767421

27 23 0.0762875

28 23 0.0755318

29 23 0.0744781

30 23 0.0731304

31 23 0.0714941

32 23 0.0695756

33 23 0.0673826

34 23 0.0649236

35 23 0.0622084

36 23 0.0592477

37 23 0.0560532

38 23 0.0526374

39 23 0.049014

40 23 0.0451971

41 23 0.0412018

42 23 0.0370439

43 23 0.0327398

44 23 0.0283065

45 23 0.0237615

46 23 0.0191227

47 23 0.0144085

48 23 0.00963735

49 23 0.0048282

50 23 0

0 24 0

1 24 0.00485697

2 24 0.00969478

3 24 0.0144943

4 24 0.0192367

5 24 0.0239031

6 24 0.0284752

7 24 0.0329349

8 24 0.0372646

9 24 0.0414473

10 24 0.0454664

11 24 0.049306

12 24 0.0529511

13 24 0.0563872

14 24 0.0596008

15 24 0.0625791

16 24 0.0653105

17 24 0.0677841

18 24 0.0699902

19 24 0.0719201

20 24 0.0735662

21 24 0.0749219

22 24 0.0759819

23 24 0.0767421

24 24 0.0771994

25 24 0.077352

26 24 0.0771994

27 24 0.0767421

28 24 0.0759819

29 24 0.0749219

30 24 0.0735662

31 24 0.0719201

32 24 0.0699902

33 24 0.0677841

34 24 0.0653105

35 24 0.0625791

36 24 0.0596008

37 24 0.0563872

38 24 0.0529511

39 24 0.049306

40 24 0.0454664

41 24 0.0414473

42 24 0.0372646

43 24 0.0329349

44 24 0.0284752

45 24 0.0239031

46 24 0.0192367

47 24 0.0144943

48 24 0.00969478

49 24 0.00485697

50 24 0

0 25 0

1 25 0.00486658

2 25 0.00971395

3 25 0.014523

4 25 0.0192747

5 25 0.0239504

6 25 0.0285315

7 25 0.033

8 25 0.0373383

9 25 0.0415292

10 25 0.0455563

11 25 0.0494035

12 25 0.0530558

13 25 0.0564987

14 25 0.0597186

15 25 0.0627028

16 25 0.0654396

17 25 0.0679181

18 25 0.0701286

19 25 0.0720623

20 25 0.0737116

21 25 0.07507

22 25 0.0761322

23 25 0.0768938

24 25 0.077352

25 25 0.077505

26 25 0.077352

27 25 0.0768938

28 25 0.0761322

29 25 0.07507

30 25 0.0737116

31 25 0.0720623

32 25 0.0701286

33 25 0.0679181

34 25 0.0654396

35 25 0.0627028

36 25 0.0597186

37 25 0.0564987

38 25 0.0530558

39 25 0.0494035

40 25 0.0455563

41 25 0.0415292

42 25 0.0373383

43 25 0.033

44 25 0.0285315

45 25 0.0239504

46 25 0.0192747

47 25 0.014523

48 25 0.00971395

49 25 0.00486658

50 25 0

0 26 0

1 26 0.00485697

2 26 0.00969478

3 26 0.0144943

4 26 0.0192367

5 26 0.0239031

6 26 0.0284752

7 26 0.0329349

8 26 0.0372646

9 26 0.0414473

10 26 0.0454664

11 26 0.049306

12 26 0.0529511

13 26 0.0563872

14 26 0.0596008

15 26 0.0625791

16 26 0.0653105

17 26 0.0677841

18 26 0.0699902

19 26 0.0719201

20 26 0.0735662

21 26 0.0749219

22 26 0.0759819

23 26 0.0767421

24 26 0.0771994

25 26 0.077352

26 26 0.0771994

27 26 0.0767421

28 26 0.0759819

29 26 0.0749219

30 26 0.0735662

31 26 0.0719201

32 26 0.0699902

33 26 0.0677841

34 26 0.0653105

35 26 0.0625791

36 26 0.0596008

37 26 0.0563872

38 26 0.0529511

39 26 0.049306

40 26 0.0454664

41 26 0.0414473

42 26 0.0372646

43 26 0.0329349

44 26 0.0284752

45 26 0.0239031

46 26 0.0192367

47 26 0.0144943

48 26 0.00969478

49 26 0.00485697

50 26 0

0 27 0

1 27 0.0048282

2 27 0.00963735

3 27 0.0144085

4 27 0.0191227

5 27 0.0237615

6 27 0.0283065

7 27 0.0327398

8 27 0.0370439

9 27 0.0412018

10 27 0.0451971

11 27 0.049014

12 27 0.0526374

13 27 0.0560532

14 27 0.0592477

15 27 0.0622084

16 27 0.0649236

17 27 0.0673826

18 27 0.0695756

19 27 0.0714941

20 27 0.0731304

21 27 0.0744781

22 27 0.0755318

23 27 0.0762875

24 27 0.0767421

25 27 0.0768938

26 27 0.0767421

27 27 0.0762875

28 27 0.0755318

29 27 0.0744781

30 27 0.0731304

31 27 0.0714941

32 27 0.0695756

33 27 0.0673826

34 27 0.0649236

35 27 0.0622084

36 27 0.0592477

37 27 0.0560532

38 27 0.0526374

39 27 0.049014

40 27 0.0451971

41 27 0.0412018

42 27 0.0370439

43 27 0.0327398

44 27 0.0283065

45 27 0.0237615

46 27 0.0191227

47 27 0.0144085

48 27 0.00963735

49 27 0.0048282

50 27 0

0 28 0

1 28 0.00478038

2 28 0.00954189

3 28 0.0142657

4 28 0.0189333

5 28 0.0235261

6 28 0.0280261

7 28 0.0324155

8 28 0.0366769

9 28 0.0407936

10 28 0.0447494

11 28 0.0485285

12 28 0.052116

13 28 0.055498

14 28 0.0586608

15 28 0.0615922

16 28 0.0642805

17 28 0.0667151

18 28 0.0688864

19 28 0.0707859

20 28 0.072406

21 28 0.0737403

22 28 0.0747836

23 28 0.0755318

24 28 0.0759819

25 28 0.0761322

26 28 0.0759819

27 28 0.0755318

28 28 0.0747836

29 28 0.0737403

30 28 0.072406

31 28 0.0707859

32 28 0.0688864

33 28 0.0667151

34 28 0.0642805

35 28 0.0615922

36 28 0.0586608

37 28 0.055498

38 28 0.052116

39 28 0.0485285

40 28 0.0447494

41 28 0.0407936

42 28 0.0366769

43 28 0.0324155

44 28 0.0280261

45 28 0.0235261

46 28 0.0189333

47 28 0.0142657

48 28 0.00954189

49 28 0.00478038

50 28 0

0 29 0

1 29 0.00471369

2 29 0.00940877

3 29 0.0140667

4 29 0.0186692

5 29 0.0231979

6 29 0.0276351

7 29 0.0319633

8 29 0.0361653

9 29 0.0402245

10 29 0.0441251

11 29 0.0478514

12 29 0.051389

13 29 0.0547237

14 29 0.0578424

15 29 0.0607329

16 29 0.0633837

17 29 0.0657844

18 29 0.0679254

19 29 0.0697983

20 29 0.0713958

21 29 0.0727116

22 29 0.0737403

23 29 0.0744781

24 29 0.0749219

25 29 0.07507

26 29 0.0749219

27 29 0.0744781

28 29 0.0737403

29 29 0.0727116

30 29 0.0713958

31 29 0.0697983

32 29 0.0679254

33 29 0.0657844

34 29 0.0633837

35 29 0.0607329

36 29 0.0578424

37 29 0.0547237

38 29 0.051389

39 29 0.0478514

40 29 0.0441251

41 29 0.0402245

42 29 0.0361653

43 29 0.0319633

44 29 0.0276351

45 29 0.0231979

46 29 0.0186692

47 29 0.0140667

48 29 0.00940877

49 29 0.00471369

50 29 0

0 30 0

1 30 0.00462839

2 30 0.00923852

3 30 0.0138122

4 30 0.0183313

5 30 0.0227781

6 30 0.0271351

7 30 0.0313849

8 30 0.0355108

9 30 0.0394967

10 30 0.0433266

11 30 0.0469856

12 30 0.0504591

13 30 0.0537335

14 30 0.0567958

15 30 0.059634

16 30 0.0622368

17 30 0.064594

18 30 0.0666963

19 30 0.0685353

20 30 0.0701039

21 30 0.0713958

22 30 0.072406

23 30 0.0731304

24 30 0.0735662

25 30 0.0737116

26 30 0.0735662

27 30 0.0731304

28 30 0.072406

29 30 0.0713958

30 30 0.0701039

31 30 0.0685353

32 30 0.0666963

33 30 0.064594

34 30 0.0622368

35 30 0.059634

36 30 0.0567958

37 30 0.0537335

38 30 0.0504591

39 30 0.0469856

40 30 0.0433266

41 30 0.0394967

42 30 0.0355108

43 30 0.0313849

44 30 0.0271351

45 30 0.0227781

46 30 0.0183313

47 30 0.0138122

48 30 0.00923852

49 30 0.00462839

50 30 0

0 31 0

1 31 0.00452483

2 31 0.0090318

3 31 0.0135031

4 31 0.0179212

5 31 0.0222685

6 31 0.0265279

7 31 0.0306826

8 31 0.0347163

9 31 0.0386129

10 31 0.0423572

11 31 0.0459342

12 31 0.04933

13 31 0.0525312

14 31 0.055525

15 31 0.0582996

16 31 0.0608442

17 31 0.0631487

18 31 0.0652039

19 31 0.0670018

20 31 0.0685353

21 31 0.0697983

22 31 0.0707859

23 31 0.0714941

24 31 0.0719201

25 31 0.0720623

26 31 0.0719201

27 31 0.0714941

28 31 0.0707859

29 31 0.0697983

30 31 0.0685353

31 31 0.0670018

32 31 0.0652039

33 31 0.0631487

34 31 0.0608442

35 31 0.0582996

36 31 0.055525

37 31 0.0525312

38 31 0.04933

39 31 0.0459342

40 31 0.0423572

41 31 0.0386129

42 31 0.0347163

43 31 0.0306826

44 31 0.0265279

45 31 0.0222685

46 31 0.0179212

47 31 0.0135031

48 31 0.0090318

49 31 0.00452483

50 31 0

0 32 0

1 32 0.00440341

2 32 0.00878944

3 32 0.0131408

4 32 0.0174403

5 32 0.0216709

6 32 0.0258161

7 32 0.0298593

8 32 0.0337847

9 32 0.0375768

10 32 0.0412206

11 32 0.0447017

12 32 0.0480063

13 32 0.0511216

14 32 0.054035

15 32 0.0567352

16 32 0.0592115

17 32 0.0614542

18 32 0.0634543

19 32 0.0652039

20 32 0.0666963

21 32 0.0679254

22 32 0.0688864

23 32 0.0695756

24 32 0.0699902

25 32 0.0701286

26 32 0.0699902

27 32 0.0695756

28 32 0.0688864

29 32 0.0679254

30 32 0.0666963

31 32 0.0652039

32 32 0.0634543

33 32 0.0614542

34 32 0.0592115

35 32 0.0567352

36 32 0.054035

37 32 0.0511216

38 32 0.0480063

39 32 0.0447017

40 32 0.0412206

41 32 0.0375768

42 32 0.0337847

43 32 0.0298593

44 32 0.0258161

45 32 0.0216709

46 32 0.0174403

47 32 0.0131408

48 32 0.00878944

49 32 0.00440341

50 32 0

0 33 0

1 33 0.00426461

2 33 0.0085124

3 33 0.0127266

4 33 0.0168906

5 33 0.0209879

6 33 0.0250023

7 33 0.0289181

8 33 0.0327198

9 33 0.0363924

10 33 0.0399213

11 33 0.0432926

12 33 0.0464932

13 33 0.0495102

14 33 0.0523318

15 33 0.0549469

16 33 0.0573452

17 33 0.0595171

18 33 0.0614542

19 33 0.0631487

20 33 0.064594

21 33 0.0657844

22 33 0.0667151

23 33 0.0673826

24 33 0.0677841

25 33 0.0679181

26 33 0.0677841

27 33 0.0673826

28 33 0.0667151

29 33 0.0657844

30 33 0.064594

31 33 0.0631487

32 33 0.0614542

33 33 0.0595171

34 33 0.0573452

35 33 0.0549469

36 33 0.0523318

37 33 0.0495102

38 33 0.0464932

39 33 0.0432926

40 33 0.0399213

41 33 0.0363924

42 33 0.0327198

43 33 0.0289181

44 33 0.0250023

45 33 0.0209879

46 33 0.0168906

47 33 0.0127266

48 33 0.0085124

49 33 0.00426461

50 33 0

0 34 0

1 34 0.00410899

2 34 0.00820176

3 34 0.0122622

4 34 0.0162742

5 34 0.020222

6 34 0.0240899

7 34 0.0278628

8 34 0.0315258

9 34 0.0350643

10 34 0.0384644

11 34 0.0417128

12 34 0.0447965

13 34 0.0477034

14 34 0.0504221

15 34 0.0529418

16 34 0.0552525

17 34 0.0573452

18 34 0.0592115

19 34 0.0608442

20 34 0.0622368

21 34 0.0633837

22 34 0.0642805

23 34 0.0649236

24 34 0.0653105

25 34 0.0654396

26 34 0.0653105

27 34 0.0649236

28 34 0.0642805

29 34 0.0633837

30 34 0.0622368

31 34 0.0608442

32 34 0.0592115

33 34 0.0573452

34 34 0.0552525

35 34 0.0529418

36 34 0.0504221

37 34 0.0477034

38 34 0.0447965

39 34 0.0417128

40 34 0.0384644

41 34 0.0350643

42 34 0.0315258

43 34 0.0278628

44 34 0.0240899

45 34 0.020222

46 34 0.0162742

47 34 0.0122622

48 34 0.00820176

49 34 0.00410899

50 34 0

0 35 0

1 35 0.00393714

2 35 0.00785875

3 35 0.0117493

4 35 0.0155936

5 35 0.0193762

6 35 0.0230825

7 35 0.0266976

8 35 0.0302073

9 35 0.0335979

10 35 0.0368558

11 35 0.0399683

12 35 0.0429231

13 35 0.0457084

14 35 0.0483134

15 35 0.0507277

16 35 0.0529418

17 35 0.0549469

18 35 0.0567352

19 35 0.0582996

20 35 0.059634

21 35 0.0607329

22 35 0.0615922

23 35 0.0622084

24 35 0.0625791

25 35 0.0627028

26 35 0.0625791

27 35 0.0622084

28 35 0.0615922

29 35 0.0607329

30 35 0.059634

31 35 0.0582996

32 35 0.0567352

33 35 0.0549469

34 35 0.0529418

35 35 0.0507277

36 35 0.0483134

37 35 0.0457084

38 35 0.0429231

39 35 0.0399683

40 35 0.0368558

41 35 0.0335979

42 35 0.0302073

43 35 0.0266976

44 35 0.0230825

45 35 0.0193762

46 35 0.0155936

47 35 0.0117493

48 35 0.00785875

49 35 0.00393714

50 35 0

0 36 0

1 36 0.00374976

2 36 0.00748473

3 36 0.0111902

4 36 0.0148514

5 36 0.0184541

6 36 0.0219839

7 36 0.0254269

8 36 0.0287697

9 36 0.0319988

10 36 0.0351017

11 36 0.0380661

12 36 0.0408802

13 36 0.043533

14 36 0.046014

15 36 0.0483134

16 36 0.0504221

17 36 0.0523318

18 36 0.054035

19 36 0.055525

20 36 0.0567958

21 36 0.0578424

22 36 0.0586608

23 36 0.0592477

24 36 0.0596008

25 36 0.0597186

26 36 0.0596008

27 36 0.0592477

28 36 0.0586608

29 36 0.0578424

30 36 0.0567958

31 36 0.055525

32 36 0.054035

33 36 0.0523318

34 36 0.0504221

35 36 0.0483134

36 36 0.046014

37 36 0.043533

38 36 0.0408802

39 36 0.0380661

40 36 0.0351017

41 36 0.0319988

42 36 0.0287697

43 36 0.0254269

44 36 0.0219839

45 36 0.0184541

46 36 0.0148514

47 36 0.0111902

48 36 0.00748473

49 36 0.00374976

50 36 0

0 37 0

1 37 0.00354758

2 37 0.00708116

3 37 0.0105868

4 37 0.0140507

5 37 0.0174591

6 37 0.0207986

7 37 0.024056

8 37 0.0272185

9 37 0.0302735

10 37 0.0332091

11 37 0.0360136

12 37 0.038676

13 37 0.0411858

14 37 0.043533

15 37 0.0457084

16 37 0.0477034

17 37 0.0495102

18 37 0.0511216

19 37 0.0525312

20 37 0.0537335

21 37 0.0547237

22 37 0.055498

23 37 0.0560532

24 37 0.0563872

25 37 0.0564987

26 37 0.0563872

27 37 0.0560532

28 37 0.055498

29 37 0.0547237

30 37 0.0537335

31 37 0.0525312

32 37 0.0511216

33 37 0.0495102

34 37 0.0477034

35 37 0.0457084

36 37 0.043533

37 37 0.0411858

38 37 0.038676

39 37 0.0360136

40 37 0.0332091

41 37 0.0302735

42 37 0.0272185

43 37 0.024056

44 37 0.0207986

45 37 0.0174591

46 37 0.0140507

47 37 0.0105868

48 37 0.00708116

49 37 0.00354758

50 37 0

0 38 0

1 38 0.0033314

2 38 0.00664966

3 38 0.00994167

4 38 0.0131944

5 38 0.0163951

6 38 0.0195311

7 38 0.0225901

8 38 0.0255598

9 38 0.0284287

10 38 0.0311854

11 38 0.033819

12 38 0.0363192

13 38 0.038676

14 38 0.0408802

15 38 0.0429231

16 38 0.0447965

17 38 0.0464932

18 38 0.0480063

19 38 0.04933

20 38 0.0504591

21 38 0.051389

22 38 0.052116

23 38 0.0526374

24 38 0.0529511

25 38 0.0530558

26 38 0.0529511

27 38 0.0526374

28 38 0.052116

29 38 0.051389

30 38 0.0504591

31 38 0.04933

32 38 0.0480063

33 38 0.0464932

34 38 0.0447965

35 38 0.0429231

36 38 0.0408802

37 38 0.038676

38 38 0.0363192

39 38 0.033819

40 38 0.0311854

41 38 0.0284287

42 38 0.0255598

43 38 0.0225901

44 38 0.0195311

45 38 0.0163951

46 38 0.0131944

47 38 0.00994167

48 38 0.00664966

49 38 0.0033314

50 38 0

0 39 0

1 39 0.00310207

2 39 0.0061919

3 39 0.0092573

4 39 0.0122862

5 39 0.0152665

6 39 0.0181867

7 39 0.021035

8 39 0.0238003

9 39 0.0264717

10 39 0.0290387

11 39 0.031491

12 39 0.033819

13 39 0.0360136

14 39 0.0380661

15 39 0.0399683

16 39 0.0417128

17 39 0.0432926

18 39 0.0447017

19 39 0.0459342

20 39 0.0469856

21 39 0.0478514

22 39 0.0485285

23 39 0.049014

24 39 0.049306

25 39 0.0494035

26 39 0.049306

27 39 0.049014

28 39 0.0485285

29 39 0.0478514

30 39 0.0469856

31 39 0.0459342

32 39 0.0447017

33 39 0.0432926

34 39 0.0417128

35 39 0.0399683

36 39 0.0380661

37 39 0.0360136

38 39 0.033819

39 39 0.031491

40 39 0.0290387

41 39 0.0264717

42 39 0.0238003

43 39 0.021035

44 39 0.0181867

45 39 0.0152665

46 39 0.0122862

47 39 0.0092573

48 39 0.0061919

49 39 0.00310207

50 39 0

0 40 0

1 40 0.0028605

2 40 0.00570972

3 40 0.0085364

4 40 0.0113294

5 40 0.0140777

6 40 0.0167704

7 40 0.0193969

8 40 0.0219469

9 40 0.0244103

10 40 0.0267773

11 40 0.0290387

12 40 0.0311854

13 40 0.0332091

14 40 0.0351017

15 40 0.0368558

16 40 0.0384644

17 40 0.0399213

18 40 0.0412206

19 40 0.0423572

20 40 0.0433266

21 40 0.0441251

22 40 0.0447494

23 40 0.0451971

24 40 0.0454664

25 40 0.0455563

26 40 0.0454664

27 40 0.0451971

28 40 0.0447494

29 40 0.0441251

30 40 0.0433266

31 40 0.0423572

32 40 0.0412206

33 40 0.0399213

34 40 0.0384644

35 40 0.0368558

36 40 0.0351017

37 40 0.0332091

38 40 0.0311854

39 40 0.0290387

40 40 0.0267773

41 40 0.0244103

42 40 0.0219469

43 40 0.0193969

44 40 0.0167704

45 40 0.0140777

46 40 0.0113294

47 40 0.0085364

48 40 0.00570972

49 40 0.0028605

50 40 0

0 41 0

1 41 0.00260764

2 41 0.00520499

3 41 0.0077818

4 41 0.0103279

5 41 0.0128332

6 41 0.0152879

7 41 0.0176823

8 41 0.0200069

9 41 0.0222525

10 41 0.0244103

11 41 0.0264717

12 41 0.0284287

13 41 0.0302735

14 41 0.0319988

15 41 0.0335979

16 41 0.0350643

17 41 0.0363924

18 41 0.0375768

19 41 0.0386129

20 41 0.0394967

21 41 0.0402245

22 41 0.0407936

23 41 0.0412018

24 41 0.0414473

25 41 0.0415292

26 41 0.0414473

27 41 0.0412018

28 41 0.0407936

29 41 0.0402245

30 41 0.0394967

31 41 0.0386129

32 41 0.0375768

33 41 0.0363924

34 41 0.0350643

35 41 0.0335979

36 41 0.0319988

37 41 0.0302735

38 41 0.0284287

39 41 0.0264717

40 41 0.0244103

41 41 0.0222525

42 41 0.0200069

43 41 0.0176823

44 41 0.0152879

45 41 0.0128332

46 41 0.0103279

47 41 0.0077818

48 41 0.00520499

49 41 0.00260764

50 41 0

0 42 0

1 42 0.00234449

2 42 0.00467973

3 42 0.0069965

4 42 0.00928566

5 42 0.0115382

6 42 0.0137451

7 42 0.0158979

8 42 0.0179879

9 42 0.0200069

10 42 0.0219469

11 42 0.0238003

12 42 0.0255598

13 42 0.0272185

14 42 0.0287697

15 42 0.0302073

16 42 0.0315258

17 42 0.0327198

18 42 0.0337847

19 42 0.0347163

20 42 0.0355108

21 42 0.0361653

22 42 0.0366769

23 42 0.0370439

24 42 0.0372646

25 42 0.0373383

26 42 0.0372646

27 42 0.0370439

28 42 0.0366769

29 42 0.0361653

30 42 0.0355108

31 42 0.0347163

32 42 0.0337847

33 42 0.0327198

34 42 0.0315258

35 42 0.0302073

36 42 0.0287697

37 42 0.0272185

38 42 0.0255598

39 42 0.0238003

40 42 0.0219469

41 42 0.0200069

42 42 0.0179879

43 42 0.0158979

44 42 0.0137451

45 42 0.0115382

46 42 0.00928566

47 42 0.0069965

48 42 0.00467973

49 42 0.00234449

50 42 0

0 43 0

1 43 0.00207209

2 43 0.004136

3 43 0.00618359

4 43 0.00820677

5 43 0.0101976

6 43 0.0121481

7 43 0.0140507

8 43 0.0158979

9 43 0.0176823

10 43 0.0193969

11 43 0.021035

12 43 0.0225901

13 43 0.024056

14 43 0.0254269

15 43 0.0266976

16 43 0.0278628

17 43 0.0289181

18 43 0.0298593

19 43 0.0306826

20 43 0.0313849

21 43 0.0319633

22 43 0.0324155

23 43 0.0327398

24 43 0.0329349

25 43 0.033

26 43 0.0329349

27 43 0.0327398

28 43 0.0324155

29 43 0.0319633

30 43 0.0313849

31 43 0.0306826

32 43 0.0298593

33 43 0.0289181

34 43 0.0278628

35 43 0.0266976

36 43 0.0254269

37 43 0.024056

38 43 0.0225901

39 43 0.021035

40 43 0.0193969

41 43 0.0176823

42 43 0.0158979

43 43 0.0140507

44 43 0.0121481

45 43 0.0101976

46 43 0.00820677

47 43 0.00618359

48 43 0.004136

49 43 0.00207209

50 43 0

0 44 0

1 44 0.00179151

2 44 0.00357594

3 44 0.00534627

4 44 0.00709549

5 44 0.00881671

6 44 0.0105031

7 44 0.0121481

8 44 0.0137451

9 44 0.0152879

10 44 0.0167704

11 44 0.0181867

12 44 0.0195311

13 44 0.0207986

14 44 0.0219839

15 44 0.0230825

16 44 0.0240899

17 44 0.0250023

18 44 0.0258161

19 44 0.0265279

20 44 0.0271351

21 44 0.0276351

22 44 0.0280261

23 44 0.0283065

24 44 0.0284752

25 44 0.0285315

26 44 0.0284752

27 44 0.0283065

28 44 0.0280261

29 44 0.0276351

30 44 0.0271351

31 44 0.0265279

32 44 0.0258161

33 44 0.0250023

34 44 0.0240899

35 44 0.0230825

36 44 0.0219839

37 44 0.0207986

38 44 0.0195311

39 44 0.0181867

40 44 0.0167704

41 44 0.0152879

42 44 0.0137451

43 44 0.0121481

44 44 0.0105031

45 44 0.00881671

46 44 0.00709549

47 44 0.00534627

48 44 0.00357594

49 44 0.00179151

50 44 0

0 45 0

1 45 0.00150386

2 45 0.00300178

3 45 0.00448785

4 45 0.00595621

5 45 0.00740107

6 45 0.00881671

7 45 0.0101976

8 45 0.0115382

9 45 0.0128332

10 45 0.0140777

11 45 0.0152665

12 45 0.0163951

13 45 0.0174591

14 45 0.0184541

15 45 0.0193762

16 45 0.020222

17 45 0.0209879

18 45 0.0216709

19 45 0.0222685

20 45 0.0227781

21 45 0.0231979

22 45 0.0235261

23 45 0.0237615

24 45 0.0239031

25 45 0.0239504

26 45 0.0239031

27 45 0.0237615

28 45 0.0235261

29 45 0.0231979

30 45 0.0227781

31 45 0.0222685

32 45 0.0216709

33 45 0.0209879

34 45 0.020222

35 45 0.0193762

36 45 0.0184541

37 45 0.0174591

38 45 0.0163951

39 45 0.0152665

40 45 0.0140777

41 45 0.0128332

42 45 0.0115382

43 45 0.0101976

44 45 0.00881671

45 45 0.00740107

46 45 0.00595621

47 45 0.00448785

48 45 0.00300178

49 45 0.00150386

50 45 0

0 46 0

1 46 0.00121027

2 46 0.00241576

3 46 0.00361172

4 46 0.00479342

5 46 0.00595621

6 46 0.00709549

7 46 0.00820677

8 46 0.00928566

9 46 0.0103279

10 46 0.0113294

11 46 0.0122862

12 46 0.0131944

13 46 0.0140507

14 46 0.0148514

15 46 0.0155936

16 46 0.0162742

17 46 0.0168906

18 46 0.0174403

19 46 0.0179212

20 46 0.0183313

21 46 0.0186692

22 46 0.0189333

23 46 0.0191227

24 46 0.0192367

25 46 0.0192747

26 46 0.0192367

27 46 0.0191227

28 46 0.0189333

29 46 0.0186692

30 46 0.0183313

31 46 0.0179212

32 46 0.0174403

33 46 0.0168906

34 46 0.0162742

35 46 0.0155936

36 46 0.0148514

37 46 0.0140507

38 46 0.0131944

39 46 0.0122862

40 46 0.0113294

41 46 0.0103279

42 46 0.00928566

43 46 0.00820677

44 46 0.00709549

45 46 0.00595621

46 46 0.00479342

47 46 0.00361172

48 46 0.00241576

49 46 0.00121027

50 46 0

0 47 0

1 47 0.000911906

2 47 0.00182021

3 47 0.00272134

4 47 0.00361172

5 47 0.00448785

6 47 0.00534627

7 47 0.00618359

8 47 0.0069965

9 47 0.0077818

10 47 0.0085364

11 47 0.0092573

12 47 0.00994167

13 47 0.0105868

14 47 0.0111902

15 47 0.0117493

16 47 0.0122622

17 47 0.0127266

18 47 0.0131408

19 47 0.0135031

20 47 0.0138122

21 47 0.0140667

22 47 0.0142657

23 47 0.0144085

24 47 0.0144943

25 47 0.014523

26 47 0.0144943

27 47 0.0144085

28 47 0.0142657

29 47 0.0140667

30 47 0.0138122

31 47 0.0135031

32 47 0.0131408

33 47 0.0127266

34 47 0.0122622

35 47 0.0117493

36 47 0.0111902

37 47 0.0105868

38 47 0.00994167

39 47 0.0092573

40 47 0.0085364

41 47 0.0077818

42 47 0.0069965

43 47 0.00618359

44 47 0.00534627

45 47 0.00448785

46 47 0.00361172

47 47 0.00272134

48 47 0.00182021

49 47 0.000911906

50 47 0

0 48 0

1 48 0.000609944

2 48 0.00121748

3 48 0.00182021

4 48 0.00241576

5 48 0.00300178

6 48 0.00357594

7 48 0.004136

8 48 0.00467973

9 48 0.00520499

10 48 0.00570972

11 48 0.0061919

12 48 0.00664966

13 48 0.00708116

14 48 0.00748473

15 48 0.00785875

16 48 0.00820176

17 48 0.0085124

18 48 0.00878944

19 48 0.0090318

20 48 0.00923852

21 48 0.00940877

22 48 0.00954189

23 48 0.00963735

24 48 0.00969478

25 48 0.00971395

26 48 0.00969478

27 48 0.00963735

28 48 0.00954189

29 48 0.00940877

30 48 0.00923852

31 48 0.0090318

32 48 0.00878944

33 48 0.0085124

34 48 0.00820176

35 48 0.00785875

36 48 0.00748473

37 48 0.00708116

38 48 0.00664966

39 48 0.0061919

40 48 0.00570972

41 48 0.00520499

42 48 0.00467973

43 48 0.004136

44 48 0.00357594

