0 1 0

1 1 0.000265103

2 1 0.000529159

3 1 0.000791127

4 1 0.00104997

5 1 0.00130467

6 1 0.00155423

7 1 0.00179765

8 1 0.00203397

9 1 0.00226227

10 1 0.00248164

11 1 0.00269121

12 1 0.00289017

13 1 0.00307772

14 1 0.00325312

15 1 0.00341568

16 1 0.00356477

17 1 0.00369978

18 1 0.00382019

19 1 0.00392553

20 1 0.00401537

21 1 0.00408937

22 1 0.00414723

23 1 0.00418872

24 1 0.00421368

25 1 0.00422202

26 1 0.00421368

27 1 0.00418872

28 1 0.00414723

29 1 0.00408937

30 1 0.00401537

31 1 0.00392553

32 1 0.00382019

33 1 0.00369978

34 1 0.00356477

35 1 0.00341568

36 1 0.00325312

37 1 0.00307772

38 1 0.00289017

39 1 0.00269121

40 1 0.00248164

41 1 0.00226227

42 1 0.00203397

43 1 0.00179765

44 1 0.00155423

45 1 0.00130467

46 1 0.00104997

47 1 0.000791127

48 1 0.000529159

49 1 0.000265103

50 1 0

0 2 0

1 2 0.000529159

2 2 0.00105623

3 2 0.00157913

4 2 0.0020958

5 2 0.0026042

6 2 0.00310232

7 2 0.0035882

8 2 0.00405992

9 2 0.00451561

10 2 0.00495348

11 2 0.00537181

12 2 0.00576893

13 2 0.00614329

14 2 0.0064934

15 2 0.00681788

16 2 0.00711546

17 2 0.00738496

18 2 0.00762531

19 2 0.00783557

20 2 0.0080149

21 2 0.00816261

22 2 0.0082781

23 2 0.00836092

24 2 0.00841074

25 2 0.00842737

26 2 0.00841074

27 2 0.00836092

28 2 0.0082781

29 2 0.00816261

30 2 0.0080149

31 2 0.00783557

32 2 0.00762531

33 2 0.00738496

34 2 0.00711546

35 2 0.00681788

36 2 0.0064934

37 2 0.00614329

38 2 0.00576893

39 2 0.00537181

40 2 0.00495348

41 2 0.00451561

42 2 0.00405992

43 2 0.0035882

44 2 0.00310232

45 2 0.0026042

46 2 0.0020958

47 2 0.00157913

48 2 0.00105623

49 2 0.000529159

50 2 0

0 3 0

1 3 0.000791127

2 3 0.00157913

3 3 0.0023609

4 3 0.00313336

5 3 0.00389345

6 3 0.00463817

7 3 0.00536459

8 3 0.00606984

9 3 0.00675113

10 3 0.00740578

11 3 0.0080312

12 3 0.00862492

13 3 0.00918461

14 3 0.00970805

15 3 0.0101932

16 3 0.0106381

17 3 0.011041

18 3 0.0114003

19 3 0.0117147

20 3 0.0119828

21 3 0.0122036

22 3 0.0123763

23 3 0.0125001

24 3 0.0125746

25 3 0.0125995

26 3 0.0125746

27 3 0.0125001

28 3 0.0123763

29 3 0.0122036

30 3 0.0119828

31 3 0.0117147

32 3 0.0114003

33 3 0.011041

34 3 0.0106381

35 3 0.0101932

36 3 0.00970805

37 3 0.00918461

38 3 0.00862492

39 3 0.0080312

40 3 0.00740578

41 3 0.00675113

42 3 0.00606984

43 3 0.00536459

44 3 0.00463817

45 3 0.00389345

46 3 0.00313336

47 3 0.0023609

48 3 0.00157913

49 3 0.000791127

50 3 0

0 4 0

1 4 0.00104997

2 4 0.0020958

3 4 0.00313336

4 4 0.00415855

5 4 0.00516733

6 4 0.00615572

7 4 0.00711981

8 4 0.0080558

9 4 0.00896001

10 4 0.00982885

11 4 0.0106589

12 4 0.0114469

13 4 0.0121897

14 4 0.0128844

15 4 0.0135282

16 4 0.0141187

17 4 0.0146535

18 4 0.0151304

19 4 0.0155476

20 4 0.0159034

21 4 0.0161965

22 4 0.0164256

23 4 0.01659

24 4 0.0166888

25 4 0.0167218

26 4 0.0166888

27 4 0.01659

28 4 0.0164256

29 4 0.0161965

30 4 0.0159034

31 4 0.0155476

32 4 0.0151304

33 4 0.0146535

34 4 0.0141187

35 4 0.0135282

36 4 0.0128844

37 4 0.0121897

38 4 0.0114469

39 4 0.0106589

40 4 0.00982885

41 4 0.00896001

42 4 0.0080558

43 4 0.00711981

44 4 0.00615572

45 4 0.00516733

46 4 0.00415855

47 4 0.00313336

48 4 0.0020958

49 4 0.00104997

50 4 0

0 5 0

1 5 0.00130467

2 5 0.0026042

3 5 0.00389345

4 5 0.00516733

5 5 0.00642082

6 5 0.00764897

7 5 0.00884693

8 5 0.01001

9 5 0.0111335

10 5 0.0122131

11 5 0.0132445

12 5 0.0142237

13 5 0.0151467

14 5 0.0160099

15 5 0.0168099

16 5 0.0175436

17 5 0.0182081

18 5 0.0188007

19 5 0.0193191

20 5 0.0197612

21 5 0.0201254

22 5 0.0204102

23 5 0.0206144

24 5 0.0207372

25 5 0.0207782

26 5 0.0207372

27 5 0.0206144

28 5 0.0204102

29 5 0.0201254

30 5 0.0197612

31 5 0.0193191

32 5 0.0188007

33 5 0.0182081

34 5 0.0175436

35 5 0.0168099

36 5 0.0160099

37 5 0.0151467

38 5 0.0142237

39 5 0.0132445

40 5 0.0122131

41 5 0.0111335

42 5 0.01001

43 5 0.00884693

44 5 0.00764897

45 5 0.00642082

46 5 0.00516733

47 5 0.00389345

48 5 0.0026042

49 5 0.00130467

50 5 0

0 6 0

1 6 0.00155423

2 6 0.00310232

3 6 0.00463817

4 6 0.00615572

5 6 0.00764897

6 6 0.00911203

7 6 0.0105391

8 6 0.0119246

9 6 0.0132631

10 6 0.0145492

11 6 0.0157779

12 6 0.0169443

13 6 0.0180439

14 6 0.0190722

15 6 0.0200253

16 6 0.0208993

17 6 0.0216909

18 6 0.0223968

19 6 0.0230144

20 6 0.0235411

21 6 0.0239749

22 6 0.0243141

23 6 0.0245574

24 6 0.0247037

25 6 0.0247526

26 6 0.0247037

27 6 0.0245574

28 6 0.0243141

29 6 0.0239749

30 6 0.0235411

31 6 0.0230144

32 6 0.0223968

33 6 0.0216909

34 6 0.0208993

35 6 0.0200253

36 6 0.0190722

37 6 0.0180439

38 6 0.0169443

39 6 0.0157779

40 6 0.0145492

41 6 0.0132631

42 6 0.0119246

43 6 0.0105391

44 6 0.00911203

45 6 0.00764897

46 6 0.00615572

47 6 0.00463817

48 6 0.00310232

49 6 0.00155423

50 6 0

0 7 0

1 7 0.00179765

2 7 0.0035882

3 7 0.00536459

4 7 0.00711981

5 7 0.00884693

6 7 0.0105391

7 7 0.0121897

8 7 0.0137923

9 7 0.0153403

10 7 0.0168279

11 7 0.018249

12 7 0.0195981

13 7 0.0208698

14 7 0.0220592

15 7 0.0231616

16 7 0.0241725

17 7 0.025088

18 7 0.0259045

19 7 0.0266188

20 7 0.0272281

21 7 0.0277298

22 7 0.0281222

23 7 0.0284035

24 7 0.0285728

25 7 0.0286293

26 7 0.0285728

27 7 0.0284035

28 7 0.0281222

29 7 0.0277298

30 7 0.0272281

31 7 0.0266188

32 7 0.0259045

33 7 0.025088

34 7 0.0241725

35 7 0.0231616

36 7 0.0220592

37 7 0.0208698

38 7 0.0195981

39 7 0.018249

40 7 0.0168279

41 7 0.0153403

42 7 0.0137923

43 7 0.0121897

44 7 0.0105391

45 7 0.00884693

46 7 0.00711981

47 7 0.00536459

48 7 0.0035882

49 7 0.00179765

50 7 0

0 8 0

1 8 0.00203397

2 8 0.00405992

3 8 0.00606984

4 8 0.0080558

5 8 0.01001

6 8 0.0119246

7 8 0.0137923

8 8 0.0156054

9 8 0.017357

10 8 0.0190401

11 8 0.0206481

12 8 0.0221745

13 8 0.0236135

14 8 0.0249592

15 8 0.0262065

16 8 0.0273503

17 8 0.0283862

18 8 0.02931

19 8 0.0301182

20 8 0.0308075

21 8 0.0313753

22 8 0.0318192

23 8 0.0321375

24 8 0.032329

25 8 0.032393

26 8 0.032329

27 8 0.0321375

28 8 0.0318192

29 8 0.0313753

30 8 0.0308075

31 8 0.0301182

32 8 0.02931

33 8 0.0283862

34 8 0.0273503

35 8 0.0262065

36 8 0.0249592

37 8 0.0236135

38 8 0.0221745

39 8 0.0206481

40 8 0.0190401

41 8 0.017357

42 8 0.0156054

43 8 0.0137923

44 8 0.0119246

45 8 0.01001

46 8 0.0080558

47 8 0.00606984

48 8 0.00405992

49 8 0.00203397

50 8 0

0 9 0

1 9 0.00226227

2 9 0.00451561

3 9 0.00675113

4 9 0.00896001

5 9 0.0111335

6 9 0.0132631

7 9 0.0153403

8 9 0.017357

9 9 0.0193052

10 9 0.0211772

11 9 0.0229656

12 9 0.0246634

13 9 0.0262639

14 9 0.0277607

15 9 0.0291479

16 9 0.0304201

17 9 0.0315723

18 9 0.0325999

19 9 0.0334988

20 9 0.0342655

21 9 0.0348969

22 9 0.0353907

23 9 0.0357447

24 9 0.0359577

25 9 0.0360288

26 9 0.0359577

27 9 0.0357447

28 9 0.0353907

29 9 0.0348969

30 9 0.0342655

31 9 0.0334988

32 9 0.0325999

33 9 0.0315723

34 9 0.0304201

35 9 0.0291479

36 9 0.0277607

37 9 0.0262639

38 9 0.0246634

39 9 0.0229656

40 9 0.0211772

41 9 0.0193052

42 9 0.017357

43 9 0.0153403

44 9 0.0132631

45 9 0.0111335

46 9 0.00896001

47 9 0.00675113

48 9 0.00451561

49 9 0.00226227

50 9 0

0 10 0

1 10 0.00248164

2 10 0.00495348

3 10 0.00740578

4 10 0.00982885

5 10 0.0122131

6 10 0.0145492

7 10 0.0168279

8 10 0.0190401

9 10 0.0211772

10 10 0.0232307

11 10 0.0251926

12 10 0.027055

13 10 0.0288107

14 10 0.0304526

15 10 0.0319744

16 10 0.0333699

17 10 0.0346338

18 10 0.035761

19 10 0.0367471

20 10 0.0375881

21 10 0.0382808

22 10 0.0388224

23 10 0.0392109

24 10 0.0394445

25 10 0.0395225

26 10 0.0394445

27 10 0.0392109

28 10 0.0388224

29 10 0.0382808

30 10 0.0375881

31 10 0.0367471

32 10 0.035761

33 10 0.0346338

34 10 0.0333699

35 10 0.0319744

36 10 0.0304526

37 10 0.0288107

38 10 0.027055

39 10 0.0251926

40 10 0.0232307

41 10 0.0211772

42 10 0.0190401

43 10 0.0168279

44 10 0.0145492

45 10 0.0122131

46 10 0.00982885

47 10 0.00740578

48 10 0.00495348

49 10 0.00248164

50 10 0

0 11 0

1 11 0.00269121

2 11 0.00537181

3 11 0.0080312

4 11 0.0106589

5 11 0.0132445

6 11 0.0157779

7 11 0.018249

8 11 0.0206481

9 11 0.0229656

10 11 0.0251926

11 11 0.0273201

12 11 0.0293398

13 11 0.0312437

14 11 0.0330243

15 11 0.0346746

16 11 0.0361881

17 11 0.0375587

18 11 0.0387811

19 11 0.0398504

20 11 0.0407625

21 11 0.0415137

22 11 0.042101

23 11 0.0425222

24 11 0.0427756

25 11 0.0428602

26 11 0.0427756

27 11 0.0425222

28 11 0.042101

29 11 0.0415137

30 11 0.0407625

31 11 0.0398504

32 11 0.0387811

33 11 0.0375587

34 11 0.0361881

35 11 0.0346746

36 11 0.0330243

37 11 0.0312437

38 11 0.0293398

39 11 0.0273201

40 11 0.0251926

41 11 0.0229656

42 11 0.0206481

43 11 0.018249

44 11 0.0157779

45 11 0.0132445

46 11 0.0106589

47 11 0.0080312

48 11 0.00537181

49 11 0.00269121

50 11 0

0 12 0

1 12 0.00289017

2 12 0.00576893

3 12 0.00862492

4 12 0.0114469

5 12 0.0142237

6 12 0.0169443

7 12 0.0195981

8 12 0.0221745

9 12 0.0246634

10 12 0.027055

11 12 0.0293398

12 12 0.0315088

13 12 0.0335535

14 12 0.0354658

15 12 0.037238

16 12 0.0388633

17 12 0.0403353

18 12 0.041648

19 12 0.0427964

20 12 0.0437759

21 12 0.0445827

22 12 0.0452134

23 12 0.0456658

24 12 0.0459379

25 12 0.0460287

26 12 0.0459379

27 12 0.0456658

28 12 0.0452134

29 12 0.0445827

30 12 0.0437759

31 12 0.0427964

32 12 0.041648

33 12 0.0403353

34 12 0.0388633

35 12 0.037238

36 12 0.0354658

37 12 0.0335535

38 12 0.0315088

39 12 0.0293398

40 12 0.027055

41 12 0.0246634

42 12 0.0221745

43 12 0.0195981

44 12 0.0169443

45 12 0.0142237

46 12 0.0114469

47 12 0.00862492

48 12 0.00576893

49 12 0.00289017

50 12 0

0 13 0

1 13 0.00307772

2 13 0.00614329

3 13 0.00918461

4 13 0.0121897

5 13 0.0151467

6 13 0.0180439

7 13 0.0208698

8 13 0.0236135

9 13 0.0262639

10 13 0.0288107

11 13 0.0312437

12 13 0.0335535

13 13 0.0357309

14 13 0.0377672

15 13 0.0396545

16 13 0.0413853

17 13 0.0429527

18 13 0.0443507

19 13 0.0455736

20 13 0.0466166

21 13 0.0474757

22 13 0.0481474

23 13 0.0486291

24 13 0.0489189

25 13 0.0490156

26 13 0.0489189

27 13 0.0486291

28 13 0.0481474

29 13 0.0474757

30 13 0.0466166

31 13 0.0455736

32 13 0.0443507

33 13 0.0429527

34 13 0.0413853

35 13 0.0396545

36 13 0.0377672

37 13 0.0357309

38 13 0.0335535

39 13 0.0312437

40 13 0.0288107

41 13 0.0262639

42 13 0.0236135

43 13 0.0208698

44 13 0.0180439

45 13 0.0151467

46 13 0.0121897

47 13 0.00918461

48 13 0.00614329

49 13 0.00307772

50 13 0

0 14 0

1 14 0.00325312

2 14 0.0064934

3 14 0.00970805

4 14 0.0128844

5 14 0.0160099

6 14 0.0190722

7 14 0.0220592

8 14 0.0249592

9 14 0.0277607

10 14 0.0304526

11 14 0.0330243

12 14 0.0354658

13 14 0.0377672

14 14 0.0399196

15 14 0.0419144

16 14 0.0437438

17 14 0.0454006

18 14 0.0468782

19 14 0.0481709

20 14 0.0492734

21 14 0.0501814

22 14 0.0508914

23 14 0.0514005

24 14 0.0517068

25 14 0.0518091

26 14 0.0517068

27 14 0.0514005

28 14 0.0508914

29 14 0.0501814

30 14 0.0492734

31 14 0.0481709

32 14 0.0468782

33 14 0.0454006

34 14 0.0437438

35 14 0.0419144

36 14 0.0399196

37 14 0.0377672

38 14 0.0354658

39 14 0.0330243

40 14 0.0304526

41 14 0.0277607

42 14 0.0249592

43 14 0.0220592

44 14 0.0190722

45 14 0.0160099

46 14 0.0128844

47 14 0.00970805

48 14 0.0064934

49 14 0.00325312

50 14 0

0 15 0

1 15 0.00341568

2 15 0.00681788

3 15 0.0101932

4 15 0.0135282

5 15 0.0168099

6 15 0.0200253

7 15 0.0231616

8 15 0.0262065

9 15 0.0291479

10 15 0.0319744

11 15 0.0346746

12 15 0.037238

13 15 0.0396545

14 15 0.0419144

15 15 0.0440089

16 15 0.0459298

17 15 0.0476694

18 15 0.0492208

19 15 0.050578

20 15 0.0517356

21 15 0.052689

22 15 0.0534345

23 15 0.0539691

24 15 0.0542907

25 15 0.0543981

26 15 0.0542907

27 15 0.0539691

28 15 0.0534345

29 15 0.052689

30 15 0.0517356

31 15 0.050578

32 15 0.0492208

33 15 0.0476694

34 15 0.0459298

35 15 0.0440089

36 15 0.0419144

37 15 0.0396545

38 15 0.037238

39 15 0.0346746

40 15 0.0319744

41 15 0.0291479

42 15 0.0262065

43 15 0.0231616

44 15 0.0200253

45 15 0.0168099

46 15 0.0135282

47 15 0.0101932

48 15 0.00681788

49 15 0.00341568

50 15 0

0 16 0

1 16 0.00356477

2 16 0.00711546

3 16 0.0106381

4 16 0.0141187

5 16 0.0175436

6 16 0.0208993

7 16 0.0241725

8 16 0.0273503

9 16 0.0304201

10 16 0.0333699

11 16 0.0361881

12 16 0.0388633

13 16 0.0413853

14 16 0.0437438

15 16 0.0459298

16 16 0.0479345

17 16 0.04975

18 16 0.0513692

19 16 0.0527856

20 16 0.0539937

21 16 0.0549887

22 16 0.0557668

23 16 0.0563247

24 16 0.0566603

25 16 0.0567723

26 16 0.0566603

27 16 0.0563247

28 16 0.0557668

29 16 0.0549887

30 16 0.0539937

31 16 0.0527856

32 16 0.0513692

33 16 0.04975

34 16 0.0479345

35 16 0.0459298

36 16 0.0437438

37 16 0.0413853

38 16 0.0388633

39 16 0.0361881

40 16 0.0333699

41 16 0.0304201

42 16 0.0273503

43 16 0.0241725

44 16 0.0208993

45 16 0.0175436

46 16 0.0141187

47 16 0.0106381

48 16 0.00711546

49 16 0.00356477

50 16 0

0 17 0

1 17 0.00369978

2 17 0.00738496

3 17 0.011041

4 17 0.0146535

5 17 0.0182081

6 17 0.0216909

7 17 0.025088

8 17 0.0283862

9 17 0.0315723

10 17 0.0346338

11 17 0.0375587

12 17 0.0403353

13 17 0.0429527

14 17 0.0454006

15 17 0.0476694

16 17 0.04975

17 17 0.0516343

18 17 0.0533148

19 17 0.0547848

20 17 0.0560387

21 17 0.0570714

22 17 0.0578789

23 17 0.058458

24 17 0.0588063

25 17 0.0589226

26 17 0.0588063

27 17 0.058458

28 17 0.0578789

29 17 0.0570714

30 17 0.0560387

31 17 0.0547848

32 17 0.0533148

33 17 0.0516343

34 17 0.04975

35 17 0.0476694

36 17 0.0454006

37 17 0.0429527

38 17 0.0403353

39 17 0.0375587

40 17 0.0346338

41 17 0.0315723

42 17 0.0283862

43 17 0.025088

44 17 0.0216909

45 17 0.0182081

46 17 0.0146535

47 17 0.011041

48 17 0.00738496

49 17 0.00369978

50 17 0

0 18 0

1 18 0.00382019

2 18 0.00762531

3 18 0.0114003

4 18 0.0151304

5 18 0.0188007

6 18 0.0223968

7 18 0.0259045

8 18 0.02931

9 18 0.0325999

10 18 0.035761

11 18 0.0387811

12 18 0.041648

13 18 0.0443507

14 18 0.0468782

15 18 0.0492208

16 18 0.0513692

17 18 0.0533148

18 18 0.0550499

19 18 0.0565679

20 18 0.0578626

21 18 0.0589289

22 18 0.0597626

23 18 0.0603605

24 18 0.0607202

25 18 0.0608403

26 18 0.0607202

27 18 0.0603605

28 18 0.0597626

29 18 0.0589289

30 18 0.0578626

31 18 0.0565679

32 18 0.0550499

33 18 0.0533148

34 18 0.0513692

35 18 0.0492208

36 18 0.0468782

37 18 0.0443507

38 18 0.041648

39 18 0.0387811

40 18 0.035761

41 18 0.0325999

42 18 0.02931

43 18 0.0259045

44 18 0.0223968

45 18 0.0188007

46 18 0.0151304

47 18 0.0114003

48 18 0.00762531

49 18 0.00382019

50 18 0

0 19 0

1 19 0.00392553

2 19 0.00783557

3 19 0.0117147

4 19 0.0155476

5 19 0.0193191

6 19 0.0230144

7 19 0.0266188

8 19 0.0301182

9 19 0.0334988

10 19 0.0367471

11 19 0.0398504

12 19 0.0427964

13 19 0.0455736

14 19 0.0481709

15 19 0.050578

16 19 0.0527856

17 19 0.0547848

18 19 0.0565679

19 19 0.0581277

20 19 0.059458

21 19 0.0605538

22 19 0.0614105

23 19 0.0620249

24 19 0.0623945

25 19 0.0625179

26 19 0.0623945

27 19 0.0620249

28 19 0.0614105

29 19 0.0605538

30 19 0.059458

31 19 0.0581277

32 19 0.0565679

33 19 0.0547848

34 19 0.0527856

35 19 0.050578

36 19 0.0481709

37 19 0.0455736

38 19 0.0427964

39 19 0.0398504

40 19 0.0367471

41 19 0.0334988

42 19 0.0301182

43 19 0.0266188

44 19 0.0230144

45 19 0.0193191

46 19 0.0155476

47 19 0.0117147

48 19 0.00783557

49 19 0.00392553

50 19 0

0 20 0

1 20 0.00401537

2 20 0.0080149

3 20 0.0119828

4 20 0.0159034

5 20 0.0197612

6 20 0.0235411

7 20 0.0272281

8 20 0.0308075

9 20 0.0342655

10 20 0.0375881

11 20 0.0407625

12 20 0.0437759

13 20 0.0466166

14 20 0.0492734

15 20 0.0517356

16 20 0.0539937

17 20 0.0560387

18 20 0.0578626

19 20 0.059458

20 20 0.0608189

21 20 0.0619397

22 20 0.062816

23 20 0.0634445

24 20 0.0638226

25 20 0.0639487

26 20 0.0638226

27 20 0.0634445

28 20 0.062816

29 20 0.0619397

30 20 0.0608189

31 20 0.059458

32 20 0.0578626

33 20 0.0560387

34 20 0.0539937

35 20 0.0517356

36 20 0.0492734

37 20 0.0466166

38 20 0.0437759

39 20 0.0407625

40 20 0.0375881

41 20 0.0342655

42 20 0.0308075

43 20 0.0272281

44 20 0.0235411

45 20 0.0197612

46 20 0.0159034

47 20 0.0119828

48 20 0.0080149

49 20 0.00401537

50 20 0

0 21 0

1 21 0.00408937

2 21 0.00816261

3 21 0.0122036

4 21 0.0161965

5 21 0.0201254

6 21 0.0239749

7 21 0.0277298

8 21 0.0313753

9 21 0.0348969

10 21 0.0382808

11 21 0.0415137

12 21 0.0445827

13 21 0.0474757

14 21 0.0501814

15 21 0.052689

16 21 0.0549887

17 21 0.0570714

18 21 0.0589289

19 21 0.0605538

20 21 0.0619397

21 21 0.0630811

22 21 0.0639736

23 21 0.0646137

24 21 0.0649987

25 21 0.0651272

26 21 0.0649987

27 21 0.0646137

28 21 0.0639736

29 21 0.0630811

30 21 0.0619397

31 21 0.0605538

32 21 0.0589289

33 21 0.0570714

34 21 0.0549887

35 21 0.052689

36 21 0.0501814

37 21 0.0474757

38 21 0.0445827

39 21 0.0415137

40 21 0.0382808

41 21 0.0348969

42 21 0.0313753

43 21 0.0277298

44 21 0.0239749

45 21 0.0201254

46 21 0.0161965

47 21 0.0122036

48 21 0.00816261

49 21 0.00408937

50 21 0

0 22 0

1 22 0.00414723

2 22 0.0082781

3 22 0.0123763

4 22 0.0164256

5 22 0.0204102

6 22 0.0243141

7 22 0.0281222

8 22 0.0318192

9 22 0.0353907

10 22 0.0388224

11 22 0.042101

12 22 0.0452134

13 22 0.0481474

14 22 0.0508914

15 22 0.0534345

16 22 0.0557668

17 22 0.0578789

18 22 0.0597626

19 22 0.0614105

20 22 0.062816

21 22 0.0639736

22 22 0.0648788

23 22 0.0655279

24 22 0.0659184

25 22 0.0660487

26 22 0.0659184

27 22 0.0655279

28 22 0.0648788

29 22 0.0639736

30 22 0.062816

31 22 0.0614105

32 22 0.0597626

33 22 0.0578789

34 22 0.0557668

35 22 0.0534345

36 22 0.0508914

37 22 0.0481474

38 22 0.0452134

39 22 0.042101

40 22 0.0388224

41 22 0.0353907

42 22 0.0318192

43 22 0.0281222

44 22 0.0243141

45 22 0.0204102

46 22 0.0164256

47 22 0.0123763

48 22 0.0082781

49 22 0.00414723

50 22 0

0 23 0

1 23 0.00418872

2 23 0.00836092

3 23 0.0125001

4 23 0.01659

5 23 0.0206144

6 23 0.0245574

7 23 0.0284035

8 23 0.0321375

9 23 0.0357447

10 23 0.0392109

11 23 0.0425222

12 23 0.0456658

13 23 0.0486291

14 23 0.0514005

15 23 0.0539691

16 23 0.0563247

17 23 0.058458

18 23 0.0603605

19 23 0.0620249

20 23 0.0634445

21 23 0.0646137

22 23 0.0655279

23 23 0.0661835

24 23 0.0665778

25 23 0.0667095

26 23 0.0665778

27 23 0.0661835

28 23 0.0655279

29 23 0.0646137

30 23 0.0634445

31 23 0.0620249

32 23 0.0603605

33 23 0.058458

34 23 0.0563247

35 23 0.0539691

36 23 0.0514005

37 23 0.0486291

38 23 0.0456658

39 23 0.0425222

40 23 0.0392109

41 23 0.0357447

42 23 0.0321375

43 23 0.0284035

44 23 0.0245574

45 23 0.0206144

46 23 0.01659

47 23 0.0125001

48 23 0.00836092

49 23 0.00418872

50 23 0

0 24 0

1 24 0.00421368

2 24 0.00841074

3 24 0.0125746

4 24 0.0166888

5 24 0.0207372

6 24 0.0247037

7 24 0.0285728

8 24 0.032329

9 24 0.0359577

10 24 0.0394445

11 24 0.0427756

12 24 0.0459379

13 24 0.0489189

14 24 0.0517068

15 24 0.0542907

16 24 0.0566603

17 24 0.0588063

18 24 0.0607202

19 24 0.0623945

20 24 0.0638226

21 24 0.0649987

22 24 0.0659184

23 24 0.0665778

24 24 0.0669746

25 24 0.067107

26 24 0.0669746

27 24 0.0665778

28 24 0.0659184

29 24 0.0649987

30 24 0.0638226

31 24 0.0623945

32 24 0.0607202

33 24 0.0588063

34 24 0.0566603

35 24 0.0542907

36 24 0.0517068

37 24 0.0489189

38 24 0.0459379

39 24 0.0427756

40 24 0.0394445

41 24 0.0359577

42 24 0.032329

43 24 0.0285728

44 24 0.0247037

45 24 0.0207372

46 24 0.0166888

47 24 0.0125746

48 24 0.00841074

49 24 0.00421368

50 24 0

0 25 0

1 25 0.00422202

2 25 0.00842737

3 25 0.0125995

4 25 0.0167218

5 25 0.0207782

6 25 0.0247526

7 25 0.0286293

8 25 0.032393

9 25 0.0360288

10 25 0.0395225

11 25 0.0428602

12 25 0.0460287

13 25 0.0490156

14 25 0.0518091

15 25 0.0543981

16 25 0.0567723

17 25 0.0589226

18 25 0.0608403

19 25 0.0625179

20 25 0.0639487

21 25 0.0651272

22 25 0.0660487

23 25 0.0667095

24 25 0.067107

25 25 0.0672397

26 25 0.067107

27 25 0.0667095

28 25 0.0660487

29 25 0.0651272

30 25 0.0639487

31 25 0.0625179

32 25 0.0608403

33 25 0.0589226

34 25 0.0567723

35 25 0.0543981

36 25 0.0518091

37 25 0.0490156

38 25 0.0460287

39 25 0.0428602

40 25 0.0395225

41 25 0.0360288

42 25 0.032393

43 25 0.0286293

44 25 0.0247526

45 25 0.0207782

46 25 0.0167218

47 25 0.0125995

48 25 0.00842737

49 25 0.00422202

50 25 0

0 26 0

1 26 0.00421368

2 26 0.00841074

3 26 0.0125746

4 26 0.0166888

5 26 0.0207372

6 26 0.0247037

7 26 0.0285728

8 26 0.032329

9 26 0.0359577

10 26 0.0394445

11 26 0.0427756

12 26 0.0459379

13 26 0.0489189

14 26 0.0517068

15 26 0.0542907

16 26 0.0566603

17 26 0.0588063

18 26 0.0607202

19 26 0.0623945

20 26 0.0638226

21 26 0.0649987

22 26 0.0659184

23 26 0.0665778

24 26 0.0669746

25 26 0.067107

26 26 0.0669746

27 26 0.0665778

28 26 0.0659184

29 26 0.0649987

30 26 0.0638226

31 26 0.0623945

32 26 0.0607202

33 26 0.0588063

34 26 0.0566603

35 26 0.0542907

36 26 0.0517068

37 26 0.0489189

38 26 0.0459379

39 26 0.0427756

40 26 0.0394445

41 26 0.0359577

42 26 0.032329

43 26 0.0285728

44 26 0.0247037

45 26 0.0207372

46 26 0.0166888

47 26 0.0125746

48 26 0.00841074

49 26 0.00421368

50 26 0

0 27 0

1 27 0.00418872

2 27 0.00836092

3 27 0.0125001

4 27 0.01659

5 27 0.0206144

6 27 0.0245574

7 27 0.0284035

8 27 0.0321375

9 27 0.0357447

10 27 0.0392109

11 27 0.0425222

12 27 0.0456658

13 27 0.0486291

14 27 0.0514005

15 27 0.0539691

16 27 0.0563247

17 27 0.058458

18 27 0.0603605

19 27 0.0620249

20 27 0.0634445

21 27 0.0646137

22 27 0.0655279

23 27 0.0661835

24 27 0.0665778

25 27 0.0667095

26 27 0.0665778

27 27 0.0661835

28 27 0.0655279

29 27 0.0646137

30 27 0.0634445

31 27 0.0620249

32 27 0.0603605

33 27 0.058458

34 27 0.0563247

35 27 0.0539691

36 27 0.0514005

37 27 0.0486291

38 27 0.0456658

39 27 0.0425222

40 27 0.0392109

41 27 0.0357447

42 27 0.0321375

43 27 0.0284035

44 27 0.0245574

45 27 0.0206144

46 27 0.01659

47 27 0.0125001

48 27 0.00836092

49 27 0.00418872

50 27 0

0 28 0

1 28 0.00414723

2 28 0.0082781

3 28 0.0123763

4 28 0.0164256

5 28 0.0204102

6 28 0.0243141

7 28 0.0281222

8 28 0.0318192

9 28 0.0353907

10 28 0.0388224

11 28 0.042101

12 28 0.0452134

13 28 0.0481474

14 28 0.0508914

15 28 0.0534345

16 28 0.0557668

17 28 0.0578789

18 28 0.0597626

19 28 0.0614105

20 28 0.062816

21 28 0.0639736

22 28 0.0648788

23 28 0.0655279

24 28 0.0659184

25 28 0.0660487

26 28 0.0659184

27 28 0.0655279

28 28 0.0648788

29 28 0.0639736

30 28 0.062816

31 28 0.0614105

32 28 0.0597626

33 28 0.0578789

34 28 0.0557668

35 28 0.0534345

36 28 0.0508914

37 28 0.0481474

38 28 0.0452134

39 28 0.042101

40 28 0.0388224

41 28 0.0353907

42 28 0.0318192

43 28 0.0281222

44 28 0.0243141

45 28 0.0204102

46 28 0.0164256

47 28 0.0123763

48 28 0.0082781

49 28 0.00414723

50 28 0

0 29 0

1 29 0.00408937

2 29 0.00816261

3 29 0.0122036

4 29 0.0161965

5 29 0.0201254

6 29 0.0239749

7 29 0.0277298

8 29 0.0313753

9 29 0.0348969

10 29 0.0382808

11 29 0.0415137

12 29 0.0445827

13 29 0.0474757

14 29 0.0501814

15 29 0.052689

16 29 0.0549887

17 29 0.0570714

18 29 0.0589289

19 29 0.0605538

20 29 0.0619397

21 29 0.0630811

22 29 0.0639736

23 29 0.0646137

24 29 0.0649987

25 29 0.0651272

26 29 0.0649987

27 29 0.0646137

28 29 0.0639736

29 29 0.0630811

30 29 0.0619397

31 29 0.0605538

32 29 0.0589289

33 29 0.0570714

34 29 0.0549887

35 29 0.052689

36 29 0.0501814

37 29 0.0474757

38 29 0.0445827

39 29 0.0415137

40 29 0.0382808

41 29 0.0348969

42 29 0.0313753

43 29 0.0277298

44 29 0.0239749

45 29 0.0201254

46 29 0.0161965

47 29 0.0122036

48 29 0.00816261

49 29 0.00408937

50 29 0

0 30 0

1 30 0.00401537

2 30 0.0080149

3 30 0.0119828

4 30 0.0159034

5 30 0.0197612

6 30 0.0235411

7 30 0.0272281

8 30 0.0308075

9 30 0.0342655

10 30 0.0375881

11 30 0.0407625

12 30 0.0437759

13 30 0.0466166

14 30 0.0492734

15 30 0.0517356

16 30 0.0539937

17 30 0.0560387

18 30 0.0578626

19 30 0.059458

20 30 0.0608189

21 30 0.0619397

22 30 0.062816

23 30 0.0634445

24 30 0.0638226

25 30 0.0639487

26 30 0.0638226

27 30 0.0634445

28 30 0.062816

29 30 0.0619397

30 30 0.0608189

31 30 0.059458

32 30 0.0578626

33 30 0.0560387

34 30 0.0539937

35 30 0.0517356

36 30 0.0492734

37 30 0.0466166

38 30 0.0437759

39 30 0.0407625

40 30 0.0375881

41 30 0.0342655

42 30 0.0308075

43 30 0.0272281

44 30 0.0235411

45 30 0.0197612

46 30 0.0159034

47 30 0.0119828

48 30 0.0080149

49 30 0.00401537

50 30 0

0 31 0

1 31 0.00392553

2 31 0.00783557

3 31 0.0117147

4 31 0.0155476

5 31 0.0193191

6 31 0.0230144

7 31 0.0266188

8 31 0.0301182

9 31 0.0334988

10 31 0.0367471

11 31 0.0398504

12 31 0.0427964

13 31 0.0455736

14 31 0.0481709

15 31 0.050578

16 31 0.0527856

17 31 0.0547848

18 31 0.0565679

19 31 0.0581277

20 31 0.059458

21 31 0.0605538

22 31 0.0614105

23 31 0.0620249

24 31 0.0623945

25 31 0.0625179

26 31 0.0623945

27 31 0.0620249

28 31 0.0614105

29 31 0.0605538

30 31 0.059458

31 31 0.0581277

32 31 0.0565679

33 31 0.0547848

34 31 0.0527856

35 31 0.050578

36 31 0.0481709

37 31 0.0455736

38 31 0.0427964

39 31 0.0398504

40 31 0.0367471

41 31 0.0334988

42 31 0.0301182

43 31 0.0266188

44 31 0.0230144

45 31 0.0193191

46 31 0.0155476

47 31 0.0117147

48 31 0.00783557

49 31 0.00392553

50 31 0

0 32 0

1 32 0.00382019

2 32 0.00762531

3 32 0.0114003

4 32 0.0151304

5 32 0.0188007

6 32 0.0223968

7 32 0.0259045

8 32 0.02931

9 32 0.0325999

10 32 0.035761

11 32 0.0387811

12 32 0.041648

13 32 0.0443507

14 32 0.0468782

15 32 0.0492208

16 32 0.0513692

17 32 0.0533148

18 32 0.0550499

19 32 0.0565679

20 32 0.0578626

21 32 0.0589289

22 32 0.0597626

23 32 0.0603605

24 32 0.0607202

25 32 0.0608403

26 32 0.0607202

27 32 0.0603605

28 32 0.0597626

29 32 0.0589289

30 32 0.0578626

31 32 0.0565679

32 32 0.0550499

33 32 0.0533148

34 32 0.0513692

35 32 0.0492208

36 32 0.0468782

37 32 0.0443507

38 32 0.041648

39 32 0.0387811

40 32 0.035761

41 32 0.0325999

42 32 0.02931

43 32 0.0259045

44 32 0.0223968

45 32 0.0188007

46 32 0.0151304

47 32 0.0114003

48 32 0.00762531

49 32 0.00382019

50 32 0

0 33 0

1 33 0.00369978

2 33 0.00738496

3 33 0.011041

4 33 0.0146535

5 33 0.0182081

6 33 0.0216909

7 33 0.025088

8 33 0.0283862

9 33 0.0315723

10 33 0.0346338

11 33 0.0375587

12 33 0.0403353

13 33 0.0429527

14 33 0.0454006

15 33 0.0476694

16 33 0.04975

17 33 0.0516343

18 33 0.0533148

19 33 0.0547848

20 33 0.0560387

21 33 0.0570714

22 33 0.0578789

23 33 0.058458

24 33 0.0588063

25 33 0.0589226

26 33 0.0588063

27 33 0.058458

28 33 0.0578789

29 33 0.0570714

30 33 0.0560387

31 33 0.0547848

32 33 0.0533148

33 33 0.0516343

34 33 0.04975

35 33 0.0476694

36 33 0.0454006

37 33 0.0429527

38 33 0.0403353

39 33 0.0375587

40 33 0.0346338

41 33 0.0315723

42 33 0.0283862

43 33 0.025088

44 33 0.0216909

45 33 0.0182081

46 33 0.0146535

47 33 0.011041

48 33 0.00738496

49 33 0.00369978

50 33 0

0 34 0

1 34 0.00356477

2 34 0.00711546

3 34 0.0106381

4 34 0.0141187

5 34 0.0175436

6 34 0.0208993

7 34 0.0241725

8 34 0.0273503

9 34 0.0304201

10 34 0.0333699

11 34 0.0361881

12 34 0.0388633

13 34 0.0413853

14 34 0.0437438

15 34 0.0459298

16 34 0.0479345

17 34 0.04975

18 34 0.0513692

19 34 0.0527856

20 34 0.0539937

21 34 0.0549887

22 34 0.0557668

23 34 0.0563247

24 34 0.0566603

25 34 0.0567723

26 34 0.0566603

27 34 0.0563247

28 34 0.0557668

29 34 0.0549887

30 34 0.0539937

31 34 0.0527856

32 34 0.0513692

33 34 0.04975

34 34 0.0479345

35 34 0.0459298

36 34 0.0437438

37 34 0.0413853

38 34 0.0388633

39 34 0.0361881

40 34 0.0333699

41 34 0.0304201

42 34 0.0273503

43 34 0.0241725

44 34 0.0208993

45 34 0.0175436

46 34 0.0141187

47 34 0.0106381

48 34 0.00711546

49 34 0.00356477

50 34 0

0 35 0

1 35 0.00341568

2 35 0.00681788

3 35 0.0101932

4 35 0.0135282

5 35 0.0168099

6 35 0.0200253

7 35 0.0231616

8 35 0.0262065

9 35 0.0291479

10 35 0.0319744

11 35 0.0346746

12 35 0.037238

13 35 0.0396545

14 35 0.0419144

15 35 0.0440089

16 35 0.0459298

17 35 0.0476694

18 35 0.0492208

19 35 0.050578

20 35 0.0517356

21 35 0.052689

22 35 0.0534345

23 35 0.0539691

24 35 0.0542907

25 35 0.0543981

26 35 0.0542907

27 35 0.0539691

28 35 0.0534345

29 35 0.052689

30 35 0.0517356

31 35 0.050578

32 35 0.0492208

33 35 0.0476694

34 35 0.0459298

35 35 0.0440089

36 35 0.0419144

37 35 0.0396545

38 35 0.037238

39 35 0.0346746

40 35 0.0319744

41 35 0.0291479

42 35 0.0262065

43 35 0.0231616

44 35 0.0200253

45 35 0.0168099

46 35 0.0135282

47 35 0.0101932

48 35 0.00681788

49 35 0.00341568

50 35 0

0 36 0

1 36 0.00325312

2 36 0.0064934

3 36 0.00970805

4 36 0.0128844

5 36 0.0160099

6 36 0.0190722

7 36 0.0220592

8 36 0.0249592

9 36 0.0277607

10 36 0.0304526

11 36 0.0330243

12 36 0.0354658

13 36 0.0377672

14 36 0.0399196

15 36 0.0419144

16 36 0.0437438

17 36 0.0454006

18 36 0.0468782

19 36 0.0481709

20 36 0.0492734

21 36 0.0501814

22 36 0.0508914

23 36 0.0514005

24 36 0.0517068

25 36 0.0518091

26 36 0.0517068

27 36 0.0514005

28 36 0.0508914

29 36 0.0501814

30 36 0.0492734

31 36 0.0481709

32 36 0.0468782

33 36 0.0454006

34 36 0.0437438

35 36 0.0419144

36 36 0.0399196

37 36 0.0377672

38 36 0.0354658

39 36 0.0330243

40 36 0.0304526

41 36 0.0277607

42 36 0.0249592

43 36 0.0220592

44 36 0.0190722

45 36 0.0160099

46 36 0.0128844

47 36 0.00970805

48 36 0.0064934

49 36 0.00325312

50 36 0

0 37 0

1 37 0.00307772

2 37 0.00614329

3 37 0.00918461

4 37 0.0121897

5 37 0.0151467

6 37 0.0180439

7 37 0.0208698

8 37 0.0236135

9 37 0.0262639

10 37 0.0288107

11 37 0.0312437

12 37 0.0335535

13 37 0.0357309

14 37 0.0377672

15 37 0.0396545

16 37 0.0413853

17 37 0.0429527

18 37 0.0443507

19 37 0.0455736

20 37 0.0466166

21 37 0.0474757

22 37 0.0481474

23 37 0.0486291

24 37 0.0489189

25 37 0.0490156

26 37 0.0489189

27 37 0.0486291

28 37 0.0481474

29 37 0.0474757

30 37 0.0466166

31 37 0.0455736

32 37 0.0443507

33 37 0.0429527

34 37 0.0413853

35 37 0.0396545

36 37 0.0377672

37 37 0.0357309

38 37 0.0335535

39 37 0.0312437

40 37 0.0288107

41 37 0.0262639

42 37 0.0236135

43 37 0.0208698

44 37 0.0180439

45 37 0.0151467

46 37 0.0121897

47 37 0.00918461

48 37 0.00614329

49 37 0.00307772

50 37 0

0 38 0

1 38 0.00289017

2 38 0.00576893

3 38 0.00862492

4 38 0.0114469

5 38 0.0142237

6 38 0.0169443

7 38 0.0195981

8 38 0.0221745

9 38 0.0246634

10 38 0.027055

11 38 0.0293398

12 38 0.0315088

13 38 0.0335535

14 38 0.0354658

15 38 0.037238

16 38 0.0388633

17 38 0.0403353

18 38 0.041648

19 38 0.0427964

20 38 0.0437759

21 38 0.0445827

22 38 0.0452134

23 38 0.0456658

24 38 0.0459379

25 38 0.0460287

26 38 0.0459379

27 38 0.0456658

28 38 0.0452134

29 38 0.0445827

30 38 0.0437759

31 38 0.0427964

32 38 0.041648

33 38 0.0403353

34 38 0.0388633

35 38 0.037238

36 38 0.0354658

37 38 0.0335535

38 38 0.0315088

39 38 0.0293398

40 38 0.027055

41 38 0.0246634

42 38 0.0221745

43 38 0.0195981

44 38 0.0169443

45 38 0.0142237

46 38 0.0114469

47 38 0.00862492

48 38 0.00576893

49 38 0.00289017

50 38 0

0 39 0

1 39 0.00269121

2 39 0.00537181

3 39 0.0080312

4 39 0.0106589

5 39 0.0132445

6 39 0.0157779

7 39 0.018249

8 39 0.0206481

9 39 0.0229656

10 39 0.0251926

11 39 0.0273201

12 39 0.0293398

13 39 0.0312437

14 39 0.0330243

15 39 0.0346746

16 39 0.0361881

17 39 0.0375587

18 39 0.0387811

19 39 0.0398504

20 39 0.0407625

21 39 0.0415137

22 39 0.042101

23 39 0.0425222

24 39 0.0427756

25 39 0.0428602

26 39 0.0427756

27 39 0.0425222

28 39 0.042101

29 39 0.0415137

30 39 0.0407625

31 39 0.0398504

32 39 0.0387811

33 39 0.0375587

34 39 0.0361881

35 39 0.0346746

36 39 0.0330243

37 39 0.0312437

38 39 0.0293398

39 39 0.0273201

40 39 0.0251926

41 39 0.0229656

42 39 0.0206481

43 39 0.018249

44 39 0.0157779

45 39 0.0132445

46 39 0.0106589

47 39 0.0080312

48 39 0.00537181

49 39 0.00269121

50 39 0

0 40 0

1 40 0.00248164

2 40 0.00495348

3 40 0.00740578

4 40 0.00982885

5 40 0.0122131

6 40 0.0145492

7 40 0.0168279

8 40 0.0190401

9 40 0.0211772

10 40 0.0232307

11 40 0.0251926

12 40 0.027055

13 40 0.0288107

14 40 0.0304526

15 40 0.0319744

16 40 0.0333699

17 40 0.0346338

18 40 0.035761

19 40 0.0367471

20 40 0.0375881

21 40 0.0382808

22 40 0.0388224

23 40 0.0392109

24 40 0.0394445

25 40 0.0395225

26 40 0.0394445

27 40 0.0392109

28 40 0.0388224

29 40 0.0382808

30 40 0.0375881

31 40 0.0367471

32 40 0.035761

33 40 0.0346338

34 40 0.0333699

35 40 0.0319744

36 40 0.0304526

37 40 0.0288107

38 40 0.027055

39 40 0.0251926

40 40 0.0232307

41 40 0.0211772

42 40 0.0190401

43 40 0.0168279

44 40 0.0145492

45 40 0.0122131

46 40 0.00982885

47 40 0.00740578

48 40 0.00495348

49 40 0.00248164

50 40 0

0 41 0

1 41 0.00226227

2 41 0.00451561

3 41 0.00675113

4 41 0.00896001

5 41 0.0111335

6 41 0.0132631

7 41 0.0153403

8 41 0.017357

9 41 0.0193052

10 41 0.0211772

11 41 0.0229656

12 41 0.0246634

13 41 0.0262639

14 41 0.0277607

15 41 0.0291479

16 41 0.0304201

17 41 0.0315723

18 41 0.0325999

19 41 0.0334988

20 41 0.0342655

21 41 0.0348969

22 41 0.0353907

23 41 0.0357447

24 41 0.0359577

25 41 0.0360288

26 41 0.0359577

27 41 0.0357447

28 41 0.0353907

29 41 0.0348969

30 41 0.0342655

31 41 0.0334988

32 41 0.0325999

33 41 0.0315723

34 41 0.0304201

35 41 0.0291479

36 41 0.0277607

37 41 0.0262639

38 41 0.0246634

39 41 0.0229656

40 41 0.0211772

41 41 0.0193052

42 41 0.017357

43 41 0.0153403

44 41 0.0132631

45 41 0.0111335

46 41 0.00896001

47 41 0.00675113

48 41 0.00451561

49 41 0.00226227

50 41 0

0 42 0

1 42 0.00203397

2 42 0.00405992

3 42 0.00606984

4 42 0.0080558

5 42 0.01001

6 42 0.0119246

7 42 0.0137923

8 42 0.0156054

9 42 0.017357

10 42 0.0190401

11 42 0.0206481

12 42 0.0221745

13 42 0.0236135

14 42 0.0249592

15 42 0.0262065

16 42 0.0273503

17 42 0.0283862

18 42 0.02931

19 42 0.0301182

20 42 0.0308075

21 42 0.0313753

22 42 0.0318192

23 42 0.0321375

24 42 0.032329

25 42 0.032393

26 42 0.032329

27 42 0.0321375

28 42 0.0318192

29 42 0.0313753

30 42 0.0308075

31 42 0.0301182

32 42 0.02931

33 42 0.0283862

34 42 0.0273503

35 42 0.0262065

36 42 0.0249592

37 42 0.0236135

38 42 0.0221745

39 42 0.0206481

40 42 0.0190401

41 42 0.017357

42 42 0.0156054

43 42 0.0137923

44 42 0.0119246

45 42 0.01001

46 42 0.0080558

47 42 0.00606984

48 42 0.00405992

49 42 0.00203397

50 42 0

0 43 0

1 43 0.00179765

2 43 0.0035882

3 43 0.00536459

4 43 0.00711981

5 43 0.00884693

6 43 0.0105391

7 43 0.0121897

8 43 0.0137923

9 43 0.0153403

10 43 0.0168279

11 43 0.018249

12 43 0.0195981

13 43 0.0208698

14 43 0.0220592

15 43 0.0231616

16 43 0.0241725

17 43 0.025088

18 43 0.0259045

19 43 0.0266188

20 43 0.0272281

21 43 0.0277298

22 43 0.0281222

23 43 0.0284035

24 43 0.0285728

25 43 0.0286293

26 43 0.0285728

27 43 0.0284035

28 43 0.0281222

29 43 0.0277298

30 43 0.0272281

31 43 0.0266188

32 43 0.0259045

33 43 0.025088

34 43 0.0241725

35 43 0.0231616

36 43 0.0220592

37 43 0.0208698

38 43 0.0195981

39 43 0.018249

40 43 0.0168279

41 43 0.0153403

42 43 0.0137923

43 43 0.0121897

44 43 0.0105391

45 43 0.00884693

46 43 0.00711981

47 43 0.00536459

48 43 0.0035882

49 43 0.00179765

50 43 0

0 44 0

1 44 0.00155423

2 44 0.00310232

3 44 0.00463817

4 44 0.00615572

5 44 0.00764897

6 44 0.00911203

7 44 0.0105391

8 44 0.0119246

9 44 0.0132631

10 44 0.0145492

11 44 0.0157779

12 44 0.0169443

13 44 0.0180439

14 44 0.0190722

15 44 0.0200253

16 44 0.0208993

17 44 0.0216909

18 44 0.0223968

19 44 0.0230144

20 44 0.0235411

21 44 0.0239749

22 44 0.0243141

23 44 0.0245574

24 44 0.0247037

25 44 0.0247526

26 44 0.0247037

27 44 0.0245574

28 44 0.0243141

29 44 0.0239749

30 44 0.0235411

31 44 0.0230144

32 44 0.0223968

33 44 0.0216909

34 44 0.0208993

35 44 0.0200253

36 44 0.0190722

37 44 0.0180439

38 44 0.0169443

39 44 0.0157779

40 44 0.0145492

41 44 0.0132631

42 44 0.0119246

43 44 0.0105391

44 44 0.00911203

45 44 0.00764897

46 44 0.00615572

47 44 0.00463817

48 44 0.00310232

49 44 0.00155423

50 44 0

0 45 0

1 45 0.00130467

2 45 0.0026042

3 45 0.00389345

4 45 0.00516733

5 45 0.00642082

6 45 0.00764897

7 45 0.00884693

8 45 0.01001

9 45 0.0111335

10 45 0.0122131

11 45 0.0132445

12 45 0.0142237

13 45 0.0151467

14 45 0.0160099

15 45 0.0168099

16 45 0.0175436

17 45 0.0182081

18 45 0.0188007

19 45 0.0193191

20 45 0.0197612

21 45 0.0201254

22 45 0.0204102

23 45 0.0206144

24 45 0.0207372

25 45 0.0207782

26 45 0.0207372

27 45 0.0206144

28 45 0.0204102

29 45 0.0201254

30 45 0.0197612

31 45 0.0193191

32 45 0.0188007

33 45 0.0182081

34 45 0.0175436

35 45 0.0168099

36 45 0.0160099

37 45 0.0151467

38 45 0.0142237

39 45 0.0132445

40 45 0.0122131

41 45 0.0111335

42 45 0.01001

43 45 0.00884693

44 45 0.00764897

45 45 0.00642082

46 45 0.00516733

47 45 0.00389345

48 45 0.0026042

49 45 0.00130467

50 45 0

0 46 0

1 46 0.00104997

2 46 0.0020958

3 46 0.00313336

4 46 0.00415855

5 46 0.00516733

6 46 0.00615572

7 46 0.00711981

8 46 0.0080558

9 46 0.00896001

10 46 0.00982885

11 46 0.0106589

12 46 0.0114469

13 46 0.0121897

14 46 0.0128844

15 46 0.0135282

16 46 0.0141187

17 46 0.0146535

18 46 0.0151304

19 46 0.0155476

20 46 0.0159034

21 46 0.0161965

22 46 0.0164256

23 46 0.01659

24 46 0.0166888

25 46 0.0167218

26 46 0.0166888

27 46 0.01659

28 46 0.0164256

29 46 0.0161965

30 46 0.0159034

31 46 0.0155476

32 46 0.0151304

33 46 0.0146535

34 46 0.0141187

35 46 0.0135282

36 46 0.0128844

37 46 0.0121897

38 46 0.0114469

39 46 0.0106589

40 46 0.00982885

41 46 0.00896001

42 46 0.0080558

43 46 0.00711981

44 46 0.00615572

45 46 0.00516733

46 46 0.00415855

47 46 0.00313336

48 46 0.0020958

49 46 0.00104997

50 46 0

0 47 0

1 47 0.000791127

2 47 0.00157913

3 47 0.0023609

4 47 0.00313336

5 47 0.00389345

6 47 0.00463817

7 47 0.00536459

8 47 0.00606984

9 47 0.00675113

10 47 0.00740578

11 47 0.0080312

12 47 0.00862492

13 47 0.00918461

14 47 0.00970805

15 47 0.0101932

16 47 0.0106381

17 47 0.011041

18 47 0.0114003

19 47 0.0117147

20 47 0.0119828

21 47 0.0122036

22 47 0.0123763

23 47 0.0125001

24 47 0.0125746

25 47 0.0125995

26 47 0.0125746

27 47 0.0125001

28 47 0.0123763

29 47 0.0122036

30 47 0.0119828

31 47 0.0117147

32 47 0.0114003

33 47 0.011041

34 47 0.0106381

35 47 0.0101932

36 47 0.00970805

37 47 0.00918461

38 47 0.00862492

39 47 0.0080312

40 47 0.00740578

41 47 0.00675113

42 47 0.00606984

43 47 0.00536459

44 47 0.00463817

45 47 0.00389345

46 47 0.00313336

47 47 0.0023609

48 47 0.00157913

49 47 0.000791127

50 47 0

0 48 0

1 48 0.000529159

2 48 0.00105623

3 48 0.00157913

4 48 0.0020958

5 48 0.0026042

6 48 0.00310232

7 48 0.0035882

8 48 0.00405992

9 48 0.00451561

10 48 0.00495348

11 48 0.00537181

12 48 0.00576893

13 48 0.00614329

14 48 0.0064934

15 48 0.00681788

16 48 0.00711546

17 48 0.00738496

18 48 0.00762531

19 48 0.00783557

20 48 0.0080149

21 48 0.00816261

22 48 0.0082781

23 48 0.00836092

24 48 0.00841074

25 48 0.00842737

26 48 0.00841074

27 48 0.00836092

28 48 0.0082781

29 48 0.00816261

30 48 0.0080149

31 48 0.00783557

32 48 0.00762531

33 48 0.00738496

34 48 0.00711546

35 48 0.00681788

36 48 0.0064934

37 48 0.00614329

38 48 0.00576893

39 48 0.00537181

40 48 0.00495348

