0 1 0

1 1 0.00292095

2 1 0.00583038

3 1 0.00871679

4 1 0.0115688

5 1 0.0143752

6 1 0.0171248

7 1 0.0198068

8 1 0.0224107

9 1 0.0249261

10 1 0.0273432

11 1 0.0296523

12 1 0.0318444

13 1 0.0339109

14 1 0.0358435

15 1 0.0376347

16 1 0.0392773

17 1 0.0407649

18 1 0.0420916

19 1 0.0432523

20 1 0.0442422

21 1 0.0450575

22 1 0.045695

23 1 0.0461522

24 1 0.0464272

25 1 0.046519

26 1 0.0464272

27 1 0.0461522

28 1 0.045695

29 1 0.0450575

30 1 0.0442422

31 1 0.0432523

32 1 0.0420916

33 1 0.0407649

34 1 0.0392773

35 1 0.0376347

36 1 0.0358435

37 1 0.0339109

38 1 0.0318444

39 1 0.0296523

40 1 0.0273432

41 1 0.0249261

42 1 0.0224107

43 1 0.0198068

44 1 0.0171248

45 1 0.0143752

46 1 0.0115688

47 1 0.00871679

48 1 0.00583038

49 1 0.00292095

50 1 0

0 2 0

1 2 0.00583038

2 2 0.0116377

3 2 0.0173992

4 2 0.0230919

5 2 0.0286936

6 2 0.034182

7 2 0.0395355

8 2 0.0447329

9 2 0.0497539

10 2 0.0545784

11 2 0.0591876

12 2 0.0635632

13 2 0.0676879

14 2 0.0715455

15 2 0.0751208

16 2 0.0783996

17 2 0.0813689

18 2 0.0840172

19 2 0.0863338

20 2 0.0883098

21 2 0.0899372

22 2 0.0912097

23 2 0.0921222

24 2 0.0926712

25 2 0.0928544

26 2 0.0926712

27 2 0.0921222

28 2 0.0912097

29 2 0.0899372

30 2 0.0883098

31 2 0.0863338

32 2 0.0840172

33 2 0.0813689

34 2 0.0783996

35 2 0.0751208

36 2 0.0715455

37 2 0.0676879

38 2 0.0635632

39 2 0.0591876

40 2 0.0545784

41 2 0.0497539

42 2 0.0447329

43 2 0.0395355

44 2 0.034182

45 2 0.0286936

46 2 0.0230919

47 2 0.0173992

48 2 0.0116377

49 2 0.00583038

50 2 0

0 3 0

1 3 0.00871679

2 3 0.0173992

3 3 0.0260129

4 3 0.034524

5 3 0.0428988

6 3 0.0511043

7 3 0.0591081

8 3 0.0668787

9 3 0.0743853

10 3 0.0815983

11 3 0.0884893

12 3 0.0950311

13 3 0.101198

14 3 0.106965

15 3 0.11231

16 3 0.117212

17 3 0.121652

18 3 0.125611

19 3 0.129075

20 3 0.132029

21 3 0.134462

22 3 0.136364

23 3 0.137729

24 3 0.138549

25 3 0.138823

26 3 0.138549

27 3 0.137729

28 3 0.136364

29 3 0.134462

30 3 0.132029

31 3 0.129075

32 3 0.125611

33 3 0.121652

34 3 0.117212

35 3 0.11231

36 3 0.106965

37 3 0.101198

38 3 0.0950311

39 3 0.0884893

40 3 0.0815983

41 3 0.0743853

42 3 0.0668787

43 3 0.0591081

44 3 0.0511043

45 3 0.0428988

46 3 0.034524

47 3 0.0260129

48 3 0.0173992

49 3 0.00871679

50 3 0

0 4 0

1 4 0.0115688

2 4 0.0230919

3 4 0.034524

4 4 0.0458197

5 4 0.0569347

6 4 0.0678249

7 4 0.0784475

8 4 0.0887604

9 4 0.0987231

10 4 0.108296

11 4 0.117442

12 4 0.126124

13 4 0.134308

14 4 0.141963

15 4 0.149057

16 4 0.155563

17 4 0.161455

18 4 0.166709

19 4 0.171306

20 4 0.175227

21 4 0.178456

22 4 0.180981

23 4 0.182792

24 4 0.183881

25 4 0.184244

26 4 0.183881

27 4 0.182792

28 4 0.180981

29 4 0.178456

30 4 0.175227

31 4 0.171306

32 4 0.166709

33 4 0.161455

34 4 0.155563

35 4 0.149057

36 4 0.141963

37 4 0.134308

38 4 0.126124

39 4 0.117442

40 4 0.108296

41 4 0.0987231

42 4 0.0887604

43 4 0.0784475

44 4 0.0678249

45 4 0.0569347

46 4 0.0458197

47 4 0.034524

48 4 0.0230919

49 4 0.0115688

50 4 0

0 5 0

1 5 0.0143752

2 5 0.0286936

3 5 0.0428988

4 5 0.0569347

5 5 0.0707458

6 5 0.0842778

7 5 0.0974772

8 5 0.110292

9 5 0.122671

10 5 0.134567

11 5 0.145931

12 5 0.156719

13 5 0.166889

14 5 0.1764

15 5 0.185215

16 5 0.193299

17 5 0.20062

18 5 0.20715

19 5 0.212861

20 5 0.217733

21 5 0.221746

22 5 0.224883

23 5 0.227133

24 5 0.228487

25 5 0.228938

26 5 0.228487

27 5 0.227133

28 5 0.224883

29 5 0.221746

30 5 0.217733

31 5 0.212861

32 5 0.20715

33 5 0.20062

34 5 0.193299

35 5 0.185215

36 5 0.1764

37 5 0.166889

38 5 0.156719

39 5 0.145931

40 5 0.134567

41 5 0.122671

42 5 0.110292

43 5 0.0974772

44 5 0.0842778

45 5 0.0707458

46 5 0.0569347

47 5 0.0428988

48 5 0.0286936

49 5 0.0143752

50 5 0

0 6 0

1 6 0.0171248

2 6 0.034182

3 6 0.0511043

4 6 0.0678249

5 6 0.0842778

6 6 0.100398

7 6 0.116122

8 6 0.131388

9 6 0.146135

10 6 0.160306

11 6 0.173844

12 6 0.186696

13 6 0.198811

14 6 0.210141

15 6 0.220642

16 6 0.230273

17 6 0.238994

18 6 0.246772

19 6 0.253577

20 6 0.25938

21 6 0.264161

22 6 0.267898

23 6 0.270578

24 6 0.272191

25 6 0.272729

26 6 0.272191

27 6 0.270578

28 6 0.267898

29 6 0.264161

30 6 0.25938

31 6 0.253577

32 6 0.246772

33 6 0.238994

34 6 0.230273

35 6 0.220642

36 6 0.210141

37 6 0.198811

38 6 0.186696

39 6 0.173844

40 6 0.160306

41 6 0.146135

42 6 0.131388

43 6 0.116122

44 6 0.100398

45 6 0.0842778

46 6 0.0678249

47 6 0.0511043

48 6 0.034182

49 6 0.0171248

50 6 0

0 7 0

1 7 0.0198068

2 7 0.0395355

3 7 0.0591081

4 7 0.0784475

5 7 0.0974772

6 7 0.116122

7 7 0.134309

8 7 0.151966

9 7 0.169023

10 7 0.185413

11 7 0.201071

12 7 0.215936

13 7 0.229948

14 7 0.243053

15 7 0.255199

16 7 0.266337

17 7 0.276425

18 7 0.285421

19 7 0.293291

20 7 0.300004

21 7 0.305533

22 7 0.309856

23 7 0.312956

24 7 0.31482

25 7 0.315443

26 7 0.31482

27 7 0.312956

28 7 0.309856

29 7 0.305533

30 7 0.300004

31 7 0.293291

32 7 0.285421

33 7 0.276425

34 7 0.266337

35 7 0.255199

36 7 0.243053

37 7 0.229948

38 7 0.215936

39 7 0.201071

40 7 0.185413

41 7 0.169023

42 7 0.151966

43 7 0.134309

44 7 0.116122

45 7 0.0974772

46 7 0.0784475

47 7 0.0591081

48 7 0.0395355

49 7 0.0198068

50 7 0

0 8 0

1 8 0.0224107

2 8 0.0447329

3 8 0.0668787

4 8 0.0887604

5 8 0.110292

6 8 0.131388

7 8 0.151966

8 8 0.171944

9 8 0.191243

10 8 0.209788

11 8 0.227504

12 8 0.244323

13 8 0.260178

14 8 0.275005

15 8 0.288748

16 8 0.301351

17 8 0.312764

18 8 0.322944

19 8 0.331848

20 8 0.339444

21 8 0.345699

22 8 0.35059

23 8 0.354098

24 8 0.356208

25 8 0.356912

26 8 0.356208

27 8 0.354098

28 8 0.35059

29 8 0.345699

30 8 0.339444

31 8 0.331848

32 8 0.322944

33 8 0.312764

34 8 0.301351

35 8 0.288748

36 8 0.275005

37 8 0.260178

38 8 0.244323

39 8 0.227504

40 8 0.209788

41 8 0.191243

42 8 0.171944

43 8 0.151966

44 8 0.131388

45 8 0.110292

46 8 0.0887604

47 8 0.0668787

48 8 0.0447329

49 8 0.0224107

50 8 0

0 9 0

1 9 0.0249261

2 9 0.0497539

3 9 0.0743853

4 9 0.0987231

5 9 0.122671

6 9 0.146135

7 9 0.169023

8 9 0.191243

9 9 0.212709

10 9 0.233335

11 9 0.25304

12 9 0.271746

13 9 0.289381

14 9 0.305873

15 9 0.321158

16 9 0.335175

17 9 0.34787

18 9 0.359192

19 9 0.369096

20 9 0.377543

21 9 0.384501

22 9 0.389941

23 9 0.393842

24 9 0.396189

25 9 0.396973

26 9 0.396189

27 9 0.393842

28 9 0.389941

29 9 0.384501

30 9 0.377543

31 9 0.369096

32 9 0.359192

33 9 0.34787

34 9 0.335175

35 9 0.321158

36 9 0.305873

37 9 0.289381

38 9 0.271746

39 9 0.25304

40 9 0.233335

41 9 0.212709

42 9 0.191243

43 9 0.169023

44 9 0.146135

45 9 0.122671

46 9 0.0987231

47 9 0.0743853

48 9 0.0497539

49 9 0.0249261

50 9 0

0 10 0

1 10 0.0273432

2 10 0.0545784

3 10 0.0815983

4 10 0.108296

5 10 0.134567

6 10 0.160306

7 10 0.185413

8 10 0.209788

9 10 0.233335

10 10 0.255961

11 10 0.277577

12 10 0.298097

13 10 0.317442

14 10 0.335533

15 10 0.3523

16 10 0.367677

17 10 0.381602

18 10 0.394022

19 10 0.404887

20 10 0.414153

21 10 0.421786

22 10 0.427753

23 10 0.432033

24 10 0.434607

25 10 0.435467

26 10 0.434607

27 10 0.432033

28 10 0.427753

29 10 0.421786

30 10 0.414153

31 10 0.404887

32 10 0.394022

33 10 0.381602

34 10 0.367677

35 10 0.3523

36 10 0.335533

37 10 0.317442

38 10 0.298097

39 10 0.277577

40 10 0.255961

41 10 0.233335

42 10 0.209788

43 10 0.185413

44 10 0.160306

45 10 0.134567

46 10 0.108296

47 10 0.0815983

48 10 0.0545784

49 10 0.0273432

50 10 0

0 11 0

1 11 0.0296523

2 11 0.0591876

3 11 0.0884893

4 11 0.117442

5 11 0.145931

6 11 0.173844

7 11 0.201071

8 11 0.227504

9 11 0.25304

10 11 0.277577

11 11 0.301018

12 11 0.323272

13 11 0.34425

14 11 0.363869

15 11 0.382052

16 11 0.398727

17 11 0.413829

18 11 0.427297

19 11 0.439079

20 11 0.449129

21 11 0.457406

22 11 0.463877

23 11 0.468518

24 11 0.47131

25 11 0.472242

26 11 0.47131

27 11 0.468518

28 11 0.463877

29 11 0.457406

30 11 0.449129

31 11 0.439079

32 11 0.427297

33 11 0.413829

34 11 0.398727

35 11 0.382052

36 11 0.363869

37 11 0.34425

38 11 0.323272

39 11 0.301018

40 11 0.277577

41 11 0.25304

42 11 0.227504

43 11 0.201071

44 11 0.173844

45 11 0.145931

46 11 0.117442

47 11 0.0884893

48 11 0.0591876

49 11 0.0296523

50 11 0

0 12 0

1 12 0.0318444

2 12 0.0635632

3 12 0.0950311

4 12 0.126124

5 12 0.156719

6 12 0.186696

7 12 0.215936

8 12 0.244323

9 12 0.271746

10 12 0.298097

11 12 0.323272

12 12 0.347171

13 12 0.369699

14 12 0.390769

15 12 0.410296

16 12 0.428204

17 12 0.444422

18 12 0.458886

19 12 0.47154

20 12 0.482332

21 12 0.49122

22 12 0.498171

23 12 0.503155

24 12 0.506153

25 12 0.507154

26 12 0.506153

27 12 0.503155

28 12 0.498171

29 12 0.49122

30 12 0.482332

31 12 0.47154

32 12 0.458886

33 12 0.444422

34 12 0.428204

35 12 0.410296

36 12 0.390769

37 12 0.369699

38 12 0.347171

39 12 0.323272

40 12 0.298097

41 12 0.271746

42 12 0.244323

43 12 0.215936

44 12 0.186696

45 12 0.156719

46 12 0.126124

47 12 0.0950311

48 12 0.0635632

49 12 0.0318444

50 12 0

0 13 0

1 13 0.0339109

2 13 0.0676879

3 13 0.101198

4 13 0.134308

5 13 0.166889

6 13 0.198811

7 13 0.229948

8 13 0.260178

9 13 0.289381

10 13 0.317442

11 13 0.34425

12 13 0.369699

13 13 0.39369

14 13 0.416126

15 13 0.436921

16 13 0.455991

17 13 0.473261

18 13 0.488664

19 13 0.502139

20 13 0.513631

21 13 0.523097

22 13 0.530498

23 13 0.535805

24 13 0.538998

25 13 0.540064

26 13 0.538998

27 13 0.535805

28 13 0.530498

29 13 0.523097

30 13 0.513631

31 13 0.502139

32 13 0.488664

33 13 0.473261

34 13 0.455991

35 13 0.436921

36 13 0.416126

37 13 0.39369

38 13 0.369699

39 13 0.34425

40 13 0.317442

41 13 0.289381

42 13 0.260178

43 13 0.229948

44 13 0.198811

45 13 0.166889

46 13 0.134308

47 13 0.101198

48 13 0.0676879

49 13 0.0339109

50 13 0

0 14 0

1 14 0.0358435

2 14 0.0715455

3 14 0.106965

4 14 0.141963

5 14 0.1764

6 14 0.210141

7 14 0.243053

8 14 0.275005

9 14 0.305873

10 14 0.335533

11 14 0.363869

12 14 0.390769

13 14 0.416126

14 14 0.439842

15 14 0.461821

16 14 0.481978

17 14 0.500233

18 14 0.516514

19 14 0.530756

20 14 0.542903

21 14 0.552908

22 14 0.560731

23 14 0.566341

24 14 0.569716

25 14 0.570842

26 14 0.569716

27 14 0.566341

28 14 0.560731

29 14 0.552908

30 14 0.542903

31 14 0.530756

32 14 0.516514

33 14 0.500233

34 14 0.481978

35 14 0.461821

36 14 0.439842

37 14 0.416126

38 14 0.390769

39 14 0.363869

40 14 0.335533

41 14 0.305873

42 14 0.275005

43 14 0.243053

44 14 0.210141

45 14 0.1764

46 14 0.141963

47 14 0.106965

48 14 0.0715455

49 14 0.0358435

50 14 0

0 15 0

1 15 0.0376347

2 15 0.0751208

3 15 0.11231

4 15 0.149057

5 15 0.185215

6 15 0.220642

7 15 0.255199

8 15 0.288748

9 15 0.321158

10 15 0.3523

11 15 0.382052

12 15 0.410296

13 15 0.436921

14 15 0.461821

15 15 0.484899

16 15 0.506063

17 15 0.525231

18 15 0.542325

19 15 0.557279

20 15 0.570033

21 15 0.580538

22 15 0.588752

23 15 0.594642

24 15 0.598186

25 15 0.599368

26 15 0.598186

27 15 0.594642

28 15 0.588752

29 15 0.580538

30 15 0.570033

31 15 0.557279

32 15 0.542325

33 15 0.525231

34 15 0.506063

35 15 0.484899

36 15 0.461821

37 15 0.436921

38 15 0.410296

39 15 0.382052

40 15 0.3523

41 15 0.321158

42 15 0.288748

43 15 0.255199

44 15 0.220642

45 15 0.185215

46 15 0.149057

47 15 0.11231

48 15 0.0751208

49 15 0.0376347

50 15 0

0 16 0

1 16 0.0392773

2 16 0.0783996

3 16 0.117212

4 16 0.155563

5 16 0.193299

6 16 0.230273

7 16 0.266337

8 16 0.301351

9 16 0.335175

10 16 0.367677

11 16 0.398727

12 16 0.428204

13 16 0.455991

14 16 0.481978

15 16 0.506063

16 16 0.528151

17 16 0.548155

18 16 0.565995

19 16 0.581602

20 16 0.594913

21 16 0.605877

22 16 0.614449

23 16 0.620596

24 16 0.624295

25 16 0.625529

26 16 0.624295

27 16 0.620596

28 16 0.614449

29 16 0.605877

30 16 0.594913

31 16 0.581602

32 16 0.565995

33 16 0.548155

34 16 0.528151

35 16 0.506063

36 16 0.481978

37 16 0.455991

38 16 0.428204

39 16 0.398727

40 16 0.367677

41 16 0.335175

42 16 0.301351

43 16 0.266337

44 16 0.230273

45 16 0.193299

46 16 0.155563

47 16 0.117212

48 16 0.0783996

49 16 0.0392773

50 16 0

0 17 0

1 17 0.0407649

2 17 0.0813689

3 17 0.121652

4 17 0.161455

5 17 0.20062

6 17 0.238994

7 17 0.276425

8 17 0.312764

9 17 0.34787

10 17 0.381602

11 17 0.413829

12 17 0.444422

13 17 0.473261

14 17 0.500233

15 17 0.525231

16 17 0.548155

17 17 0.568916

18 17 0.587432

19 17 0.60363

20 17 0.617446

21 17 0.628824

22 17 0.637721

23 17 0.644101

24 17 0.64794

25 17 0.649221

26 17 0.64794

27 17 0.644101

28 17 0.637721

29 17 0.628824

30 17 0.617446

31 17 0.60363

32 17 0.587432

33 17 0.568916

34 17 0.548155

35 17 0.525231

36 17 0.500233

37 17 0.473261

38 17 0.444422

39 17 0.413829

40 17 0.381602

41 17 0.34787

42 17 0.312764

43 17 0.276425

44 17 0.238994

45 17 0.20062

46 17 0.161455

47 17 0.121652

48 17 0.0813689

49 17 0.0407649

50 17 0

0 18 0

1 18 0.0420916

2 18 0.0840172

3 18 0.125611

4 18 0.166709

5 18 0.20715

6 18 0.246772

7 18 0.285421

8 18 0.322944

9 18 0.359192

10 18 0.394022

11 18 0.427297

12 18 0.458886

13 18 0.488664

14 18 0.516514

15 18 0.542325

16 18 0.565995

17 18 0.587432

18 18 0.606551

19 18 0.623276

20 18 0.637541

21 18 0.64929

22 18 0.658476

23 18 0.665064

24 18 0.669027

25 18 0.67035

26 18 0.669027

27 18 0.665064

28 18 0.658476

29 18 0.64929

30 18 0.637541

31 18 0.623276

32 18 0.606551

33 18 0.587432

34 18 0.565995

35 18 0.542325

36 18 0.516514

37 18 0.488664

38 18 0.458886

39 18 0.427297

40 18 0.394022

41 18 0.359192

42 18 0.322944

43 18 0.285421

44 18 0.246772

45 18 0.20715

46 18 0.166709

47 18 0.125611

48 18 0.0840172

49 18 0.0420916

50 18 0

0 19 0

1 19 0.0432523

2 19 0.0863338

3 19 0.129075

4 19 0.171306

5 19 0.212861

6 19 0.253577

7 19 0.293291

8 19 0.331848

9 19 0.369096

10 19 0.404887

11 19 0.439079

12 19 0.47154

13 19 0.502139

14 19 0.530756

15 19 0.557279

16 19 0.581602

17 19 0.60363

18 19 0.623276

19 19 0.640462

20 19 0.65512

21 19 0.667193

22 19 0.676633

23 19 0.683403

24 19 0.687475

25 19 0.688834

26 19 0.687475

27 19 0.683403

28 19 0.676633

29 19 0.667193

30 19 0.65512

31 19 0.640462

32 19 0.623276

33 19 0.60363

34 19 0.581602

35 19 0.557279

36 19 0.530756

37 19 0.502139

38 19 0.47154

39 19 0.439079

40 19 0.404887

41 19 0.369096

42 19 0.331848

43 19 0.293291

44 19 0.253577

45 19 0.212861

46 19 0.171306

47 19 0.129075

48 19 0.0863338

49 19 0.0432523

50 19 0

0 20 0

1 20 0.0442422

2 20 0.0883098

3 20 0.132029

4 20 0.175227

5 20 0.217733

6 20 0.25938

7 20 0.300004

8 20 0.339444

9 20 0.377543

10 20 0.414153

11 20 0.449129

12 20 0.482332

13 20 0.513631

14 20 0.542903

15 20 0.570033

16 20 0.594913

17 20 0.617446

18 20 0.637541

19 20 0.65512

20 20 0.670114

21 20 0.682464

22 20 0.692119

23 20 0.699044

24 20 0.703209

25 20 0.7046

26 20 0.703209

27 20 0.699044

28 20 0.692119

29 20 0.682464

30 20 0.670114

31 20 0.65512

32 20 0.637541

33 20 0.617446

34 20 0.594913

35 20 0.570033

36 20 0.542903

37 20 0.513631

38 20 0.482332

39 20 0.449129

40 20 0.414153

41 20 0.377543

42 20 0.339444

43 20 0.300004

44 20 0.25938

45 20 0.217733

46 20 0.175227

47 20 0.132029

48 20 0.0883098

49 20 0.0442422

50 20 0

0 21 0

1 21 0.0450575

2 21 0.0899372

3 21 0.134462

4 21 0.178456

5 21 0.221746

6 21 0.264161

7 21 0.305533

8 21 0.345699

9 21 0.384501

10 21 0.421786

11 21 0.457406

12 21 0.49122

13 21 0.523097

14 21 0.552908

15 21 0.580538

16 21 0.605877

17 21 0.628824

18 21 0.64929

19 21 0.667193

20 21 0.682464

21 21 0.69504

22 21 0.704874

23 21 0.711926

24 21 0.716169

25 21 0.717585

26 21 0.716169

27 21 0.711926

28 21 0.704874

29 21 0.69504

30 21 0.682464

31 21 0.667193

32 21 0.64929

33 21 0.628824

34 21 0.605877

35 21 0.580538

36 21 0.552908

37 21 0.523097

38 21 0.49122

39 21 0.457406

40 21 0.421786

41 21 0.384501

42 21 0.345699

43 21 0.305533

44 21 0.264161

45 21 0.221746

46 21 0.178456

47 21 0.134462

48 21 0.0899372

49 21 0.0450575

50 21 0

0 22 0

1 22 0.045695

2 22 0.0912097

3 22 0.136364

4 22 0.180981

5 22 0.224883

6 22 0.267898

7 22 0.309856

8 22 0.35059

9 22 0.389941

10 22 0.427753

11 22 0.463877

12 22 0.498171

13 22 0.530498

14 22 0.560731

15 22 0.588752

16 22 0.614449

17 22 0.637721

18 22 0.658476

19 22 0.676633

20 22 0.692119

21 22 0.704874

22 22 0.714847

23 22 0.721999

24 22 0.726301

25 22 0.727737

26 22 0.726301

27 22 0.721999

28 22 0.714847

29 22 0.704874

30 22 0.692119

31 22 0.676633

32 22 0.658476

33 22 0.637721

34 22 0.614449

35 22 0.588752

36 22 0.560731

37 22 0.530498

38 22 0.498171

39 22 0.463877

40 22 0.427753

41 22 0.389941

42 22 0.35059

43 22 0.309856

44 22 0.267898

45 22 0.224883

46 22 0.180981

47 22 0.136364

48 22 0.0912097

49 22 0.045695

50 22 0

0 23 0

1 23 0.0461522

2 23 0.0921222

3 23 0.137729

4 23 0.182792

5 23 0.227133

6 23 0.270578

7 23 0.312956

8 23 0.354098

9 23 0.393842

10 23 0.432033

11 23 0.468518

12 23 0.503155

13 23 0.535805

14 23 0.566341

15 23 0.594642

16 23 0.620596

17 23 0.644101

18 23 0.665064

19 23 0.683403

20 23 0.699044

21 23 0.711926

22 23 0.721999

23 23 0.729222

24 23 0.733568

25 23 0.735018

26 23 0.733568

27 23 0.729222

28 23 0.721999

29 23 0.711926

30 23 0.699044

31 23 0.683403

32 23 0.665064

33 23 0.644101

34 23 0.620596

35 23 0.594642

36 23 0.566341

37 23 0.535805

38 23 0.503155

39 23 0.468518

40 23 0.432033

41 23 0.393842

42 23 0.354098

43 23 0.312956

44 23 0.270578

45 23 0.227133

46 23 0.182792

47 23 0.137729

48 23 0.0921222

49 23 0.0461522

50 23 0

0 24 0

1 24 0.0464272

2 24 0.0926712

3 24 0.138549

4 24 0.183881

5 24 0.228487

6 24 0.272191

7 24 0.31482

8 24 0.356208

9 24 0.396189

10 24 0.434607

11 24 0.47131

12 24 0.506153

13 24 0.538998

14 24 0.569716

15 24 0.598186

16 24 0.624295

17 24 0.64794

18 24 0.669027

19 24 0.687475

20 24 0.703209

21 24 0.716169

22 24 0.726301

23 24 0.733568

24 24 0.737939

25 24 0.739398

26 24 0.737939

27 24 0.733568

28 24 0.726301

29 24 0.716169

30 24 0.703209

31 24 0.687475

32 24 0.669027

33 24 0.64794

34 24 0.624295

35 24 0.598186

36 24 0.569716

37 24 0.538998

38 24 0.506153

39 24 0.47131

40 24 0.434607

41 24 0.396189

42 24 0.356208

43 24 0.31482

44 24 0.272191

45 24 0.228487

46 24 0.183881

47 24 0.138549

48 24 0.0926712

49 24 0.0464272

50 24 0

0 25 0

1 25 0.046519

2 25 0.0928544

3 25 0.138823

4 25 0.184244

5 25 0.228938

6 25 0.272729

7 25 0.315443

8 25 0.356912

9 25 0.396973

10 25 0.435467

11 25 0.472242

12 25 0.507154

13 25 0.540064

14 25 0.570842

15 25 0.599368

16 25 0.625529

17 25 0.649221

18 25 0.67035

19 25 0.688834

20 25 0.7046

21 25 0.717585

22 25 0.727737

23 25 0.735018

24 25 0.739398

25 25 0.74086

26 25 0.739398

27 25 0.735018

28 25 0.727737

29 25 0.717585

30 25 0.7046

31 25 0.688834

32 25 0.67035

33 25 0.649221

34 25 0.625529

35 25 0.599368

36 25 0.570842

37 25 0.540064

38 25 0.507154

39 25 0.472242

40 25 0.435467

41 25 0.396973

42 25 0.356912

43 25 0.315443

44 25 0.272729

45 25 0.228938

46 25 0.184244

47 25 0.138823

48 25 0.0928544

49 25 0.046519

50 25 0

0 26 0

1 26 0.0464272

2 26 0.0926712

3 26 0.138549

4 26 0.183881

5 26 0.228487

6 26 0.272191

7 26 0.31482

8 26 0.356208

9 26 0.396189

10 26 0.434607

11 26 0.47131

12 26 0.506153

13 26 0.538998

14 26 0.569716

15 26 0.598186

16 26 0.624295

17 26 0.64794

18 26 0.669027

19 26 0.687475

20 26 0.703209

21 26 0.716169

22 26 0.726301

23 26 0.733568

24 26 0.737939

25 26 0.739398

26 26 0.737939

27 26 0.733568

28 26 0.726301

29 26 0.716169

30 26 0.703209

31 26 0.687475

32 26 0.669027

33 26 0.64794

34 26 0.624295

35 26 0.598186

36 26 0.569716

37 26 0.538998

38 26 0.506153

39 26 0.47131

40 26 0.434607

41 26 0.396189

42 26 0.356208

43 26 0.31482

44 26 0.272191

45 26 0.228487

46 26 0.183881

47 26 0.138549

48 26 0.0926712

49 26 0.0464272

50 26 0

0 27 0

1 27 0.0461522

2 27 0.0921222

3 27 0.137729

4 27 0.182792

5 27 0.227133

6 27 0.270578

7 27 0.312956

8 27 0.354098

9 27 0.393842

10 27 0.432033

11 27 0.468518

12 27 0.503155

13 27 0.535805

14 27 0.566341

15 27 0.594642

16 27 0.620596

17 27 0.644101

18 27 0.665064

19 27 0.683403

20 27 0.699044

21 27 0.711926

22 27 0.721999

23 27 0.729222

24 27 0.733568

25 27 0.735018

26 27 0.733568

27 27 0.729222

28 27 0.721999

29 27 0.711926

30 27 0.699044

31 27 0.683403

32 27 0.665064

33 27 0.644101

34 27 0.620596

35 27 0.594642

36 27 0.566341

37 27 0.535805

38 27 0.503155

39 27 0.468518

40 27 0.432033

41 27 0.393842

42 27 0.354098

43 27 0.312956

44 27 0.270578

45 27 0.227133

46 27 0.182792

47 27 0.137729

48 27 0.0921222

49 27 0.0461522

50 27 0

0 28 0

1 28 0.045695

2 28 0.0912097

3 28 0.136364

4 28 0.180981

5 28 0.224883

6 28 0.267898

7 28 0.309856

8 28 0.35059

9 28 0.389941

10 28 0.427753

11 28 0.463877

12 28 0.498171

13 28 0.530498

14 28 0.560731

15 28 0.588752

16 28 0.614449

17 28 0.637721

18 28 0.658476

19 28 0.676633

20 28 0.692119

21 28 0.704874

22 28 0.714847

23 28 0.721999

24 28 0.726301

25 28 0.727737

26 28 0.726301

27 28 0.721999

28 28 0.714847

29 28 0.704874

30 28 0.692119

31 28 0.676633

32 28 0.658476

33 28 0.637721

34 28 0.614449

35 28 0.588752

36 28 0.560731

37 28 0.530498

38 28 0.498171

39 28 0.463877

40 28 0.427753

41 28 0.389941

42 28 0.35059

43 28 0.309856

44 28 0.267898

45 28 0.224883

46 28 0.180981

47 28 0.136364

48 28 0.0912097

49 28 0.045695

50 28 0

0 29 0

1 29 0.0450575

2 29 0.0899372

3 29 0.134462

4 29 0.178456

5 29 0.221746

6 29 0.264161

7 29 0.305533

8 29 0.345699

9 29 0.384501

10 29 0.421786

11 29 0.457406

12 29 0.49122

13 29 0.523097

14 29 0.552908

15 29 0.580538

16 29 0.605877

17 29 0.628824

18 29 0.64929

19 29 0.667193

20 29 0.682464

21 29 0.69504

22 29 0.704874

23 29 0.711926

24 29 0.716169

25 29 0.717585

26 29 0.716169

27 29 0.711926

28 29 0.704874

29 29 0.69504

30 29 0.682464

31 29 0.667193

32 29 0.64929

33 29 0.628824

34 29 0.605877

35 29 0.580538

36 29 0.552908

37 29 0.523097

38 29 0.49122

39 29 0.457406

40 29 0.421786

41 29 0.384501

42 29 0.345699

43 29 0.305533

44 29 0.264161

45 29 0.221746

46 29 0.178456

47 29 0.134462

48 29 0.0899372

49 29 0.0450575

50 29 0

0 30 0

1 30 0.0442422

2 30 0.0883098

3 30 0.132029

4 30 0.175227

5 30 0.217733

6 30 0.25938

7 30 0.300004

8 30 0.339444

9 30 0.377543

10 30 0.414153

11 30 0.449129

12 30 0.482332

13 30 0.513631

14 30 0.542903

15 30 0.570033

16 30 0.594913

17 30 0.617446

18 30 0.637541

19 30 0.65512

20 30 0.670114

21 30 0.682464

22 30 0.692119

23 30 0.699044

24 30 0.703209

25 30 0.7046

26 30 0.703209

27 30 0.699044

28 30 0.692119

29 30 0.682464

30 30 0.670114

31 30 0.65512

32 30 0.637541

33 30 0.617446

34 30 0.594913

35 30 0.570033

36 30 0.542903

37 30 0.513631

38 30 0.482332

39 30 0.449129

40 30 0.414153

41 30 0.377543

42 30 0.339444

43 30 0.300004

44 30 0.25938

45 30 0.217733

46 30 0.175227

47 30 0.132029

48 30 0.0883098

49 30 0.0442422

50 30 0

0 31 0

1 31 0.0432523

2 31 0.0863338

3 31 0.129075

4 31 0.171306

5 31 0.212861

6 31 0.253577

7 31 0.293291

8 31 0.331848

9 31 0.369096

10 31 0.404887

11 31 0.439079

12 31 0.47154

13 31 0.502139

14 31 0.530756

15 31 0.557279

16 31 0.581602

17 31 0.60363

18 31 0.623276

19 31 0.640462

20 31 0.65512

21 31 0.667193

22 31 0.676633

23 31 0.683403

24 31 0.687475

25 31 0.688834

26 31 0.687475

27 31 0.683403

28 31 0.676633

29 31 0.667193

30 31 0.65512

31 31 0.640462

32 31 0.623276

33 31 0.60363

34 31 0.581602

35 31 0.557279

36 31 0.530756

37 31 0.502139

38 31 0.47154

39 31 0.439079

40 31 0.404887

41 31 0.369096

42 31 0.331848

43 31 0.293291

44 31 0.253577

45 31 0.212861

46 31 0.171306

47 31 0.129075

48 31 0.0863338

49 31 0.0432523

50 31 0

0 32 0

1 32 0.0420916

2 32 0.0840172

3 32 0.125611

4 32 0.166709

5 32 0.20715

6 32 0.246772

7 32 0.285421

8 32 0.322944

9 32 0.359192

10 32 0.394022

11 32 0.427297

12 32 0.458886

13 32 0.488664

14 32 0.516514

15 32 0.542325

16 32 0.565995

17 32 0.587432

18 32 0.606551

19 32 0.623276

20 32 0.637541

21 32 0.64929

22 32 0.658476

23 32 0.665064

24 32 0.669027

25 32 0.67035

26 32 0.669027

27 32 0.665064

28 32 0.658476

29 32 0.64929

30 32 0.637541

31 32 0.623276

32 32 0.606551

33 32 0.587432

34 32 0.565995

35 32 0.542325

36 32 0.516514

37 32 0.488664

38 32 0.458886

39 32 0.427297

40 32 0.394022

41 32 0.359192

42 32 0.322944

43 32 0.285421

44 32 0.246772

45 32 0.20715

46 32 0.166709

47 32 0.125611

48 32 0.0840172

49 32 0.0420916

50 32 0

0 33 0

1 33 0.0407649

2 33 0.0813689

3 33 0.121652

4 33 0.161455

5 33 0.20062

6 33 0.238994

7 33 0.276425

8 33 0.312764

9 33 0.34787

10 33 0.381602

11 33 0.413829

12 33 0.444422

13 33 0.473261

14 33 0.500233

15 33 0.525231

16 33 0.548155

17 33 0.568916

18 33 0.587432

19 33 0.60363

20 33 0.617446

21 33 0.628824

22 33 0.637721

23 33 0.644101

24 33 0.64794

25 33 0.649221

26 33 0.64794

27 33 0.644101

28 33 0.637721

29 33 0.628824

30 33 0.617446

31 33 0.60363

32 33 0.587432

33 33 0.568916

34 33 0.548155

35 33 0.525231

36 33 0.500233

37 33 0.473261

38 33 0.444422

39 33 0.413829

40 33 0.381602

41 33 0.34787

42 33 0.312764

43 33 0.276425

44 33 0.238994

45 33 0.20062

46 33 0.161455

47 33 0.121652

48 33 0.0813689

49 33 0.0407649

50 33 0

0 34 0

1 34 0.0392773

2 34 0.0783996

3 34 0.117212

4 34 0.155563

5 34 0.193299

6 34 0.230273

7 34 0.266337

8 34 0.301351

9 34 0.335175

10 34 0.367677

11 34 0.398727

12 34 0.428204

13 34 0.455991

14 34 0.481978

15 34 0.506063

16 34 0.528151

17 34 0.548155

18 34 0.565995

19 34 0.581602

20 34 0.594913

21 34 0.605877

22 34 0.614449

23 34 0.620596

24 34 0.624295

25 34 0.625529

26 34 0.624295

27 34 0.620596

28 34 0.614449

29 34 0.605877

30 34 0.594913

31 34 0.581602

32 34 0.565995

33 34 0.548155

34 34 0.528151

35 34 0.506063

36 34 0.481978

37 34 0.455991

38 34 0.428204

39 34 0.398727

40 34 0.367677

41 34 0.335175

42 34 0.301351

43 34 0.266337

44 34 0.230273

45 34 0.193299

46 34 0.155563

47 34 0.117212

48 34 0.0783996

49 34 0.0392773

50 34 0

0 35 0

1 35 0.0376347

2 35 0.0751208

3 35 0.11231

4 35 0.149057

5 35 0.185215

6 35 0.220642

7 35 0.255199

8 35 0.288748

9 35 0.321158

10 35 0.3523

11 35 0.382052

12 35 0.410296

13 35 0.436921

14 35 0.461821

15 35 0.484899

16 35 0.506063

17 35 0.525231

18 35 0.542325

19 35 0.557279

20 35 0.570033

21 35 0.580538

22 35 0.588752

23 35 0.594642

24 35 0.598186

25 35 0.599368

26 35 0.598186

27 35 0.594642

28 35 0.588752

29 35 0.580538

30 35 0.570033

31 35 0.557279

32 35 0.542325

33 35 0.525231

34 35 0.506063

35 35 0.484899

36 35 0.461821

37 35 0.436921

38 35 0.410296

39 35 0.382052

40 35 0.3523

41 35 0.321158

42 35 0.288748

43 35 0.255199

44 35 0.220642

45 35 0.185215

46 35 0.149057

47 35 0.11231

48 35 0.0751208

49 35 0.0376347

50 35 0

0 36 0

1 36 0.0358435

2 36 0.0715455

3 36 0.106965

4 36 0.141963

5 36 0.1764

6 36 0.210141

7 36 0.243053

8 36 0.275005

9 36 0.305873

10 36 0.335533

11 36 0.363869

12 36 0.390769

13 36 0.416126

14 36 0.439842

15 36 0.461821

16 36 0.481978

17 36 0.500233

18 36 0.516514

19 36 0.530756

20 36 0.542903

21 36 0.552908

22 36 0.560731

23 36 0.566341

24 36 0.569716

25 36 0.570842

26 36 0.569716

27 36 0.566341

28 36 0.560731

29 36 0.552908

30 36 0.542903

31 36 0.530756

32 36 0.516514

33 36 0.500233

34 36 0.481978

35 36 0.461821

36 36 0.439842

37 36 0.416126

38 36 0.390769

39 36 0.363869

40 36 0.335533

41 36 0.305873

42 36 0.275005

43 36 0.243053

44 36 0.210141

45 36 0.1764

46 36 0.141963

47 36 0.106965

48 36 0.0715455

49 36 0.0358435

50 36 0

0 37 0

1 37 0.0339109

2 37 0.0676879

3 37 0.101198

4 37 0.134308

5 37 0.166889

6 37 0.198811

7 37 0.229948

8 37 0.260178

9 37 0.289381

10 37 0.317442

11 37 0.34425

12 37 0.369699

13 37 0.39369

14 37 0.416126

15 37 0.436921

16 37 0.455991

17 37 0.473261

18 37 0.488664

19 37 0.502139

20 37 0.513631

21 37 0.523097

22 37 0.530498

23 37 0.535805

24 37 0.538998

25 37 0.540064

26 37 0.538998

27 37 0.535805

28 37 0.530498

29 37 0.523097

30 37 0.513631

31 37 0.502139

32 37 0.488664

33 37 0.473261

34 37 0.455991

35 37 0.436921

36 37 0.416126

37 37 0.39369

38 37 0.369699

39 37 0.34425

40 37 0.317442

41 37 0.289381

42 37 0.260178

43 37 0.229948

44 37 0.198811

45 37 0.166889

46 37 0.134308

47 37 0.101198

48 37 0.0676879

49 37 0.0339109

50 37 0

0 38 0

1 38 0.0318444

2 38 0.0635632

3 38 0.0950311

4 38 0.126124

5 38 0.156719

6 38 0.186696

7 38 0.215936

8 38 0.244323

9 38 0.271746

10 38 0.298097

11 38 0.323272

12 38 0.347171

13 38 0.369699

14 38 0.390769

15 38 0.410296

16 38 0.428204

17 38 0.444422

18 38 0.458886

19 38 0.47154

20 38 0.482332

21 38 0.49122

22 38 0.498171

23 38 0.503155

24 38 0.506153

25 38 0.507154

26 38 0.506153

27 38 0.503155

28 38 0.498171

29 38 0.49122

30 38 0.482332

31 38 0.47154

32 38 0.458886

33 38 0.444422

34 38 0.428204

35 38 0.410296

36 38 0.390769

37 38 0.369699

38 38 0.347171

39 38 0.323272

40 38 0.298097

41 38 0.271746

42 38 0.244323

43 38 0.215936

44 38 0.186696

45 38 0.156719

46 38 0.126124

47 38 0.0950311

48 38 0.0635632

49 38 0.0318444

50 38 0

0 39 0

1 39 0.0296523

2 39 0.0591876

3 39 0.0884893

4 39 0.117442

5 39 0.145931

6 39 0.173844

7 39 0.201071

8 39 0.227504

9 39 0.25304

10 39 0.277577

11 39 0.301018

12 39 0.323272

13 39 0.34425

14 39 0.363869

15 39 0.382052

16 39 0.398727

17 39 0.413829

18 39 0.427297

19 39 0.439079

20 39 0.449129

21 39 0.457406

22 39 0.463877

23 39 0.468518

24 39 0.47131

25 39 0.472242

26 39 0.47131

27 39 0.468518

28 39 0.463877

29 39 0.457406

30 39 0.449129

31 39 0.439079

32 39 0.427297

33 39 0.413829

34 39 0.398727

35 39 0.382052

36 39 0.363869

37 39 0.34425

38 39 0.323272

39 39 0.301018

40 39 0.277577

41 39 0.25304

42 39 0.227504

43 39 0.201071

44 39 0.173844

45 39 0.145931

46 39 0.117442

47 39 0.0884893

48 39 0.0591876

49 39 0.0296523

50 39 0

0 40 0

1 40 0.0273432

2 40 0.0545784

3 40 0.0815983

4 40 0.108296

5 40 0.134567

6 40 0.160306

7 40 0.185413

8 40 0.209788

9 40 0.233335

10 40 0.255961

11 40 0.277577

12 40 0.298097

13 40 0.317442

14 40 0.335533

15 40 0.3523

16 40 0.367677

17 40 0.381602

18 40 0.394022

19 40 0.404887

20 40 0.414153

21 40 0.421786

22 40 0.427753

23 40 0.432033

24 40 0.434607

25 40 0.435467

26 40 0.434607

27 40 0.432033

28 40 0.427753

29 40 0.421786

30 40 0.414153

31 40 0.404887

32 40 0.394022

33 40 0.381602

34 40 0.367677

35 40 0.3523

36 40 0.335533

37 40 0.317442

38 40 0.298097

39 40 0.277577

40 40 0.255961

41 40 0.233335

42 40 0.209788

43 40 0.185413

44 40 0.160306

45 40 0.134567

46 40 0.108296

47 40 0.0815983

48 40 0.0545784

49 40 0.0273432

50 40 0

0 41 0

1 41 0.0249261

2 41 0.0497539

3 41 0.0743853

4 41 0.0987231

5 41 0.122671

6 41 0.146135

7 41 0.169023

8 41 0.191243

9 41 0.212709

10 41 0.233335

11 41 0.25304

12 41 0.271746

13 41 0.289381

14 41 0.305873

15 41 0.321158

16 41 0.335175

17 41 0.34787

18 41 0.359192

19 41 0.369096

20 41 0.377543

21 41 0.384501

22 41 0.389941

23 41 0.393842

24 41 0.396189

25 41 0.396973

26 41 0.396189

27 41 0.393842

28 41 0.389941

29 41 0.384501

30 41 0.377543

31 41 0.369096

32 41 0.359192

33 41 0.34787

34 41 0.335175

35 41 0.321158

36 41 0.305873

37 41 0.289381

38 41 0.271746

39 41 0.25304

40 41 0.233335

41 41 0.212709

42 41 0.191243

43 41 0.169023

44 41 0.146135

45 41 0.122671

46 41 0.0987231

47 41 0.0743853

48 41 0.0497539

49 41 0.0249261

50 41 0

0 42 0

1 42 0.0224107

2 42 0.0447329

3 42 0.0668787

4 42 0.0887604

5 42 0.110292

6 42 0.131388

7 42 0.151966

8 42 0.171944

9 42 0.191243

10 42 0.209788

11 42 0.227504

12 42 0.244323

13 42 0.260178

14 42 0.275005

15 42 0.288748

16 42 0.301351

17 42 0.312764

18 42 0.322944

19 42 0.331848

20 42 0.339444

21 42 0.345699

22 42 0.35059

23 42 0.354098

24 42 0.356208

25 42 0.356912

26 42 0.356208

27 42 0.354098

28 42 0.35059

29 42 0.345699

30 42 0.339444

31 42 0.331848

32 42 0.322944

33 42 0.312764

34 42 0.301351

35 42 0.288748

36 42 0.275005

37 42 0.260178

38 42 0.244323

39 42 0.227504

40 42 0.209788

41 42 0.191243

42 42 0.171944

43 42 0.151966

44 42 0.131388

45 42 0.110292

46 42 0.0887604

47 42 0.0668787

48 42 0.0447329

49 42 0.0224107

50 42 0

0 43 0

1 43 0.0198068

2 43 0.0395355

3 43 0.0591081

4 43 0.0784475

5 43 0.0974772

6 43 0.116122

7 43 0.134309

8 43 0.151966

9 43 0.169023

10 43 0.185413

11 43 0.201071

12 43 0.215936

13 43 0.229948

14 43 0.243053

15 43 0.255199

16 43 0.266337

17 43 0.276425

18 43 0.285421

19 43 0.293291

20 43 0.300004

21 43 0.305533

22 43 0.309856

23 43 0.312956

24 43 0.31482

25 43 0.315443

26 43 0.31482

27 43 0.312956

28 43 0.309856

29 43 0.305533

30 43 0.300004

31 43 0.293291

32 43 0.285421

33 43 0.276425

34 43 0.266337

35 43 0.255199

36 43 0.243053

37 43 0.229948

38 43 0.215936

39 43 0.201071

40 43 0.185413

41 43 0.169023

42 43 0.151966

43 43 0.134309

44 43 0.116122

45 43 0.0974772

46 43 0.0784475

47 43 0.0591081

48 43 0.0395355

49 43 0.0198068

50 43 0

0 44 0

1 44 0.0171248

2 44 0.034182

3 44 0.0511043

4 44 0.0678249

5 44 0.0842778

6 44 0.100398

7 44 0.116122

8 44 0.131388

9 44 0.146135

10 44 0.160306

11 44 0.173844

12 44 0.186696

13 44 0.198811

14 44 0.210141

15 44 0.220642

16 44 0.230273

17 44 0.238994

18 44 0.246772

19 44 0.253577

20 44 0.25938

21 44 0.264161

22 44 0.267898

23 44 0.270578

24 44 0.272191

25 44 0.272729

26 44 0.272191

27 44 0.270578

28 44 0.267898

29 44 0.264161

30 44 0.25938

31 44 0.253577

32 44 0.246772

33 44 0.238994

34 44 0.230273

35 44 0.220642

36 44 0.210141

37 44 0.198811

38 44 0.186696

39 44 0.173844

40 44 0.160306

41 44 0.146135

42 44 0.131388

43 44 0.116122

44 44 0.100398

45 44 0.0842778

46 44 0.0678249

47 44 0.0511043

48 44 0.034182

49 44 0.0171248

50 44 0

0 45 0

1 45 0.0143752

2 45 0.0286936

3 45 0.0428988

4 45 0.0569347

5 45 0.0707458

6 45 0.0842778

7 45 0.0974772

8 45 0.110292

9 45 0.122671

10 45 0.134567

11 45 0.145931

12 45 0.156719

13 45 0.166889

14 45 0.1764

15 45 0.185215

16 45 0.193299

17 45 0.20062

18 45 0.20715

19 45 0.212861

20 45 0.217733

21 45 0.221746

22 45 0.224883

23 45 0.227133

24 45 0.228487

25 45 0.228938

26 45 0.228487

27 45 0.227133

28 45 0.224883

29 45 0.221746

30 45 0.217733

31 45 0.212861

32 45 0.20715

33 45 0.20062

34 45 0.193299

35 45 0.185215

36 45 0.1764

37 45 0.166889

38 45 0.156719

39 45 0.145931

40 45 0.134567

41 45 0.122671

42 45 0.110292

43 45 0.0974772

44 45 0.0842778

45 45 0.0707458

46 45 0.0569347

47 45 0.0428988

48 45 0.0286936

49 45 0.0143752

50 45 0

0 46 0

1 46 0.0115688

2 46 0.0230919

3 46 0.034524

4 46 0.0458197

5 46 0.0569347

6 46 0.0678249

7 46 0.0784475

8 46 0.0887604

9 46 0.0987231

10 46 0.108296

11 46 0.117442

12 46 0.126124

13 46 0.134308

14 46 0.141963

15 46 0.149057

16 46 0.155563

17 46 0.161455

18 46 0.166709

19 46 0.171306

20 46 0.175227

21 46 0.178456

22 46 0.180981

23 46 0.182792

24 46 0.183881

25 46 0.184244

26 46 0.183881

27 46 0.182792

28 46 0.180981

29 46 0.178456

30 46 0.175227

31 46 0.171306

32 46 0.166709

33 46 0.161455

34 46 0.155563

35 46 0.149057

36 46 0.141963

37 46 0.134308

38 46 0.126124

39 46 0.117442

40 46 0.108296

41 46 0.0987231

42 46 0.0887604

43 46 0.0784475

44 46 0.0678249

45 46 0.0569347

46 46 0.0458197

47 46 0.034524

48 46 0.0230919

49 46 0.0115688

50 46 0

0 47 0

1 47 0.00871679

2 47 0.0173992

3 47 0.0260129

4 47 0.034524

5 47 0.0428988

6 47 0.0511043

7 47 0.0591081

8 47 0.0668787

9 47 0.0743853

10 47 0.0815983

11 47 0.0884893

12 47 0.0950311

13 47 0.101198

14 47 0.106965

15 47 0.11231

16 47 0.117212

17 47 0.121652

18 47 0.125611

19 47 0.129075

20 47 0.132029

21 47 0.134462

22 47 0.136364

23 47 0.137729

24 47 0.138549

25 47 0.138823

26 47 0.138549

27 47 0.137729

28 47 0.136364

29 47 0.134462

30 47 0.132029

31 47 0.129075

32 47 0.125611

33 47 0.121652

34 47 0.117212

35 47 0.11231

36 47 0.106965

37 47 0.101198

38 47 0.0950311

39 47 0.0884893

40 47 0.0815983

41 47 0.0743853

42 47 0.0668787

43 47 0.0591081

44 47 0.0511043

45 47 0.0428988

46 47 0.034524

47 47 0.0260129

48 47 0.0173992

49 47 0.00871679

50 47 0

0 48 0

1 48 0.00583038

2 48 0.0116377

3 48 0.0173992

4 48 0.0230919

5 48 0.0286936

6 48 0.034182

7 48 0.0395355

8 48 0.0447329

9 48 0.0497539

10 48 0.0545784

11 48 0.0591876

12 48 0.0635632

13 48 0.0676879

14 48 0.0715455

15 48 0.0751208

16 48 0.0783996

17 48 0.0813689

18 48 0.0840172

19 48 0.0863338

20 48 0.0883098

21 48 0.0899372

22 48 0.0912097

23 48 0.0921222

24 48 0.0926712

25 48 0.0928544

26 48 0.0926712

27 48 0.0921222

28 48 0.0912097

29 48 0.0899372

30 48 0.0883098

31 48 0.0863338

32 48 0.0840172

33 48 0.0813689

34 48 0.0783996

35 48 0.0751208

36 48 0.0715455

37 48 0.0676879

38 48 0.0635632

39 48 0.0591876

40 48 0.0545784

41 48 0.0497539

42 48 0.0447329

43 48 0.0395355

44 48 0.034182

45 48 0.0286936

46 48 0.0230919

47 48 0.0173992

48 48 0.0116377

49 48 0.00583038

50 48 0

0 49 0

1 49 0.00292095

2 49 0.00583038

3 49 0.00871679

4 49 0.0115688

5 49 0.0143752

6 49 0.0171248

7 49 0.0198068

8 49 0.0224107

9 49 0.0249261

10 49 0.0273432

11 49 0.0296523

12 49 0.0318444

13 49 0.0339109

14 49 0.0358435

15 49 0.0376347

16 49 0.0392773

17 49 0.0407649

18 49 0.0420916

19 49 0.0432523

20 49 0.0442422

21 49 0.0450575

22 49 0.045695

23 49 0.0461522

24 49 0.0464272

25 49 0.046519

26 49 0.0464272

27 49 0.0461522

28 49 0.045695

29 49 0.0450575

30 49 0.0442422

31 49 0.0432523

32 49 0.0420916

33 49 0.0407649

34 49 0.0392773

35 49 0.0376347

36 49 0.0358435

37 49 0.0339109

38 49 0.0318444

39 49 0.0296523

40 49 0.0273432

41 49 0.0249261

42 49 0.0224107

43 49 0.0198068

44 49 0.0171248

45 49 0.0143752

46 49 0.0115688

47 49 0.00871679

48 49 0.00583038

49 49 0.00292095

50 49 0

