0 1 0

1 1 0.0038809

2 1 0.00774648

3 1 0.0115815

4 1 0.0153708

5 1 0.0190994

6 1 0.0227527

7 1 0.0263162

8 1 0.0297758

9 1 0.0331179

10 1 0.0363293

11 1 0.0393973

12 1 0.0423098

13 1 0.0450554

14 1 0.0476232

15 1 0.050003

16 1 0.0521854

17 1 0.0541619

18 1 0.0559247

19 1 0.0574668

20 1 0.058782

21 1 0.0598653

22 1 0.0607123

23 1 0.0613197

24 1 0.0616851

25 1 0.0618071

26 1 0.0616851

27 1 0.0613197

28 1 0.0607123

29 1 0.0598653

30 1 0.058782

31 1 0.0574668

32 1 0.0559247

33 1 0.0541619

34 1 0.0521854

35 1 0.050003

36 1 0.0476232

37 1 0.0450554

38 1 0.0423098

39 1 0.0393973

40 1 0.0363293

41 1 0.0331179

42 1 0.0297758

43 1 0.0263162

44 1 0.0227527

45 1 0.0190994

46 1 0.0153708

47 1 0.0115815

48 1 0.00774648

49 1 0.0038809

50 1 0

0 2 0

1 2 0.00774648

2 2 0.0154624

3 2 0.0231173

4 2 0.0306809

5 2 0.0381235

6 2 0.0454156

7 2 0.0525285

8 2 0.059434

9 2 0.0661051

10 2 0.0725152

11 2 0.0786391

12 2 0.0844527

13 2 0.089933

14 2 0.0950584

15 2 0.0998086

16 2 0.104165

17 2 0.10811

18 2 0.111629

19 2 0.114707

20 2 0.117332

21 2 0.119494

22 2 0.121185

23 2 0.122397

24 2 0.123127

25 2 0.12337

26 2 0.123127

27 2 0.122397

28 2 0.121185

29 2 0.119494

30 2 0.117332

31 2 0.114707

32 2 0.111629

33 2 0.10811

34 2 0.104165

35 2 0.0998086

36 2 0.0950584

37 2 0.089933

38 2 0.0844527

39 2 0.0786391

40 2 0.0725152

41 2 0.0661051

42 2 0.059434

43 2 0.0525285

44 2 0.0454156

45 2 0.0381235

46 2 0.0306809

47 2 0.0231173

48 2 0.0154624

49 2 0.00774648

50 2 0

0 3 0

1 3 0.0115815

2 3 0.0231173

3 3 0.0345618

4 3 0.04587

5 3 0.0569971

6 3 0.0678993

7 3 0.0785335

8 3 0.0888578

9 3 0.0988313

10 3 0.108415

11 3 0.117571

12 3 0.126262

13 3 0.134456

14 3 0.142118

15 3 0.14922

16 3 0.155733

17 3 0.161632

18 3 0.166892

19 3 0.171494

20 3 0.175419

21 3 0.178652

22 3 0.181179

23 3 0.182992

24 3 0.184082

25 3 0.184446

26 3 0.184082

27 3 0.182992

28 3 0.181179

29 3 0.178652

30 3 0.175419

31 3 0.171494

32 3 0.166892

33 3 0.161632

34 3 0.155733

35 3 0.14922

36 3 0.142118

37 3 0.134456

38 3 0.126262

39 3 0.117571

40 3 0.108415

41 3 0.0988313

42 3 0.0888578

43 3 0.0785335

44 3 0.0678993

45 3 0.0569971

46 3 0.04587

47 3 0.0345618

48 3 0.0231173

49 3 0.0115815

50 3 0

0 4 0

1 4 0.0153708

2 4 0.0306809

3 4 0.04587

4 4 0.060878

5 4 0.0756457

6 4 0.090115

7 4 0.104229

8 4 0.117931

9 4 0.131168

10 4 0.143887

11 4 0.156038

12 4 0.167574

13 4 0.178448

14 4 0.188618

15 4 0.198043

16 4 0.206687

17 4 0.214515

18 4 0.221497

19 4 0.227604

20 4 0.232814

21 4 0.237104

22 4 0.240459

23 4 0.242864

24 4 0.244312

25 4 0.244795

26 4 0.244312

27 4 0.242864

28 4 0.240459

29 4 0.237104

30 4 0.232814

31 4 0.227604

32 4 0.221497

33 4 0.214515

34 4 0.206687

35 4 0.198043

36 4 0.188618

37 4 0.178448

38 4 0.167574

39 4 0.156038

40 4 0.143887

41 4 0.131168

42 4 0.117931

43 4 0.104229

44 4 0.090115

45 4 0.0756457

46 4 0.060878

47 4 0.04587

48 4 0.0306809

49 4 0.0153708

50 4 0

0 5 0

1 5 0.0190994

2 5 0.0381235

3 5 0.0569971

4 5 0.0756457

5 5 0.0939959

6 5 0.111975

7 5 0.129512

8 5 0.146538

9 5 0.162986

10 5 0.178791

11 5 0.19389

12 5 0.208223

13 5 0.221735

14 5 0.234372

15 5 0.246084

16 5 0.256825

17 5 0.266552

18 5 0.275228

19 5 0.282817

20 5 0.28929

21 5 0.294621

22 5 0.298789

23 5 0.301778

24 5 0.303577

25 5 0.304177

26 5 0.303577

27 5 0.301778

28 5 0.298789

29 5 0.294621

30 5 0.28929

31 5 0.282817

32 5 0.275228

33 5 0.266552

34 5 0.256825

35 5 0.246084

36 5 0.234372

37 5 0.221735

38 5 0.208223

39 5 0.19389

40 5 0.178791

41 5 0.162986

42 5 0.146538

43 5 0.129512

44 5 0.111975

45 5 0.0939959

46 5 0.0756457

47 5 0.0569971

48 5 0.0381235

49 5 0.0190994

50 5 0

0 6 0

1 6 0.0227527

2 6 0.0454156

3 6 0.0678993

4 6 0.090115

5 6 0.111975

6 6 0.133393

7 6 0.154285

8 6 0.174568

9 6 0.194162

10 6 0.212989

11 6 0.230976

12 6 0.248052

13 6 0.264148

14 6 0.279202

15 6 0.293154

16 6 0.30595

17 6 0.317537

18 6 0.327872

19 6 0.336913

20 6 0.344624

21 6 0.350975

22 6 0.35594

23 6 0.359501

24 6 0.361644

25 6 0.362359

26 6 0.361644

27 6 0.359501

28 6 0.35594

29 6 0.350975

30 6 0.344624

31 6 0.336913

32 6 0.327872

33 6 0.317537

34 6 0.30595

35 6 0.293154

36 6 0.279202

37 6 0.264148

38 6 0.248052

39 6 0.230976

40 6 0.212989

41 6 0.194162

42 6 0.174568

43 6 0.154285

44 6 0.133393

45 6 0.111975

46 6 0.090115

47 6 0.0678993

48 6 0.0454156

49 6 0.0227527

50 6 0

0 7 0

1 7 0.0263162

2 7 0.0525285

3 7 0.0785335

4 7 0.104229

5 7 0.129512

6 7 0.154285

7 7 0.178449

8 7 0.201908

9 7 0.224571

10 7 0.246347

11 7 0.267151

12 7 0.286901

13 7 0.305518

14 7 0.32293

15 7 0.339068

16 7 0.353867

17 7 0.367269

18 7 0.379223

19 7 0.389679

20 7 0.398598

21 7 0.405943

22 7 0.411687

23 7 0.415806

24 7 0.418283

25 7 0.419111

26 7 0.418283

27 7 0.415806

28 7 0.411687

29 7 0.405943

30 7 0.398598

31 7 0.389679

32 7 0.379223

33 7 0.367269

34 7 0.353867

35 7 0.339068

36 7 0.32293

37 7 0.305518

38 7 0.286901

39 7 0.267151

40 7 0.246347

41 7 0.224571

42 7 0.201908

43 7 0.178449

44 7 0.154285

45 7 0.129512

46 7 0.104229

47 7 0.0785335

48 7 0.0525285

49 7 0.0263162

50 7 0

0 8 0

1 8 0.0297758

2 8 0.059434

3 8 0.0888578

4 8 0.117931

5 8 0.146538

6 8 0.174568

7 8 0.201908

8 8 0.228452

9 8 0.254093

10 8 0.278733

11 8 0.302272

12 8 0.324618

13 8 0.345683

14 8 0.365384

15 8 0.383642

16 8 0.400387

17 8 0.415552

18 8 0.429076

19 8 0.440908

20 8 0.450999

21 8 0.45931

22 8 0.465809

23 8 0.470469

24 8 0.473272

25 8 0.474208

26 8 0.473272

27 8 0.470469

28 8 0.465809

29 8 0.45931

30 8 0.450999

31 8 0.440908

32 8 0.429076

33 8 0.415552

34 8 0.400387

35 8 0.383642

36 8 0.365384

37 8 0.345683

38 8 0.324618

39 8 0.302272

40 8 0.278733

41 8 0.254093

42 8 0.228452

43 8 0.201908

44 8 0.174568

45 8 0.146538

46 8 0.117931

47 8 0.0888578

48 8 0.059434

49 8 0.0297758

50 8 0

0 9 0

1 9 0.0331179

2 9 0.0661051

3 9 0.0988313

4 9 0.131168

5 9 0.162986

6 9 0.194162

7 9 0.224571

8 9 0.254093

9 9 0.282613

10 9 0.310018

11 9 0.336199

12 9 0.361054

13 9 0.384483

14 9 0.406395

15 9 0.426703

16 9 0.445328

17 9 0.462194

18 9 0.477237

19 9 0.490396

20 9 0.50162

21 9 0.510864

22 9 0.518092

23 9 0.523275

24 9 0.526394

25 9 0.527434

26 9 0.526394

27 9 0.523275

28 9 0.518092

29 9 0.510864

30 9 0.50162

31 9 0.490396

32 9 0.477237

33 9 0.462194

34 9 0.445328

35 9 0.426703

36 9 0.406395

37 9 0.384483

38 9 0.361054

39 9 0.336199

40 9 0.310018

41 9 0.282613

42 9 0.254093

43 9 0.224571

44 9 0.194162

45 9 0.162986

46 9 0.131168

47 9 0.0988313

48 9 0.0661051

49 9 0.0331179

50 9 0

0 10 0

1 10 0.0363293

2 10 0.0725152

3 10 0.108415

4 10 0.143887

5 10 0.178791

6 10 0.212989

7 10 0.246347

8 10 0.278733

9 10 0.310018

10 10 0.34008

11 10 0.3688

12 10 0.396065

13 10 0.421766

14 10 0.445803

15 10 0.46808

16 10 0.48851

17 10 0.507013

18 10 0.523514

19 10 0.537949

20 10 0.550261

21 10 0.560402

22 10 0.568331

23 10 0.574017

24 10 0.577437

25 10 0.578579

26 10 0.577437

27 10 0.574017

28 10 0.568331

29 10 0.560402

30 10 0.550261

31 10 0.537949

32 10 0.523514

33 10 0.507013

34 10 0.48851

35 10 0.46808

36 10 0.445803

37 10 0.421766

38 10 0.396065

39 10 0.3688

40 10 0.34008

41 10 0.310018

42 10 0.278733

43 10 0.246347

44 10 0.212989

45 10 0.178791

46 10 0.143887

47 10 0.108415

48 10 0.0725152

49 10 0.0363293

50 10 0

0 11 0

1 11 0.0393973

2 11 0.0786391

3 11 0.117571

4 11 0.156038

5 11 0.19389

6 11 0.230976

7 11 0.267151

8 11 0.302272

9 11 0.336199

10 11 0.3688

11 11 0.399946

12 11 0.429512

13 11 0.457384

14 11 0.483451

15 11 0.50761

16 11 0.529765

17 11 0.54983

18 11 0.567725

19 11 0.583379

20 11 0.596731

21 11 0.607728

22 11 0.616327

23 11 0.622493

24 11 0.626202

25 11 0.62744

26 11 0.626202

27 11 0.622493

28 11 0.616327

29 11 0.607728

30 11 0.596731

31 11 0.583379

32 11 0.567725

33 11 0.54983

34 11 0.529765

35 11 0.50761

36 11 0.483451

37 11 0.457384

38 11 0.429512

39 11 0.399946

40 11 0.3688

41 11 0.336199

42 11 0.302272

43 11 0.267151

44 11 0.230976

45 11 0.19389

46 11 0.156038

47 11 0.117571

48 11 0.0786391

49 11 0.0393973

50 11 0

0 12 0

1 12 0.0423098

2 12 0.0844527

3 12 0.126262

4 12 0.167574

5 12 0.208223

6 12 0.248052

7 12 0.286901

8 12 0.324618

9 12 0.361054

10 12 0.396065

11 12 0.429512

12 12 0.461265

13 12 0.491198

14 12 0.519191

15 12 0.545136

16 12 0.56893

17 12 0.590478

18 12 0.609695

19 12 0.626507

20 12 0.640846

21 12 0.652656

22 12 0.66189

23 12 0.668512

24 12 0.672496

25 12 0.673825

26 12 0.672496

27 12 0.668512

28 12 0.66189

29 12 0.652656

30 12 0.640846

31 12 0.626507

32 12 0.609695

33 12 0.590478

34 12 0.56893

35 12 0.545136

36 12 0.519191

37 12 0.491198

38 12 0.461265

39 12 0.429512

40 12 0.396065

41 12 0.361054

42 12 0.324618

43 12 0.286901

44 12 0.248052

45 12 0.208223

46 12 0.167574

47 12 0.126262

48 12 0.0844527

49 12 0.0423098

50 12 0

0 13 0

1 13 0.0450554

2 13 0.089933

3 13 0.134456

4 13 0.178448

5 13 0.221735

6 13 0.264148

7 13 0.305518

8 13 0.345683

9 13 0.384483

10 13 0.421766

11 13 0.457384

12 13 0.491198

13 13 0.523072

14 13 0.552883

15 13 0.580511

16 13 0.605848

17 13 0.628795

18 13 0.64926

19 13 0.667162

20 13 0.682432

21 13 0.695008

22 13 0.704841

23 13 0.711893

24 13 0.716135

25 13 0.717551

26 13 0.716135

27 13 0.711893

28 13 0.704841

29 13 0.695008

30 13 0.682432

31 13 0.667162

32 13 0.64926

33 13 0.628795

34 13 0.605848

35 13 0.580511

36 13 0.552883

37 13 0.523072

38 13 0.491198

39 13 0.457384

40 13 0.421766

41 13 0.384483

42 13 0.345683

43 13 0.305518

44 13 0.264148

45 13 0.221735

46 13 0.178448

47 13 0.134456

48 13 0.089933

49 13 0.0450554

50 13 0

0 14 0

1 14 0.0476232

2 14 0.0950584

3 14 0.142118

4 14 0.188618

5 14 0.234372

6 14 0.279202

7 14 0.32293

8 14 0.365384

9 14 0.406395

10 14 0.445803

11 14 0.483451

12 14 0.519191

13 14 0.552883

14 14 0.584392

15 14 0.613595

16 14 0.640376

17 14 0.66463

18 14 0.686262

19 14 0.705184

20 14 0.721324

21 14 0.734617

22 14 0.745011

23 14 0.752464

24 14 0.756948

25 14 0.758445

26 14 0.756948

27 14 0.752464

28 14 0.745011

29 14 0.734617

30 14 0.721324

31 14 0.705184

32 14 0.686262

33 14 0.66463

34 14 0.640376

35 14 0.613595

36 14 0.584392

37 14 0.552883

38 14 0.519191

39 14 0.483451

40 14 0.445803

41 14 0.406395

42 14 0.365384

43 14 0.32293

44 14 0.279202

45 14 0.234372

46 14 0.188618

47 14 0.142118

48 14 0.0950584

49 14 0.0476232

50 14 0

0 15 0

1 15 0.050003

2 15 0.0998086

3 15 0.14922

4 15 0.198043

5 15 0.246084

6 15 0.293154

7 15 0.339068

8 15 0.383642

9 15 0.426703

10 15 0.46808

11 15 0.50761

12 15 0.545136

13 15 0.580511

14 15 0.613595

15 15 0.644257

16 15 0.672377

17 15 0.697843

18 15 0.720555

19 15 0.740424

20 15 0.75737

21 15 0.771327

22 15 0.78224

23 15 0.790066

24 15 0.794774

25 15 0.796346

26 15 0.794774

27 15 0.790066

28 15 0.78224

29 15 0.771327

30 15 0.75737

31 15 0.740424

32 15 0.720555

33 15 0.697843

34 15 0.672377

35 15 0.644257

36 15 0.613595

37 15 0.580511

38 15 0.545136

39 15 0.50761

40 15 0.46808

41 15 0.426703

42 15 0.383642

43 15 0.339068

44 15 0.293154

45 15 0.246084

46 15 0.198043

47 15 0.14922

48 15 0.0998086

49 15 0.050003

50 15 0

0 16 0

1 16 0.0521854

2 16 0.104165

3 16 0.155733

4 16 0.206687

5 16 0.256825

6 16 0.30595

7 16 0.353867

8 16 0.400387

9 16 0.445328

10 16 0.48851

11 16 0.529765

12 16 0.56893

13 16 0.605848

14 16 0.640376

15 16 0.672377

16 16 0.701724

17 16 0.728302

18 16 0.752005

19 16 0.772741

20 16 0.790426

21 16 0.804993

22 16 0.816382

23 16 0.82455

24 16 0.829464

25 16 0.831104

26 16 0.829464

27 16 0.82455

28 16 0.816382

29 16 0.804993

30 16 0.790426

31 16 0.772741

32 16 0.752005

33 16 0.728302

34 16 0.701724

35 16 0.672377

36 16 0.640376

37 16 0.605848

38 16 0.56893

39 16 0.529765

40 16 0.48851

41 16 0.445328

42 16 0.400387

43 16 0.353867

44 16 0.30595

45 16 0.256825

46 16 0.206687

47 16 0.155733

48 16 0.104165

49 16 0.0521854

50 16 0

0 17 0

1 17 0.0541619

2 17 0.10811

3 17 0.161632

4 17 0.214515

5 17 0.266552

6 17 0.317537

7 17 0.367269

8 17 0.415552

9 17 0.462194

10 17 0.507013

11 17 0.54983

12 17 0.590478

13 17 0.628795

14 17 0.66463

15 17 0.697843

16 17 0.728302

17 17 0.755886

18 17 0.780487

19 17 0.802008

20 17 0.820364

21 17 0.835482

22 17 0.847303

23 17 0.85578

24 17 0.860879

25 17 0.862581

26 17 0.860879

27 17 0.85578

28 17 0.847303

29 17 0.835482

30 17 0.820364

31 17 0.802008

32 17 0.780487

33 17 0.755886

34 17 0.728302

35 17 0.697843

36 17 0.66463

37 17 0.628795

38 17 0.590478

39 17 0.54983

40 17 0.507013

41 17 0.462194

42 17 0.415552

43 17 0.367269

44 17 0.317537

45 17 0.266552

46 17 0.214515

47 17 0.161632

48 17 0.10811

49 17 0.0541619

50 17 0

0 18 0

1 18 0.0559247

2 18 0.111629

3 18 0.166892

4 18 0.221497

5 18 0.275228

6 18 0.327872

7 18 0.379223

8 18 0.429076

9 18 0.477237

10 18 0.523514

11 18 0.567725

12 18 0.609695

13 18 0.64926

14 18 0.686262

15 18 0.720555

16 18 0.752005

17 18 0.780487

18 18 0.805889

19 18 0.82811

20 18 0.847063

21 18 0.862674

22 18 0.874879

23 18 0.883632

24 18 0.888898

25 18 0.890655

26 18 0.888898

27 18 0.883632

28 18 0.874879

29 18 0.862674

30 18 0.847063

31 18 0.82811

32 18 0.805889

33 18 0.780487

34 18 0.752005

35 18 0.720555

36 18 0.686262

37 18 0.64926

38 18 0.609695

39 18 0.567725

40 18 0.523514

41 18 0.477237

42 18 0.429076

43 18 0.379223

44 18 0.327872

45 18 0.275228

46 18 0.221497

47 18 0.166892

48 18 0.111629

49 18 0.0559247

50 18 0

0 19 0

1 19 0.0574668

2 19 0.114707

3 19 0.171494

4 19 0.227604

5 19 0.282817

6 19 0.336913

7 19 0.389679

8 19 0.440908

9 19 0.490396

10 19 0.537949

11 19 0.583379

12 19 0.626507

13 19 0.667162

14 19 0.705184

15 19 0.740424

16 19 0.772741

17 19 0.802008

18 19 0.82811

19 19 0.850944

20 19 0.87042

21 19 0.886461

22 19 0.899003

23 19 0.907997

24 19 0.913408

25 19 0.915214

26 19 0.913408

27 19 0.907997

28 19 0.899003

29 19 0.886461

30 19 0.87042

31 19 0.850944

32 19 0.82811

33 19 0.802008

34 19 0.772741

35 19 0.740424

36 19 0.705184

37 19 0.667162

38 19 0.626507

39 19 0.583379

40 19 0.537949

41 19 0.490396

42 19 0.440908

43 19 0.389679

44 19 0.336913

45 19 0.282817

46 19 0.227604

47 19 0.171494

48 19 0.114707

49 19 0.0574668

50 19 0

0 20 0

1 20 0.058782

2 20 0.117332

3 20 0.175419

4 20 0.232814

5 20 0.28929

6 20 0.344624

7 20 0.398598

8 20 0.450999

9 20 0.50162

10 20 0.550261

11 20 0.596731

12 20 0.640846

13 20 0.682432

14 20 0.721324

15 20 0.75737

16 20 0.790426

17 20 0.820364

18 20 0.847063

19 20 0.87042

20 20 0.890342

21 20 0.906749

22 20 0.919579

23 20 0.928779

24 20 0.934313

25 20 0.936161

26 20 0.934313

27 20 0.928779

28 20 0.919579

29 20 0.906749

30 20 0.890342

31 20 0.87042

32 20 0.847063

33 20 0.820364

34 20 0.790426

35 20 0.75737

36 20 0.721324

37 20 0.682432

38 20 0.640846

39 20 0.596731

40 20 0.550261

41 20 0.50162

42 20 0.450999

43 20 0.398598

44 20 0.344624

45 20 0.28929

46 20 0.232814

47 20 0.175419

48 20 0.117332

49 20 0.058782

50 20 0

0 21 0

1 21 0.0598653

2 21 0.119494

3 21 0.178652

4 21 0.237104

5 21 0.294621

6 21 0.350975

7 21 0.405943

8 21 0.45931

9 21 0.510864

10 21 0.560402

11 21 0.607728

12 21 0.652656

13 21 0.695008

14 21 0.734617

15 21 0.771327

16 21 0.804993

17 21 0.835482

18 21 0.862674

19 21 0.886461

20 21 0.906749

21 21 0.923459

22 21 0.936525

23 21 0.945895

24 21 0.951531

25 21 0.953413

26 21 0.951531

27 21 0.945895

28 21 0.936525

29 21 0.923459

30 21 0.906749

31 21 0.886461

32 21 0.862674

33 21 0.835482

34 21 0.804993

35 21 0.771327

36 21 0.734617

37 21 0.695008

38 21 0.652656

39 21 0.607728

40 21 0.560402

41 21 0.510864

42 21 0.45931

43 21 0.405943

44 21 0.350975

45 21 0.294621

46 21 0.237104

47 21 0.178652

48 21 0.119494

49 21 0.0598653

50 21 0

0 22 0

1 22 0.0607123

2 22 0.121185

3 22 0.181179

4 22 0.240459

5 22 0.298789

6 22 0.35594

7 22 0.411687

8 22 0.465809

9 22 0.518092

10 22 0.568331

11 22 0.616327

12 22 0.66189

13 22 0.704841

14 22 0.745011

15 22 0.78224

16 22 0.816382

17 22 0.847303

18 22 0.874879

19 22 0.899003

20 22 0.919579

21 22 0.936525

22 22 0.949776

23 22 0.959278

24 22 0.964994

25 22 0.966902

26 22 0.964994

27 22 0.959278

28 22 0.949776

29 22 0.936525

30 22 0.919579

31 22 0.899003

32 22 0.874879

33 22 0.847303

34 22 0.816382

35 22 0.78224

36 22 0.745011

37 22 0.704841

38 22 0.66189

39 22 0.616327

40 22 0.568331

41 22 0.518092

42 22 0.465809

43 22 0.411687

44 22 0.35594

45 22 0.298789

46 22 0.240459

47 22 0.181179

48 22 0.121185

49 22 0.0607123

50 22 0

0 23 0

1 23 0.0613197

2 23 0.122397

3 23 0.182992

4 23 0.242864

5 23 0.301778

6 23 0.359501

7 23 0.415806

8 23 0.470469

9 23 0.523275

10 23 0.574017

11 23 0.622493

12 23 0.668512

13 23 0.711893

14 23 0.752464

15 23 0.790066

16 23 0.82455

17 23 0.85578

18 23 0.883632

19 23 0.907997

20 23 0.928779

21 23 0.945895

22 23 0.959278

23 23 0.968875

24 23 0.974649

25 23 0.976576

26 23 0.974649

27 23 0.968875

28 23 0.959278

29 23 0.945895

30 23 0.928779

31 23 0.907997

32 23 0.883632

33 23 0.85578

34 23 0.82455

35 23 0.790066

36 23 0.752464

37 23 0.711893

38 23 0.668512

39 23 0.622493

40 23 0.574017

41 23 0.523275

42 23 0.470469

43 23 0.415806

44 23 0.359501

45 23 0.301778

46 23 0.242864

47 23 0.182992

48 23 0.122397

49 23 0.0613197

50 23 0

0 24 0

1 24 0.0616851

2 24 0.123127

3 24 0.184082

4 24 0.244312

5 24 0.303577

6 24 0.361644

7 24 0.418283

8 24 0.473272

9 24 0.526394

10 24 0.577437

11 24 0.626202

12 24 0.672496

13 24 0.716135

14 24 0.756948

15 24 0.794774

16 24 0.829464

17 24 0.860879

18 24 0.888898

19 24 0.913408

20 24 0.934313

21 24 0.951531

22 24 0.964994

23 24 0.974649

24 24 0.980457

25 24 0.982395

26 24 0.980457

27 24 0.974649

28 24 0.964994

29 24 0.951531

30 24 0.934313

31 24 0.913408

32 24 0.888898

33 24 0.860879

34 24 0.829464

35 24 0.794774

36 24 0.756948

37 24 0.716135

38 24 0.672496

39 24 0.626202

40 24 0.577437

41 24 0.526394

42 24 0.473272

43 24 0.418283

44 24 0.361644

45 24 0.303577

46 24 0.244312

47 24 0.184082

48 24 0.123127

49 24 0.0616851

50 24 0

0 25 0

1 25 0.0618071

2 25 0.12337

3 25 0.184446

4 25 0.244795

5 25 0.304177

6 25 0.362359

7 25 0.419111

8 25 0.474208

9 25 0.527434

10 25 0.578579

11 25 0.62744

12 25 0.673825

13 25 0.717551

14 25 0.758445

15 25 0.796346

16 25 0.831104

17 25 0.862581

18 25 0.890655

19 25 0.915214

20 25 0.936161

21 25 0.953413

22 25 0.966902

23 25 0.976576

24 25 0.982395

25 25 0.984337

26 25 0.982395

27 25 0.976576

28 25 0.966902

29 25 0.953413

30 25 0.936161

31 25 0.915214

32 25 0.890655

33 25 0.862581

34 25 0.831104

35 25 0.796346

36 25 0.758445

37 25 0.717551

38 25 0.673825

39 25 0.62744

40 25 0.578579

41 25 0.527434

42 25 0.474208

43 25 0.419111

44 25 0.362359

45 25 0.304177

46 25 0.244795

47 25 0.184446

48 25 0.12337

49 25 0.0618071

50 25 0

0 26 0

1 26 0.0616851

2 26 0.123127

3 26 0.184082

4 26 0.244312

5 26 0.303577

6 26 0.361644

7 26 0.418283

8 26 0.473272

9 26 0.526394

10 26 0.577437

11 26 0.626202

12 26 0.672496

13 26 0.716135

14 26 0.756948

15 26 0.794774

16 26 0.829464

17 26 0.860879

18 26 0.888898

19 26 0.913408

20 26 0.934313

21 26 0.951531

22 26 0.964994

23 26 0.974649

24 26 0.980457

25 26 0.982395

26 26 0.980457

27 26 0.974649

28 26 0.964994

29 26 0.951531

30 26 0.934313

31 26 0.913408

32 26 0.888898

33 26 0.860879

34 26 0.829464

35 26 0.794774

36 26 0.756948

37 26 0.716135

38 26 0.672496

39 26 0.626202

40 26 0.577437

41 26 0.526394

42 26 0.473272

43 26 0.418283

44 26 0.361644

45 26 0.303577

46 26 0.244312

47 26 0.184082

48 26 0.123127

49 26 0.0616851

50 26 0

0 27 0

1 27 0.0613197

2 27 0.122397

3 27 0.182992

4 27 0.242864

5 27 0.301778

6 27 0.359501

7 27 0.415806

8 27 0.470469

9 27 0.523275

10 27 0.574017

11 27 0.622493

12 27 0.668512

13 27 0.711893

14 27 0.752464

15 27 0.790066

16 27 0.82455

17 27 0.85578

18 27 0.883632

19 27 0.907997

20 27 0.928779

21 27 0.945895

22 27 0.959278

23 27 0.968875

24 27 0.974649

25 27 0.976576

26 27 0.974649

27 27 0.968875

28 27 0.959278

29 27 0.945895

30 27 0.928779

31 27 0.907997

32 27 0.883632

33 27 0.85578

34 27 0.82455

35 27 0.790066

36 27 0.752464

37 27 0.711893

38 27 0.668512

39 27 0.622493

40 27 0.574017

41 27 0.523275

42 27 0.470469

43 27 0.415806

44 27 0.359501

45 27 0.301778

46 27 0.242864

47 27 0.182992

48 27 0.122397

49 27 0.0613197

50 27 0

0 28 0

1 28 0.0607123

2 28 0.121185

3 28 0.181179

4 28 0.240459

5 28 0.298789

6 28 0.35594

7 28 0.411687

8 28 0.465809

9 28 0.518092

10 28 0.568331

11 28 0.616327

12 28 0.66189

13 28 0.704841

14 28 0.745011

15 28 0.78224

16 28 0.816382

17 28 0.847303

18 28 0.874879

19 28 0.899003

20 28 0.919579

21 28 0.936525

22 28 0.949776

23 28 0.959278

24 28 0.964994

25 28 0.966902

26 28 0.964994

27 28 0.959278

28 28 0.949776

29 28 0.936525

30 28 0.919579

31 28 0.899003

32 28 0.874879

33 28 0.847303

34 28 0.816382

35 28 0.78224

36 28 0.745011

37 28 0.704841

38 28 0.66189

39 28 0.616327

40 28 0.568331

41 28 0.518092

42 28 0.465809

43 28 0.411687

44 28 0.35594

45 28 0.298789

46 28 0.240459

47 28 0.181179

48 28 0.121185

49 28 0.0607123

50 28 0

0 29 0

1 29 0.0598653

2 29 0.119494

3 29 0.178652

4 29 0.237104

5 29 0.294621

6 29 0.350975

7 29 0.405943

8 29 0.45931

9 29 0.510864

10 29 0.560402

11 29 0.607728

12 29 0.652656

13 29 0.695008

14 29 0.734617

15 29 0.771327

16 29 0.804993

17 29 0.835482

18 29 0.862674

19 29 0.886461

20 29 0.906749

21 29 0.923459

22 29 0.936525

23 29 0.945895

24 29 0.951531

25 29 0.953413

26 29 0.951531

27 29 0.945895

28 29 0.936525

29 29 0.923459

30 29 0.906749

31 29 0.886461

32 29 0.862674

33 29 0.835482

34 29 0.804993

35 29 0.771327

36 29 0.734617

37 29 0.695008

38 29 0.652656

39 29 0.607728

40 29 0.560402

41 29 0.510864

42 29 0.45931

43 29 0.405943

44 29 0.350975

45 29 0.294621

46 29 0.237104

47 29 0.178652

48 29 0.119494

49 29 0.0598653

50 29 0

0 30 0

1 30 0.058782

2 30 0.117332

3 30 0.175419

4 30 0.232814

5 30 0.28929

6 30 0.344624

7 30 0.398598

8 30 0.450999

9 30 0.50162

10 30 0.550261

11 30 0.596731

12 30 0.640846

13 30 0.682432

14 30 0.721324

15 30 0.75737

16 30 0.790426

17 30 0.820364

18 30 0.847063

19 30 0.87042

20 30 0.890342

21 30 0.906749

22 30 0.919579

23 30 0.928779

24 30 0.934313

25 30 0.936161

26 30 0.934313

27 30 0.928779

28 30 0.919579

29 30 0.906749

30 30 0.890342

31 30 0.87042

32 30 0.847063

33 30 0.820364

34 30 0.790426

35 30 0.75737

36 30 0.721324

37 30 0.682432

38 30 0.640846

39 30 0.596731

40 30 0.550261

41 30 0.50162

42 30 0.450999

43 30 0.398598

44 30 0.344624

45 30 0.28929

46 30 0.232814

47 30 0.175419

48 30 0.117332

49 30 0.058782

50 30 0

0 31 0

1 31 0.0574668

2 31 0.114707

3 31 0.171494

4 31 0.227604

5 31 0.282817

6 31 0.336913

7 31 0.389679

8 31 0.440908

9 31 0.490396

10 31 0.537949

11 31 0.583379

12 31 0.626507

13 31 0.667162

14 31 0.705184

15 31 0.740424

16 31 0.772741

17 31 0.802008

18 31 0.82811

19 31 0.850944

20 31 0.87042

21 31 0.886461

22 31 0.899003

23 31 0.907997

24 31 0.913408

25 31 0.915214

26 31 0.913408

27 31 0.907997

28 31 0.899003

29 31 0.886461

30 31 0.87042

31 31 0.850944

32 31 0.82811

33 31 0.802008

34 31 0.772741

35 31 0.740424

36 31 0.705184

37 31 0.667162

38 31 0.626507

39 31 0.583379

40 31 0.537949

41 31 0.490396

42 31 0.440908

43 31 0.389679

44 31 0.336913

45 31 0.282817

46 31 0.227604

47 31 0.171494

48 31 0.114707

49 31 0.0574668

50 31 0

0 32 0

1 32 0.0559247

2 32 0.111629

3 32 0.166892

4 32 0.221497

5 32 0.275228

6 32 0.327872

7 32 0.379223

8 32 0.429076

9 32 0.477237

10 32 0.523514

11 32 0.567725

12 32 0.609695

13 32 0.64926

14 32 0.686262

15 32 0.720555

16 32 0.752005

17 32 0.780487

18 32 0.805889

19 32 0.82811

20 32 0.847063

21 32 0.862674

22 32 0.874879

23 32 0.883632

24 32 0.888898

25 32 0.890655

26 32 0.888898

27 32 0.883632

28 32 0.874879

29 32 0.862674

30 32 0.847063

31 32 0.82811

32 32 0.805889

33 32 0.780487

34 32 0.752005

35 32 0.720555

36 32 0.686262

37 32 0.64926

38 32 0.609695

39 32 0.567725

40 32 0.523514

41 32 0.477237

42 32 0.429076

43 32 0.379223

44 32 0.327872

45 32 0.275228

46 32 0.221497

47 32 0.166892

48 32 0.111629

49 32 0.0559247

50 32 0

0 33 0

1 33 0.0541619

2 33 0.10811

3 33 0.161632

4 33 0.214515

5 33 0.266552

6 33 0.317537

7 33 0.367269

8 33 0.415552

9 33 0.462194

10 33 0.507013

11 33 0.54983

12 33 0.590478

13 33 0.628795

14 33 0.66463

15 33 0.697843

16 33 0.728302

17 33 0.755886

18 33 0.780487

19 33 0.802008

20 33 0.820364

21 33 0.835482

22 33 0.847303

23 33 0.85578

24 33 0.860879

25 33 0.862581

26 33 0.860879

27 33 0.85578

28 33 0.847303

29 33 0.835482

30 33 0.820364

31 33 0.802008

32 33 0.780487

33 33 0.755886

34 33 0.728302

35 33 0.697843

36 33 0.66463

37 33 0.628795

38 33 0.590478

39 33 0.54983

40 33 0.507013

41 33 0.462194

42 33 0.415552

43 33 0.367269

44 33 0.317537

45 33 0.266552

46 33 0.214515

47 33 0.161632

48 33 0.10811

49 33 0.0541619

50 33 0

0 34 0

1 34 0.0521854

2 34 0.104165

3 34 0.155733

4 34 0.206687

5 34 0.256825

6 34 0.30595

7 34 0.353867

8 34 0.400387

9 34 0.445328

10 34 0.48851

11 34 0.529765

12 34 0.56893

13 34 0.605848

14 34 0.640376

15 34 0.672377

16 34 0.701724

17 34 0.728302

18 34 0.752005

19 34 0.772741

20 34 0.790426

21 34 0.804993

22 34 0.816382

23 34 0.82455

24 34 0.829464

25 34 0.831104

26 34 0.829464

27 34 0.82455

28 34 0.816382

29 34 0.804993

30 34 0.790426

31 34 0.772741

32 34 0.752005

33 34 0.728302

34 34 0.701724

35 34 0.672377

36 34 0.640376

37 34 0.605848

38 34 0.56893

39 34 0.529765

40 34 0.48851

41 34 0.445328

42 34 0.400387

43 34 0.353867

44 34 0.30595

45 34 0.256825

46 34 0.206687

47 34 0.155733

48 34 0.104165

49 34 0.0521854

50 34 0

0 35 0

1 35 0.050003

2 35 0.0998086

3 35 0.14922

4 35 0.198043

5 35 0.246084

6 35 0.293154

7 35 0.339068

8 35 0.383642

9 35 0.426703

10 35 0.46808

11 35 0.50761

12 35 0.545136

13 35 0.580511

14 35 0.613595

15 35 0.644257

16 35 0.672377

17 35 0.697843

18 35 0.720555

19 35 0.740424

20 35 0.75737

21 35 0.771327

22 35 0.78224

23 35 0.790066

24 35 0.794774

25 35 0.796346

26 35 0.794774

27 35 0.790066

28 35 0.78224

29 35 0.771327

30 35 0.75737

31 35 0.740424

32 35 0.720555

33 35 0.697843

34 35 0.672377

35 35 0.644257

36 35 0.613595

37 35 0.580511

38 35 0.545136

39 35 0.50761

40 35 0.46808

41 35 0.426703

42 35 0.383642

43 35 0.339068

44 35 0.293154

45 35 0.246084

46 35 0.198043

47 35 0.14922

48 35 0.0998086

49 35 0.050003

50 35 0

0 36 0

1 36 0.0476232

2 36 0.0950584

3 36 0.142118

4 36 0.188618

5 36 0.234372

6 36 0.279202

7 36 0.32293

8 36 0.365384

9 36 0.406395

10 36 0.445803

11 36 0.483451

12 36 0.519191

13 36 0.552883

14 36 0.584392

15 36 0.613595

16 36 0.640376

17 36 0.66463

18 36 0.686262

19 36 0.705184

20 36 0.721324

21 36 0.734617

22 36 0.745011

23 36 0.752464

24 36 0.756948

25 36 0.758445

26 36 0.756948

27 36 0.752464

28 36 0.745011

29 36 0.734617

30 36 0.721324

31 36 0.705184

32 36 0.686262

33 36 0.66463

34 36 0.640376

35 36 0.613595

36 36 0.584392

37 36 0.552883

38 36 0.519191

39 36 0.483451

40 36 0.445803

41 36 0.406395

42 36 0.365384

43 36 0.32293

44 36 0.279202

45 36 0.234372

46 36 0.188618

47 36 0.142118

48 36 0.0950584

49 36 0.0476232

50 36 0

0 37 0

1 37 0.0450554

2 37 0.089933

3 37 0.134456

4 37 0.178448

5 37 0.221735

6 37 0.264148

7 37 0.305518

8 37 0.345683

9 37 0.384483

10 37 0.421766

11 37 0.457384

12 37 0.491198

13 37 0.523072

14 37 0.552883

15 37 0.580511

16 37 0.605848

17 37 0.628795

18 37 0.64926

19 37 0.667162

20 37 0.682432

21 37 0.695008

22 37 0.704841

23 37 0.711893

24 37 0.716135

25 37 0.717551

26 37 0.716135

27 37 0.711893

28 37 0.704841

29 37 0.695008

30 37 0.682432

31 37 0.667162

32 37 0.64926

33 37 0.628795

34 37 0.605848

35 37 0.580511

36 37 0.552883

37 37 0.523072

38 37 0.491198

39 37 0.457384

40 37 0.421766

41 37 0.384483

42 37 0.345683

43 37 0.305518

44 37 0.264148

45 37 0.221735

46 37 0.178448

47 37 0.134456

48 37 0.089933

49 37 0.0450554

50 37 0

0 38 0

1 38 0.0423098

2 38 0.0844527

3 38 0.126262

4 38 0.167574

5 38 0.208223

6 38 0.248052

7 38 0.286901

8 38 0.324618

9 38 0.361054

10 38 0.396065

11 38 0.429512

12 38 0.461265

13 38 0.491198

14 38 0.519191

15 38 0.545136

16 38 0.56893

17 38 0.590478

18 38 0.609695

19 38 0.626507

20 38 0.640846

21 38 0.652656

22 38 0.66189

23 38 0.668512

24 38 0.672496

25 38 0.673825

26 38 0.672496

27 38 0.668512

28 38 0.66189

29 38 0.652656

30 38 0.640846

31 38 0.626507

32 38 0.609695

33 38 0.590478

34 38 0.56893

35 38 0.545136

36 38 0.519191

37 38 0.491198

38 38 0.461265

39 38 0.429512

40 38 0.396065

41 38 0.361054

42 38 0.324618

43 38 0.286901

44 38 0.248052

45 38 0.208223

46 38 0.167574

47 38 0.126262

48 38 0.0844527

49 38 0.0423098

50 38 0

0 39 0

1 39 0.0393973

2 39 0.0786391

3 39 0.117571

4 39 0.156038

5 39 0.19389

6 39 0.230976

7 39 0.267151

8 39 0.302272

9 39 0.336199

10 39 0.3688

11 39 0.399946

12 39 0.429512

13 39 0.457384

14 39 0.483451

15 39 0.50761

16 39 0.529765

17 39 0.54983

18 39 0.567725

19 39 0.583379

20 39 0.596731

21 39 0.607728

22 39 0.616327

23 39 0.622493

24 39 0.626202

25 39 0.62744

26 39 0.626202

27 39 0.622493

28 39 0.616327

29 39 0.607728

30 39 0.596731

31 39 0.583379

32 39 0.567725

33 39 0.54983

34 39 0.529765

35 39 0.50761

36 39 0.483451

37 39 0.457384

38 39 0.429512

39 39 0.399946

40 39 0.3688

41 39 0.336199

42 39 0.302272

43 39 0.267151

44 39 0.230976

45 39 0.19389

46 39 0.156038

47 39 0.117571

48 39 0.0786391

49 39 0.0393973

50 39 0

0 40 0

1 40 0.0363293

2 40 0.0725152

3 40 0.108415

4 40 0.143887

5 40 0.178791

6 40 0.212989

7 40 0.246347

8 40 0.278733

9 40 0.310018

10 40 0.34008

11 40 0.3688

12 40 0.396065

13 40 0.421766

14 40 0.445803

15 40 0.46808

16 40 0.48851

17 40 0.507013

18 40 0.523514

19 40 0.537949

20 40 0.550261

21 40 0.560402

22 40 0.568331

23 40 0.574017

24 40 0.577437

25 40 0.578579

26 40 0.577437

27 40 0.574017

28 40 0.568331

29 40 0.560402

30 40 0.550261

31 40 0.537949

32 40 0.523514

33 40 0.507013

34 40 0.48851

35 40 0.46808

36 40 0.445803

37 40 0.421766

38 40 0.396065

39 40 0.3688

40 40 0.34008

41 40 0.310018

42 40 0.278733

43 40 0.246347

44 40 0.212989

45 40 0.178791

46 40 0.143887

47 40 0.108415

48 40 0.0725152

49 40 0.0363293

50 40 0

0 41 0

1 41 0.0331179

2 41 0.0661051

3 41 0.0988313

4 41 0.131168

5 41 0.162986

6 41 0.194162

7 41 0.224571

8 41 0.254093

9 41 0.282613

10 41 0.310018

11 41 0.336199

12 41 0.361054

13 41 0.384483

14 41 0.406395

15 41 0.426703

16 41 0.445328

17 41 0.462194

18 41 0.477237

19 41 0.490396

20 41 0.50162

21 41 0.510864

22 41 0.518092

23 41 0.523275

24 41 0.526394

25 41 0.527434

26 41 0.526394

27 41 0.523275

28 41 0.518092

29 41 0.510864

30 41 0.50162

31 41 0.490396

32 41 0.477237

33 41 0.462194

34 41 0.445328

35 41 0.426703

36 41 0.406395

37 41 0.384483

38 41 0.361054

39 41 0.336199

40 41 0.310018

41 41 0.282613

42 41 0.254093

43 41 0.224571

44 41 0.194162

45 41 0.162986

46 41 0.131168

47 41 0.0988313

48 41 0.0661051

49 41 0.0331179

50 41 0

0 42 0

1 42 0.0297758

2 42 0.059434

3 42 0.0888578

4 42 0.117931

5 42 0.146538

6 42 0.174568

7 42 0.201908

8 42 0.228452

9 42 0.254093

10 42 0.278733

11 42 0.302272

12 42 0.324618

13 42 0.345683

14 42 0.365384

15 42 0.383642

16 42 0.400387

17 42 0.415552

18 42 0.429076

19 42 0.440908

20 42 0.450999

21 42 0.45931

22 42 0.465809

23 42 0.470469

24 42 0.473272

25 42 0.474208

26 42 0.473272

27 42 0.470469

28 42 0.465809

29 42 0.45931

30 42 0.450999

31 42 0.440908

32 42 0.429076

33 42 0.415552

34 42 0.400387

35 42 0.383642

36 42 0.365384

37 42 0.345683

38 42 0.324618

39 42 0.302272

40 42 0.278733

41 42 0.254093

42 42 0.228452

43 42 0.201908

44 42 0.174568

45 42 0.146538

46 42 0.117931

47 42 0.0888578

48 42 0.059434

49 42 0.0297758

50 42 0

0 43 0

1 43 0.0263162

2 43 0.0525285

3 43 0.0785335

4 43 0.104229

5 43 0.129512

6 43 0.154285

7 43 0.178449

8 43 0.201908

9 43 0.224571

10 43 0.246347

11 43 0.267151

12 43 0.286901

13 43 0.305518

14 43 0.32293

15 43 0.339068

16 43 0.353867

17 43 0.367269

18 43 0.379223

19 43 0.389679

20 43 0.398598

21 43 0.405943

22 43 0.411687

23 43 0.415806

24 43 0.418283

25 43 0.419111

26 43 0.418283

27 43 0.415806

28 43 0.411687

29 43 0.405943

30 43 0.398598

31 43 0.389679

32 43 0.379223

33 43 0.367269

34 43 0.353867

35 43 0.339068

36 43 0.32293

37 43 0.305518

38 43 0.286901

39 43 0.267151

40 43 0.246347

41 43 0.224571

42 43 0.201908

43 43 0.178449

44 43 0.154285

45 43 0.129512

46 43 0.104229

47 43 0.0785335

48 43 0.0525285

49 43 0.0263162

50 43 0

0 44 0

1 44 0.0227527

2 44 0.0454156

3 44 0.0678993

4 44 0.090115

5 44 0.111975

6 44 0.133393

7 44 0.154285

8 44 0.174568

9 44 0.194162

10 44 0.212989

11 44 0.230976

12 44 0.248052

13 44 0.264148

14 44 0.279202

15 44 0.293154

16 44 0.30595

17 44 0.317537

18 44 0.327872

19 44 0.336913

20 44 0.344624

21 44 0.350975

22 44 0.35594

23 44 0.359501

24 44 0.361644

25 44 0.362359

26 44 0.361644

27 44 0.359501

28 44 0.35594

29 44 0.350975

30 44 0.344624

31 44 0.336913

32 44 0.327872

33 44 0.317537

34 44 0.30595

35 44 0.293154

36 44 0.279202

37 44 0.264148

38 44 0.248052

39 44 0.230976

40 44 0.212989

41 44 0.194162

42 44 0.174568

43 44 0.154285

44 44 0.133393

45 44 0.111975

46 44 0.090115

47 44 0.0678993

48 44 0.0454156

49 44 0.0227527

50 44 0

0 45 0

1 45 0.0190994

2 45 0.0381235

3 45 0.0569971

4 45 0.0756457

5 45 0.0939959

6 45 0.111975

7 45 0.129512

8 45 0.146538

9 45 0.162986

10 45 0.178791

11 45 0.19389

12 45 0.208223

13 45 0.221735

14 45 0.234372

15 45 0.246084

16 45 0.256825

17 45 0.266552

18 45 0.275228

19 45 0.282817

20 45 0.28929

21 45 0.294621

22 45 0.298789

23 45 0.301778

24 45 0.303577

25 45 0.304177

26 45 0.303577

27 45 0.301778

28 45 0.298789

29 45 0.294621

30 45 0.28929

31 45 0.282817

32 45 0.275228

33 45 0.266552

34 45 0.256825

35 45 0.246084

36 45 0.234372

37 45 0.221735

38 45 0.208223

39 45 0.19389

40 45 0.178791

41 45 0.162986

42 45 0.146538

43 45 0.129512

44 45 0.111975

45 45 0.0939959

46 45 0.0756457

47 45 0.0569971

48 45 0.0381235

49 45 0.0190994

50 45 0

0 46 0

1 46 0.0153708

2 46 0.0306809

3 46 0.04587

4 46 0.060878

5 46 0.0756457

6 46 0.090115

7 46 0.104229

8 46 0.117931

9 46 0.131168

10 46 0.143887

11 46 0.156038

12 46 0.167574

13 46 0.178448

14 46 0.188618

15 46 0.198043

16 46 0.206687

17 46 0.214515

18 46 0.221497

19 46 0.227604

20 46 0.232814

21 46 0.237104

22 46 0.240459

23 46 0.242864

24 46 0.244312

25 46 0.244795

26 46 0.244312

27 46 0.242864

28 46 0.240459

29 46 0.237104

30 46 0.232814

31 46 0.227604

32 46 0.221497

33 46 0.214515

34 46 0.206687

35 46 0.198043

36 46 0.188618

37 46 0.178448

38 46 0.167574

39 46 0.156038

40 46 0.143887

41 46 0.131168

42 46 0.117931

43 46 0.104229

44 46 0.090115

45 46 0.0756457

46 46 0.060878

47 46 0.04587

48 46 0.0306809

49 46 0.0153708

50 46 0

0 47 0

1 47 0.0115815

2 47 0.0231173

3 47 0.0345618

4 47 0.04587

5 47 0.0569971

6 47 0.0678993

7 47 0.0785335

8 47 0.0888578

9 47 0.0988313

10 47 0.108415

11 47 0.117571

12 47 0.126262

13 47 0.134456

14 47 0.142118

15 47 0.14922

16 47 0.155733

17 47 0.161632

18 47 0.166892

19 47 0.171494

20 47 0.175419

21 47 0.178652

22 47 0.181179

23 47 0.182992

24 47 0.184082

25 47 0.184446

26 47 0.184082

27 47 0.182992

28 47 0.181179

29 47 0.178652

30 47 0.175419

31 47 0.171494

32 47 0.166892

33 47 0.161632

34 47 0.155733

35 47 0.14922

36 47 0.142118

37 47 0.134456

38 47 0.126262

39 47 0.117571

40 47 0.108415

41 47 0.0988313

42 47 0.0888578

43 47 0.0785335

44 47 0.0678993

45 47 0.0569971

46 47 0.04587

47 47 0.0345618

48 47 0.0231173

49 47 0.0115815

50 47 0

0 48 0

1 48 0.00774648

2 48 0.0154624

3 48 0.0231173

4 48 0.0306809

5 48 0.0381235

6 48 0.0454156

7 48 0.0525285

8 48 0.059434

9 48 0.0661051

10 48 0.0725152

11 48 0.0786391

12 48 0.0844527

13 48 0.089933

14 48 0.0950584

15 48 0.0998086

16 48 0.104165

17 48 0.10811

18 48 0.111629

19 48 0.114707

20 48 0.117332

21 48 0.119494

22 48 0.121185

23 48 0.122397

24 48 0.123127

25 48 0.12337

26 48 0.123127

27 48 0.122397

28 48 0.121185

29 48 0.119494

30 48 0.117332

31 48 0.114707

32 48 0.111629

33 48 0.10811

34 48 0.104165

35 48 0.0998086

36 48 0.0950584

37 48 0.089933

38 48 0.0844527

39 48 0.0786391

40 48 0.0725152

41 48 0.0661051

42 48 0.059434

43 48 0.0525285

44 48 0.0454156

45 48 0.0381235

46 48 0.0306809

47 48 0.0231173

48 48 0.0154624

49 48 0.00774648

50 48 0

0 49 0

1 49 0.0038809

2 49 0.00774648

3 49 0.0115815

4 49 0.0153708

5 49 0.0190994

6 49 0.0227527

7 49 0.0263162

8 49 0.0297758

9 49 0.0331179

10 49 0.0363293

11 49 0.0393973

12 49 0.0423098

13 49 0.0450554

14 49 0.0476232

15 49 0.050003

16 49 0.0521854

17 49 0.0541619

18 49 0.0559247

19 49 0.0574668

20 49 0.058782

21 49 0.0598653

22 49 0.0607123

23 49 0.0613197

24 49 0.0616851

25 49 0.0618071

26 49 0.0616851

27 49 0.0613197

28 49 0.0607123

29 49 0.0598653

30 49 0.058782

31 49 0.0574668

32 49 0.0559247

33 49 0.0541619

34 49 0.0521854

35 49 0.050003

36 49 0.0476232

37 49 0.0450554

38 49 0.0423098

39 49 0.0393973

40 49 0.0363293

41 49 0.0331179

42 49 0.0297758

43 49 0.0263162

44 49 0.0227527

45 49 0.0190994

46 49 0.0153708

47 49 0.0115815

48 49 0.00774648

49 49 0.0038809

50 49 0

