0 1 0

1 1 0.00370138

2 1 0.00738816

3 1 0.0110458

4 1 0.0146598

5 1 0.018216

6 1 0.0217003

7 1 0.0250989

8 1 0.0283985

9 1 0.031586

10 1 0.0346488

11 1 0.037575

12 1 0.0403528

13 1 0.0429713

14 1 0.0454203

15 1 0.04769

16 1 0.0497716

17 1 0.0516567

18 1 0.0533379

19 1 0.0548086

20 1 0.056063

21 1 0.0570962

22 1 0.057904

23 1 0.0584833

24 1 0.0588318

25 1 0.0589481

26 1 0.0588318

27 1 0.0584833

28 1 0.057904

29 1 0.0570962

30 1 0.056063

31 1 0.0548086

32 1 0.0533379

33 1 0.0516567

34 1 0.0497716

35 1 0.04769

36 1 0.0454203

37 1 0.0429713

38 1 0.0403528

39 1 0.037575

40 1 0.0346488

41 1 0.031586

42 1 0.0283985

43 1 0.0250989

44 1 0.0217003

45 1 0.018216

46 1 0.0146598

47 1 0.0110458

48 1 0.00738816

49 1 0.00370138

50 1 0

0 2 0

1 2 0.00738816

2 2 0.0147472

3 2 0.022048

4 2 0.0292618

5 2 0.0363601

6 2 0.0433149

7 2 0.0500987

8 2 0.0566849

9 2 0.0630473

10 2 0.069161

11 2 0.0750016

12 2 0.0805463

13 2 0.0857731

14 2 0.0906614

15 2 0.0951919

16 2 0.0993467

17 2 0.103109

18 2 0.106465

19 2 0.109401

20 2 0.111905

21 2 0.113967

22 2 0.115579

23 2 0.116736

24 2 0.117431

25 2 0.117664

26 2 0.117431

27 2 0.116736

28 2 0.115579

29 2 0.113967

30 2 0.111905

31 2 0.109401

32 2 0.106465

33 2 0.103109

34 2 0.0993467

35 2 0.0951919

36 2 0.0906614

37 2 0.0857731

38 2 0.0805463

39 2 0.0750016

40 2 0.069161

41 2 0.0630473

42 2 0.0566849

43 2 0.0500987

44 2 0.0433149

45 2 0.0363601

46 2 0.0292618

47 2 0.022048

48 2 0.0147472

49 2 0.00738816

50 2 0

0 3 0

1 3 0.0110458

2 3 0.022048

3 3 0.0329631

4 3 0.0437482

5 3 0.0543607

6 3 0.0647585

7 3 0.0749009

8 3 0.0847476

9 3 0.0942599

10 3 0.1034

11 3 0.112132

12 3 0.120422

13 3 0.128236

14 3 0.135545

15 3 0.142318

16 3 0.14853

17 3 0.154155

18 3 0.159172

19 3 0.163561

20 3 0.167305

21 3 0.170388

22 3 0.172799

23 3 0.174528

24 3 0.175568

25 3 0.175915

26 3 0.175568

27 3 0.174528

28 3 0.172799

29 3 0.170388

30 3 0.167305

31 3 0.163561

32 3 0.159172

33 3 0.154155

34 3 0.14853

35 3 0.142318

36 3 0.135545

37 3 0.128236

38 3 0.120422

39 3 0.112132

40 3 0.1034

41 3 0.0942599

42 3 0.0847476

43 3 0.0749009

44 3 0.0647585

45 3 0.0543607

46 3 0.0437482

47 3 0.0329631

48 3 0.022048

49 3 0.0110458

50 3 0

0 4 0

1 4 0.0146598

2 4 0.0292618

3 4 0.0437482

4 4 0.058062

5 4 0.0721467

6 4 0.0859466

7 4 0.0994074

8 4 0.112476

9 4 0.1251

10 4 0.137231

11 4 0.14882

12 4 0.159822

13 4 0.170194

14 4 0.179893

15 4 0.188883

16 4 0.197127

17 4 0.204593

18 4 0.211251

19 4 0.217076

20 4 0.222045

21 4 0.226137

22 4 0.229336

23 4 0.231631

24 4 0.233011

25 4 0.233472

26 4 0.233011

27 4 0.231631

28 4 0.229336

29 4 0.226137

30 4 0.222045

31 4 0.217076

32 4 0.211251

33 4 0.204593

34 4 0.197127

35 4 0.188883

36 4 0.179893

37 4 0.170194

38 4 0.159822

39 4 0.14882

40 4 0.137231

41 4 0.1251

42 4 0.112476

43 4 0.0994074

44 4 0.0859466

45 4 0.0721467

46 4 0.058062

47 4 0.0437482

48 4 0.0292618

49 4 0.0146598

50 4 0

0 5 0

1 5 0.018216

2 5 0.0363601

3 5 0.0543607

4 5 0.0721467

5 5 0.089648

6 5 0.106796

7 5 0.123522

8 5 0.13976

9 5 0.155447

10 5 0.170521

11 5 0.184921

12 5 0.198592

13 5 0.211479

14 5 0.223531

15 5 0.234702

16 5 0.244946

17 5 0.254223

18 5 0.262497

19 5 0.269735

20 5 0.275908

21 5 0.280993

22 5 0.284969

23 5 0.28782

24 5 0.289535

25 5 0.290107

26 5 0.289535

27 5 0.28782

28 5 0.284969

29 5 0.280993

30 5 0.275908

31 5 0.269735

32 5 0.262497

33 5 0.254223

34 5 0.244946

35 5 0.234702

36 5 0.223531

37 5 0.211479

38 5 0.198592

39 5 0.184921

40 5 0.170521

41 5 0.155447

42 5 0.13976

43 5 0.123522

44 5 0.106796

45 5 0.089648

46 5 0.0721467

47 5 0.0543607

48 5 0.0363601

49 5 0.018216

50 5 0

0 6 0

1 6 0.0217003

2 6 0.0433149

3 6 0.0647585

4 6 0.0859466

5 6 0.106796

6 6 0.127223

7 6 0.147148

8 6 0.166493

9 6 0.18518

10 6 0.203137

11 6 0.220292

12 6 0.236578

13 6 0.25193

14 6 0.266288

15 6 0.279594

16 6 0.291798

17 6 0.30285

18 6 0.312706

19 6 0.321329

20 6 0.328683

21 6 0.33474

22 6 0.339476

23 6 0.342873

24 6 0.344916

25 6 0.345598

26 6 0.344916

27 6 0.342873

28 6 0.339476

29 6 0.33474

30 6 0.328683

31 6 0.321329

32 6 0.312706

33 6 0.30285

34 6 0.291798

35 6 0.279594

36 6 0.266288

37 6 0.25193

38 6 0.236578

39 6 0.220292

40 6 0.203137

41 6 0.18518

42 6 0.166493

43 6 0.147148

44 6 0.127223

45 6 0.106796

46 6 0.0859466

47 6 0.0647585

48 6 0.0433149

49 6 0.0217003

50 6 0

0 7 0

1 7 0.0250989

2 7 0.0500987

3 7 0.0749009

4 7 0.0994074

5 7 0.123522

6 7 0.147148

7 7 0.170194

8 7 0.192569

9 7 0.214183

10 7 0.234952

11 7 0.254794

12 7 0.27363

13 7 0.291386

14 7 0.307993

15 7 0.323384

16 7 0.337498

17 7 0.350281

18 7 0.361681

19 7 0.371654

20 7 0.38016

21 7 0.387166

22 7 0.392644

23 7 0.396572

24 7 0.398936

25 7 0.399724

26 7 0.398936

27 7 0.396572

28 7 0.392644

29 7 0.387166

30 7 0.38016

31 7 0.371654

32 7 0.361681

33 7 0.350281

34 7 0.337498

35 7 0.323384

36 7 0.307993

37 7 0.291386

38 7 0.27363

39 7 0.254794

40 7 0.234952

41 7 0.214183

42 7 0.192569

43 7 0.170194

44 7 0.147148

45 7 0.123522

46 7 0.0994074

47 7 0.0749009

48 7 0.0500987

49 7 0.0250989

50 7 0

0 8 0

1 8 0.0283985

2 8 0.0566849

3 8 0.0847476

4 8 0.112476

5 8 0.13976

6 8 0.166493

7 8 0.192569

8 8 0.217884

9 8 0.24234

10 8 0.26584

11 8 0.28829

12 8 0.309602

13 8 0.329693

14 8 0.348483

15 8 0.365897

16 8 0.381867

17 8 0.39633

18 8 0.409229

19 8 0.420513

20 8 0.430138

21 8 0.438064

22 8 0.444262

23 8 0.448707

24 8 0.451381

25 8 0.452273

26 8 0.451381

27 8 0.448707

28 8 0.444262

29 8 0.438064

30 8 0.430138

31 8 0.420513

32 8 0.409229

33 8 0.39633

34 8 0.381867

35 8 0.365897

36 8 0.348483

37 8 0.329693

38 8 0.309602

39 8 0.28829

40 8 0.26584

41 8 0.24234

42 8 0.217884

43 8 0.192569

44 8 0.166493

45 8 0.13976

46 8 0.112476

47 8 0.0847476

48 8 0.0566849

49 8 0.0283985

50 8 0

0 9 0

1 9 0.031586

2 9 0.0630473

3 9 0.0942599

4 9 0.1251

5 9 0.155447

6 9 0.18518

7 9 0.214183

8 9 0.24234

9 9 0.269541

10 9 0.295678

11 9 0.320648

12 9 0.344353

13 9 0.366699

14 9 0.387597

15 9 0.406966

16 9 0.424729

17 9 0.440815

18 9 0.455162

19 9 0.467713

20 9 0.478417

21 9 0.487234

22 9 0.494127

23 9 0.499071

24 9 0.502045

25 9 0.503038

26 9 0.502045

27 9 0.499071

28 9 0.494127

29 9 0.487234

30 9 0.478417

31 9 0.467713

32 9 0.455162

33 9 0.440815

34 9 0.424729

35 9 0.406966

36 9 0.387597

37 9 0.366699

38 9 0.344353

39 9 0.320648

40 9 0.295678

41 9 0.269541

42 9 0.24234

43 9 0.214183

44 9 0.18518

45 9 0.155447

46 9 0.1251

47 9 0.0942599

48 9 0.0630473

49 9 0.031586

50 9 0

0 10 0

1 10 0.0346488

2 10 0.069161

3 10 0.1034

4 10 0.137231

5 10 0.170521

6 10 0.203137

7 10 0.234952

8 10 0.26584

9 10 0.295678

10 10 0.32435

11 10 0.351741

12 10 0.377744

13 10 0.402257

14 10 0.425182

15 10 0.446429

16 10 0.465914

17 10 0.483561

18 10 0.499299

19 10 0.513066

20 10 0.524809

21 10 0.53448

22 10 0.542042

23 10 0.547465

24 10 0.550728

25 10 0.551817

26 10 0.550728

27 10 0.547465

28 10 0.542042

29 10 0.53448

30 10 0.524809

31 10 0.513066

32 10 0.499299

33 10 0.483561

34 10 0.465914

35 10 0.446429

36 10 0.425182

37 10 0.402257

38 10 0.377744

39 10 0.351741

40 10 0.32435

41 10 0.295678

42 10 0.26584

43 10 0.234952

44 10 0.203137

45 10 0.170521

46 10 0.137231

47 10 0.1034

48 10 0.069161

49 10 0.0346488

50 10 0

0 11 0

1 11 0.037575

2 11 0.0750016

3 11 0.112132

4 11 0.14882

5 11 0.184921

6 11 0.220292

7 11 0.254794

8 11 0.28829

9 11 0.320648

10 11 0.351741

11 11 0.381446

12 11 0.409645

13 11 0.436228

14 11 0.461089

15 11 0.48413

16 11 0.505261

17 11 0.524397

18 11 0.541465

19 11 0.556395

20 11 0.569129

21 11 0.579617

22 11 0.587818

23 11 0.593699

24 11 0.597237

25 11 0.598418

26 11 0.597237

27 11 0.593699

28 11 0.587818

29 11 0.579617

30 11 0.569129

31 11 0.556395

32 11 0.541465

33 11 0.524397

34 11 0.505261

35 11 0.48413

36 11 0.461089

37 11 0.436228

38 11 0.409645

39 11 0.381446

40 11 0.351741

41 11 0.320648

42 11 0.28829

43 11 0.254794

44 11 0.220292

45 11 0.184921

46 11 0.14882

47 11 0.112132

48 11 0.0750016

49 11 0.037575

50 11 0

0 12 0

1 12 0.0403528

2 12 0.0805463

3 12 0.120422

4 12 0.159822

5 12 0.198592

6 12 0.236578

7 12 0.27363

8 12 0.309602

9 12 0.344353

10 12 0.377744

11 12 0.409645

12 12 0.439929

13 12 0.468477

14 12 0.495176

15 12 0.519921

16 12 0.542613

17 12 0.563165

18 12 0.581494

19 12 0.597528

20 12 0.611203

21 12 0.622467

22 12 0.631274

23 12 0.63759

24 12 0.641389

25 12 0.642657

26 12 0.641389

27 12 0.63759

28 12 0.631274

29 12 0.622467

30 12 0.611203

31 12 0.597528

32 12 0.581494

33 12 0.563165

34 12 0.542613

35 12 0.519921

36 12 0.495176

37 12 0.468477

38 12 0.439929

39 12 0.409645

40 12 0.377744

41 12 0.344353

42 12 0.309602

43 12 0.27363

44 12 0.236578

45 12 0.198592

46 12 0.159822

47 12 0.120422

48 12 0.0805463

49 12 0.0403528

50 12 0

0 13 0

1 13 0.0429713

2 13 0.0857731

3 13 0.128236

4 13 0.170194

5 13 0.211479

6 13 0.25193

7 13 0.291386

8 13 0.329693

9 13 0.366699

10 13 0.402257

11 13 0.436228

12 13 0.468477

13 13 0.498877

14 13 0.527309

15 13 0.553659

16 13 0.577825

17 13 0.59971

18 13 0.619228

19 13 0.636302

20 13 0.650865

21 13 0.66286

22 13 0.672239

23 13 0.678964

24 13 0.68301

25 13 0.68436

26 13 0.68301

27 13 0.678964

28 13 0.672239

29 13 0.66286

30 13 0.650865

31 13 0.636302

32 13 0.619228

33 13 0.59971

34 13 0.577825

35 13 0.553659

36 13 0.527309

37 13 0.498877

38 13 0.468477

39 13 0.436228

40 13 0.402257

41 13 0.366699

42 13 0.329693

43 13 0.291386

44 13 0.25193

45 13 0.211479

46 13 0.170194

47 13 0.128236

48 13 0.0857731

49 13 0.0429713

50 13 0

0 14 0

1 14 0.0454203

2 14 0.0906614

3 14 0.135545

4 14 0.179893

5 14 0.223531

6 14 0.266288

7 14 0.307993

8 14 0.348483

9 14 0.387597

10 14 0.425182

11 14 0.461089

12 14 0.495176

13 14 0.527309

14 14 0.557361

15 14 0.585213

16 14 0.610755

17 14 0.633888

18 14 0.654518

19 14 0.672566

20 14 0.687959

21 14 0.700637

22 14 0.71055

23 14 0.717659

24 14 0.721935

25 14 0.723363

26 14 0.721935

27 14 0.717659

28 14 0.71055

29 14 0.700637

30 14 0.687959

31 14 0.672566

32 14 0.654518

33 14 0.633888

34 14 0.610755

35 14 0.585213

36 14 0.557361

37 14 0.527309

38 14 0.495176

39 14 0.461089

40 14 0.425182

41 14 0.387597

42 14 0.348483

43 14 0.307993

44 14 0.266288

45 14 0.223531

46 14 0.179893

47 14 0.135545

48 14 0.0906614

49 14 0.0454203

50 14 0

0 15 0

1 15 0.04769

2 15 0.0951919

3 15 0.142318

4 15 0.188883

5 15 0.234702

6 15 0.279594

7 15 0.323384

8 15 0.365897

9 15 0.406966

10 15 0.446429

11 15 0.48413

12 15 0.519921

13 15 0.553659

14 15 0.585213

15 15 0.614457

16 15 0.641276

17 15 0.665564

18 15 0.687225

19 15 0.706175

20 15 0.722337

21 15 0.735649

22 15 0.746057

23 15 0.753521

24 15 0.758012

25 15 0.75951

26 15 0.758012

27 15 0.753521

28 15 0.746057

29 15 0.735649

30 15 0.722337

31 15 0.706175

32 15 0.687225

33 15 0.665564

34 15 0.641276

35 15 0.614457

36 15 0.585213

37 15 0.553659

38 15 0.519921

39 15 0.48413

40 15 0.446429

41 15 0.406966

42 15 0.365897

43 15 0.323384

44 15 0.279594

45 15 0.234702

46 15 0.188883

47 15 0.142318

48 15 0.0951919

49 15 0.04769

50 15 0

0 16 0

1 16 0.0497716

2 16 0.0993467

3 16 0.14853

4 16 0.197127

5 16 0.244946

6 16 0.291798

7 16 0.337498

8 16 0.381867

9 16 0.424729

10 16 0.465914

11 16 0.505261

12 16 0.542613

13 16 0.577825

14 16 0.610755

15 16 0.641276

16 16 0.669265

17 16 0.694614

18 16 0.717221

19 16 0.736997

20 16 0.753865

21 16 0.767758

22 16 0.77862

23 16 0.78641

24 16 0.791096

25 16 0.79266

26 16 0.791096

27 16 0.78641

28 16 0.77862

29 16 0.767758

30 16 0.753865

31 16 0.736997

32 16 0.717221

33 16 0.694614

34 16 0.669265

35 16 0.641276

36 16 0.610755

37 16 0.577825

38 16 0.542613

39 16 0.505261

40 16 0.465914

41 16 0.424729

42 16 0.381867

43 16 0.337498

44 16 0.291798

45 16 0.244946

46 16 0.197127

47 16 0.14853

48 16 0.0993467

49 16 0.0497716

50 16 0

0 17 0

1 17 0.0516567

2 17 0.103109

3 17 0.154155

4 17 0.204593

5 17 0.254223

6 17 0.30285

7 17 0.350281

8 17 0.39633

9 17 0.440815

10 17 0.483561

11 17 0.524397

12 17 0.563165

13 17 0.59971

14 17 0.633888

15 17 0.665564

16 17 0.694614

17 17 0.720922

18 17 0.744385

19 17 0.764911

20 17 0.782417

21 17 0.796836

22 17 0.80811

23 17 0.816195

24 17 0.821059

25 17 0.822682

26 17 0.821059

27 17 0.816195

28 17 0.80811

29 17 0.796836

30 17 0.782417

31 17 0.764911

32 17 0.744385

33 17 0.720922

34 17 0.694614

35 17 0.665564

36 17 0.633888

37 17 0.59971

38 17 0.563165

39 17 0.524397

40 17 0.483561

41 17 0.440815

42 17 0.39633

43 17 0.350281

44 17 0.30285

45 17 0.254223

46 17 0.204593

47 17 0.154155

48 17 0.103109

49 17 0.0516567

50 17 0

0 18 0

1 18 0.0533379

2 18 0.106465

3 18 0.159172

4 18 0.211251

5 18 0.262497

6 18 0.312706

7 18 0.361681

8 18 0.409229

9 18 0.455162

10 18 0.499299

11 18 0.541465

12 18 0.581494

13 18 0.619228

14 18 0.654518

15 18 0.687225

16 18 0.717221

17 18 0.744385

18 18 0.768612

19 18 0.789806

20 18 0.807882

21 18 0.82277

22 18 0.834411

23 18 0.842759

24 18 0.847781

25 18 0.849457

26 18 0.847781

27 18 0.842759

28 18 0.834411

29 18 0.82277

30 18 0.807882

31 18 0.789806

32 18 0.768612

33 18 0.744385

34 18 0.717221

35 18 0.687225

36 18 0.654518

37 18 0.619228

38 18 0.581494

39 18 0.541465

40 18 0.499299

41 18 0.455162

42 18 0.409229

43 18 0.361681

44 18 0.312706

45 18 0.262497

46 18 0.211251

47 18 0.159172

48 18 0.106465

49 18 0.0533379

50 18 0

0 19 0

1 19 0.0548086

2 19 0.109401

3 19 0.163561

4 19 0.217076

5 19 0.269735

6 19 0.321329

7 19 0.371654

8 19 0.420513

9 19 0.467713

10 19 0.513066

11 19 0.556395

12 19 0.597528

13 19 0.636302

14 19 0.672566

15 19 0.706175

16 19 0.736997

17 19 0.764911

18 19 0.789806

19 19 0.811583

20 19 0.830158

21 19 0.845457

22 19 0.857419

23 19 0.865997

24 19 0.871158

25 19 0.87288

26 19 0.871158

27 19 0.865997

28 19 0.857419

29 19 0.845457

30 19 0.830158

31 19 0.811583

32 19 0.789806

33 19 0.764911

34 19 0.736997

35 19 0.706175

36 19 0.672566

37 19 0.636302

38 19 0.597528

39 19 0.556395

40 19 0.513066

41 19 0.467713

42 19 0.420513

43 19 0.371654

44 19 0.321329

45 19 0.269735

46 19 0.217076

47 19 0.163561

48 19 0.109401

49 19 0.0548086

50 19 0

0 20 0

1 20 0.056063

2 20 0.111905

3 20 0.167305

4 20 0.222045

5 20 0.275908

6 20 0.328683

7 20 0.38016

8 20 0.430138

9 20 0.478417

10 20 0.524809

11 20 0.569129

12 20 0.611203

13 20 0.650865

14 20 0.687959

15 20 0.722337

16 20 0.753865

17 20 0.782417

18 20 0.807882

19 20 0.830158

20 20 0.849158

21 20 0.864807

22 20 0.877043

23 20 0.885817

24 20 0.891096

25 20 0.892858

26 20 0.891096

27 20 0.885817

28 20 0.877043

29 20 0.864807

30 20 0.849158

31 20 0.830158

32 20 0.807882

33 20 0.782417

34 20 0.753865

35 20 0.722337

36 20 0.687959

37 20 0.650865

38 20 0.611203

39 20 0.569129

40 20 0.524809

41 20 0.478417

42 20 0.430138

43 20 0.38016

44 20 0.328683

45 20 0.275908

46 20 0.222045

47 20 0.167305

48 20 0.111905

49 20 0.056063

50 20 0

0 21 0

1 21 0.0570962

2 21 0.113967

3 21 0.170388

4 21 0.226137

5 21 0.280993

6 21 0.33474

7 21 0.387166

8 21 0.438064

9 21 0.487234

10 21 0.53448

11 21 0.579617

12 21 0.622467

13 21 0.66286

14 21 0.700637

15 21 0.735649

16 21 0.767758

17 21 0.796836

18 21 0.82277

19 21 0.845457

20 21 0.864807

21 21 0.880744

22 21 0.893206

23 21 0.902142

24 21 0.907518

25 21 0.909312

26 21 0.907518

27 21 0.902142

28 21 0.893206

29 21 0.880744

30 21 0.864807

31 21 0.845457

32 21 0.82277

33 21 0.796836

34 21 0.767758

35 21 0.735649

36 21 0.700637

37 21 0.66286

38 21 0.622467

39 21 0.579617

40 21 0.53448

41 21 0.487234

42 21 0.438064

43 21 0.387166

44 21 0.33474

45 21 0.280993

46 21 0.226137

47 21 0.170388

48 21 0.113967

49 21 0.0570962

50 21 0

0 22 0

1 22 0.057904

2 22 0.115579

3 22 0.172799

4 22 0.229336

5 22 0.284969

6 22 0.339476

7 22 0.392644

8 22 0.444262

9 22 0.494127

10 22 0.542042

11 22 0.587818

12 22 0.631274

13 22 0.672239

14 22 0.71055

15 22 0.746057

16 22 0.77862

17 22 0.80811

18 22 0.834411

19 22 0.857419

20 22 0.877043

21 22 0.893206

22 22 0.905843

23 22 0.914906

24 22 0.920358

25 22 0.922178

26 22 0.920358

27 22 0.914906

28 22 0.905843

29 22 0.893206

30 22 0.877043

31 22 0.857419

32 22 0.834411

33 22 0.80811

34 22 0.77862

35 22 0.746057

36 22 0.71055

37 22 0.672239

38 22 0.631274

39 22 0.587818

40 22 0.542042

41 22 0.494127

42 22 0.444262

43 22 0.392644

44 22 0.339476

45 22 0.284969

46 22 0.229336

47 22 0.172799

48 22 0.115579

49 22 0.057904

50 22 0

0 23 0

1 23 0.0584833

2 23 0.116736

3 23 0.174528

4 23 0.231631

5 23 0.28782

6 23 0.342873

7 23 0.396572

8 23 0.448707

9 23 0.499071

10 23 0.547465

11 23 0.593699

12 23 0.63759

13 23 0.678964

14 23 0.717659

15 23 0.753521

16 23 0.78641

17 23 0.816195

18 23 0.842759

19 23 0.865997

20 23 0.885817

21 23 0.902142

22 23 0.914906

23 23 0.924059

24 23 0.929566

25 23 0.931404

26 23 0.929566

27 23 0.924059

28 23 0.914906

29 23 0.902142

30 23 0.885817

31 23 0.865997

32 23 0.842759

33 23 0.816195

34 23 0.78641

35 23 0.753521

36 23 0.717659

37 23 0.678964

38 23 0.63759

39 23 0.593699

40 23 0.547465

41 23 0.499071

42 23 0.448707

43 23 0.396572

44 23 0.342873

45 23 0.28782

46 23 0.231631

47 23 0.174528

48 23 0.116736

49 23 0.0584833

50 23 0

0 24 0

1 24 0.0588318

2 24 0.117431

3 24 0.175568

4 24 0.233011

5 24 0.289535

6 24 0.344916

7 24 0.398936

8 24 0.451381

9 24 0.502045

10 24 0.550728

11 24 0.597237

12 24 0.641389

13 24 0.68301

14 24 0.721935

15 24 0.758012

16 24 0.791096

17 24 0.821059

18 24 0.847781

19 24 0.871158

20 24 0.891096

21 24 0.907518

22 24 0.920358

23 24 0.929566

24 24 0.935105

25 24 0.936954

26 24 0.935105

27 24 0.929566

28 24 0.920358

29 24 0.907518

30 24 0.891096

31 24 0.871158

32 24 0.847781

33 24 0.821059

34 24 0.791096

35 24 0.758012

36 24 0.721935

37 24 0.68301

38 24 0.641389

39 24 0.597237

40 24 0.550728

41 24 0.502045

42 24 0.451381

43 24 0.398936

44 24 0.344916

45 24 0.289535

46 24 0.233011

47 24 0.175568

48 24 0.117431

49 24 0.0588318

50 24 0

0 25 0

1 25 0.0589481

2 25 0.117664

3 25 0.175915

4 25 0.233472

5 25 0.290107

6 25 0.345598

7 25 0.399724

8 25 0.452273

9 25 0.503038

10 25 0.551817

11 25 0.598418

12 25 0.642657

13 25 0.68436

14 25 0.723363

15 25 0.75951

16 25 0.79266

17 25 0.822682

18 25 0.849457

19 25 0.87288

20 25 0.892858

21 25 0.909312

22 25 0.922178

23 25 0.931404

24 25 0.936954

25 25 0.938806

26 25 0.936954

27 25 0.931404

28 25 0.922178

29 25 0.909312

30 25 0.892858

31 25 0.87288

32 25 0.849457

33 25 0.822682

34 25 0.79266

35 25 0.75951

36 25 0.723363

37 25 0.68436

38 25 0.642657

39 25 0.598418

40 25 0.551817

41 25 0.503038

42 25 0.452273

43 25 0.399724

44 25 0.345598

45 25 0.290107

46 25 0.233472

47 25 0.175915

48 25 0.117664

49 25 0.0589481

50 25 0

0 26 0

1 26 0.0588318

2 26 0.117431

3 26 0.175568

4 26 0.233011

5 26 0.289535

6 26 0.344916

7 26 0.398936

8 26 0.451381

9 26 0.502045

10 26 0.550728

11 26 0.597237

12 26 0.641389

13 26 0.68301

14 26 0.721935

15 26 0.758012

16 26 0.791096

17 26 0.821059

18 26 0.847781

19 26 0.871158

20 26 0.891096

21 26 0.907518

22 26 0.920358

23 26 0.929566

24 26 0.935105

25 26 0.936954

26 26 0.935105

27 26 0.929566

28 26 0.920358

29 26 0.907518

30 26 0.891096

31 26 0.871158

32 26 0.847781

33 26 0.821059

34 26 0.791096

35 26 0.758012

36 26 0.721935

37 26 0.68301

38 26 0.641389

39 26 0.597237

40 26 0.550728

41 26 0.502045

42 26 0.451381

43 26 0.398936

44 26 0.344916

45 26 0.289535

46 26 0.233011

47 26 0.175568

48 26 0.117431

49 26 0.0588318

50 26 0

0 27 0

1 27 0.0584833

2 27 0.116736

3 27 0.174528

4 27 0.231631

5 27 0.28782

6 27 0.342873

7 27 0.396572

8 27 0.448707

9 27 0.499071

10 27 0.547465

11 27 0.593699

12 27 0.63759

13 27 0.678964

14 27 0.717659

15 27 0.753521

16 27 0.78641

17 27 0.816195

18 27 0.842759

19 27 0.865997

20 27 0.885817

21 27 0.902142

22 27 0.914906

23 27 0.924059

24 27 0.929566

25 27 0.931404

26 27 0.929566

27 27 0.924059

28 27 0.914906

29 27 0.902142

30 27 0.885817

31 27 0.865997

32 27 0.842759

33 27 0.816195

34 27 0.78641

35 27 0.753521

36 27 0.717659

37 27 0.678964

38 27 0.63759

39 27 0.593699

40 27 0.547465

41 27 0.499071

42 27 0.448707

43 27 0.396572

44 27 0.342873

45 27 0.28782

46 27 0.231631

47 27 0.174528

48 27 0.116736

49 27 0.0584833

50 27 0

0 28 0

1 28 0.057904

2 28 0.115579

3 28 0.172799

4 28 0.229336

5 28 0.284969

6 28 0.339476

7 28 0.392644

8 28 0.444262

9 28 0.494127

10 28 0.542042

11 28 0.587818

12 28 0.631274

13 28 0.672239

14 28 0.71055

15 28 0.746057

16 28 0.77862

17 28 0.80811

18 28 0.834411

19 28 0.857419

20 28 0.877043

21 28 0.893206

22 28 0.905843

23 28 0.914906

24 28 0.920358

25 28 0.922178

26 28 0.920358

27 28 0.914906

28 28 0.905843

29 28 0.893206

30 28 0.877043

31 28 0.857419

32 28 0.834411

33 28 0.80811

34 28 0.77862

35 28 0.746057

36 28 0.71055

37 28 0.672239

38 28 0.631274

39 28 0.587818

40 28 0.542042

41 28 0.494127

42 28 0.444262

43 28 0.392644

44 28 0.339476

45 28 0.284969

46 28 0.229336

47 28 0.172799

48 28 0.115579

49 28 0.057904

50 28 0

0 29 0

1 29 0.0570962

2 29 0.113967

3 29 0.170388

4 29 0.226137

5 29 0.280993

6 29 0.33474

7 29 0.387166

8 29 0.438064

9 29 0.487234

10 29 0.53448

11 29 0.579617

12 29 0.622467

13 29 0.66286

14 29 0.700637

15 29 0.735649

16 29 0.767758

17 29 0.796836

18 29 0.82277

19 29 0.845457

20 29 0.864807

21 29 0.880744

22 29 0.893206

23 29 0.902142

24 29 0.907518

25 29 0.909312

26 29 0.907518

27 29 0.902142

28 29 0.893206

29 29 0.880744

30 29 0.864807

31 29 0.845457

32 29 0.82277

33 29 0.796836

34 29 0.767758

35 29 0.735649

36 29 0.700637

37 29 0.66286

38 29 0.622467

39 29 0.579617

40 29 0.53448

41 29 0.487234

42 29 0.438064

43 29 0.387166

44 29 0.33474

45 29 0.280993

46 29 0.226137

47 29 0.170388

48 29 0.113967

49 29 0.0570962

50 29 0

0 30 0

1 30 0.056063

2 30 0.111905

3 30 0.167305

4 30 0.222045

5 30 0.275908

6 30 0.328683

7 30 0.38016

8 30 0.430138

9 30 0.478417

10 30 0.524809

11 30 0.569129

12 30 0.611203

13 30 0.650865

14 30 0.687959

15 30 0.722337

16 30 0.753865

17 30 0.782417

18 30 0.807882

19 30 0.830158

20 30 0.849158

21 30 0.864807

22 30 0.877043

23 30 0.885817

24 30 0.891096

25 30 0.892858

26 30 0.891096

27 30 0.885817

28 30 0.877043

29 30 0.864807

30 30 0.849158

31 30 0.830158

32 30 0.807882

33 30 0.782417

34 30 0.753865

35 30 0.722337

36 30 0.687959

37 30 0.650865

38 30 0.611203

39 30 0.569129

40 30 0.524809

41 30 0.478417

42 30 0.430138

43 30 0.38016

44 30 0.328683

45 30 0.275908

46 30 0.222045

47 30 0.167305

48 30 0.111905

49 30 0.056063

50 30 0

0 31 0

1 31 0.0548086

2 31 0.109401

3 31 0.163561

4 31 0.217076

5 31 0.269735

6 31 0.321329

7 31 0.371654

8 31 0.420513

9 31 0.467713

10 31 0.513066

11 31 0.556395

12 31 0.597528

13 31 0.636302

14 31 0.672566

15 31 0.706175

16 31 0.736997

17 31 0.764911

18 31 0.789806

19 31 0.811583

20 31 0.830158

21 31 0.845457

22 31 0.857419

23 31 0.865997

24 31 0.871158

25 31 0.87288

26 31 0.871158

27 31 0.865997

28 31 0.857419

29 31 0.845457

30 31 0.830158

31 31 0.811583

32 31 0.789806

33 31 0.764911

34 31 0.736997

35 31 0.706175

36 31 0.672566

37 31 0.636302

38 31 0.597528

39 31 0.556395

40 31 0.513066

41 31 0.467713

42 31 0.420513

43 31 0.371654

44 31 0.321329

45 31 0.269735

46 31 0.217076

47 31 0.163561

48 31 0.109401

49 31 0.0548086

50 31 0

0 32 0

1 32 0.0533379

2 32 0.106465

3 32 0.159172

4 32 0.211251

5 32 0.262497

6 32 0.312706

7 32 0.361681

8 32 0.409229

9 32 0.455162

10 32 0.499299

11 32 0.541465

12 32 0.581494

13 32 0.619228

14 32 0.654518

15 32 0.687225

16 32 0.717221

17 32 0.744385

18 32 0.768612

19 32 0.789806

20 32 0.807882

21 32 0.82277

22 32 0.834411

23 32 0.842759

24 32 0.847781

25 32 0.849457

26 32 0.847781

27 32 0.842759

28 32 0.834411

29 32 0.82277

30 32 0.807882

31 32 0.789806

32 32 0.768612

33 32 0.744385

34 32 0.717221

35 32 0.687225

36 32 0.654518

37 32 0.619228

38 32 0.581494

39 32 0.541465

40 32 0.499299

41 32 0.455162

42 32 0.409229

43 32 0.361681

44 32 0.312706

45 32 0.262497

46 32 0.211251

47 32 0.159172

48 32 0.106465

49 32 0.0533379

50 32 0

0 33 0

1 33 0.0516567

2 33 0.103109

3 33 0.154155

4 33 0.204593

5 33 0.254223

6 33 0.30285

7 33 0.350281

8 33 0.39633

9 33 0.440815

10 33 0.483561

11 33 0.524397

12 33 0.563165

13 33 0.59971

14 33 0.633888

15 33 0.665564

16 33 0.694614

17 33 0.720922

18 33 0.744385

19 33 0.764911

20 33 0.782417

21 33 0.796836

22 33 0.80811

23 33 0.816195

24 33 0.821059

25 33 0.822682

26 33 0.821059

27 33 0.816195

28 33 0.80811

29 33 0.796836

30 33 0.782417

31 33 0.764911

32 33 0.744385

33 33 0.720922

34 33 0.694614

35 33 0.665564

36 33 0.633888

37 33 0.59971

38 33 0.563165

39 33 0.524397

40 33 0.483561

41 33 0.440815

42 33 0.39633

43 33 0.350281

44 33 0.30285

45 33 0.254223

46 33 0.204593

47 33 0.154155

48 33 0.103109

49 33 0.0516567

50 33 0

0 34 0

1 34 0.0497716

2 34 0.0993467

3 34 0.14853

4 34 0.197127

5 34 0.244946

6 34 0.291798

7 34 0.337498

8 34 0.381867

9 34 0.424729

10 34 0.465914

11 34 0.505261

12 34 0.542613

13 34 0.577825

14 34 0.610755

15 34 0.641276

16 34 0.669265

17 34 0.694614

18 34 0.717221

19 34 0.736997

20 34 0.753865

21 34 0.767758

22 34 0.77862

23 34 0.78641

24 34 0.791096

25 34 0.79266

26 34 0.791096

27 34 0.78641

28 34 0.77862

29 34 0.767758

30 34 0.753865

31 34 0.736997

32 34 0.717221

33 34 0.694614

34 34 0.669265

35 34 0.641276

36 34 0.610755

37 34 0.577825

38 34 0.542613

39 34 0.505261

40 34 0.465914

41 34 0.424729

42 34 0.381867

43 34 0.337498

44 34 0.291798

45 34 0.244946

46 34 0.197127

47 34 0.14853

48 34 0.0993467

49 34 0.0497716

50 34 0

0 35 0

1 35 0.04769

2 35 0.0951919

3 35 0.142318

4 35 0.188883

5 35 0.234702

6 35 0.279594

7 35 0.323384

8 35 0.365897

9 35 0.406966

10 35 0.446429

11 35 0.48413

12 35 0.519921

13 35 0.553659

14 35 0.585213

15 35 0.614457

16 35 0.641276

17 35 0.665564

18 35 0.687225

19 35 0.706175

20 35 0.722337

21 35 0.735649

22 35 0.746057

23 35 0.753521

24 35 0.758012

25 35 0.75951

26 35 0.758012

27 35 0.753521

28 35 0.746057

29 35 0.735649

30 35 0.722337

31 35 0.706175

32 35 0.687225

33 35 0.665564

34 35 0.641276

35 35 0.614457

36 35 0.585213

37 35 0.553659

38 35 0.519921

39 35 0.48413

40 35 0.446429

41 35 0.406966

42 35 0.365897

43 35 0.323384

44 35 0.279594

45 35 0.234702

46 35 0.188883

47 35 0.142318

48 35 0.0951919

49 35 0.04769

50 35 0

0 36 0

1 36 0.0454203

2 36 0.0906614

3 36 0.135545

4 36 0.179893

5 36 0.223531

6 36 0.266288

7 36 0.307993

8 36 0.348483

9 36 0.387597

10 36 0.425182

11 36 0.461089

12 36 0.495176

13 36 0.527309

14 36 0.557361

15 36 0.585213

16 36 0.610755

17 36 0.633888

18 36 0.654518

19 36 0.672566

20 36 0.687959

21 36 0.700637

22 36 0.71055

23 36 0.717659

24 36 0.721935

25 36 0.723363

26 36 0.721935

27 36 0.717659

28 36 0.71055

29 36 0.700637

30 36 0.687959

31 36 0.672566

32 36 0.654518

33 36 0.633888

34 36 0.610755

35 36 0.585213

36 36 0.557361

37 36 0.527309

38 36 0.495176

39 36 0.461089

40 36 0.425182

41 36 0.387597

42 36 0.348483

43 36 0.307993

44 36 0.266288

45 36 0.223531

46 36 0.179893

47 36 0.135545

48 36 0.0906614

49 36 0.0454203

50 36 0

0 37 0

1 37 0.0429713

2 37 0.0857731

3 37 0.128236

4 37 0.170194

5 37 0.211479

6 37 0.25193

7 37 0.291386

8 37 0.329693

9 37 0.366699

10 37 0.402257

11 37 0.436228

12 37 0.468477

13 37 0.498877

14 37 0.527309

15 37 0.553659

16 37 0.577825

17 37 0.59971

18 37 0.619228

19 37 0.636302

20 37 0.650865

21 37 0.66286

22 37 0.672239

23 37 0.678964

24 37 0.68301

25 37 0.68436

26 37 0.68301

27 37 0.678964

28 37 0.672239

29 37 0.66286

30 37 0.650865

31 37 0.636302

32 37 0.619228

33 37 0.59971

34 37 0.577825

35 37 0.553659

36 37 0.527309

37 37 0.498877

38 37 0.468477

39 37 0.436228

40 37 0.402257

41 37 0.366699

42 37 0.329693

43 37 0.291386

44 37 0.25193

45 37 0.211479

46 37 0.170194

47 37 0.128236

48 37 0.0857731

49 37 0.0429713

50 37 0

0 38 0

1 38 0.0403528

2 38 0.0805463

3 38 0.120422

4 38 0.159822

5 38 0.198592

6 38 0.236578

7 38 0.27363

8 38 0.309602

9 38 0.344353

10 38 0.377744

11 38 0.409645

12 38 0.439929

13 38 0.468477

14 38 0.495176

15 38 0.519921

16 38 0.542613

17 38 0.563165

18 38 0.581494

19 38 0.597528

20 38 0.611203

21 38 0.622467

22 38 0.631274

23 38 0.63759

24 38 0.641389

25 38 0.642657

26 38 0.641389

27 38 0.63759

28 38 0.631274

29 38 0.622467

30 38 0.611203

31 38 0.597528

32 38 0.581494

33 38 0.563165

34 38 0.542613

35 38 0.519921

36 38 0.495176

37 38 0.468477

38 38 0.439929

39 38 0.409645

40 38 0.377744

41 38 0.344353

42 38 0.309602

43 38 0.27363

44 38 0.236578

45 38 0.198592

46 38 0.159822

47 38 0.120422

48 38 0.0805463

49 38 0.0403528

50 38 0

0 39 0

1 39 0.037575

2 39 0.0750016

3 39 0.112132

4 39 0.14882

5 39 0.184921

6 39 0.220292

7 39 0.254794

8 39 0.28829

9 39 0.320648

10 39 0.351741

11 39 0.381446

12 39 0.409645

13 39 0.436228

14 39 0.461089

15 39 0.48413

16 39 0.505261

17 39 0.524397

18 39 0.541465

19 39 0.556395

20 39 0.569129

21 39 0.579617

22 39 0.587818

23 39 0.593699

24 39 0.597237

25 39 0.598418

26 39 0.597237

27 39 0.593699

28 39 0.587818

29 39 0.579617

30 39 0.569129

31 39 0.556395

32 39 0.541465

33 39 0.524397

34 39 0.505261

35 39 0.48413

36 39 0.461089

37 39 0.436228

38 39 0.409645

39 39 0.381446

40 39 0.351741

41 39 0.320648

42 39 0.28829

43 39 0.254794

44 39 0.220292

45 39 0.184921

46 39 0.14882

47 39 0.112132

48 39 0.0750016

49 39 0.037575

50 39 0

0 40 0

1 40 0.0346488

2 40 0.069161

3 40 0.1034

4 40 0.137231

5 40 0.170521

6 40 0.203137

7 40 0.234952

8 40 0.26584

9 40 0.295678

10 40 0.32435

11 40 0.351741

12 40 0.377744

13 40 0.402257

14 40 0.425182

15 40 0.446429

16 40 0.465914

17 40 0.483561

18 40 0.499299

19 40 0.513066

20 40 0.524809

21 40 0.53448

22 40 0.542042

23 40 0.547465

24 40 0.550728

25 40 0.551817

26 40 0.550728

27 40 0.547465

28 40 0.542042

29 40 0.53448

30 40 0.524809

31 40 0.513066

32 40 0.499299

33 40 0.483561

34 40 0.465914

35 40 0.446429

36 40 0.425182

37 40 0.402257

38 40 0.377744

39 40 0.351741

40 40 0.32435

41 40 0.295678

42 40 0.26584

43 40 0.234952

44 40 0.203137

45 40 0.170521

46 40 0.137231

47 40 0.1034

48 40 0.069161

49 40 0.0346488

50 40 0

0 41 0

1 41 0.031586

2 41 0.0630473

3 41 0.0942599

4 41 0.1251

5 41 0.155447

6 41 0.18518

7 41 0.214183

8 41 0.24234

9 41 0.269541

10 41 0.295678

11 41 0.320648

12 41 0.344353

13 41 0.366699

14 41 0.387597

15 41 0.406966

16 41 0.424729

17 41 0.440815

18 41 0.455162

19 41 0.467713

20 41 0.478417

21 41 0.487234

22 41 0.494127

23 41 0.499071

24 41 0.502045

25 41 0.503038

26 41 0.502045

27 41 0.499071

28 41 0.494127

29 41 0.487234

30 41 0.478417

31 41 0.467713

32 41 0.455162

33 41 0.440815

34 41 0.424729

35 41 0.406966

36 41 0.387597

37 41 0.366699

38 41 0.344353

39 41 0.320648

40 41 0.295678

41 41 0.269541

42 41 0.24234

43 41 0.214183

44 41 0.18518

45 41 0.155447

46 41 0.1251

47 41 0.0942599

48 41 0.0630473

49 41 0.031586

50 41 0

0 42 0

1 42 0.0283985

2 42 0.0566849

3 42 0.0847476

4 42 0.112476

5 42 0.13976

6 42 0.166493

7 42 0.192569

8 42 0.217884

9 42 0.24234

10 42 0.26584

11 42 0.28829

12 42 0.309602

13 42 0.329693

14 42 0.348483

15 42 0.365897

16 42 0.381867

17 42 0.39633

18 42 0.409229

19 42 0.420513

20 42 0.430138

21 42 0.438064

22 42 0.444262

23 42 0.448707

24 42 0.451381

25 42 0.452273

26 42 0.451381

27 42 0.448707

28 42 0.444262

29 42 0.438064

30 42 0.430138

31 42 0.420513

32 42 0.409229

33 42 0.39633

34 42 0.381867

35 42 0.365897

36 42 0.348483

37 42 0.329693

38 42 0.309602

39 42 0.28829

40 42 0.26584

41 42 0.24234

42 42 0.217884

43 42 0.192569

44 42 0.166493

45 42 0.13976

46 42 0.112476

47 42 0.0847476

48 42 0.0566849

49 42 0.0283985

50 42 0

0 43 0

1 43 0.0250989

2 43 0.0500987

3 43 0.0749009

4 43 0.0994074

5 43 0.123522

6 43 0.147148

7 43 0.170194

8 43 0.192569

9 43 0.214183

10 43 0.234952

11 43 0.254794

12 43 0.27363

13 43 0.291386

14 43 0.307993

15 43 0.323384

16 43 0.337498

17 43 0.350281

18 43 0.361681

19 43 0.371654

20 43 0.38016

21 43 0.387166

22 43 0.392644

23 43 0.396572

24 43 0.398936

25 43 0.399724

26 43 0.398936

27 43 0.396572

28 43 0.392644

29 43 0.387166

30 43 0.38016

31 43 0.371654

32 43 0.361681

33 43 0.350281

34 43 0.337498

35 43 0.323384

36 43 0.307993

37 43 0.291386

38 43 0.27363

39 43 0.254794

40 43 0.234952

41 43 0.214183

42 43 0.192569

43 43 0.170194

44 43 0.147148

45 43 0.123522

46 43 0.0994074

47 43 0.0749009

48 43 0.0500987

49 43 0.0250989

50 43 0

0 44 0

1 44 0.0217003

2 44 0.0433149

3 44 0.0647585

4 44 0.0859466

5 44 0.106796

6 44 0.127223

7 44 0.147148

8 44 0.166493

9 44 0.18518

10 44 0.203137

11 44 0.220292

12 44 0.236578

13 44 0.25193

14 44 0.266288

15 44 0.279594

16 44 0.291798

17 44 0.30285

18 44 0.312706

19 44 0.321329

20 44 0.328683

21 44 0.33474

22 44 0.339476

23 44 0.342873

24 44 0.344916

25 44 0.345598

26 44 0.344916

27 44 0.342873

28 44 0.339476

29 44 0.33474

30 44 0.328683

31 44 0.321329

32 44 0.312706

33 44 0.30285

34 44 0.291798

35 44 0.279594

36 44 0.266288

37 44 0.25193

38 44 0.236578

39 44 0.220292

40 44 0.203137

41 44 0.18518

42 44 0.166493

43 44 0.147148

44 44 0.127223

45 44 0.106796

46 44 0.0859466

47 44 0.0647585

48 44 0.0433149

49 44 0.0217003

50 44 0

0 45 0

1 45 0.018216

2 45 0.0363601

3 45 0.0543607

4 45 0.0721467

5 45 0.089648

6 45 0.106796

7 45 0.123522

8 45 0.13976

9 45 0.155447

10 45 0.170521

11 45 0.184921

12 45 0.198592

13 45 0.211479

14 45 0.223531

15 45 0.234702

16 45 0.244946

17 45 0.254223

18 45 0.262497

19 45 0.269735

20 45 0.275908

21 45 0.280993

22 45 0.284969

23 45 0.28782

24 45 0.289535

25 45 0.290107

26 45 0.289535

27 45 0.28782

28 45 0.284969

29 45 0.280993

30 45 0.275908

31 45 0.269735

32 45 0.262497

33 45 0.254223

34 45 0.244946

35 45 0.234702

36 45 0.223531

37 45 0.211479

38 45 0.198592

39 45 0.184921

40 45 0.170521

41 45 0.155447

42 45 0.13976

43 45 0.123522

44 45 0.106796

45 45 0.089648

46 45 0.0721467

47 45 0.0543607

48 45 0.0363601

49 45 0.018216

50 45 0

0 46 0

1 46 0.0146598

2 46 0.0292618

3 46 0.0437482

4 46 0.058062

5 46 0.0721467

6 46 0.0859466

7 46 0.0994074

8 46 0.112476

9 46 0.1251

10 46 0.137231

11 46 0.14882

12 46 0.159822

13 46 0.170194

14 46 0.179893

15 46 0.188883

16 46 0.197127

17 46 0.204593

18 46 0.211251

19 46 0.217076

20 46 0.222045

21 46 0.226137

22 46 0.229336

23 46 0.231631

24 46 0.233011

25 46 0.233472

26 46 0.233011

27 46 0.231631

28 46 0.229336

29 46 0.226137

30 46 0.222045

31 46 0.217076

32 46 0.211251

33 46 0.204593

34 46 0.197127

35 46 0.188883

36 46 0.179893

37 46 0.170194

38 46 0.159822

39 46 0.14882

40 46 0.137231

41 46 0.1251

42 46 0.112476

43 46 0.0994074

44 46 0.0859466

45 46 0.0721467

46 46 0.058062

47 46 0.0437482

48 46 0.0292618

49 46 0.0146598

50 46 0

0 47 0

1 47 0.0110458

2 47 0.022048

3 47 0.0329631

4 47 0.0437482

5 47 0.0543607

6 47 0.0647585

7 47 0.0749009

8 47 0.0847476

9 47 0.0942599

10 47 0.1034

11 47 0.112132

12 47 0.120422

13 47 0.128236

14 47 0.135545

15 47 0.142318

16 47 0.14853

17 47 0.154155

18 47 0.159172

19 47 0.163561

20 47 0.167305

21 47 0.170388

22 47 0.172799

23 47 0.174528

24 47 0.175568

25 47 0.175915

26 47 0.175568

27 47 0.174528

28 47 0.172799

29 47 0.170388

30 47 0.167305

31 47 0.163561

32 47 0.159172

33 47 0.154155

34 47 0.14853

35 47 0.142318

36 47 0.135545

37 47 0.128236

38 47 0.120422

39 47 0.112132

40 47 0.1034

41 47 0.0942599

42 47 0.0847476

43 47 0.0749009

44 47 0.0647585

45 47 0.0543607

46 47 0.0437482

47 47 0.0329631

48 47 0.022048

49 47 0.0110458

50 47 0

0 48 0

1 48 0.00738816

2 48 0.0147472

3 48 0.022048

4 48 0.0292618

5 48 0.0363601

6 48 0.0433149

7 48 0.0500987

8 48 0.0566849

9 48 0.0630473

10 48 0.069161

11 48 0.0750016

12 48 0.0805463

13 48 0.0857731

14 48 0.0906614

15 48 0.0951919

16 48 0.0993467

17 48 0.103109

18 48 0.106465

19 48 0.109401

20 48 0.111905

21 48 0.113967

22 48 0.115579

23 48 0.116736

24 48 0.117431

25 48 0.117664

26 48 0.117431

27 48 0.116736

28 48 0.115579

29 48 0.113967

30 48 0.111905

31 48 0.109401

32 48 0.106465

33 48 0.103109

34 48 0.0993467

35 48 0.0951919

36 48 0.0906614

37 48 0.0857731

38 48 0.0805463

39 48 0.0750016

40 48 0.069161

41 48 0.0630473

42 48 0.0566849

43 48 0.0500987

44 48 0.0433149

45 48 0.0363601

46 48 0.0292618

47 48 0.022048

48 48 0.0147472

49 48 0.00738816

50 48 0

0 49 0

1 49 0.00370138

2 49 0.00738816

3 49 0.0110458

4 49 0.0146598

5 49 0.018216

6 49 0.0217003

7 49 0.0250989

8 49 0.0283985

9 49 0.031586

10 49 0.0346488

11 49 0.037575

12 49 0.0403528

13 49 0.0429713

14 49 0.0454203

15 49 0.04769

16 49 0.0497716

17 49 0.0516567

18 49 0.0533379

19 49 0.0548086

20 49 0.056063

21 49 0.0570962

22 49 0.057904

23 49 0.0584833

24 49 0.0588318

25 49 0.0589481

26 49 0.0588318

27 49 0.0584833

28 49 0.057904

29 49 0.0570962

30 49 0.056063

31 49 0.0548086

32 49 0.0533379

33 49 0.0516567

34 49 0.0497716

35 49 0.04769

36 49 0.0454203

37 49 0.0429713

38 49 0.0403528

39 49 0.037575

40 49 0.0346488

41 49 0.031586

42 49 0.0283985

43 49 0.0250989

44 49 0.0217003

45 49 0.018216

46 49 0.0146598

47 49 0.0110458

48 49 0.00738816

49 49 0.00370138

50 49 0

