0 1 0

1 1 0.000184385

2 1 0.000368043

3 1 0.000550248

4 1 0.000730281

5 1 0.000907433

6 1 0.001081

7 1 0.00125031

8 1 0.00141468

9 1 0.00157346

10 1 0.00172604

11 1 0.0018718

12 1 0.00201018

13 1 0.00214063

14 1 0.00226262

15 1 0.00237569

16 1 0.00247938

17 1 0.00257329

18 1 0.00265704

19 1 0.0027303

20 1 0.00279279

21 1 0.00284426

22 1 0.0028845

23 1 0.00291336

24 1 0.00293072

25 1 0.00293651

26 1 0.00293072

27 1 0.00291336

28 1 0.0028845

29 1 0.00284426

30 1 0.00279279

31 1 0.0027303

32 1 0.00265704

33 1 0.00257329

34 1 0.00247938

35 1 0.00237569

36 1 0.00226262

37 1 0.00214063

38 1 0.00201018

39 1 0.0018718

40 1 0.00172604

41 1 0.00157346

42 1 0.00141468

43 1 0.00125031

44 1 0.001081

45 1 0.000907433

46 1 0.000730281

47 1 0.000550248

48 1 0.000368043

49 1 0.000184385

50 1 0

0 2 0

1 2 0.000368043

2 2 0.000734633

3 2 0.00109832

4 2 0.00145768

5 2 0.00181128

6 2 0.00215774

7 2 0.00249568

8 2 0.00282377

9 2 0.00314072

10 2 0.00344527

11 2 0.00373622

12 2 0.00401243

13 2 0.0042728

14 2 0.00451632

15 2 0.004742

16 2 0.00494898

17 2 0.00513642

18 2 0.00530359

19 2 0.00544983

20 2 0.00557456

21 2 0.00567729

22 2 0.00575762

23 2 0.00581522

24 2 0.00584987

25 2 0.00586144

26 2 0.00584987

27 2 0.00581522

28 2 0.00575762

29 2 0.00567729

30 2 0.00557456

31 2 0.00544983

32 2 0.00530359

33 2 0.00513642

34 2 0.00494898

35 2 0.004742

36 2 0.00451632

37 2 0.0042728

38 2 0.00401243

39 2 0.00373622

40 2 0.00344527

41 2 0.00314072

42 2 0.00282377

43 2 0.00249568

44 2 0.00215774

45 2 0.00181128

46 2 0.00145768

47 2 0.00109832

48 2 0.000734633

49 2 0.000368043

50 2 0

0 3 0

1 3 0.000550248

2 3 0.00109832

3 3 0.00164207

4 3 0.00217933

5 3 0.00270799

6 3 0.00322596

7 3 0.0037312

8 3 0.00422172

9 3 0.00469557

10 3 0.0051509

11 3 0.00558589

12 3 0.00599884

13 3 0.00638812

14 3 0.00675218

15 3 0.0070896

16 3 0.00739904

17 3 0.00767928

18 3 0.00792921

19 3 0.00814785

20 3 0.00833433

21 3 0.00848792

22 3 0.00860801

23 3 0.00869413

24 3 0.00874594

25 3 0.00876323

26 3 0.00874594

27 3 0.00869413

28 3 0.00860801

29 3 0.00848792

30 3 0.00833433

31 3 0.00814785

32 3 0.00792921

33 3 0.00767928

34 3 0.00739904

35 3 0.0070896

36 3 0.00675218

37 3 0.00638812

38 3 0.00599884

39 3 0.00558589

40 3 0.0051509

41 3 0.00469557

42 3 0.00422172

43 3 0.0037312

44 3 0.00322596

45 3 0.00270799

46 3 0.00217933

47 3 0.00164207

48 3 0.00109832

49 3 0.000550248

50 3 0

0 4 0

1 4 0.000730281

2 4 0.00145768

3 4 0.00217933

4 4 0.00289237

5 4 0.003594

6 4 0.00428145

7 4 0.004952

8 4 0.00560301

9 4 0.0062319

10 4 0.0068362

11 4 0.00741352

12 4 0.00796158

13 4 0.00847822

14 4 0.00896141

15 4 0.00940922

16 4 0.0098199

17 4 0.0101918

18 4 0.0105235

19 4 0.0108137

20 4 0.0110612

21 4 0.011265

22 4 0.0114244

23 4 0.0115387

24 4 0.0116075

25 4 0.0116304

26 4 0.0116075

27 4 0.0115387

28 4 0.0114244

29 4 0.011265

30 4 0.0110612

31 4 0.0108137

32 4 0.0105235

33 4 0.0101918

34 4 0.0098199

35 4 0.00940922

36 4 0.00896141

37 4 0.00847822

38 4 0.00796158

39 4 0.00741352

40 4 0.0068362

41 4 0.0062319

42 4 0.00560301

43 4 0.004952

44 4 0.00428145

45 4 0.003594

46 4 0.00289237

47 4 0.00217933

48 4 0.00145768

49 4 0.000730281

50 4 0

0 5 0

1 5 0.000907433

2 5 0.00181128

3 5 0.00270799

4 5 0.003594

5 5 0.00446583

6 5 0.00532004

7 5 0.00615325

8 5 0.00696218

9 5 0.00774363

10 5 0.00849452

11 5 0.00921189

12 5 0.0098929

13 5 0.0105349

14 5 0.0111353

15 5 0.0116917

16 5 0.012202

17 5 0.0126642

18 5 0.0130763

19 5 0.0134369

20 5 0.0137444

21 5 0.0139977

22 5 0.0141958

23 5 0.0143378

24 5 0.0144232

25 5 0.0144517

26 5 0.0144232

27 5 0.0143378

28 5 0.0141958

29 5 0.0139977

30 5 0.0137444

31 5 0.0134369

32 5 0.0130763

33 5 0.0126642

34 5 0.012202

35 5 0.0116917

36 5 0.0111353

37 5 0.0105349

38 5 0.0098929

39 5 0.00921189

40 5 0.00849452

41 5 0.00774363

42 5 0.00696218

43 5 0.00615325

44 5 0.00532004

45 5 0.00446583

46 5 0.003594

47 5 0.00270799

48 5 0.00181128

49 5 0.000907433

50 5 0

0 6 0

1 6 0.001081

2 6 0.00215774

3 6 0.00322596

4 6 0.00428145

5 6 0.00532004

6 6 0.00633764

7 6 0.00733022

8 6 0.00829388

9 6 0.0092248

10 6 0.0101193

11 6 0.0109739

12 6 0.0117852

13 6 0.0125499

14 6 0.0132652

15 6 0.0139281

16 6 0.014536

17 6 0.0150865

18 6 0.0155775

19 6 0.016007

20 6 0.0163734

21 6 0.0166751

22 6 0.0169111

23 6 0.0170803

24 6 0.017182

25 6 0.017216

26 6 0.017182

27 6 0.0170803

28 6 0.0169111

29 6 0.0166751

30 6 0.0163734

31 6 0.016007

32 6 0.0155775

33 6 0.0150865

34 6 0.014536

35 6 0.0139281

36 6 0.0132652

37 6 0.0125499

38 6 0.0117852

39 6 0.0109739

40 6 0.0101193

41 6 0.0092248

42 6 0.00829388

43 6 0.00733022

44 6 0.00633764

45 6 0.00532004

46 6 0.00428145

47 6 0.00322596

48 6 0.00215774

49 6 0.001081

50 6 0

0 7 0

1 7 0.00125031

2 7 0.00249568

3 7 0.0037312

4 7 0.004952

5 7 0.00615325

6 7 0.00733022

7 7 0.00847827

8 7 0.00959285

9 7 0.0106696

10 7 0.0117042

11 7 0.0126926

12 7 0.0136309

13 7 0.0145155

14 7 0.0153427

15 7 0.0161094

16 7 0.0168126

17 7 0.0174493

18 7 0.0180172

19 7 0.018514

20 7 0.0189378

21 7 0.0192868

22 7 0.0195596

23 7 0.0197553

24 7 0.0198731

25 7 0.0199123

26 7 0.0198731

27 7 0.0197553

28 7 0.0195596

29 7 0.0192868

30 7 0.0189378

31 7 0.018514

32 7 0.0180172

33 7 0.0174493

34 7 0.0168126

35 7 0.0161094

36 7 0.0153427

37 7 0.0145155

38 7 0.0136309

39 7 0.0126926

40 7 0.0117042

41 7 0.0106696

42 7 0.00959285

43 7 0.00847827

44 7 0.00733022

45 7 0.00615325

46 7 0.004952

47 7 0.0037312

48 7 0.00249568

49 7 0.00125031

50 7 0

0 8 0

1 8 0.00141468

2 8 0.00282377

3 8 0.00422172

4 8 0.00560301

5 8 0.00696218

6 8 0.00829388

7 8 0.00959285

8 8 0.010854

9 8 0.0120722

10 8 0.0132429

11 8 0.0143612

12 8 0.0154229

13 8 0.0164237

14 8 0.0173597

15 8 0.0182272

16 8 0.0190228

17 8 0.0197433

18 8 0.0203858

19 8 0.020948

20 8 0.0214274

21 8 0.0218223

22 8 0.022131

23 8 0.0223524

24 8 0.0224856

25 8 0.0225301

26 8 0.0224856

27 8 0.0223524

28 8 0.022131

29 8 0.0218223

30 8 0.0214274

31 8 0.020948

32 8 0.0203858

33 8 0.0197433

34 8 0.0190228

35 8 0.0182272

36 8 0.0173597

37 8 0.0164237

38 8 0.0154229

39 8 0.0143612

40 8 0.0132429

41 8 0.0120722

42 8 0.010854

43 8 0.00959285

44 8 0.00829388

45 8 0.00696218

46 8 0.00560301

47 8 0.00422172

48 8 0.00282377

49 8 0.00141468

50 8 0

0 9 0

1 9 0.00157346

2 9 0.00314072

3 9 0.00469557

4 9 0.0062319

5 9 0.00774363

6 9 0.0092248

7 9 0.0106696

8 9 0.0120722

9 9 0.0134272

10 9 0.0147293

11 9 0.0159732

12 9 0.017154

13 9 0.0182672

14 9 0.0193082

15 9 0.0202731

16 9 0.0211579

17 9 0.0219593

18 9 0.022674

19 9 0.0232992

20 9 0.0238324

21 9 0.0242716

22 9 0.0246151

23 9 0.0248613

24 9 0.0250095

25 9 0.0250589

26 9 0.0250095

27 9 0.0248613

28 9 0.0246151

29 9 0.0242716

30 9 0.0238324

31 9 0.0232992

32 9 0.022674

33 9 0.0219593

34 9 0.0211579

35 9 0.0202731

36 9 0.0193082

37 9 0.0182672

38 9 0.017154

39 9 0.0159732

40 9 0.0147293

41 9 0.0134272

42 9 0.0120722

43 9 0.0106696

44 9 0.0092248

45 9 0.00774363

46 9 0.0062319

47 9 0.00469557

48 9 0.00314072

49 9 0.00157346

50 9 0

0 10 0

1 10 0.00172604

2 10 0.00344527

3 10 0.0051509

4 10 0.0068362

5 10 0.00849452

6 10 0.0101193

7 10 0.0117042

8 10 0.0132429

9 10 0.0147293

10 10 0.0161575

11 10 0.0175221

12 10 0.0188174

13 10 0.0200385

14 10 0.0211805

15 10 0.0222389

16 10 0.0232096

17 10 0.0240887

18 10 0.0248727

19 10 0.0255585

20 10 0.0261435

21 10 0.0266252

22 10 0.027002

23 10 0.0272721

24 10 0.0274346

25 10 0.0274889

26 10 0.0274346

27 10 0.0272721

28 10 0.027002

29 10 0.0266252

30 10 0.0261435

31 10 0.0255585

32 10 0.0248727

33 10 0.0240887

34 10 0.0232096

35 10 0.0222389

36 10 0.0211805

37 10 0.0200385

38 10 0.0188174

39 10 0.0175221

40 10 0.0161575

41 10 0.0147293

42 10 0.0132429

43 10 0.0117042

44 10 0.0101193

45 10 0.00849452

46 10 0.0068362

47 10 0.0051509

48 10 0.00344527

49 10 0.00172604

50 10 0

0 11 0

1 11 0.0018718

2 11 0.00373622

3 11 0.00558589

4 11 0.00741352

5 11 0.00921189

6 11 0.0109739

7 11 0.0126926

8 11 0.0143612

9 11 0.0159732

10 11 0.0175221

11 11 0.0190018

12 11 0.0204066

13 11 0.0217308

14 11 0.0229692

15 11 0.024117

16 11 0.0251697

17 11 0.026123

18 11 0.0269732

19 11 0.0277169

20 11 0.0283513

21 11 0.0288738

22 11 0.0292823

23 11 0.0295752

24 11 0.0297515

25 11 0.0298103

26 11 0.0297515

27 11 0.0295752

28 11 0.0292823

29 11 0.0288738

30 11 0.0283513

31 11 0.0277169

32 11 0.0269732

33 11 0.026123

34 11 0.0251697

35 11 0.024117

36 11 0.0229692

37 11 0.0217308

38 11 0.0204066

39 11 0.0190018

40 11 0.0175221

41 11 0.0159732

42 11 0.0143612

43 11 0.0126926

44 11 0.0109739

45 11 0.00921189

46 11 0.00741352

47 11 0.00558589

48 11 0.00373622

49 11 0.0018718

50 11 0

0 12 0

1 12 0.00201018

2 12 0.00401243

3 12 0.00599884

4 12 0.00796158

5 12 0.0098929

6 12 0.0117852

7 12 0.0136309

8 12 0.0154229

9 12 0.017154

10 12 0.0188174

11 12 0.0204066

12 12 0.0219152

13 12 0.0233373

14 12 0.0246673

15 12 0.0258999

16 12 0.0270304

17 12 0.0280542

18 12 0.0289672

19 12 0.029766

20 12 0.0304472

21 12 0.0310083

22 12 0.031447

23 12 0.0317617

24 12 0.0319509

25 12 0.0320141

26 12 0.0319509

27 12 0.0317617

28 12 0.031447

29 12 0.0310083

30 12 0.0304472

31 12 0.029766

32 12 0.0289672

33 12 0.0280542

34 12 0.0270304

35 12 0.0258999

36 12 0.0246673

37 12 0.0233373

38 12 0.0219152

39 12 0.0204066

40 12 0.0188174

41 12 0.017154

42 12 0.0154229

43 12 0.0136309

44 12 0.0117852

45 12 0.0098929

46 12 0.00796158

47 12 0.00599884

48 12 0.00401243

49 12 0.00201018

50 12 0

0 13 0

1 13 0.00214063

2 13 0.0042728

3 13 0.00638812

4 13 0.00847822

5 13 0.0105349

6 13 0.0125499

7 13 0.0145155

8 13 0.0164237

9 13 0.0182672

10 13 0.0200385

11 13 0.0217308

12 13 0.0233373

13 13 0.0248517

14 13 0.026268

15 13 0.0275806

16 13 0.0287844

17 13 0.0298747

18 13 0.030847

19 13 0.0316975

20 13 0.032423

21 13 0.0330205

22 13 0.0334877

23 13 0.0338227

24 13 0.0340243

25 13 0.0340916

26 13 0.0340243

27 13 0.0338227

28 13 0.0334877

29 13 0.0330205

30 13 0.032423

31 13 0.0316975

32 13 0.030847

33 13 0.0298747

34 13 0.0287844

35 13 0.0275806

36 13 0.026268

37 13 0.0248517

38 13 0.0233373

39 13 0.0217308

40 13 0.0200385

41 13 0.0182672

42 13 0.0164237

43 13 0.0145155

44 13 0.0125499

45 13 0.0105349

46 13 0.00847822

47 13 0.00638812

48 13 0.0042728

49 13 0.00214063

50 13 0

0 14 0

1 14 0.00226262

2 14 0.00451632

3 14 0.00675218

4 14 0.00896141

5 14 0.0111353

6 14 0.0132652

7 14 0.0153427

8 14 0.0173597

9 14 0.0193082

10 14 0.0211805

11 14 0.0229692

12 14 0.0246673

13 14 0.026268

14 14 0.027765

15 14 0.0291525

16 14 0.0304249

17 14 0.0315772

18 14 0.032605

19 14 0.033504

20 14 0.0342708

21 14 0.0349024

22 14 0.0353962

23 14 0.0357503

24 14 0.0359634

25 14 0.0360345

26 14 0.0359634

27 14 0.0357503

28 14 0.0353962

29 14 0.0349024

30 14 0.0342708

31 14 0.033504

32 14 0.032605

33 14 0.0315772

34 14 0.0304249

35 14 0.0291525

36 14 0.027765

37 14 0.026268

38 14 0.0246673

39 14 0.0229692

40 14 0.0211805

41 14 0.0193082

42 14 0.0173597

43 14 0.0153427

44 14 0.0132652

45 14 0.0111353

46 14 0.00896141

47 14 0.00675218

48 14 0.00451632

49 14 0.00226262

50 14 0

0 15 0

1 15 0.00237569

2 15 0.004742

3 15 0.0070896

4 15 0.00940922

5 15 0.0116917

6 15 0.0139281

7 15 0.0161094

8 15 0.0182272

9 15 0.0202731

10 15 0.0222389

11 15 0.024117

12 15 0.0258999

13 15 0.0275806

14 15 0.0291525

15 15 0.0306093

16 15 0.0319453

17 15 0.0331552

18 15 0.0342343

19 15 0.0351782

20 15 0.0359834

21 15 0.0366465

22 15 0.037165

23 15 0.0375368

24 15 0.0377605

25 15 0.0378352

26 15 0.0377605

27 15 0.0375368

28 15 0.037165

29 15 0.0366465

30 15 0.0359834

31 15 0.0351782

32 15 0.0342343

33 15 0.0331552

34 15 0.0319453

35 15 0.0306093

36 15 0.0291525

37 15 0.0275806

38 15 0.0258999

39 15 0.024117

40 15 0.0222389

41 15 0.0202731

42 15 0.0182272

43 15 0.0161094

44 15 0.0139281

45 15 0.0116917

46 15 0.00940922

47 15 0.0070896

48 15 0.004742

49 15 0.00237569

50 15 0

0 16 0

1 16 0.00247938

2 16 0.00494898

3 16 0.00739904

4 16 0.0098199

5 16 0.012202

6 16 0.014536

7 16 0.0168126

8 16 0.0190228

9 16 0.0211579

10 16 0.0232096

11 16 0.0251697

12 16 0.0270304

13 16 0.0287844

14 16 0.0304249

15 16 0.0319453

16 16 0.0333396

17 16 0.0346023

18 16 0.0357285

19 16 0.0367137

20 16 0.0375539

21 16 0.038246

22 16 0.0387871

23 16 0.0391752

24 16 0.0394086

25 16 0.0394865

26 16 0.0394086

27 16 0.0391752

28 16 0.0387871

29 16 0.038246

30 16 0.0375539

31 16 0.0367137

32 16 0.0357285

33 16 0.0346023

34 16 0.0333396

35 16 0.0319453

36 16 0.0304249

37 16 0.0287844

38 16 0.0270304

39 16 0.0251697

40 16 0.0232096

41 16 0.0211579

42 16 0.0190228

43 16 0.0168126

44 16 0.014536

45 16 0.012202

46 16 0.0098199

47 16 0.00739904

48 16 0.00494898

49 16 0.00247938

50 16 0

0 17 0

1 17 0.00257329

2 17 0.00513642

3 17 0.00767928

4 17 0.0101918

5 17 0.0126642

6 17 0.0150865

7 17 0.0174493

8 17 0.0197433

9 17 0.0219593

10 17 0.0240887

11 17 0.026123

12 17 0.0280542

13 17 0.0298747

14 17 0.0315772

15 17 0.0331552

16 17 0.0346023

17 17 0.0359129

18 17 0.0370817

19 17 0.0381042

20 17 0.0389763

21 17 0.0396946

22 17 0.0402562

23 17 0.0406589

24 17 0.0409012

25 17 0.0409821

26 17 0.0409012

27 17 0.0406589

28 17 0.0402562

29 17 0.0396946

30 17 0.0389763

31 17 0.0381042

32 17 0.0370817

33 17 0.0359129

34 17 0.0346023

35 17 0.0331552

36 17 0.0315772

37 17 0.0298747

38 17 0.0280542

39 17 0.026123

40 17 0.0240887

41 17 0.0219593

42 17 0.0197433

43 17 0.0174493

44 17 0.0150865

45 17 0.0126642

46 17 0.0101918

47 17 0.00767928

48 17 0.00513642

49 17 0.00257329

50 17 0

0 18 0

1 18 0.00265704

2 18 0.00530359

3 18 0.00792921

4 18 0.0105235

5 18 0.0130763

6 18 0.0155775

7 18 0.0180172

8 18 0.0203858

9 18 0.022674

10 18 0.0248727

11 18 0.0269732

12 18 0.0289672

13 18 0.030847

14 18 0.032605

15 18 0.0342343

16 18 0.0357285

17 18 0.0370817

18 18 0.0382886

19 18 0.0393443

20 18 0.0402448

21 18 0.0409865

22 18 0.0415664

23 18 0.0419822

24 18 0.0422324

25 18 0.0423159

26 18 0.0422324

27 18 0.0419822

28 18 0.0415664

29 18 0.0409865

30 18 0.0402448

31 18 0.0393443

32 18 0.0382886

33 18 0.0370817

34 18 0.0357285

35 18 0.0342343

36 18 0.032605

37 18 0.030847

38 18 0.0289672

39 18 0.0269732

40 18 0.0248727

41 18 0.022674

42 18 0.0203858

43 18 0.0180172

44 18 0.0155775

45 18 0.0130763

46 18 0.0105235

47 18 0.00792921

48 18 0.00530359

49 18 0.00265704

50 18 0

0 19 0

1 19 0.0027303

2 19 0.00544983

3 19 0.00814785

4 19 0.0108137

5 19 0.0134369

6 19 0.016007

7 19 0.018514

8 19 0.020948

9 19 0.0232992

10 19 0.0255585

11 19 0.0277169

12 19 0.029766

13 19 0.0316975

14 19 0.033504

15 19 0.0351782

16 19 0.0367137

17 19 0.0381042

18 19 0.0393443

19 19 0.0404292

20 19 0.0413545

21 19 0.0421166

22 19 0.0427125

23 19 0.0431398

24 19 0.0433969

25 19 0.0434827

26 19 0.0433969

27 19 0.0431398

28 19 0.0427125

29 19 0.0421166

30 19 0.0413545

31 19 0.0404292

32 19 0.0393443

33 19 0.0381042

34 19 0.0367137

35 19 0.0351782

36 19 0.033504

37 19 0.0316975

38 19 0.029766

39 19 0.0277169

40 19 0.0255585

41 19 0.0232992

42 19 0.020948

43 19 0.018514

44 19 0.016007

45 19 0.0134369

46 19 0.0108137

47 19 0.00814785

48 19 0.00544983

49 19 0.0027303

50 19 0

0 20 0

1 20 0.00279279

2 20 0.00557456

3 20 0.00833433

4 20 0.0110612

5 20 0.0137444

6 20 0.0163734

7 20 0.0189378

8 20 0.0214274

9 20 0.0238324

10 20 0.0261435

11 20 0.0283513

12 20 0.0304472

13 20 0.032423

14 20 0.0342708

15 20 0.0359834

16 20 0.0375539

17 20 0.0389763

18 20 0.0402448

19 20 0.0413545

20 20 0.042301

21 20 0.0430805

22 20 0.0436901

23 20 0.0441272

24 20 0.0443901

25 20 0.0444779

26 20 0.0443901

27 20 0.0441272

28 20 0.0436901

29 20 0.0430805

30 20 0.042301

31 20 0.0413545

32 20 0.0402448

33 20 0.0389763

34 20 0.0375539

35 20 0.0359834

36 20 0.0342708

37 20 0.032423

38 20 0.0304472

39 20 0.0283513

40 20 0.0261435

41 20 0.0238324

42 20 0.0214274

43 20 0.0189378

44 20 0.0163734

45 20 0.0137444

46 20 0.0110612

47 20 0.00833433

48 20 0.00557456

49 20 0.00279279

50 20 0

0 21 0

1 21 0.00284426

2 21 0.00567729

3 21 0.00848792

4 21 0.011265

5 21 0.0139977

6 21 0.0166751

7 21 0.0192868

8 21 0.0218223

9 21 0.0242716

10 21 0.0266252

11 21 0.0288738

12 21 0.0310083

13 21 0.0330205

14 21 0.0349024

15 21 0.0366465

16 21 0.038246

17 21 0.0396946

18 21 0.0409865

19 21 0.0421166

20 21 0.0430805

21 21 0.0438745

22 21 0.0444952

23 21 0.0449404

24 21 0.0452082

25 21 0.0452976

26 21 0.0452082

27 21 0.0449404

28 21 0.0444952

29 21 0.0438745

30 21 0.0430805

31 21 0.0421166

32 21 0.0409865

33 21 0.0396946

34 21 0.038246

35 21 0.0366465

36 21 0.0349024

37 21 0.0330205

38 21 0.0310083

39 21 0.0288738

40 21 0.0266252

41 21 0.0242716

42 21 0.0218223

43 21 0.0192868

44 21 0.0166751

45 21 0.0139977

46 21 0.011265

47 21 0.00848792

48 21 0.00567729

49 21 0.00284426

50 21 0

0 22 0

1 22 0.0028845

2 22 0.00575762

3 22 0.00860801

4 22 0.0114244

5 22 0.0141958

6 22 0.0169111

7 22 0.0195596

8 22 0.022131

9 22 0.0246151

10 22 0.027002

11 22 0.0292823

12 22 0.031447

13 22 0.0334877

14 22 0.0353962

15 22 0.037165

16 22 0.0387871

17 22 0.0402562

18 22 0.0415664

19 22 0.0427125

20 22 0.0436901

21 22 0.0444952

22 22 0.0451248

23 22 0.0455762

24 22 0.0458478

25 22 0.0459385

26 22 0.0458478

27 22 0.0455762

28 22 0.0451248

29 22 0.0444952

30 22 0.0436901

31 22 0.0427125

32 22 0.0415664

33 22 0.0402562

34 22 0.0387871

35 22 0.037165

36 22 0.0353962

37 22 0.0334877

38 22 0.031447

39 22 0.0292823

40 22 0.027002

41 22 0.0246151

42 22 0.022131

43 22 0.0195596

44 22 0.0169111

45 22 0.0141958

46 22 0.0114244

47 22 0.00860801

48 22 0.00575762

49 22 0.0028845

50 22 0

0 23 0

1 23 0.00291336

2 23 0.00581522

3 23 0.00869413

4 23 0.0115387

5 23 0.0143378

6 23 0.0170803

7 23 0.0197553

8 23 0.0223524

9 23 0.0248613

10 23 0.0272721

11 23 0.0295752

12 23 0.0317617

13 23 0.0338227

14 23 0.0357503

15 23 0.0375368

16 23 0.0391752

17 23 0.0406589

18 23 0.0419822

19 23 0.0431398

20 23 0.0441272

21 23 0.0449404

22 23 0.0455762

23 23 0.0460322

24 23 0.0463065

25 23 0.0463981

26 23 0.0463065

27 23 0.0460322

28 23 0.0455762

29 23 0.0449404

30 23 0.0441272

31 23 0.0431398

32 23 0.0419822

33 23 0.0406589

34 23 0.0391752

35 23 0.0375368

36 23 0.0357503

37 23 0.0338227

38 23 0.0317617

39 23 0.0295752

40 23 0.0272721

41 23 0.0248613

42 23 0.0223524

43 23 0.0197553

44 23 0.0170803

45 23 0.0143378

46 23 0.0115387

47 23 0.00869413

48 23 0.00581522

49 23 0.00291336

50 23 0

0 24 0

1 24 0.00293072

2 24 0.00584987

3 24 0.00874594

4 24 0.0116075

5 24 0.0144232

6 24 0.017182

7 24 0.0198731

8 24 0.0224856

9 24 0.0250095

10 24 0.0274346

11 24 0.0297515

12 24 0.0319509

13 24 0.0340243

14 24 0.0359634

15 24 0.0377605

16 24 0.0394086

17 24 0.0409012

18 24 0.0422324

19 24 0.0433969

20 24 0.0443901

21 24 0.0452082

22 24 0.0458478

23 24 0.0463065

24 24 0.0465824

25 24 0.0466745

26 24 0.0465824

27 24 0.0463065

28 24 0.0458478

29 24 0.0452082

30 24 0.0443901

31 24 0.0433969

32 24 0.0422324

33 24 0.0409012

34 24 0.0394086

35 24 0.0377605

36 24 0.0359634

37 24 0.0340243

38 24 0.0319509

39 24 0.0297515

40 24 0.0274346

41 24 0.0250095

42 24 0.0224856

43 24 0.0198731

44 24 0.017182

45 24 0.0144232

46 24 0.0116075

47 24 0.00874594

48 24 0.00584987

49 24 0.00293072

50 24 0

0 25 0

1 25 0.00293651

2 25 0.00586144

3 25 0.00876323

4 25 0.0116304

5 25 0.0144517

6 25 0.017216

7 25 0.0199123

8 25 0.0225301

9 25 0.0250589

10 25 0.0274889

11 25 0.0298103

12 25 0.0320141

13 25 0.0340916

14 25 0.0360345

15 25 0.0378352

16 25 0.0394865

17 25 0.0409821

18 25 0.0423159

19 25 0.0434827

20 25 0.0444779

21 25 0.0452976

22 25 0.0459385

23 25 0.0463981

24 25 0.0466745

25 25 0.0467668

26 25 0.0466745

27 25 0.0463981

28 25 0.0459385

29 25 0.0452976

30 25 0.0444779

31 25 0.0434827

32 25 0.0423159

33 25 0.0409821

34 25 0.0394865

35 25 0.0378352

36 25 0.0360345

37 25 0.0340916

38 25 0.0320141

39 25 0.0298103

40 25 0.0274889

41 25 0.0250589

42 25 0.0225301

43 25 0.0199123

44 25 0.017216

45 25 0.0144517

46 25 0.0116304

47 25 0.00876323

48 25 0.00586144

49 25 0.00293651

50 25 0

0 26 0

1 26 0.00293072

2 26 0.00584987

3 26 0.00874594

4 26 0.0116075

5 26 0.0144232

6 26 0.017182

7 26 0.0198731

8 26 0.0224856

9 26 0.0250095

10 26 0.0274346

11 26 0.0297515

12 26 0.0319509

13 26 0.0340243

14 26 0.0359634

15 26 0.0377605

16 26 0.0394086

17 26 0.0409012

18 26 0.0422324

19 26 0.0433969

20 26 0.0443901

21 26 0.0452082

22 26 0.0458478

23 26 0.0463065

24 26 0.0465824

25 26 0.0466745

26 26 0.0465824

27 26 0.0463065

28 26 0.0458478

29 26 0.0452082

30 26 0.0443901

31 26 0.0433969

32 26 0.0422324

33 26 0.0409012

34 26 0.0394086

35 26 0.0377605

36 26 0.0359634

37 26 0.0340243

38 26 0.0319509

39 26 0.0297515

40 26 0.0274346

41 26 0.0250095

42 26 0.0224856

43 26 0.0198731

44 26 0.017182

45 26 0.0144232

46 26 0.0116075

47 26 0.00874594

48 26 0.00584987

49 26 0.00293072

50 26 0

0 27 0

1 27 0.00291336

2 27 0.00581522

3 27 0.00869413

4 27 0.0115387

5 27 0.0143378

6 27 0.0170803

7 27 0.0197553

8 27 0.0223524

9 27 0.0248613

10 27 0.0272721

11 27 0.0295752

12 27 0.0317617

13 27 0.0338227

14 27 0.0357503

15 27 0.0375368

16 27 0.0391752

17 27 0.0406589

18 27 0.0419822

19 27 0.0431398

20 27 0.0441272

21 27 0.0449404

22 27 0.0455762

23 27 0.0460322

24 27 0.0463065

25 27 0.0463981

26 27 0.0463065

27 27 0.0460322

28 27 0.0455762

29 27 0.0449404

30 27 0.0441272

31 27 0.0431398

32 27 0.0419822

33 27 0.0406589

34 27 0.0391752

35 27 0.0375368

36 27 0.0357503

37 27 0.0338227

38 27 0.0317617

39 27 0.0295752

40 27 0.0272721

41 27 0.0248613

42 27 0.0223524

43 27 0.0197553

44 27 0.0170803

45 27 0.0143378

46 27 0.0115387

47 27 0.00869413

48 27 0.00581522

49 27 0.00291336

50 27 0

0 28 0

1 28 0.0028845

2 28 0.00575762

3 28 0.00860801

4 28 0.0114244

5 28 0.0141958

6 28 0.0169111

7 28 0.0195596

8 28 0.022131

9 28 0.0246151

10 28 0.027002

11 28 0.0292823

12 28 0.031447

13 28 0.0334877

14 28 0.0353962

15 28 0.037165

16 28 0.0387871

17 28 0.0402562

18 28 0.0415664

19 28 0.0427125

20 28 0.0436901

21 28 0.0444952

22 28 0.0451248

23 28 0.0455762

24 28 0.0458478

25 28 0.0459385

26 28 0.0458478

27 28 0.0455762

28 28 0.0451248

29 28 0.0444952

30 28 0.0436901

31 28 0.0427125

32 28 0.0415664

33 28 0.0402562

34 28 0.0387871

35 28 0.037165

36 28 0.0353962

37 28 0.0334877

38 28 0.031447

39 28 0.0292823

40 28 0.027002

41 28 0.0246151

42 28 0.022131

43 28 0.0195596

44 28 0.0169111

45 28 0.0141958

46 28 0.0114244

47 28 0.00860801

48 28 0.00575762

49 28 0.0028845

50 28 0

0 29 0

1 29 0.00284426

2 29 0.00567729

3 29 0.00848792

4 29 0.011265

5 29 0.0139977

6 29 0.0166751

7 29 0.0192868

8 29 0.0218223

9 29 0.0242716

10 29 0.0266252

11 29 0.0288738

12 29 0.0310083

13 29 0.0330205

14 29 0.0349024

15 29 0.0366465

16 29 0.038246

17 29 0.0396946

18 29 0.0409865

19 29 0.0421166

20 29 0.0430805

21 29 0.0438745

22 29 0.0444952

23 29 0.0449404

24 29 0.0452082

25 29 0.0452976

26 29 0.0452082

27 29 0.0449404

28 29 0.0444952

29 29 0.0438745

30 29 0.0430805

31 29 0.0421166

32 29 0.0409865

33 29 0.0396946

34 29 0.038246

35 29 0.0366465

36 29 0.0349024

37 29 0.0330205

38 29 0.0310083

39 29 0.0288738

40 29 0.0266252

41 29 0.0242716

42 29 0.0218223

43 29 0.0192868

44 29 0.0166751

45 29 0.0139977

46 29 0.011265

47 29 0.00848792

48 29 0.00567729

49 29 0.00284426

50 29 0

0 30 0

1 30 0.00279279

2 30 0.00557456

3 30 0.00833433

4 30 0.0110612

5 30 0.0137444

6 30 0.0163734

7 30 0.0189378

8 30 0.0214274

9 30 0.0238324

10 30 0.0261435

11 30 0.0283513

12 30 0.0304472

13 30 0.032423

14 30 0.0342708

15 30 0.0359834

16 30 0.0375539

17 30 0.0389763

18 30 0.0402448

19 30 0.0413545

20 30 0.042301

21 30 0.0430805

22 30 0.0436901

23 30 0.0441272

24 30 0.0443901

25 30 0.0444779

26 30 0.0443901

27 30 0.0441272

28 30 0.0436901

29 30 0.0430805

30 30 0.042301

31 30 0.0413545

32 30 0.0402448

33 30 0.0389763

34 30 0.0375539

35 30 0.0359834

36 30 0.0342708

37 30 0.032423

38 30 0.0304472

39 30 0.0283513

40 30 0.0261435

41 30 0.0238324

42 30 0.0214274

43 30 0.0189378

44 30 0.0163734

45 30 0.0137444

46 30 0.0110612

47 30 0.00833433

48 30 0.00557456

49 30 0.00279279

50 30 0

0 31 0

1 31 0.0027303

2 31 0.00544983

3 31 0.00814785

4 31 0.0108137

5 31 0.0134369

6 31 0.016007

7 31 0.018514

8 31 0.020948

9 31 0.0232992

10 31 0.0255585

11 31 0.0277169

12 31 0.029766

13 31 0.0316975

14 31 0.033504

15 31 0.0351782

16 31 0.0367137

17 31 0.0381042

18 31 0.0393443

19 31 0.0404292

20 31 0.0413545

21 31 0.0421166

22 31 0.0427125

23 31 0.0431398

24 31 0.0433969

25 31 0.0434827

26 31 0.0433969

27 31 0.0431398

28 31 0.0427125

29 31 0.0421166

30 31 0.0413545

31 31 0.0404292

32 31 0.0393443

33 31 0.0381042

34 31 0.0367137

35 31 0.0351782

36 31 0.033504

37 31 0.0316975

38 31 0.029766

39 31 0.0277169

40 31 0.0255585

41 31 0.0232992

42 31 0.020948

43 31 0.018514

44 31 0.016007

45 31 0.0134369

46 31 0.0108137

47 31 0.00814785

48 31 0.00544983

49 31 0.0027303

50 31 0

0 32 0

1 32 0.00265704

2 32 0.00530359

3 32 0.00792921

4 32 0.0105235

5 32 0.0130763

6 32 0.0155775

7 32 0.0180172

8 32 0.0203858

9 32 0.022674

10 32 0.0248727

11 32 0.0269732

12 32 0.0289672

13 32 0.030847

14 32 0.032605

15 32 0.0342343

16 32 0.0357285

17 32 0.0370817

18 32 0.0382886

19 32 0.0393443

20 32 0.0402448

21 32 0.0409865

22 32 0.0415664

23 32 0.0419822

24 32 0.0422324

25 32 0.0423159

26 32 0.0422324

27 32 0.0419822

28 32 0.0415664

29 32 0.0409865

30 32 0.0402448

31 32 0.0393443

32 32 0.0382886

33 32 0.0370817

34 32 0.0357285

35 32 0.0342343

36 32 0.032605

37 32 0.030847

38 32 0.0289672

39 32 0.0269732

40 32 0.0248727

41 32 0.022674

42 32 0.0203858

43 32 0.0180172

44 32 0.0155775

45 32 0.0130763

46 32 0.0105235

47 32 0.00792921

48 32 0.00530359

49 32 0.00265704

50 32 0

0 33 0

1 33 0.00257329

2 33 0.00513642

3 33 0.00767928

4 33 0.0101918

5 33 0.0126642

6 33 0.0150865

7 33 0.0174493

8 33 0.0197433

9 33 0.0219593

10 33 0.0240887

11 33 0.026123

12 33 0.0280542

13 33 0.0298747

14 33 0.0315772

15 33 0.0331552

16 33 0.0346023

17 33 0.0359129

18 33 0.0370817

19 33 0.0381042

20 33 0.0389763

21 33 0.0396946

22 33 0.0402562

23 33 0.0406589

24 33 0.0409012

25 33 0.0409821

26 33 0.0409012

27 33 0.0406589

28 33 0.0402562

29 33 0.0396946

30 33 0.0389763

31 33 0.0381042

32 33 0.0370817

33 33 0.0359129

34 33 0.0346023

35 33 0.0331552

36 33 0.0315772

37 33 0.0298747

38 33 0.0280542

39 33 0.026123

40 33 0.0240887

41 33 0.0219593

42 33 0.0197433

43 33 0.0174493

44 33 0.0150865

45 33 0.0126642

46 33 0.0101918

47 33 0.00767928

48 33 0.00513642

49 33 0.00257329

50 33 0

0 34 0

1 34 0.00247938

2 34 0.00494898

3 34 0.00739904

4 34 0.0098199

5 34 0.012202

6 34 0.014536

7 34 0.0168126

8 34 0.0190228

9 34 0.0211579

10 34 0.0232096

11 34 0.0251697

12 34 0.0270304

13 34 0.0287844

14 34 0.0304249

15 34 0.0319453

16 34 0.0333396

17 34 0.0346023

18 34 0.0357285

19 34 0.0367137

20 34 0.0375539

21 34 0.038246

22 34 0.0387871

23 34 0.0391752

24 34 0.0394086

25 34 0.0394865

26 34 0.0394086

27 34 0.0391752

28 34 0.0387871

29 34 0.038246

30 34 0.0375539

31 34 0.0367137

32 34 0.0357285

33 34 0.0346023

34 34 0.0333396

35 34 0.0319453

36 34 0.0304249

37 34 0.0287844

38 34 0.0270304

39 34 0.0251697

40 34 0.0232096

41 34 0.0211579

42 34 0.0190228

43 34 0.0168126

44 34 0.014536

45 34 0.012202

46 34 0.0098199

47 34 0.00739904

48 34 0.00494898

49 34 0.00247938

50 34 0

0 35 0

1 35 0.00237569

2 35 0.004742

3 35 0.0070896

4 35 0.00940922

5 35 0.0116917

6 35 0.0139281

7 35 0.0161094

8 35 0.0182272

9 35 0.0202731

10 35 0.0222389

11 35 0.024117

12 35 0.0258999

13 35 0.0275806

14 35 0.0291525

15 35 0.0306093

16 35 0.0319453

17 35 0.0331552

18 35 0.0342343

19 35 0.0351782

20 35 0.0359834

21 35 0.0366465

22 35 0.037165

23 35 0.0375368

24 35 0.0377605

25 35 0.0378352

26 35 0.0377605

27 35 0.0375368

28 35 0.037165

29 35 0.0366465

30 35 0.0359834

31 35 0.0351782

32 35 0.0342343

33 35 0.0331552

34 35 0.0319453

35 35 0.0306093

36 35 0.0291525

37 35 0.0275806

38 35 0.0258999

39 35 0.024117

40 35 0.0222389

41 35 0.0202731

42 35 0.0182272

43 35 0.0161094

44 35 0.0139281

45 35 0.0116917

46 35 0.00940922

47 35 0.0070896

48 35 0.004742

49 35 0.00237569

50 35 0

0 36 0

1 36 0.00226262

2 36 0.00451632

3 36 0.00675218

4 36 0.00896141

5 36 0.0111353

6 36 0.0132652

7 36 0.0153427

8 36 0.0173597

9 36 0.0193082

10 36 0.0211805

11 36 0.0229692

12 36 0.0246673

13 36 0.026268

14 36 0.027765

15 36 0.0291525

16 36 0.0304249

17 36 0.0315772

18 36 0.032605

19 36 0.033504

20 36 0.0342708

21 36 0.0349024

22 36 0.0353962

23 36 0.0357503

24 36 0.0359634

25 36 0.0360345

26 36 0.0359634

27 36 0.0357503

28 36 0.0353962

29 36 0.0349024

30 36 0.0342708

31 36 0.033504

32 36 0.032605

33 36 0.0315772

34 36 0.0304249

35 36 0.0291525

36 36 0.027765

37 36 0.026268

38 36 0.0246673

39 36 0.0229692

40 36 0.0211805

41 36 0.0193082

42 36 0.0173597

43 36 0.0153427

44 36 0.0132652

45 36 0.0111353

46 36 0.00896141

47 36 0.00675218

48 36 0.00451632

49 36 0.00226262

50 36 0

0 37 0

1 37 0.00214063

2 37 0.0042728

3 37 0.00638812

4 37 0.00847822

5 37 0.0105349

6 37 0.0125499

7 37 0.0145155

8 37 0.0164237

9 37 0.0182672

10 37 0.0200385

11 37 0.0217308

12 37 0.0233373

13 37 0.0248517

14 37 0.026268

15 37 0.0275806

16 37 0.0287844

17 37 0.0298747

18 37 0.030847

19 37 0.0316975

20 37 0.032423

21 37 0.0330205

22 37 0.0334877

23 37 0.0338227

24 37 0.0340243

25 37 0.0340916

26 37 0.0340243

27 37 0.0338227

28 37 0.0334877

29 37 0.0330205

30 37 0.032423

31 37 0.0316975

32 37 0.030847

33 37 0.0298747

34 37 0.0287844

35 37 0.0275806

36 37 0.026268

37 37 0.0248517

38 37 0.0233373

39 37 0.0217308

40 37 0.0200385

41 37 0.0182672

42 37 0.0164237

43 37 0.0145155

44 37 0.0125499

45 37 0.0105349

46 37 0.00847822

47 37 0.00638812

48 37 0.0042728

49 37 0.00214063

50 37 0

0 38 0

1 38 0.00201018

2 38 0.00401243

3 38 0.00599884

4 38 0.00796158

5 38 0.0098929

6 38 0.0117852

7 38 0.0136309

8 38 0.0154229

9 38 0.017154

10 38 0.0188174

11 38 0.0204066

12 38 0.0219152

13 38 0.0233373

14 38 0.0246673

15 38 0.0258999

16 38 0.0270304

17 38 0.0280542

18 38 0.0289672

19 38 0.029766

20 38 0.0304472

21 38 0.0310083

22 38 0.031447

23 38 0.0317617

24 38 0.0319509

25 38 0.0320141

26 38 0.0319509

27 38 0.0317617

28 38 0.031447

29 38 0.0310083

30 38 0.0304472

31 38 0.029766

32 38 0.0289672

33 38 0.0280542

34 38 0.0270304

35 38 0.0258999

36 38 0.0246673

37 38 0.0233373

38 38 0.0219152

39 38 0.0204066

40 38 0.0188174

41 38 0.017154

42 38 0.0154229

43 38 0.0136309

44 38 0.0117852

45 38 0.0098929

46 38 0.00796158

47 38 0.00599884

48 38 0.00401243

49 38 0.00201018

50 38 0

0 39 0

1 39 0.0018718

2 39 0.00373622

3 39 0.00558589

4 39 0.00741352

5 39 0.00921189

6 39 0.0109739

7 39 0.0126926

8 39 0.0143612

9 39 0.0159732

10 39 0.0175221

11 39 0.0190018

12 39 0.0204066

13 39 0.0217308

14 39 0.0229692

15 39 0.024117

16 39 0.0251697

17 39 0.026123

18 39 0.0269732

19 39 0.0277169

20 39 0.0283513

21 39 0.0288738

22 39 0.0292823

23 39 0.0295752

24 39 0.0297515

25 39 0.0298103

26 39 0.0297515

27 39 0.0295752

28 39 0.0292823

29 39 0.0288738

30 39 0.0283513

31 39 0.0277169

32 39 0.0269732

33 39 0.026123

34 39 0.0251697

35 39 0.024117

36 39 0.0229692

37 39 0.0217308

38 39 0.0204066

39 39 0.0190018

40 39 0.0175221

41 39 0.0159732

42 39 0.0143612

43 39 0.0126926

44 39 0.0109739

45 39 0.00921189

46 39 0.00741352

47 39 0.00558589

48 39 0.00373622

49 39 0.0018718

50 39 0

0 40 0

1 40 0.00172604

2 40 0.00344527

3 40 0.0051509

4 40 0.0068362

5 40 0.00849452

6 40 0.0101193

7 40 0.0117042

8 40 0.0132429

9 40 0.0147293

10 40 0.0161575

11 40 0.0175221

12 40 0.0188174

13 40 0.0200385

14 40 0.0211805

15 40 0.0222389

16 40 0.0232096

17 40 0.0240887

18 40 0.0248727

19 40 0.0255585

20 40 0.0261435

21 40 0.0266252

22 40 0.027002

23 40 0.0272721

24 40 0.0274346

25 40 0.0274889

26 40 0.0274346

27 40 0.0272721

28 40 0.027002

29 40 0.0266252

30 40 0.0261435

31 40 0.0255585

32 40 0.0248727

33 40 0.0240887

34 40 0.0232096

35 40 0.0222389

36 40 0.0211805

37 40 0.0200385

38 40 0.0188174

39 40 0.0175221

40 40 0.0161575

41 40 0.0147293

42 40 0.0132429

43 40 0.0117042

44 40 0.0101193

45 40 0.00849452

46 40 0.0068362

47 40 0.0051509

48 40 0.00344527

49 40 0.00172604

50 40 0

0 41 0

1 41 0.00157346

2 41 0.00314072

3 41 0.00469557

4 41 0.0062319

5 41 0.00774363

6 41 0.0092248

7 41 0.0106696

8 41 0.0120722

9 41 0.0134272

10 41 0.0147293

11 41 0.0159732

12 41 0.017154

13 41 0.0182672

14 41 0.0193082

15 41 0.0202731

16 41 0.0211579

17 41 0.0219593

18 41 0.022674

19 41 0.0232992

20 41 0.0238324

21 41 0.0242716

22 41 0.0246151

23 41 0.0248613

24 41 0.0250095

25 41 0.0250589

26 41 0.0250095

27 41 0.0248613

28 41 0.0246151

29 41 0.0242716

30 41 0.0238324

31 41 0.0232992

32 41 0.022674

33 41 0.0219593

34 41 0.0211579

35 41 0.0202731

36 41 0.0193082

37 41 0.0182672

38 41 0.017154

39 41 0.0159732

40 41 0.0147293

41 41 0.0134272

42 41 0.0120722

43 41 0.0106696

44 41 0.0092248

45 41 0.00774363

46 41 0.0062319

47 41 0.00469557

48 41 0.00314072

49 41 0.00157346

50 41 0

0 42 0

1 42 0.00141468

2 42 0.00282377

3 42 0.00422172

4 42 0.00560301

5 42 0.00696218

6 42 0.00829388

7 42 0.00959285

8 42 0.010854

9 42 0.0120722

10 42 0.0132429

11 42 0.0143612

12 42 0.0154229

13 42 0.0164237

14 42 0.0173597

15 42 0.0182272

16 42 0.0190228

17 42 0.0197433

18 42 0.0203858

19 42 0.020948

20 42 0.0214274

21 42 0.0218223

22 42 0.022131

23 42 0.0223524

24 42 0.0224856

25 42 0.0225301

26 42 0.0224856

27 42 0.0223524

28 42 0.022131

29 42 0.0218223

30 42 0.0214274

31 42 0.020948

32 42 0.0203858

33 42 0.0197433

34 42 0.0190228

35 42 0.0182272

36 42 0.0173597

37 42 0.0164237

38 42 0.0154229

39 42 0.0143612

40 42 0.0132429

41 42 0.0120722

42 42 0.010854

43 42 0.00959285

44 42 0.00829388

45 42 0.00696218

46 42 0.00560301

47 42 0.00422172

48 42 0.00282377

49 42 0.00141468

50 42 0

0 43 0

1 43 0.00125031

2 43 0.00249568

3 43 0.0037312

4 43 0.004952

5 43 0.00615325

6 43 0.00733022

7 43 0.00847827

8 43 0.00959285

9 43 0.0106696

10 43 0.0117042

11 43 0.0126926

12 43 0.0136309

13 43 0.0145155

14 43 0.0153427

15 43 0.0161094

16 43 0.0168126

17 43 0.0174493

18 43 0.0180172

19 43 0.018514

20 43 0.0189378

21 43 0.0192868

22 43 0.0195596

23 43 0.0197553

24 43 0.0198731

25 43 0.0199123

26 43 0.0198731

27 43 0.0197553

28 43 0.0195596

29 43 0.0192868

30 43 0.0189378

31 43 0.018514

32 43 0.0180172

33 43 0.0174493

34 43 0.0168126

35 43 0.0161094

36 43 0.0153427

37 43 0.0145155

38 43 0.0136309

39 43 0.0126926

40 43 0.0117042

41 43 0.0106696

42 43 0.00959285

43 43 0.00847827

44 43 0.00733022

45 43 0.00615325

46 43 0.004952

47 43 0.0037312

48 43 0.00249568

49 43 0.00125031

50 43 0

0 44 0

1 44 0.001081

2 44 0.00215774

3 44 0.00322596

4 44 0.00428145

5 44 0.00532004

6 44 0.00633764

7 44 0.00733022

8 44 0.00829388

9 44 0.0092248

10 44 0.0101193

11 44 0.0109739

12 44 0.0117852

13 44 0.0125499

14 44 0.0132652

15 44 0.0139281

16 44 0.014536

17 44 0.0150865

18 44 0.0155775

19 44 0.016007

20 44 0.0163734

21 44 0.0166751

22 44 0.0169111

23 44 0.0170803

24 44 0.017182

25 44 0.017216

26 44 0.017182

27 44 0.0170803

28 44 0.0169111

29 44 0.0166751

30 44 0.0163734

31 44 0.016007

32 44 0.0155775

33 44 0.0150865

34 44 0.014536

35 44 0.0139281

36 44 0.0132652

37 44 0.0125499

38 44 0.0117852

39 44 0.0109739

40 44 0.0101193

41 44 0.0092248

42 44 0.00829388

43 44 0.00733022

44 44 0.00633764

45 44 0.00532004

46 44 0.00428145

47 44 0.00322596

48 44 0.00215774

49 44 0.001081

50 44 0

0 45 0

1 45 0.000907433

2 45 0.00181128

3 45 0.00270799

4 45 0.003594

5 45 0.00446583

6 45 0.00532004

7 45 0.00615325

8 45 0.00696218

9 45 0.00774363

10 45 0.00849452

11 45 0.00921189

12 45 0.0098929

13 45 0.0105349

14 45 0.0111353

15 45 0.0116917

16 45 0.012202

17 45 0.0126642

18 45 0.0130763

19 45 0.0134369

20 45 0.0137444

21 45 0.0139977

22 45 0.0141958

23 45 0.0143378

24 45 0.0144232

25 45 0.0144517

26 45 0.0144232

27 45 0.0143378

28 45 0.0141958

29 45 0.0139977

30 45 0.0137444

31 45 0.0134369

32 45 0.0130763

33 45 0.0126642

34 45 0.012202

35 45 0.0116917

36 45 0.0111353

37 45 0.0105349

38 45 0.0098929

39 45 0.00921189

40 45 0.00849452

41 45 0.00774363

42 45 0.00696218

43 45 0.00615325

44 45 0.00532004

45 45 0.00446583

46 45 0.003594

47 45 0.00270799

48 45 0.00181128

49 45 0.000907433

50 45 0

0 46 0

1 46 0.000730281

2 46 0.00145768

3 46 0.00217933

4 46 0.00289237

5 46 0.003594

6 46 0.00428145

7 46 0.004952

8 46 0.00560301

9 46 0.0062319

10 46 0.0068362

11 46 0.00741352

12 46 0.00796158

13 46 0.00847822

14 46 0.00896141

15 46 0.00940922

16 46 0.0098199

17 46 0.0101918

18 46 0.0105235

19 46 0.0108137

20 46 0.0110612

21 46 0.011265

22 46 0.0114244

23 46 0.0115387

24 46 0.0116075

25 46 0.0116304

26 46 0.0116075

27 46 0.0115387

28 46 0.0114244

29 46 0.011265

30 46 0.0110612

31 46 0.0108137

32 46 0.0105235

33 46 0.0101918

34 46 0.0098199

35 46 0.00940922

36 46 0.00896141

37 46 0.00847822

38 46 0.00796158

39 46 0.00741352

40 46 0.0068362

41 46 0.0062319

42 46 0.00560301

43 46 0.004952

44 46 0.00428145

45 46 0.003594

46 46 0.00289237

47 46 0.00217933

48 46 0.00145768

49 46 0.000730281

50 46 0

0 47 0

1 47 0.000550248

2 47 0.00109832

3 47 0.00164207

4 47 0.00217933

5 47 0.00270799

6 47 0.00322596

7 47 0.0037312

8 47 0.00422172

9 47 0.00469557

10 47 0.0051509

11 47 0.00558589

12 47 0.00599884

13 47 0.00638812

14 47 0.00675218

15 47 0.0070896

16 47 0.00739904

17 47 0.00767928

18 47 0.00792921

19 47 0.00814785

20 47 0.00833433

21 47 0.00848792

22 47 0.00860801

23 47 0.00869413

24 47 0.00874594

25 47 0.00876323

26 47 0.00874594

27 47 0.00869413

28 47 0.00860801

29 47 0.00848792

30 47 0.00833433

31 47 0.00814785

32 47 0.00792921

33 47 0.00767928

34 47 0.00739904

35 47 0.0070896

36 47 0.00675218

37 47 0.00638812

38 47 0.00599884

39 47 0.00558589

40 47 0.0051509

41 47 0.00469557

42 47 0.00422172

43 47 0.0037312

44 47 0.00322596

45 47 0.00270799

46 47 0.00217933

47 47 0.00164207

48 47 0.00109832

49 47 0.000550248

50 47 0

0 48 0

1 48 0.000368043

2 48 0.000734633

3 48 0.00109832

4 48 0.00145768

5 48 0.00181128

6 48 0.00215774

7 48 0.00249568

8 48 0.00282377

9 48 0.00314072

10 48 0.00344527

11 48 0.00373622

12 48 0.00401243

13 48 0.0042728

14 48 0.00451632

15 48 0.004742

16 48 0.00494898

17 48 0.00513642

18 48 0.00530359

19 48 0.00544983

20 48 0.00557456

21 48 0.00567729

22 48 0.00575762

23 48 0.00581522

24 48 0.00584987

25 48 0.00586144

26 48 0.00584987

27 48 0.00581522

28 48 0.00575762

29 48 0.00567729

30 48 0.00557456

31 48 0.00544983

32 48 0.00530359

