0 1 0

1 1 0.00176251

2 1 0.00351807

3 1 0.00525975

4 1 0.00698066

5 1 0.00867403

6 1 0.0103332

7 1 0.0119515

8 1 0.0135227

9 1 0.0150405

10 1 0.016499

11 1 0.0178923

12 1 0.0192151

13 1 0.020462

14 1 0.0216281

15 1 0.0227089

16 1 0.0237001

17 1 0.0245977

18 1 0.0253983

19 1 0.0260986

20 1 0.0266959

21 1 0.0271879

22 1 0.0275726

23 1 0.0278484

24 1 0.0280144

25 1 0.0280698

26 1 0.0280144

27 1 0.0278484

28 1 0.0275726

29 1 0.0271879

30 1 0.0266959

31 1 0.0260986

32 1 0.0253983

33 1 0.0245977

34 1 0.0237001

35 1 0.0227089

36 1 0.0216281

37 1 0.020462

38 1 0.0192151

39 1 0.0178923

40 1 0.016499

41 1 0.0150405

42 1 0.0135227

43 1 0.0119515

44 1 0.0103332

45 1 0.00867403

46 1 0.00698066

47 1 0.00525975

48 1 0.00351807

49 1 0.00176251

50 1 0

0 2 0

1 2 0.00351807

2 2 0.00702226

3 2 0.0104987

4 2 0.0139338

5 2 0.0173138

6 2 0.0206255

7 2 0.0238559

8 2 0.026992

9 2 0.0300217

10 2 0.0329329

11 2 0.0357141

12 2 0.0383543

13 2 0.0408432

14 2 0.0431709

15 2 0.0453282

16 2 0.0473066

17 2 0.0490983

18 2 0.0506963

19 2 0.0520942

20 2 0.0532865

21 2 0.0542685

22 2 0.0550363

23 2 0.0555869

24 2 0.0559182

25 2 0.0560287

26 2 0.0559182

27 2 0.0555869

28 2 0.0550363

29 2 0.0542685

30 2 0.0532865

31 2 0.0520942

32 2 0.0506963

33 2 0.0490983

34 2 0.0473066

35 2 0.0453282

36 2 0.0431709

37 2 0.0408432

38 2 0.0383543

39 2 0.0357141

40 2 0.0329329

41 2 0.0300217

42 2 0.026992

43 2 0.0238559

44 2 0.0206255

45 2 0.0173138

46 2 0.0139338

47 2 0.0104987

48 2 0.00702226

49 2 0.00351807

50 2 0

0 3 0

1 3 0.00525975

2 3 0.0104987

3 3 0.0156963

4 3 0.0208319

5 3 0.0258853

6 3 0.0308365

7 3 0.0356661

8 3 0.0403549

9 3 0.0448844

10 3 0.0492368

11 3 0.0533948

12 3 0.0573422

13 3 0.0610632

14 3 0.0645433

15 3 0.0677686

16 3 0.0707265

17 3 0.0734052

18 3 0.0757943

19 3 0.0778842

20 3 0.0796668

21 3 0.0811349

22 3 0.0822828

23 3 0.0831061

24 3 0.0836013

25 3 0.0837666

26 3 0.0836013

27 3 0.0831061

28 3 0.0822828

29 3 0.0811349

30 3 0.0796668

31 3 0.0778842

32 3 0.0757943

33 3 0.0734052

34 3 0.0707265

35 3 0.0677686

36 3 0.0645433

37 3 0.0610632

38 3 0.0573422

39 3 0.0533948

40 3 0.0492368

41 3 0.0448844

42 3 0.0403549

43 3 0.0356661

44 3 0.0308365

45 3 0.0258853

46 3 0.0208319

47 3 0.0156963

48 3 0.0104987

49 3 0.00525975

50 3 0

0 4 0

1 4 0.00698066

2 4 0.0139338

3 4 0.0208319

4 4 0.0276478

5 4 0.0343546

6 4 0.0409258

7 4 0.0473355

8 4 0.0535584

9 4 0.0595699

10 4 0.0653463

11 4 0.0708649

12 4 0.0761037

13 4 0.0810422

14 4 0.0856609

15 4 0.0899415

16 4 0.0938672

17 4 0.0974224

18 4 0.100593

19 4 0.103367

20 4 0.105733

21 4 0.107681

22 4 0.109205

23 4 0.110297

24 4 0.110954

25 4 0.111174

26 4 0.110954

27 4 0.110297

28 4 0.109205

29 4 0.107681

30 4 0.105733

31 4 0.103367

32 4 0.100593

33 4 0.0974224

34 4 0.0938672

35 4 0.0899415

36 4 0.0856609

37 4 0.0810422

38 4 0.0761037

39 4 0.0708649

40 4 0.0653463

41 4 0.0595699

42 4 0.0535584

43 4 0.0473355

44 4 0.0409258

45 4 0.0343546

46 4 0.0276478

47 4 0.0208319

48 4 0.0139338

49 4 0.00698066

50 4 0

0 5 0

1 5 0.00867403

2 5 0.0173138

3 5 0.0258853

4 5 0.0343546

5 5 0.0426883

6 5 0.0508536

7 5 0.0588182

8 5 0.0665506

9 5 0.0740204

10 5 0.081198

11 5 0.0880553

12 5 0.094565

13 5 0.100701

14 5 0.106441

15 5 0.11176

16 5 0.116637

17 5 0.121055

18 5 0.124995

19 5 0.128442

20 5 0.131381

21 5 0.133802

22 5 0.135695

23 5 0.137053

24 5 0.13787

25 5 0.138142

26 5 0.13787

27 5 0.137053

28 5 0.135695

29 5 0.133802

30 5 0.131381

31 5 0.128442

32 5 0.124995

33 5 0.121055

34 5 0.116637

35 5 0.11176

36 5 0.106441

37 5 0.100701

38 5 0.094565

39 5 0.0880553

40 5 0.081198

41 5 0.0740204

42 5 0.0665506

43 5 0.0588182

44 5 0.0508536

45 5 0.0426883

46 5 0.0343546

47 5 0.0258853

48 5 0.0173138

49 5 0.00867403

50 5 0

0 6 0

1 6 0.0103332

2 6 0.0206255

3 6 0.0308365

4 6 0.0409258

5 6 0.0508536

6 6 0.0605807

7 6 0.0700687

8 6 0.0792801

9 6 0.0881787

10 6 0.0967293

11 6 0.104898

12 6 0.112653

13 6 0.119963

14 6 0.1268

15 6 0.133136

16 6 0.138947

17 6 0.14421

18 6 0.148903

19 6 0.153009

20 6 0.156511

21 6 0.159396

22 6 0.161651

23 6 0.163268

24 6 0.164241

25 6 0.164566

26 6 0.164241

27 6 0.163268

28 6 0.161651

29 6 0.159396

30 6 0.156511

31 6 0.153009

32 6 0.148903

33 6 0.14421

34 6 0.138947

35 6 0.133136

36 6 0.1268

37 6 0.119963

38 6 0.112653

39 6 0.104898

40 6 0.0967293

41 6 0.0881787

42 6 0.0792801

43 6 0.0700687

44 6 0.0605807

45 6 0.0508536

46 6 0.0409258

47 6 0.0308365

48 6 0.0206255

49 6 0.0103332

50 6 0

0 7 0

1 7 0.0119515

2 7 0.0238559

3 7 0.0356661

4 7 0.0473355

5 7 0.0588182

6 7 0.0700687

7 7 0.0810426

8 7 0.0916968

9 7 0.101989

10 7 0.111879

11 7 0.121327

12 7 0.130296

13 7 0.138752

14 7 0.146659

15 7 0.153988

16 7 0.160709

17 7 0.166796

18 7 0.172224

19 7 0.176973

20 7 0.181024

21 7 0.18436

22 7 0.186968

23 7 0.188839

24 7 0.189964

25 7 0.19034

26 7 0.189964

27 7 0.188839

28 7 0.186968

29 7 0.18436

30 7 0.181024

31 7 0.176973

32 7 0.172224

33 7 0.166796

34 7 0.160709

35 7 0.153988

36 7 0.146659

37 7 0.138752

38 7 0.130296

39 7 0.121327

40 7 0.111879

41 7 0.101989

42 7 0.0916968

43 7 0.0810426

44 7 0.0700687

45 7 0.0588182

46 7 0.0473355

47 7 0.0356661

48 7 0.0238559

49 7 0.0119515

50 7 0

0 8 0

1 8 0.0135227

2 8 0.026992

3 8 0.0403549

4 8 0.0535584

5 8 0.0665506

6 8 0.0792801

7 8 0.0916968

8 8 0.103752

9 8 0.115397

10 8 0.126587

11 8 0.137277

12 8 0.147426

13 8 0.156992

14 8 0.165939

15 8 0.174232

16 8 0.181836

17 8 0.188723

18 8 0.194866

19 8 0.200239

20 8 0.204822

21 8 0.208596

22 8 0.211548

23 8 0.213664

24 8 0.214937

25 8 0.215362

26 8 0.214937

27 8 0.213664

28 8 0.211548

29 8 0.208596

30 8 0.204822

31 8 0.200239

32 8 0.194866

33 8 0.188723

34 8 0.181836

35 8 0.174232

36 8 0.165939

37 8 0.156992

38 8 0.147426

39 8 0.137277

40 8 0.126587

41 8 0.115397

42 8 0.103752

43 8 0.0916968

44 8 0.0792801

45 8 0.0665506

46 8 0.0535584

47 8 0.0403549

48 8 0.026992

49 8 0.0135227

50 8 0

0 9 0

1 9 0.0150405

2 9 0.0300217

3 9 0.0448844

4 9 0.0595699

5 9 0.0740204

6 9 0.0881787

7 9 0.101989

8 9 0.115397

9 9 0.128349

10 9 0.140795

11 9 0.152685

12 9 0.163973

13 9 0.174613

14 9 0.184565

15 9 0.193788

16 9 0.202246

17 9 0.209906

18 9 0.216738

19 9 0.222714

20 9 0.227811

21 9 0.23201

22 9 0.235292

23 9 0.237646

24 9 0.239062

25 9 0.239535

26 9 0.239062

27 9 0.237646

28 9 0.235292

29 9 0.23201

30 9 0.227811

31 9 0.222714

32 9 0.216738

33 9 0.209906

34 9 0.202246

35 9 0.193788

36 9 0.184565

37 9 0.174613

38 9 0.163973

39 9 0.152685

40 9 0.140795

41 9 0.128349

42 9 0.115397

43 9 0.101989

44 9 0.0881787

45 9 0.0740204

46 9 0.0595699

47 9 0.0448844

48 9 0.0300217

49 9 0.0150405

50 9 0

0 10 0

1 10 0.016499

2 10 0.0329329

3 10 0.0492368

4 10 0.0653463

5 10 0.081198

6 10 0.0967293

7 10 0.111879

8 10 0.126587

9 10 0.140795

10 10 0.154448

11 10 0.167491

12 10 0.179873

13 10 0.191546

14 10 0.202462

15 10 0.212579

16 10 0.221858

17 10 0.23026

18 10 0.237755

19 10 0.24431

20 10 0.249902

21 10 0.254507

22 10 0.258108

23 10 0.26069

24 10 0.262244

25 10 0.262762

26 10 0.262244

27 10 0.26069

28 10 0.258108

29 10 0.254507

30 10 0.249902

31 10 0.24431

32 10 0.237755

33 10 0.23026

34 10 0.221858

35 10 0.212579

36 10 0.202462

37 10 0.191546

38 10 0.179873

39 10 0.167491

40 10 0.154448

41 10 0.140795

42 10 0.126587

43 10 0.111879

44 10 0.0967293

45 10 0.081198

46 10 0.0653463

47 10 0.0492368

48 10 0.0329329

49 10 0.016499

50 10 0

0 11 0

1 11 0.0178923

2 11 0.0357141

3 11 0.0533948

4 11 0.0708649

5 11 0.0880553

6 11 0.104898

7 11 0.121327

8 11 0.137277

9 11 0.152685

10 11 0.167491

11 11 0.181636

12 11 0.195064

13 11 0.207722

14 11 0.21956

15 11 0.230532

16 11 0.240594

17 11 0.249706

18 11 0.257833

19 11 0.264942

20 11 0.271006

21 11 0.276

22 11 0.279905

23 11 0.282706

24 11 0.284391

25 11 0.284953

26 11 0.284391

27 11 0.282706

28 11 0.279905

29 11 0.276

30 11 0.271006

31 11 0.264942

32 11 0.257833

33 11 0.249706

34 11 0.240594

35 11 0.230532

36 11 0.21956

37 11 0.207722

38 11 0.195064

39 11 0.181636

40 11 0.167491

41 11 0.152685

42 11 0.137277

43 11 0.121327

44 11 0.104898

45 11 0.0880553

46 11 0.0708649

47 11 0.0533948

48 11 0.0357141

49 11 0.0178923

50 11 0

0 12 0

1 12 0.0192151

2 12 0.0383543

3 12 0.0573422

4 12 0.0761037

5 12 0.094565

6 12 0.112653

7 12 0.130296

8 12 0.147426

9 12 0.163973

10 12 0.179873

11 12 0.195064

12 12 0.209484

13 12 0.223078

14 12 0.235791

15 12 0.247574

16 12 0.25838

17 12 0.268166

18 12 0.276894

19 12 0.284529

20 12 0.291041

21 12 0.296404

22 12 0.300598

23 12 0.303606

24 12 0.305415

25 12 0.306019

26 12 0.305415

27 12 0.303606

28 12 0.300598

29 12 0.296404

30 12 0.291041

31 12 0.284529

32 12 0.276894

33 12 0.268166

34 12 0.25838

35 12 0.247574

36 12 0.235791

37 12 0.223078

38 12 0.209484

39 12 0.195064

40 12 0.179873

41 12 0.163973

42 12 0.147426

43 12 0.130296

44 12 0.112653

45 12 0.094565

46 12 0.0761037

47 12 0.0573422

48 12 0.0383543

49 12 0.0192151

50 12 0

0 13 0

1 13 0.020462

2 13 0.0408432

3 13 0.0610632

4 13 0.0810422

5 13 0.100701

6 13 0.119963

7 13 0.138752

8 13 0.156992

9 13 0.174613

10 13 0.191546

11 13 0.207722

12 13 0.223078

13 13 0.237554

14 13 0.251092

15 13 0.26364

16 13 0.275147

17 13 0.285568

18 13 0.294862

19 13 0.302993

20 13 0.309927

21 13 0.315639

22 13 0.320105

23 13 0.323307

24 13 0.325234

25 13 0.325877

26 13 0.325234

27 13 0.323307

28 13 0.320105

29 13 0.315639

30 13 0.309927

31 13 0.302993

32 13 0.294862

33 13 0.285568

34 13 0.275147

35 13 0.26364

36 13 0.251092

37 13 0.237554

38 13 0.223078

39 13 0.207722

40 13 0.191546

41 13 0.174613

42 13 0.156992

43 13 0.138752

44 13 0.119963

45 13 0.100701

46 13 0.0810422

47 13 0.0610632

48 13 0.0408432

49 13 0.020462

50 13 0

0 14 0

1 14 0.0216281

2 14 0.0431709

3 14 0.0645433

4 14 0.0856609

5 14 0.106441

6 14 0.1268

7 14 0.146659

8 14 0.165939

9 14 0.184565

10 14 0.202462

11 14 0.21956

12 14 0.235791

13 14 0.251092

14 14 0.265402

15 14 0.278665

16 14 0.290828

17 14 0.301843

18 14 0.311667

19 14 0.32026

20 14 0.32759

21 14 0.333627

22 14 0.338348

23 14 0.341733

24 14 0.343769

25 14 0.344449

26 14 0.343769

27 14 0.341733

28 14 0.338348

29 14 0.333627

30 14 0.32759

31 14 0.32026

32 14 0.311667

33 14 0.301843

34 14 0.290828

35 14 0.278665

36 14 0.265402

37 14 0.251092

38 14 0.235791

39 14 0.21956

40 14 0.202462

41 14 0.184565

42 14 0.165939

43 14 0.146659

44 14 0.1268

45 14 0.106441

46 14 0.0856609

47 14 0.0645433

48 14 0.0431709

49 14 0.0216281

50 14 0

0 15 0

1 15 0.0227089

2 15 0.0453282

3 15 0.0677686

4 15 0.0899415

5 15 0.11176

6 15 0.133136

7 15 0.153988

8 15 0.174232

9 15 0.193788

10 15 0.212579

11 15 0.230532

12 15 0.247574

13 15 0.26364

14 15 0.278665

15 15 0.29259

16 15 0.305361

17 15 0.316926

18 15 0.327241

19 15 0.336264

20 15 0.34396

21 15 0.350299

22 15 0.355255

23 15 0.35881

24 15 0.360948

25 15 0.361661

26 15 0.360948

27 15 0.35881

28 15 0.355255

29 15 0.350299

30 15 0.34396

31 15 0.336264

32 15 0.327241

33 15 0.316926

34 15 0.305361

35 15 0.29259

36 15 0.278665

37 15 0.26364

38 15 0.247574

39 15 0.230532

40 15 0.212579

41 15 0.193788

42 15 0.174232

43 15 0.153988

44 15 0.133136

45 15 0.11176

46 15 0.0899415

47 15 0.0677686

48 15 0.0453282

49 15 0.0227089

50 15 0

0 16 0

1 16 0.0237001

2 16 0.0473066

3 16 0.0707265

4 16 0.0938672

5 16 0.116637

6 16 0.138947

7 16 0.160709

8 16 0.181836

9 16 0.202246

10 16 0.221858

11 16 0.240594

12 16 0.25838

13 16 0.275147

14 16 0.290828

15 16 0.305361

16 16 0.318689

17 16 0.330759

18 16 0.341524

19 16 0.350941

20 16 0.358973

21 16 0.365589

22 16 0.370761

23 16 0.37447

24 16 0.376702

25 16 0.377447

26 16 0.376702

27 16 0.37447

28 16 0.370761

29 16 0.365589

30 16 0.358973

31 16 0.350941

32 16 0.341524

33 16 0.330759

34 16 0.318689

35 16 0.305361

36 16 0.290828

37 16 0.275147

38 16 0.25838

39 16 0.240594

40 16 0.221858

41 16 0.202246

42 16 0.181836

43 16 0.160709

44 16 0.138947

45 16 0.116637

46 16 0.0938672

47 16 0.0707265

48 16 0.0473066

49 16 0.0237001

50 16 0

0 17 0

1 17 0.0245977

2 17 0.0490983

3 17 0.0734052

4 17 0.0974224

5 17 0.121055

6 17 0.14421

7 17 0.166796

8 17 0.188723

9 17 0.209906

10 17 0.23026

11 17 0.249706

12 17 0.268166

13 17 0.285568

14 17 0.301843

15 17 0.316926

16 17 0.330759

17 17 0.343287

18 17 0.354459

19 17 0.364233

20 17 0.372569

21 17 0.379435

22 17 0.384804

23 17 0.388653

24 17 0.390969

25 17 0.391742

26 17 0.390969

27 17 0.388653

28 17 0.384804

29 17 0.379435

30 17 0.372569

31 17 0.364233

32 17 0.354459

33 17 0.343287

34 17 0.330759

35 17 0.316926

36 17 0.301843

37 17 0.285568

38 17 0.268166

39 17 0.249706

40 17 0.23026

41 17 0.209906

42 17 0.188723

43 17 0.166796

44 17 0.14421

45 17 0.121055

46 17 0.0974224

47 17 0.0734052

48 17 0.0490983

49 17 0.0245977

50 17 0

0 18 0

1 18 0.0253983

2 18 0.0506963

3 18 0.0757943

4 18 0.100593

5 18 0.124995

6 18 0.148903

7 18 0.172224

8 18 0.194866

9 18 0.216738

10 18 0.237755

11 18 0.257833

12 18 0.276894

13 18 0.294862

14 18 0.311667

15 18 0.327241

16 18 0.341524

17 18 0.354459

18 18 0.365995

19 18 0.376087

20 18 0.384695

21 18 0.391784

22 18 0.397327

23 18 0.401303

24 18 0.403694

25 18 0.404492

26 18 0.403694

27 18 0.401303

28 18 0.397327

29 18 0.391784

30 18 0.384695

31 18 0.376087

32 18 0.365995

33 18 0.354459

34 18 0.341524

35 18 0.327241

36 18 0.311667

37 18 0.294862

38 18 0.276894

39 18 0.257833

40 18 0.237755

41 18 0.216738

42 18 0.194866

43 18 0.172224

44 18 0.148903

45 18 0.124995

46 18 0.100593

47 18 0.0757943

48 18 0.0506963

49 18 0.0253983

50 18 0

0 19 0

1 19 0.0260986

2 19 0.0520942

3 19 0.0778842

4 19 0.103367

5 19 0.128442

6 19 0.153009

7 19 0.176973

8 19 0.200239

9 19 0.222714

10 19 0.24431

11 19 0.264942

12 19 0.284529

13 19 0.302993

14 19 0.32026

15 19 0.336264

16 19 0.350941

17 19 0.364233

18 19 0.376087

19 19 0.386457

20 19 0.395302

21 19 0.402587

22 19 0.408283

23 19 0.412368

24 19 0.414825

25 19 0.415645

26 19 0.414825

27 19 0.412368

28 19 0.408283

29 19 0.402587

30 19 0.395302

31 19 0.386457

32 19 0.376087

33 19 0.364233

34 19 0.350941

35 19 0.336264

36 19 0.32026

37 19 0.302993

38 19 0.284529

39 19 0.264942

40 19 0.24431

41 19 0.222714

42 19 0.200239

43 19 0.176973

44 19 0.153009

45 19 0.128442

46 19 0.103367

47 19 0.0778842

48 19 0.0520942

49 19 0.0260986

50 19 0

0 20 0

1 20 0.0266959

2 20 0.0532865

3 20 0.0796668

4 20 0.105733

5 20 0.131381

6 20 0.156511

7 20 0.181024

8 20 0.204822

9 20 0.227811

10 20 0.249902

11 20 0.271006

12 20 0.291041

13 20 0.309927

14 20 0.32759

15 20 0.34396

16 20 0.358973

17 20 0.372569

18 20 0.384695

19 20 0.395302

20 20 0.40435

21 20 0.411801

22 20 0.417628

23 20 0.421806

24 20 0.42432

25 20 0.425158

26 20 0.42432

27 20 0.421806

28 20 0.417628

29 20 0.411801

30 20 0.40435

31 20 0.395302

32 20 0.384695

33 20 0.372569

34 20 0.358973

35 20 0.34396

36 20 0.32759

37 20 0.309927

38 20 0.291041

39 20 0.271006

40 20 0.249902

41 20 0.227811

42 20 0.204822

43 20 0.181024

44 20 0.156511

45 20 0.131381

46 20 0.105733

47 20 0.0796668

48 20 0.0532865

49 20 0.0266959

50 20 0

0 21 0

1 21 0.0271879

2 21 0.0542685

3 21 0.0811349

4 21 0.107681

5 21 0.133802

6 21 0.159396

7 21 0.18436

8 21 0.208596

9 21 0.23201

10 21 0.254507

11 21 0.276

12 21 0.296404

13 21 0.315639

14 21 0.333627

15 21 0.350299

16 21 0.365589

17 21 0.379435

18 21 0.391784

19 21 0.402587

20 21 0.411801

21 21 0.41939

22 21 0.425324

23 21 0.429579

24 21 0.432139

25 21 0.432994

26 21 0.432139

27 21 0.429579

28 21 0.425324

29 21 0.41939

30 21 0.411801

31 21 0.402587

32 21 0.391784

33 21 0.379435

34 21 0.365589

35 21 0.350299

36 21 0.333627

37 21 0.315639

38 21 0.296404

39 21 0.276

40 21 0.254507

41 21 0.23201

42 21 0.208596

43 21 0.18436

44 21 0.159396

45 21 0.133802

46 21 0.107681

47 21 0.0811349

48 21 0.0542685

49 21 0.0271879

50 21 0

0 22 0

1 22 0.0275726

2 22 0.0550363

3 22 0.0822828

4 22 0.109205

5 22 0.135695

6 22 0.161651

7 22 0.186968

8 22 0.211548

9 22 0.235292

10 22 0.258108

11 22 0.279905

12 22 0.300598

13 22 0.320105

14 22 0.338348

15 22 0.355255

16 22 0.370761

17 22 0.384804

18 22 0.397327

19 22 0.408283

20 22 0.417628

21 22 0.425324

22 22 0.431342

23 22 0.435657

24 22 0.438253

25 22 0.43912

26 22 0.438253

27 22 0.435657

28 22 0.431342

29 22 0.425324

30 22 0.417628

31 22 0.408283

32 22 0.397327

33 22 0.384804

34 22 0.370761

35 22 0.355255

36 22 0.338348

37 22 0.320105

38 22 0.300598

39 22 0.279905

40 22 0.258108

41 22 0.235292

42 22 0.211548

43 22 0.186968

44 22 0.161651

45 22 0.135695

46 22 0.109205

47 22 0.0822828

48 22 0.0550363

49 22 0.0275726

50 22 0

0 23 0

1 23 0.0278484

2 23 0.0555869

3 23 0.0831061

4 23 0.110297

5 23 0.137053

6 23 0.163268

7 23 0.188839

8 23 0.213664

9 23 0.237646

10 23 0.26069

11 23 0.282706

12 23 0.303606

13 23 0.323307

14 23 0.341733

15 23 0.35881

16 23 0.37447

17 23 0.388653

18 23 0.401303

19 23 0.412368

20 23 0.421806

21 23 0.429579

22 23 0.435657

23 23 0.440016

24 23 0.442638

25 23 0.443513

26 23 0.442638

27 23 0.440016

28 23 0.435657

29 23 0.429579

30 23 0.421806

31 23 0.412368

32 23 0.401303

33 23 0.388653

34 23 0.37447

35 23 0.35881

36 23 0.341733

37 23 0.323307

38 23 0.303606

39 23 0.282706

40 23 0.26069

41 23 0.237646

42 23 0.213664

43 23 0.188839

44 23 0.163268

45 23 0.137053

46 23 0.110297

47 23 0.0831061

48 23 0.0555869

49 23 0.0278484

50 23 0

0 24 0

1 24 0.0280144

2 24 0.0559182

3 24 0.0836013

4 24 0.110954

5 24 0.13787

6 24 0.164241

7 24 0.189964

8 24 0.214937

9 24 0.239062

10 24 0.262244

11 24 0.284391

12 24 0.305415

13 24 0.325234

14 24 0.343769

15 24 0.360948

16 24 0.376702

17 24 0.390969

18 24 0.403694

19 24 0.414825

20 24 0.42432

21 24 0.432139

22 24 0.438253

23 24 0.442638

24 24 0.445276

25 24 0.446156

26 24 0.445276

27 24 0.442638

28 24 0.438253

29 24 0.432139

30 24 0.42432

31 24 0.414825

32 24 0.403694

33 24 0.390969

34 24 0.376702

35 24 0.360948

36 24 0.343769

37 24 0.325234

38 24 0.305415

39 24 0.284391

40 24 0.262244

41 24 0.239062

42 24 0.214937

43 24 0.189964

44 24 0.164241

45 24 0.13787

46 24 0.110954

47 24 0.0836013

48 24 0.0559182

49 24 0.0280144

50 24 0

0 25 0

1 25 0.0280698

2 25 0.0560287

3 25 0.0837666

4 25 0.111174

5 25 0.138142

6 25 0.164566

7 25 0.19034

8 25 0.215362

9 25 0.239535

10 25 0.262762

11 25 0.284953

12 25 0.306019

13 25 0.325877

14 25 0.344449

15 25 0.361661

16 25 0.377447

17 25 0.391742

18 25 0.404492

19 25 0.415645

20 25 0.425158

21 25 0.432994

22 25 0.43912

23 25 0.443513

24 25 0.446156

25 25 0.447038

26 25 0.446156

27 25 0.443513

28 25 0.43912

29 25 0.432994

30 25 0.425158

31 25 0.415645

32 25 0.404492

33 25 0.391742

34 25 0.377447

35 25 0.361661

36 25 0.344449

37 25 0.325877

38 25 0.306019

39 25 0.284953

40 25 0.262762

41 25 0.239535

42 25 0.215362

43 25 0.19034

44 25 0.164566

45 25 0.138142

46 25 0.111174

47 25 0.0837666

48 25 0.0560287

49 25 0.0280698

50 25 0

0 26 0

1 26 0.0280144

2 26 0.0559182

3 26 0.0836013

4 26 0.110954

5 26 0.13787

6 26 0.164241

7 26 0.189964

8 26 0.214937

9 26 0.239062

10 26 0.262244

11 26 0.284391

12 26 0.305415

13 26 0.325234

14 26 0.343769

15 26 0.360948

16 26 0.376702

17 26 0.390969

18 26 0.403694

19 26 0.414825

20 26 0.42432

21 26 0.432139

22 26 0.438253

23 26 0.442638

24 26 0.445276

25 26 0.446156

26 26 0.445276

27 26 0.442638

28 26 0.438253

29 26 0.432139

30 26 0.42432

31 26 0.414825

32 26 0.403694

33 26 0.390969

34 26 0.376702

35 26 0.360948

36 26 0.343769

37 26 0.325234

38 26 0.305415

39 26 0.284391

40 26 0.262244

41 26 0.239062

42 26 0.214937

43 26 0.189964

44 26 0.164241

45 26 0.13787

46 26 0.110954

47 26 0.0836013

48 26 0.0559182

49 26 0.0280144

50 26 0

0 27 0

1 27 0.0278484

2 27 0.0555869

3 27 0.0831061

4 27 0.110297

5 27 0.137053

6 27 0.163268

7 27 0.188839

8 27 0.213664

9 27 0.237646

10 27 0.26069

11 27 0.282706

12 27 0.303606

13 27 0.323307

14 27 0.341733

15 27 0.35881

16 27 0.37447

17 27 0.388653

18 27 0.401303

19 27 0.412368

20 27 0.421806

21 27 0.429579

22 27 0.435657

23 27 0.440016

24 27 0.442638

25 27 0.443513

26 27 0.442638

27 27 0.440016

28 27 0.435657

29 27 0.429579

30 27 0.421806

31 27 0.412368

32 27 0.401303

33 27 0.388653

34 27 0.37447

35 27 0.35881

36 27 0.341733

37 27 0.323307

38 27 0.303606

39 27 0.282706

40 27 0.26069

41 27 0.237646

42 27 0.213664

43 27 0.188839

44 27 0.163268

45 27 0.137053

46 27 0.110297

47 27 0.0831061

48 27 0.0555869

49 27 0.0278484

50 27 0

0 28 0

1 28 0.0275726

2 28 0.0550363

3 28 0.0822828

4 28 0.109205

5 28 0.135695

6 28 0.161651

7 28 0.186968

8 28 0.211548

9 28 0.235292

10 28 0.258108

11 28 0.279905

12 28 0.300598

13 28 0.320105

14 28 0.338348

15 28 0.355255

16 28 0.370761

17 28 0.384804

18 28 0.397327

19 28 0.408283

20 28 0.417628

21 28 0.425324

22 28 0.431342

23 28 0.435657

24 28 0.438253

25 28 0.43912

26 28 0.438253

27 28 0.435657

28 28 0.431342

29 28 0.425324

30 28 0.417628

31 28 0.408283

32 28 0.397327

33 28 0.384804

34 28 0.370761

35 28 0.355255

36 28 0.338348

37 28 0.320105

38 28 0.300598

39 28 0.279905

40 28 0.258108

41 28 0.235292

42 28 0.211548

43 28 0.186968

44 28 0.161651

45 28 0.135695

46 28 0.109205

47 28 0.0822828

48 28 0.0550363

49 28 0.0275726

50 28 0

0 29 0

1 29 0.0271879

2 29 0.0542685

3 29 0.0811349

4 29 0.107681

5 29 0.133802

6 29 0.159396

7 29 0.18436

8 29 0.208596

9 29 0.23201

10 29 0.254507

11 29 0.276

12 29 0.296404

13 29 0.315639

14 29 0.333627

15 29 0.350299

16 29 0.365589

17 29 0.379435

18 29 0.391784

19 29 0.402587

20 29 0.411801

21 29 0.41939

22 29 0.425324

23 29 0.429579

24 29 0.432139

25 29 0.432994

26 29 0.432139

27 29 0.429579

28 29 0.425324

29 29 0.41939

30 29 0.411801

31 29 0.402587

32 29 0.391784

33 29 0.379435

34 29 0.365589

35 29 0.350299

36 29 0.333627

37 29 0.315639

38 29 0.296404

39 29 0.276

40 29 0.254507

41 29 0.23201

42 29 0.208596

43 29 0.18436

44 29 0.159396

45 29 0.133802

46 29 0.107681

47 29 0.0811349

48 29 0.0542685

49 29 0.0271879

50 29 0

0 30 0

1 30 0.0266959

2 30 0.0532865

3 30 0.0796668

4 30 0.105733

5 30 0.131381

6 30 0.156511

7 30 0.181024

8 30 0.204822

9 30 0.227811

10 30 0.249902

11 30 0.271006

12 30 0.291041

13 30 0.309927

14 30 0.32759

15 30 0.34396

16 30 0.358973

17 30 0.372569

18 30 0.384695

19 30 0.395302

20 30 0.40435

21 30 0.411801

22 30 0.417628

23 30 0.421806

24 30 0.42432

25 30 0.425158

26 30 0.42432

27 30 0.421806

28 30 0.417628

29 30 0.411801

30 30 0.40435

31 30 0.395302

32 30 0.384695

33 30 0.372569

34 30 0.358973

35 30 0.34396

36 30 0.32759

37 30 0.309927

38 30 0.291041

39 30 0.271006

40 30 0.249902

41 30 0.227811

42 30 0.204822

43 30 0.181024

44 30 0.156511

45 30 0.131381

46 30 0.105733

47 30 0.0796668

48 30 0.0532865

49 30 0.0266959

50 30 0

0 31 0

1 31 0.0260986

2 31 0.0520942

3 31 0.0778842

4 31 0.103367

5 31 0.128442

6 31 0.153009

7 31 0.176973

8 31 0.200239

9 31 0.222714

10 31 0.24431

11 31 0.264942

12 31 0.284529

13 31 0.302993

14 31 0.32026

15 31 0.336264

16 31 0.350941

17 31 0.364233

18 31 0.376087

19 31 0.386457

20 31 0.395302

21 31 0.402587

22 31 0.408283

23 31 0.412368

24 31 0.414825

25 31 0.415645

26 31 0.414825

27 31 0.412368

28 31 0.408283

29 31 0.402587

30 31 0.395302

31 31 0.386457

32 31 0.376087

33 31 0.364233

34 31 0.350941

35 31 0.336264

36 31 0.32026

37 31 0.302993

38 31 0.284529

39 31 0.264942

40 31 0.24431

41 31 0.222714

42 31 0.200239

43 31 0.176973

44 31 0.153009

45 31 0.128442

46 31 0.103367

47 31 0.0778842

48 31 0.0520942

49 31 0.0260986

50 31 0

0 32 0

1 32 0.0253983

2 32 0.0506963

3 32 0.0757943

4 32 0.100593

5 32 0.124995

6 32 0.148903

7 32 0.172224

8 32 0.194866

9 32 0.216738

10 32 0.237755

11 32 0.257833

12 32 0.276894

13 32 0.294862

14 32 0.311667

15 32 0.327241

16 32 0.341524

17 32 0.354459

18 32 0.365995

19 32 0.376087

20 32 0.384695

21 32 0.391784

22 32 0.397327

23 32 0.401303

24 32 0.403694

25 32 0.404492

26 32 0.403694

27 32 0.401303

28 32 0.397327

29 32 0.391784

30 32 0.384695

31 32 0.376087

32 32 0.365995

33 32 0.354459

34 32 0.341524

35 32 0.327241

36 32 0.311667

37 32 0.294862

38 32 0.276894

39 32 0.257833

40 32 0.237755

41 32 0.216738

42 32 0.194866

43 32 0.172224

44 32 0.148903

45 32 0.124995

46 32 0.100593

47 32 0.0757943

48 32 0.0506963

49 32 0.0253983

50 32 0

0 33 0

1 33 0.0245977

2 33 0.0490983

3 33 0.0734052

4 33 0.0974224

5 33 0.121055

6 33 0.14421

7 33 0.166796

8 33 0.188723

9 33 0.209906

10 33 0.23026

11 33 0.249706

12 33 0.268166

13 33 0.285568

14 33 0.301843

15 33 0.316926

16 33 0.330759

17 33 0.343287

18 33 0.354459

19 33 0.364233

20 33 0.372569

21 33 0.379435

22 33 0.384804

23 33 0.388653

24 33 0.390969

25 33 0.391742

26 33 0.390969

27 33 0.388653

28 33 0.384804

29 33 0.379435

30 33 0.372569

31 33 0.364233

32 33 0.354459

33 33 0.343287

34 33 0.330759

35 33 0.316926

36 33 0.301843

37 33 0.285568

38 33 0.268166

39 33 0.249706

40 33 0.23026

41 33 0.209906

42 33 0.188723

43 33 0.166796

44 33 0.14421

45 33 0.121055

46 33 0.0974224

47 33 0.0734052

48 33 0.0490983

49 33 0.0245977

50 33 0

0 34 0

1 34 0.0237001

2 34 0.0473066

3 34 0.0707265

4 34 0.0938672

5 34 0.116637

6 34 0.138947

7 34 0.160709

8 34 0.181836

9 34 0.202246

10 34 0.221858

11 34 0.240594

12 34 0.25838

13 34 0.275147

14 34 0.290828

15 34 0.305361

16 34 0.318689

17 34 0.330759

18 34 0.341524

19 34 0.350941

20 34 0.358973

21 34 0.365589

22 34 0.370761

23 34 0.37447

24 34 0.376702

25 34 0.377447

26 34 0.376702

27 34 0.37447

28 34 0.370761

29 34 0.365589

30 34 0.358973

31 34 0.350941

32 34 0.341524

33 34 0.330759

34 34 0.318689

35 34 0.305361

36 34 0.290828

37 34 0.275147

38 34 0.25838

39 34 0.240594

40 34 0.221858

41 34 0.202246

42 34 0.181836

43 34 0.160709

44 34 0.138947

45 34 0.116637

46 34 0.0938672

47 34 0.0707265

48 34 0.0473066

49 34 0.0237001

50 34 0

0 35 0

1 35 0.0227089

2 35 0.0453282

3 35 0.0677686

4 35 0.0899415

5 35 0.11176

6 35 0.133136

7 35 0.153988

8 35 0.174232

9 35 0.193788

10 35 0.212579

11 35 0.230532

12 35 0.247574

13 35 0.26364

14 35 0.278665

15 35 0.29259

16 35 0.305361

17 35 0.316926

18 35 0.327241

19 35 0.336264

20 35 0.34396

21 35 0.350299

22 35 0.355255

23 35 0.35881

24 35 0.360948

25 35 0.361661

26 35 0.360948

27 35 0.35881

28 35 0.355255

29 35 0.350299

30 35 0.34396

31 35 0.336264

32 35 0.327241

33 35 0.316926

34 35 0.305361

35 35 0.29259

36 35 0.278665

37 35 0.26364

38 35 0.247574

39 35 0.230532

40 35 0.212579

41 35 0.193788

42 35 0.174232

43 35 0.153988

44 35 0.133136

45 35 0.11176

46 35 0.0899415

47 35 0.0677686

48 35 0.0453282

49 35 0.0227089

50 35 0

0 36 0

1 36 0.0216281

2 36 0.0431709

3 36 0.0645433

4 36 0.0856609

5 36 0.106441

6 36 0.1268

7 36 0.146659

8 36 0.165939

9 36 0.184565

10 36 0.202462

11 36 0.21956

12 36 0.235791

13 36 0.251092

14 36 0.265402

15 36 0.278665

16 36 0.290828

17 36 0.301843

18 36 0.311667

19 36 0.32026

20 36 0.32759

21 36 0.333627

22 36 0.338348

23 36 0.341733

24 36 0.343769

25 36 0.344449

26 36 0.343769

27 36 0.341733

28 36 0.338348

29 36 0.333627

30 36 0.32759

31 36 0.32026

32 36 0.311667

33 36 0.301843

34 36 0.290828

35 36 0.278665

36 36 0.265402

37 36 0.251092

38 36 0.235791

39 36 0.21956

40 36 0.202462

41 36 0.184565

42 36 0.165939

43 36 0.146659

44 36 0.1268

45 36 0.106441

46 36 0.0856609

47 36 0.0645433

48 36 0.0431709

49 36 0.0216281

50 36 0

0 37 0

1 37 0.020462

2 37 0.0408432

3 37 0.0610632

4 37 0.0810422

5 37 0.100701

6 37 0.119963

7 37 0.138752

8 37 0.156992

9 37 0.174613

10 37 0.191546

11 37 0.207722

12 37 0.223078

13 37 0.237554

14 37 0.251092

15 37 0.26364

16 37 0.275147

17 37 0.285568

18 37 0.294862

19 37 0.302993

20 37 0.309927

21 37 0.315639

22 37 0.320105

23 37 0.323307

24 37 0.325234

25 37 0.325877

26 37 0.325234

27 37 0.323307

28 37 0.320105

29 37 0.315639

30 37 0.309927

31 37 0.302993

32 37 0.294862

33 37 0.285568

34 37 0.275147

35 37 0.26364

36 37 0.251092

37 37 0.237554

38 37 0.223078

39 37 0.207722

40 37 0.191546

41 37 0.174613

42 37 0.156992

43 37 0.138752

44 37 0.119963

45 37 0.100701

46 37 0.0810422

47 37 0.0610632

48 37 0.0408432

49 37 0.020462

50 37 0

0 38 0

1 38 0.0192151

2 38 0.0383543

3 38 0.0573422

4 38 0.0761037

5 38 0.094565

6 38 0.112653

7 38 0.130296

8 38 0.147426

9 38 0.163973

10 38 0.179873

11 38 0.195064

12 38 0.209484

13 38 0.223078

14 38 0.235791

15 38 0.247574

16 38 0.25838

17 38 0.268166

18 38 0.276894

19 38 0.284529

20 38 0.291041

21 38 0.296404

22 38 0.300598

23 38 0.303606

24 38 0.305415

25 38 0.306019

26 38 0.305415

27 38 0.303606

28 38 0.300598

29 38 0.296404

30 38 0.291041

31 38 0.284529

32 38 0.276894

33 38 0.268166

34 38 0.25838

35 38 0.247574

36 38 0.235791

37 38 0.223078

38 38 0.209484

39 38 0.195064

40 38 0.179873

41 38 0.163973

42 38 0.147426

43 38 0.130296

44 38 0.112653

45 38 0.094565

46 38 0.0761037

47 38 0.0573422

48 38 0.0383543

49 38 0.0192151

50 38 0

0 39 0

1 39 0.0178923

2 39 0.0357141

3 39 0.0533948

4 39 0.0708649

5 39 0.0880553

6 39 0.104898

7 39 0.121327

8 39 0.137277

9 39 0.152685

10 39 0.167491

11 39 0.181636

12 39 0.195064

13 39 0.207722

14 39 0.21956

15 39 0.230532

16 39 0.240594

17 39 0.249706

18 39 0.257833

19 39 0.264942

20 39 0.271006

21 39 0.276

22 39 0.279905

23 39 0.282706

24 39 0.284391

25 39 0.284953

26 39 0.284391

27 39 0.282706

28 39 0.279905

29 39 0.276

30 39 0.271006

31 39 0.264942

32 39 0.257833

33 39 0.249706

34 39 0.240594

35 39 0.230532

36 39 0.21956

37 39 0.207722

38 39 0.195064

39 39 0.181636

40 39 0.167491

41 39 0.152685

42 39 0.137277

43 39 0.121327

44 39 0.104898

45 39 0.0880553

46 39 0.0708649

47 39 0.0533948

48 39 0.0357141

49 39 0.0178923

50 39 0

0 40 0

1 40 0.016499

2 40 0.0329329

3 40 0.0492368

4 40 0.0653463

5 40 0.081198

6 40 0.0967293

7 40 0.111879

8 40 0.126587

9 40 0.140795

10 40 0.154448

11 40 0.167491

12 40 0.179873

13 40 0.191546

14 40 0.202462

15 40 0.212579

16 40 0.221858

17 40 0.23026

18 40 0.237755

19 40 0.24431

20 40 0.249902

21 40 0.254507

22 40 0.258108

23 40 0.26069

24 40 0.262244

25 40 0.262762

26 40 0.262244

27 40 0.26069

28 40 0.258108

29 40 0.254507

30 40 0.249902

31 40 0.24431

32 40 0.237755

33 40 0.23026

34 40 0.221858

35 40 0.212579

36 40 0.202462

37 40 0.191546

38 40 0.179873

39 40 0.167491

40 40 0.154448

41 40 0.140795

42 40 0.126587

43 40 0.111879

44 40 0.0967293

45 40 0.081198

46 40 0.0653463

47 40 0.0492368

48 40 0.0329329

49 40 0.016499

50 40 0

0 41 0

1 41 0.0150405

2 41 0.0300217

3 41 0.0448844

4 41 0.0595699

5 41 0.0740204

6 41 0.0881787

7 41 0.101989

8 41 0.115397

9 41 0.128349

10 41 0.140795

11 41 0.152685

12 41 0.163973

13 41 0.174613

14 41 0.184565

15 41 0.193788

16 41 0.202246

17 41 0.209906

18 41 0.216738

19 41 0.222714

20 41 0.227811

21 41 0.23201

22 41 0.235292

23 41 0.237646

24 41 0.239062

25 41 0.239535

26 41 0.239062

27 41 0.237646

28 41 0.235292

29 41 0.23201

30 41 0.227811

31 41 0.222714

32 41 0.216738

33 41 0.209906

34 41 0.202246

35 41 0.193788

36 41 0.184565

37 41 0.174613

38 41 0.163973

39 41 0.152685

40 41 0.140795

41 41 0.128349

42 41 0.115397

43 41 0.101989

44 41 0.0881787

45 41 0.0740204

46 41 0.0595699

47 41 0.0448844

48 41 0.0300217

49 41 0.0150405

50 41 0

0 42 0

1 42 0.0135227

2 42 0.026992

3 42 0.0403549

4 42 0.0535584

5 42 0.0665506

6 42 0.0792801

7 42 0.0916968

8 42 0.103752

9 42 0.115397

10 42 0.126587

11 42 0.137277

12 42 0.147426

13 42 0.156992

14 42 0.165939

15 42 0.174232

16 42 0.181836

17 42 0.188723

18 42 0.194866

19 42 0.200239

20 42 0.204822

21 42 0.208596

22 42 0.211548

23 42 0.213664

24 42 0.214937

25 42 0.215362

26 42 0.214937

27 42 0.213664

28 42 0.211548

29 42 0.208596

30 42 0.204822

31 42 0.200239

32 42 0.194866

33 42 0.188723

34 42 0.181836

35 42 0.174232

36 42 0.165939

37 42 0.156992

38 42 0.147426

39 42 0.137277

40 42 0.126587

41 42 0.115397

42 42 0.103752

43 42 0.0916968

44 42 0.0792801

45 42 0.0665506

46 42 0.0535584

47 42 0.0403549

48 42 0.026992

49 42 0.0135227

50 42 0

0 43 0

1 43 0.0119515

2 43 0.0238559

3 43 0.0356661

4 43 0.0473355

5 43 0.0588182

6 43 0.0700687

7 43 0.0810426

8 43 0.0916968

9 43 0.101989

10 43 0.111879

11 43 0.121327

12 43 0.130296

13 43 0.138752

14 43 0.146659

15 43 0.153988

16 43 0.160709

17 43 0.166796

18 43 0.172224

19 43 0.176973

20 43 0.181024

21 43 0.18436

22 43 0.186968

23 43 0.188839

24 43 0.189964

25 43 0.19034

26 43 0.189964

27 43 0.188839

28 43 0.186968

29 43 0.18436

30 43 0.181024

31 43 0.176973

32 43 0.172224

33 43 0.166796

34 43 0.160709

35 43 0.153988

36 43 0.146659

37 43 0.138752

38 43 0.130296

39 43 0.121327

40 43 0.111879

41 43 0.101989

42 43 0.0916968

43 43 0.0810426

44 43 0.0700687

45 43 0.0588182

46 43 0.0473355

47 43 0.0356661

48 43 0.0238559

49 43 0.0119515

50 43 0

0 44 0

1 44 0.0103332

2 44 0.0206255

3 44 0.0308365

4 44 0.0409258

5 44 0.0508536

6 44 0.0605807

7 44 0.0700687

8 44 0.0792801

9 44 0.0881787

10 44 0.0967293

11 44 0.104898

12 44 0.112653

13 44 0.119963

14 44 0.1268

15 44 0.133136

16 44 0.138947

17 44 0.14421

18 44 0.148903

19 44 0.153009

20 44 0.156511

21 44 0.159396

22 44 0.161651

23 44 0.163268

24 44 0.164241

25 44 0.164566

26 44 0.164241

27 44 0.163268

28 44 0.161651

29 44 0.159396

30 44 0.156511

31 44 0.153009

32 44 0.148903

33 44 0.14421

34 44 0.138947

35 44 0.133136

36 44 0.1268

37 44 0.119963

38 44 0.112653

39 44 0.104898

40 44 0.0967293

41 44 0.0881787

42 44 0.0792801

43 44 0.0700687

44 44 0.0605807

45 44 0.0508536

46 44 0.0409258

47 44 0.0308365

48 44 0.0206255

49 44 0.0103332

50 44 0

0 45 0

1 45 0.00867403

2 45 0.0173138

3 45 0.0258853

4 45 0.0343546

5 45 0.0426883

6 45 0.0508536

7 45 0.0588182

8 45 0.0665506

9 45 0.0740204

10 45 0.081198

11 45 0.0880553

12 45 0.094565

13 45 0.100701

14 45 0.106441

15 45 0.11176

16 45 0.116637

17 45 0.121055

18 45 0.124995

19 45 0.128442

20 45 0.131381

21 45 0.133802

22 45 0.135695

23 45 0.137053

24 45 0.13787

25 45 0.138142

26 45 0.13787

27 45 0.137053

28 45 0.135695

29 45 0.133802

30 45 0.131381

31 45 0.128442

32 45 0.124995

33 45 0.121055

34 45 0.116637

35 45 0.11176

36 45 0.106441

37 45 0.100701

38 45 0.094565

39 45 0.0880553

40 45 0.081198

41 45 0.0740204

42 45 0.0665506

43 45 0.0588182

44 45 0.0508536

45 45 0.0426883

46 45 0.0343546

47 45 0.0258853

48 45 0.0173138

49 45 0.00867403

50 45 0

0 46 0

1 46 0.00698066

2 46 0.0139338

3 46 0.0208319

4 46 0.0276478

5 46 0.0343546

6 46 0.0409258

7 46 0.0473355

8 46 0.0535584

9 46 0.0595699

10 46 0.0653463

11 46 0.0708649

12 46 0.0761037

13 46 0.0810422

14 46 0.0856609

15 46 0.0899415

16 46 0.0938672

17 46 0.0974224

18 46 0.100593

19 46 0.103367

20 46 0.105733

21 46 0.107681

22 46 0.109205

23 46 0.110297

24 46 0.110954

25 46 0.111174

26 46 0.110954

27 46 0.110297

28 46 0.109205

29 46 0.107681

30 46 0.105733

31 46 0.103367

32 46 0.100593

33 46 0.0974224

34 46 0.0938672

35 46 0.0899415

36 46 0.0856609

37 46 0.0810422

38 46 0.0761037

39 46 0.0708649

40 46 0.0653463

41 46 0.0595699

42 46 0.0535584

43 46 0.0473355

44 46 0.0409258

45 46 0.0343546

46 46 0.0276478

47 46 0.0208319

48 46 0.0139338

49 46 0.00698066

50 46 0

0 47 0

1 47 0.00525975

2 47 0.0104987

3 47 0.0156963

4 47 0.0208319

5 47 0.0258853

6 47 0.0308365

7 47 0.0356661

8 47 0.0403549

9 47 0.0448844

10 47 0.0492368

11 47 0.0533948

12 47 0.0573422

13 47 0.0610632

14 47 0.0645433

15 47 0.0677686

16 47 0.0707265

17 47 0.0734052

18 47 0.0757943

19 47 0.0778842

20 47 0.0796668

21 47 0.0811349

22 47 0.0822828

23 47 0.0831061

24 47 0.0836013

25 47 0.0837666

26 47 0.0836013

27 47 0.0831061

28 47 0.0822828

29 47 0.0811349

30 47 0.0796668

31 47 0.0778842

32 47 0.0757943

33 47 0.0734052

34 47 0.0707265

35 47 0.0677686

36 47 0.0645433

37 47 0.0610632

38 47 0.0573422

39 47 0.0533948

40 47 0.0492368

41 47 0.0448844

42 47 0.0403549

43 47 0.0356661

44 47 0.0308365

45 47 0.0258853

46 47 0.0208319

47 47 0.0156963

48 47 0.0104987

49 47 0.00525975

50 47 0

0 48 0

1 48 0.00351807

2 48 0.00702226

3 48 0.0104987

4 48 0.0139338

5 48 0.0173138

6 48 0.0206255

7 48 0.0238559

8 48 0.026992

9 48 0.0300217

10 48 0.0329329

11 48 0.0357141

12 48 0.0383543

13 48 0.0408432

14 48 0.0431709

15 48 0.0453282

16 48 0.0473066

17 48 0.0490983

18 48 0.0506963

19 48 0.0520942

20 48 0.0532865

21 48 0.0542685

22 48 0.0550363

23 48 0.0555869

24 48 0.0559182

25 48 0.0560287

26 48 0.0559182

27 48 0.0555869

28 48 0.0550363

29 48 0.0542685

30 48 0.0532865

31 48 0.0520942

32 48 0.0506963

33 48 0.0490983

34 48 0.0473066

35 48 0.0453282

36 48 0.0431709

37 48 0.0408432

38 48 0.0383543

39 48 0.0357141

40 48 0.0329329

41 48 0.0300217

42 48 0.026992

43 48 0.0238559

44 48 0.0206255

45 48 0.0173138

46 48 0.0139338

47 48 0.0104987

48 48 0.00702226

49 48 0.00351807

50 48 0

0 49 0

1 49 0.00176251

2 49 0.00351807

3 49 0.00525975

4 49 0.00698066

5 49 0.00867403

6 49 0.0103332

7 49 0.0119515

8 49 0.0135227

9 49 0.0150405

10 49 0.016499

11 49 0.0178923

12 49 0.0192151

13 49 0.020462

14 49 0.0216281

15 49 0.0227089

16 49 0.0237001

17 49 0.0245977

18 49 0.0253983

19 49 0.0260986

20 49 0.0266959

21 49 0.0271879

22 49 0.0275726

23 49 0.0278484

24 49 0.0280144

25 49 0.0280698

26 49 0.0280144

27 49 0.0278484

28 49 0.0275726

29 49 0.0271879

30 49 0.0266959

31 49 0.0260986

32 49 0.0253983

33 49 0.0245977

34 49 0.0237001

35 49 0.0227089

36 49 0.0216281

37 49 0.020462

38 49 0.0192151

39 49 0.0178923

40 49 0.016499

41 49 0.0150405

42 49 0.0135227

43 49 0.0119515

44 49 0.0103332

45 49 0.00867403

46 49 0.00698066

47 49 0.00525975

48 49 0.00351807

49 49 0.00176251

50 49 0

