0 1 0

1 1 0.000826124

2 1 0.00164899

3 1 0.00246534

4 1 0.00327197

5 1 0.00406568

6 1 0.00484335

7 1 0.0056019

8 1 0.00633835

9 1 0.00704978

10 1 0.00773339

11 1 0.00838648

12 1 0.00900647

13 1 0.00959091

14 1 0.0101375

15 1 0.0106441

16 1 0.0111087

17 1 0.0115294

18 1 0.0119047

19 1 0.0122329

20 1 0.0125129

21 1 0.0127435

22 1 0.0129238

23 1 0.0130531

24 1 0.0131309

25 1 0.0131568

26 1 0.0131309

27 1 0.0130531

28 1 0.0129238

29 1 0.0127435

30 1 0.0125129

31 1 0.0122329

32 1 0.0119047

33 1 0.0115294

34 1 0.0111087

35 1 0.0106441

36 1 0.0101375

37 1 0.00959091

38 1 0.00900647

39 1 0.00838648

40 1 0.00773339

41 1 0.00704978

42 1 0.00633835

43 1 0.0056019

44 1 0.00484335

45 1 0.00406568

46 1 0.00327197

47 1 0.00246534

48 1 0.00164899

49 1 0.000826124

50 1 0

0 2 0

1 2 0.00164899

2 2 0.00329147

3 2 0.00492096

4 2 0.00653103

5 2 0.00811532

6 2 0.00966759

7 2 0.0111817

8 2 0.0126517

9 2 0.0140717

10 2 0.0154363

11 2 0.0167399

12 2 0.0179774

13 2 0.019144

14 2 0.020235

15 2 0.0212462

16 2 0.0221735

17 2 0.0230133

18 2 0.0237623

19 2 0.0244175

20 2 0.0249764

21 2 0.0254367

22 2 0.0257966

23 2 0.0260546

24 2 0.0262099

25 2 0.0262617

26 2 0.0262099

27 2 0.0260546

28 2 0.0257966

29 2 0.0254367

30 2 0.0249764

31 2 0.0244175

32 2 0.0237623

33 2 0.0230133

34 2 0.0221735

35 2 0.0212462

36 2 0.020235

37 2 0.019144

38 2 0.0179774

39 2 0.0167399

40 2 0.0154363

41 2 0.0140717

42 2 0.0126517

43 2 0.0111817

44 2 0.00966759

45 2 0.00811532

46 2 0.00653103

47 2 0.00492096

48 2 0.00329147

49 2 0.00164899

50 2 0

0 3 0

1 3 0.00246534

2 3 0.00492096

3 3 0.00735715

4 3 0.00976431

5 3 0.0121329

6 3 0.0144537

7 3 0.0167174

8 3 0.0189151

9 3 0.0210382

10 3 0.0230782

11 3 0.0250272

12 3 0.0268774

13 3 0.0286215

14 3 0.0302526

15 3 0.0317644

16 3 0.0331508

17 3 0.0344064

18 3 0.0355262

19 3 0.0365058

20 3 0.0373413

21 3 0.0380295

22 3 0.0385675

23 3 0.0389534

24 3 0.0391855

25 3 0.039263

26 3 0.0391855

27 3 0.0389534

28 3 0.0385675

29 3 0.0380295

30 3 0.0373413

31 3 0.0365058

32 3 0.0355262

33 3 0.0344064

34 3 0.0331508

35 3 0.0317644

36 3 0.0302526

37 3 0.0286215

38 3 0.0268774

39 3 0.0250272

40 3 0.0230782

41 3 0.0210382

42 3 0.0189151

43 3 0.0167174

44 3 0.0144537

45 3 0.0121329

46 3 0.00976431

47 3 0.00735715

48 3 0.00492096

49 3 0.00246534

50 3 0

0 4 0

1 4 0.00327197

2 4 0.00653103

3 4 0.00976431

4 4 0.0129591

5 4 0.0161027

6 4 0.0191827

7 4 0.0221871

8 4 0.0251038

9 4 0.0279216

10 4 0.0306291

11 4 0.0332157

12 4 0.0356713

13 4 0.037986

14 4 0.0401509

15 4 0.0421573

16 4 0.0439973

17 4 0.0456637

18 4 0.0471499

19 4 0.04845

20 4 0.0495589

21 4 0.0504722

22 4 0.0511863

23 4 0.0516984

24 4 0.0520065

25 4 0.0521093

26 4 0.0520065

27 4 0.0516984

28 4 0.0511863

29 4 0.0504722

30 4 0.0495589

31 4 0.04845

32 4 0.0471499

33 4 0.0456637

34 4 0.0439973

35 4 0.0421573

36 4 0.0401509

37 4 0.037986

38 4 0.0356713

39 4 0.0332157

40 4 0.0306291

41 4 0.0279216

42 4 0.0251038

43 4 0.0221871

44 4 0.0191827

45 4 0.0161027

46 4 0.0129591

47 4 0.00976431

48 4 0.00653103

49 4 0.00327197

50 4 0

0 5 0

1 5 0.00406568

2 5 0.00811532

3 5 0.0121329

4 5 0.0161027

5 5 0.0200088

6 5 0.023836

7 5 0.0275692

8 5 0.0311935

9 5 0.0346948

10 5 0.0380591

11 5 0.0412732

12 5 0.0443244

13 5 0.0472007

14 5 0.0498907

15 5 0.0523838

16 5 0.0546702

17 5 0.0567408

18 5 0.0585875

19 5 0.060203

20 5 0.0615808

21 5 0.0627157

22 5 0.063603

23 5 0.0642394

24 5 0.0646222

25 5 0.0647499

26 5 0.0646222

27 5 0.0642394

28 5 0.063603

29 5 0.0627157

30 5 0.0615808

31 5 0.060203

32 5 0.0585875

33 5 0.0567408

34 5 0.0546702

35 5 0.0523838

36 5 0.0498907

37 5 0.0472007

38 5 0.0443244

39 5 0.0412732

40 5 0.0380591

41 5 0.0346948

42 5 0.0311935

43 5 0.0275692

44 5 0.023836

45 5 0.0200088

46 5 0.0161027

47 5 0.0121329

48 5 0.00811532

49 5 0.00406568

50 5 0

0 6 0

1 6 0.00484335

2 6 0.00966759

3 6 0.0144537

4 6 0.0191827

5 6 0.023836

6 6 0.0283953

7 6 0.0328425

8 6 0.0371601

9 6 0.041331

10 6 0.0453388

11 6 0.0491677

12 6 0.0528026

13 6 0.056229

14 6 0.0594336

15 6 0.0624036

16 6 0.0651273

17 6 0.067594

18 6 0.0697939

19 6 0.0717184

20 6 0.0733598

21 6 0.0747117

22 6 0.0757688

23 6 0.0765268

24 6 0.0769828

25 6 0.0771351

26 6 0.0769828

27 6 0.0765268

28 6 0.0757688

29 6 0.0747117

30 6 0.0733598

31 6 0.0717184

32 6 0.0697939

33 6 0.067594

34 6 0.0651273

35 6 0.0624036

36 6 0.0594336

37 6 0.056229

38 6 0.0528026

39 6 0.0491677

40 6 0.0453388

41 6 0.041331

42 6 0.0371601

43 6 0.0328425

44 6 0.0283953

45 6 0.023836

46 6 0.0191827

47 6 0.0144537

48 6 0.00966759

49 6 0.00484335

50 6 0

0 7 0

1 7 0.0056019

2 7 0.0111817

3 7 0.0167174

4 7 0.0221871

5 7 0.0275692

6 7 0.0328425

7 7 0.0379862

8 7 0.04298

9 7 0.0478042

10 7 0.0524397

11 7 0.0568683

12 7 0.0610724

13 7 0.0650355

14 7 0.0687419

15 7 0.0721771

16 7 0.0753273

17 7 0.0781804

18 7 0.0807248

19 7 0.0829507

20 7 0.0848492

21 7 0.0864129

22 7 0.0876355

23 7 0.0885123

24 7 0.0890397

25 7 0.0892157

26 7 0.0890397

27 7 0.0885123

28 7 0.0876355

29 7 0.0864129

30 7 0.0848492

31 7 0.0829507

32 7 0.0807248

33 7 0.0781804

34 7 0.0753273

35 7 0.0721771

36 7 0.0687419

37 7 0.0650355

38 7 0.0610724

39 7 0.0568683

40 7 0.0524397

41 7 0.0478042

42 7 0.04298

43 7 0.0379862

44 7 0.0328425

45 7 0.0275692

46 7 0.0221871

47 7 0.0167174

48 7 0.0111817

49 7 0.0056019

50 7 0

0 8 0

1 8 0.00633835

2 8 0.0126517

3 8 0.0189151

4 8 0.0251038

5 8 0.0311935

6 8 0.0371601

7 8 0.04298

8 8 0.0486303

9 8 0.0540887

10 8 0.0593336

11 8 0.0643444

12 8 0.0691012

13 8 0.0735853

14 8 0.077779

15 8 0.0816657

16 8 0.0852301

17 8 0.0884582

18 8 0.0913372

19 8 0.0938557

20 8 0.0960038

21 8 0.097773

22 8 0.0991563

23 8 0.100148

24 8 0.100745

25 8 0.100944

26 8 0.100745

27 8 0.100148

28 8 0.0991563

29 8 0.097773

30 8 0.0960038

31 8 0.0938557

32 8 0.0913372

33 8 0.0884582

34 8 0.0852301

35 8 0.0816657

36 8 0.077779

37 8 0.0735853

38 8 0.0691012

39 8 0.0643444

40 8 0.0593336

41 8 0.0540887

42 8 0.0486303

43 8 0.04298

44 8 0.0371601

45 8 0.0311935

46 8 0.0251038

47 8 0.0189151

48 8 0.0126517

49 8 0.00633835

50 8 0

0 9 0

1 9 0.00704978

2 9 0.0140717

3 9 0.0210382

4 9 0.0279216

5 9 0.0346948

6 9 0.041331

7 9 0.0478042

8 9 0.0540887

9 9 0.0601597

10 9 0.0659933

11 9 0.0715665

12 9 0.0768572

13 9 0.0818446

14 9 0.086509

15 9 0.090832

16 9 0.0947966

17 9 0.098387

18 9 0.101589

19 9 0.10439

20 9 0.106779

21 9 0.108747

22 9 0.110286

23 9 0.111389

24 9 0.112053

25 9 0.112275

26 9 0.112053

27 9 0.111389

28 9 0.110286

29 9 0.108747

30 9 0.106779

31 9 0.10439

32 9 0.101589

33 9 0.098387

34 9 0.0947966

35 9 0.090832

36 9 0.086509

37 9 0.0818446

38 9 0.0768572

39 9 0.0715665

40 9 0.0659933

41 9 0.0601597

42 9 0.0540887

43 9 0.0478042

44 9 0.041331

45 9 0.0346948

46 9 0.0279216

47 9 0.0210382

48 9 0.0140717

49 9 0.00704978

50 9 0

0 10 0

1 10 0.00773339

2 10 0.0154363

3 10 0.0230782

4 10 0.0306291

5 10 0.0380591

6 10 0.0453388

7 10 0.0524397

8 10 0.0593336

9 10 0.0659933

10 10 0.0723926

11 10 0.0785062

12 10 0.08431

13 10 0.089781

14 10 0.0948977

15 10 0.0996399

16 10 0.103989

17 10 0.107927

18 10 0.11144

19 10 0.114513

20 10 0.117134

21 10 0.119292

22 10 0.12098

23 10 0.122191

24 10 0.122919

25 10 0.123162

26 10 0.122919

27 10 0.122191

28 10 0.12098

29 10 0.119292

30 10 0.117134

31 10 0.114513

32 10 0.11144

33 10 0.107927

34 10 0.103989

35 10 0.0996399

36 10 0.0948977

37 10 0.089781

38 10 0.08431

39 10 0.0785062

40 10 0.0723926

41 10 0.0659933

42 10 0.0593336

43 10 0.0524397

44 10 0.0453388

45 10 0.0380591

46 10 0.0306291

47 10 0.0230782

48 10 0.0154363

49 10 0.00773339

50 10 0

0 11 0

1 11 0.00838648

2 11 0.0167399

3 11 0.0250272

4 11 0.0332157

5 11 0.0412732

6 11 0.0491677

7 11 0.0568683

8 11 0.0643444

9 11 0.0715665

10 11 0.0785062

11 11 0.0851361

12 11 0.09143

13 11 0.0973631

14 11 0.102912

15 11 0.108055

16 11 0.112771

17 11 0.117042

18 11 0.120851

19 11 0.124184

20 11 0.127026

21 11 0.129367

22 11 0.131197

23 11 0.13251

24 11 0.133299

25 11 0.133563

26 11 0.133299

27 11 0.13251

28 11 0.131197

29 11 0.129367

30 11 0.127026

31 11 0.124184

32 11 0.120851

33 11 0.117042

34 11 0.112771

35 11 0.108055

36 11 0.102912

37 11 0.0973631

38 11 0.09143

39 11 0.0851361

40 11 0.0785062

41 11 0.0715665

42 11 0.0643444

43 11 0.0568683

44 11 0.0491677

45 11 0.0412732

46 11 0.0332157

47 11 0.0250272

48 11 0.0167399

49 11 0.00838648

50 11 0

0 12 0

1 12 0.00900647

2 12 0.0179774

3 12 0.0268774

4 12 0.0356713

5 12 0.0443244

6 12 0.0528026

7 12 0.0610724

8 12 0.0691012

9 12 0.0768572

10 12 0.08431

11 12 0.09143

12 12 0.0981892

13 12 0.104561

14 12 0.11052

15 12 0.116043

16 12 0.121108

17 12 0.125695

18 12 0.129785

19 12 0.133364

20 12 0.136416

21 12 0.13893

22 12 0.140896

23 12 0.142306

24 12 0.143154

25 12 0.143437

26 12 0.143154

27 12 0.142306

28 12 0.140896

29 12 0.13893

30 12 0.136416

31 12 0.133364

32 12 0.129785

33 12 0.125695

34 12 0.121108

35 12 0.116043

36 12 0.11052

37 12 0.104561

38 12 0.0981892

39 12 0.09143

40 12 0.08431

41 12 0.0768572

42 12 0.0691012

43 12 0.0610724

44 12 0.0528026

45 12 0.0443244

46 12 0.0356713

47 12 0.0268774

48 12 0.0179774

49 12 0.00900647

50 12 0

0 13 0

1 13 0.00959091

2 13 0.019144

3 13 0.0286215

4 13 0.037986

5 13 0.0472007

6 13 0.056229

7 13 0.0650355

8 13 0.0735853

9 13 0.0818446

10 13 0.089781

11 13 0.0973631

12 13 0.104561

13 13 0.111346

14 13 0.117692

15 13 0.123573

16 13 0.128967

17 13 0.133851

18 13 0.138207

19 13 0.142018

20 13 0.145269

21 13 0.147946

22 13 0.150039

23 13 0.15154

24 13 0.152443

25 13 0.152745

26 13 0.152443

27 13 0.15154

28 13 0.150039

29 13 0.147946

30 13 0.145269

31 13 0.142018

32 13 0.138207

33 13 0.133851

34 13 0.128967

35 13 0.123573

36 13 0.117692

37 13 0.111346

38 13 0.104561

39 13 0.0973631

40 13 0.089781

41 13 0.0818446

42 13 0.0735853

43 13 0.0650355

44 13 0.056229

45 13 0.0472007

46 13 0.037986

47 13 0.0286215

48 13 0.019144

49 13 0.00959091

50 13 0

0 14 0

1 14 0.0101375

2 14 0.020235

3 14 0.0302526

4 14 0.0401509

5 14 0.0498907

6 14 0.0594336

7 14 0.0687419

8 14 0.077779

9 14 0.086509

10 14 0.0948977

11 14 0.102912

12 14 0.11052

13 14 0.117692

14 14 0.124399

15 14 0.130616

16 14 0.136316

17 14 0.141479

18 14 0.146084

19 14 0.150112

20 14 0.153548

21 14 0.156377

22 14 0.15859

23 14 0.160177

24 14 0.161131

25 14 0.16145

26 14 0.161131

27 14 0.160177

28 14 0.15859

29 14 0.156377

30 14 0.153548

31 14 0.150112

32 14 0.146084

33 14 0.141479

34 14 0.136316

35 14 0.130616

36 14 0.124399

37 14 0.117692

38 14 0.11052

39 14 0.102912

40 14 0.0948977

41 14 0.086509

42 14 0.077779

43 14 0.0687419

44 14 0.0594336

45 14 0.0498907

46 14 0.0401509

47 14 0.0302526

48 14 0.020235

49 14 0.0101375

50 14 0

0 15 0

1 15 0.0106441

2 15 0.0212462

3 15 0.0317644

4 15 0.0421573

5 15 0.0523838

6 15 0.0624036

7 15 0.0721771

8 15 0.0816657

9 15 0.090832

10 15 0.0996399

11 15 0.108055

12 15 0.116043

13 15 0.123573

14 15 0.130616

15 15 0.137143

16 15 0.143128

17 15 0.148549

18 15 0.153384

19 15 0.157613

20 15 0.161221

21 15 0.164192

22 15 0.166515

23 15 0.168181

24 15 0.169183

25 15 0.169518

26 15 0.169183

27 15 0.168181

28 15 0.166515

29 15 0.164192

30 15 0.161221

31 15 0.157613

32 15 0.153384

33 15 0.148549

34 15 0.143128

35 15 0.137143

36 15 0.130616

37 15 0.123573

38 15 0.116043

39 15 0.108055

40 15 0.0996399

41 15 0.090832

42 15 0.0816657

43 15 0.0721771

44 15 0.0624036

45 15 0.0523838

46 15 0.0421573

47 15 0.0317644

48 15 0.0212462

49 15 0.0106441

50 15 0

0 16 0

1 16 0.0111087

2 16 0.0221735

3 16 0.0331508

4 16 0.0439973

5 16 0.0546702

6 16 0.0651273

7 16 0.0753273

8 16 0.0852301

9 16 0.0947966

10 16 0.103989

11 16 0.112771

12 16 0.121108

13 16 0.128967

14 16 0.136316

15 16 0.143128

16 16 0.149375

17 16 0.155033

18 16 0.160079

19 16 0.164493

20 16 0.168258

21 16 0.171358

22 16 0.173783

23 16 0.175521

24 16 0.176567

25 16 0.176916

26 16 0.176567

27 16 0.175521

28 16 0.173783

29 16 0.171358

30 16 0.168258

31 16 0.164493

32 16 0.160079

33 16 0.155033

34 16 0.149375

35 16 0.143128

36 16 0.136316

37 16 0.128967

38 16 0.121108

39 16 0.112771

40 16 0.103989

41 16 0.0947966

42 16 0.0852301

43 16 0.0753273

44 16 0.0651273

45 16 0.0546702

46 16 0.0439973

47 16 0.0331508

48 16 0.0221735

49 16 0.0111087

50 16 0

0 17 0

1 17 0.0115294

2 17 0.0230133

3 17 0.0344064

4 17 0.0456637

5 17 0.0567408

6 17 0.067594

7 17 0.0781804

8 17 0.0884582

9 17 0.098387

10 17 0.107927

11 17 0.117042

12 17 0.125695

13 17 0.133851

14 17 0.141479

15 17 0.148549

16 17 0.155033

17 17 0.160905

18 17 0.166142

19 17 0.170723

20 17 0.17463

21 17 0.177848

22 17 0.180365

23 17 0.182169

24 17 0.183255

25 17 0.183617

26 17 0.183255

27 17 0.182169

28 17 0.180365

29 17 0.177848

30 17 0.17463

31 17 0.170723

32 17 0.166142

33 17 0.160905

34 17 0.155033

35 17 0.148549

36 17 0.141479

37 17 0.133851

38 17 0.125695

39 17 0.117042

40 17 0.107927

41 17 0.098387

42 17 0.0884582

43 17 0.0781804

44 17 0.067594

45 17 0.0567408

46 17 0.0456637

47 17 0.0344064

48 17 0.0230133

49 17 0.0115294

50 17 0

0 18 0

1 18 0.0119047

2 18 0.0237623

3 18 0.0355262

4 18 0.0471499

5 18 0.0585875

6 18 0.0697939

7 18 0.0807248

8 18 0.0913372

9 18 0.101589

10 18 0.11144

11 18 0.120851

12 18 0.129785

13 18 0.138207

14 18 0.146084

15 18 0.153384

16 18 0.160079

17 18 0.166142

18 18 0.171549

19 18 0.176279

20 18 0.180314

21 18 0.183637

22 18 0.186235

23 18 0.188098

24 18 0.189219

25 18 0.189593

26 18 0.189219

27 18 0.188098

28 18 0.186235

29 18 0.183637

30 18 0.180314

31 18 0.176279

32 18 0.171549

33 18 0.166142

34 18 0.160079

35 18 0.153384

36 18 0.146084

37 18 0.138207

38 18 0.129785

39 18 0.120851

40 18 0.11144

41 18 0.101589

42 18 0.0913372

43 18 0.0807248

44 18 0.0697939

45 18 0.0585875

46 18 0.0471499

47 18 0.0355262

48 18 0.0237623

49 18 0.0119047

50 18 0

0 19 0

1 19 0.0122329

2 19 0.0244175

3 19 0.0365058

4 19 0.04845

5 19 0.060203

6 19 0.0717184

7 19 0.0829507

8 19 0.0938557

9 19 0.10439

10 19 0.114513

11 19 0.124184

12 19 0.133364

13 19 0.142018

14 19 0.150112

15 19 0.157613

16 19 0.164493

17 19 0.170723

18 19 0.176279

19 19 0.18114

20 19 0.185286

21 19 0.1887

22 19 0.19137

23 19 0.193285

24 19 0.194436

25 19 0.194821

26 19 0.194436

27 19 0.193285

28 19 0.19137

29 19 0.1887

30 19 0.185286

31 19 0.18114

32 19 0.176279

33 19 0.170723

34 19 0.164493

35 19 0.157613

36 19 0.150112

37 19 0.142018

38 19 0.133364

39 19 0.124184

40 19 0.114513

41 19 0.10439

42 19 0.0938557

43 19 0.0829507

44 19 0.0717184

45 19 0.060203

46 19 0.04845

47 19 0.0365058

48 19 0.0244175

49 19 0.0122329

50 19 0

0 20 0

1 20 0.0125129

2 20 0.0249764

3 20 0.0373413

4 20 0.0495589

5 20 0.0615808

6 20 0.0733598

7 20 0.0848492

8 20 0.0960038

9 20 0.106779

10 20 0.117134

11 20 0.127026

12 20 0.136416

13 20 0.145269

14 20 0.153548

15 20 0.161221

16 20 0.168258

17 20 0.17463

18 20 0.180314

19 20 0.185286

20 20 0.189526

21 20 0.193019

22 20 0.19575

23 20 0.197708

24 20 0.198887

25 20 0.19928

26 20 0.198887

27 20 0.197708

28 20 0.19575

29 20 0.193019

30 20 0.189526

31 20 0.185286

32 20 0.180314

33 20 0.17463

34 20 0.168258

35 20 0.161221

36 20 0.153548

37 20 0.145269

38 20 0.136416

39 20 0.127026

40 20 0.117134

41 20 0.106779

42 20 0.0960038

43 20 0.0848492

44 20 0.0733598

45 20 0.0615808

46 20 0.0495589

47 20 0.0373413

48 20 0.0249764

49 20 0.0125129

50 20 0

0 21 0

1 21 0.0127435

2 21 0.0254367

3 21 0.0380295

4 21 0.0504722

5 21 0.0627157

6 21 0.0747117

7 21 0.0864129

8 21 0.097773

9 21 0.108747

10 21 0.119292

11 21 0.129367

12 21 0.13893

13 21 0.147946

14 21 0.156377

15 21 0.164192

16 21 0.171358

17 21 0.177848

18 21 0.183637

19 21 0.1887

20 21 0.193019

21 21 0.196576

22 21 0.199357

23 21 0.201352

24 21 0.202552

25 21 0.202952

26 21 0.202552

27 21 0.201352

28 21 0.199357

29 21 0.196576

30 21 0.193019

31 21 0.1887

32 21 0.183637

33 21 0.177848

34 21 0.171358

35 21 0.164192

36 21 0.156377

37 21 0.147946

38 21 0.13893

39 21 0.129367

40 21 0.119292

41 21 0.108747

42 21 0.097773

43 21 0.0864129

44 21 0.0747117

45 21 0.0627157

46 21 0.0504722

47 21 0.0380295

48 21 0.0254367

49 21 0.0127435

50 21 0

0 22 0

1 22 0.0129238

2 22 0.0257966

3 22 0.0385675

4 22 0.0511863

5 22 0.063603

6 22 0.0757688

7 22 0.0876355

8 22 0.0991563

9 22 0.110286

10 22 0.12098

11 22 0.131197

12 22 0.140896

13 22 0.150039

14 22 0.15859

15 22 0.166515

16 22 0.173783

17 22 0.180365

18 22 0.186235

19 22 0.19137

20 22 0.19575

21 22 0.199357

22 22 0.202178

23 22 0.204201

24 22 0.205418

25 22 0.205824

26 22 0.205418

27 22 0.204201

28 22 0.202178

29 22 0.199357

30 22 0.19575

31 22 0.19137

32 22 0.186235

33 22 0.180365

34 22 0.173783

35 22 0.166515

36 22 0.15859

37 22 0.150039

38 22 0.140896

39 22 0.131197

40 22 0.12098

41 22 0.110286

42 22 0.0991563

43 22 0.0876355

44 22 0.0757688

45 22 0.063603

46 22 0.0511863

47 22 0.0385675

48 22 0.0257966

49 22 0.0129238

50 22 0

0 23 0

1 23 0.0130531

2 23 0.0260546

3 23 0.0389534

4 23 0.0516984

5 23 0.0642394

6 23 0.0765268

7 23 0.0885123

8 23 0.100148

9 23 0.111389

10 23 0.122191

11 23 0.13251

12 23 0.142306

13 23 0.15154

14 23 0.160177

15 23 0.168181

16 23 0.175521

17 23 0.182169

18 23 0.188098

19 23 0.193285

20 23 0.197708

21 23 0.201352

22 23 0.204201

23 23 0.206244

24 23 0.207473

25 23 0.207883

26 23 0.207473

27 23 0.206244

28 23 0.204201

29 23 0.201352

30 23 0.197708

31 23 0.193285

32 23 0.188098

33 23 0.182169

34 23 0.175521

35 23 0.168181

36 23 0.160177

37 23 0.15154

38 23 0.142306

39 23 0.13251

40 23 0.122191

41 23 0.111389

42 23 0.100148

43 23 0.0885123

44 23 0.0765268

45 23 0.0642394

46 23 0.0516984

47 23 0.0389534

48 23 0.0260546

49 23 0.0130531

50 23 0

0 24 0

1 24 0.0131309

2 24 0.0262099

3 24 0.0391855

4 24 0.0520065

5 24 0.0646222

6 24 0.0769828

7 24 0.0890397

8 24 0.100745

9 24 0.112053

10 24 0.122919

11 24 0.133299

12 24 0.143154

13 24 0.152443

14 24 0.161131

15 24 0.169183

16 24 0.176567

17 24 0.183255

18 24 0.189219

19 24 0.194436

20 24 0.198887

21 24 0.202552

22 24 0.205418

23 24 0.207473

24 24 0.208709

25 24 0.209122

26 24 0.208709

27 24 0.207473

28 24 0.205418

29 24 0.202552

30 24 0.198887

31 24 0.194436

32 24 0.189219

33 24 0.183255

34 24 0.176567

35 24 0.169183

36 24 0.161131

37 24 0.152443

38 24 0.143154

39 24 0.133299

40 24 0.122919

41 24 0.112053

42 24 0.100745

43 24 0.0890397

44 24 0.0769828

45 24 0.0646222

46 24 0.0520065

47 24 0.0391855

48 24 0.0262099

49 24 0.0131309

50 24 0

0 25 0

1 25 0.0131568

2 25 0.0262617

3 25 0.039263

4 25 0.0521093

5 25 0.0647499

6 25 0.0771351

7 25 0.0892157

8 25 0.100944

9 25 0.112275

10 25 0.123162

11 25 0.133563

12 25 0.143437

13 25 0.152745

14 25 0.16145

15 25 0.169518

16 25 0.176916

17 25 0.183617

18 25 0.189593

19 25 0.194821

20 25 0.19928

21 25 0.202952

22 25 0.205824

23 25 0.207883

24 25 0.209122

25 25 0.209535

26 25 0.209122

27 25 0.207883

28 25 0.205824

29 25 0.202952

30 25 0.19928

31 25 0.194821

32 25 0.189593

33 25 0.183617

34 25 0.176916

35 25 0.169518

36 25 0.16145

37 25 0.152745

38 25 0.143437

39 25 0.133563

40 25 0.123162

41 25 0.112275

42 25 0.100944

43 25 0.0892157

44 25 0.0771351

45 25 0.0647499

46 25 0.0521093

47 25 0.039263

48 25 0.0262617

49 25 0.0131568

50 25 0

0 26 0

1 26 0.0131309

2 26 0.0262099

3 26 0.0391855

4 26 0.0520065

5 26 0.0646222

6 26 0.0769828

7 26 0.0890397

8 26 0.100745

9 26 0.112053

10 26 0.122919

11 26 0.133299

12 26 0.143154

13 26 0.152443

14 26 0.161131

15 26 0.169183

16 26 0.176567

17 26 0.183255

18 26 0.189219

19 26 0.194436

20 26 0.198887

21 26 0.202552

22 26 0.205418

23 26 0.207473

24 26 0.208709

25 26 0.209122

26 26 0.208709

27 26 0.207473

28 26 0.205418

29 26 0.202552

30 26 0.198887

31 26 0.194436

32 26 0.189219

33 26 0.183255

34 26 0.176567

35 26 0.169183

36 26 0.161131

37 26 0.152443

38 26 0.143154

39 26 0.133299

40 26 0.122919

41 26 0.112053

42 26 0.100745

43 26 0.0890397

44 26 0.0769828

45 26 0.0646222

46 26 0.0520065

47 26 0.0391855

48 26 0.0262099

49 26 0.0131309

50 26 0

0 27 0

1 27 0.0130531

2 27 0.0260546

3 27 0.0389534

4 27 0.0516984

5 27 0.0642394

6 27 0.0765268

7 27 0.0885123

8 27 0.100148

9 27 0.111389

10 27 0.122191

11 27 0.13251

12 27 0.142306

13 27 0.15154

14 27 0.160177

15 27 0.168181

16 27 0.175521

17 27 0.182169

18 27 0.188098

19 27 0.193285

20 27 0.197708

21 27 0.201352

22 27 0.204201

23 27 0.206244

24 27 0.207473

25 27 0.207883

26 27 0.207473

27 27 0.206244

28 27 0.204201

29 27 0.201352

30 27 0.197708

31 27 0.193285

32 27 0.188098

33 27 0.182169

34 27 0.175521

35 27 0.168181

36 27 0.160177

37 27 0.15154

38 27 0.142306

39 27 0.13251

40 27 0.122191

41 27 0.111389

42 27 0.100148

43 27 0.0885123

44 27 0.0765268

45 27 0.0642394

46 27 0.0516984

47 27 0.0389534

48 27 0.0260546

49 27 0.0130531

50 27 0

0 28 0

1 28 0.0129238

2 28 0.0257966

3 28 0.0385675

4 28 0.0511863

5 28 0.063603

6 28 0.0757688

7 28 0.0876355

8 28 0.0991563

9 28 0.110286

10 28 0.12098

11 28 0.131197

12 28 0.140896

13 28 0.150039

14 28 0.15859

15 28 0.166515

16 28 0.173783

17 28 0.180365

18 28 0.186235

19 28 0.19137

20 28 0.19575

21 28 0.199357

22 28 0.202178

23 28 0.204201

24 28 0.205418

25 28 0.205824

26 28 0.205418

27 28 0.204201

28 28 0.202178

29 28 0.199357

30 28 0.19575

31 28 0.19137

32 28 0.186235

33 28 0.180365

34 28 0.173783

35 28 0.166515

36 28 0.15859

37 28 0.150039

38 28 0.140896

39 28 0.131197

40 28 0.12098

41 28 0.110286

42 28 0.0991563

43 28 0.0876355

44 28 0.0757688

45 28 0.063603

46 28 0.0511863

47 28 0.0385675

48 28 0.0257966

49 28 0.0129238

50 28 0

0 29 0

1 29 0.0127435

2 29 0.0254367

3 29 0.0380295

4 29 0.0504722

5 29 0.0627157

6 29 0.0747117

7 29 0.0864129

8 29 0.097773

9 29 0.108747

10 29 0.119292

11 29 0.129367

12 29 0.13893

13 29 0.147946

14 29 0.156377

15 29 0.164192

16 29 0.171358

17 29 0.177848

18 29 0.183637

19 29 0.1887

20 29 0.193019

21 29 0.196576

22 29 0.199357

23 29 0.201352

24 29 0.202552

25 29 0.202952

26 29 0.202552

27 29 0.201352

28 29 0.199357

29 29 0.196576

30 29 0.193019

31 29 0.1887

32 29 0.183637

33 29 0.177848

34 29 0.171358

35 29 0.164192

36 29 0.156377

37 29 0.147946

38 29 0.13893

39 29 0.129367

40 29 0.119292

41 29 0.108747

42 29 0.097773

43 29 0.0864129

44 29 0.0747117

45 29 0.0627157

46 29 0.0504722

47 29 0.0380295

48 29 0.0254367

49 29 0.0127435

50 29 0

0 30 0

1 30 0.0125129

2 30 0.0249764

3 30 0.0373413

4 30 0.0495589

5 30 0.0615808

6 30 0.0733598

7 30 0.0848492

8 30 0.0960038

9 30 0.106779

10 30 0.117134

11 30 0.127026

12 30 0.136416

13 30 0.145269

14 30 0.153548

15 30 0.161221

16 30 0.168258

17 30 0.17463

18 30 0.180314

19 30 0.185286

20 30 0.189526

21 30 0.193019

22 30 0.19575

23 30 0.197708

24 30 0.198887

25 30 0.19928

26 30 0.198887

27 30 0.197708

28 30 0.19575

29 30 0.193019

30 30 0.189526

31 30 0.185286

32 30 0.180314

33 30 0.17463

34 30 0.168258

35 30 0.161221

36 30 0.153548

37 30 0.145269

38 30 0.136416

39 30 0.127026

40 30 0.117134

41 30 0.106779

42 30 0.0960038

43 30 0.0848492

44 30 0.0733598

45 30 0.0615808

46 30 0.0495589

47 30 0.0373413

48 30 0.0249764

49 30 0.0125129

50 30 0

0 31 0

1 31 0.0122329

2 31 0.0244175

3 31 0.0365058

4 31 0.04845

5 31 0.060203

6 31 0.0717184

7 31 0.0829507

8 31 0.0938557

9 31 0.10439

10 31 0.114513

11 31 0.124184

12 31 0.133364

13 31 0.142018

14 31 0.150112

15 31 0.157613

16 31 0.164493

17 31 0.170723

18 31 0.176279

19 31 0.18114

20 31 0.185286

21 31 0.1887

22 31 0.19137

23 31 0.193285

24 31 0.194436

25 31 0.194821

26 31 0.194436

27 31 0.193285

28 31 0.19137

29 31 0.1887

30 31 0.185286

31 31 0.18114

32 31 0.176279

33 31 0.170723

34 31 0.164493

35 31 0.157613

36 31 0.150112

37 31 0.142018

38 31 0.133364

39 31 0.124184

40 31 0.114513

41 31 0.10439

42 31 0.0938557

43 31 0.0829507

44 31 0.0717184

45 31 0.060203

46 31 0.04845

47 31 0.0365058

48 31 0.0244175

49 31 0.0122329

50 31 0

0 32 0

1 32 0.0119047

2 32 0.0237623

3 32 0.0355262

4 32 0.0471499

5 32 0.0585875

6 32 0.0697939

7 32 0.0807248

8 32 0.0913372

9 32 0.101589

10 32 0.11144

11 32 0.120851

12 32 0.129785

13 32 0.138207

14 32 0.146084

15 32 0.153384

16 32 0.160079

17 32 0.166142

18 32 0.171549

19 32 0.176279

20 32 0.180314

21 32 0.183637

22 32 0.186235

23 32 0.188098

24 32 0.189219

25 32 0.189593

26 32 0.189219

27 32 0.188098

28 32 0.186235

29 32 0.183637

30 32 0.180314

31 32 0.176279

32 32 0.171549

33 32 0.166142

34 32 0.160079

35 32 0.153384

36 32 0.146084

37 32 0.138207

38 32 0.129785

39 32 0.120851

40 32 0.11144

41 32 0.101589

42 32 0.0913372

43 32 0.0807248

44 32 0.0697939

45 32 0.0585875

46 32 0.0471499

47 32 0.0355262

48 32 0.0237623

49 32 0.0119047

50 32 0

0 33 0

1 33 0.0115294

2 33 0.0230133

3 33 0.0344064

4 33 0.0456637

5 33 0.0567408

6 33 0.067594

7 33 0.0781804

8 33 0.0884582

9 33 0.098387

10 33 0.107927

11 33 0.117042

12 33 0.125695

13 33 0.133851

14 33 0.141479

15 33 0.148549

16 33 0.155033

17 33 0.160905

18 33 0.166142

19 33 0.170723

20 33 0.17463

21 33 0.177848

22 33 0.180365

23 33 0.182169

24 33 0.183255

25 33 0.183617

26 33 0.183255

27 33 0.182169

28 33 0.180365

29 33 0.177848

30 33 0.17463

31 33 0.170723

32 33 0.166142

33 33 0.160905

34 33 0.155033

35 33 0.148549

36 33 0.141479

37 33 0.133851

38 33 0.125695

39 33 0.117042

40 33 0.107927

41 33 0.098387

42 33 0.0884582

43 33 0.0781804

44 33 0.067594

45 33 0.0567408

46 33 0.0456637

47 33 0.0344064

48 33 0.0230133

49 33 0.0115294

50 33 0

0 34 0

1 34 0.0111087

2 34 0.0221735

3 34 0.0331508

4 34 0.0439973

5 34 0.0546702

6 34 0.0651273

7 34 0.0753273

8 34 0.0852301

9 34 0.0947966

10 34 0.103989

11 34 0.112771

12 34 0.121108

13 34 0.128967

14 34 0.136316

15 34 0.143128

16 34 0.149375

17 34 0.155033

18 34 0.160079

19 34 0.164493

20 34 0.168258

21 34 0.171358

22 34 0.173783

23 34 0.175521

24 34 0.176567

25 34 0.176916

26 34 0.176567

27 34 0.175521

28 34 0.173783

29 34 0.171358

30 34 0.168258

31 34 0.164493

32 34 0.160079

33 34 0.155033

34 34 0.149375

35 34 0.143128

36 34 0.136316

37 34 0.128967

38 34 0.121108

39 34 0.112771

40 34 0.103989

41 34 0.0947966

42 34 0.0852301

43 34 0.0753273

44 34 0.0651273

45 34 0.0546702

46 34 0.0439973

47 34 0.0331508

48 34 0.0221735

49 34 0.0111087

50 34 0

0 35 0

1 35 0.0106441

2 35 0.0212462

3 35 0.0317644

4 35 0.0421573

5 35 0.0523838

6 35 0.0624036

7 35 0.0721771

8 35 0.0816657

9 35 0.090832

10 35 0.0996399

11 35 0.108055

12 35 0.116043

13 35 0.123573

14 35 0.130616

15 35 0.137143

16 35 0.143128

17 35 0.148549

18 35 0.153384

19 35 0.157613

20 35 0.161221

21 35 0.164192

22 35 0.166515

23 35 0.168181

24 35 0.169183

25 35 0.169518

26 35 0.169183

27 35 0.168181

28 35 0.166515

29 35 0.164192

30 35 0.161221

31 35 0.157613

32 35 0.153384

33 35 0.148549

34 35 0.143128

35 35 0.137143

36 35 0.130616

37 35 0.123573

38 35 0.116043

39 35 0.108055

40 35 0.0996399

41 35 0.090832

42 35 0.0816657

43 35 0.0721771

44 35 0.0624036

45 35 0.0523838

46 35 0.0421573

47 35 0.0317644

48 35 0.0212462

49 35 0.0106441

50 35 0

0 36 0

1 36 0.0101375

2 36 0.020235

3 36 0.0302526

4 36 0.0401509

5 36 0.0498907

6 36 0.0594336

7 36 0.0687419

8 36 0.077779

9 36 0.086509

10 36 0.0948977

11 36 0.102912

12 36 0.11052

13 36 0.117692

14 36 0.124399

15 36 0.130616

16 36 0.136316

17 36 0.141479

18 36 0.146084

19 36 0.150112

20 36 0.153548

21 36 0.156377

22 36 0.15859

23 36 0.160177

24 36 0.161131

25 36 0.16145

26 36 0.161131

27 36 0.160177

28 36 0.15859

29 36 0.156377

30 36 0.153548

31 36 0.150112

32 36 0.146084

33 36 0.141479

34 36 0.136316

35 36 0.130616

36 36 0.124399

37 36 0.117692

38 36 0.11052

39 36 0.102912

40 36 0.0948977

41 36 0.086509

42 36 0.077779

43 36 0.0687419

44 36 0.0594336

45 36 0.0498907

46 36 0.0401509

47 36 0.0302526

48 36 0.020235

49 36 0.0101375

50 36 0

0 37 0

1 37 0.00959091

2 37 0.019144

3 37 0.0286215

4 37 0.037986

5 37 0.0472007

6 37 0.056229

7 37 0.0650355

8 37 0.0735853

9 37 0.0818446

10 37 0.089781

11 37 0.0973631

12 37 0.104561

13 37 0.111346

14 37 0.117692

15 37 0.123573

16 37 0.128967

17 37 0.133851

18 37 0.138207

19 37 0.142018

20 37 0.145269

21 37 0.147946

22 37 0.150039

23 37 0.15154

24 37 0.152443

25 37 0.152745

26 37 0.152443

27 37 0.15154

28 37 0.150039

29 37 0.147946

30 37 0.145269

31 37 0.142018

32 37 0.138207

33 37 0.133851

34 37 0.128967

35 37 0.123573

36 37 0.117692

37 37 0.111346

38 37 0.104561

39 37 0.0973631

40 37 0.089781

41 37 0.0818446

42 37 0.0735853

43 37 0.0650355

44 37 0.056229

45 37 0.0472007

46 37 0.037986

47 37 0.0286215

48 37 0.019144

49 37 0.00959091

50 37 0

0 38 0

1 38 0.00900647

2 38 0.0179774

3 38 0.0268774

4 38 0.0356713

5 38 0.0443244

6 38 0.0528026

7 38 0.0610724

8 38 0.0691012

9 38 0.0768572

10 38 0.08431

11 38 0.09143

12 38 0.0981892

13 38 0.104561

14 38 0.11052

15 38 0.116043

16 38 0.121108

17 38 0.125695

18 38 0.129785

19 38 0.133364

20 38 0.136416

21 38 0.13893

22 38 0.140896

23 38 0.142306

24 38 0.143154

25 38 0.143437

26 38 0.143154

27 38 0.142306

28 38 0.140896

29 38 0.13893

30 38 0.136416

31 38 0.133364

32 38 0.129785

33 38 0.125695

34 38 0.121108

35 38 0.116043

36 38 0.11052

37 38 0.104561

38 38 0.0981892

39 38 0.09143

40 38 0.08431

41 38 0.0768572

42 38 0.0691012

43 38 0.0610724

44 38 0.0528026

45 38 0.0443244

46 38 0.0356713

47 38 0.0268774

48 38 0.0179774

49 38 0.00900647

50 38 0

0 39 0

1 39 0.00838648

2 39 0.0167399

3 39 0.0250272

4 39 0.0332157

5 39 0.0412732

6 39 0.0491677

7 39 0.0568683

8 39 0.0643444

9 39 0.0715665

10 39 0.0785062

11 39 0.0851361

12 39 0.09143

13 39 0.0973631

14 39 0.102912

15 39 0.108055

16 39 0.112771

17 39 0.117042

18 39 0.120851

19 39 0.124184

20 39 0.127026

21 39 0.129367

22 39 0.131197

23 39 0.13251

24 39 0.133299

25 39 0.133563

26 39 0.133299

27 39 0.13251

28 39 0.131197

29 39 0.129367

30 39 0.127026

31 39 0.124184

32 39 0.120851

33 39 0.117042

34 39 0.112771

35 39 0.108055

36 39 0.102912

37 39 0.0973631

38 39 0.09143

39 39 0.0851361

40 39 0.0785062

41 39 0.0715665

42 39 0.0643444

43 39 0.0568683

44 39 0.0491677

45 39 0.0412732

46 39 0.0332157

47 39 0.0250272

48 39 0.0167399

49 39 0.00838648

50 39 0

0 40 0

1 40 0.00773339

2 40 0.0154363

3 40 0.0230782

4 40 0.0306291

5 40 0.0380591

6 40 0.0453388

7 40 0.0524397

8 40 0.0593336

9 40 0.0659933

10 40 0.0723926

11 40 0.0785062

12 40 0.08431

13 40 0.089781

14 40 0.0948977

15 40 0.0996399

16 40 0.103989

17 40 0.107927

18 40 0.11144

19 40 0.114513

20 40 0.117134

21 40 0.119292

22 40 0.12098

23 40 0.122191

24 40 0.122919

25 40 0.123162

26 40 0.122919

27 40 0.122191

28 40 0.12098

29 40 0.119292

30 40 0.117134

31 40 0.114513

32 40 0.11144

33 40 0.107927

34 40 0.103989

35 40 0.0996399

36 40 0.0948977

37 40 0.089781

38 40 0.08431

39 40 0.0785062

40 40 0.0723926

41 40 0.0659933

42 40 0.0593336

43 40 0.0524397

44 40 0.0453388

45 40 0.0380591

46 40 0.0306291

47 40 0.0230782

48 40 0.0154363

49 40 0.00773339

50 40 0

0 41 0

1 41 0.00704978

2 41 0.0140717

3 41 0.0210382

4 41 0.0279216

5 41 0.0346948

6 41 0.041331

7 41 0.0478042

8 41 0.0540887

9 41 0.0601597

10 41 0.0659933

11 41 0.0715665

12 41 0.0768572

13 41 0.0818446

14 41 0.086509

15 41 0.090832

16 41 0.0947966

17 41 0.098387

18 41 0.101589

19 41 0.10439

20 41 0.106779

21 41 0.108747

22 41 0.110286

23 41 0.111389

24 41 0.112053

25 41 0.112275

26 41 0.112053

27 41 0.111389

28 41 0.110286

29 41 0.108747

30 41 0.106779

31 41 0.10439

32 41 0.101589

33 41 0.098387

34 41 0.0947966

35 41 0.090832

36 41 0.086509

37 41 0.0818446

38 41 0.0768572

39 41 0.0715665

40 41 0.0659933

41 41 0.0601597

42 41 0.0540887

43 41 0.0478042

44 41 0.041331

45 41 0.0346948

46 41 0.0279216

47 41 0.0210382

48 41 0.0140717

49 41 0.00704978

50 41 0

0 42 0

1 42 0.00633835

2 42 0.0126517

3 42 0.0189151

4 42 0.0251038

5 42 0.0311935

6 42 0.0371601

7 42 0.04298

8 42 0.0486303

9 42 0.0540887

10 42 0.0593336

11 42 0.0643444

12 42 0.0691012

13 42 0.0735853

14 42 0.077779

15 42 0.0816657

16 42 0.0852301

17 42 0.0884582

18 42 0.0913372

19 42 0.0938557

20 42 0.0960038

21 42 0.097773

22 42 0.0991563

23 42 0.100148

24 42 0.100745

25 42 0.100944

26 42 0.100745

27 42 0.100148

28 42 0.0991563

29 42 0.097773

30 42 0.0960038

31 42 0.0938557

32 42 0.0913372

33 42 0.0884582

34 42 0.0852301

35 42 0.0816657

36 42 0.077779

37 42 0.0735853

38 42 0.0691012

39 42 0.0643444

40 42 0.0593336

41 42 0.0540887

42 42 0.0486303

43 42 0.04298

44 42 0.0371601

45 42 0.0311935

46 42 0.0251038

47 42 0.0189151

48 42 0.0126517

49 42 0.00633835

50 42 0

0 43 0

1 43 0.0056019

2 43 0.0111817

3 43 0.0167174

4 43 0.0221871

5 43 0.0275692

6 43 0.0328425

7 43 0.0379862

8 43 0.04298

9 43 0.0478042

10 43 0.0524397

11 43 0.0568683

12 43 0.0610724

13 43 0.0650355

14 43 0.0687419

15 43 0.0721771

16 43 0.0753273

17 43 0.0781804

18 43 0.0807248

19 43 0.0829507

20 43 0.0848492

21 43 0.0864129

22 43 0.0876355

23 43 0.0885123

24 43 0.0890397

25 43 0.0892157

26 43 0.0890397

27 43 0.0885123

28 43 0.0876355

29 43 0.0864129

30 43 0.0848492

31 43 0.0829507

32 43 0.0807248

33 43 0.0781804

34 43 0.0753273

35 43 0.0721771

36 43 0.0687419

37 43 0.0650355

38 43 0.0610724

39 43 0.0568683

40 43 0.0524397

41 43 0.0478042

42 43 0.04298

43 43 0.0379862

44 43 0.0328425

45 43 0.0275692

46 43 0.0221871

47 43 0.0167174

48 43 0.0111817

49 43 0.0056019

50 43 0

0 44 0

1 44 0.00484335

2 44 0.00966759

3 44 0.0144537

4 44 0.0191827

5 44 0.023836

6 44 0.0283953

7 44 0.0328425

8 44 0.0371601

9 44 0.041331

10 44 0.0453388

11 44 0.0491677

12 44 0.0528026

13 44 0.056229

14 44 0.0594336

15 44 0.0624036

16 44 0.0651273

17 44 0.067594

18 44 0.0697939

19 44 0.0717184

20 44 0.0733598

21 44 0.0747117

22 44 0.0757688

23 44 0.0765268

24 44 0.0769828

25 44 0.0771351

26 44 0.0769828

27 44 0.0765268

28 44 0.0757688

29 44 0.0747117

30 44 0.0733598

31 44 0.0717184

32 44 0.0697939

33 44 0.067594

34 44 0.0651273

35 44 0.0624036

36 44 0.0594336

37 44 0.056229

38 44 0.0528026

39 44 0.0491677

40 44 0.0453388

41 44 0.041331

42 44 0.0371601

43 44 0.0328425

44 44 0.0283953

45 44 0.023836

46 44 0.0191827

47 44 0.0144537

48 44 0.00966759

49 44 0.00484335

50 44 0

0 45 0

1 45 0.00406568

2 45 0.00811532

3 45 0.0121329

4 45 0.0161027

5 45 0.0200088

6 45 0.023836

7 45 0.0275692

8 45 0.0311935

9 45 0.0346948

10 45 0.0380591

11 45 0.0412732

12 45 0.0443244

13 45 0.0472007

14 45 0.0498907

15 45 0.0523838

16 45 0.0546702

17 45 0.0567408

18 45 0.0585875

19 45 0.060203

20 45 0.0615808

21 45 0.0627157

22 45 0.063603

23 45 0.0642394

24 45 0.0646222

25 45 0.0647499

26 45 0.0646222

27 45 0.0642394

28 45 0.063603

29 45 0.0627157

30 45 0.0615808

31 45 0.060203

32 45 0.0585875

33 45 0.0567408

34 45 0.0546702

35 45 0.0523838

36 45 0.0498907

37 45 0.0472007

38 45 0.0443244

39 45 0.0412732

40 45 0.0380591

41 45 0.0346948

42 45 0.0311935

43 45 0.0275692

44 45 0.023836

45 45 0.0200088

46 45 0.0161027

47 45 0.0121329

48 45 0.00811532

49 45 0.00406568

50 45 0

0 46 0

1 46 0.00327197

2 46 0.00653103

3 46 0.00976431

4 46 0.0129591

5 46 0.0161027

6 46 0.0191827

7 46 0.0221871

8 46 0.0251038

9 46 0.0279216

10 46 0.0306291

11 46 0.0332157

12 46 0.0356713

13 46 0.037986

14 46 0.0401509

15 46 0.0421573

16 46 0.0439973

17 46 0.0456637

18 46 0.0471499

19 46 0.04845

20 46 0.0495589

21 46 0.0504722

22 46 0.0511863

23 46 0.0516984

24 46 0.0520065

25 46 0.0521093

26 46 0.0520065

27 46 0.0516984

28 46 0.0511863

29 46 0.0504722

30 46 0.0495589

31 46 0.04845

32 46 0.0471499

33 46 0.0456637

34 46 0.0439973

35 46 0.0421573

36 46 0.0401509

37 46 0.037986

38 46 0.0356713

39 46 0.0332157

40 46 0.0306291

41 46 0.0279216

42 46 0.0251038

43 46 0.0221871

44 46 0.0191827

45 46 0.0161027

46 46 0.0129591

47 46 0.00976431

48 46 0.00653103

49 46 0.00327197

50 46 0

0 47 0

1 47 0.00246534

2 47 0.00492096

3 47 0.00735715

4 47 0.00976431

5 47 0.0121329

6 47 0.0144537

7 47 0.0167174

8 47 0.0189151

9 47 0.0210382

10 47 0.0230782

11 47 0.0250272

12 47 0.0268774

13 47 0.0286215

14 47 0.0302526

15 47 0.0317644

16 47 0.0331508

17 47 0.0344064

18 47 0.0355262

19 47 0.0365058

20 47 0.0373413

21 47 0.0380295

22 47 0.0385675

23 47 0.0389534

24 47 0.0391855

25 47 0.039263

26 47 0.0391855

27 47 0.0389534

28 47 0.0385675

29 47 0.0380295

30 47 0.0373413

31 47 0.0365058

32 47 0.0355262

33 47 0.0344064

34 47 0.0331508

35 47 0.0317644

36 47 0.0302526

37 47 0.0286215

38 47 0.0268774

39 47 0.0250272

40 47 0.0230782

41 47 0.0210382

42 47 0.0189151

43 47 0.0167174

44 47 0.0144537

45 47 0.0121329

46 47 0.00976431

47 47 0.00735715

48 47 0.00492096

49 47 0.00246534

50 47 0

0 48 0

1 48 0.00164899

2 48 0.00329147

3 48 0.00492096

4 48 0.00653103

5 48 0.00811532

6 48 0.00966759

7 48 0.0111817

8 48 0.0126517

9 48 0.0140717

10 48 0.0154363

11 48 0.0167399

12 48 0.0179774

13 48 0.019144

14 48 0.020235

15 48 0.0212462

16 48 0.0221735

17 48 0.0230133

18 48 0.0237623

19 48 0.0244175

20 48 0.0249764

21 48 0.0254367

22 48 0.0257966

23 48 0.0260546

24 48 0.0262099

25 48 0.0262617

26 48 0.0262099

27 48 0.0260546

28 48 0.0257966

29 48 0.0254367

30 48 0.0249764

31 48 0.0244175

32 48 0.0237623

33 48 0.0230133

34 48 0.0221735

35 48 0.0212462

36 48 0.020235

37 48 0.019144

38 48 0.0179774

39 48 0.0167399

40 48 0.0154363

41 48 0.0140717

42 48 0.0126517

43 48 0.0111817

44 48 0.00966759

45 48 0.00811532

46 48 0.00653103

47 48 0.00492096

48 48 0.00329147

49 48 0.00164899

50 48 0

0 49 0

1 49 0.000826124

2 49 0.00164899

3 49 0.00246534

4 49 0.00327197

5 49 0.00406568

6 49 0.00484335

7 49 0.0056019

8 49 0.00633835

9 49 0.00704978

10 49 0.00773339

11 49 0.00838648

12 49 0.00900647

13 49 0.00959091

14 49 0.0101375

15 49 0.0106441

16 49 0.0111087

17 49 0.0115294

18 49 0.0119047

19 49 0.0122329

20 49 0.0125129

21 49 0.0127435

22 49 0.0129238

23 49 0.0130531

24 49 0.0131309

25 49 0.0131568

26 49 0.0131309

27 49 0.0130531

28 49 0.0129238

29 49 0.0127435

30 49 0.0125129

31 49 0.0122329

32 49 0.0119047

33 49 0.0115294

34 49 0.0111087

35 49 0.0106441

36 49 0.0101375

37 49 0.00959091

38 49 0.00900647

39 49 0.00838648

40 49 0.00773339

41 49 0.00704978

42 49 0.00633835

43 49 0.0056019

44 49 0.00484335

45 49 0.00406568

46 49 0.00327197

47 49 0.00246534

48 49 0.00164899

49 49 0.000826124

50 49 0

