0 1 0

1 1 0.00134766

2 1 0.00269

3 1 0.00402173

4 1 0.00533759

5 1 0.00663238

6 1 0.00790099

7 1 0.00913842

8 1 0.0103398

9 1 0.0115004

10 1 0.0126155

11 1 0.0136809

12 1 0.0146923

13 1 0.0156457

14 1 0.0165374

15 1 0.0173638

16 1 0.0181217

17 1 0.018808

18 1 0.0194201

19 1 0.0199556

20 1 0.0204124

21 1 0.0207885

22 1 0.0210827

23 1 0.0212936

24 1 0.0214205

25 1 0.0214628

26 1 0.0214205

27 1 0.0212936

28 1 0.0210827

29 1 0.0207885

30 1 0.0204124

31 1 0.0199556

32 1 0.0194201

33 1 0.018808

34 1 0.0181217

35 1 0.0173638

36 1 0.0165374

37 1 0.0156457

38 1 0.0146923

39 1 0.0136809

40 1 0.0126155

41 1 0.0115004

42 1 0.0103398

43 1 0.00913842

44 1 0.00790099

45 1 0.00663238

46 1 0.00533759

47 1 0.00402173

48 1 0.00269

49 1 0.00134766

50 1 0

0 2 0

1 2 0.00269

2 2 0.00536939

3 2 0.00802759

4 2 0.0106541

5 2 0.0132386

6 2 0.0157708

7 2 0.0182408

8 2 0.0206388

9 2 0.0229553

10 2 0.0251813

11 2 0.0273078

12 2 0.0293266

13 2 0.0312297

14 2 0.0330095

15 2 0.034659

16 2 0.0361718

17 2 0.0375418

18 2 0.0387636

19 2 0.0398325

20 2 0.0407441

21 2 0.041495

22 2 0.0420821

23 2 0.0425031

24 2 0.0427564

25 2 0.0428409

26 2 0.0427564

27 2 0.0425031

28 2 0.0420821

29 2 0.041495

30 2 0.0407441

31 2 0.0398325

32 2 0.0387636

33 2 0.0375418

34 2 0.0361718

35 2 0.034659

36 2 0.0330095

37 2 0.0312297

38 2 0.0293266

39 2 0.0273078

40 2 0.0251813

41 2 0.0229553

42 2 0.0206388

43 2 0.0182408

44 2 0.0157708

45 2 0.0132386

46 2 0.0106541

47 2 0.00802759

48 2 0.00536939

49 2 0.00269

50 2 0

0 3 0

1 3 0.00402173

2 3 0.00802759

3 3 0.0120018

4 3 0.0159286

5 3 0.0197925

6 3 0.0235784

7 3 0.0272712

8 3 0.0308563

9 3 0.0343197

10 3 0.0376476

11 3 0.040827

12 3 0.0438452

13 3 0.0466904

14 3 0.0493514

15 3 0.0518175

16 3 0.0540792

17 3 0.0561274

18 3 0.0579541

19 3 0.0595522

20 3 0.0609151

21 3 0.0620377

22 3 0.0629155

23 3 0.0635449

24 3 0.0639236

25 3 0.06405

26 3 0.0639236

27 3 0.0635449

28 3 0.0629155

29 3 0.0620377

30 3 0.0609151

31 3 0.0595522

32 3 0.0579541

33 3 0.0561274

34 3 0.0540792

35 3 0.0518175

36 3 0.0493514

37 3 0.0466904

38 3 0.0438452

39 3 0.040827

40 3 0.0376476

41 3 0.0343197

42 3 0.0308563

43 3 0.0272712

44 3 0.0235784

45 3 0.0197925

46 3 0.0159286

47 3 0.0120018

48 3 0.00802759

49 3 0.00402173

50 3 0

0 4 0

1 4 0.00533759

2 4 0.0106541

3 4 0.0159286

4 4 0.0211402

5 4 0.0262684

6 4 0.0312929

7 4 0.0361939

8 4 0.0409521

9 4 0.0455486

10 4 0.0499654

11 4 0.054185

12 4 0.0581908

13 4 0.0619669

14 4 0.0654984

15 4 0.0687715

16 4 0.0717731

17 4 0.0744915

18 4 0.0769159

19 4 0.0790368

20 4 0.0808457

21 4 0.0823356

22 4 0.0835005

23 4 0.0843359

24 4 0.0848385

25 4 0.0850062

26 4 0.0848385

27 4 0.0843359

28 4 0.0835005

29 4 0.0823356

30 4 0.0808457

31 4 0.0790368

32 4 0.0769159

33 4 0.0744915

34 4 0.0717731

35 4 0.0687715

36 4 0.0654984

37 4 0.0619669

38 4 0.0581908

39 4 0.054185

40 4 0.0499654

41 4 0.0455486

42 4 0.0409521

43 4 0.0361939

44 4 0.0312929

45 4 0.0262684

46 4 0.0211402

47 4 0.0159286

48 4 0.0106541

49 4 0.00533759

50 4 0

0 5 0

1 5 0.00663238

2 5 0.0132386

3 5 0.0197925

4 5 0.0262684

5 5 0.0326405

6 5 0.0388839

7 5 0.0449738

8 5 0.0508862

9 5 0.0565978

10 5 0.062086

11 5 0.0673292

12 5 0.0723067

13 5 0.0769988

14 5 0.081387

15 5 0.0854541

16 5 0.0891838

17 5 0.0925617

18 5 0.0955742

19 5 0.0982095

20 5 0.100457

21 5 0.102309

22 5 0.103756

23 5 0.104794

24 5 0.105419

25 5 0.105627

26 5 0.105419

27 5 0.104794

28 5 0.103756

29 5 0.102309

30 5 0.100457

31 5 0.0982095

32 5 0.0955742

33 5 0.0925617

34 5 0.0891838

35 5 0.0854541

36 5 0.081387

37 5 0.0769988

38 5 0.0723067

39 5 0.0673292

40 5 0.062086

41 5 0.0565978

42 5 0.0508862

43 5 0.0449738

44 5 0.0388839

45 5 0.0326405

46 5 0.0262684

47 5 0.0197925

48 5 0.0132386

49 5 0.00663238

50 5 0

0 6 0

1 6 0.00790099

2 6 0.0157708

3 6 0.0235784

4 6 0.0312929

5 6 0.0388839

6 6 0.0463215

7 6 0.0535762

8 6 0.0606195

9 6 0.0674236

10 6 0.0739616

11 6 0.0802077

12 6 0.0861372

13 6 0.0917268

14 6 0.0969544

15 6 0.101799

16 6 0.106243

17 6 0.110266

18 6 0.113855

19 6 0.116995

20 6 0.119672

21 6 0.121878

22 6 0.123602

23 6 0.124839

24 6 0.125583

25 6 0.125831

26 6 0.125583

27 6 0.124839

28 6 0.123602

29 6 0.121878

30 6 0.119672

31 6 0.116995

32 6 0.113855

33 6 0.110266

34 6 0.106243

35 6 0.101799

36 6 0.0969544

37 6 0.0917268

38 6 0.0861372

39 6 0.0802077

40 6 0.0739616

41 6 0.0674236

42 6 0.0606195

43 6 0.0535762

44 6 0.0463215

45 6 0.0388839

46 6 0.0312929

47 6 0.0235784

48 6 0.0157708

49 6 0.00790099

50 6 0

0 7 0

1 7 0.00913842

2 7 0.0182408

3 7 0.0272712

4 7 0.0361939

5 7 0.0449738

6 7 0.0535762

7 7 0.0619672

8 7 0.0701136

9 7 0.0779833

10 7 0.0855452

11 7 0.0927696

12 7 0.0996278

13 7 0.106093

14 7 0.112139

15 7 0.117743

16 7 0.122882

17 7 0.127536

18 7 0.131687

19 7 0.135318

20 7 0.138415

21 7 0.140966

22 7 0.14296

23 7 0.144391

24 7 0.145251

25 7 0.145538

26 7 0.145251

27 7 0.144391

28 7 0.14296

29 7 0.140966

30 7 0.138415

31 7 0.135318

32 7 0.131687

33 7 0.127536

34 7 0.122882

35 7 0.117743

36 7 0.112139

37 7 0.106093

38 7 0.0996278

39 7 0.0927696

40 7 0.0855452

41 7 0.0779833

42 7 0.0701136

43 7 0.0619672

44 7 0.0535762

45 7 0.0449738

46 7 0.0361939

47 7 0.0272712

48 7 0.0182408

49 7 0.00913842

50 7 0

0 8 0

1 8 0.0103398

2 8 0.0206388

3 8 0.0308563

4 8 0.0409521

5 8 0.0508862

6 8 0.0606195

7 8 0.0701136

8 8 0.079331

9 8 0.0882353

10 8 0.0967913

11 8 0.104965

12 8 0.112725

13 8 0.12004

14 8 0.126881

15 8 0.133222

16 8 0.139037

17 8 0.144302

18 8 0.148999

19 8 0.153107

20 8 0.156612

21 8 0.159498

22 8 0.161754

23 8 0.163373

24 8 0.164346

25 8 0.164671

26 8 0.164346

27 8 0.163373

28 8 0.161754

29 8 0.159498

30 8 0.156612

31 8 0.153107

32 8 0.148999

33 8 0.144302

34 8 0.139037

35 8 0.133222

36 8 0.126881

37 8 0.12004

38 8 0.112725

39 8 0.104965

40 8 0.0967913

41 8 0.0882353

42 8 0.079331

43 8 0.0701136

44 8 0.0606195

45 8 0.0508862

46 8 0.0409521

47 8 0.0308563

48 8 0.0206388

49 8 0.0103398

50 8 0

0 9 0

1 9 0.0115004

2 9 0.0229553

3 9 0.0343197

4 9 0.0455486

5 9 0.0565978

6 9 0.0674236

7 9 0.0779833

8 9 0.0882353

9 9 0.098139

10 9 0.107655

11 9 0.116747

12 9 0.125378

13 9 0.133514

14 9 0.141123

15 9 0.148175

16 9 0.154642

17 9 0.160499

18 9 0.165723

19 9 0.170293

20 9 0.17419

21 9 0.1774

22 9 0.17991

23 9 0.18171

24 9 0.182793

25 9 0.183154

26 9 0.182793

27 9 0.18171

28 9 0.17991

29 9 0.1774

30 9 0.17419

31 9 0.170293

32 9 0.165723

33 9 0.160499

34 9 0.154642

35 9 0.148175

36 9 0.141123

37 9 0.133514

38 9 0.125378

39 9 0.116747

40 9 0.107655

41 9 0.098139

42 9 0.0882353

43 9 0.0779833

44 9 0.0674236

45 9 0.0565978

46 9 0.0455486

47 9 0.0343197

48 9 0.0229553

49 9 0.0115004

50 9 0

0 10 0

1 10 0.0126155

2 10 0.0251813

3 10 0.0376476

4 10 0.0499654

5 10 0.062086

6 10 0.0739616

7 10 0.0855452

8 10 0.0967913

9 10 0.107655

10 10 0.118095

11 10 0.128068

12 10 0.137535

13 10 0.14646

14 10 0.154807

15 10 0.162543

16 10 0.169638

17 10 0.176063

18 10 0.181793

19 10 0.186806

20 10 0.191081

21 10 0.194602

22 10 0.197356

23 10 0.19933

24 10 0.200518

25 10 0.200915

26 10 0.200518

27 10 0.19933

28 10 0.197356

29 10 0.194602

30 10 0.191081

31 10 0.186806

32 10 0.181793

33 10 0.176063

34 10 0.169638

35 10 0.162543

36 10 0.154807

37 10 0.14646

38 10 0.137535

39 10 0.128068

40 10 0.118095

41 10 0.107655

42 10 0.0967913

43 10 0.0855452

44 10 0.0739616

45 10 0.062086

46 10 0.0499654

47 10 0.0376476

48 10 0.0251813

49 10 0.0126155

50 10 0

0 11 0

1 11 0.0136809

2 11 0.0273078

3 11 0.040827

4 11 0.054185

5 11 0.0673292

6 11 0.0802077

7 11 0.0927696

8 11 0.104965

9 11 0.116747

10 11 0.128068

11 11 0.138883

12 11 0.14915

13 11 0.158829

14 11 0.167881

15 11 0.17627

16 11 0.183964

17 11 0.190931

18 11 0.197145

19 11 0.202581

20 11 0.207218

21 11 0.211037

22 11 0.214023

23 11 0.216164

24 11 0.217452

25 11 0.217882

26 11 0.217452

27 11 0.216164

28 11 0.214023

29 11 0.211037

30 11 0.207218

31 11 0.202581

32 11 0.197145

33 11 0.190931

34 11 0.183964

35 11 0.17627

36 11 0.167881

37 11 0.158829

38 11 0.14915

39 11 0.138883

40 11 0.128068

41 11 0.116747

42 11 0.104965

43 11 0.0927696

44 11 0.0802077

45 11 0.0673292

46 11 0.054185

47 11 0.040827

48 11 0.0273078

49 11 0.0136809

50 11 0

0 12 0

1 12 0.0146923

2 12 0.0293266

3 12 0.0438452

4 12 0.0581908

5 12 0.0723067

6 12 0.0861372

7 12 0.0996278

8 12 0.112725

9 12 0.125378

10 12 0.137535

11 12 0.14915

12 12 0.160177

13 12 0.170571

14 12 0.180292

15 12 0.189301

16 12 0.197564

17 12 0.205046

18 12 0.21172

19 12 0.217558

20 12 0.222537

21 12 0.226638

22 12 0.229845

23 12 0.232144

24 12 0.233528

25 12 0.233989

26 12 0.233528

27 12 0.232144

28 12 0.229845

29 12 0.226638

30 12 0.222537

31 12 0.217558

32 12 0.21172

33 12 0.205046

34 12 0.197564

35 12 0.189301

36 12 0.180292

37 12 0.170571

38 12 0.160177

39 12 0.14915

40 12 0.137535

41 12 0.125378

42 12 0.112725

43 12 0.0996278

44 12 0.0861372

45 12 0.0723067

46 12 0.0581908

47 12 0.0438452

48 12 0.0293266

49 12 0.0146923

50 12 0

0 13 0

1 13 0.0156457

2 13 0.0312297

3 13 0.0466904

4 13 0.0619669

5 13 0.0769988

6 13 0.0917268

7 13 0.106093

8 13 0.12004

9 13 0.133514

10 13 0.14646

11 13 0.158829

12 13 0.170571

13 13 0.18164

14 13 0.191991

15 13 0.201585

16 13 0.210384

17 13 0.218352

18 13 0.225459

19 13 0.231675

20 13 0.236978

21 13 0.241345

22 13 0.24476

23 13 0.247209

24 13 0.248682

25 13 0.249173

26 13 0.248682

27 13 0.247209

28 13 0.24476

29 13 0.241345

30 13 0.236978

31 13 0.231675

32 13 0.225459

33 13 0.218352

34 13 0.210384

35 13 0.201585

36 13 0.191991

37 13 0.18164

38 13 0.170571

39 13 0.158829

40 13 0.14646

41 13 0.133514

42 13 0.12004

43 13 0.106093

44 13 0.0917268

45 13 0.0769988

46 13 0.0619669

47 13 0.0466904

48 13 0.0312297

49 13 0.0156457

50 13 0

0 14 0

1 14 0.0165374

2 14 0.0330095

3 14 0.0493514

4 14 0.0654984

5 14 0.081387

6 14 0.0969544

7 14 0.112139

8 14 0.126881

9 14 0.141123

10 14 0.154807

11 14 0.167881

12 14 0.180292

13 14 0.191991

14 14 0.202933

15 14 0.213074

16 14 0.222374

17 14 0.230796

18 14 0.238308

19 14 0.244879

20 14 0.250483

21 14 0.2551

22 14 0.258709

23 14 0.261297

24 14 0.262854

25 14 0.263374

26 14 0.262854

27 14 0.261297

28 14 0.258709

29 14 0.2551

30 14 0.250483

31 14 0.244879

32 14 0.238308

33 14 0.230796

34 14 0.222374

35 14 0.213074

36 14 0.202933

37 14 0.191991

38 14 0.180292

39 14 0.167881

40 14 0.154807

41 14 0.141123

42 14 0.126881

43 14 0.112139

44 14 0.0969544

45 14 0.081387

46 14 0.0654984

47 14 0.0493514

48 14 0.0330095

49 14 0.0165374

50 14 0

0 15 0

1 15 0.0173638

2 15 0.034659

3 15 0.0518175

4 15 0.0687715

5 15 0.0854541

6 15 0.101799

7 15 0.117743

8 15 0.133222

9 15 0.148175

10 15 0.162543

11 15 0.17627

12 15 0.189301

13 15 0.201585

14 15 0.213074

15 15 0.223722

16 15 0.233486

17 15 0.24233

18 15 0.250216

19 15 0.257116

20 15 0.263001

21 15 0.267847

22 15 0.271637

23 15 0.274355

24 15 0.275989

25 15 0.276535

26 15 0.275989

27 15 0.274355

28 15 0.271637

29 15 0.267847

30 15 0.263001

31 15 0.257116

32 15 0.250216

33 15 0.24233

34 15 0.233486

35 15 0.223722

36 15 0.213074

37 15 0.201585

38 15 0.189301

39 15 0.17627

40 15 0.162543

41 15 0.148175

42 15 0.133222

43 15 0.117743

44 15 0.101799

45 15 0.0854541

46 15 0.0687715

47 15 0.0518175

48 15 0.034659

49 15 0.0173638

50 15 0

0 16 0

1 16 0.0181217

2 16 0.0361718

3 16 0.0540792

4 16 0.0717731

5 16 0.0891838

6 16 0.106243

7 16 0.122882

8 16 0.139037

9 16 0.154642

10 16 0.169638

11 16 0.183964

12 16 0.197564

13 16 0.210384

14 16 0.222374

15 16 0.233486

16 16 0.243677

17 16 0.252906

18 16 0.261138

19 16 0.268338

20 16 0.27448

21 16 0.279538

22 16 0.283493

23 16 0.286329

24 16 0.288035

25 16 0.288605

26 16 0.288035

27 16 0.286329

28 16 0.283493

29 16 0.279538

30 16 0.27448

31 16 0.268338

32 16 0.261138

33 16 0.252906

34 16 0.243677

35 16 0.233486

36 16 0.222374

37 16 0.210384

38 16 0.197564

39 16 0.183964

40 16 0.169638

41 16 0.154642

42 16 0.139037

43 16 0.122882

44 16 0.106243

45 16 0.0891838

46 16 0.0717731

47 16 0.0540792

48 16 0.0361718

49 16 0.0181217

50 16 0

0 17 0

1 17 0.018808

2 17 0.0375418

3 17 0.0561274

4 17 0.0744915

5 17 0.0925617

6 17 0.110266

7 17 0.127536

8 17 0.144302

9 17 0.160499

10 17 0.176063

11 17 0.190931

12 17 0.205046

13 17 0.218352

14 17 0.230796

15 17 0.24233

16 17 0.252906

17 17 0.262485

18 17 0.271028

19 17 0.278501

20 17 0.284876

21 17 0.290125

22 17 0.29423

23 17 0.297174

24 17 0.298945

25 17 0.299536

26 17 0.298945

27 17 0.297174

28 17 0.29423

29 17 0.290125

30 17 0.284876

31 17 0.278501

32 17 0.271028

33 17 0.262485

34 17 0.252906

35 17 0.24233

36 17 0.230796

37 17 0.218352

38 17 0.205046

39 17 0.190931

40 17 0.176063

41 17 0.160499

42 17 0.144302

43 17 0.127536

44 17 0.110266

45 17 0.0925617

46 17 0.0744915

47 17 0.0561274

48 17 0.0375418

49 17 0.018808

50 17 0

0 18 0

1 18 0.0194201

2 18 0.0387636

3 18 0.0579541

4 18 0.0769159

5 18 0.0955742

6 18 0.113855

7 18 0.131687

8 18 0.148999

9 18 0.165723

10 18 0.181793

11 18 0.197145

12 18 0.21172

13 18 0.225459

14 18 0.238308

15 18 0.250216

16 18 0.261138

17 18 0.271028

18 18 0.279849

19 18 0.287566

20 18 0.294147

21 18 0.299568

22 18 0.303806

23 18 0.306846

24 18 0.308674

25 18 0.309285

26 18 0.308674

27 18 0.306846

28 18 0.303806

29 18 0.299568

30 18 0.294147

31 18 0.287566

32 18 0.279849

33 18 0.271028

34 18 0.261138

35 18 0.250216

36 18 0.238308

37 18 0.225459

38 18 0.21172

39 18 0.197145

40 18 0.181793

41 18 0.165723

42 18 0.148999

43 18 0.131687

44 18 0.113855

45 18 0.0955742

46 18 0.0769159

47 18 0.0579541

48 18 0.0387636

49 18 0.0194201

50 18 0

0 19 0

1 19 0.0199556

2 19 0.0398325

3 19 0.0595522

4 19 0.0790368

5 19 0.0982095

6 19 0.116995

7 19 0.135318

8 19 0.153107

9 19 0.170293

10 19 0.186806

11 19 0.202581

12 19 0.217558

13 19 0.231675

14 19 0.244879

15 19 0.257116

16 19 0.268338

17 19 0.278501

18 19 0.287566

19 19 0.295495

20 19 0.302258

21 19 0.307828

22 19 0.312183

23 19 0.315307

24 19 0.317186

25 19 0.317813

26 19 0.317186

27 19 0.315307

28 19 0.312183

29 19 0.307828

30 19 0.302258

31 19 0.295495

32 19 0.287566

33 19 0.278501

34 19 0.268338

35 19 0.257116

36 19 0.244879

37 19 0.231675

38 19 0.217558

39 19 0.202581

40 19 0.186806

41 19 0.170293

42 19 0.153107

43 19 0.135318

44 19 0.116995

45 19 0.0982095

46 19 0.0790368

47 19 0.0595522

48 19 0.0398325

49 19 0.0199556

50 19 0

0 20 0

1 20 0.0204124

2 20 0.0407441

3 20 0.0609151

4 20 0.0808457

5 20 0.100457

6 20 0.119672

7 20 0.138415

8 20 0.156612

9 20 0.17419

10 20 0.191081

11 20 0.207218

12 20 0.222537

13 20 0.236978

14 20 0.250483

15 20 0.263001

16 20 0.27448

17 20 0.284876

18 20 0.294147

19 20 0.302258

20 20 0.309176

21 20 0.314873

22 20 0.319328

23 20 0.322523

24 20 0.324445

25 20 0.325087

26 20 0.324445

27 20 0.322523

28 20 0.319328

29 20 0.314873

30 20 0.309176

31 20 0.302258

32 20 0.294147

33 20 0.284876

34 20 0.27448

35 20 0.263001

36 20 0.250483

37 20 0.236978

38 20 0.222537

39 20 0.207218

40 20 0.191081

41 20 0.17419

42 20 0.156612

43 20 0.138415

44 20 0.119672

45 20 0.100457

46 20 0.0808457

47 20 0.0609151

48 20 0.0407441

49 20 0.0204124

50 20 0

0 21 0

1 21 0.0207885

2 21 0.041495

3 21 0.0620377

4 21 0.0823356

5 21 0.102309

6 21 0.121878

7 21 0.140966

8 21 0.159498

9 21 0.1774

10 21 0.194602

11 21 0.211037

12 21 0.226638

13 21 0.241345

14 21 0.2551

15 21 0.267847

16 21 0.279538

17 21 0.290125

18 21 0.299568

19 21 0.307828

20 21 0.314873

21 21 0.320676

22 21 0.325213

23 21 0.328467

24 21 0.330424

25 21 0.331077

26 21 0.330424

27 21 0.328467

28 21 0.325213

29 21 0.320676

30 21 0.314873

31 21 0.307828

32 21 0.299568

33 21 0.290125

34 21 0.279538

35 21 0.267847

36 21 0.2551

37 21 0.241345

38 21 0.226638

39 21 0.211037

40 21 0.194602

41 21 0.1774

42 21 0.159498

43 21 0.140966

44 21 0.121878

45 21 0.102309

46 21 0.0823356

47 21 0.0620377

48 21 0.041495

49 21 0.0207885

50 21 0

0 22 0

1 22 0.0210827

2 22 0.0420821

3 22 0.0629155

4 22 0.0835005

5 22 0.103756

6 22 0.123602

7 22 0.14296

8 22 0.161754

9 22 0.17991

10 22 0.197356

11 22 0.214023

12 22 0.229845

13 22 0.24476

14 22 0.258709

15 22 0.271637

16 22 0.283493

17 22 0.29423

18 22 0.303806

19 22 0.312183

20 22 0.319328

21 22 0.325213

22 22 0.329814

23 22 0.333114

24 22 0.335099

25 22 0.335762

26 22 0.335099

27 22 0.333114

28 22 0.329814

29 22 0.325213

30 22 0.319328

31 22 0.312183

32 22 0.303806

33 22 0.29423

34 22 0.283493

35 22 0.271637

36 22 0.258709

37 22 0.24476

38 22 0.229845

39 22 0.214023

40 22 0.197356

41 22 0.17991

42 22 0.161754

43 22 0.14296

44 22 0.123602

45 22 0.103756

46 22 0.0835005

47 22 0.0629155

48 22 0.0420821

49 22 0.0210827

50 22 0

0 23 0

1 23 0.0212936

2 23 0.0425031

3 23 0.0635449

4 23 0.0843359

5 23 0.104794

6 23 0.124839

7 23 0.144391

8 23 0.163373

9 23 0.18171

10 23 0.19933

11 23 0.216164

12 23 0.232144

13 23 0.247209

14 23 0.261297

15 23 0.274355

16 23 0.286329

17 23 0.297174

18 23 0.306846

19 23 0.315307

20 23 0.322523

21 23 0.328467

22 23 0.333114

23 23 0.336447

24 23 0.338452

25 23 0.339121

26 23 0.338452

27 23 0.336447

28 23 0.333114

29 23 0.328467

30 23 0.322523

31 23 0.315307

32 23 0.306846

33 23 0.297174

34 23 0.286329

35 23 0.274355

36 23 0.261297

37 23 0.247209

38 23 0.232144

39 23 0.216164

40 23 0.19933

41 23 0.18171

42 23 0.163373

43 23 0.144391

44 23 0.124839

45 23 0.104794

46 23 0.0843359

47 23 0.0635449

48 23 0.0425031

49 23 0.0212936

50 23 0

0 24 0

1 24 0.0214205

2 24 0.0427564

3 24 0.0639236

4 24 0.0848385

5 24 0.105419

6 24 0.125583

7 24 0.145251

8 24 0.164346

9 24 0.182793

10 24 0.200518

11 24 0.217452

12 24 0.233528

13 24 0.248682

14 24 0.262854

15 24 0.275989

16 24 0.288035

17 24 0.298945

18 24 0.308674

19 24 0.317186

20 24 0.324445

21 24 0.330424

22 24 0.335099

23 24 0.338452

24 24 0.340469

25 24 0.341142

26 24 0.340469

27 24 0.338452

28 24 0.335099

29 24 0.330424

30 24 0.324445

31 24 0.317186

32 24 0.308674

33 24 0.298945

34 24 0.288035

35 24 0.275989

36 24 0.262854

37 24 0.248682

38 24 0.233528

39 24 0.217452

40 24 0.200518

41 24 0.182793

42 24 0.164346

43 24 0.145251

44 24 0.125583

45 24 0.105419

46 24 0.0848385

47 24 0.0639236

48 24 0.0427564

49 24 0.0214205

50 24 0

0 25 0

1 25 0.0214628

2 25 0.0428409

3 25 0.06405

4 25 0.0850062

5 25 0.105627

6 25 0.125831

7 25 0.145538

8 25 0.164671

9 25 0.183154

10 25 0.200915

11 25 0.217882

12 25 0.233989

13 25 0.249173

14 25 0.263374

15 25 0.276535

16 25 0.288605

17 25 0.299536

18 25 0.309285

19 25 0.317813

20 25 0.325087

21 25 0.331077

22 25 0.335762

23 25 0.339121

24 25 0.341142

25 25 0.341816

26 25 0.341142

27 25 0.339121

28 25 0.335762

29 25 0.331077

30 25 0.325087

31 25 0.317813

32 25 0.309285

33 25 0.299536

34 25 0.288605

35 25 0.276535

36 25 0.263374

37 25 0.249173

38 25 0.233989

39 25 0.217882

40 25 0.200915

41 25 0.183154

42 25 0.164671

43 25 0.145538

44 25 0.125831

45 25 0.105627

46 25 0.0850062

47 25 0.06405

48 25 0.0428409

49 25 0.0214628

50 25 0

0 26 0

1 26 0.0214205

2 26 0.0427564

3 26 0.0639236

4 26 0.0848385

5 26 0.105419

6 26 0.125583

7 26 0.145251

8 26 0.164346

9 26 0.182793

10 26 0.200518

11 26 0.217452

12 26 0.233528

13 26 0.248682

14 26 0.262854

15 26 0.275989

16 26 0.288035

17 26 0.298945

18 26 0.308674

19 26 0.317186

20 26 0.324445

21 26 0.330424

22 26 0.335099

23 26 0.338452

24 26 0.340469

25 26 0.341142

26 26 0.340469

27 26 0.338452

28 26 0.335099

29 26 0.330424

30 26 0.324445

31 26 0.317186

32 26 0.308674

33 26 0.298945

34 26 0.288035

35 26 0.275989

36 26 0.262854

37 26 0.248682

38 26 0.233528

39 26 0.217452

40 26 0.200518

41 26 0.182793

42 26 0.164346

43 26 0.145251

44 26 0.125583

45 26 0.105419

46 26 0.0848385

47 26 0.0639236

48 26 0.0427564

49 26 0.0214205

50 26 0

0 27 0

1 27 0.0212936

2 27 0.0425031

3 27 0.0635449

4 27 0.0843359

5 27 0.104794

6 27 0.124839

7 27 0.144391

8 27 0.163373

9 27 0.18171

10 27 0.19933

11 27 0.216164

12 27 0.232144

13 27 0.247209

14 27 0.261297

15 27 0.274355

16 27 0.286329

17 27 0.297174

18 27 0.306846

19 27 0.315307

20 27 0.322523

21 27 0.328467

22 27 0.333114

23 27 0.336447

24 27 0.338452

25 27 0.339121

26 27 0.338452

27 27 0.336447

28 27 0.333114

29 27 0.328467

30 27 0.322523

31 27 0.315307

32 27 0.306846

33 27 0.297174

34 27 0.286329

35 27 0.274355

36 27 0.261297

37 27 0.247209

38 27 0.232144

39 27 0.216164

40 27 0.19933

41 27 0.18171

42 27 0.163373

43 27 0.144391

44 27 0.124839

45 27 0.104794

46 27 0.0843359

47 27 0.0635449

48 27 0.0425031

49 27 0.0212936

50 27 0

0 28 0

1 28 0.0210827

2 28 0.0420821

3 28 0.0629155

4 28 0.0835005

5 28 0.103756

6 28 0.123602

7 28 0.14296

8 28 0.161754

9 28 0.17991

10 28 0.197356

11 28 0.214023

12 28 0.229845

13 28 0.24476

14 28 0.258709

15 28 0.271637

16 28 0.283493

17 28 0.29423

18 28 0.303806

19 28 0.312183

20 28 0.319328

21 28 0.325213

22 28 0.329814

23 28 0.333114

24 28 0.335099

25 28 0.335762

26 28 0.335099

27 28 0.333114

28 28 0.329814

29 28 0.325213

30 28 0.319328

31 28 0.312183

32 28 0.303806

33 28 0.29423

34 28 0.283493

35 28 0.271637

36 28 0.258709

37 28 0.24476

38 28 0.229845

39 28 0.214023

40 28 0.197356

41 28 0.17991

42 28 0.161754

43 28 0.14296

44 28 0.123602

45 28 0.103756

46 28 0.0835005

47 28 0.0629155

48 28 0.0420821

49 28 0.0210827

50 28 0

0 29 0

1 29 0.0207885

2 29 0.041495

3 29 0.0620377

4 29 0.0823356

5 29 0.102309

6 29 0.121878

7 29 0.140966

8 29 0.159498

9 29 0.1774

10 29 0.194602

11 29 0.211037

12 29 0.226638

13 29 0.241345

14 29 0.2551

15 29 0.267847

16 29 0.279538

17 29 0.290125

18 29 0.299568

19 29 0.307828

20 29 0.314873

21 29 0.320676

22 29 0.325213

23 29 0.328467

24 29 0.330424

25 29 0.331077

26 29 0.330424

27 29 0.328467

28 29 0.325213

29 29 0.320676

30 29 0.314873

31 29 0.307828

32 29 0.299568

33 29 0.290125

34 29 0.279538

35 29 0.267847

36 29 0.2551

37 29 0.241345

38 29 0.226638

39 29 0.211037

40 29 0.194602

41 29 0.1774

42 29 0.159498

43 29 0.140966

44 29 0.121878

45 29 0.102309

46 29 0.0823356

47 29 0.0620377

48 29 0.041495

49 29 0.0207885

50 29 0

0 30 0

1 30 0.0204124

2 30 0.0407441

3 30 0.0609151

4 30 0.0808457

5 30 0.100457

6 30 0.119672

7 30 0.138415

8 30 0.156612

9 30 0.17419

10 30 0.191081

11 30 0.207218

12 30 0.222537

13 30 0.236978

14 30 0.250483

15 30 0.263001

16 30 0.27448

17 30 0.284876

18 30 0.294147

19 30 0.302258

20 30 0.309176

21 30 0.314873

22 30 0.319328

23 30 0.322523

24 30 0.324445

25 30 0.325087

26 30 0.324445

27 30 0.322523

28 30 0.319328

29 30 0.314873

30 30 0.309176

31 30 0.302258

32 30 0.294147

33 30 0.284876

34 30 0.27448

35 30 0.263001

36 30 0.250483

37 30 0.236978

38 30 0.222537

39 30 0.207218

40 30 0.191081

41 30 0.17419

42 30 0.156612

43 30 0.138415

44 30 0.119672

45 30 0.100457

46 30 0.0808457

47 30 0.0609151

48 30 0.0407441

49 30 0.0204124

50 30 0

0 31 0

1 31 0.0199556

2 31 0.0398325

3 31 0.0595522

4 31 0.0790368

5 31 0.0982095

6 31 0.116995

7 31 0.135318

8 31 0.153107

9 31 0.170293

10 31 0.186806

11 31 0.202581

12 31 0.217558

13 31 0.231675

14 31 0.244879

15 31 0.257116

16 31 0.268338

17 31 0.278501

18 31 0.287566

19 31 0.295495

20 31 0.302258

21 31 0.307828

22 31 0.312183

23 31 0.315307

24 31 0.317186

25 31 0.317813

26 31 0.317186

27 31 0.315307

28 31 0.312183

29 31 0.307828

30 31 0.302258

31 31 0.295495

32 31 0.287566

33 31 0.278501

34 31 0.268338

35 31 0.257116

36 31 0.244879

37 31 0.231675

38 31 0.217558

39 31 0.202581

40 31 0.186806

41 31 0.170293

42 31 0.153107

43 31 0.135318

44 31 0.116995

45 31 0.0982095

46 31 0.0790368

47 31 0.0595522

48 31 0.0398325

49 31 0.0199556

50 31 0

0 32 0

1 32 0.0194201

2 32 0.0387636

3 32 0.0579541

4 32 0.0769159

5 32 0.0955742

6 32 0.113855

7 32 0.131687

8 32 0.148999

9 32 0.165723

10 32 0.181793

11 32 0.197145

12 32 0.21172

13 32 0.225459

14 32 0.238308

15 32 0.250216

16 32 0.261138

17 32 0.271028

18 32 0.279849

19 32 0.287566

20 32 0.294147

21 32 0.299568

22 32 0.303806

23 32 0.306846

24 32 0.308674

25 32 0.309285

26 32 0.308674

27 32 0.306846

28 32 0.303806

29 32 0.299568

30 32 0.294147

31 32 0.287566

32 32 0.279849

33 32 0.271028

34 32 0.261138

35 32 0.250216

36 32 0.238308

37 32 0.225459

38 32 0.21172

39 32 0.197145

40 32 0.181793

41 32 0.165723

42 32 0.148999

43 32 0.131687

44 32 0.113855

45 32 0.0955742

46 32 0.0769159

47 32 0.0579541

48 32 0.0387636

49 32 0.0194201

50 32 0

0 33 0

1 33 0.018808

2 33 0.0375418

3 33 0.0561274

4 33 0.0744915

5 33 0.0925617

6 33 0.110266

7 33 0.127536

8 33 0.144302

9 33 0.160499

10 33 0.176063

11 33 0.190931

12 33 0.205046

13 33 0.218352

14 33 0.230796

15 33 0.24233

16 33 0.252906

17 33 0.262485

18 33 0.271028

19 33 0.278501

20 33 0.284876

21 33 0.290125

22 33 0.29423

23 33 0.297174

24 33 0.298945

25 33 0.299536

26 33 0.298945

27 33 0.297174

28 33 0.29423

29 33 0.290125

30 33 0.284876

31 33 0.278501

32 33 0.271028

33 33 0.262485

34 33 0.252906

35 33 0.24233

36 33 0.230796

37 33 0.218352

38 33 0.205046

39 33 0.190931

40 33 0.176063

41 33 0.160499

42 33 0.144302

43 33 0.127536

44 33 0.110266

45 33 0.0925617

46 33 0.0744915

47 33 0.0561274

48 33 0.0375418

49 33 0.018808

50 33 0

0 34 0

1 34 0.0181217

2 34 0.0361718

3 34 0.0540792

4 34 0.0717731

5 34 0.0891838

6 34 0.106243

7 34 0.122882

8 34 0.139037

9 34 0.154642

10 34 0.169638

11 34 0.183964

12 34 0.197564

13 34 0.210384

14 34 0.222374

15 34 0.233486

16 34 0.243677

17 34 0.252906

18 34 0.261138

19 34 0.268338

20 34 0.27448

21 34 0.279538

22 34 0.283493

23 34 0.286329

24 34 0.288035

25 34 0.288605

26 34 0.288035

27 34 0.286329

28 34 0.283493

29 34 0.279538

30 34 0.27448

31 34 0.268338

32 34 0.261138

33 34 0.252906

34 34 0.243677

35 34 0.233486

36 34 0.222374

37 34 0.210384

38 34 0.197564

39 34 0.183964

40 34 0.169638

41 34 0.154642

42 34 0.139037

43 34 0.122882

44 34 0.106243

45 34 0.0891838

46 34 0.0717731

47 34 0.0540792

48 34 0.0361718

49 34 0.0181217

50 34 0

0 35 0

1 35 0.0173638

2 35 0.034659

3 35 0.0518175

4 35 0.0687715

5 35 0.0854541

6 35 0.101799

7 35 0.117743

8 35 0.133222

9 35 0.148175

10 35 0.162543

11 35 0.17627

12 35 0.189301

13 35 0.201585

14 35 0.213074

15 35 0.223722

16 35 0.233486

17 35 0.24233

18 35 0.250216

19 35 0.257116

20 35 0.263001

21 35 0.267847

22 35 0.271637

23 35 0.274355

24 35 0.275989

25 35 0.276535

26 35 0.275989

27 35 0.274355

28 35 0.271637

29 35 0.267847

30 35 0.263001

31 35 0.257116

32 35 0.250216

33 35 0.24233

34 35 0.233486

35 35 0.223722

36 35 0.213074

37 35 0.201585

38 35 0.189301

39 35 0.17627

40 35 0.162543

41 35 0.148175

42 35 0.133222

43 35 0.117743

44 35 0.101799

45 35 0.0854541

46 35 0.0687715

47 35 0.0518175

48 35 0.034659

49 35 0.0173638

50 35 0

0 36 0

1 36 0.0165374

2 36 0.0330095

3 36 0.0493514

4 36 0.0654984

5 36 0.081387

6 36 0.0969544

7 36 0.112139

8 36 0.126881

9 36 0.141123

10 36 0.154807

11 36 0.167881

12 36 0.180292

13 36 0.191991

14 36 0.202933

15 36 0.213074

16 36 0.222374

17 36 0.230796

18 36 0.238308

19 36 0.244879

20 36 0.250483

21 36 0.2551

22 36 0.258709

23 36 0.261297

24 36 0.262854

25 36 0.263374

26 36 0.262854

27 36 0.261297

28 36 0.258709

29 36 0.2551

30 36 0.250483

31 36 0.244879

32 36 0.238308

33 36 0.230796

34 36 0.222374

35 36 0.213074

36 36 0.202933

37 36 0.191991

38 36 0.180292

39 36 0.167881

40 36 0.154807

41 36 0.141123

42 36 0.126881

43 36 0.112139

44 36 0.0969544

45 36 0.081387

46 36 0.0654984

47 36 0.0493514

48 36 0.0330095

49 36 0.0165374

50 36 0

0 37 0

1 37 0.0156457

2 37 0.0312297

3 37 0.0466904

4 37 0.0619669

5 37 0.0769988

6 37 0.0917268

7 37 0.106093

8 37 0.12004

9 37 0.133514

10 37 0.14646

11 37 0.158829

12 37 0.170571

13 37 0.18164

14 37 0.191991

15 37 0.201585

16 37 0.210384

17 37 0.218352

18 37 0.225459

19 37 0.231675

20 37 0.236978

21 37 0.241345

22 37 0.24476

23 37 0.247209

24 37 0.248682

25 37 0.249173

26 37 0.248682

27 37 0.247209

28 37 0.24476

29 37 0.241345

30 37 0.236978

31 37 0.231675

32 37 0.225459

33 37 0.218352

34 37 0.210384

35 37 0.201585

36 37 0.191991

37 37 0.18164

38 37 0.170571

39 37 0.158829

40 37 0.14646

41 37 0.133514

42 37 0.12004

43 37 0.106093

44 37 0.0917268

45 37 0.0769988

46 37 0.0619669

47 37 0.0466904

48 37 0.0312297

49 37 0.0156457

50 37 0

0 38 0

1 38 0.0146923

2 38 0.0293266

3 38 0.0438452

4 38 0.0581908

5 38 0.0723067

6 38 0.0861372

7 38 0.0996278

8 38 0.112725

9 38 0.125378

10 38 0.137535

11 38 0.14915

12 38 0.160177

13 38 0.170571

14 38 0.180292

15 38 0.189301

16 38 0.197564

17 38 0.205046

18 38 0.21172

19 38 0.217558

20 38 0.222537

21 38 0.226638

22 38 0.229845

23 38 0.232144

24 38 0.233528

25 38 0.233989

26 38 0.233528

27 38 0.232144

28 38 0.229845

29 38 0.226638

30 38 0.222537

31 38 0.217558

32 38 0.21172

33 38 0.205046

34 38 0.197564

35 38 0.189301

36 38 0.180292

37 38 0.170571

38 38 0.160177

39 38 0.14915

40 38 0.137535

41 38 0.125378

42 38 0.112725

43 38 0.0996278

44 38 0.0861372

45 38 0.0723067

46 38 0.0581908

47 38 0.0438452

48 38 0.0293266

49 38 0.0146923

50 38 0

0 39 0

1 39 0.0136809

2 39 0.0273078

3 39 0.040827

4 39 0.054185

5 39 0.0673292

6 39 0.0802077

7 39 0.0927696

8 39 0.104965

9 39 0.116747

10 39 0.128068

11 39 0.138883

12 39 0.14915

13 39 0.158829

14 39 0.167881

15 39 0.17627

16 39 0.183964

17 39 0.190931

18 39 0.197145

19 39 0.202581

20 39 0.207218

21 39 0.211037

22 39 0.214023

23 39 0.216164

24 39 0.217452

25 39 0.217882

26 39 0.217452

27 39 0.216164

28 39 0.214023

29 39 0.211037

30 39 0.207218

31 39 0.202581

32 39 0.197145

33 39 0.190931

34 39 0.183964

35 39 0.17627

36 39 0.167881

37 39 0.158829

38 39 0.14915

39 39 0.138883

40 39 0.128068

41 39 0.116747

42 39 0.104965

43 39 0.0927696

44 39 0.0802077

45 39 0.0673292

46 39 0.054185

47 39 0.040827

48 39 0.0273078

49 39 0.0136809

50 39 0

0 40 0

1 40 0.0126155

2 40 0.0251813

3 40 0.0376476

4 40 0.0499654

5 40 0.062086

6 40 0.0739616

7 40 0.0855452

8 40 0.0967913

9 40 0.107655

10 40 0.118095

11 40 0.128068

12 40 0.137535

13 40 0.14646

14 40 0.154807

15 40 0.162543

16 40 0.169638

17 40 0.176063

18 40 0.181793

19 40 0.186806

20 40 0.191081

21 40 0.194602

22 40 0.197356

23 40 0.19933

24 40 0.200518

25 40 0.200915

26 40 0.200518

27 40 0.19933

28 40 0.197356

29 40 0.194602

30 40 0.191081

31 40 0.186806

32 40 0.181793

33 40 0.176063

34 40 0.169638

35 40 0.162543

36 40 0.154807

37 40 0.14646

38 40 0.137535

39 40 0.128068

40 40 0.118095

41 40 0.107655

42 40 0.0967913

43 40 0.0855452

44 40 0.0739616

45 40 0.062086

46 40 0.0499654

47 40 0.0376476

48 40 0.0251813

49 40 0.0126155

50 40 0

0 41 0

1 41 0.0115004

2 41 0.0229553

3 41 0.0343197

4 41 0.0455486

5 41 0.0565978

6 41 0.0674236

7 41 0.0779833

8 41 0.0882353

9 41 0.098139

10 41 0.107655

11 41 0.116747

12 41 0.125378

13 41 0.133514

14 41 0.141123

15 41 0.148175

16 41 0.154642

17 41 0.160499

18 41 0.165723

19 41 0.170293

20 41 0.17419

21 41 0.1774

22 41 0.17991

23 41 0.18171

24 41 0.182793

25 41 0.183154

26 41 0.182793

27 41 0.18171

28 41 0.17991

29 41 0.1774

30 41 0.17419

31 41 0.170293

32 41 0.165723

33 41 0.160499

34 41 0.154642

35 41 0.148175

36 41 0.141123

37 41 0.133514

38 41 0.125378

39 41 0.116747

40 41 0.107655

41 41 0.098139

42 41 0.0882353

43 41 0.0779833

44 41 0.0674236

45 41 0.0565978

46 41 0.0455486

47 41 0.0343197

48 41 0.0229553

49 41 0.0115004

50 41 0

0 42 0

1 42 0.0103398

2 42 0.0206388

3 42 0.0308563

4 42 0.0409521

5 42 0.0508862

6 42 0.0606195

7 42 0.0701136

8 42 0.079331

9 42 0.0882353

10 42 0.0967913

11 42 0.104965

12 42 0.112725

13 42 0.12004

14 42 0.126881

15 42 0.133222

16 42 0.139037

17 42 0.144302

18 42 0.148999

19 42 0.153107

20 42 0.156612

21 42 0.159498

22 42 0.161754

23 42 0.163373

24 42 0.164346

25 42 0.164671

26 42 0.164346

27 42 0.163373

28 42 0.161754

29 42 0.159498

30 42 0.156612

31 42 0.153107

32 42 0.148999

33 42 0.144302

34 42 0.139037

35 42 0.133222

36 42 0.126881

37 42 0.12004

38 42 0.112725

39 42 0.104965

40 42 0.0967913

41 42 0.0882353

42 42 0.079331

43 42 0.0701136

44 42 0.0606195

45 42 0.0508862

46 42 0.0409521

47 42 0.0308563

48 42 0.0206388

49 42 0.0103398

50 42 0

0 43 0

1 43 0.00913842

2 43 0.0182408

3 43 0.0272712

4 43 0.0361939

5 43 0.0449738

6 43 0.0535762

7 43 0.0619672

8 43 0.0701136

9 43 0.0779833

10 43 0.0855452

11 43 0.0927696

12 43 0.0996278

13 43 0.106093

14 43 0.112139

15 43 0.117743

16 43 0.122882

17 43 0.127536

18 43 0.131687

19 43 0.135318

20 43 0.138415

21 43 0.140966

22 43 0.14296

23 43 0.144391

24 43 0.145251

25 43 0.145538

26 43 0.145251

27 43 0.144391

28 43 0.14296

29 43 0.140966

30 43 0.138415

31 43 0.135318

32 43 0.131687

33 43 0.127536

34 43 0.122882

35 43 0.117743

36 43 0.112139

37 43 0.106093

38 43 0.0996278

39 43 0.0927696

40 43 0.0855452

41 43 0.0779833

42 43 0.0701136

43 43 0.0619672

44 43 0.0535762

45 43 0.0449738

46 43 0.0361939

47 43 0.0272712

48 43 0.0182408

49 43 0.00913842

50 43 0

0 44 0

1 44 0.00790099

2 44 0.0157708

3 44 0.0235784

4 44 0.0312929

5 44 0.0388839

6 44 0.0463215

7 44 0.0535762

8 44 0.0606195

9 44 0.0674236

10 44 0.0739616

11 44 0.0802077

12 44 0.0861372

13 44 0.0917268

14 44 0.0969544

15 44 0.101799

16 44 0.106243

17 44 0.110266

18 44 0.113855

19 44 0.116995

20 44 0.119672

21 44 0.121878

22 44 0.123602

23 44 0.124839

24 44 0.125583

25 44 0.125831

26 44 0.125583

27 44 0.124839

28 44 0.123602

29 44 0.121878

30 44 0.119672

31 44 0.116995

32 44 0.113855

33 44 0.110266

34 44 0.106243

35 44 0.101799

36 44 0.0969544

37 44 0.0917268

38 44 0.0861372

39 44 0.0802077

40 44 0.0739616

41 44 0.0674236

42 44 0.0606195

43 44 0.0535762

44 44 0.0463215

45 44 0.0388839

46 44 0.0312929

47 44 0.0235784

48 44 0.0157708

49 44 0.00790099

50 44 0

0 45 0

1 45 0.00663238

2 45 0.0132386

3 45 0.0197925

4 45 0.0262684

5 45 0.0326405

6 45 0.0388839

7 45 0.0449738

8 45 0.0508862

9 45 0.0565978

10 45 0.062086

11 45 0.0673292

12 45 0.0723067

13 45 0.0769988

14 45 0.081387

15 45 0.0854541

16 45 0.0891838

17 45 0.0925617

18 45 0.0955742

19 45 0.0982095

20 45 0.100457

21 45 0.102309

22 45 0.103756

23 45 0.104794

24 45 0.105419

25 45 0.105627

26 45 0.105419

27 45 0.104794

28 45 0.103756

29 45 0.102309

30 45 0.100457

31 45 0.0982095

32 45 0.0955742

33 45 0.0925617

34 45 0.0891838

35 45 0.0854541

36 45 0.081387

37 45 0.0769988

38 45 0.0723067

39 45 0.0673292

40 45 0.062086

41 45 0.0565978

42 45 0.0508862

43 45 0.0449738

44 45 0.0388839

45 45 0.0326405

46 45 0.0262684

47 45 0.0197925

48 45 0.0132386

49 45 0.00663238

50 45 0

0 46 0

1 46 0.00533759

2 46 0.0106541

3 46 0.0159286

4 46 0.0211402

5 46 0.0262684

6 46 0.0312929

7 46 0.0361939

8 46 0.0409521

9 46 0.0455486

10 46 0.0499654

11 46 0.054185

12 46 0.0581908

13 46 0.0619669

14 46 0.0654984

15 46 0.0687715

16 46 0.0717731

17 46 0.0744915

18 46 0.0769159

19 46 0.0790368

20 46 0.0808457

21 46 0.0823356

22 46 0.0835005

23 46 0.0843359

24 46 0.0848385

25 46 0.0850062

26 46 0.0848385

27 46 0.0843359

28 46 0.0835005

29 46 0.0823356

30 46 0.0808457

31 46 0.0790368

32 46 0.0769159

33 46 0.0744915

34 46 0.0717731

35 46 0.0687715

36 46 0.0654984

37 46 0.0619669

38 46 0.0581908

39 46 0.054185

40 46 0.0499654

41 46 0.0455486

42 46 0.0409521

43 46 0.0361939

44 46 0.0312929

45 46 0.0262684

46 46 0.0211402

47 46 0.0159286

48 46 0.0106541

49 46 0.00533759

50 46 0

0 47 0

1 47 0.00402173

2 47 0.00802759

3 47 0.0120018

4 47 0.0159286

5 47 0.0197925

6 47 0.0235784

7 47 0.0272712

8 47 0.0308563

9 47 0.0343197

10 47 0.0376476

11 47 0.040827

12 47 0.0438452

13 47 0.0466904

14 47 0.0493514

15 47 0.0518175

16 47 0.0540792

17 47 0.0561274

18 47 0.0579541

19 47 0.0595522

20 47 0.0609151

21 47 0.0620377

22 47 0.0629155

23 47 0.0635449

24 47 0.0639236

25 47 0.06405

26 47 0.0639236

27 47 0.0635449

28 47 0.0629155

29 47 0.0620377

30 47 0.0609151

31 47 0.0595522

32 47 0.0579541

33 47 0.0561274

34 47 0.0540792

35 47 0.0518175

36 47 0.0493514

37 47 0.0466904

38 47 0.0438452

39 47 0.040827

40 47 0.0376476

41 47 0.0343197

42 47 0.0308563

43 47 0.0272712

44 47 0.0235784

45 47 0.0197925

46 47 0.0159286

47 47 0.0120018

48 47 0.00802759

49 47 0.00402173

50 47 0

0 48 0

1 48 0.00269

2 48 0.00536939

3 48 0.00802759

4 48 0.0106541

5 48 0.0132386

6 48 0.0157708

7 48 0.0182408

8 48 0.0206388

9 48 0.0229553

10 48 0.0251813

11 48 0.0273078

12 48 0.0293266

13 48 0.0312297

14 48 0.0330095

15 48 0.034659

16 48 0.0361718

17 48 0.0375418

18 48 0.0387636

19 48 0.0398325

20 48 0.0407441

21 48 0.041495

22 48 0.0420821

23 48 0.0425031

24 48 0.0427564

25 48 0.0428409

26 48 0.0427564

27 48 0.0425031

28 48 0.0420821

29 48 0.041495

30 48 0.0407441

31 48 0.0398325

32 48 0.0387636

33 48 0.0375418

34 48 0.0361718

35 48 0.034659

36 48 0.0330095

37 48 0.0312297

38 48 0.0293266

39 48 0.0273078

40 48 0.0251813

41 48 0.0229553

42 48 0.0206388

43 48 0.0182408

44 48 0.0157708

45 48 0.0132386

46 48 0.0106541

47 48 0.00802759

48 48 0.00536939

49 48 0.00269

50 48 0

0 49 0

1 49 0.00134766

2 49 0.00269

3 49 0.00402173

4 49 0.00533759

5 49 0.00663238

6 49 0.00790099

7 49 0.00913842

8 49 0.0103398

9 49 0.0115004

10 49 0.0126155

11 49 0.0136809

12 49 0.0146923

13 49 0.0156457

14 49 0.0165374

15 49 0.0173638

16 49 0.0181217

17 49 0.018808

18 49 0.0194201

19 49 0.0199556

20 49 0.0204124

21 49 0.0207885

22 49 0.0210827

23 49 0.0212936

24 49 0.0214205

25 49 0.0214628

26 49 0.0214205

27 49 0.0212936

28 49 0.0210827

29 49 0.0207885

30 49 0.0204124

31 49 0.0199556

32 49 0.0194201

33 49 0.018808

34 49 0.0181217

35 49 0.0173638

36 49 0.0165374

37 49 0.0156457

38 49 0.0146923

39 49 0.0136809

40 49 0.0126155

41 49 0.0115004

42 49 0.0103398

43 49 0.00913842

44 49 0.00790099

45 49 0.00663238

46 49 0.00533759

47 49 0.00402173

48 49 0.00269

49 49 0.00134766

50 49 0

