0 1 0

1 1 0.000219352

2 1 0.000437839

3 1 0.000654597

4 1 0.000868772

5 1 0.00107952

6 1 0.00128601

7 1 0.00148742

8 1 0.00168296

9 1 0.00187186

10 1 0.00205337

11 1 0.00222677

12 1 0.00239139

13 1 0.00254658

14 1 0.00269171

15 1 0.00282622

16 1 0.00294957

17 1 0.00306129

18 1 0.00316092

19 1 0.00324808

20 1 0.00332242

21 1 0.00338365

22 1 0.00343152

23 1 0.00346585

24 1 0.0034865

25 1 0.0034934

26 1 0.0034865

27 1 0.00346585

28 1 0.00343152

29 1 0.00338365

30 1 0.00332242

31 1 0.00324808

32 1 0.00316092

33 1 0.00306129

34 1 0.00294957

35 1 0.00282622

36 1 0.00269171

37 1 0.00254658

38 1 0.00239139

39 1 0.00222677

40 1 0.00205337

41 1 0.00187186

42 1 0.00168296

43 1 0.00148742

44 1 0.00128601

45 1 0.00107952

46 1 0.000868772

47 1 0.000654597

48 1 0.000437839

49 1 0.000219352

50 1 0

0 2 0

1 2 0.000437839

2 2 0.000873949

3 2 0.00130661

4 2 0.00173412

5 2 0.00215478

6 2 0.00256693

7 2 0.00296896

8 2 0.00335927

9 2 0.00373632

10 2 0.00409863

11 2 0.00444476

12 2 0.00477335

13 2 0.0050831

14 2 0.00537279

15 2 0.00564128

16 2 0.0058875

17 2 0.00611049

18 2 0.00630936

19 2 0.00648334

20 2 0.00663172

21 2 0.00675394

22 2 0.0068495

23 2 0.00691802

24 2 0.00695925

25 2 0.00697301

26 2 0.00695925

27 2 0.00691802

28 2 0.0068495

29 2 0.00675394

30 2 0.00663172

31 2 0.00648334

32 2 0.00630936

33 2 0.00611049

34 2 0.0058875

35 2 0.00564128

36 2 0.00537279

37 2 0.0050831

38 2 0.00477335

39 2 0.00444476

40 2 0.00409863

41 2 0.00373632

42 2 0.00335927

43 2 0.00296896

44 2 0.00256693

45 2 0.00215478

46 2 0.00173412

47 2 0.00130661

48 2 0.000873949

49 2 0.000437839

50 2 0

0 3 0

1 3 0.000654597

2 3 0.00130661

3 3 0.00195347

4 3 0.00259262

5 3 0.00322153

6 3 0.00383773

7 3 0.00443879

8 3 0.00502233

9 3 0.00558605

10 3 0.00612772

11 3 0.00664521

12 3 0.00713647

13 3 0.00759957

14 3 0.00803268

15 3 0.00843408

16 3 0.0088022

17 3 0.00913558

18 3 0.00943291

19 3 0.00969301

20 3 0.00991486

21 3 0.0100976

22 3 0.0102404

23 3 0.0103429

24 3 0.0104045

25 3 0.0104251

26 3 0.0104045

27 3 0.0103429

28 3 0.0102404

29 3 0.0100976

30 3 0.00991486

31 3 0.00969301

32 3 0.00943291

33 3 0.00913558

34 3 0.0088022

35 3 0.00843408

36 3 0.00803268

37 3 0.00759957

38 3 0.00713647

39 3 0.00664521

40 3 0.00612772

41 3 0.00558605

42 3 0.00502233

43 3 0.00443879

44 3 0.00383773

45 3 0.00322153

46 3 0.00259262

47 3 0.00195347

48 3 0.00130661

49 3 0.000654597

50 3 0

0 4 0

1 4 0.000868772

2 4 0.00173412

3 4 0.00259262

4 4 0.00344088

5 4 0.00427557

6 4 0.00509339

7 4 0.0058911

8 4 0.00666557

9 4 0.00741372

10 4 0.00813262

11 4 0.00881943

12 4 0.00947142

13 4 0.010086

14 4 0.0106609

15 4 0.0111936

16 4 0.0116822

17 4 0.0121246

18 4 0.0125192

19 4 0.0128644

20 4 0.0131589

21 4 0.0134014

22 4 0.013591

23 4 0.0137269

24 4 0.0138087

25 4 0.013836

26 4 0.0138087

27 4 0.0137269

28 4 0.013591

29 4 0.0134014

30 4 0.0131589

31 4 0.0128644

32 4 0.0125192

33 4 0.0121246

34 4 0.0116822

35 4 0.0111936

36 4 0.0106609

37 4 0.010086

38 4 0.00947142

39 4 0.00881943

40 4 0.00813262

41 4 0.00741372

42 4 0.00666557

43 4 0.0058911

44 4 0.00509339

45 4 0.00427557

46 4 0.00344088

47 4 0.00259262

48 4 0.00173412

49 4 0.000868772

50 4 0

0 5 0

1 5 0.00107952

2 5 0.00215478

3 5 0.00322153

4 5 0.00427557

5 5 0.00531274

6 5 0.00632894

7 5 0.00732016

8 5 0.0082825

9 5 0.00921214

10 5 0.0101054

11 5 0.0109588

12 5 0.011769

13 5 0.0125327

14 5 0.013247

15 5 0.0139089

16 5 0.014516

17 5 0.0150658

18 5 0.0155561

19 5 0.0159851

20 5 0.0163509

21 5 0.0166523

22 5 0.0168879

23 5 0.0170568

24 5 0.0171585

25 5 0.0171924

26 5 0.0171585

27 5 0.0170568

28 5 0.0168879

29 5 0.0166523

30 5 0.0163509

31 5 0.0159851

32 5 0.0155561

33 5 0.0150658

34 5 0.014516

35 5 0.0139089

36 5 0.013247

37 5 0.0125327

38 5 0.011769

39 5 0.0109588

40 5 0.0101054

41 5 0.00921214

42 5 0.0082825

43 5 0.00732016

44 5 0.00632894

45 5 0.00531274

46 5 0.00427557

47 5 0.00322153

48 5 0.00215478

49 5 0.00107952

50 5 0

0 6 0

1 6 0.00128601

2 6 0.00256693

3 6 0.00383773

4 6 0.00509339

5 6 0.00632894

6 6 0.00753951

7 6 0.00872033

8 6 0.00986674

9 6 0.0109742

10 6 0.0120384

11 6 0.013055

12 6 0.0140201

13 6 0.0149299

14 6 0.0157808

15 6 0.0165694

16 6 0.0172926

17 6 0.0179475

18 6 0.0185317

19 6 0.0190426

20 6 0.0194785

21 6 0.0198374

22 6 0.0201181

23 6 0.0203194

24 6 0.0204405

25 6 0.0204809

26 6 0.0204405

27 6 0.0203194

28 6 0.0201181

29 6 0.0198374

30 6 0.0194785

31 6 0.0190426

32 6 0.0185317

33 6 0.0179475

34 6 0.0172926

35 6 0.0165694

36 6 0.0157808

37 6 0.0149299

38 6 0.0140201

39 6 0.013055

40 6 0.0120384

41 6 0.0109742

42 6 0.00986674

43 6 0.00872033

44 6 0.00753951

45 6 0.00632894

46 6 0.00509339

47 6 0.00383773

48 6 0.00256693

49 6 0.00128601

50 6 0

0 7 0

1 7 0.00148742

2 7 0.00296896

3 7 0.00443879

4 7 0.0058911

5 7 0.00732016

6 7 0.00872033

7 7 0.0100861

8 7 0.011412

9 7 0.012693

10 7 0.0139238

11 7 0.0150996

12 7 0.0162159

13 7 0.0172682

14 7 0.0182523

15 7 0.0191644

16 7 0.0200009

17 7 0.0207584

18 7 0.021434

19 7 0.0220251

20 7 0.0225291

21 7 0.0229443

22 7 0.023269

23 7 0.0235018

24 7 0.0236418

25 7 0.0236885

26 7 0.0236418

27 7 0.0235018

28 7 0.023269

29 7 0.0229443

30 7 0.0225291

31 7 0.0220251

32 7 0.021434

33 7 0.0207584

34 7 0.0200009

35 7 0.0191644

36 7 0.0182523

37 7 0.0172682

38 7 0.0162159

39 7 0.0150996

40 7 0.0139238

41 7 0.012693

42 7 0.011412

43 7 0.0100861

44 7 0.00872033

45 7 0.00732016

46 7 0.0058911

47 7 0.00443879

48 7 0.00296896

49 7 0.00148742

50 7 0

0 8 0

1 8 0.00168296

2 8 0.00335927

3 8 0.00502233

4 8 0.00666557

5 8 0.0082825

6 8 0.00986674

7 8 0.011412

8 8 0.0129123

9 8 0.0143616

10 8 0.0157542

11 8 0.0170847

12 8 0.0183477

13 8 0.0195383

14 8 0.0206519

15 8 0.0216839

16 8 0.0226303

17 8 0.0234874

18 8 0.0242518

19 8 0.0249205

20 8 0.0254909

21 8 0.0259607

22 8 0.026328

23 8 0.0265914

24 8 0.0267498

25 8 0.0268027

26 8 0.0267498

27 8 0.0265914

28 8 0.026328

29 8 0.0259607

30 8 0.0254909

31 8 0.0249205

32 8 0.0242518

33 8 0.0234874

34 8 0.0226303

35 8 0.0216839

36 8 0.0206519

37 8 0.0195383

38 8 0.0183477

39 8 0.0170847

40 8 0.0157542

41 8 0.0143616

42 8 0.0129123

43 8 0.011412

44 8 0.00986674

45 8 0.0082825

46 8 0.00666557

47 8 0.00502233

48 8 0.00335927

49 8 0.00168296

50 8 0

0 9 0

1 9 0.00187186

2 9 0.00373632

3 9 0.00558605

4 9 0.00741372

5 9 0.00921214

6 9 0.0109742

7 9 0.012693

8 9 0.0143616

9 9 0.0159736

10 9 0.0175225

11 9 0.0190023

12 9 0.0204071

13 9 0.0217314

14 9 0.0229699

15 9 0.0241177

16 9 0.0251704

17 9 0.0261237

18 9 0.0269739

19 9 0.0277177

20 9 0.0283521

21 9 0.0288745

22 9 0.0292831

23 9 0.029576

24 9 0.0297523

25 9 0.0298111

26 9 0.0297523

27 9 0.029576

28 9 0.0292831

29 9 0.0288745

30 9 0.0283521

31 9 0.0277177

32 9 0.0269739

33 9 0.0261237

34 9 0.0251704

35 9 0.0241177

36 9 0.0229699

37 9 0.0217314

38 9 0.0204071

39 9 0.0190023

40 9 0.0175225

41 9 0.0159736

42 9 0.0143616

43 9 0.012693

44 9 0.0109742

45 9 0.00921214

46 9 0.00741372

47 9 0.00558605

48 9 0.00373632

49 9 0.00187186

50 9 0

0 10 0

1 10 0.00205337

2 10 0.00409863

3 10 0.00612772

4 10 0.00813262

5 10 0.0101054

6 10 0.0120384

7 10 0.0139238

8 10 0.0157542

9 10 0.0175225

10 10 0.0192217

11 10 0.020845

12 10 0.022386

13 10 0.0238386

14 10 0.0251972

15 10 0.0264564

16 10 0.0276111

17 10 0.0286569

18 10 0.0295895

19 10 0.0304054

20 10 0.0311013

21 10 0.0316745

22 10 0.0321226

23 10 0.032444

24 10 0.0326373

25 10 0.0327019

26 10 0.0326373

27 10 0.032444

28 10 0.0321226

29 10 0.0316745

30 10 0.0311013

31 10 0.0304054

32 10 0.0295895

33 10 0.0286569

34 10 0.0276111

35 10 0.0264564

36 10 0.0251972

37 10 0.0238386

38 10 0.022386

39 10 0.020845

40 10 0.0192217

41 10 0.0175225

42 10 0.0157542

43 10 0.0139238

44 10 0.0120384

45 10 0.0101054

46 10 0.00813262

47 10 0.00612772

48 10 0.00409863

49 10 0.00205337

50 10 0

0 11 0

1 11 0.00222677

2 11 0.00444476

3 11 0.00664521

4 11 0.00881943

5 11 0.0109588

6 11 0.013055

7 11 0.0150996

8 11 0.0170847

9 11 0.0190023

10 11 0.020845

11 11 0.0226053

12 11 0.0242765

13 11 0.0258518

14 11 0.0273251

15 11 0.0286906

16 11 0.0299429

17 11 0.0310769

18 11 0.0320884

19 11 0.0329732

20 11 0.0337278

21 11 0.0343494

22 11 0.0348354

23 11 0.0351839

24 11 0.0353936

25 11 0.0354636

26 11 0.0353936

27 11 0.0351839

28 11 0.0348354

29 11 0.0343494

30 11 0.0337278

31 11 0.0329732

32 11 0.0320884

33 11 0.0310769

34 11 0.0299429

35 11 0.0286906

36 11 0.0273251

37 11 0.0258518

38 11 0.0242765

39 11 0.0226053

40 11 0.020845

41 11 0.0190023

42 11 0.0170847

43 11 0.0150996

44 11 0.013055

45 11 0.0109588

46 11 0.00881943

47 11 0.00664521

48 11 0.00444476

49 11 0.00222677

50 11 0

0 12 0

1 12 0.00239139

2 12 0.00477335

3 12 0.00713647

4 12 0.00947142

5 12 0.011769

6 12 0.0140201

7 12 0.0162159

8 12 0.0183477

9 12 0.0204071

10 12 0.022386

11 12 0.0242765

12 12 0.0260712

13 12 0.027763

14 12 0.0293452

15 12 0.0308116

16 12 0.0321565

17 12 0.0333744

18 12 0.0344606

19 12 0.0354108

20 12 0.0362213

21 12 0.0368888

22 12 0.0374107

23 12 0.037785

24 12 0.0380101

25 12 0.0380853

26 12 0.0380101

27 12 0.037785

28 12 0.0374107

29 12 0.0368888

30 12 0.0362213

31 12 0.0354108

32 12 0.0344606

33 12 0.0333744

34 12 0.0321565

35 12 0.0308116

36 12 0.0293452

37 12 0.027763

38 12 0.0260712

39 12 0.0242765

40 12 0.022386

41 12 0.0204071

42 12 0.0183477

43 12 0.0162159

44 12 0.0140201

45 12 0.011769

46 12 0.00947142

47 12 0.00713647

48 12 0.00477335

49 12 0.00239139

50 12 0

0 13 0

1 13 0.00254658

2 13 0.0050831

3 13 0.00759957

4 13 0.010086

5 13 0.0125327

6 13 0.0149299

7 13 0.0172682

8 13 0.0195383

9 13 0.0217314

10 13 0.0238386

11 13 0.0258518

12 13 0.027763

13 13 0.0295646

14 13 0.0312495

15 13 0.0328111

16 13 0.0342432

17 13 0.0355401

18 13 0.0366968

19 13 0.0377087

20 13 0.0385717

21 13 0.0392825

22 13 0.0398383

23 13 0.0402369

24 13 0.0404767

25 13 0.0405567

26 13 0.0404767

27 13 0.0402369

28 13 0.0398383

29 13 0.0392825

30 13 0.0385717

31 13 0.0377087

32 13 0.0366968

33 13 0.0355401

34 13 0.0342432

35 13 0.0328111

36 13 0.0312495

37 13 0.0295646

38 13 0.027763

39 13 0.0258518

40 13 0.0238386

41 13 0.0217314

42 13 0.0195383

43 13 0.0172682

44 13 0.0149299

45 13 0.0125327

46 13 0.010086

47 13 0.00759957

48 13 0.0050831

49 13 0.00254658

50 13 0

0 14 0

1 14 0.00269171

2 14 0.00537279

3 14 0.00803268

4 14 0.0106609

5 14 0.013247

6 14 0.0157808

7 14 0.0182523

8 14 0.0206519

9 14 0.0229699

10 14 0.0251972

11 14 0.0273251

12 14 0.0293452

13 14 0.0312495

14 14 0.0330304

15 14 0.034681

16 14 0.0361947

17 14 0.0375656

18 14 0.0387882

19 14 0.0398577

20 14 0.04077

21 14 0.0415213

22 14 0.0421088

23 14 0.04253

24 14 0.0427835

25 14 0.0428681

26 14 0.0427835

27 14 0.04253

28 14 0.0421088

29 14 0.0415213

30 14 0.04077

31 14 0.0398577

32 14 0.0387882

33 14 0.0375656

34 14 0.0361947

35 14 0.034681

36 14 0.0330304

37 14 0.0312495

38 14 0.0293452

39 14 0.0273251

40 14 0.0251972

41 14 0.0229699

42 14 0.0206519

43 14 0.0182523

44 14 0.0157808

45 14 0.013247

46 14 0.0106609

47 14 0.00803268

48 14 0.00537279

49 14 0.00269171

50 14 0

0 15 0

1 15 0.00282622

2 15 0.00564128

3 15 0.00843408

4 15 0.0111936

5 15 0.0139089

6 15 0.0165694

7 15 0.0191644

8 15 0.0216839

9 15 0.0241177

10 15 0.0264564

11 15 0.0286906

12 15 0.0308116

13 15 0.0328111

14 15 0.034681

15 15 0.0364141

16 15 0.0380034

17 15 0.0394428

18 15 0.0407265

19 15 0.0418495

20 15 0.0428073

21 15 0.0435962

22 15 0.044213

23 15 0.0446553

24 15 0.0449214

25 15 0.0450103

26 15 0.0449214

27 15 0.0446553

28 15 0.044213

29 15 0.0435962

30 15 0.0428073

31 15 0.0418495

32 15 0.0407265

33 15 0.0394428

34 15 0.0380034

35 15 0.0364141

36 15 0.034681

37 15 0.0328111

38 15 0.0308116

39 15 0.0286906

40 15 0.0264564

41 15 0.0241177

42 15 0.0216839

43 15 0.0191644

44 15 0.0165694

45 15 0.0139089

46 15 0.0111936

47 15 0.00843408

48 15 0.00564128

49 15 0.00282622

50 15 0

0 16 0

1 16 0.00294957

2 16 0.0058875

3 16 0.0088022

4 16 0.0116822

5 16 0.014516

6 16 0.0172926

7 16 0.0200009

8 16 0.0226303

9 16 0.0251704

10 16 0.0276111

11 16 0.0299429

12 16 0.0321565

13 16 0.0342432

14 16 0.0361947

15 16 0.0380034

16 16 0.0396621

17 16 0.0411643

18 16 0.0425041

19 16 0.0436761

20 16 0.0446757

21 16 0.045499

22 16 0.0461428

23 16 0.0466044

24 16 0.0468821

25 16 0.0469748

26 16 0.0468821

27 16 0.0466044

28 16 0.0461428

29 16 0.045499

30 16 0.0446757

31 16 0.0436761

32 16 0.0425041

33 16 0.0411643

34 16 0.0396621

35 16 0.0380034

36 16 0.0361947

37 16 0.0342432

38 16 0.0321565

39 16 0.0299429

40 16 0.0276111

41 16 0.0251704

42 16 0.0226303

43 16 0.0200009

44 16 0.0172926

45 16 0.014516

46 16 0.0116822

47 16 0.0088022

48 16 0.0058875

49 16 0.00294957

50 16 0

0 17 0

1 17 0.00306129

2 17 0.00611049

3 17 0.00913558

4 17 0.0121246

5 17 0.0150658

6 17 0.0179475

7 17 0.0207584

8 17 0.0234874

9 17 0.0261237

10 17 0.0286569

11 17 0.0310769

12 17 0.0333744

13 17 0.0355401

14 17 0.0375656

15 17 0.0394428

16 17 0.0411643

17 17 0.0427234

18 17 0.0441139

19 17 0.0453303

20 17 0.0463678

21 17 0.0472223

22 17 0.0478904

23 17 0.0483695

24 17 0.0486578

25 17 0.048754

26 17 0.0486578

27 17 0.0483695

28 17 0.0478904

29 17 0.0472223

30 17 0.0463678

31 17 0.0453303

32 17 0.0441139

33 17 0.0427234

34 17 0.0411643

35 17 0.0394428

36 17 0.0375656

37 17 0.0355401

38 17 0.0333744

39 17 0.0310769

40 17 0.0286569

41 17 0.0261237

42 17 0.0234874

43 17 0.0207584

44 17 0.0179475

45 17 0.0150658

46 17 0.0121246

47 17 0.00913558

48 17 0.00611049

49 17 0.00306129

50 17 0

0 18 0

1 18 0.00316092

2 18 0.00630936

3 18 0.00943291

4 18 0.0125192

5 18 0.0155561

6 18 0.0185317

7 18 0.021434

8 18 0.0242518

9 18 0.0269739

10 18 0.0295895

11 18 0.0320884

12 18 0.0344606

13 18 0.0366968

14 18 0.0387882

15 18 0.0407265

16 18 0.0425041

17 18 0.0441139

18 18 0.0455496

19 18 0.0468056

20 18 0.0478769

21 18 0.0487592

22 18 0.049449

23 18 0.0499438

24 18 0.0502414

25 18 0.0503407

26 18 0.0502414

27 18 0.0499438

28 18 0.049449

29 18 0.0487592

30 18 0.0478769

31 18 0.0468056

32 18 0.0455496

33 18 0.0441139

34 18 0.0425041

35 18 0.0407265

36 18 0.0387882

37 18 0.0366968

38 18 0.0344606

39 18 0.0320884

40 18 0.0295895

41 18 0.0269739

42 18 0.0242518

43 18 0.021434

44 18 0.0185317

45 18 0.0155561

46 18 0.0125192

47 18 0.00943291

48 18 0.00630936

49 18 0.00316092

50 18 0

0 19 0

1 19 0.00324808

2 19 0.00648334

3 19 0.00969301

4 19 0.0128644

5 19 0.0159851

6 19 0.0190426

7 19 0.0220251

8 19 0.0249205

9 19 0.0277177

10 19 0.0304054

11 19 0.0329732

12 19 0.0354108

13 19 0.0377087

14 19 0.0398577

15 19 0.0418495

16 19 0.0436761

17 19 0.0453303

18 19 0.0468056

19 19 0.0480962

20 19 0.049197

21 19 0.0501036

22 19 0.0508125

23 19 0.0513209

24 19 0.0516267

25 19 0.0517288

26 19 0.0516267

27 19 0.0513209

28 19 0.0508125

29 19 0.0501036

30 19 0.049197

31 19 0.0480962

32 19 0.0468056

33 19 0.0453303

34 19 0.0436761

35 19 0.0418495

36 19 0.0398577

37 19 0.0377087

38 19 0.0354108

39 19 0.0329732

40 19 0.0304054

41 19 0.0277177

42 19 0.0249205

43 19 0.0220251

44 19 0.0190426

45 19 0.0159851

46 19 0.0128644

47 19 0.00969301

48 19 0.00648334

49 19 0.00324808

50 19 0

0 20 0

1 20 0.00332242

2 20 0.00663172

3 20 0.00991486

4 20 0.0131589

5 20 0.0163509

6 20 0.0194785

7 20 0.0225291

8 20 0.0254909

9 20 0.0283521

10 20 0.0311013

11 20 0.0337278

12 20 0.0362213

13 20 0.0385717

14 20 0.04077

15 20 0.0428073

16 20 0.0446757

17 20 0.0463678

18 20 0.0478769

19 20 0.049197

20 20 0.050323

21 20 0.0512504

22 20 0.0519755

23 20 0.0524955

24 20 0.0528083

25 20 0.0529127

26 20 0.0528083

27 20 0.0524955

28 20 0.0519755

29 20 0.0512504

30 20 0.050323

31 20 0.049197

32 20 0.0478769

33 20 0.0463678

34 20 0.0446757

35 20 0.0428073

36 20 0.04077

37 20 0.0385717

38 20 0.0362213

39 20 0.0337278

40 20 0.0311013

41 20 0.0283521

42 20 0.0254909

43 20 0.0225291

44 20 0.0194785

45 20 0.0163509

46 20 0.0131589

47 20 0.00991486

48 20 0.00663172

49 20 0.00332242

50 20 0

0 21 0

1 21 0.00338365

2 21 0.00675394

3 21 0.0100976

4 21 0.0134014

5 21 0.0166523

6 21 0.0198374

7 21 0.0229443

8 21 0.0259607

9 21 0.0288745

10 21 0.0316745

11 21 0.0343494

12 21 0.0368888

13 21 0.0392825

14 21 0.0415213

15 21 0.0435962

16 21 0.045499

17 21 0.0472223

18 21 0.0487592

19 21 0.0501036

20 21 0.0512504

21 21 0.0521949

22 21 0.0529333

23 21 0.0534629

24 21 0.0537815

25 21 0.0538878

26 21 0.0537815

27 21 0.0534629

28 21 0.0529333

29 21 0.0521949

30 21 0.0512504

31 21 0.0501036

32 21 0.0487592

33 21 0.0472223

34 21 0.045499

35 21 0.0435962

36 21 0.0415213

37 21 0.0392825

38 21 0.0368888

39 21 0.0343494

40 21 0.0316745

41 21 0.0288745

42 21 0.0259607

43 21 0.0229443

44 21 0.0198374

45 21 0.0166523

46 21 0.0134014

47 21 0.0100976

48 21 0.00675394

49 21 0.00338365

50 21 0

0 22 0

1 22 0.00343152

2 22 0.0068495

3 22 0.0102404

4 22 0.013591

5 22 0.0168879

6 22 0.0201181

7 22 0.023269

8 22 0.026328

9 22 0.0292831

10 22 0.0321226

11 22 0.0348354

12 22 0.0374107

13 22 0.0398383

14 22 0.0421088

15 22 0.044213

16 22 0.0461428

17 22 0.0478904

18 22 0.049449

19 22 0.0508125

20 22 0.0519755

21 22 0.0529333

22 22 0.0536823

23 22 0.0542193

24 22 0.0545424

25 22 0.0546503

26 22 0.0545424

27 22 0.0542193

28 22 0.0536823

29 22 0.0529333

30 22 0.0519755

31 22 0.0508125

32 22 0.049449

33 22 0.0478904

34 22 0.0461428

35 22 0.044213

36 22 0.0421088

37 22 0.0398383

38 22 0.0374107

39 22 0.0348354

40 22 0.0321226

41 22 0.0292831

42 22 0.026328

43 22 0.023269

44 22 0.0201181

45 22 0.0168879

46 22 0.013591

47 22 0.0102404

48 22 0.0068495

49 22 0.00343152

50 22 0

0 23 0

1 23 0.00346585

2 23 0.00691802

3 23 0.0103429

4 23 0.0137269

5 23 0.0170568

6 23 0.0203194

7 23 0.0235018

8 23 0.0265914

9 23 0.029576

10 23 0.032444

11 23 0.0351839

12 23 0.037785

13 23 0.0402369

14 23 0.04253

15 23 0.0446553

16 23 0.0466044

17 23 0.0483695

18 23 0.0499438

19 23 0.0513209

20 23 0.0524955

21 23 0.0534629

22 23 0.0542193

23 23 0.0547618

24 23 0.0550881

25 23 0.055197

26 23 0.0550881

27 23 0.0547618

28 23 0.0542193

29 23 0.0534629

30 23 0.0524955

31 23 0.0513209

32 23 0.0499438

33 23 0.0483695

34 23 0.0466044

35 23 0.0446553

36 23 0.04253

37 23 0.0402369

38 23 0.037785

39 23 0.0351839

40 23 0.032444

41 23 0.029576

42 23 0.0265914

43 23 0.0235018

44 23 0.0203194

45 23 0.0170568

46 23 0.0137269

47 23 0.0103429

48 23 0.00691802

49 23 0.00346585

50 23 0

0 24 0

1 24 0.0034865

2 24 0.00695925

3 24 0.0104045

4 24 0.0138087

5 24 0.0171585

6 24 0.0204405

7 24 0.0236418

8 24 0.0267498

9 24 0.0297523

10 24 0.0326373

11 24 0.0353936

12 24 0.0380101

13 24 0.0404767

14 24 0.0427835

15 24 0.0449214

16 24 0.0468821

17 24 0.0486578

18 24 0.0502414

19 24 0.0516267

20 24 0.0528083

21 24 0.0537815

22 24 0.0545424

23 24 0.0550881

24 24 0.0554164

25 24 0.055526

26 24 0.0554164

27 24 0.0550881

28 24 0.0545424

29 24 0.0537815

30 24 0.0528083

31 24 0.0516267

32 24 0.0502414

33 24 0.0486578

34 24 0.0468821

35 24 0.0449214

36 24 0.0427835

37 24 0.0404767

38 24 0.0380101

39 24 0.0353936

40 24 0.0326373

41 24 0.0297523

42 24 0.0267498

43 24 0.0236418

44 24 0.0204405

45 24 0.0171585

46 24 0.0138087

47 24 0.0104045

48 24 0.00695925

49 24 0.0034865

50 24 0

0 25 0

1 25 0.0034934

2 25 0.00697301

3 25 0.0104251

4 25 0.013836

5 25 0.0171924

6 25 0.0204809

7 25 0.0236885

8 25 0.0268027

9 25 0.0298111

10 25 0.0327019

11 25 0.0354636

12 25 0.0380853

13 25 0.0405567

14 25 0.0428681

15 25 0.0450103

16 25 0.0469748

17 25 0.048754

18 25 0.0503407

19 25 0.0517288

20 25 0.0529127

21 25 0.0538878

22 25 0.0546503

23 25 0.055197

24 25 0.055526

25 25 0.0556357

26 25 0.055526

27 25 0.055197

28 25 0.0546503

29 25 0.0538878

30 25 0.0529127

31 25 0.0517288

32 25 0.0503407

33 25 0.048754

34 25 0.0469748

35 25 0.0450103

36 25 0.0428681

37 25 0.0405567

38 25 0.0380853

39 25 0.0354636

40 25 0.0327019

41 25 0.0298111

42 25 0.0268027

43 25 0.0236885

44 25 0.0204809

45 25 0.0171924

46 25 0.013836

47 25 0.0104251

48 25 0.00697301

49 25 0.0034934

50 25 0

0 26 0

1 26 0.0034865

2 26 0.00695925

3 26 0.0104045

4 26 0.0138087

5 26 0.0171585

6 26 0.0204405

7 26 0.0236418

8 26 0.0267498

9 26 0.0297523

10 26 0.0326373

11 26 0.0353936

12 26 0.0380101

13 26 0.0404767

14 26 0.0427835

15 26 0.0449214

16 26 0.0468821

17 26 0.0486578

18 26 0.0502414

19 26 0.0516267

20 26 0.0528083

21 26 0.0537815

22 26 0.0545424

23 26 0.0550881

24 26 0.0554164

25 26 0.055526

26 26 0.0554164

27 26 0.0550881

28 26 0.0545424

29 26 0.0537815

30 26 0.0528083

31 26 0.0516267

32 26 0.0502414

33 26 0.0486578

34 26 0.0468821

35 26 0.0449214

36 26 0.0427835

37 26 0.0404767

38 26 0.0380101

39 26 0.0353936

40 26 0.0326373

41 26 0.0297523

42 26 0.0267498

43 26 0.0236418

44 26 0.0204405

45 26 0.0171585

46 26 0.0138087

47 26 0.0104045

48 26 0.00695925

49 26 0.0034865

50 26 0

0 27 0

1 27 0.00346585

2 27 0.00691802

3 27 0.0103429

4 27 0.0137269

5 27 0.0170568

6 27 0.0203194

7 27 0.0235018

8 27 0.0265914

9 27 0.029576

10 27 0.032444

11 27 0.0351839

12 27 0.037785

13 27 0.0402369

14 27 0.04253

15 27 0.0446553

16 27 0.0466044

17 27 0.0483695

18 27 0.0499438

19 27 0.0513209

20 27 0.0524955

21 27 0.0534629

22 27 0.0542193

23 27 0.0547618

24 27 0.0550881

25 27 0.055197

26 27 0.0550881

27 27 0.0547618

28 27 0.0542193

29 27 0.0534629

30 27 0.0524955

31 27 0.0513209

32 27 0.0499438

33 27 0.0483695

34 27 0.0466044

35 27 0.0446553

36 27 0.04253

37 27 0.0402369

38 27 0.037785

39 27 0.0351839

40 27 0.032444

41 27 0.029576

42 27 0.0265914

43 27 0.0235018

44 27 0.0203194

45 27 0.0170568

46 27 0.0137269

47 27 0.0103429

48 27 0.00691802

49 27 0.00346585

50 27 0

0 28 0

1 28 0.00343152

2 28 0.0068495

3 28 0.0102404

4 28 0.013591

5 28 0.0168879

6 28 0.0201181

7 28 0.023269

8 28 0.026328

9 28 0.0292831

10 28 0.0321226

11 28 0.0348354

12 28 0.0374107

13 28 0.0398383

14 28 0.0421088

15 28 0.044213

16 28 0.0461428

17 28 0.0478904

18 28 0.049449

19 28 0.0508125

20 28 0.0519755

21 28 0.0529333

22 28 0.0536823

23 28 0.0542193

24 28 0.0545424

25 28 0.0546503

26 28 0.0545424

27 28 0.0542193

28 28 0.0536823

29 28 0.0529333

30 28 0.0519755

31 28 0.0508125

32 28 0.049449

33 28 0.0478904

34 28 0.0461428

35 28 0.044213

36 28 0.0421088

37 28 0.0398383

38 28 0.0374107

39 28 0.0348354

40 28 0.0321226

41 28 0.0292831

42 28 0.026328

43 28 0.023269

44 28 0.0201181

45 28 0.0168879

46 28 0.013591

47 28 0.0102404

48 28 0.0068495

49 28 0.00343152

50 28 0

0 29 0

1 29 0.00338365

2 29 0.00675394

3 29 0.0100976

4 29 0.0134014

5 29 0.0166523

6 29 0.0198374

7 29 0.0229443

8 29 0.0259607

9 29 0.0288745

10 29 0.0316745

11 29 0.0343494

12 29 0.0368888

13 29 0.0392825

14 29 0.0415213

15 29 0.0435962

16 29 0.045499

17 29 0.0472223

18 29 0.0487592

19 29 0.0501036

20 29 0.0512504

21 29 0.0521949

22 29 0.0529333

23 29 0.0534629

24 29 0.0537815

25 29 0.0538878

26 29 0.0537815

27 29 0.0534629

28 29 0.0529333

29 29 0.0521949

30 29 0.0512504

31 29 0.0501036

32 29 0.0487592

33 29 0.0472223

34 29 0.045499

35 29 0.0435962

36 29 0.0415213

37 29 0.0392825

38 29 0.0368888

39 29 0.0343494

40 29 0.0316745

41 29 0.0288745

42 29 0.0259607

43 29 0.0229443

44 29 0.0198374

45 29 0.0166523

46 29 0.0134014

47 29 0.0100976

48 29 0.00675394

49 29 0.00338365

50 29 0

0 30 0

1 30 0.00332242

2 30 0.00663172

3 30 0.00991486

4 30 0.0131589

5 30 0.0163509

6 30 0.0194785

7 30 0.0225291

8 30 0.0254909

9 30 0.0283521

10 30 0.0311013

11 30 0.0337278

12 30 0.0362213

13 30 0.0385717

14 30 0.04077

15 30 0.0428073

16 30 0.0446757

17 30 0.0463678

18 30 0.0478769

19 30 0.049197

20 30 0.050323

21 30 0.0512504

22 30 0.0519755

23 30 0.0524955

24 30 0.0528083

25 30 0.0529127

26 30 0.0528083

27 30 0.0524955

28 30 0.0519755

29 30 0.0512504

30 30 0.050323

31 30 0.049197

32 30 0.0478769

33 30 0.0463678

34 30 0.0446757

35 30 0.0428073

36 30 0.04077

37 30 0.0385717

38 30 0.0362213

39 30 0.0337278

40 30 0.0311013

41 30 0.0283521

42 30 0.0254909

43 30 0.0225291

44 30 0.0194785

45 30 0.0163509

46 30 0.0131589

47 30 0.00991486

48 30 0.00663172

49 30 0.00332242

50 30 0

0 31 0

1 31 0.00324808

2 31 0.00648334

3 31 0.00969301

4 31 0.0128644

5 31 0.0159851

6 31 0.0190426

7 31 0.0220251

8 31 0.0249205

9 31 0.0277177

10 31 0.0304054

11 31 0.0329732

12 31 0.0354108

13 31 0.0377087

14 31 0.0398577

15 31 0.0418495

16 31 0.0436761

17 31 0.0453303

18 31 0.0468056

19 31 0.0480962

20 31 0.049197

21 31 0.0501036

22 31 0.0508125

23 31 0.0513209

24 31 0.0516267

25 31 0.0517288

26 31 0.0516267

27 31 0.0513209

28 31 0.0508125

29 31 0.0501036

30 31 0.049197

31 31 0.0480962

32 31 0.0468056

33 31 0.0453303

34 31 0.0436761

35 31 0.0418495

36 31 0.0398577

37 31 0.0377087

38 31 0.0354108

39 31 0.0329732

40 31 0.0304054

41 31 0.0277177

42 31 0.0249205

43 31 0.0220251

44 31 0.0190426

45 31 0.0159851

46 31 0.0128644

47 31 0.00969301

48 31 0.00648334

49 31 0.00324808

50 31 0

0 32 0

1 32 0.00316092

2 32 0.00630936

3 32 0.00943291

4 32 0.0125192

5 32 0.0155561

6 32 0.0185317

7 32 0.021434

8 32 0.0242518

9 32 0.0269739

10 32 0.0295895

11 32 0.0320884

12 32 0.0344606

13 32 0.0366968

14 32 0.0387882

15 32 0.0407265

16 32 0.0425041

17 32 0.0441139

18 32 0.0455496

19 32 0.0468056

20 32 0.0478769

21 32 0.0487592

22 32 0.049449

23 32 0.0499438

24 32 0.0502414

25 32 0.0503407

26 32 0.0502414

27 32 0.0499438

28 32 0.049449

29 32 0.0487592

30 32 0.0478769

31 32 0.0468056

32 32 0.0455496

33 32 0.0441139

34 32 0.0425041

35 32 0.0407265

36 32 0.0387882

37 32 0.0366968

38 32 0.0344606

39 32 0.0320884

40 32 0.0295895

41 32 0.0269739

42 32 0.0242518

43 32 0.021434

44 32 0.0185317

45 32 0.0155561

46 32 0.0125192

47 32 0.00943291

48 32 0.00630936

49 32 0.00316092

50 32 0

0 33 0

1 33 0.00306129

2 33 0.00611049

3 33 0.00913558

4 33 0.0121246

5 33 0.0150658

6 33 0.0179475

7 33 0.0207584

8 33 0.0234874

9 33 0.0261237

10 33 0.0286569

11 33 0.0310769

12 33 0.0333744

13 33 0.0355401

14 33 0.0375656

15 33 0.0394428

16 33 0.0411643

17 33 0.0427234

18 33 0.0441139

19 33 0.0453303

20 33 0.0463678

21 33 0.0472223

22 33 0.0478904

23 33 0.0483695

24 33 0.0486578

25 33 0.048754

26 33 0.0486578

27 33 0.0483695

28 33 0.0478904

29 33 0.0472223

30 33 0.0463678

31 33 0.0453303

32 33 0.0441139

33 33 0.0427234

34 33 0.0411643

35 33 0.0394428

36 33 0.0375656

37 33 0.0355401

38 33 0.0333744

39 33 0.0310769

40 33 0.0286569

41 33 0.0261237

42 33 0.0234874

43 33 0.0207584

44 33 0.0179475

45 33 0.0150658

46 33 0.0121246

47 33 0.00913558

48 33 0.00611049

49 33 0.00306129

50 33 0

0 34 0

1 34 0.00294957

2 34 0.0058875

3 34 0.0088022

4 34 0.0116822

5 34 0.014516

6 34 0.0172926

7 34 0.0200009

8 34 0.0226303

9 34 0.0251704

10 34 0.0276111

11 34 0.0299429

12 34 0.0321565

13 34 0.0342432

14 34 0.0361947

15 34 0.0380034

16 34 0.0396621

17 34 0.0411643

18 34 0.0425041

19 34 0.0436761

20 34 0.0446757

21 34 0.045499

22 34 0.0461428

23 34 0.0466044

24 34 0.0468821

25 34 0.0469748

26 34 0.0468821

27 34 0.0466044

28 34 0.0461428

29 34 0.045499

30 34 0.0446757

31 34 0.0436761

32 34 0.0425041

33 34 0.0411643

34 34 0.0396621

35 34 0.0380034

36 34 0.0361947

37 34 0.0342432

38 34 0.0321565

39 34 0.0299429

40 34 0.0276111

41 34 0.0251704

42 34 0.0226303

43 34 0.0200009

44 34 0.0172926

45 34 0.014516

46 34 0.0116822

47 34 0.0088022

48 34 0.0058875

49 34 0.00294957

50 34 0

0 35 0

1 35 0.00282622

2 35 0.00564128

3 35 0.00843408

4 35 0.0111936

5 35 0.0139089

6 35 0.0165694

7 35 0.0191644

8 35 0.0216839

9 35 0.0241177

10 35 0.0264564

11 35 0.0286906

12 35 0.0308116

13 35 0.0328111

14 35 0.034681

15 35 0.0364141

16 35 0.0380034

17 35 0.0394428

18 35 0.0407265

19 35 0.0418495

20 35 0.0428073

21 35 0.0435962

22 35 0.044213

23 35 0.0446553

24 35 0.0449214

25 35 0.0450103

26 35 0.0449214

27 35 0.0446553

28 35 0.044213

29 35 0.0435962

30 35 0.0428073

31 35 0.0418495

32 35 0.0407265

33 35 0.0394428

34 35 0.0380034

35 35 0.0364141

36 35 0.034681

37 35 0.0328111

38 35 0.0308116

39 35 0.0286906

40 35 0.0264564

41 35 0.0241177

42 35 0.0216839

43 35 0.0191644

44 35 0.0165694

45 35 0.0139089

46 35 0.0111936

47 35 0.00843408

48 35 0.00564128

49 35 0.00282622

50 35 0

0 36 0

1 36 0.00269171

2 36 0.00537279

3 36 0.00803268

4 36 0.0106609

5 36 0.013247

6 36 0.0157808

7 36 0.0182523

8 36 0.0206519

9 36 0.0229699

10 36 0.0251972

11 36 0.0273251

12 36 0.0293452

13 36 0.0312495

14 36 0.0330304

15 36 0.034681

16 36 0.0361947

17 36 0.0375656

18 36 0.0387882

19 36 0.0398577

20 36 0.04077

21 36 0.0415213

22 36 0.0421088

23 36 0.04253

24 36 0.0427835

25 36 0.0428681

26 36 0.0427835

27 36 0.04253

28 36 0.0421088

29 36 0.0415213

30 36 0.04077

31 36 0.0398577

32 36 0.0387882

33 36 0.0375656

34 36 0.0361947

35 36 0.034681

36 36 0.0330304

37 36 0.0312495

38 36 0.0293452

39 36 0.0273251

40 36 0.0251972

41 36 0.0229699

42 36 0.0206519

43 36 0.0182523

44 36 0.0157808

45 36 0.013247

46 36 0.0106609

47 36 0.00803268

48 36 0.00537279

49 36 0.00269171

50 36 0

0 37 0

1 37 0.00254658

2 37 0.0050831

3 37 0.00759957

4 37 0.010086

5 37 0.0125327

6 37 0.0149299

7 37 0.0172682

8 37 0.0195383

9 37 0.0217314

10 37 0.0238386

11 37 0.0258518

12 37 0.027763

13 37 0.0295646

14 37 0.0312495

15 37 0.0328111

16 37 0.0342432

17 37 0.0355401

18 37 0.0366968

19 37 0.0377087

20 37 0.0385717

21 37 0.0392825

22 37 0.0398383

23 37 0.0402369

24 37 0.0404767

25 37 0.0405567

26 37 0.0404767

27 37 0.0402369

28 37 0.0398383

29 37 0.0392825

30 37 0.0385717

31 37 0.0377087

32 37 0.0366968

33 37 0.0355401

34 37 0.0342432

35 37 0.0328111

36 37 0.0312495

37 37 0.0295646

38 37 0.027763

39 37 0.0258518

40 37 0.0238386

41 37 0.0217314

42 37 0.0195383

43 37 0.0172682

44 37 0.0149299

45 37 0.0125327

46 37 0.010086

47 37 0.00759957

48 37 0.0050831

49 37 0.00254658

50 37 0

0 38 0

1 38 0.00239139

2 38 0.00477335

3 38 0.00713647

4 38 0.00947142

5 38 0.011769

6 38 0.0140201

7 38 0.0162159

8 38 0.0183477

9 38 0.0204071

10 38 0.022386

11 38 0.0242765

12 38 0.0260712

13 38 0.027763

14 38 0.0293452

15 38 0.0308116

16 38 0.0321565

17 38 0.0333744

18 38 0.0344606

19 38 0.0354108

20 38 0.0362213

21 38 0.0368888

22 38 0.0374107

23 38 0.037785

24 38 0.0380101

25 38 0.0380853

26 38 0.0380101

27 38 0.037785

28 38 0.0374107

29 38 0.0368888

30 38 0.0362213

31 38 0.0354108

32 38 0.0344606

33 38 0.0333744

34 38 0.0321565

35 38 0.0308116

36 38 0.0293452

37 38 0.027763

38 38 0.0260712

39 38 0.0242765

40 38 0.022386

41 38 0.0204071

42 38 0.0183477

43 38 0.0162159

44 38 0.0140201

45 38 0.011769

46 38 0.00947142

47 38 0.00713647

48 38 0.00477335

49 38 0.00239139

50 38 0

0 39 0

1 39 0.00222677

2 39 0.00444476

3 39 0.00664521

4 39 0.00881943

5 39 0.0109588

6 39 0.013055

7 39 0.0150996

8 39 0.0170847

9 39 0.0190023

10 39 0.020845

11 39 0.0226053

12 39 0.0242765

13 39 0.0258518

14 39 0.0273251

15 39 0.0286906

16 39 0.0299429

17 39 0.0310769

18 39 0.0320884

19 39 0.0329732

20 39 0.0337278

21 39 0.0343494

22 39 0.0348354

23 39 0.0351839

24 39 0.0353936

25 39 0.0354636

26 39 0.0353936

27 39 0.0351839

28 39 0.0348354

29 39 0.0343494

30 39 0.0337278

31 39 0.0329732

32 39 0.0320884

33 39 0.0310769

34 39 0.0299429

35 39 0.0286906

36 39 0.0273251

37 39 0.0258518

38 39 0.0242765

39 39 0.0226053

40 39 0.020845

41 39 0.0190023

42 39 0.0170847

43 39 0.0150996

44 39 0.013055

45 39 0.0109588

46 39 0.00881943

47 39 0.00664521

48 39 0.00444476

49 39 0.00222677

50 39 0

0 40 0

1 40 0.00205337

2 40 0.00409863

3 40 0.00612772

4 40 0.00813262

5 40 0.0101054

6 40 0.0120384

7 40 0.0139238

8 40 0.0157542

9 40 0.0175225

10 40 0.0192217

11 40 0.020845

12 40 0.022386

13 40 0.0238386

14 40 0.0251972

15 40 0.0264564

16 40 0.0276111

17 40 0.0286569

18 40 0.0295895

19 40 0.0304054

20 40 0.0311013

21 40 0.0316745

22 40 0.0321226

23 40 0.032444

24 40 0.0326373

25 40 0.0327019

26 40 0.0326373

27 40 0.032444

28 40 0.0321226

29 40 0.0316745

30 40 0.0311013

31 40 0.0304054

32 40 0.0295895

33 40 0.0286569

34 40 0.0276111

35 40 0.0264564

36 40 0.0251972

37 40 0.0238386

38 40 0.022386

39 40 0.020845

40 40 0.0192217

41 40 0.0175225

42 40 0.0157542

43 40 0.0139238

44 40 0.0120384

45 40 0.0101054

46 40 0.00813262

47 40 0.00612772

48 40 0.00409863

49 40 0.00205337

50 40 0

0 41 0

1 41 0.00187186

2 41 0.00373632

3 41 0.00558605

4 41 0.00741372

5 41 0.00921214

6 41 0.0109742

7 41 0.012693

8 41 0.0143616

9 41 0.0159736

10 41 0.0175225

11 41 0.0190023

12 41 0.0204071

13 41 0.0217314

14 41 0.0229699

15 41 0.0241177

16 41 0.0251704

17 41 0.0261237

18 41 0.0269739

19 41 0.0277177

20 41 0.0283521

21 41 0.0288745

22 41 0.0292831

23 41 0.029576

24 41 0.0297523

25 41 0.0298111

26 41 0.0297523

27 41 0.029576

28 41 0.0292831

29 41 0.0288745

30 41 0.0283521

31 41 0.0277177

32 41 0.0269739

33 41 0.0261237

34 41 0.0251704

35 41 0.0241177

36 41 0.0229699

37 41 0.0217314

38 41 0.0204071

39 41 0.0190023

40 41 0.0175225

41 41 0.0159736

42 41 0.0143616

43 41 0.012693

44 41 0.0109742

45 41 0.00921214

46 41 0.00741372

47 41 0.00558605

48 41 0.00373632

49 41 0.00187186

50 41 0

0 42 0

1 42 0.00168296

2 42 0.00335927

3 42 0.00502233

4 42 0.00666557

5 42 0.0082825

6 42 0.00986674

7 42 0.011412

8 42 0.0129123

9 42 0.0143616

10 42 0.0157542

11 42 0.0170847

12 42 0.0183477

13 42 0.0195383

14 42 0.0206519

15 42 0.0216839

16 42 0.0226303

17 42 0.0234874

18 42 0.0242518

19 42 0.0249205

20 42 0.0254909

21 42 0.0259607

22 42 0.026328

23 42 0.0265914

24 42 0.0267498

25 42 0.0268027

26 42 0.0267498

27 42 0.0265914

28 42 0.026328

29 42 0.0259607

30 42 0.0254909

31 42 0.0249205

32 42 0.0242518

33 42 0.0234874

34 42 0.0226303

35 42 0.0216839

36 42 0.0206519

37 42 0.0195383

38 42 0.0183477

39 42 0.0170847

40 42 0.0157542

41 42 0.0143616

42 42 0.0129123

43 42 0.011412

44 42 0.00986674

45 42 0.0082825

46 42 0.00666557

47 42 0.00502233

48 42 0.00335927

49 42 0.00168296

50 42 0

0 43 0

1 43 0.00148742

2 43 0.00296896

3 43 0.00443879

4 43 0.0058911

5 43 0.00732016

6 43 0.00872033

7 43 0.0100861

8 43 0.011412

9 43 0.012693

10 43 0.0139238

11 43 0.0150996

12 43 0.0162159

13 43 0.0172682

14 43 0.0182523

15 43 0.0191644

16 43 0.0200009

17 43 0.0207584

18 43 0.021434

19 43 0.0220251

20 43 0.0225291

21 43 0.0229443

22 43 0.023269

23 43 0.0235018

24 43 0.0236418

25 43 0.0236885

26 43 0.0236418

27 43 0.0235018

28 43 0.023269

29 43 0.0229443

30 43 0.0225291

31 43 0.0220251

32 43 0.021434

33 43 0.0207584

34 43 0.0200009

35 43 0.0191644

36 43 0.0182523

37 43 0.0172682

38 43 0.0162159

39 43 0.0150996

40 43 0.0139238

41 43 0.012693

42 43 0.011412

43 43 0.0100861

44 43 0.00872033

45 43 0.00732016

46 43 0.0058911

47 43 0.00443879

48 43 0.00296896

49 43 0.00148742

50 43 0

0 44 0

1 44 0.00128601

2 44 0.00256693

3 44 0.00383773

4 44 0.00509339

5 44 0.00632894

6 44 0.00753951

7 44 0.00872033

8 44 0.00986674

9 44 0.0109742

10 44 0.0120384

11 44 0.013055

12 44 0.0140201

13 44 0.0149299

14 44 0.0157808

15 44 0.0165694

16 44 0.0172926

17 44 0.0179475

18 44 0.0185317

19 44 0.0190426

20 44 0.0194785

21 44 0.0198374

22 44 0.0201181

23 44 0.0203194

24 44 0.0204405

25 44 0.0204809

26 44 0.0204405

27 44 0.0203194

28 44 0.0201181

29 44 0.0198374

30 44 0.0194785

31 44 0.0190426

32 44 0.0185317

33 44 0.0179475

34 44 0.0172926

35 44 0.0165694

36 44 0.0157808

37 44 0.0149299

38 44 0.0140201

39 44 0.013055

40 44 0.0120384

41 44 0.0109742

42 44 0.00986674

43 44 0.00872033

44 44 0.00753951

45 44 0.00632894

46 44 0.00509339

47 44 0.00383773

48 44 0.00256693

49 44 0.00128601

50 44 0

0 45 0

1 45 0.00107952

2 45 0.00215478

3 45 0.00322153

4 45 0.00427557

5 45 0.00531274

6 45 0.00632894

7 45 0.00732016

8 45 0.0082825

9 45 0.00921214

10 45 0.0101054

11 45 0.0109588

12 45 0.011769

13 45 0.0125327

14 45 0.013247

15 45 0.0139089

16 45 0.014516

17 45 0.0150658

18 45 0.0155561

19 45 0.0159851

20 45 0.0163509

21 45 0.0166523

22 45 0.0168879

23 45 0.0170568

24 45 0.0171585

25 45 0.0171924

26 45 0.0171585

27 45 0.0170568

28 45 0.0168879

29 45 0.0166523

30 45 0.0163509

31 45 0.0159851

32 45 0.0155561

33 45 0.0150658

34 45 0.014516

35 45 0.0139089

36 45 0.013247

37 45 0.0125327

38 45 0.011769

39 45 0.0109588

40 45 0.0101054

41 45 0.00921214

42 45 0.0082825

43 45 0.00732016

44 45 0.00632894

45 45 0.00531274

46 45 0.00427557

47 45 0.00322153

48 45 0.00215478

49 45 0.00107952

50 45 0

0 46 0

1 46 0.000868772

2 46 0.00173412

3 46 0.00259262

4 46 0.00344088

5 46 0.00427557

6 46 0.00509339

7 46 0.0058911

8 46 0.00666557

9 46 0.00741372

10 46 0.00813262

11 46 0.00881943

12 46 0.00947142

13 46 0.010086

14 46 0.0106609

15 46 0.0111936

16 46 0.0116822

17 46 0.0121246

18 46 0.0125192

19 46 0.0128644

20 46 0.0131589

21 46 0.0134014

22 46 0.013591

23 46 0.0137269

24 46 0.0138087

25 46 0.013836

26 46 0.0138087

27 46 0.0137269

28 46 0.013591

29 46 0.0134014

30 46 0.0131589

31 46 0.0128644

32 46 0.0125192

33 46 0.0121246

34 46 0.0116822

35 46 0.0111936

36 46 0.0106609

37 46 0.010086

38 46 0.00947142

39 46 0.00881943

40 46 0.00813262

41 46 0.00741372

42 46 0.00666557

43 46 0.0058911

44 46 0.00509339

45 46 0.00427557

46 46 0.00344088

47 46 0.00259262

48 46 0.00173412

49 46 0.000868772

50 46 0

0 47 0

1 47 0.000654597

2 47 0.00130661

3 47 0.00195347

4 47 0.00259262

5 47 0.00322153

6 47 0.00383773

7 47 0.00443879

8 47 0.00502233

9 47 0.00558605

10 47 0.00612772

11 47 0.00664521

12 47 0.00713647

13 47 0.00759957

14 47 0.00803268

15 47 0.00843408

16 47 0.0088022

17 47 0.00913558

18 47 0.00943291

19 47 0.00969301

20 47 0.00991486

21 47 0.0100976

22 47 0.0102404

23 47 0.0103429

24 47 0.0104045

25 47 0.0104251

26 47 0.0104045

27 47 0.0103429

28 47 0.0102404

29 47 0.0100976

30 47 0.00991486

31 47 0.00969301

32 47 0.00943291

33 47 0.00913558

34 47 0.0088022

35 47 0.00843408

36 47 0.00803268

37 47 0.00759957

38 47 0.00713647

39 47 0.00664521

40 47 0.00612772

41 47 0.00558605

42 47 0.00502233

43 47 0.00443879

44 47 0.00383773

45 47 0.00322153

46 47 0.00259262

47 47 0.00195347

48 47 0.00130661

49 47 0.000654597

50 47 0

0 48 0

1 48 0.000437839

2 48 0.000873949

3 48 0.00130661

4 48 0.00173412

5 48 0.00215478

6 48 0.00256693

7 48 0.00296896

8 48 0.00335927

9 48 0.00373632

10 48 0.00409863

11 48 0.00444476

12 48 0.00477335

13 48 0.0050831

14 48 0.00537279

15 48 0.00564128

16 48 0.0058875

17 48 0.00611049

18 48 0.00630936

19 48 0.00648334

20 48 0.00663172

21 48 0.00675394

22 48 0.0068495

23 48 0.00691802

24 48 0.00695925

25 48 0.00697301

26 48 0.00695925

27 48 0.00691802

28 48 0.0068495

29 48 0.00675394

30 48 0.00663172

31 48 0.00648334

32 48 0.00630936

33 48 0.00611049

34 48 0.0058875

35 48 0.00564128

36 48 0.00537279

