0 1 0

1 1 0.000181497

2 1 0.000362278

3 1 0.000541629

4 1 0.000718843

5 1 0.00089322

6 1 0.00106407

7 1 0.00123072

8 1 0.00139252

9 1 0.00154882

10 1 0.00169901

11 1 0.00184249

12 1 0.0019787

13 1 0.0021071

14 1 0.00222718

15 1 0.00233848

16 1 0.00244055

17 1 0.00253298

18 1 0.00261542

19 1 0.00268754

20 1 0.00274905

21 1 0.00279971

22 1 0.00283932

23 1 0.00286773

24 1 0.00288482

25 1 0.00289052

26 1 0.00288482

27 1 0.00286773

28 1 0.00283932

29 1 0.00279971

30 1 0.00274905

31 1 0.00268754

32 1 0.00261542

33 1 0.00253298

34 1 0.00244055

35 1 0.00233848

36 1 0.00222718

37 1 0.0021071

38 1 0.0019787

39 1 0.00184249

40 1 0.00169901

41 1 0.00154882

42 1 0.00139252

43 1 0.00123072

44 1 0.00106407

45 1 0.00089322

46 1 0.000718843

47 1 0.000541629

48 1 0.000362278

49 1 0.000181497

50 1 0

0 2 0

1 2 0.000362278

2 2 0.000723127

3 2 0.00108112

4 2 0.00143485

5 2 0.00178291

6 2 0.00212394

7 2 0.00245659

8 2 0.00277954

9 2 0.00309152

10 2 0.00339131

11 2 0.0036777

12 2 0.00394959

13 2 0.00420588

14 2 0.00444558

15 2 0.00466773

16 2 0.00487146

17 2 0.00505597

18 2 0.00522052

19 2 0.00536447

20 2 0.00548725

21 2 0.00558837

22 2 0.00566744

23 2 0.00572414

24 2 0.00575825

25 2 0.00576963

26 2 0.00575825

27 2 0.00572414

28 2 0.00566744

29 2 0.00558837

30 2 0.00548725

31 2 0.00536447

32 2 0.00522052

33 2 0.00505597

34 2 0.00487146

35 2 0.00466773

36 2 0.00444558

37 2 0.00420588

38 2 0.00394959

39 2 0.0036777

40 2 0.00339131

41 2 0.00309152

42 2 0.00277954

43 2 0.00245659

44 2 0.00212394

45 2 0.00178291

46 2 0.00143485

47 2 0.00108112

48 2 0.000723127

49 2 0.000362278

50 2 0

0 3 0

1 3 0.000541629

2 3 0.00108112

3 3 0.00161635

4 3 0.00214519

5 3 0.00266557

6 3 0.00317543

7 3 0.00367276

8 3 0.0041556

9 3 0.00462203

10 3 0.00507022

11 3 0.0054984

12 3 0.00590489

13 3 0.00628807

14 3 0.00664643

15 3 0.00697856

16 3 0.00728315

17 3 0.007559

18 3 0.00780502

19 3 0.00802023

20 3 0.00820379

21 3 0.00835497

22 3 0.00847319

23 3 0.00855796

24 3 0.00860895

25 3 0.00862598

26 3 0.00860895

27 3 0.00855796

28 3 0.00847319

29 3 0.00835497

30 3 0.00820379

31 3 0.00802023

32 3 0.00780502

33 3 0.007559

34 3 0.00728315

35 3 0.00697856

36 3 0.00664643

37 3 0.00628807

38 3 0.00590489

39 3 0.0054984

40 3 0.00507022

41 3 0.00462203

42 3 0.0041556

43 3 0.00367276

44 3 0.00317543

45 3 0.00266557

46 3 0.00214519

47 3 0.00161635

48 3 0.00108112

49 3 0.000541629

50 3 0

0 4 0

1 4 0.000718843

2 4 0.00143485

3 4 0.00214519

4 4 0.00284707

5 4 0.00353771

6 4 0.00421439

7 4 0.00487444

8 4 0.00551525

9 4 0.00613429

10 4 0.00672913

11 4 0.00729741

12 4 0.00783688

13 4 0.00834543

14 4 0.00882105

15 4 0.00926185

16 4 0.0096661

17 4 0.0100322

18 4 0.0103587

19 4 0.0106443

20 4 0.010888

21 4 0.0110886

22 4 0.0112455

23 4 0.011358

24 4 0.0114257

25 4 0.0114483

26 4 0.0114257

27 4 0.011358

28 4 0.0112455

29 4 0.0110886

30 4 0.010888

31 4 0.0106443

32 4 0.0103587

33 4 0.0100322

34 4 0.0096661

35 4 0.00926185

36 4 0.00882105

37 4 0.00834543

38 4 0.00783688

39 4 0.00729741

40 4 0.00672913

41 4 0.00613429

42 4 0.00551525

43 4 0.00487444

44 4 0.00421439

45 4 0.00353771

46 4 0.00284707

47 4 0.00214519

48 4 0.00143485

49 4 0.000718843

50 4 0

0 5 0

1 5 0.00089322

2 5 0.00178291

3 5 0.00266557

4 5 0.00353771

5 5 0.00439589

6 5 0.00523672

7 5 0.00605688

8 5 0.00685314

9 5 0.00762235

10 5 0.00836148

11 5 0.00906761

12 5 0.00973795

13 5 0.0103699

14 5 0.0109609

15 5 0.0115086

16 5 0.0120109

17 5 0.0124658

18 5 0.0128715

19 5 0.0132264

20 5 0.0135292

21 5 0.0137785

22 5 0.0139734

23 5 0.0141132

24 5 0.0141973

25 5 0.0142254

26 5 0.0141973

27 5 0.0141132

28 5 0.0139734

29 5 0.0137785

30 5 0.0135292

31 5 0.0132264

32 5 0.0128715

33 5 0.0124658

34 5 0.0120109

35 5 0.0115086

36 5 0.0109609

37 5 0.0103699

38 5 0.00973795

39 5 0.00906761

40 5 0.00836148

41 5 0.00762235

42 5 0.00685314

43 5 0.00605688

44 5 0.00523672

45 5 0.00439589

46 5 0.00353771

47 5 0.00266557

48 5 0.00178291

49 5 0.00089322

50 5 0

0 6 0

1 6 0.00106407

2 6 0.00212394

3 6 0.00317543

4 6 0.00421439

5 6 0.00523672

6 6 0.00623838

7 6 0.00721541

8 6 0.00816398

9 6 0.00908032

10 6 0.00996083

11 6 0.010802

12 6 0.0116006

13 6 0.0123534

14 6 0.0130574

15 6 0.0137099

16 6 0.0143083

17 6 0.0148502

18 6 0.0153335

19 6 0.0157563

20 6 0.016117

21 6 0.016414

22 6 0.0166462

23 6 0.0168127

24 6 0.0169129

25 6 0.0169464

26 6 0.0169129

27 6 0.0168127

28 6 0.0166462

29 6 0.016414

30 6 0.016117

31 6 0.0157563

32 6 0.0153335

33 6 0.0148502

34 6 0.0143083

35 6 0.0137099

36 6 0.0130574

37 6 0.0123534

38 6 0.0116006

39 6 0.010802

40 6 0.00996083

41 6 0.00908032

42 6 0.00816398

43 6 0.00721541

44 6 0.00623838

45 6 0.00523672

46 6 0.00421439

47 6 0.00317543

48 6 0.00212394

49 6 0.00106407

50 6 0

0 7 0

1 7 0.00123072

2 7 0.00245659

3 7 0.00367276

4 7 0.00487444

5 7 0.00605688

6 7 0.00721541

7 7 0.00834547

8 7 0.0094426

9 7 0.0105025

10 7 0.0115209

11 7 0.0124938

12 7 0.0134174

13 7 0.0142881

14 7 0.0151024

15 7 0.0158571

16 7 0.0165492

17 7 0.017176

18 7 0.017735

19 7 0.0182241

20 7 0.0186412

21 7 0.0189847

22 7 0.0192533

23 7 0.0194459

24 7 0.0195618

25 7 0.0196005

26 7 0.0195618

27 7 0.0194459

28 7 0.0192533

29 7 0.0189847

30 7 0.0186412

31 7 0.0182241

32 7 0.017735

33 7 0.017176

34 7 0.0165492

35 7 0.0158571

36 7 0.0151024

37 7 0.0142881

38 7 0.0134174

39 7 0.0124938

40 7 0.0115209

41 7 0.0105025

42 7 0.0094426

43 7 0.00834547

44 7 0.00721541

45 7 0.00605688

46 7 0.00487444

47 7 0.00367276

48 7 0.00245659

49 7 0.00123072

50 7 0

0 8 0

1 8 0.00139252

2 8 0.00277954

3 8 0.0041556

4 8 0.00551525

5 8 0.00685314

6 8 0.00816398

7 8 0.0094426

8 8 0.010684

9 8 0.0118831

10 8 0.0130354

11 8 0.0141363

12 8 0.0151813

13 8 0.0161665

14 8 0.0170878

15 8 0.0179417

16 8 0.0187248

17 8 0.019434

18 8 0.0200665

19 8 0.0206199

20 8 0.0210918

21 8 0.0214805

22 8 0.0217844

23 8 0.0220023

24 8 0.0221335

25 8 0.0221772

26 8 0.0221335

27 8 0.0220023

28 8 0.0217844

29 8 0.0214805

30 8 0.0210918

31 8 0.0206199

32 8 0.0200665

33 8 0.019434

34 8 0.0187248

35 8 0.0179417

36 8 0.0170878

37 8 0.0161665

38 8 0.0151813

39 8 0.0141363

40 8 0.0130354

41 8 0.0118831

42 8 0.010684

43 8 0.0094426

44 8 0.00816398

45 8 0.00685314

46 8 0.00551525

47 8 0.0041556

48 8 0.00277954

49 8 0.00139252

50 8 0

0 9 0

1 9 0.00154882

2 9 0.00309152

3 9 0.00462203

4 9 0.00613429

5 9 0.00762235

6 9 0.00908032

7 9 0.0105025

8 9 0.0118831

9 9 0.0132169

10 9 0.0144986

11 9 0.015723

12 9 0.0168853

13 9 0.0179811

14 9 0.0190058

15 9 0.0199556

16 9 0.0208266

17 9 0.0216154

18 9 0.0223189

19 9 0.0229343

20 9 0.0234592

21 9 0.0238915

22 9 0.0242295

23 9 0.0244719

24 9 0.0246178

25 9 0.0246664

26 9 0.0246178

27 9 0.0244719

28 9 0.0242295

29 9 0.0238915

30 9 0.0234592

31 9 0.0229343

32 9 0.0223189

33 9 0.0216154

34 9 0.0208266

35 9 0.0199556

36 9 0.0190058

37 9 0.0179811

38 9 0.0168853

39 9 0.015723

40 9 0.0144986

41 9 0.0132169

42 9 0.0118831

43 9 0.0105025

44 9 0.00908032

45 9 0.00762235

46 9 0.00613429

47 9 0.00462203

48 9 0.00309152

49 9 0.00154882

50 9 0

0 10 0

1 10 0.00169901

2 10 0.00339131

3 10 0.00507022

4 10 0.00672913

5 10 0.00836148

6 10 0.00996083

7 10 0.0115209

8 10 0.0130354

9 10 0.0144986

10 10 0.0159045

11 10 0.0172476

12 10 0.0185227

13 10 0.0197247

14 10 0.0208488

15 10 0.0218906

16 10 0.0228461

17 10 0.0237114

18 10 0.0244831

19 10 0.0251582

20 10 0.025734

21 10 0.0262082

22 10 0.026579

23 10 0.0268449

24 10 0.0270049

25 10 0.0270583

26 10 0.0270049

27 10 0.0268449

28 10 0.026579

29 10 0.0262082

30 10 0.025734

31 10 0.0251582

32 10 0.0244831

33 10 0.0237114

34 10 0.0228461

35 10 0.0218906

36 10 0.0208488

37 10 0.0197247

38 10 0.0185227

39 10 0.0172476

40 10 0.0159045

41 10 0.0144986

42 10 0.0130354

43 10 0.0115209

44 10 0.00996083

45 10 0.00836148

46 10 0.00672913

47 10 0.00507022

48 10 0.00339131

49 10 0.00169901

50 10 0

0 11 0

1 11 0.00184249

2 11 0.0036777

3 11 0.0054984

4 11 0.00729741

5 11 0.00906761

6 11 0.010802

7 11 0.0124938

8 11 0.0141363

9 11 0.015723

10 11 0.0172476

11 11 0.0187042

12 11 0.0200869

13 11 0.0213904

14 11 0.0226095

15 11 0.0237393

16 11 0.0247754

17 11 0.0257138

18 11 0.0265507

19 11 0.0272828

20 11 0.0279072

21 11 0.0284215

22 11 0.0288236

23 11 0.029112

24 11 0.0292855

25 11 0.0293434

26 11 0.0292855

27 11 0.029112

28 11 0.0288236

29 11 0.0284215

30 11 0.0279072

31 11 0.0272828

32 11 0.0265507

33 11 0.0257138

34 11 0.0247754

35 11 0.0237393

36 11 0.0226095

37 11 0.0213904

38 11 0.0200869

39 11 0.0187042

40 11 0.0172476

41 11 0.015723

42 11 0.0141363

43 11 0.0124938

44 11 0.010802

45 11 0.00906761

46 11 0.00729741

47 11 0.0054984

48 11 0.0036777

49 11 0.00184249

50 11 0

0 12 0

1 12 0.0019787

2 12 0.00394959

3 12 0.00590489

4 12 0.00783688

5 12 0.00973795

6 12 0.0116006

7 12 0.0134174

8 12 0.0151813

9 12 0.0168853

10 12 0.0185227

11 12 0.0200869

12 12 0.0215719

13 12 0.0229718

14 12 0.0242809

15 12 0.0254943

16 12 0.026607

17 12 0.0276148

18 12 0.0285135

19 12 0.0292997

20 12 0.0299703

21 12 0.0305226

22 12 0.0309545

23 12 0.0312642

24 12 0.0314505

25 12 0.0315127

26 12 0.0314505

27 12 0.0312642

28 12 0.0309545

29 12 0.0305226

30 12 0.0299703

31 12 0.0292997

32 12 0.0285135

33 12 0.0276148

34 12 0.026607

35 12 0.0254943

36 12 0.0242809

37 12 0.0229718

38 12 0.0215719

39 12 0.0200869

40 12 0.0185227

41 12 0.0168853

42 12 0.0151813

43 12 0.0134174

44 12 0.0116006

45 12 0.00973795

46 12 0.00783688

47 12 0.00590489

48 12 0.00394959

49 12 0.0019787

50 12 0

0 13 0

1 13 0.0021071

2 13 0.00420588

3 13 0.00628807

4 13 0.00834543

5 13 0.0103699

6 13 0.0123534

7 13 0.0142881

8 13 0.0161665

9 13 0.0179811

10 13 0.0197247

11 13 0.0213904

12 13 0.0229718

13 13 0.0244624

14 13 0.0258566

15 13 0.0271487

16 13 0.0283336

17 13 0.0294067

18 13 0.0303638

19 13 0.0312011

20 13 0.0319152

21 13 0.0325033

22 13 0.0329632

23 13 0.033293

24 13 0.0334914

25 13 0.0335576

26 13 0.0334914

27 13 0.033293

28 13 0.0329632

29 13 0.0325033

30 13 0.0319152

31 13 0.0312011

32 13 0.0303638

33 13 0.0294067

34 13 0.0283336

35 13 0.0271487

36 13 0.0258566

37 13 0.0244624

38 13 0.0229718

39 13 0.0213904

40 13 0.0197247

41 13 0.0179811

42 13 0.0161665

43 13 0.0142881

44 13 0.0123534

45 13 0.0103699

46 13 0.00834543

47 13 0.00628807

48 13 0.00420588

49 13 0.0021071

50 13 0

0 14 0

1 14 0.00222718

2 14 0.00444558

3 14 0.00664643

4 14 0.00882105

5 14 0.0109609

6 14 0.0130574

7 14 0.0151024

8 14 0.0170878

9 14 0.0190058

10 14 0.0208488

11 14 0.0226095

12 14 0.0242809

13 14 0.0258566

14 14 0.0273302

15 14 0.0286959

16 14 0.0299484

17 14 0.0310827

18 14 0.0320943

19 14 0.0329792

20 14 0.033734

21 14 0.0343557

22 14 0.0348418

23 14 0.0351904

24 14 0.0354001

25 14 0.0354701

26 14 0.0354001

27 14 0.0351904

28 14 0.0348418

29 14 0.0343557

30 14 0.033734

31 14 0.0329792

32 14 0.0320943

33 14 0.0310827

34 14 0.0299484

35 14 0.0286959

36 14 0.0273302

37 14 0.0258566

38 14 0.0242809

39 14 0.0226095

40 14 0.0208488

41 14 0.0190058

42 14 0.0170878

43 14 0.0151024

44 14 0.0130574

45 14 0.0109609

46 14 0.00882105

47 14 0.00664643

48 14 0.00444558

49 14 0.00222718

50 14 0

0 15 0

1 15 0.00233848

2 15 0.00466773

3 15 0.00697856

4 15 0.00926185

5 15 0.0115086

6 15 0.0137099

7 15 0.0158571

8 15 0.0179417

9 15 0.0199556

10 15 0.0218906

11 15 0.0237393

12 15 0.0254943

13 15 0.0271487

14 15 0.0286959

15 15 0.0301299

16 15 0.0314449

17 15 0.0326359

18 15 0.0336981

19 15 0.0346273

20 15 0.0354198

21 15 0.0360725

22 15 0.0365829

23 15 0.0369489

24 15 0.0371691

25 15 0.0372426

26 15 0.0371691

27 15 0.0369489

28 15 0.0365829

29 15 0.0360725

30 15 0.0354198

31 15 0.0346273

32 15 0.0336981

33 15 0.0326359

34 15 0.0314449

35 15 0.0301299

36 15 0.0286959

37 15 0.0271487

38 15 0.0254943

39 15 0.0237393

40 15 0.0218906

41 15 0.0199556

42 15 0.0179417

43 15 0.0158571

44 15 0.0137099

45 15 0.0115086

46 15 0.00926185

47 15 0.00697856

48 15 0.00466773

49 15 0.00233848

50 15 0

0 16 0

1 16 0.00244055

2 16 0.00487146

3 16 0.00728315

4 16 0.0096661

5 16 0.0120109

6 16 0.0143083

7 16 0.0165492

8 16 0.0187248

9 16 0.0208266

10 16 0.0228461

11 16 0.0247754

12 16 0.026607

13 16 0.0283336

14 16 0.0299484

15 16 0.0314449

16 16 0.0328174

17 16 0.0340604

18 16 0.0351689

19 16 0.0361386

20 16 0.0369657

21 16 0.037647

22 16 0.0381796

23 16 0.0385616

24 16 0.0387914

25 16 0.0388681

26 16 0.0387914

27 16 0.0385616

28 16 0.0381796

29 16 0.037647

30 16 0.0369657

31 16 0.0361386

32 16 0.0351689

33 16 0.0340604

34 16 0.0328174

35 16 0.0314449

36 16 0.0299484

37 16 0.0283336

38 16 0.026607

39 16 0.0247754

40 16 0.0228461

41 16 0.0208266

42 16 0.0187248

43 16 0.0165492

44 16 0.0143083

45 16 0.0120109

46 16 0.0096661

47 16 0.00728315

48 16 0.00487146

49 16 0.00244055

50 16 0

0 17 0

1 17 0.00253298

2 17 0.00505597

3 17 0.007559

4 17 0.0100322

5 17 0.0124658

6 17 0.0148502

7 17 0.017176

8 17 0.019434

9 17 0.0216154

10 17 0.0237114

11 17 0.0257138

12 17 0.0276148

13 17 0.0294067

14 17 0.0310827

15 17 0.0326359

16 17 0.0340604

17 17 0.0353504

18 17 0.0365009

19 17 0.0375074

20 17 0.0383658

21 17 0.0390728

22 17 0.0396257

23 17 0.0400221

24 17 0.0402606

25 17 0.0403402

26 17 0.0402606

27 17 0.0400221

28 17 0.0396257

29 17 0.0390728

30 17 0.0383658

31 17 0.0375074

32 17 0.0365009

33 17 0.0353504

34 17 0.0340604

35 17 0.0326359

36 17 0.0310827

37 17 0.0294067

38 17 0.0276148

39 17 0.0257138

40 17 0.0237114

41 17 0.0216154

42 17 0.019434

43 17 0.017176

44 17 0.0148502

45 17 0.0124658

46 17 0.0100322

47 17 0.007559

48 17 0.00505597

49 17 0.00253298

50 17 0

0 18 0

1 18 0.00261542

2 18 0.00522052

3 18 0.00780502

4 18 0.0103587

5 18 0.0128715

6 18 0.0153335

7 18 0.017735

8 18 0.0200665

9 18 0.0223189

10 18 0.0244831

11 18 0.0265507

12 18 0.0285135

13 18 0.0303638

14 18 0.0320943

15 18 0.0336981

16 18 0.0351689

17 18 0.0365009

18 18 0.0376889

19 18 0.0387281

20 18 0.0396145

21 18 0.0403445

22 18 0.0409153

23 18 0.0413247

24 18 0.0415709

25 18 0.0416531

26 18 0.0415709

27 18 0.0413247

28 18 0.0409153

29 18 0.0403445

30 18 0.0396145

31 18 0.0387281

32 18 0.0376889

33 18 0.0365009

34 18 0.0351689

35 18 0.0336981

36 18 0.0320943

37 18 0.0303638

38 18 0.0285135

39 18 0.0265507

40 18 0.0244831

41 18 0.0223189

42 18 0.0200665

43 18 0.017735

44 18 0.0153335

45 18 0.0128715

46 18 0.0103587

47 18 0.00780502

48 18 0.00522052

49 18 0.00261542

50 18 0

0 19 0

1 19 0.00268754

2 19 0.00536447

3 19 0.00802023

4 19 0.0106443

5 19 0.0132264

6 19 0.0157563

7 19 0.0182241

8 19 0.0206199

9 19 0.0229343

10 19 0.0251582

11 19 0.0272828

12 19 0.0292997

13 19 0.0312011

14 19 0.0329792

15 19 0.0346273

16 19 0.0361386

17 19 0.0375074

18 19 0.0387281

19 19 0.039796

20 19 0.0407068

21 19 0.041457

22 19 0.0420435

23 19 0.0424641

24 19 0.0427172

25 19 0.0428016

26 19 0.0427172

27 19 0.0424641

28 19 0.0420435

29 19 0.041457

30 19 0.0407068

31 19 0.039796

32 19 0.0387281

33 19 0.0375074

34 19 0.0361386

35 19 0.0346273

36 19 0.0329792

37 19 0.0312011

38 19 0.0292997

39 19 0.0272828

40 19 0.0251582

41 19 0.0229343

42 19 0.0206199

43 19 0.0182241

44 19 0.0157563

45 19 0.0132264

46 19 0.0106443

47 19 0.00802023

48 19 0.00536447

49 19 0.00268754

50 19 0

0 20 0

1 20 0.00274905

2 20 0.00548725

3 20 0.00820379

4 20 0.010888

5 20 0.0135292

6 20 0.016117

7 20 0.0186412

8 20 0.0210918

9 20 0.0234592

10 20 0.025734

11 20 0.0279072

12 20 0.0299703

13 20 0.0319152

14 20 0.033734

15 20 0.0354198

16 20 0.0369657

17 20 0.0383658

18 20 0.0396145

19 20 0.0407068

20 20 0.0416385

21 20 0.0424058

22 20 0.0430058

23 20 0.043436

24 20 0.0436949

25 20 0.0437813

26 20 0.0436949

27 20 0.043436

28 20 0.0430058

29 20 0.0424058

30 20 0.0416385

31 20 0.0407068

32 20 0.0396145

33 20 0.0383658

34 20 0.0369657

35 20 0.0354198

36 20 0.033734

37 20 0.0319152

38 20 0.0299703

39 20 0.0279072

40 20 0.025734

41 20 0.0234592

42 20 0.0210918

43 20 0.0186412

44 20 0.016117

45 20 0.0135292

46 20 0.010888

47 20 0.00820379

48 20 0.00548725

49 20 0.00274905

50 20 0

0 21 0

1 21 0.00279971

2 21 0.00558837

3 21 0.00835497

4 21 0.0110886

5 21 0.0137785

6 21 0.016414

7 21 0.0189847

8 21 0.0214805

9 21 0.0238915

10 21 0.0262082

11 21 0.0284215

12 21 0.0305226

13 21 0.0325033

14 21 0.0343557

15 21 0.0360725

16 21 0.037647

17 21 0.0390728

18 21 0.0403445

19 21 0.041457

20 21 0.0424058

21 21 0.0431873

22 21 0.0437983

23 21 0.0442365

24 21 0.0445001

25 21 0.0445881

26 21 0.0445001

27 21 0.0442365

28 21 0.0437983

29 21 0.0431873

30 21 0.0424058

31 21 0.041457

32 21 0.0403445

33 21 0.0390728

34 21 0.037647

35 21 0.0360725

36 21 0.0343557

37 21 0.0325033

38 21 0.0305226

39 21 0.0284215

40 21 0.0262082

41 21 0.0238915

42 21 0.0214805

43 21 0.0189847

44 21 0.016414

45 21 0.0137785

46 21 0.0110886

47 21 0.00835497

48 21 0.00558837

49 21 0.00279971

50 21 0

0 22 0

1 22 0.00283932

2 22 0.00566744

3 22 0.00847319

4 22 0.0112455

5 22 0.0139734

6 22 0.0166462

7 22 0.0192533

8 22 0.0217844

9 22 0.0242295

10 22 0.026579

11 22 0.0288236

12 22 0.0309545

13 22 0.0329632

14 22 0.0348418

15 22 0.0365829

16 22 0.0381796

17 22 0.0396257

18 22 0.0409153

19 22 0.0420435

20 22 0.0430058

21 22 0.0437983

22 22 0.044418

23 22 0.0448624

24 22 0.0451297

25 22 0.0452189

26 22 0.0451297

27 22 0.0448624

28 22 0.044418

29 22 0.0437983

30 22 0.0430058

31 22 0.0420435

32 22 0.0409153

33 22 0.0396257

34 22 0.0381796

35 22 0.0365829

36 22 0.0348418

37 22 0.0329632

38 22 0.0309545

39 22 0.0288236

40 22 0.026579

41 22 0.0242295

42 22 0.0217844

43 22 0.0192533

44 22 0.0166462

45 22 0.0139734

46 22 0.0112455

47 22 0.00847319

48 22 0.00566744

49 22 0.00283932

50 22 0

0 23 0

1 23 0.00286773

2 23 0.00572414

3 23 0.00855796

4 23 0.011358

5 23 0.0141132

6 23 0.0168127

7 23 0.0194459

8 23 0.0220023

9 23 0.0244719

10 23 0.0268449

11 23 0.029112

12 23 0.0312642

13 23 0.033293

14 23 0.0351904

15 23 0.0369489

16 23 0.0385616

17 23 0.0400221

18 23 0.0413247

19 23 0.0424641

20 23 0.043436

21 23 0.0442365

22 23 0.0448624

23 23 0.0453112

24 23 0.0455812

25 23 0.0456713

26 23 0.0455812

27 23 0.0453112

28 23 0.0448624

29 23 0.0442365

30 23 0.043436

31 23 0.0424641

32 23 0.0413247

33 23 0.0400221

34 23 0.0385616

35 23 0.0369489

36 23 0.0351904

37 23 0.033293

38 23 0.0312642

39 23 0.029112

40 23 0.0268449

41 23 0.0244719

42 23 0.0220023

43 23 0.0194459

44 23 0.0168127

45 23 0.0141132

46 23 0.011358

47 23 0.00855796

48 23 0.00572414

49 23 0.00286773

50 23 0

0 24 0

1 24 0.00288482

2 24 0.00575825

3 24 0.00860895

4 24 0.0114257

5 24 0.0141973

6 24 0.0169129

7 24 0.0195618

8 24 0.0221335

9 24 0.0246178

10 24 0.0270049

11 24 0.0292855

12 24 0.0314505

13 24 0.0334914

14 24 0.0354001

15 24 0.0371691

16 24 0.0387914

17 24 0.0402606

18 24 0.0415709

19 24 0.0427172

20 24 0.0436949

21 24 0.0445001

22 24 0.0451297

23 24 0.0455812

24 24 0.0458528

25 24 0.0459435

26 24 0.0458528

27 24 0.0455812

28 24 0.0451297

29 24 0.0445001

30 24 0.0436949

31 24 0.0427172

32 24 0.0415709

33 24 0.0402606

34 24 0.0387914

35 24 0.0371691

36 24 0.0354001

37 24 0.0334914

38 24 0.0314505

39 24 0.0292855

40 24 0.0270049

41 24 0.0246178

42 24 0.0221335

43 24 0.0195618

44 24 0.0169129

45 24 0.0141973

46 24 0.0114257

47 24 0.00860895

48 24 0.00575825

49 24 0.00288482

50 24 0

0 25 0

1 25 0.00289052

2 25 0.00576963

3 25 0.00862598

4 25 0.0114483

5 25 0.0142254

6 25 0.0169464

7 25 0.0196005

8 25 0.0221772

9 25 0.0246664

10 25 0.0270583

11 25 0.0293434

12 25 0.0315127

13 25 0.0335576

14 25 0.0354701

15 25 0.0372426

16 25 0.0388681

17 25 0.0403402

18 25 0.0416531

19 25 0.0428016

20 25 0.0437813

21 25 0.0445881

22 25 0.0452189

23 25 0.0456713

24 25 0.0459435

25 25 0.0460343

26 25 0.0459435

27 25 0.0456713

28 25 0.0452189

29 25 0.0445881

30 25 0.0437813

31 25 0.0428016

32 25 0.0416531

33 25 0.0403402

34 25 0.0388681

35 25 0.0372426

36 25 0.0354701

37 25 0.0335576

38 25 0.0315127

39 25 0.0293434

40 25 0.0270583

41 25 0.0246664

42 25 0.0221772

43 25 0.0196005

44 25 0.0169464

45 25 0.0142254

46 25 0.0114483

47 25 0.00862598

48 25 0.00576963

49 25 0.00289052

50 25 0

0 26 0

1 26 0.00288482

2 26 0.00575825

3 26 0.00860895

4 26 0.0114257

5 26 0.0141973

6 26 0.0169129

7 26 0.0195618

8 26 0.0221335

9 26 0.0246178

10 26 0.0270049

11 26 0.0292855

12 26 0.0314505

13 26 0.0334914

14 26 0.0354001

15 26 0.0371691

16 26 0.0387914

17 26 0.0402606

18 26 0.0415709

19 26 0.0427172

20 26 0.0436949

21 26 0.0445001

22 26 0.0451297

23 26 0.0455812

24 26 0.0458528

25 26 0.0459435

26 26 0.0458528

27 26 0.0455812

28 26 0.0451297

29 26 0.0445001

30 26 0.0436949

31 26 0.0427172

32 26 0.0415709

33 26 0.0402606

34 26 0.0387914

35 26 0.0371691

36 26 0.0354001

37 26 0.0334914

38 26 0.0314505

39 26 0.0292855

40 26 0.0270049

41 26 0.0246178

42 26 0.0221335

43 26 0.0195618

44 26 0.0169129

45 26 0.0141973

46 26 0.0114257

47 26 0.00860895

48 26 0.00575825

49 26 0.00288482

50 26 0

0 27 0

1 27 0.00286773

2 27 0.00572414

3 27 0.00855796

4 27 0.011358

5 27 0.0141132

6 27 0.0168127

7 27 0.0194459

8 27 0.0220023

9 27 0.0244719

10 27 0.0268449

11 27 0.029112

12 27 0.0312642

13 27 0.033293

14 27 0.0351904

15 27 0.0369489

16 27 0.0385616

17 27 0.0400221

18 27 0.0413247

19 27 0.0424641

20 27 0.043436

21 27 0.0442365

22 27 0.0448624

23 27 0.0453112

24 27 0.0455812

25 27 0.0456713

26 27 0.0455812

27 27 0.0453112

28 27 0.0448624

29 27 0.0442365

30 27 0.043436

31 27 0.0424641

32 27 0.0413247

33 27 0.0400221

34 27 0.0385616

35 27 0.0369489

36 27 0.0351904

37 27 0.033293

38 27 0.0312642

39 27 0.029112

40 27 0.0268449

41 27 0.0244719

42 27 0.0220023

43 27 0.0194459

44 27 0.0168127

45 27 0.0141132

46 27 0.011358

47 27 0.00855796

48 27 0.00572414

49 27 0.00286773

50 27 0

0 28 0

1 28 0.00283932

2 28 0.00566744

3 28 0.00847319

4 28 0.0112455

5 28 0.0139734

6 28 0.0166462

7 28 0.0192533

8 28 0.0217844

9 28 0.0242295

10 28 0.026579

11 28 0.0288236

12 28 0.0309545

13 28 0.0329632

14 28 0.0348418

15 28 0.0365829

16 28 0.0381796

17 28 0.0396257

18 28 0.0409153

19 28 0.0420435

20 28 0.0430058

21 28 0.0437983

22 28 0.044418

23 28 0.0448624

24 28 0.0451297

25 28 0.0452189

26 28 0.0451297

27 28 0.0448624

28 28 0.044418

29 28 0.0437983

30 28 0.0430058

31 28 0.0420435

32 28 0.0409153

33 28 0.0396257

34 28 0.0381796

35 28 0.0365829

36 28 0.0348418

37 28 0.0329632

38 28 0.0309545

39 28 0.0288236

40 28 0.026579

41 28 0.0242295

42 28 0.0217844

43 28 0.0192533

44 28 0.0166462

45 28 0.0139734

46 28 0.0112455

47 28 0.00847319

48 28 0.00566744

49 28 0.00283932

50 28 0

0 29 0

1 29 0.00279971

2 29 0.00558837

3 29 0.00835497

4 29 0.0110886

5 29 0.0137785

6 29 0.016414

7 29 0.0189847

8 29 0.0214805

9 29 0.0238915

10 29 0.0262082

11 29 0.0284215

12 29 0.0305226

13 29 0.0325033

14 29 0.0343557

15 29 0.0360725

16 29 0.037647

17 29 0.0390728

18 29 0.0403445

19 29 0.041457

20 29 0.0424058

21 29 0.0431873

22 29 0.0437983

23 29 0.0442365

24 29 0.0445001

25 29 0.0445881

26 29 0.0445001

27 29 0.0442365

28 29 0.0437983

29 29 0.0431873

30 29 0.0424058

31 29 0.041457

32 29 0.0403445

33 29 0.0390728

34 29 0.037647

35 29 0.0360725

36 29 0.0343557

37 29 0.0325033

38 29 0.0305226

39 29 0.0284215

40 29 0.0262082

41 29 0.0238915

42 29 0.0214805

43 29 0.0189847

44 29 0.016414

45 29 0.0137785

46 29 0.0110886

47 29 0.00835497

48 29 0.00558837

49 29 0.00279971

50 29 0

0 30 0

1 30 0.00274905

2 30 0.00548725

3 30 0.00820379

4 30 0.010888

5 30 0.0135292

6 30 0.016117

7 30 0.0186412

8 30 0.0210918

9 30 0.0234592

10 30 0.025734

11 30 0.0279072

12 30 0.0299703

13 30 0.0319152

14 30 0.033734

15 30 0.0354198

16 30 0.0369657

17 30 0.0383658

18 30 0.0396145

19 30 0.0407068

20 30 0.0416385

21 30 0.0424058

22 30 0.0430058

23 30 0.043436

24 30 0.0436949

25 30 0.0437813

26 30 0.0436949

27 30 0.043436

28 30 0.0430058

29 30 0.0424058

30 30 0.0416385

31 30 0.0407068

32 30 0.0396145

33 30 0.0383658

34 30 0.0369657

35 30 0.0354198

36 30 0.033734

37 30 0.0319152

38 30 0.0299703

39 30 0.0279072

40 30 0.025734

41 30 0.0234592

42 30 0.0210918

43 30 0.0186412

44 30 0.016117

45 30 0.0135292

46 30 0.010888

47 30 0.00820379

48 30 0.00548725

49 30 0.00274905

50 30 0

0 31 0

1 31 0.00268754

2 31 0.00536447

3 31 0.00802023

4 31 0.0106443

5 31 0.0132264

6 31 0.0157563

7 31 0.0182241

8 31 0.0206199

9 31 0.0229343

10 31 0.0251582

11 31 0.0272828

12 31 0.0292997

13 31 0.0312011

14 31 0.0329792

15 31 0.0346273

16 31 0.0361386

17 31 0.0375074

18 31 0.0387281

19 31 0.039796

20 31 0.0407068

21 31 0.041457

22 31 0.0420435

23 31 0.0424641

24 31 0.0427172

25 31 0.0428016

26 31 0.0427172

27 31 0.0424641

28 31 0.0420435

29 31 0.041457

30 31 0.0407068

31 31 0.039796

32 31 0.0387281

33 31 0.0375074

34 31 0.0361386

35 31 0.0346273

36 31 0.0329792

37 31 0.0312011

38 31 0.0292997

39 31 0.0272828

40 31 0.0251582

41 31 0.0229343

42 31 0.0206199

43 31 0.0182241

44 31 0.0157563

45 31 0.0132264

46 31 0.0106443

47 31 0.00802023

48 31 0.00536447

49 31 0.00268754

50 31 0

0 32 0

1 32 0.00261542

2 32 0.00522052

3 32 0.00780502

4 32 0.0103587

5 32 0.0128715

6 32 0.0153335

7 32 0.017735

8 32 0.0200665

9 32 0.0223189

10 32 0.0244831

11 32 0.0265507

12 32 0.0285135

13 32 0.0303638

14 32 0.0320943

15 32 0.0336981

16 32 0.0351689

17 32 0.0365009

18 32 0.0376889

19 32 0.0387281

20 32 0.0396145

21 32 0.0403445

22 32 0.0409153

23 32 0.0413247

24 32 0.0415709

25 32 0.0416531

26 32 0.0415709

27 32 0.0413247

28 32 0.0409153

29 32 0.0403445

30 32 0.0396145

31 32 0.0387281

32 32 0.0376889

33 32 0.0365009

34 32 0.0351689

35 32 0.0336981

36 32 0.0320943

37 32 0.0303638

38 32 0.0285135

39 32 0.0265507

40 32 0.0244831

41 32 0.0223189

42 32 0.0200665

43 32 0.017735

44 32 0.0153335

45 32 0.0128715

46 32 0.0103587

47 32 0.00780502

48 32 0.00522052

49 32 0.00261542

50 32 0

0 33 0

1 33 0.00253298

2 33 0.00505597

3 33 0.007559

4 33 0.0100322

5 33 0.0124658

6 33 0.0148502

7 33 0.017176

8 33 0.019434

9 33 0.0216154

10 33 0.0237114

11 33 0.0257138

12 33 0.0276148

13 33 0.0294067

14 33 0.0310827

15 33 0.0326359

16 33 0.0340604

17 33 0.0353504

18 33 0.0365009

19 33 0.0375074

20 33 0.0383658

21 33 0.0390728

22 33 0.0396257

23 33 0.0400221

24 33 0.0402606

25 33 0.0403402

26 33 0.0402606

27 33 0.0400221

28 33 0.0396257

29 33 0.0390728

30 33 0.0383658

31 33 0.0375074

32 33 0.0365009

33 33 0.0353504

34 33 0.0340604

35 33 0.0326359

36 33 0.0310827

37 33 0.0294067

38 33 0.0276148

39 33 0.0257138

40 33 0.0237114

41 33 0.0216154

42 33 0.019434

43 33 0.017176

44 33 0.0148502

45 33 0.0124658

46 33 0.0100322

47 33 0.007559

48 33 0.00505597

49 33 0.00253298

50 33 0

0 34 0

1 34 0.00244055

2 34 0.00487146

3 34 0.00728315

4 34 0.0096661

5 34 0.0120109

6 34 0.0143083

7 34 0.0165492

8 34 0.0187248

9 34 0.0208266

10 34 0.0228461

11 34 0.0247754

12 34 0.026607

13 34 0.0283336

14 34 0.0299484

15 34 0.0314449

16 34 0.0328174

17 34 0.0340604

18 34 0.0351689

19 34 0.0361386

20 34 0.0369657

21 34 0.037647

22 34 0.0381796

23 34 0.0385616

24 34 0.0387914

25 34 0.0388681

26 34 0.0387914

27 34 0.0385616

28 34 0.0381796

29 34 0.037647

30 34 0.0369657

31 34 0.0361386

32 34 0.0351689

33 34 0.0340604

34 34 0.0328174

35 34 0.0314449

36 34 0.0299484

37 34 0.0283336

38 34 0.026607

39 34 0.0247754

40 34 0.0228461

41 34 0.0208266

42 34 0.0187248

43 34 0.0165492

44 34 0.0143083

45 34 0.0120109

46 34 0.0096661

47 34 0.00728315

48 34 0.00487146

49 34 0.00244055

50 34 0

0 35 0

1 35 0.00233848

2 35 0.00466773

3 35 0.00697856

4 35 0.00926185

5 35 0.0115086

6 35 0.0137099

7 35 0.0158571

8 35 0.0179417

9 35 0.0199556

10 35 0.0218906

11 35 0.0237393

12 35 0.0254943

13 35 0.0271487

14 35 0.0286959

15 35 0.0301299

16 35 0.0314449

17 35 0.0326359

18 35 0.0336981

19 35 0.0346273

20 35 0.0354198

21 35 0.0360725

22 35 0.0365829

23 35 0.0369489

24 35 0.0371691

25 35 0.0372426

26 35 0.0371691

27 35 0.0369489

28 35 0.0365829

29 35 0.0360725

30 35 0.0354198

31 35 0.0346273

32 35 0.0336981

33 35 0.0326359

34 35 0.0314449

35 35 0.0301299

36 35 0.0286959

37 35 0.0271487

38 35 0.0254943

39 35 0.0237393

40 35 0.0218906

41 35 0.0199556

42 35 0.0179417

43 35 0.0158571

44 35 0.0137099

45 35 0.0115086

46 35 0.00926185

47 35 0.00697856

48 35 0.00466773

49 35 0.00233848

50 35 0

0 36 0

1 36 0.00222718

2 36 0.00444558

3 36 0.00664643

4 36 0.00882105

5 36 0.0109609

6 36 0.0130574

7 36 0.0151024

8 36 0.0170878

9 36 0.0190058

10 36 0.0208488

11 36 0.0226095

12 36 0.0242809

13 36 0.0258566

14 36 0.0273302

15 36 0.0286959

16 36 0.0299484

17 36 0.0310827

18 36 0.0320943

19 36 0.0329792

20 36 0.033734

21 36 0.0343557

22 36 0.0348418

23 36 0.0351904

24 36 0.0354001

25 36 0.0354701

26 36 0.0354001

27 36 0.0351904

28 36 0.0348418

29 36 0.0343557

30 36 0.033734

31 36 0.0329792

32 36 0.0320943

33 36 0.0310827

34 36 0.0299484

35 36 0.0286959

36 36 0.0273302

37 36 0.0258566

38 36 0.0242809

39 36 0.0226095

40 36 0.0208488

41 36 0.0190058

42 36 0.0170878

43 36 0.0151024

44 36 0.0130574

45 36 0.0109609

46 36 0.00882105

47 36 0.00664643

48 36 0.00444558

49 36 0.00222718

50 36 0

0 37 0

1 37 0.0021071

2 37 0.00420588

3 37 0.00628807

4 37 0.00834543

5 37 0.0103699

6 37 0.0123534

7 37 0.0142881

8 37 0.0161665

9 37 0.0179811

10 37 0.0197247

11 37 0.0213904

12 37 0.0229718

13 37 0.0244624

14 37 0.0258566

15 37 0.0271487

16 37 0.0283336

17 37 0.0294067

18 37 0.0303638

19 37 0.0312011

20 37 0.0319152

21 37 0.0325033

22 37 0.0329632

23 37 0.033293

24 37 0.0334914

25 37 0.0335576

26 37 0.0334914

27 37 0.033293

28 37 0.0329632

29 37 0.0325033

30 37 0.0319152

31 37 0.0312011

32 37 0.0303638

33 37 0.0294067

34 37 0.0283336

35 37 0.0271487

36 37 0.0258566

37 37 0.0244624

38 37 0.0229718

39 37 0.0213904

40 37 0.0197247

41 37 0.0179811

42 37 0.0161665

43 37 0.0142881

44 37 0.0123534

45 37 0.0103699

46 37 0.00834543

47 37 0.00628807

48 37 0.00420588

49 37 0.0021071

50 37 0

0 38 0

1 38 0.0019787

2 38 0.00394959

3 38 0.00590489

4 38 0.00783688

5 38 0.00973795

6 38 0.0116006

7 38 0.0134174

8 38 0.0151813

9 38 0.0168853

10 38 0.0185227

11 38 0.0200869

12 38 0.0215719

13 38 0.0229718

14 38 0.0242809

15 38 0.0254943

16 38 0.026607

17 38 0.0276148

18 38 0.0285135

19 38 0.0292997

20 38 0.0299703

21 38 0.0305226

22 38 0.0309545

23 38 0.0312642

24 38 0.0314505

25 38 0.0315127

26 38 0.0314505

27 38 0.0312642

28 38 0.0309545

29 38 0.0305226

30 38 0.0299703

31 38 0.0292997

32 38 0.0285135

33 38 0.0276148

34 38 0.026607

35 38 0.0254943

36 38 0.0242809

37 38 0.0229718

38 38 0.0215719

39 38 0.0200869

40 38 0.0185227

41 38 0.0168853

42 38 0.0151813

43 38 0.0134174

44 38 0.0116006

45 38 0.00973795

46 38 0.00783688

47 38 0.00590489

48 38 0.00394959

49 38 0.0019787

50 38 0

0 39 0

1 39 0.00184249

2 39 0.0036777

3 39 0.0054984

4 39 0.00729741

5 39 0.00906761

6 39 0.010802

7 39 0.0124938

8 39 0.0141363

9 39 0.015723

10 39 0.0172476

11 39 0.0187042

12 39 0.0200869

13 39 0.0213904

14 39 0.0226095

15 39 0.0237393

16 39 0.0247754

17 39 0.0257138

18 39 0.0265507

19 39 0.0272828

20 39 0.0279072

21 39 0.0284215

22 39 0.0288236

23 39 0.029112

24 39 0.0292855

25 39 0.0293434

26 39 0.0292855

27 39 0.029112

28 39 0.0288236

29 39 0.0284215

30 39 0.0279072

31 39 0.0272828

32 39 0.0265507

33 39 0.0257138

34 39 0.0247754

35 39 0.0237393

36 39 0.0226095

37 39 0.0213904

38 39 0.0200869

39 39 0.0187042

40 39 0.0172476

41 39 0.015723

42 39 0.0141363

43 39 0.0124938

44 39 0.010802

45 39 0.00906761

46 39 0.00729741

47 39 0.0054984

48 39 0.0036777

49 39 0.00184249

50 39 0

0 40 0

1 40 0.00169901

2 40 0.00339131

3 40 0.00507022

4 40 0.00672913

5 40 0.00836148

6 40 0.00996083

7 40 0.0115209

8 40 0.0130354

9 40 0.0144986

10 40 0.0159045

11 40 0.0172476

12 40 0.0185227

13 40 0.0197247

14 40 0.0208488

15 40 0.0218906

16 40 0.0228461

17 40 0.0237114

18 40 0.0244831

19 40 0.0251582

20 40 0.025734

21 40 0.0262082

22 40 0.026579

23 40 0.0268449

24 40 0.0270049

25 40 0.0270583

26 40 0.0270049

27 40 0.0268449

28 40 0.026579

29 40 0.0262082

30 40 0.025734

31 40 0.0251582

32 40 0.0244831

33 40 0.0237114

34 40 0.0228461

35 40 0.0218906

36 40 0.0208488

37 40 0.0197247

38 40 0.0185227

39 40 0.0172476

40 40 0.0159045

41 40 0.0144986

42 40 0.0130354

43 40 0.0115209

44 40 0.00996083

45 40 0.00836148

46 40 0.00672913

47 40 0.00507022

48 40 0.00339131

49 40 0.00169901

50 40 0

0 41 0

1 41 0.00154882

2 41 0.00309152

3 41 0.00462203

4 41 0.00613429

5 41 0.00762235

6 41 0.00908032

7 41 0.0105025

8 41 0.0118831

9 41 0.0132169

10 41 0.0144986

11 41 0.015723

12 41 0.0168853

13 41 0.0179811

14 41 0.0190058

15 41 0.0199556

16 41 0.0208266

17 41 0.0216154

18 41 0.0223189

19 41 0.0229343

20 41 0.0234592

21 41 0.0238915

22 41 0.0242295

23 41 0.0244719

24 41 0.0246178

25 41 0.0246664

26 41 0.0246178

27 41 0.0244719

28 41 0.0242295

29 41 0.0238915

30 41 0.0234592

31 41 0.0229343

32 41 0.0223189

33 41 0.0216154

34 41 0.0208266

35 41 0.0199556

36 41 0.0190058

37 41 0.0179811

38 41 0.0168853

39 41 0.015723

40 41 0.0144986

41 41 0.0132169

42 41 0.0118831

43 41 0.0105025

44 41 0.00908032

45 41 0.00762235

46 41 0.00613429

47 41 0.00462203

48 41 0.00309152

49 41 0.00154882

50 41 0

0 42 0

1 42 0.00139252

2 42 0.00277954

3 42 0.0041556

4 42 0.00551525

5 42 0.00685314

6 42 0.00816398

7 42 0.0094426

8 42 0.010684

9 42 0.0118831

10 42 0.0130354

11 42 0.0141363

12 42 0.0151813

13 42 0.0161665

14 42 0.0170878

15 42 0.0179417

16 42 0.0187248

17 42 0.019434

18 42 0.0200665

19 42 0.0206199

20 42 0.0210918

21 42 0.0214805

22 42 0.0217844

23 42 0.0220023

24 42 0.0221335

25 42 0.0221772

26 42 0.0221335

27 42 0.0220023

28 42 0.0217844

29 42 0.0214805

30 42 0.0210918

31 42 0.0206199

32 42 0.0200665

33 42 0.019434

34 42 0.0187248

35 42 0.0179417

36 42 0.0170878

37 42 0.0161665

38 42 0.0151813

39 42 0.0141363

40 42 0.0130354

41 42 0.0118831

42 42 0.010684

43 42 0.0094426

44 42 0.00816398

45 42 0.00685314

46 42 0.00551525

47 42 0.0041556

48 42 0.00277954

49 42 0.00139252

50 42 0

0 43 0

1 43 0.00123072

2 43 0.00245659

3 43 0.00367276

4 43 0.00487444

5 43 0.00605688

6 43 0.00721541

7 43 0.00834547

8 43 0.0094426

9 43 0.0105025

10 43 0.0115209

11 43 0.0124938

12 43 0.0134174

13 43 0.0142881

14 43 0.0151024

15 43 0.0158571

16 43 0.0165492

17 43 0.017176

18 43 0.017735

19 43 0.0182241

20 43 0.0186412

21 43 0.0189847

22 43 0.0192533

23 43 0.0194459

24 43 0.0195618

25 43 0.0196005

26 43 0.0195618

27 43 0.0194459

28 43 0.0192533

29 43 0.0189847

30 43 0.0186412

31 43 0.0182241

32 43 0.017735

33 43 0.017176

34 43 0.0165492

35 43 0.0158571

36 43 0.0151024

37 43 0.0142881

38 43 0.0134174

39 43 0.0124938

40 43 0.0115209

41 43 0.0105025

42 43 0.0094426

43 43 0.00834547

44 43 0.00721541

45 43 0.00605688

46 43 0.00487444

47 43 0.00367276

48 43 0.00245659

49 43 0.00123072

50 43 0

0 44 0

1 44 0.00106407

2 44 0.00212394

3 44 0.00317543

4 44 0.00421439

5 44 0.00523672

6 44 0.00623838

7 44 0.00721541

8 44 0.00816398

9 44 0.00908032

10 44 0.00996083

11 44 0.010802

12 44 0.0116006

13 44 0.0123534

14 44 0.0130574

15 44 0.0137099

16 44 0.0143083

17 44 0.0148502

18 44 0.0153335

19 44 0.0157563

20 44 0.016117

21 44 0.016414

22 44 0.0166462

23 44 0.0168127

24 44 0.0169129

25 44 0.0169464

26 44 0.0169129

27 44 0.0168127

28 44 0.0166462

29 44 0.016414

30 44 0.016117

31 44 0.0157563

32 44 0.0153335

33 44 0.0148502

34 44 0.0143083

35 44 0.0137099

36 44 0.0130574

37 44 0.0123534

38 44 0.0116006

39 44 0.010802

40 44 0.00996083

41 44 0.00908032

42 44 0.00816398

43 44 0.00721541

44 44 0.00623838

45 44 0.00523672

46 44 0.00421439

47 44 0.00317543

48 44 0.00212394

49 44 0.00106407

50 44 0

0 45 0

1 45 0.00089322

2 45 0.00178291

3 45 0.00266557

4 45 0.00353771

5 45 0.00439589

6 45 0.00523672

7 45 0.00605688

8 45 0.00685314

9 45 0.00762235

10 45 0.00836148

11 45 0.00906761

12 45 0.00973795

13 45 0.0103699

14 45 0.0109609

15 45 0.0115086

16 45 0.0120109

17 45 0.0124658

18 45 0.0128715

19 45 0.0132264

20 45 0.0135292

21 45 0.0137785

22 45 0.0139734

23 45 0.0141132

24 45 0.0141973

25 45 0.0142254

26 45 0.0141973

27 45 0.0141132

28 45 0.0139734

29 45 0.0137785

30 45 0.0135292

31 45 0.0132264

32 45 0.0128715

33 45 0.0124658

34 45 0.0120109

35 45 0.0115086

36 45 0.0109609

37 45 0.0103699

38 45 0.00973795

39 45 0.00906761

40 45 0.00836148

41 45 0.00762235

42 45 0.00685314

43 45 0.00605688

44 45 0.00523672

45 45 0.00439589

46 45 0.00353771

47 45 0.00266557

48 45 0.00178291

49 45 0.00089322

50 45 0

0 46 0

1 46 0.000718843

2 46 0.00143485

3 46 0.00214519

4 46 0.00284707

5 46 0.00353771

6 46 0.00421439

7 46 0.00487444

8 46 0.00551525

9 46 0.00613429

10 46 0.00672913

11 46 0.00729741

12 46 0.00783688

13 46 0.00834543

14 46 0.00882105

15 46 0.00926185

16 46 0.0096661

17 46 0.0100322

18 46 0.0103587

19 46 0.0106443

20 46 0.010888

21 46 0.0110886

22 46 0.0112455

23 46 0.011358

24 46 0.0114257

25 46 0.0114483

26 46 0.0114257

27 46 0.011358

28 46 0.0112455

29 46 0.0110886

30 46 0.010888

31 46 0.0106443

32 46 0.0103587

33 46 0.0100322

34 46 0.0096661

35 46 0.00926185

36 46 0.00882105

37 46 0.00834543

38 46 0.00783688

39 46 0.00729741

40 46 0.00672913

41 46 0.00613429

42 46 0.00551525

43 46 0.00487444

44 46 0.00421439

45 46 0.00353771

46 46 0.00284707

47 46 0.00214519

48 46 0.00143485

49 46 0.000718843

50 46 0

0 47 0

1 47 0.000541629

2 47 0.00108112

3 47 0.00161635

4 47 0.00214519

5 47 0.00266557

6 47 0.00317543

7 47 0.00367276

8 47 0.0041556

9 47 0.00462203

10 47 0.00507022

11 47 0.0054984

12 47 0.00590489

13 47 0.00628807

14 47 0.00664643

15 47 0.00697856

16 47 0.00728315

17 47 0.007559

18 47 0.00780502

19 47 0.00802023

20 47 0.00820379

21 47 0.00835497

22 47 0.00847319

23 47 0.00855796

24 47 0.00860895

25 47 0.00862598

26 47 0.00860895

27 47 0.00855796

28 47 0.00847319

29 47 0.00835497

30 47 0.00820379

31 47 0.00802023

32 47 0.00780502

33 47 0.007559

34 47 0.00728315

35 47 0.00697856

36 47 0.00664643

37 47 0.00628807

38 47 0.00590489

39 47 0.0054984

40 47 0.00507022

41 47 0.00462203

42 47 0.0041556

43 47 0.00367276

44 47 0.00317543

45 47 0.00266557

46 47 0.00214519

47 47 0.00161635

48 47 0.00108112

49 47 0.000541629

50 47 0

0 48 0

1 48 0.000362278

2 48 0.000723127

3 48 0.00108112

4 48 0.00143485

5 48 0.00178291

6 48 0.00212394

7 48 0.00245659

8 48 0.00277954

9 48 0.00309152

10 48 0.00339131

11 48 0.0036777

12 48 0.00394959

13 48 0.00420588

14 48 0.00444558

15 48 0.00466773

16 48 0.00487146

17 48 0.00505597

18 48 0.00522052

19 48 0.00536447

20 48 0.00548725

21 48 0.00558837

22 48 0.00566744

23 48 0.00572414

24 48 0.00575825

25 48 0.00576963

26 48 0.00575825

