0 1 0

1 1 0.00027796

2 1 0.000554822

3 1 0.000829496

4 1 0.00110089

5 1 0.00136795

6 1 0.00162961

7 1 0.00188483

8 1 0.00213262

9 1 0.00237199

10 1 0.00260199

11 1 0.00282173

12 1 0.00303034

13 1 0.00322698

14 1 0.00341089

15 1 0.00358134

16 1 0.00373765

17 1 0.00387922

18 1 0.00400547

19 1 0.00411591

20 1 0.00421012

21 1 0.0042877

22 1 0.00434837

23 1 0.00439187

24 1 0.00441804

25 1 0.00442678

26 1 0.00441804

27 1 0.00439187

28 1 0.00434837

29 1 0.0042877

30 1 0.00421012

31 1 0.00411591

32 1 0.00400547

33 1 0.00387922

34 1 0.00373765

35 1 0.00358134

36 1 0.00341089

37 1 0.00322698

38 1 0.00303034

39 1 0.00282173

40 1 0.00260199

41 1 0.00237199

42 1 0.00213262

43 1 0.00188483

44 1 0.00162961

45 1 0.00136795

46 1 0.00110089

47 1 0.000829496

48 1 0.000554822

49 1 0.00027796

50 1 0

0 2 0

1 2 0.000554822

2 2 0.00110746

3 2 0.00165572

4 2 0.00219745

5 2 0.0027305

6 2 0.00325278

7 2 0.00376222

8 2 0.00425682

9 2 0.00473461

10 2 0.00519372

11 2 0.00563233

12 2 0.00604872

13 2 0.00644123

14 2 0.00680832

15 2 0.00714854

16 2 0.00746055

17 2 0.00774312

18 2 0.00799513

19 2 0.00821558

20 2 0.00840362

21 2 0.00855848

22 2 0.00867957

23 2 0.00876641

24 2 0.00881865

25 2 0.00883609

26 2 0.00881865

27 2 0.00876641

28 2 0.00867957

29 2 0.00855848

30 2 0.00840362

31 2 0.00821558

32 2 0.00799513

33 2 0.00774312

34 2 0.00746055

35 2 0.00714854

36 2 0.00680832

37 2 0.00644123

38 2 0.00604872

39 2 0.00563233

40 2 0.00519372

41 2 0.00473461

42 2 0.00425682

43 2 0.00376222

44 2 0.00325278

45 2 0.0027305

46 2 0.00219745

47 2 0.00165572

48 2 0.00110746

49 2 0.000554822

50 2 0

0 3 0

1 3 0.000829496

2 3 0.00165572

3 3 0.0024754

4 3 0.00328532

5 3 0.00408228

6 3 0.00486312

7 3 0.00562477

8 3 0.00636422

9 3 0.00707855

10 3 0.00776495

11 3 0.0084207

12 3 0.00904322

13 3 0.00963006

14 3 0.0101789

15 3 0.0106875

16 3 0.011154

17 3 0.0115765

18 3 0.0119532

19 3 0.0122828

20 3 0.012564

21 3 0.0127955

22 3 0.0129765

23 3 0.0131064

24 3 0.0131845

25 3 0.0132105

26 3 0.0131845

27 3 0.0131064

28 3 0.0129765

29 3 0.0127955

30 3 0.012564

31 3 0.0122828

32 3 0.0119532

33 3 0.0115765

34 3 0.011154

35 3 0.0106875

36 3 0.0101789

37 3 0.00963006

38 3 0.00904322

39 3 0.0084207

40 3 0.00776495

41 3 0.00707855

42 3 0.00636422

43 3 0.00562477

44 3 0.00486312

45 3 0.00408228

46 3 0.00328532

47 3 0.0024754

48 3 0.00165572

49 3 0.000829496

50 3 0

0 4 0

1 4 0.00110089

2 4 0.00219745

3 4 0.00328532

4 4 0.00436024

5 4 0.00541794

6 4 0.00645426

7 4 0.00746511

8 4 0.0084465

9 4 0.00939456

10 4 0.0103055

11 4 0.0111758

12 4 0.012002

13 4 0.0127809

14 4 0.0135093

15 4 0.0141844

16 4 0.0148035

17 4 0.0153641

18 4 0.0158642

19 4 0.0163016

20 4 0.0166747

21 4 0.016982

22 4 0.0172223

23 4 0.0173946

24 4 0.0174982

25 4 0.0175328

26 4 0.0174982

27 4 0.0173946

28 4 0.0172223

29 4 0.016982

30 4 0.0166747

31 4 0.0163016

32 4 0.0158642

33 4 0.0153641

34 4 0.0148035

35 4 0.0141844

36 4 0.0135093

37 4 0.0127809

38 4 0.012002

39 4 0.0111758

40 4 0.0103055

41 4 0.00939456

42 4 0.0084465

43 4 0.00746511

44 4 0.00645426

45 4 0.00541794

46 4 0.00436024

47 4 0.00328532

48 4 0.00219745

49 4 0.00110089

50 4 0

0 5 0

1 5 0.00136795

2 5 0.0027305

3 5 0.00408228

4 5 0.00541794

5 5 0.00673222

6 5 0.00801993

7 5 0.009276

8 5 0.0104955

9 5 0.0116735

10 5 0.0128054

11 5 0.0138869

12 5 0.0149135

13 5 0.0158813

14 5 0.0167863

15 5 0.0176252

16 5 0.0183945

17 5 0.0190912

18 5 0.0197125

19 5 0.020256

20 5 0.0207196

21 5 0.0211015

22 5 0.0214

23 5 0.0216141

24 5 0.0217429

25 5 0.0217859

26 5 0.0217429

27 5 0.0216141

28 5 0.0214

29 5 0.0211015

30 5 0.0207196

31 5 0.020256

32 5 0.0197125

33 5 0.0190912

34 5 0.0183945

35 5 0.0176252

36 5 0.0167863

37 5 0.0158813

38 5 0.0149135

39 5 0.0138869

40 5 0.0128054

41 5 0.0116735

42 5 0.0104955

43 5 0.009276

44 5 0.00801993

45 5 0.00673222

46 5 0.00541794

47 5 0.00408228

48 5 0.0027305

49 5 0.00136795

50 5 0

0 6 0

1 6 0.00162961

2 6 0.00325278

3 6 0.00486312

4 6 0.00645426

5 6 0.00801993

6 6 0.00955396

7 6 0.0110503

8 6 0.012503

9 6 0.0139063

10 6 0.0152548

11 6 0.0165431

12 6 0.0177661

13 6 0.018919

14 6 0.0199972

15 6 0.0209965

16 6 0.0219129

17 6 0.0227428

18 6 0.023483

19 6 0.0241305

20 6 0.0246828

21 6 0.0251377

22 6 0.0254934

23 6 0.0257484

24 6 0.0259018

25 6 0.0259531

26 6 0.0259018

27 6 0.0257484

28 6 0.0254934

29 6 0.0251377

30 6 0.0246828

31 6 0.0241305

32 6 0.023483

33 6 0.0227428

34 6 0.0219129

35 6 0.0209965

36 6 0.0199972

37 6 0.018919

38 6 0.0177661

39 6 0.0165431

40 6 0.0152548

41 6 0.0139063

42 6 0.012503

43 6 0.0110503

44 6 0.00955396

45 6 0.00801993

46 6 0.00645426

47 6 0.00486312

48 6 0.00325278

49 6 0.00162961

50 6 0

0 7 0

1 7 0.00188483

2 7 0.00376222

3 7 0.00562477

4 7 0.00746511

5 7 0.009276

6 7 0.0110503

7 7 0.0127809

8 7 0.0144612

9 7 0.0160843

10 7 0.017644

11 7 0.019134

12 7 0.0205486

13 7 0.021882

14 7 0.0231291

15 7 0.0242849

16 7 0.0253448

17 7 0.0263048

18 7 0.0271609

19 7 0.0279098

20 7 0.0285486

21 7 0.0290747

22 7 0.0294861

23 7 0.0297811

24 7 0.0299585

25 7 0.0300178

26 7 0.0299585

27 7 0.0297811

28 7 0.0294861

29 7 0.0290747

30 7 0.0285486

31 7 0.0279098

32 7 0.0271609

33 7 0.0263048

34 7 0.0253448

35 7 0.0242849

36 7 0.0231291

37 7 0.021882

38 7 0.0205486

39 7 0.019134

40 7 0.017644

41 7 0.0160843

42 7 0.0144612

43 7 0.0127809

44 7 0.0110503

45 7 0.009276

46 7 0.00746511

47 7 0.00562477

48 7 0.00376222

49 7 0.00188483

50 7 0

0 8 0

1 8 0.00213262

2 8 0.00425682

3 8 0.00636422

4 8 0.0084465

5 8 0.0104955

6 8 0.012503

7 8 0.0144612

8 8 0.0163623

9 8 0.0181988

10 8 0.0199635

11 8 0.0216495

12 8 0.02325

13 8 0.0247587

14 8 0.0261697

15 8 0.0274774

16 8 0.0286767

17 8 0.0297629

18 8 0.0307315

19 8 0.0315789

20 8 0.0323017

21 8 0.0328969

22 8 0.0333624

23 8 0.0336962

24 8 0.033897

25 8 0.033964

26 8 0.033897

27 8 0.0336962

28 8 0.0333624

29 8 0.0328969

30 8 0.0323017

31 8 0.0315789

32 8 0.0307315

33 8 0.0297629

34 8 0.0286767

35 8 0.0274774

36 8 0.0261697

37 8 0.0247587

38 8 0.02325

39 8 0.0216495

40 8 0.0199635

41 8 0.0181988

42 8 0.0163623

43 8 0.0144612

44 8 0.012503

45 8 0.0104955

46 8 0.0084465

47 8 0.00636422

48 8 0.00425682

49 8 0.00213262

50 8 0

0 9 0

1 9 0.00237199

2 9 0.00473461

3 9 0.00707855

4 9 0.00939456

5 9 0.0116735

6 9 0.0139063

7 9 0.0160843

8 9 0.0181988

9 9 0.0202415

10 9 0.0222043

11 9 0.0240794

12 9 0.0258596

13 9 0.0275377

14 9 0.0291071

15 9 0.0305616

16 9 0.0318955

17 9 0.0331035

18 9 0.0341809

19 9 0.0351234

20 9 0.0359273

21 9 0.0365894

22 9 0.0371071

23 9 0.0374783

24 9 0.0377016

25 9 0.0377762

26 9 0.0377016

27 9 0.0374783

28 9 0.0371071

29 9 0.0365894

30 9 0.0359273

31 9 0.0351234

32 9 0.0341809

33 9 0.0331035

34 9 0.0318955

35 9 0.0305616

36 9 0.0291071

37 9 0.0275377

38 9 0.0258596

39 9 0.0240794

40 9 0.0222043

41 9 0.0202415

42 9 0.0181988

43 9 0.0160843

44 9 0.0139063

45 9 0.0116735

46 9 0.00939456

47 9 0.00707855

48 9 0.00473461

49 9 0.00237199

50 9 0

0 10 0

1 10 0.00260199

2 10 0.00519372

3 10 0.00776495

4 10 0.0103055

5 10 0.0128054

6 10 0.0152548

7 10 0.017644

8 10 0.0199635

9 10 0.0222043

10 10 0.0243574

11 10 0.0264144

12 10 0.0283671

13 10 0.0302079

14 10 0.0319295

15 10 0.0335251

16 10 0.0349884

17 10 0.0363135

18 10 0.0374954

19 10 0.0385293

20 10 0.0394111

21 10 0.0401374

22 10 0.0407053

23 10 0.0411125

24 10 0.0413575

25 10 0.0414393

26 10 0.0413575

27 10 0.0411125

28 10 0.0407053

29 10 0.0401374

30 10 0.0394111

31 10 0.0385293

32 10 0.0374954

33 10 0.0363135

34 10 0.0349884

35 10 0.0335251

36 10 0.0319295

37 10 0.0302079

38 10 0.0283671

39 10 0.0264144

40 10 0.0243574

41 10 0.0222043

42 10 0.0199635

43 10 0.017644

44 10 0.0152548

45 10 0.0128054

46 10 0.0103055

47 10 0.00776495

48 10 0.00519372

49 10 0.00260199

50 10 0

0 11 0

1 11 0.00282173

2 11 0.00563233

3 11 0.0084207

4 11 0.0111758

5 11 0.0138869

6 11 0.0165431

7 11 0.019134

8 11 0.0216495

9 11 0.0240794

10 11 0.0264144

11 11 0.0286451

12 11 0.0307628

13 11 0.032759

14 11 0.034626

15 11 0.0363563

16 11 0.0379431

17 11 0.0393802

18 11 0.0406619

19 11 0.0417831

20 11 0.0427394

21 11 0.043527

22 11 0.0441429

23 11 0.0445845

24 11 0.0448502

25 11 0.0449389

26 11 0.0448502

27 11 0.0445845

28 11 0.0441429

29 11 0.043527

30 11 0.0427394

31 11 0.0417831

32 11 0.0406619

33 11 0.0393802

34 11 0.0379431

35 11 0.0363563

36 11 0.034626

37 11 0.032759

38 11 0.0307628

39 11 0.0286451

40 11 0.0264144

41 11 0.0240794

42 11 0.0216495

43 11 0.019134

44 11 0.0165431

45 11 0.0138869

46 11 0.0111758

47 11 0.0084207

48 11 0.00563233

49 11 0.00282173

50 11 0

0 12 0

1 12 0.00303034

2 12 0.00604872

3 12 0.00904322

4 12 0.012002

5 12 0.0149135

6 12 0.0177661

7 12 0.0205486

8 12 0.02325

9 12 0.0258596

10 12 0.0283671

11 12 0.0307628

12 12 0.033037

13 12 0.0351808

14 12 0.0371858

15 12 0.039044

16 12 0.0407482

17 12 0.0422915

18 12 0.0436679

19 12 0.044872

20 12 0.045899

21 12 0.0467449

22 12 0.0474062

23 12 0.0478805

24 12 0.0481658

25 12 0.0482611

26 12 0.0481658

27 12 0.0478805

28 12 0.0474062

29 12 0.0467449

30 12 0.045899

31 12 0.044872

32 12 0.0436679

33 12 0.0422915

34 12 0.0407482

35 12 0.039044

36 12 0.0371858

37 12 0.0351808

38 12 0.033037

39 12 0.0307628

40 12 0.0283671

41 12 0.0258596

42 12 0.02325

43 12 0.0205486

44 12 0.0177661

45 12 0.0149135

46 12 0.012002

47 12 0.00904322

48 12 0.00604872

49 12 0.00303034

50 12 0

0 13 0

1 13 0.00322698

2 13 0.00644123

3 13 0.00963006

4 13 0.0127809

5 13 0.0158813

6 13 0.018919

7 13 0.021882

8 13 0.0247587

9 13 0.0275377

10 13 0.0302079

11 13 0.032759

12 13 0.0351808

13 13 0.0374638

14 13 0.0395989

15 13 0.0415777

16 13 0.0433924

17 13 0.0450359

18 13 0.0465016

19 13 0.0477838

20 13 0.0488775

21 13 0.0497782

22 13 0.0504825

23 13 0.0509876

24 13 0.0512914

25 13 0.0513928

26 13 0.0512914

27 13 0.0509876

28 13 0.0504825

29 13 0.0497782

30 13 0.0488775

31 13 0.0477838

32 13 0.0465016

33 13 0.0450359

34 13 0.0433924

35 13 0.0415777

36 13 0.0395989

37 13 0.0374638

38 13 0.0351808

39 13 0.032759

40 13 0.0302079

41 13 0.0275377

42 13 0.0247587

43 13 0.021882

44 13 0.018919

45 13 0.0158813

46 13 0.0127809

47 13 0.00963006

48 13 0.00644123

49 13 0.00322698

50 13 0

0 14 0

1 14 0.00341089

2 14 0.00680832

3 14 0.0101789

4 14 0.0135093

5 14 0.0167863

6 14 0.0199972

7 14 0.0231291

8 14 0.0261697

9 14 0.0291071

10 14 0.0319295

11 14 0.034626

12 14 0.0371858

13 14 0.0395989

14 14 0.0418556

15 14 0.0439472

16 14 0.0458654

17 14 0.0476025

18 14 0.0491518

19 14 0.0505071

20 14 0.0516631

21 14 0.0526151

22 14 0.0533596

23 14 0.0538934

24 14 0.0542146

25 14 0.0543218

26 14 0.0542146

27 14 0.0538934

28 14 0.0533596

29 14 0.0526151

30 14 0.0516631

31 14 0.0505071

32 14 0.0491518

33 14 0.0476025

34 14 0.0458654

35 14 0.0439472

36 14 0.0418556

37 14 0.0395989

38 14 0.0371858

39 14 0.034626

40 14 0.0319295

41 14 0.0291071

42 14 0.0261697

43 14 0.0231291

44 14 0.0199972

45 14 0.0167863

46 14 0.0135093

47 14 0.0101789

48 14 0.00680832

49 14 0.00341089

50 14 0

0 15 0

1 15 0.00358134

2 15 0.00714854

3 15 0.0106875

4 15 0.0141844

5 15 0.0176252

6 15 0.0209965

7 15 0.0242849

8 15 0.0274774

9 15 0.0305616

10 15 0.0335251

11 15 0.0363563

12 15 0.039044

13 15 0.0415777

14 15 0.0439472

15 15 0.0461433

16 15 0.0481573

17 15 0.0499813

18 15 0.051608

19 15 0.053031

20 15 0.0542447

21 15 0.0552444

22 15 0.056026

23 15 0.0565865

24 15 0.0569237

25 15 0.0570363

26 15 0.0569237

27 15 0.0565865

28 15 0.056026

29 15 0.0552444

30 15 0.0542447

31 15 0.053031

32 15 0.051608

33 15 0.0499813

34 15 0.0481573

35 15 0.0461433

36 15 0.0439472

37 15 0.0415777

38 15 0.039044

39 15 0.0363563

40 15 0.0335251

41 15 0.0305616

42 15 0.0274774

43 15 0.0242849

44 15 0.0209965

45 15 0.0176252

46 15 0.0141844

47 15 0.0106875

48 15 0.00714854

49 15 0.00358134

50 15 0

0 16 0

1 16 0.00373765

2 16 0.00746055

3 16 0.011154

4 16 0.0148035

5 16 0.0183945

6 16 0.0219129

7 16 0.0253448

8 16 0.0286767

9 16 0.0318955

10 16 0.0349884

11 16 0.0379431

12 16 0.0407482

13 16 0.0433924

14 16 0.0458654

15 16 0.0481573

16 16 0.0502592

17 16 0.0521628

18 16 0.0538605

19 16 0.0553456

20 16 0.0566123

21 16 0.0576556

22 16 0.0584714

23 16 0.0590564

24 16 0.0594083

25 16 0.0595257

26 16 0.0594083

27 16 0.0590564

28 16 0.0584714

29 16 0.0576556

30 16 0.0566123

31 16 0.0553456

32 16 0.0538605

33 16 0.0521628

34 16 0.0502592

35 16 0.0481573

36 16 0.0458654

37 16 0.0433924

38 16 0.0407482

39 16 0.0379431

40 16 0.0349884

41 16 0.0318955

42 16 0.0286767

43 16 0.0253448

44 16 0.0219129

45 16 0.0183945

46 16 0.0148035

47 16 0.011154

48 16 0.00746055

49 16 0.00373765

50 16 0

0 17 0

1 17 0.00387922

2 17 0.00774312

3 17 0.0115765

4 17 0.0153641

5 17 0.0190912

6 17 0.0227428

7 17 0.0263048

8 17 0.0297629

9 17 0.0331035

10 17 0.0363135

11 17 0.0393802

12 17 0.0422915

13 17 0.0450359

14 17 0.0476025

15 17 0.0499813

16 17 0.0521628

17 17 0.0541385

18 17 0.0559005

19 17 0.0574418

20 17 0.0587565

21 17 0.0598393

22 17 0.060686

23 17 0.0612931

24 17 0.0616584

25 17 0.0617803

26 17 0.0616584

27 17 0.0612931

28 17 0.060686

29 17 0.0598393

30 17 0.0587565

31 17 0.0574418

32 17 0.0559005

33 17 0.0541385

34 17 0.0521628

35 17 0.0499813

36 17 0.0476025

37 17 0.0450359

38 17 0.0422915

39 17 0.0393802

40 17 0.0363135

41 17 0.0331035

42 17 0.0297629

43 17 0.0263048

44 17 0.0227428

45 17 0.0190912

46 17 0.0153641

47 17 0.0115765

48 17 0.00774312

49 17 0.00387922

50 17 0

0 18 0

1 18 0.00400547

2 18 0.00799513

3 18 0.0119532

4 18 0.0158642

5 18 0.0197125

6 18 0.023483

7 18 0.0271609

8 18 0.0307315

9 18 0.0341809

10 18 0.0374954

11 18 0.0406619

12 18 0.0436679

13 18 0.0465016

14 18 0.0491518

15 18 0.051608

16 18 0.0538605

17 18 0.0559005

18 18 0.0577198

19 18 0.0593114

20 18 0.0606688

21 18 0.0617869

22 18 0.0626611

23 18 0.063288

24 18 0.0636651

25 18 0.063791

26 18 0.0636651

27 18 0.063288

28 18 0.0626611

29 18 0.0617869

30 18 0.0606688

31 18 0.0593114

32 18 0.0577198

33 18 0.0559005

34 18 0.0538605

35 18 0.051608

36 18 0.0491518

37 18 0.0465016

38 18 0.0436679

39 18 0.0406619

40 18 0.0374954

41 18 0.0341809

42 18 0.0307315

43 18 0.0271609

44 18 0.023483

45 18 0.0197125

46 18 0.0158642

47 18 0.0119532

48 18 0.00799513

49 18 0.00400547

50 18 0

0 19 0

1 19 0.00411591

2 19 0.00821558

3 19 0.0122828

4 19 0.0163016

5 19 0.020256

6 19 0.0241305

7 19 0.0279098

8 19 0.0315789

9 19 0.0351234

10 19 0.0385293

11 19 0.0417831

12 19 0.044872

13 19 0.0477838

14 19 0.0505071

15 19 0.053031

16 19 0.0553456

17 19 0.0574418

18 19 0.0593114

19 19 0.0609468

20 19 0.0623417

21 19 0.0634906

22 19 0.0643889

23 19 0.065033

24 19 0.0654206

25 19 0.0655499

26 19 0.0654206

27 19 0.065033

28 19 0.0643889

29 19 0.0634906

30 19 0.0623417

31 19 0.0609468

32 19 0.0593114

33 19 0.0574418

34 19 0.0553456

35 19 0.053031

36 19 0.0505071

37 19 0.0477838

38 19 0.044872

39 19 0.0417831

40 19 0.0385293

41 19 0.0351234

42 19 0.0315789

43 19 0.0279098

44 19 0.0241305

45 19 0.020256

46 19 0.0163016

47 19 0.0122828

48 19 0.00821558

49 19 0.00411591

50 19 0

0 20 0

1 20 0.00421012

2 20 0.00840362

3 20 0.012564

4 20 0.0166747

5 20 0.0207196

6 20 0.0246828

7 20 0.0285486

8 20 0.0323017

9 20 0.0359273

10 20 0.0394111

11 20 0.0427394

12 20 0.045899

13 20 0.0488775

14 20 0.0516631

15 20 0.0542447

16 20 0.0566123

17 20 0.0587565

18 20 0.0606688

19 20 0.0623417

20 20 0.0637685

21 20 0.0649437

22 20 0.0658625

23 20 0.0665215

24 20 0.0669179

25 20 0.0670502

26 20 0.0669179

27 20 0.0665215

28 20 0.0658625

29 20 0.0649437

30 20 0.0637685

31 20 0.0623417

32 20 0.0606688

33 20 0.0587565

34 20 0.0566123

35 20 0.0542447

36 20 0.0516631

37 20 0.0488775

38 20 0.045899

39 20 0.0427394

40 20 0.0394111

41 20 0.0359273

42 20 0.0323017

43 20 0.0285486

44 20 0.0246828

45 20 0.0207196

46 20 0.0166747

47 20 0.012564

48 20 0.00840362

49 20 0.00421012

50 20 0

0 21 0

1 21 0.0042877

2 21 0.00855848

3 21 0.0127955

4 21 0.016982

5 21 0.0211015

6 21 0.0251377

7 21 0.0290747

8 21 0.0328969

9 21 0.0365894

10 21 0.0401374

11 21 0.043527

12 21 0.0467449

13 21 0.0497782

14 21 0.0526151

15 21 0.0552444

16 21 0.0576556

17 21 0.0598393

18 21 0.0617869

19 21 0.0634906

20 21 0.0649437

21 21 0.0661405

22 21 0.0670763

23 21 0.0677474

24 21 0.0681511

25 21 0.0682858

26 21 0.0681511

27 21 0.0677474

28 21 0.0670763

29 21 0.0661405

30 21 0.0649437

31 21 0.0634906

32 21 0.0617869

33 21 0.0598393

34 21 0.0576556

35 21 0.0552444

36 21 0.0526151

37 21 0.0497782

38 21 0.0467449

39 21 0.043527

40 21 0.0401374

41 21 0.0365894

42 21 0.0328969

43 21 0.0290747

44 21 0.0251377

45 21 0.0211015

46 21 0.016982

47 21 0.0127955

48 21 0.00855848

49 21 0.0042877

50 21 0

0 22 0

1 22 0.00434837

2 22 0.00867957

3 22 0.0129765

4 22 0.0172223

5 22 0.0214

6 22 0.0254934

7 22 0.0294861

8 22 0.0333624

9 22 0.0371071

10 22 0.0407053

11 22 0.0441429

12 22 0.0474062

13 22 0.0504825

14 22 0.0533596

15 22 0.056026

16 22 0.0584714

17 22 0.060686

18 22 0.0626611

19 22 0.0643889

20 22 0.0658625

21 22 0.0670763

22 22 0.0680253

23 22 0.0687059

24 22 0.0691153

25 22 0.069252

26 22 0.0691153

27 22 0.0687059

28 22 0.0680253

29 22 0.0670763

30 22 0.0658625

31 22 0.0643889

32 22 0.0626611

33 22 0.060686

34 22 0.0584714

35 22 0.056026

36 22 0.0533596

37 22 0.0504825

38 22 0.0474062

39 22 0.0441429

40 22 0.0407053

41 22 0.0371071

42 22 0.0333624

43 22 0.0294861

44 22 0.0254934

45 22 0.0214

46 22 0.0172223

47 22 0.0129765

48 22 0.00867957

49 22 0.00434837

50 22 0

0 23 0

1 23 0.00439187

2 23 0.00876641

3 23 0.0131064

4 23 0.0173946

5 23 0.0216141

6 23 0.0257484

7 23 0.0297811

8 23 0.0336962

9 23 0.0374783

10 23 0.0411125

11 23 0.0445845

12 23 0.0478805

13 23 0.0509876

14 23 0.0538934

15 23 0.0565865

16 23 0.0590564

17 23 0.0612931

18 23 0.063288

19 23 0.065033

20 23 0.0665215

21 23 0.0677474

22 23 0.0687059

23 23 0.0693933

24 23 0.0698068

25 23 0.0699448

26 23 0.0698068

27 23 0.0693933

28 23 0.0687059

29 23 0.0677474

30 23 0.0665215

31 23 0.065033

32 23 0.063288

33 23 0.0612931

34 23 0.0590564

35 23 0.0565865

36 23 0.0538934

37 23 0.0509876

38 23 0.0478805

39 23 0.0445845

40 23 0.0411125

41 23 0.0374783

42 23 0.0336962

43 23 0.0297811

44 23 0.0257484

45 23 0.0216141

46 23 0.0173946

47 23 0.0131064

48 23 0.00876641

49 23 0.00439187

50 23 0

0 24 0

1 24 0.00441804

2 24 0.00881865

3 24 0.0131845

4 24 0.0174982

5 24 0.0217429

6 24 0.0259018

7 24 0.0299585

8 24 0.033897

9 24 0.0377016

10 24 0.0413575

11 24 0.0448502

12 24 0.0481658

13 24 0.0512914

14 24 0.0542146

15 24 0.0569237

16 24 0.0594083

17 24 0.0616584

18 24 0.0636651

19 24 0.0654206

20 24 0.0669179

21 24 0.0681511

22 24 0.0691153

23 24 0.0698068

24 24 0.0702228

25 24 0.0703616

26 24 0.0702228

27 24 0.0698068

28 24 0.0691153

29 24 0.0681511

30 24 0.0669179

31 24 0.0654206

32 24 0.0636651

33 24 0.0616584

34 24 0.0594083

35 24 0.0569237

36 24 0.0542146

37 24 0.0512914

38 24 0.0481658

39 24 0.0448502

40 24 0.0413575

41 24 0.0377016

42 24 0.033897

43 24 0.0299585

44 24 0.0259018

45 24 0.0217429

46 24 0.0174982

47 24 0.0131845

48 24 0.00881865

49 24 0.00441804

50 24 0

0 25 0

1 25 0.00442678

2 25 0.00883609

3 25 0.0132105

4 25 0.0175328

5 25 0.0217859

6 25 0.0259531

7 25 0.0300178

8 25 0.033964

9 25 0.0377762

10 25 0.0414393

11 25 0.0449389

12 25 0.0482611

13 25 0.0513928

14 25 0.0543218

15 25 0.0570363

16 25 0.0595257

17 25 0.0617803

18 25 0.063791

19 25 0.0655499

20 25 0.0670502

21 25 0.0682858

22 25 0.069252

23 25 0.0699448

24 25 0.0703616

25 25 0.0705007

26 25 0.0703616

27 25 0.0699448

28 25 0.069252

29 25 0.0682858

30 25 0.0670502

31 25 0.0655499

32 25 0.063791

33 25 0.0617803

34 25 0.0595257

35 25 0.0570363

36 25 0.0543218

37 25 0.0513928

38 25 0.0482611

39 25 0.0449389

40 25 0.0414393

41 25 0.0377762

42 25 0.033964

43 25 0.0300178

44 25 0.0259531

45 25 0.0217859

46 25 0.0175328

47 25 0.0132105

48 25 0.00883609

49 25 0.00442678

50 25 0

0 26 0

1 26 0.00441804

2 26 0.00881865

3 26 0.0131845

4 26 0.0174982

5 26 0.0217429

6 26 0.0259018

7 26 0.0299585

8 26 0.033897

9 26 0.0377016

10 26 0.0413575

11 26 0.0448502

12 26 0.0481658

13 26 0.0512914

14 26 0.0542146

15 26 0.0569237

16 26 0.0594083

17 26 0.0616584

18 26 0.0636651

19 26 0.0654206

20 26 0.0669179

21 26 0.0681511

22 26 0.0691153

23 26 0.0698068

24 26 0.0702228

25 26 0.0703616

26 26 0.0702228

27 26 0.0698068

28 26 0.0691153

29 26 0.0681511

30 26 0.0669179

31 26 0.0654206

32 26 0.0636651

33 26 0.0616584

34 26 0.0594083

35 26 0.0569237

36 26 0.0542146

37 26 0.0512914

38 26 0.0481658

39 26 0.0448502

40 26 0.0413575

41 26 0.0377016

42 26 0.033897

43 26 0.0299585

44 26 0.0259018

45 26 0.0217429

46 26 0.0174982

47 26 0.0131845

48 26 0.00881865

49 26 0.00441804

50 26 0

0 27 0

1 27 0.00439187

2 27 0.00876641

3 27 0.0131064

4 27 0.0173946

5 27 0.0216141

6 27 0.0257484

7 27 0.0297811

8 27 0.0336962

9 27 0.0374783

10 27 0.0411125

11 27 0.0445845

12 27 0.0478805

13 27 0.0509876

14 27 0.0538934

15 27 0.0565865

16 27 0.0590564

17 27 0.0612931

18 27 0.063288

19 27 0.065033

20 27 0.0665215

21 27 0.0677474

22 27 0.0687059

23 27 0.0693933

24 27 0.0698068

25 27 0.0699448

26 27 0.0698068

27 27 0.0693933

28 27 0.0687059

29 27 0.0677474

30 27 0.0665215

31 27 0.065033

32 27 0.063288

33 27 0.0612931

34 27 0.0590564

35 27 0.0565865

36 27 0.0538934

37 27 0.0509876

38 27 0.0478805

39 27 0.0445845

40 27 0.0411125

41 27 0.0374783

42 27 0.0336962

43 27 0.0297811

44 27 0.0257484

45 27 0.0216141

46 27 0.0173946

47 27 0.0131064

48 27 0.00876641

49 27 0.00439187

50 27 0

0 28 0

1 28 0.00434837

2 28 0.00867957

3 28 0.0129765

4 28 0.0172223

5 28 0.0214

6 28 0.0254934

7 28 0.0294861

8 28 0.0333624

9 28 0.0371071

10 28 0.0407053

11 28 0.0441429

12 28 0.0474062

13 28 0.0504825

14 28 0.0533596

15 28 0.056026

16 28 0.0584714

17 28 0.060686

18 28 0.0626611

19 28 0.0643889

20 28 0.0658625

21 28 0.0670763

22 28 0.0680253

23 28 0.0687059

24 28 0.0691153

25 28 0.069252

26 28 0.0691153

27 28 0.0687059

28 28 0.0680253

29 28 0.0670763

30 28 0.0658625

31 28 0.0643889

32 28 0.0626611

33 28 0.060686

34 28 0.0584714

35 28 0.056026

36 28 0.0533596

37 28 0.0504825

38 28 0.0474062

39 28 0.0441429

40 28 0.0407053

41 28 0.0371071

42 28 0.0333624

43 28 0.0294861

44 28 0.0254934

45 28 0.0214

46 28 0.0172223

47 28 0.0129765

48 28 0.00867957

49 28 0.00434837

50 28 0

0 29 0

1 29 0.0042877

2 29 0.00855848

3 29 0.0127955

4 29 0.016982

5 29 0.0211015

6 29 0.0251377

7 29 0.0290747

8 29 0.0328969

9 29 0.0365894

10 29 0.0401374

11 29 0.043527

12 29 0.0467449

13 29 0.0497782

14 29 0.0526151

15 29 0.0552444

16 29 0.0576556

17 29 0.0598393

18 29 0.0617869

19 29 0.0634906

20 29 0.0649437

21 29 0.0661405

22 29 0.0670763

23 29 0.0677474

24 29 0.0681511

25 29 0.0682858

26 29 0.0681511

27 29 0.0677474

28 29 0.0670763

29 29 0.0661405

30 29 0.0649437

31 29 0.0634906

32 29 0.0617869

33 29 0.0598393

34 29 0.0576556

35 29 0.0552444

36 29 0.0526151

37 29 0.0497782

38 29 0.0467449

39 29 0.043527

40 29 0.0401374

41 29 0.0365894

42 29 0.0328969

43 29 0.0290747

44 29 0.0251377

45 29 0.0211015

46 29 0.016982

47 29 0.0127955

48 29 0.00855848

49 29 0.0042877

50 29 0

0 30 0

1 30 0.00421012

2 30 0.00840362

3 30 0.012564

4 30 0.0166747

5 30 0.0207196

6 30 0.0246828

7 30 0.0285486

8 30 0.0323017

9 30 0.0359273

10 30 0.0394111

11 30 0.0427394

12 30 0.045899

13 30 0.0488775

14 30 0.0516631

15 30 0.0542447

16 30 0.0566123

17 30 0.0587565

18 30 0.0606688

19 30 0.0623417

20 30 0.0637685

21 30 0.0649437

22 30 0.0658625

23 30 0.0665215

24 30 0.0669179

25 30 0.0670502

26 30 0.0669179

27 30 0.0665215

28 30 0.0658625

29 30 0.0649437

30 30 0.0637685

31 30 0.0623417

32 30 0.0606688

33 30 0.0587565

34 30 0.0566123

35 30 0.0542447

36 30 0.0516631

37 30 0.0488775

38 30 0.045899

39 30 0.0427394

40 30 0.0394111

41 30 0.0359273

42 30 0.0323017

43 30 0.0285486

44 30 0.0246828

45 30 0.0207196

46 30 0.0166747

47 30 0.012564

48 30 0.00840362

49 30 0.00421012

50 30 0

0 31 0

1 31 0.00411591

2 31 0.00821558

3 31 0.0122828

4 31 0.0163016

5 31 0.020256

6 31 0.0241305

7 31 0.0279098

8 31 0.0315789

9 31 0.0351234

10 31 0.0385293

11 31 0.0417831

12 31 0.044872

13 31 0.0477838

14 31 0.0505071

15 31 0.053031

16 31 0.0553456

17 31 0.0574418

18 31 0.0593114

19 31 0.0609468

20 31 0.0623417

21 31 0.0634906

22 31 0.0643889

23 31 0.065033

24 31 0.0654206

25 31 0.0655499

26 31 0.0654206

27 31 0.065033

28 31 0.0643889

29 31 0.0634906

30 31 0.0623417

31 31 0.0609468

32 31 0.0593114

33 31 0.0574418

34 31 0.0553456

35 31 0.053031

36 31 0.0505071

37 31 0.0477838

38 31 0.044872

39 31 0.0417831

40 31 0.0385293

41 31 0.0351234

42 31 0.0315789

43 31 0.0279098

44 31 0.0241305

45 31 0.020256

46 31 0.0163016

47 31 0.0122828

48 31 0.00821558

49 31 0.00411591

50 31 0

0 32 0

1 32 0.00400547

2 32 0.00799513

3 32 0.0119532

4 32 0.0158642

5 32 0.0197125

6 32 0.023483

7 32 0.0271609

8 32 0.0307315

9 32 0.0341809

10 32 0.0374954

11 32 0.0406619

12 32 0.0436679

13 32 0.0465016

14 32 0.0491518

15 32 0.051608

16 32 0.0538605

17 32 0.0559005

18 32 0.0577198

19 32 0.0593114

20 32 0.0606688

21 32 0.0617869

22 32 0.0626611

23 32 0.063288

24 32 0.0636651

25 32 0.063791

26 32 0.0636651

27 32 0.063288

28 32 0.0626611

29 32 0.0617869

30 32 0.0606688

31 32 0.0593114

32 32 0.0577198

33 32 0.0559005

34 32 0.0538605

35 32 0.051608

36 32 0.0491518

37 32 0.0465016

38 32 0.0436679

39 32 0.0406619

40 32 0.0374954

41 32 0.0341809

42 32 0.0307315

43 32 0.0271609

44 32 0.023483

45 32 0.0197125

46 32 0.0158642

47 32 0.0119532

48 32 0.00799513

49 32 0.00400547

50 32 0

0 33 0

1 33 0.00387922

2 33 0.00774312

3 33 0.0115765

4 33 0.0153641

5 33 0.0190912

6 33 0.0227428

7 33 0.0263048

8 33 0.0297629

9 33 0.0331035

10 33 0.0363135

11 33 0.0393802

12 33 0.0422915

13 33 0.0450359

14 33 0.0476025

15 33 0.0499813

16 33 0.0521628

17 33 0.0541385

18 33 0.0559005

19 33 0.0574418

20 33 0.0587565

21 33 0.0598393

22 33 0.060686

23 33 0.0612931

24 33 0.0616584

25 33 0.0617803

26 33 0.0616584

27 33 0.0612931

28 33 0.060686

29 33 0.0598393

30 33 0.0587565

31 33 0.0574418

32 33 0.0559005

33 33 0.0541385

34 33 0.0521628

35 33 0.0499813

36 33 0.0476025

37 33 0.0450359

38 33 0.0422915

39 33 0.0393802

40 33 0.0363135

41 33 0.0331035

42 33 0.0297629

43 33 0.0263048

44 33 0.0227428

45 33 0.0190912

46 33 0.0153641

47 33 0.0115765

48 33 0.00774312

49 33 0.00387922

50 33 0

0 34 0

1 34 0.00373765

2 34 0.00746055

3 34 0.011154

4 34 0.0148035

5 34 0.0183945

6 34 0.0219129

7 34 0.0253448

8 34 0.0286767

9 34 0.0318955

10 34 0.0349884

11 34 0.0379431

12 34 0.0407482

13 34 0.0433924

14 34 0.0458654

15 34 0.0481573

16 34 0.0502592

17 34 0.0521628

18 34 0.0538605

19 34 0.0553456

20 34 0.0566123

21 34 0.0576556

22 34 0.0584714

23 34 0.0590564

24 34 0.0594083

25 34 0.0595257

26 34 0.0594083

27 34 0.0590564

28 34 0.0584714

29 34 0.0576556

30 34 0.0566123

31 34 0.0553456

32 34 0.0538605

33 34 0.0521628

34 34 0.0502592

35 34 0.0481573

36 34 0.0458654

37 34 0.0433924

38 34 0.0407482

39 34 0.0379431

40 34 0.0349884

41 34 0.0318955

42 34 0.0286767

43 34 0.0253448

44 34 0.0219129

45 34 0.0183945

46 34 0.0148035

47 34 0.011154

48 34 0.00746055

49 34 0.00373765

50 34 0

0 35 0

1 35 0.00358134

2 35 0.00714854

3 35 0.0106875

4 35 0.0141844

5 35 0.0176252

6 35 0.0209965

7 35 0.0242849

8 35 0.0274774

9 35 0.0305616

10 35 0.0335251

11 35 0.0363563

12 35 0.039044

13 35 0.0415777

14 35 0.0439472

15 35 0.0461433

16 35 0.0481573

17 35 0.0499813

18 35 0.051608

19 35 0.053031

20 35 0.0542447

21 35 0.0552444

22 35 0.056026

23 35 0.0565865

24 35 0.0569237

25 35 0.0570363

26 35 0.0569237

27 35 0.0565865

28 35 0.056026

29 35 0.0552444

30 35 0.0542447

31 35 0.053031

32 35 0.051608

33 35 0.0499813

34 35 0.0481573

35 35 0.0461433

36 35 0.0439472

37 35 0.0415777

38 35 0.039044

39 35 0.0363563

40 35 0.0335251

41 35 0.0305616

42 35 0.0274774

43 35 0.0242849

44 35 0.0209965

45 35 0.0176252

46 35 0.0141844

47 35 0.0106875

48 35 0.00714854

49 35 0.00358134

50 35 0

0 36 0

1 36 0.00341089

2 36 0.00680832

3 36 0.0101789

4 36 0.0135093

5 36 0.0167863

6 36 0.0199972

7 36 0.0231291

8 36 0.0261697

9 36 0.0291071

10 36 0.0319295

11 36 0.034626

12 36 0.0371858

13 36 0.0395989

14 36 0.0418556

15 36 0.0439472

16 36 0.0458654

17 36 0.0476025

18 36 0.0491518

19 36 0.0505071

20 36 0.0516631

21 36 0.0526151

22 36 0.0533596

23 36 0.0538934

24 36 0.0542146

25 36 0.0543218

26 36 0.0542146

27 36 0.0538934

28 36 0.0533596

29 36 0.0526151

30 36 0.0516631

31 36 0.0505071

32 36 0.0491518

33 36 0.0476025

34 36 0.0458654

35 36 0.0439472

36 36 0.0418556

37 36 0.0395989

38 36 0.0371858

39 36 0.034626

40 36 0.0319295

41 36 0.0291071

42 36 0.0261697

43 36 0.0231291

44 36 0.0199972

45 36 0.0167863

46 36 0.0135093

47 36 0.0101789

48 36 0.00680832

49 36 0.00341089

50 36 0

0 37 0

1 37 0.00322698

2 37 0.00644123

3 37 0.00963006

4 37 0.0127809

5 37 0.0158813

6 37 0.018919

7 37 0.021882

8 37 0.0247587

9 37 0.0275377

10 37 0.0302079

11 37 0.032759

12 37 0.0351808

13 37 0.0374638

14 37 0.0395989

15 37 0.0415777

16 37 0.0433924

17 37 0.0450359

18 37 0.0465016

19 37 0.0477838

20 37 0.0488775

21 37 0.0497782

22 37 0.0504825

23 37 0.0509876

24 37 0.0512914

25 37 0.0513928

26 37 0.0512914

27 37 0.0509876

28 37 0.0504825

29 37 0.0497782

30 37 0.0488775

31 37 0.0477838

32 37 0.0465016

33 37 0.0450359

34 37 0.0433924

35 37 0.0415777

36 37 0.0395989

37 37 0.0374638

38 37 0.0351808

39 37 0.032759

40 37 0.0302079

41 37 0.0275377

42 37 0.0247587

43 37 0.021882

44 37 0.018919

45 37 0.0158813

46 37 0.0127809

47 37 0.00963006

48 37 0.00644123

49 37 0.00322698

50 37 0

0 38 0

1 38 0.00303034

2 38 0.00604872

3 38 0.00904322

4 38 0.012002

5 38 0.0149135

6 38 0.0177661

7 38 0.0205486

8 38 0.02325

9 38 0.0258596

10 38 0.0283671

11 38 0.0307628

12 38 0.033037

13 38 0.0351808

14 38 0.0371858

15 38 0.039044

16 38 0.0407482

17 38 0.0422915

18 38 0.0436679

19 38 0.044872

20 38 0.045899

21 38 0.0467449

22 38 0.0474062

23 38 0.0478805

24 38 0.0481658

25 38 0.0482611

26 38 0.0481658

27 38 0.0478805

28 38 0.0474062

29 38 0.0467449

30 38 0.045899

31 38 0.044872

32 38 0.0436679

33 38 0.0422915

34 38 0.0407482

35 38 0.039044

36 38 0.0371858

37 38 0.0351808

38 38 0.033037

39 38 0.0307628

40 38 0.0283671

41 38 0.0258596

42 38 0.02325

43 38 0.0205486

44 38 0.0177661

45 38 0.0149135

46 38 0.012002

47 38 0.00904322

48 38 0.00604872

49 38 0.00303034

50 38 0

0 39 0

1 39 0.00282173

2 39 0.00563233

3 39 0.0084207

4 39 0.0111758

5 39 0.0138869

6 39 0.0165431

7 39 0.019134

8 39 0.0216495

9 39 0.0240794

10 39 0.0264144

11 39 0.0286451

12 39 0.0307628

13 39 0.032759

14 39 0.034626

15 39 0.0363563

16 39 0.0379431

17 39 0.0393802

18 39 0.0406619

19 39 0.0417831

20 39 0.0427394

21 39 0.043527

22 39 0.0441429

23 39 0.0445845

24 39 0.0448502

25 39 0.0449389

26 39 0.0448502

27 39 0.0445845

28 39 0.0441429

29 39 0.043527

30 39 0.0427394

31 39 0.0417831

32 39 0.0406619

33 39 0.0393802

34 39 0.0379431

35 39 0.0363563

36 39 0.034626

37 39 0.032759

38 39 0.0307628

39 39 0.0286451

40 39 0.0264144

41 39 0.0240794

42 39 0.0216495

43 39 0.019134

44 39 0.0165431

45 39 0.0138869

46 39 0.0111758

47 39 0.0084207

48 39 0.00563233

49 39 0.00282173

50 39 0

0 40 0

1 40 0.00260199

2 40 0.00519372

3 40 0.00776495

4 40 0.0103055

5 40 0.0128054

6 40 0.0152548

7 40 0.017644

8 40 0.0199635

9 40 0.0222043

10 40 0.0243574

11 40 0.0264144

12 40 0.0283671

13 40 0.0302079

14 40 0.0319295

15 40 0.0335251

16 40 0.0349884

17 40 0.0363135

18 40 0.0374954

19 40 0.0385293

20 40 0.0394111

21 40 0.0401374

22 40 0.0407053

23 40 0.0411125

24 40 0.0413575

25 40 0.0414393

26 40 0.0413575

27 40 0.0411125

28 40 0.0407053

29 40 0.0401374

30 40 0.0394111

31 40 0.0385293

32 40 0.0374954

33 40 0.0363135

34 40 0.0349884

35 40 0.0335251

36 40 0.0319295

37 40 0.0302079

38 40 0.0283671

39 40 0.0264144

40 40 0.0243574

41 40 0.0222043

42 40 0.0199635

43 40 0.017644

44 40 0.0152548

45 40 0.0128054

46 40 0.0103055

47 40 0.00776495

48 40 0.00519372

49 40 0.00260199

50 40 0

0 41 0

1 41 0.00237199

2 41 0.00473461

3 41 0.00707855

4 41 0.00939456

5 41 0.0116735

6 41 0.0139063

7 41 0.0160843

8 41 0.0181988

9 41 0.0202415

10 41 0.0222043

11 41 0.0240794

12 41 0.0258596

13 41 0.0275377

14 41 0.0291071

15 41 0.0305616

16 41 0.0318955

17 41 0.0331035

18 41 0.0341809

19 41 0.0351234

20 41 0.0359273

21 41 0.0365894

22 41 0.0371071

23 41 0.0374783

24 41 0.0377016

25 41 0.0377762

26 41 0.0377016

27 41 0.0374783

28 41 0.0371071

29 41 0.0365894

30 41 0.0359273

31 41 0.0351234

32 41 0.0341809

33 41 0.0331035

34 41 0.0318955

35 41 0.0305616

36 41 0.0291071

37 41 0.0275377

38 41 0.0258596

39 41 0.0240794

40 41 0.0222043

41 41 0.0202415

42 41 0.0181988

43 41 0.0160843

44 41 0.0139063

45 41 0.0116735

46 41 0.00939456

47 41 0.00707855

48 41 0.00473461

49 41 0.00237199

50 41 0

0 42 0

1 42 0.00213262

2 42 0.00425682

3 42 0.00636422

4 42 0.0084465

5 42 0.0104955

6 42 0.012503

7 42 0.0144612

8 42 0.0163623

9 42 0.0181988

10 42 0.0199635

11 42 0.0216495

12 42 0.02325

13 42 0.0247587

14 42 0.0261697

15 42 0.0274774

16 42 0.0286767

17 42 0.0297629

18 42 0.0307315

19 42 0.0315789

20 42 0.0323017

21 42 0.0328969

22 42 0.0333624

23 42 0.0336962

24 42 0.033897

25 42 0.033964

26 42 0.033897

27 42 0.0336962

28 42 0.0333624

29 42 0.0328969

30 42 0.0323017

31 42 0.0315789

32 42 0.0307315

33 42 0.0297629

34 42 0.0286767

35 42 0.0274774

36 42 0.0261697

37 42 0.0247587

38 42 0.02325

39 42 0.0216495

40 42 0.0199635

41 42 0.0181988

42 42 0.0163623

43 42 0.0144612

44 42 0.012503

45 42 0.0104955

46 42 0.0084465

47 42 0.00636422

48 42 0.00425682

49 42 0.00213262

50 42 0

0 43 0

1 43 0.00188483

2 43 0.00376222

3 43 0.00562477

4 43 0.00746511

5 43 0.009276

6 43 0.0110503

7 43 0.0127809

8 43 0.0144612

9 43 0.0160843

10 43 0.017644

11 43 0.019134

12 43 0.0205486

13 43 0.021882

14 43 0.0231291

15 43 0.0242849

16 43 0.0253448

17 43 0.0263048

18 43 0.0271609

19 43 0.0279098

20 43 0.0285486

21 43 0.0290747

22 43 0.0294861

23 43 0.0297811

24 43 0.0299585

25 43 0.0300178

26 43 0.0299585

27 43 0.0297811

28 43 0.0294861

29 43 0.0290747

30 43 0.0285486

31 43 0.0279098

32 43 0.0271609

33 43 0.0263048

34 43 0.0253448

35 43 0.0242849

36 43 0.0231291

37 43 0.021882

38 43 0.0205486

39 43 0.019134

40 43 0.017644

41 43 0.0160843

42 43 0.0144612

43 43 0.0127809

44 43 0.0110503

45 43 0.009276

46 43 0.00746511

47 43 0.00562477

48 43 0.00376222

49 43 0.00188483

50 43 0

0 44 0

1 44 0.00162961

2 44 0.00325278

3 44 0.00486312

4 44 0.00645426

5 44 0.00801993

6 44 0.00955396

7 44 0.0110503

8 44 0.012503

9 44 0.0139063

10 44 0.0152548

11 44 0.0165431

12 44 0.0177661

13 44 0.018919

14 44 0.0199972

15 44 0.0209965

16 44 0.0219129

17 44 0.0227428

18 44 0.023483

19 44 0.0241305

20 44 0.0246828

21 44 0.0251377

22 44 0.0254934

23 44 0.0257484

24 44 0.0259018

25 44 0.0259531

26 44 0.0259018

27 44 0.0257484

28 44 0.0254934

29 44 0.0251377

30 44 0.0246828

31 44 0.0241305

32 44 0.023483

33 44 0.0227428

34 44 0.0219129

35 44 0.0209965

36 44 0.0199972

37 44 0.018919

38 44 0.0177661

39 44 0.0165431

40 44 0.0152548

41 44 0.0139063

42 44 0.012503

43 44 0.0110503

44 44 0.00955396

45 44 0.00801993

46 44 0.00645426

47 44 0.00486312

48 44 0.00325278

49 44 0.00162961

50 44 0

0 45 0

1 45 0.00136795

2 45 0.0027305

3 45 0.00408228

4 45 0.00541794

5 45 0.00673222

6 45 0.00801993

7 45 0.009276

8 45 0.0104955

9 45 0.0116735

10 45 0.0128054

11 45 0.0138869

12 45 0.0149135

13 45 0.0158813

14 45 0.0167863

15 45 0.0176252

16 45 0.0183945

17 45 0.0190912

18 45 0.0197125

19 45 0.020256

20 45 0.0207196

21 45 0.0211015

22 45 0.0214

23 45 0.0216141

24 45 0.0217429

25 45 0.0217859

26 45 0.0217429

27 45 0.0216141

28 45 0.0214

29 45 0.0211015

30 45 0.0207196

31 45 0.020256

32 45 0.0197125

33 45 0.0190912

34 45 0.0183945

35 45 0.0176252

36 45 0.0167863

37 45 0.0158813

38 45 0.0149135

39 45 0.0138869

40 45 0.0128054

41 45 0.0116735

42 45 0.0104955

43 45 0.009276

44 45 0.00801993

45 45 0.00673222

46 45 0.00541794

47 45 0.00408228

48 45 0.0027305

49 45 0.00136795

50 45 0

0 46 0

1 46 0.00110089

2 46 0.00219745

3 46 0.00328532

4 46 0.00436024

5 46 0.00541794

6 46 0.00645426

7 46 0.00746511

8 46 0.0084465

9 46 0.00939456

10 46 0.0103055

11 46 0.0111758

12 46 0.012002

13 46 0.0127809

14 46 0.0135093

15 46 0.0141844

16 46 0.0148035

17 46 0.0153641

18 46 0.0158642

19 46 0.0163016

20 46 0.0166747

21 46 0.016982

22 46 0.0172223

23 46 0.0173946

24 46 0.0174982

25 46 0.0175328

26 46 0.0174982

27 46 0.0173946

28 46 0.0172223

29 46 0.016982

30 46 0.0166747

31 46 0.0163016

32 46 0.0158642

33 46 0.0153641

34 46 0.0148035

35 46 0.0141844

36 46 0.0135093

37 46 0.0127809

38 46 0.012002

39 46 0.0111758

40 46 0.0103055

41 46 0.00939456

42 46 0.0084465

43 46 0.00746511

44 46 0.00645426

45 46 0.00541794

46 46 0.00436024

47 46 0.00328532

48 46 0.00219745

49 46 0.00110089

50 46 0

0 47 0

1 47 0.000829496

2 47 0.00165572

3 47 0.0024754

4 47 0.00328532

5 47 0.00408228

6 47 0.00486312

7 47 0.00562477

8 47 0.00636422

9 47 0.00707855

10 47 0.00776495

11 47 0.0084207

12 47 0.00904322

13 47 0.00963006

14 47 0.0101789

15 47 0.0106875

16 47 0.011154

17 47 0.0115765

18 47 0.0119532

19 47 0.0122828

20 47 0.012564

21 47 0.0127955

22 47 0.0129765

23 47 0.0131064

24 47 0.0131845

25 47 0.0132105

26 47 0.0131845

27 47 0.0131064

28 47 0.0129765

29 47 0.0127955

30 47 0.012564

31 47 0.0122828

32 47 0.0119532

33 47 0.0115765

34 47 0.011154

35 47 0.0106875

36 47 0.0101789

37 47 0.00963006

38 47 0.00904322

39 47 0.0084207

40 47 0.00776495

41 47 0.00707855

42 47 0.00636422

43 47 0.00562477

44 47 0.00486312

45 47 0.00408228

46 47 0.00328532

47 47 0.0024754

48 47 0.00165572

49 47 0.000829496

50 47 0

0 48 0

1 48 0.000554822

2 48 0.00110746

3 48 0.00165572

4 48 0.00219745

5 48 0.0027305

6 48 0.00325278

7 48 0.00376222

8 48 0.00425682

9 48 0.00473461

10 48 0.00519372

11 48 0.00563233

12 48 0.00604872

13 48 0.00644123

14 48 0.00680832

15 48 0.00714854

16 48 0.00746055

17 48 0.00774312

18 48 0.00799513

19 48 0.00821558

20 48 0.00840362

21 48 0.00855848

22 48 0.00867957

23 48 0.00876641

24 48 0.00881865

25 48 0.00883609

26 48 0.00881865

27 48 0.00876641

28 48 0.00867957

29 48 0.00855848

30 48 0.00840362

31 48 0.00821558

32 48 0.00799513

33 48 0.00774312

34 48 0.00746055

35 48 0.00714854

36 48 0.00680832

37 48 0.00644123

38 48 0.00604872

39 48 0.00563233

40 48 0.00519372

41 48 0.00473461

42 48 0.00425682

43 48 0.00376222

