0 1 0

1 1 0.00023365

2 1 0.000466378

3 1 0.000697265

4 1 0.000925401

5 1 0.00114988

6 1 0.00136983

7 1 0.00158437

8 1 0.00179266

9 1 0.00199387

10 1 0.00218721

11 1 0.00237192

12 1 0.00254727

13 1 0.00271257

14 1 0.00286716

15 1 0.00301044

16 1 0.00314183

17 1 0.00326083

18 1 0.00336696

19 1 0.0034598

20 1 0.00353898

21 1 0.0036042

22 1 0.00365519

23 1 0.00369176

24 1 0.00371376

25 1 0.0037211

26 1 0.00371376

27 1 0.00369176

28 1 0.00365519

29 1 0.0036042

30 1 0.00353898

31 1 0.0034598

32 1 0.00336696

33 1 0.00326083

34 1 0.00314183

35 1 0.00301044

36 1 0.00286716

37 1 0.00271257

38 1 0.00254727

39 1 0.00237192

40 1 0.00218721

41 1 0.00199387

42 1 0.00179266

43 1 0.00158437

44 1 0.00136983

45 1 0.00114988

46 1 0.000925401

47 1 0.000697265

48 1 0.000466378

49 1 0.00023365

50 1 0

0 2 0

1 2 0.000466378

2 2 0.000930916

3 2 0.00139178

4 2 0.00184715

5 2 0.00229523

6 2 0.00273425

7 2 0.00316249

8 2 0.00357824

9 2 0.00397987

10 2 0.00436579

11 2 0.00473448

12 2 0.00508449

13 2 0.00541443

14 2 0.00572301

15 2 0.00600899

16 2 0.00627127

17 2 0.00650879

18 2 0.00672062

19 2 0.00690594

20 2 0.00706399

21 2 0.00719417

22 2 0.00729596

23 2 0.00736896

24 2 0.00741287

25 2 0.00742752

26 2 0.00741287

27 2 0.00736896

28 2 0.00729596

29 2 0.00719417

30 2 0.00706399

31 2 0.00690594

32 2 0.00672062

33 2 0.00650879

34 2 0.00627127

35 2 0.00600899

36 2 0.00572301

37 2 0.00541443

38 2 0.00508449

39 2 0.00473448

40 2 0.00436579

41 2 0.00397987

42 2 0.00357824

43 2 0.00316249

44 2 0.00273425

45 2 0.00229523

46 2 0.00184715

47 2 0.00139178

48 2 0.000930916

49 2 0.000466378

50 2 0

0 3 0

1 3 0.000697265

2 3 0.00139178

3 3 0.0020808

4 3 0.00276161

5 3 0.00343152

6 3 0.00408789

7 3 0.00472812

8 3 0.0053497

9 3 0.00595016

10 3 0.00652714

11 3 0.00707836

12 3 0.00760164

13 3 0.00809493

14 3 0.00855626

15 3 0.00898383

16 3 0.00937595

17 3 0.00973106

18 3 0.0100478

19 3 0.0103248

20 3 0.0105611

21 3 0.0107558

22 3 0.0109079

23 3 0.0110171

24 3 0.0110827

25 3 0.0111046

26 3 0.0110827

27 3 0.0110171

28 3 0.0109079

29 3 0.0107558

30 3 0.0105611

31 3 0.0103248

32 3 0.0100478

33 3 0.00973106

34 3 0.00937595

35 3 0.00898383

36 3 0.00855626

37 3 0.00809493

38 3 0.00760164

39 3 0.00707836

40 3 0.00652714

41 3 0.00595016

42 3 0.0053497

43 3 0.00472812

44 3 0.00408789

45 3 0.00343152

46 3 0.00276161

47 3 0.0020808

48 3 0.00139178

49 3 0.000697265

50 3 0

0 4 0

1 4 0.000925401

2 4 0.00184715

3 4 0.00276161

4 4 0.00366517

5 4 0.00455426

6 4 0.00542539

7 4 0.0062751

8 4 0.00710004

9 4 0.00789697

10 4 0.00866273

11 4 0.0093943

12 4 0.0100888

13 4 0.0107435

14 4 0.0113558

15 4 0.0119232

16 4 0.0124436

17 4 0.0129149

18 4 0.0133353

19 4 0.013703

20 4 0.0140166

21 4 0.0142749

22 4 0.0144769

23 4 0.0146217

24 4 0.0147088

25 4 0.0147379

26 4 0.0147088

27 4 0.0146217

28 4 0.0144769

29 4 0.0142749

30 4 0.0140166

31 4 0.013703

32 4 0.0133353

33 4 0.0129149

34 4 0.0124436

35 4 0.0119232

36 4 0.0113558

37 4 0.0107435

38 4 0.0100888

39 4 0.0093943

40 4 0.00866273

41 4 0.00789697

42 4 0.00710004

43 4 0.0062751

44 4 0.00542539

45 4 0.00455426

46 4 0.00366517

47 4 0.00276161

48 4 0.00184715

49 4 0.000925401

50 4 0

0 5 0

1 5 0.00114988

2 5 0.00229523

3 5 0.00343152

4 5 0.00455426

5 5 0.00565904

6 5 0.00674148

7 5 0.00779731

8 5 0.00882237

9 5 0.00981261

10 5 0.0107641

11 5 0.0116732

12 5 0.0125361

13 5 0.0133496

14 5 0.0141104

15 5 0.0148156

16 5 0.0154622

17 5 0.0160478

18 5 0.0165701

19 5 0.017027

20 5 0.0174167

21 5 0.0177377

22 5 0.0179887

23 5 0.0181686

24 5 0.0182769

25 5 0.018313

26 5 0.0182769

27 5 0.0181686

28 5 0.0179887

29 5 0.0177377

30 5 0.0174167

31 5 0.017027

32 5 0.0165701

33 5 0.0160478

34 5 0.0154622

35 5 0.0148156

36 5 0.0141104

37 5 0.0133496

38 5 0.0125361

39 5 0.0116732

40 5 0.0107641

41 5 0.00981261

42 5 0.00882237

43 5 0.00779731

44 5 0.00674148

45 5 0.00565904

46 5 0.00455426

47 5 0.00343152

48 5 0.00229523

49 5 0.00114988

50 5 0

0 6 0

1 6 0.00136983

2 6 0.00273425

3 6 0.00408789

4 6 0.00542539

5 6 0.00674148

6 6 0.00803096

7 6 0.00928875

8 6 0.0105099

9 6 0.0116895

10 6 0.012823

11 6 0.013906

12 6 0.014934

13 6 0.0159031

14 6 0.0168094

15 6 0.0176494

16 6 0.0184197

17 6 0.0191174

18 6 0.0197396

19 6 0.0202839

20 6 0.0207481

21 6 0.0211305

22 6 0.0214295

23 6 0.0216438

24 6 0.0217728

25 6 0.0218159

26 6 0.0217728

27 6 0.0216438

28 6 0.0214295

29 6 0.0211305

30 6 0.0207481

31 6 0.0202839

32 6 0.0197396

33 6 0.0191174

34 6 0.0184197

35 6 0.0176494

36 6 0.0168094

37 6 0.0159031

38 6 0.014934

39 6 0.013906

40 6 0.012823

41 6 0.0116895

42 6 0.0105099

43 6 0.00928875

44 6 0.00803096

45 6 0.00674148

46 6 0.00542539

47 6 0.00408789

48 6 0.00273425

49 6 0.00136983

50 6 0

0 7 0

1 7 0.00158437

2 7 0.00316249

3 7 0.00472812

4 7 0.0062751

5 7 0.00779731

6 7 0.00928875

7 7 0.0107435

8 7 0.0121559

9 7 0.0135203

10 7 0.0148314

11 7 0.0160839

12 7 0.0172729

13 7 0.0183938

14 7 0.0194421

15 7 0.0204136

16 7 0.0213046

17 7 0.0221115

18 7 0.0228312

19 7 0.0234607

20 7 0.0239976

21 7 0.0244399

22 7 0.0247857

23 7 0.0250337

24 7 0.0251828

25 7 0.0252326

26 7 0.0251828

27 7 0.0250337

28 7 0.0247857

29 7 0.0244399

30 7 0.0239976

31 7 0.0234607

32 7 0.0228312

33 7 0.0221115

34 7 0.0213046

35 7 0.0204136

36 7 0.0194421

37 7 0.0183938

38 7 0.0172729

39 7 0.0160839

40 7 0.0148314

41 7 0.0135203

42 7 0.0121559

43 7 0.0107435

44 7 0.00928875

45 7 0.00779731

46 7 0.0062751

47 7 0.00472812

48 7 0.00316249

49 7 0.00158437

50 7 0

0 8 0

1 8 0.00179266

2 8 0.00357824

3 8 0.0053497

4 8 0.00710004

5 8 0.00882237

6 8 0.0105099

7 8 0.0121559

8 8 0.013754

9 8 0.0152977

10 8 0.0167811

11 8 0.0181983

12 8 0.0195437

13 8 0.0208119

14 8 0.021998

15 8 0.0230973

16 8 0.0241054

17 8 0.0250184

18 8 0.0258326

19 8 0.0265449

20 8 0.0271525

21 8 0.0276528

22 8 0.0280441

23 8 0.0283247

24 8 0.0284934

25 8 0.0285498

26 8 0.0284934

27 8 0.0283247

28 8 0.0280441

29 8 0.0276528

30 8 0.0271525

31 8 0.0265449

32 8 0.0258326

33 8 0.0250184

34 8 0.0241054

35 8 0.0230973

36 8 0.021998

37 8 0.0208119

38 8 0.0195437

39 8 0.0181983

40 8 0.0167811

41 8 0.0152977

42 8 0.013754

43 8 0.0121559

44 8 0.0105099

45 8 0.00882237

46 8 0.00710004

47 8 0.0053497

48 8 0.00357824

49 8 0.00179266

50 8 0

0 9 0

1 9 0.00199387

2 9 0.00397987

3 9 0.00595016

4 9 0.00789697

5 9 0.00981261

6 9 0.0116895

7 9 0.0135203

8 9 0.0152977

9 9 0.0170148

10 9 0.0186647

11 9 0.0202409

12 9 0.0217373

13 9 0.0231479

14 9 0.0244671

15 9 0.0256897

16 9 0.026811

17 9 0.0278265

18 9 0.0287321

19 9 0.0295244

20 9 0.0302001

21 9 0.0307567

22 9 0.0311918

23 9 0.0315039

24 9 0.0316916

25 9 0.0317543

26 9 0.0316916

27 9 0.0315039

28 9 0.0311918

29 9 0.0307567

30 9 0.0302001

31 9 0.0295244

32 9 0.0287321

33 9 0.0278265

34 9 0.026811

35 9 0.0256897

36 9 0.0244671

37 9 0.0231479

38 9 0.0217373

39 9 0.0202409

40 9 0.0186647

41 9 0.0170148

42 9 0.0152977

43 9 0.0135203

44 9 0.0116895

45 9 0.00981261

46 9 0.00789697

47 9 0.00595016

48 9 0.00397987

49 9 0.00199387

50 9 0

0 10 0

1 10 0.00218721

2 10 0.00436579

3 10 0.00652714

4 10 0.00866273

5 10 0.0107641

6 10 0.012823

7 10 0.0148314

8 10 0.0167811

9 10 0.0186647

10 10 0.0204746

11 10 0.0222037

12 10 0.0238451

13 10 0.0253925

14 10 0.0268396

15 10 0.0281809

16 10 0.0294109

17 10 0.0305248

18 10 0.0315182

19 10 0.0323873

20 10 0.0331286

21 10 0.0337391

22 10 0.0342165

23 10 0.0345588

24 10 0.0347647

25 10 0.0348334

26 10 0.0347647

27 10 0.0345588

28 10 0.0342165

29 10 0.0337391

30 10 0.0331286

31 10 0.0323873

32 10 0.0315182

33 10 0.0305248

34 10 0.0294109

35 10 0.0281809

36 10 0.0268396

37 10 0.0253925

38 10 0.0238451

39 10 0.0222037

40 10 0.0204746

41 10 0.0186647

42 10 0.0167811

43 10 0.0148314

44 10 0.012823

45 10 0.0107641

46 10 0.00866273

47 10 0.00652714

48 10 0.00436579

49 10 0.00218721

50 10 0

0 11 0

1 11 0.00237192

2 11 0.00473448

3 11 0.00707836

4 11 0.0093943

5 11 0.0116732

6 11 0.013906

7 11 0.0160839

8 11 0.0181983

9 11 0.0202409

10 11 0.0222037

11 11 0.0240788

12 11 0.0258589

13 11 0.0275369

14 11 0.0291063

15 11 0.0305607

16 11 0.0318946

17 11 0.0331026

18 11 0.03418

19 11 0.0351224

20 11 0.0359263

21 11 0.0365884

22 11 0.037106

23 11 0.0374773

24 11 0.0377006

25 11 0.0377751

26 11 0.0377006

27 11 0.0374773

28 11 0.037106

29 11 0.0365884

30 11 0.0359263

31 11 0.0351224

32 11 0.03418

33 11 0.0331026

34 11 0.0318946

35 11 0.0305607

36 11 0.0291063

37 11 0.0275369

38 11 0.0258589

39 11 0.0240788

40 11 0.0222037

41 11 0.0202409

42 11 0.0181983

43 11 0.0160839

44 11 0.013906

45 11 0.0116732

46 11 0.0093943

47 11 0.00707836

48 11 0.00473448

49 11 0.00237192

50 11 0

0 12 0

1 12 0.00254727

2 12 0.00508449

3 12 0.00760164

4 12 0.0100888

5 12 0.0125361

6 12 0.014934

7 12 0.0172729

8 12 0.0195437

9 12 0.0217373

10 12 0.0238451

11 12 0.0258589

12 12 0.0277705

13 12 0.0295726

14 12 0.031258

15 12 0.03282

16 12 0.0342525

17 12 0.0355498

18 12 0.0367068

19 12 0.037719

20 12 0.0385822

21 12 0.0392933

22 12 0.0398492

23 12 0.0402479

24 12 0.0404877

25 12 0.0405678

26 12 0.0404877

27 12 0.0402479

28 12 0.0398492

29 12 0.0392933

30 12 0.0385822

31 12 0.037719

32 12 0.0367068

33 12 0.0355498

34 12 0.0342525

35 12 0.03282

36 12 0.031258

37 12 0.0295726

38 12 0.0277705

39 12 0.0258589

40 12 0.0238451

41 12 0.0217373

42 12 0.0195437

43 12 0.0172729

44 12 0.014934

45 12 0.0125361

46 12 0.0100888

47 12 0.00760164

48 12 0.00508449

49 12 0.00254727

50 12 0

0 13 0

1 13 0.00271257

2 13 0.00541443

3 13 0.00809493

4 13 0.0107435

5 13 0.0133496

6 13 0.0159031

7 13 0.0183938

8 13 0.0208119

9 13 0.0231479

10 13 0.0253925

11 13 0.0275369

12 13 0.0295726

13 13 0.0314917

14 13 0.0332864

15 13 0.0349498

16 13 0.0364752

17 13 0.0378567

18 13 0.0390888

19 13 0.0401666

20 13 0.0410859

21 13 0.0418431

22 13 0.0424351

23 13 0.0428596

24 13 0.043115

25 13 0.0432003

26 13 0.043115

27 13 0.0428596

28 13 0.0424351

29 13 0.0418431

30 13 0.0410859

31 13 0.0401666

32 13 0.0390888

33 13 0.0378567

34 13 0.0364752

35 13 0.0349498

36 13 0.0332864

37 13 0.0314917

38 13 0.0295726

39 13 0.0275369

40 13 0.0253925

41 13 0.0231479

42 13 0.0208119

43 13 0.0183938

44 13 0.0159031

45 13 0.0133496

46 13 0.0107435

47 13 0.00809493

48 13 0.00541443

49 13 0.00271257

50 13 0

0 14 0

1 14 0.00286716

2 14 0.00572301

3 14 0.00855626

4 14 0.0113558

5 14 0.0141104

6 14 0.0168094

7 14 0.0194421

8 14 0.021998

9 14 0.0244671

10 14 0.0268396

11 14 0.0291063

12 14 0.031258

13 14 0.0332864

14 14 0.0351834

15 14 0.0369416

16 14 0.038554

17 14 0.0400142

18 14 0.0413165

19 14 0.0424557

20 14 0.0434274

21 14 0.0442277

22 14 0.0448535

23 14 0.0453023

24 14 0.0455722

25 14 0.0456623

26 14 0.0455722

27 14 0.0453023

28 14 0.0448535

29 14 0.0442277

30 14 0.0434274

31 14 0.0424557

32 14 0.0413165

33 14 0.0400142

34 14 0.038554

35 14 0.0369416

36 14 0.0351834

37 14 0.0332864

38 14 0.031258

39 14 0.0291063

40 14 0.0268396

41 14 0.0244671

42 14 0.021998

43 14 0.0194421

44 14 0.0168094

45 14 0.0141104

46 14 0.0113558

47 14 0.00855626

48 14 0.00572301

49 14 0.00286716

50 14 0

0 15 0

1 15 0.00301044

2 15 0.00600899

3 15 0.00898383

4 15 0.0119232

5 15 0.0148156

6 15 0.0176494

7 15 0.0204136

8 15 0.0230973

9 15 0.0256897

10 15 0.0281809

11 15 0.0305607

12 15 0.03282

13 15 0.0349498

14 15 0.0369416

15 15 0.0387876

16 15 0.0404806

17 15 0.0420138

18 15 0.0433811

19 15 0.0445773

20 15 0.0455976

21 15 0.0464379

22 15 0.0470949

23 15 0.0475661

24 15 0.0478495

25 15 0.0479441

26 15 0.0478495

27 15 0.0475661

28 15 0.0470949

29 15 0.0464379

30 15 0.0455976

31 15 0.0445773

32 15 0.0433811

33 15 0.0420138

34 15 0.0404806

35 15 0.0387876

36 15 0.0369416

37 15 0.0349498

38 15 0.03282

39 15 0.0305607

40 15 0.0281809

41 15 0.0256897

42 15 0.0230973

43 15 0.0204136

44 15 0.0176494

45 15 0.0148156

46 15 0.0119232

47 15 0.00898383

48 15 0.00600899

49 15 0.00301044

50 15 0

0 16 0

1 16 0.00314183

2 16 0.00627127

3 16 0.00937595

4 16 0.0124436

5 16 0.0154622

6 16 0.0184197

7 16 0.0213046

8 16 0.0241054

9 16 0.026811

10 16 0.0294109

11 16 0.0318946

12 16 0.0342525

13 16 0.0364752

14 16 0.038554

15 16 0.0404806

16 16 0.0422474

17 16 0.0438475

18 16 0.0452746

19 16 0.046523

20 16 0.0475878

21 16 0.0484647

22 16 0.0491504

23 16 0.0496422

24 16 0.049938

25 16 0.0500367

26 16 0.049938

27 16 0.0496422

28 16 0.0491504

29 16 0.0484647

30 16 0.0475878

31 16 0.046523

32 16 0.0452746

33 16 0.0438475

34 16 0.0422474

35 16 0.0404806

36 16 0.038554

37 16 0.0364752

38 16 0.0342525

39 16 0.0318946

40 16 0.0294109

41 16 0.026811

42 16 0.0241054

43 16 0.0213046

44 16 0.0184197

45 16 0.0154622

46 16 0.0124436

47 16 0.00937595

48 16 0.00627127

49 16 0.00314183

50 16 0

0 17 0

1 17 0.00326083

2 17 0.00650879

3 17 0.00973106

4 17 0.0129149

5 17 0.0160478

6 17 0.0191174

7 17 0.0221115

8 17 0.0250184

9 17 0.0278265

10 17 0.0305248

11 17 0.0331026

12 17 0.0355498

13 17 0.0378567

14 17 0.0400142

15 17 0.0420138

16 17 0.0438475

17 17 0.0455082

18 17 0.0469894

19 17 0.048285

20 17 0.0493901

21 17 0.0503003

22 17 0.051012

23 17 0.0515224

24 17 0.0518294

25 17 0.0519319

26 17 0.0518294

27 17 0.0515224

28 17 0.051012

29 17 0.0503003

30 17 0.0493901

31 17 0.048285

32 17 0.0469894

33 17 0.0455082

34 17 0.0438475

35 17 0.0420138

36 17 0.0400142

37 17 0.0378567

38 17 0.0355498

39 17 0.0331026

40 17 0.0305248

41 17 0.0278265

42 17 0.0250184

43 17 0.0221115

44 17 0.0191174

45 17 0.0160478

46 17 0.0129149

47 17 0.00973106

48 17 0.00650879

49 17 0.00326083

50 17 0

0 18 0

1 18 0.00336696

2 18 0.00672062

3 18 0.0100478

4 18 0.0133353

5 18 0.0165701

6 18 0.0197396

7 18 0.0228312

8 18 0.0258326

9 18 0.0287321

10 18 0.0315182

11 18 0.03418

12 18 0.0367068

13 18 0.0390888

14 18 0.0413165

15 18 0.0433811

16 18 0.0452746

17 18 0.0469894

18 18 0.0485187

19 18 0.0498565

20 18 0.0509976

21 18 0.0519374

22 18 0.0526722

23 18 0.0531992

24 18 0.0535162

25 18 0.053622

26 18 0.0535162

27 18 0.0531992

28 18 0.0526722

29 18 0.0519374

30 18 0.0509976

31 18 0.0498565

32 18 0.0485187

33 18 0.0469894

34 18 0.0452746

35 18 0.0433811

36 18 0.0413165

37 18 0.0390888

38 18 0.0367068

39 18 0.03418

40 18 0.0315182

41 18 0.0287321

42 18 0.0258326

43 18 0.0228312

44 18 0.0197396

45 18 0.0165701

46 18 0.0133353

47 18 0.0100478

48 18 0.00672062

49 18 0.00336696

50 18 0

0 19 0

1 19 0.0034598

2 19 0.00690594

3 19 0.0103248

4 19 0.013703

5 19 0.017027

6 19 0.0202839

7 19 0.0234607

8 19 0.0265449

9 19 0.0295244

10 19 0.0323873

11 19 0.0351224

12 19 0.037719

13 19 0.0401666

14 19 0.0424557

15 19 0.0445773

16 19 0.046523

17 19 0.048285

18 19 0.0498565

19 19 0.0512312

20 19 0.0524038

21 19 0.0533695

22 19 0.0541246

23 19 0.0546661

24 19 0.0549919

25 19 0.0551006

26 19 0.0549919

27 19 0.0546661

28 19 0.0541246

29 19 0.0533695

30 19 0.0524038

31 19 0.0512312

32 19 0.0498565

33 19 0.048285

34 19 0.046523

35 19 0.0445773

36 19 0.0424557

37 19 0.0401666

38 19 0.037719

39 19 0.0351224

40 19 0.0323873

41 19 0.0295244

42 19 0.0265449

43 19 0.0234607

44 19 0.0202839

45 19 0.017027

46 19 0.013703

47 19 0.0103248

48 19 0.00690594

49 19 0.0034598

50 19 0

0 20 0

1 20 0.00353898

2 20 0.00706399

3 20 0.0105611

4 20 0.0140166

5 20 0.0174167

6 20 0.0207481

7 20 0.0239976

8 20 0.0271525

9 20 0.0302001

10 20 0.0331286

11 20 0.0359263

12 20 0.0385822

13 20 0.0410859

14 20 0.0434274

15 20 0.0455976

16 20 0.0475878

17 20 0.0493901

18 20 0.0509976

19 20 0.0524038

20 20 0.0536032

21 20 0.054591

22 20 0.0553634

23 20 0.0559173

24 20 0.0562505

25 20 0.0563617

26 20 0.0562505

27 20 0.0559173

28 20 0.0553634

29 20 0.054591

30 20 0.0536032

31 20 0.0524038

32 20 0.0509976

33 20 0.0493901

34 20 0.0475878

35 20 0.0455976

36 20 0.0434274

37 20 0.0410859

38 20 0.0385822

39 20 0.0359263

40 20 0.0331286

41 20 0.0302001

42 20 0.0271525

43 20 0.0239976

44 20 0.0207481

45 20 0.0174167

46 20 0.0140166

47 20 0.0105611

48 20 0.00706399

49 20 0.00353898

50 20 0

0 21 0

1 21 0.0036042

2 21 0.00719417

3 21 0.0107558

4 21 0.0142749

5 21 0.0177377

6 21 0.0211305

7 21 0.0244399

8 21 0.0276528

9 21 0.0307567

10 21 0.0337391

11 21 0.0365884

12 21 0.0392933

13 21 0.0418431

14 21 0.0442277

15 21 0.0464379

16 21 0.0484647

17 21 0.0503003

18 21 0.0519374

19 21 0.0533695

20 21 0.054591

21 21 0.055597

22 21 0.0563837

23 21 0.0569478

24 21 0.0572871

25 21 0.0574004

26 21 0.0572871

27 21 0.0569478

28 21 0.0563837

29 21 0.055597

30 21 0.054591

31 21 0.0533695

32 21 0.0519374

33 21 0.0503003

34 21 0.0484647

35 21 0.0464379

36 21 0.0442277

37 21 0.0418431

38 21 0.0392933

39 21 0.0365884

40 21 0.0337391

41 21 0.0307567

42 21 0.0276528

43 21 0.0244399

44 21 0.0211305

45 21 0.0177377

46 21 0.0142749

47 21 0.0107558

48 21 0.00719417

49 21 0.0036042

50 21 0

0 22 0

1 22 0.00365519

2 22 0.00729596

3 22 0.0109079

4 22 0.0144769

5 22 0.0179887

6 22 0.0214295

7 22 0.0247857

8 22 0.0280441

9 22 0.0311918

10 22 0.0342165

11 22 0.037106

12 22 0.0398492

13 22 0.0424351

14 22 0.0448535

15 22 0.0470949

16 22 0.0491504

17 22 0.051012

18 22 0.0526722

19 22 0.0541246

20 22 0.0553634

21 22 0.0563837

22 22 0.0571814

23 22 0.0577535

24 22 0.0580976

25 22 0.0582125

26 22 0.0580976

27 22 0.0577535

28 22 0.0571814

29 22 0.0563837

30 22 0.0553634

31 22 0.0541246

32 22 0.0526722

33 22 0.051012

34 22 0.0491504

35 22 0.0470949

36 22 0.0448535

37 22 0.0424351

38 22 0.0398492

39 22 0.037106

40 22 0.0342165

41 22 0.0311918

42 22 0.0280441

43 22 0.0247857

44 22 0.0214295

45 22 0.0179887

46 22 0.0144769

47 22 0.0109079

48 22 0.00729596

49 22 0.00365519

50 22 0

0 23 0

1 23 0.00369176

2 23 0.00736896

3 23 0.0110171

4 23 0.0146217

5 23 0.0181686

6 23 0.0216438

7 23 0.0250337

8 23 0.0283247

9 23 0.0315039

10 23 0.0345588

11 23 0.0374773

12 23 0.0402479

13 23 0.0428596

14 23 0.0453023

15 23 0.0475661

16 23 0.0496422

17 23 0.0515224

18 23 0.0531992

19 23 0.0546661

20 23 0.0559173

21 23 0.0569478

22 23 0.0577535

23 23 0.0583313

24 23 0.0586789

25 23 0.0587949

26 23 0.0586789

27 23 0.0583313

28 23 0.0577535

29 23 0.0569478

30 23 0.0559173

31 23 0.0546661

32 23 0.0531992

33 23 0.0515224

34 23 0.0496422

35 23 0.0475661

36 23 0.0453023

37 23 0.0428596

38 23 0.0402479

39 23 0.0374773

40 23 0.0345588

41 23 0.0315039

42 23 0.0283247

43 23 0.0250337

44 23 0.0216438

45 23 0.0181686

46 23 0.0146217

47 23 0.0110171

48 23 0.00736896

49 23 0.00369176

50 23 0

0 24 0

1 24 0.00371376

2 24 0.00741287

3 24 0.0110827

4 24 0.0147088

5 24 0.0182769

6 24 0.0217728

7 24 0.0251828

8 24 0.0284934

9 24 0.0316916

10 24 0.0347647

11 24 0.0377006

12 24 0.0404877

13 24 0.043115

14 24 0.0455722

15 24 0.0478495

16 24 0.049938

17 24 0.0518294

18 24 0.0535162

19 24 0.0549919

20 24 0.0562505

21 24 0.0572871

22 24 0.0580976

23 24 0.0586789

24 24 0.0590286

25 24 0.0591453

26 24 0.0590286

27 24 0.0586789

28 24 0.0580976

29 24 0.0572871

30 24 0.0562505

31 24 0.0549919

32 24 0.0535162

33 24 0.0518294

34 24 0.049938

35 24 0.0478495

36 24 0.0455722

37 24 0.043115

38 24 0.0404877

39 24 0.0377006

40 24 0.0347647

41 24 0.0316916

42 24 0.0284934

43 24 0.0251828

44 24 0.0217728

45 24 0.0182769

46 24 0.0147088

47 24 0.0110827

48 24 0.00741287

49 24 0.00371376

50 24 0

0 25 0

1 25 0.0037211

2 25 0.00742752

3 25 0.0111046

4 25 0.0147379

5 25 0.018313

6 25 0.0218159

7 25 0.0252326

8 25 0.0285498

9 25 0.0317543

10 25 0.0348334

11 25 0.0377751

12 25 0.0405678

13 25 0.0432003

14 25 0.0456623

15 25 0.0479441

16 25 0.0500367

17 25 0.0519319

18 25 0.053622

19 25 0.0551006

20 25 0.0563617

21 25 0.0574004

22 25 0.0582125

23 25 0.0587949

24 25 0.0591453

25 25 0.0592622

26 25 0.0591453

27 25 0.0587949

28 25 0.0582125

29 25 0.0574004

30 25 0.0563617

31 25 0.0551006

32 25 0.053622

33 25 0.0519319

34 25 0.0500367

35 25 0.0479441

36 25 0.0456623

37 25 0.0432003

38 25 0.0405678

39 25 0.0377751

40 25 0.0348334

41 25 0.0317543

42 25 0.0285498

43 25 0.0252326

44 25 0.0218159

45 25 0.018313

46 25 0.0147379

47 25 0.0111046

48 25 0.00742752

49 25 0.0037211

50 25 0

0 26 0

1 26 0.00371376

2 26 0.00741287

3 26 0.0110827

4 26 0.0147088

5 26 0.0182769

6 26 0.0217728

7 26 0.0251828

8 26 0.0284934

9 26 0.0316916

10 26 0.0347647

11 26 0.0377006

12 26 0.0404877

13 26 0.043115

14 26 0.0455722

15 26 0.0478495

16 26 0.049938

17 26 0.0518294

18 26 0.0535162

19 26 0.0549919

20 26 0.0562505

21 26 0.0572871

22 26 0.0580976

23 26 0.0586789

24 26 0.0590286

25 26 0.0591453

26 26 0.0590286

27 26 0.0586789

28 26 0.0580976

29 26 0.0572871

30 26 0.0562505

31 26 0.0549919

32 26 0.0535162

33 26 0.0518294

34 26 0.049938

35 26 0.0478495

36 26 0.0455722

37 26 0.043115

38 26 0.0404877

39 26 0.0377006

40 26 0.0347647

41 26 0.0316916

42 26 0.0284934

43 26 0.0251828

44 26 0.0217728

45 26 0.0182769

46 26 0.0147088

47 26 0.0110827

48 26 0.00741287

49 26 0.00371376

50 26 0

0 27 0

1 27 0.00369176

2 27 0.00736896

3 27 0.0110171

4 27 0.0146217

5 27 0.0181686

6 27 0.0216438

7 27 0.0250337

8 27 0.0283247

9 27 0.0315039

10 27 0.0345588

11 27 0.0374773

12 27 0.0402479

13 27 0.0428596

14 27 0.0453023

15 27 0.0475661

16 27 0.0496422

17 27 0.0515224

18 27 0.0531992

19 27 0.0546661

20 27 0.0559173

21 27 0.0569478

22 27 0.0577535

23 27 0.0583313

24 27 0.0586789

25 27 0.0587949

26 27 0.0586789

27 27 0.0583313

28 27 0.0577535

29 27 0.0569478

30 27 0.0559173

31 27 0.0546661

32 27 0.0531992

33 27 0.0515224

34 27 0.0496422

35 27 0.0475661

36 27 0.0453023

37 27 0.0428596

38 27 0.0402479

39 27 0.0374773

40 27 0.0345588

41 27 0.0315039

42 27 0.0283247

43 27 0.0250337

44 27 0.0216438

45 27 0.0181686

46 27 0.0146217

47 27 0.0110171

48 27 0.00736896

49 27 0.00369176

50 27 0

0 28 0

1 28 0.00365519

2 28 0.00729596

3 28 0.0109079

4 28 0.0144769

5 28 0.0179887

6 28 0.0214295

7 28 0.0247857

8 28 0.0280441

9 28 0.0311918

10 28 0.0342165

11 28 0.037106

12 28 0.0398492

13 28 0.0424351

14 28 0.0448535

15 28 0.0470949

16 28 0.0491504

17 28 0.051012

18 28 0.0526722

19 28 0.0541246

20 28 0.0553634

21 28 0.0563837

22 28 0.0571814

23 28 0.0577535

24 28 0.0580976

25 28 0.0582125

26 28 0.0580976

27 28 0.0577535

28 28 0.0571814

29 28 0.0563837

30 28 0.0553634

31 28 0.0541246

32 28 0.0526722

33 28 0.051012

34 28 0.0491504

35 28 0.0470949

36 28 0.0448535

37 28 0.0424351

38 28 0.0398492

39 28 0.037106

40 28 0.0342165

41 28 0.0311918

42 28 0.0280441

43 28 0.0247857

44 28 0.0214295

45 28 0.0179887

46 28 0.0144769

47 28 0.0109079

48 28 0.00729596

49 28 0.00365519

50 28 0

0 29 0

1 29 0.0036042

2 29 0.00719417

3 29 0.0107558

4 29 0.0142749

5 29 0.0177377

6 29 0.0211305

7 29 0.0244399

8 29 0.0276528

9 29 0.0307567

10 29 0.0337391

11 29 0.0365884

12 29 0.0392933

13 29 0.0418431

14 29 0.0442277

15 29 0.0464379

16 29 0.0484647

17 29 0.0503003

18 29 0.0519374

19 29 0.0533695

20 29 0.054591

21 29 0.055597

22 29 0.0563837

23 29 0.0569478

24 29 0.0572871

25 29 0.0574004

26 29 0.0572871

27 29 0.0569478

28 29 0.0563837

29 29 0.055597

30 29 0.054591

31 29 0.0533695

32 29 0.0519374

33 29 0.0503003

34 29 0.0484647

35 29 0.0464379

36 29 0.0442277

37 29 0.0418431

38 29 0.0392933

39 29 0.0365884

40 29 0.0337391

41 29 0.0307567

42 29 0.0276528

43 29 0.0244399

44 29 0.0211305

45 29 0.0177377

46 29 0.0142749

47 29 0.0107558

48 29 0.00719417

49 29 0.0036042

50 29 0

0 30 0

1 30 0.00353898

2 30 0.00706399

3 30 0.0105611

4 30 0.0140166

5 30 0.0174167

6 30 0.0207481

7 30 0.0239976

8 30 0.0271525

9 30 0.0302001

10 30 0.0331286

11 30 0.0359263

12 30 0.0385822

13 30 0.0410859

14 30 0.0434274

15 30 0.0455976

16 30 0.0475878

17 30 0.0493901

18 30 0.0509976

19 30 0.0524038

20 30 0.0536032

21 30 0.054591

22 30 0.0553634

23 30 0.0559173

24 30 0.0562505

25 30 0.0563617

26 30 0.0562505

27 30 0.0559173

28 30 0.0553634

29 30 0.054591

30 30 0.0536032

31 30 0.0524038

32 30 0.0509976

33 30 0.0493901

34 30 0.0475878

35 30 0.0455976

36 30 0.0434274

37 30 0.0410859

38 30 0.0385822

39 30 0.0359263

40 30 0.0331286

41 30 0.0302001

42 30 0.0271525

43 30 0.0239976

44 30 0.0207481

45 30 0.0174167

46 30 0.0140166

47 30 0.0105611

48 30 0.00706399

49 30 0.00353898

50 30 0

0 31 0

1 31 0.0034598

2 31 0.00690594

3 31 0.0103248

4 31 0.013703

5 31 0.017027

6 31 0.0202839

7 31 0.0234607

8 31 0.0265449

9 31 0.0295244

10 31 0.0323873

11 31 0.0351224

12 31 0.037719

13 31 0.0401666

14 31 0.0424557

15 31 0.0445773

16 31 0.046523

17 31 0.048285

18 31 0.0498565

19 31 0.0512312

20 31 0.0524038

21 31 0.0533695

22 31 0.0541246

23 31 0.0546661

24 31 0.0549919

25 31 0.0551006

26 31 0.0549919

27 31 0.0546661

28 31 0.0541246

29 31 0.0533695

30 31 0.0524038

31 31 0.0512312

32 31 0.0498565

33 31 0.048285

34 31 0.046523

35 31 0.0445773

36 31 0.0424557

37 31 0.0401666

38 31 0.037719

39 31 0.0351224

40 31 0.0323873

41 31 0.0295244

42 31 0.0265449

43 31 0.0234607

44 31 0.0202839

45 31 0.017027

46 31 0.013703

47 31 0.0103248

48 31 0.00690594

49 31 0.0034598

50 31 0

0 32 0

1 32 0.00336696

2 32 0.00672062

3 32 0.0100478

4 32 0.0133353

5 32 0.0165701

6 32 0.0197396

7 32 0.0228312

8 32 0.0258326

9 32 0.0287321

10 32 0.0315182

11 32 0.03418

12 32 0.0367068

13 32 0.0390888

14 32 0.0413165

15 32 0.0433811

16 32 0.0452746

17 32 0.0469894

18 32 0.0485187

19 32 0.0498565

20 32 0.0509976

21 32 0.0519374

22 32 0.0526722

23 32 0.0531992

24 32 0.0535162

25 32 0.053622

26 32 0.0535162

27 32 0.0531992

28 32 0.0526722

29 32 0.0519374

30 32 0.0509976

31 32 0.0498565

32 32 0.0485187

33 32 0.0469894

34 32 0.0452746

35 32 0.0433811

36 32 0.0413165

37 32 0.0390888

38 32 0.0367068

39 32 0.03418

40 32 0.0315182

41 32 0.0287321

42 32 0.0258326

43 32 0.0228312

44 32 0.0197396

45 32 0.0165701

46 32 0.0133353

47 32 0.0100478

48 32 0.00672062

49 32 0.00336696

50 32 0

0 33 0

1 33 0.00326083

2 33 0.00650879

3 33 0.00973106

4 33 0.0129149

5 33 0.0160478

6 33 0.0191174

7 33 0.0221115

8 33 0.0250184

9 33 0.0278265

10 33 0.0305248

11 33 0.0331026

12 33 0.0355498

13 33 0.0378567

14 33 0.0400142

15 33 0.0420138

16 33 0.0438475

17 33 0.0455082

18 33 0.0469894

19 33 0.048285

20 33 0.0493901

21 33 0.0503003

22 33 0.051012

23 33 0.0515224

24 33 0.0518294

25 33 0.0519319

26 33 0.0518294

27 33 0.0515224

28 33 0.051012

29 33 0.0503003

30 33 0.0493901

31 33 0.048285

32 33 0.0469894

33 33 0.0455082

34 33 0.0438475

35 33 0.0420138

36 33 0.0400142

37 33 0.0378567

38 33 0.0355498

39 33 0.0331026

40 33 0.0305248

41 33 0.0278265

42 33 0.0250184

43 33 0.0221115

44 33 0.0191174

45 33 0.0160478

46 33 0.0129149

47 33 0.00973106

48 33 0.00650879

49 33 0.00326083

50 33 0

0 34 0

1 34 0.00314183

2 34 0.00627127

3 34 0.00937595

4 34 0.0124436

5 34 0.0154622

6 34 0.0184197

7 34 0.0213046

8 34 0.0241054

9 34 0.026811

10 34 0.0294109

11 34 0.0318946

12 34 0.0342525

13 34 0.0364752

14 34 0.038554

15 34 0.0404806

16 34 0.0422474

17 34 0.0438475

18 34 0.0452746

19 34 0.046523

20 34 0.0475878

21 34 0.0484647

22 34 0.0491504

23 34 0.0496422

24 34 0.049938

25 34 0.0500367

26 34 0.049938

27 34 0.0496422

28 34 0.0491504

29 34 0.0484647

30 34 0.0475878

31 34 0.046523

32 34 0.0452746

33 34 0.0438475

34 34 0.0422474

35 34 0.0404806

36 34 0.038554

37 34 0.0364752

38 34 0.0342525

39 34 0.0318946

40 34 0.0294109

41 34 0.026811

42 34 0.0241054

43 34 0.0213046

44 34 0.0184197

45 34 0.0154622

46 34 0.0124436

47 34 0.00937595

48 34 0.00627127

49 34 0.00314183

50 34 0

0 35 0

1 35 0.00301044

2 35 0.00600899

3 35 0.00898383

4 35 0.0119232

5 35 0.0148156

6 35 0.0176494

7 35 0.0204136

8 35 0.0230973

9 35 0.0256897

10 35 0.0281809

11 35 0.0305607

12 35 0.03282

13 35 0.0349498

14 35 0.0369416

15 35 0.0387876

16 35 0.0404806

17 35 0.0420138

18 35 0.0433811

19 35 0.0445773

20 35 0.0455976

21 35 0.0464379

22 35 0.0470949

23 35 0.0475661

24 35 0.0478495

25 35 0.0479441

26 35 0.0478495

27 35 0.0475661

28 35 0.0470949

29 35 0.0464379

30 35 0.0455976

31 35 0.0445773

32 35 0.0433811

33 35 0.0420138

34 35 0.0404806

35 35 0.0387876

36 35 0.0369416

37 35 0.0349498

38 35 0.03282

39 35 0.0305607

40 35 0.0281809

41 35 0.0256897

42 35 0.0230973

43 35 0.0204136

44 35 0.0176494

45 35 0.0148156

46 35 0.0119232

47 35 0.00898383

48 35 0.00600899

49 35 0.00301044

50 35 0

0 36 0

1 36 0.00286716

2 36 0.00572301

3 36 0.00855626

4 36 0.0113558

5 36 0.0141104

6 36 0.0168094

7 36 0.0194421

8 36 0.021998

9 36 0.0244671

10 36 0.0268396

11 36 0.0291063

12 36 0.031258

13 36 0.0332864

14 36 0.0351834

15 36 0.0369416

16 36 0.038554

17 36 0.0400142

18 36 0.0413165

19 36 0.0424557

20 36 0.0434274

21 36 0.0442277

22 36 0.0448535

23 36 0.0453023

24 36 0.0455722

25 36 0.0456623

26 36 0.0455722

27 36 0.0453023

28 36 0.0448535

29 36 0.0442277

30 36 0.0434274

31 36 0.0424557

32 36 0.0413165

33 36 0.0400142

34 36 0.038554

35 36 0.0369416

36 36 0.0351834

37 36 0.0332864

38 36 0.031258

39 36 0.0291063

40 36 0.0268396

41 36 0.0244671

42 36 0.021998

43 36 0.0194421

44 36 0.0168094

45 36 0.0141104

46 36 0.0113558

47 36 0.00855626

48 36 0.00572301

49 36 0.00286716

50 36 0

0 37 0

1 37 0.00271257

2 37 0.00541443

3 37 0.00809493

4 37 0.0107435

5 37 0.0133496

6 37 0.0159031

7 37 0.0183938

8 37 0.0208119

9 37 0.0231479

10 37 0.0253925

11 37 0.0275369

12 37 0.0295726

13 37 0.0314917

14 37 0.0332864

15 37 0.0349498

16 37 0.0364752

17 37 0.0378567

18 37 0.0390888

19 37 0.0401666

20 37 0.0410859

21 37 0.0418431

22 37 0.0424351

23 37 0.0428596

24 37 0.043115

25 37 0.0432003

26 37 0.043115

27 37 0.0428596

28 37 0.0424351

29 37 0.0418431

30 37 0.0410859

31 37 0.0401666

32 37 0.0390888

33 37 0.0378567

34 37 0.0364752

35 37 0.0349498

36 37 0.0332864

37 37 0.0314917

38 37 0.0295726

39 37 0.0275369

40 37 0.0253925

41 37 0.0231479

42 37 0.0208119

43 37 0.0183938

44 37 0.0159031

45 37 0.0133496

46 37 0.0107435

47 37 0.00809493

48 37 0.00541443

49 37 0.00271257

50 37 0

0 38 0

1 38 0.00254727

2 38 0.00508449

3 38 0.00760164

4 38 0.0100888

5 38 0.0125361

6 38 0.014934

7 38 0.0172729

8 38 0.0195437

9 38 0.0217373

10 38 0.0238451

11 38 0.0258589

12 38 0.0277705

13 38 0.0295726

14 38 0.031258

15 38 0.03282

16 38 0.0342525

17 38 0.0355498

18 38 0.0367068

19 38 0.037719

20 38 0.0385822

21 38 0.0392933

22 38 0.0398492

23 38 0.0402479

24 38 0.0404877

25 38 0.0405678

26 38 0.0404877

27 38 0.0402479

28 38 0.0398492

29 38 0.0392933

30 38 0.0385822

31 38 0.037719

32 38 0.0367068

33 38 0.0355498

34 38 0.0342525

35 38 0.03282

36 38 0.031258

37 38 0.0295726

38 38 0.0277705

39 38 0.0258589

40 38 0.0238451

41 38 0.0217373

42 38 0.0195437

43 38 0.0172729

44 38 0.014934

45 38 0.0125361

46 38 0.0100888

47 38 0.00760164

48 38 0.00508449

49 38 0.00254727

50 38 0

0 39 0

1 39 0.00237192

2 39 0.00473448

3 39 0.00707836

4 39 0.0093943

5 39 0.0116732

6 39 0.013906

7 39 0.0160839

8 39 0.0181983

9 39 0.0202409

10 39 0.0222037

11 39 0.0240788

12 39 0.0258589

13 39 0.0275369

14 39 0.0291063

15 39 0.0305607

16 39 0.0318946

17 39 0.0331026

18 39 0.03418

19 39 0.0351224

20 39 0.0359263

21 39 0.0365884

22 39 0.037106

23 39 0.0374773

24 39 0.0377006

25 39 0.0377751

26 39 0.0377006

27 39 0.0374773

28 39 0.037106

29 39 0.0365884

30 39 0.0359263

31 39 0.0351224

32 39 0.03418

33 39 0.0331026

34 39 0.0318946

35 39 0.0305607

36 39 0.0291063

37 39 0.0275369

38 39 0.0258589

39 39 0.0240788

40 39 0.0222037

41 39 0.0202409

42 39 0.0181983

43 39 0.0160839

44 39 0.013906

45 39 0.0116732

46 39 0.0093943

47 39 0.00707836

48 39 0.00473448

49 39 0.00237192

50 39 0

0 40 0

1 40 0.00218721

2 40 0.00436579

3 40 0.00652714

4 40 0.00866273

5 40 0.0107641

6 40 0.012823

7 40 0.0148314

8 40 0.0167811

9 40 0.0186647

10 40 0.0204746

11 40 0.0222037

12 40 0.0238451

13 40 0.0253925

14 40 0.0268396

15 40 0.0281809

16 40 0.0294109

17 40 0.0305248

18 40 0.0315182

19 40 0.0323873

20 40 0.0331286

21 40 0.0337391

22 40 0.0342165

23 40 0.0345588

24 40 0.0347647

25 40 0.0348334

26 40 0.0347647

27 40 0.0345588

28 40 0.0342165

29 40 0.0337391

30 40 0.0331286

31 40 0.0323873

32 40 0.0315182

33 40 0.0305248

34 40 0.0294109

35 40 0.0281809

36 40 0.0268396

37 40 0.0253925

38 40 0.0238451

39 40 0.0222037

40 40 0.0204746

41 40 0.0186647

42 40 0.0167811

43 40 0.0148314

44 40 0.012823

45 40 0.0107641

46 40 0.00866273

47 40 0.00652714

48 40 0.00436579

49 40 0.00218721

50 40 0

0 41 0

1 41 0.00199387

2 41 0.00397987

3 41 0.00595016

4 41 0.00789697

5 41 0.00981261

6 41 0.0116895

7 41 0.0135203

8 41 0.0152977

9 41 0.0170148

10 41 0.0186647

11 41 0.0202409

12 41 0.0217373

13 41 0.0231479

14 41 0.0244671

15 41 0.0256897

16 41 0.026811

17 41 0.0278265

18 41 0.0287321

19 41 0.0295244

20 41 0.0302001

21 41 0.0307567

22 41 0.0311918

23 41 0.0315039

24 41 0.0316916

25 41 0.0317543

26 41 0.0316916

27 41 0.0315039

28 41 0.0311918

29 41 0.0307567

30 41 0.0302001

31 41 0.0295244

32 41 0.0287321

33 41 0.0278265

34 41 0.026811

35 41 0.0256897

36 41 0.0244671

37 41 0.0231479

38 41 0.0217373

39 41 0.0202409

40 41 0.0186647

41 41 0.0170148

42 41 0.0152977

43 41 0.0135203

44 41 0.0116895

45 41 0.00981261

46 41 0.00789697

47 41 0.00595016

48 41 0.00397987

49 41 0.00199387

50 41 0

0 42 0

1 42 0.00179266

2 42 0.00357824

3 42 0.0053497

4 42 0.00710004

5 42 0.00882237

6 42 0.0105099

7 42 0.0121559

8 42 0.013754

9 42 0.0152977

10 42 0.0167811

11 42 0.0181983

12 42 0.0195437

13 42 0.0208119

14 42 0.021998

15 42 0.0230973

16 42 0.0241054

17 42 0.0250184

18 42 0.0258326

19 42 0.0265449

20 42 0.0271525

21 42 0.0276528

22 42 0.0280441

23 42 0.0283247

24 42 0.0284934

25 42 0.0285498

26 42 0.0284934

27 42 0.0283247

28 42 0.0280441

29 42 0.0276528

30 42 0.0271525

31 42 0.0265449

32 42 0.0258326

33 42 0.0250184

34 42 0.0241054

35 42 0.0230973

36 42 0.021998

37 42 0.0208119

38 42 0.0195437

39 42 0.0181983

40 42 0.0167811

41 42 0.0152977

42 42 0.013754

43 42 0.0121559

44 42 0.0105099

45 42 0.00882237

46 42 0.00710004

47 42 0.0053497

48 42 0.00357824

49 42 0.00179266

50 42 0

0 43 0

1 43 0.00158437

2 43 0.00316249

3 43 0.00472812

4 43 0.0062751

5 43 0.00779731

6 43 0.00928875

7 43 0.0107435

8 43 0.0121559

9 43 0.0135203

10 43 0.0148314

11 43 0.0160839

12 43 0.0172729

13 43 0.0183938

14 43 0.0194421

15 43 0.0204136

16 43 0.0213046

17 43 0.0221115

18 43 0.0228312

19 43 0.0234607

20 43 0.0239976

21 43 0.0244399

22 43 0.0247857

23 43 0.0250337

24 43 0.0251828

25 43 0.0252326

26 43 0.0251828

27 43 0.0250337

28 43 0.0247857

29 43 0.0244399

30 43 0.0239976

31 43 0.0234607

32 43 0.0228312

33 43 0.0221115

34 43 0.0213046

35 43 0.0204136

36 43 0.0194421

37 43 0.0183938

38 43 0.0172729

39 43 0.0160839

40 43 0.0148314

41 43 0.0135203

42 43 0.0121559

43 43 0.0107435

44 43 0.00928875

45 43 0.00779731

46 43 0.0062751

47 43 0.00472812

48 43 0.00316249

49 43 0.00158437

50 43 0

0 44 0

1 44 0.00136983

2 44 0.00273425

3 44 0.00408789

4 44 0.00542539

5 44 0.00674148

6 44 0.00803096

7 44 0.00928875

8 44 0.0105099

9 44 0.0116895

10 44 0.012823

11 44 0.013906

12 44 0.014934

13 44 0.0159031

14 44 0.0168094

15 44 0.0176494

16 44 0.0184197

17 44 0.0191174

18 44 0.0197396

19 44 0.0202839

20 44 0.0207481

21 44 0.0211305

22 44 0.0214295

23 44 0.0216438

24 44 0.0217728

25 44 0.0218159

26 44 0.0217728

27 44 0.0216438

28 44 0.0214295

29 44 0.0211305

30 44 0.0207481

31 44 0.0202839

32 44 0.0197396

33 44 0.0191174

34 44 0.0184197

35 44 0.0176494

36 44 0.0168094

37 44 0.0159031

38 44 0.014934

39 44 0.013906

40 44 0.012823

41 44 0.0116895

42 44 0.0105099

43 44 0.00928875

44 44 0.00803096

45 44 0.00674148

46 44 0.00542539

47 44 0.00408789

48 44 0.00273425

49 44 0.00136983

50 44 0

0 45 0

1 45 0.00114988

2 45 0.00229523

3 45 0.00343152

4 45 0.00455426

5 45 0.00565904

6 45 0.00674148

7 45 0.00779731

8 45 0.00882237

9 45 0.00981261

10 45 0.0107641

11 45 0.0116732

12 45 0.0125361

13 45 0.0133496

14 45 0.0141104

15 45 0.0148156

16 45 0.0154622

17 45 0.0160478

18 45 0.0165701

19 45 0.017027

20 45 0.0174167

21 45 0.0177377

22 45 0.0179887

23 45 0.0181686

24 45 0.0182769

25 45 0.018313

26 45 0.0182769

27 45 0.0181686

28 45 0.0179887

29 45 0.0177377

30 45 0.0174167

31 45 0.017027

32 45 0.0165701

33 45 0.0160478

34 45 0.0154622

35 45 0.0148156

36 45 0.0141104

37 45 0.0133496

38 45 0.0125361

39 45 0.0116732

40 45 0.0107641

41 45 0.00981261

42 45 0.00882237

43 45 0.00779731

44 45 0.00674148

45 45 0.00565904

46 45 0.00455426

47 45 0.00343152

48 45 0.00229523

49 45 0.00114988

50 45 0

0 46 0

1 46 0.000925401

2 46 0.00184715

3 46 0.00276161

4 46 0.00366517

5 46 0.00455426

6 46 0.00542539

7 46 0.0062751

8 46 0.00710004

9 46 0.00789697

10 46 0.00866273

11 46 0.0093943

12 46 0.0100888

13 46 0.0107435

14 46 0.0113558

15 46 0.0119232

16 46 0.0124436

17 46 0.0129149

18 46 0.0133353

19 46 0.013703

20 46 0.0140166

21 46 0.0142749

22 46 0.0144769

23 46 0.0146217

24 46 0.0147088

25 46 0.0147379

26 46 0.0147088

27 46 0.0146217

28 46 0.0144769

29 46 0.0142749

30 46 0.0140166

31 46 0.013703

32 46 0.0133353

33 46 0.0129149

34 46 0.0124436

35 46 0.0119232

36 46 0.0113558

37 46 0.0107435

38 46 0.0100888

39 46 0.0093943

40 46 0.00866273

41 46 0.00789697

42 46 0.00710004

43 46 0.0062751

44 46 0.00542539

45 46 0.00455426

46 46 0.00366517

47 46 0.00276161

48 46 0.00184715

49 46 0.000925401

50 46 0

0 47 0

1 47 0.000697265

2 47 0.00139178

3 47 0.0020808

4 47 0.00276161

5 47 0.00343152

6 47 0.00408789

7 47 0.00472812

8 47 0.0053497

9 47 0.00595016

10 47 0.00652714

11 47 0.00707836

12 47 0.00760164

13 47 0.00809493

14 47 0.00855626

15 47 0.00898383

16 47 0.00937595

17 47 0.00973106

18 47 0.0100478

19 47 0.0103248

20 47 0.0105611

21 47 0.0107558

22 47 0.0109079

23 47 0.0110171

24 47 0.0110827

25 47 0.0111046

26 47 0.0110827

27 47 0.0110171

28 47 0.0109079

29 47 0.0107558

30 47 0.0105611

31 47 0.0103248

32 47 0.0100478

33 47 0.00973106

34 47 0.00937595

35 47 0.00898383

36 47 0.00855626

37 47 0.00809493

38 47 0.00760164

39 47 0.00707836

40 47 0.00652714

41 47 0.00595016

42 47 0.0053497

43 47 0.00472812

44 47 0.00408789

45 47 0.00343152

46 47 0.00276161

47 47 0.0020808

48 47 0.00139178

49 47 0.000697265

50 47 0

0 48 0

1 48 0.000466378

2 48 0.000930916

3 48 0.00139178

4 48 0.00184715

5 48 0.00229523

6 48 0.00273425

7 48 0.00316249

8 48 0.00357824

9 48 0.00397987

10 48 0.00436579

11 48 0.00473448

12 48 0.00508449

13 48 0.00541443

14 48 0.00572301

15 48 0.00600899

16 48 0.00627127

17 48 0.00650879

18 48 0.00672062

19 48 0.00690594

20 48 0.00706399

21 48 0.00719417

22 48 0.00729596

23 48 0.00736896

24 48 0.00741287

25 48 0.00742752

26 48 0.00741287

27 48 0.00736896

28 48 0.00729596

29 48 0.00719417

30 48 0.00706399

31 48 0.00690594

32 48 0.00672062

33 48 0.00650879

34 48 0.00627127

35 48 0.00600899

