0 1 0

1 1 0.000490679

2 1 0.000979422

3 1 0.0014643

4 1 0.0019434

5 1 0.00241483

6 1 0.00287672

7 1 0.00332727

8 1 0.00376468

9 1 0.00418724

10 1 0.00459327

11 1 0.00498117

12 1 0.00534942

13 1 0.00569655

14 1 0.00602121

15 1 0.0063221

16 1 0.00659803

17 1 0.00684793

18 1 0.00707081

19 1 0.00726578

20 1 0.00743207

21 1 0.00756903

22 1 0.00767612

23 1 0.00775292

24 1 0.00779912

25 1 0.00781454

26 1 0.00779912

27 1 0.00775292

28 1 0.00767612

29 1 0.00756903

30 1 0.00743207

31 1 0.00726578

32 1 0.00707081

33 1 0.00684793

34 1 0.00659803

35 1 0.0063221

36 1 0.00602121

37 1 0.00569655

38 1 0.00534942

39 1 0.00498117

40 1 0.00459327

41 1 0.00418724

42 1 0.00376468

43 1 0.00332727

44 1 0.00287672

45 1 0.00241483

46 1 0.0019434

47 1 0.0014643

48 1 0.000979422

49 1 0.000490679

50 1 0

0 2 0

1 2 0.000979422

2 2 0.00195498

3 2 0.00292282

4 2 0.00387912

5 2 0.00482012

6 2 0.00574209

7 2 0.00664141

8 2 0.00751451

9 2 0.00835795

10 2 0.00916841

11 2 0.00994269

12 2 0.0106777

13 2 0.0113706

14 2 0.0120186

15 2 0.0126192

16 2 0.01317

17 2 0.0136688

18 2 0.0141137

19 2 0.0145029

20 2 0.0148348

21 2 0.0151082

22 2 0.015322

23 2 0.0154752

24 2 0.0155675

25 2 0.0155982

26 2 0.0155675

27 2 0.0154752

28 2 0.015322

29 2 0.0151082

30 2 0.0148348

31 2 0.0145029

32 2 0.0141137

33 2 0.0136688

34 2 0.01317

35 2 0.0126192

36 2 0.0120186

37 2 0.0113706

38 2 0.0106777

39 2 0.00994269

40 2 0.00916841

41 2 0.00835795

42 2 0.00751451

43 2 0.00664141

44 2 0.00574209

45 2 0.00482012

46 2 0.00387912

47 2 0.00292282

48 2 0.00195498

49 2 0.000979422

50 2 0

0 3 0

1 3 0.0014643

2 3 0.00292282

3 3 0.0043698

4 3 0.00579954

5 3 0.00720639

6 3 0.0085848

7 3 0.00992933

8 3 0.0112347

9 3 0.0124957

10 3 0.0137074

11 3 0.014865

12 3 0.0159639

13 3 0.0169998

14 3 0.0179687

15 3 0.0188666

16 3 0.01969

17 3 0.0204358

18 3 0.0211009

19 3 0.0216827

20 3 0.022179

21 3 0.0225877

22 3 0.0229073

23 3 0.0231365

24 3 0.0232744

25 3 0.0233204

26 3 0.0232744

27 3 0.0231365

28 3 0.0229073

29 3 0.0225877

30 3 0.022179

31 3 0.0216827

32 3 0.0211009

33 3 0.0204358

34 3 0.01969

35 3 0.0188666

36 3 0.0179687

37 3 0.0169998

38 3 0.0159639

39 3 0.014865

40 3 0.0137074

41 3 0.0124957

42 3 0.0112347

43 3 0.00992933

44 3 0.0085848

45 3 0.00720639

46 3 0.00579954

47 3 0.0043698

48 3 0.00292282

49 3 0.0014643

50 3 0

0 4 0

1 4 0.0019434

2 4 0.00387912

3 4 0.00579954

4 4 0.00769707

5 4 0.00956423

6 4 0.0113936

7 4 0.0131781

8 4 0.0149105

9 4 0.0165841

10 4 0.0181922

11 4 0.0197286

12 4 0.0211871

13 4 0.0225619

14 4 0.0238478

15 4 0.0250395

16 4 0.0261324

17 4 0.0271221

18 4 0.0280048

19 4 0.028777

20 4 0.0294357

21 4 0.0299781

22 4 0.0304023

23 4 0.0307064

24 4 0.0308894

25 4 0.0309505

26 4 0.0308894

27 4 0.0307064

28 4 0.0304023

29 4 0.0299781

30 4 0.0294357

31 4 0.028777

32 4 0.0280048

33 4 0.0271221

34 4 0.0261324

35 4 0.0250395

36 4 0.0238478

37 4 0.0225619

38 4 0.0211871

39 4 0.0197286

40 4 0.0181922

41 4 0.0165841

42 4 0.0149105

43 4 0.0131781

44 4 0.0113936

45 4 0.00956423

46 4 0.00769707

47 4 0.00579954

48 4 0.00387912

49 4 0.0019434

50 4 0

0 5 0

1 5 0.00241483

2 5 0.00482012

3 5 0.00720639

4 5 0.00956423

5 5 0.0118843

6 5 0.0141575

7 5 0.0163748

8 5 0.0185275

9 5 0.0206071

10 5 0.0226053

11 5 0.0245143

12 5 0.0263266

13 5 0.028035

14 5 0.0296327

15 5 0.0311135

16 5 0.0324715

17 5 0.0337014

18 5 0.0347982

19 5 0.0357578

20 5 0.0365762

21 5 0.0372502

22 5 0.0377772

23 5 0.0381552

24 5 0.0383826

25 5 0.0384584

26 5 0.0383826

27 5 0.0381552

28 5 0.0377772

29 5 0.0372502

30 5 0.0365762

31 5 0.0357578

32 5 0.0347982

33 5 0.0337014

34 5 0.0324715

35 5 0.0311135

36 5 0.0296327

37 5 0.028035

38 5 0.0263266

39 5 0.0245143

40 5 0.0226053

41 5 0.0206071

42 5 0.0185275

43 5 0.0163748

44 5 0.0141575

45 5 0.0118843

46 5 0.00956423

47 5 0.00720639

48 5 0.00482012

49 5 0.00241483

50 5 0

0 6 0

1 6 0.00287672

2 6 0.00574209

3 6 0.0085848

4 6 0.0113936

5 6 0.0141575

6 6 0.0168655

7 6 0.0195069

8 6 0.0220714

9 6 0.0245487

10 6 0.0269292

11 6 0.0292033

12 6 0.0313623

13 6 0.0333974

14 6 0.0353008

15 6 0.0370648

16 6 0.0386826

17 6 0.0401477

18 6 0.0414543

19 6 0.0425974

20 6 0.0435723

21 6 0.0443753

22 6 0.0450031

23 6 0.0454534

24 6 0.0457242

25 6 0.0458146

26 6 0.0457242

27 6 0.0454534

28 6 0.0450031

29 6 0.0443753

30 6 0.0435723

31 6 0.0425974

32 6 0.0414543

33 6 0.0401477

34 6 0.0386826

35 6 0.0370648

36 6 0.0353008

37 6 0.0333974

38 6 0.0313623

39 6 0.0292033

40 6 0.0269292

41 6 0.0245487

42 6 0.0220714

43 6 0.0195069

44 6 0.0168655

45 6 0.0141575

46 6 0.0113936

47 6 0.0085848

48 6 0.00574209

49 6 0.00287672

50 6 0

0 7 0

1 7 0.00332727

2 7 0.00664141

3 7 0.00992933

4 7 0.0131781

5 7 0.0163748

6 7 0.0195069

7 7 0.022562

8 7 0.0255281

9 7 0.0283935

10 7 0.0311467

11 7 0.0337771

12 7 0.0362741

13 7 0.038628

14 7 0.0408295

15 7 0.0428698

16 7 0.0447409

17 7 0.0464355

18 7 0.0479468

19 7 0.0492688

20 7 0.0503965

21 7 0.0513252

22 7 0.0520514

23 7 0.0525721

24 7 0.0528854

25 7 0.05299

26 7 0.0528854

27 7 0.0525721

28 7 0.0520514

29 7 0.0513252

30 7 0.0503965

31 7 0.0492688

32 7 0.0479468

33 7 0.0464355

34 7 0.0447409

35 7 0.0428698

36 7 0.0408295

37 7 0.038628

38 7 0.0362741

39 7 0.0337771

40 7 0.0311467

41 7 0.0283935

42 7 0.0255281

43 7 0.022562

44 7 0.0195069

45 7 0.0163748

46 7 0.0131781

47 7 0.00992933

48 7 0.00664141

49 7 0.00332727

50 7 0

0 8 0

1 8 0.00376468

2 8 0.00751451

3 8 0.0112347

4 8 0.0149105

5 8 0.0185275

6 8 0.0220714

7 8 0.0255281

8 8 0.0288841

9 8 0.0321262

10 8 0.0352414

11 8 0.0382175

12 8 0.0410429

13 8 0.0437062

14 8 0.0461971

15 8 0.0485056

16 8 0.0506227

17 8 0.05254

18 8 0.05425

19 8 0.0557459

20 8 0.0570218

21 8 0.0580726

22 8 0.0588942

23 8 0.0594835

24 8 0.0598379

25 8 0.0599562

26 8 0.0598379

27 8 0.0594835

28 8 0.0588942

29 8 0.0580726

30 8 0.0570218

31 8 0.0557459

32 8 0.05425

33 8 0.05254

34 8 0.0506227

35 8 0.0485056

36 8 0.0461971

37 8 0.0437062

38 8 0.0410429

39 8 0.0382175

40 8 0.0352414

41 8 0.0321262

42 8 0.0288841

43 8 0.0255281

44 8 0.0220714

45 8 0.0185275

46 8 0.0149105

47 8 0.0112347

48 8 0.00751451

49 8 0.00376468

50 8 0

0 9 0

1 9 0.00418724

2 9 0.00835795

3 9 0.0124957

4 9 0.0165841

5 9 0.0206071

6 9 0.0245487

7 9 0.0283935

8 9 0.0321262

9 9 0.0357321

10 9 0.039197

11 9 0.0425072

12 9 0.0456496

13 9 0.0486119

14 9 0.0513823

15 9 0.05395

16 9 0.0563047

17 9 0.0584373

18 9 0.0603392

19 9 0.0620029

20 9 0.063422

21 9 0.0645908

22 9 0.0655047

23 9 0.06616

24 9 0.0665543

25 9 0.0666859

26 9 0.0665543

27 9 0.06616

28 9 0.0655047

29 9 0.0645908

30 9 0.063422

31 9 0.0620029

32 9 0.0603392

33 9 0.0584373

34 9 0.0563047

35 9 0.05395

36 9 0.0513823

37 9 0.0486119

38 9 0.0456496

39 9 0.0425072

40 9 0.039197

41 9 0.0357321

42 9 0.0321262

43 9 0.0283935

44 9 0.0245487

45 9 0.0206071

46 9 0.0165841

47 9 0.0124957

48 9 0.00835795

49 9 0.00418724

50 9 0

0 10 0

1 10 0.00459327

2 10 0.00916841

3 10 0.0137074

4 10 0.0181922

5 10 0.0226053

6 10 0.0269292

7 10 0.0311467

8 10 0.0352414

9 10 0.039197

10 10 0.0429978

11 10 0.046629

12 10 0.0500762

13 10 0.0533257

14 10 0.0563648

15 10 0.0591815

16 10 0.0617645

17 10 0.0641039

18 10 0.0661902

19 10 0.0680153

20 10 0.069572

21 10 0.0708541

22 10 0.0718566

23 10 0.0725755

24 10 0.073008

25 10 0.0731523

26 10 0.073008

27 10 0.0725755

28 10 0.0718566

29 10 0.0708541

30 10 0.069572

31 10 0.0680153

32 10 0.0661902

33 10 0.0641039

34 10 0.0617645

35 10 0.0591815

36 10 0.0563648

37 10 0.0533257

38 10 0.0500762

39 10 0.046629

40 10 0.0429978

41 10 0.039197

42 10 0.0352414

43 10 0.0311467

44 10 0.0269292

45 10 0.0226053

46 10 0.0181922

47 10 0.0137074

48 10 0.00916841

49 10 0.00459327

50 10 0

0 11 0

1 11 0.00498117

2 11 0.00994269

3 11 0.014865

4 11 0.0197286

5 11 0.0245143

6 11 0.0292033

7 11 0.0337771

8 11 0.0382175

9 11 0.0425072

10 11 0.046629

11 11 0.0505669

12 11 0.0543052

13 11 0.0578291

14 11 0.0611249

15 11 0.0641794

16 11 0.0669806

17 11 0.0695175

18 11 0.07178

19 11 0.0737592

20 11 0.0754474

21 11 0.0768377

22 11 0.0779249

23 11 0.0787045

24 11 0.0791735

25 11 0.07933

26 11 0.0791735

27 11 0.0787045

28 11 0.0779249

29 11 0.0768377

30 11 0.0754474

31 11 0.0737592

32 11 0.07178

33 11 0.0695175

34 11 0.0669806

35 11 0.0641794

36 11 0.0611249

37 11 0.0578291

38 11 0.0543052

39 11 0.0505669

40 11 0.046629

41 11 0.0425072

42 11 0.0382175

43 11 0.0337771

44 11 0.0292033

45 11 0.0245143

46 11 0.0197286

47 11 0.014865

48 11 0.00994269

49 11 0.00498117

50 11 0

0 12 0

1 12 0.00534942

2 12 0.0106777

3 12 0.0159639

4 12 0.0211871

5 12 0.0263266

6 12 0.0313623

7 12 0.0362741

8 12 0.0410429

9 12 0.0456496

10 12 0.0500762

11 12 0.0543052

12 12 0.0583198

13 12 0.0621043

14 12 0.0656437

15 12 0.068924

16 12 0.0719323

17 12 0.0746567

18 12 0.0770865

19 12 0.079212

20 12 0.081025

21 12 0.0825182

22 12 0.0836857

23 12 0.0845229

24 12 0.0850266

25 12 0.0851947

26 12 0.0850266

27 12 0.0845229

28 12 0.0836857

29 12 0.0825182

30 12 0.081025

31 12 0.079212

32 12 0.0770865

33 12 0.0746567

34 12 0.0719323

35 12 0.068924

36 12 0.0656437

37 12 0.0621043

38 12 0.0583198

39 12 0.0543052

40 12 0.0500762

41 12 0.0456496

42 12 0.0410429

43 12 0.0362741

44 12 0.0313623

45 12 0.0263266

46 12 0.0211871

47 12 0.0159639

48 12 0.0106777

49 12 0.00534942

50 12 0

0 13 0

1 13 0.00569655

2 13 0.0113706

3 13 0.0169998

4 13 0.0225619

5 13 0.028035

6 13 0.0333974

7 13 0.038628

8 13 0.0437062

9 13 0.0486119

10 13 0.0533257

11 13 0.0578291

12 13 0.0621043

13 13 0.0661343

14 13 0.0699034

15 13 0.0733966

16 13 0.0766001

17 13 0.0795013

18 13 0.0820888

19 13 0.0843523

20 13 0.0862828

21 13 0.0878729

22 13 0.0891162

23 13 0.0900078

24 13 0.0905441

25 13 0.0907232

26 13 0.0905441

27 13 0.0900078

28 13 0.0891162

29 13 0.0878729

30 13 0.0862828

31 13 0.0843523

32 13 0.0820888

33 13 0.0795013

34 13 0.0766001

35 13 0.0733966

36 13 0.0699034

37 13 0.0661343

38 13 0.0621043

39 13 0.0578291

40 13 0.0533257

41 13 0.0486119

42 13 0.0437062

43 13 0.038628

44 13 0.0333974

45 13 0.028035

46 13 0.0225619

47 13 0.0169998

48 13 0.0113706

49 13 0.00569655

50 13 0

0 14 0

1 14 0.00602121

2 14 0.0120186

3 14 0.0179687

4 14 0.0238478

5 14 0.0296327

6 14 0.0353008

7 14 0.0408295

8 14 0.0461971

9 14 0.0513823

10 14 0.0563648

11 14 0.0611249

12 14 0.0656437

13 14 0.0699034

14 14 0.0738873

15 14 0.0775795

16 14 0.0809656

17 14 0.0840322

18 14 0.0867671

19 14 0.0891596

20 14 0.0912002

21 14 0.0928809

22 14 0.094195

23 14 0.0951374

24 14 0.0957043

25 14 0.0958936

26 14 0.0957043

27 14 0.0951374

28 14 0.094195

29 14 0.0928809

30 14 0.0912002

31 14 0.0891596

32 14 0.0867671

33 14 0.0840322

34 14 0.0809656

35 14 0.0775795

36 14 0.0738873

37 14 0.0699034

38 14 0.0656437

39 14 0.0611249

40 14 0.0563648

41 14 0.0513823

42 14 0.0461971

43 14 0.0408295

44 14 0.0353008

45 14 0.0296327

46 14 0.0238478

47 14 0.0179687

48 14 0.0120186

49 14 0.00602121

50 14 0

0 15 0

1 15 0.0063221

2 15 0.0126192

3 15 0.0188666

4 15 0.0250395

5 15 0.0311135

6 15 0.0370648

7 15 0.0428698

8 15 0.0485056

9 15 0.05395

10 15 0.0591815

11 15 0.0641794

12 15 0.068924

13 15 0.0733966

14 15 0.0775795

15 15 0.0814563

16 15 0.0850116

17 15 0.0882314

18 15 0.091103

19 15 0.093615

20 15 0.0957576

21 15 0.0975223

22 15 0.0989021

23 15 0.0998916

24 15 0.100487

25 15 0.100686

26 15 0.100487

27 15 0.0998916

28 15 0.0989021

29 15 0.0975223

30 15 0.0957576

31 15 0.093615

32 15 0.091103

33 15 0.0882314

34 15 0.0850116

35 15 0.0814563

36 15 0.0775795

37 15 0.0733966

38 15 0.068924

39 15 0.0641794

40 15 0.0591815

41 15 0.05395

42 15 0.0485056

43 15 0.0428698

44 15 0.0370648

45 15 0.0311135

46 15 0.0250395

47 15 0.0188666

48 15 0.0126192

49 15 0.0063221

50 15 0

0 16 0

1 16 0.00659803

2 16 0.01317

3 16 0.01969

4 16 0.0261324

5 16 0.0324715

6 16 0.0386826

7 16 0.0447409

8 16 0.0506227

9 16 0.0563047

10 16 0.0617645

11 16 0.0669806

12 16 0.0719323

13 16 0.0766001

14 16 0.0809656

15 16 0.0850116

16 16 0.0887221

17 16 0.0920824

18 16 0.0950793

19 16 0.097701

20 16 0.0999371

21 16 0.101779

22 16 0.103219

23 16 0.104252

24 16 0.104873

25 16 0.10508

26 16 0.104873

27 16 0.104252

28 16 0.103219

29 16 0.101779

30 16 0.0999371

31 16 0.097701

32 16 0.0950793

33 16 0.0920824

34 16 0.0887221

35 16 0.0850116

36 16 0.0809656

37 16 0.0766001

38 16 0.0719323

39 16 0.0669806

40 16 0.0617645

41 16 0.0563047

42 16 0.0506227

43 16 0.0447409

44 16 0.0386826

45 16 0.0324715

46 16 0.0261324

47 16 0.01969

48 16 0.01317

49 16 0.00659803

50 16 0

0 17 0

1 17 0.00684793

2 17 0.0136688

3 17 0.0204358

4 17 0.0271221

5 17 0.0337014

6 17 0.0401477

7 17 0.0464355

8 17 0.05254

9 17 0.0584373

10 17 0.0641039

11 17 0.0695175

12 17 0.0746567

13 17 0.0795013

14 17 0.0840322

15 17 0.0882314

16 17 0.0920824

17 17 0.09557

18 17 0.0986804

19 17 0.101401

20 17 0.103722

21 17 0.105634

22 17 0.107128

23 17 0.1082

24 17 0.108845

25 17 0.10906

26 17 0.108845

27 17 0.1082

28 17 0.107128

29 17 0.105634

30 17 0.103722

31 17 0.101401

32 17 0.0986804

33 17 0.09557

34 17 0.0920824

35 17 0.0882314

36 17 0.0840322

37 17 0.0795013

38 17 0.0746567

39 17 0.0695175

40 17 0.0641039

41 17 0.0584373

42 17 0.05254

43 17 0.0464355

44 17 0.0401477

45 17 0.0337014

46 17 0.0271221

47 17 0.0204358

48 17 0.0136688

49 17 0.00684793

50 17 0

0 18 0

1 18 0.00707081

2 18 0.0141137

3 18 0.0211009

4 18 0.0280048

5 18 0.0347982

6 18 0.0414543

7 18 0.0479468

8 18 0.05425

9 18 0.0603392

10 18 0.0661902

11 18 0.07178

12 18 0.0770865

13 18 0.0820888

14 18 0.0867671

15 18 0.091103

16 18 0.0950793

17 18 0.0986804

18 18 0.101892

19 18 0.104702

20 18 0.107098

21 18 0.109072

22 18 0.110615

23 18 0.111722

24 18 0.112387

25 18 0.112609

26 18 0.112387

27 18 0.111722

28 18 0.110615

29 18 0.109072

30 18 0.107098

31 18 0.104702

32 18 0.101892

33 18 0.0986804

34 18 0.0950793

35 18 0.091103

36 18 0.0867671

37 18 0.0820888

38 18 0.0770865

39 18 0.07178

40 18 0.0661902

41 18 0.0603392

42 18 0.05425

43 18 0.0479468

44 18 0.0414543

45 18 0.0347982

46 18 0.0280048

47 18 0.0211009

48 18 0.0141137

49 18 0.00707081

50 18 0

0 19 0

1 19 0.00726578

2 19 0.0145029

3 19 0.0216827

4 19 0.028777

5 19 0.0357578

6 19 0.0425974

7 19 0.0492688

8 19 0.0557459

9 19 0.0620029

10 19 0.0680153

11 19 0.0737592

12 19 0.079212

13 19 0.0843523

14 19 0.0891596

15 19 0.093615

16 19 0.097701

17 19 0.101401

18 19 0.104702

19 19 0.107589

20 19 0.110051

21 19 0.112079

22 19 0.113665

23 19 0.114802

24 19 0.115486

25 19 0.115715

26 19 0.115486

27 19 0.114802

28 19 0.113665

29 19 0.112079

30 19 0.110051

31 19 0.107589

32 19 0.104702

33 19 0.101401

34 19 0.097701

35 19 0.093615

36 19 0.0891596

37 19 0.0843523

38 19 0.079212

39 19 0.0737592

40 19 0.0680153

41 19 0.0620029

42 19 0.0557459

43 19 0.0492688

44 19 0.0425974

45 19 0.0357578

46 19 0.028777

47 19 0.0216827

48 19 0.0145029

49 19 0.00726578

50 19 0

0 20 0

1 20 0.00743207

2 20 0.0148348

3 20 0.022179

4 20 0.0294357

5 20 0.0365762

6 20 0.0435723

7 20 0.0503965

8 20 0.0570218

9 20 0.063422

10 20 0.069572

11 20 0.0754474

12 20 0.081025

13 20 0.0862828

14 20 0.0912002

15 20 0.0957576

16 20 0.0999371

17 20 0.103722

18 20 0.107098

19 20 0.110051

20 20 0.11257

21 20 0.114644

22 20 0.116266

23 20 0.11743

24 20 0.118129

25 20 0.118363

26 20 0.118129

27 20 0.11743

28 20 0.116266

29 20 0.114644

30 20 0.11257

31 20 0.110051

32 20 0.107098

33 20 0.103722

34 20 0.0999371

35 20 0.0957576

36 20 0.0912002

37 20 0.0862828

38 20 0.081025

39 20 0.0754474

40 20 0.069572

41 20 0.063422

42 20 0.0570218

43 20 0.0503965

44 20 0.0435723

45 20 0.0365762

46 20 0.0294357

47 20 0.022179

48 20 0.0148348

49 20 0.00743207

50 20 0

0 21 0

1 21 0.00756903

2 21 0.0151082

3 21 0.0225877

4 21 0.0299781

5 21 0.0372502

6 21 0.0443753

7 21 0.0513252

8 21 0.0580726

9 21 0.0645908

10 21 0.0708541

11 21 0.0768377

12 21 0.0825182

13 21 0.0878729

14 21 0.0928809

15 21 0.0975223

16 21 0.101779

17 21 0.105634

18 21 0.109072

19 21 0.112079

20 21 0.114644

21 21 0.116757

22 21 0.118409

23 21 0.119594

24 21 0.120306

25 21 0.120544

26 21 0.120306

27 21 0.119594

28 21 0.118409

29 21 0.116757

30 21 0.114644

31 21 0.112079

32 21 0.109072

33 21 0.105634

34 21 0.101779

35 21 0.0975223

36 21 0.0928809

37 21 0.0878729

38 21 0.0825182

39 21 0.0768377

40 21 0.0708541

41 21 0.0645908

42 21 0.0580726

43 21 0.0513252

44 21 0.0443753

45 21 0.0372502

46 21 0.0299781

47 21 0.0225877

48 21 0.0151082

49 21 0.00756903

50 21 0

0 22 0

1 22 0.00767612

2 22 0.015322

3 22 0.0229073

4 22 0.0304023

5 22 0.0377772

6 22 0.0450031

7 22 0.0520514

8 22 0.0588942

9 22 0.0655047

10 22 0.0718566

11 22 0.0779249

12 22 0.0836857

13 22 0.0891162

14 22 0.094195

15 22 0.0989021

16 22 0.103219

17 22 0.107128

18 22 0.110615

19 22 0.113665

20 22 0.116266

21 22 0.118409

22 22 0.120084

23 22 0.121286

24 22 0.122008

25 22 0.12225

26 22 0.122008

27 22 0.121286

28 22 0.120084

29 22 0.118409

30 22 0.116266

31 22 0.113665

32 22 0.110615

33 22 0.107128

34 22 0.103219

35 22 0.0989021

36 22 0.094195

37 22 0.0891162

38 22 0.0836857

39 22 0.0779249

40 22 0.0718566

41 22 0.0655047

42 22 0.0588942

43 22 0.0520514

44 22 0.0450031

45 22 0.0377772

46 22 0.0304023

47 22 0.0229073

48 22 0.015322

49 22 0.00767612

50 22 0

0 23 0

1 23 0.00775292

2 23 0.0154752

3 23 0.0231365

4 23 0.0307064

5 23 0.0381552

6 23 0.0454534

7 23 0.0525721

8 23 0.0594835

9 23 0.06616

10 23 0.0725755

11 23 0.0787045

12 23 0.0845229

13 23 0.0900078

14 23 0.0951374

15 23 0.0998916

16 23 0.104252

17 23 0.1082

18 23 0.111722

19 23 0.114802

20 23 0.11743

21 23 0.119594

22 23 0.121286

23 23 0.122499

24 23 0.123229

25 23 0.123473

26 23 0.123229

27 23 0.122499

28 23 0.121286

29 23 0.119594

30 23 0.11743

31 23 0.114802

32 23 0.111722

33 23 0.1082

34 23 0.104252

35 23 0.0998916

36 23 0.0951374

37 23 0.0900078

38 23 0.0845229

39 23 0.0787045

40 23 0.0725755

41 23 0.06616

42 23 0.0594835

43 23 0.0525721

44 23 0.0454534

45 23 0.0381552

46 23 0.0307064

47 23 0.0231365

48 23 0.0154752

49 23 0.00775292

50 23 0

0 24 0

1 24 0.00779912

2 24 0.0155675

3 24 0.0232744

4 24 0.0308894

5 24 0.0383826

6 24 0.0457242

7 24 0.0528854

8 24 0.0598379

9 24 0.0665543

10 24 0.073008

11 24 0.0791735

12 24 0.0850266

13 24 0.0905441

14 24 0.0957043

15 24 0.100487

16 24 0.104873

17 24 0.108845

18 24 0.112387

19 24 0.115486

20 24 0.118129

21 24 0.120306

22 24 0.122008

23 24 0.123229

24 24 0.123963

25 24 0.124209

26 24 0.123963

27 24 0.123229

28 24 0.122008

29 24 0.120306

30 24 0.118129

31 24 0.115486

32 24 0.112387

33 24 0.108845

34 24 0.104873

35 24 0.100487

36 24 0.0957043

37 24 0.0905441

38 24 0.0850266

39 24 0.0791735

40 24 0.073008

41 24 0.0665543

42 24 0.0598379

43 24 0.0528854

44 24 0.0457242

45 24 0.0383826

46 24 0.0308894

47 24 0.0232744

48 24 0.0155675

49 24 0.00779912

50 24 0

0 25 0

1 25 0.00781454

2 25 0.0155982

3 25 0.0233204

4 25 0.0309505

5 25 0.0384584

6 25 0.0458146

7 25 0.05299

8 25 0.0599562

9 25 0.0666859

10 25 0.0731523

11 25 0.07933

12 25 0.0851947

13 25 0.0907232

14 25 0.0958936

15 25 0.100686

16 25 0.10508

17 25 0.10906

18 25 0.112609

19 25 0.115715

20 25 0.118363

21 25 0.120544

22 25 0.12225

23 25 0.123473

24 25 0.124209

25 25 0.124454

26 25 0.124209

27 25 0.123473

28 25 0.12225

29 25 0.120544

30 25 0.118363

31 25 0.115715

32 25 0.112609

33 25 0.10906

34 25 0.10508

35 25 0.100686

36 25 0.0958936

37 25 0.0907232

38 25 0.0851947

39 25 0.07933

40 25 0.0731523

41 25 0.0666859

42 25 0.0599562

43 25 0.05299

44 25 0.0458146

45 25 0.0384584

46 25 0.0309505

47 25 0.0233204

48 25 0.0155982

49 25 0.00781454

50 25 0

0 26 0

1 26 0.00779912

2 26 0.0155675

3 26 0.0232744

4 26 0.0308894

5 26 0.0383826

6 26 0.0457242

7 26 0.0528854

8 26 0.0598379

9 26 0.0665543

10 26 0.073008

11 26 0.0791735

12 26 0.0850266

13 26 0.0905441

14 26 0.0957043

15 26 0.100487

16 26 0.104873

17 26 0.108845

18 26 0.112387

19 26 0.115486

20 26 0.118129

21 26 0.120306

22 26 0.122008

23 26 0.123229

24 26 0.123963

25 26 0.124209

26 26 0.123963

27 26 0.123229

28 26 0.122008

29 26 0.120306

30 26 0.118129

31 26 0.115486

32 26 0.112387

33 26 0.108845

34 26 0.104873

35 26 0.100487

36 26 0.0957043

37 26 0.0905441

38 26 0.0850266

39 26 0.0791735

40 26 0.073008

41 26 0.0665543

42 26 0.0598379

43 26 0.0528854

44 26 0.0457242

45 26 0.0383826

46 26 0.0308894

47 26 0.0232744

48 26 0.0155675

49 26 0.00779912

50 26 0

0 27 0

1 27 0.00775292

2 27 0.0154752

3 27 0.0231365

4 27 0.0307064

5 27 0.0381552

6 27 0.0454534

7 27 0.0525721

8 27 0.0594835

9 27 0.06616

10 27 0.0725755

11 27 0.0787045

12 27 0.0845229

13 27 0.0900078

14 27 0.0951374

15 27 0.0998916

16 27 0.104252

17 27 0.1082

18 27 0.111722

19 27 0.114802

20 27 0.11743

21 27 0.119594

22 27 0.121286

23 27 0.122499

24 27 0.123229

25 27 0.123473

26 27 0.123229

27 27 0.122499

28 27 0.121286

29 27 0.119594

30 27 0.11743

31 27 0.114802

32 27 0.111722

33 27 0.1082

34 27 0.104252

35 27 0.0998916

36 27 0.0951374

37 27 0.0900078

38 27 0.0845229

39 27 0.0787045

40 27 0.0725755

41 27 0.06616

42 27 0.0594835

43 27 0.0525721

44 27 0.0454534

45 27 0.0381552

46 27 0.0307064

47 27 0.0231365

48 27 0.0154752

49 27 0.00775292

50 27 0

0 28 0

1 28 0.00767612

2 28 0.015322

3 28 0.0229073

4 28 0.0304023

5 28 0.0377772

6 28 0.0450031

7 28 0.0520514

8 28 0.0588942

9 28 0.0655047

10 28 0.0718566

11 28 0.0779249

12 28 0.0836857

13 28 0.0891162

14 28 0.094195

15 28 0.0989021

16 28 0.103219

17 28 0.107128

18 28 0.110615

19 28 0.113665

20 28 0.116266

21 28 0.118409

22 28 0.120084

23 28 0.121286

24 28 0.122008

25 28 0.12225

26 28 0.122008

27 28 0.121286

28 28 0.120084

29 28 0.118409

30 28 0.116266

31 28 0.113665

32 28 0.110615

33 28 0.107128

34 28 0.103219

35 28 0.0989021

36 28 0.094195

37 28 0.0891162

38 28 0.0836857

39 28 0.0779249

40 28 0.0718566

41 28 0.0655047

42 28 0.0588942

43 28 0.0520514

44 28 0.0450031

45 28 0.0377772

46 28 0.0304023

47 28 0.0229073

48 28 0.015322

49 28 0.00767612

50 28 0

0 29 0

1 29 0.00756903

2 29 0.0151082

3 29 0.0225877

4 29 0.0299781

5 29 0.0372502

6 29 0.0443753

7 29 0.0513252

8 29 0.0580726

9 29 0.0645908

10 29 0.0708541

11 29 0.0768377

12 29 0.0825182

13 29 0.0878729

14 29 0.0928809

15 29 0.0975223

16 29 0.101779

17 29 0.105634

18 29 0.109072

19 29 0.112079

20 29 0.114644

21 29 0.116757

22 29 0.118409

23 29 0.119594

24 29 0.120306

25 29 0.120544

26 29 0.120306

27 29 0.119594

28 29 0.118409

29 29 0.116757

30 29 0.114644

31 29 0.112079

32 29 0.109072

33 29 0.105634

34 29 0.101779

35 29 0.0975223

36 29 0.0928809

37 29 0.0878729

38 29 0.0825182

39 29 0.0768377

40 29 0.0708541

41 29 0.0645908

42 29 0.0580726

43 29 0.0513252

44 29 0.0443753

45 29 0.0372502

46 29 0.0299781

47 29 0.0225877

48 29 0.0151082

49 29 0.00756903

50 29 0

0 30 0

1 30 0.00743207

2 30 0.0148348

3 30 0.022179

4 30 0.0294357

5 30 0.0365762

6 30 0.0435723

7 30 0.0503965

8 30 0.0570218

9 30 0.063422

10 30 0.069572

11 30 0.0754474

12 30 0.081025

13 30 0.0862828

14 30 0.0912002

15 30 0.0957576

16 30 0.0999371

17 30 0.103722

18 30 0.107098

19 30 0.110051

20 30 0.11257

21 30 0.114644

22 30 0.116266

23 30 0.11743

24 30 0.118129

25 30 0.118363

26 30 0.118129

27 30 0.11743

28 30 0.116266

29 30 0.114644

30 30 0.11257

31 30 0.110051

32 30 0.107098

33 30 0.103722

34 30 0.0999371

35 30 0.0957576

36 30 0.0912002

37 30 0.0862828

38 30 0.081025

39 30 0.0754474

40 30 0.069572

41 30 0.063422

42 30 0.0570218

43 30 0.0503965

44 30 0.0435723

45 30 0.0365762

46 30 0.0294357

47 30 0.022179

48 30 0.0148348

49 30 0.00743207

50 30 0

0 31 0

1 31 0.00726578

2 31 0.0145029

3 31 0.0216827

4 31 0.028777

5 31 0.0357578

6 31 0.0425974

7 31 0.0492688

8 31 0.0557459

9 31 0.0620029

10 31 0.0680153

11 31 0.0737592

12 31 0.079212

13 31 0.0843523

14 31 0.0891596

15 31 0.093615

16 31 0.097701

17 31 0.101401

18 31 0.104702

19 31 0.107589

20 31 0.110051

21 31 0.112079

22 31 0.113665

23 31 0.114802

24 31 0.115486

25 31 0.115715

26 31 0.115486

27 31 0.114802

28 31 0.113665

29 31 0.112079

30 31 0.110051

31 31 0.107589

32 31 0.104702

33 31 0.101401

34 31 0.097701

35 31 0.093615

36 31 0.0891596

37 31 0.0843523

38 31 0.079212

39 31 0.0737592

40 31 0.0680153

41 31 0.0620029

42 31 0.0557459

43 31 0.0492688

44 31 0.0425974

45 31 0.0357578

46 31 0.028777

47 31 0.0216827

48 31 0.0145029

49 31 0.00726578

50 31 0

0 32 0

1 32 0.00707081

2 32 0.0141137

3 32 0.0211009

4 32 0.0280048

5 32 0.0347982

6 32 0.0414543

7 32 0.0479468

8 32 0.05425

9 32 0.0603392

10 32 0.0661902

11 32 0.07178

12 32 0.0770865

13 32 0.0820888

14 32 0.0867671

15 32 0.091103

16 32 0.0950793

17 32 0.0986804

18 32 0.101892

19 32 0.104702

20 32 0.107098

21 32 0.109072

22 32 0.110615

23 32 0.111722

24 32 0.112387

25 32 0.112609

26 32 0.112387

27 32 0.111722

28 32 0.110615

29 32 0.109072

30 32 0.107098

31 32 0.104702

32 32 0.101892

33 32 0.0986804

34 32 0.0950793

35 32 0.091103

36 32 0.0867671

37 32 0.0820888

38 32 0.0770865

39 32 0.07178

40 32 0.0661902

41 32 0.0603392

42 32 0.05425

43 32 0.0479468

44 32 0.0414543

45 32 0.0347982

46 32 0.0280048

47 32 0.0211009

48 32 0.0141137

49 32 0.00707081

50 32 0

0 33 0

1 33 0.00684793

2 33 0.0136688

3 33 0.0204358

4 33 0.0271221

5 33 0.0337014

6 33 0.0401477

7 33 0.0464355

8 33 0.05254

9 33 0.0584373

10 33 0.0641039

11 33 0.0695175

12 33 0.0746567

13 33 0.0795013

14 33 0.0840322

15 33 0.0882314

16 33 0.0920824

17 33 0.09557

18 33 0.0986804

19 33 0.101401

20 33 0.103722

21 33 0.105634

22 33 0.107128

23 33 0.1082

24 33 0.108845

25 33 0.10906

26 33 0.108845

27 33 0.1082

28 33 0.107128

29 33 0.105634

30 33 0.103722

31 33 0.101401

32 33 0.0986804

33 33 0.09557

34 33 0.0920824

35 33 0.0882314

36 33 0.0840322

37 33 0.0795013

38 33 0.0746567

39 33 0.0695175

40 33 0.0641039

41 33 0.0584373

42 33 0.05254

43 33 0.0464355

44 33 0.0401477

45 33 0.0337014

46 33 0.0271221

47 33 0.0204358

48 33 0.0136688

49 33 0.00684793

50 33 0

0 34 0

1 34 0.00659803

2 34 0.01317

3 34 0.01969

4 34 0.0261324

5 34 0.0324715

6 34 0.0386826

7 34 0.0447409

8 34 0.0506227

9 34 0.0563047

10 34 0.0617645

11 34 0.0669806

12 34 0.0719323

13 34 0.0766001

14 34 0.0809656

15 34 0.0850116

16 34 0.0887221

17 34 0.0920824

18 34 0.0950793

19 34 0.097701

20 34 0.0999371

21 34 0.101779

22 34 0.103219

23 34 0.104252

24 34 0.104873

25 34 0.10508

26 34 0.104873

27 34 0.104252

28 34 0.103219

29 34 0.101779

30 34 0.0999371

31 34 0.097701

32 34 0.0950793

33 34 0.0920824

34 34 0.0887221

35 34 0.0850116

36 34 0.0809656

37 34 0.0766001

38 34 0.0719323

39 34 0.0669806

40 34 0.0617645

41 34 0.0563047

42 34 0.0506227

43 34 0.0447409

44 34 0.0386826

45 34 0.0324715

46 34 0.0261324

47 34 0.01969

48 34 0.01317

49 34 0.00659803

50 34 0

0 35 0

1 35 0.0063221

2 35 0.0126192

3 35 0.0188666

4 35 0.0250395

5 35 0.0311135

6 35 0.0370648

7 35 0.0428698

8 35 0.0485056

9 35 0.05395

10 35 0.0591815

11 35 0.0641794

12 35 0.068924

13 35 0.0733966

14 35 0.0775795

15 35 0.0814563

16 35 0.0850116

17 35 0.0882314

18 35 0.091103

19 35 0.093615

20 35 0.0957576

21 35 0.0975223

22 35 0.0989021

23 35 0.0998916

24 35 0.100487

25 35 0.100686

26 35 0.100487

27 35 0.0998916

28 35 0.0989021

29 35 0.0975223

30 35 0.0957576

31 35 0.093615

32 35 0.091103

33 35 0.0882314

34 35 0.0850116

35 35 0.0814563

36 35 0.0775795

37 35 0.0733966

38 35 0.068924

39 35 0.0641794

40 35 0.0591815

41 35 0.05395

42 35 0.0485056

43 35 0.0428698

44 35 0.0370648

45 35 0.0311135

46 35 0.0250395

47 35 0.0188666

48 35 0.0126192

49 35 0.0063221

50 35 0

0 36 0

1 36 0.00602121

2 36 0.0120186

3 36 0.0179687

4 36 0.0238478

5 36 0.0296327

6 36 0.0353008

7 36 0.0408295

8 36 0.0461971

9 36 0.0513823

10 36 0.0563648

11 36 0.0611249

12 36 0.0656437

13 36 0.0699034

14 36 0.0738873

15 36 0.0775795

16 36 0.0809656

17 36 0.0840322

18 36 0.0867671

19 36 0.0891596

20 36 0.0912002

21 36 0.0928809

22 36 0.094195

23 36 0.0951374

24 36 0.0957043

25 36 0.0958936

26 36 0.0957043

27 36 0.0951374

28 36 0.094195

29 36 0.0928809

30 36 0.0912002

31 36 0.0891596

32 36 0.0867671

33 36 0.0840322

34 36 0.0809656

35 36 0.0775795

36 36 0.0738873

37 36 0.0699034

38 36 0.0656437

39 36 0.0611249

40 36 0.0563648

41 36 0.0513823

42 36 0.0461971

43 36 0.0408295

44 36 0.0353008

45 36 0.0296327

46 36 0.0238478

47 36 0.0179687

48 36 0.0120186

49 36 0.00602121

50 36 0

0 37 0

1 37 0.00569655

2 37 0.0113706

3 37 0.0169998

4 37 0.0225619

5 37 0.028035

6 37 0.0333974

7 37 0.038628

8 37 0.0437062

9 37 0.0486119

10 37 0.0533257

11 37 0.0578291

12 37 0.0621043

13 37 0.0661343

14 37 0.0699034

15 37 0.0733966

16 37 0.0766001

17 37 0.0795013

18 37 0.0820888

19 37 0.0843523

20 37 0.0862828

21 37 0.0878729

22 37 0.0891162

23 37 0.0900078

24 37 0.0905441

25 37 0.0907232

26 37 0.0905441

27 37 0.0900078

28 37 0.0891162

29 37 0.0878729

30 37 0.0862828

31 37 0.0843523

32 37 0.0820888

33 37 0.0795013

34 37 0.0766001

35 37 0.0733966

36 37 0.0699034

37 37 0.0661343

38 37 0.0621043

39 37 0.0578291

40 37 0.0533257

41 37 0.0486119

42 37 0.0437062

43 37 0.038628

44 37 0.0333974

45 37 0.028035

46 37 0.0225619

47 37 0.0169998

48 37 0.0113706

49 37 0.00569655

50 37 0

0 38 0

1 38 0.00534942

2 38 0.0106777

3 38 0.0159639

4 38 0.0211871

5 38 0.0263266

6 38 0.0313623

7 38 0.0362741

8 38 0.0410429

9 38 0.0456496

10 38 0.0500762

11 38 0.0543052

12 38 0.0583198

13 38 0.0621043

14 38 0.0656437

15 38 0.068924

16 38 0.0719323

17 38 0.0746567

18 38 0.0770865

19 38 0.079212

20 38 0.081025

21 38 0.0825182

22 38 0.0836857

23 38 0.0845229

24 38 0.0850266

25 38 0.0851947

26 38 0.0850266

27 38 0.0845229

28 38 0.0836857

29 38 0.0825182

30 38 0.081025

31 38 0.079212

32 38 0.0770865

33 38 0.0746567

34 38 0.0719323

35 38 0.068924

36 38 0.0656437

37 38 0.0621043

38 38 0.0583198

39 38 0.0543052

40 38 0.0500762

41 38 0.0456496

42 38 0.0410429

43 38 0.0362741

44 38 0.0313623

45 38 0.0263266

46 38 0.0211871

47 38 0.0159639

48 38 0.0106777

49 38 0.00534942

50 38 0

0 39 0

1 39 0.00498117

2 39 0.00994269

3 39 0.014865

4 39 0.0197286

5 39 0.0245143

6 39 0.0292033

7 39 0.0337771

8 39 0.0382175

9 39 0.0425072

10 39 0.046629

11 39 0.0505669

12 39 0.0543052

13 39 0.0578291

14 39 0.0611249

15 39 0.0641794

16 39 0.0669806

17 39 0.0695175

18 39 0.07178

19 39 0.0737592

20 39 0.0754474

21 39 0.0768377

22 39 0.0779249

23 39 0.0787045

24 39 0.0791735

25 39 0.07933

26 39 0.0791735

27 39 0.0787045

28 39 0.0779249

29 39 0.0768377

30 39 0.0754474

31 39 0.0737592

32 39 0.07178

33 39 0.0695175

34 39 0.0669806

35 39 0.0641794

36 39 0.0611249

37 39 0.0578291

38 39 0.0543052

39 39 0.0505669

40 39 0.046629

41 39 0.0425072

42 39 0.0382175

43 39 0.0337771

44 39 0.0292033

45 39 0.0245143

46 39 0.0197286

47 39 0.014865

48 39 0.00994269

49 39 0.00498117

50 39 0

0 40 0

1 40 0.00459327

2 40 0.00916841

3 40 0.0137074

4 40 0.0181922

5 40 0.0226053

6 40 0.0269292

7 40 0.0311467

8 40 0.0352414

9 40 0.039197

10 40 0.0429978

11 40 0.046629

12 40 0.0500762

13 40 0.0533257

14 40 0.0563648

15 40 0.0591815

16 40 0.0617645

17 40 0.0641039

18 40 0.0661902

19 40 0.0680153

20 40 0.069572

21 40 0.0708541

22 40 0.0718566

23 40 0.0725755

24 40 0.073008

25 40 0.0731523

26 40 0.073008

27 40 0.0725755

28 40 0.0718566

29 40 0.0708541

30 40 0.069572

31 40 0.0680153

32 40 0.0661902

33 40 0.0641039

34 40 0.0617645

35 40 0.0591815

36 40 0.0563648

37 40 0.0533257

38 40 0.0500762

39 40 0.046629

40 40 0.0429978

41 40 0.039197

42 40 0.0352414

43 40 0.0311467

44 40 0.0269292

45 40 0.0226053

46 40 0.0181922

47 40 0.0137074

48 40 0.00916841

49 40 0.00459327

50 40 0

0 41 0

1 41 0.00418724

2 41 0.00835795

3 41 0.0124957

4 41 0.0165841

5 41 0.0206071

6 41 0.0245487

7 41 0.0283935

8 41 0.0321262

9 41 0.0357321

10 41 0.039197

11 41 0.0425072

12 41 0.0456496

13 41 0.0486119

14 41 0.0513823

15 41 0.05395

16 41 0.0563047

17 41 0.0584373

18 41 0.0603392

19 41 0.0620029

20 41 0.063422

21 41 0.0645908

22 41 0.0655047

23 41 0.06616

24 41 0.0665543

25 41 0.0666859

26 41 0.0665543

27 41 0.06616

28 41 0.0655047

29 41 0.0645908

30 41 0.063422

31 41 0.0620029

32 41 0.0603392

33 41 0.0584373

34 41 0.0563047

35 41 0.05395

36 41 0.0513823

37 41 0.0486119

38 41 0.0456496

39 41 0.0425072

40 41 0.039197

41 41 0.0357321

42 41 0.0321262

43 41 0.0283935

44 41 0.0245487

45 41 0.0206071

46 41 0.0165841

47 41 0.0124957

48 41 0.00835795

49 41 0.00418724

50 41 0

0 42 0

1 42 0.00376468

2 42 0.00751451

3 42 0.0112347

4 42 0.0149105

5 42 0.0185275

6 42 0.0220714

7 42 0.0255281

8 42 0.0288841

9 42 0.0321262

10 42 0.0352414

11 42 0.0382175

12 42 0.0410429

13 42 0.0437062

14 42 0.0461971

15 42 0.0485056

16 42 0.0506227

17 42 0.05254

18 42 0.05425

19 42 0.0557459

20 42 0.0570218

21 42 0.0580726

22 42 0.0588942

23 42 0.0594835

24 42 0.0598379

25 42 0.0599562

26 42 0.0598379

27 42 0.0594835

28 42 0.0588942

29 42 0.0580726

30 42 0.0570218

31 42 0.0557459

32 42 0.05425

33 42 0.05254

34 42 0.0506227

35 42 0.0485056

36 42 0.0461971

37 42 0.0437062

38 42 0.0410429

39 42 0.0382175

40 42 0.0352414

41 42 0.0321262

42 42 0.0288841

43 42 0.0255281

44 42 0.0220714

45 42 0.0185275

46 42 0.0149105

47 42 0.0112347

48 42 0.00751451

49 42 0.00376468

50 42 0

0 43 0

1 43 0.00332727

2 43 0.00664141

3 43 0.00992933

4 43 0.0131781

5 43 0.0163748

6 43 0.0195069

7 43 0.022562

8 43 0.0255281

9 43 0.0283935

10 43 0.0311467

11 43 0.0337771

12 43 0.0362741

13 43 0.038628

14 43 0.0408295

15 43 0.0428698

16 43 0.0447409

17 43 0.0464355

18 43 0.0479468

19 43 0.0492688

20 43 0.0503965

21 43 0.0513252

22 43 0.0520514

23 43 0.0525721

24 43 0.0528854

25 43 0.05299

26 43 0.0528854

27 43 0.0525721

28 43 0.0520514

29 43 0.0513252

30 43 0.0503965

31 43 0.0492688

32 43 0.0479468

33 43 0.0464355

34 43 0.0447409

35 43 0.0428698

36 43 0.0408295

37 43 0.038628

38 43 0.0362741

39 43 0.0337771

40 43 0.0311467

41 43 0.0283935

42 43 0.0255281

43 43 0.022562

44 43 0.0195069

45 43 0.0163748

46 43 0.0131781

47 43 0.00992933

48 43 0.00664141

49 43 0.00332727

50 43 0

0 44 0

1 44 0.00287672

2 44 0.00574209

3 44 0.0085848

4 44 0.0113936

5 44 0.0141575

6 44 0.0168655

7 44 0.0195069

8 44 0.0220714

9 44 0.0245487

10 44 0.0269292

11 44 0.0292033

12 44 0.0313623

13 44 0.0333974

14 44 0.0353008

15 44 0.0370648

16 44 0.0386826

17 44 0.0401477

18 44 0.0414543

19 44 0.0425974

20 44 0.0435723

21 44 0.0443753

22 44 0.0450031

23 44 0.0454534

24 44 0.0457242

25 44 0.0458146

26 44 0.0457242

27 44 0.0454534

28 44 0.0450031

29 44 0.0443753

30 44 0.0435723

31 44 0.0425974

32 44 0.0414543

33 44 0.0401477

34 44 0.0386826

35 44 0.0370648

36 44 0.0353008

37 44 0.0333974

38 44 0.0313623

39 44 0.0292033

40 44 0.0269292

41 44 0.0245487

42 44 0.0220714

43 44 0.0195069

44 44 0.0168655

45 44 0.0141575

46 44 0.0113936

47 44 0.0085848

48 44 0.00574209

49 44 0.00287672

50 44 0

0 45 0

1 45 0.00241483

2 45 0.00482012

3 45 0.00720639

4 45 0.00956423

5 45 0.0118843

6 45 0.0141575

7 45 0.0163748

8 45 0.0185275

9 45 0.0206071

10 45 0.0226053

11 45 0.0245143

12 45 0.0263266

13 45 0.028035

14 45 0.0296327

15 45 0.0311135

16 45 0.0324715

17 45 0.0337014

18 45 0.0347982

19 45 0.0357578

20 45 0.0365762

21 45 0.0372502

22 45 0.0377772

23 45 0.0381552

24 45 0.0383826

25 45 0.0384584

26 45 0.0383826

27 45 0.0381552

28 45 0.0377772

29 45 0.0372502

30 45 0.0365762

31 45 0.0357578

32 45 0.0347982

33 45 0.0337014

34 45 0.0324715

35 45 0.0311135

36 45 0.0296327

37 45 0.028035

38 45 0.0263266

39 45 0.0245143

40 45 0.0226053

41 45 0.0206071

42 45 0.0185275

43 45 0.0163748

44 45 0.0141575

45 45 0.0118843

46 45 0.00956423

47 45 0.00720639

48 45 0.00482012

49 45 0.00241483

50 45 0

0 46 0

1 46 0.0019434

2 46 0.00387912

3 46 0.00579954

4 46 0.00769707

5 46 0.00956423

6 46 0.0113936

7 46 0.0131781

8 46 0.0149105

9 46 0.0165841

10 46 0.0181922

11 46 0.0197286

12 46 0.0211871

13 46 0.0225619

14 46 0.0238478

15 46 0.0250395

16 46 0.0261324

17 46 0.0271221

18 46 0.0280048

19 46 0.028777

20 46 0.0294357

21 46 0.0299781

22 46 0.0304023

23 46 0.0307064

24 46 0.0308894

25 46 0.0309505

26 46 0.0308894

27 46 0.0307064

28 46 0.0304023

29 46 0.0299781

30 46 0.0294357

31 46 0.028777

32 46 0.0280048

33 46 0.0271221

34 46 0.0261324

35 46 0.0250395

36 46 0.0238478

37 46 0.0225619

38 46 0.0211871

39 46 0.0197286

40 46 0.0181922

41 46 0.0165841

42 46 0.0149105

43 46 0.0131781

44 46 0.0113936

45 46 0.00956423

46 46 0.00769707

47 46 0.00579954

48 46 0.00387912

49 46 0.0019434

50 46 0

0 47 0

1 47 0.0014643

2 47 0.00292282

3 47 0.0043698

4 47 0.00579954

5 47 0.00720639

6 47 0.0085848

7 47 0.00992933

8 47 0.0112347

9 47 0.0124957

10 47 0.0137074

11 47 0.014865

12 47 0.0159639

13 47 0.0169998

14 47 0.0179687

15 47 0.0188666

16 47 0.01969

17 47 0.0204358

18 47 0.0211009

19 47 0.0216827

20 47 0.022179

21 47 0.0225877

22 47 0.0229073

23 47 0.0231365

24 47 0.0232744

25 47 0.0233204

26 47 0.0232744

27 47 0.0231365

28 47 0.0229073

29 47 0.0225877

30 47 0.022179

31 47 0.0216827

32 47 0.0211009

33 47 0.0204358

34 47 0.01969

35 47 0.0188666

36 47 0.0179687

37 47 0.0169998

38 47 0.0159639

39 47 0.014865

40 47 0.0137074

41 47 0.0124957

42 47 0.0112347

43 47 0.00992933

44 47 0.0085848

45 47 0.00720639

46 47 0.00579954

47 47 0.0043698

48 47 0.00292282

49 47 0.0014643

50 47 0

0 48 0

1 48 0.000979422

2 48 0.00195498

3 48 0.00292282

4 48 0.00387912

5 48 0.00482012

6 48 0.00574209

7 48 0.00664141

8 48 0.00751451

9 48 0.00835795

10 48 0.00916841

11 48 0.00994269

12 48 0.0106777

13 48 0.0113706

14 48 0.0120186

15 48 0.0126192

16 48 0.01317

17 48 0.0136688

18 48 0.0141137

19 48 0.0145029

20 48 0.0148348

21 48 0.0151082

22 48 0.015322

23 48 0.0154752

24 48 0.0155675

25 48 0.0155982

26 48 0.0155675

27 48 0.0154752

28 48 0.015322

29 48 0.0151082

30 48 0.0148348

31 48 0.0145029

32 48 0.0141137

33 48 0.0136688

34 48 0.01317

35 48 0.0126192

36 48 0.0120186

37 48 0.0113706

38 48 0.0106777

39 48 0.00994269

40 48 0.00916841

41 48 0.00835795

42 48 0.00751451

43 48 0.00664141

44 48 0.00574209

45 48 0.00482012

46 48 0.00387912

47 48 0.00292282

48 48 0.00195498

49 48 0.000979422

50 48 0

0 49 0

1 49 0.000490679

2 49 0.000979422

3 49 0.0014643

4 49 0.0019434

5 49 0.00241483

6 49 0.00287672

7 49 0.00332727

8 49 0.00376468

9 49 0.00418724

10 49 0.00459327

11 49 0.00498117

12 49 0.00534942

13 49 0.00569655

14 49 0.00602121

15 49 0.0063221

16 49 0.00659803

17 49 0.00684793

18 49 0.00707081

19 49 0.00726578

20 49 0.00743207

21 49 0.00756903

22 49 0.00767612

23 49 0.00775292

24 49 0.00779912

25 49 0.00781454

26 49 0.00779912

27 49 0.00775292

