0 1 0

1 1 0.00336688

2 1 0.00672048

3 1 0.0100476

4 1 0.013335

5 1 0.0165698

6 1 0.0197392

7 1 0.0228307

8 1 0.0258321

9 1 0.0287315

10 1 0.0315176

11 1 0.0341793

12 1 0.036706

13 1 0.039088

14 1 0.0413156

15 1 0.0433802

16 1 0.0452736

17 1 0.0469884

18 1 0.0485176

19 1 0.0498555

20 1 0.0509965

21 1 0.0519363

22 1 0.0526711

23 1 0.0531981

24 1 0.0535151

25 1 0.0536209

26 1 0.0535151

27 1 0.0531981

28 1 0.0526711

29 1 0.0519363

30 1 0.0509965

31 1 0.0498555

32 1 0.0485176

33 1 0.0469884

34 1 0.0452736

35 1 0.0433802

36 1 0.0413156

37 1 0.039088

38 1 0.036706

39 1 0.0341793

40 1 0.0315176

41 1 0.0287315

42 1 0.0258321

43 1 0.0228307

44 1 0.0197392

45 1 0.0165698

46 1 0.013335

47 1 0.0100476

48 1 0.00672048

49 1 0.00336688

50 1 0

0 2 0

1 2 0.00672048

2 2 0.0134144

3 2 0.0200555

4 2 0.0266173

5 2 0.0330742

6 2 0.0394004

7 2 0.0455712

8 2 0.0515622

9 2 0.0573497

10 2 0.0629108

11 2 0.0682236

12 2 0.0732672

13 2 0.0780217

14 2 0.0824682

15 2 0.0865893

16 2 0.0903686

17 2 0.0937913

18 2 0.0968438

19 2 0.0995142

20 2 0.101792

21 2 0.103668

22 2 0.105134

23 2 0.106186

24 2 0.106819

25 2 0.10703

26 2 0.106819

27 2 0.106186

28 2 0.105134

29 2 0.103668

30 2 0.101792

31 2 0.0995142

32 2 0.0968438

33 2 0.0937913

34 2 0.0903686

35 2 0.0865893

36 2 0.0824682

37 2 0.0780217

38 2 0.0732672

39 2 0.0682236

40 2 0.0629108

41 2 0.0573497

42 2 0.0515622

43 2 0.0455712

44 2 0.0394004

45 2 0.0330742

46 2 0.0266173

47 2 0.0200555

48 2 0.0134144

49 2 0.00672048

50 2 0

0 3 0

1 3 0.0100476

2 3 0.0200555

3 3 0.0299842

4 3 0.0397946

5 3 0.049448

6 3 0.0589062

7 3 0.068132

8 3 0.0770888

9 3 0.0857414

10 3 0.0940557

11 3 0.101999

12 3 0.109539

13 3 0.116647

14 3 0.123295

15 3 0.129457

16 3 0.135107

17 3 0.140224

18 3 0.144788

19 3 0.14878

20 3 0.152185

21 3 0.15499

22 3 0.157183

23 3 0.158755

24 3 0.159701

25 3 0.160017

26 3 0.159701

27 3 0.158755

28 3 0.157183

29 3 0.15499

30 3 0.152185

31 3 0.14878

32 3 0.144788

33 3 0.140224

34 3 0.135107

35 3 0.129457

36 3 0.123295

37 3 0.116647

38 3 0.109539

39 3 0.101999

40 3 0.0940557

41 3 0.0857414

42 3 0.0770888

43 3 0.068132

44 3 0.0589062

45 3 0.049448

46 3 0.0397946

47 3 0.0299842

48 3 0.0200555

49 3 0.0100476

50 3 0

0 4 0

1 4 0.013335

2 4 0.0266173

3 4 0.0397946

4 4 0.0528149

5 4 0.0656267

6 4 0.0781795

7 4 0.0904238

8 4 0.102311

9 4 0.113795

10 4 0.124829

11 4 0.135371

12 4 0.145379

13 4 0.154813

14 4 0.163636

15 4 0.171813

16 4 0.179312

17 4 0.186103

18 4 0.19216

19 4 0.197459

20 4 0.201978

21 4 0.2057

22 4 0.208611

23 4 0.210698

24 4 0.211953

25 4 0.212372

26 4 0.211953

27 4 0.210698

28 4 0.208611

29 4 0.2057

30 4 0.201978

31 4 0.197459

32 4 0.19216

33 4 0.186103

34 4 0.179312

35 4 0.171813

36 4 0.163636

37 4 0.154813

38 4 0.145379

39 4 0.135371

40 4 0.124829

41 4 0.113795

42 4 0.102311

43 4 0.0904238

44 4 0.0781795

45 4 0.0656267

46 4 0.0528149

47 4 0.0397946

48 4 0.0266173

49 4 0.013335

50 4 0

0 5 0

1 5 0.0165698

2 5 0.0330742

3 5 0.049448

4 5 0.0656267

5 5 0.0815464

6 5 0.0971443

7 5 0.112359

8 5 0.12713

9 5 0.141399

10 5 0.15511

11 5 0.16821

12 5 0.180645

13 5 0.192367

14 5 0.203331

15 5 0.213491

16 5 0.222809

17 5 0.231248

18 5 0.238775

19 5 0.245358

20 5 0.250974

21 5 0.255599

22 5 0.259216

23 5 0.261809

24 5 0.263369

25 5 0.26389

26 5 0.263369

27 5 0.261809

28 5 0.259216

29 5 0.255599

30 5 0.250974

31 5 0.245358

32 5 0.238775

33 5 0.231248

34 5 0.222809

35 5 0.213491

36 5 0.203331

37 5 0.192367

38 5 0.180645

39 5 0.16821

40 5 0.15511

41 5 0.141399

42 5 0.12713

43 5 0.112359

44 5 0.0971443

45 5 0.0815464

46 5 0.0656267

47 5 0.049448

48 5 0.0330742

49 5 0.0165698

50 5 0

0 6 0

1 6 0.0197392

2 6 0.0394004

3 6 0.0589062

4 6 0.0781795

5 6 0.0971443

6 6 0.115726

7 6 0.13385

8 6 0.151447

9 6 0.168445

10 6 0.184779

11 6 0.200384

12 6 0.215198

13 6 0.229163

14 6 0.242223

15 6 0.254327

16 6 0.265428

17 6 0.275481

18 6 0.284446

19 6 0.29229

20 6 0.298979

21 6 0.304489

22 6 0.308797

23 6 0.311887

24 6 0.313745

25 6 0.314366

26 6 0.313745

27 6 0.311887

28 6 0.308797

29 6 0.304489

30 6 0.298979

31 6 0.29229

32 6 0.284446

33 6 0.275481

34 6 0.265428

35 6 0.254327

36 6 0.242223

37 6 0.229163

38 6 0.215198

39 6 0.200384

40 6 0.184779

41 6 0.168445

42 6 0.151447

43 6 0.13385

44 6 0.115726

45 6 0.0971443

46 6 0.0781795

47 6 0.0589062

48 6 0.0394004

49 6 0.0197392

50 6 0

0 7 0

1 7 0.0228307

2 7 0.0455712

3 7 0.068132

4 7 0.0904238

5 7 0.112359

6 7 0.13385

7 7 0.154814

8 7 0.175166

9 7 0.194827

10 7 0.213719

11 7 0.231768

12 7 0.248902

13 7 0.265053

14 7 0.280159

15 7 0.294159

16 7 0.306998

17 7 0.318626

18 7 0.328996

19 7 0.338067

20 7 0.345805

21 7 0.352177

22 7 0.35716

23 7 0.360734

24 7 0.362883

25 7 0.363601

26 7 0.362883

27 7 0.360734

28 7 0.35716

29 7 0.352177

30 7 0.345805

31 7 0.338067

32 7 0.328996

33 7 0.318626

34 7 0.306998

35 7 0.294159

36 7 0.280159

37 7 0.265053

38 7 0.248902

39 7 0.231768

40 7 0.213719

41 7 0.194827

42 7 0.175166

43 7 0.154814

44 7 0.13385

45 7 0.112359

46 7 0.0904238

47 7 0.068132

48 7 0.0455712

49 7 0.0228307

50 7 0

0 8 0

1 8 0.0258321

2 8 0.0515622

3 8 0.0770888

4 8 0.102311

5 8 0.12713

6 8 0.151447

7 8 0.175166

8 8 0.198194

9 8 0.22044

10 8 0.241815

11 8 0.262237

12 8 0.281623

13 8 0.299898

14 8 0.31699

15 8 0.33283

16 8 0.347357

17 8 0.360513

18 8 0.372247

19 8 0.382511

20 8 0.391265

21 8 0.398476

22 8 0.404114

23 8 0.408157

24 8 0.410589

25 8 0.411401

26 8 0.410589

27 8 0.408157

28 8 0.404114

29 8 0.398476

30 8 0.391265

31 8 0.382511

32 8 0.372247

33 8 0.360513

34 8 0.347357

35 8 0.33283

36 8 0.31699

37 8 0.299898

38 8 0.281623

39 8 0.262237

40 8 0.241815

41 8 0.22044

42 8 0.198194

43 8 0.175166

44 8 0.151447

45 8 0.12713

46 8 0.102311

47 8 0.0770888

48 8 0.0515622

49 8 0.0258321

50 8 0

0 9 0

1 9 0.0287315

2 9 0.0573497

3 9 0.0857414

4 9 0.113795

5 9 0.141399

6 9 0.168445

7 9 0.194827

8 9 0.22044

9 9 0.245182

10 9 0.268957

11 9 0.291671

12 9 0.313233

13 9 0.33356

14 9 0.352569

15 9 0.370188

16 9 0.386345

17 9 0.400978

18 9 0.414028

19 9 0.425445

20 9 0.435182

21 9 0.443202

22 9 0.449472

23 9 0.453969

24 9 0.456674

25 9 0.457577

26 9 0.456674

27 9 0.453969

28 9 0.449472

29 9 0.443202

30 9 0.435182

31 9 0.425445

32 9 0.414028

33 9 0.400978

34 9 0.386345

35 9 0.370188

36 9 0.352569

37 9 0.33356

38 9 0.313233

39 9 0.291671

40 9 0.268957

41 9 0.245182

42 9 0.22044

43 9 0.194827

44 9 0.168445

45 9 0.141399

46 9 0.113795

47 9 0.0857414

48 9 0.0573497

49 9 0.0287315

50 9 0

0 10 0

1 10 0.0315176

2 10 0.0629108

3 10 0.0940557

4 10 0.124829

5 10 0.15511

6 10 0.184779

7 10 0.213719

8 10 0.241815

9 10 0.268957

10 10 0.295038

11 10 0.319954

12 10 0.343607

13 10 0.365904

14 10 0.386758

15 10 0.406085

16 10 0.423809

17 10 0.43986

18 10 0.454176

19 10 0.4667

20 10 0.477381

21 10 0.486178

22 10 0.493057

23 10 0.49799

24 10 0.500958

25 10 0.501948

26 10 0.500958

27 10 0.49799

28 10 0.493057

29 10 0.486178

30 10 0.477381

31 10 0.4667

32 10 0.454176

33 10 0.43986

34 10 0.423809

35 10 0.406085

36 10 0.386758

37 10 0.365904

38 10 0.343607

39 10 0.319954

40 10 0.295038

41 10 0.268957

42 10 0.241815

43 10 0.213719

44 10 0.184779

45 10 0.15511

46 10 0.124829

47 10 0.0940557

48 10 0.0629108

49 10 0.0315176

50 10 0

0 11 0

1 11 0.0341793

2 11 0.0682236

3 11 0.101999

4 11 0.135371

5 11 0.16821

6 11 0.200384

7 11 0.231768

8 11 0.262237

9 11 0.291671

10 11 0.319954

11 11 0.346974

12 11 0.372625

13 11 0.396805

14 11 0.419419

15 11 0.440379

16 11 0.4596

17 11 0.477007

18 11 0.492532

19 11 0.506112

20 11 0.517696

21 11 0.527236

22 11 0.534696

23 11 0.540046

24 11 0.543264

25 11 0.544338

26 11 0.543264

27 11 0.540046

28 11 0.534696

29 11 0.527236

30 11 0.517696

31 11 0.506112

32 11 0.492532

33 11 0.477007

34 11 0.4596

35 11 0.440379

36 11 0.419419

37 11 0.396805

38 11 0.372625

39 11 0.346974

40 11 0.319954

41 11 0.291671

42 11 0.262237

43 11 0.231768

44 11 0.200384

45 11 0.16821

46 11 0.135371

47 11 0.101999

48 11 0.0682236

49 11 0.0341793

50 11 0

0 12 0

1 12 0.036706

2 12 0.0732672

3 12 0.109539

4 12 0.145379

5 12 0.180645

6 12 0.215198

7 12 0.248902

8 12 0.281623

9 12 0.313233

10 12 0.343607

11 12 0.372625

12 12 0.400172

13 12 0.42614

14 12 0.450426

15 12 0.472935

16 12 0.493577

17 12 0.512271

18 12 0.528943

19 12 0.543528

20 12 0.555968

21 12 0.566214

22 12 0.574225

23 12 0.57997

24 12 0.583426

25 12 0.584579

26 12 0.583426

27 12 0.57997

28 12 0.574225

29 12 0.566214

30 12 0.555968

31 12 0.543528

32 12 0.528943

33 12 0.512271

34 12 0.493577

35 12 0.472935

36 12 0.450426

37 12 0.42614

38 12 0.400172

39 12 0.372625

40 12 0.343607

41 12 0.313233

42 12 0.281623

43 12 0.248902

44 12 0.215198

45 12 0.180645

46 12 0.145379

47 12 0.109539

48 12 0.0732672

49 12 0.036706

50 12 0

0 13 0

1 13 0.039088

2 13 0.0780217

3 13 0.116647

4 13 0.154813

5 13 0.192367

6 13 0.229163

7 13 0.265053

8 13 0.299898

9 13 0.33356

10 13 0.365904

11 13 0.396805

12 13 0.42614

13 13 0.453793

14 13 0.479655

15 13 0.503624

16 13 0.525606

17 13 0.545513

18 13 0.563267

19 13 0.578799

20 13 0.592046

21 13 0.602956

22 13 0.611487

23 13 0.617605

24 13 0.621285

25 13 0.622514

26 13 0.621285

27 13 0.617605

28 13 0.611487

29 13 0.602956

30 13 0.592046

31 13 0.578799

32 13 0.563267

33 13 0.545513

34 13 0.525606

35 13 0.503624

36 13 0.479655

37 13 0.453793

38 13 0.42614

39 13 0.396805

40 13 0.365904

41 13 0.33356

42 13 0.299898

43 13 0.265053

44 13 0.229163

45 13 0.192367

46 13 0.154813

47 13 0.116647

48 13 0.0780217

49 13 0.039088

50 13 0

0 14 0

1 14 0.0413156

2 14 0.0824682

3 14 0.123295

4 14 0.163636

5 14 0.203331

6 14 0.242223

7 14 0.280159

8 14 0.31699

9 14 0.352569

10 14 0.386758

11 14 0.419419

12 14 0.450426

13 14 0.479655

14 14 0.506991

15 14 0.532326

16 14 0.555561

17 14 0.576602

18 14 0.595368

19 14 0.611785

20 14 0.625787

21 14 0.637319

22 14 0.646337

23 14 0.652803

24 14 0.656693

25 14 0.657991

26 14 0.656693

27 14 0.652803

28 14 0.646337

29 14 0.637319

30 14 0.625787

31 14 0.611785

32 14 0.595368

33 14 0.576602

34 14 0.555561

35 14 0.532326

36 14 0.506991

37 14 0.479655

38 14 0.450426

39 14 0.419419

40 14 0.386758

41 14 0.352569

42 14 0.31699

43 14 0.280159

44 14 0.242223

45 14 0.203331

46 14 0.163636

47 14 0.123295

48 14 0.0824682

49 14 0.0413156

50 14 0

0 15 0

1 15 0.0433802

2 15 0.0865893

3 15 0.129457

4 15 0.171813

5 15 0.213491

6 15 0.254327

7 15 0.294159

8 15 0.33283

9 15 0.370188

10 15 0.406085

11 15 0.440379

12 15 0.472935

13 15 0.503624

14 15 0.532326

15 15 0.558927

16 15 0.583323

17 15 0.605416

18 15 0.62512

19 15 0.642357

20 15 0.657059

21 15 0.669167

22 15 0.678635

23 15 0.685425

24 15 0.689509

25 15 0.690872

26 15 0.689509

27 15 0.685425

28 15 0.678635

29 15 0.669167

30 15 0.657059

31 15 0.642357

32 15 0.62512

33 15 0.605416

34 15 0.583323

35 15 0.558927

36 15 0.532326

37 15 0.503624

38 15 0.472935

39 15 0.440379

40 15 0.406085

41 15 0.370188

42 15 0.33283

43 15 0.294159

44 15 0.254327

45 15 0.213491

46 15 0.171813

47 15 0.129457

48 15 0.0865893

49 15 0.0433802

50 15 0

0 16 0

1 16 0.0452736

2 16 0.0903686

3 16 0.135107

4 16 0.179312

5 16 0.222809

6 16 0.265428

7 16 0.306998

8 16 0.347357

9 16 0.386345

10 16 0.423809

11 16 0.4596

12 16 0.493577

13 16 0.525606

14 16 0.555561

15 16 0.583323

16 16 0.608783

17 16 0.63184

18 16 0.652404

19 16 0.670394

20 16 0.685737

21 16 0.698374

22 16 0.708255

23 16 0.715341

24 16 0.719604

25 16 0.721027

26 16 0.719604

27 16 0.715341

28 16 0.708255

29 16 0.698374

30 16 0.685737

31 16 0.670394

32 16 0.652404

33 16 0.63184

34 16 0.608783

35 16 0.583323

36 16 0.555561

37 16 0.525606

38 16 0.493577

39 16 0.4596

40 16 0.423809

41 16 0.386345

42 16 0.347357

43 16 0.306998

44 16 0.265428

45 16 0.222809

46 16 0.179312

47 16 0.135107

48 16 0.0903686

49 16 0.0452736

50 16 0

0 17 0

1 17 0.0469884

2 17 0.0937913

3 17 0.140224

4 17 0.186103

5 17 0.231248

6 17 0.275481

7 17 0.318626

8 17 0.360513

9 17 0.400978

10 17 0.43986

11 17 0.477007

12 17 0.512271

13 17 0.545513

14 17 0.576602

15 17 0.605416

16 17 0.63184

17 17 0.655771

18 17 0.677114

19 17 0.695785

20 17 0.711709

21 17 0.724825

22 17 0.73508

23 17 0.742434

24 17 0.746859

25 17 0.748335

26 17 0.746859

27 17 0.742434

28 17 0.73508

29 17 0.724825

30 17 0.711709

31 17 0.695785

32 17 0.677114

33 17 0.655771

34 17 0.63184

35 17 0.605416

36 17 0.576602

37 17 0.545513

38 17 0.512271

39 17 0.477007

40 17 0.43986

41 17 0.400978

42 17 0.360513

43 17 0.318626

44 17 0.275481

45 17 0.231248

46 17 0.186103

47 17 0.140224

48 17 0.0937913

49 17 0.0469884

50 17 0

0 18 0

1 18 0.0485176

2 18 0.0968438

3 18 0.144788

4 18 0.19216

5 18 0.238775

6 18 0.284446

7 18 0.328996

8 18 0.372247

9 18 0.414028

10 18 0.454176

11 18 0.492532

12 18 0.528943

13 18 0.563267

14 18 0.595368

15 18 0.62512

16 18 0.652404

17 18 0.677114

18 18 0.699151

19 18 0.71843

20 18 0.734873

21 18 0.748415

22 18 0.759004

23 18 0.766598

24 18 0.771166

25 18 0.772691

26 18 0.771166

27 18 0.766598

28 18 0.759004

29 18 0.748415

30 18 0.734873

31 18 0.71843

32 18 0.699151

33 18 0.677114

34 18 0.652404

35 18 0.62512

36 18 0.595368

37 18 0.563267

38 18 0.528943

39 18 0.492532

40 18 0.454176

41 18 0.414028

42 18 0.372247

43 18 0.328996

44 18 0.284446

45 18 0.238775

46 18 0.19216

47 18 0.144788

48 18 0.0968438

49 18 0.0485176

50 18 0

0 19 0

1 19 0.0498555

2 19 0.0995142

3 19 0.14878

4 19 0.197459

5 19 0.245358

6 19 0.29229

7 19 0.338067

8 19 0.382511

9 19 0.425445

10 19 0.4667

11 19 0.506112

12 19 0.543528

13 19 0.578799

14 19 0.611785

15 19 0.642357

16 19 0.670394

17 19 0.695785

18 19 0.71843

19 19 0.738239

20 19 0.755136

21 19 0.769052

22 19 0.779933

23 19 0.787736

24 19 0.79243

25 19 0.793997

26 19 0.79243

27 19 0.787736

28 19 0.779933

29 19 0.769052

30 19 0.755136

31 19 0.738239

32 19 0.71843

33 19 0.695785

34 19 0.670394

35 19 0.642357

36 19 0.611785

37 19 0.578799

38 19 0.543528

39 19 0.506112

40 19 0.4667

41 19 0.425445

42 19 0.382511

43 19 0.338067

44 19 0.29229

45 19 0.245358

46 19 0.197459

47 19 0.14878

48 19 0.0995142

49 19 0.0498555

50 19 0

0 20 0

1 20 0.0509965

2 20 0.101792

3 20 0.152185

4 20 0.201978

5 20 0.250974

6 20 0.298979

7 20 0.345805

8 20 0.391265

9 20 0.435182

10 20 0.477381

11 20 0.517696

12 20 0.555968

13 20 0.592046

14 20 0.625787

15 20 0.657059

16 20 0.685737

17 20 0.711709

18 20 0.734873

19 20 0.755136

20 20 0.772419

21 20 0.786653

22 20 0.797783

23 20 0.805765

24 20 0.810566

25 20 0.812169

26 20 0.810566

27 20 0.805765

28 20 0.797783

29 20 0.786653

30 20 0.772419

31 20 0.755136

32 20 0.734873

33 20 0.711709

34 20 0.685737

35 20 0.657059

36 20 0.625787

37 20 0.592046

38 20 0.555968

39 20 0.517696

40 20 0.477381

41 20 0.435182

42 20 0.391265

43 20 0.345805

44 20 0.298979

45 20 0.250974

46 20 0.201978

47 20 0.152185

48 20 0.101792

49 20 0.0509965

50 20 0

0 21 0

1 21 0.0519363

2 21 0.103668

3 21 0.15499

4 21 0.2057

5 21 0.255599

6 21 0.304489

7 21 0.352177

8 21 0.398476

9 21 0.443202

10 21 0.486178

11 21 0.527236

12 21 0.566214

13 21 0.602956

14 21 0.637319

15 21 0.669167

16 21 0.698374

17 21 0.724825

18 21 0.748415

19 21 0.769052

20 21 0.786653

21 21 0.80115

22 21 0.812485

23 21 0.820614

24 21 0.825504

25 21 0.827136

26 21 0.825504

27 21 0.820614

28 21 0.812485

29 21 0.80115

30 21 0.786653

31 21 0.769052

32 21 0.748415

33 21 0.724825

34 21 0.698374

35 21 0.669167

36 21 0.637319

37 21 0.602956

38 21 0.566214

39 21 0.527236

40 21 0.486178

41 21 0.443202

42 21 0.398476

43 21 0.352177

44 21 0.304489

45 21 0.255599

46 21 0.2057

47 21 0.15499

48 21 0.103668

49 21 0.0519363

50 21 0

0 22 0

1 22 0.0526711

2 22 0.105134

3 22 0.157183

4 22 0.208611

5 22 0.259216

6 22 0.308797

7 22 0.35716

8 22 0.404114

9 22 0.449472

10 22 0.493057

11 22 0.534696

12 22 0.574225

13 22 0.611487

14 22 0.646337

15 22 0.678635

16 22 0.708255

17 22 0.73508

18 22 0.759004

19 22 0.779933

20 22 0.797783

21 22 0.812485

22 22 0.823981

23 22 0.832224

24 22 0.837184

25 22 0.838839

26 22 0.837184

27 22 0.832224

28 22 0.823981

29 22 0.812485

30 22 0.797783

31 22 0.779933

32 22 0.759004

33 22 0.73508

34 22 0.708255

35 22 0.678635

36 22 0.646337

37 22 0.611487

38 22 0.574225

39 22 0.534696

40 22 0.493057

41 22 0.449472

42 22 0.404114

43 22 0.35716

44 22 0.308797

45 22 0.259216

46 22 0.208611

47 22 0.157183

48 22 0.105134

49 22 0.0526711

50 22 0

0 23 0

1 23 0.0531981

2 23 0.106186

3 23 0.158755

4 23 0.210698

5 23 0.261809

6 23 0.311887

7 23 0.360734

8 23 0.408157

9 23 0.453969

10 23 0.49799

11 23 0.540046

12 23 0.57997

13 23 0.617605

14 23 0.652803

15 23 0.685425

16 23 0.715341

17 23 0.742434

18 23 0.766598

19 23 0.787736

20 23 0.805765

21 23 0.820614

22 23 0.832224

23 23 0.840551

24 23 0.845559

25 23 0.847231

26 23 0.845559

27 23 0.840551

28 23 0.832224

29 23 0.820614

30 23 0.805765

31 23 0.787736

32 23 0.766598

33 23 0.742434

34 23 0.715341

35 23 0.685425

36 23 0.652803

37 23 0.617605

38 23 0.57997

39 23 0.540046

40 23 0.49799

41 23 0.453969

42 23 0.408157

43 23 0.360734

44 23 0.311887

45 23 0.261809

46 23 0.210698

47 23 0.158755

48 23 0.106186

49 23 0.0531981

50 23 0

0 24 0

1 24 0.0535151

2 24 0.106819

3 24 0.159701

4 24 0.211953

5 24 0.263369

6 24 0.313745

7 24 0.362883

8 24 0.410589

9 24 0.456674

10 24 0.500958

11 24 0.543264

12 24 0.583426

13 24 0.621285

14 24 0.656693

15 24 0.689509

16 24 0.719604

17 24 0.746859

18 24 0.771166

19 24 0.79243

20 24 0.810566

21 24 0.825504

22 24 0.837184

23 24 0.845559

24 24 0.850598

25 24 0.85228

26 24 0.850598

27 24 0.845559

28 24 0.837184

29 24 0.825504

30 24 0.810566

31 24 0.79243

32 24 0.771166

33 24 0.746859

34 24 0.719604

35 24 0.689509

36 24 0.656693

37 24 0.621285

38 24 0.583426

39 24 0.543264

40 24 0.500958

41 24 0.456674

42 24 0.410589

43 24 0.362883

44 24 0.313745

45 24 0.263369

46 24 0.211953

47 24 0.159701

48 24 0.106819

49 24 0.0535151

50 24 0

0 25 0

1 25 0.0536209

2 25 0.10703

3 25 0.160017

4 25 0.212372

5 25 0.26389

6 25 0.314366

7 25 0.363601

8 25 0.411401

9 25 0.457577

10 25 0.501948

11 25 0.544338

12 25 0.584579

13 25 0.622514

14 25 0.657991

15 25 0.690872

16 25 0.721027

17 25 0.748335

18 25 0.772691

19 25 0.793997

20 25 0.812169

21 25 0.827136

22 25 0.838839

23 25 0.847231

24 25 0.85228

25 25 0.853965

26 25 0.85228

27 25 0.847231

28 25 0.838839

29 25 0.827136

30 25 0.812169

31 25 0.793997

32 25 0.772691

33 25 0.748335

34 25 0.721027

35 25 0.690872

36 25 0.657991

37 25 0.622514

38 25 0.584579

39 25 0.544338

40 25 0.501948

41 25 0.457577

42 25 0.411401

43 25 0.363601

44 25 0.314366

45 25 0.26389

46 25 0.212372

47 25 0.160017

48 25 0.10703

49 25 0.0536209

50 25 0

0 26 0

1 26 0.0535151

2 26 0.106819

3 26 0.159701

4 26 0.211953

5 26 0.263369

6 26 0.313745

7 26 0.362883

8 26 0.410589

9 26 0.456674

10 26 0.500958

11 26 0.543264

12 26 0.583426

13 26 0.621285

14 26 0.656693

15 26 0.689509

16 26 0.719604

17 26 0.746859

18 26 0.771166

19 26 0.79243

20 26 0.810566

21 26 0.825504

22 26 0.837184

23 26 0.845559

24 26 0.850598

25 26 0.85228

26 26 0.850598

27 26 0.845559

28 26 0.837184

29 26 0.825504

30 26 0.810566

31 26 0.79243

32 26 0.771166

33 26 0.746859

34 26 0.719604

35 26 0.689509

36 26 0.656693

37 26 0.621285

38 26 0.583426

39 26 0.543264

40 26 0.500958

41 26 0.456674

42 26 0.410589

43 26 0.362883

44 26 0.313745

45 26 0.263369

46 26 0.211953

47 26 0.159701

48 26 0.106819

49 26 0.0535151

50 26 0

0 27 0

1 27 0.0531981

2 27 0.106186

3 27 0.158755

4 27 0.210698

5 27 0.261809

6 27 0.311887

7 27 0.360734

8 27 0.408157

9 27 0.453969

10 27 0.49799

11 27 0.540046

12 27 0.57997

13 27 0.617605

14 27 0.652803

15 27 0.685425

16 27 0.715341

17 27 0.742434

18 27 0.766598

19 27 0.787736

20 27 0.805765

21 27 0.820614

22 27 0.832224

23 27 0.840551

24 27 0.845559

25 27 0.847231

26 27 0.845559

27 27 0.840551

28 27 0.832224

29 27 0.820614

30 27 0.805765

31 27 0.787736

32 27 0.766598

33 27 0.742434

34 27 0.715341

35 27 0.685425

36 27 0.652803

37 27 0.617605

38 27 0.57997

39 27 0.540046

40 27 0.49799

41 27 0.453969

42 27 0.408157

43 27 0.360734

44 27 0.311887

45 27 0.261809

46 27 0.210698

47 27 0.158755

48 27 0.106186

49 27 0.0531981

50 27 0

0 28 0

1 28 0.0526711

2 28 0.105134

3 28 0.157183

4 28 0.208611

5 28 0.259216

6 28 0.308797

7 28 0.35716

8 28 0.404114

9 28 0.449472

10 28 0.493057

11 28 0.534696

12 28 0.574225

13 28 0.611487

14 28 0.646337

15 28 0.678635

16 28 0.708255

17 28 0.73508

18 28 0.759004

19 28 0.779933

20 28 0.797783

21 28 0.812485

22 28 0.823981

23 28 0.832224

24 28 0.837184

25 28 0.838839

26 28 0.837184

27 28 0.832224

28 28 0.823981

29 28 0.812485

30 28 0.797783

31 28 0.779933

32 28 0.759004

33 28 0.73508

34 28 0.708255

35 28 0.678635

36 28 0.646337

37 28 0.611487

38 28 0.574225

39 28 0.534696

40 28 0.493057

41 28 0.449472

42 28 0.404114

43 28 0.35716

44 28 0.308797

45 28 0.259216

46 28 0.208611

47 28 0.157183

48 28 0.105134

49 28 0.0526711

50 28 0

0 29 0

1 29 0.0519363

2 29 0.103668

3 29 0.15499

4 29 0.2057

5 29 0.255599

6 29 0.304489

7 29 0.352177

8 29 0.398476

9 29 0.443202

10 29 0.486178

11 29 0.527236

12 29 0.566214

13 29 0.602956

14 29 0.637319

15 29 0.669167

16 29 0.698374

17 29 0.724825

18 29 0.748415

19 29 0.769052

20 29 0.786653

21 29 0.80115

22 29 0.812485

23 29 0.820614

24 29 0.825504

25 29 0.827136

26 29 0.825504

27 29 0.820614

28 29 0.812485

29 29 0.80115

30 29 0.786653

31 29 0.769052

32 29 0.748415

33 29 0.724825

34 29 0.698374

35 29 0.669167

36 29 0.637319

37 29 0.602956

38 29 0.566214

39 29 0.527236

40 29 0.486178

41 29 0.443202

42 29 0.398476

43 29 0.352177

44 29 0.304489

45 29 0.255599

46 29 0.2057

47 29 0.15499

48 29 0.103668

49 29 0.0519363

50 29 0

0 30 0

1 30 0.0509965

2 30 0.101792

3 30 0.152185

4 30 0.201978

5 30 0.250974

6 30 0.298979

7 30 0.345805

8 30 0.391265

9 30 0.435182

10 30 0.477381

11 30 0.517696

12 30 0.555968

13 30 0.592046

14 30 0.625787

15 30 0.657059

16 30 0.685737

17 30 0.711709

18 30 0.734873

19 30 0.755136

20 30 0.772419

21 30 0.786653

22 30 0.797783

23 30 0.805765

24 30 0.810566

25 30 0.812169

26 30 0.810566

27 30 0.805765

28 30 0.797783

29 30 0.786653

30 30 0.772419

31 30 0.755136

32 30 0.734873

33 30 0.711709

34 30 0.685737

35 30 0.657059

36 30 0.625787

37 30 0.592046

38 30 0.555968

39 30 0.517696

40 30 0.477381

41 30 0.435182

42 30 0.391265

43 30 0.345805

44 30 0.298979

45 30 0.250974

46 30 0.201978

47 30 0.152185

48 30 0.101792

49 30 0.0509965

50 30 0

0 31 0

1 31 0.0498555

2 31 0.0995142

3 31 0.14878

4 31 0.197459

5 31 0.245358

6 31 0.29229

7 31 0.338067

8 31 0.382511

9 31 0.425445

10 31 0.4667

11 31 0.506112

12 31 0.543528

13 31 0.578799

14 31 0.611785

15 31 0.642357

16 31 0.670394

17 31 0.695785

18 31 0.71843

19 31 0.738239

20 31 0.755136

21 31 0.769052

22 31 0.779933

23 31 0.787736

24 31 0.79243

25 31 0.793997

26 31 0.79243

27 31 0.787736

28 31 0.779933

29 31 0.769052

30 31 0.755136

31 31 0.738239

32 31 0.71843

33 31 0.695785

34 31 0.670394

35 31 0.642357

36 31 0.611785

37 31 0.578799

38 31 0.543528

39 31 0.506112

40 31 0.4667

41 31 0.425445

42 31 0.382511

43 31 0.338067

44 31 0.29229

45 31 0.245358

46 31 0.197459

47 31 0.14878

48 31 0.0995142

49 31 0.0498555

50 31 0

0 32 0

1 32 0.0485176

2 32 0.0968438

3 32 0.144788

4 32 0.19216

5 32 0.238775

6 32 0.284446

7 32 0.328996

8 32 0.372247

9 32 0.414028

10 32 0.454176

11 32 0.492532

12 32 0.528943

13 32 0.563267

14 32 0.595368

15 32 0.62512

16 32 0.652404

17 32 0.677114

18 32 0.699151

19 32 0.71843

20 32 0.734873

21 32 0.748415

22 32 0.759004

23 32 0.766598

24 32 0.771166

25 32 0.772691

26 32 0.771166

27 32 0.766598

28 32 0.759004

29 32 0.748415

30 32 0.734873

31 32 0.71843

32 32 0.699151

33 32 0.677114

34 32 0.652404

35 32 0.62512

36 32 0.595368

37 32 0.563267

38 32 0.528943

39 32 0.492532

40 32 0.454176

41 32 0.414028

42 32 0.372247

43 32 0.328996

44 32 0.284446

45 32 0.238775

46 32 0.19216

47 32 0.144788

48 32 0.0968438

49 32 0.0485176

50 32 0

0 33 0

1 33 0.0469884

2 33 0.0937913

3 33 0.140224

4 33 0.186103

5 33 0.231248

6 33 0.275481

7 33 0.318626

8 33 0.360513

9 33 0.400978

10 33 0.43986

11 33 0.477007

12 33 0.512271

13 33 0.545513

14 33 0.576602

15 33 0.605416

16 33 0.63184

17 33 0.655771

18 33 0.677114

19 33 0.695785

20 33 0.711709

21 33 0.724825

22 33 0.73508

23 33 0.742434

24 33 0.746859

25 33 0.748335

26 33 0.746859

27 33 0.742434

28 33 0.73508

29 33 0.724825

30 33 0.711709

31 33 0.695785

32 33 0.677114

33 33 0.655771

34 33 0.63184

35 33 0.605416

36 33 0.576602

37 33 0.545513

38 33 0.512271

39 33 0.477007

40 33 0.43986

41 33 0.400978

42 33 0.360513

43 33 0.318626

44 33 0.275481

45 33 0.231248

46 33 0.186103

47 33 0.140224

48 33 0.0937913

49 33 0.0469884

50 33 0

0 34 0

1 34 0.0452736

2 34 0.0903686

3 34 0.135107

4 34 0.179312

5 34 0.222809

6 34 0.265428

7 34 0.306998

8 34 0.347357

9 34 0.386345

10 34 0.423809

11 34 0.4596

12 34 0.493577

13 34 0.525606

14 34 0.555561

15 34 0.583323

16 34 0.608783

17 34 0.63184

18 34 0.652404

19 34 0.670394

20 34 0.685737

21 34 0.698374

22 34 0.708255

23 34 0.715341

24 34 0.719604

25 34 0.721027

26 34 0.719604

27 34 0.715341

28 34 0.708255

29 34 0.698374

30 34 0.685737

31 34 0.670394

32 34 0.652404

33 34 0.63184

34 34 0.608783

35 34 0.583323

36 34 0.555561

37 34 0.525606

38 34 0.493577

39 34 0.4596

40 34 0.423809

41 34 0.386345

42 34 0.347357

43 34 0.306998

44 34 0.265428

45 34 0.222809

46 34 0.179312

47 34 0.135107

48 34 0.0903686

49 34 0.0452736

50 34 0

0 35 0

1 35 0.0433802

2 35 0.0865893

3 35 0.129457

4 35 0.171813

5 35 0.213491

6 35 0.254327

7 35 0.294159

8 35 0.33283

9 35 0.370188

10 35 0.406085

11 35 0.440379

12 35 0.472935

13 35 0.503624

14 35 0.532326

15 35 0.558927

16 35 0.583323

17 35 0.605416

18 35 0.62512

19 35 0.642357

20 35 0.657059

21 35 0.669167

22 35 0.678635

23 35 0.685425

24 35 0.689509

25 35 0.690872

26 35 0.689509

27 35 0.685425

28 35 0.678635

29 35 0.669167

30 35 0.657059

31 35 0.642357

32 35 0.62512

33 35 0.605416

34 35 0.583323

35 35 0.558927

36 35 0.532326

37 35 0.503624

38 35 0.472935

39 35 0.440379

40 35 0.406085

41 35 0.370188

42 35 0.33283

43 35 0.294159

44 35 0.254327

45 35 0.213491

46 35 0.171813

47 35 0.129457

48 35 0.0865893

49 35 0.0433802

50 35 0

0 36 0

1 36 0.0413156

2 36 0.0824682

3 36 0.123295

4 36 0.163636

5 36 0.203331

6 36 0.242223

7 36 0.280159

8 36 0.31699

9 36 0.352569

10 36 0.386758

11 36 0.419419

12 36 0.450426

13 36 0.479655

14 36 0.506991

15 36 0.532326

16 36 0.555561

17 36 0.576602

18 36 0.595368

19 36 0.611785

20 36 0.625787

21 36 0.637319

22 36 0.646337

23 36 0.652803

24 36 0.656693

25 36 0.657991

26 36 0.656693

27 36 0.652803

28 36 0.646337

29 36 0.637319

30 36 0.625787

31 36 0.611785

32 36 0.595368

33 36 0.576602

34 36 0.555561

35 36 0.532326

36 36 0.506991

37 36 0.479655

38 36 0.450426

39 36 0.419419

40 36 0.386758

41 36 0.352569

42 36 0.31699

43 36 0.280159

44 36 0.242223

45 36 0.203331

46 36 0.163636

47 36 0.123295

48 36 0.0824682

49 36 0.0413156

50 36 0

0 37 0

1 37 0.039088

2 37 0.0780217

3 37 0.116647

4 37 0.154813

5 37 0.192367

6 37 0.229163

7 37 0.265053

8 37 0.299898

9 37 0.33356

10 37 0.365904

11 37 0.396805

12 37 0.42614

13 37 0.453793

14 37 0.479655

15 37 0.503624

16 37 0.525606

17 37 0.545513

18 37 0.563267

19 37 0.578799

20 37 0.592046

21 37 0.602956

22 37 0.611487

23 37 0.617605

24 37 0.621285

25 37 0.622514

26 37 0.621285

27 37 0.617605

28 37 0.611487

29 37 0.602956

30 37 0.592046

31 37 0.578799

32 37 0.563267

33 37 0.545513

34 37 0.525606

35 37 0.503624

36 37 0.479655

37 37 0.453793

38 37 0.42614

39 37 0.396805

40 37 0.365904

41 37 0.33356

42 37 0.299898

43 37 0.265053

44 37 0.229163

45 37 0.192367

46 37 0.154813

47 37 0.116647

48 37 0.0780217

49 37 0.039088

50 37 0

0 38 0

1 38 0.036706

2 38 0.0732672

3 38 0.109539

4 38 0.145379

5 38 0.180645

6 38 0.215198

7 38 0.248902

8 38 0.281623

9 38 0.313233

10 38 0.343607

11 38 0.372625

12 38 0.400172

13 38 0.42614

14 38 0.450426

15 38 0.472935

16 38 0.493577

17 38 0.512271

18 38 0.528943

19 38 0.543528

20 38 0.555968

21 38 0.566214

22 38 0.574225

23 38 0.57997

24 38 0.583426

25 38 0.584579

26 38 0.583426

27 38 0.57997

28 38 0.574225

29 38 0.566214

30 38 0.555968

31 38 0.543528

32 38 0.528943

33 38 0.512271

34 38 0.493577

35 38 0.472935

36 38 0.450426

37 38 0.42614

38 38 0.400172

39 38 0.372625

40 38 0.343607

41 38 0.313233

42 38 0.281623

43 38 0.248902

44 38 0.215198

45 38 0.180645

46 38 0.145379

47 38 0.109539

48 38 0.0732672

49 38 0.036706

50 38 0

0 39 0

1 39 0.0341793

2 39 0.0682236

3 39 0.101999

4 39 0.135371

5 39 0.16821

6 39 0.200384

7 39 0.231768

8 39 0.262237

9 39 0.291671

10 39 0.319954

11 39 0.346974

12 39 0.372625

13 39 0.396805

14 39 0.419419

15 39 0.440379

16 39 0.4596

17 39 0.477007

18 39 0.492532

19 39 0.506112

20 39 0.517696

21 39 0.527236

22 39 0.534696

23 39 0.540046

24 39 0.543264

25 39 0.544338

26 39 0.543264

27 39 0.540046

28 39 0.534696

29 39 0.527236

30 39 0.517696

31 39 0.506112

32 39 0.492532

33 39 0.477007

34 39 0.4596

35 39 0.440379

36 39 0.419419

37 39 0.396805

38 39 0.372625

39 39 0.346974

40 39 0.319954

41 39 0.291671

42 39 0.262237

43 39 0.231768

44 39 0.200384

45 39 0.16821

46 39 0.135371

47 39 0.101999

48 39 0.0682236

49 39 0.0341793

50 39 0

0 40 0

1 40 0.0315176

2 40 0.0629108

3 40 0.0940557

4 40 0.124829

5 40 0.15511

6 40 0.184779

7 40 0.213719

8 40 0.241815

9 40 0.268957

10 40 0.295038

11 40 0.319954

12 40 0.343607

13 40 0.365904

14 40 0.386758

15 40 0.406085

16 40 0.423809

17 40 0.43986

18 40 0.454176

19 40 0.4667

20 40 0.477381

21 40 0.486178

22 40 0.493057

23 40 0.49799

24 40 0.500958

25 40 0.501948

26 40 0.500958

27 40 0.49799

28 40 0.493057

29 40 0.486178

30 40 0.477381

31 40 0.4667

32 40 0.454176

33 40 0.43986

34 40 0.423809

35 40 0.406085

36 40 0.386758

37 40 0.365904

38 40 0.343607

39 40 0.319954

40 40 0.295038

41 40 0.268957

42 40 0.241815

43 40 0.213719

44 40 0.184779

45 40 0.15511

46 40 0.124829

47 40 0.0940557

48 40 0.0629108

49 40 0.0315176

50 40 0

0 41 0

1 41 0.0287315

2 41 0.0573497

3 41 0.0857414

4 41 0.113795

5 41 0.141399

6 41 0.168445

7 41 0.194827

8 41 0.22044

9 41 0.245182

10 41 0.268957

11 41 0.291671

12 41 0.313233

13 41 0.33356

14 41 0.352569

15 41 0.370188

16 41 0.386345

17 41 0.400978

18 41 0.414028

19 41 0.425445

20 41 0.435182

21 41 0.443202

22 41 0.449472

23 41 0.453969

24 41 0.456674

25 41 0.457577

26 41 0.456674

27 41 0.453969

28 41 0.449472

29 41 0.443202

30 41 0.435182

31 41 0.425445

32 41 0.414028

33 41 0.400978

34 41 0.386345

35 41 0.370188

36 41 0.352569

37 41 0.33356

38 41 0.313233

39 41 0.291671

40 41 0.268957

41 41 0.245182

42 41 0.22044

43 41 0.194827

44 41 0.168445

45 41 0.141399

46 41 0.113795

47 41 0.0857414

48 41 0.0573497

49 41 0.0287315

50 41 0

0 42 0

1 42 0.0258321

2 42 0.0515622

3 42 0.0770888

4 42 0.102311

5 42 0.12713

6 42 0.151447

7 42 0.175166

8 42 0.198194

9 42 0.22044

10 42 0.241815

11 42 0.262237

12 42 0.281623

13 42 0.299898

14 42 0.31699

15 42 0.33283

16 42 0.347357

17 42 0.360513

18 42 0.372247

19 42 0.382511

20 42 0.391265

21 42 0.398476

22 42 0.404114

23 42 0.408157

24 42 0.410589

25 42 0.411401

26 42 0.410589

27 42 0.408157

28 42 0.404114

29 42 0.398476

30 42 0.391265

31 42 0.382511

32 42 0.372247

33 42 0.360513

34 42 0.347357

35 42 0.33283

36 42 0.31699

37 42 0.299898

38 42 0.281623

39 42 0.262237

40 42 0.241815

41 42 0.22044

42 42 0.198194

43 42 0.175166

44 42 0.151447

45 42 0.12713

46 42 0.102311

47 42 0.0770888

48 42 0.0515622

49 42 0.0258321

50 42 0

0 43 0

1 43 0.0228307

2 43 0.0455712

3 43 0.068132

4 43 0.0904238

5 43 0.112359

6 43 0.13385

7 43 0.154814

8 43 0.175166

9 43 0.194827

10 43 0.213719

11 43 0.231768

12 43 0.248902

13 43 0.265053

14 43 0.280159

15 43 0.294159

16 43 0.306998

17 43 0.318626

18 43 0.328996

19 43 0.338067

20 43 0.345805

21 43 0.352177

22 43 0.35716

23 43 0.360734

24 43 0.362883

25 43 0.363601

26 43 0.362883

27 43 0.360734

28 43 0.35716

29 43 0.352177

30 43 0.345805

31 43 0.338067

32 43 0.328996

33 43 0.318626

34 43 0.306998

35 43 0.294159

36 43 0.280159

37 43 0.265053

38 43 0.248902

39 43 0.231768

40 43 0.213719

41 43 0.194827

42 43 0.175166

43 43 0.154814

44 43 0.13385

45 43 0.112359

46 43 0.0904238

47 43 0.068132

48 43 0.0455712

49 43 0.0228307

50 43 0

0 44 0

1 44 0.0197392

2 44 0.0394004

3 44 0.0589062

4 44 0.0781795

5 44 0.0971443

6 44 0.115726

7 44 0.13385

8 44 0.151447

9 44 0.168445

10 44 0.184779

11 44 0.200384

12 44 0.215198

13 44 0.229163

14 44 0.242223

15 44 0.254327

16 44 0.265428

17 44 0.275481

18 44 0.284446

19 44 0.29229

20 44 0.298979

21 44 0.304489

22 44 0.308797

23 44 0.311887

24 44 0.313745

25 44 0.314366

26 44 0.313745

27 44 0.311887

28 44 0.308797

29 44 0.304489

30 44 0.298979

31 44 0.29229

32 44 0.284446

33 44 0.275481

34 44 0.265428

35 44 0.254327

36 44 0.242223

37 44 0.229163

38 44 0.215198

39 44 0.200384

40 44 0.184779

41 44 0.168445

42 44 0.151447

43 44 0.13385

44 44 0.115726

45 44 0.0971443

46 44 0.0781795

47 44 0.0589062

48 44 0.0394004

49 44 0.0197392

50 44 0

0 45 0

1 45 0.0165698

2 45 0.0330742

3 45 0.049448

4 45 0.0656267

5 45 0.0815464

6 45 0.0971443

7 45 0.112359

8 45 0.12713

9 45 0.141399

10 45 0.15511

11 45 0.16821

12 45 0.180645

13 45 0.192367

14 45 0.203331

15 45 0.213491

16 45 0.222809

17 45 0.231248

18 45 0.238775

19 45 0.245358

20 45 0.250974

21 45 0.255599

22 45 0.259216

23 45 0.261809

24 45 0.263369

25 45 0.26389

26 45 0.263369

27 45 0.261809

28 45 0.259216

29 45 0.255599

30 45 0.250974

31 45 0.245358

32 45 0.238775

33 45 0.231248

34 45 0.222809

35 45 0.213491

36 45 0.203331

37 45 0.192367

38 45 0.180645

39 45 0.16821

40 45 0.15511

41 45 0.141399

42 45 0.12713

43 45 0.112359

44 45 0.0971443

45 45 0.0815464

46 45 0.0656267

47 45 0.049448

48 45 0.0330742

49 45 0.0165698

50 45 0

0 46 0

1 46 0.013335

2 46 0.0266173

3 46 0.0397946

4 46 0.0528149

5 46 0.0656267

6 46 0.0781795

7 46 0.0904238

8 46 0.102311

9 46 0.113795

10 46 0.124829

11 46 0.135371

12 46 0.145379

13 46 0.154813

14 46 0.163636

15 46 0.171813

16 46 0.179312

17 46 0.186103

18 46 0.19216

19 46 0.197459

20 46 0.201978

21 46 0.2057

22 46 0.208611

23 46 0.210698

24 46 0.211953

25 46 0.212372

26 46 0.211953

27 46 0.210698

28 46 0.208611

29 46 0.2057

30 46 0.201978

31 46 0.197459

32 46 0.19216

33 46 0.186103

34 46 0.179312

35 46 0.171813

36 46 0.163636

37 46 0.154813

38 46 0.145379

39 46 0.135371

40 46 0.124829

41 46 0.113795

42 46 0.102311

43 46 0.0904238

44 46 0.0781795

45 46 0.0656267

46 46 0.0528149

47 46 0.0397946

48 46 0.0266173

49 46 0.013335

50 46 0

0 47 0

1 47 0.0100476

2 47 0.0200555

3 47 0.0299842

4 47 0.0397946

5 47 0.049448

6 47 0.0589062

7 47 0.068132

8 47 0.0770888

9 47 0.0857414

10 47 0.0940557

11 47 0.101999

12 47 0.109539

13 47 0.116647

14 47 0.123295

15 47 0.129457

16 47 0.135107

17 47 0.140224

18 47 0.144788

19 47 0.14878

20 47 0.152185

21 47 0.15499

22 47 0.157183

23 47 0.158755

24 47 0.159701

25 47 0.160017

26 47 0.159701

27 47 0.158755

28 47 0.157183

29 47 0.15499

30 47 0.152185

31 47 0.14878

32 47 0.144788

33 47 0.140224

34 47 0.135107

35 47 0.129457

36 47 0.123295

37 47 0.116647

38 47 0.109539

39 47 0.101999

40 47 0.0940557

41 47 0.0857414

42 47 0.0770888

43 47 0.068132

44 47 0.0589062

45 47 0.049448

46 47 0.0397946

47 47 0.0299842

48 47 0.0200555

49 47 0.0100476

50 47 0

0 48 0

1 48 0.00672048

2 48 0.0134144

3 48 0.0200555

4 48 0.0266173

5 48 0.0330742

6 48 0.0394004

7 48 0.0455712

8 48 0.0515622

9 48 0.0573497

10 48 0.0629108

11 48 0.0682236

12 48 0.0732672

13 48 0.0780217

14 48 0.0824682

15 48 0.0865893

16 48 0.0903686

17 48 0.0937913

18 48 0.0968438

19 48 0.0995142

20 48 0.101792

21 48 0.103668

22 48 0.105134

23 48 0.106186

24 48 0.106819

25 48 0.10703

26 48 0.106819

27 48 0.106186

28 48 0.105134

29 48 0.103668

30 48 0.101792

31 48 0.0995142

32 48 0.0968438

33 48 0.0937913

34 48 0.0903686

35 48 0.0865893

36 48 0.0824682

37 48 0.0780217

38 48 0.0732672

39 48 0.0682236

40 48 0.0629108

41 48 0.0573497

42 48 0.0515622

43 48 0.0455712

44 48 0.0394004

45 48 0.0330742

46 48 0.0266173

47 48 0.0200555

48 48 0.0134144

49 48 0.00672048

50 48 0

0 49 0

1 49 0.00336688

2 49 0.00672048

3 49 0.0100476

4 49 0.013335

5 49 0.0165698

6 49 0.0197392

7 49 0.0228307

8 49 0.0258321

9 49 0.0287315

10 49 0.0315176

11 49 0.0341793

12 49 0.036706

13 49 0.039088

14 49 0.0413156

15 49 0.0433802

16 49 0.0452736

17 49 0.0469884

18 49 0.0485176

19 49 0.0498555

20 49 0.0509965

21 49 0.0519363

22 49 0.0526711

23 49 0.0531981

24 49 0.0535151

25 49 0.0536209

26 49 0.0535151

27 49 0.0531981

28 49 0.0526711

29 49 0.0519363

30 49 0.0509965

31 49 0.0498555

32 49 0.0485176

33 49 0.0469884

34 49 0.0452736

35 49 0.0433802

36 49 0.0413156

37 49 0.039088

38 49 0.036706

39 49 0.0341793

40 49 0.0315176

41 49 0.0287315

42 49 0.0258321

43 49 0.0228307

44 49 0.0197392

45 49 0.0165698

46 49 0.013335

47 49 0.0100476

48 49 0.00672048

49 49 0.00336688

50 49 0

