0 1 0

1 1 0.00116917

2 1 0.00233372

3 1 0.00348907

4 1 0.00463064

5 1 0.00575394

6 1 0.00685453

7 1 0.00792807

8 1 0.00897032

9 1 0.00997717

10 1 0.0109446

11 1 0.0118689

12 1 0.0127464

13 1 0.0135735

14 1 0.0143471

15 1 0.015064

16 1 0.0157215

17 1 0.0163169

18 1 0.016848

19 1 0.0173126

20 1 0.0177088

21 1 0.0180352

22 1 0.0182903

23 1 0.0184733

24 1 0.0185834

25 1 0.0186201

26 1 0.0185834

27 1 0.0184733

28 1 0.0182903

29 1 0.0180352

30 1 0.0177088

31 1 0.0173126

32 1 0.016848

33 1 0.0163169

34 1 0.0157215

35 1 0.015064

36 1 0.0143471

37 1 0.0135735

38 1 0.0127464

39 1 0.0118689

40 1 0.0109446

41 1 0.00997717

42 1 0.00897032

43 1 0.00792807

44 1 0.00685453

45 1 0.00575394

46 1 0.00463064

47 1 0.00348907

48 1 0.00233372

49 1 0.00116917

50 1 0

0 2 0

1 2 0.00233372

2 2 0.00465823

3 2 0.00696436

4 2 0.009243

5 2 0.0114852

6 2 0.013682

7 2 0.0158248

8 2 0.0179052

9 2 0.019915

10 2 0.0218461

11 2 0.023691

12 2 0.0254424

13 2 0.0270934

14 2 0.0286375

15 2 0.0300686

16 2 0.031381

17 2 0.0325695

18 2 0.0336295

19 2 0.0345568

20 2 0.0353477

21 2 0.0359991

22 2 0.0365085

23 2 0.0368737

24 2 0.0370934

25 2 0.0371668

26 2 0.0370934

27 2 0.0368737

28 2 0.0365085

29 2 0.0359991

30 2 0.0353477

31 2 0.0345568

32 2 0.0336295

33 2 0.0325695

34 2 0.031381

35 2 0.0300686

36 2 0.0286375

37 2 0.0270934

38 2 0.0254424

39 2 0.023691

40 2 0.0218461

41 2 0.019915

42 2 0.0179052

43 2 0.0158248

44 2 0.013682

45 2 0.0114852

46 2 0.009243

47 2 0.00696436

48 2 0.00465823

49 2 0.00233372

50 2 0

0 3 0

1 3 0.00348907

2 3 0.00696436

3 3 0.0104122

4 3 0.0138189

5 3 0.0171711

6 3 0.0204555

7 3 0.0236592

8 3 0.0267695

9 3 0.0297742

10 3 0.0326613

11 3 0.0354196

12 3 0.0380381

13 3 0.0405064

14 3 0.0428149

15 3 0.0449545

16 3 0.0469166

17 3 0.0486935

18 3 0.0502783

19 3 0.0516647

20 3 0.0528471

21 3 0.053821

22 3 0.0545825

23 3 0.0551286

24 3 0.0554571

25 3 0.0555668

26 3 0.0554571

27 3 0.0551286

28 3 0.0545825

29 3 0.053821

30 3 0.0528471

31 3 0.0516647

32 3 0.0502783

33 3 0.0486935

34 3 0.0469166

35 3 0.0449545

36 3 0.0428149

37 3 0.0405064

38 3 0.0380381

39 3 0.0354196

40 3 0.0326613

41 3 0.0297742

42 3 0.0267695

43 3 0.0236592

44 3 0.0204555

45 3 0.0171711

46 3 0.0138189

47 3 0.0104122

48 3 0.00696436

49 3 0.00348907

50 3 0

0 4 0

1 4 0.00463064

2 4 0.009243

3 4 0.0138189

4 4 0.0183402

5 4 0.0227892

6 4 0.0271482

7 4 0.0314001

8 4 0.0355281

9 4 0.0395158

10 4 0.0433477

11 4 0.0470084

12 4 0.0504836

13 4 0.0537596

14 4 0.0568234

15 4 0.0596629

16 4 0.062267

17 4 0.0646254

18 4 0.0667287

19 4 0.0685686

20 4 0.070138

21 4 0.0714305

22 4 0.0724412

23 4 0.0731659

24 4 0.0736019

25 4 0.0737474

26 4 0.0736019

27 4 0.0731659

28 4 0.0724412

29 4 0.0714305

30 4 0.070138

31 4 0.0685686

32 4 0.0667287

33 4 0.0646254

34 4 0.062267

35 4 0.0596629

36 4 0.0568234

37 4 0.0537596

38 4 0.0504836

39 4 0.0470084

40 4 0.0433477

41 4 0.0395158

42 4 0.0355281

43 4 0.0314001

44 4 0.0271482

45 4 0.0227892

46 4 0.0183402

47 4 0.0138189

48 4 0.009243

49 4 0.00463064

50 4 0

0 5 0

1 5 0.00575394

2 5 0.0114852

3 5 0.0171711

4 5 0.0227892

5 5 0.0283174

6 5 0.0337339

7 5 0.0390172

8 5 0.0441465

9 5 0.0491016

10 5 0.0538629

11 5 0.0584117

12 5 0.0627299

13 5 0.0668005

14 5 0.0706076

15 5 0.0741359

16 5 0.0773717

17 5 0.0803022

18 5 0.0829157

19 5 0.085202

20 5 0.087152

21 5 0.0887581

22 5 0.0900139

23 5 0.0909145

24 5 0.0914562

25 5 0.0916371

26 5 0.0914562

27 5 0.0909145

28 5 0.0900139

29 5 0.0887581

30 5 0.087152

31 5 0.085202

32 5 0.0829157

33 5 0.0803022

34 5 0.0773717

35 5 0.0741359

36 5 0.0706076

37 5 0.0668005

38 5 0.0627299

39 5 0.0584117

40 5 0.0538629

41 5 0.0491016

42 5 0.0441465

43 5 0.0390172

44 5 0.0337339

45 5 0.0283174

46 5 0.0227892

47 5 0.0171711

48 5 0.0114852

49 5 0.00575394

50 5 0

0 6 0

1 6 0.00685453

2 6 0.013682

3 6 0.0204555

4 6 0.0271482

5 6 0.0337339

6 6 0.0401863

7 6 0.0464802

8 6 0.0525907

9 6 0.0584936

10 6 0.0641656

11 6 0.0695844

12 6 0.0747286

13 6 0.0795779

14 6 0.0841131

15 6 0.0883164

16 6 0.0921711

17 6 0.095662

18 6 0.0987755

19 6 0.101499

20 6 0.103822

21 6 0.105735

22 6 0.107231

23 6 0.108304

24 6 0.10895

25 6 0.109165

26 6 0.10895

27 6 0.108304

28 6 0.107231

29 6 0.105735

30 6 0.103822

31 6 0.101499

32 6 0.0987755

33 6 0.095662

34 6 0.0921711

35 6 0.0883164

36 6 0.0841131

37 6 0.0795779

38 6 0.0747286

39 6 0.0695844

40 6 0.0641656

41 6 0.0584936

42 6 0.0525907

43 6 0.0464802

44 6 0.0401863

45 6 0.0337339

46 6 0.0271482

47 6 0.0204555

48 6 0.013682

49 6 0.00685453

50 6 0

0 7 0

1 7 0.00792807

2 7 0.0158248

3 7 0.0236592

4 7 0.0314001

5 7 0.0390172

6 7 0.0464802

7 7 0.0537598

8 7 0.0608273

9 7 0.0676547

10 7 0.0742151

11 7 0.0804825

12 7 0.0864324

13 7 0.0920412

14 7 0.0972867

15 7 0.102148

16 7 0.106607

17 7 0.110644

18 7 0.114245

19 7 0.117396

20 7 0.120082

21 7 0.122295

22 7 0.124026

23 7 0.125267

24 7 0.126013

25 7 0.126262

26 7 0.126013

27 7 0.125267

28 7 0.124026

29 7 0.122295

30 7 0.120082

31 7 0.117396

32 7 0.114245

33 7 0.110644

34 7 0.106607

35 7 0.102148

36 7 0.0972867

37 7 0.0920412

38 7 0.0864324

39 7 0.0804825

40 7 0.0742151

41 7 0.0676547

42 7 0.0608273

43 7 0.0537598

44 7 0.0464802

45 7 0.0390172

46 7 0.0314001

47 7 0.0236592

48 7 0.0158248

49 7 0.00792807

50 7 0

0 8 0

1 8 0.00897032

2 8 0.0179052

3 8 0.0267695

4 8 0.0355281

5 8 0.0441465

6 8 0.0525907

7 8 0.0608273

8 8 0.0688238

9 8 0.0765488

10 8 0.0839716

11 8 0.0910631

12 8 0.0977951

13 8 0.104141

14 8 0.110076

15 8 0.115577

16 8 0.120622

17 8 0.12519

18 8 0.129265

19 8 0.132829

20 8 0.135869

21 8 0.138373

22 8 0.140331

23 8 0.141735

24 8 0.142579

25 8 0.142861

26 8 0.142579

27 8 0.141735

28 8 0.140331

29 8 0.138373

30 8 0.135869

31 8 0.132829

32 8 0.129265

33 8 0.12519

34 8 0.120622

35 8 0.115577

36 8 0.110076

37 8 0.104141

38 8 0.0977951

39 8 0.0910631

40 8 0.0839716

41 8 0.0765488

42 8 0.0688238

43 8 0.0608273

44 8 0.0525907

45 8 0.0441465

46 8 0.0355281

47 8 0.0267695

48 8 0.0179052

49 8 0.00897032

50 8 0

0 9 0

1 9 0.00997717

2 9 0.019915

3 9 0.0297742

4 9 0.0395158

5 9 0.0491016

6 9 0.0584936

7 9 0.0676547

8 9 0.0765488

9 9 0.0851408

10 9 0.0933968

11 9 0.101284

12 9 0.108772

13 9 0.11583

14 9 0.122432

15 9 0.12855

16 9 0.13416

17 9 0.139242

18 9 0.143773

19 9 0.147738

20 9 0.151119

21 9 0.153904

22 9 0.156082

23 9 0.157643

24 9 0.158583

25 9 0.158896

26 9 0.158583

27 9 0.157643

28 9 0.156082

29 9 0.153904

30 9 0.151119

31 9 0.147738

32 9 0.143773

33 9 0.139242

34 9 0.13416

35 9 0.12855

36 9 0.122432

37 9 0.11583

38 9 0.108772

39 9 0.101284

40 9 0.0933968

41 9 0.0851408

42 9 0.0765488

43 9 0.0676547

44 9 0.0584936

45 9 0.0491016

46 9 0.0395158

47 9 0.0297742

48 9 0.019915

49 9 0.00997717

50 9 0

0 10 0

1 10 0.0109446

2 10 0.0218461

3 10 0.0326613

4 10 0.0433477

5 10 0.0538629

6 10 0.0641656

7 10 0.0742151

8 10 0.0839716

9 10 0.0933968

10 10 0.102453

11 10 0.111106

12 10 0.119319

13 10 0.127062

14 10 0.134304

15 10 0.141015

16 10 0.14717

17 10 0.152744

18 10 0.157715

19 10 0.162064

20 10 0.165773

21 10 0.168828

22 10 0.171217

23 10 0.17293

24 10 0.17396

25 10 0.174304

26 10 0.17396

27 10 0.17293

28 10 0.171217

29 10 0.168828

30 10 0.165773

31 10 0.162064

32 10 0.157715

33 10 0.152744

34 10 0.14717

35 10 0.141015

36 10 0.134304

37 10 0.127062

38 10 0.119319

39 10 0.111106

40 10 0.102453

41 10 0.0933968

42 10 0.0839716

43 10 0.0742151

44 10 0.0641656

45 10 0.0538629

46 10 0.0433477

47 10 0.0326613

48 10 0.0218461

49 10 0.0109446

50 10 0

0 11 0

1 11 0.0118689

2 11 0.023691

3 11 0.0354196

4 11 0.0470084

5 11 0.0584117

6 11 0.0695844

7 11 0.0804825

8 11 0.0910631

9 11 0.101284

10 11 0.111106

11 11 0.120488

12 11 0.129396

13 11 0.137793

14 11 0.145646

15 11 0.152924

16 11 0.159598

17 11 0.165643

18 11 0.171034

19 11 0.17575

20 11 0.179773

21 11 0.183086

22 11 0.185676

23 11 0.187534

24 11 0.188651

25 11 0.189024

26 11 0.188651

27 11 0.187534

28 11 0.185676

29 11 0.183086

30 11 0.179773

31 11 0.17575

32 11 0.171034

33 11 0.165643

34 11 0.159598

35 11 0.152924

36 11 0.145646

37 11 0.137793

38 11 0.129396

39 11 0.120488

40 11 0.111106

41 11 0.101284

42 11 0.0910631

43 11 0.0804825

44 11 0.0695844

45 11 0.0584117

46 11 0.0470084

47 11 0.0354196

48 11 0.023691

49 11 0.0118689

50 11 0

0 12 0

1 12 0.0127464

2 12 0.0254424

3 12 0.0380381

4 12 0.0504836

5 12 0.0627299

6 12 0.0747286

7 12 0.0864324

8 12 0.0977951

9 12 0.108772

10 12 0.119319

11 12 0.129396

12 12 0.138962

13 12 0.147979

14 12 0.156413

15 12 0.164229

16 12 0.171397

17 12 0.177889

18 12 0.183678

19 12 0.188743

20 12 0.193063

21 12 0.196621

22 12 0.199403

23 12 0.201397

24 12 0.202598

25 12 0.202998

26 12 0.202598

27 12 0.201397

28 12 0.199403

29 12 0.196621

30 12 0.193063

31 12 0.188743

32 12 0.183678

33 12 0.177889

34 12 0.171397

35 12 0.164229

36 12 0.156413

37 12 0.147979

38 12 0.138962

39 12 0.129396

40 12 0.119319

41 12 0.108772

42 12 0.0977951

43 12 0.0864324

44 12 0.0747286

45 12 0.0627299

46 12 0.0504836

47 12 0.0380381

48 12 0.0254424

49 12 0.0127464

50 12 0

0 13 0

1 13 0.0135735

2 13 0.0270934

3 13 0.0405064

4 13 0.0537596

5 13 0.0668005

6 13 0.0795779

7 13 0.0920412

8 13 0.104141

9 13 0.11583

10 13 0.127062

11 13 0.137793

12 13 0.147979

13 13 0.157582

14 13 0.166563

15 13 0.174886

16 13 0.182519

17 13 0.189432

18 13 0.195597

19 13 0.200991

20 13 0.205591

21 13 0.20938

22 13 0.212342

23 13 0.214467

24 13 0.215745

25 13 0.216171

26 13 0.215745

27 13 0.214467

28 13 0.212342

29 13 0.20938

30 13 0.205591

31 13 0.200991

32 13 0.195597

33 13 0.189432

34 13 0.182519

35 13 0.174886

36 13 0.166563

37 13 0.157582

38 13 0.147979

39 13 0.137793

40 13 0.127062

41 13 0.11583

42 13 0.104141

43 13 0.0920412

44 13 0.0795779

45 13 0.0668005

46 13 0.0537596

47 13 0.0405064

48 13 0.0270934

49 13 0.0135735

50 13 0

0 14 0

1 14 0.0143471

2 14 0.0286375

3 14 0.0428149

4 14 0.0568234

5 14 0.0706076

6 14 0.0841131

7 14 0.0972867

8 14 0.110076

9 14 0.122432

10 14 0.134304

11 14 0.145646

12 14 0.156413

13 14 0.166563

14 14 0.176055

15 14 0.184853

16 14 0.192921

17 14 0.200228

18 14 0.206745

19 14 0.212445

20 14 0.217308

21 14 0.221312

22 14 0.224444

23 14 0.226689

24 14 0.22804

25 14 0.228491

26 14 0.22804

27 14 0.226689

28 14 0.224444

29 14 0.221312

30 14 0.217308

31 14 0.212445

32 14 0.206745

33 14 0.200228

34 14 0.192921

35 14 0.184853

36 14 0.176055

37 14 0.166563

38 14 0.156413

39 14 0.145646

40 14 0.134304

41 14 0.122432

42 14 0.110076

43 14 0.0972867

44 14 0.0841131

45 14 0.0706076

46 14 0.0568234

47 14 0.0428149

48 14 0.0286375

49 14 0.0143471

50 14 0

0 15 0

1 15 0.015064

2 15 0.0300686

3 15 0.0449545

4 15 0.0596629

5 15 0.0741359

6 15 0.0883164

7 15 0.102148

8 15 0.115577

9 15 0.12855

10 15 0.141015

11 15 0.152924

12 15 0.164229

13 15 0.174886

14 15 0.184853

15 15 0.19409

16 15 0.202562

17 15 0.210234

18 15 0.217076

19 15 0.223062

20 15 0.228167

21 15 0.232372

22 15 0.235659

23 15 0.238017

24 15 0.239436

25 15 0.239909

26 15 0.239436

27 15 0.238017

28 15 0.235659

29 15 0.232372

30 15 0.228167

31 15 0.223062

32 15 0.217076

33 15 0.210234

34 15 0.202562

35 15 0.19409

36 15 0.184853

37 15 0.174886

38 15 0.164229

39 15 0.152924

40 15 0.141015

41 15 0.12855

42 15 0.115577

43 15 0.102148

44 15 0.0883164

45 15 0.0741359

46 15 0.0596629

47 15 0.0449545

48 15 0.0300686

49 15 0.015064

50 15 0

0 16 0

1 16 0.0157215

2 16 0.031381

3 16 0.0469166

4 16 0.062267

5 16 0.0773717

6 16 0.0921711

7 16 0.106607

8 16 0.120622

9 16 0.13416

10 16 0.14717

11 16 0.159598

12 16 0.171397

13 16 0.182519

14 16 0.192921

15 16 0.202562

16 16 0.211403

17 16 0.21941

18 16 0.226551

19 16 0.232798

20 16 0.238126

21 16 0.242514

22 16 0.245945

23 16 0.248406

24 16 0.249886

25 16 0.25038

26 16 0.249886

27 16 0.248406

28 16 0.245945

29 16 0.242514

30 16 0.238126

31 16 0.232798

32 16 0.226551

33 16 0.21941

34 16 0.211403

35 16 0.202562

36 16 0.192921

37 16 0.182519

38 16 0.171397

39 16 0.159598

40 16 0.14717

41 16 0.13416

42 16 0.120622

43 16 0.106607

44 16 0.0921711

45 16 0.0773717

46 16 0.062267

47 16 0.0469166

48 16 0.031381

49 16 0.0157215

50 16 0

0 17 0

1 17 0.0163169

2 17 0.0325695

3 17 0.0486935

4 17 0.0646254

5 17 0.0803022

6 17 0.095662

7 17 0.110644

8 17 0.12519

9 17 0.139242

10 17 0.152744

11 17 0.165643

12 17 0.177889

13 17 0.189432

14 17 0.200228

15 17 0.210234

16 17 0.21941

17 17 0.22772

18 17 0.235131

19 17 0.241615

20 17 0.247145

21 17 0.251699

22 17 0.25526

23 17 0.257814

24 17 0.25935

25 17 0.259863

26 17 0.25935

27 17 0.257814

28 17 0.25526

29 17 0.251699

30 17 0.247145

31 17 0.241615

32 17 0.235131

33 17 0.22772

34 17 0.21941

35 17 0.210234

36 17 0.200228

37 17 0.189432

38 17 0.177889

39 17 0.165643

40 17 0.152744

41 17 0.139242

42 17 0.12519

43 17 0.110644

44 17 0.095662

45 17 0.0803022

46 17 0.0646254

47 17 0.0486935

48 17 0.0325695

49 17 0.0163169

50 17 0

0 18 0

1 18 0.016848

2 18 0.0336295

3 18 0.0502783

4 18 0.0667287

5 18 0.0829157

6 18 0.0987755

7 18 0.114245

8 18 0.129265

9 18 0.143773

10 18 0.157715

11 18 0.171034

12 18 0.183678

13 18 0.195597

14 18 0.206745

15 18 0.217076

16 18 0.226551

17 18 0.235131

18 18 0.242784

19 18 0.249478

20 18 0.255188

21 18 0.259891

22 18 0.263568

23 18 0.266205

24 18 0.267791

25 18 0.268321

26 18 0.267791

27 18 0.266205

28 18 0.263568

29 18 0.259891

30 18 0.255188

31 18 0.249478

32 18 0.242784

33 18 0.235131

34 18 0.226551

35 18 0.217076

36 18 0.206745

37 18 0.195597

38 18 0.183678

39 18 0.171034

40 18 0.157715

41 18 0.143773

42 18 0.129265

43 18 0.114245

44 18 0.0987755

45 18 0.0829157

46 18 0.0667287

47 18 0.0502783

48 18 0.0336295

49 18 0.016848

50 18 0

0 19 0

1 19 0.0173126

2 19 0.0345568

3 19 0.0516647

4 19 0.0685686

5 19 0.085202

6 19 0.101499

7 19 0.117396

8 19 0.132829

9 19 0.147738

10 19 0.162064

11 19 0.17575

12 19 0.188743

13 19 0.200991

14 19 0.212445

15 19 0.223062

16 19 0.232798

17 19 0.241615

18 19 0.249478

19 19 0.256357

20 19 0.262225

21 19 0.267057

22 19 0.270836

23 19 0.273545

24 19 0.275175

25 19 0.275719

26 19 0.275175

27 19 0.273545

28 19 0.270836

29 19 0.267057

30 19 0.262225

31 19 0.256357

32 19 0.249478

33 19 0.241615

34 19 0.232798

35 19 0.223062

36 19 0.212445

37 19 0.200991

38 19 0.188743

39 19 0.17575

40 19 0.162064

41 19 0.147738

42 19 0.132829

43 19 0.117396

44 19 0.101499

45 19 0.085202

46 19 0.0685686

47 19 0.0516647

48 19 0.0345568

49 19 0.0173126

50 19 0

0 20 0

1 20 0.0177088

2 20 0.0353477

3 20 0.0528471

4 20 0.070138

5 20 0.087152

6 20 0.103822

7 20 0.120082

8 20 0.135869

9 20 0.151119

10 20 0.165773

11 20 0.179773

12 20 0.193063

13 20 0.205591

14 20 0.217308

15 20 0.228167

16 20 0.238126

17 20 0.247145

18 20 0.255188

19 20 0.262225

20 20 0.268226

21 20 0.273169

22 20 0.277034

23 20 0.279806

24 20 0.281473

25 20 0.28203

26 20 0.281473

27 20 0.279806

28 20 0.277034

29 20 0.273169

30 20 0.268226

31 20 0.262225

32 20 0.255188

33 20 0.247145

34 20 0.238126

35 20 0.228167

36 20 0.217308

37 20 0.205591

38 20 0.193063

39 20 0.179773

40 20 0.165773

41 20 0.151119

42 20 0.135869

43 20 0.120082

44 20 0.103822

45 20 0.087152

46 20 0.070138

47 20 0.0528471

48 20 0.0353477

49 20 0.0177088

50 20 0

0 21 0

1 21 0.0180352

2 21 0.0359991

3 21 0.053821

4 21 0.0714305

5 21 0.0887581

6 21 0.105735

7 21 0.122295

8 21 0.138373

9 21 0.153904

10 21 0.168828

11 21 0.183086

12 21 0.196621

13 21 0.20938

14 21 0.221312

15 21 0.232372

16 21 0.242514

17 21 0.251699

18 21 0.259891

19 21 0.267057

20 21 0.273169

21 21 0.278204

22 21 0.28214

23 21 0.284962

24 21 0.286661

25 21 0.287227

26 21 0.286661

27 21 0.284962

28 21 0.28214

29 21 0.278204

30 21 0.273169

31 21 0.267057

32 21 0.259891

33 21 0.251699

34 21 0.242514

35 21 0.232372

36 21 0.221312

37 21 0.20938

38 21 0.196621

39 21 0.183086

40 21 0.168828

41 21 0.153904

42 21 0.138373

43 21 0.122295

44 21 0.105735

45 21 0.0887581

46 21 0.0714305

47 21 0.053821

48 21 0.0359991

49 21 0.0180352

50 21 0

0 22 0

1 22 0.0182903

2 22 0.0365085

3 22 0.0545825

4 22 0.0724412

5 22 0.0900139

6 22 0.107231

7 22 0.124026

8 22 0.140331

9 22 0.156082

10 22 0.171217

11 22 0.185676

12 22 0.199403

13 22 0.212342

14 22 0.224444

15 22 0.235659

16 22 0.245945

17 22 0.25526

18 22 0.263568

19 22 0.270836

20 22 0.277034

21 22 0.28214

22 22 0.286132

23 22 0.288994

24 22 0.290716

25 22 0.291291

26 22 0.290716

27 22 0.288994

28 22 0.286132

29 22 0.28214

30 22 0.277034

31 22 0.270836

32 22 0.263568

33 22 0.25526

34 22 0.245945

35 22 0.235659

36 22 0.224444

37 22 0.212342

38 22 0.199403

39 22 0.185676

40 22 0.171217

41 22 0.156082

42 22 0.140331

43 22 0.124026

44 22 0.107231

45 22 0.0900139

46 22 0.0724412

47 22 0.0545825

48 22 0.0365085

49 22 0.0182903

50 22 0

0 23 0

1 23 0.0184733

2 23 0.0368737

3 23 0.0551286

4 23 0.0731659

5 23 0.0909145

6 23 0.108304

7 23 0.125267

8 23 0.141735

9 23 0.157643

10 23 0.17293

11 23 0.187534

12 23 0.201397

13 23 0.214467

14 23 0.226689

15 23 0.238017

16 23 0.248406

17 23 0.257814

18 23 0.266205

19 23 0.273545

20 23 0.279806

21 23 0.284962

22 23 0.288994

23 23 0.291886

24 23 0.293625

25 23 0.294205

26 23 0.293625

27 23 0.291886

28 23 0.288994

29 23 0.284962

30 23 0.279806

31 23 0.273545

32 23 0.266205

33 23 0.257814

34 23 0.248406

35 23 0.238017

36 23 0.226689

37 23 0.214467

38 23 0.201397

39 23 0.187534

40 23 0.17293

41 23 0.157643

42 23 0.141735

43 23 0.125267

44 23 0.108304

45 23 0.0909145

46 23 0.0731659

47 23 0.0551286

48 23 0.0368737

49 23 0.0184733

50 23 0

0 24 0

1 24 0.0185834

2 24 0.0370934

3 24 0.0554571

4 24 0.0736019

5 24 0.0914562

6 24 0.10895

7 24 0.126013

8 24 0.142579

9 24 0.158583

10 24 0.17396

11 24 0.188651

12 24 0.202598

13 24 0.215745

14 24 0.22804

15 24 0.239436

16 24 0.249886

17 24 0.25935

18 24 0.267791

19 24 0.275175

20 24 0.281473

21 24 0.286661

22 24 0.290716

23 24 0.293625

24 24 0.295375

25 24 0.295959

26 24 0.295375

27 24 0.293625

28 24 0.290716

29 24 0.286661

30 24 0.281473

31 24 0.275175

32 24 0.267791

33 24 0.25935

34 24 0.249886

35 24 0.239436

36 24 0.22804

37 24 0.215745

38 24 0.202598

39 24 0.188651

40 24 0.17396

41 24 0.158583

42 24 0.142579

43 24 0.126013

44 24 0.10895

45 24 0.0914562

46 24 0.0736019

47 24 0.0554571

48 24 0.0370934

49 24 0.0185834

50 24 0

0 25 0

1 25 0.0186201

2 25 0.0371668

3 25 0.0555668

4 25 0.0737474

5 25 0.0916371

6 25 0.109165

7 25 0.126262

8 25 0.142861

9 25 0.158896

10 25 0.174304

11 25 0.189024

12 25 0.202998

13 25 0.216171

14 25 0.228491

15 25 0.239909

16 25 0.25038

17 25 0.259863

18 25 0.268321

19 25 0.275719

20 25 0.28203

21 25 0.287227

22 25 0.291291

23 25 0.294205

24 25 0.295959

25 25 0.296544

26 25 0.295959

27 25 0.294205

28 25 0.291291

29 25 0.287227

30 25 0.28203

31 25 0.275719

32 25 0.268321

33 25 0.259863

34 25 0.25038

35 25 0.239909

36 25 0.228491

37 25 0.216171

38 25 0.202998

39 25 0.189024

40 25 0.174304

41 25 0.158896

42 25 0.142861

43 25 0.126262

44 25 0.109165

45 25 0.0916371

46 25 0.0737474

47 25 0.0555668

48 25 0.0371668

49 25 0.0186201

50 25 0

0 26 0

1 26 0.0185834

2 26 0.0370934

3 26 0.0554571

4 26 0.0736019

5 26 0.0914562

6 26 0.10895

7 26 0.126013

8 26 0.142579

9 26 0.158583

10 26 0.17396

11 26 0.188651

12 26 0.202598

13 26 0.215745

14 26 0.22804

15 26 0.239436

16 26 0.249886

17 26 0.25935

18 26 0.267791

19 26 0.275175

20 26 0.281473

21 26 0.286661

22 26 0.290716

23 26 0.293625

24 26 0.295375

25 26 0.295959

26 26 0.295375

27 26 0.293625

28 26 0.290716

29 26 0.286661

30 26 0.281473

31 26 0.275175

32 26 0.267791

33 26 0.25935

34 26 0.249886

35 26 0.239436

36 26 0.22804

37 26 0.215745

38 26 0.202598

39 26 0.188651

40 26 0.17396

41 26 0.158583

42 26 0.142579

43 26 0.126013

44 26 0.10895

45 26 0.0914562

46 26 0.0736019

47 26 0.0554571

48 26 0.0370934

49 26 0.0185834

50 26 0

0 27 0

1 27 0.0184733

2 27 0.0368737

3 27 0.0551286

4 27 0.0731659

5 27 0.0909145

6 27 0.108304

7 27 0.125267

8 27 0.141735

9 27 0.157643

10 27 0.17293

11 27 0.187534

12 27 0.201397

13 27 0.214467

14 27 0.226689

15 27 0.238017

16 27 0.248406

17 27 0.257814

18 27 0.266205

19 27 0.273545

20 27 0.279806

21 27 0.284962

22 27 0.288994

23 27 0.291886

24 27 0.293625

25 27 0.294205

26 27 0.293625

27 27 0.291886

28 27 0.288994

29 27 0.284962

30 27 0.279806

31 27 0.273545

32 27 0.266205

33 27 0.257814

34 27 0.248406

35 27 0.238017

36 27 0.226689

37 27 0.214467

38 27 0.201397

39 27 0.187534

40 27 0.17293

41 27 0.157643

42 27 0.141735

43 27 0.125267

44 27 0.108304

45 27 0.0909145

46 27 0.0731659

47 27 0.0551286

48 27 0.0368737

49 27 0.0184733

50 27 0

0 28 0

1 28 0.0182903

2 28 0.0365085

3 28 0.0545825

4 28 0.0724412

5 28 0.0900139

6 28 0.107231

7 28 0.124026

8 28 0.140331

9 28 0.156082

10 28 0.171217

11 28 0.185676

12 28 0.199403

13 28 0.212342

14 28 0.224444

15 28 0.235659

16 28 0.245945

17 28 0.25526

18 28 0.263568

19 28 0.270836

20 28 0.277034

21 28 0.28214

22 28 0.286132

23 28 0.288994

24 28 0.290716

25 28 0.291291

26 28 0.290716

27 28 0.288994

28 28 0.286132

29 28 0.28214

30 28 0.277034

31 28 0.270836

32 28 0.263568

33 28 0.25526

34 28 0.245945

35 28 0.235659

36 28 0.224444

37 28 0.212342

38 28 0.199403

39 28 0.185676

40 28 0.171217

41 28 0.156082

42 28 0.140331

43 28 0.124026

44 28 0.107231

45 28 0.0900139

46 28 0.0724412

47 28 0.0545825

48 28 0.0365085

49 28 0.0182903

50 28 0

0 29 0

1 29 0.0180352

2 29 0.0359991

3 29 0.053821

4 29 0.0714305

5 29 0.0887581

6 29 0.105735

7 29 0.122295

8 29 0.138373

9 29 0.153904

10 29 0.168828

11 29 0.183086

12 29 0.196621

13 29 0.20938

14 29 0.221312

15 29 0.232372

16 29 0.242514

17 29 0.251699

18 29 0.259891

19 29 0.267057

20 29 0.273169

21 29 0.278204

22 29 0.28214

23 29 0.284962

24 29 0.286661

25 29 0.287227

26 29 0.286661

27 29 0.284962

28 29 0.28214

29 29 0.278204

30 29 0.273169

31 29 0.267057

32 29 0.259891

33 29 0.251699

34 29 0.242514

35 29 0.232372

36 29 0.221312

37 29 0.20938

38 29 0.196621

39 29 0.183086

40 29 0.168828

41 29 0.153904

42 29 0.138373

43 29 0.122295

44 29 0.105735

45 29 0.0887581

46 29 0.0714305

47 29 0.053821

48 29 0.0359991

49 29 0.0180352

50 29 0

0 30 0

1 30 0.0177088

2 30 0.0353477

3 30 0.0528471

4 30 0.070138

5 30 0.087152

6 30 0.103822

7 30 0.120082

8 30 0.135869

9 30 0.151119

10 30 0.165773

11 30 0.179773

12 30 0.193063

13 30 0.205591

14 30 0.217308

15 30 0.228167

16 30 0.238126

17 30 0.247145

18 30 0.255188

19 30 0.262225

20 30 0.268226

21 30 0.273169

22 30 0.277034

23 30 0.279806

24 30 0.281473

25 30 0.28203

26 30 0.281473

27 30 0.279806

28 30 0.277034

29 30 0.273169

30 30 0.268226

31 30 0.262225

32 30 0.255188

33 30 0.247145

34 30 0.238126

35 30 0.228167

36 30 0.217308

37 30 0.205591

38 30 0.193063

39 30 0.179773

40 30 0.165773

41 30 0.151119

42 30 0.135869

43 30 0.120082

44 30 0.103822

45 30 0.087152

46 30 0.070138

47 30 0.0528471

48 30 0.0353477

49 30 0.0177088

50 30 0

0 31 0

1 31 0.0173126

2 31 0.0345568

3 31 0.0516647

4 31 0.0685686

5 31 0.085202

6 31 0.101499

7 31 0.117396

8 31 0.132829

9 31 0.147738

10 31 0.162064

11 31 0.17575

12 31 0.188743

13 31 0.200991

14 31 0.212445

15 31 0.223062

16 31 0.232798

17 31 0.241615

18 31 0.249478

19 31 0.256357

20 31 0.262225

21 31 0.267057

22 31 0.270836

23 31 0.273545

24 31 0.275175

25 31 0.275719

26 31 0.275175

27 31 0.273545

28 31 0.270836

29 31 0.267057

30 31 0.262225

31 31 0.256357

32 31 0.249478

33 31 0.241615

34 31 0.232798

35 31 0.223062

36 31 0.212445

37 31 0.200991

38 31 0.188743

39 31 0.17575

40 31 0.162064

41 31 0.147738

42 31 0.132829

43 31 0.117396

44 31 0.101499

45 31 0.085202

46 31 0.0685686

47 31 0.0516647

48 31 0.0345568

49 31 0.0173126

50 31 0

0 32 0

1 32 0.016848

2 32 0.0336295

3 32 0.0502783

4 32 0.0667287

5 32 0.0829157

6 32 0.0987755

7 32 0.114245

8 32 0.129265

9 32 0.143773

10 32 0.157715

11 32 0.171034

12 32 0.183678

13 32 0.195597

14 32 0.206745

15 32 0.217076

16 32 0.226551

17 32 0.235131

18 32 0.242784

19 32 0.249478

20 32 0.255188

21 32 0.259891

22 32 0.263568

23 32 0.266205

24 32 0.267791

25 32 0.268321

26 32 0.267791

27 32 0.266205

28 32 0.263568

29 32 0.259891

30 32 0.255188

31 32 0.249478

32 32 0.242784

33 32 0.235131

34 32 0.226551

35 32 0.217076

36 32 0.206745

37 32 0.195597

38 32 0.183678

39 32 0.171034

40 32 0.157715

41 32 0.143773

42 32 0.129265

43 32 0.114245

44 32 0.0987755

45 32 0.0829157

46 32 0.0667287

47 32 0.0502783

48 32 0.0336295

49 32 0.016848

50 32 0

0 33 0

1 33 0.0163169

2 33 0.0325695

3 33 0.0486935

4 33 0.0646254

5 33 0.0803022

6 33 0.095662

7 33 0.110644

8 33 0.12519

9 33 0.139242

10 33 0.152744

11 33 0.165643

12 33 0.177889

13 33 0.189432

14 33 0.200228

15 33 0.210234

16 33 0.21941

17 33 0.22772

18 33 0.235131

19 33 0.241615

20 33 0.247145

21 33 0.251699

22 33 0.25526

23 33 0.257814

24 33 0.25935

25 33 0.259863

26 33 0.25935

27 33 0.257814

28 33 0.25526

29 33 0.251699

30 33 0.247145

31 33 0.241615

32 33 0.235131

33 33 0.22772

34 33 0.21941

35 33 0.210234

36 33 0.200228

37 33 0.189432

38 33 0.177889

39 33 0.165643

40 33 0.152744

41 33 0.139242

42 33 0.12519

43 33 0.110644

44 33 0.095662

45 33 0.0803022

46 33 0.0646254

47 33 0.0486935

48 33 0.0325695

49 33 0.0163169

50 33 0

0 34 0

1 34 0.0157215

2 34 0.031381

3 34 0.0469166

4 34 0.062267

5 34 0.0773717

6 34 0.0921711

7 34 0.106607

8 34 0.120622

9 34 0.13416

10 34 0.14717

11 34 0.159598

12 34 0.171397

13 34 0.182519

14 34 0.192921

15 34 0.202562

16 34 0.211403

17 34 0.21941

18 34 0.226551

19 34 0.232798

20 34 0.238126

21 34 0.242514

22 34 0.245945

23 34 0.248406

24 34 0.249886

25 34 0.25038

26 34 0.249886

27 34 0.248406

28 34 0.245945

29 34 0.242514

30 34 0.238126

31 34 0.232798

32 34 0.226551

33 34 0.21941

34 34 0.211403

35 34 0.202562

36 34 0.192921

37 34 0.182519

38 34 0.171397

39 34 0.159598

40 34 0.14717

41 34 0.13416

42 34 0.120622

43 34 0.106607

44 34 0.0921711

45 34 0.0773717

46 34 0.062267

47 34 0.0469166

48 34 0.031381

49 34 0.0157215

50 34 0

0 35 0

1 35 0.015064

2 35 0.0300686

3 35 0.0449545

4 35 0.0596629

5 35 0.0741359

6 35 0.0883164

7 35 0.102148

8 35 0.115577

9 35 0.12855

10 35 0.141015

11 35 0.152924

12 35 0.164229

13 35 0.174886

14 35 0.184853

15 35 0.19409

16 35 0.202562

17 35 0.210234

18 35 0.217076

19 35 0.223062

20 35 0.228167

21 35 0.232372

22 35 0.235659

23 35 0.238017

24 35 0.239436

25 35 0.239909

26 35 0.239436

27 35 0.238017

28 35 0.235659

29 35 0.232372

30 35 0.228167

31 35 0.223062

32 35 0.217076

33 35 0.210234

34 35 0.202562

35 35 0.19409

36 35 0.184853

37 35 0.174886

38 35 0.164229

39 35 0.152924

40 35 0.141015

41 35 0.12855

42 35 0.115577

43 35 0.102148

44 35 0.0883164

45 35 0.0741359

46 35 0.0596629

47 35 0.0449545

48 35 0.0300686

49 35 0.015064

50 35 0

0 36 0

1 36 0.0143471

2 36 0.0286375

3 36 0.0428149

4 36 0.0568234

5 36 0.0706076

6 36 0.0841131

7 36 0.0972867

8 36 0.110076

9 36 0.122432

10 36 0.134304

11 36 0.145646

12 36 0.156413

13 36 0.166563

14 36 0.176055

15 36 0.184853

16 36 0.192921

17 36 0.200228

18 36 0.206745

19 36 0.212445

20 36 0.217308

21 36 0.221312

22 36 0.224444

23 36 0.226689

24 36 0.22804

25 36 0.228491

26 36 0.22804

27 36 0.226689

28 36 0.224444

29 36 0.221312

30 36 0.217308

31 36 0.212445

32 36 0.206745

33 36 0.200228

34 36 0.192921

35 36 0.184853

36 36 0.176055

37 36 0.166563

38 36 0.156413

39 36 0.145646

40 36 0.134304

41 36 0.122432

42 36 0.110076

43 36 0.0972867

44 36 0.0841131

45 36 0.0706076

46 36 0.0568234

47 36 0.0428149

48 36 0.0286375

49 36 0.0143471

50 36 0

0 37 0

1 37 0.0135735

2 37 0.0270934

3 37 0.0405064

4 37 0.0537596

5 37 0.0668005

6 37 0.0795779

7 37 0.0920412

8 37 0.104141

9 37 0.11583

10 37 0.127062

11 37 0.137793

12 37 0.147979

13 37 0.157582

14 37 0.166563

15 37 0.174886

16 37 0.182519

17 37 0.189432

18 37 0.195597

19 37 0.200991

20 37 0.205591

21 37 0.20938

22 37 0.212342

23 37 0.214467

24 37 0.215745

25 37 0.216171

26 37 0.215745

27 37 0.214467

28 37 0.212342

29 37 0.20938

30 37 0.205591

31 37 0.200991

32 37 0.195597

33 37 0.189432

34 37 0.182519

35 37 0.174886

36 37 0.166563

37 37 0.157582

38 37 0.147979

39 37 0.137793

40 37 0.127062

41 37 0.11583

42 37 0.104141

43 37 0.0920412

44 37 0.0795779

45 37 0.0668005

46 37 0.0537596

47 37 0.0405064

48 37 0.0270934

49 37 0.0135735

50 37 0

0 38 0

1 38 0.0127464

2 38 0.0254424

3 38 0.0380381

4 38 0.0504836

5 38 0.0627299

6 38 0.0747286

7 38 0.0864324

8 38 0.0977951

9 38 0.108772

10 38 0.119319

11 38 0.129396

12 38 0.138962

13 38 0.147979

14 38 0.156413

15 38 0.164229

16 38 0.171397

17 38 0.177889

18 38 0.183678

19 38 0.188743

20 38 0.193063

21 38 0.196621

22 38 0.199403

23 38 0.201397

24 38 0.202598

25 38 0.202998

26 38 0.202598

27 38 0.201397

28 38 0.199403

29 38 0.196621

30 38 0.193063

31 38 0.188743

32 38 0.183678

33 38 0.177889

34 38 0.171397

35 38 0.164229

36 38 0.156413

37 38 0.147979

38 38 0.138962

39 38 0.129396

40 38 0.119319

41 38 0.108772

42 38 0.0977951

43 38 0.0864324

44 38 0.0747286

45 38 0.0627299

46 38 0.0504836

47 38 0.0380381

48 38 0.0254424

49 38 0.0127464

50 38 0

0 39 0

1 39 0.0118689

2 39 0.023691

3 39 0.0354196

4 39 0.0470084

5 39 0.0584117

6 39 0.0695844

7 39 0.0804825

8 39 0.0910631

9 39 0.101284

10 39 0.111106

11 39 0.120488

12 39 0.129396

13 39 0.137793

14 39 0.145646

15 39 0.152924

16 39 0.159598

17 39 0.165643

18 39 0.171034

19 39 0.17575

20 39 0.179773

21 39 0.183086

22 39 0.185676

23 39 0.187534

24 39 0.188651

25 39 0.189024

26 39 0.188651

27 39 0.187534

28 39 0.185676

29 39 0.183086

30 39 0.179773

31 39 0.17575

32 39 0.171034

33 39 0.165643

34 39 0.159598

35 39 0.152924

36 39 0.145646

37 39 0.137793

38 39 0.129396

39 39 0.120488

40 39 0.111106

41 39 0.101284

42 39 0.0910631

43 39 0.0804825

44 39 0.0695844

45 39 0.0584117

46 39 0.0470084

47 39 0.0354196

48 39 0.023691

49 39 0.0118689

50 39 0

0 40 0

1 40 0.0109446

2 40 0.0218461

3 40 0.0326613

4 40 0.0433477

5 40 0.0538629

6 40 0.0641656

7 40 0.0742151

8 40 0.0839716

9 40 0.0933968

10 40 0.102453

11 40 0.111106

12 40 0.119319

13 40 0.127062

14 40 0.134304

15 40 0.141015

16 40 0.14717

17 40 0.152744

18 40 0.157715

19 40 0.162064

20 40 0.165773

21 40 0.168828

22 40 0.171217

23 40 0.17293

24 40 0.17396

25 40 0.174304

26 40 0.17396

27 40 0.17293

28 40 0.171217

29 40 0.168828

30 40 0.165773

31 40 0.162064

32 40 0.157715

33 40 0.152744

34 40 0.14717

35 40 0.141015

36 40 0.134304

37 40 0.127062

38 40 0.119319

39 40 0.111106

40 40 0.102453

41 40 0.0933968

42 40 0.0839716

43 40 0.0742151

44 40 0.0641656

45 40 0.0538629

46 40 0.0433477

47 40 0.0326613

48 40 0.0218461

49 40 0.0109446

50 40 0

0 41 0

1 41 0.00997717

2 41 0.019915

3 41 0.0297742

4 41 0.0395158

5 41 0.0491016

6 41 0.0584936

7 41 0.0676547

8 41 0.0765488

9 41 0.0851408

10 41 0.0933968

11 41 0.101284

12 41 0.108772

13 41 0.11583

14 41 0.122432

15 41 0.12855

16 41 0.13416

17 41 0.139242

18 41 0.143773

19 41 0.147738

20 41 0.151119

21 41 0.153904

22 41 0.156082

23 41 0.157643

24 41 0.158583

25 41 0.158896

26 41 0.158583

27 41 0.157643

28 41 0.156082

29 41 0.153904

30 41 0.151119

31 41 0.147738

32 41 0.143773

33 41 0.139242

34 41 0.13416

35 41 0.12855

36 41 0.122432

37 41 0.11583

38 41 0.108772

39 41 0.101284

40 41 0.0933968

41 41 0.0851408

42 41 0.0765488

43 41 0.0676547

44 41 0.0584936

45 41 0.0491016

46 41 0.0395158

47 41 0.0297742

48 41 0.019915

49 41 0.00997717

50 41 0

0 42 0

1 42 0.00897032

2 42 0.0179052

3 42 0.0267695

4 42 0.0355281

5 42 0.0441465

6 42 0.0525907

7 42 0.0608273

8 42 0.0688238

9 42 0.0765488

10 42 0.0839716

11 42 0.0910631

12 42 0.0977951

13 42 0.104141

14 42 0.110076

15 42 0.115577

16 42 0.120622

17 42 0.12519

18 42 0.129265

19 42 0.132829

20 42 0.135869

21 42 0.138373

22 42 0.140331

23 42 0.141735

24 42 0.142579

25 42 0.142861

26 42 0.142579

27 42 0.141735

28 42 0.140331

29 42 0.138373

30 42 0.135869

31 42 0.132829

32 42 0.129265

33 42 0.12519

34 42 0.120622

35 42 0.115577

36 42 0.110076

37 42 0.104141

38 42 0.0977951

39 42 0.0910631

40 42 0.0839716

41 42 0.0765488

42 42 0.0688238

43 42 0.0608273

44 42 0.0525907

45 42 0.0441465

46 42 0.0355281

47 42 0.0267695

48 42 0.0179052

49 42 0.00897032

50 42 0

0 43 0

1 43 0.00792807

2 43 0.0158248

3 43 0.0236592

4 43 0.0314001

5 43 0.0390172

6 43 0.0464802

7 43 0.0537598

8 43 0.0608273

9 43 0.0676547

10 43 0.0742151

11 43 0.0804825

12 43 0.0864324

13 43 0.0920412

14 43 0.0972867

15 43 0.102148

16 43 0.106607

17 43 0.110644

18 43 0.114245

19 43 0.117396

20 43 0.120082

21 43 0.122295

22 43 0.124026

23 43 0.125267

24 43 0.126013

25 43 0.126262

26 43 0.126013

27 43 0.125267

28 43 0.124026

29 43 0.122295

30 43 0.120082

31 43 0.117396

32 43 0.114245

33 43 0.110644

34 43 0.106607

35 43 0.102148

36 43 0.0972867

37 43 0.0920412

38 43 0.0864324

39 43 0.0804825

40 43 0.0742151

41 43 0.0676547

42 43 0.0608273

43 43 0.0537598

44 43 0.0464802

45 43 0.0390172

46 43 0.0314001

47 43 0.0236592

48 43 0.0158248

49 43 0.00792807

50 43 0

0 44 0

1 44 0.00685453

2 44 0.013682

3 44 0.0204555

4 44 0.0271482

5 44 0.0337339

6 44 0.0401863

7 44 0.0464802

8 44 0.0525907

9 44 0.0584936

10 44 0.0641656

11 44 0.0695844

12 44 0.0747286

13 44 0.0795779

14 44 0.0841131

15 44 0.0883164

16 44 0.0921711

17 44 0.095662

18 44 0.0987755

19 44 0.101499

20 44 0.103822

21 44 0.105735

22 44 0.107231

23 44 0.108304

24 44 0.10895

25 44 0.109165

26 44 0.10895

27 44 0.108304

28 44 0.107231

29 44 0.105735

30 44 0.103822

31 44 0.101499

32 44 0.0987755

33 44 0.095662

34 44 0.0921711

35 44 0.0883164

36 44 0.0841131

37 44 0.0795779

38 44 0.0747286

39 44 0.0695844

40 44 0.0641656

41 44 0.0584936

42 44 0.0525907

43 44 0.0464802

44 44 0.0401863

45 44 0.0337339

46 44 0.0271482

47 44 0.0204555

48 44 0.013682

49 44 0.00685453

50 44 0

0 45 0

1 45 0.00575394

2 45 0.0114852

3 45 0.0171711

4 45 0.0227892

5 45 0.0283174

6 45 0.0337339

7 45 0.0390172

8 45 0.0441465

9 45 0.0491016

10 45 0.0538629

11 45 0.0584117

12 45 0.0627299

13 45 0.0668005

14 45 0.0706076

15 45 0.0741359

16 45 0.0773717

17 45 0.0803022

18 45 0.0829157

19 45 0.085202

20 45 0.087152

21 45 0.0887581

22 45 0.0900139

23 45 0.0909145

24 45 0.0914562

25 45 0.0916371

26 45 0.0914562

27 45 0.0909145

28 45 0.0900139

29 45 0.0887581

30 45 0.087152

31 45 0.085202

32 45 0.0829157

33 45 0.0803022

34 45 0.0773717

35 45 0.0741359

36 45 0.0706076

37 45 0.0668005

38 45 0.0627299

39 45 0.0584117

40 45 0.0538629

41 45 0.0491016

42 45 0.0441465

43 45 0.0390172

44 45 0.0337339

45 45 0.0283174

46 45 0.0227892

47 45 0.0171711

48 45 0.0114852

49 45 0.00575394

50 45 0

0 46 0

1 46 0.00463064

2 46 0.009243

3 46 0.0138189

4 46 0.0183402

5 46 0.0227892

6 46 0.0271482

7 46 0.0314001

8 46 0.0355281

9 46 0.0395158

10 46 0.0433477

11 46 0.0470084

12 46 0.0504836

13 46 0.0537596

14 46 0.0568234

15 46 0.0596629

16 46 0.062267

17 46 0.0646254

18 46 0.0667287

19 46 0.0685686

20 46 0.070138

21 46 0.0714305

22 46 0.0724412

23 46 0.0731659

24 46 0.0736019

25 46 0.0737474

26 46 0.0736019

27 46 0.0731659

28 46 0.0724412

29 46 0.0714305

30 46 0.070138

31 46 0.0685686

32 46 0.0667287

33 46 0.0646254

34 46 0.062267

35 46 0.0596629

36 46 0.0568234

37 46 0.0537596

38 46 0.0504836

39 46 0.0470084

40 46 0.0433477

41 46 0.0395158

42 46 0.0355281

43 46 0.0314001

44 46 0.0271482

45 46 0.0227892

46 46 0.0183402

47 46 0.0138189

48 46 0.009243

49 46 0.00463064

50 46 0

0 47 0

1 47 0.00348907

2 47 0.00696436

3 47 0.0104122

4 47 0.0138189

5 47 0.0171711

6 47 0.0204555

7 47 0.0236592

8 47 0.0267695

9 47 0.0297742

10 47 0.0326613

11 47 0.0354196

12 47 0.0380381

13 47 0.0405064

14 47 0.0428149

15 47 0.0449545

16 47 0.0469166

17 47 0.0486935

18 47 0.0502783

19 47 0.0516647

20 47 0.0528471

21 47 0.053821

22 47 0.0545825

23 47 0.0551286

24 47 0.0554571

25 47 0.0555668

26 47 0.0554571

27 47 0.0551286

28 47 0.0545825

29 47 0.053821

30 47 0.0528471

31 47 0.0516647

32 47 0.0502783

33 47 0.0486935

34 47 0.0469166

35 47 0.0449545

36 47 0.0428149

37 47 0.0405064

38 47 0.0380381

39 47 0.0354196

40 47 0.0326613

41 47 0.0297742

42 47 0.0267695

43 47 0.0236592

44 47 0.0204555

45 47 0.0171711

46 47 0.0138189

47 47 0.0104122

48 47 0.00696436

49 47 0.00348907

50 47 0

0 48 0

1 48 0.00233372

2 48 0.00465823

3 48 0.00696436

4 48 0.009243

5 48 0.0114852

6 48 0.013682

7 48 0.0158248

8 48 0.0179052

9 48 0.019915

10 48 0.0218461

11 48 0.023691

12 48 0.0254424

13 48 0.0270934

14 48 0.0286375

15 48 0.0300686

16 48 0.031381

17 48 0.0325695

18 48 0.0336295

19 48 0.0345568

20 48 0.0353477

21 48 0.0359991

22 48 0.0365085

23 48 0.0368737

24 48 0.0370934

25 48 0.0371668

26 48 0.0370934

27 48 0.0368737

28 48 0.0365085

29 48 0.0359991

30 48 0.0353477

31 48 0.0345568

32 48 0.0336295

33 48 0.0325695

34 48 0.031381

35 48 0.0300686

36 48 0.0286375

37 48 0.0270934

38 48 0.0254424

39 48 0.023691

40 48 0.0218461

41 48 0.019915

42 48 0.0179052

43 48 0.0158248

44 48 0.013682

45 48 0.0114852

46 48 0.009243

47 48 0.00696436

48 48 0.00465823

49 48 0.00233372

50 48 0

0 49 0

1 49 0.00116917

2 49 0.00233372

3 49 0.00348907

4 49 0.00463064

5 49 0.00575394

6 49 0.00685453

7 49 0.00792807

8 49 0.00897032

9 49 0.00997717

10 49 0.0109446

11 49 0.0118689

12 49 0.0127464

13 49 0.0135735

14 49 0.0143471

15 49 0.015064

16 49 0.0157215

17 49 0.0163169

18 49 0.016848

19 49 0.0173126

20 49 0.0177088

21 49 0.0180352

22 49 0.0182903

23 49 0.0184733

24 49 0.0185834

25 49 0.0186201

26 49 0.0185834

27 49 0.0184733

28 49 0.0182903

29 49 0.0180352

30 49 0.0177088

31 49 0.0173126

32 49 0.016848

33 49 0.0163169

34 49 0.0157215

35 49 0.015064

36 49 0.0143471

37 49 0.0135735

38 49 0.0127464

39 49 0.0118689

40 49 0.0109446

41 49 0.00997717

42 49 0.00897032

43 49 0.00792807

44 49 0.00685453

45 49 0.00575394

46 49 0.00463064

47 49 0.00348907

48 49 0.00233372

49 49 0.00116917

50 49 0

