0 1 0

1 1 0.00382011

2 1 0.00762515

3 1 0.0114001

4 1 0.01513

5 1 0.0188003

6 1 0.0223963

7 1 0.025904

8 1 0.0293094

9 1 0.0325992

10 1 0.0357603

11 1 0.0387802

12 1 0.0416472

13 1 0.0443497

14 1 0.0468773

15 1 0.0492198

16 1 0.0513681

17 1 0.0533136

18 1 0.0550488

19 1 0.0565667

20 1 0.0578613

21 1 0.0589276

22 1 0.0597614

23 1 0.0603593

24 1 0.060719

25 1 0.060839

26 1 0.060719

27 1 0.0603593

28 1 0.0597614

29 1 0.0589276

30 1 0.0578613

31 1 0.0565667

32 1 0.0550488

33 1 0.0533136

34 1 0.0513681

35 1 0.0492198

36 1 0.0468773

37 1 0.0443497

38 1 0.0416472

39 1 0.0387802

40 1 0.0357603

41 1 0.0325992

42 1 0.0293094

43 1 0.025904

44 1 0.0223963

45 1 0.0188003

46 1 0.01513

47 1 0.0114001

48 1 0.00762515

49 1 0.00382011

50 1 0

0 2 0

1 2 0.00762515

2 2 0.0152202

3 2 0.0227552

4 2 0.0302004

5 2 0.0375264

6 2 0.0447043

7 2 0.0517057

8 2 0.0585032

9 2 0.0650697

10 2 0.0713794

11 2 0.0774074

12 2 0.08313

13 2 0.0885244

14 2 0.0935695

15 2 0.0982453

16 2 0.102533

17 2 0.106417

18 2 0.10988

19 2 0.11291

20 2 0.115494

21 2 0.117623

22 2 0.119287

23 2 0.12048

24 2 0.121198

25 2 0.121438

26 2 0.121198

27 2 0.12048

28 2 0.119287

29 2 0.117623

30 2 0.115494

31 2 0.11291

32 2 0.10988

33 2 0.106417

34 2 0.102533

35 2 0.0982453

36 2 0.0935695

37 2 0.0885244

38 2 0.08313

39 2 0.0774074

40 2 0.0713794

41 2 0.0650697

42 2 0.0585032

43 2 0.0517057

44 2 0.0447043

45 2 0.0375264

46 2 0.0302004

47 2 0.0227552

48 2 0.0152202

49 2 0.00762515

50 2 0

0 3 0

1 3 0.0114001

2 3 0.0227552

3 3 0.0340205

4 3 0.0451515

5 3 0.0561044

6 3 0.0668358

7 3 0.0773034

8 3 0.087466

9 3 0.0972834

10 3 0.106717

11 3 0.115729

12 3 0.124285

13 3 0.13235

14 3 0.139892

15 3 0.146883

16 3 0.153294

17 3 0.1591

18 3 0.164278

19 3 0.168808

20 3 0.172671

21 3 0.175854

22 3 0.178342

23 3 0.180126

24 3 0.181199

25 3 0.181558

26 3 0.181199

27 3 0.180126

28 3 0.178342

29 3 0.175854

30 3 0.172671

31 3 0.168808

32 3 0.164278

33 3 0.1591

34 3 0.153294

35 3 0.146883

36 3 0.139892

37 3 0.13235

38 3 0.124285

39 3 0.115729

40 3 0.106717

41 3 0.0972834

42 3 0.087466

43 3 0.0773034

44 3 0.0668358

45 3 0.0561044

46 3 0.0451515

47 3 0.0340205

48 3 0.0227552

49 3 0.0114001

50 3 0

0 4 0

1 4 0.01513

2 4 0.0302004

3 4 0.0451515

4 4 0.0599245

5 4 0.0744609

6 4 0.0887035

7 4 0.102596

8 4 0.116084

9 4 0.129113

10 4 0.141633

11 4 0.153594

12 4 0.164949

13 4 0.175653

14 4 0.185663

15 4 0.194941

16 4 0.20345

17 4 0.211155

18 4 0.218028

19 4 0.22404

20 4 0.229167

21 4 0.23339

22 4 0.236693

23 4 0.239061

24 4 0.240485

25 4 0.240961

26 4 0.240485

27 4 0.239061

28 4 0.236693

29 4 0.23339

30 4 0.229167

31 4 0.22404

32 4 0.218028

33 4 0.211155

34 4 0.20345

35 4 0.194941

36 4 0.185663

37 4 0.175653

38 4 0.164949

39 4 0.153594

40 4 0.141633

41 4 0.129113

42 4 0.116084

43 4 0.102596

44 4 0.0887035

45 4 0.0744609

46 4 0.0599245

47 4 0.0451515

48 4 0.0302004

49 4 0.01513

50 4 0

0 5 0

1 5 0.0188003

2 5 0.0375264

3 5 0.0561044

4 5 0.0744609

5 5 0.0925236

6 5 0.110221

7 5 0.127484

8 5 0.144243

9 5 0.160433

10 5 0.17599

11 5 0.190853

12 5 0.204962

13 5 0.218263

14 5 0.230702

15 5 0.24223

16 5 0.252803

17 5 0.262377

18 5 0.270917

19 5 0.278387

20 5 0.284759

21 5 0.290006

22 5 0.294109

23 5 0.297052

24 5 0.298822

25 5 0.299413

26 5 0.298822

27 5 0.297052

28 5 0.294109

29 5 0.290006

30 5 0.284759

31 5 0.278387

32 5 0.270917

33 5 0.262377

34 5 0.252803

35 5 0.24223

36 5 0.230702

37 5 0.218263

38 5 0.204962

39 5 0.190853

40 5 0.17599

41 5 0.160433

42 5 0.144243

43 5 0.127484

44 5 0.110221

45 5 0.0925236

46 5 0.0744609

47 5 0.0561044

48 5 0.0375264

49 5 0.0188003

50 5 0

0 6 0

1 6 0.0223963

2 6 0.0447043

3 6 0.0668358

4 6 0.0887035

5 6 0.110221

6 6 0.131304

7 6 0.151868

8 6 0.171834

9 6 0.19112

10 6 0.209653

11 6 0.227359

12 6 0.244167

13 6 0.260011

14 6 0.274829

15 6 0.288563

16 6 0.301158

17 6 0.312564

18 6 0.322737

19 6 0.331636

20 6 0.339226

21 6 0.345477

22 6 0.350365

23 6 0.353871

24 6 0.355979

25 6 0.356683

26 6 0.355979

27 6 0.353871

28 6 0.350365

29 6 0.345477

30 6 0.339226

31 6 0.331636

32 6 0.322737

33 6 0.312564

34 6 0.301158

35 6 0.288563

36 6 0.274829

37 6 0.260011

38 6 0.244167

39 6 0.227359

40 6 0.209653

41 6 0.19112

42 6 0.171834

43 6 0.151868

44 6 0.131304

45 6 0.110221

46 6 0.0887035

47 6 0.0668358

48 6 0.0447043

49 6 0.0223963

50 6 0

0 7 0

1 7 0.025904

2 7 0.0517057

3 7 0.0773034

4 7 0.102596

5 7 0.127484

6 7 0.151868

7 7 0.175654

8 7 0.198746

9 7 0.221053

10 7 0.242489

11 7 0.262967

12 7 0.282407

13 7 0.300733

14 7 0.317872

15 7 0.333757

16 7 0.348324

17 7 0.361517

18 7 0.373283

19 7 0.383576

20 7 0.392355

21 7 0.399585

22 7 0.405239

23 7 0.409293

24 7 0.411732

25 7 0.412546

26 7 0.411732

27 7 0.409293

28 7 0.405239

29 7 0.399585

30 7 0.392355

31 7 0.383576

32 7 0.373283

33 7 0.361517

34 7 0.348324

35 7 0.333757

36 7 0.317872

37 7 0.300733

38 7 0.282407

39 7 0.262967

40 7 0.242489

41 7 0.221053

42 7 0.198746

43 7 0.175654

44 7 0.151868

45 7 0.127484

46 7 0.102596

47 7 0.0773034

48 7 0.0517057

49 7 0.025904

50 7 0

0 8 0

1 8 0.0293094

2 8 0.0585032

3 8 0.087466

4 8 0.116084

5 8 0.144243

6 8 0.171834

7 8 0.198746

8 8 0.224873

9 8 0.250114

10 8 0.274367

11 8 0.297537

12 8 0.319533

13 8 0.340269

14 8 0.359661

15 8 0.377634

16 8 0.394116

17 8 0.409043

18 8 0.422356

19 8 0.434002

20 8 0.443935

21 8 0.452116

22 8 0.458513

23 8 0.4631

24 8 0.46586

25 8 0.466781

26 8 0.46586

27 8 0.4631

28 8 0.458513

29 8 0.452116

30 8 0.443935

31 8 0.434002

32 8 0.422356

33 8 0.409043

34 8 0.394116

35 8 0.377634

36 8 0.359661

37 8 0.340269

38 8 0.319533

39 8 0.297537

40 8 0.274367

41 8 0.250114

42 8 0.224873

43 8 0.198746

44 8 0.171834

45 8 0.144243

46 8 0.116084

47 8 0.087466

48 8 0.0585032

49 8 0.0293094

50 8 0

0 9 0

1 9 0.0325992

2 9 0.0650697

3 9 0.0972834

4 9 0.129113

5 9 0.160433

6 9 0.19112

7 9 0.221053

8 9 0.250114

9 9 0.278187

10 9 0.305162

11 9 0.330934

12 9 0.355399

13 9 0.378461

14 9 0.40003

15 9 0.42002

16 9 0.438353

17 9 0.454955

18 9 0.469762

19 9 0.482715

20 9 0.493763

21 9 0.502863

22 9 0.509977

23 9 0.51508

24 9 0.518149

25 9 0.519173

26 9 0.518149

27 9 0.51508

28 9 0.509977

29 9 0.502863

30 9 0.493763

31 9 0.482715

32 9 0.469762

33 9 0.454955

34 9 0.438353

35 9 0.42002

36 9 0.40003

37 9 0.378461

38 9 0.355399

39 9 0.330934

40 9 0.305162

41 9 0.278187

42 9 0.250114

43 9 0.221053

44 9 0.19112

45 9 0.160433

46 9 0.129113

47 9 0.0972834

48 9 0.0650697

49 9 0.0325992

50 9 0

0 10 0

1 10 0.0357603

2 10 0.0713794

3 10 0.106717

4 10 0.141633

5 10 0.17599

6 10 0.209653

7 10 0.242489

8 10 0.274367

9 10 0.305162

10 10 0.334754

11 10 0.363024

12 10 0.389861

13 10 0.41516

14 10 0.43882

15 10 0.460749

16 10 0.480859

17 10 0.499072

18 10 0.515314

19 10 0.529524

20 10 0.541643

21 10 0.551625

22 10 0.559429

23 10 0.565026

24 10 0.568393

25 10 0.569517

26 10 0.568393

27 10 0.565026

28 10 0.559429

29 10 0.551625

30 10 0.541643

31 10 0.529524

32 10 0.515314

33 10 0.499072

34 10 0.480859

35 10 0.460749

36 10 0.43882

37 10 0.41516

38 10 0.389861

39 10 0.363024

40 10 0.334754

41 10 0.305162

42 10 0.274367

43 10 0.242489

44 10 0.209653

45 10 0.17599

46 10 0.141633

47 10 0.106717

48 10 0.0713794

49 10 0.0357603

50 10 0

0 11 0

1 11 0.0387802

2 11 0.0774074

3 11 0.115729

4 11 0.153594

5 11 0.190853

6 11 0.227359

7 11 0.262967

8 11 0.297537

9 11 0.330934

10 11 0.363024

11 11 0.393681

12 11 0.422785

13 11 0.45022

14 11 0.475879

15 11 0.499659

16 11 0.521468

17 11 0.541218

18 11 0.558833

19 11 0.574242

20 11 0.587385

21 11 0.59821

22 11 0.606673

23 11 0.612743

24 11 0.616394

25 11 0.617613

26 11 0.616394

27 11 0.612743

28 11 0.606673

29 11 0.59821

30 11 0.587385

31 11 0.574242

32 11 0.558833

33 11 0.541218

34 11 0.521468

35 11 0.499659

36 11 0.475879

37 11 0.45022

38 11 0.422785

39 11 0.393681

40 11 0.363024

41 11 0.330934

42 11 0.297537

43 11 0.262967

44 11 0.227359

45 11 0.190853

46 11 0.153594

47 11 0.115729

48 11 0.0774074

49 11 0.0387802

50 11 0

0 12 0

1 12 0.0416472

2 12 0.08313

3 12 0.124285

4 12 0.164949

5 12 0.204962

6 12 0.244167

7 12 0.282407

8 12 0.319533

9 12 0.355399

10 12 0.389861

11 12 0.422785

12 12 0.454041

13 12 0.483504

14 12 0.51106

15 12 0.536598

16 12 0.560019

17 12 0.581229

18 12 0.600146

19 12 0.616694

20 12 0.630809

21 12 0.642434

22 12 0.651523

23 12 0.658041

24 12 0.661963

25 12 0.663272

26 12 0.661963

27 12 0.658041

28 12 0.651523

29 12 0.642434

30 12 0.630809

31 12 0.616694

32 12 0.600146

33 12 0.581229

34 12 0.560019

35 12 0.536598

36 12 0.51106

37 12 0.483504

38 12 0.454041

39 12 0.422785

40 12 0.389861

41 12 0.355399

42 12 0.319533

43 12 0.282407

44 12 0.244167

45 12 0.204962

46 12 0.164949

47 12 0.124285

48 12 0.08313

49 12 0.0416472

50 12 0

0 13 0

1 13 0.0443497

2 13 0.0885244

3 13 0.13235

4 13 0.175653

5 13 0.218263

6 13 0.260011

7 13 0.300733

8 13 0.340269

9 13 0.378461

10 13 0.41516

11 13 0.45022

12 13 0.483504

13 13 0.51488

14 13 0.544223

15 13 0.571419

16 13 0.596359

17 13 0.618946

18 13 0.639091

19 13 0.656713

20 13 0.671743

21 13 0.684122

22 13 0.693802

23 13 0.700743

24 13 0.704919

25 13 0.706312

26 13 0.704919

27 13 0.700743

28 13 0.693802

29 13 0.684122

30 13 0.671743

31 13 0.656713

32 13 0.639091

33 13 0.618946

34 13 0.596359

35 13 0.571419

36 13 0.544223

37 13 0.51488

38 13 0.483504

39 13 0.45022

40 13 0.41516

41 13 0.378461

42 13 0.340269

43 13 0.300733

44 13 0.260011

45 13 0.218263

46 13 0.175653

47 13 0.13235

48 13 0.0885244

49 13 0.0443497

50 13 0

0 14 0

1 14 0.0468773

2 14 0.0935695

3 14 0.139892

4 14 0.185663

5 14 0.230702

6 14 0.274829

7 14 0.317872

8 14 0.359661

9 14 0.40003

10 14 0.43882

11 14 0.475879

12 14 0.51106

13 14 0.544223

14 14 0.575239

15 14 0.603984

16 14 0.630346

17 14 0.654221

18 14 0.675513

19 14 0.694139

20 14 0.710026

21 14 0.723111

22 14 0.733342

23 14 0.740679

24 14 0.745093

25 14 0.746566

26 14 0.745093

27 14 0.740679

28 14 0.733342

29 14 0.723111

30 14 0.710026

31 14 0.694139

32 14 0.675513

33 14 0.654221

34 14 0.630346

35 14 0.603984

36 14 0.575239

37 14 0.544223

38 14 0.51106

39 14 0.475879

40 14 0.43882

41 14 0.40003

42 14 0.359661

43 14 0.317872

44 14 0.274829

45 14 0.230702

46 14 0.185663

47 14 0.139892

48 14 0.0935695

49 14 0.0468773

50 14 0

0 15 0

1 15 0.0492198

2 15 0.0982453

3 15 0.146883

4 15 0.194941

5 15 0.24223

6 15 0.288563

7 15 0.333757

8 15 0.377634

9 15 0.42002

10 15 0.460749

11 15 0.499659

12 15 0.536598

13 15 0.571419

14 15 0.603984

15 15 0.634167

16 15 0.661846

17 15 0.686913

18 15 0.709269

19 15 0.728827

20 15 0.745507

21 15 0.759246

22 15 0.769988

23 15 0.777692

24 15 0.782326

25 15 0.783873

26 15 0.782326

27 15 0.777692

28 15 0.769988

29 15 0.759246

30 15 0.745507

31 15 0.728827

32 15 0.709269

33 15 0.686913

34 15 0.661846

35 15 0.634167

36 15 0.603984

37 15 0.571419

38 15 0.536598

39 15 0.499659

40 15 0.460749

41 15 0.42002

42 15 0.377634

43 15 0.333757

44 15 0.288563

45 15 0.24223

46 15 0.194941

47 15 0.146883

48 15 0.0982453

49 15 0.0492198

50 15 0

0 16 0

1 16 0.0513681

2 16 0.102533

3 16 0.153294

4 16 0.20345

5 16 0.252803

6 16 0.301158

7 16 0.348324

8 16 0.394116

9 16 0.438353

10 16 0.480859

11 16 0.521468

12 16 0.560019

13 16 0.596359

14 16 0.630346

15 16 0.661846

16 16 0.690733

17 16 0.716895

18 16 0.740227

19 16 0.760637

20 16 0.778046

21 16 0.792385

22 16 0.803596

23 16 0.811636

24 16 0.816472

25 16 0.818086

26 16 0.816472

27 16 0.811636

28 16 0.803596

29 16 0.792385

30 16 0.778046

31 16 0.760637

32 16 0.740227

33 16 0.716895

34 16 0.690733

35 16 0.661846

36 16 0.630346

37 16 0.596359

38 16 0.560019

39 16 0.521468

40 16 0.480859

41 16 0.438353

42 16 0.394116

43 16 0.348324

44 16 0.301158

45 16 0.252803

46 16 0.20345

47 16 0.153294

48 16 0.102533

49 16 0.0513681

50 16 0

0 17 0

1 17 0.0533136

2 17 0.106417

3 17 0.1591

4 17 0.211155

5 17 0.262377

6 17 0.312564

7 17 0.361517

8 17 0.409043

9 17 0.454955

10 17 0.499072

11 17 0.541218

12 17 0.581229

13 17 0.618946

14 17 0.654221

15 17 0.686913

16 17 0.716895

17 17 0.744047

18 17 0.768263

19 17 0.789446

20 17 0.807515

21 17 0.822396

22 17 0.834032

23 17 0.842376

24 17 0.847396

25 17 0.849071

26 17 0.847396

27 17 0.842376

28 17 0.834032

29 17 0.822396

30 17 0.807515

31 17 0.789446

32 17 0.768263

33 17 0.744047

34 17 0.716895

35 17 0.686913

36 17 0.654221

37 17 0.618946

38 17 0.581229

39 17 0.541218

40 17 0.499072

41 17 0.454955

42 17 0.409043

43 17 0.361517

44 17 0.312564

45 17 0.262377

46 17 0.211155

47 17 0.1591

48 17 0.106417

49 17 0.0533136

50 17 0

0 18 0

1 18 0.0550488

2 18 0.10988

3 18 0.164278

4 18 0.218028

5 18 0.270917

6 18 0.322737

7 18 0.373283

8 18 0.422356

9 18 0.469762

10 18 0.515314

11 18 0.558833

12 18 0.600146

13 18 0.639091

14 18 0.675513

15 18 0.709269

16 18 0.740227

17 18 0.768263

18 18 0.793267

19 18 0.81514

20 18 0.833796

21 18 0.849162

22 18 0.861176

23 18 0.869792

24 18 0.874975

25 18 0.876705

26 18 0.874975

27 18 0.869792

28 18 0.861176

29 18 0.849162

30 18 0.833796

31 18 0.81514

32 18 0.793267

33 18 0.768263

34 18 0.740227

35 18 0.709269

36 18 0.675513

37 18 0.639091

38 18 0.600146

39 18 0.558833

40 18 0.515314

41 18 0.469762

42 18 0.422356

43 18 0.373283

44 18 0.322737

45 18 0.270917

46 18 0.218028

47 18 0.164278

48 18 0.10988

49 18 0.0550488

50 18 0

0 19 0

1 19 0.0565667

2 19 0.11291

3 19 0.168808

4 19 0.22404

5 19 0.278387

6 19 0.331636

7 19 0.383576

8 19 0.434002

9 19 0.482715

10 19 0.529524

11 19 0.574242

12 19 0.616694

13 19 0.656713

14 19 0.694139

15 19 0.728827

16 19 0.760637

17 19 0.789446

18 19 0.81514

19 19 0.837616

20 19 0.856787

21 19 0.872576

22 19 0.884922

23 19 0.893776

24 19 0.899102

25 19 0.900879

26 19 0.899102

27 19 0.893776

28 19 0.884922

29 19 0.872576

30 19 0.856787

31 19 0.837616

32 19 0.81514

33 19 0.789446

34 19 0.760637

35 19 0.728827

36 19 0.694139

37 19 0.656713

38 19 0.616694

39 19 0.574242

40 19 0.529524

41 19 0.482715

42 19 0.434002

43 19 0.383576

44 19 0.331636

45 19 0.278387

46 19 0.22404

47 19 0.168808

48 19 0.11291

49 19 0.0565667

50 19 0

0 20 0

1 20 0.0578613

2 20 0.115494

3 20 0.172671

4 20 0.229167

5 20 0.284759

6 20 0.339226

7 20 0.392355

8 20 0.443935

9 20 0.493763

10 20 0.541643

11 20 0.587385

12 20 0.630809

13 20 0.671743

14 20 0.710026

15 20 0.745507

16 20 0.778046

17 20 0.807515

18 20 0.833796

19 20 0.856787

20 20 0.876397

21 20 0.892547

22 20 0.905176

23 20 0.914232

24 20 0.91968

25 20 0.921498

26 20 0.91968

27 20 0.914232

28 20 0.905176

29 20 0.892547

30 20 0.876397

31 20 0.856787

32 20 0.833796

33 20 0.807515

34 20 0.778046

35 20 0.745507

36 20 0.710026

37 20 0.671743

38 20 0.630809

39 20 0.587385

40 20 0.541643

41 20 0.493763

42 20 0.443935

43 20 0.392355

44 20 0.339226

45 20 0.284759

46 20 0.229167

47 20 0.172671

48 20 0.115494

49 20 0.0578613

50 20 0

0 21 0

1 21 0.0589276

2 21 0.117623

3 21 0.175854

4 21 0.23339

5 21 0.290006

6 21 0.345477

7 21 0.399585

8 21 0.452116

9 21 0.502863

10 21 0.551625

11 21 0.59821

12 21 0.642434

13 21 0.684122

14 21 0.723111

15 21 0.759246

16 21 0.792385

17 21 0.822396

18 21 0.849162

19 21 0.872576

20 21 0.892547

21 21 0.908996

22 21 0.921857

23 21 0.93108

24 21 0.936628

25 21 0.93848

26 21 0.936628

27 21 0.93108

28 21 0.921857

29 21 0.908996

30 21 0.892547

31 21 0.872576

32 21 0.849162

33 21 0.822396

34 21 0.792385

35 21 0.759246

36 21 0.723111

37 21 0.684122

38 21 0.642434

39 21 0.59821

40 21 0.551625

41 21 0.502863

42 21 0.452116

43 21 0.399585

44 21 0.345477

45 21 0.290006

46 21 0.23339

47 21 0.175854

48 21 0.117623

49 21 0.0589276

50 21 0

0 22 0

1 22 0.0597614

2 22 0.119287

3 22 0.178342

4 22 0.236693

5 22 0.294109

6 22 0.350365

7 22 0.405239

8 22 0.458513

9 22 0.509977

10 22 0.559429

11 22 0.606673

12 22 0.651523

13 22 0.693802

14 22 0.733342

15 22 0.769988

16 22 0.803596

17 22 0.834032

18 22 0.861176

19 22 0.884922

20 22 0.905176

21 22 0.921857

22 22 0.9349

23 22 0.944253

24 22 0.94988

25 22 0.951758

26 22 0.94988

27 22 0.944253

28 22 0.9349

29 22 0.921857

30 22 0.905176

31 22 0.884922

32 22 0.861176

33 22 0.834032

34 22 0.803596

35 22 0.769988

36 22 0.733342

37 22 0.693802

38 22 0.651523

39 22 0.606673

40 22 0.559429

41 22 0.509977

42 22 0.458513

43 22 0.405239

44 22 0.350365

45 22 0.294109

46 22 0.236693

47 22 0.178342

48 22 0.119287

49 22 0.0597614

50 22 0

0 23 0

1 23 0.0603593

2 23 0.12048

3 23 0.180126

4 23 0.239061

5 23 0.297052

6 23 0.353871

7 23 0.409293

8 23 0.4631

9 23 0.51508

10 23 0.565026

11 23 0.612743

12 23 0.658041

13 23 0.700743

14 23 0.740679

15 23 0.777692

16 23 0.811636

17 23 0.842376

18 23 0.869792

19 23 0.893776

20 23 0.914232

21 23 0.93108

22 23 0.944253

23 23 0.9537

24 23 0.959383

25 23 0.96128

26 23 0.959383

27 23 0.9537

28 23 0.944253

29 23 0.93108

30 23 0.914232

31 23 0.893776

32 23 0.869792

33 23 0.842376

34 23 0.811636

35 23 0.777692

36 23 0.740679

37 23 0.700743

38 23 0.658041

39 23 0.612743

40 23 0.565026

41 23 0.51508

42 23 0.4631

43 23 0.409293

44 23 0.353871

45 23 0.297052

46 23 0.239061

47 23 0.180126

48 23 0.12048

49 23 0.0603593

50 23 0

0 24 0

1 24 0.060719

2 24 0.121198

3 24 0.181199

4 24 0.240485

5 24 0.298822

6 24 0.355979

7 24 0.411732

8 24 0.46586

9 24 0.518149

10 24 0.568393

11 24 0.616394

12 24 0.661963

13 24 0.704919

14 24 0.745093

15 24 0.782326

16 24 0.816472

17 24 0.847396

18 24 0.874975

19 24 0.899102

20 24 0.91968

21 24 0.936628

22 24 0.94988

23 24 0.959383

24 24 0.9651

25 24 0.967008

26 24 0.9651

27 24 0.959383

28 24 0.94988

29 24 0.936628

30 24 0.91968

31 24 0.899102

32 24 0.874975

33 24 0.847396

34 24 0.816472

35 24 0.782326

36 24 0.745093

37 24 0.704919

38 24 0.661963

39 24 0.616394

40 24 0.568393

41 24 0.518149

42 24 0.46586

43 24 0.411732

44 24 0.355979

45 24 0.298822

46 24 0.240485

47 24 0.181199

48 24 0.121198

49 24 0.060719

50 24 0

0 25 0

1 25 0.060839

2 25 0.121438

3 25 0.181558

4 25 0.240961

5 25 0.299413

6 25 0.356683

7 25 0.412546

8 25 0.466781

9 25 0.519173

10 25 0.569517

11 25 0.617613

12 25 0.663272

13 25 0.706312

14 25 0.746566

15 25 0.783873

16 25 0.818086

17 25 0.849071

18 25 0.876705

19 25 0.900879

20 25 0.921498

21 25 0.93848

22 25 0.951758

23 25 0.96128

24 25 0.967008

25 25 0.96892

26 25 0.967008

27 25 0.96128

28 25 0.951758

29 25 0.93848

30 25 0.921498

31 25 0.900879

32 25 0.876705

33 25 0.849071

34 25 0.818086

35 25 0.783873

36 25 0.746566

37 25 0.706312

38 25 0.663272

39 25 0.617613

40 25 0.569517

41 25 0.519173

42 25 0.466781

43 25 0.412546

44 25 0.356683

45 25 0.299413

46 25 0.240961

47 25 0.181558

48 25 0.121438

49 25 0.060839

50 25 0

0 26 0

1 26 0.060719

2 26 0.121198

3 26 0.181199

4 26 0.240485

5 26 0.298822

6 26 0.355979

7 26 0.411732

8 26 0.46586

9 26 0.518149

10 26 0.568393

11 26 0.616394

12 26 0.661963

13 26 0.704919

14 26 0.745093

15 26 0.782326

16 26 0.816472

17 26 0.847396

18 26 0.874975

19 26 0.899102

20 26 0.91968

21 26 0.936628

22 26 0.94988

23 26 0.959383

24 26 0.9651

25 26 0.967008

26 26 0.9651

27 26 0.959383

28 26 0.94988

29 26 0.936628

30 26 0.91968

31 26 0.899102

32 26 0.874975

33 26 0.847396

34 26 0.816472

35 26 0.782326

36 26 0.745093

37 26 0.704919

38 26 0.661963

39 26 0.616394

40 26 0.568393

41 26 0.518149

42 26 0.46586

43 26 0.411732

44 26 0.355979

45 26 0.298822

46 26 0.240485

47 26 0.181199

48 26 0.121198

49 26 0.060719

50 26 0

0 27 0

1 27 0.0603593

2 27 0.12048

3 27 0.180126

4 27 0.239061

5 27 0.297052

6 27 0.353871

7 27 0.409293

8 27 0.4631

9 27 0.51508

10 27 0.565026

11 27 0.612743

12 27 0.658041

13 27 0.700743

14 27 0.740679

15 27 0.777692

16 27 0.811636

17 27 0.842376

18 27 0.869792

19 27 0.893776

20 27 0.914232

21 27 0.93108

22 27 0.944253

23 27 0.9537

24 27 0.959383

25 27 0.96128

26 27 0.959383

27 27 0.9537

28 27 0.944253

29 27 0.93108

30 27 0.914232

31 27 0.893776

32 27 0.869792

33 27 0.842376

34 27 0.811636

35 27 0.777692

36 27 0.740679

37 27 0.700743

38 27 0.658041

39 27 0.612743

40 27 0.565026

41 27 0.51508

42 27 0.4631

43 27 0.409293

44 27 0.353871

45 27 0.297052

46 27 0.239061

47 27 0.180126

48 27 0.12048

49 27 0.0603593

50 27 0

0 28 0

1 28 0.0597614

2 28 0.119287

3 28 0.178342

4 28 0.236693

5 28 0.294109

6 28 0.350365

7 28 0.405239

8 28 0.458513

9 28 0.509977

10 28 0.559429

11 28 0.606673

12 28 0.651523

13 28 0.693802

14 28 0.733342

15 28 0.769988

16 28 0.803596

17 28 0.834032

18 28 0.861176

19 28 0.884922

20 28 0.905176

21 28 0.921857

22 28 0.9349

23 28 0.944253

24 28 0.94988

25 28 0.951758

26 28 0.94988

27 28 0.944253

28 28 0.9349

29 28 0.921857

30 28 0.905176

31 28 0.884922

32 28 0.861176

33 28 0.834032

34 28 0.803596

35 28 0.769988

36 28 0.733342

37 28 0.693802

38 28 0.651523

39 28 0.606673

40 28 0.559429

41 28 0.509977

42 28 0.458513

43 28 0.405239

44 28 0.350365

45 28 0.294109

46 28 0.236693

47 28 0.178342

48 28 0.119287

49 28 0.0597614

50 28 0

0 29 0

1 29 0.0589276

2 29 0.117623

3 29 0.175854

4 29 0.23339

5 29 0.290006

6 29 0.345477

7 29 0.399585

8 29 0.452116

9 29 0.502863

10 29 0.551625

11 29 0.59821

12 29 0.642434

13 29 0.684122

14 29 0.723111

15 29 0.759246

16 29 0.792385

17 29 0.822396

18 29 0.849162

19 29 0.872576

20 29 0.892547

21 29 0.908996

22 29 0.921857

23 29 0.93108

24 29 0.936628

25 29 0.93848

26 29 0.936628

27 29 0.93108

28 29 0.921857

29 29 0.908996

30 29 0.892547

31 29 0.872576

32 29 0.849162

33 29 0.822396

34 29 0.792385

35 29 0.759246

36 29 0.723111

37 29 0.684122

38 29 0.642434

39 29 0.59821

40 29 0.551625

41 29 0.502863

42 29 0.452116

43 29 0.399585

44 29 0.345477

45 29 0.290006

46 29 0.23339

47 29 0.175854

48 29 0.117623

49 29 0.0589276

50 29 0

0 30 0

1 30 0.0578613

2 30 0.115494

3 30 0.172671

4 30 0.229167

5 30 0.284759

6 30 0.339226

7 30 0.392355

8 30 0.443935

9 30 0.493763

10 30 0.541643

11 30 0.587385

12 30 0.630809

13 30 0.671743

14 30 0.710026

15 30 0.745507

16 30 0.778046

17 30 0.807515

18 30 0.833796

19 30 0.856787

20 30 0.876397

21 30 0.892547

22 30 0.905176

23 30 0.914232

24 30 0.91968

25 30 0.921498

26 30 0.91968

27 30 0.914232

28 30 0.905176

29 30 0.892547

30 30 0.876397

31 30 0.856787

32 30 0.833796

33 30 0.807515

34 30 0.778046

35 30 0.745507

36 30 0.710026

37 30 0.671743

38 30 0.630809

39 30 0.587385

40 30 0.541643

41 30 0.493763

42 30 0.443935

43 30 0.392355

44 30 0.339226

45 30 0.284759

46 30 0.229167

47 30 0.172671

48 30 0.115494

49 30 0.0578613

50 30 0

0 31 0

1 31 0.0565667

2 31 0.11291

3 31 0.168808

4 31 0.22404

5 31 0.278387

6 31 0.331636

7 31 0.383576

8 31 0.434002

9 31 0.482715

10 31 0.529524

11 31 0.574242

12 31 0.616694

13 31 0.656713

14 31 0.694139

15 31 0.728827

16 31 0.760637

17 31 0.789446

18 31 0.81514

19 31 0.837616

20 31 0.856787

21 31 0.872576

22 31 0.884922

23 31 0.893776

24 31 0.899102

25 31 0.900879

26 31 0.899102

27 31 0.893776

28 31 0.884922

29 31 0.872576

30 31 0.856787

31 31 0.837616

32 31 0.81514

33 31 0.789446

34 31 0.760637

35 31 0.728827

36 31 0.694139

37 31 0.656713

38 31 0.616694

39 31 0.574242

40 31 0.529524

41 31 0.482715

42 31 0.434002

43 31 0.383576

44 31 0.331636

45 31 0.278387

46 31 0.22404

47 31 0.168808

48 31 0.11291

49 31 0.0565667

50 31 0

0 32 0

1 32 0.0550488

2 32 0.10988

3 32 0.164278

4 32 0.218028

5 32 0.270917

6 32 0.322737

7 32 0.373283

8 32 0.422356

9 32 0.469762

10 32 0.515314

11 32 0.558833

12 32 0.600146

13 32 0.639091

14 32 0.675513

15 32 0.709269

16 32 0.740227

17 32 0.768263

18 32 0.793267

19 32 0.81514

20 32 0.833796

21 32 0.849162

22 32 0.861176

23 32 0.869792

24 32 0.874975

25 32 0.876705

26 32 0.874975

27 32 0.869792

28 32 0.861176

29 32 0.849162

30 32 0.833796

31 32 0.81514

32 32 0.793267

33 32 0.768263

34 32 0.740227

35 32 0.709269

36 32 0.675513

37 32 0.639091

38 32 0.600146

39 32 0.558833

40 32 0.515314

41 32 0.469762

42 32 0.422356

43 32 0.373283

44 32 0.322737

45 32 0.270917

46 32 0.218028

47 32 0.164278

48 32 0.10988

49 32 0.0550488

50 32 0

0 33 0

1 33 0.0533136

2 33 0.106417

3 33 0.1591

4 33 0.211155

5 33 0.262377

6 33 0.312564

7 33 0.361517

8 33 0.409043

9 33 0.454955

10 33 0.499072

11 33 0.541218

12 33 0.581229

13 33 0.618946

14 33 0.654221

15 33 0.686913

16 33 0.716895

17 33 0.744047

18 33 0.768263

19 33 0.789446

20 33 0.807515

21 33 0.822396

22 33 0.834032

23 33 0.842376

24 33 0.847396

25 33 0.849071

26 33 0.847396

27 33 0.842376

28 33 0.834032

29 33 0.822396

30 33 0.807515

31 33 0.789446

32 33 0.768263

33 33 0.744047

34 33 0.716895

35 33 0.686913

36 33 0.654221

37 33 0.618946

38 33 0.581229

39 33 0.541218

40 33 0.499072

41 33 0.454955

42 33 0.409043

43 33 0.361517

44 33 0.312564

45 33 0.262377

46 33 0.211155

47 33 0.1591

48 33 0.106417

49 33 0.0533136

50 33 0

0 34 0

1 34 0.0513681

2 34 0.102533

3 34 0.153294

4 34 0.20345

5 34 0.252803

6 34 0.301158

7 34 0.348324

8 34 0.394116

9 34 0.438353

10 34 0.480859

11 34 0.521468

12 34 0.560019

13 34 0.596359

14 34 0.630346

15 34 0.661846

16 34 0.690733

17 34 0.716895

18 34 0.740227

19 34 0.760637

20 34 0.778046

21 34 0.792385

22 34 0.803596

23 34 0.811636

24 34 0.816472

25 34 0.818086

26 34 0.816472

27 34 0.811636

28 34 0.803596

29 34 0.792385

30 34 0.778046

31 34 0.760637

32 34 0.740227

33 34 0.716895

34 34 0.690733

35 34 0.661846

36 34 0.630346

37 34 0.596359

38 34 0.560019

39 34 0.521468

40 34 0.480859

41 34 0.438353

42 34 0.394116

43 34 0.348324

44 34 0.301158

45 34 0.252803

46 34 0.20345

47 34 0.153294

48 34 0.102533

49 34 0.0513681

50 34 0

0 35 0

1 35 0.0492198

2 35 0.0982453

3 35 0.146883

4 35 0.194941

5 35 0.24223

6 35 0.288563

7 35 0.333757

8 35 0.377634

9 35 0.42002

10 35 0.460749

11 35 0.499659

12 35 0.536598

13 35 0.571419

14 35 0.603984

15 35 0.634167

16 35 0.661846

17 35 0.686913

18 35 0.709269

19 35 0.728827

20 35 0.745507

21 35 0.759246

22 35 0.769988

23 35 0.777692

24 35 0.782326

25 35 0.783873

26 35 0.782326

27 35 0.777692

28 35 0.769988

29 35 0.759246

30 35 0.745507

31 35 0.728827

32 35 0.709269

33 35 0.686913

34 35 0.661846

35 35 0.634167

36 35 0.603984

37 35 0.571419

38 35 0.536598

39 35 0.499659

40 35 0.460749

41 35 0.42002

42 35 0.377634

43 35 0.333757

44 35 0.288563

45 35 0.24223

46 35 0.194941

47 35 0.146883

48 35 0.0982453

49 35 0.0492198

50 35 0

0 36 0

1 36 0.0468773

2 36 0.0935695

3 36 0.139892

4 36 0.185663

5 36 0.230702

6 36 0.274829

7 36 0.317872

8 36 0.359661

9 36 0.40003

10 36 0.43882

11 36 0.475879

12 36 0.51106

13 36 0.544223

14 36 0.575239

15 36 0.603984

16 36 0.630346

17 36 0.654221

18 36 0.675513

19 36 0.694139

20 36 0.710026

21 36 0.723111

22 36 0.733342

23 36 0.740679

24 36 0.745093

25 36 0.746566

26 36 0.745093

27 36 0.740679

28 36 0.733342

29 36 0.723111

30 36 0.710026

31 36 0.694139

32 36 0.675513

33 36 0.654221

34 36 0.630346

35 36 0.603984

36 36 0.575239

37 36 0.544223

38 36 0.51106

39 36 0.475879

40 36 0.43882

41 36 0.40003

42 36 0.359661

43 36 0.317872

44 36 0.274829

45 36 0.230702

46 36 0.185663

47 36 0.139892

48 36 0.0935695

49 36 0.0468773

50 36 0

0 37 0

1 37 0.0443497

2 37 0.0885244

3 37 0.13235

4 37 0.175653

5 37 0.218263

6 37 0.260011

7 37 0.300733

8 37 0.340269

9 37 0.378461

10 37 0.41516

11 37 0.45022

12 37 0.483504

13 37 0.51488

14 37 0.544223

15 37 0.571419

16 37 0.596359

17 37 0.618946

18 37 0.639091

19 37 0.656713

20 37 0.671743

21 37 0.684122

22 37 0.693802

23 37 0.700743

24 37 0.704919

25 37 0.706312

26 37 0.704919

27 37 0.700743

28 37 0.693802

29 37 0.684122

30 37 0.671743

31 37 0.656713

32 37 0.639091

33 37 0.618946

34 37 0.596359

35 37 0.571419

36 37 0.544223

37 37 0.51488

38 37 0.483504

39 37 0.45022

40 37 0.41516

41 37 0.378461

42 37 0.340269

43 37 0.300733

44 37 0.260011

45 37 0.218263

46 37 0.175653

47 37 0.13235

48 37 0.0885244

49 37 0.0443497

50 37 0

0 38 0

1 38 0.0416472

2 38 0.08313

3 38 0.124285

4 38 0.164949

5 38 0.204962

6 38 0.244167

7 38 0.282407

8 38 0.319533

9 38 0.355399

10 38 0.389861

11 38 0.422785

12 38 0.454041

13 38 0.483504

14 38 0.51106

15 38 0.536598

16 38 0.560019

17 38 0.581229

18 38 0.600146

19 38 0.616694

20 38 0.630809

21 38 0.642434

22 38 0.651523

23 38 0.658041

24 38 0.661963

25 38 0.663272

26 38 0.661963

27 38 0.658041

28 38 0.651523

29 38 0.642434

30 38 0.630809

31 38 0.616694

32 38 0.600146

33 38 0.581229

34 38 0.560019

35 38 0.536598

36 38 0.51106

37 38 0.483504

38 38 0.454041

39 38 0.422785

40 38 0.389861

41 38 0.355399

42 38 0.319533

43 38 0.282407

44 38 0.244167

45 38 0.204962

46 38 0.164949

47 38 0.124285

48 38 0.08313

49 38 0.0416472

50 38 0

0 39 0

1 39 0.0387802

2 39 0.0774074

3 39 0.115729

4 39 0.153594

5 39 0.190853

6 39 0.227359

7 39 0.262967

8 39 0.297537

9 39 0.330934

10 39 0.363024

11 39 0.393681

12 39 0.422785

13 39 0.45022

14 39 0.475879

15 39 0.499659

16 39 0.521468

17 39 0.541218

18 39 0.558833

19 39 0.574242

20 39 0.587385

21 39 0.59821

22 39 0.606673

23 39 0.612743

24 39 0.616394

25 39 0.617613

26 39 0.616394

27 39 0.612743

28 39 0.606673

29 39 0.59821

30 39 0.587385

31 39 0.574242

32 39 0.558833

33 39 0.541218

34 39 0.521468

35 39 0.499659

36 39 0.475879

37 39 0.45022

38 39 0.422785

39 39 0.393681

40 39 0.363024

41 39 0.330934

42 39 0.297537

43 39 0.262967

44 39 0.227359

45 39 0.190853

46 39 0.153594

47 39 0.115729

48 39 0.0774074

49 39 0.0387802

50 39 0

0 40 0

1 40 0.0357603

2 40 0.0713794

3 40 0.106717

4 40 0.141633

5 40 0.17599

6 40 0.209653

7 40 0.242489

8 40 0.274367

9 40 0.305162

10 40 0.334754

11 40 0.363024

12 40 0.389861

13 40 0.41516

14 40 0.43882

15 40 0.460749

16 40 0.480859

17 40 0.499072

18 40 0.515314

19 40 0.529524

20 40 0.541643

21 40 0.551625

22 40 0.559429

23 40 0.565026

24 40 0.568393

25 40 0.569517

26 40 0.568393

27 40 0.565026

28 40 0.559429

29 40 0.551625

30 40 0.541643

31 40 0.529524

32 40 0.515314

33 40 0.499072

34 40 0.480859

35 40 0.460749

36 40 0.43882

37 40 0.41516

38 40 0.389861

39 40 0.363024

40 40 0.334754

41 40 0.305162

42 40 0.274367

43 40 0.242489

44 40 0.209653

45 40 0.17599

46 40 0.141633

47 40 0.106717

48 40 0.0713794

49 40 0.0357603

50 40 0

0 41 0

1 41 0.0325992

2 41 0.0650697

3 41 0.0972834

4 41 0.129113

5 41 0.160433

6 41 0.19112

7 41 0.221053

8 41 0.250114

9 41 0.278187

10 41 0.305162

11 41 0.330934

12 41 0.355399

13 41 0.378461

14 41 0.40003

15 41 0.42002

16 41 0.438353

17 41 0.454955

18 41 0.469762

19 41 0.482715

20 41 0.493763

21 41 0.502863

22 41 0.509977

23 41 0.51508

24 41 0.518149

25 41 0.519173

26 41 0.518149

27 41 0.51508

28 41 0.509977

29 41 0.502863

30 41 0.493763

31 41 0.482715

32 41 0.469762

33 41 0.454955

34 41 0.438353

35 41 0.42002

36 41 0.40003

37 41 0.378461

38 41 0.355399

39 41 0.330934

40 41 0.305162

41 41 0.278187

42 41 0.250114

43 41 0.221053

44 41 0.19112

45 41 0.160433

46 41 0.129113

47 41 0.0972834

48 41 0.0650697

49 41 0.0325992

50 41 0

0 42 0

1 42 0.0293094

2 42 0.0585032

3 42 0.087466

4 42 0.116084

5 42 0.144243

6 42 0.171834

7 42 0.198746

8 42 0.224873

9 42 0.250114

10 42 0.274367

11 42 0.297537

12 42 0.319533

13 42 0.340269

14 42 0.359661

15 42 0.377634

16 42 0.394116

17 42 0.409043

18 42 0.422356

19 42 0.434002

20 42 0.443935

21 42 0.452116

22 42 0.458513

23 42 0.4631

24 42 0.46586

25 42 0.466781

26 42 0.46586

27 42 0.4631

28 42 0.458513

29 42 0.452116

30 42 0.443935

31 42 0.434002

32 42 0.422356

33 42 0.409043

34 42 0.394116

35 42 0.377634

36 42 0.359661

37 42 0.340269

38 42 0.319533

39 42 0.297537

40 42 0.274367

41 42 0.250114

42 42 0.224873

43 42 0.198746

44 42 0.171834

45 42 0.144243

46 42 0.116084

47 42 0.087466

48 42 0.0585032

49 42 0.0293094

50 42 0

0 43 0

1 43 0.025904

2 43 0.0517057

3 43 0.0773034

4 43 0.102596

5 43 0.127484

6 43 0.151868

7 43 0.175654

8 43 0.198746

9 43 0.221053

10 43 0.242489

11 43 0.262967

12 43 0.282407

13 43 0.300733

14 43 0.317872

15 43 0.333757

16 43 0.348324

17 43 0.361517

18 43 0.373283

19 43 0.383576

20 43 0.392355

21 43 0.399585

22 43 0.405239

23 43 0.409293

24 43 0.411732

25 43 0.412546

26 43 0.411732

27 43 0.409293

28 43 0.405239

29 43 0.399585

30 43 0.392355

31 43 0.383576

32 43 0.373283

33 43 0.361517

34 43 0.348324

35 43 0.333757

36 43 0.317872

37 43 0.300733

38 43 0.282407

39 43 0.262967

40 43 0.242489

41 43 0.221053

42 43 0.198746

43 43 0.175654

44 43 0.151868

45 43 0.127484

46 43 0.102596

47 43 0.0773034

48 43 0.0517057

49 43 0.025904

50 43 0

0 44 0

1 44 0.0223963

2 44 0.0447043

3 44 0.0668358

4 44 0.0887035

5 44 0.110221

6 44 0.131304

7 44 0.151868

8 44 0.171834

9 44 0.19112

10 44 0.209653

11 44 0.227359

12 44 0.244167

13 44 0.260011

14 44 0.274829

15 44 0.288563

16 44 0.301158

17 44 0.312564

18 44 0.322737

19 44 0.331636

20 44 0.339226

21 44 0.345477

22 44 0.350365

23 44 0.353871

24 44 0.355979

25 44 0.356683

26 44 0.355979

27 44 0.353871

28 44 0.350365

29 44 0.345477

30 44 0.339226

31 44 0.331636

32 44 0.322737

33 44 0.312564

34 44 0.301158

35 44 0.288563

36 44 0.274829

37 44 0.260011

38 44 0.244167

39 44 0.227359

40 44 0.209653

41 44 0.19112

42 44 0.171834

43 44 0.151868

44 44 0.131304

45 44 0.110221

46 44 0.0887035

47 44 0.0668358

48 44 0.0447043

49 44 0.0223963

50 44 0

0 45 0

1 45 0.0188003

2 45 0.0375264

3 45 0.0561044

4 45 0.0744609

5 45 0.0925236

6 45 0.110221

7 45 0.127484

8 45 0.144243

9 45 0.160433

10 45 0.17599

11 45 0.190853

12 45 0.204962

13 45 0.218263

14 45 0.230702

15 45 0.24223

16 45 0.252803

17 45 0.262377

18 45 0.270917

19 45 0.278387

20 45 0.284759

21 45 0.290006

22 45 0.294109

23 45 0.297052

24 45 0.298822

25 45 0.299413

26 45 0.298822

27 45 0.297052

28 45 0.294109

29 45 0.290006

30 45 0.284759

31 45 0.278387

32 45 0.270917

33 45 0.262377

34 45 0.252803

35 45 0.24223

36 45 0.230702

37 45 0.218263

38 45 0.204962

39 45 0.190853

40 45 0.17599

41 45 0.160433

42 45 0.144243

43 45 0.127484

44 45 0.110221

45 45 0.0925236

46 45 0.0744609

47 45 0.0561044

48 45 0.0375264

49 45 0.0188003

50 45 0

0 46 0

1 46 0.01513

2 46 0.0302004

3 46 0.0451515

4 46 0.0599245

5 46 0.0744609

6 46 0.0887035

7 46 0.102596

8 46 0.116084

9 46 0.129113

10 46 0.141633

11 46 0.153594

12 46 0.164949

13 46 0.175653

14 46 0.185663

15 46 0.194941

16 46 0.20345

17 46 0.211155

18 46 0.218028

19 46 0.22404

20 46 0.229167

21 46 0.23339

22 46 0.236693

23 46 0.239061

24 46 0.240485

25 46 0.240961

26 46 0.240485

27 46 0.239061

28 46 0.236693

29 46 0.23339

30 46 0.229167

31 46 0.22404

32 46 0.218028

33 46 0.211155

34 46 0.20345

35 46 0.194941

36 46 0.185663

37 46 0.175653

38 46 0.164949

39 46 0.153594

40 46 0.141633

41 46 0.129113

42 46 0.116084

43 46 0.102596

44 46 0.0887035

45 46 0.0744609

46 46 0.0599245

47 46 0.0451515

48 46 0.0302004

49 46 0.01513

50 46 0

0 47 0

1 47 0.0114001

2 47 0.0227552

3 47 0.0340205

4 47 0.0451515

5 47 0.0561044

6 47 0.0668358

7 47 0.0773034

8 47 0.087466

9 47 0.0972834

10 47 0.106717

11 47 0.115729

12 47 0.124285

13 47 0.13235

14 47 0.139892

15 47 0.146883

16 47 0.153294

17 47 0.1591

18 47 0.164278

19 47 0.168808

20 47 0.172671

21 47 0.175854

22 47 0.178342

23 47 0.180126

24 47 0.181199

25 47 0.181558

26 47 0.181199

27 47 0.180126

28 47 0.178342

29 47 0.175854

30 47 0.172671

31 47 0.168808

32 47 0.164278

33 47 0.1591

34 47 0.153294

35 47 0.146883

36 47 0.139892

37 47 0.13235

38 47 0.124285

39 47 0.115729

40 47 0.106717

41 47 0.0972834

42 47 0.087466

43 47 0.0773034

44 47 0.0668358

45 47 0.0561044

46 47 0.0451515

47 47 0.0340205

48 47 0.0227552

49 47 0.0114001

50 47 0

0 48 0

1 48 0.00762515

2 48 0.0152202

3 48 0.0227552

4 48 0.0302004

5 48 0.0375264

6 48 0.0447043

7 48 0.0517057

8 48 0.0585032

9 48 0.0650697

10 48 0.0713794

11 48 0.0774074

12 48 0.08313

13 48 0.0885244

14 48 0.0935695

15 48 0.0982453

16 48 0.102533

17 48 0.106417

18 48 0.10988

19 48 0.11291

20 48 0.115494

21 48 0.117623

22 48 0.119287

23 48 0.12048

24 48 0.121198

25 48 0.121438

26 48 0.121198

27 48 0.12048

28 48 0.119287

29 48 0.117623

30 48 0.115494

31 48 0.11291

32 48 0.10988

33 48 0.106417

34 48 0.102533

35 48 0.0982453

36 48 0.0935695

37 48 0.0885244

38 48 0.08313

39 48 0.0774074

40 48 0.0713794

41 48 0.0650697

42 48 0.0585032

43 48 0.0517057

44 48 0.0447043

45 48 0.0375264

46 48 0.0302004

47 48 0.0227552

48 48 0.0152202

49 48 0.00762515

50 48 0

0 49 0

1 49 0.00382011

2 49 0.00762515

3 49 0.0114001

4 49 0.01513

5 49 0.0188003

6 49 0.0223963

7 49 0.025904

8 49 0.0293094

9 49 0.0325992

10 49 0.0357603

11 49 0.0387802

12 49 0.0416472

13 49 0.0443497

14 49 0.0468773

15 49 0.0492198

16 49 0.0513681

17 49 0.0533136

18 49 0.0550488

19 49 0.0565667

20 49 0.0578613

21 49 0.0589276

22 49 0.0597614

23 49 0.0603593

24 49 0.060719

25 49 0.060839

26 49 0.060719

27 49 0.0603593

28 49 0.0597614

29 49 0.0589276

30 49 0.0578613

31 49 0.0565667

32 49 0.0550488

33 49 0.0533136

34 49 0.0513681

35 49 0.0492198

36 49 0.0468773

37 49 0.0443497

38 49 0.0416472

39 49 0.0387802

40 49 0.0357603

41 49 0.0325992

42 49 0.0293094

43 49 0.025904

44 49 0.0223963

45 49 0.0188003

46 49 0.01513

47 49 0.0114001

48 49 0.00762515

49 49 0.00382011

50 49 0

