0 1 0

1 1 0.000320395

2 1 0.000639526

3 1 0.000956132

4 1 0.00126897

5 1 0.00157679

6 1 0.00187839

7 1 0.00217258

8 1 0.0024582

9 1 0.00273411

10 1 0.00299923

11 1 0.00325252

12 1 0.00349297

13 1 0.00371964

14 1 0.00393162

15 1 0.00412809

16 1 0.00430827

17 1 0.00447144

18 1 0.00461697

19 1 0.00474428

20 1 0.00485286

21 1 0.00494229

22 1 0.00501222

23 1 0.00506237

24 1 0.00509253

25 1 0.0051026

26 1 0.00509253

27 1 0.00506237

28 1 0.00501222

29 1 0.00494229

30 1 0.00485286

31 1 0.00474428

32 1 0.00461697

33 1 0.00447144

34 1 0.00430827

35 1 0.00412809

36 1 0.00393162

37 1 0.00371964

38 1 0.00349297

39 1 0.00325252

40 1 0.00299923

41 1 0.00273411

42 1 0.0024582

43 1 0.00217258

44 1 0.00187839

45 1 0.00157679

46 1 0.00126897

47 1 0.000956132

48 1 0.000639526

49 1 0.000320395

50 1 0

0 2 0

1 2 0.000639526

2 2 0.00127653

3 2 0.00190849

4 2 0.00253292

5 2 0.00314736

6 2 0.00374937

7 2 0.00433659

8 2 0.00490669

9 2 0.00545743

10 2 0.00598663

11 2 0.00649221

12 2 0.00697216

13 2 0.00742459

14 2 0.00784773

15 2 0.00823989

16 2 0.00859954

17 2 0.00892524

18 2 0.00921572

19 2 0.00946983

20 2 0.00968657

21 2 0.00986508

22 2 0.0100047

23 2 0.0101048

24 2 0.010165

25 2 0.0101851

26 2 0.010165

27 2 0.0101048

28 2 0.0100047

29 2 0.00986508

30 2 0.00968657

31 2 0.00946983

32 2 0.00921572

33 2 0.00892524

34 2 0.00859954

35 2 0.00823989

36 2 0.00784773

37 2 0.00742459

38 2 0.00697216

39 2 0.00649221

40 2 0.00598663

41 2 0.00545743

42 2 0.00490669

43 2 0.00433659

44 2 0.00374937

45 2 0.00314736

46 2 0.00253292

47 2 0.00190849

48 2 0.00127653

49 2 0.000639526

50 2 0

0 3 0

1 3 0.000956132

2 3 0.00190849

3 3 0.00285332

4 3 0.00378688

5 3 0.0047055

6 3 0.00560556

7 3 0.00648348

8 3 0.00733582

9 3 0.00815921

10 3 0.0089504

11 3 0.00970627

12 3 0.0104238

13 3 0.0111002

14 3 0.0117329

15 3 0.0123192

16 3 0.0128569

17 3 0.0133438

18 3 0.0137781

19 3 0.014158

20 3 0.0144821

21 3 0.0147489

22 3 0.0149576

23 3 0.0151073

24 3 0.0151973

25 3 0.0152273

26 3 0.0151973

27 3 0.0151073

28 3 0.0149576

29 3 0.0147489

30 3 0.0144821

31 3 0.014158

32 3 0.0137781

33 3 0.0133438

34 3 0.0128569

35 3 0.0123192

36 3 0.0117329

37 3 0.0111002

38 3 0.0104238

39 3 0.00970627

40 3 0.0089504

41 3 0.00815921

42 3 0.00733582

43 3 0.00648348

44 3 0.00560556

45 3 0.0047055

46 3 0.00378688

47 3 0.00285332

48 3 0.00190849

49 3 0.000956132

50 3 0

0 4 0

1 4 0.00126897

2 4 0.00253292

3 4 0.00378688

4 4 0.0050259

5 4 0.00624508

6 4 0.00743962

7 4 0.00860479

8 4 0.009736

9 4 0.0108288

10 4 0.0118788

11 4 0.012882

12 4 0.0138344

13 4 0.0147321

14 4 0.0155717

15 4 0.0163498

16 4 0.0170635

17 4 0.0177097

18 4 0.0182861

19 4 0.0187903

20 4 0.0192204

21 4 0.0195746

22 4 0.0198515

23 4 0.0200501

24 4 0.0201696

25 4 0.0202095

26 4 0.0201696

27 4 0.0200501

28 4 0.0198515

29 4 0.0195746

30 4 0.0192204

31 4 0.0187903

32 4 0.0182861

33 4 0.0177097

34 4 0.0170635

35 4 0.0163498

36 4 0.0155717

37 4 0.0147321

38 4 0.0138344

39 4 0.012882

40 4 0.0118788

41 4 0.0108288

42 4 0.009736

43 4 0.00860479

44 4 0.00743962

45 4 0.00624508

46 4 0.0050259

47 4 0.00378688

48 4 0.00253292

49 4 0.00126897

50 4 0

0 5 0

1 5 0.00157679

2 5 0.00314736

3 5 0.0047055

4 5 0.00624508

5 5 0.00776001

6 5 0.00924431

7 5 0.0106921

8 5 0.0120978

9 5 0.0134556

10 5 0.0147604

11 5 0.0160069

12 5 0.0171903

13 5 0.0183058

14 5 0.0193491

15 5 0.020316

16 5 0.0212027

17 5 0.0220057

18 5 0.0227219

19 5 0.0233485

20 5 0.0238829

21 5 0.024323

22 5 0.0246671

23 5 0.0249139

24 5 0.0250624

25 5 0.0251119

26 5 0.0250624

27 5 0.0249139

28 5 0.0246671

29 5 0.024323

30 5 0.0238829

31 5 0.0233485

32 5 0.0227219

33 5 0.0220057

34 5 0.0212027

35 5 0.020316

36 5 0.0193491

37 5 0.0183058

38 5 0.0171903

39 5 0.0160069

40 5 0.0147604

41 5 0.0134556

42 5 0.0120978

43 5 0.0106921

44 5 0.00924431

45 5 0.00776001

46 5 0.00624508

47 5 0.0047055

48 5 0.00314736

49 5 0.00157679

50 5 0

0 6 0

1 6 0.00187839

2 6 0.00374937

3 6 0.00560556

4 6 0.00743962

5 6 0.00924431

6 6 0.0110125

7 6 0.0127373

8 6 0.0144118

9 6 0.0160294

10 6 0.0175837

11 6 0.0190687

12 6 0.0204784

13 6 0.0218073

14 6 0.0230501

15 6 0.0242019

16 6 0.0252583

17 6 0.0262149

18 6 0.0270681

19 6 0.0278145

20 6 0.0284511

21 6 0.0289754

22 6 0.0293854

23 6 0.0296793

24 6 0.0298562

25 6 0.0299152

26 6 0.0298562

27 6 0.0296793

28 6 0.0293854

29 6 0.0289754

30 6 0.0284511

31 6 0.0278145

32 6 0.0270681

33 6 0.0262149

34 6 0.0252583

35 6 0.0242019

36 6 0.0230501

37 6 0.0218073

38 6 0.0204784

39 6 0.0190687

40 6 0.0175837

41 6 0.0160294

42 6 0.0144118

43 6 0.0127373

44 6 0.0110125

45 6 0.00924431

46 6 0.00743962

47 6 0.00560556

48 6 0.00374937

49 6 0.00187839

50 6 0

0 7 0

1 7 0.00217258

2 7 0.00433659

3 7 0.00648348

4 7 0.00860479

5 7 0.0106921

6 7 0.0127373

7 7 0.0147322

8 7 0.0166689

9 7 0.0185399

10 7 0.0203377

11 7 0.0220552

12 7 0.0236857

13 7 0.0252227

14 7 0.0266601

15 7 0.0279924

16 7 0.0292142

17 7 0.0303206

18 7 0.0313075

19 7 0.0321707

20 7 0.032907

21 7 0.0335134

22 7 0.0339876

23 7 0.0343276

24 7 0.0345322

25 7 0.0346005

26 7 0.0345322

27 7 0.0343276

28 7 0.0339876

29 7 0.0335134

30 7 0.032907

31 7 0.0321707

32 7 0.0313075

33 7 0.0303206

34 7 0.0292142

35 7 0.0279924

36 7 0.0266601

37 7 0.0252227

38 7 0.0236857

39 7 0.0220552

40 7 0.0203377

41 7 0.0185399

42 7 0.0166689

43 7 0.0147322

44 7 0.0127373

45 7 0.0106921

46 7 0.00860479

47 7 0.00648348

48 7 0.00433659

49 7 0.00217258

50 7 0

0 8 0

1 8 0.0024582

2 8 0.00490669

3 8 0.00733582

4 8 0.009736

5 8 0.0120978

6 8 0.0144118

7 8 0.0166689

8 8 0.0188603

9 8 0.0209772

10 8 0.0230113

11 8 0.0249546

12 8 0.0267995

13 8 0.0285385

14 8 0.030165

15 8 0.0316723

16 8 0.0330547

17 8 0.0343067

18 8 0.0354232

19 8 0.0364

20 8 0.0372331

21 8 0.0379192

22 8 0.0384557

23 8 0.0388405

24 8 0.0390719

25 8 0.0391492

26 8 0.0390719

27 8 0.0388405

28 8 0.0384557

29 8 0.0379192

30 8 0.0372331

31 8 0.0364

32 8 0.0354232

33 8 0.0343067

34 8 0.0330547

35 8 0.0316723

36 8 0.030165

37 8 0.0285385

38 8 0.0267995

39 8 0.0249546

40 8 0.0230113

41 8 0.0209772

42 8 0.0188603

43 8 0.0166689

44 8 0.0144118

45 8 0.0120978

46 8 0.009736

47 8 0.00733582

48 8 0.00490669

49 8 0.0024582

50 8 0

0 9 0

1 9 0.00273411

2 9 0.00545743

3 9 0.00815921

4 9 0.0108288

5 9 0.0134556

6 9 0.0160294

7 9 0.0185399

8 9 0.0209772

9 9 0.0233317

10 9 0.0255941

11 9 0.0277556

12 9 0.0298075

13 9 0.0317417

14 9 0.0335507

15 9 0.0352273

16 9 0.0367649

17 9 0.0381573

18 9 0.0393992

19 9 0.0404856

20 9 0.0414122

21 9 0.0421754

22 9 0.0427721

23 9 0.0432

24 9 0.0434574

25 9 0.0435434

26 9 0.0434574

27 9 0.0432

28 9 0.0427721

29 9 0.0421754

30 9 0.0414122

31 9 0.0404856

32 9 0.0393992

33 9 0.0381573

34 9 0.0367649

35 9 0.0352273

36 9 0.0335507

37 9 0.0317417

38 9 0.0298075

39 9 0.0277556

40 9 0.0255941

41 9 0.0233317

42 9 0.0209772

43 9 0.0185399

44 9 0.0160294

45 9 0.0134556

46 9 0.0108288

47 9 0.00815921

48 9 0.00545743

49 9 0.00273411

50 9 0

0 10 0

1 10 0.00299923

2 10 0.00598663

3 10 0.0089504

4 10 0.0118788

5 10 0.0147604

6 10 0.0175837

7 10 0.0203377

8 10 0.0230113

9 10 0.0255941

10 10 0.028076

11 10 0.030447

12 10 0.0326979

13 10 0.0348197

14 10 0.0368041

15 10 0.0386433

16 10 0.0403299

17 10 0.0418574

18 10 0.0432197

19 10 0.0444114

20 10 0.0454279

21 10 0.0462651

22 10 0.0469197

23 10 0.0473891

24 10 0.0476715

25 10 0.0477657

26 10 0.0476715

27 10 0.0473891

28 10 0.0469197

29 10 0.0462651

30 10 0.0454279

31 10 0.0444114

32 10 0.0432197

33 10 0.0418574

34 10 0.0403299

35 10 0.0386433

36 10 0.0368041

37 10 0.0348197

38 10 0.0326979

39 10 0.030447

40 10 0.028076

41 10 0.0255941

42 10 0.0230113

43 10 0.0203377

44 10 0.0175837

45 10 0.0147604

46 10 0.0118788

47 10 0.0089504

48 10 0.00598663

49 10 0.00299923

50 10 0

0 11 0

1 11 0.00325252

2 11 0.00649221

3 11 0.00970627

4 11 0.012882

5 11 0.0160069

6 11 0.0190687

7 11 0.0220552

8 11 0.0249546

9 11 0.0277556

10 11 0.030447

11 11 0.0330183

12 11 0.0354592

13 11 0.0377602

14 11 0.0399122

15 11 0.0419067

16 11 0.0437358

17 11 0.0453923

18 11 0.0468696

19 11 0.048162

20 11 0.0492643

21 11 0.0501722

22 11 0.050882

23 11 0.0513911

24 11 0.0516973

25 11 0.0517996

26 11 0.0516973

27 11 0.0513911

28 11 0.050882

29 11 0.0501722

30 11 0.0492643

31 11 0.048162

32 11 0.0468696

33 11 0.0453923

34 11 0.0437358

35 11 0.0419067

36 11 0.0399122

37 11 0.0377602

38 11 0.0354592

39 11 0.0330183

40 11 0.030447

41 11 0.0277556

42 11 0.0249546

43 11 0.0220552

44 11 0.0190687

45 11 0.0160069

46 11 0.012882

47 11 0.00970627

48 11 0.00649221

49 11 0.00325252

50 11 0

0 12 0

1 12 0.00349297

2 12 0.00697216

3 12 0.0104238

4 12 0.0138344

5 12 0.0171903

6 12 0.0204784

7 12 0.0236857

8 12 0.0267995

9 12 0.0298075

10 12 0.0326979

11 12 0.0354592

12 12 0.0380806

13 12 0.0405518

14 12 0.0428628

15 12 0.0450048

16 12 0.0469691

17 12 0.048748

18 12 0.0503346

19 12 0.0517225

20 12 0.0529063

21 12 0.0538813

22 12 0.0546436

23 12 0.0551903

24 12 0.0555192

25 12 0.055629

26 12 0.0555192

27 12 0.0551903

28 12 0.0546436

29 12 0.0538813

30 12 0.0529063

31 12 0.0517225

32 12 0.0503346

33 12 0.048748

34 12 0.0469691

35 12 0.0450048

36 12 0.0428628

37 12 0.0405518

38 12 0.0380806

39 12 0.0354592

40 12 0.0326979

41 12 0.0298075

42 12 0.0267995

43 12 0.0236857

44 12 0.0204784

45 12 0.0171903

46 12 0.0138344

47 12 0.0104238

48 12 0.00697216

49 12 0.00349297

50 12 0

0 13 0

1 13 0.00371964

2 13 0.00742459

3 13 0.0111002

4 13 0.0147321

5 13 0.0183058

6 13 0.0218073

7 13 0.0252227

8 13 0.0285385

9 13 0.0317417

10 13 0.0348197

11 13 0.0377602

12 13 0.0405518

13 13 0.0431832

14 13 0.0456443

15 13 0.0479252

16 13 0.050017

17 13 0.0519114

18 13 0.0536009

19 13 0.0550789

20 13 0.0563395

21 13 0.0573777

22 13 0.0581895

23 13 0.0587717

24 13 0.0591219

25 13 0.0592388

26 13 0.0591219

27 13 0.0587717

28 13 0.0581895

29 13 0.0573777

30 13 0.0563395

31 13 0.0550789

32 13 0.0536009

33 13 0.0519114

34 13 0.050017

35 13 0.0479252

36 13 0.0456443

37 13 0.0431832

38 13 0.0405518

39 13 0.0377602

40 13 0.0348197

41 13 0.0317417

42 13 0.0285385

43 13 0.0252227

44 13 0.0218073

45 13 0.0183058

46 13 0.0147321

47 13 0.0111002

48 13 0.00742459

49 13 0.00371964

50 13 0

0 14 0

1 14 0.00393162

2 14 0.00784773

3 14 0.0117329

4 14 0.0155717

5 14 0.0193491

6 14 0.0230501

7 14 0.0266601

8 14 0.030165

9 14 0.0335507

10 14 0.0368041

11 14 0.0399122

12 14 0.0428628

13 14 0.0456443

14 14 0.0482456

15 14 0.0506565

16 14 0.0528675

17 14 0.0548699

18 14 0.0566557

19 14 0.0582179

20 14 0.0595503

21 14 0.0606477

22 14 0.0615058

23 14 0.0621212

24 14 0.0624913

25 14 0.0626149

26 14 0.0624913

27 14 0.0621212

28 14 0.0615058

29 14 0.0606477

30 14 0.0595503

31 14 0.0582179

32 14 0.0566557

33 14 0.0548699

34 14 0.0528675

35 14 0.0506565

36 14 0.0482456

37 14 0.0456443

38 14 0.0428628

39 14 0.0399122

40 14 0.0368041

41 14 0.0335507

42 14 0.030165

43 14 0.0266601

44 14 0.0230501

45 14 0.0193491

46 14 0.0155717

47 14 0.0117329

48 14 0.00784773

49 14 0.00393162

50 14 0

0 15 0

1 15 0.00412809

2 15 0.00823989

3 15 0.0123192

4 15 0.0163498

5 15 0.020316

6 15 0.0242019

7 15 0.0279924

8 15 0.0316723

9 15 0.0352273

10 15 0.0386433

11 15 0.0419067

12 15 0.0450048

13 15 0.0479252

14 15 0.0506565

15 15 0.0531879

16 15 0.0555094

17 15 0.0576118

18 15 0.0594868

19 15 0.0611271

20 15 0.0625261

21 15 0.0636784

22 15 0.0645794

23 15 0.0652255

24 15 0.0656141

25 15 0.0657439

26 15 0.0656141

27 15 0.0652255

28 15 0.0645794

29 15 0.0636784

30 15 0.0625261

31 15 0.0611271

32 15 0.0594868

33 15 0.0576118

34 15 0.0555094

35 15 0.0531879

36 15 0.0506565

37 15 0.0479252

38 15 0.0450048

39 15 0.0419067

40 15 0.0386433

41 15 0.0352273

42 15 0.0316723

43 15 0.0279924

44 15 0.0242019

45 15 0.020316

46 15 0.0163498

47 15 0.0123192

48 15 0.00823989

49 15 0.00412809

50 15 0

0 16 0

1 16 0.00430827

2 16 0.00859954

3 16 0.0128569

4 16 0.0170635

5 16 0.0212027

6 16 0.0252583

7 16 0.0292142

8 16 0.0330547

9 16 0.0367649

10 16 0.0403299

11 16 0.0437358

12 16 0.0469691

13 16 0.050017

14 16 0.0528675

15 16 0.0555094

16 16 0.0579322

17 16 0.0601264

18 16 0.0620832

19 16 0.0637951

20 16 0.0652552

21 16 0.0664578

22 16 0.067398

23 16 0.0680723

24 16 0.068478

25 16 0.0686134

26 16 0.068478

27 16 0.0680723

28 16 0.067398

29 16 0.0664578

30 16 0.0652552

31 16 0.0637951

32 16 0.0620832

33 16 0.0601264

34 16 0.0579322

35 16 0.0555094

36 16 0.0528675

37 16 0.050017

38 16 0.0469691

39 16 0.0437358

40 16 0.0403299

41 16 0.0367649

42 16 0.0330547

43 16 0.0292142

44 16 0.0252583

45 16 0.0212027

46 16 0.0170635

47 16 0.0128569

48 16 0.00859954

49 16 0.00430827

50 16 0

0 17 0

1 17 0.00447144

2 17 0.00892524

3 17 0.0133438

4 17 0.0177097

5 17 0.0220057

6 17 0.0262149

7 17 0.0303206

8 17 0.0343067

9 17 0.0381573

10 17 0.0418574

11 17 0.0453923

12 17 0.048748

13 17 0.0519114

14 17 0.0548699

15 17 0.0576118

16 17 0.0601264

17 17 0.0624036

18 17 0.0644346

19 17 0.0662113

20 17 0.0677267

21 17 0.0689748

22 17 0.0699507

23 17 0.0706506

24 17 0.0710716

25 17 0.0712121

26 17 0.0710716

27 17 0.0706506

28 17 0.0699507

29 17 0.0689748

30 17 0.0677267

31 17 0.0662113

32 17 0.0644346

33 17 0.0624036

34 17 0.0601264

35 17 0.0576118

36 17 0.0548699

37 17 0.0519114

38 17 0.048748

39 17 0.0453923

40 17 0.0418574

41 17 0.0381573

42 17 0.0343067

43 17 0.0303206

44 17 0.0262149

45 17 0.0220057

46 17 0.0177097

47 17 0.0133438

48 17 0.00892524

49 17 0.00447144

50 17 0

0 18 0

1 18 0.00461697

2 18 0.00921572

3 18 0.0137781

4 18 0.0182861

5 18 0.0227219

6 18 0.0270681

7 18 0.0313075

8 18 0.0354232

9 18 0.0393992

10 18 0.0432197

11 18 0.0468696

12 18 0.0503346

13 18 0.0536009

14 18 0.0566557

15 18 0.0594868

16 18 0.0620832

17 18 0.0644346

18 18 0.0665317

19 18 0.0683662

20 18 0.069931

21 18 0.0712197

22 18 0.0722273

23 18 0.07295

24 18 0.0733847

25 18 0.0735298

26 18 0.0733847

27 18 0.07295

28 18 0.0722273

29 18 0.0712197

30 18 0.069931

31 18 0.0683662

32 18 0.0665317

33 18 0.0644346

34 18 0.0620832

35 18 0.0594868

36 18 0.0566557

37 18 0.0536009

38 18 0.0503346

39 18 0.0468696

40 18 0.0432197

41 18 0.0393992

42 18 0.0354232

43 18 0.0313075

44 18 0.0270681

45 18 0.0227219

46 18 0.0182861

47 18 0.0137781

48 18 0.00921572

49 18 0.00461697

50 18 0

0 19 0

1 19 0.00474428

2 19 0.00946983

3 19 0.014158

4 19 0.0187903

5 19 0.0233485

6 19 0.0278145

7 19 0.0321707

8 19 0.0364

9 19 0.0404856

10 19 0.0444114

11 19 0.048162

12 19 0.0517225

13 19 0.0550789

14 19 0.0582179

15 19 0.0611271

16 19 0.0637951

17 19 0.0662113

18 19 0.0683662

19 19 0.0702514

20 19 0.0718592

21 19 0.0731835

22 19 0.0742189

23 19 0.0749615

24 19 0.0754082

25 19 0.0755573

26 19 0.0754082

27 19 0.0749615

28 19 0.0742189

29 19 0.0731835

30 19 0.0718592

31 19 0.0702514

32 19 0.0683662

33 19 0.0662113

34 19 0.0637951

35 19 0.0611271

36 19 0.0582179

37 19 0.0550789

38 19 0.0517225

39 19 0.048162

40 19 0.0444114

41 19 0.0404856

42 19 0.0364

43 19 0.0321707

44 19 0.0278145

45 19 0.0233485

46 19 0.0187903

47 19 0.014158

48 19 0.00946983

49 19 0.00474428

50 19 0

0 20 0

1 20 0.00485286

2 20 0.00968657

3 20 0.0144821

4 20 0.0192204

5 20 0.0238829

6 20 0.0284511

7 20 0.032907

8 20 0.0372331

9 20 0.0414122

10 20 0.0454279

11 20 0.0492643

12 20 0.0529063

13 20 0.0563395

14 20 0.0595503

15 20 0.0625261

16 20 0.0652552

17 20 0.0677267

18 20 0.069931

19 20 0.0718592

20 20 0.0735039

21 20 0.0748584

22 20 0.0759176

23 20 0.0766771

24 20 0.077134

25 20 0.0772865

26 20 0.077134

27 20 0.0766771

28 20 0.0759176

29 20 0.0748584

30 20 0.0735039

31 20 0.0718592

32 20 0.069931

33 20 0.0677267

34 20 0.0652552

35 20 0.0625261

36 20 0.0595503

37 20 0.0563395

38 20 0.0529063

39 20 0.0492643

40 20 0.0454279

41 20 0.0414122

42 20 0.0372331

43 20 0.032907

44 20 0.0284511

45 20 0.0238829

46 20 0.0192204

47 20 0.0144821

48 20 0.00968657

49 20 0.00485286

50 20 0

0 21 0

1 21 0.00494229

2 21 0.00986508

3 21 0.0147489

4 21 0.0195746

5 21 0.024323

6 21 0.0289754

7 21 0.0335134

8 21 0.0379192

9 21 0.0421754

10 21 0.0462651

11 21 0.0501722

12 21 0.0538813

13 21 0.0573777

14 21 0.0606477

15 21 0.0636784

16 21 0.0664578

17 21 0.0689748

18 21 0.0712197

19 21 0.0731835

20 21 0.0748584

21 21 0.076238

22 21 0.0773166

23 21 0.0780902

24 21 0.0785555

25 21 0.0787108

26 21 0.0785555

27 21 0.0780902

28 21 0.0773166

29 21 0.076238

30 21 0.0748584

31 21 0.0731835

32 21 0.0712197

33 21 0.0689748

34 21 0.0664578

35 21 0.0636784

36 21 0.0606477

37 21 0.0573777

38 21 0.0538813

39 21 0.0501722

40 21 0.0462651

41 21 0.0421754

42 21 0.0379192

43 21 0.0335134

44 21 0.0289754

45 21 0.024323

46 21 0.0195746

47 21 0.0147489

48 21 0.00986508

49 21 0.00494229

50 21 0

0 22 0

1 22 0.00501222

2 22 0.0100047

3 22 0.0149576

4 22 0.0198515

5 22 0.0246671

6 22 0.0293854

7 22 0.0339876

8 22 0.0384557

9 22 0.0427721

10 22 0.0469197

11 22 0.050882

12 22 0.0546436

13 22 0.0581895

14 22 0.0615058

15 22 0.0645794

16 22 0.067398

17 22 0.0699507

18 22 0.0722273

19 22 0.0742189

20 22 0.0759176

21 22 0.0773166

22 22 0.0784106

23 22 0.079195

24 22 0.079667

25 22 0.0798245

26 22 0.079667

27 22 0.079195

28 22 0.0784106

29 22 0.0773166

30 22 0.0759176

31 22 0.0742189

32 22 0.0722273

33 22 0.0699507

34 22 0.067398

35 22 0.0645794

36 22 0.0615058

37 22 0.0581895

38 22 0.0546436

39 22 0.050882

40 22 0.0469197

41 22 0.0427721

42 22 0.0384557

43 22 0.0339876

44 22 0.0293854

45 22 0.0246671

46 22 0.0198515

47 22 0.0149576

48 22 0.0100047

49 22 0.00501222

50 22 0

0 23 0

1 23 0.00506237

2 23 0.0101048

3 23 0.0151073

4 23 0.0200501

5 23 0.0249139

6 23 0.0296793

7 23 0.0343276

8 23 0.0388405

9 23 0.0432

10 23 0.0473891

11 23 0.0513911

12 23 0.0551903

13 23 0.0587717

14 23 0.0621212

15 23 0.0652255

16 23 0.0680723

17 23 0.0706506

18 23 0.07295

19 23 0.0749615

20 23 0.0766771

21 23 0.0780902

22 23 0.079195

23 23 0.0799874

24 23 0.080464

25 23 0.0806231

26 23 0.080464

27 23 0.0799874

28 23 0.079195

29 23 0.0780902

30 23 0.0766771

31 23 0.0749615

32 23 0.07295

33 23 0.0706506

34 23 0.0680723

35 23 0.0652255

36 23 0.0621212

37 23 0.0587717

38 23 0.0551903

39 23 0.0513911

40 23 0.0473891

41 23 0.0432

42 23 0.0388405

43 23 0.0343276

44 23 0.0296793

45 23 0.0249139

46 23 0.0200501

47 23 0.0151073

48 23 0.0101048

49 23 0.00506237

50 23 0

0 24 0

1 24 0.00509253

2 24 0.010165

3 24 0.0151973

4 24 0.0201696

5 24 0.0250624

6 24 0.0298562

7 24 0.0345322

8 24 0.0390719

9 24 0.0434574

10 24 0.0476715

11 24 0.0516973

12 24 0.0555192

13 24 0.0591219

14 24 0.0624913

15 24 0.0656141

16 24 0.068478

17 24 0.0710716

18 24 0.0733847

19 24 0.0754082

20 24 0.077134

21 24 0.0785555

22 24 0.079667

23 24 0.080464

24 24 0.0809435

25 24 0.0811035

26 24 0.0809435

27 24 0.080464

28 24 0.079667

29 24 0.0785555

30 24 0.077134

31 24 0.0754082

32 24 0.0733847

33 24 0.0710716

34 24 0.068478

35 24 0.0656141

36 24 0.0624913

37 24 0.0591219

38 24 0.0555192

39 24 0.0516973

40 24 0.0476715

41 24 0.0434574

42 24 0.0390719

43 24 0.0345322

44 24 0.0298562

45 24 0.0250624

46 24 0.0201696

47 24 0.0151973

48 24 0.010165

49 24 0.00509253

50 24 0

0 25 0

1 25 0.0051026

2 25 0.0101851

3 25 0.0152273

4 25 0.0202095

5 25 0.0251119

6 25 0.0299152

7 25 0.0346005

8 25 0.0391492

9 25 0.0435434

10 25 0.0477657

11 25 0.0517996

12 25 0.055629

13 25 0.0592388

14 25 0.0626149

15 25 0.0657439

16 25 0.0686134

17 25 0.0712121

18 25 0.0735298

19 25 0.0755573

20 25 0.0772865

21 25 0.0787108

22 25 0.0798245

23 25 0.0806231

24 25 0.0811035

25 25 0.0812639

26 25 0.0811035

27 25 0.0806231

28 25 0.0798245

29 25 0.0787108

30 25 0.0772865

31 25 0.0755573

32 25 0.0735298

33 25 0.0712121

34 25 0.0686134

35 25 0.0657439

36 25 0.0626149

37 25 0.0592388

38 25 0.055629

39 25 0.0517996

40 25 0.0477657

41 25 0.0435434

42 25 0.0391492

43 25 0.0346005

44 25 0.0299152

45 25 0.0251119

46 25 0.0202095

47 25 0.0152273

48 25 0.0101851

49 25 0.0051026

50 25 0

0 26 0

1 26 0.00509253

2 26 0.010165

3 26 0.0151973

4 26 0.0201696

5 26 0.0250624

6 26 0.0298562

7 26 0.0345322

8 26 0.0390719

9 26 0.0434574

10 26 0.0476715

11 26 0.0516973

12 26 0.0555192

13 26 0.0591219

14 26 0.0624913

15 26 0.0656141

16 26 0.068478

17 26 0.0710716

18 26 0.0733847

19 26 0.0754082

20 26 0.077134

21 26 0.0785555

22 26 0.079667

23 26 0.080464

24 26 0.0809435

25 26 0.0811035

26 26 0.0809435

27 26 0.080464

28 26 0.079667

29 26 0.0785555

30 26 0.077134

31 26 0.0754082

32 26 0.0733847

33 26 0.0710716

34 26 0.068478

35 26 0.0656141

36 26 0.0624913

37 26 0.0591219

38 26 0.0555192

39 26 0.0516973

40 26 0.0476715

41 26 0.0434574

42 26 0.0390719

43 26 0.0345322

44 26 0.0298562

45 26 0.0250624

46 26 0.0201696

47 26 0.0151973

48 26 0.010165

49 26 0.00509253

50 26 0

0 27 0

1 27 0.00506237

2 27 0.0101048

3 27 0.0151073

4 27 0.0200501

5 27 0.0249139

6 27 0.0296793

7 27 0.0343276

8 27 0.0388405

9 27 0.0432

10 27 0.0473891

11 27 0.0513911

12 27 0.0551903

13 27 0.0587717

14 27 0.0621212

15 27 0.0652255

16 27 0.0680723

17 27 0.0706506

18 27 0.07295

19 27 0.0749615

20 27 0.0766771

21 27 0.0780902

22 27 0.079195

23 27 0.0799874

24 27 0.080464

25 27 0.0806231

26 27 0.080464

27 27 0.0799874

28 27 0.079195

29 27 0.0780902

30 27 0.0766771

31 27 0.0749615

32 27 0.07295

33 27 0.0706506

34 27 0.0680723

35 27 0.0652255

36 27 0.0621212

37 27 0.0587717

38 27 0.0551903

39 27 0.0513911

40 27 0.0473891

41 27 0.0432

42 27 0.0388405

43 27 0.0343276

44 27 0.0296793

45 27 0.0249139

46 27 0.0200501

47 27 0.0151073

48 27 0.0101048

49 27 0.00506237

50 27 0

0 28 0

1 28 0.00501222

2 28 0.0100047

3 28 0.0149576

4 28 0.0198515

5 28 0.0246671

6 28 0.0293854

7 28 0.0339876

8 28 0.0384557

9 28 0.0427721

10 28 0.0469197

11 28 0.050882

12 28 0.0546436

13 28 0.0581895

14 28 0.0615058

15 28 0.0645794

16 28 0.067398

17 28 0.0699507

18 28 0.0722273

19 28 0.0742189

20 28 0.0759176

21 28 0.0773166

22 28 0.0784106

23 28 0.079195

24 28 0.079667

25 28 0.0798245

26 28 0.079667

27 28 0.079195

28 28 0.0784106

29 28 0.0773166

30 28 0.0759176

31 28 0.0742189

32 28 0.0722273

33 28 0.0699507

34 28 0.067398

35 28 0.0645794

36 28 0.0615058

37 28 0.0581895

38 28 0.0546436

39 28 0.050882

40 28 0.0469197

41 28 0.0427721

42 28 0.0384557

43 28 0.0339876

44 28 0.0293854

45 28 0.0246671

46 28 0.0198515

47 28 0.0149576

48 28 0.0100047

49 28 0.00501222

50 28 0

0 29 0

1 29 0.00494229

2 29 0.00986508

3 29 0.0147489

4 29 0.0195746

5 29 0.024323

6 29 0.0289754

7 29 0.0335134

8 29 0.0379192

9 29 0.0421754

10 29 0.0462651

11 29 0.0501722

12 29 0.0538813

13 29 0.0573777

14 29 0.0606477

15 29 0.0636784

16 29 0.0664578

17 29 0.0689748

18 29 0.0712197

19 29 0.0731835

20 29 0.0748584

21 29 0.076238

22 29 0.0773166

23 29 0.0780902

24 29 0.0785555

25 29 0.0787108

26 29 0.0785555

27 29 0.0780902

28 29 0.0773166

29 29 0.076238

30 29 0.0748584

31 29 0.0731835

32 29 0.0712197

33 29 0.0689748

34 29 0.0664578

35 29 0.0636784

36 29 0.0606477

37 29 0.0573777

38 29 0.0538813

39 29 0.0501722

40 29 0.0462651

41 29 0.0421754

42 29 0.0379192

43 29 0.0335134

44 29 0.0289754

45 29 0.024323

46 29 0.0195746

47 29 0.0147489

48 29 0.00986508

49 29 0.00494229

50 29 0

0 30 0

1 30 0.00485286

2 30 0.00968657

3 30 0.0144821

4 30 0.0192204

5 30 0.0238829

6 30 0.0284511

7 30 0.032907

8 30 0.0372331

9 30 0.0414122

10 30 0.0454279

11 30 0.0492643

12 30 0.0529063

13 30 0.0563395

14 30 0.0595503

15 30 0.0625261

16 30 0.0652552

17 30 0.0677267

18 30 0.069931

19 30 0.0718592

20 30 0.0735039

21 30 0.0748584

22 30 0.0759176

23 30 0.0766771

24 30 0.077134

25 30 0.0772865

26 30 0.077134

27 30 0.0766771

28 30 0.0759176

29 30 0.0748584

30 30 0.0735039

31 30 0.0718592

32 30 0.069931

33 30 0.0677267

34 30 0.0652552

35 30 0.0625261

36 30 0.0595503

37 30 0.0563395

38 30 0.0529063

39 30 0.0492643

40 30 0.0454279

41 30 0.0414122

42 30 0.0372331

43 30 0.032907

44 30 0.0284511

45 30 0.0238829

46 30 0.0192204

47 30 0.0144821

48 30 0.00968657

49 30 0.00485286

50 30 0

0 31 0

1 31 0.00474428

2 31 0.00946983

3 31 0.014158

4 31 0.0187903

5 31 0.0233485

6 31 0.0278145

7 31 0.0321707

8 31 0.0364

9 31 0.0404856

10 31 0.0444114

11 31 0.048162

12 31 0.0517225

13 31 0.0550789

14 31 0.0582179

15 31 0.0611271

16 31 0.0637951

17 31 0.0662113

18 31 0.0683662

19 31 0.0702514

20 31 0.0718592

21 31 0.0731835

22 31 0.0742189

23 31 0.0749615

24 31 0.0754082

25 31 0.0755573

26 31 0.0754082

27 31 0.0749615

28 31 0.0742189

29 31 0.0731835

30 31 0.0718592

31 31 0.0702514

32 31 0.0683662

33 31 0.0662113

34 31 0.0637951

35 31 0.0611271

36 31 0.0582179

37 31 0.0550789

38 31 0.0517225

39 31 0.048162

40 31 0.0444114

41 31 0.0404856

42 31 0.0364

43 31 0.0321707

44 31 0.0278145

45 31 0.0233485

46 31 0.0187903

47 31 0.014158

48 31 0.00946983

49 31 0.00474428

50 31 0

0 32 0

1 32 0.00461697

2 32 0.00921572

3 32 0.0137781

4 32 0.0182861

5 32 0.0227219

6 32 0.0270681

7 32 0.0313075

8 32 0.0354232

9 32 0.0393992

10 32 0.0432197

11 32 0.0468696

12 32 0.0503346

13 32 0.0536009

14 32 0.0566557

15 32 0.0594868

16 32 0.0620832

17 32 0.0644346

18 32 0.0665317

19 32 0.0683662

20 32 0.069931

21 32 0.0712197

22 32 0.0722273

23 32 0.07295

24 32 0.0733847

25 32 0.0735298

26 32 0.0733847

27 32 0.07295

28 32 0.0722273

29 32 0.0712197

30 32 0.069931

31 32 0.0683662

32 32 0.0665317

33 32 0.0644346

34 32 0.0620832

35 32 0.0594868

36 32 0.0566557

37 32 0.0536009

38 32 0.0503346

39 32 0.0468696

40 32 0.0432197

41 32 0.0393992

42 32 0.0354232

43 32 0.0313075

44 32 0.0270681

45 32 0.0227219

46 32 0.0182861

47 32 0.0137781

48 32 0.00921572

49 32 0.00461697

50 32 0

0 33 0

1 33 0.00447144

2 33 0.00892524

3 33 0.0133438

4 33 0.0177097

5 33 0.0220057

6 33 0.0262149

7 33 0.0303206

8 33 0.0343067

9 33 0.0381573

10 33 0.0418574

11 33 0.0453923

12 33 0.048748

13 33 0.0519114

14 33 0.0548699

15 33 0.0576118

16 33 0.0601264

17 33 0.0624036

18 33 0.0644346

19 33 0.0662113

20 33 0.0677267

21 33 0.0689748

22 33 0.0699507

23 33 0.0706506

24 33 0.0710716

25 33 0.0712121

26 33 0.0710716

27 33 0.0706506

28 33 0.0699507

29 33 0.0689748

30 33 0.0677267

31 33 0.0662113

32 33 0.0644346

33 33 0.0624036

34 33 0.0601264

35 33 0.0576118

36 33 0.0548699

37 33 0.0519114

38 33 0.048748

39 33 0.0453923

40 33 0.0418574

41 33 0.0381573

42 33 0.0343067

43 33 0.0303206

44 33 0.0262149

45 33 0.0220057

46 33 0.0177097

47 33 0.0133438

48 33 0.00892524

49 33 0.00447144

50 33 0

0 34 0

1 34 0.00430827

2 34 0.00859954

3 34 0.0128569

4 34 0.0170635

5 34 0.0212027

6 34 0.0252583

7 34 0.0292142

8 34 0.0330547

9 34 0.0367649

10 34 0.0403299

11 34 0.0437358

12 34 0.0469691

13 34 0.050017

14 34 0.0528675

15 34 0.0555094

16 34 0.0579322

17 34 0.0601264

18 34 0.0620832

19 34 0.0637951

20 34 0.0652552

21 34 0.0664578

22 34 0.067398

23 34 0.0680723

24 34 0.068478

25 34 0.0686134

26 34 0.068478

27 34 0.0680723

28 34 0.067398

29 34 0.0664578

30 34 0.0652552

31 34 0.0637951

32 34 0.0620832

33 34 0.0601264

34 34 0.0579322

35 34 0.0555094

36 34 0.0528675

37 34 0.050017

38 34 0.0469691

39 34 0.0437358

40 34 0.0403299

41 34 0.0367649

42 34 0.0330547

43 34 0.0292142

44 34 0.0252583

45 34 0.0212027

46 34 0.0170635

47 34 0.0128569

48 34 0.00859954

49 34 0.00430827

50 34 0

0 35 0

1 35 0.00412809

2 35 0.00823989

3 35 0.0123192

4 35 0.0163498

5 35 0.020316

6 35 0.0242019

7 35 0.0279924

8 35 0.0316723

9 35 0.0352273

10 35 0.0386433

11 35 0.0419067

12 35 0.0450048

13 35 0.0479252

14 35 0.0506565

15 35 0.0531879

16 35 0.0555094

17 35 0.0576118

18 35 0.0594868

19 35 0.0611271

20 35 0.0625261

21 35 0.0636784

22 35 0.0645794

23 35 0.0652255

24 35 0.0656141

25 35 0.0657439

26 35 0.0656141

27 35 0.0652255

28 35 0.0645794

29 35 0.0636784

30 35 0.0625261

31 35 0.0611271

32 35 0.0594868

33 35 0.0576118

34 35 0.0555094

35 35 0.0531879

36 35 0.0506565

37 35 0.0479252

38 35 0.0450048

39 35 0.0419067

40 35 0.0386433

41 35 0.0352273

42 35 0.0316723

43 35 0.0279924

44 35 0.0242019

45 35 0.020316

46 35 0.0163498

47 35 0.0123192

48 35 0.00823989

49 35 0.00412809

50 35 0

0 36 0

1 36 0.00393162

2 36 0.00784773

3 36 0.0117329

4 36 0.0155717

5 36 0.0193491

6 36 0.0230501

7 36 0.0266601

8 36 0.030165

9 36 0.0335507

10 36 0.0368041

11 36 0.0399122

12 36 0.0428628

13 36 0.0456443

14 36 0.0482456

15 36 0.0506565

16 36 0.0528675

17 36 0.0548699

18 36 0.0566557

19 36 0.0582179

20 36 0.0595503

21 36 0.0606477

22 36 0.0615058

23 36 0.0621212

24 36 0.0624913

25 36 0.0626149

26 36 0.0624913

27 36 0.0621212

28 36 0.0615058

29 36 0.0606477

30 36 0.0595503

31 36 0.0582179

32 36 0.0566557

33 36 0.0548699

34 36 0.0528675

35 36 0.0506565

36 36 0.0482456

37 36 0.0456443

38 36 0.0428628

39 36 0.0399122

40 36 0.0368041

41 36 0.0335507

42 36 0.030165

43 36 0.0266601

44 36 0.0230501

45 36 0.0193491

46 36 0.0155717

47 36 0.0117329

48 36 0.00784773

49 36 0.00393162

50 36 0

0 37 0

1 37 0.00371964

2 37 0.00742459

3 37 0.0111002

4 37 0.0147321

5 37 0.0183058

6 37 0.0218073

7 37 0.0252227

8 37 0.0285385

9 37 0.0317417

10 37 0.0348197

11 37 0.0377602

12 37 0.0405518

13 37 0.0431832

14 37 0.0456443

15 37 0.0479252

16 37 0.050017

17 37 0.0519114

18 37 0.0536009

19 37 0.0550789

20 37 0.0563395

21 37 0.0573777

22 37 0.0581895

23 37 0.0587717

24 37 0.0591219

25 37 0.0592388

26 37 0.0591219

27 37 0.0587717

28 37 0.0581895

29 37 0.0573777

30 37 0.0563395

31 37 0.0550789

32 37 0.0536009

33 37 0.0519114

34 37 0.050017

35 37 0.0479252

36 37 0.0456443

37 37 0.0431832

38 37 0.0405518

39 37 0.0377602

40 37 0.0348197

41 37 0.0317417

42 37 0.0285385

43 37 0.0252227

44 37 0.0218073

45 37 0.0183058

46 37 0.0147321

47 37 0.0111002

48 37 0.00742459

49 37 0.00371964

50 37 0

0 38 0

1 38 0.00349297

2 38 0.00697216

3 38 0.0104238

4 38 0.0138344

5 38 0.0171903

6 38 0.0204784

7 38 0.0236857

8 38 0.0267995

9 38 0.0298075

10 38 0.0326979

11 38 0.0354592

12 38 0.0380806

13 38 0.0405518

14 38 0.0428628

15 38 0.0450048

16 38 0.0469691

17 38 0.048748

18 38 0.0503346

19 38 0.0517225

20 38 0.0529063

21 38 0.0538813

22 38 0.0546436

23 38 0.0551903

24 38 0.0555192

25 38 0.055629

26 38 0.0555192

27 38 0.0551903

28 38 0.0546436

29 38 0.0538813

30 38 0.0529063

31 38 0.0517225

32 38 0.0503346

33 38 0.048748

34 38 0.0469691

35 38 0.0450048

36 38 0.0428628

37 38 0.0405518

38 38 0.0380806

39 38 0.0354592

40 38 0.0326979

41 38 0.0298075

42 38 0.0267995

43 38 0.0236857

44 38 0.0204784

45 38 0.0171903

46 38 0.0138344

47 38 0.0104238

48 38 0.00697216

49 38 0.00349297

50 38 0

0 39 0

1 39 0.00325252

2 39 0.00649221

3 39 0.00970627

4 39 0.012882

5 39 0.0160069

6 39 0.0190687

7 39 0.0220552

8 39 0.0249546

9 39 0.0277556

10 39 0.030447

11 39 0.0330183

12 39 0.0354592

13 39 0.0377602

14 39 0.0399122

15 39 0.0419067

16 39 0.0437358

17 39 0.0453923

18 39 0.0468696

19 39 0.048162

20 39 0.0492643

21 39 0.0501722

22 39 0.050882

23 39 0.0513911

24 39 0.0516973

25 39 0.0517996

26 39 0.0516973

27 39 0.0513911

28 39 0.050882

29 39 0.0501722

30 39 0.0492643

31 39 0.048162

32 39 0.0468696

33 39 0.0453923

34 39 0.0437358

35 39 0.0419067

36 39 0.0399122

37 39 0.0377602

38 39 0.0354592

39 39 0.0330183

40 39 0.030447

41 39 0.0277556

42 39 0.0249546

43 39 0.0220552

44 39 0.0190687

45 39 0.0160069

46 39 0.012882

47 39 0.00970627

48 39 0.00649221

49 39 0.00325252

50 39 0

0 40 0

1 40 0.00299923

2 40 0.00598663

3 40 0.0089504

4 40 0.0118788

5 40 0.0147604

6 40 0.0175837

7 40 0.0203377

8 40 0.0230113

9 40 0.0255941

10 40 0.028076

11 40 0.030447

12 40 0.0326979

13 40 0.0348197

14 40 0.0368041

15 40 0.0386433

16 40 0.0403299

17 40 0.0418574

18 40 0.0432197

19 40 0.0444114

20 40 0.0454279

21 40 0.0462651

22 40 0.0469197

23 40 0.0473891

24 40 0.0476715

25 40 0.0477657

26 40 0.0476715

27 40 0.0473891

28 40 0.0469197

29 40 0.0462651

30 40 0.0454279

31 40 0.0444114

32 40 0.0432197

33 40 0.0418574

34 40 0.0403299

35 40 0.0386433

36 40 0.0368041

37 40 0.0348197

38 40 0.0326979

39 40 0.030447

40 40 0.028076

41 40 0.0255941

42 40 0.0230113

43 40 0.0203377

44 40 0.0175837

45 40 0.0147604

46 40 0.0118788

47 40 0.0089504

48 40 0.00598663

49 40 0.00299923

50 40 0

0 41 0

1 41 0.00273411

2 41 0.00545743

3 41 0.00815921

4 41 0.0108288

5 41 0.0134556

6 41 0.0160294

7 41 0.0185399

8 41 0.0209772

9 41 0.0233317

10 41 0.0255941

11 41 0.0277556

12 41 0.0298075

13 41 0.0317417

14 41 0.0335507

15 41 0.0352273

16 41 0.0367649

17 41 0.0381573

18 41 0.0393992

19 41 0.0404856

20 41 0.0414122

21 41 0.0421754

22 41 0.0427721

23 41 0.0432

24 41 0.0434574

25 41 0.0435434

26 41 0.0434574

27 41 0.0432

28 41 0.0427721

29 41 0.0421754

30 41 0.0414122

31 41 0.0404856

32 41 0.0393992

33 41 0.0381573

34 41 0.0367649

35 41 0.0352273

36 41 0.0335507

37 41 0.0317417

38 41 0.0298075

39 41 0.0277556

40 41 0.0255941

41 41 0.0233317

42 41 0.0209772

43 41 0.0185399

44 41 0.0160294

45 41 0.0134556

46 41 0.0108288

47 41 0.00815921

48 41 0.00545743

49 41 0.00273411

50 41 0

0 42 0

1 42 0.0024582

2 42 0.00490669

3 42 0.00733582

4 42 0.009736

5 42 0.0120978

6 42 0.0144118

7 42 0.0166689

8 42 0.0188603

9 42 0.0209772

10 42 0.0230113

11 42 0.0249546

12 42 0.0267995

13 42 0.0285385

14 42 0.030165

15 42 0.0316723

16 42 0.0330547

17 42 0.0343067

18 42 0.0354232

19 42 0.0364

20 42 0.0372331

21 42 0.0379192

22 42 0.0384557

23 42 0.0388405

24 42 0.0390719

25 42 0.0391492

26 42 0.0390719

27 42 0.0388405

28 42 0.0384557

29 42 0.0379192

30 42 0.0372331

31 42 0.0364

32 42 0.0354232

33 42 0.0343067

34 42 0.0330547

35 42 0.0316723

36 42 0.030165

37 42 0.0285385

38 42 0.0267995

39 42 0.0249546

40 42 0.0230113

41 42 0.0209772

42 42 0.0188603

43 42 0.0166689

44 42 0.0144118

45 42 0.0120978

46 42 0.009736

47 42 0.00733582

48 42 0.00490669

49 42 0.0024582

50 42 0

0 43 0

1 43 0.00217258

2 43 0.00433659

3 43 0.00648348

4 43 0.00860479

5 43 0.0106921

6 43 0.0127373

7 43 0.0147322

8 43 0.0166689

9 43 0.0185399

10 43 0.0203377

11 43 0.0220552

12 43 0.0236857

13 43 0.0252227

14 43 0.0266601

15 43 0.0279924

16 43 0.0292142

17 43 0.0303206

18 43 0.0313075

19 43 0.0321707

20 43 0.032907

21 43 0.0335134

22 43 0.0339876

23 43 0.0343276

24 43 0.0345322

25 43 0.0346005

26 43 0.0345322

27 43 0.0343276

28 43 0.0339876

29 43 0.0335134

30 43 0.032907

31 43 0.0321707

32 43 0.0313075

33 43 0.0303206

34 43 0.0292142

35 43 0.0279924

36 43 0.0266601

37 43 0.0252227

38 43 0.0236857

39 43 0.0220552

40 43 0.0203377

41 43 0.0185399

42 43 0.0166689

43 43 0.0147322

44 43 0.0127373

45 43 0.0106921

46 43 0.00860479

47 43 0.00648348

48 43 0.00433659

49 43 0.00217258

50 43 0

0 44 0

1 44 0.00187839

2 44 0.00374937

3 44 0.00560556

4 44 0.00743962

5 44 0.00924431

6 44 0.0110125

7 44 0.0127373

8 44 0.0144118

9 44 0.0160294

10 44 0.0175837

11 44 0.0190687

12 44 0.0204784

13 44 0.0218073

14 44 0.0230501

15 44 0.0242019

16 44 0.0252583

17 44 0.0262149

18 44 0.0270681

19 44 0.0278145

20 44 0.0284511

21 44 0.0289754

22 44 0.0293854

23 44 0.0296793

24 44 0.0298562

25 44 0.0299152

26 44 0.0298562

27 44 0.0296793

28 44 0.0293854

29 44 0.0289754

30 44 0.0284511

31 44 0.0278145

32 44 0.0270681

33 44 0.0262149

34 44 0.0252583

35 44 0.0242019

36 44 0.0230501

37 44 0.0218073

38 44 0.0204784

39 44 0.0190687

40 44 0.0175837

41 44 0.0160294

42 44 0.0144118

43 44 0.0127373

44 44 0.0110125

45 44 0.00924431

46 44 0.00743962

47 44 0.00560556

48 44 0.00374937

49 44 0.00187839

50 44 0

0 45 0

1 45 0.00157679

2 45 0.00314736

3 45 0.0047055

4 45 0.00624508

5 45 0.00776001

6 45 0.00924431

7 45 0.0106921

8 45 0.0120978

9 45 0.0134556

10 45 0.0147604

11 45 0.0160069

12 45 0.0171903

13 45 0.0183058

14 45 0.0193491

15 45 0.020316

16 45 0.0212027

17 45 0.0220057

18 45 0.0227219

19 45 0.0233485

20 45 0.0238829

21 45 0.024323

22 45 0.0246671

23 45 0.0249139

24 45 0.0250624

25 45 0.0251119

26 45 0.0250624

27 45 0.0249139

28 45 0.0246671

29 45 0.024323

30 45 0.0238829

31 45 0.0233485

32 45 0.0227219

33 45 0.0220057

34 45 0.0212027

35 45 0.020316

36 45 0.0193491

37 45 0.0183058

38 45 0.0171903

39 45 0.0160069

40 45 0.0147604

41 45 0.0134556

42 45 0.0120978

43 45 0.0106921

44 45 0.00924431

45 45 0.00776001

46 45 0.00624508

47 45 0.0047055

48 45 0.00314736

49 45 0.00157679

50 45 0

0 46 0

1 46 0.00126897

2 46 0.00253292

3 46 0.00378688

4 46 0.0050259

5 46 0.00624508

6 46 0.00743962

7 46 0.00860479

8 46 0.009736

9 46 0.0108288

10 46 0.0118788

11 46 0.012882

12 46 0.0138344

13 46 0.0147321

14 46 0.0155717

15 46 0.0163498

16 46 0.0170635

17 46 0.0177097

18 46 0.0182861

19 46 0.0187903

20 46 0.0192204

21 46 0.0195746

22 46 0.0198515

23 46 0.0200501

24 46 0.0201696

25 46 0.0202095

26 46 0.0201696

27 46 0.0200501

28 46 0.0198515

29 46 0.0195746

30 46 0.0192204

31 46 0.0187903

32 46 0.0182861

33 46 0.0177097

34 46 0.0170635

35 46 0.0163498

36 46 0.0155717

37 46 0.0147321

38 46 0.0138344

39 46 0.012882

40 46 0.0118788

41 46 0.0108288

42 46 0.009736

43 46 0.00860479

44 46 0.00743962

45 46 0.00624508

46 46 0.0050259

47 46 0.00378688

48 46 0.00253292

49 46 0.00126897

50 46 0

0 47 0

1 47 0.000956132

2 47 0.00190849

3 47 0.00285332

4 47 0.00378688

5 47 0.0047055

6 47 0.00560556

7 47 0.00648348

8 47 0.00733582

9 47 0.00815921

10 47 0.0089504

11 47 0.00970627

12 47 0.0104238

13 47 0.0111002

14 47 0.0117329

15 47 0.0123192

16 47 0.0128569

17 47 0.0133438

18 47 0.0137781

19 47 0.014158

20 47 0.0144821

21 47 0.0147489

22 47 0.0149576

23 47 0.0151073

24 47 0.0151973

25 47 0.0152273

26 47 0.0151973

27 47 0.0151073

28 47 0.0149576

29 47 0.0147489

30 47 0.0144821

31 47 0.014158

32 47 0.0137781

33 47 0.0133438

34 47 0.0128569

35 47 0.0123192

36 47 0.0117329

37 47 0.0111002

38 47 0.0104238

39 47 0.00970627

40 47 0.0089504

41 47 0.00815921

42 47 0.00733582

43 47 0.00648348

44 47 0.00560556

45 47 0.0047055

46 47 0.00378688

47 47 0.00285332

48 47 0.00190849

49 47 0.000956132

50 47 0

0 48 0

1 48 0.000639526

2 48 0.00127653

3 48 0.00190849

4 48 0.00253292

5 48 0.00314736

6 48 0.00374937

7 48 0.00433659

8 48 0.00490669

9 48 0.00545743

10 48 0.00598663

11 48 0.00649221

12 48 0.00697216

13 48 0.00742459

14 48 0.00784773

15 48 0.00823989

16 48 0.00859954

17 48 0.00892524

18 48 0.00921572

19 48 0.00946983

20 48 0.00968657

21 48 0.00986508

22 48 0.0100047

23 48 0.0101048

24 48 0.010165

25 48 0.0101851

26 48 0.010165

27 48 0.0101048

28 48 0.0100047

29 48 0.00986508

30 48 0.00968657

31 48 0.00946983

32 48 0.00921572

33 48 0.00892524

34 48 0.00859954

35 48 0.00823989

36 48 0.00784773

37 48 0.00742459

38 48 0.00697216

39 48 0.00649221

40 48 0.00598663

41 48 0.00545743

42 48 0.00490669

43 48 0.00433659

44 48 0.00374937

45 48 0.00314736

46 48 0.00253292
