0 1 0

1 1 0.00155341

2 1 0.00310068

3 1 0.00463572

4 1 0.00615246

5 1 0.00764492

6 1 0.00910721

7 1 0.0105336

8 1 0.0119183

9 1 0.0132561

10 1 0.0145415

11 1 0.0157695

12 1 0.0169353

13 1 0.0180343

14 1 0.0190621

15 1 0.0200147

16 1 0.0208882

17 1 0.0216794

18 1 0.022385

19 1 0.0230022

20 1 0.0235286

21 1 0.0239622

22 1 0.0243013

23 1 0.0245444

24 1 0.0246907

25 1 0.0247395

26 1 0.0246907

27 1 0.0245444

28 1 0.0243013

29 1 0.0239622

30 1 0.0235286

31 1 0.0230022

32 1 0.022385

33 1 0.0216794

34 1 0.0208882

35 1 0.0200147

36 1 0.0190621

37 1 0.0180343

38 1 0.0169353

39 1 0.0157695

40 1 0.0145415

41 1 0.0132561

42 1 0.0119183

43 1 0.0105336

44 1 0.00910721

45 1 0.00764492

46 1 0.00615246

47 1 0.00463572

48 1 0.00310068

49 1 0.00155341

50 1 0

0 2 0

1 2 0.00310068

2 2 0.00618912

3 2 0.00925314

4 2 0.0122806

5 2 0.0152597

6 2 0.0181785

7 2 0.0210256

8 2 0.0237896

9 2 0.0264598

10 2 0.0290256

11 2 0.0314768

12 2 0.0338039

13 2 0.0359974

14 2 0.038049

15 2 0.0399503

16 2 0.041694

17 2 0.0432732

18 2 0.0446816

19 2 0.0459136

20 2 0.0469644

21 2 0.0478299

22 2 0.0485067

23 2 0.0489919

24 2 0.0492839

25 2 0.0493813

26 2 0.0492839

27 2 0.0489919

28 2 0.0485067

29 2 0.0478299

30 2 0.0469644

31 2 0.0459136

32 2 0.0446816

33 2 0.0432732

34 2 0.041694

35 2 0.0399503

36 2 0.038049

37 2 0.0359974

38 2 0.0338039

39 2 0.0314768

40 2 0.0290256

41 2 0.0264598

42 2 0.0237896

43 2 0.0210256

44 2 0.0181785

45 2 0.0152597

46 2 0.0122806

47 2 0.00925314

48 2 0.00618912

49 2 0.00310068

50 2 0

0 3 0

1 3 0.00463572

2 3 0.00925314

3 3 0.013834

4 3 0.0183604

5 3 0.0228142

6 3 0.027178

7 3 0.0314346

8 3 0.0355671

9 3 0.0395592

10 3 0.0433952

11 3 0.0470599

12 3 0.0505389

13 3 0.0538185

14 3 0.0568857

15 3 0.0597283

16 3 0.0623353

17 3 0.0646962

18 3 0.0668018

19 3 0.0686438

20 3 0.0702149

21 3 0.0715088

22 3 0.0725206

23 3 0.0732461

24 3 0.0736826

25 3 0.0738283

26 3 0.0736826

27 3 0.0732461

28 3 0.0725206

29 3 0.0715088

30 3 0.0702149

31 3 0.0686438

32 3 0.0668018

33 3 0.0646962

34 3 0.0623353

35 3 0.0597283

36 3 0.0568857

37 3 0.0538185

38 3 0.0505389

39 3 0.0470599

40 3 0.0433952

41 3 0.0395592

42 3 0.0355671

43 3 0.0314346

44 3 0.027178

45 3 0.0228142

46 3 0.0183604

47 3 0.013834

48 3 0.00925314

49 3 0.00463572

50 3 0

0 4 0

1 4 0.00615246

2 4 0.0122806

3 4 0.0183604

4 4 0.0243676

5 4 0.0302787

6 4 0.0360703

7 4 0.0417195

8 4 0.0472041

9 4 0.0525024

10 4 0.0575935

11 4 0.0624573

12 4 0.0670746

13 4 0.0714272

14 4 0.0754979

15 4 0.0792706

16 4 0.0827305

17 4 0.0858639

18 4 0.0886585

19 4 0.0911031

20 4 0.0931882

21 4 0.0949056

22 4 0.0962483

23 4 0.0972113

24 4 0.0977905

25 4 0.0979839

26 4 0.0977905

27 4 0.0972113

28 4 0.0962483

29 4 0.0949056

30 4 0.0931882

31 4 0.0911031

32 4 0.0886585

33 4 0.0858639

34 4 0.0827305

35 4 0.0792706

36 4 0.0754979

37 4 0.0714272

38 4 0.0670746

39 4 0.0624573

40 4 0.0575935

41 4 0.0525024

42 4 0.0472041

43 4 0.0417195

44 4 0.0360703

45 4 0.0302787

46 4 0.0243676

47 4 0.0183604

48 4 0.0122806

49 4 0.00615246

50 4 0

0 5 0

1 5 0.00764492

2 5 0.0152597

3 5 0.0228142

4 5 0.0302787

5 5 0.0376237

6 5 0.0448202

7 5 0.0518398

8 5 0.0586549

9 5 0.0652384

10 5 0.0715645

11 5 0.0776082

12 5 0.0833455

13 5 0.088754

14 5 0.0938121

15 5 0.0985001

16 5 0.102799

17 5 0.106693

18 5 0.110165

19 5 0.113203

20 5 0.115794

21 5 0.117928

22 5 0.119596

23 5 0.120793

24 5 0.121513

25 5 0.121753

26 5 0.121513

27 5 0.120793

28 5 0.119596

29 5 0.117928

30 5 0.115794

31 5 0.113203

32 5 0.110165

33 5 0.106693

34 5 0.102799

35 5 0.0985001

36 5 0.0938121

37 5 0.088754

38 5 0.0833455

39 5 0.0776082

40 5 0.0715645

41 5 0.0652384

42 5 0.0586549

43 5 0.0518398

44 5 0.0448202

45 5 0.0376237

46 5 0.0302787

47 5 0.0228142

48 5 0.0152597

49 5 0.00764492

50 5 0

0 6 0

1 6 0.00910721

2 6 0.0181785

3 6 0.027178

4 6 0.0360703

5 6 0.0448202

6 6 0.0533932

7 6 0.0617555

8 6 0.0698741

9 6 0.077717

10 6 0.0852531

11 6 0.0924527

12 6 0.0992875

13 6 0.10573

14 6 0.111756

15 6 0.117341

16 6 0.122462

17 6 0.127101

18 6 0.131237

19 6 0.134856

20 6 0.137942

21 6 0.140484

22 6 0.142472

23 6 0.143898

24 6 0.144755

25 6 0.145041

26 6 0.144755

27 6 0.143898

28 6 0.142472

29 6 0.140484

30 6 0.137942

31 6 0.134856

32 6 0.131237

33 6 0.127101

34 6 0.122462

35 6 0.117341

36 6 0.111756

37 6 0.10573

38 6 0.0992875

39 6 0.0924527

40 6 0.0852531

41 6 0.077717

42 6 0.0698741

43 6 0.0617555

44 6 0.0533932

45 6 0.0448202

46 6 0.0360703

47 6 0.027178

48 6 0.0181785

49 6 0.00910721

50 6 0

0 7 0

1 7 0.0105336

2 7 0.0210256

3 7 0.0314346

4 7 0.0417195

5 7 0.0518398

6 7 0.0617555

7 7 0.0714275

8 7 0.0808176

9 7 0.0898888

10 7 0.0986052

11 7 0.106932

12 7 0.114838

13 7 0.12229

14 7 0.129259

15 7 0.135718

16 7 0.141642

17 7 0.147007

18 7 0.151791

19 7 0.155977

20 7 0.159547

21 7 0.162487

22 7 0.164786

23 7 0.166434

24 7 0.167426

25 7 0.167757

26 7 0.167426

27 7 0.166434

28 7 0.164786

29 7 0.162487

30 7 0.159547

31 7 0.155977

32 7 0.151791

33 7 0.147007

34 7 0.141642

35 7 0.135718

36 7 0.129259

37 7 0.12229

38 7 0.114838

39 7 0.106932

40 7 0.0986052

41 7 0.0898888

42 7 0.0808176

43 7 0.0714275

44 7 0.0617555

45 7 0.0518398

46 7 0.0417195

47 7 0.0314346

48 7 0.0210256

49 7 0.0105336

50 7 0

0 8 0

1 8 0.0119183

2 8 0.0237896

3 8 0.0355671

4 8 0.0472041

5 8 0.0586549

6 8 0.0698741

7 8 0.0808176

8 8 0.0914422

9 8 0.101706

10 8 0.111568

11 8 0.12099

12 8 0.129935

13 8 0.138366

14 8 0.146252

15 8 0.15356

16 8 0.160263

17 8 0.166333

18 8 0.171746

19 8 0.176482

20 8 0.180521

21 8 0.183848

22 8 0.186449

23 8 0.188314

24 8 0.189437

25 8 0.189811

26 8 0.189437

27 8 0.188314

28 8 0.186449

29 8 0.183848

30 8 0.180521

31 8 0.176482

32 8 0.171746

33 8 0.166333

34 8 0.160263

35 8 0.15356

36 8 0.146252

37 8 0.138366

38 8 0.129935

39 8 0.12099

40 8 0.111568

41 8 0.101706

42 8 0.0914422

43 8 0.0808176

44 8 0.0698741

45 8 0.0586549

46 8 0.0472041

47 8 0.0355671

48 8 0.0237896

49 8 0.0119183

50 8 0

0 9 0

1 9 0.0132561

2 9 0.0264598

3 9 0.0395592

4 9 0.0525024

5 9 0.0652384

6 9 0.077717

7 9 0.0898888

8 9 0.101706

9 9 0.113122

10 9 0.124091

11 9 0.13457

12 9 0.144519

13 9 0.153897

14 9 0.162668

15 9 0.170796

16 9 0.178251

17 9 0.185002

18 9 0.191023

19 9 0.196291

20 9 0.200783

21 9 0.204483

22 9 0.207376

23 9 0.209451

24 9 0.210699

25 9 0.211116

26 9 0.210699

27 9 0.209451

28 9 0.207376

29 9 0.204483

30 9 0.200783

31 9 0.196291

32 9 0.191023

33 9 0.185002

34 9 0.178251

35 9 0.170796

36 9 0.162668

37 9 0.153897

38 9 0.144519

39 9 0.13457

40 9 0.124091

41 9 0.113122

42 9 0.101706

43 9 0.0898888

44 9 0.077717

45 9 0.0652384

46 9 0.0525024

47 9 0.0395592

48 9 0.0264598

49 9 0.0132561

50 9 0

0 10 0

1 10 0.0145415

2 10 0.0290256

3 10 0.0433952

4 10 0.0575935

5 10 0.0715645

6 10 0.0852531

7 10 0.0986052

8 10 0.111568

9 10 0.124091

10 10 0.136124

11 10 0.147619

12 10 0.158533

13 10 0.16882

14 10 0.178441

15 10 0.187358

16 10 0.195536

17 10 0.202942

18 10 0.209547

19 10 0.215325

20 10 0.220253

21 10 0.224312

22 10 0.227486

23 10 0.229761

24 10 0.231131

25 10 0.231588

26 10 0.231131

27 10 0.229761

28 10 0.227486

29 10 0.224312

30 10 0.220253

31 10 0.215325

32 10 0.209547

33 10 0.202942

34 10 0.195536

35 10 0.187358

36 10 0.178441

37 10 0.16882

38 10 0.158533

39 10 0.147619

40 10 0.136124

41 10 0.124091

42 10 0.111568

43 10 0.0986052

44 10 0.0852531

45 10 0.0715645

46 10 0.0575935

47 10 0.0433952

48 10 0.0290256

49 10 0.0145415

50 10 0

0 11 0

1 11 0.0157695

2 11 0.0314768

3 11 0.0470599

4 11 0.0624573

5 11 0.0776082

6 11 0.0924527

7 11 0.106932

8 11 0.12099

9 11 0.13457

10 11 0.147619

11 11 0.160086

12 11 0.171921

13 11 0.183077

14 11 0.193511

15 11 0.203181

16 11 0.212049

17 11 0.22008

18 11 0.227243

19 11 0.233509

20 11 0.238853

21 11 0.243255

22 11 0.246697

23 11 0.249165

24 11 0.25065

25 11 0.251145

26 11 0.25065

27 11 0.249165

28 11 0.246697

29 11 0.243255

30 11 0.238853

31 11 0.233509

32 11 0.227243

33 11 0.22008

34 11 0.212049

35 11 0.203181

36 11 0.193511

37 11 0.183077

38 11 0.171921

39 11 0.160086

40 11 0.147619

41 11 0.13457

42 11 0.12099

43 11 0.106932

44 11 0.0924527

45 11 0.0776082

46 11 0.0624573

47 11 0.0470599

48 11 0.0314768

49 11 0.0157695

50 11 0

0 12 0

1 12 0.0169353

2 12 0.0338039

3 12 0.0505389

4 12 0.0670746

5 12 0.0833455

6 12 0.0992875

7 12 0.114838

8 12 0.129935

9 12 0.144519

10 12 0.158533

11 12 0.171921

12 12 0.18463

13 12 0.196611

14 12 0.207817

15 12 0.218201

16 12 0.227725

17 12 0.23635

18 12 0.244043

19 12 0.250772

20 12 0.256511

21 12 0.261238

22 12 0.264934

23 12 0.267585

24 12 0.26918

25 12 0.269712

26 12 0.26918

27 12 0.267585

28 12 0.264934

29 12 0.261238

30 12 0.256511

31 12 0.250772

32 12 0.244043

33 12 0.23635

34 12 0.227725

35 12 0.218201

36 12 0.207817

37 12 0.196611

38 12 0.18463

39 12 0.171921

40 12 0.158533

41 12 0.144519

42 12 0.129935

43 12 0.114838

44 12 0.0992875

45 12 0.0833455

46 12 0.0670746

47 12 0.0505389

48 12 0.0338039

49 12 0.0169353

50 12 0

0 13 0

1 13 0.0180343

2 13 0.0359974

3 13 0.0538185

4 13 0.0714272

5 13 0.088754

6 13 0.10573

7 13 0.12229

8 13 0.138366

9 13 0.153897

10 13 0.16882

11 13 0.183077

12 13 0.196611

13 13 0.20937

14 13 0.221302

15 13 0.232361

16 13 0.242503

17 13 0.251687

18 13 0.259879

19 13 0.267045

20 13 0.273157

21 13 0.278191

22 13 0.282127

23 13 0.284949

24 13 0.286647

25 13 0.287214

26 13 0.286647

27 13 0.284949

28 13 0.282127

29 13 0.278191

30 13 0.273157

31 13 0.267045

32 13 0.259879

33 13 0.251687

34 13 0.242503

35 13 0.232361

36 13 0.221302

37 13 0.20937

38 13 0.196611

39 13 0.183077

40 13 0.16882

41 13 0.153897

42 13 0.138366

43 13 0.12229

44 13 0.10573

45 13 0.088754

46 13 0.0714272

47 13 0.0538185

48 13 0.0359974

49 13 0.0180343

50 13 0

0 14 0

1 14 0.0190621

2 14 0.038049

3 14 0.0568857

4 14 0.0754979

5 14 0.0938121

6 14 0.111756

7 14 0.129259

8 14 0.146252

9 14 0.162668

10 14 0.178441

11 14 0.193511

12 14 0.207817

13 14 0.221302

14 14 0.233914

15 14 0.245603

16 14 0.256323

17 14 0.266031

18 14 0.27469

19 14 0.282264

20 14 0.288724

21 14 0.294045

22 14 0.298205

23 14 0.301189

24 14 0.302983

25 14 0.303582

26 14 0.302983

27 14 0.301189

28 14 0.298205

29 14 0.294045

30 14 0.288724

31 14 0.282264

32 14 0.27469

33 14 0.266031

34 14 0.256323

35 14 0.245603

36 14 0.233914

37 14 0.221302

38 14 0.207817

39 14 0.193511

40 14 0.178441

41 14 0.162668

42 14 0.146252

43 14 0.129259

44 14 0.111756

45 14 0.0938121

46 14 0.0754979

47 14 0.0568857

48 14 0.038049

49 14 0.0190621

50 14 0

0 15 0

1 15 0.0200147

2 15 0.0399503

3 15 0.0597283

4 15 0.0792706

5 15 0.0985001

6 15 0.117341

7 15 0.135718

8 15 0.15356

9 15 0.170796

10 15 0.187358

11 15 0.203181

12 15 0.218201

13 15 0.232361

14 15 0.245603

15 15 0.257877

16 15 0.269132

17 15 0.279325

18 15 0.288416

19 15 0.296369

20 15 0.303152

21 15 0.308739

22 15 0.313107

23 15 0.31624

24 15 0.318124

25 15 0.318753

26 15 0.318124

27 15 0.31624

28 15 0.313107

29 15 0.308739

30 15 0.303152

31 15 0.296369

32 15 0.288416

33 15 0.279325

34 15 0.269132

35 15 0.257877

36 15 0.245603

37 15 0.232361

38 15 0.218201

39 15 0.203181

40 15 0.187358

41 15 0.170796

42 15 0.15356

43 15 0.135718

44 15 0.117341

45 15 0.0985001

46 15 0.0792706

47 15 0.0597283

48 15 0.0399503

49 15 0.0200147

50 15 0

0 16 0

1 16 0.0208882

2 16 0.041694

3 16 0.0623353

4 16 0.0827305

5 16 0.102799

6 16 0.122462

7 16 0.141642

8 16 0.160263

9 16 0.178251

10 16 0.195536

11 16 0.212049

12 16 0.227725

13 16 0.242503

14 16 0.256323

15 16 0.269132

16 16 0.280879

17 16 0.291517

18 16 0.301005

19 16 0.309305

20 16 0.316384

21 16 0.322214

22 16 0.326773

23 16 0.330042

24 16 0.332009

25 16 0.332665

26 16 0.332009

27 16 0.330042

28 16 0.326773

29 16 0.322214

30 16 0.316384

31 16 0.309305

32 16 0.301005

33 16 0.291517

34 16 0.280879

35 16 0.269132

36 16 0.256323

37 16 0.242503

38 16 0.227725

39 16 0.212049

40 16 0.195536

41 16 0.178251

42 16 0.160263

43 16 0.141642

44 16 0.122462

45 16 0.102799

46 16 0.0827305

47 16 0.0623353

48 16 0.041694

49 16 0.0208882

50 16 0

0 17 0

1 17 0.0216794

2 17 0.0432732

3 17 0.0646962

4 17 0.0858639

5 17 0.106693

6 17 0.127101

7 17 0.147007

8 17 0.166333

9 17 0.185002

10 17 0.202942

11 17 0.22008

12 17 0.23635

13 17 0.251687

14 17 0.266031

15 17 0.279325

16 17 0.291517

17 17 0.302558

18 17 0.312405

19 17 0.321019

20 17 0.328367

21 17 0.334418

22 17 0.33915

23 17 0.342543

24 17 0.344584

25 17 0.345265

26 17 0.344584

27 17 0.342543

28 17 0.33915

29 17 0.334418

30 17 0.328367

31 17 0.321019

32 17 0.312405

33 17 0.302558

34 17 0.291517

35 17 0.279325

36 17 0.266031

37 17 0.251687

38 17 0.23635

39 17 0.22008

40 17 0.202942

41 17 0.185002

42 17 0.166333

43 17 0.147007

44 17 0.127101

45 17 0.106693

46 17 0.0858639

47 17 0.0646962

48 17 0.0432732

49 17 0.0216794

50 17 0

0 18 0

1 18 0.022385

2 18 0.0446816

3 18 0.0668018

4 18 0.0886585

5 18 0.110165

6 18 0.131237

7 18 0.151791

8 18 0.171746

9 18 0.191023

10 18 0.209547

11 18 0.227243

12 18 0.244043

13 18 0.259879

14 18 0.27469

15 18 0.288416

16 18 0.301005

17 18 0.312405

18 18 0.322573

19 18 0.331467

20 18 0.339054

21 18 0.345302

22 18 0.350188

23 18 0.353691

24 18 0.355799

25 18 0.356502

26 18 0.355799

27 18 0.353691

28 18 0.350188

29 18 0.345302

30 18 0.339054

31 18 0.331467

32 18 0.322573

33 18 0.312405

34 18 0.301005

35 18 0.288416

36 18 0.27469

37 18 0.259879

38 18 0.244043

39 18 0.227243

40 18 0.209547

41 18 0.191023

42 18 0.171746

43 18 0.151791

44 18 0.131237

45 18 0.110165

46 18 0.0886585

47 18 0.0668018

48 18 0.0446816

49 18 0.022385

50 18 0

0 19 0

1 19 0.0230022

2 19 0.0459136

3 19 0.0686438

4 19 0.0911031

5 19 0.113203

6 19 0.134856

7 19 0.155977

8 19 0.176482

9 19 0.196291

10 19 0.215325

11 19 0.233509

12 19 0.250772

13 19 0.267045

14 19 0.282264

15 19 0.296369

16 19 0.309305

17 19 0.321019

18 19 0.331467

19 19 0.340607

20 19 0.348403

21 19 0.354823

22 19 0.359843

23 19 0.363444

24 19 0.365609

25 19 0.366332

26 19 0.365609

27 19 0.363444

28 19 0.359843

29 19 0.354823

30 19 0.348403

31 19 0.340607

32 19 0.331467

33 19 0.321019

34 19 0.309305

35 19 0.296369

36 19 0.282264

37 19 0.267045

38 19 0.250772

39 19 0.233509

40 19 0.215325

41 19 0.196291

42 19 0.176482

43 19 0.155977

44 19 0.134856

45 19 0.113203

46 19 0.0911031

47 19 0.0686438

48 19 0.0459136

49 19 0.0230022

50 19 0

0 20 0

1 20 0.0235286

2 20 0.0469644

3 20 0.0702149

4 20 0.0931882

5 20 0.115794

6 20 0.137942

7 20 0.159547

8 20 0.180521

9 20 0.200783

10 20 0.220253

11 20 0.238853

12 20 0.256511

13 20 0.273157

14 20 0.288724

15 20 0.303152

16 20 0.316384

17 20 0.328367

18 20 0.339054

19 20 0.348403

20 20 0.356377

21 20 0.362944

22 20 0.368079

23 20 0.371762

24 20 0.373977

25 20 0.374717

26 20 0.373977

27 20 0.371762

28 20 0.368079

29 20 0.362944

30 20 0.356377

31 20 0.348403

32 20 0.339054

33 20 0.328367

34 20 0.316384

35 20 0.303152

36 20 0.288724

37 20 0.273157

38 20 0.256511

39 20 0.238853

40 20 0.220253

41 20 0.200783

42 20 0.180521

43 20 0.159547

44 20 0.137942

45 20 0.115794

46 20 0.0931882

47 20 0.0702149

48 20 0.0469644

49 20 0.0235286

50 20 0

0 21 0

1 21 0.0239622

2 21 0.0478299

3 21 0.0715088

4 21 0.0949056

5 21 0.117928

6 21 0.140484

7 21 0.162487

8 21 0.183848

9 21 0.204483

10 21 0.224312

11 21 0.243255

12 21 0.261238

13 21 0.278191

14 21 0.294045

15 21 0.308739

16 21 0.322214

17 21 0.334418

18 21 0.345302

19 21 0.354823

20 21 0.362944

21 21 0.369633

22 21 0.374863

23 21 0.378613

24 21 0.380869

25 21 0.381622

26 21 0.380869

27 21 0.378613

28 21 0.374863

29 21 0.369633

30 21 0.362944

31 21 0.354823

32 21 0.345302

33 21 0.334418

34 21 0.322214

35 21 0.308739

36 21 0.294045

37 21 0.278191

38 21 0.261238

39 21 0.243255

40 21 0.224312

41 21 0.204483

42 21 0.183848

43 21 0.162487

44 21 0.140484

45 21 0.117928

46 21 0.0949056

47 21 0.0715088

48 21 0.0478299

49 21 0.0239622

50 21 0

0 22 0

1 22 0.0243013

2 22 0.0485067

3 22 0.0725206

4 22 0.0962483

5 22 0.119596

6 22 0.142472

7 22 0.164786

8 22 0.186449

9 22 0.207376

10 22 0.227486

11 22 0.246697

12 22 0.264934

13 22 0.282127

14 22 0.298205

15 22 0.313107

16 22 0.326773

17 22 0.33915

18 22 0.350188

19 22 0.359843

20 22 0.368079

21 22 0.374863

22 22 0.380166

23 22 0.38397

24 22 0.386258

25 22 0.387022

26 22 0.386258

27 22 0.38397

28 22 0.380166

29 22 0.374863

30 22 0.368079

31 22 0.359843

32 22 0.350188

33 22 0.33915

34 22 0.326773

35 22 0.313107

36 22 0.298205

37 22 0.282127

38 22 0.264934

39 22 0.246697

40 22 0.227486

41 22 0.207376

42 22 0.186449

43 22 0.164786

44 22 0.142472

45 22 0.119596

46 22 0.0962483

47 22 0.0725206

48 22 0.0485067

49 22 0.0243013

50 22 0

0 23 0

1 23 0.0245444

2 23 0.0489919

3 23 0.0732461

4 23 0.0972113

5 23 0.120793

6 23 0.143898

7 23 0.166434

8 23 0.188314

9 23 0.209451

10 23 0.229761

11 23 0.249165

12 23 0.267585

13 23 0.284949

14 23 0.301189

15 23 0.31624

16 23 0.330042

17 23 0.342543

18 23 0.353691

19 23 0.363444

20 23 0.371762

21 23 0.378613

22 23 0.38397

23 23 0.387811

24 23 0.390122

25 23 0.390894

26 23 0.390122

27 23 0.387811

28 23 0.38397

29 23 0.378613

30 23 0.371762

31 23 0.363444

32 23 0.353691

33 23 0.342543

34 23 0.330042

35 23 0.31624

36 23 0.301189

37 23 0.284949

38 23 0.267585

39 23 0.249165

40 23 0.229761

41 23 0.209451

42 23 0.188314

43 23 0.166434

44 23 0.143898

45 23 0.120793

46 23 0.0972113

47 23 0.0732461

48 23 0.0489919

49 23 0.0245444

50 23 0

0 24 0

1 24 0.0246907

2 24 0.0492839

3 24 0.0736826

4 24 0.0977905

5 24 0.121513

6 24 0.144755

7 24 0.167426

8 24 0.189437

9 24 0.210699

10 24 0.231131

11 24 0.25065

12 24 0.26918

13 24 0.286647

14 24 0.302983

15 24 0.318124

16 24 0.332009

17 24 0.344584

18 24 0.355799

19 24 0.365609

20 24 0.373977

21 24 0.380869

22 24 0.386258

23 24 0.390122

24 24 0.392447

25 24 0.393223

26 24 0.392447

27 24 0.390122

28 24 0.386258

29 24 0.380869

30 24 0.373977

31 24 0.365609

32 24 0.355799

33 24 0.344584

34 24 0.332009

35 24 0.318124

36 24 0.302983

37 24 0.286647

38 24 0.26918

39 24 0.25065

40 24 0.231131

41 24 0.210699

42 24 0.189437

43 24 0.167426

44 24 0.144755

45 24 0.121513

46 24 0.0977905

47 24 0.0736826

48 24 0.0492839

49 24 0.0246907

50 24 0

0 25 0

1 25 0.0247395

2 25 0.0493813

3 25 0.0738283

4 25 0.0979839

5 25 0.121753

6 25 0.145041

7 25 0.167757

8 25 0.189811

9 25 0.211116

10 25 0.231588

11 25 0.251145

12 25 0.269712

13 25 0.287214

14 25 0.303582

15 25 0.318753

16 25 0.332665

17 25 0.345265

18 25 0.356502

19 25 0.366332

20 25 0.374717

21 25 0.381622

22 25 0.387022

23 25 0.390894

24 25 0.393223

25 25 0.394

26 25 0.393223

27 25 0.390894

28 25 0.387022

29 25 0.381622

30 25 0.374717

31 25 0.366332

32 25 0.356502

33 25 0.345265

34 25 0.332665

35 25 0.318753

36 25 0.303582

37 25 0.287214

38 25 0.269712

39 25 0.251145

40 25 0.231588

41 25 0.211116

42 25 0.189811

43 25 0.167757

44 25 0.145041

45 25 0.121753

46 25 0.0979839

47 25 0.0738283

48 25 0.0493813

49 25 0.0247395

50 25 0

0 26 0

1 26 0.0246907

2 26 0.0492839

3 26 0.0736826

4 26 0.0977905

5 26 0.121513

6 26 0.144755

7 26 0.167426

8 26 0.189437

9 26 0.210699

10 26 0.231131

11 26 0.25065

12 26 0.26918

13 26 0.286647

14 26 0.302983

15 26 0.318124

16 26 0.332009

17 26 0.344584

18 26 0.355799

19 26 0.365609

20 26 0.373977

21 26 0.380869

22 26 0.386258

23 26 0.390122

24 26 0.392447

25 26 0.393223

26 26 0.392447

27 26 0.390122

28 26 0.386258

29 26 0.380869

30 26 0.373977

31 26 0.365609

32 26 0.355799

33 26 0.344584

34 26 0.332009

35 26 0.318124

36 26 0.302983

37 26 0.286647

38 26 0.26918

39 26 0.25065

40 26 0.231131

41 26 0.210699

42 26 0.189437

43 26 0.167426

44 26 0.144755

45 26 0.121513

46 26 0.0977905

47 26 0.0736826

48 26 0.0492839

49 26 0.0246907

50 26 0

0 27 0

1 27 0.0245444

2 27 0.0489919

3 27 0.0732461

4 27 0.0972113

5 27 0.120793

6 27 0.143898

7 27 0.166434

8 27 0.188314

9 27 0.209451

10 27 0.229761

11 27 0.249165

12 27 0.267585

13 27 0.284949

14 27 0.301189

15 27 0.31624

16 27 0.330042

17 27 0.342543

18 27 0.353691

19 27 0.363444

20 27 0.371762

21 27 0.378613

22 27 0.38397

23 27 0.387811

24 27 0.390122

25 27 0.390894

26 27 0.390122

27 27 0.387811

28 27 0.38397

29 27 0.378613

30 27 0.371762

31 27 0.363444

32 27 0.353691

33 27 0.342543

34 27 0.330042

35 27 0.31624

36 27 0.301189

37 27 0.284949

38 27 0.267585

39 27 0.249165

40 27 0.229761

41 27 0.209451

42 27 0.188314

43 27 0.166434

44 27 0.143898

45 27 0.120793

46 27 0.0972113

47 27 0.0732461

48 27 0.0489919

49 27 0.0245444

50 27 0

0 28 0

1 28 0.0243013

2 28 0.0485067

3 28 0.0725206

4 28 0.0962483

5 28 0.119596

6 28 0.142472

7 28 0.164786

8 28 0.186449

9 28 0.207376

10 28 0.227486

11 28 0.246697

12 28 0.264934

13 28 0.282127

14 28 0.298205

15 28 0.313107

16 28 0.326773

17 28 0.33915

18 28 0.350188

19 28 0.359843

20 28 0.368079

21 28 0.374863

22 28 0.380166

23 28 0.38397

24 28 0.386258

25 28 0.387022

26 28 0.386258

27 28 0.38397

28 28 0.380166

29 28 0.374863

30 28 0.368079

31 28 0.359843

32 28 0.350188

33 28 0.33915

34 28 0.326773

35 28 0.313107

36 28 0.298205

37 28 0.282127

38 28 0.264934

39 28 0.246697

40 28 0.227486

41 28 0.207376

42 28 0.186449

43 28 0.164786

44 28 0.142472

45 28 0.119596

46 28 0.0962483

47 28 0.0725206

48 28 0.0485067

49 28 0.0243013

50 28 0

0 29 0

1 29 0.0239622

2 29 0.0478299

3 29 0.0715088

4 29 0.0949056

5 29 0.117928

6 29 0.140484

7 29 0.162487

8 29 0.183848

9 29 0.204483

10 29 0.224312

11 29 0.243255

12 29 0.261238

13 29 0.278191

14 29 0.294045

15 29 0.308739

16 29 0.322214

17 29 0.334418

18 29 0.345302

19 29 0.354823

20 29 0.362944

21 29 0.369633

22 29 0.374863

23 29 0.378613

24 29 0.380869

25 29 0.381622

26 29 0.380869

27 29 0.378613

28 29 0.374863

29 29 0.369633

30 29 0.362944

31 29 0.354823

32 29 0.345302

33 29 0.334418

34 29 0.322214

35 29 0.308739

36 29 0.294045

37 29 0.278191

38 29 0.261238

39 29 0.243255

40 29 0.224312

41 29 0.204483

42 29 0.183848

43 29 0.162487

44 29 0.140484

45 29 0.117928

46 29 0.0949056

47 29 0.0715088

48 29 0.0478299

49 29 0.0239622

50 29 0

0 30 0

1 30 0.0235286

2 30 0.0469644

3 30 0.0702149

4 30 0.0931882

5 30 0.115794

6 30 0.137942

7 30 0.159547

8 30 0.180521

9 30 0.200783

10 30 0.220253

11 30 0.238853

12 30 0.256511

13 30 0.273157

14 30 0.288724

15 30 0.303152

16 30 0.316384

17 30 0.328367

18 30 0.339054

19 30 0.348403

20 30 0.356377

21 30 0.362944

22 30 0.368079

23 30 0.371762

24 30 0.373977

25 30 0.374717

26 30 0.373977

27 30 0.371762

28 30 0.368079

29 30 0.362944

30 30 0.356377

31 30 0.348403

32 30 0.339054

33 30 0.328367

34 30 0.316384

35 30 0.303152

36 30 0.288724

37 30 0.273157

38 30 0.256511

39 30 0.238853

40 30 0.220253

41 30 0.200783

42 30 0.180521

43 30 0.159547

44 30 0.137942

45 30 0.115794

46 30 0.0931882

47 30 0.0702149

48 30 0.0469644

49 30 0.0235286

50 30 0

0 31 0

1 31 0.0230022

2 31 0.0459136

3 31 0.0686438

4 31 0.0911031

5 31 0.113203

6 31 0.134856

7 31 0.155977

8 31 0.176482

9 31 0.196291

10 31 0.215325

11 31 0.233509

12 31 0.250772

13 31 0.267045

14 31 0.282264

15 31 0.296369

16 31 0.309305

17 31 0.321019

18 31 0.331467

19 31 0.340607

20 31 0.348403

21 31 0.354823

22 31 0.359843

23 31 0.363444

24 31 0.365609

25 31 0.366332

26 31 0.365609

27 31 0.363444

28 31 0.359843

29 31 0.354823

30 31 0.348403

31 31 0.340607

32 31 0.331467

33 31 0.321019

34 31 0.309305

35 31 0.296369

36 31 0.282264

37 31 0.267045

38 31 0.250772

39 31 0.233509

40 31 0.215325

41 31 0.196291

42 31 0.176482

43 31 0.155977

44 31 0.134856

45 31 0.113203

46 31 0.0911031

47 31 0.0686438

48 31 0.0459136

49 31 0.0230022

50 31 0

0 32 0

1 32 0.022385

2 32 0.0446816

3 32 0.0668018

4 32 0.0886585

5 32 0.110165

6 32 0.131237

7 32 0.151791

8 32 0.171746

9 32 0.191023

10 32 0.209547

11 32 0.227243

12 32 0.244043

13 32 0.259879

14 32 0.27469

15 32 0.288416

16 32 0.301005

17 32 0.312405

18 32 0.322573

19 32 0.331467

20 32 0.339054

21 32 0.345302

22 32 0.350188

23 32 0.353691

24 32 0.355799

25 32 0.356502

26 32 0.355799

27 32 0.353691

28 32 0.350188

29 32 0.345302

30 32 0.339054

31 32 0.331467

32 32 0.322573

33 32 0.312405

34 32 0.301005

35 32 0.288416

36 32 0.27469

37 32 0.259879

38 32 0.244043

39 32 0.227243

40 32 0.209547

41 32 0.191023

42 32 0.171746

43 32 0.151791

44 32 0.131237

45 32 0.110165

46 32 0.0886585

47 32 0.0668018

48 32 0.0446816

49 32 0.022385

50 32 0

0 33 0

1 33 0.0216794

2 33 0.0432732

3 33 0.0646962

4 33 0.0858639

5 33 0.106693

6 33 0.127101

7 33 0.147007

8 33 0.166333

9 33 0.185002

10 33 0.202942

11 33 0.22008

12 33 0.23635

13 33 0.251687

14 33 0.266031

15 33 0.279325

16 33 0.291517

17 33 0.302558

18 33 0.312405

19 33 0.321019

20 33 0.328367

21 33 0.334418

22 33 0.33915

23 33 0.342543

24 33 0.344584

25 33 0.345265

26 33 0.344584

27 33 0.342543

28 33 0.33915

29 33 0.334418

30 33 0.328367

31 33 0.321019

32 33 0.312405

33 33 0.302558

34 33 0.291517

35 33 0.279325

36 33 0.266031

37 33 0.251687

38 33 0.23635

39 33 0.22008

40 33 0.202942

41 33 0.185002

42 33 0.166333

43 33 0.147007

44 33 0.127101

45 33 0.106693

46 33 0.0858639

47 33 0.0646962

48 33 0.0432732

49 33 0.0216794

50 33 0

0 34 0

1 34 0.0208882

2 34 0.041694

3 34 0.0623353

4 34 0.0827305

5 34 0.102799

6 34 0.122462

7 34 0.141642

8 34 0.160263

9 34 0.178251

10 34 0.195536

11 34 0.212049

12 34 0.227725

13 34 0.242503

14 34 0.256323

15 34 0.269132

16 34 0.280879

17 34 0.291517

18 34 0.301005

19 34 0.309305

20 34 0.316384

21 34 0.322214

22 34 0.326773

23 34 0.330042

24 34 0.332009

25 34 0.332665

26 34 0.332009

27 34 0.330042

28 34 0.326773

29 34 0.322214

30 34 0.316384

31 34 0.309305

32 34 0.301005

33 34 0.291517

34 34 0.280879

35 34 0.269132

36 34 0.256323

37 34 0.242503

38 34 0.227725

39 34 0.212049

40 34 0.195536

41 34 0.178251

42 34 0.160263

43 34 0.141642

44 34 0.122462

45 34 0.102799

46 34 0.0827305

47 34 0.0623353

48 34 0.041694

49 34 0.0208882

50 34 0

0 35 0

1 35 0.0200147

2 35 0.0399503

3 35 0.0597283

4 35 0.0792706

5 35 0.0985001

6 35 0.117341

7 35 0.135718

8 35 0.15356

9 35 0.170796

10 35 0.187358

11 35 0.203181

12 35 0.218201

13 35 0.232361

14 35 0.245603

15 35 0.257877

16 35 0.269132

17 35 0.279325

18 35 0.288416

19 35 0.296369

20 35 0.303152

21 35 0.308739

22 35 0.313107

23 35 0.31624

24 35 0.318124

25 35 0.318753

26 35 0.318124

27 35 0.31624

28 35 0.313107

29 35 0.308739

30 35 0.303152

31 35 0.296369

32 35 0.288416

33 35 0.279325

34 35 0.269132

35 35 0.257877

36 35 0.245603

37 35 0.232361

38 35 0.218201

39 35 0.203181

40 35 0.187358

41 35 0.170796

42 35 0.15356

43 35 0.135718

44 35 0.117341

45 35 0.0985001

46 35 0.0792706

47 35 0.0597283

48 35 0.0399503

49 35 0.0200147

50 35 0

0 36 0

1 36 0.0190621

2 36 0.038049

3 36 0.0568857

4 36 0.0754979

5 36 0.0938121

6 36 0.111756

7 36 0.129259

8 36 0.146252

9 36 0.162668

10 36 0.178441

11 36 0.193511

12 36 0.207817

13 36 0.221302

14 36 0.233914

15 36 0.245603

16 36 0.256323

17 36 0.266031

18 36 0.27469

19 36 0.282264

20 36 0.288724

21 36 0.294045

22 36 0.298205

23 36 0.301189

24 36 0.302983

25 36 0.303582

26 36 0.302983

27 36 0.301189

28 36 0.298205

29 36 0.294045

30 36 0.288724

31 36 0.282264

32 36 0.27469

33 36 0.266031

34 36 0.256323

35 36 0.245603

36 36 0.233914

37 36 0.221302

38 36 0.207817

39 36 0.193511

40 36 0.178441

41 36 0.162668

42 36 0.146252

43 36 0.129259

44 36 0.111756

45 36 0.0938121

46 36 0.0754979

47 36 0.0568857

48 36 0.038049

49 36 0.0190621

50 36 0

0 37 0

1 37 0.0180343

2 37 0.0359974

3 37 0.0538185

4 37 0.0714272

5 37 0.088754

6 37 0.10573

7 37 0.12229

8 37 0.138366

9 37 0.153897

10 37 0.16882

11 37 0.183077

12 37 0.196611

13 37 0.20937

14 37 0.221302

15 37 0.232361

16 37 0.242503

17 37 0.251687

18 37 0.259879

19 37 0.267045

20 37 0.273157

21 37 0.278191

22 37 0.282127

23 37 0.284949

24 37 0.286647

25 37 0.287214

26 37 0.286647

27 37 0.284949

28 37 0.282127

29 37 0.278191

30 37 0.273157

31 37 0.267045

32 37 0.259879

33 37 0.251687

34 37 0.242503

35 37 0.232361

36 37 0.221302

37 37 0.20937

38 37 0.196611

39 37 0.183077

40 37 0.16882

41 37 0.153897

42 37 0.138366

43 37 0.12229

44 37 0.10573

45 37 0.088754

46 37 0.0714272

47 37 0.0538185

48 37 0.0359974

49 37 0.0180343

50 37 0

0 38 0

1 38 0.0169353

2 38 0.0338039

3 38 0.0505389

4 38 0.0670746

5 38 0.0833455

6 38 0.0992875

7 38 0.114838

8 38 0.129935

9 38 0.144519

10 38 0.158533

11 38 0.171921

12 38 0.18463

13 38 0.196611

14 38 0.207817

15 38 0.218201

16 38 0.227725

17 38 0.23635

18 38 0.244043

19 38 0.250772

20 38 0.256511

21 38 0.261238

22 38 0.264934

23 38 0.267585

24 38 0.26918

25 38 0.269712

26 38 0.26918

27 38 0.267585

28 38 0.264934

29 38 0.261238

30 38 0.256511

31 38 0.250772

32 38 0.244043

33 38 0.23635

34 38 0.227725

35 38 0.218201

36 38 0.207817

37 38 0.196611

38 38 0.18463

39 38 0.171921

40 38 0.158533

41 38 0.144519

42 38 0.129935

43 38 0.114838

44 38 0.0992875

45 38 0.0833455

46 38 0.0670746

47 38 0.0505389

48 38 0.0338039

49 38 0.0169353

50 38 0

0 39 0

1 39 0.0157695

2 39 0.0314768

3 39 0.0470599

4 39 0.0624573

5 39 0.0776082

6 39 0.0924527

7 39 0.106932

8 39 0.12099

9 39 0.13457

10 39 0.147619

11 39 0.160086

12 39 0.171921

13 39 0.183077

14 39 0.193511

15 39 0.203181

16 39 0.212049

17 39 0.22008

18 39 0.227243

19 39 0.233509

20 39 0.238853

21 39 0.243255

22 39 0.246697

23 39 0.249165

24 39 0.25065

25 39 0.251145

26 39 0.25065

27 39 0.249165

28 39 0.246697

29 39 0.243255

30 39 0.238853

31 39 0.233509

32 39 0.227243

33 39 0.22008

34 39 0.212049

35 39 0.203181

36 39 0.193511

37 39 0.183077

38 39 0.171921

39 39 0.160086

40 39 0.147619

41 39 0.13457

42 39 0.12099

43 39 0.106932

44 39 0.0924527

45 39 0.0776082

46 39 0.0624573

47 39 0.0470599

48 39 0.0314768

49 39 0.0157695

50 39 0

0 40 0

1 40 0.0145415

2 40 0.0290256

3 40 0.0433952

4 40 0.0575935

5 40 0.0715645

6 40 0.0852531

7 40 0.0986052

8 40 0.111568

9 40 0.124091

10 40 0.136124

11 40 0.147619

12 40 0.158533

13 40 0.16882

14 40 0.178441

15 40 0.187358

16 40 0.195536

17 40 0.202942

18 40 0.209547

19 40 0.215325

20 40 0.220253

21 40 0.224312

22 40 0.227486

23 40 0.229761

24 40 0.231131

25 40 0.231588

26 40 0.231131

27 40 0.229761

28 40 0.227486

29 40 0.224312

30 40 0.220253

31 40 0.215325

32 40 0.209547

33 40 0.202942

34 40 0.195536

35 40 0.187358

36 40 0.178441

37 40 0.16882

38 40 0.158533

39 40 0.147619

40 40 0.136124

41 40 0.124091

42 40 0.111568

43 40 0.0986052

44 40 0.0852531

45 40 0.0715645

46 40 0.0575935

47 40 0.0433952

48 40 0.0290256

49 40 0.0145415

50 40 0

0 41 0

1 41 0.0132561

2 41 0.0264598

3 41 0.0395592

4 41 0.0525024

5 41 0.0652384

6 41 0.077717

7 41 0.0898888

8 41 0.101706

9 41 0.113122

10 41 0.124091

11 41 0.13457

12 41 0.144519

13 41 0.153897

14 41 0.162668

15 41 0.170796

16 41 0.178251

17 41 0.185002

18 41 0.191023

19 41 0.196291

20 41 0.200783

21 41 0.204483

22 41 0.207376

23 41 0.209451

24 41 0.210699

25 41 0.211116

26 41 0.210699

27 41 0.209451

28 41 0.207376

29 41 0.204483

30 41 0.200783

31 41 0.196291

32 41 0.191023

33 41 0.185002

34 41 0.178251

35 41 0.170796

36 41 0.162668

37 41 0.153897

38 41 0.144519

39 41 0.13457

40 41 0.124091

41 41 0.113122

42 41 0.101706

43 41 0.0898888

44 41 0.077717

45 41 0.0652384

46 41 0.0525024

47 41 0.0395592

48 41 0.0264598

49 41 0.0132561

50 41 0

0 42 0

1 42 0.0119183

2 42 0.0237896

3 42 0.0355671

4 42 0.0472041

5 42 0.0586549

6 42 0.0698741

7 42 0.0808176

8 42 0.0914422

9 42 0.101706

10 42 0.111568

11 42 0.12099

12 42 0.129935

13 42 0.138366

14 42 0.146252

15 42 0.15356

16 42 0.160263

17 42 0.166333

18 42 0.171746

19 42 0.176482

20 42 0.180521

21 42 0.183848

22 42 0.186449

23 42 0.188314

24 42 0.189437

25 42 0.189811

26 42 0.189437

27 42 0.188314

28 42 0.186449

29 42 0.183848

30 42 0.180521

31 42 0.176482

32 42 0.171746

33 42 0.166333

34 42 0.160263

35 42 0.15356

36 42 0.146252

37 42 0.138366

38 42 0.129935

39 42 0.12099

40 42 0.111568

41 42 0.101706

42 42 0.0914422

43 42 0.0808176

44 42 0.0698741

45 42 0.0586549

46 42 0.0472041

47 42 0.0355671

48 42 0.0237896

49 42 0.0119183

50 42 0

0 43 0

1 43 0.0105336

2 43 0.0210256

3 43 0.0314346

4 43 0.0417195

5 43 0.0518398

6 43 0.0617555

7 43 0.0714275

8 43 0.0808176

9 43 0.0898888

10 43 0.0986052

11 43 0.106932

12 43 0.114838

13 43 0.12229

14 43 0.129259

15 43 0.135718

16 43 0.141642

17 43 0.147007

18 43 0.151791

19 43 0.155977

20 43 0.159547

21 43 0.162487

22 43 0.164786

23 43 0.166434

24 43 0.167426

25 43 0.167757

26 43 0.167426

27 43 0.166434

28 43 0.164786

29 43 0.162487

30 43 0.159547

31 43 0.155977

32 43 0.151791

33 43 0.147007

34 43 0.141642

35 43 0.135718

36 43 0.129259

37 43 0.12229

38 43 0.114838

39 43 0.106932

40 43 0.0986052

41 43 0.0898888

42 43 0.0808176

43 43 0.0714275

44 43 0.0617555

45 43 0.0518398

46 43 0.0417195

47 43 0.0314346

48 43 0.0210256

49 43 0.0105336

50 43 0

0 44 0

1 44 0.00910721

2 44 0.0181785

3 44 0.027178

4 44 0.0360703

5 44 0.0448202

6 44 0.0533932

7 44 0.0617555

8 44 0.0698741

9 44 0.077717

10 44 0.0852531

11 44 0.0924527

12 44 0.0992875

13 44 0.10573

14 44 0.111756

15 44 0.117341

16 44 0.122462

17 44 0.127101

18 44 0.131237

19 44 0.134856

20 44 0.137942

21 44 0.140484

22 44 0.142472

23 44 0.143898

24 44 0.144755

25 44 0.145041

26 44 0.144755

27 44 0.143898

28 44 0.142472

29 44 0.140484

30 44 0.137942

31 44 0.134856

32 44 0.131237

33 44 0.127101

34 44 0.122462

35 44 0.117341

36 44 0.111756

37 44 0.10573

38 44 0.0992875

39 44 0.0924527

40 44 0.0852531

41 44 0.077717

42 44 0.0698741

43 44 0.0617555

44 44 0.0533932

45 44 0.0448202

46 44 0.0360703

47 44 0.027178

48 44 0.0181785

49 44 0.00910721

50 44 0

0 45 0

1 45 0.00764492

2 45 0.0152597

3 45 0.0228142

4 45 0.0302787

5 45 0.0376237

6 45 0.0448202

7 45 0.0518398

8 45 0.0586549

9 45 0.0652384

10 45 0.0715645

11 45 0.0776082

12 45 0.0833455

13 45 0.088754

14 45 0.0938121

15 45 0.0985001

16 45 0.102799

17 45 0.106693

18 45 0.110165

19 45 0.113203

20 45 0.115794

21 45 0.117928

22 45 0.119596

23 45 0.120793

24 45 0.121513

25 45 0.121753

26 45 0.121513

27 45 0.120793

28 45 0.119596

29 45 0.117928

30 45 0.115794

31 45 0.113203

32 45 0.110165

33 45 0.106693

34 45 0.102799

35 45 0.0985001

36 45 0.0938121

37 45 0.088754

38 45 0.0833455

39 45 0.0776082

40 45 0.0715645

41 45 0.0652384

42 45 0.0586549

43 45 0.0518398

44 45 0.0448202

45 45 0.0376237

46 45 0.0302787

47 45 0.0228142

48 45 0.0152597

49 45 0.00764492

50 45 0

0 46 0

1 46 0.00615246

2 46 0.0122806

3 46 0.0183604

4 46 0.0243676

5 46 0.0302787

6 46 0.0360703

7 46 0.0417195

8 46 0.0472041

9 46 0.0525024

10 46 0.0575935

11 46 0.0624573

12 46 0.0670746

13 46 0.0714272

14 46 0.0754979

15 46 0.0792706

16 46 0.0827305

17 46 0.0858639

18 46 0.0886585

19 46 0.0911031

20 46 0.0931882

21 46 0.0949056

22 46 0.0962483

23 46 0.0972113

24 46 0.0977905

25 46 0.0979839

26 46 0.0977905

27 46 0.0972113

28 46 0.0962483

29 46 0.0949056

30 46 0.0931882

31 46 0.0911031

32 46 0.0886585

33 46 0.0858639

34 46 0.0827305

35 46 0.0792706

36 46 0.0754979

37 46 0.0714272

38 46 0.0670746

39 46 0.0624573

40 46 0.0575935

41 46 0.0525024

42 46 0.0472041

43 46 0.0417195

44 46 0.0360703

45 46 0.0302787

46 46 0.0243676

47 46 0.0183604

48 46 0.0122806

49 46 0.00615246

50 46 0

0 47 0

1 47 0.00463572

2 47 0.00925314

3 47 0.013834

4 47 0.0183604

5 47 0.0228142

6 47 0.027178

7 47 0.0314346

8 47 0.0355671

9 47 0.0395592

10 47 0.0433952

11 47 0.0470599

12 47 0.0505389

13 47 0.0538185

14 47 0.0568857

15 47 0.0597283

16 47 0.0623353

17 47 0.0646962

18 47 0.0668018

19 47 0.0686438

20 47 0.0702149

21 47 0.0715088

22 47 0.0725206

23 47 0.0732461

24 47 0.0736826

25 47 0.0738283

26 47 0.0736826

27 47 0.0732461

28 47 0.0725206

29 47 0.0715088

30 47 0.0702149

31 47 0.0686438

32 47 0.0668018

33 47 0.0646962

34 47 0.0623353

35 47 0.0597283

36 47 0.0568857

37 47 0.0538185

38 47 0.0505389

39 47 0.0470599

40 47 0.0433952

41 47 0.0395592

42 47 0.0355671

43 47 0.0314346

44 47 0.027178

45 47 0.0228142

46 47 0.0183604

47 47 0.013834

48 47 0.00925314

49 47 0.00463572

50 47 0

0 48 0

1 48 0.00310068

2 48 0.00618912

3 48 0.00925314

4 48 0.0122806

5 48 0.0152597

6 48 0.0181785

7 48 0.0210256

8 48 0.0237896

9 48 0.0264598

10 48 0.0290256

11 48 0.0314768

12 48 0.0338039

13 48 0.0359974

14 48 0.038049

15 48 0.0399503

16 48 0.041694

17 48 0.0432732

18 48 0.0446816

19 48 0.0459136

20 48 0.0469644

21 48 0.0478299

22 48 0.0485067

23 48 0.0489919

24 48 0.0492839

25 48 0.0493813

26 48 0.0492839

27 48 0.0489919

28 48 0.0485067

29 48 0.0478299

30 48 0.0469644

31 48 0.0459136

32 48 0.0446816

33 48 0.0432732

34 48 0.041694

35 48 0.0399503

36 48 0.038049

37 48 0.0359974

38 48 0.0338039

39 48 0.0314768

40 48 0.0290256

41 48 0.0264598

42 48 0.0237896

43 48 0.0210256

44 48 0.0181785

45 48 0.0152597

46 48 0.0122806

47 48 0.00925314

48 48 0.00618912

49 48 0.00310068

50 48 0

0 49 0

1 49 0.00155341

2 49 0.00310068

3 49 0.00463572

4 49 0.00615246

5 49 0.00764492

6 49 0.00910721

7 49 0.0105336

8 49 0.0119183

9 49 0.0132561

10 49 0.0145415

11 49 0.0157695

12 49 0.0169353

13 49 0.0180343

14 49 0.0190621

15 49 0.0200147

16 49 0.0208882

17 49 0.0216794

18 49 0.022385

19 49 0.0230022

20 49 0.0235286

21 49 0.0239622

22 49 0.0243013

23 49 0.0245444

24 49 0.0246907

25 49 0.0247395

26 49 0.0246907

27 49 0.0245444

28 49 0.0243013

29 49 0.0239622

30 49 0.0235286

31 49 0.0230022

32 49 0.022385

33 49 0.0216794

34 49 0.0208882

35 49 0.0200147

36 49 0.0190621

37 49 0.0180343

38 49 0.0169353

39 49 0.0157695

40 49 0.0145415

41 49 0.0132561

42 49 0.0119183

43 49 0.0105336

44 49 0.00910721

45 49 0.00764492

46 49 0.00615246

47 49 0.00463572

48 49 0.00310068

49 49 0.00155341

50 49 0

