0 1 0

1 1 0.00168099

2 1 0.00335534

3 1 0.00501645

4 1 0.00665777

5 1 0.00827281

6 1 0.0098552

7 1 0.0113987

8 1 0.0128972

9 1 0.0143448

10 1 0.0157358

11 1 0.0170647

12 1 0.0183263

13 1 0.0195155

14 1 0.0206277

15 1 0.0216585

16 1 0.0226038

17 1 0.0234599

18 1 0.0242235

19 1 0.0248914

20 1 0.0254611

21 1 0.0259303

22 1 0.0262972

23 1 0.0265603

24 1 0.0267185

25 1 0.0267714

26 1 0.0267185

27 1 0.0265603

28 1 0.0262972

29 1 0.0259303

30 1 0.0254611

31 1 0.0248914

32 1 0.0242235

33 1 0.0234599

34 1 0.0226038

35 1 0.0216585

36 1 0.0206277

37 1 0.0195155

38 1 0.0183263

39 1 0.0170647

40 1 0.0157358

41 1 0.0143448

42 1 0.0128972

43 1 0.0113987

44 1 0.0098552

45 1 0.00827281

46 1 0.00665777

47 1 0.00501645

48 1 0.00335534

49 1 0.00168099

50 1 0

0 2 0

1 2 0.00335534

2 2 0.00669744

3 2 0.0100131

4 2 0.0132893

5 2 0.016513

6 2 0.0196715

7 2 0.0227524

8 2 0.0257435

9 2 0.028633

10 2 0.0314095

11 2 0.0340621

12 2 0.0365802

13 2 0.038954

14 2 0.041174

15 2 0.0432315

16 2 0.0451184

17 2 0.0468273

18 2 0.0483513

19 2 0.0496845

20 2 0.0508217

21 2 0.0517583

22 2 0.0524906

23 2 0.0530157

24 2 0.0533316

25 2 0.0534371

26 2 0.0533316

27 2 0.0530157

28 2 0.0524906

29 2 0.0517583

30 2 0.0508217

31 2 0.0496845

32 2 0.0483513

33 2 0.0468273

34 2 0.0451184

35 2 0.0432315

36 2 0.041174

37 2 0.038954

38 2 0.0365802

39 2 0.0340621

40 2 0.0314095

41 2 0.028633

42 2 0.0257435

43 2 0.0227524

44 2 0.0196715

45 2 0.016513

46 2 0.0132893

47 2 0.0100131

48 2 0.00669744

49 2 0.00335534

50 2 0

0 3 0

1 3 0.00501645

2 3 0.0100131

3 3 0.0149703

4 3 0.0198683

5 3 0.024688

6 3 0.0294102

7 3 0.0340163

8 3 0.0384882

9 3 0.0428082

10 3 0.0469593

11 3 0.050925

12 3 0.0546898

13 3 0.0582387

14 3 0.0615578

15 3 0.0646339

16 3 0.067455

17 3 0.0700098

18 3 0.0722884

19 3 0.0742816

20 3 0.0759817

21 3 0.077382

22 3 0.0784768

23 3 0.0792619

24 3 0.0797343

25 3 0.0798919

26 3 0.0797343

27 3 0.0792619

28 3 0.0784768

29 3 0.077382

30 3 0.0759817

31 3 0.0742816

32 3 0.0722884

33 3 0.0700098

34 3 0.067455

35 3 0.0646339

36 3 0.0615578

37 3 0.0582387

38 3 0.0546898

39 3 0.050925

40 3 0.0469593

41 3 0.0428082

42 3 0.0384882

43 3 0.0340163

44 3 0.0294102

45 3 0.024688

46 3 0.0198683

47 3 0.0149703

48 3 0.0100131

49 3 0.00501645

50 3 0

0 4 0

1 4 0.00665777

2 4 0.0132893

3 4 0.0198683

4 4 0.0263689

5 4 0.0327655

6 4 0.0390328

7 4 0.045146

8 4 0.051081

9 4 0.0568145

10 4 0.0623237

11 4 0.067587

12 4 0.0725835

13 4 0.0772936

14 4 0.0816986

15 4 0.0857812

16 4 0.0895253

17 4 0.0929161

18 4 0.0959401

19 4 0.0985855

20 4 0.100842

21 4 0.1027

22 4 0.104153

23 4 0.105195

24 4 0.105822

25 4 0.106031

26 4 0.105822

27 4 0.105195

28 4 0.104153

29 4 0.1027

30 4 0.100842

31 4 0.0985855

32 4 0.0959401

33 4 0.0929161

34 4 0.0895253

35 4 0.0857812

36 4 0.0816986

37 4 0.0772936

38 4 0.0725835

39 4 0.067587

40 4 0.0623237

41 4 0.0568145

42 4 0.051081

43 4 0.045146

44 4 0.0390328

45 4 0.0327655

46 4 0.0263689

47 4 0.0198683

48 4 0.0132893

49 4 0.00665777

50 4 0

0 5 0

1 5 0.00827281

2 5 0.016513

3 5 0.024688

4 5 0.0327655

5 5 0.0407138

6 5 0.0485013

7 5 0.0560975

8 5 0.0634723

9 5 0.0705965

10 5 0.0774422

11 5 0.0839822

12 5 0.0901908

13 5 0.0960434

14 5 0.101517

15 5 0.10659

16 5 0.111242

17 5 0.115456

18 5 0.119213

19 5 0.1225

20 5 0.125304

21 5 0.127613

22 5 0.129419

23 5 0.130714

24 5 0.131493

25 5 0.131753

26 5 0.131493

27 5 0.130714

28 5 0.129419

29 5 0.127613

30 5 0.125304

31 5 0.1225

32 5 0.119213

33 5 0.115456

34 5 0.111242

35 5 0.10659

36 5 0.101517

37 5 0.0960434

38 5 0.0901908

39 5 0.0839822

40 5 0.0774422

41 5 0.0705965

42 5 0.0634723

43 5 0.0560975

44 5 0.0485013

45 5 0.0407138

46 5 0.0327655

47 5 0.024688

48 5 0.016513

49 5 0.00827281

50 5 0

0 6 0

1 6 0.0098552

2 6 0.0196715

3 6 0.0294102

4 6 0.0390328

5 6 0.0485013

6 6 0.0577785

7 6 0.0668276

8 6 0.075613

9 6 0.0841

10 6 0.092255

11 6 0.100046

12 6 0.107442

13 6 0.114414

14 6 0.120935

15 6 0.126978

16 6 0.13252

17 6 0.13754

18 6 0.142016

19 6 0.145932

20 6 0.149272

21 6 0.152023

22 6 0.154174

23 6 0.155716

24 6 0.156644

25 6 0.156954

26 6 0.156644

27 6 0.155716

28 6 0.154174

29 6 0.152023

30 6 0.149272

31 6 0.145932

32 6 0.142016

33 6 0.13754

34 6 0.13252

35 6 0.126978

36 6 0.120935

37 6 0.114414

38 6 0.107442

39 6 0.100046

40 6 0.092255

41 6 0.0841

42 6 0.075613

43 6 0.0668276

44 6 0.0577785

45 6 0.0485013

46 6 0.0390328

47 6 0.0294102

48 6 0.0196715

49 6 0.0098552

50 6 0

0 7 0

1 7 0.0113987

2 7 0.0227524

3 7 0.0340163

4 7 0.045146

5 7 0.0560975

6 7 0.0668276

7 7 0.077294

8 7 0.0874553

9 7 0.0972715

10 7 0.106704

11 7 0.115715

12 7 0.124269

13 7 0.132334

14 7 0.139875

15 7 0.146865

16 7 0.153275

17 7 0.159081

18 7 0.164258

19 7 0.168787

20 7 0.17265

21 7 0.175832

22 7 0.17832

23 7 0.180104

24 7 0.181177

25 7 0.181535

26 7 0.181177

27 7 0.180104

28 7 0.17832

29 7 0.175832

30 7 0.17265

31 7 0.168787

32 7 0.164258

33 7 0.159081

34 7 0.153275

35 7 0.146865

36 7 0.139875

37 7 0.132334

38 7 0.124269

39 7 0.115715

40 7 0.106704

41 7 0.0972715

42 7 0.0874553

43 7 0.077294

44 7 0.0668276

45 7 0.0560975

46 7 0.045146

47 7 0.0340163

48 7 0.0227524

49 7 0.0113987

50 7 0

0 8 0

1 8 0.0128972

2 8 0.0257435

3 8 0.0384882

4 8 0.051081

5 8 0.0634723

6 8 0.075613

7 8 0.0874553

8 8 0.0989525

9 8 0.110059

10 8 0.120731

11 8 0.130927

12 8 0.140606

13 8 0.149731

14 8 0.158264

15 8 0.166173

16 8 0.173425

17 8 0.179994

18 8 0.185852

19 8 0.190977

20 8 0.195348

21 8 0.198948

22 8 0.201762

23 8 0.203781

24 8 0.204995

25 8 0.205401

26 8 0.204995

27 8 0.203781

28 8 0.201762

29 8 0.198948

30 8 0.195348

31 8 0.190977

32 8 0.185852

33 8 0.179994

34 8 0.173425

35 8 0.166173

36 8 0.158264

37 8 0.149731

38 8 0.140606

39 8 0.130927

40 8 0.120731

41 8 0.110059

42 8 0.0989525

43 8 0.0874553

44 8 0.075613

45 8 0.0634723

46 8 0.051081

47 8 0.0384882

48 8 0.0257435

49 8 0.0128972

50 8 0

0 9 0

1 9 0.0143448

2 9 0.028633

3 9 0.0428082

4 9 0.0568145

5 9 0.0705965

6 9 0.0841

7 9 0.0972715

8 9 0.110059

9 9 0.122412

10 9 0.134283

11 9 0.145623

12 9 0.156388

13 9 0.166537

14 9 0.176028

15 9 0.184824

16 9 0.192891

17 9 0.200197

18 9 0.206712

19 9 0.212412

20 9 0.217274

21 9 0.221278

22 9 0.224409

23 9 0.226654

24 9 0.228004

25 9 0.228455

26 9 0.228004

27 9 0.226654

28 9 0.224409

29 9 0.221278

30 9 0.217274

31 9 0.212412

32 9 0.206712

33 9 0.200197

34 9 0.192891

35 9 0.184824

36 9 0.176028

37 9 0.166537

38 9 0.156388

39 9 0.145623

40 9 0.134283

41 9 0.122412

42 9 0.110059

43 9 0.0972715

44 9 0.0841

45 9 0.0705965

46 9 0.0568145

47 9 0.0428082

48 9 0.028633

49 9 0.0143448

50 9 0

0 10 0

1 10 0.0157358

2 10 0.0314095

3 10 0.0469593

4 10 0.0623237

5 10 0.0774422

6 10 0.092255

7 10 0.106704

8 10 0.120731

9 10 0.134283

10 10 0.147304

11 10 0.159744

12 10 0.171553

13 10 0.182685

14 10 0.193097

15 10 0.202746

16 10 0.211595

17 10 0.21961

18 10 0.226757

19 10 0.23301

20 10 0.238343

21 10 0.242735

22 10 0.246169

23 10 0.248632

24 10 0.250114

25 10 0.250608

26 10 0.250114

27 10 0.248632

28 10 0.246169

29 10 0.242735

30 10 0.238343

31 10 0.23301

32 10 0.226757

33 10 0.21961

34 10 0.211595

35 10 0.202746

36 10 0.193097

37 10 0.182685

38 10 0.171553

39 10 0.159744

40 10 0.147304

41 10 0.134283

42 10 0.120731

43 10 0.106704

44 10 0.092255

45 10 0.0774422

46 10 0.0623237

47 10 0.0469593

48 10 0.0314095

49 10 0.0157358

50 10 0

0 11 0

1 11 0.0170647

2 11 0.0340621

3 11 0.050925

4 11 0.067587

5 11 0.0839822

6 11 0.100046

7 11 0.115715

8 11 0.130927

9 11 0.145623

10 11 0.159744

11 11 0.173234

12 11 0.186041

13 11 0.198113

14 11 0.209404

15 11 0.219868

16 11 0.229465

17 11 0.238156

18 11 0.245907

19 11 0.252687

20 11 0.258471

21 11 0.263234

22 11 0.266958

23 11 0.269629

24 11 0.271236

25 11 0.271772

26 11 0.271236

27 11 0.269629

28 11 0.266958

29 11 0.263234

30 11 0.258471

31 11 0.252687

32 11 0.245907

33 11 0.238156

34 11 0.229465

35 11 0.219868

36 11 0.209404

37 11 0.198113

38 11 0.186041

39 11 0.173234

40 11 0.159744

41 11 0.145623

42 11 0.130927

43 11 0.115715

44 11 0.100046

45 11 0.0839822

46 11 0.067587

47 11 0.050925

48 11 0.0340621

49 11 0.0170647

50 11 0

0 12 0

1 12 0.0183263

2 12 0.0365802

3 12 0.0546898

4 12 0.0725835

5 12 0.0901908

6 12 0.107442

7 12 0.124269

8 12 0.140606

9 12 0.156388

10 12 0.171553

11 12 0.186041

12 12 0.199794

13 12 0.212759

14 12 0.224885

15 12 0.236123

16 12 0.246429

17 12 0.255762

18 12 0.264086

19 12 0.271368

20 12 0.277579

21 12 0.282694

22 12 0.286694

23 12 0.289562

24 12 0.291288

25 12 0.291864

26 12 0.291288

27 12 0.289562

28 12 0.286694

29 12 0.282694

30 12 0.277579

31 12 0.271368

32 12 0.264086

33 12 0.255762

34 12 0.246429

35 12 0.236123

36 12 0.224885

37 12 0.212759

38 12 0.199794

39 12 0.186041

40 12 0.171553

41 12 0.156388

42 12 0.140606

43 12 0.124269

44 12 0.107442

45 12 0.0901908

46 12 0.0725835

47 12 0.0546898

48 12 0.0365802

49 12 0.0183263

50 12 0

0 13 0

1 13 0.0195155

2 13 0.038954

3 13 0.0582387

4 13 0.0772936

5 13 0.0960434

6 13 0.114414

7 13 0.132334

8 13 0.149731

9 13 0.166537

10 13 0.182685

11 13 0.198113

12 13 0.212759

13 13 0.226566

14 13 0.239478

15 13 0.251445

16 13 0.26242

17 13 0.272359

18 13 0.281223

19 13 0.288977

20 13 0.295591

21 13 0.301039

22 13 0.305298

23 13 0.308352

24 13 0.31019

25 13 0.310803

26 13 0.31019

27 13 0.308352

28 13 0.305298

29 13 0.301039

30 13 0.295591

31 13 0.288977

32 13 0.281223

33 13 0.272359

34 13 0.26242

35 13 0.251445

36 13 0.239478

37 13 0.226566

38 13 0.212759

39 13 0.198113

40 13 0.182685

41 13 0.166537

42 13 0.149731

43 13 0.132334

44 13 0.114414

45 13 0.0960434

46 13 0.0772936

47 13 0.0582387

48 13 0.038954

49 13 0.0195155

50 13 0

0 14 0

1 14 0.0206277

2 14 0.041174

3 14 0.0615578

4 14 0.0816986

5 14 0.101517

6 14 0.120935

7 14 0.139875

8 14 0.158264

9 14 0.176028

10 14 0.193097

11 14 0.209404

12 14 0.224885

13 14 0.239478

14 14 0.253126

15 14 0.265775

16 14 0.277375

17 14 0.287881

18 14 0.29725

19 14 0.305447

20 14 0.312437

21 14 0.318195

22 14 0.322697

23 14 0.325926

24 14 0.327868

25 14 0.328516

26 14 0.327868

27 14 0.325926

28 14 0.322697

29 14 0.318195

30 14 0.312437

31 14 0.305447

32 14 0.29725

33 14 0.287881

34 14 0.277375

35 14 0.265775

36 14 0.253126

37 14 0.239478

38 14 0.224885

39 14 0.209404

40 14 0.193097

41 14 0.176028

42 14 0.158264

43 14 0.139875

44 14 0.120935

45 14 0.101517

46 14 0.0816986

47 14 0.0615578

48 14 0.041174

49 14 0.0206277

50 14 0

0 15 0

1 15 0.0216585

2 15 0.0432315

3 15 0.0646339

4 15 0.0857812

5 15 0.10659

6 15 0.126978

7 15 0.146865

8 15 0.166173

9 15 0.184824

10 15 0.202746

11 15 0.219868

12 15 0.236123

13 15 0.251445

14 15 0.265775

15 15 0.279056

16 15 0.291236

17 15 0.302267

18 15 0.312104

19 15 0.32071

20 15 0.32805

21 15 0.334096

22 15 0.338823

23 15 0.342213

24 15 0.344252

25 15 0.344933

26 15 0.344252

27 15 0.342213

28 15 0.338823

29 15 0.334096

30 15 0.32805

31 15 0.32071

32 15 0.312104

33 15 0.302267

34 15 0.291236

35 15 0.279056

36 15 0.265775

37 15 0.251445

38 15 0.236123

39 15 0.219868

40 15 0.202746

41 15 0.184824

42 15 0.166173

43 15 0.146865

44 15 0.126978

45 15 0.10659

46 15 0.0857812

47 15 0.0646339

48 15 0.0432315

49 15 0.0216585

50 15 0

0 16 0

1 16 0.0226038

2 16 0.0451184

3 16 0.067455

4 16 0.0895253

5 16 0.111242

6 16 0.13252

7 16 0.153275

8 16 0.173425

9 16 0.192891

10 16 0.211595

11 16 0.229465

12 16 0.246429

13 16 0.26242

14 16 0.277375

15 16 0.291236

16 16 0.303948

17 16 0.31546

18 16 0.325727

19 16 0.334708

20 16 0.342369

21 16 0.348678

22 16 0.353611

23 16 0.357149

24 16 0.359277

25 16 0.359988

26 16 0.359277

27 16 0.357149

28 16 0.353611

29 16 0.348678

30 16 0.342369

31 16 0.334708

32 16 0.325727

33 16 0.31546

34 16 0.303948

35 16 0.291236

36 16 0.277375

37 16 0.26242

38 16 0.246429

39 16 0.229465

40 16 0.211595

41 16 0.192891

42 16 0.173425

43 16 0.153275

44 16 0.13252

45 16 0.111242

46 16 0.0895253

47 16 0.067455

48 16 0.0451184

49 16 0.0226038

50 16 0

0 17 0

1 17 0.0234599

2 17 0.0468273

3 17 0.0700098

4 17 0.0929161

5 17 0.115456

6 17 0.13754

7 17 0.159081

8 17 0.179994

9 17 0.200197

10 17 0.21961

11 17 0.238156

12 17 0.255762

13 17 0.272359

14 17 0.287881

15 17 0.302267

16 17 0.31546

17 17 0.327408

18 17 0.338063

19 17 0.347385

20 17 0.355336

21 17 0.361884

22 17 0.367004

23 17 0.370676

24 17 0.372885

25 17 0.373622

26 17 0.372885

27 17 0.370676

28 17 0.367004

29 17 0.361884

30 17 0.355336

31 17 0.347385

32 17 0.338063

33 17 0.327408

34 17 0.31546

35 17 0.302267

36 17 0.287881

37 17 0.272359

38 17 0.255762

39 17 0.238156

40 17 0.21961

41 17 0.200197

42 17 0.179994

43 17 0.159081

44 17 0.13754

45 17 0.115456

46 17 0.0929161

47 17 0.0700098

48 17 0.0468273

49 17 0.0234599

50 17 0

0 18 0

1 18 0.0242235

2 18 0.0483513

3 18 0.0722884

4 18 0.0959401

5 18 0.119213

6 18 0.142016

7 18 0.164258

8 18 0.185852

9 18 0.206712

10 18 0.226757

11 18 0.245907

12 18 0.264086

13 18 0.281223

14 18 0.29725

15 18 0.312104

16 18 0.325727

17 18 0.338063

18 18 0.349066

19 18 0.358691

20 18 0.366901

21 18 0.373662

22 18 0.378949

23 18 0.38274

24 18 0.385021

25 18 0.385782

26 18 0.385021

27 18 0.38274

28 18 0.378949

29 18 0.373662

30 18 0.366901

31 18 0.358691

32 18 0.349066

33 18 0.338063

34 18 0.325727

35 18 0.312104

36 18 0.29725

37 18 0.281223

38 18 0.264086

39 18 0.245907

40 18 0.226757

41 18 0.206712

42 18 0.185852

43 18 0.164258

44 18 0.142016

45 18 0.119213

46 18 0.0959401

47 18 0.0722884

48 18 0.0483513

49 18 0.0242235

50 18 0

0 19 0

1 19 0.0248914

2 19 0.0496845

3 19 0.0742816

4 19 0.0985855

5 19 0.1225

6 19 0.145932

7 19 0.168787

8 19 0.190977

9 19 0.212412

10 19 0.23301

11 19 0.252687

12 19 0.271368

13 19 0.288977

14 19 0.305447

15 19 0.32071

16 19 0.334708

17 19 0.347385

18 19 0.358691

19 19 0.368582

20 19 0.377017

21 19 0.383965

22 19 0.389398

23 19 0.393294

24 19 0.395637

25 19 0.39642

26 19 0.395637

27 19 0.393294

28 19 0.389398

29 19 0.383965

30 19 0.377017

31 19 0.368582

32 19 0.358691

33 19 0.347385

34 19 0.334708

35 19 0.32071

36 19 0.305447

37 19 0.288977

38 19 0.271368

39 19 0.252687

40 19 0.23301

41 19 0.212412

42 19 0.190977

43 19 0.168787

44 19 0.145932

45 19 0.1225

46 19 0.0985855

47 19 0.0742816

48 19 0.0496845

49 19 0.0248914

50 19 0

0 20 0

1 20 0.0254611

2 20 0.0508217

3 20 0.0759817

4 20 0.100842

5 20 0.125304

6 20 0.149272

7 20 0.17265

8 20 0.195348

9 20 0.217274

10 20 0.238343

11 20 0.258471

12 20 0.277579

13 20 0.295591

14 20 0.312437

15 20 0.32805

16 20 0.342369

17 20 0.355336

18 20 0.366901

19 20 0.377017

20 20 0.385646

21 20 0.392753

22 20 0.39831

23 20 0.402295

24 20 0.404692

25 20 0.405493

26 20 0.404692

27 20 0.402295

28 20 0.39831

29 20 0.392753

30 20 0.385646

31 20 0.377017

32 20 0.366901

33 20 0.355336

34 20 0.342369

35 20 0.32805

36 20 0.312437

37 20 0.295591

38 20 0.277579

39 20 0.258471

40 20 0.238343

41 20 0.217274

42 20 0.195348

43 20 0.17265

44 20 0.149272

45 20 0.125304

46 20 0.100842

47 20 0.0759817

48 20 0.0508217

49 20 0.0254611

50 20 0

0 21 0

1 21 0.0259303

2 21 0.0517583

3 21 0.077382

4 21 0.1027

5 21 0.127613

6 21 0.152023

7 21 0.175832

8 21 0.198948

9 21 0.221278

10 21 0.242735

11 21 0.263234

12 21 0.282694

13 21 0.301039

14 21 0.318195

15 21 0.334096

16 21 0.348678

17 21 0.361884

18 21 0.373662

19 21 0.383965

20 21 0.392753

21 21 0.399991

22 21 0.40565

23 21 0.409709

24 21 0.41215

25 21 0.412965

26 21 0.41215

27 21 0.409709

28 21 0.40565

29 21 0.399991

30 21 0.392753

31 21 0.383965

32 21 0.373662

33 21 0.361884

34 21 0.348678

35 21 0.334096

36 21 0.318195

37 21 0.301039

38 21 0.282694

39 21 0.263234

40 21 0.242735

41 21 0.221278

42 21 0.198948

43 21 0.175832

44 21 0.152023

45 21 0.127613

46 21 0.1027

47 21 0.077382

48 21 0.0517583

49 21 0.0259303

50 21 0

0 22 0

1 22 0.0262972

2 22 0.0524906

3 22 0.0784768

4 22 0.104153

5 22 0.129419

6 22 0.154174

7 22 0.17832

8 22 0.201762

9 22 0.224409

10 22 0.246169

11 22 0.266958

12 22 0.286694

13 22 0.305298

14 22 0.322697

15 22 0.338823

16 22 0.353611

17 22 0.367004

18 22 0.378949

19 22 0.389398

20 22 0.39831

21 22 0.40565

22 22 0.41139

23 22 0.415506

24 22 0.417982

25 22 0.418808

26 22 0.417982

27 22 0.415506

28 22 0.41139

29 22 0.40565

30 22 0.39831

31 22 0.389398

32 22 0.378949

33 22 0.367004

34 22 0.353611

35 22 0.338823

36 22 0.322697

37 22 0.305298

38 22 0.286694

39 22 0.266958

40 22 0.246169

41 22 0.224409

42 22 0.201762

43 22 0.17832

44 22 0.154174

45 22 0.129419

46 22 0.104153

47 22 0.0784768

48 22 0.0524906

49 22 0.0262972

50 22 0

0 23 0

1 23 0.0265603

2 23 0.0530157

3 23 0.0792619

4 23 0.105195

5 23 0.130714

6 23 0.155716

7 23 0.180104

8 23 0.203781

9 23 0.226654

10 23 0.248632

11 23 0.269629

12 23 0.289562

13 23 0.308352

14 23 0.325926

15 23 0.342213

16 23 0.357149

17 23 0.370676

18 23 0.38274

19 23 0.393294

20 23 0.402295

21 23 0.409709

22 23 0.415506

23 23 0.419663

24 23 0.422163

25 23 0.422998

26 23 0.422163

27 23 0.419663

28 23 0.415506

29 23 0.409709

30 23 0.402295

31 23 0.393294

32 23 0.38274

33 23 0.370676

34 23 0.357149

35 23 0.342213

36 23 0.325926

37 23 0.308352

38 23 0.289562

39 23 0.269629

40 23 0.248632

41 23 0.226654

42 23 0.203781

43 23 0.180104

44 23 0.155716

45 23 0.130714

46 23 0.105195

47 23 0.0792619

48 23 0.0530157

49 23 0.0265603

50 23 0

0 24 0

1 24 0.0267185

2 24 0.0533316

3 24 0.0797343

4 24 0.105822

5 24 0.131493

6 24 0.156644

7 24 0.181177

8 24 0.204995

9 24 0.228004

10 24 0.250114

11 24 0.271236

12 24 0.291288

13 24 0.31019

14 24 0.327868

15 24 0.344252

16 24 0.359277

17 24 0.372885

18 24 0.385021

19 24 0.395637

20 24 0.404692

21 24 0.41215

22 24 0.417982

23 24 0.422163

24 24 0.424679

25 24 0.425519

26 24 0.424679

27 24 0.422163

28 24 0.417982

29 24 0.41215

30 24 0.404692

31 24 0.395637

32 24 0.385021

33 24 0.372885

34 24 0.359277

35 24 0.344252

36 24 0.327868

37 24 0.31019

38 24 0.291288

39 24 0.271236

40 24 0.250114

41 24 0.228004

42 24 0.204995

43 24 0.181177

44 24 0.156644

45 24 0.131493

46 24 0.105822

47 24 0.0797343

48 24 0.0533316

49 24 0.0267185

50 24 0

0 25 0

1 25 0.0267714

2 25 0.0534371

3 25 0.0798919

4 25 0.106031

5 25 0.131753

6 25 0.156954

7 25 0.181535

8 25 0.205401

9 25 0.228455

10 25 0.250608

11 25 0.271772

12 25 0.291864

13 25 0.310803

14 25 0.328516

15 25 0.344933

16 25 0.359988

17 25 0.373622

18 25 0.385782

19 25 0.39642

20 25 0.405493

21 25 0.412965

22 25 0.418808

23 25 0.422998

24 25 0.425519

25 25 0.42636

26 25 0.425519

27 25 0.422998

28 25 0.418808

29 25 0.412965

30 25 0.405493

31 25 0.39642

32 25 0.385782

33 25 0.373622

34 25 0.359988

35 25 0.344933

36 25 0.328516

37 25 0.310803

38 25 0.291864

39 25 0.271772

40 25 0.250608

41 25 0.228455

42 25 0.205401

43 25 0.181535

44 25 0.156954

45 25 0.131753

46 25 0.106031

47 25 0.0798919

48 25 0.0534371

49 25 0.0267714

50 25 0

0 26 0

1 26 0.0267185

2 26 0.0533316

3 26 0.0797343

4 26 0.105822

5 26 0.131493

6 26 0.156644

7 26 0.181177

8 26 0.204995

9 26 0.228004

10 26 0.250114

11 26 0.271236

12 26 0.291288

13 26 0.31019

14 26 0.327868

15 26 0.344252

16 26 0.359277

17 26 0.372885

18 26 0.385021

19 26 0.395637

20 26 0.404692

21 26 0.41215

22 26 0.417982

23 26 0.422163

24 26 0.424679

25 26 0.425519

26 26 0.424679

27 26 0.422163

28 26 0.417982

29 26 0.41215

30 26 0.404692

31 26 0.395637

32 26 0.385021

33 26 0.372885

34 26 0.359277

35 26 0.344252

36 26 0.327868

37 26 0.31019

38 26 0.291288

39 26 0.271236

40 26 0.250114

41 26 0.228004

42 26 0.204995

43 26 0.181177

44 26 0.156644

45 26 0.131493

46 26 0.105822

47 26 0.0797343

48 26 0.0533316

49 26 0.0267185

50 26 0

0 27 0

1 27 0.0265603

2 27 0.0530157

3 27 0.0792619

4 27 0.105195

5 27 0.130714

6 27 0.155716

7 27 0.180104

8 27 0.203781

9 27 0.226654

10 27 0.248632

11 27 0.269629

12 27 0.289562

13 27 0.308352

14 27 0.325926

15 27 0.342213

16 27 0.357149

17 27 0.370676

18 27 0.38274

19 27 0.393294

20 27 0.402295

21 27 0.409709

22 27 0.415506

23 27 0.419663

24 27 0.422163

25 27 0.422998

26 27 0.422163

27 27 0.419663

28 27 0.415506

29 27 0.409709

30 27 0.402295

31 27 0.393294

32 27 0.38274

33 27 0.370676

34 27 0.357149

35 27 0.342213

36 27 0.325926

37 27 0.308352

38 27 0.289562

39 27 0.269629

40 27 0.248632

41 27 0.226654

42 27 0.203781

43 27 0.180104

44 27 0.155716

45 27 0.130714

46 27 0.105195

47 27 0.0792619

48 27 0.0530157

49 27 0.0265603

50 27 0

0 28 0

1 28 0.0262972

2 28 0.0524906

3 28 0.0784768

4 28 0.104153

5 28 0.129419

6 28 0.154174

7 28 0.17832

8 28 0.201762

9 28 0.224409

10 28 0.246169

11 28 0.266958

12 28 0.286694

13 28 0.305298

14 28 0.322697

15 28 0.338823

16 28 0.353611

17 28 0.367004

18 28 0.378949

19 28 0.389398

20 28 0.39831

21 28 0.40565

22 28 0.41139

23 28 0.415506

24 28 0.417982

25 28 0.418808

26 28 0.417982

27 28 0.415506

28 28 0.41139

29 28 0.40565

30 28 0.39831

31 28 0.389398

32 28 0.378949

33 28 0.367004

34 28 0.353611

35 28 0.338823

36 28 0.322697

37 28 0.305298

38 28 0.286694

39 28 0.266958

40 28 0.246169

41 28 0.224409

42 28 0.201762

43 28 0.17832

44 28 0.154174

45 28 0.129419

46 28 0.104153

47 28 0.0784768

48 28 0.0524906

49 28 0.0262972

50 28 0

0 29 0

1 29 0.0259303

2 29 0.0517583

3 29 0.077382

4 29 0.1027

5 29 0.127613

6 29 0.152023

7 29 0.175832

8 29 0.198948

9 29 0.221278

10 29 0.242735

11 29 0.263234

12 29 0.282694

13 29 0.301039

14 29 0.318195

15 29 0.334096

16 29 0.348678

17 29 0.361884

18 29 0.373662

19 29 0.383965

20 29 0.392753

21 29 0.399991

22 29 0.40565

23 29 0.409709

24 29 0.41215

25 29 0.412965

26 29 0.41215

27 29 0.409709

28 29 0.40565

29 29 0.399991

30 29 0.392753

31 29 0.383965

32 29 0.373662

33 29 0.361884

34 29 0.348678

35 29 0.334096

36 29 0.318195

37 29 0.301039

38 29 0.282694

39 29 0.263234

40 29 0.242735

41 29 0.221278

42 29 0.198948

43 29 0.175832

44 29 0.152023

45 29 0.127613

46 29 0.1027

47 29 0.077382

48 29 0.0517583

49 29 0.0259303

50 29 0

0 30 0

1 30 0.0254611

2 30 0.0508217

3 30 0.0759817

4 30 0.100842

5 30 0.125304

6 30 0.149272

7 30 0.17265

8 30 0.195348

9 30 0.217274

10 30 0.238343

11 30 0.258471

12 30 0.277579

13 30 0.295591

14 30 0.312437

15 30 0.32805

16 30 0.342369

17 30 0.355336

18 30 0.366901

19 30 0.377017

20 30 0.385646

21 30 0.392753

22 30 0.39831

23 30 0.402295

24 30 0.404692

25 30 0.405493

26 30 0.404692

27 30 0.402295

28 30 0.39831

29 30 0.392753

30 30 0.385646

31 30 0.377017

32 30 0.366901

33 30 0.355336

34 30 0.342369

35 30 0.32805

36 30 0.312437

37 30 0.295591

38 30 0.277579

39 30 0.258471

40 30 0.238343

41 30 0.217274

42 30 0.195348

43 30 0.17265

44 30 0.149272

45 30 0.125304

46 30 0.100842

47 30 0.0759817

48 30 0.0508217

49 30 0.0254611

50 30 0

0 31 0

1 31 0.0248914

2 31 0.0496845

3 31 0.0742816

4 31 0.0985855

5 31 0.1225

6 31 0.145932

7 31 0.168787

8 31 0.190977

9 31 0.212412

10 31 0.23301

11 31 0.252687

12 31 0.271368

13 31 0.288977

14 31 0.305447

15 31 0.32071

16 31 0.334708

17 31 0.347385

18 31 0.358691

19 31 0.368582

20 31 0.377017

21 31 0.383965

22 31 0.389398

23 31 0.393294

24 31 0.395637

25 31 0.39642

26 31 0.395637

27 31 0.393294

28 31 0.389398

29 31 0.383965

30 31 0.377017

31 31 0.368582

32 31 0.358691

33 31 0.347385

34 31 0.334708

35 31 0.32071

36 31 0.305447

37 31 0.288977

38 31 0.271368

39 31 0.252687

40 31 0.23301

41 31 0.212412

42 31 0.190977

43 31 0.168787

44 31 0.145932

45 31 0.1225

46 31 0.0985855

47 31 0.0742816

48 31 0.0496845

49 31 0.0248914

50 31 0

0 32 0

1 32 0.0242235

2 32 0.0483513

3 32 0.0722884

4 32 0.0959401

5 32 0.119213

6 32 0.142016

7 32 0.164258

8 32 0.185852

9 32 0.206712

10 32 0.226757

11 32 0.245907

12 32 0.264086

13 32 0.281223

14 32 0.29725

15 32 0.312104

16 32 0.325727

17 32 0.338063

18 32 0.349066

19 32 0.358691

20 32 0.366901

21 32 0.373662

22 32 0.378949

23 32 0.38274

24 32 0.385021

25 32 0.385782

26 32 0.385021

27 32 0.38274

28 32 0.378949

29 32 0.373662

30 32 0.366901

31 32 0.358691

32 32 0.349066

33 32 0.338063

34 32 0.325727

35 32 0.312104

36 32 0.29725

37 32 0.281223

38 32 0.264086

39 32 0.245907

40 32 0.226757

41 32 0.206712

42 32 0.185852

43 32 0.164258

44 32 0.142016

45 32 0.119213

46 32 0.0959401

47 32 0.0722884

48 32 0.0483513

49 32 0.0242235

50 32 0

0 33 0

1 33 0.0234599

2 33 0.0468273

3 33 0.0700098

4 33 0.0929161

5 33 0.115456

6 33 0.13754

7 33 0.159081

8 33 0.179994

9 33 0.200197

10 33 0.21961

11 33 0.238156

12 33 0.255762

13 33 0.272359

14 33 0.287881

15 33 0.302267

16 33 0.31546

17 33 0.327408

18 33 0.338063

19 33 0.347385

20 33 0.355336

21 33 0.361884

22 33 0.367004

23 33 0.370676

24 33 0.372885

25 33 0.373622

26 33 0.372885

27 33 0.370676

28 33 0.367004

29 33 0.361884

30 33 0.355336

31 33 0.347385

32 33 0.338063

33 33 0.327408

34 33 0.31546

35 33 0.302267

36 33 0.287881

37 33 0.272359

38 33 0.255762

39 33 0.238156

40 33 0.21961

41 33 0.200197

42 33 0.179994

43 33 0.159081

44 33 0.13754

45 33 0.115456

46 33 0.0929161

47 33 0.0700098

48 33 0.0468273

49 33 0.0234599

50 33 0

0 34 0

1 34 0.0226038

2 34 0.0451184

3 34 0.067455

4 34 0.0895253

5 34 0.111242

6 34 0.13252

7 34 0.153275

8 34 0.173425

9 34 0.192891

10 34 0.211595

11 34 0.229465

12 34 0.246429

13 34 0.26242

14 34 0.277375

15 34 0.291236

16 34 0.303948

17 34 0.31546

18 34 0.325727

19 34 0.334708

20 34 0.342369

21 34 0.348678

22 34 0.353611

23 34 0.357149

24 34 0.359277

25 34 0.359988

26 34 0.359277

27 34 0.357149

28 34 0.353611

29 34 0.348678

30 34 0.342369

31 34 0.334708

32 34 0.325727

33 34 0.31546

34 34 0.303948

35 34 0.291236

36 34 0.277375

37 34 0.26242

38 34 0.246429

39 34 0.229465

40 34 0.211595

41 34 0.192891

42 34 0.173425

43 34 0.153275

44 34 0.13252

45 34 0.111242

46 34 0.0895253

47 34 0.067455

48 34 0.0451184

49 34 0.0226038

50 34 0

0 35 0

1 35 0.0216585

2 35 0.0432315

3 35 0.0646339

4 35 0.0857812

5 35 0.10659

6 35 0.126978

7 35 0.146865

8 35 0.166173

9 35 0.184824

10 35 0.202746

11 35 0.219868

12 35 0.236123

13 35 0.251445

14 35 0.265775

15 35 0.279056

16 35 0.291236

17 35 0.302267

18 35 0.312104

19 35 0.32071

20 35 0.32805

21 35 0.334096

22 35 0.338823

23 35 0.342213

24 35 0.344252

25 35 0.344933

26 35 0.344252

27 35 0.342213

28 35 0.338823

29 35 0.334096

30 35 0.32805

31 35 0.32071

32 35 0.312104

33 35 0.302267

34 35 0.291236

35 35 0.279056

36 35 0.265775

37 35 0.251445

38 35 0.236123

39 35 0.219868

40 35 0.202746

41 35 0.184824

42 35 0.166173

43 35 0.146865

44 35 0.126978

45 35 0.10659

46 35 0.0857812

47 35 0.0646339

48 35 0.0432315

49 35 0.0216585

50 35 0

0 36 0

1 36 0.0206277

2 36 0.041174

3 36 0.0615578

4 36 0.0816986

5 36 0.101517

6 36 0.120935

7 36 0.139875

8 36 0.158264

9 36 0.176028

10 36 0.193097

11 36 0.209404

12 36 0.224885

13 36 0.239478

14 36 0.253126

15 36 0.265775

16 36 0.277375

17 36 0.287881

18 36 0.29725

19 36 0.305447

20 36 0.312437

21 36 0.318195

22 36 0.322697

23 36 0.325926

24 36 0.327868

25 36 0.328516

26 36 0.327868

27 36 0.325926

28 36 0.322697

29 36 0.318195

30 36 0.312437

31 36 0.305447

32 36 0.29725

33 36 0.287881

34 36 0.277375

35 36 0.265775

36 36 0.253126

37 36 0.239478

38 36 0.224885

39 36 0.209404

40 36 0.193097

41 36 0.176028

42 36 0.158264

43 36 0.139875

44 36 0.120935

45 36 0.101517

46 36 0.0816986

47 36 0.0615578

48 36 0.041174

49 36 0.0206277

50 36 0

0 37 0

1 37 0.0195155

2 37 0.038954

3 37 0.0582387

4 37 0.0772936

5 37 0.0960434

6 37 0.114414

7 37 0.132334

8 37 0.149731

9 37 0.166537

10 37 0.182685

11 37 0.198113

12 37 0.212759

13 37 0.226566

14 37 0.239478

15 37 0.251445

16 37 0.26242

17 37 0.272359

18 37 0.281223

19 37 0.288977

20 37 0.295591

21 37 0.301039

22 37 0.305298

23 37 0.308352

24 37 0.31019

25 37 0.310803

26 37 0.31019

27 37 0.308352

28 37 0.305298

29 37 0.301039

30 37 0.295591

31 37 0.288977

32 37 0.281223

33 37 0.272359

34 37 0.26242

35 37 0.251445

36 37 0.239478

37 37 0.226566

38 37 0.212759

39 37 0.198113

40 37 0.182685

41 37 0.166537

42 37 0.149731

43 37 0.132334

44 37 0.114414

45 37 0.0960434

46 37 0.0772936

47 37 0.0582387

48 37 0.038954

49 37 0.0195155

50 37 0

0 38 0

1 38 0.0183263

2 38 0.0365802

3 38 0.0546898

4 38 0.0725835

5 38 0.0901908

6 38 0.107442

7 38 0.124269

8 38 0.140606

9 38 0.156388

10 38 0.171553

11 38 0.186041

12 38 0.199794

13 38 0.212759

14 38 0.224885

15 38 0.236123

16 38 0.246429

17 38 0.255762

18 38 0.264086

19 38 0.271368

20 38 0.277579

21 38 0.282694

22 38 0.286694

23 38 0.289562

24 38 0.291288

25 38 0.291864

26 38 0.291288

27 38 0.289562

28 38 0.286694

29 38 0.282694

30 38 0.277579

31 38 0.271368

32 38 0.264086

33 38 0.255762

34 38 0.246429

35 38 0.236123

36 38 0.224885

37 38 0.212759

38 38 0.199794

39 38 0.186041

40 38 0.171553

41 38 0.156388

42 38 0.140606

43 38 0.124269

44 38 0.107442

45 38 0.0901908

46 38 0.0725835

47 38 0.0546898

48 38 0.0365802

49 38 0.0183263

50 38 0

0 39 0

1 39 0.0170647

2 39 0.0340621

3 39 0.050925

4 39 0.067587

5 39 0.0839822

6 39 0.100046

7 39 0.115715

8 39 0.130927

9 39 0.145623

10 39 0.159744

11 39 0.173234

12 39 0.186041

13 39 0.198113

14 39 0.209404

15 39 0.219868

16 39 0.229465

17 39 0.238156

18 39 0.245907

19 39 0.252687

20 39 0.258471

21 39 0.263234

22 39 0.266958

23 39 0.269629

24 39 0.271236

25 39 0.271772

26 39 0.271236

27 39 0.269629

28 39 0.266958

29 39 0.263234

30 39 0.258471

31 39 0.252687

32 39 0.245907

33 39 0.238156

34 39 0.229465

35 39 0.219868

36 39 0.209404

37 39 0.198113

38 39 0.186041

39 39 0.173234

40 39 0.159744

41 39 0.145623

42 39 0.130927

43 39 0.115715

44 39 0.100046

45 39 0.0839822

46 39 0.067587

47 39 0.050925

48 39 0.0340621

49 39 0.0170647

50 39 0

0 40 0

1 40 0.0157358

2 40 0.0314095

3 40 0.0469593

4 40 0.0623237

5 40 0.0774422

6 40 0.092255

7 40 0.106704

8 40 0.120731

9 40 0.134283

10 40 0.147304

11 40 0.159744

12 40 0.171553

13 40 0.182685

14 40 0.193097

15 40 0.202746

16 40 0.211595

17 40 0.21961

18 40 0.226757

19 40 0.23301

20 40 0.238343

21 40 0.242735

22 40 0.246169

23 40 0.248632

24 40 0.250114

25 40 0.250608

26 40 0.250114

27 40 0.248632

28 40 0.246169

29 40 0.242735

30 40 0.238343

31 40 0.23301

32 40 0.226757

33 40 0.21961

34 40 0.211595

35 40 0.202746

36 40 0.193097

37 40 0.182685

38 40 0.171553

39 40 0.159744

40 40 0.147304

41 40 0.134283

42 40 0.120731

43 40 0.106704

44 40 0.092255

45 40 0.0774422

46 40 0.0623237

47 40 0.0469593

48 40 0.0314095

49 40 0.0157358

50 40 0

0 41 0

1 41 0.0143448

2 41 0.028633

3 41 0.0428082

4 41 0.0568145

5 41 0.0705965

6 41 0.0841

7 41 0.0972715

8 41 0.110059

9 41 0.122412

10 41 0.134283

11 41 0.145623

12 41 0.156388

13 41 0.166537

14 41 0.176028

15 41 0.184824

16 41 0.192891

17 41 0.200197

18 41 0.206712

19 41 0.212412

20 41 0.217274

21 41 0.221278

22 41 0.224409

23 41 0.226654

24 41 0.228004

25 41 0.228455

26 41 0.228004

27 41 0.226654

28 41 0.224409

29 41 0.221278

30 41 0.217274

31 41 0.212412

32 41 0.206712

33 41 0.200197

34 41 0.192891

35 41 0.184824

36 41 0.176028

37 41 0.166537

38 41 0.156388

39 41 0.145623

40 41 0.134283

41 41 0.122412

42 41 0.110059

43 41 0.0972715

44 41 0.0841

45 41 0.0705965

46 41 0.0568145

47 41 0.0428082

48 41 0.028633

49 41 0.0143448

50 41 0

0 42 0

1 42 0.0128972

2 42 0.0257435

3 42 0.0384882

4 42 0.051081

5 42 0.0634723

6 42 0.075613

7 42 0.0874553

8 42 0.0989525

9 42 0.110059

10 42 0.120731

11 42 0.130927

12 42 0.140606

13 42 0.149731

14 42 0.158264

15 42 0.166173

16 42 0.173425

17 42 0.179994

18 42 0.185852

19 42 0.190977

20 42 0.195348

21 42 0.198948

22 42 0.201762

23 42 0.203781

24 42 0.204995

25 42 0.205401

26 42 0.204995

27 42 0.203781

28 42 0.201762

29 42 0.198948

30 42 0.195348

31 42 0.190977

32 42 0.185852

33 42 0.179994

34 42 0.173425

35 42 0.166173

36 42 0.158264

37 42 0.149731

38 42 0.140606

39 42 0.130927

40 42 0.120731

41 42 0.110059

42 42 0.0989525

43 42 0.0874553

44 42 0.075613

45 42 0.0634723

46 42 0.051081

47 42 0.0384882

48 42 0.0257435

49 42 0.0128972

50 42 0

0 43 0

1 43 0.0113987

2 43 0.0227524

3 43 0.0340163

4 43 0.045146

5 43 0.0560975

6 43 0.0668276

7 43 0.077294

8 43 0.0874553

9 43 0.0972715

10 43 0.106704

11 43 0.115715

12 43 0.124269

13 43 0.132334

14 43 0.139875

15 43 0.146865

16 43 0.153275

17 43 0.159081

18 43 0.164258

19 43 0.168787

20 43 0.17265

21 43 0.175832

22 43 0.17832

23 43 0.180104

24 43 0.181177

25 43 0.181535

26 43 0.181177

27 43 0.180104

28 43 0.17832

29 43 0.175832

30 43 0.17265

31 43 0.168787

32 43 0.164258

33 43 0.159081

34 43 0.153275

35 43 0.146865

36 43 0.139875

37 43 0.132334

38 43 0.124269

39 43 0.115715

40 43 0.106704

41 43 0.0972715

42 43 0.0874553

43 43 0.077294

44 43 0.0668276

45 43 0.0560975

46 43 0.045146

47 43 0.0340163

48 43 0.0227524

49 43 0.0113987

50 43 0

0 44 0

1 44 0.0098552

2 44 0.0196715

3 44 0.0294102

4 44 0.0390328

5 44 0.0485013

6 44 0.0577785

7 44 0.0668276

8 44 0.075613

9 44 0.0841

10 44 0.092255

11 44 0.100046

12 44 0.107442

13 44 0.114414

14 44 0.120935

15 44 0.126978

16 44 0.13252

17 44 0.13754

18 44 0.142016

19 44 0.145932

20 44 0.149272

21 44 0.152023

22 44 0.154174

23 44 0.155716

24 44 0.156644

25 44 0.156954

26 44 0.156644

27 44 0.155716

28 44 0.154174

29 44 0.152023

30 44 0.149272

31 44 0.145932

32 44 0.142016

33 44 0.13754

34 44 0.13252

35 44 0.126978

36 44 0.120935

37 44 0.114414

38 44 0.107442

39 44 0.100046

40 44 0.092255

41 44 0.0841

42 44 0.075613

43 44 0.0668276

44 44 0.0577785

45 44 0.0485013

46 44 0.0390328

47 44 0.0294102

48 44 0.0196715

49 44 0.0098552

50 44 0

0 45 0

1 45 0.00827281

2 45 0.016513

3 45 0.024688

4 45 0.0327655

5 45 0.0407138

6 45 0.0485013

7 45 0.0560975

8 45 0.0634723

9 45 0.0705965

10 45 0.0774422

11 45 0.0839822

12 45 0.0901908

13 45 0.0960434

14 45 0.101517

15 45 0.10659

16 45 0.111242

17 45 0.115456

18 45 0.119213

19 45 0.1225

20 45 0.125304

21 45 0.127613

22 45 0.129419

23 45 0.130714

24 45 0.131493

25 45 0.131753

26 45 0.131493

27 45 0.130714

28 45 0.129419

29 45 0.127613

30 45 0.125304

31 45 0.1225

32 45 0.119213

33 45 0.115456

34 45 0.111242

35 45 0.10659

36 45 0.101517

37 45 0.0960434

38 45 0.0901908

39 45 0.0839822

40 45 0.0774422

41 45 0.0705965

42 45 0.0634723

43 45 0.0560975

44 45 0.0485013

45 45 0.0407138

46 45 0.0327655

47 45 0.024688

48 45 0.016513

49 45 0.00827281

50 45 0

0 46 0

1 46 0.00665777

2 46 0.0132893

3 46 0.0198683

4 46 0.0263689

5 46 0.0327655

6 46 0.0390328

7 46 0.045146

8 46 0.051081

9 46 0.0568145

10 46 0.0623237

11 46 0.067587

12 46 0.0725835

13 46 0.0772936

14 46 0.0816986

15 46 0.0857812

16 46 0.0895253

17 46 0.0929161

18 46 0.0959401

19 46 0.0985855

20 46 0.100842

21 46 0.1027

22 46 0.104153

23 46 0.105195

24 46 0.105822

25 46 0.106031

26 46 0.105822

27 46 0.105195

28 46 0.104153

29 46 0.1027

30 46 0.100842

31 46 0.0985855

32 46 0.0959401

33 46 0.0929161

34 46 0.0895253

35 46 0.0857812

36 46 0.0816986

37 46 0.0772936

38 46 0.0725835

39 46 0.067587

40 46 0.0623237

41 46 0.0568145

42 46 0.051081

43 46 0.045146

44 46 0.0390328

45 46 0.0327655

46 46 0.0263689

47 46 0.0198683

48 46 0.0132893

49 46 0.00665777

50 46 0

0 47 0

1 47 0.00501645

2 47 0.0100131

3 47 0.0149703

4 47 0.0198683

5 47 0.024688

6 47 0.0294102

7 47 0.0340163

8 47 0.0384882

9 47 0.0428082

10 47 0.0469593

11 47 0.050925

12 47 0.0546898

13 47 0.0582387

14 47 0.0615578

15 47 0.0646339

16 47 0.067455

17 47 0.0700098

18 47 0.0722884

19 47 0.0742816

20 47 0.0759817

21 47 0.077382

22 47 0.0784768

23 47 0.0792619

24 47 0.0797343

25 47 0.0798919

26 47 0.0797343

27 47 0.0792619

28 47 0.0784768

29 47 0.077382

30 47 0.0759817

31 47 0.0742816

32 47 0.0722884

33 47 0.0700098

34 47 0.067455

35 47 0.0646339

36 47 0.0615578

37 47 0.0582387

38 47 0.0546898

39 47 0.050925

40 47 0.0469593

41 47 0.0428082

42 47 0.0384882

43 47 0.0340163

44 47 0.0294102

45 47 0.024688

46 47 0.0198683

47 47 0.0149703

48 47 0.0100131

49 47 0.00501645

50 47 0

0 48 0

1 48 0.00335534

2 48 0.00669744

3 48 0.0100131

4 48 0.0132893

5 48 0.016513

6 48 0.0196715

7 48 0.0227524

8 48 0.0257435

9 48 0.028633

10 48 0.0314095

11 48 0.0340621

12 48 0.0365802

13 48 0.038954

14 48 0.041174

15 48 0.0432315

16 48 0.0451184

17 48 0.0468273

18 48 0.0483513

19 48 0.0496845

20 48 0.0508217

21 48 0.0517583

22 48 0.0524906

23 48 0.0530157

24 48 0.0533316

25 48 0.0534371

26 48 0.0533316

27 48 0.0530157

28 48 0.0524906

29 48 0.0517583

30 48 0.0508217

31 48 0.0496845

32 48 0.0483513

33 48 0.0468273

34 48 0.0451184

35 48 0.0432315

36 48 0.041174

37 48 0.038954

38 48 0.0365802

39 48 0.0340621

40 48 0.0314095

41 48 0.028633

42 48 0.0257435

43 48 0.0227524

44 48 0.0196715

45 48 0.016513

46 48 0.0132893

47 48 0.0100131

48 48 0.00669744

49 48 0.00335534

50 48 0

0 49 0

1 49 0.00168099

2 49 0.00335534

3 49 0.00501645

4 49 0.00665777

5 49 0.00827281

6 49 0.0098552

7 49 0.0113987

8 49 0.0128972

9 49 0.0143448

10 49 0.0157358

11 49 0.0170647

12 49 0.0183263

13 49 0.0195155

14 49 0.0206277

15 49 0.0216585

16 49 0.0226038

17 49 0.0234599

18 49 0.0242235

19 49 0.0248914

20 49 0.0254611

21 49 0.0259303

22 49 0.0262972

23 49 0.0265603

24 49 0.0267185

25 49 0.0267714

26 49 0.0267185

27 49 0.0265603

28 49 0.0262972

29 49 0.0259303

30 49 0.0254611

31 49 0.0248914

32 49 0.0242235

33 49 0.0234599

34 49 0.0226038

35 49 0.0216585

36 49 0.0206277

37 49 0.0195155

38 49 0.0183263

39 49 0.0170647

40 49 0.0157358

41 49 0.0143448

42 49 0.0128972

43 49 0.0113987

44 49 0.0098552

45 49 0.00827281

46 49 0.00665777

47 49 0.00501645

48 49 0.00335534

49 49 0.00168099

50 49 0

