0 1 0

1 1 0.00157812

2 1 0.00315002

3 1 0.00470948

4 1 0.00625036

5 1 0.00776657

6 1 0.00925212

7 1 0.0107012

8 1 0.012108

9 1 0.013467

10 1 0.0147729

11 1 0.0160205

12 1 0.0172048

13 1 0.0183213

14 1 0.0193654

15 1 0.0203331

16 1 0.0212206

17 1 0.0220243

18 1 0.0227411

19 1 0.0233682

20 1 0.023903

21 1 0.0243435

22 1 0.024688

23 1 0.024935

24 1 0.0250835

25 1 0.0251331

26 1 0.0250835

27 1 0.024935

28 1 0.024688

29 1 0.0243435

30 1 0.023903

31 1 0.0233682

32 1 0.0227411

33 1 0.0220243

34 1 0.0212206

35 1 0.0203331

36 1 0.0193654

37 1 0.0183213

38 1 0.0172048

39 1 0.0160205

40 1 0.0147729

41 1 0.013467

42 1 0.012108

43 1 0.0107012

44 1 0.00925212

45 1 0.00776657

46 1 0.00625036

47 1 0.00470948

48 1 0.00315002

49 1 0.00157812

50 1 0

0 2 0

1 2 0.00315002

2 2 0.0062876

3 2 0.00940037

4 2 0.012476

5 2 0.0155025

6 2 0.0184677

7 2 0.0213601

8 2 0.0241682

9 2 0.0268809

10 2 0.0294875

11 2 0.0319777

12 2 0.0343417

13 2 0.0365702

14 2 0.0386544

15 2 0.040586

16 2 0.0423575

17 2 0.0439617

18 2 0.0453925

19 2 0.0466442

20 2 0.0477117

21 2 0.048591

22 2 0.0492785

23 2 0.0497715

24 2 0.0500681

25 2 0.0501671

26 2 0.0500681

27 2 0.0497715

28 2 0.0492785

29 2 0.048591

30 2 0.0477117

31 2 0.0466442

32 2 0.0453925

33 2 0.0439617

34 2 0.0423575

35 2 0.040586

36 2 0.0386544

37 2 0.0365702

38 2 0.0343417

39 2 0.0319777

40 2 0.0294875

41 2 0.0268809

42 2 0.0241682

43 2 0.0213601

44 2 0.0184677

45 2 0.0155025

46 2 0.012476

47 2 0.00940037

48 2 0.0062876

49 2 0.00315002

50 2 0

0 3 0

1 3 0.00470948

2 3 0.00940037

3 3 0.0140542

4 3 0.0186525

5 3 0.0231772

6 3 0.0276105

7 3 0.0319347

8 3 0.036133

9 3 0.0401886

10 3 0.0440857

11 3 0.0478087

12 3 0.0513431

13 3 0.0546749

14 3 0.0577908

15 3 0.0606787

16 3 0.0633272

17 3 0.0657257

18 3 0.0678648

19 3 0.0697361

20 3 0.0713321

21 3 0.0726467

22 3 0.0736745

23 3 0.0744116

24 3 0.074855

25 3 0.075003

26 3 0.074855

27 3 0.0744116

28 3 0.0736745

29 3 0.0726467

30 3 0.0713321

31 3 0.0697361

32 3 0.0678648

33 3 0.0657257

34 3 0.0633272

35 3 0.0606787

36 3 0.0577908

37 3 0.0546749

38 3 0.0513431

39 3 0.0478087

40 3 0.0440857

41 3 0.0401886

42 3 0.036133

43 3 0.0319347

44 3 0.0276105

45 3 0.0231772

46 3 0.0186525

47 3 0.0140542

48 3 0.00940037

49 3 0.00470948

50 3 0

0 4 0

1 4 0.00625036

2 4 0.012476

3 4 0.0186525

4 4 0.0247553

5 4 0.0307605

6 4 0.0366442

7 4 0.0423833

8 4 0.0479552

9 4 0.0533378

10 4 0.0585099

11 4 0.0634511

12 4 0.0681419

13 4 0.0725637

14 4 0.0766992

15 4 0.080532

16 4 0.0840469

17 4 0.0872302

18 4 0.0900692

19 4 0.0925527

20 4 0.094671

21 4 0.0964157

22 4 0.0977798

23 4 0.0987581

24 4 0.0993466

25 4 0.099543

26 4 0.0993466

27 4 0.0987581

28 4 0.0977798

29 4 0.0964157

30 4 0.094671

31 4 0.0925527

32 4 0.0900692

33 4 0.0872302

34 4 0.0840469

35 4 0.080532

36 4 0.0766992

37 4 0.0725637

38 4 0.0681419

39 4 0.0634511

40 4 0.0585099

41 4 0.0533378

42 4 0.0479552

43 4 0.0423833

44 4 0.0366442

45 4 0.0307605

46 4 0.0247553

47 4 0.0186525

48 4 0.012476

49 4 0.00625036

50 4 0

0 5 0

1 5 0.00776657

2 5 0.0155025

3 5 0.0231772

4 5 0.0307605

5 5 0.0382223

6 5 0.0455334

7 5 0.0526647

8 5 0.0595882

9 5 0.0662765

10 5 0.0727032

11 5 0.078843

12 5 0.0846717

13 5 0.0901662

14 5 0.0953049

15 5 0.100067

16 5 0.104435

17 5 0.10839

18 5 0.111918

19 5 0.115004

20 5 0.117636

21 5 0.119804

22 5 0.121499

23 5 0.122715

24 5 0.123446

25 5 0.12369

26 5 0.123446

27 5 0.122715

28 5 0.121499

29 5 0.119804

30 5 0.117636

31 5 0.115004

32 5 0.111918

33 5 0.10839

34 5 0.104435

35 5 0.100067

36 5 0.0953049

37 5 0.0901662

38 5 0.0846717

39 5 0.078843

40 5 0.0727032

41 5 0.0662765

42 5 0.0595882

43 5 0.0526647

44 5 0.0455334

45 5 0.0382223

46 5 0.0307605

47 5 0.0231772

48 5 0.0155025

49 5 0.00776657

50 5 0

0 6 0

1 6 0.00925212

2 6 0.0184677

3 6 0.0276105

4 6 0.0366442

5 6 0.0455334

6 6 0.0542428

7 6 0.0627382

8 6 0.0709859

9 6 0.0789536

10 6 0.0866096

11 6 0.0939238

12 6 0.100867

13 6 0.107413

14 6 0.113534

15 6 0.119208

16 6 0.124411

17 6 0.129123

18 6 0.133325

19 6 0.137002

20 6 0.140137

21 6 0.14272

22 6 0.144739

23 6 0.146187

24 6 0.147058

25 6 0.147349

26 6 0.147058

27 6 0.146187

28 6 0.144739

29 6 0.14272

30 6 0.140137

31 6 0.137002

32 6 0.133325

33 6 0.129123

34 6 0.124411

35 6 0.119208

36 6 0.113534

37 6 0.107413

38 6 0.100867

39 6 0.0939238

40 6 0.0866096

41 6 0.0789536

42 6 0.0709859

43 6 0.0627382

44 6 0.0542428

45 6 0.0455334

46 6 0.0366442

47 6 0.0276105

48 6 0.0184677

49 6 0.00925212

50 6 0

0 7 0

1 7 0.0107012

2 7 0.0213601

3 7 0.0319347

4 7 0.0423833

5 7 0.0526647

6 7 0.0627382

7 7 0.0725641

8 7 0.0821036

9 7 0.0913191

10 7 0.100174

11 7 0.108634

12 7 0.116665

13 7 0.124236

14 7 0.131316

15 7 0.137878

16 7 0.143896

17 7 0.149346

18 7 0.154207

19 7 0.158459

20 7 0.162085

21 7 0.165072

22 7 0.167408

23 7 0.169083

24 7 0.17009

25 7 0.170426

26 7 0.17009

27 7 0.169083

28 7 0.167408

29 7 0.165072

30 7 0.162085

31 7 0.158459

32 7 0.154207

33 7 0.149346

34 7 0.143896

35 7 0.137878

36 7 0.131316

37 7 0.124236

38 7 0.116665

39 7 0.108634

40 7 0.100174

41 7 0.0913191

42 7 0.0821036

43 7 0.0725641

44 7 0.0627382

45 7 0.0526647

46 7 0.0423833

47 7 0.0319347

48 7 0.0213601

49 7 0.0107012

50 7 0

0 8 0

1 8 0.012108

2 8 0.0241682

3 8 0.036133

4 8 0.0479552

5 8 0.0595882

6 8 0.0709859

7 8 0.0821036

8 8 0.0928972

9 8 0.103324

10 8 0.113343

11 8 0.122915

12 8 0.132002

13 8 0.140568

14 8 0.148579

15 8 0.156004

16 8 0.162813

17 8 0.168979

18 8 0.174479

19 8 0.17929

20 8 0.183394

21 8 0.186773

22 8 0.189416

23 8 0.191311

24 8 0.192451

25 8 0.192831

26 8 0.192451

27 8 0.191311

28 8 0.189416

29 8 0.186773

30 8 0.183394

31 8 0.17929

32 8 0.174479

33 8 0.168979

34 8 0.162813

35 8 0.156004

36 8 0.148579

37 8 0.140568

38 8 0.132002

39 8 0.122915

40 8 0.113343

41 8 0.103324

42 8 0.0928972

43 8 0.0821036

44 8 0.0709859

45 8 0.0595882

46 8 0.0479552

47 8 0.036133

48 8 0.0241682

49 8 0.012108

50 8 0

0 9 0

1 9 0.013467

2 9 0.0268809

3 9 0.0401886

4 9 0.0533378

5 9 0.0662765

6 9 0.0789536

7 9 0.0913191

8 9 0.103324

9 9 0.114922

10 9 0.126065

11 9 0.136712

12 9 0.146818

13 9 0.156346

14 9 0.165256

15 9 0.173514

16 9 0.181087

17 9 0.187946

18 9 0.194063

19 9 0.199414

20 9 0.203978

21 9 0.207737

22 9 0.210676

23 9 0.212784

24 9 0.214052

25 9 0.214475

26 9 0.214052

27 9 0.212784

28 9 0.210676

29 9 0.207737

30 9 0.203978

31 9 0.199414

32 9 0.194063

33 9 0.187946

34 9 0.181087

35 9 0.173514

36 9 0.165256

37 9 0.156346

38 9 0.146818

39 9 0.136712

40 9 0.126065

41 9 0.114922

42 9 0.103324

43 9 0.0913191

44 9 0.0789536

45 9 0.0662765

46 9 0.0533378

47 9 0.0401886

48 9 0.0268809

49 9 0.013467

50 9 0

0 10 0

1 10 0.0147729

2 10 0.0294875

3 10 0.0440857

4 10 0.0585099

5 10 0.0727032

6 10 0.0866096

7 10 0.100174

8 10 0.113343

9 10 0.126065

10 10 0.13829

11 10 0.149968

12 10 0.161055

13 10 0.171506

14 10 0.181281

15 10 0.190339

16 10 0.198647

17 10 0.206171

18 10 0.212881

19 10 0.218751

20 10 0.223757

21 10 0.227881

22 10 0.231105

23 10 0.233417

24 10 0.234808

25 10 0.235273

26 10 0.234808

27 10 0.233417

28 10 0.231105

29 10 0.227881

30 10 0.223757

31 10 0.218751

32 10 0.212881

33 10 0.206171

34 10 0.198647

35 10 0.190339

36 10 0.181281

37 10 0.171506

38 10 0.161055

39 10 0.149968

40 10 0.13829

41 10 0.126065

42 10 0.113343

43 10 0.100174

44 10 0.0866096

45 10 0.0727032

46 10 0.0585099

47 10 0.0440857

48 10 0.0294875

49 10 0.0147729

50 10 0

0 11 0

1 11 0.0160205

2 11 0.0319777

3 11 0.0478087

4 11 0.0634511

5 11 0.078843

6 11 0.0939238

7 11 0.108634

8 11 0.122915

9 11 0.136712

10 11 0.149968

11 11 0.162633

12 11 0.174656

13 11 0.18599

14 11 0.19659

15 11 0.206414

16 11 0.215423

17 11 0.223582

18 11 0.230859

19 11 0.237225

20 11 0.242654

21 11 0.247126

22 11 0.250622

23 11 0.25313

24 11 0.254638

25 11 0.255141

26 11 0.254638

27 11 0.25313

28 11 0.250622

29 11 0.247126

30 11 0.242654

31 11 0.237225

32 11 0.230859

33 11 0.223582

34 11 0.215423

35 11 0.206414

36 11 0.19659

37 11 0.18599

38 11 0.174656

39 11 0.162633

40 11 0.149968

41 11 0.136712

42 11 0.122915

43 11 0.108634

44 11 0.0939238

45 11 0.078843

46 11 0.0634511

47 11 0.0478087

48 11 0.0319777

49 11 0.0160205

50 11 0

0 12 0

1 12 0.0172048

2 12 0.0343417

3 12 0.0513431

4 12 0.0681419

5 12 0.0846717

6 12 0.100867

7 12 0.116665

8 12 0.132002

9 12 0.146818

10 12 0.161055

11 12 0.174656

12 12 0.187568

13 12 0.19974

14 12 0.211123

15 12 0.221673

16 12 0.231349

17 12 0.240111

18 12 0.247926

19 12 0.254762

20 12 0.260593

21 12 0.265395

22 12 0.26915

23 12 0.271843

24 12 0.273463

25 12 0.274003

26 12 0.273463

27 12 0.271843

28 12 0.26915

29 12 0.265395

30 12 0.260593

31 12 0.254762

32 12 0.247926

33 12 0.240111

34 12 0.231349

35 12 0.221673

36 12 0.211123

37 12 0.19974

38 12 0.187568

39 12 0.174656

40 12 0.161055

41 12 0.146818

42 12 0.132002

43 12 0.116665

44 12 0.100867

45 12 0.0846717

46 12 0.0681419

47 12 0.0513431

48 12 0.0343417

49 12 0.0172048

50 12 0

0 13 0

1 13 0.0183213

2 13 0.0365702

3 13 0.0546749

4 13 0.0725637

5 13 0.0901662

6 13 0.107413

7 13 0.124236

8 13 0.140568

9 13 0.156346

10 13 0.171506

11 13 0.18599

12 13 0.19974

13 13 0.212701

14 13 0.224823

15 13 0.236058

16 13 0.246361

17 13 0.255692

18 13 0.264014

19 13 0.271294

20 13 0.277503

21 13 0.282617

22 13 0.286616

23 13 0.289483

24 13 0.291208

25 13 0.291784

26 13 0.291208

27 13 0.289483

28 13 0.286616

29 13 0.282617

30 13 0.277503

31 13 0.271294

32 13 0.264014

33 13 0.255692

34 13 0.246361

35 13 0.236058

36 13 0.224823

37 13 0.212701

38 13 0.19974

39 13 0.18599

40 13 0.171506

41 13 0.156346

42 13 0.140568

43 13 0.124236

44 13 0.107413

45 13 0.0901662

46 13 0.0725637

47 13 0.0546749

48 13 0.0365702

49 13 0.0183213

50 13 0

0 14 0

1 14 0.0193654

2 14 0.0386544

3 14 0.0577908

4 14 0.0766992

5 14 0.0953049

6 14 0.113534

7 14 0.131316

8 14 0.148579

9 14 0.165256

10 14 0.181281

11 14 0.19659

12 14 0.211123

13 14 0.224823

14 14 0.237636

15 14 0.249511

16 14 0.260402

17 14 0.270264

18 14 0.27906

19 14 0.286755

20 14 0.293318

21 14 0.298724

22 14 0.30295

23 14 0.305981

24 14 0.307804

25 14 0.308413

26 14 0.307804

27 14 0.305981

28 14 0.30295

29 14 0.298724

30 14 0.293318

31 14 0.286755

32 14 0.27906

33 14 0.270264

34 14 0.260402

35 14 0.249511

36 14 0.237636

37 14 0.224823

38 14 0.211123

39 14 0.19659

40 14 0.181281

41 14 0.165256

42 14 0.148579

43 14 0.131316

44 14 0.113534

45 14 0.0953049

46 14 0.0766992

47 14 0.0577908

48 14 0.0386544

49 14 0.0193654

50 14 0

0 15 0

1 15 0.0203331

2 15 0.040586

3 15 0.0606787

4 15 0.080532

5 15 0.100067

6 15 0.119208

7 15 0.137878

8 15 0.156004

9 15 0.173514

10 15 0.190339

11 15 0.206414

12 15 0.221673

13 15 0.236058

14 15 0.249511

15 15 0.26198

16 15 0.273414

17 15 0.28377

18 15 0.293006

19 15 0.301085

20 15 0.307976

21 15 0.313651

22 15 0.318089

23 15 0.321271

24 15 0.323186

25 15 0.323825

26 15 0.323186

27 15 0.321271

28 15 0.318089

29 15 0.313651

30 15 0.307976

31 15 0.301085

32 15 0.293006

33 15 0.28377

34 15 0.273414

35 15 0.26198

36 15 0.249511

37 15 0.236058

38 15 0.221673

39 15 0.206414

40 15 0.190339

41 15 0.173514

42 15 0.156004

43 15 0.137878

44 15 0.119208

45 15 0.100067

46 15 0.080532

47 15 0.0606787

48 15 0.040586

49 15 0.0203331

50 15 0

0 16 0

1 16 0.0212206

2 16 0.0423575

3 16 0.0633272

4 16 0.0840469

5 16 0.104435

6 16 0.124411

7 16 0.143896

8 16 0.162813

9 16 0.181087

10 16 0.198647

11 16 0.215423

12 16 0.231349

13 16 0.246361

14 16 0.260402

15 16 0.273414

16 16 0.285348

17 16 0.296156

18 16 0.305794

19 16 0.314226

20 16 0.321418

21 16 0.327341

22 16 0.331973

23 16 0.335294

24 16 0.337292

25 16 0.337959

26 16 0.337292

27 16 0.335294

28 16 0.331973

29 16 0.327341

30 16 0.321418

31 16 0.314226

32 16 0.305794

33 16 0.296156

34 16 0.285348

35 16 0.273414

36 16 0.260402

37 16 0.246361

38 16 0.231349

39 16 0.215423

40 16 0.198647

41 16 0.181087

42 16 0.162813

43 16 0.143896

44 16 0.124411

45 16 0.104435

46 16 0.0840469

47 16 0.0633272

48 16 0.0423575

49 16 0.0212206

50 16 0

0 17 0

1 17 0.0220243

2 17 0.0439617

3 17 0.0657257

4 17 0.0872302

5 17 0.10839

6 17 0.129123

7 17 0.149346

8 17 0.168979

9 17 0.187946

10 17 0.206171

11 17 0.223582

12 17 0.240111

13 17 0.255692

14 17 0.270264

15 17 0.28377

16 17 0.296156

17 17 0.307372

18 17 0.317376

19 17 0.326127

20 17 0.333592

21 17 0.339739

22 17 0.344546

23 17 0.347993

24 17 0.350067

25 17 0.350759

26 17 0.350067

27 17 0.347993

28 17 0.344546

29 17 0.339739

30 17 0.333592

31 17 0.326127

32 17 0.317376

33 17 0.307372

34 17 0.296156

35 17 0.28377

36 17 0.270264

37 17 0.255692

38 17 0.240111

39 17 0.223582

40 17 0.206171

41 17 0.187946

42 17 0.168979

43 17 0.149346

44 17 0.129123

45 17 0.10839

46 17 0.0872302

47 17 0.0657257

48 17 0.0439617

49 17 0.0220243

50 17 0

0 18 0

1 18 0.0227411

2 18 0.0453925

3 18 0.0678648

4 18 0.0900692

5 18 0.111918

6 18 0.133325

7 18 0.154207

8 18 0.174479

9 18 0.194063

10 18 0.212881

11 18 0.230859

12 18 0.247926

13 18 0.264014

14 18 0.27906

15 18 0.293006

16 18 0.305794

17 18 0.317376

18 18 0.327706

19 18 0.336742

20 18 0.344449

21 18 0.350796

22 18 0.35576

23 18 0.359319

24 18 0.36146

25 18 0.362175

26 18 0.36146

27 18 0.359319

28 18 0.35576

29 18 0.350796

30 18 0.344449

31 18 0.336742

32 18 0.327706

33 18 0.317376

34 18 0.305794

35 18 0.293006

36 18 0.27906

37 18 0.264014

38 18 0.247926

39 18 0.230859

40 18 0.212881

41 18 0.194063

42 18 0.174479

43 18 0.154207

44 18 0.133325

45 18 0.111918

46 18 0.0900692

47 18 0.0678648

48 18 0.0453925

49 18 0.0227411

50 18 0

0 19 0

1 19 0.0233682

2 19 0.0466442

3 19 0.0697361

4 19 0.0925527

5 19 0.115004

6 19 0.137002

7 19 0.158459

8 19 0.17929

9 19 0.199414

10 19 0.218751

11 19 0.237225

12 19 0.254762

13 19 0.271294

14 19 0.286755

15 19 0.301085

16 19 0.314226

17 19 0.326127

18 19 0.336742

19 19 0.346027

20 19 0.353946

21 19 0.360469

22 19 0.365569

23 19 0.369227

24 19 0.371427

25 19 0.372161

26 19 0.371427

27 19 0.369227

28 19 0.365569

29 19 0.360469

30 19 0.353946

31 19 0.346027

32 19 0.336742

33 19 0.326127

34 19 0.314226

35 19 0.301085

36 19 0.286755

37 19 0.271294

38 19 0.254762

39 19 0.237225

40 19 0.218751

41 19 0.199414

42 19 0.17929

43 19 0.158459

44 19 0.137002

45 19 0.115004

46 19 0.0925527

47 19 0.0697361

48 19 0.0466442

49 19 0.0233682

50 19 0

0 20 0

1 20 0.023903

2 20 0.0477117

3 20 0.0713321

4 20 0.094671

5 20 0.117636

6 20 0.140137

7 20 0.162085

8 20 0.183394

9 20 0.203978

10 20 0.223757

11 20 0.242654

12 20 0.260593

13 20 0.277503

14 20 0.293318

15 20 0.307976

16 20 0.321418

17 20 0.333592

18 20 0.344449

19 20 0.353946

20 20 0.362047

21 20 0.368719

22 20 0.373936

23 20 0.377677

24 20 0.379928

25 20 0.380679

26 20 0.379928

27 20 0.377677

28 20 0.373936

29 20 0.368719

30 20 0.362047

31 20 0.353946

32 20 0.344449

33 20 0.333592

34 20 0.321418

35 20 0.307976

36 20 0.293318

37 20 0.277503

38 20 0.260593

39 20 0.242654

40 20 0.223757

41 20 0.203978

42 20 0.183394

43 20 0.162085

44 20 0.140137

45 20 0.117636

46 20 0.094671

47 20 0.0713321

48 20 0.0477117

49 20 0.023903

50 20 0

0 21 0

1 21 0.0243435

2 21 0.048591

3 21 0.0726467

4 21 0.0964157

5 21 0.119804

6 21 0.14272

7 21 0.165072

8 21 0.186773

9 21 0.207737

10 21 0.227881

11 21 0.247126

12 21 0.265395

13 21 0.282617

14 21 0.298724

15 21 0.313651

16 21 0.327341

17 21 0.339739

18 21 0.350796

19 21 0.360469

20 21 0.368719

21 21 0.375514

22 21 0.380827

23 21 0.384637

24 21 0.386929

25 21 0.387694

26 21 0.386929

27 21 0.384637

28 21 0.380827

29 21 0.375514

30 21 0.368719

31 21 0.360469

32 21 0.350796

33 21 0.339739

34 21 0.327341

35 21 0.313651

36 21 0.298724

37 21 0.282617

38 21 0.265395

39 21 0.247126

40 21 0.227881

41 21 0.207737

42 21 0.186773

43 21 0.165072

44 21 0.14272

45 21 0.119804

46 21 0.0964157

47 21 0.0726467

48 21 0.048591

49 21 0.0243435

50 21 0

0 22 0

1 22 0.024688

2 22 0.0492785

3 22 0.0736745

4 22 0.0977798

5 22 0.121499

6 22 0.144739

7 22 0.167408

8 22 0.189416

9 22 0.210676

10 22 0.231105

11 22 0.250622

12 22 0.26915

13 22 0.286616

14 22 0.30295

15 22 0.318089

16 22 0.331973

17 22 0.344546

18 22 0.35576

19 22 0.365569

20 22 0.373936

21 22 0.380827

22 22 0.386215

23 22 0.390079

24 22 0.392404

25 22 0.39318

26 22 0.392404

27 22 0.390079

28 22 0.386215

29 22 0.380827

30 22 0.373936

31 22 0.365569

32 22 0.35576

33 22 0.344546

34 22 0.331973

35 22 0.318089

36 22 0.30295

37 22 0.286616

38 22 0.26915

39 22 0.250622

40 22 0.231105

41 22 0.210676

42 22 0.189416

43 22 0.167408

44 22 0.144739

45 22 0.121499

46 22 0.0977798

47 22 0.0736745

48 22 0.0492785

49 22 0.024688

50 22 0

0 23 0

1 23 0.024935

2 23 0.0497715

3 23 0.0744116

4 23 0.0987581

5 23 0.122715

6 23 0.146187

7 23 0.169083

8 23 0.191311

9 23 0.212784

10 23 0.233417

11 23 0.25313

12 23 0.271843

13 23 0.289483

14 23 0.305981

15 23 0.321271

16 23 0.335294

17 23 0.347993

18 23 0.359319

19 23 0.369227

20 23 0.377677

21 23 0.384637

22 23 0.390079

23 23 0.393982

24 23 0.39633

25 23 0.397113

26 23 0.39633

27 23 0.393982

28 23 0.390079

29 23 0.384637

30 23 0.377677

31 23 0.369227

32 23 0.359319

33 23 0.347993

34 23 0.335294

35 23 0.321271

36 23 0.305981

37 23 0.289483

38 23 0.271843

39 23 0.25313

40 23 0.233417

41 23 0.212784

42 23 0.191311

43 23 0.169083

44 23 0.146187

45 23 0.122715

46 23 0.0987581

47 23 0.0744116

48 23 0.0497715

49 23 0.024935

50 23 0

0 24 0

1 24 0.0250835

2 24 0.0500681

3 24 0.074855

4 24 0.0993466

5 24 0.123446

6 24 0.147058

7 24 0.17009

8 24 0.192451

9 24 0.214052

10 24 0.234808

11 24 0.254638

12 24 0.273463

13 24 0.291208

14 24 0.307804

15 24 0.323186

16 24 0.337292

17 24 0.350067

18 24 0.36146

19 24 0.371427

20 24 0.379928

21 24 0.386929

22 24 0.392404

23 24 0.39633

24 24 0.398691

25 24 0.39948

26 24 0.398691

27 24 0.39633

28 24 0.392404

29 24 0.386929

30 24 0.379928

31 24 0.371427

32 24 0.36146

33 24 0.350067

34 24 0.337292

35 24 0.323186

36 24 0.307804

37 24 0.291208

38 24 0.273463

39 24 0.254638

40 24 0.234808

41 24 0.214052

42 24 0.192451

43 24 0.17009

44 24 0.147058

45 24 0.123446

46 24 0.0993466

47 24 0.074855

48 24 0.0500681

49 24 0.0250835

50 24 0

0 25 0

1 25 0.0251331

2 25 0.0501671

3 25 0.075003

4 25 0.099543

5 25 0.12369

6 25 0.147349

7 25 0.170426

8 25 0.192831

9 25 0.214475

10 25 0.235273

11 25 0.255141

12 25 0.274003

13 25 0.291784

14 25 0.308413

15 25 0.323825

16 25 0.337959

17 25 0.350759

18 25 0.362175

19 25 0.372161

20 25 0.380679

21 25 0.387694

22 25 0.39318

23 25 0.397113

24 25 0.39948

25 25 0.40027

26 25 0.39948

27 25 0.397113

28 25 0.39318

29 25 0.387694

30 25 0.380679

31 25 0.372161

32 25 0.362175

33 25 0.350759

34 25 0.337959

35 25 0.323825

36 25 0.308413

37 25 0.291784

38 25 0.274003

39 25 0.255141

40 25 0.235273

41 25 0.214475

42 25 0.192831

43 25 0.170426

44 25 0.147349

45 25 0.12369

46 25 0.099543

47 25 0.075003

48 25 0.0501671

49 25 0.0251331

50 25 0

0 26 0

1 26 0.0250835

2 26 0.0500681

3 26 0.074855

4 26 0.0993466

5 26 0.123446

6 26 0.147058

7 26 0.17009

8 26 0.192451

9 26 0.214052

10 26 0.234808

11 26 0.254638

12 26 0.273463

13 26 0.291208

14 26 0.307804

15 26 0.323186

16 26 0.337292

17 26 0.350067

18 26 0.36146

19 26 0.371427

20 26 0.379928

21 26 0.386929

22 26 0.392404

23 26 0.39633

24 26 0.398691

25 26 0.39948

26 26 0.398691

27 26 0.39633

28 26 0.392404

29 26 0.386929

30 26 0.379928

31 26 0.371427

32 26 0.36146

33 26 0.350067

34 26 0.337292

35 26 0.323186

36 26 0.307804

37 26 0.291208

38 26 0.273463

39 26 0.254638

40 26 0.234808

41 26 0.214052

42 26 0.192451

43 26 0.17009

44 26 0.147058

45 26 0.123446

46 26 0.0993466

47 26 0.074855

48 26 0.0500681

49 26 0.0250835

50 26 0

0 27 0

1 27 0.024935

2 27 0.0497715

3 27 0.0744116

4 27 0.0987581

5 27 0.122715

6 27 0.146187

7 27 0.169083

8 27 0.191311

9 27 0.212784

10 27 0.233417

11 27 0.25313

12 27 0.271843

13 27 0.289483

14 27 0.305981

15 27 0.321271

16 27 0.335294

17 27 0.347993

18 27 0.359319

19 27 0.369227

20 27 0.377677

21 27 0.384637

22 27 0.390079

23 27 0.393982

24 27 0.39633

25 27 0.397113

26 27 0.39633

27 27 0.393982

28 27 0.390079

29 27 0.384637

30 27 0.377677

31 27 0.369227

32 27 0.359319

33 27 0.347993

34 27 0.335294

35 27 0.321271

36 27 0.305981

37 27 0.289483

38 27 0.271843

39 27 0.25313

40 27 0.233417

41 27 0.212784

42 27 0.191311

43 27 0.169083

44 27 0.146187

45 27 0.122715

46 27 0.0987581

47 27 0.0744116

48 27 0.0497715

49 27 0.024935

50 27 0

0 28 0

1 28 0.024688

2 28 0.0492785

3 28 0.0736745

4 28 0.0977798

5 28 0.121499

6 28 0.144739

7 28 0.167408

8 28 0.189416

9 28 0.210676

10 28 0.231105

11 28 0.250622

12 28 0.26915

13 28 0.286616

14 28 0.30295

15 28 0.318089

16 28 0.331973

17 28 0.344546

18 28 0.35576

19 28 0.365569

20 28 0.373936

21 28 0.380827

22 28 0.386215

23 28 0.390079

24 28 0.392404

25 28 0.39318

26 28 0.392404

27 28 0.390079

28 28 0.386215

29 28 0.380827

30 28 0.373936

31 28 0.365569

32 28 0.35576

33 28 0.344546

34 28 0.331973

35 28 0.318089

36 28 0.30295

37 28 0.286616

38 28 0.26915

39 28 0.250622

40 28 0.231105

41 28 0.210676

42 28 0.189416

43 28 0.167408

44 28 0.144739

45 28 0.121499

46 28 0.0977798

47 28 0.0736745

48 28 0.0492785

49 28 0.024688

50 28 0

0 29 0

1 29 0.0243435

2 29 0.048591

3 29 0.0726467

4 29 0.0964157

5 29 0.119804

6 29 0.14272

7 29 0.165072

8 29 0.186773

9 29 0.207737

10 29 0.227881

11 29 0.247126

12 29 0.265395

13 29 0.282617

14 29 0.298724

15 29 0.313651

16 29 0.327341

17 29 0.339739

18 29 0.350796

19 29 0.360469

20 29 0.368719

21 29 0.375514

22 29 0.380827

23 29 0.384637

24 29 0.386929

25 29 0.387694

26 29 0.386929

27 29 0.384637

28 29 0.380827

29 29 0.375514

30 29 0.368719

31 29 0.360469

32 29 0.350796

33 29 0.339739

34 29 0.327341

35 29 0.313651

36 29 0.298724

37 29 0.282617

38 29 0.265395

39 29 0.247126

40 29 0.227881

41 29 0.207737

42 29 0.186773

43 29 0.165072

44 29 0.14272

45 29 0.119804

46 29 0.0964157

47 29 0.0726467

48 29 0.048591

49 29 0.0243435

50 29 0

0 30 0

1 30 0.023903

2 30 0.0477117

3 30 0.0713321

4 30 0.094671

5 30 0.117636

6 30 0.140137

7 30 0.162085

8 30 0.183394

9 30 0.203978

10 30 0.223757

11 30 0.242654

12 30 0.260593

13 30 0.277503

14 30 0.293318

15 30 0.307976

16 30 0.321418

17 30 0.333592

18 30 0.344449

19 30 0.353946

20 30 0.362047

21 30 0.368719

22 30 0.373936

23 30 0.377677

24 30 0.379928

25 30 0.380679

26 30 0.379928

27 30 0.377677

28 30 0.373936

29 30 0.368719

30 30 0.362047

31 30 0.353946

32 30 0.344449

33 30 0.333592

34 30 0.321418

35 30 0.307976

36 30 0.293318

37 30 0.277503

38 30 0.260593

39 30 0.242654

40 30 0.223757

41 30 0.203978

42 30 0.183394

43 30 0.162085

44 30 0.140137

45 30 0.117636

46 30 0.094671

47 30 0.0713321

48 30 0.0477117

49 30 0.023903

50 30 0

0 31 0

1 31 0.0233682

2 31 0.0466442

3 31 0.0697361

4 31 0.0925527

5 31 0.115004

6 31 0.137002

7 31 0.158459

8 31 0.17929

9 31 0.199414

10 31 0.218751

11 31 0.237225

12 31 0.254762

13 31 0.271294

14 31 0.286755

15 31 0.301085

16 31 0.314226

17 31 0.326127

18 31 0.336742

19 31 0.346027

20 31 0.353946

21 31 0.360469

22 31 0.365569

23 31 0.369227

24 31 0.371427

25 31 0.372161

26 31 0.371427

27 31 0.369227

28 31 0.365569

29 31 0.360469

30 31 0.353946

31 31 0.346027

32 31 0.336742

33 31 0.326127

34 31 0.314226

35 31 0.301085

36 31 0.286755

37 31 0.271294

38 31 0.254762

39 31 0.237225

40 31 0.218751

41 31 0.199414

42 31 0.17929

43 31 0.158459

44 31 0.137002

45 31 0.115004

46 31 0.0925527

47 31 0.0697361

48 31 0.0466442

49 31 0.0233682

50 31 0

0 32 0

1 32 0.0227411

2 32 0.0453925

3 32 0.0678648

4 32 0.0900692

5 32 0.111918

6 32 0.133325

7 32 0.154207

8 32 0.174479

9 32 0.194063

10 32 0.212881

11 32 0.230859

12 32 0.247926

13 32 0.264014

14 32 0.27906

15 32 0.293006

16 32 0.305794

17 32 0.317376

18 32 0.327706

19 32 0.336742

20 32 0.344449

21 32 0.350796

22 32 0.35576

23 32 0.359319

24 32 0.36146

25 32 0.362175

26 32 0.36146

27 32 0.359319

28 32 0.35576

29 32 0.350796

30 32 0.344449

31 32 0.336742

32 32 0.327706

33 32 0.317376

34 32 0.305794

35 32 0.293006

36 32 0.27906

37 32 0.264014

38 32 0.247926

39 32 0.230859

40 32 0.212881

41 32 0.194063

42 32 0.174479

43 32 0.154207

44 32 0.133325

45 32 0.111918

46 32 0.0900692

47 32 0.0678648

48 32 0.0453925

49 32 0.0227411

50 32 0

0 33 0

1 33 0.0220243

2 33 0.0439617

3 33 0.0657257

4 33 0.0872302

5 33 0.10839

6 33 0.129123

7 33 0.149346

8 33 0.168979

9 33 0.187946

10 33 0.206171

11 33 0.223582

12 33 0.240111

13 33 0.255692

14 33 0.270264

15 33 0.28377

16 33 0.296156

17 33 0.307372

18 33 0.317376

19 33 0.326127

20 33 0.333592

21 33 0.339739

22 33 0.344546

23 33 0.347993

24 33 0.350067

25 33 0.350759

26 33 0.350067

27 33 0.347993

28 33 0.344546

29 33 0.339739

30 33 0.333592

31 33 0.326127

32 33 0.317376

33 33 0.307372

34 33 0.296156

35 33 0.28377

36 33 0.270264

37 33 0.255692

38 33 0.240111

39 33 0.223582

40 33 0.206171

41 33 0.187946

42 33 0.168979

43 33 0.149346

44 33 0.129123

45 33 0.10839

46 33 0.0872302

47 33 0.0657257

48 33 0.0439617

49 33 0.0220243

50 33 0

0 34 0

1 34 0.0212206

2 34 0.0423575

3 34 0.0633272

4 34 0.0840469

5 34 0.104435

6 34 0.124411

7 34 0.143896

8 34 0.162813

9 34 0.181087

10 34 0.198647

11 34 0.215423

12 34 0.231349

13 34 0.246361

14 34 0.260402

15 34 0.273414

16 34 0.285348

17 34 0.296156

18 34 0.305794

19 34 0.314226

20 34 0.321418

21 34 0.327341

22 34 0.331973

23 34 0.335294

24 34 0.337292

25 34 0.337959

26 34 0.337292

27 34 0.335294

28 34 0.331973

29 34 0.327341

30 34 0.321418

31 34 0.314226

32 34 0.305794

33 34 0.296156

34 34 0.285348

35 34 0.273414

36 34 0.260402

37 34 0.246361

38 34 0.231349

39 34 0.215423

40 34 0.198647

41 34 0.181087

42 34 0.162813

43 34 0.143896

44 34 0.124411

45 34 0.104435

46 34 0.0840469

47 34 0.0633272

48 34 0.0423575

49 34 0.0212206

50 34 0

0 35 0

1 35 0.0203331

2 35 0.040586

3 35 0.0606787

4 35 0.080532

5 35 0.100067

6 35 0.119208

7 35 0.137878

8 35 0.156004

9 35 0.173514

10 35 0.190339

11 35 0.206414

12 35 0.221673

13 35 0.236058

14 35 0.249511

15 35 0.26198

16 35 0.273414

17 35 0.28377

18 35 0.293006

19 35 0.301085

20 35 0.307976

21 35 0.313651

22 35 0.318089

23 35 0.321271

24 35 0.323186

25 35 0.323825

26 35 0.323186

27 35 0.321271

28 35 0.318089

29 35 0.313651

30 35 0.307976

31 35 0.301085

32 35 0.293006

33 35 0.28377

34 35 0.273414

35 35 0.26198

36 35 0.249511

37 35 0.236058

38 35 0.221673

39 35 0.206414

40 35 0.190339

41 35 0.173514

42 35 0.156004

43 35 0.137878

44 35 0.119208

45 35 0.100067

46 35 0.080532

47 35 0.0606787

48 35 0.040586

49 35 0.0203331

50 35 0

0 36 0

1 36 0.0193654

2 36 0.0386544

3 36 0.0577908

4 36 0.0766992

5 36 0.0953049

6 36 0.113534

7 36 0.131316

8 36 0.148579

9 36 0.165256

10 36 0.181281

11 36 0.19659

12 36 0.211123

13 36 0.224823

14 36 0.237636

15 36 0.249511

16 36 0.260402

17 36 0.270264

18 36 0.27906

19 36 0.286755

20 36 0.293318

21 36 0.298724

22 36 0.30295

23 36 0.305981

24 36 0.307804

25 36 0.308413

26 36 0.307804

27 36 0.305981

28 36 0.30295

29 36 0.298724

30 36 0.293318

31 36 0.286755

32 36 0.27906

33 36 0.270264

34 36 0.260402

35 36 0.249511

36 36 0.237636

37 36 0.224823

38 36 0.211123

39 36 0.19659

40 36 0.181281

41 36 0.165256

42 36 0.148579

43 36 0.131316

44 36 0.113534

45 36 0.0953049

46 36 0.0766992

47 36 0.0577908

48 36 0.0386544

49 36 0.0193654

50 36 0

0 37 0

1 37 0.0183213

2 37 0.0365702

3 37 0.0546749

4 37 0.0725637

5 37 0.0901662

6 37 0.107413

7 37 0.124236

8 37 0.140568

9 37 0.156346

10 37 0.171506

11 37 0.18599

12 37 0.19974

13 37 0.212701

14 37 0.224823

15 37 0.236058

16 37 0.246361

17 37 0.255692

18 37 0.264014

19 37 0.271294

20 37 0.277503

21 37 0.282617

22 37 0.286616

23 37 0.289483

24 37 0.291208

25 37 0.291784

26 37 0.291208

27 37 0.289483

28 37 0.286616

29 37 0.282617

30 37 0.277503

31 37 0.271294

32 37 0.264014

33 37 0.255692

34 37 0.246361

35 37 0.236058

36 37 0.224823

37 37 0.212701

38 37 0.19974

39 37 0.18599

40 37 0.171506

41 37 0.156346

42 37 0.140568

43 37 0.124236

44 37 0.107413

45 37 0.0901662

46 37 0.0725637

47 37 0.0546749

48 37 0.0365702

49 37 0.0183213

50 37 0

0 38 0

1 38 0.0172048

2 38 0.0343417

3 38 0.0513431

4 38 0.0681419

5 38 0.0846717

6 38 0.100867

7 38 0.116665

8 38 0.132002

9 38 0.146818

10 38 0.161055

11 38 0.174656

12 38 0.187568

13 38 0.19974

14 38 0.211123

15 38 0.221673

16 38 0.231349

17 38 0.240111

18 38 0.247926

19 38 0.254762

20 38 0.260593

21 38 0.265395

22 38 0.26915

23 38 0.271843

24 38 0.273463

25 38 0.274003

26 38 0.273463

27 38 0.271843

28 38 0.26915

29 38 0.265395

30 38 0.260593

31 38 0.254762

32 38 0.247926

33 38 0.240111

34 38 0.231349

35 38 0.221673

36 38 0.211123

37 38 0.19974

38 38 0.187568

39 38 0.174656

40 38 0.161055

41 38 0.146818

42 38 0.132002

43 38 0.116665

44 38 0.100867

45 38 0.0846717

46 38 0.0681419

47 38 0.0513431

48 38 0.0343417

49 38 0.0172048

50 38 0

0 39 0

1 39 0.0160205

2 39 0.0319777

3 39 0.0478087

4 39 0.0634511

5 39 0.078843

6 39 0.0939238

7 39 0.108634

8 39 0.122915

9 39 0.136712

10 39 0.149968

11 39 0.162633

12 39 0.174656

13 39 0.18599

14 39 0.19659

15 39 0.206414

16 39 0.215423

17 39 0.223582

18 39 0.230859

19 39 0.237225

20 39 0.242654

21 39 0.247126

22 39 0.250622

23 39 0.25313

24 39 0.254638

25 39 0.255141

26 39 0.254638

27 39 0.25313

28 39 0.250622

29 39 0.247126

30 39 0.242654

31 39 0.237225

32 39 0.230859

33 39 0.223582

34 39 0.215423

35 39 0.206414

36 39 0.19659

37 39 0.18599

38 39 0.174656

39 39 0.162633

40 39 0.149968

41 39 0.136712

42 39 0.122915

43 39 0.108634

44 39 0.0939238

45 39 0.078843

46 39 0.0634511

47 39 0.0478087

48 39 0.0319777

49 39 0.0160205

50 39 0

0 40 0

1 40 0.0147729

2 40 0.0294875

3 40 0.0440857

4 40 0.0585099

5 40 0.0727032

6 40 0.0866096

7 40 0.100174

8 40 0.113343

9 40 0.126065

10 40 0.13829

11 40 0.149968

12 40 0.161055

13 40 0.171506

14 40 0.181281

15 40 0.190339

16 40 0.198647

17 40 0.206171

18 40 0.212881

19 40 0.218751

20 40 0.223757

21 40 0.227881

22 40 0.231105

23 40 0.233417

24 40 0.234808

25 40 0.235273

26 40 0.234808

27 40 0.233417

28 40 0.231105

29 40 0.227881

30 40 0.223757

31 40 0.218751

32 40 0.212881

33 40 0.206171

34 40 0.198647

35 40 0.190339

36 40 0.181281

37 40 0.171506

38 40 0.161055

39 40 0.149968

40 40 0.13829

41 40 0.126065

42 40 0.113343

43 40 0.100174

44 40 0.0866096

45 40 0.0727032

46 40 0.0585099

47 40 0.0440857

48 40 0.0294875

49 40 0.0147729

50 40 0

0 41 0

1 41 0.013467

2 41 0.0268809

3 41 0.0401886

4 41 0.0533378

5 41 0.0662765

6 41 0.0789536

7 41 0.0913191

8 41 0.103324

9 41 0.114922

10 41 0.126065

11 41 0.136712

12 41 0.146818

13 41 0.156346

14 41 0.165256

15 41 0.173514

16 41 0.181087

17 41 0.187946

18 41 0.194063

19 41 0.199414

20 41 0.203978

21 41 0.207737

22 41 0.210676

23 41 0.212784

24 41 0.214052

25 41 0.214475

26 41 0.214052

27 41 0.212784

28 41 0.210676

29 41 0.207737

30 41 0.203978

31 41 0.199414

32 41 0.194063

33 41 0.187946

34 41 0.181087

35 41 0.173514

36 41 0.165256

37 41 0.156346

38 41 0.146818

39 41 0.136712

40 41 0.126065

41 41 0.114922

42 41 0.103324

43 41 0.0913191

44 41 0.0789536

45 41 0.0662765

46 41 0.0533378

47 41 0.0401886

48 41 0.0268809

49 41 0.013467

50 41 0

0 42 0

1 42 0.012108

2 42 0.0241682

3 42 0.036133

4 42 0.0479552

5 42 0.0595882

6 42 0.0709859

7 42 0.0821036

8 42 0.0928972

9 42 0.103324

10 42 0.113343

11 42 0.122915

12 42 0.132002

13 42 0.140568

14 42 0.148579

15 42 0.156004

16 42 0.162813

17 42 0.168979

18 42 0.174479

19 42 0.17929

20 42 0.183394

21 42 0.186773

22 42 0.189416

23 42 0.191311

24 42 0.192451

25 42 0.192831

26 42 0.192451

27 42 0.191311

28 42 0.189416

29 42 0.186773

30 42 0.183394

31 42 0.17929

32 42 0.174479

33 42 0.168979

34 42 0.162813

35 42 0.156004

36 42 0.148579

37 42 0.140568

38 42 0.132002

39 42 0.122915

40 42 0.113343

41 42 0.103324

42 42 0.0928972

43 42 0.0821036

44 42 0.0709859

45 42 0.0595882

46 42 0.0479552

47 42 0.036133

48 42 0.0241682

49 42 0.012108

50 42 0

0 43 0

1 43 0.0107012

2 43 0.0213601

3 43 0.0319347

4 43 0.0423833

5 43 0.0526647

6 43 0.0627382

7 43 0.0725641

8 43 0.0821036

9 43 0.0913191

10 43 0.100174

11 43 0.108634

12 43 0.116665

13 43 0.124236

14 43 0.131316

15 43 0.137878

16 43 0.143896

17 43 0.149346

18 43 0.154207

19 43 0.158459

20 43 0.162085

21 43 0.165072

22 43 0.167408

23 43 0.169083

24 43 0.17009

25 43 0.170426

26 43 0.17009

27 43 0.169083

28 43 0.167408

29 43 0.165072

30 43 0.162085

31 43 0.158459

32 43 0.154207

33 43 0.149346

34 43 0.143896

35 43 0.137878

36 43 0.131316

37 43 0.124236

38 43 0.116665

39 43 0.108634

40 43 0.100174

41 43 0.0913191

42 43 0.0821036

43 43 0.0725641

44 43 0.0627382

45 43 0.0526647

46 43 0.0423833

47 43 0.0319347

48 43 0.0213601

49 43 0.0107012

50 43 0

0 44 0

1 44 0.00925212

2 44 0.0184677

3 44 0.0276105

4 44 0.0366442

5 44 0.0455334

6 44 0.0542428

7 44 0.0627382

8 44 0.0709859

9 44 0.0789536

10 44 0.0866096

11 44 0.0939238

12 44 0.100867

13 44 0.107413

14 44 0.113534

15 44 0.119208

16 44 0.124411

17 44 0.129123

18 44 0.133325

19 44 0.137002

20 44 0.140137

21 44 0.14272

22 44 0.144739

23 44 0.146187

24 44 0.147058

25 44 0.147349

26 44 0.147058

27 44 0.146187

28 44 0.144739

29 44 0.14272

30 44 0.140137

31 44 0.137002

32 44 0.133325

33 44 0.129123

34 44 0.124411

35 44 0.119208

36 44 0.113534

37 44 0.107413

38 44 0.100867

39 44 0.0939238

40 44 0.0866096

41 44 0.0789536

42 44 0.0709859

43 44 0.0627382

44 44 0.0542428

45 44 0.0455334

46 44 0.0366442

47 44 0.0276105

48 44 0.0184677

49 44 0.00925212

50 44 0

0 45 0

1 45 0.00776657

2 45 0.0155025

3 45 0.0231772

4 45 0.0307605

5 45 0.0382223

6 45 0.0455334

7 45 0.0526647

8 45 0.0595882

9 45 0.0662765

10 45 0.0727032

11 45 0.078843

12 45 0.0846717

13 45 0.0901662

14 45 0.0953049

15 45 0.100067

16 45 0.104435

17 45 0.10839

18 45 0.111918

19 45 0.115004

20 45 0.117636

21 45 0.119804

22 45 0.121499

23 45 0.122715

24 45 0.123446

25 45 0.12369

26 45 0.123446

27 45 0.122715

28 45 0.121499

29 45 0.119804

30 45 0.117636

31 45 0.115004

32 45 0.111918

33 45 0.10839

34 45 0.104435

35 45 0.100067

36 45 0.0953049

37 45 0.0901662

38 45 0.0846717

39 45 0.078843

40 45 0.0727032

41 45 0.0662765

42 45 0.0595882

43 45 0.0526647

44 45 0.0455334

45 45 0.0382223

46 45 0.0307605

47 45 0.0231772

48 45 0.0155025

49 45 0.00776657

50 45 0

0 46 0

1 46 0.00625036

2 46 0.012476

3 46 0.0186525

4 46 0.0247553

5 46 0.0307605

6 46 0.0366442

7 46 0.0423833

8 46 0.0479552

9 46 0.0533378

10 46 0.0585099

11 46 0.0634511

12 46 0.0681419

13 46 0.0725637

14 46 0.0766992

15 46 0.080532

16 46 0.0840469

17 46 0.0872302

18 46 0.0900692

19 46 0.0925527

20 46 0.094671

21 46 0.0964157

22 46 0.0977798

23 46 0.0987581

24 46 0.0993466

25 46 0.099543

26 46 0.0993466

27 46 0.0987581

28 46 0.0977798

29 46 0.0964157

30 46 0.094671

31 46 0.0925527

32 46 0.0900692

33 46 0.0872302

34 46 0.0840469

35 46 0.080532

36 46 0.0766992

37 46 0.0725637

38 46 0.0681419

39 46 0.0634511

40 46 0.0585099

41 46 0.0533378

42 46 0.0479552

43 46 0.0423833

44 46 0.0366442

45 46 0.0307605

46 46 0.0247553

47 46 0.0186525

48 46 0.012476

49 46 0.00625036

50 46 0

0 47 0

1 47 0.00470948

2 47 0.00940037

3 47 0.0140542

4 47 0.0186525

5 47 0.0231772

6 47 0.0276105

7 47 0.0319347

8 47 0.036133

9 47 0.0401886

10 47 0.0440857

11 47 0.0478087

12 47 0.0513431

13 47 0.0546749

14 47 0.0577908

15 47 0.0606787

16 47 0.0633272

17 47 0.0657257

18 47 0.0678648

19 47 0.0697361

20 47 0.0713321

21 47 0.0726467

22 47 0.0736745

23 47 0.0744116

24 47 0.074855

25 47 0.075003

26 47 0.074855

27 47 0.0744116

28 47 0.0736745

29 47 0.0726467

30 47 0.0713321

31 47 0.0697361

32 47 0.0678648

33 47 0.0657257

34 47 0.0633272

35 47 0.0606787

36 47 0.0577908

37 47 0.0546749

38 47 0.0513431

39 47 0.0478087

40 47 0.0440857

41 47 0.0401886

42 47 0.036133

43 47 0.0319347

44 47 0.0276105

45 47 0.0231772

46 47 0.0186525

47 47 0.0140542

48 47 0.00940037

49 47 0.00470948

50 47 0

0 48 0

1 48 0.00315002

2 48 0.0062876

3 48 0.00940037

4 48 0.012476

5 48 0.0155025

6 48 0.0184677

7 48 0.0213601

8 48 0.0241682

9 48 0.0268809

10 48 0.0294875

11 48 0.0319777

12 48 0.0343417

13 48 0.0365702

14 48 0.0386544

15 48 0.040586

16 48 0.0423575

17 48 0.0439617

18 48 0.0453925

19 48 0.0466442

20 48 0.0477117

21 48 0.048591

22 48 0.0492785

23 48 0.0497715

24 48 0.0500681

25 48 0.0501671

26 48 0.0500681

27 48 0.0497715

28 48 0.0492785

29 48 0.048591

30 48 0.0477117

31 48 0.0466442

32 48 0.0453925

33 48 0.0439617

34 48 0.0423575

35 48 0.040586

36 48 0.0386544

37 48 0.0365702

38 48 0.0343417

39 48 0.0319777

40 48 0.0294875

41 48 0.0268809

42 48 0.0241682

43 48 0.0213601

44 48 0.0184677

45 48 0.0155025

46 48 0.012476

47 48 0.00940037

48 48 0.0062876

49 48 0.00315002

50 48 0

0 49 0

1 49 0.00157812

2 49 0.00315002

3 49 0.00470948

4 49 0.00625036

5 49 0.00776657

6 49 0.00925212

7 49 0.0107012

8 49 0.012108

9 49 0.013467

10 49 0.0147729

11 49 0.0160205

12 49 0.0172048

13 49 0.0183213

14 49 0.0193654

15 49 0.0203331

16 49 0.0212206

17 49 0.0220243

18 49 0.0227411

19 49 0.0233682

20 49 0.023903

21 49 0.0243435

22 49 0.024688

23 49 0.024935

24 49 0.0250835

25 49 0.0251331

26 49 0.0250835

27 49 0.024935

28 49 0.024688

29 49 0.0243435

30 49 0.023903

31 49 0.0233682

32 49 0.0227411

33 49 0.0220243

34 49 0.0212206

35 49 0.0203331

36 49 0.0193654

37 49 0.0183213

38 49 0.0172048

39 49 0.0160205

40 49 0.0147729

41 49 0.013467

42 49 0.012108

43 49 0.0107012

44 49 0.00925212

45 49 0.00776657

46 49 0.00625036

47 49 0.00470948

48 49 0.00315002

49 49 0.00157812

50 49 0

