0 1 0

1 1 0.000651936

2 1 0.0013013

3 1 0.00194553

4 1 0.00258208

5 1 0.00320844

6 1 0.00382213

7 1 0.00442075

8 1 0.00500191

9 1 0.00556334

10 1 0.00610281

11 1 0.0066182

12 1 0.00710746

13 1 0.00756868

14 1 0.00800002

15 1 0.0083998

16 1 0.00876642

17 1 0.00909845

18 1 0.00939457

19 1 0.00965361

20 1 0.00987456

21 1 0.0100565

22 1 0.0101988

23 1 0.0103009

24 1 0.0103622

25 1 0.0103827

26 1 0.0103622

27 1 0.0103009

28 1 0.0101988

29 1 0.0100565

30 1 0.00987456

31 1 0.00965361

32 1 0.00939457

33 1 0.00909845

34 1 0.00876642

35 1 0.0083998

36 1 0.00800002

37 1 0.00756868

38 1 0.00710746

39 1 0.0066182

40 1 0.00610281

41 1 0.00556334

42 1 0.00500191

43 1 0.00442075

44 1 0.00382213

45 1 0.00320844

46 1 0.00258208

47 1 0.00194553

48 1 0.0013013

49 1 0.000651936

50 1 0

0 2 0

1 2 0.0013013

2 2 0.00259746

3 2 0.00388338

4 2 0.00515397

5 2 0.00640421

6 2 0.00762919

7 2 0.00882405

8 2 0.00998409

9 2 0.0111047

10 2 0.0121815

11 2 0.0132103

12 2 0.0141869

13 2 0.0151075

14 2 0.0159685

15 2 0.0167664

16 2 0.0174982

17 2 0.018161

18 2 0.0187521

19 2 0.0192691

20 2 0.0197101

21 2 0.0200734

22 2 0.0203574

23 2 0.020561

24 2 0.0206836

25 2 0.0207245

26 2 0.0206836

27 2 0.020561

28 2 0.0203574

29 2 0.0200734

30 2 0.0197101

31 2 0.0192691

32 2 0.0187521

33 2 0.018161

34 2 0.0174982

35 2 0.0167664

36 2 0.0159685

37 2 0.0151075

38 2 0.0141869

39 2 0.0132103

40 2 0.0121815

41 2 0.0111047

42 2 0.00998409

43 2 0.00882405

44 2 0.00762919

45 2 0.00640421

46 2 0.00515397

47 2 0.00388338

48 2 0.00259746

49 2 0.0013013

50 2 0

0 3 0

1 3 0.00194553

2 3 0.00388338

3 3 0.0058059

4 3 0.00770551

5 3 0.00957471

6 3 0.0114061

7 3 0.0131925

8 3 0.0149269

9 3 0.0166023

10 3 0.0182122

11 3 0.0197502

12 3 0.0212103

13 3 0.0225867

14 3 0.0238739

15 3 0.0250669

16 3 0.026161

17 3 0.0271519

18 3 0.0280355

19 3 0.0288086

20 3 0.0294679

21 3 0.030011

22 3 0.0304356

23 3 0.0307401

24 3 0.0309233

25 3 0.0309844

26 3 0.0309233

27 3 0.0307401

28 3 0.0304356

29 3 0.030011

30 3 0.0294679

31 3 0.0288086

32 3 0.0280355

33 3 0.0271519

34 3 0.026161

35 3 0.0250669

36 3 0.0238739

37 3 0.0225867

38 3 0.0212103

39 3 0.0197502

40 3 0.0182122

41 3 0.0166023

42 3 0.0149269

43 3 0.0131925

44 3 0.0114061

45 3 0.00957471

46 3 0.00770551

47 3 0.0058059

48 3 0.00388338

49 3 0.00194553

50 3 0

0 4 0

1 4 0.00258208

2 4 0.00515397

3 4 0.00770551

4 4 0.0102266

5 4 0.0127074

6 4 0.0151381

7 4 0.0175089

8 4 0.0198107

9 4 0.0220343

10 4 0.024171

11 4 0.0262122

12 4 0.02815

13 4 0.0299767

14 4 0.0316851

15 4 0.0332685

16 4 0.0347205

17 4 0.0360356

18 4 0.0372084

19 4 0.0382344

20 4 0.0391094

21 4 0.0398302

22 4 0.0403937

23 4 0.0407978

24 4 0.041041

25 4 0.0411221

26 4 0.041041

27 4 0.0407978

28 4 0.0403937

29 4 0.0398302

30 4 0.0391094

31 4 0.0382344

32 4 0.0372084

33 4 0.0360356

34 4 0.0347205

35 4 0.0332685

36 4 0.0316851

37 4 0.0299767

38 4 0.02815

39 4 0.0262122

40 4 0.024171

41 4 0.0220343

42 4 0.0198107

43 4 0.0175089

44 4 0.0151381

45 4 0.0127074

46 4 0.0102266

47 4 0.00770551

48 4 0.00515397

49 4 0.00258208

50 4 0

0 5 0

1 5 0.00320844

2 5 0.00640421

3 5 0.00957471

4 5 0.0127074

5 5 0.01579

6 5 0.0188102

7 5 0.0217562

8 5 0.0246164

9 5 0.0273794

10 5 0.0300343

11 5 0.0325708

12 5 0.0349786

13 5 0.0372485

14 5 0.0393713

15 5 0.0413387

16 5 0.043143

17 5 0.0447771

18 5 0.0462344

19 5 0.0475092

20 5 0.0485966

21 5 0.0494922

22 5 0.0501924

23 5 0.0506946

24 5 0.0509967

25 5 0.0510975

26 5 0.0509967

27 5 0.0506946

28 5 0.0501924

29 5 0.0494922

30 5 0.0485966

31 5 0.0475092

32 5 0.0462344

33 5 0.0447771

34 5 0.043143

35 5 0.0413387

36 5 0.0393713

37 5 0.0372485

38 5 0.0349786

39 5 0.0325708

40 5 0.0300343

41 5 0.0273794

42 5 0.0246164

43 5 0.0217562

44 5 0.0188102

45 5 0.01579

46 5 0.0127074

47 5 0.00957471

48 5 0.00640421

49 5 0.00320844

50 5 0

0 6 0

1 6 0.00382213

2 6 0.00762919

3 6 0.0114061

4 6 0.0151381

5 6 0.0188102

6 6 0.0224082

7 6 0.0259177

8 6 0.0293249

9 6 0.0326164

10 6 0.0357792

11 6 0.0388008

12 6 0.0416692

13 6 0.0443732

14 6 0.0469021

15 6 0.0492458

16 6 0.0513953

17 6 0.0533418

18 6 0.0550779

19 6 0.0565966

20 6 0.057892

21 6 0.0589588

22 6 0.059793

23 6 0.0603912

24 6 0.0607511

25 6 0.0608712

26 6 0.0607511

27 6 0.0603912

28 6 0.059793

29 6 0.0589588

30 6 0.057892

31 6 0.0565966

32 6 0.0550779

33 6 0.0533418

34 6 0.0513953

35 6 0.0492458

36 6 0.0469021

37 6 0.0443732

38 6 0.0416692

39 6 0.0388008

40 6 0.0357792

41 6 0.0326164

42 6 0.0293249

43 6 0.0259177

44 6 0.0224082

45 6 0.0188102

46 6 0.0151381

47 6 0.0114061

48 6 0.00762919

49 6 0.00382213

50 6 0

0 7 0

1 7 0.00442075

2 7 0.00882405

3 7 0.0131925

4 7 0.0175089

5 7 0.0217562

6 7 0.0259177

7 7 0.0299769

8 7 0.0339177

9 7 0.0377247

10 7 0.0413828

11 7 0.0448776

12 7 0.0481953

13 7 0.0513228

14 7 0.0542478

15 7 0.0569586

16 7 0.0594447

17 7 0.0616961

18 7 0.0637041

19 7 0.0654606

20 7 0.0669589

21 7 0.0681928

22 7 0.0691576

23 7 0.0698495

24 7 0.0702658

25 7 0.0704047

26 7 0.0702658

27 7 0.0698495

28 7 0.0691576

29 7 0.0681928

30 7 0.0669589

31 7 0.0654606

32 7 0.0637041

33 7 0.0616961

34 7 0.0594447

35 7 0.0569586

36 7 0.0542478

37 7 0.0513228

38 7 0.0481953

39 7 0.0448776

40 7 0.0413828

41 7 0.0377247

42 7 0.0339177

43 7 0.0299769

44 7 0.0259177

45 7 0.0217562

46 7 0.0175089

47 7 0.0131925

48 7 0.00882405

49 7 0.00442075

50 7 0

0 8 0

1 8 0.00500191

2 8 0.00998409

3 8 0.0149269

4 8 0.0198107

5 8 0.0246164

6 8 0.0293249

7 8 0.0339177

8 8 0.0383767

9 8 0.0426841

10 8 0.0468232

11 8 0.0507774

12 8 0.0545313

13 8 0.0580699

14 8 0.0613793

15 8 0.0644466

16 8 0.0672595

17 8 0.0698069

18 8 0.0720788

19 8 0.0740663

20 8 0.0757615

21 8 0.0771577

22 8 0.0782493

23 8 0.0790322

24 8 0.0795032

25 8 0.0796603

26 8 0.0795032

27 8 0.0790322

28 8 0.0782493

29 8 0.0771577

30 8 0.0757615

31 8 0.0740663

32 8 0.0720788

33 8 0.0698069

34 8 0.0672595

35 8 0.0644466

36 8 0.0613793

37 8 0.0580699

38 8 0.0545313

39 8 0.0507774

40 8 0.0468232

41 8 0.0426841

42 8 0.0383767

43 8 0.0339177

44 8 0.0293249

45 8 0.0246164

46 8 0.0198107

47 8 0.0149269

48 8 0.00998409

49 8 0.00500191

50 8 0

0 9 0

1 9 0.00556334

2 9 0.0111047

3 9 0.0166023

4 9 0.0220343

5 9 0.0273794

6 9 0.0326164

7 9 0.0377247

8 9 0.0426841

9 9 0.0474751

10 9 0.0520787

11 9 0.0564768

12 9 0.060652

13 9 0.0645878

14 9 0.0682687

15 9 0.0716802

16 9 0.0748088

17 9 0.0776422

18 9 0.0801691

19 9 0.0823797

20 9 0.0842651

21 9 0.085818

22 9 0.0870322

23 9 0.087903

24 9 0.0884268

25 9 0.0886016

26 9 0.0884268

27 9 0.087903

28 9 0.0870322

29 9 0.085818

30 9 0.0842651

31 9 0.0823797

32 9 0.0801691

33 9 0.0776422

34 9 0.0748088

35 9 0.0716802

36 9 0.0682687

37 9 0.0645878

38 9 0.060652

39 9 0.0564768

40 9 0.0520787

41 9 0.0474751

42 9 0.0426841

43 9 0.0377247

44 9 0.0326164

45 9 0.0273794

46 9 0.0220343

47 9 0.0166023

48 9 0.0111047

49 9 0.00556334

50 9 0

0 10 0

1 10 0.00610281

2 10 0.0121815

3 10 0.0182122

4 10 0.024171

5 10 0.0300343

6 10 0.0357792

7 10 0.0413828

8 10 0.0468232

9 10 0.0520787

10 10 0.0571287

11 10 0.0619533

12 10 0.0665333

13 10 0.0708508

14 10 0.0748886

15 10 0.0786309

16 10 0.0820629

17 10 0.085171

18 10 0.087943

19 10 0.0903679

20 10 0.0924362

21 10 0.0941397

22 10 0.0954716

23 10 0.0964268

24 10 0.0970014

25 10 0.0971932

26 10 0.0970014

27 10 0.0964268

28 10 0.0954716

29 10 0.0941397

30 10 0.0924362

31 10 0.0903679

32 10 0.087943

33 10 0.085171

34 10 0.0820629

35 10 0.0786309

36 10 0.0748886

37 10 0.0708508

38 10 0.0665333

39 10 0.0619533

40 10 0.0571287

41 10 0.0520787

42 10 0.0468232

43 10 0.0413828

44 10 0.0357792

45 10 0.0300343

46 10 0.024171

47 10 0.0182122

48 10 0.0121815

49 10 0.00610281

50 10 0

0 11 0

1 11 0.0066182

2 11 0.0132103

3 11 0.0197502

4 11 0.0262122

5 11 0.0325708

6 11 0.0388008

7 11 0.0448776

8 11 0.0507774

9 11 0.0564768

10 11 0.0619533

11 11 0.0671853

12 11 0.0721521

13 11 0.0768342

14 11 0.081213

15 11 0.0852714

16 11 0.0889932

17 11 0.0923638

18 11 0.0953699

19 11 0.0979996

20 11 0.100242

21 11 0.10209

22 11 0.103534

23 11 0.10457

24 11 0.105193

25 11 0.105401

26 11 0.105193

27 11 0.10457

28 11 0.103534

29 11 0.10209

30 11 0.100242

31 11 0.0979996

32 11 0.0953699

33 11 0.0923638

34 11 0.0889932

35 11 0.0852714

36 11 0.081213

37 11 0.0768342

38 11 0.0721521

39 11 0.0671853

40 11 0.0619533

41 11 0.0564768

42 11 0.0507774

43 11 0.0448776

44 11 0.0388008

45 11 0.0325708

46 11 0.0262122

47 11 0.0197502

48 11 0.0132103

49 11 0.0066182

50 11 0

0 12 0

1 12 0.00710746

2 12 0.0141869

3 12 0.0212103

4 12 0.02815

5 12 0.0349786

6 12 0.0416692

7 12 0.0481953

8 12 0.0545313

9 12 0.060652

10 12 0.0665333

11 12 0.0721521

12 12 0.0774861

13 12 0.0825143

14 12 0.0872169

15 12 0.0915753

16 12 0.0955722

17 12 0.099192

18 12 0.10242

19 12 0.105244

20 12 0.107653

21 12 0.109637

22 12 0.111188

23 12 0.112301

24 12 0.11297

25 12 0.113193

26 12 0.11297

27 12 0.112301

28 12 0.111188

29 12 0.109637

30 12 0.107653

31 12 0.105244

32 12 0.10242

33 12 0.099192

34 12 0.0955722

35 12 0.0915753

36 12 0.0872169

37 12 0.0825143

38 12 0.0774861

39 12 0.0721521

40 12 0.0665333

41 12 0.060652

42 12 0.0545313

43 12 0.0481953

44 12 0.0416692

45 12 0.0349786

46 12 0.02815

47 12 0.0212103

48 12 0.0141869

49 12 0.00710746

50 12 0

0 13 0

1 13 0.00756868

2 13 0.0151075

3 13 0.0225867

4 13 0.0299767

5 13 0.0372485

6 13 0.0443732

7 13 0.0513228

8 13 0.0580699

9 13 0.0645878

10 13 0.0708508

11 13 0.0768342

12 13 0.0825143

13 13 0.0878688

14 13 0.0928766

15 13 0.0975177

16 13 0.101774

17 13 0.105629

18 13 0.109067

19 13 0.112074

20 13 0.114639

21 13 0.116752

22 13 0.118403

23 13 0.119588

24 13 0.120301

25 13 0.120539

26 13 0.120301

27 13 0.119588

28 13 0.118403

29 13 0.116752

30 13 0.114639

31 13 0.112074

32 13 0.109067

33 13 0.105629

34 13 0.101774

35 13 0.0975177

36 13 0.0928766

37 13 0.0878688

38 13 0.0825143

39 13 0.0768342

40 13 0.0708508

41 13 0.0645878

42 13 0.0580699

43 13 0.0513228

44 13 0.0443732

45 13 0.0372485

46 13 0.0299767

47 13 0.0225867

48 13 0.0151075

49 13 0.00756868

50 13 0

0 14 0

1 14 0.00800002

2 14 0.0159685

3 14 0.0238739

4 14 0.0316851

5 14 0.0393713

6 14 0.0469021

7 14 0.0542478

8 14 0.0613793

9 14 0.0682687

10 14 0.0748886

11 14 0.081213

12 14 0.0872169

13 14 0.0928766

14 14 0.0981697

15 14 0.103075

16 14 0.107574

17 14 0.111649

18 14 0.115282

19 14 0.118461

20 14 0.121172

21 14 0.123405

22 14 0.125151

23 14 0.126404

24 14 0.127157

25 14 0.127408

26 14 0.127157

27 14 0.126404

28 14 0.125151

29 14 0.123405

30 14 0.121172

31 14 0.118461

32 14 0.115282

33 14 0.111649

34 14 0.107574

35 14 0.103075

36 14 0.0981697

37 14 0.0928766

38 14 0.0872169

39 14 0.081213

40 14 0.0748886

41 14 0.0682687

42 14 0.0613793

43 14 0.0542478

44 14 0.0469021

45 14 0.0393713

46 14 0.0316851

47 14 0.0238739

48 14 0.0159685

49 14 0.00800002

50 14 0

0 15 0

1 15 0.0083998

2 15 0.0167664

3 15 0.0250669

4 15 0.0332685

5 15 0.0413387

6 15 0.0492458

7 15 0.0569586

8 15 0.0644466

9 15 0.0716802

10 15 0.0786309

11 15 0.0852714

12 15 0.0915753

13 15 0.0975177

14 15 0.103075

15 15 0.108226

16 15 0.11295

17 15 0.117228

18 15 0.121043

19 15 0.124381

20 15 0.127228

21 15 0.129572

22 15 0.131405

23 15 0.13272

24 15 0.133511

25 15 0.133775

26 15 0.133511

27 15 0.13272

28 15 0.131405

29 15 0.129572

30 15 0.127228

31 15 0.124381

32 15 0.121043

33 15 0.117228

34 15 0.11295

35 15 0.108226

36 15 0.103075

37 15 0.0975177

38 15 0.0915753

39 15 0.0852714

40 15 0.0786309

41 15 0.0716802

42 15 0.0644466

43 15 0.0569586

44 15 0.0492458

45 15 0.0413387

46 15 0.0332685

47 15 0.0250669

48 15 0.0167664

49 15 0.0083998

50 15 0

0 16 0

1 16 0.00876642

2 16 0.0174982

3 16 0.026161

4 16 0.0347205

5 16 0.043143

6 16 0.0513953

7 16 0.0594447

8 16 0.0672595

9 16 0.0748088

10 16 0.0820629

11 16 0.0889932

12 16 0.0955722

13 16 0.101774

14 16 0.107574

15 16 0.11295

16 16 0.11788

17 16 0.122344

18 16 0.126326

19 16 0.12981

20 16 0.132781

21 16 0.135228

22 16 0.137141

23 16 0.138513

24 16 0.139338

25 16 0.139614

26 16 0.139338

27 16 0.138513

28 16 0.137141

29 16 0.135228

30 16 0.132781

31 16 0.12981

32 16 0.126326

33 16 0.122344

34 16 0.11788

35 16 0.11295

36 16 0.107574

37 16 0.101774

38 16 0.0955722

39 16 0.0889932

40 16 0.0820629

41 16 0.0748088

42 16 0.0672595

43 16 0.0594447

44 16 0.0513953

45 16 0.043143

46 16 0.0347205

47 16 0.026161

48 16 0.0174982

49 16 0.00876642

50 16 0

0 17 0

1 17 0.00909845

2 17 0.018161

3 17 0.0271519

4 17 0.0360356

5 17 0.0447771

6 17 0.0533418

7 17 0.0616961

8 17 0.0698069

9 17 0.0776422

10 17 0.085171

11 17 0.0923638

12 17 0.099192

13 17 0.105629

14 17 0.111649

15 17 0.117228

16 17 0.122344

17 17 0.126978

18 17 0.131111

19 17 0.134726

20 17 0.13781

21 17 0.140349

22 17 0.142335

23 17 0.143759

24 17 0.144616

25 17 0.144902

26 17 0.144616

27 17 0.143759

28 17 0.142335

29 17 0.140349

30 17 0.13781

31 17 0.134726

32 17 0.131111

33 17 0.126978

34 17 0.122344

35 17 0.117228

36 17 0.111649

37 17 0.105629

38 17 0.099192

39 17 0.0923638

40 17 0.085171

41 17 0.0776422

42 17 0.0698069

43 17 0.0616961

44 17 0.0533418

45 17 0.0447771

46 17 0.0360356

47 17 0.0271519

48 17 0.018161

49 17 0.00909845

50 17 0

0 18 0

1 18 0.00939457

2 18 0.0187521

3 18 0.0280355

4 18 0.0372084

5 18 0.0462344

6 18 0.0550779

7 18 0.0637041

8 18 0.0720788

9 18 0.0801691

10 18 0.087943

11 18 0.0953699

12 18 0.10242

13 18 0.109067

14 18 0.115282

15 18 0.121043

16 18 0.126326

17 18 0.131111

18 18 0.135378

19 18 0.139111

20 18 0.142295

21 18 0.144917

22 18 0.146967

23 18 0.148438

24 18 0.149322

25 18 0.149618

26 18 0.149322

27 18 0.148438

28 18 0.146967

29 18 0.144917

30 18 0.142295

31 18 0.139111

32 18 0.135378

33 18 0.131111

34 18 0.126326

35 18 0.121043

36 18 0.115282

37 18 0.109067

38 18 0.10242

39 18 0.0953699

40 18 0.087943

41 18 0.0801691

42 18 0.0720788

43 18 0.0637041

44 18 0.0550779

45 18 0.0462344

46 18 0.0372084

47 18 0.0280355

48 18 0.0187521

49 18 0.00939457

50 18 0

0 19 0

1 19 0.00965361

2 19 0.0192691

3 19 0.0288086

4 19 0.0382344

5 19 0.0475092

6 19 0.0565966

7 19 0.0654606

8 19 0.0740663

9 19 0.0823797

10 19 0.0903679

11 19 0.0979996

12 19 0.105244

13 19 0.112074

14 19 0.118461

15 19 0.124381

16 19 0.12981

17 19 0.134726

18 19 0.139111

19 19 0.142947

20 19 0.146218

21 19 0.148913

22 19 0.15102

23 19 0.152531

24 19 0.15344

25 19 0.153743

26 19 0.15344

27 19 0.152531

28 19 0.15102

29 19 0.148913

30 19 0.146218

31 19 0.142947

32 19 0.139111

33 19 0.134726

34 19 0.12981

35 19 0.124381

36 19 0.118461

37 19 0.112074

38 19 0.105244

39 19 0.0979996

40 19 0.0903679

41 19 0.0823797

42 19 0.0740663

43 19 0.0654606

44 19 0.0565966

45 19 0.0475092

46 19 0.0382344

47 19 0.0288086

48 19 0.0192691

49 19 0.00965361

50 19 0

0 20 0

1 20 0.00987456

2 20 0.0197101

3 20 0.0294679

4 20 0.0391094

5 20 0.0485966

6 20 0.057892

7 20 0.0669589

8 20 0.0757615

9 20 0.0842651

10 20 0.0924362

11 20 0.100242

12 20 0.107653

13 20 0.114639

14 20 0.121172

15 20 0.127228

16 20 0.132781

17 20 0.13781

18 20 0.142295

19 20 0.146218

20 20 0.149565

21 20 0.152321

22 20 0.154476

23 20 0.156022

24 20 0.156952

25 20 0.157262

26 20 0.156952

27 20 0.156022

28 20 0.154476

29 20 0.152321

30 20 0.149565

31 20 0.146218

32 20 0.142295

33 20 0.13781

34 20 0.132781

35 20 0.127228

36 20 0.121172

37 20 0.114639

38 20 0.107653

39 20 0.100242

40 20 0.0924362

41 20 0.0842651

42 20 0.0757615

43 20 0.0669589

44 20 0.057892

45 20 0.0485966

46 20 0.0391094

47 20 0.0294679

48 20 0.0197101

49 20 0.00987456

50 20 0

0 21 0

1 21 0.0100565

2 21 0.0200734

3 21 0.030011

4 21 0.0398302

5 21 0.0494922

6 21 0.0589588

7 21 0.0681928

8 21 0.0771577

9 21 0.085818

10 21 0.0941397

11 21 0.10209

12 21 0.109637

13 21 0.116752

14 21 0.123405

15 21 0.129572

16 21 0.135228

17 21 0.140349

18 21 0.144917

19 21 0.148913

20 21 0.152321

21 21 0.155128

22 21 0.157323

23 21 0.158897

24 21 0.159844

25 21 0.16016

26 21 0.159844

27 21 0.158897

28 21 0.157323

29 21 0.155128

30 21 0.152321

31 21 0.148913

32 21 0.144917

33 21 0.140349

34 21 0.135228

35 21 0.129572

36 21 0.123405

37 21 0.116752

38 21 0.109637

39 21 0.10209

40 21 0.0941397

41 21 0.085818

42 21 0.0771577

43 21 0.0681928

44 21 0.0589588

45 21 0.0494922

46 21 0.0398302

47 21 0.030011

48 21 0.0200734

49 21 0.0100565

50 21 0

0 22 0

1 22 0.0101988

2 22 0.0203574

3 22 0.0304356

4 22 0.0403937

5 22 0.0501924

6 22 0.059793

7 22 0.0691576

8 22 0.0782493

9 22 0.0870322

10 22 0.0954716

11 22 0.103534

12 22 0.111188

13 22 0.118403

14 22 0.125151

15 22 0.131405

16 22 0.137141

17 22 0.142335

18 22 0.146967

19 22 0.15102

20 22 0.154476

21 22 0.157323

22 22 0.159549

23 22 0.161145

24 22 0.162106

25 22 0.162426

26 22 0.162106

27 22 0.161145

28 22 0.159549

29 22 0.157323

30 22 0.154476

31 22 0.15102

32 22 0.146967

33 22 0.142335

34 22 0.137141

35 22 0.131405

36 22 0.125151

37 22 0.118403

38 22 0.111188

39 22 0.103534

40 22 0.0954716

41 22 0.0870322

42 22 0.0782493

43 22 0.0691576

44 22 0.059793

45 22 0.0501924

46 22 0.0403937

47 22 0.0304356

48 22 0.0203574

49 22 0.0101988

50 22 0

0 23 0

1 23 0.0103009

2 23 0.020561

3 23 0.0307401

4 23 0.0407978

5 23 0.0506946

6 23 0.0603912

7 23 0.0698495

8 23 0.0790322

9 23 0.087903

10 23 0.0964268

11 23 0.10457

12 23 0.112301

13 23 0.119588

14 23 0.126404

15 23 0.13272

16 23 0.138513

17 23 0.143759

18 23 0.148438

19 23 0.152531

20 23 0.156022

21 23 0.158897

22 23 0.161145

23 23 0.162757

24 23 0.163727

25 23 0.164051

26 23 0.163727

27 23 0.162757

28 23 0.161145

29 23 0.158897

30 23 0.156022

31 23 0.152531

32 23 0.148438

33 23 0.143759

34 23 0.138513

35 23 0.13272

36 23 0.126404

37 23 0.119588

38 23 0.112301

39 23 0.10457

40 23 0.0964268

41 23 0.087903

42 23 0.0790322

43 23 0.0698495

44 23 0.0603912

45 23 0.0506946

46 23 0.0407978

47 23 0.0307401

48 23 0.020561

49 23 0.0103009

50 23 0

0 24 0

1 24 0.0103622

2 24 0.0206836

3 24 0.0309233

4 24 0.041041

5 24 0.0509967

6 24 0.0607511

7 24 0.0702658

8 24 0.0795032

9 24 0.0884268

10 24 0.0970014

11 24 0.105193

12 24 0.11297

13 24 0.120301

14 24 0.127157

15 24 0.133511

16 24 0.139338

17 24 0.144616

18 24 0.149322

19 24 0.15344

20 24 0.156952

21 24 0.159844

22 24 0.162106

23 24 0.163727

24 24 0.164703

25 24 0.165029

26 24 0.164703

27 24 0.163727

28 24 0.162106

29 24 0.159844

30 24 0.156952

31 24 0.15344

32 24 0.149322

33 24 0.144616

34 24 0.139338

35 24 0.133511

36 24 0.127157

37 24 0.120301

38 24 0.11297

39 24 0.105193

40 24 0.0970014

41 24 0.0884268

42 24 0.0795032

43 24 0.0702658

44 24 0.0607511

45 24 0.0509967

46 24 0.041041

47 24 0.0309233

48 24 0.0206836

49 24 0.0103622

50 24 0

0 25 0

1 25 0.0103827

2 25 0.0207245

3 25 0.0309844

4 25 0.0411221

5 25 0.0510975

6 25 0.0608712

7 25 0.0704047

8 25 0.0796603

9 25 0.0886016

10 25 0.0971932

11 25 0.105401

12 25 0.113193

13 25 0.120539

14 25 0.127408

15 25 0.133775

16 25 0.139614

17 25 0.144902

18 25 0.149618

19 25 0.153743

20 25 0.157262

21 25 0.16016

22 25 0.162426

23 25 0.164051

24 25 0.165029

25 25 0.165355

26 25 0.165029

27 25 0.164051

28 25 0.162426

29 25 0.16016

30 25 0.157262

31 25 0.153743

32 25 0.149618

33 25 0.144902

34 25 0.139614

35 25 0.133775

36 25 0.127408

37 25 0.120539

38 25 0.113193

39 25 0.105401

40 25 0.0971932

41 25 0.0886016

42 25 0.0796603

43 25 0.0704047

44 25 0.0608712

45 25 0.0510975

46 25 0.0411221

47 25 0.0309844

48 25 0.0207245

49 25 0.0103827

50 25 0

0 26 0

1 26 0.0103622

2 26 0.0206836

3 26 0.0309233

4 26 0.041041

5 26 0.0509967

6 26 0.0607511

7 26 0.0702658

8 26 0.0795032

9 26 0.0884268

10 26 0.0970014

11 26 0.105193

12 26 0.11297

13 26 0.120301

14 26 0.127157

15 26 0.133511

16 26 0.139338

17 26 0.144616

18 26 0.149322

19 26 0.15344

20 26 0.156952

21 26 0.159844

22 26 0.162106

23 26 0.163727

24 26 0.164703

25 26 0.165029

26 26 0.164703

27 26 0.163727

28 26 0.162106

29 26 0.159844

30 26 0.156952

31 26 0.15344

32 26 0.149322

33 26 0.144616

34 26 0.139338

35 26 0.133511

36 26 0.127157

37 26 0.120301

38 26 0.11297

39 26 0.105193

40 26 0.0970014

41 26 0.0884268

42 26 0.0795032

43 26 0.0702658

44 26 0.0607511

45 26 0.0509967

46 26 0.041041

47 26 0.0309233

48 26 0.0206836

49 26 0.0103622

50 26 0

0 27 0

1 27 0.0103009

2 27 0.020561

3 27 0.0307401

4 27 0.0407978

5 27 0.0506946

6 27 0.0603912

7 27 0.0698495

8 27 0.0790322

9 27 0.087903

10 27 0.0964268

11 27 0.10457

12 27 0.112301

13 27 0.119588

14 27 0.126404

15 27 0.13272

16 27 0.138513

17 27 0.143759

18 27 0.148438

19 27 0.152531

20 27 0.156022

21 27 0.158897

22 27 0.161145

23 27 0.162757

24 27 0.163727

25 27 0.164051

26 27 0.163727

27 27 0.162757

28 27 0.161145

29 27 0.158897

30 27 0.156022

31 27 0.152531

32 27 0.148438

33 27 0.143759

34 27 0.138513

35 27 0.13272

36 27 0.126404

37 27 0.119588

38 27 0.112301

39 27 0.10457

40 27 0.0964268

41 27 0.087903

42 27 0.0790322

43 27 0.0698495

44 27 0.0603912

45 27 0.0506946

46 27 0.0407978

47 27 0.0307401

48 27 0.020561

49 27 0.0103009

50 27 0

0 28 0

1 28 0.0101988

2 28 0.0203574

3 28 0.0304356

4 28 0.0403937

5 28 0.0501924

6 28 0.059793

7 28 0.0691576

8 28 0.0782493

9 28 0.0870322

10 28 0.0954716

11 28 0.103534

12 28 0.111188

13 28 0.118403

14 28 0.125151

15 28 0.131405

16 28 0.137141

17 28 0.142335

18 28 0.146967

19 28 0.15102

20 28 0.154476

21 28 0.157323

22 28 0.159549

23 28 0.161145

24 28 0.162106

25 28 0.162426

26 28 0.162106

27 28 0.161145

28 28 0.159549

29 28 0.157323

30 28 0.154476

31 28 0.15102

32 28 0.146967

33 28 0.142335

34 28 0.137141

35 28 0.131405

36 28 0.125151

37 28 0.118403

38 28 0.111188

39 28 0.103534

40 28 0.0954716

41 28 0.0870322

42 28 0.0782493

43 28 0.0691576

44 28 0.059793

45 28 0.0501924

46 28 0.0403937

47 28 0.0304356

48 28 0.0203574

49 28 0.0101988

50 28 0

0 29 0

1 29 0.0100565

2 29 0.0200734

3 29 0.030011

4 29 0.0398302

5 29 0.0494922

6 29 0.0589588

7 29 0.0681928

8 29 0.0771577

9 29 0.085818

10 29 0.0941397

11 29 0.10209

12 29 0.109637

13 29 0.116752

14 29 0.123405

15 29 0.129572

16 29 0.135228

17 29 0.140349

18 29 0.144917

19 29 0.148913

20 29 0.152321

21 29 0.155128

22 29 0.157323

23 29 0.158897

24 29 0.159844

25 29 0.16016

26 29 0.159844

27 29 0.158897

28 29 0.157323

29 29 0.155128

30 29 0.152321

31 29 0.148913

32 29 0.144917

33 29 0.140349

34 29 0.135228

35 29 0.129572

36 29 0.123405

37 29 0.116752

38 29 0.109637

39 29 0.10209

40 29 0.0941397

41 29 0.085818

42 29 0.0771577

43 29 0.0681928

44 29 0.0589588

45 29 0.0494922

46 29 0.0398302

47 29 0.030011

48 29 0.0200734

49 29 0.0100565

50 29 0

0 30 0

1 30 0.00987456

2 30 0.0197101

3 30 0.0294679

4 30 0.0391094

5 30 0.0485966

6 30 0.057892

7 30 0.0669589

8 30 0.0757615

9 30 0.0842651

10 30 0.0924362

11 30 0.100242

12 30 0.107653

13 30 0.114639

14 30 0.121172

15 30 0.127228

16 30 0.132781

17 30 0.13781

18 30 0.142295

19 30 0.146218

20 30 0.149565

21 30 0.152321

22 30 0.154476

23 30 0.156022

24 30 0.156952

25 30 0.157262

26 30 0.156952

27 30 0.156022

28 30 0.154476

29 30 0.152321

30 30 0.149565

31 30 0.146218

32 30 0.142295

33 30 0.13781

34 30 0.132781

35 30 0.127228

36 30 0.121172

37 30 0.114639

38 30 0.107653

39 30 0.100242

40 30 0.0924362

41 30 0.0842651

42 30 0.0757615

43 30 0.0669589

44 30 0.057892

45 30 0.0485966

46 30 0.0391094

47 30 0.0294679

48 30 0.0197101

49 30 0.00987456

50 30 0

0 31 0

1 31 0.00965361

2 31 0.0192691

3 31 0.0288086

4 31 0.0382344

5 31 0.0475092

6 31 0.0565966

7 31 0.0654606

8 31 0.0740663

9 31 0.0823797

10 31 0.0903679

11 31 0.0979996

12 31 0.105244

13 31 0.112074

14 31 0.118461

15 31 0.124381

16 31 0.12981

17 31 0.134726

18 31 0.139111

19 31 0.142947

20 31 0.146218

21 31 0.148913

22 31 0.15102

23 31 0.152531

24 31 0.15344

25 31 0.153743

26 31 0.15344

27 31 0.152531

28 31 0.15102

29 31 0.148913

30 31 0.146218

31 31 0.142947

32 31 0.139111

33 31 0.134726

34 31 0.12981

35 31 0.124381

36 31 0.118461

37 31 0.112074

38 31 0.105244

39 31 0.0979996

40 31 0.0903679

41 31 0.0823797

42 31 0.0740663

43 31 0.0654606

44 31 0.0565966

45 31 0.0475092

46 31 0.0382344

47 31 0.0288086

48 31 0.0192691

49 31 0.00965361

50 31 0

0 32 0

1 32 0.00939457

2 32 0.0187521

3 32 0.0280355

4 32 0.0372084

5 32 0.0462344

6 32 0.0550779

7 32 0.0637041

8 32 0.0720788

9 32 0.0801691

10 32 0.087943

11 32 0.0953699

12 32 0.10242

13 32 0.109067

14 32 0.115282

15 32 0.121043

16 32 0.126326

17 32 0.131111

18 32 0.135378

19 32 0.139111

20 32 0.142295

21 32 0.144917

22 32 0.146967

23 32 0.148438

24 32 0.149322

25 32 0.149618

26 32 0.149322

27 32 0.148438

28 32 0.146967

29 32 0.144917

30 32 0.142295

31 32 0.139111

32 32 0.135378

33 32 0.131111

34 32 0.126326

35 32 0.121043

36 32 0.115282

37 32 0.109067

38 32 0.10242

39 32 0.0953699

40 32 0.087943

41 32 0.0801691

42 32 0.0720788

43 32 0.0637041

44 32 0.0550779

45 32 0.0462344

46 32 0.0372084

47 32 0.0280355

48 32 0.0187521

49 32 0.00939457

50 32 0

0 33 0

1 33 0.00909845

2 33 0.018161

3 33 0.0271519

4 33 0.0360356

5 33 0.0447771

6 33 0.0533418

7 33 0.0616961

8 33 0.0698069

9 33 0.0776422

10 33 0.085171

11 33 0.0923638

12 33 0.099192

13 33 0.105629

14 33 0.111649

15 33 0.117228

16 33 0.122344

17 33 0.126978

18 33 0.131111

19 33 0.134726

20 33 0.13781

21 33 0.140349

22 33 0.142335

23 33 0.143759

24 33 0.144616

25 33 0.144902

26 33 0.144616

27 33 0.143759

28 33 0.142335

29 33 0.140349

30 33 0.13781

31 33 0.134726

32 33 0.131111

33 33 0.126978

34 33 0.122344

35 33 0.117228

36 33 0.111649

37 33 0.105629

38 33 0.099192

39 33 0.0923638

40 33 0.085171

41 33 0.0776422

42 33 0.0698069

43 33 0.0616961

44 33 0.0533418

45 33 0.0447771

46 33 0.0360356

47 33 0.0271519

48 33 0.018161

49 33 0.00909845

50 33 0

0 34 0

1 34 0.00876642

2 34 0.0174982

3 34 0.026161

4 34 0.0347205

5 34 0.043143

6 34 0.0513953

7 34 0.0594447

8 34 0.0672595

9 34 0.0748088

10 34 0.0820629

11 34 0.0889932

12 34 0.0955722

13 34 0.101774

14 34 0.107574

15 34 0.11295

16 34 0.11788

17 34 0.122344

18 34 0.126326

19 34 0.12981

20 34 0.132781

21 34 0.135228

22 34 0.137141

23 34 0.138513

24 34 0.139338

25 34 0.139614

26 34 0.139338

27 34 0.138513

28 34 0.137141

29 34 0.135228

30 34 0.132781

31 34 0.12981

32 34 0.126326

33 34 0.122344

34 34 0.11788

35 34 0.11295

36 34 0.107574

37 34 0.101774

38 34 0.0955722

39 34 0.0889932

40 34 0.0820629

41 34 0.0748088

42 34 0.0672595

43 34 0.0594447

44 34 0.0513953

45 34 0.043143

46 34 0.0347205

47 34 0.026161

48 34 0.0174982

49 34 0.00876642

50 34 0

0 35 0

1 35 0.0083998

2 35 0.0167664

3 35 0.0250669

4 35 0.0332685

5 35 0.0413387

6 35 0.0492458

7 35 0.0569586

8 35 0.0644466

9 35 0.0716802

10 35 0.0786309

11 35 0.0852714

12 35 0.0915753

13 35 0.0975177

14 35 0.103075

15 35 0.108226

16 35 0.11295

17 35 0.117228

18 35 0.121043

19 35 0.124381

20 35 0.127228

21 35 0.129572

22 35 0.131405

23 35 0.13272

24 35 0.133511

25 35 0.133775

26 35 0.133511

27 35 0.13272

28 35 0.131405

29 35 0.129572

30 35 0.127228

31 35 0.124381

32 35 0.121043

33 35 0.117228

34 35 0.11295

35 35 0.108226

36 35 0.103075

37 35 0.0975177

38 35 0.0915753

39 35 0.0852714

40 35 0.0786309

41 35 0.0716802

42 35 0.0644466

43 35 0.0569586

44 35 0.0492458

45 35 0.0413387

46 35 0.0332685

47 35 0.0250669

48 35 0.0167664

49 35 0.0083998

50 35 0

0 36 0

1 36 0.00800002

2 36 0.0159685

3 36 0.0238739

4 36 0.0316851

5 36 0.0393713

6 36 0.0469021

7 36 0.0542478

8 36 0.0613793

9 36 0.0682687

10 36 0.0748886

11 36 0.081213

12 36 0.0872169

13 36 0.0928766

14 36 0.0981697

15 36 0.103075

16 36 0.107574

17 36 0.111649

18 36 0.115282

19 36 0.118461

20 36 0.121172

21 36 0.123405

22 36 0.125151

23 36 0.126404

24 36 0.127157

25 36 0.127408

26 36 0.127157

27 36 0.126404

28 36 0.125151

29 36 0.123405

30 36 0.121172

31 36 0.118461

32 36 0.115282

33 36 0.111649

34 36 0.107574

35 36 0.103075

36 36 0.0981697

37 36 0.0928766

38 36 0.0872169

39 36 0.081213

40 36 0.0748886

41 36 0.0682687

42 36 0.0613793

43 36 0.0542478

44 36 0.0469021

45 36 0.0393713

46 36 0.0316851

47 36 0.0238739

48 36 0.0159685

49 36 0.00800002

50 36 0

0 37 0

1 37 0.00756868

2 37 0.0151075

3 37 0.0225867

4 37 0.0299767

5 37 0.0372485

6 37 0.0443732

7 37 0.0513228

8 37 0.0580699

9 37 0.0645878

10 37 0.0708508

11 37 0.0768342

12 37 0.0825143

13 37 0.0878688

14 37 0.0928766

15 37 0.0975177

16 37 0.101774

17 37 0.105629

18 37 0.109067

19 37 0.112074

20 37 0.114639

21 37 0.116752

22 37 0.118403

23 37 0.119588

24 37 0.120301

25 37 0.120539

26 37 0.120301

27 37 0.119588

28 37 0.118403

29 37 0.116752

30 37 0.114639

31 37 0.112074

32 37 0.109067

33 37 0.105629

34 37 0.101774

35 37 0.0975177

36 37 0.0928766

37 37 0.0878688

38 37 0.0825143

39 37 0.0768342

40 37 0.0708508

41 37 0.0645878

42 37 0.0580699

43 37 0.0513228

44 37 0.0443732

45 37 0.0372485

46 37 0.0299767

47 37 0.0225867

48 37 0.0151075

49 37 0.00756868

50 37 0

0 38 0

1 38 0.00710746

2 38 0.0141869

3 38 0.0212103

4 38 0.02815

5 38 0.0349786

6 38 0.0416692

7 38 0.0481953

8 38 0.0545313

9 38 0.060652

10 38 0.0665333

11 38 0.0721521

12 38 0.0774861

13 38 0.0825143

14 38 0.0872169

15 38 0.0915753

16 38 0.0955722

17 38 0.099192

18 38 0.10242

19 38 0.105244

20 38 0.107653

21 38 0.109637

22 38 0.111188

23 38 0.112301

24 38 0.11297

25 38 0.113193

26 38 0.11297

27 38 0.112301

28 38 0.111188

29 38 0.109637

30 38 0.107653

31 38 0.105244

32 38 0.10242

33 38 0.099192

34 38 0.0955722

35 38 0.0915753

36 38 0.0872169

37 38 0.0825143

38 38 0.0774861

39 38 0.0721521

40 38 0.0665333

41 38 0.060652

42 38 0.0545313

43 38 0.0481953

44 38 0.0416692

45 38 0.0349786

46 38 0.02815

47 38 0.0212103

48 38 0.0141869

49 38 0.00710746

50 38 0

0 39 0

1 39 0.0066182

2 39 0.0132103

3 39 0.0197502

4 39 0.0262122

5 39 0.0325708

6 39 0.0388008

7 39 0.0448776

8 39 0.0507774

9 39 0.0564768

10 39 0.0619533

11 39 0.0671853

12 39 0.0721521

13 39 0.0768342

14 39 0.081213

15 39 0.0852714

16 39 0.0889932

17 39 0.0923638

18 39 0.0953699

19 39 0.0979996

20 39 0.100242

21 39 0.10209

22 39 0.103534

23 39 0.10457

24 39 0.105193

25 39 0.105401

26 39 0.105193

27 39 0.10457

28 39 0.103534

29 39 0.10209

30 39 0.100242

31 39 0.0979996

32 39 0.0953699

33 39 0.0923638

34 39 0.0889932

35 39 0.0852714

36 39 0.081213

37 39 0.0768342

38 39 0.0721521

39 39 0.0671853

40 39 0.0619533

41 39 0.0564768

42 39 0.0507774

43 39 0.0448776

44 39 0.0388008

45 39 0.0325708

46 39 0.0262122

47 39 0.0197502

48 39 0.0132103

49 39 0.0066182

50 39 0

0 40 0

1 40 0.00610281

2 40 0.0121815

3 40 0.0182122

4 40 0.024171

5 40 0.0300343

6 40 0.0357792

7 40 0.0413828

8 40 0.0468232

9 40 0.0520787

10 40 0.0571287

11 40 0.0619533

12 40 0.0665333

13 40 0.0708508

14 40 0.0748886

15 40 0.0786309

16 40 0.0820629

17 40 0.085171

18 40 0.087943

19 40 0.0903679

20 40 0.0924362

21 40 0.0941397

22 40 0.0954716

23 40 0.0964268

24 40 0.0970014

25 40 0.0971932

26 40 0.0970014

27 40 0.0964268

28 40 0.0954716

29 40 0.0941397

30 40 0.0924362

31 40 0.0903679

32 40 0.087943

33 40 0.085171

34 40 0.0820629

35 40 0.0786309

36 40 0.0748886

37 40 0.0708508

38 40 0.0665333

39 40 0.0619533

40 40 0.0571287

41 40 0.0520787

42 40 0.0468232

43 40 0.0413828

44 40 0.0357792

45 40 0.0300343

46 40 0.024171

47 40 0.0182122

48 40 0.0121815

49 40 0.00610281

50 40 0

0 41 0

1 41 0.00556334

2 41 0.0111047

3 41 0.0166023

4 41 0.0220343

5 41 0.0273794

6 41 0.0326164

7 41 0.0377247

8 41 0.0426841

9 41 0.0474751

10 41 0.0520787

11 41 0.0564768

12 41 0.060652

13 41 0.0645878

14 41 0.0682687

15 41 0.0716802

16 41 0.0748088

17 41 0.0776422

18 41 0.0801691

19 41 0.0823797

20 41 0.0842651

21 41 0.085818

22 41 0.0870322

23 41 0.087903

24 41 0.0884268

25 41 0.0886016

26 41 0.0884268

27 41 0.087903

28 41 0.0870322

29 41 0.085818

30 41 0.0842651

31 41 0.0823797

32 41 0.0801691

33 41 0.0776422

34 41 0.0748088

35 41 0.0716802

36 41 0.0682687

37 41 0.0645878

38 41 0.060652

39 41 0.0564768

40 41 0.0520787

41 41 0.0474751

42 41 0.0426841

43 41 0.0377247

44 41 0.0326164

45 41 0.0273794

46 41 0.0220343

47 41 0.0166023

48 41 0.0111047

49 41 0.00556334

50 41 0

0 42 0

1 42 0.00500191

2 42 0.00998409

3 42 0.0149269

4 42 0.0198107

5 42 0.0246164

6 42 0.0293249

7 42 0.0339177

8 42 0.0383767

9 42 0.0426841

10 42 0.0468232

11 42 0.0507774

12 42 0.0545313

13 42 0.0580699

14 42 0.0613793

15 42 0.0644466

16 42 0.0672595

17 42 0.0698069

18 42 0.0720788

19 42 0.0740663

20 42 0.0757615

21 42 0.0771577

22 42 0.0782493

23 42 0.0790322

24 42 0.0795032

25 42 0.0796603

26 42 0.0795032

27 42 0.0790322

28 42 0.0782493

29 42 0.0771577

30 42 0.0757615

31 42 0.0740663

32 42 0.0720788

33 42 0.0698069

34 42 0.0672595

35 42 0.0644466

36 42 0.0613793

37 42 0.0580699

38 42 0.0545313

39 42 0.0507774

40 42 0.0468232

41 42 0.0426841

42 42 0.0383767

43 42 0.0339177

44 42 0.0293249

45 42 0.0246164

46 42 0.0198107

47 42 0.0149269

48 42 0.00998409

49 42 0.00500191

50 42 0

0 43 0

1 43 0.00442075

2 43 0.00882405

3 43 0.0131925

4 43 0.0175089

5 43 0.0217562

6 43 0.0259177

7 43 0.0299769

8 43 0.0339177

9 43 0.0377247

10 43 0.0413828

11 43 0.0448776

12 43 0.0481953

13 43 0.0513228

14 43 0.0542478

15 43 0.0569586

16 43 0.0594447

17 43 0.0616961

18 43 0.0637041

19 43 0.0654606

20 43 0.0669589

21 43 0.0681928

22 43 0.0691576

23 43 0.0698495

24 43 0.0702658

25 43 0.0704047

26 43 0.0702658

27 43 0.0698495

28 43 0.0691576

29 43 0.0681928

30 43 0.0669589

31 43 0.0654606

32 43 0.0637041

33 43 0.0616961

34 43 0.0594447

35 43 0.0569586

36 43 0.0542478

37 43 0.0513228

38 43 0.0481953

39 43 0.0448776

40 43 0.0413828

41 43 0.0377247

42 43 0.0339177

43 43 0.0299769

44 43 0.0259177

45 43 0.0217562

46 43 0.0175089

47 43 0.0131925

48 43 0.00882405

49 43 0.00442075

50 43 0

0 44 0

1 44 0.00382213

2 44 0.00762919

3 44 0.0114061

4 44 0.0151381

5 44 0.0188102

6 44 0.0224082

7 44 0.0259177

8 44 0.0293249

9 44 0.0326164

10 44 0.0357792

11 44 0.0388008

12 44 0.0416692

13 44 0.0443732

14 44 0.0469021

15 44 0.0492458

16 44 0.0513953

17 44 0.0533418

18 44 0.0550779

19 44 0.0565966

20 44 0.057892

21 44 0.0589588

22 44 0.059793

23 44 0.0603912

24 44 0.0607511

25 44 0.0608712

26 44 0.0607511

27 44 0.0603912

28 44 0.059793

29 44 0.0589588

30 44 0.057892

31 44 0.0565966

32 44 0.0550779

33 44 0.0533418

34 44 0.0513953

35 44 0.0492458

36 44 0.0469021

37 44 0.0443732

38 44 0.0416692

39 44 0.0388008

40 44 0.0357792

41 44 0.0326164

42 44 0.0293249

43 44 0.0259177

44 44 0.0224082

45 44 0.0188102

46 44 0.0151381

47 44 0.0114061

48 44 0.00762919

49 44 0.00382213

50 44 0

0 45 0

1 45 0.00320844

2 45 0.00640421

3 45 0.00957471

4 45 0.0127074

5 45 0.01579

6 45 0.0188102

7 45 0.0217562

8 45 0.0246164

9 45 0.0273794

10 45 0.0300343

11 45 0.0325708

12 45 0.0349786

13 45 0.0372485

14 45 0.0393713

15 45 0.0413387

16 45 0.043143

17 45 0.0447771

18 45 0.0462344

19 45 0.0475092

20 45 0.0485966

21 45 0.0494922

22 45 0.0501924

23 45 0.0506946

24 45 0.0509967

25 45 0.0510975

26 45 0.0509967

27 45 0.0506946

28 45 0.0501924

29 45 0.0494922

30 45 0.0485966

31 45 0.0475092

32 45 0.0462344

33 45 0.0447771

34 45 0.043143

35 45 0.0413387

36 45 0.0393713

37 45 0.0372485

38 45 0.0349786

39 45 0.0325708

40 45 0.0300343

41 45 0.0273794

42 45 0.0246164

43 45 0.0217562

44 45 0.0188102

45 45 0.01579

46 45 0.0127074

47 45 0.00957471

48 45 0.00640421

49 45 0.00320844

50 45 0

0 46 0

1 46 0.00258208

2 46 0.00515397

3 46 0.00770551

4 46 0.0102266

5 46 0.0127074

6 46 0.0151381

7 46 0.0175089

8 46 0.0198107

9 46 0.0220343

10 46 0.024171

11 46 0.0262122

12 46 0.02815

13 46 0.0299767

14 46 0.0316851

15 46 0.0332685

16 46 0.0347205

17 46 0.0360356

18 46 0.0372084

19 46 0.0382344

20 46 0.0391094

21 46 0.0398302

22 46 0.0403937

23 46 0.0407978

24 46 0.041041

25 46 0.0411221

26 46 0.041041

27 46 0.0407978

28 46 0.0403937

29 46 0.0398302

30 46 0.0391094

31 46 0.0382344

32 46 0.0372084

33 46 0.0360356

34 46 0.0347205

35 46 0.0332685

36 46 0.0316851

37 46 0.0299767

38 46 0.02815

39 46 0.0262122

40 46 0.024171

41 46 0.0220343

42 46 0.0198107

43 46 0.0175089

44 46 0.0151381

45 46 0.0127074

46 46 0.0102266

47 46 0.00770551

48 46 0.00515397

49 46 0.00258208

50 46 0

0 47 0

1 47 0.00194553

2 47 0.00388338

3 47 0.0058059

4 47 0.00770551

5 47 0.00957471

6 47 0.0114061

7 47 0.0131925

8 47 0.0149269

9 47 0.0166023

10 47 0.0182122

11 47 0.0197502

12 47 0.0212103

13 47 0.0225867

14 47 0.0238739

15 47 0.0250669

16 47 0.026161

17 47 0.0271519

18 47 0.0280355

19 47 0.0288086

20 47 0.0294679

21 47 0.030011

22 47 0.0304356

23 47 0.0307401

24 47 0.0309233

25 47 0.0309844

26 47 0.0309233

27 47 0.0307401

28 47 0.0304356

29 47 0.030011

30 47 0.0294679

31 47 0.0288086

32 47 0.0280355

33 47 0.0271519

34 47 0.026161

35 47 0.0250669

36 47 0.0238739

37 47 0.0225867

38 47 0.0212103

39 47 0.0197502

40 47 0.0182122

41 47 0.0166023

42 47 0.0149269

43 47 0.0131925

44 47 0.0114061

45 47 0.00957471

46 47 0.00770551

47 47 0.0058059

48 47 0.00388338

49 47 0.00194553

50 47 0

0 48 0

1 48 0.0013013

2 48 0.00259746

3 48 0.00388338

4 48 0.00515397

5 48 0.00640421

6 48 0.00762919

7 48 0.00882405

8 48 0.00998409

9 48 0.0111047

10 48 0.0121815

11 48 0.0132103

12 48 0.0141869

13 48 0.0151075

14 48 0.0159685

15 48 0.0167664

16 48 0.0174982

17 48 0.018161

18 48 0.0187521

19 48 0.0192691

20 48 0.0197101

21 48 0.0200734

22 48 0.0203574

23 48 0.020561

24 48 0.0206836

25 48 0.0207245

26 48 0.0206836

27 48 0.020561

28 48 0.0203574

29 48 0.0200734

30 48 0.0197101

31 48 0.0192691

32 48 0.0187521

33 48 0.018161

34 48 0.0174982

35 48 0.0167664

36 48 0.0159685

37 48 0.0151075

38 48 0.0141869

39 48 0.0132103

40 48 0.0121815

41 48 0.0111047

42 48 0.00998409

43 48 0.00882405

44 48 0.00762919

45 48 0.00640421

46 48 0.00515397

47 48 0.00388338

48 48 0.00259746

49 48 0.0013013

50 48 0

0 49 0

1 49 0.000651936

2 49 0.0013013

3 49 0.00194553

4 49 0.00258208

5 49 0.00320844

6 49 0.00382213

7 49 0.00442075

8 49 0.00500191

9 49 0.00556334

10 49 0.00610281

11 49 0.0066182

12 49 0.00710746

13 49 0.00756868

14 49 0.00800002

15 49 0.0083998

16 49 0.00876642

17 49 0.00909845

18 49 0.00939457

19 49 0.00965361

20 49 0.00987456

21 49 0.0100565

22 49 0.0101988

23 49 0.0103009

24 49 0.0103622

25 49 0.0103827

26 49 0.0103622

27 49 0.0103009

28 49 0.0101988

29 49 0.0100565

30 49 0.00987456

31 49 0.00965361

32 49 0.00939457

33 49 0.00909845

34 49 0.00876642

35 49 0.0083998

36 49 0.00800002

37 49 0.00756868

38 49 0.00710746

39 49 0.0066182

40 49 0.00610281

41 49 0.00556334

42 49 0.00500191

43 49 0.00442075

44 49 0.00382213

45 49 0.00320844

46 49 0.00258208

47 49 0.00194553

48 49 0.0013013

49 49 0.000651936

