0 1 0

1 1 0.00108043

2 1 0.0021566

3 1 0.00322425

4 1 0.00427918

5 1 0.00531723

6 1 0.00633429

7 1 0.00732635

8 1 0.00828949

9 1 0.00921992

10 1 0.010114

11 1 0.0109681

12 1 0.0117789

13 1 0.0125433

14 1 0.0132582

15 1 0.0139207

16 1 0.0145283

17 1 0.0150785

18 1 0.0155693

19 1 0.0159986

20 1 0.0163647

21 1 0.0166663

22 1 0.0169021

23 1 0.0170712

24 1 0.017173

25 1 0.0172069

26 1 0.017173

27 1 0.0170712

28 1 0.0169021

29 1 0.0166663

30 1 0.0163647

31 1 0.0159986

32 1 0.0155693

33 1 0.0150785

34 1 0.0145283

35 1 0.0139207

36 1 0.0132582

37 1 0.0125433

38 1 0.0117789

39 1 0.0109681

40 1 0.010114

41 1 0.00921992

42 1 0.00828949

43 1 0.00732635

44 1 0.00633429

45 1 0.00531723

46 1 0.00427918

47 1 0.00322425

48 1 0.0021566

49 1 0.00108043

50 1 0

0 2 0

1 2 0.0021566

2 2 0.00430468

3 2 0.00643578

4 2 0.00854148

5 2 0.0106135

6 2 0.0126436

7 2 0.0146238

8 2 0.0165463

9 2 0.0184035

10 2 0.020188

11 2 0.0218929

12 2 0.0235114

13 2 0.0250371

14 2 0.026464

15 2 0.0277864

16 2 0.0289992

17 2 0.0300976

18 2 0.0310771

19 2 0.031934

20 2 0.0326649

21 2 0.0332669

22 2 0.0337376

23 2 0.0340751

24 2 0.0342781

25 2 0.0343459

26 2 0.0342781

27 2 0.0340751

28 2 0.0337376

29 2 0.0332669

30 2 0.0326649

31 2 0.031934

32 2 0.0310771

33 2 0.0300976

34 2 0.0289992

35 2 0.0277864

36 2 0.026464

37 2 0.0250371

38 2 0.0235114

39 2 0.0218929

40 2 0.020188

41 2 0.0184035

42 2 0.0165463

43 2 0.0146238

44 2 0.0126436

45 2 0.0106135

46 2 0.00854148

47 2 0.00643578

48 2 0.00430468

49 2 0.0021566

50 2 0

0 3 0

1 3 0.00322425

2 3 0.00643578

3 3 0.00962191

4 3 0.0127701

5 3 0.0158678

6 3 0.018903

7 3 0.0218635

8 3 0.0247377

9 3 0.0275144

10 3 0.0301824

11 3 0.0327313

12 3 0.0351511

13 3 0.0374321

14 3 0.0395654

15 3 0.0415425

16 3 0.0433557

17 3 0.0449978

18 3 0.0464623

19 3 0.0477434

20 3 0.0488362

21 3 0.0497361

22 3 0.0504398

23 3 0.0509445

24 3 0.051248

25 3 0.0513494

26 3 0.051248

27 3 0.0509445

28 3 0.0504398

29 3 0.0497361

30 3 0.0488362

31 3 0.0477434

32 3 0.0464623

33 3 0.0449978

34 3 0.0433557

35 3 0.0415425

36 3 0.0395654

37 3 0.0374321

38 3 0.0351511

39 3 0.0327313

40 3 0.0301824

41 3 0.0275144

42 3 0.0247377

43 3 0.0218635

44 3 0.018903

45 3 0.0158678

46 3 0.0127701

47 3 0.00962191

48 3 0.00643578

49 3 0.00322425

50 3 0

0 4 0

1 4 0.00427918

2 4 0.00854148

3 4 0.0127701

4 4 0.0169483

5 4 0.0210596

6 4 0.0250878

7 4 0.0290169

8 4 0.0328316

9 4 0.0365167

10 4 0.0400577

11 4 0.0434406

12 4 0.046652

13 4 0.0496793

14 4 0.0525106

15 4 0.0551346

16 4 0.0575411

17 4 0.0597204

18 4 0.0616641

19 4 0.0633644

20 4 0.0648147

21 4 0.0660091

22 4 0.066943

23 4 0.0676128

24 4 0.0680157

25 4 0.0681502

26 4 0.0680157

27 4 0.0676128

28 4 0.066943

29 4 0.0660091

30 4 0.0648147

31 4 0.0633644

32 4 0.0616641

33 4 0.0597204

34 4 0.0575411

35 4 0.0551346

36 4 0.0525106

37 4 0.0496793

38 4 0.046652

39 4 0.0434406

40 4 0.0400577

41 4 0.0365167

42 4 0.0328316

43 4 0.0290169

44 4 0.0250878

45 4 0.0210596

46 4 0.0169483

47 4 0.0127701

48 4 0.00854148

49 4 0.00427918

50 4 0

0 5 0

1 5 0.00531723

2 5 0.0106135

3 5 0.0158678

4 5 0.0210596

5 5 0.0261682

6 5 0.0311735

7 5 0.0360558

8 5 0.0407959

9 5 0.0453749

10 5 0.0497748

11 5 0.0539783

12 5 0.0579688

13 5 0.0617305

14 5 0.0652486

15 5 0.0685092

16 5 0.0714994

17 5 0.0742074

18 5 0.0766226

19 5 0.0787353

20 5 0.0805374

21 5 0.0820216

22 5 0.0831821

23 5 0.0840143

24 5 0.0845149

25 5 0.084682

26 5 0.0845149

27 5 0.0840143

28 5 0.0831821

29 5 0.0820216

30 5 0.0805374

31 5 0.0787353

32 5 0.0766226

33 5 0.0742074

34 5 0.0714994

35 5 0.0685092

36 5 0.0652486

37 5 0.0617305

38 5 0.0579688

39 5 0.0539783

40 5 0.0497748

41 5 0.0453749

42 5 0.0407959

43 5 0.0360558

44 5 0.0311735

45 5 0.0261682

46 5 0.0210596

47 5 0.0158678

48 5 0.0106135

49 5 0.00531723

50 5 0

0 6 0

1 6 0.00633429

2 6 0.0126436

3 6 0.018903

4 6 0.0250878

5 6 0.0311735

6 6 0.0371363

7 6 0.0429525

8 6 0.0485991

9 6 0.054054

10 6 0.0592956

11 6 0.0643031

12 6 0.0690569

13 6 0.0735381

14 6 0.0777291

15 6 0.0816134

16 6 0.0851755

17 6 0.0884015

18 6 0.0912786

19 6 0.0937955

20 6 0.0959423

21 6 0.0977103

22 6 0.0990928

23 6 0.100084

24 6 0.100681

25 6 0.10088

26 6 0.100681

27 6 0.100084

28 6 0.0990928

29 6 0.0977103

30 6 0.0959423

31 6 0.0937955

32 6 0.0912786

33 6 0.0884015

34 6 0.0851755

35 6 0.0816134

36 6 0.0777291

37 6 0.0735381

38 6 0.0690569

39 6 0.0643031

40 6 0.0592956

41 6 0.054054

42 6 0.0485991

43 6 0.0429525

44 6 0.0371363

45 6 0.0311735

46 6 0.0250878

47 6 0.018903

48 6 0.0126436

49 6 0.00633429

50 6 0

0 7 0

1 7 0.00732635

2 7 0.0146238

3 7 0.0218635

4 7 0.0290169

5 7 0.0360558

6 7 0.0429525

7 7 0.0496796

8 7 0.0562106

9 7 0.0625198

10 7 0.0685823

11 7 0.0743741

12 7 0.0798724

13 7 0.0850555

14 7 0.0899029

15 7 0.0943954

16 7 0.0985155

17 7 0.102247

18 7 0.105574

19 7 0.108486

20 7 0.110968

21 7 0.113013

22 7 0.114612

23 7 0.115759

24 7 0.116449

25 7 0.116679

26 7 0.116449

27 7 0.115759

28 7 0.114612

29 7 0.113013

30 7 0.110968

31 7 0.108486

32 7 0.105574

33 7 0.102247

34 7 0.0985155

35 7 0.0943954

36 7 0.0899029

37 7 0.0850555

38 7 0.0798724

39 7 0.0743741

40 7 0.0685823

41 7 0.0625198

42 7 0.0562106

43 7 0.0496796

44 7 0.0429525

45 7 0.0360558

46 7 0.0290169

47 7 0.0218635

48 7 0.0146238

49 7 0.00732635

50 7 0

0 8 0

1 8 0.00828949

2 8 0.0165463

3 8 0.0247377

4 8 0.0328316

5 8 0.0407959

6 8 0.0485991

7 8 0.0562106

8 8 0.0636003

9 8 0.0707389

10 8 0.0775984

11 8 0.0841516

12 8 0.0903727

13 8 0.0962371

14 8 0.101722

15 8 0.106805

16 8 0.111467

17 8 0.115688

18 8 0.119454

19 8 0.122747

20 8 0.125557

21 8 0.127871

22 8 0.12968

23 8 0.130977

24 8 0.131758

25 8 0.132018

26 8 0.131758

27 8 0.130977

28 8 0.12968

29 8 0.127871

30 8 0.125557

31 8 0.122747

32 8 0.119454

33 8 0.115688

34 8 0.111467

35 8 0.106805

36 8 0.101722

37 8 0.0962371

38 8 0.0903727

39 8 0.0841516

40 8 0.0775984

41 8 0.0707389

42 8 0.0636003

43 8 0.0562106

44 8 0.0485991

45 8 0.0407959

46 8 0.0328316

47 8 0.0247377

48 8 0.0165463

49 8 0.00828949

50 8 0

0 9 0

1 9 0.00921992

2 9 0.0184035

3 9 0.0275144

4 9 0.0365167

5 9 0.0453749

6 9 0.054054

7 9 0.0625198

8 9 0.0707389

9 9 0.0786788

10 9 0.0863082

11 9 0.0935969

12 9 0.100516

13 9 0.107039

14 9 0.113139

15 9 0.118793

16 9 0.123978

17 9 0.128674

18 9 0.132861

19 9 0.136525

20 9 0.13965

21 9 0.142223

22 9 0.144235

23 9 0.145678

24 9 0.146546

25 9 0.146836

26 9 0.146546

27 9 0.145678

28 9 0.144235

29 9 0.142223

30 9 0.13965

31 9 0.136525

32 9 0.132861

33 9 0.128674

34 9 0.123978

35 9 0.118793

36 9 0.113139

37 9 0.107039

38 9 0.100516

39 9 0.0935969

40 9 0.0863082

41 9 0.0786788

42 9 0.0707389

43 9 0.0625198

44 9 0.054054

45 9 0.0453749

46 9 0.0365167

47 9 0.0275144

48 9 0.0184035

49 9 0.00921992

50 9 0

0 10 0

1 10 0.010114

2 10 0.020188

3 10 0.0301824

4 10 0.0400577

5 10 0.0497748

6 10 0.0592956

7 10 0.0685823

8 10 0.0775984

9 10 0.0863082

10 10 0.0946774

11 10 0.102673

12 10 0.110263

13 10 0.117418

14 10 0.12411

15 10 0.130312

16 10 0.136

17 10 0.141151

18 10 0.145745

19 10 0.149764

20 10 0.153191

21 10 0.156014

22 10 0.158222

23 10 0.159805

24 10 0.160757

25 10 0.161075

26 10 0.160757

27 10 0.159805

28 10 0.158222

29 10 0.156014

30 10 0.153191

31 10 0.149764

32 10 0.145745

33 10 0.141151

34 10 0.136

35 10 0.130312

36 10 0.12411

37 10 0.117418

38 10 0.110263

39 10 0.102673

40 10 0.0946774

41 10 0.0863082

42 10 0.0775984

43 10 0.0685823

44 10 0.0592956

45 10 0.0497748

46 10 0.0400577

47 10 0.0301824

48 10 0.020188

49 10 0.010114

50 10 0

0 11 0

1 11 0.0109681

2 11 0.0218929

3 11 0.0327313

4 11 0.0434406

5 11 0.0539783

6 11 0.0643031

7 11 0.0743741

8 11 0.0841516

9 11 0.0935969

10 11 0.102673

11 11 0.111344

12 11 0.119575

13 11 0.127334

14 11 0.134591

15 11 0.141317

16 11 0.147485

17 11 0.153071

18 11 0.158053

19 11 0.162411

20 11 0.166128

21 11 0.16919

22 11 0.171584

23 11 0.1733

24 11 0.174333

25 11 0.174678

26 11 0.174333

27 11 0.1733

28 11 0.171584

29 11 0.16919

30 11 0.166128

31 11 0.162411

32 11 0.158053

33 11 0.153071

34 11 0.147485

35 11 0.141317

36 11 0.134591

37 11 0.127334

38 11 0.119575

39 11 0.111344

40 11 0.102673

41 11 0.0935969

42 11 0.0841516

43 11 0.0743741

44 11 0.0643031

45 11 0.0539783

46 11 0.0434406

47 11 0.0327313

48 11 0.0218929

49 11 0.0109681

50 11 0

0 12 0

1 12 0.0117789

2 12 0.0235114

3 12 0.0351511

4 12 0.046652

5 12 0.0579688

6 12 0.0690569

7 12 0.0798724

8 12 0.0903727

9 12 0.100516

10 12 0.110263

11 12 0.119575

12 12 0.128415

13 12 0.136748

14 12 0.144541

15 12 0.151764

16 12 0.158388

17 12 0.164387

18 12 0.169737

19 12 0.174418

20 12 0.17841

21 12 0.181698

22 12 0.184268

23 12 0.186112

24 12 0.187221

25 12 0.187591

26 12 0.187221

27 12 0.186112

28 12 0.184268

29 12 0.181698

30 12 0.17841

31 12 0.174418

32 12 0.169737

33 12 0.164387

34 12 0.158388

35 12 0.151764

36 12 0.144541

37 12 0.136748

38 12 0.128415

39 12 0.119575

40 12 0.110263

41 12 0.100516

42 12 0.0903727

43 12 0.0798724

44 12 0.0690569

45 12 0.0579688

46 12 0.046652

47 12 0.0351511

48 12 0.0235114

49 12 0.0117789

50 12 0

0 13 0

1 13 0.0125433

2 13 0.0250371

3 13 0.0374321

4 13 0.0496793

5 13 0.0617305

6 13 0.0735381

7 13 0.0850555

8 13 0.0962371

9 13 0.107039

10 13 0.117418

11 13 0.127334

12 13 0.136748

13 13 0.145622

14 13 0.153921

15 13 0.161613

16 13 0.168666

17 13 0.175055

18 13 0.180752

19 13 0.185736

20 13 0.189987

21 13 0.193488

22 13 0.196226

23 13 0.198189

24 13 0.19937

25 13 0.199764

26 13 0.19937

27 13 0.198189

28 13 0.196226

29 13 0.193488

30 13 0.189987

31 13 0.185736

32 13 0.180752

33 13 0.175055

34 13 0.168666

35 13 0.161613

36 13 0.153921

37 13 0.145622

38 13 0.136748

39 13 0.127334

40 13 0.117418

41 13 0.107039

42 13 0.0962371

43 13 0.0850555

44 13 0.0735381

45 13 0.0617305

46 13 0.0496793

47 13 0.0374321

48 13 0.0250371

49 13 0.0125433

50 13 0

0 14 0

1 14 0.0132582

2 14 0.026464

3 14 0.0395654

4 14 0.0525106

5 14 0.0652486

6 14 0.0777291

7 14 0.0899029

8 14 0.101722

9 14 0.113139

10 14 0.12411

11 14 0.134591

12 14 0.144541

13 14 0.153921

14 14 0.162693

15 14 0.170823

16 14 0.178279

17 14 0.185031

18 14 0.191053

19 14 0.196321

20 14 0.200815

21 14 0.204515

22 14 0.207409

23 14 0.209484

24 14 0.210732

25 14 0.211149

26 14 0.210732

27 14 0.209484

28 14 0.207409

29 14 0.204515

30 14 0.200815

31 14 0.196321

32 14 0.191053

33 14 0.185031

34 14 0.178279

35 14 0.170823

36 14 0.162693

37 14 0.153921

38 14 0.144541

39 14 0.134591

40 14 0.12411

41 14 0.113139

42 14 0.101722

43 14 0.0899029

44 14 0.0777291

45 14 0.0652486

46 14 0.0525106

47 14 0.0395654

48 14 0.026464

49 14 0.0132582

50 14 0

0 15 0

1 15 0.0139207

2 15 0.0277864

3 15 0.0415425

4 15 0.0551346

5 15 0.0685092

6 15 0.0816134

7 15 0.0943954

8 15 0.106805

9 15 0.118793

10 15 0.130312

11 15 0.141317

12 15 0.151764

13 15 0.161613

14 15 0.170823

15 15 0.179359

16 15 0.187188

17 15 0.194278

18 15 0.200601

19 15 0.206132

20 15 0.21085

21 15 0.214735

22 15 0.217773

23 15 0.219952

24 15 0.221263

25 15 0.2217

26 15 0.221263

27 15 0.219952

28 15 0.217773

29 15 0.214735

30 15 0.21085

31 15 0.206132

32 15 0.200601

33 15 0.194278

34 15 0.187188

35 15 0.179359

36 15 0.170823

37 15 0.161613

38 15 0.151764

39 15 0.141317

40 15 0.130312

41 15 0.118793

42 15 0.106805

43 15 0.0943954

44 15 0.0816134

45 15 0.0685092

46 15 0.0551346

47 15 0.0415425

48 15 0.0277864

49 15 0.0139207

50 15 0

0 16 0

1 16 0.0145283

2 16 0.0289992

3 16 0.0433557

4 16 0.0575411

5 16 0.0714994

6 16 0.0851755

7 16 0.0985155

8 16 0.111467

9 16 0.123978

10 16 0.136

11 16 0.147485

12 16 0.158388

13 16 0.168666

14 16 0.178279

15 16 0.187188

16 16 0.195358

17 16 0.202757

18 16 0.209356

19 16 0.215129

20 16 0.220052

21 16 0.224108

22 16 0.227279

23 16 0.229552

24 16 0.23092

25 16 0.231377

26 16 0.23092

27 16 0.229552

28 16 0.227279

29 16 0.224108

30 16 0.220052

31 16 0.215129

32 16 0.209356

33 16 0.202757

34 16 0.195358

35 16 0.187188

36 16 0.178279

37 16 0.168666

38 16 0.158388

39 16 0.147485

40 16 0.136

41 16 0.123978

42 16 0.111467

43 16 0.0985155

44 16 0.0851755

45 16 0.0714994

46 16 0.0575411

47 16 0.0433557

48 16 0.0289992

49 16 0.0145283

50 16 0

0 17 0

1 17 0.0150785

2 17 0.0300976

3 17 0.0449978

4 17 0.0597204

5 17 0.0742074

6 17 0.0884015

7 17 0.102247

8 17 0.115688

9 17 0.128674

10 17 0.141151

11 17 0.153071

12 17 0.164387

13 17 0.175055

14 17 0.185031

15 17 0.194278

16 17 0.202757

17 17 0.210436

18 17 0.217285

19 17 0.223277

20 17 0.228387

21 17 0.232596

22 17 0.235887

23 17 0.238247

24 17 0.239666

25 17 0.24014

26 17 0.239666

27 17 0.238247

28 17 0.235887

29 17 0.232596

30 17 0.228387

31 17 0.223277

32 17 0.217285

33 17 0.210436

34 17 0.202757

35 17 0.194278

36 17 0.185031

37 17 0.175055

38 17 0.164387

39 17 0.153071

40 17 0.141151

41 17 0.128674

42 17 0.115688

43 17 0.102247

44 17 0.0884015

45 17 0.0742074

46 17 0.0597204

47 17 0.0449978

48 17 0.0300976

49 17 0.0150785

50 17 0

0 18 0

1 18 0.0155693

2 18 0.0310771

3 18 0.0464623

4 18 0.0616641

5 18 0.0766226

6 18 0.0912786

7 18 0.105574

8 18 0.119454

9 18 0.132861

10 18 0.145745

11 18 0.158053

12 18 0.169737

13 18 0.180752

14 18 0.191053

15 18 0.200601

16 18 0.209356

17 18 0.217285

18 18 0.224357

19 18 0.230544

20 18 0.23582

21 18 0.240166

22 18 0.243564

23 18 0.246001

24 18 0.247467

25 18 0.247956

26 18 0.247467

27 18 0.246001

28 18 0.243564

29 18 0.240166

30 18 0.23582

31 18 0.230544

32 18 0.224357

33 18 0.217285

34 18 0.209356

35 18 0.200601

36 18 0.191053

37 18 0.180752

38 18 0.169737

39 18 0.158053

40 18 0.145745

41 18 0.132861

42 18 0.119454

43 18 0.105574

44 18 0.0912786

45 18 0.0766226

46 18 0.0616641

47 18 0.0464623

48 18 0.0310771

49 18 0.0155693

50 18 0

0 19 0

1 19 0.0159986

2 19 0.031934

3 19 0.0477434

4 19 0.0633644

5 19 0.0787353

6 19 0.0937955

7 19 0.108486

8 19 0.122747

9 19 0.136525

10 19 0.149764

11 19 0.162411

12 19 0.174418

13 19 0.185736

14 19 0.196321

15 19 0.206132

16 19 0.215129

17 19 0.223277

18 19 0.230544

19 19 0.2369

20 19 0.242322

21 19 0.246788

22 19 0.25028

23 19 0.252784

24 19 0.25429

25 19 0.254793

26 19 0.25429

27 19 0.252784

28 19 0.25028

29 19 0.246788

30 19 0.242322

31 19 0.2369

32 19 0.230544

33 19 0.223277

34 19 0.215129

35 19 0.206132

36 19 0.196321

37 19 0.185736

38 19 0.174418

39 19 0.162411

40 19 0.149764

41 19 0.136525

42 19 0.122747

43 19 0.108486

44 19 0.0937955

45 19 0.0787353

46 19 0.0633644

47 19 0.0477434

48 19 0.031934

49 19 0.0159986

50 19 0

0 20 0

1 20 0.0163647

2 20 0.0326649

3 20 0.0488362

4 20 0.0648147

5 20 0.0805374

6 20 0.0959423

7 20 0.110968

8 20 0.125557

9 20 0.13965

10 20 0.153191

11 20 0.166128

12 20 0.17841

13 20 0.189987

14 20 0.200815

15 20 0.21085

16 20 0.220052

17 20 0.228387

18 20 0.23582

19 20 0.242322

20 20 0.247869

21 20 0.252436

22 20 0.256008

23 20 0.258569

24 20 0.26011

25 20 0.260624

26 20 0.26011

27 20 0.258569

28 20 0.256008

29 20 0.252436

30 20 0.247869

31 20 0.242322

32 20 0.23582

33 20 0.228387

34 20 0.220052

35 20 0.21085

36 20 0.200815

37 20 0.189987

38 20 0.17841

39 20 0.166128

40 20 0.153191

41 20 0.13965

42 20 0.125557

43 20 0.110968

44 20 0.0959423

45 20 0.0805374

46 20 0.0648147

47 20 0.0488362

48 20 0.0326649

49 20 0.0163647

50 20 0

0 21 0

1 21 0.0166663

2 21 0.0332669

3 21 0.0497361

4 21 0.0660091

5 21 0.0820216

6 21 0.0977103

7 21 0.113013

8 21 0.127871

9 21 0.142223

10 21 0.156014

11 21 0.16919

12 21 0.181698

13 21 0.193488

14 21 0.204515

15 21 0.214735

16 21 0.224108

17 21 0.232596

18 21 0.240166

19 21 0.246788

20 21 0.252436

21 21 0.257088

22 21 0.260726

23 21 0.263334

24 21 0.264904

25 21 0.265427

26 21 0.264904

27 21 0.263334

28 21 0.260726

29 21 0.257088

30 21 0.252436

31 21 0.246788

32 21 0.240166

33 21 0.232596

34 21 0.224108

35 21 0.214735

36 21 0.204515

37 21 0.193488

38 21 0.181698

39 21 0.16919

40 21 0.156014

41 21 0.142223

42 21 0.127871

43 21 0.113013

44 21 0.0977103

45 21 0.0820216

46 21 0.0660091

47 21 0.0497361

48 21 0.0332669

49 21 0.0166663

50 21 0

0 22 0

1 22 0.0169021

2 22 0.0337376

3 22 0.0504398

4 22 0.066943

5 22 0.0831821

6 22 0.0990928

7 22 0.114612

8 22 0.12968

9 22 0.144235

10 22 0.158222

11 22 0.171584

12 22 0.184268

13 22 0.196226

14 22 0.207409

15 22 0.217773

16 22 0.227279

17 22 0.235887

18 22 0.243564

19 22 0.25028

20 22 0.256008

21 22 0.260726

22 22 0.264415

23 22 0.26706

24 22 0.268652

25 22 0.269183

26 22 0.268652

27 22 0.26706

28 22 0.264415

29 22 0.260726

30 22 0.256008

31 22 0.25028

32 22 0.243564

33 22 0.235887

34 22 0.227279

35 22 0.217773

36 22 0.207409

37 22 0.196226

38 22 0.184268

39 22 0.171584

40 22 0.158222

41 22 0.144235

42 22 0.12968

43 22 0.114612

44 22 0.0990928

45 22 0.0831821

46 22 0.066943

47 22 0.0504398

48 22 0.0337376

49 22 0.0169021

50 22 0

0 23 0

1 23 0.0170712

2 23 0.0340751

3 23 0.0509445

4 23 0.0676128

5 23 0.0840143

6 23 0.100084

7 23 0.115759

8 23 0.130977

9 23 0.145678

10 23 0.159805

11 23 0.1733

12 23 0.186112

13 23 0.198189

14 23 0.209484

15 23 0.219952

16 23 0.229552

17 23 0.238247

18 23 0.246001

19 23 0.252784

20 23 0.258569

21 23 0.263334

22 23 0.26706

23 23 0.269732

24 23 0.271339

25 23 0.271876

26 23 0.271339

27 23 0.269732

28 23 0.26706

29 23 0.263334

30 23 0.258569

31 23 0.252784

32 23 0.246001

33 23 0.238247

34 23 0.229552

35 23 0.219952

36 23 0.209484

37 23 0.198189

38 23 0.186112

39 23 0.1733

40 23 0.159805

41 23 0.145678

42 23 0.130977

43 23 0.115759

44 23 0.100084

45 23 0.0840143

46 23 0.0676128

47 23 0.0509445

48 23 0.0340751

49 23 0.0170712

50 23 0

0 24 0

1 24 0.017173

2 24 0.0342781

3 24 0.051248

4 24 0.0680157

5 24 0.0845149

6 24 0.100681

7 24 0.116449

8 24 0.131758

9 24 0.146546

10 24 0.160757

11 24 0.174333

12 24 0.187221

13 24 0.19937

14 24 0.210732

15 24 0.221263

16 24 0.23092

17 24 0.239666

18 24 0.247467

19 24 0.25429

20 24 0.26011

21 24 0.264904

22 24 0.268652

23 24 0.271339

24 24 0.272956

25 24 0.273496

26 24 0.272956

27 24 0.271339

28 24 0.268652

29 24 0.264904

30 24 0.26011

31 24 0.25429

32 24 0.247467

33 24 0.239666

34 24 0.23092

35 24 0.221263

36 24 0.210732

37 24 0.19937

38 24 0.187221

39 24 0.174333

40 24 0.160757

41 24 0.146546

42 24 0.131758

43 24 0.116449

44 24 0.100681

45 24 0.0845149

46 24 0.0680157

47 24 0.051248

48 24 0.0342781

49 24 0.017173

50 24 0

0 25 0

1 25 0.0172069

2 25 0.0343459

3 25 0.0513494

4 25 0.0681502

5 25 0.084682

6 25 0.10088

7 25 0.116679

8 25 0.132018

9 25 0.146836

10 25 0.161075

11 25 0.174678

12 25 0.187591

13 25 0.199764

14 25 0.211149

15 25 0.2217

16 25 0.231377

17 25 0.24014

18 25 0.247956

19 25 0.254793

20 25 0.260624

21 25 0.265427

22 25 0.269183

23 25 0.271876

24 25 0.273496

25 25 0.274037

26 25 0.273496

27 25 0.271876

28 25 0.269183

29 25 0.265427

30 25 0.260624

31 25 0.254793

32 25 0.247956

33 25 0.24014

34 25 0.231377

35 25 0.2217

36 25 0.211149

37 25 0.199764

38 25 0.187591

39 25 0.174678

40 25 0.161075

41 25 0.146836

42 25 0.132018

43 25 0.116679

44 25 0.10088

45 25 0.084682

46 25 0.0681502

47 25 0.0513494

48 25 0.0343459

49 25 0.0172069

50 25 0

0 26 0

1 26 0.017173

2 26 0.0342781

3 26 0.051248

4 26 0.0680157

5 26 0.0845149

6 26 0.100681

7 26 0.116449

8 26 0.131758

9 26 0.146546

10 26 0.160757

11 26 0.174333

12 26 0.187221

13 26 0.19937

14 26 0.210732

15 26 0.221263

16 26 0.23092

17 26 0.239666

18 26 0.247467

19 26 0.25429

20 26 0.26011

21 26 0.264904

22 26 0.268652

23 26 0.271339

24 26 0.272956

25 26 0.273496

26 26 0.272956

27 26 0.271339

28 26 0.268652

29 26 0.264904

30 26 0.26011

31 26 0.25429

32 26 0.247467

33 26 0.239666

34 26 0.23092

35 26 0.221263

36 26 0.210732

37 26 0.19937

38 26 0.187221

39 26 0.174333

40 26 0.160757

41 26 0.146546

42 26 0.131758

43 26 0.116449

44 26 0.100681

45 26 0.0845149

46 26 0.0680157

47 26 0.051248

48 26 0.0342781

49 26 0.017173

50 26 0

0 27 0

1 27 0.0170712

2 27 0.0340751

3 27 0.0509445

4 27 0.0676128

5 27 0.0840143

6 27 0.100084

7 27 0.115759

8 27 0.130977

9 27 0.145678

10 27 0.159805

11 27 0.1733

12 27 0.186112

13 27 0.198189

14 27 0.209484

15 27 0.219952

16 27 0.229552

17 27 0.238247

18 27 0.246001

19 27 0.252784

20 27 0.258569

21 27 0.263334

22 27 0.26706

23 27 0.269732

24 27 0.271339

25 27 0.271876

26 27 0.271339

27 27 0.269732

28 27 0.26706

29 27 0.263334

30 27 0.258569

31 27 0.252784

32 27 0.246001

33 27 0.238247

34 27 0.229552

35 27 0.219952

36 27 0.209484

37 27 0.198189

38 27 0.186112

39 27 0.1733

40 27 0.159805

41 27 0.145678

42 27 0.130977

43 27 0.115759

44 27 0.100084

45 27 0.0840143

46 27 0.0676128

47 27 0.0509445

48 27 0.0340751

49 27 0.0170712

50 27 0

0 28 0

1 28 0.0169021

2 28 0.0337376

3 28 0.0504398

4 28 0.066943

5 28 0.0831821

6 28 0.0990928

7 28 0.114612

8 28 0.12968

9 28 0.144235

10 28 0.158222

11 28 0.171584

12 28 0.184268

13 28 0.196226

14 28 0.207409

15 28 0.217773

16 28 0.227279

17 28 0.235887

18 28 0.243564

19 28 0.25028

20 28 0.256008

21 28 0.260726

22 28 0.264415

23 28 0.26706

24 28 0.268652

25 28 0.269183

26 28 0.268652

27 28 0.26706

28 28 0.264415

29 28 0.260726

30 28 0.256008

31 28 0.25028

32 28 0.243564

33 28 0.235887

34 28 0.227279

35 28 0.217773

36 28 0.207409

37 28 0.196226

38 28 0.184268

39 28 0.171584

40 28 0.158222

41 28 0.144235

42 28 0.12968

43 28 0.114612

44 28 0.0990928

45 28 0.0831821

46 28 0.066943

47 28 0.0504398

48 28 0.0337376

49 28 0.0169021

50 28 0

0 29 0

1 29 0.0166663

2 29 0.0332669

3 29 0.0497361

4 29 0.0660091

5 29 0.0820216

6 29 0.0977103

7 29 0.113013

8 29 0.127871

9 29 0.142223

10 29 0.156014

11 29 0.16919

12 29 0.181698

13 29 0.193488

14 29 0.204515

15 29 0.214735

16 29 0.224108

17 29 0.232596

18 29 0.240166

19 29 0.246788

20 29 0.252436

21 29 0.257088

22 29 0.260726

23 29 0.263334

24 29 0.264904

25 29 0.265427

26 29 0.264904

27 29 0.263334

28 29 0.260726

29 29 0.257088

30 29 0.252436

31 29 0.246788

32 29 0.240166

33 29 0.232596

34 29 0.224108

35 29 0.214735

36 29 0.204515

37 29 0.193488

38 29 0.181698

39 29 0.16919

40 29 0.156014

41 29 0.142223

42 29 0.127871

43 29 0.113013

44 29 0.0977103

45 29 0.0820216

46 29 0.0660091

47 29 0.0497361

48 29 0.0332669

49 29 0.0166663

50 29 0

0 30 0

1 30 0.0163647

2 30 0.0326649

3 30 0.0488362

4 30 0.0648147

5 30 0.0805374

6 30 0.0959423

7 30 0.110968

8 30 0.125557

9 30 0.13965

10 30 0.153191

11 30 0.166128

12 30 0.17841

13 30 0.189987

14 30 0.200815

15 30 0.21085

16 30 0.220052

17 30 0.228387

18 30 0.23582

19 30 0.242322

20 30 0.247869

21 30 0.252436

22 30 0.256008

23 30 0.258569

24 30 0.26011

25 30 0.260624

26 30 0.26011

27 30 0.258569

28 30 0.256008

29 30 0.252436

30 30 0.247869

31 30 0.242322

32 30 0.23582

33 30 0.228387

34 30 0.220052

35 30 0.21085

36 30 0.200815

37 30 0.189987

38 30 0.17841

39 30 0.166128

40 30 0.153191

41 30 0.13965

42 30 0.125557

43 30 0.110968

44 30 0.0959423

45 30 0.0805374

46 30 0.0648147

47 30 0.0488362

48 30 0.0326649

49 30 0.0163647

50 30 0

0 31 0

1 31 0.0159986

2 31 0.031934

3 31 0.0477434

4 31 0.0633644

5 31 0.0787353

6 31 0.0937955

7 31 0.108486

8 31 0.122747

9 31 0.136525

10 31 0.149764

11 31 0.162411

12 31 0.174418

13 31 0.185736

14 31 0.196321

15 31 0.206132

16 31 0.215129

17 31 0.223277

18 31 0.230544

19 31 0.2369

20 31 0.242322

21 31 0.246788

22 31 0.25028

23 31 0.252784

24 31 0.25429

25 31 0.254793

26 31 0.25429

27 31 0.252784

28 31 0.25028

29 31 0.246788

30 31 0.242322

31 31 0.2369

32 31 0.230544

33 31 0.223277

34 31 0.215129

35 31 0.206132

36 31 0.196321

37 31 0.185736

38 31 0.174418

39 31 0.162411

40 31 0.149764

41 31 0.136525

42 31 0.122747

43 31 0.108486

44 31 0.0937955

45 31 0.0787353

46 31 0.0633644

47 31 0.0477434

48 31 0.031934

49 31 0.0159986

50 31 0

0 32 0

1 32 0.0155693

2 32 0.0310771

3 32 0.0464623

4 32 0.0616641

5 32 0.0766226

6 32 0.0912786

7 32 0.105574

8 32 0.119454

9 32 0.132861

10 32 0.145745

11 32 0.158053

12 32 0.169737

13 32 0.180752

14 32 0.191053

15 32 0.200601

16 32 0.209356

17 32 0.217285

18 32 0.224357

19 32 0.230544

20 32 0.23582

21 32 0.240166

22 32 0.243564

23 32 0.246001

24 32 0.247467

25 32 0.247956

26 32 0.247467

27 32 0.246001

28 32 0.243564

29 32 0.240166

30 32 0.23582

31 32 0.230544

32 32 0.224357

33 32 0.217285

34 32 0.209356

35 32 0.200601

36 32 0.191053

37 32 0.180752

38 32 0.169737

39 32 0.158053

40 32 0.145745

41 32 0.132861

42 32 0.119454

43 32 0.105574

44 32 0.0912786

45 32 0.0766226

46 32 0.0616641

47 32 0.0464623

48 32 0.0310771

49 32 0.0155693

50 32 0

0 33 0

1 33 0.0150785

2 33 0.0300976

3 33 0.0449978

4 33 0.0597204

5 33 0.0742074

6 33 0.0884015

7 33 0.102247

8 33 0.115688

9 33 0.128674

10 33 0.141151

11 33 0.153071

12 33 0.164387

13 33 0.175055

14 33 0.185031

15 33 0.194278

16 33 0.202757

17 33 0.210436

18 33 0.217285

19 33 0.223277

20 33 0.228387

21 33 0.232596

22 33 0.235887

23 33 0.238247

24 33 0.239666

25 33 0.24014

26 33 0.239666

27 33 0.238247

28 33 0.235887

29 33 0.232596

30 33 0.228387

31 33 0.223277

32 33 0.217285

33 33 0.210436

34 33 0.202757

35 33 0.194278

36 33 0.185031

37 33 0.175055

38 33 0.164387

39 33 0.153071

40 33 0.141151

41 33 0.128674

42 33 0.115688

43 33 0.102247

44 33 0.0884015

45 33 0.0742074

46 33 0.0597204

47 33 0.0449978

48 33 0.0300976

49 33 0.0150785

50 33 0

0 34 0

1 34 0.0145283

2 34 0.0289992

3 34 0.0433557

4 34 0.0575411

5 34 0.0714994

6 34 0.0851755

7 34 0.0985155

8 34 0.111467

9 34 0.123978

10 34 0.136

11 34 0.147485

12 34 0.158388

13 34 0.168666

14 34 0.178279

15 34 0.187188

16 34 0.195358

17 34 0.202757

18 34 0.209356

19 34 0.215129

20 34 0.220052

21 34 0.224108

22 34 0.227279

23 34 0.229552

24 34 0.23092

25 34 0.231377

26 34 0.23092

27 34 0.229552

28 34 0.227279

29 34 0.224108

30 34 0.220052

31 34 0.215129

32 34 0.209356

33 34 0.202757

34 34 0.195358

35 34 0.187188

36 34 0.178279

37 34 0.168666

38 34 0.158388

39 34 0.147485

40 34 0.136

41 34 0.123978

42 34 0.111467

43 34 0.0985155

44 34 0.0851755

45 34 0.0714994

46 34 0.0575411

47 34 0.0433557

48 34 0.0289992

49 34 0.0145283

50 34 0

0 35 0

1 35 0.0139207

2 35 0.0277864

3 35 0.0415425

4 35 0.0551346

5 35 0.0685092

6 35 0.0816134

7 35 0.0943954

8 35 0.106805

9 35 0.118793

10 35 0.130312

11 35 0.141317

12 35 0.151764

13 35 0.161613

14 35 0.170823

15 35 0.179359

16 35 0.187188

17 35 0.194278

18 35 0.200601

19 35 0.206132

20 35 0.21085

21 35 0.214735

22 35 0.217773

23 35 0.219952

24 35 0.221263

25 35 0.2217

26 35 0.221263

27 35 0.219952

28 35 0.217773

29 35 0.214735

30 35 0.21085

31 35 0.206132

32 35 0.200601

33 35 0.194278

34 35 0.187188

35 35 0.179359

36 35 0.170823

37 35 0.161613

38 35 0.151764

39 35 0.141317

40 35 0.130312

41 35 0.118793

42 35 0.106805

43 35 0.0943954

44 35 0.0816134

45 35 0.0685092

46 35 0.0551346

47 35 0.0415425

48 35 0.0277864

49 35 0.0139207

50 35 0

0 36 0

1 36 0.0132582

2 36 0.026464

3 36 0.0395654

4 36 0.0525106

5 36 0.0652486

6 36 0.0777291

7 36 0.0899029

8 36 0.101722

9 36 0.113139

10 36 0.12411

11 36 0.134591

12 36 0.144541

13 36 0.153921

14 36 0.162693

15 36 0.170823

16 36 0.178279

17 36 0.185031

18 36 0.191053

19 36 0.196321

20 36 0.200815

21 36 0.204515

22 36 0.207409

23 36 0.209484

24 36 0.210732

25 36 0.211149

26 36 0.210732

27 36 0.209484

28 36 0.207409

29 36 0.204515

30 36 0.200815

31 36 0.196321

32 36 0.191053

33 36 0.185031

34 36 0.178279

35 36 0.170823

36 36 0.162693

37 36 0.153921

38 36 0.144541

39 36 0.134591

40 36 0.12411

41 36 0.113139

42 36 0.101722

43 36 0.0899029

44 36 0.0777291

45 36 0.0652486

46 36 0.0525106

47 36 0.0395654

48 36 0.026464

49 36 0.0132582

50 36 0

0 37 0

1 37 0.0125433

2 37 0.0250371

3 37 0.0374321

4 37 0.0496793

5 37 0.0617305

6 37 0.0735381

7 37 0.0850555

8 37 0.0962371

9 37 0.107039

10 37 0.117418

11 37 0.127334

12 37 0.136748

13 37 0.145622

14 37 0.153921

15 37 0.161613

16 37 0.168666

17 37 0.175055

18 37 0.180752

19 37 0.185736

20 37 0.189987

21 37 0.193488

22 37 0.196226

23 37 0.198189

24 37 0.19937

25 37 0.199764

26 37 0.19937

27 37 0.198189

28 37 0.196226

29 37 0.193488

30 37 0.189987

31 37 0.185736

32 37 0.180752

33 37 0.175055

34 37 0.168666

35 37 0.161613

36 37 0.153921

37 37 0.145622

38 37 0.136748

39 37 0.127334

40 37 0.117418

41 37 0.107039

42 37 0.0962371

43 37 0.0850555

44 37 0.0735381

45 37 0.0617305

46 37 0.0496793

47 37 0.0374321

48 37 0.0250371

49 37 0.0125433

50 37 0

0 38 0

1 38 0.0117789

2 38 0.0235114

3 38 0.0351511

4 38 0.046652

5 38 0.0579688

6 38 0.0690569

7 38 0.0798724

8 38 0.0903727

9 38 0.100516

10 38 0.110263

11 38 0.119575

12 38 0.128415

13 38 0.136748

14 38 0.144541

15 38 0.151764

16 38 0.158388

17 38 0.164387

18 38 0.169737

19 38 0.174418

20 38 0.17841

21 38 0.181698

22 38 0.184268

23 38 0.186112

24 38 0.187221

25 38 0.187591

26 38 0.187221

27 38 0.186112

28 38 0.184268

29 38 0.181698

30 38 0.17841

31 38 0.174418

32 38 0.169737

33 38 0.164387

34 38 0.158388

35 38 0.151764

36 38 0.144541

37 38 0.136748

38 38 0.128415

39 38 0.119575

40 38 0.110263

41 38 0.100516

42 38 0.0903727

43 38 0.0798724

44 38 0.0690569

45 38 0.0579688

46 38 0.046652

47 38 0.0351511

48 38 0.0235114

49 38 0.0117789

50 38 0

0 39 0

1 39 0.0109681

2 39 0.0218929

3 39 0.0327313

4 39 0.0434406

5 39 0.0539783

6 39 0.0643031

7 39 0.0743741

8 39 0.0841516

9 39 0.0935969

10 39 0.102673

11 39 0.111344

12 39 0.119575

13 39 0.127334

14 39 0.134591

15 39 0.141317

16 39 0.147485

17 39 0.153071

18 39 0.158053

19 39 0.162411

20 39 0.166128

21 39 0.16919

22 39 0.171584

23 39 0.1733

24 39 0.174333

25 39 0.174678

26 39 0.174333

27 39 0.1733

28 39 0.171584

29 39 0.16919

30 39 0.166128

31 39 0.162411

32 39 0.158053

33 39 0.153071

34 39 0.147485

35 39 0.141317

36 39 0.134591

37 39 0.127334

38 39 0.119575

39 39 0.111344

40 39 0.102673

41 39 0.0935969

42 39 0.0841516

43 39 0.0743741

44 39 0.0643031

45 39 0.0539783

46 39 0.0434406

47 39 0.0327313

48 39 0.0218929

49 39 0.0109681

50 39 0

0 40 0

1 40 0.010114

2 40 0.020188

3 40 0.0301824

4 40 0.0400577

5 40 0.0497748

6 40 0.0592956

7 40 0.0685823

8 40 0.0775984

9 40 0.0863082

10 40 0.0946774

11 40 0.102673

12 40 0.110263

13 40 0.117418

14 40 0.12411

15 40 0.130312

16 40 0.136

17 40 0.141151

18 40 0.145745

19 40 0.149764

20 40 0.153191

21 40 0.156014

22 40 0.158222

23 40 0.159805

24 40 0.160757

25 40 0.161075

26 40 0.160757

27 40 0.159805

28 40 0.158222

29 40 0.156014

30 40 0.153191

31 40 0.149764

32 40 0.145745

33 40 0.141151

34 40 0.136

35 40 0.130312

36 40 0.12411

37 40 0.117418

38 40 0.110263

39 40 0.102673

40 40 0.0946774

41 40 0.0863082

42 40 0.0775984

43 40 0.0685823

44 40 0.0592956

45 40 0.0497748

46 40 0.0400577

47 40 0.0301824

48 40 0.020188

49 40 0.010114

50 40 0

0 41 0

1 41 0.00921992

2 41 0.0184035

3 41 0.0275144

4 41 0.0365167

5 41 0.0453749

6 41 0.054054

7 41 0.0625198

8 41 0.0707389

9 41 0.0786788

10 41 0.0863082

11 41 0.0935969

12 41 0.100516

13 41 0.107039

14 41 0.113139

15 41 0.118793

16 41 0.123978

17 41 0.128674

18 41 0.132861

19 41 0.136525

20 41 0.13965

21 41 0.142223

22 41 0.144235

23 41 0.145678

24 41 0.146546

25 41 0.146836

26 41 0.146546

27 41 0.145678

28 41 0.144235

29 41 0.142223

30 41 0.13965

31 41 0.136525

32 41 0.132861

33 41 0.128674

34 41 0.123978

35 41 0.118793

36 41 0.113139

37 41 0.107039

38 41 0.100516

39 41 0.0935969

40 41 0.0863082

41 41 0.0786788

42 41 0.0707389

43 41 0.0625198

44 41 0.054054

45 41 0.0453749

46 41 0.0365167

47 41 0.0275144

48 41 0.0184035

49 41 0.00921992

50 41 0

0 42 0

1 42 0.00828949

2 42 0.0165463

3 42 0.0247377

4 42 0.0328316

5 42 0.0407959

6 42 0.0485991

7 42 0.0562106

8 42 0.0636003

9 42 0.0707389

10 42 0.0775984

11 42 0.0841516

12 42 0.0903727

13 42 0.0962371

14 42 0.101722

15 42 0.106805

16 42 0.111467

17 42 0.115688

18 42 0.119454

19 42 0.122747

20 42 0.125557

21 42 0.127871

22 42 0.12968

23 42 0.130977

24 42 0.131758

25 42 0.132018

26 42 0.131758

27 42 0.130977

28 42 0.12968

29 42 0.127871

30 42 0.125557

31 42 0.122747

32 42 0.119454

33 42 0.115688

34 42 0.111467

35 42 0.106805

36 42 0.101722

37 42 0.0962371

38 42 0.0903727

39 42 0.0841516

40 42 0.0775984

41 42 0.0707389

42 42 0.0636003

43 42 0.0562106

44 42 0.0485991

45 42 0.0407959

46 42 0.0328316

47 42 0.0247377

48 42 0.0165463

49 42 0.00828949

50 42 0

0 43 0

1 43 0.00732635

2 43 0.0146238

3 43 0.0218635

4 43 0.0290169

5 43 0.0360558

6 43 0.0429525

7 43 0.0496796

8 43 0.0562106

9 43 0.0625198

10 43 0.0685823

11 43 0.0743741

12 43 0.0798724

13 43 0.0850555

14 43 0.0899029

15 43 0.0943954

16 43 0.0985155

17 43 0.102247

18 43 0.105574

19 43 0.108486

20 43 0.110968

21 43 0.113013

22 43 0.114612

23 43 0.115759

24 43 0.116449

25 43 0.116679

26 43 0.116449

27 43 0.115759

28 43 0.114612

29 43 0.113013

30 43 0.110968

31 43 0.108486

32 43 0.105574

33 43 0.102247

34 43 0.0985155

35 43 0.0943954

36 43 0.0899029

37 43 0.0850555

38 43 0.0798724

39 43 0.0743741

40 43 0.0685823

41 43 0.0625198

42 43 0.0562106

43 43 0.0496796

44 43 0.0429525

45 43 0.0360558

46 43 0.0290169

47 43 0.0218635

48 43 0.0146238

49 43 0.00732635

50 43 0

0 44 0

1 44 0.00633429

2 44 0.0126436

3 44 0.018903

4 44 0.0250878

5 44 0.0311735

6 44 0.0371363

7 44 0.0429525

8 44 0.0485991

9 44 0.054054

10 44 0.0592956

11 44 0.0643031

12 44 0.0690569

13 44 0.0735381

14 44 0.0777291

15 44 0.0816134

16 44 0.0851755

17 44 0.0884015

18 44 0.0912786

19 44 0.0937955

20 44 0.0959423

21 44 0.0977103

22 44 0.0990928

23 44 0.100084

24 44 0.100681

25 44 0.10088

26 44 0.100681

27 44 0.100084

28 44 0.0990928

29 44 0.0977103

30 44 0.0959423

31 44 0.0937955

32 44 0.0912786

33 44 0.0884015

34 44 0.0851755

35 44 0.0816134

36 44 0.0777291

37 44 0.0735381

38 44 0.0690569

39 44 0.0643031

40 44 0.0592956

41 44 0.054054

42 44 0.0485991

43 44 0.0429525

44 44 0.0371363

45 44 0.0311735

46 44 0.0250878

47 44 0.018903

48 44 0.0126436

49 44 0.00633429

50 44 0

0 45 0

1 45 0.00531723

2 45 0.0106135

3 45 0.0158678

4 45 0.0210596

5 45 0.0261682

6 45 0.0311735

7 45 0.0360558

8 45 0.0407959

9 45 0.0453749

10 45 0.0497748

11 45 0.0539783

12 45 0.0579688

13 45 0.0617305

14 45 0.0652486

15 45 0.0685092

16 45 0.0714994

17 45 0.0742074

18 45 0.0766226

19 45 0.0787353

20 45 0.0805374

21 45 0.0820216

22 45 0.0831821

23 45 0.0840143

24 45 0.0845149

25 45 0.084682

26 45 0.0845149

27 45 0.0840143

28 45 0.0831821

29 45 0.0820216

30 45 0.0805374

31 45 0.0787353

32 45 0.0766226

33 45 0.0742074

34 45 0.0714994

35 45 0.0685092

36 45 0.0652486

37 45 0.0617305

38 45 0.0579688

39 45 0.0539783

40 45 0.0497748

41 45 0.0453749

42 45 0.0407959

43 45 0.0360558

44 45 0.0311735

45 45 0.0261682

46 45 0.0210596

47 45 0.0158678

48 45 0.0106135

49 45 0.00531723

50 45 0

0 46 0

1 46 0.00427918

2 46 0.00854148

3 46 0.0127701

4 46 0.0169483

5 46 0.0210596

6 46 0.0250878

7 46 0.0290169

8 46 0.0328316

9 46 0.0365167

10 46 0.0400577

11 46 0.0434406

12 46 0.046652

13 46 0.0496793

14 46 0.0525106

15 46 0.0551346

16 46 0.0575411

17 46 0.0597204

18 46 0.0616641

19 46 0.0633644

20 46 0.0648147

21 46 0.0660091

22 46 0.066943

23 46 0.0676128

24 46 0.0680157

25 46 0.0681502

26 46 0.0680157

27 46 0.0676128

28 46 0.066943

29 46 0.0660091

30 46 0.0648147

31 46 0.0633644

32 46 0.0616641

33 46 0.0597204

34 46 0.0575411

35 46 0.0551346

36 46 0.0525106

37 46 0.0496793

38 46 0.046652

39 46 0.0434406

40 46 0.0400577

41 46 0.0365167

42 46 0.0328316

43 46 0.0290169

44 46 0.0250878

45 46 0.0210596

46 46 0.0169483

47 46 0.0127701

48 46 0.00854148

49 46 0.00427918

50 46 0

0 47 0

1 47 0.00322425

2 47 0.00643578

3 47 0.00962191

4 47 0.0127701

5 47 0.0158678

6 47 0.018903

7 47 0.0218635

8 47 0.0247377

9 47 0.0275144

10 47 0.0301824

11 47 0.0327313

12 47 0.0351511

13 47 0.0374321

14 47 0.0395654

15 47 0.0415425

16 47 0.0433557

17 47 0.0449978

18 47 0.0464623

19 47 0.0477434

20 47 0.0488362

21 47 0.0497361

22 47 0.0504398

23 47 0.0509445

24 47 0.051248

25 47 0.0513494

26 47 0.051248

27 47 0.0509445

28 47 0.0504398

29 47 0.0497361

30 47 0.0488362

31 47 0.0477434

32 47 0.0464623

33 47 0.0449978

34 47 0.0433557

35 47 0.0415425

36 47 0.0395654

37 47 0.0374321

38 47 0.0351511

39 47 0.0327313

40 47 0.0301824

41 47 0.0275144

42 47 0.0247377

43 47 0.0218635

44 47 0.018903

45 47 0.0158678

46 47 0.0127701

47 47 0.00962191

48 47 0.00643578

49 47 0.00322425

50 47 0

0 48 0

1 48 0.0021566

2 48 0.00430468

3 48 0.00643578

4 48 0.00854148

5 48 0.0106135

6 48 0.0126436

7 48 0.0146238

8 48 0.0165463

9 48 0.0184035

10 48 0.020188

11 48 0.0218929

12 48 0.0235114

13 48 0.0250371

14 48 0.026464

15 48 0.0277864

16 48 0.0289992

17 48 0.0300976

18 48 0.0310771

19 48 0.031934

20 48 0.0326649

21 48 0.0332669

22 48 0.0337376

23 48 0.0340751

24 48 0.0342781

25 48 0.0343459

26 48 0.0342781

27 48 0.0340751

28 48 0.0337376

29 48 0.0332669

30 48 0.0326649

31 48 0.031934

32 48 0.0310771

33 48 0.0300976

34 48 0.0289992

35 48 0.0277864

36 48 0.026464

37 48 0.0250371

38 48 0.0235114

39 48 0.0218929

40 48 0.020188

41 48 0.0184035

42 48 0.0165463

43 48 0.0146238

44 48 0.0126436

45 48 0.0106135

46 48 0.00854148

47 48 0.00643578

48 48 0.00430468

49 48 0.0021566

50 48 0

0 49 0

1 49 0.00108043

2 49 0.0021566

3 49 0.00322425

4 49 0.00427918

5 49 0.00531723

6 49 0.00633429

7 49 0.00732635

8 49 0.00828949

9 49 0.00921992

10 49 0.010114

11 49 0.0109681

12 49 0.0117789

13 49 0.0125433

14 49 0.0132582

15 49 0.0139207

16 49 0.0145283

17 49 0.0150785

18 49 0.0155693

19 49 0.0159986

20 49 0.0163647

21 49 0.0166663

22 49 0.0169021

23 49 0.0170712

24 49 0.017173

25 49 0.0172069

26 49 0.017173

27 49 0.0170712

28 49 0.0169021

29 49 0.0166663

30 49 0.0163647

31 49 0.0159986

32 49 0.0155693

33 49 0.0150785

34 49 0.0145283

35 49 0.0139207

36 49 0.0132582

37 49 0.0125433

38 49 0.0117789

39 49 0.0109681

40 49 0.010114

41 49 0.00921992

42 49 0.00828949

43 49 0.00732635

44 49 0.00633429

45 49 0.00531723

46 49 0.00427918

47 49 0.00322425

48 49 0.0021566

49 49 0.00108043

50 49 0

