0 1 0

1 1 0.00265698

2 1 0.00530348

3 1 0.00792904

4 1 0.0105233

5 1 0.0130761

6 1 0.0155772

7 1 0.0180168

8 1 0.0203854

9 1 0.0226735

10 1 0.0248721

11 1 0.0269726

12 1 0.0289666

13 1 0.0308463

14 1 0.0326043

15 1 0.0342336

16 1 0.0357277

17 1 0.0370809

18 1 0.0382878

19 1 0.0393435

20 1 0.040244

21 1 0.0409856

22 1 0.0415655

23 1 0.0419813

24 1 0.0422315

25 1 0.042315

26 1 0.0422315

27 1 0.0419813

28 1 0.0415655

29 1 0.0409856

30 1 0.040244

31 1 0.0393435

32 1 0.0382878

33 1 0.0370809

34 1 0.0357277

35 1 0.0342336

36 1 0.0326043

37 1 0.0308463

38 1 0.0289666

39 1 0.0269726

40 1 0.0248721

41 1 0.0226735

42 1 0.0203854

43 1 0.0180168

44 1 0.0155772

45 1 0.0130761

46 1 0.0105233

47 1 0.00792904

48 1 0.00530348

49 1 0.00265698

50 1 0

0 2 0

1 2 0.00530348

2 2 0.010586

3 2 0.0158268

4 2 0.0210051

5 2 0.0261005

6 2 0.0310929

7 2 0.0359626

8 2 0.0406904

9 2 0.0452575

10 2 0.0496461

11 2 0.0538387

12 2 0.0578189

13 2 0.0615709

14 2 0.0650799

15 2 0.068332

16 2 0.0713145

17 2 0.0740155

18 2 0.0764244

19 2 0.0785317

20 2 0.0803291

21 2 0.0818094

22 2 0.0829669

23 2 0.083797

24 2 0.0842963

25 2 0.084463

26 2 0.0842963

27 2 0.083797

28 2 0.0829669

29 2 0.0818094

30 2 0.0803291

31 2 0.0785317

32 2 0.0764244

33 2 0.0740155

34 2 0.0713145

35 2 0.068332

36 2 0.0650799

37 2 0.0615709

38 2 0.0578189

39 2 0.0538387

40 2 0.0496461

41 2 0.0452575

42 2 0.0406904

43 2 0.0359626

44 2 0.0310929

45 2 0.0261005

46 2 0.0210051

47 2 0.0158268

48 2 0.010586

49 2 0.00530348

50 2 0

0 3 0

1 3 0.00792904

2 3 0.0158268

3 3 0.0236621

4 3 0.031404

5 3 0.0390219

6 3 0.0464859

7 3 0.0537664

8 3 0.0608347

9 3 0.067663

10 3 0.0742241

11 3 0.0804924

12 3 0.086443

13 3 0.0920525

14 3 0.0972986

15 3 0.102161

16 3 0.10662

17 3 0.110658

18 3 0.114259

19 3 0.11741

20 3 0.120097

21 3 0.12231

22 3 0.124041

23 3 0.125282

24 3 0.126028

25 3 0.126278

26 3 0.126028

27 3 0.125282

28 3 0.124041

29 3 0.12231

30 3 0.120097

31 3 0.11741

32 3 0.114259

33 3 0.110658

34 3 0.10662

35 3 0.102161

36 3 0.0972986

37 3 0.0920525

38 3 0.086443

39 3 0.0804924

40 3 0.0742241

41 3 0.067663

42 3 0.0608347

43 3 0.0537664

44 3 0.0464859

45 3 0.0390219

46 3 0.031404

47 3 0.0236621

48 3 0.0158268

49 3 0.00792904

50 3 0

0 4 0

1 4 0.0105233

2 4 0.0210051

3 4 0.031404

4 4 0.0416789

5 4 0.0517894

6 4 0.0616955

7 4 0.071358

8 4 0.080739

9 4 0.0898013

10 4 0.0985093

11 4 0.106828

12 4 0.114726

13 4 0.122171

14 4 0.129133

15 4 0.135586

16 4 0.141504

17 4 0.146864

18 4 0.151644

19 4 0.155825

20 4 0.159391

21 4 0.162329

22 4 0.164625

23 4 0.166272

24 4 0.167263

25 4 0.167594

26 4 0.167263

27 4 0.166272

28 4 0.164625

29 4 0.162329

30 4 0.159391

31 4 0.155825

32 4 0.151644

33 4 0.146864

34 4 0.141504

35 4 0.135586

36 4 0.129133

37 4 0.122171

38 4 0.114726

39 4 0.106828

40 4 0.0985093

41 4 0.0898013

42 4 0.080739

43 4 0.071358

44 4 0.0616955

45 4 0.0517894

46 4 0.0416789

47 4 0.031404

48 4 0.0210051

49 4 0.0105233

50 4 0

0 5 0

1 5 0.0130761

2 5 0.0261005

3 5 0.0390219

4 5 0.0517894

5 5 0.0643524

6 5 0.0766615

7 5 0.088668

8 5 0.100325

9 5 0.111585

10 5 0.122406

11 5 0.132743

12 5 0.142556

13 5 0.151807

14 5 0.160458

15 5 0.168477

16 5 0.17583

17 5 0.18249

18 5 0.188429

19 5 0.193625

20 5 0.198056

21 5 0.201706

22 5 0.20456

23 5 0.206607

24 5 0.207838

25 5 0.208249

26 5 0.207838

27 5 0.206607

28 5 0.20456

29 5 0.201706

30 5 0.198056

31 5 0.193625

32 5 0.188429

33 5 0.18249

34 5 0.17583

35 5 0.168477

36 5 0.160458

37 5 0.151807

38 5 0.142556

39 5 0.132743

40 5 0.122406

41 5 0.111585

42 5 0.100325

43 5 0.088668

44 5 0.0766615

45 5 0.0643524

46 5 0.0517894

47 5 0.0390219

48 5 0.0261005

49 5 0.0130761

50 5 0

0 6 0

1 6 0.0155772

2 6 0.0310929

3 6 0.0464859

4 6 0.0616955

5 6 0.0766615

6 6 0.091325

7 6 0.105628

8 6 0.119514

9 6 0.132929

10 6 0.145819

11 6 0.158133

12 6 0.169824

13 6 0.180844

14 6 0.19115

15 6 0.200702

16 6 0.209462

17 6 0.217396

18 6 0.224471

19 6 0.230661

20 6 0.23594

21 6 0.240288

22 6 0.243688

23 6 0.246126

24 6 0.247592

25 6 0.248082

26 6 0.247592

27 6 0.246126

28 6 0.243688

29 6 0.240288

30 6 0.23594

31 6 0.230661

32 6 0.224471

33 6 0.217396

34 6 0.209462

35 6 0.200702

36 6 0.19115

37 6 0.180844

38 6 0.169824

39 6 0.158133

40 6 0.145819

41 6 0.132929

42 6 0.119514

43 6 0.105628

44 6 0.091325

45 6 0.0766615

46 6 0.0616955

47 6 0.0464859

48 6 0.0310929

49 6 0.0155772

50 6 0

0 7 0

1 7 0.0180168

2 7 0.0359626

3 7 0.0537664

4 7 0.071358

5 7 0.088668

6 7 0.105628

7 7 0.122171

8 7 0.138232

9 7 0.153748

10 7 0.168657

11 7 0.1829

12 7 0.196421

13 7 0.209167

14 7 0.221088

15 7 0.232136

16 7 0.242268

17 7 0.251444

18 7 0.259627

19 7 0.266786

20 7 0.272892

21 7 0.277921

22 7 0.281853

23 7 0.284673

24 7 0.28637

25 7 0.286936

26 7 0.28637

27 7 0.284673

28 7 0.281853

29 7 0.277921

30 7 0.272892

31 7 0.266786

32 7 0.259627

33 7 0.251444

34 7 0.242268

35 7 0.232136

36 7 0.221088

37 7 0.209167

38 7 0.196421

39 7 0.1829

40 7 0.168657

41 7 0.153748

42 7 0.138232

43 7 0.122171

44 7 0.105628

45 7 0.088668

46 7 0.071358

47 7 0.0537664

48 7 0.0359626

49 7 0.0180168

50 7 0

0 8 0

1 8 0.0203854

2 8 0.0406904

3 8 0.0608347

4 8 0.080739

5 8 0.100325

6 8 0.119514

7 8 0.138232

8 8 0.156405

9 8 0.17396

10 8 0.190829

11 8 0.206944

12 8 0.222243

13 8 0.236665

14 8 0.250153

15 8 0.262653

16 8 0.274117

17 8 0.284499

18 8 0.293759

19 8 0.301859

20 8 0.308768

21 8 0.314458

22 8 0.318907

23 8 0.322097

24 8 0.324017

25 8 0.324657

26 8 0.324017

27 8 0.322097

28 8 0.318907

29 8 0.314458

30 8 0.308768

31 8 0.301859

32 8 0.293759

33 8 0.284499

34 8 0.274117

35 8 0.262653

36 8 0.250153

37 8 0.236665

38 8 0.222243

39 8 0.206944

40 8 0.190829

41 8 0.17396

42 8 0.156405

43 8 0.138232

44 8 0.119514

45 8 0.100325

46 8 0.080739

47 8 0.0608347

48 8 0.0406904

49 8 0.0203854

50 8 0

0 9 0

1 9 0.0226735

2 9 0.0452575

3 9 0.067663

4 9 0.0898013

5 9 0.111585

6 9 0.132929

7 9 0.153748

8 9 0.17396

9 9 0.193486

10 9 0.212248

11 9 0.230172

12 9 0.247188

13 9 0.263229

14 9 0.278231

15 9 0.292134

16 9 0.304885

17 9 0.316432

18 9 0.326731

19 9 0.33574

20 9 0.343424

21 9 0.349753

22 9 0.354702

23 9 0.35825

24 9 0.360385

25 9 0.361098

26 9 0.360385

27 9 0.35825

28 9 0.354702

29 9 0.349753

30 9 0.343424

31 9 0.33574

32 9 0.326731

33 9 0.316432

34 9 0.304885

35 9 0.292134

36 9 0.278231

37 9 0.263229

38 9 0.247188

39 9 0.230172

40 9 0.212248

41 9 0.193486

42 9 0.17396

43 9 0.153748

44 9 0.132929

45 9 0.111585

46 9 0.0898013

47 9 0.067663

48 9 0.0452575

49 9 0.0226735

50 9 0

0 10 0

1 10 0.0248721

2 10 0.0496461

3 10 0.0742241

4 10 0.0985093

5 10 0.122406

6 10 0.145819

7 10 0.168657

8 10 0.190829

9 10 0.212248

10 10 0.232829

11 10 0.252492

12 10 0.271158

13 10 0.288754

14 10 0.30521

15 10 0.320462

16 10 0.334449

17 10 0.347116

18 10 0.358414

19 10 0.368296

20 10 0.376726

21 10 0.383668

22 10 0.389097

23 10 0.392989

24 10 0.395331

25 10 0.396113

26 10 0.395331

27 10 0.392989

28 10 0.389097

29 10 0.383668

30 10 0.376726

31 10 0.368296

32 10 0.358414

33 10 0.347116

34 10 0.334449

35 10 0.320462

36 10 0.30521

37 10 0.288754

38 10 0.271158

39 10 0.252492

40 10 0.232829

41 10 0.212248

42 10 0.190829

43 10 0.168657

44 10 0.145819

45 10 0.122406

46 10 0.0985093

47 10 0.0742241

48 10 0.0496461

49 10 0.0248721

50 10 0

0 11 0

1 11 0.0269726

2 11 0.0538387

3 11 0.0804924

4 11 0.106828

5 11 0.132743

6 11 0.158133

7 11 0.1829

8 11 0.206944

9 11 0.230172

10 11 0.252492

11 11 0.273815

12 11 0.294057

13 11 0.313139

14 11 0.330985

15 11 0.347525

16 11 0.362694

17 11 0.37643

18 11 0.388682

19 11 0.399399

20 11 0.40854

21 11 0.416069

22 11 0.421956

23 11 0.426178

24 11 0.428717

25 11 0.429565

26 11 0.428717

27 11 0.426178

28 11 0.421956

29 11 0.416069

30 11 0.40854

31 11 0.399399

32 11 0.388682

33 11 0.37643

34 11 0.362694

35 11 0.347525

36 11 0.330985

37 11 0.313139

38 11 0.294057

39 11 0.273815

40 11 0.252492

41 11 0.230172

42 11 0.206944

43 11 0.1829

44 11 0.158133

45 11 0.132743

46 11 0.106828

47 11 0.0804924

48 11 0.0538387

49 11 0.0269726

50 11 0

0 12 0

1 12 0.0289666

2 12 0.0578189

3 12 0.086443

4 12 0.114726

5 12 0.142556

6 12 0.169824

7 12 0.196421

8 12 0.222243

9 12 0.247188

10 12 0.271158

11 12 0.294057

12 12 0.315796

13 12 0.336289

14 12 0.355454

15 12 0.373217

16 12 0.389507

17 12 0.404259

18 12 0.417416

19 12 0.428926

20 12 0.438743

21 12 0.446828

22 12 0.45315

23 12 0.457684

24 12 0.460411

25 12 0.461321

26 12 0.460411

27 12 0.457684

28 12 0.45315

29 12 0.446828

30 12 0.438743

31 12 0.428926

32 12 0.417416

33 12 0.404259

34 12 0.389507

35 12 0.373217

36 12 0.355454

37 12 0.336289

38 12 0.315796

39 12 0.294057

40 12 0.271158

41 12 0.247188

42 12 0.222243

43 12 0.196421

44 12 0.169824

45 12 0.142556

46 12 0.114726

47 12 0.086443

48 12 0.0578189

49 12 0.0289666

50 12 0

0 13 0

1 13 0.0308463

2 13 0.0615709

3 13 0.0920525

4 13 0.122171

5 13 0.151807

6 13 0.180844

7 13 0.209167

8 13 0.236665

9 13 0.263229

10 13 0.288754

11 13 0.313139

12 13 0.336289

13 13 0.358111

14 13 0.37852

15 13 0.397436

16 13 0.414782

17 13 0.430492

18 13 0.444503

19 13 0.45676

20 13 0.467214

21 13 0.475824

22 13 0.482556

23 13 0.487384

24 13 0.490288

25 13 0.491257

26 13 0.490288

27 13 0.487384

28 13 0.482556

29 13 0.475824

30 13 0.467214

31 13 0.45676

32 13 0.444503

33 13 0.430492

34 13 0.414782

35 13 0.397436

36 13 0.37852

37 13 0.358111

38 13 0.336289

39 13 0.313139

40 13 0.288754

41 13 0.263229

42 13 0.236665

43 13 0.209167

44 13 0.180844

45 13 0.151807

46 13 0.122171

47 13 0.0920525

48 13 0.0615709

49 13 0.0308463

50 13 0

0 14 0

1 14 0.0326043

2 14 0.0650799

3 14 0.0972986

4 14 0.129133

5 14 0.160458

6 14 0.19115

7 14 0.221088

8 14 0.250153

9 14 0.278231

10 14 0.30521

11 14 0.330985

12 14 0.355454

13 14 0.37852

14 14 0.400093

15 14 0.420086

16 14 0.438421

17 14 0.455026

18 14 0.469836

19 14 0.482791

20 14 0.49384

21 14 0.502941

22 14 0.510057

23 14 0.51516

24 14 0.51823

25 14 0.519255

26 14 0.51823

27 14 0.51516

28 14 0.510057

29 14 0.502941

30 14 0.49384

31 14 0.482791

32 14 0.469836

33 14 0.455026

34 14 0.438421

35 14 0.420086

36 14 0.400093

37 14 0.37852

38 14 0.355454

39 14 0.330985

40 14 0.30521

41 14 0.278231

42 14 0.250153

43 14 0.221088

44 14 0.19115

45 14 0.160458

46 14 0.129133

47 14 0.0972986

48 14 0.0650799

49 14 0.0326043

50 14 0

0 15 0

1 15 0.0342336

2 15 0.068332

3 15 0.102161

4 15 0.135586

5 15 0.168477

6 15 0.200702

7 15 0.232136

8 15 0.262653

9 15 0.292134

10 15 0.320462

11 15 0.347525

12 15 0.373217

13 15 0.397436

14 15 0.420086

15 15 0.441078

16 15 0.46033

17 15 0.477765

18 15 0.493314

19 15 0.506917

20 15 0.518518

21 15 0.528074

22 15 0.535546

23 15 0.540903

24 15 0.544127

25 15 0.545203

26 15 0.544127

27 15 0.540903

28 15 0.535546

29 15 0.528074

30 15 0.518518

31 15 0.506917

32 15 0.493314

33 15 0.477765

34 15 0.46033

35 15 0.441078

36 15 0.420086

37 15 0.397436

38 15 0.373217

39 15 0.347525

40 15 0.320462

41 15 0.292134

42 15 0.262653

43 15 0.232136

44 15 0.200702

45 15 0.168477

46 15 0.135586

47 15 0.102161

48 15 0.068332

49 15 0.0342336

50 15 0

0 16 0

1 16 0.0357277

2 16 0.0713145

3 16 0.10662

4 16 0.141504

5 16 0.17583

6 16 0.209462

7 16 0.242268

8 16 0.274117

9 16 0.304885

10 16 0.334449

11 16 0.362694

12 16 0.389507

13 16 0.414782

14 16 0.438421

15 16 0.46033

16 16 0.480422

17 16 0.498618

18 16 0.514846

19 16 0.529042

20 16 0.54115

21 16 0.551123

22 16 0.55892

23 16 0.564512

24 16 0.567876

25 16 0.568999

26 16 0.567876

27 16 0.564512

28 16 0.55892

29 16 0.551123

30 16 0.54115

31 16 0.529042

32 16 0.514846

33 16 0.498618

34 16 0.480422

35 16 0.46033

36 16 0.438421

37 16 0.414782

38 16 0.389507

39 16 0.362694

40 16 0.334449

41 16 0.304885

42 16 0.274117

43 16 0.242268

44 16 0.209462

45 16 0.17583

46 16 0.141504

47 16 0.10662

48 16 0.0713145

49 16 0.0357277

50 16 0

0 17 0

1 17 0.0370809

2 17 0.0740155

3 17 0.110658

4 17 0.146864

5 17 0.18249

6 17 0.217396

7 17 0.251444

8 17 0.284499

9 17 0.316432

10 17 0.347116

11 17 0.37643

12 17 0.404259

13 17 0.430492

14 17 0.455026

15 17 0.477765

16 17 0.498618

17 17 0.517503

18 17 0.534345

19 17 0.549079

20 17 0.561646

21 17 0.571996

22 17 0.580089

23 17 0.585893

24 17 0.589384

25 17 0.59055

26 17 0.589384

27 17 0.585893

28 17 0.580089

29 17 0.571996

30 17 0.561646

31 17 0.549079

32 17 0.534345

33 17 0.517503

34 17 0.498618

35 17 0.477765

36 17 0.455026

37 17 0.430492

38 17 0.404259

39 17 0.37643

40 17 0.347116

41 17 0.316432

42 17 0.284499

43 17 0.251444

44 17 0.217396

45 17 0.18249

46 17 0.146864

47 17 0.110658

48 17 0.0740155

49 17 0.0370809

50 17 0

0 18 0

1 18 0.0382878

2 18 0.0764244

3 18 0.114259

4 18 0.151644

5 18 0.188429

6 18 0.224471

7 18 0.259627

8 18 0.293759

9 18 0.326731

10 18 0.358414

11 18 0.388682

12 18 0.417416

13 18 0.444503

14 18 0.469836

15 18 0.493314

16 18 0.514846

17 18 0.534345

18 18 0.551736

19 18 0.56695

20 18 0.579925

21 18 0.590613

22 18 0.598969

23 18 0.604961

24 18 0.608566

25 18 0.60977

26 18 0.608566

27 18 0.604961

28 18 0.598969

29 18 0.590613

30 18 0.579925

31 18 0.56695

32 18 0.551736

33 18 0.534345

34 18 0.514846

35 18 0.493314

36 18 0.469836

37 18 0.444503

38 18 0.417416

39 18 0.388682

40 18 0.358414

41 18 0.326731

42 18 0.293759

43 18 0.259627

44 18 0.224471

45 18 0.188429

46 18 0.151644

47 18 0.114259

48 18 0.0764244

49 18 0.0382878

50 18 0

0 19 0

1 19 0.0393435

2 19 0.0785317

3 19 0.11741

4 19 0.155825

5 19 0.193625

6 19 0.230661

7 19 0.266786

8 19 0.301859

9 19 0.33574

10 19 0.368296

11 19 0.399399

12 19 0.428926

13 19 0.45676

14 19 0.482791

15 19 0.506917

16 19 0.529042

17 19 0.549079

18 19 0.56695

19 19 0.582582

20 19 0.595916

21 19 0.606898

22 19 0.615485

23 19 0.621642

24 19 0.625347

25 19 0.626583

26 19 0.625347

27 19 0.621642

28 19 0.615485

29 19 0.606898

30 19 0.595916

31 19 0.582582

32 19 0.56695

33 19 0.549079

34 19 0.529042

35 19 0.506917

36 19 0.482791

37 19 0.45676

38 19 0.428926

39 19 0.399399

40 19 0.368296

41 19 0.33574

42 19 0.301859

43 19 0.266786

44 19 0.230661

45 19 0.193625

46 19 0.155825

47 19 0.11741

48 19 0.0785317

49 19 0.0393435

50 19 0

0 20 0

1 20 0.040244

2 20 0.0803291

3 20 0.120097

4 20 0.159391

5 20 0.198056

6 20 0.23594

7 20 0.272892

8 20 0.308768

9 20 0.343424

10 20 0.376726

11 20 0.40854

12 20 0.438743

13 20 0.467214

14 20 0.49384

15 20 0.518518

16 20 0.54115

17 20 0.561646

18 20 0.579925

19 20 0.595916

20 20 0.609555

21 20 0.620788

22 20 0.629572

23 20 0.63587

24 20 0.639659

25 20 0.640924

26 20 0.639659

27 20 0.63587

28 20 0.629572

29 20 0.620788

30 20 0.609555

31 20 0.595916

32 20 0.579925

33 20 0.561646

34 20 0.54115

35 20 0.518518

36 20 0.49384

37 20 0.467214

38 20 0.438743

39 20 0.40854

40 20 0.376726

41 20 0.343424

42 20 0.308768

43 20 0.272892

44 20 0.23594

45 20 0.198056

46 20 0.159391

47 20 0.120097

48 20 0.0803291

49 20 0.040244

50 20 0

0 21 0

1 21 0.0409856

2 21 0.0818094

3 21 0.12231

4 21 0.162329

5 21 0.201706

6 21 0.240288

7 21 0.277921

8 21 0.314458

9 21 0.349753

10 21 0.383668

11 21 0.416069

12 21 0.446828

13 21 0.475824

14 21 0.502941

15 21 0.528074

16 21 0.551123

17 21 0.571996

18 21 0.590613

19 21 0.606898

20 21 0.620788

21 21 0.632229

22 21 0.641174

23 21 0.647588

24 21 0.651447

25 21 0.652735

26 21 0.651447

27 21 0.647588

28 21 0.641174

29 21 0.632229

30 21 0.620788

31 21 0.606898

32 21 0.590613

33 21 0.571996

34 21 0.551123

35 21 0.528074

36 21 0.502941

37 21 0.475824

38 21 0.446828

39 21 0.416069

40 21 0.383668

41 21 0.349753

42 21 0.314458

43 21 0.277921

44 21 0.240288

45 21 0.201706

46 21 0.162329

47 21 0.12231

48 21 0.0818094

49 21 0.0409856

50 21 0

0 22 0

1 22 0.0415655

2 22 0.0829669

3 22 0.124041

4 22 0.164625

5 22 0.20456

6 22 0.243688

7 22 0.281853

8 22 0.318907

9 22 0.354702

10 22 0.389097

11 22 0.421956

12 22 0.45315

13 22 0.482556

14 22 0.510057

15 22 0.535546

16 22 0.55892

17 22 0.580089

18 22 0.598969

19 22 0.615485

20 22 0.629572

21 22 0.641174

22 22 0.650245

23 22 0.656751

24 22 0.660664

25 22 0.661971

26 22 0.660664

27 22 0.656751

28 22 0.650245

29 22 0.641174

30 22 0.629572

31 22 0.615485

32 22 0.598969

33 22 0.580089

34 22 0.55892

35 22 0.535546

36 22 0.510057

37 22 0.482556

38 22 0.45315

39 22 0.421956

40 22 0.389097

41 22 0.354702

42 22 0.318907

43 22 0.281853

44 22 0.243688

45 22 0.20456

46 22 0.164625

47 22 0.124041

48 22 0.0829669

49 22 0.0415655

50 22 0

0 23 0

1 23 0.0419813

2 23 0.083797

3 23 0.125282

4 23 0.166272

5 23 0.206607

6 23 0.246126

7 23 0.284673

8 23 0.322097

9 23 0.35825

10 23 0.392989

11 23 0.426178

12 23 0.457684

13 23 0.487384

14 23 0.51516

15 23 0.540903

16 23 0.564512

17 23 0.585893

18 23 0.604961

19 23 0.621642

20 23 0.63587

21 23 0.647588

22 23 0.656751

23 23 0.663321

24 23 0.667274

25 23 0.668593

26 23 0.667274

27 23 0.663321

28 23 0.656751

29 23 0.647588

30 23 0.63587

31 23 0.621642

32 23 0.604961

33 23 0.585893

34 23 0.564512

35 23 0.540903

36 23 0.51516

37 23 0.487384

38 23 0.457684

39 23 0.426178

40 23 0.392989

41 23 0.35825

42 23 0.322097

43 23 0.284673

44 23 0.246126

45 23 0.206607

46 23 0.166272

47 23 0.125282

48 23 0.083797

49 23 0.0419813

50 23 0

0 24 0

1 24 0.0422315

2 24 0.0842963

3 24 0.126028

4 24 0.167263

5 24 0.207838

6 24 0.247592

7 24 0.28637

8 24 0.324017

9 24 0.360385

10 24 0.395331

11 24 0.428717

12 24 0.460411

13 24 0.490288

14 24 0.51823

15 24 0.544127

16 24 0.567876

17 24 0.589384

18 24 0.608566

19 24 0.625347

20 24 0.639659

21 24 0.651447

22 24 0.660664

23 24 0.667274

24 24 0.67125

25 24 0.672578

26 24 0.67125

27 24 0.667274

28 24 0.660664

29 24 0.651447

30 24 0.639659

31 24 0.625347

32 24 0.608566

33 24 0.589384

34 24 0.567876

35 24 0.544127

36 24 0.51823

37 24 0.490288

38 24 0.460411

39 24 0.428717

40 24 0.395331

41 24 0.360385

42 24 0.324017

43 24 0.28637

44 24 0.247592

45 24 0.207838

46 24 0.167263

47 24 0.126028

48 24 0.0842963

49 24 0.0422315

50 24 0

0 25 0

1 25 0.042315

2 25 0.084463

3 25 0.126278

4 25 0.167594

5 25 0.208249

6 25 0.248082

7 25 0.286936

8 25 0.324657

9 25 0.361098

10 25 0.396113

11 25 0.429565

12 25 0.461321

13 25 0.491257

14 25 0.519255

15 25 0.545203

16 25 0.568999

17 25 0.59055

18 25 0.60977

19 25 0.626583

20 25 0.640924

21 25 0.652735

22 25 0.661971

23 25 0.668593

24 25 0.672578

25 25 0.673907

26 25 0.672578

27 25 0.668593

28 25 0.661971

29 25 0.652735

30 25 0.640924

31 25 0.626583

32 25 0.60977

33 25 0.59055

34 25 0.568999

35 25 0.545203

36 25 0.519255

37 25 0.491257

38 25 0.461321

39 25 0.429565

40 25 0.396113

41 25 0.361098

42 25 0.324657

43 25 0.286936

44 25 0.248082

45 25 0.208249

46 25 0.167594

47 25 0.126278

48 25 0.084463

49 25 0.042315

50 25 0

0 26 0

1 26 0.0422315

2 26 0.0842963

3 26 0.126028

4 26 0.167263

5 26 0.207838

6 26 0.247592

7 26 0.28637

8 26 0.324017

9 26 0.360385

10 26 0.395331

11 26 0.428717

12 26 0.460411

13 26 0.490288

14 26 0.51823

15 26 0.544127

16 26 0.567876

17 26 0.589384

18 26 0.608566

19 26 0.625347

20 26 0.639659

21 26 0.651447

22 26 0.660664

23 26 0.667274

24 26 0.67125

25 26 0.672578

26 26 0.67125

27 26 0.667274

28 26 0.660664

29 26 0.651447

30 26 0.639659

31 26 0.625347

32 26 0.608566

33 26 0.589384

34 26 0.567876

35 26 0.544127

36 26 0.51823

37 26 0.490288

38 26 0.460411

39 26 0.428717

40 26 0.395331

41 26 0.360385

42 26 0.324017

43 26 0.28637

44 26 0.247592

45 26 0.207838

46 26 0.167263

47 26 0.126028

48 26 0.0842963

49 26 0.0422315

50 26 0

0 27 0

1 27 0.0419813

2 27 0.083797

3 27 0.125282

4 27 0.166272

5 27 0.206607

6 27 0.246126

7 27 0.284673

8 27 0.322097

9 27 0.35825

10 27 0.392989

11 27 0.426178

12 27 0.457684

13 27 0.487384

14 27 0.51516

15 27 0.540903

16 27 0.564512

17 27 0.585893

18 27 0.604961

19 27 0.621642

20 27 0.63587

21 27 0.647588

22 27 0.656751

23 27 0.663321

24 27 0.667274

25 27 0.668593

26 27 0.667274

27 27 0.663321

28 27 0.656751

29 27 0.647588

30 27 0.63587

31 27 0.621642

32 27 0.604961

33 27 0.585893

34 27 0.564512

35 27 0.540903

36 27 0.51516

37 27 0.487384

38 27 0.457684

39 27 0.426178

40 27 0.392989

41 27 0.35825

42 27 0.322097

43 27 0.284673

44 27 0.246126

45 27 0.206607

46 27 0.166272

47 27 0.125282

48 27 0.083797

49 27 0.0419813

50 27 0

0 28 0

1 28 0.0415655

2 28 0.0829669

3 28 0.124041

4 28 0.164625

5 28 0.20456

6 28 0.243688

7 28 0.281853

8 28 0.318907

9 28 0.354702

10 28 0.389097

11 28 0.421956

12 28 0.45315

13 28 0.482556

14 28 0.510057

15 28 0.535546

16 28 0.55892

17 28 0.580089

18 28 0.598969

19 28 0.615485

20 28 0.629572

21 28 0.641174

22 28 0.650245

23 28 0.656751

24 28 0.660664

25 28 0.661971

26 28 0.660664

27 28 0.656751

28 28 0.650245

29 28 0.641174

30 28 0.629572

31 28 0.615485

32 28 0.598969

33 28 0.580089

34 28 0.55892

35 28 0.535546

36 28 0.510057

37 28 0.482556

38 28 0.45315

39 28 0.421956

40 28 0.389097

41 28 0.354702

42 28 0.318907

43 28 0.281853

44 28 0.243688

45 28 0.20456

46 28 0.164625

47 28 0.124041

48 28 0.0829669

49 28 0.0415655

50 28 0

0 29 0

1 29 0.0409856

2 29 0.0818094

3 29 0.12231

4 29 0.162329

5 29 0.201706

6 29 0.240288

7 29 0.277921

8 29 0.314458

9 29 0.349753

10 29 0.383668

11 29 0.416069

12 29 0.446828

13 29 0.475824

14 29 0.502941

15 29 0.528074

16 29 0.551123

17 29 0.571996

18 29 0.590613

19 29 0.606898

20 29 0.620788

21 29 0.632229

22 29 0.641174

23 29 0.647588

24 29 0.651447

25 29 0.652735

26 29 0.651447

27 29 0.647588

28 29 0.641174

29 29 0.632229

30 29 0.620788

31 29 0.606898

32 29 0.590613

33 29 0.571996

34 29 0.551123

35 29 0.528074

36 29 0.502941

37 29 0.475824

38 29 0.446828

39 29 0.416069

40 29 0.383668

41 29 0.349753

42 29 0.314458

43 29 0.277921

44 29 0.240288

45 29 0.201706

46 29 0.162329

47 29 0.12231

48 29 0.0818094

49 29 0.0409856

50 29 0

0 30 0

1 30 0.040244

2 30 0.0803291

3 30 0.120097

4 30 0.159391

5 30 0.198056

6 30 0.23594

7 30 0.272892

8 30 0.308768

9 30 0.343424

10 30 0.376726

11 30 0.40854

12 30 0.438743

13 30 0.467214

14 30 0.49384

15 30 0.518518

16 30 0.54115

17 30 0.561646

18 30 0.579925

19 30 0.595916

20 30 0.609555

21 30 0.620788

22 30 0.629572

23 30 0.63587

24 30 0.639659

25 30 0.640924

26 30 0.639659

27 30 0.63587

28 30 0.629572

29 30 0.620788

30 30 0.609555

31 30 0.595916

32 30 0.579925

33 30 0.561646

34 30 0.54115

35 30 0.518518

36 30 0.49384

37 30 0.467214

38 30 0.438743

39 30 0.40854

40 30 0.376726

41 30 0.343424

42 30 0.308768

43 30 0.272892

44 30 0.23594

45 30 0.198056

46 30 0.159391

47 30 0.120097

48 30 0.0803291

49 30 0.040244

50 30 0

0 31 0

1 31 0.0393435

2 31 0.0785317

3 31 0.11741

4 31 0.155825

5 31 0.193625

6 31 0.230661

7 31 0.266786

8 31 0.301859

9 31 0.33574

10 31 0.368296

11 31 0.399399

12 31 0.428926

13 31 0.45676

14 31 0.482791

15 31 0.506917

16 31 0.529042

17 31 0.549079

18 31 0.56695

19 31 0.582582

20 31 0.595916

21 31 0.606898

22 31 0.615485

23 31 0.621642

24 31 0.625347

25 31 0.626583

26 31 0.625347

27 31 0.621642

28 31 0.615485

29 31 0.606898

30 31 0.595916

31 31 0.582582

32 31 0.56695

33 31 0.549079

34 31 0.529042

35 31 0.506917

36 31 0.482791

37 31 0.45676

38 31 0.428926

39 31 0.399399

40 31 0.368296

41 31 0.33574

42 31 0.301859

43 31 0.266786

44 31 0.230661

45 31 0.193625

46 31 0.155825

47 31 0.11741

48 31 0.0785317

49 31 0.0393435

50 31 0

0 32 0

1 32 0.0382878

2 32 0.0764244

3 32 0.114259

4 32 0.151644

5 32 0.188429

6 32 0.224471

7 32 0.259627

8 32 0.293759

9 32 0.326731

10 32 0.358414

11 32 0.388682

12 32 0.417416

13 32 0.444503

14 32 0.469836

15 32 0.493314

16 32 0.514846

17 32 0.534345

18 32 0.551736

19 32 0.56695

20 32 0.579925

21 32 0.590613

22 32 0.598969

23 32 0.604961

24 32 0.608566

25 32 0.60977

26 32 0.608566

27 32 0.604961

28 32 0.598969

29 32 0.590613

30 32 0.579925

31 32 0.56695

32 32 0.551736

33 32 0.534345

34 32 0.514846

35 32 0.493314

36 32 0.469836

37 32 0.444503

38 32 0.417416

39 32 0.388682

40 32 0.358414

41 32 0.326731

42 32 0.293759

43 32 0.259627

44 32 0.224471

45 32 0.188429

46 32 0.151644

47 32 0.114259

48 32 0.0764244

49 32 0.0382878

50 32 0

0 33 0

1 33 0.0370809

2 33 0.0740155

3 33 0.110658

4 33 0.146864

5 33 0.18249

6 33 0.217396

7 33 0.251444

8 33 0.284499

9 33 0.316432

10 33 0.347116

11 33 0.37643

12 33 0.404259

13 33 0.430492

14 33 0.455026

15 33 0.477765

16 33 0.498618

17 33 0.517503

18 33 0.534345

19 33 0.549079

20 33 0.561646

21 33 0.571996

22 33 0.580089

23 33 0.585893

24 33 0.589384

25 33 0.59055

26 33 0.589384

27 33 0.585893

28 33 0.580089

29 33 0.571996

30 33 0.561646

31 33 0.549079

32 33 0.534345

33 33 0.517503

34 33 0.498618

35 33 0.477765

36 33 0.455026

37 33 0.430492

38 33 0.404259

39 33 0.37643

40 33 0.347116

41 33 0.316432

42 33 0.284499

43 33 0.251444

44 33 0.217396

45 33 0.18249

46 33 0.146864

47 33 0.110658

48 33 0.0740155

49 33 0.0370809

50 33 0

0 34 0

1 34 0.0357277

2 34 0.0713145

3 34 0.10662

4 34 0.141504

5 34 0.17583

6 34 0.209462

7 34 0.242268

8 34 0.274117

9 34 0.304885

10 34 0.334449

11 34 0.362694

12 34 0.389507

13 34 0.414782

14 34 0.438421

15 34 0.46033

16 34 0.480422

17 34 0.498618

18 34 0.514846

19 34 0.529042

20 34 0.54115

21 34 0.551123

22 34 0.55892

23 34 0.564512

24 34 0.567876

25 34 0.568999

26 34 0.567876

27 34 0.564512

28 34 0.55892

29 34 0.551123

30 34 0.54115

31 34 0.529042

32 34 0.514846

33 34 0.498618

34 34 0.480422

35 34 0.46033

36 34 0.438421

37 34 0.414782

38 34 0.389507

39 34 0.362694

40 34 0.334449

41 34 0.304885

42 34 0.274117

43 34 0.242268

44 34 0.209462

45 34 0.17583

46 34 0.141504

47 34 0.10662

48 34 0.0713145

49 34 0.0357277

50 34 0

0 35 0

1 35 0.0342336

2 35 0.068332

3 35 0.102161

4 35 0.135586

5 35 0.168477

6 35 0.200702

7 35 0.232136

8 35 0.262653

9 35 0.292134

10 35 0.320462

11 35 0.347525

12 35 0.373217

13 35 0.397436

14 35 0.420086

15 35 0.441078

16 35 0.46033

17 35 0.477765

18 35 0.493314

19 35 0.506917

20 35 0.518518

21 35 0.528074

22 35 0.535546

23 35 0.540903

24 35 0.544127

25 35 0.545203

26 35 0.544127

27 35 0.540903

28 35 0.535546

29 35 0.528074

30 35 0.518518

31 35 0.506917

32 35 0.493314

33 35 0.477765

34 35 0.46033

35 35 0.441078

36 35 0.420086

37 35 0.397436

38 35 0.373217

39 35 0.347525

40 35 0.320462

41 35 0.292134

42 35 0.262653

43 35 0.232136

44 35 0.200702

45 35 0.168477

46 35 0.135586

47 35 0.102161

48 35 0.068332

49 35 0.0342336

50 35 0

0 36 0

1 36 0.0326043

2 36 0.0650799

3 36 0.0972986

4 36 0.129133

5 36 0.160458

6 36 0.19115

7 36 0.221088

8 36 0.250153

9 36 0.278231

10 36 0.30521

11 36 0.330985

12 36 0.355454

13 36 0.37852

14 36 0.400093

15 36 0.420086

16 36 0.438421

17 36 0.455026

18 36 0.469836

19 36 0.482791

20 36 0.49384

21 36 0.502941

22 36 0.510057

23 36 0.51516

24 36 0.51823

25 36 0.519255

26 36 0.51823

27 36 0.51516

28 36 0.510057

29 36 0.502941

30 36 0.49384

31 36 0.482791

32 36 0.469836

33 36 0.455026

34 36 0.438421

35 36 0.420086

36 36 0.400093

37 36 0.37852

38 36 0.355454

39 36 0.330985

40 36 0.30521

41 36 0.278231

42 36 0.250153

43 36 0.221088

44 36 0.19115

45 36 0.160458

46 36 0.129133

47 36 0.0972986

48 36 0.0650799

49 36 0.0326043

50 36 0

0 37 0

1 37 0.0308463

2 37 0.0615709

3 37 0.0920525

4 37 0.122171

5 37 0.151807

6 37 0.180844

7 37 0.209167

8 37 0.236665

9 37 0.263229

10 37 0.288754

11 37 0.313139

12 37 0.336289

13 37 0.358111

14 37 0.37852

15 37 0.397436

16 37 0.414782

17 37 0.430492

18 37 0.444503

19 37 0.45676

20 37 0.467214

21 37 0.475824

22 37 0.482556

23 37 0.487384

24 37 0.490288

25 37 0.491257

26 37 0.490288

27 37 0.487384

28 37 0.482556

29 37 0.475824

30 37 0.467214

31 37 0.45676

32 37 0.444503

33 37 0.430492

34 37 0.414782

35 37 0.397436

36 37 0.37852

37 37 0.358111

38 37 0.336289

39 37 0.313139

40 37 0.288754

41 37 0.263229

42 37 0.236665

43 37 0.209167

44 37 0.180844

45 37 0.151807

46 37 0.122171

47 37 0.0920525

48 37 0.0615709

49 37 0.0308463

50 37 0

0 38 0

1 38 0.0289666

2 38 0.0578189

3 38 0.086443

4 38 0.114726

5 38 0.142556

6 38 0.169824

7 38 0.196421

8 38 0.222243

9 38 0.247188

10 38 0.271158

11 38 0.294057

12 38 0.315796

13 38 0.336289

14 38 0.355454

15 38 0.373217

16 38 0.389507

17 38 0.404259

18 38 0.417416

19 38 0.428926

20 38 0.438743

21 38 0.446828

22 38 0.45315

23 38 0.457684

24 38 0.460411

25 38 0.461321

26 38 0.460411

27 38 0.457684

28 38 0.45315

29 38 0.446828

30 38 0.438743

31 38 0.428926

32 38 0.417416

33 38 0.404259

34 38 0.389507

35 38 0.373217

36 38 0.355454

37 38 0.336289

38 38 0.315796

39 38 0.294057

40 38 0.271158

41 38 0.247188

42 38 0.222243

43 38 0.196421

44 38 0.169824

45 38 0.142556

46 38 0.114726

47 38 0.086443

48 38 0.0578189

49 38 0.0289666

50 38 0

0 39 0

1 39 0.0269726

2 39 0.0538387

3 39 0.0804924

4 39 0.106828

5 39 0.132743

6 39 0.158133

7 39 0.1829

8 39 0.206944

9 39 0.230172

10 39 0.252492

11 39 0.273815

12 39 0.294057

13 39 0.313139

14 39 0.330985

15 39 0.347525

16 39 0.362694

17 39 0.37643

18 39 0.388682

19 39 0.399399

20 39 0.40854

21 39 0.416069

22 39 0.421956

23 39 0.426178

24 39 0.428717

25 39 0.429565

26 39 0.428717

27 39 0.426178

28 39 0.421956

29 39 0.416069

30 39 0.40854

31 39 0.399399

32 39 0.388682

33 39 0.37643

34 39 0.362694

35 39 0.347525

36 39 0.330985

37 39 0.313139

38 39 0.294057

39 39 0.273815

40 39 0.252492

41 39 0.230172

42 39 0.206944

43 39 0.1829

44 39 0.158133

45 39 0.132743

46 39 0.106828

47 39 0.0804924

48 39 0.0538387

49 39 0.0269726

50 39 0

0 40 0

1 40 0.0248721

2 40 0.0496461

3 40 0.0742241

4 40 0.0985093

5 40 0.122406

6 40 0.145819

7 40 0.168657

8 40 0.190829

9 40 0.212248

10 40 0.232829

11 40 0.252492

12 40 0.271158

13 40 0.288754

14 40 0.30521

15 40 0.320462

16 40 0.334449

17 40 0.347116

18 40 0.358414

19 40 0.368296

20 40 0.376726

21 40 0.383668

22 40 0.389097

23 40 0.392989

24 40 0.395331

25 40 0.396113

26 40 0.395331

27 40 0.392989

28 40 0.389097

29 40 0.383668

30 40 0.376726

31 40 0.368296

32 40 0.358414

33 40 0.347116

34 40 0.334449

35 40 0.320462

36 40 0.30521

37 40 0.288754

38 40 0.271158

39 40 0.252492

40 40 0.232829

41 40 0.212248

42 40 0.190829

43 40 0.168657

44 40 0.145819

45 40 0.122406

46 40 0.0985093

47 40 0.0742241

48 40 0.0496461

49 40 0.0248721

50 40 0

0 41 0

1 41 0.0226735

2 41 0.0452575

3 41 0.067663

4 41 0.0898013

5 41 0.111585

6 41 0.132929

7 41 0.153748

8 41 0.17396

9 41 0.193486

10 41 0.212248

11 41 0.230172

12 41 0.247188

13 41 0.263229

14 41 0.278231

15 41 0.292134

16 41 0.304885

17 41 0.316432

18 41 0.326731

19 41 0.33574

20 41 0.343424

21 41 0.349753

22 41 0.354702

23 41 0.35825

24 41 0.360385

25 41 0.361098

26 41 0.360385

27 41 0.35825

28 41 0.354702

29 41 0.349753

30 41 0.343424

31 41 0.33574

32 41 0.326731

33 41 0.316432

34 41 0.304885

35 41 0.292134

36 41 0.278231

37 41 0.263229

38 41 0.247188

39 41 0.230172

40 41 0.212248

41 41 0.193486

42 41 0.17396

43 41 0.153748

44 41 0.132929

45 41 0.111585

46 41 0.0898013

47 41 0.067663

48 41 0.0452575

49 41 0.0226735

50 41 0

0 42 0

1 42 0.0203854

2 42 0.0406904

3 42 0.0608347

4 42 0.080739

5 42 0.100325

6 42 0.119514

7 42 0.138232

8 42 0.156405

9 42 0.17396

10 42 0.190829

11 42 0.206944

12 42 0.222243

13 42 0.236665

14 42 0.250153

15 42 0.262653

16 42 0.274117

17 42 0.284499

18 42 0.293759

19 42 0.301859

20 42 0.308768

21 42 0.314458

22 42 0.318907

23 42 0.322097

24 42 0.324017

25 42 0.324657

26 42 0.324017

27 42 0.322097

28 42 0.318907

29 42 0.314458

30 42 0.308768

31 42 0.301859

32 42 0.293759

33 42 0.284499

34 42 0.274117

35 42 0.262653

36 42 0.250153

37 42 0.236665

38 42 0.222243

39 42 0.206944

40 42 0.190829

41 42 0.17396

42 42 0.156405

43 42 0.138232

44 42 0.119514

45 42 0.100325

46 42 0.080739

47 42 0.0608347

48 42 0.0406904

49 42 0.0203854

50 42 0

0 43 0

1 43 0.0180168

2 43 0.0359626

3 43 0.0537664

4 43 0.071358

5 43 0.088668

6 43 0.105628

7 43 0.122171

8 43 0.138232

9 43 0.153748

10 43 0.168657

11 43 0.1829

12 43 0.196421

13 43 0.209167

14 43 0.221088

15 43 0.232136

16 43 0.242268

17 43 0.251444

18 43 0.259627

19 43 0.266786

20 43 0.272892

21 43 0.277921

22 43 0.281853

23 43 0.284673

24 43 0.28637

25 43 0.286936

26 43 0.28637

27 43 0.284673

28 43 0.281853

29 43 0.277921

30 43 0.272892

31 43 0.266786

32 43 0.259627

33 43 0.251444

34 43 0.242268

35 43 0.232136

36 43 0.221088

37 43 0.209167

38 43 0.196421

39 43 0.1829

40 43 0.168657

41 43 0.153748

42 43 0.138232

43 43 0.122171

44 43 0.105628

45 43 0.088668

46 43 0.071358

47 43 0.0537664

48 43 0.0359626

49 43 0.0180168

50 43 0

0 44 0

1 44 0.0155772

2 44 0.0310929

3 44 0.0464859

4 44 0.0616955

5 44 0.0766615

6 44 0.091325

7 44 0.105628

8 44 0.119514

9 44 0.132929

10 44 0.145819

11 44 0.158133

12 44 0.169824

13 44 0.180844

14 44 0.19115

15 44 0.200702

16 44 0.209462

17 44 0.217396

18 44 0.224471

19 44 0.230661

20 44 0.23594

21 44 0.240288

22 44 0.243688

23 44 0.246126

24 44 0.247592

25 44 0.248082

26 44 0.247592

27 44 0.246126

28 44 0.243688

29 44 0.240288

30 44 0.23594

31 44 0.230661

32 44 0.224471

33 44 0.217396

34 44 0.209462

35 44 0.200702

36 44 0.19115

37 44 0.180844

38 44 0.169824

39 44 0.158133

40 44 0.145819

41 44 0.132929

42 44 0.119514

43 44 0.105628

44 44 0.091325

45 44 0.0766615

46 44 0.0616955

47 44 0.0464859

48 44 0.0310929

49 44 0.0155772

50 44 0

0 45 0

1 45 0.0130761

2 45 0.0261005

3 45 0.0390219

4 45 0.0517894

5 45 0.0643524

6 45 0.0766615

7 45 0.088668

8 45 0.100325

9 45 0.111585

10 45 0.122406

11 45 0.132743

12 45 0.142556

13 45 0.151807

14 45 0.160458

15 45 0.168477

16 45 0.17583

17 45 0.18249

18 45 0.188429

19 45 0.193625

20 45 0.198056

21 45 0.201706

22 45 0.20456

23 45 0.206607

24 45 0.207838

25 45 0.208249

26 45 0.207838

27 45 0.206607

28 45 0.20456

29 45 0.201706

30 45 0.198056

31 45 0.193625

32 45 0.188429

33 45 0.18249

34 45 0.17583

35 45 0.168477

36 45 0.160458

37 45 0.151807

38 45 0.142556

39 45 0.132743

40 45 0.122406

41 45 0.111585

42 45 0.100325

43 45 0.088668

44 45 0.0766615

45 45 0.0643524

46 45 0.0517894

47 45 0.0390219

48 45 0.0261005

49 45 0.0130761

50 45 0

0 46 0

1 46 0.0105233

2 46 0.0210051

3 46 0.031404

4 46 0.0416789

5 46 0.0517894

6 46 0.0616955

7 46 0.071358

8 46 0.080739

9 46 0.0898013

10 46 0.0985093

11 46 0.106828

12 46 0.114726

13 46 0.122171

14 46 0.129133

15 46 0.135586

16 46 0.141504

17 46 0.146864

18 46 0.151644

19 46 0.155825

20 46 0.159391

21 46 0.162329

22 46 0.164625

23 46 0.166272

24 46 0.167263

25 46 0.167594

26 46 0.167263

27 46 0.166272

28 46 0.164625

29 46 0.162329

30 46 0.159391

31 46 0.155825

32 46 0.151644

33 46 0.146864

34 46 0.141504

35 46 0.135586

36 46 0.129133

37 46 0.122171

38 46 0.114726

39 46 0.106828

40 46 0.0985093

41 46 0.0898013

42 46 0.080739

43 46 0.071358

44 46 0.0616955

45 46 0.0517894

46 46 0.0416789

47 46 0.031404

48 46 0.0210051

49 46 0.0105233

50 46 0

0 47 0

1 47 0.00792904

2 47 0.0158268

3 47 0.0236621

4 47 0.031404

5 47 0.0390219

6 47 0.0464859

7 47 0.0537664

8 47 0.0608347

9 47 0.067663

10 47 0.0742241

11 47 0.0804924

12 47 0.086443

13 47 0.0920525

14 47 0.0972986

15 47 0.102161

16 47 0.10662

17 47 0.110658

18 47 0.114259

19 47 0.11741

20 47 0.120097

21 47 0.12231

22 47 0.124041

23 47 0.125282

24 47 0.126028

25 47 0.126278

26 47 0.126028

27 47 0.125282

28 47 0.124041

29 47 0.12231

30 47 0.120097

31 47 0.11741

32 47 0.114259

33 47 0.110658

34 47 0.10662

35 47 0.102161

36 47 0.0972986

37 47 0.0920525

38 47 0.086443

39 47 0.0804924

40 47 0.0742241

41 47 0.067663

42 47 0.0608347

43 47 0.0537664

44 47 0.0464859

45 47 0.0390219

46 47 0.031404

47 47 0.0236621

48 47 0.0158268

49 47 0.00792904

50 47 0

0 48 0

1 48 0.00530348

2 48 0.010586

3 48 0.0158268

4 48 0.0210051

5 48 0.0261005

6 48 0.0310929

7 48 0.0359626

8 48 0.0406904

9 48 0.0452575

10 48 0.0496461

11 48 0.0538387

12 48 0.0578189

13 48 0.0615709

14 48 0.0650799

15 48 0.068332

16 48 0.0713145

17 48 0.0740155

18 48 0.0764244

19 48 0.0785317

20 48 0.0803291

21 48 0.0818094

22 48 0.0829669

23 48 0.083797

24 48 0.0842963

25 48 0.084463

26 48 0.0842963

27 48 0.083797

28 48 0.0829669

29 48 0.0818094

30 48 0.0803291

31 48 0.0785317

32 48 0.0764244

33 48 0.0740155

34 48 0.0713145

35 48 0.068332

36 48 0.0650799

37 48 0.0615709

38 48 0.0578189

39 48 0.0538387

40 48 0.0496461

41 48 0.0452575

42 48 0.0406904

43 48 0.0359626

44 48 0.0310929

45 48 0.0261005

46 48 0.0210051

47 48 0.0158268

48 48 0.010586

49 48 0.00530348

50 48 0

0 49 0

1 49 0.00265698

2 49 0.00530348

3 49 0.00792904

4 49 0.0105233

5 49 0.0130761

6 49 0.0155772

7 49 0.0180168

8 49 0.0203854

9 49 0.0226735

10 49 0.0248721

11 49 0.0269726

12 49 0.0289666

13 49 0.0308463

14 49 0.0326043

15 49 0.0342336

16 49 0.0357277

17 49 0.0370809

18 49 0.0382878

19 49 0.0393435

20 49 0.040244

21 49 0.0409856

22 49 0.0415655

23 49 0.0419813

24 49 0.0422315

25 49 0.042315

26 49 0.0422315

27 49 0.0419813

28 49 0.0415655

29 49 0.0409856

30 49 0.040244

31 49 0.0393435

32 49 0.0382878

33 49 0.0370809

34 49 0.0357277

35 49 0.0342336

36 49 0.0326043

37 49 0.0308463

38 49 0.0289666

39 49 0.0269726

40 49 0.0248721

41 49 0.0226735

42 49 0.0203854

43 49 0.0180168

44 49 0.0155772

45 49 0.0130761

46 49 0.0105233

47 49 0.00792904

48 49 0.00530348

49 49 0.00265698

50 49 0

