0 1 0

1 1 0.00124538

2 1 0.00248584

3 1 0.00371649

4 1 0.00493248

5 1 0.00612899

6 1 0.00730132

7 1 0.00844484

8 1 0.00955503

9 1 0.0106275

10 1 0.011658

11 1 0.0126426

12 1 0.0135772

13 1 0.0144582

14 1 0.0152822

15 1 0.0160459

16 1 0.0167463

17 1 0.0173805

18 1 0.0179462

19 1 0.018441

20 1 0.0188631

21 1 0.0192107

22 1 0.0194825

23 1 0.0196774

24 1 0.0197947

25 1 0.0198338

26 1 0.0197947

27 1 0.0196774

28 1 0.0194825

29 1 0.0192107

30 1 0.0188631

31 1 0.018441

32 1 0.0179462

33 1 0.0173805

34 1 0.0167463

35 1 0.0160459

36 1 0.0152822

37 1 0.0144582

38 1 0.0135772

39 1 0.0126426

40 1 0.011658

41 1 0.0106275

42 1 0.00955503

43 1 0.00844484

44 1 0.00730132

45 1 0.00612899

46 1 0.00493248

47 1 0.00371649

48 1 0.00248584

49 1 0.00124538

50 1 0

0 2 0

1 2 0.00248584

2 2 0.00496187

3 2 0.00741831

4 2 0.00984548

5 2 0.0122338

6 2 0.0145738

7 2 0.0168563

8 2 0.0190723

9 2 0.0212131

10 2 0.0232701

11 2 0.0252352

12 2 0.0271008

13 2 0.0288594

14 2 0.0305042

15 2 0.0320285

16 2 0.0334264

17 2 0.0346925

18 2 0.0358216

19 2 0.0368093

20 2 0.0376518

21 2 0.0383456

22 2 0.0388882

23 2 0.0392772

24 2 0.0395113

25 2 0.0395894

26 2 0.0395113

27 2 0.0392772

28 2 0.0388882

29 2 0.0383456

30 2 0.0376518

31 2 0.0368093

32 2 0.0358216

33 2 0.0346925

34 2 0.0334264

35 2 0.0320285

36 2 0.0305042

37 2 0.0288594

38 2 0.0271008

39 2 0.0252352

40 2 0.0232701

41 2 0.0212131

42 2 0.0190723

43 2 0.0168563

44 2 0.0145738

45 2 0.0122338

46 2 0.00984548

47 2 0.00741831

48 2 0.00496187

49 2 0.00248584

50 2 0

0 3 0

1 3 0.00371649

2 3 0.00741831

3 3 0.0110909

4 3 0.0147196

5 3 0.0182903

6 3 0.0217888

7 3 0.0252013

8 3 0.0285144

9 3 0.0317149

10 3 0.0347903

11 3 0.0377283

12 3 0.0405175

13 3 0.0431467

14 3 0.0456057

15 3 0.0478847

16 3 0.0499747

17 3 0.0518675

18 3 0.0535556

19 3 0.0550323

20 3 0.0562918

21 3 0.0573292

22 3 0.0581403

23 3 0.058722

24 3 0.0590719

25 3 0.0591887

26 3 0.0590719

27 3 0.058722

28 3 0.0581403

29 3 0.0573292

30 3 0.0562918

31 3 0.0550323

32 3 0.0535556

33 3 0.0518675

34 3 0.0499747

35 3 0.0478847

36 3 0.0456057

37 3 0.0431467

38 3 0.0405175

39 3 0.0377283

40 3 0.0347903

41 3 0.0317149

42 3 0.0285144

43 3 0.0252013

44 3 0.0217888

45 3 0.0182903

46 3 0.0147196

47 3 0.0110909

48 3 0.00741831

49 3 0.00371649

50 3 0

0 4 0

1 4 0.00493248

2 4 0.00984548

3 4 0.0147196

4 4 0.0195357

5 4 0.0242747

6 4 0.0289178

7 4 0.0334469

8 4 0.0378439

9 4 0.0420916

10 4 0.0461732

11 4 0.0500725

12 4 0.0537742

13 4 0.0572637

14 4 0.0605273

15 4 0.0635519

16 4 0.0663257

17 4 0.0688378

18 4 0.0710782

19 4 0.0730381

20 4 0.0747097

21 4 0.0760865

22 4 0.077163

23 4 0.077935

24 4 0.0783995

25 4 0.0785545

26 4 0.0783995

27 4 0.077935

28 4 0.077163

29 4 0.0760865

30 4 0.0747097

31 4 0.0730381

32 4 0.0710782

33 4 0.0688378

34 4 0.0663257

35 4 0.0635519

36 4 0.0605273

37 4 0.0572637

38 4 0.0537742

39 4 0.0500725

40 4 0.0461732

41 4 0.0420916

42 4 0.0378439

43 4 0.0334469

44 4 0.0289178

45 4 0.0242747

46 4 0.0195357

47 4 0.0147196

48 4 0.00984548

49 4 0.00493248

50 4 0

0 5 0

1 5 0.00612899

2 5 0.0122338

3 5 0.0182903

4 5 0.0242747

5 5 0.0301632

6 5 0.0359327

7 5 0.0415604

8 5 0.0470241

9 5 0.0523021

10 5 0.0573738

11 5 0.0622191

12 5 0.0668188

13 5 0.0711548

14 5 0.0752099

15 5 0.0789683

16 5 0.082415

17 5 0.0855364

18 5 0.0883203

19 5 0.0907556

20 5 0.0928328

21 5 0.0945436

22 5 0.0958812

23 5 0.0968405

24 5 0.0974176

25 5 0.0976102

26 5 0.0974176

27 5 0.0968405

28 5 0.0958812

29 5 0.0945436

30 5 0.0928328

31 5 0.0907556

32 5 0.0883203

33 5 0.0855364

34 5 0.082415

35 5 0.0789683

36 5 0.0752099

37 5 0.0711548

38 5 0.0668188

39 5 0.0622191

40 5 0.0573738

41 5 0.0523021

42 5 0.0470241

43 5 0.0415604

44 5 0.0359327

45 5 0.0301632

46 5 0.0242747

47 5 0.0182903

48 5 0.0122338

49 5 0.00612899

50 5 0

0 6 0

1 6 0.00730132

2 6 0.0145738

3 6 0.0217888

4 6 0.0289178

5 6 0.0359327

6 6 0.0428058

7 6 0.0495099

8 6 0.0560186

9 6 0.0623063

10 6 0.0683481

11 6 0.0741201

12 6 0.0795996

13 6 0.084765

14 6 0.0895958

15 6 0.094073

16 6 0.098179

17 6 0.101898

18 6 0.105214

19 6 0.108115

20 6 0.110589

21 6 0.112627

22 6 0.114221

23 6 0.115364

24 6 0.116051

25 6 0.116281

26 6 0.116051

27 6 0.115364

28 6 0.114221

29 6 0.112627

30 6 0.110589

31 6 0.108115

32 6 0.105214

33 6 0.101898

34 6 0.098179

35 6 0.094073

36 6 0.0895958

37 6 0.084765

38 6 0.0795996

39 6 0.0741201

40 6 0.0683481

41 6 0.0623063

42 6 0.0560186

43 6 0.0495099

44 6 0.0428058

45 6 0.0359327

46 6 0.0289178

47 6 0.0217888

48 6 0.0145738

49 6 0.00730132

50 6 0

0 7 0

1 7 0.00844484

2 7 0.0168563

3 7 0.0252013

4 7 0.0334469

5 7 0.0415604

6 7 0.0495099

7 7 0.057264

8 7 0.0647921

9 7 0.0720646

10 7 0.0790526

11 7 0.0857286

12 7 0.0920663

13 7 0.0980406

14 7 0.103628

15 7 0.108807

16 7 0.113556

17 7 0.117856

18 7 0.121692

19 7 0.125048

20 7 0.12791

21 7 0.130267

22 7 0.13211

23 7 0.133432

24 7 0.134227

25 7 0.134492

26 7 0.134227

27 7 0.133432

28 7 0.13211

29 7 0.130267

30 7 0.12791

31 7 0.125048

32 7 0.121692

33 7 0.117856

34 7 0.113556

35 7 0.108807

36 7 0.103628

37 7 0.0980406

38 7 0.0920663

39 7 0.0857286

40 7 0.0790526

41 7 0.0720646

42 7 0.0647921

43 7 0.057264

44 7 0.0495099

45 7 0.0415604

46 7 0.0334469

47 7 0.0252013

48 7 0.0168563

49 7 0.00844484

50 7 0

0 8 0

1 8 0.00955503

2 8 0.0190723

3 8 0.0285144

4 8 0.0378439

5 8 0.0470241

6 8 0.0560186

7 8 0.0647921

8 8 0.0733099

9 8 0.0815384

10 8 0.0894451

11 8 0.0969988

12 8 0.10417

13 8 0.110929

14 8 0.117251

15 8 0.123111

16 8 0.128484

17 8 0.13335

18 8 0.13769

19 8 0.141487

20 8 0.144725

21 8 0.147392

22 8 0.149478

23 8 0.150973

24 8 0.151873

25 8 0.152173

26 8 0.151873

27 8 0.150973

28 8 0.149478

29 8 0.147392

30 8 0.144725

31 8 0.141487

32 8 0.13769

33 8 0.13335

34 8 0.128484

35 8 0.123111

36 8 0.117251

37 8 0.110929

38 8 0.10417

39 8 0.0969988

40 8 0.0894451

41 8 0.0815384

42 8 0.0733099

43 8 0.0647921

44 8 0.0560186

45 8 0.0470241

46 8 0.0378439

47 8 0.0285144

48 8 0.0190723

49 8 0.00955503

50 8 0

0 9 0

1 9 0.0106275

2 9 0.0212131

3 9 0.0317149

4 9 0.0420916

5 9 0.0523021

6 9 0.0623063

7 9 0.0720646

8 9 0.0815384

9 9 0.0906905

10 9 0.0994846

11 9 0.107886

12 9 0.115862

13 9 0.12338

14 9 0.130412

15 9 0.136929

16 9 0.142905

17 9 0.148318

18 9 0.153145

19 9 0.157368

20 9 0.160969

21 9 0.163936

22 9 0.166255

23 9 0.167919

24 9 0.168919

25 9 0.169253

26 9 0.168919

27 9 0.167919

28 9 0.166255

29 9 0.163936

30 9 0.160969

31 9 0.157368

32 9 0.153145

33 9 0.148318

34 9 0.142905

35 9 0.136929

36 9 0.130412

37 9 0.12338

38 9 0.115862

39 9 0.107886

40 9 0.0994846

41 9 0.0906905

42 9 0.0815384

43 9 0.0720646

44 9 0.0623063

45 9 0.0523021

46 9 0.0420916

47 9 0.0317149

48 9 0.0212131

49 9 0.0106275

50 9 0

0 10 0

1 10 0.011658

2 10 0.0232701

3 10 0.0347903

4 10 0.0461732

5 10 0.0573738

6 10 0.0683481

7 10 0.0790526

8 10 0.0894451

9 10 0.0994846

10 10 0.109131

11 10 0.118348

12 10 0.127097

13 10 0.135344

14 10 0.143058

15 10 0.150207

16 10 0.156763

17 10 0.1627

18 10 0.167995

19 10 0.172627

20 10 0.176578

21 10 0.179833

22 10 0.182377

23 10 0.184202

24 10 0.185299

25 10 0.185666

26 10 0.185299

27 10 0.184202

28 10 0.182377

29 10 0.179833

30 10 0.176578

31 10 0.172627

32 10 0.167995

33 10 0.1627

34 10 0.156763

35 10 0.150207

36 10 0.143058

37 10 0.135344

38 10 0.127097

39 10 0.118348

40 10 0.109131

41 10 0.0994846

42 10 0.0894451

43 10 0.0790526

44 10 0.0683481

45 10 0.0573738

46 10 0.0461732

47 10 0.0347903

48 10 0.0232701

49 10 0.011658

50 10 0

0 11 0

1 11 0.0126426

2 11 0.0252352

3 11 0.0377283

4 11 0.0500725

5 11 0.0622191

6 11 0.0741201

7 11 0.0857286

8 11 0.0969988

9 11 0.107886

10 11 0.118348

11 11 0.128342

12 11 0.13783

13 11 0.146774

14 11 0.155139

15 11 0.162892

16 11 0.170001

17 11 0.17644

18 11 0.182183

19 11 0.187206

20 11 0.191491

21 11 0.19502

22 11 0.197779

23 11 0.199757

24 11 0.200948

25 11 0.201345

26 11 0.200948

27 11 0.199757

28 11 0.197779

29 11 0.19502

30 11 0.191491

31 11 0.187206

32 11 0.182183

33 11 0.17644

34 11 0.170001

35 11 0.162892

36 11 0.155139

37 11 0.146774

38 11 0.13783

39 11 0.128342

40 11 0.118348

41 11 0.107886

42 11 0.0969988

43 11 0.0857286

44 11 0.0741201

45 11 0.0622191

46 11 0.0500725

47 11 0.0377283

48 11 0.0252352

49 11 0.0126426

50 11 0

0 12 0

1 12 0.0135772

2 12 0.0271008

3 12 0.0405175

4 12 0.0537742

5 12 0.0668188

6 12 0.0795996

7 12 0.0920663

8 12 0.10417

9 12 0.115862

10 12 0.127097

11 12 0.13783

12 12 0.14802

13 12 0.157625

14 12 0.166608

15 12 0.174934

16 12 0.182569

17 12 0.189484

18 12 0.195651

19 12 0.201046

20 12 0.205647

21 12 0.209437

22 12 0.2124

23 12 0.214525

24 12 0.215803

25 12 0.21623

26 12 0.215803

27 12 0.214525

28 12 0.2124

29 12 0.209437

30 12 0.205647

31 12 0.201046

32 12 0.195651

33 12 0.189484

34 12 0.182569

35 12 0.174934

36 12 0.166608

37 12 0.157625

38 12 0.14802

39 12 0.13783

40 12 0.127097

41 12 0.115862

42 12 0.10417

43 12 0.0920663

44 12 0.0795996

45 12 0.0668188

46 12 0.0537742

47 12 0.0405175

48 12 0.0271008

49 12 0.0135772

50 12 0

0 13 0

1 13 0.0144582

2 13 0.0288594

3 13 0.0431467

4 13 0.0572637

5 13 0.0711548

6 13 0.084765

7 13 0.0980406

8 13 0.110929

9 13 0.12338

10 13 0.135344

11 13 0.146774

12 13 0.157625

13 13 0.167854

14 13 0.17742

15 13 0.186286

16 13 0.194416

17 13 0.20178

18 13 0.208347

19 13 0.214092

20 13 0.218992

21 13 0.223028

22 13 0.226183

23 13 0.228446

24 13 0.229807

25 13 0.230262

26 13 0.229807

27 13 0.228446

28 13 0.226183

29 13 0.223028

30 13 0.218992

31 13 0.214092

32 13 0.208347

33 13 0.20178

34 13 0.194416

35 13 0.186286

36 13 0.17742

37 13 0.167854

38 13 0.157625

39 13 0.146774

40 13 0.135344

41 13 0.12338

42 13 0.110929

43 13 0.0980406

44 13 0.084765

45 13 0.0711548

46 13 0.0572637

47 13 0.0431467

48 13 0.0288594

49 13 0.0144582

50 13 0

0 14 0

1 14 0.0152822

2 14 0.0305042

3 14 0.0456057

4 14 0.0605273

5 14 0.0752099

6 14 0.0895958

7 14 0.103628

8 14 0.117251

9 14 0.130412

10 14 0.143058

11 14 0.155139

12 14 0.166608

13 14 0.17742

14 14 0.187531

15 14 0.196902

16 14 0.205496

17 14 0.213279

18 14 0.220221

19 14 0.226293

20 14 0.231472

21 14 0.235738

22 14 0.239073

23 14 0.241465

24 14 0.242904

25 14 0.243384

26 14 0.242904

27 14 0.241465

28 14 0.239073

29 14 0.235738

30 14 0.231472

31 14 0.226293

32 14 0.220221

33 14 0.213279

34 14 0.205496

35 14 0.196902

36 14 0.187531

37 14 0.17742

38 14 0.166608

39 14 0.155139

40 14 0.143058

41 14 0.130412

42 14 0.117251

43 14 0.103628

44 14 0.0895958

45 14 0.0752099

46 14 0.0605273

47 14 0.0456057

48 14 0.0305042

49 14 0.0152822

50 14 0

0 15 0

1 15 0.0160459

2 15 0.0320285

3 15 0.0478847

4 15 0.0635519

5 15 0.0789683

6 15 0.094073

7 15 0.108807

8 15 0.123111

9 15 0.136929

10 15 0.150207

11 15 0.162892

12 15 0.174934

13 15 0.186286

14 15 0.196902

15 15 0.206742

16 15 0.215765

17 15 0.223937

18 15 0.231226

19 15 0.237601

20 15 0.243039

21 15 0.247518

22 15 0.25102

23 15 0.253532

24 15 0.255042

25 15 0.255547

26 15 0.255042

27 15 0.253532

28 15 0.25102

29 15 0.247518

30 15 0.243039

31 15 0.237601

32 15 0.231226

33 15 0.223937

34 15 0.215765

35 15 0.206742

36 15 0.196902

37 15 0.186286

38 15 0.174934

39 15 0.162892

40 15 0.150207

41 15 0.136929

42 15 0.123111

43 15 0.108807

44 15 0.094073

45 15 0.0789683

46 15 0.0635519

47 15 0.0478847

48 15 0.0320285

49 15 0.0160459

50 15 0

0 16 0

1 16 0.0167463

2 16 0.0334264

3 16 0.0499747

4 16 0.0663257

5 16 0.082415

6 16 0.098179

7 16 0.113556

8 16 0.128484

9 16 0.142905

10 16 0.156763

11 16 0.170001

12 16 0.182569

13 16 0.194416

14 16 0.205496

15 16 0.215765

16 16 0.225183

17 16 0.233711

18 16 0.241318

19 16 0.247972

20 16 0.253647

21 16 0.258322

22 16 0.261977

23 16 0.264598

24 16 0.266174

25 16 0.266701

26 16 0.266174

27 16 0.264598

28 16 0.261977

29 16 0.258322

30 16 0.253647

31 16 0.247972

32 16 0.241318

33 16 0.233711

34 16 0.225183

35 16 0.215765

36 16 0.205496

37 16 0.194416

38 16 0.182569

39 16 0.170001

40 16 0.156763

41 16 0.142905

42 16 0.128484

43 16 0.113556

44 16 0.098179

45 16 0.082415

46 16 0.0663257

47 16 0.0499747

48 16 0.0334264

49 16 0.0167463

50 16 0

0 17 0

1 17 0.0173805

2 17 0.0346925

3 17 0.0518675

4 17 0.0688378

5 17 0.0855364

6 17 0.101898

7 17 0.117856

8 17 0.13335

9 17 0.148318

10 17 0.1627

11 17 0.17644

12 17 0.189484

13 17 0.20178

14 17 0.213279

15 17 0.223937

16 17 0.233711

17 17 0.242563

18 17 0.250458

19 17 0.257364

20 17 0.263254

21 17 0.268106

22 17 0.271899

23 17 0.274619

24 17 0.276256

25 17 0.276802

26 17 0.276256

27 17 0.274619

28 17 0.271899

29 17 0.268106

30 17 0.263254

31 17 0.257364

32 17 0.250458

33 17 0.242563

34 17 0.233711

35 17 0.223937

36 17 0.213279

37 17 0.20178

38 17 0.189484

39 17 0.17644

40 17 0.1627

41 17 0.148318

42 17 0.13335

43 17 0.117856

44 17 0.101898

45 17 0.0855364

46 17 0.0688378

47 17 0.0518675

48 17 0.0346925

49 17 0.0173805

50 17 0

0 18 0

1 18 0.0179462

2 18 0.0358216

3 18 0.0535556

4 18 0.0710782

5 18 0.0883203

6 18 0.105214

7 18 0.121692

8 18 0.13769

9 18 0.153145

10 18 0.167995

11 18 0.182183

12 18 0.195651

13 18 0.208347

14 18 0.220221

15 18 0.231226

16 18 0.241318

17 18 0.250458

18 18 0.258609

19 18 0.26574

20 18 0.271822

21 18 0.276831

22 18 0.280748

23 18 0.283557

24 18 0.285247

25 18 0.285811

26 18 0.285247

27 18 0.283557

28 18 0.280748

29 18 0.276831

30 18 0.271822

31 18 0.26574

32 18 0.258609

33 18 0.250458

34 18 0.241318

35 18 0.231226

36 18 0.220221

37 18 0.208347

38 18 0.195651

39 18 0.182183

40 18 0.167995

41 18 0.153145

42 18 0.13769

43 18 0.121692

44 18 0.105214

45 18 0.0883203

46 18 0.0710782

47 18 0.0535556

48 18 0.0358216

49 18 0.0179462

50 18 0

0 19 0

1 19 0.018441

2 19 0.0368093

3 19 0.0550323

4 19 0.0730381

5 19 0.0907556

6 19 0.108115

7 19 0.125048

8 19 0.141487

9 19 0.157368

10 19 0.172627

11 19 0.187206

12 19 0.201046

13 19 0.214092

14 19 0.226293

15 19 0.237601

16 19 0.247972

17 19 0.257364

18 19 0.26574

19 19 0.273067

20 19 0.279317

21 19 0.284465

22 19 0.288489

23 19 0.291376

24 19 0.293112

25 19 0.293691

26 19 0.293112

27 19 0.291376

28 19 0.288489

29 19 0.284465

30 19 0.279317

31 19 0.273067

32 19 0.26574

33 19 0.257364

34 19 0.247972

35 19 0.237601

36 19 0.226293

37 19 0.214092

38 19 0.201046

39 19 0.187206

40 19 0.172627

41 19 0.157368

42 19 0.141487

43 19 0.125048

44 19 0.108115

45 19 0.0907556

46 19 0.0730381

47 19 0.0550323

48 19 0.0368093

49 19 0.018441

50 19 0

0 20 0

1 20 0.0188631

2 20 0.0376518

3 20 0.0562918

4 20 0.0747097

5 20 0.0928328

6 20 0.110589

7 20 0.12791

8 20 0.144725

9 20 0.160969

10 20 0.176578

11 20 0.191491

12 20 0.205647

13 20 0.218992

14 20 0.231472

15 20 0.243039

16 20 0.253647

17 20 0.263254

18 20 0.271822

19 20 0.279317

20 20 0.28571

21 20 0.290975

22 20 0.295092

23 20 0.298044

24 20 0.29982

25 20 0.300413

26 20 0.29982

27 20 0.298044

28 20 0.295092

29 20 0.290975

30 20 0.28571

31 20 0.279317

32 20 0.271822

33 20 0.263254

34 20 0.253647

35 20 0.243039

36 20 0.231472

37 20 0.218992

38 20 0.205647

39 20 0.191491

40 20 0.176578

41 20 0.160969

42 20 0.144725

43 20 0.12791

44 20 0.110589

45 20 0.0928328

46 20 0.0747097

47 20 0.0562918

48 20 0.0376518

49 20 0.0188631

50 20 0

0 21 0

1 21 0.0192107

2 21 0.0383456

3 21 0.0573292

4 21 0.0760865

5 21 0.0945436

6 21 0.112627

7 21 0.130267

8 21 0.147392

9 21 0.163936

10 21 0.179833

11 21 0.19502

12 21 0.209437

13 21 0.223028

14 21 0.235738

15 21 0.247518

16 21 0.258322

17 21 0.268106

18 21 0.276831

19 21 0.284465

20 21 0.290975

21 21 0.296337

22 21 0.30053

23 21 0.303537

24 21 0.305346

25 21 0.305949

26 21 0.305346

27 21 0.303537

28 21 0.30053

29 21 0.296337

30 21 0.290975

31 21 0.284465

32 21 0.276831

33 21 0.268106

34 21 0.258322

35 21 0.247518

36 21 0.235738

37 21 0.223028

38 21 0.209437

39 21 0.19502

40 21 0.179833

41 21 0.163936

42 21 0.147392

43 21 0.130267

44 21 0.112627

45 21 0.0945436

46 21 0.0760865

47 21 0.0573292

48 21 0.0383456

49 21 0.0192107

50 21 0

0 22 0

1 22 0.0194825

2 22 0.0388882

3 22 0.0581403

4 22 0.077163

5 22 0.0958812

6 22 0.114221

7 22 0.13211

8 22 0.149478

9 22 0.166255

10 22 0.182377

11 22 0.197779

12 22 0.2124

13 22 0.226183

14 22 0.239073

15 22 0.25102

16 22 0.261977

17 22 0.271899

18 22 0.280748

19 22 0.288489

20 22 0.295092

21 22 0.30053

22 22 0.304782

23 22 0.307832

24 22 0.309666

25 22 0.310278

26 22 0.309666

27 22 0.307832

28 22 0.304782

29 22 0.30053

30 22 0.295092

31 22 0.288489

32 22 0.280748

33 22 0.271899

34 22 0.261977

35 22 0.25102

36 22 0.239073

37 22 0.226183

38 22 0.2124

39 22 0.197779

40 22 0.182377

41 22 0.166255

42 22 0.149478

43 22 0.13211

44 22 0.114221

45 22 0.0958812

46 22 0.077163

47 22 0.0581403

48 22 0.0388882

49 22 0.0194825

50 22 0

0 23 0

1 23 0.0196774

2 23 0.0392772

3 23 0.058722

4 23 0.077935

5 23 0.0968405

6 23 0.115364

7 23 0.133432

8 23 0.150973

9 23 0.167919

10 23 0.184202

11 23 0.199757

12 23 0.214525

13 23 0.228446

14 23 0.241465

15 23 0.253532

16 23 0.264598

17 23 0.274619

18 23 0.283557

19 23 0.291376

20 23 0.298044

21 23 0.303537

22 23 0.307832

23 23 0.310911

24 23 0.312764

25 23 0.313382

26 23 0.312764

27 23 0.310911

28 23 0.307832

29 23 0.303537

30 23 0.298044

31 23 0.291376

32 23 0.283557

33 23 0.274619

34 23 0.264598

35 23 0.253532

36 23 0.241465

37 23 0.228446

38 23 0.214525

39 23 0.199757

40 23 0.184202

41 23 0.167919

42 23 0.150973

43 23 0.133432

44 23 0.115364

45 23 0.0968405

46 23 0.077935

47 23 0.058722

48 23 0.0392772

49 23 0.0196774

50 23 0

0 24 0

1 24 0.0197947

2 24 0.0395113

3 24 0.0590719

4 24 0.0783995

5 24 0.0974176

6 24 0.116051

7 24 0.134227

8 24 0.151873

9 24 0.168919

10 24 0.185299

11 24 0.200948

12 24 0.215803

13 24 0.229807

14 24 0.242904

15 24 0.255042

16 24 0.266174

17 24 0.276256

18 24 0.285247

19 24 0.293112

20 24 0.29982

21 24 0.305346

22 24 0.309666

23 24 0.312764

24 24 0.314628

25 24 0.31525

26 24 0.314628

27 24 0.312764

28 24 0.309666

29 24 0.305346

30 24 0.29982

31 24 0.293112

32 24 0.285247

33 24 0.276256

34 24 0.266174

35 24 0.255042

36 24 0.242904

37 24 0.229807

38 24 0.215803

39 24 0.200948

40 24 0.185299

41 24 0.168919

42 24 0.151873

43 24 0.134227

44 24 0.116051

45 24 0.0974176

46 24 0.0783995

47 24 0.0590719

48 24 0.0395113

49 24 0.0197947

50 24 0

0 25 0

1 25 0.0198338

2 25 0.0395894

3 25 0.0591887

4 25 0.0785545

5 25 0.0976102

6 25 0.116281

7 25 0.134492

8 25 0.152173

9 25 0.169253

10 25 0.185666

11 25 0.201345

12 25 0.21623

13 25 0.230262

14 25 0.243384

15 25 0.255547

16 25 0.266701

17 25 0.276802

18 25 0.285811

19 25 0.293691

20 25 0.300413

21 25 0.305949

22 25 0.310278

23 25 0.313382

24 25 0.31525

25 25 0.315873

26 25 0.31525

27 25 0.313382

28 25 0.310278

29 25 0.305949

30 25 0.300413

31 25 0.293691

32 25 0.285811

33 25 0.276802

34 25 0.266701

35 25 0.255547

36 25 0.243384

37 25 0.230262

38 25 0.21623

39 25 0.201345

40 25 0.185666

41 25 0.169253

42 25 0.152173

43 25 0.134492

44 25 0.116281

45 25 0.0976102

46 25 0.0785545

47 25 0.0591887

48 25 0.0395894

49 25 0.0198338

50 25 0

0 26 0

1 26 0.0197947

2 26 0.0395113

3 26 0.0590719

4 26 0.0783995

5 26 0.0974176

6 26 0.116051

7 26 0.134227

8 26 0.151873

9 26 0.168919

10 26 0.185299

11 26 0.200948

12 26 0.215803

13 26 0.229807

14 26 0.242904

15 26 0.255042

16 26 0.266174

17 26 0.276256

18 26 0.285247

19 26 0.293112

20 26 0.29982

21 26 0.305346

22 26 0.309666

23 26 0.312764

24 26 0.314628

25 26 0.31525

26 26 0.314628

27 26 0.312764

28 26 0.309666

29 26 0.305346

30 26 0.29982

31 26 0.293112

32 26 0.285247

33 26 0.276256

34 26 0.266174

35 26 0.255042

36 26 0.242904

37 26 0.229807

38 26 0.215803

39 26 0.200948

40 26 0.185299

41 26 0.168919

42 26 0.151873

43 26 0.134227

44 26 0.116051

45 26 0.0974176

46 26 0.0783995

47 26 0.0590719

48 26 0.0395113

49 26 0.0197947

50 26 0

0 27 0

1 27 0.0196774

2 27 0.0392772

3 27 0.058722

4 27 0.077935

5 27 0.0968405

6 27 0.115364

7 27 0.133432

8 27 0.150973

9 27 0.167919

10 27 0.184202

11 27 0.199757

12 27 0.214525

13 27 0.228446

14 27 0.241465

15 27 0.253532

16 27 0.264598

17 27 0.274619

18 27 0.283557

19 27 0.291376

20 27 0.298044

21 27 0.303537

22 27 0.307832

23 27 0.310911

24 27 0.312764

25 27 0.313382

26 27 0.312764

27 27 0.310911

28 27 0.307832

29 27 0.303537

30 27 0.298044

31 27 0.291376

32 27 0.283557

33 27 0.274619

34 27 0.264598

35 27 0.253532

36 27 0.241465

37 27 0.228446

38 27 0.214525

39 27 0.199757

40 27 0.184202

41 27 0.167919

42 27 0.150973

43 27 0.133432

44 27 0.115364

45 27 0.0968405

46 27 0.077935

47 27 0.058722

48 27 0.0392772

49 27 0.0196774

50 27 0

0 28 0

1 28 0.0194825

2 28 0.0388882

3 28 0.0581403

4 28 0.077163

5 28 0.0958812

6 28 0.114221

7 28 0.13211

8 28 0.149478

9 28 0.166255

10 28 0.182377

11 28 0.197779

12 28 0.2124

13 28 0.226183

14 28 0.239073

15 28 0.25102

16 28 0.261977

17 28 0.271899

18 28 0.280748

19 28 0.288489

20 28 0.295092

21 28 0.30053

22 28 0.304782

23 28 0.307832

24 28 0.309666

25 28 0.310278

26 28 0.309666

27 28 0.307832

28 28 0.304782

29 28 0.30053

30 28 0.295092

31 28 0.288489

32 28 0.280748

33 28 0.271899

34 28 0.261977

35 28 0.25102

36 28 0.239073

37 28 0.226183

38 28 0.2124

39 28 0.197779

40 28 0.182377

41 28 0.166255

42 28 0.149478

43 28 0.13211

44 28 0.114221

45 28 0.0958812

46 28 0.077163

47 28 0.0581403

48 28 0.0388882

49 28 0.0194825

50 28 0

0 29 0

1 29 0.0192107

2 29 0.0383456

3 29 0.0573292

4 29 0.0760865

5 29 0.0945436

6 29 0.112627

7 29 0.130267

8 29 0.147392

9 29 0.163936

10 29 0.179833

11 29 0.19502

12 29 0.209437

13 29 0.223028

14 29 0.235738

15 29 0.247518

16 29 0.258322

17 29 0.268106

18 29 0.276831

19 29 0.284465

20 29 0.290975

21 29 0.296337

22 29 0.30053

23 29 0.303537

24 29 0.305346

25 29 0.305949

26 29 0.305346

27 29 0.303537

28 29 0.30053

29 29 0.296337

30 29 0.290975

31 29 0.284465

32 29 0.276831

33 29 0.268106

34 29 0.258322

35 29 0.247518

36 29 0.235738

37 29 0.223028

38 29 0.209437

39 29 0.19502

40 29 0.179833

41 29 0.163936

42 29 0.147392

43 29 0.130267

44 29 0.112627

45 29 0.0945436

46 29 0.0760865

47 29 0.0573292

48 29 0.0383456

49 29 0.0192107

50 29 0

0 30 0

1 30 0.0188631

2 30 0.0376518

3 30 0.0562918

4 30 0.0747097

5 30 0.0928328

6 30 0.110589

7 30 0.12791

8 30 0.144725

9 30 0.160969

10 30 0.176578

11 30 0.191491

12 30 0.205647

13 30 0.218992

14 30 0.231472

15 30 0.243039

16 30 0.253647

17 30 0.263254

18 30 0.271822

19 30 0.279317

20 30 0.28571

21 30 0.290975

22 30 0.295092

23 30 0.298044

24 30 0.29982

25 30 0.300413

26 30 0.29982

27 30 0.298044

28 30 0.295092

29 30 0.290975

30 30 0.28571

31 30 0.279317

32 30 0.271822

33 30 0.263254

34 30 0.253647

35 30 0.243039

36 30 0.231472

37 30 0.218992

38 30 0.205647

39 30 0.191491

40 30 0.176578

41 30 0.160969

42 30 0.144725

43 30 0.12791

44 30 0.110589

45 30 0.0928328

46 30 0.0747097

47 30 0.0562918

48 30 0.0376518

49 30 0.0188631

50 30 0

0 31 0

1 31 0.018441

2 31 0.0368093

3 31 0.0550323

4 31 0.0730381

5 31 0.0907556

6 31 0.108115

7 31 0.125048

8 31 0.141487

9 31 0.157368

10 31 0.172627

11 31 0.187206

12 31 0.201046

13 31 0.214092

14 31 0.226293

15 31 0.237601

16 31 0.247972

17 31 0.257364

18 31 0.26574

19 31 0.273067

20 31 0.279317

21 31 0.284465

22 31 0.288489

23 31 0.291376

24 31 0.293112

25 31 0.293691

26 31 0.293112

27 31 0.291376

28 31 0.288489

29 31 0.284465

30 31 0.279317

31 31 0.273067

32 31 0.26574

33 31 0.257364

34 31 0.247972

35 31 0.237601

36 31 0.226293

37 31 0.214092

38 31 0.201046

39 31 0.187206

40 31 0.172627

41 31 0.157368

42 31 0.141487

43 31 0.125048

44 31 0.108115

45 31 0.0907556

46 31 0.0730381

47 31 0.0550323

48 31 0.0368093

49 31 0.018441

50 31 0

0 32 0

1 32 0.0179462

2 32 0.0358216

3 32 0.0535556

4 32 0.0710782

5 32 0.0883203

6 32 0.105214

7 32 0.121692

8 32 0.13769

9 32 0.153145

10 32 0.167995

11 32 0.182183

12 32 0.195651

13 32 0.208347

14 32 0.220221

15 32 0.231226

16 32 0.241318

17 32 0.250458

18 32 0.258609

19 32 0.26574

20 32 0.271822

21 32 0.276831

22 32 0.280748

23 32 0.283557

24 32 0.285247

25 32 0.285811

26 32 0.285247

27 32 0.283557

28 32 0.280748

29 32 0.276831

30 32 0.271822

31 32 0.26574

32 32 0.258609

33 32 0.250458

34 32 0.241318

35 32 0.231226

36 32 0.220221

37 32 0.208347

38 32 0.195651

39 32 0.182183

40 32 0.167995

41 32 0.153145

42 32 0.13769

43 32 0.121692

44 32 0.105214

45 32 0.0883203

46 32 0.0710782

47 32 0.0535556

48 32 0.0358216

49 32 0.0179462

50 32 0

0 33 0

1 33 0.0173805

2 33 0.0346925

3 33 0.0518675

4 33 0.0688378

5 33 0.0855364

6 33 0.101898

7 33 0.117856

8 33 0.13335

9 33 0.148318

10 33 0.1627

11 33 0.17644

12 33 0.189484

13 33 0.20178

14 33 0.213279

15 33 0.223937

16 33 0.233711

17 33 0.242563

18 33 0.250458

19 33 0.257364

20 33 0.263254

21 33 0.268106

22 33 0.271899

23 33 0.274619

24 33 0.276256

25 33 0.276802

26 33 0.276256

27 33 0.274619

28 33 0.271899

29 33 0.268106

30 33 0.263254

31 33 0.257364

32 33 0.250458

33 33 0.242563

34 33 0.233711

35 33 0.223937

36 33 0.213279

37 33 0.20178

38 33 0.189484

39 33 0.17644

40 33 0.1627

41 33 0.148318

42 33 0.13335

43 33 0.117856

44 33 0.101898

45 33 0.0855364

46 33 0.0688378

47 33 0.0518675

48 33 0.0346925

49 33 0.0173805

50 33 0

0 34 0

1 34 0.0167463

2 34 0.0334264

3 34 0.0499747

4 34 0.0663257

5 34 0.082415

6 34 0.098179

7 34 0.113556

8 34 0.128484

9 34 0.142905

10 34 0.156763

11 34 0.170001

12 34 0.182569

13 34 0.194416

14 34 0.205496

15 34 0.215765

16 34 0.225183

17 34 0.233711

18 34 0.241318

19 34 0.247972

20 34 0.253647

21 34 0.258322

22 34 0.261977

23 34 0.264598

24 34 0.266174

25 34 0.266701

26 34 0.266174

27 34 0.264598

28 34 0.261977

29 34 0.258322

30 34 0.253647

31 34 0.247972

32 34 0.241318

33 34 0.233711

34 34 0.225183

35 34 0.215765

36 34 0.205496

37 34 0.194416

38 34 0.182569

39 34 0.170001

40 34 0.156763

41 34 0.142905

42 34 0.128484

43 34 0.113556

44 34 0.098179

45 34 0.082415

46 34 0.0663257

47 34 0.0499747

48 34 0.0334264

49 34 0.0167463

50 34 0

0 35 0

1 35 0.0160459

2 35 0.0320285

3 35 0.0478847

4 35 0.0635519

5 35 0.0789683

6 35 0.094073

7 35 0.108807

8 35 0.123111

9 35 0.136929

10 35 0.150207

11 35 0.162892

12 35 0.174934

13 35 0.186286

14 35 0.196902

15 35 0.206742

16 35 0.215765

17 35 0.223937

18 35 0.231226

19 35 0.237601

20 35 0.243039

21 35 0.247518

22 35 0.25102

23 35 0.253532

24 35 0.255042

25 35 0.255547

26 35 0.255042

27 35 0.253532

28 35 0.25102

29 35 0.247518

30 35 0.243039

31 35 0.237601

32 35 0.231226

33 35 0.223937

34 35 0.215765

35 35 0.206742

36 35 0.196902

37 35 0.186286

38 35 0.174934

39 35 0.162892

40 35 0.150207

41 35 0.136929

42 35 0.123111

43 35 0.108807

44 35 0.094073

45 35 0.0789683

46 35 0.0635519

47 35 0.0478847

48 35 0.0320285

49 35 0.0160459

50 35 0

0 36 0

1 36 0.0152822

2 36 0.0305042

3 36 0.0456057

4 36 0.0605273

5 36 0.0752099

6 36 0.0895958

7 36 0.103628

8 36 0.117251

9 36 0.130412

10 36 0.143058

11 36 0.155139

12 36 0.166608

13 36 0.17742

14 36 0.187531

15 36 0.196902

16 36 0.205496

17 36 0.213279

18 36 0.220221

19 36 0.226293

20 36 0.231472

21 36 0.235738

22 36 0.239073

23 36 0.241465

24 36 0.242904

25 36 0.243384

26 36 0.242904

27 36 0.241465

28 36 0.239073

29 36 0.235738

30 36 0.231472

31 36 0.226293

32 36 0.220221

33 36 0.213279

34 36 0.205496

35 36 0.196902

36 36 0.187531

37 36 0.17742

38 36 0.166608

39 36 0.155139

40 36 0.143058

41 36 0.130412

42 36 0.117251

43 36 0.103628

44 36 0.0895958

45 36 0.0752099

46 36 0.0605273

47 36 0.0456057

48 36 0.0305042

49 36 0.0152822

50 36 0

0 37 0

1 37 0.0144582

2 37 0.0288594

3 37 0.0431467

4 37 0.0572637

5 37 0.0711548

6 37 0.084765

7 37 0.0980406

8 37 0.110929

9 37 0.12338

10 37 0.135344

11 37 0.146774

12 37 0.157625

13 37 0.167854

14 37 0.17742

15 37 0.186286

16 37 0.194416

17 37 0.20178

18 37 0.208347

19 37 0.214092

20 37 0.218992

21 37 0.223028

22 37 0.226183

23 37 0.228446

24 37 0.229807

25 37 0.230262

26 37 0.229807

27 37 0.228446

28 37 0.226183

29 37 0.223028

30 37 0.218992

31 37 0.214092

32 37 0.208347

33 37 0.20178

34 37 0.194416

35 37 0.186286

36 37 0.17742

37 37 0.167854

38 37 0.157625

39 37 0.146774

40 37 0.135344

41 37 0.12338

42 37 0.110929

43 37 0.0980406

44 37 0.084765

45 37 0.0711548

46 37 0.0572637

47 37 0.0431467

48 37 0.0288594

49 37 0.0144582

50 37 0

0 38 0

1 38 0.0135772

2 38 0.0271008

3 38 0.0405175

4 38 0.0537742

5 38 0.0668188

6 38 0.0795996

7 38 0.0920663

8 38 0.10417

9 38 0.115862

10 38 0.127097

11 38 0.13783

12 38 0.14802

13 38 0.157625

14 38 0.166608

15 38 0.174934

16 38 0.182569

17 38 0.189484

18 38 0.195651

19 38 0.201046

20 38 0.205647

21 38 0.209437

22 38 0.2124

23 38 0.214525

24 38 0.215803

25 38 0.21623

26 38 0.215803

27 38 0.214525

28 38 0.2124

29 38 0.209437

30 38 0.205647

31 38 0.201046

32 38 0.195651

33 38 0.189484

34 38 0.182569

35 38 0.174934

36 38 0.166608

37 38 0.157625

38 38 0.14802

39 38 0.13783

40 38 0.127097

41 38 0.115862

42 38 0.10417

43 38 0.0920663

44 38 0.0795996

45 38 0.0668188

46 38 0.0537742

47 38 0.0405175

48 38 0.0271008

49 38 0.0135772

50 38 0

0 39 0

1 39 0.0126426

2 39 0.0252352

3 39 0.0377283

4 39 0.0500725

5 39 0.0622191

6 39 0.0741201

7 39 0.0857286

8 39 0.0969988

9 39 0.107886

10 39 0.118348

11 39 0.128342

12 39 0.13783

13 39 0.146774

14 39 0.155139

15 39 0.162892

16 39 0.170001

17 39 0.17644

18 39 0.182183

19 39 0.187206

20 39 0.191491

21 39 0.19502

22 39 0.197779

23 39 0.199757

24 39 0.200948

25 39 0.201345

26 39 0.200948

27 39 0.199757

28 39 0.197779

29 39 0.19502

30 39 0.191491

31 39 0.187206

32 39 0.182183

33 39 0.17644

34 39 0.170001

35 39 0.162892

36 39 0.155139

37 39 0.146774

38 39 0.13783

39 39 0.128342

40 39 0.118348

41 39 0.107886

42 39 0.0969988

43 39 0.0857286

44 39 0.0741201

45 39 0.0622191

46 39 0.0500725

47 39 0.0377283

48 39 0.0252352

49 39 0.0126426

50 39 0

0 40 0

1 40 0.011658

2 40 0.0232701

3 40 0.0347903

4 40 0.0461732

5 40 0.0573738

6 40 0.0683481

7 40 0.0790526

8 40 0.0894451

9 40 0.0994846

10 40 0.109131

11 40 0.118348

12 40 0.127097

13 40 0.135344

14 40 0.143058

15 40 0.150207

16 40 0.156763

17 40 0.1627

18 40 0.167995

19 40 0.172627

20 40 0.176578

21 40 0.179833

22 40 0.182377

23 40 0.184202

24 40 0.185299

25 40 0.185666

26 40 0.185299

27 40 0.184202

28 40 0.182377

29 40 0.179833

30 40 0.176578

31 40 0.172627

32 40 0.167995

33 40 0.1627

34 40 0.156763

35 40 0.150207

36 40 0.143058

37 40 0.135344

38 40 0.127097

39 40 0.118348

40 40 0.109131

41 40 0.0994846

42 40 0.0894451

43 40 0.0790526

44 40 0.0683481

45 40 0.0573738

46 40 0.0461732

47 40 0.0347903

48 40 0.0232701

49 40 0.011658

50 40 0

0 41 0

1 41 0.0106275

2 41 0.0212131

3 41 0.0317149

4 41 0.0420916

5 41 0.0523021

6 41 0.0623063

7 41 0.0720646

8 41 0.0815384

9 41 0.0906905

10 41 0.0994846

11 41 0.107886

12 41 0.115862

13 41 0.12338

14 41 0.130412

15 41 0.136929

16 41 0.142905

17 41 0.148318

18 41 0.153145

19 41 0.157368

20 41 0.160969

21 41 0.163936

22 41 0.166255

23 41 0.167919

24 41 0.168919

25 41 0.169253

26 41 0.168919

27 41 0.167919

28 41 0.166255

29 41 0.163936

30 41 0.160969

31 41 0.157368

32 41 0.153145

33 41 0.148318

34 41 0.142905

35 41 0.136929

36 41 0.130412

37 41 0.12338

38 41 0.115862

39 41 0.107886

40 41 0.0994846

41 41 0.0906905

42 41 0.0815384

43 41 0.0720646

44 41 0.0623063

45 41 0.0523021

46 41 0.0420916

47 41 0.0317149

48 41 0.0212131

49 41 0.0106275

50 41 0

0 42 0

1 42 0.00955503

2 42 0.0190723

3 42 0.0285144

4 42 0.0378439

5 42 0.0470241

6 42 0.0560186

7 42 0.0647921

8 42 0.0733099

9 42 0.0815384

10 42 0.0894451

11 42 0.0969988

12 42 0.10417

13 42 0.110929

14 42 0.117251

15 42 0.123111

16 42 0.128484

17 42 0.13335

18 42 0.13769

19 42 0.141487

20 42 0.144725

21 42 0.147392

22 42 0.149478

23 42 0.150973

24 42 0.151873

25 42 0.152173

26 42 0.151873

27 42 0.150973

28 42 0.149478

29 42 0.147392

30 42 0.144725

31 42 0.141487

32 42 0.13769

33 42 0.13335

34 42 0.128484

35 42 0.123111

36 42 0.117251

37 42 0.110929

38 42 0.10417

39 42 0.0969988

40 42 0.0894451

41 42 0.0815384

42 42 0.0733099

43 42 0.0647921

44 42 0.0560186

45 42 0.0470241

46 42 0.0378439

47 42 0.0285144

48 42 0.0190723

49 42 0.00955503

50 42 0

0 43 0

1 43 0.00844484

2 43 0.0168563

3 43 0.0252013

4 43 0.0334469

5 43 0.0415604

6 43 0.0495099

7 43 0.057264

8 43 0.0647921

9 43 0.0720646

10 43 0.0790526

11 43 0.0857286

12 43 0.0920663

13 43 0.0980406

14 43 0.103628

15 43 0.108807

16 43 0.113556

17 43 0.117856

18 43 0.121692

19 43 0.125048

20 43 0.12791

21 43 0.130267

22 43 0.13211

23 43 0.133432

24 43 0.134227

25 43 0.134492

26 43 0.134227

27 43 0.133432

28 43 0.13211

29 43 0.130267

30 43 0.12791

31 43 0.125048

32 43 0.121692

33 43 0.117856

34 43 0.113556

35 43 0.108807

36 43 0.103628

37 43 0.0980406

38 43 0.0920663

39 43 0.0857286

40 43 0.0790526

41 43 0.0720646

42 43 0.0647921

43 43 0.057264

44 43 0.0495099

45 43 0.0415604

46 43 0.0334469

47 43 0.0252013

48 43 0.0168563

49 43 0.00844484

50 43 0

0 44 0

1 44 0.00730132

2 44 0.0145738

3 44 0.0217888

4 44 0.0289178

5 44 0.0359327

6 44 0.0428058

7 44 0.0495099

8 44 0.0560186

9 44 0.0623063

10 44 0.0683481

11 44 0.0741201

12 44 0.0795996

13 44 0.084765

14 44 0.0895958

15 44 0.094073

16 44 0.098179

17 44 0.101898

18 44 0.105214

19 44 0.108115

20 44 0.110589

21 44 0.112627

22 44 0.114221

23 44 0.115364

24 44 0.116051

25 44 0.116281

26 44 0.116051

27 44 0.115364

28 44 0.114221

29 44 0.112627

30 44 0.110589

31 44 0.108115

32 44 0.105214

33 44 0.101898

34 44 0.098179

35 44 0.094073

36 44 0.0895958

37 44 0.084765

38 44 0.0795996

39 44 0.0741201

40 44 0.0683481

41 44 0.0623063

42 44 0.0560186

43 44 0.0495099

44 44 0.0428058

45 44 0.0359327

46 44 0.0289178

47 44 0.0217888

48 44 0.0145738

49 44 0.00730132

50 44 0

0 45 0

1 45 0.00612899

2 45 0.0122338

3 45 0.0182903

4 45 0.0242747

5 45 0.0301632

6 45 0.0359327

7 45 0.0415604

8 45 0.0470241

9 45 0.0523021

10 45 0.0573738

11 45 0.0622191

12 45 0.0668188

13 45 0.0711548

14 45 0.0752099

15 45 0.0789683

16 45 0.082415

17 45 0.0855364

18 45 0.0883203

19 45 0.0907556

20 45 0.0928328

21 45 0.0945436

22 45 0.0958812

23 45 0.0968405

24 45 0.0974176

25 45 0.0976102

26 45 0.0974176

27 45 0.0968405

28 45 0.0958812

29 45 0.0945436

30 45 0.0928328

31 45 0.0907556

32 45 0.0883203

33 45 0.0855364

34 45 0.082415

35 45 0.0789683

36 45 0.0752099

37 45 0.0711548

38 45 0.0668188

39 45 0.0622191

40 45 0.0573738

41 45 0.0523021

42 45 0.0470241

43 45 0.0415604

44 45 0.0359327

45 45 0.0301632

46 45 0.0242747

47 45 0.0182903

48 45 0.0122338

49 45 0.00612899

50 45 0

0 46 0

1 46 0.00493248

2 46 0.00984548

3 46 0.0147196

4 46 0.0195357

5 46 0.0242747

6 46 0.0289178

7 46 0.0334469

8 46 0.0378439

9 46 0.0420916

10 46 0.0461732

11 46 0.0500725

12 46 0.0537742

13 46 0.0572637

14 46 0.0605273

15 46 0.0635519

16 46 0.0663257

17 46 0.0688378

18 46 0.0710782

19 46 0.0730381

20 46 0.0747097

21 46 0.0760865

22 46 0.077163

23 46 0.077935

24 46 0.0783995

25 46 0.0785545

26 46 0.0783995

27 46 0.077935

28 46 0.077163

29 46 0.0760865

30 46 0.0747097

31 46 0.0730381

32 46 0.0710782

33 46 0.0688378

34 46 0.0663257

35 46 0.0635519

36 46 0.0605273

37 46 0.0572637

38 46 0.0537742

39 46 0.0500725

40 46 0.0461732

41 46 0.0420916

42 46 0.0378439

43 46 0.0334469

44 46 0.0289178

45 46 0.0242747

46 46 0.0195357

47 46 0.0147196

48 46 0.00984548

49 46 0.00493248

50 46 0

0 47 0

1 47 0.00371649

2 47 0.00741831

3 47 0.0110909

4 47 0.0147196

5 47 0.0182903

6 47 0.0217888

7 47 0.0252013

8 47 0.0285144

9 47 0.0317149

10 47 0.0347903

11 47 0.0377283

12 47 0.0405175

13 47 0.0431467

14 47 0.0456057

15 47 0.0478847

16 47 0.0499747

17 47 0.0518675

18 47 0.0535556

19 47 0.0550323

20 47 0.0562918

21 47 0.0573292

22 47 0.0581403

23 47 0.058722

24 47 0.0590719

25 47 0.0591887

26 47 0.0590719

27 47 0.058722

28 47 0.0581403

29 47 0.0573292

30 47 0.0562918

31 47 0.0550323

32 47 0.0535556

33 47 0.0518675

34 47 0.0499747

35 47 0.0478847

36 47 0.0456057

37 47 0.0431467

38 47 0.0405175

39 47 0.0377283

40 47 0.0347903

41 47 0.0317149

42 47 0.0285144

43 47 0.0252013

44 47 0.0217888

45 47 0.0182903

46 47 0.0147196

47 47 0.0110909

48 47 0.00741831

49 47 0.00371649

50 47 0

0 48 0

1 48 0.00248584

2 48 0.00496187

3 48 0.00741831

4 48 0.00984548

5 48 0.0122338

6 48 0.0145738

7 48 0.0168563

8 48 0.0190723

9 48 0.0212131

10 48 0.0232701

11 48 0.0252352

12 48 0.0271008

13 48 0.0288594

14 48 0.0305042

15 48 0.0320285

16 48 0.0334264

17 48 0.0346925

18 48 0.0358216

19 48 0.0368093

20 48 0.0376518

21 48 0.0383456

22 48 0.0388882

23 48 0.0392772

24 48 0.0395113

25 48 0.0395894

26 48 0.0395113

27 48 0.0392772

28 48 0.0388882

29 48 0.0383456

30 48 0.0376518

31 48 0.0368093

32 48 0.0358216

33 48 0.0346925

34 48 0.0334264

35 48 0.0320285

36 48 0.0305042

37 48 0.0288594

38 48 0.0271008

39 48 0.0252352

40 48 0.0232701

41 48 0.0212131

42 48 0.0190723

43 48 0.0168563

44 48 0.0145738

45 48 0.0122338

46 48 0.00984548

47 48 0.00741831

48 48 0.00496187

49 48 0.00248584

50 48 0

0 49 0

1 49 0.00124538

2 49 0.00248584

3 49 0.00371649

4 49 0.00493248

5 49 0.00612899

6 49 0.00730132

7 49 0.00844484

8 49 0.00955503

9 49 0.0106275

10 49 0.011658

11 49 0.0126426

12 49 0.0135772

13 49 0.0144582

14 49 0.0152822

15 49 0.0160459

16 49 0.0167463

17 49 0.0173805

18 49 0.0179462

19 49 0.018441

20 49 0.0188631

21 49 0.0192107

22 49 0.0194825

23 49 0.0196774

24 49 0.0197947

25 49 0.0198338

26 49 0.0197947

27 49 0.0196774

28 49 0.0194825

29 49 0.0192107

30 49 0.0188631

31 49 0.018441

32 49 0.0179462

33 49 0.0173805

34 49 0.0167463

35 49 0.0160459

36 49 0.0152822

37 49 0.0144582

38 49 0.0135772

39 49 0.0126426

40 49 0.011658

41 49 0.0106275

42 49 0.00955503

43 49 0.00844484

44 49 0.00730132

45 49 0.00612899

46 49 0.00493248

47 49 0.00371649

48 49 0.00248584

49 49 0.00124538

50 49 0

