0 1 0

1 1 0.00358635

2 1 0.00715854

3 1 0.0107025

4 1 0.0142042

5 1 0.0176498

6 1 0.0210258

7 1 0.0243188

8 1 0.0275159

9 1 0.0306043

10 1 0.033572

11 1 0.0364071

12 1 0.0390986

13 1 0.0416358

14 1 0.0440087

15 1 0.0462079

16 1 0.0482247

17 1 0.0500512

18 1 0.0516801

19 1 0.0531052

20 1 0.0543206

21 1 0.0553216

22 1 0.0561044

23 1 0.0566657

24 1 0.0570033

25 1 0.057116

26 1 0.0570033

27 1 0.0566657

28 1 0.0561044

29 1 0.0553216

30 1 0.0543206

31 1 0.0531052

32 1 0.0516801

33 1 0.0500512

34 1 0.0482247

35 1 0.0462079

36 1 0.0440087

37 1 0.0416358

38 1 0.0390986

39 1 0.0364071

40 1 0.033572

41 1 0.0306043

42 1 0.0275159

43 1 0.0243188

44 1 0.0210258

45 1 0.0176498

46 1 0.0142042

47 1 0.0107025

48 1 0.00715854

49 1 0.00358635

50 1 0

0 2 0

1 2 0.00715854

2 2 0.0142888

3 2 0.0213627

4 2 0.0283523

5 2 0.03523

6 2 0.0419687

7 2 0.0485417

8 2 0.0549231

9 2 0.0610878

10 2 0.0670114

11 2 0.0726706

12 2 0.0780429

13 2 0.0831073

14 2 0.0878437

15 2 0.0922333

16 2 0.096259

17 2 0.0999048

18 2 0.103156

19 2 0.106001

20 2 0.108427

21 2 0.110425

22 2 0.111987

23 2 0.113108

24 2 0.113782

25 2 0.114007

26 2 0.113782

27 2 0.113108

28 2 0.111987

29 2 0.110425

30 2 0.108427

31 2 0.106001

32 2 0.103156

33 2 0.0999048

34 2 0.096259

35 2 0.0922333

36 2 0.0878437

37 2 0.0831073

38 2 0.0780429

39 2 0.0726706

40 2 0.0670114

41 2 0.0610878

42 2 0.0549231

43 2 0.0485417

44 2 0.0419687

45 2 0.03523

46 2 0.0283523

47 2 0.0213627

48 2 0.0142888

49 2 0.00715854

50 2 0

0 3 0

1 3 0.0107025

2 3 0.0213627

3 3 0.0319387

4 3 0.0423885

5 3 0.0526711

6 3 0.0627459

7 3 0.072573

8 3 0.0821137

9 3 0.0913303

10 3 0.100186

11 3 0.108647

12 3 0.116679

13 3 0.124251

14 3 0.131332

15 3 0.137895

16 3 0.143913

17 3 0.149364

18 3 0.154225

19 3 0.158478

20 3 0.162105

21 3 0.165092

22 3 0.167428

23 3 0.169103

24 3 0.170111

25 3 0.170447

26 3 0.170111

27 3 0.169103

28 3 0.167428

29 3 0.165092

30 3 0.162105

31 3 0.158478

32 3 0.154225

33 3 0.149364

34 3 0.143913

35 3 0.137895

36 3 0.131332

37 3 0.124251

38 3 0.116679

39 3 0.108647

40 3 0.100186

41 3 0.0913303

42 3 0.0821137

43 3 0.072573

44 3 0.0627459

45 3 0.0526711

46 3 0.0423885

47 3 0.0319387

48 3 0.0213627

49 3 0.0107025

50 3 0

0 4 0

1 4 0.0142042

2 4 0.0283523

3 4 0.0423885

4 4 0.0562575

5 4 0.0699044

6 4 0.0832754

7 4 0.0963178

8 4 0.10898

9 4 0.121212

10 4 0.132966

11 4 0.144195

12 4 0.154855

13 4 0.164904

14 4 0.174302

15 4 0.183012

16 4 0.191

17 4 0.198234

18 4 0.204686

19 4 0.21033

20 4 0.215144

21 4 0.219108

22 4 0.222209

23 4 0.224432

24 4 0.225769

25 4 0.226215

26 4 0.225769

27 4 0.224432

28 4 0.222209

29 4 0.219108

30 4 0.215144

31 4 0.21033

32 4 0.204686

33 4 0.198234

34 4 0.191

35 4 0.183012

36 4 0.174302

37 4 0.164904

38 4 0.154855

39 4 0.144195

40 4 0.132966

41 4 0.121212

42 4 0.10898

43 4 0.0963178

44 4 0.0832754

45 4 0.0699044

46 4 0.0562575

47 4 0.0423885

48 4 0.0283523

49 4 0.0142042

50 4 0

0 5 0

1 5 0.0176498

2 5 0.03523

3 5 0.0526711

4 5 0.0699044

5 5 0.0868618

6 5 0.103476

7 5 0.119683

8 5 0.135416

9 5 0.150616

10 5 0.165221

11 5 0.179174

12 5 0.19242

13 5 0.204906

14 5 0.216584

15 5 0.227407

16 5 0.237333

17 5 0.246322

18 5 0.254338

19 5 0.261351

20 5 0.267333

21 5 0.27226

22 5 0.276112

23 5 0.278874

24 5 0.280536

25 5 0.281091

26 5 0.280536

27 5 0.278874

28 5 0.276112

29 5 0.27226

30 5 0.267333

31 5 0.261351

32 5 0.254338

33 5 0.246322

34 5 0.237333

35 5 0.227407

36 5 0.216584

37 5 0.204906

38 5 0.19242

39 5 0.179174

40 5 0.165221

41 5 0.150616

42 5 0.135416

43 5 0.119683

44 5 0.103476

45 5 0.0868618

46 5 0.0699044

47 5 0.0526711

48 5 0.03523

49 5 0.0176498

50 5 0

0 6 0

1 6 0.0210258

2 6 0.0419687

3 6 0.0627459

4 6 0.0832754

5 6 0.103476

6 6 0.123269

7 6 0.142575

8 6 0.161318

9 6 0.179425

10 6 0.196824

11 6 0.213446

12 6 0.229225

13 6 0.2441

14 6 0.258011

15 6 0.270905

16 6 0.282729

17 6 0.293437

18 6 0.302987

19 6 0.311342

20 6 0.318468

21 6 0.324336

22 6 0.328925

23 6 0.332216

24 6 0.334196

25 6 0.334857

26 6 0.334196

27 6 0.332216

28 6 0.328925

29 6 0.324336

30 6 0.318468

31 6 0.311342

32 6 0.302987

33 6 0.293437

34 6 0.282729

35 6 0.270905

36 6 0.258011

37 6 0.2441

38 6 0.229225

39 6 0.213446

40 6 0.196824

41 6 0.179425

42 6 0.161318

43 6 0.142575

44 6 0.123269

45 6 0.103476

46 6 0.0832754

47 6 0.0627459

48 6 0.0419687

49 6 0.0210258

50 6 0

0 7 0

1 7 0.0243188

2 7 0.0485417

3 7 0.072573

4 7 0.0963178

5 7 0.119683

6 7 0.142575

7 7 0.164905

8 7 0.186584

9 7 0.207526

10 7 0.22765

11 7 0.246875

12 7 0.265126

13 7 0.28233

14 7 0.298421

15 7 0.313333

16 7 0.327009

17 7 0.339394

18 7 0.35044

19 7 0.360103

20 7 0.368345

21 7 0.375133

22 7 0.380441

23 7 0.384247

24 7 0.386537

25 7 0.387301

26 7 0.386537

27 7 0.384247

28 7 0.380441

29 7 0.375133

30 7 0.368345

31 7 0.360103

32 7 0.35044

33 7 0.339394

34 7 0.327009

35 7 0.313333

36 7 0.298421

37 7 0.28233

38 7 0.265126

39 7 0.246875

40 7 0.22765

41 7 0.207526

42 7 0.186584

43 7 0.164905

44 7 0.142575

45 7 0.119683

46 7 0.0963178

47 7 0.072573

48 7 0.0485417

49 7 0.0243188

50 7 0

0 8 0

1 8 0.0275159

2 8 0.0549231

3 8 0.0821137

4 8 0.10898

5 8 0.135416

6 8 0.161318

7 8 0.186584

8 8 0.211113

9 8 0.234808

10 8 0.257577

11 8 0.27933

12 8 0.29998

13 8 0.319446

14 8 0.337652

15 8 0.354525

16 8 0.369999

17 8 0.384012

18 8 0.39651

19 8 0.407444

20 8 0.416769

21 8 0.424449

22 8 0.430455

23 8 0.434761

24 8 0.437352

25 8 0.438217

26 8 0.437352

27 8 0.434761

28 8 0.430455

29 8 0.424449

30 8 0.416769

31 8 0.407444

32 8 0.39651

33 8 0.384012

34 8 0.369999

35 8 0.354525

36 8 0.337652

37 8 0.319446

38 8 0.29998

39 8 0.27933

40 8 0.257577

41 8 0.234808

42 8 0.211113

43 8 0.186584

44 8 0.161318

45 8 0.135416

46 8 0.10898

47 8 0.0821137

48 8 0.0549231

49 8 0.0275159

50 8 0

0 9 0

1 9 0.0306043

2 9 0.0610878

3 9 0.0913303

4 9 0.121212

5 9 0.150616

6 9 0.179425

7 9 0.207526

8 9 0.234808

9 9 0.261164

10 9 0.286488

11 9 0.310683

12 9 0.333651

13 9 0.355302

14 9 0.375551

15 9 0.394318

16 9 0.411528

17 9 0.427115

18 9 0.441016

19 9 0.453176

20 9 0.463548

21 9 0.472091

22 9 0.47877

23 9 0.48356

24 9 0.486442

25 9 0.487403

26 9 0.486442

27 9 0.48356

28 9 0.47877

29 9 0.472091

30 9 0.463548

31 9 0.453176

32 9 0.441016

33 9 0.427115

34 9 0.411528

35 9 0.394318

36 9 0.375551

37 9 0.355302

38 9 0.333651

39 9 0.310683

40 9 0.286488

41 9 0.261164

42 9 0.234808

43 9 0.207526

44 9 0.179425

45 9 0.150616

46 9 0.121212

47 9 0.0913303

48 9 0.0610878

49 9 0.0306043

50 9 0

0 10 0

1 10 0.033572

2 10 0.0670114

3 10 0.100186

4 10 0.132966

5 10 0.165221

6 10 0.196824

7 10 0.22765

8 10 0.257577

9 10 0.286488

10 10 0.314269

11 10 0.340809

12 10 0.366004

13 10 0.389755

14 10 0.411967

15 10 0.432554

16 10 0.451434

17 10 0.468532

18 10 0.48378

19 10 0.49712

20 10 0.508498

21 10 0.517869

22 10 0.525196

23 10 0.53045

24 10 0.533611

25 10 0.534666

26 10 0.533611

27 10 0.53045

28 10 0.525196

29 10 0.517869

30 10 0.508498

31 10 0.49712

32 10 0.48378

33 10 0.468532

34 10 0.451434

35 10 0.432554

36 10 0.411967

37 10 0.389755

38 10 0.366004

39 10 0.340809

40 10 0.314269

41 10 0.286488

42 10 0.257577

43 10 0.22765

44 10 0.196824

45 10 0.165221

46 10 0.132966

47 10 0.100186

48 10 0.0670114

49 10 0.033572

50 10 0

0 11 0

1 11 0.0364071

2 11 0.0726706

3 11 0.108647

4 11 0.144195

5 11 0.179174

6 11 0.213446

7 11 0.246875

8 11 0.27933

9 11 0.310683

10 11 0.340809

11 11 0.369591

12 11 0.396913

13 11 0.42267

14 11 0.446758

15 11 0.469083

16 11 0.489557

17 11 0.508099

18 11 0.524636

19 11 0.539102

20 11 0.551441

21 11 0.561603

22 11 0.569549

23 11 0.575247

24 11 0.578675

25 11 0.579819

26 11 0.578675

27 11 0.575247

28 11 0.569549

29 11 0.561603

30 11 0.551441

31 11 0.539102

32 11 0.524636

33 11 0.508099

34 11 0.489557

35 11 0.469083

36 11 0.446758

37 11 0.42267

38 11 0.396913

39 11 0.369591

40 11 0.340809

41 11 0.310683

42 11 0.27933

43 11 0.246875

44 11 0.213446

45 11 0.179174

46 11 0.144195

47 11 0.108647

48 11 0.0726706

49 11 0.0364071

50 11 0

0 12 0

1 12 0.0390986

2 12 0.0780429

3 12 0.116679

4 12 0.154855

5 12 0.19242

6 12 0.229225

7 12 0.265126

8 12 0.29998

9 12 0.333651

10 12 0.366004

11 12 0.396913

12 12 0.426256

13 12 0.453917

14 12 0.479786

15 12 0.503762

16 12 0.525749

17 12 0.545662

18 12 0.563421

19 12 0.578957

20 12 0.592207

21 12 0.603121

22 12 0.611654

23 12 0.617774

24 12 0.621455

25 12 0.622684

26 12 0.621455

27 12 0.617774

28 12 0.611654

29 12 0.603121

30 12 0.592207

31 12 0.578957

32 12 0.563421

33 12 0.545662

34 12 0.525749

35 12 0.503762

36 12 0.479786

37 12 0.453917

38 12 0.426256

39 12 0.396913

40 12 0.366004

41 12 0.333651

42 12 0.29998

43 12 0.265126

44 12 0.229225

45 12 0.19242

46 12 0.154855

47 12 0.116679

48 12 0.0780429

49 12 0.0390986

50 12 0

0 13 0

1 13 0.0416358

2 13 0.0831073

3 13 0.124251

4 13 0.164904

5 13 0.204906

6 13 0.2441

7 13 0.28233

8 13 0.319446

9 13 0.355302

10 13 0.389755

11 13 0.42267

12 13 0.453917

13 13 0.483372

14 13 0.51092

15 13 0.536452

16 13 0.559866

17 13 0.581071

18 13 0.599982

19 13 0.616526

20 13 0.630637

21 13 0.642258

22 13 0.651345

23 13 0.657862

24 13 0.661782

25 13 0.663091

26 13 0.661782

27 13 0.657862

28 13 0.651345

29 13 0.642258

30 13 0.630637

31 13 0.616526

32 13 0.599982

33 13 0.581071

34 13 0.559866

35 13 0.536452

36 13 0.51092

37 13 0.483372

38 13 0.453917

39 13 0.42267

40 13 0.389755

41 13 0.355302

42 13 0.319446

43 13 0.28233

44 13 0.2441

45 13 0.204906

46 13 0.164904

47 13 0.124251

48 13 0.0831073

49 13 0.0416358

50 13 0

0 14 0

1 14 0.0440087

2 14 0.0878437

3 14 0.131332

4 14 0.174302

5 14 0.216584

6 14 0.258011

7 14 0.298421

8 14 0.337652

9 14 0.375551

10 14 0.411967

11 14 0.446758

12 14 0.479786

13 14 0.51092

14 14 0.540038

15 14 0.567024

16 14 0.591773

17 14 0.614187

18 14 0.634176

19 14 0.651662

20 14 0.666577

21 14 0.678861

22 14 0.688466

23 14 0.695354

24 14 0.699498

25 14 0.700881

26 14 0.699498

27 14 0.695354

28 14 0.688466

29 14 0.678861

30 14 0.666577

31 14 0.651662

32 14 0.634176

33 14 0.614187

34 14 0.591773

35 14 0.567024

36 14 0.540038

37 14 0.51092

38 14 0.479786

39 14 0.446758

40 14 0.411967

41 14 0.375551

42 14 0.337652

43 14 0.298421

44 14 0.258011

45 14 0.216584

46 14 0.174302

47 14 0.131332

48 14 0.0878437

49 14 0.0440087

50 14 0

0 15 0

1 15 0.0462079

2 15 0.0922333

3 15 0.137895

4 15 0.183012

5 15 0.227407

6 15 0.270905

7 15 0.313333

8 15 0.354525

9 15 0.394318

10 15 0.432554

11 15 0.469083

12 15 0.503762

13 15 0.536452

14 15 0.567024

15 15 0.59536

16 15 0.621345

17 15 0.644878

18 15 0.665867

19 15 0.684227

20 15 0.699887

21 15 0.712785

22 15 0.72287

23 15 0.730102

24 15 0.734453

25 15 0.735905

26 15 0.734453

27 15 0.730102

28 15 0.72287

29 15 0.712785

30 15 0.699887

31 15 0.684227

32 15 0.665867

33 15 0.644878

34 15 0.621345

35 15 0.59536

36 15 0.567024

37 15 0.536452

38 15 0.503762

39 15 0.469083

40 15 0.432554

41 15 0.394318

42 15 0.354525

43 15 0.313333

44 15 0.270905

45 15 0.227407

46 15 0.183012

47 15 0.137895

48 15 0.0922333

49 15 0.0462079

50 15 0

0 16 0

1 16 0.0482247

2 16 0.096259

3 16 0.143913

4 16 0.191

5 16 0.237333

6 16 0.282729

7 16 0.327009

8 16 0.369999

9 16 0.411528

10 16 0.451434

11 16 0.489557

12 16 0.525749

13 16 0.559866

14 16 0.591773

15 16 0.621345

16 16 0.648465

17 16 0.673025

18 16 0.69493

19 16 0.714091

20 16 0.730435

21 16 0.743896

22 16 0.754421

23 16 0.761969

24 16 0.766509

25 16 0.768025

26 16 0.766509

27 16 0.761969

28 16 0.754421

29 16 0.743896

30 16 0.730435

31 16 0.714091

32 16 0.69493

33 16 0.673025

34 16 0.648465

35 16 0.621345

36 16 0.591773

37 16 0.559866

38 16 0.525749

39 16 0.489557

40 16 0.451434

41 16 0.411528

42 16 0.369999

43 16 0.327009

44 16 0.282729

45 16 0.237333

46 16 0.191

47 16 0.143913

48 16 0.096259

49 16 0.0482247

50 16 0

0 17 0

1 17 0.0500512

2 17 0.0999048

3 17 0.149364

4 17 0.198234

5 17 0.246322

6 17 0.293437

7 17 0.339394

8 17 0.384012

9 17 0.427115

10 17 0.468532

11 17 0.508099

12 17 0.545662

13 17 0.581071

14 17 0.614187

15 17 0.644878

16 17 0.673025

17 17 0.698516

18 17 0.72125

19 17 0.741137

20 17 0.7581

21 17 0.772071

22 17 0.782994

23 17 0.790828

24 17 0.795541

25 17 0.797114

26 17 0.795541

27 17 0.790828

28 17 0.782994

29 17 0.772071

30 17 0.7581

31 17 0.741137

32 17 0.72125

33 17 0.698516

34 17 0.673025

35 17 0.644878

36 17 0.614187

37 17 0.581071

38 17 0.545662

39 17 0.508099

40 17 0.468532

41 17 0.427115

42 17 0.384012

43 17 0.339394

44 17 0.293437

45 17 0.246322

46 17 0.198234

47 17 0.149364

48 17 0.0999048

49 17 0.0500512

50 17 0

0 18 0

1 18 0.0516801

2 18 0.103156

3 18 0.154225

4 18 0.204686

5 18 0.254338

6 18 0.302987

7 18 0.35044

8 18 0.39651

9 18 0.441016

10 18 0.48378

11 18 0.524636

12 18 0.563421

13 18 0.599982

14 18 0.634176

15 18 0.665867

16 18 0.69493

17 18 0.72125

18 18 0.744724

19 18 0.765259

20 18 0.782773

21 18 0.797199

22 18 0.808478

23 18 0.816566

24 18 0.821432

25 18 0.823056

26 18 0.821432

27 18 0.816566

28 18 0.808478

29 18 0.797199

30 18 0.782773

31 18 0.765259

32 18 0.744724

33 18 0.72125

34 18 0.69493

35 18 0.665867

36 18 0.634176

37 18 0.599982

38 18 0.563421

39 18 0.524636

40 18 0.48378

41 18 0.441016

42 18 0.39651

43 18 0.35044

44 18 0.302987

45 18 0.254338

46 18 0.204686

47 18 0.154225

48 18 0.103156

49 18 0.0516801

50 18 0

0 19 0

1 19 0.0531052

2 19 0.106001

3 19 0.158478

4 19 0.21033

5 19 0.261351

6 19 0.311342

7 19 0.360103

8 19 0.407444

9 19 0.453176

10 19 0.49712

11 19 0.539102

12 19 0.578957

13 19 0.616526

14 19 0.651662

15 19 0.684227

16 19 0.714091

17 19 0.741137

18 19 0.765259

19 19 0.78636

20 19 0.804357

21 19 0.81918

22 19 0.830771

23 19 0.839082

24 19 0.844082

25 19 0.845751

26 19 0.844082

27 19 0.839082

28 19 0.830771

29 19 0.81918

30 19 0.804357

31 19 0.78636

32 19 0.765259

33 19 0.741137

34 19 0.714091

35 19 0.684227

36 19 0.651662

37 19 0.616526

38 19 0.578957

39 19 0.539102

40 19 0.49712

41 19 0.453176

42 19 0.407444

43 19 0.360103

44 19 0.311342

45 19 0.261351

46 19 0.21033

47 19 0.158478

48 19 0.106001

49 19 0.0531052

50 19 0

0 20 0

1 20 0.0543206

2 20 0.108427

3 20 0.162105

4 20 0.215144

5 20 0.267333

6 20 0.318468

7 20 0.368345

8 20 0.416769

9 20 0.463548

10 20 0.508498

11 20 0.551441

12 20 0.592207

13 20 0.630637

14 20 0.666577

15 20 0.699887

16 20 0.730435

17 20 0.7581

18 20 0.782773

19 20 0.804357

20 20 0.822767

21 20 0.837929

22 20 0.849785

23 20 0.858286

24 20 0.863401

25 20 0.865108

26 20 0.863401

27 20 0.858286

28 20 0.849785

29 20 0.837929

30 20 0.822767

31 20 0.804357

32 20 0.782773

33 20 0.7581

34 20 0.730435

35 20 0.699887

36 20 0.666577

37 20 0.630637

38 20 0.592207

39 20 0.551441

40 20 0.508498

41 20 0.463548

42 20 0.416769

43 20 0.368345

44 20 0.318468

45 20 0.267333

46 20 0.215144

47 20 0.162105

48 20 0.108427

49 20 0.0543206

50 20 0

0 21 0

1 21 0.0553216

2 21 0.110425

3 21 0.165092

4 21 0.219108

5 21 0.27226

6 21 0.324336

7 21 0.375133

8 21 0.424449

9 21 0.472091

10 21 0.517869

11 21 0.561603

12 21 0.603121

13 21 0.642258

14 21 0.678861

15 21 0.712785

16 21 0.743896

17 21 0.772071

18 21 0.797199

19 21 0.81918

20 21 0.837929

21 21 0.853371

22 21 0.865445

23 21 0.874104

24 21 0.879312

25 21 0.881051

26 21 0.879312

27 21 0.874104

28 21 0.865445

29 21 0.853371

30 21 0.837929

31 21 0.81918

32 21 0.797199

33 21 0.772071

34 21 0.743896

35 21 0.712785

36 21 0.678861

37 21 0.642258

38 21 0.603121

39 21 0.561603

40 21 0.517869

41 21 0.472091

42 21 0.424449

43 21 0.375133

44 21 0.324336

45 21 0.27226

46 21 0.219108

47 21 0.165092

48 21 0.110425

49 21 0.0553216

50 21 0

0 22 0

1 22 0.0561044

2 22 0.111987

3 22 0.167428

4 22 0.222209

5 22 0.276112

6 22 0.328925

7 22 0.380441

8 22 0.430455

9 22 0.47877

10 22 0.525196

11 22 0.569549

12 22 0.611654

13 22 0.651345

14 22 0.688466

15 22 0.72287

16 22 0.754421

17 22 0.782994

18 22 0.808478

19 22 0.830771

20 22 0.849785

21 22 0.865445

22 22 0.87769

23 22 0.886471

24 22 0.891753

25 22 0.893516

26 22 0.891753

27 22 0.886471

28 22 0.87769

29 22 0.865445

30 22 0.849785

31 22 0.830771

32 22 0.808478

33 22 0.782994

34 22 0.754421

35 22 0.72287

36 22 0.688466

37 22 0.651345

38 22 0.611654

39 22 0.569549

40 22 0.525196

41 22 0.47877

42 22 0.430455

43 22 0.380441

44 22 0.328925

45 22 0.276112

46 22 0.222209

47 22 0.167428

48 22 0.111987

49 22 0.0561044

50 22 0

0 23 0

1 23 0.0566657

2 23 0.113108

3 23 0.169103

4 23 0.224432

5 23 0.278874

6 23 0.332216

7 23 0.384247

8 23 0.434761

9 23 0.48356

10 23 0.53045

11 23 0.575247

12 23 0.617774

13 23 0.657862

14 23 0.695354

15 23 0.730102

16 23 0.761969

17 23 0.790828

18 23 0.816566

19 23 0.839082

20 23 0.858286

21 23 0.874104

22 23 0.886471

23 23 0.89534

24 23 0.900675

25 23 0.902456

26 23 0.900675

27 23 0.89534

28 23 0.886471

29 23 0.874104

30 23 0.858286

31 23 0.839082

32 23 0.816566

33 23 0.790828

34 23 0.761969

35 23 0.730102

36 23 0.695354

37 23 0.657862

38 23 0.617774

39 23 0.575247

40 23 0.53045

41 23 0.48356

42 23 0.434761

43 23 0.384247

44 23 0.332216

45 23 0.278874

46 23 0.224432

47 23 0.169103

48 23 0.113108

49 23 0.0566657

50 23 0

0 24 0

1 24 0.0570033

2 24 0.113782

3 24 0.170111

4 24 0.225769

5 24 0.280536

6 24 0.334196

7 24 0.386537

8 24 0.437352

9 24 0.486442

10 24 0.533611

11 24 0.578675

12 24 0.621455

13 24 0.661782

14 24 0.699498

15 24 0.734453

16 24 0.766509

17 24 0.795541

18 24 0.821432

19 24 0.844082

20 24 0.863401

21 24 0.879312

22 24 0.891753

23 24 0.900675

24 24 0.906042

25 24 0.907834

26 24 0.906042

27 24 0.900675

28 24 0.891753

29 24 0.879312

30 24 0.863401

31 24 0.844082

32 24 0.821432

33 24 0.795541

34 24 0.766509

35 24 0.734453

36 24 0.699498

37 24 0.661782

38 24 0.621455

39 24 0.578675

40 24 0.533611

41 24 0.486442

42 24 0.437352

43 24 0.386537

44 24 0.334196

45 24 0.280536

46 24 0.225769

47 24 0.170111

48 24 0.113782

49 24 0.0570033

50 24 0

0 25 0

1 25 0.057116

2 25 0.114007

3 25 0.170447

4 25 0.226215

5 25 0.281091

6 25 0.334857

7 25 0.387301

8 25 0.438217

9 25 0.487403

10 25 0.534666

11 25 0.579819

12 25 0.622684

13 25 0.663091

14 25 0.700881

15 25 0.735905

16 25 0.768025

17 25 0.797114

18 25 0.823056

19 25 0.845751

20 25 0.865108

21 25 0.881051

22 25 0.893516

23 25 0.902456

24 25 0.907834

25 25 0.909629

26 25 0.907834

27 25 0.902456

28 25 0.893516

29 25 0.881051

30 25 0.865108

31 25 0.845751

32 25 0.823056

33 25 0.797114

34 25 0.768025

35 25 0.735905

36 25 0.700881

37 25 0.663091

38 25 0.622684

39 25 0.579819

40 25 0.534666

41 25 0.487403

42 25 0.438217

43 25 0.387301

44 25 0.334857

45 25 0.281091

46 25 0.226215

47 25 0.170447

48 25 0.114007

49 25 0.057116

50 25 0

0 26 0

1 26 0.0570033

2 26 0.113782

3 26 0.170111

4 26 0.225769

5 26 0.280536

6 26 0.334196

7 26 0.386537

8 26 0.437352

9 26 0.486442

10 26 0.533611

11 26 0.578675

12 26 0.621455

13 26 0.661782

14 26 0.699498

15 26 0.734453

16 26 0.766509

17 26 0.795541

18 26 0.821432

19 26 0.844082

20 26 0.863401

21 26 0.879312

22 26 0.891753

23 26 0.900675

24 26 0.906042

25 26 0.907834

26 26 0.906042

27 26 0.900675

28 26 0.891753

29 26 0.879312

30 26 0.863401

31 26 0.844082

32 26 0.821432

33 26 0.795541

34 26 0.766509

35 26 0.734453

36 26 0.699498

37 26 0.661782

38 26 0.621455

39 26 0.578675

40 26 0.533611

41 26 0.486442

42 26 0.437352

43 26 0.386537

44 26 0.334196

45 26 0.280536

46 26 0.225769

47 26 0.170111

48 26 0.113782

49 26 0.0570033

50 26 0

0 27 0

1 27 0.0566657

2 27 0.113108

3 27 0.169103

4 27 0.224432

5 27 0.278874

6 27 0.332216

7 27 0.384247

8 27 0.434761

9 27 0.48356

10 27 0.53045

11 27 0.575247

12 27 0.617774

13 27 0.657862

14 27 0.695354

15 27 0.730102

16 27 0.761969

17 27 0.790828

18 27 0.816566

19 27 0.839082

20 27 0.858286

21 27 0.874104

22 27 0.886471

23 27 0.89534

24 27 0.900675

25 27 0.902456

26 27 0.900675

27 27 0.89534

28 27 0.886471

29 27 0.874104

30 27 0.858286

31 27 0.839082

32 27 0.816566

33 27 0.790828

34 27 0.761969

35 27 0.730102

36 27 0.695354

37 27 0.657862

38 27 0.617774

39 27 0.575247

40 27 0.53045

41 27 0.48356

42 27 0.434761

43 27 0.384247

44 27 0.332216

45 27 0.278874

46 27 0.224432

47 27 0.169103

48 27 0.113108

49 27 0.0566657

50 27 0

0 28 0

1 28 0.0561044

2 28 0.111987

3 28 0.167428

4 28 0.222209

5 28 0.276112

6 28 0.328925

7 28 0.380441

8 28 0.430455

9 28 0.47877

10 28 0.525196

11 28 0.569549

12 28 0.611654

13 28 0.651345

14 28 0.688466

15 28 0.72287

16 28 0.754421

17 28 0.782994

18 28 0.808478

19 28 0.830771

20 28 0.849785

21 28 0.865445

22 28 0.87769

23 28 0.886471

24 28 0.891753

25 28 0.893516

26 28 0.891753

27 28 0.886471

28 28 0.87769

29 28 0.865445

30 28 0.849785

31 28 0.830771

32 28 0.808478

33 28 0.782994

34 28 0.754421

35 28 0.72287

36 28 0.688466

37 28 0.651345

38 28 0.611654

39 28 0.569549

40 28 0.525196

41 28 0.47877

42 28 0.430455

43 28 0.380441

44 28 0.328925

45 28 0.276112

46 28 0.222209

47 28 0.167428

48 28 0.111987

49 28 0.0561044

50 28 0

0 29 0

1 29 0.0553216

2 29 0.110425

3 29 0.165092

4 29 0.219108

5 29 0.27226

6 29 0.324336

7 29 0.375133

8 29 0.424449

9 29 0.472091

10 29 0.517869

11 29 0.561603

12 29 0.603121

13 29 0.642258

14 29 0.678861

15 29 0.712785

16 29 0.743896

17 29 0.772071

18 29 0.797199

19 29 0.81918

20 29 0.837929

21 29 0.853371

22 29 0.865445

23 29 0.874104

24 29 0.879312

25 29 0.881051

26 29 0.879312

27 29 0.874104

28 29 0.865445

29 29 0.853371

30 29 0.837929

31 29 0.81918

32 29 0.797199

33 29 0.772071

34 29 0.743896

35 29 0.712785

36 29 0.678861

37 29 0.642258

38 29 0.603121

39 29 0.561603

40 29 0.517869

41 29 0.472091

42 29 0.424449

43 29 0.375133

44 29 0.324336

45 29 0.27226

46 29 0.219108

47 29 0.165092

48 29 0.110425

49 29 0.0553216

50 29 0

0 30 0

1 30 0.0543206

2 30 0.108427

3 30 0.162105

4 30 0.215144

5 30 0.267333

6 30 0.318468

7 30 0.368345

8 30 0.416769

9 30 0.463548

10 30 0.508498

11 30 0.551441

12 30 0.592207

13 30 0.630637

14 30 0.666577

15 30 0.699887

16 30 0.730435

17 30 0.7581

18 30 0.782773

19 30 0.804357

20 30 0.822767

21 30 0.837929

22 30 0.849785

23 30 0.858286

24 30 0.863401

25 30 0.865108

26 30 0.863401

27 30 0.858286

28 30 0.849785

29 30 0.837929

30 30 0.822767

31 30 0.804357

32 30 0.782773

33 30 0.7581

34 30 0.730435

35 30 0.699887

36 30 0.666577

37 30 0.630637

38 30 0.592207

39 30 0.551441

40 30 0.508498

41 30 0.463548

42 30 0.416769

43 30 0.368345

44 30 0.318468

45 30 0.267333

46 30 0.215144

47 30 0.162105

48 30 0.108427

49 30 0.0543206

50 30 0

0 31 0

1 31 0.0531052

2 31 0.106001

3 31 0.158478

4 31 0.21033

5 31 0.261351

6 31 0.311342

7 31 0.360103

8 31 0.407444

9 31 0.453176

10 31 0.49712

11 31 0.539102

12 31 0.578957

13 31 0.616526

14 31 0.651662

15 31 0.684227

16 31 0.714091

17 31 0.741137

18 31 0.765259

19 31 0.78636

20 31 0.804357

21 31 0.81918

22 31 0.830771

23 31 0.839082

24 31 0.844082

25 31 0.845751

26 31 0.844082

27 31 0.839082

28 31 0.830771

29 31 0.81918

30 31 0.804357

31 31 0.78636

32 31 0.765259

33 31 0.741137

34 31 0.714091

35 31 0.684227

36 31 0.651662

37 31 0.616526

38 31 0.578957

39 31 0.539102

40 31 0.49712

41 31 0.453176

42 31 0.407444

43 31 0.360103

44 31 0.311342

45 31 0.261351

46 31 0.21033

47 31 0.158478

48 31 0.106001

49 31 0.0531052

50 31 0

0 32 0

1 32 0.0516801

2 32 0.103156

3 32 0.154225

4 32 0.204686

5 32 0.254338

6 32 0.302987

7 32 0.35044

8 32 0.39651

9 32 0.441016

10 32 0.48378

11 32 0.524636

12 32 0.563421

13 32 0.599982

14 32 0.634176

15 32 0.665867

16 32 0.69493

17 32 0.72125

18 32 0.744724

19 32 0.765259

20 32 0.782773

21 32 0.797199

22 32 0.808478

23 32 0.816566

24 32 0.821432

25 32 0.823056

26 32 0.821432

27 32 0.816566

28 32 0.808478

29 32 0.797199

30 32 0.782773

31 32 0.765259

32 32 0.744724

33 32 0.72125

34 32 0.69493

35 32 0.665867

36 32 0.634176

37 32 0.599982

38 32 0.563421

39 32 0.524636

40 32 0.48378

41 32 0.441016

42 32 0.39651

43 32 0.35044

44 32 0.302987

45 32 0.254338

46 32 0.204686

47 32 0.154225

48 32 0.103156

49 32 0.0516801

50 32 0

0 33 0

1 33 0.0500512

2 33 0.0999048

3 33 0.149364

4 33 0.198234

5 33 0.246322

6 33 0.293437

7 33 0.339394

8 33 0.384012

9 33 0.427115

10 33 0.468532

11 33 0.508099

12 33 0.545662

13 33 0.581071

14 33 0.614187

15 33 0.644878

16 33 0.673025

17 33 0.698516

18 33 0.72125

19 33 0.741137

20 33 0.7581

21 33 0.772071

22 33 0.782994

23 33 0.790828

24 33 0.795541

25 33 0.797114

26 33 0.795541

27 33 0.790828

28 33 0.782994

29 33 0.772071

30 33 0.7581

31 33 0.741137

32 33 0.72125

33 33 0.698516

34 33 0.673025

35 33 0.644878

36 33 0.614187

37 33 0.581071

38 33 0.545662

39 33 0.508099

40 33 0.468532

41 33 0.427115

42 33 0.384012

43 33 0.339394

44 33 0.293437

45 33 0.246322

46 33 0.198234

47 33 0.149364

48 33 0.0999048

49 33 0.0500512

50 33 0

0 34 0

1 34 0.0482247

2 34 0.096259

3 34 0.143913

4 34 0.191

5 34 0.237333

6 34 0.282729

7 34 0.327009

8 34 0.369999

9 34 0.411528

10 34 0.451434

11 34 0.489557

12 34 0.525749

13 34 0.559866

14 34 0.591773

15 34 0.621345

16 34 0.648465

17 34 0.673025

18 34 0.69493

19 34 0.714091

20 34 0.730435

21 34 0.743896

22 34 0.754421

23 34 0.761969

24 34 0.766509

25 34 0.768025

26 34 0.766509

27 34 0.761969

28 34 0.754421

29 34 0.743896

30 34 0.730435

31 34 0.714091

32 34 0.69493

33 34 0.673025

34 34 0.648465

35 34 0.621345

36 34 0.591773

37 34 0.559866

38 34 0.525749

39 34 0.489557

40 34 0.451434

41 34 0.411528

42 34 0.369999

43 34 0.327009

44 34 0.282729

45 34 0.237333

46 34 0.191

47 34 0.143913

48 34 0.096259

49 34 0.0482247

50 34 0

0 35 0

1 35 0.0462079

2 35 0.0922333

3 35 0.137895

4 35 0.183012

5 35 0.227407

6 35 0.270905

7 35 0.313333

8 35 0.354525

9 35 0.394318

10 35 0.432554

11 35 0.469083

12 35 0.503762

13 35 0.536452

14 35 0.567024

15 35 0.59536

16 35 0.621345

17 35 0.644878

18 35 0.665867

19 35 0.684227

20 35 0.699887

21 35 0.712785

22 35 0.72287

23 35 0.730102

24 35 0.734453

25 35 0.735905

26 35 0.734453

27 35 0.730102

28 35 0.72287

29 35 0.712785

30 35 0.699887

31 35 0.684227

32 35 0.665867

33 35 0.644878

34 35 0.621345

35 35 0.59536

36 35 0.567024

37 35 0.536452

38 35 0.503762

39 35 0.469083

40 35 0.432554

41 35 0.394318

42 35 0.354525

43 35 0.313333

44 35 0.270905

45 35 0.227407

46 35 0.183012

47 35 0.137895

48 35 0.0922333

49 35 0.0462079

50 35 0

0 36 0

1 36 0.0440087

2 36 0.0878437

3 36 0.131332

4 36 0.174302

5 36 0.216584

6 36 0.258011

7 36 0.298421

8 36 0.337652

9 36 0.375551

10 36 0.411967

11 36 0.446758

12 36 0.479786

13 36 0.51092

14 36 0.540038

15 36 0.567024

16 36 0.591773

17 36 0.614187

18 36 0.634176

19 36 0.651662

20 36 0.666577

21 36 0.678861

22 36 0.688466

23 36 0.695354

24 36 0.699498

25 36 0.700881

26 36 0.699498

27 36 0.695354

28 36 0.688466

29 36 0.678861

30 36 0.666577

31 36 0.651662

32 36 0.634176

33 36 0.614187

34 36 0.591773

35 36 0.567024

36 36 0.540038

37 36 0.51092

38 36 0.479786

39 36 0.446758

40 36 0.411967

41 36 0.375551

42 36 0.337652

43 36 0.298421

44 36 0.258011

45 36 0.216584

46 36 0.174302

47 36 0.131332

48 36 0.0878437

49 36 0.0440087

50 36 0

0 37 0

1 37 0.0416358

2 37 0.0831073

3 37 0.124251

4 37 0.164904

5 37 0.204906

6 37 0.2441

7 37 0.28233

8 37 0.319446

9 37 0.355302

10 37 0.389755

11 37 0.42267

12 37 0.453917

13 37 0.483372

14 37 0.51092

15 37 0.536452

16 37 0.559866

17 37 0.581071

18 37 0.599982

19 37 0.616526

20 37 0.630637

21 37 0.642258

22 37 0.651345

23 37 0.657862

24 37 0.661782

25 37 0.663091

26 37 0.661782

27 37 0.657862

28 37 0.651345

29 37 0.642258

30 37 0.630637

31 37 0.616526

32 37 0.599982

33 37 0.581071

34 37 0.559866

35 37 0.536452

36 37 0.51092

37 37 0.483372

38 37 0.453917

39 37 0.42267

40 37 0.389755

41 37 0.355302

42 37 0.319446

43 37 0.28233

44 37 0.2441

45 37 0.204906

46 37 0.164904

47 37 0.124251

48 37 0.0831073

49 37 0.0416358

50 37 0

0 38 0

1 38 0.0390986

2 38 0.0780429

3 38 0.116679

4 38 0.154855

5 38 0.19242

6 38 0.229225

7 38 0.265126

8 38 0.29998

9 38 0.333651

10 38 0.366004

11 38 0.396913

12 38 0.426256

13 38 0.453917

14 38 0.479786

15 38 0.503762

16 38 0.525749

17 38 0.545662

18 38 0.563421

19 38 0.578957

20 38 0.592207

21 38 0.603121

22 38 0.611654

23 38 0.617774

24 38 0.621455

25 38 0.622684

26 38 0.621455

27 38 0.617774

28 38 0.611654

29 38 0.603121

30 38 0.592207

31 38 0.578957

32 38 0.563421

33 38 0.545662

34 38 0.525749

35 38 0.503762

36 38 0.479786

37 38 0.453917

38 38 0.426256

39 38 0.396913

40 38 0.366004

41 38 0.333651

42 38 0.29998

43 38 0.265126

44 38 0.229225

45 38 0.19242

46 38 0.154855

47 38 0.116679

48 38 0.0780429

49 38 0.0390986

50 38 0

0 39 0

1 39 0.0364071

2 39 0.0726706

3 39 0.108647

4 39 0.144195

5 39 0.179174

6 39 0.213446

7 39 0.246875

8 39 0.27933

9 39 0.310683

10 39 0.340809

11 39 0.369591

12 39 0.396913

13 39 0.42267

14 39 0.446758

15 39 0.469083

16 39 0.489557

17 39 0.508099

18 39 0.524636

19 39 0.539102

20 39 0.551441

21 39 0.561603

22 39 0.569549

23 39 0.575247

24 39 0.578675

25 39 0.579819

26 39 0.578675

27 39 0.575247

28 39 0.569549

29 39 0.561603

30 39 0.551441

31 39 0.539102

32 39 0.524636

33 39 0.508099

34 39 0.489557

35 39 0.469083

36 39 0.446758

37 39 0.42267

38 39 0.396913

39 39 0.369591

40 39 0.340809

41 39 0.310683

42 39 0.27933

43 39 0.246875

44 39 0.213446

45 39 0.179174

46 39 0.144195

47 39 0.108647

48 39 0.0726706

49 39 0.0364071

50 39 0

0 40 0

1 40 0.033572

2 40 0.0670114

3 40 0.100186

4 40 0.132966

5 40 0.165221

6 40 0.196824

7 40 0.22765

8 40 0.257577

9 40 0.286488

10 40 0.314269

11 40 0.340809

12 40 0.366004

13 40 0.389755

14 40 0.411967

15 40 0.432554

16 40 0.451434

17 40 0.468532

18 40 0.48378

19 40 0.49712

20 40 0.508498

21 40 0.517869

22 40 0.525196

23 40 0.53045

24 40 0.533611

25 40 0.534666

26 40 0.533611

27 40 0.53045

28 40 0.525196

29 40 0.517869

30 40 0.508498

31 40 0.49712

32 40 0.48378

33 40 0.468532

34 40 0.451434

35 40 0.432554

36 40 0.411967

37 40 0.389755

38 40 0.366004

39 40 0.340809

40 40 0.314269

41 40 0.286488

42 40 0.257577

43 40 0.22765

44 40 0.196824

45 40 0.165221

46 40 0.132966

47 40 0.100186

48 40 0.0670114

49 40 0.033572

50 40 0

0 41 0

1 41 0.0306043

2 41 0.0610878

3 41 0.0913303

4 41 0.121212

5 41 0.150616

6 41 0.179425

7 41 0.207526

8 41 0.234808

9 41 0.261164

10 41 0.286488

11 41 0.310683

12 41 0.333651

13 41 0.355302

14 41 0.375551

15 41 0.394318

16 41 0.411528

17 41 0.427115

18 41 0.441016

19 41 0.453176

20 41 0.463548

21 41 0.472091

22 41 0.47877

23 41 0.48356

24 41 0.486442

25 41 0.487403

26 41 0.486442

27 41 0.48356

28 41 0.47877

29 41 0.472091

30 41 0.463548

31 41 0.453176

32 41 0.441016

33 41 0.427115

34 41 0.411528

35 41 0.394318

36 41 0.375551

37 41 0.355302

38 41 0.333651

39 41 0.310683

40 41 0.286488

41 41 0.261164

42 41 0.234808

43 41 0.207526

44 41 0.179425

45 41 0.150616

46 41 0.121212

47 41 0.0913303

48 41 0.0610878

49 41 0.0306043

50 41 0

0 42 0

1 42 0.0275159

2 42 0.0549231

3 42 0.0821137

4 42 0.10898

5 42 0.135416

6 42 0.161318

7 42 0.186584

8 42 0.211113

9 42 0.234808

10 42 0.257577

11 42 0.27933

12 42 0.29998

13 42 0.319446

14 42 0.337652

15 42 0.354525

16 42 0.369999

17 42 0.384012

18 42 0.39651

19 42 0.407444

20 42 0.416769

21 42 0.424449

22 42 0.430455

23 42 0.434761

24 42 0.437352

25 42 0.438217

26 42 0.437352

27 42 0.434761

28 42 0.430455

29 42 0.424449

30 42 0.416769

31 42 0.407444

32 42 0.39651

33 42 0.384012

34 42 0.369999

35 42 0.354525

36 42 0.337652

37 42 0.319446

38 42 0.29998

39 42 0.27933

40 42 0.257577

41 42 0.234808

42 42 0.211113

43 42 0.186584

44 42 0.161318

45 42 0.135416

46 42 0.10898

47 42 0.0821137

48 42 0.0549231

49 42 0.0275159

50 42 0

0 43 0

1 43 0.0243188

2 43 0.0485417

3 43 0.072573

4 43 0.0963178

5 43 0.119683

6 43 0.142575

7 43 0.164905

8 43 0.186584

9 43 0.207526

10 43 0.22765

11 43 0.246875

12 43 0.265126

13 43 0.28233

14 43 0.298421

15 43 0.313333

16 43 0.327009

17 43 0.339394

18 43 0.35044

19 43 0.360103

20 43 0.368345

21 43 0.375133

22 43 0.380441

23 43 0.384247

24 43 0.386537

25 43 0.387301

26 43 0.386537

27 43 0.384247

28 43 0.380441

29 43 0.375133

30 43 0.368345

31 43 0.360103

32 43 0.35044

33 43 0.339394

34 43 0.327009

35 43 0.313333

36 43 0.298421

37 43 0.28233

38 43 0.265126

39 43 0.246875

40 43 0.22765

41 43 0.207526

42 43 0.186584

43 43 0.164905

44 43 0.142575

45 43 0.119683

46 43 0.0963178

47 43 0.072573

48 43 0.0485417

49 43 0.0243188

50 43 0

0 44 0

1 44 0.0210258

2 44 0.0419687

3 44 0.0627459

4 44 0.0832754

5 44 0.103476

6 44 0.123269

7 44 0.142575

8 44 0.161318

9 44 0.179425

10 44 0.196824

11 44 0.213446

12 44 0.229225

13 44 0.2441

14 44 0.258011

15 44 0.270905

16 44 0.282729

17 44 0.293437

18 44 0.302987

19 44 0.311342

20 44 0.318468

21 44 0.324336

22 44 0.328925

23 44 0.332216

24 44 0.334196

25 44 0.334857

26 44 0.334196

27 44 0.332216

28 44 0.328925

29 44 0.324336

30 44 0.318468

31 44 0.311342

32 44 0.302987

33 44 0.293437

34 44 0.282729

35 44 0.270905

36 44 0.258011

37 44 0.2441

38 44 0.229225

39 44 0.213446

40 44 0.196824

41 44 0.179425

42 44 0.161318

43 44 0.142575

44 44 0.123269

45 44 0.103476

46 44 0.0832754

47 44 0.0627459

48 44 0.0419687

49 44 0.0210258

50 44 0

0 45 0

1 45 0.0176498

2 45 0.03523

3 45 0.0526711

4 45 0.0699044

5 45 0.0868618

6 45 0.103476

7 45 0.119683

8 45 0.135416

9 45 0.150616

10 45 0.165221

11 45 0.179174

12 45 0.19242

13 45 0.204906

14 45 0.216584

15 45 0.227407

16 45 0.237333

17 45 0.246322

18 45 0.254338

19 45 0.261351

20 45 0.267333

21 45 0.27226

22 45 0.276112

23 45 0.278874

24 45 0.280536

25 45 0.281091

26 45 0.280536

27 45 0.278874

28 45 0.276112

29 45 0.27226

30 45 0.267333

31 45 0.261351

32 45 0.254338

33 45 0.246322

34 45 0.237333

35 45 0.227407

36 45 0.216584

37 45 0.204906

38 45 0.19242

39 45 0.179174

40 45 0.165221

41 45 0.150616

42 45 0.135416

43 45 0.119683

44 45 0.103476

45 45 0.0868618

46 45 0.0699044

47 45 0.0526711

48 45 0.03523

49 45 0.0176498

50 45 0

0 46 0

1 46 0.0142042

2 46 0.0283523

3 46 0.0423885

4 46 0.0562575

5 46 0.0699044

6 46 0.0832754

7 46 0.0963178

8 46 0.10898

9 46 0.121212

10 46 0.132966

11 46 0.144195

12 46 0.154855

13 46 0.164904

14 46 0.174302

15 46 0.183012

16 46 0.191

17 46 0.198234

18 46 0.204686

19 46 0.21033

20 46 0.215144

21 46 0.219108

22 46 0.222209

23 46 0.224432

24 46 0.225769

25 46 0.226215

26 46 0.225769

27 46 0.224432

28 46 0.222209

29 46 0.219108

30 46 0.215144

31 46 0.21033

32 46 0.204686

33 46 0.198234

34 46 0.191

35 46 0.183012

36 46 0.174302

37 46 0.164904

38 46 0.154855

39 46 0.144195

40 46 0.132966

41 46 0.121212

42 46 0.10898

43 46 0.0963178

44 46 0.0832754

45 46 0.0699044

46 46 0.0562575

47 46 0.0423885

48 46 0.0283523

49 46 0.0142042

50 46 0

0 47 0

1 47 0.0107025

2 47 0.0213627

3 47 0.0319387

4 47 0.0423885

5 47 0.0526711

6 47 0.0627459

7 47 0.072573

8 47 0.0821137

9 47 0.0913303

10 47 0.100186

11 47 0.108647

12 47 0.116679

13 47 0.124251

14 47 0.131332

15 47 0.137895

16 47 0.143913

17 47 0.149364

18 47 0.154225

19 47 0.158478

20 47 0.162105

21 47 0.165092

22 47 0.167428

23 47 0.169103

24 47 0.170111

25 47 0.170447

26 47 0.170111

27 47 0.169103

28 47 0.167428

29 47 0.165092

30 47 0.162105

31 47 0.158478

32 47 0.154225

33 47 0.149364

34 47 0.143913

35 47 0.137895

36 47 0.131332

37 47 0.124251

38 47 0.116679

39 47 0.108647

40 47 0.100186

41 47 0.0913303

42 47 0.0821137

43 47 0.072573

44 47 0.0627459

45 47 0.0526711

46 47 0.0423885

47 47 0.0319387

48 47 0.0213627

49 47 0.0107025

50 47 0

0 48 0

1 48 0.00715854

2 48 0.0142888

3 48 0.0213627

4 48 0.0283523

5 48 0.03523

6 48 0.0419687

7 48 0.0485417

8 48 0.0549231

9 48 0.0610878

10 48 0.0670114

11 48 0.0726706

12 48 0.0780429

13 48 0.0831073

14 48 0.0878437

15 48 0.0922333

16 48 0.096259

17 48 0.0999048

18 48 0.103156

19 48 0.106001

20 48 0.108427

21 48 0.110425

22 48 0.111987

23 48 0.113108

24 48 0.113782

25 48 0.114007

26 48 0.113782

27 48 0.113108

28 48 0.111987

29 48 0.110425

30 48 0.108427

31 48 0.106001

32 48 0.103156

33 48 0.0999048

34 48 0.096259

35 48 0.0922333

36 48 0.0878437

37 48 0.0831073

38 48 0.0780429

39 48 0.0726706

40 48 0.0670114

41 48 0.0610878

42 48 0.0549231

43 48 0.0485417

44 48 0.0419687

45 48 0.03523

46 48 0.0283523

47 48 0.0213627

48 48 0.0142888

49 48 0.00715854

50 48 0

0 49 0

1 49 0.00358635

2 49 0.00715854

3 49 0.0107025

4 49 0.0142042

5 49 0.0176498

6 49 0.0210258

7 49 0.0243188

8 49 0.0275159

9 49 0.0306043

10 49 0.033572

11 49 0.0364071

12 49 0.0390986

13 49 0.0416358

14 49 0.0440087

15 49 0.0462079

16 49 0.0482247

17 49 0.0500512

18 49 0.0516801

19 49 0.0531052

20 49 0.0543206

21 49 0.0553216

22 49 0.0561044

23 49 0.0566657

24 49 0.0570033

25 49 0.057116

26 49 0.0570033

27 49 0.0566657

28 49 0.0561044

29 49 0.0553216

30 49 0.0543206

31 49 0.0531052

32 49 0.0516801

33 49 0.0500512

34 49 0.0482247

35 49 0.0462079

36 49 0.0440087

37 49 0.0416358

38 49 0.0390986

39 49 0.0364071

40 49 0.033572

41 49 0.0306043

42 49 0.0275159

43 49 0.0243188

44 49 0.0210258

45 49 0.0176498

46 49 0.0142042

47 49 0.0107025

48 49 0.00715854

49 49 0.00358635

50 49 0

