0 1 0

1 1 0.000548011

2 1 0.00109386

3 1 0.00163539

4 1 0.00217047

5 1 0.00269698

6 1 0.00321285

7 1 0.00371604

8 1 0.00420456

9 1 0.00467649

10 1 0.00512996

11 1 0.00556319

12 1 0.00597446

13 1 0.00636215

14 1 0.00672474

15 1 0.00706078

16 1 0.00736896

17 1 0.00764806

18 1 0.00789698

19 1 0.00811473

20 1 0.00830045

21 1 0.00845342

22 1 0.00857302

23 1 0.00865879

24 1 0.00871039

25 1 0.00872761

26 1 0.00871039

27 1 0.00865879

28 1 0.00857302

29 1 0.00845342

30 1 0.00830045

31 1 0.00811473

32 1 0.00789698

33 1 0.00764806

34 1 0.00736896

35 1 0.00706078

36 1 0.00672474

37 1 0.00636215

38 1 0.00597446

39 1 0.00556319

40 1 0.00512996

41 1 0.00467649

42 1 0.00420456

43 1 0.00371604

44 1 0.00321285

45 1 0.00269698

46 1 0.00217047

47 1 0.00163539

48 1 0.00109386

49 1 0.000548011

50 1 0

0 2 0

1 2 0.00109386

2 2 0.0021834

3 2 0.00326433

4 2 0.00433237

5 2 0.00538332

6 2 0.00641302

7 2 0.00741741

8 2 0.00839252

9 2 0.00933452

10 2 0.0102397

11 2 0.0111044

12 2 0.0119253

13 2 0.0126992

14 2 0.0134229

15 2 0.0140937

16 2 0.0147088

17 2 0.0152659

18 2 0.0157628

19 2 0.0161974

20 2 0.0165681

21 2 0.0168735

22 2 0.0171122

23 2 0.0172834

24 2 0.0173864

25 2 0.0174208

26 2 0.0173864

27 2 0.0172834

28 2 0.0171122

29 2 0.0168735

30 2 0.0165681

31 2 0.0161974

32 2 0.0157628

33 2 0.0152659

34 2 0.0147088

35 2 0.0140937

36 2 0.0134229

37 2 0.0126992

38 2 0.0119253

39 2 0.0111044

40 2 0.0102397

41 2 0.00933452

42 2 0.00839252

43 2 0.00741741

44 2 0.00641302

45 2 0.00538332

46 2 0.00433237

47 2 0.00326433

48 2 0.0021834

49 2 0.00109386

50 2 0

0 3 0

1 3 0.00163539

2 3 0.00326433

3 3 0.00488038

4 3 0.00647718

5 3 0.00804841

6 3 0.00958787

7 3 0.0110895

8 3 0.0125474

9 3 0.0139557

10 3 0.015309

11 3 0.0166018

12 3 0.0178292

13 3 0.0189861

14 3 0.0200682

15 3 0.021071

16 3 0.0219907

17 3 0.0228236

18 3 0.0235664

19 3 0.0242162

20 3 0.0247704

21 3 0.0252269

22 3 0.0255839

23 3 0.0258398

24 3 0.0259938

25 3 0.0260452

26 3 0.0259938

27 3 0.0258398

28 3 0.0255839

29 3 0.0252269

30 3 0.0247704

31 3 0.0242162

32 3 0.0235664

33 3 0.0228236

34 3 0.0219907

35 3 0.021071

36 3 0.0200682

37 3 0.0189861

38 3 0.0178292

39 3 0.0166018

40 3 0.015309

41 3 0.0139557

42 3 0.0125474

43 3 0.0110895

44 3 0.00958787

45 3 0.00804841

46 3 0.00647718

47 3 0.00488038

48 3 0.00326433

49 3 0.00163539

50 3 0

0 4 0

1 4 0.00217047

2 4 0.00433237

3 4 0.00647718

4 4 0.00859642

5 4 0.0106817

6 4 0.0127249

7 4 0.0147178

8 4 0.0166527

9 4 0.0185218

10 4 0.0203179

11 4 0.0220337

12 4 0.0236626

13 4 0.0251981

14 4 0.0266342

15 4 0.0279651

16 4 0.0291857

17 4 0.0302911

18 4 0.031277

19 4 0.0321394

20 4 0.032875

21 4 0.0334808

22 4 0.0339545

23 4 0.0342942

24 4 0.0344986

25 4 0.0345668

26 4 0.0344986

27 4 0.0342942

28 4 0.0339545

29 4 0.0334808

30 4 0.032875

31 4 0.0321394

32 4 0.031277

33 4 0.0302911

34 4 0.0291857

35 4 0.0279651

36 4 0.0266342

37 4 0.0251981

38 4 0.0236626

39 4 0.0220337

40 4 0.0203179

41 4 0.0185218

42 4 0.0166527

43 4 0.0147178

44 4 0.0127249

45 4 0.0106817

46 4 0.00859642

47 4 0.00647718

48 4 0.00433237

49 4 0.00217047

50 4 0

0 5 0

1 5 0.00269698

2 5 0.00538332

3 5 0.00804841

4 5 0.0106817

5 5 0.0132729

6 5 0.0158117

7 5 0.0182881

8 5 0.0206923

9 5 0.0230148

10 5 0.0252466

11 5 0.0273786

12 5 0.0294027

13 5 0.0313107

14 5 0.0330951

15 5 0.0347489

16 5 0.0362656

17 5 0.0376391

18 5 0.0388642

19 5 0.0399358

20 5 0.0408498

21 5 0.0416026

22 5 0.0421912

23 5 0.0426133

24 5 0.0428673

25 5 0.042952

26 5 0.0428673

27 5 0.0426133

28 5 0.0421912

29 5 0.0416026

30 5 0.0408498

31 5 0.0399358

32 5 0.0388642

33 5 0.0376391

34 5 0.0362656

35 5 0.0347489

36 5 0.0330951

37 5 0.0313107

38 5 0.0294027

39 5 0.0273786

40 5 0.0252466

41 5 0.0230148

42 5 0.0206923

43 5 0.0182881

44 5 0.0158117

45 5 0.0132729

46 5 0.0106817

47 5 0.00804841

48 5 0.00538332

49 5 0.00269698

50 5 0

0 6 0

1 6 0.00321285

2 6 0.00641302

3 6 0.00958787

4 6 0.0127249

5 6 0.0158117

6 6 0.0188361

7 6 0.0217862

8 6 0.0246502

9 6 0.027417

10 6 0.0300756

11 6 0.0326155

12 6 0.0350267

13 6 0.0372997

14 6 0.0394254

15 6 0.0413956

16 6 0.0432023

17 6 0.0448386

18 6 0.0462979

19 6 0.0475745

20 6 0.0486634

21 6 0.0495602

22 6 0.0502614

23 6 0.0507642

24 6 0.0510667

25 6 0.0511677

26 6 0.0510667

27 6 0.0507642

28 6 0.0502614

29 6 0.0495602

30 6 0.0486634

31 6 0.0475745

32 6 0.0462979

33 6 0.0448386

34 6 0.0432023

35 6 0.0413956

36 6 0.0394254

37 6 0.0372997

38 6 0.0350267

39 6 0.0326155

40 6 0.0300756

41 6 0.027417

42 6 0.0246502

43 6 0.0217862

44 6 0.0188361

45 6 0.0158117

46 6 0.0127249

47 6 0.00958787

48 6 0.00641302

49 6 0.00321285

50 6 0

0 7 0

1 7 0.00371604

2 7 0.00741741

3 7 0.0110895

4 7 0.0147178

5 7 0.0182881

6 7 0.0217862

7 7 0.0251982

8 7 0.0285109

9 7 0.031711

10 7 0.034786

11 7 0.0377237

12 7 0.0405125

13 7 0.0431414

14 7 0.0456001

15 7 0.0478788

16 7 0.0499686

17 7 0.0518611

18 7 0.053549

19 7 0.0550255

20 7 0.0562849

21 7 0.0573222

22 7 0.0581332

23 7 0.0587148

24 7 0.0590647

25 7 0.0591815

26 7 0.0590647

27 7 0.0587148

28 7 0.0581332

29 7 0.0573222

30 7 0.0562849

31 7 0.0550255

32 7 0.053549

33 7 0.0518611

34 7 0.0499686

35 7 0.0478788

36 7 0.0456001

37 7 0.0431414

38 7 0.0405125

39 7 0.0377237

40 7 0.034786

41 7 0.031711

42 7 0.0285109

43 7 0.0251982

44 7 0.0217862

45 7 0.0182881

46 7 0.0147178

47 7 0.0110895

48 7 0.00741741

49 7 0.00371604

50 7 0

0 8 0

1 8 0.00420456

2 8 0.00839252

3 8 0.0125474

4 8 0.0166527

5 8 0.0206923

6 8 0.0246502

7 8 0.0285109

8 8 0.032259

9 8 0.0358799

10 8 0.0393591

11 8 0.042683

12 8 0.0458384

13 8 0.048813

14 8 0.0515949

15 8 0.0541731

16 8 0.0565376

17 8 0.058679

18 8 0.0605887

19 8 0.0622594

20 8 0.0636843

21 8 0.0648579

22 8 0.0657756

23 8 0.0664337

24 8 0.0668295

25 8 0.0669617

26 8 0.0668295

27 8 0.0664337

28 8 0.0657756

29 8 0.0648579

30 8 0.0636843

31 8 0.0622594

32 8 0.0605887

33 8 0.058679

34 8 0.0565376

35 8 0.0541731

36 8 0.0515949

37 8 0.048813

38 8 0.0458384

39 8 0.042683

40 8 0.0393591

41 8 0.0358799

42 8 0.032259

43 8 0.0285109

44 8 0.0246502

45 8 0.0206923

46 8 0.0166527

47 8 0.0125474

48 8 0.00839252

49 8 0.00420456

50 8 0

0 9 0

1 9 0.00467649

2 9 0.00933452

3 9 0.0139557

4 9 0.0185218

5 9 0.0230148

6 9 0.027417

7 9 0.031711

8 9 0.0358799

9 9 0.0399071

10 9 0.0437768

11 9 0.0474738

12 9 0.0509834

13 9 0.0542918

14 9 0.057386

15 9 0.0602536

16 9 0.0628835

17 9 0.0652652

18 9 0.0673893

19 9 0.0692475

20 9 0.0708324

21 9 0.0721377

22 9 0.0731584

23 9 0.0738903

24 9 0.0743306

25 9 0.0744776

26 9 0.0743306

27 9 0.0738903

28 9 0.0731584

29 9 0.0721377

30 9 0.0708324

31 9 0.0692475

32 9 0.0673893

33 9 0.0652652

34 9 0.0628835

35 9 0.0602536

36 9 0.057386

37 9 0.0542918

38 9 0.0509834

39 9 0.0474738

40 9 0.0437768

41 9 0.0399071

42 9 0.0358799

43 9 0.031711

44 9 0.027417

45 9 0.0230148

46 9 0.0185218

47 9 0.0139557

48 9 0.00933452

49 9 0.00467649

50 9 0

0 10 0

1 10 0.00512996

2 10 0.0102397

3 10 0.015309

4 10 0.0203179

5 10 0.0252466

6 10 0.0300756

7 10 0.034786

8 10 0.0393591

9 10 0.0437768

10 10 0.0480218

11 10 0.0520773

12 10 0.0559272

13 10 0.0595564

14 10 0.0629506

15 10 0.0660964

16 10 0.0689813

17 10 0.0715939

18 10 0.073924

19 10 0.0759624

20 10 0.0777009

21 10 0.0791329

22 10 0.0802525

23 10 0.0810554

24 10 0.0815384

25 10 0.0816996

26 10 0.0815384

27 10 0.0810554

28 10 0.0802525

29 10 0.0791329

30 10 0.0777009

31 10 0.0759624

32 10 0.073924

33 10 0.0715939

34 10 0.0689813

35 10 0.0660964

36 10 0.0629506

37 10 0.0595564

38 10 0.0559272

39 10 0.0520773

40 10 0.0480218

41 10 0.0437768

42 10 0.0393591

43 10 0.034786

44 10 0.0300756

45 10 0.0252466

46 10 0.0203179

47 10 0.015309

48 10 0.0102397

49 10 0.00512996

50 10 0

0 11 0

1 11 0.00556319

2 11 0.0111044

3 11 0.0166018

4 11 0.0220337

5 11 0.0273786

6 11 0.0326155

7 11 0.0377237

8 11 0.042683

9 11 0.0474738

10 11 0.0520773

11 11 0.0564752

12 11 0.0606503

13 11 0.064586

14 11 0.0682668

15 11 0.0716782

16 11 0.0748068

17 11 0.07764

18 11 0.0801669

19 11 0.0823774

20 11 0.0842628

21 11 0.0858157

22 11 0.0870298

23 11 0.0879005

24 11 0.0884243

25 11 0.0885992

26 11 0.0884243

27 11 0.0879005

28 11 0.0870298

29 11 0.0858157

30 11 0.0842628

31 11 0.0823774

32 11 0.0801669

33 11 0.07764

34 11 0.0748068

35 11 0.0716782

36 11 0.0682668

37 11 0.064586

38 11 0.0606503

39 11 0.0564752

40 11 0.0520773

41 11 0.0474738

42 11 0.042683

43 11 0.0377237

44 11 0.0326155

45 11 0.0273786

46 11 0.0220337

47 11 0.0166018

48 11 0.0111044

49 11 0.00556319

50 11 0

0 12 0

1 12 0.00597446

2 12 0.0119253

3 12 0.0178292

4 12 0.0236626

5 12 0.0294027

6 12 0.0350267

7 12 0.0405125

8 12 0.0458384

9 12 0.0509834

10 12 0.0559272

11 12 0.0606503

12 12 0.065134

13 12 0.0693607

14 12 0.0733136

15 12 0.0769772

16 12 0.080337

17 12 0.0833798

18 12 0.0860935

19 12 0.0884674

20 12 0.0904922

21 12 0.0921598

22 12 0.0934637

23 12 0.0943988

24 12 0.0949613

25 12 0.0951491

26 12 0.0949613

27 12 0.0943988

28 12 0.0934637

29 12 0.0921598

30 12 0.0904922

31 12 0.0884674

32 12 0.0860935

33 12 0.0833798

34 12 0.080337

35 12 0.0769772

36 12 0.0733136

37 12 0.0693607

38 12 0.065134

39 12 0.0606503

40 12 0.0559272

41 12 0.0509834

42 12 0.0458384

43 12 0.0405125

44 12 0.0350267

45 12 0.0294027

46 12 0.0236626

47 12 0.0178292

48 12 0.0119253

49 12 0.00597446

50 12 0

0 13 0

1 13 0.00636215

2 13 0.0126992

3 13 0.0189861

4 13 0.0251981

5 13 0.0313107

6 13 0.0372997

7 13 0.0431414

8 13 0.048813

9 13 0.0542918

10 13 0.0595564

11 13 0.064586

12 13 0.0693607

13 13 0.0738616

14 13 0.0780711

15 13 0.0819724

16 13 0.0855502

17 13 0.0887904

18 13 0.0916802

19 13 0.0942082

20 13 0.0963644

21 13 0.0981402

22 13 0.0995288

23 13 0.100525

24 13 0.101124

25 13 0.101323

26 13 0.101124

27 13 0.100525

28 13 0.0995288

29 13 0.0981402

30 13 0.0963644

31 13 0.0942082

32 13 0.0916802

33 13 0.0887904

34 13 0.0855502

35 13 0.0819724

36 13 0.0780711

37 13 0.0738616

38 13 0.0693607

39 13 0.064586

40 13 0.0595564

41 13 0.0542918

42 13 0.048813

43 13 0.0431414

44 13 0.0372997

45 13 0.0313107

46 13 0.0251981

47 13 0.0189861

48 13 0.0126992

49 13 0.00636215

50 13 0

0 14 0

1 14 0.00672474

2 14 0.0134229

3 14 0.0200682

4 14 0.0266342

5 14 0.0330951

6 14 0.0394254

7 14 0.0456001

8 14 0.0515949

9 14 0.057386

10 14 0.0629506

11 14 0.0682668

12 14 0.0733136

13 14 0.0780711

14 14 0.0825204

15 14 0.0866441

16 14 0.0904258

17 14 0.0938507

18 14 0.0969052

19 14 0.0995772

20 14 0.101856

21 14 0.103733

22 14 0.105201

23 14 0.106253

24 14 0.106887

25 14 0.107098

26 14 0.106887

27 14 0.106253

28 14 0.105201

29 14 0.103733

30 14 0.101856

31 14 0.0995772

32 14 0.0969052

33 14 0.0938507

34 14 0.0904258

35 14 0.0866441

36 14 0.0825204

37 14 0.0780711

38 14 0.0733136

39 14 0.0682668

40 14 0.0629506

41 14 0.057386

42 14 0.0515949

43 14 0.0456001

44 14 0.0394254

45 14 0.0330951

46 14 0.0266342

47 14 0.0200682

48 14 0.0134229

49 14 0.00672474

50 14 0

0 15 0

1 15 0.00706078

2 15 0.0140937

3 15 0.021071

4 15 0.0279651

5 15 0.0347489

6 15 0.0413956

7 15 0.0478788

8 15 0.0541731

9 15 0.0602536

10 15 0.0660964

11 15 0.0716782

12 15 0.0769772

13 15 0.0819724

14 15 0.0866441

15 15 0.0909738

16 15 0.0949446

17 15 0.0985406

18 15 0.101748

19 15 0.104553

20 15 0.106946

21 15 0.108917

22 15 0.110458

23 15 0.111563

24 15 0.112228

25 15 0.11245

26 15 0.112228

27 15 0.111563

28 15 0.110458

29 15 0.108917

30 15 0.106946

31 15 0.104553

32 15 0.101748

33 15 0.0985406

34 15 0.0949446

35 15 0.0909738

36 15 0.0866441

37 15 0.0819724

38 15 0.0769772

39 15 0.0716782

40 15 0.0660964

41 15 0.0602536

42 15 0.0541731

43 15 0.0478788

44 15 0.0413956

45 15 0.0347489

46 15 0.0279651

47 15 0.021071

48 15 0.0140937

49 15 0.00706078

50 15 0

0 16 0

1 16 0.00736896

2 16 0.0147088

3 16 0.0219907

4 16 0.0291857

5 16 0.0362656

6 16 0.0432023

7 16 0.0499686

8 16 0.0565376

9 16 0.0628835

10 16 0.0689813

11 16 0.0748068

12 16 0.080337

13 16 0.0855502

14 16 0.0904258

15 16 0.0949446

16 16 0.0990886

17 16 0.102842

18 16 0.106189

19 16 0.109117

20 16 0.111614

21 16 0.113671

22 16 0.115279

23 16 0.116433

24 16 0.117126

25 16 0.117358

26 16 0.117126

27 16 0.116433

28 16 0.115279

29 16 0.113671

30 16 0.111614

31 16 0.109117

32 16 0.106189

33 16 0.102842

34 16 0.0990886

35 16 0.0949446

36 16 0.0904258

37 16 0.0855502

38 16 0.080337

39 16 0.0748068

40 16 0.0689813

41 16 0.0628835

42 16 0.0565376

43 16 0.0499686

44 16 0.0432023

45 16 0.0362656

46 16 0.0291857

47 16 0.0219907

48 16 0.0147088

49 16 0.00736896

50 16 0

0 17 0

1 17 0.00764806

2 17 0.0152659

3 17 0.0228236

4 17 0.0302911

5 17 0.0376391

6 17 0.0448386

7 17 0.0518611

8 17 0.058679

9 17 0.0652652

10 17 0.0715939

11 17 0.07764

12 17 0.0833798

13 17 0.0887904

14 17 0.0938507

15 17 0.0985406

16 17 0.102842

17 17 0.106737

18 17 0.11021

19 17 0.113249

20 17 0.115841

21 17 0.117976

22 17 0.119645

23 17 0.120842

24 17 0.121562

25 17 0.121803

26 17 0.121562

27 17 0.120842

28 17 0.119645

29 17 0.117976

30 17 0.115841

31 17 0.113249

32 17 0.11021

33 17 0.106737

34 17 0.102842

35 17 0.0985406

36 17 0.0938507

37 17 0.0887904

38 17 0.0833798

39 17 0.07764

40 17 0.0715939

41 17 0.0652652

42 17 0.058679

43 17 0.0518611

44 17 0.0448386

45 17 0.0376391

46 17 0.0302911

47 17 0.0228236

48 17 0.0152659

49 17 0.00764806

50 17 0

0 18 0

1 18 0.00789698

2 18 0.0157628

3 18 0.0235664

4 18 0.031277

5 18 0.0388642

6 18 0.0462979

7 18 0.053549

8 18 0.0605887

9 18 0.0673893

10 18 0.073924

11 18 0.0801669

12 18 0.0860935

13 18 0.0916802

14 18 0.0969052

15 18 0.101748

16 18 0.106189

17 18 0.11021

18 18 0.113797

19 18 0.116935

20 18 0.119612

21 18 0.121816

22 18 0.123539

23 18 0.124775

24 18 0.125519

25 18 0.125767

26 18 0.125519

27 18 0.124775

28 18 0.123539

29 18 0.121816

30 18 0.119612

31 18 0.116935

32 18 0.113797

33 18 0.11021

34 18 0.106189

35 18 0.101748

36 18 0.0969052

37 18 0.0916802

38 18 0.0860935

39 18 0.0801669

40 18 0.073924

41 18 0.0673893

42 18 0.0605887

43 18 0.053549

44 18 0.0462979

45 18 0.0388642

46 18 0.031277

47 18 0.0235664

48 18 0.0157628

49 18 0.00789698

50 18 0

0 19 0

1 19 0.00811473

2 19 0.0161974

3 19 0.0242162

4 19 0.0321394

5 19 0.0399358

6 19 0.0475745

7 19 0.0550255

8 19 0.0622594

9 19 0.0692475

10 19 0.0759624

11 19 0.0823774

12 19 0.0884674

13 19 0.0942082

14 19 0.0995772

15 19 0.104553

16 19 0.109117

17 19 0.113249

18 19 0.116935

19 19 0.12016

20 19 0.12291

21 19 0.125175

22 19 0.126946

23 19 0.128216

24 19 0.12898

25 19 0.129235

26 19 0.12898

27 19 0.128216

28 19 0.126946

29 19 0.125175

30 19 0.12291

31 19 0.12016

32 19 0.116935

33 19 0.113249

34 19 0.109117

35 19 0.104553

36 19 0.0995772

37 19 0.0942082

38 19 0.0884674

39 19 0.0823774

40 19 0.0759624

41 19 0.0692475

42 19 0.0622594

43 19 0.0550255

44 19 0.0475745

45 19 0.0399358

46 19 0.0321394

47 19 0.0242162

48 19 0.0161974

49 19 0.00811473

50 19 0

0 20 0

1 20 0.00830045

2 20 0.0165681

3 20 0.0247704

4 20 0.032875

5 20 0.0408498

6 20 0.0486634

7 20 0.0562849

8 20 0.0636843

9 20 0.0708324

10 20 0.0777009

11 20 0.0842628

12 20 0.0904922

13 20 0.0963644

14 20 0.101856

15 20 0.106946

16 20 0.111614

17 20 0.115841

18 20 0.119612

19 20 0.12291

20 20 0.125723

21 20 0.12804

22 20 0.129851

23 20 0.13115

24 20 0.131932

25 20 0.132193

26 20 0.131932

27 20 0.13115

28 20 0.129851

29 20 0.12804

30 20 0.125723

31 20 0.12291

32 20 0.119612

33 20 0.115841

34 20 0.111614

35 20 0.106946

36 20 0.101856

37 20 0.0963644

38 20 0.0904922

39 20 0.0842628

40 20 0.0777009

41 20 0.0708324

42 20 0.0636843

43 20 0.0562849

44 20 0.0486634

45 20 0.0408498

46 20 0.032875

47 20 0.0247704

48 20 0.0165681

49 20 0.00830045

50 20 0

0 21 0

1 21 0.00845342

2 21 0.0168735

3 21 0.0252269

4 21 0.0334808

5 21 0.0416026

6 21 0.0495602

7 21 0.0573222

8 21 0.0648579

9 21 0.0721377

10 21 0.0791329

11 21 0.0858157

12 21 0.0921598

13 21 0.0981402

14 21 0.103733

15 21 0.108917

16 21 0.113671

17 21 0.117976

18 21 0.121816

19 21 0.125175

20 21 0.12804

21 21 0.130399

22 21 0.132244

23 21 0.133567

24 21 0.134363

25 21 0.134629

26 21 0.134363

27 21 0.133567

28 21 0.132244

29 21 0.130399

30 21 0.12804

31 21 0.125175

32 21 0.121816

33 21 0.117976

34 21 0.113671

35 21 0.108917

36 21 0.103733

37 21 0.0981402

38 21 0.0921598

39 21 0.0858157

40 21 0.0791329

41 21 0.0721377

42 21 0.0648579

43 21 0.0573222

44 21 0.0495602

45 21 0.0416026

46 21 0.0334808

47 21 0.0252269

48 21 0.0168735

49 21 0.00845342

50 21 0

0 22 0

1 22 0.00857302

2 22 0.0171122

3 22 0.0255839

4 22 0.0339545

5 22 0.0421912

6 22 0.0502614

7 22 0.0581332

8 22 0.0657756

9 22 0.0731584

10 22 0.0802525

11 22 0.0870298

12 22 0.0934637

13 22 0.0995288

14 22 0.105201

15 22 0.110458

16 22 0.115279

17 22 0.119645

18 22 0.123539

19 22 0.126946

20 22 0.129851

21 22 0.132244

22 22 0.134115

23 22 0.135457

24 22 0.136264

25 22 0.136534

26 22 0.136264

27 22 0.135457

28 22 0.134115

29 22 0.132244

30 22 0.129851

31 22 0.126946

32 22 0.123539

33 22 0.119645

34 22 0.115279

35 22 0.110458

36 22 0.105201

37 22 0.0995288

38 22 0.0934637

39 22 0.0870298

40 22 0.0802525

41 22 0.0731584

42 22 0.0657756

43 22 0.0581332

44 22 0.0502614

45 22 0.0421912

46 22 0.0339545

47 22 0.0255839

48 22 0.0171122

49 22 0.00857302

50 22 0

0 23 0

1 23 0.00865879

2 23 0.0172834

3 23 0.0258398

4 23 0.0342942

5 23 0.0426133

6 23 0.0507642

7 23 0.0587148

8 23 0.0664337

9 23 0.0738903

10 23 0.0810554

11 23 0.0879005

12 23 0.0943988

13 23 0.100525

14 23 0.106253

15 23 0.111563

16 23 0.116433

17 23 0.120842

18 23 0.124775

19 23 0.128216

20 23 0.13115

21 23 0.133567

22 23 0.135457

23 23 0.136812

24 23 0.137628

25 23 0.1379

26 23 0.137628

27 23 0.136812

28 23 0.135457

29 23 0.133567

30 23 0.13115

31 23 0.128216

32 23 0.124775

33 23 0.120842

34 23 0.116433

35 23 0.111563

36 23 0.106253

37 23 0.100525

38 23 0.0943988

39 23 0.0879005

40 23 0.0810554

41 23 0.0738903

42 23 0.0664337

43 23 0.0587148

44 23 0.0507642

45 23 0.0426133

46 23 0.0342942

47 23 0.0258398

48 23 0.0172834

49 23 0.00865879

50 23 0

0 24 0

1 24 0.00871039

2 24 0.0173864

3 24 0.0259938

4 24 0.0344986

5 24 0.0428673

6 24 0.0510667

7 24 0.0590647

8 24 0.0668295

9 24 0.0743306

10 24 0.0815384

11 24 0.0884243

12 24 0.0949613

13 24 0.101124

14 24 0.106887

15 24 0.112228

16 24 0.117126

17 24 0.121562

18 24 0.125519

19 24 0.12898

20 24 0.131932

21 24 0.134363

22 24 0.136264

23 24 0.137628

24 24 0.138448

25 24 0.138721

26 24 0.138448

27 24 0.137628

28 24 0.136264

29 24 0.134363

30 24 0.131932

31 24 0.12898

32 24 0.125519

33 24 0.121562

34 24 0.117126

35 24 0.112228

36 24 0.106887

37 24 0.101124

38 24 0.0949613

39 24 0.0884243

40 24 0.0815384

41 24 0.0743306

42 24 0.0668295

43 24 0.0590647

44 24 0.0510667

45 24 0.0428673

46 24 0.0344986

47 24 0.0259938

48 24 0.0173864

49 24 0.00871039

50 24 0

0 25 0

1 25 0.00872761

2 25 0.0174208

3 25 0.0260452

4 25 0.0345668

5 25 0.042952

6 25 0.0511677

7 25 0.0591815

8 25 0.0669617

9 25 0.0744776

10 25 0.0816996

11 25 0.0885992

12 25 0.0951491

13 25 0.101323

14 25 0.107098

15 25 0.11245

16 25 0.117358

17 25 0.121803

18 25 0.125767

19 25 0.129235

20 25 0.132193

21 25 0.134629

22 25 0.136534

23 25 0.1379

24 25 0.138721

25 25 0.138996

26 25 0.138721

27 25 0.1379

28 25 0.136534

29 25 0.134629

30 25 0.132193

31 25 0.129235

32 25 0.125767

33 25 0.121803

34 25 0.117358

35 25 0.11245

36 25 0.107098

37 25 0.101323

38 25 0.0951491

39 25 0.0885992

40 25 0.0816996

41 25 0.0744776

42 25 0.0669617

43 25 0.0591815

44 25 0.0511677

45 25 0.042952

46 25 0.0345668

47 25 0.0260452

48 25 0.0174208

49 25 0.00872761

50 25 0

0 26 0

1 26 0.00871039

2 26 0.0173864

3 26 0.0259938

4 26 0.0344986

5 26 0.0428673

6 26 0.0510667

7 26 0.0590647

8 26 0.0668295

9 26 0.0743306

10 26 0.0815384

11 26 0.0884243

12 26 0.0949613

13 26 0.101124

14 26 0.106887

15 26 0.112228

16 26 0.117126

17 26 0.121562

18 26 0.125519

19 26 0.12898

20 26 0.131932

21 26 0.134363

22 26 0.136264

23 26 0.137628

24 26 0.138448

25 26 0.138721

26 26 0.138448

27 26 0.137628

28 26 0.136264

29 26 0.134363

30 26 0.131932

31 26 0.12898

32 26 0.125519

33 26 0.121562

34 26 0.117126

35 26 0.112228

36 26 0.106887

37 26 0.101124

38 26 0.0949613

39 26 0.0884243

40 26 0.0815384

41 26 0.0743306

42 26 0.0668295

43 26 0.0590647

44 26 0.0510667

45 26 0.0428673

46 26 0.0344986

47 26 0.0259938

48 26 0.0173864

49 26 0.00871039

50 26 0

0 27 0

1 27 0.00865879

2 27 0.0172834

3 27 0.0258398

4 27 0.0342942

5 27 0.0426133

6 27 0.0507642

7 27 0.0587148

8 27 0.0664337

9 27 0.0738903

10 27 0.0810554

11 27 0.0879005

12 27 0.0943988

13 27 0.100525

14 27 0.106253

15 27 0.111563

16 27 0.116433

17 27 0.120842

18 27 0.124775

19 27 0.128216

20 27 0.13115

21 27 0.133567

22 27 0.135457

23 27 0.136812

24 27 0.137628

25 27 0.1379

26 27 0.137628

27 27 0.136812

28 27 0.135457

29 27 0.133567

30 27 0.13115

31 27 0.128216

32 27 0.124775

33 27 0.120842

34 27 0.116433

35 27 0.111563

36 27 0.106253

37 27 0.100525

38 27 0.0943988

39 27 0.0879005

40 27 0.0810554

41 27 0.0738903

42 27 0.0664337

43 27 0.0587148

44 27 0.0507642

45 27 0.0426133

46 27 0.0342942

47 27 0.0258398

48 27 0.0172834

49 27 0.00865879

50 27 0

0 28 0

1 28 0.00857302

2 28 0.0171122

3 28 0.0255839

4 28 0.0339545

5 28 0.0421912

6 28 0.0502614

7 28 0.0581332

8 28 0.0657756

9 28 0.0731584

10 28 0.0802525

11 28 0.0870298

12 28 0.0934637

13 28 0.0995288

14 28 0.105201

15 28 0.110458

16 28 0.115279

17 28 0.119645

18 28 0.123539

19 28 0.126946

20 28 0.129851

21 28 0.132244

22 28 0.134115

23 28 0.135457

24 28 0.136264

25 28 0.136534

26 28 0.136264

27 28 0.135457

28 28 0.134115

29 28 0.132244

30 28 0.129851

31 28 0.126946

32 28 0.123539

33 28 0.119645

34 28 0.115279

35 28 0.110458

36 28 0.105201

37 28 0.0995288

38 28 0.0934637

39 28 0.0870298

40 28 0.0802525

41 28 0.0731584

42 28 0.0657756

43 28 0.0581332

44 28 0.0502614

45 28 0.0421912

46 28 0.0339545

47 28 0.0255839

48 28 0.0171122

49 28 0.00857302

50 28 0

0 29 0

1 29 0.00845342

2 29 0.0168735

3 29 0.0252269

4 29 0.0334808

5 29 0.0416026

6 29 0.0495602

7 29 0.0573222

8 29 0.0648579

9 29 0.0721377

10 29 0.0791329

11 29 0.0858157

12 29 0.0921598

13 29 0.0981402

14 29 0.103733

15 29 0.108917

16 29 0.113671

17 29 0.117976

18 29 0.121816

19 29 0.125175

20 29 0.12804

21 29 0.130399

22 29 0.132244

23 29 0.133567

24 29 0.134363

25 29 0.134629

26 29 0.134363

27 29 0.133567

28 29 0.132244

29 29 0.130399

30 29 0.12804

31 29 0.125175

32 29 0.121816

33 29 0.117976

34 29 0.113671

35 29 0.108917

36 29 0.103733

37 29 0.0981402

38 29 0.0921598

39 29 0.0858157

40 29 0.0791329

41 29 0.0721377

42 29 0.0648579

43 29 0.0573222

44 29 0.0495602

45 29 0.0416026

46 29 0.0334808

47 29 0.0252269

48 29 0.0168735

49 29 0.00845342

50 29 0

0 30 0

1 30 0.00830045

2 30 0.0165681

3 30 0.0247704

4 30 0.032875

5 30 0.0408498

6 30 0.0486634

7 30 0.0562849

8 30 0.0636843

9 30 0.0708324

10 30 0.0777009

11 30 0.0842628

12 30 0.0904922

13 30 0.0963644

14 30 0.101856

15 30 0.106946

16 30 0.111614

17 30 0.115841

18 30 0.119612

19 30 0.12291

20 30 0.125723

21 30 0.12804

22 30 0.129851

23 30 0.13115

24 30 0.131932

25 30 0.132193

26 30 0.131932

27 30 0.13115

28 30 0.129851

29 30 0.12804

30 30 0.125723

31 30 0.12291

32 30 0.119612

33 30 0.115841

34 30 0.111614

35 30 0.106946

36 30 0.101856

37 30 0.0963644

38 30 0.0904922

39 30 0.0842628

40 30 0.0777009

41 30 0.0708324

42 30 0.0636843

43 30 0.0562849

44 30 0.0486634

45 30 0.0408498

46 30 0.032875

47 30 0.0247704

48 30 0.0165681

49 30 0.00830045

50 30 0

0 31 0

1 31 0.00811473

2 31 0.0161974

3 31 0.0242162

4 31 0.0321394

5 31 0.0399358

6 31 0.0475745

7 31 0.0550255

8 31 0.0622594

9 31 0.0692475

10 31 0.0759624

11 31 0.0823774

12 31 0.0884674

13 31 0.0942082

14 31 0.0995772

15 31 0.104553

16 31 0.109117

17 31 0.113249

18 31 0.116935

19 31 0.12016

20 31 0.12291

21 31 0.125175

22 31 0.126946

23 31 0.128216

24 31 0.12898

25 31 0.129235

26 31 0.12898

27 31 0.128216

28 31 0.126946

29 31 0.125175

30 31 0.12291

31 31 0.12016

32 31 0.116935

33 31 0.113249

34 31 0.109117

35 31 0.104553

36 31 0.0995772

37 31 0.0942082

38 31 0.0884674

39 31 0.0823774

40 31 0.0759624

41 31 0.0692475

42 31 0.0622594

43 31 0.0550255

44 31 0.0475745

45 31 0.0399358

46 31 0.0321394

47 31 0.0242162

48 31 0.0161974

49 31 0.00811473

50 31 0

0 32 0

1 32 0.00789698

2 32 0.0157628

3 32 0.0235664

4 32 0.031277

5 32 0.0388642

6 32 0.0462979

7 32 0.053549

8 32 0.0605887

9 32 0.0673893

10 32 0.073924

11 32 0.0801669

12 32 0.0860935

13 32 0.0916802

14 32 0.0969052

15 32 0.101748

16 32 0.106189

17 32 0.11021

18 32 0.113797

19 32 0.116935

20 32 0.119612

21 32 0.121816

22 32 0.123539

23 32 0.124775

24 32 0.125519

25 32 0.125767

26 32 0.125519

27 32 0.124775

28 32 0.123539

29 32 0.121816

30 32 0.119612

31 32 0.116935

32 32 0.113797

33 32 0.11021

34 32 0.106189

35 32 0.101748

36 32 0.0969052

37 32 0.0916802

38 32 0.0860935

39 32 0.0801669

40 32 0.073924

41 32 0.0673893

42 32 0.0605887

43 32 0.053549

44 32 0.0462979

45 32 0.0388642

46 32 0.031277

47 32 0.0235664

48 32 0.0157628

49 32 0.00789698

50 32 0

0 33 0

1 33 0.00764806

2 33 0.0152659

3 33 0.0228236

4 33 0.0302911

5 33 0.0376391

6 33 0.0448386

7 33 0.0518611

8 33 0.058679

9 33 0.0652652

10 33 0.0715939

11 33 0.07764

12 33 0.0833798

13 33 0.0887904

14 33 0.0938507

15 33 0.0985406

16 33 0.102842

17 33 0.106737

18 33 0.11021

19 33 0.113249

20 33 0.115841

21 33 0.117976

22 33 0.119645

23 33 0.120842

24 33 0.121562

25 33 0.121803

26 33 0.121562

27 33 0.120842

28 33 0.119645

29 33 0.117976

30 33 0.115841

31 33 0.113249

32 33 0.11021

33 33 0.106737

34 33 0.102842

35 33 0.0985406

36 33 0.0938507

37 33 0.0887904

38 33 0.0833798

39 33 0.07764

40 33 0.0715939

41 33 0.0652652

42 33 0.058679

43 33 0.0518611

44 33 0.0448386

45 33 0.0376391

46 33 0.0302911

47 33 0.0228236

48 33 0.0152659

49 33 0.00764806

50 33 0

0 34 0

1 34 0.00736896

2 34 0.0147088

3 34 0.0219907

4 34 0.0291857

5 34 0.0362656

6 34 0.0432023

7 34 0.0499686

8 34 0.0565376

9 34 0.0628835

10 34 0.0689813

11 34 0.0748068

12 34 0.080337

13 34 0.0855502

14 34 0.0904258

15 34 0.0949446

16 34 0.0990886

17 34 0.102842

18 34 0.106189

19 34 0.109117

20 34 0.111614

21 34 0.113671

22 34 0.115279

23 34 0.116433

24 34 0.117126

25 34 0.117358

26 34 0.117126

27 34 0.116433

28 34 0.115279

29 34 0.113671

30 34 0.111614

31 34 0.109117

32 34 0.106189

33 34 0.102842

34 34 0.0990886

35 34 0.0949446

36 34 0.0904258

37 34 0.0855502

38 34 0.080337

39 34 0.0748068

40 34 0.0689813

41 34 0.0628835

42 34 0.0565376

43 34 0.0499686

44 34 0.0432023

45 34 0.0362656

46 34 0.0291857

47 34 0.0219907

48 34 0.0147088

49 34 0.00736896

50 34 0

0 35 0

1 35 0.00706078

2 35 0.0140937

3 35 0.021071

4 35 0.0279651

5 35 0.0347489

6 35 0.0413956

7 35 0.0478788

8 35 0.0541731

9 35 0.0602536

10 35 0.0660964

11 35 0.0716782

12 35 0.0769772

13 35 0.0819724

14 35 0.0866441

15 35 0.0909738

16 35 0.0949446

17 35 0.0985406

18 35 0.101748

19 35 0.104553

20 35 0.106946

21 35 0.108917

22 35 0.110458

23 35 0.111563

24 35 0.112228

25 35 0.11245

26 35 0.112228

27 35 0.111563

28 35 0.110458

29 35 0.108917

30 35 0.106946

31 35 0.104553

32 35 0.101748

33 35 0.0985406

34 35 0.0949446

35 35 0.0909738

36 35 0.0866441

37 35 0.0819724

38 35 0.0769772

39 35 0.0716782

40 35 0.0660964

41 35 0.0602536

42 35 0.0541731

43 35 0.0478788

44 35 0.0413956

45 35 0.0347489

46 35 0.0279651

47 35 0.021071

48 35 0.0140937

49 35 0.00706078

50 35 0

0 36 0

1 36 0.00672474

2 36 0.0134229

3 36 0.0200682

4 36 0.0266342

5 36 0.0330951

6 36 0.0394254

7 36 0.0456001

8 36 0.0515949

9 36 0.057386

10 36 0.0629506

11 36 0.0682668

12 36 0.0733136

13 36 0.0780711

14 36 0.0825204

15 36 0.0866441

16 36 0.0904258

17 36 0.0938507

18 36 0.0969052

19 36 0.0995772

20 36 0.101856

21 36 0.103733

22 36 0.105201

23 36 0.106253

24 36 0.106887

25 36 0.107098

26 36 0.106887

27 36 0.106253

28 36 0.105201

29 36 0.103733

30 36 0.101856

31 36 0.0995772

32 36 0.0969052

33 36 0.0938507

34 36 0.0904258

35 36 0.0866441

36 36 0.0825204

37 36 0.0780711

38 36 0.0733136

39 36 0.0682668

40 36 0.0629506

41 36 0.057386

42 36 0.0515949

43 36 0.0456001

44 36 0.0394254

45 36 0.0330951

46 36 0.0266342

47 36 0.0200682

48 36 0.0134229

49 36 0.00672474

50 36 0

0 37 0

1 37 0.00636215

2 37 0.0126992

3 37 0.0189861

4 37 0.0251981

5 37 0.0313107

6 37 0.0372997

7 37 0.0431414

8 37 0.048813

9 37 0.0542918

10 37 0.0595564

11 37 0.064586

12 37 0.0693607

13 37 0.0738616

14 37 0.0780711

15 37 0.0819724

16 37 0.0855502

17 37 0.0887904

18 37 0.0916802

19 37 0.0942082

20 37 0.0963644

21 37 0.0981402

22 37 0.0995288

23 37 0.100525

24 37 0.101124

25 37 0.101323

26 37 0.101124

27 37 0.100525

28 37 0.0995288

29 37 0.0981402

30 37 0.0963644

31 37 0.0942082

32 37 0.0916802

33 37 0.0887904

34 37 0.0855502

35 37 0.0819724

36 37 0.0780711

37 37 0.0738616

38 37 0.0693607

39 37 0.064586

40 37 0.0595564

41 37 0.0542918

42 37 0.048813

43 37 0.0431414

44 37 0.0372997

45 37 0.0313107

46 37 0.0251981

47 37 0.0189861

48 37 0.0126992

49 37 0.00636215

50 37 0

0 38 0

1 38 0.00597446

2 38 0.0119253

3 38 0.0178292

4 38 0.0236626

5 38 0.0294027

6 38 0.0350267

7 38 0.0405125

8 38 0.0458384

9 38 0.0509834

10 38 0.0559272

11 38 0.0606503

12 38 0.065134

13 38 0.0693607

14 38 0.0733136

15 38 0.0769772

16 38 0.080337

17 38 0.0833798

18 38 0.0860935

19 38 0.0884674

20 38 0.0904922

21 38 0.0921598

22 38 0.0934637

23 38 0.0943988

24 38 0.0949613

25 38 0.0951491

26 38 0.0949613

27 38 0.0943988

28 38 0.0934637

29 38 0.0921598

30 38 0.0904922

31 38 0.0884674

32 38 0.0860935

33 38 0.0833798

34 38 0.080337

35 38 0.0769772

36 38 0.0733136

37 38 0.0693607

38 38 0.065134

39 38 0.0606503

40 38 0.0559272

41 38 0.0509834

42 38 0.0458384

43 38 0.0405125

44 38 0.0350267

45 38 0.0294027

46 38 0.0236626

47 38 0.0178292

48 38 0.0119253

49 38 0.00597446

50 38 0

0 39 0

1 39 0.00556319

2 39 0.0111044

3 39 0.0166018

4 39 0.0220337

5 39 0.0273786

6 39 0.0326155

7 39 0.0377237

8 39 0.042683

9 39 0.0474738

10 39 0.0520773

11 39 0.0564752

12 39 0.0606503

13 39 0.064586

14 39 0.0682668

15 39 0.0716782

16 39 0.0748068

17 39 0.07764

18 39 0.0801669

19 39 0.0823774

20 39 0.0842628

21 39 0.0858157

22 39 0.0870298

23 39 0.0879005

24 39 0.0884243

25 39 0.0885992

26 39 0.0884243

27 39 0.0879005

28 39 0.0870298

29 39 0.0858157

30 39 0.0842628

31 39 0.0823774

32 39 0.0801669

33 39 0.07764

34 39 0.0748068

35 39 0.0716782

36 39 0.0682668

37 39 0.064586

38 39 0.0606503

39 39 0.0564752

40 39 0.0520773

41 39 0.0474738

42 39 0.042683

43 39 0.0377237

44 39 0.0326155

45 39 0.0273786

46 39 0.0220337

47 39 0.0166018

48 39 0.0111044

49 39 0.00556319

50 39 0

0 40 0

1 40 0.00512996

2 40 0.0102397

3 40 0.015309

4 40 0.0203179

5 40 0.0252466

6 40 0.0300756

7 40 0.034786

8 40 0.0393591

9 40 0.0437768

10 40 0.0480218

11 40 0.0520773

12 40 0.0559272

13 40 0.0595564

14 40 0.0629506

15 40 0.0660964

16 40 0.0689813

17 40 0.0715939

18 40 0.073924

19 40 0.0759624

20 40 0.0777009

21 40 0.0791329

22 40 0.0802525

23 40 0.0810554

24 40 0.0815384

25 40 0.0816996

26 40 0.0815384

27 40 0.0810554

28 40 0.0802525

29 40 0.0791329

30 40 0.0777009

31 40 0.0759624

32 40 0.073924

33 40 0.0715939

34 40 0.0689813

35 40 0.0660964

36 40 0.0629506

37 40 0.0595564

38 40 0.0559272

39 40 0.0520773

40 40 0.0480218

41 40 0.0437768

42 40 0.0393591

43 40 0.034786

44 40 0.0300756

45 40 0.0252466

46 40 0.0203179

47 40 0.015309

48 40 0.0102397

49 40 0.00512996

50 40 0

0 41 0

1 41 0.00467649

2 41 0.00933452

3 41 0.0139557

4 41 0.0185218

5 41 0.0230148

6 41 0.027417

7 41 0.031711

8 41 0.0358799

9 41 0.0399071

10 41 0.0437768

11 41 0.0474738

12 41 0.0509834

13 41 0.0542918

14 41 0.057386

15 41 0.0602536

16 41 0.0628835

17 41 0.0652652

18 41 0.0673893

19 41 0.0692475

20 41 0.0708324

21 41 0.0721377

22 41 0.0731584

23 41 0.0738903

24 41 0.0743306

25 41 0.0744776

26 41 0.0743306

27 41 0.0738903

28 41 0.0731584

29 41 0.0721377

30 41 0.0708324

31 41 0.0692475

32 41 0.0673893

33 41 0.0652652

34 41 0.0628835

35 41 0.0602536

36 41 0.057386

37 41 0.0542918

38 41 0.0509834

39 41 0.0474738

40 41 0.0437768

41 41 0.0399071

42 41 0.0358799

43 41 0.031711

44 41 0.027417

45 41 0.0230148

46 41 0.0185218

47 41 0.0139557

48 41 0.00933452

49 41 0.00467649

50 41 0

0 42 0

1 42 0.00420456

2 42 0.00839252

3 42 0.0125474

4 42 0.0166527

5 42 0.0206923

6 42 0.0246502

7 42 0.0285109

8 42 0.032259

9 42 0.0358799

10 42 0.0393591

11 42 0.042683

12 42 0.0458384

13 42 0.048813

14 42 0.0515949

15 42 0.0541731

16 42 0.0565376

17 42 0.058679

18 42 0.0605887

19 42 0.0622594

20 42 0.0636843

21 42 0.0648579

22 42 0.0657756

23 42 0.0664337

24 42 0.0668295

25 42 0.0669617

26 42 0.0668295

27 42 0.0664337

28 42 0.0657756

29 42 0.0648579

30 42 0.0636843

31 42 0.0622594

32 42 0.0605887

33 42 0.058679

34 42 0.0565376

35 42 0.0541731

36 42 0.0515949

37 42 0.048813

38 42 0.0458384

39 42 0.042683

40 42 0.0393591

41 42 0.0358799

42 42 0.032259

43 42 0.0285109

44 42 0.0246502

45 42 0.0206923

46 42 0.0166527

47 42 0.0125474

48 42 0.00839252

49 42 0.00420456

50 42 0

0 43 0

1 43 0.00371604

2 43 0.00741741

3 43 0.0110895

4 43 0.0147178

5 43 0.0182881

6 43 0.0217862

7 43 0.0251982

8 43 0.0285109

9 43 0.031711

10 43 0.034786

11 43 0.0377237

12 43 0.0405125

13 43 0.0431414

14 43 0.0456001

15 43 0.0478788

16 43 0.0499686

17 43 0.0518611

18 43 0.053549

19 43 0.0550255

20 43 0.0562849

21 43 0.0573222

22 43 0.0581332

23 43 0.0587148

24 43 0.0590647

25 43 0.0591815

26 43 0.0590647

27 43 0.0587148

28 43 0.0581332

29 43 0.0573222

30 43 0.0562849

31 43 0.0550255

32 43 0.053549

33 43 0.0518611

34 43 0.0499686

35 43 0.0478788

36 43 0.0456001

37 43 0.0431414

38 43 0.0405125

39 43 0.0377237

40 43 0.034786

41 43 0.031711

42 43 0.0285109

43 43 0.0251982

44 43 0.0217862

45 43 0.0182881

46 43 0.0147178

47 43 0.0110895

48 43 0.00741741

49 43 0.00371604

50 43 0

0 44 0

1 44 0.00321285

2 44 0.00641302

3 44 0.00958787

4 44 0.0127249

5 44 0.0158117

6 44 0.0188361

7 44 0.0217862

8 44 0.0246502

9 44 0.027417

10 44 0.0300756

11 44 0.0326155

12 44 0.0350267

13 44 0.0372997

14 44 0.0394254

15 44 0.0413956

16 44 0.0432023

17 44 0.0448386

18 44 0.0462979

19 44 0.0475745

20 44 0.0486634

21 44 0.0495602

22 44 0.0502614

23 44 0.0507642

24 44 0.0510667

25 44 0.0511677

26 44 0.0510667

27 44 0.0507642

28 44 0.0502614

29 44 0.0495602

30 44 0.0486634

31 44 0.0475745

32 44 0.0462979

33 44 0.0448386

34 44 0.0432023

35 44 0.0413956

36 44 0.0394254

37 44 0.0372997

38 44 0.0350267

39 44 0.0326155

40 44 0.0300756

41 44 0.027417

42 44 0.0246502

43 44 0.0217862

44 44 0.0188361

45 44 0.0158117

46 44 0.0127249

47 44 0.00958787

48 44 0.00641302

49 44 0.00321285

50 44 0

0 45 0

1 45 0.00269698

2 45 0.00538332

3 45 0.00804841

4 45 0.0106817

5 45 0.0132729

6 45 0.0158117

7 45 0.0182881

8 45 0.0206923

9 45 0.0230148

10 45 0.0252466

11 45 0.0273786

12 45 0.0294027

13 45 0.0313107

14 45 0.0330951

15 45 0.0347489

16 45 0.0362656

17 45 0.0376391

18 45 0.0388642

19 45 0.0399358

20 45 0.0408498

21 45 0.0416026

22 45 0.0421912

23 45 0.0426133

24 45 0.0428673

25 45 0.042952

26 45 0.0428673

27 45 0.0426133

28 45 0.0421912

29 45 0.0416026

30 45 0.0408498

31 45 0.0399358

32 45 0.0388642

33 45 0.0376391

34 45 0.0362656

35 45 0.0347489

36 45 0.0330951

37 45 0.0313107

38 45 0.0294027

39 45 0.0273786

40 45 0.0252466

41 45 0.0230148

42 45 0.0206923

43 45 0.0182881

44 45 0.0158117

45 45 0.0132729

46 45 0.0106817

47 45 0.00804841

48 45 0.00538332

49 45 0.00269698

50 45 0

0 46 0

1 46 0.00217047

2 46 0.00433237

3 46 0.00647718

4 46 0.00859642

5 46 0.0106817

6 46 0.0127249

7 46 0.0147178

8 46 0.0166527

9 46 0.0185218

10 46 0.0203179

11 46 0.0220337

12 46 0.0236626

13 46 0.0251981

14 46 0.0266342

15 46 0.0279651

16 46 0.0291857

17 46 0.0302911

18 46 0.031277

19 46 0.0321394

20 46 0.032875

21 46 0.0334808

22 46 0.0339545

23 46 0.0342942

24 46 0.0344986

25 46 0.0345668

26 46 0.0344986

27 46 0.0342942

28 46 0.0339545

29 46 0.0334808

30 46 0.032875

31 46 0.0321394

32 46 0.031277

33 46 0.0302911

34 46 0.0291857

35 46 0.0279651

36 46 0.0266342

37 46 0.0251981

38 46 0.0236626

39 46 0.0220337

40 46 0.0203179

41 46 0.0185218

42 46 0.0166527

43 46 0.0147178

44 46 0.0127249

45 46 0.0106817

46 46 0.00859642

47 46 0.00647718

48 46 0.00433237

49 46 0.00217047

50 46 0

0 47 0

1 47 0.00163539

2 47 0.00326433

3 47 0.00488038

4 47 0.00647718

5 47 0.00804841

6 47 0.00958787

7 47 0.0110895

8 47 0.0125474

9 47 0.0139557

10 47 0.015309

11 47 0.0166018

12 47 0.0178292

13 47 0.0189861

14 47 0.0200682

15 47 0.021071

16 47 0.0219907

17 47 0.0228236

18 47 0.0235664

19 47 0.0242162

20 47 0.0247704

21 47 0.0252269

22 47 0.0255839

23 47 0.0258398

24 47 0.0259938

25 47 0.0260452

26 47 0.0259938

27 47 0.0258398

28 47 0.0255839

29 47 0.0252269

30 47 0.0247704

31 47 0.0242162

32 47 0.0235664

33 47 0.0228236

34 47 0.0219907

35 47 0.021071

36 47 0.0200682

37 47 0.0189861

38 47 0.0178292

39 47 0.0166018

40 47 0.015309

41 47 0.0139557

42 47 0.0125474

43 47 0.0110895

44 47 0.00958787

45 47 0.00804841

46 47 0.00647718

47 47 0.00488038

48 47 0.00326433

49 47 0.00163539

50 47 0

0 48 0

1 48 0.00109386

2 48 0.0021834

3 48 0.00326433

4 48 0.00433237

5 48 0.00538332

6 48 0.00641302

7 48 0.00741741

8 48 0.00839252

9 48 0.00933452

10 48 0.0102397

11 48 0.0111044

12 48 0.0119253

13 48 0.0126992

14 48 0.0134229

15 48 0.0140937

16 48 0.0147088

17 48 0.0152659

18 48 0.0157628

19 48 0.0161974

20 48 0.0165681

21 48 0.0168735

22 48 0.0171122

23 48 0.0172834

24 48 0.0173864

25 48 0.0174208

26 48 0.0173864

27 48 0.0172834

28 48 0.0171122

29 48 0.0168735

30 48 0.0165681

31 48 0.0161974

32 48 0.0157628

33 48 0.0152659

34 48 0.0147088

35 48 0.0140937

36 48 0.0134229

37 48 0.0126992

38 48 0.0119253

39 48 0.0111044

40 48 0.0102397

41 48 0.00933452

42 48 0.00839252

43 48 0.00741741

44 48 0.00641302

45 48 0.00538332

46 48 0.00433237

47 48 0.00326433

48 48 0.0021834

49 48 0.00109386

50 48 0

0 49 0

1 49 0.000548011

2 49 0.00109386

3 49 0.00163539

4 49 0.00217047

5 49 0.00269698

6 49 0.00321285

7 49 0.00371604

8 49 0.00420456

9 49 0.00467649

10 49 0.00512996

11 49 0.00556319

12 49 0.00597446

13 49 0.00636215

14 49 0.00672474

15 49 0.00706078

16 49 0.00736896

17 49 0.00764806

18 49 0.00789698

19 49 0.00811473

20 49 0.00830045

21 49 0.00845342

22 49 0.00857302

23 49 0.00865879

24 49 0.00871039

25 49 0.00872761

26 49 0.00871039

27 49 0.00865879

28 49 0.00857302

29 49 0.00845342

30 49 0.00830045

