0 1 0

1 1 0.000296078

2 1 0.000590987

3 1 0.000883564

4 1 0.00117265

5 1 0.00145712

6 1 0.00173583

7 1 0.00200769

8 1 0.00227163

9 1 0.0025266

10 1 0.0027716

11 1 0.00300566

12 1 0.00322786

13 1 0.00343732

14 1 0.00363322

15 1 0.00381478

16 1 0.00398128

17 1 0.00413207

18 1 0.00426655

19 1 0.0043842

20 1 0.00448454

21 1 0.00456719

22 1 0.0046318

23 1 0.00467814

24 1 0.00470602

25 1 0.00471533

26 1 0.00470602

27 1 0.00467814

28 1 0.0046318

29 1 0.00456719

30 1 0.00448454

31 1 0.0043842

32 1 0.00426655

33 1 0.00413207

34 1 0.00398128

35 1 0.00381478

36 1 0.00363322

37 1 0.00343732

38 1 0.00322786

39 1 0.00300566

40 1 0.0027716

41 1 0.0025266

42 1 0.00227163

43 1 0.00200769

44 1 0.00173583

45 1 0.00145712

46 1 0.00117265

47 1 0.000883564

48 1 0.000590987

49 1 0.000296078

50 1 0

0 2 0

1 2 0.000590987

2 2 0.00117964

3 2 0.00176364

4 2 0.00234068

5 2 0.00290848

6 2 0.0034648

7 2 0.00400745

8 2 0.00453429

9 2 0.00504322

10 2 0.00553226

11 2 0.00599946

12 2 0.00644299

13 2 0.00686108

14 2 0.0072521

15 2 0.0076145

16 2 0.00794685

17 2 0.00824784

18 2 0.00851627

19 2 0.0087511

20 2 0.00895138

21 2 0.00911635

22 2 0.00924533

23 2 0.00933783

24 2 0.00939347

25 2 0.00941204

26 2 0.00939347

27 2 0.00933783

28 2 0.00924533

29 2 0.00911635

30 2 0.00895138

31 2 0.0087511

32 2 0.00851627

33 2 0.00824784

34 2 0.00794685

35 2 0.0076145

36 2 0.0072521

37 2 0.00686108

38 2 0.00644299

39 2 0.00599946

40 2 0.00553226

41 2 0.00504322

42 2 0.00453429

43 2 0.00400745

44 2 0.0034648

45 2 0.00290848

46 2 0.00234068

47 2 0.00176364

48 2 0.00117964

49 2 0.000590987

50 2 0

0 3 0

1 3 0.000883564

2 3 0.00176364

3 3 0.00263676

4 3 0.00349947

5 3 0.00434837

6 3 0.00518011

7 3 0.0059914

8 3 0.00677905

9 3 0.00753995

10 3 0.00827109

11 3 0.00896958

12 3 0.00963268

13 3 0.0102578

14 3 0.0108424

15 3 0.0113842

16 3 0.0118811

17 3 0.012331

18 3 0.0127324

19 3 0.0130835

20 3 0.0133829

21 3 0.0136295

22 3 0.0138224

23 3 0.0139607

24 3 0.0140438

25 3 0.0140716

26 3 0.0140438

27 3 0.0139607

28 3 0.0138224

29 3 0.0136295

30 3 0.0133829

31 3 0.0130835

32 3 0.0127324

33 3 0.012331

34 3 0.0118811

35 3 0.0113842

36 3 0.0108424

37 3 0.0102578

38 3 0.00963268

39 3 0.00896958

40 3 0.00827109

41 3 0.00753995

42 3 0.00677905

43 3 0.0059914

44 3 0.00518011

45 3 0.00434837

46 3 0.00349947

47 3 0.00263676

48 3 0.00176364

49 3 0.000883564

50 3 0

0 4 0

1 4 0.00117265

2 4 0.00234068

3 4 0.00349947

4 4 0.00464445

5 4 0.00577109

6 4 0.00687497

7 4 0.00795171

8 4 0.00899706

9 4 0.0100069

10 4 0.0109773

11 4 0.0119043

12 4 0.0127844

13 4 0.013614

14 4 0.0143898

15 4 0.0151089

16 4 0.0157684

17 4 0.0163656

18 4 0.0168982

19 4 0.0173642

20 4 0.0177616

21 4 0.0180889

22 4 0.0183449

23 4 0.0185284

24 4 0.0186388

25 4 0.0186757

26 4 0.0186388

27 4 0.0185284

28 4 0.0183449

29 4 0.0180889

30 4 0.0177616

31 4 0.0173642

32 4 0.0168982

33 4 0.0163656

34 4 0.0157684

35 4 0.0151089

36 4 0.0143898

37 4 0.013614

38 4 0.0127844

39 4 0.0119043

40 4 0.0109773

41 4 0.0100069

42 4 0.00899706

43 4 0.00795171

44 4 0.00687497

45 4 0.00577109

46 4 0.00464445

47 4 0.00349947

48 4 0.00234068

49 4 0.00117265

50 4 0

0 5 0

1 5 0.00145712

2 5 0.00290848

3 5 0.00434837

4 5 0.00577109

5 5 0.00717104

6 5 0.00854269

7 5 0.00988063

8 5 0.0111796

9 5 0.0124344

10 5 0.0136401

11 5 0.0147921

12 5 0.0158856

13 5 0.0169164

14 5 0.0178805

15 5 0.018774

16 5 0.0195935

17 5 0.0203356

18 5 0.0209974

19 5 0.0215764

20 5 0.0220702

21 5 0.0224769

22 5 0.0227949

23 5 0.023023

24 5 0.0231602

25 5 0.023206

26 5 0.0231602

27 5 0.023023

28 5 0.0227949

29 5 0.0224769

30 5 0.0220702

31 5 0.0215764

32 5 0.0209974

33 5 0.0203356

34 5 0.0195935

35 5 0.018774

36 5 0.0178805

37 5 0.0169164

38 5 0.0158856

39 5 0.0147921

40 5 0.0136401

41 5 0.0124344

42 5 0.0111796

43 5 0.00988063

44 5 0.00854269

45 5 0.00717104

46 5 0.00577109

47 5 0.00434837

48 5 0.00290848

49 5 0.00145712

50 5 0

0 6 0

1 6 0.00173583

2 6 0.0034648

3 6 0.00518011

4 6 0.00687497

5 6 0.00854269

6 6 0.0101767

7 6 0.0117706

8 6 0.013318

9 6 0.0148128

10 6 0.0162492

11 6 0.0176214

12 6 0.0189241

13 6 0.0201521

14 6 0.0213006

15 6 0.0223651

16 6 0.0233412

17 6 0.0242253

18 6 0.0250137

19 6 0.0257034

20 6 0.0262917

21 6 0.0267762

22 6 0.0271551

23 6 0.0274267

24 6 0.0275902

25 6 0.0276447

26 6 0.0275902

27 6 0.0274267

28 6 0.0271551

29 6 0.0267762

30 6 0.0262917

31 6 0.0257034

32 6 0.0250137

33 6 0.0242253

34 6 0.0233412

35 6 0.0223651

36 6 0.0213006

37 6 0.0201521

38 6 0.0189241

39 6 0.0176214

40 6 0.0162492

41 6 0.0148128

42 6 0.013318

43 6 0.0117706

44 6 0.0101767

45 6 0.00854269

46 6 0.00687497

47 6 0.00518011

48 6 0.0034648

49 6 0.00173583

50 6 0

0 7 0

1 7 0.00200769

2 7 0.00400745

3 7 0.0059914

4 7 0.00795171

5 7 0.00988063

6 7 0.0117706

7 7 0.013614

8 7 0.0154038

9 7 0.0171327

10 7 0.0187941

11 7 0.0203812

12 7 0.021888

13 7 0.0233083

14 7 0.0246367

15 7 0.0258678

16 7 0.0269969

17 7 0.0280194

18 7 0.0289313

19 7 0.029729

20 7 0.0304094

21 7 0.0309698

22 7 0.031408

23 7 0.0317223

24 7 0.0319113

25 7 0.0319744

26 7 0.0319113

27 7 0.0317223

28 7 0.031408

29 7 0.0309698

30 7 0.0304094

31 7 0.029729

32 7 0.0289313

33 7 0.0280194

34 7 0.0269969

35 7 0.0258678

36 7 0.0246367

37 7 0.0233083

38 7 0.021888

39 7 0.0203812

40 7 0.0187941

41 7 0.0171327

42 7 0.0154038

43 7 0.013614

44 7 0.0117706

45 7 0.00988063

46 7 0.00795171

47 7 0.0059914

48 7 0.00400745

49 7 0.00200769

50 7 0

0 8 0

1 8 0.00227163

2 8 0.00453429

3 8 0.00677905

4 8 0.00899706

5 8 0.0111796

6 8 0.013318

7 8 0.0154038

8 8 0.0174288

9 8 0.0193851

10 8 0.0212648

11 8 0.0230606

12 8 0.0247654

13 8 0.0263725

14 8 0.0278755

15 8 0.0292685

16 8 0.030546

17 8 0.0317029

18 8 0.0327347

19 8 0.0336373

20 8 0.0344072

21 8 0.0350412

22 8 0.035537

23 8 0.0358926

24 8 0.0361065

25 8 0.0361778

26 8 0.0361065

27 8 0.0358926

28 8 0.035537

29 8 0.0350412

30 8 0.0344072

31 8 0.0336373

32 8 0.0327347

33 8 0.0317029

34 8 0.030546

35 8 0.0292685

36 8 0.0278755

37 8 0.0263725

38 8 0.0247654

39 8 0.0230606

40 8 0.0212648

41 8 0.0193851

42 8 0.0174288

43 8 0.0154038

44 8 0.013318

45 8 0.0111796

46 8 0.00899706

47 8 0.00677905

48 8 0.00453429

49 8 0.00227163

50 8 0

0 9 0

1 9 0.0025266

2 9 0.00504322

3 9 0.00753995

4 9 0.0100069

5 9 0.0124344

6 9 0.0148128

7 9 0.0171327

8 9 0.0193851

9 9 0.0215609

10 9 0.0236516

11 9 0.025649

12 9 0.0275452

13 9 0.0293326

14 9 0.0310043

15 9 0.0325537

16 9 0.0339745

17 9 0.0352613

18 9 0.0364089

19 9 0.0374128

20 9 0.0382691

21 9 0.0389744

22 9 0.0395258

23 9 0.0399212

24 9 0.0401591

25 9 0.0402385

26 9 0.0401591

27 9 0.0399212

28 9 0.0395258

29 9 0.0389744

30 9 0.0382691

31 9 0.0374128

32 9 0.0364089

33 9 0.0352613

34 9 0.0339745

35 9 0.0325537

36 9 0.0310043

37 9 0.0293326

38 9 0.0275452

39 9 0.025649

40 9 0.0236516

41 9 0.0215609

42 9 0.0193851

43 9 0.0171327

44 9 0.0148128

45 9 0.0124344

46 9 0.0100069

47 9 0.00753995

48 9 0.00504322

49 9 0.0025266

50 9 0

0 10 0

1 10 0.0027716

2 10 0.00553226

3 10 0.00827109

4 10 0.0109773

5 10 0.0136401

6 10 0.0162492

7 10 0.0187941

8 10 0.0212648

9 10 0.0236516

10 10 0.0259451

11 10 0.0281362

12 10 0.0302162

13 10 0.032177

14 10 0.0340108

15 10 0.0357103

16 10 0.037269

17 10 0.0386805

18 10 0.0399394

19 10 0.0410407

20 10 0.04198

21 10 0.0427537

22 10 0.0433586

23 10 0.0437923

24 10 0.0440533

25 10 0.0441404

26 10 0.0440533

27 10 0.0437923

28 10 0.0433586

29 10 0.0427537

30 10 0.04198

31 10 0.0410407

32 10 0.0399394

33 10 0.0386805

34 10 0.037269

35 10 0.0357103

36 10 0.0340108

37 10 0.032177

38 10 0.0302162

39 10 0.0281362

40 10 0.0259451

41 10 0.0236516

42 10 0.0212648

43 10 0.0187941

44 10 0.0162492

45 10 0.0136401

46 10 0.0109773

47 10 0.00827109

48 10 0.00553226

49 10 0.0027716

50 10 0

0 11 0

1 11 0.00300566

2 11 0.00599946

3 11 0.00896958

4 11 0.0119043

5 11 0.0147921

6 11 0.0176214

7 11 0.0203812

8 11 0.0230606

9 11 0.025649

10 11 0.0281362

11 11 0.0305123

12 11 0.032768

13 11 0.0348943

14 11 0.036883

15 11 0.0387261

16 11 0.0404164

17 11 0.0419471

18 11 0.0433123

19 11 0.0445066

20 11 0.0455253

21 11 0.0463642

22 11 0.0470202

23 11 0.0474906

24 11 0.0477736

25 11 0.0478681

26 11 0.0477736

27 11 0.0474906

28 11 0.0470202

29 11 0.0463642

30 11 0.0455253

31 11 0.0445066

32 11 0.0433123

33 11 0.0419471

34 11 0.0404164

35 11 0.0387261

36 11 0.036883

37 11 0.0348943

38 11 0.032768

39 11 0.0305123

40 11 0.0281362

41 11 0.025649

42 11 0.0230606

43 11 0.0203812

44 11 0.0176214

45 11 0.0147921

46 11 0.0119043

47 11 0.00896958

48 11 0.00599946

49 11 0.00300566

50 11 0

0 12 0

1 12 0.00322786

2 12 0.00644299

3 12 0.00963268

4 12 0.0127844

5 12 0.0158856

6 12 0.0189241

7 12 0.021888

8 12 0.0247654

9 12 0.0275452

10 12 0.0302162

11 12 0.032768

12 12 0.0351904

13 12 0.037474

14 12 0.0396097

15 12 0.041589

16 12 0.0434042

17 12 0.0450482

18 12 0.0465143

19 12 0.0477969

20 12 0.0488908

21 12 0.0497918

22 12 0.0504963

23 12 0.0510015

24 12 0.0513054

25 12 0.0514068

26 12 0.0513054

27 12 0.0510015

28 12 0.0504963

29 12 0.0497918

30 12 0.0488908

31 12 0.0477969

32 12 0.0465143

33 12 0.0450482

34 12 0.0434042

35 12 0.041589

36 12 0.0396097

37 12 0.037474

38 12 0.0351904

39 12 0.032768

40 12 0.0302162

41 12 0.0275452

42 12 0.0247654

43 12 0.021888

44 12 0.0189241

45 12 0.0158856

46 12 0.0127844

47 12 0.00963268

48 12 0.00644299

49 12 0.00322786

50 12 0

0 13 0

1 13 0.00343732

2 13 0.00686108

3 13 0.0102578

4 13 0.013614

5 13 0.0169164

6 13 0.0201521

7 13 0.0233083

8 13 0.0263725

9 13 0.0293326

10 13 0.032177

11 13 0.0348943

12 13 0.037474

13 13 0.0399057

14 13 0.04218

15 13 0.0442878

16 13 0.0462208

17 13 0.0479714

18 13 0.0495327

19 13 0.0508985

20 13 0.0520634

21 13 0.0530229

22 13 0.0537731

23 13 0.0543111

24 13 0.0546347

25 13 0.0547427

26 13 0.0546347

27 13 0.0543111

28 13 0.0537731

29 13 0.0530229

30 13 0.0520634

31 13 0.0508985

32 13 0.0495327

33 13 0.0479714

34 13 0.0462208

35 13 0.0442878

36 13 0.04218

37 13 0.0399057

38 13 0.037474

39 13 0.0348943

40 13 0.032177

41 13 0.0293326

42 13 0.0263725

43 13 0.0233083

44 13 0.0201521

45 13 0.0169164

46 13 0.013614

47 13 0.0102578

48 13 0.00686108

49 13 0.00343732

50 13 0

0 14 0

1 14 0.00363322

2 14 0.0072521

3 14 0.0108424

4 14 0.0143898

5 14 0.0178805

6 14 0.0213006

7 14 0.0246367

8 14 0.0278755

9 14 0.0310043

10 14 0.0340108

11 14 0.036883

12 14 0.0396097

13 14 0.04218

14 14 0.0445839

15 14 0.0468118

16 14 0.048855

17 14 0.0507054

18 14 0.0523556

19 14 0.0537993

20 14 0.0550306

21 14 0.0560447

22 14 0.0568377

23 14 0.0574063

24 14 0.0577484

25 14 0.0578626

26 14 0.0577484

27 14 0.0574063

28 14 0.0568377

29 14 0.0560447

30 14 0.0550306

31 14 0.0537993

32 14 0.0523556

33 14 0.0507054

34 14 0.048855

35 14 0.0468118

36 14 0.0445839

37 14 0.04218

38 14 0.0396097

39 14 0.036883

40 14 0.0340108

41 14 0.0310043

42 14 0.0278755

43 14 0.0246367

44 14 0.0213006

45 14 0.0178805

46 14 0.0143898

47 14 0.0108424

48 14 0.0072521

49 14 0.00363322

50 14 0

0 15 0

1 15 0.00381478

2 15 0.0076145

3 15 0.0113842

4 15 0.0151089

5 15 0.018774

6 15 0.0223651

7 15 0.0258678

8 15 0.0292685

9 15 0.0325537

10 15 0.0357103

11 15 0.0387261

12 15 0.041589

13 15 0.0442878

14 15 0.0468118

15 15 0.0491511

16 15 0.0512963

17 15 0.0532392

18 15 0.0549719

19 15 0.0564877

20 15 0.0577805

21 15 0.0588454

22 15 0.0596779

23 15 0.060275

24 15 0.0606342

25 15 0.0607541

26 15 0.0606342

27 15 0.060275

28 15 0.0596779

29 15 0.0588454

30 15 0.0577805

31 15 0.0564877

32 15 0.0549719

33 15 0.0532392

34 15 0.0512963

35 15 0.0491511

36 15 0.0468118

37 15 0.0442878

38 15 0.041589

39 15 0.0387261

40 15 0.0357103

41 15 0.0325537

42 15 0.0292685

43 15 0.0258678

44 15 0.0223651

45 15 0.018774

46 15 0.0151089

47 15 0.0113842

48 15 0.0076145

49 15 0.00381478

50 15 0

0 16 0

1 16 0.00398128

2 16 0.00794685

3 16 0.0118811

4 16 0.0157684

5 16 0.0195935

6 16 0.0233412

7 16 0.0269969

8 16 0.030546

9 16 0.0339745

10 16 0.037269

11 16 0.0404164

12 16 0.0434042

13 16 0.0462208

14 16 0.048855

15 16 0.0512963

16 16 0.0535353

17 16 0.0555629

18 16 0.0573713

19 16 0.0589532

20 16 0.0603025

21 16 0.0614138

22 16 0.0622827

23 16 0.0629058

24 16 0.0632807

25 16 0.0634058

26 16 0.0632807

27 16 0.0629058

28 16 0.0622827

29 16 0.0614138

30 16 0.0603025

31 16 0.0589532

32 16 0.0573713

33 16 0.0555629

34 16 0.0535353

35 16 0.0512963

36 16 0.048855

37 16 0.0462208

38 16 0.0434042

39 16 0.0404164

40 16 0.037269

41 16 0.0339745

42 16 0.030546

43 16 0.0269969

44 16 0.0233412

45 16 0.0195935

46 16 0.0157684

47 16 0.0118811

48 16 0.00794685

49 16 0.00398128

50 16 0

0 17 0

1 17 0.00413207

2 17 0.00824784

3 17 0.012331

4 17 0.0163656

5 17 0.0203356

6 17 0.0242253

7 17 0.0280194

8 17 0.0317029

9 17 0.0352613

10 17 0.0386805

11 17 0.0419471

12 17 0.0450482

13 17 0.0479714

14 17 0.0507054

15 17 0.0532392

16 17 0.0555629

17 17 0.0576673

18 17 0.0595442

19 17 0.061186

20 17 0.0625864

21 17 0.0637398

22 17 0.0646416

23 17 0.0652883

24 17 0.0656774

25 17 0.0658073

26 17 0.0656774

27 17 0.0652883

28 17 0.0646416

29 17 0.0637398

30 17 0.0625864

31 17 0.061186

32 17 0.0595442

33 17 0.0576673

34 17 0.0555629

35 17 0.0532392

36 17 0.0507054

37 17 0.0479714

38 17 0.0450482

39 17 0.0419471

40 17 0.0386805

41 17 0.0352613

42 17 0.0317029

43 17 0.0280194

44 17 0.0242253

45 17 0.0203356

46 17 0.0163656

47 17 0.012331

48 17 0.00824784

49 17 0.00413207

50 17 0

0 18 0

1 18 0.00426655

2 18 0.00851627

3 18 0.0127324

4 18 0.0168982

5 18 0.0209974

6 18 0.0250137

7 18 0.0289313

8 18 0.0327347

9 18 0.0364089

10 18 0.0399394

11 18 0.0433123

12 18 0.0465143

13 18 0.0495327

14 18 0.0523556

15 18 0.0549719

16 18 0.0573713

17 18 0.0595442

18 18 0.0614821

19 18 0.0631774

20 18 0.0646234

21 18 0.0658143

22 18 0.0667455

23 18 0.0674132

24 18 0.0678149

25 18 0.067949

26 18 0.0678149

27 18 0.0674132

28 18 0.0667455

29 18 0.0658143

30 18 0.0646234

31 18 0.0631774

32 18 0.0614821

33 18 0.0595442

34 18 0.0573713

35 18 0.0549719

36 18 0.0523556

37 18 0.0495327

38 18 0.0465143

39 18 0.0433123

40 18 0.0399394

41 18 0.0364089

42 18 0.0327347

43 18 0.0289313

44 18 0.0250137

45 18 0.0209974

46 18 0.0168982

47 18 0.0127324

48 18 0.00851627

49 18 0.00426655

50 18 0

0 19 0

1 19 0.0043842

2 19 0.0087511

3 19 0.0130835

4 19 0.0173642

5 19 0.0215764

6 19 0.0257034

7 19 0.029729

8 19 0.0336373

9 19 0.0374128

10 19 0.0410407

11 19 0.0445066

12 19 0.0477969

13 19 0.0508985

14 19 0.0537993

15 19 0.0564877

16 19 0.0589532

17 19 0.061186

18 19 0.0631774

19 19 0.0649194

20 19 0.0664053

21 19 0.067629

22 19 0.0685859

23 19 0.0692721

24 19 0.0696848

25 19 0.0698226

26 19 0.0696848

27 19 0.0692721

28 19 0.0685859

29 19 0.067629

30 19 0.0664053

31 19 0.0649194

32 19 0.0631774

33 19 0.061186

34 19 0.0589532

35 19 0.0564877

36 19 0.0537993

37 19 0.0508985

38 19 0.0477969

39 19 0.0445066

40 19 0.0410407

41 19 0.0374128

42 19 0.0336373

43 19 0.029729

44 19 0.0257034

45 19 0.0215764

46 19 0.0173642

47 19 0.0130835

48 19 0.0087511

49 19 0.0043842

50 19 0

0 20 0

1 20 0.00448454

2 20 0.00895138

3 20 0.0133829

4 20 0.0177616

5 20 0.0220702

6 20 0.0262917

7 20 0.0304094

8 20 0.0344072

9 20 0.0382691

10 20 0.04198

11 20 0.0455253

12 20 0.0488908

13 20 0.0520634

14 20 0.0550306

15 20 0.0577805

16 20 0.0603025

17 20 0.0625864

18 20 0.0646234

19 20 0.0664053

20 20 0.0679251

21 20 0.0691769

22 20 0.0701556

23 20 0.0708575

24 20 0.0712797

25 20 0.0714207

26 20 0.0712797

27 20 0.0708575

28 20 0.0701556

29 20 0.0691769

30 20 0.0679251

31 20 0.0664053

32 20 0.0646234

33 20 0.0625864

34 20 0.0603025

35 20 0.0577805

36 20 0.0550306

37 20 0.0520634

38 20 0.0488908

39 20 0.0455253

40 20 0.04198

41 20 0.0382691

42 20 0.0344072

43 20 0.0304094

44 20 0.0262917

45 20 0.0220702

46 20 0.0177616

47 20 0.0133829

48 20 0.00895138

49 20 0.00448454

50 20 0

0 21 0

1 21 0.00456719

2 21 0.00911635

3 21 0.0136295

4 21 0.0180889

5 21 0.0224769

6 21 0.0267762

7 21 0.0309698

8 21 0.0350412

9 21 0.0389744

10 21 0.0427537

11 21 0.0463642

12 21 0.0497918

13 21 0.0530229

14 21 0.0560447

15 21 0.0588454

16 21 0.0614138

17 21 0.0637398

18 21 0.0658143

19 21 0.067629

20 21 0.0691769

21 21 0.0704517

22 21 0.0714485

23 21 0.0721633

24 21 0.0725933

25 21 0.0727369

26 21 0.0725933

27 21 0.0721633

28 21 0.0714485

29 21 0.0704517

30 21 0.0691769

31 21 0.067629

32 21 0.0658143

33 21 0.0637398

34 21 0.0614138

35 21 0.0588454

36 21 0.0560447

37 21 0.0530229

38 21 0.0497918

39 21 0.0463642

40 21 0.0427537

41 21 0.0389744

42 21 0.0350412

43 21 0.0309698

44 21 0.0267762

45 21 0.0224769

46 21 0.0180889

47 21 0.0136295

48 21 0.00911635

49 21 0.00456719

50 21 0

0 22 0

1 22 0.0046318

2 22 0.00924533

3 22 0.0138224

4 22 0.0183449

5 22 0.0227949

6 22 0.0271551

7 22 0.031408

8 22 0.035537

9 22 0.0395258

10 22 0.0433586

11 22 0.0470202

12 22 0.0504963

13 22 0.0537731

14 22 0.0568377

15 22 0.0596779

16 22 0.0622827

17 22 0.0646416

18 22 0.0667455

19 22 0.0685859

20 22 0.0701556

21 22 0.0714485

22 22 0.0724594

23 22 0.0731843

24 22 0.0736204

25 22 0.073766

26 22 0.0736204

27 22 0.0731843

28 22 0.0724594

29 22 0.0714485

30 22 0.0701556

31 22 0.0685859

32 22 0.0667455

33 22 0.0646416

34 22 0.0622827

35 22 0.0596779

36 22 0.0568377

37 22 0.0537731

38 22 0.0504963

39 22 0.0470202

40 22 0.0433586

41 22 0.0395258

42 22 0.035537

43 22 0.031408

44 22 0.0271551

45 22 0.0227949

46 22 0.0183449

47 22 0.0138224

48 22 0.00924533

49 22 0.0046318

50 22 0

0 23 0

1 23 0.00467814

2 23 0.00933783

3 23 0.0139607

4 23 0.0185284

5 23 0.023023

6 23 0.0274267

7 23 0.0317223

8 23 0.0358926

9 23 0.0399212

10 23 0.0437923

11 23 0.0474906

12 23 0.0510015

13 23 0.0543111

14 23 0.0574063

15 23 0.060275

16 23 0.0629058

17 23 0.0652883

18 23 0.0674132

19 23 0.0692721

20 23 0.0708575

21 23 0.0721633

22 23 0.0731843

23 23 0.0739165

24 23 0.074357

25 23 0.074504

26 23 0.074357

27 23 0.0739165

28 23 0.0731843

29 23 0.0721633

30 23 0.0708575

31 23 0.0692721

32 23 0.0674132

33 23 0.0652883

34 23 0.0629058

35 23 0.060275

36 23 0.0574063

37 23 0.0543111

38 23 0.0510015

39 23 0.0474906

40 23 0.0437923

41 23 0.0399212

42 23 0.0358926

43 23 0.0317223

44 23 0.0274267

45 23 0.023023

46 23 0.0185284

47 23 0.0139607

48 23 0.00933783

49 23 0.00467814

50 23 0

0 24 0

1 24 0.00470602

2 24 0.00939347

3 24 0.0140438

4 24 0.0186388

5 24 0.0231602

6 24 0.0275902

7 24 0.0319113

8 24 0.0361065

9 24 0.0401591

10 24 0.0440533

11 24 0.0477736

12 24 0.0513054

13 24 0.0546347

14 24 0.0577484

15 24 0.0606342

16 24 0.0632807

17 24 0.0656774

18 24 0.0678149

19 24 0.0696848

20 24 0.0712797

21 24 0.0725933

22 24 0.0736204

23 24 0.074357

24 24 0.0748001

25 24 0.074948

26 24 0.0748001

27 24 0.074357

28 24 0.0736204

29 24 0.0725933

30 24 0.0712797

31 24 0.0696848

32 24 0.0678149

33 24 0.0656774

34 24 0.0632807

35 24 0.0606342

36 24 0.0577484

37 24 0.0546347

38 24 0.0513054

39 24 0.0477736

40 24 0.0440533

41 24 0.0401591

42 24 0.0361065

43 24 0.0319113

44 24 0.0275902

45 24 0.0231602

46 24 0.0186388

47 24 0.0140438

48 24 0.00939347

49 24 0.00470602

50 24 0

0 25 0

1 25 0.00471533

2 25 0.00941204

3 25 0.0140716

4 25 0.0186757

5 25 0.023206

6 25 0.0276447

7 25 0.0319744

8 25 0.0361778

9 25 0.0402385

10 25 0.0441404

11 25 0.0478681

12 25 0.0514068

13 25 0.0547427

14 25 0.0578626

15 25 0.0607541

16 25 0.0634058

17 25 0.0658073

18 25 0.067949

19 25 0.0698226

20 25 0.0714207

21 25 0.0727369

22 25 0.073766

23 25 0.074504

24 25 0.074948

25 25 0.0750961

26 25 0.074948

27 25 0.074504

28 25 0.073766

29 25 0.0727369

30 25 0.0714207

31 25 0.0698226

32 25 0.067949

33 25 0.0658073

34 25 0.0634058

35 25 0.0607541

36 25 0.0578626

37 25 0.0547427

38 25 0.0514068

39 25 0.0478681

40 25 0.0441404

41 25 0.0402385

42 25 0.0361778

43 25 0.0319744

44 25 0.0276447

45 25 0.023206

46 25 0.0186757

47 25 0.0140716

48 25 0.00941204

49 25 0.00471533

50 25 0

0 26 0

1 26 0.00470602

2 26 0.00939347

3 26 0.0140438

4 26 0.0186388

5 26 0.0231602

6 26 0.0275902

7 26 0.0319113

8 26 0.0361065

9 26 0.0401591

10 26 0.0440533

11 26 0.0477736

12 26 0.0513054

13 26 0.0546347

14 26 0.0577484

15 26 0.0606342

16 26 0.0632807

17 26 0.0656774

18 26 0.0678149

19 26 0.0696848

20 26 0.0712797

21 26 0.0725933

22 26 0.0736204

23 26 0.074357

24 26 0.0748001

25 26 0.074948

26 26 0.0748001

27 26 0.074357

28 26 0.0736204

29 26 0.0725933

30 26 0.0712797

31 26 0.0696848

32 26 0.0678149

33 26 0.0656774

34 26 0.0632807

35 26 0.0606342

36 26 0.0577484

37 26 0.0546347

38 26 0.0513054

39 26 0.0477736

40 26 0.0440533

41 26 0.0401591

42 26 0.0361065

43 26 0.0319113

44 26 0.0275902

45 26 0.0231602

46 26 0.0186388

47 26 0.0140438

48 26 0.00939347

49 26 0.00470602

50 26 0

0 27 0

1 27 0.00467814

2 27 0.00933783

3 27 0.0139607

4 27 0.0185284

5 27 0.023023

6 27 0.0274267

7 27 0.0317223

8 27 0.0358926

9 27 0.0399212

10 27 0.0437923

11 27 0.0474906

12 27 0.0510015

13 27 0.0543111

14 27 0.0574063

15 27 0.060275

16 27 0.0629058

17 27 0.0652883

18 27 0.0674132

19 27 0.0692721

20 27 0.0708575

21 27 0.0721633

22 27 0.0731843

23 27 0.0739165

24 27 0.074357

25 27 0.074504

26 27 0.074357

27 27 0.0739165

28 27 0.0731843

29 27 0.0721633

30 27 0.0708575

31 27 0.0692721

32 27 0.0674132

33 27 0.0652883

34 27 0.0629058

35 27 0.060275

36 27 0.0574063

37 27 0.0543111

38 27 0.0510015

39 27 0.0474906

40 27 0.0437923

41 27 0.0399212

42 27 0.0358926

43 27 0.0317223

44 27 0.0274267

45 27 0.023023

46 27 0.0185284

47 27 0.0139607

48 27 0.00933783

49 27 0.00467814

50 27 0

0 28 0

1 28 0.0046318

2 28 0.00924533

3 28 0.0138224

4 28 0.0183449

5 28 0.0227949

6 28 0.0271551

7 28 0.031408

8 28 0.035537

9 28 0.0395258

10 28 0.0433586

11 28 0.0470202

12 28 0.0504963

13 28 0.0537731

14 28 0.0568377

15 28 0.0596779

16 28 0.0622827

17 28 0.0646416

18 28 0.0667455

19 28 0.0685859

20 28 0.0701556

21 28 0.0714485

22 28 0.0724594

23 28 0.0731843

24 28 0.0736204

25 28 0.073766

26 28 0.0736204

27 28 0.0731843

28 28 0.0724594

29 28 0.0714485

30 28 0.0701556

31 28 0.0685859

32 28 0.0667455

33 28 0.0646416

34 28 0.0622827

35 28 0.0596779

36 28 0.0568377

37 28 0.0537731

38 28 0.0504963

39 28 0.0470202

40 28 0.0433586

41 28 0.0395258

42 28 0.035537

43 28 0.031408

44 28 0.0271551

45 28 0.0227949

46 28 0.0183449

47 28 0.0138224

48 28 0.00924533

49 28 0.0046318

50 28 0

0 29 0

1 29 0.00456719

2 29 0.00911635

3 29 0.0136295

4 29 0.0180889

5 29 0.0224769

6 29 0.0267762

7 29 0.0309698

8 29 0.0350412

9 29 0.0389744

10 29 0.0427537

11 29 0.0463642

12 29 0.0497918

13 29 0.0530229

14 29 0.0560447

15 29 0.0588454

16 29 0.0614138

17 29 0.0637398

18 29 0.0658143

19 29 0.067629

20 29 0.0691769

21 29 0.0704517

22 29 0.0714485

23 29 0.0721633

24 29 0.0725933

25 29 0.0727369

26 29 0.0725933

27 29 0.0721633

28 29 0.0714485

29 29 0.0704517

30 29 0.0691769

31 29 0.067629

32 29 0.0658143

33 29 0.0637398

34 29 0.0614138

35 29 0.0588454

36 29 0.0560447

37 29 0.0530229

38 29 0.0497918

39 29 0.0463642

40 29 0.0427537

41 29 0.0389744

42 29 0.0350412

43 29 0.0309698

44 29 0.0267762

45 29 0.0224769

46 29 0.0180889

47 29 0.0136295

48 29 0.00911635

49 29 0.00456719

50 29 0

0 30 0

1 30 0.00448454

2 30 0.00895138

3 30 0.0133829

4 30 0.0177616

5 30 0.0220702

6 30 0.0262917

7 30 0.0304094

8 30 0.0344072

9 30 0.0382691

10 30 0.04198

11 30 0.0455253

12 30 0.0488908

13 30 0.0520634

14 30 0.0550306

15 30 0.0577805

16 30 0.0603025

17 30 0.0625864

18 30 0.0646234

19 30 0.0664053

20 30 0.0679251

21 30 0.0691769

22 30 0.0701556

23 30 0.0708575

24 30 0.0712797

25 30 0.0714207

26 30 0.0712797

27 30 0.0708575

28 30 0.0701556

29 30 0.0691769

30 30 0.0679251

31 30 0.0664053

32 30 0.0646234

33 30 0.0625864

34 30 0.0603025

35 30 0.0577805

36 30 0.0550306

37 30 0.0520634

38 30 0.0488908

39 30 0.0455253

40 30 0.04198

41 30 0.0382691

42 30 0.0344072

43 30 0.0304094

44 30 0.0262917

45 30 0.0220702

46 30 0.0177616

47 30 0.0133829

48 30 0.00895138

49 30 0.00448454

50 30 0

0 31 0

1 31 0.0043842

2 31 0.0087511

3 31 0.0130835

4 31 0.0173642

5 31 0.0215764

6 31 0.0257034

7 31 0.029729

8 31 0.0336373

9 31 0.0374128

10 31 0.0410407

11 31 0.0445066

12 31 0.0477969

13 31 0.0508985

14 31 0.0537993

15 31 0.0564877

16 31 0.0589532

17 31 0.061186

18 31 0.0631774

19 31 0.0649194

20 31 0.0664053

21 31 0.067629

22 31 0.0685859

23 31 0.0692721

24 31 0.0696848

25 31 0.0698226

26 31 0.0696848

27 31 0.0692721

28 31 0.0685859

29 31 0.067629

30 31 0.0664053

31 31 0.0649194

32 31 0.0631774

33 31 0.061186

34 31 0.0589532

35 31 0.0564877

36 31 0.0537993

37 31 0.0508985

38 31 0.0477969

39 31 0.0445066

40 31 0.0410407

41 31 0.0374128

42 31 0.0336373

43 31 0.029729

44 31 0.0257034

45 31 0.0215764

46 31 0.0173642

47 31 0.0130835

48 31 0.0087511

49 31 0.0043842

50 31 0

0 32 0

1 32 0.00426655

2 32 0.00851627

3 32 0.0127324

4 32 0.0168982

5 32 0.0209974

6 32 0.0250137

7 32 0.0289313

8 32 0.0327347

9 32 0.0364089

10 32 0.0399394

11 32 0.0433123

12 32 0.0465143

13 32 0.0495327

14 32 0.0523556

15 32 0.0549719

16 32 0.0573713

17 32 0.0595442

18 32 0.0614821

19 32 0.0631774

20 32 0.0646234

21 32 0.0658143

22 32 0.0667455

23 32 0.0674132

24 32 0.0678149

25 32 0.067949

26 32 0.0678149

27 32 0.0674132

28 32 0.0667455

29 32 0.0658143

30 32 0.0646234

31 32 0.0631774

32 32 0.0614821

33 32 0.0595442

34 32 0.0573713

35 32 0.0549719

36 32 0.0523556

37 32 0.0495327

38 32 0.0465143

39 32 0.0433123

40 32 0.0399394

41 32 0.0364089

42 32 0.0327347

43 32 0.0289313

44 32 0.0250137

45 32 0.0209974

46 32 0.0168982

47 32 0.0127324

48 32 0.00851627

49 32 0.00426655

50 32 0

0 33 0

1 33 0.00413207

2 33 0.00824784

3 33 0.012331

4 33 0.0163656

5 33 0.0203356

6 33 0.0242253

7 33 0.0280194

8 33 0.0317029

9 33 0.0352613

10 33 0.0386805

11 33 0.0419471

12 33 0.0450482

13 33 0.0479714

14 33 0.0507054

15 33 0.0532392

16 33 0.0555629

17 33 0.0576673

18 33 0.0595442

19 33 0.061186

20 33 0.0625864

21 33 0.0637398

22 33 0.0646416

23 33 0.0652883

24 33 0.0656774

25 33 0.0658073

26 33 0.0656774

27 33 0.0652883

28 33 0.0646416

29 33 0.0637398

30 33 0.0625864

31 33 0.061186

32 33 0.0595442

33 33 0.0576673

34 33 0.0555629

35 33 0.0532392

36 33 0.0507054

37 33 0.0479714

38 33 0.0450482

39 33 0.0419471

40 33 0.0386805

41 33 0.0352613

42 33 0.0317029

43 33 0.0280194

44 33 0.0242253

45 33 0.0203356

46 33 0.0163656

47 33 0.012331

48 33 0.00824784

49 33 0.00413207

50 33 0

0 34 0

1 34 0.00398128

2 34 0.00794685

3 34 0.0118811

4 34 0.0157684

5 34 0.0195935

6 34 0.0233412

7 34 0.0269969

8 34 0.030546

9 34 0.0339745

10 34 0.037269

11 34 0.0404164

12 34 0.0434042

13 34 0.0462208

14 34 0.048855

15 34 0.0512963

16 34 0.0535353

17 34 0.0555629

18 34 0.0573713

19 34 0.0589532

20 34 0.0603025

21 34 0.0614138

22 34 0.0622827

23 34 0.0629058

24 34 0.0632807

25 34 0.0634058

26 34 0.0632807

27 34 0.0629058

28 34 0.0622827

29 34 0.0614138

30 34 0.0603025

31 34 0.0589532

32 34 0.0573713

33 34 0.0555629

34 34 0.0535353

35 34 0.0512963

36 34 0.048855

37 34 0.0462208

38 34 0.0434042

39 34 0.0404164

40 34 0.037269

41 34 0.0339745

42 34 0.030546

43 34 0.0269969

44 34 0.0233412

45 34 0.0195935

46 34 0.0157684

47 34 0.0118811

48 34 0.00794685

49 34 0.00398128

50 34 0

0 35 0

1 35 0.00381478

2 35 0.0076145

3 35 0.0113842

4 35 0.0151089

5 35 0.018774

6 35 0.0223651

7 35 0.0258678

8 35 0.0292685

9 35 0.0325537

10 35 0.0357103

11 35 0.0387261

12 35 0.041589

13 35 0.0442878

14 35 0.0468118

15 35 0.0491511

16 35 0.0512963

17 35 0.0532392

18 35 0.0549719

19 35 0.0564877

20 35 0.0577805

21 35 0.0588454

22 35 0.0596779

23 35 0.060275

24 35 0.0606342

25 35 0.0607541

26 35 0.0606342

27 35 0.060275

28 35 0.0596779

29 35 0.0588454

30 35 0.0577805

31 35 0.0564877

32 35 0.0549719

33 35 0.0532392

34 35 0.0512963

35 35 0.0491511

36 35 0.0468118

37 35 0.0442878

38 35 0.041589

39 35 0.0387261

40 35 0.0357103

41 35 0.0325537

42 35 0.0292685

43 35 0.0258678

44 35 0.0223651

45 35 0.018774

46 35 0.0151089

47 35 0.0113842

48 35 0.0076145

49 35 0.00381478

50 35 0

0 36 0

1 36 0.00363322

2 36 0.0072521

3 36 0.0108424

4 36 0.0143898

5 36 0.0178805

6 36 0.0213006

7 36 0.0246367

8 36 0.0278755

9 36 0.0310043

10 36 0.0340108

11 36 0.036883

12 36 0.0396097

13 36 0.04218

14 36 0.0445839

15 36 0.0468118

16 36 0.048855

17 36 0.0507054

18 36 0.0523556

19 36 0.0537993

20 36 0.0550306

21 36 0.0560447

22 36 0.0568377

23 36 0.0574063

24 36 0.0577484

25 36 0.0578626

26 36 0.0577484

27 36 0.0574063

28 36 0.0568377

29 36 0.0560447

30 36 0.0550306

31 36 0.0537993

32 36 0.0523556

33 36 0.0507054

34 36 0.048855

35 36 0.0468118

36 36 0.0445839

37 36 0.04218

38 36 0.0396097

39 36 0.036883

40 36 0.0340108

41 36 0.0310043

42 36 0.0278755

43 36 0.0246367

44 36 0.0213006

45 36 0.0178805

46 36 0.0143898

47 36 0.0108424

48 36 0.0072521

49 36 0.00363322

50 36 0

0 37 0

1 37 0.00343732

2 37 0.00686108

3 37 0.0102578

4 37 0.013614

5 37 0.0169164

6 37 0.0201521

7 37 0.0233083

8 37 0.0263725

9 37 0.0293326

10 37 0.032177

11 37 0.0348943

12 37 0.037474

13 37 0.0399057

14 37 0.04218

15 37 0.0442878

16 37 0.0462208

17 37 0.0479714

18 37 0.0495327

19 37 0.0508985

20 37 0.0520634

21 37 0.0530229

22 37 0.0537731

23 37 0.0543111

24 37 0.0546347

25 37 0.0547427

26 37 0.0546347

27 37 0.0543111

28 37 0.0537731

29 37 0.0530229

30 37 0.0520634

31 37 0.0508985

32 37 0.0495327

33 37 0.0479714

34 37 0.0462208

35 37 0.0442878

36 37 0.04218

37 37 0.0399057

38 37 0.037474

39 37 0.0348943

40 37 0.032177

41 37 0.0293326

42 37 0.0263725

43 37 0.0233083

44 37 0.0201521

45 37 0.0169164

46 37 0.013614

47 37 0.0102578

48 37 0.00686108

49 37 0.00343732

50 37 0

0 38 0

1 38 0.00322786

2 38 0.00644299

3 38 0.00963268

4 38 0.0127844

5 38 0.0158856

6 38 0.0189241

7 38 0.021888

8 38 0.0247654

9 38 0.0275452

10 38 0.0302162

11 38 0.032768

12 38 0.0351904

13 38 0.037474

14 38 0.0396097

15 38 0.041589

16 38 0.0434042

17 38 0.0450482

18 38 0.0465143

19 38 0.0477969

20 38 0.0488908

21 38 0.0497918

22 38 0.0504963

23 38 0.0510015

24 38 0.0513054

25 38 0.0514068

26 38 0.0513054

27 38 0.0510015

28 38 0.0504963

29 38 0.0497918

30 38 0.0488908

31 38 0.0477969

32 38 0.0465143

33 38 0.0450482

34 38 0.0434042

35 38 0.041589

36 38 0.0396097

37 38 0.037474

38 38 0.0351904

39 38 0.032768

40 38 0.0302162

41 38 0.0275452

42 38 0.0247654

43 38 0.021888

44 38 0.0189241

45 38 0.0158856

46 38 0.0127844

47 38 0.00963268

48 38 0.00644299

49 38 0.00322786

50 38 0

0 39 0

1 39 0.00300566

2 39 0.00599946

3 39 0.00896958

4 39 0.0119043

5 39 0.0147921

6 39 0.0176214

7 39 0.0203812

8 39 0.0230606

9 39 0.025649

10 39 0.0281362

11 39 0.0305123

12 39 0.032768

13 39 0.0348943

14 39 0.036883

15 39 0.0387261

16 39 0.0404164

17 39 0.0419471

18 39 0.0433123

19 39 0.0445066

20 39 0.0455253

21 39 0.0463642

22 39 0.0470202

23 39 0.0474906

24 39 0.0477736

25 39 0.0478681

26 39 0.0477736

27 39 0.0474906

28 39 0.0470202

29 39 0.0463642

30 39 0.0455253

31 39 0.0445066

32 39 0.0433123

33 39 0.0419471

34 39 0.0404164

35 39 0.0387261

36 39 0.036883

37 39 0.0348943

38 39 0.032768

39 39 0.0305123

40 39 0.0281362

41 39 0.025649

42 39 0.0230606

43 39 0.0203812

44 39 0.0176214

45 39 0.0147921

46 39 0.0119043

47 39 0.00896958

48 39 0.00599946

49 39 0.00300566

50 39 0

0 40 0

1 40 0.0027716

2 40 0.00553226

3 40 0.00827109

4 40 0.0109773

5 40 0.0136401

6 40 0.0162492

7 40 0.0187941

8 40 0.0212648

9 40 0.0236516

10 40 0.0259451

11 40 0.0281362

12 40 0.0302162

13 40 0.032177

14 40 0.0340108

15 40 0.0357103

16 40 0.037269

17 40 0.0386805

18 40 0.0399394

19 40 0.0410407

20 40 0.04198

21 40 0.0427537

22 40 0.0433586

23 40 0.0437923

24 40 0.0440533

25 40 0.0441404

26 40 0.0440533

27 40 0.0437923

28 40 0.0433586

29 40 0.0427537

30 40 0.04198

31 40 0.0410407

32 40 0.0399394

33 40 0.0386805

34 40 0.037269

35 40 0.0357103

36 40 0.0340108

37 40 0.032177

38 40 0.0302162

39 40 0.0281362

40 40 0.0259451

41 40 0.0236516

42 40 0.0212648

43 40 0.0187941

44 40 0.0162492

45 40 0.0136401

46 40 0.0109773

47 40 0.00827109

48 40 0.00553226

49 40 0.0027716

50 40 0

0 41 0

1 41 0.0025266

2 41 0.00504322

3 41 0.00753995

4 41 0.0100069

5 41 0.0124344

6 41 0.0148128

7 41 0.0171327

8 41 0.0193851

9 41 0.0215609

10 41 0.0236516

11 41 0.025649

12 41 0.0275452

13 41 0.0293326

14 41 0.0310043

15 41 0.0325537

16 41 0.0339745

17 41 0.0352613

18 41 0.0364089

19 41 0.0374128

20 41 0.0382691

21 41 0.0389744

22 41 0.0395258

23 41 0.0399212

24 41 0.0401591

25 41 0.0402385

26 41 0.0401591

27 41 0.0399212

28 41 0.0395258

29 41 0.0389744

30 41 0.0382691

31 41 0.0374128

32 41 0.0364089

33 41 0.0352613

34 41 0.0339745

35 41 0.0325537

36 41 0.0310043

37 41 0.0293326

38 41 0.0275452

39 41 0.025649

40 41 0.0236516

41 41 0.0215609

42 41 0.0193851

43 41 0.0171327

44 41 0.0148128

45 41 0.0124344

46 41 0.0100069

47 41 0.00753995

48 41 0.00504322

49 41 0.0025266

50 41 0

0 42 0

1 42 0.00227163

2 42 0.00453429

3 42 0.00677905

4 42 0.00899706

5 42 0.0111796

6 42 0.013318

7 42 0.0154038

8 42 0.0174288

9 42 0.0193851

10 42 0.0212648

11 42 0.0230606

12 42 0.0247654

13 42 0.0263725

14 42 0.0278755

15 42 0.0292685

16 42 0.030546

17 42 0.0317029

18 42 0.0327347

19 42 0.0336373

20 42 0.0344072

21 42 0.0350412

22 42 0.035537

23 42 0.0358926

24 42 0.0361065

25 42 0.0361778

26 42 0.0361065

27 42 0.0358926

28 42 0.035537

29 42 0.0350412

30 42 0.0344072

31 42 0.0336373

32 42 0.0327347

33 42 0.0317029

34 42 0.030546

35 42 0.0292685

36 42 0.0278755

37 42 0.0263725

38 42 0.0247654

39 42 0.0230606

40 42 0.0212648

41 42 0.0193851

42 42 0.0174288

43 42 0.0154038

44 42 0.013318

45 42 0.0111796

46 42 0.00899706

47 42 0.00677905

48 42 0.00453429

49 42 0.00227163

50 42 0

0 43 0

1 43 0.00200769

2 43 0.00400745

3 43 0.0059914

4 43 0.00795171

5 43 0.00988063

6 43 0.0117706

7 43 0.013614

8 43 0.0154038

9 43 0.0171327

10 43 0.0187941

11 43 0.0203812

12 43 0.021888

13 43 0.0233083

14 43 0.0246367

15 43 0.0258678

16 43 0.0269969

17 43 0.0280194

18 43 0.0289313

19 43 0.029729

20 43 0.0304094

21 43 0.0309698

22 43 0.031408

23 43 0.0317223

24 43 0.0319113

25 43 0.0319744

26 43 0.0319113

27 43 0.0317223

28 43 0.031408

29 43 0.0309698

30 43 0.0304094

31 43 0.029729

32 43 0.0289313

33 43 0.0280194

34 43 0.0269969

35 43 0.0258678

36 43 0.0246367

37 43 0.0233083

38 43 0.021888

39 43 0.0203812

40 43 0.0187941

41 43 0.0171327

42 43 0.0154038

43 43 0.013614

44 43 0.0117706

45 43 0.00988063

46 43 0.00795171

47 43 0.0059914

48 43 0.00400745

49 43 0.00200769

50 43 0

0 44 0

1 44 0.00173583

2 44 0.0034648

3 44 0.00518011

4 44 0.00687497

5 44 0.00854269

6 44 0.0101767

7 44 0.0117706

8 44 0.013318

9 44 0.0148128

10 44 0.0162492

11 44 0.0176214

12 44 0.0189241

13 44 0.0201521

14 44 0.0213006

15 44 0.0223651

16 44 0.0233412

17 44 0.0242253

18 44 0.0250137

19 44 0.0257034

20 44 0.0262917

21 44 0.0267762

22 44 0.0271551

23 44 0.0274267

24 44 0.0275902

25 44 0.0276447

26 44 0.0275902

27 44 0.0274267

28 44 0.0271551

29 44 0.0267762

30 44 0.0262917

31 44 0.0257034

32 44 0.0250137

33 44 0.0242253

34 44 0.0233412

35 44 0.0223651

36 44 0.0213006

37 44 0.0201521

38 44 0.0189241

39 44 0.0176214

40 44 0.0162492

41 44 0.0148128

42 44 0.013318

43 44 0.0117706

44 44 0.0101767

45 44 0.00854269

46 44 0.00687497

47 44 0.00518011

48 44 0.0034648

49 44 0.00173583

50 44 0

0 45 0

1 45 0.00145712

2 45 0.00290848

3 45 0.00434837

4 45 0.00577109

5 45 0.00717104

6 45 0.00854269

7 45 0.00988063

8 45 0.0111796

9 45 0.0124344

10 45 0.0136401

11 45 0.0147921

12 45 0.0158856

13 45 0.0169164

14 45 0.0178805

15 45 0.018774

16 45 0.0195935

17 45 0.0203356

18 45 0.0209974

19 45 0.0215764

20 45 0.0220702

21 45 0.0224769

22 45 0.0227949

23 45 0.023023

24 45 0.0231602

25 45 0.023206

26 45 0.0231602

27 45 0.023023

28 45 0.0227949

29 45 0.0224769

30 45 0.0220702

31 45 0.0215764

32 45 0.0209974

33 45 0.0203356

34 45 0.0195935

35 45 0.018774

36 45 0.0178805

37 45 0.0169164

38 45 0.0158856

39 45 0.0147921

40 45 0.0136401

41 45 0.0124344

42 45 0.0111796

43 45 0.00988063

44 45 0.00854269

45 45 0.00717104

46 45 0.00577109

47 45 0.00434837

48 45 0.00290848

49 45 0.00145712

50 45 0

0 46 0

1 46 0.00117265

2 46 0.00234068

3 46 0.00349947

4 46 0.00464445

5 46 0.00577109

6 46 0.00687497

7 46 0.00795171

8 46 0.00899706

9 46 0.0100069

10 46 0.0109773

11 46 0.0119043

12 46 0.0127844

13 46 0.013614

14 46 0.0143898

15 46 0.0151089

16 46 0.0157684

17 46 0.0163656

18 46 0.0168982

19 46 0.0173642

20 46 0.0177616

21 46 0.0180889

22 46 0.0183449

23 46 0.0185284

24 46 0.0186388

25 46 0.0186757

26 46 0.0186388

27 46 0.0185284

28 46 0.0183449

29 46 0.0180889

30 46 0.0177616

31 46 0.0173642

32 46 0.0168982

33 46 0.0163656

34 46 0.0157684

35 46 0.0151089

36 46 0.0143898

37 46 0.013614

38 46 0.0127844

39 46 0.0119043

40 46 0.0109773

41 46 0.0100069

42 46 0.00899706

43 46 0.00795171

44 46 0.00687497

45 46 0.00577109

46 46 0.00464445

47 46 0.00349947

48 46 0.00234068

49 46 0.00117265

50 46 0

0 47 0

1 47 0.000883564

2 47 0.00176364

3 47 0.00263676

4 47 0.00349947

5 47 0.00434837

6 47 0.00518011

7 47 0.0059914

8 47 0.00677905

9 47 0.00753995

10 47 0.00827109

11 47 0.00896958

12 47 0.00963268

13 47 0.0102578

14 47 0.0108424

15 47 0.0113842

16 47 0.0118811

17 47 0.012331

18 47 0.0127324

19 47 0.0130835

20 47 0.0133829

21 47 0.0136295

22 47 0.0138224

23 47 0.0139607

24 47 0.0140438

25 47 0.0140716

26 47 0.0140438

27 47 0.0139607

28 47 0.0138224

29 47 0.0136295

30 47 0.0133829

31 47 0.0130835

32 47 0.0127324

33 47 0.012331

34 47 0.0118811

35 47 0.0113842

36 47 0.0108424

37 47 0.0102578

38 47 0.00963268

39 47 0.00896958

40 47 0.00827109

41 47 0.00753995

42 47 0.00677905

43 47 0.0059914

44 47 0.00518011

45 47 0.00434837

46 47 0.00349947

47 47 0.00263676

48 47 0.00176364

49 47 0.000883564

50 47 0

0 48 0

1 48 0.000590987

2 48 0.00117964

3 48 0.00176364

4 48 0.00234068

5 48 0.00290848

6 48 0.0034648

7 48 0.00400745

8 48 0.00453429

9 48 0.00504322

10 48 0.00553226

11 48 0.00599946

12 48 0.00644299

13 48 0.00686108

14 48 0.0072521

15 48 0.0076145

16 48 0.00794685

17 48 0.00824784

18 48 0.00851627

19 48 0.0087511

20 48 0.00895138

21 48 0.00911635

22 48 0.00924533

23 48 0.00933783

24 48 0.00939347

25 48 0.00941204

26 48 0.00939347

27 48 0.00933783

28 48 0.00924533

29 48 0.00911635

30 48 0.00895138

31 48 0.0087511

32 48 0.00851627

33 48 0.00824784

34 48 0.00794685

35 48 0.0076145

36 48 0.0072521

37 48 0.00686108

38 48 0.00644299

39 48 0.00599946

40 48 0.00553226

41 48 0.00504322

42 48 0.00453429

43 48 0.00400745

44 48 0.0034648

