0 1 0

1 1 0.000202704

2 1 0.000404608

3 1 0.000604915

4 1 0.000802835

5 1 0.000997586

6 1 0.0011884

7 1 0.00137452

8 1 0.00155522

9 1 0.00172979

10 1 0.00189752

11 1 0.00205777

12 1 0.00220989

13 1 0.0023533

14 1 0.00248741

15 1 0.00261171

16 1 0.00272571

17 1 0.00282894

18 1 0.00292101

19 1 0.00300156

20 1 0.00307025

21 1 0.00312683

22 1 0.00317107

23 1 0.0032028

24 1 0.00322189

25 1 0.00322826

26 1 0.00322189

27 1 0.0032028

28 1 0.00317107

29 1 0.00312683

30 1 0.00307025

31 1 0.00300156

32 1 0.00292101

33 1 0.00282894

34 1 0.00272571

35 1 0.00261171

36 1 0.00248741

37 1 0.0023533

38 1 0.00220989

39 1 0.00205777

40 1 0.00189752

41 1 0.00172979

42 1 0.00155522

43 1 0.00137452

44 1 0.0011884

45 1 0.000997586

46 1 0.000802835

47 1 0.000604915

48 1 0.000404608

49 1 0.000202704

50 1 0

0 2 0

1 2 0.000404608

2 2 0.000807619

3 2 0.00120744

4 2 0.0016025

5 2 0.00199123

6 2 0.00237211

7 2 0.00274362

8 2 0.00310431

9 2 0.00345275

10 2 0.00378755

11 2 0.00410741

12 2 0.00441107

13 2 0.00469731

14 2 0.00496501

15 2 0.00521312

16 2 0.00544066

17 2 0.00564672

18 2 0.0058305

19 2 0.00599127

20 2 0.00612839

21 2 0.00624133

22 2 0.00632963

23 2 0.00639296

24 2 0.00643106

25 2 0.00644377

26 2 0.00643106

27 2 0.00639296

28 2 0.00632963

29 2 0.00624133

30 2 0.00612839

31 2 0.00599127

32 2 0.0058305

33 2 0.00564672

34 2 0.00544066

35 2 0.00521312

36 2 0.00496501

37 2 0.00469731

38 2 0.00441107

39 2 0.00410741

40 2 0.00378755

41 2 0.00345275

42 2 0.00310431

43 2 0.00274362

44 2 0.00237211

45 2 0.00199123

46 2 0.0016025

47 2 0.00120744

48 2 0.000807619

49 2 0.000404608

50 2 0

0 3 0

1 3 0.000604915

2 3 0.00120744

3 3 0.0018052

4 3 0.00239584

5 3 0.00297703

6 3 0.00354646

7 3 0.0041019

8 3 0.00464115

9 3 0.00516208

10 3 0.00566264

11 3 0.00614085

12 3 0.00659483

13 3 0.00702278

14 3 0.00742301

15 3 0.00779395

16 3 0.00813413

17 3 0.00844221

18 3 0.00871697

19 3 0.00895733

20 3 0.00916234

21 3 0.00933119

22 3 0.00946321

23 3 0.00955789

24 3 0.00961485

25 3 0.00963386

26 3 0.00961485

27 3 0.00955789

28 3 0.00946321

29 3 0.00933119

30 3 0.00916234

31 3 0.00895733

32 3 0.00871697

33 3 0.00844221

34 3 0.00813413

35 3 0.00779395

36 3 0.00742301

37 3 0.00702278

38 3 0.00659483

39 3 0.00614085

40 3 0.00566264

41 3 0.00516208

42 3 0.00464115

43 3 0.0041019

44 3 0.00354646

45 3 0.00297703

46 3 0.00239584

47 3 0.0018052

48 3 0.00120744

49 3 0.000604915

50 3 0

0 4 0

1 4 0.000802835

2 4 0.0016025

3 4 0.00239584

4 4 0.00317973

5 4 0.00395107

6 4 0.00470681

7 4 0.00544398

8 4 0.00615966

9 4 0.00685104

10 4 0.00751538

11 4 0.00815005

12 4 0.00875256

13 4 0.00932053

14 4 0.00985172

15 4 0.010344

16 4 0.0107955

17 4 0.0112044

18 4 0.011569

19 4 0.011888

20 4 0.0121601

21 4 0.0123842

22 4 0.0125594

23 4 0.0126851

24 4 0.0127607

25 4 0.0127859

26 4 0.0127607

27 4 0.0126851

28 4 0.0125594

29 4 0.0123842

30 4 0.0121601

31 4 0.011888

32 4 0.011569

33 4 0.0112044

34 4 0.0107955

35 4 0.010344

36 4 0.00985172

37 4 0.00932053

38 4 0.00875256

39 4 0.00815005

40 4 0.00751538

41 4 0.00685104

42 4 0.00615966

43 4 0.00544398

44 4 0.00470681

45 4 0.00395107

46 4 0.00317973

47 4 0.00239584

48 4 0.0016025

49 4 0.000802835

50 4 0

0 5 0

1 5 0.000997586

2 5 0.00199123

3 5 0.00297703

4 5 0.00395107

5 5 0.00490952

6 5 0.00584859

7 5 0.00676458

8 5 0.00765387

9 5 0.00851296

10 5 0.00933845

11 5 0.0101271

12 5 0.0108758

13 5 0.0115815

14 5 0.0122415

15 5 0.0128533

16 5 0.0134143

17 5 0.0139223

18 5 0.0143755

19 5 0.0147718

20 5 0.0151099

21 5 0.0153884

22 5 0.0156061

23 5 0.0157622

24 5 0.0158562

25 5 0.0158875

26 5 0.0158562

27 5 0.0157622

28 5 0.0156061

29 5 0.0153884

30 5 0.0151099

31 5 0.0147718

32 5 0.0143755

33 5 0.0139223

34 5 0.0134143

35 5 0.0128533

36 5 0.0122415

37 5 0.0115815

38 5 0.0108758

39 5 0.0101271

40 5 0.00933845

41 5 0.00851296

42 5 0.00765387

43 5 0.00676458

44 5 0.00584859

45 5 0.00490952

46 5 0.00395107

47 5 0.00297703

48 5 0.00199123

49 5 0.000997586

50 5 0

0 6 0

1 6 0.0011884

2 6 0.00237211

3 6 0.00354646

4 6 0.00470681

5 6 0.00584859

6 6 0.00696728

7 6 0.00805848

8 6 0.00911788

9 6 0.0101413

10 6 0.0111247

11 6 0.0120642

12 6 0.012956

13 6 0.0137968

14 6 0.0145831

15 6 0.0153118

16 6 0.0159801

17 6 0.0165854

18 6 0.0171251

19 6 0.0175973

20 6 0.0180001

21 6 0.0183318

22 6 0.0185912

23 6 0.0187772

24 6 0.0188891

25 6 0.0189264

26 6 0.0188891

27 6 0.0187772

28 6 0.0185912

29 6 0.0183318

30 6 0.0180001

31 6 0.0175973

32 6 0.0171251

33 6 0.0165854

34 6 0.0159801

35 6 0.0153118

36 6 0.0145831

37 6 0.0137968

38 6 0.012956

39 6 0.0120642

40 6 0.0111247

41 6 0.0101413

42 6 0.00911788

43 6 0.00805848

44 6 0.00696728

45 6 0.00584859

46 6 0.00470681

47 6 0.00354646

48 6 0.00237211

49 6 0.0011884

50 6 0

0 7 0

1 7 0.00137452

2 7 0.00274362

3 7 0.0041019

4 7 0.00544398

5 7 0.00676458

6 7 0.00805848

7 7 0.00932058

8 7 0.0105459

9 7 0.0117296

10 7 0.012867

11 7 0.0139536

12 7 0.0149852

13 7 0.0159576

14 7 0.016867

15 7 0.0177099

16 7 0.0184829

17 7 0.0191829

18 7 0.0198072

19 7 0.0203534

20 7 0.0208192

21 7 0.0212029

22 7 0.0215029

23 7 0.021718

24 7 0.0218474

25 7 0.0218906

26 7 0.0218474

27 7 0.021718

28 7 0.0215029

29 7 0.0212029

30 7 0.0208192

31 7 0.0203534

32 7 0.0198072

33 7 0.0191829

34 7 0.0184829

35 7 0.0177099

36 7 0.016867

37 7 0.0159576

38 7 0.0149852

39 7 0.0139536

40 7 0.012867

41 7 0.0117296

42 7 0.0105459

43 7 0.00932058

44 7 0.00805848

45 7 0.00676458

46 7 0.00544398

47 7 0.0041019

48 7 0.00274362

49 7 0.00137452

50 7 0

0 8 0

1 8 0.00155522

2 8 0.00310431

3 8 0.00464115

4 8 0.00615966

5 8 0.00765387

6 8 0.00911788

7 8 0.0105459

8 8 0.0119323

9 8 0.0132716

10 8 0.0145585

11 8 0.015788

12 8 0.0169552

13 8 0.0180554

14 8 0.0190844

15 8 0.0200381

16 8 0.0209127

17 8 0.0217048

18 8 0.0224112

19 8 0.0230291

20 8 0.0235562

21 8 0.0239903

22 8 0.0243297

23 8 0.0245731

24 8 0.0247196

25 8 0.0247685

26 8 0.0247196

27 8 0.0245731

28 8 0.0243297

29 8 0.0239903

30 8 0.0235562

31 8 0.0230291

32 8 0.0224112

33 8 0.0217048

34 8 0.0209127

35 8 0.0200381

36 8 0.0190844

37 8 0.0180554

38 8 0.0169552

39 8 0.015788

40 8 0.0145585

41 8 0.0132716

42 8 0.0119323

43 8 0.0105459

44 8 0.00911788

45 8 0.00765387

46 8 0.00615966

47 8 0.00464115

48 8 0.00310431

49 8 0.00155522

50 8 0

0 9 0

1 9 0.00172979

2 9 0.00345275

3 9 0.00516208

4 9 0.00685104

5 9 0.00851296

6 9 0.0101413

7 9 0.0117296

8 9 0.0132716

9 9 0.0147612

10 9 0.0161926

11 9 0.0175601

12 9 0.0188583

13 9 0.020082

14 9 0.0212265

15 9 0.0222872

16 9 0.02326

17 9 0.024141

18 9 0.0249266

19 9 0.025614

20 9 0.0262002

21 9 0.026683

22 9 0.0270606

23 9 0.0273313

24 9 0.0274942

25 9 0.0275485

26 9 0.0274942

27 9 0.0273313

28 9 0.0270606

29 9 0.026683

30 9 0.0262002

31 9 0.025614

32 9 0.0249266

33 9 0.024141

34 9 0.02326

35 9 0.0222872

36 9 0.0212265

37 9 0.020082

38 9 0.0188583

39 9 0.0175601

40 9 0.0161926

41 9 0.0147612

42 9 0.0132716

43 9 0.0117296

44 9 0.0101413

45 9 0.00851296

46 9 0.00685104

47 9 0.00516208

48 9 0.00345275

49 9 0.00172979

50 9 0

0 10 0

1 10 0.00189752

2 10 0.00378755

3 10 0.00566264

4 10 0.00751538

5 10 0.00933845

6 10 0.0111247

7 10 0.012867

8 10 0.0145585

9 10 0.0161926

10 10 0.0177628

11 10 0.0192629

12 10 0.0206869

13 10 0.0220293

14 10 0.0232848

15 10 0.0244484

16 10 0.0255155

17 10 0.0264819

18 10 0.0273438

19 10 0.0280977

20 10 0.0287408

21 10 0.0292705

22 10 0.0296846

23 10 0.0299816

24 10 0.0301602

25 10 0.0302199

26 10 0.0301602

27 10 0.0299816

28 10 0.0296846

29 10 0.0292705

30 10 0.0287408

31 10 0.0280977

32 10 0.0273438

33 10 0.0264819

34 10 0.0255155

35 10 0.0244484

36 10 0.0232848

37 10 0.0220293

38 10 0.0206869

39 10 0.0192629

40 10 0.0177628

41 10 0.0161926

42 10 0.0145585

43 10 0.012867

44 10 0.0111247

45 10 0.00933845

46 10 0.00751538

47 10 0.00566264

48 10 0.00378755

49 10 0.00189752

50 10 0

0 11 0

1 11 0.00205777

2 11 0.00410741

3 11 0.00614085

4 11 0.00815005

5 11 0.0101271

6 11 0.0120642

7 11 0.0139536

8 11 0.015788

9 11 0.0175601

10 11 0.0192629

11 11 0.0208896

12 11 0.0224339

13 11 0.0238897

14 11 0.0252512

15 11 0.0265131

16 11 0.0276703

17 11 0.0287183

18 11 0.0296529

19 11 0.0304706

20 11 0.031168

21 11 0.0317424

22 11 0.0321915

23 11 0.0325135

24 11 0.0327073

25 11 0.0327719

26 11 0.0327073

27 11 0.0325135

28 11 0.0321915

29 11 0.0317424

30 11 0.031168

31 11 0.0304706

32 11 0.0296529

33 11 0.0287183

34 11 0.0276703

35 11 0.0265131

36 11 0.0252512

37 11 0.0238897

38 11 0.0224339

39 11 0.0208896

40 11 0.0192629

41 11 0.0175601

42 11 0.015788

43 11 0.0139536

44 11 0.0120642

45 11 0.0101271

46 11 0.00815005

47 11 0.00614085

48 11 0.00410741

49 11 0.00205777

50 11 0

0 12 0

1 12 0.00220989

2 12 0.00441107

3 12 0.00659483

4 12 0.00875256

5 12 0.0108758

6 12 0.012956

7 12 0.0149852

8 12 0.0169552

9 12 0.0188583

10 12 0.0206869

11 12 0.0224339

12 12 0.0240924

13 12 0.0256558

14 12 0.027118

15 12 0.0284731

16 12 0.0297159

17 12 0.0308413

18 12 0.0318451

19 12 0.0327232

20 12 0.0334721

21 12 0.034089

22 12 0.0345713

23 12 0.0349172

24 12 0.0351252

25 12 0.0351947

26 12 0.0351252

27 12 0.0349172

28 12 0.0345713

29 12 0.034089

30 12 0.0334721

31 12 0.0327232

32 12 0.0318451

33 12 0.0308413

34 12 0.0297159

35 12 0.0284731

36 12 0.027118

37 12 0.0256558

38 12 0.0240924

39 12 0.0224339

40 12 0.0206869

41 12 0.0188583

42 12 0.0169552

43 12 0.0149852

44 12 0.012956

45 12 0.0108758

46 12 0.00875256

47 12 0.00659483

48 12 0.00441107

49 12 0.00220989

50 12 0

0 13 0

1 13 0.0023533

2 13 0.00469731

3 13 0.00702278

4 13 0.00932053

5 13 0.0115815

6 13 0.0137968

7 13 0.0159576

8 13 0.0180554

9 13 0.020082

10 13 0.0220293

11 13 0.0238897

12 13 0.0256558

13 13 0.0273207

14 13 0.0288777

15 13 0.0303208

16 13 0.0316442

17 13 0.0328427

18 13 0.0339116

19 13 0.0348467

20 13 0.0356442

21 13 0.0363011

22 13 0.0368147

23 13 0.037183

24 13 0.0374046

25 13 0.0374785

26 13 0.0374046

27 13 0.037183

28 13 0.0368147

29 13 0.0363011

30 13 0.0356442

31 13 0.0348467

32 13 0.0339116

33 13 0.0328427

34 13 0.0316442

35 13 0.0303208

36 13 0.0288777

37 13 0.0273207

38 13 0.0256558

39 13 0.0238897

40 13 0.0220293

41 13 0.020082

42 13 0.0180554

43 13 0.0159576

44 13 0.0137968

45 13 0.0115815

46 13 0.00932053

47 13 0.00702278

48 13 0.00469731

49 13 0.0023533

50 13 0

0 14 0

1 14 0.00248741

2 14 0.00496501

3 14 0.00742301

4 14 0.00985172

5 14 0.0122415

6 14 0.0145831

7 14 0.016867

8 14 0.0190844

9 14 0.0212265

10 14 0.0232848

11 14 0.0252512

12 14 0.027118

13 14 0.0288777

14 14 0.0305235

15 14 0.0320488

16 14 0.0334476

17 14 0.0347144

18 14 0.0358443

19 14 0.0368326

20 14 0.0376756

21 14 0.0383699

22 14 0.0389128

23 14 0.0393021

24 14 0.0395363

25 14 0.0396145

26 14 0.0395363

27 14 0.0393021

28 14 0.0389128

29 14 0.0383699

30 14 0.0376756

31 14 0.0368326

32 14 0.0358443

33 14 0.0347144

34 14 0.0334476

35 14 0.0320488

36 14 0.0305235

37 14 0.0288777

38 14 0.027118

39 14 0.0252512

40 14 0.0232848

41 14 0.0212265

42 14 0.0190844

43 14 0.016867

44 14 0.0145831

45 14 0.0122415

46 14 0.00985172

47 14 0.00742301

48 14 0.00496501

49 14 0.00248741

50 14 0

0 15 0

1 15 0.00261171

2 15 0.00521312

3 15 0.00779395

4 15 0.010344

5 15 0.0128533

6 15 0.0153118

7 15 0.0177099

8 15 0.0200381

9 15 0.0222872

10 15 0.0244484

11 15 0.0265131

12 15 0.0284731

13 15 0.0303208

14 15 0.0320488

15 15 0.0336503

16 15 0.035119

17 15 0.0364492

18 15 0.0376354

19 15 0.0386732

20 15 0.0395583

21 15 0.0402873

22 15 0.0408573

23 15 0.0412661

24 15 0.041512

25 15 0.0415941

26 15 0.041512

27 15 0.0412661

28 15 0.0408573

29 15 0.0402873

30 15 0.0395583

31 15 0.0386732

32 15 0.0376354

33 15 0.0364492

34 15 0.035119

35 15 0.0336503

36 15 0.0320488

37 15 0.0303208

38 15 0.0284731

39 15 0.0265131

40 15 0.0244484

41 15 0.0222872

42 15 0.0200381

43 15 0.0177099

44 15 0.0153118

45 15 0.0128533

46 15 0.010344

47 15 0.00779395

48 15 0.00521312

49 15 0.00261171

50 15 0

0 16 0

1 16 0.00272571

2 16 0.00544066

3 16 0.00813413

4 16 0.0107955

5 16 0.0134143

6 16 0.0159801

7 16 0.0184829

8 16 0.0209127

9 16 0.02326

10 16 0.0255155

11 16 0.0276703

12 16 0.0297159

13 16 0.0316442

14 16 0.0334476

15 16 0.035119

16 16 0.0366519

17 16 0.0380401

18 16 0.0392781

19 16 0.0403612

20 16 0.0412849

21 16 0.0420457

22 16 0.0426406

23 16 0.0430672

24 16 0.0433239

25 16 0.0434095

26 16 0.0433239

27 16 0.0430672

28 16 0.0426406

29 16 0.0420457

30 16 0.0412849

31 16 0.0403612

32 16 0.0392781

33 16 0.0380401

34 16 0.0366519

35 16 0.035119

36 16 0.0334476

37 16 0.0316442

38 16 0.0297159

39 16 0.0276703

40 16 0.0255155

41 16 0.02326

42 16 0.0209127

43 16 0.0184829

44 16 0.0159801

45 16 0.0134143

46 16 0.0107955

47 16 0.00813413

48 16 0.00544066

49 16 0.00272571

50 16 0

0 17 0

1 17 0.00282894

2 17 0.00564672

3 17 0.00844221

4 17 0.0112044

5 17 0.0139223

6 17 0.0165854

7 17 0.0191829

8 17 0.0217048

9 17 0.024141

10 17 0.0264819

11 17 0.0287183

12 17 0.0308413

13 17 0.0328427

14 17 0.0347144

15 17 0.0364492

16 17 0.0380401

17 17 0.0394808

18 17 0.0407658

19 17 0.0418898

20 17 0.0428486

21 17 0.0436382

22 17 0.0442556

23 17 0.0446984

24 17 0.0449647

25 17 0.0450537

26 17 0.0449647

27 17 0.0446984

28 17 0.0442556

29 17 0.0436382

30 17 0.0428486

31 17 0.0418898

32 17 0.0407658

33 17 0.0394808

34 17 0.0380401

35 17 0.0364492

36 17 0.0347144

37 17 0.0328427

38 17 0.0308413

39 17 0.0287183

40 17 0.0264819

41 17 0.024141

42 17 0.0217048

43 17 0.0191829

44 17 0.0165854

45 17 0.0139223

46 17 0.0112044

47 17 0.00844221

48 17 0.00564672

49 17 0.00282894

50 17 0

0 18 0

1 18 0.00292101

2 18 0.0058305

3 18 0.00871697

4 18 0.011569

5 18 0.0143755

6 18 0.0171251

7 18 0.0198072

8 18 0.0224112

9 18 0.0249266

10 18 0.0273438

11 18 0.0296529

12 18 0.0318451

13 18 0.0339116

14 18 0.0358443

15 18 0.0376354

16 18 0.0392781

17 18 0.0407658

18 18 0.0420925

19 18 0.0432532

20 18 0.0442431

21 18 0.0450585

22 18 0.045696

23 18 0.0461531

24 18 0.0464282

25 18 0.04652

26 18 0.0464282

27 18 0.0461531

28 18 0.045696

29 18 0.0450585

30 18 0.0442431

31 18 0.0432532

32 18 0.0420925

33 18 0.0407658

34 18 0.0392781

35 18 0.0376354

36 18 0.0358443

37 18 0.0339116

38 18 0.0318451

39 18 0.0296529

40 18 0.0273438

41 18 0.0249266

42 18 0.0224112

43 18 0.0198072

44 18 0.0171251

45 18 0.0143755

46 18 0.011569

47 18 0.00871697

48 18 0.0058305

49 18 0.00292101

50 18 0

0 19 0

1 19 0.00300156

2 19 0.00599127

3 19 0.00895733

4 19 0.011888

5 19 0.0147718

6 19 0.0175973

7 19 0.0203534

8 19 0.0230291

9 19 0.025614

10 19 0.0280977

11 19 0.0304706

12 19 0.0327232

13 19 0.0348467

14 19 0.0368326

15 19 0.0386732

16 19 0.0403612

17 19 0.0418898

18 19 0.0432532

19 19 0.0444458

20 19 0.0454631

21 19 0.0463009

22 19 0.046956

23 19 0.0474258

24 19 0.0477084

25 19 0.0478027

26 19 0.0477084

27 19 0.0474258

28 19 0.046956

29 19 0.0463009

30 19 0.0454631

31 19 0.0444458

32 19 0.0432532

33 19 0.0418898

34 19 0.0403612

35 19 0.0386732

36 19 0.0368326

37 19 0.0348467

38 19 0.0327232

39 19 0.0304706

40 19 0.0280977

41 19 0.025614

42 19 0.0230291

43 19 0.0203534

44 19 0.0175973

45 19 0.0147718

46 19 0.011888

47 19 0.00895733

48 19 0.00599127

49 19 0.00300156

50 19 0

0 20 0

1 20 0.00307025

2 20 0.00612839

3 20 0.00916234

4 20 0.0121601

5 20 0.0151099

6 20 0.0180001

7 20 0.0208192

8 20 0.0235562

9 20 0.0262002

10 20 0.0287408

11 20 0.031168

12 20 0.0334721

13 20 0.0356442

14 20 0.0376756

15 20 0.0395583

16 20 0.0412849

17 20 0.0428486

18 20 0.0442431

19 20 0.0454631

20 20 0.0465036

21 20 0.0473606

22 20 0.0480307

23 20 0.0485112

24 20 0.0488003

25 20 0.0488968

26 20 0.0488003

27 20 0.0485112

28 20 0.0480307

29 20 0.0473606

30 20 0.0465036

31 20 0.0454631

32 20 0.0442431

33 20 0.0428486

34 20 0.0412849

35 20 0.0395583

36 20 0.0376756

37 20 0.0356442

38 20 0.0334721

39 20 0.031168

40 20 0.0287408

41 20 0.0262002

42 20 0.0235562

43 20 0.0208192

44 20 0.0180001

45 20 0.0151099

46 20 0.0121601

47 20 0.00916234

48 20 0.00612839

49 20 0.00307025

50 20 0

0 21 0

1 21 0.00312683

2 21 0.00624133

3 21 0.00933119

4 21 0.0123842

5 21 0.0153884

6 21 0.0183318

7 21 0.0212029

8 21 0.0239903

9 21 0.026683

10 21 0.0292705

11 21 0.0317424

12 21 0.034089

13 21 0.0363011

14 21 0.0383699

15 21 0.0402873

16 21 0.0420457

17 21 0.0436382

18 21 0.0450585

19 21 0.0463009

20 21 0.0473606

21 21 0.0482334

22 21 0.0489158

23 21 0.0494052

24 21 0.0496996

25 21 0.0497979

26 21 0.0496996

27 21 0.0494052

28 21 0.0489158

29 21 0.0482334

30 21 0.0473606

31 21 0.0463009

32 21 0.0450585

33 21 0.0436382

34 21 0.0420457

35 21 0.0402873

36 21 0.0383699

37 21 0.0363011

38 21 0.034089

39 21 0.0317424

40 21 0.0292705

41 21 0.026683

42 21 0.0239903

43 21 0.0212029

44 21 0.0183318

45 21 0.0153884

46 21 0.0123842

47 21 0.00933119

48 21 0.00624133

49 21 0.00312683

50 21 0

0 22 0

1 22 0.00317107

2 22 0.00632963

3 22 0.00946321

4 22 0.0125594

5 22 0.0156061

6 22 0.0185912

7 22 0.0215029

8 22 0.0243297

9 22 0.0270606

10 22 0.0296846

11 22 0.0321915

12 22 0.0345713

13 22 0.0368147

14 22 0.0389128

15 22 0.0408573

16 22 0.0426406

17 22 0.0442556

18 22 0.045696

19 22 0.046956

20 22 0.0480307

21 22 0.0489158

22 22 0.0496079

23 22 0.0501042

24 22 0.0504028

25 22 0.0505024

26 22 0.0504028

27 22 0.0501042

28 22 0.0496079

29 22 0.0489158

30 22 0.0480307

31 22 0.046956

32 22 0.045696

33 22 0.0442556

34 22 0.0426406

35 22 0.0408573

36 22 0.0389128

37 22 0.0368147

38 22 0.0345713

39 22 0.0321915

40 22 0.0296846

41 22 0.0270606

42 22 0.0243297

43 22 0.0215029

44 22 0.0185912

45 22 0.0156061

46 22 0.0125594

47 22 0.00946321

48 22 0.00632963

49 22 0.00317107

50 22 0

0 23 0

1 23 0.0032028

2 23 0.00639296

3 23 0.00955789

4 23 0.0126851

5 23 0.0157622

6 23 0.0187772

7 23 0.021718

8 23 0.0245731

9 23 0.0273313

10 23 0.0299816

11 23 0.0325135

12 23 0.0349172

13 23 0.037183

14 23 0.0393021

15 23 0.0412661

16 23 0.0430672

17 23 0.0446984

18 23 0.0461531

19 23 0.0474258

20 23 0.0485112

21 23 0.0494052

22 23 0.0501042

23 23 0.0506055

24 23 0.0509071

25 23 0.0510077

26 23 0.0509071

27 23 0.0506055

28 23 0.0501042

29 23 0.0494052

30 23 0.0485112

31 23 0.0474258

32 23 0.0461531

33 23 0.0446984

34 23 0.0430672

35 23 0.0412661

36 23 0.0393021

37 23 0.037183

38 23 0.0349172

39 23 0.0325135

40 23 0.0299816

41 23 0.0273313

42 23 0.0245731

43 23 0.021718

44 23 0.0187772

45 23 0.0157622

46 23 0.0126851

47 23 0.00955789

48 23 0.00639296

49 23 0.0032028

50 23 0

0 24 0

1 24 0.00322189

2 24 0.00643106

3 24 0.00961485

4 24 0.0127607

5 24 0.0158562

6 24 0.0188891

7 24 0.0218474

8 24 0.0247196

9 24 0.0274942

10 24 0.0301602

11 24 0.0327073

12 24 0.0351252

13 24 0.0374046

14 24 0.0395363

15 24 0.041512

16 24 0.0433239

17 24 0.0449647

18 24 0.0464282

19 24 0.0477084

20 24 0.0488003

21 24 0.0496996

22 24 0.0504028

23 24 0.0509071

24 24 0.0512104

25 24 0.0513117

26 24 0.0512104

27 24 0.0509071

28 24 0.0504028

29 24 0.0496996

30 24 0.0488003

31 24 0.0477084

32 24 0.0464282

33 24 0.0449647

34 24 0.0433239

35 24 0.041512

36 24 0.0395363

37 24 0.0374046

38 24 0.0351252

39 24 0.0327073

40 24 0.0301602

41 24 0.0274942

42 24 0.0247196

43 24 0.0218474

44 24 0.0188891

45 24 0.0158562

46 24 0.0127607

47 24 0.00961485

48 24 0.00643106

49 24 0.00322189

50 24 0

0 25 0

1 25 0.00322826

2 25 0.00644377

3 25 0.00963386

4 25 0.0127859

5 25 0.0158875

6 25 0.0189264

7 25 0.0218906

8 25 0.0247685

9 25 0.0275485

10 25 0.0302199

11 25 0.0327719

12 25 0.0351947

13 25 0.0374785

14 25 0.0396145

15 25 0.0415941

16 25 0.0434095

17 25 0.0450537

18 25 0.04652

19 25 0.0478027

20 25 0.0488968

21 25 0.0497979

22 25 0.0505024

23 25 0.0510077

24 25 0.0513117

25 25 0.0514131

26 25 0.0513117

27 25 0.0510077

28 25 0.0505024

29 25 0.0497979

30 25 0.0488968

31 25 0.0478027

32 25 0.04652

33 25 0.0450537

34 25 0.0434095

35 25 0.0415941

36 25 0.0396145

37 25 0.0374785

38 25 0.0351947

39 25 0.0327719

40 25 0.0302199

41 25 0.0275485

42 25 0.0247685

43 25 0.0218906

44 25 0.0189264

45 25 0.0158875

46 25 0.0127859

47 25 0.00963386

48 25 0.00644377

49 25 0.00322826

50 25 0

0 26 0

1 26 0.00322189

2 26 0.00643106

3 26 0.00961485

4 26 0.0127607

5 26 0.0158562

6 26 0.0188891

7 26 0.0218474

8 26 0.0247196

9 26 0.0274942

10 26 0.0301602

11 26 0.0327073

12 26 0.0351252

13 26 0.0374046

14 26 0.0395363

15 26 0.041512

16 26 0.0433239

17 26 0.0449647

18 26 0.0464282

19 26 0.0477084

20 26 0.0488003

21 26 0.0496996

22 26 0.0504028

23 26 0.0509071

24 26 0.0512104

25 26 0.0513117

26 26 0.0512104

27 26 0.0509071

28 26 0.0504028

29 26 0.0496996

30 26 0.0488003

31 26 0.0477084

32 26 0.0464282

33 26 0.0449647

34 26 0.0433239

35 26 0.041512

36 26 0.0395363

37 26 0.0374046

38 26 0.0351252

39 26 0.0327073

40 26 0.0301602

41 26 0.0274942

42 26 0.0247196

43 26 0.0218474

44 26 0.0188891

45 26 0.0158562

46 26 0.0127607

47 26 0.00961485

48 26 0.00643106

49 26 0.00322189

50 26 0

0 27 0

1 27 0.0032028

2 27 0.00639296

3 27 0.00955789

4 27 0.0126851

5 27 0.0157622

6 27 0.0187772

7 27 0.021718

8 27 0.0245731

9 27 0.0273313

10 27 0.0299816

11 27 0.0325135

12 27 0.0349172

13 27 0.037183

14 27 0.0393021

15 27 0.0412661

16 27 0.0430672

17 27 0.0446984

18 27 0.0461531

19 27 0.0474258

20 27 0.0485112

21 27 0.0494052

22 27 0.0501042

23 27 0.0506055

24 27 0.0509071

25 27 0.0510077

26 27 0.0509071

27 27 0.0506055

28 27 0.0501042

29 27 0.0494052

30 27 0.0485112

31 27 0.0474258

32 27 0.0461531

33 27 0.0446984

34 27 0.0430672

35 27 0.0412661

36 27 0.0393021

37 27 0.037183

38 27 0.0349172

39 27 0.0325135

40 27 0.0299816

41 27 0.0273313

42 27 0.0245731

43 27 0.021718

44 27 0.0187772

45 27 0.0157622

46 27 0.0126851

47 27 0.00955789

48 27 0.00639296

49 27 0.0032028

50 27 0

0 28 0

1 28 0.00317107

2 28 0.00632963

3 28 0.00946321

4 28 0.0125594

5 28 0.0156061

6 28 0.0185912

7 28 0.0215029

8 28 0.0243297

9 28 0.0270606

10 28 0.0296846

11 28 0.0321915

12 28 0.0345713

13 28 0.0368147

14 28 0.0389128

15 28 0.0408573

16 28 0.0426406

17 28 0.0442556

18 28 0.045696

19 28 0.046956

20 28 0.0480307

21 28 0.0489158

22 28 0.0496079

23 28 0.0501042

24 28 0.0504028

25 28 0.0505024

26 28 0.0504028

27 28 0.0501042

28 28 0.0496079

29 28 0.0489158

30 28 0.0480307

31 28 0.046956

32 28 0.045696

33 28 0.0442556

34 28 0.0426406

35 28 0.0408573

36 28 0.0389128

37 28 0.0368147

38 28 0.0345713

39 28 0.0321915

40 28 0.0296846

41 28 0.0270606

42 28 0.0243297

43 28 0.0215029

44 28 0.0185912

45 28 0.0156061

46 28 0.0125594

47 28 0.00946321

48 28 0.00632963

49 28 0.00317107

50 28 0

0 29 0

1 29 0.00312683

2 29 0.00624133

3 29 0.00933119

4 29 0.0123842

5 29 0.0153884

6 29 0.0183318

7 29 0.0212029

8 29 0.0239903

9 29 0.026683

10 29 0.0292705

11 29 0.0317424

12 29 0.034089

13 29 0.0363011

14 29 0.0383699

15 29 0.0402873

16 29 0.0420457

17 29 0.0436382

18 29 0.0450585

19 29 0.0463009

20 29 0.0473606

21 29 0.0482334

22 29 0.0489158

23 29 0.0494052

24 29 0.0496996

25 29 0.0497979

26 29 0.0496996

27 29 0.0494052

28 29 0.0489158

29 29 0.0482334

30 29 0.0473606

31 29 0.0463009

32 29 0.0450585

33 29 0.0436382

34 29 0.0420457

35 29 0.0402873

36 29 0.0383699

37 29 0.0363011

38 29 0.034089

39 29 0.0317424

40 29 0.0292705

41 29 0.026683

42 29 0.0239903

43 29 0.0212029

44 29 0.0183318

45 29 0.0153884

46 29 0.0123842

47 29 0.00933119

48 29 0.00624133

49 29 0.00312683

50 29 0

0 30 0

1 30 0.00307025

2 30 0.00612839

3 30 0.00916234

4 30 0.0121601

5 30 0.0151099

6 30 0.0180001

7 30 0.0208192

8 30 0.0235562

9 30 0.0262002

10 30 0.0287408

11 30 0.031168

12 30 0.0334721

13 30 0.0356442

14 30 0.0376756

15 30 0.0395583

16 30 0.0412849

17 30 0.0428486

18 30 0.0442431

19 30 0.0454631

20 30 0.0465036

21 30 0.0473606

22 30 0.0480307

23 30 0.0485112

24 30 0.0488003

25 30 0.0488968

26 30 0.0488003

27 30 0.0485112

28 30 0.0480307

29 30 0.0473606

30 30 0.0465036

31 30 0.0454631

32 30 0.0442431

33 30 0.0428486

34 30 0.0412849

35 30 0.0395583

36 30 0.0376756

37 30 0.0356442

38 30 0.0334721

39 30 0.031168

40 30 0.0287408

41 30 0.0262002

42 30 0.0235562

43 30 0.0208192

44 30 0.0180001

45 30 0.0151099

46 30 0.0121601

47 30 0.00916234

48 30 0.00612839

49 30 0.00307025

50 30 0

0 31 0

1 31 0.00300156

2 31 0.00599127

3 31 0.00895733

4 31 0.011888

5 31 0.0147718

6 31 0.0175973

7 31 0.0203534

8 31 0.0230291

9 31 0.025614

10 31 0.0280977

11 31 0.0304706

12 31 0.0327232

13 31 0.0348467

14 31 0.0368326

15 31 0.0386732

16 31 0.0403612

17 31 0.0418898

18 31 0.0432532

19 31 0.0444458

20 31 0.0454631

21 31 0.0463009

22 31 0.046956

23 31 0.0474258

24 31 0.0477084

25 31 0.0478027

26 31 0.0477084

27 31 0.0474258

28 31 0.046956

29 31 0.0463009

30 31 0.0454631

31 31 0.0444458

32 31 0.0432532

33 31 0.0418898

34 31 0.0403612

35 31 0.0386732

36 31 0.0368326

37 31 0.0348467

38 31 0.0327232

39 31 0.0304706

40 31 0.0280977

41 31 0.025614

42 31 0.0230291

43 31 0.0203534

44 31 0.0175973

45 31 0.0147718

46 31 0.011888

47 31 0.00895733

48 31 0.00599127

49 31 0.00300156

50 31 0

0 32 0

1 32 0.00292101

2 32 0.0058305

3 32 0.00871697

4 32 0.011569

5 32 0.0143755

6 32 0.0171251

7 32 0.0198072

8 32 0.0224112

9 32 0.0249266

10 32 0.0273438

11 32 0.0296529

12 32 0.0318451

13 32 0.0339116

14 32 0.0358443

15 32 0.0376354

16 32 0.0392781

17 32 0.0407658

18 32 0.0420925

19 32 0.0432532

20 32 0.0442431

21 32 0.0450585

22 32 0.045696

23 32 0.0461531

24 32 0.0464282

25 32 0.04652

26 32 0.0464282

27 32 0.0461531

28 32 0.045696

29 32 0.0450585

30 32 0.0442431

31 32 0.0432532

32 32 0.0420925

33 32 0.0407658

34 32 0.0392781

35 32 0.0376354

36 32 0.0358443

37 32 0.0339116

38 32 0.0318451

39 32 0.0296529

40 32 0.0273438

41 32 0.0249266

42 32 0.0224112

43 32 0.0198072

44 32 0.0171251

45 32 0.0143755

46 32 0.011569

47 32 0.00871697

48 32 0.0058305

49 32 0.00292101

50 32 0

0 33 0

1 33 0.00282894

2 33 0.00564672

3 33 0.00844221

4 33 0.0112044

5 33 0.0139223

6 33 0.0165854

7 33 0.0191829

8 33 0.0217048

9 33 0.024141

10 33 0.0264819

11 33 0.0287183

12 33 0.0308413

13 33 0.0328427

14 33 0.0347144

15 33 0.0364492

16 33 0.0380401

17 33 0.0394808

18 33 0.0407658

19 33 0.0418898

20 33 0.0428486

21 33 0.0436382

22 33 0.0442556

23 33 0.0446984

24 33 0.0449647

25 33 0.0450537

26 33 0.0449647

27 33 0.0446984

28 33 0.0442556

29 33 0.0436382

30 33 0.0428486

31 33 0.0418898

32 33 0.0407658

33 33 0.0394808

34 33 0.0380401

35 33 0.0364492

36 33 0.0347144

37 33 0.0328427

38 33 0.0308413

39 33 0.0287183

40 33 0.0264819

41 33 0.024141

42 33 0.0217048

43 33 0.0191829

44 33 0.0165854

45 33 0.0139223

46 33 0.0112044

47 33 0.00844221

48 33 0.00564672

49 33 0.00282894

50 33 0

0 34 0

1 34 0.00272571

2 34 0.00544066

3 34 0.00813413

4 34 0.0107955

5 34 0.0134143

6 34 0.0159801

7 34 0.0184829

8 34 0.0209127

9 34 0.02326

10 34 0.0255155

11 34 0.0276703

12 34 0.0297159

13 34 0.0316442

14 34 0.0334476

15 34 0.035119

16 34 0.0366519

17 34 0.0380401

18 34 0.0392781

19 34 0.0403612

20 34 0.0412849

21 34 0.0420457

22 34 0.0426406

23 34 0.0430672

24 34 0.0433239

25 34 0.0434095

26 34 0.0433239

27 34 0.0430672

28 34 0.0426406

29 34 0.0420457

30 34 0.0412849

31 34 0.0403612

32 34 0.0392781

33 34 0.0380401

34 34 0.0366519

35 34 0.035119

36 34 0.0334476

37 34 0.0316442

38 34 0.0297159

39 34 0.0276703

40 34 0.0255155

41 34 0.02326

42 34 0.0209127

43 34 0.0184829

44 34 0.0159801

45 34 0.0134143

46 34 0.0107955

47 34 0.00813413

48 34 0.00544066

49 34 0.00272571

50 34 0

0 35 0

1 35 0.00261171

2 35 0.00521312

3 35 0.00779395

4 35 0.010344

5 35 0.0128533

6 35 0.0153118

7 35 0.0177099

8 35 0.0200381

9 35 0.0222872

10 35 0.0244484

11 35 0.0265131

12 35 0.0284731

13 35 0.0303208

14 35 0.0320488

15 35 0.0336503

16 35 0.035119

17 35 0.0364492

18 35 0.0376354

19 35 0.0386732

20 35 0.0395583

21 35 0.0402873

22 35 0.0408573

23 35 0.0412661

24 35 0.041512

25 35 0.0415941

26 35 0.041512

27 35 0.0412661

28 35 0.0408573

29 35 0.0402873

30 35 0.0395583

31 35 0.0386732

32 35 0.0376354

33 35 0.0364492

34 35 0.035119

35 35 0.0336503

36 35 0.0320488

37 35 0.0303208

38 35 0.0284731

39 35 0.0265131

40 35 0.0244484

41 35 0.0222872

42 35 0.0200381

43 35 0.0177099

44 35 0.0153118

45 35 0.0128533

46 35 0.010344

47 35 0.00779395

48 35 0.00521312

49 35 0.00261171

50 35 0

0 36 0

1 36 0.00248741

2 36 0.00496501

3 36 0.00742301

4 36 0.00985172

5 36 0.0122415

6 36 0.0145831

7 36 0.016867

8 36 0.0190844

9 36 0.0212265

10 36 0.0232848

11 36 0.0252512

12 36 0.027118

13 36 0.0288777

14 36 0.0305235

15 36 0.0320488

16 36 0.0334476

17 36 0.0347144

18 36 0.0358443

19 36 0.0368326

20 36 0.0376756

21 36 0.0383699

22 36 0.0389128

23 36 0.0393021

24 36 0.0395363

25 36 0.0396145

26 36 0.0395363

27 36 0.0393021

28 36 0.0389128

29 36 0.0383699

30 36 0.0376756

31 36 0.0368326

32 36 0.0358443

33 36 0.0347144

34 36 0.0334476

35 36 0.0320488

36 36 0.0305235

37 36 0.0288777

38 36 0.027118

39 36 0.0252512

40 36 0.0232848

41 36 0.0212265

42 36 0.0190844

43 36 0.016867

44 36 0.0145831

45 36 0.0122415

46 36 0.00985172

47 36 0.00742301

48 36 0.00496501

49 36 0.00248741

50 36 0

0 37 0

1 37 0.0023533

2 37 0.00469731

3 37 0.00702278

4 37 0.00932053

5 37 0.0115815

6 37 0.0137968

7 37 0.0159576

8 37 0.0180554

9 37 0.020082

10 37 0.0220293

11 37 0.0238897

12 37 0.0256558

13 37 0.0273207

14 37 0.0288777

15 37 0.0303208

16 37 0.0316442

17 37 0.0328427

18 37 0.0339116

19 37 0.0348467

20 37 0.0356442

21 37 0.0363011

22 37 0.0368147

23 37 0.037183

24 37 0.0374046

25 37 0.0374785

26 37 0.0374046

27 37 0.037183

28 37 0.0368147

29 37 0.0363011

30 37 0.0356442

31 37 0.0348467

32 37 0.0339116

33 37 0.0328427

34 37 0.0316442

35 37 0.0303208

36 37 0.0288777

37 37 0.0273207

38 37 0.0256558

39 37 0.0238897

40 37 0.0220293

41 37 0.020082

42 37 0.0180554

43 37 0.0159576

44 37 0.0137968

45 37 0.0115815

46 37 0.00932053

47 37 0.00702278

48 37 0.00469731

49 37 0.0023533

50 37 0

0 38 0

1 38 0.00220989

2 38 0.00441107

3 38 0.00659483

4 38 0.00875256

5 38 0.0108758

6 38 0.012956

7 38 0.0149852

8 38 0.0169552

9 38 0.0188583

10 38 0.0206869

11 38 0.0224339

12 38 0.0240924

13 38 0.0256558

14 38 0.027118

15 38 0.0284731

16 38 0.0297159

17 38 0.0308413

18 38 0.0318451

19 38 0.0327232

20 38 0.0334721

21 38 0.034089

22 38 0.0345713

23 38 0.0349172

24 38 0.0351252

25 38 0.0351947

26 38 0.0351252

27 38 0.0349172

28 38 0.0345713

29 38 0.034089

30 38 0.0334721

31 38 0.0327232

32 38 0.0318451

33 38 0.0308413

34 38 0.0297159

35 38 0.0284731

36 38 0.027118

37 38 0.0256558

38 38 0.0240924

39 38 0.0224339

40 38 0.0206869

41 38 0.0188583

42 38 0.0169552

43 38 0.0149852

44 38 0.012956

45 38 0.0108758

46 38 0.00875256

47 38 0.00659483

48 38 0.00441107

49 38 0.00220989

50 38 0

0 39 0

1 39 0.00205777

2 39 0.00410741

3 39 0.00614085

4 39 0.00815005

5 39 0.0101271

6 39 0.0120642

7 39 0.0139536

8 39 0.015788

9 39 0.0175601

10 39 0.0192629

11 39 0.0208896

12 39 0.0224339

13 39 0.0238897

14 39 0.0252512

15 39 0.0265131

16 39 0.0276703

17 39 0.0287183

18 39 0.0296529

19 39 0.0304706

20 39 0.031168

21 39 0.0317424

22 39 0.0321915

23 39 0.0325135

24 39 0.0327073

25 39 0.0327719

26 39 0.0327073

27 39 0.0325135

28 39 0.0321915

29 39 0.0317424

30 39 0.031168

31 39 0.0304706

32 39 0.0296529

33 39 0.0287183

34 39 0.0276703

35 39 0.0265131

36 39 0.0252512

37 39 0.0238897

38 39 0.0224339

39 39 0.0208896

40 39 0.0192629

41 39 0.0175601

42 39 0.015788

43 39 0.0139536

44 39 0.0120642

45 39 0.0101271

46 39 0.00815005

47 39 0.00614085

48 39 0.00410741

49 39 0.00205777

50 39 0

0 40 0

1 40 0.00189752

2 40 0.00378755

3 40 0.00566264

4 40 0.00751538

5 40 0.00933845

6 40 0.0111247

7 40 0.012867

8 40 0.0145585

9 40 0.0161926

10 40 0.0177628

11 40 0.0192629

12 40 0.0206869

13 40 0.0220293

14 40 0.0232848

15 40 0.0244484

16 40 0.0255155

17 40 0.0264819

18 40 0.0273438

19 40 0.0280977

20 40 0.0287408

21 40 0.0292705

22 40 0.0296846

23 40 0.0299816

24 40 0.0301602

25 40 0.0302199

26 40 0.0301602

27 40 0.0299816

28 40 0.0296846

29 40 0.0292705

30 40 0.0287408

31 40 0.0280977

32 40 0.0273438

33 40 0.0264819

34 40 0.0255155

35 40 0.0244484

36 40 0.0232848

37 40 0.0220293

38 40 0.0206869

39 40 0.0192629

40 40 0.0177628

41 40 0.0161926

42 40 0.0145585

43 40 0.012867

44 40 0.0111247

45 40 0.00933845

46 40 0.00751538

47 40 0.00566264

48 40 0.00378755

49 40 0.00189752

50 40 0

0 41 0

1 41 0.00172979

2 41 0.00345275

3 41 0.00516208

4 41 0.00685104

5 41 0.00851296

6 41 0.0101413

7 41 0.0117296

8 41 0.0132716

9 41 0.0147612

10 41 0.0161926

11 41 0.0175601

12 41 0.0188583

13 41 0.020082

14 41 0.0212265

15 41 0.0222872

16 41 0.02326

17 41 0.024141

18 41 0.0249266

19 41 0.025614

20 41 0.0262002

21 41 0.026683

22 41 0.0270606

23 41 0.0273313

24 41 0.0274942

25 41 0.0275485

26 41 0.0274942

27 41 0.0273313

28 41 0.0270606

29 41 0.026683

30 41 0.0262002

31 41 0.025614

32 41 0.0249266

33 41 0.024141

34 41 0.02326

35 41 0.0222872

36 41 0.0212265

37 41 0.020082

38 41 0.0188583

39 41 0.0175601

40 41 0.0161926

41 41 0.0147612

42 41 0.0132716

43 41 0.0117296

44 41 0.0101413

45 41 0.00851296

46 41 0.00685104

47 41 0.00516208

48 41 0.00345275

49 41 0.00172979

50 41 0

0 42 0

1 42 0.00155522

2 42 0.00310431

3 42 0.00464115

4 42 0.00615966

5 42 0.00765387

6 42 0.00911788

7 42 0.0105459

8 42 0.0119323

9 42 0.0132716

10 42 0.0145585

11 42 0.015788

12 42 0.0169552

13 42 0.0180554

14 42 0.0190844

15 42 0.0200381

16 42 0.0209127

17 42 0.0217048

18 42 0.0224112

19 42 0.0230291

20 42 0.0235562

21 42 0.0239903

22 42 0.0243297

23 42 0.0245731

24 42 0.0247196

25 42 0.0247685

26 42 0.0247196

27 42 0.0245731

28 42 0.0243297

29 42 0.0239903

30 42 0.0235562

31 42 0.0230291

32 42 0.0224112

33 42 0.0217048

34 42 0.0209127

35 42 0.0200381

36 42 0.0190844

37 42 0.0180554

38 42 0.0169552

39 42 0.015788

40 42 0.0145585

41 42 0.0132716

42 42 0.0119323

43 42 0.0105459

44 42 0.00911788

45 42 0.00765387

46 42 0.00615966

47 42 0.00464115

48 42 0.00310431

49 42 0.00155522

50 42 0

0 43 0

1 43 0.00137452

2 43 0.00274362

3 43 0.0041019

4 43 0.00544398

5 43 0.00676458

6 43 0.00805848

7 43 0.00932058

8 43 0.0105459

9 43 0.0117296

10 43 0.012867

11 43 0.0139536

12 43 0.0149852

13 43 0.0159576

14 43 0.016867

15 43 0.0177099

16 43 0.0184829

17 43 0.0191829

18 43 0.0198072

19 43 0.0203534

20 43 0.0208192

21 43 0.0212029

22 43 0.0215029

23 43 0.021718

24 43 0.0218474

25 43 0.0218906

26 43 0.0218474

27 43 0.021718

28 43 0.0215029

29 43 0.0212029

30 43 0.0208192

31 43 0.0203534

32 43 0.0198072

33 43 0.0191829

34 43 0.0184829

35 43 0.0177099

36 43 0.016867

37 43 0.0159576

38 43 0.0149852

39 43 0.0139536

40 43 0.012867

41 43 0.0117296

42 43 0.0105459

43 43 0.00932058

44 43 0.00805848

45 43 0.00676458

46 43 0.00544398

47 43 0.0041019

48 43 0.00274362

49 43 0.00137452

50 43 0

0 44 0

1 44 0.0011884

2 44 0.00237211

3 44 0.00354646

4 44 0.00470681

5 44 0.00584859

6 44 0.00696728

7 44 0.00805848

8 44 0.00911788

9 44 0.0101413

10 44 0.0111247

11 44 0.0120642

12 44 0.012956

13 44 0.0137968

14 44 0.0145831

15 44 0.0153118

16 44 0.0159801

17 44 0.0165854

18 44 0.0171251

19 44 0.0175973

20 44 0.0180001

21 44 0.0183318

22 44 0.0185912

23 44 0.0187772

24 44 0.0188891

25 44 0.0189264

26 44 0.0188891

27 44 0.0187772

28 44 0.0185912

29 44 0.0183318

30 44 0.0180001

31 44 0.0175973

32 44 0.0171251

33 44 0.0165854

34 44 0.0159801

35 44 0.0153118

36 44 0.0145831

37 44 0.0137968

38 44 0.012956

39 44 0.0120642

40 44 0.0111247

41 44 0.0101413

42 44 0.00911788

43 44 0.00805848

44 44 0.00696728

45 44 0.00584859

46 44 0.00470681

47 44 0.00354646

48 44 0.00237211

49 44 0.0011884

50 44 0

0 45 0

1 45 0.000997586

2 45 0.00199123

3 45 0.00297703

4 45 0.00395107

5 45 0.00490952

6 45 0.00584859

7 45 0.00676458

8 45 0.00765387

9 45 0.00851296

10 45 0.00933845

11 45 0.0101271

12 45 0.0108758

13 45 0.0115815

14 45 0.0122415

15 45 0.0128533

16 45 0.0134143

17 45 0.0139223

18 45 0.0143755

19 45 0.0147718

20 45 0.0151099

21 45 0.0153884

22 45 0.0156061

23 45 0.0157622

24 45 0.0158562

25 45 0.0158875

26 45 0.0158562

27 45 0.0157622

28 45 0.0156061

29 45 0.0153884

30 45 0.0151099

31 45 0.0147718

32 45 0.0143755

33 45 0.0139223

34 45 0.0134143

35 45 0.0128533

36 45 0.0122415

37 45 0.0115815

38 45 0.0108758

39 45 0.0101271

40 45 0.00933845

41 45 0.00851296

42 45 0.00765387

43 45 0.00676458

44 45 0.00584859

45 45 0.00490952

46 45 0.00395107

47 45 0.00297703

48 45 0.00199123

49 45 0.000997586

50 45 0

0 46 0

1 46 0.000802835

2 46 0.0016025

3 46 0.00239584

4 46 0.00317973

5 46 0.00395107

6 46 0.00470681

7 46 0.00544398

8 46 0.00615966

9 46 0.00685104

10 46 0.00751538

11 46 0.00815005

12 46 0.00875256

13 46 0.00932053

14 46 0.00985172

15 46 0.010344

16 46 0.0107955

17 46 0.0112044

18 46 0.011569

19 46 0.011888

20 46 0.0121601

21 46 0.0123842

22 46 0.0125594

23 46 0.0126851

24 46 0.0127607

25 46 0.0127859

26 46 0.0127607

27 46 0.0126851

28 46 0.0125594

29 46 0.0123842

30 46 0.0121601

31 46 0.011888

32 46 0.011569

33 46 0.0112044

34 46 0.0107955

35 46 0.010344

36 46 0.00985172

37 46 0.00932053

38 46 0.00875256

39 46 0.00815005

40 46 0.00751538

41 46 0.00685104

42 46 0.00615966

43 46 0.00544398

44 46 0.00470681

45 46 0.00395107

46 46 0.00317973

47 46 0.00239584

48 46 0.0016025

49 46 0.000802835

50 46 0

0 47 0

1 47 0.000604915

2 47 0.00120744

3 47 0.0018052

4 47 0.00239584

5 47 0.00297703

6 47 0.00354646

7 47 0.0041019

8 47 0.00464115

9 47 0.00516208

10 47 0.00566264

11 47 0.00614085

12 47 0.00659483

13 47 0.00702278

14 47 0.00742301

15 47 0.00779395

16 47 0.00813413

17 47 0.00844221

18 47 0.00871697

19 47 0.00895733

20 47 0.00916234

21 47 0.00933119

22 47 0.00946321

23 47 0.00955789

24 47 0.00961485

25 47 0.00963386

26 47 0.00961485

27 47 0.00955789

28 47 0.00946321

29 47 0.00933119

30 47 0.00916234

31 47 0.00895733

32 47 0.00871697

33 47 0.00844221

34 47 0.00813413

35 47 0.00779395

36 47 0.00742301

37 47 0.00702278

38 47 0.00659483

39 47 0.00614085

40 47 0.00566264

41 47 0.00516208

42 47 0.00464115

43 47 0.0041019

44 47 0.00354646

45 47 0.00297703

46 47 0.00239584

47 47 0.0018052

48 47 0.00120744

49 47 0.000604915

50 47 0

0 48 0

1 48 0.000404608

2 48 0.000807619

3 48 0.00120744

4 48 0.0016025

5 48 0.00199123

6 48 0.00237211

7 48 0.00274362

8 48 0.00310431

9 48 0.00345275

10 48 0.00378755

11 48 0.00410741

12 48 0.00441107

13 48 0.00469731

14 48 0.00496501

15 48 0.00521312

16 48 0.00544066

17 48 0.00564672

18 48 0.0058305

19 48 0.00599127

20 48 0.00612839

21 48 0.00624133

22 48 0.00632963

23 48 0.00639296

24 48 0.00643106

25 48 0.00644377

26 48 0.00643106

27 48 0.00639296

28 48 0.00632963

29 48 0.00624133

