0 1 0

1 1 0.000256863

2 1 0.000512713

3 1 0.000766539

4 1 0.00101734

5 1 0.00126413

6 1 0.00150592

7 1 0.00174178

8 1 0.00197076

9 1 0.00219196

10 1 0.00240451

11 1 0.00260757

12 1 0.00280034

13 1 0.00298206

14 1 0.00315201

15 1 0.00330952

16 1 0.00345397

17 1 0.00358479

18 1 0.00370146

19 1 0.00380353

20 1 0.00389058

21 1 0.00396228

22 1 0.00401834

23 1 0.00405854

24 1 0.00408272

25 1 0.0040908

26 1 0.00408272

27 1 0.00405854

28 1 0.00401834

29 1 0.00396228

30 1 0.00389058

31 1 0.00380353

32 1 0.00370146

33 1 0.00358479

34 1 0.00345397

35 1 0.00330952

36 1 0.00315201

37 1 0.00298206

38 1 0.00280034

39 1 0.00260757

40 1 0.00240451

41 1 0.00219196

42 1 0.00197076

43 1 0.00174178

44 1 0.00150592

45 1 0.00126413

46 1 0.00101734

47 1 0.000766539

48 1 0.000512713

49 1 0.000256863

50 1 0

0 2 0

1 2 0.000512713

2 2 0.0010234

3 2 0.00153005

4 2 0.00203066

5 2 0.00252326

6 2 0.0030059

7 2 0.00347668

8 2 0.00393373

9 2 0.00437527

10 2 0.00479953

11 2 0.00520485

12 2 0.00558963

13 2 0.00595235

14 2 0.00629159

15 2 0.00660599

16 2 0.00689432

17 2 0.00715544

18 2 0.00738832

19 2 0.00759204

20 2 0.0077658

21 2 0.00790891

22 2 0.00802081

23 2 0.00810106

24 2 0.00814933

25 2 0.00816545

26 2 0.00814933

27 2 0.00810106

28 2 0.00802081

29 2 0.00790891

30 2 0.0077658

31 2 0.00759204

32 2 0.00738832

33 2 0.00715544

34 2 0.00689432

35 2 0.00660599

36 2 0.00629159

37 2 0.00595235

38 2 0.00558963

39 2 0.00520485

40 2 0.00479953

41 2 0.00437527

42 2 0.00393373

43 2 0.00347668

44 2 0.0030059

45 2 0.00252326

46 2 0.00203066

47 2 0.00153005

48 2 0.0010234

49 2 0.000512713

50 2 0

0 3 0

1 3 0.000766539

2 3 0.00153005

3 3 0.00228753

4 3 0.00303597

5 3 0.00377244

6 3 0.00449402

7 3 0.00519786

8 3 0.00588119

9 3 0.00654131

10 3 0.00717561

11 3 0.00778159

12 3 0.00835686

13 3 0.00889916

14 3 0.00940633

15 3 0.00987638

16 3 0.0103074

17 3 0.0106978

18 3 0.011046

19 3 0.0113506

20 3 0.0116104

21 3 0.0118243

22 3 0.0119916

23 3 0.0121116

24 3 0.0121838

25 3 0.0122079

26 3 0.0121838

27 3 0.0121116

28 3 0.0119916

29 3 0.0118243

30 3 0.0116104

31 3 0.0113506

32 3 0.011046

33 3 0.0106978

34 3 0.0103074

35 3 0.00987638

36 3 0.00940633

37 3 0.00889916

38 3 0.00835686

39 3 0.00778159

40 3 0.00717561

41 3 0.00654131

42 3 0.00588119

43 3 0.00519786

44 3 0.00449402

45 3 0.00377244

46 3 0.00303597

47 3 0.00228753

48 3 0.00153005

49 3 0.000766539

50 3 0

0 4 0

1 4 0.00101734

2 4 0.00203066

3 4 0.00303597

4 4 0.0040293

5 4 0.00500673

6 4 0.0059644

7 4 0.00689853

8 4 0.00780543

9 4 0.00868153

10 4 0.00952337

11 4 0.0103276

12 4 0.0110911

13 4 0.0118108

14 4 0.0124839

15 4 0.0131078

16 4 0.0136799

17 4 0.014198

18 4 0.0146601

19 4 0.0150644

20 4 0.0154091

21 4 0.0156931

22 4 0.0159151

23 4 0.0160744

24 4 0.0161701

25 4 0.0162021

26 4 0.0161701

27 4 0.0160744

28 4 0.0159151

29 4 0.0156931

30 4 0.0154091

31 4 0.0150644

32 4 0.0146601

33 4 0.014198

34 4 0.0136799

35 4 0.0131078

36 4 0.0124839

37 4 0.0118108

38 4 0.0110911

39 4 0.0103276

40 4 0.00952337

41 4 0.00868153

42 4 0.00780543

43 4 0.00689853

44 4 0.0059644

45 4 0.00500673

46 4 0.0040293

47 4 0.00303597

48 4 0.00203066

49 4 0.00101734

50 4 0

0 5 0

1 5 0.00126413

2 5 0.00252326

3 5 0.00377244

4 5 0.00500673

5 5 0.00622126

6 5 0.00741124

7 5 0.00857197

8 5 0.00969887

9 5 0.0107875

10 5 0.0118335

11 5 0.0128329

12 5 0.0137816

13 5 0.0146759

14 5 0.0155123

15 5 0.0162875

16 5 0.0169984

17 5 0.0176422

18 5 0.0182164

19 5 0.0187187

20 5 0.0191471

21 5 0.0194999

22 5 0.0197758

23 5 0.0199737

24 5 0.0200927

25 5 0.0201324

26 5 0.0200927

27 5 0.0199737

28 5 0.0197758

29 5 0.0194999

30 5 0.0191471

31 5 0.0187187

32 5 0.0182164

33 5 0.0176422

34 5 0.0169984

35 5 0.0162875

36 5 0.0155123

37 5 0.0146759

38 5 0.0137816

39 5 0.0128329

40 5 0.0118335

41 5 0.0107875

42 5 0.00969887

43 5 0.00857197

44 5 0.00741124

45 5 0.00622126

46 5 0.00500673

47 5 0.00377244

48 5 0.00252326

49 5 0.00126413

50 5 0

0 6 0

1 6 0.00150592

2 6 0.0030059

3 6 0.00449402

4 6 0.0059644

5 6 0.00741124

6 6 0.00882883

7 6 0.0102116

8 6 0.011554

9 6 0.0128509

10 6 0.014097

11 6 0.0152875

12 6 0.0164177

13 6 0.0174831

14 6 0.0184794

15 6 0.0194029

16 6 0.0202497

17 6 0.0210167

18 6 0.0217007

19 6 0.0222991

20 6 0.0228095

21 6 0.0232298

22 6 0.0235585

23 6 0.0237942

24 6 0.023936

25 6 0.0239833

26 6 0.023936

27 6 0.0237942

28 6 0.0235585

29 6 0.0232298

30 6 0.0228095

31 6 0.0222991

32 6 0.0217007

33 6 0.0210167

34 6 0.0202497

35 6 0.0194029

36 6 0.0184794

37 6 0.0174831

38 6 0.0164177

39 6 0.0152875

40 6 0.014097

41 6 0.0128509

42 6 0.011554

43 6 0.0102116

44 6 0.00882883

45 6 0.00741124

46 6 0.0059644

47 6 0.00449402

48 6 0.0030059

49 6 0.00150592

50 6 0

0 7 0

1 7 0.00174178

2 7 0.00347668

3 7 0.00519786

4 7 0.00689853

5 7 0.00857197

6 7 0.0102116

7 7 0.0118109

8 7 0.0133636

9 7 0.0148636

10 7 0.0163049

11 7 0.0176818

12 7 0.018989

13 7 0.0202212

14 7 0.0213736

15 7 0.0224417

16 7 0.0234212

17 7 0.0243083

18 7 0.0250994

19 7 0.0257915

20 7 0.0263818

21 7 0.026868

22 7 0.0272481

23 7 0.0275207

24 7 0.0276847

25 7 0.0277395

26 7 0.0276847

27 7 0.0275207

28 7 0.0272481

29 7 0.026868

30 7 0.0263818

31 7 0.0257915

32 7 0.0250994

33 7 0.0243083

34 7 0.0234212

35 7 0.0224417

36 7 0.0213736

37 7 0.0202212

38 7 0.018989

39 7 0.0176818

40 7 0.0163049

41 7 0.0148636

42 7 0.0133636

43 7 0.0118109

44 7 0.0102116

45 7 0.00857197

46 7 0.00689853

47 7 0.00519786

48 7 0.00347668

49 7 0.00174178

50 7 0

0 8 0

1 8 0.00197076

2 8 0.00393373

3 8 0.00588119

4 8 0.00780543

5 8 0.00969887

6 8 0.011554

7 8 0.0133636

8 8 0.0151204

9 8 0.0168176

10 8 0.0184483

11 8 0.0200063

12 8 0.0214853

13 8 0.0228796

14 8 0.0241835

15 8 0.025392

16 8 0.0265002

17 8 0.0275039

18 8 0.0283991

19 8 0.0291822

20 8 0.0298501

21 8 0.0304001

22 8 0.0308303

23 8 0.0311387

24 8 0.0313243

25 8 0.0313862

26 8 0.0313243

27 8 0.0311387

28 8 0.0308303

29 8 0.0304001

30 8 0.0298501

31 8 0.0291822

32 8 0.0283991

33 8 0.0275039

34 8 0.0265002

35 8 0.025392

36 8 0.0241835

37 8 0.0228796

38 8 0.0214853

39 8 0.0200063

40 8 0.0184483

41 8 0.0168176

42 8 0.0151204

43 8 0.0133636

44 8 0.011554

45 8 0.00969887

46 8 0.00780543

47 8 0.00588119

48 8 0.00393373

49 8 0.00197076

50 8 0

0 9 0

1 9 0.00219196

2 9 0.00437527

3 9 0.00654131

4 9 0.00868153

5 9 0.0107875

6 9 0.0128509

7 9 0.0148636

8 9 0.0168176

9 9 0.0187052

10 9 0.020519

11 9 0.0222519

12 9 0.0238969

13 9 0.0254476

14 9 0.0268979

15 9 0.028242

16 9 0.0294747

17 9 0.030591

18 9 0.0315867

19 9 0.0324576

20 9 0.0332005

21 9 0.0338123

22 9 0.0342907

23 9 0.0346338

24 9 0.0348402

25 9 0.0349091

26 9 0.0348402

27 9 0.0346338

28 9 0.0342907

29 9 0.0338123

30 9 0.0332005

31 9 0.0324576

32 9 0.0315867

33 9 0.030591

34 9 0.0294747

35 9 0.028242

36 9 0.0268979

37 9 0.0254476

38 9 0.0238969

39 9 0.0222519

40 9 0.020519

41 9 0.0187052

42 9 0.0168176

43 9 0.0148636

44 9 0.0128509

45 9 0.0107875

46 9 0.00868153

47 9 0.00654131

48 9 0.00437527

49 9 0.00219196

50 9 0

0 10 0

1 10 0.00240451

2 10 0.00479953

3 10 0.00717561

4 10 0.00952337

5 10 0.0118335

6 10 0.014097

7 10 0.0163049

8 10 0.0184483

9 10 0.020519

10 10 0.0225087

11 10 0.0244096

12 10 0.0262141

13 10 0.0279152

14 10 0.0295061

15 10 0.0309806

16 10 0.0323328

17 10 0.0335574

18 10 0.0346496

19 10 0.035605

20 10 0.0364199

21 10 0.0370911

22 10 0.0376159

23 10 0.0379922

24 10 0.0382186

25 10 0.0382941

26 10 0.0382186

27 10 0.0379922

28 10 0.0376159

29 10 0.0370911

30 10 0.0364199

31 10 0.035605

32 10 0.0346496

33 10 0.0335574

34 10 0.0323328

35 10 0.0309806

36 10 0.0295061

37 10 0.0279152

38 10 0.0262141

39 10 0.0244096

40 10 0.0225087

41 10 0.020519

42 10 0.0184483

43 10 0.0163049

44 10 0.014097

45 10 0.0118335

46 10 0.00952337

47 10 0.00717561

48 10 0.00479953

49 10 0.00240451

50 10 0

0 11 0

1 11 0.00260757

2 11 0.00520485

3 11 0.00778159

4 11 0.0103276

5 11 0.0128329

6 11 0.0152875

7 11 0.0176818

8 11 0.0200063

9 11 0.0222519

10 11 0.0244096

11 11 0.026471

12 11 0.0284279

13 11 0.0302727

14 11 0.031998

15 11 0.0335969

16 11 0.0350633

17 11 0.0363914

18 11 0.0375758

19 11 0.0386119

20 11 0.0394956

21 11 0.0402234

22 11 0.0407925

23 11 0.0412006

24 11 0.0414462

25 11 0.0415281

26 11 0.0414462

27 11 0.0412006

28 11 0.0407925

29 11 0.0402234

30 11 0.0394956

31 11 0.0386119

32 11 0.0375758

33 11 0.0363914

34 11 0.0350633

35 11 0.0335969

36 11 0.031998

37 11 0.0302727

38 11 0.0284279

39 11 0.026471

40 11 0.0244096

41 11 0.0222519

42 11 0.0200063

43 11 0.0176818

44 11 0.0152875

45 11 0.0128329

46 11 0.0103276

47 11 0.00778159

48 11 0.00520485

49 11 0.00260757

50 11 0

0 12 0

1 12 0.00280034

2 12 0.00558963

3 12 0.00835686

4 12 0.0110911

5 12 0.0137816

6 12 0.0164177

7 12 0.018989

8 12 0.0214853

9 12 0.0238969

10 12 0.0262141

11 12 0.0284279

12 12 0.0305296

13 12 0.0325107

14 12 0.0343635

15 12 0.0360807

16 12 0.0376555

17 12 0.0390817

18 12 0.0403536

19 12 0.0414663

20 12 0.0424154

21 12 0.043197

22 12 0.0438082

23 12 0.0442465

24 12 0.0445102

25 12 0.0445982

26 12 0.0445102

27 12 0.0442465

28 12 0.0438082

29 12 0.043197

30 12 0.0424154

31 12 0.0414663

32 12 0.0403536

33 12 0.0390817

34 12 0.0376555

35 12 0.0360807

36 12 0.0343635

37 12 0.0325107

38 12 0.0305296

39 12 0.0284279

40 12 0.0262141

41 12 0.0238969

42 12 0.0214853

43 12 0.018989

44 12 0.0164177

45 12 0.0137816

46 12 0.0110911

47 12 0.00835686

48 12 0.00558963

49 12 0.00280034

50 12 0

0 13 0

1 13 0.00298206

2 13 0.00595235

3 13 0.00889916

4 13 0.0118108

5 13 0.0146759

6 13 0.0174831

7 13 0.0202212

8 13 0.0228796

9 13 0.0254476

10 13 0.0279152

11 13 0.0302727

12 13 0.0325107

13 13 0.0346203

14 13 0.0365934

15 13 0.038422

16 13 0.040099

17 13 0.0416178

18 13 0.0429723

19 13 0.0441572

20 13 0.0451678

21 13 0.0460002

22 13 0.046651

23 13 0.0471177

24 13 0.0473985

25 13 0.0474922

26 13 0.0473985

27 13 0.0471177

28 13 0.046651

29 13 0.0460002

30 13 0.0451678

31 13 0.0441572

32 13 0.0429723

33 13 0.0416178

34 13 0.040099

35 13 0.038422

36 13 0.0365934

37 13 0.0346203

38 13 0.0325107

39 13 0.0302727

40 13 0.0279152

41 13 0.0254476

42 13 0.0228796

43 13 0.0202212

44 13 0.0174831

45 13 0.0146759

46 13 0.0118108

47 13 0.00889916

48 13 0.00595235

49 13 0.00298206

50 13 0

0 14 0

1 14 0.00315201

2 14 0.00629159

3 14 0.00940633

4 14 0.0124839

5 14 0.0155123

6 14 0.0184794

7 14 0.0213736

8 14 0.0241835

9 14 0.0268979

10 14 0.0295061

11 14 0.031998

12 14 0.0343635

13 14 0.0365934

14 14 0.0386789

15 14 0.0406117

16 14 0.0423843

17 14 0.0439896

18 14 0.0454213

19 14 0.0466737

20 14 0.047742

21 14 0.0486218

22 14 0.0493097

23 14 0.049803

24 14 0.0500998

25 14 0.0501989

26 14 0.0500998

27 14 0.049803

28 14 0.0493097

29 14 0.0486218

30 14 0.047742

31 14 0.0466737

32 14 0.0454213

33 14 0.0439896

34 14 0.0423843

35 14 0.0406117

36 14 0.0386789

37 14 0.0365934

38 14 0.0343635

39 14 0.031998

40 14 0.0295061

41 14 0.0268979

42 14 0.0241835

43 14 0.0213736

44 14 0.0184794

45 14 0.0155123

46 14 0.0124839

47 14 0.00940633

48 14 0.00629159

49 14 0.00315201

50 14 0

0 15 0

1 15 0.00330952

2 15 0.00660599

3 15 0.00987638

4 15 0.0131078

5 15 0.0162875

6 15 0.0194029

7 15 0.0224417

8 15 0.025392

9 15 0.028242

10 15 0.0309806

11 15 0.0335969

12 15 0.0360807

13 15 0.038422

14 15 0.0406117

15 15 0.0426412

16 15 0.0445023

17 15 0.0461878

18 15 0.0476911

19 15 0.0490061

20 15 0.0501277

21 15 0.0510515

22 15 0.0517738

23 15 0.0522918

24 15 0.0526034

25 15 0.0527074

26 15 0.0526034

27 15 0.0522918

28 15 0.0517738

29 15 0.0510515

30 15 0.0501277

31 15 0.0490061

32 15 0.0476911

33 15 0.0461878

34 15 0.0445023

35 15 0.0426412

36 15 0.0406117

37 15 0.038422

38 15 0.0360807

39 15 0.0335969

40 15 0.0309806

41 15 0.028242

42 15 0.025392

43 15 0.0224417

44 15 0.0194029

45 15 0.0162875

46 15 0.0131078

47 15 0.00987638

48 15 0.00660599

49 15 0.00330952

50 15 0

0 16 0

1 16 0.00345397

2 16 0.00689432

3 16 0.0103074

4 16 0.0136799

5 16 0.0169984

6 16 0.0202497

7 16 0.0234212

8 16 0.0265002

9 16 0.0294747

10 16 0.0323328

11 16 0.0350633

12 16 0.0376555

13 16 0.040099

14 16 0.0423843

15 16 0.0445023

16 16 0.0464447

17 16 0.0482038

18 16 0.0497726

19 16 0.051145

20 16 0.0523156

21 16 0.0532797

22 16 0.0540335

23 16 0.0545741

24 16 0.0548993

25 16 0.0550079

26 16 0.0548993

27 16 0.0545741

28 16 0.0540335

29 16 0.0532797

30 16 0.0523156

31 16 0.051145

32 16 0.0497726

33 16 0.0482038

34 16 0.0464447

35 16 0.0445023

36 16 0.0423843

37 16 0.040099

38 16 0.0376555

39 16 0.0350633

40 16 0.0323328

41 16 0.0294747

42 16 0.0265002

43 16 0.0234212

44 16 0.0202497

45 16 0.0169984

46 16 0.0136799

47 16 0.0103074

48 16 0.00689432

49 16 0.00345397

50 16 0

0 17 0

1 17 0.00358479

2 17 0.00715544

3 17 0.0106978

4 17 0.014198

5 17 0.0176422

6 17 0.0210167

7 17 0.0243083

8 17 0.0275039

9 17 0.030591

10 17 0.0335574

11 17 0.0363914

12 17 0.0390817

13 17 0.0416178

14 17 0.0439896

15 17 0.0461878

16 17 0.0482038

17 17 0.0500295

18 17 0.0516577

19 17 0.0530821

20 17 0.054297

21 17 0.0552977

22 17 0.05608

23 17 0.0566411

24 17 0.0569786

25 17 0.0570913

26 17 0.0569786

27 17 0.0566411

28 17 0.05608

29 17 0.0552977

30 17 0.054297

31 17 0.0530821

32 17 0.0516577

33 17 0.0500295

34 17 0.0482038

35 17 0.0461878

36 17 0.0439896

37 17 0.0416178

38 17 0.0390817

39 17 0.0363914

40 17 0.0335574

41 17 0.030591

42 17 0.0275039

43 17 0.0243083

44 17 0.0210167

45 17 0.0176422

46 17 0.014198

47 17 0.0106978

48 17 0.00715544

49 17 0.00358479

50 17 0

0 18 0

1 18 0.00370146

2 18 0.00738832

3 18 0.011046

4 18 0.0146601

5 18 0.0182164

6 18 0.0217007

7 18 0.0250994

8 18 0.0283991

9 18 0.0315867

10 18 0.0346496

11 18 0.0375758

12 18 0.0403536

13 18 0.0429723

14 18 0.0454213

15 18 0.0476911

16 18 0.0497726

17 18 0.0516577

18 18 0.053339

19 18 0.0548098

20 18 0.0560642

21 18 0.0570974

22 18 0.0579052

23 18 0.0584846

24 18 0.0588331

25 18 0.0589494

26 18 0.0588331

27 18 0.0584846

28 18 0.0579052

29 18 0.0570974

30 18 0.0560642

31 18 0.0548098

32 18 0.053339

33 18 0.0516577

34 18 0.0497726

35 18 0.0476911

36 18 0.0454213

37 18 0.0429723

38 18 0.0403536

39 18 0.0375758

40 18 0.0346496

41 18 0.0315867

42 18 0.0283991

43 18 0.0250994

44 18 0.0217007

45 18 0.0182164

46 18 0.0146601

47 18 0.011046

48 18 0.00738832

49 18 0.00370146

50 18 0

0 19 0

1 19 0.00380353

2 19 0.00759204

3 19 0.0113506

4 19 0.0150644

5 19 0.0187187

6 19 0.0222991

7 19 0.0257915

8 19 0.0291822

9 19 0.0324576

10 19 0.035605

11 19 0.0386119

12 19 0.0414663

13 19 0.0441572

14 19 0.0466737

15 19 0.0490061

16 19 0.051145

17 19 0.0530821

18 19 0.0548098

19 19 0.0563211

20 19 0.0576101

21 19 0.0586718

22 19 0.0595019

23 19 0.0600972

24 19 0.0604553

25 19 0.0605748

26 19 0.0604553

27 19 0.0600972

28 19 0.0595019

29 19 0.0586718

30 19 0.0576101

31 19 0.0563211

32 19 0.0548098

33 19 0.0530821

34 19 0.051145

35 19 0.0490061

36 19 0.0466737

37 19 0.0441572

38 19 0.0414663

39 19 0.0386119

40 19 0.035605

41 19 0.0324576

42 19 0.0291822

43 19 0.0257915

44 19 0.0222991

45 19 0.0187187

46 19 0.0150644

47 19 0.0113506

48 19 0.00759204

49 19 0.00380353

50 19 0

0 20 0

1 20 0.00389058

2 20 0.0077658

3 20 0.0116104

4 20 0.0154091

5 20 0.0191471

6 20 0.0228095

7 20 0.0263818

8 20 0.0298501

9 20 0.0332005

10 20 0.0364199

11 20 0.0394956

12 20 0.0424154

13 20 0.0451678

14 20 0.047742

15 20 0.0501277

16 20 0.0523156

17 20 0.054297

18 20 0.0560642

19 20 0.0576101

20 20 0.0589286

21 20 0.0600146

22 20 0.0608637

23 20 0.0614727

24 20 0.061839

25 20 0.0619612

26 20 0.061839

27 20 0.0614727

28 20 0.0608637

29 20 0.0600146

30 20 0.0589286

31 20 0.0576101

32 20 0.0560642

33 20 0.054297

34 20 0.0523156

35 20 0.0501277

36 20 0.047742

37 20 0.0451678

38 20 0.0424154

39 20 0.0394956

40 20 0.0364199

41 20 0.0332005

42 20 0.0298501

43 20 0.0263818

44 20 0.0228095

45 20 0.0191471

46 20 0.0154091

47 20 0.0116104

48 20 0.0077658

49 20 0.00389058

50 20 0

0 21 0

1 21 0.00396228

2 21 0.00790891

3 21 0.0118243

4 21 0.0156931

5 21 0.0194999

6 21 0.0232298

7 21 0.026868

8 21 0.0304001

9 21 0.0338123

10 21 0.0370911

11 21 0.0402234

12 21 0.043197

13 21 0.0460002

14 21 0.0486218

15 21 0.0510515

16 21 0.0532797

17 21 0.0552977

18 21 0.0570974

19 21 0.0586718

20 21 0.0600146

21 21 0.0611206

22 21 0.0619854

23 21 0.0626055

24 21 0.0629786

25 21 0.0631031

26 21 0.0629786

27 21 0.0626055

28 21 0.0619854

29 21 0.0611206

30 21 0.0600146

31 21 0.0586718

32 21 0.0570974

33 21 0.0552977

34 21 0.0532797

35 21 0.0510515

36 21 0.0486218

37 21 0.0460002

38 21 0.043197

39 21 0.0402234

40 21 0.0370911

41 21 0.0338123

42 21 0.0304001

43 21 0.026868

44 21 0.0232298

45 21 0.0194999

46 21 0.0156931

47 21 0.0118243

48 21 0.00790891

49 21 0.00396228

50 21 0

0 22 0

1 22 0.00401834

2 22 0.00802081

3 22 0.0119916

4 22 0.0159151

5 22 0.0197758

6 22 0.0235585

7 22 0.0272481

8 22 0.0308303

9 22 0.0342907

10 22 0.0376159

11 22 0.0407925

12 22 0.0438082

13 22 0.046651

14 22 0.0493097

15 22 0.0517738

16 22 0.0540335

17 22 0.05608

18 22 0.0579052

19 22 0.0595019

20 22 0.0608637

21 22 0.0619854

22 22 0.0628624

23 22 0.0634913

24 22 0.0638696

25 22 0.0639959

26 22 0.0638696

27 22 0.0634913

28 22 0.0628624

29 22 0.0619854

30 22 0.0608637

31 22 0.0595019

32 22 0.0579052

33 22 0.05608

34 22 0.0540335

35 22 0.0517738

36 22 0.0493097

37 22 0.046651

38 22 0.0438082

39 22 0.0407925

40 22 0.0376159

41 22 0.0342907

42 22 0.0308303

43 22 0.0272481

44 22 0.0235585

45 22 0.0197758

46 22 0.0159151

47 22 0.0119916

48 22 0.00802081

49 22 0.00401834

50 22 0

0 23 0

1 23 0.00405854

2 23 0.00810106

3 23 0.0121116

4 23 0.0160744

5 23 0.0199737

6 23 0.0237942

7 23 0.0275207

8 23 0.0311387

9 23 0.0346338

10 23 0.0379922

11 23 0.0412006

12 23 0.0442465

13 23 0.0471177

14 23 0.049803

15 23 0.0522918

16 23 0.0545741

17 23 0.0566411

18 23 0.0584846

19 23 0.0600972

20 23 0.0614727

21 23 0.0626055

22 23 0.0634913

23 23 0.0641265

24 23 0.0645086

25 23 0.0646362

26 23 0.0645086

27 23 0.0641265

28 23 0.0634913

29 23 0.0626055

30 23 0.0614727

31 23 0.0600972

32 23 0.0584846

33 23 0.0566411

34 23 0.0545741

35 23 0.0522918

36 23 0.049803

37 23 0.0471177

38 23 0.0442465

39 23 0.0412006

40 23 0.0379922

41 23 0.0346338

42 23 0.0311387

43 23 0.0275207

44 23 0.0237942

45 23 0.0199737

46 23 0.0160744

47 23 0.0121116

48 23 0.00810106

49 23 0.00405854

50 23 0

0 24 0

1 24 0.00408272

2 24 0.00814933

3 24 0.0121838

4 24 0.0161701

5 24 0.0200927

6 24 0.023936

7 24 0.0276847

8 24 0.0313243

9 24 0.0348402

10 24 0.0382186

11 24 0.0414462

12 24 0.0445102

13 24 0.0473985

14 24 0.0500998

15 24 0.0526034

16 24 0.0548993

17 24 0.0569786

18 24 0.0588331

19 24 0.0604553

20 24 0.061839

21 24 0.0629786

22 24 0.0638696

23 24 0.0645086

24 24 0.064893

25 24 0.0650213

26 24 0.064893

27 24 0.0645086

28 24 0.0638696

29 24 0.0629786

30 24 0.061839

31 24 0.0604553

32 24 0.0588331

33 24 0.0569786

34 24 0.0548993

35 24 0.0526034

36 24 0.0500998

37 24 0.0473985

38 24 0.0445102

39 24 0.0414462

40 24 0.0382186

41 24 0.0348402

42 24 0.0313243

43 24 0.0276847

44 24 0.023936

45 24 0.0200927

46 24 0.0161701

47 24 0.0121838

48 24 0.00814933

49 24 0.00408272

50 24 0

0 25 0

1 25 0.0040908

2 25 0.00816545

3 25 0.0122079

4 25 0.0162021

5 25 0.0201324

6 25 0.0239833

7 25 0.0277395

8 25 0.0313862

9 25 0.0349091

10 25 0.0382941

11 25 0.0415281

12 25 0.0445982

13 25 0.0474922

14 25 0.0501989

15 25 0.0527074

16 25 0.0550079

17 25 0.0570913

18 25 0.0589494

19 25 0.0605748

20 25 0.0619612

21 25 0.0631031

22 25 0.0639959

23 25 0.0646362

24 25 0.0650213

25 25 0.0651499

26 25 0.0650213

27 25 0.0646362

28 25 0.0639959

29 25 0.0631031

30 25 0.0619612

31 25 0.0605748

32 25 0.0589494

33 25 0.0570913

34 25 0.0550079

35 25 0.0527074

36 25 0.0501989

37 25 0.0474922

38 25 0.0445982

39 25 0.0415281

40 25 0.0382941

41 25 0.0349091

42 25 0.0313862

43 25 0.0277395

44 25 0.0239833

45 25 0.0201324

46 25 0.0162021

47 25 0.0122079

48 25 0.00816545

49 25 0.0040908

50 25 0

0 26 0

1 26 0.00408272

2 26 0.00814933

3 26 0.0121838

4 26 0.0161701

5 26 0.0200927

6 26 0.023936

7 26 0.0276847

8 26 0.0313243

9 26 0.0348402

10 26 0.0382186

11 26 0.0414462

12 26 0.0445102

13 26 0.0473985

14 26 0.0500998

15 26 0.0526034

16 26 0.0548993

17 26 0.0569786

18 26 0.0588331

19 26 0.0604553

20 26 0.061839

21 26 0.0629786

22 26 0.0638696

23 26 0.0645086

24 26 0.064893

25 26 0.0650213

26 26 0.064893

27 26 0.0645086

28 26 0.0638696

29 26 0.0629786

30 26 0.061839

31 26 0.0604553

32 26 0.0588331

33 26 0.0569786

34 26 0.0548993

35 26 0.0526034

36 26 0.0500998

37 26 0.0473985

38 26 0.0445102

39 26 0.0414462

40 26 0.0382186

41 26 0.0348402

42 26 0.0313243

43 26 0.0276847

44 26 0.023936

45 26 0.0200927

46 26 0.0161701

47 26 0.0121838

48 26 0.00814933

49 26 0.00408272

50 26 0

0 27 0

1 27 0.00405854

2 27 0.00810106

3 27 0.0121116

4 27 0.0160744

5 27 0.0199737

6 27 0.0237942

7 27 0.0275207

8 27 0.0311387

9 27 0.0346338

10 27 0.0379922

11 27 0.0412006

12 27 0.0442465

13 27 0.0471177

14 27 0.049803

15 27 0.0522918

16 27 0.0545741

17 27 0.0566411

18 27 0.0584846

19 27 0.0600972

20 27 0.0614727

21 27 0.0626055

22 27 0.0634913

23 27 0.0641265

24 27 0.0645086

25 27 0.0646362

26 27 0.0645086

27 27 0.0641265

28 27 0.0634913

29 27 0.0626055

30 27 0.0614727

31 27 0.0600972

32 27 0.0584846

33 27 0.0566411

34 27 0.0545741

35 27 0.0522918

36 27 0.049803

37 27 0.0471177

38 27 0.0442465

39 27 0.0412006

40 27 0.0379922

41 27 0.0346338

42 27 0.0311387

43 27 0.0275207

44 27 0.0237942

45 27 0.0199737

46 27 0.0160744

47 27 0.0121116

48 27 0.00810106

49 27 0.00405854

50 27 0

0 28 0

1 28 0.00401834

2 28 0.00802081

3 28 0.0119916

4 28 0.0159151

5 28 0.0197758

6 28 0.0235585

7 28 0.0272481

8 28 0.0308303

9 28 0.0342907

10 28 0.0376159

11 28 0.0407925

12 28 0.0438082

13 28 0.046651

14 28 0.0493097

15 28 0.0517738

16 28 0.0540335

17 28 0.05608

18 28 0.0579052

19 28 0.0595019

20 28 0.0608637

21 28 0.0619854

22 28 0.0628624

23 28 0.0634913

24 28 0.0638696

25 28 0.0639959

26 28 0.0638696

27 28 0.0634913

28 28 0.0628624

29 28 0.0619854

30 28 0.0608637

31 28 0.0595019

32 28 0.0579052

33 28 0.05608

34 28 0.0540335

35 28 0.0517738

36 28 0.0493097

37 28 0.046651

38 28 0.0438082

39 28 0.0407925

40 28 0.0376159

41 28 0.0342907

42 28 0.0308303

43 28 0.0272481

44 28 0.0235585

45 28 0.0197758

46 28 0.0159151

47 28 0.0119916

48 28 0.00802081

49 28 0.00401834

50 28 0

0 29 0

1 29 0.00396228

2 29 0.00790891

3 29 0.0118243

4 29 0.0156931

5 29 0.0194999

6 29 0.0232298

7 29 0.026868

8 29 0.0304001

9 29 0.0338123

10 29 0.0370911

11 29 0.0402234

12 29 0.043197

13 29 0.0460002

14 29 0.0486218

15 29 0.0510515

16 29 0.0532797

17 29 0.0552977

18 29 0.0570974

19 29 0.0586718

20 29 0.0600146

21 29 0.0611206

22 29 0.0619854

23 29 0.0626055

24 29 0.0629786

25 29 0.0631031

26 29 0.0629786

27 29 0.0626055

28 29 0.0619854

29 29 0.0611206

30 29 0.0600146

31 29 0.0586718

32 29 0.0570974

33 29 0.0552977

34 29 0.0532797

35 29 0.0510515

36 29 0.0486218

37 29 0.0460002

38 29 0.043197

39 29 0.0402234

40 29 0.0370911

41 29 0.0338123

42 29 0.0304001

43 29 0.026868

44 29 0.0232298

45 29 0.0194999

46 29 0.0156931

47 29 0.0118243

48 29 0.00790891

49 29 0.00396228

50 29 0

0 30 0

1 30 0.00389058

2 30 0.0077658

3 30 0.0116104

4 30 0.0154091

5 30 0.0191471

6 30 0.0228095

7 30 0.0263818

8 30 0.0298501

9 30 0.0332005

10 30 0.0364199

11 30 0.0394956

12 30 0.0424154

13 30 0.0451678

14 30 0.047742

15 30 0.0501277

16 30 0.0523156

17 30 0.054297

18 30 0.0560642

19 30 0.0576101

20 30 0.0589286

21 30 0.0600146

22 30 0.0608637

23 30 0.0614727

24 30 0.061839

25 30 0.0619612

26 30 0.061839

27 30 0.0614727

28 30 0.0608637

29 30 0.0600146

30 30 0.0589286

31 30 0.0576101

32 30 0.0560642

33 30 0.054297

34 30 0.0523156

35 30 0.0501277

36 30 0.047742

37 30 0.0451678

38 30 0.0424154

39 30 0.0394956

40 30 0.0364199

41 30 0.0332005

42 30 0.0298501

43 30 0.0263818

44 30 0.0228095

45 30 0.0191471

46 30 0.0154091

47 30 0.0116104

48 30 0.0077658

49 30 0.00389058

50 30 0

0 31 0

1 31 0.00380353

2 31 0.00759204

3 31 0.0113506

4 31 0.0150644

5 31 0.0187187

6 31 0.0222991

7 31 0.0257915

8 31 0.0291822

9 31 0.0324576

10 31 0.035605

11 31 0.0386119

12 31 0.0414663

13 31 0.0441572

14 31 0.0466737

15 31 0.0490061

16 31 0.051145

17 31 0.0530821

18 31 0.0548098

19 31 0.0563211

20 31 0.0576101

21 31 0.0586718

22 31 0.0595019

23 31 0.0600972

24 31 0.0604553

25 31 0.0605748

26 31 0.0604553

27 31 0.0600972

28 31 0.0595019

29 31 0.0586718

30 31 0.0576101

31 31 0.0563211

32 31 0.0548098

33 31 0.0530821

34 31 0.051145

35 31 0.0490061

36 31 0.0466737

37 31 0.0441572

38 31 0.0414663

39 31 0.0386119

40 31 0.035605

41 31 0.0324576

42 31 0.0291822

43 31 0.0257915

44 31 0.0222991

45 31 0.0187187

46 31 0.0150644

47 31 0.0113506

48 31 0.00759204

49 31 0.00380353

50 31 0

0 32 0

1 32 0.00370146

2 32 0.00738832

3 32 0.011046

4 32 0.0146601

5 32 0.0182164

6 32 0.0217007

7 32 0.0250994

8 32 0.0283991

9 32 0.0315867

10 32 0.0346496

11 32 0.0375758

12 32 0.0403536

13 32 0.0429723

14 32 0.0454213

15 32 0.0476911

16 32 0.0497726

17 32 0.0516577

18 32 0.053339

19 32 0.0548098

20 32 0.0560642

21 32 0.0570974

22 32 0.0579052

23 32 0.0584846

24 32 0.0588331

25 32 0.0589494

26 32 0.0588331

27 32 0.0584846

28 32 0.0579052

29 32 0.0570974

30 32 0.0560642

31 32 0.0548098

32 32 0.053339

33 32 0.0516577

34 32 0.0497726

35 32 0.0476911

36 32 0.0454213

37 32 0.0429723

38 32 0.0403536

39 32 0.0375758

40 32 0.0346496

41 32 0.0315867

42 32 0.0283991

43 32 0.0250994

44 32 0.0217007

45 32 0.0182164

46 32 0.0146601

47 32 0.011046

48 32 0.00738832

49 32 0.00370146

50 32 0

0 33 0

1 33 0.00358479

2 33 0.00715544

3 33 0.0106978

4 33 0.014198

5 33 0.0176422

6 33 0.0210167

7 33 0.0243083

8 33 0.0275039

9 33 0.030591

10 33 0.0335574

11 33 0.0363914

12 33 0.0390817

13 33 0.0416178

14 33 0.0439896

15 33 0.0461878

16 33 0.0482038

17 33 0.0500295

18 33 0.0516577

19 33 0.0530821

20 33 0.054297

21 33 0.0552977

22 33 0.05608

23 33 0.0566411

24 33 0.0569786

25 33 0.0570913

26 33 0.0569786

27 33 0.0566411

28 33 0.05608

29 33 0.0552977

30 33 0.054297

31 33 0.0530821

32 33 0.0516577

33 33 0.0500295

34 33 0.0482038

35 33 0.0461878

36 33 0.0439896

37 33 0.0416178

38 33 0.0390817

39 33 0.0363914

40 33 0.0335574

41 33 0.030591

42 33 0.0275039

43 33 0.0243083

44 33 0.0210167

45 33 0.0176422

46 33 0.014198

47 33 0.0106978

48 33 0.00715544

49 33 0.00358479

50 33 0

0 34 0

1 34 0.00345397

2 34 0.00689432

3 34 0.0103074

4 34 0.0136799

5 34 0.0169984

6 34 0.0202497

7 34 0.0234212

8 34 0.0265002

9 34 0.0294747

10 34 0.0323328

11 34 0.0350633

12 34 0.0376555

13 34 0.040099

14 34 0.0423843

15 34 0.0445023

16 34 0.0464447

17 34 0.0482038

18 34 0.0497726

19 34 0.051145

20 34 0.0523156

21 34 0.0532797

22 34 0.0540335

23 34 0.0545741

24 34 0.0548993

25 34 0.0550079

26 34 0.0548993

27 34 0.0545741

28 34 0.0540335

29 34 0.0532797

30 34 0.0523156

31 34 0.051145

32 34 0.0497726

33 34 0.0482038

34 34 0.0464447

35 34 0.0445023

36 34 0.0423843

37 34 0.040099

38 34 0.0376555

39 34 0.0350633

40 34 0.0323328

41 34 0.0294747

42 34 0.0265002

43 34 0.0234212

44 34 0.0202497

45 34 0.0169984

46 34 0.0136799

47 34 0.0103074

48 34 0.00689432

49 34 0.00345397

50 34 0

0 35 0

1 35 0.00330952

2 35 0.00660599

3 35 0.00987638

4 35 0.0131078

5 35 0.0162875

6 35 0.0194029

7 35 0.0224417

8 35 0.025392

9 35 0.028242

10 35 0.0309806

11 35 0.0335969

12 35 0.0360807

13 35 0.038422

14 35 0.0406117

15 35 0.0426412

16 35 0.0445023

17 35 0.0461878

18 35 0.0476911

19 35 0.0490061

20 35 0.0501277

21 35 0.0510515

22 35 0.0517738

23 35 0.0522918

24 35 0.0526034

25 35 0.0527074

26 35 0.0526034

27 35 0.0522918

28 35 0.0517738

29 35 0.0510515

30 35 0.0501277

31 35 0.0490061

32 35 0.0476911

33 35 0.0461878

34 35 0.0445023

35 35 0.0426412

36 35 0.0406117

37 35 0.038422

38 35 0.0360807

39 35 0.0335969

40 35 0.0309806

41 35 0.028242

42 35 0.025392

43 35 0.0224417

44 35 0.0194029

45 35 0.0162875

46 35 0.0131078

47 35 0.00987638

48 35 0.00660599

49 35 0.00330952

50 35 0

0 36 0

1 36 0.00315201

2 36 0.00629159

3 36 0.00940633

4 36 0.0124839

5 36 0.0155123

6 36 0.0184794

7 36 0.0213736

8 36 0.0241835

9 36 0.0268979

10 36 0.0295061

11 36 0.031998

12 36 0.0343635

13 36 0.0365934

14 36 0.0386789

15 36 0.0406117

16 36 0.0423843

17 36 0.0439896

18 36 0.0454213

19 36 0.0466737

20 36 0.047742

21 36 0.0486218

22 36 0.0493097

23 36 0.049803

24 36 0.0500998

25 36 0.0501989

26 36 0.0500998

27 36 0.049803

28 36 0.0493097

29 36 0.0486218

30 36 0.047742

31 36 0.0466737

32 36 0.0454213

33 36 0.0439896

34 36 0.0423843

35 36 0.0406117

36 36 0.0386789

37 36 0.0365934

38 36 0.0343635

39 36 0.031998

40 36 0.0295061

41 36 0.0268979

42 36 0.0241835

43 36 0.0213736

44 36 0.0184794

45 36 0.0155123

46 36 0.0124839

47 36 0.00940633

48 36 0.00629159

49 36 0.00315201

50 36 0

0 37 0

1 37 0.00298206

2 37 0.00595235

3 37 0.00889916

4 37 0.0118108

5 37 0.0146759

6 37 0.0174831

7 37 0.0202212

8 37 0.0228796

9 37 0.0254476

10 37 0.0279152

11 37 0.0302727

12 37 0.0325107

13 37 0.0346203

14 37 0.0365934

15 37 0.038422

16 37 0.040099

17 37 0.0416178

18 37 0.0429723

19 37 0.0441572

20 37 0.0451678

21 37 0.0460002

22 37 0.046651

23 37 0.0471177

24 37 0.0473985

25 37 0.0474922

26 37 0.0473985

27 37 0.0471177

28 37 0.046651

29 37 0.0460002

30 37 0.0451678

31 37 0.0441572

32 37 0.0429723

33 37 0.0416178

34 37 0.040099

35 37 0.038422

36 37 0.0365934

37 37 0.0346203

38 37 0.0325107

39 37 0.0302727

40 37 0.0279152

41 37 0.0254476

42 37 0.0228796

43 37 0.0202212

44 37 0.0174831

45 37 0.0146759

46 37 0.0118108

47 37 0.00889916

48 37 0.00595235

49 37 0.00298206

50 37 0

0 38 0

1 38 0.00280034

2 38 0.00558963

3 38 0.00835686

4 38 0.0110911

5 38 0.0137816

6 38 0.0164177

7 38 0.018989

8 38 0.0214853

9 38 0.0238969

10 38 0.0262141

11 38 0.0284279

12 38 0.0305296

13 38 0.0325107

14 38 0.0343635

15 38 0.0360807

16 38 0.0376555

17 38 0.0390817

18 38 0.0403536

19 38 0.0414663

20 38 0.0424154

21 38 0.043197

22 38 0.0438082

23 38 0.0442465

24 38 0.0445102

25 38 0.0445982

26 38 0.0445102

27 38 0.0442465

28 38 0.0438082

29 38 0.043197

30 38 0.0424154

31 38 0.0414663

32 38 0.0403536

33 38 0.0390817

34 38 0.0376555

35 38 0.0360807

36 38 0.0343635

37 38 0.0325107

38 38 0.0305296

39 38 0.0284279

40 38 0.0262141

41 38 0.0238969

42 38 0.0214853

43 38 0.018989

44 38 0.0164177

45 38 0.0137816

46 38 0.0110911

47 38 0.00835686

48 38 0.00558963

49 38 0.00280034

50 38 0

0 39 0

1 39 0.00260757

2 39 0.00520485

3 39 0.00778159

4 39 0.0103276

5 39 0.0128329

6 39 0.0152875

7 39 0.0176818

8 39 0.0200063

9 39 0.0222519

10 39 0.0244096

11 39 0.026471

12 39 0.0284279

13 39 0.0302727

14 39 0.031998

15 39 0.0335969

16 39 0.0350633

17 39 0.0363914

18 39 0.0375758

19 39 0.0386119

20 39 0.0394956

21 39 0.0402234

22 39 0.0407925

23 39 0.0412006

24 39 0.0414462

25 39 0.0415281

26 39 0.0414462

27 39 0.0412006

28 39 0.0407925

29 39 0.0402234

30 39 0.0394956

31 39 0.0386119

32 39 0.0375758

33 39 0.0363914

34 39 0.0350633

35 39 0.0335969

36 39 0.031998

37 39 0.0302727

38 39 0.0284279

39 39 0.026471

40 39 0.0244096

41 39 0.0222519

42 39 0.0200063

43 39 0.0176818

44 39 0.0152875

45 39 0.0128329

46 39 0.0103276

47 39 0.00778159

48 39 0.00520485

49 39 0.00260757

50 39 0

0 40 0

1 40 0.00240451

2 40 0.00479953

3 40 0.00717561

4 40 0.00952337

5 40 0.0118335

6 40 0.014097

7 40 0.0163049

8 40 0.0184483

9 40 0.020519

10 40 0.0225087

11 40 0.0244096

12 40 0.0262141

13 40 0.0279152

14 40 0.0295061

15 40 0.0309806

16 40 0.0323328

17 40 0.0335574

18 40 0.0346496

19 40 0.035605

20 40 0.0364199

21 40 0.0370911

22 40 0.0376159

23 40 0.0379922

24 40 0.0382186

25 40 0.0382941

26 40 0.0382186

27 40 0.0379922

28 40 0.0376159

29 40 0.0370911

30 40 0.0364199

31 40 0.035605

32 40 0.0346496

33 40 0.0335574

34 40 0.0323328

35 40 0.0309806

36 40 0.0295061

37 40 0.0279152

38 40 0.0262141

39 40 0.0244096

40 40 0.0225087

41 40 0.020519

42 40 0.0184483

43 40 0.0163049

44 40 0.014097

45 40 0.0118335

46 40 0.00952337

47 40 0.00717561

48 40 0.00479953

49 40 0.00240451

50 40 0

0 41 0

1 41 0.00219196

2 41 0.00437527

3 41 0.00654131

4 41 0.00868153

5 41 0.0107875

6 41 0.0128509

7 41 0.0148636

8 41 0.0168176

9 41 0.0187052

10 41 0.020519

11 41 0.0222519

12 41 0.0238969

13 41 0.0254476

14 41 0.0268979

15 41 0.028242

16 41 0.0294747

17 41 0.030591

18 41 0.0315867

19 41 0.0324576

20 41 0.0332005

21 41 0.0338123

22 41 0.0342907

23 41 0.0346338

24 41 0.0348402

25 41 0.0349091

26 41 0.0348402

27 41 0.0346338

28 41 0.0342907

29 41 0.0338123

30 41 0.0332005

31 41 0.0324576

32 41 0.0315867

33 41 0.030591

34 41 0.0294747

35 41 0.028242

36 41 0.0268979

37 41 0.0254476

38 41 0.0238969

39 41 0.0222519

40 41 0.020519

41 41 0.0187052

42 41 0.0168176

43 41 0.0148636

44 41 0.0128509

45 41 0.0107875

46 41 0.00868153

47 41 0.00654131

48 41 0.00437527

49 41 0.00219196

50 41 0

0 42 0

1 42 0.00197076

2 42 0.00393373

3 42 0.00588119

4 42 0.00780543

5 42 0.00969887

6 42 0.011554

7 42 0.0133636

8 42 0.0151204

9 42 0.0168176

10 42 0.0184483

11 42 0.0200063

12 42 0.0214853

13 42 0.0228796

14 42 0.0241835

15 42 0.025392

16 42 0.0265002

17 42 0.0275039

18 42 0.0283991

19 42 0.0291822

20 42 0.0298501

21 42 0.0304001

22 42 0.0308303

23 42 0.0311387

24 42 0.0313243

25 42 0.0313862

26 42 0.0313243

27 42 0.0311387

28 42 0.0308303

29 42 0.0304001

30 42 0.0298501

31 42 0.0291822

32 42 0.0283991

33 42 0.0275039

34 42 0.0265002

35 42 0.025392

36 42 0.0241835

37 42 0.0228796

38 42 0.0214853

39 42 0.0200063

40 42 0.0184483

41 42 0.0168176

42 42 0.0151204

43 42 0.0133636

44 42 0.011554

45 42 0.00969887

46 42 0.00780543

47 42 0.00588119

48 42 0.00393373

49 42 0.00197076

50 42 0

0 43 0

1 43 0.00174178

2 43 0.00347668

3 43 0.00519786

4 43 0.00689853

5 43 0.00857197

6 43 0.0102116

7 43 0.0118109

8 43 0.0133636

9 43 0.0148636

10 43 0.0163049

11 43 0.0176818

12 43 0.018989

13 43 0.0202212

14 43 0.0213736

15 43 0.0224417

16 43 0.0234212

17 43 0.0243083

18 43 0.0250994

19 43 0.0257915

20 43 0.0263818

21 43 0.026868

22 43 0.0272481

23 43 0.0275207

24 43 0.0276847

25 43 0.0277395

26 43 0.0276847

27 43 0.0275207

28 43 0.0272481

29 43 0.026868

30 43 0.0263818

31 43 0.0257915

32 43 0.0250994

33 43 0.0243083

34 43 0.0234212

35 43 0.0224417

36 43 0.0213736

37 43 0.0202212

38 43 0.018989

39 43 0.0176818

40 43 0.0163049

41 43 0.0148636

42 43 0.0133636

43 43 0.0118109

44 43 0.0102116

45 43 0.00857197

46 43 0.00689853

47 43 0.00519786

48 43 0.00347668

49 43 0.00174178

50 43 0

0 44 0

1 44 0.00150592

2 44 0.0030059

3 44 0.00449402

4 44 0.0059644

5 44 0.00741124

6 44 0.00882883

7 44 0.0102116

8 44 0.011554

9 44 0.0128509

10 44 0.014097

11 44 0.0152875

12 44 0.0164177

13 44 0.0174831

14 44 0.0184794

15 44 0.0194029

16 44 0.0202497

17 44 0.0210167

18 44 0.0217007

19 44 0.0222991

20 44 0.0228095

21 44 0.0232298

22 44 0.0235585

23 44 0.0237942

24 44 0.023936

25 44 0.0239833

26 44 0.023936

27 44 0.0237942

28 44 0.0235585

29 44 0.0232298

30 44 0.0228095

31 44 0.0222991

32 44 0.0217007

33 44 0.0210167

34 44 0.0202497

35 44 0.0194029

36 44 0.0184794

37 44 0.0174831

38 44 0.0164177

39 44 0.0152875

40 44 0.014097

41 44 0.0128509

42 44 0.011554

43 44 0.0102116

44 44 0.00882883

45 44 0.00741124

46 44 0.0059644

47 44 0.00449402

48 44 0.0030059

49 44 0.00150592

50 44 0

0 45 0

1 45 0.00126413

2 45 0.00252326

3 45 0.00377244

4 45 0.00500673

5 45 0.00622126

6 45 0.00741124

7 45 0.00857197

8 45 0.00969887

9 45 0.0107875

10 45 0.0118335

11 45 0.0128329

12 45 0.0137816

13 45 0.0146759

14 45 0.0155123

15 45 0.0162875

16 45 0.0169984

17 45 0.0176422

18 45 0.0182164

19 45 0.0187187

20 45 0.0191471

21 45 0.0194999

22 45 0.0197758

23 45 0.0199737

24 45 0.0200927

25 45 0.0201324

26 45 0.0200927

27 45 0.0199737

28 45 0.0197758

29 45 0.0194999

30 45 0.0191471

31 45 0.0187187

32 45 0.0182164

33 45 0.0176422

34 45 0.0169984

35 45 0.0162875

36 45 0.0155123

37 45 0.0146759

38 45 0.0137816

39 45 0.0128329

40 45 0.0118335

41 45 0.0107875

42 45 0.00969887

43 45 0.00857197

44 45 0.00741124

45 45 0.00622126

46 45 0.00500673

47 45 0.00377244

48 45 0.00252326

49 45 0.00126413

50 45 0

0 46 0

1 46 0.00101734

2 46 0.00203066

3 46 0.00303597

4 46 0.0040293

5 46 0.00500673

6 46 0.0059644

7 46 0.00689853

8 46 0.00780543

9 46 0.00868153

10 46 0.00952337

11 46 0.0103276

12 46 0.0110911

13 46 0.0118108

14 46 0.0124839

15 46 0.0131078

16 46 0.0136799

17 46 0.014198

18 46 0.0146601

19 46 0.0150644

20 46 0.0154091

21 46 0.0156931

22 46 0.0159151

23 46 0.0160744

24 46 0.0161701

25 46 0.0162021

26 46 0.0161701

27 46 0.0160744

28 46 0.0159151

29 46 0.0156931

30 46 0.0154091

31 46 0.0150644

32 46 0.0146601

33 46 0.014198

34 46 0.0136799

35 46 0.0131078

36 46 0.0124839

37 46 0.0118108

38 46 0.0110911

39 46 0.0103276

40 46 0.00952337

41 46 0.00868153

42 46 0.00780543

43 46 0.00689853

44 46 0.0059644

45 46 0.00500673

46 46 0.0040293

47 46 0.00303597

48 46 0.00203066

49 46 0.00101734

50 46 0

0 47 0

1 47 0.000766539

2 47 0.00153005

3 47 0.00228753

4 47 0.00303597

5 47 0.00377244

6 47 0.00449402

7 47 0.00519786

8 47 0.00588119

9 47 0.00654131

10 47 0.00717561

11 47 0.00778159

12 47 0.00835686

13 47 0.00889916

14 47 0.00940633

15 47 0.00987638

16 47 0.0103074

17 47 0.0106978

18 47 0.011046

19 47 0.0113506

20 47 0.0116104

21 47 0.0118243

22 47 0.0119916

23 47 0.0121116

24 47 0.0121838

25 47 0.0122079

26 47 0.0121838

27 47 0.0121116

28 47 0.0119916

29 47 0.0118243

30 47 0.0116104

31 47 0.0113506

32 47 0.011046

33 47 0.0106978

34 47 0.0103074

35 47 0.00987638

36 47 0.00940633

37 47 0.00889916

38 47 0.00835686

39 47 0.00778159

40 47 0.00717561

41 47 0.00654131

42 47 0.00588119

43 47 0.00519786

44 47 0.00449402

45 47 0.00377244

46 47 0.00303597

47 47 0.00228753

48 47 0.00153005

49 47 0.000766539

50 47 0

0 48 0

1 48 0.000512713

2 48 0.0010234

3 48 0.00153005

4 48 0.00203066

5 48 0.00252326

6 48 0.0030059

7 48 0.00347668

8 48 0.00393373

9 48 0.00437527

10 48 0.00479953

11 48 0.00520485

12 48 0.00558963

13 48 0.00595235

14 48 0.00629159

15 48 0.00660599

16 48 0.00689432

17 48 0.00715544

18 48 0.00738832

19 48 0.00759204

20 48 0.0077658

21 48 0.00790891

22 48 0.00802081

23 48 0.00810106

24 48 0.00814933

25 48 0.00816545

26 48 0.00814933

27 48 0.00810106

28 48 0.00802081

29 48 0.00790891

30 48 0.0077658

31 48 0.00759204

32 48 0.00738832

33 48 0.00715544

34 48 0.00689432

35 48 0.00660599

36 48 0.00629159

37 48 0.00595235

38 48 0.00558963

