0 1 0

1 1 0.000196404

2 1 0.000392033

3 1 0.000586114

4 1 0.000777883

5 1 0.000966581

6 1 0.00115147

7 1 0.0013318

8 1 0.00150689

9 1 0.00167602

10 1 0.00183855

11 1 0.00199381

12 1 0.00214121

13 1 0.00228016

14 1 0.00241011

15 1 0.00253054

16 1 0.00264099

17 1 0.00274102

18 1 0.00283023

19 1 0.00290827

20 1 0.00297483

21 1 0.00302965

22 1 0.00307252

23 1 0.00310326

24 1 0.00312175

25 1 0.00312792

26 1 0.00312175

27 1 0.00310326

28 1 0.00307252

29 1 0.00302965

30 1 0.00297483

31 1 0.00290827

32 1 0.00283023

33 1 0.00274102

34 1 0.00264099

35 1 0.00253054

36 1 0.00241011

37 1 0.00228016

38 1 0.00214121

39 1 0.00199381

40 1 0.00183855

41 1 0.00167602

42 1 0.00150689

43 1 0.0013318

44 1 0.00115147

45 1 0.000966581

46 1 0.000777883

47 1 0.000586114

48 1 0.000392033

49 1 0.000196404

50 1 0

0 2 0

1 2 0.000392033

2 2 0.000782518

3 2 0.00116992

4 2 0.0015527

5 2 0.00192935

6 2 0.00229839

7 2 0.00265835

8 2 0.00300783

9 2 0.00334543

10 2 0.00366984

11 2 0.00397976

12 2 0.00427397

13 2 0.00455132

14 2 0.0048107

15 2 0.0050511

16 2 0.00527156

17 2 0.00547122

18 2 0.00564929

19 2 0.00580506

20 2 0.00593792

21 2 0.00604735

22 2 0.00613291

23 2 0.00619427

24 2 0.00623118

25 2 0.0062435

26 2 0.00623118

27 2 0.00619427

28 2 0.00613291

29 2 0.00604735

30 2 0.00593792

31 2 0.00580506

32 2 0.00564929

33 2 0.00547122

34 2 0.00527156

35 2 0.0050511

36 2 0.0048107

37 2 0.00455132

38 2 0.00427397

39 2 0.00397976

40 2 0.00366984

41 2 0.00334543

42 2 0.00300783

43 2 0.00265835

44 2 0.00229839

45 2 0.00192935

46 2 0.0015527

47 2 0.00116992

48 2 0.000782518

49 2 0.000392033

50 2 0

0 3 0

1 3 0.000586114

2 3 0.00116992

3 3 0.0017491

4 3 0.00232138

5 3 0.0028845

6 3 0.00343624

7 3 0.00397441

8 3 0.0044969

9 3 0.00500164

10 3 0.00548665

11 3 0.00594999

12 3 0.00638986

13 3 0.00680451

14 3 0.00719231

15 3 0.00755172

16 3 0.00788133

17 3 0.00817983

18 3 0.00844605

19 3 0.00867894

20 3 0.00887758

21 3 0.00904118

22 3 0.0091691

23 3 0.00926083

24 3 0.00931602

25 3 0.00933444

26 3 0.00931602

27 3 0.00926083

28 3 0.0091691

29 3 0.00904118

30 3 0.00887758

31 3 0.00867894

32 3 0.00844605

33 3 0.00817983

34 3 0.00788133

35 3 0.00755172

36 3 0.00719231

37 3 0.00680451

38 3 0.00638986

39 3 0.00594999

40 3 0.00548665

41 3 0.00500164

42 3 0.0044969

43 3 0.00397441

44 3 0.00343624

45 3 0.0028845

46 3 0.00232138

47 3 0.0017491

48 3 0.00116992

49 3 0.000586114

50 3 0

0 4 0

1 4 0.000777883

2 4 0.0015527

3 4 0.00232138

4 4 0.0030809

5 4 0.00382827

6 4 0.00456052

7 4 0.00527478

8 4 0.00596822

9 4 0.00663811

10 4 0.0072818

11 4 0.00789675

12 4 0.00848054

13 4 0.00903085

14 4 0.00954553

15 4 0.0100225

16 4 0.01046

17 4 0.0108562

18 4 0.0112095

19 4 0.0115186

20 4 0.0117822

21 4 0.0119993

22 4 0.0121691

23 4 0.0122908

24 4 0.0123641

25 4 0.0123885

26 4 0.0123641

27 4 0.0122908

28 4 0.0121691

29 4 0.0119993

30 4 0.0117822

31 4 0.0115186

32 4 0.0112095

33 4 0.0108562

34 4 0.01046

35 4 0.0100225

36 4 0.00954553

37 4 0.00903085

38 4 0.00848054

39 4 0.00789675

40 4 0.0072818

41 4 0.00663811

42 4 0.00596822

43 4 0.00527478

44 4 0.00456052

45 4 0.00382827

46 4 0.0030809

47 4 0.00232138

48 4 0.0015527

49 4 0.000777883

50 4 0

0 5 0

1 5 0.000966581

2 5 0.00192935

3 5 0.0028845

4 5 0.00382827

5 5 0.00475693

6 5 0.00566682

7 5 0.00655434

8 5 0.00741599

9 5 0.00824838

10 5 0.00904822

11 5 0.00981234

12 5 0.0105377

13 5 0.0112216

14 5 0.0118611

15 5 0.0124538

16 5 0.0129974

17 5 0.0134896

18 5 0.0139287

19 5 0.0143127

20 5 0.0146403

21 5 0.0149101

22 5 0.0151211

23 5 0.0152724

24 5 0.0153634

25 5 0.0153937

26 5 0.0153634

27 5 0.0152724

28 5 0.0151211

29 5 0.0149101

30 5 0.0146403

31 5 0.0143127

32 5 0.0139287

33 5 0.0134896

34 5 0.0129974

35 5 0.0124538

36 5 0.0118611

37 5 0.0112216

38 5 0.0105377

39 5 0.00981234

40 5 0.00904822

41 5 0.00824838

42 5 0.00741599

43 5 0.00655434

44 5 0.00566682

45 5 0.00475693

46 5 0.00382827

47 5 0.0028845

48 5 0.00192935

49 5 0.000966581

50 5 0

0 6 0

1 6 0.00115147

2 6 0.00229839

3 6 0.00343624

4 6 0.00456052

5 6 0.00566682

6 6 0.00675074

7 6 0.00780803

8 6 0.00883449

9 6 0.0098261

10 6 0.0107789

11 6 0.0116892

12 6 0.0125534

13 6 0.013368

14 6 0.0141298

15 6 0.0148359

16 6 0.0154835

17 6 0.0160699

18 6 0.0165929

19 6 0.0170504

20 6 0.0174407

21 6 0.0177621

22 6 0.0180134

23 6 0.0181936

24 6 0.018302

25 6 0.0183382

26 6 0.018302

27 6 0.0181936

28 6 0.0180134

29 6 0.0177621

30 6 0.0174407

31 6 0.0170504

32 6 0.0165929

33 6 0.0160699

34 6 0.0154835

35 6 0.0148359

36 6 0.0141298

37 6 0.013368

38 6 0.0125534

39 6 0.0116892

40 6 0.0107789

41 6 0.0098261

42 6 0.00883449

43 6 0.00780803

44 6 0.00675074

45 6 0.00566682

46 6 0.00456052

47 6 0.00343624

48 6 0.00229839

49 6 0.00115147

50 6 0

0 7 0

1 7 0.0013318

2 7 0.00265835

3 7 0.00397441

4 7 0.00527478

5 7 0.00655434

6 7 0.00780803

7 7 0.0090309

8 7 0.0102181

9 7 0.011365

10 7 0.0124671

11 7 0.0135199

12 7 0.0145194

13 7 0.0154616

14 7 0.0163428

15 7 0.0171595

16 7 0.0179084

17 7 0.0185867

18 7 0.0191916

19 7 0.0197208

20 7 0.0201722

21 7 0.0205439

22 7 0.0208346

23 7 0.021043

24 7 0.0211684

25 7 0.0212103

26 7 0.0211684

27 7 0.021043

28 7 0.0208346

29 7 0.0205439

30 7 0.0201722

31 7 0.0197208

32 7 0.0191916

33 7 0.0185867

34 7 0.0179084

35 7 0.0171595

36 7 0.0163428

37 7 0.0154616

38 7 0.0145194

39 7 0.0135199

40 7 0.0124671

41 7 0.011365

42 7 0.0102181

43 7 0.0090309

44 7 0.00780803

45 7 0.00655434

46 7 0.00527478

47 7 0.00397441

48 7 0.00265835

49 7 0.0013318

50 7 0

0 8 0

1 8 0.00150689

2 8 0.00300783

3 8 0.0044969

4 8 0.00596822

5 8 0.00741599

6 8 0.00883449

7 8 0.0102181

8 8 0.0115614

9 8 0.0128591

10 8 0.0141061

11 8 0.0152973

12 8 0.0164282

13 8 0.0174943

14 8 0.0184913

15 8 0.0194153

16 8 0.0202627

17 8 0.0210302

18 8 0.0217146

19 8 0.0223134

20 8 0.0228241

21 8 0.0232447

22 8 0.0235736

23 8 0.0238094

24 8 0.0239513

25 8 0.0239987

26 8 0.0239513

27 8 0.0238094

28 8 0.0235736

29 8 0.0232447

30 8 0.0228241

31 8 0.0223134

32 8 0.0217146

33 8 0.0210302

34 8 0.0202627

35 8 0.0194153

36 8 0.0184913

37 8 0.0174943

38 8 0.0164282

39 8 0.0152973

40 8 0.0141061

41 8 0.0128591

42 8 0.0115614

43 8 0.0102181

44 8 0.00883449

45 8 0.00741599

46 8 0.00596822

47 8 0.0044969

48 8 0.00300783

49 8 0.00150689

50 8 0

0 9 0

1 9 0.00167602

2 9 0.00334543

3 9 0.00500164

4 9 0.00663811

5 9 0.00824838

6 9 0.0098261

7 9 0.011365

8 9 0.0128591

9 9 0.0143025

10 9 0.0156894

11 9 0.0170143

12 9 0.0182722

13 9 0.0194579

14 9 0.0205668

15 9 0.0215945

16 9 0.0225371

17 9 0.0233907

18 9 0.0241519

19 9 0.0248179

20 9 0.0253859

21 9 0.0258537

22 9 0.0262195

23 9 0.0264818

24 9 0.0266396

25 9 0.0266923

26 9 0.0266396

27 9 0.0264818

28 9 0.0262195

29 9 0.0258537

30 9 0.0253859

31 9 0.0248179

32 9 0.0241519

33 9 0.0233907

34 9 0.0225371

35 9 0.0215945

36 9 0.0205668

37 9 0.0194579

38 9 0.0182722

39 9 0.0170143

40 9 0.0156894

41 9 0.0143025

42 9 0.0128591

43 9 0.011365

44 9 0.0098261

45 9 0.00824838

46 9 0.00663811

47 9 0.00500164

48 9 0.00334543

49 9 0.00167602

50 9 0

0 10 0

1 10 0.00183855

2 10 0.00366984

3 10 0.00548665

4 10 0.0072818

5 10 0.00904822

6 10 0.0107789

7 10 0.0124671

8 10 0.0141061

9 10 0.0156894

10 10 0.0172107

11 10 0.0186642

12 10 0.020044

13 10 0.0213447

14 10 0.0225611

15 10 0.0236885

16 10 0.0247225

17 10 0.0256588

18 10 0.0264939

19 10 0.0272245

20 10 0.0278475

21 10 0.0283607

22 10 0.028762

23 10 0.0290498

24 10 0.0292229

25 10 0.0292806

26 10 0.0292229

27 10 0.0290498

28 10 0.028762

29 10 0.0283607

30 10 0.0278475

31 10 0.0272245

32 10 0.0264939

33 10 0.0256588

34 10 0.0247225

35 10 0.0236885

36 10 0.0225611

37 10 0.0213447

38 10 0.020044

39 10 0.0186642

40 10 0.0172107

41 10 0.0156894

42 10 0.0141061

43 10 0.0124671

44 10 0.0107789

45 10 0.00904822

46 10 0.0072818

47 10 0.00548665

48 10 0.00366984

49 10 0.00183855

50 10 0

0 11 0

1 11 0.00199381

2 11 0.00397976

3 11 0.00594999

4 11 0.00789675

5 11 0.00981234

6 11 0.0116892

7 11 0.0135199

8 11 0.0152973

9 11 0.0170143

10 11 0.0186642

11 11 0.0202404

12 11 0.0217367

13 11 0.0231472

14 11 0.0244664

15 11 0.025689

16 11 0.0268103

17 11 0.0278257

18 11 0.0287313

19 11 0.0295236

20 11 0.0301993

21 11 0.0307558

22 11 0.031191

23 11 0.031503

24 11 0.0316907

25 11 0.0317534

26 11 0.0316907

27 11 0.031503

28 11 0.031191

29 11 0.0307558

30 11 0.0301993

31 11 0.0295236

32 11 0.0287313

33 11 0.0278257

34 11 0.0268103

35 11 0.025689

36 11 0.0244664

37 11 0.0231472

38 11 0.0217367

39 11 0.0202404

40 11 0.0186642

41 11 0.0170143

42 11 0.0152973

43 11 0.0135199

44 11 0.0116892

45 11 0.00981234

46 11 0.00789675

47 11 0.00594999

48 11 0.00397976

49 11 0.00199381

50 11 0

0 12 0

1 12 0.00214121

2 12 0.00427397

3 12 0.00638986

4 12 0.00848054

5 12 0.0105377

6 12 0.0125534

7 12 0.0145194

8 12 0.0164282

9 12 0.0182722

10 12 0.020044

11 12 0.0217367

12 12 0.0233436

13 12 0.0248585

14 12 0.0262752

15 12 0.0275882

16 12 0.0287923

17 12 0.0298828

18 12 0.0308554

19 12 0.0317062

20 12 0.0324318

21 12 0.0330295

22 12 0.0334968

23 12 0.033832

24 12 0.0340336

25 12 0.0341009

26 12 0.0340336

27 12 0.033832

28 12 0.0334968

29 12 0.0330295

30 12 0.0324318

31 12 0.0317062

32 12 0.0308554

33 12 0.0298828

34 12 0.0287923

35 12 0.0275882

36 12 0.0262752

37 12 0.0248585

38 12 0.0233436

39 12 0.0217367

40 12 0.020044

41 12 0.0182722

42 12 0.0164282

43 12 0.0145194

44 12 0.0125534

45 12 0.0105377

46 12 0.00848054

47 12 0.00638986

48 12 0.00427397

49 12 0.00214121

50 12 0

0 13 0

1 13 0.00228016

2 13 0.00455132

3 13 0.00680451

4 13 0.00903085

5 13 0.0112216

6 13 0.013368

7 13 0.0154616

8 13 0.0174943

9 13 0.0194579

10 13 0.0213447

11 13 0.0231472

12 13 0.0248585

13 13 0.0264716

14 13 0.0279802

15 13 0.0293784

16 13 0.0306607

17 13 0.031822

18 13 0.0328576

19 13 0.0337636

20 13 0.0345364

21 13 0.0351729

22 13 0.0356705

23 13 0.0360274

24 13 0.0362421

25 13 0.0363137

26 13 0.0362421

27 13 0.0360274

28 13 0.0356705

29 13 0.0351729

30 13 0.0345364

31 13 0.0337636

32 13 0.0328576

33 13 0.031822

34 13 0.0306607

35 13 0.0293784

36 13 0.0279802

37 13 0.0264716

38 13 0.0248585

39 13 0.0231472

40 13 0.0213447

41 13 0.0194579

42 13 0.0174943

43 13 0.0154616

44 13 0.013368

45 13 0.0112216

46 13 0.00903085

47 13 0.00680451

48 13 0.00455132

49 13 0.00228016

50 13 0

0 14 0

1 14 0.00241011

2 14 0.0048107

3 14 0.00719231

4 14 0.00954553

5 14 0.0118611

6 14 0.0141298

7 14 0.0163428

8 14 0.0184913

9 14 0.0205668

10 14 0.0225611

11 14 0.0244664

12 14 0.0262752

13 14 0.0279802

14 14 0.0295748

15 14 0.0310527

16 14 0.0324081

17 14 0.0336355

18 14 0.0347302

19 14 0.0356879

20 14 0.0365047

21 14 0.0371774

22 14 0.0377034

23 14 0.0380806

24 14 0.0383075

25 14 0.0383833

26 14 0.0383075

27 14 0.0380806

28 14 0.0377034

29 14 0.0371774

30 14 0.0365047

31 14 0.0356879

32 14 0.0347302

33 14 0.0336355

34 14 0.0324081

35 14 0.0310527

36 14 0.0295748

37 14 0.0279802

38 14 0.0262752

39 14 0.0244664

40 14 0.0225611

41 14 0.0205668

42 14 0.0184913

43 14 0.0163428

44 14 0.0141298

45 14 0.0118611

46 14 0.00954553

47 14 0.00719231

48 14 0.0048107

49 14 0.00241011

50 14 0

0 15 0

1 15 0.00253054

2 15 0.0050511

3 15 0.00755172

4 15 0.0100225

5 15 0.0124538

6 15 0.0148359

7 15 0.0171595

8 15 0.0194153

9 15 0.0215945

10 15 0.0236885

11 15 0.025689

12 15 0.0275882

13 15 0.0293784

14 15 0.0310527

15 15 0.0326045

16 15 0.0340276

17 15 0.0353163

18 15 0.0364657

19 15 0.0374712

20 15 0.0383289

21 15 0.0390352

22 15 0.0395875

23 15 0.0399836

24 15 0.0402218

25 15 0.0403013

26 15 0.0402218

27 15 0.0399836

28 15 0.0395875

29 15 0.0390352

30 15 0.0383289

31 15 0.0374712

32 15 0.0364657

33 15 0.0353163

34 15 0.0340276

35 15 0.0326045

36 15 0.0310527

37 15 0.0293784

38 15 0.0275882

39 15 0.025689

40 15 0.0236885

41 15 0.0215945

42 15 0.0194153

43 15 0.0171595

44 15 0.0148359

45 15 0.0124538

46 15 0.0100225

47 15 0.00755172

48 15 0.0050511

49 15 0.00253054

50 15 0

0 16 0

1 16 0.00264099

2 16 0.00527156

3 16 0.00788133

4 16 0.01046

5 16 0.0129974

6 16 0.0154835

7 16 0.0179084

8 16 0.0202627

9 16 0.0225371

10 16 0.0247225

11 16 0.0268103

12 16 0.0287923

13 16 0.0306607

14 16 0.0324081

15 16 0.0340276

16 16 0.0355127

17 16 0.0368578

18 16 0.0380574

19 16 0.0391067

20 16 0.0400018

21 16 0.040739

22 16 0.0413154

23 16 0.0417287

24 16 0.0419774

25 16 0.0420604

26 16 0.0419774

27 16 0.0417287

28 16 0.0413154

29 16 0.040739

30 16 0.0400018

31 16 0.0391067

32 16 0.0380574

33 16 0.0368578

34 16 0.0355127

35 16 0.0340276

36 16 0.0324081

37 16 0.0306607

38 16 0.0287923

39 16 0.0268103

40 16 0.0247225

41 16 0.0225371

42 16 0.0202627

43 16 0.0179084

44 16 0.0154835

45 16 0.0129974

46 16 0.01046

47 16 0.00788133

48 16 0.00527156

49 16 0.00264099

50 16 0

0 17 0

1 17 0.00274102

2 17 0.00547122

3 17 0.00817983

4 17 0.0108562

5 17 0.0134896

6 17 0.0160699

7 17 0.0185867

8 17 0.0210302

9 17 0.0233907

10 17 0.0256588

11 17 0.0278257

12 17 0.0298828

13 17 0.031822

14 17 0.0336355

15 17 0.0353163

16 17 0.0368578

17 17 0.0382538

18 17 0.0394988

19 17 0.0405879

20 17 0.0415168

21 17 0.0422819

22 17 0.0428802

23 17 0.0433092

24 17 0.0435673

25 17 0.0436534

26 17 0.0435673

27 17 0.0433092

28 17 0.0428802

29 17 0.0422819

30 17 0.0415168

31 17 0.0405879

32 17 0.0394988

33 17 0.0382538

34 17 0.0368578

35 17 0.0353163

36 17 0.0336355

37 17 0.031822

38 17 0.0298828

39 17 0.0278257

40 17 0.0256588

41 17 0.0233907

42 17 0.0210302

43 17 0.0185867

44 17 0.0160699

45 17 0.0134896

46 17 0.0108562

47 17 0.00817983

48 17 0.00547122

49 17 0.00274102

50 17 0

0 18 0

1 18 0.00283023

2 18 0.00564929

3 18 0.00844605

4 18 0.0112095

5 18 0.0139287

6 18 0.0165929

7 18 0.0191916

8 18 0.0217146

9 18 0.0241519

10 18 0.0264939

11 18 0.0287313

12 18 0.0308554

13 18 0.0328576

14 18 0.0347302

15 18 0.0364657

16 18 0.0380574

17 18 0.0394988

18 18 0.0407843

19 18 0.0419089

20 18 0.0428681

21 18 0.0436581

22 18 0.0442758

23 18 0.0447187

24 18 0.0449852

25 18 0.0450741

26 18 0.0449852

27 18 0.0447187

28 18 0.0442758

29 18 0.0436581

30 18 0.0428681

31 18 0.0419089

32 18 0.0407843

33 18 0.0394988

34 18 0.0380574

35 18 0.0364657

36 18 0.0347302

37 18 0.0328576

38 18 0.0308554

39 18 0.0287313

40 18 0.0264939

41 18 0.0241519

42 18 0.0217146

43 18 0.0191916

44 18 0.0165929

45 18 0.0139287

46 18 0.0112095

47 18 0.00844605

48 18 0.00564929

49 18 0.00283023

50 18 0

0 19 0

1 19 0.00290827

2 19 0.00580506

3 19 0.00867894

4 19 0.0115186

5 19 0.0143127

6 19 0.0170504

7 19 0.0197208

8 19 0.0223134

9 19 0.0248179

10 19 0.0272245

11 19 0.0295236

12 19 0.0317062

13 19 0.0337636

14 19 0.0356879

15 19 0.0374712

16 19 0.0391067

17 19 0.0405879

18 19 0.0419089

19 19 0.0430645

20 19 0.0440501

21 19 0.0448619

22 19 0.0454966

23 19 0.0459518

24 19 0.0462256

25 19 0.046317

26 19 0.0462256

27 19 0.0459518

28 19 0.0454966

29 19 0.0448619

30 19 0.0440501

31 19 0.0430645

32 19 0.0419089

33 19 0.0405879

34 19 0.0391067

35 19 0.0374712

36 19 0.0356879

37 19 0.0337636

38 19 0.0317062

39 19 0.0295236

40 19 0.0272245

41 19 0.0248179

42 19 0.0223134

43 19 0.0197208

44 19 0.0170504

45 19 0.0143127

46 19 0.0115186

47 19 0.00867894

48 19 0.00580506

49 19 0.00290827

50 19 0

0 20 0

1 20 0.00297483

2 20 0.00593792

3 20 0.00887758

4 20 0.0117822

5 20 0.0146403

6 20 0.0174407

7 20 0.0201722

8 20 0.0228241

9 20 0.0253859

10 20 0.0278475

11 20 0.0301993

12 20 0.0324318

13 20 0.0345364

14 20 0.0365047

15 20 0.0383289

16 20 0.0400018

17 20 0.0415168

18 20 0.0428681

19 20 0.0440501

20 20 0.0450583

21 20 0.0458886

22 20 0.0465379

23 20 0.0470035

24 20 0.0472836

25 20 0.0473771

26 20 0.0472836

27 20 0.0470035

28 20 0.0465379

29 20 0.0458886

30 20 0.0450583

31 20 0.0440501

32 20 0.0428681

33 20 0.0415168

34 20 0.0400018

35 20 0.0383289

36 20 0.0365047

37 20 0.0345364

38 20 0.0324318

39 20 0.0301993

40 20 0.0278475

41 20 0.0253859

42 20 0.0228241

43 20 0.0201722

44 20 0.0174407

45 20 0.0146403

46 20 0.0117822

47 20 0.00887758

48 20 0.00593792

49 20 0.00297483

50 20 0

0 21 0

1 21 0.00302965

2 21 0.00604735

3 21 0.00904118

4 21 0.0119993

5 21 0.0149101

6 21 0.0177621

7 21 0.0205439

8 21 0.0232447

9 21 0.0258537

10 21 0.0283607

11 21 0.0307558

12 21 0.0330295

13 21 0.0351729

14 21 0.0371774

15 21 0.0390352

16 21 0.040739

17 21 0.0422819

18 21 0.0436581

19 21 0.0448619

20 21 0.0458886

21 21 0.0467343

22 21 0.0473955

23 21 0.0478697

24 21 0.048155

25 21 0.0482502

26 21 0.048155

27 21 0.0478697

28 21 0.0473955

29 21 0.0467343

30 21 0.0458886

31 21 0.0448619

32 21 0.0436581

33 21 0.0422819

34 21 0.040739

35 21 0.0390352

36 21 0.0371774

37 21 0.0351729

38 21 0.0330295

39 21 0.0307558

40 21 0.0283607

41 21 0.0258537

42 21 0.0232447

43 21 0.0205439

44 21 0.0177621

45 21 0.0149101

46 21 0.0119993

47 21 0.00904118

48 21 0.00604735

49 21 0.00302965

50 21 0

0 22 0

1 22 0.00307252

2 22 0.00613291

3 22 0.0091691

4 22 0.0121691

5 22 0.0151211

6 22 0.0180134

7 22 0.0208346

8 22 0.0235736

9 22 0.0262195

10 22 0.028762

11 22 0.031191

12 22 0.0334968

13 22 0.0356705

14 22 0.0377034

15 22 0.0395875

16 22 0.0413154

17 22 0.0428802

18 22 0.0442758

19 22 0.0454966

20 22 0.0465379

21 22 0.0473955

22 22 0.0480661

23 22 0.048547

24 22 0.0488363

25 22 0.0489328

26 22 0.0488363

27 22 0.048547

28 22 0.0480661

29 22 0.0473955

30 22 0.0465379

31 22 0.0454966

32 22 0.0442758

33 22 0.0428802

34 22 0.0413154

35 22 0.0395875

36 22 0.0377034

37 22 0.0356705

38 22 0.0334968

39 22 0.031191

40 22 0.028762

41 22 0.0262195

42 22 0.0235736

43 22 0.0208346

44 22 0.0180134

45 22 0.0151211

46 22 0.0121691

47 22 0.0091691

48 22 0.00613291

49 22 0.00307252

50 22 0

0 23 0

1 23 0.00310326

2 23 0.00619427

3 23 0.00926083

4 23 0.0122908

5 23 0.0152724

6 23 0.0181936

7 23 0.021043

8 23 0.0238094

9 23 0.0264818

10 23 0.0290498

11 23 0.031503

12 23 0.033832

13 23 0.0360274

14 23 0.0380806

15 23 0.0399836

16 23 0.0417287

17 23 0.0433092

18 23 0.0447187

19 23 0.0459518

20 23 0.0470035

21 23 0.0478697

22 23 0.048547

23 23 0.0490327

24 23 0.0493249

25 23 0.0494224

26 23 0.0493249

27 23 0.0490327

28 23 0.048547

29 23 0.0478697

30 23 0.0470035

31 23 0.0459518

32 23 0.0447187

33 23 0.0433092

34 23 0.0417287

35 23 0.0399836

36 23 0.0380806

37 23 0.0360274

38 23 0.033832

39 23 0.031503

40 23 0.0290498

41 23 0.0264818

42 23 0.0238094

43 23 0.021043

44 23 0.0181936

45 23 0.0152724

46 23 0.0122908

47 23 0.00926083

48 23 0.00619427

49 23 0.00310326

50 23 0

0 24 0

1 24 0.00312175

2 24 0.00623118

3 24 0.00931602

4 24 0.0123641

5 24 0.0153634

6 24 0.018302

7 24 0.0211684

8 24 0.0239513

9 24 0.0266396

10 24 0.0292229

11 24 0.0316907

12 24 0.0340336

13 24 0.0362421

14 24 0.0383075

15 24 0.0402218

16 24 0.0419774

17 24 0.0435673

18 24 0.0449852

19 24 0.0462256

20 24 0.0472836

21 24 0.048155

22 24 0.0488363

23 24 0.0493249

24 24 0.0496188

25 24 0.0497169

26 24 0.0496188

27 24 0.0493249

28 24 0.0488363

29 24 0.048155

30 24 0.0472836

31 24 0.0462256

32 24 0.0449852

33 24 0.0435673

34 24 0.0419774

35 24 0.0402218

36 24 0.0383075

37 24 0.0362421

38 24 0.0340336

39 24 0.0316907

40 24 0.0292229

41 24 0.0266396

42 24 0.0239513

43 24 0.0211684

44 24 0.018302

45 24 0.0153634

46 24 0.0123641

47 24 0.00931602

48 24 0.00623118

49 24 0.00312175

50 24 0

0 25 0

1 25 0.00312792

2 25 0.0062435

3 25 0.00933444

4 25 0.0123885

5 25 0.0153937

6 25 0.0183382

7 25 0.0212103

8 25 0.0239987

9 25 0.0266923

10 25 0.0292806

11 25 0.0317534

12 25 0.0341009

13 25 0.0363137

14 25 0.0383833

15 25 0.0403013

16 25 0.0420604

17 25 0.0436534

18 25 0.0450741

19 25 0.046317

20 25 0.0473771

21 25 0.0482502

22 25 0.0489328

23 25 0.0494224

24 25 0.0497169

25 25 0.0498152

26 25 0.0497169

27 25 0.0494224

28 25 0.0489328

29 25 0.0482502

30 25 0.0473771

31 25 0.046317

32 25 0.0450741

33 25 0.0436534

34 25 0.0420604

35 25 0.0403013

36 25 0.0383833

37 25 0.0363137

38 25 0.0341009

39 25 0.0317534

40 25 0.0292806

41 25 0.0266923

42 25 0.0239987

43 25 0.0212103

44 25 0.0183382

45 25 0.0153937

46 25 0.0123885

47 25 0.00933444

48 25 0.0062435

49 25 0.00312792

50 25 0

0 26 0

1 26 0.00312175

2 26 0.00623118

3 26 0.00931602

4 26 0.0123641

5 26 0.0153634

6 26 0.018302

7 26 0.0211684

8 26 0.0239513

9 26 0.0266396

10 26 0.0292229

11 26 0.0316907

12 26 0.0340336

13 26 0.0362421

14 26 0.0383075

15 26 0.0402218

16 26 0.0419774

17 26 0.0435673

18 26 0.0449852

19 26 0.0462256

20 26 0.0472836

21 26 0.048155

22 26 0.0488363

23 26 0.0493249

24 26 0.0496188

25 26 0.0497169

26 26 0.0496188

27 26 0.0493249

28 26 0.0488363

29 26 0.048155

30 26 0.0472836

31 26 0.0462256

32 26 0.0449852

33 26 0.0435673

34 26 0.0419774

35 26 0.0402218

36 26 0.0383075

37 26 0.0362421

38 26 0.0340336

39 26 0.0316907

40 26 0.0292229

41 26 0.0266396

42 26 0.0239513

43 26 0.0211684

44 26 0.018302

45 26 0.0153634

46 26 0.0123641

47 26 0.00931602

48 26 0.00623118

49 26 0.00312175

50 26 0

0 27 0

1 27 0.00310326

2 27 0.00619427

3 27 0.00926083

4 27 0.0122908

5 27 0.0152724

6 27 0.0181936

7 27 0.021043

8 27 0.0238094

9 27 0.0264818

10 27 0.0290498

11 27 0.031503

12 27 0.033832

13 27 0.0360274

14 27 0.0380806

15 27 0.0399836

16 27 0.0417287

17 27 0.0433092

18 27 0.0447187

19 27 0.0459518

20 27 0.0470035

21 27 0.0478697

22 27 0.048547

23 27 0.0490327

24 27 0.0493249

25 27 0.0494224

26 27 0.0493249

27 27 0.0490327

28 27 0.048547

29 27 0.0478697

30 27 0.0470035

31 27 0.0459518

32 27 0.0447187

33 27 0.0433092

34 27 0.0417287

35 27 0.0399836

36 27 0.0380806

37 27 0.0360274

38 27 0.033832

39 27 0.031503

40 27 0.0290498

41 27 0.0264818

42 27 0.0238094

43 27 0.021043

44 27 0.0181936

45 27 0.0152724

46 27 0.0122908

47 27 0.00926083

48 27 0.00619427

49 27 0.00310326

50 27 0

0 28 0

1 28 0.00307252

2 28 0.00613291

3 28 0.0091691

4 28 0.0121691

5 28 0.0151211

6 28 0.0180134

7 28 0.0208346

8 28 0.0235736

9 28 0.0262195

10 28 0.028762

11 28 0.031191

12 28 0.0334968

13 28 0.0356705

14 28 0.0377034

15 28 0.0395875

16 28 0.0413154

17 28 0.0428802

18 28 0.0442758

19 28 0.0454966

20 28 0.0465379

21 28 0.0473955

22 28 0.0480661

23 28 0.048547

24 28 0.0488363

25 28 0.0489328

26 28 0.0488363

27 28 0.048547

28 28 0.0480661

29 28 0.0473955

30 28 0.0465379

31 28 0.0454966

32 28 0.0442758

33 28 0.0428802

34 28 0.0413154

35 28 0.0395875

36 28 0.0377034

37 28 0.0356705

38 28 0.0334968

39 28 0.031191

40 28 0.028762

41 28 0.0262195

42 28 0.0235736

43 28 0.0208346

44 28 0.0180134

45 28 0.0151211

46 28 0.0121691

47 28 0.0091691

48 28 0.00613291

49 28 0.00307252

50 28 0

0 29 0

1 29 0.00302965

2 29 0.00604735

3 29 0.00904118

4 29 0.0119993

5 29 0.0149101

6 29 0.0177621

7 29 0.0205439

8 29 0.0232447

9 29 0.0258537

10 29 0.0283607

11 29 0.0307558

12 29 0.0330295

13 29 0.0351729

14 29 0.0371774

15 29 0.0390352

16 29 0.040739

17 29 0.0422819

18 29 0.0436581

19 29 0.0448619

20 29 0.0458886

21 29 0.0467343

22 29 0.0473955

23 29 0.0478697

24 29 0.048155

25 29 0.0482502

26 29 0.048155

27 29 0.0478697

28 29 0.0473955

29 29 0.0467343

30 29 0.0458886

31 29 0.0448619

32 29 0.0436581

33 29 0.0422819

34 29 0.040739

35 29 0.0390352

36 29 0.0371774

37 29 0.0351729

38 29 0.0330295

39 29 0.0307558

40 29 0.0283607

41 29 0.0258537

42 29 0.0232447

43 29 0.0205439

44 29 0.0177621

45 29 0.0149101

46 29 0.0119993

47 29 0.00904118

48 29 0.00604735

49 29 0.00302965

50 29 0

0 30 0

1 30 0.00297483

2 30 0.00593792

3 30 0.00887758

4 30 0.0117822

5 30 0.0146403

6 30 0.0174407

7 30 0.0201722

8 30 0.0228241

9 30 0.0253859

10 30 0.0278475

11 30 0.0301993

12 30 0.0324318

13 30 0.0345364

14 30 0.0365047

15 30 0.0383289

16 30 0.0400018

17 30 0.0415168

18 30 0.0428681

19 30 0.0440501

20 30 0.0450583

21 30 0.0458886

22 30 0.0465379

23 30 0.0470035

24 30 0.0472836

25 30 0.0473771

26 30 0.0472836

27 30 0.0470035

28 30 0.0465379

29 30 0.0458886

30 30 0.0450583

31 30 0.0440501

32 30 0.0428681

33 30 0.0415168

34 30 0.0400018

35 30 0.0383289

36 30 0.0365047

37 30 0.0345364

38 30 0.0324318

39 30 0.0301993

40 30 0.0278475

41 30 0.0253859

42 30 0.0228241

43 30 0.0201722

44 30 0.0174407

45 30 0.0146403

46 30 0.0117822

47 30 0.00887758

48 30 0.00593792

49 30 0.00297483

50 30 0

0 31 0

1 31 0.00290827

2 31 0.00580506

3 31 0.00867894

4 31 0.0115186

5 31 0.0143127

6 31 0.0170504

7 31 0.0197208

8 31 0.0223134

9 31 0.0248179

10 31 0.0272245

11 31 0.0295236

12 31 0.0317062

13 31 0.0337636

14 31 0.0356879

15 31 0.0374712

16 31 0.0391067

17 31 0.0405879

18 31 0.0419089

19 31 0.0430645

20 31 0.0440501

21 31 0.0448619

22 31 0.0454966

23 31 0.0459518

24 31 0.0462256

25 31 0.046317

26 31 0.0462256

27 31 0.0459518

28 31 0.0454966

29 31 0.0448619

30 31 0.0440501

31 31 0.0430645

32 31 0.0419089

33 31 0.0405879

34 31 0.0391067

35 31 0.0374712

36 31 0.0356879

37 31 0.0337636

38 31 0.0317062

39 31 0.0295236

40 31 0.0272245

41 31 0.0248179

42 31 0.0223134

43 31 0.0197208

44 31 0.0170504

45 31 0.0143127

46 31 0.0115186

47 31 0.00867894

48 31 0.00580506

49 31 0.00290827

50 31 0

0 32 0

1 32 0.00283023

2 32 0.00564929

3 32 0.00844605

4 32 0.0112095

5 32 0.0139287

6 32 0.0165929

7 32 0.0191916

8 32 0.0217146

9 32 0.0241519

10 32 0.0264939

11 32 0.0287313

12 32 0.0308554

13 32 0.0328576

14 32 0.0347302

15 32 0.0364657

16 32 0.0380574

17 32 0.0394988

18 32 0.0407843

19 32 0.0419089

20 32 0.0428681

21 32 0.0436581

22 32 0.0442758

23 32 0.0447187

24 32 0.0449852

25 32 0.0450741

26 32 0.0449852

27 32 0.0447187

28 32 0.0442758

29 32 0.0436581

30 32 0.0428681

31 32 0.0419089

32 32 0.0407843

33 32 0.0394988

34 32 0.0380574

35 32 0.0364657

36 32 0.0347302

37 32 0.0328576

38 32 0.0308554

39 32 0.0287313

40 32 0.0264939

41 32 0.0241519

42 32 0.0217146

43 32 0.0191916

44 32 0.0165929

45 32 0.0139287

46 32 0.0112095

47 32 0.00844605

48 32 0.00564929

49 32 0.00283023

50 32 0

0 33 0

1 33 0.00274102

2 33 0.00547122

3 33 0.00817983

4 33 0.0108562

5 33 0.0134896

6 33 0.0160699

7 33 0.0185867

8 33 0.0210302

9 33 0.0233907

10 33 0.0256588

11 33 0.0278257

12 33 0.0298828

13 33 0.031822

14 33 0.0336355

15 33 0.0353163

16 33 0.0368578

17 33 0.0382538

18 33 0.0394988

19 33 0.0405879

20 33 0.0415168

21 33 0.0422819

22 33 0.0428802

23 33 0.0433092

24 33 0.0435673

25 33 0.0436534

26 33 0.0435673

27 33 0.0433092

28 33 0.0428802

29 33 0.0422819

30 33 0.0415168

31 33 0.0405879

32 33 0.0394988

33 33 0.0382538

34 33 0.0368578

35 33 0.0353163

36 33 0.0336355

37 33 0.031822

38 33 0.0298828

39 33 0.0278257

40 33 0.0256588

41 33 0.0233907

42 33 0.0210302

43 33 0.0185867

44 33 0.0160699

45 33 0.0134896

46 33 0.0108562

47 33 0.00817983

48 33 0.00547122

49 33 0.00274102

50 33 0

0 34 0

1 34 0.00264099

2 34 0.00527156

3 34 0.00788133

4 34 0.01046

5 34 0.0129974

6 34 0.0154835

7 34 0.0179084

8 34 0.0202627

9 34 0.0225371

10 34 0.0247225

11 34 0.0268103

12 34 0.0287923

13 34 0.0306607

14 34 0.0324081

15 34 0.0340276

16 34 0.0355127

17 34 0.0368578

18 34 0.0380574

19 34 0.0391067

20 34 0.0400018

21 34 0.040739

22 34 0.0413154

23 34 0.0417287

24 34 0.0419774

25 34 0.0420604

26 34 0.0419774

27 34 0.0417287

28 34 0.0413154

29 34 0.040739

30 34 0.0400018

31 34 0.0391067

32 34 0.0380574

33 34 0.0368578

34 34 0.0355127

35 34 0.0340276

36 34 0.0324081

37 34 0.0306607

38 34 0.0287923

39 34 0.0268103

40 34 0.0247225

41 34 0.0225371

42 34 0.0202627

43 34 0.0179084

44 34 0.0154835

45 34 0.0129974

46 34 0.01046

47 34 0.00788133

48 34 0.00527156

49 34 0.00264099

50 34 0

0 35 0

1 35 0.00253054

2 35 0.0050511

3 35 0.00755172

4 35 0.0100225

5 35 0.0124538

6 35 0.0148359

7 35 0.0171595

8 35 0.0194153

9 35 0.0215945

10 35 0.0236885

11 35 0.025689

12 35 0.0275882

13 35 0.0293784

14 35 0.0310527

15 35 0.0326045

16 35 0.0340276

17 35 0.0353163

18 35 0.0364657

19 35 0.0374712

20 35 0.0383289

21 35 0.0390352

22 35 0.0395875

23 35 0.0399836

24 35 0.0402218

25 35 0.0403013

26 35 0.0402218

27 35 0.0399836

28 35 0.0395875

29 35 0.0390352

30 35 0.0383289

31 35 0.0374712

32 35 0.0364657

33 35 0.0353163

34 35 0.0340276

35 35 0.0326045

36 35 0.0310527

37 35 0.0293784

38 35 0.0275882

39 35 0.025689

40 35 0.0236885

41 35 0.0215945

42 35 0.0194153

43 35 0.0171595

44 35 0.0148359

45 35 0.0124538

46 35 0.0100225

47 35 0.00755172

48 35 0.0050511

49 35 0.00253054

50 35 0

0 36 0

1 36 0.00241011

2 36 0.0048107

3 36 0.00719231

4 36 0.00954553

5 36 0.0118611

6 36 0.0141298

7 36 0.0163428

8 36 0.0184913

9 36 0.0205668

10 36 0.0225611

11 36 0.0244664

12 36 0.0262752

13 36 0.0279802

14 36 0.0295748

15 36 0.0310527

16 36 0.0324081

17 36 0.0336355

18 36 0.0347302

19 36 0.0356879

20 36 0.0365047

21 36 0.0371774

22 36 0.0377034

23 36 0.0380806

24 36 0.0383075

25 36 0.0383833

26 36 0.0383075

27 36 0.0380806

28 36 0.0377034

29 36 0.0371774

30 36 0.0365047

31 36 0.0356879

32 36 0.0347302

33 36 0.0336355

34 36 0.0324081

35 36 0.0310527

36 36 0.0295748

37 36 0.0279802

38 36 0.0262752

39 36 0.0244664

40 36 0.0225611

41 36 0.0205668

42 36 0.0184913

43 36 0.0163428

44 36 0.0141298

45 36 0.0118611

46 36 0.00954553

47 36 0.00719231

48 36 0.0048107

49 36 0.00241011

50 36 0

0 37 0

1 37 0.00228016

2 37 0.00455132

3 37 0.00680451

4 37 0.00903085

5 37 0.0112216

6 37 0.013368

7 37 0.0154616

8 37 0.0174943

9 37 0.0194579

10 37 0.0213447

11 37 0.0231472

12 37 0.0248585

13 37 0.0264716

14 37 0.0279802

15 37 0.0293784

16 37 0.0306607

17 37 0.031822

18 37 0.0328576

19 37 0.0337636

20 37 0.0345364

21 37 0.0351729

22 37 0.0356705

23 37 0.0360274

24 37 0.0362421

25 37 0.0363137

26 37 0.0362421

27 37 0.0360274

28 37 0.0356705

29 37 0.0351729

30 37 0.0345364

31 37 0.0337636

32 37 0.0328576

33 37 0.031822

34 37 0.0306607

35 37 0.0293784

36 37 0.0279802

37 37 0.0264716

38 37 0.0248585

39 37 0.0231472

40 37 0.0213447

41 37 0.0194579

42 37 0.0174943

43 37 0.0154616

44 37 0.013368

45 37 0.0112216

46 37 0.00903085

47 37 0.00680451

48 37 0.00455132

49 37 0.00228016

50 37 0

0 38 0

1 38 0.00214121

2 38 0.00427397

3 38 0.00638986

4 38 0.00848054

5 38 0.0105377

6 38 0.0125534

7 38 0.0145194

8 38 0.0164282

9 38 0.0182722

10 38 0.020044

11 38 0.0217367

12 38 0.0233436

13 38 0.0248585

14 38 0.0262752

15 38 0.0275882

16 38 0.0287923

17 38 0.0298828

18 38 0.0308554

19 38 0.0317062

20 38 0.0324318

21 38 0.0330295

22 38 0.0334968

23 38 0.033832

24 38 0.0340336

25 38 0.0341009

26 38 0.0340336

27 38 0.033832

28 38 0.0334968

29 38 0.0330295

30 38 0.0324318

31 38 0.0317062

32 38 0.0308554

33 38 0.0298828

34 38 0.0287923

35 38 0.0275882

36 38 0.0262752

37 38 0.0248585

38 38 0.0233436

39 38 0.0217367

40 38 0.020044

41 38 0.0182722

42 38 0.0164282

43 38 0.0145194

44 38 0.0125534

45 38 0.0105377

46 38 0.00848054

47 38 0.00638986

48 38 0.00427397

49 38 0.00214121

50 38 0

0 39 0

1 39 0.00199381

2 39 0.00397976

3 39 0.00594999

4 39 0.00789675

5 39 0.00981234

6 39 0.0116892

7 39 0.0135199

8 39 0.0152973

9 39 0.0170143

10 39 0.0186642

11 39 0.0202404

12 39 0.0217367

13 39 0.0231472

14 39 0.0244664

15 39 0.025689

16 39 0.0268103

17 39 0.0278257

18 39 0.0287313

19 39 0.0295236

20 39 0.0301993

21 39 0.0307558

22 39 0.031191

23 39 0.031503

24 39 0.0316907

25 39 0.0317534

26 39 0.0316907

27 39 0.031503

28 39 0.031191

29 39 0.0307558

30 39 0.0301993

31 39 0.0295236

32 39 0.0287313

33 39 0.0278257

34 39 0.0268103

35 39 0.025689

36 39 0.0244664

37 39 0.0231472

38 39 0.0217367

39 39 0.0202404

40 39 0.0186642

41 39 0.0170143

42 39 0.0152973

43 39 0.0135199

44 39 0.0116892

45 39 0.00981234

46 39 0.00789675

47 39 0.00594999

48 39 0.00397976

49 39 0.00199381

50 39 0

0 40 0

1 40 0.00183855

2 40 0.00366984

3 40 0.00548665

4 40 0.0072818

5 40 0.00904822

6 40 0.0107789

7 40 0.0124671

8 40 0.0141061

9 40 0.0156894

10 40 0.0172107

11 40 0.0186642

12 40 0.020044

13 40 0.0213447

14 40 0.0225611

15 40 0.0236885

16 40 0.0247225

17 40 0.0256588

18 40 0.0264939

19 40 0.0272245

20 40 0.0278475

21 40 0.0283607

22 40 0.028762

23 40 0.0290498

24 40 0.0292229

25 40 0.0292806

26 40 0.0292229

27 40 0.0290498

28 40 0.028762

29 40 0.0283607

30 40 0.0278475

31 40 0.0272245

32 40 0.0264939

33 40 0.0256588

34 40 0.0247225

35 40 0.0236885

36 40 0.0225611

37 40 0.0213447

38 40 0.020044

39 40 0.0186642

40 40 0.0172107

41 40 0.0156894

42 40 0.0141061

43 40 0.0124671

44 40 0.0107789

45 40 0.00904822

46 40 0.0072818

47 40 0.00548665

48 40 0.00366984

49 40 0.00183855

50 40 0

0 41 0

1 41 0.00167602

2 41 0.00334543

3 41 0.00500164

4 41 0.00663811

5 41 0.00824838

6 41 0.0098261

7 41 0.011365

8 41 0.0128591

9 41 0.0143025

10 41 0.0156894

11 41 0.0170143

12 41 0.0182722

13 41 0.0194579

14 41 0.0205668

15 41 0.0215945

16 41 0.0225371

17 41 0.0233907

18 41 0.0241519

19 41 0.0248179

20 41 0.0253859

21 41 0.0258537

22 41 0.0262195

23 41 0.0264818

24 41 0.0266396

25 41 0.0266923

26 41 0.0266396

27 41 0.0264818

28 41 0.0262195

29 41 0.0258537

30 41 0.0253859

31 41 0.0248179

32 41 0.0241519

33 41 0.0233907

34 41 0.0225371

35 41 0.0215945

36 41 0.0205668

37 41 0.0194579

38 41 0.0182722

39 41 0.0170143

40 41 0.0156894

41 41 0.0143025

42 41 0.0128591

43 41 0.011365

44 41 0.0098261

45 41 0.00824838

46 41 0.00663811

47 41 0.00500164

48 41 0.00334543

49 41 0.00167602

50 41 0

0 42 0

1 42 0.00150689

2 42 0.00300783

3 42 0.0044969

4 42 0.00596822

5 42 0.00741599

6 42 0.00883449

7 42 0.0102181

8 42 0.0115614

9 42 0.0128591

10 42 0.0141061

11 42 0.0152973

12 42 0.0164282

13 42 0.0174943

14 42 0.0184913

15 42 0.0194153

16 42 0.0202627

17 42 0.0210302

18 42 0.0217146

19 42 0.0223134

20 42 0.0228241

21 42 0.0232447

22 42 0.0235736

23 42 0.0238094

24 42 0.0239513

25 42 0.0239987

26 42 0.0239513

27 42 0.0238094

28 42 0.0235736

29 42 0.0232447

30 42 0.0228241

31 42 0.0223134

32 42 0.0217146

33 42 0.0210302

34 42 0.0202627

35 42 0.0194153

36 42 0.0184913

37 42 0.0174943

38 42 0.0164282

39 42 0.0152973

40 42 0.0141061

41 42 0.0128591

42 42 0.0115614

43 42 0.0102181

44 42 0.00883449

45 42 0.00741599

46 42 0.00596822

47 42 0.0044969

48 42 0.00300783

49 42 0.00150689

50 42 0

0 43 0

1 43 0.0013318

2 43 0.00265835

3 43 0.00397441

4 43 0.00527478

5 43 0.00655434

6 43 0.00780803

7 43 0.0090309

8 43 0.0102181

9 43 0.011365

10 43 0.0124671

11 43 0.0135199

12 43 0.0145194

13 43 0.0154616

14 43 0.0163428

15 43 0.0171595

16 43 0.0179084

17 43 0.0185867

18 43 0.0191916

19 43 0.0197208

20 43 0.0201722

21 43 0.0205439

22 43 0.0208346

23 43 0.021043

24 43 0.0211684

25 43 0.0212103

26 43 0.0211684

27 43 0.021043

28 43 0.0208346

29 43 0.0205439

30 43 0.0201722

31 43 0.0197208

32 43 0.0191916

33 43 0.0185867

34 43 0.0179084

35 43 0.0171595

36 43 0.0163428

37 43 0.0154616

38 43 0.0145194

39 43 0.0135199

40 43 0.0124671

41 43 0.011365

42 43 0.0102181

43 43 0.0090309

44 43 0.00780803

45 43 0.00655434

46 43 0.00527478

47 43 0.00397441

48 43 0.00265835

49 43 0.0013318

50 43 0

0 44 0

1 44 0.00115147

2 44 0.00229839

3 44 0.00343624

4 44 0.00456052

5 44 0.00566682

6 44 0.00675074

7 44 0.00780803

8 44 0.00883449

9 44 0.0098261

10 44 0.0107789

11 44 0.0116892

12 44 0.0125534

13 44 0.013368

14 44 0.0141298

15 44 0.0148359

16 44 0.0154835

17 44 0.0160699

18 44 0.0165929

19 44 0.0170504

20 44 0.0174407

21 44 0.0177621

22 44 0.0180134

23 44 0.0181936

24 44 0.018302

25 44 0.0183382

26 44 0.018302

27 44 0.0181936

28 44 0.0180134

29 44 0.0177621

30 44 0.0174407

31 44 0.0170504

32 44 0.0165929

33 44 0.0160699

34 44 0.0154835

35 44 0.0148359

36 44 0.0141298

37 44 0.013368

38 44 0.0125534

39 44 0.0116892

40 44 0.0107789

41 44 0.0098261

42 44 0.00883449

43 44 0.00780803

44 44 0.00675074

45 44 0.00566682

46 44 0.00456052

47 44 0.00343624

48 44 0.00229839

49 44 0.00115147

50 44 0

0 45 0

1 45 0.000966581

2 45 0.00192935

3 45 0.0028845

4 45 0.00382827

5 45 0.00475693

6 45 0.00566682

7 45 0.00655434

8 45 0.00741599

9 45 0.00824838

10 45 0.00904822

11 45 0.00981234

12 45 0.0105377

13 45 0.0112216

14 45 0.0118611

15 45 0.0124538

16 45 0.0129974

17 45 0.0134896

18 45 0.0139287

19 45 0.0143127

20 45 0.0146403

21 45 0.0149101

22 45 0.0151211

23 45 0.0152724

24 45 0.0153634

25 45 0.0153937

26 45 0.0153634

27 45 0.0152724

28 45 0.0151211

29 45 0.0149101

30 45 0.0146403

31 45 0.0143127

32 45 0.0139287

33 45 0.0134896

34 45 0.0129974

35 45 0.0124538

36 45 0.0118611

37 45 0.0112216

38 45 0.0105377

39 45 0.00981234

40 45 0.00904822

41 45 0.00824838

42 45 0.00741599

43 45 0.00655434

44 45 0.00566682

45 45 0.00475693

46 45 0.00382827

47 45 0.0028845

48 45 0.00192935

49 45 0.000966581

50 45 0

0 46 0

1 46 0.000777883

2 46 0.0015527

3 46 0.00232138

4 46 0.0030809

5 46 0.00382827

6 46 0.00456052

7 46 0.00527478

8 46 0.00596822

9 46 0.00663811

10 46 0.0072818

11 46 0.00789675

12 46 0.00848054

13 46 0.00903085

14 46 0.00954553

15 46 0.0100225

16 46 0.01046

17 46 0.0108562

18 46 0.0112095

19 46 0.0115186

20 46 0.0117822

21 46 0.0119993

22 46 0.0121691

23 46 0.0122908

24 46 0.0123641

25 46 0.0123885

26 46 0.0123641

27 46 0.0122908

28 46 0.0121691

29 46 0.0119993

30 46 0.0117822

31 46 0.0115186

32 46 0.0112095

33 46 0.0108562

34 46 0.01046

35 46 0.0100225

36 46 0.00954553

37 46 0.00903085

38 46 0.00848054

39 46 0.00789675

40 46 0.0072818

41 46 0.00663811

42 46 0.00596822

43 46 0.00527478

44 46 0.00456052

45 46 0.00382827

46 46 0.0030809

47 46 0.00232138

48 46 0.0015527

49 46 0.000777883

50 46 0

0 47 0

1 47 0.000586114

2 47 0.00116992

3 47 0.0017491

4 47 0.00232138

5 47 0.0028845

6 47 0.00343624

7 47 0.00397441

8 47 0.0044969

9 47 0.00500164

10 47 0.00548665

11 47 0.00594999

12 47 0.00638986

13 47 0.00680451

14 47 0.00719231

15 47 0.00755172

16 47 0.00788133

17 47 0.00817983

18 47 0.00844605

19 47 0.00867894

20 47 0.00887758

21 47 0.00904118

22 47 0.0091691

23 47 0.00926083

24 47 0.00931602

25 47 0.00933444

26 47 0.00931602

27 47 0.00926083

28 47 0.0091691

29 47 0.00904118

30 47 0.00887758

31 47 0.00867894

32 47 0.00844605

33 47 0.00817983

34 47 0.00788133

35 47 0.00755172

36 47 0.00719231

37 47 0.00680451

38 47 0.00638986

39 47 0.00594999

40 47 0.00548665

41 47 0.00500164

42 47 0.0044969

43 47 0.00397441

44 47 0.00343624

45 47 0.0028845

46 47 0.00232138

47 47 0.0017491

48 47 0.00116992

49 47 0.000586114

50 47 0

0 48 0

1 48 0.000392033

2 48 0.000782518

3 48 0.00116992

4 48 0.0015527

5 48 0.00192935

6 48 0.00229839

7 48 0.00265835

8 48 0.00300783

9 48 0.00334543

10 48 0.00366984

11 48 0.00397976

12 48 0.00427397

13 48 0.00455132

14 48 0.0048107

15 48 0.0050511

16 48 0.00527156

17 48 0.00547122

18 48 0.00564929

19 48 0.00580506

20 48 0.00593792

21 48 0.00604735

22 48 0.00613291

23 48 0.00619427

24 48 0.00623118

25 48 0.0062435

26 48 0.00623118

27 48 0.00619427

