0 1 0

1 1 0.000813185

2 1 0.00162316

3 1 0.00242673

4 1 0.00322072

5 1 0.004002

6 1 0.00476749

7 1 0.00551416

8 1 0.00623907

9 1 0.00693936

10 1 0.00761226

11 1 0.00825512

12 1 0.0088654

13 1 0.00944069

14 1 0.00997873

15 1 0.0104774

16 1 0.0109347

17 1 0.0113488

18 1 0.0117182

19 1 0.0120413

20 1 0.0123169

21 1 0.0125439

22 1 0.0127214

23 1 0.0128486

24 1 0.0129252

25 1 0.0129508

26 1 0.0129252

27 1 0.0128486

28 1 0.0127214

29 1 0.0125439

30 1 0.0123169

31 1 0.0120413

32 1 0.0117182

33 1 0.0113488

34 1 0.0109347

35 1 0.0104774

36 1 0.00997873

37 1 0.00944069

38 1 0.0088654

39 1 0.00825512

40 1 0.00761226

41 1 0.00693936

42 1 0.00623907

43 1 0.00551416

44 1 0.00476749

45 1 0.004002

46 1 0.00322072

47 1 0.00242673

48 1 0.00162316

49 1 0.000813185

50 1 0

0 2 0

1 2 0.00162316

2 2 0.00323991

3 2 0.00484388

4 2 0.00642873

5 2 0.00798821

6 2 0.00951617

7 2 0.0110066

8 2 0.0124535

9 2 0.0138513

10 2 0.0151945

11 2 0.0164777

12 2 0.0176958

13 2 0.0188441

14 2 0.0199181

15 2 0.0209134

16 2 0.0218262

17 2 0.0226529

18 2 0.0233901

19 2 0.0240351

20 2 0.0245852

21 2 0.0250383

22 2 0.0253925

23 2 0.0256466

24 2 0.0257994

25 2 0.0258504

26 2 0.0257994

27 2 0.0256466

28 2 0.0253925

29 2 0.0250383

30 2 0.0245852

31 2 0.0240351

32 2 0.0233901

33 2 0.0226529

34 2 0.0218262

35 2 0.0209134

36 2 0.0199181

37 2 0.0188441

38 2 0.0176958

39 2 0.0164777

40 2 0.0151945

41 2 0.0138513

42 2 0.0124535

43 2 0.0110066

44 2 0.00951617

45 2 0.00798821

46 2 0.00642873

47 2 0.00484388

48 2 0.00323991

49 2 0.00162316

50 2 0

0 3 0

1 3 0.00242673

2 3 0.00484388

3 3 0.00724192

4 3 0.00961137

5 3 0.0119429

6 3 0.0142273

7 3 0.0164555

8 3 0.0186188

9 3 0.0207086

10 3 0.0227167

11 3 0.0246352

12 3 0.0264564

13 3 0.0281732

14 3 0.0297788

15 3 0.0312669

16 3 0.0326316

17 3 0.0338675

18 3 0.0349698

19 3 0.035934

20 3 0.0367565

21 3 0.0374338

22 3 0.0379635

23 3 0.0383433

24 3 0.0385718

25 3 0.038648

26 3 0.0385718

27 3 0.0383433

28 3 0.0379635

29 3 0.0374338

30 3 0.0367565

31 3 0.035934

32 3 0.0349698

33 3 0.0338675

34 3 0.0326316

35 3 0.0312669

36 3 0.0297788

37 3 0.0281732

38 3 0.0264564

39 3 0.0246352

40 3 0.0227167

41 3 0.0207086

42 3 0.0186188

43 3 0.0164555

44 3 0.0142273

45 3 0.0119429

46 3 0.00961137

47 3 0.00724192

48 3 0.00484388

49 3 0.00242673

50 3 0

0 4 0

1 4 0.00322072

2 4 0.00642873

3 4 0.00961137

4 4 0.0127561

5 4 0.0158504

6 4 0.0188823

7 4 0.0218395

8 4 0.0247106

9 4 0.0274842

10 4 0.0301493

11 4 0.0326955

12 4 0.0351126

13 4 0.0373911

14 4 0.039522

15 4 0.041497

16 4 0.0433082

17 4 0.0449485

18 4 0.0464114

19 4 0.0476911

20 4 0.0487827

21 4 0.0496817

22 4 0.0503846

23 4 0.0508887

24 4 0.0511919

25 4 0.0512931

26 4 0.0511919

27 4 0.0508887

28 4 0.0503846

29 4 0.0496817

30 4 0.0487827

31 4 0.0476911

32 4 0.0464114

33 4 0.0449485

34 4 0.0433082

35 4 0.041497

36 4 0.039522

37 4 0.0373911

38 4 0.0351126

39 4 0.0326955

40 4 0.0301493

41 4 0.0274842

42 4 0.0247106

43 4 0.0218395

44 4 0.0188823

45 4 0.0158504

46 4 0.0127561

47 4 0.00961137

48 4 0.00642873

49 4 0.00322072

50 4 0

0 5 0

1 5 0.004002

2 5 0.00798821

3 5 0.0119429

4 5 0.0158504

5 5 0.0196954

6 5 0.0234627

7 5 0.0271374

8 5 0.030705

9 5 0.0341513

10 5 0.037463

11 5 0.0406267

12 5 0.0436301

13 5 0.0464614

14 5 0.0491093

15 5 0.0515633

16 5 0.0538139

17 5 0.0558521

18 5 0.0576699

19 5 0.05926

20 5 0.0606163

21 5 0.0617334

22 5 0.0626069

23 5 0.0632332

24 5 0.06361

25 5 0.0637358

26 5 0.06361

27 5 0.0632332

28 5 0.0626069

29 5 0.0617334

30 5 0.0606163

31 5 0.05926

32 5 0.0576699

33 5 0.0558521

34 5 0.0538139

35 5 0.0515633

36 5 0.0491093

37 5 0.0464614

38 5 0.0436301

39 5 0.0406267

40 5 0.037463

41 5 0.0341513

42 5 0.030705

43 5 0.0271374

44 5 0.0234627

45 5 0.0196954

46 5 0.0158504

47 5 0.0119429

48 5 0.00798821

49 5 0.004002

50 5 0

0 6 0

1 6 0.00476749

2 6 0.00951617

3 6 0.0142273

4 6 0.0188823

5 6 0.0234627

6 6 0.0279506

7 6 0.0323281

8 6 0.0365781

9 6 0.0406837

10 6 0.0446287

11 6 0.0483976

12 6 0.0519756

13 6 0.0553483

14 6 0.0585027

15 6 0.0614262

16 6 0.0641072

17 6 0.0665353

18 6 0.0687007

19 6 0.0705951

20 6 0.0722108

21 6 0.0735415

22 6 0.074582

23 6 0.0753282

24 6 0.0757771

25 6 0.0759269

26 6 0.0757771

27 6 0.0753282

28 6 0.074582

29 6 0.0735415

30 6 0.0722108

31 6 0.0705951

32 6 0.0687007

33 6 0.0665353

34 6 0.0641072

35 6 0.0614262

36 6 0.0585027

37 6 0.0553483

38 6 0.0519756

39 6 0.0483976

40 6 0.0446287

41 6 0.0406837

42 6 0.0365781

43 6 0.0323281

44 6 0.0279506

45 6 0.0234627

46 6 0.0188823

47 6 0.0142273

48 6 0.00951617

49 6 0.00476749

50 6 0

0 7 0

1 7 0.00551416

2 7 0.0110066

3 7 0.0164555

4 7 0.0218395

5 7 0.0271374

6 7 0.0323281

7 7 0.0373913

8 7 0.0423068

9 7 0.0470555

10 7 0.0516184

11 7 0.0559776

12 7 0.0601158

13 7 0.0640169

14 7 0.0676652

15 7 0.0710466

16 7 0.0741475

17 7 0.0769559

18 7 0.0794605

19 7 0.0816515

20 7 0.0835203

21 7 0.0850594

22 7 0.0862629

23 7 0.0871259

24 7 0.0876451

25 7 0.0878184

26 7 0.0876451

27 7 0.0871259

28 7 0.0862629

29 7 0.0850594

30 7 0.0835203

31 7 0.0816515

32 7 0.0794605

33 7 0.0769559

34 7 0.0741475

35 7 0.0710466

36 7 0.0676652

37 7 0.0640169

38 7 0.0601158

39 7 0.0559776

40 7 0.0516184

41 7 0.0470555

42 7 0.0423068

43 7 0.0373913

44 7 0.0323281

45 7 0.0271374

46 7 0.0218395

47 7 0.0164555

48 7 0.0110066

49 7 0.00551416

50 7 0

0 8 0

1 8 0.00623907

2 8 0.0124535

3 8 0.0186188

4 8 0.0247106

5 8 0.030705

6 8 0.0365781

7 8 0.0423068

8 8 0.0478686

9 8 0.0532415

10 8 0.0584043

11 8 0.0633366

12 8 0.0680189

13 8 0.0724327

14 8 0.0765607

15 8 0.0803866

16 8 0.0838952

17 8 0.0870727

18 8 0.0899066

19 8 0.0923857

20 8 0.0945001

21 8 0.0962416

22 8 0.0976033

23 8 0.0985798

24 8 0.0991672

25 8 0.0993633

26 8 0.0991672

27 8 0.0985798

28 8 0.0976033

29 8 0.0962416

30 8 0.0945001

31 8 0.0923857

32 8 0.0899066

33 8 0.0870727

34 8 0.0838952

35 8 0.0803866

36 8 0.0765607

37 8 0.0724327

38 8 0.0680189

39 8 0.0633366

40 8 0.0584043

41 8 0.0532415

42 8 0.0478686

43 8 0.0423068

44 8 0.0365781

45 8 0.030705

46 8 0.0247106

47 8 0.0186188

48 8 0.0124535

49 8 0.00623907

50 8 0

0 9 0

1 9 0.00693936

2 9 0.0138513

3 9 0.0207086

4 9 0.0274842

5 9 0.0341513

6 9 0.0406837

7 9 0.0470555

8 9 0.0532415

9 9 0.0592175

10 9 0.0649597

11 9 0.0704456

12 9 0.0756535

13 9 0.0805627

14 9 0.0851541

15 9 0.0894094

16 9 0.0933118

17 9 0.096846

18 9 0.0999979

19 9 0.102755

20 9 0.105107

21 9 0.107044

22 9 0.108559

23 9 0.109645

24 9 0.110298

25 9 0.110516

26 9 0.110298

27 9 0.109645

28 9 0.108559

29 9 0.107044

30 9 0.105107

31 9 0.102755

32 9 0.0999979

33 9 0.096846

34 9 0.0933118

35 9 0.0894094

36 9 0.0851541

37 9 0.0805627

38 9 0.0756535

39 9 0.0704456

40 9 0.0649597

41 9 0.0592175

42 9 0.0532415

43 9 0.0470555

44 9 0.0406837

45 9 0.0341513

46 9 0.0274842

47 9 0.0207086

48 9 0.0138513

49 9 0.00693936

50 9 0

0 10 0

1 10 0.00761226

2 10 0.0151945

3 10 0.0227167

4 10 0.0301493

5 10 0.037463

6 10 0.0446287

7 10 0.0516184

8 10 0.0584043

9 10 0.0649597

10 10 0.0712588

11 10 0.0772766

12 10 0.0829895

13 10 0.0883748

14 10 0.0934114

15 10 0.0980793

16 10 0.10236

17 10 0.106237

18 10 0.109695

19 10 0.112719

20 10 0.115299

21 10 0.117424

22 10 0.119085

23 10 0.120277

24 10 0.120993

25 10 0.121233

26 10 0.120993

27 10 0.120277

28 10 0.119085

29 10 0.117424

30 10 0.115299

31 10 0.112719

32 10 0.109695

33 10 0.106237

34 10 0.10236

35 10 0.0980793

36 10 0.0934114

37 10 0.0883748

38 10 0.0829895

39 10 0.0772766

40 10 0.0712588

41 10 0.0649597

42 10 0.0584043

43 10 0.0516184

44 10 0.0446287

45 10 0.037463

46 10 0.0301493

47 10 0.0227167

48 10 0.0151945

49 10 0.00761226

50 10 0

0 11 0

1 11 0.00825512

2 11 0.0164777

3 11 0.0246352

4 11 0.0326955

5 11 0.0406267

6 11 0.0483976

7 11 0.0559776

8 11 0.0633366

9 11 0.0704456

10 11 0.0772766

11 11 0.0838027

12 11 0.089998

13 11 0.0958381

14 11 0.1013

15 11 0.106362

16 11 0.111004

17 11 0.115209

18 11 0.118958

19 11 0.122238

20 11 0.125036

21 11 0.12734

22 11 0.129142

23 11 0.130434

24 11 0.131211

25 11 0.131471

26 11 0.131211

27 11 0.130434

28 11 0.129142

29 11 0.12734

30 11 0.125036

31 11 0.122238

32 11 0.118958

33 11 0.115209

34 11 0.111004

35 11 0.106362

36 11 0.1013

37 11 0.0958381

38 11 0.089998

39 11 0.0838027

40 11 0.0772766

41 11 0.0704456

42 11 0.0633366

43 11 0.0559776

44 11 0.0483976

45 11 0.0406267

46 11 0.0326955

47 11 0.0246352

48 11 0.0164777

49 11 0.00825512

50 11 0

0 12 0

1 12 0.0088654

2 12 0.0176958

3 12 0.0264564

4 12 0.0351126

5 12 0.0436301

6 12 0.0519756

7 12 0.0601158

8 12 0.0680189

9 12 0.0756535

10 12 0.0829895

11 12 0.089998

12 12 0.0966513

13 12 0.102923

14 12 0.108789

15 12 0.114225

16 12 0.119211

17 12 0.123726

18 12 0.127753

19 12 0.131275

20 12 0.13428

21 12 0.136754

22 12 0.138689

23 12 0.140077

24 12 0.140912

25 12 0.14119

26 12 0.140912

27 12 0.140077

28 12 0.138689

29 12 0.136754

30 12 0.13428

31 12 0.131275

32 12 0.127753

33 12 0.123726

34 12 0.119211

35 12 0.114225

36 12 0.108789

37 12 0.102923

38 12 0.0966513

39 12 0.089998

40 12 0.0829895

41 12 0.0756535

42 12 0.0680189

43 12 0.0601158

44 12 0.0519756

45 12 0.0436301

46 12 0.0351126

47 12 0.0264564

48 12 0.0176958

49 12 0.0088654

50 12 0

0 13 0

1 13 0.00944069

2 13 0.0188441

3 13 0.0281732

4 13 0.0373911

5 13 0.0464614

6 13 0.0553483

7 13 0.0640169

8 13 0.0724327

9 13 0.0805627

10 13 0.0883748

11 13 0.0958381

12 13 0.102923

13 13 0.109602

14 13 0.115848

15 13 0.121637

16 13 0.126947

17 13 0.131755

18 13 0.136043

19 13 0.139794

20 13 0.142993

21 13 0.145629

22 13 0.147689

23 13 0.149167

24 13 0.150056

25 13 0.150352

26 13 0.150056

27 13 0.149167

28 13 0.147689

29 13 0.145629

30 13 0.142993

31 13 0.139794

32 13 0.136043

33 13 0.131755

34 13 0.126947

35 13 0.121637

36 13 0.115848

37 13 0.109602

38 13 0.102923

39 13 0.0958381

40 13 0.0883748

41 13 0.0805627

42 13 0.0724327

43 13 0.0640169

44 13 0.0553483

45 13 0.0464614

46 13 0.0373911

47 13 0.0281732

48 13 0.0188441

49 13 0.00944069

50 13 0

0 14 0

1 14 0.00997873

2 14 0.0199181

3 14 0.0297788

4 14 0.039522

5 14 0.0491093

6 14 0.0585027

7 14 0.0676652

8 14 0.0765607

9 14 0.0851541

10 14 0.0934114

11 14 0.1013

12 14 0.108789

13 14 0.115848

14 14 0.122451

15 14 0.12857

16 14 0.134181

17 14 0.139263

18 14 0.143796

19 14 0.147761

20 14 0.151143

21 14 0.153928

22 14 0.156106

23 14 0.157668

24 14 0.158607

25 14 0.158921

26 14 0.158607

27 14 0.157668

28 14 0.156106

29 14 0.153928

30 14 0.151143

31 14 0.147761

32 14 0.143796

33 14 0.139263

34 14 0.134181

35 14 0.12857

36 14 0.122451

37 14 0.115848

38 14 0.108789

39 14 0.1013

40 14 0.0934114

41 14 0.0851541

42 14 0.0765607

43 14 0.0676652

44 14 0.0585027

45 14 0.0491093

46 14 0.039522

47 14 0.0297788

48 14 0.0199181

49 14 0.00997873

50 14 0

0 15 0

1 15 0.0104774

2 15 0.0209134

3 15 0.0312669

4 15 0.041497

5 15 0.0515633

6 15 0.0614262

7 15 0.0710466

8 15 0.0803866

9 15 0.0894094

10 15 0.0980793

11 15 0.106362

12 15 0.114225

13 15 0.121637

14 15 0.12857

15 15 0.134995

16 15 0.140887

17 15 0.146223

18 15 0.150982

19 15 0.155145

20 15 0.158696

21 15 0.16162

22 15 0.163907

23 15 0.165547

24 15 0.166533

25 15 0.166862

26 15 0.166533

27 15 0.165547

28 15 0.163907

29 15 0.16162

30 15 0.158696

31 15 0.155145

32 15 0.150982

33 15 0.146223

34 15 0.140887

35 15 0.134995

36 15 0.12857

37 15 0.121637

38 15 0.114225

39 15 0.106362

40 15 0.0980793

41 15 0.0894094

42 15 0.0803866

43 15 0.0710466

44 15 0.0614262

45 15 0.0515633

46 15 0.041497

47 15 0.0312669

48 15 0.0209134

49 15 0.0104774

50 15 0

0 16 0

1 16 0.0109347

2 16 0.0218262

3 16 0.0326316

4 16 0.0433082

5 16 0.0538139

6 16 0.0641072

7 16 0.0741475

8 16 0.0838952

9 16 0.0933118

10 16 0.10236

11 16 0.111004

12 16 0.119211

13 16 0.126947

14 16 0.134181

15 16 0.140887

16 16 0.147036

17 16 0.152605

18 16 0.157572

19 16 0.161916

20 16 0.165622

21 16 0.168674

22 16 0.171061

23 16 0.172772

24 16 0.173802

25 16 0.174145

26 16 0.173802

27 16 0.172772

28 16 0.171061

29 16 0.168674

30 16 0.165622

31 16 0.161916

32 16 0.157572

33 16 0.152605

34 16 0.147036

35 16 0.140887

36 16 0.134181

37 16 0.126947

38 16 0.119211

39 16 0.111004

40 16 0.10236

41 16 0.0933118

42 16 0.0838952

43 16 0.0741475

44 16 0.0641072

45 16 0.0538139

46 16 0.0433082

47 16 0.0326316

48 16 0.0218262

49 16 0.0109347

50 16 0

0 17 0

1 17 0.0113488

2 17 0.0226529

3 17 0.0338675

4 17 0.0449485

5 17 0.0558521

6 17 0.0665353

7 17 0.0769559

8 17 0.0870727

9 17 0.096846

10 17 0.106237

11 17 0.115209

12 17 0.123726

13 17 0.131755

14 17 0.139263

15 17 0.146223

16 17 0.152605

17 17 0.158385

18 17 0.16354

19 17 0.168049

20 17 0.171895

21 17 0.175063

22 17 0.17754

23 17 0.179316

24 17 0.180385

25 17 0.180741

26 17 0.180385

27 17 0.179316

28 17 0.17754

29 17 0.175063

30 17 0.171895

31 17 0.168049

32 17 0.16354

33 17 0.158385

34 17 0.152605

35 17 0.146223

36 17 0.139263

37 17 0.131755

38 17 0.123726

39 17 0.115209

40 17 0.106237

41 17 0.096846

42 17 0.0870727

43 17 0.0769559

44 17 0.0665353

45 17 0.0558521

46 17 0.0449485

47 17 0.0338675

48 17 0.0226529

49 17 0.0113488

50 17 0

0 18 0

1 18 0.0117182

2 18 0.0233901

3 18 0.0349698

4 18 0.0464114

5 18 0.0576699

6 18 0.0687007

7 18 0.0794605

8 18 0.0899066

9 18 0.0999979

10 18 0.109695

11 18 0.118958

12 18 0.127753

13 18 0.136043

14 18 0.143796

15 18 0.150982

16 18 0.157572

17 18 0.16354

18 18 0.168862

19 18 0.173518

20 18 0.17749

21 18 0.18076

22 18 0.183318

23 18 0.185152

24 18 0.186255

25 18 0.186624

26 18 0.186255

27 18 0.185152

28 18 0.183318

29 18 0.18076

30 18 0.17749

31 18 0.173518

32 18 0.168862

33 18 0.16354

34 18 0.157572

35 18 0.150982

36 18 0.143796

37 18 0.136043

38 18 0.127753

39 18 0.118958

40 18 0.109695

41 18 0.0999979

42 18 0.0899066

43 18 0.0794605

44 18 0.0687007

45 18 0.0576699

46 18 0.0464114

47 18 0.0349698

48 18 0.0233901

49 18 0.0117182

50 18 0

0 19 0

1 19 0.0120413

2 19 0.0240351

3 19 0.035934

4 19 0.0476911

5 19 0.05926

6 19 0.0705951

7 19 0.0816515

8 19 0.0923857

9 19 0.102755

10 19 0.112719

11 19 0.122238

12 19 0.131275

13 19 0.139794

14 19 0.147761

15 19 0.155145

16 19 0.161916

17 19 0.168049

18 19 0.173518

19 19 0.178303

20 19 0.182384

21 19 0.185745

22 19 0.188373

23 19 0.190257

24 19 0.191391

25 19 0.19177

26 19 0.191391

27 19 0.190257

28 19 0.188373

29 19 0.185745

30 19 0.182384

31 19 0.178303

32 19 0.173518

33 19 0.168049

34 19 0.161916

35 19 0.155145

36 19 0.147761

37 19 0.139794

38 19 0.131275

39 19 0.122238

40 19 0.112719

41 19 0.102755

42 19 0.0923857

43 19 0.0816515

44 19 0.0705951

45 19 0.05926

46 19 0.0476911

47 19 0.035934

48 19 0.0240351

49 19 0.0120413

50 19 0

0 20 0

1 20 0.0123169

2 20 0.0245852

3 20 0.0367565

4 20 0.0487827

5 20 0.0606163

6 20 0.0722108

7 20 0.0835203

8 20 0.0945001

9 20 0.105107

10 20 0.115299

11 20 0.125036

12 20 0.13428

13 20 0.142993

14 20 0.151143

15 20 0.158696

16 20 0.165622

17 20 0.171895

18 20 0.17749

19 20 0.182384

20 20 0.186558

21 20 0.189996

22 20 0.192684

23 20 0.194612

24 20 0.195772

25 20 0.196159

26 20 0.195772

27 20 0.194612

28 20 0.192684

29 20 0.189996

30 20 0.186558

31 20 0.182384

32 20 0.17749

33 20 0.171895

34 20 0.165622

35 20 0.158696

36 20 0.151143

37 20 0.142993

38 20 0.13428

39 20 0.125036

40 20 0.115299

41 20 0.105107

42 20 0.0945001

43 20 0.0835203

44 20 0.0722108

45 20 0.0606163

46 20 0.0487827

47 20 0.0367565

48 20 0.0245852

49 20 0.0123169

50 20 0

0 21 0

1 21 0.0125439

2 21 0.0250383

3 21 0.0374338

4 21 0.0496817

5 21 0.0617334

6 21 0.0735415

7 21 0.0850594

8 21 0.0962416

9 21 0.107044

10 21 0.117424

11 21 0.12734

12 21 0.136754

13 21 0.145629

14 21 0.153928

15 21 0.16162

16 21 0.168674

17 21 0.175063

18 21 0.18076

19 21 0.185745

20 21 0.189996

21 21 0.193497

22 21 0.196235

23 21 0.198198

24 21 0.199379

25 21 0.199774

26 21 0.199379

27 21 0.198198

28 21 0.196235

29 21 0.193497

30 21 0.189996

31 21 0.185745

32 21 0.18076

33 21 0.175063

34 21 0.168674

35 21 0.16162

36 21 0.153928

37 21 0.145629

38 21 0.136754

39 21 0.12734

40 21 0.117424

41 21 0.107044

42 21 0.0962416

43 21 0.0850594

44 21 0.0735415

45 21 0.0617334

46 21 0.0496817

47 21 0.0374338

48 21 0.0250383

49 21 0.0125439

50 21 0

0 22 0

1 22 0.0127214

2 22 0.0253925

3 22 0.0379635

4 22 0.0503846

5 22 0.0626069

6 22 0.074582

7 22 0.0862629

8 22 0.0976033

9 22 0.108559

10 22 0.119085

11 22 0.129142

12 22 0.138689

13 22 0.147689

14 22 0.156106

15 22 0.163907

16 22 0.171061

17 22 0.17754

18 22 0.183318

19 22 0.188373

20 22 0.192684

21 22 0.196235

22 22 0.199011

23 22 0.201002

24 22 0.2022

25 22 0.2026

26 22 0.2022

27 22 0.201002

28 22 0.199011

29 22 0.196235

30 22 0.192684

31 22 0.188373

32 22 0.183318

33 22 0.17754

34 22 0.171061

35 22 0.163907

36 22 0.156106

37 22 0.147689

38 22 0.138689

39 22 0.129142

40 22 0.119085

41 22 0.108559

42 22 0.0976033

43 22 0.0862629

44 22 0.074582

45 22 0.0626069

46 22 0.0503846

47 22 0.0379635

48 22 0.0253925

49 22 0.0127214

50 22 0

0 23 0

1 23 0.0128486

2 23 0.0256466

3 23 0.0383433

4 23 0.0508887

5 23 0.0632332

6 23 0.0753282

7 23 0.0871259

8 23 0.0985798

9 23 0.109645

10 23 0.120277

11 23 0.130434

12 23 0.140077

13 23 0.149167

14 23 0.157668

15 23 0.165547

16 23 0.172772

17 23 0.179316

18 23 0.185152

19 23 0.190257

20 23 0.194612

21 23 0.198198

22 23 0.201002

23 23 0.203013

24 23 0.204223

25 23 0.204627

26 23 0.204223

27 23 0.203013

28 23 0.201002

29 23 0.198198

30 23 0.194612

31 23 0.190257

32 23 0.185152

33 23 0.179316

34 23 0.172772

35 23 0.165547

36 23 0.157668

37 23 0.149167

38 23 0.140077

39 23 0.130434

40 23 0.120277

41 23 0.109645

42 23 0.0985798

43 23 0.0871259

44 23 0.0753282

45 23 0.0632332

46 23 0.0508887

47 23 0.0383433

48 23 0.0256466

49 23 0.0128486

50 23 0

0 24 0

1 24 0.0129252

2 24 0.0257994

3 24 0.0385718

4 24 0.0511919

5 24 0.06361

6 24 0.0757771

7 24 0.0876451

8 24 0.0991672

9 24 0.110298

10 24 0.120993

11 24 0.131211

12 24 0.140912

13 24 0.150056

14 24 0.158607

15 24 0.166533

16 24 0.173802

17 24 0.180385

18 24 0.186255

19 24 0.191391

20 24 0.195772

21 24 0.199379

22 24 0.2022

23 24 0.204223

24 24 0.20544

25 24 0.205846

26 24 0.20544

27 24 0.204223

28 24 0.2022

29 24 0.199379

30 24 0.195772

31 24 0.191391

32 24 0.186255

33 24 0.180385

34 24 0.173802

35 24 0.166533

36 24 0.158607

37 24 0.150056

38 24 0.140912

39 24 0.131211

40 24 0.120993

41 24 0.110298

42 24 0.0991672

43 24 0.0876451

44 24 0.0757771

45 24 0.06361

46 24 0.0511919

47 24 0.0385718

48 24 0.0257994

49 24 0.0129252

50 24 0

0 25 0

1 25 0.0129508

2 25 0.0258504

3 25 0.038648

4 25 0.0512931

5 25 0.0637358

6 25 0.0759269

7 25 0.0878184

8 25 0.0993633

9 25 0.110516

10 25 0.121233

11 25 0.131471

12 25 0.14119

13 25 0.150352

14 25 0.158921

15 25 0.166862

16 25 0.174145

17 25 0.180741

18 25 0.186624

19 25 0.19177

20 25 0.196159

21 25 0.199774

22 25 0.2026

23 25 0.204627

24 25 0.205846

25 25 0.206253

26 25 0.205846

27 25 0.204627

28 25 0.2026

29 25 0.199774

30 25 0.196159

31 25 0.19177

32 25 0.186624

33 25 0.180741

34 25 0.174145

35 25 0.166862

36 25 0.158921

37 25 0.150352

38 25 0.14119

39 25 0.131471

40 25 0.121233

41 25 0.110516

42 25 0.0993633

43 25 0.0878184

44 25 0.0759269

45 25 0.0637358

46 25 0.0512931

47 25 0.038648

48 25 0.0258504

49 25 0.0129508

50 25 0

0 26 0

1 26 0.0129252

2 26 0.0257994

3 26 0.0385718

4 26 0.0511919

5 26 0.06361

6 26 0.0757771

7 26 0.0876451

8 26 0.0991672

9 26 0.110298

10 26 0.120993

11 26 0.131211

12 26 0.140912

13 26 0.150056

14 26 0.158607

15 26 0.166533

16 26 0.173802

17 26 0.180385

18 26 0.186255

19 26 0.191391

20 26 0.195772

21 26 0.199379

22 26 0.2022

23 26 0.204223

24 26 0.20544

25 26 0.205846

26 26 0.20544

27 26 0.204223

28 26 0.2022

29 26 0.199379

30 26 0.195772

31 26 0.191391

32 26 0.186255

33 26 0.180385

34 26 0.173802

35 26 0.166533

36 26 0.158607

37 26 0.150056

38 26 0.140912

39 26 0.131211

40 26 0.120993

41 26 0.110298

42 26 0.0991672

43 26 0.0876451

44 26 0.0757771

45 26 0.06361

46 26 0.0511919

47 26 0.0385718

48 26 0.0257994

49 26 0.0129252

50 26 0

0 27 0

1 27 0.0128486

2 27 0.0256466

3 27 0.0383433

4 27 0.0508887

5 27 0.0632332

6 27 0.0753282

7 27 0.0871259

8 27 0.0985798

9 27 0.109645

10 27 0.120277

11 27 0.130434

12 27 0.140077

13 27 0.149167

14 27 0.157668

15 27 0.165547

16 27 0.172772

17 27 0.179316

18 27 0.185152

19 27 0.190257

20 27 0.194612

21 27 0.198198

22 27 0.201002

23 27 0.203013

24 27 0.204223

25 27 0.204627

26 27 0.204223

27 27 0.203013

28 27 0.201002

29 27 0.198198

30 27 0.194612

31 27 0.190257

32 27 0.185152

33 27 0.179316

34 27 0.172772

35 27 0.165547

36 27 0.157668

37 27 0.149167

38 27 0.140077

39 27 0.130434

40 27 0.120277

41 27 0.109645

42 27 0.0985798

43 27 0.0871259

44 27 0.0753282

45 27 0.0632332

46 27 0.0508887

47 27 0.0383433

48 27 0.0256466

49 27 0.0128486

50 27 0

0 28 0

1 28 0.0127214

2 28 0.0253925

3 28 0.0379635

4 28 0.0503846

5 28 0.0626069

6 28 0.074582

7 28 0.0862629

8 28 0.0976033

9 28 0.108559

10 28 0.119085

11 28 0.129142

12 28 0.138689

13 28 0.147689

14 28 0.156106

15 28 0.163907

16 28 0.171061

17 28 0.17754

18 28 0.183318

19 28 0.188373

20 28 0.192684

21 28 0.196235

22 28 0.199011

23 28 0.201002

24 28 0.2022

25 28 0.2026

26 28 0.2022

27 28 0.201002

28 28 0.199011

29 28 0.196235

30 28 0.192684

31 28 0.188373

32 28 0.183318

33 28 0.17754

34 28 0.171061

35 28 0.163907

36 28 0.156106

37 28 0.147689

38 28 0.138689

39 28 0.129142

40 28 0.119085

41 28 0.108559

42 28 0.0976033

43 28 0.0862629

44 28 0.074582

45 28 0.0626069

46 28 0.0503846

47 28 0.0379635

48 28 0.0253925

49 28 0.0127214

50 28 0

0 29 0

1 29 0.0125439

2 29 0.0250383

3 29 0.0374338

4 29 0.0496817

5 29 0.0617334

6 29 0.0735415

7 29 0.0850594

8 29 0.0962416

9 29 0.107044

10 29 0.117424

11 29 0.12734

12 29 0.136754

13 29 0.145629

14 29 0.153928

15 29 0.16162

16 29 0.168674

17 29 0.175063

18 29 0.18076

19 29 0.185745

20 29 0.189996

21 29 0.193497

22 29 0.196235

23 29 0.198198

24 29 0.199379

25 29 0.199774

26 29 0.199379

27 29 0.198198

28 29 0.196235

29 29 0.193497

30 29 0.189996

31 29 0.185745

32 29 0.18076

33 29 0.175063

34 29 0.168674

35 29 0.16162

36 29 0.153928

37 29 0.145629

38 29 0.136754

39 29 0.12734

40 29 0.117424

41 29 0.107044

42 29 0.0962416

43 29 0.0850594

44 29 0.0735415

45 29 0.0617334

46 29 0.0496817

47 29 0.0374338

48 29 0.0250383

49 29 0.0125439

50 29 0

0 30 0

1 30 0.0123169

2 30 0.0245852

3 30 0.0367565

4 30 0.0487827

5 30 0.0606163

6 30 0.0722108

7 30 0.0835203

8 30 0.0945001

9 30 0.105107

10 30 0.115299

11 30 0.125036

12 30 0.13428

13 30 0.142993

14 30 0.151143

15 30 0.158696

16 30 0.165622

17 30 0.171895

18 30 0.17749

19 30 0.182384

20 30 0.186558

21 30 0.189996

22 30 0.192684

23 30 0.194612

24 30 0.195772

25 30 0.196159

26 30 0.195772

27 30 0.194612

28 30 0.192684

29 30 0.189996

30 30 0.186558

31 30 0.182384

32 30 0.17749

33 30 0.171895

34 30 0.165622

35 30 0.158696

36 30 0.151143

37 30 0.142993

38 30 0.13428

39 30 0.125036

40 30 0.115299

41 30 0.105107

42 30 0.0945001

43 30 0.0835203

44 30 0.0722108

45 30 0.0606163

46 30 0.0487827

47 30 0.0367565

48 30 0.0245852

49 30 0.0123169

50 30 0

0 31 0

1 31 0.0120413

2 31 0.0240351

3 31 0.035934

4 31 0.0476911

5 31 0.05926

6 31 0.0705951

7 31 0.0816515

8 31 0.0923857

9 31 0.102755

10 31 0.112719

11 31 0.122238

12 31 0.131275

13 31 0.139794

14 31 0.147761

15 31 0.155145

16 31 0.161916

17 31 0.168049

18 31 0.173518

19 31 0.178303

20 31 0.182384

21 31 0.185745

22 31 0.188373

23 31 0.190257

24 31 0.191391

25 31 0.19177

26 31 0.191391

27 31 0.190257

28 31 0.188373

29 31 0.185745

30 31 0.182384

31 31 0.178303

32 31 0.173518

33 31 0.168049

34 31 0.161916

35 31 0.155145

36 31 0.147761

37 31 0.139794

38 31 0.131275

39 31 0.122238

40 31 0.112719

41 31 0.102755

42 31 0.0923857

43 31 0.0816515

44 31 0.0705951

45 31 0.05926

46 31 0.0476911

47 31 0.035934

48 31 0.0240351

49 31 0.0120413

50 31 0

0 32 0

1 32 0.0117182

2 32 0.0233901

3 32 0.0349698

4 32 0.0464114

5 32 0.0576699

6 32 0.0687007

7 32 0.0794605

8 32 0.0899066

9 32 0.0999979

10 32 0.109695

11 32 0.118958

12 32 0.127753

13 32 0.136043

14 32 0.143796

15 32 0.150982

16 32 0.157572

17 32 0.16354

18 32 0.168862

19 32 0.173518

20 32 0.17749

21 32 0.18076

22 32 0.183318

23 32 0.185152

24 32 0.186255

25 32 0.186624

26 32 0.186255

27 32 0.185152

28 32 0.183318

29 32 0.18076

30 32 0.17749

31 32 0.173518

32 32 0.168862

33 32 0.16354

34 32 0.157572

35 32 0.150982

36 32 0.143796

37 32 0.136043

38 32 0.127753

39 32 0.118958

40 32 0.109695

41 32 0.0999979

42 32 0.0899066

43 32 0.0794605

44 32 0.0687007

45 32 0.0576699

46 32 0.0464114

47 32 0.0349698

48 32 0.0233901

49 32 0.0117182

50 32 0

0 33 0

1 33 0.0113488

2 33 0.0226529

3 33 0.0338675

4 33 0.0449485

5 33 0.0558521

6 33 0.0665353

7 33 0.0769559

8 33 0.0870727

9 33 0.096846

10 33 0.106237

11 33 0.115209

12 33 0.123726

13 33 0.131755

14 33 0.139263

15 33 0.146223

16 33 0.152605

17 33 0.158385

18 33 0.16354

19 33 0.168049

20 33 0.171895

21 33 0.175063

22 33 0.17754

23 33 0.179316

24 33 0.180385

25 33 0.180741

26 33 0.180385

27 33 0.179316

28 33 0.17754

29 33 0.175063

30 33 0.171895

31 33 0.168049

32 33 0.16354

33 33 0.158385

34 33 0.152605

35 33 0.146223

36 33 0.139263

37 33 0.131755

38 33 0.123726

39 33 0.115209

40 33 0.106237

41 33 0.096846

42 33 0.0870727

43 33 0.0769559

44 33 0.0665353

45 33 0.0558521

46 33 0.0449485

47 33 0.0338675

48 33 0.0226529

49 33 0.0113488

50 33 0

0 34 0

1 34 0.0109347

2 34 0.0218262

3 34 0.0326316

4 34 0.0433082

5 34 0.0538139

6 34 0.0641072

7 34 0.0741475

8 34 0.0838952

9 34 0.0933118

10 34 0.10236

11 34 0.111004

12 34 0.119211

13 34 0.126947

14 34 0.134181

15 34 0.140887

16 34 0.147036

17 34 0.152605

18 34 0.157572

19 34 0.161916

20 34 0.165622

21 34 0.168674

22 34 0.171061

23 34 0.172772

24 34 0.173802

25 34 0.174145

26 34 0.173802

27 34 0.172772

28 34 0.171061

29 34 0.168674

30 34 0.165622

31 34 0.161916

32 34 0.157572

33 34 0.152605

34 34 0.147036

35 34 0.140887

36 34 0.134181

37 34 0.126947

38 34 0.119211

39 34 0.111004

40 34 0.10236

41 34 0.0933118

42 34 0.0838952

43 34 0.0741475

44 34 0.0641072

45 34 0.0538139

46 34 0.0433082

47 34 0.0326316

48 34 0.0218262

49 34 0.0109347

50 34 0

0 35 0

1 35 0.0104774

2 35 0.0209134

3 35 0.0312669

4 35 0.041497

5 35 0.0515633

6 35 0.0614262

7 35 0.0710466

8 35 0.0803866

9 35 0.0894094

10 35 0.0980793

11 35 0.106362

12 35 0.114225

13 35 0.121637

14 35 0.12857

15 35 0.134995

16 35 0.140887

17 35 0.146223

18 35 0.150982

19 35 0.155145

20 35 0.158696

21 35 0.16162

22 35 0.163907

23 35 0.165547

24 35 0.166533

25 35 0.166862

26 35 0.166533

27 35 0.165547

28 35 0.163907

29 35 0.16162

30 35 0.158696

31 35 0.155145

32 35 0.150982

33 35 0.146223

34 35 0.140887

35 35 0.134995

36 35 0.12857

37 35 0.121637

38 35 0.114225

39 35 0.106362

40 35 0.0980793

41 35 0.0894094

42 35 0.0803866

43 35 0.0710466

44 35 0.0614262

45 35 0.0515633

46 35 0.041497

47 35 0.0312669

48 35 0.0209134

49 35 0.0104774

50 35 0

0 36 0

1 36 0.00997873

2 36 0.0199181

3 36 0.0297788

4 36 0.039522

5 36 0.0491093

6 36 0.0585027

7 36 0.0676652

8 36 0.0765607

9 36 0.0851541

10 36 0.0934114

11 36 0.1013

12 36 0.108789

13 36 0.115848

14 36 0.122451

15 36 0.12857

16 36 0.134181

17 36 0.139263

18 36 0.143796

19 36 0.147761

20 36 0.151143

21 36 0.153928

22 36 0.156106

23 36 0.157668

24 36 0.158607

25 36 0.158921

26 36 0.158607

27 36 0.157668

28 36 0.156106

29 36 0.153928

30 36 0.151143

31 36 0.147761

32 36 0.143796

33 36 0.139263

34 36 0.134181

35 36 0.12857

36 36 0.122451

37 36 0.115848

38 36 0.108789

39 36 0.1013

40 36 0.0934114

41 36 0.0851541

42 36 0.0765607

43 36 0.0676652

44 36 0.0585027

45 36 0.0491093

46 36 0.039522

47 36 0.0297788

48 36 0.0199181

49 36 0.00997873

50 36 0

0 37 0

1 37 0.00944069

2 37 0.0188441

3 37 0.0281732

4 37 0.0373911

5 37 0.0464614

6 37 0.0553483

7 37 0.0640169

8 37 0.0724327

9 37 0.0805627

10 37 0.0883748

11 37 0.0958381

12 37 0.102923

13 37 0.109602

14 37 0.115848

15 37 0.121637

16 37 0.126947

17 37 0.131755

18 37 0.136043

19 37 0.139794

20 37 0.142993

21 37 0.145629

22 37 0.147689

23 37 0.149167

24 37 0.150056

25 37 0.150352

26 37 0.150056

27 37 0.149167

28 37 0.147689

29 37 0.145629

30 37 0.142993

31 37 0.139794

32 37 0.136043

33 37 0.131755

34 37 0.126947

35 37 0.121637

36 37 0.115848

37 37 0.109602

38 37 0.102923

39 37 0.0958381

40 37 0.0883748

41 37 0.0805627

42 37 0.0724327

43 37 0.0640169

44 37 0.0553483

45 37 0.0464614

46 37 0.0373911

47 37 0.0281732

48 37 0.0188441

49 37 0.00944069

50 37 0

0 38 0

1 38 0.0088654

2 38 0.0176958

3 38 0.0264564

4 38 0.0351126

5 38 0.0436301

6 38 0.0519756

7 38 0.0601158

8 38 0.0680189

9 38 0.0756535

10 38 0.0829895

11 38 0.089998

12 38 0.0966513

13 38 0.102923

14 38 0.108789

15 38 0.114225

16 38 0.119211

17 38 0.123726

18 38 0.127753

19 38 0.131275

20 38 0.13428

21 38 0.136754

22 38 0.138689

23 38 0.140077

24 38 0.140912

25 38 0.14119

26 38 0.140912

27 38 0.140077

28 38 0.138689

29 38 0.136754

30 38 0.13428

31 38 0.131275

32 38 0.127753

33 38 0.123726

34 38 0.119211

35 38 0.114225

36 38 0.108789

37 38 0.102923

38 38 0.0966513

39 38 0.089998

40 38 0.0829895

41 38 0.0756535

42 38 0.0680189

43 38 0.0601158

44 38 0.0519756

45 38 0.0436301

46 38 0.0351126

47 38 0.0264564

48 38 0.0176958

49 38 0.0088654

50 38 0

0 39 0

1 39 0.00825512

2 39 0.0164777

3 39 0.0246352

4 39 0.0326955

5 39 0.0406267

6 39 0.0483976

7 39 0.0559776

8 39 0.0633366

9 39 0.0704456

10 39 0.0772766

11 39 0.0838027

12 39 0.089998

13 39 0.0958381

14 39 0.1013

15 39 0.106362

16 39 0.111004

17 39 0.115209

18 39 0.118958

19 39 0.122238

20 39 0.125036

21 39 0.12734

22 39 0.129142

23 39 0.130434

24 39 0.131211

25 39 0.131471

26 39 0.131211

27 39 0.130434

28 39 0.129142

29 39 0.12734

30 39 0.125036

31 39 0.122238

32 39 0.118958

33 39 0.115209

34 39 0.111004

35 39 0.106362

36 39 0.1013

37 39 0.0958381

38 39 0.089998

39 39 0.0838027

40 39 0.0772766

41 39 0.0704456

42 39 0.0633366

43 39 0.0559776

44 39 0.0483976

45 39 0.0406267

46 39 0.0326955

47 39 0.0246352

48 39 0.0164777

49 39 0.00825512

50 39 0

0 40 0

1 40 0.00761226

2 40 0.0151945

3 40 0.0227167

4 40 0.0301493

5 40 0.037463

6 40 0.0446287

7 40 0.0516184

8 40 0.0584043

9 40 0.0649597

10 40 0.0712588

11 40 0.0772766

12 40 0.0829895

13 40 0.0883748

14 40 0.0934114

15 40 0.0980793

16 40 0.10236

17 40 0.106237

18 40 0.109695

19 40 0.112719

20 40 0.115299

21 40 0.117424

22 40 0.119085

23 40 0.120277

24 40 0.120993

25 40 0.121233

26 40 0.120993

27 40 0.120277

28 40 0.119085

29 40 0.117424

30 40 0.115299

31 40 0.112719

32 40 0.109695

33 40 0.106237

34 40 0.10236

35 40 0.0980793

36 40 0.0934114

37 40 0.0883748

38 40 0.0829895

39 40 0.0772766

40 40 0.0712588

41 40 0.0649597

42 40 0.0584043

43 40 0.0516184

44 40 0.0446287

45 40 0.037463

46 40 0.0301493

47 40 0.0227167

48 40 0.0151945

49 40 0.00761226

50 40 0

0 41 0

1 41 0.00693936

2 41 0.0138513

3 41 0.0207086

4 41 0.0274842

5 41 0.0341513

6 41 0.0406837

7 41 0.0470555

8 41 0.0532415

9 41 0.0592175

10 41 0.0649597

11 41 0.0704456

12 41 0.0756535

13 41 0.0805627

14 41 0.0851541

15 41 0.0894094

16 41 0.0933118

17 41 0.096846

18 41 0.0999979

19 41 0.102755

20 41 0.105107

21 41 0.107044

22 41 0.108559

23 41 0.109645

24 41 0.110298

25 41 0.110516

26 41 0.110298

27 41 0.109645

28 41 0.108559

29 41 0.107044

30 41 0.105107

31 41 0.102755

32 41 0.0999979

33 41 0.096846

34 41 0.0933118

35 41 0.0894094

36 41 0.0851541

37 41 0.0805627

38 41 0.0756535

39 41 0.0704456

40 41 0.0649597

41 41 0.0592175

42 41 0.0532415

43 41 0.0470555

44 41 0.0406837

45 41 0.0341513

46 41 0.0274842

47 41 0.0207086

48 41 0.0138513

49 41 0.00693936

50 41 0

0 42 0

1 42 0.00623907

2 42 0.0124535

3 42 0.0186188

4 42 0.0247106

5 42 0.030705

6 42 0.0365781

7 42 0.0423068

8 42 0.0478686

9 42 0.0532415

10 42 0.0584043

11 42 0.0633366

12 42 0.0680189

13 42 0.0724327

14 42 0.0765607

15 42 0.0803866

16 42 0.0838952

17 42 0.0870727

18 42 0.0899066

19 42 0.0923857

20 42 0.0945001

21 42 0.0962416

22 42 0.0976033

23 42 0.0985798

24 42 0.0991672

25 42 0.0993633

26 42 0.0991672

27 42 0.0985798

28 42 0.0976033

29 42 0.0962416

30 42 0.0945001

31 42 0.0923857

32 42 0.0899066

33 42 0.0870727

34 42 0.0838952

35 42 0.0803866

36 42 0.0765607

37 42 0.0724327

38 42 0.0680189

39 42 0.0633366

40 42 0.0584043

41 42 0.0532415

42 42 0.0478686

43 42 0.0423068

44 42 0.0365781

45 42 0.030705

46 42 0.0247106

47 42 0.0186188

48 42 0.0124535

49 42 0.00623907

50 42 0

0 43 0

1 43 0.00551416

2 43 0.0110066

3 43 0.0164555

4 43 0.0218395

5 43 0.0271374

6 43 0.0323281

7 43 0.0373913

8 43 0.0423068

9 43 0.0470555

10 43 0.0516184

11 43 0.0559776

12 43 0.0601158

13 43 0.0640169

14 43 0.0676652

15 43 0.0710466

16 43 0.0741475

17 43 0.0769559

18 43 0.0794605

19 43 0.0816515

20 43 0.0835203

21 43 0.0850594

22 43 0.0862629

23 43 0.0871259

24 43 0.0876451

25 43 0.0878184

26 43 0.0876451

27 43 0.0871259

28 43 0.0862629

29 43 0.0850594

30 43 0.0835203

31 43 0.0816515

32 43 0.0794605

33 43 0.0769559

34 43 0.0741475

35 43 0.0710466

36 43 0.0676652

37 43 0.0640169

38 43 0.0601158

39 43 0.0559776

40 43 0.0516184

41 43 0.0470555

42 43 0.0423068

43 43 0.0373913

44 43 0.0323281

45 43 0.0271374

46 43 0.0218395

47 43 0.0164555

48 43 0.0110066

49 43 0.00551416

50 43 0

0 44 0

1 44 0.00476749

2 44 0.00951617

3 44 0.0142273

4 44 0.0188823

5 44 0.0234627

6 44 0.0279506

7 44 0.0323281

8 44 0.0365781

9 44 0.0406837

10 44 0.0446287

11 44 0.0483976

12 44 0.0519756

13 44 0.0553483

14 44 0.0585027

15 44 0.0614262

16 44 0.0641072

17 44 0.0665353

18 44 0.0687007

19 44 0.0705951

20 44 0.0722108

21 44 0.0735415

22 44 0.074582

23 44 0.0753282

24 44 0.0757771

25 44 0.0759269

26 44 0.0757771

27 44 0.0753282

28 44 0.074582

29 44 0.0735415

30 44 0.0722108

31 44 0.0705951

32 44 0.0687007

33 44 0.0665353

34 44 0.0641072

35 44 0.0614262

36 44 0.0585027

37 44 0.0553483

38 44 0.0519756

39 44 0.0483976

40 44 0.0446287

41 44 0.0406837

42 44 0.0365781

43 44 0.0323281

44 44 0.0279506

45 44 0.0234627

46 44 0.0188823

47 44 0.0142273

48 44 0.00951617

49 44 0.00476749

50 44 0

0 45 0

1 45 0.004002

2 45 0.00798821

3 45 0.0119429

4 45 0.0158504

5 45 0.0196954

6 45 0.0234627

7 45 0.0271374

8 45 0.030705

9 45 0.0341513

10 45 0.037463

11 45 0.0406267

12 45 0.0436301

13 45 0.0464614

14 45 0.0491093

15 45 0.0515633

16 45 0.0538139

17 45 0.0558521

18 45 0.0576699

19 45 0.05926

20 45 0.0606163

21 45 0.0617334

22 45 0.0626069

23 45 0.0632332

24 45 0.06361

25 45 0.0637358

26 45 0.06361

27 45 0.0632332

28 45 0.0626069

29 45 0.0617334

30 45 0.0606163

31 45 0.05926

32 45 0.0576699

33 45 0.0558521

34 45 0.0538139

35 45 0.0515633

36 45 0.0491093

37 45 0.0464614

38 45 0.0436301

39 45 0.0406267

40 45 0.037463

41 45 0.0341513

42 45 0.030705

43 45 0.0271374

44 45 0.0234627

45 45 0.0196954

46 45 0.0158504

47 45 0.0119429

48 45 0.00798821

49 45 0.004002

50 45 0

0 46 0

1 46 0.00322072

2 46 0.00642873

3 46 0.00961137

4 46 0.0127561

5 46 0.0158504

6 46 0.0188823

7 46 0.0218395

8 46 0.0247106

9 46 0.0274842

10 46 0.0301493

11 46 0.0326955

12 46 0.0351126

13 46 0.0373911

14 46 0.039522

15 46 0.041497

16 46 0.0433082

17 46 0.0449485

18 46 0.0464114

19 46 0.0476911

20 46 0.0487827

21 46 0.0496817

22 46 0.0503846

23 46 0.0508887

24 46 0.0511919

25 46 0.0512931

26 46 0.0511919

27 46 0.0508887

28 46 0.0503846

29 46 0.0496817

30 46 0.0487827

31 46 0.0476911

32 46 0.0464114

33 46 0.0449485

34 46 0.0433082

35 46 0.041497

36 46 0.039522

37 46 0.0373911

38 46 0.0351126

39 46 0.0326955

40 46 0.0301493

41 46 0.0274842

42 46 0.0247106

43 46 0.0218395

44 46 0.0188823

45 46 0.0158504

46 46 0.0127561

47 46 0.00961137

48 46 0.00642873

49 46 0.00322072

50 46 0

0 47 0

1 47 0.00242673

2 47 0.00484388

3 47 0.00724192

4 47 0.00961137

5 47 0.0119429

6 47 0.0142273

7 47 0.0164555

8 47 0.0186188

9 47 0.0207086

10 47 0.0227167

11 47 0.0246352

12 47 0.0264564

13 47 0.0281732

14 47 0.0297788

15 47 0.0312669

16 47 0.0326316

17 47 0.0338675

18 47 0.0349698

19 47 0.035934

20 47 0.0367565

21 47 0.0374338

22 47 0.0379635

23 47 0.0383433

24 47 0.0385718

25 47 0.038648

26 47 0.0385718

27 47 0.0383433

28 47 0.0379635

29 47 0.0374338

30 47 0.0367565

31 47 0.035934

32 47 0.0349698

33 47 0.0338675

34 47 0.0326316

35 47 0.0312669

36 47 0.0297788

37 47 0.0281732

38 47 0.0264564

39 47 0.0246352

40 47 0.0227167

41 47 0.0207086

42 47 0.0186188

43 47 0.0164555

44 47 0.0142273

45 47 0.0119429

46 47 0.00961137

47 47 0.00724192

48 47 0.00484388

49 47 0.00242673

50 47 0

0 48 0

1 48 0.00162316

2 48 0.00323991

3 48 0.00484388

4 48 0.00642873

5 48 0.00798821

6 48 0.00951617

7 48 0.0110066

8 48 0.0124535

9 48 0.0138513

10 48 0.0151945

11 48 0.0164777

12 48 0.0176958

13 48 0.0188441

14 48 0.0199181

15 48 0.0209134

16 48 0.0218262

17 48 0.0226529

18 48 0.0233901

19 48 0.0240351

20 48 0.0245852

21 48 0.0250383

22 48 0.0253925

23 48 0.0256466

24 48 0.0257994

25 48 0.0258504

26 48 0.0257994

27 48 0.0256466

28 48 0.0253925

29 48 0.0250383

30 48 0.0245852

31 48 0.0240351

32 48 0.0233901

33 48 0.0226529

34 48 0.0218262

35 48 0.0209134

36 48 0.0199181

37 48 0.0188441

38 48 0.0176958

39 48 0.0164777

40 48 0.0151945

41 48 0.0138513

42 48 0.0124535

43 48 0.0110066

44 48 0.00951617

45 48 0.00798821

46 48 0.00642873

47 48 0.00484388

48 48 0.00323991

49 48 0.00162316

50 48 0

0 49 0

1 49 0.000813185

2 49 0.00162316

3 49 0.00242673

4 49 0.00322072

5 49 0.004002

6 49 0.00476749

7 49 0.00551416

8 49 0.00623907

9 49 0.00693936

10 49 0.00761226

11 49 0.00825512

12 49 0.0088654

13 49 0.00944069

14 49 0.00997873

15 49 0.0104774

16 49 0.0109347

17 49 0.0113488

18 49 0.0117182

19 49 0.0120413

20 49 0.0123169

21 49 0.0125439

22 49 0.0127214

23 49 0.0128486

24 49 0.0129252

25 49 0.0129508

26 49 0.0129252

27 49 0.0128486

28 49 0.0127214

29 49 0.0125439

30 49 0.0123169

31 49 0.0120413

32 49 0.0117182

33 49 0.0113488

34 49 0.0109347

35 49 0.0104774

36 49 0.00997873

37 49 0.00944069

38 49 0.0088654

39 49 0.00825512

40 49 0.00761226

41 49 0.00693936

42 49 0.00623907

43 49 0.00551416

44 49 0.00476749

45 49 0.004002

46 49 0.00322072

47 49 0.00242673

48 49 0.00162316

49 49 0.000813185

50 49 0

