0 1 0

1 1 0.000330672

2 1 0.000660039

3 1 0.000986802

4 1 0.00130967

5 1 0.00162737

6 1 0.00193865

7 1 0.00224227

8 1 0.00253705

9 1 0.00282181

10 1 0.00309544

11 1 0.00335685

12 1 0.00360501

13 1 0.00383895

14 1 0.00405774

15 1 0.00426051

16 1 0.00444646

17 1 0.00461487

18 1 0.00476507

19 1 0.00489646

20 1 0.00500853

21 1 0.00510083

22 1 0.005173

23 1 0.00522475

24 1 0.00525588

25 1 0.00526628

26 1 0.00525588

27 1 0.00522475

28 1 0.005173

29 1 0.00510083

30 1 0.00500853

31 1 0.00489646

32 1 0.00476507

33 1 0.00461487

34 1 0.00444646

35 1 0.00426051

36 1 0.00405774

37 1 0.00383895

38 1 0.00360501

39 1 0.00335685

40 1 0.00309544

41 1 0.00282181

42 1 0.00253705

43 1 0.00224227

44 1 0.00193865

45 1 0.00162737

46 1 0.00130967

47 1 0.000986802

48 1 0.000660039

49 1 0.000330672

50 1 0

0 2 0

1 2 0.000660039

2 2 0.00131747

3 2 0.00196971

4 2 0.00261417

5 2 0.00324832

6 2 0.00386964

7 2 0.00447569

8 2 0.00506408

9 2 0.00563249

10 2 0.00617866

11 2 0.00670045

12 2 0.0071958

13 2 0.00766275

14 2 0.00809946

15 2 0.0085042

16 2 0.00887538

17 2 0.00921153

18 2 0.00951133

19 2 0.0097736

20 2 0.00999729

21 2 0.0101815

22 2 0.0103256

23 2 0.0104289

24 2 0.010491

25 2 0.0105118

26 2 0.010491

27 2 0.0104289

28 2 0.0103256

29 2 0.0101815

30 2 0.00999729

31 2 0.0097736

32 2 0.00951133

33 2 0.00921153

34 2 0.00887538

35 2 0.0085042

36 2 0.00809946

37 2 0.00766275

38 2 0.0071958

39 2 0.00670045

40 2 0.00617866

41 2 0.00563249

42 2 0.00506408

43 2 0.00447569

44 2 0.00386964

45 2 0.00324832

46 2 0.00261417

47 2 0.00196971

48 2 0.00131747

49 2 0.000660039

50 2 0

0 3 0

1 3 0.000986802

2 3 0.00196971

3 3 0.00294484

4 3 0.00390835

5 3 0.00485644

6 3 0.00578536

7 3 0.00669145

8 3 0.00757113

9 3 0.00842093

10 3 0.0092375

11 3 0.0100176

12 3 0.0107582

13 3 0.0114563

14 3 0.0121092

15 3 0.0127143

16 3 0.0132693

17 3 0.0137718

18 3 0.0142201

19 3 0.0146122

20 3 0.0149466

21 3 0.015222

22 3 0.0154374

23 3 0.0155919

24 3 0.0156848

25 3 0.0157158

26 3 0.0156848

27 3 0.0155919

28 3 0.0154374

29 3 0.015222

30 3 0.0149466

31 3 0.0146122

32 3 0.0142201

33 3 0.0137718

34 3 0.0132693

35 3 0.0127143

36 3 0.0121092

37 3 0.0114563

38 3 0.0107582

39 3 0.0100176

40 3 0.0092375

41 3 0.00842093

42 3 0.00757113

43 3 0.00669145

44 3 0.00578536

45 3 0.00485644

46 3 0.00390835

47 3 0.00294484

48 3 0.00196971

49 3 0.000986802

50 3 0

0 4 0

1 4 0.00130967

2 4 0.00261417

3 4 0.00390835

4 4 0.00518711

5 4 0.0064454

6 4 0.00767825

7 4 0.0088808

8 4 0.0100483

9 4 0.0111761

10 4 0.0122599

11 4 0.0132952

12 4 0.0142781

13 4 0.0152047

14 4 0.0160712

15 4 0.0168743

16 4 0.0176108

17 4 0.0182778

18 4 0.0188727

19 4 0.0193931

20 4 0.0198369

21 4 0.0202025

22 4 0.0204883

23 4 0.0206933

24 4 0.0208166

25 4 0.0208578

26 4 0.0208166

27 4 0.0206933

28 4 0.0204883

29 4 0.0202025

30 4 0.0198369

31 4 0.0193931

32 4 0.0188727

33 4 0.0182778

34 4 0.0176108

35 4 0.0168743

36 4 0.0160712

37 4 0.0152047

38 4 0.0142781

39 4 0.0132952

40 4 0.0122599

41 4 0.0111761

42 4 0.0100483

43 4 0.0088808

44 4 0.00767825

45 4 0.0064454

46 4 0.00518711

47 4 0.00390835

48 4 0.00261417

49 4 0.00130967

50 4 0

0 5 0

1 5 0.00162737

2 5 0.00324832

3 5 0.00485644

4 5 0.0064454

5 5 0.00800893

6 5 0.00954084

7 5 0.0110351

8 5 0.0124858

9 5 0.0138873

10 5 0.0152339

11 5 0.0165204

12 5 0.0177417

13 5 0.018893

14 5 0.0199697

15 5 0.0209676

16 5 0.0218828

17 5 0.0227116

18 5 0.0234508

19 5 0.0240974

20 5 0.0246489

21 5 0.0251032

22 5 0.0254584

23 5 0.0257131

24 5 0.0258663

25 5 0.0259174

26 5 0.0258663

27 5 0.0257131

28 5 0.0254584

29 5 0.0251032

30 5 0.0246489

31 5 0.0240974

32 5 0.0234508

33 5 0.0227116

34 5 0.0218828

35 5 0.0209676

36 5 0.0199697

37 5 0.018893

38 5 0.0177417

39 5 0.0165204

40 5 0.0152339

41 5 0.0138873

42 5 0.0124858

43 5 0.0110351

44 5 0.00954084

45 5 0.00800893

46 5 0.0064454

47 5 0.00485644

48 5 0.00324832

49 5 0.00162737

50 5 0

0 6 0

1 6 0.00193865

2 6 0.00386964

3 6 0.00578536

4 6 0.00767825

5 6 0.00954084

6 6 0.0113658

7 6 0.0131459

8 6 0.0148741

9 6 0.0165436

10 6 0.0181478

11 6 0.0196803

12 6 0.0211353

13 6 0.0225068

14 6 0.0237895

15 6 0.0249782

16 6 0.0260685

17 6 0.0270558

18 6 0.0279364

19 6 0.0287067

20 6 0.0293637

21 6 0.0299048

22 6 0.0303279

23 6 0.0306314

24 6 0.0308139

25 6 0.0308748

26 6 0.0308139

27 6 0.0306314

28 6 0.0303279

29 6 0.0299048

30 6 0.0293637

31 6 0.0287067

32 6 0.0279364

33 6 0.0270558

34 6 0.0260685

35 6 0.0249782

36 6 0.0237895

37 6 0.0225068

38 6 0.0211353

39 6 0.0196803

40 6 0.0181478

41 6 0.0165436

42 6 0.0148741

43 6 0.0131459

44 6 0.0113658

45 6 0.00954084

46 6 0.00767825

47 6 0.00578536

48 6 0.00386964

49 6 0.00193865

50 6 0

0 7 0

1 7 0.00224227

2 7 0.00447569

3 7 0.00669145

4 7 0.0088808

5 7 0.0110351

6 7 0.0131459

7 7 0.0152047

8 7 0.0172036

9 7 0.0191346

10 7 0.02099

11 7 0.0227626

12 7 0.0244454

13 7 0.0260317

14 7 0.0275153

15 7 0.0288903

16 7 0.0301512

17 7 0.0312932

18 7 0.0323117

19 7 0.0332026

20 7 0.0339626

21 7 0.0345884

22 7 0.0350778

23 7 0.0354288

24 7 0.0356399

25 7 0.0357103

26 7 0.0356399

27 7 0.0354288

28 7 0.0350778

29 7 0.0345884

30 7 0.0339626

31 7 0.0332026

32 7 0.0323117

33 7 0.0312932

34 7 0.0301512

35 7 0.0288903

36 7 0.0275153

37 7 0.0260317

38 7 0.0244454

39 7 0.0227626

40 7 0.02099

41 7 0.0191346

42 7 0.0172036

43 7 0.0152047

44 7 0.0131459

45 7 0.0110351

46 7 0.0088808

47 7 0.00669145

48 7 0.00447569

49 7 0.00224227

50 7 0

0 8 0

1 8 0.00253705

2 8 0.00506408

3 8 0.00757113

4 8 0.0100483

5 8 0.0124858

6 8 0.0148741

7 8 0.0172036

8 8 0.0194652

9 8 0.0216501

10 8 0.0237494

11 8 0.0257551

12 8 0.0276591

13 8 0.0294539

14 8 0.0311326

15 8 0.0326883

16 8 0.034115

17 8 0.0354071

18 8 0.0365595

19 8 0.0375676

20 8 0.0384274

21 8 0.0391356

22 8 0.0396893

23 8 0.0400863

24 8 0.0403252

25 8 0.040405

26 8 0.0403252

27 8 0.0400863

28 8 0.0396893

29 8 0.0391356

30 8 0.0384274

31 8 0.0375676

32 8 0.0365595

33 8 0.0354071

34 8 0.034115

35 8 0.0326883

36 8 0.0311326

37 8 0.0294539

38 8 0.0276591

39 8 0.0257551

40 8 0.0237494

41 8 0.0216501

42 8 0.0194652

43 8 0.0172036

44 8 0.0148741

45 8 0.0124858

46 8 0.0100483

47 8 0.00757113

48 8 0.00506408

49 8 0.00253705

50 8 0

0 9 0

1 9 0.00282181

2 9 0.00563249

3 9 0.00842093

4 9 0.0111761

5 9 0.0138873

6 9 0.0165436

7 9 0.0191346

8 9 0.0216501

9 9 0.0240801

10 9 0.0264151

11 9 0.0286459

12 9 0.0307636

13 9 0.0327599

14 9 0.0346269

15 9 0.0363573

16 9 0.0379442

17 9 0.0393813

18 9 0.040663

19 9 0.0417842

20 9 0.0427406

21 9 0.0435282

22 9 0.0441441

23 9 0.0445857

24 9 0.0448514

25 9 0.0449401

26 9 0.0448514

27 9 0.0445857

28 9 0.0441441

29 9 0.0435282

30 9 0.0427406

31 9 0.0417842

32 9 0.040663

33 9 0.0393813

34 9 0.0379442

35 9 0.0363573

36 9 0.0346269

37 9 0.0327599

38 9 0.0307636

39 9 0.0286459

40 9 0.0264151

41 9 0.0240801

42 9 0.0216501

43 9 0.0191346

44 9 0.0165436

45 9 0.0138873

46 9 0.0111761

47 9 0.00842093

48 9 0.00563249

49 9 0.00282181

50 9 0

0 10 0

1 10 0.00309544

2 10 0.00617866

3 10 0.0092375

4 10 0.0122599

5 10 0.0152339

6 10 0.0181478

7 10 0.02099

8 10 0.0237494

9 10 0.0264151

10 10 0.0289766

11 10 0.0314237

12 10 0.0337467

13 10 0.0359366

14 10 0.0379847

15 10 0.0398828

16 10 0.0416236

17 10 0.0432001

18 10 0.0446061

19 10 0.045836

20 10 0.0468851

21 10 0.0477491

22 10 0.0484247

23 10 0.0489092

24 10 0.0492006

25 10 0.0492979

26 10 0.0492006

27 10 0.0489092

28 10 0.0484247

29 10 0.0477491

30 10 0.0468851

31 10 0.045836

32 10 0.0446061

33 10 0.0432001

34 10 0.0416236

35 10 0.0398828

36 10 0.0379847

37 10 0.0359366

38 10 0.0337467

39 10 0.0314237

40 10 0.0289766

41 10 0.0264151

42 10 0.0237494

43 10 0.02099

44 10 0.0181478

45 10 0.0152339

46 10 0.0122599

47 10 0.0092375

48 10 0.00617866

49 10 0.00309544

50 10 0

0 11 0

1 11 0.00335685

2 11 0.00670045

3 11 0.0100176

4 11 0.0132952

5 11 0.0165204

6 11 0.0196803

7 11 0.0227626

8 11 0.0257551

9 11 0.0286459

10 11 0.0314237

11 11 0.0340774

12 11 0.0365966

13 11 0.0389715

14 11 0.0411925

15 11 0.0432509

16 11 0.0451387

17 11 0.0468483

18 11 0.0483731

19 11 0.0497069

20 11 0.0508445

21 11 0.0517815

22 11 0.0525142

23 11 0.0530396

24 11 0.0533556

25 11 0.0534611

26 11 0.0533556

27 11 0.0530396

28 11 0.0525142

29 11 0.0517815

30 11 0.0508445

31 11 0.0497069

32 11 0.0483731

33 11 0.0468483

34 11 0.0451387

35 11 0.0432509

36 11 0.0411925

37 11 0.0389715

38 11 0.0365966

39 11 0.0340774

40 11 0.0314237

41 11 0.0286459

42 11 0.0257551

43 11 0.0227626

44 11 0.0196803

45 11 0.0165204

46 11 0.0132952

47 11 0.0100176

48 11 0.00670045

49 11 0.00335685

50 11 0

0 12 0

1 12 0.00360501

2 12 0.0071958

3 12 0.0107582

4 12 0.0142781

5 12 0.0177417

6 12 0.0211353

7 12 0.0244454

8 12 0.0276591

9 12 0.0307636

10 12 0.0337467

11 12 0.0365966

12 12 0.0393021

13 12 0.0418525

14 12 0.0442377

15 12 0.0464484

16 12 0.0484757

17 12 0.0503117

18 12 0.0519492

19 12 0.0533816

20 12 0.0546033

21 12 0.0556096

22 12 0.0563964

23 12 0.0569606

24 12 0.0573001

25 12 0.0574134

26 12 0.0573001

27 12 0.0569606

28 12 0.0563964

29 12 0.0556096

30 12 0.0546033

31 12 0.0533816

32 12 0.0519492

33 12 0.0503117

34 12 0.0484757

35 12 0.0464484

36 12 0.0442377

37 12 0.0418525

38 12 0.0393021

39 12 0.0365966

40 12 0.0337467

41 12 0.0307636

42 12 0.0276591

43 12 0.0244454

44 12 0.0211353

45 12 0.0177417

46 12 0.0142781

47 12 0.0107582

48 12 0.0071958

49 12 0.00360501

50 12 0

0 13 0

1 13 0.00383895

2 13 0.00766275

3 13 0.0114563

4 13 0.0152047

5 13 0.018893

6 13 0.0225068

7 13 0.0260317

8 13 0.0294539

9 13 0.0327599

10 13 0.0359366

11 13 0.0389715

12 13 0.0418525

13 13 0.0445684

14 13 0.0471084

15 13 0.0494625

16 13 0.0516214

17 13 0.0535765

18 13 0.0553202

19 13 0.0568456

20 13 0.0581467

21 13 0.0592182

22 13 0.0600561

23 13 0.0606569

24 13 0.0610184

25 13 0.061139

26 13 0.0610184

27 13 0.0606569

28 13 0.0600561

29 13 0.0592182

30 13 0.0581467

31 13 0.0568456

32 13 0.0553202

33 13 0.0535765

34 13 0.0516214

35 13 0.0494625

36 13 0.0471084

37 13 0.0445684

38 13 0.0418525

39 13 0.0389715

40 13 0.0359366

41 13 0.0327599

42 13 0.0294539

43 13 0.0260317

44 13 0.0225068

45 13 0.018893

46 13 0.0152047

47 13 0.0114563

48 13 0.00766275

49 13 0.00383895

50 13 0

0 14 0

1 14 0.00405774

2 14 0.00809946

3 14 0.0121092

4 14 0.0160712

5 14 0.0199697

6 14 0.0237895

7 14 0.0275153

8 14 0.0311326

9 14 0.0346269

10 14 0.0379847

11 14 0.0411925

12 14 0.0442377

13 14 0.0471084

14 14 0.0497932

15 14 0.0522814

16 14 0.0545633

17 14 0.0566299

18 14 0.058473

19 14 0.0600853

20 14 0.0614605

21 14 0.0625931

22 14 0.0634787

23 14 0.0641138

24 14 0.0644959

25 14 0.0646234

26 14 0.0644959

27 14 0.0641138

28 14 0.0634787

29 14 0.0625931

30 14 0.0614605

31 14 0.0600853

32 14 0.058473

33 14 0.0566299

34 14 0.0545633

35 14 0.0522814

36 14 0.0497932

37 14 0.0471084

38 14 0.0442377

39 14 0.0411925

40 14 0.0379847

41 14 0.0346269

42 14 0.0311326

43 14 0.0275153

44 14 0.0237895

45 14 0.0199697

46 14 0.0160712

47 14 0.0121092

48 14 0.00809946

49 14 0.00405774

50 14 0

0 15 0

1 15 0.00426051

2 15 0.0085042

3 15 0.0127143

4 15 0.0168743

5 15 0.0209676

6 15 0.0249782

7 15 0.0288903

8 15 0.0326883

9 15 0.0363573

10 15 0.0398828

11 15 0.0432509

12 15 0.0464484

13 15 0.0494625

14 15 0.0522814

15 15 0.054894

16 15 0.0572899

17 15 0.0594598

18 15 0.061395

19 15 0.0630879

20 15 0.0645318

21 15 0.065721

22 15 0.0666509

23 15 0.0673177

24 15 0.0677188

25 15 0.0678527

26 15 0.0677188

27 15 0.0673177

28 15 0.0666509

29 15 0.065721

30 15 0.0645318

31 15 0.0630879

32 15 0.061395

33 15 0.0594598

34 15 0.0572899

35 15 0.054894

36 15 0.0522814

37 15 0.0494625

38 15 0.0464484

39 15 0.0432509

40 15 0.0398828

41 15 0.0363573

42 15 0.0326883

43 15 0.0288903

44 15 0.0249782

45 15 0.0209676

46 15 0.0168743

47 15 0.0127143

48 15 0.0085042

49 15 0.00426051

50 15 0

0 16 0

1 16 0.00444646

2 16 0.00887538

3 16 0.0132693

4 16 0.0176108

5 16 0.0218828

6 16 0.0260685

7 16 0.0301512

8 16 0.034115

9 16 0.0379442

10 16 0.0416236

11 16 0.0451387

12 16 0.0484757

13 16 0.0516214

14 16 0.0545633

15 16 0.0572899

16 16 0.0597905

17 16 0.062055

18 16 0.0640747

19 16 0.0658414

20 16 0.0673484

21 16 0.0685895

22 16 0.0695599

23 16 0.0702559

24 16 0.0706745

25 16 0.0708143

26 16 0.0706745

27 16 0.0702559

28 16 0.0695599

29 16 0.0685895

30 16 0.0673484

31 16 0.0658414

32 16 0.0640747

33 16 0.062055

34 16 0.0597905

35 16 0.0572899

36 16 0.0545633

37 16 0.0516214

38 16 0.0484757

39 16 0.0451387

40 16 0.0416236

41 16 0.0379442

42 16 0.034115

43 16 0.0301512

44 16 0.0260685

45 16 0.0218828

46 16 0.0176108

47 16 0.0132693

48 16 0.00887538

49 16 0.00444646

50 16 0

0 17 0

1 17 0.00461487

2 17 0.00921153

3 17 0.0137718

4 17 0.0182778

5 17 0.0227116

6 17 0.0270558

7 17 0.0312932

8 17 0.0354071

9 17 0.0393813

10 17 0.0432001

11 17 0.0468483

12 17 0.0503117

13 17 0.0535765

14 17 0.0566299

15 17 0.0594598

16 17 0.062055

17 17 0.0644053

18 17 0.0665015

19 17 0.0683352

20 17 0.0698992

21 17 0.0711873

22 17 0.0721945

23 17 0.0729168

24 17 0.0733513

25 17 0.0734963

26 17 0.0733513

27 17 0.0729168

28 17 0.0721945

29 17 0.0711873

30 17 0.0698992

31 17 0.0683352

32 17 0.0665015

33 17 0.0644053

34 17 0.062055

35 17 0.0594598

36 17 0.0566299

37 17 0.0535765

38 17 0.0503117

39 17 0.0468483

40 17 0.0432001

41 17 0.0393813

42 17 0.0354071

43 17 0.0312932

44 17 0.0270558

45 17 0.0227116

46 17 0.0182778

47 17 0.0137718

48 17 0.00921153

49 17 0.00461487

50 17 0

0 18 0

1 18 0.00476507

2 18 0.00951133

3 18 0.0142201

4 18 0.0188727

5 18 0.0234508

6 18 0.0279364

7 18 0.0323117

8 18 0.0365595

9 18 0.040663

10 18 0.0446061

11 18 0.0483731

12 18 0.0519492

13 18 0.0553202

14 18 0.058473

15 18 0.061395

16 18 0.0640747

17 18 0.0665015

18 18 0.0686658

19 18 0.0705592

20 18 0.0721741

21 18 0.0735042

22 18 0.0745442

23 18 0.07529

24 18 0.0757386

25 18 0.0758884

26 18 0.0757386

27 18 0.07529

28 18 0.0745442

29 18 0.0735042

30 18 0.0721741

31 18 0.0705592

32 18 0.0686658

33 18 0.0665015

34 18 0.0640747

35 18 0.061395

36 18 0.058473

37 18 0.0553202

38 18 0.0519492

39 18 0.0483731

40 18 0.0446061

41 18 0.040663

42 18 0.0365595

43 18 0.0323117

44 18 0.0279364

45 18 0.0234508

46 18 0.0188727

47 18 0.0142201

48 18 0.00951133

49 18 0.00476507

50 18 0

0 19 0

1 19 0.00489646

2 19 0.0097736

3 19 0.0146122

4 19 0.0193931

5 19 0.0240974

6 19 0.0287067

7 19 0.0332026

8 19 0.0375676

9 19 0.0417842

10 19 0.045836

11 19 0.0497069

12 19 0.0533816

13 19 0.0568456

14 19 0.0600853

15 19 0.0630879

16 19 0.0658414

17 19 0.0683352

18 19 0.0705592

19 19 0.0725048

20 19 0.0741642

21 19 0.075531

22 19 0.0765996

23 19 0.077366

24 19 0.077827

25 19 0.0779809

26 19 0.077827

27 19 0.077366

28 19 0.0765996

29 19 0.075531

30 19 0.0741642

31 19 0.0725048

32 19 0.0705592

33 19 0.0683352

34 19 0.0658414

35 19 0.0630879

36 19 0.0600853

37 19 0.0568456

38 19 0.0533816

39 19 0.0497069

40 19 0.045836

41 19 0.0417842

42 19 0.0375676

43 19 0.0332026

44 19 0.0287067

45 19 0.0240974

46 19 0.0193931

47 19 0.0146122

48 19 0.0097736

49 19 0.00489646

50 19 0

0 20 0

1 20 0.00500853

2 20 0.00999729

3 20 0.0149466

4 20 0.0198369

5 20 0.0246489

6 20 0.0293637

7 20 0.0339626

8 20 0.0384274

9 20 0.0427406

10 20 0.0468851

11 20 0.0508445

12 20 0.0546033

13 20 0.0581467

14 20 0.0614605

15 20 0.0645318

16 20 0.0673484

17 20 0.0698992

18 20 0.0721741

19 20 0.0741642

20 20 0.0758616

21 20 0.0772597

22 20 0.0783528

23 20 0.0791367

24 20 0.0796082

25 20 0.0797656

26 20 0.0796082

27 20 0.0791367

28 20 0.0783528

29 20 0.0772597

30 20 0.0758616

31 20 0.0741642

32 20 0.0721741

33 20 0.0698992

34 20 0.0673484

35 20 0.0645318

36 20 0.0614605

37 20 0.0581467

38 20 0.0546033

39 20 0.0508445

40 20 0.0468851

41 20 0.0427406

42 20 0.0384274

43 20 0.0339626

44 20 0.0293637

45 20 0.0246489

46 20 0.0198369

47 20 0.0149466

48 20 0.00999729

49 20 0.00500853

50 20 0

0 21 0

1 21 0.00510083

2 21 0.0101815

3 21 0.015222

4 21 0.0202025

5 21 0.0251032

6 21 0.0299048

7 21 0.0345884

8 21 0.0391356

9 21 0.0435282

10 21 0.0477491

11 21 0.0517815

12 21 0.0556096

13 21 0.0592182

14 21 0.0625931

15 21 0.065721

16 21 0.0685895

17 21 0.0711873

18 21 0.0735042

19 21 0.075531

20 21 0.0772597

21 21 0.0786835

22 21 0.0797967

23 21 0.080595

24 21 0.0810753

25 21 0.0812356

26 21 0.0810753

27 21 0.080595

28 21 0.0797967

29 21 0.0786835

30 21 0.0772597

31 21 0.075531

32 21 0.0735042

33 21 0.0711873

34 21 0.0685895

35 21 0.065721

36 21 0.0625931

37 21 0.0592182

38 21 0.0556096

39 21 0.0517815

40 21 0.0477491

41 21 0.0435282

42 21 0.0391356

43 21 0.0345884

44 21 0.0299048

45 21 0.0251032

46 21 0.0202025

47 21 0.015222

48 21 0.0101815

49 21 0.00510083

50 21 0

0 22 0

1 22 0.005173

2 22 0.0103256

3 22 0.0154374

4 22 0.0204883

5 22 0.0254584

6 22 0.0303279

7 22 0.0350778

8 22 0.0396893

9 22 0.0441441

10 22 0.0484247

11 22 0.0525142

12 22 0.0563964

13 22 0.0600561

14 22 0.0634787

15 22 0.0666509

16 22 0.0695599

17 22 0.0721945

18 22 0.0745442

19 22 0.0765996

20 22 0.0783528

21 22 0.0797967

22 22 0.0809257

23 22 0.0817354

24 22 0.0822224

25 22 0.082385

26 22 0.0822224

27 22 0.0817354

28 22 0.0809257

29 22 0.0797967

30 22 0.0783528

31 22 0.0765996

32 22 0.0745442

33 22 0.0721945

34 22 0.0695599

35 22 0.0666509

36 22 0.0634787

37 22 0.0600561

38 22 0.0563964

39 22 0.0525142

40 22 0.0484247

41 22 0.0441441

42 22 0.0396893

43 22 0.0350778

44 22 0.0303279

45 22 0.0254584

46 22 0.0204883

47 22 0.0154374

48 22 0.0103256

49 22 0.005173

50 22 0

0 23 0

1 23 0.00522475

2 23 0.0104289

3 23 0.0155919

4 23 0.0206933

5 23 0.0257131

6 23 0.0306314

7 23 0.0354288

8 23 0.0400863

9 23 0.0445857

10 23 0.0489092

11 23 0.0530396

12 23 0.0569606

13 23 0.0606569

14 23 0.0641138

15 23 0.0673177

16 23 0.0702559

17 23 0.0729168

18 23 0.07529

19 23 0.077366

20 23 0.0791367

21 23 0.080595

22 23 0.0817354

23 23 0.0825531

24 23 0.083045

25 23 0.0832092

26 23 0.083045

27 23 0.0825531

28 23 0.0817354

29 23 0.080595

30 23 0.0791367

31 23 0.077366

32 23 0.07529

33 23 0.0729168

34 23 0.0702559

35 23 0.0673177

36 23 0.0641138

37 23 0.0606569

38 23 0.0569606

39 23 0.0530396

40 23 0.0489092

41 23 0.0445857

42 23 0.0400863

43 23 0.0354288

44 23 0.0306314

45 23 0.0257131

46 23 0.0206933

47 23 0.0155919

48 23 0.0104289

49 23 0.00522475

50 23 0

0 24 0

1 24 0.00525588

2 24 0.010491

3 24 0.0156848

4 24 0.0208166

5 24 0.0258663

6 24 0.0308139

7 24 0.0356399

8 24 0.0403252

9 24 0.0448514

10 24 0.0492006

11 24 0.0533556

12 24 0.0573001

13 24 0.0610184

14 24 0.0644959

15 24 0.0677188

16 24 0.0706745

17 24 0.0733513

18 24 0.0757386

19 24 0.077827

20 24 0.0796082

21 24 0.0810753

22 24 0.0822224

23 24 0.083045

24 24 0.0835399

25 24 0.0837051

26 24 0.0835399

27 24 0.083045

28 24 0.0822224

29 24 0.0810753

30 24 0.0796082

31 24 0.077827

32 24 0.0757386

33 24 0.0733513

34 24 0.0706745

35 24 0.0677188

36 24 0.0644959

37 24 0.0610184

38 24 0.0573001

39 24 0.0533556

40 24 0.0492006

41 24 0.0448514

42 24 0.0403252

43 24 0.0356399

44 24 0.0308139

45 24 0.0258663

46 24 0.0208166

47 24 0.0156848

48 24 0.010491

49 24 0.00525588

50 24 0

0 25 0

1 25 0.00526628

2 25 0.0105118

3 25 0.0157158

4 25 0.0208578

5 25 0.0259174

6 25 0.0308748

7 25 0.0357103

8 25 0.040405

9 25 0.0449401

10 25 0.0492979

11 25 0.0534611

12 25 0.0574134

13 25 0.061139

14 25 0.0646234

15 25 0.0678527

16 25 0.0708143

17 25 0.0734963

18 25 0.0758884

19 25 0.0779809

20 25 0.0797656

21 25 0.0812356

22 25 0.082385

23 25 0.0832092

24 25 0.0837051

25 25 0.0838706

26 25 0.0837051

27 25 0.0832092

28 25 0.082385

29 25 0.0812356

30 25 0.0797656

31 25 0.0779809

32 25 0.0758884

33 25 0.0734963

34 25 0.0708143

35 25 0.0678527

36 25 0.0646234

37 25 0.061139

38 25 0.0574134

39 25 0.0534611

40 25 0.0492979

41 25 0.0449401

42 25 0.040405

43 25 0.0357103

44 25 0.0308748

45 25 0.0259174

46 25 0.0208578

47 25 0.0157158

48 25 0.0105118

49 25 0.00526628

50 25 0

0 26 0

1 26 0.00525588

2 26 0.010491

3 26 0.0156848

4 26 0.0208166

5 26 0.0258663

6 26 0.0308139

7 26 0.0356399

8 26 0.0403252

9 26 0.0448514

10 26 0.0492006

11 26 0.0533556

12 26 0.0573001

13 26 0.0610184

14 26 0.0644959

15 26 0.0677188

16 26 0.0706745

17 26 0.0733513

18 26 0.0757386

19 26 0.077827

20 26 0.0796082

21 26 0.0810753

22 26 0.0822224

23 26 0.083045

24 26 0.0835399

25 26 0.0837051

26 26 0.0835399

27 26 0.083045

28 26 0.0822224

29 26 0.0810753

30 26 0.0796082

31 26 0.077827

32 26 0.0757386

33 26 0.0733513

34 26 0.0706745

35 26 0.0677188

36 26 0.0644959

37 26 0.0610184

38 26 0.0573001

39 26 0.0533556

40 26 0.0492006

41 26 0.0448514

42 26 0.0403252

43 26 0.0356399

44 26 0.0308139

45 26 0.0258663

46 26 0.0208166

47 26 0.0156848

48 26 0.010491

49 26 0.00525588

50 26 0

0 27 0

1 27 0.00522475

2 27 0.0104289

3 27 0.0155919

4 27 0.0206933

5 27 0.0257131

6 27 0.0306314

7 27 0.0354288

8 27 0.0400863

9 27 0.0445857

10 27 0.0489092

11 27 0.0530396

12 27 0.0569606

13 27 0.0606569

14 27 0.0641138

15 27 0.0673177

16 27 0.0702559

17 27 0.0729168

18 27 0.07529

19 27 0.077366

20 27 0.0791367

21 27 0.080595

22 27 0.0817354

23 27 0.0825531

24 27 0.083045

25 27 0.0832092

26 27 0.083045

27 27 0.0825531

28 27 0.0817354

29 27 0.080595

30 27 0.0791367

31 27 0.077366

32 27 0.07529

33 27 0.0729168

34 27 0.0702559

35 27 0.0673177

36 27 0.0641138

37 27 0.0606569

38 27 0.0569606

39 27 0.0530396

40 27 0.0489092

41 27 0.0445857

42 27 0.0400863

43 27 0.0354288

44 27 0.0306314

45 27 0.0257131

46 27 0.0206933

47 27 0.0155919

48 27 0.0104289

49 27 0.00522475

50 27 0

0 28 0

1 28 0.005173

2 28 0.0103256

3 28 0.0154374

4 28 0.0204883

5 28 0.0254584

6 28 0.0303279

7 28 0.0350778

8 28 0.0396893

9 28 0.0441441

10 28 0.0484247

11 28 0.0525142

12 28 0.0563964

13 28 0.0600561

14 28 0.0634787

15 28 0.0666509

16 28 0.0695599

17 28 0.0721945

18 28 0.0745442

19 28 0.0765996

20 28 0.0783528

21 28 0.0797967

22 28 0.0809257

23 28 0.0817354

24 28 0.0822224

25 28 0.082385

26 28 0.0822224

27 28 0.0817354

28 28 0.0809257

29 28 0.0797967

30 28 0.0783528

31 28 0.0765996

32 28 0.0745442

33 28 0.0721945

34 28 0.0695599

35 28 0.0666509

36 28 0.0634787

37 28 0.0600561

38 28 0.0563964

39 28 0.0525142

40 28 0.0484247

41 28 0.0441441

42 28 0.0396893

43 28 0.0350778

44 28 0.0303279

45 28 0.0254584

46 28 0.0204883

47 28 0.0154374

48 28 0.0103256

49 28 0.005173

50 28 0

0 29 0

1 29 0.00510083

2 29 0.0101815

3 29 0.015222

4 29 0.0202025

5 29 0.0251032

6 29 0.0299048

7 29 0.0345884

8 29 0.0391356

9 29 0.0435282

10 29 0.0477491

11 29 0.0517815

12 29 0.0556096

13 29 0.0592182

14 29 0.0625931

15 29 0.065721

16 29 0.0685895

17 29 0.0711873

18 29 0.0735042

19 29 0.075531

20 29 0.0772597

21 29 0.0786835

22 29 0.0797967

23 29 0.080595

24 29 0.0810753

25 29 0.0812356

26 29 0.0810753

27 29 0.080595

28 29 0.0797967

29 29 0.0786835

30 29 0.0772597

31 29 0.075531

32 29 0.0735042

33 29 0.0711873

34 29 0.0685895

35 29 0.065721

36 29 0.0625931

37 29 0.0592182

38 29 0.0556096

39 29 0.0517815

40 29 0.0477491

41 29 0.0435282

42 29 0.0391356

43 29 0.0345884

44 29 0.0299048

45 29 0.0251032

46 29 0.0202025

47 29 0.015222

48 29 0.0101815

49 29 0.00510083

50 29 0

0 30 0

1 30 0.00500853

2 30 0.00999729

3 30 0.0149466

4 30 0.0198369

5 30 0.0246489

6 30 0.0293637

7 30 0.0339626

8 30 0.0384274

9 30 0.0427406

10 30 0.0468851

11 30 0.0508445

12 30 0.0546033

13 30 0.0581467

14 30 0.0614605

15 30 0.0645318

16 30 0.0673484

17 30 0.0698992

18 30 0.0721741

19 30 0.0741642

20 30 0.0758616

21 30 0.0772597

22 30 0.0783528

23 30 0.0791367

24 30 0.0796082

25 30 0.0797656

26 30 0.0796082

27 30 0.0791367

28 30 0.0783528

29 30 0.0772597

30 30 0.0758616

31 30 0.0741642

32 30 0.0721741

33 30 0.0698992

34 30 0.0673484

35 30 0.0645318

36 30 0.0614605

37 30 0.0581467

38 30 0.0546033

39 30 0.0508445

40 30 0.0468851

41 30 0.0427406

42 30 0.0384274

43 30 0.0339626

44 30 0.0293637

45 30 0.0246489

46 30 0.0198369

47 30 0.0149466

48 30 0.00999729

49 30 0.00500853

50 30 0

0 31 0

1 31 0.00489646

2 31 0.0097736

3 31 0.0146122

4 31 0.0193931

5 31 0.0240974

6 31 0.0287067

7 31 0.0332026

8 31 0.0375676

9 31 0.0417842

10 31 0.045836

11 31 0.0497069

12 31 0.0533816

13 31 0.0568456

14 31 0.0600853

15 31 0.0630879

16 31 0.0658414

17 31 0.0683352

18 31 0.0705592

19 31 0.0725048

20 31 0.0741642

21 31 0.075531

22 31 0.0765996

23 31 0.077366

24 31 0.077827

25 31 0.0779809

26 31 0.077827

27 31 0.077366

28 31 0.0765996

29 31 0.075531

30 31 0.0741642

31 31 0.0725048

32 31 0.0705592

33 31 0.0683352

34 31 0.0658414

35 31 0.0630879

36 31 0.0600853

37 31 0.0568456

38 31 0.0533816

39 31 0.0497069

40 31 0.045836

41 31 0.0417842

42 31 0.0375676

43 31 0.0332026

44 31 0.0287067

45 31 0.0240974

46 31 0.0193931

47 31 0.0146122

48 31 0.0097736

49 31 0.00489646

50 31 0

0 32 0

1 32 0.00476507

2 32 0.00951133

3 32 0.0142201

4 32 0.0188727

5 32 0.0234508

6 32 0.0279364

7 32 0.0323117

8 32 0.0365595

9 32 0.040663

10 32 0.0446061

11 32 0.0483731

12 32 0.0519492

13 32 0.0553202

14 32 0.058473

15 32 0.061395

16 32 0.0640747

17 32 0.0665015

18 32 0.0686658

19 32 0.0705592

20 32 0.0721741

21 32 0.0735042

22 32 0.0745442

23 32 0.07529

24 32 0.0757386

25 32 0.0758884

26 32 0.0757386

27 32 0.07529

28 32 0.0745442

29 32 0.0735042

30 32 0.0721741

31 32 0.0705592

32 32 0.0686658

33 32 0.0665015

34 32 0.0640747

35 32 0.061395

36 32 0.058473

37 32 0.0553202

38 32 0.0519492

39 32 0.0483731

40 32 0.0446061

41 32 0.040663

42 32 0.0365595

43 32 0.0323117

44 32 0.0279364

45 32 0.0234508

46 32 0.0188727

47 32 0.0142201

48 32 0.00951133

49 32 0.00476507

50 32 0

0 33 0

1 33 0.00461487

2 33 0.00921153

3 33 0.0137718

4 33 0.0182778

5 33 0.0227116

6 33 0.0270558

7 33 0.0312932

8 33 0.0354071

9 33 0.0393813

10 33 0.0432001

11 33 0.0468483

12 33 0.0503117

13 33 0.0535765

14 33 0.0566299

15 33 0.0594598

16 33 0.062055

17 33 0.0644053

18 33 0.0665015

19 33 0.0683352

20 33 0.0698992

21 33 0.0711873

22 33 0.0721945

23 33 0.0729168

24 33 0.0733513

25 33 0.0734963

26 33 0.0733513

27 33 0.0729168

28 33 0.0721945

29 33 0.0711873

30 33 0.0698992

31 33 0.0683352

32 33 0.0665015

33 33 0.0644053

34 33 0.062055

35 33 0.0594598

36 33 0.0566299

37 33 0.0535765

38 33 0.0503117

39 33 0.0468483

40 33 0.0432001

41 33 0.0393813

42 33 0.0354071

43 33 0.0312932

44 33 0.0270558

45 33 0.0227116

46 33 0.0182778

47 33 0.0137718

48 33 0.00921153

49 33 0.00461487

50 33 0

0 34 0

1 34 0.00444646

2 34 0.00887538

3 34 0.0132693

4 34 0.0176108

5 34 0.0218828

6 34 0.0260685

7 34 0.0301512

8 34 0.034115

9 34 0.0379442

10 34 0.0416236

11 34 0.0451387

12 34 0.0484757

13 34 0.0516214

14 34 0.0545633

15 34 0.0572899

16 34 0.0597905

17 34 0.062055

18 34 0.0640747

19 34 0.0658414

20 34 0.0673484

21 34 0.0685895

22 34 0.0695599

23 34 0.0702559

24 34 0.0706745

25 34 0.0708143

26 34 0.0706745

27 34 0.0702559

28 34 0.0695599

29 34 0.0685895

30 34 0.0673484

31 34 0.0658414

32 34 0.0640747

33 34 0.062055

34 34 0.0597905

35 34 0.0572899

36 34 0.0545633

37 34 0.0516214

38 34 0.0484757

39 34 0.0451387

40 34 0.0416236

41 34 0.0379442

42 34 0.034115

43 34 0.0301512

44 34 0.0260685

45 34 0.0218828

46 34 0.0176108

47 34 0.0132693

48 34 0.00887538

49 34 0.00444646

50 34 0

0 35 0

1 35 0.00426051

2 35 0.0085042

3 35 0.0127143

4 35 0.0168743

5 35 0.0209676

6 35 0.0249782

7 35 0.0288903

8 35 0.0326883

9 35 0.0363573

10 35 0.0398828

11 35 0.0432509

12 35 0.0464484

13 35 0.0494625

14 35 0.0522814

15 35 0.054894

16 35 0.0572899

17 35 0.0594598

18 35 0.061395

19 35 0.0630879

20 35 0.0645318

21 35 0.065721

22 35 0.0666509

23 35 0.0673177

24 35 0.0677188

25 35 0.0678527

26 35 0.0677188

27 35 0.0673177

28 35 0.0666509

29 35 0.065721

30 35 0.0645318

31 35 0.0630879

32 35 0.061395

33 35 0.0594598

34 35 0.0572899

35 35 0.054894

36 35 0.0522814

37 35 0.0494625

38 35 0.0464484

39 35 0.0432509

40 35 0.0398828

41 35 0.0363573

42 35 0.0326883

43 35 0.0288903

44 35 0.0249782

45 35 0.0209676

46 35 0.0168743

47 35 0.0127143

48 35 0.0085042

49 35 0.00426051

50 35 0

0 36 0

1 36 0.00405774

2 36 0.00809946

3 36 0.0121092

4 36 0.0160712

5 36 0.0199697

6 36 0.0237895

7 36 0.0275153

8 36 0.0311326

9 36 0.0346269

10 36 0.0379847

11 36 0.0411925

12 36 0.0442377

13 36 0.0471084

14 36 0.0497932

15 36 0.0522814

16 36 0.0545633

17 36 0.0566299

18 36 0.058473

19 36 0.0600853

20 36 0.0614605

21 36 0.0625931

22 36 0.0634787

23 36 0.0641138

24 36 0.0644959

25 36 0.0646234

26 36 0.0644959

27 36 0.0641138

28 36 0.0634787

29 36 0.0625931

30 36 0.0614605

31 36 0.0600853

32 36 0.058473

33 36 0.0566299

34 36 0.0545633

35 36 0.0522814

36 36 0.0497932

37 36 0.0471084

38 36 0.0442377

39 36 0.0411925

40 36 0.0379847

41 36 0.0346269

42 36 0.0311326

43 36 0.0275153

44 36 0.0237895

45 36 0.0199697

46 36 0.0160712

47 36 0.0121092

48 36 0.00809946

49 36 0.00405774

50 36 0

0 37 0

1 37 0.00383895

2 37 0.00766275

3 37 0.0114563

4 37 0.0152047

5 37 0.018893

6 37 0.0225068

7 37 0.0260317

8 37 0.0294539

9 37 0.0327599

10 37 0.0359366

11 37 0.0389715

12 37 0.0418525

13 37 0.0445684

14 37 0.0471084

15 37 0.0494625

16 37 0.0516214

17 37 0.0535765

18 37 0.0553202

19 37 0.0568456

20 37 0.0581467

21 37 0.0592182

22 37 0.0600561

23 37 0.0606569

24 37 0.0610184

25 37 0.061139

26 37 0.0610184

27 37 0.0606569

28 37 0.0600561

29 37 0.0592182

30 37 0.0581467

31 37 0.0568456

32 37 0.0553202

33 37 0.0535765

34 37 0.0516214

35 37 0.0494625

36 37 0.0471084

37 37 0.0445684

38 37 0.0418525

39 37 0.0389715

40 37 0.0359366

41 37 0.0327599

42 37 0.0294539

43 37 0.0260317

44 37 0.0225068

45 37 0.018893

46 37 0.0152047

47 37 0.0114563

48 37 0.00766275

49 37 0.00383895

50 37 0

0 38 0

1 38 0.00360501

2 38 0.0071958

3 38 0.0107582

4 38 0.0142781

5 38 0.0177417

6 38 0.0211353

7 38 0.0244454

8 38 0.0276591

9 38 0.0307636

10 38 0.0337467

11 38 0.0365966

12 38 0.0393021

13 38 0.0418525

14 38 0.0442377

15 38 0.0464484

16 38 0.0484757

17 38 0.0503117

18 38 0.0519492

19 38 0.0533816

20 38 0.0546033

21 38 0.0556096

22 38 0.0563964

23 38 0.0569606

24 38 0.0573001

25 38 0.0574134

26 38 0.0573001

27 38 0.0569606

28 38 0.0563964

29 38 0.0556096

30 38 0.0546033

31 38 0.0533816

32 38 0.0519492

33 38 0.0503117

34 38 0.0484757

35 38 0.0464484

36 38 0.0442377

37 38 0.0418525

38 38 0.0393021

39 38 0.0365966

40 38 0.0337467

41 38 0.0307636

42 38 0.0276591

43 38 0.0244454

44 38 0.0211353

45 38 0.0177417

46 38 0.0142781

47 38 0.0107582

48 38 0.0071958

49 38 0.00360501

50 38 0

0 39 0

1 39 0.00335685

2 39 0.00670045

3 39 0.0100176

4 39 0.0132952

5 39 0.0165204

6 39 0.0196803

7 39 0.0227626

8 39 0.0257551

9 39 0.0286459

10 39 0.0314237

11 39 0.0340774

12 39 0.0365966

13 39 0.0389715

14 39 0.0411925

15 39 0.0432509

16 39 0.0451387

17 39 0.0468483

18 39 0.0483731

19 39 0.0497069

20 39 0.0508445

21 39 0.0517815

22 39 0.0525142

23 39 0.0530396

24 39 0.0533556

25 39 0.0534611

26 39 0.0533556

27 39 0.0530396

28 39 0.0525142

29 39 0.0517815

30 39 0.0508445

31 39 0.0497069

32 39 0.0483731

33 39 0.0468483

34 39 0.0451387

35 39 0.0432509

36 39 0.0411925

37 39 0.0389715

38 39 0.0365966

39 39 0.0340774

40 39 0.0314237

41 39 0.0286459

42 39 0.0257551

43 39 0.0227626

44 39 0.0196803

45 39 0.0165204

46 39 0.0132952

47 39 0.0100176

48 39 0.00670045

49 39 0.00335685

50 39 0

0 40 0

1 40 0.00309544

2 40 0.00617866

3 40 0.0092375

4 40 0.0122599

5 40 0.0152339

6 40 0.0181478

7 40 0.02099

8 40 0.0237494

9 40 0.0264151

10 40 0.0289766

11 40 0.0314237

12 40 0.0337467

13 40 0.0359366

14 40 0.0379847

15 40 0.0398828

16 40 0.0416236

17 40 0.0432001

18 40 0.0446061

19 40 0.045836

20 40 0.0468851

21 40 0.0477491

22 40 0.0484247

23 40 0.0489092

24 40 0.0492006

25 40 0.0492979

26 40 0.0492006

27 40 0.0489092

28 40 0.0484247

29 40 0.0477491

30 40 0.0468851

31 40 0.045836

32 40 0.0446061

33 40 0.0432001

34 40 0.0416236

35 40 0.0398828

36 40 0.0379847

37 40 0.0359366

38 40 0.0337467

39 40 0.0314237

40 40 0.0289766

41 40 0.0264151

42 40 0.0237494

43 40 0.02099

44 40 0.0181478

45 40 0.0152339

46 40 0.0122599

47 40 0.0092375

48 40 0.00617866

49 40 0.00309544

50 40 0

0 41 0

1 41 0.00282181

2 41 0.00563249

3 41 0.00842093

4 41 0.0111761

5 41 0.0138873

6 41 0.0165436

7 41 0.0191346

8 41 0.0216501

9 41 0.0240801

10 41 0.0264151

11 41 0.0286459

12 41 0.0307636

13 41 0.0327599

14 41 0.0346269

15 41 0.0363573

16 41 0.0379442

17 41 0.0393813

18 41 0.040663

19 41 0.0417842

20 41 0.0427406

21 41 0.0435282

22 41 0.0441441

23 41 0.0445857

24 41 0.0448514

25 41 0.0449401

26 41 0.0448514

27 41 0.0445857

28 41 0.0441441

29 41 0.0435282

30 41 0.0427406

31 41 0.0417842

32 41 0.040663

33 41 0.0393813

34 41 0.0379442

35 41 0.0363573

36 41 0.0346269

37 41 0.0327599

38 41 0.0307636

39 41 0.0286459

40 41 0.0264151

41 41 0.0240801

42 41 0.0216501

43 41 0.0191346

44 41 0.0165436

45 41 0.0138873

46 41 0.0111761

47 41 0.00842093

48 41 0.00563249

49 41 0.00282181

50 41 0

0 42 0

1 42 0.00253705

2 42 0.00506408

3 42 0.00757113

4 42 0.0100483

5 42 0.0124858

6 42 0.0148741

7 42 0.0172036

8 42 0.0194652

9 42 0.0216501

10 42 0.0237494

11 42 0.0257551

12 42 0.0276591

13 42 0.0294539

14 42 0.0311326

15 42 0.0326883

16 42 0.034115

17 42 0.0354071

18 42 0.0365595

19 42 0.0375676

20 42 0.0384274

21 42 0.0391356

22 42 0.0396893

23 42 0.0400863

24 42 0.0403252

25 42 0.040405

26 42 0.0403252

27 42 0.0400863

28 42 0.0396893

29 42 0.0391356

30 42 0.0384274

31 42 0.0375676

32 42 0.0365595

33 42 0.0354071

34 42 0.034115

35 42 0.0326883

36 42 0.0311326

37 42 0.0294539

38 42 0.0276591

39 42 0.0257551

40 42 0.0237494

41 42 0.0216501

42 42 0.0194652

43 42 0.0172036

44 42 0.0148741

45 42 0.0124858

46 42 0.0100483

47 42 0.00757113

48 42 0.00506408

49 42 0.00253705

50 42 0

0 43 0

1 43 0.00224227

2 43 0.00447569

3 43 0.00669145

4 43 0.0088808

5 43 0.0110351

6 43 0.0131459

7 43 0.0152047

8 43 0.0172036

9 43 0.0191346

10 43 0.02099

11 43 0.0227626

12 43 0.0244454

13 43 0.0260317

14 43 0.0275153

15 43 0.0288903

16 43 0.0301512

17 43 0.0312932

18 43 0.0323117

19 43 0.0332026

20 43 0.0339626

21 43 0.0345884

22 43 0.0350778

23 43 0.0354288

24 43 0.0356399

25 43 0.0357103

26 43 0.0356399

27 43 0.0354288

28 43 0.0350778

29 43 0.0345884

30 43 0.0339626

31 43 0.0332026

32 43 0.0323117

33 43 0.0312932

34 43 0.0301512

35 43 0.0288903

36 43 0.0275153

37 43 0.0260317

38 43 0.0244454

39 43 0.0227626

40 43 0.02099

41 43 0.0191346

42 43 0.0172036

43 43 0.0152047

44 43 0.0131459

45 43 0.0110351

46 43 0.0088808

47 43 0.00669145

48 43 0.00447569

49 43 0.00224227

50 43 0

0 44 0

1 44 0.00193865

2 44 0.00386964

3 44 0.00578536

4 44 0.00767825

5 44 0.00954084

6 44 0.0113658

7 44 0.0131459

8 44 0.0148741

9 44 0.0165436

10 44 0.0181478

11 44 0.0196803

12 44 0.0211353

13 44 0.0225068

14 44 0.0237895

15 44 0.0249782

16 44 0.0260685

17 44 0.0270558

18 44 0.0279364

19 44 0.0287067

20 44 0.0293637

21 44 0.0299048

22 44 0.0303279

23 44 0.0306314

24 44 0.0308139

25 44 0.0308748

26 44 0.0308139

27 44 0.0306314

28 44 0.0303279

29 44 0.0299048

30 44 0.0293637

31 44 0.0287067

32 44 0.0279364

33 44 0.0270558

34 44 0.0260685

35 44 0.0249782

36 44 0.0237895

37 44 0.0225068

38 44 0.0211353

39 44 0.0196803

40 44 0.0181478

41 44 0.0165436

42 44 0.0148741

43 44 0.0131459

44 44 0.0113658

45 44 0.00954084

46 44 0.00767825

47 44 0.00578536

48 44 0.00386964

49 44 0.00193865

50 44 0

0 45 0

1 45 0.00162737

2 45 0.00324832

3 45 0.00485644

4 45 0.0064454

5 45 0.00800893

6 45 0.00954084

7 45 0.0110351

8 45 0.0124858

9 45 0.0138873

10 45 0.0152339

11 45 0.0165204

12 45 0.0177417

13 45 0.018893

14 45 0.0199697

15 45 0.0209676

16 45 0.0218828

17 45 0.0227116

18 45 0.0234508

19 45 0.0240974

20 45 0.0246489

21 45 0.0251032

22 45 0.0254584

23 45 0.0257131

24 45 0.0258663

25 45 0.0259174

26 45 0.0258663

27 45 0.0257131

28 45 0.0254584

29 45 0.0251032

30 45 0.0246489

31 45 0.0240974

32 45 0.0234508

33 45 0.0227116

34 45 0.0218828

35 45 0.0209676

36 45 0.0199697

37 45 0.018893

38 45 0.0177417

39 45 0.0165204

40 45 0.0152339

41 45 0.0138873

42 45 0.0124858

43 45 0.0110351

44 45 0.00954084

45 45 0.00800893

46 45 0.0064454

47 45 0.00485644

48 45 0.00324832

49 45 0.00162737

50 45 0

0 46 0

1 46 0.00130967

2 46 0.00261417

3 46 0.00390835

4 46 0.00518711

5 46 0.0064454

6 46 0.00767825

7 46 0.0088808

8 46 0.0100483

9 46 0.0111761

10 46 0.0122599

11 46 0.0132952

12 46 0.0142781

13 46 0.0152047

14 46 0.0160712

15 46 0.0168743

16 46 0.0176108

17 46 0.0182778

18 46 0.0188727

19 46 0.0193931

20 46 0.0198369

21 46 0.0202025

22 46 0.0204883

23 46 0.0206933

24 46 0.0208166

25 46 0.0208578

26 46 0.0208166

27 46 0.0206933

28 46 0.0204883

29 46 0.0202025

30 46 0.0198369

31 46 0.0193931

32 46 0.0188727

33 46 0.0182778

34 46 0.0176108

35 46 0.0168743

36 46 0.0160712

37 46 0.0152047

38 46 0.0142781

39 46 0.0132952

40 46 0.0122599

41 46 0.0111761

42 46 0.0100483

43 46 0.0088808

44 46 0.00767825

45 46 0.0064454

46 46 0.00518711

47 46 0.00390835

48 46 0.00261417

49 46 0.00130967

50 46 0

0 47 0

1 47 0.000986802

2 47 0.00196971

3 47 0.00294484

4 47 0.00390835

5 47 0.00485644

6 47 0.00578536

7 47 0.00669145

8 47 0.00757113

9 47 0.00842093

10 47 0.0092375

11 47 0.0100176

12 47 0.0107582

13 47 0.0114563

14 47 0.0121092

15 47 0.0127143

16 47 0.0132693

17 47 0.0137718

18 47 0.0142201

19 47 0.0146122

20 47 0.0149466

21 47 0.015222

22 47 0.0154374

23 47 0.0155919

24 47 0.0156848

25 47 0.0157158

26 47 0.0156848

27 47 0.0155919

28 47 0.0154374

29 47 0.015222

30 47 0.0149466

31 47 0.0146122

32 47 0.0142201

33 47 0.0137718

34 47 0.0132693

35 47 0.0127143

36 47 0.0121092

37 47 0.0114563

38 47 0.0107582

39 47 0.0100176

40 47 0.0092375

41 47 0.00842093

42 47 0.00757113

43 47 0.00669145

44 47 0.00578536

45 47 0.00485644

46 47 0.00390835

47 47 0.00294484

48 47 0.00196971

49 47 0.000986802

50 47 0

0 48 0

1 48 0.000660039

2 48 0.00131747

3 48 0.00196971

4 48 0.00261417

5 48 0.00324832

6 48 0.00386964

7 48 0.00447569

8 48 0.00506408

9 48 0.00563249

10 48 0.00617866

11 48 0.00670045

12 48 0.0071958

13 48 0.00766275

14 48 0.00809946

15 48 0.0085042

16 48 0.00887538

17 48 0.00921153

18 48 0.00951133

19 48 0.0097736

20 48 0.00999729

21 48 0.0101815

22 48 0.0103256

23 48 0.0104289

24 48 0.010491

25 48 0.0105118

26 48 0.010491

27 48 0.0104289

28 48 0.0103256

29 48 0.0101815

30 48 0.00999729

31 48 0.0097736

32 48 0.00951133

33 48 0.00921153

34 48 0.00887538

35 48 0.0085042

36 48 0.00809946

37 48 0.00766275

38 48 0.0071958

39 48 0.00670045

40 48 0.00617866

41 48 0.00563249

42 48 0.00506408

43 48 0.00447569

44 48 0.00386964

