0 1 0

1 1 0.00122587

2 1 0.0024469

3 1 0.00365828

4 1 0.00485522

5 1 0.006033

6 1 0.00718697

7 1 0.00831257

8 1 0.00940537

9 1 0.010461

10 1 0.0114754

11 1 0.0124446

12 1 0.0133645

13 1 0.0142318

14 1 0.0150429

15 1 0.0157946

16 1 0.016484

17 1 0.0171083

18 1 0.0176651

19 1 0.0181522

20 1 0.0185677

21 1 0.0189098

22 1 0.0191774

23 1 0.0193692

24 1 0.0194847

25 1 0.0195232

26 1 0.0194847

27 1 0.0193692

28 1 0.0191774

29 1 0.0189098

30 1 0.0185677

31 1 0.0181522

32 1 0.0176651

33 1 0.0171083

34 1 0.016484

35 1 0.0157946

36 1 0.0150429

37 1 0.0142318

38 1 0.0133645

39 1 0.0124446

40 1 0.0114754

41 1 0.010461

42 1 0.00940537

43 1 0.00831257

44 1 0.00718697

45 1 0.006033

46 1 0.00485522

47 1 0.00365828

48 1 0.0024469

49 1 0.00122587

50 1 0

0 2 0

1 2 0.0024469

2 2 0.00488415

3 2 0.00730213

4 2 0.00969128

5 2 0.0120422

6 2 0.0143456

7 2 0.0165923

8 2 0.0187736

9 2 0.0208808

10 2 0.0229056

11 2 0.02484

12 2 0.0266763

13 2 0.0284074

14 2 0.0300264

15 2 0.0315269

16 2 0.0329029

17 2 0.0341491

18 2 0.0352605

19 2 0.0362328

20 2 0.037062

21 2 0.037745

22 2 0.0382791

23 2 0.038662

24 2 0.0388924

25 2 0.0389693

26 2 0.0388924

27 2 0.038662

28 2 0.0382791

29 2 0.037745

30 2 0.037062

31 2 0.0362328

32 2 0.0352605

33 2 0.0341491

34 2 0.0329029

35 2 0.0315269

36 2 0.0300264

37 2 0.0284074

38 2 0.0266763

39 2 0.02484

40 2 0.0229056

41 2 0.0208808

42 2 0.0187736

43 2 0.0165923

44 2 0.0143456

45 2 0.0120422

46 2 0.00969128

47 2 0.00730213

48 2 0.00488415

49 2 0.0024469

50 2 0

0 3 0

1 3 0.00365828

2 3 0.00730213

3 3 0.0109172

4 3 0.0144891

5 3 0.0180038

6 3 0.0214476

7 3 0.0248066

8 3 0.0280678

9 3 0.0312182

10 3 0.0342454

11 3 0.0371374

12 3 0.0398829

13 3 0.0424709

14 3 0.0448914

15 3 0.0471347

16 3 0.049192

17 3 0.0510551

18 3 0.0527167

19 3 0.0541703

20 3 0.0554102

21 3 0.0564313

22 3 0.0572297

23 3 0.0578023

24 3 0.0581467

25 3 0.0582617

26 3 0.0581467

27 3 0.0578023

28 3 0.0572297

29 3 0.0564313

30 3 0.0554102

31 3 0.0541703

32 3 0.0527167

33 3 0.0510551

34 3 0.049192

35 3 0.0471347

36 3 0.0448914

37 3 0.0424709

38 3 0.0398829

39 3 0.0371374

40 3 0.0342454

41 3 0.0312182

42 3 0.0280678

43 3 0.0248066

44 3 0.0214476

45 3 0.0180038

46 3 0.0144891

47 3 0.0109172

48 3 0.00730213

49 3 0.00365828

50 3 0

0 4 0

1 4 0.00485522

2 4 0.00969128

3 4 0.0144891

4 4 0.0192297

5 4 0.0238945

6 4 0.0284649

7 4 0.032923

8 4 0.0372512

9 4 0.0414323

10 4 0.04545

11 4 0.0492882

12 4 0.052932

13 4 0.0563668

14 4 0.0595792

15 4 0.0625565

16 4 0.0652869

17 4 0.0677596

18 4 0.0699649

19 4 0.0718941

20 4 0.0735396

21 4 0.0748948

22 4 0.0759545

23 4 0.0767144

24 4 0.0771715

25 4 0.0773241

26 4 0.0771715

27 4 0.0767144

28 4 0.0759545

29 4 0.0748948

30 4 0.0735396

31 4 0.0718941

32 4 0.0699649

33 4 0.0677596

34 4 0.0652869

35 4 0.0625565

36 4 0.0595792

37 4 0.0563668

38 4 0.052932

39 4 0.0492882

40 4 0.04545

41 4 0.0414323

42 4 0.0372512

43 4 0.032923

44 4 0.0284649

45 4 0.0238945

46 4 0.0192297

47 4 0.0144891

48 4 0.00969128

49 4 0.00485522

50 4 0

0 5 0

1 5 0.006033

2 5 0.0120422

3 5 0.0180038

4 5 0.0238945

5 5 0.0296908

6 5 0.0353699

7 5 0.0409094

8 5 0.0462875

9 5 0.051483

10 5 0.0564752

11 5 0.0612446

12 5 0.0657722

13 5 0.0700403

14 5 0.074032

15 5 0.0777314

16 5 0.0811242

17 5 0.0841967

18 5 0.086937

19 5 0.0893342

20 5 0.0913788

21 5 0.0930628

22 5 0.0943795

23 5 0.0953237

24 5 0.0958918

25 5 0.0960814

26 5 0.0958918

27 5 0.0953237

28 5 0.0943795

29 5 0.0930628

30 5 0.0913788

31 5 0.0893342

32 5 0.086937

33 5 0.0841967

34 5 0.0811242

35 5 0.0777314

36 5 0.074032

37 5 0.0700403

38 5 0.0657722

39 5 0.0612446

40 5 0.0564752

41 5 0.051483

42 5 0.0462875

43 5 0.0409094

44 5 0.0353699

45 5 0.0296908

46 5 0.0238945

47 5 0.0180038

48 5 0.0120422

49 5 0.006033

50 5 0

0 6 0

1 6 0.00718697

2 6 0.0143456

3 6 0.0214476

4 6 0.0284649

5 6 0.0353699

6 6 0.0421353

7 6 0.0487344

8 6 0.0551412

9 6 0.0613304

10 6 0.0672776

11 6 0.0729592

12 6 0.0783529

13 6 0.0834373

14 6 0.0881925

15 6 0.0925996

16 6 0.0966413

17 6 0.100302

18 6 0.103566

19 6 0.106422

20 6 0.108857

21 6 0.110863

22 6 0.112432

23 6 0.113557

24 6 0.114234

25 6 0.114459

26 6 0.114234

27 6 0.113557

28 6 0.112432

29 6 0.110863

30 6 0.108857

31 6 0.106422

32 6 0.103566

33 6 0.100302

34 6 0.0966413

35 6 0.0925996

36 6 0.0881925

37 6 0.0834373

38 6 0.0783529

39 6 0.0729592

40 6 0.0672776

41 6 0.0613304

42 6 0.0551412

43 6 0.0487344

44 6 0.0421353

45 6 0.0353699

46 6 0.0284649

47 6 0.0214476

48 6 0.0143456

49 6 0.00718697

50 6 0

0 7 0

1 7 0.00831257

2 7 0.0165923

3 7 0.0248066

4 7 0.032923

5 7 0.0409094

6 7 0.0487344

7 7 0.0563671

8 7 0.0637773

9 7 0.0709358

10 7 0.0778144

11 7 0.0843859

12 7 0.0906243

13 7 0.0965051

14 7 0.102005

15 7 0.107102

16 7 0.111777

17 7 0.116011

18 7 0.119786

19 7 0.123089

20 7 0.125906

21 7 0.128227

22 7 0.130041

23 7 0.131342

24 7 0.132125

25 7 0.132386

26 7 0.132125

27 7 0.131342

28 7 0.130041

29 7 0.128227

30 7 0.125906

31 7 0.123089

32 7 0.119786

33 7 0.116011

34 7 0.111777

35 7 0.107102

36 7 0.102005

37 7 0.0965051

38 7 0.0906243

39 7 0.0843859

40 7 0.0778144

41 7 0.0709358

42 7 0.0637773

43 7 0.0563671

44 7 0.0487344

45 7 0.0409094

46 7 0.032923

47 7 0.0248066

48 7 0.0165923

49 7 0.00831257

50 7 0

0 8 0

1 8 0.00940537

2 8 0.0187736

3 8 0.0280678

4 8 0.0372512

5 8 0.0462875

6 8 0.0551412

7 8 0.0637773

8 8 0.0721617

9 8 0.0802613

10 8 0.0880441

11 8 0.0954795

12 8 0.102538

13 8 0.109192

14 8 0.115415

15 8 0.121182

16 8 0.126472

17 8 0.131262

18 8 0.135534

19 8 0.139271

20 8 0.142458

21 8 0.145084

22 8 0.147136

23 8 0.148609

24 8 0.149494

25 8 0.14979

26 8 0.149494

27 8 0.148609

28 8 0.147136

29 8 0.145084

30 8 0.142458

31 8 0.139271

32 8 0.135534

33 8 0.131262

34 8 0.126472

35 8 0.121182

36 8 0.115415

37 8 0.109192

38 8 0.102538

39 8 0.0954795

40 8 0.0880441

41 8 0.0802613

42 8 0.0721617

43 8 0.0637773

44 8 0.0551412

45 8 0.0462875

46 8 0.0372512

47 8 0.0280678

48 8 0.0187736

49 8 0.00940537

50 8 0

0 9 0

1 9 0.010461

2 9 0.0208808

3 9 0.0312182

4 9 0.0414323

5 9 0.051483

6 9 0.0613304

7 9 0.0709358

8 9 0.0802613

9 9 0.08927

10 9 0.0979264

11 9 0.106196

12 9 0.114047

13 9 0.121448

14 9 0.128369

15 9 0.134784

16 9 0.140667

17 9 0.145995

18 9 0.150746

19 9 0.154903

20 9 0.158448

21 9 0.161368

22 9 0.163651

23 9 0.165289

24 9 0.166274

25 9 0.166602

26 9 0.166274

27 9 0.165289

28 9 0.163651

29 9 0.161368

30 9 0.158448

31 9 0.154903

32 9 0.150746

33 9 0.145995

34 9 0.140667

35 9 0.134784

36 9 0.128369

37 9 0.121448

38 9 0.114047

39 9 0.106196

40 9 0.0979264

41 9 0.08927

42 9 0.0802613

43 9 0.0709358

44 9 0.0613304

45 9 0.051483

46 9 0.0414323

47 9 0.0312182

48 9 0.0208808

49 9 0.010461

50 9 0

0 10 0

1 10 0.0114754

2 10 0.0229056

3 10 0.0342454

4 10 0.04545

5 10 0.0564752

6 10 0.0672776

7 10 0.0778144

8 10 0.0880441

9 10 0.0979264

10 10 0.107422

11 10 0.116494

12 10 0.125106

13 10 0.133225

14 10 0.140817

15 10 0.147854

16 10 0.154307

17 10 0.160152

18 10 0.165364

19 10 0.169924

20 10 0.173813

21 10 0.177016

22 10 0.17952

23 10 0.181316

24 10 0.182397

25 10 0.182758

26 10 0.182397

27 10 0.181316

28 10 0.17952

29 10 0.177016

30 10 0.173813

31 10 0.169924

32 10 0.165364

33 10 0.160152

34 10 0.154307

35 10 0.147854

36 10 0.140817

37 10 0.133225

38 10 0.125106

39 10 0.116494

40 10 0.107422

41 10 0.0979264

42 10 0.0880441

43 10 0.0778144

44 10 0.0672776

45 10 0.0564752

46 10 0.04545

47 10 0.0342454

48 10 0.0229056

49 10 0.0114754

50 10 0

0 11 0

1 11 0.0124446

2 11 0.02484

3 11 0.0371374

4 11 0.0492882

5 11 0.0612446

6 11 0.0729592

7 11 0.0843859

8 11 0.0954795

9 11 0.106196

10 11 0.116494

11 11 0.126332

12 11 0.135671

13 11 0.144475

14 11 0.152709

15 11 0.16034

16 11 0.167339

17 11 0.173677

18 11 0.179329

19 11 0.184274

20 11 0.188491

21 11 0.191965

22 11 0.194681

23 11 0.196629

24 11 0.1978

25 11 0.198192

26 11 0.1978

27 11 0.196629

28 11 0.194681

29 11 0.191965

30 11 0.188491

31 11 0.184274

32 11 0.179329

33 11 0.173677

34 11 0.167339

35 11 0.16034

36 11 0.152709

37 11 0.144475

38 11 0.135671

39 11 0.126332

40 11 0.116494

41 11 0.106196

42 11 0.0954795

43 11 0.0843859

44 11 0.0729592

45 11 0.0612446

46 11 0.0492882

47 11 0.0371374

48 11 0.02484

49 11 0.0124446

50 11 0

0 12 0

1 12 0.0133645

2 12 0.0266763

3 12 0.0398829

4 12 0.052932

5 12 0.0657722

6 12 0.0783529

7 12 0.0906243

8 12 0.102538

9 12 0.114047

10 12 0.125106

11 12 0.135671

12 12 0.145701

13 12 0.155156

14 12 0.163999

15 12 0.172194

16 12 0.17971

17 12 0.186516

18 12 0.192586

19 12 0.197897

20 12 0.202426

21 12 0.206156

22 12 0.209073

23 12 0.211165

24 12 0.212423

25 12 0.212843

26 12 0.212423

27 12 0.211165

28 12 0.209073

29 12 0.206156

30 12 0.202426

31 12 0.197897

32 12 0.192586

33 12 0.186516

34 12 0.17971

35 12 0.172194

36 12 0.163999

37 12 0.155156

38 12 0.145701

39 12 0.135671

40 12 0.125106

41 12 0.114047

42 12 0.102538

43 12 0.0906243

44 12 0.0783529

45 12 0.0657722

46 12 0.052932

47 12 0.0398829

48 12 0.0266763

49 12 0.0133645

50 12 0

0 13 0

1 13 0.0142318

2 13 0.0284074

3 13 0.0424709

4 13 0.0563668

5 13 0.0700403

6 13 0.0834373

7 13 0.0965051

8 13 0.109192

9 13 0.121448

10 13 0.133225

11 13 0.144475

12 13 0.155156

13 13 0.165224

14 13 0.174641

15 13 0.183368

16 13 0.191371

17 13 0.198619

18 13 0.205084

19 13 0.210739

20 13 0.215562

21 13 0.219534

22 13 0.22264

23 13 0.224868

24 13 0.226208

25 13 0.226655

26 13 0.226208

27 13 0.224868

28 13 0.22264

29 13 0.219534

30 13 0.215562

31 13 0.210739

32 13 0.205084

33 13 0.198619

34 13 0.191371

35 13 0.183368

36 13 0.174641

37 13 0.165224

38 13 0.155156

39 13 0.144475

40 13 0.133225

41 13 0.121448

42 13 0.109192

43 13 0.0965051

44 13 0.0834373

45 13 0.0700403

46 13 0.0563668

47 13 0.0424709

48 13 0.0284074

49 13 0.0142318

50 13 0

0 14 0

1 14 0.0150429

2 14 0.0300264

3 14 0.0448914

4 14 0.0595792

5 14 0.074032

6 14 0.0881925

7 14 0.102005

8 14 0.115415

9 14 0.128369

10 14 0.140817

11 14 0.152709

12 14 0.163999

13 14 0.174641

14 14 0.184594

15 14 0.193818

16 14 0.202278

17 14 0.209939

18 14 0.216772

19 14 0.222749

20 14 0.227847

21 14 0.232046

22 14 0.235329

23 14 0.237683

24 14 0.2391

25 14 0.239572

26 14 0.2391

27 14 0.237683

28 14 0.235329

29 14 0.232046

30 14 0.227847

31 14 0.222749

32 14 0.216772

33 14 0.209939

34 14 0.202278

35 14 0.193818

36 14 0.184594

37 14 0.174641

38 14 0.163999

39 14 0.152709

40 14 0.140817

41 14 0.128369

42 14 0.115415

43 14 0.102005

44 14 0.0881925

45 14 0.074032

46 14 0.0595792

47 14 0.0448914

48 14 0.0300264

49 14 0.0150429

50 14 0

0 15 0

1 15 0.0157946

2 15 0.0315269

3 15 0.0471347

4 15 0.0625565

5 15 0.0777314

6 15 0.0925996

7 15 0.107102

8 15 0.121182

9 15 0.134784

10 15 0.147854

11 15 0.16034

12 15 0.172194

13 15 0.183368

14 15 0.193818

15 15 0.203504

16 15 0.212386

17 15 0.22043

18 15 0.227604

19 15 0.23388

20 15 0.239233

21 15 0.243642

22 15 0.247089

23 15 0.249561

24 15 0.251048

25 15 0.251544

26 15 0.251048

27 15 0.249561

28 15 0.247089

29 15 0.243642

30 15 0.239233

31 15 0.23388

32 15 0.227604

33 15 0.22043

34 15 0.212386

35 15 0.203504

36 15 0.193818

37 15 0.183368

38 15 0.172194

39 15 0.16034

40 15 0.147854

41 15 0.134784

42 15 0.121182

43 15 0.107102

44 15 0.0925996

45 15 0.0777314

46 15 0.0625565

47 15 0.0471347

48 15 0.0315269

49 15 0.0157946

50 15 0

0 16 0

1 16 0.016484

2 16 0.0329029

3 16 0.049192

4 16 0.0652869

5 16 0.0811242

6 16 0.0966413

7 16 0.111777

8 16 0.126472

9 16 0.140667

10 16 0.154307

11 16 0.167339

12 16 0.17971

13 16 0.191371

14 16 0.202278

15 16 0.212386

16 16 0.221656

17 16 0.230051

18 16 0.237538

19 16 0.244088

20 16 0.249675

21 16 0.254276

22 16 0.257873

23 16 0.260453

24 16 0.262005

25 16 0.262523

26 16 0.262005

27 16 0.260453

28 16 0.257873

29 16 0.254276

30 16 0.249675

31 16 0.244088

32 16 0.237538

33 16 0.230051

34 16 0.221656

35 16 0.212386

36 16 0.202278

37 16 0.191371

38 16 0.17971

39 16 0.167339

40 16 0.154307

41 16 0.140667

42 16 0.126472

43 16 0.111777

44 16 0.0966413

45 16 0.0811242

46 16 0.0652869

47 16 0.049192

48 16 0.0329029

49 16 0.016484

50 16 0

0 17 0

1 17 0.0171083

2 17 0.0341491

3 17 0.0510551

4 17 0.0677596

5 17 0.0841967

6 17 0.100302

7 17 0.116011

8 17 0.131262

9 17 0.145995

10 17 0.160152

11 17 0.173677

12 17 0.186516

13 17 0.198619

14 17 0.209939

15 17 0.22043

16 17 0.230051

17 17 0.238764

18 17 0.246535

19 17 0.253333

20 17 0.259131

21 17 0.263906

22 17 0.26764

23 17 0.270318

24 17 0.271929

25 17 0.272466

26 17 0.271929

27 17 0.270318

28 17 0.26764

29 17 0.263906

30 17 0.259131

31 17 0.253333

32 17 0.246535

33 17 0.238764

34 17 0.230051

35 17 0.22043

36 17 0.209939

37 17 0.198619

38 17 0.186516

39 17 0.173677

40 17 0.160152

41 17 0.145995

42 17 0.131262

43 17 0.116011

44 17 0.100302

45 17 0.0841967

46 17 0.0677596

47 17 0.0510551

48 17 0.0341491

49 17 0.0171083

50 17 0

0 18 0

1 18 0.0176651

2 18 0.0352605

3 18 0.0527167

4 18 0.0699649

5 18 0.086937

6 18 0.103566

7 18 0.119786

8 18 0.135534

9 18 0.150746

10 18 0.165364

11 18 0.179329

12 18 0.192586

13 18 0.205084

14 18 0.216772

15 18 0.227604

16 18 0.237538

17 18 0.246535

18 18 0.254559

19 18 0.261578

20 18 0.267565

21 18 0.272495

22 18 0.276351

23 18 0.279116

24 18 0.280779

25 18 0.281334

26 18 0.280779

27 18 0.279116

28 18 0.276351

29 18 0.272495

30 18 0.267565

31 18 0.261578

32 18 0.254559

33 18 0.246535

34 18 0.237538

35 18 0.227604

36 18 0.216772

37 18 0.205084

38 18 0.192586

39 18 0.179329

40 18 0.165364

41 18 0.150746

42 18 0.135534

43 18 0.119786

44 18 0.103566

45 18 0.086937

46 18 0.0699649

47 18 0.0527167

48 18 0.0352605

49 18 0.0176651

50 18 0

0 19 0

1 19 0.0181522

2 19 0.0362328

3 19 0.0541703

4 19 0.0718941

5 19 0.0893342

6 19 0.106422

7 19 0.123089

8 19 0.139271

9 19 0.154903

10 19 0.169924

11 19 0.184274

12 19 0.197897

13 19 0.210739

14 19 0.222749

15 19 0.23388

16 19 0.244088

17 19 0.253333

18 19 0.261578

19 19 0.26879

20 19 0.274942

21 19 0.280009

22 19 0.283971

23 19 0.286812

24 19 0.288521

25 19 0.289091

26 19 0.288521

27 19 0.286812

28 19 0.283971

29 19 0.280009

30 19 0.274942

31 19 0.26879

32 19 0.261578

33 19 0.253333

34 19 0.244088

35 19 0.23388

36 19 0.222749

37 19 0.210739

38 19 0.197897

39 19 0.184274

40 19 0.169924

41 19 0.154903

42 19 0.139271

43 19 0.123089

44 19 0.106422

45 19 0.0893342

46 19 0.0718941

47 19 0.0541703

48 19 0.0362328

49 19 0.0181522

50 19 0

0 20 0

1 20 0.0185677

2 20 0.037062

3 20 0.0554102

4 20 0.0735396

5 20 0.0913788

6 20 0.108857

7 20 0.125906

8 20 0.142458

9 20 0.158448

10 20 0.173813

11 20 0.188491

12 20 0.202426

13 20 0.215562

14 20 0.227847

15 20 0.239233

16 20 0.249675

17 20 0.259131

18 20 0.267565

19 20 0.274942

20 20 0.281235

21 20 0.286418

22 20 0.29047

23 20 0.293376

24 20 0.295124

25 20 0.295708

26 20 0.295124

27 20 0.293376

28 20 0.29047

29 20 0.286418

30 20 0.281235

31 20 0.274942

32 20 0.267565

33 20 0.259131

34 20 0.249675

35 20 0.239233

36 20 0.227847

37 20 0.215562

38 20 0.202426

39 20 0.188491

40 20 0.173813

41 20 0.158448

42 20 0.142458

43 20 0.125906

44 20 0.108857

45 20 0.0913788

46 20 0.0735396

47 20 0.0554102

48 20 0.037062

49 20 0.0185677

50 20 0

0 21 0

1 21 0.0189098

2 21 0.037745

3 21 0.0564313

4 21 0.0748948

5 21 0.0930628

6 21 0.110863

7 21 0.128227

8 21 0.145084

9 21 0.161368

10 21 0.177016

11 21 0.191965

12 21 0.206156

13 21 0.219534

14 21 0.232046

15 21 0.243642

16 21 0.254276

17 21 0.263906

18 21 0.272495

19 21 0.280009

20 21 0.286418

21 21 0.291696

22 21 0.295823

23 21 0.298783

24 21 0.300563

25 21 0.301157

26 21 0.300563

27 21 0.298783

28 21 0.295823

29 21 0.291696

30 21 0.286418

31 21 0.280009

32 21 0.272495

33 21 0.263906

34 21 0.254276

35 21 0.243642

36 21 0.232046

37 21 0.219534

38 21 0.206156

39 21 0.191965

40 21 0.177016

41 21 0.161368

42 21 0.145084

43 21 0.128227

44 21 0.110863

45 21 0.0930628

46 21 0.0748948

47 21 0.0564313

48 21 0.037745

49 21 0.0189098

50 21 0

0 22 0

1 22 0.0191774

2 22 0.0382791

3 22 0.0572297

4 22 0.0759545

5 22 0.0943795

6 22 0.112432

7 22 0.130041

8 22 0.147136

9 22 0.163651

10 22 0.17952

11 22 0.194681

12 22 0.209073

13 22 0.22264

14 22 0.235329

15 22 0.247089

16 22 0.257873

17 22 0.26764

18 22 0.276351

19 22 0.283971

20 22 0.29047

21 22 0.295823

22 22 0.300009

23 22 0.30301

24 22 0.304816

25 22 0.305418

26 22 0.304816

27 22 0.30301

28 22 0.300009

29 22 0.295823

30 22 0.29047

31 22 0.283971

32 22 0.276351

33 22 0.26764

34 22 0.257873

35 22 0.247089

36 22 0.235329

37 22 0.22264

38 22 0.209073

39 22 0.194681

40 22 0.17952

41 22 0.163651

42 22 0.147136

43 22 0.130041

44 22 0.112432

45 22 0.0943795

46 22 0.0759545

47 22 0.0572297

48 22 0.0382791

49 22 0.0191774

50 22 0

0 23 0

1 23 0.0193692

2 23 0.038662

3 23 0.0578023

4 23 0.0767144

5 23 0.0953237

6 23 0.113557

7 23 0.131342

8 23 0.148609

9 23 0.165289

10 23 0.181316

11 23 0.196629

12 23 0.211165

13 23 0.224868

14 23 0.237683

15 23 0.249561

16 23 0.260453

17 23 0.270318

18 23 0.279116

19 23 0.286812

20 23 0.293376

21 23 0.298783

22 23 0.30301

23 23 0.306042

24 23 0.307865

25 23 0.308474

26 23 0.307865

27 23 0.306042

28 23 0.30301

29 23 0.298783

30 23 0.293376

31 23 0.286812

32 23 0.279116

33 23 0.270318

34 23 0.260453

35 23 0.249561

36 23 0.237683

37 23 0.224868

38 23 0.211165

39 23 0.196629

40 23 0.181316

41 23 0.165289

42 23 0.148609

43 23 0.131342

44 23 0.113557

45 23 0.0953237

46 23 0.0767144

47 23 0.0578023

48 23 0.038662

49 23 0.0193692

50 23 0

0 24 0

1 24 0.0194847

2 24 0.0388924

3 24 0.0581467

4 24 0.0771715

5 24 0.0958918

6 24 0.114234

7 24 0.132125

8 24 0.149494

9 24 0.166274

10 24 0.182397

11 24 0.1978

12 24 0.212423

13 24 0.226208

14 24 0.2391

15 24 0.251048

16 24 0.262005

17 24 0.271929

18 24 0.280779

19 24 0.288521

20 24 0.295124

21 24 0.300563

22 24 0.304816

23 24 0.307865

24 24 0.3097

25 24 0.310312

26 24 0.3097

27 24 0.307865

28 24 0.304816

29 24 0.300563

30 24 0.295124

31 24 0.288521

32 24 0.280779

33 24 0.271929

34 24 0.262005

35 24 0.251048

36 24 0.2391

37 24 0.226208

38 24 0.212423

39 24 0.1978

40 24 0.182397

41 24 0.166274

42 24 0.149494

43 24 0.132125

44 24 0.114234

45 24 0.0958918

46 24 0.0771715

47 24 0.0581467

48 24 0.0388924

49 24 0.0194847

50 24 0

0 25 0

1 25 0.0195232

2 25 0.0389693

3 25 0.0582617

4 25 0.0773241

5 25 0.0960814

6 25 0.114459

7 25 0.132386

8 25 0.14979

9 25 0.166602

10 25 0.182758

11 25 0.198192

12 25 0.212843

13 25 0.226655

14 25 0.239572

15 25 0.251544

16 25 0.262523

17 25 0.272466

18 25 0.281334

19 25 0.289091

20 25 0.295708

21 25 0.301157

22 25 0.305418

23 25 0.308474

24 25 0.310312

25 25 0.310926

26 25 0.310312

27 25 0.308474

28 25 0.305418

29 25 0.301157

30 25 0.295708

31 25 0.289091

32 25 0.281334

33 25 0.272466

34 25 0.262523

35 25 0.251544

36 25 0.239572

37 25 0.226655

38 25 0.212843

39 25 0.198192

40 25 0.182758

41 25 0.166602

42 25 0.14979

43 25 0.132386

44 25 0.114459

45 25 0.0960814

46 25 0.0773241

47 25 0.0582617

48 25 0.0389693

49 25 0.0195232

50 25 0

0 26 0

1 26 0.0194847

2 26 0.0388924

3 26 0.0581467

4 26 0.0771715

5 26 0.0958918

6 26 0.114234

7 26 0.132125

8 26 0.149494

9 26 0.166274

10 26 0.182397

11 26 0.1978

12 26 0.212423

13 26 0.226208

14 26 0.2391

15 26 0.251048

16 26 0.262005

17 26 0.271929

18 26 0.280779

19 26 0.288521

20 26 0.295124

21 26 0.300563

22 26 0.304816

23 26 0.307865

24 26 0.3097

25 26 0.310312

26 26 0.3097

27 26 0.307865

28 26 0.304816

29 26 0.300563

30 26 0.295124

31 26 0.288521

32 26 0.280779

33 26 0.271929

34 26 0.262005

35 26 0.251048

36 26 0.2391

37 26 0.226208

38 26 0.212423

39 26 0.1978

40 26 0.182397

41 26 0.166274

42 26 0.149494

43 26 0.132125

44 26 0.114234

45 26 0.0958918

46 26 0.0771715

47 26 0.0581467

48 26 0.0388924

49 26 0.0194847

50 26 0

0 27 0

1 27 0.0193692

2 27 0.038662

3 27 0.0578023

4 27 0.0767144

5 27 0.0953237

6 27 0.113557

7 27 0.131342

8 27 0.148609

9 27 0.165289

10 27 0.181316

11 27 0.196629

12 27 0.211165

13 27 0.224868

14 27 0.237683

15 27 0.249561

16 27 0.260453

17 27 0.270318

18 27 0.279116

19 27 0.286812

20 27 0.293376

21 27 0.298783

22 27 0.30301

23 27 0.306042

24 27 0.307865

25 27 0.308474

26 27 0.307865

27 27 0.306042

28 27 0.30301

29 27 0.298783

30 27 0.293376

31 27 0.286812

32 27 0.279116

33 27 0.270318

34 27 0.260453

35 27 0.249561

36 27 0.237683

37 27 0.224868

38 27 0.211165

39 27 0.196629

40 27 0.181316

41 27 0.165289

42 27 0.148609

43 27 0.131342

44 27 0.113557

45 27 0.0953237

46 27 0.0767144

47 27 0.0578023

48 27 0.038662

49 27 0.0193692

50 27 0

0 28 0

1 28 0.0191774

2 28 0.0382791

3 28 0.0572297

4 28 0.0759545

5 28 0.0943795

6 28 0.112432

7 28 0.130041

8 28 0.147136

9 28 0.163651

10 28 0.17952

11 28 0.194681

12 28 0.209073

13 28 0.22264

14 28 0.235329

15 28 0.247089

16 28 0.257873

17 28 0.26764

18 28 0.276351

19 28 0.283971

20 28 0.29047

21 28 0.295823

22 28 0.300009

23 28 0.30301

24 28 0.304816

25 28 0.305418

26 28 0.304816

27 28 0.30301

28 28 0.300009

29 28 0.295823

30 28 0.29047

31 28 0.283971

32 28 0.276351

33 28 0.26764

34 28 0.257873

35 28 0.247089

36 28 0.235329

37 28 0.22264

38 28 0.209073

39 28 0.194681

40 28 0.17952

41 28 0.163651

42 28 0.147136

43 28 0.130041

44 28 0.112432

45 28 0.0943795

46 28 0.0759545

47 28 0.0572297

48 28 0.0382791

49 28 0.0191774

50 28 0

0 29 0

1 29 0.0189098

2 29 0.037745

3 29 0.0564313

4 29 0.0748948

5 29 0.0930628

6 29 0.110863

7 29 0.128227

8 29 0.145084

9 29 0.161368

10 29 0.177016

11 29 0.191965

12 29 0.206156

13 29 0.219534

14 29 0.232046

15 29 0.243642

16 29 0.254276

17 29 0.263906

18 29 0.272495

19 29 0.280009

20 29 0.286418

21 29 0.291696

22 29 0.295823

23 29 0.298783

24 29 0.300563

25 29 0.301157

26 29 0.300563

27 29 0.298783

28 29 0.295823

29 29 0.291696

30 29 0.286418

31 29 0.280009

32 29 0.272495

33 29 0.263906

34 29 0.254276

35 29 0.243642

36 29 0.232046

37 29 0.219534

38 29 0.206156

39 29 0.191965

40 29 0.177016

41 29 0.161368

42 29 0.145084

43 29 0.128227

44 29 0.110863

45 29 0.0930628

46 29 0.0748948

47 29 0.0564313

48 29 0.037745

49 29 0.0189098

50 29 0

0 30 0

1 30 0.0185677

2 30 0.037062

3 30 0.0554102

4 30 0.0735396

5 30 0.0913788

6 30 0.108857

7 30 0.125906

8 30 0.142458

9 30 0.158448

10 30 0.173813

11 30 0.188491

12 30 0.202426

13 30 0.215562

14 30 0.227847

15 30 0.239233

16 30 0.249675

17 30 0.259131

18 30 0.267565

19 30 0.274942

20 30 0.281235

21 30 0.286418

22 30 0.29047

23 30 0.293376

24 30 0.295124

25 30 0.295708

26 30 0.295124

27 30 0.293376

28 30 0.29047

29 30 0.286418

30 30 0.281235

31 30 0.274942

32 30 0.267565

33 30 0.259131

34 30 0.249675

35 30 0.239233

36 30 0.227847

37 30 0.215562

38 30 0.202426

39 30 0.188491

40 30 0.173813

41 30 0.158448

42 30 0.142458

43 30 0.125906

44 30 0.108857

45 30 0.0913788

46 30 0.0735396

47 30 0.0554102

48 30 0.037062

49 30 0.0185677

50 30 0

0 31 0

1 31 0.0181522

2 31 0.0362328

3 31 0.0541703

4 31 0.0718941

5 31 0.0893342

6 31 0.106422

7 31 0.123089

8 31 0.139271

9 31 0.154903

10 31 0.169924

11 31 0.184274

12 31 0.197897

13 31 0.210739

14 31 0.222749

15 31 0.23388

16 31 0.244088

17 31 0.253333

18 31 0.261578

19 31 0.26879

20 31 0.274942

21 31 0.280009

22 31 0.283971

23 31 0.286812

24 31 0.288521

25 31 0.289091

26 31 0.288521

27 31 0.286812

28 31 0.283971

29 31 0.280009

30 31 0.274942

31 31 0.26879

32 31 0.261578

33 31 0.253333

34 31 0.244088

35 31 0.23388

36 31 0.222749

37 31 0.210739

38 31 0.197897

39 31 0.184274

40 31 0.169924

41 31 0.154903

42 31 0.139271

43 31 0.123089

44 31 0.106422

45 31 0.0893342

46 31 0.0718941

47 31 0.0541703

48 31 0.0362328

49 31 0.0181522

50 31 0

0 32 0

1 32 0.0176651

2 32 0.0352605

3 32 0.0527167

4 32 0.0699649

5 32 0.086937

6 32 0.103566

7 32 0.119786

8 32 0.135534

9 32 0.150746

10 32 0.165364

11 32 0.179329

12 32 0.192586

13 32 0.205084

14 32 0.216772

15 32 0.227604

16 32 0.237538

17 32 0.246535

18 32 0.254559

19 32 0.261578

20 32 0.267565

21 32 0.272495

22 32 0.276351

23 32 0.279116

24 32 0.280779

25 32 0.281334

26 32 0.280779

27 32 0.279116

28 32 0.276351

29 32 0.272495

30 32 0.267565

31 32 0.261578

32 32 0.254559

33 32 0.246535

34 32 0.237538

35 32 0.227604

36 32 0.216772

37 32 0.205084

38 32 0.192586

39 32 0.179329

40 32 0.165364

41 32 0.150746

42 32 0.135534

43 32 0.119786

44 32 0.103566

45 32 0.086937

46 32 0.0699649

47 32 0.0527167

48 32 0.0352605

49 32 0.0176651

50 32 0

0 33 0

1 33 0.0171083

2 33 0.0341491

3 33 0.0510551

4 33 0.0677596

5 33 0.0841967

6 33 0.100302

7 33 0.116011

8 33 0.131262

9 33 0.145995

10 33 0.160152

11 33 0.173677

12 33 0.186516

13 33 0.198619

14 33 0.209939

15 33 0.22043

16 33 0.230051

17 33 0.238764

18 33 0.246535

19 33 0.253333

20 33 0.259131

21 33 0.263906

22 33 0.26764

23 33 0.270318

24 33 0.271929

25 33 0.272466

26 33 0.271929

27 33 0.270318

28 33 0.26764

29 33 0.263906

30 33 0.259131

31 33 0.253333

32 33 0.246535

33 33 0.238764

34 33 0.230051

35 33 0.22043

36 33 0.209939

37 33 0.198619

38 33 0.186516

39 33 0.173677

40 33 0.160152

41 33 0.145995

42 33 0.131262

43 33 0.116011

44 33 0.100302

45 33 0.0841967

46 33 0.0677596

47 33 0.0510551

48 33 0.0341491

49 33 0.0171083

50 33 0

0 34 0

1 34 0.016484

2 34 0.0329029

3 34 0.049192

4 34 0.0652869

5 34 0.0811242

6 34 0.0966413

7 34 0.111777

8 34 0.126472

9 34 0.140667

10 34 0.154307

11 34 0.167339

12 34 0.17971

13 34 0.191371

14 34 0.202278

15 34 0.212386

16 34 0.221656

17 34 0.230051

18 34 0.237538

19 34 0.244088

20 34 0.249675

21 34 0.254276

22 34 0.257873

23 34 0.260453

24 34 0.262005

25 34 0.262523

26 34 0.262005

27 34 0.260453

28 34 0.257873

29 34 0.254276

30 34 0.249675

31 34 0.244088

32 34 0.237538

33 34 0.230051

34 34 0.221656

35 34 0.212386

36 34 0.202278

37 34 0.191371

38 34 0.17971

39 34 0.167339

40 34 0.154307

41 34 0.140667

42 34 0.126472

43 34 0.111777

44 34 0.0966413

45 34 0.0811242

46 34 0.0652869

47 34 0.049192

48 34 0.0329029

49 34 0.016484

50 34 0

0 35 0

1 35 0.0157946

2 35 0.0315269

3 35 0.0471347

4 35 0.0625565

5 35 0.0777314

6 35 0.0925996

7 35 0.107102

8 35 0.121182

9 35 0.134784

10 35 0.147854

11 35 0.16034

12 35 0.172194

13 35 0.183368

14 35 0.193818

15 35 0.203504

16 35 0.212386

17 35 0.22043

18 35 0.227604

19 35 0.23388

20 35 0.239233

21 35 0.243642

22 35 0.247089

23 35 0.249561

24 35 0.251048

25 35 0.251544

26 35 0.251048

27 35 0.249561

28 35 0.247089

29 35 0.243642

30 35 0.239233

31 35 0.23388

32 35 0.227604

33 35 0.22043

34 35 0.212386

35 35 0.203504

36 35 0.193818

37 35 0.183368

38 35 0.172194

39 35 0.16034

40 35 0.147854

41 35 0.134784

42 35 0.121182

43 35 0.107102

44 35 0.0925996

45 35 0.0777314

46 35 0.0625565

47 35 0.0471347

48 35 0.0315269

49 35 0.0157946

50 35 0

0 36 0

1 36 0.0150429

2 36 0.0300264

3 36 0.0448914

4 36 0.0595792

5 36 0.074032

6 36 0.0881925

7 36 0.102005

8 36 0.115415

9 36 0.128369

10 36 0.140817

11 36 0.152709

12 36 0.163999

13 36 0.174641

14 36 0.184594

15 36 0.193818

16 36 0.202278

17 36 0.209939

18 36 0.216772

19 36 0.222749

20 36 0.227847

21 36 0.232046

22 36 0.235329

23 36 0.237683

24 36 0.2391

25 36 0.239572

26 36 0.2391

27 36 0.237683

28 36 0.235329

29 36 0.232046

30 36 0.227847

31 36 0.222749

32 36 0.216772

33 36 0.209939

34 36 0.202278

35 36 0.193818

36 36 0.184594

37 36 0.174641

38 36 0.163999

39 36 0.152709

40 36 0.140817

41 36 0.128369

42 36 0.115415

43 36 0.102005

44 36 0.0881925

45 36 0.074032

46 36 0.0595792

47 36 0.0448914

48 36 0.0300264

49 36 0.0150429

50 36 0

0 37 0

1 37 0.0142318

2 37 0.0284074

3 37 0.0424709

4 37 0.0563668

5 37 0.0700403

6 37 0.0834373

7 37 0.0965051

8 37 0.109192

9 37 0.121448

10 37 0.133225

11 37 0.144475

12 37 0.155156

13 37 0.165224

14 37 0.174641

15 37 0.183368

16 37 0.191371

17 37 0.198619

18 37 0.205084

19 37 0.210739

20 37 0.215562

21 37 0.219534

22 37 0.22264

23 37 0.224868

24 37 0.226208

25 37 0.226655

26 37 0.226208

27 37 0.224868

28 37 0.22264

29 37 0.219534

30 37 0.215562

31 37 0.210739

32 37 0.205084

33 37 0.198619

34 37 0.191371

35 37 0.183368

36 37 0.174641

37 37 0.165224

38 37 0.155156

39 37 0.144475

40 37 0.133225

41 37 0.121448

42 37 0.109192

43 37 0.0965051

44 37 0.0834373

45 37 0.0700403

46 37 0.0563668

47 37 0.0424709

48 37 0.0284074

49 37 0.0142318

50 37 0

0 38 0

1 38 0.0133645

2 38 0.0266763

3 38 0.0398829

4 38 0.052932

5 38 0.0657722

6 38 0.0783529

7 38 0.0906243

8 38 0.102538

9 38 0.114047

10 38 0.125106

11 38 0.135671

12 38 0.145701

13 38 0.155156

14 38 0.163999

15 38 0.172194

16 38 0.17971

17 38 0.186516

18 38 0.192586

19 38 0.197897

20 38 0.202426

21 38 0.206156

22 38 0.209073

23 38 0.211165

24 38 0.212423

25 38 0.212843

26 38 0.212423

27 38 0.211165

28 38 0.209073

29 38 0.206156

30 38 0.202426

31 38 0.197897

32 38 0.192586

33 38 0.186516

34 38 0.17971

35 38 0.172194

36 38 0.163999

37 38 0.155156

38 38 0.145701

39 38 0.135671

40 38 0.125106

41 38 0.114047

42 38 0.102538

43 38 0.0906243

44 38 0.0783529

45 38 0.0657722

46 38 0.052932

47 38 0.0398829

48 38 0.0266763

49 38 0.0133645

50 38 0

0 39 0

1 39 0.0124446

2 39 0.02484

3 39 0.0371374

4 39 0.0492882

5 39 0.0612446

6 39 0.0729592

7 39 0.0843859

8 39 0.0954795

9 39 0.106196

10 39 0.116494

11 39 0.126332

12 39 0.135671

13 39 0.144475

14 39 0.152709

15 39 0.16034

16 39 0.167339

17 39 0.173677

18 39 0.179329

19 39 0.184274

20 39 0.188491

21 39 0.191965

22 39 0.194681

23 39 0.196629

24 39 0.1978

25 39 0.198192

26 39 0.1978

27 39 0.196629

28 39 0.194681

29 39 0.191965

30 39 0.188491

31 39 0.184274

32 39 0.179329

33 39 0.173677

34 39 0.167339

35 39 0.16034

36 39 0.152709

37 39 0.144475

38 39 0.135671

39 39 0.126332

40 39 0.116494

41 39 0.106196

42 39 0.0954795

43 39 0.0843859

44 39 0.0729592

45 39 0.0612446

46 39 0.0492882

47 39 0.0371374

48 39 0.02484

49 39 0.0124446

50 39 0

0 40 0

1 40 0.0114754

2 40 0.0229056

3 40 0.0342454

4 40 0.04545

5 40 0.0564752

6 40 0.0672776

7 40 0.0778144

8 40 0.0880441

9 40 0.0979264

10 40 0.107422

11 40 0.116494

12 40 0.125106

13 40 0.133225

14 40 0.140817

15 40 0.147854

16 40 0.154307

17 40 0.160152

18 40 0.165364

19 40 0.169924

20 40 0.173813

21 40 0.177016

22 40 0.17952

23 40 0.181316

24 40 0.182397

25 40 0.182758

26 40 0.182397

27 40 0.181316

28 40 0.17952

29 40 0.177016

30 40 0.173813

31 40 0.169924

32 40 0.165364

33 40 0.160152

34 40 0.154307

35 40 0.147854

36 40 0.140817

37 40 0.133225

38 40 0.125106

39 40 0.116494

40 40 0.107422

41 40 0.0979264

42 40 0.0880441

43 40 0.0778144

44 40 0.0672776

45 40 0.0564752

46 40 0.04545

47 40 0.0342454

48 40 0.0229056

49 40 0.0114754

50 40 0

0 41 0

1 41 0.010461

2 41 0.0208808

3 41 0.0312182

4 41 0.0414323

5 41 0.051483

6 41 0.0613304

7 41 0.0709358

8 41 0.0802613

9 41 0.08927

10 41 0.0979264

11 41 0.106196

12 41 0.114047

13 41 0.121448

14 41 0.128369

15 41 0.134784

16 41 0.140667

17 41 0.145995

18 41 0.150746

19 41 0.154903

20 41 0.158448

21 41 0.161368

22 41 0.163651

23 41 0.165289

24 41 0.166274

25 41 0.166602

26 41 0.166274

27 41 0.165289

28 41 0.163651

29 41 0.161368

30 41 0.158448

31 41 0.154903

32 41 0.150746

33 41 0.145995

34 41 0.140667

35 41 0.134784

36 41 0.128369

37 41 0.121448

38 41 0.114047

39 41 0.106196

40 41 0.0979264

41 41 0.08927

42 41 0.0802613

43 41 0.0709358

44 41 0.0613304

45 41 0.051483

46 41 0.0414323

47 41 0.0312182

48 41 0.0208808

49 41 0.010461

50 41 0

0 42 0

1 42 0.00940537

2 42 0.0187736

3 42 0.0280678

4 42 0.0372512

5 42 0.0462875

6 42 0.0551412

7 42 0.0637773

8 42 0.0721617

9 42 0.0802613

10 42 0.0880441

11 42 0.0954795

12 42 0.102538

13 42 0.109192

14 42 0.115415

15 42 0.121182

16 42 0.126472

17 42 0.131262

18 42 0.135534

19 42 0.139271

20 42 0.142458

21 42 0.145084

22 42 0.147136

23 42 0.148609

24 42 0.149494

25 42 0.14979

26 42 0.149494

27 42 0.148609

28 42 0.147136

29 42 0.145084

30 42 0.142458

31 42 0.139271

32 42 0.135534

33 42 0.131262

34 42 0.126472

35 42 0.121182

36 42 0.115415

37 42 0.109192

38 42 0.102538

39 42 0.0954795

40 42 0.0880441

41 42 0.0802613

42 42 0.0721617

43 42 0.0637773

44 42 0.0551412

45 42 0.0462875

46 42 0.0372512

47 42 0.0280678

48 42 0.0187736

49 42 0.00940537

50 42 0

0 43 0

1 43 0.00831257

2 43 0.0165923

3 43 0.0248066

4 43 0.032923

5 43 0.0409094

6 43 0.0487344

7 43 0.0563671

8 43 0.0637773

9 43 0.0709358

10 43 0.0778144

11 43 0.0843859

12 43 0.0906243

13 43 0.0965051

14 43 0.102005

15 43 0.107102

16 43 0.111777

17 43 0.116011

18 43 0.119786

19 43 0.123089

20 43 0.125906

21 43 0.128227

22 43 0.130041

23 43 0.131342

24 43 0.132125

25 43 0.132386

26 43 0.132125

27 43 0.131342

28 43 0.130041

29 43 0.128227

30 43 0.125906

31 43 0.123089

32 43 0.119786

33 43 0.116011

34 43 0.111777

35 43 0.107102

36 43 0.102005

37 43 0.0965051

38 43 0.0906243

39 43 0.0843859

40 43 0.0778144

41 43 0.0709358

42 43 0.0637773

43 43 0.0563671

44 43 0.0487344

45 43 0.0409094

46 43 0.032923

47 43 0.0248066

48 43 0.0165923

49 43 0.00831257

50 43 0

0 44 0

1 44 0.00718697

2 44 0.0143456

3 44 0.0214476

4 44 0.0284649

5 44 0.0353699

6 44 0.0421353

7 44 0.0487344

8 44 0.0551412

9 44 0.0613304

10 44 0.0672776

11 44 0.0729592

12 44 0.0783529

13 44 0.0834373

14 44 0.0881925

15 44 0.0925996

16 44 0.0966413

17 44 0.100302

18 44 0.103566

19 44 0.106422

20 44 0.108857

21 44 0.110863

22 44 0.112432

23 44 0.113557

24 44 0.114234

25 44 0.114459

26 44 0.114234

27 44 0.113557

28 44 0.112432

29 44 0.110863

30 44 0.108857

31 44 0.106422

32 44 0.103566

33 44 0.100302

34 44 0.0966413

35 44 0.0925996

36 44 0.0881925

37 44 0.0834373

38 44 0.0783529

39 44 0.0729592

40 44 0.0672776

41 44 0.0613304

42 44 0.0551412

43 44 0.0487344

44 44 0.0421353

45 44 0.0353699

46 44 0.0284649

47 44 0.0214476

48 44 0.0143456

49 44 0.00718697

50 44 0

0 45 0

1 45 0.006033

2 45 0.0120422

3 45 0.0180038

4 45 0.0238945

5 45 0.0296908

6 45 0.0353699

7 45 0.0409094

8 45 0.0462875

9 45 0.051483

10 45 0.0564752

11 45 0.0612446

12 45 0.0657722

13 45 0.0700403

14 45 0.074032

15 45 0.0777314

16 45 0.0811242

17 45 0.0841967

18 45 0.086937

19 45 0.0893342

20 45 0.0913788

21 45 0.0930628

22 45 0.0943795

23 45 0.0953237

24 45 0.0958918

25 45 0.0960814

26 45 0.0958918

27 45 0.0953237

28 45 0.0943795

29 45 0.0930628

30 45 0.0913788

31 45 0.0893342

32 45 0.086937

33 45 0.0841967

34 45 0.0811242

35 45 0.0777314

36 45 0.074032

37 45 0.0700403

38 45 0.0657722

39 45 0.0612446

40 45 0.0564752

41 45 0.051483

42 45 0.0462875

43 45 0.0409094

44 45 0.0353699

45 45 0.0296908

46 45 0.0238945

47 45 0.0180038

48 45 0.0120422

49 45 0.006033

50 45 0

0 46 0

1 46 0.00485522

2 46 0.00969128

3 46 0.0144891

4 46 0.0192297

5 46 0.0238945

6 46 0.0284649

7 46 0.032923

8 46 0.0372512

9 46 0.0414323

10 46 0.04545

11 46 0.0492882

12 46 0.052932

13 46 0.0563668

14 46 0.0595792

15 46 0.0625565

16 46 0.0652869

17 46 0.0677596

18 46 0.0699649

19 46 0.0718941

20 46 0.0735396

21 46 0.0748948

22 46 0.0759545

23 46 0.0767144

24 46 0.0771715

25 46 0.0773241

26 46 0.0771715

27 46 0.0767144

28 46 0.0759545

29 46 0.0748948

30 46 0.0735396

31 46 0.0718941

32 46 0.0699649

33 46 0.0677596

34 46 0.0652869

35 46 0.0625565

36 46 0.0595792

37 46 0.0563668

38 46 0.052932

39 46 0.0492882

40 46 0.04545

41 46 0.0414323

42 46 0.0372512

43 46 0.032923

44 46 0.0284649

45 46 0.0238945

46 46 0.0192297

47 46 0.0144891

48 46 0.00969128

49 46 0.00485522

50 46 0

0 47 0

1 47 0.00365828

2 47 0.00730213

3 47 0.0109172

4 47 0.0144891

5 47 0.0180038

6 47 0.0214476

7 47 0.0248066

8 47 0.0280678

9 47 0.0312182

10 47 0.0342454

11 47 0.0371374

12 47 0.0398829

13 47 0.0424709

14 47 0.0448914

15 47 0.0471347

16 47 0.049192

17 47 0.0510551

18 47 0.0527167

19 47 0.0541703

20 47 0.0554102

21 47 0.0564313

22 47 0.0572297

23 47 0.0578023

24 47 0.0581467

25 47 0.0582617

26 47 0.0581467

27 47 0.0578023

28 47 0.0572297

29 47 0.0564313

30 47 0.0554102

31 47 0.0541703

32 47 0.0527167

33 47 0.0510551

34 47 0.049192

35 47 0.0471347

36 47 0.0448914

37 47 0.0424709

38 47 0.0398829

39 47 0.0371374

40 47 0.0342454

41 47 0.0312182

42 47 0.0280678

43 47 0.0248066

44 47 0.0214476

45 47 0.0180038

46 47 0.0144891

47 47 0.0109172

48 47 0.00730213

49 47 0.00365828

50 47 0

0 48 0

1 48 0.0024469

2 48 0.00488415

3 48 0.00730213

4 48 0.00969128

5 48 0.0120422

6 48 0.0143456

7 48 0.0165923

8 48 0.0187736

9 48 0.0208808

10 48 0.0229056

11 48 0.02484

12 48 0.0266763

13 48 0.0284074

14 48 0.0300264

15 48 0.0315269

16 48 0.0329029

17 48 0.0341491

18 48 0.0352605

19 48 0.0362328

20 48 0.037062

21 48 0.037745

22 48 0.0382791

23 48 0.038662

24 48 0.0388924

25 48 0.0389693

26 48 0.0388924

27 48 0.038662

28 48 0.0382791

29 48 0.037745

30 48 0.037062

31 48 0.0362328

32 48 0.0352605

33 48 0.0341491

34 48 0.0329029

35 48 0.0315269

36 48 0.0300264

37 48 0.0284074

38 48 0.0266763

39 48 0.02484

40 48 0.0229056

41 48 0.0208808

42 48 0.0187736

43 48 0.0165923

44 48 0.0143456

45 48 0.0120422

46 48 0.00969128

47 48 0.00730213

48 48 0.00488415

49 48 0.0024469

50 48 0

0 49 0

1 49 0.00122587

2 49 0.0024469

3 49 0.00365828

4 49 0.00485522

5 49 0.006033

6 49 0.00718697

7 49 0.00831257

8 49 0.00940537

9 49 0.010461

10 49 0.0114754

11 49 0.0124446

12 49 0.0133645

13 49 0.0142318

14 49 0.0150429

15 49 0.0157946

16 49 0.016484

17 49 0.0171083

18 49 0.0176651

19 49 0.0181522

20 49 0.0185677

21 49 0.0189098

22 49 0.0191774

23 49 0.0193692

24 49 0.0194847

25 49 0.0195232

26 49 0.0194847

27 49 0.0193692

28 49 0.0191774

29 49 0.0189098

30 49 0.0185677

31 49 0.0181522

32 49 0.0176651

33 49 0.0171083

34 49 0.016484

35 49 0.0157946

36 49 0.0150429

37 49 0.0142318

38 49 0.0133645

39 49 0.0124446

40 49 0.0114754

41 49 0.010461

42 49 0.00940537

43 49 0.00831257

44 49 0.00718697

45 49 0.006033

46 49 0.00485522

47 49 0.00365828

48 49 0.0024469

49 49 0.00122587

50 49 0

